"2008.amta-papers.16","P11-2038","0.611111"
"P11-2038","2008.amta-papers.16","0.611111"
"2008.amta-papers.16","W09-3815","1.5"
"W09-3815","2008.amta-papers.16","1.5"
"P11-2038","W09-3815","0.916667"
"W09-3815","P11-2038","0.916667"
"2008.amta-papers.16","2013.iwslt-papers.14","0.172619"
"2013.iwslt-papers.14","2008.amta-papers.16","0.172619"
"2008.amta-papers.16","2016.amta-researchers.14","0.125"
"2016.amta-researchers.14","2008.amta-papers.16","0.125"
"2008.amta-papers.16","drexler-etal-2014-wikipedia","0.172619"
"drexler-etal-2014-wikipedia","2008.amta-papers.16","0.172619"
"2008.amta-papers.16","Q13-1014","0.422619"
"Q13-1014","2008.amta-papers.16","0.422619"
"2008.amta-papers.16","W11-2160","0.486111"
"W11-2160","2008.amta-papers.16","0.486111"
"2008.amta-papers.16","W12-3134","0.125"
"W12-3134","2008.amta-papers.16","0.125"
"2008.amta-papers.16","W12-3152","0.875"
"W12-3152","2008.amta-papers.16","0.875"
"2008.amta-papers.16","W13-2226","1.73611"
"W13-2226","2008.amta-papers.16","1.73611"
"2013.iwslt-papers.14","2016.amta-researchers.14","0.215909"
"2016.amta-researchers.14","2013.iwslt-papers.14","0.215909"
"2013.iwslt-papers.14","drexler-etal-2014-wikipedia","0.596861"
"drexler-etal-2014-wikipedia","2013.iwslt-papers.14","0.596861"
"2013.iwslt-papers.14","Q13-1014","0.172619"
"Q13-1014","2013.iwslt-papers.14","0.172619"
"2013.iwslt-papers.14","W11-2160","0.125"
"W11-2160","2013.iwslt-papers.14","0.125"
"2013.iwslt-papers.14","W12-3134","0.125"
"W12-3134","2013.iwslt-papers.14","0.125"
"2013.iwslt-papers.14","W12-3152","1.71591"
"W12-3152","2013.iwslt-papers.14","1.71591"
"2013.iwslt-papers.14","W13-2226","0.549242"
"W13-2226","2013.iwslt-papers.14","0.549242"
"2016.amta-researchers.14","drexler-etal-2014-wikipedia","0.215909"
"drexler-etal-2014-wikipedia","2016.amta-researchers.14","0.215909"
"2016.amta-researchers.14","Q13-1014","0.125"
"Q13-1014","2016.amta-researchers.14","0.125"
"2016.amta-researchers.14","W11-2160","0.125"
"W11-2160","2016.amta-researchers.14","0.125"
"2016.amta-researchers.14","W12-3134","0.125"
"W12-3134","2016.amta-researchers.14","0.125"
"2016.amta-researchers.14","W12-3152","0.215909"
"W12-3152","2016.amta-researchers.14","0.215909"
"2016.amta-researchers.14","W13-2226","1.21591"
"W13-2226","2016.amta-researchers.14","1.21591"
"drexler-etal-2014-wikipedia","Q13-1014","0.172619"
"Q13-1014","drexler-etal-2014-wikipedia","0.172619"
"drexler-etal-2014-wikipedia","W11-2160","0.125"
"W11-2160","drexler-etal-2014-wikipedia","0.125"
"drexler-etal-2014-wikipedia","W12-3134","0.378968"
"W12-3134","drexler-etal-2014-wikipedia","0.378968"
"drexler-etal-2014-wikipedia","W12-3152","0.358766"
"W12-3152","drexler-etal-2014-wikipedia","0.358766"
"drexler-etal-2014-wikipedia","W13-2226","0.969877"
"W13-2226","drexler-etal-2014-wikipedia","0.969877"
"Q13-1014","W11-2160","1.125"
"W11-2160","Q13-1014","1.125"
"Q13-1014","W12-3134","0.625"
"W12-3134","Q13-1014","0.625"
"Q13-1014","W12-3152","0.965909"
"W12-3152","Q13-1014","0.965909"
"Q13-1014","W13-2226","1.70833"
"W13-2226","Q13-1014","1.70833"
"W11-2160","W12-3134","1.125"
"W12-3134","W11-2160","1.125"
"W11-2160","W12-3152","2.125"
"W12-3152","W11-2160","2.125"
"W11-2160","W13-2226","1.73611"
"W13-2226","W11-2160","1.73611"
"W12-3134","W12-3152","0.767857"
"W12-3152","W12-3134","0.767857"
"W12-3134","W13-2226","3.87897"
"W13-2226","W12-3134","3.87897"
"W12-3152","W13-2226","2.10877"
"W13-2226","W12-3152","2.10877"
"2008.amta-papers.16","W10-1406","2.11111"
"W10-1406","2008.amta-papers.16","2.11111"
"2008.amta-papers.16","W12-1904","1.11111"
"W12-1904","2008.amta-papers.16","1.11111"
"W10-1406","W12-1904","2.27778"
"W12-1904","W10-1406","2.27778"
"2008.amta-papers.16","N18-1119","0.25"
"N18-1119","2008.amta-papers.16","0.25"
"N18-1119","Q13-1014","0.25"
"Q13-1014","N18-1119","0.25"
"N18-1119","W11-2160","0.25"
"W11-2160","N18-1119","0.25"
"N18-1119","W12-3152","0.25"
"W12-3152","N18-1119","0.25"
"2008.amta-papers.16","2020.emnlp-main.8","0.047619"
"2020.emnlp-main.8","2008.amta-papers.16","0.047619"
"2008.amta-papers.16","2020.eval4nlp-1.7","0.047619"
"2020.eval4nlp-1.7","2008.amta-papers.16","0.047619"
"2008.amta-papers.16","2020.findings-emnlp.82","0.15873"
"2020.findings-emnlp.82","2008.amta-papers.16","0.15873"
"2008.amta-papers.16","2020.lrec-1.325","0.047619"
"2020.lrec-1.325","2008.amta-papers.16","0.047619"
"2008.amta-papers.16","2020.tacl-1.4","0.047619"
"2020.tacl-1.4","2008.amta-papers.16","0.047619"
"2008.amta-papers.16","2020.wmt-1.67","0.047619"
"2020.wmt-1.67","2008.amta-papers.16","0.047619"
"2008.amta-papers.16","2020.wmt-1.98","0.047619"
"2020.wmt-1.98","2008.amta-papers.16","0.047619"
"2008.amta-papers.16","I17-2062","0.047619"
"I17-2062","2008.amta-papers.16","0.047619"
"2008.amta-papers.16","N19-1090","0.047619"
"N19-1090","2008.amta-papers.16","0.047619"
"2008.amta-papers.16","P15-2097","0.047619"
"P15-2097","2008.amta-papers.16","0.047619"
"2008.amta-papers.16","Q16-1013","0.047619"
"Q16-1013","2008.amta-papers.16","0.047619"
"2008.amta-papers.16","W14-3301","0.047619"
"W14-3301","2008.amta-papers.16","0.047619"
"2008.amta-papers.16","W14-3302","0.047619"
"W14-3302","2008.amta-papers.16","0.047619"
"2008.amta-papers.16","W15-3001","0.047619"
"W15-3001","2008.amta-papers.16","0.047619"
"2008.amta-papers.16","W16-2301","0.047619"
"W16-2301","2008.amta-papers.16","0.047619"
"2008.amta-papers.16","W17-4717","0.047619"
"W17-4717","2008.amta-papers.16","0.047619"
"2008.amta-papers.16","W18-6319","0.047619"
"W18-6319","2008.amta-papers.16","0.047619"
"2008.amta-papers.16","W19-5301","0.047619"
"W19-5301","2008.amta-papers.16","0.047619"
"2013.iwslt-papers.14","2020.emnlp-main.8","0.138528"
"2020.emnlp-main.8","2013.iwslt-papers.14","0.138528"
"2013.iwslt-papers.14","2020.eval4nlp-1.7","0.138528"
"2020.eval4nlp-1.7","2013.iwslt-papers.14","0.138528"
"2013.iwslt-papers.14","2020.findings-emnlp.82","0.047619"
"2020.findings-emnlp.82","2013.iwslt-papers.14","0.047619"
"2013.iwslt-papers.14","2020.lrec-1.325","0.380952"
"2020.lrec-1.325","2013.iwslt-papers.14","0.380952"
"2013.iwslt-papers.14","2020.tacl-1.4","0.047619"
"2020.tacl-1.4","2013.iwslt-papers.14","0.047619"
"2013.iwslt-papers.14","2020.wmt-1.67","0.138528"
"2020.wmt-1.67","2013.iwslt-papers.14","0.138528"
"2013.iwslt-papers.14","2020.wmt-1.98","0.047619"
"2020.wmt-1.98","2013.iwslt-papers.14","0.047619"
"2013.iwslt-papers.14","I17-2062","0.047619"
"I17-2062","2013.iwslt-papers.14","0.047619"
"2013.iwslt-papers.14","N19-1090","0.047619"
"N19-1090","2013.iwslt-papers.14","0.047619"
"2013.iwslt-papers.14","P15-2097","0.047619"
"P15-2097","2013.iwslt-papers.14","0.047619"
"2013.iwslt-papers.14","Q16-1013","0.047619"
"Q16-1013","2013.iwslt-papers.14","0.047619"
"2013.iwslt-papers.14","W14-3301","0.047619"
"W14-3301","2013.iwslt-papers.14","0.047619"
"2013.iwslt-papers.14","W14-3302","0.047619"
"W14-3302","2013.iwslt-papers.14","0.047619"
"2013.iwslt-papers.14","W15-3001","0.138528"
"W15-3001","2013.iwslt-papers.14","0.138528"
"2013.iwslt-papers.14","W16-2301","0.047619"
"W16-2301","2013.iwslt-papers.14","0.047619"
"2013.iwslt-papers.14","W17-4717","0.047619"
"W17-4717","2013.iwslt-papers.14","0.047619"
"2013.iwslt-papers.14","W18-6319","0.047619"
"W18-6319","2013.iwslt-papers.14","0.047619"
"2013.iwslt-papers.14","W19-5301","0.047619"
"W19-5301","2013.iwslt-papers.14","0.047619"
"2020.emnlp-main.8","2020.eval4nlp-1.7","0.471861"
"2020.eval4nlp-1.7","2020.emnlp-main.8","0.471861"
"2020.emnlp-main.8","2020.findings-emnlp.82","5.00714"
"2020.findings-emnlp.82","2020.emnlp-main.8","5.00714"
"2020.emnlp-main.8","2020.lrec-1.325","2.94048"
"2020.lrec-1.325","2020.emnlp-main.8","2.94048"
"2020.emnlp-main.8","2020.tacl-1.4","1.44048"
"2020.tacl-1.4","2020.emnlp-main.8","1.44048"
"2020.emnlp-main.8","2020.wmt-1.67","9.95519"
"2020.wmt-1.67","2020.emnlp-main.8","9.95519"
"2020.emnlp-main.8","2020.wmt-1.98","5.52381"
"2020.wmt-1.98","2020.emnlp-main.8","5.52381"
"2020.emnlp-main.8","drexler-etal-2014-wikipedia","0.138528"
"drexler-etal-2014-wikipedia","2020.emnlp-main.8","0.138528"
"2020.emnlp-main.8","I17-2062","0.047619"
"I17-2062","2020.emnlp-main.8","0.047619"
"2020.emnlp-main.8","N19-1090","0.640476"
"N19-1090","2020.emnlp-main.8","0.640476"
"2020.emnlp-main.8","P15-2097","0.047619"
"P15-2097","2020.emnlp-main.8","0.047619"
"2020.emnlp-main.8","Q13-1014","0.547619"
"Q13-1014","2020.emnlp-main.8","0.547619"
"2020.emnlp-main.8","Q16-1013","0.247619"
"Q16-1013","2020.emnlp-main.8","0.247619"
"2020.emnlp-main.8","W14-3301","0.047619"
"W14-3301","2020.emnlp-main.8","0.047619"
"2020.emnlp-main.8","W14-3302","1.04762"
"W14-3302","2020.emnlp-main.8","1.04762"
"2020.emnlp-main.8","W15-3001","0.805195"
"W15-3001","2020.emnlp-main.8","0.805195"
"2020.emnlp-main.8","W16-2301","0.414286"
"W16-2301","2020.emnlp-main.8","0.414286"
"2020.emnlp-main.8","W17-4717","0.414286"
"W17-4717","2020.emnlp-main.8","0.414286"
"2020.emnlp-main.8","W18-6319","0.047619"
"W18-6319","2020.emnlp-main.8","0.047619"
"2020.emnlp-main.8","W19-5301","0.380952"
"W19-5301","2020.emnlp-main.8","0.380952"
"2020.eval4nlp-1.7","2020.findings-emnlp.82","0.047619"
"2020.findings-emnlp.82","2020.eval4nlp-1.7","0.047619"
"2020.eval4nlp-1.7","2020.lrec-1.325","0.380952"
"2020.lrec-1.325","2020.eval4nlp-1.7","0.380952"
"2020.eval4nlp-1.7","2020.tacl-1.4","0.047619"
"2020.tacl-1.4","2020.eval4nlp-1.7","0.047619"
"2020.eval4nlp-1.7","2020.wmt-1.67","0.638528"
"2020.wmt-1.67","2020.eval4nlp-1.7","0.638528"
"2020.eval4nlp-1.7","2020.wmt-1.98","0.047619"
"2020.wmt-1.98","2020.eval4nlp-1.7","0.047619"
"2020.eval4nlp-1.7","drexler-etal-2014-wikipedia","0.138528"
"drexler-etal-2014-wikipedia","2020.eval4nlp-1.7","0.138528"
"2020.eval4nlp-1.7","I17-2062","0.047619"
"I17-2062","2020.eval4nlp-1.7","0.047619"
"2020.eval4nlp-1.7","N19-1090","0.047619"
"N19-1090","2020.eval4nlp-1.7","0.047619"
"2020.eval4nlp-1.7","P15-2097","0.047619"
"P15-2097","2020.eval4nlp-1.7","0.047619"
"2020.eval4nlp-1.7","Q13-1014","0.047619"
"Q13-1014","2020.eval4nlp-1.7","0.047619"
"2020.eval4nlp-1.7","Q16-1013","0.047619"
"Q16-1013","2020.eval4nlp-1.7","0.047619"
"2020.eval4nlp-1.7","W14-3301","0.047619"
"W14-3301","2020.eval4nlp-1.7","0.047619"
"2020.eval4nlp-1.7","W14-3302","0.047619"
"W14-3302","2020.eval4nlp-1.7","0.047619"
"2020.eval4nlp-1.7","W15-3001","0.138528"
"W15-3001","2020.eval4nlp-1.7","0.138528"
"2020.eval4nlp-1.7","W16-2301","0.047619"
"W16-2301","2020.eval4nlp-1.7","0.047619"
"2020.eval4nlp-1.7","W17-4717","0.047619"
"W17-4717","2020.eval4nlp-1.7","0.047619"
"2020.eval4nlp-1.7","W18-6319","0.047619"
"W18-6319","2020.eval4nlp-1.7","0.047619"
"2020.eval4nlp-1.7","W19-5301","0.047619"
"W19-5301","2020.eval4nlp-1.7","0.047619"
"2020.findings-emnlp.82","2020.lrec-1.325","0.440476"
"2020.lrec-1.325","2020.findings-emnlp.82","0.440476"
"2020.findings-emnlp.82","2020.tacl-1.4","0.190476"
"2020.tacl-1.4","2020.findings-emnlp.82","0.190476"
"2020.findings-emnlp.82","2020.wmt-1.67","3.11429"
"2020.wmt-1.67","2020.findings-emnlp.82","3.11429"
"2020.findings-emnlp.82","2020.wmt-1.98","2.60714"
"2020.wmt-1.98","2020.findings-emnlp.82","2.60714"
"2020.findings-emnlp.82","drexler-etal-2014-wikipedia","0.047619"
"drexler-etal-2014-wikipedia","2020.findings-emnlp.82","0.047619"
"2020.findings-emnlp.82","I17-2062","0.047619"
"I17-2062","2020.findings-emnlp.82","0.047619"
"2020.findings-emnlp.82","N19-1090","2.30714"
"N19-1090","2020.findings-emnlp.82","2.30714"
"2020.findings-emnlp.82","P15-2097","0.047619"
"P15-2097","2020.findings-emnlp.82","0.047619"
"2020.findings-emnlp.82","Q13-1014","0.380952"
"Q13-1014","2020.findings-emnlp.82","0.380952"
"2020.findings-emnlp.82","Q16-1013","0.047619"
"Q16-1013","2020.findings-emnlp.82","0.047619"
"2020.findings-emnlp.82","W14-3301","0.047619"
"W14-3301","2020.findings-emnlp.82","0.047619"
"2020.findings-emnlp.82","W14-3302","0.047619"
"W14-3302","2020.findings-emnlp.82","0.047619"
"2020.findings-emnlp.82","W15-3001","0.047619"
"W15-3001","2020.findings-emnlp.82","0.047619"
"2020.findings-emnlp.82","W16-2301","0.297619"
"W16-2301","2020.findings-emnlp.82","0.297619"
"2020.findings-emnlp.82","W17-4717","0.297619"
"W17-4717","2020.findings-emnlp.82","0.297619"
"2020.findings-emnlp.82","W18-6319","0.047619"
"W18-6319","2020.findings-emnlp.82","0.047619"
"2020.findings-emnlp.82","W19-5301","0.714286"
"W19-5301","2020.findings-emnlp.82","0.714286"
"2020.lrec-1.325","2020.tacl-1.4","0.748052"
"2020.tacl-1.4","2020.lrec-1.325","0.748052"
"2020.lrec-1.325","2020.wmt-1.67","0.797619"
"2020.wmt-1.67","2020.lrec-1.325","0.797619"
"2020.lrec-1.325","2020.wmt-1.98","0.190476"
"2020.wmt-1.98","2020.lrec-1.325","0.190476"
"2020.lrec-1.325","drexler-etal-2014-wikipedia","0.380952"
"drexler-etal-2014-wikipedia","2020.lrec-1.325","0.380952"
"2020.lrec-1.325","I17-2062","0.138528"
"I17-2062","2020.lrec-1.325","0.138528"
"2020.lrec-1.325","N19-1090","0.781385"
"N19-1090","2020.lrec-1.325","0.781385"
"2020.lrec-1.325","P15-2097","0.047619"
"P15-2097","2020.lrec-1.325","0.047619"
"2020.lrec-1.325","Q13-1014","0.047619"
"Q13-1014","2020.lrec-1.325","0.047619"
"2020.lrec-1.325","Q16-1013","0.047619"
"Q16-1013","2020.lrec-1.325","0.047619"
"2020.lrec-1.325","W14-3301","0.047619"
"W14-3301","2020.lrec-1.325","0.047619"
"2020.lrec-1.325","W14-3302","0.047619"
"W14-3302","2020.lrec-1.325","0.047619"
"2020.lrec-1.325","W15-3001","0.047619"
"W15-3001","2020.lrec-1.325","0.047619"
"2020.lrec-1.325","W16-2301","0.147619"
"W16-2301","2020.lrec-1.325","0.147619"
"2020.lrec-1.325","W17-4717","0.047619"
"W17-4717","2020.lrec-1.325","0.047619"
"2020.lrec-1.325","W18-6319","0.238528"
"W18-6319","2020.lrec-1.325","0.238528"
"2020.lrec-1.325","W19-5301","0.147619"
"W19-5301","2020.lrec-1.325","0.147619"
"2020.tacl-1.4","2020.wmt-1.67","0.047619"
"2020.wmt-1.67","2020.tacl-1.4","0.047619"
"2020.tacl-1.4","2020.wmt-1.98","0.190476"
"2020.wmt-1.98","2020.tacl-1.4","0.190476"
"2020.tacl-1.4","drexler-etal-2014-wikipedia","0.047619"
"drexler-etal-2014-wikipedia","2020.tacl-1.4","0.047619"
"2020.tacl-1.4","I17-2062","0.138528"
"I17-2062","2020.tacl-1.4","0.138528"
"2020.tacl-1.4","N19-1090","0.281385"
"N19-1090","2020.tacl-1.4","0.281385"
"2020.tacl-1.4","P15-2097","0.047619"
"P15-2097","2020.tacl-1.4","0.047619"
"2020.tacl-1.4","Q13-1014","0.047619"
"Q13-1014","2020.tacl-1.4","0.047619"
"2020.tacl-1.4","Q16-1013","0.047619"
"Q16-1013","2020.tacl-1.4","0.047619"
"2020.tacl-1.4","W14-3301","0.047619"
"W14-3301","2020.tacl-1.4","0.047619"
"2020.tacl-1.4","W14-3302","0.047619"
"W14-3302","2020.tacl-1.4","0.047619"
"2020.tacl-1.4","W15-3001","0.047619"
"W15-3001","2020.tacl-1.4","0.047619"
"2020.tacl-1.4","W16-2301","0.147619"
"W16-2301","2020.tacl-1.4","0.147619"
"2020.tacl-1.4","W17-4717","1.04762"
"W17-4717","2020.tacl-1.4","1.04762"
"2020.tacl-1.4","W18-6319","1.23853"
"W18-6319","2020.tacl-1.4","1.23853"
"2020.tacl-1.4","W19-5301","0.147619"
"W19-5301","2020.tacl-1.4","0.147619"
"2020.wmt-1.67","2020.wmt-1.98","0.547619"
"2020.wmt-1.98","2020.wmt-1.67","0.547619"
"2020.wmt-1.67","drexler-etal-2014-wikipedia","0.138528"
"drexler-etal-2014-wikipedia","2020.wmt-1.67","0.138528"
"2020.wmt-1.67","I17-2062","0.047619"
"I17-2062","2020.wmt-1.67","0.047619"
"2020.wmt-1.67","N19-1090","1.66429"
"N19-1090","2020.wmt-1.67","1.66429"
"2020.wmt-1.67","P15-2097","0.047619"
"P15-2097","2020.wmt-1.67","0.047619"
"2020.wmt-1.67","Q13-1014","0.047619"
"Q13-1014","2020.wmt-1.67","0.047619"
"2020.wmt-1.67","Q16-1013","0.047619"
"Q16-1013","2020.wmt-1.67","0.047619"
"2020.wmt-1.67","W14-3301","0.047619"
"W14-3301","2020.wmt-1.67","0.047619"
"2020.wmt-1.67","W14-3302","0.047619"
"W14-3302","2020.wmt-1.67","0.047619"
"2020.wmt-1.67","W15-3001","0.138528"
"W15-3001","2020.wmt-1.67","0.138528"
"2020.wmt-1.67","W16-2301","1.04762"
"W16-2301","2020.wmt-1.67","1.04762"
"2020.wmt-1.67","W17-4717","0.047619"
"W17-4717","2020.wmt-1.67","0.047619"
"2020.wmt-1.67","W18-6319","0.047619"
"W18-6319","2020.wmt-1.67","0.047619"
"2020.wmt-1.67","W19-5301","0.047619"
"W19-5301","2020.wmt-1.67","0.047619"
"2020.wmt-1.98","drexler-etal-2014-wikipedia","0.047619"
"drexler-etal-2014-wikipedia","2020.wmt-1.98","0.047619"
"2020.wmt-1.98","I17-2062","0.047619"
"I17-2062","2020.wmt-1.98","0.047619"
"2020.wmt-1.98","N19-1090","0.190476"
"N19-1090","2020.wmt-1.98","0.190476"
"2020.wmt-1.98","P15-2097","0.047619"
"P15-2097","2020.wmt-1.98","0.047619"
"2020.wmt-1.98","Q13-1014","0.380952"
"Q13-1014","2020.wmt-1.98","0.380952"
"2020.wmt-1.98","Q16-1013","0.047619"
"Q16-1013","2020.wmt-1.98","0.047619"
"2020.wmt-1.98","W14-3301","0.047619"
"W14-3301","2020.wmt-1.98","0.047619"
"2020.wmt-1.98","W14-3302","0.047619"
"W14-3302","2020.wmt-1.98","0.047619"
"2020.wmt-1.98","W15-3001","0.547619"
"W15-3001","2020.wmt-1.98","0.547619"
"2020.wmt-1.98","W16-2301","0.297619"
"W16-2301","2020.wmt-1.98","0.297619"
"2020.wmt-1.98","W17-4717","0.297619"
"W17-4717","2020.wmt-1.98","0.297619"
"2020.wmt-1.98","W18-6319","0.047619"
"W18-6319","2020.wmt-1.98","0.047619"
"2020.wmt-1.98","W19-5301","0.380952"
"W19-5301","2020.wmt-1.98","0.380952"
"drexler-etal-2014-wikipedia","I17-2062","0.190476"
"I17-2062","drexler-etal-2014-wikipedia","0.190476"
"drexler-etal-2014-wikipedia","N19-1090","0.047619"
"N19-1090","drexler-etal-2014-wikipedia","0.047619"
"drexler-etal-2014-wikipedia","P15-2097","0.047619"
"P15-2097","drexler-etal-2014-wikipedia","0.047619"
"drexler-etal-2014-wikipedia","Q16-1013","0.047619"
"Q16-1013","drexler-etal-2014-wikipedia","0.047619"
"drexler-etal-2014-wikipedia","W14-3301","0.047619"
"W14-3301","drexler-etal-2014-wikipedia","0.047619"
"drexler-etal-2014-wikipedia","W14-3302","0.047619"
"W14-3302","drexler-etal-2014-wikipedia","0.047619"
"drexler-etal-2014-wikipedia","W15-3001","0.392496"
"W15-3001","drexler-etal-2014-wikipedia","0.392496"
"drexler-etal-2014-wikipedia","W16-2301","0.301587"
"W16-2301","drexler-etal-2014-wikipedia","0.301587"
"drexler-etal-2014-wikipedia","W17-4717","0.301587"
"W17-4717","drexler-etal-2014-wikipedia","0.301587"
"drexler-etal-2014-wikipedia","W18-6319","0.547619"
"W18-6319","drexler-etal-2014-wikipedia","0.547619"
"drexler-etal-2014-wikipedia","W19-5301","0.047619"
"W19-5301","drexler-etal-2014-wikipedia","0.047619"
"I17-2062","N19-1090","0.138528"
"N19-1090","I17-2062","0.138528"
"I17-2062","P15-2097","0.297619"
"P15-2097","I17-2062","0.297619"
"I17-2062","Q13-1014","0.047619"
"Q13-1014","I17-2062","0.047619"
"I17-2062","Q16-1013","2.29762"
"Q16-1013","I17-2062","2.29762"
"I17-2062","W14-3301","0.047619"
"W14-3301","I17-2062","0.047619"
"I17-2062","W14-3302","0.297619"
"W14-3302","I17-2062","0.297619"
"I17-2062","W15-3001","0.190476"
"W15-3001","I17-2062","0.190476"
"I17-2062","W16-2301","0.190476"
"W16-2301","I17-2062","0.190476"
"I17-2062","W17-4717","0.940476"
"W17-4717","I17-2062","0.940476"
"I17-2062","W18-6319","0.138528"
"W18-6319","I17-2062","0.138528"
"I17-2062","W19-5301","0.047619"
"W19-5301","I17-2062","0.047619"
"N19-1090","P15-2097","0.047619"
"P15-2097","N19-1090","0.047619"
"N19-1090","Q13-1014","0.138528"
"Q13-1014","N19-1090","0.138528"
"N19-1090","Q16-1013","0.047619"
"Q16-1013","N19-1090","0.047619"
"N19-1090","W14-3301","0.047619"
"W14-3301","N19-1090","0.047619"
"N19-1090","W14-3302","0.047619"
"W14-3302","N19-1090","0.047619"
"N19-1090","W15-3001","0.138528"
"W15-3001","N19-1090","0.138528"
"N19-1090","W16-2301","0.138528"
"W16-2301","N19-1090","0.138528"
"N19-1090","W17-4717","0.138528"
"W17-4717","N19-1090","0.138528"
"N19-1090","W18-6319","0.229437"
"W18-6319","N19-1090","0.229437"
"N19-1090","W19-5301","0.380952"
"W19-5301","N19-1090","0.380952"
"P15-2097","Q13-1014","0.047619"
"Q13-1014","P15-2097","0.047619"
"P15-2097","Q16-1013","7.79762"
"Q16-1013","P15-2097","7.79762"
"P15-2097","W14-3301","0.047619"
"W14-3301","P15-2097","0.047619"
"P15-2097","W14-3302","0.297619"
"W14-3302","P15-2097","0.297619"
"P15-2097","W15-3001","1.04762"
"W15-3001","P15-2097","1.04762"
"P15-2097","W16-2301","0.047619"
"W16-2301","P15-2097","0.047619"
"P15-2097","W17-4717","0.297619"
"W17-4717","P15-2097","0.297619"
"P15-2097","W18-6319","0.047619"
"W18-6319","P15-2097","0.047619"
"P15-2097","W19-5301","0.047619"
"W19-5301","P15-2097","0.047619"
"Q13-1014","Q16-1013","0.297619"
"Q16-1013","Q13-1014","0.297619"
"Q13-1014","W14-3301","1.00595"
"W14-3301","Q13-1014","1.00595"
"Q13-1014","W14-3302","1.20595"
"W14-3302","Q13-1014","1.20595"
"Q13-1014","W15-3001","2.41353"
"W15-3001","Q13-1014","2.41353"
"Q13-1014","W16-2301","1.66353"
"W16-2301","Q13-1014","1.66353"
"Q13-1014","W17-4717","0.463528"
"W17-4717","Q13-1014","0.463528"
"Q13-1014","W18-6319","0.138528"
"W18-6319","Q13-1014","0.138528"
"Q13-1014","W19-5301","0.172619"
"W19-5301","Q13-1014","0.172619"
"Q16-1013","W14-3301","0.297619"
"W14-3301","Q16-1013","0.297619"
"Q16-1013","W14-3302","0.547619"
"W14-3302","Q16-1013","0.547619"
"Q16-1013","W15-3001","0.047619"
"W15-3001","Q16-1013","0.047619"
"Q16-1013","W16-2301","0.247619"
"W16-2301","Q16-1013","0.247619"
"Q16-1013","W17-4717","0.497619"
"W17-4717","Q16-1013","0.497619"
"Q16-1013","W18-6319","0.047619"
"W18-6319","Q16-1013","0.047619"
"Q16-1013","W19-5301","0.047619"
"W19-5301","Q16-1013","0.047619"
"W14-3301","W14-3302","2.33929"
"W14-3302","W14-3301","2.33929"
"W14-3301","W15-3001","0.505952"
"W15-3001","W14-3301","0.505952"
"W14-3301","W16-2301","0.755952"
"W16-2301","W14-3301","0.755952"
"W14-3301","W17-4717","0.172619"
"W17-4717","W14-3301","0.172619"
"W14-3301","W18-6319","0.047619"
"W18-6319","W14-3301","0.047619"
"W14-3301","W19-5301","0.172619"
"W19-5301","W14-3301","0.172619"
"W14-3302","W15-3001","4.60833"
"W15-3001","W14-3302","4.60833"
"W14-3302","W16-2301","2.275"
"W16-2301","W14-3302","2.275"
"W14-3302","W17-4717","1.825"
"W17-4717","W14-3302","1.825"
"W14-3302","W18-6319","0.047619"
"W18-6319","W14-3302","0.047619"
"W14-3302","W19-5301","0.458333"
"W19-5301","W14-3302","0.458333"
"W15-3001","W16-2301","15.9865"
"W16-2301","W15-3001","15.9865"
"W15-3001","W17-4717","4.28654"
"W17-4717","W15-3001","4.28654"
"W15-3001","W18-6319","0.138528"
"W18-6319","W15-3001","0.138528"
"W15-3001","W19-5301","0.458333"
"W19-5301","W15-3001","0.458333"
"W16-2301","W17-4717","13.4032"
"W17-4717","W16-2301","13.4032"
"W16-2301","W18-6319","0.488528"
"W18-6319","W16-2301","0.488528"
"W16-2301","W19-5301","0.808333"
"W19-5301","W16-2301","0.808333"
"W17-4717","W18-6319","0.388528"
"W18-6319","W17-4717","0.388528"
"W17-4717","W19-5301","0.708333"
"W19-5301","W17-4717","0.708333"
"W18-6319","W19-5301","0.397619"
"W19-5301","W18-6319","0.397619"
"2008.amta-papers.16","W17-4724","1"
"W17-4724","2008.amta-papers.16","1"
"2008.amta-papers.16","N12-1033","0.111111"
"N12-1033","2008.amta-papers.16","0.111111"
"2008.amta-papers.16","P13-2150","0.111111"
"P13-2150","2008.amta-papers.16","0.111111"
"2008.amta-papers.16","W12-2013","0.111111"
"W12-2013","2008.amta-papers.16","0.111111"
"2020.findings-emnlp.82","N12-1033","0.111111"
"N12-1033","2020.findings-emnlp.82","0.111111"
"2020.findings-emnlp.82","P11-2038","0.111111"
"P11-2038","2020.findings-emnlp.82","0.111111"
"2020.findings-emnlp.82","P13-2150","1.11111"
"P13-2150","2020.findings-emnlp.82","1.11111"
"2020.findings-emnlp.82","W10-1406","0.111111"
"W10-1406","2020.findings-emnlp.82","0.111111"
"2020.findings-emnlp.82","W11-2160","0.111111"
"W11-2160","2020.findings-emnlp.82","0.111111"
"2020.findings-emnlp.82","W12-1904","0.111111"
"W12-1904","2020.findings-emnlp.82","0.111111"
"2020.findings-emnlp.82","W12-2013","0.111111"
"W12-2013","2020.findings-emnlp.82","0.111111"
"2020.findings-emnlp.82","W13-2226","0.111111"
"W13-2226","2020.findings-emnlp.82","0.111111"
"N12-1033","P11-2038","1.27778"
"P11-2038","N12-1033","1.27778"
"N12-1033","P13-2150","4.77778"
"P13-2150","N12-1033","4.77778"
"N12-1033","W10-1406","0.277778"
"W10-1406","N12-1033","0.277778"
"N12-1033","W11-2160","0.111111"
"W11-2160","N12-1033","0.111111"
"N12-1033","W12-1904","0.277778"
"W12-1904","N12-1033","0.277778"
"N12-1033","W12-2013","1.44444"
"W12-2013","N12-1033","1.44444"
"N12-1033","W13-2226","0.111111"
"W13-2226","N12-1033","0.111111"
"P11-2038","P13-2150","2.52778"
"P13-2150","P11-2038","2.52778"
"P11-2038","W10-1406","1.27778"
"W10-1406","P11-2038","1.27778"
"P11-2038","W11-2160","0.111111"
"W11-2160","P11-2038","0.111111"
"P11-2038","W12-1904","3.69444"
"W12-1904","P11-2038","3.69444"
"P11-2038","W12-2013","3.77778"
"W12-2013","P11-2038","3.77778"
"P11-2038","W13-2226","0.111111"
"W13-2226","P11-2038","0.111111"
"P13-2150","W10-1406","0.277778"
"W10-1406","P13-2150","0.277778"
"P13-2150","W11-2160","0.111111"
"W11-2160","P13-2150","0.111111"
"P13-2150","W12-1904","0.694444"
"W12-1904","P13-2150","0.694444"
"P13-2150","W12-2013","2.52778"
"W12-2013","P13-2150","2.52778"
"P13-2150","W13-2226","0.111111"
"W13-2226","P13-2150","0.111111"
"W10-1406","W11-2160","0.111111"
"W11-2160","W10-1406","0.111111"
"W10-1406","W12-2013","0.527778"
"W12-2013","W10-1406","0.527778"
"W10-1406","W13-2226","0.111111"
"W13-2226","W10-1406","0.111111"
"W11-2160","W12-1904","0.111111"
"W12-1904","W11-2160","0.111111"
"W11-2160","W12-2013","0.111111"
"W12-2013","W11-2160","0.111111"
"W12-1904","W12-2013","1.77778"
"W12-2013","W12-1904","1.77778"
"W12-1904","W13-2226","0.111111"
"W13-2226","W12-1904","0.111111"
"W12-2013","W13-2226","0.111111"
"W13-2226","W12-2013","0.111111"
"2013.iwslt-papers.14","Q14-1007","3.5"
"Q14-1007","2013.iwslt-papers.14","3.5"
"2013.iwslt-papers.14","W12-3102","1"
"W12-3102","2013.iwslt-papers.14","1"
"Q14-1007","W12-3152","3.5"
"W12-3152","Q14-1007","3.5"
"2013.iwslt-papers.14","2020.lrec-1.352","0.0909091"
"2020.lrec-1.352","2013.iwslt-papers.14","0.0909091"
"2013.iwslt-papers.14","2020.ngt-1.22","0.0909091"
"2020.ngt-1.22","2013.iwslt-papers.14","0.0909091"
"2013.iwslt-papers.14","W19-6618","0.0909091"
"W19-6618","2013.iwslt-papers.14","0.0909091"
"2016.amta-researchers.14","2020.emnlp-main.8","0.257576"
"2020.emnlp-main.8","2016.amta-researchers.14","0.257576"
"2016.amta-researchers.14","2020.eval4nlp-1.7","0.0909091"
"2020.eval4nlp-1.7","2016.amta-researchers.14","0.0909091"
"2016.amta-researchers.14","2020.lrec-1.352","0.590909"
"2020.lrec-1.352","2016.amta-researchers.14","0.590909"
"2016.amta-researchers.14","2020.ngt-1.22","0.0909091"
"2020.ngt-1.22","2016.amta-researchers.14","0.0909091"
"2016.amta-researchers.14","2020.wmt-1.67","0.0909091"
"2020.wmt-1.67","2016.amta-researchers.14","0.0909091"
"2016.amta-researchers.14","W15-3001","0.257576"
"W15-3001","2016.amta-researchers.14","0.257576"
"2016.amta-researchers.14","W19-6618","0.0909091"
"W19-6618","2016.amta-researchers.14","0.0909091"
"2020.emnlp-main.8","2020.lrec-1.352","0.0909091"
"2020.lrec-1.352","2020.emnlp-main.8","0.0909091"
"2020.emnlp-main.8","2020.ngt-1.22","0.540909"
"2020.ngt-1.22","2020.emnlp-main.8","0.540909"
"2020.emnlp-main.8","W12-3152","0.0909091"
"W12-3152","2020.emnlp-main.8","0.0909091"
"2020.emnlp-main.8","W13-2226","0.340909"
"W13-2226","2020.emnlp-main.8","0.340909"
"2020.emnlp-main.8","W19-6618","0.233766"
"W19-6618","2020.emnlp-main.8","0.233766"
"2020.eval4nlp-1.7","2020.lrec-1.352","0.424242"
"2020.lrec-1.352","2020.eval4nlp-1.7","0.424242"
"2020.eval4nlp-1.7","2020.ngt-1.22","3.42424"
"2020.ngt-1.22","2020.eval4nlp-1.7","3.42424"
"2020.eval4nlp-1.7","W12-3152","0.0909091"
"W12-3152","2020.eval4nlp-1.7","0.0909091"
"2020.eval4nlp-1.7","W13-2226","0.0909091"
"W13-2226","2020.eval4nlp-1.7","0.0909091"
"2020.eval4nlp-1.7","W19-6618","0.0909091"
"W19-6618","2020.eval4nlp-1.7","0.0909091"
"2020.lrec-1.352","2020.ngt-1.22","1.62424"
"2020.ngt-1.22","2020.lrec-1.352","1.62424"
"2020.lrec-1.352","2020.wmt-1.67","0.0909091"
"2020.wmt-1.67","2020.lrec-1.352","0.0909091"
"2020.lrec-1.352","drexler-etal-2014-wikipedia","0.0909091"
"drexler-etal-2014-wikipedia","2020.lrec-1.352","0.0909091"
"2020.lrec-1.352","W12-3152","0.0909091"
"W12-3152","2020.lrec-1.352","0.0909091"
"2020.lrec-1.352","W13-2226","0.0909091"
"W13-2226","2020.lrec-1.352","0.0909091"
"2020.lrec-1.352","W15-3001","0.0909091"
"W15-3001","2020.lrec-1.352","0.0909091"
"2020.lrec-1.352","W19-6618","0.0909091"
"W19-6618","2020.lrec-1.352","0.0909091"
"2020.ngt-1.22","2020.wmt-1.67","1.79091"
"2020.wmt-1.67","2020.ngt-1.22","1.79091"
"2020.ngt-1.22","drexler-etal-2014-wikipedia","0.20202"
"drexler-etal-2014-wikipedia","2020.ngt-1.22","0.20202"
"2020.ngt-1.22","W12-3152","0.0909091"
"W12-3152","2020.ngt-1.22","0.0909091"
"2020.ngt-1.22","W13-2226","2.20202"
"W13-2226","2020.ngt-1.22","2.20202"
"2020.ngt-1.22","W15-3001","0.20202"
"W15-3001","2020.ngt-1.22","0.20202"
"2020.ngt-1.22","W19-6618","0.0909091"
"W19-6618","2020.ngt-1.22","0.0909091"
"2020.wmt-1.67","W12-3152","0.0909091"
"W12-3152","2020.wmt-1.67","0.0909091"
"2020.wmt-1.67","W13-2226","0.0909091"
"W13-2226","2020.wmt-1.67","0.0909091"
"2020.wmt-1.67","W19-6618","0.674242"
"W19-6618","2020.wmt-1.67","0.674242"
"drexler-etal-2014-wikipedia","W19-6618","0.0909091"
"W19-6618","drexler-etal-2014-wikipedia","0.0909091"
"W12-3152","W15-3001","0.574675"
"W15-3001","W12-3152","0.574675"
"W12-3152","W19-6618","0.0909091"
"W19-6618","W12-3152","0.0909091"
"W13-2226","W15-3001","0.594877"
"W15-3001","W13-2226","0.594877"
"W13-2226","W19-6618","0.0909091"
"W19-6618","W13-2226","0.0909091"
"W15-3001","W19-6618","0.0909091"
"W19-6618","W15-3001","0.0909091"
"2013.iwslt-papers.14","W13-2201","0.333333"
"W13-2201","2013.iwslt-papers.14","0.333333"
"2020.lrec-1.325","W13-2201","0.333333"
"W13-2201","2020.lrec-1.325","0.333333"
"drexler-etal-2014-wikipedia","W13-2201","0.333333"
"W13-2201","drexler-etal-2014-wikipedia","0.333333"
"2013.iwslt-papers.14","W16-2310","0.333333"
"W16-2310","2013.iwslt-papers.14","0.333333"
"2013.iwslt-papers.14","W17-4724","0.333333"
"W17-4724","2013.iwslt-papers.14","0.333333"
"W13-2226","W16-2310","0.444444"
"W16-2310","W13-2226","0.444444"
"W13-2226","W17-4724","0.444444"
"W17-4724","W13-2226","0.444444"
"W16-2310","W17-4724","9.38535"
"W17-4724","W16-2310","9.38535"
"2016.amta-researchers.14","E17-2018","1.5"
"E17-2018","2016.amta-researchers.14","1.5"
"2016.amta-researchers.14","2020.emnlp-main.7","0.166667"
"2020.emnlp-main.7","2016.amta-researchers.14","0.166667"
"2016.amta-researchers.14","W12-3102","0.166667"
"W12-3102","2016.amta-researchers.14","0.166667"
"2016.amta-researchers.14","W16-2301","0.166667"
"W16-2301","2016.amta-researchers.14","0.166667"
"2016.amta-researchers.14","W17-4717","0.166667"
"W17-4717","2016.amta-researchers.14","0.166667"
"2020.emnlp-main.7","2020.emnlp-main.8","2.81667"
"2020.emnlp-main.8","2020.emnlp-main.7","2.81667"
"2020.emnlp-main.7","W12-3102","0.166667"
"W12-3102","2020.emnlp-main.7","0.166667"
"2020.emnlp-main.7","W15-3001","0.166667"
"W15-3001","2020.emnlp-main.7","0.166667"
"2020.emnlp-main.7","W16-2301","0.166667"
"W16-2301","2020.emnlp-main.7","0.166667"
"2020.emnlp-main.7","W17-4717","0.666667"
"W17-4717","2020.emnlp-main.7","0.666667"
"2020.emnlp-main.8","W12-3102","0.166667"
"W12-3102","2020.emnlp-main.8","0.166667"
"W12-3102","W15-3001","1.30238"
"W15-3001","W12-3102","1.30238"
"W12-3102","W16-2301","1.30238"
"W16-2301","W12-3102","1.30238"
"W12-3102","W17-4717","1.10238"
"W17-4717","W12-3102","1.10238"
"2020.lrec-1.352","E17-2018","1"
"E17-2018","2020.lrec-1.352","1"
"2020.emnlp-main.7","2020.lrec-1.352","0.7"
"2020.lrec-1.352","2020.emnlp-main.7","0.7"
"2020.emnlp-main.7","2020.wmt-1.1","0.5"
"2020.wmt-1.1","2020.emnlp-main.7","0.5"
"2020.lrec-1.352","2020.wmt-1.1","0.5"
"2020.wmt-1.1","2020.lrec-1.352","0.5"
"2020.emnlp-main.7","2020.findings-emnlp.82","1.98333"
"2020.findings-emnlp.82","2020.emnlp-main.7","1.98333"
"2020.emnlp-main.7","2020.wmt-1.67","3.81667"
"2020.wmt-1.67","2020.emnlp-main.7","3.81667"
"2020.emnlp-main.7","2020.ngt-1.22","1.9"
"2020.ngt-1.22","2020.emnlp-main.7","1.9"
"2020.emnlp-main.7","W19-5366","0.7"
"W19-5366","2020.emnlp-main.7","0.7"
"2020.ngt-1.22","W19-5366","1.2"
"W19-5366","2020.ngt-1.22","1.2"
"2020.emnlp-main.7","2020.eval4nlp-1.7","0.333333"
"2020.eval4nlp-1.7","2020.emnlp-main.7","0.333333"
"2020.emnlp-main.7","K19-1005","0.533333"
"K19-1005","2020.emnlp-main.7","0.533333"
"2020.emnlp-main.8","K19-1005","2.03333"
"K19-1005","2020.emnlp-main.8","2.03333"
"2020.eval4nlp-1.7","K19-1005","0.333333"
"K19-1005","2020.eval4nlp-1.7","0.333333"
"2020.emnlp-main.7","2020.lrec-1.325","3.11667"
"2020.lrec-1.325","2020.emnlp-main.7","3.11667"
"2020.emnlp-main.7","N19-1090","2.7"
"N19-1090","2020.emnlp-main.7","2.7"
"2020.emnlp-main.7","2020.tacl-1.4","0.366667"
"2020.tacl-1.4","2020.emnlp-main.7","0.366667"
"2020.emnlp-main.7","D19-1084","0.166667"
"D19-1084","2020.emnlp-main.7","0.166667"
"2020.emnlp-main.7","I17-2004","0.366667"
"I17-2004","2020.emnlp-main.7","0.366667"
"2020.emnlp-main.7","N18-1119","0.166667"
"N18-1119","2020.emnlp-main.7","0.166667"
"2020.emnlp-main.7","W19-6618","0.166667"
"W19-6618","2020.emnlp-main.7","0.166667"
"2020.lrec-1.325","D19-1084","0.357576"
"D19-1084","2020.lrec-1.325","0.357576"
"2020.lrec-1.325","I17-2004","0.457576"
"I17-2004","2020.lrec-1.325","0.457576"
"2020.lrec-1.325","N18-1119","0.266667"
"N18-1119","2020.lrec-1.325","0.266667"
"2020.lrec-1.325","W19-6618","0.500433"
"W19-6618","2020.lrec-1.325","0.500433"
"2020.tacl-1.4","D19-1084","0.357576"
"D19-1084","2020.tacl-1.4","0.357576"
"2020.tacl-1.4","I17-2004","0.457576"
"I17-2004","2020.tacl-1.4","0.457576"
"2020.tacl-1.4","N18-1119","0.266667"
"N18-1119","2020.tacl-1.4","0.266667"
"2020.tacl-1.4","W19-6618","0.500433"
"W19-6618","2020.tacl-1.4","0.500433"
"D19-1084","I17-2004","0.848485"
"I17-2004","D19-1084","0.848485"
"D19-1084","N18-1119","0.766667"
"N18-1119","D19-1084","0.766667"
"D19-1084","W19-6618","1.35758"
"W19-6618","D19-1084","1.35758"
"I17-2004","N18-1119","0.666667"
"N18-1119","I17-2004","0.666667"
"I17-2004","W19-6618","0.257576"
"W19-6618","I17-2004","0.257576"
"N18-1119","W19-6618","1.1"
"W19-6618","N18-1119","1.1"
"2020.emnlp-main.8","W19-5366","0.592857"
"W19-5366","2020.emnlp-main.8","0.592857"
"2020.findings-emnlp.82","2020.ngt-1.22","0.45"
"2020.ngt-1.22","2020.findings-emnlp.82","0.45"
"2020.findings-emnlp.82","W19-5366","0.592857"
"W19-5366","2020.findings-emnlp.82","0.592857"
"2020.wmt-1.67","W19-5366","0.2"
"W19-5366","2020.wmt-1.67","0.2"
"2020.emnlp-main.7","I17-2062","0.5"
"I17-2062","2020.emnlp-main.7","0.5"
"2020.emnlp-main.7","2020.wmt-1.98","1.5"
"2020.wmt-1.98","2020.emnlp-main.7","1.5"
"2020.emnlp-main.7","2021.emnlp-main.576","0.333333"
"2021.emnlp-main.576","2020.emnlp-main.7","0.333333"
"2020.emnlp-main.8","2021.emnlp-main.576","0.333333"
"2021.emnlp-main.576","2020.emnlp-main.8","0.333333"
"2020.wmt-1.67","2021.emnlp-main.576","0.333333"
"2021.emnlp-main.576","2020.wmt-1.67","0.333333"
"2020.lrec-1.325","2020.lrec-1.352","0.533333"
"2020.lrec-1.352","2020.lrec-1.325","0.533333"
"2020.lrec-1.325","2020.ngt-1.22","0.533333"
"2020.ngt-1.22","2020.lrec-1.325","0.533333"
"2020.lrec-1.352","2020.tacl-1.4","0.2"
"2020.tacl-1.4","2020.lrec-1.352","0.2"
"2020.lrec-1.352","I17-2004","0.2"
"I17-2004","2020.lrec-1.352","0.2"
"2020.ngt-1.22","2020.tacl-1.4","0.45"
"2020.tacl-1.4","2020.ngt-1.22","0.45"
"2020.ngt-1.22","I17-2004","0.2"
"I17-2004","2020.ngt-1.22","0.2"
"2020.findings-emnlp.82","K19-1005","1.86667"
"K19-1005","2020.findings-emnlp.82","1.86667"
"2020.wmt-1.67","K19-1005","1.78333"
"K19-1005","2020.wmt-1.67","1.78333"
"K19-1005","N19-1090","3.95758"
"N19-1090","K19-1005","3.95758"
"2020.emnlp-main.8","N16-3013","1.45"
"N16-3013","2020.emnlp-main.8","1.45"
"K19-1005","N16-3013","2.25"
"N16-3013","K19-1005","2.25"
"K19-1005","W13-2226","0.25"
"W13-2226","K19-1005","0.25"
"N16-3013","N19-1090","0.25"
"N19-1090","N16-3013","0.25"
"N16-3013","W13-2226","0.583333"
"W13-2226","N16-3013","0.583333"
"N19-1090","W13-2226","0.25"
"W13-2226","N19-1090","0.25"
"2020.ngt-1.22","K19-1005","0.5"
"K19-1005","2020.ngt-1.22","0.5"
"2020.tacl-1.4","K19-1005","0.340909"
"K19-1005","2020.tacl-1.4","0.340909"
"2020.tacl-1.4","W19-5366","0.583766"
"W19-5366","2020.tacl-1.4","0.583766"
"K19-1005","W19-5366","0.590909"
"W19-5366","K19-1005","0.590909"
"2020.findings-emnlp.82","W19-6618","0.392857"
"W19-6618","2020.findings-emnlp.82","0.392857"
"2020.lrec-1.325","W19-5366","1.33377"
"W19-5366","2020.lrec-1.325","1.33377"
"2020.wmt-1.98","W19-5366","0.142857"
"W19-5366","2020.wmt-1.98","0.142857"
"2020.wmt-1.98","W19-6618","0.142857"
"W19-6618","2020.wmt-1.98","0.142857"
"N19-1090","W19-5366","0.324675"
"W19-5366","N19-1090","0.324675"
"N19-1090","W19-6618","1.8171"
"W19-6618","N19-1090","1.8171"
"W19-5366","W19-6618","0.333766"
"W19-6618","W19-5366","0.333766"
"2020.emnlp-main.8","W13-2201","0.2"
"W13-2201","2020.emnlp-main.8","0.2"
"N16-3013","Q16-1013","0.2"
"Q16-1013","N16-3013","0.2"
"N16-3013","W13-2201","0.2"
"W13-2201","N16-3013","0.2"
"N16-3013","W16-2301","0.2"
"W16-2301","N16-3013","0.2"
"N16-3013","W17-4717","0.2"
"W17-4717","N16-3013","0.2"
"Q16-1013","W13-2201","0.45"
"W13-2201","Q16-1013","0.45"
"W13-2201","W16-2301","2.21071"
"W16-2301","W13-2201","2.21071"
"W13-2201","W17-4717","1.59405"
"W17-4717","W13-2201","1.59405"
"2020.emnlp-main.8","W12-3134","0.5"
"W12-3134","2020.emnlp-main.8","0.5"
"2020.eval4nlp-1.7","N18-1119","0.5"
"N18-1119","2020.eval4nlp-1.7","0.5"
"2020.ngt-1.22","N18-1119","0.5"
"N18-1119","2020.ngt-1.22","0.5"
"2020.findings-emnlp.82","W12-3102","1"
"W12-3102","2020.findings-emnlp.82","1"
"K19-1005","W19-5301","0.333333"
"W19-5301","K19-1005","0.333333"
"2020.findings-emnlp.82","W13-2201","0.333333"
"W13-2201","2020.findings-emnlp.82","0.333333"
"2020.wmt-1.98","W13-2201","0.333333"
"W13-2201","2020.wmt-1.98","0.333333"
"Q13-1014","W13-2201","1.10833"
"W13-2201","Q13-1014","1.10833"
"2020.findings-emnlp.82","2021.emnlp-main.576","0.25"
"2021.emnlp-main.576","2020.findings-emnlp.82","0.25"
"2020.ngt-1.22","2021.emnlp-main.576","0.25"
"2021.emnlp-main.576","2020.ngt-1.22","0.25"
"2021.emnlp-main.576","K19-1005","0.25"
"K19-1005","2021.emnlp-main.576","0.25"
"2021.emnlp-main.576","W19-5366","1.25"
"W19-5366","2021.emnlp-main.576","1.25"
"2020.findings-emnlp.82","2020.wmt-1.1","0.25"
"2020.wmt-1.1","2020.findings-emnlp.82","0.25"
"2020.wmt-1.1","2020.wmt-1.98","0.25"
"2020.wmt-1.98","2020.wmt-1.1","0.25"
"2020.wmt-1.1","W16-2301","0.910714"
"W16-2301","2020.wmt-1.1","0.910714"
"2020.wmt-1.1","W17-4717","0.910714"
"W17-4717","2020.wmt-1.1","0.910714"
"K19-1005","W19-6618","0.340909"
"W19-6618","K19-1005","0.340909"
"2020.lrec-1.325","K19-1005","0.0909091"
"K19-1005","2020.lrec-1.325","0.0909091"
"2020.lrec-1.325","W17-4724","0.190909"
"W17-4724","2020.lrec-1.325","0.190909"
"2020.lrec-1.325","W18-1820","0.0909091"
"W18-1820","2020.lrec-1.325","0.0909091"
"2020.tacl-1.4","W17-4724","0.190909"
"W17-4724","2020.tacl-1.4","0.190909"
"2020.tacl-1.4","W18-1820","0.0909091"
"W18-1820","2020.tacl-1.4","0.0909091"
"D19-1084","I17-2062","0.0909091"
"I17-2062","D19-1084","0.0909091"
"D19-1084","K19-1005","0.0909091"
"K19-1005","D19-1084","0.0909091"
"D19-1084","N19-1090","0.181818"
"N19-1090","D19-1084","0.181818"
"D19-1084","W17-4724","0.281818"
"W17-4724","D19-1084","0.281818"
"D19-1084","W18-1820","2.59091"
"W18-1820","D19-1084","2.59091"
"D19-1084","W18-6319","0.281818"
"W18-6319","D19-1084","0.281818"
"D19-1084","W19-5366","0.281818"
"W19-5366","D19-1084","0.281818"
"I17-2004","I17-2062","0.0909091"
"I17-2062","I17-2004","0.0909091"
"I17-2004","K19-1005","0.0909091"
"K19-1005","I17-2004","0.0909091"
"I17-2004","N19-1090","1.18182"
"N19-1090","I17-2004","1.18182"
"I17-2004","W17-4724","0.681818"
"W17-4724","I17-2004","0.681818"
"I17-2004","W18-1820","0.0909091"
"W18-1820","I17-2004","0.0909091"
"I17-2004","W18-6319","0.181818"
"W18-6319","I17-2004","0.181818"
"I17-2004","W19-5366","0.181818"
"W19-5366","I17-2004","0.181818"
"I17-2062","K19-1005","0.0909091"
"K19-1005","I17-2062","0.0909091"
"I17-2062","W17-4724","0.0909091"
"W17-4724","I17-2062","0.0909091"
"I17-2062","W18-1820","0.0909091"
"W18-1820","I17-2062","0.0909091"
"I17-2062","W19-5366","0.0909091"
"W19-5366","I17-2062","0.0909091"
"I17-2062","W19-6618","0.0909091"
"W19-6618","I17-2062","0.0909091"
