"2005.mtsummit-posters.21","2005.mtsummit-posters.8","2"
"2005.mtsummit-posters.8","2005.mtsummit-posters.21","2"
"2005.mtsummit-posters.8","2009.eamt-1.32","0.0357143"
"2009.eamt-1.32","2005.mtsummit-posters.8","0.0357143"
"2005.mtsummit-posters.8","2010.amta-papers.16","0.0357143"
"2010.amta-papers.16","2005.mtsummit-posters.8","0.0357143"
"2005.mtsummit-posters.8","2011.eamt-1.4","0.0357143"
"2011.eamt-1.4","2005.mtsummit-posters.8","0.0357143"
"2005.mtsummit-posters.8","2011.iwslt-evaluation.4","0.0357143"
"2011.iwslt-evaluation.4","2005.mtsummit-posters.8","0.0357143"
"2005.mtsummit-posters.8","2012.eamt-1.41","0.0357143"
"2012.eamt-1.41","2005.mtsummit-posters.8","0.0357143"
"2005.mtsummit-posters.8","2013.mtsummit-papers.17","0.0357143"
"2013.mtsummit-papers.17","2005.mtsummit-posters.8","0.0357143"
"2005.mtsummit-posters.8","2013.mtsummit-papers.8","0.0357143"
"2013.mtsummit-papers.8","2005.mtsummit-posters.8","0.0357143"
"2005.mtsummit-posters.8","2014.amta-wptp.5","0.0357143"
"2014.amta-wptp.5","2005.mtsummit-posters.8","0.0357143"
"2005.mtsummit-posters.8","2020.coling-main.524","0.0357143"
"2020.coling-main.524","2005.mtsummit-posters.8","0.0357143"
"2005.mtsummit-posters.8","C12-1010","0.0357143"
"C12-1010","2005.mtsummit-posters.8","0.0357143"
"2005.mtsummit-posters.8","C16-1241","0.0357143"
"C16-1241","2005.mtsummit-posters.8","0.0357143"
"2005.mtsummit-posters.8","E17-2056","0.0357143"
"E17-2056","2005.mtsummit-posters.8","0.0357143"
"2005.mtsummit-posters.8","N13-3005","0.0357143"
"N13-3005","2005.mtsummit-posters.8","0.0357143"
"2005.mtsummit-posters.8","P16-2046","0.0357143"
"P16-2046","2005.mtsummit-posters.8","0.0357143"
"2005.mtsummit-posters.8","pal-etal-2014-word","0.0357143"
"pal-etal-2014-word","2005.mtsummit-posters.8","0.0357143"
"2005.mtsummit-posters.8","W10-1720","0.0357143"
"W10-1720","2005.mtsummit-posters.8","0.0357143"
"2005.mtsummit-posters.8","W10-3707","0.0357143"
"W10-3707","2005.mtsummit-posters.8","0.0357143"
"2005.mtsummit-posters.8","W12-5606","0.0357143"
"W12-5606","2005.mtsummit-posters.8","0.0357143"
"2005.mtsummit-posters.8","W13-2814","0.0357143"
"W13-2814","2005.mtsummit-posters.8","0.0357143"
"2005.mtsummit-posters.8","W14-1009","0.0357143"
"W14-1009","2005.mtsummit-posters.8","0.0357143"
"2005.mtsummit-posters.8","W14-5114","0.0357143"
"W14-5114","2005.mtsummit-posters.8","0.0357143"
"2005.mtsummit-posters.8","W15-3017","0.0357143"
"W15-3017","2005.mtsummit-posters.8","0.0357143"
"2005.mtsummit-posters.8","W15-3026","0.0357143"
"W15-3026","2005.mtsummit-posters.8","0.0357143"
"2005.mtsummit-posters.8","W16-2333","0.0357143"
"W16-2333","2005.mtsummit-posters.8","0.0357143"
"2005.mtsummit-posters.8","W16-6624","0.0357143"
"W16-6624","2005.mtsummit-posters.8","0.0357143"
"2005.mtsummit-posters.8","W18-6455","0.0357143"
"W18-6455","2005.mtsummit-posters.8","0.0357143"
"2005.mtsummit-posters.8","W19-5332","0.0357143"
"W19-5332","2005.mtsummit-posters.8","0.0357143"
"2005.mtsummit-posters.8","Y09-1019","0.0357143"
"Y09-1019","2005.mtsummit-posters.8","0.0357143"
"2009.eamt-1.32","2010.amta-papers.16","0.385714"
"2010.amta-papers.16","2009.eamt-1.32","0.385714"
"2009.eamt-1.32","2011.eamt-1.4","0.0357143"
"2011.eamt-1.4","2009.eamt-1.32","0.0357143"
"2009.eamt-1.32","2011.iwslt-evaluation.4","1.19454"
"2011.iwslt-evaluation.4","2009.eamt-1.32","1.19454"
"2009.eamt-1.32","2012.eamt-1.41","0.135714"
"2012.eamt-1.41","2009.eamt-1.32","0.135714"
"2009.eamt-1.32","2013.mtsummit-papers.17","0.0357143"
"2013.mtsummit-papers.17","2009.eamt-1.32","0.0357143"
"2009.eamt-1.32","2013.mtsummit-papers.8","0.194538"
"2013.mtsummit-papers.8","2009.eamt-1.32","0.194538"
"2009.eamt-1.32","2014.amta-wptp.5","0.0357143"
"2014.amta-wptp.5","2009.eamt-1.32","0.0357143"
"2009.eamt-1.32","2020.coling-main.524","0.0357143"
"2020.coling-main.524","2009.eamt-1.32","0.0357143"
"2009.eamt-1.32","C12-1010","0.135714"
"C12-1010","2009.eamt-1.32","0.135714"
"2009.eamt-1.32","C16-1241","0.144538"
"C16-1241","2009.eamt-1.32","0.144538"
"2009.eamt-1.32","E17-2056","0.285714"
"E17-2056","2009.eamt-1.32","0.285714"
"2009.eamt-1.32","N13-3005","0.0357143"
"N13-3005","2009.eamt-1.32","0.0357143"
"2009.eamt-1.32","P16-2046","0.135714"
"P16-2046","2009.eamt-1.32","0.135714"
"2009.eamt-1.32","pal-etal-2014-word","0.194538"
"pal-etal-2014-word","2009.eamt-1.32","0.194538"
"2009.eamt-1.32","W10-1720","1.38571"
"W10-1720","2009.eamt-1.32","1.38571"
"2009.eamt-1.32","W10-3707","0.194538"
"W10-3707","2009.eamt-1.32","0.194538"
"2009.eamt-1.32","W12-5606","0.0357143"
"W12-5606","2009.eamt-1.32","0.0357143"
"2009.eamt-1.32","W13-2814","0.194538"
"W13-2814","2009.eamt-1.32","0.194538"
"2009.eamt-1.32","W14-1009","0.194538"
"W14-1009","2009.eamt-1.32","0.194538"
"2009.eamt-1.32","W14-5114","0.0945378"
"W14-5114","2009.eamt-1.32","0.0945378"
"2009.eamt-1.32","W15-3017","0.144538"
"W15-3017","2009.eamt-1.32","0.144538"
"2009.eamt-1.32","W15-3026","0.344538"
"W15-3026","2009.eamt-1.32","0.344538"
"2009.eamt-1.32","W16-2333","0.394538"
"W16-2333","2009.eamt-1.32","0.394538"
"2009.eamt-1.32","W16-6624","0.144538"
"W16-6624","2009.eamt-1.32","0.144538"
"2009.eamt-1.32","W18-6455","0.0357143"
"W18-6455","2009.eamt-1.32","0.0357143"
"2009.eamt-1.32","W19-5332","0.0857143"
"W19-5332","2009.eamt-1.32","0.0857143"
"2009.eamt-1.32","Y09-1019","6.52787"
"Y09-1019","2009.eamt-1.32","6.52787"
"2010.amta-papers.16","2011.eamt-1.4","0.0357143"
"2011.eamt-1.4","2010.amta-papers.16","0.0357143"
"2010.amta-papers.16","2011.iwslt-evaluation.4","1.19821"
"2011.iwslt-evaluation.4","2010.amta-papers.16","1.19821"
"2010.amta-papers.16","2012.eamt-1.41","0.781548"
"2012.eamt-1.41","2010.amta-papers.16","0.781548"
"2010.amta-papers.16","2013.mtsummit-papers.17","0.0982143"
"2013.mtsummit-papers.17","2010.amta-papers.16","0.0982143"
"2010.amta-papers.16","2013.mtsummit-papers.8","0.135714"
"2013.mtsummit-papers.8","2010.amta-papers.16","0.135714"
"2010.amta-papers.16","2014.amta-wptp.5","0.0357143"
"2014.amta-wptp.5","2010.amta-papers.16","0.0357143"
"2010.amta-papers.16","2020.coling-main.524","0.0357143"
"2020.coling-main.524","2010.amta-papers.16","0.0357143"
"2010.amta-papers.16","C12-1010","1.44821"
"C12-1010","2010.amta-papers.16","1.44821"
"2010.amta-papers.16","C16-1241","0.148214"
"C16-1241","2010.amta-papers.16","0.148214"
"2010.amta-papers.16","E17-2056","0.148214"
"E17-2056","2010.amta-papers.16","0.148214"
"2010.amta-papers.16","N13-3005","0.0982143"
"N13-3005","2010.amta-papers.16","0.0982143"
"2010.amta-papers.16","P16-2046","0.135714"
"P16-2046","2010.amta-papers.16","0.135714"
"2010.amta-papers.16","pal-etal-2014-word","0.198214"
"pal-etal-2014-word","2010.amta-papers.16","0.198214"
"2010.amta-papers.16","W10-1720","0.385714"
"W10-1720","2010.amta-papers.16","0.385714"
"2010.amta-papers.16","W10-3707","0.135714"
"W10-3707","2010.amta-papers.16","0.135714"
"2010.amta-papers.16","W12-5606","0.0982143"
"W12-5606","2010.amta-papers.16","0.0982143"
"2010.amta-papers.16","W13-2814","0.198214"
"W13-2814","2010.amta-papers.16","0.198214"
"2010.amta-papers.16","W14-1009","0.135714"
"W14-1009","2010.amta-papers.16","0.135714"
"2010.amta-papers.16","W14-5114","0.0357143"
"W14-5114","2010.amta-papers.16","0.0357143"
"2010.amta-papers.16","W15-3017","0.0857143"
"W15-3017","2010.amta-papers.16","0.0857143"
"2010.amta-papers.16","W15-3026","0.148214"
"W15-3026","2010.amta-papers.16","0.148214"
"2010.amta-papers.16","W16-2333","0.469048"
"W16-2333","2010.amta-papers.16","0.469048"
"2010.amta-papers.16","W16-6624","0.0857143"
"W16-6624","2010.amta-papers.16","0.0857143"
"2010.amta-papers.16","W18-6455","0.0357143"
"W18-6455","2010.amta-papers.16","0.0357143"
"2010.amta-papers.16","W19-5332","0.0857143"
"W19-5332","2010.amta-papers.16","0.0857143"
"2010.amta-papers.16","Y09-1019","0.135714"
"Y09-1019","2010.amta-papers.16","0.135714"
"2011.eamt-1.4","2011.iwslt-evaluation.4","0.0857143"
"2011.iwslt-evaluation.4","2011.eamt-1.4","0.0857143"
"2011.eamt-1.4","2012.eamt-1.41","0.0357143"
"2012.eamt-1.41","2011.eamt-1.4","0.0357143"
"2011.eamt-1.4","2013.mtsummit-papers.17","0.926623"
"2013.mtsummit-papers.17","2011.eamt-1.4","0.926623"
"2011.eamt-1.4","2013.mtsummit-papers.8","0.126623"
"2013.mtsummit-papers.8","2011.eamt-1.4","0.126623"
"2011.eamt-1.4","2014.amta-wptp.5","1.17662"
"2014.amta-wptp.5","2011.eamt-1.4","1.17662"
"2011.eamt-1.4","2020.coling-main.524","0.0857143"
"2020.coling-main.524","2011.eamt-1.4","0.0857143"
"2011.eamt-1.4","C12-1010","0.0857143"
"C12-1010","2011.eamt-1.4","0.0857143"
"2011.eamt-1.4","C16-1241","0.0857143"
"C16-1241","2011.eamt-1.4","0.0857143"
"2011.eamt-1.4","E17-2056","0.0857143"
"E17-2056","2011.eamt-1.4","0.0857143"
"2011.eamt-1.4","N13-3005","0.376623"
"N13-3005","2011.eamt-1.4","0.376623"
"2011.eamt-1.4","P16-2046","0.0857143"
"P16-2046","2011.eamt-1.4","0.0857143"
"2011.eamt-1.4","pal-etal-2014-word","0.126623"
"pal-etal-2014-word","2011.eamt-1.4","0.126623"
"2011.eamt-1.4","W10-1720","0.0857143"
"W10-1720","2011.eamt-1.4","0.0857143"
"2011.eamt-1.4","W10-3707","0.176623"
"W10-3707","2011.eamt-1.4","0.176623"
"2011.eamt-1.4","W12-5606","0.926623"
"W12-5606","2011.eamt-1.4","0.926623"
"2011.eamt-1.4","W13-2814","0.0357143"
"W13-2814","2011.eamt-1.4","0.0357143"
"2011.eamt-1.4","W14-1009","0.176623"
"W14-1009","2011.eamt-1.4","0.176623"
"2011.eamt-1.4","W14-5114","0.126623"
"W14-5114","2011.eamt-1.4","0.126623"
"2011.eamt-1.4","W15-3017","0.0857143"
"W15-3017","2011.eamt-1.4","0.0857143"
"2011.eamt-1.4","W15-3026","0.0857143"
"W15-3026","2011.eamt-1.4","0.0857143"
"2011.eamt-1.4","W16-2333","0.0857143"
"W16-2333","2011.eamt-1.4","0.0857143"
"2011.eamt-1.4","W16-6624","0.126623"
"W16-6624","2011.eamt-1.4","0.126623"
"2011.eamt-1.4","W18-6455","0.0857143"
"W18-6455","2011.eamt-1.4","0.0857143"
"2011.eamt-1.4","W19-5332","0.0857143"
"W19-5332","2011.eamt-1.4","0.0857143"
"2011.eamt-1.4","Y09-1019","0.176623"
"Y09-1019","2011.eamt-1.4","0.176623"
"2011.iwslt-evaluation.4","2012.eamt-1.41","0.614881"
"2012.eamt-1.41","2011.iwslt-evaluation.4","0.614881"
"2011.iwslt-evaluation.4","2013.mtsummit-papers.17","0.148214"
"2013.mtsummit-papers.17","2011.iwslt-evaluation.4","0.148214"
"2011.iwslt-evaluation.4","2013.mtsummit-papers.8","0.277871"
"2013.mtsummit-papers.8","2011.iwslt-evaluation.4","0.277871"
"2011.iwslt-evaluation.4","2014.amta-wptp.5","0.0857143"
"2014.amta-wptp.5","2011.iwslt-evaluation.4","0.0857143"
"2011.iwslt-evaluation.4","2020.coling-main.524","0.0857143"
"2020.coling-main.524","2011.iwslt-evaluation.4","0.0857143"
"2011.iwslt-evaluation.4","C12-1010","0.664881"
"C12-1010","2011.iwslt-evaluation.4","0.664881"
"2011.iwslt-evaluation.4","C16-1241","0.923705"
"C16-1241","2011.iwslt-evaluation.4","0.923705"
"2011.iwslt-evaluation.4","E17-2056","0.448214"
"E17-2056","2011.iwslt-evaluation.4","0.448214"
"2011.iwslt-evaluation.4","N13-3005","0.0982143"
"N13-3005","2011.iwslt-evaluation.4","0.0982143"
"2011.iwslt-evaluation.4","P16-2046","0.185714"
"P16-2046","2011.iwslt-evaluation.4","0.185714"
"2011.iwslt-evaluation.4","pal-etal-2014-word","0.257038"
"pal-etal-2014-word","2011.iwslt-evaluation.4","0.257038"
"2011.iwslt-evaluation.4","W10-1720","0.269048"
"W10-1720","2011.iwslt-evaluation.4","0.269048"
"2011.iwslt-evaluation.4","W10-3707","0.327871"
"W10-3707","2011.iwslt-evaluation.4","0.327871"
"2011.iwslt-evaluation.4","W12-5606","0.314881"
"W12-5606","2011.iwslt-evaluation.4","0.314881"
"2011.iwslt-evaluation.4","W13-2814","0.340371"
"W13-2814","2011.iwslt-evaluation.4","0.340371"
"2011.iwslt-evaluation.4","W14-1009","0.244538"
"W14-1009","2011.iwslt-evaluation.4","0.244538"
"2011.iwslt-evaluation.4","W14-5114","0.677871"
"W14-5114","2011.iwslt-evaluation.4","0.677871"
"2011.iwslt-evaluation.4","W15-3017","0.361204"
"W15-3017","2011.iwslt-evaluation.4","0.361204"
"2011.iwslt-evaluation.4","W15-3026","0.423704"
"W15-3026","2011.iwslt-evaluation.4","0.423704"
"2011.iwslt-evaluation.4","W16-2333","0.827871"
"W16-2333","2011.iwslt-evaluation.4","0.827871"
"2011.iwslt-evaluation.4","W16-6624","0.144538"
"W16-6624","2011.iwslt-evaluation.4","0.144538"
"2011.iwslt-evaluation.4","W18-6455","0.0857143"
"W18-6455","2011.iwslt-evaluation.4","0.0857143"
"2011.iwslt-evaluation.4","W19-5332","0.135714"
"W19-5332","2011.iwslt-evaluation.4","0.135714"
"2011.iwslt-evaluation.4","Y09-1019","0.244538"
"Y09-1019","2011.iwslt-evaluation.4","0.244538"
"2012.eamt-1.41","2013.mtsummit-papers.17","0.298214"
"2013.mtsummit-papers.17","2012.eamt-1.41","0.298214"
"2012.eamt-1.41","2013.mtsummit-papers.8","0.219048"
"2013.mtsummit-papers.8","2012.eamt-1.41","0.219048"
"2012.eamt-1.41","2014.amta-wptp.5","0.0357143"
"2014.amta-wptp.5","2012.eamt-1.41","0.0357143"
"2012.eamt-1.41","2020.coling-main.524","0.0357143"
"2020.coling-main.524","2012.eamt-1.41","0.0357143"
"2012.eamt-1.41","C12-1010","3.39821"
"C12-1010","2012.eamt-1.41","3.39821"
"2012.eamt-1.41","C16-1241","0.148214"
"C16-1241","2012.eamt-1.41","0.148214"
"2012.eamt-1.41","E17-2056","0.231548"
"E17-2056","2012.eamt-1.41","0.231548"
"2012.eamt-1.41","N13-3005","0.0982143"
"N13-3005","2012.eamt-1.41","0.0982143"
"2012.eamt-1.41","P16-2046","0.135714"
"P16-2046","2012.eamt-1.41","0.135714"
"2012.eamt-1.41","pal-etal-2014-word","0.198214"
"pal-etal-2014-word","2012.eamt-1.41","0.198214"
"2012.eamt-1.41","W10-1720","0.419048"
"W10-1720","2012.eamt-1.41","0.419048"
"2012.eamt-1.41","W10-3707","0.219048"
"W10-3707","2012.eamt-1.41","0.219048"
"2012.eamt-1.41","W12-5606","0.0982143"
"W12-5606","2012.eamt-1.41","0.0982143"
"2012.eamt-1.41","W13-2814","0.281548"
"W13-2814","2012.eamt-1.41","0.281548"
"2012.eamt-1.41","W14-1009","0.135714"
"W14-1009","2012.eamt-1.41","0.135714"
"2012.eamt-1.41","W14-5114","0.119048"
"W14-5114","2012.eamt-1.41","0.119048"
"2012.eamt-1.41","W15-3017","0.0857143"
"W15-3017","2012.eamt-1.41","0.0857143"
"2012.eamt-1.41","W15-3026","0.148214"
"W15-3026","2012.eamt-1.41","0.148214"
"2012.eamt-1.41","W16-2333","0.752381"
"W16-2333","2012.eamt-1.41","0.752381"
"2012.eamt-1.41","W16-6624","0.0857143"
"W16-6624","2012.eamt-1.41","0.0857143"
"2012.eamt-1.41","W18-6455","0.0357143"
"W18-6455","2012.eamt-1.41","0.0357143"
"2012.eamt-1.41","W19-5332","0.0857143"
"W19-5332","2012.eamt-1.41","0.0857143"
"2012.eamt-1.41","Y09-1019","0.135714"
"Y09-1019","2012.eamt-1.41","0.135714"
"2013.mtsummit-papers.17","2013.mtsummit-papers.8","0.126623"
"2013.mtsummit-papers.8","2013.mtsummit-papers.17","0.126623"
"2013.mtsummit-papers.17","2014.amta-wptp.5","0.176623"
"2014.amta-wptp.5","2013.mtsummit-papers.17","0.176623"
"2013.mtsummit-papers.17","2020.coling-main.524","0.0857143"
"2020.coling-main.524","2013.mtsummit-papers.17","0.0857143"
"2013.mtsummit-papers.17","C12-1010","0.348214"
"C12-1010","2013.mtsummit-papers.17","0.348214"
"2013.mtsummit-papers.17","C16-1241","0.148214"
"C16-1241","2013.mtsummit-papers.17","0.148214"
"2013.mtsummit-papers.17","E17-2056","0.148214"
"E17-2056","2013.mtsummit-papers.17","0.148214"
"2013.mtsummit-papers.17","N13-3005","0.439123"
"N13-3005","2013.mtsummit-papers.17","0.439123"
"2013.mtsummit-papers.17","P16-2046","0.0857143"
"P16-2046","2013.mtsummit-papers.17","0.0857143"
"2013.mtsummit-papers.17","pal-etal-2014-word","0.189123"
"pal-etal-2014-word","2013.mtsummit-papers.17","0.189123"
"2013.mtsummit-papers.17","W10-1720","0.285714"
"W10-1720","2013.mtsummit-papers.17","0.285714"
"2013.mtsummit-papers.17","W10-3707","0.176623"
"W10-3707","2013.mtsummit-papers.17","0.176623"
"2013.mtsummit-papers.17","W12-5606","1.98912"
"W12-5606","2013.mtsummit-papers.17","1.98912"
"2013.mtsummit-papers.17","W13-2814","0.0982143"
"W13-2814","2013.mtsummit-papers.17","0.0982143"
"2013.mtsummit-papers.17","W14-1009","0.176623"
"W14-1009","2013.mtsummit-papers.17","0.176623"
"2013.mtsummit-papers.17","W14-5114","0.126623"
"W14-5114","2013.mtsummit-papers.17","0.126623"
"2013.mtsummit-papers.17","W15-3017","0.0857143"
"W15-3017","2013.mtsummit-papers.17","0.0857143"
"2013.mtsummit-papers.17","W15-3026","0.148214"
"W15-3026","2013.mtsummit-papers.17","0.148214"
"2013.mtsummit-papers.17","W16-2333","0.285714"
"W16-2333","2013.mtsummit-papers.17","0.285714"
"2013.mtsummit-papers.17","W16-6624","0.126623"
"W16-6624","2013.mtsummit-papers.17","0.126623"
"2013.mtsummit-papers.17","W18-6455","0.0857143"
"W18-6455","2013.mtsummit-papers.17","0.0857143"
"2013.mtsummit-papers.17","W19-5332","0.0857143"
"W19-5332","2013.mtsummit-papers.17","0.0857143"
"2013.mtsummit-papers.17","Y09-1019","0.176623"
"Y09-1019","2013.mtsummit-papers.17","0.176623"
"2013.mtsummit-papers.8","2014.amta-wptp.5","0.126623"
"2014.amta-wptp.5","2013.mtsummit-papers.8","0.126623"
"2013.mtsummit-papers.8","2020.coling-main.524","0.0357143"
"2020.coling-main.524","2013.mtsummit-papers.8","0.0357143"
"2013.mtsummit-papers.8","C12-1010","0.219048"
"C12-1010","2013.mtsummit-papers.8","0.219048"
"2013.mtsummit-papers.8","C16-1241","0.144538"
"C16-1241","2013.mtsummit-papers.8","0.144538"
"2013.mtsummit-papers.8","E17-2056","0.169048"
"E17-2056","2013.mtsummit-papers.8","0.169048"
"2013.mtsummit-papers.8","N13-3005","0.126623"
"N13-3005","2013.mtsummit-papers.8","0.126623"
"2013.mtsummit-papers.8","P16-2046","0.135714"
"P16-2046","2013.mtsummit-papers.8","0.135714"
"2013.mtsummit-papers.8","pal-etal-2014-word","0.410447"
"pal-etal-2014-word","2013.mtsummit-papers.8","0.410447"
"2013.mtsummit-papers.8","W10-1720","0.219048"
"W10-1720","2013.mtsummit-papers.8","0.219048"
"2013.mtsummit-papers.8","W10-3707","3.69378"
"W10-3707","2013.mtsummit-papers.8","3.69378"
"2013.mtsummit-papers.8","W12-5606","0.126623"
"W12-5606","2013.mtsummit-papers.8","0.126623"
"2013.mtsummit-papers.8","W13-2814","1.60287"
"W13-2814","2013.mtsummit-papers.8","1.60287"
"2013.mtsummit-papers.8","W14-1009","0.285447"
"W14-1009","2013.mtsummit-papers.8","0.285447"
"2013.mtsummit-papers.8","W14-5114","2.09378"
"W14-5114","2013.mtsummit-papers.8","2.09378"
"2013.mtsummit-papers.8","W15-3017","0.769538"
"W15-3017","2013.mtsummit-papers.8","0.769538"
"2013.mtsummit-papers.8","W15-3026","0.144538"
"W15-3026","2013.mtsummit-papers.8","0.144538"
"2013.mtsummit-papers.8","W16-2333","0.277871"
"W16-2333","2013.mtsummit-papers.8","0.277871"
"2013.mtsummit-papers.8","W16-6624","0.360447"
"W16-6624","2013.mtsummit-papers.8","0.360447"
"2013.mtsummit-papers.8","W18-6455","0.0357143"
"W18-6455","2013.mtsummit-papers.8","0.0357143"
"2013.mtsummit-papers.8","W19-5332","0.0857143"
"W19-5332","2013.mtsummit-papers.8","0.0857143"
"2013.mtsummit-papers.8","Y09-1019","0.410447"
"Y09-1019","2013.mtsummit-papers.8","0.410447"
"2014.amta-wptp.5","2020.coling-main.524","0.0857143"
"2020.coling-main.524","2014.amta-wptp.5","0.0857143"
"2014.amta-wptp.5","C12-1010","0.0857143"
"C12-1010","2014.amta-wptp.5","0.0857143"
"2014.amta-wptp.5","C16-1241","0.0857143"
"C16-1241","2014.amta-wptp.5","0.0857143"
"2014.amta-wptp.5","E17-2056","0.0857143"
"E17-2056","2014.amta-wptp.5","0.0857143"
"2014.amta-wptp.5","N13-3005","0.126623"
"N13-3005","2014.amta-wptp.5","0.126623"
"2014.amta-wptp.5","P16-2046","0.0857143"
"P16-2046","2014.amta-wptp.5","0.0857143"
"2014.amta-wptp.5","pal-etal-2014-word","0.126623"
"pal-etal-2014-word","2014.amta-wptp.5","0.126623"
"2014.amta-wptp.5","W10-1720","0.0857143"
"W10-1720","2014.amta-wptp.5","0.0857143"
"2014.amta-wptp.5","W10-3707","0.176623"
"W10-3707","2014.amta-wptp.5","0.176623"
"2014.amta-wptp.5","W12-5606","0.176623"
"W12-5606","2014.amta-wptp.5","0.176623"
"2014.amta-wptp.5","W13-2814","0.0357143"
"W13-2814","2014.amta-wptp.5","0.0357143"
"2014.amta-wptp.5","W14-1009","0.176623"
"W14-1009","2014.amta-wptp.5","0.176623"
"2014.amta-wptp.5","W14-5114","0.126623"
"W14-5114","2014.amta-wptp.5","0.126623"
"2014.amta-wptp.5","W15-3017","0.0857143"
"W15-3017","2014.amta-wptp.5","0.0857143"
"2014.amta-wptp.5","W15-3026","0.0857143"
"W15-3026","2014.amta-wptp.5","0.0857143"
"2014.amta-wptp.5","W16-2333","0.0857143"
"W16-2333","2014.amta-wptp.5","0.0857143"
"2014.amta-wptp.5","W16-6624","0.126623"
"W16-6624","2014.amta-wptp.5","0.126623"
"2014.amta-wptp.5","W18-6455","0.0857143"
"W18-6455","2014.amta-wptp.5","0.0857143"
"2014.amta-wptp.5","W19-5332","0.0857143"
"W19-5332","2014.amta-wptp.5","0.0857143"
"2014.amta-wptp.5","Y09-1019","0.176623"
"Y09-1019","2014.amta-wptp.5","0.176623"
"2020.coling-main.524","C12-1010","0.0857143"
"C12-1010","2020.coling-main.524","0.0857143"
"2020.coling-main.524","C16-1241","0.585714"
"C16-1241","2020.coling-main.524","0.585714"
"2020.coling-main.524","E17-2056","2.58571"
"E17-2056","2020.coling-main.524","2.58571"
"2020.coling-main.524","N13-3005","0.0357143"
"N13-3005","2020.coling-main.524","0.0357143"
"2020.coling-main.524","P16-2046","0.0857143"
"P16-2046","2020.coling-main.524","0.0857143"
"2020.coling-main.524","pal-etal-2014-word","0.0357143"
"pal-etal-2014-word","2020.coling-main.524","0.0357143"
"2020.coling-main.524","W10-1720","0.0857143"
"W10-1720","2020.coling-main.524","0.0857143"
"2020.coling-main.524","W10-3707","0.0857143"
"W10-3707","2020.coling-main.524","0.0857143"
"2020.coling-main.524","W12-5606","0.0857143"
"W12-5606","2020.coling-main.524","0.0857143"
"2020.coling-main.524","W13-2814","0.0357143"
"W13-2814","2020.coling-main.524","0.0357143"
"2020.coling-main.524","W14-1009","0.0857143"
"W14-1009","2020.coling-main.524","0.0857143"
"2020.coling-main.524","W14-5114","0.0357143"
"W14-5114","2020.coling-main.524","0.0357143"
"2020.coling-main.524","W15-3017","0.0857143"
"W15-3017","2020.coling-main.524","0.0857143"
"2020.coling-main.524","W15-3026","0.0857143"
"W15-3026","2020.coling-main.524","0.0857143"
"2020.coling-main.524","W16-2333","0.0857143"
"W16-2333","2020.coling-main.524","0.0857143"
"2020.coling-main.524","W16-6624","0.0357143"
"W16-6624","2020.coling-main.524","0.0357143"
"2020.coling-main.524","W18-6455","0.0857143"
"W18-6455","2020.coling-main.524","0.0857143"
"2020.coling-main.524","W19-5332","1.08571"
"W19-5332","2020.coling-main.524","1.08571"
"2020.coling-main.524","Y09-1019","0.0857143"
"Y09-1019","2020.coling-main.524","0.0857143"
"C12-1010","C16-1241","0.364881"
"C16-1241","C12-1010","0.364881"
"C12-1010","E17-2056","0.448214"
"E17-2056","C12-1010","0.448214"
"C12-1010","N13-3005","0.0982143"
"N13-3005","C12-1010","0.0982143"
"C12-1010","P16-2046","0.352381"
"P16-2046","C12-1010","0.352381"
"C12-1010","pal-etal-2014-word","0.198214"
"pal-etal-2014-word","C12-1010","0.198214"
"C12-1010","W10-1720","0.469048"
"W10-1720","C12-1010","0.469048"
"C12-1010","W10-3707","0.269048"
"W10-3707","C12-1010","0.269048"
"C12-1010","W12-5606","0.148214"
"W12-5606","C12-1010","0.148214"
"C12-1010","W13-2814","0.281548"
"W13-2814","C12-1010","0.281548"
"C12-1010","W14-1009","0.185714"
"W14-1009","C12-1010","0.185714"
"C12-1010","W14-5114","0.119048"
"W14-5114","C12-1010","0.119048"
"C12-1010","W15-3017","0.302381"
"W15-3017","C12-1010","0.302381"
"C12-1010","W15-3026","1.36488"
"W15-3026","C12-1010","1.36488"
"C12-1010","W16-2333","2.30238"
"W16-2333","C12-1010","2.30238"
"C12-1010","W16-6624","0.0857143"
"W16-6624","C12-1010","0.0857143"
"C12-1010","W18-6455","0.0857143"
"W18-6455","C12-1010","0.0857143"
"C12-1010","W19-5332","0.135714"
"W19-5332","C12-1010","0.135714"
"C12-1010","Y09-1019","0.185714"
"Y09-1019","C12-1010","0.185714"
"C16-1241","E17-2056","4.23155"
"E17-2056","C16-1241","4.23155"
"C16-1241","N13-3005","0.0982143"
"N13-3005","C16-1241","0.0982143"
"C16-1241","P16-2046","1.69524"
"P16-2046","C16-1241","1.69524"
"C16-1241","pal-etal-2014-word","0.207038"
"pal-etal-2014-word","C16-1241","0.207038"
"C16-1241","W10-1720","1.63571"
"W10-1720","C16-1241","1.63571"
"C16-1241","W10-3707","0.194538"
"W10-3707","C16-1241","0.194538"
"C16-1241","W12-5606","0.314881"
"W12-5606","C16-1241","0.314881"
"C16-1241","W13-2814","0.207038"
"W13-2814","C16-1241","0.207038"
"C16-1241","W14-1009","0.194538"
"W14-1009","C16-1241","0.194538"
"C16-1241","W14-5114","0.594538"
"W14-5114","C16-1241","0.594538"
"C16-1241","W15-3017","3.5612"
"W15-3017","C16-1241","3.5612"
"C16-1241","W15-3026","2.68323"
"W15-3026","C16-1241","2.68323"
"C16-1241","W16-2333","1.1112"
"W16-2333","C16-1241","1.1112"
"C16-1241","W16-6624","0.294538"
"W16-6624","C16-1241","0.294538"
"C16-1241","W18-6455","0.0857143"
"W18-6455","C16-1241","0.0857143"
"C16-1241","W19-5332","0.0857143"
"W19-5332","C16-1241","0.0857143"
"C16-1241","Y09-1019","0.194538"
"Y09-1019","C16-1241","0.194538"
"E17-2056","N13-3005","0.0982143"
"N13-3005","E17-2056","0.0982143"
"E17-2056","P16-2046","1.55238"
"P16-2046","E17-2056","1.55238"
"E17-2056","pal-etal-2014-word","0.481548"
"pal-etal-2014-word","E17-2056","0.481548"
"E17-2056","W10-1720","0.219048"
"W10-1720","E17-2056","0.219048"
"E17-2056","W10-3707","0.552381"
"W10-3707","E17-2056","0.552381"
"E17-2056","W12-5606","0.314881"
"W12-5606","E17-2056","0.314881"
"E17-2056","W13-2814","0.564881"
"W13-2814","E17-2056","0.564881"
"E17-2056","W14-1009","0.135714"
"W14-1009","E17-2056","0.135714"
"E17-2056","W14-5114","0.119048"
"W14-5114","E17-2056","0.119048"
"E17-2056","W15-3017","1.00238"
"W15-3017","E17-2056","1.00238"
"E17-2056","W15-3026","3.01488"
"W15-3026","E17-2056","3.01488"
"E17-2056","W16-2333","1.33571"
"W16-2333","E17-2056","1.33571"
"E17-2056","W16-6624","0.235714"
"W16-6624","E17-2056","0.235714"
"E17-2056","W18-6455","0.0857143"
"W18-6455","E17-2056","0.0857143"
"E17-2056","W19-5332","0.0857143"
"W19-5332","E17-2056","0.0857143"
"E17-2056","Y09-1019","0.135714"
"Y09-1019","E17-2056","0.135714"
"N13-3005","P16-2046","0.0357143"
"P16-2046","N13-3005","0.0357143"
"N13-3005","pal-etal-2014-word","0.189123"
"pal-etal-2014-word","N13-3005","0.189123"
"N13-3005","W10-1720","0.0357143"
"W10-1720","N13-3005","0.0357143"
"N13-3005","W10-3707","0.126623"
"W10-3707","N13-3005","0.126623"
"N13-3005","W12-5606","1.93912"
"W12-5606","N13-3005","1.93912"
"N13-3005","W13-2814","0.0982143"
"W13-2814","N13-3005","0.0982143"
"N13-3005","W14-1009","0.126623"
"W14-1009","N13-3005","0.126623"
"N13-3005","W14-5114","0.126623"
"W14-5114","N13-3005","0.126623"
"N13-3005","W15-3017","0.0357143"
"W15-3017","N13-3005","0.0357143"
"N13-3005","W15-3026","0.0982143"
"W15-3026","N13-3005","0.0982143"
"N13-3005","W16-2333","0.0357143"
"W16-2333","N13-3005","0.0357143"
"N13-3005","W16-6624","0.126623"
"W16-6624","N13-3005","0.126623"
"N13-3005","W18-6455","0.0357143"
"W18-6455","N13-3005","0.0357143"
"N13-3005","W19-5332","0.0357143"
"W19-5332","N13-3005","0.0357143"
"N13-3005","Y09-1019","0.126623"
"Y09-1019","N13-3005","0.126623"
"P16-2046","pal-etal-2014-word","0.135714"
"pal-etal-2014-word","P16-2046","0.135714"
"P16-2046","W10-1720","0.185714"
"W10-1720","P16-2046","0.185714"
"P16-2046","W10-3707","0.185714"
"W10-3707","P16-2046","0.185714"
"P16-2046","W12-5606","0.0857143"
"W12-5606","P16-2046","0.0857143"
"P16-2046","W13-2814","0.135714"
"W13-2814","P16-2046","0.135714"
"P16-2046","W14-1009","0.185714"
"W14-1009","P16-2046","0.185714"
"P16-2046","W14-5114","0.0357143"
"W14-5114","P16-2046","0.0357143"
"P16-2046","W15-3017","0.302381"
"W15-3017","P16-2046","0.302381"
"P16-2046","W15-3026","2.44524"
"W15-3026","P16-2046","2.44524"
"P16-2046","W16-2333","0.352381"
"W16-2333","P16-2046","0.352381"
"P16-2046","W16-6624","0.0857143"
"W16-6624","P16-2046","0.0857143"
"P16-2046","W18-6455","0.0857143"
"W18-6455","P16-2046","0.0857143"
"P16-2046","W19-5332","0.135714"
"W19-5332","P16-2046","0.135714"
"P16-2046","Y09-1019","0.185714"
"Y09-1019","P16-2046","0.185714"
"pal-etal-2014-word","W10-1720","0.135714"
"W10-1720","pal-etal-2014-word","0.135714"
"pal-etal-2014-word","W10-3707","0.410447"
"W10-3707","pal-etal-2014-word","0.410447"
"pal-etal-2014-word","W12-5606","0.189123"
"W12-5606","pal-etal-2014-word","0.189123"
"pal-etal-2014-word","W13-2814","0.382038"
"W13-2814","pal-etal-2014-word","0.382038"
"pal-etal-2014-word","W14-1009","0.285447"
"W14-1009","pal-etal-2014-word","0.285447"
"pal-etal-2014-word","W14-5114","0.310447"
"W14-5114","pal-etal-2014-word","0.310447"
"pal-etal-2014-word","W15-3017","0.269538"
"W15-3017","pal-etal-2014-word","0.269538"
"pal-etal-2014-word","W15-3026","0.540371"
"W15-3026","pal-etal-2014-word","0.540371"
"pal-etal-2014-word","W16-2333","0.527871"
"W16-2333","pal-etal-2014-word","0.527871"
"pal-etal-2014-word","W16-6624","0.360447"
"W16-6624","pal-etal-2014-word","0.360447"
"pal-etal-2014-word","W18-6455","0.0357143"
"W18-6455","pal-etal-2014-word","0.0357143"
"pal-etal-2014-word","W19-5332","0.0857143"
"W19-5332","pal-etal-2014-word","0.0857143"
"pal-etal-2014-word","Y09-1019","0.410447"
"Y09-1019","pal-etal-2014-word","0.410447"
"W10-1720","W10-3707","0.269048"
"W10-3707","W10-1720","0.269048"
"W10-1720","W12-5606","0.0857143"
"W12-5606","W10-1720","0.0857143"
"W10-1720","W13-2814","0.219048"
"W13-2814","W10-1720","0.219048"
"W10-1720","W14-1009","0.185714"
"W14-1009","W10-1720","0.185714"
"W10-1720","W14-5114","0.119048"
"W14-5114","W10-1720","0.119048"
"W10-1720","W15-3017","0.635714"
"W15-3017","W10-1720","0.635714"
"W10-1720","W15-3026","0.135714"
"W15-3026","W10-1720","0.135714"
"W10-1720","W16-2333","0.469048"
"W16-2333","W10-1720","0.469048"
"W10-1720","W16-6624","0.0857143"
"W16-6624","W10-1720","0.0857143"
"W10-1720","W18-6455","0.0857143"
"W18-6455","W10-1720","0.0857143"
"W10-1720","W19-5332","0.135714"
"W19-5332","W10-1720","0.135714"
"W10-1720","Y09-1019","1.01905"
"Y09-1019","W10-1720","1.01905"
"W10-3707","W12-5606","0.176623"
"W12-5606","W10-3707","0.176623"
"W10-3707","W13-2814","3.9362"
"W13-2814","W10-3707","3.9362"
"W10-3707","W14-1009","0.335447"
"W14-1009","W10-3707","0.335447"
"W10-3707","W14-5114","1.59378"
"W14-5114","W10-3707","1.59378"
"W10-3707","W15-3017","0.652871"
"W15-3017","W10-3707","0.652871"
"W10-3707","W15-3026","0.194538"
"W15-3026","W10-3707","0.194538"
"W10-3707","W16-2333","0.327871"
"W16-2333","W10-3707","0.327871"
"W10-3707","W16-6624","0.360447"
"W16-6624","W10-3707","0.360447"
"W10-3707","W18-6455","0.0857143"
"W18-6455","W10-3707","0.0857143"
"W10-3707","W19-5332","0.135714"
"W19-5332","W10-3707","0.135714"
"W10-3707","Y09-1019","0.460447"
"Y09-1019","W10-3707","0.460447"
"W12-5606","W13-2814","0.0982143"
"W13-2814","W12-5606","0.0982143"
"W12-5606","W14-1009","0.176623"
"W14-1009","W12-5606","0.176623"
"W12-5606","W14-5114","0.126623"
"W14-5114","W12-5606","0.126623"
"W12-5606","W15-3017","0.252381"
"W15-3017","W12-5606","0.252381"
"W12-5606","W15-3026","0.314881"
"W15-3026","W12-5606","0.314881"
"W12-5606","W16-2333","0.252381"
"W16-2333","W12-5606","0.252381"
"W12-5606","W16-6624","0.126623"
"W16-6624","W12-5606","0.126623"
"W12-5606","W18-6455","0.0857143"
"W18-6455","W12-5606","0.0857143"
"W12-5606","W19-5332","0.0857143"
"W19-5332","W12-5606","0.0857143"
"W12-5606","Y09-1019","0.176623"
"Y09-1019","W12-5606","0.176623"
"W13-2814","W14-1009","0.194538"
"W14-1009","W13-2814","0.194538"
"W13-2814","W14-5114","1.00287"
"W14-5114","W13-2814","1.00287"
"W13-2814","W15-3017","1.10287"
"W15-3017","W13-2814","1.10287"
"W13-2814","W15-3026","0.207038"
"W15-3026","W13-2814","0.207038"
"W13-2814","W16-2333","0.277871"
"W16-2333","W13-2814","0.277871"
"W13-2814","W16-6624","0.269538"
"W16-6624","W13-2814","0.269538"
"W13-2814","W18-6455","0.0357143"
"W18-6455","W13-2814","0.0357143"
"W13-2814","W19-5332","0.0857143"
"W19-5332","W13-2814","0.0857143"
"W13-2814","Y09-1019","0.319538"
"Y09-1019","W13-2814","0.319538"
"W14-1009","W14-5114","0.185447"
"W14-5114","W14-1009","0.185447"
"W14-1009","W15-3017","0.194538"
"W15-3017","W14-1009","0.194538"
"W14-1009","W15-3026","0.194538"
"W15-3026","W14-1009","0.194538"
"W14-1009","W16-2333","0.244538"
"W16-2333","W14-1009","0.244538"
"W14-1009","W16-6624","0.235447"
"W16-6624","W14-1009","0.235447"
"W14-1009","W18-6455","0.0857143"
"W18-6455","W14-1009","0.0857143"
"W14-1009","W19-5332","0.135714"
"W19-5332","W14-1009","0.135714"
"W14-1009","Y09-1019","0.335447"
"Y09-1019","W14-1009","0.335447"
"W14-5114","W15-3017","0.219538"
"W15-3017","W14-5114","0.219538"
"W14-5114","W15-3026","0.0945378"
"W15-3026","W14-5114","0.0945378"
"W14-5114","W16-2333","0.177871"
"W16-2333","W14-5114","0.177871"
"W14-5114","W16-6624","0.310447"
"W16-6624","W14-5114","0.310447"
"W14-5114","W18-6455","0.0357143"
"W18-6455","W14-5114","0.0357143"
"W14-5114","W19-5332","0.0357143"
"W19-5332","W14-5114","0.0357143"
"W14-5114","Y09-1019","0.310447"
"Y09-1019","W14-5114","0.310447"
"W15-3017","W15-3026","1.72787"
"W15-3026","W15-3017","1.72787"
"W15-3017","W16-2333","0.861205"
"W16-2333","W15-3017","0.861205"
"W15-3017","W16-6624","0.419538"
"W16-6624","W15-3017","0.419538"
"W15-3017","W18-6455","0.0857143"
"W18-6455","W15-3017","0.0857143"
"W15-3017","W19-5332","0.0857143"
"W19-5332","W15-3017","0.0857143"
"W15-3017","Y09-1019","0.319538"
"Y09-1019","W15-3017","0.319538"
"W15-3026","W16-2333","1.3112"
"W16-2333","W15-3026","1.3112"
"W15-3026","W16-6624","0.294538"
"W16-6624","W15-3026","0.294538"
"W15-3026","W18-6455","0.0857143"
"W18-6455","W15-3026","0.0857143"
"W15-3026","W19-5332","0.0857143"
"W19-5332","W15-3026","0.0857143"
"W15-3026","Y09-1019","0.194538"
"Y09-1019","W15-3026","0.194538"
"W16-2333","W16-6624","0.144538"
"W16-6624","W16-2333","0.144538"
"W16-2333","W18-6455","0.0857143"
"W18-6455","W16-2333","0.0857143"
"W16-2333","W19-5332","0.135714"
"W19-5332","W16-2333","0.135714"
"W16-2333","Y09-1019","0.244538"
"Y09-1019","W16-2333","0.244538"
"W16-6624","W18-6455","0.0357143"
"W18-6455","W16-6624","0.0357143"
"W16-6624","W19-5332","0.0857143"
"W19-5332","W16-6624","0.0857143"
"W16-6624","Y09-1019","0.360447"
"Y09-1019","W16-6624","0.360447"
"W18-6455","W19-5332","0.0857143"
"W19-5332","W18-6455","0.0857143"
"W18-6455","Y09-1019","0.0857143"
"Y09-1019","W18-6455","0.0857143"
"W19-5332","Y09-1019","0.135714"
"Y09-1019","W19-5332","0.135714"
"2009.eamt-1.32","2010.amta-papers.23","8.09216"
"2010.amta-papers.23","2009.eamt-1.32","8.09216"
"2010.amta-papers.23","Y09-1019","6.72549"
"Y09-1019","2010.amta-papers.23","6.72549"
"2010.amta-papers.23","W10-1720","2.41667"
"W10-1720","2010.amta-papers.23","2.41667"
"2009.eamt-1.32","W09-3523","2.14216"
"W09-3523","2009.eamt-1.32","2.14216"
"2010.amta-papers.23","E17-2056","0.283333"
"E17-2056","2010.amta-papers.23","0.283333"
"2010.amta-papers.23","W09-3523","1.42549"
"W09-3523","2010.amta-papers.23","1.42549"
"2010.amta-papers.23","W15-3026","0.258824"
"W15-3026","2010.amta-papers.23","0.258824"
"2010.amta-papers.23","W16-2333","0.342157"
"W16-2333","2010.amta-papers.23","0.342157"
"E17-2056","W09-3523","0.2"
"W09-3523","E17-2056","0.2"
"W09-3523","W15-3026","0.258824"
"W15-3026","W09-3523","0.258824"
"W09-3523","W16-2333","0.308824"
"W16-2333","W09-3523","0.308824"
"2009.eamt-1.32","2011.eamt-1.29","0.408824"
"2011.eamt-1.29","2009.eamt-1.32","0.408824"
"2009.eamt-1.32","Y09-2027","0.158824"
"Y09-2027","2009.eamt-1.32","0.158824"
"2010.amta-papers.23","2011.eamt-1.29","0.142157"
"2011.eamt-1.29","2010.amta-papers.23","0.142157"
"2010.amta-papers.23","2011.iwslt-evaluation.4","0.142157"
"2011.iwslt-evaluation.4","2010.amta-papers.23","0.142157"
"2010.amta-papers.23","2013.mtsummit-papers.8","0.142157"
"2013.mtsummit-papers.8","2010.amta-papers.23","0.142157"
"2010.amta-papers.23","C16-1241","0.0588235"
"C16-1241","2010.amta-papers.23","0.0588235"
"2010.amta-papers.23","pal-etal-2014-word","0.0588235"
"pal-etal-2014-word","2010.amta-papers.23","0.0588235"
"2010.amta-papers.23","W10-3707","0.142157"
"W10-3707","2010.amta-papers.23","0.142157"
"2010.amta-papers.23","W13-2814","0.142157"
"W13-2814","2010.amta-papers.23","0.142157"
"2010.amta-papers.23","W14-1009","0.0588235"
"W14-1009","2010.amta-papers.23","0.0588235"
"2010.amta-papers.23","W14-5114","0.142157"
"W14-5114","2010.amta-papers.23","0.142157"
"2010.amta-papers.23","W15-3017","0.0588235"
"W15-3017","2010.amta-papers.23","0.0588235"
"2010.amta-papers.23","W16-6624","0.0588235"
"W16-6624","2010.amta-papers.23","0.0588235"
"2010.amta-papers.23","Y09-2027","0.0588235"
"Y09-2027","2010.amta-papers.23","0.0588235"
"2011.eamt-1.29","2011.iwslt-evaluation.4","0.304657"
"2011.iwslt-evaluation.4","2011.eamt-1.29","0.304657"
"2011.eamt-1.29","2013.mtsummit-papers.8","0.242157"
"2013.mtsummit-papers.8","2011.eamt-1.29","0.242157"
"2011.eamt-1.29","C16-1241","0.171324"
"C16-1241","2011.eamt-1.29","0.171324"
"2011.eamt-1.29","pal-etal-2014-word","0.221324"
"pal-etal-2014-word","2011.eamt-1.29","0.221324"
"2011.eamt-1.29","W09-3523","0.108824"
"W09-3523","2011.eamt-1.29","0.108824"
"2011.eamt-1.29","W10-3707","0.242157"
"W10-3707","2011.eamt-1.29","0.242157"
"2011.eamt-1.29","W13-2814","0.304657"
"W13-2814","2011.eamt-1.29","0.304657"
"2011.eamt-1.29","W14-1009","0.158824"
"W14-1009","2011.eamt-1.29","0.158824"
"2011.eamt-1.29","W14-5114","0.142157"
"W14-5114","2011.eamt-1.29","0.142157"
"2011.eamt-1.29","W15-3017","1.10882"
"W15-3017","2011.eamt-1.29","1.10882"
"2011.eamt-1.29","W15-3026","0.171324"
"W15-3026","2011.eamt-1.29","0.171324"
"2011.eamt-1.29","W16-2333","0.242157"
"W16-2333","2011.eamt-1.29","0.242157"
"2011.eamt-1.29","W16-6624","0.108824"
"W16-6624","2011.eamt-1.29","0.108824"
"2011.eamt-1.29","Y09-1019","0.158824"
"Y09-1019","2011.eamt-1.29","0.158824"
"2011.eamt-1.29","Y09-2027","0.158824"
"Y09-2027","2011.eamt-1.29","0.158824"
"2011.iwslt-evaluation.4","W09-3523","0.108824"
"W09-3523","2011.iwslt-evaluation.4","0.108824"
"2011.iwslt-evaluation.4","Y09-2027","0.158824"
"Y09-2027","2011.iwslt-evaluation.4","0.158824"
"2013.mtsummit-papers.8","W09-3523","0.233824"
"W09-3523","2013.mtsummit-papers.8","0.233824"
"2013.mtsummit-papers.8","Y09-2027","0.358824"
"Y09-2027","2013.mtsummit-papers.8","0.358824"
"C16-1241","W09-3523","0.0588235"
"W09-3523","C16-1241","0.0588235"
"C16-1241","Y09-2027","0.108824"
"Y09-2027","C16-1241","0.108824"
"pal-etal-2014-word","W09-3523","0.233824"
"W09-3523","pal-etal-2014-word","0.233824"
"pal-etal-2014-word","Y09-2027","0.158824"
"Y09-2027","pal-etal-2014-word","0.158824"
"W09-3523","W10-3707","0.233824"
"W10-3707","W09-3523","0.233824"
"W09-3523","W13-2814","0.233824"
"W13-2814","W09-3523","0.233824"
"W09-3523","W14-1009","0.108824"
"W14-1009","W09-3523","0.108824"
"W09-3523","W14-5114","0.183824"
"W14-5114","W09-3523","0.183824"
"W09-3523","W15-3017","0.183824"
"W15-3017","W09-3523","0.183824"
"W09-3523","W16-6624","0.233824"
"W16-6624","W09-3523","0.233824"
"W09-3523","Y09-1019","1.40049"
"Y09-1019","W09-3523","1.40049"
"W09-3523","Y09-2027","0.108824"
"Y09-2027","W09-3523","0.108824"
"W10-3707","Y09-2027","0.358824"
"Y09-2027","W10-3707","0.358824"
"W13-2814","Y09-2027","0.358824"
"Y09-2027","W13-2814","0.358824"
"W14-1009","Y09-2027","0.158824"
"Y09-2027","W14-1009","0.158824"
"W14-5114","Y09-2027","0.258824"
"Y09-2027","W14-5114","0.258824"
"W15-3017","Y09-2027","0.108824"
"Y09-2027","W15-3017","0.108824"
"W15-3026","Y09-2027","0.108824"
"Y09-2027","W15-3026","0.108824"
"W16-2333","Y09-2027","0.492157"
"Y09-2027","W16-2333","0.492157"
"W16-6624","Y09-2027","0.108824"
"Y09-2027","W16-6624","0.108824"
"Y09-1019","Y09-2027","0.158824"
"Y09-2027","Y09-1019","0.158824"
"2009.eamt-1.32","2011.mtsummit-papers.32","0.1"
"2011.mtsummit-papers.32","2009.eamt-1.32","0.1"
"2010.amta-papers.16","2011.eamt-1.29","0.4125"
"2011.eamt-1.29","2010.amta-papers.16","0.4125"
"2010.amta-papers.16","2011.mtsummit-papers.32","1.24583"
"2011.mtsummit-papers.32","2010.amta-papers.16","1.24583"
"2010.amta-papers.16","Y09-2027","5.85"
"Y09-2027","2010.amta-papers.16","5.85"
"2011.eamt-1.29","2011.mtsummit-papers.32","0.245833"
"2011.mtsummit-papers.32","2011.eamt-1.29","0.245833"
"2011.eamt-1.29","2012.eamt-1.41","0.245833"
"2012.eamt-1.41","2011.eamt-1.29","0.245833"
"2011.eamt-1.29","C12-1010","0.245833"
"C12-1010","2011.eamt-1.29","0.245833"
"2011.eamt-1.29","E17-2056","0.195833"
"E17-2056","2011.eamt-1.29","0.195833"
"2011.eamt-1.29","P16-2046","0.1"
"P16-2046","2011.eamt-1.29","0.1"
"2011.eamt-1.29","W10-1720","1.43333"
"W10-1720","2011.eamt-1.29","1.43333"
"2011.iwslt-evaluation.4","2011.mtsummit-papers.32","0.245833"
"2011.mtsummit-papers.32","2011.iwslt-evaluation.4","0.245833"
