"2020.aacl-main.61","2020.acl-main.449","1"
"2020.acl-main.449","2020.aacl-main.61","1"
"2020.aacl-main.61","Q19-1039","1"
"Q19-1039","2020.aacl-main.61","1"
"2020.aacl-main.61","2020.acl-main.341","0.333333"
"2020.acl-main.341","2020.aacl-main.61","0.333333"
"2020.aacl-main.61","2021.acl-long.111","0.333333"
"2021.acl-long.111","2020.aacl-main.61","0.333333"
"2020.aacl-main.61","2021.findings-acl.294","0.333333"
"2021.findings-acl.294","2020.aacl-main.61","0.333333"
"2020.acl-main.341","2021.acl-long.111","0.333333"
"2021.acl-long.111","2020.acl-main.341","0.333333"
"2020.acl-main.341","2021.findings-acl.294","0.490909"
"2021.findings-acl.294","2020.acl-main.341","0.490909"
"2021.acl-long.111","2021.findings-acl.294","0.333333"
"2021.findings-acl.294","2021.acl-long.111","0.333333"
"2020.aacl-main.61","P18-1221","1"
"P18-1221","2020.aacl-main.61","1"
"2020.acl-main.260","2021.findings-acl.364","0.333333"
"2021.findings-acl.364","2020.acl-main.260","0.333333"
"2020.acl-main.260","N19-1064","0.658009"
"N19-1064","2020.acl-main.260","0.658009"
"2020.acl-main.260","P19-1159","2.05801"
"P19-1159","2020.acl-main.260","2.05801"
"2021.findings-acl.364","N19-1064","0.333333"
"N19-1064","2021.findings-acl.364","0.333333"
"2021.findings-acl.364","P19-1159","0.333333"
"P19-1159","2021.findings-acl.364","0.333333"
"N19-1064","P19-1159","2.26912"
"P19-1159","N19-1064","2.26912"
"2020.acl-main.260","2020.acl-main.310","0.0909091"
"2020.acl-main.310","2020.acl-main.260","0.0909091"
"2020.acl-main.260","2020.acl-main.469","0.0909091"
"2020.acl-main.469","2020.acl-main.260","0.0909091"
"2020.acl-main.260","2020.acl-main.75","0.0909091"
"2020.acl-main.75","2020.acl-main.260","0.0909091"
"2020.acl-main.260","2021.naacl-main.420","0.290909"
"2021.naacl-main.420","2020.acl-main.260","0.290909"
"2020.acl-main.260","D18-1521","1.18182"
"D18-1521","2020.acl-main.260","1.18182"
"2020.acl-main.260","D19-1113","0.0909091"
"D19-1113","2020.acl-main.260","0.0909091"
"2020.acl-main.260","K19-1015","0.590909"
"K19-1015","2020.acl-main.260","0.590909"
"2020.acl-main.260","P19-1402","0.257576"
"P19-1402","2020.acl-main.260","0.257576"
"2020.acl-main.260","Q19-1039","0.0909091"
"Q19-1039","2020.acl-main.260","0.0909091"
"2020.acl-main.310","2020.acl-main.469","0.424242"
"2020.acl-main.469","2020.acl-main.310","0.424242"
"2020.acl-main.310","2020.acl-main.75","0.0909091"
"2020.acl-main.75","2020.acl-main.310","0.0909091"
"2020.acl-main.310","2021.naacl-main.420","0.515152"
"2021.naacl-main.420","2020.acl-main.310","0.515152"
"2020.acl-main.310","D18-1521","0.0909091"
"D18-1521","2020.acl-main.310","0.0909091"
"2020.acl-main.310","D19-1113","0.598485"
"D19-1113","2020.acl-main.310","0.598485"
"2020.acl-main.310","K19-1015","0.0909091"
"K19-1015","2020.acl-main.310","0.0909091"
"2020.acl-main.310","N19-1064","0.0909091"
"N19-1064","2020.acl-main.310","0.0909091"
"2020.acl-main.310","P19-1159","0.0909091"
"P19-1159","2020.acl-main.310","0.0909091"
"2020.acl-main.310","P19-1402","0.0909091"
"P19-1402","2020.acl-main.310","0.0909091"
"2020.acl-main.310","Q19-1039","1.34848"
"Q19-1039","2020.acl-main.310","1.34848"
"2020.acl-main.469","2020.acl-main.75","0.0909091"
"2020.acl-main.75","2020.acl-main.469","0.0909091"
"2020.acl-main.469","2021.naacl-main.420","0.424242"
"2021.naacl-main.420","2020.acl-main.469","0.424242"
"2020.acl-main.469","D18-1521","0.0909091"
"D18-1521","2020.acl-main.469","0.0909091"
"2020.acl-main.469","D19-1113","0.0909091"
"D19-1113","2020.acl-main.469","0.0909091"
"2020.acl-main.469","K19-1015","0.0909091"
"K19-1015","2020.acl-main.469","0.0909091"
"2020.acl-main.469","N19-1064","0.0909091"
"N19-1064","2020.acl-main.469","0.0909091"
"2020.acl-main.469","P19-1159","0.0909091"
"P19-1159","2020.acl-main.469","0.0909091"
"2020.acl-main.469","P19-1402","0.0909091"
"P19-1402","2020.acl-main.469","0.0909091"
"2020.acl-main.469","Q19-1039","1.09091"
"Q19-1039","2020.acl-main.469","1.09091"
"2020.acl-main.75","2021.naacl-main.420","0.0909091"
"2021.naacl-main.420","2020.acl-main.75","0.0909091"
"2020.acl-main.75","D18-1521","0.157576"
"D18-1521","2020.acl-main.75","0.157576"
"2020.acl-main.75","D19-1113","1.09091"
"D19-1113","2020.acl-main.75","1.09091"
"2020.acl-main.75","K19-1015","0.0909091"
"K19-1015","2020.acl-main.75","0.0909091"
"2020.acl-main.75","N19-1064","0.157576"
"N19-1064","2020.acl-main.75","0.157576"
"2020.acl-main.75","P19-1159","0.0909091"
"P19-1159","2020.acl-main.75","0.0909091"
"2020.acl-main.75","P19-1402","0.0909091"
"P19-1402","2020.acl-main.75","0.0909091"
"2020.acl-main.75","Q19-1039","0.590909"
"Q19-1039","2020.acl-main.75","0.590909"
"2021.naacl-main.420","D18-1521","0.20202"
"D18-1521","2021.naacl-main.420","0.20202"
"2021.naacl-main.420","D19-1113","0.181818"
"D19-1113","2021.naacl-main.420","0.181818"
"2021.naacl-main.420","K19-1015","0.590909"
"K19-1015","2021.naacl-main.420","0.590909"
"2021.naacl-main.420","N19-1064","0.0909091"
"N19-1064","2021.naacl-main.420","0.0909091"
"2021.naacl-main.420","P19-1159","0.40202"
"P19-1159","2021.naacl-main.420","0.40202"
"2021.naacl-main.420","P19-1402","0.0909091"
"P19-1402","2021.naacl-main.420","0.0909091"
"2021.naacl-main.420","Q19-1039","0.181818"
"Q19-1039","2021.naacl-main.420","0.181818"
"D18-1521","D19-1113","0.0909091"
"D19-1113","D18-1521","0.0909091"
"D18-1521","K19-1015","0.0909091"
"K19-1015","D18-1521","0.0909091"
"D18-1521","N19-1064","0.526263"
"N19-1064","D18-1521","0.526263"
"D18-1521","P19-1159","0.570707"
"P19-1159","D18-1521","0.570707"
"D18-1521","P19-1402","1.09091"
"P19-1402","D18-1521","1.09091"
"D18-1521","Q19-1039","0.507576"
"Q19-1039","D18-1521","0.507576"
"D19-1113","K19-1015","0.0909091"
"K19-1015","D19-1113","0.0909091"
"D19-1113","N19-1064","0.0909091"
"N19-1064","D19-1113","0.0909091"
"D19-1113","P19-1159","0.0909091"
"P19-1159","D19-1113","0.0909091"
"D19-1113","P19-1402","0.0909091"
"P19-1402","D19-1113","0.0909091"
"D19-1113","Q19-1039","1.34848"
"Q19-1039","D19-1113","1.34848"
"K19-1015","N19-1064","0.0909091"
"N19-1064","K19-1015","0.0909091"
"K19-1015","P19-1159","0.0909091"
"P19-1159","K19-1015","0.0909091"
"K19-1015","P19-1402","0.0909091"
"P19-1402","K19-1015","0.0909091"
"K19-1015","Q19-1039","0.0909091"
"Q19-1039","K19-1015","0.0909091"
"N19-1064","P19-1402","0.0909091"
"P19-1402","N19-1064","0.0909091"
"N19-1064","Q19-1039","0.590909"
"Q19-1039","N19-1064","0.590909"
"P19-1159","P19-1402","0.0909091"
"P19-1402","P19-1159","0.0909091"
"P19-1159","Q19-1039","0.590909"
"Q19-1039","P19-1159","0.590909"
"P19-1402","Q19-1039","1.09091"
"Q19-1039","P19-1402","1.09091"
"2020.acl-main.260","2020.acl-main.265","0.490909"
"2020.acl-main.265","2020.acl-main.260","0.490909"
"2020.acl-main.260","2021.acl-long.330","0.342857"
"2021.acl-long.330","2020.acl-main.260","0.342857"
"2020.acl-main.260","2021.naacl-main.305","0.2"
"2021.naacl-main.305","2020.acl-main.260","0.2"
"2020.acl-main.260","D19-1339","0.624242"
"D19-1339","2020.acl-main.260","0.624242"
"2020.acl-main.265","2021.acl-long.330","0.45"
"2021.acl-long.330","2020.acl-main.265","0.45"
"2020.acl-main.265","2021.naacl-main.305","0.45"
"2021.naacl-main.305","2020.acl-main.265","0.45"
"2020.acl-main.265","D19-1339","0.40202"
"D19-1339","2020.acl-main.265","0.40202"
"2020.acl-main.265","P19-1159","0.713131"
"P19-1159","2020.acl-main.265","0.713131"
"2021.acl-long.330","2021.naacl-main.305","1.78333"
"2021.naacl-main.305","2021.acl-long.330","1.78333"
"2021.acl-long.330","D19-1339","0.2"
"D19-1339","2021.acl-long.330","0.2"
"2021.acl-long.330","P19-1159","0.342857"
"P19-1159","2021.acl-long.330","0.342857"
"2021.naacl-main.305","D19-1339","0.2"
"D19-1339","2021.naacl-main.305","0.2"
"2021.naacl-main.305","P19-1159","0.7"
"P19-1159","2021.naacl-main.305","0.7"
"D19-1339","P19-1159","0.40202"
"P19-1159","D19-1339","0.40202"
"2020.acl-main.260","2020.acl-main.264","0.590909"
"2020.acl-main.264","2020.acl-main.260","0.590909"
"2020.acl-main.260","2020.findings-emnlp.291","0.7671"
"2020.findings-emnlp.291","2020.acl-main.260","0.7671"
"2020.acl-main.260","2021.emnlp-main.150","0.0909091"
"2021.emnlp-main.150","2020.acl-main.260","0.0909091"
"2020.acl-main.260","2021.naacl-main.361","0.290909"
"2021.naacl-main.361","2020.acl-main.260","0.290909"
"2020.acl-main.260","D19-1531","0.400433"
"D19-1531","2020.acl-main.260","0.400433"
"2020.acl-main.260","N18-2003","0.0909091"
"N18-2003","2020.acl-main.260","0.0909091"
"2020.acl-main.264","2020.acl-main.265","0.313131"
"2020.acl-main.265","2020.acl-main.264","0.313131"
"2020.acl-main.264","2020.findings-emnlp.291","0.313131"
"2020.findings-emnlp.291","2020.acl-main.264","0.313131"
"2020.acl-main.264","2021.emnlp-main.150","0.646465"
"2021.emnlp-main.150","2020.acl-main.264","0.646465"
"2020.acl-main.264","2021.naacl-main.361","0.20202"
"2021.naacl-main.361","2020.acl-main.264","0.20202"
"2020.acl-main.264","D18-1521","0.313131"
"D18-1521","2020.acl-main.264","0.313131"
"2020.acl-main.264","D19-1339","0.20202"
"D19-1339","2020.acl-main.264","0.20202"
"2020.acl-main.264","D19-1531","0.0909091"
"D19-1531","2020.acl-main.264","0.0909091"
"2020.acl-main.264","N18-2003","0.20202"
"N18-2003","2020.acl-main.264","0.20202"
"2020.acl-main.264","N19-1064","0.20202"
"N19-1064","2020.acl-main.264","0.20202"
"2020.acl-main.264","P19-1159","0.313131"
"P19-1159","2020.acl-main.264","0.313131"
"2020.acl-main.265","2020.findings-emnlp.291","0.763131"
"2020.findings-emnlp.291","2020.acl-main.265","0.763131"
"2020.acl-main.265","2021.emnlp-main.150","0.313131"
"2021.emnlp-main.150","2020.acl-main.265","0.313131"
"2020.acl-main.265","2021.naacl-main.361","0.40202"
"2021.naacl-main.361","2020.acl-main.265","0.40202"
"2020.acl-main.265","D18-1521","1.31313"
"D18-1521","2020.acl-main.265","1.31313"
"2020.acl-main.265","D19-1531","1.59091"
"D19-1531","2020.acl-main.265","1.59091"
"2020.acl-main.265","N18-2003","0.20202"
"N18-2003","2020.acl-main.265","0.20202"
"2020.acl-main.265","N19-1064","0.70202"
"N19-1064","2020.acl-main.265","0.70202"
"2020.findings-emnlp.291","2021.emnlp-main.150","0.313131"
"2021.emnlp-main.150","2020.findings-emnlp.291","0.313131"
"2020.findings-emnlp.291","2021.naacl-main.361","0.40202"
"2021.naacl-main.361","2020.findings-emnlp.291","0.40202"
"2020.findings-emnlp.291","D18-1521","0.313131"
"D18-1521","2020.findings-emnlp.291","0.313131"
"2020.findings-emnlp.291","D19-1339","0.535354"
"D19-1339","2020.findings-emnlp.291","0.535354"
"2020.findings-emnlp.291","D19-1531","0.233766"
"D19-1531","2020.findings-emnlp.291","0.233766"
"2020.findings-emnlp.291","N18-2003","0.20202"
"N18-2003","2020.findings-emnlp.291","0.20202"
"2020.findings-emnlp.291","N19-1064","0.344877"
"N19-1064","2020.findings-emnlp.291","0.344877"
"2020.findings-emnlp.291","P19-1159","0.655988"
"P19-1159","2020.findings-emnlp.291","0.655988"
"2021.emnlp-main.150","2021.naacl-main.361","0.20202"
"2021.naacl-main.361","2021.emnlp-main.150","0.20202"
"2021.emnlp-main.150","D18-1521","0.379798"
"D18-1521","2021.emnlp-main.150","0.379798"
"2021.emnlp-main.150","D19-1339","0.20202"
"D19-1339","2021.emnlp-main.150","0.20202"
"2021.emnlp-main.150","D19-1531","0.0909091"
"D19-1531","2021.emnlp-main.150","0.0909091"
"2021.emnlp-main.150","N18-2003","0.20202"
"N18-2003","2021.emnlp-main.150","0.20202"
"2021.emnlp-main.150","N19-1064","0.268687"
"N19-1064","2021.emnlp-main.150","0.268687"
"2021.emnlp-main.150","P19-1159","0.313131"
"P19-1159","2021.emnlp-main.150","0.313131"
"2021.naacl-main.361","D18-1521","0.368687"
"D18-1521","2021.naacl-main.361","0.368687"
"2021.naacl-main.361","D19-1339","0.20202"
"D19-1339","2021.naacl-main.361","0.20202"
"2021.naacl-main.361","D19-1531","0.0909091"
"D19-1531","2021.naacl-main.361","0.0909091"
"2021.naacl-main.361","N18-2003","0.257576"
"N18-2003","2021.naacl-main.361","0.257576"
"2021.naacl-main.361","N19-1064","0.70202"
"N19-1064","2021.naacl-main.361","0.70202"
"2021.naacl-main.361","P19-1159","1.90202"
"P19-1159","2021.naacl-main.361","1.90202"
"D18-1521","D19-1339","0.20202"
"D19-1339","D18-1521","0.20202"
"D18-1521","D19-1531","0.0909091"
"D19-1531","D18-1521","0.0909091"
"D18-1521","N18-2003","0.368687"
"N18-2003","D18-1521","0.368687"
"D19-1339","D19-1531","0.0909091"
"D19-1531","D19-1339","0.0909091"
"D19-1339","N18-2003","0.0909091"
"N18-2003","D19-1339","0.0909091"
"D19-1339","N19-1064","0.20202"
"N19-1064","D19-1339","0.20202"
"D19-1531","N18-2003","0.0909091"
"N18-2003","D19-1531","0.0909091"
"D19-1531","N19-1064","0.733766"
"N19-1064","D19-1531","0.733766"
"D19-1531","P19-1159","0.233766"
"P19-1159","D19-1531","0.233766"
"N18-2003","N19-1064","3.25758"
"N19-1064","N18-2003","3.25758"
"N18-2003","P19-1159","0.368687"
"P19-1159","N18-2003","0.368687"
"2020.acl-main.260","W19-4316","0.5"
"W19-4316","2020.acl-main.260","0.5"
"K19-1015","W19-4316","2.5"
"W19-4316","K19-1015","2.5"
"2020.acl-main.265","2021.naacl-main.420","0.311111"
"2021.naacl-main.420","2020.acl-main.265","0.311111"
"2020.findings-emnlp.291","2021.naacl-main.420","0.40202"
"2021.naacl-main.420","2020.findings-emnlp.291","0.40202"
"2021.naacl-main.361","2021.naacl-main.420","0.2"
"2021.naacl-main.420","2021.naacl-main.361","0.2"
"2020.acl-main.260","2020.emnlp-main.155","0.47619"
"2020.emnlp-main.155","2020.acl-main.260","0.47619"
"2020.acl-main.260","2021.findings-acl.294","0.142857"
"2021.findings-acl.294","2020.acl-main.260","0.142857"
"2020.emnlp-main.155","2020.findings-emnlp.291","0.47619"
"2020.findings-emnlp.291","2020.emnlp-main.155","0.47619"
"2020.emnlp-main.155","2021.acl-long.330","0.47619"
"2021.acl-long.330","2020.emnlp-main.155","0.47619"
"2020.emnlp-main.155","2021.findings-acl.294","0.142857"
"2021.findings-acl.294","2020.emnlp-main.155","0.142857"
"2020.emnlp-main.155","D19-1531","0.142857"
"D19-1531","2020.emnlp-main.155","0.142857"
"2020.emnlp-main.155","N19-1064","0.142857"
"N19-1064","2020.emnlp-main.155","0.142857"
"2020.emnlp-main.155","P19-1159","0.142857"
"P19-1159","2020.emnlp-main.155","0.142857"
"2020.findings-emnlp.291","2021.acl-long.330","0.892857"
"2021.acl-long.330","2020.findings-emnlp.291","0.892857"
"2020.findings-emnlp.291","2021.findings-acl.294","0.455988"
"2021.findings-acl.294","2020.findings-emnlp.291","0.455988"
"2021.acl-long.330","2021.findings-acl.294","0.47619"
"2021.findings-acl.294","2021.acl-long.330","0.47619"
"2021.acl-long.330","D19-1531","0.142857"
"D19-1531","2021.acl-long.330","0.142857"
"2021.acl-long.330","N19-1064","0.142857"
"N19-1064","2021.acl-long.330","0.142857"
"2021.findings-acl.294","D19-1531","0.142857"
"D19-1531","2021.findings-acl.294","0.142857"
"2021.findings-acl.294","N19-1064","0.820635"
"N19-1064","2021.findings-acl.294","0.820635"
"2021.findings-acl.294","P19-1159","0.865079"
"P19-1159","2021.findings-acl.294","0.865079"
"2020.emnlp-main.155","D19-1339","0.333333"
"D19-1339","2020.emnlp-main.155","0.333333"
"2020.acl-main.260","2020.findings-emnlp.265","0.833333"
"2020.findings-emnlp.265","2020.acl-main.260","0.833333"
"2020.acl-main.260","2020.findings-emnlp.66","0.166667"
"2020.findings-emnlp.66","2020.acl-main.260","0.166667"
"2020.acl-main.260","D19-1103","1.33333"
"D19-1103","2020.acl-main.260","1.33333"
"2020.acl-main.260","K19-1035","0.333333"
"K19-1035","2020.acl-main.260","0.333333"
"2020.findings-emnlp.265","2020.findings-emnlp.66","0.166667"
"2020.findings-emnlp.66","2020.findings-emnlp.265","0.166667"
"2020.findings-emnlp.265","D19-1103","11.6667"
"D19-1103","2020.findings-emnlp.265","11.6667"
"2020.findings-emnlp.265","D19-1531","0.166667"
"D19-1531","2020.findings-emnlp.265","0.166667"
"2020.findings-emnlp.265","K19-1035","7.66667"
"K19-1035","2020.findings-emnlp.265","7.66667"
"2020.findings-emnlp.265","P19-1402","0.166667"
"P19-1402","2020.findings-emnlp.265","0.166667"
"2020.findings-emnlp.66","D19-1103","0.166667"
"D19-1103","2020.findings-emnlp.66","0.166667"
"2020.findings-emnlp.66","D19-1531","0.166667"
"D19-1531","2020.findings-emnlp.66","0.166667"
"2020.findings-emnlp.66","K19-1035","0.257576"
"K19-1035","2020.findings-emnlp.66","0.257576"
"2020.findings-emnlp.66","P19-1402","0.166667"
"P19-1402","2020.findings-emnlp.66","0.166667"
"D19-1103","D19-1531","0.166667"
"D19-1531","D19-1103","0.166667"
"D19-1103","K19-1035","5.66667"
"K19-1035","D19-1103","5.66667"
"D19-1103","P19-1402","0.166667"
"P19-1402","D19-1103","0.166667"
"D19-1531","K19-1035","0.166667"
"K19-1035","D19-1531","0.166667"
"D19-1531","P19-1402","0.166667"
"P19-1402","D19-1531","0.166667"
"K19-1035","P19-1402","0.166667"
"P19-1402","K19-1035","0.166667"
"2020.acl-main.260","2020.acl-main.449","0.166667"
"2020.acl-main.449","2020.acl-main.260","0.166667"
"2020.acl-main.260","2021.acl-long.350","0.166667"
"2021.acl-long.350","2020.acl-main.260","0.166667"
"2020.acl-main.260","2021.naacl-main.402","0.166667"
"2021.naacl-main.402","2020.acl-main.260","0.166667"
"2020.acl-main.449","2020.findings-emnlp.265","0.166667"
"2020.findings-emnlp.265","2020.acl-main.449","0.166667"
"2020.acl-main.449","2021.acl-long.350","0.166667"
"2021.acl-long.350","2020.acl-main.449","0.166667"
"2020.acl-main.449","2021.naacl-main.402","0.166667"
"2021.naacl-main.402","2020.acl-main.449","0.166667"
"2020.acl-main.449","D19-1103","0.166667"
"D19-1103","2020.acl-main.449","0.166667"
"2020.acl-main.449","K19-1035","0.166667"
"K19-1035","2020.acl-main.449","0.166667"
"2020.findings-emnlp.265","2021.acl-long.350","0.166667"
"2021.acl-long.350","2020.findings-emnlp.265","0.166667"
"2020.findings-emnlp.265","2021.naacl-main.402","0.166667"
"2021.naacl-main.402","2020.findings-emnlp.265","0.166667"
"2021.acl-long.350","2021.naacl-main.402","1.5"
"2021.naacl-main.402","2021.acl-long.350","1.5"
"2021.acl-long.350","D19-1103","0.166667"
"D19-1103","2021.acl-long.350","0.166667"
"2021.acl-long.350","K19-1035","0.5"
"K19-1035","2021.acl-long.350","0.5"
"2021.naacl-main.402","D19-1103","0.166667"
"D19-1103","2021.naacl-main.402","0.166667"
"2021.naacl-main.402","K19-1035","0.590909"
"K19-1035","2021.naacl-main.402","0.590909"
"2020.acl-main.264","2020.findings-emnlp.265","0.5"
"2020.findings-emnlp.265","2020.acl-main.264","0.5"
"2020.acl-main.264","2021.findings-acl.294","0.222222"
"2021.findings-acl.294","2020.acl-main.264","0.222222"
"2020.acl-main.264","2021.naacl-main.420","0.111111"
"2021.naacl-main.420","2020.acl-main.264","0.111111"
"2020.acl-main.264","D19-1103","0.111111"
"D19-1103","2020.acl-main.264","0.111111"
"2020.acl-main.265","2021.findings-acl.294","0.222222"
"2021.findings-acl.294","2020.acl-main.265","0.222222"
"2020.acl-main.265","D19-1103","0.111111"
"D19-1103","2020.acl-main.265","0.111111"
"2020.findings-emnlp.291","D19-1103","0.111111"
"D19-1103","2020.findings-emnlp.291","0.111111"
"2021.emnlp-main.150","2021.findings-acl.294","0.622222"
"2021.findings-acl.294","2021.emnlp-main.150","0.622222"
"2021.emnlp-main.150","2021.naacl-main.420","0.111111"
"2021.naacl-main.420","2021.emnlp-main.150","0.111111"
"2021.emnlp-main.150","D19-1103","0.111111"
"D19-1103","2021.emnlp-main.150","0.111111"
"2021.findings-acl.294","2021.naacl-main.420","0.20202"
"2021.naacl-main.420","2021.findings-acl.294","0.20202"
"2021.findings-acl.294","D18-1521","0.288889"
"D18-1521","2021.findings-acl.294","0.288889"
"2021.findings-acl.294","D19-1103","0.111111"
"D19-1103","2021.findings-acl.294","0.111111"
"2021.findings-acl.294","N18-2003","0.111111"
"N18-2003","2021.findings-acl.294","0.111111"
"2021.naacl-main.420","D19-1103","0.611111"
"D19-1103","2021.naacl-main.420","0.611111"
"2021.naacl-main.420","N18-2003","0.111111"
"N18-2003","2021.naacl-main.420","0.111111"
"D18-1521","D19-1103","0.111111"
"D19-1103","D18-1521","0.111111"
"D19-1103","N18-2003","0.111111"
"N18-2003","D19-1103","0.111111"
"D19-1103","P19-1159","0.444444"
"P19-1159","D19-1103","0.444444"
"2021.findings-acl.294","2021.naacl-main.361","0.111111"
"2021.naacl-main.361","2021.findings-acl.294","0.111111"
"2021.findings-acl.294","D19-1339","0.111111"
"D19-1339","2021.findings-acl.294","0.111111"
"2020.acl-main.264","2020.emnlp-main.155","0.333333"
"2020.emnlp-main.155","2020.acl-main.264","0.333333"
"2020.acl-main.264","2021.acl-long.330","0.333333"
"2021.acl-long.330","2020.acl-main.264","0.333333"
"2020.emnlp-main.155","2021.emnlp-main.150","0.333333"
"2021.emnlp-main.150","2020.emnlp-main.155","0.333333"
"2021.acl-long.330","2021.emnlp-main.150","0.666667"
"2021.emnlp-main.150","2021.acl-long.330","0.666667"
"2020.acl-main.264","D17-1323","0.5"
"D17-1323","2020.acl-main.264","0.5"
"2020.acl-main.264","W17-2613","1.5"
"W17-2613","2020.acl-main.264","1.5"
"D17-1323","W17-2613","0.5"
"W17-2613","D17-1323","0.5"
"2020.acl-main.265","D14-1165","2.5"
"D14-1165","2020.acl-main.265","2.5"
"2020.acl-main.265","D13-1167","0.5"
"D13-1167","2020.acl-main.265","0.5"
"D13-1167","D14-1165","0.833333"
"D14-1165","D13-1167","0.833333"
"2020.acl-main.265","2021.naacl-main.60","0.25"
"2021.naacl-main.60","2020.acl-main.265","0.25"
"2020.findings-emnlp.291","2021.naacl-main.305","0.25"
"2021.naacl-main.305","2020.findings-emnlp.291","0.25"
"2020.findings-emnlp.291","2021.naacl-main.60","0.75"
"2021.naacl-main.60","2020.findings-emnlp.291","0.75"
"2021.acl-long.330","2021.naacl-main.60","1.08333"
"2021.naacl-main.60","2021.acl-long.330","1.08333"
"2021.naacl-main.305","2021.naacl-main.60","0.583333"
"2021.naacl-main.60","2021.naacl-main.305","0.583333"
"2020.acl-main.265","K19-1035","1"
"K19-1035","2020.acl-main.265","1"
"2020.acl-main.310","2021.acl-long.426","0.257576"
"2021.acl-long.426","2020.acl-main.310","0.257576"
"2020.acl-main.310","2021.eacl-main.88","0.166667"
"2021.eacl-main.88","2020.acl-main.310","0.166667"
"2020.acl-main.310","2021.findings-acl.294","0.257576"
"2021.findings-acl.294","2020.acl-main.310","0.257576"
"2020.acl-main.310","2021.naacl-main.305","0.333333"
"2021.naacl-main.305","2020.acl-main.310","0.333333"
"2020.acl-main.310","D18-1316","0.5"
"D18-1316","2020.acl-main.310","0.5"
"2020.acl-main.310","D19-1496","0.666667"
"D19-1496","2020.acl-main.310","0.666667"
"2021.acl-long.426","2021.eacl-main.88","0.433333"
"2021.eacl-main.88","2021.acl-long.426","0.433333"
"2021.acl-long.426","2021.findings-acl.294","2.19091"
"2021.findings-acl.294","2021.acl-long.426","2.19091"
"2021.acl-long.426","2021.naacl-main.305","1.6"
"2021.naacl-main.305","2021.acl-long.426","1.6"
"2021.acl-long.426","D18-1316","1.35"
"D18-1316","2021.acl-long.426","1.35"
"2021.acl-long.426","D19-1496","1.53333"
"D19-1496","2021.acl-long.426","1.53333"
"2021.eacl-main.88","2021.findings-acl.294","0.433333"
"2021.findings-acl.294","2021.eacl-main.88","0.433333"
"2021.eacl-main.88","2021.naacl-main.305","0.683333"
"2021.naacl-main.305","2021.eacl-main.88","0.683333"
"2021.eacl-main.88","D18-1316","0.683333"
"D18-1316","2021.eacl-main.88","0.683333"
"2021.eacl-main.88","D19-1496","0.616667"
"D19-1496","2021.eacl-main.88","0.616667"
"2021.findings-acl.294","2021.naacl-main.305","1.26667"
"2021.naacl-main.305","2021.findings-acl.294","1.26667"
"2021.findings-acl.294","D18-1316","0.766667"
"D18-1316","2021.findings-acl.294","0.766667"
"2021.findings-acl.294","D19-1496","0.366667"
"D19-1496","2021.findings-acl.294","0.366667"
"2021.naacl-main.305","D18-1316","1.68333"
"D18-1316","2021.naacl-main.305","1.68333"
"2021.naacl-main.305","D19-1496","1.11667"
"D19-1496","2021.naacl-main.305","1.11667"
"D18-1316","D19-1496","1.28333"
"D19-1496","D18-1316","1.28333"
"2020.acl-main.310","2021.emnlp-tutorials.5","0.333333"
"2021.emnlp-tutorials.5","2020.acl-main.310","0.333333"
"2021.emnlp-tutorials.5","D18-1316","0.333333"
"D18-1316","2021.emnlp-tutorials.5","0.333333"
"2021.emnlp-tutorials.5","D19-1496","1.16667"
"D19-1496","2021.emnlp-tutorials.5","1.16667"
"2020.acl-main.310","2021.naacl-main.402","1.42424"
"2021.naacl-main.402","2020.acl-main.310","1.42424"
"2020.acl-main.469","2021.naacl-main.402","0.333333"
"2021.naacl-main.402","2020.acl-main.469","0.333333"
"2021.naacl-main.402","2021.naacl-main.420","0.757576"
"2021.naacl-main.420","2021.naacl-main.402","0.757576"
"2020.acl-main.310","2020.acl-main.341","0.757576"
"2020.acl-main.341","2020.acl-main.310","0.757576"
"2020.acl-main.310","2021.findings-emnlp.232","0.5"
"2021.findings-emnlp.232","2020.acl-main.310","0.5"
"2020.acl-main.341","2021.findings-emnlp.232","0.5"
"2021.findings-emnlp.232","2020.acl-main.341","0.5"
"2020.acl-main.310","D19-1108","0.166667"
"D19-1108","2020.acl-main.310","0.166667"
"2020.acl-main.341","2021.naacl-main.305","0.233333"
"2021.naacl-main.305","2020.acl-main.341","0.233333"
"2020.acl-main.341","D19-1108","0.233333"
"D19-1108","2020.acl-main.341","0.233333"
"2020.acl-main.341","D19-1113","3.25758"
"D19-1113","2020.acl-main.341","3.25758"
"2020.acl-main.341","D19-1496","0.166667"
"D19-1496","2020.acl-main.341","0.166667"
"2020.acl-main.341","Q19-1039","0.257576"
"Q19-1039","2020.acl-main.341","0.257576"
"2021.naacl-main.305","D19-1108","0.233333"
"D19-1108","2021.naacl-main.305","0.233333"
"2021.naacl-main.305","D19-1113","0.166667"
"D19-1113","2021.naacl-main.305","0.166667"
"2021.naacl-main.305","Q19-1039","0.166667"
"Q19-1039","2021.naacl-main.305","0.166667"
"D19-1108","D19-1113","0.166667"
"D19-1113","D19-1108","0.166667"
"D19-1108","D19-1496","0.5"
"D19-1496","D19-1108","0.5"
"D19-1108","Q19-1039","0.166667"
"Q19-1039","D19-1108","0.166667"
"D19-1113","D19-1496","0.166667"
"D19-1496","D19-1113","0.166667"
"D19-1496","Q19-1039","0.666667"
"Q19-1039","D19-1496","0.666667"
"2020.acl-main.310","W13-3602","0.5"
"W13-3602","2020.acl-main.310","0.5"
"2020.acl-main.310","W14-1704","0.5"
"W14-1704","2020.acl-main.310","0.5"
"W13-3602","W14-1704","3.5"
"W14-1704","W13-3602","3.5"
"2020.acl-main.310","2020.findings-emnlp.66","0.340909"
"2020.findings-emnlp.66","2020.acl-main.310","0.340909"
"2020.acl-main.310","2021.acl-long.350","0.25"
"2021.acl-long.350","2020.acl-main.310","0.25"
"2020.acl-main.310","2021.findings-acl.364","0.25"
"2021.findings-acl.364","2020.acl-main.310","0.25"
"2020.findings-emnlp.66","2021.acl-long.350","0.25"
"2021.acl-long.350","2020.findings-emnlp.66","0.25"
"2020.findings-emnlp.66","2021.findings-acl.364","0.25"
"2021.findings-acl.364","2020.findings-emnlp.66","0.25"
"2020.findings-emnlp.66","D19-1113","0.340909"
"D19-1113","2020.findings-emnlp.66","0.340909"
"2021.acl-long.350","2021.findings-acl.364","0.25"
"2021.findings-acl.364","2021.acl-long.350","0.25"
"2021.acl-long.350","D19-1113","0.25"
"D19-1113","2021.acl-long.350","0.25"
"2021.findings-acl.364","D19-1113","0.25"
"D19-1113","2021.findings-acl.364","0.25"
"2020.acl-main.310","2020.findings-emnlp.291","0.0909091"
"2020.findings-emnlp.291","2020.acl-main.310","0.0909091"
"2020.acl-main.310","2021.naacl-main.108","0.0909091"
"2021.naacl-main.108","2020.acl-main.310","0.0909091"
"2020.acl-main.310","K19-1035","0.0909091"
"K19-1035","2020.acl-main.310","0.0909091"
"2020.acl-main.341","2020.findings-emnlp.291","0.0909091"
"2020.findings-emnlp.291","2020.acl-main.341","0.0909091"
"2020.acl-main.341","2020.findings-emnlp.66","0.0909091"
"2020.findings-emnlp.66","2020.acl-main.341","0.0909091"
"2020.acl-main.341","2021.acl-long.426","0.157576"
"2021.acl-long.426","2020.acl-main.341","0.157576"
"2020.acl-main.341","2021.naacl-main.108","0.590909"
"2021.naacl-main.108","2020.acl-main.341","0.590909"
"2020.acl-main.341","2021.naacl-main.402","0.0909091"
"2021.naacl-main.402","2020.acl-main.341","0.0909091"
"2020.acl-main.341","2021.naacl-main.420","0.0909091"
"2021.naacl-main.420","2020.acl-main.341","0.0909091"
"2020.acl-main.341","K19-1035","0.0909091"
"K19-1035","2020.acl-main.341","0.0909091"
"2020.findings-emnlp.291","2020.findings-emnlp.66","0.0909091"
"2020.findings-emnlp.66","2020.findings-emnlp.291","0.0909091"
"2020.findings-emnlp.291","2021.acl-long.426","0.0909091"
"2021.acl-long.426","2020.findings-emnlp.291","0.0909091"
"2020.findings-emnlp.291","2021.naacl-main.108","0.0909091"
"2021.naacl-main.108","2020.findings-emnlp.291","0.0909091"
"2020.findings-emnlp.291","2021.naacl-main.402","0.0909091"
"2021.naacl-main.402","2020.findings-emnlp.291","0.0909091"
"2020.findings-emnlp.291","D19-1113","0.0909091"
"D19-1113","2020.findings-emnlp.291","0.0909091"
"2020.findings-emnlp.291","K19-1035","0.0909091"
"K19-1035","2020.findings-emnlp.291","0.0909091"
"2020.findings-emnlp.291","Q19-1039","0.590909"
"Q19-1039","2020.findings-emnlp.291","0.590909"
"2020.findings-emnlp.66","2021.acl-long.426","0.0909091"
"2021.acl-long.426","2020.findings-emnlp.66","0.0909091"
"2020.findings-emnlp.66","2021.findings-acl.294","0.0909091"
"2021.findings-acl.294","2020.findings-emnlp.66","0.0909091"
"2020.findings-emnlp.66","2021.naacl-main.108","0.0909091"
"2021.naacl-main.108","2020.findings-emnlp.66","0.0909091"
"2020.findings-emnlp.66","2021.naacl-main.402","0.0909091"
"2021.naacl-main.402","2020.findings-emnlp.66","0.0909091"
"2020.findings-emnlp.66","2021.naacl-main.420","0.0909091"
"2021.naacl-main.420","2020.findings-emnlp.66","0.0909091"
"2020.findings-emnlp.66","Q19-1039","0.0909091"
"Q19-1039","2020.findings-emnlp.66","0.0909091"
"2021.acl-long.426","2021.naacl-main.108","0.0909091"
"2021.naacl-main.108","2021.acl-long.426","0.0909091"
"2021.acl-long.426","2021.naacl-main.402","0.0909091"
"2021.naacl-main.402","2021.acl-long.426","0.0909091"
"2021.acl-long.426","2021.naacl-main.420","0.0909091"
"2021.naacl-main.420","2021.acl-long.426","0.0909091"
"2021.acl-long.426","D19-1113","0.424242"
"D19-1113","2021.acl-long.426","0.424242"
"2021.acl-long.426","K19-1035","0.0909091"
"K19-1035","2021.acl-long.426","0.0909091"
"2021.acl-long.426","Q19-1039","0.340909"
"Q19-1039","2021.acl-long.426","0.340909"
"2021.findings-acl.294","2021.naacl-main.108","0.0909091"
"2021.naacl-main.108","2021.findings-acl.294","0.0909091"
"2021.findings-acl.294","2021.naacl-main.402","0.0909091"
"2021.naacl-main.402","2021.findings-acl.294","0.0909091"
"2021.findings-acl.294","D19-1113","0.424242"
"D19-1113","2021.findings-acl.294","0.424242"
"2021.findings-acl.294","K19-1035","1.09091"
"K19-1035","2021.findings-acl.294","1.09091"
"2021.findings-acl.294","Q19-1039","0.0909091"
"Q19-1039","2021.findings-acl.294","0.0909091"
"2021.naacl-main.108","2021.naacl-main.402","1.09091"
"2021.naacl-main.402","2021.naacl-main.108","1.09091"
"2021.naacl-main.108","2021.naacl-main.420","0.0909091"
"2021.naacl-main.420","2021.naacl-main.108","0.0909091"
"2021.naacl-main.108","D19-1113","2.09091"
"D19-1113","2021.naacl-main.108","2.09091"
"2021.naacl-main.108","K19-1035","0.0909091"
"K19-1035","2021.naacl-main.108","0.0909091"
"2021.naacl-main.108","Q19-1039","0.0909091"
"Q19-1039","2021.naacl-main.108","0.0909091"
"2021.naacl-main.402","D19-1113","0.0909091"
"D19-1113","2021.naacl-main.402","0.0909091"
"2021.naacl-main.402","Q19-1039","0.0909091"
"Q19-1039","2021.naacl-main.402","0.0909091"
"2021.naacl-main.420","K19-1035","0.424242"
"K19-1035","2021.naacl-main.420","0.424242"
"D19-1113","K19-1035","0.0909091"
"K19-1035","D19-1113","0.0909091"
"K19-1035","Q19-1039","0.0909091"
"Q19-1039","K19-1035","0.0909091"
"2020.acl-main.341","D16-1029","0.5"
"D16-1029","2020.acl-main.341","0.5"
"2021.naacl-main.108","D16-1029","0.5"
"D16-1029","2021.naacl-main.108","0.5"
"2020.acl-main.341","2020.acl-main.75","0.0666667"
"2020.acl-main.75","2020.acl-main.341","0.0666667"
"2020.acl-main.341","2021.eacl-main.88","0.0666667"
"2021.eacl-main.88","2020.acl-main.341","0.0666667"
"2020.acl-main.341","2021.emnlp-main.126","0.0666667"
"2021.emnlp-main.126","2020.acl-main.341","0.0666667"
"2020.acl-main.341","2021.emnlp-main.150","0.0666667"
"2021.emnlp-main.150","2020.acl-main.341","0.0666667"
"2020.acl-main.341","D18-1316","0.0666667"
"D18-1316","2020.acl-main.341","0.0666667"
"2020.acl-main.341","D18-1521","0.0666667"
"D18-1521","2020.acl-main.341","0.0666667"
"2020.acl-main.341","D19-3042","0.0666667"
"D19-3042","2020.acl-main.341","0.0666667"
"2020.acl-main.341","L18-1062","0.0666667"
"L18-1062","2020.acl-main.341","0.0666667"
"2020.acl-main.341","N18-1093","0.0666667"
"N18-1093","2020.acl-main.341","0.0666667"
"2020.acl-main.341","N19-1064","0.0666667"
"N19-1064","2020.acl-main.341","0.0666667"
"2020.acl-main.341","P18-1221","0.0666667"
"P18-1221","2020.acl-main.341","0.0666667"
"2020.acl-main.75","2021.acl-long.426","0.0666667"
"2021.acl-long.426","2020.acl-main.75","0.0666667"
"2020.acl-main.75","2021.eacl-main.88","0.0666667"
"2021.eacl-main.88","2020.acl-main.75","0.0666667"
"2020.acl-main.75","2021.emnlp-main.126","0.0666667"
"2021.emnlp-main.126","2020.acl-main.75","0.0666667"
"2020.acl-main.75","2021.emnlp-main.150","0.0666667"
"2021.emnlp-main.150","2020.acl-main.75","0.0666667"
"2020.acl-main.75","2021.findings-acl.294","0.0666667"
"2021.findings-acl.294","2020.acl-main.75","0.0666667"
"2020.acl-main.75","2021.naacl-main.305","0.0666667"
"2021.naacl-main.305","2020.acl-main.75","0.0666667"
"2020.acl-main.75","D18-1316","0.0666667"
"D18-1316","2020.acl-main.75","0.0666667"
"2020.acl-main.75","D19-1108","0.0666667"
"D19-1108","2020.acl-main.75","0.0666667"
"2020.acl-main.75","D19-3042","0.0666667"
"D19-3042","2020.acl-main.75","0.0666667"
"2020.acl-main.75","L18-1062","0.0666667"
"L18-1062","2020.acl-main.75","0.0666667"
"2020.acl-main.75","N18-1093","0.0666667"
"N18-1093","2020.acl-main.75","0.0666667"
"2020.acl-main.75","P18-1221","0.0666667"
"P18-1221","2020.acl-main.75","0.0666667"
"2021.acl-long.426","2021.emnlp-main.126","0.0666667"
"2021.emnlp-main.126","2021.acl-long.426","0.0666667"
"2021.acl-long.426","2021.emnlp-main.150","0.0666667"
"2021.emnlp-main.150","2021.acl-long.426","0.0666667"
"2021.acl-long.426","D18-1521","0.316667"
"D18-1521","2021.acl-long.426","0.316667"
"2021.acl-long.426","D19-1108","0.4"
"D19-1108","2021.acl-long.426","0.4"
"2021.acl-long.426","D19-3042","0.0666667"
"D19-3042","2021.acl-long.426","0.0666667"
"2021.acl-long.426","L18-1062","0.0666667"
"L18-1062","2021.acl-long.426","0.0666667"
"2021.acl-long.426","N18-1093","0.0666667"
"N18-1093","2021.acl-long.426","0.0666667"
"2021.acl-long.426","N19-1064","0.0666667"
"N19-1064","2021.acl-long.426","0.0666667"
"2021.acl-long.426","P18-1221","0.0666667"
"P18-1221","2021.acl-long.426","0.0666667"
"2021.eacl-main.88","2021.emnlp-main.126","0.0666667"
"2021.emnlp-main.126","2021.eacl-main.88","0.0666667"
"2021.eacl-main.88","2021.emnlp-main.150","0.0666667"
"2021.emnlp-main.150","2021.eacl-main.88","0.0666667"
"2021.eacl-main.88","D18-1521","0.0666667"
"D18-1521","2021.eacl-main.88","0.0666667"
"2021.eacl-main.88","D19-1108","0.0666667"
"D19-1108","2021.eacl-main.88","0.0666667"
"2021.eacl-main.88","D19-3042","0.0666667"
"D19-3042","2021.eacl-main.88","0.0666667"
"2021.eacl-main.88","L18-1062","0.0666667"
"L18-1062","2021.eacl-main.88","0.0666667"
"2021.eacl-main.88","N18-1093","0.0666667"
"N18-1093","2021.eacl-main.88","0.0666667"
"2021.eacl-main.88","N19-1064","0.0666667"
"N19-1064","2021.eacl-main.88","0.0666667"
"2021.eacl-main.88","P18-1221","0.0666667"
"P18-1221","2021.eacl-main.88","0.0666667"
"2021.emnlp-main.126","2021.emnlp-main.150","0.0666667"
"2021.emnlp-main.150","2021.emnlp-main.126","0.0666667"
"2021.emnlp-main.126","2021.findings-acl.294","1.06667"
"2021.findings-acl.294","2021.emnlp-main.126","1.06667"
"2021.emnlp-main.126","2021.naacl-main.305","0.0666667"
"2021.naacl-main.305","2021.emnlp-main.126","0.0666667"
"2021.emnlp-main.126","D18-1316","0.0666667"
"D18-1316","2021.emnlp-main.126","0.0666667"
"2021.emnlp-main.126","D18-1521","0.0666667"
"D18-1521","2021.emnlp-main.126","0.0666667"
"2021.emnlp-main.126","D19-1108","0.0666667"
"D19-1108","2021.emnlp-main.126","0.0666667"
"2021.emnlp-main.126","D19-3042","0.0666667"
"D19-3042","2021.emnlp-main.126","0.0666667"
"2021.emnlp-main.126","L18-1062","0.0666667"
"L18-1062","2021.emnlp-main.126","0.0666667"
"2021.emnlp-main.126","N18-1093","0.0666667"
"N18-1093","2021.emnlp-main.126","0.0666667"
"2021.emnlp-main.126","N19-1064","0.0666667"
"N19-1064","2021.emnlp-main.126","0.0666667"
"2021.emnlp-main.126","P18-1221","0.0666667"
"P18-1221","2021.emnlp-main.126","0.0666667"
"2021.emnlp-main.150","2021.naacl-main.305","0.0666667"
"2021.naacl-main.305","2021.emnlp-main.150","0.0666667"
"2021.emnlp-main.150","D18-1316","0.0666667"
"D18-1316","2021.emnlp-main.150","0.0666667"
"2021.emnlp-main.150","D19-1108","0.0666667"
"D19-1108","2021.emnlp-main.150","0.0666667"
"2021.emnlp-main.150","D19-3042","0.566667"
"D19-3042","2021.emnlp-main.150","0.566667"
"2021.emnlp-main.150","L18-1062","0.0666667"
"L18-1062","2021.emnlp-main.150","0.0666667"
"2021.emnlp-main.150","N18-1093","0.0666667"
"N18-1093","2021.emnlp-main.150","0.0666667"
"2021.emnlp-main.150","P18-1221","0.0666667"
"P18-1221","2021.emnlp-main.150","0.0666667"
"2021.findings-acl.294","D19-1108","0.0666667"
"D19-1108","2021.findings-acl.294","0.0666667"
"2021.findings-acl.294","D19-3042","0.0666667"
"D19-3042","2021.findings-acl.294","0.0666667"
"2021.findings-acl.294","L18-1062","0.0666667"
"L18-1062","2021.findings-acl.294","0.0666667"
"2021.findings-acl.294","N18-1093","0.0666667"
"N18-1093","2021.findings-acl.294","0.0666667"
"2021.findings-acl.294","P18-1221","0.0666667"
"P18-1221","2021.findings-acl.294","0.0666667"
"2021.naacl-main.305","D18-1521","0.0666667"
"D18-1521","2021.naacl-main.305","0.0666667"
"2021.naacl-main.305","D19-3042","0.0666667"
"D19-3042","2021.naacl-main.305","0.0666667"
"2021.naacl-main.305","L18-1062","0.0666667"
"L18-1062","2021.naacl-main.305","0.0666667"
"2021.naacl-main.305","N18-1093","0.0666667"
"N18-1093","2021.naacl-main.305","0.0666667"
"2021.naacl-main.305","N19-1064","0.566667"
"N19-1064","2021.naacl-main.305","0.566667"
"2021.naacl-main.305","P18-1221","0.0666667"
"P18-1221","2021.naacl-main.305","0.0666667"
"D18-1316","D18-1521","0.316667"
"D18-1521","D18-1316","0.316667"
"D18-1316","D19-1108","0.4"
"D19-1108","D18-1316","0.4"
"D18-1316","D19-3042","0.0666667"
"D19-3042","D18-1316","0.0666667"
"D18-1316","L18-1062","0.0666667"
"L18-1062","D18-1316","0.0666667"
"D18-1316","N18-1093","0.0666667"
"N18-1093","D18-1316","0.0666667"
"D18-1316","N19-1064","0.0666667"
"N19-1064","D18-1316","0.0666667"
"D18-1316","P18-1221","0.0666667"
"P18-1221","D18-1316","0.0666667"
"D18-1521","D19-1108","0.0666667"
"D19-1108","D18-1521","0.0666667"
"D18-1521","D19-3042","0.233333"
"D19-3042","D18-1521","0.233333"
"D18-1521","L18-1062","0.566667"
"L18-1062","D18-1521","0.566667"
"D18-1521","N18-1093","1.56667"
"N18-1093","D18-1521","1.56667"
"D18-1521","P18-1221","0.0666667"
"P18-1221","D18-1521","0.0666667"
"D19-1108","D19-3042","0.0666667"
"D19-3042","D19-1108","0.0666667"
"D19-1108","L18-1062","0.0666667"
"L18-1062","D19-1108","0.0666667"
"D19-1108","N18-1093","0.0666667"
"N18-1093","D19-1108","0.0666667"
"D19-1108","N19-1064","0.0666667"
"N19-1064","D19-1108","0.0666667"
"D19-1108","P18-1221","0.0666667"
"P18-1221","D19-1108","0.0666667"
"D19-3042","L18-1062","0.0666667"
"L18-1062","D19-3042","0.0666667"
"D19-3042","N18-1093","0.0666667"
"N18-1093","D19-3042","0.0666667"
"D19-3042","N19-1064","0.233333"
"N19-1064","D19-3042","0.233333"
"D19-3042","P18-1221","0.0666667"
"P18-1221","D19-3042","0.0666667"
"L18-1062","N18-1093","0.566667"
"N18-1093","L18-1062","0.566667"
"L18-1062","N19-1064","0.0666667"
"N19-1064","L18-1062","0.0666667"
"L18-1062","P18-1221","0.0666667"
"P18-1221","L18-1062","0.0666667"
"N18-1093","N19-1064","0.0666667"
"N19-1064","N18-1093","0.0666667"
"N18-1093","P18-1221","0.0666667"
"P18-1221","N18-1093","0.0666667"
"N19-1064","P18-1221","0.0666667"
"P18-1221","N19-1064","0.0666667"
"2020.acl-main.449","2021.acl-long.111","0.25"
"2021.acl-long.111","2020.acl-main.449","0.25"
"2020.acl-main.449","2021.findings-emnlp.232","0.75"
"2021.findings-emnlp.232","2020.acl-main.449","0.75"
"2020.acl-main.449","D19-1108","0.25"
"D19-1108","2020.acl-main.449","0.25"
"2020.acl-main.449","K19-1015","0.25"
"K19-1015","2020.acl-main.449","0.25"
"2021.acl-long.111","2021.findings-emnlp.232","0.25"
"2021.findings-emnlp.232","2021.acl-long.111","0.25"
"2021.acl-long.111","D19-1108","0.25"
"D19-1108","2021.acl-long.111","0.25"
"2021.acl-long.111","K19-1015","0.25"
"K19-1015","2021.acl-long.111","0.25"
