"2004.jeptalnrecital-long.13","daille-etal-2004-french","0.759973"
"daille-etal-2004-french","2004.jeptalnrecital-long.13","0.759973"
"2004.jeptalnrecital-long.13","I05-1062","0.759973"
"I05-1062","2004.jeptalnrecital-long.13","0.759973"
"2004.jeptalnrecital-long.13","W11-1205","0.759973"
"W11-1205","2004.jeptalnrecital-long.13","0.759973"
"daille-etal-2004-french","I05-1062","0.959973"
"I05-1062","daille-etal-2004-french","0.959973"
"daille-etal-2004-french","W11-1205","0.959973"
"W11-1205","daille-etal-2004-french","0.959973"
"I05-1062","W11-1205","1.00345"
"W11-1205","I05-1062","1.00345"
"2004.jeptalnrecital-long.13","2009.jeptalnrecital-long.6","0.0933063"
"2009.jeptalnrecital-long.6","2004.jeptalnrecital-long.13","0.0933063"
"2004.jeptalnrecital-long.13","2011.jeptalnrecital-long.13","0.0933063"
"2011.jeptalnrecital-long.13","2004.jeptalnrecital-long.13","0.0933063"
"2004.jeptalnrecital-long.13","2011.jeptalnrecital-long.19","0.0588235"
"2011.jeptalnrecital-long.19","2004.jeptalnrecital-long.13","0.0588235"
"2004.jeptalnrecital-long.13","2016.jeptalnrecital-long.14","0.0933063"
"2016.jeptalnrecital-long.14","2004.jeptalnrecital-long.13","0.0933063"
"2004.jeptalnrecital-long.13","F13-1018","0.0933063"
"F13-1018","2004.jeptalnrecital-long.13","0.0933063"
"2004.jeptalnrecital-long.13","hazem-morin-2012-adaptive","0.0933063"
"hazem-morin-2012-adaptive","2004.jeptalnrecital-long.13","0.0933063"
"2004.jeptalnrecital-long.13","I08-1013","0.0933063"
"I08-1013","2004.jeptalnrecital-long.13","0.0933063"
"2004.jeptalnrecital-long.13","I13-1196","0.0933063"
"I13-1196","2004.jeptalnrecital-long.13","0.0933063"
"2004.jeptalnrecital-long.13","L16-1661","0.0933063"
"L16-1661","2004.jeptalnrecital-long.13","0.0933063"
"2004.jeptalnrecital-long.13","P07-1084","0.0933063"
"P07-1084","2004.jeptalnrecital-long.13","0.0933063"
"2004.jeptalnrecital-long.13","P14-1121","0.0933063"
"P14-1121","2004.jeptalnrecital-long.13","0.0933063"
"2004.jeptalnrecital-long.13","W09-3110","0.0933063"
"W09-3110","2004.jeptalnrecital-long.13","0.0933063"
"2004.jeptalnrecital-long.13","W11-1206","0.0933063"
"W11-1206","2004.jeptalnrecital-long.13","0.0933063"
"2004.jeptalnrecital-long.13","W15-3405","0.0933063"
"W15-3405","2004.jeptalnrecital-long.13","0.0933063"
"2009.jeptalnrecital-long.6","2011.jeptalnrecital-long.13","0.229053"
"2011.jeptalnrecital-long.13","2009.jeptalnrecital-long.6","0.229053"
"2009.jeptalnrecital-long.6","2011.jeptalnrecital-long.19","0.41908"
"2011.jeptalnrecital-long.19","2009.jeptalnrecital-long.6","0.41908"
"2009.jeptalnrecital-long.6","2016.jeptalnrecital-long.14","0.512386"
"2016.jeptalnrecital-long.14","2009.jeptalnrecital-long.6","0.512386"
"2009.jeptalnrecital-long.6","daille-etal-2004-french","0.0933063"
"daille-etal-2004-french","2009.jeptalnrecital-long.6","0.0933063"
"2009.jeptalnrecital-long.6","F13-1018","0.27664"
"F13-1018","2009.jeptalnrecital-long.6","0.27664"
"2009.jeptalnrecital-long.6","hazem-morin-2012-adaptive","0.329053"
"hazem-morin-2012-adaptive","2009.jeptalnrecital-long.6","0.329053"
"2009.jeptalnrecital-long.6","I05-1062","0.0933063"
"I05-1062","2009.jeptalnrecital-long.6","0.0933063"
"2009.jeptalnrecital-long.6","I08-1013","0.229053"
"I08-1013","2009.jeptalnrecital-long.6","0.229053"
"2009.jeptalnrecital-long.6","I13-1196","0.529053"
"I13-1196","2009.jeptalnrecital-long.6","0.529053"
"2009.jeptalnrecital-long.6","L16-1661","0.35213"
"L16-1661","2009.jeptalnrecital-long.6","0.35213"
"2009.jeptalnrecital-long.6","P07-1084","0.0933063"
"P07-1084","2009.jeptalnrecital-long.6","0.0933063"
"2009.jeptalnrecital-long.6","P14-1121","1.41239"
"P14-1121","2009.jeptalnrecital-long.6","1.41239"
"2009.jeptalnrecital-long.6","W09-3110","0.0933063"
"W09-3110","2009.jeptalnrecital-long.6","0.0933063"
"2009.jeptalnrecital-long.6","W11-1205","0.25213"
"W11-1205","2009.jeptalnrecital-long.6","0.25213"
"2009.jeptalnrecital-long.6","W11-1206","0.512386"
"W11-1206","2009.jeptalnrecital-long.6","0.512386"
"2009.jeptalnrecital-long.6","W15-3405","0.353563"
"W15-3405","2009.jeptalnrecital-long.6","0.353563"
"2011.jeptalnrecital-long.13","2011.jeptalnrecital-long.19","0.407175"
"2011.jeptalnrecital-long.19","2011.jeptalnrecital-long.13","0.407175"
"2011.jeptalnrecital-long.13","2016.jeptalnrecital-long.14","0.229053"
"2016.jeptalnrecital-long.14","2011.jeptalnrecital-long.13","0.229053"
"2011.jeptalnrecital-long.13","daille-etal-2004-french","0.0933063"
"daille-etal-2004-french","2011.jeptalnrecital-long.13","0.0933063"
"2011.jeptalnrecital-long.13","F13-1018","1.56676"
"F13-1018","2011.jeptalnrecital-long.13","1.56676"
"2011.jeptalnrecital-long.13","hazem-morin-2012-adaptive","0.591391"
"hazem-morin-2012-adaptive","2011.jeptalnrecital-long.13","0.591391"
"2011.jeptalnrecital-long.13","I05-1062","0.0933063"
"I05-1062","2011.jeptalnrecital-long.13","0.0933063"
"2011.jeptalnrecital-long.13","I08-1013","0.354053"
"I08-1013","2011.jeptalnrecital-long.13","0.354053"
"2011.jeptalnrecital-long.13","I13-1196","0.300481"
"I13-1196","2011.jeptalnrecital-long.13","0.300481"
"2011.jeptalnrecital-long.13","L16-1661","0.314467"
"L16-1661","2011.jeptalnrecital-long.13","0.314467"
"2011.jeptalnrecital-long.13","P07-1084","0.218306"
"P07-1084","2011.jeptalnrecital-long.13","0.218306"
"2011.jeptalnrecital-long.13","P14-1121","1.5025"
"P14-1121","2011.jeptalnrecital-long.13","1.5025"
"2011.jeptalnrecital-long.13","W09-3110","0.293306"
"W09-3110","2011.jeptalnrecital-long.13","0.293306"
"2011.jeptalnrecital-long.13","W11-1205","0.223558"
"W11-1205","2011.jeptalnrecital-long.13","0.223558"
"2011.jeptalnrecital-long.13","W11-1206","0.591391"
"W11-1206","2011.jeptalnrecital-long.13","0.591391"
"2011.jeptalnrecital-long.13","W15-3405","0.28134"
"W15-3405","2011.jeptalnrecital-long.13","0.28134"
"2011.jeptalnrecital-long.19","2016.jeptalnrecital-long.14","0.31908"
"2016.jeptalnrecital-long.14","2011.jeptalnrecital-long.19","0.31908"
"2011.jeptalnrecital-long.19","daille-etal-2004-french","0.0588235"
"daille-etal-2004-french","2011.jeptalnrecital-long.19","0.0588235"
"2011.jeptalnrecital-long.19","F13-1018","1.66359"
"F13-1018","2011.jeptalnrecital-long.19","1.66359"
"2011.jeptalnrecital-long.19","hazem-morin-2012-adaptive","0.507175"
"hazem-morin-2012-adaptive","2011.jeptalnrecital-long.19","0.507175"
"2011.jeptalnrecital-long.19","I05-1062","0.0588235"
"I05-1062","2011.jeptalnrecital-long.19","0.0588235"
"2011.jeptalnrecital-long.19","I08-1013","0.135747"
"I08-1013","2011.jeptalnrecital-long.19","0.135747"
"2011.jeptalnrecital-long.19","I13-1196","0.407175"
"I13-1196","2011.jeptalnrecital-long.19","0.407175"
"2011.jeptalnrecital-long.19","L16-1661","0.330252"
"L16-1661","2011.jeptalnrecital-long.19","0.330252"
"2011.jeptalnrecital-long.19","P07-1084","0.0588235"
"P07-1084","2011.jeptalnrecital-long.19","0.0588235"
"2011.jeptalnrecital-long.19","P14-1121","0.540509"
"P14-1121","2011.jeptalnrecital-long.19","0.540509"
"2011.jeptalnrecital-long.19","W09-3110","0.258824"
"W09-3110","2011.jeptalnrecital-long.19","0.258824"
"2011.jeptalnrecital-long.19","W11-1205","0.230252"
"W11-1205","2011.jeptalnrecital-long.19","0.230252"
"2011.jeptalnrecital-long.19","W11-1206","0.690508"
"W11-1206","2011.jeptalnrecital-long.19","0.690508"
"2011.jeptalnrecital-long.19","W15-3405","0.21908"
"W15-3405","2011.jeptalnrecital-long.19","0.21908"
"2016.jeptalnrecital-long.14","daille-etal-2004-french","0.0933063"
"daille-etal-2004-french","2016.jeptalnrecital-long.14","0.0933063"
"2016.jeptalnrecital-long.14","F13-1018","0.27664"
"F13-1018","2016.jeptalnrecital-long.14","0.27664"
"2016.jeptalnrecital-long.14","hazem-morin-2012-adaptive","0.272531"
"hazem-morin-2012-adaptive","2016.jeptalnrecital-long.14","0.272531"
"2016.jeptalnrecital-long.14","I05-1062","0.136785"
"I05-1062","2016.jeptalnrecital-long.14","0.136785"
"2016.jeptalnrecital-long.14","I08-1013","0.272531"
"I08-1013","2016.jeptalnrecital-long.14","0.272531"
"2016.jeptalnrecital-long.14","I13-1196","0.472531"
"I13-1196","2016.jeptalnrecital-long.14","0.472531"
"2016.jeptalnrecital-long.14","L16-1661","0.295608"
"L16-1661","2016.jeptalnrecital-long.14","0.295608"
"2016.jeptalnrecital-long.14","P07-1084","0.136785"
"P07-1084","2016.jeptalnrecital-long.14","0.136785"
"2016.jeptalnrecital-long.14","P14-1121","0.789198"
"P14-1121","2016.jeptalnrecital-long.14","0.789198"
"2016.jeptalnrecital-long.14","W09-3110","0.136785"
"W09-3110","2016.jeptalnrecital-long.14","0.136785"
"2016.jeptalnrecital-long.14","W11-1205","0.195608"
"W11-1205","2016.jeptalnrecital-long.14","0.195608"
"2016.jeptalnrecital-long.14","W11-1206","0.455864"
"W11-1206","2016.jeptalnrecital-long.14","0.455864"
"2016.jeptalnrecital-long.14","W15-3405","6.31371"
"W15-3405","2016.jeptalnrecital-long.14","6.31371"
"daille-etal-2004-french","F13-1018","0.0933063"
"F13-1018","daille-etal-2004-french","0.0933063"
"daille-etal-2004-french","hazem-morin-2012-adaptive","0.0933063"
"hazem-morin-2012-adaptive","daille-etal-2004-french","0.0933063"
"daille-etal-2004-french","I08-1013","0.0933063"
"I08-1013","daille-etal-2004-french","0.0933063"
"daille-etal-2004-french","I13-1196","0.293306"
"I13-1196","daille-etal-2004-french","0.293306"
"daille-etal-2004-french","L16-1661","0.0933063"
"L16-1661","daille-etal-2004-french","0.0933063"
"daille-etal-2004-french","P07-1084","0.293306"
"P07-1084","daille-etal-2004-french","0.293306"
"daille-etal-2004-french","P14-1121","0.0933063"
"P14-1121","daille-etal-2004-french","0.0933063"
"daille-etal-2004-french","W09-3110","0.0933063"
"W09-3110","daille-etal-2004-french","0.0933063"
"daille-etal-2004-french","W11-1206","0.293306"
"W11-1206","daille-etal-2004-french","0.293306"
"daille-etal-2004-french","W15-3405","0.0933063"
"W15-3405","daille-etal-2004-french","0.0933063"
"F13-1018","hazem-morin-2012-adaptive","0.455644"
"hazem-morin-2012-adaptive","F13-1018","0.455644"
"F13-1018","I05-1062","0.0933063"
"I05-1062","F13-1018","0.0933063"
"F13-1018","I08-1013","0.0933063"
"I08-1013","F13-1018","0.0933063"
"F13-1018","I13-1196","0.598068"
"I13-1196","F13-1018","0.598068"
"F13-1018","L16-1661","0.588977"
"L16-1661","F13-1018","0.588977"
"F13-1018","P07-1084","0.0933063"
"P07-1084","F13-1018","0.0933063"
"F13-1018","P14-1121","0.800088"
"P14-1121","F13-1018","0.800088"
"F13-1018","W09-3110","0.293306"
"W09-3110","F13-1018","0.293306"
"F13-1018","W11-1205","0.164735"
"W11-1205","F13-1018","0.164735"
"F13-1018","W11-1206","0.538977"
"W11-1206","F13-1018","0.538977"
"F13-1018","W15-3405","0.387751"
"W15-3405","F13-1018","0.387751"
"hazem-morin-2012-adaptive","I05-1062","0.136785"
"I05-1062","hazem-morin-2012-adaptive","0.136785"
"hazem-morin-2012-adaptive","I08-1013","0.272531"
"I08-1013","hazem-morin-2012-adaptive","0.272531"
"hazem-morin-2012-adaptive","I13-1196","0.44396"
"I13-1196","hazem-morin-2012-adaptive","0.44396"
"hazem-morin-2012-adaptive","L16-1661","0.457946"
"L16-1661","hazem-morin-2012-adaptive","0.457946"
"hazem-morin-2012-adaptive","P07-1084","0.136785"
"P07-1084","hazem-morin-2012-adaptive","0.136785"
"hazem-morin-2012-adaptive","P14-1121","0.434869"
"P14-1121","hazem-morin-2012-adaptive","0.434869"
"hazem-morin-2012-adaptive","W09-3110","0.836785"
"W09-3110","hazem-morin-2012-adaptive","0.836785"
"hazem-morin-2012-adaptive","W11-1205","0.367037"
"W11-1205","hazem-morin-2012-adaptive","0.367037"
"hazem-morin-2012-adaptive","W11-1206","1.23487"
"W11-1206","hazem-morin-2012-adaptive","1.23487"
"hazem-morin-2012-adaptive","W15-3405","0.213708"
"W15-3405","hazem-morin-2012-adaptive","0.213708"
"I05-1062","I08-1013","0.136785"
"I08-1013","I05-1062","0.136785"
"I05-1062","I13-1196","0.336785"
"I13-1196","I05-1062","0.336785"
"I05-1062","L16-1661","0.136785"
"L16-1661","I05-1062","0.136785"
"I05-1062","P07-1084","0.336785"
"P07-1084","I05-1062","0.336785"
"I05-1062","P14-1121","0.136785"
"P14-1121","I05-1062","0.136785"
"I05-1062","W09-3110","0.136785"
"W09-3110","I05-1062","0.136785"
"I05-1062","W11-1206","0.336785"
"W11-1206","I05-1062","0.336785"
"I05-1062","W15-3405","0.136785"
"W15-3405","I05-1062","0.136785"
"I08-1013","I13-1196","0.272531"
"I13-1196","I08-1013","0.272531"
"I08-1013","L16-1661","0.195608"
"L16-1661","I08-1013","0.195608"
"I08-1013","P07-1084","0.404642"
"P07-1084","I08-1013","0.404642"
"I08-1013","P14-1121","0.272531"
"P14-1121","I08-1013","0.272531"
"I08-1013","W09-3110","0.136785"
"W09-3110","I08-1013","0.136785"
"I08-1013","W11-1205","0.195608"
"W11-1205","I08-1013","0.195608"
"I08-1013","W11-1206","0.272531"
"W11-1206","I08-1013","0.272531"
"I08-1013","W15-3405","0.213708"
"W15-3405","I08-1013","0.213708"
"I13-1196","L16-1661","1.00037"
"L16-1661","I13-1196","1.00037"
"I13-1196","P07-1084","0.336785"
"P07-1084","I13-1196","0.336785"
"I13-1196","P14-1121","0.64396"
"P14-1121","I13-1196","0.64396"
"I13-1196","W09-3110","0.136785"
"W09-3110","I13-1196","0.136785"
"I13-1196","W11-1205","0.567037"
"W11-1205","I13-1196","0.567037"
"I13-1196","W11-1206","0.74396"
"W11-1206","I13-1196","0.74396"
"I13-1196","W15-3405","0.313708"
"W15-3405","I13-1196","0.313708"
"L16-1661","P07-1084","0.136785"
"P07-1084","L16-1661","0.136785"
"L16-1661","P14-1121","0.557946"
"P14-1121","L16-1661","0.557946"
"L16-1661","W09-3110","0.136785"
"W09-3110","L16-1661","0.136785"
"L16-1661","W11-1205","0.367037"
"W11-1205","L16-1661","0.367037"
"L16-1661","W11-1206","0.557946"
"W11-1206","L16-1661","0.557946"
"L16-1661","W15-3405","0.136785"
"W15-3405","L16-1661","0.136785"
"P07-1084","P14-1121","0.136785"
"P14-1121","P07-1084","0.136785"
"P07-1084","W09-3110","0.136785"
"W09-3110","P07-1084","0.136785"
"P07-1084","W11-1205","0.336785"
"W11-1205","P07-1084","0.336785"
"P07-1084","W11-1206","0.336785"
"W11-1206","P07-1084","0.336785"
"P07-1084","W15-3405","0.136785"
"W15-3405","P07-1084","0.136785"
"P14-1121","W09-3110","0.136785"
"W09-3110","P14-1121","0.136785"
"P14-1121","W11-1205","0.267037"
"W11-1205","P14-1121","0.267037"
"P14-1121","W11-1206","0.518202"
"W11-1206","P14-1121","0.518202"
"P14-1121","W15-3405","1.84149"
"W15-3405","P14-1121","1.84149"
"W09-3110","W11-1205","0.136785"
"W11-1205","W09-3110","0.136785"
"W09-3110","W11-1206","0.836785"
"W11-1206","W09-3110","0.836785"
"W09-3110","W15-3405","0.136785"
"W15-3405","W09-3110","0.136785"
"W11-1205","W11-1206","0.567037"
"W11-1206","W11-1205","0.567037"
"W11-1205","W15-3405","0.136785"
"W15-3405","W11-1205","0.136785"
"W11-1206","W15-3405","0.297041"
"W15-3405","W11-1206","0.297041"
"2004.jeptalnrecital-long.13","2009.jeptalnrecital-long.10","0.0344828"
"2009.jeptalnrecital-long.10","2004.jeptalnrecital-long.13","0.0344828"
"2004.jeptalnrecital-long.13","2009.mtsummit-posters.14","0.0344828"
"2009.mtsummit-posters.14","2004.jeptalnrecital-long.13","0.0344828"
"2004.jeptalnrecital-long.13","2018.jeptalnrecital-long.2","0.0344828"
"2018.jeptalnrecital-long.2","2004.jeptalnrecital-long.13","0.0344828"
"2004.jeptalnrecital-long.13","2020.coling-main.527","0.0344828"
"2020.coling-main.527","2004.jeptalnrecital-long.13","0.0344828"
"2004.jeptalnrecital-long.13","C12-1110","0.0344828"
"C12-1110","2004.jeptalnrecital-long.13","0.0344828"
"2004.jeptalnrecital-long.13","C16-1321","0.0344828"
"C16-1321","2004.jeptalnrecital-long.13","0.0344828"
"2004.jeptalnrecital-long.13","C18-1080","0.0344828"
"C18-1080","2004.jeptalnrecital-long.13","0.0344828"
"2004.jeptalnrecital-long.13","C18-1242","0.0344828"
"C18-1242","2004.jeptalnrecital-long.13","0.0344828"
"2004.jeptalnrecital-long.13","F12-2011","0.0344828"
"F12-2011","2004.jeptalnrecital-long.13","0.0344828"
"2004.jeptalnrecital-long.13","I13-1046","0.0344828"
"I13-1046","2004.jeptalnrecital-long.13","0.0344828"
"2004.jeptalnrecital-long.13","I17-1069","0.0344828"
"I17-1069","2004.jeptalnrecital-long.13","0.0344828"
"2004.jeptalnrecital-long.13","W13-2504","0.0344828"
"W13-2504","2004.jeptalnrecital-long.13","0.0344828"
"2004.jeptalnrecital-long.13","W15-3413","0.0344828"
"W15-3413","2004.jeptalnrecital-long.13","0.0344828"
"2009.jeptalnrecital-long.10","2009.jeptalnrecital-long.6","0.317816"
"2009.jeptalnrecital-long.6","2009.jeptalnrecital-long.10","0.317816"
"2009.jeptalnrecital-long.10","2009.mtsummit-posters.14","1.17796"
"2009.mtsummit-posters.14","2009.jeptalnrecital-long.10","1.17796"
"2009.jeptalnrecital-long.10","2011.jeptalnrecital-long.13","0.0344828"
"2011.jeptalnrecital-long.13","2009.jeptalnrecital-long.10","0.0344828"
"2009.jeptalnrecital-long.10","2016.jeptalnrecital-long.14","0.361294"
"2016.jeptalnrecital-long.14","2009.jeptalnrecital-long.10","0.361294"
"2009.jeptalnrecital-long.10","2018.jeptalnrecital-long.2","0.134483"
"2018.jeptalnrecital-long.2","2009.jeptalnrecital-long.10","0.134483"
"2009.jeptalnrecital-long.10","2020.coling-main.527","0.077961"
"2020.coling-main.527","2009.jeptalnrecital-long.10","0.077961"
"2009.jeptalnrecital-long.10","C12-1110","0.077961"
"C12-1110","2009.jeptalnrecital-long.10","0.077961"
"2009.jeptalnrecital-long.10","C16-1321","0.277961"
"C16-1321","2009.jeptalnrecital-long.10","0.277961"
"2009.jeptalnrecital-long.10","C18-1080","0.077961"
"C18-1080","2009.jeptalnrecital-long.10","0.077961"
"2009.jeptalnrecital-long.10","C18-1242","0.177961"
"C18-1242","2009.jeptalnrecital-long.10","0.177961"
"2009.jeptalnrecital-long.10","daille-etal-2004-french","0.0344828"
"daille-etal-2004-french","2009.jeptalnrecital-long.10","0.0344828"
"2009.jeptalnrecital-long.10","F12-2011","0.077961"
"F12-2011","2009.jeptalnrecital-long.10","0.077961"
"2009.jeptalnrecital-long.10","F13-1018","0.217816"
"F13-1018","2009.jeptalnrecital-long.10","0.217816"
"2009.jeptalnrecital-long.10","hazem-morin-2012-adaptive","0.077961"
"hazem-morin-2012-adaptive","2009.jeptalnrecital-long.10","0.077961"
"2009.jeptalnrecital-long.10","I05-1062","0.077961"
"I05-1062","2009.jeptalnrecital-long.10","0.077961"
"2009.jeptalnrecital-long.10","I08-1013","0.077961"
"I08-1013","2009.jeptalnrecital-long.10","0.077961"
"2009.jeptalnrecital-long.10","I13-1046","0.161294"
"I13-1046","2009.jeptalnrecital-long.10","0.161294"
"2009.jeptalnrecital-long.10","I13-1196","0.277961"
"I13-1196","2009.jeptalnrecital-long.10","0.277961"
"2009.jeptalnrecital-long.10","I17-1069","0.161294"
"I17-1069","2009.jeptalnrecital-long.10","0.161294"
"2009.jeptalnrecital-long.10","L16-1661","0.177961"
"L16-1661","2009.jeptalnrecital-long.10","0.177961"
"2009.jeptalnrecital-long.10","P07-1084","0.077961"
"P07-1084","2009.jeptalnrecital-long.10","0.077961"
"2009.jeptalnrecital-long.10","P14-1121","0.261294"
"P14-1121","2009.jeptalnrecital-long.10","0.261294"
"2009.jeptalnrecital-long.10","W09-3110","0.077961"
"W09-3110","2009.jeptalnrecital-long.10","0.077961"
"2009.jeptalnrecital-long.10","W11-1205","0.077961"
"W11-1205","2009.jeptalnrecital-long.10","0.077961"
"2009.jeptalnrecital-long.10","W11-1206","0.261294"
"W11-1206","2009.jeptalnrecital-long.10","0.261294"
"2009.jeptalnrecital-long.10","W13-2504","0.177961"
"W13-2504","2009.jeptalnrecital-long.10","0.177961"
"2009.jeptalnrecital-long.10","W15-3405","0.261294"
"W15-3405","2009.jeptalnrecital-long.10","0.261294"
"2009.jeptalnrecital-long.10","W15-3413","0.177961"
"W15-3413","2009.jeptalnrecital-long.10","0.177961"
"2009.jeptalnrecital-long.6","2009.mtsummit-posters.14","0.234483"
"2009.mtsummit-posters.14","2009.jeptalnrecital-long.6","0.234483"
"2009.jeptalnrecital-long.6","2018.jeptalnrecital-long.2","0.134483"
"2018.jeptalnrecital-long.2","2009.jeptalnrecital-long.6","0.134483"
"2009.jeptalnrecital-long.6","2020.coling-main.527","0.0933063"
"2020.coling-main.527","2009.jeptalnrecital-long.6","0.0933063"
"2009.jeptalnrecital-long.6","C12-1110","0.0933063"
"C12-1110","2009.jeptalnrecital-long.6","0.0933063"
"2009.jeptalnrecital-long.6","C16-1321","0.234483"
"C16-1321","2009.jeptalnrecital-long.6","0.234483"
"2009.jeptalnrecital-long.6","C18-1080","0.170229"
"C18-1080","2009.jeptalnrecital-long.6","0.170229"
"2009.jeptalnrecital-long.6","C18-1242","0.134483"
"C18-1242","2009.jeptalnrecital-long.6","0.134483"
"2009.jeptalnrecital-long.6","F12-2011","0.0344828"
"F12-2011","2009.jeptalnrecital-long.6","0.0344828"
"2009.jeptalnrecital-long.6","I13-1046","0.194739"
"I13-1046","2009.jeptalnrecital-long.6","0.194739"
"2009.jeptalnrecital-long.6","I17-1069","0.17664"
"I17-1069","2009.jeptalnrecital-long.6","0.17664"
"2009.jeptalnrecital-long.6","W13-2504","0.293306"
"W13-2504","2009.jeptalnrecital-long.6","0.293306"
"2009.jeptalnrecital-long.6","W15-3413","0.193306"
"W15-3413","2009.jeptalnrecital-long.6","0.193306"
"2009.mtsummit-posters.14","2011.jeptalnrecital-long.13","0.0344828"
"2011.jeptalnrecital-long.13","2009.mtsummit-posters.14","0.0344828"
"2009.mtsummit-posters.14","2016.jeptalnrecital-long.14","0.177961"
"2016.jeptalnrecital-long.14","2009.mtsummit-posters.14","0.177961"
"2009.mtsummit-posters.14","2018.jeptalnrecital-long.2","0.0344828"
"2018.jeptalnrecital-long.2","2009.mtsummit-posters.14","0.0344828"
"2009.mtsummit-posters.14","2020.coling-main.527","0.077961"
"2020.coling-main.527","2009.mtsummit-posters.14","0.077961"
"2009.mtsummit-posters.14","C12-1110","0.077961"
"C12-1110","2009.mtsummit-posters.14","0.077961"
"2009.mtsummit-posters.14","C16-1321","0.177961"
"C16-1321","2009.mtsummit-posters.14","0.177961"
"2009.mtsummit-posters.14","C18-1080","0.077961"
"C18-1080","2009.mtsummit-posters.14","0.077961"
"2009.mtsummit-posters.14","C18-1242","0.077961"
"C18-1242","2009.mtsummit-posters.14","0.077961"
"2009.mtsummit-posters.14","daille-etal-2004-french","0.0344828"
"daille-etal-2004-french","2009.mtsummit-posters.14","0.0344828"
"2009.mtsummit-posters.14","F12-2011","0.077961"
"F12-2011","2009.mtsummit-posters.14","0.077961"
"2009.mtsummit-posters.14","F13-1018","0.0344828"
"F13-1018","2009.mtsummit-posters.14","0.0344828"
"2009.mtsummit-posters.14","hazem-morin-2012-adaptive","0.177961"
"hazem-morin-2012-adaptive","2009.mtsummit-posters.14","0.177961"
"2009.mtsummit-posters.14","I05-1062","0.077961"
"I05-1062","2009.mtsummit-posters.14","0.077961"
"2009.mtsummit-posters.14","I08-1013","0.077961"
"I08-1013","2009.mtsummit-posters.14","0.077961"
"2009.mtsummit-posters.14","I13-1046","0.077961"
"I13-1046","2009.mtsummit-posters.14","0.077961"
"2009.mtsummit-posters.14","I13-1196","0.277961"
"I13-1196","2009.mtsummit-posters.14","0.277961"
"2009.mtsummit-posters.14","I17-1069","0.077961"
"I17-1069","2009.mtsummit-posters.14","0.077961"
"2009.mtsummit-posters.14","L16-1661","0.277961"
"L16-1661","2009.mtsummit-posters.14","0.277961"
"2009.mtsummit-posters.14","P07-1084","0.077961"
"P07-1084","2009.mtsummit-posters.14","0.077961"
"2009.mtsummit-posters.14","P14-1121","0.077961"
"P14-1121","2009.mtsummit-posters.14","0.077961"
"2009.mtsummit-posters.14","W09-3110","0.077961"
"W09-3110","2009.mtsummit-posters.14","0.077961"
"2009.mtsummit-posters.14","W11-1205","0.177961"
"W11-1205","2009.mtsummit-posters.14","0.177961"
"2009.mtsummit-posters.14","W11-1206","0.277961"
"W11-1206","2009.mtsummit-posters.14","0.277961"
"2009.mtsummit-posters.14","W13-2504","0.277961"
"W13-2504","2009.mtsummit-posters.14","0.277961"
"2009.mtsummit-posters.14","W15-3405","0.077961"
"W15-3405","2009.mtsummit-posters.14","0.077961"
"2009.mtsummit-posters.14","W15-3413","0.077961"
"W15-3413","2009.mtsummit-posters.14","0.077961"
"2011.jeptalnrecital-long.13","2018.jeptalnrecital-long.2","0.270594"
"2018.jeptalnrecital-long.2","2011.jeptalnrecital-long.13","0.270594"
"2011.jeptalnrecital-long.13","2020.coling-main.527","0.366755"
"2020.coling-main.527","2011.jeptalnrecital-long.13","0.366755"
"2011.jeptalnrecital-long.13","C12-1110","0.380644"
"C12-1110","2011.jeptalnrecital-long.13","0.380644"
"2011.jeptalnrecital-long.13","C16-1321","0.236503"
"C16-1321","2011.jeptalnrecital-long.13","0.236503"
"2011.jeptalnrecital-long.13","C18-1080","1.26114"
"C18-1080","2011.jeptalnrecital-long.13","1.26114"
"2011.jeptalnrecital-long.13","C18-1242","0.159483"
"C18-1242","2011.jeptalnrecital-long.13","0.159483"
"2011.jeptalnrecital-long.13","F12-2011","1.43293"
"F12-2011","2011.jeptalnrecital-long.13","1.43293"
"2011.jeptalnrecital-long.13","I13-1046","0.182834"
"I13-1046","2011.jeptalnrecital-long.13","0.182834"
"2011.jeptalnrecital-long.13","I17-1069","0.255644"
"I17-1069","2011.jeptalnrecital-long.13","0.255644"
"2011.jeptalnrecital-long.13","W13-2504","0.164735"
"W13-2504","2011.jeptalnrecital-long.13","0.164735"
"2011.jeptalnrecital-long.13","W15-3413","0.0933063"
"W15-3413","2011.jeptalnrecital-long.13","0.0933063"
"2016.jeptalnrecital-long.14","2018.jeptalnrecital-long.2","0.134483"
"2018.jeptalnrecital-long.2","2016.jeptalnrecital-long.14","0.134483"
"2016.jeptalnrecital-long.14","2020.coling-main.527","0.470118"
"2020.coling-main.527","2016.jeptalnrecital-long.14","0.470118"
"2016.jeptalnrecital-long.14","C12-1110","0.386785"
"C12-1110","2016.jeptalnrecital-long.14","0.386785"
"2016.jeptalnrecital-long.14","C16-1321","0.611294"
"C16-1321","2016.jeptalnrecital-long.14","0.611294"
"2016.jeptalnrecital-long.14","C18-1080","0.547041"
"C18-1080","2016.jeptalnrecital-long.14","0.547041"
"2016.jeptalnrecital-long.14","C18-1242","0.177961"
"C18-1242","2016.jeptalnrecital-long.14","0.177961"
"2016.jeptalnrecital-long.14","F12-2011","0.077961"
"F12-2011","2016.jeptalnrecital-long.14","0.077961"
"2016.jeptalnrecital-long.14","I13-1046","0.488217"
"I13-1046","2016.jeptalnrecital-long.14","0.488217"
"2016.jeptalnrecital-long.14","I17-1069","0.220118"
"I17-1069","2016.jeptalnrecital-long.14","0.220118"
"2016.jeptalnrecital-long.14","W13-2504","0.236785"
"W13-2504","2016.jeptalnrecital-long.14","0.236785"
"2016.jeptalnrecital-long.14","W15-3413","0.236785"
"W15-3413","2016.jeptalnrecital-long.14","0.236785"
"2018.jeptalnrecital-long.2","2020.coling-main.527","0.678927"
"2020.coling-main.527","2018.jeptalnrecital-long.2","0.678927"
"2018.jeptalnrecital-long.2","C12-1110","0.635673"
"C12-1110","2018.jeptalnrecital-long.2","0.635673"
"2018.jeptalnrecital-long.2","C16-1321","0.745594"
"C16-1321","2018.jeptalnrecital-long.2","0.745594"
"2018.jeptalnrecital-long.2","C18-1080","0.484483"
"C18-1080","2018.jeptalnrecital-long.2","0.484483"
"2018.jeptalnrecital-long.2","C18-1242","4.01901"
"C18-1242","2018.jeptalnrecital-long.2","4.01901"
"2018.jeptalnrecital-long.2","daille-etal-2004-french","0.0344828"
"daille-etal-2004-french","2018.jeptalnrecital-long.2","0.0344828"
"2018.jeptalnrecital-long.2","F12-2011","0.746784"
"F12-2011","2018.jeptalnrecital-long.2","0.746784"
"2018.jeptalnrecital-long.2","F13-1018","0.245594"
"F13-1018","2018.jeptalnrecital-long.2","0.245594"
"2018.jeptalnrecital-long.2","hazem-morin-2012-adaptive","0.0344828"
"hazem-morin-2012-adaptive","2018.jeptalnrecital-long.2","0.0344828"
"2018.jeptalnrecital-long.2","I05-1062","1.03448"
"I05-1062","2018.jeptalnrecital-long.2","1.03448"
"2018.jeptalnrecital-long.2","I08-1013","0.30234"
"I08-1013","2018.jeptalnrecital-long.2","0.30234"
"2018.jeptalnrecital-long.2","I13-1046","0.0344828"
"I13-1046","2018.jeptalnrecital-long.2","0.0344828"
"2018.jeptalnrecital-long.2","I13-1196","0.134483"
"I13-1196","2018.jeptalnrecital-long.2","0.134483"
"2018.jeptalnrecital-long.2","I17-1069","0.567816"
"I17-1069","2018.jeptalnrecital-long.2","0.567816"
"2018.jeptalnrecital-long.2","L16-1661","0.0344828"
"L16-1661","2018.jeptalnrecital-long.2","0.0344828"
"2018.jeptalnrecital-long.2","P07-1084","0.30234"
"P07-1084","2018.jeptalnrecital-long.2","0.30234"
"2018.jeptalnrecital-long.2","P14-1121","0.245594"
"P14-1121","2018.jeptalnrecital-long.2","0.245594"
"2018.jeptalnrecital-long.2","W09-3110","0.0344828"
"W09-3110","2018.jeptalnrecital-long.2","0.0344828"
"2018.jeptalnrecital-long.2","W11-1205","0.0344828"
"W11-1205","2018.jeptalnrecital-long.2","0.0344828"
"2018.jeptalnrecital-long.2","W11-1206","0.0344828"
"W11-1206","2018.jeptalnrecital-long.2","0.0344828"
"2018.jeptalnrecital-long.2","W13-2504","0.0344828"
"W13-2504","2018.jeptalnrecital-long.2","0.0344828"
"2018.jeptalnrecital-long.2","W15-3405","0.245594"
"W15-3405","2018.jeptalnrecital-long.2","0.245594"
"2018.jeptalnrecital-long.2","W15-3413","0.134483"
"W15-3413","2018.jeptalnrecital-long.2","0.134483"
"2020.coling-main.527","C12-1110","0.299122"
"C12-1110","2020.coling-main.527","0.299122"
"2020.coling-main.527","C16-1321","3.64665"
"C16-1321","2020.coling-main.527","3.64665"
"2020.coling-main.527","C18-1080","2.59436"
"C18-1080","2020.coling-main.527","2.59436"
"2020.coling-main.527","C18-1242","1.94463"
"C18-1242","2020.coling-main.527","1.94463"
"2020.coling-main.527","daille-etal-2004-french","0.0344828"
"daille-etal-2004-french","2020.coling-main.527","0.0344828"
"2020.coling-main.527","F12-2011","0.35141"
"F12-2011","2020.coling-main.527","0.35141"
"2020.coling-main.527","F13-1018","0.307932"
"F13-1018","2020.coling-main.527","0.307932"
"2020.coling-main.527","hazem-morin-2012-adaptive","0.299122"
"hazem-morin-2012-adaptive","2020.coling-main.527","0.299122"
"2020.coling-main.527","I05-1062","0.077961"
"I05-1062","2020.coling-main.527","0.077961"
"2020.coling-main.527","I08-1013","0.136785"
"I08-1013","2020.coling-main.527","0.136785"
"2020.coling-main.527","I13-1046","0.316056"
"I13-1046","2020.coling-main.527","0.316056"
"2020.coling-main.527","I13-1196","0.408213"
"I13-1196","2020.coling-main.527","0.408213"
"2020.coling-main.527","I17-1069","2.16579"
"I17-1069","2020.coling-main.527","2.16579"
"2020.coling-main.527","L16-1661","0.499122"
"L16-1661","2020.coling-main.527","0.499122"
"2020.coling-main.527","P07-1084","0.077961"
"P07-1084","2020.coling-main.527","0.077961"
"2020.coling-main.527","P14-1121","0.7769"
"P14-1121","2020.coling-main.527","0.7769"
"2020.coling-main.527","W09-3110","0.077961"
"W09-3110","2020.coling-main.527","0.077961"
"2020.coling-main.527","W11-1205","0.208213"
"W11-1205","2020.coling-main.527","0.208213"
"2020.coling-main.527","W11-1206","0.299122"
"W11-1206","2020.coling-main.527","0.299122"
"2020.coling-main.527","W13-2504","0.408213"
"W13-2504","2020.coling-main.527","0.408213"
"2020.coling-main.527","W15-3405","0.522405"
"W15-3405","2020.coling-main.527","0.522405"
"2020.coling-main.527","W15-3413","0.136785"
"W15-3413","2020.coling-main.527","0.136785"
"C12-1110","C16-1321","0.16887"
"C16-1321","C12-1110","0.16887"
"C12-1110","C18-1080","0.227694"
"C18-1080","C12-1110","0.227694"
"C12-1110","C18-1242","0.929151"
"C18-1242","C12-1110","0.929151"
"C12-1110","daille-etal-2004-french","0.0344828"
"daille-etal-2004-french","C12-1110","0.0344828"
"C12-1110","F12-2011","2.92482"
"F12-2011","C12-1110","2.92482"
"C12-1110","F13-1018","0.19682"
"F13-1018","C12-1110","0.19682"
"C12-1110","hazem-morin-2012-adaptive","0.299122"
"hazem-morin-2012-adaptive","C12-1110","0.299122"
"C12-1110","I05-1062","0.077961"
"I05-1062","C12-1110","0.077961"
"C12-1110","I08-1013","0.987975"
"I08-1013","C12-1110","0.987975"
"C12-1110","I13-1046","1.23272"
"I13-1046","C12-1110","1.23272"
"C12-1110","I13-1196","0.208213"
"I13-1196","C12-1110","0.208213"
"C12-1110","I17-1069","0.299122"
"I17-1069","C12-1110","0.299122"
"C12-1110","L16-1661","0.299122"
"L16-1661","C12-1110","0.299122"
"C12-1110","P07-1084","0.345818"
"P07-1084","C12-1110","0.345818"
"C12-1110","P14-1121","0.632456"
"P14-1121","C12-1110","0.632456"
"C12-1110","W09-3110","0.077961"
"W09-3110","C12-1110","0.077961"
"C12-1110","W11-1205","0.208213"
"W11-1205","C12-1110","0.208213"
"C12-1110","W11-1206","0.299122"
"W11-1206","C12-1110","0.299122"
"C12-1110","W13-2504","0.208213"
"W13-2504","C12-1110","0.208213"
"C12-1110","W15-3405","0.327961"
"W15-3405","C12-1110","0.327961"
"C12-1110","W15-3413","0.136785"
"W15-3413","C12-1110","0.136785"
"C16-1321","C18-1080","3.0022"
"C18-1080","C16-1321","3.0022"
"C16-1321","C18-1242","0.844628"
"C18-1242","C16-1321","0.844628"
"C16-1321","daille-etal-2004-french","0.0344828"
"daille-etal-2004-french","C16-1321","0.0344828"
"C16-1321","F12-2011","0.613315"
"F12-2011","C16-1321","0.613315"
"C16-1321","F13-1018","0.336503"
"F13-1018","C16-1321","0.336503"
"C16-1321","hazem-morin-2012-adaptive","0.16887"
"hazem-morin-2012-adaptive","C16-1321","0.16887"
"C16-1321","I05-1062","0.077961"
"I05-1062","C16-1321","0.077961"
"C16-1321","I08-1013","0.077961"
"I08-1013","C16-1321","0.077961"
"C16-1321","I13-1046","0.244628"
"I13-1046","C16-1321","0.244628"
"C16-1321","I13-1196","0.477961"
"I13-1196","C16-1321","0.477961"
"C16-1321","I17-1069","2.66887"
"I17-1069","C16-1321","2.66887"
"C16-1321","L16-1661","0.46887"
"L16-1661","C16-1321","0.46887"
"C16-1321","P07-1084","0.077961"
"P07-1084","C16-1321","0.077961"
"C16-1321","P14-1121","1.74665"
"P14-1121","C16-1321","1.74665"
"C16-1321","W09-3110","0.077961"
"W09-3110","C16-1321","0.077961"
"C16-1321","W11-1205","0.077961"
"W11-1205","C16-1321","0.077961"
"C16-1321","W11-1206","0.26887"
"W11-1206","C16-1321","0.26887"
"C16-1321","W13-2504","0.377961"
"W13-2504","C16-1321","0.377961"
"C16-1321","W15-3405","0.622405"
"W15-3405","C16-1321","0.622405"
"C16-1321","W15-3413","0.177961"
"W15-3413","C16-1321","0.177961"
"C18-1080","C18-1242","3.36129"
"C18-1242","C18-1080","3.36129"
"C18-1080","daille-etal-2004-french","0.0344828"
"daille-etal-2004-french","C18-1080","0.0344828"
"C18-1080","F12-2011","0.502203"
"F12-2011","C18-1080","0.502203"
"C18-1080","F13-1018","0.375392"
"F13-1018","C18-1080","0.375392"
"C18-1080","hazem-morin-2012-adaptive","0.304617"
"hazem-morin-2012-adaptive","C18-1080","0.304617"
"C18-1080","I05-1062","0.077961"
"I05-1062","C18-1080","0.077961"
"C18-1080","I08-1013","0.213708"
"I08-1013","C18-1080","0.213708"
"C18-1080","I13-1046","0.571551"
"I13-1046","C18-1080","0.571551"
"C18-1080","I13-1196","0.213708"
"I13-1196","C18-1080","0.213708"
"C18-1080","I17-1069","3.59436"
"I17-1069","C18-1080","3.59436"
"C18-1080","L16-1661","0.227694"
"L16-1661","C18-1080","0.227694"
"C18-1080","P07-1084","0.077961"
"P07-1084","C18-1080","0.077961"
"C18-1080","P14-1121","1.38795"
"P14-1121","C18-1080","1.38795"
"C18-1080","W09-3110","0.077961"
"W09-3110","C18-1080","0.077961"
"C18-1080","W11-1205","0.136785"
"W11-1205","C18-1080","0.136785"
"C18-1080","W11-1206","0.304617"
"W11-1206","C18-1080","0.304617"
"C18-1080","W13-2504","0.136785"
"W13-2504","C18-1080","0.136785"
"C18-1080","W15-3405","0.488217"
"W15-3405","C18-1080","0.488217"
"C18-1080","W15-3413","0.136785"
"W15-3413","C18-1080","0.136785"
"C18-1242","daille-etal-2004-french","0.0344828"
"daille-etal-2004-french","C18-1242","0.0344828"
"C18-1242","F12-2011","0.929151"
"F12-2011","C18-1242","0.929151"
"C18-1242","F13-1018","0.134483"
"F13-1018","C18-1242","0.134483"
"C18-1242","hazem-morin-2012-adaptive","0.077961"
"hazem-morin-2012-adaptive","C18-1242","0.077961"
"C18-1242","I05-1062","0.077961"
"I05-1062","C18-1242","0.077961"
"C18-1242","I08-1013","0.595818"
"I08-1013","C18-1242","0.595818"
"C18-1242","I13-1046","0.244628"
"I13-1046","C18-1242","0.244628"
"C18-1242","I13-1196","0.177961"
"I13-1196","C18-1242","0.177961"
"C18-1242","I17-1069","1.94463"
"I17-1069","C18-1242","1.94463"
"C18-1242","L16-1661","0.077961"
"L16-1661","C18-1242","0.077961"
"C18-1242","P07-1084","0.345818"
"P07-1084","C18-1242","0.345818"
"C18-1242","P14-1121","0.344628"
"P14-1121","C18-1242","0.344628"
"C18-1242","W09-3110","0.077961"
"W09-3110","C18-1242","0.077961"
"C18-1242","W11-1205","0.077961"
"W11-1205","C18-1242","0.077961"
"C18-1242","W11-1206","0.077961"
"W11-1206","C18-1242","0.077961"
"C18-1242","W13-2504","0.077961"
"W13-2504","C18-1242","0.077961"
"C18-1242","W15-3405","0.177961"
"W15-3405","C18-1242","0.177961"
"C18-1242","W15-3413","0.177961"
"W15-3413","C18-1242","0.177961"
"daille-etal-2004-french","F12-2011","0.0344828"
"F12-2011","daille-etal-2004-french","0.0344828"
"daille-etal-2004-french","I13-1046","0.0344828"
"I13-1046","daille-etal-2004-french","0.0344828"
"daille-etal-2004-french","I17-1069","0.0344828"
"I17-1069","daille-etal-2004-french","0.0344828"
"daille-etal-2004-french","W13-2504","0.0344828"
"W13-2504","daille-etal-2004-french","0.0344828"
"daille-etal-2004-french","W15-3413","0.0344828"
"W15-3413","daille-etal-2004-french","0.0344828"
"F12-2011","F13-1018","0.641265"
"F13-1018","F12-2011","0.641265"
"F12-2011","hazem-morin-2012-adaptive","0.240299"
"hazem-morin-2012-adaptive","F12-2011","0.240299"
"F12-2011","I05-1062","0.077961"
"I05-1062","F12-2011","0.077961"
"F12-2011","I08-1013","0.595818"
"I08-1013","F12-2011","0.595818"
"F12-2011","I13-1046","0.982723"
"I13-1046","F12-2011","0.982723"
"F12-2011","I13-1196","0.482723"
"I13-1196","F12-2011","0.482723"
"F12-2011","I17-1069","0.240299"
"I17-1069","F12-2011","0.240299"
"F12-2011","L16-1661","0.573632"
"L16-1661","F12-2011","0.573632"
"F12-2011","P07-1084","0.345818"
"P07-1084","F12-2011","0.345818"
"F12-2011","P14-1121","1.01808"
"P14-1121","F12-2011","1.01808"
"F12-2011","W09-3110","0.077961"
"W09-3110","F12-2011","0.077961"
"F12-2011","W11-1205","0.14939"
"W11-1205","F12-2011","0.14939"
"F12-2011","W11-1206","0.240299"
"W11-1206","F12-2011","0.240299"
"F12-2011","W13-2504","0.14939"
"W13-2504","F12-2011","0.14939"
"F12-2011","W15-3405","0.189072"
"W15-3405","F12-2011","0.189072"
"F12-2011","W15-3413","0.077961"
"W15-3413","F12-2011","0.077961"
"F13-1018","I13-1046","0.439245"
"I13-1046","F13-1018","0.439245"
"F13-1018","I17-1069","0.280154"
"I17-1069","F13-1018","0.280154"
"F13-1018","W13-2504","0.105911"
"W13-2504","F13-1018","0.105911"
"F13-1018","W15-3413","0.134483"
"W15-3413","F13-1018","0.134483"
"hazem-morin-2012-adaptive","I13-1046","0.226313"
"I13-1046","hazem-morin-2012-adaptive","0.226313"
"hazem-morin-2012-adaptive","I17-1069","0.299122"
"I17-1069","hazem-morin-2012-adaptive","0.299122"
"hazem-morin-2012-adaptive","W13-2504","0.308213"
"W13-2504","hazem-morin-2012-adaptive","0.308213"
"hazem-morin-2012-adaptive","W15-3413","0.136785"
"W15-3413","hazem-morin-2012-adaptive","0.136785"
"I05-1062","I13-1046","0.077961"
"I13-1046","I05-1062","0.077961"
"I05-1062","I17-1069","0.077961"
"I17-1069","I05-1062","0.077961"
"I05-1062","W13-2504","0.077961"
"W13-2504","I05-1062","0.077961"
"I05-1062","W15-3413","0.077961"
"W15-3413","I05-1062","0.077961"
"I08-1013","I13-1046","0.154884"
"I13-1046","I08-1013","0.154884"
"I08-1013","I17-1069","0.136785"
"I17-1069","I08-1013","0.136785"
"I08-1013","W13-2504","0.136785"
"W13-2504","I08-1013","0.136785"
"I08-1013","W15-3413","0.136785"
"W15-3413","I08-1013","0.136785"
"I13-1046","I13-1196","0.226313"
"I13-1196","I13-1046","0.226313"
"I13-1046","I17-1069","0.39939"
"I17-1069","I13-1046","0.39939"
"I13-1046","L16-1661","0.14939"
"L16-1661","I13-1046","0.14939"
"I13-1046","P07-1084","0.077961"
"P07-1084","I13-1046","0.077961"
"I13-1046","P14-1121","1.05965"
"P14-1121","I13-1046","1.05965"
"I13-1046","W09-3110","0.077961"
"W09-3110","I13-1046","0.077961"
"I13-1046","W11-1205","1.48272"
"W11-1205","I13-1046","1.48272"
"I13-1046","W11-1206","0.309646"
"W11-1206","I13-1046","0.309646"
"I13-1046","W13-2504","0.14939"
"W13-2504","I13-1046","0.14939"
"I13-1046","W15-3405","0.488217"
"W15-3405","I13-1046","0.488217"
"I13-1046","W15-3413","1.07796"
"W15-3413","I13-1046","1.07796"
"I13-1196","I17-1069","0.208213"
"I17-1069","I13-1196","0.208213"
"I13-1196","W13-2504","1.60821"
"W13-2504","I13-1196","1.60821"
"I13-1196","W15-3413","0.236785"
"W15-3413","I13-1196","0.236785"
"I17-1069","L16-1661","0.299122"
"L16-1661","I17-1069","0.299122"
"I17-1069","P07-1084","0.077961"
"P07-1084","I17-1069","0.077961"
"I17-1069","P14-1121","0.882456"
"P14-1121","I17-1069","0.882456"
"I17-1069","W09-3110","0.077961"
"W09-3110","I17-1069","0.077961"
"I17-1069","W11-1205","0.208213"
"W11-1205","I17-1069","0.208213"
"I17-1069","W11-1206","0.382456"
"W11-1206","I17-1069","0.382456"
"I17-1069","W13-2504","0.208213"
"W13-2504","I17-1069","0.208213"
"I17-1069","W15-3405","1.16129"
"W15-3405","I17-1069","1.16129"
"I17-1069","W15-3413","0.136785"
"W15-3413","I17-1069","0.136785"
"L16-1661","W13-2504","0.608213"
"W13-2504","L16-1661","0.608213"
"L16-1661","W15-3413","0.136785"
"W15-3413","L16-1661","0.136785"
"P07-1084","W13-2504","0.077961"
"W13-2504","P07-1084","0.077961"
"P07-1084","W15-3413","0.077961"
"W15-3413","P07-1084","0.077961"
