"1994.amta-1.20","C92-2094","0.25"
"C92-2094","1994.amta-1.20","0.25"
"1994.amta-1.20","J94-4004","1.25"
"J94-4004","1994.amta-1.20","1.25"
"1994.amta-1.20","P92-1033","0.25"
"P92-1033","1994.amta-1.20","0.25"
"1994.amta-1.20","W91-0222","0.25"
"W91-0222","1994.amta-1.20","0.25"
"C92-2094","J94-4004","1.45"
"J94-4004","C92-2094","1.45"
"C92-2094","P92-1033","0.45"
"P92-1033","C92-2094","0.45"
"C92-2094","W91-0222","0.45"
"W91-0222","C92-2094","0.45"
"J94-4004","P92-1033","0.45"
"P92-1033","J94-4004","0.45"
"J94-4004","W91-0222","0.45"
"W91-0222","J94-4004","0.45"
"P92-1033","W91-0222","2.28333"
"W91-0222","P92-1033","2.28333"
"1994.amta-1.20","J95-2005","1"
"J95-2005","1994.amta-1.20","1"
"1994.amta-1.6","dorr-etal-2000-building","0.5"
"dorr-etal-2000-building","1994.amta-1.6","0.5"
"1994.amta-1.6","dorr-etal-2000-chinese","0.5"
"dorr-etal-2000-chinese","1994.amta-1.6","0.5"
"dorr-etal-2000-building","dorr-etal-2000-chinese","3.14286"
"dorr-etal-2000-chinese","dorr-etal-2000-building","3.14286"
"1997.mtsummit-workshop.13","1997.mtsummit-workshop.3","0.142857"
"1997.mtsummit-workshop.3","1997.mtsummit-workshop.13","0.142857"
"1997.mtsummit-workshop.13","1997.mtsummit-workshop.4","0.142857"
"1997.mtsummit-workshop.4","1997.mtsummit-workshop.13","0.142857"
"1997.mtsummit-workshop.13","dorr-etal-1998-thematic","0.142857"
"dorr-etal-1998-thematic","1997.mtsummit-workshop.13","0.142857"
"1997.mtsummit-workshop.13","dorr-etal-2000-building","0.142857"
"dorr-etal-2000-building","1997.mtsummit-workshop.13","0.142857"
"1997.mtsummit-workshop.13","dorr-etal-2000-chinese","0.142857"
"dorr-etal-2000-chinese","1997.mtsummit-workshop.13","0.142857"
"1997.mtsummit-workshop.13","olsen-etal-1998-enhancing","0.142857"
"olsen-etal-1998-enhancing","1997.mtsummit-workshop.13","0.142857"
"1997.mtsummit-workshop.13","P97-1020","0.142857"
"P97-1020","1997.mtsummit-workshop.13","0.142857"
"1997.mtsummit-workshop.3","1997.mtsummit-workshop.4","0.642857"
"1997.mtsummit-workshop.4","1997.mtsummit-workshop.3","0.642857"
"1997.mtsummit-workshop.3","dorr-etal-1998-thematic","0.142857"
"dorr-etal-1998-thematic","1997.mtsummit-workshop.3","0.142857"
"1997.mtsummit-workshop.3","dorr-etal-2000-building","0.142857"
"dorr-etal-2000-building","1997.mtsummit-workshop.3","0.142857"
"1997.mtsummit-workshop.3","dorr-etal-2000-chinese","0.142857"
"dorr-etal-2000-chinese","1997.mtsummit-workshop.3","0.142857"
"1997.mtsummit-workshop.3","olsen-etal-1998-enhancing","0.142857"
"olsen-etal-1998-enhancing","1997.mtsummit-workshop.3","0.142857"
"1997.mtsummit-workshop.3","P97-1020","0.142857"
"P97-1020","1997.mtsummit-workshop.3","0.142857"
"1997.mtsummit-workshop.4","dorr-etal-1998-thematic","0.142857"
"dorr-etal-1998-thematic","1997.mtsummit-workshop.4","0.142857"
"1997.mtsummit-workshop.4","dorr-etal-2000-building","0.142857"
"dorr-etal-2000-building","1997.mtsummit-workshop.4","0.142857"
"1997.mtsummit-workshop.4","dorr-etal-2000-chinese","0.142857"
"dorr-etal-2000-chinese","1997.mtsummit-workshop.4","0.142857"
"1997.mtsummit-workshop.4","olsen-etal-1998-enhancing","0.142857"
"olsen-etal-1998-enhancing","1997.mtsummit-workshop.4","0.142857"
"1997.mtsummit-workshop.4","P97-1020","0.47619"
"P97-1020","1997.mtsummit-workshop.4","0.47619"
"dorr-etal-1998-thematic","dorr-etal-2000-building","1.14286"
"dorr-etal-2000-building","dorr-etal-1998-thematic","1.14286"
"dorr-etal-1998-thematic","dorr-etal-2000-chinese","0.142857"
"dorr-etal-2000-chinese","dorr-etal-1998-thematic","0.142857"
"dorr-etal-1998-thematic","olsen-etal-1998-enhancing","0.142857"
"olsen-etal-1998-enhancing","dorr-etal-1998-thematic","0.142857"
"dorr-etal-1998-thematic","P97-1020","0.142857"
"P97-1020","dorr-etal-1998-thematic","0.142857"
"dorr-etal-2000-building","olsen-etal-1998-enhancing","1.14286"
"olsen-etal-1998-enhancing","dorr-etal-2000-building","1.14286"
"dorr-etal-2000-building","P97-1020","0.142857"
"P97-1020","dorr-etal-2000-building","0.142857"
"dorr-etal-2000-chinese","olsen-etal-1998-enhancing","0.142857"
"olsen-etal-1998-enhancing","dorr-etal-2000-chinese","0.142857"
"dorr-etal-2000-chinese","P97-1020","0.142857"
"P97-1020","dorr-etal-2000-chinese","0.142857"
"olsen-etal-1998-enhancing","P97-1020","0.142857"
"P97-1020","olsen-etal-1998-enhancing","0.142857"
"1997.mtsummit-workshop.13","W18-3808","1"
"W18-3808","1997.mtsummit-workshop.13","1"
"1997.mtsummit-workshop.3","P01-1032","0.5"
"P01-1032","1997.mtsummit-workshop.3","0.5"
"1997.mtsummit-workshop.4","P01-1032","0.5"
"P01-1032","1997.mtsummit-workshop.4","0.5"
"1997.mtsummit-workshop.4","P92-1033","0.333333"
"P92-1033","1997.mtsummit-workshop.4","0.333333"
"1997.mtsummit-workshop.4","W91-0222","0.333333"
"W91-0222","1997.mtsummit-workshop.4","0.333333"
"P92-1033","P97-1020","0.833333"
"P97-1020","P92-1033","0.833333"
"P97-1020","W91-0222","0.833333"
"W91-0222","P97-1020","0.833333"
"2003.mtsummit-systems.9","J10-3003","0.558824"
"J10-3003","2003.mtsummit-systems.9","0.558824"
"2003.mtsummit-systems.9","P01-1032","0.5"
"P01-1032","2003.mtsummit-systems.9","0.5"
"J10-3003","P01-1032","0.5"
"P01-1032","J10-3003","0.5"
"2003.mtsummit-systems.9","N03-1013","6.06835"
"N03-1013","2003.mtsummit-systems.9","6.06835"
"2003.mtsummit-systems.9","2020.stoc-1.1","0.166667"
"2020.stoc-1.1","2003.mtsummit-systems.9","0.166667"
"2003.mtsummit-systems.9","2020.stoc-1.2","0.333333"
"2020.stoc-1.2","2003.mtsummit-systems.9","0.333333"
"2003.mtsummit-systems.9","ayan-etal-2004-multi","0.568347"
"ayan-etal-2004-multi","2003.mtsummit-systems.9","0.568347"
"2003.mtsummit-systems.9","P04-1048","0.166667"
"P04-1048","2003.mtsummit-systems.9","0.166667"
"2003.mtsummit-systems.9","W18-1408","0.333333"
"W18-1408","2003.mtsummit-systems.9","0.333333"
"2003.mtsummit-systems.9","W18-3808","0.333333"
"W18-3808","2003.mtsummit-systems.9","0.333333"
"2020.stoc-1.1","2020.stoc-1.2","1.66667"
"2020.stoc-1.2","2020.stoc-1.1","1.66667"
"2020.stoc-1.1","ayan-etal-2004-multi","0.166667"
"ayan-etal-2004-multi","2020.stoc-1.1","0.166667"
"2020.stoc-1.1","P04-1048","0.166667"
"P04-1048","2020.stoc-1.1","0.166667"
"2020.stoc-1.1","W18-1408","0.166667"
"W18-1408","2020.stoc-1.1","0.166667"
"2020.stoc-1.1","W18-3808","0.666667"
"W18-3808","2020.stoc-1.1","0.666667"
"2020.stoc-1.2","ayan-etal-2004-multi","0.666667"
"ayan-etal-2004-multi","2020.stoc-1.2","0.666667"
"2020.stoc-1.2","P04-1048","0.666667"
"P04-1048","2020.stoc-1.2","0.666667"
"2020.stoc-1.2","W18-1408","1.16667"
"W18-1408","2020.stoc-1.2","1.16667"
"2020.stoc-1.2","W18-3808","1.66667"
"W18-3808","2020.stoc-1.2","1.66667"
"ayan-etal-2004-multi","P04-1048","0.666667"
"P04-1048","ayan-etal-2004-multi","0.666667"
"ayan-etal-2004-multi","W18-1408","0.166667"
"W18-1408","ayan-etal-2004-multi","0.166667"
"ayan-etal-2004-multi","W18-3808","0.166667"
"W18-3808","ayan-etal-2004-multi","0.166667"
"P04-1048","W18-1408","0.166667"
"W18-1408","P04-1048","0.166667"
"P04-1048","W18-3808","0.166667"
"W18-3808","P04-1048","0.166667"
"W18-1408","W18-3808","5.16667"
"W18-3808","W18-1408","5.16667"
"2003.mtsummit-systems.9","2006.amta-papers.7","0.22549"
"2006.amta-papers.7","2003.mtsummit-systems.9","0.22549"
"2003.mtsummit-systems.9","W17-2318","0.166667"
"W17-2318","2003.mtsummit-systems.9","0.166667"
"2006.amta-papers.7","2020.stoc-1.2","0.166667"
"2020.stoc-1.2","2006.amta-papers.7","0.166667"
"2006.amta-papers.7","N03-1013","0.22549"
"N03-1013","2006.amta-papers.7","0.22549"
"2006.amta-papers.7","W17-2318","0.166667"
"W17-2318","2006.amta-papers.7","0.166667"
"2006.amta-papers.7","W18-1408","0.166667"
"W18-1408","2006.amta-papers.7","0.166667"
"2006.amta-papers.7","W18-3808","0.166667"
"W18-3808","2006.amta-papers.7","0.166667"
"2020.stoc-1.2","N03-1013","0.166667"
"N03-1013","2020.stoc-1.2","0.166667"
"2020.stoc-1.2","W17-2318","0.166667"
"W17-2318","2020.stoc-1.2","0.166667"
"N03-1013","W17-2318","0.166667"
"W17-2318","N03-1013","0.166667"
"N03-1013","W18-1408","0.166667"
"W18-1408","N03-1013","0.166667"
"N03-1013","W18-3808","0.166667"
"W18-3808","N03-1013","0.166667"
"W17-2318","W18-1408","0.166667"
"W18-1408","W17-2318","0.166667"
"W17-2318","W18-3808","0.166667"
"W18-3808","W17-2318","0.166667"
"2003.mtsummit-systems.9","dorr-etal-1998-thematic","0.5"
"dorr-etal-1998-thematic","2003.mtsummit-systems.9","0.5"
"2003.mtsummit-systems.9","dorr-etal-2000-building","0.5"
"dorr-etal-2000-building","2003.mtsummit-systems.9","0.5"
"2003.mtsummit-systems.9","habash-dorr-2002-handling","1.2"
"habash-dorr-2002-handling","2003.mtsummit-systems.9","1.2"
"dorr-etal-1998-thematic","habash-dorr-2002-handling","2"
"habash-dorr-2002-handling","dorr-etal-1998-thematic","2"
"dorr-etal-1998-thematic","N03-1013","0.5"
"N03-1013","dorr-etal-1998-thematic","0.5"
"dorr-etal-2000-building","habash-dorr-2002-handling","1"
"habash-dorr-2002-handling","dorr-etal-2000-building","1"
"dorr-etal-2000-building","N03-1013","0.5"
"N03-1013","dorr-etal-2000-building","0.5"
"habash-dorr-2002-handling","N03-1013","1.2"
"N03-1013","habash-dorr-2002-handling","1.2"
"2003.mtsummit-systems.9","P97-1020","0.5"
"P97-1020","2003.mtsummit-systems.9","0.5"
"N03-1013","P97-1020","0.5"
"P97-1020","N03-1013","0.5"
"2003.mtsummit-systems.9","2010.amta-papers.7","0.142857"
"2010.amta-papers.7","2003.mtsummit-systems.9","0.142857"
"2003.mtsummit-systems.9","J12-2006","0.201681"
"J12-2006","2003.mtsummit-systems.9","0.201681"
"2003.mtsummit-systems.9","P06-1021","0.142857"
"P06-1021","2003.mtsummit-systems.9","0.142857"
"2003.mtsummit-systems.9","rambow-etal-2006-parallel","0.142857"
"rambow-etal-2006-parallel","2003.mtsummit-systems.9","0.142857"
"2003.mtsummit-systems.9","roark-etal-2006-sparseval","0.142857"
"roark-etal-2006-sparseval","2003.mtsummit-systems.9","0.142857"
"2010.amta-papers.7","ayan-etal-2004-multi","0.142857"
"ayan-etal-2004-multi","2010.amta-papers.7","0.142857"
"2010.amta-papers.7","J12-2006","5.89286"
"J12-2006","2010.amta-papers.7","5.89286"
"2010.amta-papers.7","N03-1013","0.142857"
"N03-1013","2010.amta-papers.7","0.142857"
"2010.amta-papers.7","P06-1021","0.142857"
"P06-1021","2010.amta-papers.7","0.142857"
"2010.amta-papers.7","rambow-etal-2006-parallel","0.142857"
"rambow-etal-2006-parallel","2010.amta-papers.7","0.142857"
"2010.amta-papers.7","roark-etal-2006-sparseval","0.142857"
"roark-etal-2006-sparseval","2010.amta-papers.7","0.142857"
"ayan-etal-2004-multi","J12-2006","0.201681"
"J12-2006","ayan-etal-2004-multi","0.201681"
"ayan-etal-2004-multi","N03-1013","0.401681"
"N03-1013","ayan-etal-2004-multi","0.401681"
"ayan-etal-2004-multi","P06-1021","0.142857"
"P06-1021","ayan-etal-2004-multi","0.142857"
"ayan-etal-2004-multi","rambow-etal-2006-parallel","0.142857"
"rambow-etal-2006-parallel","ayan-etal-2004-multi","0.142857"
"ayan-etal-2004-multi","roark-etal-2006-sparseval","0.142857"
"roark-etal-2006-sparseval","ayan-etal-2004-multi","0.142857"
"J12-2006","N03-1013","0.201681"
"N03-1013","J12-2006","0.201681"
"J12-2006","P06-1021","0.142857"
"P06-1021","J12-2006","0.142857"
"J12-2006","rambow-etal-2006-parallel","0.142857"
"rambow-etal-2006-parallel","J12-2006","0.142857"
"J12-2006","roark-etal-2006-sparseval","0.142857"
"roark-etal-2006-sparseval","J12-2006","0.142857"
"N03-1013","P06-1021","0.142857"
"P06-1021","N03-1013","0.142857"
"N03-1013","rambow-etal-2006-parallel","0.142857"
"rambow-etal-2006-parallel","N03-1013","0.142857"
"N03-1013","roark-etal-2006-sparseval","0.142857"
"roark-etal-2006-sparseval","N03-1013","0.142857"
"P06-1021","rambow-etal-2006-parallel","0.142857"
"rambow-etal-2006-parallel","P06-1021","0.142857"
"P06-1021","roark-etal-2006-sparseval","1.64286"
"roark-etal-2006-sparseval","P06-1021","1.64286"
"rambow-etal-2006-parallel","roark-etal-2006-sparseval","0.142857"
"roark-etal-2006-sparseval","rambow-etal-2006-parallel","0.142857"
"2003.mtsummit-systems.9","2006.amta-papers.25","0.0588235"
"2006.amta-papers.25","2003.mtsummit-systems.9","0.0588235"
"2003.mtsummit-systems.9","2008.amta-papers.13","0.0588235"
"2008.amta-papers.13","2003.mtsummit-systems.9","0.0588235"
"2003.mtsummit-systems.9","2020.findings-emnlp.247","0.0588235"
"2020.findings-emnlp.247","2003.mtsummit-systems.9","0.0588235"
"2003.mtsummit-systems.9","baker-etal-2010-modality","0.0588235"
"baker-etal-2010-modality","2003.mtsummit-systems.9","0.0588235"
"2003.mtsummit-systems.9","D08-1090","0.0588235"
"D08-1090","2003.mtsummit-systems.9","0.0588235"
"2003.mtsummit-systems.9","N06-1013","0.0588235"
"N06-1013","2003.mtsummit-systems.9","0.0588235"
"2003.mtsummit-systems.9","N07-1029","0.0588235"
"N07-1029","2003.mtsummit-systems.9","0.0588235"
"2003.mtsummit-systems.9","P06-1002","0.0588235"
"P06-1002","2003.mtsummit-systems.9","0.0588235"
"2003.mtsummit-systems.9","P06-1119","0.0588235"
"P06-1119","2003.mtsummit-systems.9","0.0588235"
"2003.mtsummit-systems.9","W03-0501","0.0588235"
"W03-0501","2003.mtsummit-systems.9","0.0588235"
"2003.mtsummit-systems.9","W07-0716","0.0588235"
"W07-0716","2003.mtsummit-systems.9","0.0588235"
"2003.mtsummit-systems.9","W09-0441","0.0588235"
"W09-0441","2003.mtsummit-systems.9","0.0588235"
"2006.amta-papers.25","2006.amta-papers.7","0.0588235"
"2006.amta-papers.7","2006.amta-papers.25","0.0588235"
"2006.amta-papers.25","2008.amta-papers.13","0.0588235"
"2008.amta-papers.13","2006.amta-papers.25","0.0588235"
"2006.amta-papers.25","2020.findings-emnlp.247","0.0588235"
"2020.findings-emnlp.247","2006.amta-papers.25","0.0588235"
"2006.amta-papers.25","ayan-etal-2004-multi","0.0588235"
"ayan-etal-2004-multi","2006.amta-papers.25","0.0588235"
"2006.amta-papers.25","baker-etal-2010-modality","0.0588235"
"baker-etal-2010-modality","2006.amta-papers.25","0.0588235"
"2006.amta-papers.25","D08-1090","0.0588235"
"D08-1090","2006.amta-papers.25","0.0588235"
"2006.amta-papers.25","J10-3003","0.0588235"
"J10-3003","2006.amta-papers.25","0.0588235"
"2006.amta-papers.25","J12-2006","0.0588235"
"J12-2006","2006.amta-papers.25","0.0588235"
"2006.amta-papers.25","N03-1013","0.0588235"
"N03-1013","2006.amta-papers.25","0.0588235"
"2006.amta-papers.25","N06-1013","0.0588235"
"N06-1013","2006.amta-papers.25","0.0588235"
"2006.amta-papers.25","N07-1029","1.05882"
"N07-1029","2006.amta-papers.25","1.05882"
"2006.amta-papers.25","P06-1002","0.392157"
"P06-1002","2006.amta-papers.25","0.392157"
"2006.amta-papers.25","P06-1119","0.0588235"
"P06-1119","2006.amta-papers.25","0.0588235"
"2006.amta-papers.25","W03-0501","0.0588235"
"W03-0501","2006.amta-papers.25","0.0588235"
"2006.amta-papers.25","W07-0716","0.392157"
"W07-0716","2006.amta-papers.25","0.392157"
"2006.amta-papers.25","W09-0441","1.39216"
"W09-0441","2006.amta-papers.25","1.39216"
"2006.amta-papers.7","2008.amta-papers.13","0.42549"
"2008.amta-papers.13","2006.amta-papers.7","0.42549"
"2006.amta-papers.7","2020.findings-emnlp.247","0.0588235"
"2020.findings-emnlp.247","2006.amta-papers.7","0.0588235"
"2006.amta-papers.7","ayan-etal-2004-multi","0.0588235"
"ayan-etal-2004-multi","2006.amta-papers.7","0.0588235"
"2006.amta-papers.7","baker-etal-2010-modality","0.0588235"
"baker-etal-2010-modality","2006.amta-papers.7","0.0588235"
"2006.amta-papers.7","D08-1090","0.258824"
"D08-1090","2006.amta-papers.7","0.258824"
"2006.amta-papers.7","J10-3003","0.0588235"
"J10-3003","2006.amta-papers.7","0.0588235"
"2006.amta-papers.7","J12-2006","0.0588235"
"J12-2006","2006.amta-papers.7","0.0588235"
"2006.amta-papers.7","N06-1013","0.558824"
"N06-1013","2006.amta-papers.7","0.558824"
"2006.amta-papers.7","N07-1029","0.758824"
"N07-1029","2006.amta-papers.7","0.758824"
"2006.amta-papers.7","P06-1002","0.558824"
"P06-1002","2006.amta-papers.7","0.558824"
"2006.amta-papers.7","P06-1119","0.0588235"
"P06-1119","2006.amta-papers.7","0.0588235"
"2006.amta-papers.7","W03-0501","0.308824"
"W03-0501","2006.amta-papers.7","0.308824"
"2006.amta-papers.7","W07-0716","0.42549"
"W07-0716","2006.amta-papers.7","0.42549"
"2006.amta-papers.7","W09-0441","0.258824"
"W09-0441","2006.amta-papers.7","0.258824"
"2008.amta-papers.13","2020.findings-emnlp.247","0.0588235"
"2020.findings-emnlp.247","2008.amta-papers.13","0.0588235"
"2008.amta-papers.13","ayan-etal-2004-multi","0.0588235"
"ayan-etal-2004-multi","2008.amta-papers.13","0.0588235"
"2008.amta-papers.13","baker-etal-2010-modality","0.0588235"
"baker-etal-2010-modality","2008.amta-papers.13","0.0588235"
"2008.amta-papers.13","D08-1090","0.258824"
"D08-1090","2008.amta-papers.13","0.258824"
"2008.amta-papers.13","J10-3003","2.05882"
"J10-3003","2008.amta-papers.13","2.05882"
"2008.amta-papers.13","J12-2006","0.558824"
"J12-2006","2008.amta-papers.13","0.558824"
"2008.amta-papers.13","N03-1013","0.0588235"
"N03-1013","2008.amta-papers.13","0.0588235"
"2008.amta-papers.13","N06-1013","0.22549"
"N06-1013","2008.amta-papers.13","0.22549"
"2008.amta-papers.13","N07-1029","0.42549"
"N07-1029","2008.amta-papers.13","0.42549"
"2008.amta-papers.13","P06-1002","0.22549"
"P06-1002","2008.amta-papers.13","0.22549"
"2008.amta-papers.13","P06-1119","0.0588235"
"P06-1119","2008.amta-papers.13","0.0588235"
"2008.amta-papers.13","W03-0501","0.0588235"
"W03-0501","2008.amta-papers.13","0.0588235"
"2008.amta-papers.13","W07-0716","2.42549"
"W07-0716","2008.amta-papers.13","2.42549"
"2008.amta-papers.13","W09-0441","0.758824"
"W09-0441","2008.amta-papers.13","0.758824"
"2020.findings-emnlp.247","ayan-etal-2004-multi","0.0588235"
"ayan-etal-2004-multi","2020.findings-emnlp.247","0.0588235"
"2020.findings-emnlp.247","baker-etal-2010-modality","0.0588235"
"baker-etal-2010-modality","2020.findings-emnlp.247","0.0588235"
"2020.findings-emnlp.247","D08-1090","0.0588235"
"D08-1090","2020.findings-emnlp.247","0.0588235"
"2020.findings-emnlp.247","J10-3003","0.0588235"
"J10-3003","2020.findings-emnlp.247","0.0588235"
"2020.findings-emnlp.247","J12-2006","0.0588235"
"J12-2006","2020.findings-emnlp.247","0.0588235"
"2020.findings-emnlp.247","N03-1013","0.0588235"
"N03-1013","2020.findings-emnlp.247","0.0588235"
"2020.findings-emnlp.247","N06-1013","0.0588235"
"N06-1013","2020.findings-emnlp.247","0.0588235"
"2020.findings-emnlp.247","N07-1029","0.0588235"
"N07-1029","2020.findings-emnlp.247","0.0588235"
"2020.findings-emnlp.247","P06-1002","0.0588235"
"P06-1002","2020.findings-emnlp.247","0.0588235"
"2020.findings-emnlp.247","P06-1119","0.0588235"
"P06-1119","2020.findings-emnlp.247","0.0588235"
"2020.findings-emnlp.247","W03-0501","0.0588235"
"W03-0501","2020.findings-emnlp.247","0.0588235"
"2020.findings-emnlp.247","W07-0716","0.0588235"
"W07-0716","2020.findings-emnlp.247","0.0588235"
"2020.findings-emnlp.247","W09-0441","0.0588235"
"W09-0441","2020.findings-emnlp.247","0.0588235"
"ayan-etal-2004-multi","baker-etal-2010-modality","0.0588235"
"baker-etal-2010-modality","ayan-etal-2004-multi","0.0588235"
"ayan-etal-2004-multi","D08-1090","0.0588235"
"D08-1090","ayan-etal-2004-multi","0.0588235"
"ayan-etal-2004-multi","J10-3003","0.368347"
"J10-3003","ayan-etal-2004-multi","0.368347"
"ayan-etal-2004-multi","N06-1013","0.844538"
"N06-1013","ayan-etal-2004-multi","0.844538"
"ayan-etal-2004-multi","N07-1029","0.201681"
"N07-1029","ayan-etal-2004-multi","0.201681"
"ayan-etal-2004-multi","P06-1002","0.844538"
"P06-1002","ayan-etal-2004-multi","0.844538"
"ayan-etal-2004-multi","P06-1119","0.368347"
"P06-1119","ayan-etal-2004-multi","0.368347"
"ayan-etal-2004-multi","W03-0501","0.0588235"
"W03-0501","ayan-etal-2004-multi","0.0588235"
"ayan-etal-2004-multi","W07-0716","0.535014"
"W07-0716","ayan-etal-2004-multi","0.535014"
"ayan-etal-2004-multi","W09-0441","0.0588235"
"W09-0441","ayan-etal-2004-multi","0.0588235"
"baker-etal-2010-modality","D08-1090","0.0588235"
"D08-1090","baker-etal-2010-modality","0.0588235"
"baker-etal-2010-modality","J10-3003","0.0588235"
"J10-3003","baker-etal-2010-modality","0.0588235"
"baker-etal-2010-modality","J12-2006","0.558824"
"J12-2006","baker-etal-2010-modality","0.558824"
"baker-etal-2010-modality","N03-1013","0.0588235"
"N03-1013","baker-etal-2010-modality","0.0588235"
"baker-etal-2010-modality","N06-1013","0.0588235"
"N06-1013","baker-etal-2010-modality","0.0588235"
"baker-etal-2010-modality","N07-1029","0.0588235"
"N07-1029","baker-etal-2010-modality","0.0588235"
"baker-etal-2010-modality","P06-1002","0.0588235"
"P06-1002","baker-etal-2010-modality","0.0588235"
"baker-etal-2010-modality","P06-1119","0.0588235"
"P06-1119","baker-etal-2010-modality","0.0588235"
"baker-etal-2010-modality","W03-0501","0.0588235"
"W03-0501","baker-etal-2010-modality","0.0588235"
"baker-etal-2010-modality","W07-0716","0.0588235"
"W07-0716","baker-etal-2010-modality","0.0588235"
"baker-etal-2010-modality","W09-0441","0.0588235"
"W09-0441","baker-etal-2010-modality","0.0588235"
"D08-1090","J10-3003","0.0588235"
"J10-3003","D08-1090","0.0588235"
"D08-1090","J12-2006","0.308824"
"J12-2006","D08-1090","0.308824"
"D08-1090","N03-1013","0.0588235"
"N03-1013","D08-1090","0.0588235"
"D08-1090","N06-1013","0.0588235"
"N06-1013","D08-1090","0.0588235"
"D08-1090","N07-1029","0.508824"
"N07-1029","D08-1090","0.508824"
"D08-1090","P06-1002","0.308824"
"P06-1002","D08-1090","0.308824"
"D08-1090","P06-1119","1.05882"
"P06-1119","D08-1090","1.05882"
"D08-1090","W03-0501","0.0588235"
"W03-0501","D08-1090","0.0588235"
"D08-1090","W07-0716","1.50882"
"W07-0716","D08-1090","1.50882"
"D08-1090","W09-0441","0.258824"
"W09-0441","D08-1090","0.258824"
"J10-3003","J12-2006","0.0588235"
"J12-2006","J10-3003","0.0588235"
"J10-3003","N03-1013","0.0588235"
"N03-1013","J10-3003","0.0588235"
"J10-3003","N06-1013","0.368347"
"N06-1013","J10-3003","0.368347"
"J10-3003","N07-1029","0.0588235"
"N07-1029","J10-3003","0.0588235"
"J10-3003","P06-1002","1.36835"
"P06-1002","J10-3003","1.36835"
"J10-3003","P06-1119","0.22549"
"P06-1119","J10-3003","0.22549"
"J10-3003","W03-0501","0.0588235"
"W03-0501","J10-3003","0.0588235"
"J10-3003","W07-0716","7.20168"
"W07-0716","J10-3003","7.20168"
"J10-3003","W09-0441","5.05882"
"W09-0441","J10-3003","5.05882"
"J12-2006","N06-1013","0.0588235"
"N06-1013","J12-2006","0.0588235"
"J12-2006","N07-1029","0.308824"
"N07-1029","J12-2006","0.308824"
"J12-2006","P06-1002","0.308824"
"P06-1002","J12-2006","0.308824"
"J12-2006","P06-1119","0.0588235"
"P06-1119","J12-2006","0.0588235"
"J12-2006","W03-0501","0.558824"
"W03-0501","J12-2006","0.558824"
"J12-2006","W07-0716","0.558824"
"W07-0716","J12-2006","0.558824"
"J12-2006","W09-0441","0.0588235"
"W09-0441","J12-2006","0.0588235"
"N03-1013","N06-1013","0.0588235"
"N06-1013","N03-1013","0.0588235"
"N03-1013","N07-1029","0.0588235"
"N07-1029","N03-1013","0.0588235"
"N03-1013","P06-1002","0.0588235"
"P06-1002","N03-1013","0.0588235"
"N03-1013","P06-1119","0.0588235"
"P06-1119","N03-1013","0.0588235"
"N03-1013","W03-0501","0.0588235"
"W03-0501","N03-1013","0.0588235"
"N03-1013","W07-0716","0.0588235"
"W07-0716","N03-1013","0.0588235"
"N03-1013","W09-0441","0.0588235"
"W09-0441","N03-1013","0.0588235"
"N06-1013","N07-1029","0.701681"
"N07-1029","N06-1013","0.701681"
"N06-1013","P06-1002","5.0112"
"P06-1002","N06-1013","5.0112"
"N06-1013","P06-1119","0.368347"
"P06-1119","N06-1013","0.368347"
"N06-1013","W03-0501","0.0588235"
"W03-0501","N06-1013","0.0588235"
"N06-1013","W07-0716","0.701681"
"W07-0716","N06-1013","0.701681"
"N06-1013","W09-0441","0.0588235"
"W09-0441","N06-1013","0.0588235"
"N07-1029","P06-1002","0.951681"
"P06-1002","N07-1029","0.951681"
"N07-1029","P06-1119","0.201681"
"P06-1119","N07-1029","0.201681"
"N07-1029","W03-0501","0.0588235"
"W03-0501","N07-1029","0.0588235"
"N07-1029","W07-0716","0.42549"
"W07-0716","N07-1029","0.42549"
"N07-1029","W09-0441","0.258824"
"W09-0441","N07-1029","0.258824"
"P06-1002","P06-1119","0.368347"
"P06-1119","P06-1002","0.368347"
"P06-1002","W03-0501","0.0588235"
"W03-0501","P06-1002","0.0588235"
"P06-1002","W07-0716","0.701681"
"W07-0716","P06-1002","0.701681"
"P06-1002","W09-0441","0.392157"
"W09-0441","P06-1002","0.392157"
"P06-1119","W03-0501","0.0588235"
"W03-0501","P06-1119","0.0588235"
"P06-1119","W07-0716","0.0588235"
"W07-0716","P06-1119","0.0588235"
"P06-1119","W09-0441","0.0588235"
"W09-0441","P06-1119","0.0588235"
"W03-0501","W07-0716","0.0588235"
"W07-0716","W03-0501","0.0588235"
"W03-0501","W09-0441","0.0588235"
"W09-0441","W03-0501","0.0588235"
"W07-0716","W09-0441","1.09216"
"W09-0441","W07-0716","1.09216"
"2003.mtsummit-systems.9","H05-1009","0.2"
"H05-1009","2003.mtsummit-systems.9","0.2"
"2003.mtsummit-systems.9","H05-1024","0.2"
"H05-1024","2003.mtsummit-systems.9","0.2"
"ayan-etal-2004-multi","H05-1009","2.65238"
"H05-1009","ayan-etal-2004-multi","2.65238"
"ayan-etal-2004-multi","H05-1024","2.48571"
"H05-1024","ayan-etal-2004-multi","2.48571"
"ayan-etal-2004-multi","habash-dorr-2002-handling","0.2"
"habash-dorr-2002-handling","ayan-etal-2004-multi","0.2"
"H05-1009","H05-1024","5.65238"
"H05-1024","H05-1009","5.65238"
"H05-1009","habash-dorr-2002-handling","0.2"
"habash-dorr-2002-handling","H05-1009","0.2"
"H05-1009","N03-1013","0.2"
"N03-1013","H05-1009","0.2"
"H05-1024","habash-dorr-2002-handling","0.2"
"habash-dorr-2002-handling","H05-1024","0.2"
"H05-1024","N03-1013","0.2"
"N03-1013","H05-1024","0.2"
"2006.amta-papers.7","H05-1009","0.25"
"H05-1009","2006.amta-papers.7","0.25"
"2006.amta-papers.7","H05-1024","0.25"
"H05-1024","2006.amta-papers.7","0.25"
"2006.amta-papers.7","roark-etal-2006-sparseval","0.25"
"roark-etal-2006-sparseval","2006.amta-papers.7","0.25"
"H05-1009","roark-etal-2006-sparseval","0.25"
"roark-etal-2006-sparseval","H05-1009","0.25"
"H05-1009","W03-0501","0.25"
"W03-0501","H05-1009","0.25"
"H05-1024","roark-etal-2006-sparseval","0.25"
"roark-etal-2006-sparseval","H05-1024","0.25"
"H05-1024","W03-0501","0.25"
"W03-0501","H05-1024","0.25"
"roark-etal-2006-sparseval","W03-0501","0.25"
"W03-0501","roark-etal-2006-sparseval","0.25"
"2006.amta-papers.7","R19-1004","0.166667"
"R19-1004","2006.amta-papers.7","0.166667"
"2008.amta-papers.13","R19-1004","0.166667"
"R19-1004","2008.amta-papers.13","0.166667"
"N06-1013","R19-1004","0.452381"
"R19-1004","N06-1013","0.452381"
"N07-1029","R19-1004","0.309524"
"R19-1004","N07-1029","0.309524"
"P06-1002","R19-1004","1.45238"
"R19-1004","P06-1002","1.45238"
"R19-1004","W07-0716","0.309524"
"W07-0716","R19-1004","0.309524"
"2010.amta-papers.7","W12-3807","0.5"
"W12-3807","2010.amta-papers.7","0.5"
"J12-2006","W12-3807","6.5"
"W12-3807","J12-2006","6.5"
"2010.amta-papers.7","D08-1090","0.25"
"D08-1090","2010.amta-papers.7","0.25"
"2010.amta-papers.7","N07-1029","0.25"
"N07-1029","2010.amta-papers.7","0.25"
"2010.amta-papers.7","P06-1002","0.25"
"P06-1002","2010.amta-papers.7","0.25"
"2010.amta-papers.7","N09-1066","0.5"
"N09-1066","2010.amta-papers.7","0.5"
"J12-2006","N09-1066","0.5"
"N09-1066","J12-2006","0.5"
"2010.amta-papers.7","R19-1004","0.5"
"R19-1004","2010.amta-papers.7","0.5"
"J12-2006","R19-1004","0.5"
"R19-1004","J12-2006","0.5"
"2010.amta-papers.7","baker-etal-2010-modality","0.5"
"baker-etal-2010-modality","2010.amta-papers.7","0.5"
"2010.amta-papers.7","W03-0501","0.5"
"W03-0501","2010.amta-papers.7","0.5"
"2020.stoc-1.2","habash-dorr-2002-handling","0.333333"
"habash-dorr-2002-handling","2020.stoc-1.2","0.333333"
"habash-dorr-2002-handling","W18-1408","0.333333"
"W18-1408","habash-dorr-2002-handling","0.333333"
"habash-dorr-2002-handling","W18-3808","0.333333"
"W18-3808","habash-dorr-2002-handling","0.333333"
"A97-1021","P97-1020","1"
"P97-1020","A97-1021","1"
"A97-1021","C96-1055","1"
"C96-1055","A97-1021","1"
"A97-1021","J13-3004","0.5"
"J13-3004","A97-1021","0.5"
"C96-1055","J13-3004","0.5"
"J13-3004","C96-1055","0.5"
"A97-1021","J94-4004","0.5"
"J94-4004","A97-1021","0.5"
"C96-1055","J94-4004","0.5"
"J94-4004","C96-1055","0.5"
"ayan-etal-2004-multi","dorr-etal-2002-duster","3.16667"
"dorr-etal-2002-duster","ayan-etal-2004-multi","3.16667"
"dorr-etal-2002-duster","H05-1024","0.416667"
"H05-1024","dorr-etal-2002-duster","0.416667"
"dorr-etal-2002-duster","J10-3003","0.366667"
"J10-3003","dorr-etal-2002-duster","0.366667"
"dorr-etal-2002-duster","N06-1013","0.166667"
"N06-1013","dorr-etal-2002-duster","0.166667"
"dorr-etal-2002-duster","P06-1002","0.166667"
"P06-1002","dorr-etal-2002-duster","0.166667"
"dorr-etal-2002-duster","P06-1119","0.166667"
"P06-1119","dorr-etal-2002-duster","0.166667"
"H05-1024","J10-3003","0.309524"
"J10-3003","H05-1024","0.309524"
"H05-1024","N06-1013","0.952381"
"N06-1013","H05-1024","0.952381"
"H05-1024","P06-1002","1.78571"
"P06-1002","H05-1024","1.78571"
"H05-1024","P06-1119","0.309524"
"P06-1119","H05-1024","0.309524"
"H05-1009","P06-1002","0.619048"
"P06-1002","H05-1009","0.619048"
"ayan-etal-2004-multi","R19-1004","0.285714"
"R19-1004","ayan-etal-2004-multi","0.285714"
"H05-1009","J10-3003","0.142857"
"J10-3003","H05-1009","0.142857"
"H05-1009","N06-1013","1.11905"
"N06-1013","H05-1009","1.11905"
"H05-1009","R19-1004","0.285714"
"R19-1004","H05-1009","0.285714"
"H05-1009","W07-0716","0.72619"
"W07-0716","H05-1009","0.72619"
"H05-1024","R19-1004","0.285714"
"R19-1004","H05-1024","0.285714"
"H05-1024","W07-0716","0.392857"
"W07-0716","H05-1024","0.392857"
"J10-3003","R19-1004","0.142857"
"R19-1004","J10-3003","0.142857"
"H05-1009","N07-1029","0.142857"
"N07-1029","H05-1009","0.142857"
"H05-1009","P06-1119","0.142857"
"P06-1119","H05-1009","0.142857"
"H05-1024","N07-1029","0.142857"
"N07-1029","H05-1024","0.142857"
"P06-1119","R19-1004","0.142857"
"R19-1004","P06-1119","0.142857"
"bird-etal-2008-acl","N09-1066","1"
"N09-1066","bird-etal-2008-acl","1"
"C92-2094","dorr-etal-2002-duster","0.2"
"dorr-etal-2002-duster","C92-2094","0.2"
"C92-2094","J10-3003","0.2"
"J10-3003","C92-2094","0.2"
"dorr-etal-2002-duster","J94-4004","0.2"
"J94-4004","dorr-etal-2002-duster","0.2"
"dorr-etal-2002-duster","P92-1033","0.2"
"P92-1033","dorr-etal-2002-duster","0.2"
"dorr-etal-2002-duster","W91-0222","0.2"
"W91-0222","dorr-etal-2002-duster","0.2"
"J10-3003","J94-4004","0.2"
"J94-4004","J10-3003","0.2"
"J10-3003","P92-1033","0.2"
"P92-1033","J10-3003","0.2"
"J10-3003","W91-0222","0.2"
"W91-0222","J10-3003","0.2"
"C96-1055","W96-0306","3"
"W96-0306","C96-1055","3"
"D08-1090","dorr-etal-2002-duster","0.25"
"dorr-etal-2002-duster","D08-1090","0.25"
"D08-1090","H05-1009","0.25"
"H05-1009","D08-1090","0.25"
"D08-1090","H05-1024","0.25"
"H05-1024","D08-1090","0.25"
"dorr-etal-2002-duster","H05-1009","0.25"
"H05-1009","dorr-etal-2002-duster","0.25"
"dorr-etal-2002-duster","W07-0716","0.25"
"W07-0716","dorr-etal-2002-duster","0.25"
"D08-1103","J13-3004","10"
"J13-3004","D08-1103","10"
"D08-1103","J10-3003","1"
"J10-3003","D08-1103","1"
"J10-3003","J13-3004","1"
"J13-3004","J10-3003","1"
"D08-1103","D09-1063","1"
"D09-1063","D08-1103","1"
"D09-1063","J13-3004","2"
"J13-3004","D09-1063","2"
"dorr-etal-2000-building","W17-2318","0.5"
"W17-2318","dorr-etal-2000-building","0.5"
"dorr-etal-2000-chinese","W17-2318","0.5"
"W17-2318","dorr-etal-2000-chinese","0.5"
"dorr-etal-2002-duster","habash-dorr-2002-handling","4"
"habash-dorr-2002-handling","dorr-etal-2002-duster","4"
"dorr-katsova-1998-lexical","olsen-etal-1998-enhancing","0.5"
"olsen-etal-1998-enhancing","dorr-katsova-1998-lexical","0.5"
"dorr-katsova-1998-lexical","P01-1032","0.5"
"P01-1032","dorr-katsova-1998-lexical","0.5"
"olsen-etal-1998-enhancing","P01-1032","0.5"
"P01-1032","olsen-etal-1998-enhancing","0.5"
"H05-1009","N04-4040","0.333333"
"N04-4040","H05-1009","0.333333"
"H05-1009","P06-1021","0.333333"
"P06-1021","H05-1009","0.333333"
"H05-1024","N04-4040","1.33333"
"N04-4040","H05-1024","1.33333"
"H05-1024","P06-1021","0.333333"
"P06-1021","H05-1024","0.333333"
"N04-4040","P06-1021","2.83333"
"P06-1021","N04-4040","2.83333"
"J10-3003","W08-0209","2"
"W08-0209","J10-3003","2"
"J12-2006","reeder-etal-2004-interlingual","1"
"reeder-etal-2004-interlingual","J12-2006","1"
"J12-2006","W04-2709","1"
"W04-2709","J12-2006","1"
"reeder-etal-2004-interlingual","W04-2709","2.33333"
"W04-2709","reeder-etal-2004-interlingual","2.33333"
"J94-4004","J95-4008","2"
"J95-4008","J94-4004","2"
"J94-4004","P90-1017","1"
"P90-1017","J94-4004","1"
"N04-4040","roark-etal-2006-sparseval","0.5"
"roark-etal-2006-sparseval","N04-4040","0.5"
"N09-1066","W05-0901","2"
"W05-0901","N09-1066","2"
"P01-1032","reeder-etal-2004-interlingual","0.333333"
"reeder-etal-2004-interlingual","P01-1032","0.333333"
"P01-1032","W04-2709","0.333333"
"W04-2709","P01-1032","0.333333"
"P01-1032","W05-0901","0.333333"
"W05-0901","P01-1032","0.333333"
"reeder-etal-2004-interlingual","W05-0901","0.333333"
"W05-0901","reeder-etal-2004-interlingual","0.333333"
"W04-2709","W05-0901","0.333333"
"W05-0901","W04-2709","0.333333"
"P04-1048","W05-1007","1"
"W05-1007","P04-1048","1"
"P04-1048","reeder-etal-2004-interlingual","1"
"reeder-etal-2004-interlingual","P04-1048","1"
"P04-1048","W04-0909","1"
"W04-0909","P04-1048","1"
"reeder-etal-2004-interlingual","W04-0909","1"
"W04-0909","reeder-etal-2004-interlingual","1"
"R19-1003","R19-1004","1"
"R19-1004","R19-1003","1"
"rambow-etal-2006-parallel","reeder-etal-2004-interlingual","1"
"reeder-etal-2004-interlingual","rambow-etal-2006-parallel","1"
"W03-0501","W05-0901","0.5"
"W05-0901","W03-0501","0.5"
"W03-0501","W07-2312","0.5"
"W07-2312","W03-0501","0.5"
"W05-0901","W07-2312","0.5"
"W07-2312","W05-0901","0.5"
"W04-0909","W05-1007","2"
"W05-1007","W04-0909","2"
