"2009.iwslt-evaluation.14","D07-1085","0.0909091"
"D07-1085","2009.iwslt-evaluation.14","0.0909091"
"2009.iwslt-evaluation.14","D10-1090","0.40202"
"D10-1090","2009.iwslt-evaluation.14","0.40202"
"2009.iwslt-evaluation.14","D11-1010","0.540115"
"D11-1010","2009.iwslt-evaluation.14","0.540115"
"2009.iwslt-evaluation.14","K15-1037","0.0909091"
"K15-1037","2009.iwslt-evaluation.14","0.0909091"
"2009.iwslt-evaluation.14","K16-2001","0.0909091"
"K16-2001","2009.iwslt-evaluation.14","0.0909091"
"2009.iwslt-evaluation.14","L18-1003","0.162338"
"L18-1003","2009.iwslt-evaluation.14","0.162338"
"2009.iwslt-evaluation.14","P10-4014","0.257576"
"P10-4014","2009.iwslt-evaluation.14","0.257576"
"2009.iwslt-evaluation.14","P11-2028","2.09091"
"P11-2028","2009.iwslt-evaluation.14","2.09091"
"2009.iwslt-evaluation.14","P12-1097","0.0909091"
"P12-1097","2009.iwslt-evaluation.14","0.0909091"
"2009.iwslt-evaluation.14","S07-1010","0.0909091"
"S07-1010","2009.iwslt-evaluation.14","0.0909091"
"2009.iwslt-evaluation.14","S07-1054","0.0909091"
"S07-1054","2009.iwslt-evaluation.14","0.0909091"
"D07-1085","D10-1090","0.0909091"
"D10-1090","D07-1085","0.0909091"
"D07-1085","D11-1010","0.0909091"
"D11-1010","D07-1085","0.0909091"
"D07-1085","K15-1037","0.0909091"
"K15-1037","D07-1085","0.0909091"
"D07-1085","K16-2001","0.0909091"
"K16-2001","D07-1085","0.0909091"
"D07-1085","L18-1003","0.0909091"
"L18-1003","D07-1085","0.0909091"
"D07-1085","P10-4014","0.0909091"
"P10-4014","D07-1085","0.0909091"
"D07-1085","P11-2028","0.0909091"
"P11-2028","D07-1085","0.0909091"
"D07-1085","P12-1097","0.0909091"
"P12-1097","D07-1085","0.0909091"
"D07-1085","S07-1010","0.0909091"
"S07-1010","D07-1085","0.0909091"
"D07-1085","S07-1054","0.0909091"
"S07-1054","D07-1085","0.0909091"
"D10-1090","D11-1010","2.27883"
"D11-1010","D10-1090","2.27883"
"D10-1090","K15-1037","0.0909091"
"K15-1037","D10-1090","0.0909091"
"D10-1090","K16-2001","0.0909091"
"K16-2001","D10-1090","0.0909091"
"D10-1090","L18-1003","0.134387"
"L18-1003","D10-1090","0.134387"
"D10-1090","P10-4014","0.0909091"
"P10-4014","D10-1090","0.0909091"
"D10-1090","P11-2028","0.134387"
"P11-2028","D10-1090","0.134387"
"D10-1090","P12-1097","0.751054"
"P12-1097","D10-1090","0.751054"
"D10-1090","S07-1010","0.0909091"
"S07-1010","D10-1090","0.0909091"
"D10-1090","S07-1054","0.0909091"
"S07-1054","D10-1090","0.0909091"
"D11-1010","K15-1037","0.290909"
"K15-1037","D11-1010","0.290909"
"D11-1010","K16-2001","0.0909091"
"K16-2001","D11-1010","0.0909091"
"D11-1010","L18-1003","0.205816"
"L18-1003","D11-1010","0.205816"
"D11-1010","P10-4014","0.0909091"
"P10-4014","D11-1010","0.0909091"
"D11-1010","P11-2028","0.334387"
"P11-2028","D11-1010","0.334387"
"D11-1010","P12-1097","0.301054"
"P12-1097","D11-1010","0.301054"
"D11-1010","S07-1010","0.290909"
"S07-1010","D11-1010","0.290909"
"D11-1010","S07-1054","0.290909"
"S07-1054","D11-1010","0.290909"
"K15-1037","K16-2001","0.0909091"
"K16-2001","K15-1037","0.0909091"
"K15-1037","L18-1003","0.0909091"
"L18-1003","K15-1037","0.0909091"
"K15-1037","P10-4014","1.86869"
"P10-4014","K15-1037","1.86869"
"K15-1037","P11-2028","0.0909091"
"P11-2028","K15-1037","0.0909091"
"K15-1037","P12-1097","0.0909091"
"P12-1097","K15-1037","0.0909091"
"K15-1037","S07-1010","0.457576"
"S07-1010","K15-1037","0.457576"
"K15-1037","S07-1054","0.568687"
"S07-1054","K15-1037","0.568687"
"K16-2001","L18-1003","0.0909091"
"L18-1003","K16-2001","0.0909091"
"K16-2001","P10-4014","0.0909091"
"P10-4014","K16-2001","0.0909091"
"K16-2001","P11-2028","0.0909091"
"P11-2028","K16-2001","0.0909091"
"K16-2001","P12-1097","0.0909091"
"P12-1097","K16-2001","0.0909091"
"K16-2001","S07-1010","0.0909091"
"S07-1010","K16-2001","0.0909091"
"K16-2001","S07-1054","0.0909091"
"S07-1054","K16-2001","0.0909091"
"L18-1003","P10-4014","0.0909091"
"P10-4014","L18-1003","0.0909091"
"L18-1003","P11-2028","0.134387"
"P11-2028","L18-1003","0.134387"
"L18-1003","P12-1097","0.277245"
"P12-1097","L18-1003","0.277245"
"L18-1003","S07-1010","0.0909091"
"S07-1010","L18-1003","0.0909091"
"L18-1003","S07-1054","0.0909091"
"S07-1054","L18-1003","0.0909091"
"P10-4014","P11-2028","0.0909091"
"P11-2028","P10-4014","0.0909091"
"P10-4014","P12-1097","0.0909091"
"P12-1097","P10-4014","0.0909091"
"P10-4014","S07-1010","0.257576"
"S07-1010","P10-4014","0.257576"
"P10-4014","S07-1054","1.09091"
"S07-1054","P10-4014","1.09091"
"P11-2028","P12-1097","1.38836"
"P12-1097","P11-2028","1.38836"
"P11-2028","S07-1010","0.0909091"
"S07-1010","P11-2028","0.0909091"
"P11-2028","S07-1054","0.0909091"
"S07-1054","P11-2028","0.0909091"
"P12-1097","S07-1010","0.0909091"
"S07-1010","P12-1097","0.0909091"
"P12-1097","S07-1054","0.0909091"
"S07-1054","P12-1097","0.0909091"
"S07-1010","S07-1054","0.457576"
"S07-1054","S07-1010","0.457576"
"2009.iwslt-evaluation.14","D09-1141","0.249206"
"D09-1141","2009.iwslt-evaluation.14","0.249206"
"2009.iwslt-evaluation.14","D11-1149","0.249206"
"D11-1149","2009.iwslt-evaluation.14","0.249206"
"2009.iwslt-evaluation.14","D12-1052","0.249206"
"D12-1052","2009.iwslt-evaluation.14","0.249206"
"2009.iwslt-evaluation.14","D14-1102","0.249206"
"D14-1102","2009.iwslt-evaluation.14","0.249206"
"2009.iwslt-evaluation.14","P07-1005","0.177778"
"P07-1005","2009.iwslt-evaluation.14","0.177778"
"2009.iwslt-evaluation.14","P11-1130","1.24921"
"P11-1130","2009.iwslt-evaluation.14","1.24921"
"2009.iwslt-evaluation.14","W10-1754","0.311111"
"W10-1754","2009.iwslt-evaluation.14","0.311111"
"D09-1141","D10-1090","1.16217"
"D10-1090","D09-1141","1.16217"
"D09-1141","D11-1010","0.542685"
"D11-1010","D09-1141","0.542685"
"D09-1141","D11-1149","2.07602"
"D11-1149","D09-1141","2.07602"
"D09-1141","D12-1052","0.383594"
"D12-1052","D09-1141","0.383594"
"D09-1141","D14-1102","0.716927"
"D14-1102","D09-1141","0.716927"
"D09-1141","P07-1005","1.00459"
"P07-1005","D09-1141","1.00459"
"D09-1141","P11-1130","3.70026"
"P11-1130","D09-1141","3.70026"
"D09-1141","W10-1754","0.662165"
"W10-1754","D09-1141","0.662165"
"D10-1090","D11-1149","0.321256"
"D11-1149","D10-1090","0.321256"
"D10-1090","D12-1052","0.245498"
"D12-1052","D10-1090","0.245498"
"D10-1090","D14-1102","0.495498"
"D14-1102","D10-1090","0.495498"
"D10-1090","P07-1005","0.154589"
"P07-1005","D10-1090","0.154589"
"D10-1090","P11-1130","0.578832"
"P11-1130","D10-1090","0.578832"
"D10-1090","W10-1754","1.72883"
"W10-1754","D10-1090","1.72883"
"D11-1010","D11-1149","0.459351"
"D11-1149","D11-1010","0.459351"
"D11-1010","D12-1052","1.10221"
"D12-1052","D11-1010","1.10221"
"D11-1010","D14-1102","0.935542"
"D14-1102","D11-1010","0.935542"
"D11-1010","P07-1005","0.221256"
"P07-1005","D11-1010","0.221256"
"D11-1010","P11-1130","0.459351"
"P11-1130","D11-1010","0.459351"
"D11-1010","W10-1754","1.02126"
"W10-1754","D11-1010","1.02126"
"D11-1149","D12-1052","0.435542"
"D12-1052","D11-1149","0.435542"
"D11-1149","D14-1102","0.292685"
"D14-1102","D11-1149","0.292685"
"D11-1149","P07-1005","1.28078"
"P07-1005","D11-1149","1.28078"
"D11-1149","P11-1130","0.853796"
"P11-1130","D11-1149","0.853796"
"D11-1149","W10-1754","0.432367"
"W10-1754","D11-1149","0.432367"
"D12-1052","D14-1102","2.48403"
"D14-1102","D12-1052","2.48403"
"D12-1052","P07-1005","0.364113"
"P07-1005","D12-1052","0.364113"
"D12-1052","P11-1130","0.383594"
"P11-1130","D12-1052","0.383594"
"D12-1052","W10-1754","0.245498"
"W10-1754","D12-1052","0.245498"
"D14-1102","P07-1005","1.22126"
"P07-1005","D14-1102","1.22126"
"D14-1102","P11-1130","0.383594"
"P11-1130","D14-1102","0.383594"
"D14-1102","W10-1754","0.638356"
"W10-1754","D14-1102","0.638356"
"P07-1005","P11-1130","0.671256"
"P11-1130","P07-1005","0.671256"
"P07-1005","W10-1754","0.154589"
"W10-1754","P07-1005","0.154589"
"P11-1130","W10-1754","1.52328"
"W10-1754","P11-1130","1.52328"
"2009.iwslt-evaluation.14","C14-1138","0.0666667"
"C14-1138","2009.iwslt-evaluation.14","0.0666667"
"2009.iwslt-evaluation.14","D08-1064","0.0666667"
"D08-1064","2009.iwslt-evaluation.14","0.0666667"
"2009.iwslt-evaluation.14","D09-1042","0.0666667"
"D09-1042","2009.iwslt-evaluation.14","0.0666667"
"2009.iwslt-evaluation.14","D10-1018","0.138095"
"D10-1018","2009.iwslt-evaluation.14","0.138095"
"2009.iwslt-evaluation.14","D11-1035","0.266667"
"D11-1035","2009.iwslt-evaluation.14","0.266667"
"2009.iwslt-evaluation.14","D14-1013","0.0666667"
"D14-1013","2009.iwslt-evaluation.14","0.0666667"
"2009.iwslt-evaluation.14","J16-2004","0.138095"
"J16-2004","2009.iwslt-evaluation.14","0.138095"
"2009.iwslt-evaluation.14","W09-0412","0.138095"
"W09-0412","2009.iwslt-evaluation.14","0.138095"
"C14-1138","D08-1064","0.0666667"
"D08-1064","C14-1138","0.0666667"
"C14-1138","D09-1042","0.0666667"
"D09-1042","C14-1138","0.0666667"
"C14-1138","D09-1141","0.0666667"
"D09-1141","C14-1138","0.0666667"
"C14-1138","D10-1018","0.0666667"
"D10-1018","C14-1138","0.0666667"
"C14-1138","D11-1010","0.0666667"
"D11-1010","C14-1138","0.0666667"
"C14-1138","D11-1035","0.0666667"
"D11-1035","C14-1138","0.0666667"
"C14-1138","D11-1149","0.0666667"
"D11-1149","C14-1138","0.0666667"
"C14-1138","D12-1052","0.0666667"
"D12-1052","C14-1138","0.0666667"
"C14-1138","D14-1013","4.06667"
"D14-1013","C14-1138","4.06667"
"C14-1138","D14-1102","0.266667"
"D14-1102","C14-1138","0.266667"
"C14-1138","J16-2004","1.06667"
"J16-2004","C14-1138","1.06667"
"C14-1138","P07-1005","0.0666667"
"P07-1005","C14-1138","0.0666667"
"C14-1138","P11-1130","0.0666667"
"P11-1130","C14-1138","0.0666667"
"C14-1138","W09-0412","0.0666667"
"W09-0412","C14-1138","0.0666667"
"D08-1064","D09-1042","0.610145"
"D09-1042","D08-1064","0.610145"
"D08-1064","D09-1141","0.810145"
"D09-1141","D08-1064","0.810145"
"D08-1064","D10-1018","0.110145"
"D10-1018","D08-1064","0.110145"
"D08-1064","D11-1010","0.110145"
"D11-1010","D08-1064","0.110145"
"D08-1064","D11-1035","1.56411"
"D11-1035","D08-1064","1.56411"
"D08-1064","D11-1149","0.697447"
"D11-1149","D08-1064","0.697447"
"D08-1064","D12-1052","1.253"
"D12-1052","D08-1064","1.253"
"D08-1064","D14-1013","0.0666667"
"D14-1013","D08-1064","0.0666667"
"D08-1064","D14-1102","0.253002"
"D14-1102","D08-1064","0.253002"
"D08-1064","J16-2004","1.56411"
"J16-2004","D08-1064","1.56411"
"D08-1064","P07-1005","1.28634"
"P07-1005","D08-1064","1.28634"
"D08-1064","P11-1130","0.921256"
"P11-1130","D08-1064","0.921256"
"D08-1064","W09-0412","0.443478"
"W09-0412","D08-1064","0.443478"
"D09-1042","D09-1141","0.110145"
"D09-1141","D09-1042","0.110145"
"D09-1042","D10-1018","0.110145"
"D10-1018","D09-1042","0.110145"
"D09-1042","D11-1010","0.110145"
"D11-1010","D09-1042","0.110145"
"D09-1042","D11-1035","0.110145"
"D11-1035","D09-1042","0.110145"
"D09-1042","D11-1149","3.11014"
"D11-1149","D09-1042","3.11014"
"D09-1042","D12-1052","0.110145"
"D12-1052","D09-1042","0.110145"
"D09-1042","D14-1013","0.0666667"
"D14-1013","D09-1042","0.0666667"
"D09-1042","D14-1102","0.110145"
"D14-1102","D09-1042","0.110145"
"D09-1042","J16-2004","0.110145"
"J16-2004","D09-1042","0.110145"
"D09-1042","P07-1005","0.610145"
"P07-1005","D09-1042","0.610145"
"D09-1042","P11-1130","0.110145"
"P11-1130","D09-1042","0.110145"
"D09-1042","W09-0412","0.110145"
"W09-0412","D09-1042","0.110145"
"D09-1141","D10-1018","0.681574"
"D10-1018","D09-1141","0.681574"
"D09-1141","D11-1035","0.360145"
"D11-1035","D09-1141","0.360145"
"D09-1141","D14-1013","0.0666667"
"D14-1013","D09-1141","0.0666667"
"D09-1141","J16-2004","4.67248"
"J16-2004","D09-1141","4.67248"
"D09-1141","W09-0412","7.80582"
"W09-0412","D09-1141","7.80582"
"D10-1018","D11-1010","0.34824"
"D11-1010","D10-1018","0.34824"
"D10-1018","D11-1035","0.276812"
"D11-1035","D10-1018","0.276812"
"D10-1018","D11-1149","1.34824"
"D11-1149","D10-1018","1.34824"
"D10-1018","D12-1052","0.181573"
"D12-1052","D10-1018","0.181573"
"D10-1018","D14-1013","1.06667"
"D14-1013","D10-1018","1.06667"
"D10-1018","D14-1102","0.181573"
"D14-1102","D10-1018","0.181573"
"D10-1018","J16-2004","0.181573"
"J16-2004","D10-1018","0.181573"
"D10-1018","P07-1005","0.110145"
"P07-1005","D10-1018","0.110145"
"D10-1018","P11-1130","0.181573"
"P11-1130","D10-1018","0.181573"
"D10-1018","W09-0412","0.681574"
"W09-0412","D10-1018","0.681574"
"D11-1010","D11-1035","0.643478"
"D11-1035","D11-1010","0.643478"
"D11-1010","D14-1013","0.266667"
"D14-1013","D11-1010","0.266667"
"D11-1010","J16-2004","0.181573"
"J16-2004","D11-1010","0.181573"
"D11-1010","W09-0412","0.181573"
"W09-0412","D11-1010","0.181573"
"D11-1035","D11-1149","1.97126"
"D11-1149","D11-1035","1.97126"
"D11-1035","D12-1052","0.110145"
"D12-1052","D11-1035","0.110145"
"D11-1035","D14-1013","0.0666667"
"D14-1013","D11-1035","0.0666667"
"D11-1035","D14-1102","0.503002"
"D14-1102","D11-1035","0.503002"
"D11-1035","J16-2004","0.364113"
"J16-2004","D11-1035","0.364113"
"D11-1035","P07-1005","0.693478"
"P07-1005","D11-1035","0.693478"
"D11-1035","P11-1130","0.637923"
"P11-1130","D11-1035","0.637923"
"D11-1035","W09-0412","0.110145"
"W09-0412","D11-1035","0.110145"
"D11-1149","D14-1013","0.0666667"
"D14-1013","D11-1149","0.0666667"
"D11-1149","J16-2004","0.492685"
"J16-2004","D11-1149","0.492685"
"D11-1149","W09-0412","0.714907"
"W09-0412","D11-1149","0.714907"
"D12-1052","D14-1013","0.0666667"
"D14-1013","D12-1052","0.0666667"
"D12-1052","J16-2004","0.772483"
"J16-2004","D12-1052","0.772483"
"D12-1052","W09-0412","0.272483"
"W09-0412","D12-1052","0.272483"
"D14-1013","D14-1102","0.0666667"
"D14-1102","D14-1013","0.0666667"
"D14-1013","J16-2004","0.0666667"
"J16-2004","D14-1013","0.0666667"
"D14-1013","P07-1005","0.0666667"
"P07-1005","D14-1013","0.0666667"
"D14-1013","P11-1130","0.0666667"
"P11-1130","D14-1013","0.0666667"
"D14-1013","W09-0412","0.0666667"
"W09-0412","D14-1013","0.0666667"
"D14-1102","J16-2004","0.748673"
"J16-2004","D14-1102","0.748673"
"D14-1102","W09-0412","0.272483"
"W09-0412","D14-1102","0.272483"
"J16-2004","P07-1005","0.310145"
"P07-1005","J16-2004","0.310145"
"J16-2004","P11-1130","1.95026"
"P11-1130","J16-2004","1.95026"
"J16-2004","W09-0412","0.472483"
"W09-0412","J16-2004","0.472483"
"P07-1005","W09-0412","0.443478"
"W09-0412","P07-1005","0.443478"
"P11-1130","W09-0412","0.472483"
"W09-0412","P11-1130","0.472483"
"2009.iwslt-evaluation.14","D16-1195","0.0714286"
"D16-1195","2009.iwslt-evaluation.14","0.0714286"
"2009.iwslt-evaluation.14","N13-1050","0.0714286"
"N13-1050","2009.iwslt-evaluation.14","0.0714286"
"2009.iwslt-evaluation.14","W12-2025","0.0714286"
"W12-2025","2009.iwslt-evaluation.14","0.0714286"
"2009.iwslt-evaluation.14","W17-5037","0.0714286"
"W17-5037","2009.iwslt-evaluation.14","0.0714286"
"D09-1141","D16-1195","0.0714286"
"D16-1195","D09-1141","0.0714286"
"D09-1141","L18-1003","0.114907"
"L18-1003","D09-1141","0.114907"
"D09-1141","N13-1050","0.205816"
"N13-1050","D09-1141","0.205816"
"D09-1141","W12-2025","0.0714286"
"W12-2025","D09-1141","0.0714286"
"D09-1141","W17-5037","1.16234"
"W17-5037","D09-1141","1.16234"
"D10-1018","D16-1195","0.0714286"
"D16-1195","D10-1018","0.0714286"
"D10-1018","L18-1003","0.114907"
"L18-1003","D10-1018","0.114907"
"D10-1018","N13-1050","1.11491"
"N13-1050","D10-1018","1.11491"
"D10-1018","W12-2025","0.0714286"
"W12-2025","D10-1018","0.0714286"
"D10-1018","W17-5037","0.0714286"
"W17-5037","D10-1018","0.0714286"
"D11-1010","D16-1195","0.321429"
"D16-1195","D11-1010","0.321429"
"D11-1010","N13-1050","0.114907"
"N13-1050","D11-1010","0.114907"
"D11-1010","W12-2025","0.380952"
"W12-2025","D11-1010","0.380952"
"D11-1010","W17-5037","0.404762"
"W17-5037","D11-1010","0.404762"
"D11-1149","D16-1195","0.0714286"
"D16-1195","D11-1149","0.0714286"
"D11-1149","L18-1003","0.257764"
"L18-1003","D11-1149","0.257764"
"D11-1149","N13-1050","0.114907"
"N13-1050","D11-1149","0.114907"
"D11-1149","W12-2025","0.0714286"
"W12-2025","D11-1149","0.0714286"
"D11-1149","W17-5037","0.0714286"
"W17-5037","D11-1149","0.0714286"
"D12-1052","D16-1195","0.940115"
"D16-1195","D12-1052","0.940115"
"D12-1052","L18-1003","0.257764"
"L18-1003","D12-1052","0.257764"
"D12-1052","N13-1050","0.705816"
"N13-1050","D12-1052","0.705816"
"D12-1052","W12-2025","2.24762"
"W12-2025","D12-1052","2.24762"
"D12-1052","W17-5037","0.697691"
"W17-5037","D12-1052","0.697691"
"D14-1102","D16-1195","3.04131"
"D16-1195","D14-1102","3.04131"
"D14-1102","L18-1003","0.114907"
"L18-1003","D14-1102","0.114907"
"D14-1102","N13-1050","0.405816"
"N13-1050","D14-1102","0.405816"
"D14-1102","W12-2025","0.85873"
"W12-2025","D14-1102","0.85873"
"D14-1102","W17-5037","1.79888"
"W17-5037","D14-1102","1.79888"
"D16-1195","J16-2004","1.07143"
"J16-2004","D16-1195","1.07143"
"D16-1195","L18-1003","0.0714286"
"L18-1003","D16-1195","0.0714286"
"D16-1195","N13-1050","0.0714286"
"N13-1050","D16-1195","0.0714286"
"D16-1195","P11-1130","0.0714286"
"P11-1130","D16-1195","0.0714286"
"D16-1195","W09-0412","0.0714286"
"W09-0412","D16-1195","0.0714286"
"D16-1195","W12-2025","0.30754"
"W12-2025","D16-1195","0.30754"
"D16-1195","W17-5037","5.65242"
"W17-5037","D16-1195","5.65242"
"J16-2004","L18-1003","0.114907"
"L18-1003","J16-2004","0.114907"
"J16-2004","N13-1050","1.70582"
"N13-1050","J16-2004","1.70582"
"J16-2004","W12-2025","0.0714286"
"W12-2025","J16-2004","0.0714286"
"J16-2004","W17-5037","0.662338"
"W17-5037","J16-2004","0.662338"
"L18-1003","N13-1050","0.114907"
"N13-1050","L18-1003","0.114907"
"L18-1003","P11-1130","0.114907"
"P11-1130","L18-1003","0.114907"
"L18-1003","W09-0412","0.114907"
"W09-0412","L18-1003","0.114907"
"L18-1003","W12-2025","0.0714286"
"W12-2025","L18-1003","0.0714286"
"L18-1003","W17-5037","0.0714286"
"W17-5037","L18-1003","0.0714286"
"N13-1050","P11-1130","0.205816"
"P11-1130","N13-1050","0.205816"
"N13-1050","W09-0412","0.205816"
"W09-0412","N13-1050","0.205816"
"N13-1050","W12-2025","0.0714286"
"W12-2025","N13-1050","0.0714286"
"N13-1050","W17-5037","0.162338"
"W17-5037","N13-1050","0.162338"
"P11-1130","W12-2025","0.0714286"
"W12-2025","P11-1130","0.0714286"
"P11-1130","W17-5037","0.162338"
"W17-5037","P11-1130","0.162338"
"W09-0412","W12-2025","0.0714286"
"W12-2025","W09-0412","0.0714286"
"W09-0412","W17-5037","0.162338"
"W17-5037","W09-0412","0.162338"
"W12-2025","W17-5037","0.18254"
"W17-5037","W12-2025","0.18254"
"2009.iwslt-evaluation.14","W04-3236","1"
"W04-3236","2009.iwslt-evaluation.14","1"
"2009.iwslt-evaluation.14","W11-2106","0.2"
"W11-2106","2009.iwslt-evaluation.14","0.2"
"D10-1090","D11-1035","1.36014"
"D11-1035","D10-1090","1.36014"
"D10-1090","W11-2106","1.53439"
"W11-2106","D10-1090","1.53439"
"D11-1010","W11-2106","1.07681"
"W11-2106","D11-1010","1.07681"
"D11-1035","W10-1754","1.44745"
"W10-1754","D11-1035","1.44745"
"D11-1035","W11-2106","0.776812"
"W11-2106","D11-1035","0.776812"
"W10-1754","W11-2106","1.36772"
"W11-2106","W10-1754","1.36772"
"2009.iwslt-evaluation.14","2021.findings-emnlp.365","0.166667"
"2021.findings-emnlp.365","2009.iwslt-evaluation.14","0.166667"
"2009.iwslt-evaluation.14","D08-1105","0.166667"
"D08-1105","2009.iwslt-evaluation.14","0.166667"
"2009.iwslt-evaluation.14","D19-1533","0.166667"
"D19-1533","2009.iwslt-evaluation.14","0.166667"
"2009.iwslt-evaluation.14","N15-1035","0.166667"
"N15-1035","2009.iwslt-evaluation.14","0.166667"
"2009.iwslt-evaluation.14","P12-1029","0.166667"
"P12-1029","2009.iwslt-evaluation.14","0.166667"
"2021.findings-emnlp.365","D08-1105","0.666667"
"D08-1105","2021.findings-emnlp.365","0.666667"
"2021.findings-emnlp.365","D19-1533","5.03333"
"D19-1533","2021.findings-emnlp.365","5.03333"
"2021.findings-emnlp.365","N15-1035","0.833333"
"N15-1035","2021.findings-emnlp.365","0.833333"
"2021.findings-emnlp.365","P10-4014","0.666667"
"P10-4014","2021.findings-emnlp.365","0.666667"
"2021.findings-emnlp.365","P12-1029","0.333333"
"P12-1029","2021.findings-emnlp.365","0.333333"
"D08-1105","D19-1533","0.777778"
"D19-1533","D08-1105","0.777778"
"D08-1105","N15-1035","0.722222"
"N15-1035","D08-1105","0.722222"
"D08-1105","P10-4014","3.05556"
"P10-4014","D08-1105","3.05556"
"D08-1105","P12-1029","0.5"
"P12-1029","D08-1105","0.5"
"D19-1533","N15-1035","2.44444"
"N15-1035","D19-1533","2.44444"
"D19-1533","P10-4014","0.777778"
"P10-4014","D19-1533","0.777778"
"D19-1533","P12-1029","0.333333"
"P12-1029","D19-1533","0.333333"
"N15-1035","P10-4014","1"
"P10-4014","N15-1035","1"
"N15-1035","P12-1029","0.666667"
"P12-1029","N15-1035","0.666667"
"P10-4014","P12-1029","0.5"
"P12-1029","P10-4014","0.5"
"2020.acl-main.90","2020.coling-main.227","0.2"
"2020.coling-main.227","2020.acl-main.90","0.2"
"2020.acl-main.90","2020.coling-main.371","0.366667"
"2020.coling-main.371","2020.acl-main.90","0.366667"
"2020.acl-main.90","2021.eacl-main.283","0.2"
"2021.eacl-main.283","2020.acl-main.90","0.2"
"2020.acl-main.90","2021.findings-emnlp.365","0.2"
"2021.findings-emnlp.365","2020.acl-main.90","0.2"
"2020.acl-main.90","D19-1533","0.7"
"D19-1533","2020.acl-main.90","0.7"
"2020.coling-main.227","2020.coling-main.371","0.2"
"2020.coling-main.371","2020.coling-main.227","0.2"
"2020.coling-main.227","2021.eacl-main.283","0.2"
"2021.eacl-main.283","2020.coling-main.227","0.2"
"2020.coling-main.227","2021.findings-emnlp.365","0.2"
"2021.findings-emnlp.365","2020.coling-main.227","0.2"
"2020.coling-main.227","D19-1533","0.7"
"D19-1533","2020.coling-main.227","0.7"
"2020.coling-main.371","2021.eacl-main.283","0.2"
"2021.eacl-main.283","2020.coling-main.371","0.2"
"2020.coling-main.371","2021.findings-emnlp.365","0.2"
"2021.findings-emnlp.365","2020.coling-main.371","0.2"
"2020.coling-main.371","D19-1533","0.2"
"D19-1533","2020.coling-main.371","0.2"
"2021.eacl-main.283","2021.findings-emnlp.365","0.2"
"2021.findings-emnlp.365","2021.eacl-main.283","0.2"
"2021.eacl-main.283","D19-1533","0.2"
"D19-1533","2021.eacl-main.283","0.2"
"2020.acl-main.90","D18-1456","1.16667"
"D18-1456","2020.acl-main.90","1.16667"
"D18-1456","D19-1533","0.5"
"D19-1533","D18-1456","0.5"
"2020.acl-main.90","D18-1383","0.666667"
"D18-1383","2020.acl-main.90","0.666667"
"D18-1383","D18-1456","0.666667"
"D18-1456","D18-1383","0.666667"
"2020.acl-main.90","C18-1096","0.166667"
"C18-1096","2020.acl-main.90","0.166667"
"2020.acl-main.90","P18-2092","0.166667"
"P18-2092","2020.acl-main.90","0.166667"
"2020.acl-main.90","P19-1048","0.166667"
"P19-1048","2020.acl-main.90","0.166667"
"2020.coling-main.371","C18-1096","0.166667"
"C18-1096","2020.coling-main.371","0.166667"
"2020.coling-main.371","D18-1383","0.166667"
"D18-1383","2020.coling-main.371","0.166667"
"2020.coling-main.371","D18-1456","0.166667"
"D18-1456","2020.coling-main.371","0.166667"
"2020.coling-main.371","P18-2092","0.166667"
"P18-2092","2020.coling-main.371","0.166667"
"2020.coling-main.371","P19-1048","0.166667"
"P19-1048","2020.coling-main.371","0.166667"
"C18-1096","D18-1383","0.166667"
"D18-1383","C18-1096","0.166667"
"C18-1096","D18-1456","0.166667"
"D18-1456","C18-1096","0.166667"
"C18-1096","P18-2092","4.66667"
"P18-2092","C18-1096","4.66667"
"C18-1096","P19-1048","5.16667"
"P19-1048","C18-1096","5.16667"
"D18-1383","P18-2092","1.16667"
"P18-2092","D18-1383","1.16667"
"D18-1383","P19-1048","0.166667"
"P19-1048","D18-1383","0.166667"
"D18-1456","P18-2092","0.166667"
"P18-2092","D18-1456","0.166667"
"D18-1456","P19-1048","0.166667"
"P19-1048","D18-1456","0.166667"
"P18-2092","P19-1048","4.16667"
"P19-1048","P18-2092","4.16667"
"2020.coling-main.227","2020.emnlp-main.599","0.5"
"2020.emnlp-main.599","2020.coling-main.227","0.5"
"2020.emnlp-main.599","D19-1533","0.5"
"D19-1533","2020.emnlp-main.599","0.5"
"2020.coling-main.371","2020.emnlp-main.599","1"
"2020.emnlp-main.599","2020.coling-main.371","1"
"2020.emnlp-main.599","D18-1383","1"
"D18-1383","2020.emnlp-main.599","1"
"2020.emnlp-main.599","2021.findings-emnlp.365","1"
"2021.findings-emnlp.365","2020.emnlp-main.599","1"
"2020.emnlp-main.599","K19-1056","0.333333"
"K19-1056","2020.emnlp-main.599","0.333333"
"2020.emnlp-main.599","P17-1036","0.333333"
"P17-1036","2020.emnlp-main.599","0.333333"
"2020.emnlp-main.599","P18-2092","0.333333"
"P18-2092","2020.emnlp-main.599","0.333333"
"K19-1056","P17-1036","0.333333"
"P17-1036","K19-1056","0.333333"
"K19-1056","P18-2092","0.333333"
"P18-2092","K19-1056","0.333333"
"P17-1036","P18-2092","0.833333"
"P18-2092","P17-1036","0.833333"
"2021.eacl-main.283","P19-1610","1.5"
"P19-1610","2021.eacl-main.283","1.5"
"2021.eacl-main.283","D18-1456","1.5"
"D18-1456","2021.eacl-main.283","1.5"
"D18-1456","P19-1610","2.5"
"P19-1610","D18-1456","2.5"
"2021.findings-emnlp.365","D13-1028","0.166667"
"D13-1028","2021.findings-emnlp.365","0.166667"
"2021.findings-emnlp.365","K15-1037","0.166667"
"K15-1037","2021.findings-emnlp.365","0.166667"
"2021.findings-emnlp.365","W13-3516","0.166667"
"W13-3516","2021.findings-emnlp.365","0.166667"
"D13-1028","D19-1533","0.166667"
"D19-1533","D13-1028","0.166667"
"D13-1028","K15-1037","0.166667"
"K15-1037","D13-1028","0.166667"
"D13-1028","N15-1035","0.166667"
"N15-1035","D13-1028","0.166667"
"D13-1028","P12-1029","0.166667"
"P12-1029","D13-1028","0.166667"
"D13-1028","W13-3516","2.91667"
"W13-3516","D13-1028","2.91667"
"D19-1533","K15-1037","1.16667"
"K15-1037","D19-1533","1.16667"
"D19-1533","W13-3516","0.166667"
"W13-3516","D19-1533","0.166667"
"K15-1037","N15-1035","2.64444"
"N15-1035","K15-1037","2.64444"
"K15-1037","P12-1029","0.166667"
"P12-1029","K15-1037","0.166667"
"K15-1037","W13-3516","0.166667"
"W13-3516","K15-1037","0.166667"
"N15-1035","W13-3516","0.166667"
"W13-3516","N15-1035","0.166667"
"P12-1029","W13-3516","0.166667"
"W13-3516","P12-1029","0.166667"
"2021.findings-emnlp.419","P19-1042","2.25"
"P19-1042","2021.findings-emnlp.419","2.25"
"2021.findings-emnlp.419","D14-1102","0.625"
"D14-1102","2021.findings-emnlp.419","0.625"
"2021.findings-emnlp.419","D16-1195","0.25"
"D16-1195","2021.findings-emnlp.419","0.25"
"2021.findings-emnlp.419","D18-1274","0.25"
"D18-1274","2021.findings-emnlp.419","0.25"
"2021.findings-emnlp.419","P15-1068","0.125"
"P15-1068","2021.findings-emnlp.419","0.125"
"2021.findings-emnlp.419","W13-3601","0.25"
"W13-3601","2021.findings-emnlp.419","0.25"
"2021.findings-emnlp.419","W14-1701","0.25"
"W14-1701","2021.findings-emnlp.419","0.25"
"2021.findings-emnlp.419","W17-5037","0.125"
"W17-5037","2021.findings-emnlp.419","0.125"
"D14-1102","D18-1274","0.525433"
"D18-1274","D14-1102","0.525433"
"D14-1102","P15-1068","1.63654"
"P15-1068","D14-1102","1.63654"
"D14-1102","P19-1042","0.715909"
"P19-1042","D14-1102","0.715909"
"D14-1102","W13-3601","1.83654"
"W13-3601","D14-1102","1.83654"
"D14-1102","W14-1701","2.9794"
"W14-1701","D14-1102","2.9794"
"D16-1195","D18-1274","0.650433"
"D18-1274","D16-1195","0.650433"
"D16-1195","P15-1068","1.41432"
"P15-1068","D16-1195","1.41432"
"D16-1195","P19-1042","0.840909"
"P19-1042","D16-1195","0.840909"
"D16-1195","W13-3601","1.14646"
"W13-3601","D16-1195","1.14646"
"D16-1195","W14-1701","1.95599"
"W14-1701","D16-1195","1.95599"
"D18-1274","P15-1068","0.636544"
"P15-1068","D18-1274","0.636544"
"D18-1274","P19-1042","1.50758"
"P19-1042","D18-1274","1.50758"
"D18-1274","W13-3601","0.340909"
"W13-3601","D18-1274","0.340909"
"D18-1274","W14-1701","0.483766"
"W14-1701","D18-1274","0.483766"
"D18-1274","W17-5037","3.02543"
"W17-5037","D18-1274","3.02543"
"P15-1068","P19-1042","0.382576"
"P19-1042","P15-1068","0.382576"
"P15-1068","W13-3601","0.438131"
"W13-3601","P15-1068","0.438131"
"P15-1068","W14-1701","2.08099"
"W14-1701","P15-1068","2.08099"
"P15-1068","W17-5037","1.08099"
"W17-5037","P15-1068","1.08099"
"P19-1042","W13-3601","0.340909"
"W13-3601","P19-1042","0.340909"
"P19-1042","W14-1701","0.340909"
"W14-1701","P19-1042","0.340909"
"P19-1042","W17-5037","3.21591"
"W17-5037","P19-1042","3.21591"
"W13-3601","W14-1701","2.82266"
"W14-1701","W13-3601","2.82266"
"W13-3601","W17-5037","0.438131"
"W17-5037","W13-3601","0.438131"
"W14-1701","W17-5037","0.914322"
"W17-5037","W14-1701","0.914322"
"2021.findings-emnlp.419","P13-1143","0.5"
"P13-1143","2021.findings-emnlp.419","0.5"
"D14-1102","P13-1143","2.07821"
"P13-1143","D14-1102","2.07821"
"2021.findings-emnlp.419","D15-1049","0.125"
"D15-1049","2021.findings-emnlp.419","0.125"
"2021.findings-emnlp.419","W12-2025","0.125"
"W12-2025","2021.findings-emnlp.419","0.125"
"2021.findings-emnlp.419","W13-1703","0.125"
"W13-1703","2021.findings-emnlp.419","0.125"
"D15-1049","D16-1195","0.125"
"D16-1195","D15-1049","0.125"
"D15-1049","D18-1274","0.125"
"D18-1274","D15-1049","0.125"
"D15-1049","P19-1042","0.125"
"P19-1042","D15-1049","0.125"
"D15-1049","W12-2025","0.125"
"W12-2025","D15-1049","0.125"
"D15-1049","W13-1703","0.125"
"W13-1703","D15-1049","0.125"
"D15-1049","W13-3601","0.125"
"W13-3601","D15-1049","0.125"
"D15-1049","W14-1701","0.125"
"W14-1701","D15-1049","0.125"
"D16-1195","W13-1703","0.580988"
"W13-1703","D16-1195","0.580988"
"D18-1274","W12-2025","0.125"
"W12-2025","D18-1274","0.125"
"D18-1274","W13-1703","0.358766"
"W13-1703","D18-1274","0.358766"
"P19-1042","W12-2025","0.125"
"W12-2025","P19-1042","0.125"
"P19-1042","W13-1703","0.215909"
"W13-1703","P19-1042","0.215909"
"W12-2025","W13-1703","0.736111"
"W13-1703","W12-2025","0.736111"
"W12-2025","W13-3601","0.545635"
"W13-3601","W12-2025","0.545635"
"W12-2025","W14-1701","0.545635"
"W14-1701","W12-2025","0.545635"
"W13-1703","W13-3601","0.438131"
"W13-3601","W13-1703","0.438131"
"W13-1703","W14-1701","1.08099"
"W14-1701","W13-1703","1.08099"
"C02-1025","W99-0634","1"
"W99-0634","C02-1025","1"
"C02-1025","W03-0423","1"
"W03-0423","C02-1025","1"
"C04-1089","D09-1141","1"
"D09-1141","C04-1089","1"
"C04-1089","D11-1010","0.2"
"D11-1010","C04-1089","0.2"
"C04-1089","D14-1013","0.2"
"D14-1013","C04-1089","0.2"
"C04-1089","I05-3025","0.2"
"I05-3025","C04-1089","0.2"
"C04-1089","P10-1113","0.2"
"P10-1113","C04-1089","0.2"
"C04-1089","P11-2028","0.2"
"P11-2028","C04-1089","0.2"
"D11-1010","I05-3025","0.2"
"I05-3025","D11-1010","0.2"
"D11-1010","P10-1113","0.2"
"P10-1113","D11-1010","0.2"
"D14-1013","I05-3025","0.2"
"I05-3025","D14-1013","0.2"
"D14-1013","P10-1113","0.2"
"P10-1113","D14-1013","0.2"
"D14-1013","P11-2028","0.2"
"P11-2028","D14-1013","0.2"
"I05-3025","P10-1113","0.2"
"P10-1113","I05-3025","0.2"
"I05-3025","P11-2028","0.2"
"P11-2028","I05-3025","0.2"
"P10-1113","P11-2028","0.2"
"P11-2028","P10-1113","0.2"
"C10-1147","J01-4004","0.333333"
"J01-4004","C10-1147","0.333333"
"C10-1147","W14-1104","2.83333"
"W14-1104","C10-1147","2.83333"
"C10-1147","W99-0634","0.333333"
"W99-0634","C10-1147","0.333333"
"J01-4004","W14-1104","0.333333"
"W14-1104","J01-4004","0.333333"
"J01-4004","W99-0634","10.3333"
"W99-0634","J01-4004","10.3333"
"W14-1104","W99-0634","0.333333"
"W99-0634","W14-1104","0.333333"
"C10-1147","D07-1057","1.5"
"D07-1057","C10-1147","1.5"
"C10-1147","D13-1028","0.5"
"D13-1028","C10-1147","0.5"
"C10-1147","W13-3516","0.25"
"W13-3516","C10-1147","0.25"
"D07-1057","D13-1028","0.5"
"D13-1028","D07-1057","0.5"
"D07-1057","W13-3516","0.25"
"W13-3516","D07-1057","0.25"
"D07-1057","W14-1104","0.5"
"W14-1104","D07-1057","0.5"
"D13-1028","W14-1104","0.5"
"W14-1104","D13-1028","0.5"
"W13-3516","W14-1104","0.875"
"W14-1104","W13-3516","0.875"
"C10-1147","P03-1028","0.25"
"P03-1028","C10-1147","0.25"
"D07-1057","P03-1028","0.25"
"P03-1028","D07-1057","0.25"
"D13-1028","P03-1028","0.25"
"P03-1028","D13-1028","0.25"
"P03-1028","W14-1104","0.25"
"W14-1104","P03-1028","0.25"
"C14-1138","W13-3516","1"
"W13-3516","C14-1138","1"
"C14-1138","N13-1050","0.2"
"N13-1050","C14-1138","0.2"
"C14-1138","P13-1143","0.2"
"P13-1143","C14-1138","0.2"
"C14-1138","W13-3601","0.2"
"W13-3601","C14-1138","0.2"
"C14-1138","W14-1701","0.2"
"W14-1701","C14-1138","0.2"
"N13-1050","P13-1143","0.2"
"P13-1143","N13-1050","0.2"
"N13-1050","W13-3601","0.2"
"W13-3601","N13-1050","0.2"
"N13-1050","W14-1701","0.2"
"W14-1701","N13-1050","0.2"
"P13-1143","W13-3601","0.989322"
"W13-3601","P13-1143","0.989322"
"P13-1143","W14-1701","0.989322"
"W14-1701","P13-1143","0.989322"
"C18-1096","P17-1036","1.5"
"P17-1036","C18-1096","1.5"
"C18-1231","D18-1274","2.90043"
"D18-1274","C18-1231","2.90043"
"C18-1231","D16-1195","1.12266"
"D16-1195","C18-1231","1.12266"
"C18-1231","W17-5037","2.12266"
"W17-5037","C18-1231","2.12266"
"C18-1231","P19-1042","0.757576"
"P19-1042","C18-1231","0.757576"
"C18-1231","P15-1068","1.62266"
"P15-1068","C18-1231","1.62266"
"C18-1231","D12-1052","0.245498"
"D12-1052","C18-1231","0.245498"
"C18-1231","D14-1102","0.555022"
"D14-1102","C18-1231","0.555022"
"C18-1231","P13-1143","0.313131"
"P13-1143","C18-1231","0.313131"
"C18-1231","W13-1703","0.455988"
"W13-1703","C18-1231","0.455988"
"C18-1231","W13-3601","0.313131"
"W13-3601","C18-1231","0.313131"
"C18-1231","W14-1701","0.455988"
"W14-1701","C18-1231","0.455988"
"D12-1052","D18-1274","0.233766"
"D18-1274","D12-1052","0.233766"
"D12-1052","P13-1143","3.04488"
"P13-1143","D12-1052","3.04488"
"D12-1052","P15-1068","0.20202"
"P15-1068","D12-1052","0.20202"
"D12-1052","P19-1042","0.0909091"
"P19-1042","D12-1052","0.0909091"
"D12-1052","W13-1703","0.20202"
"W13-1703","D12-1052","0.20202"
"D12-1052","W13-3601","1.01154"
"W13-3601","D12-1052","1.01154"
"D12-1052","W14-1701","1.01154"
"W14-1701","D12-1052","1.01154"
"D14-1102","W13-1703","0.344877"
"W13-1703","D14-1102","0.344877"
"D16-1195","P13-1143","0.646465"
"P13-1143","D16-1195","0.646465"
"D18-1274","P13-1143","0.0909091"
"P13-1143","D18-1274","0.0909091"
"P13-1143","P15-1068","0.313131"
"P15-1068","P13-1143","0.313131"
"P13-1143","P19-1042","0.0909091"
"P19-1042","P13-1143","0.0909091"
"P13-1143","W13-1703","0.313131"
"W13-1703","P13-1143","0.313131"
"P13-1143","W17-5037","0.313131"
"W17-5037","P13-1143","0.313131"
"P15-1068","W13-1703","2.95599"
"W13-1703","P15-1068","2.95599"
"W13-1703","W17-5037","0.455988"
"W17-5037","W13-1703","0.455988"
"C18-1231","N12-1067","0.111111"
"N12-1067","C18-1231","0.111111"
"D12-1052","N12-1067","0.111111"
"N12-1067","D12-1052","0.111111"
"D16-1195","N12-1067","0.111111"
"N12-1067","D16-1195","0.111111"
"N12-1067","P13-1143","0.111111"
"P13-1143","N12-1067","0.111111"
"N12-1067","P15-1068","0.111111"
"P15-1068","N12-1067","0.111111"
"N12-1067","W13-1703","0.111111"
"W13-1703","N12-1067","0.111111"
"N12-1067","W13-3601","0.111111"
"W13-3601","N12-1067","0.111111"
"N12-1067","W14-1701","0.111111"
"W14-1701","N12-1067","0.111111"
"N12-1067","W17-5037","0.111111"
"W17-5037","N12-1067","0.111111"
"C18-1231","W12-2025","0.111111"
"W12-2025","C18-1231","0.111111"
"P13-1143","W12-2025","1.45397"
"W12-2025","P13-1143","1.45397"
"P15-1068","W12-2025","0.111111"
"W12-2025","P15-1068","0.111111"
"C18-1231","D08-1064","0.0434783"
"D08-1064","C18-1231","0.0434783"
"C18-1231","D09-1042","0.0434783"
"D09-1042","C18-1231","0.0434783"
"C18-1231","D09-1141","0.0434783"
"D09-1141","C18-1231","0.0434783"
"C18-1231","D10-1018","0.0434783"
"D10-1018","C18-1231","0.0434783"
"C18-1231","D10-1090","0.0434783"
"D10-1090","C18-1231","0.0434783"
"C18-1231","D11-1010","0.0434783"
"D11-1010","C18-1231","0.0434783"
"C18-1231","D11-1035","0.0434783"
"D11-1035","C18-1231","0.0434783"
"C18-1231","D11-1149","0.0434783"
"D11-1149","C18-1231","0.0434783"
"C18-1231","D12-1027","0.0434783"
"D12-1027","C18-1231","0.0434783"
"C18-1231","J16-2004","0.0434783"
"J16-2004","C18-1231","0.0434783"
"C18-1231","L18-1003","0.0434783"
"L18-1003","C18-1231","0.0434783"
"C18-1231","N13-1050","0.0434783"
"N13-1050","C18-1231","0.0434783"
"C18-1231","P07-1005","0.0434783"
"P07-1005","C18-1231","0.0434783"
"C18-1231","P08-1007","0.0434783"
"P08-1007","C18-1231","0.0434783"
"C18-1231","P11-1130","0.0434783"
"P11-1130","C18-1231","0.0434783"
"C18-1231","P11-2028","0.0434783"
"P11-2028","C18-1231","0.0434783"
"C18-1231","P12-1097","0.0434783"
"P12-1097","C18-1231","0.0434783"
"C18-1231","P12-1106","0.0434783"
"P12-1106","C18-1231","0.0434783"
"C18-1231","W09-0412","0.0434783"
"W09-0412","C18-1231","0.0434783"
"C18-1231","W10-1754","0.0434783"
"W10-1754","C18-1231","0.0434783"
"C18-1231","W11-2106","0.0434783"
"W11-2106","C18-1231","0.0434783"
"D08-1064","D10-1090","0.576812"
"D10-1090","D08-1064","0.576812"
"D08-1064","D12-1027","0.243478"
"D12-1027","D08-1064","0.243478"
"D08-1064","L18-1003","0.186335"
"L18-1003","D08-1064","0.186335"
"D08-1064","N13-1050","0.0434783"
"N13-1050","D08-1064","0.0434783"
"D08-1064","P08-1007","2.68634"
"P08-1007","D08-1064","2.68634"
"D08-1064","P11-2028","1.13078"
"P11-2028","D08-1064","1.13078"
"D08-1064","P12-1097","0.640304"
"P12-1097","D08-1064","0.640304"
"D08-1064","P12-1106","0.186335"
"P12-1106","D08-1064","0.186335"
"D08-1064","W10-1754","0.83078"
"W10-1754","D08-1064","0.83078"
"D08-1064","W11-2106","0.243478"
"W11-2106","D08-1064","0.243478"
"D09-1042","D10-1090","0.0434783"
"D10-1090","D09-1042","0.0434783"
"D09-1042","D12-1027","0.0434783"
"D12-1027","D09-1042","0.0434783"
"D09-1042","L18-1003","0.0434783"
"L18-1003","D09-1042","0.0434783"
"D09-1042","N13-1050","0.0434783"
"N13-1050","D09-1042","0.0434783"
"D09-1042","P08-1007","0.0434783"
"P08-1007","D09-1042","0.0434783"
"D09-1042","P11-2028","0.0434783"
"P11-2028","D09-1042","0.0434783"
"D09-1042","P12-1097","0.0434783"
"P12-1097","D09-1042","0.0434783"
"D09-1042","P12-1106","0.0434783"
"P12-1106","D09-1042","0.0434783"
"D09-1042","W10-1754","0.0434783"
"W10-1754","D09-1042","0.0434783"
"D09-1042","W11-2106","0.0434783"
"W11-2106","D09-1042","0.0434783"
"D09-1141","D12-1027","3.24348"
"D12-1027","D09-1141","3.24348"
"D09-1141","P08-1007","0.0434783"
"P08-1007","D09-1141","0.0434783"
"D09-1141","P11-2028","0.0434783"
"P11-2028","D09-1141","0.0434783"
"D09-1141","P12-1097","0.0434783"
"P12-1097","D09-1141","0.0434783"
"D09-1141","P12-1106","0.0434783"
"P12-1106","D09-1141","0.0434783"
"D09-1141","W11-2106","0.551054"
"W11-2106","D09-1141","0.551054"
"D10-1018","D10-1090","0.210145"
"D10-1090","D10-1018","0.210145"
"D10-1018","D12-1027","0.0434783"
"D12-1027","D10-1018","0.0434783"
"D10-1018","P08-1007","0.0434783"
"P08-1007","D10-1018","0.0434783"
"D10-1018","P11-2028","1.04348"
"P11-2028","D10-1018","1.04348"
"D10-1018","P12-1097","1.04348"
"P12-1097","D10-1018","1.04348"
"D10-1018","P12-1106","0.0434783"
"P12-1106","D10-1018","0.0434783"
"D10-1018","W10-1754","0.210145"
"W10-1754","D10-1018","0.210145"
"D10-1018","W11-2106","0.210145"
"W11-2106","D10-1018","0.210145"
"D10-1090","D12-1027","0.210145"
"D12-1027","D10-1090","0.210145"
"D10-1090","J16-2004","0.301054"
"J16-2004","D10-1090","0.301054"
"D10-1090","N13-1050","0.134387"
"N13-1050","D10-1090","0.134387"
"D10-1090","P08-1007","0.376812"
"P08-1007","D10-1090","0.376812"
"D10-1090","P12-1106","2.21014"
"P12-1106","D10-1090","2.21014"
"D10-1090","W09-0412","0.634387"
"W09-0412","D10-1090","0.634387"
"D11-1010","D12-1027","0.0434783"
"D12-1027","D11-1010","0.0434783"
"D11-1010","P08-1007","0.0434783"
"P08-1007","D11-1010","0.0434783"
"D11-1010","P12-1106","0.210145"
"P12-1106","D11-1010","0.210145"
"D11-1035","D12-1027","0.0434783"
"D12-1027","D11-1035","0.0434783"
"D11-1035","L18-1003","0.0434783"
"L18-1003","D11-1035","0.0434783"
"D11-1035","N13-1050","0.0434783"
"N13-1050","D11-1035","0.0434783"
"D11-1035","P08-1007","0.853002"
"P08-1007","D11-1035","0.853002"
"D11-1035","P11-2028","0.297447"
"P11-2028","D11-1035","0.297447"
"D11-1035","P12-1097","1.91411"
"P12-1097","D11-1035","1.91411"
"D11-1035","P12-1106","0.210145"
"P12-1106","D11-1035","0.210145"
"D11-1149","D12-1027","0.0434783"
"D12-1027","D11-1149","0.0434783"
"D11-1149","P08-1007","0.0434783"
"P08-1007","D11-1149","0.0434783"
"D11-1149","P11-2028","0.154589"
"P11-2028","D11-1149","0.154589"
"D11-1149","P12-1097","0.297447"
"P12-1097","D11-1149","0.297447"
"D11-1149","P12-1106","0.186335"
"P12-1106","D11-1149","0.186335"
"D11-1149","W11-2106","0.210145"
"W11-2106","D11-1149","0.210145"
"D12-1027","D12-1052","0.0434783"
"D12-1052","D12-1027","0.0434783"
"D12-1027","D14-1102","0.376812"
"D14-1102","D12-1027","0.376812"
"D12-1027","J16-2004","9.74348"
"J16-2004","D12-1027","9.74348"
"D12-1027","L18-1003","0.0434783"
"L18-1003","D12-1027","0.0434783"
"D12-1027","N13-1050","1.04348"
"N13-1050","D12-1027","1.04348"
"D12-1027","P07-1005","0.243478"
"P07-1005","D12-1027","0.243478"
"D12-1027","P08-1007","0.0434783"
"P08-1007","D12-1027","0.0434783"
"D12-1027","P11-1130","1.41014"
