"2020.lrec-1.82","2021.acl-long.164","0.333333"
"2021.acl-long.164","2020.lrec-1.82","0.333333"
"2020.lrec-1.82","D19-1590","0.458333"
"D19-1590","2020.lrec-1.82","0.458333"
"2020.lrec-1.82","P19-1414","0.958333"
"P19-1414","2020.lrec-1.82","0.958333"
"2021.acl-long.164","D19-1590","1.33333"
"D19-1590","2021.acl-long.164","1.33333"
"2021.acl-long.164","P19-1414","2.33333"
"P19-1414","2021.acl-long.164","2.33333"
"D19-1590","P19-1414","1.81944"
"P19-1414","D19-1590","1.81944"
"2020.lrec-1.82","D16-1132","0.25"
"D16-1132","2020.lrec-1.82","0.25"
"2020.lrec-1.82","L18-1556","0.75"
"L18-1556","2020.lrec-1.82","0.75"
"2020.lrec-1.82","P09-1058","0.25"
"P09-1058","2020.lrec-1.82","0.25"
"2020.lrec-1.82","Y15-1063","0.25"
"Y15-1063","2020.lrec-1.82","0.25"
"D16-1132","L18-1556","0.833333"
"L18-1556","D16-1132","0.833333"
"D16-1132","P09-1058","0.25"
"P09-1058","D16-1132","0.25"
"D16-1132","Y15-1063","0.833333"
"Y15-1063","D16-1132","0.833333"
"L18-1556","P09-1058","0.25"
"P09-1058","L18-1556","0.25"
"L18-1556","Y15-1063","0.833333"
"Y15-1063","L18-1556","0.833333"
"P09-1058","Y15-1063","0.25"
"Y15-1063","P09-1058","0.25"
"L18-1556","P19-1414","0.5"
"P19-1414","L18-1556","0.5"
"2020.lrec-1.82","C14-1135","0.125"
"C14-1135","2020.lrec-1.82","0.125"
"2020.lrec-1.82","C16-2055","0.125"
"C16-2055","2020.lrec-1.82","0.125"
"2020.lrec-1.82","I13-2008","0.125"
"I13-2008","2020.lrec-1.82","0.125"
"2020.lrec-1.82","I13-2012","0.125"
"I13-2012","2020.lrec-1.82","0.125"
"2020.lrec-1.82","P13-1159","0.125"
"P13-1159","2020.lrec-1.82","0.125"
"2020.lrec-1.82","P14-1093","0.125"
"P14-1093","2020.lrec-1.82","0.125"
"C14-1135","C16-2055","0.986111"
"C16-2055","C14-1135","0.986111"
"C14-1135","D19-1590","0.486111"
"D19-1590","C14-1135","0.486111"
"C14-1135","I13-2008","0.125"
"I13-2008","C14-1135","0.125"
"C14-1135","I13-2012","0.569444"
"I13-2012","C14-1135","0.569444"
"C14-1135","P13-1159","0.236111"
"P13-1159","C14-1135","0.236111"
"C14-1135","P14-1093","3.06944"
"P14-1093","C14-1135","3.06944"
"C14-1135","P19-1414","0.486111"
"P19-1414","C14-1135","0.486111"
"C16-2055","D19-1590","0.486111"
"D19-1590","C16-2055","0.486111"
"C16-2055","I13-2008","0.125"
"I13-2008","C16-2055","0.125"
"C16-2055","I13-2012","0.236111"
"I13-2012","C16-2055","0.236111"
"C16-2055","P13-1159","0.288743"
"P13-1159","C16-2055","0.288743"
"C16-2055","P14-1093","1.28874"
"P14-1093","C16-2055","1.28874"
"C16-2055","P19-1414","0.486111"
"P19-1414","C16-2055","0.486111"
"D19-1590","I13-2008","0.125"
"I13-2008","D19-1590","0.125"
"D19-1590","I13-2012","0.236111"
"I13-2012","D19-1590","0.236111"
"D19-1590","P13-1159","0.236111"
"P13-1159","D19-1590","0.236111"
"D19-1590","P14-1093","0.769444"
"P14-1093","D19-1590","0.769444"
"I13-2008","I13-2012","0.125"
"I13-2012","I13-2008","0.125"
"I13-2008","P13-1159","0.125"
"P13-1159","I13-2008","0.125"
"I13-2008","P14-1093","0.625"
"P14-1093","I13-2008","0.625"
"I13-2008","P19-1414","0.125"
"P19-1414","I13-2008","0.125"
"I13-2012","P13-1159","0.236111"
"P13-1159","I13-2012","0.236111"
"I13-2012","P14-1093","1.06944"
"P14-1093","I13-2012","1.06944"
"I13-2012","P19-1414","0.236111"
"P19-1414","I13-2012","0.236111"
"P13-1159","P14-1093","0.622076"
"P14-1093","P13-1159","0.622076"
"P13-1159","P19-1414","0.486111"
"P19-1414","P13-1159","0.486111"
"P14-1093","P19-1414","0.236111"
"P19-1414","P14-1093","0.236111"
"C00-1060","D09-1069","1.33333"
"D09-1069","C00-1060","1.33333"
"C00-1060","W09-3506","0.333333"
"W09-3506","C00-1060","0.333333"
"C00-1060","Y15-1063","0.333333"
"Y15-1063","C00-1060","0.333333"
"D09-1069","W09-3506","2.33333"
"W09-3506","D09-1069","2.33333"
"D09-1069","Y15-1063","0.333333"
"Y15-1063","D09-1069","0.333333"
"W09-3506","Y15-1063","0.333333"
"Y15-1063","W09-3506","0.333333"
"C00-1060","C98-2128","0.4"
"C98-2128","C00-1060","0.4"
"C00-1060","C98-2154","0.4"
"C98-2154","C00-1060","0.4"
"C00-1060","P98-2132","0.4"
"P98-2132","C00-1060","0.4"
"C00-1060","P98-2159","0.4"
"P98-2159","C00-1060","0.4"
"C00-1060","W01-1510","0.4"
"W01-1510","C00-1060","0.4"
"C98-2128","C98-2154","0.4"
"C98-2154","C98-2128","0.4"
"C98-2128","P98-2132","3.6"
"P98-2132","C98-2128","3.6"
"C98-2128","P98-2159","0.4"
"P98-2159","C98-2128","0.4"
"C98-2128","W01-1510","0.4"
"W01-1510","C98-2128","0.4"
"C98-2154","P98-2132","0.4"
"P98-2132","C98-2154","0.4"
"C98-2154","P98-2159","1.76667"
"P98-2159","C98-2154","1.76667"
"C98-2154","W01-1510","0.766667"
"W01-1510","C98-2154","0.766667"
"P98-2132","P98-2159","0.4"
"P98-2159","P98-2132","0.4"
"P98-2132","W01-1510","0.4"
"W01-1510","P98-2132","0.4"
"P98-2159","W01-1510","0.766667"
"W01-1510","P98-2159","0.766667"
"C02-1120","C04-1135","0.2"
"C04-1135","C02-1120","0.2"
"C02-1120","I05-1010","0.2"
"I05-1010","C02-1120","0.2"
"C02-1120","N04-1010","0.2"
"N04-1010","C02-1120","0.2"
"C02-1120","N06-1008","0.2"
"N06-1008","C02-1120","0.2"
"C02-1120","W01-1510","0.2"
"W01-1510","C02-1120","0.2"
"C04-1135","I05-1010","0.692857"
"I05-1010","C04-1135","0.692857"
"C04-1135","N04-1010","0.883333"
"N04-1010","C04-1135","0.883333"
"C04-1135","N06-1008","0.2"
"N06-1008","C04-1135","0.2"
"C04-1135","W01-1510","0.2"
"W01-1510","C04-1135","0.2"
"I05-1010","N04-1010","0.55"
"N04-1010","I05-1010","0.55"
"I05-1010","N06-1008","0.2"
"N06-1008","I05-1010","0.2"
"I05-1010","W01-1510","0.2"
"W01-1510","I05-1010","0.2"
"N04-1010","N06-1008","0.2"
"N06-1008","N04-1010","0.2"
"N04-1010","W01-1510","0.2"
"W01-1510","N04-1010","0.2"
"N06-1008","W01-1510","0.2"
"W01-1510","N06-1008","0.2"
"C02-1120","D09-1097","0.333333"
"D09-1097","C02-1120","0.333333"
"C02-1120","P08-1047","0.666667"
"P08-1047","C02-1120","0.666667"
"C02-1120","W10-3907","0.333333"
"W10-3907","C02-1120","0.333333"
"D09-1097","P08-1047","0.57619"
"P08-1047","D09-1097","0.57619"
"D09-1097","W10-3907","0.385965"
"W10-3907","D09-1097","0.385965"
"P08-1047","W10-3907","0.333333"
"W10-3907","P08-1047","0.333333"
"C02-1120","C12-1169","0.333333"
"C12-1169","C02-1120","0.333333"
"C02-1120","I11-1060","0.333333"
"I11-1060","C02-1120","0.333333"
"C12-1169","I11-1060","0.333333"
"I11-1060","C12-1169","0.333333"
"C12-1169","P08-1047","0.833333"
"P08-1047","C12-1169","0.833333"
"I11-1060","P08-1047","0.333333"
"P08-1047","I11-1060","0.333333"
"C04-1135","D09-1097","0.57619"
"D09-1097","C04-1135","0.57619"
"C04-1135","sumida-etal-2008-boosting","0.82619"
"sumida-etal-2008-boosting","C04-1135","0.82619"
"D09-1097","N04-1010","0.433333"
"N04-1010","D09-1097","0.433333"
"D09-1097","sumida-etal-2008-boosting","0.57619"
"sumida-etal-2008-boosting","D09-1097","0.57619"
"N04-1010","sumida-etal-2008-boosting","0.683333"
"sumida-etal-2008-boosting","N04-1010","0.683333"
"C04-1135","I08-2126","0.492857"
"I08-2126","C04-1135","0.492857"
"I05-1010","I08-2126","0.492857"
"I08-2126","I05-1010","0.492857"
"I05-1010","sumida-etal-2008-boosting","1.49286"
"sumida-etal-2008-boosting","I05-1010","1.49286"
"I08-2126","N04-1010","0.35"
"N04-1010","I08-2126","0.35"
"I08-2126","sumida-etal-2008-boosting","0.909524"
"sumida-etal-2008-boosting","I08-2126","0.909524"
"C04-1135","C08-1024","0.242857"
"C08-1024","C04-1135","0.242857"
"C04-1135","C10-1095","0.1"
"C10-1095","C04-1135","0.1"
"C04-1135","D11-1076","0.1"
"D11-1076","C04-1135","0.1"
"C04-1135","I11-1098","0.242857"
"I11-1098","C04-1135","0.242857"
"C04-1135","P08-1047","0.242857"
"P08-1047","C04-1135","0.242857"
"C08-1024","C10-1095","0.6"
"C10-1095","C08-1024","0.6"
"C08-1024","D09-1097","0.742857"
"D09-1097","C08-1024","0.742857"
"C08-1024","D11-1076","0.85"
"D11-1076","C08-1024","0.85"
"C08-1024","I05-1010","0.742857"
"I05-1010","C08-1024","0.742857"
"C08-1024","I08-2126","0.492857"
"I08-2126","C08-1024","0.492857"
"C08-1024","I11-1098","0.242857"
"I11-1098","C08-1024","0.242857"
"C08-1024","N04-1010","0.1"
"N04-1010","C08-1024","0.1"
"C08-1024","P08-1047","0.242857"
"P08-1047","C08-1024","0.242857"
"C08-1024","sumida-etal-2008-boosting","0.492857"
"sumida-etal-2008-boosting","C08-1024","0.492857"
"C10-1095","D09-1097","1.15263"
"D09-1097","C10-1095","1.15263"
"C10-1095","D11-1076","0.277632"
"D11-1076","C10-1095","0.277632"
"C10-1095","I05-1010","0.1"
"I05-1010","C10-1095","0.1"
"C10-1095","I08-2126","0.266667"
"I08-2126","C10-1095","0.266667"
"C10-1095","I11-1098","2.11097"
"I11-1098","C10-1095","2.11097"
"C10-1095","N04-1010","0.1"
"N04-1010","C10-1095","0.1"
"C10-1095","P08-1047","0.266667"
"P08-1047","C10-1095","0.266667"
"C10-1095","sumida-etal-2008-boosting","0.6"
"sumida-etal-2008-boosting","C10-1095","0.6"
"D09-1097","D11-1076","0.152632"
"D11-1076","D09-1097","0.152632"
"D09-1097","I05-1010","0.242857"
"I05-1010","D09-1097","0.242857"
"D09-1097","I08-2126","0.242857"
"I08-2126","D09-1097","0.242857"
"D09-1097","I11-1098","1.29549"
"I11-1098","D09-1097","1.29549"
"D11-1076","I05-1010","0.6"
"I05-1010","D11-1076","0.6"
"D11-1076","I08-2126","0.35"
"I08-2126","D11-1076","0.35"
"D11-1076","I11-1098","0.277632"
"I11-1098","D11-1076","0.277632"
"D11-1076","N04-1010","0.1"
"N04-1010","D11-1076","0.1"
"D11-1076","P08-1047","0.1"
"P08-1047","D11-1076","0.1"
"D11-1076","sumida-etal-2008-boosting","0.35"
"sumida-etal-2008-boosting","D11-1076","0.35"
"I05-1010","I11-1098","0.242857"
"I11-1098","I05-1010","0.242857"
"I05-1010","P08-1047","0.242857"
"P08-1047","I05-1010","0.242857"
"I08-2126","I11-1098","0.242857"
"I11-1098","I08-2126","0.242857"
"I08-2126","P08-1047","0.409524"
"P08-1047","I08-2126","0.409524"
"I11-1098","N04-1010","0.1"
"N04-1010","I11-1098","0.1"
"I11-1098","P08-1047","0.242857"
"P08-1047","I11-1098","0.242857"
"I11-1098","sumida-etal-2008-boosting","0.57619"
"sumida-etal-2008-boosting","I11-1098","0.57619"
"N04-1010","P08-1047","0.1"
"P08-1047","N04-1010","0.1"
"P08-1047","sumida-etal-2008-boosting","0.409524"
"sumida-etal-2008-boosting","P08-1047","0.409524"
"C08-1024","C14-1135","0.5"
"C14-1135","C08-1024","0.5"
"C08-1024","N06-1008","0.5"
"N06-1008","C08-1024","0.5"
"C14-1135","N06-1008","0.5"
"N06-1008","C14-1135","0.5"
"C08-1024","I11-1101","0.25"
"I11-1101","C08-1024","0.25"
"D11-1076","I11-1101","2.80263"
"I11-1101","D11-1076","2.80263"
"I08-2126","I11-1101","0.25"
"I11-1101","I08-2126","0.25"
"I11-1101","sumida-etal-2008-boosting","0.25"
"sumida-etal-2008-boosting","I11-1101","0.25"
"C08-1024","D09-1122","0.2"
"D09-1122","C08-1024","0.2"
"C08-1024","D12-1057","0.7"
"D12-1057","C08-1024","0.7"
"C08-1024","D19-1590","0.2"
"D19-1590","C08-1024","0.2"
"C08-1024","P13-1170","0.2"
"P13-1170","C08-1024","0.2"
"C08-1024","P14-1093","0.2"
"P14-1093","C08-1024","0.2"
"D09-1122","D12-1057","1.86667"
"D12-1057","D09-1122","1.86667"
"D09-1122","D19-1590","0.2"
"D19-1590","D09-1122","0.2"
"D09-1122","P13-1170","0.2"
"P13-1170","D09-1122","0.2"
"D09-1122","P14-1093","0.2"
"P14-1093","D09-1122","0.2"
"D12-1057","D19-1590","0.533333"
"D19-1590","D12-1057","0.533333"
"D12-1057","P13-1170","1.28333"
"P13-1170","D12-1057","1.28333"
"D12-1057","P14-1093","3.03333"
"P14-1093","D12-1057","3.03333"
"D19-1590","P13-1170","0.644444"
"P13-1170","D19-1590","0.644444"
"P13-1170","P14-1093","1.36374"
"P14-1093","P13-1170","1.36374"
"C08-1024","D12-1034","0.5"
"D12-1034","C08-1024","0.5"
"D12-1034","D12-1057","0.5"
"D12-1057","D12-1034","0.5"
"C08-1024","L18-1556","1"
"L18-1556","C08-1024","1"
"C08-1024","C12-1169","1"
"C12-1169","C08-1024","1"
"C10-1095","N13-1007","0.166667"
"N13-1007","C10-1095","0.166667"
"C10-1095","P09-1049","0.5"
"P09-1049","C10-1095","0.5"
"C10-1095","P11-1109","0.219298"
"P11-1109","C10-1095","0.219298"
"I08-2126","N13-1007","0.166667"
"N13-1007","I08-2126","0.166667"
"I08-2126","P09-1049","0.166667"
"P09-1049","I08-2126","0.166667"
"I08-2126","P11-1109","0.166667"
"P11-1109","I08-2126","0.166667"
"N13-1007","P08-1047","0.166667"
"P08-1047","N13-1007","0.166667"
"N13-1007","P09-1049","0.166667"
"P09-1049","N13-1007","0.166667"
"N13-1007","P11-1109","5.91667"
"P11-1109","N13-1007","5.91667"
"N13-1007","sumida-etal-2008-boosting","0.166667"
"sumida-etal-2008-boosting","N13-1007","0.166667"
"P08-1047","P09-1049","0.166667"
"P09-1049","P08-1047","0.166667"
"P08-1047","P11-1109","0.166667"
"P11-1109","P08-1047","0.166667"
"P09-1049","P11-1109","0.166667"
"P11-1109","P09-1049","0.166667"
"P09-1049","sumida-etal-2008-boosting","0.5"
"sumida-etal-2008-boosting","P09-1049","0.5"
"P11-1109","sumida-etal-2008-boosting","0.166667"
"sumida-etal-2008-boosting","P11-1109","0.166667"
"C10-1095","C12-1169","0.0526316"
"C12-1169","C10-1095","0.0526316"
"C10-1095","C16-2055","0.0526316"
"C16-2055","C10-1095","0.0526316"
"C10-1095","D12-1034","0.0526316"
"D12-1034","C10-1095","0.0526316"
"C10-1095","D13-1065","0.0526316"
"D13-1065","C10-1095","0.0526316"
"C10-1095","D15-1190","0.177632"
"D15-1190","C10-1095","0.177632"
"C10-1095","D15-1260","0.0526316"
"D15-1260","C10-1095","0.0526316"
"C10-1095","I11-1035","0.0526316"
"I11-1035","C10-1095","0.0526316"
"C10-1095","I11-1101","0.0526316"
"I11-1101","C10-1095","0.0526316"
"C10-1095","P10-1026","1.17763"
"P10-1026","C10-1095","1.17763"
"C10-1095","P13-1159","0.0526316"
"P13-1159","C10-1095","0.0526316"
"C10-1095","P13-1170","0.0526316"
"P13-1170","C10-1095","0.0526316"
"C10-1095","P14-1093","0.0526316"
"P14-1093","C10-1095","0.0526316"
"C10-1095","W10-3907","0.177632"
"W10-3907","C10-1095","0.177632"
"C10-1095","Y10-1075","0.177632"
"Y10-1075","C10-1095","0.177632"
"C10-1095","Y15-1063","0.0526316"
"Y15-1063","C10-1095","0.0526316"
"C12-1169","C16-2055","0.0526316"
"C16-2055","C12-1169","0.0526316"
"C12-1169","D09-1097","0.0526316"
"D09-1097","C12-1169","0.0526316"
"C12-1169","D11-1076","0.0526316"
"D11-1076","C12-1169","0.0526316"
"C12-1169","D12-1034","1.55263"
"D12-1034","C12-1169","1.55263"
"C12-1169","D13-1065","0.0526316"
"D13-1065","C12-1169","0.0526316"
"C12-1169","D15-1190","0.0526316"
"D15-1190","C12-1169","0.0526316"
"C12-1169","D15-1260","0.0526316"
"D15-1260","C12-1169","0.0526316"
"C12-1169","I11-1035","0.802632"
"I11-1035","C12-1169","0.802632"
"C12-1169","I11-1098","0.0526316"
"I11-1098","C12-1169","0.0526316"
"C12-1169","I11-1101","0.0526316"
"I11-1101","C12-1169","0.0526316"
"C12-1169","P10-1026","0.0526316"
"P10-1026","C12-1169","0.0526316"
"C12-1169","P11-1109","0.0526316"
"P11-1109","C12-1169","0.0526316"
"C12-1169","P13-1159","0.552632"
"P13-1159","C12-1169","0.552632"
"C12-1169","P13-1170","0.0526316"
"P13-1170","C12-1169","0.0526316"
"C12-1169","P14-1093","0.0526316"
"P14-1093","C12-1169","0.0526316"
"C12-1169","W10-3907","0.0526316"
"W10-3907","C12-1169","0.0526316"
"C12-1169","Y10-1075","0.0526316"
"Y10-1075","C12-1169","0.0526316"
"C12-1169","Y15-1063","0.0526316"
"Y15-1063","C12-1169","0.0526316"
"C16-2055","D09-1097","0.0526316"
"D09-1097","C16-2055","0.0526316"
"C16-2055","D11-1076","0.0526316"
"D11-1076","C16-2055","0.0526316"
"C16-2055","D12-1034","0.163743"
"D12-1034","C16-2055","0.163743"
"C16-2055","D13-1065","0.330409"
"D13-1065","C16-2055","0.330409"
"C16-2055","D15-1190","1.55263"
"D15-1190","C16-2055","1.55263"
"C16-2055","D15-1260","1.30263"
"D15-1260","C16-2055","1.30263"
"C16-2055","I11-1035","0.0526316"
"I11-1035","C16-2055","0.0526316"
"C16-2055","I11-1098","0.0526316"
"I11-1098","C16-2055","0.0526316"
"C16-2055","I11-1101","0.0526316"
"I11-1101","C16-2055","0.0526316"
"C16-2055","P10-1026","0.0526316"
"P10-1026","C16-2055","0.0526316"
"C16-2055","P11-1109","0.219298"
"P11-1109","C16-2055","0.219298"
"C16-2055","P13-1170","0.163743"
"P13-1170","C16-2055","0.163743"
"C16-2055","W10-3907","0.0526316"
"W10-3907","C16-2055","0.0526316"
"C16-2055","Y10-1075","0.0526316"
"Y10-1075","C16-2055","0.0526316"
"C16-2055","Y15-1063","0.0526316"
"Y15-1063","C16-2055","0.0526316"
"D09-1097","D12-1034","0.0526316"
"D12-1034","D09-1097","0.0526316"
"D09-1097","D13-1065","0.0526316"
"D13-1065","D09-1097","0.0526316"
"D09-1097","D15-1190","0.0526316"
"D15-1190","D09-1097","0.0526316"
"D09-1097","D15-1260","0.0526316"
"D15-1260","D09-1097","0.0526316"
"D09-1097","I11-1035","0.0526316"
"I11-1035","D09-1097","0.0526316"
"D09-1097","I11-1101","0.0526316"
"I11-1101","D09-1097","0.0526316"
"D09-1097","P10-1026","0.0526316"
"P10-1026","D09-1097","0.0526316"
"D09-1097","P11-1109","0.0526316"
"P11-1109","D09-1097","0.0526316"
"D09-1097","P13-1159","0.0526316"
"P13-1159","D09-1097","0.0526316"
"D09-1097","P13-1170","0.0526316"
"P13-1170","D09-1097","0.0526316"
"D09-1097","P14-1093","0.0526316"
"P14-1093","D09-1097","0.0526316"
"D09-1097","Y10-1075","0.0526316"
"Y10-1075","D09-1097","0.0526316"
"D09-1097","Y15-1063","0.0526316"
"Y15-1063","D09-1097","0.0526316"
"D11-1076","D12-1034","0.0526316"
"D12-1034","D11-1076","0.0526316"
"D11-1076","D13-1065","0.552632"
"D13-1065","D11-1076","0.552632"
"D11-1076","D15-1190","0.177632"
"D15-1190","D11-1076","0.177632"
"D11-1076","D15-1260","0.0526316"
"D15-1260","D11-1076","0.0526316"
"D11-1076","I11-1035","0.0526316"
"I11-1035","D11-1076","0.0526316"
"D11-1076","P10-1026","0.177632"
"P10-1026","D11-1076","0.177632"
"D11-1076","P11-1109","0.0526316"
"P11-1109","D11-1076","0.0526316"
"D11-1076","P13-1159","0.0526316"
"P13-1159","D11-1076","0.0526316"
"D11-1076","P13-1170","0.0526316"
"P13-1170","D11-1076","0.0526316"
"D11-1076","P14-1093","0.0526316"
"P14-1093","D11-1076","0.0526316"
"D11-1076","W10-3907","0.177632"
"W10-3907","D11-1076","0.177632"
"D11-1076","Y10-1075","0.177632"
"Y10-1075","D11-1076","0.177632"
"D11-1076","Y15-1063","0.0526316"
"Y15-1063","D11-1076","0.0526316"
"D12-1034","D13-1065","0.163743"
"D13-1065","D12-1034","0.163743"
"D12-1034","D15-1190","0.0526316"
"D15-1190","D12-1034","0.0526316"
"D12-1034","D15-1260","0.0526316"
"D15-1260","D12-1034","0.0526316"
"D12-1034","I11-1035","0.0526316"
"I11-1035","D12-1034","0.0526316"
"D12-1034","I11-1098","0.552632"
"I11-1098","D12-1034","0.552632"
"D12-1034","I11-1101","0.0526316"
"I11-1101","D12-1034","0.0526316"
"D12-1034","P10-1026","0.0526316"
"P10-1026","D12-1034","0.0526316"
"D12-1034","P11-1109","0.0526316"
"P11-1109","D12-1034","0.0526316"
"D12-1034","P13-1159","0.663743"
"P13-1159","D12-1034","0.663743"
"D12-1034","P13-1170","1.66374"
"P13-1170","D12-1034","1.66374"
"D12-1034","P14-1093","0.163743"
"P14-1093","D12-1034","0.163743"
"D12-1034","W10-3907","0.0526316"
"W10-3907","D12-1034","0.0526316"
"D12-1034","Y10-1075","0.0526316"
"Y10-1075","D12-1034","0.0526316"
"D12-1034","Y15-1063","0.0526316"
"Y15-1063","D12-1034","0.0526316"
"D13-1065","D15-1190","2.7193"
"D15-1190","D13-1065","2.7193"
"D13-1065","D15-1260","0.0526316"
"D15-1260","D13-1065","0.0526316"
"D13-1065","I11-1035","0.0526316"
"I11-1035","D13-1065","0.0526316"
"D13-1065","I11-1098","0.0526316"
"I11-1098","D13-1065","0.0526316"
"D13-1065","I11-1101","0.552632"
"I11-1101","D13-1065","0.552632"
"D13-1065","P10-1026","0.0526316"
"P10-1026","D13-1065","0.0526316"
"D13-1065","P11-1109","0.719298"
"P11-1109","D13-1065","0.719298"
"D13-1065","P13-1159","0.163743"
"P13-1159","D13-1065","0.163743"
"D13-1065","P13-1170","0.163743"
"P13-1170","D13-1065","0.163743"
"D13-1065","P14-1093","0.330409"
"P14-1093","D13-1065","0.330409"
"D13-1065","W10-3907","0.0526316"
"W10-3907","D13-1065","0.0526316"
"D13-1065","Y10-1075","0.0526316"
"Y10-1075","D13-1065","0.0526316"
"D13-1065","Y15-1063","0.0526316"
"Y15-1063","D13-1065","0.0526316"
"D15-1190","D15-1260","0.0526316"
"D15-1260","D15-1190","0.0526316"
"D15-1190","I11-1035","0.0526316"
"I11-1035","D15-1190","0.0526316"
"D15-1190","I11-1098","0.177632"
"I11-1098","D15-1190","0.177632"
"D15-1190","I11-1101","0.0526316"
"I11-1101","D15-1190","0.0526316"
"D15-1190","P10-1026","0.177632"
"P10-1026","D15-1190","0.177632"
"D15-1190","P11-1109","0.469298"
"P11-1109","D15-1190","0.469298"
"D15-1190","P13-1159","0.0526316"
"P13-1159","D15-1190","0.0526316"
"D15-1190","P13-1170","0.0526316"
"P13-1170","D15-1190","0.0526316"
"D15-1190","P14-1093","1.05263"
"P14-1093","D15-1190","1.05263"
"D15-1190","W10-3907","0.177632"
"W10-3907","D15-1190","0.177632"
"D15-1190","Y10-1075","0.177632"
"Y10-1075","D15-1190","0.177632"
"D15-1190","Y15-1063","0.0526316"
"Y15-1063","D15-1190","0.0526316"
"D15-1260","I11-1035","0.0526316"
"I11-1035","D15-1260","0.0526316"
"D15-1260","I11-1098","0.0526316"
"I11-1098","D15-1260","0.0526316"
"D15-1260","I11-1101","0.0526316"
"I11-1101","D15-1260","0.0526316"
"D15-1260","P10-1026","0.0526316"
"P10-1026","D15-1260","0.0526316"
"D15-1260","P11-1109","0.0526316"
"P11-1109","D15-1260","0.0526316"
"D15-1260","P13-1159","0.0526316"
"P13-1159","D15-1260","0.0526316"
"D15-1260","P13-1170","0.0526316"
"P13-1170","D15-1260","0.0526316"
"D15-1260","P14-1093","0.302632"
"P14-1093","D15-1260","0.302632"
"D15-1260","W10-3907","0.0526316"
"W10-3907","D15-1260","0.0526316"
"D15-1260","Y10-1075","0.0526316"
"Y10-1075","D15-1260","0.0526316"
"D15-1260","Y15-1063","0.635965"
"Y15-1063","D15-1260","0.635965"
"I11-1035","I11-1098","0.0526316"
"I11-1098","I11-1035","0.0526316"
"I11-1035","I11-1101","0.0526316"
"I11-1101","I11-1035","0.0526316"
"I11-1035","P10-1026","0.0526316"
"P10-1026","I11-1035","0.0526316"
"I11-1035","P11-1109","0.0526316"
"P11-1109","I11-1035","0.0526316"
"I11-1035","P13-1159","0.0526316"
"P13-1159","I11-1035","0.0526316"
"I11-1035","P13-1170","0.0526316"
"P13-1170","I11-1035","0.0526316"
"I11-1035","P14-1093","0.0526316"
"P14-1093","I11-1035","0.0526316"
"I11-1035","W10-3907","0.0526316"
"W10-3907","I11-1035","0.0526316"
"I11-1035","Y10-1075","0.0526316"
"Y10-1075","I11-1035","0.0526316"
"I11-1035","Y15-1063","0.0526316"
"Y15-1063","I11-1035","0.0526316"
"I11-1098","I11-1101","0.0526316"
"I11-1101","I11-1098","0.0526316"
"I11-1098","P10-1026","0.177632"
"P10-1026","I11-1098","0.177632"
"I11-1098","P11-1109","0.0526316"
"P11-1109","I11-1098","0.0526316"
"I11-1098","P13-1159","0.0526316"
"P13-1159","I11-1098","0.0526316"
"I11-1098","P13-1170","0.0526316"
"P13-1170","I11-1098","0.0526316"
"I11-1098","P14-1093","0.0526316"
"P14-1093","I11-1098","0.0526316"
"I11-1098","W10-3907","0.177632"
"W10-3907","I11-1098","0.177632"
"I11-1098","Y10-1075","0.177632"
"Y10-1075","I11-1098","0.177632"
"I11-1098","Y15-1063","0.0526316"
"Y15-1063","I11-1098","0.0526316"
"I11-1101","P10-1026","0.0526316"
"P10-1026","I11-1101","0.0526316"
"I11-1101","P11-1109","0.0526316"
"P11-1109","I11-1101","0.0526316"
"I11-1101","P13-1159","0.385965"
"P13-1159","I11-1101","0.385965"
"I11-1101","P13-1170","0.385965"
"P13-1170","I11-1101","0.385965"
"I11-1101","P14-1093","0.385965"
"P14-1093","I11-1101","0.385965"
"I11-1101","W10-3907","0.0526316"
"W10-3907","I11-1101","0.0526316"
"I11-1101","Y10-1075","0.0526316"
"Y10-1075","I11-1101","0.0526316"
"I11-1101","Y15-1063","0.0526316"
"Y15-1063","I11-1101","0.0526316"
"P10-1026","P11-1109","0.0526316"
"P11-1109","P10-1026","0.0526316"
"P10-1026","P13-1159","0.0526316"
"P13-1159","P10-1026","0.0526316"
"P10-1026","P13-1170","0.0526316"
"P13-1170","P10-1026","0.0526316"
"P10-1026","P14-1093","0.0526316"
"P14-1093","P10-1026","0.0526316"
"P10-1026","W10-3907","1.8443"
"W10-3907","P10-1026","1.8443"
"P10-1026","Y10-1075","1.17763"
"Y10-1075","P10-1026","1.17763"
"P10-1026","Y15-1063","0.0526316"
"Y15-1063","P10-1026","0.0526316"
"P11-1109","P13-1159","0.0526316"
"P13-1159","P11-1109","0.0526316"
"P11-1109","P13-1170","0.0526316"
"P13-1170","P11-1109","0.0526316"
"P11-1109","P14-1093","0.219298"
"P14-1093","P11-1109","0.219298"
"P11-1109","W10-3907","0.0526316"
"W10-3907","P11-1109","0.0526316"
"P11-1109","Y10-1075","0.0526316"
"Y10-1075","P11-1109","0.0526316"
"P11-1109","Y15-1063","0.0526316"
"Y15-1063","P11-1109","0.0526316"
"P13-1159","P13-1170","0.747076"
"P13-1170","P13-1159","0.747076"
"P13-1159","W10-3907","0.0526316"
"W10-3907","P13-1159","0.0526316"
"P13-1159","Y10-1075","0.0526316"
"Y10-1075","P13-1159","0.0526316"
"P13-1159","Y15-1063","0.302632"
"Y15-1063","P13-1159","0.302632"
"P13-1170","W10-3907","0.0526316"
"W10-3907","P13-1170","0.0526316"
"P13-1170","Y10-1075","0.0526316"
"Y10-1075","P13-1170","0.0526316"
"P13-1170","Y15-1063","0.302632"
"Y15-1063","P13-1170","0.302632"
"P14-1093","W10-3907","0.0526316"
"W10-3907","P14-1093","0.0526316"
"P14-1093","Y10-1075","0.0526316"
"Y10-1075","P14-1093","0.0526316"
"P14-1093","Y15-1063","0.302632"
"Y15-1063","P14-1093","0.302632"
"W10-3907","Y10-1075","0.177632"
"Y10-1075","W10-3907","0.177632"
"W10-3907","Y15-1063","0.0526316"
"Y15-1063","W10-3907","0.0526316"
"Y10-1075","Y15-1063","0.0526316"
"Y15-1063","Y10-1075","0.0526316"
"C10-1095","I11-1060","0.125"
"I11-1060","C10-1095","0.125"
"C10-1095","L18-1556","0.125"
"L18-1556","C10-1095","0.125"
"D11-1076","I11-1060","0.125"
"I11-1060","D11-1076","0.125"
"D11-1076","L18-1556","0.125"
"L18-1556","D11-1076","0.125"
"D15-1190","I11-1060","0.125"
"I11-1060","D15-1190","0.125"
"D15-1190","L18-1556","0.125"
"L18-1556","D15-1190","0.125"
"I11-1060","I11-1098","0.125"
"I11-1098","I11-1060","0.125"
"I11-1060","L18-1556","0.125"
"L18-1556","I11-1060","0.125"
"I11-1060","P10-1026","0.125"
"P10-1026","I11-1060","0.125"
"I11-1060","W10-3907","0.125"
"W10-3907","I11-1060","0.125"
"I11-1060","Y10-1075","0.125"
"Y10-1075","I11-1060","0.125"
"I11-1098","L18-1556","0.125"
"L18-1556","I11-1098","0.125"
"L18-1556","P10-1026","0.125"
"P10-1026","L18-1556","0.125"
"L18-1556","W10-3907","0.125"
"W10-3907","L18-1556","0.125"
"L18-1556","Y10-1075","0.125"
"Y10-1075","L18-1556","0.125"
"I11-1098","P09-1049","0.833333"
"P09-1049","I11-1098","0.833333"
"C10-2015","D09-1060","7.86667"
"D09-1060","C10-2015","7.86667"
"C10-2015","D11-1007","2.2"
"D11-1007","C10-2015","2.2"
"C10-2015","P10-1003","3.45"
"P10-1003","C10-2015","3.45"
"D09-1060","D11-1007","1.45"
"D11-1007","D09-1060","1.45"
"D09-1060","P10-1003","2.2"
"P10-1003","D09-1060","2.2"
"D11-1007","P10-1003","7.81667"
"P10-1003","D11-1007","7.81667"
"C10-2015","I11-1035","1.83333"
"I11-1035","C10-2015","1.83333"
"C10-2015","W09-1209","1.11667"
"W09-1209","C10-2015","1.11667"
"D09-1060","I11-1035","1.58333"
"I11-1035","D09-1060","1.58333"
"D09-1060","W09-1209","2.11667"
"W09-1209","D09-1060","2.11667"
"I11-1035","W09-1209","0.583333"
"W09-1209","I11-1035","0.583333"
"C10-2015","N13-1007","0.25"
"N13-1007","C10-2015","0.25"
"D11-1007","I11-1035","0.45"
"I11-1035","D11-1007","0.45"
"D11-1007","N13-1007","0.45"
"N13-1007","D11-1007","0.45"
"I11-1035","N13-1007","0.45"
"N13-1007","I11-1035","0.45"
"I11-1035","P10-1003","0.45"
"P10-1003","I11-1035","0.45"
"N13-1007","P10-1003","0.45"
"P10-1003","N13-1007","0.45"
"C10-2015","D11-1076","0.5"
"D11-1076","C10-2015","0.5"
"C10-2015","H05-1018","0.5"
"H05-1018","C10-2015","0.5"
"D11-1076","H05-1018","0.5"
"H05-1018","D11-1076","0.5"
"C10-2015","C12-1169","0.25"
"C12-1169","C10-2015","0.25"
"C12-1169","D09-1060","0.25"
"D09-1060","C12-1169","0.25"
"C12-1169","W09-1209","0.25"
"W09-1209","C12-1169","0.25"
"C10-2015","P03-2036","0.25"
"P03-2036","C10-2015","0.25"
"C10-2015","W01-1510","0.25"
"W01-1510","C10-2015","0.25"
"D09-1060","P03-2036","0.25"
"P03-2036","D09-1060","0.25"
"D09-1060","W01-1510","0.25"
"W01-1510","D09-1060","0.25"
"D11-1007","P03-2036","0.25"
"P03-2036","D11-1007","0.25"
"D11-1007","W01-1510","0.25"
"W01-1510","D11-1007","0.25"
"P03-2036","W01-1510","2.25"
"W01-1510","P03-2036","2.25"
"C10-2015","D07-1033","0.2"
"D07-1033","C10-2015","0.2"
"D07-1033","D09-1060","0.7"
"D09-1060","D07-1033","0.7"
"D07-1033","D11-1007","0.2"
"D11-1007","D07-1033","0.2"
"D07-1033","P10-1003","0.7"
"P10-1003","D07-1033","0.7"
"D07-1033","W09-1209","0.2"
"W09-1209","D07-1033","0.2"
"D11-1007","W09-1209","0.7"
"W09-1209","D11-1007","0.7"
"P10-1003","W09-1209","1.03333"
"W09-1209","P10-1003","1.03333"
"C10-2015","P09-1058","0.333333"
"P09-1058","C10-2015","0.333333"
"D09-1060","P09-1058","0.333333"
"P09-1058","D09-1060","0.333333"
"D11-1007","P09-1058","0.333333"
"P09-1058","D11-1007","0.333333"
"I11-1035","P08-1047","0.5"
"P08-1047","I11-1035","0.5"
"C14-1135","D12-1057","1"
"D12-1057","C14-1135","1"
"C14-1135","D13-1065","0.777778"
"D13-1065","C14-1135","0.777778"
"C14-1135","D15-1190","0.5"
"D15-1190","C14-1135","0.5"
"C14-1135","N13-1007","0.166667"
"N13-1007","C14-1135","0.166667"
"C14-1135","P11-1109","0.666667"
"P11-1109","C14-1135","0.666667"
"C16-2055","N13-1007","0.666667"
"N13-1007","C16-2055","0.666667"
"D13-1065","N13-1007","0.166667"
"N13-1007","D13-1065","0.166667"
"D15-1190","N13-1007","0.416667"
"N13-1007","D15-1190","0.416667"
"N13-1007","P14-1093","0.666667"
"P14-1093","N13-1007","0.666667"
"C14-1135","D12-1034","0.611111"
"D12-1034","C14-1135","0.611111"
"C14-1135","P13-1170","0.444444"
"P13-1170","C14-1135","0.444444"
"D12-1034","D19-1590","0.111111"
"D19-1590","D12-1034","0.111111"
"D12-1034","I13-2012","0.111111"
"I13-2012","D12-1034","0.111111"
"D12-1034","P19-1414","0.611111"
"P19-1414","D12-1034","0.611111"
"D13-1065","D19-1590","0.111111"
"D19-1590","D13-1065","0.111111"
"D13-1065","I13-2012","0.111111"
"I13-2012","D13-1065","0.111111"
"D13-1065","P19-1414","0.111111"
"P19-1414","D13-1065","0.111111"
"I13-2012","P13-1170","0.444444"
"P13-1170","I13-2012","0.444444"
"P13-1170","P19-1414","1.36111"
"P19-1414","P13-1170","1.36111"
"C14-1135","D15-1260","0.25"
"D15-1260","C14-1135","0.25"
"D15-1260","D19-1590","0.25"
"D19-1590","D15-1260","0.25"
"D15-1260","P19-1414","0.25"
"P19-1414","D15-1260","0.25"
"C14-1135","I11-1098","0.5"
"I11-1098","C14-1135","0.5"
"C16-2055","L18-1556","1"
"L18-1556","C16-2055","1"
"C96-2160","W01-1510","1"
"W01-1510","C96-2160","1"
"C98-2128","C98-2139","0.2"
"C98-2139","C98-2128","0.2"
"C98-2128","P98-2144","0.2"
"P98-2144","C98-2128","0.2"
"C98-2128","W98-0127","0.2"
"W98-0127","C98-2128","0.2"
"C98-2128","W98-0141","0.2"
"W98-0141","C98-2128","0.2"
"C98-2139","P98-2132","0.2"
"P98-2132","C98-2139","0.2"
"C98-2139","P98-2144","1.56667"
"P98-2144","C98-2139","1.56667"
"C98-2139","W98-0127","0.366667"
"W98-0127","C98-2139","0.366667"
"C98-2139","W98-0141","0.566667"
"W98-0141","C98-2139","0.566667"
"P98-2132","P98-2144","0.2"
"P98-2144","P98-2132","0.2"
"P98-2132","W98-0127","0.2"
"W98-0127","P98-2132","0.2"
"P98-2132","W98-0141","0.2"
"W98-0141","P98-2132","0.2"
"P98-2144","W98-0127","0.366667"
"W98-0127","P98-2144","0.366667"
"P98-2144","W98-0141","0.566667"
"W98-0141","P98-2144","0.566667"
"W98-0127","W98-0141","0.366667"
"W98-0141","W98-0127","0.366667"
"C98-2139","C98-2154","0.366667"
"C98-2154","C98-2139","0.366667"
"C98-2139","P98-2159","0.366667"
"P98-2159","C98-2139","0.366667"
"C98-2139","W01-1510","0.366667"
"W01-1510","C98-2139","0.366667"
"C98-2154","P98-2144","0.366667"
"P98-2144","C98-2154","0.366667"
"C98-2154","W98-0127","0.166667"
"W98-0127","C98-2154","0.166667"
"C98-2154","W98-0141","0.366667"
"W98-0141","C98-2154","0.366667"
"P98-2144","P98-2159","0.366667"
"P98-2159","P98-2144","0.366667"
"P98-2144","W01-1510","0.366667"
"W01-1510","P98-2144","0.366667"
"P98-2159","W98-0127","0.166667"
"W98-0127","P98-2159","0.166667"
"P98-2159","W98-0141","0.366667"
"W98-0141","P98-2159","0.366667"
"W01-1510","W98-0127","1.16667"
"W98-0127","W01-1510","1.16667"
"W01-1510","W98-0141","0.366667"
"W98-0141","W01-1510","0.366667"
"D07-1033","P09-1058","1"
"P09-1058","D07-1033","1"
"D07-1033","W04-1210","1"
"W04-1210","D07-1033","1"
"D07-1033","N13-1007","1"
"N13-1007","D07-1033","1"
"D07-1033","D07-1073","1"
"D07-1073","D07-1033","1"
"D07-1033","I11-1035","1"
"I11-1035","D07-1033","1"
"D07-1073","I08-2126","1"
"I08-2126","D07-1073","1"
"D07-1073","P08-1047","2"
"P08-1047","D07-1073","2"
"D09-1097","P09-1049","0.5"
"P09-1049","D09-1097","0.5"
"D09-1122","N13-1007","1.58333"
"N13-1007","D09-1122","1.58333"
"D09-1122","P11-1109","2.58333"
"P11-1109","D09-1122","2.58333"
"D09-1122","D13-1065","0.5"
"D13-1065","D09-1122","0.5"
"D09-1122","D15-1190","1.25"
"D15-1190","D09-1122","1.25"
"D09-1122","N06-1008","1.08333"
"N06-1008","D09-1122","1.08333"
"N06-1008","N13-1007","0.583333"
"N13-1007","N06-1008","0.583333"
"N06-1008","P11-1109","0.583333"
"P11-1109","N06-1008","0.583333"
"D15-1190","N06-1008","0.75"
"N06-1008","D15-1190","0.75"
"D09-1122","P10-1026","0.666667"
"P10-1026","D09-1122","0.666667"
"D09-1122","W10-3907","0.666667"
"W10-3907","D09-1122","0.666667"
"D12-1057","P10-1026","0.666667"
"P10-1026","D12-1057","0.666667"
"D12-1057","W10-3907","0.666667"
"W10-3907","D12-1057","0.666667"
"D11-1007","wang-etal-2010-adapting","0.7"
"wang-etal-2010-adapting","D11-1007","0.7"
"P10-1003","wang-etal-2010-adapting","0.7"
"wang-etal-2010-adapting","P10-1003","0.7"
"D11-1007","W09-3506","0.2"
"W09-3506","D11-1007","0.2"
"I11-1035","W09-3506","0.2"
"W09-3506","I11-1035","0.2"
"I11-1035","wang-etal-2010-adapting","0.2"
"wang-etal-2010-adapting","I11-1035","0.2"
"N13-1007","W09-3506","0.2"
"W09-3506","N13-1007","0.2"
"N13-1007","wang-etal-2010-adapting","0.2"
"wang-etal-2010-adapting","N13-1007","0.2"
"P10-1003","W09-3506","0.2"
"W09-3506","P10-1003","0.2"
"W09-3506","wang-etal-2010-adapting","0.2"
"wang-etal-2010-adapting","W09-3506","0.2"
"D12-1057","P19-1414","0.75"
"P19-1414","D12-1057","0.75"
"D12-1057","P13-1159","0.25"
"P13-1159","D12-1057","0.25"
"D12-1057","Y15-1063","0.25"
"Y15-1063","D12-1057","0.25"
"P19-1414","Y15-1063","0.25"
"Y15-1063","P19-1414","0.25"
"D12-1057","I13-2012","0.5"
"I13-2012","D12-1057","0.5"
"D12-1057","D13-1065","2"
"D13-1065","D12-1057","2"
"D15-1190","I13-2008","0.5"
"I13-2008","D15-1190","0.5"
"D15-1260","D16-1132","10.5833"
"D16-1132","D15-1260","10.5833"
"D15-1260","L18-1556","0.583333"
"L18-1556","D15-1260","0.583333"
"D16-1132","P14-1093","0.25"
"P14-1093","D16-1132","0.25"
"L18-1556","P14-1093","0.25"
"P14-1093","L18-1556","0.25"
"D16-1132","P19-1414","1"
"P19-1414","D16-1132","1"
"H05-1018","W06-2908","5"
"W06-2908","H05-1018","5"
"I11-1035","P09-1058","5"
"P09-1058","I11-1035","5"
"I11-1060","P13-1159","1"
"P13-1159","I11-1060","1"
"L18-1556","W09-1209","1"
"W09-1209","L18-1556","1"
"N13-1007","W09-1209","1"
"W09-1209","N13-1007","1"
