"2012.amta-papers.4","D14-1158","0.347537"
"D14-1158","2012.amta-papers.4","0.347537"
"2012.amta-papers.4","N13-1025","0.438054"
"N13-1025","2012.amta-papers.4","0.438054"
"2012.amta-papers.4","P11-2031","1.2642"
"P11-2031","2012.amta-papers.4","1.2642"
"2012.amta-papers.4","P12-1002","0.514204"
"P12-1002","2012.amta-papers.4","0.514204"
"2012.amta-papers.4","Q14-1031","1.97254"
"Q14-1031","2012.amta-papers.4","1.97254"
"2012.amta-papers.4","W11-2139","0.55587"
"W11-2139","2012.amta-papers.4","0.55587"
"D14-1158","N13-1025","0.403963"
"N13-1025","D14-1158","0.403963"
"D14-1158","P11-2031","0.264204"
"P11-2031","D14-1158","0.264204"
"D14-1158","P12-1002","0.355113"
"P12-1002","D14-1158","0.355113"
"D14-1158","Q14-1031","1.34754"
"Q14-1031","D14-1158","1.34754"
"D14-1158","W11-2139","0.355113"
"W11-2139","D14-1158","0.355113"
"N13-1025","P11-2031","0.265435"
"P11-2031","N13-1025","0.265435"
"N13-1025","P12-1002","3.55634"
"P12-1002","N13-1025","3.55634"
"N13-1025","Q14-1031","1.42377"
"Q14-1031","N13-1025","1.42377"
"N13-1025","W11-2139","1.80634"
"W11-2139","N13-1025","1.80634"
"P11-2031","P12-1002","1.53603"
"P12-1002","P11-2031","1.53603"
"P11-2031","Q14-1031","0.299918"
"Q14-1031","P11-2031","0.299918"
"P11-2031","W11-2139","1.53603"
"W11-2139","P11-2031","1.53603"
"P12-1002","Q14-1031","0.874918"
"Q14-1031","P12-1002","0.874918"
"P12-1002","W11-2139","2.11694"
"W11-2139","P12-1002","2.11694"
"Q14-1031","W11-2139","1.84158"
"W11-2139","Q14-1031","1.84158"
"2012.amta-papers.4","C12-1022","0.0689655"
"C12-1022","2012.amta-papers.4","0.0689655"
"2012.amta-papers.4","D12-1021","0.0975369"
"D12-1021","2012.amta-papers.4","0.0975369"
"2012.amta-papers.4","D13-1111","0.188054"
"D13-1111","2012.amta-papers.4","0.188054"
"2012.amta-papers.4","D13-1174","0.277299"
"D13-1174","2012.amta-papers.4","0.277299"
"2012.amta-papers.4","D14-1210","0.0975369"
"D14-1210","2012.amta-papers.4","0.0975369"
"2012.amta-papers.4","E14-1042","0.472537"
"E14-1042","2012.amta-papers.4","0.472537"
"2012.amta-papers.4","N09-1046","0.0630542"
"N09-1046","2012.amta-papers.4","0.0630542"
"2012.amta-papers.4","N10-1033","0.0344828"
"N10-1033","2012.amta-papers.4","0.0344828"
"2012.amta-papers.4","N10-1128","0.0344828"
"N10-1128","2012.amta-papers.4","0.0344828"
"2012.amta-papers.4","N13-1073","0.0344828"
"N13-1073","2012.amta-papers.4","0.0344828"
"2012.amta-papers.4","N13-1076","0.0975369"
"N13-1076","2012.amta-papers.4","0.0975369"
"2012.amta-papers.4","P09-1019","0.0630542"
"P09-1019","2012.amta-papers.4","0.0630542"
"2012.amta-papers.4","P09-1088","0.0630542"
"P09-1088","2012.amta-papers.4","0.0630542"
"2012.amta-papers.4","P09-4007","0.159483"
"P09-4007","2012.amta-papers.4","0.159483"
"2012.amta-papers.4","P10-4002","0.188054"
"P10-4002","2012.amta-papers.4","0.188054"
"2012.amta-papers.4","P11-1042","0.347537"
"P11-1042","2012.amta-papers.4","0.347537"
"2012.amta-papers.4","W09-0424","0.159483"
"W09-0424","2012.amta-papers.4","0.159483"
"2012.amta-papers.4","W09-0426","0.389204"
"W09-0426","2012.amta-papers.4","0.389204"
"2012.amta-papers.4","W10-1707","0.0975369"
"W10-1707","2012.amta-papers.4","0.0975369"
"2012.amta-papers.4","W10-1718","0.159483"
"W10-1718","2012.amta-papers.4","0.159483"
"2012.amta-papers.4","W13-2205","0.347537"
"W13-2205","2012.amta-papers.4","0.347537"
"2012.amta-papers.4","W13-2234","0.146388"
"W13-2234","2012.amta-papers.4","0.146388"
"2012.amta-papers.4","W14-0311","0.0689655"
"W14-0311","2012.amta-papers.4","0.0689655"
"2012.amta-papers.4","W14-3315","0.18087"
"W14-3315","2012.amta-papers.4","0.18087"
"C12-1022","D12-1021","0.568965"
"D12-1021","C12-1022","0.568965"
"C12-1022","D13-1111","0.181308"
"D13-1111","C12-1022","0.181308"
"C12-1022","D13-1174","0.402299"
"D13-1174","C12-1022","0.402299"
"C12-1022","D14-1158","0.235632"
"D14-1158","C12-1022","0.235632"
"C12-1022","D14-1210","0.10468"
"D14-1210","C12-1022","0.10468"
"C12-1022","E14-1042","0.271346"
"E14-1042","C12-1022","0.271346"
"C12-1022","N09-1046","1.23448"
"N09-1046","C12-1022","1.23448"
"C12-1022","N10-1033","0.0344828"
"N10-1033","C12-1022","0.0344828"
"C12-1022","N10-1128","0.0344828"
"N10-1128","C12-1022","0.0344828"
"C12-1022","N13-1073","0.234483"
"N13-1073","C12-1022","0.234483"
"C12-1022","N13-1076","0.0689655"
"N13-1076","C12-1022","0.0689655"
"C12-1022","P09-1019","0.070197"
"P09-1019","C12-1022","0.070197"
"C12-1022","P09-1088","0.270197"
"P09-1088","C12-1022","0.270197"
"C12-1022","P09-4007","0.070197"
"P09-4007","C12-1022","0.070197"
"C12-1022","P10-4002","0.070197"
"P10-4002","C12-1022","0.070197"
"C12-1022","P11-1042","0.268966"
"P11-1042","C12-1022","0.268966"
"C12-1022","P11-2031","0.215791"
"P11-2031","C12-1022","0.215791"
"C12-1022","P12-1002","0.715791"
"P12-1002","C12-1022","0.715791"
"C12-1022","Q14-1031","0.10468"
"Q14-1031","C12-1022","0.10468"
"C12-1022","W09-0424","0.070197"
"W09-0424","C12-1022","0.070197"
"C12-1022","W09-0426","1.21579"
"W09-0426","C12-1022","1.21579"
"C12-1022","W10-1707","0.215791"
"W10-1707","C12-1022","0.215791"
"C12-1022","W10-1718","0.070197"
"W10-1718","C12-1022","0.070197"
"C12-1022","W11-2139","0.215791"
"W11-2139","C12-1022","0.215791"
"C12-1022","W13-2205","0.0689655"
"W13-2205","C12-1022","0.0689655"
"C12-1022","W13-2234","0.0344828"
"W13-2234","C12-1022","0.0344828"
"C12-1022","W14-0311","0.235632"
"W14-0311","C12-1022","0.235632"
"C12-1022","W14-3315","0.180077"
"W14-3315","C12-1022","0.180077"
"D12-1021","D13-1111","0.15861"
"D13-1111","D12-1021","0.15861"
"D12-1021","D13-1174","0.118966"
"D13-1174","D12-1021","0.118966"
"D12-1021","D14-1158","0.264204"
"D14-1158","D12-1021","0.264204"
"D12-1021","D14-1210","0.537537"
"D14-1210","D12-1021","0.537537"
"D12-1021","E14-1042","0.264204"
"E14-1042","D12-1021","0.264204"
"D12-1021","N09-1046","0.15861"
"N09-1046","D12-1021","0.15861"
"D12-1021","N10-1033","0.567816"
"N10-1033","D12-1021","0.567816"
"D12-1021","N10-1128","0.330038"
"N10-1128","D12-1021","0.330038"
"D12-1021","N13-1073","0.265038"
"N13-1073","D12-1021","0.265038"
"D12-1021","N13-1076","0.137537"
"N13-1076","D12-1021","0.137537"
"D12-1021","P09-1019","0.396388"
"P09-1019","D12-1021","0.396388"
"D12-1021","P09-1088","3.94194"
"P09-1088","D12-1021","3.94194"
"D12-1021","P09-4007","0.0344828"
"P09-4007","D12-1021","0.0344828"
"D12-1021","P10-4002","1.15305"
"P10-4002","D12-1021","1.15305"
"D12-1021","P11-1042","0.368093"
"P11-1042","D12-1021","0.368093"
"D12-1021","P11-2031","0.0975369"
"P11-2031","D12-1021","0.0975369"
"D12-1021","P12-1002","0.47087"
"P12-1002","D12-1021","0.47087"
"D12-1021","Q14-1031","0.147537"
"Q14-1031","D12-1021","0.147537"
"D12-1021","W09-0424","0.130038"
"W09-0424","D12-1021","0.130038"
"D12-1021","W09-0426","0.193092"
"W09-0426","D12-1021","0.193092"
"D12-1021","W10-1707","0.193092"
"W10-1707","D12-1021","0.193092"
"D12-1021","W10-1718","0.234483"
"W10-1718","D12-1021","0.234483"
"D12-1021","W11-2139","0.187537"
"W11-2139","D12-1021","0.187537"
"D12-1021","W13-2205","0.0975369"
"W13-2205","D12-1021","0.0975369"
"D12-1021","W13-2234","0.436388"
"W13-2234","D12-1021","0.436388"
"D12-1021","W14-0311","0.235632"
"W14-0311","D12-1021","0.235632"
"D12-1021","W14-3315","0.153093"
"W14-3315","D12-1021","0.153093"
"D13-1111","D13-1174","0.0344828"
"D13-1174","D13-1111","0.0344828"
"D13-1111","D14-1158","0.653963"
"D14-1158","D13-1111","0.653963"
"D13-1111","D14-1210","0.138768"
"D14-1210","D13-1111","0.138768"
"D13-1111","E14-1042","1.86663"
"E14-1042","D13-1111","1.86663"
"D13-1111","N09-1046","0.863967"
"N09-1046","D13-1111","0.863967"
"D13-1111","N10-1033","0.0344828"
"N10-1033","D13-1111","0.0344828"
"D13-1111","N10-1128","1.25504"
"N10-1128","D13-1111","1.25504"
"D13-1111","N13-1073","0.0900383"
"N13-1073","D13-1111","0.0900383"
"D13-1111","N13-1076","0.165554"
"N13-1076","D13-1111","0.165554"
"D13-1111","P09-1019","1.40829"
"P09-1019","D13-1111","1.40829"
"D13-1111","P09-1088","0.756824"
"P09-1088","D13-1111","0.756824"
"D13-1111","P09-4007","0.608887"
"P09-4007","D13-1111","0.608887"
"D13-1111","P10-4002","0.326268"
"P10-4002","D13-1111","0.326268"
"D13-1111","P11-1042","1.28361"
"P11-1042","D13-1111","1.28361"
"D13-1111","P11-2031","0.39738"
"P11-2031","D13-1111","0.39738"
"D13-1111","P12-1002","1.79079"
"P12-1002","D13-1111","1.79079"
"D13-1111","Q14-1031","0.423768"
"Q14-1031","D13-1111","0.423768"
"D13-1111","W09-0424","0.87111"
"W09-0424","D13-1111","0.87111"
"D13-1111","W09-0426","0.739959"
"W09-0426","D13-1111","0.739959"
"D13-1111","W10-1707","0.472102"
"W10-1707","D13-1111","0.472102"
"D13-1111","W10-1718","0.40353"
"W10-1718","D13-1111","0.40353"
"D13-1111","W11-2139","1.03438"
"W11-2139","D13-1111","1.03438"
"D13-1111","W13-2205","0.355886"
"W13-2205","D13-1111","0.355886"
"D13-1111","W13-2234","0.165554"
"W13-2234","D13-1111","0.165554"
"D13-1111","W14-0311","0.625392"
"W14-0311","D13-1111","0.625392"
"D13-1111","W14-3315","0.397553"
"W14-3315","D13-1111","0.397553"
"D13-1174","D14-1158","0.152299"
"D14-1158","D13-1174","0.152299"
"D13-1174","D14-1210","0.0689655"
"D14-1210","D13-1174","0.0689655"
"D13-1174","E14-1042","0.295156"
"E14-1042","D13-1174","0.295156"
"D13-1174","N09-1046","0.367816"
"N09-1046","D13-1174","0.367816"
"D13-1174","N10-1033","0.159483"
"N10-1033","D13-1174","0.159483"
"D13-1174","N10-1128","1.15948"
"N10-1128","D13-1174","1.15948"
"D13-1174","N13-1073","0.0844828"
"N13-1073","D13-1174","0.0844828"
"D13-1174","N13-1076","0.402299"
"N13-1076","D13-1174","0.402299"
"D13-1174","P09-1019","0.0344828"
"P09-1019","D13-1174","0.0344828"
"D13-1174","P09-1088","0.0844828"
"P09-1088","D13-1174","0.0844828"
"D13-1174","P09-4007","0.159483"
"P09-4007","D13-1174","0.159483"
"D13-1174","P10-4002","0.334483"
"P10-4002","D13-1174","0.334483"
"D13-1174","P11-1042","0.327299"
"P11-1042","D13-1174","0.327299"
"D13-1174","P11-2031","0.0689655"
"P11-2031","D13-1174","0.0689655"
"D13-1174","P12-1002","0.318966"
"P12-1002","D13-1174","0.318966"
"D13-1174","Q14-1031","0.202299"
"Q14-1031","D13-1174","0.202299"
"D13-1174","W09-0424","0.159483"
"W09-0424","D13-1174","0.159483"
"D13-1174","W09-0426","0.527299"
"W09-0426","D13-1174","0.527299"
"D13-1174","W10-1707","0.0689655"
"W10-1707","D13-1174","0.0689655"
"D13-1174","W10-1718","0.159483"
"W10-1718","D13-1174","0.159483"
"D13-1174","W11-2139","0.243966"
"W11-2139","D13-1174","0.243966"
"D13-1174","W13-2205","1.54516"
"W13-2205","D13-1174","1.54516"
"D13-1174","W13-2234","2.92734"
"W13-2234","D13-1174","2.92734"
"D13-1174","W14-0311","0.211823"
"W14-0311","D13-1174","0.211823"
"D13-1174","W14-3315","0.461823"
"W14-3315","D13-1174","0.461823"
"D14-1158","D14-1210","0.0975369"
"D14-1210","D14-1158","0.0975369"
"D14-1158","E14-1042","0.347537"
"E14-1042","D14-1158","0.347537"
"D14-1158","N09-1046","0.0630542"
"N09-1046","D14-1158","0.0630542"
"D14-1158","N10-1033","0.0344828"
"N10-1033","D14-1158","0.0344828"
"D14-1158","N10-1128","0.0344828"
"N10-1128","D14-1158","0.0344828"
"D14-1158","N13-1073","0.0344828"
"N13-1073","D14-1158","0.0344828"
"D14-1158","N13-1076","0.0975369"
"N13-1076","D14-1158","0.0975369"
"D14-1158","P09-1019","0.0630542"
"P09-1019","D14-1158","0.0630542"
"D14-1158","P09-1088","0.0630542"
"P09-1088","D14-1158","0.0630542"
"D14-1158","P09-4007","0.0344828"
"P09-4007","D14-1158","0.0344828"
"D14-1158","P10-4002","0.0630542"
"P10-4002","D14-1158","0.0630542"
"D14-1158","P11-1042","0.18087"
"P11-1042","D14-1158","0.18087"
"D14-1158","W09-0424","0.0344828"
"W09-0424","D14-1158","0.0344828"
"D14-1158","W09-0426","0.0975369"
"W09-0426","D14-1158","0.0975369"
"D14-1158","W10-1707","0.0975369"
"W10-1707","D14-1158","0.0975369"
"D14-1158","W10-1718","0.0344828"
"W10-1718","D14-1158","0.0344828"
"D14-1158","W13-2205","0.271779"
"W13-2205","D14-1158","0.271779"
"D14-1158","W13-2234","0.146388"
"W13-2234","D14-1158","0.146388"
"D14-1158","W14-0311","0.326541"
"W14-0311","D14-1158","0.326541"
"D14-1158","W14-3315","0.271779"
"W14-3315","D14-1158","0.271779"
"D14-1210","E14-1042","0.133251"
"E14-1042","D14-1210","0.133251"
"D14-1210","N09-1046","0.103054"
"N09-1046","D14-1210","0.103054"
"D14-1210","N10-1033","0.401149"
"N10-1033","D14-1210","0.401149"
"D14-1210","N10-1128","0.441149"
"N10-1128","D14-1210","0.441149"
"D14-1210","N13-1073","0.0344828"
"N13-1073","D14-1210","0.0344828"
"D14-1210","N13-1076","0.337537"
"N13-1076","D14-1210","0.337537"
"D14-1210","P09-1019","0.408292"
"P09-1019","D14-1210","0.408292"
"D14-1210","P09-1088","1.53877"
"P09-1088","D14-1210","1.53877"
"D14-1210","P09-4007","0.213054"
"P09-4007","D14-1210","0.213054"
"D14-1210","P10-4002","0.138768"
"P10-4002","D14-1210","0.138768"
"D14-1210","P11-1042","0.337537"
"P11-1042","D14-1210","0.337537"
"D14-1210","P11-2031","1.13325"
"P11-2031","D14-1210","1.13325"
"D14-1210","P12-1002","0.173251"
"P12-1002","D14-1210","0.173251"
"D14-1210","Q14-1031","0.133251"
"Q14-1031","D14-1210","0.133251"
"D14-1210","W09-0424","0.253054"
"W09-0424","D14-1210","0.253054"
"D14-1210","W09-0426","0.173251"
"W09-0426","D14-1210","0.173251"
"D14-1210","W10-1707","0.173251"
"W10-1707","D14-1210","0.173251"
"D14-1210","W10-1718","0.436864"
"W10-1718","D14-1210","0.436864"
"D14-1210","W11-2139","0.316108"
"W11-2139","D14-1210","0.316108"
"D14-1210","W13-2205","0.907061"
"W13-2205","D14-1210","0.907061"
"D14-1210","W13-2234","0.245911"
"W13-2234","D14-1210","0.245911"
"D14-1210","W14-0311","0.0689655"
"W14-0311","D14-1210","0.0689655"
"D14-1210","W14-3315","1.09754"
"W14-3315","D14-1210","1.09754"
"E14-1042","N09-1046","0.205911"
"N09-1046","E14-1042","0.205911"
"E14-1042","N10-1033","0.0344828"
"N10-1033","E14-1042","0.0344828"
"E14-1042","N10-1128","0.0344828"
"N10-1128","E14-1042","0.0344828"
"E14-1042","N13-1073","0.0344828"
"N13-1073","E14-1042","0.0344828"
"E14-1042","N13-1076","0.0975369"
"N13-1076","E14-1042","0.0975369"
"E14-1042","P09-1019","0.241626"
"P09-1019","E14-1042","0.241626"
"E14-1042","P09-1088","0.0987685"
"P09-1088","E14-1042","0.0987685"
"E14-1042","P09-4007","0.213054"
"P09-4007","E14-1042","0.213054"
"E14-1042","P10-4002","0.0987685"
"P10-4002","E14-1042","0.0987685"
"E14-1042","P11-1042","0.347537"
"P11-1042","E14-1042","0.347537"
"E14-1042","P11-2031","0.133251"
"P11-2031","E14-1042","0.133251"
"E14-1042","P12-1002","0.258251"
"P12-1002","E14-1042","0.258251"
"E14-1042","Q14-1031","0.508251"
"Q14-1031","E14-1042","0.508251"
"E14-1042","W09-0424","0.213054"
"W09-0424","E14-1042","0.213054"
"E14-1042","W09-0426","0.442775"
"W09-0426","E14-1042","0.442775"
"E14-1042","W10-1707","0.133251"
"W10-1707","E14-1042","0.133251"
"E14-1042","W10-1718","0.070197"
"W10-1718","E14-1042","0.070197"
"E14-1042","W11-2139","0.424918"
"W11-2139","E14-1042","0.424918"
"E14-1042","W13-2205","1.12531"
"W13-2205","E14-1042","1.12531"
"E14-1042","W13-2234","0.289245"
"W13-2234","E14-1042","0.289245"
"E14-1042","W14-0311","2.21182"
"W14-0311","E14-1042","2.21182"
"E14-1042","W14-3315","0.625315"
"W14-3315","E14-1042","0.625315"
"N09-1046","N10-1033","0.0344828"
"N10-1033","N09-1046","0.0344828"
"N09-1046","N10-1128","0.130038"
"N10-1128","N09-1046","0.130038"
"N09-1046","N13-1073","0.290038"
"N13-1073","N09-1046","0.290038"
"N09-1046","N13-1076","0.265554"
"N13-1076","N09-1046","0.265554"
"N09-1046","P09-1019","0.205911"
"P09-1019","N09-1046","0.205911"
"N09-1046","P09-1088","0.92111"
"P09-1088","N09-1046","0.92111"
"N09-1046","P09-4007","0.23984"
"P09-4007","N09-1046","0.23984"
"N09-1046","P10-4002","0.408411"
"P10-4002","N09-1046","0.408411"
"N09-1046","P11-1042","0.45861"
"P11-1042","N09-1046","0.45861"
"N09-1046","P11-2031","0.225554"
"P11-2031","N09-1046","0.225554"
"N09-1046","P12-1002","0.103054"
"P12-1002","N09-1046","0.103054"
"N09-1046","Q14-1031","0.0630542"
"Q14-1031","N09-1046","0.0630542"
"N09-1046","W09-0424","0.335395"
"W09-0424","N09-1046","0.335395"
"N09-1046","W09-0426","1.54432"
"W09-0426","N09-1046","1.54432"
"N09-1046","W10-1707","0.25861"
"W10-1707","N09-1046","0.25861"
"N09-1046","W10-1718","0.27734"
"W10-1718","N09-1046","0.27734"
"N09-1046","W11-2139","0.103054"
"W11-2139","N09-1046","0.103054"
"N09-1046","W13-2205","0.163054"
"W13-2205","N09-1046","0.163054"
"N09-1046","W13-2234","0.498888"
"W13-2234","N09-1046","0.498888"
"N09-1046","W14-0311","0.134483"
"W14-0311","N09-1046","0.134483"
"N09-1046","W14-3315","0.11861"
"W14-3315","N09-1046","0.11861"
"N10-1033","N10-1128","2.77615"
"N10-1128","N10-1033","2.77615"
"N10-1033","N13-1073","0.0344828"
"N13-1073","N10-1033","0.0344828"
"N10-1033","N13-1076","0.0344828"
"N13-1076","N10-1033","0.0344828"
"N10-1033","P09-1019","0.201149"
"P09-1019","N10-1033","0.201149"
"N10-1033","P09-1088","0.567816"
"P09-1088","N10-1033","0.567816"
"N10-1033","P09-4007","0.0344828"
"P09-4007","N10-1033","0.0344828"
"N10-1033","P10-4002","0.909483"
"P10-4002","N10-1033","0.909483"
"N10-1033","P11-1042","1.15948"
"P11-1042","N10-1033","1.15948"
"N10-1033","P11-2031","0.0344828"
"P11-2031","N10-1033","0.0344828"
"N10-1033","P12-1002","0.159483"
"P12-1002","N10-1033","0.159483"
"N10-1033","Q14-1031","0.0344828"
"Q14-1031","N10-1033","0.0344828"
"N10-1033","W09-0424","0.0344828"
"W09-0424","N10-1033","0.0344828"
"N10-1033","W09-0426","0.284483"
"W09-0426","N10-1033","0.284483"
"N10-1033","W10-1707","0.284483"
"W10-1707","N10-1033","0.284483"
"N10-1033","W10-1718","0.201149"
"W10-1718","N10-1033","0.201149"
"N10-1033","W11-2139","0.159483"
"W11-2139","N10-1033","0.159483"
"N10-1033","W13-2205","0.201149"
"W13-2205","N10-1033","0.201149"
"N10-1033","W13-2234","0.0344828"
"W13-2234","N10-1033","0.0344828"
"N10-1033","W14-0311","0.0344828"
"W14-0311","N10-1033","0.0344828"
"N10-1033","W14-3315","0.201149"
"W14-3315","N10-1033","0.201149"
"N10-1128","N13-1073","0.0900383"
"N13-1073","N10-1128","0.0900383"
"N10-1128","N13-1076","0.0744828"
"N13-1076","N10-1128","0.0744828"
"N10-1128","P09-1019","1.20115"
"P09-1019","N10-1128","1.20115"
"N10-1128","P09-1088","0.330038"
"P09-1088","N10-1128","0.330038"
"N10-1128","P09-4007","0.534483"
"P09-4007","N10-1128","0.534483"
"N10-1128","P10-4002","0.974483"
"P10-4002","N10-1128","0.974483"
"N10-1128","P11-1042","1.38004"
"P11-1042","N10-1128","1.38004"
"N10-1128","P11-2031","0.159483"
"P11-2031","N10-1128","0.159483"
"N10-1128","P12-1002","0.324483"
"P12-1002","N10-1128","0.324483"
"N10-1128","Q14-1031","0.0344828"
"Q14-1031","N10-1128","0.0344828"
"N10-1128","W09-0424","0.130038"
"W09-0424","N10-1128","0.130038"
"N10-1128","W09-0426","0.505038"
"W09-0426","N10-1128","0.505038"
"N10-1128","W10-1707","0.380038"
"W10-1707","N10-1128","0.380038"
"N10-1128","W10-1718","0.901149"
"W10-1718","N10-1128","0.901149"
"N10-1128","W11-2139","0.524483"
"W11-2139","N10-1128","0.524483"
"N10-1128","W13-2205","0.326149"
"W13-2205","N10-1128","0.326149"
"N10-1128","W13-2234","0.0744828"
"W13-2234","N10-1128","0.0744828"
"N10-1128","W14-0311","0.0344828"
"W14-0311","N10-1128","0.0344828"
"N10-1128","W14-3315","0.256705"
"W14-3315","N10-1128","0.256705"
"N13-1073","N13-1076","0.0344828"
"N13-1076","N13-1073","0.0344828"
"N13-1073","P09-1019","0.0344828"
"P09-1019","N13-1073","0.0344828"
"N13-1073","P09-1088","0.340038"
"P09-1088","N13-1073","0.340038"
"N13-1073","P09-4007","0.0344828"
"P09-4007","N13-1073","0.0344828"
"N13-1073","P10-4002","0.0844828"
"P10-4002","N13-1073","0.0844828"
"N13-1073","P11-1042","0.465038"
"P11-1042","N13-1073","0.465038"
"N13-1073","P11-2031","0.0344828"
"P11-2031","N13-1073","0.0344828"
"N13-1073","P12-1002","0.0344828"
"P12-1002","N13-1073","0.0344828"
"N13-1073","Q14-1031","0.0844828"
"Q14-1031","N13-1073","0.0844828"
"N13-1073","W09-0424","0.0900383"
"W09-0424","N13-1073","0.0900383"
"N13-1073","W09-0426","0.0900383"
"W09-0426","N13-1073","0.0900383"
"N13-1073","W10-1707","0.0900383"
"W10-1707","N13-1073","0.0900383"
"N13-1073","W10-1718","0.0344828"
"W10-1718","N13-1073","0.0344828"
"N13-1073","W11-2139","0.0844828"
"W11-2139","N13-1073","0.0844828"
"N13-1073","W13-2205","0.0344828"
"W13-2205","N13-1073","0.0344828"
"N13-1073","W13-2234","0.0344828"
"W13-2234","N13-1073","0.0344828"
"N13-1073","W14-0311","0.0344828"
"W14-0311","N13-1073","0.0344828"
"N13-1073","W14-3315","0.0900383"
"W14-3315","N13-1073","0.0900383"
"N13-1076","P09-1019","0.0630542"
"P09-1019","N13-1076","0.0630542"
"N13-1076","P09-1088","0.165554"
"P09-1088","N13-1076","0.165554"
"N13-1076","P09-4007","0.0969828"
"P09-4007","N13-1076","0.0969828"
"N13-1076","P10-4002","0.265554"
"P10-4002","N13-1076","0.265554"
"N13-1076","P11-1042","0.437537"
"P11-1042","N13-1076","0.437537"
"N13-1076","P11-2031","1.26004"
"P11-2031","N13-1076","1.26004"
"N13-1076","P12-1002","0.137537"
"P12-1002","N13-1076","0.137537"
"N13-1076","Q14-1031","0.0975369"
"Q14-1031","N13-1076","0.0975369"
"N13-1076","W09-0424","0.136983"
"W09-0424","N13-1076","0.136983"
"N13-1076","W09-0426","0.237537"
"W09-0426","N13-1076","0.237537"
"N13-1076","W10-1707","0.237537"
"W10-1707","N13-1076","0.237537"
"N13-1076","W10-1718","0.134483"
"W10-1718","N13-1076","0.134483"
"N13-1076","W11-2139","0.137537"
"W11-2139","N13-1076","0.137537"
"N13-1076","W13-2205","0.197537"
"W13-2205","N13-1076","0.197537"
"N13-1076","W13-2234","0.165554"
"W13-2234","N13-1076","0.165554"
"N13-1076","W14-0311","0.168966"
"W14-0311","N13-1076","0.168966"
"N13-1076","W14-3315","0.0975369"
"W14-3315","N13-1076","0.0975369"
"P09-1019","P09-1088","0.432102"
"P09-1088","P09-1019","0.432102"
"P09-1019","P09-4007","0.355911"
"P09-4007","P09-1019","0.355911"
"P09-1019","P10-4002","0.0987685"
"P10-4002","P09-1019","0.0987685"
"P09-1019","P11-1042","0.0630542"
"P11-1042","P09-1019","0.0630542"
"P09-1019","P11-2031","0.0987685"
"P11-2031","P09-1019","0.0987685"
"P09-1019","P12-1002","0.432102"
"P12-1002","P09-1019","0.432102"
"P09-1019","Q14-1031","0.0987685"
"Q14-1031","P09-1019","0.0987685"
"P09-1019","W09-0424","0.522578"
"W09-0424","P09-1019","0.522578"
"P09-1019","W09-0426","0.408292"
"W09-0426","P09-1019","0.408292"
"P09-1019","W10-1707","0.265435"
"W10-1707","P09-1019","0.265435"
"P09-1019","W10-1718","0.236864"
"W10-1718","P09-1019","0.236864"
"P09-1019","W11-2139","0.408292"
"W11-2139","P09-1019","0.408292"
"P09-1019","W13-2205","0.372578"
"W13-2205","P09-1019","0.372578"
"P09-1019","W13-2234","0.205911"
"W13-2234","P09-1019","0.205911"
"P09-1019","W14-0311","0.0344828"
"W14-0311","P09-1019","0.0344828"
"P09-1019","W14-3315","0.229721"
"W14-3315","P09-1019","0.229721"
"P09-1088","P09-4007","0.132697"
"P09-4007","P09-1088","0.132697"
"P09-1088","P10-4002","0.251268"
"P10-4002","P09-1088","0.251268"
"P09-1088","P11-1042","0.40861"
"P11-1042","P09-1088","0.40861"
"P09-1088","P11-2031","0.161268"
"P11-2031","P09-1088","0.161268"
"P09-1088","P12-1002","0.472102"
"P12-1002","P09-1088","0.472102"
"P09-1088","Q14-1031","0.148768"
"Q14-1031","P09-1088","0.148768"
"P09-1088","W09-0424","0.228253"
"W09-0424","P09-1088","0.228253"
"P09-1088","W09-0426","0.194324"
"W09-0426","P09-1088","0.194324"
"P09-1088","W10-1707","0.194324"
"W10-1707","P09-1088","0.194324"
"P09-1088","W10-1718","0.270197"
"W10-1718","P09-1088","0.270197"
"P09-1088","W11-2139","0.188768"
"W11-2139","P09-1088","0.188768"
"P09-1088","W13-2205","0.0630542"
"W13-2205","P09-1088","0.0630542"
"P09-1088","W13-2234","0.498888"
"W13-2234","P09-1088","0.498888"
"P09-1088","W14-0311","0.0344828"
"W14-0311","P09-1088","0.0344828"
"P09-1088","W14-3315","0.11861"
"W14-3315","P09-1088","0.11861"
"P09-4007","P10-4002","0.924364"
"P10-4002","P09-4007","0.924364"
"P09-4007","P11-1042","0.0344828"
"P11-1042","P09-4007","0.0344828"
"P09-4007","P11-2031","0.132697"
"P11-2031","P09-4007","0.132697"
"P09-4007","P12-1002","0.195197"
"P12-1002","P09-4007","0.195197"
"P09-4007","Q14-1031","0.070197"
"Q14-1031","P09-4007","0.070197"
"P09-4007","W09-0424","5.37674"
"W09-0424","P09-4007","5.37674"
"P09-4007","W09-0426","0.671387"
"W09-0426","P09-4007","0.671387"
"P09-4007","W10-1707","0.40353"
"W10-1707","P09-4007","0.40353"
"P09-4007","W10-1718","1.86186"
"W10-1718","P09-4007","1.86186"
"P09-4007","W11-2139","0.213054"
"W11-2139","P09-4007","0.213054"
"P09-4007","W13-2205","0.17734"
"W13-2205","P09-4007","0.17734"
"P09-4007","W13-2234","0.23984"
"W13-2234","P09-4007","0.23984"
"P09-4007","W14-0311","0.0344828"
"W14-0311","P09-4007","0.0344828"
"P09-4007","W14-3315","0.0344828"
"W14-3315","P09-4007","0.0344828"
"P10-4002","P11-1042","2.00305"
"P11-1042","P10-4002","2.00305"
"P10-4002","P11-2031","0.386268"
"P11-2031","P10-4002","0.386268"
"P10-4002","P12-1002","1.01377"
"P12-1002","P10-4002","1.01377"
"P10-4002","Q14-1031","0.148768"
"Q14-1031","P10-4002","0.148768"
"P10-4002","W09-0424","0.964364"
"W09-0424","P10-4002","0.964364"
"P10-4002","W09-0426","0.881626"
"W09-0426","P10-4002","0.881626"
"P10-4002","W10-1707","0.488768"
"W10-1707","P10-4002","0.488768"
"P10-4002","W10-1718","1.47139"
"W10-1718","P10-4002","1.47139"
"P10-4002","W11-2139","0.638768"
"W11-2139","P10-4002","0.638768"
"P10-4002","W13-2205","0.288054"
"W13-2205","P10-4002","0.288054"
"P10-4002","W13-2234","0.165554"
"W13-2234","P10-4002","0.165554"
"P10-4002","W14-0311","0.134483"
"W14-0311","P10-4002","0.134483"
"P10-4002","W14-3315","0.0630542"
"W14-3315","P10-4002","0.0630542"
"P11-1042","P11-2031","0.322537"
"P11-2031","P11-1042","0.322537"
"P11-1042","P12-1002","0.387537"
"P12-1002","P11-1042","0.387537"
"P11-1042","Q14-1031","0.397537"
"Q14-1031","P11-1042","0.397537"
"P11-1042","W09-0424","0.130038"
"W09-0424","P11-1042","0.130038"
"P11-1042","W09-0426","0.584759"
"W09-0426","P11-1042","0.584759"
"P11-1042","W10-1707","0.293092"
"W10-1707","P11-1042","0.293092"
"P11-1042","W10-1718","0.134483"
"W10-1718","P11-1042","0.134483"
"P11-1042","W11-2139","1.93754"
"W11-2139","P11-1042","1.93754"
"P11-1042","W13-2205","0.572537"
"W13-2205","P11-1042","0.572537"
"P11-1042","W13-2234","1.18639"
"W13-2234","P11-1042","1.18639"
"P11-1042","W14-0311","0.168966"
"W14-0311","P11-1042","0.168966"
"P11-1042","W14-3315","0.236426"
"W14-3315","P11-1042","0.236426"
"P11-2031","W09-0424","0.132697"
"W09-0424","P11-2031","0.132697"
"P11-2031","W09-0426","0.469362"
"W09-0426","P11-2031","0.469362"
"P11-2031","W10-1707","0.344362"
"W10-1707","P11-2031","0.344362"
"P11-2031","W10-1718","0.170197"
"W10-1718","P11-2031","0.170197"
"P11-2031","W13-2205","0.322537"
"W13-2205","P11-2031","0.322537"
"P11-2031","W13-2234","0.125554"
"W13-2234","P11-2031","0.125554"
"P11-2031","W14-0311","0.168966"
"W14-0311","P11-2031","0.168966"
"P11-2031","W14-3315","0.208648"
"W14-3315","P11-2031","0.208648"
"P12-1002","W09-0424","0.235197"
"W09-0424","P12-1002","0.235197"
"P12-1002","W09-0426","0.534362"
"W09-0426","P12-1002","0.534362"
"P12-1002","W10-1707","0.284362"
"W10-1707","P12-1002","0.284362"
"P12-1002","W10-1718","0.695197"
"W10-1718","P12-1002","0.695197"
"P12-1002","W13-2205","1.31345"
"W13-2205","P12-1002","1.31345"
"P12-1002","W13-2234","0.353054"
"W13-2234","P12-1002","0.353054"
"P12-1002","W14-0311","0.159875"
"W14-0311","P12-1002","0.159875"
"P12-1002","W14-3315","0.299557"
"W14-3315","P12-1002","0.299557"
"Q14-1031","W09-0424","0.070197"
"W09-0424","Q14-1031","0.070197"
"Q14-1031","W09-0426","0.299918"
"W09-0426","Q14-1031","0.299918"
"Q14-1031","W10-1707","0.133251"
"W10-1707","Q14-1031","0.133251"
"Q14-1031","W10-1718","0.070197"
"W10-1718","Q14-1031","0.070197"
"Q14-1031","W13-2205","0.347537"
"W13-2205","Q14-1031","0.347537"
"Q14-1031","W13-2234","0.896388"
"W13-2234","Q14-1031","0.896388"
"Q14-1031","W14-0311","0.0689655"
"W14-0311","Q14-1031","0.0689655"
"Q14-1031","W14-3315","0.18087"
"W14-3315","Q14-1031","0.18087"
"W09-0424","W09-0426","0.93361"
"W09-0426","W09-0424","0.93361"
"W09-0424","W10-1707","0.665753"
"W10-1707","W09-0424","0.665753"
"W09-0424","W10-1718","1.36186"
"W10-1718","W09-0424","1.36186"
"W09-0424","W11-2139","0.419721"
"W11-2139","W09-0424","0.419721"
"W09-0424","W13-2205","0.17734"
"W13-2205","W09-0424","0.17734"
"W09-0424","W13-2234","0.27984"
"W13-2234","W09-0424","0.27984"
"W09-0424","W14-0311","0.0344828"
"W14-0311","W09-0424","0.0344828"
"W09-0424","W14-3315","0.0900383"
"W14-3315","W09-0424","0.0900383"
"W09-0426","W10-1707","2.18992"
"W10-1707","W09-0426","2.18992"
"W09-0426","W10-1718","0.438054"
"W10-1718","W09-0426","0.438054"
"W09-0426","W11-2139","0.742696"
"W11-2139","W09-0426","0.742696"
"W09-0426","W13-2205","0.489204"
"W13-2205","W09-0426","0.489204"
"W09-0426","W13-2234","0.103054"
"W13-2234","W09-0426","0.103054"
"W09-0426","W14-0311","0.168966"
"W14-0311","W09-0426","0.168966"
"W09-0426","W14-3315","0.264204"
"W14-3315","W09-0426","0.264204"
"W10-1707","W10-1718","0.170197"
"W10-1718","W10-1707","0.170197"
"W10-1707","W11-2139","0.784362"
"W11-2139","W10-1707","0.784362"
"W10-1707","W13-2205","0.53087"
"W13-2205","W10-1707","0.53087"
"W10-1707","W13-2234","0.103054"
"W13-2234","W10-1707","0.103054"
"W10-1707","W14-0311","0.168966"
"W14-0311","W10-1707","0.168966"
"W10-1707","W14-3315","0.264204"
"W14-3315","W10-1707","0.264204"
"W10-1718","W11-2139","0.270197"
"W11-2139","W10-1718","0.270197"
"W10-1718","W13-2205","0.301149"
"W13-2205","W10-1718","0.301149"
"W10-1718","W13-2234","0.0344828"
"W13-2234","W10-1718","0.0344828"
"W10-1718","W14-0311","0.134483"
"W14-0311","W10-1718","0.134483"
"W10-1718","W14-3315","0.201149"
"W14-3315","W10-1718","0.201149"
"W11-2139","W13-2205","1.03323"
"W13-2205","W11-2139","1.03323"
"W11-2139","W13-2234","1.24591"
"W13-2234","W11-2139","1.24591"
"W11-2139","W14-0311","0.159875"
"W14-0311","W11-2139","0.159875"
"W11-2139","W14-3315","0.37648"
"W14-3315","W11-2139","0.37648"
"W13-2205","W13-2234","0.289245"
"W13-2234","W13-2205","0.289245"
"W13-2205","W14-0311","0.593208"
"W14-0311","W13-2205","0.593208"
"W13-2205","W14-3315","5.186"
"W14-3315","W13-2205","5.186"
"W13-2234","W14-0311","0.17734"
"W14-0311","W13-2234","0.17734"
"W13-2234","W14-3315","0.146388"
"W14-3315","W13-2234","0.146388"
"W14-0311","W14-3315","0.493208"
"W14-3315","W14-0311","0.493208"
"2012.amta-papers.4","D19-1594","0.5"
"D19-1594","2012.amta-papers.4","0.5"
"2012.amta-papers.4","P15-2036","0.5"
"P15-2036","2012.amta-papers.4","0.5"
"D19-1594","P15-2036","0.5"
"P15-2036","D19-1594","0.5"
"2012.amta-papers.4","C16-1328","0.0344828"
"C16-1328","2012.amta-papers.4","0.0344828"
"2012.amta-papers.4","D10-1052","0.0344828"
"D10-1052","2012.amta-papers.4","0.0344828"
"2012.amta-papers.4","E14-1049","0.0344828"
"E14-1049","2012.amta-papers.4","0.0344828"
"2012.amta-papers.4","E14-1065","0.146388"
"E14-1065","2012.amta-papers.4","0.146388"
"2012.amta-papers.4","N15-1144","0.0344828"
"N15-1144","2012.amta-papers.4","0.0344828"
"2012.amta-papers.4","N16-1087","0.0630542"
"N16-1087","2012.amta-papers.4","0.0630542"
"2012.amta-papers.4","N18-1130","0.0344828"
"N18-1130","2012.amta-papers.4","0.0344828"
"2012.amta-papers.4","P15-1077","0.0344828"
"P15-1077","2012.amta-papers.4","0.0344828"
"2012.amta-papers.4","P15-2021","0.0630542"
"P15-2021","2012.amta-papers.4","0.0630542"
"2012.amta-papers.4","P16-1103","0.117816"
"P16-1103","2012.amta-papers.4","0.117816"
"2012.amta-papers.4","W12-4410","0.0344828"
"W12-4410","2012.amta-papers.4","0.0344828"
"C12-1022","C16-1328","0.0344828"
"C16-1328","C12-1022","0.0344828"
"C12-1022","D10-1052","0.070197"
"D10-1052","C12-1022","0.070197"
"C12-1022","E14-1049","0.0344828"
"E14-1049","C12-1022","0.0344828"
"C12-1022","E14-1065","0.070197"
"E14-1065","C12-1022","0.070197"
"C12-1022","N13-1025","0.070197"
"N13-1025","C12-1022","0.070197"
"C12-1022","N15-1144","0.0344828"
"N15-1144","C12-1022","0.0344828"
"C12-1022","N16-1087","0.070197"
"N16-1087","C12-1022","0.070197"
"C12-1022","N18-1130","0.0344828"
"N18-1130","C12-1022","0.0344828"
"C12-1022","P15-1077","0.0344828"
"P15-1077","C12-1022","0.0344828"
"C12-1022","P15-2021","0.070197"
"P15-2021","C12-1022","0.070197"
"C12-1022","P16-1103","0.145594"
"P16-1103","C12-1022","0.145594"
"C12-1022","W12-4410","0.145594"
"W12-4410","C12-1022","0.145594"
"C16-1328","D10-1052","0.0344828"
"D10-1052","C16-1328","0.0344828"
"C16-1328","D12-1021","0.0344828"
"D12-1021","C16-1328","0.0344828"
"C16-1328","D13-1174","0.0344828"
"D13-1174","C16-1328","0.0344828"
"C16-1328","D14-1158","0.0344828"
"D14-1158","C16-1328","0.0344828"
"C16-1328","D14-1210","0.0344828"
"D14-1210","C16-1328","0.0344828"
"C16-1328","E14-1042","0.0344828"
"E14-1042","C16-1328","0.0344828"
"C16-1328","E14-1049","0.0344828"
"E14-1049","C16-1328","0.0344828"
"C16-1328","E14-1065","0.0344828"
"E14-1065","C16-1328","0.0344828"
"C16-1328","N13-1025","0.0344828"
"N13-1025","C16-1328","0.0344828"
"C16-1328","N13-1076","0.0344828"
"N13-1076","C16-1328","0.0344828"
"C16-1328","N15-1144","0.0344828"
"N15-1144","C16-1328","0.0344828"
"C16-1328","N16-1087","0.0344828"
"N16-1087","C16-1328","0.0344828"
"C16-1328","N18-1130","0.0344828"
"N18-1130","C16-1328","0.0344828"
"C16-1328","P11-1042","0.0344828"
"P11-1042","C16-1328","0.0344828"
"C16-1328","P11-2031","0.0344828"
"P11-2031","C16-1328","0.0344828"
"C16-1328","P12-1002","0.0344828"
"P12-1002","C16-1328","0.0344828"
"C16-1328","P15-1077","0.0344828"
"P15-1077","C16-1328","0.0344828"
"C16-1328","P15-2021","0.0344828"
"P15-2021","C16-1328","0.0344828"
"C16-1328","P16-1103","0.0344828"
"P16-1103","C16-1328","0.0344828"
"C16-1328","Q14-1031","0.0344828"
"Q14-1031","C16-1328","0.0344828"
"C16-1328","W09-0426","0.0344828"
"W09-0426","C16-1328","0.0344828"
"C16-1328","W10-1707","0.0344828"
"W10-1707","C16-1328","0.0344828"
"C16-1328","W11-2139","0.0344828"
"W11-2139","C16-1328","0.0344828"
"C16-1328","W12-4410","0.0344828"
"W12-4410","C16-1328","0.0344828"
"C16-1328","W13-2205","0.0344828"
"W13-2205","C16-1328","0.0344828"
"C16-1328","W14-0311","0.0344828"
"W14-0311","C16-1328","0.0344828"
"C16-1328","W14-3315","0.0344828"
"W14-3315","C16-1328","0.0344828"
"D10-1052","D12-1021","1.78282"
"D12-1021","D10-1052","1.78282"
"D10-1052","D13-1174","0.0844828"
"D13-1174","D10-1052","0.0844828"
"D10-1052","D14-1158","0.0344828"
"D14-1158","D10-1052","0.0344828"
"D10-1052","D14-1210","0.310197"
"D14-1210","D10-1052","0.310197"
"D10-1052","E14-1042","0.070197"
"E14-1042","D10-1052","0.070197"
"D10-1052","E14-1049","0.0344828"
"E14-1049","D10-1052","0.0344828"
"D10-1052","E14-1065","0.110197"
"E14-1065","D10-1052","0.110197"
"D10-1052","N13-1025","0.570197"
"N13-1025","D10-1052","0.570197"
"D10-1052","N13-1076","0.0744828"
"N13-1076","D10-1052","0.0744828"
"D10-1052","N15-1144","0.0344828"
"N15-1144","D10-1052","0.0344828"
"D10-1052","N16-1087","0.070197"
"N16-1087","D10-1052","0.070197"
"D10-1052","N18-1130","0.0344828"
"N18-1130","D10-1052","0.0344828"
"D10-1052","P11-1042","0.749483"
"P11-1042","D10-1052","0.749483"
"D10-1052","P11-2031","0.070197"
"P11-2031","D10-1052","0.070197"
"D10-1052","P12-1002","0.610197"
"P12-1002","D10-1052","0.610197"
"D10-1052","P15-1077","0.0344828"
"P15-1077","D10-1052","0.0344828"
"D10-1052","P15-2021","0.070197"
"P15-2021","D10-1052","0.070197"
"D10-1052","P16-1103","0.0844828"
"P16-1103","D10-1052","0.0844828"
"D10-1052","Q14-1031","0.120197"
"Q14-1031","D10-1052","0.120197"
"D10-1052","W09-0426","1.6102"
"W09-0426","D10-1052","1.6102"
"D10-1052","W10-1707","0.110197"
"W10-1707","D10-1052","0.110197"
"D10-1052","W11-2139","0.160197"
"W11-2139","D10-1052","0.160197"
"D10-1052","W12-4410","0.0344828"
"W12-4410","D10-1052","0.0344828"
"D10-1052","W13-2205","0.0344828"
"W13-2205","D10-1052","0.0344828"
"D10-1052","W14-0311","0.0344828"
"W14-0311","D10-1052","0.0344828"
"D10-1052","W14-3315","0.0344828"
"W14-3315","D10-1052","0.0344828"
"D12-1021","E14-1049","0.0344828"
"E14-1049","D12-1021","0.0344828"
"D12-1021","E14-1065","0.103054"
"E14-1065","D12-1021","0.103054"
"D12-1021","N13-1025","0.11861"
"N13-1025","D12-1021","0.11861"
"D12-1021","N15-1144","0.0344828"
"N15-1144","D12-1021","0.0344828"
"D12-1021","N16-1087","0.263054"
"N16-1087","D12-1021","0.263054"
"D12-1021","N18-1130","0.534483"
"N18-1130","D12-1021","0.534483"
"D12-1021","P15-1077","0.0344828"
"P15-1077","D12-1021","0.0344828"
"D12-1021","P15-2021","0.0630542"
"P15-2021","D12-1021","0.0630542"
"D12-1021","P16-1103","0.0844828"
"P16-1103","D12-1021","0.0844828"
"D12-1021","W12-4410","0.0344828"
"W12-4410","D12-1021","0.0344828"
"D13-1174","E14-1049","0.0344828"
"E14-1049","D13-1174","0.0344828"
"D13-1174","E14-1065","1.90353"
"E14-1065","D13-1174","1.90353"
"D13-1174","N13-1025","0.242816"
"N13-1025","D13-1174","0.242816"
"D13-1174","N15-1144","0.0344828"
"N15-1144","D13-1174","0.0344828"
"D13-1174","N16-1087","0.0344828"
"N16-1087","D13-1174","0.0344828"
"D13-1174","N18-1130","0.0344828"
"N18-1130","D13-1174","0.0344828"
"D13-1174","P15-1077","0.0344828"
"P15-1077","D13-1174","0.0344828"
"D13-1174","P15-2021","0.820197"
"P15-2021","D13-1174","0.820197"
"D13-1174","P16-1103","0.810673"
"P16-1103","D13-1174","0.810673"
"D13-1174","W12-4410","0.0344828"
"W12-4410","D13-1174","0.0344828"
"D14-1158","E14-1049","0.0344828"
"E14-1049","D14-1158","0.0344828"
"D14-1158","E14-1065","0.146388"
"E14-1065","D14-1158","0.146388"
"D14-1158","N15-1144","0.0344828"
"N15-1144","D14-1158","0.0344828"
"D14-1158","N16-1087","0.0630542"
"N16-1087","D14-1158","0.0630542"
"D14-1158","N18-1130","0.0344828"
"N18-1130","D14-1158","0.0344828"
"D14-1158","P15-1077","0.0344828"
"P15-1077","D14-1158","0.0344828"
"D14-1158","P15-2021","0.153963"
"P15-2021","D14-1158","0.153963"
"D14-1158","P16-1103","0.117816"
"P16-1103","D14-1158","0.117816"
"D14-1158","W12-4410","0.0344828"
"W12-4410","D14-1158","0.0344828"
"D14-1210","E14-1049","0.0344828"
"E14-1049","D14-1210","0.0344828"
"D14-1210","E14-1065","0.138768"
"E14-1065","D14-1210","0.138768"
"D14-1210","N13-1025","0.0987685"
"N13-1025","D14-1210","0.0987685"
"D14-1210","N15-1144","0.234483"
"N15-1144","D14-1210","0.234483"
"D14-1210","N16-1087","1.29877"
"N16-1087","D14-1210","1.29877"
"D14-1210","N18-1130","0.0344828"
"N18-1130","D14-1210","0.0344828"
"D14-1210","P15-1077","0.0344828"
"P15-1077","D14-1210","0.0344828"
"D14-1210","P15-2021","0.0987685"
"P15-2021","D14-1210","0.0987685"
"D14-1210","P16-1103","0.0344828"
"P16-1103","D14-1210","0.0344828"
"D14-1210","W12-4410","0.0344828"
"W12-4410","D14-1210","0.0344828"
"E14-1042","E14-1049","0.0344828"
"E14-1049","E14-1042","0.0344828"
"E14-1042","E14-1065","0.324959"
"E14-1065","E14-1042","0.324959"
"E14-1042","N13-1025","1.3071"
"N13-1025","E14-1042","1.3071"
"E14-1042","N15-1144","0.0344828"
"N15-1144","E14-1042","0.0344828"
"E14-1042","N16-1087","0.432102"
"N16-1087","E14-1042","0.432102"
"E14-1042","N18-1130","0.0344828"
"N18-1130","E14-1042","0.0344828"
"E14-1042","P15-1077","0.0344828"
"P15-1077","E14-1042","0.0344828"
"E14-1042","P15-2021","0.241626"
"P15-2021","E14-1042","0.241626"
"E14-1042","P16-1103","0.451149"
"P16-1103","E14-1042","0.451149"
"E14-1042","W12-4410","0.0344828"
"W12-4410","E14-1042","0.0344828"
"E14-1049","E14-1065","0.0344828"
"E14-1065","E14-1049","0.0344828"
"E14-1049","N13-1025","0.0344828"
"N13-1025","E14-1049","0.0344828"
"E14-1049","N13-1076","1.03448"
"N13-1076","E14-1049","1.03448"
"E14-1049","N15-1144","0.0344828"
"N15-1144","E14-1049","0.0344828"
"E14-1049","N16-1087","0.0344828"
"N16-1087","E14-1049","0.0344828"
"E14-1049","N18-1130","0.0344828"
"N18-1130","E14-1049","0.0344828"
"E14-1049","P11-1042","0.0344828"
"P11-1042","E14-1049","0.0344828"
"E14-1049","P11-2031","0.0344828"
"P11-2031","E14-1049","0.0344828"
"E14-1049","P12-1002","0.0344828"
"P12-1002","E14-1049","0.0344828"
"E14-1049","P15-1077","0.784483"
"P15-1077","E14-1049","0.784483"
"E14-1049","P15-2021","0.534483"
"P15-2021","E14-1049","0.534483"
"E14-1049","P16-1103","0.0344828"
"P16-1103","E14-1049","0.0344828"
"E14-1049","Q14-1031","0.0344828"
"Q14-1031","E14-1049","0.0344828"
"E14-1049","W09-0426","0.0344828"
"W09-0426","E14-1049","0.0344828"
"E14-1049","W10-1707","0.0344828"
"W10-1707","E14-1049","0.0344828"
"E14-1049","W11-2139","0.0844828"
"W11-2139","E14-1049","0.0844828"
"E14-1049","W12-4410","0.0344828"
"W12-4410","E14-1049","0.0344828"
"E14-1049","W13-2205","0.0344828"
"W13-2205","E14-1049","0.0344828"
"E14-1049","W14-0311","0.0344828"
"W14-0311","E14-1049","0.0344828"
"E14-1049","W14-3315","0.0344828"
"W14-3315","E14-1049","0.0344828"
"E14-1065","N13-1025","0.182102"
"N13-1025","E14-1065","0.182102"
