"2009.jeptalnrecital-court.40","P09-2003","4.28333"
"P09-2003","2009.jeptalnrecital-court.40","4.28333"
"2009.jeptalnrecital-court.40","J13-1006","0.2"
"J13-1006","2009.jeptalnrecital-court.40","0.2"
"2009.jeptalnrecital-court.40","W08-1701","0.2"
"W08-1701","2009.jeptalnrecital-court.40","0.2"
"2009.jeptalnrecital-court.40","W08-2316","0.2"
"W08-2316","2009.jeptalnrecital-court.40","0.2"
"2009.jeptalnrecital-court.40","W09-3810","0.2"
"W09-3810","2009.jeptalnrecital-court.40","0.2"
"J13-1006","P09-2003","0.842857"
"P09-2003","J13-1006","0.842857"
"J13-1006","W08-1701","0.2"
"W08-1701","J13-1006","0.2"
"J13-1006","W08-2316","0.2"
"W08-2316","J13-1006","0.2"
"J13-1006","W09-3810","0.342857"
"W09-3810","J13-1006","0.342857"
"P09-2003","W08-1701","0.7"
"W08-1701","P09-2003","0.7"
"P09-2003","W08-2316","0.7"
"W08-2316","P09-2003","0.7"
"P09-2003","W09-3810","0.342857"
"W09-3810","P09-2003","0.342857"
"W08-1701","W08-2316","2.7"
"W08-2316","W08-1701","2.7"
"W08-1701","W09-3810","0.2"
"W09-3810","W08-1701","0.2"
"W08-2316","W09-3810","0.2"
"W09-3810","W08-2316","0.2"
"2009.jeptalnrecital-court.40","N15-1134","1.08333"
"N15-1134","2009.jeptalnrecital-court.40","1.08333"
"2009.jeptalnrecital-court.40","W09-3808","0.583333"
"W09-3808","2009.jeptalnrecital-court.40","0.583333"
"N15-1134","P09-2003","1.08333"
"P09-2003","N15-1134","1.08333"
"N15-1134","W09-3808","0.583333"
"W09-3808","N15-1134","0.583333"
"P09-2003","W09-3808","0.72619"
"W09-3808","P09-2003","0.72619"
"2009.jeptalnrecital-court.40","W13-5713","0.25"
"W13-5713","2009.jeptalnrecital-court.40","0.25"
"N15-1134","W13-5713","1.5"
"W13-5713","N15-1134","1.5"
"P09-2003","W13-5713","0.75"
"W13-5713","P09-2003","0.75"
"W09-3808","W13-5713","0.45"
"W13-5713","W09-3808","0.45"
"2020.sigdial-1.38","2021.sigdial-1.42","5"
"2021.sigdial-1.42","2020.sigdial-1.38","5"
"C10-1061","J13-1006","15.0036"
"J13-1006","C10-1061","15.0036"
"C10-1061","kubler-etal-2008-compare","0.410714"
"kubler-etal-2008-compare","C10-1061","0.410714"
"C10-1061","P15-1116","1.61905"
"P15-1116","C10-1061","1.61905"
"C10-1061","W10-1407","3.23571"
"W10-1407","C10-1061","3.23571"
"C10-1061","W12-4615","3.13452"
"W12-4615","C10-1061","3.13452"
"C10-1061","W13-4917","1.41071"
"W13-4917","C10-1061","1.41071"
"C10-1061","W14-6101","1.26786"
"W14-6101","C10-1061","1.26786"
"J13-1006","kubler-etal-2008-compare","0.410714"
"kubler-etal-2008-compare","J13-1006","0.410714"
"J13-1006","P15-1116","1.70238"
"P15-1116","J13-1006","1.70238"
"J13-1006","W10-1407","2.44405"
"W10-1407","J13-1006","2.44405"
"J13-1006","W12-4615","2.46786"
"W12-4615","J13-1006","2.46786"
"J13-1006","W13-4917","1.70238"
"W13-4917","J13-1006","1.70238"
"J13-1006","W14-6101","1.05952"
"W14-6101","J13-1006","1.05952"
"kubler-etal-2008-compare","P15-1116","0.47619"
"P15-1116","kubler-etal-2008-compare","0.47619"
"kubler-etal-2008-compare","W10-1407","0.60119"
"W10-1407","kubler-etal-2008-compare","0.60119"
"kubler-etal-2008-compare","W12-4615","0.267857"
"W12-4615","kubler-etal-2008-compare","0.267857"
"kubler-etal-2008-compare","W13-4917","1.78571"
"W13-4917","kubler-etal-2008-compare","1.78571"
"kubler-etal-2008-compare","W14-6101","0.642857"
"W14-6101","kubler-etal-2008-compare","0.642857"
"P15-1116","W10-1407","0.785714"
"W10-1407","P15-1116","0.785714"
"P15-1116","W12-4615","0.809524"
"W12-4615","P15-1116","0.809524"
"P15-1116","W13-4917","1.30952"
"W13-4917","P15-1116","1.30952"
"P15-1116","W14-6101","0.392857"
"W14-6101","P15-1116","0.392857"
"W10-1407","W12-4615","1.05119"
"W12-4615","W10-1407","1.05119"
"W10-1407","W13-4917","1.60119"
"W13-4917","W10-1407","1.60119"
"W10-1407","W14-6101","0.60119"
"W14-6101","W10-1407","0.60119"
"W12-4615","W13-4917","0.809524"
"W13-4917","W12-4615","0.809524"
"W12-4615","W14-6101","0.142857"
"W14-6101","W12-4615","0.142857"
"W13-4917","W14-6101","4.85119"
"W14-6101","W13-4917","4.85119"
"C10-1061","P06-3004","1.22619"
"P06-3004","C10-1061","1.22619"
"C10-1061","W06-1614","0.892857"
"W06-1614","C10-1061","0.892857"
"P06-3004","W06-1614","0.892857"
"W06-1614","P06-3004","0.892857"
"C10-1061","W10-4415","4.20238"
"W10-4415","C10-1061","4.20238"
"J13-1006","W10-4415","3.07738"
"W10-4415","J13-1006","3.07738"
"W10-1407","W10-4415","2.72619"
"W10-4415","W10-1407","2.72619"
"C10-1061","W16-0906","0.833333"
"W16-0906","C10-1061","0.833333"
"P15-1116","W10-4415","0.892857"
"W10-4415","P15-1116","0.892857"
"P15-1116","W16-0906","12.0833"
"W16-0906","P15-1116","12.0833"
"W10-4415","W16-0906","0.583333"
"W16-0906","W10-4415","0.583333"
"C10-1061","W09-3808","0.842857"
"W09-3808","C10-1061","0.842857"
"J13-1006","W09-3808","0.842857"
"W09-3808","J13-1006","0.842857"
"W09-3808","W10-4415","0.642857"
"W10-4415","W09-3808","0.642857"
"W09-3808","W12-4615","0.45"
"W12-4615","W09-3808","0.45"
"W10-4415","W12-4615","1.29167"
"W12-4615","W10-4415","1.29167"
"C10-1061","W13-5713","2.25952"
"W13-5713","C10-1061","2.25952"
"J13-1006","W13-5713","2.21786"
"W13-5713","J13-1006","2.21786"
"W09-3808","W10-1407","0.592857"
"W10-1407","W09-3808","0.592857"
"W10-1407","W13-5713","1.11667"
"W13-5713","W10-1407","1.11667"
"W12-4615","W13-5713","0.991667"
"W13-5713","W12-4615","0.991667"
"J13-1006","W16-0906","0.666667"
"W16-0906","J13-1006","0.666667"
"C10-1061","N15-1134","0.333333"
"N15-1134","C10-1061","0.333333"
"J13-1006","N15-1134","0.5"
"N15-1134","J13-1006","0.5"
"J13-1006","P06-3004","0.60119"
"P06-3004","J13-1006","0.60119"
"P06-3004","W10-1407","0.583333"
"W10-1407","P06-3004","0.583333"
"W10-4415","W14-6101","1.45833"
"W14-6101","W10-4415","1.45833"
"J13-1006","W06-1614","0.267857"
"W06-1614","J13-1006","0.267857"
"kubler-etal-2008-compare","P06-3004","0.267857"
"P06-3004","kubler-etal-2008-compare","0.267857"
"kubler-etal-2008-compare","W06-1614","2.26786"
"W06-1614","kubler-etal-2008-compare","2.26786"
"kubler-etal-2008-compare","W10-4415","0.267857"
"W10-4415","kubler-etal-2008-compare","0.267857"
"kubler-etal-2008-compare","W13-5713","0.267857"
"W13-5713","kubler-etal-2008-compare","0.267857"
"P06-3004","W10-4415","0.392857"
"W10-4415","P06-3004","0.392857"
"P06-3004","W12-4615","0.125"
"W12-4615","P06-3004","0.125"
"P06-3004","W13-5713","0.392857"
"W13-5713","P06-3004","0.392857"
"W06-1614","W10-1407","0.25"
"W10-1407","W06-1614","0.25"
"W06-1614","W10-4415","0.392857"
"W10-4415","W06-1614","0.392857"
"W06-1614","W12-4615","0.125"
"W12-4615","W06-1614","0.125"
"W06-1614","W13-5713","0.392857"
"W13-5713","W06-1614","0.392857"
"W10-4415","W13-5713","0.559524"
"W13-5713","W10-4415","0.559524"
"C10-1061","P09-2003","1.14286"
"P09-2003","C10-1061","1.14286"
"C10-1061","W09-3810","0.142857"
"W09-3810","C10-1061","0.142857"
"P09-2003","P15-1116","0.142857"
"P15-1116","P09-2003","0.142857"
"P09-2003","W10-1407","0.142857"
"W10-1407","P09-2003","0.142857"
"P09-2003","W10-4415","0.142857"
"W10-4415","P09-2003","0.142857"
"P15-1116","W09-3808","0.142857"
"W09-3808","P15-1116","0.142857"
"P15-1116","W09-3810","0.142857"
"W09-3810","P15-1116","0.142857"
"W09-3808","W09-3810","0.142857"
"W09-3810","W09-3808","0.142857"
"W09-3810","W10-1407","0.142857"
"W10-1407","W09-3810","0.142857"
"W09-3810","W10-4415","0.142857"
"W10-4415","W09-3810","0.142857"
"C10-1061","E09-1047","0.458333"
"E09-1047","C10-1061","0.458333"
"E09-1047","P06-3004","0.125"
"P06-3004","E09-1047","0.125"
"E09-1047","W06-1614","0.125"
"W06-1614","E09-1047","0.125"
"E09-1047","W10-1407","0.125"
"W10-1407","E09-1047","0.125"
"E09-1047","W10-4415","0.125"
"W10-4415","E09-1047","0.125"
"E09-1047","W13-4917","2.125"
"W13-4917","E09-1047","2.125"
"E09-1047","W13-5713","0.125"
"W13-5713","E09-1047","0.125"
"E09-1047","W14-6101","0.458333"
"W14-6101","E09-1047","0.458333"
"P06-3004","W13-4917","1.26786"
"W13-4917","P06-3004","1.26786"
"P06-3004","W14-6101","0.125"
"W14-6101","P06-3004","0.125"
"W06-1614","W13-4917","1.26786"
"W13-4917","W06-1614","1.26786"
"W06-1614","W14-6101","0.125"
"W14-6101","W06-1614","0.125"
"W10-4415","W13-4917","0.60119"
"W13-4917","W10-4415","0.60119"
"W13-4917","W13-5713","1.93452"
"W13-5713","W13-4917","1.93452"
"W13-5713","W14-6101","0.375"
"W14-6101","W13-5713","0.375"
"C10-1061","maier-etal-2014-discosuite","0.583333"
"maier-etal-2014-discosuite","C10-1061","0.583333"
"J13-1006","maier-etal-2014-discosuite","0.916667"
"maier-etal-2014-discosuite","J13-1006","0.916667"
"maier-etal-2014-discosuite","P15-1116","1.08333"
"P15-1116","maier-etal-2014-discosuite","1.08333"
"maier-etal-2014-discosuite","W16-0906","0.75"
"W16-0906","maier-etal-2014-discosuite","0.75"
"maier-etal-2014-discosuite","W10-4415","0.5"
"W10-4415","maier-etal-2014-discosuite","0.5"
"E09-1047","J13-1006","0.333333"
"J13-1006","E09-1047","0.333333"
"E09-1047","kubler-etal-2008-compare","1"
"kubler-etal-2008-compare","E09-1047","1"
"E09-1047","W12-3624","2"
"W12-3624","E09-1047","2"
"maier-etal-2014-discosuite","W10-1407","0.5"
"W10-1407","maier-etal-2014-discosuite","0.5"
"maier-etal-2014-discosuite","W12-4615","0.666667"
"W12-4615","maier-etal-2014-discosuite","0.666667"
"maier-etal-2014-discosuite","W13-4917","3"
"W13-4917","maier-etal-2014-discosuite","3"
"maier-etal-2014-discosuite","W13-5713","0.333333"
"W13-5713","maier-etal-2014-discosuite","0.333333"
"P15-1116","W13-5713","0.666667"
"W13-5713","P15-1116","0.666667"
"maier-etal-2014-discosuite","N15-1134","0.5"
"N15-1134","maier-etal-2014-discosuite","0.5"
"N15-1134","P15-1116","0.75"
"P15-1116","N15-1134","0.75"
"N15-1134","W12-4615","0.166667"
"W12-4615","N15-1134","0.166667"
"N15-1134","W16-0906","0.75"
"W16-0906","N15-1134","0.75"
"W12-4615","W16-0906","0.166667"
"W16-0906","W12-4615","0.166667"
"W13-5713","W16-0906","0.416667"
"W16-0906","W13-5713","0.416667"
"kallmeyer-etal-2008-developing","maier-etal-2014-discosuite","0.5"
"maier-etal-2014-discosuite","kallmeyer-etal-2008-developing","0.5"
"kallmeyer-etal-2008-developing","W08-1701","0.5"
"W08-1701","kallmeyer-etal-2008-developing","0.5"
"maier-etal-2014-discosuite","W08-1701","0.5"
"W08-1701","maier-etal-2014-discosuite","0.5"
"kallmeyer-etal-2008-developing","W08-2316","2"
"W08-2316","kallmeyer-etal-2008-developing","2"
"kubler-etal-2008-compare","maier-etal-2014-discosuite","0.333333"
"maier-etal-2014-discosuite","kubler-etal-2008-compare","0.333333"
"L16-1658","W16-5808","1.5"
"W16-5808","L16-1658","1.5"
"L16-1658","W14-3912","1.5"
"W14-3912","L16-1658","1.5"
"W14-3912","W16-5808","0.5"
"W16-5808","W14-3912","0.5"
"L18-1315","W17-5517","4.33333"
"W17-5517","L18-1315","4.33333"
"L18-1315","W14-6101","0.333333"
"W14-6101","L18-1315","0.333333"
"L18-1315","W16-5808","0.333333"
"W16-5808","L18-1315","0.333333"
"W14-6101","W16-5808","0.333333"
"W16-5808","W14-6101","0.333333"
"W14-6101","W17-5517","0.333333"
"W17-5517","W14-6101","0.333333"
"W16-5808","W17-5517","0.333333"
"W17-5517","W16-5808","0.333333"
"maier-etal-2014-discosuite","W14-6101","0.5"
"W14-6101","maier-etal-2014-discosuite","0.5"
"maier-etal-2014-discosuite","W12-3624","0.333333"
"W12-3624","maier-etal-2014-discosuite","0.333333"
"W12-3624","W12-4615","0.333333"
"W12-4615","W12-3624","0.333333"
"W12-3624","W13-4917","0.333333"
"W13-4917","W12-3624","0.333333"
"N15-1134","W10-1407","0.5"
"W10-1407","N15-1134","0.5"
"N15-1134","W13-4917","0.25"
"W13-4917","N15-1134","0.25"
"W13-4917","W16-0906","1.75"
"W16-0906","W13-4917","1.75"
"W14-3912","W18-3212","1"
"W18-3212","W14-3912","1"
"W14-3912","W14-4204","1"
"W14-4204","W14-3912","1"
