"1992.tmi-1.9","C92-2070","0.416667"
"C92-2070","1992.tmi-1.9","0.416667"
"1992.tmi-1.9","H92-1045","0.616667"
"H92-1045","1992.tmi-1.9","0.616667"
"1992.tmi-1.9","H93-1052","0.366667"
"H93-1052","1992.tmi-1.9","0.366667"
"1992.tmi-1.9","P92-1032","0.616667"
"P92-1032","1992.tmi-1.9","0.616667"
"1992.tmi-1.9","P94-1013","0.366667"
"P94-1013","1992.tmi-1.9","0.366667"
"1992.tmi-1.9","P95-1026","0.366667"
"P95-1026","1992.tmi-1.9","0.366667"
"C92-2070","H92-1045","0.416667"
"H92-1045","C92-2070","0.416667"
"C92-2070","H93-1052","0.166667"
"H93-1052","C92-2070","0.166667"
"C92-2070","P92-1032","1.91667"
"P92-1032","C92-2070","1.91667"
"C92-2070","P94-1013","0.166667"
"P94-1013","C92-2070","0.166667"
"C92-2070","P95-1026","1.66667"
"P95-1026","C92-2070","1.66667"
"H92-1045","H93-1052","0.366667"
"H93-1052","H92-1045","0.366667"
"H92-1045","P92-1032","0.616667"
"P92-1032","H92-1045","0.616667"
"H92-1045","P94-1013","0.366667"
"P94-1013","H92-1045","0.366667"
"H92-1045","P95-1026","0.366667"
"P95-1026","H92-1045","0.366667"
"H93-1052","P92-1032","0.7"
"P92-1032","H93-1052","0.7"
"H93-1052","P94-1013","0.866667"
"P94-1013","H93-1052","0.866667"
"H93-1052","P95-1026","0.866667"
"P95-1026","H93-1052","0.866667"
"P92-1032","P94-1013","0.7"
"P94-1013","P92-1032","0.7"
"P92-1032","P95-1026","0.866667"
"P95-1026","P92-1032","0.866667"
"P94-1013","P95-1026","1.86667"
"P95-1026","P94-1013","1.86667"
"1992.tmi-1.9","P11-1135","0.25"
"P11-1135","1992.tmi-1.9","0.25"
"C92-2070","P11-1135","0.25"
"P11-1135","C92-2070","0.25"
"H92-1045","P11-1135","0.25"
"P11-1135","H92-1045","0.25"
"P11-1135","P92-1032","0.25"
"P92-1032","P11-1135","0.25"
"2003.mtsummit-semit.11","W03-1002","8.36071"
"W03-1002","2003.mtsummit-semit.11","8.36071"
"2003.mtsummit-semit.11","E12-1014","0.2"
"E12-1014","2003.mtsummit-semit.11","0.2"
"2003.mtsummit-semit.11","N01-1020","0.2"
"N01-1020","2003.mtsummit-semit.11","0.2"
"2003.mtsummit-semit.11","P04-3014","0.7"
"P04-3014","2003.mtsummit-semit.11","0.7"
"2003.mtsummit-semit.11","W18-6011","0.342857"
"W18-6011","2003.mtsummit-semit.11","0.342857"
"E12-1014","N01-1020","0.2"
"N01-1020","E12-1014","0.2"
"E12-1014","P04-3014","0.2"
"P04-3014","E12-1014","0.2"
"E12-1014","W03-1002","0.2"
"W03-1002","E12-1014","0.2"
"E12-1014","W18-6011","0.2"
"W18-6011","E12-1014","0.2"
"N01-1020","P04-3014","0.2"
"P04-3014","N01-1020","0.2"
"N01-1020","W03-1002","0.2"
"W03-1002","N01-1020","0.2"
"N01-1020","W18-6011","0.2"
"W18-6011","N01-1020","0.2"
"P04-3014","W03-1002","0.7"
"W03-1002","P04-3014","0.7"
"P04-3014","W18-6011","0.2"
"W18-6011","P04-3014","0.2"
"W03-1002","W18-6011","0.342857"
"W18-6011","W03-1002","0.342857"
"2003.mtsummit-semit.11","D19-1229","0.142857"
"D19-1229","2003.mtsummit-semit.11","0.142857"
"2003.mtsummit-semit.11","lin-etal-2010-new","0.142857"
"lin-etal-2010-new","2003.mtsummit-semit.11","0.142857"
"2003.mtsummit-semit.11","P00-1016","0.142857"
"P00-1016","2003.mtsummit-semit.11","0.142857"
"2003.mtsummit-semit.11","P11-1135","0.392857"
"P11-1135","2003.mtsummit-semit.11","0.392857"
"2003.mtsummit-semit.11","W09-1117","0.142857"
"W09-1117","2003.mtsummit-semit.11","0.142857"
"D19-1229","lin-etal-2010-new","0.142857"
"lin-etal-2010-new","D19-1229","0.142857"
"D19-1229","P00-1016","0.142857"
"P00-1016","D19-1229","0.142857"
"D19-1229","P11-1135","0.142857"
"P11-1135","D19-1229","0.142857"
"D19-1229","W03-1002","0.142857"
"W03-1002","D19-1229","0.142857"
"D19-1229","W09-1117","0.142857"
"W09-1117","D19-1229","0.142857"
"D19-1229","W18-6011","0.142857"
"W18-6011","D19-1229","0.142857"
"lin-etal-2010-new","P00-1016","0.142857"
"P00-1016","lin-etal-2010-new","0.142857"
"lin-etal-2010-new","P11-1135","0.142857"
"P11-1135","lin-etal-2010-new","0.142857"
"lin-etal-2010-new","W03-1002","0.142857"
"W03-1002","lin-etal-2010-new","0.142857"
"lin-etal-2010-new","W09-1117","0.142857"
"W09-1117","lin-etal-2010-new","0.142857"
"lin-etal-2010-new","W18-6011","0.142857"
"W18-6011","lin-etal-2010-new","0.142857"
"P00-1016","P11-1135","0.142857"
"P11-1135","P00-1016","0.142857"
"P00-1016","W03-1002","0.142857"
"W03-1002","P00-1016","0.142857"
"P00-1016","W09-1117","0.142857"
"W09-1117","P00-1016","0.142857"
"P00-1016","W18-6011","0.142857"
"W18-6011","P00-1016","0.142857"
"P11-1135","W03-1002","0.392857"
"W03-1002","P11-1135","0.392857"
"P11-1135","W09-1117","0.342857"
"W09-1117","P11-1135","0.342857"
"P11-1135","W18-6011","0.142857"
"W18-6011","P11-1135","0.142857"
"W03-1002","W09-1117","0.142857"
"W09-1117","W03-1002","0.142857"
"W09-1117","W18-6011","0.142857"
"W18-6011","W09-1117","0.142857"
"2003.mtsummit-semit.11","C02-1070","0.267857"
"C02-1070","2003.mtsummit-semit.11","0.267857"
"2003.mtsummit-semit.11","H01-1035","0.517857"
"H01-1035","2003.mtsummit-semit.11","0.517857"
"2003.mtsummit-semit.11","N01-1026","0.517857"
"N01-1026","2003.mtsummit-semit.11","0.517857"
"2003.mtsummit-semit.11","S01-1040","0.125"
"S01-1040","2003.mtsummit-semit.11","0.125"
"2003.mtsummit-semit.11","W02-1004","0.125"
"W02-1004","2003.mtsummit-semit.11","0.125"
"2003.mtsummit-semit.11","W02-1005","0.125"
"W02-1005","2003.mtsummit-semit.11","0.125"
"2003.mtsummit-semit.11","W05-0807","0.267857"
"W05-0807","2003.mtsummit-semit.11","0.267857"
"C02-1070","H01-1035","0.434524"
"H01-1035","C02-1070","0.434524"
"C02-1070","N01-1026","0.712302"
"N01-1026","C02-1070","0.712302"
"C02-1070","S01-1040","0.291667"
"S01-1040","C02-1070","0.291667"
"C02-1070","W02-1004","0.458333"
"W02-1004","C02-1070","0.458333"
"C02-1070","W02-1005","0.458333"
"W02-1005","C02-1070","0.458333"
"C02-1070","W03-1002","0.267857"
"W03-1002","C02-1070","0.267857"
"C02-1070","W05-0807","0.378968"
"W05-0807","C02-1070","0.378968"
"H01-1035","N01-1026","4.88452"
"N01-1026","H01-1035","4.88452"
"H01-1035","S01-1040","0.325"
"S01-1040","H01-1035","0.325"
"H01-1035","W02-1004","0.491667"
"W02-1004","H01-1035","0.491667"
"H01-1035","W02-1005","0.291667"
"W02-1005","H01-1035","0.291667"
"H01-1035","W03-1002","1.01786"
"W03-1002","H01-1035","1.01786"
"H01-1035","W05-0807","0.267857"
"W05-0807","H01-1035","0.267857"
"N01-1026","S01-1040","0.491667"
"S01-1040","N01-1026","0.491667"
"N01-1026","W02-1004","0.658333"
"W02-1004","N01-1026","0.658333"
"N01-1026","W02-1005","0.458333"
"W02-1005","N01-1026","0.458333"
"N01-1026","W03-1002","1.01786"
"W03-1002","N01-1026","1.01786"
"N01-1026","W05-0807","0.378968"
"W05-0807","N01-1026","0.378968"
"S01-1040","W02-1004","2.49167"
"W02-1004","S01-1040","2.49167"
"S01-1040","W02-1005","0.291667"
"W02-1005","S01-1040","0.291667"
"S01-1040","W03-1002","0.125"
"W03-1002","S01-1040","0.125"
"S01-1040","W05-0807","1.125"
"W05-0807","S01-1040","1.125"
"W02-1004","W02-1005","2.45833"
"W02-1005","W02-1004","2.45833"
"W02-1004","W03-1002","0.125"
"W03-1002","W02-1004","0.125"
"W02-1004","W05-0807","0.125"
"W05-0807","W02-1004","0.125"
"W02-1005","W03-1002","0.125"
"W03-1002","W02-1005","0.125"
"W02-1005","W05-0807","0.125"
"W05-0807","W02-1005","0.125"
"W03-1002","W05-0807","0.267857"
"W05-0807","W03-1002","0.267857"
"2003.mtsummit-semit.11","2006.amta-papers.21","0.142857"
"2006.amta-papers.21","2003.mtsummit-semit.11","0.142857"
"2003.mtsummit-semit.11","P08-1049","0.142857"
"P08-1049","2003.mtsummit-semit.11","0.142857"
"2006.amta-papers.21","C02-1070","0.142857"
"C02-1070","2006.amta-papers.21","0.142857"
"2006.amta-papers.21","H01-1035","0.392857"
"H01-1035","2006.amta-papers.21","0.392857"
"2006.amta-papers.21","N01-1026","0.142857"
"N01-1026","2006.amta-papers.21","0.142857"
"2006.amta-papers.21","P08-1049","0.842857"
"P08-1049","2006.amta-papers.21","0.842857"
"2006.amta-papers.21","W03-1002","0.342857"
"W03-1002","2006.amta-papers.21","0.342857"
"2006.amta-papers.21","W05-0807","0.142857"
"W05-0807","2006.amta-papers.21","0.142857"
"C02-1070","P08-1049","0.142857"
"P08-1049","C02-1070","0.142857"
"H01-1035","P08-1049","0.142857"
"P08-1049","H01-1035","0.142857"
"N01-1026","P08-1049","0.142857"
"P08-1049","N01-1026","0.142857"
"P08-1049","W03-1002","0.342857"
"W03-1002","P08-1049","0.342857"
"P08-1049","W05-0807","0.142857"
"W05-0807","P08-1049","0.142857"
"H01-1035","P11-1135","0.5"
"P11-1135","H01-1035","0.5"
"N01-1026","P11-1135","0.25"
"P11-1135","N01-1026","0.25"
"2006.amta-papers.18","2020.lrec-1.458","0.25"
"2020.lrec-1.458","2006.amta-papers.18","0.25"
"2006.amta-papers.18","E12-1014","0.583333"
"E12-1014","2006.amta-papers.18","0.583333"
"2006.amta-papers.18","P08-1049","0.25"
"P08-1049","2006.amta-papers.18","0.25"
"2006.amta-papers.18","W09-1117","0.25"
"W09-1117","2006.amta-papers.18","0.25"
"2020.lrec-1.458","E12-1014","0.25"
"E12-1014","2020.lrec-1.458","0.25"
"2020.lrec-1.458","P08-1049","0.25"
"P08-1049","2020.lrec-1.458","0.25"
"2020.lrec-1.458","W09-1117","0.25"
"W09-1117","2020.lrec-1.458","0.25"
"E12-1014","P08-1049","2.125"
"P08-1049","E12-1014","2.125"
"E12-1014","W09-1117","3.99167"
"W09-1117","E12-1014","3.99167"
"P08-1049","W09-1117","0.708333"
"W09-1117","P08-1049","0.708333"
"2006.amta-papers.18","L18-1263","0.333333"
"L18-1263","2006.amta-papers.18","0.333333"
"2006.amta-papers.18","W18-1813","0.333333"
"W18-1813","2006.amta-papers.18","0.333333"
"E12-1014","L18-1263","0.708333"
"L18-1263","E12-1014","0.708333"
"E12-1014","W18-1813","0.458333"
"W18-1813","E12-1014","0.458333"
"L18-1263","W18-1813","0.791667"
"W18-1813","L18-1263","0.791667"
"2006.amta-papers.21","P00-1035","0.25"
"P00-1035","2006.amta-papers.21","0.25"
"2006.amta-papers.21","W02-2006","0.25"
"W02-2006","2006.amta-papers.21","0.25"
"2006.amta-papers.21","W02-2007","0.25"
"W02-2007","2006.amta-papers.21","0.25"
"H01-1035","P00-1035","0.416667"
"P00-1035","H01-1035","0.416667"
"H01-1035","W02-2006","0.7"
"W02-2006","H01-1035","0.7"
"H01-1035","W02-2007","0.25"
"W02-2007","H01-1035","0.25"
"P00-1035","W02-2006","0.25"
"W02-2006","P00-1035","0.25"
"P00-1035","W02-2007","0.25"
"W02-2007","P00-1035","0.25"
"W02-2006","W02-2007","0.25"
"W02-2007","W02-2006","0.25"
"2006.amta-papers.21","E12-1014","0.5"
"E12-1014","2006.amta-papers.21","0.5"
"2006.amta-papers.21","2020.coling-main.387","0.2"
"2020.coling-main.387","2006.amta-papers.21","0.2"
"2006.amta-papers.21","I17-2076","0.2"
"I17-2076","2006.amta-papers.21","0.2"
"2006.amta-papers.21","L18-1538","0.2"
"L18-1538","2006.amta-papers.21","0.2"
"2020.coling-main.387","I17-2076","0.2"
"I17-2076","2020.coling-main.387","0.2"
"2020.coling-main.387","L18-1538","2.95"
"L18-1538","2020.coling-main.387","2.95"
"2020.coling-main.387","P08-1049","0.2"
"P08-1049","2020.coling-main.387","0.2"
"2020.coling-main.387","W03-1002","0.2"
"W03-1002","2020.coling-main.387","0.2"
"I17-2076","L18-1538","0.2"
"L18-1538","I17-2076","0.2"
"I17-2076","P08-1049","0.2"
"P08-1049","I17-2076","0.2"
"I17-2076","W03-1002","0.2"
"W03-1002","I17-2076","0.2"
"L18-1538","P08-1049","0.575"
"P08-1049","L18-1538","0.575"
"L18-1538","W03-1002","0.2"
"W03-1002","L18-1538","0.2"
"2016.amta-researchers.14","P08-1049","0.333333"
"P08-1049","2016.amta-researchers.14","0.333333"
"2016.amta-researchers.14","P09-2090","0.333333"
"P09-2090","2016.amta-researchers.14","0.333333"
"2016.amta-researchers.14","W09-1117","0.533333"
"W09-1117","2016.amta-researchers.14","0.533333"
"P08-1049","P09-2090","0.333333"
"P09-2090","P08-1049","0.333333"
"P09-2090","W09-1117","0.333333"
"W09-1117","P09-2090","0.333333"
"2016.amta-researchers.14","2020.lrec-1.352","0.290909"
"2020.lrec-1.352","2016.amta-researchers.14","0.290909"
"2016.amta-researchers.14","E12-1014","0.2"
"E12-1014","2016.amta-researchers.14","0.2"
"2016.amta-researchers.14","I08-1053","0.2"
"I08-1053","2016.amta-researchers.14","0.2"
"2016.amta-researchers.14","P11-1135","0.2"
"P11-1135","2016.amta-researchers.14","0.2"
"2020.lrec-1.352","E12-1014","0.2"
"E12-1014","2020.lrec-1.352","0.2"
"2020.lrec-1.352","I08-1053","0.2"
"I08-1053","2020.lrec-1.352","0.2"
"2020.lrec-1.352","P11-1135","0.2"
"P11-1135","2020.lrec-1.352","0.2"
"2020.lrec-1.352","W09-1117","0.2"
"W09-1117","2020.lrec-1.352","0.2"
"E12-1014","I08-1053","0.908333"
"I08-1053","E12-1014","0.908333"
"E12-1014","P11-1135","0.2"
"P11-1135","E12-1014","0.2"
"I08-1053","P11-1135","0.2"
"P11-1135","I08-1053","0.2"
"I08-1053","W09-1117","1.90833"
"W09-1117","I08-1053","1.90833"
"2016.amta-researchers.14","2020.lrec-1.483","0.0909091"
"2020.lrec-1.483","2016.amta-researchers.14","0.0909091"
"2016.amta-researchers.14","2020.lrec-1.488","0.0909091"
"2020.lrec-1.488","2016.amta-researchers.14","0.0909091"
"2016.amta-researchers.14","2020.sigmorphon-1.25","0.0909091"
"2020.sigmorphon-1.25","2016.amta-researchers.14","0.0909091"
"2016.amta-researchers.14","K18-3001","0.0909091"
"K18-3001","2016.amta-researchers.14","0.0909091"
"2016.amta-researchers.14","L16-1497","0.0909091"
"L16-1497","2016.amta-researchers.14","0.0909091"
"2016.amta-researchers.14","L16-1498","0.0909091"
"L16-1498","2016.amta-researchers.14","0.0909091"
"2016.amta-researchers.14","L18-1293","0.0909091"
"L18-1293","2016.amta-researchers.14","0.0909091"
"2016.amta-researchers.14","L18-1538","0.0909091"
"L18-1538","2016.amta-researchers.14","0.0909091"
"2016.amta-researchers.14","W16-2002","0.0909091"
"W16-2002","2016.amta-researchers.14","0.0909091"
"2016.amta-researchers.14","W18-6011","0.0909091"
"W18-6011","2016.amta-researchers.14","0.0909091"
"2020.lrec-1.352","2020.lrec-1.483","1.73377"
"2020.lrec-1.483","2020.lrec-1.352","1.73377"
"2020.lrec-1.352","2020.lrec-1.488","1.01154"
"2020.lrec-1.488","2020.lrec-1.352","1.01154"
"2020.lrec-1.352","2020.sigmorphon-1.25","0.5671"
"2020.sigmorphon-1.25","2020.lrec-1.352","0.5671"
"2020.lrec-1.352","K18-3001","0.233766"
"K18-3001","2020.lrec-1.352","0.233766"
"2020.lrec-1.352","L16-1497","0.0909091"
"L16-1497","2020.lrec-1.352","0.0909091"
"2020.lrec-1.352","L16-1498","0.0909091"
"L16-1498","2020.lrec-1.352","0.0909091"
"2020.lrec-1.352","L18-1293","0.0909091"
"L18-1293","2020.lrec-1.352","0.0909091"
"2020.lrec-1.352","L18-1538","0.0909091"
"L18-1538","2020.lrec-1.352","0.0909091"
"2020.lrec-1.352","W16-2002","0.0909091"
"W16-2002","2020.lrec-1.352","0.0909091"
"2020.lrec-1.352","W18-6011","0.233766"
"W18-6011","2020.lrec-1.352","0.233766"
"2020.lrec-1.483","2020.lrec-1.488","0.733766"
"2020.lrec-1.488","2020.lrec-1.483","0.733766"
"2020.lrec-1.483","2020.sigmorphon-1.25","0.8171"
"2020.sigmorphon-1.25","2020.lrec-1.483","0.8171"
"2020.lrec-1.483","K18-3001","1.23377"
"K18-3001","2020.lrec-1.483","1.23377"
"2020.lrec-1.483","L16-1497","0.0909091"
"L16-1497","2020.lrec-1.483","0.0909091"
"2020.lrec-1.483","L16-1498","0.0909091"
"L16-1498","2020.lrec-1.483","0.0909091"
"2020.lrec-1.483","L18-1293","3.0671"
"L18-1293","2020.lrec-1.483","3.0671"
"2020.lrec-1.483","L18-1538","0.0909091"
"L18-1538","2020.lrec-1.483","0.0909091"
"2020.lrec-1.483","W16-2002","0.233766"
"W16-2002","2020.lrec-1.483","0.233766"
"2020.lrec-1.483","W18-6011","0.626623"
"W18-6011","2020.lrec-1.483","0.626623"
"2020.lrec-1.488","2020.sigmorphon-1.25","1.5671"
"2020.sigmorphon-1.25","2020.lrec-1.488","1.5671"
"2020.lrec-1.488","K18-3001","0.483766"
"K18-3001","2020.lrec-1.488","0.483766"
"2020.lrec-1.488","L16-1497","0.0909091"
"L16-1497","2020.lrec-1.488","0.0909091"
"2020.lrec-1.488","L16-1498","0.0909091"
"L16-1498","2020.lrec-1.488","0.0909091"
"2020.lrec-1.488","L18-1293","0.0909091"
"L18-1293","2020.lrec-1.488","0.0909091"
"2020.lrec-1.488","L18-1538","0.0909091"
"L18-1538","2020.lrec-1.488","0.0909091"
"2020.lrec-1.488","W16-2002","0.0909091"
"W16-2002","2020.lrec-1.488","0.0909091"
"2020.lrec-1.488","W18-6011","1.23377"
"W18-6011","2020.lrec-1.488","1.23377"
"2020.sigmorphon-1.25","K18-3001","0.483766"
"K18-3001","2020.sigmorphon-1.25","0.483766"
"2020.sigmorphon-1.25","L16-1497","0.0909091"
"L16-1497","2020.sigmorphon-1.25","0.0909091"
"2020.sigmorphon-1.25","L16-1498","0.0909091"
"L16-1498","2020.sigmorphon-1.25","0.0909091"
"2020.sigmorphon-1.25","L18-1293","0.424242"
"L18-1293","2020.sigmorphon-1.25","0.424242"
"2020.sigmorphon-1.25","L18-1538","0.0909091"
"L18-1538","2020.sigmorphon-1.25","0.0909091"
"2020.sigmorphon-1.25","W16-2002","0.0909091"
"W16-2002","2020.sigmorphon-1.25","0.0909091"
"2020.sigmorphon-1.25","W18-6011","0.483766"
"W18-6011","2020.sigmorphon-1.25","0.483766"
"K18-3001","L16-1497","0.0909091"
"L16-1497","K18-3001","0.0909091"
"K18-3001","L16-1498","0.0909091"
"L16-1498","K18-3001","0.0909091"
"K18-3001","L18-1293","0.0909091"
"L18-1293","K18-3001","0.0909091"
"K18-3001","L18-1538","0.0909091"
"L18-1538","K18-3001","0.0909091"
"K18-3001","W16-2002","0.590909"
"W16-2002","K18-3001","0.590909"
"K18-3001","W18-6011","1.48377"
"W18-6011","K18-3001","1.48377"
"L16-1497","L16-1498","0.257576"
"L16-1498","L16-1497","0.257576"
"L16-1497","L18-1293","0.840909"
"L18-1293","L16-1497","0.840909"
"L16-1497","L18-1538","0.0909091"
"L18-1538","L16-1497","0.0909091"
"L16-1497","W16-2002","0.840909"
"W16-2002","L16-1497","0.840909"
"L16-1497","W18-6011","0.0909091"
"W18-6011","L16-1497","0.0909091"
"L16-1498","L18-1293","0.757576"
"L18-1293","L16-1498","0.757576"
"L16-1498","L18-1538","0.0909091"
"L18-1538","L16-1498","0.0909091"
"L16-1498","W16-2002","0.257576"
"W16-2002","L16-1498","0.257576"
"L16-1498","W18-6011","0.0909091"
"W18-6011","L16-1498","0.0909091"
"L18-1293","L18-1538","0.0909091"
"L18-1538","L18-1293","0.0909091"
"L18-1293","W16-2002","1.3171"
"W16-2002","L18-1293","1.3171"
"L18-1293","W18-6011","0.233766"
"W18-6011","L18-1293","0.233766"
"L18-1538","W16-2002","0.0909091"
"W16-2002","L18-1538","0.0909091"
"L18-1538","W18-6011","0.0909091"
"W18-6011","L18-1538","0.0909091"
"W16-2002","W18-6011","0.233766"
"W18-6011","W16-2002","0.233766"
"2020.coling-main.387","2021.findings-acl.353","2.33333"
"2021.findings-acl.353","2020.coling-main.387","2.33333"
"2021.findings-acl.353","L18-1538","0.5"
"L18-1538","2021.findings-acl.353","0.5"
"2020.coling-main.387","2020.lrec-1.458","2"
"2020.lrec-1.458","2020.coling-main.387","2"
"2020.coling-main.387","L16-1497","0.5"
"L16-1497","2020.coling-main.387","0.5"
"2020.lrec-1.458","L16-1497","0.5"
"L16-1497","2020.lrec-1.458","0.5"
"2020.coling-main.387","2020.coling-main.413","0.75"
"2020.coling-main.413","2020.coling-main.387","0.75"
"2020.coling-main.413","2021.findings-acl.353","1.5"
"2021.findings-acl.353","2020.coling-main.413","1.5"
"2020.coling-main.387","E12-1014","1.58333"
"E12-1014","2020.coling-main.387","1.58333"
"2020.coling-main.387","P15-1119","0.583333"
"P15-1119","2020.coling-main.387","0.583333"
"2020.coling-main.387","W09-1117","0.833333"
"W09-1117","2020.coling-main.387","0.833333"
"E12-1014","P15-1119","0.833333"
"P15-1119","E12-1014","0.833333"
"P15-1119","W09-1117","2.08333"
"W09-1117","P15-1119","2.08333"
"2020.coling-main.387","W02-2026","0.25"
"W02-2026","2020.coling-main.387","0.25"
"L18-1538","P15-1119","0.25"
"P15-1119","L18-1538","0.25"
"L18-1538","W02-2026","0.25"
"W02-2026","L18-1538","0.25"
"L18-1538","W09-1117","0.375"
"W09-1117","L18-1538","0.375"
"P15-1119","W02-2026","0.25"
"W02-2026","P15-1119","0.25"
"W02-2026","W09-1117","0.583333"
"W09-1117","W02-2026","0.583333"
"2020.coling-main.387","2020.lrec-1.483","0.5"
"2020.lrec-1.483","2020.coling-main.387","0.5"
"2020.coling-main.387","2020.lrec-1.488","0.25"
"2020.lrec-1.488","2020.coling-main.387","0.25"
"2020.coling-main.387","2020.sigmorphon-1.25","0.25"
"2020.sigmorphon-1.25","2020.coling-main.387","0.25"
"2020.coling-main.413","2020.lrec-1.483","0.535714"
"2020.lrec-1.483","2020.coling-main.413","0.535714"
"2020.coling-main.413","2020.lrec-1.488","0.72619"
"2020.lrec-1.488","2020.coling-main.413","0.72619"
"2020.coling-main.413","2020.sigmorphon-1.25","0.72619"
"2020.sigmorphon-1.25","2020.coling-main.413","0.72619"
"2020.lrec-1.458","2021.findings-acl.353","0.5"
"2021.findings-acl.353","2020.lrec-1.458","0.5"
"2020.coling-main.387","I08-1053","0.25"
"I08-1053","2020.coling-main.387","0.25"
"2020.coling-main.387","I08-1061","0.25"
"I08-1061","2020.coling-main.387","0.25"
"E12-1014","I08-1061","0.25"
"I08-1061","E12-1014","0.25"
"I08-1053","I08-1061","0.25"
"I08-1061","I08-1053","0.25"
"I08-1061","W09-1117","0.25"
"W09-1117","I08-1061","0.25"
"2020.coling-main.387","2020.lrec-1.519","0.5"
"2020.lrec-1.519","2020.coling-main.387","0.5"
"2020.lrec-1.519","2021.findings-acl.353","0.833333"
"2021.findings-acl.353","2020.lrec-1.519","0.833333"
"2020.coling-main.387","2020.lrec-1.352","1.33333"
"2020.lrec-1.352","2020.coling-main.387","1.33333"
"2020.coling-main.387","L18-1150","0.333333"
"L18-1150","2020.coling-main.387","0.333333"
"2020.lrec-1.352","2021.findings-acl.353","0.666667"
"2021.findings-acl.353","2020.lrec-1.352","0.666667"
"2020.lrec-1.352","L18-1150","0.333333"
"L18-1150","2020.lrec-1.352","0.333333"
"2021.findings-acl.353","L18-1150","0.333333"
"L18-1150","2021.findings-acl.353","0.333333"
"2020.coling-main.387","H01-1035","0.25"
"H01-1035","2020.coling-main.387","0.25"
"2020.coling-main.387","P11-1135","0.25"
"P11-1135","2020.coling-main.387","0.25"
"2020.coling-main.387","W02-2006","0.25"
"W02-2006","2020.coling-main.387","0.25"
"2020.lrec-1.483","H01-1035","0.25"
"H01-1035","2020.lrec-1.483","0.25"
"2020.lrec-1.483","P11-1135","0.25"
"P11-1135","2020.lrec-1.483","0.25"
"2020.lrec-1.483","W02-2006","0.25"
"W02-2006","2020.lrec-1.483","0.25"
"P11-1135","W02-2006","0.25"
"W02-2006","P11-1135","0.25"
"2020.coling-main.413","2020.lrec-1.397","0.142857"
"2020.lrec-1.397","2020.coling-main.413","0.142857"
"2020.coling-main.413","K17-2001","0.142857"
"K17-2001","2020.coling-main.413","0.142857"
"2020.coling-main.413","L18-1293","0.142857"
"L18-1293","2020.coling-main.413","0.142857"
"2020.coling-main.413","W16-2002","0.142857"
"W16-2002","2020.coling-main.413","0.142857"
"2020.coling-main.413","W18-1813","0.142857"
"W18-1813","2020.coling-main.413","0.142857"
"2020.coling-main.413","W18-6011","0.285714"
"W18-6011","2020.coling-main.413","0.285714"
"2020.lrec-1.397","2020.lrec-1.483","0.142857"
"2020.lrec-1.483","2020.lrec-1.397","0.142857"
"2020.lrec-1.397","K17-2001","0.142857"
"K17-2001","2020.lrec-1.397","0.142857"
"2020.lrec-1.397","L18-1293","0.142857"
"L18-1293","2020.lrec-1.397","0.142857"
"2020.lrec-1.397","W16-2002","0.142857"
"W16-2002","2020.lrec-1.397","0.142857"
"2020.lrec-1.397","W18-1813","0.142857"
"W18-1813","2020.lrec-1.397","0.142857"
"2020.lrec-1.397","W18-6011","0.142857"
"W18-6011","2020.lrec-1.397","0.142857"
"2020.lrec-1.483","K17-2001","1.97619"
"K17-2001","2020.lrec-1.483","1.97619"
"2020.lrec-1.483","W18-1813","0.142857"
"W18-1813","2020.lrec-1.483","0.142857"
"K17-2001","L18-1293","3.05952"
"L18-1293","K17-2001","3.05952"
"K17-2001","W16-2002","11.2262"
"W16-2002","K17-2001","11.2262"
"K17-2001","W18-1813","1.39286"
"W18-1813","K17-2001","1.39286"
"K17-2001","W18-6011","0.142857"
"W18-6011","K17-2001","0.142857"
"L18-1293","W18-1813","0.142857"
"W18-1813","L18-1293","0.142857"
"W16-2002","W18-1813","0.142857"
"W18-1813","W16-2002","0.142857"
"W18-1813","W18-6011","0.142857"
"W18-6011","W18-1813","0.142857"
"2020.coling-main.413","2020.lrec-1.352","0.47619"
"2020.lrec-1.352","2020.coling-main.413","0.47619"
"2020.coling-main.413","K18-3001","0.142857"
"K18-3001","2020.coling-main.413","0.142857"
"2020.coling-main.413","P19-1172","0.142857"
"P19-1172","2020.coling-main.413","0.142857"
"2020.lrec-1.352","P19-1172","0.837302"
"P19-1172","2020.lrec-1.352","0.837302"
"2020.lrec-1.483","P19-1172","0.142857"
"P19-1172","2020.lrec-1.483","0.142857"
"2020.lrec-1.488","P19-1172","8.0873"
"P19-1172","2020.lrec-1.488","8.0873"
"2020.sigmorphon-1.25","P19-1172","0.642857"
"P19-1172","2020.sigmorphon-1.25","0.642857"
"K18-3001","P19-1172","0.142857"
"P19-1172","K18-3001","0.142857"
"P19-1172","W18-6011","0.642857"
"W18-6011","P19-1172","0.642857"
"2020.coling-main.413","L18-1150","1"
"L18-1150","2020.coling-main.413","1"
"2020.coling-main.413","L16-1498","1"
"L16-1498","2020.coling-main.413","1"
"2020.coling-main.413","2020.lrec-1.458","1"
"2020.lrec-1.458","2020.coling-main.413","1"
"2020.emnlp-main.456","E09-1035","0.5"
"E09-1035","2020.emnlp-main.456","0.5"
"2020.emnlp-main.456","S07-1042","0.5"
"S07-1042","2020.emnlp-main.456","0.5"
"E09-1035","S07-1042","1.5"
"S07-1042","E09-1035","1.5"
"2020.emnlp-main.456","2021.sigmorphon-1.25","1"
"2021.sigmorphon-1.25","2020.emnlp-main.456","1"
"2020.lrec-1.352","I17-2076","0.694444"
"I17-2076","2020.lrec-1.352","0.694444"
"2020.lrec-1.488","I17-2076","0.444444"
"I17-2076","2020.lrec-1.488","0.444444"
"I17-2076","P19-1172","0.694444"
"P19-1172","I17-2076","0.694444"
"2020.lrec-1.352","2020.lrec-1.458","2.25"
"2020.lrec-1.458","2020.lrec-1.352","2.25"
"2020.lrec-1.352","N19-1009","1"
"N19-1009","2020.lrec-1.352","1"
"2020.lrec-1.352","L18-1263","0.583333"
"L18-1263","2020.lrec-1.352","0.583333"
"2020.lrec-1.458","I17-2076","0.25"
"I17-2076","2020.lrec-1.458","0.25"
"2020.lrec-1.458","L18-1263","0.25"
"L18-1263","2020.lrec-1.458","0.25"
"2020.lrec-1.458","P19-1172","0.25"
"P19-1172","2020.lrec-1.458","0.25"
"I17-2076","L18-1263","0.25"
"L18-1263","I17-2076","0.25"
"L18-1263","P19-1172","0.75"
"P19-1172","L18-1263","0.75"
"2020.lrec-1.352","2020.lrec-1.519","0.833333"
"2020.lrec-1.519","2020.lrec-1.352","0.833333"
"2020.lrec-1.483","2020.lrec-1.519","0.5"
"2020.lrec-1.519","2020.lrec-1.483","0.5"
"2020.lrec-1.519","L18-1263","0.333333"
"L18-1263","2020.lrec-1.519","0.333333"
"2021.findings-acl.353","L18-1263","0.333333"
"L18-1263","2021.findings-acl.353","0.333333"
"2020.lrec-1.352","C02-1070","0.111111"
"C02-1070","2020.lrec-1.352","0.111111"
"2020.lrec-1.352","N01-1026","0.111111"
"N01-1026","2020.lrec-1.352","0.111111"
"2020.lrec-1.352","P04-3014","0.111111"
"P04-3014","2020.lrec-1.352","0.111111"
"2020.lrec-1.352","P15-1119","0.111111"
"P15-1119","2020.lrec-1.352","0.111111"
"2020.lrec-1.352","W02-2006","0.111111"
"W02-2006","2020.lrec-1.352","0.111111"
"2020.lrec-1.352","W05-0807","0.111111"
"W05-0807","2020.lrec-1.352","0.111111"
"2020.lrec-1.488","C02-1070","0.111111"
"C02-1070","2020.lrec-1.488","0.111111"
"2020.lrec-1.488","N01-1026","0.111111"
"N01-1026","2020.lrec-1.488","0.111111"
"2020.lrec-1.488","P04-3014","0.111111"
"P04-3014","2020.lrec-1.488","0.111111"
"2020.lrec-1.488","P15-1119","0.111111"
"P15-1119","2020.lrec-1.488","0.111111"
"2020.lrec-1.488","W02-2006","0.111111"
"W02-2006","2020.lrec-1.488","0.111111"
"2020.lrec-1.488","W05-0807","0.111111"
"W05-0807","2020.lrec-1.488","0.111111"
"C02-1070","I17-2076","0.111111"
"I17-2076","C02-1070","0.111111"
"C02-1070","P04-3014","0.111111"
"P04-3014","C02-1070","0.111111"
"C02-1070","P15-1119","0.111111"
"P15-1119","C02-1070","0.111111"
"C02-1070","P19-1172","0.111111"
"P19-1172","C02-1070","0.111111"
"C02-1070","W02-2006","0.277778"
"W02-2006","C02-1070","0.277778"
"I17-2076","N01-1026","0.111111"
"N01-1026","I17-2076","0.111111"
"I17-2076","P04-3014","0.111111"
"P04-3014","I17-2076","0.111111"
"I17-2076","P15-1119","0.111111"
"P15-1119","I17-2076","0.111111"
"I17-2076","W02-2006","0.111111"
"W02-2006","I17-2076","0.111111"
"I17-2076","W05-0807","0.111111"
"W05-0807","I17-2076","0.111111"
"N01-1026","P04-3014","0.111111"
"P04-3014","N01-1026","0.111111"
"N01-1026","P15-1119","0.111111"
"P15-1119","N01-1026","0.111111"
"N01-1026","P19-1172","0.111111"
"P19-1172","N01-1026","0.111111"
"N01-1026","W02-2006","0.477778"
"W02-2006","N01-1026","0.477778"
"P04-3014","P15-1119","0.111111"
"P15-1119","P04-3014","0.111111"
"P04-3014","P19-1172","0.111111"
"P19-1172","P04-3014","0.111111"
"P04-3014","W02-2006","0.111111"
"W02-2006","P04-3014","0.111111"
"P04-3014","W05-0807","1.11111"
"W05-0807","P04-3014","1.11111"
"P15-1119","P19-1172","0.111111"
"P19-1172","P15-1119","0.111111"
"P15-1119","W02-2006","0.111111"
"W02-2006","P15-1119","0.111111"
"P15-1119","W05-0807","0.111111"
"W05-0807","P15-1119","0.111111"
"P19-1172","W02-2006","0.111111"
"W02-2006","P19-1172","0.111111"
"P19-1172","W05-0807","0.111111"
"W05-0807","P19-1172","0.111111"
"W02-2006","W05-0807","0.111111"
"W05-0807","W02-2006","0.111111"
"2020.lrec-1.458","L18-1150","0.5"
"L18-1150","2020.lrec-1.458","0.5"
"2020.lrec-1.458","W18-1813","0.5"
"W18-1813","2020.lrec-1.458","0.5"
"L18-1150","W18-1813","1.20833"
"W18-1813","L18-1150","1.20833"
"2020.lrec-1.458","2020.lrec-1.488","1"
"2020.lrec-1.488","2020.lrec-1.458","1"
"2020.lrec-1.483","2021.sigmorphon-1.25","0.25"
"2021.sigmorphon-1.25","2020.lrec-1.483","0.25"
"2020.lrec-1.483","D17-1074","0.25"
"D17-1074","2020.lrec-1.483","0.25"
"2020.lrec-1.488","2021.sigmorphon-1.25","0.5"
"2021.sigmorphon-1.25","2020.lrec-1.488","0.5"
"2020.lrec-1.488","D17-1074","0.25"
"D17-1074","2020.lrec-1.488","0.25"
"2021.sigmorphon-1.25","D17-1074","0.25"
"D17-1074","2021.sigmorphon-1.25","0.25"
"2021.sigmorphon-1.25","W18-6011","0.5"
"W18-6011","2021.sigmorphon-1.25","0.5"
"D17-1074","W18-6011","0.25"
"W18-6011","D17-1074","0.25"
"2020.sigmorphon-1.25","K17-2001","0.333333"
"K17-2001","2020.sigmorphon-1.25","0.333333"
"2020.sigmorphon-1.25","2021.sigmorphon-1.25","0.25"
"2021.sigmorphon-1.25","2020.sigmorphon-1.25","0.25"
"2021.sigmorphon-1.25","K18-3001","0.25"
"K18-3001","2021.sigmorphon-1.25","0.25"
"2020.lrec-1.488","2021.findings-acl.353","1"
"2021.findings-acl.353","2020.lrec-1.488","1"
"2020.lrec-1.488","L18-1263","0.5"
"L18-1263","2020.lrec-1.488","0.5"
"2020.lrec-1.519","D19-1229","1.33333"
"D19-1229","2020.lrec-1.519","1.33333"
"2020.lrec-1.519","L18-1538","0.333333"
"L18-1538","2020.lrec-1.519","0.333333"
"2020.lrec-1.519","W18-1813","0.333333"
"W18-1813","2020.lrec-1.519","0.333333"
"D19-1229","L18-1538","0.333333"
"L18-1538","D19-1229","0.333333"
"D19-1229","W18-1813","0.333333"
"W18-1813","D19-1229","0.333333"
"L18-1538","W18-1813","0.791667"
"W18-1813","L18-1538","0.791667"
"C02-1070","P00-1016","0.166667"
"P00-1016","C02-1070","0.166667"
"C02-1070","P00-1035","0.166667"
"P00-1035","C02-1070","0.166667"
"H01-1035","P00-1016","0.166667"
"P00-1016","H01-1035","0.166667"
"N01-1026","P00-1016","0.166667"
"P00-1016","N01-1026","0.166667"
"N01-1026","P00-1035","0.166667"
"P00-1035","N01-1026","0.166667"
"P00-1016","P00-1035","0.5"
"P00-1035","P00-1016","0.5"
"P00-1016","W02-1004","0.166667"
"W02-1004","P00-1016","0.166667"
"P00-1016","W02-1005","0.166667"
"W02-1005","P00-1016","0.166667"
"P00-1035","W02-1004","1.16667"
"W02-1004","P00-1035","1.16667"
"P00-1035","W02-1005","1.16667"
"W02-1005","P00-1035","1.16667"
"C02-1070","P00-1027","0.166667"
"P00-1027","C02-1070","0.166667"
"N01-1026","P00-1027","0.166667"
"P00-1027","N01-1026","0.166667"
"P00-1027","S01-1040","0.166667"
"S01-1040","P00-1027","0.166667"
"P00-1027","W02-1004","0.166667"
"W02-1004","P00-1027","0.166667"
"P00-1027","W02-1005","0.166667"
"W02-1005","P00-1027","0.166667"
"P00-1027","W02-2006","0.666667"
"W02-2006","P00-1027","0.666667"
"S01-1040","W02-2006","0.366667"
"W02-2006","S01-1040","0.366667"
"W02-1004","W02-2006","0.366667"
"W02-2006","W02-1004","0.366667"
"W02-1005","W02-2006","0.166667"
"W02-2006","W02-1005","0.166667"
"C92-2070","lin-etal-2010-new","0.333333"
"lin-etal-2010-new","C92-2070","0.333333"
"C92-2070","N13-1121","0.333333"
"N13-1121","C92-2070","0.333333"
"C92-2070","P15-1119","0.333333"
"P15-1119","C92-2070","0.333333"
"lin-etal-2010-new","N13-1121","2.83333"
"N13-1121","lin-etal-2010-new","2.83333"
"lin-etal-2010-new","P15-1119","0.333333"
"P15-1119","lin-etal-2010-new","0.333333"
"N13-1121","P15-1119","2.33333"
"P15-1119","N13-1121","2.33333"
"D08-1108","P08-1049","2.125"
"P08-1049","D08-1108","2.125"
"D08-1108","E12-1014","0.125"
"E12-1014","D08-1108","0.125"
"D08-1108","I08-1053","0.125"
"I08-1053","D08-1108","0.125"
"D08-1108","L18-1150","1.125"
"L18-1150","D08-1108","1.125"
"D08-1108","L18-1263","0.125"
"L18-1263","D08-1108","0.125"
"D08-1108","L18-1538","0.125"
"L18-1538","D08-1108","0.125"
"D08-1108","W09-1117","0.125"
"W09-1117","D08-1108","0.125"
"D08-1108","W18-1813","0.125"
"W18-1813","D08-1108","0.125"
"E12-1014","L18-1150","0.375"
"L18-1150","E12-1014","0.375"
"E12-1014","L18-1538","0.375"
"L18-1538","E12-1014","0.375"
"I08-1053","L18-1150","0.125"
"L18-1150","I08-1053","0.125"
"I08-1053","L18-1263","0.125"
"L18-1263","I08-1053","0.125"
"I08-1053","L18-1538","0.125"
"L18-1538","I08-1053","0.125"
"I08-1053","P08-1049","0.125"
"P08-1049","I08-1053","0.125"
"I08-1053","W18-1813","0.625"
"W18-1813","I08-1053","0.625"
"L18-1150","L18-1263","0.708333"
"L18-1263","L18-1150","0.708333"
"L18-1150","L18-1538","0.708333"
"L18-1538","L18-1150","0.708333"
"L18-1150","P08-1049","0.375"
"P08-1049","L18-1150","0.375"
"L18-1150","W09-1117","0.125"
"W09-1117","L18-1150","0.125"
"L18-1263","L18-1538","0.708333"
"L18-1538","L18-1263","0.708333"
"L18-1263","P08-1049","0.375"
"P08-1049","L18-1263","0.375"
"L18-1263","W09-1117","0.125"
"W09-1117","L18-1263","0.125"
"P08-1049","W18-1813","0.125"
"W18-1813","P08-1049","0.125"
"W09-1117","W18-1813","0.125"
"W18-1813","W09-1117","0.125"
"D08-1108","P11-1135","0.5"
"P11-1135","D08-1108","0.5"
"D08-1108","W99-0612","0.5"
"W99-0612","D08-1108","0.5"
"P11-1135","W99-0612","0.5"
"W99-0612","P11-1135","0.5"
"D08-1108","N01-1020","1"
"N01-1020","D08-1108","1"
"D13-1187","P13-2090","24.5"
"P13-2090","D13-1187","24.5"
"D13-1187","N13-1121","3"
"N13-1121","D13-1187","3"
"N13-1121","P13-2090","2"
"P13-2090","N13-1121","2"
"D13-1187","P09-1080","0.5"
"P09-1080","D13-1187","0.5"
"P09-1080","P13-2090","0.5"
"P13-2090","P09-1080","0.5"
"D13-1187","N12-1033","1"
"N12-1033","D13-1187","1"
"D17-1074","K17-2001","1.5"
"K17-2001","D17-1074","1.5"
"D17-1074","W16-2002","3.25"
"W16-2002","D17-1074","3.25"
"D17-1074","W18-1813","1.25"
"W18-1813","D17-1074","1.25"
"D17-1074","L16-1497","0.416667"
"L16-1497","D17-1074","0.416667"
"D17-1074","L16-1498","0.166667"
"L16-1498","D17-1074","0.166667"
"D17-1074","L18-1293","0.75"
"L18-1293","D17-1074","0.75"
"D17-1074","P15-2111","0.166667"
"P15-2111","D17-1074","0.166667"
"K17-2001","L16-1497","0.75"
"L16-1497","K17-2001","0.75"
"K17-2001","L16-1498","0.166667"
"L16-1498","K17-2001","0.166667"
"K17-2001","P15-2111","0.166667"
"P15-2111","K17-2001","0.166667"
"L16-1497","P15-2111","0.166667"
"P15-2111","L16-1497","0.166667"
"L16-1498","P15-2111","0.666667"
"P15-2111","L16-1498","0.666667"
"L18-1293","P15-2111","0.666667"
"P15-2111","L18-1293","0.666667"
"P15-2111","W16-2002","1.16667"
"W16-2002","P15-2111","1.16667"
"D17-1074","K18-3001","0.25"
"K18-3001","D17-1074","0.25"
"D17-1074","L18-1150","0.25"
"L18-1150","D17-1074","0.25"
"K17-2001","K18-3001","4.75"
"K18-3001","K17-2001","4.75"
"K17-2001","L18-1150","0.25"
"L18-1150","K17-2001","0.25"
"K18-3001","L18-1150","0.25"
"L18-1150","K18-3001","0.25"
"K18-3001","W18-1813","0.25"
"W18-1813","K18-3001","0.25"
"D19-1229","L16-1497","0.5"
"L16-1497","D19-1229","0.5"
"D19-1229","P19-1172","0.5"
"P19-1172","D19-1229","0.5"
"L16-1497","P19-1172","0.5"
"P19-1172","L16-1497","0.5"
"E09-1035","I08-1061","1.83333"
"I08-1061","E09-1035","1.83333"
"E09-1035","P05-1060","1.83333"
"P05-1060","E09-1035","1.83333"
"E09-1035","W03-0405","2.83333"
"W03-0405","E09-1035","2.83333"
"I08-1061","P05-1060","0.333333"
"P05-1060","I08-1061","0.333333"
"I08-1061","W03-0405","0.333333"
"W03-0405","I08-1061","0.333333"
"P05-1060","W03-0405","0.833333"
"W03-0405","P05-1060","0.833333"
"E09-1035","P09-2090","1"
"P09-2090","E09-1035","1"
"P09-2090","W03-0405","1"
"W03-0405","P09-2090","1"
"E09-1035","W06-2906","0.5"
"W06-2906","E09-1035","0.5"
"I08-1061","W06-2906","1.5"
"W06-2906","I08-1061","1.5"
"E12-1014","W02-2026","0.333333"
"W02-2026","E12-1014","0.333333"
"I08-1053","W02-2026","0.333333"
"W02-2026","I08-1053","0.333333"
"H01-1035","P99-1022","0.5"
"P99-1022","H01-1035","0.5"
"N01-1026","P99-1022","0.5"
"P99-1022","N01-1026","0.5"
"H01-1035","W02-2026","0.2"
"W02-2026","H01-1035","0.2"
"N01-1026","W02-2026","0.2"
"W02-2026","N01-1026","0.2"
"S01-1040","W02-2026","0.2"
"W02-2026","S01-1040","0.2"
"W02-1004","W02-2026","0.2"
"W02-2026","W02-1004","0.2"
"W02-2006","W02-2026","0.2"
"W02-2026","W02-2006","0.2"
"H93-1052","W02-2007","0.333333"
"W02-2007","H93-1052","0.333333"
"H93-1052","W99-0612","0.333333"
"W99-0612","H93-1052","0.333333"
"P92-1032","W02-2007","0.333333"
"W02-2007","P92-1032","0.333333"
"P92-1032","W99-0612","0.333333"
"W99-0612","P92-1032","0.333333"
"W02-2007","W99-0612","1.33333"
"W99-0612","W02-2007","1.33333"
"I08-1053","lin-etal-2010-new","1"
"lin-etal-2010-new","I08-1053","1"
"I08-1053","L18-1612","0.5"
"L18-1612","I08-1053","0.5"
"L18-1612","W18-1813","1.5"
"W18-1813","L18-1612","1.5"
"I17-2076","lin-etal-2010-new","0.5"
"lin-etal-2010-new","I17-2076","0.5"
"I17-2076","N13-1121","0.5"
"N13-1121","I17-2076","0.5"
"lin-etal-2010-new","P00-1035","0.5"
"P00-1035","lin-etal-2010-new","0.5"
"lin-etal-2010-new","W05-0807","0.5"
"W05-0807","lin-etal-2010-new","0.5"
"P00-1035","W05-0807","0.5"
"W05-0807","P00-1035","0.5"
"N03-1006","S01-1040","1"
"S01-1040","N03-1006","1"
"N03-1006","W05-0807","1"
"W05-0807","N03-1006","1"
"N03-1006","W02-2007","0.5"
"W02-2007","N03-1006","0.5"
"N03-1006","W03-1002","0.5"
"W03-1002","N03-1006","0.5"
"W02-2007","W03-1002","0.5"
"W03-1002","W02-2007","0.5"
"N12-1033","N13-1121","1"
"N13-1121","N12-1033","1"
"N13-1121","W08-2006","1"
"W08-2006","N13-1121","1"
"P00-1016","P92-1032","0.333333"
"P92-1032","P00-1016","0.333333"
"P00-1016","P94-1013","0.333333"
"P94-1013","P00-1016","0.333333"
"P00-1035","P92-1032","0.333333"
"P92-1032","P00-1035","0.333333"
"P00-1035","P94-1013","0.333333"
"P94-1013","P00-1035","0.333333"
"P00-1027","P15-2111","0.5"
"P15-2111","P00-1027","0.5"
"P15-2111","W02-2006","0.5"
"W02-2006","P15-2111","0.5"
"P11-1135","W05-0807","1"
"W05-0807","P11-1135","1"
"P11-2090","W09-1117","1"
"W09-1117","P11-2090","1"
"P15-1119","W18-6011","1"
"W18-6011","P15-1119","1"
"P19-1172","W16-2002","1"
"W16-2002","P19-1172","1"
"P94-1013","W02-2006","1"
"W02-2006","P94-1013","1"
"W08-2006","W09-3209","3"
"W09-3209","W08-2006","3"
