"2012.amta-papers.26","2021.acl-long.566","1.21212"
"2021.acl-long.566","2012.amta-papers.26","1.21212"
"2012.amta-papers.26","D12-1058","1"
"D12-1058","2012.amta-papers.26","1"
"2012.amta-papers.26","N15-1065","1"
"N15-1065","2012.amta-papers.26","1"
"2012.amta-papers.26","2020.acl-main.532","0.116883"
"2020.acl-main.532","2012.amta-papers.26","0.116883"
"2012.amta-papers.26","2020.tacl-1.46","1.07143"
"2020.tacl-1.46","2012.amta-papers.26","1.07143"
"2012.amta-papers.26","2020.wmt-1.23","0.0714286"
"2020.wmt-1.23","2012.amta-papers.26","0.0714286"
"2012.amta-papers.26","D19-5206","0.116883"
"D19-5206","2012.amta-papers.26","0.116883"
"2012.amta-papers.26","P17-2062","0.116883"
"P17-2062","2012.amta-papers.26","0.116883"
"2012.amta-papers.26","Q17-1034","0.116883"
"Q17-1034","2012.amta-papers.26","0.116883"
"2012.amta-papers.26","W18-1811","1.11688"
"W18-1811","2012.amta-papers.26","1.11688"
"2012.amta-papers.26","W18-6419","0.116883"
"W18-6419","2012.amta-papers.26","0.116883"
"2012.amta-papers.26","W19-5313","0.116883"
"W19-5313","2012.amta-papers.26","0.116883"
"2012.amta-papers.26","W19-5330","0.0714286"
"W19-5330","2012.amta-papers.26","0.0714286"
"2012.amta-papers.26","W19-5428","0.116883"
"W19-5428","2012.amta-papers.26","0.116883"
"2012.amta-papers.26","W19-6613","0.116883"
"W19-6613","2012.amta-papers.26","0.116883"
"2012.amta-papers.26","Y18-3003","0.0714286"
"Y18-3003","2012.amta-papers.26","0.0714286"
"2012.amta-papers.26","Y18-3007","0.116883"
"Y18-3007","2012.amta-papers.26","0.116883"
"2020.acl-main.532","2020.tacl-1.46","0.224838"
"2020.tacl-1.46","2020.acl-main.532","0.224838"
"2020.acl-main.532","2020.wmt-1.23","0.335949"
"2020.wmt-1.23","2020.acl-main.532","0.335949"
"2020.acl-main.532","D19-5206","0.270292"
"D19-5206","2020.acl-main.532","0.270292"
"2020.acl-main.532","P17-2062","0.116883"
"P17-2062","2020.acl-main.532","0.116883"
"2020.acl-main.532","Q17-1034","0.116883"
"Q17-1034","2020.acl-main.532","0.116883"
"2020.acl-main.532","W18-1811","0.207792"
"W18-1811","2020.acl-main.532","0.207792"
"2020.acl-main.532","W18-6419","0.381403"
"W18-6419","2020.acl-main.532","0.381403"
"2020.acl-main.532","W19-5313","0.381403"
"W19-5313","2020.acl-main.532","0.381403"
"2020.acl-main.532","W19-5330","0.335949"
"W19-5330","2020.acl-main.532","0.335949"
"2020.acl-main.532","W19-5428","0.290494"
"W19-5428","2020.acl-main.532","0.290494"
"2020.acl-main.532","W19-6613","0.179383"
"W19-6613","2020.acl-main.532","0.179383"
"2020.acl-main.532","Y18-3003","0.0714286"
"Y18-3003","2020.acl-main.532","0.0714286"
"2020.acl-main.532","Y18-3007","0.881403"
"Y18-3007","2020.acl-main.532","0.881403"
"2020.tacl-1.46","2020.wmt-1.23","0.224838"
"2020.wmt-1.23","2020.tacl-1.46","0.224838"
"2020.tacl-1.46","D19-5206","0.349838"
"D19-5206","2020.tacl-1.46","0.349838"
"2020.tacl-1.46","P17-2062","0.0714286"
"P17-2062","2020.tacl-1.46","0.0714286"
"2020.tacl-1.46","Q17-1034","0.196429"
"Q17-1034","2020.tacl-1.46","0.196429"
"2020.tacl-1.46","W18-1811","0.287338"
"W18-1811","2020.tacl-1.46","0.287338"
"2020.tacl-1.46","W18-6419","0.349838"
"W18-6419","2020.tacl-1.46","0.349838"
"2020.tacl-1.46","W19-5313","0.224838"
"W19-5313","2020.tacl-1.46","0.224838"
"2020.tacl-1.46","W19-5330","0.224838"
"W19-5330","2020.tacl-1.46","0.224838"
"2020.tacl-1.46","W19-5428","0.258929"
"W19-5428","2020.tacl-1.46","0.258929"
"2020.tacl-1.46","W19-6613","0.133929"
"W19-6613","2020.tacl-1.46","0.133929"
"2020.tacl-1.46","Y18-3003","0.0714286"
"Y18-3003","2020.tacl-1.46","0.0714286"
"2020.tacl-1.46","Y18-3007","0.349838"
"Y18-3007","2020.tacl-1.46","0.349838"
"2020.wmt-1.23","D19-5206","0.535949"
"D19-5206","2020.wmt-1.23","0.535949"
"2020.wmt-1.23","P17-2062","0.0714286"
"P17-2062","2020.wmt-1.23","0.0714286"
"2020.wmt-1.23","Q17-1034","0.18254"
"Q17-1034","2020.wmt-1.23","0.18254"
"2020.wmt-1.23","W18-1811","0.273449"
"W18-1811","2020.wmt-1.23","0.273449"
"2020.wmt-1.23","W18-6419","0.64706"
"W18-6419","2020.wmt-1.23","0.64706"
"2020.wmt-1.23","W19-5313","0.335949"
"W19-5313","2020.wmt-1.23","0.335949"
"2020.wmt-1.23","W19-5330","0.64706"
"W19-5330","2020.wmt-1.23","0.64706"
"2020.wmt-1.23","W19-5428","0.556151"
"W19-5428","2020.wmt-1.23","0.556151"
"2020.wmt-1.23","W19-6613","0.24504"
"W19-6613","2020.wmt-1.23","0.24504"
"2020.wmt-1.23","Y18-3003","0.0714286"
"Y18-3003","2020.wmt-1.23","0.0714286"
"2020.wmt-1.23","Y18-3007","0.64706"
"Y18-3007","2020.wmt-1.23","0.64706"
"D19-5206","P17-2062","0.116883"
"P17-2062","D19-5206","0.116883"
"D19-5206","Q17-1034","0.352994"
"Q17-1034","D19-5206","0.352994"
"D19-5206","W18-1811","0.443903"
"W18-1811","D19-5206","0.443903"
"D19-5206","W18-6419","0.706403"
"W18-6419","D19-5206","0.706403"
"D19-5206","W19-5313","0.270292"
"W19-5313","D19-5206","0.270292"
"D19-5206","W19-5330","1.31928"
"W19-5330","D19-5206","1.31928"
"D19-5206","W19-5428","1.06549"
"W19-5428","D19-5206","1.06549"
"D19-5206","W19-6613","0.823828"
"W19-6613","D19-5206","0.823828"
"D19-5206","Y18-3003","0.0714286"
"Y18-3003","D19-5206","0.0714286"
"D19-5206","Y18-3007","0.706403"
"Y18-3007","D19-5206","0.706403"
"P17-2062","Q17-1034","6.11688"
"Q17-1034","P17-2062","6.11688"
"P17-2062","W18-1811","0.116883"
"W18-1811","P17-2062","0.116883"
"P17-2062","W18-6419","0.116883"
"W18-6419","P17-2062","0.116883"
"P17-2062","W19-5313","0.116883"
"W19-5313","P17-2062","0.116883"
"P17-2062","W19-5330","0.571429"
"W19-5330","P17-2062","0.571429"
"P17-2062","W19-5428","0.116883"
"W19-5428","P17-2062","0.116883"
"P17-2062","W19-6613","1.11688"
"W19-6613","P17-2062","1.11688"
"P17-2062","Y18-3003","0.0714286"
"Y18-3003","P17-2062","0.0714286"
"P17-2062","Y18-3007","0.116883"
"Y18-3007","P17-2062","0.116883"
"Q17-1034","W18-1811","1.35299"
"W18-1811","Q17-1034","1.35299"
"Q17-1034","W18-6419","0.352994"
"W18-6419","Q17-1034","0.352994"
"Q17-1034","W19-5313","0.116883"
"W19-5313","Q17-1034","0.116883"
"Q17-1034","W19-5330","0.18254"
"W19-5330","Q17-1034","0.18254"
"Q17-1034","W19-5428","0.352994"
"W19-5428","Q17-1034","0.352994"
"Q17-1034","W19-6613","0.727994"
"W19-6613","Q17-1034","0.727994"
"Q17-1034","Y18-3003","0.0714286"
"Y18-3003","Q17-1034","0.0714286"
"Q17-1034","Y18-3007","0.352994"
"Y18-3007","Q17-1034","0.352994"
"W18-1811","W18-6419","2.05501"
"W18-6419","W18-1811","2.05501"
"W18-1811","W19-5313","0.207792"
"W19-5313","W18-1811","0.207792"
"W18-1811","W19-5330","0.38456"
"W19-5330","W18-1811","0.38456"
"W18-1811","W19-5428","0.464105"
"W19-5428","W18-1811","0.464105"
"W18-1811","W19-6613","0.339105"
"W19-6613","W18-1811","0.339105"
"W18-1811","Y18-3003","0.0714286"
"Y18-3003","W18-1811","0.0714286"
"W18-1811","Y18-3007","0.443903"
"Y18-3007","W18-1811","0.443903"
"W18-6419","W19-5313","0.381403"
"W19-5313","W18-6419","0.381403"
"W18-6419","W19-5330","0.758171"
"W19-5330","W18-6419","0.758171"
"W18-6419","W19-5428","0.837716"
"W19-5428","W18-6419","0.837716"
"W18-6419","W19-6613","0.401605"
"W19-6613","W18-6419","0.401605"
"W18-6419","Y18-3003","0.0714286"
"Y18-3003","W18-6419","0.0714286"
"W18-6419","Y18-3007","0.817514"
"Y18-3007","W18-6419","0.817514"
"W19-5313","W19-5330","1.33595"
"W19-5330","W19-5313","1.33595"
"W19-5313","W19-5428","0.290494"
"W19-5428","W19-5313","0.290494"
"W19-5313","W19-6613","0.655574"
"W19-6613","W19-5313","0.655574"
"W19-5313","Y18-3003","0.214286"
"Y18-3003","W19-5313","0.214286"
"W19-5313","Y18-3007","0.381403"
"Y18-3007","W19-5313","0.381403"
"W19-5330","W19-5428","1.11726"
"W19-5428","W19-5330","1.11726"
"W19-5330","W19-6613","0.722817"
"W19-6613","W19-5330","0.722817"
"W19-5330","Y18-3003","0.238095"
"Y18-3003","W19-5330","0.238095"
"W19-5330","Y18-3007","0.64706"
"Y18-3007","W19-5330","0.64706"
"W19-5428","W19-6613","0.601605"
"W19-6613","W19-5428","0.601605"
"W19-5428","Y18-3003","0.0714286"
"Y18-3003","W19-5428","0.0714286"
"W19-5428","Y18-3007","0.726605"
"Y18-3007","W19-5428","0.726605"
"W19-6613","Y18-3003","0.380952"
"Y18-3003","W19-6613","0.380952"
"W19-6613","Y18-3007","0.290494"
"Y18-3007","W19-6613","0.290494"
"Y18-3003","Y18-3007","0.0714286"
"Y18-3007","Y18-3003","0.0714286"
"2012.amta-papers.26","D19-1146","1.04545"
"D19-1146","2012.amta-papers.26","1.04545"
"2012.amta-papers.26","2015.mtsummit-papers.1","0.0454545"
"2015.mtsummit-papers.1","2012.amta-papers.26","0.0454545"
"2012.amta-papers.26","2020.lrec-1.449","0.0454545"
"2020.lrec-1.449","2012.amta-papers.26","0.0454545"
"2012.amta-papers.26","2020.ngt-1.3","0.0454545"
"2020.ngt-1.3","2012.amta-papers.26","0.0454545"
"2012.amta-papers.26","2020.wmt-1.61","0.0454545"
"2020.wmt-1.61","2012.amta-papers.26","0.0454545"
"2012.amta-papers.26","2021.eval4nlp-1.15","0.212121"
"2021.eval4nlp-1.15","2012.amta-papers.26","0.212121"
"2012.amta-papers.26","2021.mtsummit-research.10","0.0454545"
"2021.mtsummit-research.10","2012.amta-papers.26","0.0454545"
"2012.amta-papers.26","I17-2019","0.212121"
"I17-2019","2012.amta-papers.26","0.212121"
"2012.amta-papers.26","W17-0807","0.0454545"
"W17-0807","2012.amta-papers.26","0.0454545"
"2012.amta-papers.26","W17-5705","0.212121"
"W17-5705","2012.amta-papers.26","0.212121"
"2012.amta-papers.26","W18-2707","0.0454545"
"W18-2707","2012.amta-papers.26","0.0454545"
"2015.mtsummit-papers.1","2020.acl-main.532","0.0454545"
"2020.acl-main.532","2015.mtsummit-papers.1","0.0454545"
"2015.mtsummit-papers.1","2020.lrec-1.449","0.0454545"
"2020.lrec-1.449","2015.mtsummit-papers.1","0.0454545"
"2015.mtsummit-papers.1","2020.ngt-1.3","0.0454545"
"2020.ngt-1.3","2015.mtsummit-papers.1","0.0454545"
"2015.mtsummit-papers.1","2020.wmt-1.61","0.0454545"
"2020.wmt-1.61","2015.mtsummit-papers.1","0.0454545"
"2015.mtsummit-papers.1","2021.acl-long.566","1.04545"
"2021.acl-long.566","2015.mtsummit-papers.1","1.04545"
"2015.mtsummit-papers.1","2021.eval4nlp-1.15","0.0454545"
"2021.eval4nlp-1.15","2015.mtsummit-papers.1","0.0454545"
"2015.mtsummit-papers.1","2021.mtsummit-research.10","0.0454545"
"2021.mtsummit-research.10","2015.mtsummit-papers.1","0.0454545"
"2015.mtsummit-papers.1","D19-1146","0.0454545"
"D19-1146","2015.mtsummit-papers.1","0.0454545"
"2015.mtsummit-papers.1","D19-5206","0.281566"
"D19-5206","2015.mtsummit-papers.1","0.281566"
"2015.mtsummit-papers.1","I17-2019","0.0454545"
"I17-2019","2015.mtsummit-papers.1","0.0454545"
"2015.mtsummit-papers.1","P17-2062","0.0454545"
"P17-2062","2015.mtsummit-papers.1","0.0454545"
"2015.mtsummit-papers.1","Q17-1034","0.281566"
"Q17-1034","2015.mtsummit-papers.1","0.281566"
"2015.mtsummit-papers.1","W17-0807","0.0454545"
"W17-0807","2015.mtsummit-papers.1","0.0454545"
"2015.mtsummit-papers.1","W17-5705","0.0454545"
"W17-5705","2015.mtsummit-papers.1","0.0454545"
"2015.mtsummit-papers.1","W18-1811","0.281566"
"W18-1811","2015.mtsummit-papers.1","0.281566"
"2015.mtsummit-papers.1","W18-2707","0.0454545"
"W18-2707","2015.mtsummit-papers.1","0.0454545"
"2015.mtsummit-papers.1","W18-6419","0.281566"
"W18-6419","2015.mtsummit-papers.1","0.281566"
"2015.mtsummit-papers.1","W19-5313","0.0454545"
"W19-5313","2015.mtsummit-papers.1","0.0454545"
"2015.mtsummit-papers.1","W19-5428","0.281566"
"W19-5428","2015.mtsummit-papers.1","0.281566"
"2015.mtsummit-papers.1","W19-6613","0.156566"
"W19-6613","2015.mtsummit-papers.1","0.156566"
"2015.mtsummit-papers.1","Y18-3007","0.281566"
"Y18-3007","2015.mtsummit-papers.1","0.281566"
"2020.acl-main.532","2020.lrec-1.449","0.107955"
"2020.lrec-1.449","2020.acl-main.532","0.107955"
"2020.acl-main.532","2020.ngt-1.3","0.0454545"
"2020.ngt-1.3","2020.acl-main.532","0.0454545"
"2020.acl-main.532","2020.wmt-1.61","0.107955"
"2020.wmt-1.61","2020.acl-main.532","0.107955"
"2020.acl-main.532","2021.acl-long.566","0.156566"
"2021.acl-long.566","2020.acl-main.532","0.156566"
"2020.acl-main.532","2021.eval4nlp-1.15","0.136364"
"2021.eval4nlp-1.15","2020.acl-main.532","0.136364"
"2020.acl-main.532","2021.mtsummit-research.10","0.107955"
"2021.mtsummit-research.10","2020.acl-main.532","0.107955"
"2020.acl-main.532","D19-1146","0.107955"
"D19-1146","2020.acl-main.532","0.107955"
"2020.acl-main.532","I17-2019","0.0454545"
"I17-2019","2020.acl-main.532","0.0454545"
"2020.acl-main.532","W17-0807","0.0454545"
"W17-0807","2020.acl-main.532","0.0454545"
"2020.acl-main.532","W17-5705","0.107955"
"W17-5705","2020.acl-main.532","0.107955"
"2020.acl-main.532","W18-2707","0.198864"
"W18-2707","2020.acl-main.532","0.198864"
"2020.lrec-1.449","2020.ngt-1.3","0.0454545"
"2020.ngt-1.3","2020.lrec-1.449","0.0454545"
"2020.lrec-1.449","2020.wmt-1.61","0.917478"
"2020.wmt-1.61","2020.lrec-1.449","0.917478"
"2020.lrec-1.449","2021.acl-long.566","0.0454545"
"2021.acl-long.566","2020.lrec-1.449","0.0454545"
"2020.lrec-1.449","2021.eval4nlp-1.15","0.0454545"
"2021.eval4nlp-1.15","2020.lrec-1.449","0.0454545"
"2020.lrec-1.449","2021.mtsummit-research.10","1.86192"
"2021.mtsummit-research.10","2020.lrec-1.449","1.86192"
"2020.lrec-1.449","D19-1146","2.91748"
"D19-1146","2020.lrec-1.449","2.91748"
"2020.lrec-1.449","D19-5206","0.107955"
"D19-5206","2020.lrec-1.449","0.107955"
"2020.lrec-1.449","I17-2019","0.0454545"
"I17-2019","2020.lrec-1.449","0.0454545"
"2020.lrec-1.449","P17-2062","0.545455"
"P17-2062","2020.lrec-1.449","0.545455"
"2020.lrec-1.449","Q17-1034","0.0454545"
"Q17-1034","2020.lrec-1.449","0.0454545"
"2020.lrec-1.449","W17-0807","0.0454545"
"W17-0807","2020.lrec-1.449","0.0454545"
"2020.lrec-1.449","W17-5705","0.107955"
"W17-5705","2020.lrec-1.449","0.107955"
"2020.lrec-1.449","W18-1811","0.156566"
"W18-1811","2020.lrec-1.449","0.156566"
"2020.lrec-1.449","W18-2707","0.750812"
"W18-2707","2020.lrec-1.449","0.750812"
"2020.lrec-1.449","W18-6419","0.219066"
"W18-6419","2020.lrec-1.449","0.219066"
"2020.lrec-1.449","W19-5313","0.250812"
"W19-5313","2020.lrec-1.449","0.250812"
"2020.lrec-1.449","W19-5428","0.219066"
"W19-5428","2020.lrec-1.449","0.219066"
"2020.lrec-1.449","W19-6613","1.52859"
"W19-6613","2020.lrec-1.449","1.52859"
"2020.lrec-1.449","Y18-3007","0.107955"
"Y18-3007","2020.lrec-1.449","0.107955"
"2020.ngt-1.3","2020.wmt-1.61","2.29545"
"2020.wmt-1.61","2020.ngt-1.3","2.29545"
"2020.ngt-1.3","2021.acl-long.566","0.378788"
"2021.acl-long.566","2020.ngt-1.3","0.378788"
"2020.ngt-1.3","2021.eval4nlp-1.15","1.29545"
"2021.eval4nlp-1.15","2020.ngt-1.3","1.29545"
"2020.ngt-1.3","2021.mtsummit-research.10","0.628788"
"2021.mtsummit-research.10","2020.ngt-1.3","0.628788"
"2020.ngt-1.3","D19-1146","0.0454545"
"D19-1146","2020.ngt-1.3","0.0454545"
"2020.ngt-1.3","D19-5206","0.0454545"
"D19-5206","2020.ngt-1.3","0.0454545"
"2020.ngt-1.3","I17-2019","0.0454545"
"I17-2019","2020.ngt-1.3","0.0454545"
"2020.ngt-1.3","P17-2062","0.0454545"
"P17-2062","2020.ngt-1.3","0.0454545"
"2020.ngt-1.3","Q17-1034","0.0454545"
"Q17-1034","2020.ngt-1.3","0.0454545"
"2020.ngt-1.3","W17-0807","0.0454545"
"W17-0807","2020.ngt-1.3","0.0454545"
"2020.ngt-1.3","W17-5705","0.0454545"
"W17-5705","2020.ngt-1.3","0.0454545"
"2020.ngt-1.3","W18-1811","0.0454545"
"W18-1811","2020.ngt-1.3","0.0454545"
"2020.ngt-1.3","W18-2707","0.0454545"
"W18-2707","2020.ngt-1.3","0.0454545"
"2020.ngt-1.3","W18-6419","0.0454545"
"W18-6419","2020.ngt-1.3","0.0454545"
"2020.ngt-1.3","W19-5313","0.0454545"
"W19-5313","2020.ngt-1.3","0.0454545"
"2020.ngt-1.3","W19-5428","0.0454545"
"W19-5428","2020.ngt-1.3","0.0454545"
"2020.ngt-1.3","W19-6613","0.0454545"
"W19-6613","2020.ngt-1.3","0.0454545"
"2020.ngt-1.3","Y18-3007","0.0454545"
"Y18-3007","2020.ngt-1.3","0.0454545"
"2020.wmt-1.61","2021.acl-long.566","0.0454545"
"2021.acl-long.566","2020.wmt-1.61","0.0454545"
"2020.wmt-1.61","2021.eval4nlp-1.15","0.295455"
"2021.eval4nlp-1.15","2020.wmt-1.61","0.295455"
"2020.wmt-1.61","2021.mtsummit-research.10","2.00081"
"2021.mtsummit-research.10","2020.wmt-1.61","2.00081"
"2020.wmt-1.61","D19-1146","0.417478"
"D19-1146","2020.wmt-1.61","0.417478"
"2020.wmt-1.61","D19-5206","0.107955"
"D19-5206","2020.wmt-1.61","0.107955"
"2020.wmt-1.61","I17-2019","0.0454545"
"I17-2019","2020.wmt-1.61","0.0454545"
"2020.wmt-1.61","P17-2062","0.0454545"
"P17-2062","2020.wmt-1.61","0.0454545"
"2020.wmt-1.61","Q17-1034","0.0454545"
"Q17-1034","2020.wmt-1.61","0.0454545"
"2020.wmt-1.61","W17-0807","0.0454545"
"W17-0807","2020.wmt-1.61","0.0454545"
"2020.wmt-1.61","W17-5705","0.107955"
"W17-5705","2020.wmt-1.61","0.107955"
"2020.wmt-1.61","W18-1811","0.0454545"
"W18-1811","2020.wmt-1.61","0.0454545"
"2020.wmt-1.61","W18-2707","0.250812"
"W18-2707","2020.wmt-1.61","0.250812"
"2020.wmt-1.61","W18-6419","0.107955"
"W18-6419","2020.wmt-1.61","0.107955"
"2020.wmt-1.61","W19-5313","0.250812"
"W19-5313","2020.wmt-1.61","0.250812"
"2020.wmt-1.61","W19-5428","0.107955"
"W19-5428","2020.wmt-1.61","0.107955"
"2020.wmt-1.61","W19-6613","0.417478"
"W19-6613","2020.wmt-1.61","0.417478"
"2020.wmt-1.61","Y18-3007","0.107955"
"Y18-3007","2020.wmt-1.61","0.107955"
"2021.acl-long.566","2021.eval4nlp-1.15","0.212121"
"2021.eval4nlp-1.15","2021.acl-long.566","0.212121"
"2021.acl-long.566","2021.mtsummit-research.10","0.378788"
"2021.mtsummit-research.10","2021.acl-long.566","0.378788"
"2021.acl-long.566","D19-1146","0.0454545"
"D19-1146","2021.acl-long.566","0.0454545"
"2021.acl-long.566","D19-5206","0.0454545"
"D19-5206","2021.acl-long.566","0.0454545"
"2021.acl-long.566","I17-2019","0.212121"
"I17-2019","2021.acl-long.566","0.212121"
"2021.acl-long.566","P17-2062","0.0454545"
"P17-2062","2021.acl-long.566","0.0454545"
"2021.acl-long.566","Q17-1034","0.0454545"
"Q17-1034","2021.acl-long.566","0.0454545"
"2021.acl-long.566","W17-0807","0.0454545"
"W17-0807","2021.acl-long.566","0.0454545"
"2021.acl-long.566","W17-5705","0.212121"
"W17-5705","2021.acl-long.566","0.212121"
"2021.acl-long.566","W18-1811","0.0454545"
"W18-1811","2021.acl-long.566","0.0454545"
"2021.acl-long.566","W18-2707","0.0454545"
"W18-2707","2021.acl-long.566","0.0454545"
"2021.acl-long.566","W18-6419","0.156566"
"W18-6419","2021.acl-long.566","0.156566"
"2021.acl-long.566","W19-5313","0.156566"
"W19-5313","2021.acl-long.566","0.156566"
"2021.acl-long.566","W19-5428","0.156566"
"W19-5428","2021.acl-long.566","0.156566"
"2021.acl-long.566","W19-6613","0.0454545"
"W19-6613","2021.acl-long.566","0.0454545"
"2021.acl-long.566","Y18-3007","0.156566"
"Y18-3007","2021.acl-long.566","0.156566"
"2021.eval4nlp-1.15","2021.mtsummit-research.10","0.295455"
"2021.mtsummit-research.10","2021.eval4nlp-1.15","0.295455"
"2021.eval4nlp-1.15","D19-1146","0.0454545"
"D19-1146","2021.eval4nlp-1.15","0.0454545"
"2021.eval4nlp-1.15","D19-5206","0.136364"
"D19-5206","2021.eval4nlp-1.15","0.136364"
"2021.eval4nlp-1.15","I17-2019","0.212121"
"I17-2019","2021.eval4nlp-1.15","0.212121"
"2021.eval4nlp-1.15","P17-2062","0.0454545"
"P17-2062","2021.eval4nlp-1.15","0.0454545"
"2021.eval4nlp-1.15","Q17-1034","0.0454545"
"Q17-1034","2021.eval4nlp-1.15","0.0454545"
"2021.eval4nlp-1.15","W17-0807","0.0454545"
"W17-0807","2021.eval4nlp-1.15","0.0454545"
"2021.eval4nlp-1.15","W17-5705","0.212121"
"W17-5705","2021.eval4nlp-1.15","0.212121"
"2021.eval4nlp-1.15","W18-1811","0.636364"
"W18-1811","2021.eval4nlp-1.15","0.636364"
"2021.eval4nlp-1.15","W18-2707","0.136364"
"W18-2707","2021.eval4nlp-1.15","0.136364"
"2021.eval4nlp-1.15","W18-6419","0.136364"
"W18-6419","2021.eval4nlp-1.15","0.136364"
"2021.eval4nlp-1.15","W19-5313","0.136364"
"W19-5313","2021.eval4nlp-1.15","0.136364"
"2021.eval4nlp-1.15","W19-5428","0.0454545"
"W19-5428","2021.eval4nlp-1.15","0.0454545"
"2021.eval4nlp-1.15","W19-6613","0.0454545"
"W19-6613","2021.eval4nlp-1.15","0.0454545"
"2021.eval4nlp-1.15","Y18-3007","0.136364"
"Y18-3007","2021.eval4nlp-1.15","0.136364"
"2021.mtsummit-research.10","D19-1146","0.584145"
"D19-1146","2021.mtsummit-research.10","0.584145"
"2021.mtsummit-research.10","D19-5206","0.107955"
"D19-5206","2021.mtsummit-research.10","0.107955"
"2021.mtsummit-research.10","I17-2019","0.0454545"
"I17-2019","2021.mtsummit-research.10","0.0454545"
"2021.mtsummit-research.10","P17-2062","0.0454545"
"P17-2062","2021.mtsummit-research.10","0.0454545"
"2021.mtsummit-research.10","Q17-1034","0.0454545"
"Q17-1034","2021.mtsummit-research.10","0.0454545"
"2021.mtsummit-research.10","W17-0807","0.0454545"
"W17-0807","2021.mtsummit-research.10","0.0454545"
"2021.mtsummit-research.10","W17-5705","0.107955"
"W17-5705","2021.mtsummit-research.10","0.107955"
"2021.mtsummit-research.10","W18-1811","0.156566"
"W18-1811","2021.mtsummit-research.10","0.156566"
"2021.mtsummit-research.10","W18-2707","0.250812"
"W18-2707","2021.mtsummit-research.10","0.250812"
"2021.mtsummit-research.10","W18-6419","0.219066"
"W18-6419","2021.mtsummit-research.10","0.219066"
"2021.mtsummit-research.10","W19-5313","0.584145"
"W19-5313","2021.mtsummit-research.10","0.584145"
"2021.mtsummit-research.10","W19-5428","0.219066"
"W19-5428","2021.mtsummit-research.10","0.219066"
"2021.mtsummit-research.10","W19-6613","0.695256"
"W19-6613","2021.mtsummit-research.10","0.695256"
"2021.mtsummit-research.10","Y18-3007","0.107955"
"Y18-3007","2021.mtsummit-research.10","0.107955"
"D19-1146","D19-5206","0.107955"
"D19-5206","D19-1146","0.107955"
"D19-1146","I17-2019","0.0454545"
"I17-2019","D19-1146","0.0454545"
"D19-1146","P17-2062","0.0454545"
"P17-2062","D19-1146","0.0454545"
"D19-1146","Q17-1034","0.0454545"
"Q17-1034","D19-1146","0.0454545"
"D19-1146","W17-0807","0.0454545"
"W17-0807","D19-1146","0.0454545"
"D19-1146","W17-5705","0.107955"
"W17-5705","D19-1146","0.107955"
"D19-1146","W18-1811","0.0454545"
"W18-1811","D19-1146","0.0454545"
"D19-1146","W18-2707","0.750812"
"W18-2707","D19-1146","0.750812"
"D19-1146","W18-6419","0.107955"
"W18-6419","D19-1146","0.107955"
"D19-1146","W19-5313","0.584145"
"W19-5313","D19-1146","0.584145"
"D19-1146","W19-5428","0.107955"
"W19-5428","D19-1146","0.107955"
"D19-1146","W19-6613","1.25081"
"W19-6613","D19-1146","1.25081"
"D19-1146","Y18-3007","0.107955"
"Y18-3007","D19-1146","0.107955"
"D19-5206","I17-2019","0.0454545"
"I17-2019","D19-5206","0.0454545"
"D19-5206","W17-0807","0.0454545"
"W17-0807","D19-5206","0.0454545"
"D19-5206","W17-5705","0.441288"
"W17-5705","D19-5206","0.441288"
"D19-5206","W18-2707","0.198864"
"W18-2707","D19-5206","0.198864"
"I17-2019","P17-2062","1.04545"
"P17-2062","I17-2019","1.04545"
"I17-2019","Q17-1034","0.0454545"
"Q17-1034","I17-2019","0.0454545"
"I17-2019","W17-0807","0.0454545"
"W17-0807","I17-2019","0.0454545"
"I17-2019","W17-5705","0.212121"
"W17-5705","I17-2019","0.212121"
"I17-2019","W18-1811","0.0454545"
"W18-1811","I17-2019","0.0454545"
"I17-2019","W18-2707","0.0454545"
"W18-2707","I17-2019","0.0454545"
"I17-2019","W18-6419","0.0454545"
"W18-6419","I17-2019","0.0454545"
"I17-2019","W19-5313","0.0454545"
"W19-5313","I17-2019","0.0454545"
"I17-2019","W19-5428","0.0454545"
"W19-5428","I17-2019","0.0454545"
"I17-2019","W19-6613","0.0454545"
"W19-6613","I17-2019","0.0454545"
"I17-2019","Y18-3007","0.0454545"
"Y18-3007","I17-2019","0.0454545"
"P17-2062","W17-0807","0.0454545"
"W17-0807","P17-2062","0.0454545"
"P17-2062","W17-5705","0.0454545"
"W17-5705","P17-2062","0.0454545"
"P17-2062","W18-2707","0.545455"
"W18-2707","P17-2062","0.545455"
"Q17-1034","W17-0807","0.0454545"
"W17-0807","Q17-1034","0.0454545"
"Q17-1034","W17-5705","0.0454545"
"W17-5705","Q17-1034","0.0454545"
"Q17-1034","W18-2707","0.545455"
"W18-2707","Q17-1034","0.545455"
"W17-0807","W17-5705","0.0454545"
"W17-5705","W17-0807","0.0454545"
"W17-0807","W18-1811","0.0454545"
"W18-1811","W17-0807","0.0454545"
"W17-0807","W18-2707","0.0454545"
"W18-2707","W17-0807","0.0454545"
"W17-0807","W18-6419","0.0454545"
"W18-6419","W17-0807","0.0454545"
"W17-0807","W19-5313","0.0454545"
"W19-5313","W17-0807","0.0454545"
"W17-0807","W19-5428","0.0454545"
"W19-5428","W17-0807","0.0454545"
"W17-0807","W19-6613","0.0454545"
"W19-6613","W17-0807","0.0454545"
"W17-0807","Y18-3007","0.0454545"
"Y18-3007","W17-0807","0.0454545"
"W17-5705","W18-1811","0.0454545"
"W18-1811","W17-5705","0.0454545"
"W17-5705","W18-2707","2.10795"
"W18-2707","W17-5705","2.10795"
"W17-5705","W18-6419","0.107955"
"W18-6419","W17-5705","0.107955"
"W17-5705","W19-5313","0.107955"
"W19-5313","W17-5705","0.107955"
"W17-5705","W19-5428","0.107955"
"W19-5428","W17-5705","0.107955"
"W17-5705","W19-6613","0.441288"
"W19-6613","W17-5705","0.441288"
"W17-5705","Y18-3007","0.107955"
"Y18-3007","W17-5705","0.107955"
"W18-1811","W18-2707","0.136364"
"W18-2707","W18-1811","0.136364"
"W18-2707","W18-6419","0.198864"
"W18-6419","W18-2707","0.198864"
"W18-2707","W19-5313","0.341721"
"W19-5313","W18-2707","0.341721"
"W18-2707","W19-5428","0.107955"
"W19-5428","W18-2707","0.107955"
"W18-2707","W19-6613","0.250812"
"W19-6613","W18-2707","0.250812"
"W18-2707","Y18-3007","0.198864"
"Y18-3007","W18-2707","0.198864"
"2012.amta-papers.26","2021.eacl-main.132","0.166667"
"2021.eacl-main.132","2012.amta-papers.26","0.166667"
"2012.amta-papers.26","2021.mtsummit-research.18","0.166667"
"2021.mtsummit-research.18","2012.amta-papers.26","0.166667"
"2021.acl-long.566","2021.eacl-main.132","0.166667"
"2021.eacl-main.132","2021.acl-long.566","0.166667"
"2021.acl-long.566","2021.mtsummit-research.18","1.61111"
"2021.mtsummit-research.18","2021.acl-long.566","1.61111"
"2021.eacl-main.132","2021.eval4nlp-1.15","0.166667"
"2021.eval4nlp-1.15","2021.eacl-main.132","0.166667"
"2021.eacl-main.132","2021.mtsummit-research.18","0.277778"
"2021.mtsummit-research.18","2021.eacl-main.132","0.277778"
"2021.eacl-main.132","I17-2019","0.166667"
"I17-2019","2021.eacl-main.132","0.166667"
"2021.eacl-main.132","W17-5705","0.166667"
"W17-5705","2021.eacl-main.132","0.166667"
"2021.eval4nlp-1.15","2021.mtsummit-research.18","0.257576"
"2021.mtsummit-research.18","2021.eval4nlp-1.15","0.257576"
"2021.mtsummit-research.18","I17-2019","0.166667"
"I17-2019","2021.mtsummit-research.18","0.166667"
"2021.mtsummit-research.18","W17-5705","0.166667"
"W17-5705","2021.mtsummit-research.18","0.166667"
"2015.mtsummit-papers.1","2020.wmt-1.23","0.111111"
"2020.wmt-1.23","2015.mtsummit-papers.1","0.111111"
"2015.mtsummit-papers.1","W19-5330","0.111111"
"W19-5330","2015.mtsummit-papers.1","0.111111"
"2015.mtsummit-papers.1","2020.tacl-1.46","0.125"
"2020.tacl-1.46","2015.mtsummit-papers.1","0.125"
"2015.mtsummit-papers.1","P19-1312","0.125"
"P19-1312","2015.mtsummit-papers.1","0.125"
"2020.tacl-1.46","P19-1312","0.125"
"P19-1312","2020.tacl-1.46","0.125"
"D19-5206","P19-1312","0.908333"
"P19-1312","D19-5206","0.908333"
"P19-1312","Q17-1034","0.125"
"Q17-1034","P19-1312","0.125"
"P19-1312","W18-1811","0.625"
"W18-1811","P19-1312","0.625"
"P19-1312","W18-6419","0.125"
"W18-6419","P19-1312","0.125"
"P19-1312","W19-5428","0.575"
"W19-5428","P19-1312","0.575"
"P19-1312","Y18-3007","0.125"
"Y18-3007","P19-1312","0.125"
"2015.mtsummit-papers.1","D12-1058","1"
"D12-1058","2015.mtsummit-papers.1","1"
"2015.mtsummit-papers.1","2021.eacl-main.132","1"
"2021.eacl-main.132","2015.mtsummit-papers.1","1"
"2020.acl-main.532","N19-1384","0.673611"
"N19-1384","2020.acl-main.532","0.673611"
"N19-1384","Y18-3007","0.673611"
"Y18-3007","N19-1384","0.673611"
"2020.acl-main.532","2021.mtsummit-research.18","0.20202"
"2021.mtsummit-research.18","2020.acl-main.532","0.20202"
"2020.wmt-1.23","2021.acl-long.566","0.111111"
"2021.acl-long.566","2020.wmt-1.23","0.111111"
"2020.wmt-1.23","2021.mtsummit-research.18","0.20202"
"2021.mtsummit-research.18","2020.wmt-1.23","0.20202"
"2020.wmt-1.23","N19-1384","0.173611"
"N19-1384","2020.wmt-1.23","0.173611"
"2021.acl-long.566","N19-1384","0.111111"
"N19-1384","2021.acl-long.566","0.111111"
"2021.acl-long.566","W19-5330","0.111111"
"W19-5330","2021.acl-long.566","0.111111"
"2021.mtsummit-research.18","N19-1384","0.222222"
"N19-1384","2021.mtsummit-research.18","0.222222"
"2021.mtsummit-research.18","W18-6419","0.313131"
"W18-6419","2021.mtsummit-research.18","0.313131"
"2021.mtsummit-research.18","W19-5313","0.20202"
"W19-5313","2021.mtsummit-research.18","0.20202"
"2021.mtsummit-research.18","W19-5330","0.479798"
"W19-5330","2021.mtsummit-research.18","0.479798"
"2021.mtsummit-research.18","W19-5428","0.222222"
"W19-5428","2021.mtsummit-research.18","0.222222"
"2021.mtsummit-research.18","Y18-3007","0.20202"
"Y18-3007","2021.mtsummit-research.18","0.20202"
"N19-1384","W18-6419","1.78472"
"W18-6419","N19-1384","1.78472"
"N19-1384","W19-5313","0.173611"
"W19-5313","N19-1384","0.173611"
"N19-1384","W19-5330","1.06806"
"W19-5330","N19-1384","1.06806"
"N19-1384","W19-5428","0.734722"
"W19-5428","N19-1384","0.734722"
"2020.lrec-1.449","2020.tacl-1.46","0.0625"
"2020.tacl-1.46","2020.lrec-1.449","0.0625"
"2020.lrec-1.449","2020.wmt-1.23","0.0625"
"2020.wmt-1.23","2020.lrec-1.449","0.0625"
"2020.lrec-1.449","N19-1384","0.173611"
"N19-1384","2020.lrec-1.449","0.173611"
"2020.lrec-1.449","W19-5330","0.840278"
"W19-5330","2020.lrec-1.449","0.840278"
"2020.tacl-1.46","2020.wmt-1.61","0.3125"
"2020.wmt-1.61","2020.tacl-1.46","0.3125"
"2020.tacl-1.46","2021.mtsummit-research.10","0.3125"
"2021.mtsummit-research.10","2020.tacl-1.46","0.3125"
"2020.tacl-1.46","D19-1146","0.0625"
"D19-1146","2020.tacl-1.46","0.0625"
"2020.tacl-1.46","N19-1384","0.0625"
"N19-1384","2020.tacl-1.46","0.0625"
"2020.tacl-1.46","W17-5705","0.0625"
"W17-5705","2020.tacl-1.46","0.0625"
"2020.tacl-1.46","W18-2707","0.153409"
"W18-2707","2020.tacl-1.46","0.153409"
"2020.wmt-1.23","2020.wmt-1.61","0.0625"
"2020.wmt-1.61","2020.wmt-1.23","0.0625"
"2020.wmt-1.23","2021.mtsummit-research.10","0.0625"
"2021.mtsummit-research.10","2020.wmt-1.23","0.0625"
"2020.wmt-1.23","D19-1146","0.0625"
"D19-1146","2020.wmt-1.23","0.0625"
"2020.wmt-1.23","W17-5705","0.0625"
"W17-5705","2020.wmt-1.23","0.0625"
"2020.wmt-1.23","W18-2707","0.153409"
"W18-2707","2020.wmt-1.23","0.153409"
"2020.wmt-1.61","N19-1384","0.0625"
"N19-1384","2020.wmt-1.61","0.0625"
"2020.wmt-1.61","W19-5330","0.229167"
"W19-5330","2020.wmt-1.61","0.229167"
"2021.mtsummit-research.10","N19-1384","0.173611"
"N19-1384","2021.mtsummit-research.10","0.173611"
"2021.mtsummit-research.10","W19-5330","0.173611"
"W19-5330","2021.mtsummit-research.10","0.173611"
"D19-1146","N19-1384","0.5625"
"N19-1384","D19-1146","0.5625"
"D19-1146","W19-5330","0.229167"
"W19-5330","D19-1146","0.229167"
"D19-5206","N19-1384","1.17917"
"N19-1384","D19-5206","1.17917"
"N19-1384","W17-5705","1.39583"
"W17-5705","N19-1384","1.39583"
"N19-1384","W18-2707","1.0625"
"W18-2707","N19-1384","1.0625"
"N19-1384","W19-6613","1.70694"
"W19-6613","N19-1384","1.70694"
"W17-5705","W19-5330","0.0625"
"W19-5330","W17-5705","0.0625"
"W18-2707","W19-5330","0.153409"
"W19-5330","W18-2707","0.153409"
"2020.tacl-1.46","2021.eval4nlp-1.15","0.340909"
"2021.eval4nlp-1.15","2020.tacl-1.46","0.340909"
"2020.tacl-1.46","2021.mtsummit-research.18","0.0909091"
"2021.mtsummit-research.18","2020.tacl-1.46","0.0909091"
"2020.wmt-1.23","2021.eval4nlp-1.15","0.0909091"
"2021.eval4nlp-1.15","2020.wmt-1.23","0.0909091"
"2021.eval4nlp-1.15","W19-5330","0.0909091"
"W19-5330","2021.eval4nlp-1.15","0.0909091"
"2021.mtsummit-research.18","D19-5206","0.0909091"
"D19-5206","2021.mtsummit-research.18","0.0909091"
"2021.mtsummit-research.18","W18-1811","0.20202"
"W18-1811","2021.mtsummit-research.18","0.20202"
"2021.mtsummit-research.18","W18-2707","0.0909091"
"W18-2707","2021.mtsummit-research.18","0.0909091"
"2020.lrec-1.449","2021.mtsummit-research.18","1.27778"
"2021.mtsummit-research.18","2020.lrec-1.449","1.27778"
"2020.lrec-1.449","Y18-3003","0.309524"
"Y18-3003","2020.lrec-1.449","0.309524"
"2020.wmt-1.61","2021.mtsummit-research.18","0.166667"
"2021.mtsummit-research.18","2020.wmt-1.61","0.166667"
"2020.wmt-1.61","Y18-3003","0.309524"
"Y18-3003","2020.wmt-1.61","0.309524"
"2021.mtsummit-research.18","D19-1146","0.166667"
"D19-1146","2021.mtsummit-research.18","0.166667"
"2021.mtsummit-research.18","W19-6613","0.277778"
"W19-6613","2021.mtsummit-research.18","0.277778"
"2021.mtsummit-research.18","Y18-3003","0.166667"
"Y18-3003","2021.mtsummit-research.18","0.166667"
"D19-1146","Y18-3003","0.309524"
"Y18-3003","D19-1146","0.309524"
"2020.lrec-1.449","2021.eacl-main.132","0.111111"
"2021.eacl-main.132","2020.lrec-1.449","0.111111"
"2021.eacl-main.132","2021.mtsummit-research.10","0.111111"
"2021.mtsummit-research.10","2021.eacl-main.132","0.111111"
"2021.eacl-main.132","N19-1384","0.111111"
"N19-1384","2021.eacl-main.132","0.111111"
"2021.eacl-main.132","W18-1811","0.111111"
"W18-1811","2021.eacl-main.132","0.111111"
"2021.eacl-main.132","W18-6419","0.111111"
"W18-6419","2021.eacl-main.132","0.111111"
"2021.eacl-main.132","W19-5330","0.111111"
"W19-5330","2021.eacl-main.132","0.111111"
"2021.eacl-main.132","W19-5428","0.111111"
"W19-5428","2021.eacl-main.132","0.111111"
"2021.eacl-main.132","W19-6613","0.111111"
"W19-6613","2021.eacl-main.132","0.111111"
"2021.mtsummit-research.10","2021.mtsummit-research.18","0.444444"
"2021.mtsummit-research.18","2021.mtsummit-research.10","0.444444"
"N19-1384","W18-1811","0.611111"
"W18-1811","N19-1384","0.611111"
"2021.mtsummit-research.10","Y18-3003","0.142857"
"Y18-3003","2021.mtsummit-research.10","0.142857"
"W18-2707","Y18-3003","0.142857"
"Y18-3003","W18-2707","0.142857"
"2020.ngt-1.3","2020.tacl-1.46","0.25"
"2020.tacl-1.46","2020.ngt-1.3","0.25"
"2020.ngt-1.3","2021.mtsummit-research.18","0.333333"
"2021.mtsummit-research.18","2020.ngt-1.3","0.333333"
"2020.wmt-1.23","P19-1312","1"
"P19-1312","2020.wmt-1.23","1"
"2021.eval4nlp-1.15","P19-1312","0.5"
"P19-1312","2021.eval4nlp-1.15","0.5"
"C08-1029","D12-1058","1.53333"
"D12-1058","C08-1029","1.53333"
"C08-1029","I08-1070","5.2"
"I08-1070","C08-1029","5.2"
"C08-1029","N15-1065","2"
"N15-1065","C08-1029","2"
"D12-1058","I08-1070","1.86667"
"I08-1070","D12-1058","1.86667"
"D12-1058","N15-1065","13.6667"
"N15-1065","D12-1058","13.6667"
"I08-1070","N15-1065","2.33333"
"N15-1065","I08-1070","2.33333"
"C08-1029","I05-5004","1.78333"
"I05-5004","C08-1029","1.78333"
"C08-1029","W03-1602","0.616667"
"W03-1602","C08-1029","0.616667"
"C08-1029","W04-0402","0.333333"
"W04-0402","C08-1029","0.333333"
"D12-1058","I05-5004","0.616667"
"I05-5004","D12-1058","0.616667"
"D12-1058","W03-1602","0.616667"
"W03-1602","D12-1058","0.616667"
"D12-1058","W04-0402","0.5"
"W04-0402","D12-1058","0.5"
"I05-5004","I08-1070","0.783333"
"I08-1070","I05-5004","0.783333"
"I05-5004","N15-1065","0.583333"
"N15-1065","I05-5004","0.583333"
"I05-5004","W03-1602","1.36667"
"W03-1602","I05-5004","1.36667"
"I05-5004","W04-0402","1.33333"
"W04-0402","I05-5004","1.33333"
"I08-1070","W03-1602","0.616667"
"W03-1602","I08-1070","0.616667"
"I08-1070","W04-0402","0.666667"
"W04-0402","I08-1070","0.666667"
"N15-1065","W03-1602","0.416667"
"W03-1602","N15-1065","0.416667"
"N15-1065","W04-0402","0.666667"
"W04-0402","N15-1065","0.666667"
"W03-1602","W04-0402","1.16667"
"W04-0402","W03-1602","1.16667"
"C08-1029","W07-1425","1.2"
"W07-1425","C08-1029","1.2"
"D12-1058","W07-1425","0.2"
"W07-1425","D12-1058","0.2"
"I05-5004","W07-1425","0.2"
"W07-1425","I05-5004","0.2"
"I08-1070","W07-1425","2.2"
"W07-1425","I08-1070","2.2"
"W03-1602","W07-1425","0.2"
"W07-1425","W03-1602","0.2"
"C08-1029","I05-1079","0.166667"
"I05-1079","C08-1029","0.166667"
"C08-1029","W06-1407","0.166667"
"W06-1407","C08-1029","0.166667"
"I05-1079","I05-5004","0.166667"
"I05-5004","I05-1079","0.166667"
"I05-1079","I08-1070","0.166667"
"I08-1070","I05-1079","0.166667"
"I05-1079","N15-1065","0.166667"
"N15-1065","I05-1079","0.166667"
"I05-1079","W04-0402","0.166667"
"W04-0402","I05-1079","0.166667"
"I05-1079","W06-1407","0.166667"
"W06-1407","I05-1079","0.166667"
"I05-5004","W06-1407","0.166667"
"W06-1407","I05-5004","0.166667"
"I08-1070","W06-1407","0.166667"
"W06-1407","I08-1070","0.166667"
"N15-1065","W06-1407","2.16667"
"W06-1407","N15-1065","2.16667"
"W04-0402","W06-1407","0.166667"
"W06-1407","W04-0402","0.166667"
"D12-1058","W19-6613","1"
"W19-6613","D12-1058","1"
"D12-1058","W17-5705","1"
"W17-5705","D12-1058","1"
"N19-1384","P19-1312","0.783333"
"P19-1312","N19-1384","0.783333"
"P19-1312","W19-5330","0.783333"
"W19-5330","P19-1312","0.783333"
"P19-1312","W19-6613","0.2"
"W19-6613","P19-1312","0.2"
"I05-1079","W10-3201","3"
"W10-3201","I05-1079","3"
"N19-1384","P17-2062","1.5"
"P17-2062","N19-1384","1.5"
