"2014.iwslt-papers.1","D19-3037","0.333333"
"D19-3037","2014.iwslt-papers.1","0.333333"
"2014.iwslt-papers.1","L18-1620","0.333333"
"L18-1620","2014.iwslt-papers.1","0.333333"
"2014.iwslt-papers.1","W14-3601","0.7"
"W14-3601","2014.iwslt-papers.1","0.7"
"D19-3037","L18-1620","0.535354"
"L18-1620","D19-3037","0.535354"
"D19-3037","W14-3601","0.333333"
"W14-3601","D19-3037","0.333333"
"L18-1620","W14-3601","0.333333"
"W14-3601","L18-1620","0.333333"
"2014.iwslt-papers.1","2021.wanlp-1.1","0.333333"
"2021.wanlp-1.1","2014.iwslt-papers.1","0.333333"
"2014.iwslt-papers.1","D14-1154","0.366667"
"D14-1154","2014.iwslt-papers.1","0.366667"
"2014.iwslt-papers.1","K17-1043","0.533333"
"K17-1043","2014.iwslt-papers.1","0.533333"
"2014.iwslt-papers.1","W17-1306","0.366667"
"W17-1306","2014.iwslt-papers.1","0.366667"
"2014.iwslt-papers.1","W19-4639","0.333333"
"W19-4639","2014.iwslt-papers.1","0.333333"
"2021.wanlp-1.1","D14-1154","0.916667"
"D14-1154","2021.wanlp-1.1","0.916667"
"2021.wanlp-1.1","K17-1043","0.533333"
"K17-1043","2021.wanlp-1.1","0.533333"
"2021.wanlp-1.1","W14-3601","1.11667"
"W14-3601","2021.wanlp-1.1","1.11667"
"2021.wanlp-1.1","W17-1306","0.366667"
"W17-1306","2021.wanlp-1.1","0.366667"
"2021.wanlp-1.1","W19-4639","2.83333"
"W19-4639","2021.wanlp-1.1","2.83333"
"D14-1154","K17-1043","0.366667"
"K17-1043","D14-1154","0.366667"
"D14-1154","W14-3601","1.45"
"W14-3601","D14-1154","1.45"
"D14-1154","W17-1306","0.366667"
"W17-1306","D14-1154","0.366667"
"D14-1154","W19-4639","0.416667"
"W19-4639","D14-1154","0.416667"
"K17-1043","W14-3601","0.566667"
"W14-3601","K17-1043","0.566667"
"K17-1043","W17-1306","7.18535"
"W17-1306","K17-1043","7.18535"
"K17-1043","W19-4639","0.333333"
"W19-4639","K17-1043","0.333333"
"W14-3601","W17-1306","0.566667"
"W17-1306","W14-3601","0.566667"
"W14-3601","W19-4639","0.416667"
"W19-4639","W14-3601","0.416667"
"W17-1306","W19-4639","0.166667"
"W19-4639","W17-1306","0.166667"
"2014.iwslt-papers.1","W15-3201","0.366667"
"W15-3201","2014.iwslt-papers.1","0.366667"
"D14-1154","W15-3201","0.533333"
"W15-3201","D14-1154","0.533333"
"K17-1043","W15-3201","0.366667"
"W15-3201","K17-1043","0.366667"
"W14-3601","W15-3201","0.533333"
"W15-3201","W14-3601","0.533333"
"W15-3201","W17-1306","0.2"
"W17-1306","W15-3201","0.2"
"2014.iwslt-papers.1","2020.bucc-1.3","0.166667"
"2020.bucc-1.3","2014.iwslt-papers.1","0.166667"
"2014.iwslt-papers.1","L16-1054","0.166667"
"L16-1054","2014.iwslt-papers.1","0.166667"
"2020.bucc-1.3","2021.wanlp-1.1","1.16667"
"2021.wanlp-1.1","2020.bucc-1.3","1.16667"
"2020.bucc-1.3","K17-1043","0.277778"
"K17-1043","2020.bucc-1.3","0.277778"
"2020.bucc-1.3","L16-1054","0.166667"
"L16-1054","2020.bucc-1.3","0.166667"
"2020.bucc-1.3","W15-3201","0.166667"
"W15-3201","2020.bucc-1.3","0.166667"
"2020.bucc-1.3","W19-4639","0.166667"
"W19-4639","2020.bucc-1.3","0.166667"
"2021.wanlp-1.1","L16-1054","0.166667"
"L16-1054","2021.wanlp-1.1","0.166667"
"2021.wanlp-1.1","W15-3201","0.166667"
"W15-3201","2021.wanlp-1.1","0.166667"
"K17-1043","L16-1054","0.166667"
"L16-1054","K17-1043","0.166667"
"L16-1054","W15-3201","0.166667"
"W15-3201","L16-1054","0.166667"
"L16-1054","W19-4639","0.166667"
"W19-4639","L16-1054","0.166667"
"W15-3201","W19-4639","0.166667"
"W19-4639","W15-3201","0.166667"
"2020.bucc-1.3","2020.coling-demos.15","1.11111"
"2020.coling-demos.15","2020.bucc-1.3","1.11111"
"2020.bucc-1.3","2021.acl-long.177","0.111111"
"2021.acl-long.177","2020.bucc-1.3","0.111111"
"2020.bucc-1.3","2021.wanlp-1.13","0.111111"
"2021.wanlp-1.13","2020.bucc-1.3","0.111111"
"2020.bucc-1.3","D19-3037","0.111111"
"D19-3037","2020.bucc-1.3","0.111111"
"2020.bucc-1.3","L18-1015","0.111111"
"L18-1015","2020.bucc-1.3","0.111111"
"2020.bucc-1.3","L18-1181","0.444444"
"L18-1181","2020.bucc-1.3","0.444444"
"2020.bucc-1.3","L18-1620","0.111111"
"L18-1620","2020.bucc-1.3","0.111111"
"2020.bucc-1.3","W17-1306","0.111111"
"W17-1306","2020.bucc-1.3","0.111111"
"2020.coling-demos.15","2021.acl-long.177","0.111111"
"2021.acl-long.177","2020.coling-demos.15","0.111111"
"2020.coling-demos.15","2021.wanlp-1.13","0.111111"
"2021.wanlp-1.13","2020.coling-demos.15","0.111111"
"2020.coling-demos.15","D19-3037","0.444444"
"D19-3037","2020.coling-demos.15","0.444444"
"2020.coling-demos.15","K17-1043","0.111111"
"K17-1043","2020.coling-demos.15","0.111111"
"2020.coling-demos.15","L18-1015","0.111111"
"L18-1015","2020.coling-demos.15","0.111111"
"2020.coling-demos.15","L18-1181","0.444444"
"L18-1181","2020.coling-demos.15","0.444444"
"2020.coling-demos.15","L18-1620","0.111111"
"L18-1620","2020.coling-demos.15","0.111111"
"2020.coling-demos.15","W17-1306","0.111111"
"W17-1306","2020.coling-demos.15","0.111111"
"2021.acl-long.177","2021.wanlp-1.13","0.611111"
"2021.wanlp-1.13","2021.acl-long.177","0.611111"
"2021.acl-long.177","D19-3037","1.20202"
"D19-3037","2021.acl-long.177","1.20202"
"2021.acl-long.177","K17-1043","0.70202"
"K17-1043","2021.acl-long.177","0.70202"
"2021.acl-long.177","L18-1015","0.611111"
"L18-1015","2021.acl-long.177","0.611111"
"2021.acl-long.177","L18-1181","0.20202"
"L18-1181","2021.acl-long.177","0.20202"
"2021.acl-long.177","L18-1620","0.20202"
"L18-1620","2021.acl-long.177","0.20202"
"2021.acl-long.177","W17-1306","0.20202"
"W17-1306","2021.acl-long.177","0.20202"
"2021.wanlp-1.13","D19-3037","0.111111"
"D19-3037","2021.wanlp-1.13","0.111111"
"2021.wanlp-1.13","K17-1043","0.111111"
"K17-1043","2021.wanlp-1.13","0.111111"
"2021.wanlp-1.13","L18-1015","0.361111"
"L18-1015","2021.wanlp-1.13","0.361111"
"2021.wanlp-1.13","L18-1181","0.111111"
"L18-1181","2021.wanlp-1.13","0.111111"
"2021.wanlp-1.13","L18-1620","0.361111"
"L18-1620","2021.wanlp-1.13","0.361111"
"2021.wanlp-1.13","W17-1306","0.111111"
"W17-1306","2021.wanlp-1.13","0.111111"
"D19-3037","K17-1043","0.20202"
"K17-1043","D19-3037","0.20202"
"D19-3037","L18-1015","0.111111"
"L18-1015","D19-3037","0.111111"
"D19-3037","L18-1181","0.535354"
"L18-1181","D19-3037","0.535354"
"D19-3037","W17-1306","0.20202"
"W17-1306","D19-3037","0.20202"
"K17-1043","L18-1015","1.89444"
"L18-1015","K17-1043","1.89444"
"K17-1043","L18-1181","0.20202"
"L18-1181","K17-1043","0.20202"
"K17-1043","L18-1620","0.45202"
"L18-1620","K17-1043","0.45202"
"L18-1015","L18-1181","0.111111"
"L18-1181","L18-1015","0.111111"
"L18-1015","L18-1620","3.61111"
"L18-1620","L18-1015","3.61111"
"L18-1015","W17-1306","1.39444"
"W17-1306","L18-1015","1.39444"
"L18-1181","L18-1620","0.20202"
"L18-1620","L18-1181","0.20202"
"L18-1181","W17-1306","0.20202"
"W17-1306","L18-1181","0.20202"
"L18-1620","W17-1306","0.45202"
"W17-1306","L18-1620","0.45202"
"2020.bucc-1.3","W17-1302","0.333333"
"W17-1302","2020.bucc-1.3","0.333333"
"2020.bucc-1.3","W17-1316","0.333333"
"W17-1316","2020.bucc-1.3","0.333333"
"L18-1181","W17-1302","0.424242"
"W17-1302","L18-1181","0.424242"
"L18-1181","W17-1316","0.424242"
"W17-1316","L18-1181","0.424242"
"W17-1302","W17-1316","0.424242"
"W17-1316","W17-1302","0.424242"
"2020.coling-demos.15","N19-1248","0.333333"
"N19-1248","2020.coling-demos.15","0.333333"
"D19-3037","N19-1248","5.42424"
"N19-1248","D19-3037","5.42424"
"L18-1181","N19-1248","0.424242"
"N19-1248","L18-1181","0.424242"
"2020.coling-demos.15","W14-3617","0.5"
"W14-3617","2020.coling-demos.15","0.5"
"2020.coling-demos.15","W15-3218","0.5"
"W15-3218","2020.coling-demos.15","0.5"
"W14-3617","W15-3218","1.5"
"W15-3218","W14-3617","1.5"
"2020.lrec-1.761","2021.wanlp-1.1","0.5"
"2021.wanlp-1.1","2020.lrec-1.761","0.5"
"2020.lrec-1.761","2021.wanlp-1.13","0.5"
"2021.wanlp-1.13","2020.lrec-1.761","0.5"
"2021.wanlp-1.1","2021.wanlp-1.13","4.25"
"2021.wanlp-1.13","2021.wanlp-1.1","4.25"
"2021.acl-long.177","2021.wanlp-1.1","1.5"
"2021.wanlp-1.1","2021.acl-long.177","1.5"
"2021.acl-long.177","W15-3218","1"
"W15-3218","2021.acl-long.177","1"
"2021.acl-long.177","L16-1170","0.0909091"
"L16-1170","2021.acl-long.177","0.0909091"
"2021.acl-long.177","N16-3003","0.0909091"
"N16-3003","2021.acl-long.177","0.0909091"
"2021.acl-long.177","N19-1248","0.0909091"
"N19-1248","2021.acl-long.177","0.0909091"
"2021.acl-long.177","W15-3223","0.0909091"
"W15-3223","2021.acl-long.177","0.0909091"
"2021.acl-long.177","W17-1302","0.0909091"
"W17-1302","2021.acl-long.177","0.0909091"
"2021.acl-long.177","W17-1316","0.0909091"
"W17-1316","2021.acl-long.177","0.0909091"
"D19-3037","L16-1170","0.0909091"
"L16-1170","D19-3037","0.0909091"
"D19-3037","N16-3003","0.0909091"
"N16-3003","D19-3037","0.0909091"
"D19-3037","W15-3223","0.0909091"
"W15-3223","D19-3037","0.0909091"
"D19-3037","W17-1302","2.09091"
"W17-1302","D19-3037","2.09091"
"D19-3037","W17-1316","0.0909091"
"W17-1316","D19-3037","0.0909091"
"K17-1043","L16-1170","1.25758"
"L16-1170","K17-1043","1.25758"
"K17-1043","N16-3003","0.924242"
"N16-3003","K17-1043","0.924242"
"K17-1043","N19-1248","0.0909091"
"N19-1248","K17-1043","0.0909091"
"K17-1043","W15-3223","0.0909091"
"W15-3223","K17-1043","0.0909091"
"K17-1043","W17-1302","0.0909091"
"W17-1302","K17-1043","0.0909091"
"K17-1043","W17-1316","0.0909091"
"W17-1316","K17-1043","0.0909091"
"L16-1170","L18-1181","0.590909"
"L18-1181","L16-1170","0.590909"
"L16-1170","L18-1620","0.0909091"
"L18-1620","L16-1170","0.0909091"
"L16-1170","N16-3003","3.67424"
"N16-3003","L16-1170","3.67424"
"L16-1170","N19-1248","0.0909091"
"N19-1248","L16-1170","0.0909091"
"L16-1170","W15-3223","0.340909"
"W15-3223","L16-1170","0.340909"
"L16-1170","W17-1302","0.0909091"
"W17-1302","L16-1170","0.0909091"
"L16-1170","W17-1306","0.757576"
"W17-1306","L16-1170","0.757576"
"L16-1170","W17-1316","0.340909"
"W17-1316","L16-1170","0.340909"
"L18-1181","N16-3003","0.590909"
"N16-3003","L18-1181","0.590909"
"L18-1181","W15-3223","0.0909091"
"W15-3223","L18-1181","0.0909091"
"L18-1620","N16-3003","0.0909091"
"N16-3003","L18-1620","0.0909091"
"L18-1620","N19-1248","0.0909091"
"N19-1248","L18-1620","0.0909091"
"L18-1620","W15-3223","0.0909091"
"W15-3223","L18-1620","0.0909091"
"L18-1620","W17-1302","0.0909091"
"W17-1302","L18-1620","0.0909091"
"L18-1620","W17-1316","1.09091"
"W17-1316","L18-1620","1.09091"
"N16-3003","N19-1248","0.0909091"
"N19-1248","N16-3003","0.0909091"
"N16-3003","W15-3223","0.340909"
"W15-3223","N16-3003","0.340909"
"N16-3003","W17-1302","0.424242"
"W17-1302","N16-3003","0.424242"
"N16-3003","W17-1306","0.424242"
"W17-1306","N16-3003","0.424242"
"N16-3003","W17-1316","0.340909"
"W17-1316","N16-3003","0.340909"
"N19-1248","W15-3223","0.0909091"
"W15-3223","N19-1248","0.0909091"
"N19-1248","W17-1302","4.09091"
"W17-1302","N19-1248","4.09091"
"N19-1248","W17-1306","1.09091"
"W17-1306","N19-1248","1.09091"
"N19-1248","W17-1316","0.0909091"
"W17-1316","N19-1248","0.0909091"
"W15-3223","W17-1302","0.0909091"
"W17-1302","W15-3223","0.0909091"
"W15-3223","W17-1306","0.0909091"
"W17-1306","W15-3223","0.0909091"
"W15-3223","W17-1316","0.840909"
"W17-1316","W15-3223","0.840909"
"W17-1302","W17-1306","0.0909091"
"W17-1306","W17-1302","0.0909091"
"W17-1306","W17-1316","0.0909091"
"W17-1316","W17-1306","0.0909091"
"2021.findings-emnlp.56","2021.wanlp-1.13","0.5"
"2021.wanlp-1.13","2021.findings-emnlp.56","0.5"
"2021.findings-emnlp.56","W19-4639","0.5"
"W19-4639","2021.findings-emnlp.56","0.5"
"2021.wanlp-1.13","W19-4639","0.75"
"W19-4639","2021.wanlp-1.13","0.75"
"2021.wanlp-1.1","L18-1015","0.7"
"L18-1015","2021.wanlp-1.1","0.7"
"2021.wanlp-1.1","W15-3211","0.2"
"W15-3211","2021.wanlp-1.1","0.2"
"K17-1043","W15-3211","0.45"
"W15-3211","K17-1043","0.45"
"L18-1015","W14-3601","0.783333"
"W14-3601","L18-1015","0.783333"
"L18-1015","W15-3211","0.45"
"W15-3211","L18-1015","0.45"
"W14-3601","W15-3211","0.2"
"W15-3211","W14-3601","0.2"
"W15-3211","W17-1306","0.45"
"W17-1306","W15-3211","0.45"
"2021.wanlp-1.1","L18-1620","0.25"
"L18-1620","2021.wanlp-1.1","0.25"
"L18-1015","W19-4639","0.5"
"W19-4639","L18-1015","0.5"
"L18-1620","W19-4639","0.25"
"W19-4639","L18-1620","0.25"
"D14-1154","L18-1015","0.583333"
"L18-1015","D14-1154","0.583333"
"2021.wanlp-1.13","W19-4603","1"
"W19-4603","2021.wanlp-1.13","1"
"L18-1015","W15-3201","0.333333"
"W15-3201","L18-1015","0.333333"
"D14-1154","L16-1170","0.25"
"L16-1170","D14-1154","0.25"
"D14-1154","N16-3003","0.25"
"N16-3003","D14-1154","0.25"
"D14-1154","W15-3223","0.25"
"W15-3223","D14-1154","0.25"
"D14-1154","W17-1316","0.25"
"W17-1316","D14-1154","0.25"
"darwish-etal-2014-using","L16-1170","1"
"L16-1170","darwish-etal-2014-using","1"
"E17-3016","N16-3003","2"
"N16-3003","E17-3016","2"
"L18-1620","W15-3211","0.25"
"W15-3211","L18-1620","0.25"
"L16-1170","L18-1015","0.333333"
"L18-1015","L16-1170","0.333333"
"K17-1043","W19-4603","1"
"W19-4603","K17-1043","1"
"W17-1306","W19-4603","3"
"W19-4603","W17-1306","3"
"L16-1054","N16-3003","0.333333"
"N16-3003","L16-1054","0.333333"
"L16-1054","W14-3617","0.333333"
"W14-3617","L16-1054","0.333333"
"L16-1054","W17-1302","0.333333"
"W17-1302","L16-1054","0.333333"
"N16-3003","W14-3617","0.333333"
"W14-3617","N16-3003","0.333333"
"W14-3617","W17-1302","1.33333"
"W17-1302","W14-3617","1.33333"
"L16-1054","W15-3218","1"
"W15-3218","L16-1054","1"
"L18-1015","W19-4603","4"
"W19-4603","L18-1015","4"
"N16-3003","W15-3201","1"
"W15-3201","N16-3003","1"
"S15-2036","W15-3223","2"
"W15-3223","S15-2036","2"
"S15-2036","S16-1083","0.5"
"S16-1083","S15-2036","0.5"
"S16-1083","W15-3223","1.5"
"W15-3223","S16-1083","1.5"
"S15-2036","W17-1316","0.5"
"W17-1316","S15-2036","0.5"
"S16-1083","S17-2003","3"
"S17-2003","S16-1083","3"
"S17-2003","W15-3223","1"
"W15-3223","S17-2003","1"
"W15-3201","W15-3211","1"
"W15-3211","W15-3201","1"
