"2007.mtsummit-ucnlg.14","belz-gatt-2012-repository","0.2"
"belz-gatt-2012-repository","2007.mtsummit-ucnlg.14","0.2"
"2007.mtsummit-ucnlg.14","hastie-belz-2014-comparative","0.4"
"hastie-belz-2014-comparative","2007.mtsummit-ucnlg.14","0.4"
"2007.mtsummit-ucnlg.14","P08-2050","0.4"
"P08-2050","2007.mtsummit-ucnlg.14","0.4"
"2007.mtsummit-ucnlg.14","W07-2302","0.2"
"W07-2302","2007.mtsummit-ucnlg.14","0.2"
"2007.mtsummit-ucnlg.14","W08-1108","0.4"
"W08-1108","2007.mtsummit-ucnlg.14","0.4"
"belz-gatt-2012-repository","hastie-belz-2014-comparative","1.2"
"hastie-belz-2014-comparative","belz-gatt-2012-repository","1.2"
"belz-gatt-2012-repository","P08-2050","0.45"
"P08-2050","belz-gatt-2012-repository","0.45"
"belz-gatt-2012-repository","W07-2302","0.2"
"W07-2302","belz-gatt-2012-repository","0.2"
"belz-gatt-2012-repository","W08-1108","0.45"
"W08-1108","belz-gatt-2012-repository","0.45"
"hastie-belz-2014-comparative","P08-2050","0.4"
"P08-2050","hastie-belz-2014-comparative","0.4"
"hastie-belz-2014-comparative","W07-2302","0.2"
"W07-2302","hastie-belz-2014-comparative","0.2"
"hastie-belz-2014-comparative","W08-1108","1.4"
"W08-1108","hastie-belz-2014-comparative","1.4"
"P08-2050","W07-2302","0.2"
"W07-2302","P08-2050","0.2"
"P08-2050","W08-1108","0.9"
"W08-1108","P08-2050","0.9"
"W07-2302","W08-1108","1.2"
"W08-1108","W07-2302","1.2"
"2007.mtsummit-ucnlg.14","W08-1131","0.2"
"W08-1131","2007.mtsummit-ucnlg.14","0.2"
"2007.mtsummit-ucnlg.14","W09-0629","0.2"
"W09-0629","2007.mtsummit-ucnlg.14","0.2"
"hastie-belz-2014-comparative","W08-1131","0.2"
"W08-1131","hastie-belz-2014-comparative","0.2"
"hastie-belz-2014-comparative","W09-0629","0.2"
"W09-0629","hastie-belz-2014-comparative","0.2"
"P08-2050","W08-1131","0.7"
"W08-1131","P08-2050","0.7"
"P08-2050","W09-0629","0.866667"
"W09-0629","P08-2050","0.866667"
"W08-1108","W08-1131","0.7"
"W08-1131","W08-1108","0.7"
"W08-1108","W09-0629","1.03333"
"W09-0629","W08-1108","1.03333"
"W08-1131","W09-0629","1.79091"
"W09-0629","W08-1131","1.79091"
"belz-gatt-2012-repository","W08-1131","0.340909"
"W08-1131","belz-gatt-2012-repository","0.340909"
"belz-gatt-2012-repository","W09-0629","0.340909"
"W09-0629","belz-gatt-2012-repository","0.340909"
"belz-gatt-2012-repository","D19-6301","0.0909091"
"D19-6301","belz-gatt-2012-repository","0.0909091"
"belz-gatt-2012-repository","E06-1040","0.0909091"
"E06-1040","belz-gatt-2012-repository","0.0909091"
"belz-gatt-2012-repository","J09-4008","0.0909091"
"J09-4008","belz-gatt-2012-repository","0.0909091"
"belz-gatt-2012-repository","N07-1021","0.0909091"
"N07-1021","belz-gatt-2012-repository","0.0909091"
"belz-gatt-2012-repository","W05-1601","0.0909091"
"W05-1601","belz-gatt-2012-repository","0.0909091"
"belz-gatt-2012-repository","W06-1422","0.0909091"
"W06-1422","belz-gatt-2012-repository","0.0909091"
"belz-gatt-2012-repository","W09-0603","0.0909091"
"W09-0603","belz-gatt-2012-repository","0.0909091"
"belz-gatt-2012-repository","W11-2832","0.0909091"
"W11-2832","belz-gatt-2012-repository","0.0909091"
"belz-gatt-2012-repository","W18-3601","0.0909091"
"W18-3601","belz-gatt-2012-repository","0.0909091"
"D19-6301","E06-1040","0.0909091"
"E06-1040","D19-6301","0.0909091"
"D19-6301","J09-4008","0.0909091"
"J09-4008","D19-6301","0.0909091"
"D19-6301","N07-1021","0.0909091"
"N07-1021","D19-6301","0.0909091"
"D19-6301","W05-1601","0.0909091"
"W05-1601","D19-6301","0.0909091"
"D19-6301","W06-1422","0.0909091"
"W06-1422","D19-6301","0.0909091"
"D19-6301","W08-1131","0.0909091"
"W08-1131","D19-6301","0.0909091"
"D19-6301","W09-0603","0.0909091"
"W09-0603","D19-6301","0.0909091"
"D19-6301","W09-0629","0.0909091"
"W09-0629","D19-6301","0.0909091"
"D19-6301","W11-2832","0.957576"
"W11-2832","D19-6301","0.957576"
"D19-6301","W18-3601","1.15758"
"W18-3601","D19-6301","1.15758"
"E06-1040","J09-4008","2.40043"
"J09-4008","E06-1040","2.40043"
"E06-1040","N07-1021","1.09091"
"N07-1021","E06-1040","1.09091"
"E06-1040","W05-1601","0.257576"
"W05-1601","E06-1040","0.257576"
"E06-1040","W06-1422","0.757576"
"W06-1422","E06-1040","0.757576"
"E06-1040","W08-1131","0.0909091"
"W08-1131","E06-1040","0.0909091"
"E06-1040","W09-0603","1.09091"
"W09-0603","E06-1040","1.09091"
"E06-1040","W09-0629","0.257576"
"W09-0629","E06-1040","0.257576"
"E06-1040","W11-2832","0.233766"
"W11-2832","E06-1040","0.233766"
"E06-1040","W18-3601","0.0909091"
"W18-3601","E06-1040","0.0909091"
"J09-4008","N07-1021","0.983766"
"N07-1021","J09-4008","0.983766"
"J09-4008","W05-1601","0.757576"
"W05-1601","J09-4008","0.757576"
"J09-4008","W06-1422","0.900433"
"W06-1422","J09-4008","0.900433"
"J09-4008","W08-1131","0.340909"
"W08-1131","J09-4008","0.340909"
"J09-4008","W09-0603","0.733766"
"W09-0603","J09-4008","0.733766"
"J09-4008","W09-0629","1.17424"
"W09-0629","J09-4008","1.17424"
"J09-4008","W11-2832","1.48377"
"W11-2832","J09-4008","1.48377"
"J09-4008","W18-3601","0.0909091"
"W18-3601","J09-4008","0.0909091"
"N07-1021","W05-1601","0.590909"
"W05-1601","N07-1021","0.590909"
"N07-1021","W06-1422","0.233766"
"W06-1422","N07-1021","0.233766"
"N07-1021","W08-1131","0.0909091"
"W08-1131","N07-1021","0.0909091"
"N07-1021","W09-0603","0.733766"
"W09-0603","N07-1021","0.733766"
"N07-1021","W09-0629","0.0909091"
"W09-0629","N07-1021","0.0909091"
"N07-1021","W11-2832","0.340909"
"W11-2832","N07-1021","0.340909"
"N07-1021","W18-3601","0.0909091"
"W18-3601","N07-1021","0.0909091"
"W05-1601","W06-1422","0.257576"
"W06-1422","W05-1601","0.257576"
"W05-1601","W08-1131","0.0909091"
"W08-1131","W05-1601","0.0909091"
"W05-1601","W09-0603","2.09091"
"W09-0603","W05-1601","2.09091"
"W05-1601","W09-0629","0.757576"
"W09-0629","W05-1601","0.757576"
"W05-1601","W11-2832","0.0909091"
"W11-2832","W05-1601","0.0909091"
"W05-1601","W18-3601","0.0909091"
"W18-3601","W05-1601","0.0909091"
"W06-1422","W08-1131","0.0909091"
"W08-1131","W06-1422","0.0909091"
"W06-1422","W09-0603","0.233766"
"W09-0603","W06-1422","0.233766"
"W06-1422","W09-0629","0.257576"
"W09-0629","W06-1422","0.257576"
"W06-1422","W11-2832","0.0909091"
"W11-2832","W06-1422","0.0909091"
"W06-1422","W18-3601","0.0909091"
"W18-3601","W06-1422","0.0909091"
"W08-1131","W09-0603","0.0909091"
"W09-0603","W08-1131","0.0909091"
"W08-1131","W11-2832","0.0909091"
"W11-2832","W08-1131","0.0909091"
"W08-1131","W18-3601","0.0909091"
"W18-3601","W08-1131","0.0909091"
"W09-0603","W09-0629","0.590909"
"W09-0629","W09-0603","0.590909"
"W09-0603","W11-2832","0.0909091"
"W11-2832","W09-0603","0.0909091"
"W09-0603","W18-3601","0.0909091"
"W18-3601","W09-0603","0.0909091"
"W09-0629","W11-2832","0.0909091"
"W11-2832","W09-0629","0.0909091"
"W09-0629","W18-3601","0.0909091"
"W18-3601","W09-0629","0.0909091"
"W11-2832","W18-3601","0.957576"
"W18-3601","W11-2832","0.957576"
"C02-1068","W01-0712","4"
"W01-0712","C02-1068","4"
"D19-6301","hastie-belz-2014-comparative","0.2"
"hastie-belz-2014-comparative","D19-6301","0.2"
"D19-6301","W12-1525","0.566667"
"W12-1525","D19-6301","0.566667"
"D19-6301","W17-3517","0.566667"
"W17-3517","D19-6301","0.566667"
"D19-6301","W18-6527","1.56667"
"W18-6527","D19-6301","1.56667"
"hastie-belz-2014-comparative","W12-1525","0.2"
"W12-1525","hastie-belz-2014-comparative","0.2"
"hastie-belz-2014-comparative","W17-3517","0.2"
"W17-3517","hastie-belz-2014-comparative","0.2"
"hastie-belz-2014-comparative","W18-3601","0.2"
"W18-3601","hastie-belz-2014-comparative","0.2"
"hastie-belz-2014-comparative","W18-6527","0.2"
"W18-6527","hastie-belz-2014-comparative","0.2"
"W12-1525","W17-3517","1.56667"
"W17-3517","W12-1525","1.56667"
"W12-1525","W18-3601","0.566667"
"W18-3601","W12-1525","0.566667"
"W12-1525","W18-6527","0.9"
"W18-6527","W12-1525","0.9"
"W17-3517","W18-3601","2.56667"
"W18-3601","W17-3517","2.56667"
"W17-3517","W18-6527","0.566667"
"W18-6527","W17-3517","0.566667"
"W18-3601","W18-6527","2.56667"
"W18-6527","W18-3601","2.56667"
"W11-2832","W12-1525","2.7"
"W12-1525","W11-2832","2.7"
"W11-2832","W17-3517","0.366667"
"W17-3517","W11-2832","0.366667"
"W11-2832","W18-6527","2.09286"
"W18-6527","W11-2832","2.09286"
"D19-6301","W10-4237","0.166667"
"W10-4237","D19-6301","0.166667"
"W10-4237","W11-2832","1.89286"
"W11-2832","W10-4237","1.89286"
"W10-4237","W12-1525","0.5"
"W12-1525","W10-4237","0.5"
"W10-4237","W17-3517","0.166667"
"W17-3517","W10-4237","0.166667"
"W10-4237","W18-3601","0.166667"
"W18-3601","W10-4237","0.166667"
"W10-4237","W18-6527","2.89286"
"W18-6527","W10-4237","2.89286"
"E06-1040","P08-2050","0.809524"
"P08-2050","E06-1040","0.809524"
"E06-1040","W08-1127","0.166667"
"W08-1127","E06-1040","0.166667"
"J09-4008","P08-2050","1.20238"
"P08-2050","J09-4008","1.20238"
"J09-4008","W08-1127","0.166667"
"W08-1127","J09-4008","0.166667"
"P08-2050","W05-1601","0.166667"
"W05-1601","P08-2050","0.166667"
"P08-2050","W06-1422","0.309524"
"W06-1422","P08-2050","0.309524"
"P08-2050","W08-1127","0.166667"
"W08-1127","P08-2050","0.166667"
"W05-1601","W08-1127","0.166667"
"W08-1127","W05-1601","0.166667"
"W06-1422","W08-1127","0.166667"
"W08-1127","W06-1422","0.166667"
"W08-1127","W09-0629","2"
"W09-0629","W08-1127","2"
"E06-1040","W07-2304","0.142857"
"W07-2304","E06-1040","0.142857"
"E06-1040","W10-4217","0.142857"
"W10-4217","E06-1040","0.142857"
"E06-1040","W10-4237","0.142857"
"W10-4237","E06-1040","0.142857"
"E06-1040","W18-6527","0.142857"
"W18-6527","E06-1040","0.142857"
"J09-4008","W07-2304","0.142857"
"W07-2304","J09-4008","0.142857"
"J09-4008","W10-4217","0.72619"
"W10-4217","J09-4008","0.72619"
"J09-4008","W10-4237","0.892857"
"W10-4237","J09-4008","0.892857"
"J09-4008","W18-6527","0.392857"
"W18-6527","J09-4008","0.392857"
"P08-2050","W07-2304","0.142857"
"W07-2304","P08-2050","0.142857"
"P08-2050","W10-4217","0.142857"
"W10-4217","P08-2050","0.142857"
"P08-2050","W10-4237","0.142857"
"W10-4237","P08-2050","0.142857"
"P08-2050","W11-2832","0.142857"
"W11-2832","P08-2050","0.142857"
"P08-2050","W18-6527","0.142857"
"W18-6527","P08-2050","0.142857"
"W07-2304","W10-4217","0.142857"
"W10-4217","W07-2304","0.142857"
"W07-2304","W10-4237","0.642857"
"W10-4237","W07-2304","0.642857"
"W07-2304","W11-2832","0.142857"
"W11-2832","W07-2304","0.142857"
"W07-2304","W18-6527","0.142857"
"W18-6527","W07-2304","0.142857"
"W10-4217","W10-4237","0.142857"
"W10-4237","W10-4217","0.142857"
"W10-4217","W11-2832","0.142857"
"W11-2832","W10-4217","0.142857"
"W10-4217","W18-6527","0.142857"
"W18-6527","W10-4217","0.142857"
"hastie-belz-2014-comparative","W07-2304","1"
"W07-2304","hastie-belz-2014-comparative","1"
"hastie-belz-2014-comparative","P11-2040","1"
"P11-2040","hastie-belz-2014-comparative","1"
"J09-1008","J09-4008","1.55952"
"J09-4008","J09-1008","1.55952"
"J09-1008","W09-0629","0.666667"
"W09-0629","J09-1008","0.666667"
"J09-1008","W10-4217","0.583333"
"W10-4217","J09-1008","0.583333"
"W09-0629","W10-4217","0.333333"
"W10-4217","W09-0629","0.333333"
"J09-1008","W10-4201","2.89286"
"W10-4201","J09-1008","2.89286"
"J09-4008","W10-4201","0.892857"
"W10-4201","J09-4008","0.892857"
"J09-1008","N07-1021","0.142857"
"N07-1021","J09-1008","0.142857"
"J09-1008","P08-2050","0.142857"
"P08-2050","J09-1008","0.142857"
"J09-1008","W06-1421","0.142857"
"W06-1421","J09-1008","0.142857"
"J09-1008","W06-1422","0.142857"
"W06-1422","J09-1008","0.142857"
"J09-1008","W09-0603","0.142857"
"W09-0603","J09-1008","0.142857"
"J09-4008","W06-1421","0.142857"
"W06-1421","J09-4008","0.142857"
"N07-1021","P08-2050","0.142857"
"P08-2050","N07-1021","0.142857"
"N07-1021","W06-1421","0.142857"
"W06-1421","N07-1021","0.142857"
"N07-1021","W10-4201","0.142857"
"W10-4201","N07-1021","0.142857"
"P08-2050","W06-1421","0.142857"
"W06-1421","P08-2050","0.142857"
"P08-2050","W09-0603","0.142857"
"W09-0603","P08-2050","0.142857"
"P08-2050","W10-4201","0.142857"
"W10-4201","P08-2050","0.142857"
"W06-1421","W06-1422","0.142857"
"W06-1422","W06-1421","0.142857"
"W06-1421","W09-0603","0.142857"
"W09-0603","W06-1421","0.142857"
"W06-1421","W10-4201","0.142857"
"W10-4201","W06-1421","0.142857"
"W06-1422","W10-4201","0.142857"
"W10-4201","W06-1422","0.142857"
"W09-0603","W10-4201","0.142857"
"W10-4201","W09-0603","0.142857"
"J09-1008","P11-2040","0.25"
"P11-2040","J09-1008","0.25"
"J09-4008","P11-2040","0.25"
"P11-2040","J09-4008","0.25"
"P11-2040","W10-4201","0.583333"
"W10-4201","P11-2040","0.583333"
"P11-2040","W10-4217","0.583333"
"W10-4217","P11-2040","0.583333"
"W10-4201","W10-4217","0.583333"
"W10-4217","W10-4201","0.583333"
"J09-1008","W08-1108","0.333333"
"W08-1108","J09-1008","0.333333"
"J09-4008","W08-1108","0.583333"
"W08-1108","J09-4008","0.583333"
"N07-1021","W10-4237","1.25"
"W10-4237","N07-1021","1.25"
"N07-1021","W18-6527","0.25"
"W18-6527","N07-1021","0.25"
"W05-1601","W10-4237","1.5"
"W10-4237","W05-1601","1.5"
"W09-0603","W10-4237","0.5"
"W10-4237","W09-0603","0.5"
"N07-1021","W07-2304","0.5"
"W07-2304","N07-1021","0.5"
"P11-2040","W11-1214","0.333333"
"W11-1214","P11-2040","0.333333"
"W10-4201","W11-1214","0.333333"
"W11-1214","W10-4201","0.333333"
"W10-4217","W11-1214","7.33333"
"W11-1214","W10-4217","7.33333"
"P11-2040","W07-2302","0.5"
"W07-2302","P11-2040","0.5"
"P11-2040","W10-3206","0.5"
"W10-3206","P11-2040","0.5"
"W07-2302","W10-3206","0.5"
"W10-3206","W07-2302","0.5"
"W08-1127","W09-2816","1.83333"
"W09-2816","W08-1127","1.83333"
"W08-1127","W10-4226","0.833333"
"W10-4226","W08-1127","0.833333"
"W09-0629","W09-2816","1.83333"
"W09-2816","W09-0629","1.83333"
"W09-0629","W10-4226","0.833333"
"W10-4226","W09-0629","0.833333"
"W09-2816","W10-4226","0.833333"
"W10-4226","W09-2816","0.833333"
"W08-1127","W09-2817","0.5"
"W09-2817","W08-1127","0.5"
"W09-0629","W09-2817","0.5"
"W09-2817","W09-0629","0.5"
"W09-2816","W09-2817","0.5"
"W09-2817","W09-2816","0.5"
"W09-2817","W10-4226","0.5"
"W10-4226","W09-2817","0.5"
"W15-2816","W15-4717","2.25"
"W15-4717","W15-2816","2.25"
"W15-2816","W16-6639","0.916667"
"W16-6639","W15-2816","0.916667"
"W15-2816","W18-6516","0.583333"
"W18-6516","W15-2816","0.583333"
"W15-2816","W18-6517","1.91667"
"W18-6517","W15-2816","1.91667"
"W15-4717","W16-6639","0.916667"
"W16-6639","W15-4717","0.916667"
"W15-4717","W18-6516","0.583333"
"W18-6516","W15-4717","0.583333"
"W15-4717","W18-6517","0.916667"
"W18-6517","W15-4717","0.916667"
"W16-6639","W18-6516","0.583333"
"W18-6516","W16-6639","0.583333"
"W16-6639","W18-6517","1.25"
"W18-6517","W16-6639","1.25"
"W18-6516","W18-6517","0.583333"
"W18-6517","W18-6516","0.583333"
"W15-2816","W16-3209","0.333333"
"W16-3209","W15-2816","0.333333"
"W15-4717","W16-3209","0.333333"
"W16-3209","W15-4717","0.333333"
"W16-3209","W18-6516","0.666667"
"W18-6516","W16-3209","0.666667"
"W16-3209","W16-6639","0.333333"
"W16-6639","W16-3209","0.333333"
"W16-3209","W18-6517","0.333333"
"W18-6517","W16-3209","0.333333"
