"2005.mtsummit-invited.7","2005.mtsummit-papers.18","0.0208333"
"2005.mtsummit-papers.18","2005.mtsummit-invited.7","0.0208333"
"2005.mtsummit-invited.7","2009.mtsummit-papers.20","1.02083"
"2009.mtsummit-papers.20","2005.mtsummit-invited.7","1.02083"
"2005.mtsummit-invited.7","2011.mtsummit-papers.3","0.0208333"
"2011.mtsummit-papers.3","2005.mtsummit-invited.7","0.0208333"
"2005.mtsummit-invited.7","2011.mtsummit-papers.42","0.0208333"
"2011.mtsummit-papers.42","2005.mtsummit-invited.7","0.0208333"
"2005.mtsummit-invited.7","2014.amta-researchers.19","0.0208333"
"2014.amta-researchers.19","2005.mtsummit-invited.7","0.0208333"
"2005.mtsummit-invited.7","2020.emnlp-main.42","0.0208333"
"2020.emnlp-main.42","2005.mtsummit-invited.7","0.0208333"
"2005.mtsummit-invited.7","C10-1080","0.0208333"
"C10-1080","2005.mtsummit-invited.7","0.0208333"
"2005.mtsummit-invited.7","C10-1135","0.0208333"
"C10-1135","2005.mtsummit-invited.7","0.0208333"
"2005.mtsummit-invited.7","C12-1176","0.0208333"
"C12-1176","2005.mtsummit-invited.7","0.0208333"
"2005.mtsummit-invited.7","C12-2122","0.0208333"
"C12-2122","2005.mtsummit-invited.7","0.0208333"
"2005.mtsummit-invited.7","C14-1104","0.0208333"
"C14-1104","2005.mtsummit-invited.7","0.0208333"
"2005.mtsummit-invited.7","C14-1209","0.0208333"
"C14-1209","2005.mtsummit-invited.7","0.0208333"
"2005.mtsummit-invited.7","C16-1205","0.0208333"
"C16-1205","2005.mtsummit-invited.7","0.0208333"
"2005.mtsummit-invited.7","D09-1106","0.0208333"
"D09-1106","2005.mtsummit-invited.7","0.0208333"
"2005.mtsummit-invited.7","D11-1020","0.0208333"
"D11-1020","2005.mtsummit-invited.7","0.0208333"
"2005.mtsummit-invited.7","D11-1081","0.0208333"
"D11-1081","2005.mtsummit-invited.7","0.0208333"
"2005.mtsummit-invited.7","D12-1109","0.0208333"
"D12-1109","2005.mtsummit-invited.7","0.0208333"
"2005.mtsummit-invited.7","D13-1108","0.0208333"
"D13-1108","2005.mtsummit-invited.7","0.0208333"
"2005.mtsummit-invited.7","D14-1060","0.0208333"
"D14-1060","2005.mtsummit-invited.7","0.0208333"
"2005.mtsummit-invited.7","D15-1004","0.0208333"
"D15-1004","2005.mtsummit-invited.7","0.0208333"
"2005.mtsummit-invited.7","E17-2056","0.0208333"
"E17-2056","2005.mtsummit-invited.7","0.0208333"
"2005.mtsummit-invited.7","E17-2095","0.0208333"
"E17-2095","2005.mtsummit-invited.7","0.0208333"
"2005.mtsummit-invited.7","I17-3009","0.0208333"
"I17-3009","2005.mtsummit-invited.7","0.0208333"
"2005.mtsummit-invited.7","J10-3002","0.0208333"
"J10-3002","2005.mtsummit-invited.7","0.0208333"
"2005.mtsummit-invited.7","L16-1352","0.0208333"
"L16-1352","2005.mtsummit-invited.7","0.0208333"
"2005.mtsummit-invited.7","L16-1436","0.0208333"
"L16-1436","2005.mtsummit-invited.7","0.0208333"
"2005.mtsummit-invited.7","N16-1113","0.0208333"
"N16-1113","2005.mtsummit-invited.7","0.0208333"
"2005.mtsummit-invited.7","P05-1057","0.0208333"
"P05-1057","2005.mtsummit-invited.7","0.0208333"
"2005.mtsummit-invited.7","P09-1063","0.0208333"
"P09-1063","2005.mtsummit-invited.7","0.0208333"
"2005.mtsummit-invited.7","P09-1065","0.0208333"
"P09-1065","2005.mtsummit-invited.7","0.0208333"
"2005.mtsummit-invited.7","P10-2003","0.0208333"
"P10-2003","2005.mtsummit-invited.7","0.0208333"
"2005.mtsummit-invited.7","P11-1128","0.0208333"
"P11-1128","2005.mtsummit-invited.7","0.0208333"
"2005.mtsummit-invited.7","P12-1048","0.0208333"
"P12-1048","2005.mtsummit-invited.7","0.0208333"
"2005.mtsummit-invited.7","P12-1079","0.0208333"
"P12-1079","2005.mtsummit-invited.7","0.0208333"
"2005.mtsummit-invited.7","P13-2068","0.0208333"
"P13-2068","2005.mtsummit-invited.7","0.0208333"
"2005.mtsummit-invited.7","P15-1003","0.0208333"
"P15-1003","2005.mtsummit-invited.7","0.0208333"
"2005.mtsummit-invited.7","P16-1010","0.0208333"
"P16-1010","2005.mtsummit-invited.7","0.0208333"
"2005.mtsummit-invited.7","P16-2045","0.0208333"
"P16-2045","2005.mtsummit-invited.7","0.0208333"
"2005.mtsummit-invited.7","P17-1140","0.0208333"
"P17-1140","2005.mtsummit-invited.7","0.0208333"
"2005.mtsummit-invited.7","P19-1332","0.0208333"
"P19-1332","2005.mtsummit-invited.7","0.0208333"
"2005.mtsummit-invited.7","W12-4506","0.0208333"
"W12-4506","2005.mtsummit-invited.7","0.0208333"
"2005.mtsummit-invited.7","W12-5704","0.0208333"
"W12-5704","2005.mtsummit-invited.7","0.0208333"
"2005.mtsummit-invited.7","W13-2222","0.0208333"
"W13-2222","2005.mtsummit-invited.7","0.0208333"
"2005.mtsummit-invited.7","W14-3303","0.0208333"
"W14-3303","2005.mtsummit-invited.7","0.0208333"
"2005.mtsummit-invited.7","W14-3325","0.0208333"
"W14-3325","2005.mtsummit-invited.7","0.0208333"
"2005.mtsummit-invited.7","W14-3329","0.0208333"
"W14-3329","2005.mtsummit-invited.7","0.0208333"
"2005.mtsummit-invited.7","W14-4014","0.0208333"
"W14-4014","2005.mtsummit-invited.7","0.0208333"
"2005.mtsummit-invited.7","W15-3005","0.0208333"
"W15-3005","2005.mtsummit-invited.7","0.0208333"
"2005.mtsummit-papers.18","2009.mtsummit-papers.20","0.0208333"
"2009.mtsummit-papers.20","2005.mtsummit-papers.18","0.0208333"
"2005.mtsummit-papers.18","2011.mtsummit-papers.3","0.0208333"
"2011.mtsummit-papers.3","2005.mtsummit-papers.18","0.0208333"
"2005.mtsummit-papers.18","2011.mtsummit-papers.42","0.0708333"
"2011.mtsummit-papers.42","2005.mtsummit-papers.18","0.0708333"
"2005.mtsummit-papers.18","2014.amta-researchers.19","0.0208333"
"2014.amta-researchers.19","2005.mtsummit-papers.18","0.0208333"
"2005.mtsummit-papers.18","2020.emnlp-main.42","0.0708333"
"2020.emnlp-main.42","2005.mtsummit-papers.18","0.0708333"
"2005.mtsummit-papers.18","C10-1080","0.0208333"
"C10-1080","2005.mtsummit-papers.18","0.0208333"
"2005.mtsummit-papers.18","C10-1135","0.0208333"
"C10-1135","2005.mtsummit-papers.18","0.0208333"
"2005.mtsummit-papers.18","C12-1176","0.0208333"
"C12-1176","2005.mtsummit-papers.18","0.0208333"
"2005.mtsummit-papers.18","C12-2122","0.0708333"
"C12-2122","2005.mtsummit-papers.18","0.0708333"
"2005.mtsummit-papers.18","C14-1104","0.0708333"
"C14-1104","2005.mtsummit-papers.18","0.0708333"
"2005.mtsummit-papers.18","C14-1209","0.0208333"
"C14-1209","2005.mtsummit-papers.18","0.0208333"
"2005.mtsummit-papers.18","C16-1205","0.0208333"
"C16-1205","2005.mtsummit-papers.18","0.0208333"
"2005.mtsummit-papers.18","D09-1106","0.0708333"
"D09-1106","2005.mtsummit-papers.18","0.0708333"
"2005.mtsummit-papers.18","D11-1020","0.0208333"
"D11-1020","2005.mtsummit-papers.18","0.0208333"
"2005.mtsummit-papers.18","D11-1081","0.0708333"
"D11-1081","2005.mtsummit-papers.18","0.0708333"
"2005.mtsummit-papers.18","D12-1109","0.0208333"
"D12-1109","2005.mtsummit-papers.18","0.0208333"
"2005.mtsummit-papers.18","D13-1108","0.0208333"
"D13-1108","2005.mtsummit-papers.18","0.0208333"
"2005.mtsummit-papers.18","D14-1060","0.0208333"
"D14-1060","2005.mtsummit-papers.18","0.0208333"
"2005.mtsummit-papers.18","D15-1004","0.0208333"
"D15-1004","2005.mtsummit-papers.18","0.0208333"
"2005.mtsummit-papers.18","E17-2056","0.0208333"
"E17-2056","2005.mtsummit-papers.18","0.0208333"
"2005.mtsummit-papers.18","E17-2095","0.0208333"
"E17-2095","2005.mtsummit-papers.18","0.0208333"
"2005.mtsummit-papers.18","I17-3009","0.0208333"
"I17-3009","2005.mtsummit-papers.18","0.0208333"
"2005.mtsummit-papers.18","J10-3002","0.0708333"
"J10-3002","2005.mtsummit-papers.18","0.0708333"
"2005.mtsummit-papers.18","L16-1352","0.0208333"
"L16-1352","2005.mtsummit-papers.18","0.0208333"
"2005.mtsummit-papers.18","L16-1436","0.0208333"
"L16-1436","2005.mtsummit-papers.18","0.0208333"
"2005.mtsummit-papers.18","N16-1113","0.0208333"
"N16-1113","2005.mtsummit-papers.18","0.0208333"
"2005.mtsummit-papers.18","P05-1057","1.07083"
"P05-1057","2005.mtsummit-papers.18","1.07083"
"2005.mtsummit-papers.18","P09-1063","0.0208333"
"P09-1063","2005.mtsummit-papers.18","0.0208333"
"2005.mtsummit-papers.18","P09-1065","0.0208333"
"P09-1065","2005.mtsummit-papers.18","0.0208333"
"2005.mtsummit-papers.18","P10-2003","0.0208333"
"P10-2003","2005.mtsummit-papers.18","0.0208333"
"2005.mtsummit-papers.18","P11-1128","0.0208333"
"P11-1128","2005.mtsummit-papers.18","0.0208333"
"2005.mtsummit-papers.18","P12-1048","0.0208333"
"P12-1048","2005.mtsummit-papers.18","0.0208333"
"2005.mtsummit-papers.18","P12-1079","0.0208333"
"P12-1079","2005.mtsummit-papers.18","0.0208333"
"2005.mtsummit-papers.18","P13-2068","0.0208333"
"P13-2068","2005.mtsummit-papers.18","0.0208333"
"2005.mtsummit-papers.18","P15-1003","0.0208333"
"P15-1003","2005.mtsummit-papers.18","0.0208333"
"2005.mtsummit-papers.18","P16-1010","0.0708333"
"P16-1010","2005.mtsummit-papers.18","0.0708333"
"2005.mtsummit-papers.18","P16-2045","0.0208333"
"P16-2045","2005.mtsummit-papers.18","0.0208333"
"2005.mtsummit-papers.18","P17-1140","0.0208333"
"P17-1140","2005.mtsummit-papers.18","0.0208333"
"2005.mtsummit-papers.18","P19-1332","0.0208333"
"P19-1332","2005.mtsummit-papers.18","0.0208333"
"2005.mtsummit-papers.18","W12-4506","0.0208333"
"W12-4506","2005.mtsummit-papers.18","0.0208333"
"2005.mtsummit-papers.18","W12-5704","0.0208333"
"W12-5704","2005.mtsummit-papers.18","0.0208333"
"2005.mtsummit-papers.18","W13-2222","0.0208333"
"W13-2222","2005.mtsummit-papers.18","0.0208333"
"2005.mtsummit-papers.18","W14-3303","0.0208333"
"W14-3303","2005.mtsummit-papers.18","0.0208333"
"2005.mtsummit-papers.18","W14-3325","0.0208333"
"W14-3325","2005.mtsummit-papers.18","0.0208333"
"2005.mtsummit-papers.18","W14-3329","0.0708333"
"W14-3329","2005.mtsummit-papers.18","0.0708333"
"2005.mtsummit-papers.18","W14-4014","0.0208333"
"W14-4014","2005.mtsummit-papers.18","0.0208333"
"2005.mtsummit-papers.18","W15-3005","0.0208333"
"W15-3005","2005.mtsummit-papers.18","0.0208333"
"2009.mtsummit-papers.20","2011.mtsummit-papers.3","0.0318223"
"2011.mtsummit-papers.3","2009.mtsummit-papers.20","0.0318223"
"2009.mtsummit-papers.20","2011.mtsummit-papers.42","0.0318223"
"2011.mtsummit-papers.42","2009.mtsummit-papers.20","0.0318223"
"2009.mtsummit-papers.20","2014.amta-researchers.19","0.0318223"
"2014.amta-researchers.19","2009.mtsummit-papers.20","0.0318223"
"2009.mtsummit-papers.20","2020.emnlp-main.42","0.0318223"
"2020.emnlp-main.42","2009.mtsummit-papers.20","0.0318223"
"2009.mtsummit-papers.20","C10-1080","0.0208333"
"C10-1080","2009.mtsummit-papers.20","0.0208333"
"2009.mtsummit-papers.20","C10-1135","0.0318223"
"C10-1135","2009.mtsummit-papers.20","0.0318223"
"2009.mtsummit-papers.20","C12-1176","0.0318223"
"C12-1176","2009.mtsummit-papers.20","0.0318223"
"2009.mtsummit-papers.20","C12-2122","0.0688594"
"C12-2122","2009.mtsummit-papers.20","0.0688594"
"2009.mtsummit-papers.20","C14-1104","0.0578704"
"C14-1104","2009.mtsummit-papers.20","0.0578704"
"2009.mtsummit-papers.20","C14-1209","0.0688594"
"C14-1209","2009.mtsummit-papers.20","0.0688594"
"2009.mtsummit-papers.20","C16-1205","0.0578704"
"C16-1205","2009.mtsummit-papers.20","0.0578704"
"2009.mtsummit-papers.20","D09-1106","0.0688594"
"D09-1106","2009.mtsummit-papers.20","0.0688594"
"2009.mtsummit-papers.20","D11-1020","0.0318223"
"D11-1020","2009.mtsummit-papers.20","0.0318223"
"2009.mtsummit-papers.20","D11-1081","0.0318223"
"D11-1081","2009.mtsummit-papers.20","0.0318223"
"2009.mtsummit-papers.20","D12-1109","0.0688594"
"D12-1109","2009.mtsummit-papers.20","0.0688594"
"2009.mtsummit-papers.20","D13-1108","0.0578704"
"D13-1108","2009.mtsummit-papers.20","0.0578704"
"2009.mtsummit-papers.20","D14-1060","0.0208333"
"D14-1060","2009.mtsummit-papers.20","0.0208333"
"2009.mtsummit-papers.20","D15-1004","0.0318223"
"D15-1004","2009.mtsummit-papers.20","0.0318223"
"2009.mtsummit-papers.20","E17-2056","0.0318223"
"E17-2056","2009.mtsummit-papers.20","0.0318223"
"2009.mtsummit-papers.20","E17-2095","0.0318223"
"E17-2095","2009.mtsummit-papers.20","0.0318223"
"2009.mtsummit-papers.20","I17-3009","0.0208333"
"I17-3009","2009.mtsummit-papers.20","0.0208333"
"2009.mtsummit-papers.20","J10-3002","0.0208333"
"J10-3002","2009.mtsummit-papers.20","0.0208333"
"2009.mtsummit-papers.20","L16-1352","0.0318223"
"L16-1352","2009.mtsummit-papers.20","0.0318223"
"2009.mtsummit-papers.20","L16-1436","0.0208333"
"L16-1436","2009.mtsummit-papers.20","0.0208333"
"2009.mtsummit-papers.20","N16-1113","0.0318223"
"N16-1113","2009.mtsummit-papers.20","0.0318223"
"2009.mtsummit-papers.20","P05-1057","0.0208333"
"P05-1057","2009.mtsummit-papers.20","0.0208333"
"2009.mtsummit-papers.20","P09-1063","0.0208333"
"P09-1063","2009.mtsummit-papers.20","0.0208333"
"2009.mtsummit-papers.20","P09-1065","0.0318223"
"P09-1065","2009.mtsummit-papers.20","0.0318223"
"2009.mtsummit-papers.20","P10-2003","0.0318223"
"P10-2003","2009.mtsummit-papers.20","0.0318223"
"2009.mtsummit-papers.20","P11-1128","0.0208333"
"P11-1128","2009.mtsummit-papers.20","0.0208333"
"2009.mtsummit-papers.20","P12-1048","0.0318223"
"P12-1048","2009.mtsummit-papers.20","0.0318223"
"2009.mtsummit-papers.20","P12-1079","0.0318223"
"P12-1079","2009.mtsummit-papers.20","0.0318223"
"2009.mtsummit-papers.20","P13-2068","0.0318223"
"P13-2068","2009.mtsummit-papers.20","0.0318223"
"2009.mtsummit-papers.20","P15-1003","0.0578704"
"P15-1003","2009.mtsummit-papers.20","0.0578704"
"2009.mtsummit-papers.20","P16-1010","0.0318223"
"P16-1010","2009.mtsummit-papers.20","0.0318223"
"2009.mtsummit-papers.20","P16-2045","0.0318223"
"P16-2045","2009.mtsummit-papers.20","0.0318223"
"2009.mtsummit-papers.20","P17-1140","0.0688594"
"P17-1140","2009.mtsummit-papers.20","0.0688594"
"2009.mtsummit-papers.20","P19-1332","0.0318223"
"P19-1332","2009.mtsummit-papers.20","0.0318223"
"2009.mtsummit-papers.20","W12-4506","0.0208333"
"W12-4506","2009.mtsummit-papers.20","0.0208333"
"2009.mtsummit-papers.20","W12-5704","0.0208333"
"W12-5704","2009.mtsummit-papers.20","0.0208333"
"2009.mtsummit-papers.20","W13-2222","0.0208333"
"W13-2222","2009.mtsummit-papers.20","0.0208333"
"2009.mtsummit-papers.20","W14-3303","0.0208333"
"W14-3303","2009.mtsummit-papers.20","0.0208333"
"2009.mtsummit-papers.20","W14-3325","0.0208333"
"W14-3325","2009.mtsummit-papers.20","0.0208333"
"2009.mtsummit-papers.20","W14-3329","0.0318223"
"W14-3329","2009.mtsummit-papers.20","0.0318223"
"2009.mtsummit-papers.20","W14-4014","0.0318223"
"W14-4014","2009.mtsummit-papers.20","0.0318223"
"2009.mtsummit-papers.20","W15-3005","0.0208333"
"W15-3005","2009.mtsummit-papers.20","0.0208333"
"2011.mtsummit-papers.3","2011.mtsummit-papers.42","0.128213"
"2011.mtsummit-papers.42","2011.mtsummit-papers.3","0.128213"
"2011.mtsummit-papers.3","2014.amta-researchers.19","0.0953883"
"2014.amta-researchers.19","2011.mtsummit-papers.3","0.0953883"
"2011.mtsummit-papers.3","2020.emnlp-main.42","0.107331"
"2020.emnlp-main.42","2011.mtsummit-papers.3","0.107331"
"2011.mtsummit-papers.3","C10-1080","0.131251"
"C10-1080","2011.mtsummit-papers.3","0.131251"
"2011.mtsummit-papers.3","C10-1135","0.224366"
"C10-1135","2011.mtsummit-papers.3","0.224366"
"2011.mtsummit-papers.3","C12-1176","0.942108"
"C12-1176","2011.mtsummit-papers.3","0.942108"
"2011.mtsummit-papers.3","C12-2122","1.15385"
"C12-2122","2011.mtsummit-papers.3","1.15385"
"2011.mtsummit-papers.3","C14-1104","0.133457"
"C14-1104","2011.mtsummit-papers.3","0.133457"
"2011.mtsummit-papers.3","C14-1209","0.148216"
"C14-1209","2011.mtsummit-papers.3","0.148216"
"2011.mtsummit-papers.3","C16-1205","0.036218"
"C16-1205","2011.mtsummit-papers.3","0.036218"
"2011.mtsummit-papers.3","D09-1106","0.143926"
"D09-1106","2011.mtsummit-papers.3","0.143926"
"2011.mtsummit-papers.3","D11-1020","0.215524"
"D11-1020","2011.mtsummit-papers.3","0.215524"
"2011.mtsummit-papers.3","D11-1081","2.90706"
"D11-1081","2011.mtsummit-papers.3","2.90706"
"2011.mtsummit-papers.3","D12-1109","0.126215"
"D12-1109","2011.mtsummit-papers.3","0.126215"
"2011.mtsummit-papers.3","D13-1108","0.162868"
"D13-1108","2011.mtsummit-papers.3","0.162868"
"2011.mtsummit-papers.3","D14-1060","0.0793283"
"D14-1060","2011.mtsummit-papers.3","0.0793283"
"2011.mtsummit-papers.3","D15-1004","0.10342"
"D15-1004","2011.mtsummit-papers.3","0.10342"
"2011.mtsummit-papers.3","E17-2056","0.0800037"
"E17-2056","2011.mtsummit-papers.3","0.0800037"
"2011.mtsummit-papers.3","E17-2095","0.079465"
"E17-2095","2011.mtsummit-papers.3","0.079465"
"2011.mtsummit-papers.3","I17-3009","0.034532"
"I17-3009","2011.mtsummit-papers.3","0.034532"
"2011.mtsummit-papers.3","J10-3002","0.204535"
"J10-3002","2011.mtsummit-papers.3","0.204535"
"2011.mtsummit-papers.3","L16-1352","0.096803"
"L16-1352","2011.mtsummit-papers.3","0.096803"
"2011.mtsummit-papers.3","L16-1436","0.034532"
"L16-1436","2011.mtsummit-papers.3","0.034532"
"2011.mtsummit-papers.3","N16-1113","0.045521"
"N16-1113","2011.mtsummit-papers.3","0.045521"
"2011.mtsummit-papers.3","P05-1057","0.06679"
"P05-1057","2011.mtsummit-papers.3","0.06679"
"2011.mtsummit-papers.3","P09-1063","0.165195"
"P09-1063","2011.mtsummit-papers.3","0.165195"
"2011.mtsummit-papers.3","P09-1065","0.965524"
"P09-1065","2011.mtsummit-papers.3","0.965524"
"2011.mtsummit-papers.3","P10-2003","0.0953883"
"P10-2003","2011.mtsummit-papers.3","0.0953883"
"2011.mtsummit-papers.3","P11-1128","0.131251"
"P11-1128","2011.mtsummit-papers.3","0.131251"
"2011.mtsummit-papers.3","P12-1048","0.178409"
"P12-1048","2011.mtsummit-papers.3","0.178409"
"2011.mtsummit-papers.3","P12-1079","0.657058"
"P12-1079","2011.mtsummit-papers.3","0.657058"
"2011.mtsummit-papers.3","P13-2068","0.0903174"
"P13-2068","2011.mtsummit-papers.3","0.0903174"
"2011.mtsummit-papers.3","P15-1003","0.111586"
"P15-1003","2011.mtsummit-papers.3","0.111586"
"2011.mtsummit-papers.3","P16-1010","0.130747"
"P16-1010","2011.mtsummit-papers.3","0.130747"
"2011.mtsummit-papers.3","P16-2045","0.079465"
"P16-2045","2011.mtsummit-papers.3","0.079465"
"2011.mtsummit-papers.3","P17-1140","0.072848"
"P17-1140","2011.mtsummit-papers.3","0.072848"
"2011.mtsummit-papers.3","P19-1332","0.0318223"
"P19-1332","2011.mtsummit-papers.3","0.0318223"
"2011.mtsummit-papers.3","W12-4506","0.036218"
"W12-4506","2011.mtsummit-papers.3","0.036218"
"2011.mtsummit-papers.3","W12-5704","0.0208333"
"W12-5704","2011.mtsummit-papers.3","0.0208333"
"2011.mtsummit-papers.3","W13-2222","0.252898"
"W13-2222","2011.mtsummit-papers.3","0.252898"
"2011.mtsummit-papers.3","W14-3303","0.0208333"
"W14-3303","2011.mtsummit-papers.3","0.0208333"
"2011.mtsummit-papers.3","W14-3325","0.0499166"
"W14-3325","2011.mtsummit-papers.3","0.0499166"
"2011.mtsummit-papers.3","W14-3329","0.238245"
"W14-3329","2011.mtsummit-papers.3","0.238245"
"2011.mtsummit-papers.3","W14-4014","0.0953883"
"W14-4014","2011.mtsummit-papers.3","0.0953883"
"2011.mtsummit-papers.3","W15-3005","0.0208333"
"W15-3005","2011.mtsummit-papers.3","0.0208333"
"2011.mtsummit-papers.42","2014.amta-researchers.19","0.0609056"
"2014.amta-researchers.19","2011.mtsummit-papers.42","0.0609056"
"2011.mtsummit-papers.42","2020.emnlp-main.42","0.303404"
"2020.emnlp-main.42","2011.mtsummit-papers.42","0.303404"
"2011.mtsummit-papers.42","C10-1080","0.0761986"
"C10-1080","2011.mtsummit-papers.42","0.0761986"
"2011.mtsummit-papers.42","C10-1135","0.102572"
"C10-1135","2011.mtsummit-papers.42","0.102572"
"2011.mtsummit-papers.42","C12-1176","0.102572"
"C12-1176","2011.mtsummit-papers.42","0.102572"
"2011.mtsummit-papers.42","C12-2122","0.928213"
"C12-2122","2011.mtsummit-papers.42","0.928213"
"2011.mtsummit-papers.42","C14-1104","0.125558"
"C14-1104","2011.mtsummit-papers.42","0.125558"
"2011.mtsummit-papers.42","C14-1209","0.0609056"
"C14-1209","2011.mtsummit-papers.42","0.0609056"
"2011.mtsummit-papers.42","C16-1205","0.036218"
"C16-1205","2011.mtsummit-papers.42","0.036218"
"2011.mtsummit-papers.42","D09-1106","0.263874"
"D09-1106","2011.mtsummit-papers.42","0.263874"
"2011.mtsummit-papers.42","D11-1020","0.128213"
"D11-1020","2011.mtsummit-papers.42","0.128213"
"2011.mtsummit-papers.42","D11-1081","0.110906"
"D11-1081","2011.mtsummit-papers.42","0.110906"
"2011.mtsummit-papers.42","D12-1109","0.071162"
"D12-1109","2011.mtsummit-papers.42","0.071162"
"2011.mtsummit-papers.42","D13-1108","0.0755576"
"D13-1108","2011.mtsummit-papers.42","0.0755576"
"2011.mtsummit-papers.42","D14-1060","0.0499166"
"D14-1060","2011.mtsummit-papers.42","0.0499166"
"2011.mtsummit-papers.42","D15-1004","0.071162"
"D15-1004","2011.mtsummit-papers.42","0.071162"
"2011.mtsummit-papers.42","E17-2056","0.170521"
"E17-2056","2011.mtsummit-papers.42","0.170521"
"2011.mtsummit-papers.42","E17-2095","0.047207"
"E17-2095","2011.mtsummit-papers.42","0.047207"
"2011.mtsummit-papers.42","I17-3009","0.034532"
"I17-3009","2011.mtsummit-papers.42","0.034532"
"2011.mtsummit-papers.42","J10-3002","2.12556"
"J10-3002","2011.mtsummit-papers.42","2.12556"
"2011.mtsummit-papers.42","L16-1352","0.071162"
"L16-1352","2011.mtsummit-papers.42","0.071162"
"2011.mtsummit-papers.42","L16-1436","0.034532"
"L16-1436","2011.mtsummit-papers.42","0.034532"
"2011.mtsummit-papers.42","N16-1113","0.170521"
"N16-1113","2011.mtsummit-papers.42","0.170521"
"2011.mtsummit-papers.42","P05-1057","0.209532"
"P05-1057","2011.mtsummit-papers.42","0.209532"
"2011.mtsummit-papers.42","P09-1063","0.0778846"
"P09-1063","2011.mtsummit-papers.42","0.0778846"
"2011.mtsummit-papers.42","P09-1065","0.128213"
"P09-1065","2011.mtsummit-papers.42","0.128213"
"2011.mtsummit-papers.42","P10-2003","0.0609056"
"P10-2003","2011.mtsummit-papers.42","0.0609056"
"2011.mtsummit-papers.42","P11-1128","0.0761986"
"P11-1128","2011.mtsummit-papers.42","0.0761986"
"2011.mtsummit-papers.42","P12-1048","0.0888736"
"P12-1048","2011.mtsummit-papers.42","0.0888736"
"2011.mtsummit-papers.42","P12-1079","0.0609056"
"P12-1079","2011.mtsummit-papers.42","0.0609056"
"2011.mtsummit-papers.42","P13-2068","0.0609056"
"P13-2068","2011.mtsummit-papers.42","0.0609056"
"2011.mtsummit-papers.42","P15-1003","0.0499166"
"P15-1003","2011.mtsummit-papers.42","0.0499166"
"2011.mtsummit-papers.42","P16-1010","0.122848"
"P16-1010","2011.mtsummit-papers.42","0.122848"
"2011.mtsummit-papers.42","P16-2045","0.047207"
"P16-2045","2011.mtsummit-papers.42","0.047207"
"2011.mtsummit-papers.42","P17-1140","0.072848"
"P17-1140","2011.mtsummit-papers.42","0.072848"
"2011.mtsummit-papers.42","P19-1332","0.0318223"
"P19-1332","2011.mtsummit-papers.42","0.0318223"
"2011.mtsummit-papers.42","W12-4506","0.036218"
"W12-4506","2011.mtsummit-papers.42","0.036218"
"2011.mtsummit-papers.42","W12-5704","0.145833"
"W12-5704","2011.mtsummit-papers.42","0.145833"
"2011.mtsummit-papers.42","W13-2222","0.0755576"
"W13-2222","2011.mtsummit-papers.42","0.0755576"
"2011.mtsummit-papers.42","W14-3303","0.0208333"
"W14-3303","2011.mtsummit-papers.42","0.0208333"
"2011.mtsummit-papers.42","W14-3325","0.0499166"
"W14-3325","2011.mtsummit-papers.42","0.0499166"
"2011.mtsummit-papers.42","W14-3329","0.110906"
"W14-3329","2011.mtsummit-papers.42","0.110906"
"2011.mtsummit-papers.42","W14-4014","0.0609056"
"W14-4014","2011.mtsummit-papers.42","0.0609056"
"2011.mtsummit-papers.42","W15-3005","0.0208333"
"W15-3005","2011.mtsummit-papers.42","0.0208333"
"2014.amta-researchers.19","2020.emnlp-main.42","0.0816897"
"2020.emnlp-main.42","2014.amta-researchers.19","0.0816897"
"2014.amta-researchers.19","C10-1080","0.034532"
"C10-1080","2014.amta-researchers.19","0.034532"
"2014.amta-researchers.19","C10-1135","0.0953883"
"C10-1135","2014.amta-researchers.19","0.0953883"
"2014.amta-researchers.19","C12-1176","0.112932"
"C12-1176","2014.amta-researchers.19","0.112932"
"2014.amta-researchers.19","C12-2122","0.0609056"
"C12-2122","2014.amta-researchers.19","0.0609056"
"2014.amta-researchers.19","C14-1104","0.0499166"
"C14-1104","2014.amta-researchers.19","0.0499166"
"2014.amta-researchers.19","C14-1209","0.0784495"
"C14-1209","2014.amta-researchers.19","0.0784495"
"2014.amta-researchers.19","C16-1205","0.0537618"
"C16-1205","2014.amta-researchers.19","0.0537618"
"2014.amta-researchers.19","D09-1106","0.0647508"
"D09-1106","2014.amta-researchers.19","0.0647508"
"2014.amta-researchers.19","D11-1020","0.0609056"
"D11-1020","2014.amta-researchers.19","0.0609056"
"2014.amta-researchers.19","D11-1081","0.0953883"
"D11-1081","2014.amta-researchers.19","0.0953883"
"2014.amta-researchers.19","D12-1109","0.045521"
"D12-1109","2014.amta-researchers.19","0.045521"
"2014.amta-researchers.19","D13-1108","0.0499166"
"D13-1108","2014.amta-researchers.19","0.0499166"
"2014.amta-researchers.19","D14-1060","0.0499166"
"D14-1060","2014.amta-researchers.19","0.0499166"
"2014.amta-researchers.19","D15-1004","0.570009"
"D15-1004","2014.amta-researchers.19","0.570009"
"2014.amta-researchers.19","E17-2056","0.142504"
"E17-2056","2014.amta-researchers.19","0.142504"
"2014.amta-researchers.19","E17-2095","0.318719"
"E17-2095","2014.amta-researchers.19","0.318719"
"2014.amta-researchers.19","I17-3009","0.0520758"
"I17-3009","2014.amta-researchers.19","0.0520758"
"2014.amta-researchers.19","J10-3002","0.0499166"
"J10-3002","2014.amta-researchers.19","0.0499166"
"2014.amta-researchers.19","L16-1352","0.0630648"
"L16-1352","2014.amta-researchers.19","0.0630648"
"2014.amta-researchers.19","L16-1436","0.0520758"
"L16-1436","2014.amta-researchers.19","0.0520758"
"2014.amta-researchers.19","N16-1113","0.0630648"
"N16-1113","2014.amta-researchers.19","0.0630648"
"2014.amta-researchers.19","P05-1057","0.034532"
"P05-1057","2014.amta-researchers.19","0.034532"
"2014.amta-researchers.19","P09-1063","0.0537618"
"P09-1063","2014.amta-researchers.19","0.0537618"
"2014.amta-researchers.19","P09-1065","0.0609056"
"P09-1065","2014.amta-researchers.19","0.0609056"
"2014.amta-researchers.19","P10-2003","0.112932"
"P10-2003","2014.amta-researchers.19","0.112932"
"2014.amta-researchers.19","P11-1128","0.0520758"
"P11-1128","2014.amta-researchers.19","0.0520758"
"2014.amta-researchers.19","P12-1048","0.0992336"
"P12-1048","2014.amta-researchers.19","0.0992336"
"2014.amta-researchers.19","P12-1079","0.0953883"
"P12-1079","2014.amta-researchers.19","0.0953883"
"2014.amta-researchers.19","P13-2068","0.0609056"
"P13-2068","2014.amta-researchers.19","0.0609056"
"2014.amta-researchers.19","P15-1003","0.0674604"
"P15-1003","2014.amta-researchers.19","0.0674604"
"2014.amta-researchers.19","P16-1010","0.381219"
"P16-1010","2014.amta-researchers.19","0.381219"
"2014.amta-researchers.19","P16-2045","2.10344"
"P16-2045","2014.amta-researchers.19","2.10344"
"2014.amta-researchers.19","P17-1140","0.047207"
"P17-1140","2014.amta-researchers.19","0.047207"
"2014.amta-researchers.19","P19-1332","0.0318223"
"P19-1332","2014.amta-researchers.19","0.0318223"
"2014.amta-researchers.19","W12-4506","0.036218"
"W12-4506","2014.amta-researchers.19","0.036218"
"2014.amta-researchers.19","W12-5704","0.0383772"
"W12-5704","2014.amta-researchers.19","0.0383772"
"2014.amta-researchers.19","W13-2222","0.101943"
"W13-2222","2014.amta-researchers.19","0.101943"
"2014.amta-researchers.19","W14-3303","0.0383772"
"W14-3303","2014.amta-researchers.19","0.0383772"
"2014.amta-researchers.19","W14-3325","0.178572"
"W14-3325","2014.amta-researchers.19","0.178572"
"2014.amta-researchers.19","W14-3329","0.112932"
"W14-3329","2014.amta-researchers.19","0.112932"
"2014.amta-researchers.19","W14-4014","0.224043"
"W14-4014","2014.amta-researchers.19","0.224043"
"2014.amta-researchers.19","W15-3005","0.0383772"
"W15-3005","2014.amta-researchers.19","0.0383772"
"2020.emnlp-main.42","C10-1080","0.0208333"
"C10-1080","2020.emnlp-main.42","0.0208333"
"2020.emnlp-main.42","C10-1135","0.0816897"
"C10-1135","2020.emnlp-main.42","0.0816897"
"2020.emnlp-main.42","C12-1176","0.0816897"
"C12-1176","2020.emnlp-main.42","0.0816897"
"2020.emnlp-main.42","C12-2122","0.247848"
"C12-2122","2020.emnlp-main.42","0.247848"
"2020.emnlp-main.42","C14-1104","0.111859"
"C14-1104","2020.emnlp-main.42","0.111859"
"2020.emnlp-main.42","C14-1209","0.047207"
"C14-1209","2020.emnlp-main.42","0.047207"
"2020.emnlp-main.42","C16-1205","0.161218"
"C16-1205","2020.emnlp-main.42","0.161218"
"2020.emnlp-main.42","D09-1106","0.222207"
"D09-1106","2020.emnlp-main.42","0.222207"
"2020.emnlp-main.42","D11-1020","0.072848"
"D11-1020","2020.emnlp-main.42","0.072848"
"2020.emnlp-main.42","D11-1081","0.13169"
"D11-1081","2020.emnlp-main.42","0.13169"
"2020.emnlp-main.42","D12-1109","0.0574634"
"D12-1109","2020.emnlp-main.42","0.0574634"
"2020.emnlp-main.42","D13-1108","0.061859"
"D13-1108","2020.emnlp-main.42","0.061859"
"2020.emnlp-main.42","D14-1060","0.036218"
"D14-1060","2020.emnlp-main.42","0.036218"
"2020.emnlp-main.42","D15-1004","0.0574634"
"D15-1004","2020.emnlp-main.42","0.0574634"
"2020.emnlp-main.42","E17-2056","0.191305"
"E17-2056","2020.emnlp-main.42","0.191305"
"2020.emnlp-main.42","E17-2095","0.047207"
"E17-2095","2020.emnlp-main.42","0.047207"
"2020.emnlp-main.42","I17-3009","0.0208333"
"I17-3009","2020.emnlp-main.42","0.0208333"
"2020.emnlp-main.42","J10-3002","0.236859"
"J10-3002","2020.emnlp-main.42","0.236859"
"2020.emnlp-main.42","L16-1352","0.0574634"
"L16-1352","2020.emnlp-main.42","0.0574634"
"2020.emnlp-main.42","L16-1436","0.0208333"
"L16-1436","2020.emnlp-main.42","0.0208333"
"2020.emnlp-main.42","N16-1113","0.0318223"
"N16-1113","2020.emnlp-main.42","0.0318223"
"2020.emnlp-main.42","P05-1057","0.195833"
"P05-1057","2020.emnlp-main.42","0.195833"
"2020.emnlp-main.42","P09-1063","0.036218"
"P09-1063","2020.emnlp-main.42","0.036218"
"2020.emnlp-main.42","P09-1065","0.072848"
"P09-1065","2020.emnlp-main.42","0.072848"
"2020.emnlp-main.42","P10-2003","0.0816897"
"P10-2003","2020.emnlp-main.42","0.0816897"
"2020.emnlp-main.42","P11-1128","0.0208333"
"P11-1128","2020.emnlp-main.42","0.0208333"
"2020.emnlp-main.42","P12-1048","0.0816897"
"P12-1048","2020.emnlp-main.42","0.0816897"
"2020.emnlp-main.42","P12-1079","0.0816897"
"P12-1079","2020.emnlp-main.42","0.0816897"
"2020.emnlp-main.42","P13-2068","0.047207"
"P13-2068","2020.emnlp-main.42","0.047207"
"2020.emnlp-main.42","P15-1003","0.136218"
"P15-1003","2020.emnlp-main.42","0.136218"
"2020.emnlp-main.42","P16-1010","0.265705"
"P16-1010","2020.emnlp-main.42","0.265705"
"2020.emnlp-main.42","P16-2045","0.047207"
"P16-2045","2020.emnlp-main.42","0.047207"
"2020.emnlp-main.42","P17-1140","0.356672"
"P17-1140","2020.emnlp-main.42","0.356672"
"2020.emnlp-main.42","P19-1332","0.0318223"
"P19-1332","2020.emnlp-main.42","0.0318223"
"2020.emnlp-main.42","W12-4506","0.036218"
"W12-4506","2020.emnlp-main.42","0.036218"
"2020.emnlp-main.42","W12-5704","0.145833"
"W12-5704","2020.emnlp-main.42","0.145833"
"2020.emnlp-main.42","W13-2222","0.0963417"
"W13-2222","2020.emnlp-main.42","0.0963417"
"2020.emnlp-main.42","W14-3303","0.0208333"
"W14-3303","2020.emnlp-main.42","0.0208333"
"2020.emnlp-main.42","W14-3325","0.179075"
"W14-3325","2020.emnlp-main.42","0.179075"
"2020.emnlp-main.42","W14-3329","0.13169"
"W14-3329","2020.emnlp-main.42","0.13169"
"2020.emnlp-main.42","W14-4014","0.0816897"
"W14-4014","2020.emnlp-main.42","0.0816897"
"2020.emnlp-main.42","W15-3005","0.0208333"
"W15-3005","2020.emnlp-main.42","0.0208333"
"C10-1080","C10-1135","0.284373"
"C10-1135","C10-1080","0.284373"
"C10-1080","C12-1176","0.186807"
"C12-1176","C10-1080","0.186807"
"C10-1080","C12-2122","0.275795"
"C12-2122","C10-1080","0.275795"
"C10-1080","C14-1104","0.427116"
"C14-1104","C10-1080","0.427116"
"C10-1080","C14-1209","0.300826"
"C14-1209","C10-1080","0.300826"
"C10-1080","C16-1205","0.0208333"
"C16-1205","C10-1080","0.0208333"
"C10-1080","D09-1106","0.211851"
"D09-1106","C10-1080","0.211851"
"C10-1080","D11-1020","0.227361"
"D11-1020","C10-1080","0.227361"
"C10-1080","D11-1081","0.60561"
"D11-1081","C10-1080","0.60561"
"C10-1080","D12-1109","0.301939"
"D12-1109","C10-1080","0.301939"
"C10-1080","D13-1108","0.63416"
"D13-1108","C10-1080","0.63416"
"C10-1080","D14-1060","0.0639437"
"D14-1060","C10-1080","0.0639437"
"C10-1080","D15-1004","0.0780102"
"D15-1004","C10-1080","0.0780102"
"C10-1080","E17-2056","0.034532"
"E17-2056","C10-1080","0.034532"
"C10-1080","E17-2095","0.0643116"
"E17-2095","C10-1080","0.0643116"
"C10-1080","I17-3009","0.034532"
"I17-3009","C10-1080","0.034532"
"C10-1080","J10-3002","0.17473"
"J10-3002","C10-1080","0.17473"
"C10-1080","L16-1352","0.312805"
"L16-1352","C10-1080","0.312805"
"C10-1080","L16-1436","0.034532"
"L16-1436","C10-1080","0.034532"
"C10-1080","N16-1113","0.034532"
"N16-1113","C10-1080","0.034532"
"C10-1080","P05-1057","0.201199"
"P05-1057","C10-1080","0.201199"
"C10-1080","P09-1063","1.04136"
"P09-1063","C10-1080","1.04136"
"C10-1080","P09-1065","0.839929"
"P09-1065","C10-1080","0.839929"
"C10-1080","P10-2003","0.0900875"
"P10-2003","C10-1080","0.0900875"
"C10-1080","P11-1128","1.31473"
"P11-1128","C10-1080","1.31473"
"C10-1080","P12-1048","0.450886"
"P12-1048","C10-1080","0.450886"
"C10-1080","P12-1079","0.0639437"
"P12-1079","C10-1080","0.0639437"
"C10-1080","P13-2068","0.0639437"
"P13-2068","C10-1080","0.0639437"
"C10-1080","P15-1003","0.169207"
"P15-1003","C10-1080","0.169207"
"C10-1080","P16-1010","0.184251"
"P16-1010","C10-1080","0.184251"
"C10-1080","P16-2045","0.0208333"
"P16-2045","C10-1080","0.0208333"
"C10-1080","P17-1140","0.240132"
"P17-1140","C10-1080","0.240132"
"C10-1080","P19-1332","0.0208333"
"P19-1332","C10-1080","0.0208333"
"C10-1080","W12-4506","0.0208333"
"W12-4506","C10-1080","0.0208333"
"C10-1080","W12-5704","0.0208333"
"W12-5704","C10-1080","0.0208333"
"C10-1080","W13-2222","0.034532"
"W13-2222","C10-1080","0.034532"
"C10-1080","W14-3303","0.0208333"
"W14-3303","C10-1080","0.0208333"
"C10-1080","W14-3325","0.034532"
"W14-3325","C10-1080","0.034532"
"C10-1080","W14-3329","0.034532"
"W14-3329","C10-1080","0.034532"
"C10-1080","W14-4014","0.119677"
"W14-4014","C10-1080","0.119677"
"C10-1080","W15-3005","0.0208333"
"W15-3005","C10-1080","0.0208333"
"C10-1135","C12-1176","0.192108"
"C12-1176","C10-1135","0.192108"
"C10-1135","C12-2122","0.364668"
"C12-2122","C10-1135","0.364668"
"C10-1135","C14-1104","0.202114"
"C14-1104","C10-1135","0.202114"
"C10-1135","C14-1209","0.200848"
"C14-1209","C10-1135","0.200848"
"C10-1135","C16-1205","0.036218"
"C16-1205","C10-1135","0.036218"
"C10-1135","D09-1106","0.363225"
"D09-1106","C10-1135","0.363225"
"C10-1135","D11-1020","0.242515"
"D11-1020","C10-1135","0.242515"
"C10-1135","D11-1081","0.198725"
"D11-1081","C10-1135","0.198725"
"C10-1135","D12-1109","0.14224"
"D12-1109","C10-1135","0.14224"
"C10-1135","D13-1108","0.231526"
"D13-1108","C10-1135","0.231526"
"C10-1135","D14-1060","0.0793283"
"D14-1060","C10-1135","0.0793283"
"C10-1135","D15-1004","0.411112"
"D15-1004","C10-1135","0.411112"
"C10-1135","E17-2056","0.0800037"
"E17-2056","C10-1135","0.0800037"
"C10-1135","E17-2095","0.079465"
"E17-2095","C10-1135","0.079465"
"C10-1135","I17-3009","0.034532"
"I17-3009","C10-1135","0.034532"
"C10-1135","J10-3002","0.178894"
"J10-3002","C10-1135","0.178894"
"C10-1135","L16-1352","0.123794"
"L16-1352","C10-1135","0.123794"
"C10-1135","L16-1436","0.034532"
"L16-1436","C10-1135","0.034532"
"C10-1135","N16-1113","0.045521"
"N16-1113","C10-1135","0.045521"
"C10-1135","P05-1057","0.56679"
"P05-1057","C10-1135","0.56679"
"C10-1135","P09-1063","0.318317"
"P09-1063","C10-1135","0.318317"
"C10-1135","P09-1065","0.343005"
"P09-1065","C10-1135","0.343005"
"C10-1135","P10-2003","0.0953883"
"P10-2003","C10-1135","0.0953883"
"C10-1135","P11-1128","0.231742"
"P11-1128","C10-1135","0.231742"
"C10-1135","P12-1048","0.178409"
"P12-1048","C10-1135","0.178409"
"C10-1135","P12-1079","0.157058"
"P12-1079","C10-1135","0.157058"
"C10-1135","P13-2068","0.0903174"
"P13-2068","C10-1135","0.0903174"
"C10-1135","P15-1003","0.164218"
"P15-1003","C10-1135","0.164218"
"C10-1135","P16-1010","0.480106"
"P16-1010","C10-1135","0.480106"
"C10-1135","P16-2045","0.204465"
"P16-2045","C10-1135","0.204465"
"C10-1135","P17-1140","0.047207"
"P17-1140","C10-1135","0.047207"
"C10-1135","P19-1332","0.0318223"
"P19-1332","C10-1135","0.0318223"
"C10-1135","W12-4506","0.036218"
"W12-4506","C10-1135","0.036218"
"C10-1135","W12-5704","0.0208333"
"W12-5704","C10-1135","0.0208333"
"C10-1135","W13-2222","0.0843993"
"W13-2222","C10-1135","0.0843993"
"C10-1135","W14-3303","0.0208333"
"W14-3303","C10-1135","0.0208333"
"C10-1135","W14-3325","0.0499166"
"W14-3325","C10-1135","0.0499166"
"C10-1135","W14-3329","0.0953883"
"W14-3329","C10-1135","0.0953883"
"C10-1135","W14-4014","0.470388"
"W14-4014","C10-1135","0.470388"
"C10-1135","W15-3005","0.0208333"
"W15-3005","C10-1135","0.0208333"
"C12-1176","C12-2122","0.128213"
"C12-2122","C12-1176","0.128213"
"C12-1176","C14-1104","0.408891"
"C14-1104","C12-1176","0.408891"
"C12-1176","C14-1209","0.133502"
"C14-1209","C12-1176","0.133502"
"C12-1176","C16-1205","0.0537618"
"C16-1205","C12-1176","0.0537618"
"C12-1176","D09-1106","0.16147"
"D09-1106","C12-1176","0.16147"
"C12-1176","D11-1020","0.157625"
"D11-1020","C12-1176","0.157625"
"C12-1176","D11-1081","4.20813"
"D11-1081","C12-1176","4.20813"
"C12-1176","D12-1109","0.156129"
"D12-1109","C12-1176","0.156129"
"C12-1176","D13-1108","0.104969"
"D13-1108","C12-1176","0.104969"
"C12-1176","D14-1060","0.190439"
"D14-1060","C12-1176","0.190439"
"C12-1176","D15-1004","0.0630648"
"D15-1004","C12-1176","0.0630648"
"C12-1176","E17-2056","0.0800037"
"E17-2056","C12-1176","0.0800037"
"C12-1176","E17-2095","0.175862"
"E17-2095","C12-1176","0.175862"
"C12-1176","I17-3009","0.0520758"
"I17-3009","C12-1176","0.0520758"
"C12-1176","J10-3002","0.146636"
"J10-3002","C12-1176","0.146636"
"C12-1176","L16-1352","0.165629"
"L16-1352","C12-1176","0.165629"
"C12-1176","L16-1436","0.0520758"
"L16-1436","C12-1176","0.0520758"
"C12-1176","N16-1113","0.0630648"
"N16-1113","C12-1176","0.0630648"
"C12-1176","P05-1057","0.034532"
"P05-1057","C12-1176","0.034532"
"C12-1176","P09-1063","0.206037"
"P09-1063","C12-1176","0.206037"
"C12-1176","P09-1065","1.20677"
"P09-1065","C12-1176","1.20677"
"C12-1176","P10-2003","0.168488"
"P10-2003","C12-1176","0.168488"
"C12-1176","P11-1128","0.225718"
"P11-1128","C12-1176","0.225718"
"C12-1176","P12-1048","0.195953"
"P12-1048","C12-1176","0.195953"
"C12-1176","P12-1079","0.1248"
"P12-1079","C12-1176","0.1248"
"C12-1176","P13-2068","0.0903174"
"P13-2068","C12-1176","0.0903174"
"C12-1176","P15-1003","0.0968722"
"P15-1003","C12-1176","0.0968722"
"C12-1176","P16-1010","0.201503"
"P16-1010","C12-1176","0.201503"
"C12-1176","P16-2045","0.0647508"
"P16-2045","C12-1176","0.0647508"
"C12-1176","P17-1140","0.047207"
"P17-1140","C12-1176","0.047207"
"C12-1176","P19-1332","0.0318223"
"P19-1332","C12-1176","0.0318223"
"C12-1176","W12-4506","0.036218"
"W12-4506","C12-1176","0.036218"
"C12-1176","W12-5704","0.0383772"
"W12-5704","C12-1176","0.0383772"
"C12-1176","W13-2222","0.101943"
"W13-2222","C12-1176","0.101943"
"C12-1176","W14-3303","0.0383772"
"W14-3303","C12-1176","0.0383772"
"C12-1176","W14-3325","0.0674604"
"W14-3325","C12-1176","0.0674604"
"C12-1176","W14-3329","0.112932"
"W14-3329","C12-1176","0.112932"
"C12-1176","W14-4014","0.112932"
"W14-4014","C12-1176","0.112932"
"C12-1176","W15-3005","0.0383772"
"W15-3005","C12-1176","0.0383772"
"C12-2122","C14-1104","0.341829"
"C14-1104","C12-2122","0.341829"
"C12-2122","C14-1209","0.238715"
"C14-1209","C12-2122","0.238715"
"C12-2122","C16-1205","0.073255"
"C16-1205","C12-2122","0.073255"
"C12-2122","D09-1106","2.37598"
"D09-1106","C12-2122","2.37598"
"C12-2122","D11-1020","0.244947"
"D11-1020","C12-2122","0.244947"
"C12-2122","D11-1081","0.110906"
"D11-1081","C12-2122","0.110906"
"C12-2122","D12-1109","0.19634"
"D12-1109","C12-2122","0.19634"
"C12-2122","D13-1108","0.291829"
"D13-1108","C12-2122","0.291829"
"C12-2122","D14-1060","0.0499166"
"D14-1060","C12-2122","0.0499166"
"C12-2122","D15-1004","0.109624"
"D15-1004","C12-2122","0.109624"
"C12-2122","E17-2056","0.420521"
"E17-2056","C12-2122","0.420521"
"C12-2122","E17-2095","0.0856685"
"E17-2095","C12-2122","0.0856685"
"C12-2122","I17-3009","0.034532"
"I17-3009","C12-2122","0.034532"
"C12-2122","J10-3002","4.10633"
"J10-3002","C12-2122","4.10633"
"C12-2122","L16-1352","0.149435"
"L16-1352","C12-2122","0.149435"
"C12-2122","L16-1436","0.034532"
"L16-1436","C12-2122","0.034532"
"C12-2122","N16-1113","1.20385"
"N16-1113","C12-2122","1.20385"
"C12-2122","P05-1057","0.209532"
"P05-1057","C12-2122","0.209532"
"C12-2122","P09-1063","0.277481"
