"2007.iwslt-1.17","C10-2033","0.680556"
"C10-2033","2007.iwslt-1.17","0.680556"
"2007.iwslt-1.17","C10-2136","0.847222"
"C10-2136","2007.iwslt-1.17","0.847222"
"2007.iwslt-1.17","I08-1066","0.941667"
"I08-1066","2007.iwslt-1.17","0.941667"
"C10-2033","C10-2136","0.513889"
"C10-2136","C10-2033","0.513889"
"C10-2033","I08-1066","1.725"
"I08-1066","C10-2033","1.725"
"C10-2136","I08-1066","1.55833"
"I08-1066","C10-2136","1.55833"
"2007.iwslt-1.17","2009.iwslt-evaluation.8","0.455556"
"2009.iwslt-evaluation.8","2007.iwslt-1.17","0.455556"
"2007.iwslt-1.17","C10-2096","0.513889"
"C10-2096","2007.iwslt-1.17","0.513889"
"2007.iwslt-1.17","C14-1107","0.205556"
"C14-1107","2007.iwslt-1.17","0.205556"
"2007.iwslt-1.17","D09-1115","0.0833333"
"D09-1115","2007.iwslt-1.17","0.0833333"
"2007.iwslt-1.17","D11-1020","0.455556"
"D11-1020","2007.iwslt-1.17","0.455556"
"2007.iwslt-1.17","D13-1052","0.15"
"D13-1052","2007.iwslt-1.17","0.15"
"2007.iwslt-1.17","P08-1023","0.497222"
"P08-1023","2007.iwslt-1.17","0.497222"
"2007.iwslt-1.17","P09-1065","0.580556"
"P09-1065","2007.iwslt-1.17","0.580556"
"2007.iwslt-1.17","P09-2035","0.330556"
"P09-2035","2007.iwslt-1.17","0.330556"
"2007.iwslt-1.17","P10-1145","0.580556"
"P10-1145","2007.iwslt-1.17","0.580556"
"2007.iwslt-1.17","P10-2003","0.263889"
"P10-2003","2007.iwslt-1.17","0.263889"
"2009.iwslt-evaluation.8","C10-2096","0.940054"
"C10-2096","2009.iwslt-evaluation.8","0.940054"
"2009.iwslt-evaluation.8","C10-2136","0.463889"
"C10-2136","2009.iwslt-evaluation.8","0.463889"
"2009.iwslt-evaluation.8","C14-1107","0.382479"
"C14-1107","2009.iwslt-evaluation.8","0.382479"
"2009.iwslt-evaluation.8","D09-1115","0.183333"
"D09-1115","2009.iwslt-evaluation.8","0.183333"
"2009.iwslt-evaluation.8","D11-1020","0.496465"
"D11-1020","2009.iwslt-evaluation.8","0.496465"
"2009.iwslt-evaluation.8","D13-1052","0.451923"
"D13-1052","2009.iwslt-evaluation.8","0.451923"
"2009.iwslt-evaluation.8","P08-1023","1.42146"
"P08-1023","2009.iwslt-evaluation.8","1.42146"
"2009.iwslt-evaluation.8","P09-1065","1.37339"
"P09-1065","2009.iwslt-evaluation.8","1.37339"
"2009.iwslt-evaluation.8","P09-2035","0.723388"
"P09-2035","2009.iwslt-evaluation.8","0.723388"
"2009.iwslt-evaluation.8","P10-1145","1.42339"
"P10-1145","2009.iwslt-evaluation.8","1.42339"
"2009.iwslt-evaluation.8","P10-2003","0.490079"
"P10-2003","2009.iwslt-evaluation.8","0.490079"
"C10-2096","C10-2136","0.9"
"C10-2136","C10-2096","0.9"
"C10-2096","C14-1107","0.515812"
"C14-1107","C10-2096","0.515812"
"C10-2096","D09-1115","1.18333"
"D09-1115","C10-2096","1.18333"
"C10-2096","D11-1020","0.540909"
"D11-1020","C10-2096","0.540909"
"C10-2096","D13-1052","0.385256"
"D13-1052","C10-2096","0.385256"
"C10-2096","P08-1023","0.9921"
"P08-1023","C10-2096","0.9921"
"C10-2096","P09-1065","1.92617"
"P09-1065","C10-2096","1.92617"
"C10-2096","P09-2035","1.46783"
"P09-2035","C10-2096","1.46783"
"C10-2096","P10-1145","2.14402"
"P10-1145","C10-2096","2.14402"
"C10-2096","P10-2003","0.333333"
"P10-2003","C10-2096","0.333333"
"C10-2136","C14-1107","0.855556"
"C14-1107","C10-2136","0.855556"
"C10-2136","D09-1115","0.0833333"
"D09-1115","C10-2136","0.0833333"
"C10-2136","D11-1020","1.9"
"D11-1020","C10-2136","1.9"
"C10-2136","D13-1052","0.183333"
"D13-1052","C10-2136","0.183333"
"C10-2136","P08-1023","1.31667"
"P08-1023","C10-2136","1.31667"
"C10-2136","P09-1065","0.825"
"P09-1065","C10-2136","0.825"
"C10-2136","P09-2035","1.11667"
"P09-2035","C10-2136","1.11667"
"C10-2136","P10-1145","2.35"
"P10-1145","C10-2136","2.35"
"C10-2136","P10-2003","0.375"
"P10-2003","C10-2136","0.375"
"C14-1107","D09-1115","0.0833333"
"D09-1115","C14-1107","0.0833333"
"C14-1107","D11-1020","0.722222"
"D11-1020","C14-1107","0.722222"
"C14-1107","D13-1052","0.812637"
"D13-1052","C14-1107","0.812637"
"C14-1107","P08-1023","0.757937"
"P08-1023","C14-1107","0.757937"
"C14-1107","P09-1065","0.632479"
"P09-1065","C14-1107","0.632479"
"C14-1107","P09-2035","0.792002"
"P09-2035","C14-1107","0.792002"
"C14-1107","P10-1145","1.28486"
"P10-1145","C14-1107","1.28486"
"C14-1107","P10-2003","0.638889"
"P10-2003","C14-1107","0.638889"
"D09-1115","D11-1020","0.0833333"
"D11-1020","D09-1115","0.0833333"
"D09-1115","D13-1052","1.08333"
"D13-1052","D09-1115","1.08333"
"D09-1115","P08-1023","0.183333"
"P08-1023","D09-1115","0.183333"
"D09-1115","P09-1065","2.18333"
"P09-1065","D09-1115","2.18333"
"D09-1115","P09-2035","0.183333"
"P09-2035","D09-1115","0.183333"
"D09-1115","P10-1145","0.283333"
"P10-1145","D09-1115","0.283333"
"D09-1115","P10-2003","0.183333"
"P10-2003","D09-1115","0.183333"
"D11-1020","D13-1052","0.361111"
"D13-1052","D11-1020","0.361111"
"D11-1020","P08-1023","1.58535"
"P08-1023","D11-1020","1.58535"
"D11-1020","P09-1065","2.21869"
"P09-1065","D11-1020","2.21869"
"D11-1020","P09-2035","0.574242"
"P09-2035","D11-1020","0.574242"
"D11-1020","P10-1145","2.66869"
"P10-1145","D11-1020","2.66869"
"D11-1020","P10-2003","1.25"
"P10-2003","D11-1020","1.25"
"D13-1052","P08-1023","0.646825"
"P08-1023","D13-1052","0.646825"
"D13-1052","P09-1065","1.56303"
"P09-1065","D13-1052","1.56303"
"D13-1052","P09-2035","0.49478"
"P09-2035","D13-1052","0.49478"
"D13-1052","P10-1145","0.848748"
"P10-1145","D13-1052","0.848748"
"D13-1052","P10-2003","0.0833333"
"P10-2003","D13-1052","0.0833333"
"P08-1023","P09-1065","2.26869"
"P09-1065","P08-1023","2.26869"
"P08-1023","P09-2035","1.9421"
"P09-2035","P08-1023","1.9421"
"P08-1023","P10-1145","3.23892"
"P10-1145","P08-1023","3.23892"
"P08-1023","P10-2003","0.333333"
"P10-2003","P08-1023","0.333333"
"P09-1065","P09-2035","0.709499"
"P09-2035","P09-1065","0.709499"
"P09-1065","P10-1145","1.52061"
"P10-1145","P09-1065","1.52061"
"P09-1065","P10-2003","1.45833"
"P10-2003","P09-1065","1.45833"
"P09-2035","P10-1145","2.84402"
"P10-1145","P09-2035","2.84402"
"P09-2035","P10-2003","0.25"
"P10-2003","P09-2035","0.25"
"P10-1145","P10-2003","0.433333"
"P10-2003","P10-1145","0.433333"
"2007.iwslt-1.17","2008.iwslt-evaluation.7","0.622222"
"2008.iwslt-evaluation.7","2007.iwslt-1.17","0.622222"
"2008.iwslt-evaluation.7","D11-1020","0.472222"
"D11-1020","2008.iwslt-evaluation.7","0.472222"
"2008.iwslt-evaluation.7","I08-1066","0.641667"
"I08-1066","2008.iwslt-evaluation.7","0.641667"
"2008.iwslt-evaluation.7","P09-1065","1.34915"
"P09-1065","2008.iwslt-evaluation.7","1.34915"
"D11-1020","I08-1066","0.416667"
"I08-1066","D11-1020","0.416667"
"I08-1066","P09-1065","0.541667"
"P09-1065","I08-1066","0.541667"
"2007.iwslt-1.17","D10-1027","0.288889"
"D10-1027","2007.iwslt-1.17","0.288889"
"2007.iwslt-1.17","D13-1112","0.222222"
"D13-1112","2007.iwslt-1.17","0.222222"
"2007.iwslt-1.17","D16-1096","0.166667"
"D16-1096","2007.iwslt-1.17","0.166667"
"C10-2033","D10-1027","2.02222"
"D10-1027","C10-2033","2.02222"
"C10-2033","D13-1112","0.322222"
"D13-1112","C10-2033","0.322222"
"C10-2033","D16-1096","0.309524"
"D16-1096","C10-2033","0.309524"
"C10-2033","P08-1023","0.665079"
"P08-1023","C10-2033","0.665079"
"D10-1027","D13-1112","0.490054"
"D13-1112","D10-1027","0.490054"
"D10-1027","D16-1096","0.166667"
"D16-1096","D10-1027","0.166667"
"D10-1027","I08-1066","0.433333"
"I08-1066","D10-1027","0.433333"
"D10-1027","P08-1023","0.965512"
"P08-1023","D10-1027","0.965512"
"D13-1112","D16-1096","0.5"
"D16-1096","D13-1112","0.5"
"D13-1112","I08-1066","0.266667"
"I08-1066","D13-1112","0.266667"
"D13-1112","P08-1023","0.396465"
"P08-1023","D13-1112","0.396465"
"D16-1096","I08-1066","0.166667"
"I08-1066","D16-1096","0.166667"
"D16-1096","P08-1023","0.420635"
"P08-1023","D16-1096","0.420635"
"I08-1066","P08-1023","0.333333"
"P08-1023","I08-1066","0.333333"
"2007.iwslt-1.17","2010.iwslt-evaluation.8","0.316667"
"2010.iwslt-evaluation.8","2007.iwslt-1.17","0.316667"
"2007.iwslt-1.17","D08-1022","0.247222"
"D08-1022","2007.iwslt-1.17","0.247222"
"2008.iwslt-evaluation.7","2009.iwslt-evaluation.8","1.617"
"2009.iwslt-evaluation.8","2008.iwslt-evaluation.7","1.617"
"2008.iwslt-evaluation.7","2010.iwslt-evaluation.8","1.01145"
"2010.iwslt-evaluation.8","2008.iwslt-evaluation.7","1.01145"
"2008.iwslt-evaluation.7","C10-2096","0.665812"
"C10-2096","2008.iwslt-evaluation.7","0.665812"
"2008.iwslt-evaluation.7","D08-1022","1.04319"
"D08-1022","2008.iwslt-evaluation.7","1.04319"
"2008.iwslt-evaluation.7","P08-1023","1.29008"
"P08-1023","2008.iwslt-evaluation.7","1.29008"
"2008.iwslt-evaluation.7","P09-2035","0.549145"
"P09-2035","2008.iwslt-evaluation.7","0.549145"
"2008.iwslt-evaluation.7","P10-1145","1.392"
"P10-1145","2008.iwslt-evaluation.7","1.392"
"2009.iwslt-evaluation.8","2010.iwslt-evaluation.8","0.911447"
"2010.iwslt-evaluation.8","2009.iwslt-evaluation.8","0.911447"
"2009.iwslt-evaluation.8","D08-1022","1.09124"
"D08-1022","2009.iwslt-evaluation.8","1.09124"
"2010.iwslt-evaluation.8","C10-2096","0.553114"
"C10-2096","2010.iwslt-evaluation.8","0.553114"
"2010.iwslt-evaluation.8","D08-1022","0.748748"
"D08-1022","2010.iwslt-evaluation.8","0.748748"
"2010.iwslt-evaluation.8","P08-1023","0.695635"
"P08-1023","2010.iwslt-evaluation.8","0.695635"
"2010.iwslt-evaluation.8","P09-2035","0.39359"
"P09-2035","2010.iwslt-evaluation.8","0.39359"
"2010.iwslt-evaluation.8","P10-1145","0.997558"
"P10-1145","2010.iwslt-evaluation.8","0.997558"
"C10-2096","D08-1022","1.77458"
"D08-1022","C10-2096","1.77458"
"D08-1022","P08-1023","1.77781"
"P08-1023","D08-1022","1.77781"
"D08-1022","P09-2035","0.824578"
"P09-2035","D08-1022","0.824578"
"D08-1022","P10-1145","1.85474"
"P10-1145","D08-1022","1.85474"
"2007.iwslt-1.17","P11-1086","0.122222"
"P11-1086","2007.iwslt-1.17","0.122222"
"2007.iwslt-1.17","Y10-1009","0.0666667"
"Y10-1009","2007.iwslt-1.17","0.0666667"
"2008.iwslt-evaluation.7","C14-1107","0.342002"
"C14-1107","2008.iwslt-evaluation.7","0.342002"
"2008.iwslt-evaluation.7","D10-1027","0.742002"
"D10-1027","2008.iwslt-evaluation.7","0.742002"
"2008.iwslt-evaluation.7","D13-1052","0.411447"
"D13-1052","2008.iwslt-evaluation.7","0.411447"
"2008.iwslt-evaluation.7","P11-1086","0.342002"
"P11-1086","2008.iwslt-evaluation.7","0.342002"
"2008.iwslt-evaluation.7","Y10-1009","0.435256"
"Y10-1009","2008.iwslt-evaluation.7","0.435256"
"2009.iwslt-evaluation.8","D10-1027","0.590054"
"D10-1027","2009.iwslt-evaluation.8","0.590054"
"2009.iwslt-evaluation.8","I08-1066","0.291667"
"I08-1066","2009.iwslt-evaluation.8","0.291667"
"2009.iwslt-evaluation.8","P11-1086","0.299145"
"P11-1086","2009.iwslt-evaluation.8","0.299145"
"2009.iwslt-evaluation.8","Y10-1009","0.435256"
"Y10-1009","2009.iwslt-evaluation.8","0.435256"
"2010.iwslt-evaluation.8","C14-1107","0.14359"
"C14-1107","2010.iwslt-evaluation.8","0.14359"
"2010.iwslt-evaluation.8","D10-1027","0.24359"
"D10-1027","2010.iwslt-evaluation.8","0.24359"
"2010.iwslt-evaluation.8","D11-1020","0.177778"
"D11-1020","2010.iwslt-evaluation.8","0.177778"
"2010.iwslt-evaluation.8","D13-1052","1.3797"
"D13-1052","2010.iwslt-evaluation.8","1.3797"
"2010.iwslt-evaluation.8","I08-1066","0.291667"
"I08-1066","2010.iwslt-evaluation.8","0.291667"
"2010.iwslt-evaluation.8","P09-1065","0.754701"
"P09-1065","2010.iwslt-evaluation.8","0.754701"
"2010.iwslt-evaluation.8","P11-1086","0.14359"
"P11-1086","2010.iwslt-evaluation.8","0.14359"
"2010.iwslt-evaluation.8","Y10-1009","0.435256"
"Y10-1009","2010.iwslt-evaluation.8","0.435256"
"C14-1107","D08-1022","1.25153"
"D08-1022","C14-1107","1.25153"
"C14-1107","D10-1027","1.18486"
"D10-1027","C14-1107","1.18486"
"C14-1107","I08-1066","0.0666667"
"I08-1066","C14-1107","0.0666667"
"C14-1107","P11-1086","2.28486"
"P11-1086","C14-1107","2.28486"
"C14-1107","Y10-1009","0.34359"
"Y10-1009","C14-1107","0.34359"
"D08-1022","D10-1027","1.07577"
"D10-1027","D08-1022","1.07577"
"D08-1022","D11-1020","0.790909"
"D11-1020","D08-1022","0.790909"
"D08-1022","D13-1052","0.640415"
"D13-1052","D08-1022","0.640415"
"D08-1022","I08-1066","0.0666667"
"I08-1066","D08-1022","0.0666667"
"D08-1022","P09-1065","0.684499"
"P09-1065","D08-1022","0.684499"
"D08-1022","P11-1086","0.78486"
"P11-1086","D08-1022","0.78486"
"D08-1022","Y10-1009","0.14359"
"Y10-1009","D08-1022","0.14359"
"D10-1027","D11-1020","0.313131"
"D11-1020","D10-1027","0.313131"
"D10-1027","D13-1052","0.629304"
"D13-1052","D10-1027","0.629304"
"D10-1027","P09-1065","1.59005"
"P09-1065","D10-1027","1.59005"
"D10-1027","P09-2035","0.432912"
"P09-2035","D10-1027","0.432912"
"D10-1027","P10-1145","0.775769"
"P10-1145","D10-1027","0.775769"
"D10-1027","P11-1086","0.68486"
"P11-1086","D10-1027","0.68486"
"D10-1027","Y10-1009","0.14359"
"Y10-1009","D10-1027","0.14359"
"D11-1020","P11-1086","0.422222"
"P11-1086","D11-1020","0.422222"
"D11-1020","Y10-1009","0.0666667"
"Y10-1009","D11-1020","0.0666667"
"D13-1052","I08-1066","0.0666667"
"I08-1066","D13-1052","0.0666667"
"D13-1052","P11-1086","0.729304"
"P11-1086","D13-1052","0.729304"
"D13-1052","Y10-1009","0.26859"
"Y10-1009","D13-1052","0.26859"
"I08-1066","P09-2035","0.566667"
"P09-2035","I08-1066","0.566667"
"I08-1066","P10-1145","0.766667"
"P10-1145","I08-1066","0.766667"
"I08-1066","P11-1086","0.0666667"
"P11-1086","I08-1066","0.0666667"
"I08-1066","Y10-1009","0.0666667"
"Y10-1009","I08-1066","0.0666667"
"P08-1023","P11-1086","0.707937"
"P11-1086","P08-1023","0.707937"
"P08-1023","Y10-1009","0.233333"
"Y10-1009","P08-1023","0.233333"
"P09-1065","P11-1086","0.299145"
"P11-1086","P09-1065","0.299145"
"P09-1065","Y10-1009","0.435256"
"Y10-1009","P09-1065","0.435256"
"P09-2035","P11-1086","0.342002"
"P11-1086","P09-2035","0.342002"
"P09-2035","Y10-1009","0.46859"
"Y10-1009","P09-2035","0.46859"
"P10-1145","P11-1086","0.78486"
"P11-1086","P10-1145","0.78486"
"P10-1145","Y10-1009","0.635256"
"Y10-1009","P10-1145","0.635256"
"P11-1086","Y10-1009","0.14359"
"Y10-1009","P11-1086","0.14359"
"2008.iwslt-evaluation.7","C10-2033","0.580556"
"C10-2033","2008.iwslt-evaluation.7","0.580556"
"2008.iwslt-evaluation.7","C10-2136","0.280556"
"C10-2136","2008.iwslt-evaluation.7","0.280556"
"2008.iwslt-evaluation.7","P10-2003","0.506746"
"P10-2003","2008.iwslt-evaluation.7","0.506746"
"2009.iwslt-evaluation.8","C10-2033","0.480556"
"C10-2033","2009.iwslt-evaluation.8","0.480556"
"2010.iwslt-evaluation.8","C10-2033","0.367857"
"C10-2033","2010.iwslt-evaluation.8","0.367857"
"2010.iwslt-evaluation.8","C10-2136","0.125"
"C10-2136","2010.iwslt-evaluation.8","0.125"
"2010.iwslt-evaluation.8","P10-2003","0.45119"
"P10-2003","2010.iwslt-evaluation.8","0.45119"
"C10-2033","P09-1065","0.480556"
"P09-1065","C10-2033","0.480556"
"C10-2033","P10-2003","0.780556"
"P10-2003","C10-2033","0.780556"
"I08-1066","P10-2003","0.225"
"P10-2003","I08-1066","0.225"
"2007.iwslt-1.17","D16-1249","0.25"
"D16-1249","2007.iwslt-1.17","0.25"
"C10-2096","D16-1249","0.392857"
"D16-1249","C10-2096","0.392857"
"C10-2136","D16-1249","0.25"
"D16-1249","C10-2136","0.25"
"D16-1249","P10-1145","0.392857"
"P10-1145","D16-1249","0.392857"
"2007.iwslt-1.17","2011.mtsummit-papers.33","0.0555556"
"2011.mtsummit-papers.33","2007.iwslt-1.17","0.0555556"
"2007.iwslt-1.17","P14-2127","0.0555556"
"P14-2127","2007.iwslt-1.17","0.0555556"
"2008.iwslt-evaluation.7","2011.mtsummit-papers.33","0.0555556"
"2011.mtsummit-papers.33","2008.iwslt-evaluation.7","0.0555556"
"2008.iwslt-evaluation.7","D13-1112","0.458669"
"D13-1112","2008.iwslt-evaluation.7","0.458669"
"2008.iwslt-evaluation.7","P14-2127","0.381746"
"P14-2127","2008.iwslt-evaluation.7","0.381746"
"2009.iwslt-evaluation.8","2011.mtsummit-papers.33","0.0555556"
"2011.mtsummit-papers.33","2009.iwslt-evaluation.8","0.0555556"
"2009.iwslt-evaluation.8","D13-1112","0.449578"
"D13-1112","2009.iwslt-evaluation.8","0.449578"
"2009.iwslt-evaluation.8","P14-2127","0.372655"
"P14-2127","2009.iwslt-evaluation.8","0.372655"
"2011.mtsummit-papers.33","C10-2033","0.0555556"
"C10-2033","2011.mtsummit-papers.33","0.0555556"
"2011.mtsummit-papers.33","C10-2096","0.166667"
"C10-2096","2011.mtsummit-papers.33","0.166667"
"2011.mtsummit-papers.33","C10-2136","0.166667"
"C10-2136","2011.mtsummit-papers.33","0.166667"
"2011.mtsummit-papers.33","C14-1107","0.0555556"
"C14-1107","2011.mtsummit-papers.33","0.0555556"
"2011.mtsummit-papers.33","D08-1022","0.166667"
"D08-1022","2011.mtsummit-papers.33","0.166667"
"2011.mtsummit-papers.33","D10-1027","0.0555556"
"D10-1027","2011.mtsummit-papers.33","0.0555556"
"2011.mtsummit-papers.33","D11-1020","0.277778"
"D11-1020","2011.mtsummit-papers.33","0.277778"
"2011.mtsummit-papers.33","D13-1112","0.0555556"
"D13-1112","2011.mtsummit-papers.33","0.0555556"
"2011.mtsummit-papers.33","P08-1023","0.277778"
"P08-1023","2011.mtsummit-papers.33","0.277778"
"2011.mtsummit-papers.33","P09-1065","0.277778"
"P09-1065","2011.mtsummit-papers.33","0.277778"
"2011.mtsummit-papers.33","P09-2035","0.166667"
"P09-2035","2011.mtsummit-papers.33","0.166667"
"2011.mtsummit-papers.33","P10-1145","0.277778"
"P10-1145","2011.mtsummit-papers.33","0.277778"
"2011.mtsummit-papers.33","P10-2003","0.166667"
"P10-2003","2011.mtsummit-papers.33","0.166667"
"2011.mtsummit-papers.33","P11-1086","0.0555556"
"P11-1086","2011.mtsummit-papers.33","0.0555556"
"2011.mtsummit-papers.33","P14-2127","0.166667"
"P14-2127","2011.mtsummit-papers.33","0.166667"
"C10-2033","C10-2096","0.298413"
"C10-2096","C10-2033","0.298413"
"C10-2033","C14-1107","0.0555556"
"C14-1107","C10-2033","0.0555556"
"C10-2033","D08-1022","0.298413"
"D08-1022","C10-2033","0.298413"
"C10-2033","D11-1020","0.0555556"
"D11-1020","C10-2033","0.0555556"
"C10-2033","P09-2035","0.155556"
"P09-2035","C10-2033","0.155556"
"C10-2033","P10-1145","0.398413"
"P10-1145","C10-2033","0.398413"
"C10-2033","P11-1086","0.0555556"
"P11-1086","C10-2033","0.0555556"
"C10-2033","P14-2127","0.155556"
"P14-2127","C10-2033","0.155556"
"C10-2096","D10-1027","0.323388"
"D10-1027","C10-2096","0.323388"
"C10-2096","D13-1112","0.306721"
"D13-1112","C10-2096","0.306721"
"C10-2096","P11-1086","0.232479"
"P11-1086","C10-2096","0.232479"
"C10-2096","P14-2127","1.2298"
"P14-2127","C10-2096","1.2298"
"C10-2136","D08-1022","0.522222"
"D08-1022","C10-2136","0.522222"
"C10-2136","D10-1027","0.155556"
"D10-1027","C10-2136","0.155556"
"C10-2136","D13-1112","0.0555556"
"D13-1112","C10-2136","0.0555556"
"C10-2136","P11-1086","0.355556"
"P11-1086","C10-2136","0.355556"
"C10-2136","P14-2127","0.0555556"
"P14-2127","C10-2136","0.0555556"
"C14-1107","D13-1112","0.965812"
"D13-1112","C14-1107","0.965812"
"C14-1107","P14-2127","0.388889"
"P14-2127","C14-1107","0.388889"
"D08-1022","D13-1112","0.449578"
"D13-1112","D08-1022","0.449578"
"D08-1022","P10-2003","0.281746"
"P10-2003","D08-1022","0.281746"
"D08-1022","P14-2127","0.483766"
"P14-2127","D08-1022","0.483766"
"D10-1027","P10-2003","0.655556"
"P10-2003","D10-1027","0.655556"
"D10-1027","P14-2127","0.246465"
"P14-2127","D10-1027","0.246465"
"D11-1020","D13-1112","0.146465"
"D13-1112","D11-1020","0.146465"
"D11-1020","P14-2127","0.257576"
"P14-2127","D11-1020","0.257576"
"D13-1112","P09-1065","0.306721"
"P09-1065","D13-1112","0.306721"
"D13-1112","P09-2035","0.223388"
"P09-2035","D13-1112","0.223388"
"D13-1112","P10-1145","0.406721"
"P10-1145","D13-1112","0.406721"
"D13-1112","P10-2003","0.381746"
"P10-2003","D13-1112","0.381746"
"D13-1112","P11-1086","0.132479"
"P11-1086","D13-1112","0.132479"
"D13-1112","P14-2127","8.13932"
"P14-2127","D13-1112","8.13932"
"P08-1023","P14-2127","0.340909"
"P14-2127","P08-1023","0.340909"
"P09-1065","P14-2127","1.34091"
"P14-2127","P09-1065","1.34091"
"P09-2035","P14-2127","0.146465"
"P14-2127","P09-2035","0.146465"
"P10-1145","P14-2127","0.440909"
"P14-2127","P10-1145","0.440909"
"P10-2003","P11-1086","0.555556"
"P11-1086","P10-2003","0.555556"
"P10-2003","P14-2127","0.381746"
"P14-2127","P10-2003","0.381746"
"P11-1086","P14-2127","0.0555556"
"P14-2127","P11-1086","0.0555556"
"2010.iwslt-evaluation.8","D13-1112","0.403114"
"D13-1112","2010.iwslt-evaluation.8","0.403114"
"C10-2096","Y10-1009","0.401923"
"Y10-1009","C10-2096","0.401923"
"D13-1052","D13-1112","0.0769231"
"D13-1112","D13-1052","0.0769231"
"D13-1112","Y10-1009","2.07692"
"Y10-1009","D13-1112","2.07692"
"2008.iwslt-evaluation.7","C08-1049","0.283333"
"C08-1049","2008.iwslt-evaluation.7","0.283333"
"2009.iwslt-evaluation.8","C08-1049","0.374242"
"C08-1049","2009.iwslt-evaluation.8","0.374242"
"C08-1049","C10-2096","1.37424"
"C10-2096","C08-1049","1.37424"
"C08-1049","C10-2136","0.1"
"C10-2136","C08-1049","0.1"
"C08-1049","D10-1027","0.190909"
"D10-1027","C08-1049","0.190909"
"C08-1049","D11-1020","0.190909"
"D11-1020","C08-1049","0.190909"
"C08-1049","I08-1066","0.1"
"I08-1066","C08-1049","0.1"
"C08-1049","P08-1023","0.374242"
"P08-1023","C08-1049","0.374242"
"C08-1049","P09-1065","0.374242"
"P09-1065","C08-1049","0.374242"
"C08-1049","P10-1145","0.374242"
"P10-1145","C08-1049","0.374242"
"C10-2096","I08-1066","0.1"
"I08-1066","C10-2096","0.1"
"2008.iwslt-evaluation.7","D09-1115","0.2"
"D09-1115","2008.iwslt-evaluation.7","0.2"
"C08-1049","C10-2033","0.1"
"C10-2033","C08-1049","0.1"
"C08-1049","D08-1022","0.274242"
"D08-1022","C08-1049","0.274242"
"C08-1049","D09-1115","0.1"
"D09-1115","C08-1049","0.1"
"C08-1049","P09-2035","0.190909"
"P09-2035","C08-1049","0.190909"
"C10-2033","D09-1115","0.2"
"D09-1115","C10-2033","0.2"
"D08-1022","D09-1115","0.1"
"D09-1115","D08-1022","0.1"
"2008.iwslt-evaluation.7","P16-2021","0.1"
"P16-2021","2008.iwslt-evaluation.7","0.1"
"2010.iwslt-evaluation.8","D09-1115","0.1"
"D09-1115","2010.iwslt-evaluation.8","0.1"
"2010.iwslt-evaluation.8","P14-2127","0.437302"
"P14-2127","2010.iwslt-evaluation.8","0.437302"
"2010.iwslt-evaluation.8","P16-2021","0.1"
"P16-2021","2010.iwslt-evaluation.8","0.1"
"C10-2033","P16-2021","0.1"
"P16-2021","C10-2033","0.1"
"D09-1115","D10-1027","0.1"
"D10-1027","D09-1115","0.1"
"D09-1115","D13-1112","0.1"
"D13-1112","D09-1115","0.1"
"D09-1115","I08-1066","0.1"
"I08-1066","D09-1115","0.1"
"D09-1115","P14-2127","0.1"
"P14-2127","D09-1115","0.1"
"D09-1115","P16-2021","0.1"
"P16-2021","D09-1115","0.1"
"D10-1027","P16-2021","0.1"
"P16-2021","D10-1027","0.1"
"D13-1112","P16-2021","0.1"
"P16-2021","D13-1112","0.1"
"I08-1066","P14-2127","0.1"
"P14-2127","I08-1066","0.1"
"I08-1066","P16-2021","0.1"
"P16-2021","I08-1066","0.1"
"P10-1145","P16-2021","0.211111"
"P16-2021","P10-1145","0.211111"
"P10-2003","P16-2021","0.211111"
"P16-2021","P10-2003","0.211111"
"P14-2127","P16-2021","0.1"
"P16-2021","P14-2127","0.1"
"2008.iwslt-evaluation.7","P15-1110","0.22619"
"P15-1110","2008.iwslt-evaluation.7","0.22619"
"2009.iwslt-evaluation.8","P15-1110","0.22619"
"P15-1110","2009.iwslt-evaluation.8","0.22619"
"2010.iwslt-evaluation.8","P15-1110","0.22619"
"P15-1110","2010.iwslt-evaluation.8","0.22619"
"D08-1022","P15-1110","0.22619"
"P15-1110","D08-1022","0.22619"
"D13-1112","P15-1110","0.72619"
"P15-1110","D13-1112","0.72619"
"P10-2003","P15-1110","0.22619"
"P15-1110","P10-2003","0.22619"
"P14-2127","P15-1110","0.22619"
"P15-1110","P14-2127","0.22619"
"2010.iwslt-evaluation.8","C08-1049","0.0833333"
"C08-1049","2010.iwslt-evaluation.8","0.0833333"
"C08-1049","D13-1112","0.674242"
"D13-1112","C08-1049","0.674242"
"C08-1049","P10-2003","0.0833333"
"P10-2003","C08-1049","0.0833333"
"C08-1049","P14-2127","0.674242"
"P14-2127","C08-1049","0.674242"
"C08-1049","P15-1110","1.08333"
"P15-1110","C08-1049","1.08333"
"C10-2096","P15-1110","0.0833333"
"P15-1110","C10-2096","0.0833333"
"P08-1023","P15-1110","0.0833333"
"P15-1110","P08-1023","0.0833333"
"P09-1065","P15-1110","0.0833333"
"P15-1110","P09-1065","0.0833333"
"P10-1145","P15-1110","0.583333"
"P15-1110","P10-1145","0.583333"
"2010.iwslt-evaluation.8","2011.mtsummit-papers.33","0.111111"
"2011.mtsummit-papers.33","2010.iwslt-evaluation.8","0.111111"
"2010.iwslt-evaluation.8","D16-1096","0.253968"
"D16-1096","2010.iwslt-evaluation.8","0.253968"
"2011.mtsummit-papers.33","D13-1052","0.111111"
"D13-1052","2011.mtsummit-papers.33","0.111111"
"2011.mtsummit-papers.33","D16-1096","0.111111"
"D16-1096","2011.mtsummit-papers.33","0.111111"
"D08-1022","D16-1096","0.253968"
"D16-1096","D08-1022","0.253968"
"D11-1020","D16-1096","0.111111"
"D16-1096","D11-1020","0.111111"
"D13-1052","D16-1096","0.611111"
"D16-1096","D13-1052","0.611111"
"D13-1052","P14-2127","0.111111"
"P14-2127","D13-1052","0.111111"
"D16-1096","P09-1065","0.111111"
"P09-1065","D16-1096","0.111111"
"D16-1096","P10-1145","0.253968"
"P10-1145","D16-1096","0.253968"
"D16-1096","P14-2127","0.444444"
"P14-2127","D16-1096","0.444444"
"2010.iwslt-evaluation.8","D16-1249","0.142857"
"D16-1249","2010.iwslt-evaluation.8","0.142857"
"C10-2033","D16-1249","0.142857"
"D16-1249","C10-2033","0.142857"
"C10-2096","D16-1096","0.142857"
"D16-1096","C10-2096","0.142857"
"D08-1022","D16-1249","0.142857"
"D16-1249","D08-1022","0.142857"
"D16-1096","D16-1249","6.47619"
"D16-1249","D16-1096","6.47619"
"D16-1249","P08-1023","0.142857"
"P08-1023","D16-1249","0.142857"
"2011.mtsummit-papers.33","P16-2021","0.111111"
"P16-2021","2011.mtsummit-papers.33","0.111111"
"C10-2096","P16-2021","0.111111"
"P16-2021","C10-2096","0.111111"
"C10-2136","P16-2021","0.111111"
"P16-2021","C10-2136","0.111111"
"D11-1020","P16-2021","0.111111"
"P16-2021","D11-1020","0.111111"
"P08-1023","P16-2021","0.111111"
"P16-2021","P08-1023","0.111111"
"P09-1065","P16-2021","0.111111"
"P16-2021","P09-1065","0.111111"
"P09-2035","P16-2021","0.111111"
"P16-2021","P09-2035","0.111111"
"2021.acl-long.379","2021.findings-acl.58","2"
"2021.findings-acl.58","2021.acl-long.379","2"
"2021.acl-long.379","C10-2136","0.333333"
"C10-2136","2021.acl-long.379","0.333333"
"2021.acl-long.379","D11-1020","0.333333"
"D11-1020","2021.acl-long.379","0.333333"
"2021.acl-long.379","P10-1145","0.333333"
"P10-1145","2021.acl-long.379","0.333333"
"2021.acl-long.379","D13-1112","0.5"
"D13-1112","2021.acl-long.379","0.5"
"2021.acl-long.379","P15-1110","0.5"
"P15-1110","2021.acl-long.379","0.5"
"C10-2136","Y10-1009","0.2"
"Y10-1009","C10-2136","0.2"
"C14-1107","N15-1108","3.03333"
"N15-1108","C14-1107","3.03333"
"D13-1112","N15-1108","1.33333"
"N15-1108","D13-1112","1.33333"
"N15-1108","P14-2127","0.833333"
"P14-2127","N15-1108","0.833333"
"C14-1107","P15-1110","0.2"
"P15-1110","C14-1107","0.2"
"D10-1027","N15-1108","0.2"
"N15-1108","D10-1027","0.2"
"D10-1027","P15-1110","0.2"
"P15-1110","D10-1027","0.2"
"D13-1052","N15-1108","0.2"
"N15-1108","D13-1052","0.2"
"D13-1052","P15-1110","0.2"
"P15-1110","D13-1052","0.2"
"N15-1108","P11-1086","0.2"
"P11-1086","N15-1108","0.2"
"N15-1108","P15-1110","4.7"
"P15-1110","N15-1108","4.7"
"P11-1086","P15-1110","0.2"
"P15-1110","P11-1086","0.2"
"C16-1127","K16-1004","1"
"K16-1004","C16-1127","1"
"C16-1127","D16-1096","0.5"
"D16-1096","C16-1127","0.5"
"C16-1127","D16-1249","0.5"
"D16-1249","C16-1127","0.5"
"D13-1052","D16-1249","0.5"
"D16-1249","D13-1052","0.5"
"D13-1112","D16-1249","0.333333"
"D16-1249","D13-1112","0.333333"
"D16-1249","P14-2127","0.333333"
"P14-2127","D16-1249","0.333333"
"D16-1096","P16-2021","1"
"P16-2021","D16-1096","1"
"D16-1249","P16-2021","1"
"P16-2021","D16-1249","1"
"N15-1108","P10-1145","0.5"
"P10-1145","N15-1108","0.5"
