"2005.mtsummit-papers.36","2006.iwslt-evaluation.17","1.33095"
"2006.iwslt-evaluation.17","2005.mtsummit-papers.36","1.33095"
"2005.mtsummit-papers.36","J06-4004","3.35232"
"J06-4004","2005.mtsummit-papers.36","3.35232"
"2006.iwslt-evaluation.17","J06-4004","2.65595"
"J06-4004","2006.iwslt-evaluation.17","2.65595"
"2005.mtsummit-papers.36","2011.eamt-1.18","0.626129"
"2011.eamt-1.18","2005.mtsummit-papers.36","0.626129"
"2005.mtsummit-papers.36","2011.eamt-1.20","0.459463"
"2011.eamt-1.20","2005.mtsummit-papers.36","0.459463"
"2005.mtsummit-papers.36","W08-0315","0.45"
"W08-0315","2005.mtsummit-papers.36","0.45"
"2005.mtsummit-papers.36","W09-0414","0.2"
"W09-0414","2005.mtsummit-papers.36","0.2"
"2011.eamt-1.18","2011.eamt-1.20","8.60232"
"2011.eamt-1.20","2011.eamt-1.18","8.60232"
"2011.eamt-1.18","J06-4004","0.626129"
"J06-4004","2011.eamt-1.18","0.626129"
"2011.eamt-1.18","W08-0315","0.342857"
"W08-0315","2011.eamt-1.18","0.342857"
"2011.eamt-1.18","W09-0414","0.7"
"W09-0414","2011.eamt-1.18","0.7"
"2011.eamt-1.20","J06-4004","0.459463"
"J06-4004","2011.eamt-1.20","0.459463"
"2011.eamt-1.20","W08-0315","0.342857"
"W08-0315","2011.eamt-1.20","0.342857"
"2011.eamt-1.20","W09-0414","0.7"
"W09-0414","2011.eamt-1.20","0.7"
"J06-4004","W08-0315","0.45"
"W08-0315","J06-4004","0.45"
"J06-4004","W09-0414","0.2"
"W09-0414","J06-4004","0.2"
"W08-0315","W09-0414","0.366667"
"W09-0414","W08-0315","0.366667"
"2005.mtsummit-papers.36","2005.mtsummit-posters.11","0.815018"
"2005.mtsummit-posters.11","2005.mtsummit-papers.36","0.815018"
"2005.mtsummit-papers.36","2006.iwslt-papers.5","0.288034"
"2006.iwslt-papers.5","2005.mtsummit-papers.36","0.288034"
"2005.mtsummit-papers.36","2008.eamt-1.15","0.1"
"2008.eamt-1.15","2005.mtsummit-papers.36","0.1"
"2005.mtsummit-papers.36","N07-2022","0.376923"
"N07-2022","2005.mtsummit-papers.36","0.376923"
"2005.mtsummit-papers.36","P12-2040","0.1"
"P12-2040","2005.mtsummit-papers.36","0.1"
"2005.mtsummit-papers.36","W05-0823","0.95232"
"W05-0823","2005.mtsummit-papers.36","0.95232"
"2005.mtsummit-papers.36","W06-2402","0.815018"
"W06-2402","2005.mtsummit-papers.36","0.815018"
"2005.mtsummit-papers.36","W06-3125","0.647619"
"W06-3125","2005.mtsummit-papers.36","0.647619"
"2005.mtsummit-papers.36","W11-1014","0.248352"
"W11-1014","2005.mtsummit-papers.36","0.248352"
"2005.mtsummit-posters.11","2006.iwslt-papers.5","0.376923"
"2006.iwslt-papers.5","2005.mtsummit-posters.11","0.376923"
"2005.mtsummit-posters.11","2008.eamt-1.15","0.225"
"2008.eamt-1.15","2005.mtsummit-posters.11","0.225"
"2005.mtsummit-posters.11","J06-4004","1.14002"
"J06-4004","2005.mtsummit-posters.11","1.14002"
"2005.mtsummit-posters.11","N07-2022","0.501923"
"N07-2022","2005.mtsummit-posters.11","0.501923"
"2005.mtsummit-posters.11","P12-2040","0.1"
"P12-2040","2005.mtsummit-posters.11","0.1"
"2005.mtsummit-posters.11","W05-0823","0.448352"
"W05-0823","2005.mtsummit-posters.11","0.448352"
"2005.mtsummit-posters.11","W06-2402","2.30668"
"W06-2402","2005.mtsummit-posters.11","2.30668"
"2005.mtsummit-posters.11","W06-3125","0.371429"
"W06-3125","2005.mtsummit-posters.11","0.371429"
"2005.mtsummit-posters.11","W11-1014","0.248352"
"W11-1014","2005.mtsummit-posters.11","0.248352"
"2006.iwslt-papers.5","2008.eamt-1.15","0.1"
"2008.eamt-1.15","2006.iwslt-papers.5","0.1"
"2006.iwslt-papers.5","J06-4004","0.488034"
"J06-4004","2006.iwslt-papers.5","0.488034"
"2006.iwslt-papers.5","N07-2022","0.51978"
"N07-2022","2006.iwslt-papers.5","0.51978"
"2006.iwslt-papers.5","P12-2040","0.1"
"P12-2040","2006.iwslt-papers.5","0.1"
"2006.iwslt-papers.5","W05-0823","0.288034"
"W05-0823","2006.iwslt-papers.5","0.288034"
"2006.iwslt-papers.5","W06-2402","0.876923"
"W06-2402","2006.iwslt-papers.5","0.876923"
"2006.iwslt-papers.5","W06-3125","0.3"
"W06-3125","2006.iwslt-papers.5","0.3"
"2006.iwslt-papers.5","W11-1014","0.176923"
"W11-1014","2006.iwslt-papers.5","0.176923"
"2008.eamt-1.15","J06-4004","0.225"
"J06-4004","2008.eamt-1.15","0.225"
"2008.eamt-1.15","N07-2022","3.225"
"N07-2022","2008.eamt-1.15","3.225"
"2008.eamt-1.15","P12-2040","0.1"
"P12-2040","2008.eamt-1.15","0.1"
"2008.eamt-1.15","W05-0823","0.1"
"W05-0823","2008.eamt-1.15","0.1"
"2008.eamt-1.15","W06-2402","0.225"
"W06-2402","2008.eamt-1.15","0.225"
"2008.eamt-1.15","W06-3125","0.1"
"W06-3125","2008.eamt-1.15","0.1"
"2008.eamt-1.15","W11-1014","0.1"
"W11-1014","2008.eamt-1.15","0.1"
"J06-4004","N07-2022","0.501923"
"N07-2022","J06-4004","0.501923"
"J06-4004","P12-2040","0.1"
"P12-2040","J06-4004","0.1"
"J06-4004","W05-0823","0.95232"
"W05-0823","J06-4004","0.95232"
"J06-4004","W06-2402","1.14002"
"W06-2402","J06-4004","1.14002"
"J06-4004","W06-3125","1.34762"
"W06-3125","J06-4004","1.34762"
"J06-4004","W11-1014","0.248352"
"W11-1014","J06-4004","0.248352"
"N07-2022","P12-2040","0.1"
"P12-2040","N07-2022","0.1"
"N07-2022","W05-0823","0.176923"
"W05-0823","N07-2022","0.176923"
"N07-2022","W06-2402","0.501923"
"W06-2402","N07-2022","0.501923"
"N07-2022","W06-3125","0.1"
"W06-3125","N07-2022","0.1"
"N07-2022","W11-1014","0.176923"
"W11-1014","N07-2022","0.176923"
"P12-2040","W05-0823","0.1"
"W05-0823","P12-2040","0.1"
"P12-2040","W06-2402","0.1"
"W06-2402","P12-2040","0.1"
"P12-2040","W06-3125","0.1"
"W06-3125","P12-2040","0.1"
"P12-2040","W11-1014","0.1"
"W11-1014","P12-2040","0.1"
"W05-0823","W06-2402","0.448352"
"W06-2402","W05-0823","0.448352"
"W05-0823","W06-3125","0.314286"
"W06-3125","W05-0823","0.314286"
"W05-0823","W11-1014","0.248352"
"W11-1014","W05-0823","0.248352"
"W06-2402","W06-3125","0.764286"
"W06-3125","W06-2402","0.764286"
"W06-2402","W11-1014","0.248352"
"W11-1014","W06-2402","0.248352"
"W06-3125","W11-1014","0.171429"
"W11-1014","W06-3125","0.171429"
"2005.mtsummit-papers.36","2007.iwslt-1.26","0.142857"
"2007.iwslt-1.26","2005.mtsummit-papers.36","0.142857"
"2005.mtsummit-papers.36","2008.iwslt-evaluation.17","0.142857"
"2008.iwslt-evaluation.17","2005.mtsummit-papers.36","0.142857"
"2005.mtsummit-papers.36","W06-3120","0.714286"
"W06-3120","2005.mtsummit-papers.36","0.714286"
"2006.iwslt-evaluation.17","2007.iwslt-1.26","3.86071"
"2007.iwslt-1.26","2006.iwslt-evaluation.17","3.86071"
"2006.iwslt-evaluation.17","2008.iwslt-evaluation.17","1.21786"
"2008.iwslt-evaluation.17","2006.iwslt-evaluation.17","1.21786"
"2006.iwslt-evaluation.17","W05-0823","0.664286"
"W05-0823","2006.iwslt-evaluation.17","0.664286"
"2006.iwslt-evaluation.17","W06-3120","0.77381"
"W06-3120","2006.iwslt-evaluation.17","0.77381"
"2006.iwslt-evaluation.17","W06-3125","1.05714"
"W06-3125","2006.iwslt-evaluation.17","1.05714"
"2007.iwslt-1.26","2008.iwslt-evaluation.17","0.717857"
"2008.iwslt-evaluation.17","2007.iwslt-1.26","0.717857"
"2007.iwslt-1.26","J06-4004","0.767857"
"J06-4004","2007.iwslt-1.26","0.767857"
"2007.iwslt-1.26","W05-0823","0.142857"
"W05-0823","2007.iwslt-1.26","0.142857"
"2007.iwslt-1.26","W06-3120","0.285714"
"W06-3120","2007.iwslt-1.26","0.285714"
"2007.iwslt-1.26","W06-3125","0.285714"
"W06-3125","2007.iwslt-1.26","0.285714"
"2008.iwslt-evaluation.17","J06-4004","0.267857"
"J06-4004","2008.iwslt-evaluation.17","0.267857"
"2008.iwslt-evaluation.17","W05-0823","0.142857"
"W05-0823","2008.iwslt-evaluation.17","0.142857"
"2008.iwslt-evaluation.17","W06-3120","0.392857"
"W06-3120","2008.iwslt-evaluation.17","0.392857"
"2008.iwslt-evaluation.17","W06-3125","0.392857"
"W06-3125","2008.iwslt-evaluation.17","0.392857"
"J06-4004","W06-3120","0.714286"
"W06-3120","J06-4004","0.714286"
"W05-0823","W06-3120","0.214286"
"W06-3120","W05-0823","0.214286"
"W06-3120","W06-3125","0.940476"
"W06-3125","W06-3120","0.940476"
"2005.mtsummit-posters.11","2006.iwslt-evaluation.17","0.763095"
"2006.iwslt-evaluation.17","2005.mtsummit-posters.11","0.763095"
"2005.mtsummit-posters.11","2011.eamt-1.18","0.315018"
"2011.eamt-1.18","2005.mtsummit-posters.11","0.315018"
"2005.mtsummit-posters.11","W06-3120","1.40476"
"W06-3120","2005.mtsummit-posters.11","1.40476"
"2006.iwslt-evaluation.17","2011.eamt-1.18","0.380952"
"2011.eamt-1.18","2006.iwslt-evaluation.17","0.380952"
"2006.iwslt-evaluation.17","W06-2402","0.905952"
"W06-2402","2006.iwslt-evaluation.17","0.905952"
"2011.eamt-1.18","W06-2402","0.815018"
"W06-2402","2011.eamt-1.18","0.815018"
"2011.eamt-1.18","W06-3120","0.238095"
"W06-3120","2011.eamt-1.18","0.238095"
"W06-2402","W06-3120","0.797619"
"W06-3120","W06-2402","0.797619"
"2005.mtsummit-papers.36","2010.eamt-1.17","0.271429"
"2010.eamt-1.17","2005.mtsummit-papers.36","0.271429"
"2005.mtsummit-papers.36","E14-2009","0.148352"
"E14-2009","2005.mtsummit-papers.36","0.148352"
"2005.mtsummit-papers.36","I11-1154","0.0714286"
"I11-1154","2005.mtsummit-papers.36","0.0714286"
"2005.mtsummit-papers.36","W14-1013","0.148352"
"W14-1013","2005.mtsummit-papers.36","0.148352"
"2005.mtsummit-posters.11","2010.eamt-1.17","0.271429"
"2010.eamt-1.17","2005.mtsummit-posters.11","0.271429"
"2005.mtsummit-posters.11","2011.eamt-1.20","0.148352"
"2011.eamt-1.20","2005.mtsummit-posters.11","0.148352"
"2005.mtsummit-posters.11","E14-2009","0.148352"
"E14-2009","2005.mtsummit-posters.11","0.148352"
"2005.mtsummit-posters.11","I11-1154","0.0714286"
"I11-1154","2005.mtsummit-posters.11","0.0714286"
"2005.mtsummit-posters.11","W14-1013","0.148352"
"W14-1013","2005.mtsummit-posters.11","0.148352"
"2006.iwslt-evaluation.17","2010.eamt-1.17","0.0714286"
"2010.eamt-1.17","2006.iwslt-evaluation.17","0.0714286"
"2006.iwslt-evaluation.17","2011.eamt-1.20","0.214286"
"2011.eamt-1.20","2006.iwslt-evaluation.17","0.214286"
"2006.iwslt-evaluation.17","E14-2009","0.0714286"
"E14-2009","2006.iwslt-evaluation.17","0.0714286"
"2006.iwslt-evaluation.17","I11-1154","0.771429"
"I11-1154","2006.iwslt-evaluation.17","0.771429"
"2006.iwslt-evaluation.17","W11-1014","0.0714286"
"W11-1014","2006.iwslt-evaluation.17","0.0714286"
"2006.iwslt-evaluation.17","W14-1013","0.0714286"
"W14-1013","2006.iwslt-evaluation.17","0.0714286"
"2010.eamt-1.17","2011.eamt-1.18","0.0714286"
"2011.eamt-1.18","2010.eamt-1.17","0.0714286"
"2010.eamt-1.17","2011.eamt-1.20","0.0714286"
"2011.eamt-1.20","2010.eamt-1.17","0.0714286"
"2010.eamt-1.17","E14-2009","0.148352"
"E14-2009","2010.eamt-1.17","0.148352"
"2010.eamt-1.17","I11-1154","0.148352"
"I11-1154","2010.eamt-1.17","0.148352"
"2010.eamt-1.17","J06-4004","0.271429"
"J06-4004","2010.eamt-1.17","0.271429"
"2010.eamt-1.17","W05-0823","0.0714286"
"W05-0823","2010.eamt-1.17","0.0714286"
"2010.eamt-1.17","W06-2402","0.271429"
"W06-2402","2010.eamt-1.17","0.271429"
"2010.eamt-1.17","W06-3120","0.0714286"
"W06-3120","2010.eamt-1.17","0.0714286"
"2010.eamt-1.17","W06-3125","0.0714286"
"W06-3125","2010.eamt-1.17","0.0714286"
"2010.eamt-1.17","W11-1014","1.14835"
"W11-1014","2010.eamt-1.17","1.14835"
"2010.eamt-1.17","W14-1013","0.0714286"
"W14-1013","2010.eamt-1.17","0.0714286"
"2011.eamt-1.18","E14-2009","0.648352"
"E14-2009","2011.eamt-1.18","0.648352"
"2011.eamt-1.18","I11-1154","0.571429"
"I11-1154","2011.eamt-1.18","0.571429"
"2011.eamt-1.18","W05-0823","0.259463"
"W05-0823","2011.eamt-1.18","0.259463"
"2011.eamt-1.18","W06-3125","0.0714286"
"W06-3125","2011.eamt-1.18","0.0714286"
"2011.eamt-1.18","W11-1014","0.148352"
"W11-1014","2011.eamt-1.18","0.148352"
"2011.eamt-1.18","W14-1013","0.148352"
"W14-1013","2011.eamt-1.18","0.148352"
"2011.eamt-1.20","E14-2009","0.648352"
"E14-2009","2011.eamt-1.20","0.648352"
"2011.eamt-1.20","I11-1154","0.571429"
"I11-1154","2011.eamt-1.20","0.571429"
"2011.eamt-1.20","W05-0823","0.259463"
"W05-0823","2011.eamt-1.20","0.259463"
"2011.eamt-1.20","W06-2402","0.148352"
"W06-2402","2011.eamt-1.20","0.148352"
"2011.eamt-1.20","W06-3120","0.0714286"
"W06-3120","2011.eamt-1.20","0.0714286"
"2011.eamt-1.20","W06-3125","0.0714286"
"W06-3125","2011.eamt-1.20","0.0714286"
"2011.eamt-1.20","W11-1014","0.148352"
"W11-1014","2011.eamt-1.20","0.148352"
"2011.eamt-1.20","W14-1013","0.148352"
"W14-1013","2011.eamt-1.20","0.148352"
"E14-2009","I11-1154","1.14835"
"I11-1154","E14-2009","1.14835"
"E14-2009","J06-4004","0.148352"
"J06-4004","E14-2009","0.148352"
"E14-2009","W05-0823","0.148352"
"W05-0823","E14-2009","0.148352"
"E14-2009","W06-2402","0.148352"
"W06-2402","E14-2009","0.148352"
"E14-2009","W06-3120","0.0714286"
"W06-3120","E14-2009","0.0714286"
"E14-2009","W06-3125","0.0714286"
"W06-3125","E14-2009","0.0714286"
"E14-2009","W11-1014","0.225275"
"W11-1014","E14-2009","0.225275"
"E14-2009","W14-1013","0.148352"
"W14-1013","E14-2009","0.148352"
"I11-1154","J06-4004","0.0714286"
"J06-4004","I11-1154","0.0714286"
"I11-1154","W05-0823","0.0714286"
"W05-0823","I11-1154","0.0714286"
"I11-1154","W06-2402","0.0714286"
"W06-2402","I11-1154","0.0714286"
"I11-1154","W06-3120","0.0714286"
"W06-3120","I11-1154","0.0714286"
"I11-1154","W06-3125","0.0714286"
"W06-3125","I11-1154","0.0714286"
"I11-1154","W11-1014","0.148352"
"W11-1014","I11-1154","0.148352"
"I11-1154","W14-1013","0.0714286"
"W14-1013","I11-1154","0.0714286"
"J06-4004","W14-1013","0.148352"
"W14-1013","J06-4004","0.148352"
"W05-0823","W14-1013","0.148352"
"W14-1013","W05-0823","0.148352"
"W06-2402","W14-1013","0.148352"
"W14-1013","W06-2402","0.148352"
"W06-3120","W11-1014","0.0714286"
"W11-1014","W06-3120","0.0714286"
"W06-3120","W14-1013","0.0714286"
"W14-1013","W06-3120","0.0714286"
"W06-3125","W14-1013","0.0714286"
"W14-1013","W06-3125","0.0714286"
"W11-1014","W14-1013","3.64835"
"W14-1013","W11-1014","3.64835"
"2005.mtsummit-papers.36","2006.iwslt-evaluation.18","0.0769231"
"2006.iwslt-evaluation.18","2005.mtsummit-papers.36","0.0769231"
"2005.mtsummit-papers.36","banchs-etal-2006-acceptance","0.0769231"
"banchs-etal-2006-acceptance","2005.mtsummit-papers.36","0.0769231"
"2005.mtsummit-posters.11","2006.iwslt-evaluation.18","0.24359"
"2006.iwslt-evaluation.18","2005.mtsummit-posters.11","0.24359"
"2005.mtsummit-posters.11","banchs-etal-2006-acceptance","0.0769231"
"banchs-etal-2006-acceptance","2005.mtsummit-posters.11","0.0769231"
"2006.iwslt-evaluation.18","2006.iwslt-papers.5","0.410256"
"2006.iwslt-papers.5","2006.iwslt-evaluation.18","0.410256"
"2006.iwslt-evaluation.18","2011.eamt-1.18","0.0769231"
"2011.eamt-1.18","2006.iwslt-evaluation.18","0.0769231"
"2006.iwslt-evaluation.18","2011.eamt-1.20","0.0769231"
"2011.eamt-1.20","2006.iwslt-evaluation.18","0.0769231"
"2006.iwslt-evaluation.18","banchs-etal-2006-acceptance","0.0769231"
"banchs-etal-2006-acceptance","2006.iwslt-evaluation.18","0.0769231"
"2006.iwslt-evaluation.18","E14-2009","0.0769231"
"E14-2009","2006.iwslt-evaluation.18","0.0769231"
"2006.iwslt-evaluation.18","J06-4004","0.0769231"
"J06-4004","2006.iwslt-evaluation.18","0.0769231"
"2006.iwslt-evaluation.18","N07-2022","0.0769231"
"N07-2022","2006.iwslt-evaluation.18","0.0769231"
"2006.iwslt-evaluation.18","W05-0823","0.0769231"
"W05-0823","2006.iwslt-evaluation.18","0.0769231"
"2006.iwslt-evaluation.18","W06-2402","0.386447"
"W06-2402","2006.iwslt-evaluation.18","0.386447"
"2006.iwslt-evaluation.18","W11-1014","0.0769231"
"W11-1014","2006.iwslt-evaluation.18","0.0769231"
"2006.iwslt-evaluation.18","W14-1013","0.0769231"
"W14-1013","2006.iwslt-evaluation.18","0.0769231"
"2006.iwslt-papers.5","2011.eamt-1.18","0.830891"
"2011.eamt-1.18","2006.iwslt-papers.5","0.830891"
"2006.iwslt-papers.5","2011.eamt-1.20","0.330891"
"2011.eamt-1.20","2006.iwslt-papers.5","0.330891"
"2006.iwslt-papers.5","banchs-etal-2006-acceptance","0.0769231"
"banchs-etal-2006-acceptance","2006.iwslt-papers.5","0.0769231"
"2006.iwslt-papers.5","E14-2009","0.0769231"
"E14-2009","2006.iwslt-papers.5","0.0769231"
"2006.iwslt-papers.5","W14-1013","0.0769231"
"W14-1013","2006.iwslt-papers.5","0.0769231"
"2011.eamt-1.18","banchs-etal-2006-acceptance","0.0769231"
"banchs-etal-2006-acceptance","2011.eamt-1.18","0.0769231"
"2011.eamt-1.18","N07-2022","0.21978"
"N07-2022","2011.eamt-1.18","0.21978"
"2011.eamt-1.20","banchs-etal-2006-acceptance","0.0769231"
"banchs-etal-2006-acceptance","2011.eamt-1.20","0.0769231"
"2011.eamt-1.20","N07-2022","0.21978"
"N07-2022","2011.eamt-1.20","0.21978"
"banchs-etal-2006-acceptance","E14-2009","0.0769231"
"E14-2009","banchs-etal-2006-acceptance","0.0769231"
"banchs-etal-2006-acceptance","J06-4004","0.0769231"
"J06-4004","banchs-etal-2006-acceptance","0.0769231"
"banchs-etal-2006-acceptance","N07-2022","0.0769231"
"N07-2022","banchs-etal-2006-acceptance","0.0769231"
"banchs-etal-2006-acceptance","W05-0823","0.0769231"
"W05-0823","banchs-etal-2006-acceptance","0.0769231"
"banchs-etal-2006-acceptance","W06-2402","0.0769231"
"W06-2402","banchs-etal-2006-acceptance","0.0769231"
"banchs-etal-2006-acceptance","W11-1014","0.0769231"
"W11-1014","banchs-etal-2006-acceptance","0.0769231"
"banchs-etal-2006-acceptance","W14-1013","0.0769231"
"W14-1013","banchs-etal-2006-acceptance","0.0769231"
"E14-2009","N07-2022","0.0769231"
"N07-2022","E14-2009","0.0769231"
"N07-2022","W14-1013","0.0769231"
"W14-1013","N07-2022","0.0769231"
"2005.mtsummit-papers.36","P11-2027","0.111111"
"P11-2027","2005.mtsummit-papers.36","0.111111"
"2005.mtsummit-papers.36","W06-3101","0.111111"
"W06-3101","2005.mtsummit-papers.36","0.111111"
"2005.mtsummit-papers.36","W07-0713","0.111111"
"W07-0713","2005.mtsummit-papers.36","0.111111"
"2005.mtsummit-papers.36","W11-3207","0.111111"
"W11-3207","2005.mtsummit-papers.36","0.111111"
"2006.iwslt-papers.5","P11-2027","0.111111"
"P11-2027","2006.iwslt-papers.5","0.111111"
"2006.iwslt-papers.5","W06-3101","0.111111"
"W06-3101","2006.iwslt-papers.5","0.111111"
"2006.iwslt-papers.5","W07-0713","0.311111"
"W07-0713","2006.iwslt-papers.5","0.311111"
"2006.iwslt-papers.5","W11-3207","0.311111"
"W11-3207","2006.iwslt-papers.5","0.311111"
"2011.eamt-1.18","P11-2027","0.111111"
"P11-2027","2011.eamt-1.18","0.111111"
"2011.eamt-1.18","W06-3101","0.111111"
"W06-3101","2011.eamt-1.18","0.111111"
"2011.eamt-1.18","W07-0713","0.111111"
"W07-0713","2011.eamt-1.18","0.111111"
"2011.eamt-1.18","W11-3207","0.111111"
"W11-3207","2011.eamt-1.18","0.111111"
"2011.eamt-1.20","P11-2027","0.111111"
"P11-2027","2011.eamt-1.20","0.111111"
"2011.eamt-1.20","W06-3101","0.111111"
"W06-3101","2011.eamt-1.20","0.111111"
"2011.eamt-1.20","W07-0713","0.111111"
"W07-0713","2011.eamt-1.20","0.111111"
"2011.eamt-1.20","W11-3207","0.111111"
"W11-3207","2011.eamt-1.20","0.111111"
"J06-4004","P11-2027","0.111111"
"P11-2027","J06-4004","0.111111"
"J06-4004","W06-3101","0.111111"
"W06-3101","J06-4004","0.111111"
"J06-4004","W07-0713","0.111111"
"W07-0713","J06-4004","0.111111"
"J06-4004","W11-3207","0.111111"
"W11-3207","J06-4004","0.111111"
"P11-2027","W05-0823","0.111111"
"W05-0823","P11-2027","0.111111"
"P11-2027","W06-3101","1.11111"
"W06-3101","P11-2027","1.11111"
"P11-2027","W07-0713","0.111111"
"W07-0713","P11-2027","0.111111"
"P11-2027","W11-3207","0.111111"
"W11-3207","P11-2027","0.111111"
"W05-0823","W06-3101","0.111111"
"W06-3101","W05-0823","0.111111"
"W05-0823","W07-0713","0.111111"
"W07-0713","W05-0823","0.111111"
"W05-0823","W11-3207","0.111111"
"W11-3207","W05-0823","0.111111"
"W06-3101","W07-0713","1.11111"
"W07-0713","W06-3101","1.11111"
"W06-3101","W11-3207","0.111111"
"W11-3207","W06-3101","0.111111"
"W07-0713","W11-3207","0.311111"
"W11-3207","W07-0713","0.311111"
"2010.eamt-1.17","N07-2022","0.2"
"N07-2022","2010.eamt-1.17","0.2"
"2006.iwslt-evaluation.17","W08-0315","1.28571"
"W08-0315","2006.iwslt-evaluation.17","1.28571"
"W05-0823","W08-0315","0.25"
"W08-0315","W05-0823","0.25"
"2006.iwslt-evaluation.17","2006.iwslt-papers.5","0.342857"
"2006.iwslt-papers.5","2006.iwslt-evaluation.17","0.342857"
"2005.mtsummit-posters.11","2007.iwslt-1.26","0.125"
"2007.iwslt-1.26","2005.mtsummit-posters.11","0.125"
"2005.mtsummit-posters.11","2008.iwslt-evaluation.17","0.125"
"2008.iwslt-evaluation.17","2005.mtsummit-posters.11","0.125"
"2005.mtsummit-posters.11","W10-1712","0.125"
"W10-1712","2005.mtsummit-posters.11","0.125"
"2006.iwslt-evaluation.17","2008.eamt-1.15","0.625"
"2008.eamt-1.15","2006.iwslt-evaluation.17","0.625"
"2006.iwslt-evaluation.17","N07-2022","1.26786"
"N07-2022","2006.iwslt-evaluation.17","1.26786"
"2006.iwslt-evaluation.17","W10-1712","0.267857"
"W10-1712","2006.iwslt-evaluation.17","0.267857"
"2007.iwslt-1.26","2008.eamt-1.15","0.625"
"2008.eamt-1.15","2007.iwslt-1.26","0.625"
"2007.iwslt-1.26","N07-2022","0.625"
"N07-2022","2007.iwslt-1.26","0.625"
"2007.iwslt-1.26","W06-2402","0.267857"
"W06-2402","2007.iwslt-1.26","0.267857"
"2007.iwslt-1.26","W10-1712","0.267857"
"W10-1712","2007.iwslt-1.26","0.267857"
"2008.eamt-1.15","2008.iwslt-evaluation.17","0.125"
"2008.iwslt-evaluation.17","2008.eamt-1.15","0.125"
"2008.eamt-1.15","W10-1712","0.125"
"W10-1712","2008.eamt-1.15","0.125"
"2008.iwslt-evaluation.17","N07-2022","0.625"
"N07-2022","2008.iwslt-evaluation.17","0.625"
"2008.iwslt-evaluation.17","W06-2402","0.375"
"W06-2402","2008.iwslt-evaluation.17","0.375"
"2008.iwslt-evaluation.17","W10-1712","0.201923"
"W10-1712","2008.iwslt-evaluation.17","0.201923"
"J06-4004","W10-1712","0.125"
"W10-1712","J06-4004","0.125"
"N07-2022","W10-1712","0.125"
"W10-1712","N07-2022","0.125"
"W06-2402","W10-1712","0.267857"
"W10-1712","W06-2402","0.267857"
"2005.mtsummit-posters.11","2010.iwslt-evaluation.26","0.166667"
"2010.iwslt-evaluation.26","2005.mtsummit-posters.11","0.166667"
"2005.mtsummit-posters.11","W08-0315","0.166667"
"W08-0315","2005.mtsummit-posters.11","0.166667"
"2005.mtsummit-posters.11","W09-0414","0.166667"
"W09-0414","2005.mtsummit-posters.11","0.166667"
"2006.iwslt-evaluation.18","2010.iwslt-evaluation.26","0.166667"
"2010.iwslt-evaluation.26","2006.iwslt-evaluation.18","0.166667"
"2006.iwslt-evaluation.18","W06-3120","0.642857"
"W06-3120","2006.iwslt-evaluation.18","0.642857"
"2006.iwslt-evaluation.18","W08-0315","0.309524"
"W08-0315","2006.iwslt-evaluation.18","0.309524"
"2006.iwslt-evaluation.18","W09-0414","0.166667"
"W09-0414","2006.iwslt-evaluation.18","0.166667"
"2010.iwslt-evaluation.26","W06-2402","0.166667"
"W06-2402","2010.iwslt-evaluation.26","0.166667"
"2010.iwslt-evaluation.26","W06-3120","0.166667"
"W06-3120","2010.iwslt-evaluation.26","0.166667"
"2010.iwslt-evaluation.26","W08-0315","0.309524"
"W08-0315","2010.iwslt-evaluation.26","0.309524"
"2010.iwslt-evaluation.26","W09-0414","0.166667"
"W09-0414","2010.iwslt-evaluation.26","0.166667"
"W06-2402","W08-0315","0.559524"
"W08-0315","W06-2402","0.559524"
"W06-2402","W09-0414","0.166667"
"W09-0414","W06-2402","0.166667"
"W06-3120","W08-0315","0.809524"
"W08-0315","W06-3120","0.809524"
"W06-3120","W09-0414","0.166667"
"W09-0414","W06-3120","0.166667"
"2006.iwslt-evaluation.17","W07-0720","1.39286"
"W07-0720","2006.iwslt-evaluation.17","1.39286"
"W07-0720","W08-0315","0.892857"
"W08-0315","W07-0720","0.892857"
"2006.iwslt-evaluation.17","W07-0713","0.25"
"W07-0713","2006.iwslt-evaluation.17","0.25"
"W06-3120","W07-0713","0.25"
"W07-0713","W06-3120","0.25"
"W06-3120","W07-0720","0.583333"
"W07-0720","W06-3120","0.583333"
"W07-0713","W07-0720","0.25"
"W07-0720","W07-0713","0.25"
"W07-0713","W08-0315","0.25"
"W08-0315","W07-0713","0.25"
"2006.iwslt-evaluation.17","2006.iwslt-evaluation.18","3.09286"
"2006.iwslt-evaluation.18","2006.iwslt-evaluation.17","3.09286"
"2006.iwslt-evaluation.18","2007.iwslt-1.26","0.592857"
"2007.iwslt-1.26","2006.iwslt-evaluation.18","0.592857"
"2006.iwslt-evaluation.18","W06-3125","0.142857"
"W06-3125","2006.iwslt-evaluation.18","0.142857"
"2006.iwslt-evaluation.18","W10-1712","0.142857"
"W10-1712","2006.iwslt-evaluation.18","0.142857"
"2007.iwslt-1.26","W08-0315","0.142857"
"W08-0315","2007.iwslt-1.26","0.142857"
"W06-3120","W10-1712","0.142857"
"W10-1712","W06-3120","0.142857"
"W06-3125","W08-0315","0.392857"
"W08-0315","W06-3125","0.392857"
"W06-3125","W10-1712","0.142857"
"W10-1712","W06-3125","0.142857"
"W08-0315","W10-1712","0.142857"
"W10-1712","W08-0315","0.142857"
"2006.iwslt-evaluation.17","2009.iwslt-evaluation.3","0.25"
"2009.iwslt-evaluation.3","2006.iwslt-evaluation.17","0.25"
"2006.iwslt-evaluation.18","2008.iwslt-evaluation.17","0.783333"
"2008.iwslt-evaluation.17","2006.iwslt-evaluation.18","0.783333"
"2006.iwslt-evaluation.18","2009.iwslt-evaluation.3","0.25"
"2009.iwslt-evaluation.3","2006.iwslt-evaluation.18","0.25"
"2007.iwslt-1.26","2009.iwslt-evaluation.3","0.25"
"2009.iwslt-evaluation.3","2007.iwslt-1.26","0.25"
"2008.iwslt-evaluation.17","2009.iwslt-evaluation.3","1.82692"
"2009.iwslt-evaluation.3","2008.iwslt-evaluation.17","1.82692"
"2006.iwslt-evaluation.18","I11-1154","0.7"
"I11-1154","2006.iwslt-evaluation.18","0.7"
"2006.iwslt-evaluation.17","W13-3301","0.2"
"W13-3301","2006.iwslt-evaluation.17","0.2"
"2006.iwslt-evaluation.18","W13-3301","0.2"
"W13-3301","2006.iwslt-evaluation.18","0.2"
"2007.iwslt-1.26","I11-1154","0.2"
"I11-1154","2007.iwslt-1.26","0.2"
"2007.iwslt-1.26","W13-3301","0.2"
"W13-3301","2007.iwslt-1.26","0.2"
"2008.iwslt-evaluation.17","I11-1154","1.77692"
"I11-1154","2008.iwslt-evaluation.17","1.77692"
"2008.iwslt-evaluation.17","W13-3301","0.2"
"W13-3301","2008.iwslt-evaluation.17","0.2"
"I11-1154","W13-3301","0.2"
"W13-3301","I11-1154","0.2"
"2007.iwslt-1.26","W07-0720","0.5"
"W07-0720","2007.iwslt-1.26","0.5"
"2006.iwslt-evaluation.17","2010.iwslt-evaluation.26","0.142857"
"2010.iwslt-evaluation.26","2006.iwslt-evaluation.17","0.142857"
"2006.iwslt-papers.5","2010.iwslt-evaluation.26","0.142857"
"2010.iwslt-evaluation.26","2006.iwslt-papers.5","0.142857"
"2006.iwslt-papers.5","W07-0720","0.47619"
"W07-0720","2006.iwslt-papers.5","0.47619"
"2006.iwslt-papers.5","W08-0315","0.142857"
"W08-0315","2006.iwslt-papers.5","0.142857"
"2010.iwslt-evaluation.26","2011.eamt-1.18","0.142857"
"2011.eamt-1.18","2010.iwslt-evaluation.26","0.142857"
"2010.iwslt-evaluation.26","2011.eamt-1.20","0.142857"
"2011.eamt-1.20","2010.iwslt-evaluation.26","0.142857"
"2010.iwslt-evaluation.26","N07-2022","0.142857"
"N07-2022","2010.iwslt-evaluation.26","0.142857"
"2010.iwslt-evaluation.26","W07-0720","0.142857"
"W07-0720","2010.iwslt-evaluation.26","0.142857"
"2011.eamt-1.18","W07-0720","0.142857"
"W07-0720","2011.eamt-1.18","0.142857"
"2011.eamt-1.20","W07-0720","0.142857"
"W07-0720","2011.eamt-1.20","0.142857"
"N07-2022","W07-0720","0.142857"
"W07-0720","N07-2022","0.142857"
"N07-2022","W08-0315","0.142857"
"W08-0315","N07-2022","0.142857"
"2006.iwslt-evaluation.18","W07-0720","0.666667"
"W07-0720","2006.iwslt-evaluation.18","0.666667"
"2006.iwslt-evaluation.18","W15-4106","0.333333"
"W15-4106","2006.iwslt-evaluation.18","0.333333"
"2008.iwslt-evaluation.17","W07-0720","0.333333"
"W07-0720","2008.iwslt-evaluation.17","0.333333"
"2008.iwslt-evaluation.17","W15-4106","0.333333"
"W15-4106","2008.iwslt-evaluation.17","0.333333"
"W07-0720","W15-4106","0.333333"
"W15-4106","W07-0720","0.333333"
"2006.iwslt-papers.5","W06-3120","0.333333"
"W06-3120","2006.iwslt-papers.5","0.333333"
"2006.iwslt-papers.5","I11-1154","0.2"
"I11-1154","2006.iwslt-papers.5","0.2"
"2006.iwslt-papers.5","W11-2156","0.2"
"W11-2156","2006.iwslt-papers.5","0.2"
"I11-1154","N07-2022","0.2"
"N07-2022","I11-1154","0.2"
"I11-1154","W07-0713","0.2"
"W07-0713","I11-1154","0.2"
"I11-1154","W11-2156","0.276923"
"W11-2156","I11-1154","0.276923"
"I11-1154","W11-3207","0.276923"
"W11-3207","I11-1154","0.276923"
"N07-2022","W07-0713","0.2"
"W07-0713","N07-2022","0.2"
"N07-2022","W11-2156","0.2"
"W11-2156","N07-2022","0.2"
"N07-2022","W11-3207","1.2"
"W11-3207","N07-2022","1.2"
"W07-0713","W11-2156","0.2"
"W11-2156","W07-0713","0.2"
"W11-2156","W11-3207","0.276923"
"W11-3207","W11-2156","0.276923"
"2008.iwslt-evaluation.17","2010.eamt-1.17","0.0769231"
"2010.eamt-1.17","2008.iwslt-evaluation.17","0.0769231"
"2008.iwslt-evaluation.17","E14-2009","0.0769231"
"E14-2009","2008.iwslt-evaluation.17","0.0769231"
"2008.iwslt-evaluation.17","W09-0414","0.576923"
"W09-0414","2008.iwslt-evaluation.17","0.576923"
"2008.iwslt-evaluation.17","W11-1014","0.0769231"
"W11-1014","2008.iwslt-evaluation.17","0.0769231"
"2008.iwslt-evaluation.17","W11-2156","0.0769231"
"W11-2156","2008.iwslt-evaluation.17","0.0769231"
"2008.iwslt-evaluation.17","W11-3207","0.0769231"
"W11-3207","2008.iwslt-evaluation.17","0.0769231"
"2008.iwslt-evaluation.17","W14-3306","0.0769231"
"W14-3306","2008.iwslt-evaluation.17","0.0769231"
"2008.iwslt-evaluation.17","W15-3902","0.0769231"
"W15-3902","2008.iwslt-evaluation.17","0.0769231"
"2008.iwslt-evaluation.17","W16-2709","0.0769231"
"W16-2709","2008.iwslt-evaluation.17","0.0769231"
"2008.iwslt-evaluation.17","W18-2409","0.0769231"
"W18-2409","2008.iwslt-evaluation.17","0.0769231"
"2009.iwslt-evaluation.3","2010.eamt-1.17","0.0769231"
"2010.eamt-1.17","2009.iwslt-evaluation.3","0.0769231"
"2009.iwslt-evaluation.3","E14-2009","0.0769231"
"E14-2009","2009.iwslt-evaluation.3","0.0769231"
"2009.iwslt-evaluation.3","I11-1154","0.0769231"
"I11-1154","2009.iwslt-evaluation.3","0.0769231"
"2009.iwslt-evaluation.3","W09-0414","0.0769231"
"W09-0414","2009.iwslt-evaluation.3","0.0769231"
"2009.iwslt-evaluation.3","W10-1712","1.07692"
"W10-1712","2009.iwslt-evaluation.3","1.07692"
"2009.iwslt-evaluation.3","W11-1014","0.576923"
"W11-1014","2009.iwslt-evaluation.3","0.576923"
"2009.iwslt-evaluation.3","W11-2156","0.0769231"
"W11-2156","2009.iwslt-evaluation.3","0.0769231"
"2009.iwslt-evaluation.3","W11-3207","0.0769231"
"W11-3207","2009.iwslt-evaluation.3","0.0769231"
"2009.iwslt-evaluation.3","W14-3306","0.0769231"
"W14-3306","2009.iwslt-evaluation.3","0.0769231"
"2009.iwslt-evaluation.3","W15-3902","0.0769231"
"W15-3902","2009.iwslt-evaluation.3","0.0769231"
"2009.iwslt-evaluation.3","W16-2709","0.0769231"
"W16-2709","2009.iwslt-evaluation.3","0.0769231"
"2009.iwslt-evaluation.3","W18-2409","0.0769231"
"W18-2409","2009.iwslt-evaluation.3","0.0769231"
"2010.eamt-1.17","W09-0414","0.0769231"
"W09-0414","2010.eamt-1.17","0.0769231"
"2010.eamt-1.17","W10-1712","1.57692"
"W10-1712","2010.eamt-1.17","1.57692"
"2010.eamt-1.17","W11-2156","0.0769231"
"W11-2156","2010.eamt-1.17","0.0769231"
"2010.eamt-1.17","W11-3207","0.0769231"
"W11-3207","2010.eamt-1.17","0.0769231"
"2010.eamt-1.17","W14-3306","0.0769231"
"W14-3306","2010.eamt-1.17","0.0769231"
"2010.eamt-1.17","W15-3902","0.0769231"
"W15-3902","2010.eamt-1.17","0.0769231"
"2010.eamt-1.17","W16-2709","0.0769231"
"W16-2709","2010.eamt-1.17","0.0769231"
"2010.eamt-1.17","W18-2409","0.0769231"
"W18-2409","2010.eamt-1.17","0.0769231"
"E14-2009","W09-0414","0.0769231"
"W09-0414","E14-2009","0.0769231"
"E14-2009","W10-1712","0.0769231"
"W10-1712","E14-2009","0.0769231"
"E14-2009","W11-2156","0.0769231"
"W11-2156","E14-2009","0.0769231"
"E14-2009","W11-3207","0.0769231"
"W11-3207","E14-2009","0.0769231"
"E14-2009","W14-3306","0.0769231"
"W14-3306","E14-2009","0.0769231"
"E14-2009","W15-3902","0.0769231"
"W15-3902","E14-2009","0.0769231"
"E14-2009","W16-2709","0.0769231"
"W16-2709","E14-2009","0.0769231"
"E14-2009","W18-2409","0.0769231"
"W18-2409","E14-2009","0.0769231"
"I11-1154","W09-0414","0.576923"
"W09-0414","I11-1154","0.576923"
"I11-1154","W10-1712","0.0769231"
"W10-1712","I11-1154","0.0769231"
"I11-1154","W14-3306","0.0769231"
"W14-3306","I11-1154","0.0769231"
"I11-1154","W15-3902","0.0769231"
"W15-3902","I11-1154","0.0769231"
"I11-1154","W16-2709","0.0769231"
"W16-2709","I11-1154","0.0769231"
"I11-1154","W18-2409","0.0769231"
"W18-2409","I11-1154","0.0769231"
"W09-0414","W10-1712","0.0769231"
"W10-1712","W09-0414","0.0769231"
"W09-0414","W11-1014","0.0769231"
"W11-1014","W09-0414","0.0769231"
"W09-0414","W11-2156","0.0769231"
"W11-2156","W09-0414","0.0769231"
"W09-0414","W11-3207","0.0769231"
"W11-3207","W09-0414","0.0769231"
"W09-0414","W14-3306","0.0769231"
"W14-3306","W09-0414","0.0769231"
"W09-0414","W15-3902","0.0769231"
"W15-3902","W09-0414","0.0769231"
"W09-0414","W16-2709","0.0769231"
"W16-2709","W09-0414","0.0769231"
"W09-0414","W18-2409","0.0769231"
"W18-2409","W09-0414","0.0769231"
"W10-1712","W11-1014","0.0769231"
"W11-1014","W10-1712","0.0769231"
"W10-1712","W11-2156","0.0769231"
"W11-2156","W10-1712","0.0769231"
"W10-1712","W11-3207","0.0769231"
"W11-3207","W10-1712","0.0769231"
"W10-1712","W14-3306","0.0769231"
"W14-3306","W10-1712","0.0769231"
"W10-1712","W15-3902","0.0769231"
"W15-3902","W10-1712","0.0769231"
"W10-1712","W16-2709","0.0769231"
"W16-2709","W10-1712","0.0769231"
"W10-1712","W18-2409","0.0769231"
"W18-2409","W10-1712","0.0769231"
"W11-1014","W11-2156","0.0769231"
"W11-2156","W11-1014","0.0769231"
"W11-1014","W11-3207","0.0769231"
"W11-3207","W11-1014","0.0769231"
"W11-1014","W14-3306","0.0769231"
"W14-3306","W11-1014","0.0769231"
"W11-1014","W15-3902","0.0769231"
"W15-3902","W11-1014","0.0769231"
"W11-1014","W16-2709","0.0769231"
"W16-2709","W11-1014","0.0769231"
"W11-1014","W18-2409","0.0769231"
"W18-2409","W11-1014","0.0769231"
"W11-2156","W14-3306","0.410256"
"W14-3306","W11-2156","0.410256"
"W11-2156","W15-3902","0.0769231"
"W15-3902","W11-2156","0.0769231"
"W11-2156","W16-2709","0.0769231"
"W16-2709","W11-2156","0.0769231"
"W11-2156","W18-2409","0.0769231"
"W18-2409","W11-2156","0.0769231"
"W11-3207","W14-3306","0.0769231"
"W14-3306","W11-3207","0.0769231"
"W11-3207","W15-3902","1.74359"
"W15-3902","W11-3207","1.74359"
"W11-3207","W16-2709","1.74359"
"W16-2709","W11-3207","1.74359"
"W11-3207","W18-2409","0.24359"
"W18-2409","W11-3207","0.24359"
"W14-3306","W15-3902","0.0769231"
"W15-3902","W14-3306","0.0769231"
"W14-3306","W16-2709","0.0769231"
"W16-2709","W14-3306","0.0769231"
"W14-3306","W18-2409","0.0769231"
"W18-2409","W14-3306","0.0769231"
"W15-3902","W16-2709","15.7436"
"W16-2709","W15-3902","15.7436"
"W15-3902","W18-2409","3.24359"
"W18-2409","W15-3902","3.24359"
"W16-2709","W18-2409","3.24359"
"W18-2409","W16-2709","3.24359"
"2008.iwslt-evaluation.17","2010.iwslt-evaluation.26","0.5"
"2010.iwslt-evaluation.26","2008.iwslt-evaluation.17","0.5"
"2009.iwslt-evaluation.3","2010.iwslt-evaluation.26","0.5"
"2010.iwslt-evaluation.26","2009.iwslt-evaluation.3","0.5"
"2008.iwslt-evaluation.17","W08-0315","0.25"
"W08-0315","2008.iwslt-evaluation.17","0.25"
"2009.iwslt-evaluation.3","W14-1013","0.5"
"W14-1013","2009.iwslt-evaluation.3","0.5"
"2010.eamt-1.17","2010.iwslt-evaluation.26","0.5"
"2010.iwslt-evaluation.26","2010.eamt-1.17","0.5"
"2010.iwslt-evaluation.26","W10-1712","1.5"
"W10-1712","2010.iwslt-evaluation.26","1.5"
"2011.eamt-1.18","W10-1712","0.5"
"W10-1712","2011.eamt-1.18","0.5"
"2011.eamt-1.20","W10-1712","0.5"
"W10-1712","2011.eamt-1.20","0.5"
"D15-1265","W15-4615","2"
"W15-4615","D15-1265","2"
"P11-2027","W08-0315","0.5"
"W08-0315","P11-2027","0.5"
"P11-2027","W12-0104","0.5"
"W12-0104","P11-2027","0.5"
"W08-0315","W12-0104","0.5"
"W12-0104","W08-0315","0.5"
"P12-2040","W13-4023","1"
"W13-4023","P12-2040","1"
"P12-2040","P12-3007","3"
"P12-3007","P12-2040","3"
"P14-2004","P16-1091","2"
"P16-1091","P14-2004","2"
"P14-2004","W15-4615","3"
"W15-4615","P14-2004","3"
"P16-1091","W15-4615","3"
"W15-4615","P16-1091","3"
"P16-1091","W16-2703","1"
"W16-2703","P16-1091","1"
"W11-2156","W14-1013","0.333333"
"W14-1013","W11-2156","0.333333"
"W11-2156","W15-4106","0.333333"
"W15-4106","W11-2156","0.333333"
"W14-1013","W14-3306","0.333333"
"W14-3306","W14-1013","0.333333"
"W14-1013","W15-4106","0.333333"
"W15-4106","W14-1013","0.333333"
"W14-3306","W15-4106","0.333333"
"W15-4106","W14-3306","0.333333"
"W11-3207","W15-3901","0.166667"
"W15-3901","W11-3207","0.166667"
"W11-3207","W16-2708","0.166667"
"W16-2708","W11-3207","0.166667"
"W11-3207","W18-2408","0.166667"
"W18-2408","W11-3207","0.166667"
"W15-3901","W15-3902","0.166667"
"W15-3902","W15-3901","0.166667"
"W15-3901","W16-2708","0.166667"
"W16-2708","W15-3901","0.166667"
"W15-3901","W16-2709","0.166667"
"W16-2709","W15-3901","0.166667"
"W15-3901","W18-2408","0.166667"
"W18-2408","W15-3901","0.166667"
"W15-3901","W18-2409","0.166667"
"W18-2409","W15-3901","0.166667"
"W15-3902","W16-2708","0.166667"
"W16-2708","W15-3902","0.166667"
"W15-3902","W18-2408","0.166667"
"W18-2408","W15-3902","0.166667"
"W16-2708","W16-2709","0.166667"
"W16-2709","W16-2708","0.166667"
"W16-2708","W18-2408","0.166667"
"W18-2408","W16-2708","0.166667"
"W16-2708","W18-2409","0.166667"
"W18-2409","W16-2708","0.166667"
"W16-2709","W18-2408","0.166667"
"W18-2408","W16-2709","0.166667"
"W18-2408","W18-2409","0.166667"
"W18-2409","W18-2408","0.166667"
"W13-3301","W15-4106","3"
"W15-4106","W13-3301","3"
