"1502772419","204230938","14.1429"
"204230938","1502772419","14.1429"
"1502772419","1979110895","0.333333"
"1979110895","1502772419","0.333333"
"1502772419","2108599226","0.333333"
"2108599226","1502772419","0.333333"
"1502772419","2150015221","0.47619"
"2150015221","1502772419","0.47619"
"1979110895","2108599226","2.16667"
"2108599226","1979110895","2.16667"
"1979110895","2150015221","0.833333"
"2150015221","1979110895","0.833333"
"2108599226","2150015221","0.833333"
"2150015221","2108599226","0.833333"
"1502772419","1514461580","0.142857"
"1514461580","1502772419","0.142857"
"1502772419","1558947798","0.142857"
"1558947798","1502772419","0.142857"
"1502772419","2106333474","0.142857"
"2106333474","1502772419","0.142857"
"1502772419","2117487426","0.142857"
"2117487426","1502772419","0.142857"
"1502772419","2144342293","0.142857"
"2144342293","1502772419","0.142857"
"1514461580","1558947798","0.142857"
"1558947798","1514461580","0.142857"
"1514461580","204230938","1.14286"
"204230938","1514461580","1.14286"
"1514461580","2106333474","0.142857"
"2106333474","1514461580","0.142857"
"1514461580","2117487426","0.142857"
"2117487426","1514461580","0.142857"
"1514461580","2144342293","0.142857"
"2144342293","1514461580","0.142857"
"1514461580","2150015221","0.142857"
"2150015221","1514461580","0.142857"
"1558947798","204230938","1.64286"
"204230938","1558947798","1.64286"
"1558947798","2106333474","0.142857"
"2106333474","1558947798","0.142857"
"1558947798","2117487426","2.05952"
"2117487426","1558947798","2.05952"
"1558947798","2144342293","0.392857"
"2144342293","1558947798","0.392857"
"1558947798","2150015221","0.559524"
"2150015221","1558947798","0.559524"
"204230938","2106333474","1.41071"
"2106333474","204230938","1.41071"
"204230938","2117487426","1.03571"
"2117487426","204230938","1.03571"
"204230938","2144342293","0.910714"
"2144342293","204230938","0.910714"
"204230938","2150015221","1.53571"
"2150015221","204230938","1.53571"
"2106333474","2117487426","0.285714"
"2117487426","2106333474","0.285714"
"2106333474","2144342293","2.24405"
"2144342293","2106333474","2.24405"
"2106333474","2150015221","0.285714"
"2150015221","2106333474","0.285714"
"2117487426","2144342293","0.952381"
"2144342293","2117487426","0.952381"
"2117487426","2150015221","1.45238"
"2150015221","2117487426","1.45238"
"2144342293","2150015221","1.95238"
"2150015221","2144342293","1.95238"
"1514461580","2440288152","1"
"2440288152","1514461580","1"
"1517058083","2153643485","1"
"2153643485","1517058083","1"
"1517058083","2150015221","0.5"
"2150015221","1517058083","0.5"
"1517058083","2163212178","0.5"
"2163212178","1517058083","0.5"
"2150015221","2163212178","0.5"
"2163212178","2150015221","0.5"
"1526683389","1544579602","3.65833"
"1544579602","1526683389","3.65833"
"1526683389","2131831312","3.65833"
"2131831312","1526683389","3.65833"
"1544579602","2131831312","5.99167"
"2131831312","1544579602","5.99167"
"1526683389","2020422256","3.15833"
"2020422256","1526683389","3.15833"
"1544579602","2020422256","4.19167"
"2020422256","1544579602","4.19167"
"2020422256","2131831312","3.99167"
"2131831312","2020422256","3.99167"
"1526683389","2054973636","0.825"
"2054973636","1526683389","0.825"
"2020422256","2054973636","4.15833"
"2054973636","2020422256","4.15833"
"1526683389","204230938","0.325"
"204230938","1526683389","0.325"
"1544579602","204230938","0.325"
"204230938","1544579602","0.325"
"1544579602","2054973636","0.658333"
"2054973636","1544579602","0.658333"
"2020422256","204230938","1.325"
"204230938","2020422256","1.325"
"204230938","2054973636","0.325"
"2054973636","204230938","0.325"
"204230938","2131831312","0.325"
"2131831312","204230938","0.325"
"2054973636","2131831312","0.658333"
"2131831312","2054973636","0.658333"
"1526683389","2019855535","0.125"
"2019855535","1526683389","0.125"
"1526683389","2106333474","0.125"
"2106333474","1526683389","0.125"
"1526683389","2144342293","0.125"
"2144342293","1526683389","0.125"
"1544579602","2019855535","0.125"
"2019855535","1544579602","0.125"
"1544579602","2106333474","0.325"
"2106333474","1544579602","0.325"
"1544579602","2144342293","0.125"
"2144342293","1544579602","0.125"
"2019855535","2020422256","3.125"
"2020422256","2019855535","3.125"
"2019855535","204230938","0.125"
"204230938","2019855535","0.125"
"2019855535","2054973636","1.125"
"2054973636","2019855535","1.125"
"2019855535","2106333474","0.125"
"2106333474","2019855535","0.125"
"2019855535","2131831312","0.125"
"2131831312","2019855535","0.125"
"2019855535","2144342293","0.125"
"2144342293","2019855535","0.125"
"2020422256","2106333474","0.325"
"2106333474","2020422256","0.325"
"2020422256","2144342293","0.125"
"2144342293","2020422256","0.125"
"2054973636","2106333474","0.958333"
"2106333474","2054973636","0.958333"
"2054973636","2144342293","1.95833"
"2144342293","2054973636","1.95833"
"2106333474","2131831312","0.125"
"2131831312","2106333474","0.125"
"2131831312","2144342293","0.125"
"2144342293","2131831312","0.125"
"1534750240","2008244516","0.309524"
"2008244516","1534750240","0.309524"
"1534750240","2117487426","0.309524"
"2117487426","1534750240","0.309524"
"1534750240","2132280281","0.166667"
"2132280281","1534750240","0.166667"
"1534750240","2144342293","0.309524"
"2144342293","1534750240","0.309524"
"1534750240","2150015221","0.309524"
"2150015221","1534750240","0.309524"
"1534750240","2170936641","0.309524"
"2170936641","1534750240","0.309524"
"2008244516","2117487426","0.559524"
"2117487426","2008244516","0.559524"
"2008244516","2132280281","0.166667"
"2132280281","2008244516","0.166667"
"2008244516","2144342293","1.55952"
"2144342293","2008244516","1.55952"
"2008244516","2150015221","4.05952"
"2150015221","2008244516","4.05952"
"2008244516","2170936641","0.559524"
"2170936641","2008244516","0.559524"
"2117487426","2132280281","0.166667"
"2132280281","2117487426","0.166667"
"2117487426","2170936641","4.80952"
"2170936641","2117487426","4.80952"
"2132280281","2144342293","0.166667"
"2144342293","2132280281","0.166667"
"2132280281","2150015221","0.166667"
"2150015221","2132280281","0.166667"
"2132280281","2170936641","0.166667"
"2170936641","2132280281","0.166667"
"2144342293","2170936641","0.809524"
"2170936641","2144342293","0.809524"
"2150015221","2170936641","2.30952"
"2170936641","2150015221","2.30952"
"1534750240","2097704312","4"
"2097704312","1534750240","4"
"1534750240","204230938","0.142857"
"204230938","1534750240","0.142857"
"1534750240","2106333474","0.142857"
"2106333474","1534750240","0.142857"
"2008244516","204230938","1.64286"
"204230938","2008244516","1.64286"
"2008244516","2106333474","0.142857"
"2106333474","2008244516","0.142857"
"204230938","2170936641","0.642857"
"2170936641","204230938","0.642857"
"2106333474","2170936641","1.14286"
"2170936641","2106333474","1.14286"
"1534750240","1553615271","0.25"
"1553615271","1534750240","0.25"
"1534750240","2018416842","0.25"
"2018416842","1534750240","0.25"
"1534750240","2031043614","0.25"
"2031043614","1534750240","0.25"
"1534750240","2105295113","0.25"
"2105295113","1534750240","0.25"
"1553615271","2018416842","1.41667"
"2018416842","1553615271","1.41667"
"1553615271","2031043614","0.25"
"2031043614","1553615271","0.25"
"1553615271","2105295113","1.91667"
"2105295113","1553615271","1.91667"
"2018416842","2031043614","0.583333"
"2031043614","2018416842","0.583333"
"2018416842","2105295113","3.66667"
"2105295113","2018416842","3.66667"
"2031043614","2105295113","1.58333"
"2105295113","2031043614","1.58333"
"1544579602","2002847183","0.2"
"2002847183","1544579602","0.2"
"1544579602","2105295113","0.2"
"2105295113","1544579602","0.2"
"1544579602","2163212178","0.2"
"2163212178","1544579602","0.2"
"2002847183","2020422256","0.45"
"2020422256","2002847183","0.45"
"2002847183","2105295113","0.2"
"2105295113","2002847183","0.2"
"2002847183","2106333474","0.2"
"2106333474","2002847183","0.2"
"2002847183","2163212178","0.2"
"2163212178","2002847183","0.2"
"2020422256","2105295113","0.2"
"2105295113","2020422256","0.2"
"2020422256","2163212178","0.2"
"2163212178","2020422256","0.2"
"2105295113","2106333474","1.03333"
"2106333474","2105295113","1.03333"
"2105295113","2163212178","3.95"
"2163212178","2105295113","3.95"
"2106333474","2163212178","1.03333"
"2163212178","2106333474","1.03333"
"1547410707","2008244516","0.25"
"2008244516","1547410707","0.25"
"1547410707","2018416842","0.583333"
"2018416842","1547410707","0.583333"
"1547410707","2034943479","0.25"
"2034943479","1547410707","0.25"
"1547410707","2112821017","0.25"
"2112821017","1547410707","0.25"
"2008244516","2018416842","0.25"
"2018416842","2008244516","0.25"
"2008244516","2034943479","0.25"
"2034943479","2008244516","0.25"
"2008244516","2112821017","1.08333"
"2112821017","2008244516","1.08333"
"2018416842","2034943479","0.25"
"2034943479","2018416842","0.25"
"2018416842","2112821017","0.25"
"2112821017","2018416842","0.25"
"2034943479","2112821017","0.25"
"2112821017","2034943479","0.25"
"1547410707","2105295113","0.333333"
"2105295113","1547410707","0.333333"
"1547410707","2163212178","1.33333"
"2163212178","1547410707","1.33333"
"2018416842","2163212178","1.25"
"2163212178","2018416842","1.25"
"1553615271","2163212178","0.5"
"2163212178","1553615271","0.5"
"1553615271","2106333474","1"
"2106333474","1553615271","1"
"1553615271","2097704312","0.666667"
"2097704312","1553615271","0.666667"
"2018416842","2097704312","0.666667"
"2097704312","2018416842","0.666667"
"2097704312","2105295113","1.66667"
"2105295113","2097704312","1.66667"
"1558947798","2108599226","1.33333"
"2108599226","1558947798","1.33333"
"1558947798","2170936641","1.91667"
"2170936641","1558947798","1.91667"
"1558947798","2002847183","0.5"
"2002847183","1558947798","0.5"
"2002847183","2117487426","0.5"
"2117487426","2002847183","0.5"
"2002847183","2170936641","0.5"
"2170936641","2002847183","0.5"
"1558947798","2153643485","0.833333"
"2153643485","1558947798","0.833333"
"2117487426","2153643485","0.833333"
"2153643485","2117487426","0.833333"
"2153643485","2170936641","0.833333"
"2170936641","2153643485","0.833333"
"2002847183","204230938","2.16667"
"204230938","2002847183","2.16667"
"2002847183","2150015221","0.166667"
"2150015221","2002847183","0.166667"
"2002847183","2153643485","0.166667"
"2153643485","2002847183","0.166667"
"204230938","2153643485","3.16667"
"2153643485","204230938","3.16667"
"2150015221","2153643485","0.416667"
"2153643485","2150015221","0.416667"
"1558947798","1979110895","1.33333"
"1979110895","1558947798","1.33333"
"1979110895","204230938","1.08333"
"204230938","1979110895","1.08333"
"204230938","2108599226","1.58333"
"2108599226","204230938","1.58333"
"1795032611","2034943479","1"
"2034943479","1795032611","1"
"1979110895","2008244516","0.833333"
"2008244516","1979110895","0.833333"
"1979110895","2112821017","0.833333"
"2112821017","1979110895","0.833333"
"1979110895","2108077658","2.5"
"2108077658","1979110895","2.5"
"1979110895","2153643485","0.25"
"2153643485","1979110895","0.25"
"1979110895","45347091","0.25"
"45347091","1979110895","0.25"
"2108599226","2153643485","0.25"
"2153643485","2108599226","0.25"
"2108599226","45347091","0.25"
"45347091","2108599226","0.25"
"2150015221","45347091","0.25"
"45347091","2150015221","0.25"
"2153643485","45347091","0.25"
"45347091","2153643485","0.25"
"1979110895","2440288152","3.25"
"2440288152","1979110895","3.25"
"2108077658","2440288152","0.5"
"2440288152","2108077658","0.5"
"204230938","2440288152","0.75"
"2440288152","204230938","0.75"
"2108599226","2440288152","0.25"
"2440288152","2108599226","0.25"
"2150015221","2440288152","0.25"
"2440288152","2150015221","0.25"
"1979110895","1993112838","0.333333"
"1993112838","1979110895","0.333333"
"1993112838","2008244516","0.333333"
"2008244516","1993112838","0.333333"
"1993112838","2112821017","0.333333"
"2112821017","1993112838","0.333333"
"2002847183","2078905289","0.25"
"2078905289","2002847183","0.25"
"2002847183","2097704312","0.25"
"2097704312","2002847183","0.25"
"2002847183","2132280281","0.25"
"2132280281","2002847183","0.25"
"2020422256","2078905289","1.25"
"2078905289","2020422256","1.25"
"2020422256","2097704312","0.25"
"2097704312","2020422256","0.25"
"2020422256","2132280281","0.25"
"2132280281","2020422256","0.25"
"2078905289","2097704312","0.583333"
"2097704312","2078905289","0.583333"
"2078905289","2132280281","3.58333"
"2132280281","2078905289","3.58333"
"2097704312","2132280281","0.583333"
"2132280281","2097704312","0.583333"
"2002847183","2153775814","1"
"2153775814","2002847183","1"
"2008244516","2163212178","3"
"2163212178","2008244516","3"
"2031043614","2163212178","0.333333"
"2163212178","2031043614","0.333333"
"2018416842","204230938","0.25"
"204230938","2018416842","0.25"
"2018416842","2117487426","0.25"
"2117487426","2018416842","0.25"
"204230938","2105295113","1.25"
"2105295113","204230938","1.25"
"204230938","2163212178","0.25"
"2163212178","204230938","0.25"
"2105295113","2117487426","0.75"
"2117487426","2105295113","0.75"
"2117487426","2163212178","0.75"
"2163212178","2117487426","0.75"
"2018416842","2106333474","0.333333"
"2106333474","2018416842","0.333333"
"2019855535","45347091","1"
"45347091","2019855535","1"
"2031043614","2054973636","1.33333"
"2054973636","2031043614","1.33333"
"2031043614","2106333474","0.333333"
"2106333474","2031043614","0.333333"
"2031043614","2144342293","5.33333"
"2144342293","2031043614","5.33333"
"2031043614","2097704312","1"
"2097704312","2031043614","1"
"204230938","45347091","10.5"
"45347091","204230938","10.5"
"2144342293","45347091","0.5"
"45347091","2144342293","0.5"
"204230938","2108077658","1"
"2108077658","204230938","1"
"204230938","2078905289","0.333333"
"2078905289","204230938","0.333333"
"204230938","2097704312","0.333333"
"2097704312","204230938","0.333333"
"204230938","2132280281","0.333333"
"2132280281","204230938","0.333333"
"2106333474","2153643485","1"
"2153643485","2106333474","1"
"2108077658","2112821017","5"
"2112821017","2108077658","5"
