"1483146256","2034497960","22.9103"
"2034497960","1483146256","22.9103"
"1483146256","2022734059","3.41026"
"2022734059","1483146256","3.41026"
"2022734059","2034497960","3.41026"
"2034497960","2022734059","3.41026"
"1483146256","2128317658","0.333333"
"2128317658","1483146256","0.333333"
"2022734059","2128317658","0.333333"
"2128317658","2022734059","0.333333"
"2034497960","2128317658","0.333333"
"2128317658","2034497960","0.333333"
"1483146256","1939649909","0.0769231"
"1939649909","1483146256","0.0769231"
"1483146256","198528920","0.0769231"
"198528920","1483146256","0.0769231"
"1483146256","198800675","0.0769231"
"198800675","1483146256","0.0769231"
"1483146256","2001176284","0.0769231"
"2001176284","1483146256","0.0769231"
"1483146256","2115221160","0.0769231"
"2115221160","1483146256","0.0769231"
"1483146256","2144606308","0.0769231"
"2144606308","1483146256","0.0769231"
"1483146256","2155322254","0.0769231"
"2155322254","1483146256","0.0769231"
"1483146256","2168718343","0.0769231"
"2168718343","1483146256","0.0769231"
"1483146256","2172031037","0.0769231"
"2172031037","1483146256","0.0769231"
"1483146256","37716794","0.0769231"
"37716794","1483146256","0.0769231"
"1483146256","75097824","0.0769231"
"75097824","1483146256","0.0769231"
"1939649909","198528920","0.956624"
"198528920","1939649909","0.956624"
"1939649909","198800675","0.0769231"
"198800675","1939649909","0.0769231"
"1939649909","2001176284","1.28996"
"2001176284","1939649909","1.28996"
"1939649909","2022734059","0.188034"
"2022734059","1939649909","0.188034"
"1939649909","2034497960","0.0769231"
"2034497960","1939649909","0.0769231"
"1939649909","2115221160","0.991148"
"2115221160","1939649909","0.991148"
"1939649909","2144606308","0.748291"
"2144606308","1939649909","0.748291"
"1939649909","2155322254","1.11615"
"2155322254","1939649909","1.11615"
"1939649909","2168718343","0.0769231"
"2168718343","1939649909","0.0769231"
"1939649909","2172031037","0.939225"
"2172031037","1939649909","0.939225"
"1939649909","37716794","0.153846"
"37716794","1939649909","0.153846"
"1939649909","75097824","0.0769231"
"75097824","1939649909","0.0769231"
"198528920","198800675","0.0769231"
"198800675","198528920","0.0769231"
"198528920","2001176284","7.93281"
"2001176284","198528920","7.93281"
"198528920","2022734059","0.188034"
"2022734059","198528920","0.188034"
"198528920","2034497960","0.0769231"
"2034497960","198528920","0.0769231"
"198528920","2115221160","0.456624"
"2115221160","198528920","0.456624"
"198528920","2144606308","1.43281"
"2144606308","198528920","1.43281"
"198528920","2155322254","0.599481"
"2155322254","198528920","0.599481"
"198528920","2168718343","0.576923"
"2168718343","198528920","0.576923"
"198528920","2172031037","0.522558"
"2172031037","198528920","0.522558"
"198528920","37716794","0.153846"
"37716794","198528920","0.153846"
"198528920","75097824","0.0769231"
"75097824","198528920","0.0769231"
"198800675","2001176284","0.0769231"
"2001176284","198800675","0.0769231"
"198800675","2022734059","0.0769231"
"2022734059","198800675","0.0769231"
"198800675","2034497960","0.0769231"
"2034497960","198800675","0.0769231"
"198800675","2115221160","0.0769231"
"2115221160","198800675","0.0769231"
"198800675","2144606308","0.0769231"
"2144606308","198800675","0.0769231"
"198800675","2155322254","1.57692"
"2155322254","198800675","1.57692"
"198800675","2168718343","0.0769231"
"2168718343","198800675","0.0769231"
"198800675","2172031037","1.07692"
"2172031037","198800675","1.07692"
"198800675","37716794","0.0769231"
"37716794","198800675","0.0769231"
"198800675","75097824","0.0769231"
"75097824","198800675","0.0769231"
"2001176284","2022734059","0.188034"
"2022734059","2001176284","0.188034"
"2001176284","2034497960","0.0769231"
"2034497960","2001176284","0.0769231"
"2001176284","2115221160","1.62726"
"2115221160","2001176284","1.62726"
"2001176284","2144606308","3.77012"
"2144606308","2001176284","3.77012"
"2001176284","2155322254","1.01615"
"2155322254","2001176284","1.01615"
"2001176284","2168718343","3.58089"
"2168718343","2001176284","3.58089"
"2001176284","2172031037","1.68922"
"2172031037","2001176284","1.68922"
"2001176284","37716794","0.153846"
"37716794","2001176284","0.153846"
"2001176284","75097824","1.57692"
"75097824","2001176284","1.57692"
"2022734059","2115221160","0.188034"
"2115221160","2022734059","0.188034"
"2022734059","2144606308","0.188034"
"2144606308","2022734059","0.188034"
"2022734059","2155322254","0.188034"
"2155322254","2022734059","0.188034"
"2022734059","2168718343","0.0769231"
"2168718343","2022734059","0.0769231"
"2022734059","2172031037","1.18803"
"2172031037","2022734059","1.18803"
"2022734059","37716794","0.0769231"
"37716794","2022734059","0.0769231"
"2022734059","75097824","0.0769231"
"75097824","2022734059","0.0769231"
"2034497960","2115221160","0.0769231"
"2115221160","2034497960","0.0769231"
"2034497960","2144606308","0.0769231"
"2144606308","2034497960","0.0769231"
"2034497960","2155322254","0.0769231"
"2155322254","2034497960","0.0769231"
"2034497960","2168718343","0.0769231"
"2168718343","2034497960","0.0769231"
"2034497960","2172031037","0.0769231"
"2172031037","2034497960","0.0769231"
"2034497960","37716794","0.0769231"
"37716794","2034497960","0.0769231"
"2034497960","75097824","0.0769231"
"75097824","2034497960","0.0769231"
"2115221160","2144606308","5.75226"
"2144606308","2115221160","5.75226"
"2115221160","2155322254","0.699481"
"2155322254","2115221160","0.699481"
"2115221160","2168718343","0.997558"
"2168718343","2115221160","0.997558"
"2115221160","2172031037","2.68922"
"2172031037","2115221160","2.68922"
"2115221160","37716794","0.153846"
"37716794","2115221160","0.153846"
"2115221160","75097824","0.74359"
"75097824","2115221160","0.74359"
"2144606308","2155322254","0.599481"
"2155322254","2144606308","0.599481"
"2144606308","2168718343","0.747558"
"2168718343","2144606308","0.747558"
"2144606308","2172031037","0.689225"
"2172031037","2144606308","0.689225"
"2144606308","37716794","0.153846"
"37716794","2144606308","0.153846"
"2144606308","75097824","0.49359"
"75097824","2144606308","0.49359"
"2155322254","2168718343","0.326923"
"2168718343","2155322254","0.326923"
"2155322254","2172031037","1.41542"
"2172031037","2155322254","1.41542"
"2155322254","37716794","0.153846"
"37716794","2155322254","0.153846"
"2155322254","75097824","0.0769231"
"75097824","2155322254","0.0769231"
"2168718343","2172031037","0.0769231"
"2172031037","2168718343","0.0769231"
"2168718343","37716794","0.0769231"
"37716794","2168718343","0.0769231"
"2168718343","75097824","1.99359"
"75097824","2168718343","1.99359"
"2172031037","37716794","0.0769231"
"37716794","2172031037","0.0769231"
"2172031037","75097824","0.0769231"
"75097824","2172031037","0.0769231"
"37716794","75097824","0.0769231"
"75097824","37716794","0.0769231"
"1483146256","2011679994","0.5"
"2011679994","1483146256","0.5"
"2011679994","2034497960","0.5"
"2034497960","2011679994","0.5"
"1504384772","1982504065","0.310256"
"1982504065","1504384772","0.310256"
"1504384772","1983315663","0.64359"
"1983315663","1504384772","0.64359"
"1504384772","2004788871","0.233333"
"2004788871","1504384772","0.233333"
"1504384772","2115386467","0.64359"
"2115386467","1504384772","0.64359"
"1504384772","2128317658","0.310256"
"2128317658","1504384772","0.310256"
"1504384772","2145508907","0.64359"
"2145508907","1504384772","0.64359"
"1982504065","1983315663","0.310256"
"1983315663","1982504065","0.310256"
"1982504065","2004788871","6.85"
"2004788871","1982504065","6.85"
"1982504065","2115386467","0.310256"
"2115386467","1982504065","0.310256"
"1982504065","2128317658","3.59359"
"2128317658","1982504065","3.59359"
"1982504065","2145508907","0.310256"
"2145508907","1982504065","0.310256"
"1983315663","2004788871","0.233333"
"2004788871","1983315663","0.233333"
"1983315663","2115386467","3.01264"
"2115386467","1983315663","3.01264"
"1983315663","2128317658","0.310256"
"2128317658","1983315663","0.310256"
"1983315663","2145508907","0.976923"
"2145508907","1983315663","0.976923"
"2004788871","2115386467","0.233333"
"2115386467","2004788871","0.233333"
"2004788871","2128317658","5.76667"
"2128317658","2004788871","5.76667"
"2004788871","2145508907","0.233333"
"2145508907","2004788871","0.233333"
"2115386467","2128317658","0.310256"
"2128317658","2115386467","0.310256"
"2115386467","2145508907","0.976923"
"2145508907","2115386467","0.976923"
"2128317658","2145508907","0.310256"
"2145508907","2128317658","0.310256"
"1504384772","2001176284","1.0047"
"2001176284","1504384772","1.0047"
"1504384772","2030738730","0.560256"
"2030738730","1504384772","0.560256"
"1504384772","2155322254","0.504701"
"2155322254","1504384772","0.504701"
"1504384772","2168718343","0.25"
"2168718343","1504384772","0.25"
"2001176284","2030738730","0.828114"
"2030738730","2001176284","0.828114"
"2030738730","2155322254","2.77811"
"2155322254","2030738730","2.77811"
"2030738730","2168718343","0.25"
"2168718343","2030738730","0.25"
"1504384772","198528920","0.588034"
"198528920","1504384772","0.588034"
"1504384772","2144606308","0.754701"
"2144606308","1504384772","0.754701"
"1983315663","198528920","0.953114"
"198528920","1983315663","0.953114"
"1983315663","2001176284","0.929304"
"2001176284","1983315663","0.929304"
"1983315663","2144606308","1.51264"
"2144606308","1983315663","1.51264"
"198528920","2115386467","1.57811"
"2115386467","198528920","1.57811"
"198528920","2145508907","0.810256"
"2145508907","198528920","0.810256"
"2001176284","2115386467","2.41542"
"2115386467","2001176284","2.41542"
"2001176284","2145508907","0.476923"
"2145508907","2001176284","0.476923"
"2115386467","2144606308","2.99875"
"2144606308","2115386467","2.99875"
"2144606308","2145508907","0.476923"
"2145508907","2144606308","0.476923"
"1504384772","1939649909","0.421368"
"1939649909","1504384772","0.421368"
"1504384772","2115221160","0.421368"
"2115221160","1504384772","0.421368"
"1504384772","37716794","0.0769231"
"37716794","1504384772","0.0769231"
"1939649909","1982504065","0.560256"
"1982504065","1939649909","0.560256"
"1939649909","1983315663","0.14359"
"1983315663","1939649909","0.14359"
"1939649909","2030738730","0.435256"
"2030738730","1939649909","0.435256"
"1939649909","2115386467","0.26859"
"2115386467","1939649909","0.26859"
"1939649909","2128317658","0.310256"
"2128317658","1939649909","0.310256"
"1939649909","2145508907","0.14359"
"2145508907","1939649909","0.14359"
"1982504065","198528920","0.14359"
"198528920","1982504065","0.14359"
"1982504065","2001176284","0.310256"
"2001176284","1982504065","0.310256"
"1982504065","2030738730","2.76026"
"2030738730","1982504065","2.76026"
"1982504065","2115221160","0.64359"
"2115221160","1982504065","0.64359"
"1982504065","2144606308","0.14359"
"2144606308","1982504065","0.14359"
"1982504065","2155322254","3.34359"
"2155322254","1982504065","3.34359"
"1982504065","37716794","0.0769231"
"37716794","1982504065","0.0769231"
"1983315663","2030738730","0.286447"
"2030738730","1983315663","0.286447"
"1983315663","2115221160","0.786447"
"2115221160","1983315663","0.786447"
"1983315663","2155322254","0.286447"
"2155322254","1983315663","0.286447"
"1983315663","37716794","0.0769231"
"37716794","1983315663","0.0769231"
"198528920","2030738730","0.411447"
"2030738730","198528920","0.411447"
"198528920","2128317658","0.14359"
"2128317658","198528920","0.14359"
"2001176284","2128317658","0.310256"
"2128317658","2001176284","0.310256"
"2030738730","2115221160","0.435256"
"2115221160","2030738730","0.435256"
"2030738730","2115386467","0.411447"
"2115386467","2030738730","0.411447"
"2030738730","2128317658","0.760256"
"2128317658","2030738730","0.760256"
"2030738730","2144606308","0.578114"
"2144606308","2030738730","0.578114"
"2030738730","2145508907","0.14359"
"2145508907","2030738730","0.14359"
"2030738730","37716794","0.0769231"
"37716794","2030738730","0.0769231"
"2115221160","2115386467","1.77256"
"2115386467","2115221160","1.77256"
"2115221160","2128317658","0.14359"
"2128317658","2115221160","0.14359"
"2115221160","2145508907","0.14359"
"2145508907","2115221160","0.14359"
"2115386467","2155322254","0.411447"
"2155322254","2115386467","0.411447"
"2115386467","37716794","0.0769231"
"37716794","2115386467","0.0769231"
"2128317658","2144606308","0.14359"
"2144606308","2128317658","0.14359"
"2128317658","2155322254","2.76026"
"2155322254","2128317658","2.76026"
"2128317658","37716794","0.0769231"
"37716794","2128317658","0.0769231"
"2145508907","2155322254","0.14359"
"2155322254","2145508907","0.14359"
"2145508907","37716794","0.0769231"
"37716794","2145508907","0.0769231"
"1504384772","2022734059","0.111111"
"2022734059","1504384772","0.111111"
"1504384772","2147064097","0.111111"
"2147064097","1504384772","0.111111"
"1504384772","2172031037","0.344444"
"2172031037","1504384772","0.344444"
"1939649909","2147064097","2.3123"
"2147064097","1939649909","2.3123"
"198528920","2147064097","0.111111"
"2147064097","198528920","0.111111"
"2001176284","2147064097","0.277778"
"2147064097","2001176284","0.277778"
"2022734059","2147064097","0.111111"
"2147064097","2022734059","0.111111"
"2115221160","2147064097","0.478968"
"2147064097","2115221160","0.478968"
"2144606308","2147064097","0.236111"
"2147064097","2144606308","0.236111"
"2147064097","2155322254","0.520635"
"2155322254","2147064097","0.520635"
"2147064097","2172031037","0.253968"
"2172031037","2147064097","0.253968"
"1504384772","2167952001","0.0666667"
"2167952001","1504384772","0.0666667"
"1939649909","2004788871","0.416667"
"2004788871","1939649909","0.416667"
"1939649909","2167952001","0.233333"
"2167952001","1939649909","0.233333"
"1982504065","2167952001","4.85"
"2167952001","1982504065","4.85"
"1982504065","2172031037","0.816667"
"2172031037","1982504065","0.816667"
"1983315663","2167952001","0.0666667"
"2167952001","1983315663","0.0666667"
"1983315663","2172031037","0.209524"
"2172031037","1983315663","0.209524"
"198528920","2004788871","0.0666667"
"2004788871","198528920","0.0666667"
"198528920","2167952001","0.0666667"
"2167952001","198528920","0.0666667"
"2001176284","2004788871","0.0666667"
"2004788871","2001176284","0.0666667"
"2001176284","2167952001","0.233333"
"2167952001","2001176284","0.233333"
"2004788871","2030738730","3.93333"
"2030738730","2004788871","3.93333"
"2004788871","2115221160","0.166667"
"2115221160","2004788871","0.166667"
"2004788871","2144606308","0.0666667"
"2144606308","2004788871","0.0666667"
"2004788871","2155322254","4.11667"
"2155322254","2004788871","4.11667"
"2004788871","2167952001","1.1"
"2167952001","2004788871","1.1"
"2004788871","2172031037","0.816667"
"2172031037","2004788871","0.816667"
"2030738730","2167952001","0.683333"
"2167952001","2030738730","0.683333"
"2030738730","2172031037","0.667857"
"2172031037","2030738730","0.667857"
"2115221160","2167952001","0.566667"
"2167952001","2115221160","0.566667"
"2115386467","2167952001","0.0666667"
"2167952001","2115386467","0.0666667"
"2115386467","2172031037","0.334524"
"2172031037","2115386467","0.334524"
"2128317658","2167952001","4.35"
"2167952001","2128317658","4.35"
"2128317658","2172031037","0.233333"
"2172031037","2128317658","0.233333"
"2144606308","2167952001","0.0666667"
"2167952001","2144606308","0.0666667"
"2145508907","2167952001","0.0666667"
"2167952001","2145508907","0.0666667"
"2145508907","2172031037","0.0666667"
"2172031037","2145508907","0.0666667"
"2155322254","2167952001","1.18333"
"2167952001","2155322254","1.18333"
"2167952001","2172031037","0.233333"
"2172031037","2167952001","0.233333"
"1509814260","2121800881","2.00397"
"2121800881","1509814260","2.00397"
"1509814260","2123159390","5.8623"
"2123159390","1509814260","5.8623"
"1509814260","2158477395","1.63452"
"2158477395","1509814260","1.63452"
"2121800881","2123159390","3.89683"
"2123159390","2121800881","3.89683"
"2121800881","2158477395","0.47619"
"2158477395","2121800881","0.47619"
"2123159390","2158477395","0.80119"
"2158477395","2123159390","0.80119"
"1509814260","2115221160","2.82063"
"2115221160","1509814260","2.82063"
"1509814260","2144606308","1.11111"
"2144606308","1509814260","1.11111"
"1509814260","2110504184","1.4"
"2110504184","1509814260","1.4"
"1509814260","2133353243","1.35833"
"2133353243","1509814260","1.35833"
"2110504184","2115221160","2.23333"
"2115221160","2110504184","2.23333"
"2110504184","2123159390","1.23333"
"2123159390","2110504184","1.23333"
"2110504184","2133353243","0.983333"
"2133353243","2110504184","0.983333"
"2110504184","2158477395","1.95"
"2158477395","2110504184","1.95"
"2115221160","2123159390","3.04683"
"2123159390","2115221160","3.04683"
"2115221160","2133353243","0.733333"
"2133353243","2115221160","0.733333"
"2115221160","2158477395","0.442857"
"2158477395","2115221160","0.442857"
"2123159390","2133353243","1.19167"
"2133353243","2123159390","1.19167"
"2133353243","2158477395","5.575"
"2158477395","2133353243","5.575"
"1509814260","1512847838","0.920635"
"1512847838","1509814260","0.920635"
"1509814260","2265297126","0.142857"
"2265297126","1509814260","0.142857"
"1509814260","2952834697","0.142857"
"2952834697","1509814260","0.142857"
"1512847838","2115221160","1.67063"
"2115221160","1512847838","1.67063"
"1512847838","2121800881","0.670635"
"2121800881","1512847838","0.670635"
"1512847838","2123159390","0.670635"
"2123159390","1512847838","0.670635"
"1512847838","2158477395","0.142857"
"2158477395","1512847838","0.142857"
"1512847838","2265297126","0.142857"
"2265297126","1512847838","0.142857"
"1512847838","2952834697","0.142857"
"2952834697","1512847838","0.142857"
"2115221160","2121800881","1.31349"
"2121800881","2115221160","1.31349"
"2115221160","2265297126","0.142857"
"2265297126","2115221160","0.142857"
"2115221160","2952834697","0.142857"
"2952834697","2115221160","0.142857"
"2121800881","2265297126","0.142857"
"2265297126","2121800881","0.142857"
"2121800881","2952834697","0.142857"
"2952834697","2121800881","0.142857"
"2123159390","2265297126","0.142857"
"2265297126","2123159390","0.142857"
"2123159390","2952834697","0.142857"
"2952834697","2123159390","0.142857"
"2158477395","2265297126","0.142857"
"2265297126","2158477395","0.142857"
"2158477395","2952834697","0.142857"
"2952834697","2158477395","0.142857"
"2265297126","2952834697","7.55952"
"2952834697","2265297126","7.55952"
"1509814260","75097824","1"
"75097824","1509814260","1"
"1509814260","92980254","1.375"
"92980254","1509814260","1.375"
"2121800881","75097824","0.666667"
"75097824","2121800881","0.666667"
"2121800881","92980254","0.25"
"92980254","2121800881","0.25"
"2123159390","75097824","1"
"75097824","2123159390","1"
"2123159390","92980254","0.375"
"92980254","2123159390","0.375"
"75097824","92980254","0.25"
"92980254","75097824","0.25"
"1509814260","2168718343","1.02778"
"2168718343","1509814260","1.02778"
"1512847838","2168718343","0.277778"
"2168718343","1512847838","0.277778"
"1512847838","75097824","0.166667"
"75097824","1512847838","0.166667"
"2121800881","2168718343","3.67063"
"2168718343","2121800881","3.67063"
"2123159390","2168718343","1.17063"
"2168718343","2123159390","1.17063"
"1509814260","2108220022","0.458333"
"2108220022","1509814260","0.458333"
"1509814260","2126443246","0.708333"
"2126443246","1509814260","0.708333"
"2108220022","2126443246","3.825"
"2126443246","2108220022","3.825"
"2108220022","2158477395","4.025"
"2158477395","2108220022","4.025"
"2126443246","2158477395","2.49167"
"2158477395","2126443246","2.49167"
"1509814260","2001176284","0.111111"
"2001176284","1509814260","0.111111"
"1509814260","2115386467","0.111111"
"2115386467","1509814260","0.111111"
"1509814260","2408305648","0.236111"
"2408305648","1509814260","0.236111"
"1512847838","2001176284","0.111111"
"2001176284","1512847838","0.111111"
"1512847838","2115386467","0.111111"
"2115386467","1512847838","0.111111"
"1512847838","2144606308","0.111111"
"2144606308","1512847838","0.111111"
"1512847838","2408305648","0.111111"
"2408305648","1512847838","0.111111"
"2001176284","2121800881","0.253968"
"2121800881","2001176284","0.253968"
"2001176284","2123159390","0.253968"
"2123159390","2001176284","0.253968"
"2001176284","2408305648","0.111111"
"2408305648","2001176284","0.111111"
"2115221160","2408305648","0.111111"
"2408305648","2115221160","0.111111"
"2115386467","2121800881","0.253968"
"2121800881","2115386467","0.253968"
"2115386467","2123159390","0.253968"
"2123159390","2115386467","0.253968"
"2115386467","2168718343","0.670635"
"2168718343","2115386467","0.670635"
"2115386467","2408305648","0.111111"
"2408305648","2115386467","0.111111"
"2121800881","2144606308","0.253968"
"2144606308","2121800881","0.253968"
"2121800881","2408305648","0.111111"
"2408305648","2121800881","0.111111"
"2123159390","2144606308","0.253968"
"2144606308","2123159390","0.253968"
"2123159390","2408305648","0.236111"
"2408305648","2123159390","0.236111"
"2144606308","2408305648","0.111111"
"2408305648","2144606308","0.111111"
"2168718343","2408305648","0.111111"
"2408305648","2168718343","0.111111"
"1509814260","41810505","0.25"
"41810505","1509814260","0.25"
"2121800881","41810505","0.5"
"41810505","2121800881","0.5"
"2123159390","41810505","0.5"
"41810505","2123159390","0.5"
"2168718343","41810505","0.25"
"41810505","2168718343","0.25"
"2121800881","2126443246","0.25"
"2126443246","2121800881","0.25"
"2123159390","2126443246","0.375"
"2126443246","2123159390","0.375"
"2126443246","75097824","0.25"
"75097824","2126443246","0.25"
"1509814260","2158390185","0.325"
"2158390185","1509814260","0.325"
"2110504184","2158390185","0.95"
"2158390185","2110504184","0.95"
"2115221160","2158390185","0.2"
"2158390185","2115221160","0.2"
"2123159390","2158390185","0.325"
"2158390185","2123159390","0.325"
"2133353243","2158390185","6.24167"
"2158390185","2133353243","6.24167"
"2108220022","2123159390","0.125"
"2123159390","2108220022","0.125"
"2108220022","2133353243","1.125"
"2133353243","2108220022","1.125"
"2108220022","2158390185","0.491667"
"2158390185","2108220022","0.491667"
"2108220022","2408305648","13.325"
"2408305648","2108220022","13.325"
"2108220022","92980254","0.491667"
"92980254","2108220022","0.491667"
"2126443246","2133353243","0.625"
"2133353243","2126443246","0.625"
"2126443246","2158390185","0.491667"
"2158390185","2126443246","0.491667"
"2126443246","2408305648","0.825"
"2408305648","2126443246","0.825"
"2126443246","92980254","0.491667"
"92980254","2126443246","0.491667"
"2133353243","2408305648","0.291667"
"2408305648","2133353243","0.291667"
"2133353243","92980254","0.541667"
"92980254","2133353243","0.541667"
"2158390185","2158477395","4.74167"
"2158477395","2158390185","4.74167"
"2158390185","2408305648","0.491667"
"2408305648","2158390185","0.491667"
"2158390185","92980254","0.741667"
"92980254","2158390185","0.741667"
"2158477395","2408305648","1.325"
"2408305648","2158477395","1.325"
"2158477395","92980254","1.74167"
"92980254","2158477395","1.74167"
"2408305648","92980254","0.491667"
"92980254","2408305648","0.491667"
"1512847838","2110504184","0.5"
"2110504184","1512847838","0.5"
"2133353243","75097824","0.333333"
"75097824","2133353243","0.333333"
"1512847838","41810505","1.25"
"41810505","1512847838","1.25"
"2115221160","41810505","0.25"
"41810505","2115221160","0.25"
"1939649909","1967384790","0.291667"
"1967384790","1939649909","0.291667"
"1939649909","2023843551","0.291667"
"2023843551","1939649909","0.291667"
"1939649909","2100163223","2.89167"
"2100163223","1939649909","2.89167"
"1939649909","2134383913","0.958333"
"2134383913","1939649909","0.958333"
"1939649909","997805339","0.291667"
"997805339","1939649909","0.291667"
"1967384790","2023843551","6.29167"
"2023843551","1967384790","6.29167"
"1967384790","2100163223","0.291667"
"2100163223","1967384790","0.291667"
"1967384790","2134383913","0.958333"
"2134383913","1967384790","0.958333"
"1967384790","2147064097","0.291667"
"2147064097","1967384790","0.291667"
"1967384790","997805339","13.2917"
"997805339","1967384790","13.2917"
"2023843551","2100163223","0.791667"
"2100163223","2023843551","0.791667"
"2023843551","2134383913","1.45833"
"2134383913","2023843551","1.45833"
"2023843551","2147064097","0.291667"
"2147064097","2023843551","0.291667"
"2023843551","997805339","5.79167"
"997805339","2023843551","5.79167"
"2100163223","2134383913","2.79167"
"2134383913","2100163223","2.79167"
"2100163223","2147064097","1.39167"
"2147064097","2100163223","1.39167"
"2100163223","997805339","0.291667"
"997805339","2100163223","0.291667"
"2134383913","2147064097","0.791667"
"2147064097","2134383913","0.791667"
"2134383913","997805339","1.45833"
"997805339","2134383913","1.45833"
"2147064097","997805339","0.291667"
"997805339","2147064097","0.291667"
"1967384790","2115221160","0.125"
"2115221160","1967384790","0.125"
"1967384790","2144606308","0.125"
"2144606308","1967384790","0.125"
"2023843551","2115221160","0.125"
"2115221160","2023843551","0.125"
"2023843551","2144606308","0.125"
"2144606308","2023843551","0.125"
"2100163223","2115221160","0.225"
"2115221160","2100163223","0.225"
"2100163223","2144606308","0.125"
"2144606308","2100163223","0.125"
"2115221160","2134383913","0.125"
"2134383913","2115221160","0.125"
"2115221160","997805339","0.125"
"997805339","2115221160","0.125"
"2134383913","2144606308","0.125"
"2144606308","2134383913","0.125"
"2144606308","997805339","0.125"
"997805339","2144606308","0.125"
"1939649909","2121110504","1.90952"
"2121110504","1939649909","1.90952"
"1939649909","99053925","2.90952"
"99053925","1939649909","2.90952"
"2121110504","2134383913","0.666667"
"2134383913","2121110504","0.666667"
"2121110504","99053925","14.9095"
"99053925","2121110504","14.9095"
"2134383913","99053925","0.666667"
"99053925","2134383913","0.666667"
"1939649909","2011679994","1.5"
"2011679994","1939649909","1.5"
"1939649909","2612205558","0.742857"
"2612205558","1939649909","0.742857"
"2011679994","2612205558","0.5"
"2612205558","2011679994","0.5"
"1939649909","2158477395","0.1"
"2158477395","1939649909","0.1"
"1939649909","2163010693","0.1"
"2163010693","1939649909","0.1"
"2004788871","2100163223","0.1"
"2100163223","2004788871","0.1"
"2004788871","2121110504","0.1"
"2121110504","2004788871","0.1"
"2004788871","2147064097","0.1"
"2147064097","2004788871","0.1"
"2004788871","2158477395","0.1"
"2158477395","2004788871","0.1"
"2004788871","2163010693","0.1"
"2163010693","2004788871","0.1"
"2004788871","2612205558","0.1"
"2612205558","2004788871","0.1"
"2004788871","99053925","0.1"
"99053925","2004788871","0.1"
"2100163223","2121110504","0.1"
"2121110504","2100163223","0.1"
"2100163223","2155322254","0.1"
"2155322254","2100163223","0.1"
"2100163223","2158477395","0.1"
"2158477395","2100163223","0.1"
"2100163223","2163010693","0.1"
"2163010693","2100163223","0.1"
"2100163223","2612205558","0.1"
"2612205558","2100163223","0.1"
"2100163223","99053925","0.1"
"99053925","2100163223","0.1"
"2115221160","2121110504","0.242857"
"2121110504","2115221160","0.242857"
"2115221160","2163010693","0.1"
"2163010693","2115221160","0.1"
"2115221160","2612205558","0.242857"
"2612205558","2115221160","0.242857"
"2115221160","99053925","0.492857"
"99053925","2115221160","0.492857"
"2121110504","2147064097","0.242857"
"2147064097","2121110504","0.242857"
"2121110504","2155322254","1.24286"
"2155322254","2121110504","1.24286"
"2121110504","2158477395","0.1"
"2158477395","2121110504","0.1"
"2121110504","2163010693","0.1"
"2163010693","2121110504","0.1"
"2121110504","2612205558","0.242857"
"2612205558","2121110504","0.242857"
"2147064097","2158477395","0.1"
"2158477395","2147064097","0.1"
"2147064097","2163010693","0.1"
"2163010693","2147064097","0.1"
"2147064097","2612205558","0.242857"
"2612205558","2147064097","0.242857"
"2147064097","99053925","0.242857"
"99053925","2147064097","0.242857"
"2155322254","2158477395","0.1"
"2158477395","2155322254","0.1"
"2155322254","2163010693","0.1"
"2163010693","2155322254","0.1"
"2155322254","2612205558","0.242857"
"2612205558","2155322254","0.242857"
"2155322254","99053925","1.24286"
"99053925","2155322254","1.24286"
"2158477395","2163010693","0.1"
"2163010693","2158477395","0.1"
"2158477395","2612205558","0.1"
"2612205558","2158477395","0.1"
"2158477395","99053925","0.1"
"99053925","2158477395","0.1"
"2163010693","2612205558","0.1"
"2612205558","2163010693","0.1"
"2163010693","99053925","0.1"
"99053925","2163010693","0.1"
"2612205558","99053925","0.242857"
"99053925","2612205558","0.242857"
"1982504065","2147064097","0.166667"
"2147064097","1982504065","0.166667"
"2128317658","2147064097","0.166667"
"2147064097","2128317658","0.166667"
"2147064097","2167952001","0.166667"
"2167952001","2147064097","0.166667"
"2121110504","2172031037","0.142857"
"2172031037","2121110504","0.142857"
"2172031037","2612205558","0.142857"
"2612205558","2172031037","0.142857"
"2172031037","99053925","0.142857"
"99053925","2172031037","0.142857"
"1967384790","2007159951","1.33333"
"2007159951","1967384790","1.33333"
"2007159951","2023843551","1.83333"
"2023843551","2007159951","1.83333"
"2007159951","997805339","0.333333"
"997805339","2007159951","0.333333"
"1982504065","75097824","0.5"
"75097824","1982504065","0.5"
"2004788871","75097824","0.5"
"75097824","2004788871","0.5"
"1983315663","2168718343","0.559524"
"2168718343","1983315663","0.559524"
"1983315663","75097824","0.416667"
"75097824","1983315663","0.416667"
"2115386467","75097824","0.416667"
"75097824","2115386467","0.416667"
"1983315663","2121800881","0.142857"
"2121800881","1983315663","0.142857"
"1983315663","2123159390","0.142857"
"2123159390","1983315663","0.142857"
"198800675","2004788871","0.5"
"2004788871","198800675","0.5"
"2001176284","99053925","0.25"
"99053925","2001176284","0.25"
"2115386467","99053925","0.25"
"99053925","2115386467","0.25"
"2144606308","99053925","0.25"
"99053925","2144606308","0.25"
"2007159951","2100163223","0.5"
"2100163223","2007159951","0.5"
"2030738730","2035057445","1"
"2035057445","2030738730","1"
"2035057445","37716794","1"
"37716794","2035057445","1"
"2060399391","2265297126","0.583333"
"2265297126","2060399391","0.583333"
"2060399391","2952834697","0.583333"
"2952834697","2060399391","0.583333"
"2060399391","3008827208","0.25"
"3008827208","2060399391","0.25"
"2060399391","3027990517","0.25"
"3027990517","2060399391","0.25"
"2265297126","3008827208","1.08333"
"3008827208","2265297126","1.08333"
"2265297126","3027990517","1.08333"
"3027990517","2265297126","1.08333"
"2952834697","3008827208","0.583333"
"3008827208","2952834697","0.583333"
"2952834697","3027990517","0.583333"
"3027990517","2952834697","0.583333"
"3008827208","3027990517","44.2833"
"3027990517","3008827208","44.2833"
"2060399391","6307799","0.333333"
"6307799","2060399391","0.333333"
"2265297126","6307799","0.333333"
"6307799","2265297126","0.333333"
"2952834697","6307799","1.33333"
"6307799","2952834697","1.33333"
"2092966207","2105719539","4"
"2105719539","2092966207","4"
"2100163223","37716794","1"
"37716794","2100163223","1"
"2108220022","2752302728","0.2"
"2752302728","2108220022","0.2"
"2108220022","2764414857","0.2"
"2764414857","2108220022","0.2"
"2108220022","3008827208","0.866667"
"3008827208","2108220022","0.866667"
"2108220022","3027990517","0.866667"
"3027990517","2108220022","0.866667"
"2158477395","2752302728","0.2"
"2752302728","2158477395","0.2"
"2158477395","2764414857","0.2"
"2764414857","2158477395","0.2"
"2158477395","3008827208","0.533333"
"3008827208","2158477395","0.533333"
"2158477395","3027990517","0.533333"
"3027990517","2158477395","0.533333"
"2752302728","2764414857","7.03333"
"2764414857","2752302728","7.03333"
"2752302728","3008827208","4.53333"
"3008827208","2752302728","4.53333"
"2752302728","3027990517","4.03333"
"3027990517","2752302728","4.03333"
"2764414857","3008827208","4.03333"
"3008827208","2764414857","4.03333"
"2764414857","3027990517","3.53333"
"3027990517","2764414857","3.53333"
"2126443246","3008827208","0.333333"
"3008827208","2126443246","0.333333"
"2126443246","3027990517","0.333333"
"3027990517","2126443246","0.333333"
"2110504184","2144606308","0.5"
"2144606308","2110504184","0.5"
"2110504184","92980254","0.25"
"92980254","2110504184","0.25"
"2121800881","2172031037","1"
"2172031037","2121800881","1"
"2121800881","2155322254","1"
"2155322254","2121800881","1"
"2158477395","75097824","1"
"75097824","2158477395","1"
"2238970349","3008827208","2.5"
"3008827208","2238970349","2.5"
"2238970349","3027990517","1.5"
"3027990517","2238970349","1.5"
"2238970349","2265297126","0.5"
"2265297126","2238970349","0.5"
"2238970349","2952834697","0.5"
"2952834697","2238970349","0.5"
"2295615355","6307799","1"
"6307799","2295615355","1"
