"1484543646","1495707728","2.16667"
"1495707728","1484543646","2.16667"
"1484543646","1910073463","1.83333"
"1910073463","1484543646","1.83333"
"1484543646","1767688654","1.08333"
"1767688654","1484543646","1.08333"
"1484543646","2104954161","0.333333"
"2104954161","1484543646","0.333333"
"1495707728","1767688654","0.833333"
"1767688654","1495707728","0.833333"
"1495707728","2104954161","0.333333"
"2104954161","1495707728","0.333333"
"1767688654","2104954161","0.654312"
"2104954161","1767688654","0.654312"
"1484543646","2143380456","0.25"
"2143380456","1484543646","0.25"
"1484543646","2149001708","0.25"
"2149001708","1484543646","0.25"
"1484543646","2219518514","0.75"
"2219518514","1484543646","0.75"
"1767688654","2143380456","0.461455"
"2143380456","1767688654","0.461455"
"1767688654","2149001708","0.283333"
"2149001708","1767688654","0.283333"
"1767688654","2219518514","0.25"
"2219518514","1767688654","0.25"
"2143380456","2149001708","0.283333"
"2149001708","2143380456","0.283333"
"2143380456","2219518514","0.25"
"2219518514","2143380456","0.25"
"2149001708","2219518514","1.33333"
"2219518514","2149001708","1.33333"
"1910073463","2219518514","0.75"
"2219518514","1910073463","0.75"
"1484543646","1974021718","0.5"
"1974021718","1484543646","0.5"
"1484543646","2047908203","0.5"
"2047908203","1484543646","0.5"
"1974021718","2047908203","1.83923"
"2047908203","1974021718","1.83923"
"1484543646","2133014505","0.333333"
"2133014505","1484543646","0.333333"
"1484543646","2400436330","0.333333"
"2400436330","1484543646","0.333333"
"1495707728","2133014505","0.333333"
"2133014505","1495707728","0.333333"
"1495707728","2400436330","0.333333"
"2400436330","1495707728","0.333333"
"2133014505","2400436330","0.333333"
"2400436330","2133014505","0.333333"
"1484543646","1489028199","0.333333"
"1489028199","1484543646","0.333333"
"1484543646","2290915499","0.333333"
"2290915499","1484543646","0.333333"
"1489028199","1910073463","0.583333"
"1910073463","1489028199","0.583333"
"1489028199","2290915499","0.333333"
"2290915499","1489028199","0.333333"
"1910073463","2290915499","0.333333"
"2290915499","1910073463","0.333333"
"1485782945","2028800250","1"
"2028800250","1485782945","1"
"1485782945","2118173195","6"
"2118173195","1485782945","6"
"2028800250","2118173195","0.5"
"2118173195","2028800250","0.5"
"1485782945","53283472","1"
"53283472","1485782945","1"
"2118173195","53283472","0.5"
"53283472","2118173195","0.5"
"1485782945","2112491581","1"
"2112491581","1485782945","1"
"2028800250","53283472","0.5"
"53283472","2028800250","0.5"
"1489028199","2149001708","0.75"
"2149001708","1489028199","0.75"
"1489028199","2219518514","2.25"
"2219518514","1489028199","2.25"
"1489028199","2417464336","0.25"
"2417464336","1489028199","0.25"
"1910073463","2149001708","0.25"
"2149001708","1910073463","0.25"
"1910073463","2417464336","0.25"
"2417464336","1910073463","0.25"
"2149001708","2417464336","0.25"
"2417464336","2149001708","0.25"
"2219518514","2417464336","2.25"
"2417464336","2219518514","2.25"
"1489028199","977330692","0.5"
"977330692","1489028199","0.5"
"2219518514","977330692","0.833333"
"977330692","2219518514","0.833333"
"1495707728","1516311197","1"
"1516311197","1495707728","1"
"1497257515","2097035957","3.03333"
"2097035957","1497257515","3.03333"
"1497257515","1705155330","2.03333"
"1705155330","1497257515","2.03333"
"1497257515","1974021718","0.533333"
"1974021718","1497257515","0.533333"
"1705155330","1974021718","2.91146"
"1974021718","1705155330","2.91146"
"1497257515","2129674434","1"
"2129674434","1497257515","1"
"1497257515","2130542946","0.5"
"2130542946","1497257515","0.5"
"2129674434","2130542946","0.5"
"2130542946","2129674434","0.5"
"1497257515","2104954161","0.5"
"2104954161","1497257515","0.5"
"1705155330","2104954161","6.8805"
"2104954161","1705155330","6.8805"
"1497257515","1512285215","0.0333333"
"1512285215","1497257515","0.0333333"
"1497257515","1513841824","0.0333333"
"1513841824","1497257515","0.0333333"
"1497257515","1571880665","0.0333333"
"1571880665","1497257515","0.0333333"
"1497257515","1574944490","0.0333333"
"1574944490","1497257515","0.0333333"
"1497257515","1767688654","0.0333333"
"1767688654","1497257515","0.0333333"
"1497257515","1978293800","0.0333333"
"1978293800","1497257515","0.0333333"
"1497257515","1997033370","0.0333333"
"1997033370","1497257515","0.0333333"
"1497257515","2017566675","0.0333333"
"2017566675","1497257515","0.0333333"
"1497257515","2021591567","0.0333333"
"2021591567","1497257515","0.0333333"
"1497257515","2047908203","0.0333333"
"2047908203","1497257515","0.0333333"
"1497257515","2054644843","0.0333333"
"2054644843","1497257515","0.0333333"
"1497257515","2101283866","0.0333333"
"2101283866","1497257515","0.0333333"
"1497257515","2102959957","0.0333333"
"2102959957","1497257515","0.0333333"
"1497257515","2109291294","0.0333333"
"2109291294","1497257515","0.0333333"
"1497257515","2112491581","0.0333333"
"2112491581","1497257515","0.0333333"
"1497257515","2118138066","0.0333333"
"2118138066","1497257515","0.0333333"
"1497257515","2141326125","0.0333333"
"2141326125","1497257515","0.0333333"
"1497257515","2143380456","0.0333333"
"2143380456","1497257515","0.0333333"
"1497257515","2149001708","0.0333333"
"2149001708","1497257515","0.0333333"
"1497257515","2150424096","0.0333333"
"2150424096","1497257515","0.0333333"
"1497257515","2168968494","0.0333333"
"2168968494","1497257515","0.0333333"
"1497257515","2290915499","0.0333333"
"2290915499","1497257515","0.0333333"
"1497257515","2415333164","0.0333333"
"2415333164","1497257515","0.0333333"
"1497257515","2556858519","0.0333333"
"2556858519","1497257515","0.0333333"
"1497257515","2584396730","0.0333333"
"2584396730","1497257515","0.0333333"
"1497257515","58464962","0.0333333"
"58464962","1497257515","0.0333333"
"1497257515","977330692","0.0333333"
"977330692","1497257515","0.0333333"
"1512285215","1513841824","0.211455"
"1513841824","1512285215","0.211455"
"1512285215","1571880665","0.158824"
"1571880665","1512285215","0.158824"
"1512285215","1574944490","0.152632"
"1574944490","1512285215","0.152632"
"1512285215","1705155330","0.744788"
"1705155330","1512285215","0.744788"
"1512285215","1767688654","0.211455"
"1767688654","1512285215","0.211455"
"1512285215","1974021718","0.211455"
"1974021718","1512285215","0.211455"
"1512285215","1978293800","0.366667"
"1978293800","1512285215","0.366667"
"1512285215","1997033370","0.285965"
"1997033370","1512285215","0.285965"
"1512285215","2017566675","0.0333333"
"2017566675","1512285215","0.0333333"
"1512285215","2021591567","0.0333333"
"2021591567","1512285215","0.0333333"
"1512285215","2047908203","0.144788"
"2047908203","1512285215","0.144788"
"1512285215","2054644843","0.211455"
"2054644843","1512285215","0.211455"
"1512285215","2097035957","0.411455"
"2097035957","1512285215","0.411455"
"1512285215","2101283866","0.152632"
"2101283866","1512285215","0.152632"
"1512285215","2102959957","0.211455"
"2102959957","1512285215","0.211455"
"1512285215","2109291294","0.766667"
"2109291294","1512285215","0.766667"
"1512285215","2112491581","0.0333333"
"2112491581","1512285215","0.0333333"
"1512285215","2118138066","0.0859649"
"2118138066","1512285215","0.0859649"
"1512285215","2141326125","0.544788"
"2141326125","1512285215","0.544788"
"1512285215","2143380456","0.211455"
"2143380456","1512285215","0.211455"
"1512285215","2149001708","0.0333333"
"2149001708","1512285215","0.0333333"
"1512285215","2150424096","0.358824"
"2150424096","1512285215","0.358824"
"1512285215","2168968494","0.0333333"
"2168968494","1512285215","0.0333333"
"1512285215","2290915499","0.366667"
"2290915499","1512285215","0.366667"
"1512285215","2415333164","0.0921569"
"2415333164","1512285215","0.0921569"
"1512285215","2556858519","0.0333333"
"2556858519","1512285215","0.0333333"
"1512285215","2584396730","0.0333333"
"2584396730","1512285215","0.0333333"
"1512285215","58464962","0.0333333"
"58464962","1512285215","0.0333333"
"1512285215","977330692","0.0333333"
"977330692","1512285215","0.0333333"
"1513841824","1571880665","0.992157"
"1571880665","1513841824","0.992157"
"1513841824","1574944490","0.152632"
"1574944490","1513841824","0.152632"
"1513841824","1705155330","1.22098"
"1705155330","1513841824","1.22098"
"1513841824","1767688654","1.02098"
"1767688654","1513841824","1.02098"
"1513841824","1974021718","1.41146"
"1974021718","1513841824","1.41146"
"1513841824","1978293800","0.0333333"
"1978293800","1513841824","0.0333333"
"1513841824","1997033370","0.0859649"
"1997033370","1513841824","0.0859649"
"1513841824","2017566675","0.866667"
"2017566675","1513841824","0.866667"
"1513841824","2021591567","0.0333333"
"2021591567","1513841824","0.0333333"
"1513841824","2047908203","0.144788"
"2047908203","1513841824","0.144788"
"1513841824","2054644843","0.211455"
"2054644843","1513841824","0.211455"
"1513841824","2097035957","0.211455"
"2097035957","1513841824","0.211455"
"1513841824","2101283866","0.152632"
"2101283866","1513841824","0.152632"
"1513841824","2102959957","0.544788"
"2102959957","1513841824","0.544788"
"1513841824","2109291294","0.1"
"2109291294","1513841824","0.1"
"1513841824","2112491581","0.0333333"
"2112491581","1513841824","0.0333333"
"1513841824","2118138066","0.0859649"
"2118138066","1513841824","0.0859649"
"1513841824","2141326125","1.68765"
"2141326125","1513841824","1.68765"
"1513841824","2143380456","0.211455"
"2143380456","1513841824","0.211455"
"1513841824","2149001708","0.0333333"
"2149001708","1513841824","0.0333333"
"1513841824","2150424096","0.158824"
"2150424096","1513841824","0.158824"
"1513841824","2168968494","0.0333333"
"2168968494","1513841824","0.0333333"
"1513841824","2290915499","0.0333333"
"2290915499","1513841824","0.0333333"
"1513841824","2415333164","0.0921569"
"2415333164","1513841824","0.0921569"
"1513841824","2556858519","0.0333333"
"2556858519","1513841824","0.0333333"
"1513841824","2584396730","0.0333333"
"2584396730","1513841824","0.0333333"
"1513841824","58464962","0.0333333"
"58464962","1513841824","0.0333333"
"1513841824","977330692","0.0333333"
"977330692","1513841824","0.0333333"
"1571880665","1574944490","0.1"
"1574944490","1571880665","0.1"
"1571880665","1705155330","3.69216"
"1705155330","1571880665","3.69216"
"1571880665","1767688654","0.492157"
"1767688654","1571880665","0.492157"
"1571880665","1974021718","0.158824"
"1974021718","1571880665","0.158824"
"1571880665","1978293800","0.0333333"
"1978293800","1571880665","0.0333333"
"1571880665","1997033370","0.0333333"
"1997033370","1571880665","0.0333333"
"1571880665","2017566675","0.866667"
"2017566675","1571880665","0.866667"
"1571880665","2021591567","0.2"
"2021591567","1571880665","0.2"
"1571880665","2047908203","0.292157"
"2047908203","1571880665","0.292157"
"1571880665","2054644843","0.158824"
"2054644843","1571880665","0.158824"
"1571880665","2097035957","0.358824"
"2097035957","1571880665","0.358824"
"1571880665","2101283866","0.1"
"2101283866","1571880665","0.1"
"1571880665","2102959957","0.158824"
"2102959957","1571880665","0.158824"
"1571880665","2109291294","0.6"
"2109291294","1571880665","0.6"
"1571880665","2112491581","0.0333333"
"2112491581","1571880665","0.0333333"
"1571880665","2118138066","0.0333333"
"2118138066","1571880665","0.0333333"
"1571880665","2141326125","0.32549"
"2141326125","1571880665","0.32549"
"1571880665","2143380456","0.158824"
"2143380456","1571880665","0.158824"
"1571880665","2149001708","0.0333333"
"2149001708","1571880665","0.0333333"
"1571880665","2150424096","1.02549"
"2150424096","1571880665","1.02549"
"1571880665","2168968494","0.0333333"
"2168968494","1571880665","0.0333333"
"1571880665","2290915499","0.0333333"
"2290915499","1571880665","0.0333333"
"1571880665","2415333164","0.0921569"
"2415333164","1571880665","0.0921569"
"1571880665","2556858519","0.0333333"
"2556858519","1571880665","0.0333333"
"1571880665","2584396730","0.0333333"
"2584396730","1571880665","0.0333333"
"1571880665","58464962","0.2"
"58464962","1571880665","0.2"
"1571880665","977330692","0.0333333"
"977330692","1571880665","0.0333333"
"1574944490","1705155330","0.839933"
"1705155330","1574944490","0.839933"
"1574944490","1767688654","0.152632"
"1767688654","1574944490","0.152632"
"1574944490","1974021718","0.152632"
"1974021718","1574944490","0.152632"
"1574944490","1978293800","0.0333333"
"1978293800","1574944490","0.0333333"
"1574944490","1997033370","1.85263"
"1997033370","1574944490","1.85263"
"1574944490","2017566675","0.0333333"
"2017566675","1574944490","0.0333333"
"1574944490","2021591567","0.0333333"
"2021591567","1574944490","0.0333333"
"1574944490","2047908203","0.297076"
"2047908203","1574944490","0.297076"
"1574944490","2054644843","0.235965"
"2054644843","1574944490","0.235965"
"1574944490","2097035957","0.923266"
"2097035957","1574944490","0.923266"
"1574944490","2101283866","0.447076"
"2101283866","1574944490","0.447076"
"1574944490","2102959957","0.152632"
"2102959957","1574944490","0.152632"
"1574944490","2109291294","0.2"
"2109291294","1574944490","0.2"
"1574944490","2112491581","0.0333333"
"2112491581","1574944490","0.0333333"
"1574944490","2118138066","0.589933"
"2118138066","1574944490","0.589933"
"1574944490","2141326125","0.235965"
"2141326125","1574944490","0.235965"
"1574944490","2143380456","0.680409"
"2143380456","1574944490","0.680409"
"1574944490","2149001708","0.0333333"
"2149001708","1574944490","0.0333333"
"1574944490","2150424096","2.97778"
"2150424096","1574944490","2.97778"
"1574944490","2168968494","0.0333333"
"2168968494","1574944490","0.0333333"
"1574944490","2290915499","0.0333333"
"2290915499","1574944490","0.0333333"
"1574944490","2415333164","0.0333333"
"2415333164","1574944490","0.0333333"
"1574944490","2556858519","0.0333333"
"2556858519","1574944490","0.0333333"
"1574944490","2584396730","0.0333333"
"2584396730","1574944490","0.0333333"
"1574944490","58464962","0.0333333"
"58464962","1574944490","0.0333333"
"1574944490","977330692","0.0333333"
"977330692","1574944490","0.0333333"
"1705155330","1767688654","1.02098"
"1767688654","1705155330","1.02098"
"1705155330","1978293800","1.08889"
"1978293800","1705155330","1.08889"
"1705155330","1997033370","1.74708"
"1997033370","1705155330","1.74708"
"1705155330","2017566675","1.7"
"2017566675","1705155330","1.7"
"1705155330","2021591567","1.2"
"2021591567","1705155330","1.2"
"1705155330","2047908203","0.778122"
"2047908203","1705155330","0.778122"
"1705155330","2054644843","0.4059"
"2054644843","1705155330","0.4059"
"1705155330","2097035957","1.65987"
"2097035957","1705155330","1.65987"
"1705155330","2101283866","1.44708"
"2101283866","1705155330","1.44708"
"1705155330","2102959957","1.21146"
"2102959957","1705155330","1.21146"
"1705155330","2109291294","1.31111"
"2109291294","1705155330","1.31111"
"1705155330","2112491581","0.0333333"
"2112491581","1705155330","0.0333333"
"1705155330","2118138066","2.11771"
"2118138066","1705155330","2.11771"
"1705155330","2141326125","1.65987"
"2141326125","1705155330","1.65987"
"1705155330","2143380456","0.4059"
"2143380456","1705155330","0.4059"
"1705155330","2149001708","0.2"
"2149001708","1705155330","0.2"
"1705155330","2150424096","3.04771"
"2150424096","1705155330","3.04771"
"1705155330","2168968494","0.0333333"
"2168968494","1705155330","0.0333333"
"1705155330","2290915499","0.0333333"
"2290915499","1705155330","0.0333333"
"1705155330","2415333164","0.0921569"
"2415333164","1705155330","0.0921569"
"1705155330","2556858519","0.0333333"
"2556858519","1705155330","0.0333333"
"1705155330","2584396730","0.366667"
"2584396730","1705155330","0.366667"
"1705155330","58464962","1.2"
"58464962","1705155330","1.2"
"1705155330","977330692","0.144444"
"977330692","1705155330","0.144444"
"1767688654","1974021718","0.211455"
"1974021718","1767688654","0.211455"
"1767688654","1978293800","0.0333333"
"1978293800","1767688654","0.0333333"
"1767688654","1997033370","0.0859649"
"1997033370","1767688654","0.0859649"
"1767688654","2017566675","0.366667"
"2017566675","1767688654","0.366667"
"1767688654","2021591567","0.0333333"
"2021591567","1767688654","0.0333333"
"1767688654","2047908203","0.144788"
"2047908203","1767688654","0.144788"
"1767688654","2054644843","0.211455"
"2054644843","1767688654","0.211455"
"1767688654","2097035957","0.211455"
"2097035957","1767688654","0.211455"
"1767688654","2101283866","0.152632"
"2101283866","1767688654","0.152632"
"1767688654","2102959957","0.211455"
"2102959957","1767688654","0.211455"
"1767688654","2109291294","0.1"
"2109291294","1767688654","0.1"
"1767688654","2112491581","0.0333333"
"2112491581","1767688654","0.0333333"
"1767688654","2118138066","0.0859649"
"2118138066","1767688654","0.0859649"
"1767688654","2141326125","0.354312"
"2141326125","1767688654","0.354312"
"1767688654","2150424096","0.158824"
"2150424096","1767688654","0.158824"
"1767688654","2168968494","0.0333333"
"2168968494","1767688654","0.0333333"
"1767688654","2290915499","0.0333333"
"2290915499","1767688654","0.0333333"
"1767688654","2415333164","0.0921569"
"2415333164","1767688654","0.0921569"
"1767688654","2556858519","0.0333333"
"2556858519","1767688654","0.0333333"
"1767688654","2584396730","0.0333333"
"2584396730","1767688654","0.0333333"
"1767688654","58464962","0.0333333"
"58464962","1767688654","0.0333333"
"1767688654","977330692","0.0333333"
"977330692","1767688654","0.0333333"
"1974021718","1978293800","0.0333333"
"1978293800","1974021718","0.0333333"
"1974021718","1997033370","0.0859649"
"1997033370","1974021718","0.0859649"
"1974021718","2017566675","0.0333333"
"2017566675","1974021718","0.0333333"
"1974021718","2021591567","0.0333333"
"2021591567","1974021718","0.0333333"
"1974021718","2054644843","0.211455"
"2054644843","1974021718","0.211455"
"1974021718","2097035957","0.322566"
"2097035957","1974021718","0.322566"
"1974021718","2101283866","0.847076"
"2101283866","1974021718","0.847076"
"1974021718","2102959957","0.322566"
"2102959957","1974021718","0.322566"
"1974021718","2109291294","0.1"
"2109291294","1974021718","0.1"
"1974021718","2112491581","0.0333333"
"2112491581","1974021718","0.0333333"
"1974021718","2118138066","0.197076"
"2118138066","1974021718","0.197076"
"1974021718","2141326125","0.211455"
"2141326125","1974021718","0.211455"
"1974021718","2143380456","0.211455"
"2143380456","1974021718","0.211455"
"1974021718","2149001708","0.0333333"
"2149001708","1974021718","0.0333333"
"1974021718","2150424096","0.158824"
"2150424096","1974021718","0.158824"
"1974021718","2168968494","0.0333333"
"2168968494","1974021718","0.0333333"
"1974021718","2290915499","0.0333333"
"2290915499","1974021718","0.0333333"
"1974021718","2415333164","0.0921569"
"2415333164","1974021718","0.0921569"
"1974021718","2556858519","0.0333333"
"2556858519","1974021718","0.0333333"
"1974021718","2584396730","0.0333333"
"2584396730","1974021718","0.0333333"
"1974021718","58464962","0.0333333"
"58464962","1974021718","0.0333333"
"1974021718","977330692","0.0333333"
"977330692","1974021718","0.0333333"
"1978293800","1997033370","0.394444"
"1997033370","1978293800","0.394444"
"1978293800","2017566675","0.0333333"
"2017566675","1978293800","0.0333333"
"1978293800","2021591567","0.0333333"
"2021591567","1978293800","0.0333333"
"1978293800","2047908203","0.255556"
"2047908203","1978293800","0.255556"
"1978293800","2054644843","0.144444"
"2054644843","1978293800","0.144444"
"1978293800","2097035957","0.644444"
"2097035957","1978293800","0.644444"
"1978293800","2101283866","0.0333333"
"2101283866","1978293800","0.0333333"
"1978293800","2102959957","0.0333333"
"2102959957","1978293800","0.0333333"
"1978293800","2109291294","0.477778"
"2109291294","1978293800","0.477778"
"1978293800","2112491581","0.0333333"
"2112491581","1978293800","0.0333333"
"1978293800","2118138066","0.144444"
"2118138066","1978293800","0.144444"
"1978293800","2141326125","0.255556"
"2141326125","1978293800","0.255556"
"1978293800","2143380456","0.0333333"
"2143380456","1978293800","0.0333333"
"1978293800","2149001708","0.0333333"
"2149001708","1978293800","0.0333333"
"1978293800","2150424096","0.644444"
"2150424096","1978293800","0.644444"
"1978293800","2168968494","0.0333333"
"2168968494","1978293800","0.0333333"
"1978293800","2290915499","0.0333333"
"2290915499","1978293800","0.0333333"
"1978293800","2415333164","0.0333333"
"2415333164","1978293800","0.0333333"
"1978293800","2556858519","0.0333333"
"2556858519","1978293800","0.0333333"
"1978293800","2584396730","0.0333333"
"2584396730","1978293800","0.0333333"
"1978293800","58464962","0.0333333"
"58464962","1978293800","0.0333333"
"1978293800","977330692","0.144444"
"977330692","1978293800","0.144444"
"1997033370","2017566675","0.0333333"
"2017566675","1997033370","0.0333333"
"1997033370","2021591567","0.0333333"
"2021591567","1997033370","0.0333333"
"1997033370","2047908203","0.297076"
"2047908203","1997033370","0.297076"
"1997033370","2054644843","0.169298"
"2054644843","1997033370","0.169298"
"1997033370","2097035957","0.830409"
"2097035957","1997033370","0.830409"
"1997033370","2101283866","0.269298"
"2101283866","1997033370","0.269298"
"1997033370","2102959957","0.0859649"
"2102959957","1997033370","0.0859649"
"1997033370","2109291294","0.3"
"2109291294","1997033370","0.3"
"1997033370","2112491581","0.0333333"
"2112491581","1997033370","0.0333333"
"1997033370","2118138066","0.752632"
"2118138066","1997033370","0.752632"
"1997033370","2141326125","0.447076"
"2141326125","1997033370","0.447076"
"1997033370","2143380456","0.169298"
"2143380456","1997033370","0.169298"
"1997033370","2149001708","0.533333"
"2149001708","1997033370","0.533333"
"1997033370","2150424096","1.02778"
"2150424096","1997033370","1.02778"
"1997033370","2168968494","0.0333333"
"2168968494","1997033370","0.0333333"
"1997033370","2290915499","0.0333333"
"2290915499","1997033370","0.0333333"
"1997033370","2415333164","0.0333333"
"2415333164","1997033370","0.0333333"
"1997033370","2556858519","0.0333333"
"2556858519","1997033370","0.0333333"
"1997033370","2584396730","0.0333333"
"2584396730","1997033370","0.0333333"
"1997033370","58464962","0.0333333"
"58464962","1997033370","0.0333333"
"1997033370","977330692","2.81111"
"977330692","1997033370","2.81111"
"2017566675","2021591567","0.0333333"
"2021591567","2017566675","0.0333333"
"2017566675","2047908203","0.0333333"
"2047908203","2017566675","0.0333333"
"2017566675","2054644843","0.0333333"
"2054644843","2017566675","0.0333333"
"2017566675","2097035957","0.0333333"
"2097035957","2017566675","0.0333333"
"2017566675","2101283866","0.0333333"
"2101283866","2017566675","0.0333333"
"2017566675","2102959957","0.0333333"
"2102959957","2017566675","0.0333333"
"2017566675","2109291294","0.366667"
"2109291294","2017566675","0.366667"
"2017566675","2112491581","0.0333333"
"2112491581","2017566675","0.0333333"
"2017566675","2118138066","0.0333333"
"2118138066","2017566675","0.0333333"
"2017566675","2141326125","0.0333333"
"2141326125","2017566675","0.0333333"
"2017566675","2143380456","0.0333333"
"2143380456","2017566675","0.0333333"
"2017566675","2149001708","0.0333333"
"2149001708","2017566675","0.0333333"
"2017566675","2150424096","0.0333333"
"2150424096","2017566675","0.0333333"
"2017566675","2168968494","0.0333333"
"2168968494","2017566675","0.0333333"
"2017566675","2290915499","0.0333333"
"2290915499","2017566675","0.0333333"
"2017566675","2415333164","0.0333333"
"2415333164","2017566675","0.0333333"
"2017566675","2556858519","0.0333333"
"2556858519","2017566675","0.0333333"
"2017566675","2584396730","0.0333333"
"2584396730","2017566675","0.0333333"
"2017566675","58464962","0.0333333"
"58464962","2017566675","0.0333333"
"2017566675","977330692","0.0333333"
"977330692","2017566675","0.0333333"
"2021591567","2047908203","0.0333333"
"2047908203","2021591567","0.0333333"
"2021591567","2054644843","0.0333333"
"2054644843","2021591567","0.0333333"
"2021591567","2097035957","0.0333333"
"2097035957","2021591567","0.0333333"
"2021591567","2101283866","0.0333333"
"2101283866","2021591567","0.0333333"
"2021591567","2102959957","0.0333333"
"2102959957","2021591567","0.0333333"
"2021591567","2109291294","0.2"
"2109291294","2021591567","0.2"
"2021591567","2112491581","0.0333333"
"2112491581","2021591567","0.0333333"
"2021591567","2118138066","0.0333333"
"2118138066","2021591567","0.0333333"
"2021591567","2141326125","0.2"
"2141326125","2021591567","0.2"
"2021591567","2143380456","0.0333333"
"2143380456","2021591567","0.0333333"
"2021591567","2149001708","0.0333333"
"2149001708","2021591567","0.0333333"
"2021591567","2150424096","0.2"
"2150424096","2021591567","0.2"
"2021591567","2168968494","0.0333333"
"2168968494","2021591567","0.0333333"
"2021591567","2290915499","0.0333333"
"2290915499","2021591567","0.0333333"
"2021591567","2415333164","0.0333333"
"2415333164","2021591567","0.0333333"
"2021591567","2556858519","0.0333333"
"2556858519","2021591567","0.0333333"
"2021591567","2584396730","0.0333333"
"2584396730","2021591567","0.0333333"
"2021591567","58464962","4.2"
"58464962","2021591567","4.2"
"2021591567","977330692","0.0333333"
"977330692","2021591567","0.0333333"
"2047908203","2054644843","0.2559"
"2054644843","2047908203","0.2559"
"2047908203","2097035957","0.778122"
"2097035957","2047908203","0.778122"
"2047908203","2101283866","0.99152"
"2101283866","2047908203","0.99152"
"2047908203","2102959957","0.2559"
"2102959957","2047908203","0.2559"
"2047908203","2109291294","0.244444"
"2109291294","2047908203","0.244444"
"2047908203","2112491581","0.0333333"
"2112491581","2047908203","0.0333333"
"2047908203","2118138066","0.419298"
"2118138066","2047908203","0.419298"
"2047908203","2141326125","0.367011"
"2141326125","2047908203","0.367011"
"2047908203","2143380456","0.2559"
"2143380456","2047908203","0.2559"
"2047908203","2149001708","0.0333333"
"2149001708","2047908203","0.0333333"
"2047908203","2150424096","0.614379"
"2150424096","2047908203","0.614379"
"2047908203","2168968494","0.0333333"
"2168968494","2047908203","0.0333333"
"2047908203","2290915499","0.0333333"
"2290915499","2047908203","0.0333333"
"2047908203","2415333164","0.0921569"
"2415333164","2047908203","0.0921569"
"2047908203","2556858519","0.0333333"
"2556858519","2047908203","0.0333333"
"2047908203","2584396730","0.0333333"
"2584396730","2047908203","0.0333333"
"2047908203","58464962","0.0333333"
"58464962","2047908203","0.0333333"
"2047908203","977330692","0.144444"
"977330692","2047908203","0.144444"
"2054644843","2097035957","0.294788"
"2097035957","2054644843","0.294788"
"2054644843","2101283866","0.235965"
"2101283866","2054644843","0.235965"
"2054644843","2102959957","0.461455"
"2102959957","2054644843","0.461455"
"2054644843","2109291294","0.211111"
"2109291294","2054644843","0.211111"
"2054644843","2112491581","0.0333333"
"2112491581","2054644843","0.0333333"
"2054644843","2118138066","0.197076"
"2118138066","2054644843","0.197076"
"2054644843","2141326125","0.4059"
"2141326125","2054644843","0.4059"
"2054644843","2143380456","0.294788"
"2143380456","2054644843","0.294788"
"2054644843","2149001708","0.0333333"
"2149001708","2054644843","0.0333333"
"2054644843","2150424096","0.158824"
"2150424096","2054644843","0.158824"
"2054644843","2168968494","0.0333333"
"2168968494","2054644843","0.0333333"
"2054644843","2290915499","0.0333333"
"2290915499","2054644843","0.0333333"
"2054644843","2415333164","0.0921569"
"2415333164","2054644843","0.0921569"
"2054644843","2556858519","0.0333333"
"2556858519","2054644843","0.0333333"
"2054644843","2584396730","0.0333333"
"2584396730","2054644843","0.0333333"
"2054644843","58464962","0.0333333"
"58464962","2054644843","0.0333333"
"2054644843","977330692","0.0333333"
"977330692","2054644843","0.0333333"
"2097035957","2101283866","0.558187"
"2101283866","2097035957","0.558187"
"2097035957","2102959957","0.447566"
"2102959957","2097035957","0.447566"
"2097035957","2109291294","0.2"
"2109291294","2097035957","0.2"
"2097035957","2112491581","0.0333333"
"2112491581","2097035957","0.0333333"
"2097035957","2118138066","0.576044"
"2118138066","2097035957","0.576044"
"2097035957","2141326125","0.5309"
"2141326125","2097035957","0.5309"
"2097035957","2143380456","0.5309"
"2143380456","2097035957","0.5309"
"2097035957","2149001708","0.0333333"
"2149001708","2097035957","0.0333333"
"2097035957","2150424096","1.38105"
"2150424096","2097035957","1.38105"
"2097035957","2168968494","0.0333333"
"2168968494","2097035957","0.0333333"
"2097035957","2290915499","0.0333333"
"2290915499","2097035957","0.0333333"
"2097035957","2415333164","0.0921569"
"2415333164","2097035957","0.0921569"
"2097035957","2556858519","0.0333333"
"2556858519","2097035957","0.0333333"
"2097035957","2584396730","0.0333333"
"2584396730","2097035957","0.0333333"
"2097035957","58464962","0.0333333"
"58464962","2097035957","0.0333333"
"2097035957","977330692","0.144444"
"977330692","2097035957","0.144444"
"2101283866","2102959957","0.263743"
"2102959957","2101283866","0.263743"
"2101283866","2109291294","0.2"
"2109291294","2101283866","0.2"
"2101283866","2112491581","0.0333333"
"2112491581","2101283866","0.0333333"
"2101283866","2118138066","0.308187"
"2118138066","2101283866","0.308187"
"2101283866","2141326125","0.235965"
"2141326125","2101283866","0.235965"
"2101283866","2143380456","0.347076"
"2143380456","2101283866","0.347076"
"2101283866","2149001708","0.0333333"
"2149001708","2101283866","0.0333333"
"2101283866","2150424096","0.311111"
"2150424096","2101283866","0.311111"
"2101283866","2168968494","0.0333333"
"2168968494","2101283866","0.0333333"
"2101283866","2290915499","0.0333333"
"2290915499","2101283866","0.0333333"
"2101283866","2415333164","0.0333333"
"2415333164","2101283866","0.0333333"
"2101283866","2556858519","0.0333333"
"2556858519","2101283866","0.0333333"
"2101283866","2584396730","0.0333333"
"2584396730","2101283866","0.0333333"
"2101283866","58464962","0.0333333"
"58464962","2101283866","0.0333333"
"2101283866","977330692","0.0333333"
"977330692","2101283866","0.0333333"
"2102959957","2109291294","0.1"
"2109291294","2102959957","0.1"
"2102959957","2112491581","0.0333333"
"2112491581","2102959957","0.0333333"
"2102959957","2118138066","0.322076"
"2118138066","2102959957","0.322076"
"2102959957","2141326125","0.669788"
"2141326125","2102959957","0.669788"
"2102959957","2143380456","0.336455"
"2143380456","2102959957","0.336455"
"2102959957","2149001708","0.0333333"
"2149001708","2102959957","0.0333333"
"2102959957","2150424096","0.158824"
"2150424096","2102959957","0.158824"
"2102959957","2168968494","0.0333333"
"2168968494","2102959957","0.0333333"
"2102959957","2290915499","0.0333333"
"2290915499","2102959957","0.0333333"
"2102959957","2415333164","0.0921569"
"2415333164","2102959957","0.0921569"
"2102959957","2556858519","0.0333333"
"2556858519","2102959957","0.0333333"
"2102959957","2584396730","0.0333333"
"2584396730","2102959957","0.0333333"
"2102959957","58464962","0.0333333"
"58464962","2102959957","0.0333333"
"2102959957","977330692","0.0333333"
"977330692","2102959957","0.0333333"
"2109291294","2112491581","0.0333333"
"2112491581","2109291294","0.0333333"
"2109291294","2118138066","0.311111"
"2118138066","2109291294","0.311111"
"2109291294","2141326125","0.877778"
"2141326125","2109291294","0.877778"
"2109291294","2143380456","0.1"
"2143380456","2109291294","0.1"
"2109291294","2149001708","0.2"
"2149001708","2109291294","0.2"
"2109291294","2150424096","0.366667"
"2150424096","2109291294","0.366667"
"2109291294","2168968494","0.0333333"
"2168968494","2109291294","0.0333333"
"2109291294","2290915499","0.366667"
"2290915499","2109291294","0.366667"
"2109291294","2415333164","0.0333333"
"2415333164","2109291294","0.0333333"
"2109291294","2556858519","0.0333333"
"2556858519","2109291294","0.0333333"
"2109291294","2584396730","0.0333333"
"2584396730","2109291294","0.0333333"
"2109291294","58464962","0.2"
"58464962","2109291294","0.2"
"2109291294","977330692","0.0333333"
"977330692","2109291294","0.0333333"
"2112491581","2118138066","0.0333333"
"2118138066","2112491581","0.0333333"
"2112491581","2141326125","0.0333333"
"2141326125","2112491581","0.0333333"
"2112491581","2143380456","0.0333333"
"2143380456","2112491581","0.0333333"
"2112491581","2149001708","0.0333333"
"2149001708","2112491581","0.0333333"
"2112491581","2150424096","0.0333333"
"2150424096","2112491581","0.0333333"
"2112491581","2168968494","0.0333333"
"2168968494","2112491581","0.0333333"
"2112491581","2290915499","0.0333333"
"2290915499","2112491581","0.0333333"
"2112491581","2415333164","0.0333333"
"2415333164","2112491581","0.0333333"
"2112491581","2556858519","0.0333333"
"2556858519","2112491581","0.0333333"
"2112491581","2584396730","0.0333333"
"2584396730","2112491581","0.0333333"
"2112491581","58464962","0.0333333"
"58464962","2112491581","0.0333333"
"2112491581","977330692","0.0333333"
"977330692","2112491581","0.0333333"
"2118138066","2141326125","1.15541"
"2141326125","2118138066","1.15541"
"2118138066","2143380456","0.572076"
"2143380456","2118138066","0.572076"
"2118138066","2149001708","0.2"
"2149001708","2118138066","0.2"
"2118138066","2150424096","0.144444"
"2150424096","2118138066","0.144444"
"2118138066","2168968494","0.0333333"
"2168968494","2118138066","0.0333333"
"2118138066","2290915499","0.0333333"
"2290915499","2118138066","0.0333333"
"2118138066","2415333164","0.0333333"
"2415333164","2118138066","0.0333333"
"2118138066","2556858519","0.0333333"
"2556858519","2118138066","0.0333333"
"2118138066","2584396730","0.366667"
"2584396730","2118138066","0.366667"
"2118138066","58464962","0.0333333"
"58464962","2118138066","0.0333333"
"2118138066","977330692","0.0333333"
"977330692","2118138066","0.0333333"
"2141326125","2143380456","0.419788"
"2143380456","2141326125","0.419788"
"2141326125","2149001708","0.2"
"2149001708","2141326125","0.2"
"2141326125","2150424096","0.436601"
"2150424096","2141326125","0.436601"
"2141326125","2168968494","0.0333333"
"2168968494","2141326125","0.0333333"
"2141326125","2290915499","0.366667"
"2290915499","2141326125","0.366667"
"2141326125","2415333164","0.0921569"
"2415333164","2141326125","0.0921569"
"2141326125","2556858519","0.0333333"
"2556858519","2141326125","0.0333333"
"2141326125","2584396730","0.0333333"
"2584396730","2141326125","0.0333333"
"2141326125","58464962","0.2"
"58464962","2141326125","0.2"
"2141326125","977330692","0.144444"
"977330692","2141326125","0.144444"
"2143380456","2150424096","0.603268"
"2150424096","2143380456","0.603268"
"2143380456","2168968494","0.0333333"
"2168968494","2143380456","0.0333333"
"2143380456","2290915499","0.0333333"
"2290915499","2143380456","0.0333333"
"2143380456","2415333164","0.592157"
"2415333164","2143380456","0.592157"
"2143380456","2556858519","0.0333333"
"2556858519","2143380456","0.0333333"
"2143380456","2584396730","0.0333333"
"2584396730","2143380456","0.0333333"
"2143380456","58464962","0.0333333"
"58464962","2143380456","0.0333333"
"2143380456","977330692","0.0333333"
"977330692","2143380456","0.0333333"
"2149001708","2150424096","0.0333333"
"2150424096","2149001708","0.0333333"
"2149001708","2168968494","0.0333333"
"2168968494","2149001708","0.0333333"
"2149001708","2290915499","0.0333333"
"2290915499","2149001708","0.0333333"
"2149001708","2415333164","0.0333333"
"2415333164","2149001708","0.0333333"
"2149001708","2556858519","0.0333333"
"2556858519","2149001708","0.0333333"
"2149001708","2584396730","0.0333333"
"2584396730","2149001708","0.0333333"
"2149001708","58464962","0.0333333"
"58464962","2149001708","0.0333333"
"2149001708","977330692","0.366667"
"977330692","2149001708","0.366667"
"2150424096","2168968494","0.0333333"
"2168968494","2150424096","0.0333333"
"2150424096","2290915499","0.0333333"
"2290915499","2150424096","0.0333333"
"2150424096","2415333164","0.0921569"
"2415333164","2150424096","0.0921569"
"2150424096","2556858519","0.0333333"
"2556858519","2150424096","0.0333333"
"2150424096","2584396730","0.0333333"
"2584396730","2150424096","0.0333333"
"2150424096","58464962","0.2"
"58464962","2150424096","0.2"
"2150424096","977330692","0.144444"
"977330692","2150424096","0.144444"
"2168968494","2290915499","0.0333333"
"2290915499","2168968494","0.0333333"
"2168968494","2415333164","0.0333333"
"2415333164","2168968494","0.0333333"
"2168968494","2556858519","0.0333333"
"2556858519","2168968494","0.0333333"
"2168968494","2584396730","0.0333333"
"2584396730","2168968494","0.0333333"
"2168968494","58464962","0.0333333"
"58464962","2168968494","0.0333333"
"2168968494","977330692","0.0333333"
"977330692","2168968494","0.0333333"
"2290915499","2415333164","0.0333333"
"2415333164","2290915499","0.0333333"
"2290915499","2556858519","0.0333333"
"2556858519","2290915499","0.0333333"
"2290915499","2584396730","0.0333333"
"2584396730","2290915499","0.0333333"
"2290915499","58464962","0.0333333"
"58464962","2290915499","0.0333333"
"2290915499","977330692","0.366667"
"977330692","2290915499","0.366667"
"2415333164","2556858519","0.0333333"
"2556858519","2415333164","0.0333333"
"2415333164","2584396730","0.0333333"
"2584396730","2415333164","0.0333333"
"2415333164","58464962","0.0333333"
"58464962","2415333164","0.0333333"
"2415333164","977330692","0.0333333"
"977330692","2415333164","0.0333333"
"2556858519","2584396730","0.0333333"
"2584396730","2556858519","0.0333333"
"2556858519","58464962","0.0333333"
"58464962","2556858519","0.0333333"
"2556858519","977330692","0.0333333"
"977330692","2556858519","0.0333333"
"2584396730","58464962","0.0333333"
"58464962","2584396730","0.0333333"
"2584396730","977330692","0.0333333"
"977330692","2584396730","0.0333333"
"58464962","977330692","0.0333333"
"977330692","58464962","0.0333333"
"1497257515","195438148","0.5"
"195438148","1497257515","0.5"
"195438148","2129674434","4"
"2129674434","195438148","4"
"1512285215","1524011117","0.0588235"
"1524011117","1512285215","0.0588235"
"1512285215","1569583874","0.0588235"
"1569583874","1512285215","0.0588235"
"1512285215","2104954161","0.378122"
"2104954161","1512285215","0.378122"
"1512285215","2397577998","0.0588235"
"2397577998","1512285215","0.0588235"
"1513841824","1524011117","0.0588235"
"1524011117","1513841824","0.0588235"
"1513841824","1569583874","0.401681"
"1569583874","1513841824","0.401681"
"1513841824","2104954161","0.320979"
"2104954161","1513841824","0.320979"
"1513841824","2397577998","0.0588235"
"2397577998","1513841824","0.0588235"
"1524011117","1569583874","0.0588235"
"1569583874","1524011117","0.0588235"
"1524011117","1571880665","0.0588235"
"1571880665","1524011117","0.0588235"
"1524011117","1705155330","1.05882"
"1705155330","1524011117","1.05882"
"1524011117","1767688654","0.0588235"
"1767688654","1524011117","0.0588235"
"1524011117","1974021718","0.0588235"
"1974021718","1524011117","0.0588235"
"1524011117","2047908203","0.0588235"
"2047908203","1524011117","0.0588235"
"1524011117","2054644843","0.308824"
"2054644843","1524011117","0.308824"
"1524011117","2097035957","0.0588235"
"2097035957","1524011117","0.0588235"
"1524011117","2102959957","0.308824"
"2102959957","1524011117","0.308824"
"1524011117","2104954161","0.0588235"
"2104954161","1524011117","0.0588235"
"1524011117","2141326125","0.0588235"
"2141326125","1524011117","0.0588235"
"1524011117","2143380456","0.0588235"
"2143380456","1524011117","0.0588235"
"1524011117","2150424096","0.0588235"
"2150424096","1524011117","0.0588235"
"1524011117","2397577998","0.0588235"
"2397577998","1524011117","0.0588235"
"1524011117","2415333164","0.0588235"
"2415333164","1524011117","0.0588235"
"1569583874","1571880665","0.0588235"
"1571880665","1569583874","0.0588235"
"1569583874","1705155330","2.55724"
"1705155330","1569583874","2.55724"
"1569583874","1767688654","0.201681"
"1767688654","1569583874","0.201681"
"1569583874","1974021718","1.45327"
"1974021718","1569583874","1.45327"
"1569583874","2047908203","3.57549"
"2047908203","1569583874","3.57549"
"1569583874","2054644843","0.253268"
"2054644843","1569583874","0.253268"
"1569583874","2097035957","0.464379"
