"1483926990","1583574052","0.342857"
"1583574052","1483926990","0.342857"
"1483926990","2115837944","0.509524"
"2115837944","1483926990","0.509524"
"1483926990","2127766933","0.542857"
"2127766933","1483926990","0.542857"
"1483926990","245142580","9.40952"
"245142580","1483926990","9.40952"
"1483926990","613409586","0.342857"
"613409586","1483926990","0.342857"
"1583574052","2115837944","14.1595"
"2115837944","1583574052","14.1595"
"1583574052","2127766933","6.09286"
"2127766933","1583574052","6.09286"
"1583574052","245142580","0.342857"
"245142580","1583574052","0.342857"
"1583574052","613409586","14.1595"
"613409586","1583574052","14.1595"
"2115837944","2127766933","5.09286"
"2127766933","2115837944","5.09286"
"2115837944","245142580","0.509524"
"245142580","2115837944","0.509524"
"2115837944","613409586","14.1595"
"613409586","2115837944","14.1595"
"2127766933","245142580","0.542857"
"245142580","2127766933","0.542857"
"2127766933","613409586","5.09286"
"613409586","2127766933","5.09286"
"245142580","613409586","0.342857"
"613409586","245142580","0.342857"
"1483926990","257473119","2.05952"
"257473119","1483926990","2.05952"
"1483926990","67597731","2.05952"
"67597731","1483926990","2.05952"
"245142580","257473119","2.05952"
"257473119","245142580","2.05952"
"245142580","67597731","2.05952"
"67597731","245142580","2.05952"
"257473119","67597731","19.4762"
"67597731","257473119","19.4762"
"1483926990","825026863","0.45"
"825026863","1483926990","0.45"
"245142580","825026863","0.45"
"825026863","245142580","0.45"
"257473119","825026863","0.5"
"825026863","257473119","0.5"
"67597731","825026863","1.5"
"825026863","67597731","1.5"
"1483926990","272953357","1.06667"
"272953357","1483926990","1.06667"
"245142580","272953357","1.06667"
"272953357","245142580","1.06667"
"257473119","272953357","0.666667"
"272953357","257473119","0.666667"
"272953357","67597731","0.666667"
"67597731","272953357","0.666667"
"1483926990","1504624836","0.566667"
"1504624836","1483926990","0.566667"
"1483926990","4175592","0.45"
"4175592","1483926990","0.45"
"1483926990","622162774","0.45"
"622162774","1483926990","0.45"
"1504624836","245142580","0.566667"
"245142580","1504624836","0.566667"
"1504624836","272953357","5.01667"
"272953357","1504624836","5.01667"
"1504624836","4175592","0.2"
"4175592","1504624836","0.2"
"1504624836","622162774","0.2"
"622162774","1504624836","0.2"
"245142580","4175592","0.45"
"4175592","245142580","0.45"
"245142580","622162774","0.45"
"622162774","245142580","0.45"
"272953357","4175592","0.2"
"4175592","272953357","0.2"
"272953357","622162774","0.45"
"622162774","272953357","0.45"
"4175592","622162774","6.78333"
"622162774","4175592","6.78333"
"1583574052","257473119","0.309524"
"257473119","1583574052","0.309524"
"1583574052","67597731","0.309524"
"67597731","1583574052","0.309524"
"2115837944","257473119","0.47619"
"257473119","2115837944","0.47619"
"2115837944","67597731","0.47619"
"67597731","2115837944","0.47619"
"2127766933","257473119","0.309524"
"257473119","2127766933","0.309524"
"2127766933","67597731","0.309524"
"67597731","2127766933","0.309524"
"257473119","613409586","0.309524"
"613409586","257473119","0.309524"
"613409586","67597731","0.309524"
"67597731","613409586","0.309524"
"1504624836","2115837944","1.11667"
"2115837944","1504624836","1.11667"
"1504624836","257473119","0.166667"
"257473119","1504624836","0.166667"
"1504624836","67597731","0.166667"
"67597731","1504624836","0.166667"
"2115837944","272953357","1.11667"
"272953357","2115837944","1.11667"
"1483926990","1524476747","0.25"
"1524476747","1483926990","0.25"
"1524476747","245142580","0.25"
"245142580","1524476747","0.25"
"1524476747","4175592","0.25"
"4175592","1524476747","0.25"
"1524476747","622162774","3.25"
"622162774","1524476747","3.25"
"1504624836","2127766933","0.7"
"2127766933","1504624836","0.7"
"1504624836","825026863","1.56667"
"825026863","1504624836","1.56667"
"2127766933","272953357","0.7"
"272953357","2127766933","0.7"
"2127766933","825026863","1.36667"
"825026863","2127766933","1.36667"
"272953357","825026863","0.816667"
"825026863","272953357","0.816667"
"1483926990","607614216","0.5"
"607614216","1483926990","0.5"
"245142580","607614216","0.5"
"607614216","245142580","0.5"
"1504624836","1583574052","0.95"
"1583574052","1504624836","0.95"
"1504624836","613409586","0.95"
"613409586","1504624836","0.95"
"1583574052","272953357","0.95"
"272953357","1583574052","0.95"
"1583574052","825026863","0.616667"
"825026863","1583574052","0.616667"
"2115837944","825026863","0.616667"
"825026863","2115837944","0.616667"
"272953357","613409586","0.95"
"613409586","272953357","0.95"
"613409586","825026863","0.616667"
"825026863","613409586","0.616667"
"1504624836","299056967","1.83333"
"299056967","1504624836","1.83333"
"1583574052","299056967","1.41667"
"299056967","1583574052","1.41667"
"2115837944","299056967","1.41667"
"299056967","2115837944","1.41667"
"2127766933","299056967","0.333333"
"299056967","2127766933","0.333333"
"272953357","299056967","4.08333"
"299056967","272953357","4.08333"
"299056967","613409586","1.41667"
"613409586","299056967","1.41667"
"1504624836","2077429879","1"
"2077429879","1504624836","1"
"1522754762","2141689805","0.833333"
"2141689805","1522754762","0.833333"
"1522754762","2150548090","1"
"2150548090","1522754762","1"
"1522754762","332155273","0.833333"
"332155273","1522754762","0.833333"
"1522754762","825026863","0.25"
"825026863","1522754762","0.25"
"2141689805","2150548090","1.5"
"2150548090","2141689805","1.5"
"2141689805","332155273","18.8333"
"332155273","2141689805","18.8333"
"2141689805","825026863","0.75"
"825026863","2141689805","0.75"
"2150548090","332155273","1.5"
"332155273","2150548090","1.5"
"2150548090","825026863","0.25"
"825026863","2150548090","0.25"
"332155273","825026863","0.75"
"825026863","332155273","0.75"
"1522754762","1584345234","1.08333"
"1584345234","1522754762","1.08333"
"1584345234","2141689805","4.25"
"2141689805","1584345234","4.25"
"1584345234","2150548090","2.41667"
"2150548090","1584345234","2.41667"
"1584345234","332155273","3.25"
"332155273","1584345234","3.25"
"1583574052","1988145820","0.533333"
"1988145820","1583574052","0.533333"
"1583574052","2130635163","0.783333"
"2130635163","1583574052","0.783333"
"1583574052","2612457169","0.866667"
"2612457169","1583574052","0.866667"
"1988145820","2115837944","0.533333"
"2115837944","1988145820","0.533333"
"1988145820","2130635163","0.533333"
"2130635163","1988145820","0.533333"
"1988145820","2612457169","25.5333"
"2612457169","1988145820","25.5333"
"1988145820","299056967","0.166667"
"299056967","1988145820","0.166667"
"1988145820","613409586","0.533333"
"613409586","1988145820","0.533333"
"2115837944","2130635163","0.783333"
"2130635163","2115837944","0.783333"
"2115837944","2612457169","0.866667"
"2612457169","2115837944","0.866667"
"2130635163","2612457169","0.533333"
"2612457169","2130635163","0.533333"
"2130635163","299056967","0.166667"
"299056967","2130635163","0.166667"
"2130635163","613409586","0.783333"
"613409586","2130635163","0.783333"
"2612457169","299056967","0.166667"
"299056967","2612457169","0.166667"
"2612457169","613409586","0.866667"
"613409586","2612457169","0.866667"
"1988145820","2127766933","0.166667"
"2127766933","1988145820","0.166667"
"2127766933","2130635163","0.416667"
"2130635163","2127766933","0.416667"
"2127766933","2612457169","0.166667"
"2612457169","2127766933","0.166667"
"299056967","825026863","4.08333"
"825026863","299056967","4.08333"
"1583574052","2141689805","0.166667"
"2141689805","1583574052","0.166667"
"2115837944","2141689805","0.166667"
"2141689805","2115837944","0.166667"
"2127766933","2141689805","0.166667"
"2141689805","2127766933","0.166667"
"2141689805","257473119","0.166667"
"257473119","2141689805","0.166667"
"2141689805","613409586","0.166667"
"613409586","2141689805","0.166667"
"2141689805","67597731","0.166667"
"67597731","2141689805","0.166667"
"1584345234","257473119","0.25"
"257473119","1584345234","0.25"
"1584345234","299056967","0.25"
"299056967","1584345234","0.25"
"1584345234","67597731","0.25"
"67597731","1584345234","0.25"
"1584345234","825026863","0.25"
"825026863","1584345234","0.25"
"257473119","299056967","0.25"
"299056967","257473119","0.25"
"299056967","67597731","0.25"
"67597731","299056967","0.25"
"1991486966","2141689805","0.5"
"2141689805","1991486966","0.5"
"1991486966","332155273","0.5"
"332155273","1991486966","0.5"
"2051622590","2093336106","17.5"
"2093336106","2051622590","17.5"
"2051622590","825026863","0.5"
"825026863","2051622590","0.5"
"2093336106","825026863","0.5"
"825026863","2093336106","0.5"
"2051622590","2139849562","2"
"2139849562","2051622590","2"
"2093336106","2139849562","2"
"2139849562","2093336106","2"
"2077429879","272953357","0.25"
"272953357","2077429879","0.25"
"2077429879","299056967","0.25"
"299056967","2077429879","0.25"
"2077429879","622162774","0.25"
"622162774","2077429879","0.25"
"2077429879","825026863","0.25"
"825026863","2077429879","0.25"
"299056967","622162774","1.08333"
"622162774","299056967","1.08333"
"622162774","825026863","2.08333"
"825026863","622162774","2.08333"
"2101342918","2127766933","1"
"2127766933","2101342918","1"
"2101342918","2141689805","0.333333"
"2141689805","2101342918","0.333333"
"2101342918","2150548090","1.33333"
"2150548090","2101342918","1.33333"
"2101342918","332155273","0.333333"
"332155273","2101342918","0.333333"
"2130635163","607614216","8.33333"
"607614216","2130635163","8.33333"
"2130635163","267329208","0.333333"
"267329208","2130635163","0.333333"
"2130635163","340998761","0.333333"
"340998761","2130635163","0.333333"
"267329208","340998761","9.83333"
"340998761","267329208","9.83333"
"267329208","607614216","0.333333"
"607614216","267329208","0.333333"
"340998761","607614216","0.333333"
"607614216","340998761","0.333333"
"267329208","272953357","0.5"
"272953357","267329208","0.5"
"272953357","340998761","0.5"
"340998761","272953357","0.5"
"299056967","4175592","0.833333"
"4175592","299056967","0.833333"
"4175592","825026863","0.833333"
"825026863","4175592","0.833333"
"299056967","607614216","1"
"607614216","299056967","1"
"622162774","67597731","1"
"67597731","622162774","1"
