"144321000","1916873869","6.16361"
"1916873869","144321000","6.16361"
"144321000","1918831814","13.1257"
"1918831814","144321000","13.1257"
"144321000","2096308935","13.1257"
"2096308935","144321000","13.1257"
"144321000","2103486194","18.0424"
"2103486194","144321000","18.0424"
"144321000","2147787965","13.0543"
"2147787965","144321000","13.0543"
"1916873869","1918831814","6.41361"
"1918831814","1916873869","6.41361"
"1916873869","2096308935","6.41361"
"2096308935","1916873869","6.41361"
"1916873869","2103486194","6.41361"
"2103486194","1916873869","6.41361"
"1916873869","2147787965","6.41361"
"2147787965","1916873869","6.41361"
"1918831814","2096308935","91.4094"
"2096308935","1918831814","91.4094"
"1918831814","2103486194","13.1257"
"2103486194","1918831814","13.1257"
"1918831814","2147787965","91.7046"
"2147787965","1918831814","91.7046"
"2096308935","2103486194","13.1257"
"2103486194","2096308935","13.1257"
"2096308935","2147787965","92.6713"
"2147787965","2096308935","92.6713"
"2103486194","2147787965","13.0543"
"2147787965","2103486194","13.0543"
"144321000","1841517230","6.8286"
"1841517230","144321000","6.8286"
"144321000","1879889671","6.69154"
"1879889671","144321000","6.69154"
"144321000","2113223230","4.4377"
"2113223230","144321000","4.4377"
"144321000","2151465180","6.69154"
"2151465180","144321000","6.69154"
"144321000","2211903376","7.40669"
"2211903376","144321000","7.40669"
"144321000","998171480","3.00733"
"998171480","144321000","3.00733"
"1841517230","1879889671","9.96695"
"1879889671","1841517230","9.96695"
"1841517230","1916873869","5.67075"
"1916873869","1841517230","5.67075"
"1841517230","1918831814","16.7122"
"1918831814","1841517230","16.7122"
"1841517230","2096308935","16.7122"
"2096308935","1841517230","16.7122"
"1841517230","2103486194","7.0786"
"2103486194","1841517230","7.0786"
"1841517230","2113223230","7.00116"
"2113223230","1841517230","7.00116"
"1841517230","2147787965","16.6408"
"2147787965","1841517230","16.6408"
"1841517230","2151465180","11.9618"
"2151465180","1841517230","11.9618"
"1841517230","2211903376","27.1289"
"2211903376","1841517230","27.1289"
"1841517230","998171480","8.44374"
"998171480","1841517230","8.44374"
"1879889671","1916873869","5.37984"
"1916873869","1879889671","5.37984"
"1879889671","1918831814","12.6041"
"1918831814","1879889671","12.6041"
"1879889671","2096308935","12.2375"
"2096308935","1879889671","12.2375"
"1879889671","2103486194","6.94154"
"2103486194","1879889671","6.94154"
"1879889671","2113223230","6.09743"
"2113223230","1879889671","6.09743"
"1879889671","2147787965","12.5327"
"2147787965","1879889671","12.5327"
"1879889671","2151465180","30.3125"
"2151465180","1879889671","30.3125"
"1879889671","2211903376","10.1208"
"2211903376","1879889671","10.1208"
"1879889671","998171480","4.54759"
"998171480","1879889671","4.54759"
"1916873869","2113223230","3.27427"
"2113223230","1916873869","3.27427"
"1916873869","2151465180","5.37984"
"2151465180","1916873869","5.37984"
"1916873869","2211903376","5.67075"
"2211903376","1916873869","5.67075"
"1916873869","998171480","2.20792"
"998171480","1916873869","2.20792"
"1918831814","2113223230","8.63044"
"2113223230","1918831814","8.63044"
"1918831814","2151465180","14.3073"
"2151465180","1918831814","14.3073"
"1918831814","2211903376","16.957"
"2211903376","1918831814","16.957"
"1918831814","998171480","5.68016"
"998171480","1918831814","5.68016"
"2096308935","2113223230","7.93044"
"2113223230","2096308935","7.93044"
"2096308935","2151465180","13.9406"
"2151465180","2096308935","13.9406"
"2096308935","2211903376","16.957"
"2211903376","2096308935","16.957"
"2096308935","998171480","5.48016"
"998171480","2096308935","5.48016"
"2103486194","2113223230","4.4377"
"2113223230","2103486194","4.4377"
"2103486194","2151465180","6.94154"
"2151465180","2103486194","6.94154"
"2103486194","2211903376","7.65669"
"2211903376","2103486194","7.65669"
"2103486194","998171480","3.00733"
"998171480","2103486194","3.00733"
"2113223230","2147787965","8.55901"
"2147787965","2113223230","8.55901"
"2113223230","2151465180","6.98001"
"2151465180","2113223230","6.98001"
"2113223230","2211903376","7.24592"
"2211903376","2113223230","7.24592"
"2113223230","998171480","11.9421"
"998171480","2113223230","11.9421"
"2147787965","2151465180","14.2359"
"2151465180","2147787965","14.2359"
"2147787965","2211903376","16.8856"
"2211903376","2147787965","16.8856"
"2147787965","998171480","5.68016"
"998171480","2147787965","5.68016"
"2151465180","2211903376","14.3156"
"2211903376","2151465180","14.3156"
"2151465180","998171480","5.33925"
"998171480","2151465180","5.33925"
"2211903376","998171480","9.6885"
"998171480","2211903376","9.6885"
"144321000","1779208579","1.54315"
"1779208579","144321000","1.54315"
"144321000","1817831659","3.92868"
"1817831659","144321000","3.92868"
"144321000","2159790971","3.7118"
"2159790971","144321000","3.7118"
"1779208579","1817831659","1.33786"
"1817831659","1779208579","1.33786"
"1779208579","1841517230","2.00822"
"1841517230","1779208579","2.00822"
"1779208579","1879889671","2.41732"
"1879889671","1779208579","2.41732"
"1779208579","1918831814","2.34156"
"1918831814","1779208579","2.34156"
"1779208579","2096308935","2.34156"
"2096308935","1779208579","2.34156"
"1779208579","2103486194","1.54315"
"2103486194","1779208579","1.54315"
"1779208579","2147787965","2.34156"
"2147787965","1779208579","2.34156"
"1779208579","2151465180","2.41732"
"2151465180","1779208579","2.41732"
"1779208579","2159790971","1.45224"
"2159790971","1779208579","1.45224"
"1779208579","2211903376","2.00822"
"2211903376","1779208579","2.00822"
"1817831659","1841517230","7.99423"
"1841517230","1817831659","7.99423"
"1817831659","1879889671","4.15524"
"1879889671","1817831659","4.15524"
"1817831659","1918831814","8.14807"
"1918831814","1817831659","8.14807"
"1817831659","2096308935","8.14807"
"2096308935","1817831659","8.14807"
"1817831659","2103486194","3.92868"
"2103486194","1817831659","3.92868"
"1817831659","2147787965","8.07664"
"2147787965","1817831659","8.07664"
"1817831659","2151465180","4.3155"
"2151465180","1817831659","4.3155"
"1817831659","2159790971","7.66639"
"2159790971","1817831659","7.66639"
"1817831659","2211903376","8.48141"
"2211903376","1817831659","8.48141"
"1841517230","2159790971","11.7138"
"2159790971","1841517230","11.7138"
"1879889671","2159790971","5.45845"
"2159790971","1879889671","5.45845"
"1918831814","2159790971","13.0514"
"2159790971","1918831814","13.0514"
"2096308935","2159790971","13.3847"
"2159790971","2096308935","13.3847"
"2103486194","2159790971","3.7118"
"2159790971","2103486194","3.7118"
"2147787965","2159790971","13.3847"
"2159790971","2147787965","13.3847"
"2151465180","2159790971","8.45885"
"2159790971","2151465180","8.45885"
"2159790971","2211903376","13.1585"
"2211903376","2159790971","13.1585"
"144321000","1749356136","2.23536"
"1749356136","144321000","2.23536"
"1749356136","1817831659","6.20503"
"1817831659","1749356136","6.20503"
"1749356136","1841517230","9.14118"
"1841517230","1749356136","9.14118"
"1749356136","1879889671","3.35542"
"1879889671","1749356136","3.35542"
"1749356136","1916873869","1.75478"
"1916873869","1749356136","1.75478"
"1749356136","1918831814","9.10709"
"1918831814","1749356136","9.10709"
"1749356136","2096308935","9.10709"
"2096308935","1749356136","9.10709"
"1749356136","2103486194","2.23536"
"2103486194","1749356136","2.23536"
"1749356136","2113223230","3.1782"
"2113223230","1749356136","3.1782"
"1749356136","2147787965","9.03566"
"2147787965","1749356136","9.03566"
"1749356136","2151465180","5.22527"
"2151465180","1749356136","5.22527"
"1749356136","2159790971","7.76429"
"2159790971","1749356136","7.76429"
"1749356136","2211903376","9.23209"
"2211903376","1749356136","9.23209"
"1817831659","1916873869","2.38338"
"1916873869","1817831659","2.38338"
"1817831659","2113223230","1.92751"
"2113223230","1817831659","1.92751"
"1916873869","2159790971","2.42153"
"2159790971","1916873869","2.42153"
"2113223230","2159790971","3.55143"
"2159790971","2113223230","3.55143"
"144321000","1920394932","0.639217"
"1920394932","144321000","0.639217"
"144321000","2215876754","0.593452"
"2215876754","144321000","0.593452"
"144321000","2250130521","0.892395"
"2250130521","144321000","0.892395"
"1749356136","1920394932","3.67003"
"1920394932","1749356136","3.67003"
"1749356136","2215876754","0.348947"
"2215876754","1749356136","0.348947"
"1749356136","2250130521","4.23527"
"2250130521","1749356136","4.23527"
"1817831659","1920394932","0.951793"
"1920394932","1817831659","0.951793"
"1817831659","2215876754","0.348947"
"2215876754","1817831659","0.348947"
"1817831659","2250130521","1.86206"
"2250130521","1817831659","1.86206"
"1841517230","1920394932","3.06524"
"1920394932","1841517230","3.06524"
"1841517230","2215876754","1.51561"
"2215876754","1841517230","1.51561"
"1841517230","2250130521","4.38048"
"2250130521","1841517230","4.38048"
"1879889671","1920394932","2.11205"
"1920394932","1879889671","2.11205"
"1879889671","2215876754","0.730357"
"2215876754","1879889671","0.730357"
"1879889671","2250130521","2.08114"
"2250130521","1879889671","2.08114"
"1916873869","1920394932","0.122222"
"1920394932","1916873869","0.122222"
"1916873869","2215876754","0.129167"
"2215876754","1916873869","0.129167"
"1916873869","2250130521","0.257969"
"2250130521","1916873869","0.257969"
"1918831814","1920394932","4.23948"
"1920394932","1918831814","4.23948"
"1918831814","2215876754","6.6168"
"2215876754","1918831814","6.6168"
"1918831814","2250130521","4.6669"
"2250130521","1918831814","4.6669"
"1920394932","2096308935","4.23948"
"2096308935","1920394932","4.23948"
"1920394932","2103486194","0.639217"
"2103486194","1920394932","0.639217"
"1920394932","2113223230","1.92399"
"2113223230","1920394932","1.92399"
"1920394932","2147787965","4.23948"
"2147787965","1920394932","4.23948"
"1920394932","2151465180","8.5569"
"2151465180","1920394932","8.5569"
"1920394932","2211903376","5.35614"
"2211903376","1920394932","5.35614"
"1920394932","2215876754","0.506685"
"2215876754","1920394932","0.506685"
"1920394932","2250130521","3.44781"
"2250130521","1920394932","3.44781"
"2096308935","2215876754","1.95014"
"2215876754","2096308935","1.95014"
"2096308935","2250130521","4.6669"
"2250130521","2096308935","4.6669"
"2103486194","2215876754","0.343452"
"2215876754","2103486194","0.343452"
"2103486194","2250130521","0.892395"
"2250130521","2103486194","0.892395"
"2113223230","2215876754","1.46845"
"2215876754","2113223230","1.46845"
"2113223230","2250130521","5.81615"
"2250130521","2113223230","5.81615"
"2147787965","2215876754","2.54538"
"2215876754","2147787965","2.54538"
"2147787965","2250130521","4.59547"
"2250130521","2147787965","4.59547"
"2151465180","2215876754","2.01561"
"2215876754","2151465180","2.01561"
"2151465180","2250130521","3.78432"
"2250130521","2151465180","3.78432"
"2211903376","2215876754","1.51561"
"2215876754","2211903376","1.51561"
"2211903376","2250130521","4.62523"
"2250130521","2211903376","4.62523"
"2215876754","2250130521","0.578114"
"2250130521","2215876754","0.578114"
"144321000","2398224173","0.249733"
"2398224173","144321000","0.249733"
"1779208579","2398224173","0.249733"
"2398224173","1779208579","0.249733"
"1841517230","2398224173","0.249733"
"2398224173","1841517230","0.249733"
"1879889671","2398224173","0.249733"
"2398224173","1879889671","0.249733"
"1918831814","2398224173","0.249733"
"2398224173","1918831814","0.249733"
"2096308935","2398224173","0.249733"
"2398224173","2096308935","0.249733"
"2103486194","2398224173","0.249733"
"2398224173","2103486194","0.249733"
"2147787965","2398224173","0.249733"
"2398224173","2147787965","0.249733"
"2151465180","2398224173","0.249733"
"2398224173","2151465180","0.249733"
"2211903376","2398224173","0.249733"
"2398224173","2211903376","0.249733"
"144321000","2215448634","0.765079"
"2215448634","144321000","0.765079"
"144321000","2282658442","0.435808"
"2282658442","144321000","0.435808"
"1749356136","1779208579","0.54163"
"1779208579","1749356136","0.54163"
"1749356136","2215448634","2.21185"
"2215448634","1749356136","2.21185"
"1749356136","2282658442","0.514812"
"2282658442","1749356136","0.514812"
"1749356136","998171480","2.40454"
"998171480","1749356136","2.40454"
"1779208579","1916873869","0.56614"
"1916873869","1779208579","0.56614"
"1779208579","1920394932","0.0555556"
"1920394932","1779208579","0.0555556"
"1779208579","2113223230","0.715501"
"2113223230","1779208579","0.715501"
"1779208579","2215448634","0.0555556"
"2215448634","1779208579","0.0555556"
"1779208579","2250130521","0.173203"
"2250130521","1779208579","0.173203"
"1779208579","2282658442","0.185808"
"2282658442","1779208579","0.185808"
"1779208579","998171480","0.403268"
"998171480","1779208579","0.403268"
"1841517230","2215448634","2.33685"
"2215448634","1841517230","2.33685"
"1841517230","2282658442","0.598145"
"2282658442","1841517230","0.598145"
"1879889671","2215448634","0.342002"
"2215448634","1879889671","0.342002"
"1879889671","2282658442","0.507236"
"2282658442","1879889671","0.507236"
"1916873869","2215448634","0.122222"
"2215448634","1916873869","0.122222"
"1916873869","2282658442","0.210317"
"2282658442","1916873869","0.210317"
"1918831814","2215448634","3.14638"
"2215448634","1918831814","3.14638"
"1918831814","2282658442","1.26481"
"2282658442","1918831814","1.26481"
"1920394932","2159790971","3.09503"
"2159790971","1920394932","3.09503"
"1920394932","2215448634","2.14519"
"2215448634","1920394932","2.14519"
"1920394932","2282658442","0.467893"
"2282658442","1920394932","0.467893"
"1920394932","998171480","1.83784"
"998171480","1920394932","1.83784"
"2096308935","2215448634","3.14638"
"2215448634","2096308935","3.14638"
"2096308935","2282658442","0.764812"
"2282658442","2096308935","0.764812"
"2103486194","2215448634","0.765079"
"2215448634","2103486194","0.765079"
"2103486194","2282658442","0.435808"
"2282658442","2103486194","0.435808"
"2113223230","2215448634","1.42101"
"2215448634","2113223230","1.42101"
"2113223230","2282658442","0.352474"
"2282658442","2113223230","0.352474"
"2147787965","2215448634","3.14638"
"2215448634","2147787965","3.14638"
"2147787965","2282658442","0.764812"
"2282658442","2147787965","0.764812"
"2151465180","2215448634","2.33685"
"2215448634","2151465180","2.33685"
"2151465180","2282658442","0.598145"
"2282658442","2151465180","0.598145"
"2159790971","2215448634","2.14241"
"2215448634","2159790971","2.14241"
"2159790971","2250130521","4.83436"
"2250130521","2159790971","4.83436"
"2159790971","2282658442","1.43148"
"2282658442","2159790971","1.43148"
"2159790971","998171480","2.98253"
"998171480","2159790971","2.98253"
"2211903376","2215448634","2.33685"
"2215448634","2211903376","2.33685"
"2211903376","2282658442","0.598145"
"2282658442","2211903376","0.598145"
"2215448634","2250130521","2.27019"
"2250130521","2215448634","2.27019"
"2215448634","2282658442","0.146465"
"2282658442","2215448634","0.146465"
"2215448634","998171480","1.25867"
"998171480","2215448634","1.25867"
"2250130521","2282658442","0.443383"
"2282658442","2250130521","0.443383"
"2250130521","998171480","2.25885"
"998171480","2250130521","2.25885"
"2282658442","998171480","0.293651"
"998171480","2282658442","0.293651"
"1817831659","998171480","1.37026"
"998171480","1817831659","1.37026"
"144321000","1498541158","0.158824"
"1498541158","144321000","0.158824"
"144321000","1546563846","0.413265"
"1546563846","144321000","0.413265"
"1498541158","1546563846","1.05882"
"1546563846","1498541158","1.05882"
"1498541158","1749356136","0.683824"
"1749356136","1498541158","0.683824"
"1498541158","1817831659","1.05882"
"1817831659","1498541158","1.05882"
"1498541158","1841517230","0.158824"
"1841517230","1498541158","0.158824"
"1498541158","1879889671","2.95049"
"1879889671","1498541158","2.95049"
"1498541158","1918831814","0.95049"
"1918831814","1498541158","0.95049"
"1498541158","1920394932","5.05049"
"1920394932","1498541158","5.05049"
"1498541158","2096308935","0.783824"
"2096308935","1498541158","0.783824"
"1498541158","2103486194","0.158824"
"2103486194","1498541158","0.158824"
"1498541158","2113223230","0.0588235"
"2113223230","1498541158","0.0588235"
"1498541158","2147787965","0.95049"
"2147787965","1498541158","0.95049"
"1498541158","2151465180","6.15049"
"2151465180","1498541158","6.15049"
"1498541158","2159790971","0.258824"
"2159790971","1498541158","0.258824"
"1498541158","2211903376","2.35882"
"2211903376","1498541158","2.35882"
"1498541158","2250130521","0.0588235"
"2250130521","1498541158","0.0588235"
"1498541158","998171480","0.0588235"
"998171480","1498541158","0.0588235"
"1546563846","1749356136","0.259419"
"1749356136","1546563846","0.259419"
"1546563846","1817831659","0.413265"
"1817831659","1546563846","0.413265"
"1546563846","1841517230","0.259419"
"1841517230","1546563846","0.259419"
"1546563846","1879889671","0.613265"
"1879889671","1546563846","0.613265"
"1546563846","1918831814","1.77993"
"1918831814","1546563846","1.77993"
"1546563846","1920394932","2.25942"
"1920394932","1546563846","2.25942"
"1546563846","2096308935","1.77993"
"2096308935","1546563846","1.77993"
"1546563846","2103486194","0.413265"
"2103486194","1546563846","0.413265"
"1546563846","2113223230","0.27517"
"2113223230","1546563846","0.27517"
"1546563846","2147787965","1.27993"
"2147787965","1546563846","1.27993"
"1546563846","2151465180","1.11326"
"2151465180","1546563846","1.11326"
"1546563846","2159790971","0.413265"
"2159790971","1546563846","0.413265"
"1546563846","2211903376","0.413265"
"2211903376","1546563846","0.413265"
"1546563846","2250130521","0.413265"
"2250130521","1546563846","0.413265"
"1546563846","998171480","0.27517"
"998171480","1546563846","0.27517"
"144321000","1557430458","0.396919"
"1557430458","144321000","0.396919"
"1557430458","1841517230","0.396919"
"1841517230","1557430458","0.396919"
"1557430458","1879889671","0.296919"
"1879889671","1557430458","0.296919"
"1557430458","1916873869","0.32549"
"1916873869","1557430458","0.32549"
"1557430458","1918831814","2.39692"
"1918831814","1557430458","2.39692"
"1557430458","2096308935","2.39692"
"2096308935","1557430458","2.39692"
"1557430458","2103486194","0.396919"
"2103486194","1557430458","0.396919"
"1557430458","2113223230","0.296919"
"2113223230","1557430458","0.296919"
"1557430458","2147787965","2.32549"
"2147787965","1557430458","2.32549"
"1557430458","2151465180","0.296919"
"2151465180","1557430458","0.296919"
"1557430458","2211903376","0.396919"
"2211903376","1557430458","0.396919"
"1557430458","998171480","0.22549"
"998171480","1557430458","0.22549"
"144321000","1502290580","0.129167"
"1502290580","144321000","0.129167"
"1502290580","1546563846","0.0666667"
"1546563846","1502290580","0.0666667"
"1502290580","1749356136","0.129167"
"1749356136","1502290580","0.129167"
"1502290580","1817831659","0.129167"
"1817831659","1502290580","0.129167"
"1502290580","1841517230","0.129167"
"1841517230","1502290580","0.129167"
"1502290580","1879889671","0.129167"
"1879889671","1502290580","0.129167"
"1502290580","1918831814","0.129167"
"1918831814","1502290580","0.129167"
"1502290580","1920394932","0.0666667"
"1920394932","1502290580","0.0666667"
"1502290580","2096308935","0.129167"
"2096308935","1502290580","0.129167"
"1502290580","2103486194","0.129167"
"2103486194","1502290580","0.129167"
"1502290580","2147787965","0.129167"
"2147787965","1502290580","0.129167"
"1502290580","2151465180","0.129167"
"2151465180","1502290580","0.129167"
"1502290580","2159790971","0.129167"
"2159790971","1502290580","0.129167"
"1502290580","2211903376","0.129167"
"2211903376","1502290580","0.129167"
"1502290580","2250130521","0.0666667"
"2250130521","1502290580","0.0666667"
"1557430458","1749356136","0.230252"
"1749356136","1557430458","0.230252"
"1557430458","1779208579","0.0588235"
"1779208579","1557430458","0.0588235"
"1557430458","1817831659","0.230252"
"1817831659","1557430458","0.230252"
"1557430458","2159790971","0.0588235"
"2159790971","1557430458","0.0588235"
"1557430458","2250130521","0.130252"
"2250130521","1557430458","0.130252"
"2215448634","2215876754","0.291209"
"2215876754","2215448634","0.291209"
"144321000","2405493546","0.0714286"
"2405493546","144321000","0.0714286"
"1557430458","2215876754","0.0714286"
"2215876754","1557430458","0.0714286"
"1557430458","2405493546","0.0714286"
"2405493546","1557430458","0.0714286"
"1749356136","2405493546","0.0714286"
"2405493546","1749356136","0.0714286"
"1817831659","2405493546","0.0714286"
"2405493546","1817831659","0.0714286"
"1841517230","2405493546","0.0714286"
"2405493546","1841517230","0.0714286"
"1879889671","2405493546","0.0714286"
"2405493546","1879889671","0.0714286"
"1918831814","2405493546","0.0714286"
"2405493546","1918831814","0.0714286"
"2096308935","2405493546","0.0714286"
"2405493546","2096308935","0.0714286"
"2103486194","2405493546","0.0714286"
"2405493546","2103486194","0.0714286"
"2113223230","2405493546","0.0714286"
"2405493546","2113223230","0.0714286"
"2151465180","2405493546","0.0714286"
"2405493546","2151465180","0.0714286"
"2211903376","2405493546","0.0714286"
"2405493546","2211903376","0.0714286"
"2215876754","2405493546","0.0714286"
"2405493546","2215876754","0.0714286"
"2250130521","2405493546","0.0714286"
"2405493546","2250130521","0.0714286"
"1498541158","1916873869","0.1"
"1916873869","1498541158","0.1"
"144321000","2157243284","0.142857"
"2157243284","144321000","0.142857"
"1916873869","2157243284","0.142857"
"2157243284","1916873869","0.142857"
"1918831814","2157243284","1.68016"
"2157243284","1918831814","1.68016"
"2096308935","2157243284","1.01349"
"2157243284","2096308935","1.01349"
"2103486194","2157243284","0.142857"
"2157243284","2103486194","0.142857"
"2147787965","2157243284","1.51349"
"2157243284","2147787965","1.51349"
"2157243284","2159790971","1.01349"
"2159790971","2157243284","1.01349"
"1502290580","1779208579","0.0625"
"1779208579","1502290580","0.0625"
"1502290580","1916873869","0.0625"
"1916873869","1502290580","0.0625"
"1502290580","2113223230","0.0625"
"2113223230","1502290580","0.0625"
"1502290580","2215876754","0.0625"
"2215876754","1502290580","0.0625"
"1779208579","2215876754","0.0625"
"2215876754","1779208579","0.0625"
"2159790971","2215876754","0.794185"
"2215876754","2159790971","0.794185"
"1817831659","2215448634","0.36978"
"2215448634","1817831659","0.36978"
"1817831659","2282658442","0.309524"
"2282658442","1817831659","0.309524"
"144321000","2406627068","0.0588235"
"2406627068","144321000","0.0588235"
"144321000","965814633","0.0588235"
"965814633","144321000","0.0588235"
"1749356136","2398224173","0.0588235"
"2398224173","1749356136","0.0588235"
"1749356136","2406627068","0.0588235"
"2406627068","1749356136","0.0588235"
"1749356136","965814633","0.0588235"
"965814633","1749356136","0.0588235"
"1779208579","2406627068","0.0588235"
"2406627068","1779208579","0.0588235"
"1779208579","965814633","0.0588235"
"965814633","1779208579","0.0588235"
"1841517230","2406627068","0.0588235"
"2406627068","1841517230","0.0588235"
"1841517230","965814633","0.0588235"
"965814633","1841517230","0.0588235"
"1879889671","2406627068","0.0588235"
"2406627068","1879889671","0.0588235"
"1879889671","965814633","0.0588235"
"965814633","1879889671","0.0588235"
"1918831814","2406627068","0.0588235"
"2406627068","1918831814","0.0588235"
"1918831814","965814633","0.0588235"
"965814633","1918831814","0.0588235"
"2096308935","2406627068","0.0588235"
"2406627068","2096308935","0.0588235"
"2096308935","965814633","0.0588235"
"965814633","2096308935","0.0588235"
"2103486194","2406627068","0.0588235"
"2406627068","2103486194","0.0588235"
"2103486194","965814633","0.0588235"
"965814633","2103486194","0.0588235"
"2113223230","2398224173","0.149733"
"2398224173","2113223230","0.149733"
"2113223230","2406627068","0.0588235"
"2406627068","2113223230","0.0588235"
"2113223230","965814633","0.0588235"
"965814633","2113223230","0.0588235"
"2147787965","2406627068","0.0588235"
"2406627068","2147787965","0.0588235"
"2147787965","965814633","0.0588235"
"965814633","2147787965","0.0588235"
"2151465180","2406627068","0.0588235"
"2406627068","2151465180","0.0588235"
"2151465180","965814633","0.0588235"
"965814633","2151465180","0.0588235"
"2159790971","2398224173","0.0588235"
"2398224173","2159790971","0.0588235"
"2159790971","2406627068","0.0588235"
"2406627068","2159790971","0.0588235"
"2159790971","965814633","0.0588235"
"965814633","2159790971","0.0588235"
"2211903376","2406627068","0.0588235"
"2406627068","2211903376","0.0588235"
"2211903376","965814633","0.0588235"
"965814633","2211903376","0.0588235"
"2250130521","2398224173","0.0588235"
"2398224173","2250130521","0.0588235"
"2250130521","2406627068","0.0588235"
"2406627068","2250130521","0.0588235"
"2250130521","965814633","0.0588235"
"965814633","2250130521","0.0588235"
"2282658442","2398224173","0.0588235"
"2398224173","2282658442","0.0588235"
"2282658442","2406627068","0.0588235"
"2406627068","2282658442","0.0588235"
"2282658442","965814633","0.0588235"
"965814633","2282658442","0.0588235"
"2398224173","2406627068","0.0588235"
"2406627068","2398224173","0.0588235"
"2398224173","965814633","0.0588235"
"965814633","2398224173","0.0588235"
"2406627068","965814633","6.05882"
"965814633","2406627068","6.05882"
"1498541158","946528373","5.49167"
"946528373","1498541158","5.49167"
"1920394932","946528373","9.99167"
"946528373","1920394932","9.99167"
"2151465180","946528373","4.99167"
"946528373","2151465180","4.99167"
"2211903376","946528373","4.7"
"946528373","2211903376","4.7"
"1749356136","946528373","0.625"
"946528373","1749356136","0.625"
"1879889671","946528373","0.791667"
"946528373","1879889671","0.791667"
"1918831814","946528373","0.791667"
"946528373","1918831814","0.791667"
"2096308935","946528373","0.625"
"946528373","2096308935","0.625"
"2147787965","946528373","0.791667"
"946528373","2147787965","0.791667"
"2159790971","946528373","0.2"
"946528373","2159790971","0.2"
"1498541158","2399295635","0.333333"
"2399295635","1498541158","0.333333"
"2151465180","2399295635","0.333333"
"2399295635","2151465180","0.333333"
"2399295635","946528373","3.83333"
"946528373","2399295635","3.83333"
"1498541158","2215876754","0.166667"
"2215876754","1498541158","0.166667"
"2215876754","946528373","0.166667"
"946528373","2215876754","0.166667"
"1499444156","1920394932","1"
"1920394932","1499444156","1"
"1546563846","946528373","1"
"946528373","1546563846","1"
"1546563846","2215876754","0.5"
"2215876754","1546563846","0.5"
"1749356136","2117739350","0.0833333"
"2117739350","1749356136","0.0833333"
"1749356136","2157243284","0.0833333"
"2157243284","1749356136","0.0833333"
"1841517230","2117739350","0.22619"
"2117739350","1841517230","0.22619"
"1841517230","2157243284","0.337302"
"2157243284","1841517230","0.337302"
"1918831814","2117739350","0.22619"
"2117739350","1918831814","0.22619"
"1920394932","2117739350","0.0833333"
"2117739350","1920394932","0.0833333"
"1920394932","2157243284","0.0833333"
"2157243284","1920394932","0.0833333"
"2096308935","2117739350","0.22619"
"2117739350","2096308935","0.22619"
"2117739350","2147787965","0.22619"
"2147787965","2117739350","0.22619"
"2117739350","2151465180","0.0833333"
"2151465180","2117739350","0.0833333"
"2117739350","2157243284","6.22619"
"2157243284","2117739350","6.22619"
"2117739350","2159790971","0.22619"
"2159790971","2117739350","0.22619"
"2117739350","2211903376","0.22619"
"2211903376","2117739350","0.22619"
"2117739350","2215448634","0.0833333"
"2215448634","2117739350","0.0833333"
"2117739350","2250130521","0.0833333"
"2250130521","2117739350","0.0833333"
"2151465180","2157243284","0.194444"
"2157243284","2151465180","0.194444"
"2157243284","2211903376","0.337302"
"2211903376","2157243284","0.337302"
"2157243284","2215448634","0.0833333"
"2215448634","2157243284","0.0833333"
"2157243284","2250130521","0.0833333"
"2250130521","2157243284","0.0833333"
"1749356136","2207719356","0.153846"
"2207719356","1749356136","0.153846"
"1841517230","2207719356","0.153846"
"2207719356","1841517230","0.153846"
"1879889671","2207719356","0.0769231"
"2207719356","1879889671","0.0769231"
"1918831814","2207719356","0.153846"
"2207719356","1918831814","0.153846"
"1920394932","2207719356","0.153846"
"2207719356","1920394932","0.153846"
"2096308935","2207719356","0.153846"
"2207719356","2096308935","0.153846"
"2113223230","2207719356","0.0769231"
"2207719356","2113223230","0.0769231"
"2147787965","2207719356","0.153846"
"2207719356","2147787965","0.153846"
"2151465180","2207719356","0.153846"
"2207719356","2151465180","0.153846"
"2159790971","2207719356","0.153846"
"2207719356","2159790971","0.153846"
"2207719356","2211903376","0.153846"
"2211903376","2207719356","0.153846"
"2207719356","2250130521","0.153846"
"2250130521","2207719356","0.153846"
"2207719356","998171480","0.0769231"
"998171480","2207719356","0.0769231"
"2215876754","998171480","0.529762"
"998171480","2215876754","0.529762"
"1817831659","2207719356","0.0769231"
"2207719356","1817831659","0.0769231"
"2207719356","2215448634","0.0769231"
"2215448634","2207719356","0.0769231"
"2207719356","2215876754","1.07692"
"2215876754","2207719356","1.07692"
"1817831659","2157243284","0.111111"
"2157243284","1817831659","0.111111"
"1879889671","2157243284","0.111111"
"2157243284","1879889671","0.111111"
"1879889671","2220286166","1"
"2220286166","1879889671","1"
"2151465180","2220286166","1"
"2220286166","2151465180","1"
"1918831814","1981097903","0.2"
"1981097903","1918831814","0.2"
"1981097903","2096308935","0.2"
"2096308935","1981097903","0.2"
"1981097903","2147787965","0.2"
"2147787965","1981097903","0.2"
"1981097903","2157243284","1.2"
"2157243284","1981097903","1.2"
"1981097903","2159790971","0.2"
"2159790971","1981097903","0.2"
"2157243284","2282658442","0.5"
"2282658442","2157243284","0.5"
"1920394932","2399295635","1"
"2399295635","1920394932","1"
"1981097903","2117739350","1"
"2117739350","1981097903","1"
"2096308935","2220286166","0.5"
"2220286166","2096308935","0.5"
"2147787965","2220286166","0.5"
"2220286166","2147787965","0.5"
"2211903376","2399295635","0.5"
"2399295635","2211903376","0.5"
