"1490197836","1995092240","2.90833"
"1995092240","1490197836","2.90833"
"1490197836","2030279442","0.366667"
"2030279442","1490197836","0.366667"
"1490197836","2081912596","0.741667"
"2081912596","1490197836","0.741667"
"1490197836","2140949592","1.075"
"2140949592","1490197836","1.075"
"1490197836","2162722036","0.533333"
"2162722036","1490197836","0.533333"
"1995092240","2030279442","0.2"
"2030279442","1995092240","0.2"
"1995092240","2081912596","0.575"
"2081912596","1995092240","0.575"
"1995092240","2140949592","0.908333"
"2140949592","1995092240","0.908333"
"1995092240","2162722036","0.2"
"2162722036","1995092240","0.2"
"2030279442","2081912596","3.76786"
"2081912596","2030279442","3.76786"
"2030279442","2140949592","0.634524"
"2140949592","2030279442","0.634524"
"2030279442","2162722036","0.4"
"2162722036","2030279442","0.4"
"2081912596","2140949592","1.50952"
"2140949592","2081912596","1.50952"
"2081912596","2162722036","0.4"
"2162722036","2081912596","0.4"
"2140949592","2162722036","0.2"
"2162722036","2140949592","0.2"
"1490197836","1520652812","1.58333"
"1520652812","1490197836","1.58333"
"1520652812","1995092240","2.58333"
"1995092240","1520652812","2.58333"
"1520652812","2081912596","1.075"
"2081912596","1520652812","1.075"
"1520652812","2140949592","2.20833"
"2140949592","1520652812","2.20833"
"1490197836","1698229348","1.125"
"1698229348","1490197836","1.125"
"1490197836","1526502875","0.291667"
"1526502875","1490197836","0.291667"
"1490197836","1907636456","0.125"
"1907636456","1490197836","0.125"
"1490197836","2088146133","0.125"
"2088146133","1490197836","0.125"
"1490197836","2118314386","0.291667"
"2118314386","1490197836","0.291667"
"1526502875","1698229348","0.592857"
"1698229348","1526502875","0.592857"
"1526502875","1907636456","0.708333"
"1907636456","1526502875","0.708333"
"1526502875","1995092240","0.125"
"1995092240","1526502875","0.125"
"1526502875","2081912596","1.20952"
"2081912596","1526502875","1.20952"
"1526502875","2088146133","0.7"
"2088146133","1526502875","0.7"
"1526502875","2118314386","7.70952"
"2118314386","1526502875","7.70952"
"1526502875","2140949592","0.892857"
"2140949592","1526502875","0.892857"
"1698229348","1907636456","0.125"
"1907636456","1698229348","0.125"
"1698229348","1995092240","0.125"
"1995092240","1698229348","0.125"
"1698229348","2081912596","0.792857"
"2081912596","1698229348","0.792857"
"1698229348","2088146133","2.11667"
"2088146133","1698229348","2.11667"
"1698229348","2118314386","0.592857"
"2118314386","1698229348","0.592857"
"1698229348","2140949592","0.392857"
"2140949592","1698229348","0.392857"
"1907636456","1995092240","0.125"
"1995092240","1907636456","0.125"
"1907636456","2081912596","0.875"
"2081912596","1907636456","0.875"
"1907636456","2088146133","0.708333"
"2088146133","1907636456","0.708333"
"1907636456","2118314386","1.375"
"2118314386","1907636456","1.375"
"1907636456","2140949592","0.125"
"2140949592","1907636456","0.125"
"1995092240","2088146133","0.125"
"2088146133","1995092240","0.125"
"1995092240","2118314386","0.125"
"2118314386","1995092240","0.125"
"2081912596","2088146133","0.9"
"2088146133","2081912596","0.9"
"2081912596","2118314386","2.04286"
"2118314386","2081912596","2.04286"
"2088146133","2118314386","1.03333"
"2118314386","2088146133","1.03333"
"2088146133","2140949592","0.25"
"2140949592","2088146133","0.25"
"2118314386","2140949592","0.892857"
"2140949592","2118314386","0.892857"
"1490197836","2206824928","0.166667"
"2206824928","1490197836","0.166667"
"1526502875","2030279442","1.33452"
"2030279442","1526502875","1.33452"
"1526502875","2206824928","0.834524"
"2206824928","1526502875","0.834524"
"2030279442","2118314386","2.16786"
"2118314386","2030279442","2.16786"
"2030279442","2206824928","3.06786"
"2206824928","2030279442","3.06786"
"2081912596","2206824928","2.06786"
"2206824928","2081912596","2.06786"
"2118314386","2206824928","1.16786"
"2206824928","2118314386","1.16786"
"2140949592","2206824928","0.434524"
"2206824928","2140949592","0.434524"
"1490197836","2147479907","0.333333"
"2147479907","1490197836","0.333333"
"1490197836","2164666118","0.333333"
"2164666118","1490197836","0.333333"
"2147479907","2162722036","11.0333"
"2162722036","2147479907","11.0333"
"2147479907","2164666118","0.333333"
"2164666118","2147479907","0.333333"
"2162722036","2164666118","1.33333"
"2164666118","2162722036","1.33333"
"1520652812","1526502875","0.125"
"1526502875","1520652812","0.125"
"1520652812","1698229348","0.125"
"1698229348","1520652812","0.125"
"1520652812","2030279442","0.325"
"2030279442","1520652812","0.325"
"1520652812","2088146133","0.125"
"2088146133","1520652812","0.125"
"1520652812","2118314386","0.125"
"2118314386","1520652812","0.125"
"1520652812","2206824928","0.325"
"2206824928","1520652812","0.325"
"1698229348","2030279442","0.667857"
"2030279442","1698229348","0.667857"
"1698229348","2206824928","0.667857"
"2206824928","1698229348","0.667857"
"2030279442","2088146133","0.525"
"2088146133","2030279442","0.525"
"2088146133","2206824928","0.525"
"2206824928","2088146133","0.525"
"1520652812","2147479907","0.2"
"2147479907","1520652812","0.2"
"1520652812","2162722036","0.2"
"2162722036","1520652812","0.2"
"2030279442","2147479907","0.2"
"2147479907","2030279442","0.2"
"2081912596","2147479907","0.2"
"2147479907","2081912596","0.2"
"2147479907","2206824928","0.2"
"2206824928","2147479907","0.2"
"2162722036","2206824928","0.2"
"2206824928","2162722036","0.2"
"1526502875","2108908993","2.14286"
"2108908993","1526502875","2.14286"
"2108908993","2118314386","2.47619"
"2118314386","2108908993","2.47619"
"1907636456","2108908993","0.666667"
"2108908993","1907636456","0.666667"
"1698229348","2108908993","0.142857"
"2108908993","1698229348","0.142857"
"2030279442","2108908993","0.142857"
"2108908993","2030279442","0.142857"
"2081912596","2108908993","0.142857"
"2108908993","2081912596","0.142857"
"2108908993","2140949592","0.47619"
"2140949592","2108908993","0.47619"
"2108908993","2206824928","0.142857"
"2206824928","2108908993","0.142857"
"1526502875","2005663585","0.333333"
"2005663585","1526502875","0.333333"
"2005663585","2108908993","2.33333"
"2108908993","2005663585","2.33333"
"2005663585","2118314386","0.333333"
"2118314386","2005663585","0.333333"
"1575320610","2108064586","7"
"2108064586","1575320610","7"
"1698229348","2111314586","0.333333"
"2111314586","1698229348","0.333333"
"1698229348","2161834541","0.333333"
"2161834541","1698229348","0.333333"
"2088146133","2111314586","0.333333"
"2111314586","2088146133","0.333333"
"2088146133","2161834541","2.66667"
"2161834541","2088146133","2.66667"
"2111314586","2161834541","2.33333"
"2161834541","2111314586","2.33333"
"1698229348","2044015456","0.533333"
"2044015456","1698229348","0.533333"
"1698229348","2154322583","0.333333"
"2154322583","1698229348","0.333333"
"2044015456","2088146133","0.866667"
"2088146133","2044015456","0.866667"
"2044015456","2154322583","3.66667"
"2154322583","2044015456","3.66667"
"2088146133","2154322583","1.66667"
"2154322583","2088146133","1.66667"
"2030279442","2044015456","0.2"
"2044015456","2030279442","0.2"
"2044015456","2081912596","0.2"
"2081912596","2044015456","0.2"
"2044015456","2206824928","0.2"
"2206824928","2044015456","0.2"
"1907636456","2206824928","1"
"2206824928","1907636456","1"
"2088146133","2108908993","1.33333"
"2108908993","2088146133","1.33333"
"1907636456","2161834541","0.5"
"2161834541","1907636456","0.5"
"2081912596","2161834541","0.5"
"2161834541","2081912596","0.5"
"1907636456","2111314586","0.333333"
"2111314586","1907636456","0.333333"
"1907636456","2148034761","0.333333"
"2148034761","1907636456","0.333333"
"2111314586","2118314386","0.333333"
"2118314386","2111314586","0.333333"
"2111314586","2148034761","0.333333"
"2148034761","2111314586","0.333333"
"2118314386","2148034761","0.333333"
"2148034761","2118314386","0.333333"
"2044015456","2161834541","0.333333"
"2161834541","2044015456","0.333333"
"2154322583","2161834541","0.333333"
"2161834541","2154322583","0.333333"
"2081912596","2164666118","1"
"2164666118","2081912596","1"
"2101534400","2162722036","8.5"
"2162722036","2101534400","8.5"
"2101534400","2147479907","1.5"
"2147479907","2101534400","1.5"
"2105709740","2148034761","22"
"2148034761","2105709740","22"
"2108908993","2154322583","1"
"2154322583","2108908993","1"
"2111314586","2160837767","1"
"2160837767","2111314586","1"
