"102602381","1518194951","0.125"
"1518194951","102602381","0.125"
"102602381","1605756423","0.625"
"1605756423","102602381","0.625"
"102602381","2008120802","0.125"
"2008120802","102602381","0.125"
"102602381","2008440502","0.625"
"2008440502","102602381","0.625"
"102602381","2020271167","0.125"
"2020271167","102602381","0.125"
"102602381","2052884373","0.375"
"2052884373","102602381","0.375"
"102602381","2171166390","0.875"
"2171166390","102602381","0.875"
"102602381","6672874","1.45833"
"6672874","102602381","1.45833"
"1518194951","1605756423","0.75"
"1605756423","1518194951","0.75"
"1518194951","2008120802","5.11667"
"2008120802","1518194951","5.11667"
"1518194951","2008440502","0.559524"
"2008440502","1518194951","0.559524"
"1518194951","2020271167","0.267857"
"2020271167","1518194951","0.267857"
"1518194951","2052884373","1.95"
"2052884373","1518194951","1.95"
"1518194951","2171166390","0.559524"
"2171166390","1518194951","0.559524"
"1518194951","6672874","2.09286"
"6672874","1518194951","2.09286"
"1605756423","2008120802","0.416667"
"2008120802","1605756423","0.416667"
"1605756423","2008440502","5.11667"
"2008440502","1605756423","5.11667"
"1605756423","2020271167","0.658333"
"2020271167","1605756423","0.658333"
"1605756423","2052884373","1.41667"
"2052884373","1605756423","1.41667"
"1605756423","2171166390","1.08333"
"2171166390","1605756423","1.08333"
"1605756423","6672874","1.08333"
"6672874","1605756423","1.08333"
"2008120802","2008440502","0.416667"
"2008440502","2008120802","0.416667"
"2008120802","2020271167","0.125"
"2020271167","2008120802","0.125"
"2008120802","2052884373","1.11667"
"2052884373","2008120802","1.11667"
"2008120802","2171166390","1.41667"
"2171166390","2008120802","1.41667"
"2008120802","6672874","2.61667"
"6672874","2008120802","2.61667"
"2008440502","2020271167","0.467857"
"2020271167","2008440502","0.467857"
"2008440502","2052884373","1.08333"
"2052884373","2008440502","1.08333"
"2008440502","2171166390","1.39286"
"2171166390","2008440502","1.39286"
"2008440502","6672874","0.892857"
"6672874","2008440502","0.892857"
"2020271167","2052884373","0.125"
"2052884373","2020271167","0.125"
"2020271167","2171166390","0.60119"
"2171166390","2020271167","0.60119"
"2020271167","6672874","0.267857"
"6672874","2020271167","0.267857"
"2052884373","2171166390","0.666667"
"2171166390","2052884373","0.666667"
"2052884373","6672874","4.53333"
"6672874","2052884373","4.53333"
"2171166390","6672874","0.809524"
"6672874","2171166390","0.809524"
"102602381","200399860","0.5"
"200399860","102602381","0.5"
"200399860","2008440502","2.45833"
"2008440502","200399860","2.45833"
"102602381","1517106012","0.0833333"
"1517106012","102602381","0.0833333"
"102602381","1591136003","0.0833333"
"1591136003","102602381","0.0833333"
"102602381","1881101619","0.0833333"
"1881101619","102602381","0.0833333"
"102602381","2007757916","0.0833333"
"2007757916","102602381","0.0833333"
"102602381","2037460328","0.0833333"
"2037460328","102602381","0.0833333"
"102602381","2054293658","0.0833333"
"2054293658","102602381","0.0833333"
"102602381","2092499505","0.0833333"
"2092499505","102602381","0.0833333"
"102602381","2107664716","0.0833333"
"2107664716","102602381","0.0833333"
"102602381","2126395594","0.0833333"
"2126395594","102602381","0.0833333"
"102602381","2135203905","0.0833333"
"2135203905","102602381","0.0833333"
"102602381","3015899388","0.0833333"
"3015899388","102602381","0.0833333"
"1517106012","1591136003","0.0833333"
"1591136003","1517106012","0.0833333"
"1517106012","1881101619","0.0833333"
"1881101619","1517106012","0.0833333"
"1517106012","2007757916","1.08333"
"2007757916","1517106012","1.08333"
"1517106012","2037460328","0.0833333"
"2037460328","1517106012","0.0833333"
"1517106012","2054293658","0.0833333"
"2054293658","1517106012","0.0833333"
"1517106012","2092499505","0.0833333"
"2092499505","1517106012","0.0833333"
"1517106012","2107664716","0.0833333"
"2107664716","1517106012","0.0833333"
"1517106012","2126395594","0.0833333"
"2126395594","1517106012","0.0833333"
"1517106012","2135203905","0.0833333"
"2135203905","1517106012","0.0833333"
"1517106012","3015899388","0.0833333"
"3015899388","1517106012","0.0833333"
"1517106012","6672874","0.283333"
"6672874","1517106012","0.283333"
"1591136003","1881101619","0.0833333"
"1881101619","1591136003","0.0833333"
"1591136003","2007757916","0.0833333"
"2007757916","1591136003","0.0833333"
"1591136003","2037460328","0.0833333"
"2037460328","1591136003","0.0833333"
"1591136003","2054293658","0.0833333"
"2054293658","1591136003","0.0833333"
"1591136003","2092499505","0.0833333"
"2092499505","1591136003","0.0833333"
"1591136003","2107664716","0.0833333"
"2107664716","1591136003","0.0833333"
"1591136003","2126395594","0.0833333"
"2126395594","1591136003","0.0833333"
"1591136003","2135203905","0.583333"
"2135203905","1591136003","0.583333"
"1591136003","3015899388","2.41667"
"3015899388","1591136003","2.41667"
"1591136003","6672874","0.0833333"
"6672874","1591136003","0.0833333"
"1881101619","2007757916","0.0833333"
"2007757916","1881101619","0.0833333"
"1881101619","2037460328","0.0833333"
"2037460328","1881101619","0.0833333"
"1881101619","2054293658","0.0833333"
"2054293658","1881101619","0.0833333"
"1881101619","2092499505","0.416667"
"2092499505","1881101619","0.416667"
"1881101619","2107664716","0.0833333"
"2107664716","1881101619","0.0833333"
"1881101619","2126395594","0.0833333"
"2126395594","1881101619","0.0833333"
"1881101619","2135203905","0.416667"
"2135203905","1881101619","0.416667"
"1881101619","3015899388","0.416667"
"3015899388","1881101619","0.416667"
"1881101619","6672874","0.0833333"
"6672874","1881101619","0.0833333"
"2007757916","2037460328","0.583333"
"2037460328","2007757916","0.583333"
"2007757916","2054293658","0.0833333"
"2054293658","2007757916","0.0833333"
"2007757916","2092499505","0.0833333"
"2092499505","2007757916","0.0833333"
"2007757916","2107664716","0.0833333"
"2107664716","2007757916","0.0833333"
"2007757916","2126395594","0.0833333"
"2126395594","2007757916","0.0833333"
"2007757916","2135203905","0.583333"
"2135203905","2007757916","0.583333"
"2007757916","3015899388","0.0833333"
"3015899388","2007757916","0.0833333"
"2007757916","6672874","0.583333"
"6672874","2007757916","0.583333"
"2037460328","2054293658","0.0833333"
"2054293658","2037460328","0.0833333"
"2037460328","2092499505","1.33333"
"2092499505","2037460328","1.33333"
"2037460328","2107664716","0.833333"
"2107664716","2037460328","0.833333"
"2037460328","2126395594","2.5"
"2126395594","2037460328","2.5"
"2037460328","2135203905","3"
"2135203905","2037460328","3"
"2037460328","3015899388","0.916667"
"3015899388","2037460328","0.916667"
"2037460328","6672874","0.416667"
"6672874","2037460328","0.416667"
"2054293658","2092499505","0.0833333"
"2092499505","2054293658","0.0833333"
"2054293658","2107664716","0.0833333"
"2107664716","2054293658","0.0833333"
"2054293658","2126395594","0.0833333"
"2126395594","2054293658","0.0833333"
"2054293658","2135203905","0.0833333"
"2135203905","2054293658","0.0833333"
"2054293658","3015899388","0.0833333"
"3015899388","2054293658","0.0833333"
"2054293658","6672874","0.0833333"
"6672874","2054293658","0.0833333"
"2092499505","2107664716","0.333333"
"2107664716","2092499505","0.333333"
"2092499505","2126395594","0.333333"
"2126395594","2092499505","0.333333"
"2092499505","2135203905","0.916667"
"2135203905","2092499505","0.916667"
"2092499505","3015899388","2.5"
"3015899388","2092499505","2.5"
"2092499505","6672874","0.0833333"
"6672874","2092499505","0.0833333"
"2107664716","2126395594","10.3333"
"2126395594","2107664716","10.3333"
"2107664716","2135203905","0.0833333"
"2135203905","2107664716","0.0833333"
"2107664716","3015899388","0.333333"
"3015899388","2107664716","0.333333"
"2107664716","6672874","0.0833333"
"6672874","2107664716","0.0833333"
"2126395594","2135203905","1.75"
"2135203905","2126395594","1.75"
"2126395594","3015899388","0.333333"
"3015899388","2126395594","0.333333"
"2126395594","6672874","0.583333"
"6672874","2126395594","0.583333"
"2135203905","3015899388","2.16667"
"3015899388","2135203905","2.16667"
"2135203905","6672874","0.416667"
"6672874","2135203905","0.416667"
"3015899388","6672874","0.0833333"
"6672874","3015899388","0.0833333"
"102602381","2120622178","0.25"
"2120622178","102602381","0.25"
"2052884373","2120622178","1.04167"
"2120622178","2052884373","1.04167"
"2120622178","2171166390","0.875"
"2171166390","2120622178","0.875"
"2120622178","6672874","0.708333"
"6672874","2120622178","0.708333"
"145966748","2063278540","1.5"
"2063278540","145966748","1.5"
"145966748","61249025","5.5"
"61249025","145966748","5.5"
"145966748","3011259503","1"
"3011259503","145966748","1"
"3011259503","61249025","1.5"
"61249025","3011259503","1.5"
"145966748","871840530","2"
"871840530","145966748","2"
"3011259503","871840530","0.5"
"871840530","3011259503","0.5"
"2063278540","871840530","0.833333"
"871840530","2063278540","0.833333"
"1494185004","2092499505","1"
"2092499505","1494185004","1"
"1494185004","2050277183","1.5"
"2050277183","1494185004","1.5"
"1494185004","3015899388","0.5"
"3015899388","1494185004","0.5"
"2050277183","3015899388","3.16667"
"3015899388","2050277183","3.16667"
"1494185004","2037460328","0.5"
"2037460328","1494185004","0.5"
"1494185004","2115612656","0.5"
"2115612656","1494185004","0.5"
"2037460328","2115612656","2.5"
"2115612656","2037460328","2.5"
"1499632417","2008440502","0.333333"
"2008440502","1499632417","0.333333"
"1499632417","2037460328","3.58333"
"2037460328","1499632417","3.58333"
"1499632417","66103958","1.75"
"66103958","1499632417","1.75"
"2008440502","2037460328","0.666667"
"2037460328","2008440502","0.666667"
"2008440502","66103958","0.333333"
"66103958","2008440502","0.333333"
"2037460328","66103958","2.16667"
"66103958","2037460328","2.16667"
"1499632417","1517106012","0.333333"
"1517106012","1499632417","0.333333"
"1499632417","2511623770","0.666667"
"2511623770","1499632417","0.666667"
"1517106012","2511623770","0.533333"
"2511623770","1517106012","0.533333"
"1517106012","66103958","0.333333"
"66103958","1517106012","0.333333"
"2511623770","66103958","0.416667"
"66103958","2511623770","0.416667"
"1499632417","2135203905","0.25"
"2135203905","1499632417","0.25"
"1499632417","3015899388","0.25"
"3015899388","1499632417","0.25"
"2037460328","2511623770","0.25"
"2511623770","2037460328","0.25"
"2135203905","2511623770","0.25"
"2511623770","2135203905","0.25"
"2511623770","3015899388","0.25"
"3015899388","2511623770","0.25"
"1499632417","1600403800","0.0833333"
"1600403800","1499632417","0.0833333"
"1499632417","188889760","0.0833333"
"188889760","1499632417","0.0833333"
"1499632417","1985620914","0.0833333"
"1985620914","1499632417","0.0833333"
"1499632417","2021557227","0.0833333"
"2021557227","1499632417","0.0833333"
"1499632417","2072807459","0.0833333"
"2072807459","1499632417","0.0833333"
"1499632417","2092499505","0.0833333"
"2092499505","1499632417","0.0833333"
"1499632417","2758976113","0.0833333"
"2758976113","1499632417","0.0833333"
"1499632417","2792069973","0.0833333"
"2792069973","1499632417","0.0833333"
"1499632417","2917247870","0.0833333"
"2917247870","1499632417","0.0833333"
"1499632417","2967090402","0.0833333"
"2967090402","1499632417","0.0833333"
"1600403800","188889760","0.559524"
"188889760","1600403800","0.559524"
"1600403800","1985620914","0.0833333"
"1985620914","1600403800","0.0833333"
"1600403800","2021557227","0.0833333"
"2021557227","1600403800","0.0833333"
"1600403800","2072807459","0.0833333"
"2072807459","1600403800","0.0833333"
"1600403800","2092499505","0.0833333"
"2092499505","1600403800","0.0833333"
"1600403800","2511623770","0.0833333"
"2511623770","1600403800","0.0833333"
"1600403800","2758976113","0.0833333"
"2758976113","1600403800","0.0833333"
"1600403800","2792069973","0.0833333"
"2792069973","1600403800","0.0833333"
"1600403800","2917247870","0.0833333"
"2917247870","1600403800","0.0833333"
"1600403800","2967090402","0.0833333"
"2967090402","1600403800","0.0833333"
"1600403800","66103958","0.0833333"
"66103958","1600403800","0.0833333"
"188889760","1985620914","0.416667"
"1985620914","188889760","0.416667"
"188889760","2021557227","0.0833333"
"2021557227","188889760","0.0833333"
"188889760","2072807459","0.0833333"
"2072807459","188889760","0.0833333"
"188889760","2092499505","0.0833333"
"2092499505","188889760","0.0833333"
"188889760","2511623770","0.0833333"
"2511623770","188889760","0.0833333"
"188889760","2758976113","0.0833333"
"2758976113","188889760","0.0833333"
"188889760","2792069973","0.583333"
"2792069973","188889760","0.583333"
"188889760","2917247870","0.583333"
"2917247870","188889760","0.583333"
"188889760","2967090402","0.0833333"
"2967090402","188889760","0.0833333"
"188889760","66103958","0.0833333"
"66103958","188889760","0.0833333"
"1985620914","2021557227","0.416667"
"2021557227","1985620914","0.416667"
"1985620914","2072807459","0.416667"
"2072807459","1985620914","0.416667"
"1985620914","2092499505","0.0833333"
"2092499505","1985620914","0.0833333"
"1985620914","2511623770","0.0833333"
"2511623770","1985620914","0.0833333"
"1985620914","2758976113","2.08333"
"2758976113","1985620914","2.08333"
"1985620914","2792069973","0.0833333"
"2792069973","1985620914","0.0833333"
"1985620914","2917247870","0.0833333"
"2917247870","1985620914","0.0833333"
"1985620914","2967090402","0.0833333"
"2967090402","1985620914","0.0833333"
"1985620914","66103958","0.0833333"
"66103958","1985620914","0.0833333"
"2021557227","2072807459","2.75"
"2072807459","2021557227","2.75"
"2021557227","2092499505","0.0833333"
"2092499505","2021557227","0.0833333"
"2021557227","2511623770","0.0833333"
"2511623770","2021557227","0.0833333"
"2021557227","2758976113","0.0833333"
"2758976113","2021557227","0.0833333"
"2021557227","2792069973","0.333333"
"2792069973","2021557227","0.333333"
"2021557227","2917247870","0.333333"
"2917247870","2021557227","0.333333"
"2021557227","2967090402","0.0833333"
"2967090402","2021557227","0.0833333"
"2021557227","66103958","0.0833333"
"66103958","2021557227","0.0833333"
"2072807459","2092499505","0.0833333"
"2092499505","2072807459","0.0833333"
"2072807459","2511623770","0.0833333"
"2511623770","2072807459","0.0833333"
"2072807459","2758976113","0.0833333"
"2758976113","2072807459","0.0833333"
"2072807459","2792069973","0.0833333"
"2792069973","2072807459","0.0833333"
"2072807459","2917247870","0.0833333"
"2917247870","2072807459","0.0833333"
"2072807459","2967090402","0.0833333"
"2967090402","2072807459","0.0833333"
"2072807459","66103958","2.08333"
"66103958","2072807459","2.08333"
"2092499505","2511623770","0.0833333"
"2511623770","2092499505","0.0833333"
"2092499505","2758976113","0.0833333"
"2758976113","2092499505","0.0833333"
"2092499505","2792069973","0.0833333"
"2792069973","2092499505","0.0833333"
"2092499505","2917247870","0.0833333"
"2917247870","2092499505","0.0833333"
"2092499505","2967090402","0.0833333"
"2967090402","2092499505","0.0833333"
"2092499505","66103958","1.41667"
"66103958","2092499505","1.41667"
"2511623770","2758976113","0.0833333"
"2758976113","2511623770","0.0833333"
"2511623770","2792069973","0.0833333"
"2792069973","2511623770","0.0833333"
"2511623770","2917247870","1.08333"
"2917247870","2511623770","1.08333"
"2511623770","2967090402","0.0833333"
"2967090402","2511623770","0.0833333"
"2758976113","2792069973","0.0833333"
"2792069973","2758976113","0.0833333"
"2758976113","2917247870","0.0833333"
"2917247870","2758976113","0.0833333"
"2758976113","2967090402","0.0833333"
"2967090402","2758976113","0.0833333"
"2758976113","66103958","0.0833333"
"66103958","2758976113","0.0833333"
"2792069973","2917247870","13"
"2917247870","2792069973","13"
"2792069973","2967090402","0.0833333"
"2967090402","2792069973","0.0833333"
"2792069973","66103958","0.0833333"
"66103958","2792069973","0.0833333"
"2917247870","2967090402","0.0833333"
"2967090402","2917247870","0.0833333"
"2917247870","66103958","0.0833333"
"66103958","2917247870","0.0833333"
"2967090402","66103958","0.0833333"
"66103958","2967090402","0.0833333"
"1517106012","1518194951","0.2"
"1518194951","1517106012","0.2"
"1517106012","2008120802","0.2"
"2008120802","1517106012","0.2"
"1517106012","2052884373","0.2"
"2052884373","1517106012","0.2"
"1518194951","2511623770","0.2"
"2511623770","1518194951","0.2"
"2008120802","2511623770","0.2"
"2511623770","2008120802","0.2"
"2052884373","2511623770","0.2"
"2511623770","2052884373","0.2"
"2511623770","6672874","0.2"
"6672874","2511623770","0.2"
"1518194951","1600403800","0.142857"
"1600403800","1518194951","0.142857"
"1518194951","1983953047","0.142857"
"1983953047","1518194951","0.142857"
"1518194951","2021065745","0.142857"
"2021065745","1518194951","0.142857"
"1600403800","1983953047","6.78571"
"1983953047","1600403800","6.78571"
"1600403800","2008440502","0.142857"
"2008440502","1600403800","0.142857"
"1600403800","2020271167","0.142857"
"2020271167","1600403800","0.142857"
"1600403800","2021065745","3.78571"
"2021065745","1600403800","3.78571"
"1600403800","2171166390","0.142857"
"2171166390","1600403800","0.142857"
"1600403800","6672874","0.142857"
"6672874","1600403800","0.142857"
"1983953047","2008440502","0.342857"
"2008440502","1983953047","0.342857"
"1983953047","2020271167","0.342857"
"2020271167","1983953047","0.342857"
"1983953047","2021065745","7.78571"
"2021065745","1983953047","7.78571"
"1983953047","2171166390","0.142857"
"2171166390","1983953047","0.142857"
"1983953047","6672874","0.142857"
"6672874","1983953047","0.142857"
"2008440502","2021065745","0.142857"
"2021065745","2008440502","0.142857"
"2020271167","2021065745","0.142857"
"2021065745","2020271167","0.142857"
"2021065745","2171166390","0.142857"
"2171166390","2021065745","0.142857"
"2021065745","6672874","0.142857"
"6672874","2021065745","0.142857"
"1518194951","2120622178","0.458333"
"2120622178","1518194951","0.458333"
"1605756423","2120622178","0.958333"
"2120622178","1605756423","0.958333"
"2008120802","2120622178","0.458333"
"2120622178","2008120802","0.458333"
"2008440502","2120622178","1.95833"
"2120622178","2008440502","1.95833"
"1518194951","2126395594","0.166667"
"2126395594","1518194951","0.166667"
"2008120802","2126395594","0.166667"
"2126395594","2008120802","0.166667"
"2052884373","2126395594","0.166667"
"2126395594","2052884373","0.166667"
"2120622178","2126395594","0.5"
"2126395594","2120622178","0.5"
"2126395594","2171166390","0.166667"
"2171166390","2126395594","0.166667"
"1518194951","200399860","0.125"
"200399860","1518194951","0.125"
"1605756423","200399860","0.958333"
"200399860","1605756423","0.958333"
"200399860","2008120802","0.125"
"2008120802","200399860","0.125"
"200399860","2052884373","0.125"
"2052884373","200399860","0.125"
"200399860","2120622178","0.125"
"2120622178","200399860","0.125"
"200399860","2171166390","0.125"
"2171166390","200399860","0.125"
"200399860","6672874","0.125"
"6672874","200399860","0.125"
"1568970904","188889760","0.333333"
"188889760","1568970904","0.333333"
"1568970904","2054293658","0.333333"
"2054293658","1568970904","0.333333"
"1568970904","2075702257","0.666667"
"2075702257","1568970904","0.666667"
"188889760","2054293658","9.47619"
"2054293658","188889760","9.47619"
"188889760","2075702257","0.47619"
"2075702257","188889760","0.47619"
"2054293658","2075702257","0.47619"
"2075702257","2054293658","0.47619"
"1568970904","2037460328","1"
"2037460328","1568970904","1"
"1568970904","1600403800","1.83333"
"1600403800","1568970904","1.83333"
"1568970904","2018485763","0.833333"
"2018485763","1568970904","0.833333"
"1600403800","2018485763","1.83333"
"2018485763","1600403800","1.83333"
"1600403800","2075702257","0.47619"
"2075702257","1600403800","0.47619"
"2018485763","2075702257","0.333333"
"2075702257","2018485763","0.333333"
"1591136003","2511623770","2"
"2511623770","1591136003","2"
"1591136003","2792069973","0.333333"
"2792069973","1591136003","0.333333"
"1591136003","2917247870","0.333333"
"2917247870","1591136003","0.333333"
"2792069973","3015899388","0.666667"
"3015899388","2792069973","0.666667"
"2917247870","3015899388","1.66667"
"3015899388","2917247870","1.66667"
"1591136003","66103958","0.5"
"66103958","1591136003","0.5"
"2135203905","66103958","1.33333"
"66103958","2135203905","1.33333"
"1600403800","61249025","1.47619"
"61249025","1600403800","1.47619"
"1600403800","2054293658","0.47619"
"2054293658","1600403800","0.47619"
"1600403800","2063278540","0.142857"
"2063278540","1600403800","0.142857"
"188889760","1983953047","0.142857"
"1983953047","188889760","0.142857"
"188889760","2021065745","0.142857"
"2021065745","188889760","0.142857"
"188889760","2063278540","1.80952"
"2063278540","188889760","1.80952"
"188889760","61249025","0.47619"
"61249025","188889760","0.47619"
"1983953047","2054293658","0.142857"
"2054293658","1983953047","0.142857"
"1983953047","2063278540","0.142857"
"2063278540","1983953047","0.142857"
"1983953047","2075702257","0.142857"
"2075702257","1983953047","0.142857"
"1983953047","61249025","0.142857"
"61249025","1983953047","0.142857"
"2021065745","2054293658","0.142857"
"2054293658","2021065745","0.142857"
"2021065745","2063278540","0.142857"
"2063278540","2021065745","0.142857"
"2021065745","2075702257","0.142857"
"2075702257","2021065745","0.142857"
"2021065745","61249025","0.142857"
"61249025","2021065745","0.142857"
"2054293658","2063278540","1.80952"
"2063278540","2054293658","1.80952"
"2054293658","61249025","0.47619"
"61249025","2054293658","0.47619"
"2063278540","2075702257","0.142857"
"2075702257","2063278540","0.142857"
"2063278540","61249025","0.142857"
"61249025","2063278540","0.142857"
"2075702257","61249025","0.142857"
"61249025","2075702257","0.142857"
"1605756423","2037460328","0.333333"
"2037460328","1605756423","0.333333"
"200399860","2037460328","0.333333"
"2037460328","200399860","0.333333"
"1605756423","1983953047","0.2"
"1983953047","1605756423","0.2"
"1605756423","2018485763","0.2"
"2018485763","1605756423","0.2"
"1605756423","2126395594","0.2"
"2126395594","1605756423","0.2"
"1983953047","2018485763","0.2"
"2018485763","1983953047","0.2"
"1983953047","2126395594","0.2"
"2126395594","1983953047","0.2"
"2008440502","2018485763","0.2"
"2018485763","2008440502","0.2"
"2008440502","2126395594","0.533333"
"2126395594","2008440502","0.533333"
"2018485763","2020271167","0.2"
"2020271167","2018485763","0.2"
"2018485763","2126395594","0.2"
"2126395594","2018485763","0.2"
"2020271167","2126395594","0.2"
"2126395594","2020271167","0.2"
"2020271167","2120622178","0.333333"
"2120622178","2020271167","0.333333"
"1608237398","2037460328","1.33333"
"2037460328","1608237398","1.33333"
"1608237398","2126395594","4.25"
"2126395594","1608237398","4.25"
"1608237398","2107664716","2"
"2107664716","1608237398","2"
"1608237398","2021557227","0.583333"
"2021557227","1608237398","0.583333"
"1608237398","2124031328","0.333333"
"2124031328","1608237398","0.333333"
"2021557227","2037460328","0.833333"
"2037460328","2021557227","0.833333"
"2021557227","2124031328","0.333333"
"2124031328","2021557227","0.333333"
"2037460328","2124031328","0.333333"
"2124031328","2037460328","0.333333"
"1608237398","2792069973","0.25"
"2792069973","1608237398","0.25"
"1608237398","2917247870","0.25"
"2917247870","1608237398","0.25"
"2021557227","2126395594","0.25"
"2126395594","2021557227","0.25"
"2126395594","2792069973","0.25"
"2792069973","2126395594","0.25"
"2126395594","2917247870","0.25"
"2917247870","2126395594","0.25"
"1881101619","2008120802","1"
"2008120802","1881101619","1"
"1881101619","2072807459","0.5"
"2072807459","1881101619","0.5"
"1881101619","66103958","0.5"
"66103958","1881101619","0.5"
"1985620914","2054293658","0.333333"
"2054293658","1985620914","0.333333"
"1985620914","2063278540","0.333333"
"2063278540","1985620914","0.333333"
"188889760","871840530","0.333333"
"871840530","188889760","0.333333"
"2054293658","871840530","0.333333"
"871840530","2054293658","0.333333"
"1971318885","72710100","3"
"72710100","1971318885","3"
"1971318885","2037460328","1"
"2037460328","1971318885","1"
"1983953047","2917247870","1"
"2917247870","1983953047","1"
"1985620914","2294826626","0.333333"
"2294826626","1985620914","0.333333"
"2021557227","2294826626","3.16667"
"2294826626","2021557227","3.16667"
"2072807459","2294826626","1.16667"
"2294826626","2072807459","1.16667"
"1985620914","871840530","1"
"871840530","1985620914","1"
"198782872","66103958","5.5"
"66103958","198782872","5.5"
"198782872","2072807459","0.833333"
"2072807459","198782872","0.833333"
"198782872","2050277183","0.333333"
"2050277183","198782872","0.333333"
"198782872","3015899388","0.333333"
"3015899388","198782872","0.333333"
"2050277183","2072807459","0.333333"
"2072807459","2050277183","0.333333"
"2072807459","3015899388","0.333333"
"3015899388","2072807459","0.333333"
"2007757916","2008120802","0.5"
"2008120802","2007757916","0.5"
"2008440502","2402147252","0.333333"
"2402147252","2008440502","0.333333"
"2120622178","2402147252","2.33333"
"2402147252","2120622178","2.33333"
"2126395594","2402147252","0.333333"
"2402147252","2126395594","0.333333"
"2021557227","2035248979","11.8333"
"2035248979","2021557227","11.8333"
"2021557227","3015899388","0.5"
"3015899388","2021557227","0.5"
"2035248979","3015899388","0.5"
"3015899388","2035248979","0.5"
"2035248979","2294826626","1.33333"
"2294826626","2035248979","1.33333"
"2035248979","2072807459","2.83333"
"2072807459","2035248979","2.83333"
"2035248979","2037460328","0.5"
"2037460328","2035248979","0.5"
"2021557227","871840530","1"
"871840530","2021557227","1"
"2037290063","2201294653","8.5"
"2201294653","2037290063","8.5"
"2037290063","2037460328","0.5"
"2037460328","2037290063","0.5"
"2037460328","2201294653","0.5"
"2201294653","2037460328","0.5"
"2037460328","2792069973","0.333333"
"2792069973","2037460328","0.333333"
"2037460328","2917247870","0.333333"
"2917247870","2037460328","0.333333"
"2126395594","66103958","0.333333"
"66103958","2126395594","0.333333"
"2037460328","2758976113","1"
"2758976113","2037460328","1"
"2050277183","2092499505","0.333333"
"2092499505","2050277183","0.333333"
"2050277183","66103958","1.33333"
"66103958","2050277183","1.33333"
"3015899388","66103958","0.333333"
"66103958","3015899388","0.333333"
"2063278540","72710100","1"
"72710100","2063278540","1"
"2107664716","2124031328","0.5"
"2124031328","2107664716","0.5"
"2124031328","2126395594","0.5"
"2126395594","2124031328","0.5"
"2792069973","2793317603","2.5"
"2793317603","2792069973","2.5"
"2793317603","2917247870","5.5"
"2917247870","2793317603","5.5"
