"121678118","1996126974","0.333333"
"1996126974","121678118","0.333333"
"121678118","2067430117","0.333333"
"2067430117","121678118","0.333333"
"121678118","2082767672","0.333333"
"2082767672","121678118","0.333333"
"1996126974","2067430117","0.333333"
"2067430117","1996126974","0.333333"
"1996126974","2082767672","0.333333"
"2082767672","1996126974","0.333333"
"2067430117","2082767672","1.33333"
"2082767672","2067430117","1.33333"
"121678118","1766620087","0.916667"
"1766620087","121678118","0.916667"
"121678118","202036466","0.333333"
"202036466","121678118","0.333333"
"121678118","2040988073","0.916667"
"2040988073","121678118","0.916667"
"1766620087","202036466","0.333333"
"202036466","1766620087","0.333333"
"1766620087","2040988073","0.333333"
"2040988073","1766620087","0.333333"
"202036466","2040988073","1.33333"
"2040988073","202036466","1.33333"
"121678118","1545037611","2.08333"
"1545037611","121678118","2.08333"
"121678118","1597903868","1.08333"
"1597903868","121678118","1.08333"
"121678118","2011560024","1.83333"
"2011560024","121678118","1.83333"
"121678118","2032417141","0.5"
"2032417141","121678118","0.5"
"1597903868","2011560024","1.25"
"2011560024","1597903868","1.25"
"1597903868","2032417141","0.25"
"2032417141","1597903868","0.25"
"1597903868","2040988073","0.25"
"2040988073","1597903868","0.25"
"2011560024","2032417141","0.833333"
"2032417141","2011560024","0.833333"
"2011560024","2040988073","2.66667"
"2040988073","2011560024","2.66667"
"2032417141","2040988073","6.28333"
"2040988073","2032417141","6.28333"
"121678118","1551438051","1.66667"
"1551438051","121678118","1.66667"
"121678118","2142104809","1.66667"
"2142104809","121678118","1.66667"
"1551438051","2040988073","0.333333"
"2040988073","1551438051","0.333333"
"1551438051","2142104809","3.16667"
"2142104809","1551438051","3.16667"
"2040988073","2142104809","0.333333"
"2142104809","2040988073","0.333333"
"121678118","12744359","1"
"12744359","121678118","1"
"1597903868","2142104809","3.58333"
"2142104809","1597903868","3.58333"
"121678118","1976199582","0.5"
"1976199582","121678118","0.5"
"1545037611","1766620087","1.41667"
"1766620087","1545037611","1.41667"
"1545037611","1976199582","0.25"
"1976199582","1545037611","0.25"
"1545037611","2011560024","1.58333"
"2011560024","1545037611","1.58333"
"1766620087","1976199582","0.25"
"1976199582","1766620087","0.25"
"1766620087","2011560024","1.08333"
"2011560024","1766620087","1.08333"
"1976199582","2011560024","0.5"
"2011560024","1976199582","0.5"
"1551438051","2011560024","0.5"
"2011560024","1551438051","0.5"
"1551438051","2032417141","0.25"
"2032417141","1551438051","0.25"
"2011560024","2142104809","0.5"
"2142104809","2011560024","0.5"
"2032417141","2142104809","0.25"
"2142104809","2032417141","0.25"
"121678118","2137159063","1"
"2137159063","121678118","1"
"121678118","2056082077","0.166667"
"2056082077","121678118","0.166667"
"121678118","2097832942","0.166667"
"2097832942","121678118","0.166667"
"121678118","2110429372","0.166667"
"2110429372","121678118","0.166667"
"121678118","2147153184","0.166667"
"2147153184","121678118","0.166667"
"121678118","2158034531","0.166667"
"2158034531","121678118","0.166667"
"121678118","2158851034","0.166667"
"2158851034","121678118","0.166667"
"2056082077","2097832942","0.409524"
"2097832942","2056082077","0.409524"
"2056082077","2110429372","4.45238"
"2110429372","2056082077","4.45238"
"2056082077","2147153184","27.1302"
"2147153184","2056082077","27.1302"
"2056082077","2158034531","8.88016"
"2158034531","2056082077","8.88016"
"2056082077","2158851034","0.409524"
"2158851034","2056082077","0.409524"
"2097832942","2110429372","0.628822"
"2110429372","2097832942","0.628822"
"2097832942","2147153184","0.462155"
"2147153184","2097832942","0.462155"
"2097832942","2158034531","1.12882"
"2158034531","2097832942","1.12882"
"2097832942","2158851034","9.57882"
"2158851034","2097832942","9.57882"
"2110429372","2147153184","2.33835"
"2147153184","2110429372","2.33835"
"2110429372","2158034531","14.4098"
"2158034531","2110429372","14.4098"
"2110429372","2158851034","0.700251"
"2158851034","2110429372","0.700251"
"2147153184","2158034531","4.26612"
"2158034531","2147153184","4.26612"
"2147153184","2158851034","0.462155"
"2158851034","2147153184","0.462155"
"2158034531","2158851034","1.20025"
"2158851034","2158034531","1.20025"
"121678118","2053503869","0.5"
"2053503869","121678118","0.5"
"1551438051","2053503869","0.5"
"2053503869","1551438051","0.5"
"1551438051","1976199582","0.25"
"1976199582","1551438051","0.25"
"1976199582","2142104809","0.25"
"2142104809","1976199582","0.25"
"1551438051","1597903868","0.833333"
"1597903868","1551438051","0.833333"
"12744359","2032417141","1.33333"
"2032417141","12744359","1.33333"
"12744359","2082767672","0.5"
"2082767672","12744359","0.5"
"2032417141","2082767672","0.666667"
"2082767672","2032417141","0.666667"
"12744359","2040988073","3.15"
"2040988073","12744359","3.15"
"12744359","1578685883","0.2"
"1578685883","12744359","0.2"
"12744359","2056082077","0.2"
"2056082077","12744359","0.2"
"12744359","2062282899","0.2"
"2062282899","12744359","0.2"
"12744359","2147153184","0.2"
"2147153184","12744359","0.2"
"1578685883","2040988073","0.2"
"2040988073","1578685883","0.2"
"1578685883","2056082077","0.2"
"2056082077","1578685883","0.2"
"1578685883","2062282899","0.2"
"2062282899","1578685883","0.2"
"1578685883","2147153184","0.2"
"2147153184","1578685883","0.2"
"2040988073","2056082077","0.2"
"2056082077","2040988073","0.2"
"2040988073","2062282899","0.2"
"2062282899","2040988073","0.2"
"2040988073","2147153184","0.252632"
"2147153184","2040988073","0.252632"
"2056082077","2062282899","2.6"
"2062282899","2056082077","2.6"
"2062282899","2147153184","2.6"
"2147153184","2062282899","2.6"
"12744359","2613423924","1"
"2613423924","12744359","1"
"12744359","1529427704","0.166667"
"1529427704","12744359","0.166667"
"12744359","166245157","0.616667"
"166245157","12744359","0.616667"
"12744359","1984295127","0.416667"
"1984295127","12744359","0.416667"
"12744359","2011560024","0.75"
"2011560024","12744359","0.75"
"12744359","2097344379","0.166667"
"2097344379","12744359","0.166667"
"1529427704","166245157","0.166667"
"166245157","1529427704","0.166667"
"1529427704","1984295127","5.66667"
"1984295127","1529427704","5.66667"
"1529427704","2011560024","0.166667"
"2011560024","1529427704","0.166667"
"1529427704","2040988073","0.166667"
"2040988073","1529427704","0.166667"
"1529427704","2097344379","1.16667"
"2097344379","1529427704","1.16667"
"166245157","1984295127","0.166667"
"1984295127","166245157","0.166667"
"166245157","2011560024","0.166667"
"2011560024","166245157","0.166667"
"166245157","2040988073","0.616667"
"2040988073","166245157","0.616667"
"166245157","2097344379","0.166667"
"2097344379","166245157","0.166667"
"1984295127","2011560024","0.416667"
"2011560024","1984295127","0.416667"
"1984295127","2040988073","0.916667"
"2040988073","1984295127","0.916667"
"1984295127","2097344379","0.166667"
"2097344379","1984295127","0.166667"
"2011560024","2097344379","0.166667"
"2097344379","2011560024","0.166667"
"2040988073","2097344379","0.166667"
"2097344379","2040988073","0.166667"
"12744359","1538845036","0.45"
"1538845036","12744359","0.45"
"12744359","2097832942","0.2"
"2097832942","12744359","0.2"
"12744359","2158851034","0.2"
"2158851034","12744359","0.2"
"1538845036","166245157","0.2"
"166245157","1538845036","0.2"
"1538845036","2040988073","2.36667"
"2040988073","1538845036","2.36667"
"1538845036","2097832942","0.2"
"2097832942","1538845036","0.2"
"1538845036","2158851034","0.2"
"2158851034","1538845036","0.2"
"166245157","2097832942","0.2"
"2097832942","166245157","0.2"
"166245157","2158851034","0.2"
"2158851034","166245157","0.2"
"2040988073","2097832942","0.252632"
"2097832942","2040988073","0.252632"
"2040988073","2158851034","1.25263"
"2158851034","2040988073","1.25263"
"12744359","1938075123","0.25"
"1938075123","12744359","0.25"
"12744359","2015068727","0.5"
"2015068727","12744359","0.5"
"166245157","1938075123","0.25"
"1938075123","166245157","0.25"
"166245157","2015068727","0.25"
"2015068727","166245157","0.25"
"1938075123","2015068727","0.25"
"2015068727","1938075123","0.25"
"1938075123","2040988073","0.802632"
"2040988073","1938075123","0.802632"
"2015068727","2040988073","4.11667"
"2040988073","2015068727","4.11667"
"12744359","1552113525","0.25"
"1552113525","12744359","0.25"
"1538845036","1552113525","0.416667"
"1552113525","1538845036","0.416667"
"1538845036","2015068727","0.666667"
"2015068727","1538845036","0.666667"
"1552113525","2015068727","0.95"
"2015068727","1552113525","0.95"
"1552113525","2040988073","0.95"
"2040988073","1552113525","0.95"
"12744359","1996126974","0.25"
"1996126974","12744359","0.25"
"1984295127","1996126974","2.66667"
"1996126974","1984295127","2.66667"
"1996126974","2011560024","0.25"
"2011560024","1996126974","0.25"
"1996126974","2040988073","0.25"
"2040988073","1996126974","0.25"
"1482493827","1981303443","1.07143"
"1981303443","1482493827","1.07143"
"1482493827","1597903868","0.333333"
"1597903868","1482493827","0.333333"
"1482493827","1976199582","0.333333"
"1976199582","1482493827","0.333333"
"1482493827","2015068727","0.533333"
"2015068727","1482493827","0.533333"
"1597903868","1976199582","0.333333"
"1976199582","1597903868","0.333333"
"1597903868","2015068727","0.333333"
"2015068727","1597903868","0.333333"
"1976199582","2015068727","0.833333"
"2015068727","1976199582","0.833333"
"1482493827","2137159063","1"
"2137159063","1482493827","1"
"1482493827","1529427704","0.2"
"1529427704","1482493827","0.2"
"1482493827","2032417141","0.2"
"2032417141","1482493827","0.2"
"1482493827","2056082077","0.4"
"2056082077","1482493827","0.4"
"1482493827","2147153184","0.4"
"2147153184","1482493827","0.4"
"1529427704","2015068727","0.2"
"2015068727","1529427704","0.2"
"1529427704","2032417141","0.2"
"2032417141","1529427704","0.2"
"1529427704","2056082077","0.2"
"2056082077","1529427704","0.2"
"1529427704","2147153184","0.2"
"2147153184","1529427704","0.2"
"2015068727","2032417141","1.4"
"2032417141","2015068727","1.4"
"2015068727","2056082077","0.2"
"2056082077","2015068727","0.2"
"2015068727","2147153184","0.2"
"2147153184","2015068727","0.2"
"2032417141","2056082077","0.2"
"2056082077","2032417141","0.2"
"2032417141","2147153184","0.2"
"2147153184","2032417141","0.2"
"1482493827","2407085441","1.07143"
"2407085441","1482493827","1.07143"
"1482493827","1938075123","0.0714286"
"1938075123","1482493827","0.0714286"
"1482493827","1994898684","0.0714286"
"1994898684","1482493827","0.0714286"
"1482493827","2029552114","0.0714286"
"2029552114","1482493827","0.0714286"
"1482493827","2037540062","0.0714286"
"2037540062","1482493827","0.0714286"
"1482493827","2037738046","0.0714286"
"2037738046","1482493827","0.0714286"
"1482493827","2110429372","0.0714286"
"2110429372","1482493827","0.0714286"
"1482493827","2121028897","0.0714286"
"2121028897","1482493827","0.0714286"
"1482493827","2128869439","0.0714286"
"2128869439","1482493827","0.0714286"
"1482493827","2137486890","0.0714286"
"2137486890","1482493827","0.0714286"
"1482493827","2150269262","1.60476"
"2150269262","1482493827","1.60476"
"1482493827","2158034531","0.0714286"
"2158034531","1482493827","0.0714286"
"1482493827","2158851034","0.0714286"
"2158851034","1482493827","0.0714286"
"1938075123","1981303443","4.55739"
"1981303443","1938075123","4.55739"
"1938075123","1994898684","0.12406"
"1994898684","1938075123","0.12406"
"1938075123","2029552114","1.49906"
"2029552114","1938075123","1.49906"
"1938075123","2037540062","0.12406"
"2037540062","1938075123","0.12406"
"1938075123","2037738046","0.12406"
"2037738046","1938075123","0.12406"
"1938075123","2110429372","4.24906"
"2110429372","1938075123","4.24906"
"1938075123","2121028897","0.37406"
"2121028897","1938075123","0.37406"
"1938075123","2128869439","0.37406"
"2128869439","1938075123","0.37406"
"1938075123","2137486890","1.04073"
"2137486890","1938075123","1.04073"
"1938075123","2150269262","0.0714286"
"2150269262","1938075123","0.0714286"
"1938075123","2158034531","4.24906"
"2158034531","1938075123","4.24906"
"1938075123","2158851034","1.22406"
"2158851034","1938075123","1.22406"
"1938075123","2407085441","0.296429"
"2407085441","1938075123","0.296429"
"1981303443","1994898684","0.568505"
"1994898684","1981303443","0.568505"
"1981303443","2029552114","0.728028"
"2029552114","1981303443","0.728028"
"1981303443","2037540062","0.49906"
"2037540062","1981303443","0.49906"
"1981303443","2037738046","0.37406"
"2037738046","1981303443","0.37406"
"1981303443","2110429372","1.38477"
"2110429372","1981303443","1.38477"
"1981303443","2121028897","0.49906"
"2121028897","1981303443","0.49906"
"1981303443","2128869439","1.85025"
"2128869439","1981303443","1.85025"
"1981303443","2137486890","0.753028"
"2137486890","1981303443","0.753028"
"1981303443","2150269262","0.0714286"
"2150269262","1981303443","0.0714286"
"1981303443","2158034531","1.32922"
"2158034531","1981303443","1.32922"
"1981303443","2158851034","3.78358"
"2158851034","1981303443","3.78358"
"1981303443","2407085441","0.171429"
"2407085441","1981303443","0.171429"
"1994898684","2029552114","3.38517"
"2029552114","1994898684","3.38517"
"1994898684","2037540062","0.12406"
"2037540062","1994898684","0.12406"
"1994898684","2037738046","0.12406"
"2037738046","1994898684","0.12406"
"1994898684","2110429372","0.62406"
"2110429372","1994898684","0.62406"
"1994898684","2121028897","0.12406"
"2121028897","1994898684","0.12406"
"1994898684","2128869439","0.12406"
"2128869439","1994898684","0.12406"
"1994898684","2137486890","2.5185"
"2137486890","1994898684","2.5185"
"1994898684","2150269262","0.0714286"
"2150269262","1994898684","0.0714286"
"1994898684","2158034531","9.77803"
"2158034531","1994898684","9.77803"
"1994898684","2158851034","0.12406"
"2158851034","1994898684","0.12406"
"1994898684","2407085441","1.83095"
"2407085441","1994898684","1.83095"
"2029552114","2037540062","0.12406"
"2037540062","2029552114","0.12406"
"2029552114","2037738046","0.12406"
"2037738046","2029552114","0.12406"
"2029552114","2110429372","1.39192"
"2110429372","2029552114","1.39192"
"2029552114","2121028897","0.12406"
"2121028897","2029552114","0.12406"
"2029552114","2128869439","0.12406"
"2128869439","2029552114","0.12406"
"2029552114","2137486890","2.52803"
"2137486890","2029552114","2.52803"
"2029552114","2150269262","0.0714286"
"2150269262","2029552114","0.0714286"
"2029552114","2158034531","6.10303"
"2158034531","2029552114","6.10303"
"2029552114","2158851034","0.22406"
"2158851034","2029552114","0.22406"
"2029552114","2407085441","0.913095"
"2407085441","2029552114","0.913095"
"2037540062","2037738046","4.87406"
"2037738046","2037540062","4.87406"
"2037540062","2110429372","0.24906"
"2110429372","2037540062","0.24906"
"2037540062","2121028897","0.24906"
"2121028897","2037540062","0.24906"
"2037540062","2128869439","4.62406"
"2128869439","2037540062","4.62406"
"2037540062","2137486890","0.24906"
"2137486890","2037540062","0.24906"
"2037540062","2150269262","0.0714286"
"2150269262","2037540062","0.0714286"
"2037540062","2158034531","0.24906"
"2158034531","2037540062","0.24906"
"2037540062","2158851034","0.37406"
"2158851034","2037540062","0.37406"
"2037540062","2407085441","0.0714286"
"2407085441","2037540062","0.0714286"
"2037738046","2110429372","0.12406"
"2110429372","2037738046","0.12406"
"2037738046","2121028897","0.12406"
"2121028897","2037738046","0.12406"
"2037738046","2128869439","2.62406"
"2128869439","2037738046","2.62406"
"2037738046","2137486890","0.12406"
"2137486890","2037738046","0.12406"
"2037738046","2150269262","0.0714286"
"2150269262","2037738046","0.0714286"
"2037738046","2158034531","0.12406"
"2158034531","2037738046","0.12406"
"2037738046","2158851034","0.37406"
"2158851034","2037738046","0.37406"
"2037738046","2407085441","0.0714286"
"2407085441","2037738046","0.0714286"
"2110429372","2121028897","0.24906"
"2121028897","2110429372","0.24906"
"2110429372","2128869439","0.266917"
"2128869439","2110429372","0.266917"
"2110429372","2137486890","2.30858"
"2137486890","2110429372","2.30858"
"2110429372","2150269262","0.0714286"
"2150269262","2110429372","0.0714286"
"2110429372","2407085441","0.546429"
"2407085441","2110429372","0.546429"
"2121028897","2128869439","1.45739"
"2128869439","2121028897","1.45739"
"2121028897","2137486890","0.74906"
"2137486890","2121028897","0.74906"
"2121028897","2150269262","0.0714286"
"2150269262","2121028897","0.0714286"
"2121028897","2158034531","0.74906"
"2158034531","2121028897","0.74906"
"2121028897","2158851034","0.707393"
"2158851034","2121028897","0.707393"
"2121028897","2407085441","0.0714286"
"2407085441","2121028897","0.0714286"
"2128869439","2137486890","0.12406"
"2137486890","2128869439","0.12406"
"2128869439","2150269262","0.0714286"
"2150269262","2128869439","0.0714286"
"2128869439","2158034531","0.266917"
"2158034531","2128869439","0.266917"
"2128869439","2158851034","1.68358"
"2158851034","2128869439","1.68358"
"2128869439","2407085441","0.0714286"
"2407085441","2128869439","0.0714286"
"2137486890","2150269262","0.0714286"
"2150269262","2137486890","0.0714286"
"2137486890","2158034531","6.23636"
"2158034531","2137486890","6.23636"
"2137486890","2158851034","0.290727"
"2158851034","2137486890","0.290727"
"2137486890","2407085441","0.0714286"
"2407085441","2137486890","0.0714286"
"2150269262","2158034531","0.0714286"
"2158034531","2150269262","0.0714286"
"2150269262","2158851034","0.0714286"
"2158851034","2150269262","0.0714286"
"2150269262","2407085441","0.0714286"
"2407085441","2150269262","0.0714286"
"2158034531","2407085441","1.55595"
"2407085441","2158034531","1.55595"
"2158851034","2407085441","0.171429"
"2407085441","2158851034","0.171429"
"1482493827","2012752477","0.333333"
"2012752477","1482493827","0.333333"
"1482493827","2150865046","1.03333"
"2150865046","1482493827","1.03333"
"2012752477","2150269262","0.666667"
"2150269262","2012752477","0.666667"
"2012752477","2150865046","0.333333"
"2150865046","2012752477","0.333333"
"2150269262","2150865046","11.5333"
"2150865046","2150269262","11.5333"
"1482493827","2406820922","0.7"
"2406820922","1482493827","0.7"
"2150269262","2406820922","2.53333"
"2406820922","2150269262","2.53333"
"2056082077","2150269262","0.7"
"2150269262","2056082077","0.7"
"2056082077","2150865046","0.2"
"2150865046","2056082077","0.2"
"2056082077","2406820922","0.2"
"2406820922","2056082077","0.2"
"2147153184","2150269262","0.2"
"2150269262","2147153184","0.2"
"2147153184","2150865046","0.2"
"2150865046","2147153184","0.2"
"2147153184","2406820922","0.2"
"2406820922","2147153184","0.2"
"2150865046","2406820922","0.2"
"2406820922","2150865046","0.2"
"1482493827","2133986470","1"
"2133986470","1482493827","1"
"1514584512","1538845036","0.166667"
"1538845036","1514584512","0.166667"
"1514584512","1552113525","0.366667"
"1552113525","1514584512","0.366667"
"1514584512","2015068727","0.366667"
"2015068727","1514584512","0.366667"
"1514584512","2032417141","0.366667"
"2032417141","1514584512","0.366667"
"1514584512","2040988073","0.366667"
"2040988073","1514584512","0.366667"
"1514584512","2082767672","1.16667"
"2082767672","1514584512","1.16667"
"1538845036","2032417141","0.666667"
"2032417141","1538845036","0.666667"
"1538845036","2082767672","0.416667"
"2082767672","1538845036","0.416667"
"1552113525","2032417141","1.7"
"2032417141","1552113525","1.7"
"1552113525","2082767672","0.166667"
"2082767672","1552113525","0.166667"
"2015068727","2082767672","1.58333"
"2082767672","2015068727","1.58333"
"2040988073","2082767672","2.58333"
"2082767672","2040988073","2.58333"
"1514584512","1981303443","0.2"
"1981303443","1514584512","0.2"
"1552113525","1981303443","0.2"
"1981303443","1552113525","0.2"
"1981303443","2015068727","0.2"
"2015068727","1981303443","0.2"
"1981303443","2032417141","0.2"
"2032417141","1981303443","0.2"
"1981303443","2040988073","0.752632"
"2040988073","1981303443","0.752632"
"1529427704","1996126974","2.5"
"1996126974","1529427704","2.5"
"1529427704","2122610012","1"
"2122610012","1529427704","1"
"1538845036","2110429372","1"
"2110429372","1538845036","1"
"1538845036","1556814123","0.25"
"1556814123","1538845036","0.25"
"1556814123","2015068727","0.25"
"2015068727","1556814123","0.25"
"1556814123","2040988073","0.75"
"2040988073","1556814123","0.75"
"1556814123","2082767672","0.75"
"2082767672","1556814123","0.75"
"1542193057","2128869439","1"
"2128869439","1542193057","1"
"1545037611","202036466","0.833333"
"202036466","1545037611","0.833333"
"1545037611","2040988073","0.5"
"2040988073","1545037611","0.5"
"1545037611","1984295127","0.333333"
"1984295127","1545037611","0.333333"
"1545037611","1996126974","0.333333"
"1996126974","1545037611","0.333333"
"1766620087","1984295127","0.333333"
"1984295127","1766620087","0.333333"
"1766620087","1996126974","0.333333"
"1996126974","1766620087","0.333333"
"1545037611","2056082077","0.333333"
"2056082077","1545037611","0.333333"
"1545037611","2147153184","0.333333"
"2147153184","1545037611","0.333333"
"202036466","2056082077","0.333333"
"2056082077","202036466","0.333333"
"202036466","2147153184","0.333333"
"2147153184","202036466","0.333333"
"1545037611","2015068727","0.333333"
"2015068727","1545037611","0.333333"
"1545037611","2110429372","0.333333"
"2110429372","1545037611","0.333333"
"1545037611","2158034531","0.333333"
"2158034531","1545037611","0.333333"
"2015068727","2110429372","0.333333"
"2110429372","2015068727","0.333333"
"2015068727","2158034531","0.333333"
"2158034531","2015068727","0.333333"
"1545037611","2053503869","1"
"2053503869","1545037611","1"
"1551438051","1996126974","0.5"
"1996126974","1551438051","0.5"
"1996126974","2142104809","1.25"
"2142104809","1996126974","1.25"
"1578685883","2097344379","1"
"2097344379","1578685883","1"
"1578685883","2087148678","2"
"2087148678","1578685883","2"
"1578685883","2133986470","0.5"
"2133986470","1578685883","0.5"
"1578685883","2951983716","0.5"
"2951983716","1578685883","0.5"
"2133986470","2951983716","8.06667"
"2951983716","2133986470","8.06667"
"1597903868","1984295127","2.58333"
"1984295127","1597903868","2.58333"
"1597903868","1996126974","3.58333"
"1996126974","1597903868","3.58333"
"1597903868","2122610012","0.833333"
"2122610012","1597903868","0.833333"
"1984295127","2122610012","5.83333"
"2122610012","1984295127","5.83333"
"1996126974","2122610012","1.33333"
"2122610012","1996126974","1.33333"
"1597903868","2087148678","0.5"
"2087148678","1597903868","0.5"
"1996126974","2087148678","1.5"
"2087148678","1996126974","1.5"
"1597903868","2137159063","1"
"2137159063","1597903868","1"
"1597903868","2158851034","0.25"
"2158851034","1597903868","0.25"
"1984295127","2142104809","0.75"
"2142104809","1984295127","0.75"
"1984295127","2158851034","0.25"
"2158851034","1984295127","0.25"
"1996126974","2158851034","0.25"
"2158851034","1996126974","0.25"
"2142104809","2158851034","0.25"
"2158851034","2142104809","0.25"
"1865676108","2949138580","0.5"
"2949138580","1865676108","0.5"
"1865676108","2949898732","1.5"
"2949898732","1865676108","1.5"
"2949138580","2949898732","4.5"
"2949898732","2949138580","4.5"
"1865676108","2150269262","0.833333"
"2150269262","1865676108","0.833333"
"1865676108","2406820922","1.83333"
"2406820922","1865676108","1.83333"
"1865676108","2012752477","0.333333"
"2012752477","1865676108","0.333333"
"2012752477","2406820922","0.333333"
"2406820922","2012752477","0.333333"
"1865676108","1938075123","0.5"
"1938075123","1865676108","0.5"
"1865676108","2137486890","0.5"
"2137486890","1865676108","0.5"
"1922845685","1994862698","3.86667"
"1994862698","1922845685","3.86667"
"1922845685","2105541078","0.25"
"2105541078","1922845685","0.25"
"1922845685","2121431555","0.683333"
"2121431555","1922845685","0.683333"
"1922845685","2296044363","2.01667"
"2296044363","1922845685","2.01667"
"1994862698","2105541078","0.25"
"2105541078","1994862698","0.25"
"1994862698","2121431555","0.783333"
"2121431555","1994862698","0.783333"
"1994862698","2296044363","1.25"
"2296044363","1994862698","1.25"
"2105541078","2121431555","0.25"
"2121431555","2105541078","0.25"
"2105541078","2296044363","0.25"
"2296044363","2105541078","0.25"
"2121431555","2296044363","5.01667"
"2296044363","2121431555","5.01667"
"1922845685","2138642981","1.76667"
"2138642981","1922845685","1.76667"
"1922845685","2183907052","1.13333"
"2183907052","1922845685","1.13333"
"2138642981","2183907052","0.933333"
"2183907052","2138642981","0.933333"
"2138642981","2296044363","1.85"
"2296044363","2138642981","1.85"
"2183907052","2296044363","1.43333"
"2296044363","2183907052","1.43333"
"1922845685","2053503869","0.466667"
"2053503869","1922845685","0.466667"
"1922845685","2151949344","0.366667"
"2151949344","1922845685","0.366667"
"1922845685","2203093142","0.45"
"2203093142","1922845685","0.45"
"1994862698","2053503869","1.48333"
"2053503869","1994862698","1.48333"
"1994862698","2151949344","0.7"
"2151949344","1994862698","0.7"
"1994862698","2183907052","0.65"
"2183907052","1994862698","0.65"
"1994862698","2203093142","3.56667"
"2203093142","1994862698","3.56667"
"2053503869","2151949344","6.53333"
"2151949344","2053503869","6.53333"
"2053503869","2183907052","2"
"2183907052","2053503869","2"
"2053503869","2203093142","0.4"
"2203093142","2053503869","0.4"
"2151949344","2183907052","0.2"
"2183907052","2151949344","0.2"
"2151949344","2203093142","0.2"
"2203093142","2151949344","0.2"
"2183907052","2203093142","1.9"
"2203093142","2183907052","1.9"
"1922845685","1971077223","2.43333"
"1971077223","1922845685","2.43333"
"1971077223","1994862698","1.83333"
"1994862698","1971077223","1.83333"
"1971077223","2138642981","3.35"
"2138642981","1971077223","3.35"
"1994862698","2138642981","2.16667"
"2138642981","1994862698","2.16667"
"1971077223","2183907052","0.6"
"2183907052","1971077223","0.6"
"1971077223","2203093142","0.25"
"2203093142","1971077223","0.25"
"2138642981","2203093142","0.25"
"2203093142","2138642981","0.25"
"1922845685","1975184797","0.166667"
"1975184797","1922845685","0.166667"
"1971077223","1975184797","0.166667"
"1975184797","1971077223","0.166667"
"1971077223","2053503869","2.51667"
"2053503869","1971077223","2.51667"
"1971077223","2151949344","0.166667"
"2151949344","1971077223","0.166667"
"1975184797","1994862698","0.833333"
"1994862698","1975184797","0.833333"
"1975184797","2053503869","4"
"2053503869","1975184797","4"
"1975184797","2138642981","0.166667"
"2138642981","1975184797","0.166667"
"1975184797","2151949344","1.16667"
"2151949344","1975184797","1.16667"
"2053503869","2138642981","0.516667"
"2138642981","2053503869","0.516667"
"2138642981","2151949344","0.166667"
"2151949344","2138642981","0.166667"
"1922845685","2271689813","0.6"
"2271689813","1922845685","0.6"
"1922845685","2403298415","0.5"
"2403298415","1922845685","0.5"
"2271689813","2403298415","5.41667"
"2403298415","2271689813","5.41667"
"1922845685","2012752477","0.1"
"2012752477","1922845685","0.1"
"1922845685","2060567485","0.1"
"2060567485","1922845685","0.1"
"1922845685","2296769737","0.1"
"2296769737","1922845685","0.1"
"1971077223","2012752477","0.1"
"2012752477","1971077223","0.1"
"1971077223","2060567485","0.516667"
"2060567485","1971077223","0.516667"
"1971077223","2121431555","0.266667"
"2121431555","1971077223","0.266667"
"1971077223","2271689813","0.266667"
"2271689813","1971077223","0.266667"
"1971077223","2296044363","0.266667"
"2296044363","1971077223","0.266667"
"1971077223","2296769737","0.1"
"2296769737","1971077223","0.1"
"2012752477","2053503869","0.1"
"2053503869","2012752477","0.1"
"2012752477","2060567485","0.6"
"2060567485","2012752477","0.6"
"2012752477","2121431555","0.266667"
"2121431555","2012752477","0.266667"
"2012752477","2138642981","0.266667"
"2138642981","2012752477","0.266667"
"2012752477","2183907052","0.1"
"2183907052","2012752477","0.1"
"2012752477","2271689813","0.933333"
"2271689813","2012752477","0.933333"
"2012752477","2296044363","0.6"
"2296044363","2012752477","0.6"
"2012752477","2296769737","0.1"
"2296769737","2012752477","0.1"
"2053503869","2060567485","0.35"
"2060567485","2053503869","0.35"
"2053503869","2121431555","0.3"
"2121431555","2053503869","0.3"
"2053503869","2271689813","0.1"
"2271689813","2053503869","0.1"
"2053503869","2296044363","0.433333"
"2296044363","2053503869","0.433333"
"2053503869","2296769737","0.933333"
"2296769737","2053503869","0.933333"
"2060567485","2121431555","0.433333"
"2121431555","2060567485","0.433333"
"2060567485","2138642981","3.07619"
"2138642981","2060567485","3.07619"
"2060567485","2183907052","0.1"
"2183907052","2060567485","0.1"
"2060567485","2271689813","0.766667"
"2271689813","2060567485","0.766667"
"2060567485","2296044363","0.433333"
"2296044363","2060567485","0.433333"
"2060567485","2296769737","0.1"
"2296769737","2060567485","0.1"
"2121431555","2138642981","0.433333"
"2138642981","2121431555","0.433333"
"2121431555","2183907052","0.3"
"2183907052","2121431555","0.3"
"2121431555","2271689813","0.433333"
"2271689813","2121431555","0.433333"
"2121431555","2296769737","0.1"
"2296769737","2121431555","0.1"
"2138642981","2271689813","1.01667"
"2271689813","2138642981","1.01667"
"2138642981","2296769737","0.1"
"2296769737","2138642981","0.1"
"2183907052","2271689813","0.1"
"2271689813","2183907052","0.1"
"2183907052","2296769737","5.85"
"2296769737","2183907052","5.85"
"2271689813","2296044363","1.01667"
"2296044363","2271689813","1.01667"
"2271689813","2296769737","0.1"
"2296769737","2271689813","0.1"
"2296044363","2296769737","0.1"
"2296769737","2296044363","0.1"
"1938075123","2049776153","0.177632"
"2049776153","1938075123","0.177632"
"1938075123","2097832942","1.15263"
"2097832942","1938075123","1.15263"
"1938075123","2101063365","1.15263"
"2101063365","1938075123","1.15263"
"1938075123","2137159063","0.0526316"
"2137159063","1938075123","0.0526316"
"1938075123","2147153184","2.76096"
"2147153184","1938075123","2.76096"
"1938075123","2161713834","0.344298"
"2161713834","1938075123","0.344298"
"1938075123","2167499652","0.0526316"
"2167499652","1938075123","0.0526316"
"1981303443","2049776153","0.663743"
"2049776153","1981303443","0.663743"
"1981303443","2097832942","2.71216"
"2097832942","1981303443","2.71216"
"1981303443","2101063365","0.295489"
"2101063365","1981303443","0.295489"
"1981303443","2137159063","0.288743"
"2137159063","1981303443","0.288743"
"1981303443","2147153184","1.17446"
"2147153184","1981303443","1.17446"
"1981303443","2161713834","0.497076"
"2161713834","1981303443","0.497076"
"1981303443","2167499652","0.552632"
"2167499652","1981303443","0.552632"
"1994898684","2040988073","0.0526316"
"2040988073","1994898684","0.0526316"
"1994898684","2049776153","0.363743"
"2049776153","1994898684","0.363743"
"1994898684","2097832942","0.0526316"
"2097832942","1994898684","0.0526316"
"1994898684","2101063365","1.76216"
"2101063365","1994898684","1.76216"
"1994898684","2137159063","0.163743"
"2137159063","1994898684","0.163743"
"1994898684","2147153184","1.33041"
"2147153184","1994898684","1.33041"
"1994898684","2161713834","3.08993"
"2161713834","1994898684","3.08993"
"1994898684","2167499652","0.195489"
"2167499652","1994898684","0.195489"
"2029552114","2040988073","0.0526316"
"2040988073","2029552114","0.0526316"
"2029552114","2049776153","0.488743"
"2049776153","2029552114","0.488743"
"2029552114","2097832942","0.152632"
"2097832942","2029552114","0.152632"
"2029552114","2101063365","1.02882"
"2101063365","2029552114","1.02882"
"2029552114","2137159063","0.163743"
"2137159063","2029552114","0.163743"
"2029552114","2147153184","3.1316"
"2147153184","2029552114","3.1316"
"2029552114","2161713834","1.77208"
"2161713834","2029552114","1.77208"
"2029552114","2167499652","0.0526316"
"2167499652","2029552114","0.0526316"
"2037540062","2040988073","0.0526316"
"2040988073","2037540062","0.0526316"
"2037540062","2049776153","0.0526316"
"2049776153","2037540062","0.0526316"
"2037540062","2097832942","0.302632"
"2097832942","2037540062","0.302632"
"2037540062","2101063365","0.0526316"
"2101063365","2037540062","0.0526316"
"2037540062","2137159063","0.177632"
"2137159063","2037540062","0.177632"
"2037540062","2147153184","0.177632"
"2147153184","2037540062","0.177632"
"2037540062","2161713834","0.0526316"
"2161713834","2037540062","0.0526316"
"2037540062","2167499652","0.0526316"
"2167499652","2037540062","0.0526316"
"2037738046","2040988073","0.0526316"
"2040988073","2037738046","0.0526316"
"2037738046","2049776153","0.0526316"
"2049776153","2037738046","0.0526316"
"2037738046","2097832942","0.302632"
"2097832942","2037738046","0.302632"
"2037738046","2101063365","0.0526316"
"2101063365","2037738046","0.0526316"
"2037738046","2137159063","0.0526316"
"2137159063","2037738046","0.0526316"
"2037738046","2147153184","0.0526316"
"2147153184","2037738046","0.0526316"
"2037738046","2161713834","0.0526316"
"2161713834","2037738046","0.0526316"
"2037738046","2167499652","0.0526316"
"2167499652","2037738046","0.0526316"
"2040988073","2049776153","0.0526316"
"2049776153","2040988073","0.0526316"
"2040988073","2101063365","0.0526316"
"2101063365","2040988073","0.0526316"
"2040988073","2110429372","0.0526316"
"2110429372","2040988073","0.0526316"
"2040988073","2121028897","0.0526316"
"2121028897","2040988073","0.0526316"
"2040988073","2128869439","0.0526316"
"2128869439","2040988073","0.0526316"
"2040988073","2137159063","0.0526316"
"2137159063","2040988073","0.0526316"
"2040988073","2137486890","0.0526316"
"2137486890","2040988073","0.0526316"
"2040988073","2158034531","0.0526316"
"2158034531","2040988073","0.0526316"
"2040988073","2161713834","0.0526316"
"2161713834","2040988073","0.0526316"
"2040988073","2167499652","1.05263"
"2167499652","2040988073","1.05263"
"2049776153","2097832942","0.0526316"
"2097832942","2049776153","0.0526316"
"2049776153","2101063365","4.4193"
"2101063365","2049776153","4.4193"
"2049776153","2110429372","0.177632"
"2110429372","2049776153","0.177632"
"2049776153","2121028897","0.0526316"
"2121028897","2049776153","0.0526316"
"2049776153","2128869439","0.0526316"
"2128869439","2049776153","0.0526316"
"2049776153","2137159063","0.163743"
"2137159063","2049776153","0.163743"
"2049776153","2137486890","0.163743"
"2137486890","2049776153","0.163743"
"2049776153","2147153184","0.622076"
"2147153184","2049776153","0.622076"
"2049776153","2158034531","0.988743"
"2158034531","2049776153","0.988743"
"2049776153","2158851034","0.0526316"
"2158851034","2049776153","0.0526316"
"2049776153","2161713834","0.288743"
"2161713834","2049776153","0.288743"
"2049776153","2167499652","0.885965"
"2167499652","2049776153","0.885965"
"2097832942","2101063365","0.152632"
"2101063365","2097832942","0.152632"
"2097832942","2121028897","0.635965"
"2121028897","2097832942","0.635965"
"2097832942","2128869439","1.61216"
"2128869439","2097832942","1.61216"
"2097832942","2137159063","0.0526316"
"2137159063","2097832942","0.0526316"
"2097832942","2137486890","0.219298"
"2137486890","2097832942","0.219298"
"2097832942","2161713834","0.219298"
"2161713834","2097832942","0.219298"
"2097832942","2167499652","0.0526316"
"2167499652","2097832942","0.0526316"
"2101063365","2110429372","0.295489"
"2110429372","2101063365","0.295489"
"2101063365","2121028897","0.552632"
"2121028897","2101063365","0.552632"
"2101063365","2128869439","0.0526316"
"2128869439","2101063365","0.0526316"
"2101063365","2137159063","0.0526316"
"2137159063","2101063365","0.0526316"
"2101063365","2137486890","0.562155"
"2137486890","2101063365","0.562155"
"2101063365","2147153184","0.795489"
"2147153184","2101063365","0.795489"
"2101063365","2158034531","2.00501"
"2158034531","2101063365","2.00501"
"2101063365","2158851034","0.152632"
"2158851034","2101063365","0.152632"
"2101063365","2161713834","1.06216"
"2161713834","2101063365","1.06216"
"2101063365","2167499652","1.52882"
"2167499652","2101063365","1.52882"
"2110429372","2137159063","0.177632"
"2137159063","2110429372","0.177632"
"2110429372","2161713834","0.344298"
"2161713834","2110429372","0.344298"
"2110429372","2167499652","0.0526316"
"2167499652","2110429372","0.0526316"
"2121028897","2137159063","0.177632"
"2137159063","2121028897","0.177632"
"2121028897","2147153184","0.177632"
"2147153184","2121028897","0.177632"
"2121028897","2161713834","0.0526316"
"2161713834","2121028897","0.0526316"
"2121028897","2167499652","0.0526316"
"2167499652","2121028897","0.0526316"
"2128869439","2137159063","0.0526316"
"2137159063","2128869439","0.0526316"
"2128869439","2147153184","0.195489"
"2147153184","2128869439","0.195489"
"2128869439","2161713834","0.0526316"
"2161713834","2128869439","0.0526316"
"2128869439","2167499652","0.0526316"
"2167499652","2128869439","0.0526316"
"2137159063","2137486890","0.288743"
"2137486890","2137159063","0.288743"
"2137159063","2147153184","0.288743"
"2147153184","2137159063","0.288743"
"2137159063","2158034531","0.288743"
"2158034531","2137159063","0.288743"
"2137159063","2158851034","0.0526316"
"2158851034","2137159063","0.0526316"
"2137159063","2161713834","0.163743"
"2161713834","2137159063","0.163743"
"2137159063","2167499652","0.0526316"
"2167499652","2137159063","0.0526316"
"2137486890","2147153184","1.8816"
"2147153184","2137486890","1.8816"
"2137486890","2161713834","1.48041"
"2161713834","2137486890","1.48041"
"2137486890","2167499652","0.0526316"
"2167499652","2137486890","0.0526316"
"2147153184","2161713834","0.822076"
"2161713834","2147153184","0.822076"
"2147153184","2167499652","0.0526316"
"2167499652","2147153184","0.0526316"
"2158034531","2161713834","3.91493"
"2161713834","2158034531","3.91493"
"2158034531","2167499652","0.195489"
"2167499652","2158034531","0.195489"
"2158851034","2161713834","0.219298"
"2161713834","2158851034","0.219298"
"2158851034","2167499652","0.0526316"
"2167499652","2158851034","0.0526316"
"2161713834","2167499652","0.195489"
"2167499652","2161713834","0.195489"
"1938075123","2056082077","2.875"
"2056082077","1938075123","2.875"
"2029552114","2056082077","4.74564"
"2056082077","2029552114","4.74564"
"2049776153","2056082077","0.569444"
"2056082077","2049776153","0.569444"
"2049776153","2407085441","0.325"
"2407085441","2049776153","0.325"
"2056082077","2161713834","1.26944"
"2161713834","2056082077","1.26944"
"2056082077","2407085441","0.891667"
"2407085441","2056082077","0.891667"
"2147153184","2407085441","0.891667"
"2407085441","2147153184","0.891667"
"2161713834","2407085441","0.434524"
"2407085441","2161713834","0.434524"
"1981303443","2056082077","1.12183"
"2056082077","1981303443","1.12183"
"2056082077","2101063365","0.909524"
"2101063365","2056082077","0.909524"
"2097832942","2407085441","0.1"
"2407085441","2097832942","0.1"
"2101063365","2407085441","0.942857"
"2407085441","2101063365","0.942857"
"1938075123","2950734068","1"
"2950734068","1938075123","1"
"1971077223","2399616294","1"
"2399616294","1971077223","1"
"1971077223","2403298415","0.166667"
"2403298415","1971077223","0.166667"
"2060567485","2403298415","0.666667"
"2403298415","2060567485","0.666667"
"2121431555","2403298415","0.333333"
"2403298415","2121431555","0.333333"
"2138642981","2403298415","0.916667"
"2403298415","2138642981","0.916667"
"2296044363","2403298415","0.916667"
"2403298415","2296044363","0.916667"
"1994862698","2060567485","0.25"
"2060567485","1994862698","0.25"
"1971077223","2949898732","1"
"2949898732","1971077223","1"
"1975184797","2419907309","1"
"2419907309","1975184797","1"
"1975184797","2183907052","0.5"
"2183907052","1975184797","0.5"
"1975184797","2616382011","1"
"2616382011","1975184797","1"
"1975184797","2396931927","0.333333"
"2396931927","1975184797","0.333333"
"1994862698","2396931927","0.866667"
"2396931927","1994862698","0.866667"
"2053503869","2396931927","1.03333"
"2396931927","2053503869","1.03333"
"1975184797","2203093142","0.333333"
"2203093142","1975184797","0.333333"
"1975184797","2296769737","0.333333"
"2296769737","1975184797","0.333333"
