"1479639754","162474272","0.2"
"162474272","1479639754","0.2"
"1479639754","176357181","1.92619"
"176357181","1479639754","1.92619"
"1479639754","1985824086","0.67619"
"1985824086","1479639754","0.67619"
"1479639754","2084542795","0.67619"
"2084542795","1479639754","0.67619"
"1479639754","21940605","1.84286"
"21940605","1479639754","1.84286"
"162474272","176357181","0.366667"
"176357181","162474272","0.366667"
"162474272","1985824086","0.342857"
"1985824086","162474272","0.342857"
"162474272","2084542795","0.509524"
"2084542795","162474272","0.509524"
"162474272","21940605","0.366667"
"21940605","162474272","0.366667"
"176357181","1985824086","1.17619"
"1985824086","176357181","1.17619"
"176357181","2084542795","1.34286"
"2084542795","176357181","1.34286"
"176357181","21940605","1.00952"
"21940605","176357181","1.00952"
"1985824086","2084542795","1.51905"
"2084542795","1985824086","1.51905"
"1985824086","21940605","0.342857"
"21940605","1985824086","0.342857"
"2084542795","21940605","0.509524"
"21940605","2084542795","0.509524"
"1479639754","1498996801","1.22619"
"1498996801","1479639754","1.22619"
"1498996801","176357181","1.64286"
"176357181","1498996801","1.64286"
"1479639754","1521216374","0.72619"
"1521216374","1479639754","0.72619"
"1479639754","2042128496","0.72619"
"2042128496","1479639754","0.72619"
"1498996801","1521216374","3.89286"
"1521216374","1498996801","3.89286"
"1498996801","1985824086","1.67619"
"1985824086","1498996801","1.67619"
"1498996801","2042128496","3.72619"
"2042128496","1498996801","3.72619"
"1498996801","2084542795","1.34286"
"2084542795","1498996801","1.34286"
"1521216374","176357181","0.72619"
"176357181","1521216374","0.72619"
"1521216374","1985824086","1.14286"
"1985824086","1521216374","1.14286"
"1521216374","2042128496","1.89286"
"2042128496","1521216374","1.89286"
"1521216374","2084542795","0.47619"
"2084542795","1521216374","0.47619"
"176357181","2042128496","1.89286"
"2042128496","176357181","1.89286"
"1985824086","2042128496","2.61905"
"2042128496","1985824086","2.61905"
"2042128496","2084542795","1.11905"
"2084542795","2042128496","1.11905"
"1498996801","21940605","0.309524"
"21940605","1498996801","0.309524"
"1521216374","21940605","0.142857"
"21940605","1521216374","0.142857"
"2042128496","21940605","0.142857"
"21940605","2042128496","0.142857"
"1498771876","1498996801","0.166667"
"1498996801","1498771876","0.166667"
"1498771876","162474272","0.166667"
"162474272","1498771876","0.166667"
"1498771876","176357181","0.533333"
"176357181","1498771876","0.533333"
"1498771876","1848481073","6.5"
"1848481073","1498771876","6.5"
"1498771876","2084542795","0.166667"
"2084542795","1498771876","0.166667"
"1498771876","21940605","0.166667"
"21940605","1498771876","0.166667"
"1498996801","162474272","0.166667"
"162474272","1498996801","0.166667"
"1498996801","1848481073","0.166667"
"1848481073","1498996801","0.166667"
"162474272","1848481073","0.166667"
"1848481073","162474272","0.166667"
"176357181","1848481073","0.333333"
"1848481073","176357181","0.333333"
"1848481073","2084542795","0.166667"
"2084542795","1848481073","0.166667"
"1848481073","21940605","0.166667"
"21940605","1848481073","0.166667"
"1498771876","1545234381","0.5"
"1545234381","1498771876","0.5"
"1498771876","1884699790","0.5"
"1884699790","1498771876","0.5"
"1545234381","1848481073","0.5"
"1848481073","1545234381","0.5"
"1545234381","1884699790","3.83333"
"1884699790","1545234381","3.83333"
"1848481073","1884699790","0.833333"
"1884699790","1848481073","0.833333"
"1498771876","1985824086","0.333333"
"1985824086","1498771876","0.333333"
"1498771876","2037874195","1.03333"
"2037874195","1498771876","1.03333"
"1848481073","1985824086","0.333333"
"1985824086","1848481073","0.333333"
"1848481073","2037874195","1.83333"
"2037874195","1848481073","1.83333"
"1985824086","2037874195","4.42619"
"2037874195","1985824086","4.42619"
"1498771876","1602670935","0.416667"
"1602670935","1498771876","0.416667"
"1498771876","1603747016","0.416667"
"1603747016","1498771876","0.416667"
"1498771876","2042128496","0.166667"
"2042128496","1498771876","0.166667"
"1602670935","1603747016","2.59286"
"1603747016","1602670935","2.59286"
"1602670935","176357181","0.166667"
"176357181","1602670935","0.166667"
"1602670935","1848481073","0.166667"
"1848481073","1602670935","0.166667"
"1602670935","2037874195","2.34286"
"2037874195","1602670935","2.34286"
"1602670935","2042128496","0.309524"
"2042128496","1602670935","0.309524"
"1603747016","176357181","0.166667"
"176357181","1603747016","0.166667"
"1603747016","1848481073","0.166667"
"1848481073","1603747016","0.166667"
"1603747016","2037874195","1.34286"
"2037874195","1603747016","1.34286"
"1603747016","2042128496","0.309524"
"2042128496","1603747016","0.309524"
"176357181","2037874195","0.616667"
"2037874195","176357181","0.616667"
"1848481073","2042128496","0.166667"
"2042128496","1848481073","0.166667"
"2037874195","2042128496","0.309524"
"2042128496","2037874195","0.309524"
"1498771876","1591392098","0.166667"
"1591392098","1498771876","0.166667"
"1498771876","1868768000","0.166667"
"1868768000","1498771876","0.166667"
"1498771876","2123449829","0.166667"
"2123449829","1498771876","0.166667"
"1545234381","1591392098","0.166667"
"1591392098","1545234381","0.166667"
"1545234381","1868768000","0.5"
"1868768000","1545234381","0.5"
"1545234381","2123449829","0.166667"
"2123449829","1545234381","0.166667"
"1591392098","1848481073","0.166667"
"1848481073","1591392098","0.166667"
"1591392098","1868768000","0.166667"
"1868768000","1591392098","0.166667"
"1591392098","1884699790","0.166667"
"1884699790","1591392098","0.166667"
"1591392098","2123449829","0.166667"
"2123449829","1591392098","0.166667"
"1848481073","1868768000","0.5"
"1868768000","1848481073","0.5"
"1848481073","2123449829","0.166667"
"2123449829","1848481073","0.166667"
"1868768000","1884699790","2.5"
"1884699790","1868768000","2.5"
"1868768000","2123449829","1.83333"
"2123449829","1868768000","1.83333"
"1884699790","2123449829","1.33333"
"2123449829","1884699790","1.33333"
"1498771876","1544973146","0.783333"
"1544973146","1498771876","0.783333"
"1498771876","2086851811","0.2"
"2086851811","1498771876","0.2"
"1498771876","2546533167","0.2"
"2546533167","1498771876","0.2"
"1544973146","176357181","0.45"
"176357181","1544973146","0.45"
"1544973146","2037874195","1.61667"
"2037874195","1544973146","1.61667"
"1544973146","2086851811","0.45"
"2086851811","1544973146","0.45"
"1544973146","2546533167","0.2"
"2546533167","1544973146","0.2"
"176357181","2086851811","0.45"
"2086851811","176357181","0.45"
"176357181","2546533167","0.2"
"2546533167","176357181","0.2"
"2037874195","2086851811","0.45"
"2086851811","2037874195","0.45"
"2037874195","2546533167","0.2"
"2546533167","2037874195","0.2"
"2086851811","2546533167","0.2"
"2546533167","2086851811","0.2"
"1498771876","1598800977","0.25"
"1598800977","1498771876","0.25"
"1544973146","1598800977","0.25"
"1598800977","1544973146","0.25"
"1544973146","1602670935","1.08333"
"1602670935","1544973146","1.08333"
"1544973146","1603747016","1.08333"
"1603747016","1544973146","1.08333"
"1598800977","1602670935","0.25"
"1602670935","1598800977","0.25"
"1598800977","1603747016","0.25"
"1603747016","1598800977","0.25"
"1544973146","1848481073","0.333333"
"1848481073","1544973146","0.333333"
"1498771876","1576056738","1"
"1576056738","1498771876","1"
"1498996801","1576056738","1.33333"
"1576056738","1498996801","1.33333"
"1576056738","1985824086","0.47619"
"1985824086","1576056738","0.47619"
"1576056738","2042128496","0.47619"
"2042128496","1576056738","0.47619"
"1498996801","1544973146","0.25"
"1544973146","1498996801","0.25"
"1498996801","2037874195","0.95"
"2037874195","1498996801","0.95"
"1498996801","2086851811","0.25"
"2086851811","1498996801","0.25"
"1498996801","1602670935","0.7"
"1602670935","1498996801","0.7"
"1498996801","1603747016","0.2"
"1603747016","1498996801","0.2"
"1602670935","1985824086","1.09286"
"1985824086","1602670935","1.09286"
"1602670935","2084542795","0.342857"
"2084542795","1602670935","0.342857"
"1603747016","1985824086","0.592857"
"1985824086","1603747016","0.592857"
"1603747016","2084542795","0.342857"
"2084542795","1603747016","0.342857"
"2037874195","2084542795","0.342857"
"2084542795","2037874195","0.342857"
"1510577454","1598800977","1.83333"
"1598800977","1510577454","1.83333"
"1510577454","1884699790","0.333333"
"1884699790","1510577454","0.333333"
"1510577454","2101438435","3.83333"
"2101438435","1510577454","3.83333"
"1598800977","1884699790","0.333333"
"1884699790","1598800977","0.333333"
"1598800977","2101438435","4.83333"
"2101438435","1598800977","4.83333"
"1884699790","2101438435","0.833333"
"2101438435","1884699790","0.833333"
"1521216374","221416579","1"
"221416579","1521216374","1"
"1521216374","2152053450","1"
"2152053450","1521216374","1"
"1544973146","1985824086","0.25"
"1985824086","1544973146","0.25"
"1544973146","2101438435","0.25"
"2101438435","1544973146","0.25"
"1602670935","2101438435","0.25"
"2101438435","1602670935","0.25"
"1603747016","2101438435","0.25"
"2101438435","1603747016","0.25"
"2037874195","2101438435","0.25"
"2101438435","2037874195","0.25"
"1545234381","2029546090","0.333333"
"2029546090","1545234381","0.333333"
"1868768000","2029546090","1.83333"
"2029546090","1868768000","1.83333"
"1884699790","2029546090","1.33333"
"2029546090","1884699790","1.33333"
"1576056738","1602670935","0.142857"
"1602670935","1576056738","0.142857"
"1576056738","1603747016","0.142857"
"1603747016","1576056738","0.142857"
"1576056738","162474272","0.142857"
"162474272","1576056738","0.142857"
"1576056738","2037874195","0.142857"
"2037874195","1576056738","0.142857"
"1576056738","2084542795","0.142857"
"2084542795","1576056738","0.142857"
"1602670935","162474272","0.142857"
"162474272","1602670935","0.142857"
"1603747016","162474272","0.142857"
"162474272","1603747016","0.142857"
"162474272","2037874195","0.142857"
"2037874195","162474272","0.142857"
"162474272","2042128496","0.142857"
"2042128496","162474272","0.142857"
"1848481073","2427099794","1"
"2427099794","1848481073","1"
"1848481073","2029546090","0.333333"
"2029546090","1848481073","0.333333"
"2029546090","2123449829","1.16667"
"2123449829","2029546090","1.16667"
"1868768000","2101438435","0.5"
"2101438435","1868768000","0.5"
"2010053008","2171166363","5"
"2171166363","2010053008","5"
"2010053008","2016580249","1"
"2016580249","2010053008","1"
"2016788159","2152053450","2"
"2152053450","2016788159","2"
"2020199039","2546533167","5.33333"
"2546533167","2020199039","5.33333"
"2020199039","2427099794","1.5"
"2427099794","2020199039","1.5"
"2020199039","306106854","1.5"
"306106854","2020199039","1.5"
"2546533167","306106854","0.5"
"306106854","2546533167","0.5"
"2427099794","2546533167","1.5"
"2546533167","2427099794","1.5"
"2020199039","2152053450","0.333333"
"2152053450","2020199039","0.333333"
"2020199039","949894078","0.333333"
"949894078","2020199039","0.333333"
"2152053450","2546533167","0.333333"
"2546533167","2152053450","0.333333"
"2152053450","949894078","0.333333"
"949894078","2152053450","0.333333"
"2546533167","949894078","0.333333"
"949894078","2546533167","0.333333"
"2027240475","2086851811","0.5"
"2086851811","2027240475","0.5"
"2027240475","71699235","1.5"
"71699235","2027240475","1.5"
"2086851811","71699235","0.5"
"71699235","2086851811","0.5"
"2042128496","2086851811","1"
"2086851811","2042128496","1"
"2101438435","2171166363","2"
"2171166363","2101438435","2"
"2136491563","2150581873","1"
"2150581873","2136491563","1"
"2152053450","71699235","1"
"71699235","2152053450","1"
"2284195922","2544512045","1"
"2544512045","2284195922","1"
