"131967141","1938446369","1.76111"
"1938446369","131967141","1.76111"
"131967141","206006189","1.62222"
"206006189","131967141","1.62222"
"131967141","35925755","0.333333"
"35925755","131967141","0.333333"
"1938446369","206006189","1.19523"
"206006189","1938446369","1.19523"
"1938446369","35925755","0.483066"
"35925755","1938446369","0.483066"
"206006189","35925755","0.583333"
"35925755","206006189","0.583333"
"131967141","1484188777","0.555556"
"1484188777","131967141","0.555556"
"131967141","1554442705","0.472222"
"1554442705","131967141","0.472222"
"131967141","17135638","0.955556"
"17135638","131967141","0.955556"
"131967141","2088159747","1.70556"
"2088159747","131967141","1.70556"
"131967141","2164121405","0.788889"
"2164121405","131967141","0.788889"
"131967141","869308005","1.28889"
"869308005","131967141","1.28889"
"131967141","885593463","6.45556"
"885593463","131967141","6.45556"
"1484188777","1554442705","0.419516"
"1554442705","1484188777","0.419516"
"1484188777","17135638","0.746002"
"17135638","1484188777","0.746002"
"1484188777","1938446369","0.823344"
"1938446369","1484188777","0.823344"
"1484188777","206006189","0.784722"
"206006189","1484188777","0.784722"
"1484188777","2088159747","3.41211"
"2088159747","1484188777","3.41211"
"1484188777","2164121405","0.631748"
"2164121405","1484188777","0.631748"
"1484188777","869308005","0.368056"
"869308005","1484188777","0.368056"
"1484188777","885593463","0.517788"
"885593463","1484188777","0.517788"
"1554442705","17135638","0.575926"
"17135638","1554442705","0.575926"
"1554442705","1938446369","0.35202"
"1938446369","1554442705","0.35202"
"1554442705","206006189","0.222222"
"206006189","1554442705","0.222222"
"1554442705","2088159747","1.34376"
"2088159747","1554442705","1.34376"
"1554442705","2164121405","1.06042"
"2164121405","1554442705","1.06042"
"1554442705","869308005","0.305556"
"869308005","1554442705","0.305556"
"1554442705","885593463","0.472222"
"885593463","1554442705","0.472222"
"17135638","1938446369","1.44447"
"1938446369","17135638","1.44447"
"17135638","206006189","1.06275"
"206006189","17135638","1.06275"
"17135638","2088159747","0.797787"
"2088159747","17135638","0.797787"
"17135638","2164121405","1.98621"
"2164121405","17135638","1.98621"
"17135638","869308005","1.15634"
"869308005","17135638","1.15634"
"17135638","885593463","0.906584"
"885593463","17135638","0.906584"
"1938446369","2088159747","0.799372"
"2088159747","1938446369","0.799372"
"1938446369","2164121405","1.46696"
"2164121405","1938446369","1.46696"
"1938446369","869308005","0.688819"
"869308005","1938446369","0.688819"
"1938446369","885593463","0.437629"
"885593463","1938446369","0.437629"
"206006189","2088159747","0.896032"
"2088159747","206006189","0.896032"
"206006189","2164121405","1.67301"
"2164121405","206006189","1.67301"
"206006189","869308005","4.8992"
"869308005","206006189","4.8992"
"206006189","885593463","1.14901"
"885593463","206006189","1.14901"
"2088159747","2164121405","1.35778"
"2164121405","2088159747","1.35778"
"2088159747","869308005","2.5627"
"869308005","2088159747","2.5627"
"2088159747","885593463","5.15291"
"885593463","2088159747","5.15291"
"2164121405","869308005","3.0166"
"869308005","2164121405","3.0166"
"2164121405","885593463","2.29874"
"885593463","2164121405","2.29874"
"869308005","885593463","4.98234"
"885593463","869308005","4.98234"
"131967141","2004699875","0.25"
"2004699875","131967141","0.25"
"131967141","2023463742","0.166667"
"2023463742","131967141","0.166667"
"131967141","2043117781","0.361111"
"2043117781","131967141","0.361111"
"131967141","2044738440","0.166667"
"2044738440","131967141","0.166667"
"131967141","2054505740","0.166667"
"2054505740","131967141","0.166667"
"1484188777","2004699875","0.622784"
"2004699875","1484188777","0.622784"
"1484188777","2023463742","0.12037"
"2023463742","1484188777","0.12037"
"1484188777","2043117781","0.954238"
"2043117781","1484188777","0.954238"
"1484188777","2044738440","0.12037"
"2044738440","1484188777","0.12037"
"1484188777","2054505740","0.402651"
"2054505740","1484188777","0.402651"
"1554442705","2004699875","0.690151"
"2004699875","1554442705","0.690151"
"1554442705","2023463742","0.52037"
"2023463742","1554442705","0.52037"
"1554442705","2043117781","3.10169"
"2043117781","1554442705","3.10169"
"1554442705","2044738440","1.77318"
"2044738440","1554442705","1.77318"
"1554442705","2054505740","1.92154"
"2054505740","1554442705","1.92154"
"17135638","2004699875","0.841134"
"2004699875","17135638","0.841134"
"17135638","2023463742","0.167989"
"2023463742","17135638","0.167989"
"17135638","2043117781","0.527315"
"2043117781","17135638","0.527315"
"17135638","2044738440","0.234656"
"2044738440","17135638","0.234656"
"17135638","2054505740","0.574079"
"2054505740","17135638","0.574079"
"2004699875","2023463742","1.0214"
"2023463742","2004699875","1.0214"
"2004699875","2043117781","1.82154"
"2043117781","2004699875","1.82154"
"2004699875","2044738440","1.16426"
"2044738440","2004699875","1.16426"
"2004699875","2054505740","1.95144"
"2054505740","2004699875","1.95144"
"2004699875","2088159747","1.08707"
"2088159747","2004699875","1.08707"
"2004699875","2164121405","5.12271"
"2164121405","2004699875","5.12271"
"2004699875","869308005","2.89384"
"869308005","2004699875","2.89384"
"2004699875","885593463","0.356443"
"885593463","2004699875","0.356443"
"2023463742","2043117781","0.711279"
"2043117781","2023463742","0.711279"
"2023463742","2044738440","11.9988"
"2044738440","2023463742","11.9988"
"2023463742","2054505740","7.89878"
"2054505740","2023463742","7.89878"
"2023463742","2088159747","0.251323"
"2088159747","2023463742","0.251323"
"2023463742","2164121405","0.480489"
"2164121405","2023463742","0.480489"
"2023463742","869308005","0.464286"
"869308005","2023463742","0.464286"
"2023463742","885593463","0.214286"
"885593463","2023463742","0.214286"
"2043117781","2044738440","1.68235"
"2044738440","2043117781","1.68235"
"2043117781","2054505740","1.93606"
"2054505740","2043117781","1.93606"
"2043117781","2088159747","1.81598"
"2088159747","2043117781","1.81598"
"2043117781","2164121405","1.01181"
"2164121405","2043117781","1.01181"
"2043117781","869308005","0.256944"
"869308005","2043117781","0.256944"
"2043117781","885593463","0.423611"
"885593463","2043117781","0.423611"
"2044738440","2054505740","13.9508"
"2054505740","2044738440","13.9508"
"2044738440","2088159747","0.508898"
"2088159747","2044738440","0.508898"
"2044738440","2164121405","0.804732"
"2164121405","2044738440","0.804732"
"2044738440","869308005","0.464286"
"869308005","2044738440","0.464286"
"2044738440","885593463","0.214286"
"885593463","2044738440","0.214286"
"2054505740","2088159747","0.728679"
"2088159747","2054505740","0.728679"
"2054505740","2164121405","1.22108"
"2164121405","2054505740","1.22108"
"2054505740","869308005","0.526786"
"869308005","2054505740","0.526786"
"2054505740","885593463","0.276786"
"885593463","2054505740","0.276786"
"131967141","1649492015","0.166667"
"1649492015","131967141","0.166667"
"131967141","1767517642","0.233333"
"1767517642","131967141","0.233333"
"131967141","1975125888","0.316667"
"1975125888","131967141","0.316667"
"131967141","2081999619","0.483333"
"2081999619","131967141","0.483333"
"131967141","2145459259","0.25"
"2145459259","131967141","0.25"
"131967141","2288986418","0.166667"
"2288986418","131967141","0.166667"
"1649492015","17135638","1.2953"
"17135638","1649492015","1.2953"
"1649492015","1767517642","0.783258"
"1767517642","1649492015","0.783258"
"1649492015","1975125888","2.60482"
"1975125888","1649492015","2.60482"
"1649492015","206006189","0.329417"
"206006189","1649492015","0.329417"
"1649492015","2081999619","1.28148"
"2081999619","1649492015","1.28148"
"1649492015","2088159747","0.167989"
"2088159747","1649492015","0.167989"
"1649492015","2145459259","4.10482"
"2145459259","1649492015","4.10482"
"1649492015","2164121405","2.07149"
"2164121405","1649492015","2.07149"
"1649492015","2288986418","0.0833333"
"2288986418","1649492015","0.0833333"
"1649492015","869308005","0.589674"
"869308005","1649492015","0.589674"
"1649492015","885593463","0.276786"
"885593463","1649492015","0.276786"
"17135638","1767517642","0.849925"
"1767517642","17135638","0.849925"
"17135638","1975125888","1.48065"
"1975125888","17135638","1.48065"
"17135638","2081999619","1.4835"
"2081999619","17135638","1.4835"
"17135638","2145459259","1.53621"
"2145459259","17135638","1.53621"
"17135638","2288986418","0.15"
"2288986418","17135638","0.15"
"1767517642","1975125888","0.960181"
"1975125888","1767517642","0.960181"
"1767517642","206006189","0.362888"
"206006189","1767517642","0.362888"
"1767517642","2081999619","2.03981"
"2081999619","1767517642","2.03981"
"1767517642","2088159747","0.187037"
"2088159747","1767517642","0.187037"
"1767517642","2145459259","1.06018"
"2145459259","1767517642","1.06018"
"1767517642","2164121405","2.07685"
"2164121405","1767517642","2.07685"
"1767517642","2288986418","0.0833333"
"2288986418","1767517642","0.0833333"
"1767517642","869308005","0.623144"
"869308005","1767517642","0.623144"
"1767517642","885593463","0.233333"
"885593463","1767517642","0.233333"
"1975125888","206006189","0.950785"
"206006189","1975125888","0.950785"
"1975125888","2081999619","1.81924"
"2081999619","1975125888","1.81924"
"1975125888","2088159747","1.7253"
"2088159747","1975125888","1.7253"
"1975125888","2145459259","22.4402"
"2145459259","1975125888","22.4402"
"1975125888","2164121405","7.52933"
"2164121405","1975125888","7.52933"
"1975125888","2288986418","0.583135"
"2288986418","1975125888","0.583135"
"1975125888","869308005","1.66937"
"869308005","1975125888","1.66937"
"1975125888","885593463","0.576518"
"885593463","1975125888","0.576518"
"206006189","2081999619","0.866856"
"2081999619","206006189","0.866856"
"206006189","2145459259","1.27301"
"2145459259","206006189","1.27301"
"206006189","2288986418","0.47619"
"2288986418","206006189","0.47619"
"2081999619","2088159747","0.519513"
"2088159747","2081999619","0.519513"
"2081999619","2145459259","2.20813"
"2145459259","2081999619","2.20813"
"2081999619","2164121405","2.9795"
"2164121405","2081999619","2.9795"
"2081999619","2288986418","0.292857"
"2288986418","2081999619","0.292857"
"2081999619","869308005","1.12711"
"869308005","2081999619","1.12711"
"2081999619","885593463","0.633066"
"885593463","2081999619","0.633066"
"2088159747","2145459259","0.567722"
"2145459259","2088159747","0.567722"
"2088159747","2288986418","0.22619"
"2288986418","2088159747","0.22619"
"2145459259","2164121405","10.3315"
"2164121405","2145459259","10.3315"
"2145459259","2288986418","0.233333"
"2288986418","2145459259","0.233333"
"2145459259","869308005","2.78326"
"869308005","2145459259","2.78326"
"2145459259","885593463","0.509852"
"885593463","2145459259","0.509852"
"2164121405","2288986418","0.395833"
"2288986418","2164121405","0.395833"
"2288986418","869308005","0.47619"
"869308005","2288986418","0.47619"
"2288986418","885593463","0.166667"
"885593463","2288986418","0.166667"
"2043117781","206006189","0.173611"
"206006189","2043117781","0.173611"
"131967141","2163349727","0.25"
"2163349727","131967141","0.25"
"131967141","2615250133","0.15"
"2615250133","131967141","0.15"
"1649492015","2004699875","0.5578"
"2004699875","1649492015","0.5578"
"1649492015","2163349727","0.610507"
"2163349727","1649492015","0.610507"
"1649492015","2615250133","0.0833333"
"2615250133","1649492015","0.0833333"
"17135638","2163349727","0.677174"
"2163349727","17135638","0.677174"
"17135638","2615250133","0.15"
"2615250133","17135638","0.15"
"1767517642","2004699875","0.433258"
"2004699875","1767517642","0.433258"
"1767517642","2163349727","0.485965"
"2163349727","1767517642","0.485965"
"1767517642","2615250133","0.15"
"2615250133","1767517642","0.15"
"1975125888","2004699875","7.62122"
"2004699875","1975125888","7.62122"
"1975125888","2163349727","5.32595"
"2163349727","1975125888","5.32595"
"1975125888","2615250133","0.15"
"2615250133","1975125888","0.15"
"2004699875","2081999619","1.24222"
"2081999619","2004699875","1.24222"
"2004699875","2145459259","15.0004"
"2145459259","2004699875","15.0004"
"2004699875","2163349727","5.24893"
"2163349727","2004699875","5.24893"
"2004699875","2615250133","0.0833333"
"2615250133","2004699875","0.0833333"
"2081999619","2163349727","0.788378"
"2163349727","2081999619","0.788378"
"2081999619","2615250133","0.15"
"2615250133","2081999619","0.15"
"2145459259","2163349727","5.36024"
"2163349727","2145459259","5.36024"
"2145459259","2615250133","0.0833333"
"2615250133","2145459259","0.0833333"
"2163349727","2164121405","3.37274"
"2164121405","2163349727","3.37274"
"2163349727","2615250133","0.0833333"
"2615250133","2163349727","0.0833333"
"2163349727","869308005","2.53358"
"869308005","2163349727","2.53358"
"2163349727","885593463","0.356443"
"885593463","2163349727","0.356443"
"2164121405","2615250133","0.15"
"2615250133","2164121405","0.15"
"2615250133","869308005","0.9"
"869308005","2615250133","0.9"
"2615250133","885593463","0.9"
"885593463","2615250133","0.9"
"131967141","1525988254","0.0833333"
"1525988254","131967141","0.0833333"
"131967141","1551778530","0.0833333"
"1551778530","131967141","0.0833333"
"131967141","2028471130","0.166667"
"2028471130","131967141","0.166667"
"131967141","2106619679","0.0833333"
"2106619679","131967141","0.0833333"
"131967141","96388050","0.0833333"
"96388050","131967141","0.0833333"
"1525988254","1551778530","1.08492"
"1551778530","1525988254","1.08492"
"1525988254","2023463742","0.47381"
"2023463742","1525988254","0.47381"
"1525988254","2028471130","0.78631"
"2028471130","1525988254","0.78631"
"1525988254","2044738440","2.00159"
"2044738440","1525988254","2.00159"
"1525988254","2054505740","1.76409"
"2054505740","1525988254","1.76409"
"1525988254","2088159747","0.464286"
"2088159747","1525988254","0.464286"
"1525988254","2106619679","1.66825"
"2106619679","1525988254","1.66825"
"1525988254","2163349727","2.83095"
"2163349727","1525988254","2.83095"
"1525988254","869308005","0.193452"
"869308005","1525988254","0.193452"
"1525988254","885593463","0.193452"
"885593463","1525988254","0.193452"
"1525988254","96388050","0.751587"
"96388050","1525988254","0.751587"
"1551778530","2023463742","4.91961"
"2023463742","1551778530","4.91961"
"1551778530","2028471130","0.714669"
"2028471130","1551778530","0.714669"
"1551778530","2044738440","6.03072"
"2044738440","1551778530","6.03072"
"1551778530","2054505740","6.81406"
"2054505740","1551778530","6.81406"
"1551778530","2088159747","0.417989"
"2088159747","1551778530","0.417989"
"1551778530","2106619679","1.59245"
"2106619679","1551778530","1.59245"
"1551778530","2163349727","1.39116"
"2163349727","1551778530","1.39116"
"1551778530","869308005","0.183584"
"869308005","1551778530","0.183584"
"1551778530","885593463","0.130952"
"885593463","1551778530","0.130952"
"1551778530","96388050","5.03072"
"96388050","1551778530","5.03072"
"2023463742","2028471130","0.962037"
"2028471130","2023463742","0.962037"
"2023463742","2106619679","2.2412"
"2106619679","2023463742","2.2412"
"2023463742","2163349727","1.05103"
"2163349727","2023463742","1.05103"
"2023463742","96388050","6.14878"
"96388050","2023463742","6.14878"
"2028471130","2044738440","1.49775"
"2044738440","2028471130","1.49775"
"2028471130","2054505740","2.48406"
"2054505740","2028471130","2.48406"
"2028471130","2088159747","0.167989"
"2088159747","2028471130","0.167989"
"2028471130","2106619679","3.5361"
"2106619679","2028471130","3.5361"
"2028471130","2163349727","0.759774"
"2163349727","2028471130","0.759774"
"2028471130","869308005","0.329417"
"869308005","2028471130","0.329417"
"2028471130","885593463","0.276786"
"885593463","2028471130","0.276786"
"2028471130","96388050","0.778704"
"96388050","2028471130","0.778704"
"2044738440","2106619679","4.36422"
"2106619679","2044738440","4.36422"
"2044738440","2163349727","1.80146"
"2163349727","2044738440","1.80146"
"2044738440","96388050","7.40989"
"96388050","2044738440","7.40989"
"2054505740","2106619679","4.05628"
"2106619679","2054505740","4.05628"
"2054505740","2163349727","3.3633"
"2163349727","2054505740","3.3633"
"2054505740","96388050","10.921"
"96388050","2054505740","10.921"
"2088159747","2106619679","0.334656"
"2106619679","2088159747","0.334656"
"2088159747","2163349727","0.814018"
"2163349727","2088159747","0.814018"
"2088159747","96388050","0.167989"
"96388050","2088159747","0.167989"
"2106619679","2163349727","1.65958"
"2163349727","2106619679","1.65958"
"2106619679","869308005","0.183584"
"869308005","2106619679","0.183584"
"2106619679","885593463","0.130952"
"885593463","2106619679","0.130952"
"2106619679","96388050","2.61343"
"96388050","2106619679","2.61343"
"2163349727","96388050","1.47881"
"96388050","2163349727","1.47881"
"869308005","96388050","0.130952"
"96388050","869308005","0.130952"
"885593463","96388050","0.130952"
"96388050","885593463","0.130952"
"131967141","2249542348","0.15"
"2249542348","131967141","0.15"
"131967141","2401643088","0.0666667"
"2401643088","131967141","0.0666667"
"131967141","2411740706","0.15"
"2411740706","131967141","0.15"
"131967141","87855037","0.0666667"
"87855037","131967141","0.0666667"
"17135638","2249542348","0.658405"
"2249542348","17135638","0.658405"
"17135638","2401643088","0.185965"
"2401643088","17135638","0.185965"
"17135638","2411740706","0.858405"
"2411740706","17135638","0.858405"
"17135638","87855037","0.810279"
"87855037","17135638","0.810279"
"1767517642","1938446369","0.373144"
"1938446369","1767517642","0.373144"
"1767517642","2249542348","0.71396"
"2249542348","1767517642","0.71396"
"1767517642","2401643088","0.119298"
"2401643088","1767517642","0.119298"
"1767517642","2411740706","0.837037"
"2411740706","1767517642","0.837037"
"1767517642","87855037","0.410181"
"87855037","1767517642","0.410181"
"1938446369","1975125888","3.4876"
"1975125888","1938446369","3.4876"
"1938446369","2081999619","2.02565"
"2081999619","1938446369","2.02565"
"1938446369","2249542348","0.596858"
"2249542348","1938446369","0.596858"
"1938446369","2401643088","0.185965"
"2401643088","1938446369","0.185965"
"1938446369","2411740706","0.619935"
"2411740706","1938446369","0.619935"
"1938446369","2615250133","0.0666667"
"2615250133","1938446369","0.0666667"
"1938446369","87855037","2.00684"
"87855037","1938446369","2.00684"
"1975125888","2249542348","1.17748"
"2249542348","1975125888","1.17748"
"1975125888","2401643088","0.452632"
"2401643088","1975125888","0.452632"
"1975125888","2411740706","2.44342"
"2411740706","1975125888","2.44342"
"1975125888","87855037","7.88674"
"87855037","1975125888","7.88674"
"206006189","2249542348","0.814225"
"2249542348","206006189","0.814225"
"206006189","2401643088","0.285965"
"2401643088","206006189","0.285965"
"206006189","2411740706","0.737302"
"2411740706","206006189","0.737302"
"206006189","2615250133","0.0666667"
"2615250133","206006189","0.0666667"
"206006189","87855037","0.390666"
"87855037","206006189","0.390666"
"2081999619","2249542348","1.26664"
"2249542348","2081999619","1.26664"
"2081999619","2401643088","0.685965"
"2401643088","2081999619","0.685965"
"2081999619","2411740706","1.38971"
"2411740706","2081999619","1.38971"
"2081999619","87855037","0.825655"
"87855037","2081999619","0.825655"
"2088159747","2249542348","0.305384"
"2249542348","2088159747","0.305384"
"2088159747","2401643088","1.06667"
"2401643088","2088159747","1.06667"
"2088159747","2411740706","0.305384"
"2411740706","2088159747","0.305384"
"2088159747","2615250133","0.0666667"
"2615250133","2088159747","0.0666667"
"2088159747","87855037","0.344345"
"87855037","2088159747","0.344345"
"2164121405","2249542348","1.12748"
"2249542348","2164121405","1.12748"
"2164121405","2401643088","0.685965"
"2401643088","2164121405","0.685965"
"2164121405","2411740706","1.39342"
"2411740706","2164121405","1.39342"
"2164121405","87855037","1.1661"
"87855037","2164121405","1.1661"
"2249542348","2401643088","0.233333"
"2401643088","2249542348","0.233333"
"2249542348","2411740706","15.1434"
"2411740706","2249542348","15.1434"
"2249542348","2615250133","0.316667"
"2615250133","2249542348","0.316667"
"2249542348","869308005","1.73089"
"869308005","2249542348","1.73089"
"2249542348","87855037","0.933895"
"87855037","2249542348","0.933895"
"2249542348","885593463","1.29216"
"885593463","2249542348","1.29216"
"2401643088","2411740706","0.233333"
"2411740706","2401643088","0.233333"
"2401643088","2615250133","0.0666667"
"2615250133","2401643088","0.0666667"
"2401643088","869308005","0.619298"
"869308005","2401643088","0.619298"
"2401643088","87855037","0.185965"
"87855037","2401643088","0.185965"
"2401643088","885593463","0.0666667"
"885593463","2401643088","0.0666667"
"2411740706","2615250133","0.316667"
"2615250133","2411740706","0.316667"
"2411740706","869308005","2.25397"
"869308005","2411740706","2.25397"
"2411740706","87855037","0.956972"
"87855037","2411740706","0.956972"
"2411740706","885593463","1.29216"
"885593463","2411740706","1.29216"
"2615250133","87855037","0.0666667"
"87855037","2615250133","0.0666667"
"869308005","87855037","0.467589"
"87855037","869308005","0.467589"
"87855037","885593463","0.216399"
"885593463","87855037","0.216399"
"1975125888","2028471130","1.71884"
"2028471130","1975125888","1.71884"
"2004699875","2028471130","0.746811"
"2028471130","2004699875","0.746811"
"2004699875","206006189","0.800251"
"206006189","2004699875","0.800251"
"2004699875","2249542348","0.78945"
"2249542348","2004699875","0.78945"
"2004699875","2288986418","0.245833"
"2288986418","2004699875","0.245833"
"2004699875","2411740706","0.88945"
"2411740706","2004699875","0.88945"
"2028471130","206006189","0.246084"
"206006189","2028471130","0.246084"
"2028471130","2145459259","0.875978"
"2145459259","2028471130","0.875978"
"2028471130","2164121405","0.366454"
"2164121405","2028471130","0.366454"
"2028471130","2249542348","0.12037"
"2249542348","2028471130","0.12037"
"2028471130","2288986418","0.22619"
"2288986418","2028471130","0.22619"
"2028471130","2411740706","0.12037"
"2411740706","2028471130","0.12037"
"206006189","2163349727","0.766917"
"2163349727","206006189","0.766917"
"2145459259","2249542348","2.24971"
"2249542348","2145459259","2.24971"
"2145459259","2411740706","2.51564"
"2411740706","2145459259","2.51564"
"2163349727","2249542348","0.302413"
"2249542348","2163349727","0.302413"
"2163349727","2288986418","0.466468"
"2288986418","2163349727","0.466468"
"2163349727","2411740706","0.402413"
"2411740706","2163349727","0.402413"
"2249542348","2288986418","0.392857"
"2288986418","2249542348","0.392857"
"2288986418","2411740706","0.392857"
"2411740706","2288986418","0.392857"
"1482395559","1525988254","0.110119"
"1525988254","1482395559","0.110119"
"1482395559","1551778530","0.047619"
"1551778530","1482395559","0.047619"
"1482395559","1649492015","0.252976"
"1649492015","1482395559","0.252976"
"1482395559","17135638","0.110119"
"17135638","1482395559","0.110119"
"1482395559","1938446369","0.168943"
"1938446369","1482395559","0.168943"
"1482395559","1975125888","0.3118"
"1975125888","1482395559","0.3118"
"1482395559","2004699875","0.106443"
"2004699875","1482395559","0.106443"
"1482395559","2023463742","0.047619"
"2023463742","1482395559","0.047619"
"1482395559","2028471130","0.110119"
"2028471130","1482395559","0.110119"
"1482395559","2044738440","0.047619"
"2044738440","1482395559","0.047619"
"1482395559","2054505740","0.110119"
"2054505740","1482395559","0.110119"
"1482395559","206006189","0.110119"
"206006189","1482395559","0.110119"
"1482395559","2088159747","0.106443"
"2088159747","1482395559","0.106443"
"1482395559","2106619679","0.047619"
"2106619679","1482395559","0.047619"
"1482395559","2145459259","0.3118"
"2145459259","1482395559","0.3118"
"1482395559","2163349727","0.106443"
"2163349727","1482395559","0.106443"
"1482395559","2164121405","0.3118"
"2164121405","1482395559","0.3118"
"1482395559","2440730883","0.110119"
"2440730883","1482395559","0.110119"
"1482395559","869308005","0.110119"
"869308005","1482395559","0.110119"
"1482395559","885593463","0.168943"
"885593463","1482395559","0.168943"
"1482395559","96388050","0.047619"
"96388050","1482395559","0.047619"
"1525988254","1649492015","0.110119"
"1649492015","1525988254","0.110119"
"1525988254","17135638","0.110119"
"17135638","1525988254","0.110119"
"1525988254","1938446369","0.22123"
"1938446369","1525988254","0.22123"
"1525988254","1975125888","0.22123"
"1975125888","1525988254","0.22123"
"1525988254","2004699875","0.247619"
"2004699875","1525988254","0.247619"
"1525988254","206006189","0.110119"
"206006189","1525988254","0.110119"
"1525988254","2145459259","0.610119"
"2145459259","1525988254","0.610119"
"1525988254","2164121405","0.110119"
"2164121405","1525988254","0.110119"
"1525988254","2440730883","0.72123"
"2440730883","1525988254","0.72123"
"1551778530","1649492015","0.137288"
"1649492015","1551778530","0.137288"
"1551778530","17135638","0.137288"
"17135638","1551778530","0.137288"
"1551778530","1938446369","0.461362"
"1938446369","1551778530","0.461362"
"1551778530","1975125888","0.622641"
"1975125888","1551778530","0.622641"
"1551778530","2004699875","0.51153"
"2004699875","1551778530","0.51153"
"1551778530","206006189","0.100251"
"206006189","1551778530","0.100251"
"1551778530","2145459259","0.76153"
"2145459259","1551778530","0.76153"
"1551778530","2164121405","0.220621"
"2164121405","1551778530","0.220621"
"1551778530","2440730883","0.999639"
"2440730883","1551778530","0.999639"
"1649492015","1938446369","1.13134"
"1938446369","1649492015","1.13134"
"1649492015","2023463742","0.0846561"
"2023463742","1649492015","0.0846561"
"1649492015","2028471130","0.366454"
"2028471130","1649492015","0.366454"
"1649492015","2044738440","0.0846561"
"2044738440","1649492015","0.0846561"
"1649492015","2054505740","0.590746"
"2054505740","1649492015","0.590746"
"1649492015","2106619679","0.303954"
"2106619679","1649492015","0.303954"
"1649492015","2440730883","0.588965"
"2440730883","1649492015","0.588965"
"1649492015","96388050","0.0846561"
"96388050","1649492015","0.0846561"
"17135638","2028471130","0.199788"
"2028471130","17135638","0.199788"
"17135638","2106619679","0.137288"
"2106619679","17135638","0.137288"
"17135638","2440730883","0.672299"
"2440730883","17135638","0.672299"
"17135638","96388050","0.151323"
"96388050","17135638","0.151323"
"1938446369","2004699875","0.681831"
"2004699875","1938446369","0.681831"
"1938446369","2023463742","0.210119"
"2023463742","1938446369","0.210119"
"1938446369","2028471130","0.472274"
"2028471130","1938446369","0.472274"
"1938446369","2044738440","0.478806"
"2044738440","1938446369","0.478806"
"1938446369","2054505740","2.31908"
"2054505740","1938446369","2.31908"
"1938446369","2106619679","0.52783"
"2106619679","1938446369","0.52783"
"1938446369","2145459259","1.92466"
"2145459259","1938446369","1.92466"
"1938446369","2163349727","1.63312"
"2163349727","1938446369","1.63312"
"1938446369","2440730883","0.89591"
"2440730883","1938446369","0.89591"
"1938446369","96388050","0.499008"
"96388050","1938446369","0.499008"
"1975125888","2023463742","1.07973"
"2023463742","1975125888","1.07973"
"1975125888","2044738440","1.28175"
"2044738440","1975125888","1.28175"
"1975125888","2054505740","4.95848"
"2054505740","1975125888","4.95848"
"1975125888","2106619679","1.82439"
"2106619679","1975125888","1.82439"
"1975125888","2440730883","2.76374"
"2440730883","1975125888","2.76374"
"1975125888","96388050","1.66029"
"96388050","1975125888","1.66029"
"2004699875","2106619679","0.668835"
"2106619679","2004699875","0.668835"
"2004699875","2440730883","0.688208"
"2440730883","2004699875","0.688208"
"2004699875","96388050","0.604732"
"96388050","2004699875","0.604732"
"2023463742","206006189","0.047619"
"206006189","2023463742","0.047619"
"2023463742","2145459259","1.37557"
"2145459259","2023463742","1.37557"
"2023463742","2440730883","0.284361"
"2440730883","2023463742","0.284361"
"2028471130","2440730883","0.360119"
"2440730883","2028471130","0.360119"
"2044738440","206006189","0.047619"
"206006189","2044738440","0.047619"
"2044738440","2145459259","1.69223"
"2145459259","2044738440","1.69223"
"2044738440","2440730883","2.06214"
"2440730883","2044738440","2.06214"
"2054505740","206006189","0.110119"
"206006189","2054505740","0.110119"
"2054505740","2145459259","2.89118"
"2145459259","2054505740","2.89118"
"2054505740","2440730883","2.56823"
"2440730883","2054505740","2.56823"
"206006189","2106619679","0.100251"
"2106619679","206006189","0.100251"
"206006189","2440730883","0.579899"
"2440730883","206006189","0.579899"
"206006189","96388050","0.047619"
"96388050","206006189","0.047619"
"2088159747","2440730883","0.27381"
"2440730883","2088159747","0.27381"
"2106619679","2145459259","0.363478"
"2145459259","2106619679","0.363478"
"2106619679","2164121405","0.283121"
"2164121405","2106619679","0.283121"
"2106619679","2440730883","0.304563"
"2440730883","2106619679","0.304563"
"2145459259","2440730883","1.84013"
"2440730883","2145459259","1.84013"
"2145459259","96388050","0.308899"
"96388050","2145459259","0.308899"
"2163349727","2440730883","1.27795"
"2440730883","2163349727","1.27795"
"2164121405","2440730883","1.02839"
"2440730883","2164121405","1.02839"
"2164121405","96388050","0.547156"
"96388050","2164121405","0.547156"
"2440730883","869308005","2.49016"
"869308005","2440730883","2.49016"
"2440730883","885593463","0.110119"
"885593463","2440730883","0.110119"
"2440730883","96388050","0.478806"
"96388050","2440730883","0.478806"
"1482395559","1484188777","0.121324"
"1484188777","1482395559","0.121324"
"1482395559","2081999619","0.0588235"
"2081999619","1482395559","0.0588235"
"1482395559","2119436942","0.0588235"
"2119436942","1482395559","0.0588235"
"1482395559","2199057127","0.0588235"
"2199057127","1482395559","0.0588235"
"1482395559","2249542348","0.0588235"
"2249542348","1482395559","0.0588235"
"1482395559","2411740706","0.201681"
"2411740706","1482395559","0.201681"
"1482395559","3462311","0.0588235"
"3462311","1482395559","0.0588235"
"1482395559","35925755","0.0588235"
"35925755","1482395559","0.0588235"
"1482395559","87855037","0.0588235"
"87855037","1482395559","0.0588235"
"1484188777","1975125888","0.415936"
"1975125888","1484188777","0.415936"
"1484188777","2081999619","0.226656"
"2081999619","1484188777","0.226656"
"1484188777","2119436942","0.752413"
"2119436942","1484188777","0.752413"
"1484188777","2145459259","0.415936"
"2145459259","1484188777","0.415936"
"1484188777","2163349727","0.508824"
"2163349727","1484188777","0.508824"
"1484188777","2199057127","2.59897"
"2199057127","1484188777","2.59897"
"1484188777","2249542348","0.0958606"
"2249542348","1484188777","0.0958606"
"1484188777","2411740706","0.0958606"
"2411740706","1484188777","0.0958606"
"1484188777","3462311","1.03618"
"3462311","1484188777","1.03618"
"1484188777","35925755","1.28618"
"35925755","1484188777","1.28618"
"1484188777","87855037","0.18677"
"87855037","1484188777","0.18677"
"1938446369","2119436942","0.0588235"
"2119436942","1938446369","0.0588235"
"1938446369","2199057127","0.0588235"
"2199057127","1938446369","0.0588235"
"1938446369","3462311","0.149733"
"3462311","1938446369","0.149733"
"1975125888","2119436942","0.22549"
"2119436942","1975125888","0.22549"
"1975125888","2199057127","0.0958606"
"2199057127","1975125888","0.0958606"
"1975125888","3462311","0.149733"
"3462311","1975125888","0.149733"
"1975125888","35925755","0.316399"
"35925755","1975125888","0.316399"
"2004699875","2119436942","0.502413"
"2119436942","2004699875","0.502413"
"2004699875","2199057127","0.497784"
"2199057127","2004699875","0.497784"
"2004699875","3462311","0.260747"
"3462311","2004699875","0.260747"
"2004699875","35925755","0.302413"
"35925755","2004699875","0.302413"
"2004699875","87855037","1.74744"
"87855037","2004699875","1.74744"
"2081999619","2119436942","0.135747"
"2119436942","2081999619","0.135747"
"2081999619","2199057127","0.135747"
"2199057127","2081999619","0.135747"
"2081999619","3462311","0.226656"
"3462311","2081999619","0.226656"
"2081999619","35925755","0.226656"
"35925755","2081999619","0.226656"
"2088159747","2119436942","0.752413"
"2119436942","2088159747","0.752413"
"2088159747","2199057127","2.09897"
"2199057127","2088159747","2.09897"
"2088159747","3462311","0.786179"
"3462311","2088159747","0.786179"
"2088159747","35925755","2.78618"
"35925755","2088159747","2.78618"
"2119436942","2145459259","0.22549"
"2145459259","2119436942","0.22549"
"2119436942","2163349727","0.508824"
"2163349727","2119436942","0.508824"
"2119436942","2164121405","0.135747"
"2164121405","2119436942","0.135747"
"2119436942","2199057127","1.83575"
"2199057127","2119436942","1.83575"
"2119436942","2249542348","0.0588235"
"2249542348","2119436942","0.0588235"
"2119436942","2411740706","0.0588235"
"2411740706","2119436942","0.0588235"
"2119436942","3462311","0.385747"
"3462311","2119436942","0.385747"
"2119436942","35925755","0.302413"
"35925755","2119436942","0.302413"
"2119436942","87855037","0.0588235"
"87855037","2119436942","0.0588235"
"2119436942","885593463","0.0588235"
"885593463","2119436942","0.0588235"
"2145459259","2199057127","0.387527"
"2199057127","2145459259","0.387527"
"2145459259","3462311","0.441399"
"3462311","2145459259","0.441399"
"2145459259","35925755","1.3164"
"35925755","2145459259","1.3164"
"2145459259","87855037","2.92777"
"87855037","2145459259","2.92777"
"2163349727","2199057127","0.633824"
"2199057127","2163349727","0.633824"
"2163349727","3462311","0.183824"
"3462311","2163349727","0.183824"
"2163349727","35925755","0.0588235"
"35925755","2163349727","0.0588235"
"2163349727","87855037","1.20931"
"87855037","2163349727","1.20931"
"2164121405","2199057127","0.172784"
"2199057127","2164121405","0.172784"
"2164121405","3462311","0.476656"
"3462311","2164121405","0.476656"
"2164121405","35925755","0.476656"
"35925755","2164121405","0.476656"
"2199057127","2249542348","0.0958606"
"2249542348","2199057127","0.0958606"
"2199057127","2411740706","0.0958606"
"2411740706","2199057127","0.0958606"
"2199057127","3462311","3.73694"
"3462311","2199057127","3.73694"
"2199057127","35925755","2.5286"
"35925755","2199057127","2.5286"
"2199057127","87855037","0.0958606"
"87855037","2199057127","0.0958606"
"2199057127","885593463","0.0588235"
"885593463","2199057127","0.0588235"
"2249542348","3462311","0.0588235"
"3462311","2249542348","0.0588235"
"2249542348","35925755","0.0588235"
"35925755","2249542348","0.0588235"
"2411740706","3462311","0.0588235"
"3462311","2411740706","0.0588235"
"2411740706","35925755","0.0588235"
"35925755","2411740706","0.0588235"
"3462311","35925755","1.86951"
"35925755","3462311","1.86951"
"3462311","87855037","0.149733"
"87855037","3462311","0.149733"
"3462311","885593463","0.399733"
"885593463","3462311","0.399733"
"35925755","87855037","0.149733"
"87855037","35925755","0.149733"
"35925755","885593463","0.899733"
"885593463","35925755","0.899733"
"1482395559","1537272913","0.142857"
"1537272913","1482395559","0.142857"
"1482395559","2009390632","0.142857"
"2009390632","1482395559","0.142857"
"1537272913","1649492015","0.242857"
"1649492015","1537272913","0.242857"
"1537272913","1975125888","0.81978"
"1975125888","1537272913","0.81978"
"1537272913","2009390632","0.21978"
"2009390632","1537272913","0.21978"
"1537272913","2145459259","0.81978"
"2145459259","1537272913","0.81978"
"1537272913","2164121405","0.56978"
"2164121405","1537272913","0.56978"
"1537272913","2411740706","0.242857"
"2411740706","1537272913","0.242857"
"1649492015","2009390632","0.296703"
"2009390632","1649492015","0.296703"
"1649492015","2411740706","0.540151"
"2411740706","1649492015","0.540151"
"1975125888","2009390632","2.34648"
"2009390632","1975125888","2.34648"
"2009390632","2145459259","2.0062"
"2145459259","2009390632","2.0062"
"2009390632","2164121405","0.66946"
"2164121405","2009390632","0.66946"
"2009390632","2411740706","0.303114"
"2411740706","2009390632","0.303114"
"1482395559","1487877548","0.0625"
"1487877548","1482395559","0.0625"
"1482395559","2043117781","0.0625"
"2043117781","1482395559","0.0625"
"1484188777","1487877548","0.485984"
"1487877548","1484188777","0.485984"
"1484188777","1525988254","0.229167"
"1525988254","1484188777","0.229167"
"1484188777","1649492015","0.099537"
"1649492015","1484188777","0.099537"
"1484188777","2028471130","0.099537"
"2028471130","1484188777","0.099537"
"1484188777","2440730883","0.0625"
"2440730883","1484188777","0.0625"
"1487877548","1525988254","0.229167"
"1525988254","1487877548","0.229167"
"1487877548","1649492015","0.099537"
"1649492015","1487877548","0.099537"
"1487877548","17135638","0.099537"
"17135638","1487877548","0.099537"
"1487877548","1938446369","0.0625"
"1938446369","1487877548","0.0625"
"1487877548","1975125888","0.199537"
"1975125888","1487877548","0.199537"
"1487877548","2028471130","0.242394"
"2028471130","1487877548","0.242394"
"1487877548","2043117781","0.585984"
"2043117781","1487877548","0.585984"
"1487877548","2054505740","0.485984"
"2054505740","1487877548","0.485984"
"1487877548","206006189","0.0625"
"206006189","1487877548","0.0625"
"1487877548","2145459259","0.199537"
"2145459259","1487877548","0.199537"
"1487877548","2164121405","0.17646"
"2164121405","1487877548","0.17646"
"1487877548","2440730883","0.0625"
"2440730883","1487877548","0.0625"
"1487877548","869308005","0.0625"
"869308005","1487877548","0.0625"
"1487877548","885593463","0.0625"
"885593463","1487877548","0.0625"
"1525988254","2043117781","0.340278"
"2043117781","1525988254","0.340278"
"1649492015","2043117781","0.099537"
"2043117781","1649492015","0.099537"
"1938446369","2043117781","0.41452"
"2043117781","1938446369","0.41452"
"1975125888","2043117781","1.7258"
"2043117781","1975125888","1.7258"
"2028471130","2043117781","0.385251"
"2043117781","2028471130","0.385251"
"2043117781","2145459259","2.75711"
"2145459259","2043117781","2.75711"
"2043117781","2440730883","0.347854"
"2440730883","2043117781","0.347854"
"1484188777","2065652560","1.09015"
"2065652560","1484188777","1.09015"
"2065652560","2119436942","0.96978"
"2119436942","2065652560","0.96978"
"2065652560","2199057127","1.50682"
"2199057127","2065652560","1.50682"
"2065652560","3462311","0.803114"
"3462311","2065652560","0.803114"
"1484188777","1551778530","0.287037"
"1551778530","1484188777","0.287037"
"1484188777","1767517642","0.037037"
"1767517642","1484188777","0.037037"
"1484188777","2014048375","0.037037"
"2014048375","1484188777","0.037037"
"1484188777","2096659513","0.203704"
"2096659513","1484188777","0.203704"
"1484188777","2106619679","0.037037"
"2106619679","1484188777","0.037037"
"1484188777","2108119454","0.037037"
"2108119454","1484188777","0.037037"
"1484188777","2240640875","0.037037"
"2240640875","1484188777","0.037037"
"1484188777","96388050","0.037037"
"96388050","1484188777","0.037037"
"1487877548","1551778530","1.2037"
"1551778530","1487877548","1.2037"
"1487877548","1554442705","0.256817"
"1554442705","1487877548","0.256817"
"1487877548","1767517642","0.037037"
"1767517642","1487877548","0.037037"
"1487877548","2004699875","0.21396"
"2004699875","1487877548","0.21396"
"1487877548","2014048375","0.179894"
"2014048375","1487877548","0.179894"
"1487877548","2023463742","1.13704"
"2023463742","1487877548","1.13704"
"1487877548","2044738440","0.946561"
"2044738440","1487877548","0.946561"
"1487877548","2065652560","0.566341"
"2065652560","1487877548","0.566341"
"1487877548","2088159747","0.423484"
"2088159747","1487877548","0.423484"
"1487877548","2096659513","0.137037"
"2096659513","1487877548","0.137037"
"1487877548","2106619679","0.346561"
"2106619679","1487877548","0.346561"
"1487877548","2108119454","0.037037"
"2108119454","1487877548","0.037037"
"1487877548","2199057127","0.423484"
"2199057127","1487877548","0.423484"
"1487877548","2240640875","0.037037"
"2240640875","1487877548","0.037037"
"1487877548","2249542348","0.037037"
