"1435924991","1599836220","4.4369"
"1599836220","1435924991","4.4369"
"1435924991","1934084512","4.92216"
"1934084512","1435924991","4.92216"
"1435924991","2149420958","0.2"
"2149420958","1435924991","0.2"
"1435924991","2440094130","4.14716"
"2440094130","1435924991","4.14716"
"1435924991","2466758040","6.34716"
"2466758040","1435924991","6.34716"
"1599836220","1934084512","4.89524"
"1934084512","1599836220","4.89524"
"1599836220","2149420958","0.2"
"2149420958","1599836220","0.2"
"1599836220","2440094130","4.10357"
"2440094130","1599836220","4.10357"
"1599836220","2466758040","5.22024"
"2466758040","1599836220","5.22024"
"1934084512","2149420958","0.2"
"2149420958","1934084512","0.2"
"1934084512","2440094130","23.7305"
"2440094130","1934084512","23.7305"
"1934084512","2466758040","13.3805"
"2466758040","1934084512","13.3805"
"2149420958","2440094130","0.7"
"2440094130","2149420958","0.7"
"2149420958","2466758040","0.7"
"2466758040","2149420958","0.7"
"2440094130","2466758040","9.05549"
"2466758040","2440094130","9.05549"
"1435924991","2052569640","2.54405"
"2052569640","1435924991","2.54405"
"1599836220","2052569640","2.91071"
"2052569640","1599836220","2.91071"
"1934084512","2052569640","2.21071"
"2052569640","1934084512","2.21071"
"2052569640","2440094130","1.83571"
"2440094130","2052569640","1.83571"
"2052569640","2466758040","2.53571"
"2466758040","2052569640","2.53571"
"1435924991","2135209143","0.976923"
"2135209143","1435924991","0.976923"
"1599836220","2135209143","0.2"
"2135209143","1599836220","0.2"
"1934084512","2135209143","0.810256"
"2135209143","1934084512","0.810256"
"2135209143","2440094130","0.276923"
"2440094130","2135209143","0.276923"
"2135209143","2466758040","0.610256"
"2466758040","2135209143","0.610256"
"1435924991","2081210343","0.86978"
"2081210343","1435924991","0.86978"
"1435924991","2118038484","0.276923"
"2118038484","1435924991","0.276923"
"1435924991","2785137542","0.2"
"2785137542","1435924991","0.2"
"1934084512","2081210343","2.86145"
"2081210343","1934084512","2.86145"
"1934084512","2118038484","0.276923"
"2118038484","1934084512","0.276923"
"1934084512","2785137542","1.325"
"2785137542","1934084512","1.325"
"2081210343","2118038484","0.276923"
"2118038484","2081210343","0.276923"
"2081210343","2135209143","0.976923"
"2135209143","2081210343","0.976923"
"2081210343","2785137542","1.525"
"2785137542","2081210343","1.525"
"2118038484","2135209143","2.23922"
"2135209143","2118038484","2.23922"
"2118038484","2785137542","0.25"
"2785137542","2118038484","0.25"
"2135209143","2785137542","0.45"
"2785137542","2135209143","0.45"
"1435924991","2021993549","0.5"
"2021993549","1435924991","0.5"
"2021993549","2135209143","0.5"
"2135209143","2021993549","0.5"
"1435924991","2093808275","0.65"
"2093808275","1435924991","0.65"
"1599836220","2093808275","0.4"
"2093808275","1599836220","0.4"
"1934084512","2093808275","0.933333"
"2093808275","1934084512","0.933333"
"2093808275","2440094130","0.733333"
"2440094130","2093808275","0.733333"
"2093808275","2466758040","0.933333"
"2466758040","2093808275","0.933333"
"1435924991","2964354311","0.642857"
"2964354311","1435924991","0.642857"
"2466758040","2964354311","0.642857"
"2964354311","2466758040","0.642857"
"1435924991","2079299255","0.309524"
"2079299255","1435924991","0.309524"
"1599836220","2079299255","0.509524"
"2079299255","1599836220","0.509524"
"1934084512","2079299255","0.642857"
"2079299255","1934084512","0.642857"
"2052569640","2079299255","1.30952"
"2079299255","2052569640","1.30952"
"2079299255","2440094130","0.642857"
"2440094130","2079299255","0.642857"
"2079299255","2466758040","0.309524"
"2466758040","2079299255","0.309524"
"1435924991","2430018012","0.833333"
"2430018012","1435924991","0.833333"
"1435924991","2476314606","0.5"
"2476314606","1435924991","0.5"
"2430018012","2476314606","0.5"
"2476314606","2430018012","0.5"
"1435924991","2903440991","0.142857"
"2903440991","1435924991","0.142857"
"1599836220","2903440991","0.142857"
"2903440991","1599836220","0.142857"
"1599836220","2964354311","0.142857"
"2964354311","1599836220","0.142857"
"1934084512","2903440991","0.142857"
"2903440991","1934084512","0.142857"
"1934084512","2964354311","0.142857"
"2964354311","1934084512","0.142857"
"2052569640","2903440991","0.142857"
"2903440991","2052569640","0.142857"
"2052569640","2964354311","0.142857"
"2964354311","2052569640","0.142857"
"2440094130","2903440991","0.142857"
"2903440991","2440094130","0.142857"
"2440094130","2964354311","0.142857"
"2964354311","2440094130","0.142857"
"2466758040","2903440991","0.142857"
"2903440991","2466758040","0.142857"
"2903440991","2964354311","1.47619"
"2964354311","2903440991","1.47619"
"1435924991","2140757415","0.142857"
"2140757415","1435924991","0.142857"
"1435924991","2167445567","0.142857"
"2167445567","1435924991","0.142857"
"1435924991","2273735650","0.21978"
"2273735650","1435924991","0.21978"
"1599836220","2140757415","0.142857"
"2140757415","1599836220","0.142857"
"1599836220","2167445567","0.142857"
"2167445567","1599836220","0.142857"
"1599836220","2273735650","0.142857"
"2273735650","1599836220","0.142857"
"1934084512","2140757415","0.142857"
"2140757415","1934084512","0.142857"
"1934084512","2167445567","0.142857"
"2167445567","1934084512","0.142857"
"1934084512","2273735650","0.21978"
"2273735650","1934084512","0.21978"
"2140757415","2167445567","0.303968"
"2167445567","2140757415","0.303968"
"2140757415","2273735650","0.720635"
"2273735650","2140757415","0.720635"
"2140757415","2440094130","0.142857"
"2440094130","2140757415","0.142857"
"2140757415","2466758040","0.142857"
"2466758040","2140757415","0.142857"
"2167445567","2273735650","9.50623"
"2273735650","2167445567","9.50623"
"2167445567","2440094130","0.142857"
"2440094130","2167445567","0.142857"
"2167445567","2466758040","0.142857"
"2466758040","2167445567","0.142857"
"2273735650","2440094130","0.21978"
"2440094130","2273735650","0.21978"
"2273735650","2466758040","0.21978"
"2466758040","2273735650","0.21978"
"1435924991","1966267272","0.2"
"1966267272","1435924991","0.2"
"1599836220","1966267272","0.4"
"1966267272","1599836220","0.4"
"1934084512","1966267272","0.2"
"1966267272","1934084512","0.2"
"1966267272","2052569640","0.2"
"2052569640","1966267272","0.2"
"1966267272","2466758040","0.2"
"2466758040","1966267272","0.2"
"1599836220","2081210343","0.342857"
"2081210343","1599836220","0.342857"
"2081210343","2440094130","1.12811"
"2440094130","2081210343","1.12811"
"2081210343","2466758040","1.66145"
"2466758040","2081210343","1.66145"
"2052569640","2081210343","0.267857"
"2081210343","2052569640","0.267857"
"2079299255","2081210343","0.142857"
"2081210343","2079299255","0.142857"
"1435924991","1818890319","0.0769231"
"1818890319","1435924991","0.0769231"
"1435924991","1977245156","0.0769231"
"1977245156","1435924991","0.0769231"
"1435924991","2090850279","0.201923"
"2090850279","1435924991","0.201923"
"1435924991","2093149131","0.0769231"
"2093149131","1435924991","0.0769231"
"1435924991","2128160835","0.0769231"
"2128160835","1435924991","0.0769231"
"1435924991","2949223857","0.201923"
"2949223857","1435924991","0.201923"
"1818890319","1934084512","0.0769231"
"1934084512","1818890319","0.0769231"
"1818890319","1977245156","1.92845"
"1977245156","1818890319","1.92845"
"1818890319","2081210343","0.0769231"
"2081210343","1818890319","0.0769231"
"1818890319","2090850279","0.0769231"
"2090850279","1818890319","0.0769231"
"1818890319","2093149131","3.96178"
"2093149131","1818890319","3.96178"
"1818890319","2118038484","0.126923"
"2118038484","1818890319","0.126923"
"1818890319","2128160835","2.94115"
"2128160835","1818890319","2.94115"
"1818890319","2135209143","0.226923"
"2135209143","1818890319","0.226923"
"1818890319","2273735650","2.52845"
"2273735650","1818890319","2.52845"
"1818890319","2440094130","0.0769231"
"2440094130","1818890319","0.0769231"
"1818890319","2466758040","0.0769231"
"2466758040","1818890319","0.0769231"
"1818890319","2949223857","0.0769231"
"2949223857","1818890319","0.0769231"
"1934084512","1977245156","0.0769231"
"1977245156","1934084512","0.0769231"
"1934084512","2090850279","0.276923"
"2090850279","1934084512","0.276923"
"1934084512","2093149131","0.0769231"
"2093149131","1934084512","0.0769231"
"1934084512","2128160835","0.0769231"
"2128160835","1934084512","0.0769231"
"1934084512","2949223857","0.276923"
"2949223857","1934084512","0.276923"
"1977245156","2081210343","0.526923"
"2081210343","1977245156","0.526923"
"1977245156","2090850279","0.24359"
"2090850279","1977245156","0.24359"
"1977245156","2093149131","3.79353"
"2093149131","1977245156","3.79353"
"1977245156","2118038484","0.585256"
"2118038484","1977245156","0.585256"
"1977245156","2128160835","1.53837"
"2128160835","1977245156","1.53837"
"1977245156","2135209143","0.685256"
"2135209143","1977245156","0.685256"
"1977245156","2273735650","12.5031"
"2273735650","1977245156","12.5031"
"1977245156","2440094130","0.0769231"
"2440094130","1977245156","0.0769231"
"1977245156","2466758040","0.0769231"
"2466758040","1977245156","0.0769231"
"1977245156","2949223857","0.0769231"
"2949223857","1977245156","0.0769231"
"2081210343","2090850279","0.44359"
"2090850279","2081210343","0.44359"
"2081210343","2093149131","0.726923"
"2093149131","2081210343","0.726923"
"2081210343","2128160835","0.0769231"
"2128160835","2081210343","0.0769231"
"2081210343","2273735650","2.09359"
"2273735650","2081210343","2.09359"
"2081210343","2949223857","0.44359"
"2949223857","2081210343","0.44359"
"2090850279","2093149131","0.576923"
"2093149131","2090850279","0.576923"
"2090850279","2118038484","1.21978"
"2118038484","2090850279","1.21978"
"2090850279","2128160835","0.24359"
"2128160835","2090850279","0.24359"
"2090850279","2135209143","0.386447"
"2135209143","2090850279","0.386447"
"2090850279","2273735650","0.653846"
"2273735650","2090850279","0.653846"
"2090850279","2440094130","0.36859"
"2440094130","2090850279","0.36859"
"2090850279","2466758040","0.56859"
"2466758040","2090850279","0.56859"
"2090850279","2949223857","15.7384"
"2949223857","2090850279","15.7384"
"2093149131","2118038484","0.896368"
"2118038484","2093149131","0.896368"
"2093149131","2128160835","5.59948"
"2128160835","2093149131","5.59948"
"2093149131","2135209143","1.49637"
"2135209143","2093149131","1.49637"
"2093149131","2273735650","8.93797"
"2273735650","2093149131","8.93797"
"2093149131","2440094130","0.0769231"
"2440094130","2093149131","0.0769231"
"2093149131","2466758040","0.0769231"
"2466758040","2093149131","0.0769231"
"2093149131","2949223857","0.0769231"
"2949223857","2093149131","0.0769231"
"2118038484","2128160835","0.563034"
"2128160835","2118038484","0.563034"
"2118038484","2273735650","0.563034"
"2273735650","2118038484","0.563034"
"2118038484","2440094130","0.0769231"
"2440094130","2118038484","0.0769231"
"2118038484","2466758040","0.0769231"
"2466758040","2118038484","0.0769231"
"2118038484","2949223857","0.21978"
"2949223857","2118038484","0.21978"
"2128160835","2135209143","0.663034"
"2135209143","2128160835","0.663034"
"2128160835","2273735650","3.86615"
"2273735650","2128160835","3.86615"
"2128160835","2440094130","0.0769231"
"2440094130","2128160835","0.0769231"
"2128160835","2466758040","0.0769231"
"2466758040","2128160835","0.0769231"
"2128160835","2949223857","0.0769231"
"2949223857","2128160835","0.0769231"
"2135209143","2273735650","2.9297"
"2273735650","2135209143","2.9297"
"2135209143","2949223857","0.386447"
"2949223857","2135209143","0.386447"
"2273735650","2949223857","0.320513"
"2949223857","2273735650","0.320513"
"2440094130","2949223857","0.36859"
"2949223857","2440094130","0.36859"
"2466758040","2949223857","0.56859"
"2949223857","2466758040","0.56859"
"1435924991","2044849727","0.25"
"2044849727","1435924991","0.25"
"1435924991","2951981277","0.25"
"2951981277","1435924991","0.25"
"2044849727","2081210343","0.45"
"2081210343","2044849727","0.45"
"2044849727","2093808275","1"
"2093808275","2044849727","1"
"2044849727","2951981277","21.4"
"2951981277","2044849727","21.4"
"2081210343","2093808275","1.45"
"2093808275","2081210343","1.45"
"2081210343","2951981277","0.45"
"2951981277","2081210343","0.45"
"2093808275","2951981277","0.5"
"2951981277","2093808275","0.5"
"1435924991","2099102906","0.333333"
"2099102906","1435924991","0.333333"
"2099102906","2430018012","0.583333"
"2430018012","2099102906","0.583333"
"2099102906","2440094130","0.333333"
"2440094130","2099102906","0.333333"
"2430018012","2440094130","1.33333"
"2440094130","2430018012","1.33333"
"1435924991","1788418780","0.125"
"1788418780","1435924991","0.125"
"1435924991","2404625576","0.125"
"2404625576","1435924991","0.125"
"1599836220","1788418780","3.775"
"1788418780","1599836220","3.775"
"1599836220","2090850279","0.291667"
"2090850279","1599836220","0.291667"
"1599836220","2404625576","0.491667"
"2404625576","1599836220","0.491667"
"1599836220","2949223857","0.291667"
"2949223857","1599836220","0.291667"
"1788418780","2052569640","0.325"
"2052569640","1788418780","0.325"
"1788418780","2090850279","0.625"
"2090850279","1788418780","0.625"
"1788418780","2404625576","1.825"
"2404625576","1788418780","1.825"
"1788418780","2440094130","0.575"
"2440094130","1788418780","0.575"
"1788418780","2466758040","0.575"
"2466758040","1788418780","0.575"
"1788418780","2949223857","0.125"
"2949223857","1788418780","0.125"
"2052569640","2090850279","0.125"
"2090850279","2052569640","0.125"
"2052569640","2404625576","0.325"
"2404625576","2052569640","0.325"
"2052569640","2949223857","0.125"
"2949223857","2052569640","0.125"
"2090850279","2404625576","0.625"
"2404625576","2090850279","0.625"
"2404625576","2440094130","0.491667"
"2440094130","2404625576","0.491667"
"2404625576","2466758040","0.491667"
"2466758040","2404625576","0.491667"
"2404625576","2949223857","0.125"
"2949223857","2404625576","0.125"
"1539863007","2021993549","8.08333"
"2021993549","1539863007","8.08333"
"1539863007","1599836220","0.25"
"1599836220","1539863007","0.25"
"1539863007","1934084512","0.25"
"1934084512","1539863007","0.25"
"1539863007","2466758040","0.25"
"2466758040","1539863007","0.25"
"1599836220","2021993549","0.25"
"2021993549","1599836220","0.25"
"1934084512","2021993549","0.375"
"2021993549","1934084512","0.375"
"2021993549","2466758040","0.375"
"2466758040","2021993549","0.375"
"1539863007","2093149131","1"
"2093149131","1539863007","1"
"2021993549","2093149131","1.17692"
"2093149131","2021993549","1.17692"
"1539863007","2125806118","0.333333"
"2125806118","1539863007","0.333333"
"1539863007","2273735650","0.333333"
"2273735650","1539863007","0.333333"
"2021993549","2125806118","1.08718"
"2125806118","2021993549","1.08718"
"2021993549","2273735650","1.50385"
"2273735650","2021993549","1.50385"
"2125806118","2273735650","27.4269"
"2273735650","2125806118","27.4269"
"1539863007","2149602209","1"
"2149602209","1539863007","1"
"1539863007","15647449","0.166667"
"15647449","1539863007","0.166667"
"1539863007","1818890319","0.5"
"1818890319","1539863007","0.5"
"1539863007","1977245156","0.166667"
"1977245156","1539863007","0.166667"
"1539863007","2136658073","0.5"
"2136658073","1539863007","0.5"
"1539863007","2167445567","0.166667"
"2167445567","1539863007","0.166667"
"15647449","1818890319","1.20867"
"1818890319","15647449","1.20867"
"15647449","1977245156","4.97494"
"1977245156","15647449","4.97494"
"15647449","2093149131","1.86542"
"2093149131","15647449","1.86542"
"15647449","2136658073","1.29319"
"2136658073","15647449","1.29319"
"15647449","2167445567","2.0967"
"2167445567","15647449","2.0967"
"1818890319","2136658073","2.1623"
"2136658073","1818890319","2.1623"
"1818890319","2167445567","1.28803"
"2167445567","1818890319","1.28803"
"1977245156","2136658073","2.02579"
"2136658073","1977245156","2.02579"
"1977245156","2167445567","2.38645"
"2167445567","1977245156","2.38645"
"2093149131","2136658073","4.4496"
"2136658073","2093149131","4.4496"
"2093149131","2167445567","2.34359"
"2167445567","2093149131","2.34359"
"2136658073","2167445567","1.37256"
"2167445567","2136658073","1.37256"
"15647449","89376075","4.21853"
"89376075","15647449","4.21853"
"1977245156","89376075","4.14161"
"89376075","1977245156","4.14161"
"2167445567","89376075","1.76337"
"89376075","2167445567","1.76337"
"15647449","2021993549","0.253846"
"2021993549","15647449","0.253846"
"15647449","2044494469","1.44478"
"2044494469","15647449","1.44478"
"15647449","2076567040","0.504701"
"2076567040","15647449","0.504701"
"15647449","2112630366","0.426923"
"2112630366","15647449","0.426923"
"15647449","2125806118","1.12567"
"2125806118","15647449","1.12567"
"15647449","2128160835","0.96978"
"2128160835","15647449","0.96978"
"15647449","2149420958","1.16303"
"2149420958","15647449","1.16303"
"15647449","2273735650","3.7852"
"2273735650","15647449","3.7852"
"1818890319","2021993549","0.926923"
"2021993549","1818890319","0.926923"
"1818890319","2044494469","0.605891"
"2044494469","1818890319","0.605891"
"1818890319","2076567040","0.810256"
"2076567040","1818890319","0.810256"
"1818890319","2112630366","0.39359"
"2112630366","1818890319","0.39359"
"1818890319","2125806118","1.11422"
"2125806118","1818890319","1.11422"
"1818890319","2149420958","0.51859"
"2149420958","1818890319","0.51859"
"1818890319","89376075","1.542"
"89376075","1818890319","1.542"
"1977245156","2021993549","0.676923"
"2021993549","1977245156","0.676923"
"1977245156","2044494469","2.12097"
"2044494469","1977245156","2.12097"
"1977245156","2076567040","0.754701"
"2076567040","1977245156","0.754701"
"1977245156","2112630366","0.751923"
"2112630366","1977245156","0.751923"
"1977245156","2125806118","1.69161"
"2125806118","1977245156","1.69161"
"1977245156","2149420958","1.3297"
"2149420958","1977245156","1.3297"
"2021993549","2044494469","0.0769231"
"2044494469","2021993549","0.0769231"
"2021993549","2076567040","0.201923"
"2076567040","2021993549","0.201923"
"2021993549","2112630366","0.0769231"
"2112630366","2021993549","0.0769231"
"2021993549","2128160835","0.426923"
"2128160835","2021993549","0.426923"
"2021993549","2149420958","0.0769231"
"2149420958","2021993549","0.0769231"
"2021993549","2167445567","1.25385"
"2167445567","2021993549","1.25385"
"2021993549","89376075","0.253846"
"89376075","2021993549","0.253846"
"2044494469","2076567040","0.338034"
"2076567040","2044494469","0.338034"
"2044494469","2093149131","1.19478"
"2093149131","2044494469","1.19478"
"2044494469","2112630366","0.326923"
"2112630366","2044494469","0.326923"
"2044494469","2125806118","1.31264"
"2125806118","2044494469","1.31264"
"2044494469","2128160835","0.549145"
"2128160835","2044494469","0.549145"
"2044494469","2149420958","0.338034"
"2149420958","2044494469","0.338034"
"2044494469","2167445567","1.02811"
"2167445567","2044494469","1.02811"
"2044494469","2273735650","6.82097"
"2273735650","2044494469","6.82097"
"2044494469","89376075","1.44478"
"89376075","2044494469","1.44478"
"2076567040","2093149131","1.89915"
"2093149131","2076567040","1.89915"
"2076567040","2112630366","0.714225"
"2112630366","2076567040","0.714225"
"2076567040","2125806118","0.126923"
"2125806118","2076567040","0.126923"
"2076567040","2128160835","1.01581"
"2128160835","2076567040","1.01581"
"2076567040","2149420958","0.838034"
"2149420958","2076567040","0.838034"
"2076567040","2167445567","0.504701"
"2167445567","2076567040","0.504701"
"2076567040","2273735650","2.19915"
"2273735650","2076567040","2.19915"
"2076567040","89376075","0.338034"
"89376075","2076567040","0.338034"
"2093149131","2112630366","1.0797"
"2112630366","2093149131","1.0797"
"2093149131","2125806118","1.81542"
"2125806118","2093149131","1.81542"
"2093149131","2149420958","0.796368"
"2149420958","2093149131","0.796368"
"2093149131","89376075","2.03208"
"89376075","2093149131","2.03208"
"2112630366","2125806118","0.426923"
"2125806118","2112630366","0.426923"
"2112630366","2128160835","1.16303"
"2128160835","2112630366","1.16303"
"2112630366","2149420958","0.29359"
"2149420958","2112630366","0.29359"
"2112630366","2167445567","0.426923"
"2167445567","2112630366","0.426923"
"2112630366","2273735650","1.46303"
"2273735650","2112630366","1.46303"
"2112630366","89376075","0.426923"
"89376075","2112630366","0.426923"
"2125806118","2128160835","1.17137"
"2128160835","2125806118","1.17137"
"2125806118","2149420958","0.126923"
"2149420958","2125806118","0.126923"
"2125806118","2167445567","1.38004"
"2167445567","2125806118","1.38004"
"2125806118","89376075","1.12567"
"89376075","2125806118","1.12567"
"2128160835","2149420958","0.404701"
"2149420958","2128160835","0.404701"
"2128160835","2167445567","1.41581"
"2167445567","2128160835","1.41581"
"2128160835","89376075","0.803114"
"89376075","2128160835","0.803114"
"2149420958","2167445567","0.829701"
"2167445567","2149420958","0.829701"
"2149420958","2273735650","0.829701"
"2273735650","2149420958","0.829701"
"2149420958","89376075","0.663034"
"89376075","2149420958","0.663034"
"2273735650","89376075","3.7852"
"89376075","2273735650","3.7852"
"15647449","1566414653","0.0769231"
"1566414653","15647449","0.0769231"
"15647449","2015362435","0.0769231"
"2015362435","15647449","0.0769231"
"15647449","2090850279","0.24359"
"2090850279","15647449","0.24359"
"15647449","2232813226","0.201923"
"2232813226","15647449","0.201923"
"15647449","2552956925","0.0769231"
"2552956925","15647449","0.0769231"
"15647449","2949223857","0.0769231"
"2949223857","15647449","0.0769231"
"15647449","2949324212","0.0769231"
"2949324212","15647449","0.0769231"
"1566414653","2015362435","0.0769231"
"2015362435","1566414653","0.0769231"
"1566414653","2021993549","0.0769231"
"2021993549","1566414653","0.0769231"
"1566414653","2090850279","0.0769231"
"2090850279","1566414653","0.0769231"
"1566414653","2125806118","0.0769231"
"2125806118","1566414653","0.0769231"
"1566414653","2136658073","0.0769231"
"2136658073","1566414653","0.0769231"
"1566414653","2167445567","0.0769231"
"2167445567","1566414653","0.0769231"
"1566414653","2232813226","0.0769231"
"2232813226","1566414653","0.0769231"
"1566414653","2273735650","0.0769231"
"2273735650","1566414653","0.0769231"
"1566414653","2552956925","0.0769231"
"2552956925","1566414653","0.0769231"
"1566414653","2949223857","0.0769231"
"2949223857","1566414653","0.0769231"
"1566414653","2949324212","0.0769231"
"2949324212","1566414653","0.0769231"
"1566414653","89376075","0.0769231"
"89376075","1566414653","0.0769231"
"2015362435","2021993549","0.0769231"
"2021993549","2015362435","0.0769231"
"2015362435","2090850279","0.0769231"
"2090850279","2015362435","0.0769231"
"2015362435","2125806118","0.0769231"
"2125806118","2015362435","0.0769231"
"2015362435","2136658073","0.0769231"
"2136658073","2015362435","0.0769231"
"2015362435","2167445567","0.0769231"
"2167445567","2015362435","0.0769231"
"2015362435","2232813226","1.11783"
"2232813226","2015362435","1.11783"
"2015362435","2273735650","0.0769231"
"2273735650","2015362435","0.0769231"
"2015362435","2552956925","1.8345"
"2552956925","2015362435","1.8345"
"2015362435","2949223857","0.0769231"
"2949223857","2015362435","0.0769231"
"2015362435","2949324212","5.16783"
"2949324212","2015362435","5.16783"
"2015362435","89376075","0.0769231"
"89376075","2015362435","0.0769231"
"2021993549","2090850279","0.276923"
"2090850279","2021993549","0.276923"
"2021993549","2136658073","0.49359"
"2136658073","2021993549","0.49359"
"2021993549","2232813226","0.0769231"
"2232813226","2021993549","0.0769231"
"2021993549","2552956925","0.0769231"
"2552956925","2021993549","0.0769231"
"2021993549","2949223857","0.276923"
"2949223857","2021993549","0.276923"
"2021993549","2949324212","0.0769231"
"2949324212","2021993549","0.0769231"
"2090850279","2125806118","0.0769231"
"2125806118","2090850279","0.0769231"
"2090850279","2136658073","0.0769231"
"2136658073","2090850279","0.0769231"
"2090850279","2167445567","0.24359"
"2167445567","2090850279","0.24359"
"2090850279","2232813226","0.0769231"
"2232813226","2090850279","0.0769231"
"2090850279","2552956925","0.0769231"
"2552956925","2090850279","0.0769231"
"2090850279","2949324212","0.0769231"
"2949324212","2090850279","0.0769231"
"2090850279","89376075","0.0769231"
"89376075","2090850279","0.0769231"
"2125806118","2136658073","1.66661"
"2136658073","2125806118","1.66661"
"2125806118","2232813226","0.326923"
"2232813226","2125806118","0.326923"
"2125806118","2552956925","0.0769231"
"2552956925","2125806118","0.0769231"
"2125806118","2949223857","0.0769231"
"2949223857","2125806118","0.0769231"
"2125806118","2949324212","0.0769231"
"2949324212","2125806118","0.0769231"
"2136658073","2232813226","0.0769231"
"2232813226","2136658073","0.0769231"
"2136658073","2273735650","7.98605"
"2273735650","2136658073","7.98605"
"2136658073","2552956925","0.0769231"
"2552956925","2136658073","0.0769231"
"2136658073","2949223857","0.0769231"
"2949223857","2136658073","0.0769231"
"2136658073","2949324212","0.0769231"
"2949324212","2136658073","0.0769231"
"2136658073","89376075","1.12653"
"89376075","2136658073","1.12653"
"2167445567","2232813226","0.0769231"
"2232813226","2167445567","0.0769231"
"2167445567","2552956925","0.0769231"
"2552956925","2167445567","0.0769231"
"2167445567","2949223857","0.0769231"
"2949223857","2167445567","0.0769231"
"2167445567","2949324212","0.0769231"
"2949324212","2167445567","0.0769231"
"2232813226","2273735650","0.326923"
"2273735650","2232813226","0.326923"
"2232813226","2552956925","2.61783"
"2552956925","2232813226","2.61783"
"2232813226","2949223857","0.0769231"
"2949223857","2232813226","0.0769231"
"2232813226","2949324212","0.751166"
"2949324212","2232813226","0.751166"
"2232813226","89376075","0.201923"
"89376075","2232813226","0.201923"
"2273735650","2552956925","0.276923"
"2552956925","2273735650","0.276923"
"2273735650","2949324212","0.0769231"
"2949324212","2273735650","0.0769231"
"2552956925","2949223857","0.0769231"
"2949223857","2552956925","0.0769231"
"2552956925","2949324212","1.91783"
"2949324212","2552956925","1.91783"
"2552956925","89376075","0.0769231"
"89376075","2552956925","0.0769231"
"2949223857","2949324212","0.0769231"
"2949324212","2949223857","0.0769231"
"2949223857","89376075","0.0769231"
"89376075","2949223857","0.0769231"
"2949324212","89376075","0.0769231"
"89376075","2949324212","0.0769231"
"2044494469","2136658073","0.913492"
"2136658073","2044494469","0.913492"
"15647449","2035137574","0.55"
"2035137574","15647449","0.55"
"1977245156","2035137574","0.675"
"2035137574","1977245156","0.675"
"2035137574","2112630366","6.49564"
"2112630366","2035137574","6.49564"
"2035137574","2273735650","2.56944"
"2273735650","2035137574","2.56944"
"2035137574","89376075","0.55"
"89376075","2035137574","0.55"
"15647449","2140757415","0.411111"
"2140757415","15647449","0.411111"
"15647449","2149602209","0.595635"
"2149602209","15647449","0.595635"
"1818890319","2140757415","0.161111"
"2140757415","1818890319","0.161111"
"1818890319","2149602209","0.428968"
"2149602209","1818890319","0.428968"
"1977245156","2140757415","1.41111"
"2140757415","1977245156","1.41111"
"1977245156","2149602209","0.738492"
"2149602209","1977245156","0.738492"
"2044494469","2140757415","0.327778"
"2140757415","2044494469","0.327778"
"2044494469","2149602209","0.762302"
"2149602209","2044494469","0.762302"
"2093149131","2140757415","0.327778"
"2140757415","2093149131","0.327778"
"2093149131","2149602209","1.23849"
"2149602209","2093149131","1.23849"
"2140757415","2149602209","3.32778"
"2149602209","2140757415","3.32778"
"2140757415","89376075","0.411111"
"89376075","2140757415","0.411111"
"2149602209","2167445567","0.286111"
"2167445567","2149602209","0.286111"
"2149602209","2273735650","1.40516"
"2273735650","2149602209","1.40516"
"2149602209","89376075","0.595635"
"89376075","2149602209","0.595635"
"15647449","2135209143","0.15"
"2135209143","15647449","0.15"
"2112630366","2135209143","0.528968"
"2135209143","2112630366","0.528968"
"2112630366","2136658073","0.316667"
"2136658073","2112630366","0.316667"
"2125806118","2135209143","0.85"
"2135209143","2125806118","0.85"
"2128160835","2136658073","1.98889"
"2136658073","2128160835","1.98889"
"2135209143","2136658073","0.15"
"2136658073","2135209143","0.15"
"2135209143","2167445567","0.15"
"2167445567","2135209143","0.15"
"2135209143","89376075","0.15"
"89376075","2135209143","0.15"
"15647449","1996544809","0.303968"
"1996544809","15647449","0.303968"
"15647449","2118038484","0.05"
"2118038484","15647449","0.05"
"15647449","2785137542","0.05"
"2785137542","15647449","0.05"
"1818890319","1996544809","0.637302"
"1996544809","1818890319","0.637302"
"1818890319","2035137574","0.4"
"2035137574","1818890319","0.4"
"1818890319","2785137542","0.05"
"2785137542","1818890319","0.05"
"1977245156","1996544809","0.595635"
"1996544809","1977245156","0.595635"
"1977245156","2785137542","0.216667"
"2785137542","1977245156","0.216667"
"1996544809","2035137574","3.20833"
"2035137574","1996544809","3.20833"
"1996544809","2044494469","0.216667"
"2044494469","1996544809","0.216667"
"1996544809","2076567040","1.38333"
"2076567040","1996544809","1.38333"
"1996544809","2093149131","1.62897"
"2093149131","1996544809","1.62897"
"1996544809","2112630366","10.375"
"2112630366","1996544809","10.375"
"1996544809","2118038484","0.175"
"2118038484","1996544809","0.175"
"1996544809","2125806118","0.527778"
"2125806118","1996544809","0.527778"
"1996544809","2128160835","0.928968"
"2128160835","1996544809","0.928968"
"1996544809","2135209143","0.375"
"2135209143","1996544809","0.375"
"1996544809","2136658073","0.994444"
"2136658073","1996544809","0.994444"
"1996544809","2140757415","0.216667"
"2140757415","1996544809","0.216667"
"1996544809","2149420958","0.216667"
"2149420958","1996544809","0.216667"
"1996544809","2149602209","0.716667"
"2149602209","1996544809","0.716667"
"1996544809","2167445567","0.55"
"2167445567","1996544809","0.55"
"1996544809","2273735650","2.32897"
"2273735650","1996544809","2.32897"
"1996544809","2785137542","0.25"
"2785137542","1996544809","0.25"
"1996544809","89376075","0.303968"
"89376075","1996544809","0.303968"
"2035137574","2044494469","0.05"
"2044494469","2035137574","0.05"
"2035137574","2076567040","4.50397"
"2076567040","2035137574","4.50397"
"2035137574","2093149131","1.36944"
"2093149131","2035137574","1.36944"
"2035137574","2118038484","0.428968"
"2118038484","2035137574","0.428968"
"2035137574","2125806118","0.35"
"2125806118","2035137574","0.35"
"2035137574","2128160835","0.636111"
"2128160835","2035137574","0.636111"
"2035137574","2135209143","0.595635"
"2135209143","2035137574","0.595635"
"2035137574","2136658073","0.05"
"2136658073","2035137574","0.05"
"2035137574","2140757415","0.05"
"2140757415","2035137574","0.05"
"2035137574","2149420958","0.05"
"2149420958","2035137574","0.05"
"2035137574","2149602209","0.05"
"2149602209","2035137574","0.05"
"2035137574","2167445567","0.15"
"2167445567","2035137574","0.15"
"2035137574","2785137542","0.05"
"2785137542","2035137574","0.05"
"2044494469","2118038484","0.05"
"2118038484","2044494469","0.05"
"2044494469","2135209143","0.05"
"2135209143","2044494469","0.05"
"2044494469","2785137542","0.05"
"2785137542","2044494469","0.05"
"2076567040","2118038484","0.303968"
"2118038484","2076567040","0.303968"
"2076567040","2135209143","0.470635"
"2135209143","2076567040","0.470635"
"2076567040","2136658073","0.4"
"2136658073","2076567040","0.4"
"2076567040","2140757415","0.05"
"2140757415","2076567040","0.05"
"2076567040","2149602209","1.05"
"2149602209","2076567040","1.05"
"2076567040","2785137542","0.175"
"2785137542","2076567040","0.175"
"2093149131","2785137542","1.21667"
"2785137542","2093149131","1.21667"
"2112630366","2118038484","1.42897"
"2118038484","2112630366","1.42897"
"2112630366","2140757415","0.05"
"2140757415","2112630366","0.05"
"2112630366","2149602209","0.05"
"2149602209","2112630366","0.05"
"2112630366","2785137542","0.05"
"2785137542","2112630366","0.05"
"2118038484","2125806118","0.25"
"2125806118","2118038484","0.25"
"2118038484","2136658073","0.05"
"2136658073","2118038484","0.05"
"2118038484","2140757415","0.05"
"2140757415","2118038484","0.05"
"2118038484","2149420958","0.55"
"2149420958","2118038484","0.55"
"2118038484","2149602209","0.05"
"2149602209","2118038484","0.05"
"2118038484","2167445567","0.05"
"2167445567","2118038484","0.05"
"2118038484","89376075","0.05"
"89376075","2118038484","0.05"
"2125806118","2140757415","0.216667"
"2140757415","2125806118","0.216667"
"2125806118","2149602209","0.502381"
"2149602209","2125806118","0.502381"
"2125806118","2785137542","0.05"
"2785137542","2125806118","0.05"
"2128160835","2140757415","0.05"
"2140757415","2128160835","0.05"
"2128160835","2149602209","0.05"
"2149602209","2128160835","0.05"
"2128160835","2785137542","0.216667"
"2785137542","2128160835","0.216667"
"2135209143","2140757415","0.05"
"2140757415","2135209143","0.05"
"2135209143","2149420958","0.05"
"2149420958","2135209143","0.05"
"2135209143","2149602209","0.05"
"2149602209","2135209143","0.05"
"2136658073","2140757415","0.05"
"2140757415","2136658073","0.05"
"2136658073","2149420958","0.608333"
"2149420958","2136658073","0.608333"
"2136658073","2149602209","1.00238"
"2149602209","2136658073","1.00238"
"2136658073","2785137542","0.216667"
"2785137542","2136658073","0.216667"
"2140757415","2149420958","0.05"
"2149420958","2140757415","0.05"
"2140757415","2785137542","0.05"
"2785137542","2140757415","0.05"
"2149420958","2149602209","3.05"
"2149602209","2149420958","3.05"
"2149420958","2785137542","0.216667"
"2785137542","2149420958","0.216667"
"2149602209","2785137542","0.05"
"2785137542","2149602209","0.05"
"2167445567","2785137542","0.216667"
"2785137542","2167445567","0.216667"
"2273735650","2785137542","0.25"
"2785137542","2273735650","0.25"
"2785137542","89376075","0.05"
"89376075","2785137542","0.05"
"15647449","2081210343","0.2"
"2081210343","15647449","0.2"
"2035137574","2081210343","0.566667"
"2081210343","2035137574","0.566667"
"2081210343","89376075","0.2"
"89376075","2081210343","0.2"
"2076567040","2090850279","0.47619"
"2090850279","2076567040","0.47619"
"15647449","1966267272","0.111111"
"1966267272","15647449","0.111111"
"1966267272","1977245156","0.111111"
"1977245156","1966267272","0.111111"
"1966267272","2044494469","0.111111"
"2044494469","1966267272","0.111111"
"1966267272","2093149131","0.111111"
"2093149131","1966267272","0.111111"
"1966267272","2128160835","0.111111"
"2128160835","1966267272","0.111111"
"1966267272","2136658073","0.111111"
"2136658073","1966267272","0.111111"
"1966267272","2167445567","0.111111"
"2167445567","1966267272","0.111111"
"1966267272","2273735650","0.111111"
"2273735650","1966267272","0.111111"
"1966267272","89376075","0.111111"
"89376075","1966267272","0.111111"
"2021993549","2035137574","0.1"
"2035137574","2021993549","0.1"
"15647449","2269919984","0.125"
"2269919984","15647449","0.125"
"15647449","2290724595","0.125"
"2290724595","15647449","0.125"
"1977245156","2232813226","0.125"
"2232813226","1977245156","0.125"
"1977245156","2269919984","0.125"
"2269919984","1977245156","0.125"
"1977245156","2290724595","0.125"
"2290724595","1977245156","0.125"
"2093149131","2232813226","0.125"
"2232813226","2093149131","0.125"
"2093149131","2269919984","0.125"
"2269919984","2093149131","0.125"
"2093149131","2290724595","0.125"
"2290724595","2093149131","0.125"
"2125806118","2269919984","0.25"
"2269919984","2125806118","0.25"
"2125806118","2290724595","0.125"
"2290724595","2125806118","0.125"
"2232813226","2269919984","8.42424"
"2269919984","2232813226","8.42424"
"2232813226","2290724595","3.16591"
"2290724595","2232813226","3.16591"
"2269919984","2273735650","0.25"
"2273735650","2269919984","0.25"
"2269919984","2290724595","0.499242"
"2290724595","2269919984","0.499242"
"2269919984","89376075","0.125"
"89376075","2269919984","0.125"
"2273735650","2290724595","1.125"
"2290724595","2273735650","1.125"
"2290724595","89376075","0.125"
"89376075","2290724595","0.125"
"1566414653","2138894357","6"
"2138894357","1566414653","6"
"1586896614","2128686935","3"
"2128686935","1586896614","3"
"1586896614","2153889808","1"
"2153889808","1586896614","1"
"1599836220","2404544029","0.166667"
"2404544029","1599836220","0.166667"
"1599836220","2430018012","0.166667"
"2430018012","1599836220","0.166667"
"1934084512","2404544029","0.5"
"2404544029","1934084512","0.5"
"1934084512","2404625576","0.166667"
"2404625576","1934084512","0.166667"
"1934084512","2430018012","0.5"
"2430018012","1934084512","0.5"
"2404544029","2404625576","0.166667"
"2404625576","2404544029","0.166667"
"2404544029","2430018012","0.416667"
"2430018012","2404544029","0.416667"
"2404544029","2440094130","0.5"
"2440094130","2404544029","0.5"
"2404544029","2466758040","0.75"
"2466758040","2404544029","0.75"
"2404625576","2430018012","0.166667"
"2430018012","2404625576","0.166667"
"2430018012","2466758040","1.25"
"2466758040","2430018012","1.25"
"1599836220","2099102906","0.95"
"2099102906","1599836220","0.95"
"1599836220","2794997248","0.2"
"2794997248","1599836220","0.2"
"1788418780","1966267272","0.2"
"1966267272","1788418780","0.2"
"1788418780","2079299255","0.2"
"2079299255","1788418780","0.2"
"1788418780","2099102906","1.45"
"2099102906","1788418780","1.45"
"1788418780","2794997248","0.2"
"2794997248","1788418780","0.2"
"1966267272","2079299255","0.2"
"2079299255","1966267272","0.2"
"1966267272","2099102906","0.533333"
"2099102906","1966267272","0.533333"
"1966267272","2794997248","0.533333"
"2794997248","1966267272","0.533333"
"2079299255","2099102906","0.2"
"2099102906","2079299255","0.2"
"2079299255","2794997248","0.2"
"2794997248","2079299255","0.2"
"2099102906","2794997248","0.533333"
"2794997248","2099102906","0.533333"
"2052569640","2099102906","0.5"
"2099102906","2052569640","0.5"
"1599836220","2044849727","0.416667"
"2044849727","1599836220","0.416667"
"1599836220","2951981277","0.416667"
"2951981277","1599836220","0.416667"
"1788418780","2044849727","2.25"
"2044849727","1788418780","2.25"
"1788418780","2951981277","1.25"
"2951981277","1788418780","1.25"
"2044849727","2099102906","1.66667"
"2099102906","2044849727","1.66667"
"2099102906","2951981277","1.66667"
"2951981277","2099102906","1.66667"
"2044849727","2090850279","2.28333"
"2090850279","2044849727","2.28333"
"2044849727","2440094130","0.166667"
"2440094130","2044849727","0.166667"
"2044849727","2466758040","0.166667"
"2466758040","2044849727","0.166667"
"2044849727","2949223857","1.95"
"2949223857","2044849727","1.95"
"2090850279","2951981277","1.78333"
"2951981277","2090850279","1.78333"
"2440094130","2951981277","0.166667"
"2951981277","2440094130","0.166667"
"2466758040","2951981277","0.166667"
"2951981277","2466758040","0.166667"
"2949223857","2951981277","1.45"
"2951981277","2949223857","1.45"
"1601049810","2232813226","28.3076"
"2232813226","1601049810","28.3076"
"1601049810","2753173766","0.5"
"2753173766","1601049810","0.5"
"2232813226","2753173766","0.5"
"2753173766","2232813226","0.5"
"1601049810","1885032915","1.82424"
"1885032915","1601049810","1.82424"
"1601049810","2290724595","0.540909"
"2290724595","1601049810","0.540909"
"1601049810","2753377075","0.283333"
"2753377075","1601049810","0.283333"
"1601049810","2794997248","0.540909"
"2794997248","1601049810","0.540909"
"1885032915","2232813226","1.32424"
"2232813226","1885032915","1.32424"
"1885032915","2290724595","0.657576"
"2290724595","1885032915","0.657576"
"1885032915","2753377075","0.4"
"2753377075","1885032915","0.4"
"1885032915","2794997248","1.15758"
"2794997248","1885032915","1.15758"
"2232813226","2753377075","1.28333"
"2753377075","2232813226","1.28333"
"2232813226","2794997248","2.99924"
"2794997248","2232813226","2.99924"
"2290724595","2753377075","0.483333"
"2753377075","2290724595","0.483333"
"2290724595","2794997248","1.07424"
"2794997248","2290724595","1.07424"
"2753377075","2794997248","1.81667"
"2794997248","2753377075","1.81667"
"1601049810","2065502652","0.574242"
"2065502652","1601049810","0.574242"
