"1480702790","2113160307","12.5"
"2113160307","1480702790","12.5"
"1480702790","2035049954","3"
"2035049954","1480702790","3"
"2035049954","2113160307","3"
"2113160307","2035049954","3"
"1480702790","2725323733","0.5"
"2725323733","1480702790","0.5"
"2113160307","2725323733","0.5"
"2725323733","2113160307","0.5"
"1499443539","1499884017","4.83333"
"1499884017","1499443539","4.83333"
"1499443539","1998404406","1.33333"
"1998404406","1499443539","1.33333"
"1499443539","2165403565","1.83333"
"2165403565","1499443539","1.83333"
"1499884017","1998404406","5.33333"
"1998404406","1499884017","5.33333"
"1499884017","2165403565","6.83333"
"2165403565","1499884017","6.83333"
"1998404406","2165403565","2.33333"
"2165403565","1998404406","2.33333"
"1514142742","1998364519","0.720213"
"1998364519","1514142742","0.720213"
"1514142742","2004161377","0.720213"
"2004161377","1514142742","0.720213"
"1514142742","2042284648","0.233766"
"2042284648","1514142742","0.233766"
"1514142742","2112134713","1.22021"
"2112134713","1514142742","1.22021"
"1514142742","2125115544","0.553546"
"2125115544","1514142742","0.553546"
"1514142742","2133078257","1.22021"
"2133078257","1514142742","1.22021"
"1514142742","2157603986","0.720213"
"2157603986","1514142742","0.720213"
"1998364519","2004161377","1.87803"
"2004161377","1998364519","1.87803"
"1998364519","2042284648","0.501623"
"2042284648","1998364519","0.501623"
"1998364519","2112134713","1.11017"
"2112134713","1998364519","1.11017"
"1998364519","2125115544","1.71136"
"2125115544","1998364519","1.71136"
"1998364519","2133078257","2.5685"
"2133078257","1998364519","2.5685"
"1998364519","2157603986","3.87803"
"2157603986","1998364519","3.87803"
"2004161377","2042284648","0.951623"
"2042284648","2004161377","0.951623"
"2004161377","2112134713","4.22684"
"2112134713","2004161377","4.22684"
"2004161377","2125115544","8.96136"
"2125115544","2004161377","8.96136"
"2004161377","2133078257","4.10184"
"2133078257","2004161377","4.10184"
"2004161377","2157603986","1.87803"
"2157603986","2004161377","1.87803"
"2042284648","2112134713","2.80877"
"2112134713","2042284648","2.80877"
"2042284648","2125115544","0.751623"
"2125115544","2042284648","0.751623"
"2042284648","2133078257","0.558766"
"2133078257","2042284648","0.558766"
"2042284648","2157603986","0.501623"
"2157603986","2042284648","0.501623"
"2112134713","2125115544","1.1935"
"2125115544","2112134713","1.1935"
"2112134713","2133078257","5.47684"
"2133078257","2112134713","5.47684"
"2112134713","2157603986","1.11017"
"2157603986","2112134713","1.11017"
"2125115544","2133078257","1.5685"
"2133078257","2125115544","1.5685"
"2125115544","2157603986","1.71136"
"2157603986","2125115544","1.71136"
"2133078257","2157603986","1.73517"
"2157603986","2133078257","1.73517"
"1514142742","1570320352","0.577356"
"1570320352","1514142742","0.577356"
"1570320352","1998364519","1.46731"
"1998364519","1570320352","1.46731"
"1570320352","2004161377","2.00065"
"2004161377","1570320352","2.00065"
"1570320352","2112134713","1.50065"
"2112134713","1570320352","1.50065"
"1570320352","2125115544","0.800647"
"2125115544","1570320352","0.800647"
"1570320352","2133078257","4.50065"
"2133078257","1570320352","4.50065"
"1570320352","2157603986","0.967313"
"2157603986","1570320352","0.967313"
"1514142742","1588556620","0.167832"
"1588556620","1514142742","0.167832"
"1514142742","2007165410","0.167832"
"2007165410","1514142742","0.167832"
"1514142742","2124843302","0.190909"
"2124843302","1514142742","0.190909"
"1570320352","1588556620","0.432789"
"1588556620","1570320352","0.432789"
"1570320352","2007165410","0.432789"
"2007165410","1570320352","0.432789"
"1570320352","2042284648","0.415909"
"2042284648","1570320352","0.415909"
"1570320352","2124843302","0.455866"
"2124843302","1570320352","0.455866"
"1588556620","1998364519","0.557789"
"1998364519","1588556620","0.557789"
"1588556620","2004161377","0.557789"
"2004161377","1588556620","0.557789"
"1588556620","2007165410","4.75779"
"2007165410","1588556620","4.75779"
"1588556620","2042284648","0.290909"
"2042284648","1588556620","0.290909"
"1588556620","2112134713","0.432789"
"2112134713","1588556620","0.432789"
"1588556620","2124843302","0.680866"
"2124843302","1588556620","0.680866"
"1588556620","2125115544","0.557789"
"2125115544","1588556620","0.557789"
"1588556620","2133078257","0.557789"
"2133078257","1588556620","0.557789"
"1588556620","2157603986","0.557789"
"2157603986","1588556620","0.557789"
"1998364519","2007165410","0.557789"
"2007165410","1998364519","0.557789"
"1998364519","2124843302","0.723723"
"2124843302","1998364519","0.723723"
"2004161377","2007165410","0.557789"
"2007165410","2004161377","0.557789"
"2004161377","2124843302","0.723723"
"2124843302","2004161377","0.723723"
"2007165410","2042284648","0.290909"
"2042284648","2007165410","0.290909"
"2007165410","2112134713","0.432789"
"2112134713","2007165410","0.432789"
"2007165410","2124843302","0.680866"
"2124843302","2007165410","0.680866"
"2007165410","2125115544","0.557789"
"2125115544","2007165410","0.557789"
"2007165410","2133078257","0.557789"
"2133078257","2007165410","0.557789"
"2007165410","2157603986","0.557789"
"2157603986","2007165410","0.557789"
"2042284648","2124843302","0.7671"
"2124843302","2042284648","0.7671"
"2112134713","2124843302","0.455866"
"2124843302","2112134713","0.455866"
"2124843302","2125115544","0.723723"
"2125115544","2124843302","0.723723"
"2124843302","2133078257","1.58087"
"2133078257","2124843302","1.58087"
"2124843302","2157603986","0.723723"
"2157603986","2124843302","0.723723"
"1514142742","1559327767","0.0769231"
"1559327767","1514142742","0.0769231"
"1514142742","1599413807","0.176923"
"1599413807","1514142742","0.176923"
"1514142742","2139371005","0.0769231"
"2139371005","1514142742","0.0769231"
"1514142742","3022716040","0.0769231"
"3022716040","1514142742","0.0769231"
"1559327767","1570320352","0.230769"
"1570320352","1559327767","0.230769"
"1559327767","1588556620","0.230769"
"1588556620","1559327767","0.230769"
"1559327767","1599413807","0.230769"
"1599413807","1559327767","0.230769"
"1559327767","1998364519","0.230769"
"1998364519","1559327767","0.230769"
"1559327767","2004161377","2.48077"
"2004161377","1559327767","2.48077"
"1559327767","2007165410","0.230769"
"2007165410","1559327767","0.230769"
"1559327767","2112134713","0.480769"
"2112134713","1559327767","0.480769"
"1559327767","2125115544","2.48077"
"2125115544","1559327767","2.48077"
"1559327767","2133078257","0.230769"
"2133078257","1559327767","0.230769"
"1559327767","2139371005","0.230769"
"2139371005","1559327767","0.230769"
"1559327767","2157603986","0.230769"
"2157603986","1559327767","0.230769"
"1559327767","3022716040","0.230769"
"3022716040","1559327767","0.230769"
"1570320352","1599413807","0.330769"
"1599413807","1570320352","0.330769"
"1570320352","2139371005","0.230769"
"2139371005","1570320352","0.230769"
"1570320352","3022716040","0.230769"
"3022716040","1570320352","0.230769"
"1588556620","1599413807","0.555769"
"1599413807","1588556620","0.555769"
"1588556620","2139371005","0.230769"
"2139371005","1588556620","0.230769"
"1588556620","3022716040","0.230769"
"3022716040","1588556620","0.230769"
"1599413807","1998364519","0.598626"
"1998364519","1599413807","0.598626"
"1599413807","2004161377","0.598626"
"2004161377","1599413807","0.598626"
"1599413807","2007165410","0.555769"
"2007165410","1599413807","0.555769"
"1599413807","2112134713","0.330769"
"2112134713","1599413807","0.330769"
"1599413807","2125115544","0.598626"
"2125115544","1599413807","0.598626"
"1599413807","2133078257","0.455769"
"2133078257","1599413807","0.455769"
"1599413807","2139371005","0.230769"
"2139371005","1599413807","0.230769"
"1599413807","2157603986","0.598626"
"2157603986","1599413807","0.598626"
"1599413807","3022716040","0.230769"
"3022716040","1599413807","0.230769"
"1998364519","2139371005","0.730769"
"2139371005","1998364519","0.730769"
"1998364519","3022716040","0.730769"
"3022716040","1998364519","0.730769"
"2004161377","2139371005","0.230769"
"2139371005","2004161377","0.230769"
"2004161377","3022716040","0.230769"
"3022716040","2004161377","0.230769"
"2007165410","2139371005","0.230769"
"2139371005","2007165410","0.230769"
"2007165410","3022716040","0.230769"
"3022716040","2007165410","0.230769"
"2112134713","2139371005","0.230769"
"2139371005","2112134713","0.230769"
"2112134713","3022716040","0.230769"
"3022716040","2112134713","0.230769"
"2125115544","2139371005","0.230769"
"2139371005","2125115544","0.230769"
"2125115544","3022716040","0.230769"
"3022716040","2125115544","0.230769"
"2133078257","2139371005","0.230769"
"2139371005","2133078257","0.230769"
"2133078257","3022716040","0.230769"
"3022716040","2133078257","0.230769"
"2139371005","2157603986","0.230769"
"2157603986","2139371005","0.230769"
"2139371005","3022716040","1.0641"
"3022716040","2139371005","1.0641"
"2157603986","3022716040","0.230769"
"3022716040","2157603986","0.230769"
"1514142742","1577760684","0.1"
"1577760684","1514142742","0.1"
"1570320352","1577760684","0.1"
"1577760684","1570320352","0.1"
"1577760684","1599413807","0.1"
"1599413807","1577760684","0.1"
"1577760684","1998364519","0.1"
"1998364519","1577760684","0.1"
"1577760684","2004161377","0.1"
"2004161377","1577760684","0.1"
"1577760684","2112134713","0.1"
"2112134713","1577760684","0.1"
"1577760684","2124843302","7.76667"
"2124843302","1577760684","7.76667"
"1577760684","2125115544","0.1"
"2125115544","1577760684","0.1"
"1577760684","2133078257","0.1"
"2133078257","1577760684","0.1"
"1577760684","2157603986","0.1"
"2157603986","1577760684","0.1"
"1599413807","2124843302","0.721703"
"2124843302","1599413807","0.721703"
"1517198794","2160800006","1"
"2160800006","1517198794","1"
"1559327767","2042284648","0.25"
"2042284648","1559327767","0.25"
"1559327767","2124843302","0.153846"
"2124843302","1559327767","0.153846"
"2124843302","2139371005","0.487179"
"2139371005","2124843302","0.487179"
"2124843302","3022716040","0.487179"
"3022716040","2124843302","0.487179"
"1570320352","1754860248","0.325"
"1754860248","1570320352","0.325"
"1754860248","1998364519","0.267857"
"1998364519","1754860248","0.267857"
"1754860248","2004161377","0.467857"
"2004161377","1754860248","0.467857"
"1754860248","2042284648","8.00119"
"2042284648","1754860248","8.00119"
"1754860248","2112134713","0.325"
"2112134713","1754860248","0.325"
"1754860248","2125115544","0.267857"
"2125115544","1754860248","0.267857"
"1754860248","2133078257","0.325"
"2133078257","1754860248","0.325"
"1754860248","2157603986","0.267857"
"2157603986","1754860248","0.267857"
"1577760684","2139371005","0.333333"
"2139371005","1577760684","0.333333"
"1577760684","3022716040","0.333333"
"3022716040","1577760684","0.333333"
"1577760684","1754860248","0.333333"
"1754860248","1577760684","0.333333"
"1577760684","2042284648","0.333333"
"2042284648","1577760684","0.333333"
"1754860248","2124843302","0.67619"
"2124843302","1754860248","0.67619"
"1588556620","1754860248","0.2"
"1754860248","1588556620","0.2"
"1599413807","1754860248","0.342857"
"1754860248","1599413807","0.342857"
"1599413807","2042284648","0.342857"
"2042284648","1599413807","0.342857"
"1754860248","2007165410","1.2"
"2007165410","1754860248","1.2"
"1856901454","1998364519","0.333333"
"1998364519","1856901454","0.333333"
"1856901454","2133078257","0.333333"
"2133078257","1856901454","0.333333"
"1856901454","2154931089","0.333333"
"2154931089","1856901454","0.333333"
"1998364519","2154931089","0.333333"
"2154931089","1998364519","0.333333"
"2133078257","2154931089","0.666667"
"2154931089","2133078257","0.666667"
"1998364519","2124820796","1"
"2124820796","1998364519","1"
"2004161377","2154931089","0.333333"
"2154931089","2004161377","0.333333"
"2112134713","2154931089","0.333333"
"2154931089","2112134713","0.333333"
"2011302534","2035049954","1"
"2035049954","2011302534","1"
"2011302534","2160800006","2"
"2160800006","2011302534","2"
