"1207895067","53626277","13.0861"
"53626277","1207895067","13.0861"
"1207895067","65486233","1.275"
"65486233","1207895067","1.275"
"53626277","65486233","1.275"
"65486233","53626277","1.275"
"1207895067","1568857512","0.811111"
"1568857512","1207895067","0.811111"
"1207895067","1911267438","0.436111"
"1911267438","1207895067","0.436111"
"1207895067","2154698489","0.686111"
"2154698489","1207895067","0.686111"
"1207895067","2186473955","0.436111"
"2186473955","1207895067","0.436111"
"1568857512","1911267438","5.20053"
"1911267438","1568857512","5.20053"
"1568857512","2154698489","2.22778"
"2154698489","1568857512","2.22778"
"1568857512","2186473955","2.06111"
"2186473955","1568857512","2.06111"
"1568857512","53626277","0.811111"
"53626277","1568857512","0.811111"
"1911267438","2154698489","4.88611"
"2154698489","1911267438","4.88611"
"1911267438","2186473955","2.21944"
"2186473955","1911267438","2.21944"
"1911267438","53626277","0.436111"
"53626277","1911267438","0.436111"
"2154698489","2186473955","6.63611"
"2186473955","2154698489","6.63611"
"2154698489","53626277","0.686111"
"53626277","2154698489","0.686111"
"2186473955","53626277","0.436111"
"53626277","2186473955","0.436111"
"1207895067","1502040550","0.436111"
"1502040550","1207895067","0.436111"
"1207895067","1515520450","0.636111"
"1515520450","1207895067","0.636111"
"1207895067","2146965938","0.436111"
"2146965938","1207895067","0.436111"
"1502040550","1515520450","2.72778"
"1515520450","1502040550","2.72778"
"1502040550","2146965938","5.04637"
"2146965938","1502040550","5.04637"
"1502040550","53626277","0.436111"
"53626277","1502040550","0.436111"
"1502040550","65486233","1.11667"
"65486233","1502040550","1.11667"
"1515520450","2146965938","5.10278"
"2146965938","1515520450","5.10278"
"1515520450","53626277","0.636111"
"53626277","1515520450","0.636111"
"1515520450","65486233","2.65"
"65486233","1515520450","2.65"
"2146965938","53626277","0.436111"
"53626277","2146965938","0.436111"
"2146965938","65486233","3.49167"
"65486233","2146965938","3.49167"
"1207895067","122713538","0.2"
"122713538","1207895067","0.2"
"1207895067","2066151696","1.2"
"2066151696","1207895067","1.2"
"122713538","1515520450","0.7625"
"1515520450","122713538","0.7625"
"122713538","2066151696","0.7"
"2066151696","122713538","0.7"
"122713538","53626277","0.2"
"53626277","122713538","0.2"
"122713538","65486233","0.2"
"65486233","122713538","0.2"
"1515520450","2066151696","2.2"
"2066151696","1515520450","2.2"
"2066151696","53626277","1.2"
"53626277","2066151696","1.2"
"2066151696","65486233","0.2"
"65486233","2066151696","0.2"
"1207895067","265202682","0.25"
"265202682","1207895067","0.25"
"2154698489","265202682","2.75"
"265202682","2154698489","2.75"
"2154698489","65486233","0.791667"
"65486233","2154698489","0.791667"
"265202682","53626277","0.25"
"53626277","265202682","0.25"
"265202682","65486233","0.25"
"65486233","265202682","0.25"
"1502040550","1911267438","1.1797"
"1911267438","1502040550","1.1797"
"1502040550","2154698489","1.43611"
"2154698489","1502040550","1.43611"
"1502040550","2186473955","1.43611"
"2186473955","1502040550","1.43611"
"1515520450","1911267438","0.298611"
"1911267438","1515520450","0.298611"
"1515520450","2154698489","2.40278"
"2154698489","1515520450","2.40278"
"1515520450","2186473955","0.902778"
"2186473955","1515520450","0.902778"
"1911267438","2146965938","0.679701"
"2146965938","1911267438","0.679701"
"1911267438","65486233","1.79167"
"65486233","1911267438","1.79167"
"2146965938","2154698489","0.936111"
"2154698489","2146965938","0.936111"
"2146965938","2186473955","0.936111"
"2186473955","2146965938","0.936111"
"2186473955","65486233","0.541667"
"65486233","2186473955","0.541667"
"1207895067","2578357018","0.111111"
"2578357018","1207895067","0.111111"
"1502040550","1568857512","0.313034"
"1568857512","1502040550","0.313034"
"1502040550","2578357018","0.679701"
"2578357018","1502040550","0.679701"
"1515520450","1568857512","0.631944"
"1568857512","1515520450","0.631944"
"1515520450","2578357018","0.298611"
"2578357018","1515520450","0.298611"
"1568857512","2146965938","1.18803"
"2146965938","1568857512","1.18803"
"1568857512","2578357018","1.7922"
"2578357018","1568857512","1.7922"
"1911267438","2578357018","3.78387"
"2578357018","1911267438","3.78387"
"2146965938","2578357018","0.554701"
"2578357018","2146965938","0.554701"
"2154698489","2578357018","2.06111"
"2578357018","2154698489","2.06111"
"2186473955","2578357018","1.56111"
"2578357018","2186473955","1.56111"
"2578357018","53626277","0.111111"
"53626277","2578357018","0.111111"
"122713538","145766074","0.3125"
"145766074","122713538","0.3125"
"122713538","1482134990","0.645833"
"1482134990","122713538","0.645833"
"122713538","1528446492","1.14583"
"1528446492","122713538","1.14583"
"122713538","175184628","0.645833"
"175184628","122713538","0.645833"
"145766074","1482134990","3.17276"
"1482134990","145766074","3.17276"
"145766074","1528446492","4.92276"
"1528446492","145766074","4.92276"
"145766074","175184628","2.34583"
"175184628","145766074","2.34583"
"1482134990","1528446492","7.33942"
"1528446492","1482134990","7.33942"
"1482134990","175184628","4.17917"
"175184628","1482134990","4.17917"
"1528446492","175184628","1.84583"
"175184628","1528446492","1.84583"
"122713538","1827861853","0.5625"
"1827861853","122713538","0.5625"
"122713538","2152590570","0.5625"
"2152590570","122713538","0.5625"
"1827861853","2152590570","40.0208"
"2152590570","1827861853","40.0208"
"122713538","1566224763","0.5"
"1566224763","122713538","0.5"
"1528446492","1566224763","0.866667"
"1566224763","1528446492","0.866667"
"122713538","1568857512","0.0625"
"1568857512","122713538","0.0625"
"122713538","1911267438","0.0625"
"1911267438","122713538","0.0625"
"122713538","2014177337","0.0625"
"2014177337","122713538","0.0625"
"122713538","2065526162","0.0625"
"2065526162","122713538","0.0625"
"122713538","2096902478","0.0625"
"2096902478","122713538","0.0625"
"122713538","2234789362","0.5625"
"2234789362","122713538","0.5625"
"122713538","2403985139","0.0625"
"2403985139","122713538","0.0625"
"122713538","2578357018","0.0625"
"2578357018","122713538","0.0625"
"122713538","2763109213","0.0625"
"2763109213","122713538","0.0625"
"145766074","1515520450","0.0625"
"1515520450","145766074","0.0625"
"145766074","1568857512","0.139423"
"1568857512","145766074","0.139423"
"145766074","1827861853","0.895833"
"1827861853","145766074","0.895833"
"145766074","1911267438","0.389423"
"1911267438","145766074","0.389423"
"145766074","2014177337","0.139423"
"2014177337","145766074","0.139423"
"145766074","2065526162","0.0625"
"2065526162","145766074","0.0625"
"145766074","2096902478","0.139423"
"2096902478","145766074","0.139423"
"145766074","2152590570","0.895833"
"2152590570","145766074","0.895833"
"145766074","2234789362","0.972756"
"2234789362","145766074","0.972756"
"145766074","2403985139","0.429167"
"2403985139","145766074","0.429167"
"145766074","2578357018","0.389423"
"2578357018","145766074","0.389423"
"145766074","2763109213","0.30609"
"2763109213","145766074","0.30609"
"1482134990","1515520450","2.22917"
"1515520450","1482134990","2.22917"
"1482134990","1568857512","0.139423"
"1568857512","1482134990","0.139423"
"1482134990","1827861853","0.0625"
"1827861853","1482134990","0.0625"
"1482134990","1911267438","0.389423"
"1911267438","1482134990","0.389423"
"1482134990","2014177337","0.139423"
"2014177337","1482134990","0.139423"
"1482134990","2065526162","0.0625"
"2065526162","1482134990","0.0625"
"1482134990","2096902478","0.30609"
"2096902478","1482134990","0.30609"
"1482134990","2152590570","0.0625"
"2152590570","1482134990","0.0625"
"1482134990","2234789362","1.13942"
"2234789362","1482134990","1.13942"
"1482134990","2403985139","0.595833"
"2403985139","1482134990","0.595833"
"1482134990","2578357018","0.389423"
"2578357018","1482134990","0.389423"
"1482134990","2763109213","0.472756"
"2763109213","1482134990","0.472756"
"1515520450","1528446492","2.02083"
"1528446492","1515520450","2.02083"
"1515520450","175184628","0.0625"
"175184628","1515520450","0.0625"
"1515520450","1827861853","0.6875"
"1827861853","1515520450","0.6875"
"1515520450","2014177337","0.0625"
"2014177337","1515520450","0.0625"
"1515520450","2065526162","0.1875"
"2065526162","1515520450","0.1875"
"1515520450","2096902478","0.0625"
"2096902478","1515520450","0.0625"
"1515520450","2152590570","0.6875"
"2152590570","1515520450","0.6875"
"1515520450","2234789362","0.0625"
"2234789362","1515520450","0.0625"
"1515520450","2403985139","0.0625"
"2403985139","1515520450","0.0625"
"1515520450","2763109213","0.0625"
"2763109213","1515520450","0.0625"
"1528446492","1568857512","1.76442"
"1568857512","1528446492","1.76442"
"1528446492","1827861853","0.520833"
"1827861853","1528446492","0.520833"
"1528446492","1911267438","1.08942"
"1911267438","1528446492","1.08942"
"1528446492","2014177337","0.639423"
"2014177337","1528446492","0.639423"
"1528446492","2065526162","2.1875"
"2065526162","1528446492","2.1875"
"1528446492","2096902478","1.50609"
"2096902478","1528446492","1.50609"
"1528446492","2152590570","0.520833"
"2152590570","1528446492","0.520833"
"1528446492","2234789362","1.80609"
"2234789362","1528446492","1.80609"
"1528446492","2403985139","2.79583"
"2403985139","1528446492","2.79583"
"1528446492","2578357018","0.514423"
"2578357018","1528446492","0.514423"
"1528446492","2763109213","0.672756"
"2763109213","1528446492","0.672756"
"1568857512","175184628","0.0625"
"175184628","1568857512","0.0625"
"1568857512","1827861853","0.1875"
"1827861853","1568857512","0.1875"
"1568857512","2014177337","0.139423"
"2014177337","1568857512","0.139423"
"1568857512","2065526162","0.1875"
"2065526162","1568857512","0.1875"
"1568857512","2096902478","0.139423"
"2096902478","1568857512","0.139423"
"1568857512","2152590570","0.1875"
"2152590570","1568857512","0.1875"
"1568857512","2234789362","0.139423"
"2234789362","1568857512","0.139423"
"1568857512","2403985139","0.0625"
"2403985139","1568857512","0.0625"
"1568857512","2763109213","0.139423"
"2763109213","1568857512","0.139423"
"175184628","1827861853","0.0625"
"1827861853","175184628","0.0625"
"175184628","1911267438","0.0625"
"1911267438","175184628","0.0625"
"175184628","2014177337","0.0625"
"2014177337","175184628","0.0625"
"175184628","2065526162","0.0625"
"2065526162","175184628","0.0625"
"175184628","2096902478","0.0625"
"2096902478","175184628","0.0625"
"175184628","2152590570","0.0625"
"2152590570","175184628","0.0625"
"175184628","2234789362","0.395833"
"2234789362","175184628","0.395833"
"175184628","2403985139","0.2625"
"2403985139","175184628","0.2625"
"175184628","2578357018","0.0625"
"2578357018","175184628","0.0625"
"175184628","2763109213","0.0625"
"2763109213","175184628","0.0625"
"1827861853","1911267438","1.5625"
"1911267438","1827861853","1.5625"
"1827861853","2014177337","0.0625"
"2014177337","1827861853","0.0625"
"1827861853","2065526162","0.1875"
"2065526162","1827861853","0.1875"
"1827861853","2096902478","0.0625"
"2096902478","1827861853","0.0625"
"1827861853","2234789362","0.0625"
"2234789362","1827861853","0.0625"
"1827861853","2403985139","0.0625"
"2403985139","1827861853","0.0625"
"1827861853","2578357018","0.1875"
"2578357018","1827861853","0.1875"
"1827861853","2763109213","0.0625"
"2763109213","1827861853","0.0625"
"1911267438","2014177337","1.13942"
"2014177337","1911267438","1.13942"
"1911267438","2065526162","0.0625"
"2065526162","1911267438","0.0625"
"1911267438","2096902478","0.339423"
"2096902478","1911267438","0.339423"
"1911267438","2152590570","1.5625"
"2152590570","1911267438","1.5625"
"1911267438","2234789362","0.139423"
"2234789362","1911267438","0.139423"
"1911267438","2403985139","1.2625"
"2403985139","1911267438","1.2625"
"1911267438","2763109213","0.339423"
"2763109213","1911267438","0.339423"
"2014177337","2065526162","0.5625"
"2065526162","2014177337","0.5625"
"2014177337","2096902478","0.139423"
"2096902478","2014177337","0.139423"
"2014177337","2152590570","0.0625"
"2152590570","2014177337","0.0625"
"2014177337","2234789362","0.139423"
"2234789362","2014177337","0.139423"
"2014177337","2403985139","0.0625"
"2403985139","2014177337","0.0625"
"2014177337","2578357018","1.63942"
"2578357018","2014177337","1.63942"
"2014177337","2763109213","0.139423"
"2763109213","2014177337","0.139423"
"2065526162","2096902478","0.0625"
"2096902478","2065526162","0.0625"
"2065526162","2152590570","0.1875"
"2152590570","2065526162","0.1875"
"2065526162","2234789362","0.0625"
"2234789362","2065526162","0.0625"
"2065526162","2403985139","0.0625"
"2403985139","2065526162","0.0625"
"2065526162","2578357018","0.1875"
"2578357018","2065526162","0.1875"
"2065526162","2763109213","0.0625"
"2763109213","2065526162","0.0625"
"2096902478","2152590570","0.0625"
"2152590570","2096902478","0.0625"
"2096902478","2234789362","0.30609"
"2234789362","2096902478","0.30609"
"2096902478","2403985139","2.42917"
"2403985139","2096902478","2.42917"
"2096902478","2578357018","0.139423"
"2578357018","2096902478","0.139423"
"2096902478","2763109213","0.50609"
"2763109213","2096902478","0.50609"
"2152590570","2234789362","0.0625"
"2234789362","2152590570","0.0625"
"2152590570","2403985139","0.0625"
"2403985139","2152590570","0.0625"
"2152590570","2578357018","0.1875"
"2578357018","2152590570","0.1875"
"2152590570","2763109213","0.0625"
"2763109213","2152590570","0.0625"
"2234789362","2403985139","0.395833"
"2403985139","2234789362","0.395833"
"2234789362","2578357018","0.139423"
"2578357018","2234789362","0.139423"
"2234789362","2763109213","0.472756"
"2763109213","2234789362","0.472756"
"2403985139","2578357018","0.0625"
"2578357018","2403985139","0.0625"
"2403985139","2763109213","0.595833"
"2763109213","2403985139","0.595833"
"2578357018","2763109213","0.139423"
"2763109213","2578357018","0.139423"
"122713538","2523182524","0.5"
"2523182524","122713538","0.5"
"2234789362","2523182524","0.74359"
"2523182524","2234789362","0.74359"
"138239890","2065526162","1.33333"
"2065526162","138239890","1.33333"
"138239890","2121995340","6.66667"
"2121995340","138239890","6.66667"
"138239890","2148996947","1.33333"
"2148996947","138239890","1.33333"
"2065526162","2121995340","3.33333"
"2121995340","2065526162","3.33333"
"2065526162","2148996947","6.5"
"2148996947","2065526162","6.5"
"2121995340","2148996947","3"
"2148996947","2121995340","3"
"138239890","2109214600","1"
"2109214600","138239890","1"
"138239890","2578357018","2.16667"
"2578357018","138239890","2.16667"
"2109214600","2148996947","0.333333"
"2148996947","2109214600","0.333333"
"2109214600","2578357018","0.666667"
"2578357018","2109214600","0.666667"
"2148996947","2578357018","0.333333"
"2578357018","2148996947","0.333333"
"2109214600","2121995340","0.666667"
"2121995340","2109214600","0.666667"
"2121995340","2578357018","0.333333"
"2578357018","2121995340","0.333333"
"138239890","2014177337","0.5"
"2014177337","138239890","0.5"
"2065526162","2109214600","0.333333"
"2109214600","2065526162","0.333333"
"145766074","1566224763","0.366667"
"1566224763","145766074","0.366667"
"1482134990","1566224763","0.866667"
"1566224763","1482134990","0.866667"
"1566224763","2234789362","0.166667"
"2234789362","1566224763","0.166667"
"1566224763","2403985139","0.366667"
"2403985139","1566224763","0.366667"
"1566224763","2763109213","0.166667"
"2763109213","1566224763","0.166667"
"145766074","1502040550","0.0769231"
"1502040550","145766074","0.0769231"
"145766074","2146965938","0.0769231"
"2146965938","145766074","0.0769231"
"145766074","2523182524","0.0769231"
"2523182524","145766074","0.0769231"
"145766074","265202682","0.0769231"
"265202682","145766074","0.0769231"
"1482134990","1502040550","0.74359"
"1502040550","1482134990","0.74359"
"1482134990","2146965938","1.24359"
"2146965938","1482134990","1.24359"
"1482134990","2523182524","0.24359"
"2523182524","1482134990","0.24359"
"1482134990","265202682","0.0769231"
"265202682","1482134990","0.0769231"
"1502040550","1528446492","0.535256"
"1528446492","1502040550","0.535256"
"1502040550","2014177337","0.0769231"
"2014177337","1502040550","0.0769231"
"1502040550","2096902478","0.0769231"
"2096902478","1502040550","0.0769231"
"1502040550","2234789362","0.0769231"
"2234789362","1502040550","0.0769231"
"1502040550","2523182524","0.0769231"
"2523182524","1502040550","0.0769231"
"1502040550","265202682","0.0769231"
"265202682","1502040550","0.0769231"
"1502040550","2763109213","0.0769231"
"2763109213","1502040550","0.0769231"
"1528446492","2146965938","0.410256"
"2146965938","1528446492","0.410256"
"1528446492","2523182524","0.44359"
"2523182524","1528446492","0.44359"
"1528446492","265202682","0.0769231"
"265202682","1528446492","0.0769231"
"1568857512","2523182524","0.0769231"
"2523182524","1568857512","0.0769231"
"1568857512","265202682","0.410256"
"265202682","1568857512","0.410256"
"1911267438","2523182524","0.276923"
"2523182524","1911267438","0.276923"
"1911267438","265202682","1.41026"
"265202682","1911267438","1.41026"
"2014177337","2146965938","0.0769231"
"2146965938","2014177337","0.0769231"
"2014177337","2523182524","0.0769231"
"2523182524","2014177337","0.0769231"
"2014177337","265202682","1.07692"
"265202682","2014177337","1.07692"
"2096902478","2146965938","0.0769231"
"2146965938","2096902478","0.0769231"
"2096902478","2523182524","0.44359"
"2523182524","2096902478","0.44359"
"2096902478","265202682","0.0769231"
"265202682","2096902478","0.0769231"
"2146965938","2234789362","0.0769231"
"2234789362","2146965938","0.0769231"
"2146965938","2523182524","0.0769231"
"2523182524","2146965938","0.0769231"
"2146965938","265202682","0.0769231"
"265202682","2146965938","0.0769231"
"2146965938","2763109213","0.0769231"
"2763109213","2146965938","0.0769231"
"2234789362","265202682","0.0769231"
"265202682","2234789362","0.0769231"
"2523182524","2578357018","0.0769231"
"2578357018","2523182524","0.0769231"
"2523182524","265202682","0.0769231"
"265202682","2523182524","0.0769231"
"2523182524","2763109213","5.44359"
"2763109213","2523182524","5.44359"
"2578357018","265202682","0.0769231"
"265202682","2578357018","0.0769231"
"265202682","2763109213","0.0769231"
"2763109213","265202682","0.0769231"
"145766074","2154698489","1.25"
"2154698489","145766074","1.25"
"1566224763","175184628","0.7"
"175184628","1566224763","0.7"
"145766074","2186473955","0.25"
"2186473955","145766074","0.25"
"145766074","65486233","0.25"
"65486233","145766074","0.25"
"1528446492","2154698489","1.25"
"2154698489","1528446492","1.25"
"1528446492","2186473955","1.75"
"2186473955","1528446492","1.75"
"1528446492","65486233","1.375"
"65486233","1528446492","1.375"
"1482134990","2186473955","0.5"
"2186473955","1482134990","0.5"
"2403985139","2523182524","0.366667"
"2523182524","2403985139","0.366667"
"1502040550","1827861853","0.125"
"1827861853","1502040550","0.125"
"1502040550","2065526162","0.125"
"2065526162","1502040550","0.125"
"1502040550","2152590570","0.125"
"2152590570","1502040550","0.125"
"1568857512","65486233","0.125"
"65486233","1568857512","0.125"
"1827861853","65486233","0.125"
"65486233","1827861853","0.125"
"2065526162","65486233","0.125"
"65486233","2065526162","0.125"
"2152590570","65486233","0.125"
"65486233","2152590570","0.125"
"2578357018","65486233","0.291667"
"65486233","2578357018","0.291667"
"2066151696","2154698489","0.5"
"2154698489","2066151696","0.5"
"1515520450","265202682","0.5"
"265202682","1515520450","0.5"
"2014177337","2154698489","0.5"
"2154698489","2014177337","0.5"
"1566224763","2146965938","1"
"2146965938","1566224763","1"
"2186473955","265202682","0.333333"
"265202682","2186473955","0.333333"
"1827861853","2523182524","0.5"
"2523182524","1827861853","0.5"
"2152590570","2523182524","0.5"
"2523182524","2152590570","0.5"
"2014177337","2148996947","0.5"
"2148996947","2014177337","0.5"
