"1490980613","1579330263","17.5976"
"1579330263","1490980613","17.5976"
"1490980613","1655340442","5.27698"
"1655340442","1490980613","5.27698"
"1490980613","2207296343","16.0976"
"2207296343","1490980613","16.0976"
"1579330263","1655340442","54.5266"
"1655340442","1579330263","54.5266"
"1579330263","2207296343","175.181"
"2207296343","1579330263","175.181"
"1655340442","2207296343","55.8599"
"2207296343","1655340442","55.8599"
"1490980613","1524811847","0.823413"
"1524811847","1490980613","0.823413"
"1490980613","1983808534","3.8881"
"1983808534","1490980613","3.8881"
"1490980613","2028168212","4.28095"
"2028168212","1490980613","4.28095"
"1490980613","2092842298","3.52579"
"2092842298","1490980613","3.52579"
"1524811847","1579330263","2.36508"
"1579330263","1524811847","2.36508"
"1524811847","1983808534","2.1746"
"1983808534","1524811847","2.1746"
"1524811847","2028168212","0.799603"
"2028168212","1524811847","0.799603"
"1524811847","2092842298","4.81349"
"2092842298","1524811847","4.81349"
"1524811847","2207296343","2.03175"
"2207296343","1524811847","2.03175"
"1579330263","1983808534","11.0377"
"1983808534","1579330263","11.0377"
"1579330263","2028168212","5.52103"
"2028168212","1579330263","5.52103"
"1579330263","2092842298","7.00873"
"2092842298","1579330263","7.00873"
"1983808534","2028168212","5.82103"
"2028168212","1983808534","5.82103"
"1983808534","2092842298","14.2587"
"2092842298","1983808534","14.2587"
"1983808534","2207296343","12.0377"
"2207296343","1983808534","12.0377"
"2028168212","2092842298","2.4504"
"2092842298","2028168212","2.4504"
"2028168212","2207296343","6.52103"
"2207296343","2028168212","6.52103"
"2092842298","2207296343","5.1754"
"2207296343","2092842298","5.1754"
"1490980613","1989967897","2.50794"
"1989967897","1490980613","2.50794"
"1490980613","2337019559","1.81071"
"2337019559","1490980613","1.81071"
"1579330263","1989967897","2.4246"
"1989967897","1579330263","2.4246"
"1579330263","2337019559","4.06071"
"2337019559","1579330263","4.06071"
"1655340442","1989967897","2.03175"
"1989967897","1655340442","2.03175"
"1655340442","2028168212","3.95992"
"2028168212","1655340442","3.95992"
"1655340442","2337019559","2.76786"
"2337019559","1655340442","2.76786"
"1989967897","2028168212","0.674603"
"2028168212","1989967897","0.674603"
"1989967897","2207296343","2.4246"
"2207296343","1989967897","2.4246"
"1989967897","2337019559","1.51786"
"2337019559","1989967897","1.51786"
"2028168212","2337019559","0.902381"
"2337019559","2028168212","0.902381"
"2207296343","2337019559","4.06071"
"2337019559","2207296343","4.06071"
"1655340442","1983808534","5.83611"
"1983808534","1655340442","5.83611"
"1655340442","2092842298","2.6754"
"2092842298","1655340442","2.6754"
"1983808534","1989967897","0.615079"
"1989967897","1983808534","0.615079"
"1989967897","2092842298","0.632937"
"2092842298","1989967897","0.632937"
"1490980613","2076513187","1.96944"
"2076513187","1490980613","1.96944"
"1490980613","2095097684","3.63294"
"2095097684","1490980613","3.63294"
"1579330263","2076513187","2.46944"
"2076513187","1579330263","2.46944"
"1579330263","2095097684","0.632937"
"2095097684","1579330263","0.632937"
"1655340442","2076513187","0.769444"
"2076513187","1655340442","0.769444"
"1655340442","2095097684","0.378968"
"2095097684","1655340442","0.378968"
"1983808534","2076513187","0.686111"
"2076513187","1983808534","0.686111"
"1983808534","2095097684","0.490079"
"2095097684","1983808534","0.490079"
"1983808534","2337019559","0.667857"
"2337019559","1983808534","0.667857"
"1989967897","2076513187","0.569444"
"2076513187","1989967897","0.569444"
"1989967897","2095097684","0.378968"
"2095097684","1989967897","0.378968"
"2076513187","2095097684","0.236111"
"2095097684","2076513187","0.236111"
"2076513187","2207296343","2.46944"
"2207296343","2076513187","2.46944"
"2076513187","2337019559","0.658333"
"2337019559","2076513187","0.658333"
"2095097684","2207296343","0.632937"
"2207296343","2095097684","0.632937"
"2095097684","2337019559","0.410714"
"2337019559","2095097684","0.410714"
"1490980613","1492185548","0.444444"
"1492185548","1490980613","0.444444"
"1492185548","1579330263","3.12778"
"1579330263","1492185548","3.12778"
"1492185548","2207296343","2.79444"
"2207296343","1492185548","2.79444"
"1490980613","161165287","0.236111"
"161165287","1490980613","0.236111"
"1524811847","161165287","0.378968"
"161165287","1524811847","0.378968"
"1524811847","1655340442","1.39683"
"1655340442","1524811847","1.39683"
"1524811847","1989967897","0.236111"
"1989967897","1524811847","0.236111"
"1579330263","161165287","1.16389"
"161165287","1579330263","1.16389"
"161165287","1655340442","0.945635"
"1655340442","161165287","0.945635"
"161165287","1983808534","1.80675"
"1983808534","161165287","1.80675"
"161165287","1989967897","0.125"
"1989967897","161165287","0.125"
"161165287","2092842298","1.94563"
"2092842298","161165287","1.94563"
"161165287","2207296343","1.66389"
"2207296343","161165287","1.66389"
"1490980613","2014580042","0.222222"
"2014580042","1490980613","0.222222"
"1524811847","2014580042","0.365079"
"2014580042","1524811847","0.365079"
"1579330263","2014580042","0.615079"
"2014580042","1579330263","0.615079"
"1655340442","2014580042","0.396825"
"2014580042","1655340442","0.396825"
"1983808534","2014580042","1.00794"
"2014580042","1983808534","1.00794"
"1989967897","2014580042","0.111111"
"2014580042","1989967897","0.111111"
"2014580042","2028168212","0.507937"
"2028168212","2014580042","0.507937"
"2014580042","2092842298","2.14683"
"2092842298","2014580042","2.14683"
"2014580042","2207296343","1.11508"
"2207296343","2014580042","1.11508"
"1490980613","2006519067","0.342857"
"2006519067","1490980613","0.342857"
"1579330263","2006519067","0.874603"
"2006519067","1579330263","0.874603"
"1655340442","2006519067","0.707937"
"2006519067","1655340442","0.707937"
"2006519067","2028168212","1.39841"
"2028168212","2006519067","1.39841"
"2006519067","2207296343","0.874603"
"2207296343","2006519067","0.874603"
"1490980613","1980446721","0.142857"
"1980446721","1490980613","0.142857"
"1579330263","1980446721","0.565079"
"1980446721","1579330263","0.565079"
"1655340442","1980446721","0.707937"
"1980446721","1655340442","0.707937"
"1980446721","1983808534","1.29127"
"1983808534","1980446721","1.29127"
"1980446721","2006519067","3.44841"
"2006519067","1980446721","3.44841"
"1980446721","2028168212","1.34127"
"2028168212","1980446721","1.34127"
"1980446721","2207296343","0.565079"
"2207296343","1980446721","0.565079"
"1983808534","2006519067","2.75794"
"2006519067","1983808534","2.75794"
"1492185548","1524811847","0.111111"
"1524811847","1492185548","0.111111"
"1492185548","161165287","0.111111"
"161165287","1492185548","0.111111"
"1492185548","1983808534","2.36111"
"1983808534","1492185548","2.36111"
"1492185548","2014580042","0.111111"
"2014580042","1492185548","0.111111"
"1492185548","2028168212","1.11111"
"2028168212","1492185548","1.11111"
"1492185548","2095097684","0.111111"
"2095097684","1492185548","0.111111"
"1524811847","2095097684","0.111111"
"2095097684","1524811847","0.111111"
"161165287","2014580042","1.00397"
"2014580042","161165287","1.00397"
"161165287","2028168212","0.365079"
"2028168212","161165287","0.365079"
"161165287","2095097684","0.111111"
"2095097684","161165287","0.111111"
"2014580042","2095097684","0.111111"
"2095097684","2014580042","0.111111"
"2028168212","2095097684","0.507937"
"2095097684","2028168212","0.507937"
"2092842298","2095097684","0.253968"
"2095097684","2092842298","0.253968"
"2092842298","2337019559","0.142857"
"2337019559","2092842298","0.142857"
"2028168212","2076513187","0.111111"
"2076513187","2028168212","0.111111"
"2076513187","2092842298","0.361111"
"2092842298","2076513187","0.361111"
"1490980613","1882518443","0.2"
"1882518443","1490980613","0.2"
"1579330263","1882518443","0.7"
"1882518443","1579330263","0.7"
"1655340442","1882518443","0.45"
"1882518443","1655340442","0.45"
"1882518443","2076513187","0.2"
"2076513187","1882518443","0.2"
"1882518443","2207296343","0.7"
"2207296343","1882518443","0.7"
"1492185548","1980446721","0.25"
"1980446721","1492185548","0.25"
"1492185548","2006519067","0.416667"
"2006519067","1492185548","0.416667"
"1492185548","2129612566","1.11667"
"2129612566","1492185548","1.11667"
"1980446721","2129612566","0.472222"
"2129612566","1980446721","0.472222"
"1983808534","2129612566","0.781746"
"2129612566","1983808534","0.781746"
"2006519067","2129612566","1.78175"
"2129612566","2006519067","1.78175"
"1492185548","2096511117","0.7"
"2096511117","1492185548","0.7"
"2096511117","2129612566","9.20397"
"2129612566","2096511117","9.20397"
"1492185548","2092842298","0.5"
"2092842298","1492185548","0.5"
"1492185548","1544481054","5.15"
"1544481054","1492185548","5.15"
"1492185548","1655340442","1.18333"
"1655340442","1492185548","1.18333"
"1544481054","1579330263","1.81667"
"1579330263","1544481054","1.81667"
"1544481054","1655340442","0.983333"
"1655340442","1544481054","0.983333"
"1492185548","1542320411","2.4"
"1542320411","1492185548","2.4"
"1542320411","1579330263","1.06667"
"1579330263","1542320411","1.06667"
"1542320411","1983808534","0.5"
"1983808534","1542320411","0.5"
"1542320411","2006519067","0.166667"
"2006519067","1542320411","0.166667"
"1542320411","2129612566","0.166667"
"2129612566","1542320411","0.166667"
"1542320411","2207296343","1.06667"
"2207296343","1542320411","1.06667"
"1579330263","2129612566","2.64841"
"2129612566","1579330263","2.64841"
"2129612566","2207296343","5.64841"
"2207296343","2129612566","5.64841"
"1542320411","1544481054","3.23333"
"1544481054","1542320411","3.23333"
"1542320411","1655340442","0.4"
"1655340442","1542320411","0.4"
"1544481054","2207296343","2.48333"
"2207296343","1544481054","2.48333"
"1579330263","2096511117","0.703968"
"2096511117","1579330263","0.703968"
"1655340442","2096511117","0.703968"
"2096511117","1655340442","0.703968"
"1655340442","2129612566","1.48175"
"2129612566","1655340442","1.48175"
"2096511117","2207296343","0.703968"
"2207296343","2096511117","0.703968"
"1544481054","1983808534","0.333333"
"1983808534","1544481054","0.333333"
"1521751987","161165287","0.25"
"161165287","1521751987","0.25"
"1521751987","1983808534","0.25"
"1983808534","1521751987","0.25"
"1521751987","2006519067","0.25"
"2006519067","1521751987","0.25"
"1521751987","2092842298","1.25"
"2092842298","1521751987","1.25"
"161165287","2006519067","0.361111"
"2006519067","161165287","0.361111"
"2006519067","2092842298","1.86508"
"2092842298","2006519067","1.86508"
"1524811847","1980446721","0.142857"
"1980446721","1524811847","0.142857"
"161165287","1980446721","0.253968"
"1980446721","161165287","0.253968"
"1980446721","2014580042","0.142857"
"2014580042","1980446721","0.142857"
"1980446721","2092842298","1.56508"
"2092842298","1980446721","1.56508"
"1524811847","2013084276","0.125"
"2013084276","1524811847","0.125"
"1524811847","2016546478","0.125"
"2016546478","1524811847","0.125"
"1579330263","2013084276","1.26786"
"2013084276","1579330263","1.26786"
"1579330263","2016546478","0.291667"
"2016546478","1579330263","0.291667"
"1655340442","2013084276","0.267857"
"2013084276","1655340442","0.267857"
"1655340442","2016546478","0.291667"
"2016546478","1655340442","0.291667"
"1983808534","2013084276","2.76786"
"2013084276","1983808534","2.76786"
"1983808534","2016546478","3.04167"
"2016546478","1983808534","3.04167"
"2013084276","2016546478","6.625"
"2016546478","2013084276","6.625"
"2013084276","2028168212","0.267857"
"2028168212","2013084276","0.267857"
"2013084276","2092842298","1.26786"
"2092842298","2013084276","1.26786"
"2013084276","2207296343","0.267857"
"2207296343","2013084276","0.267857"
"2016546478","2028168212","0.125"
"2028168212","2016546478","0.125"
"2016546478","2092842298","0.541667"
"2092842298","2016546478","0.541667"
"2016546478","2207296343","0.291667"
"2207296343","2016546478","0.291667"
"1542320411","2092842298","1"
"2092842298","1542320411","1"
"1980446721","2096511117","0.111111"
"2096511117","1980446721","0.111111"
"1983808534","2096511117","0.253968"
"2096511117","1983808534","0.253968"
"2006519067","2096511117","0.253968"
"2096511117","2006519067","0.253968"
"2028168212","2096511117","0.111111"
"2096511117","2028168212","0.111111"
"2028168212","2129612566","0.222222"
"2129612566","2028168212","0.222222"
"2092842298","2096511117","0.253968"
"2096511117","2092842298","0.253968"
"2092842298","2129612566","0.365079"
"2129612566","2092842298","0.365079"
"1882518443","2337019559","1"
"2337019559","1882518443","1"
"1579330263","1643431068","0.333333"
"1643431068","1579330263","0.333333"
"1643431068","1983808534","0.333333"
"1983808534","1643431068","0.333333"
"1643431068","2207296343","0.333333"
"2207296343","1643431068","0.333333"
"1882518443","1989967897","0.75"
"1989967897","1882518443","0.75"
"2013084276","2014580042","1.14286"
"2014580042","2013084276","1.14286"
"161165287","2016546478","0.166667"
"2016546478","161165287","0.166667"
"161165287","2129612566","0.111111"
"2129612566","161165287","0.111111"
"2006519067","2016546478","0.25"
"2016546478","2006519067","0.25"
"2006519067","2076513187","0.25"
"2076513187","2006519067","0.25"
"2016546478","2076513187","0.25"
"2076513187","2016546478","0.25"
