"1487608725","1547325940","1.5"
"1547325940","1487608725","1.5"
"1487608725","1556873876","0.5"
"1556873876","1487608725","0.5"
"1547325940","1556873876","0.75"
"1556873876","1547325940","0.75"
"1487608725","2016699179","0.5"
"2016699179","1487608725","0.5"
"1487608725","2034447143","0.5"
"2034447143","1487608725","0.5"
"2016699179","2034447143","11.5"
"2034447143","2016699179","11.5"
"1487608725","1529972408","1"
"1529972408","1487608725","1"
"1488414089","1965570055","0.25"
"1965570055","1488414089","0.25"
"1488414089","1992278628","1.58333"
"1992278628","1488414089","1.58333"
"1488414089","2028327419","4.58333"
"2028327419","1488414089","4.58333"
"1488414089","2154131897","0.25"
"2154131897","1488414089","0.25"
"1965570055","1992278628","0.583333"
"1992278628","1965570055","0.583333"
"1965570055","2028327419","0.583333"
"2028327419","1965570055","0.583333"
"1965570055","2154131897","0.583333"
"2154131897","1965570055","0.583333"
"1992278628","2028327419","3.41667"
"2028327419","1992278628","3.41667"
"1992278628","2154131897","0.583333"
"2154131897","1992278628","0.583333"
"2028327419","2154131897","0.583333"
"2154131897","2028327419","0.583333"
"1488414089","2082474940","4.33333"
"2082474940","1488414089","4.33333"
"1992278628","2082474940","0.833333"
"2082474940","1992278628","0.833333"
"1488414089","2001700730","0.2"
"2001700730","1488414089","0.2"
"1488414089","2073068515","0.2"
"2073068515","1488414089","0.2"
"1488414089","2101850236","0.2"
"2101850236","1488414089","0.2"
"1488414089","2166400748","0.2"
"2166400748","1488414089","0.2"
"1488414089","2170478076","0.2"
"2170478076","1488414089","0.2"
"2001700730","2073068515","0.4"
"2073068515","2001700730","0.4"
"2001700730","2101850236","3.21942"
"2101850236","2001700730","3.21942"
"2001700730","2166400748","4.52656"
"2166400748","2001700730","4.52656"
"2001700730","2170478076","2.16942"
"2170478076","2001700730","2.16942"
"2073068515","2101850236","0.2"
"2101850236","2073068515","0.2"
"2073068515","2166400748","0.4"
"2166400748","2073068515","0.4"
"2073068515","2170478076","0.4"
"2170478076","2073068515","0.4"
"2101850236","2166400748","1.70434"
"2166400748","2101850236","1.70434"
"2101850236","2170478076","3.81386"
"2170478076","2101850236","3.81386"
"2166400748","2170478076","2.48767"
"2170478076","2166400748","2.48767"
"2028327419","2082474940","1.33333"
"2082474940","2028327419","1.33333"
"1488414089","2433401686","1"
"2433401686","1488414089","1"
"1529972408","1547325940","0.75"
"1547325940","1529972408","0.75"
"1529972408","1551804366","11.0833"
"1551804366","1529972408","11.0833"
"1547325940","1551804366","0.75"
"1551804366","1547325940","0.75"
"1529972408","1556873876","3.08333"
"1556873876","1529972408","3.08333"
"1551804366","1556873876","3.58333"
"1556873876","1551804366","3.58333"
"1529972408","2019801416","1.25"
"2019801416","1529972408","1.25"
"1547325940","2019801416","0.25"
"2019801416","1547325940","0.25"
"1551804366","2019801416","0.75"
"2019801416","1551804366","0.75"
"1556873876","2019801416","0.75"
"2019801416","1556873876","0.75"
"1529972408","2129750215","0.333333"
"2129750215","1529972408","0.333333"
"1551804366","2129750215","0.333333"
"2129750215","1551804366","0.333333"
"1556873876","2129750215","0.333333"
"2129750215","1556873876","0.333333"
"1529972408","1841317170","0.5"
"1841317170","1529972408","0.5"
"1551804366","1841317170","0.5"
"1841317170","1551804366","0.5"
"1547325940","2016699179","2"
"2016699179","1547325940","2"
"1547325940","2034447143","2"
"2034447143","1547325940","2"
"1551804366","1573417306","1"
"1573417306","1551804366","1"
"1561199506","2154249029","7"
"2154249029","1561199506","7"
"1565127476","1911240102","4"
"1911240102","1565127476","4"
"1581680754","2019801416","1.08566"
"2019801416","1581680754","1.08566"
"1581680754","2122699404","0.772533"
"2122699404","1581680754","0.772533"
"1581680754","2124060239","1.08566"
"2124060239","1581680754","1.08566"
"1581680754","2132745220","1.08566"
"2132745220","1581680754","1.08566"
"1581680754","2139877708","1.08566"
"2139877708","1581680754","1.08566"
"1581680754","2154131897","1.08566"
"2154131897","1581680754","1.08566"
"2019801416","2122699404","1.60587"
"2122699404","2019801416","1.60587"
"2019801416","2124060239","3.19757"
"2124060239","2019801416","3.19757"
"2019801416","2132745220","3.34519"
"2132745220","2019801416","3.34519"
"2019801416","2139877708","3.7809"
"2139877708","2019801416","3.7809"
"2019801416","2154131897","4.2809"
"2154131897","2019801416","4.2809"
"2122699404","2124060239","1.10587"
"2124060239","2122699404","1.10587"
"2122699404","2132745220","1.60587"
"2132745220","2122699404","1.60587"
"2122699404","2139877708","1.10587"
"2139877708","2122699404","1.10587"
"2122699404","2154131897","1.10587"
"2154131897","2122699404","1.10587"
"2124060239","2132745220","2.59519"
"2132745220","2124060239","2.59519"
"2124060239","2139877708","3.44757"
"2139877708","2124060239","3.44757"
"2124060239","2154131897","7.11424"
"2154131897","2124060239","7.11424"
"2132745220","2139877708","2.59519"
"2139877708","2132745220","2.59519"
"2132745220","2154131897","3.92852"
"2154131897","2132745220","3.92852"
"2139877708","2154131897","5.5309"
"2154131897","2139877708","5.5309"
"1581680754","164122882","0.418998"
"164122882","1581680754","0.418998"
"1581680754","2018312189","0.550311"
"2018312189","1581680754","0.550311"
"1581680754","2073540046","0.64122"
"2073540046","1581680754","0.64122"
"1581680754","2096076988","0.675408"
"2096076988","1581680754","0.675408"
"1581680754","2121907031","0.328089"
"2121907031","1581680754","0.328089"
"1581680754","2154161546","0.328089"
"2154161546","1581680754","0.328089"
"164122882","2018312189","1.75428"
"2018312189","164122882","1.75428"
"164122882","2019801416","0.418998"
"2019801416","164122882","0.418998"
"164122882","2073540046","3.97852"
"2073540046","164122882","3.97852"
"164122882","2096076988","0.342075"
"2096076988","164122882","0.342075"
"164122882","2121907031","0.328089"
"2121907031","164122882","0.328089"
"164122882","2122699404","0.328089"
"2122699404","164122882","0.328089"
"164122882","2124060239","0.418998"
"2124060239","164122882","0.418998"
"164122882","2132745220","0.418998"
"2132745220","164122882","0.418998"
"164122882","2139877708","0.418998"
"2139877708","164122882","0.418998"
"164122882","2154131897","0.918998"
"2154131897","164122882","0.918998"
"164122882","2154161546","0.328089"
"2154161546","164122882","0.328089"
"2018312189","2019801416","0.929279"
"2019801416","2018312189","0.929279"
"2018312189","2073540046","2.40547"
"2073540046","2018312189","2.40547"
"2018312189","2096076988","0.852356"
"2096076988","2018312189","0.852356"
"2018312189","2121907031","0.5642"
"2121907031","2018312189","0.5642"
"2018312189","2122699404","0.348291"
"2122699404","2018312189","0.348291"
"2018312189","2124060239","0.929279"
"2124060239","2018312189","0.929279"
"2018312189","2132745220","0.929279"
"2132745220","2018312189","0.929279"
"2018312189","2139877708","0.929279"
"2139877708","2018312189","0.929279"
"2018312189","2154131897","4.42928"
"2154131897","2018312189","4.42928"
"2018312189","2154161546","0.237179"
"2154161546","2018312189","0.237179"
"2019801416","2073540046","2.30312"
"2073540046","2019801416","2.30312"
"2019801416","2096076988","2.38731"
"2096076988","2019801416","2.38731"
"2019801416","2121907031","0.5642"
"2121907031","2019801416","0.5642"
"2019801416","2154161546","0.328089"
"2154161546","2019801416","0.328089"
"2073540046","2096076988","1.5762"
"2096076988","2073540046","1.5762"
"2073540046","2121907031","0.5642"
"2121907031","2073540046","0.5642"
"2073540046","2122699404","0.661422"
"2122699404","2073540046","0.661422"
"2073540046","2124060239","2.55312"
"2124060239","2073540046","2.55312"
"2073540046","2132745220","1.36741"
"2132745220","2073540046","1.36741"
"2073540046","2139877708","2.30312"
"2139877708","2073540046","2.30312"
"2073540046","2154131897","4.10312"
"2154131897","2073540046","4.10312"
"2073540046","2154161546","0.328089"
"2154161546","2073540046","0.328089"
"2096076988","2121907031","0.487277"
"2121907031","2096076988","0.487277"
"2096076988","2122699404","0.69561"
"2122699404","2096076988","0.69561"
"2096076988","2124060239","12.804"
"2124060239","2096076988","12.804"
"2096076988","2132745220","2.18493"
"2132745220","2096076988","2.18493"
"2096076988","2139877708","2.63731"
"2139877708","2096076988","2.63731"
"2096076988","2154131897","3.80398"
"2154131897","2096076988","3.80398"
"2096076988","2154161546","0.251166"
"2154161546","2096076988","0.251166"
"2121907031","2122699404","1.34829"
"2122699404","2121907031","1.34829"
"2121907031","2124060239","0.5642"
"2124060239","2121907031","0.5642"
"2121907031","2132745220","1.5642"
"2132745220","2121907031","1.5642"
"2121907031","2139877708","0.5642"
"2139877708","2121907031","0.5642"
"2121907031","2154131897","0.5642"
"2154131897","2121907031","0.5642"
"2121907031","2154161546","0.237179"
"2154161546","2121907031","0.237179"
"2122699404","2154161546","0.328089"
"2154161546","2122699404","0.328089"
"2124060239","2154161546","0.328089"
"2154161546","2124060239","0.328089"
"2132745220","2154161546","0.328089"
"2154161546","2132745220","0.328089"
"2139877708","2154161546","0.328089"
"2154161546","2139877708","0.328089"
"2154131897","2154161546","2.32809"
"2154161546","2154131897","2.32809"
"1581680754","2098656774","0.111111"
"2098656774","1581680754","0.111111"
"1581680754","2129750215","0.668998"
"2129750215","1581680754","0.668998"
"2019801416","2098656774","0.744048"
"2098656774","2019801416","0.744048"
"2019801416","2129750215","1.95193"
"2129750215","2019801416","1.95193"
"2096076988","2098656774","1.07738"
"2098656774","2096076988","1.07738"
"2096076988","2129750215","1.22501"
"2129750215","2096076988","1.22501"
"2098656774","2122699404","0.333333"
"2122699404","2098656774","0.333333"
"2098656774","2124060239","1.07738"
"2124060239","2098656774","1.07738"
"2098656774","2129750215","1.19405"
"2129750215","2098656774","1.19405"
"2098656774","2132745220","0.458333"
"2132745220","2098656774","0.458333"
"2098656774","2139877708","0.744048"
"2139877708","2098656774","0.744048"
"2098656774","2154131897","1.07738"
"2154131897","2098656774","1.07738"
"2122699404","2129750215","0.578089"
"2129750215","2122699404","0.578089"
"2124060239","2129750215","1.70193"
"2129750215","2124060239","1.70193"
"2129750215","2132745220","1.51622"
"2132745220","2129750215","1.51622"
"2129750215","2139877708","2.45193"
"2139877708","2129750215","2.45193"
"2129750215","2154131897","7.45193"
"2154131897","2129750215","7.45193"
"1581680754","2614224126","0.0769231"
"2614224126","1581680754","0.0769231"
"164122882","2129750215","4.59519"
"2129750215","164122882","4.59519"
"164122882","2614224126","0.0769231"
"2614224126","164122882","0.0769231"
"2018312189","2129750215","6.14354"
"2129750215","2018312189","6.14354"
"2018312189","2614224126","0.148352"
"2614224126","2018312189","0.148352"
"2019801416","2614224126","0.0769231"
"2614224126","2019801416","0.0769231"
"2073540046","2129750215","5.65035"
"2129750215","2073540046","5.65035"
"2073540046","2614224126","0.0769231"
"2614224126","2073540046","0.0769231"
"2121907031","2129750215","0.244755"
"2129750215","2121907031","0.244755"
"2121907031","2614224126","0.0769231"
"2614224126","2121907031","0.0769231"
"2122699404","2614224126","0.0769231"
"2614224126","2122699404","0.0769231"
"2124060239","2614224126","0.0769231"
"2614224126","2124060239","0.0769231"
"2129750215","2154161546","0.244755"
"2154161546","2129750215","0.244755"
"2129750215","2614224126","0.148352"
"2614224126","2129750215","0.148352"
"2132745220","2614224126","0.0769231"
"2614224126","2132745220","0.0769231"
"2139877708","2614224126","0.0769231"
"2614224126","2139877708","0.0769231"
"2154131897","2614224126","0.0769231"
"2614224126","2154131897","0.0769231"
"2154161546","2614224126","0.0769231"
"2614224126","2154161546","0.0769231"
"164122882","2115405571","1.42619"
"2115405571","164122882","1.42619"
"2018312189","2115405571","1.34286"
"2115405571","2018312189","1.34286"
"2073540046","2115405571","1.47619"
"2115405571","2073540046","1.47619"
"2115405571","2129750215","1.67619"
"2129750215","2115405571","1.67619"
"2115405571","2154131897","0.5"
"2154131897","2115405571","0.5"
"164122882","2489320908","1.44286"
"2489320908","164122882","1.44286"
"2018312189","2489320908","0.814225"
"2489320908","2018312189","0.814225"
"2115405571","2489320908","0.442857"
"2489320908","2115405571","0.442857"
"2129750215","2489320908","0.703114"
"2489320908","2129750215","0.703114"
"2154131897","2489320908","0.3"
"2489320908","2154131897","0.3"
"164122882","2098656774","0.2"
"2098656774","164122882","0.2"
"2018312189","2098656774","0.45"
"2098656774","2018312189","0.45"
"2073540046","2098656774","1.08294"
"2098656774","2073540046","1.08294"
"2098656774","2115405571","0.45"
"2115405571","2098656774","0.45"
"164122882","2055261195","0.1"
"2055261195","164122882","0.1"
"164122882","2073329022","0.1"
"2073329022","164122882","0.1"
"164122882","2115214414","0.242857"
"2115214414","164122882","0.242857"
"164122882","2167331726","0.742857"
"2167331726","164122882","0.742857"
"2018312189","2055261195","3.33371"
"2055261195","2018312189","3.33371"
"2018312189","2073329022","1.41982"
"2073329022","2018312189","1.41982"
"2018312189","2115214414","1.67656"
"2115214414","2018312189","1.67656"
"2018312189","2167331726","3.10434"
"2167331726","2018312189","3.10434"
"2055261195","2073329022","1.14442"
"2073329022","2055261195","1.14442"
"2055261195","2073540046","0.1"
"2073540046","2055261195","0.1"
"2055261195","2115214414","1.22259"
"2115214414","2055261195","1.22259"
"2055261195","2115405571","0.1"
"2115405571","2055261195","0.1"
"2055261195","2129750215","2.72259"
"2129750215","2055261195","2.72259"
"2055261195","2154131897","0.1"
"2154131897","2055261195","0.1"
"2055261195","2167331726","2.97656"
"2167331726","2055261195","2.97656"
"2055261195","2489320908","0.614225"
"2489320908","2055261195","0.614225"
"2073329022","2073540046","0.1"
"2073540046","2073329022","0.1"
"2073329022","2115214414","1.30871"
"2115214414","2073329022","1.30871"
"2073329022","2115405571","0.1"
"2115405571","2073329022","0.1"
"2073329022","2129750215","1.05871"
"2129750215","2073329022","1.05871"
"2073329022","2154131897","0.1"
"2154131897","2073329022","0.1"
"2073329022","2167331726","3.31267"
"2167331726","2073329022","3.31267"
"2073329022","2489320908","2.61422"
"2489320908","2073329022","2.61422"
"2073540046","2115214414","0.242857"
"2115214414","2073540046","0.242857"
"2073540046","2167331726","0.242857"
"2167331726","2073540046","0.242857"
"2073540046","2489320908","0.242857"
"2489320908","2073540046","0.242857"
"2115214414","2115405571","0.242857"
"2115405571","2115214414","0.242857"
"2115214414","2129750215","1.67656"
"2129750215","2115214414","1.67656"
"2115214414","2154131897","0.1"
"2154131897","2115214414","0.1"
"2115214414","2167331726","4.92656"
"2167331726","2115214414","4.92656"
"2115214414","2489320908","0.753114"
"2489320908","2115214414","0.753114"
"2115405571","2167331726","0.242857"
"2167331726","2115405571","0.242857"
"2129750215","2167331726","3.74323"
"2167331726","2129750215","3.74323"
"2154131897","2167331726","0.1"
"2167331726","2154131897","0.1"
"2167331726","2489320908","1.36422"
"2489320908","2167331726","1.36422"
"1784195856","1841317170","7"
"1841317170","1784195856","7"
"189529320","1982301454","1.33333"
"1982301454","189529320","1.33333"
"189529320","2401833396","0.833333"
"2401833396","189529320","0.833333"
"1982301454","2401833396","1.33333"
"2401833396","1982301454","1.33333"
"189529320","2084851769","0.833333"
"2084851769","189529320","0.833333"
"1982301454","2084851769","6.33333"
"2084851769","1982301454","6.33333"
"2084851769","2401833396","0.833333"
"2401833396","2084851769","0.833333"
"2001700730","2055261195","0.819419"
"2055261195","2001700730","0.819419"
"2001700730","2073329022","0.919419"
"2073329022","2001700730","0.919419"
"2001700730","2121269638","1.96942"
"2121269638","2001700730","1.96942"
"2001700730","2489320908","0.664225"
"2489320908","2001700730","0.664225"
"2055261195","2101850236","3.85275"
"2101850236","2055261195","3.85275"
"2055261195","2121269638","1.64442"
"2121269638","2055261195","1.64442"
"2055261195","2166400748","0.776562"
"2166400748","2055261195","0.776562"
"2055261195","2170478076","2.85275"
"2170478076","2055261195","2.85275"
"2073329022","2101850236","1.35553"
"2101850236","2073329022","1.35553"
"2073329022","2121269638","1.73053"
"2121269638","2073329022","1.73053"
"2073329022","2166400748","1.48767"
"2166400748","2073329022","1.48767"
"2073329022","2170478076","1.85553"
"2170478076","2073329022","1.85553"
"2101850236","2121269638","2.3222"
"2121269638","2101850236","2.3222"
"2101850236","2489320908","0.764225"
"2489320908","2101850236","0.764225"
"2121269638","2166400748","2.95434"
"2166400748","2121269638","2.95434"
"2121269638","2170478076","3.15553"
"2170478076","2121269638","3.15553"
"2121269638","2489320908","1.26422"
"2489320908","2121269638","1.26422"
"2166400748","2489320908","2.16422"
"2489320908","2166400748","2.16422"
"2170478076","2489320908","1.26422"
"2489320908","2170478076","1.26422"
"2001700730","2018312189","0.733705"
"2018312189","2001700730","0.733705"
"2001700730","2115214414","0.622594"
"2115214414","2001700730","0.622594"
"2001700730","2129750215","0.622594"
"2129750215","2001700730","0.622594"
"2001700730","2139660688","0.622594"
"2139660688","2001700730","0.622594"
"2001700730","2167331726","1.07656"
"2167331726","2001700730","1.07656"
"2018312189","2101850236","3.11148"
"2101850236","2018312189","3.11148"
"2018312189","2121269638","1.78648"
"2121269638","2018312189","1.78648"
"2018312189","2139660688","3.00037"
"2139660688","2018312189","3.00037"
"2018312189","2166400748","1.36148"
"2166400748","2018312189","1.36148"
"2018312189","2170478076","2.49482"
"2170478076","2018312189","2.49482"
"2055261195","2139660688","3.20593"
"2139660688","2055261195","3.20593"
"2073329022","2139660688","0.958705"
"2139660688","2073329022","0.958705"
"2101850236","2115214414","1.43371"
"2115214414","2101850236","1.43371"
"2101850236","2129750215","3.00037"
"2129750215","2101850236","3.00037"
"2101850236","2139660688","4.0837"
"2139660688","2101850236","4.0837"
"2101850236","2167331726","3.25434"
"2167331726","2101850236","3.25434"
"2115214414","2121269638","1.55871"
"2121269638","2115214414","1.55871"
"2115214414","2139660688","1.43371"
"2139660688","2115214414","1.43371"
"2115214414","2166400748","0.833705"
"2166400748","2115214414","0.833705"
"2115214414","2170478076","1.43371"
"2170478076","2115214414","1.43371"
"2121269638","2129750215","1.67537"
"2129750215","2121269638","1.67537"
"2121269638","2139660688","1.67537"
"2139660688","2121269638","1.67537"
"2121269638","2167331726","2.62934"
"2167331726","2121269638","2.62934"
"2129750215","2139660688","3.00037"
"2139660688","2129750215","3.00037"
"2129750215","2166400748","1.00037"
"2166400748","2129750215","1.00037"
"2129750215","2170478076","2.13371"
"2170478076","2129750215","2.13371"
"2139660688","2166400748","1.00037"
"2166400748","2139660688","1.00037"
"2139660688","2167331726","2.75037"
"2167331726","2139660688","2.75037"
"2139660688","2170478076","2.71704"
"2170478076","2139660688","2.71704"
"2166400748","2167331726","3.56148"
"2167331726","2166400748","3.56148"
"2167331726","2170478076","5.83767"
"2170478076","2167331726","5.83767"
"2001700730","2056748234","0.148352"
"2056748234","2001700730","0.148352"
"2001700730","2433401686","0.0714286"
"2433401686","2001700730","0.0714286"
"2001700730","2614224126","0.214286"
"2614224126","2001700730","0.214286"
"2018312189","2056748234","0.148352"
"2056748234","2018312189","0.148352"
"2018312189","2433401686","0.0714286"
"2433401686","2018312189","0.0714286"
"2055261195","2056748234","0.148352"
"2056748234","2055261195","0.148352"
"2055261195","2433401686","0.0714286"
"2433401686","2055261195","0.0714286"
"2055261195","2614224126","0.214286"
"2614224126","2055261195","0.214286"
"2056748234","2073329022","0.148352"
"2073329022","2056748234","0.148352"
"2056748234","2101850236","0.148352"
"2101850236","2056748234","0.148352"
"2056748234","2115214414","0.148352"
"2115214414","2056748234","0.148352"
"2056748234","2121269638","0.148352"
"2121269638","2056748234","0.148352"
"2056748234","2129750215","0.148352"
"2129750215","2056748234","0.148352"
"2056748234","2139660688","0.148352"
"2139660688","2056748234","0.148352"
"2056748234","2166400748","0.148352"
"2166400748","2056748234","0.148352"
"2056748234","2167331726","0.148352"
"2167331726","2056748234","0.148352"
"2056748234","2170478076","0.148352"
"2170478076","2056748234","0.148352"
"2056748234","2433401686","0.0714286"
"2433401686","2056748234","0.0714286"
"2056748234","2614224126","0.0714286"
"2614224126","2056748234","0.0714286"
"2073329022","2433401686","0.0714286"
"2433401686","2073329022","0.0714286"
"2073329022","2614224126","0.214286"
"2614224126","2073329022","0.214286"
"2101850236","2433401686","0.0714286"
"2433401686","2101850236","0.0714286"
"2101850236","2614224126","0.464286"
"2614224126","2101850236","0.464286"
"2115214414","2433401686","0.0714286"
"2433401686","2115214414","0.0714286"
"2115214414","2614224126","0.0714286"
"2614224126","2115214414","0.0714286"
"2121269638","2433401686","0.0714286"
"2433401686","2121269638","0.0714286"
"2121269638","2614224126","0.214286"
"2614224126","2121269638","0.214286"
"2129750215","2433401686","0.0714286"
"2433401686","2129750215","0.0714286"
"2139660688","2433401686","0.0714286"
"2433401686","2139660688","0.0714286"
"2139660688","2614224126","0.0714286"
"2614224126","2139660688","0.0714286"
"2166400748","2433401686","0.0714286"
"2433401686","2166400748","0.0714286"
"2166400748","2614224126","0.321429"
"2614224126","2166400748","0.321429"
"2167331726","2433401686","0.0714286"
"2433401686","2167331726","0.0714286"
"2167331726","2614224126","0.214286"
"2614224126","2167331726","0.214286"
"2170478076","2433401686","0.0714286"
"2433401686","2170478076","0.0714286"
"2170478076","2614224126","0.464286"
"2614224126","2170478076","0.464286"
"2433401686","2614224126","0.0714286"
"2614224126","2433401686","0.0714286"
"2056748234","2489320908","0.0769231"
"2489320908","2056748234","0.0769231"
"2139660688","2489320908","0.260256"
"2489320908","2139660688","0.260256"
"2073068515","2121269638","0.2"
"2121269638","2073068515","0.2"
"2073068515","2167331726","0.2"
"2167331726","2073068515","0.2"
"2012668444","2073068515","8.83333"
"2073068515","2012668444","8.83333"
"2012668444","2443200919","3.5"
"2443200919","2012668444","3.5"
"2073068515","2443200919","5.75"
"2443200919","2073068515","5.75"
"2012668444","2056748234","3.66667"
"2056748234","2012668444","3.66667"
"2056748234","2073068515","2.16667"
"2073068515","2056748234","2.16667"
"2012668444","2163051926","5"
"2163051926","2012668444","5"
"2073068515","2163051926","5.5"
"2163051926","2073068515","5.5"
"2163051926","2443200919","1.16667"
"2443200919","2163051926","1.16667"
"2056748234","2163051926","2.33333"
"2163051926","2056748234","2.33333"
"2056748234","2443200919","0.833333"
"2443200919","2056748234","0.833333"
"2012668444","2167331726","0.5"
"2167331726","2012668444","0.5"
"2012668444","2170478076","0.5"
"2170478076","2012668444","0.5"
"2028327419","2489320908","0.5"
"2489320908","2028327419","0.5"
"2082474940","2489320908","0.5"
"2489320908","2082474940","0.5"
"2073068515","2614224126","0.25"
"2614224126","2073068515","0.25"
"2073068515","284823514","0.25"
"284823514","2073068515","0.25"
"2073068515","2898216318","0.25"
"2898216318","2073068515","0.25"
"2443200919","2614224126","0.25"
"2614224126","2443200919","0.25"
"2443200919","284823514","0.25"
"284823514","2443200919","0.25"
"2443200919","2898216318","0.25"
"2898216318","2443200919","0.25"
"2614224126","284823514","0.25"
"284823514","2614224126","0.25"
"2614224126","2898216318","1.25"
"2898216318","2614224126","1.25"
"284823514","2898216318","0.25"
"2898216318","284823514","0.25"
"2489320908","2614224126","0.25"
"2614224126","2489320908","0.25"
"2163051926","284823514","1"
"284823514","2163051926","1"
