"100310820","1809494940","1"
"1809494940","100310820","1"
"100310820","1514365875","0.333333"
"1514365875","100310820","0.333333"
"100310820","1592275891","0.333333"
"1592275891","100310820","0.333333"
"100310820","2072271542","0.333333"
"2072271542","100310820","0.333333"
"1514365875","1592275891","0.741363"
"1592275891","1514365875","0.741363"
"1514365875","2072271542","1.9842"
"2072271542","1514365875","1.9842"
"1592275891","2072271542","1.74136"
"2072271542","1592275891","1.74136"
"143460964","2089603131","0.944444"
"2089603131","143460964","0.944444"
"143460964","2166356057","0.611111"
"2166356057","143460964","0.611111"
"2089603131","2166356057","5.19444"
"2166356057","2089603131","5.19444"
"143460964","1622872924","0.111111"
"1622872924","143460964","0.111111"
"143460964","1993205295","0.111111"
"1993205295","143460964","0.111111"
"143460964","2029487844","0.111111"
"2029487844","143460964","0.111111"
"143460964","2154765387","0.444444"
"2154765387","143460964","0.444444"
"143460964","2471327008","0.111111"
"2471327008","143460964","0.111111"
"143460964","2520870621","0.444444"
"2520870621","143460964","0.444444"
"143460964","833151006","0.111111"
"833151006","143460964","0.111111"
"1622872924","1993205295","4.68849"
"1993205295","1622872924","4.68849"
"1622872924","2029487844","0.621825"
"2029487844","1622872924","0.621825"
"1622872924","2089603131","1.44444"
"2089603131","1622872924","1.44444"
"1622872924","2154765387","0.253968"
"2154765387","1622872924","0.253968"
"1622872924","2166356057","0.830159"
"2166356057","1622872924","0.830159"
"1622872924","2471327008","0.111111"
"2471327008","1622872924","0.111111"
"1622872924","2520870621","0.361111"
"2520870621","1622872924","0.361111"
"1622872924","833151006","0.111111"
"833151006","1622872924","0.111111"
"1993205295","2029487844","2.12183"
"2029487844","1993205295","2.12183"
"1993205295","2089603131","1.94444"
"2089603131","1993205295","1.94444"
"1993205295","2154765387","0.753968"
"2154765387","1993205295","0.753968"
"1993205295","2166356057","0.830159"
"2166356057","1993205295","0.830159"
"1993205295","2471327008","0.111111"
"2471327008","1993205295","0.111111"
"1993205295","2520870621","0.361111"
"2520870621","1993205295","0.361111"
"1993205295","833151006","0.111111"
"833151006","1993205295","0.111111"
"2029487844","2089603131","1.69444"
"2089603131","2029487844","1.69444"
"2029487844","2154765387","29.8373"
"2154765387","2029487844","29.8373"
"2029487844","2166356057","4.24683"
"2166356057","2029487844","4.24683"
"2029487844","2471327008","0.111111"
"2471327008","2029487844","0.111111"
"2029487844","2520870621","0.361111"
"2520870621","2029487844","0.361111"
"2029487844","833151006","0.111111"
"833151006","2029487844","0.111111"
"2089603131","2154765387","5.02778"
"2154765387","2089603131","5.02778"
"2089603131","2471327008","0.444444"
"2471327008","2089603131","0.444444"
"2089603131","2520870621","9.27778"
"2520870621","2089603131","9.27778"
"2089603131","833151006","0.444444"
"833151006","2089603131","0.444444"
"2154765387","2166356057","2.00397"
"2166356057","2154765387","2.00397"
"2154765387","2471327008","0.111111"
"2471327008","2154765387","0.111111"
"2154765387","2520870621","1.19444"
"2520870621","2154765387","1.19444"
"2154765387","833151006","0.611111"
"833151006","2154765387","0.611111"
"2166356057","2471327008","0.111111"
"2471327008","2166356057","0.111111"
"2166356057","2520870621","0.361111"
"2520870621","2166356057","0.361111"
"2166356057","833151006","0.111111"
"833151006","2166356057","0.111111"
"2471327008","2520870621","3.77778"
"2520870621","2471327008","3.77778"
"2471327008","833151006","10.4444"
"833151006","2471327008","10.4444"
"2520870621","833151006","3.94444"
"833151006","2520870621","3.94444"
"1481595995","2055343463","2.73767"
"2055343463","1481595995","2.73767"
"1481595995","1514365875","0.610289"
"1514365875","1481595995","0.610289"
"1481595995","1523728030","1.13648"
"1523728030","1481595995","1.13648"
"1481595995","1539154812","0.455527"
"1539154812","1481595995","0.455527"
"1481595995","1545118610","0.135747"
"1545118610","1481595995","0.135747"
"1481595995","1592275891","0.130252"
"1592275891","1481595995","0.130252"
"1481595995","1594502603","1.40434"
"1594502603","1481595995","1.40434"
"1481595995","1606751452","0.479336"
"1606751452","1481595995","0.479336"
"1481595995","1738857073","0.658366"
"1738857073","1481595995","0.658366"
"1481595995","1849921270","0.53886"
"1849921270","1481595995","0.53886"
"1481595995","1975968096","0.936479"
"1975968096","1481595995","0.936479"
"1481595995","2026303066","0.993622"
"2026303066","1481595995","0.993622"
"1481595995","2028156291","0.707175"
"2028156291","1481595995","0.707175"
"1481595995","2072271542","0.748842"
"2072271542","1481595995","0.748842"
"1481595995","2072916859","0.978146"
"2072916859","1481595995","0.978146"
"1481595995","2093210410","0.255252"
"2093210410","1481595995","0.255252"
"1481595995","2168044462","0.255252"
"2168044462","1481595995","0.255252"
"1514365875","1523728030","1.65517"
"1523728030","1514365875","1.65517"
"1514365875","1539154812","0.53969"
"1539154812","1514365875","0.53969"
"1514365875","1545118610","0.385747"
"1545118610","1514365875","0.385747"
"1514365875","1594502603","1.99683"
"1594502603","1514365875","1.99683"
"1514365875","1606751452","1.30199"
"1606751452","1514365875","1.30199"
"1514365875","1738857073","1.42308"
"1738857073","1514365875","1.42308"
"1514365875","1849921270","0.873023"
"1849921270","1514365875","0.873023"
"1514365875","1975968096","2.47223"
"1975968096","1514365875","2.47223"
"1514365875","2026303066","2.40675"
"2026303066","1514365875","2.40675"
"1514365875","2028156291","0.40162"
"2028156291","1514365875","0.40162"
"1514365875","2055343463","0.951198"
"2055343463","1514365875","0.951198"
"1514365875","2072916859","1.62739"
"2072916859","1514365875","1.62739"
"1514365875","2093210410","1.80089"
"2093210410","1514365875","1.80089"
"1514365875","2168044462","0.800887"
"2168044462","1514365875","0.800887"
"1523728030","1539154812","0.528579"
"1539154812","1523728030","0.528579"
"1523728030","1545118610","1.6036"
"1545118610","1523728030","1.6036"
"1523728030","1592275891","0.130252"
"1592275891","1523728030","0.130252"
"1523728030","1594502603","3.6631"
"1594502603","1523728030","3.6631"
"1523728030","1606751452","3.10755"
"1606751452","1523728030","3.10755"
"1523728030","1738857073","0.749275"
"1738857073","1523728030","0.749275"
"1523728030","1849921270","1.36191"
"1849921270","1523728030","1.36191"
"1523728030","1975968096","3.46469"
"1975968096","1523728030","3.46469"
"1523728030","2026303066","5.84088"
"2026303066","1523728030","5.84088"
"1523728030","2028156291","0.623842"
"2028156291","1523728030","0.623842"
"1523728030","2055343463","3.44525"
"2055343463","1523728030","3.44525"
"1523728030","2072271542","0.631418"
"2072271542","1523728030","0.631418"
"1523728030","2072916859","2.72977"
"2072916859","1523728030","2.72977"
"1523728030","2093210410","0.58422"
"2093210410","1523728030","0.58422"
"1523728030","2168044462","0.58422"
"2168044462","1523728030","0.58422"
"1539154812","1545118610","0.260747"
"1545118610","1539154812","0.260747"
"1539154812","1592275891","0.169935"
"1592275891","1539154812","0.169935"
"1539154812","1594502603","0.907547"
"1594502603","1539154812","0.907547"
"1539154812","1606751452","0.66469"
"1606751452","1539154812","0.66469"
"1539154812","1738857073","0.469513"
"1738857073","1539154812","0.469513"
"1539154812","1849921270","0.907547"
"1849921270","1539154812","0.907547"
"1539154812","1975968096","0.907547"
"1975968096","1539154812","0.907547"
"1539154812","2026303066","0.63969"
"2026303066","1539154812","0.63969"
"1539154812","2028156291","0.246858"
"2028156291","1539154812","0.246858"
"1539154812","2055343463","0.546436"
"2055343463","1539154812","0.546436"
"1539154812","2072271542","0.462767"
"2072271542","1539154812","0.462767"
"1539154812","2072916859","0.671436"
"2072916859","1539154812","0.671436"
"1539154812","2093210410","0.0588235"
"2093210410","1539154812","0.0588235"
"1539154812","2168044462","0.0588235"
"2168044462","1539154812","0.0588235"
"1545118610","1592275891","0.0588235"
"1592275891","1545118610","0.0588235"
"1545118610","1594502603","0.385747"
"1594502603","1545118610","0.385747"
"1545118610","1606751452","0.260747"
"1606751452","1545118610","0.260747"
"1545118610","1738857073","0.326681"
"1738857073","1545118610","0.326681"
"1545118610","1849921270","0.260747"
"1849921270","1545118610","0.260747"
"1545118610","1975968096","0.728604"
"1975968096","1545118610","0.728604"
"1545118610","2026303066","0.603604"
"2026303066","1545118610","0.603604"
"1545118610","2028156291","0.0588235"
"2028156291","1545118610","0.0588235"
"1545118610","2055343463","0.260747"
"2055343463","1545118610","0.260747"
"1545118610","2072271542","0.260747"
"2072271542","1545118610","0.260747"
"1545118610","2072916859","0.278604"
"2072916859","1545118610","0.278604"
"1545118610","2093210410","0.0588235"
"2093210410","1545118610","0.0588235"
"1545118610","2168044462","0.0588235"
"2168044462","1545118610","0.0588235"
"1592275891","1594502603","0.241363"
"1594502603","1592275891","0.241363"
"1592275891","1606751452","0.169935"
"1606751452","1592275891","0.169935"
"1592275891","1738857073","0.130252"
"1738857073","1592275891","0.130252"
"1592275891","1849921270","0.169935"
"1849921270","1592275891","0.169935"
"1592275891","1975968096","0.741363"
"1975968096","1592275891","0.741363"
"1592275891","2026303066","0.40803"
"2026303066","1592275891","0.40803"
"1592275891","2028156291","3.0747"
"2028156291","1592275891","3.0747"
"1592275891","2055343463","0.130252"
"2055343463","1592275891","0.130252"
"1592275891","2072916859","0.296919"
"2072916859","1592275891","0.296919"
"1592275891","2093210410","0.296919"
"2093210410","1592275891","0.296919"
"1592275891","2168044462","0.296919"
"2168044462","1592275891","0.296919"
"1594502603","1606751452","1.19921"
"1606751452","1594502603","1.19921"
"1594502603","1738857073","1.20761"
"1738857073","1594502603","1.20761"
"1594502603","1849921270","1.24088"
"1849921270","1594502603","1.24088"
"1594502603","1975968096","3.10636"
"1975968096","1594502603","3.10636"
"1594502603","2026303066","3.54802"
"2026303066","1594502603","3.54802"
"1594502603","2028156291","0.484953"
"2028156291","1594502603","0.484953"
"1594502603","2055343463","2.79644"
"2055343463","1594502603","2.79644"
"1594502603","2072271542","0.992529"
"2072271542","1594502603","0.992529"
"1594502603","2072916859","2.60477"
"2072916859","1594502603","2.60477"
"1594502603","2093210410","0.598109"
"2093210410","1594502603","0.598109"
"1594502603","2168044462","0.598109"
"2168044462","1594502603","0.598109"
"1606751452","1738857073","0.509989"
"1738857073","1606751452","0.509989"
"1606751452","1849921270","1.24802"
"1849921270","1606751452","1.24802"
"1606751452","1975968096","1.36747"
"1975968096","1606751452","1.36747"
"1606751452","2026303066","4.91866"
"2026303066","1606751452","4.91866"
"1606751452","2028156291","0.413524"
"2028156291","1606751452","0.413524"
"1606751452","2055343463","0.895245"
"2055343463","1606751452","0.895245"
"1606751452","2072271542","0.5461"
"2072271542","1606751452","0.5461"
"1606751452","2072916859","0.754769"
"2072916859","1606751452","0.754769"
"1606751452","2093210410","0.312792"
"2093210410","1606751452","0.312792"
"1606751452","2168044462","0.312792"
"2168044462","1606751452","0.312792"
"1738857073","1849921270","0.469513"
"1849921270","1738857073","0.469513"
"1738857073","1975968096","0.892132"
"1975968096","1738857073","0.892132"
"1738857073","2026303066","0.949275"
"2026303066","1738857073","0.949275"
"1738857073","2028156291","0.290509"
"2028156291","1738857073","0.290509"
"1738857073","2055343463","1.40761"
"2055343463","1738857073","1.40761"
"1738857073","2072271542","0.429495"
"2072271542","1738857073","0.429495"
"1738857073","2072916859","0.808799"
"2072916859","1738857073","0.808799"
"1738857073","2093210410","0.255252"
"2093210410","1738857073","0.255252"
"1738857073","2168044462","0.255252"
"2168044462","1738857073","0.255252"
"1849921270","1975968096","0.99088"
"1975968096","1849921270","0.99088"
"1849921270","2026303066","0.973023"
"2026303066","1849921270","0.973023"
"1849921270","2028156291","0.330191"
"2028156291","1849921270","0.330191"
"1849921270","2055343463","0.629769"
"2055343463","1849921270","0.629769"
"1849921270","2072271542","0.462767"
"2072271542","1849921270","0.462767"
"1849921270","2072916859","0.754769"
"2072916859","1849921270","0.754769"
"1849921270","2093210410","0.0588235"
"2093210410","1849921270","0.0588235"
"1849921270","2168044462","0.0588235"
"2168044462","1849921270","0.0588235"
"1975968096","2026303066","3.7758"
"2026303066","1975968096","3.7758"
"1975968096","2028156291","0.984953"
"2028156291","1975968096","0.984953"
"1975968096","2055343463","1.74525"
"2055343463","1975968096","1.74525"
"1975968096","2072271542","2.56753"
"2072271542","1975968096","2.56753"
"1975968096","2072916859","3.28691"
"2072916859","1975968096","3.28691"
"1975968096","2093210410","0.241363"
"2093210410","1975968096","0.241363"
"1975968096","2168044462","0.241363"
"2168044462","1975968096","0.241363"
"2026303066","2028156291","0.734953"
"2028156291","2026303066","0.734953"
"2026303066","2055343463","2.25239"
"2055343463","2026303066","2.25239"
"2026303066","2072271542","2.1092"
"2072271542","2026303066","2.1092"
"2026303066","2072916859","2.12025"
"2072916859","2026303066","2.12025"
"2026303066","2093210410","1.00089"
"2093210410","2026303066","1.00089"
"2026303066","2168044462","1.00089"
"2168044462","2026303066","1.00089"
"2028156291","2055343463","0.957175"
"2055343463","2028156291","0.957175"
"2028156291","2072271542","2.40803"
"2072271542","2028156291","2.40803"
"2028156291","2072916859","0.290509"
"2072916859","2028156291","0.290509"
"2028156291","2093210410","0.130252"
"2093210410","2028156291","0.130252"
"2028156291","2168044462","0.130252"
"2168044462","2028156291","0.130252"
"2055343463","2072271542","1.92308"
"2072271542","2055343463","1.92308"
"2055343463","2072916859","3.17025"
"2072916859","2055343463","3.17025"
"2055343463","2093210410","0.255252"
"2093210410","2055343463","0.255252"
"2055343463","2168044462","0.255252"
"2168044462","2055343463","0.255252"
"2072271542","2072916859","1.87308"
"2072916859","2072271542","1.87308"
"2072271542","2093210410","0.421919"
"2093210410","2072271542","0.421919"
"2072271542","2168044462","0.421919"
"2168044462","2072271542","0.421919"
"2072916859","2093210410","0.564776"
"2093210410","2072916859","0.564776"
"2072916859","2168044462","0.564776"
"2168044462","2072916859","0.564776"
"2093210410","2168044462","7.95922"
"2168044462","2093210410","7.95922"
"1481595995","1581805425","0.959799"
"1581805425","1481595995","0.959799"
"1514365875","1581805425","1.14472"
"1581805425","1514365875","1.14472"
"1523728030","1581805425","4.78043"
"1581805425","1523728030","4.78043"
"1539154812","1581805425","0.278846"
"1581805425","1539154812","0.278846"
"1545118610","1581805425","0.526923"
"1581805425","1545118610","0.526923"
"1581805425","1594502603","2.88599"
"1594502603","1581805425","2.88599"
"1581805425","1606751452","1.31496"
"1606751452","1581805425","1.31496"
"1581805425","1849921270","0.362179"
"1849921270","1581805425","0.362179"
"1581805425","1975968096","2.8721"
"1975968096","1581805425","2.8721"
"1581805425","2026303066","3.48043"
"2026303066","1581805425","3.48043"
"1581805425","2055343463","5.46099"
"2055343463","1581805425","5.46099"
"1581805425","2072271542","1.48168"
"2072271542","1581805425","1.48168"
"1581805425","2072916859","0.801465"
"2072916859","1581805425","0.801465"
"1481595995","2023838631","0.469048"
"2023838631","1481595995","0.469048"
"1523728030","2023838631","2.46905"
"2023838631","1523728030","2.46905"
"1539154812","2023838631","0.225"
"2023838631","1539154812","0.225"
"1594502603","2023838631","1.63571"
"2023838631","1594502603","1.63571"
"1738857073","2023838631","0.183333"
"2023838631","1738857073","0.183333"
"1849921270","2023838631","0.225"
"2023838631","1849921270","0.225"
"1975968096","2023838631","1.07619"
"2023838631","1975968096","1.07619"
"2023838631","2026303066","1.57619"
"2026303066","2023838631","1.57619"
"2023838631","2055343463","0.844048"
"2055343463","2023838631","0.844048"
"2023838631","2072916859","0.909524"
"2072916859","2023838631","0.909524"
"1481595995","1581121044","0.0833333"
"1581121044","1481595995","0.0833333"
"1523728030","1581121044","0.0833333"
"1581121044","1523728030","0.0833333"
"1581121044","1581805425","0.0833333"
"1581805425","1581121044","0.0833333"
"1581121044","1594502603","0.0833333"
"1594502603","1581121044","0.0833333"
"1581121044","1606751452","0.0833333"
"1606751452","1581121044","0.0833333"
"1581121044","1738857073","0.0833333"
"1738857073","1581121044","0.0833333"
"1581121044","1975968096","0.0833333"
"1975968096","1581121044","0.0833333"
"1581121044","2023838631","0.0833333"
"2023838631","1581121044","0.0833333"
"1581121044","2026303066","0.0833333"
"2026303066","1581121044","0.0833333"
"1581121044","2028156291","2.41667"
"2028156291","1581121044","2.41667"
"1581121044","2055343463","0.0833333"
"2055343463","1581121044","0.0833333"
"1581121044","2072271542","0.583333"
"2072271542","1581121044","0.583333"
"1581805425","1738857073","2.01502"
"1738857073","1581805425","2.01502"
"1581805425","2023838631","0.85119"
"2023838631","1581805425","0.85119"
"1581805425","2028156291","0.315018"
"2028156291","1581805425","0.315018"
"1606751452","2023838631","0.208333"
"2023838631","1606751452","0.208333"
"2023838631","2028156291","0.0833333"
"2028156291","2023838631","0.0833333"
"2023838631","2072271542","0.0833333"
"2072271542","2023838631","0.0833333"
"1481595995","1976111636","0.142857"
"1976111636","1481595995","0.142857"
"1514365875","1976111636","0.253968"
"1976111636","1514365875","0.253968"
"1514365875","2023838631","0.309524"
"2023838631","1514365875","0.309524"
"1523728030","1976111636","0.453968"
"1976111636","1523728030","0.453968"
"1594502603","1976111636","0.342857"
"1976111636","1594502603","0.342857"
"1976111636","2023838631","0.142857"
"2023838631","1976111636","0.142857"
"1976111636","2055343463","0.142857"
"2055343463","1976111636","0.142857"
"1976111636","2072916859","0.142857"
"2072916859","1976111636","0.142857"
"1581805425","2093210410","0.55754"
"2093210410","1581805425","0.55754"
"1581805425","2168044462","0.55754"
"2168044462","1581805425","0.55754"
"1581805425","1592275891","0.0714286"
"1592275891","1581805425","0.0714286"
"1481595995","1582289067","0.183333"
"1582289067","1481595995","0.183333"
"1514365875","1582289067","0.986111"
"1582289067","1514365875","0.986111"
"1523728030","1582289067","1.23016"
"1582289067","1523728030","1.23016"
"1581805425","1582289067","0.887302"
"1582289067","1581805425","0.887302"
"1582289067","1594502603","1.07619"
"1594502603","1582289067","1.07619"
"1582289067","1606751452","0.619444"
"1606751452","1582289067","0.619444"
"1582289067","1975968096","4.26349"
"1975968096","1582289067","4.26349"
"1582289067","2026303066","1.93016"
"2026303066","1582289067","1.93016"
"1582289067","2055343463","0.57619"
"2055343463","1582289067","0.57619"
"1582289067","2072916859","1.29405"
"2072916859","1582289067","1.29405"
"1582289067","1849921270","0.0833333"
"1849921270","1582289067","0.0833333"
"1582289067","2028156291","0.0833333"
"2028156291","1582289067","0.0833333"
"1581805425","1976111636","0.111111"
"1976111636","1581805425","0.111111"
"1582289067","1976111636","0.111111"
"1976111636","1582289067","0.111111"
"1582289067","2093210410","0.111111"
"2093210410","1582289067","0.111111"
"1582289067","2168044462","0.111111"
"2168044462","1582289067","0.111111"
"1606751452","1976111636","0.111111"
"1976111636","1606751452","0.111111"
"1975968096","1976111636","0.111111"
"1976111636","1975968096","0.111111"
"1976111636","2026303066","0.311111"
"2026303066","1976111636","0.311111"
"1976111636","2093210410","7.14444"
"2093210410","1976111636","7.14444"
"1976111636","2168044462","5.14444"
"2168044462","1976111636","5.14444"
"1582289067","2072271542","0.2"
"2072271542","1582289067","0.2"
"1582289067","2023838631","0.625"
"2023838631","1582289067","0.625"
"1523728030","2330518199","0.142857"
"2330518199","1523728030","0.142857"
"1545118610","1582289067","0.342857"
"1582289067","1545118610","0.342857"
"1545118610","2330518199","0.642857"
"2330518199","1545118610","0.642857"
"1582289067","1738857073","0.142857"
"1738857073","1582289067","0.142857"
"1582289067","2330518199","0.142857"
"2330518199","1582289067","0.142857"
"1738857073","2330518199","0.142857"
"2330518199","1738857073","0.142857"
"1975968096","2330518199","0.142857"
"2330518199","1975968096","0.142857"
"2026303066","2330518199","0.142857"
"2330518199","2026303066","0.142857"
"2072916859","2330518199","0.142857"
"2330518199","2072916859","0.142857"
"1528134173","1622872924","0.142857"
"1622872924","1528134173","0.142857"
"1528134173","1981276741","0.142857"
"1981276741","1528134173","0.142857"
"1528134173","1993205295","0.142857"
"1993205295","1528134173","0.142857"
"1528134173","2029487844","0.142857"
"2029487844","1528134173","0.142857"
"1528134173","2109079101","0.142857"
"2109079101","1528134173","0.142857"
"1528134173","2154765387","0.142857"
"2154765387","1528134173","0.142857"
"1528134173","2166356057","0.142857"
"2166356057","1528134173","0.142857"
"1622872924","1981276741","4.21071"
"1981276741","1622872924","4.21071"
"1622872924","2109079101","1.01071"
"2109079101","1622872924","1.01071"
"1981276741","1993205295","4.46071"
"1993205295","1981276741","4.46071"
"1981276741","2029487844","0.510714"
"2029487844","1981276741","0.510714"
"1981276741","2109079101","9.09405"
"2109079101","1981276741","9.09405"
"1981276741","2154765387","0.142857"
"2154765387","1981276741","0.142857"
"1981276741","2166356057","1.38571"
"2166356057","1981276741","1.38571"
"1993205295","2109079101","0.760714"
"2109079101","1993205295","0.760714"
"2029487844","2109079101","0.510714"
"2109079101","2029487844","0.510714"
"2109079101","2154765387","0.142857"
"2154765387","2109079101","0.142857"
"2109079101","2166356057","0.385714"
"2166356057","2109079101","0.385714"
"1545118610","1809494940","2.5"
"1809494940","1545118610","2.5"
"1809494940","2330518199","1.5"
"2330518199","1809494940","1.5"
"1548934150","2055343463","0.333333"
"2055343463","1548934150","0.333333"
"1548934150","2072271542","0.333333"
"2072271542","1548934150","0.333333"
"1548934150","2072916859","0.333333"
"2072916859","1548934150","0.333333"
"1557440484","2029487844","2.33333"
"2029487844","1557440484","2.33333"
"1557440484","2154765387","1.33333"
"2154765387","1557440484","1.33333"
"1557440484","2089603131","0.333333"
"2089603131","1557440484","0.333333"
"1581121044","1592275891","2.83333"
"1592275891","1581121044","2.83333"
"1581121044","2089603131","0.333333"
"2089603131","1581121044","0.333333"
"1592275891","2089603131","0.833333"
"2089603131","1592275891","0.833333"
"2028156291","2089603131","1.83333"
"2089603131","2028156291","1.83333"
"1581805425","2089603131","0.2"
"2089603131","1581805425","0.2"
"1606751452","2089603131","0.2"
"2089603131","1606751452","0.2"
"1738857073","2089603131","0.2"
"2089603131","1738857073","0.2"
"2026303066","2089603131","0.2"
"2089603131","2026303066","0.2"
"2055343463","2089603131","0.2"
"2089603131","2055343463","0.2"
"1592275891","2520870621","1"
"2520870621","1592275891","1"
"1981276741","2089603131","3"
"2089603131","1981276741","3"
"1981276741","2520870621","0.583333"
"2520870621","1981276741","0.583333"
"1622872924","1889547680","1.26786"
"1889547680","1622872924","1.26786"
"1622872924","2020531183","0.958333"
"2020531183","1622872924","0.958333"
"1622872924","2112872445","1.10119"
"2112872445","1622872924","1.10119"
"1622872924","240210381","0.583333"
"240210381","1622872924","0.583333"
"1622872924","83715141","0.758333"
"83715141","1622872924","0.758333"
"1889547680","1993205295","1.26786"
"1993205295","1889547680","1.26786"
"1889547680","2020531183","6.79167"
"2020531183","1889547680","6.79167"
"1889547680","2112872445","9.93452"
"2112872445","1889547680","9.93452"
"1889547680","240210381","1.75"
"240210381","1889547680","1.75"
"1889547680","83715141","5.425"
"83715141","1889547680","5.425"
"1993205295","2020531183","0.958333"
"2020531183","1993205295","0.958333"
"1993205295","2112872445","1.10119"
"2112872445","1993205295","1.10119"
"1993205295","240210381","0.583333"
"240210381","1993205295","0.583333"
"1993205295","83715141","0.758333"
"83715141","1993205295","0.758333"
"2020531183","2112872445","7.79167"
"2112872445","2020531183","7.79167"
"2020531183","240210381","2.75"
"240210381","2020531183","2.75"
"2020531183","83715141","6.925"
"83715141","2020531183","6.925"
"2112872445","240210381","1.75"
"240210381","2112872445","1.75"
"2112872445","83715141","5.425"
"83715141","2112872445","5.425"
"240210381","83715141","1.08333"
"83715141","240210381","1.08333"
"1622872924","2330518199","0.266667"
"2330518199","1622872924","0.266667"
"1889547680","1981276741","0.984524"
"1981276741","1889547680","0.984524"
"1889547680","2029487844","0.367857"
"2029487844","1889547680","0.367857"
"1889547680","2109079101","0.367857"
"2109079101","1889547680","0.367857"
"1889547680","2166356057","0.242857"
"2166356057","1889547680","0.242857"
"1889547680","2330518199","0.266667"
"2330518199","1889547680","0.266667"
"1981276741","2020531183","0.675"
"2020531183","1981276741","0.675"
"1981276741","2112872445","0.817857"
"2112872445","1981276741","0.817857"
"1981276741","2330518199","0.516667"
"2330518199","1981276741","0.516667"
"1981276741","83715141","0.475"
"83715141","1981276741","0.475"
"1993205295","2330518199","1.01667"
"2330518199","1993205295","1.01667"
"2020531183","2029487844","0.725"
"2029487844","2020531183","0.725"
"2020531183","2109079101","0.225"
"2109079101","2020531183","0.225"
"2020531183","2166356057","0.1"
"2166356057","2020531183","0.1"
"2020531183","2330518199","0.1"
"2330518199","2020531183","0.1"
"2029487844","2112872445","0.367857"
"2112872445","2029487844","0.367857"
"2029487844","2330518199","0.1"
"2330518199","2029487844","0.1"
"2029487844","83715141","0.725"
"83715141","2029487844","0.725"
"2109079101","2112872445","0.367857"
"2112872445","2109079101","0.367857"
"2109079101","2330518199","0.85"
"2330518199","2109079101","0.85"
"2109079101","83715141","0.225"
"83715141","2109079101","0.225"
"2112872445","2166356057","0.242857"
"2166356057","2112872445","0.242857"
"2112872445","2330518199","0.1"
"2330518199","2112872445","0.1"
"2166356057","2330518199","0.1"
"2330518199","2166356057","0.1"
"2166356057","83715141","0.1"
"83715141","2166356057","0.1"
"2330518199","83715141","0.1"
"83715141","2330518199","0.1"
"1622872924","2128696708","0.166667"
"2128696708","1622872924","0.166667"
"1889547680","2089603131","0.166667"
"2089603131","1889547680","0.166667"
"1889547680","2128696708","0.166667"
"2128696708","1889547680","0.166667"
"1981276741","2128696708","1.41667"
"2128696708","1981276741","1.41667"
"1993205295","2128696708","0.916667"
"2128696708","1993205295","0.916667"
"2089603131","2128696708","0.166667"
"2128696708","2089603131","0.166667"
"2089603131","2330518199","0.166667"
"2330518199","2089603131","0.166667"
"2128696708","2330518199","3.41667"
"2330518199","2128696708","3.41667"
"1981276741","240210381","0.25"
"240210381","1981276741","0.25"
"2089603131","240210381","0.25"
"240210381","2089603131","0.25"
"1809494940","2128696708","1"
"2128696708","1809494940","1"
"1889547680","833151006","2"
"833151006","1889547680","2"
"1976111636","2089603131","0.333333"
"2089603131","1976111636","0.333333"
"2089603131","2093210410","0.333333"
"2093210410","2089603131","0.333333"
"2089603131","2168044462","0.333333"
"2168044462","2089603131","0.333333"
"2109079101","2128696708","0.75"
"2128696708","2109079101","0.75"
"2089603131","2109079101","0.5"
"2109079101","2089603131","0.5"
"1981276741","2471327008","0.333333"
"2471327008","1981276741","0.333333"
"2109079101","2471327008","0.333333"
"2471327008","2109079101","0.333333"
"2109079101","2520870621","0.333333"
"2520870621","2109079101","0.333333"
