"135210439","1564541561","0.258929"
"1564541561","135210439","0.258929"
"135210439","1966303660","1.75476"
"1966303660","135210439","1.75476"
"135210439","2001179357","16.6506"
"2001179357","135210439","16.6506"
"135210439","2043657122","0.258929"
"2043657122","135210439","0.258929"
"135210439","2064390618","0.258929"
"2064390618","135210439","0.258929"
"135210439","2075856459","0.3125"
"2075856459","135210439","0.3125"
"135210439","2127386629","1.04643"
"2127386629","135210439","1.04643"
"135210439","2148694859","0.25"
"2148694859","135210439","0.25"
"1564541561","1966303660","0.957143"
"1966303660","1564541561","0.957143"
"1564541561","2001179357","0.258929"
"2001179357","1564541561","0.258929"
"1564541561","2043657122","0.894643"
"2043657122","1564541561","0.894643"
"1564541561","2064390618","0.894643"
"2064390618","1564541561","0.894643"
"1564541561","2075856459","0.1875"
"2075856459","1564541561","0.1875"
"1564541561","2127386629","0.85"
"2127386629","1564541561","0.85"
"1564541561","2148694859","0.125"
"2148694859","1564541561","0.125"
"1966303660","2001179357","2.45476"
"2001179357","1966303660","2.45476"
"1966303660","2043657122","1.23095"
"2043657122","1966303660","1.23095"
"1966303660","2064390618","1.23095"
"2064390618","1966303660","1.23095"
"1966303660","2075856459","1.33333"
"2075856459","1966303660","1.33333"
"1966303660","2127386629","14.6179"
"2127386629","1966303660","14.6179"
"1966303660","2148694859","1.33333"
"2148694859","1966303660","1.33333"
"2001179357","2043657122","0.258929"
"2043657122","2001179357","0.258929"
"2001179357","2064390618","0.258929"
"2064390618","2001179357","0.258929"
"2001179357","2075856459","0.3125"
"2075856459","2001179357","0.3125"
"2001179357","2127386629","1.24643"
"2127386629","2001179357","1.24643"
"2001179357","2148694859","0.25"
"2148694859","2001179357","0.25"
"2043657122","2064390618","17.8708"
"2064390618","2043657122","17.8708"
"2043657122","2075856459","0.1875"
"2075856459","2043657122","0.1875"
"2043657122","2127386629","1.04048"
"2127386629","2043657122","1.04048"
"2043657122","2148694859","0.291667"
"2148694859","2043657122","0.291667"
"2064390618","2075856459","0.1875"
"2075856459","2064390618","0.1875"
"2064390618","2127386629","1.04048"
"2127386629","2064390618","1.04048"
"2064390618","2148694859","0.291667"
"2148694859","2064390618","0.291667"
"2075856459","2127386629","0.833333"
"2127386629","2075856459","0.833333"
"2075856459","2148694859","4.91667"
"2148694859","2075856459","4.91667"
"2127386629","2148694859","0.833333"
"2148694859","2127386629","0.833333"
"135210439","165199779","0.971429"
"165199779","135210439","0.971429"
"135210439","1934051226","0.191667"
"1934051226","135210439","0.191667"
"135210439","2137179333","0.325595"
"2137179333","135210439","0.325595"
"135210439","2188879091","0.25"
"2188879091","135210439","0.25"
"135210439","2902810976","0.191667"
"2902810976","135210439","0.191667"
"135210439","2950782719","0.983333"
"2950782719","135210439","0.983333"
"165199779","1934051226","0.334524"
"1934051226","165199779","0.334524"
"165199779","1966303660","7.03214"
"1966303660","165199779","7.03214"
"165199779","2001179357","1.67143"
"2001179357","165199779","1.67143"
"165199779","2137179333","0.489286"
"2137179333","165199779","0.489286"
"165199779","2188879091","0.208333"
"2188879091","165199779","0.208333"
"165199779","2902810976","0.334524"
"2902810976","165199779","0.334524"
"165199779","2950782719","1.04286"
"2950782719","165199779","1.04286"
"1934051226","1966303660","0.56829"
"1966303660","1934051226","0.56829"
"1934051226","2001179357","0.191667"
"2001179357","1934051226","0.191667"
"1934051226","2137179333","0.334524"
"2137179333","1934051226","0.334524"
"1934051226","2188879091","0.215909"
"2188879091","1934051226","0.215909"
"1934051226","2902810976","23.1933"
"2902810976","1934051226","23.1933"
"1934051226","2950782719","0.334524"
"2950782719","1934051226","0.334524"
"1966303660","2137179333","0.489286"
"2137179333","1966303660","0.489286"
"1966303660","2188879091","2.98258"
"2188879091","1966303660","2.98258"
"1966303660","2902810976","0.56829"
"2902810976","1966303660","0.56829"
"1966303660","2950782719","6.61905"
"2950782719","1966303660","6.61905"
"2001179357","2137179333","0.325595"
"2137179333","2001179357","0.325595"
"2001179357","2188879091","0.25"
"2188879091","2001179357","0.25"
"2001179357","2902810976","0.191667"
"2902810976","2001179357","0.191667"
"2001179357","2950782719","0.983333"
"2950782719","2001179357","0.983333"
"2137179333","2188879091","0.208333"
"2188879091","2137179333","0.208333"
"2137179333","2902810976","0.334524"
"2902810976","2137179333","0.334524"
"2137179333","2950782719","0.417857"
"2950782719","2137179333","0.417857"
"2188879091","2902810976","0.215909"
"2902810976","2188879091","0.215909"
"2188879091","2950782719","1.30833"
"2950782719","2188879091","1.30833"
"2902810976","2950782719","0.334524"
"2950782719","2902810976","0.334524"
"135210439","1517592599","1.79583"
"1517592599","135210439","1.79583"
"135210439","1576774944","4.46726"
"1576774944","135210439","4.46726"
"1517592599","1576774944","1.72917"
"1576774944","1517592599","1.72917"
"1517592599","2001179357","1.79583"
"2001179357","1517592599","1.79583"
"1576774944","2001179357","10.6673"
"2001179357","1576774944","10.6673"
"135210439","2299489869","1.4006"
"2299489869","135210439","1.4006"
"135210439","2015068727","0.316667"
"2015068727","135210439","0.316667"
"135210439","2110474297","0.316667"
"2110474297","135210439","0.316667"
"1966303660","2015068727","2.23333"
"2015068727","1966303660","2.23333"
"1966303660","2110474297","1.43333"
"2110474297","1966303660","1.43333"
"2001179357","2015068727","0.316667"
"2015068727","2001179357","0.316667"
"2001179357","2110474297","0.316667"
"2110474297","2001179357","0.316667"
"2015068727","2075856459","0.125"
"2075856459","2015068727","0.125"
"2015068727","2110474297","1.81667"
"2110474297","2015068727","1.81667"
"2015068727","2127386629","0.816667"
"2127386629","2015068727","0.816667"
"2015068727","2148694859","0.125"
"2148694859","2015068727","0.125"
"2015068727","2188879091","1.26786"
"2188879091","2015068727","1.26786"
"2075856459","2110474297","0.125"
"2110474297","2075856459","0.125"
"2075856459","2188879091","0.125"
"2188879091","2075856459","0.125"
"2110474297","2127386629","1.43333"
"2127386629","2110474297","1.43333"
"2110474297","2148694859","0.125"
"2148694859","2110474297","0.125"
"2110474297","2188879091","0.125"
"2188879091","2110474297","0.125"
"2127386629","2188879091","1.68333"
"2188879091","2127386629","1.68333"
"2148694859","2188879091","0.125"
"2188879091","2148694859","0.125"
"135210439","1528201439","0.441667"
"1528201439","135210439","0.441667"
"1528201439","165199779","1.15952"
"165199779","1528201439","1.15952"
"1528201439","1966303660","4.05238"
"1966303660","1528201439","4.05238"
"1528201439","2001179357","0.641667"
"2001179357","1528201439","0.641667"
"1528201439","2015068727","0.608333"
"2015068727","1528201439","0.608333"
"1528201439","2110474297","0.441667"
"2110474297","1528201439","0.441667"
"1528201439","2127386629","1.07619"
"2127386629","1528201439","1.07619"
"1528201439","2950782719","0.191667"
"2950782719","1528201439","0.191667"
"165199779","2015068727","0.941667"
"2015068727","165199779","0.941667"
"165199779","2110474297","2.05833"
"2110474297","165199779","2.05833"
"165199779","2127386629","1.59762"
"2127386629","165199779","1.59762"
"2015068727","2950782719","0.191667"
"2950782719","2015068727","0.191667"
"2110474297","2950782719","0.691667"
"2950782719","2110474297","0.691667"
"2127386629","2950782719","0.934524"
"2950782719","2127386629","0.934524"
"135210439","1776573210","0.0714286"
"1776573210","135210439","0.0714286"
"135210439","2064925204","0.133929"
"2064925204","135210439","0.133929"
"135210439","2153902607","0.271429"
"2153902607","135210439","0.271429"
"135210439","2215329860","0.200595"
"2215329860","135210439","0.200595"
"1564541561","1576774944","0.133929"
"1576774944","1564541561","0.133929"
"1564541561","165199779","0.154762"
"165199779","1564541561","0.154762"
"1564541561","1776573210","1.55595"
"1776573210","1564541561","1.55595"
"1564541561","2064925204","0.217262"
"2064925204","1564541561","0.217262"
"1564541561","2137179333","0.460119"
"2137179333","1564541561","0.460119"
"1564541561","2153902607","0.454762"
"2153902607","1564541561","0.454762"
"1564541561","2215329860","1.1125"
"2215329860","1564541561","1.1125"
"1564541561","2299489869","3.9625"
"2299489869","1564541561","3.9625"
"1576774944","165199779","0.604762"
"165199779","1576774944","0.604762"
"1576774944","1776573210","0.571429"
"1776573210","1576774944","0.571429"
"1576774944","1966303660","0.271429"
"1966303660","1576774944","0.271429"
"1576774944","2043657122","0.133929"
"2043657122","1576774944","0.133929"
"1576774944","2064390618","0.133929"
"2064390618","1576774944","0.133929"
"1576774944","2064925204","0.133929"
"2064925204","1576774944","0.133929"
"1576774944","2127386629","0.271429"
"2127386629","1576774944","0.271429"
"1576774944","2137179333","0.133929"
"2137179333","1576774944","0.133929"
"1576774944","2153902607","0.238095"
"2153902607","1576774944","0.238095"
"1576774944","2215329860","0.133929"
"2215329860","1576774944","0.133929"
"1576774944","2299489869","1.13393"
"2299489869","1576774944","1.13393"
"165199779","1776573210","0.154762"
"1776573210","165199779","0.154762"
"165199779","2043657122","1.07143"
"2043657122","165199779","1.07143"
"165199779","2064390618","1.07143"
"2064390618","165199779","1.07143"
"165199779","2064925204","0.154762"
"2064925204","165199779","0.154762"
"165199779","2153902607","0.321429"
"2153902607","165199779","0.321429"
"165199779","2215329860","0.221429"
"2215329860","165199779","0.221429"
"165199779","2299489869","0.905952"
"2299489869","165199779","0.905952"
"1776573210","1966303660","0.321429"
"1966303660","1776573210","0.321429"
"1776573210","2001179357","0.0714286"
"2001179357","1776573210","0.0714286"
"1776573210","2043657122","0.839286"
"2043657122","1776573210","0.839286"
"1776573210","2064390618","0.339286"
"2064390618","1776573210","0.339286"
"1776573210","2064925204","0.154762"
"2064925204","1776573210","0.154762"
"1776573210","2127386629","0.0714286"
"2127386629","1776573210","0.0714286"
"1776573210","2137179333","1.54048"
"2137179333","1776573210","1.54048"
"1776573210","2153902607","6.2881"
"2153902607","1776573210","6.2881"
"1776573210","2215329860","1.46429"
"2215329860","1776573210","1.46429"
"1776573210","2299489869","2.83929"
"2299489869","1776573210","2.83929"
"1966303660","2064925204","0.154762"
"2064925204","1966303660","0.154762"
"1966303660","2153902607","1.6881"
"2153902607","1966303660","1.6881"
"1966303660","2215329860","0.840476"
"2215329860","1966303660","0.840476"
"1966303660","2299489869","3.25952"
"2299489869","1966303660","3.25952"
"2001179357","2064925204","0.133929"
"2064925204","2001179357","0.133929"
"2001179357","2153902607","0.271429"
"2153902607","2001179357","0.271429"
"2001179357","2215329860","0.200595"
"2215329860","2001179357","0.200595"
"2001179357","2299489869","0.400595"
"2299489869","2001179357","0.400595"
"2043657122","2064925204","0.300595"
"2064925204","2043657122","0.300595"
"2043657122","2137179333","0.443452"
"2137179333","2043657122","0.443452"
"2043657122","2153902607","0.238095"
"2153902607","2043657122","0.238095"
"2043657122","2215329860","0.443452"
"2215329860","2043657122","0.443452"
"2043657122","2299489869","2.29345"
"2299489869","2043657122","2.29345"
"2064390618","2064925204","0.300595"
"2064925204","2064390618","0.300595"
"2064390618","2137179333","0.443452"
"2137179333","2064390618","0.443452"
"2064390618","2153902607","0.238095"
"2153902607","2064390618","0.238095"
"2064390618","2215329860","0.443452"
"2215329860","2064390618","0.443452"
"2064390618","2299489869","2.29345"
"2299489869","2064390618","2.29345"
"2064925204","2127386629","0.0714286"
"2127386629","2064925204","0.0714286"
"2064925204","2137179333","2.13393"
"2137179333","2064925204","2.13393"
"2064925204","2153902607","0.154762"
"2153902607","2064925204","0.154762"
"2064925204","2215329860","0.217262"
"2215329860","2064925204","0.217262"
"2064925204","2299489869","0.217262"
"2299489869","2064925204","0.217262"
"2127386629","2137179333","0.138095"
"2137179333","2127386629","0.138095"
"2127386629","2153902607","0.604762"
"2153902607","2127386629","0.604762"
"2127386629","2215329860","0.590476"
"2215329860","2127386629","0.590476"
"2127386629","2299489869","1.95"
"2299489869","2127386629","1.95"
"2137179333","2153902607","0.254762"
"2153902607","2137179333","0.254762"
"2137179333","2215329860","0.526786"
"2215329860","2137179333","0.526786"
"2137179333","2299489869","0.669643"
"2299489869","2137179333","0.669643"
"2153902607","2215329860","0.954762"
"2215329860","2153902607","0.954762"
"2153902607","2299489869","2.40476"
"2299489869","2153902607","2.40476"
"2215329860","2299489869","1.40298"
"2299489869","2215329860","1.40298"
"135210439","2015684518","0.0666667"
"2015684518","135210439","0.0666667"
"1517592599","1528201439","0.0666667"
"1528201439","1517592599","0.0666667"
"1517592599","165199779","0.0666667"
"165199779","1517592599","0.0666667"
"1517592599","1934051226","0.0666667"
"1934051226","1517592599","0.0666667"
"1517592599","1966303660","0.0666667"
"1966303660","1517592599","0.0666667"
"1517592599","2015068727","0.0666667"
"2015068727","1517592599","0.0666667"
"1517592599","2015684518","0.0666667"
"2015684518","1517592599","0.0666667"
"1517592599","2110474297","0.0666667"
"2110474297","1517592599","0.0666667"
"1517592599","2127386629","0.0666667"
"2127386629","1517592599","0.0666667"
"1517592599","2137179333","0.129167"
"2137179333","1517592599","0.129167"
"1517592599","2215329860","0.129167"
"2215329860","1517592599","0.129167"
"1517592599","2299489869","0.129167"
"2299489869","1517592599","0.129167"
"1517592599","2902810976","0.0666667"
"2902810976","1517592599","0.0666667"
"1517592599","2950782719","0.0666667"
"2950782719","1517592599","0.0666667"
"1528201439","1934051226","0.0666667"
"1934051226","1528201439","0.0666667"
"1528201439","2015684518","0.709524"
"2015684518","1528201439","0.709524"
"1528201439","2137179333","0.0666667"
"2137179333","1528201439","0.0666667"
"1528201439","2215329860","0.233333"
"2215329860","1528201439","0.233333"
"1528201439","2299489869","1.25119"
"2299489869","1528201439","1.25119"
"1528201439","2902810976","0.0666667"
"2902810976","1528201439","0.0666667"
"165199779","2015684518","0.435714"
"2015684518","165199779","0.435714"
"1934051226","2015068727","0.0666667"
"2015068727","1934051226","0.0666667"
"1934051226","2015684518","0.352381"
"2015684518","1934051226","0.352381"
"1934051226","2110474297","0.0666667"
"2110474297","1934051226","0.0666667"
"1934051226","2127386629","0.209524"
"2127386629","1934051226","0.209524"
"1934051226","2215329860","0.0666667"
"2215329860","1934051226","0.0666667"
"1934051226","2299489869","0.352381"
"2299489869","1934051226","0.352381"
"1966303660","2015684518","1.77976"
"2015684518","1966303660","1.77976"
"2001179357","2015684518","0.0666667"
"2015684518","2001179357","0.0666667"
"2015068727","2015684518","0.0666667"
"2015684518","2015068727","0.0666667"
"2015068727","2137179333","0.0666667"
"2137179333","2015068727","0.0666667"
"2015068727","2215329860","0.0666667"
"2215329860","2015068727","0.0666667"
"2015068727","2299489869","1.48333"
"2299489869","2015068727","1.48333"
"2015068727","2902810976","0.0666667"
"2902810976","2015068727","0.0666667"
"2015684518","2110474297","0.266667"
"2110474297","2015684518","0.266667"
"2015684518","2127386629","1.02976"
"2127386629","2015684518","1.02976"
"2015684518","2137179333","0.602381"
"2137179333","2015684518","0.602381"
"2015684518","2215329860","0.659524"
"2215329860","2015684518","0.659524"
"2015684518","2299489869","1.87857"
"2299489869","2015684518","1.87857"
"2015684518","2902810976","0.352381"
"2902810976","2015684518","0.352381"
"2015684518","2950782719","0.392857"
"2950782719","2015684518","0.392857"
"2110474297","2137179333","0.0666667"
"2137179333","2110474297","0.0666667"
"2110474297","2215329860","0.266667"
"2215329860","2110474297","0.266667"
"2110474297","2299489869","0.683333"
"2299489869","2110474297","0.683333"
"2110474297","2902810976","0.0666667"
"2902810976","2110474297","0.0666667"
"2127386629","2902810976","0.209524"
"2902810976","2127386629","0.209524"
"2215329860","2902810976","0.0666667"
"2902810976","2215329860","0.0666667"
"2215329860","2950782719","0.292857"
"2950782719","2215329860","0.292857"
"2299489869","2902810976","0.352381"
"2902810976","2299489869","0.352381"
"2299489869","2950782719","0.785714"
"2950782719","2299489869","0.785714"
"135210439","2075335470","0.5"
"2075335470","135210439","0.5"
"2001179357","2075335470","0.5"
"2075335470","2001179357","0.5"
"1576774944","2950782719","0.333333"
"2950782719","1576774944","0.333333"
"135210439","1503645026","0.0625"
"1503645026","135210439","0.0625"
"135210439","2123094505","0.0625"
"2123094505","135210439","0.0625"
"135210439","2169530972","0.0625"
"2169530972","135210439","0.0625"
"135210439","2171562393","0.0625"
"2171562393","135210439","0.0625"
"135210439","2179912761","0.0625"
"2179912761","135210439","0.0625"
"1503645026","1517592599","0.0625"
"1517592599","1503645026","0.0625"
"1503645026","1564541561","0.0625"
"1564541561","1503645026","0.0625"
"1503645026","1576774944","0.0625"
"1576774944","1503645026","0.0625"
"1503645026","2001179357","0.0625"
"2001179357","1503645026","0.0625"
"1503645026","2043657122","0.0625"
"2043657122","1503645026","0.0625"
"1503645026","2064390618","0.0625"
"2064390618","1503645026","0.0625"
"1503645026","2064925204","0.0625"
"2064925204","1503645026","0.0625"
"1503645026","2075856459","0.0625"
"2075856459","1503645026","0.0625"
"1503645026","2123094505","0.0625"
"2123094505","1503645026","0.0625"
"1503645026","2137179333","0.0625"
"2137179333","1503645026","0.0625"
"1503645026","2169530972","0.0625"
"2169530972","1503645026","0.0625"
"1503645026","2171562393","0.0625"
"2171562393","1503645026","0.0625"
"1503645026","2179912761","0.0625"
"2179912761","1503645026","0.0625"
"1503645026","2215329860","0.0625"
"2215329860","1503645026","0.0625"
"1503645026","2299489869","0.0625"
"2299489869","1503645026","0.0625"
"1517592599","1564541561","0.0625"
"1564541561","1517592599","0.0625"
"1517592599","2043657122","0.0625"
"2043657122","1517592599","0.0625"
"1517592599","2064390618","0.0625"
"2064390618","1517592599","0.0625"
"1517592599","2064925204","0.0625"
"2064925204","1517592599","0.0625"
"1517592599","2075856459","0.0625"
"2075856459","1517592599","0.0625"
"1517592599","2123094505","0.0625"
"2123094505","1517592599","0.0625"
"1517592599","2169530972","0.0625"
"2169530972","1517592599","0.0625"
"1517592599","2171562393","0.0625"
"2171562393","1517592599","0.0625"
"1517592599","2179912761","0.0625"
"2179912761","1517592599","0.0625"
"1564541561","2123094505","0.555357"
"2123094505","1564541561","0.555357"
"1564541561","2169530972","0.1875"
"2169530972","1564541561","0.1875"
"1564541561","2171562393","1.94821"
"2171562393","1564541561","1.94821"
"1564541561","2179912761","0.0625"
"2179912761","1564541561","0.0625"
"1576774944","2075856459","0.0625"
"2075856459","1576774944","0.0625"
"1576774944","2123094505","0.0625"
"2123094505","1576774944","0.0625"
"1576774944","2169530972","0.0625"
"2169530972","1576774944","0.0625"
"1576774944","2171562393","0.0625"
"2171562393","1576774944","0.0625"
"1576774944","2179912761","0.0625"
"2179912761","1576774944","0.0625"
"2001179357","2123094505","0.0625"
"2123094505","2001179357","0.0625"
"2001179357","2169530972","0.0625"
"2169530972","2001179357","0.0625"
"2001179357","2171562393","0.0625"
"2171562393","2001179357","0.0625"
"2001179357","2179912761","0.0625"
"2179912761","2001179357","0.0625"
"2043657122","2123094505","1.47202"
"2123094505","2043657122","1.47202"
"2043657122","2169530972","0.330357"
"2169530972","2043657122","0.330357"
"2043657122","2171562393","0.864881"
"2171562393","2043657122","0.864881"
"2043657122","2179912761","0.0625"
"2179912761","2043657122","0.0625"
"2064390618","2123094505","1.97202"
"2123094505","2064390618","1.97202"
"2064390618","2169530972","0.830357"
"2169530972","2064390618","0.830357"
"2064390618","2171562393","0.864881"
"2171562393","2064390618","0.864881"
"2064390618","2179912761","0.0625"
"2179912761","2064390618","0.0625"
"2064925204","2075856459","0.5625"
"2075856459","2064925204","0.5625"
"2064925204","2123094505","0.229167"
"2123094505","2064925204","0.229167"
"2064925204","2169530972","0.0625"
"2169530972","2064925204","0.0625"
"2064925204","2171562393","0.0625"
"2171562393","2064925204","0.0625"
"2064925204","2179912761","0.0625"
"2179912761","2064925204","0.0625"
"2075856459","2123094505","0.0625"
"2123094505","2075856459","0.0625"
"2075856459","2137179333","1.0625"
"2137179333","2075856459","1.0625"
"2075856459","2169530972","0.0625"
"2169530972","2075856459","0.0625"
"2075856459","2171562393","0.0625"
"2171562393","2075856459","0.0625"
"2075856459","2179912761","0.0625"
"2179912761","2075856459","0.0625"
"2075856459","2215329860","0.395833"
"2215329860","2075856459","0.395833"
"2075856459","2299489869","0.645833"
"2299489869","2075856459","0.645833"
"2123094505","2137179333","0.372024"
"2137179333","2123094505","0.372024"
"2123094505","2169530972","0.905357"
"2169530972","2123094505","0.905357"
"2123094505","2171562393","0.745833"
"2171562393","2123094505","0.745833"
"2123094505","2179912761","0.0625"
"2179912761","2123094505","0.0625"
"2123094505","2215329860","0.372024"
"2215329860","2123094505","0.372024"
"2123094505","2299489869","0.722024"
"2299489869","2123094505","0.722024"
"2137179333","2169530972","0.205357"
"2169530972","2137179333","0.205357"
"2137179333","2171562393","0.0625"
"2171562393","2137179333","0.0625"
"2137179333","2179912761","0.0625"
"2179912761","2137179333","0.0625"
"2169530972","2171562393","0.1875"
"2171562393","2169530972","0.1875"
"2169530972","2179912761","0.0625"
"2179912761","2169530972","0.0625"
"2169530972","2215329860","0.0625"
"2215329860","2169530972","0.0625"
"2169530972","2299489869","0.1875"
"2299489869","2169530972","0.1875"
"2171562393","2179912761","0.0625"
"2179912761","2171562393","0.0625"
"2171562393","2215329860","0.73869"
"2215329860","2171562393","0.73869"
"2171562393","2299489869","1.75536"
"2299489869","2171562393","1.75536"
"2179912761","2215329860","0.0625"
"2215329860","2179912761","0.0625"
"2179912761","2299489869","0.0625"
"2299489869","2179912761","0.0625"
"1501381766","1576774944","0.166667"
"1576774944","1501381766","0.166667"
"1501381766","2037560604","0.166667"
"2037560604","1501381766","0.166667"
"1501381766","2082767672","0.5"
"2082767672","1501381766","0.5"
"1501381766","2121645978","1.76667"
"2121645978","1501381766","1.76667"
"1501381766","2153902607","0.516667"
"2153902607","1501381766","0.516667"
"1501381766","2734365549","0.916667"
"2734365549","1501381766","0.916667"
"1576774944","2037560604","0.166667"
"2037560604","1576774944","0.166667"
"1576774944","2082767672","0.166667"
"2082767672","1576774944","0.166667"
"1576774944","2121645978","0.166667"
"2121645978","1576774944","0.166667"
"1576774944","2734365549","0.166667"
"2734365549","1576774944","0.166667"
"2037560604","2082767672","0.166667"
"2082767672","2037560604","0.166667"
"2037560604","2121645978","0.309524"
"2121645978","2037560604","0.309524"
"2037560604","2153902607","0.166667"
"2153902607","2037560604","0.166667"
"2037560604","2734365549","0.166667"
"2734365549","2037560604","0.166667"
"2082767672","2121645978","0.166667"
"2121645978","2082767672","0.166667"
"2082767672","2153902607","0.666667"
"2153902607","2082767672","0.666667"
"2082767672","2734365549","0.166667"
"2734365549","2082767672","0.166667"
"2121645978","2153902607","0.516667"
"2153902607","2121645978","0.516667"
"2121645978","2734365549","0.75"
"2734365549","2121645978","0.75"
"2153902607","2734365549","0.166667"
"2734365549","2153902607","0.166667"
"1501381766","2084761702","1.33333"
"2084761702","1501381766","1.33333"
"1501381766","2014679132","1.75"
"2014679132","1501381766","1.75"
"2014679132","2734365549","2.08333"
"2734365549","2014679132","2.08333"
"1501381766","2299489869","0.933333"
"2299489869","1501381766","0.933333"
"2014679132","2121645978","0.583333"
"2121645978","2014679132","0.583333"
"2014679132","2299489869","0.583333"
"2299489869","2014679132","0.583333"
"2121645978","2299489869","3.40952"
"2299489869","2121645978","3.40952"
"2299489869","2734365549","0.583333"
"2734365549","2299489869","0.583333"
"1501381766","2015068727","2.25"
"2015068727","1501381766","2.25"
"2015068727","2121645978","0.25"
"2121645978","2015068727","0.25"
"2015068727","2153902607","0.25"
"2153902607","2015068727","0.25"
"1501381766","2075335470","0.333333"
"2075335470","1501381766","0.333333"
"2075335470","2082767672","0.333333"
"2082767672","2075335470","0.333333"
"2075335470","2299489869","0.333333"
"2299489869","2075335470","0.333333"
"2082767672","2299489869","1"
"2299489869","2082767672","1"
"1501381766","1564541561","0.1"
"1564541561","1501381766","0.1"
"1501381766","1776573210","0.1"
"1776573210","1501381766","0.1"
"1501381766","2136542219","0.1"
"2136542219","1501381766","0.1"
"1501381766","2136857294","0.1"
"2136857294","1501381766","0.1"
"1501381766","2137179333","0.1"
"2137179333","1501381766","0.1"
"1501381766","2215329860","0.1"
"2215329860","1501381766","0.1"
"1501381766","2340997378","0.1"
"2340997378","1501381766","0.1"
"1564541561","2121645978","0.57619"
"2121645978","1564541561","0.57619"
"1564541561","2136542219","0.1"
"2136542219","1564541561","0.1"
"1564541561","2136857294","0.1"
"2136857294","1564541561","0.1"
"1564541561","2340997378","0.77619"
"2340997378","1564541561","0.77619"
"1776573210","2121645978","0.57619"
"2121645978","1776573210","0.57619"
"1776573210","2136542219","0.1"
"2136542219","1776573210","0.1"
"1776573210","2136857294","0.1"
"2136857294","1776573210","0.1"
"1776573210","2340997378","2.75238"
"2340997378","1776573210","2.75238"
"2121645978","2136542219","0.1"
"2136542219","2121645978","0.1"
"2121645978","2136857294","0.1"
"2136857294","2121645978","0.1"
"2121645978","2137179333","0.242857"
"2137179333","2121645978","0.242857"
"2121645978","2215329860","0.242857"
"2215329860","2121645978","0.242857"
"2121645978","2340997378","0.242857"
"2340997378","2121645978","0.242857"
"2136542219","2136857294","5.93333"
"2136857294","2136542219","5.93333"
"2136542219","2137179333","0.1"
"2137179333","2136542219","0.1"
"2136542219","2153902607","0.1"
"2153902607","2136542219","0.1"
"2136542219","2215329860","0.1"
"2215329860","2136542219","0.1"
"2136542219","2299489869","0.1"
"2299489869","2136542219","0.1"
"2136542219","2340997378","0.1"
"2340997378","2136542219","0.1"
"2136857294","2137179333","0.1"
"2137179333","2136857294","0.1"
"2136857294","2153902607","0.1"
"2153902607","2136857294","0.1"
"2136857294","2215329860","0.1"
"2215329860","2136857294","0.1"
"2136857294","2299489869","0.1"
"2299489869","2136857294","0.1"
"2136857294","2340997378","0.1"
"2340997378","2136857294","0.1"
"2137179333","2340997378","0.385714"
"2340997378","2137179333","0.385714"
"2153902607","2340997378","0.633333"
"2340997378","2153902607","0.633333"
"2215329860","2340997378","0.442857"
"2340997378","2215329860","0.442857"
"2299489869","2340997378","1.10952"
"2340997378","2299489869","1.10952"
"1501381766","1556528519","0.333333"
"1556528519","1501381766","0.333333"
"1501381766","2944730199","0.333333"
"2944730199","1501381766","0.333333"
"1556528519","2084761702","0.833333"
"2084761702","1556528519","0.833333"
"1556528519","2944730199","0.533333"
"2944730199","1556528519","0.533333"
"2084761702","2944730199","1.75"
"2944730199","2084761702","1.75"
"1503645026","1593538391","0.333333"
"1593538391","1503645026","0.333333"
"1503645026","2109089300","0.333333"
"2109089300","1503645026","0.333333"
"1503645026","2230830246","0.333333"
"2230830246","1503645026","0.333333"
"1593538391","2109089300","1.35119"
"2109089300","1593538391","1.35119"
"1593538391","2230830246","7.18452"
"2230830246","1593538391","7.18452"
"2109089300","2230830246","1.85119"
"2230830246","2109089300","1.85119"
"1528201439","2082767672","0.416667"
"2082767672","1528201439","0.416667"
"1528201439","2397216586","0.309524"
"2397216586","1528201439","0.309524"
"1528201439","2423498467","0.309524"
"2423498467","1528201439","0.309524"
"1966303660","2082767672","0.916667"
"2082767672","1966303660","0.916667"
"1966303660","2397216586","0.72619"
"2397216586","1966303660","0.72619"
"1966303660","2423498467","0.47619"
"2423498467","1966303660","0.47619"
"2015068727","2082767672","1.75"
"2082767672","2015068727","1.75"
"2015068727","2397216586","0.309524"
"2397216586","2015068727","0.309524"
"2015068727","2423498467","0.309524"
"2423498467","2015068727","0.309524"
"2082767672","2397216586","0.166667"
"2397216586","2082767672","0.166667"
"2082767672","2423498467","0.166667"
"2423498467","2082767672","0.166667"
"2299489869","2397216586","0.166667"
"2397216586","2299489869","0.166667"
"2299489869","2423498467","0.166667"
"2423498467","2299489869","0.166667"
"2397216586","2423498467","5.98571"
"2423498467","2397216586","5.98571"
"1528201439","2944730199","0.47619"
"2944730199","1528201439","0.47619"
"165199779","2397216586","0.142857"
"2397216586","165199779","0.142857"
"165199779","2423498467","0.142857"
"2423498467","165199779","0.142857"
"165199779","2944730199","0.142857"
"2944730199","165199779","0.142857"
"1966303660","2944730199","1.09286"
"2944730199","1966303660","1.09286"
"2015684518","2397216586","0.142857"
"2397216586","2015684518","0.142857"
"2015684518","2423498467","0.142857"
"2423498467","2015684518","0.142857"
"2015684518","2944730199","0.785714"
"2944730199","2015684518","0.785714"
"2127386629","2397216586","0.142857"
"2397216586","2127386629","0.142857"
"2127386629","2423498467","0.142857"
"2423498467","2127386629","0.142857"
"2127386629","2944730199","0.285714"
"2944730199","2127386629","0.285714"
"2397216586","2944730199","7.06905"
"2944730199","2397216586","7.06905"
"2423498467","2944730199","7.81905"
"2944730199","2423498467","7.81905"
"1528201439","2043657122","0.166667"
"2043657122","1528201439","0.166667"
"1528201439","2064390618","0.166667"
"2064390618","1528201439","0.166667"
"1528201439","2123094505","0.166667"
"2123094505","1528201439","0.166667"
"2123094505","2127386629","0.659524"
"2127386629","2123094505","0.659524"
"1528201439","2101554223","0.5"
"2101554223","1528201439","0.5"
"1966303660","2101554223","0.5"
"2101554223","1966303660","0.5"
"1528201439","1576774944","0.2"
"1576774944","1528201439","0.2"
"2299489869","2944730199","0.47619"
"2944730199","2299489869","0.47619"
"1528201439","1556528519","0.267857"
"1556528519","1528201439","0.267857"
"1528201439","1593538391","0.267857"
"1593538391","1528201439","0.267857"
"1528201439","2109089300","0.267857"
"2109089300","1528201439","0.267857"
"1528201439","2230830246","0.267857"
"2230830246","1528201439","0.267857"
"1556528519","1593538391","0.267857"
"1593538391","1556528519","0.267857"
"1556528519","165199779","0.375"
"165199779","1556528519","0.375"
"1556528519","1966303660","2.21786"
"1966303660","1556528519","2.21786"
"1556528519","2109089300","1.51786"
"2109089300","1556528519","1.51786"
"1556528519","2127386629","1.125"
"2127386629","1556528519","1.125"
"1556528519","2230830246","0.267857"
"2230830246","1556528519","0.267857"
"1556528519","2299489869","1.51786"
"2299489869","1556528519","1.51786"
"1593538391","165199779","1.125"
"165199779","1593538391","1.125"
"1593538391","1966303660","0.767857"
"1966303660","1593538391","0.767857"
"1593538391","2127386629","0.125"
"2127386629","1593538391","0.125"
"1593538391","2299489869","0.267857"
"2299489869","1593538391","0.267857"
"165199779","2109089300","1.375"
"2109089300","165199779","1.375"
"165199779","2230830246","0.625"
"2230830246","165199779","0.625"
"1966303660","2109089300","1.51786"
"2109089300","1966303660","1.51786"
"1966303660","2230830246","0.267857"
"2230830246","1966303660","0.267857"
"2109089300","2127386629","0.125"
"2127386629","2109089300","0.125"
"2109089300","2299489869","0.517857"
"2299489869","2109089300","0.517857"
"2127386629","2230830246","0.125"
"2230830246","2127386629","0.125"
"2230830246","2299489869","0.267857"
"2299489869","2230830246","0.267857"
"165199779","2082767672","1.25"
"2082767672","165199779","1.25"
"1528201439","1589399220","0.142857"
"1589399220","1528201439","0.142857"
"1556528519","1589399220","1.34286"
"1589399220","1556528519","1.34286"
"1589399220","1593538391","0.642857"
"1593538391","1589399220","0.642857"
"1589399220","1966303660","1.17619"
"1966303660","1589399220","1.17619"
"1589399220","2109089300","0.142857"
"2109089300","1589399220","0.142857"
"1589399220","2230830246","0.142857"
"2230830246","1589399220","0.142857"
"1589399220","2299489869","0.47619"
"2299489869","1589399220","0.47619"
"1529012686","1972156661","1.13258"
"1972156661","1529012686","1.13258"
"1529012686","2022361079","1.52543"
"2022361079","1529012686","1.52543"
"1529012686","2122812212","5.74134"
"2122812212","1529012686","5.74134"
"1529012686","2135337251","1.00758"
"2135337251","1529012686","1.00758"
"1972156661","2022361079","0.951923"
"2022361079","1972156661","0.951923"
"1972156661","2122812212","0.584499"
"2122812212","1972156661","0.584499"
"1972156661","2135337251","12.2512"
"2135337251","1972156661","12.2512"
"2022361079","2122812212","1.47736"
"2122812212","2022361079","1.47736"
"2022361079","2135337251","0.49359"
"2135337251","2022361079","0.49359"
"2122812212","2135337251","0.584499"
"2135337251","2122812212","0.584499"
"1529012686","2538129730","0.9421"
"2538129730","1529012686","0.9421"
"1529012686","2902810976","0.775433"
"2902810976","1529012686","0.775433"
"2022361079","2538129730","4.01902"
"2538129730","2022361079","4.01902"
"2022361079","2902810976","1.01902"
"2902810976","2022361079","1.01902"
"2122812212","2538129730","0.560689"
"2538129730","2122812212","0.560689"
"2122812212","2902810976","0.727356"
"2902810976","2122812212","0.727356"
"2538129730","2902810976","0.685689"
"2902810976","2538129730","0.685689"
"1529012686","1934051226","0.215909"
"1934051226","1529012686","0.215909"
"1529012686","1966303660","0.0909091"
"1966303660","1529012686","0.0909091"
"1529012686","2037560604","0.473485"
"2037560604","1529012686","0.473485"
"1529012686","2082941608","0.908009"
"2082941608","1529012686","0.908009"
"1529012686","2123094505","0.257576"
"2123094505","1529012686","0.257576"
"1529012686","2188879091","0.0909091"
"2188879091","1529012686","0.0909091"
"1529012686","2291322361","0.215909"
"2291322361","1529012686","0.215909"
"1934051226","2022361079","0.799242"
"2022361079","1934051226","0.799242"
"1934051226","2037560604","1.21591"
"2037560604","1934051226","1.21591"
"1934051226","2082941608","0.424242"
"2082941608","1934051226","0.424242"
"1934051226","2122812212","0.0909091"
"2122812212","1934051226","0.0909091"
"1934051226","2123094505","0.0909091"
"2123094505","1934051226","0.0909091"
"1934051226","2291322361","1.54924"
"2291322361","1934051226","1.54924"
"1934051226","2538129730","0.215909"
"2538129730","1934051226","0.215909"
"1966303660","2022361079","0.0909091"
"2022361079","1966303660","0.0909091"
"1966303660","2037560604","0.0909091"
"2037560604","1966303660","0.0909091"
"1966303660","2082941608","0.0909091"
"2082941608","1966303660","0.0909091"
"1966303660","2122812212","0.0909091"
"2122812212","1966303660","0.0909091"
"1966303660","2123094505","2.78377"
"2123094505","1966303660","2.78377"
"1966303660","2291322361","0.400433"
"2291322361","1966303660","0.400433"
"1966303660","2538129730","0.0909091"
"2538129730","1966303660","0.0909091"
"2022361079","2037560604","0.792832"
"2037560604","2022361079","0.792832"
"2022361079","2082941608","0.233766"
"2082941608","2022361079","0.233766"
"2022361079","2123094505","0.167832"
"2123094505","2022361079","0.167832"
"2022361079","2188879091","0.0909091"
"2188879091","2022361079","0.0909091"
"2022361079","2291322361","0.215909"
"2291322361","2022361079","0.215909"
"2037560604","2082941608","0.181818"
"2082941608","2037560604","0.181818"
"2037560604","2122812212","0.425408"
"2122812212","2037560604","0.425408"
"2037560604","2123094505","0.167832"
"2123094505","2037560604","0.167832"
"2037560604","2188879091","0.0909091"
"2188879091","2037560604","0.0909091"
"2037560604","2291322361","0.215909"
"2291322361","2037560604","0.215909"
"2037560604","2538129730","0.626166"
"2538129730","2037560604","0.626166"
"2037560604","2902810976","0.292832"
"2902810976","2037560604","0.292832"
"2082941608","2122812212","1.68579"
"2122812212","2082941608","1.68579"
"2082941608","2123094505","0.590909"
"2123094505","2082941608","0.590909"
"2082941608","2188879091","0.233766"
"2188879091","2082941608","0.233766"
"2082941608","2291322361","0.0909091"
"2291322361","2082941608","0.0909091"
"2082941608","2538129730","1.23377"
"2538129730","2082941608","1.23377"
"2082941608","2902810976","1.5671"
"2902810976","2082941608","1.5671"
"2122812212","2123094505","0.334499"
"2123094505","2122812212","0.334499"
"2122812212","2188879091","0.0909091"
"2188879091","2122812212","0.0909091"
"2122812212","2291322361","0.0909091"
"2291322361","2122812212","0.0909091"
"2123094505","2188879091","0.440909"
"2188879091","2123094505","0.440909"
"2123094505","2291322361","0.233766"
"2291322361","2123094505","0.233766"
"2123094505","2538129730","0.167832"
"2538129730","2123094505","0.167832"
"2123094505","2902810976","0.334499"
"2902810976","2123094505","0.334499"
"2188879091","2291322361","0.0909091"
"2291322361","2188879091","0.0909091"
"2188879091","2538129730","0.0909091"
"2538129730","2188879091","0.0909091"
"2291322361","2538129730","0.215909"
"2538129730","2291322361","0.215909"
"2291322361","2902810976","0.549242"
"2902810976","2291322361","0.549242"
"1529012686","2121645978","0.333333"
"2121645978","1529012686","0.333333"
"2082941608","2121645978","0.333333"
"2121645978","2082941608","0.333333"
"2121645978","2122812212","0.333333"
"2122812212","2121645978","0.333333"
"1529012686","1561490215","1"
"1561490215","1529012686","1"
"1529012686","2164400772","1.09091"
"2164400772","1529012686","1.09091"
"1561490215","2164400772","7.18803"
"2164400772","1561490215","7.18803"
"1561490215","2538129730","0.410256"
"2538129730","1561490215","0.410256"
"2164400772","2538129730","0.410256"
"2538129730","2164400772","0.410256"
"1529012686","970358026","0.916667"
"970358026","1529012686","0.916667"
"1561490215","2122812212","0.354701"
"2122812212","1561490215","0.354701"
"1561490215","2123094505","0.24359"
"2123094505","1561490215","0.24359"
"1561490215","2902810976","0.24359"
"2902810976","1561490215","0.24359"
"1561490215","970358026","0.527778"
"970358026","1561490215","0.527778"
"2122812212","2164400772","0.44561"
"2164400772","2122812212","0.44561"
"2122812212","970358026","1.27778"
"970358026","2122812212","1.27778"
"2123094505","2164400772","0.24359"
"2164400772","2123094505","0.24359"
"2123094505","970358026","0.166667"
"970358026","2123094505","0.166667"
"2164400772","2902810976","0.24359"
"2902810976","2164400772","0.24359"
"2164400772","970358026","0.527778"
"970358026","2164400772","0.527778"
"2902810976","970358026","0.166667"
"970358026","2902810976","0.166667"
"1529012686","1755385511","0.125"
"1755385511","1529012686","0.125"
"1755385511","1934051226","0.125"
"1934051226","1755385511","0.125"
"1755385511","1972156661","0.125"
"1972156661","1755385511","0.125"
"1755385511","2022361079","0.125"
"2022361079","1755385511","0.125"
"1755385511","2037560604","0.625"
"2037560604","1755385511","0.625"
"1755385511","2291322361","0.125"
"2291322361","1755385511","0.125"
"1755385511","2538129730","0.125"
"2538129730","1755385511","0.125"
"1755385511","2902810976","0.125"
"2902810976","1755385511","0.125"
"1934051226","1972156661","0.125"
