"10866776","1787194749","3.04167"
"1787194749","10866776","3.04167"
"10866776","2124323911","0.625"
"2124323911","10866776","0.625"
"1787194749","2124323911","0.791667"
"2124323911","1787194749","0.791667"
"10866776","158072911","0.142857"
"158072911","10866776","0.142857"
"10866776","1589938542","0.85119"
"1589938542","10866776","0.85119"
"10866776","1965657730","0.142857"
"1965657730","10866776","0.142857"
"10866776","2037421025","0.72619"
"2037421025","10866776","0.72619"
"10866776","2045043017","0.142857"
"2045043017","10866776","0.142857"
"10866776","2049040486","0.309524"
"2049040486","10866776","0.309524"
"10866776","2086980839","1.72619"
"2086980839","10866776","1.72619"
"158072911","1589938542","0.142857"
"1589938542","158072911","0.142857"
"158072911","1965657730","0.142857"
"1965657730","158072911","0.142857"
"158072911","2037421025","1.39286"
"2037421025","158072911","1.39286"
"158072911","2045043017","0.72619"
"2045043017","158072911","0.72619"
"158072911","2049040486","1.47619"
"2049040486","158072911","1.47619"
"158072911","2086980839","3.64286"
"2086980839","158072911","3.64286"
"1589938542","1965657730","0.142857"
"1965657730","1589938542","0.142857"
"1589938542","2037421025","0.142857"
"2037421025","1589938542","0.142857"
"1589938542","2045043017","0.142857"
"2045043017","1589938542","0.142857"
"1589938542","2049040486","0.142857"
"2049040486","1589938542","0.142857"
"1589938542","2086980839","0.142857"
"2086980839","1589938542","0.142857"
"1965657730","2037421025","0.142857"
"2037421025","1965657730","0.142857"
"1965657730","2045043017","0.142857"
"2045043017","1965657730","0.142857"
"1965657730","2049040486","0.142857"
"2049040486","1965657730","0.142857"
"1965657730","2086980839","0.142857"
"2086980839","1965657730","0.142857"
"2037421025","2045043017","2.05952"
"2045043017","2037421025","2.05952"
"2037421025","2049040486","1.30952"
"2049040486","2037421025","1.30952"
"2037421025","2086980839","5.80952"
"2086980839","2037421025","5.80952"
"2045043017","2049040486","0.97619"
"2049040486","2045043017","0.97619"
"2045043017","2086980839","1.55952"
"2086980839","2045043017","1.55952"
"2049040486","2086980839","7.30952"
"2086980839","2049040486","7.30952"
"10866776","1985314859","1.5"
"1985314859","10866776","1.5"
"10866776","2076291573","0.708333"
"2076291573","10866776","0.708333"
"1589938542","1787194749","1.04167"
"1787194749","1589938542","1.04167"
"1589938542","1985314859","2.08333"
"1985314859","1589938542","2.08333"
"1589938542","2076291573","4.20833"
"2076291573","1589938542","4.20833"
"1787194749","1985314859","1.66667"
"1985314859","1787194749","1.66667"
"1787194749","2076291573","0.875"
"2076291573","1787194749","0.875"
"1985314859","2076291573","1.91667"
"2076291573","1985314859","1.91667"
"10866776","2168383380","1.75"
"2168383380","10866776","1.75"
"2086980839","2168383380","5.66667"
"2168383380","2086980839","5.66667"
"10866776","2147931420","4.58333"
"2147931420","10866776","4.58333"
"2037421025","2147931420","0.583333"
"2147931420","2037421025","0.583333"
"2086980839","2147931420","2.5"
"2147931420","2086980839","2.5"
"1787194749","2049040486","0.166667"
"2049040486","1787194749","0.166667"
"1787194749","2086980839","0.416667"
"2086980839","1787194749","0.416667"
"1787194749","2147931420","0.416667"
"2147931420","1787194749","0.416667"
"1787194749","2168383380","0.916667"
"2168383380","1787194749","0.916667"
"1985314859","2049040486","0.166667"
"2049040486","1985314859","0.166667"
"1985314859","2086980839","0.166667"
"2086980839","1985314859","0.166667"
"1985314859","2147931420","0.166667"
"2147931420","1985314859","0.166667"
"1985314859","2168383380","0.416667"
"2168383380","1985314859","0.416667"
"2049040486","2147931420","0.5"
"2147931420","2049040486","0.5"
"2049040486","2168383380","0.5"
"2168383380","2049040486","0.5"
"2147931420","2168383380","3.08333"
"2168383380","2147931420","3.08333"
"10866776","13175006","0.125"
"13175006","10866776","0.125"
"10866776","2000899701","0.125"
"2000899701","10866776","0.125"
"10866776","2036469985","0.125"
"2036469985","10866776","0.125"
"10866776","2079799821","0.125"
"2079799821","10866776","0.125"
"13175006","1589938542","0.125"
"1589938542","13175006","0.125"
"13175006","1787194749","0.125"
"1787194749","13175006","0.125"
"13175006","2000899701","3.79167"
"2000899701","13175006","3.79167"
"13175006","2036469985","0.125"
"2036469985","13175006","0.125"
"13175006","2076291573","0.125"
"2076291573","13175006","0.125"
"13175006","2079799821","0.125"
"2079799821","13175006","0.125"
"13175006","2124323911","1.29167"
"2124323911","13175006","1.29167"
"1589938542","2000899701","0.125"
"2000899701","1589938542","0.125"
"1589938542","2036469985","0.125"
"2036469985","1589938542","0.125"
"1589938542","2079799821","0.291667"
"2079799821","1589938542","0.291667"
"1589938542","2124323911","0.958333"
"2124323911","1589938542","0.958333"
"1787194749","2000899701","0.125"
"2000899701","1787194749","0.125"
"1787194749","2036469985","0.458333"
"2036469985","1787194749","0.458333"
"1787194749","2079799821","0.291667"
"2079799821","1787194749","0.291667"
"2000899701","2036469985","0.125"
"2036469985","2000899701","0.125"
"2000899701","2076291573","0.125"
"2076291573","2000899701","0.125"
"2000899701","2079799821","0.125"
"2079799821","2000899701","0.125"
"2000899701","2124323911","0.291667"
"2124323911","2000899701","0.291667"
"2036469985","2076291573","2.45833"
"2076291573","2036469985","2.45833"
"2036469985","2079799821","0.125"
"2079799821","2036469985","0.125"
"2036469985","2124323911","0.125"
"2124323911","2036469985","0.125"
"2076291573","2079799821","0.291667"
"2079799821","2076291573","0.291667"
"2076291573","2124323911","0.625"
"2124323911","2076291573","0.625"
"2079799821","2124323911","0.291667"
"2124323911","2079799821","0.291667"
"10866776","1595928448","0.75"
"1595928448","10866776","0.75"
"1595928448","1787194749","0.25"
"1787194749","1595928448","0.25"
"1595928448","1985314859","0.25"
"1985314859","1595928448","0.25"
"1595928448","2168383380","4.83333"
"2168383380","1595928448","4.83333"
"1787194749","2037421025","0.25"
"2037421025","1787194749","0.25"
"10866776","2117335488","1.5"
"2117335488","10866776","1.5"
"1595928448","2117335488","0.5"
"2117335488","1595928448","0.5"
"13175006","2147277975","1.66667"
"2147277975","13175006","1.66667"
"2000899701","2147277975","0.666667"
"2147277975","2000899701","0.666667"
"13175006","2002588766","1"
"2002588766","13175006","1"
"2002588766","2147277975","1.5"
"2147277975","2002588766","1.5"
"13175006","2127496641","1.16667"
"2127496641","13175006","1.16667"
"13175006","2284820605","1"
"2284820605","13175006","1"
"13175006","1965657730","0.166667"
"1965657730","13175006","0.166667"
"13175006","2158509565","0.166667"
"2158509565","13175006","0.166667"
"1965657730","2000899701","0.166667"
"2000899701","1965657730","0.166667"
"1965657730","2124323911","0.166667"
"2124323911","1965657730","0.166667"
"1965657730","2127496641","0.166667"
"2127496641","1965657730","0.166667"
"1965657730","2147277975","0.166667"
"2147277975","1965657730","0.166667"
"1965657730","2158509565","0.166667"
"2158509565","1965657730","0.166667"
"2000899701","2127496641","1.16667"
"2127496641","2000899701","1.16667"
"2000899701","2158509565","0.166667"
"2158509565","2000899701","0.166667"
"2124323911","2127496641","1.83333"
"2127496641","2124323911","1.83333"
"2124323911","2147277975","0.166667"
"2147277975","2124323911","0.166667"
"2124323911","2158509565","3.5"
"2158509565","2124323911","3.5"
"2127496641","2147277975","0.166667"
"2147277975","2127496641","0.166667"
"2127496641","2158509565","1"
"2158509565","2127496641","1"
"2147277975","2158509565","0.166667"
"2158509565","2147277975","0.166667"
"1483186839","2159155410","2"
"2159155410","1483186839","2"
"1483186839","2079799821","1"
"2079799821","1483186839","1"
"1503568870","158072911","0.333333"
"158072911","1503568870","0.333333"
"1503568870","1595928448","0.333333"
"1595928448","1503568870","0.333333"
"1503568870","2168383380","0.333333"
"2168383380","1503568870","0.333333"
"158072911","1595928448","0.583333"
"1595928448","158072911","0.583333"
"158072911","2168383380","1.16667"
"2168383380","158072911","1.16667"
"1503568870","1559187198","2.5"
"1559187198","1503568870","2.5"
"1503568870","2049040486","0.5"
"2049040486","1503568870","0.5"
"1559187198","2049040486","0.5"
"2049040486","1559187198","0.5"
"1580338475","2054114032","0.5"
"2054114032","1580338475","0.5"
"1580338475","2284820605","0.5"
"2284820605","1580338475","0.5"
"2054114032","2284820605","0.5"
"2284820605","2054114032","0.5"
"2037421025","2168383380","0.583333"
"2168383380","2037421025","0.583333"
"2045043017","2168383380","0.25"
"2168383380","2045043017","0.25"
"158072911","2147931420","0.25"
"2147931420","158072911","0.25"
"1595928448","2086980839","0.25"
"2086980839","1595928448","0.25"
"1595928448","2147931420","0.25"
"2147931420","1595928448","0.25"
"1589938542","2117335488","0.166667"
"2117335488","1589938542","0.166667"
"1787194749","2117335488","0.166667"
"2117335488","1787194749","0.166667"
"1985314859","2079799821","0.166667"
"2079799821","1985314859","0.166667"
"1985314859","2117335488","0.666667"
"2117335488","1985314859","0.666667"
"1985314859","2124323911","0.5"
"2124323911","1985314859","0.5"
"2076291573","2117335488","0.666667"
"2117335488","2076291573","0.666667"
"2079799821","2117335488","0.166667"
"2117335488","2079799821","0.166667"
"2117335488","2124323911","0.166667"
"2124323911","2117335488","0.166667"
"1589938542","2127496641","0.333333"
"2127496641","1589938542","0.333333"
"1589938542","2158509565","0.333333"
"2158509565","1589938542","0.333333"
"1589938542","2168383380","0.5"
"2168383380","1589938542","0.5"
"1985314859","2036469985","1.33333"
"2036469985","1985314859","1.33333"
"1965657730","2054114032","0.5"
"2054114032","1965657730","0.5"
"1965657730","2108985177","0.5"
"2108985177","1965657730","0.5"
"2054114032","2108985177","3.5"
"2108985177","2054114032","3.5"
"2000899701","2002588766","1"
"2002588766","2000899701","1"
"2002588766","2284820605","1.5"
"2284820605","2002588766","1.5"
"2147277975","2284820605","0.5"
"2284820605","2147277975","0.5"
"2014930052","2127496641","1.5"
"2127496641","2014930052","1.5"
"2014930052","2158509565","0.5"
"2158509565","2014930052","0.5"
"2076291573","2168383380","1"
"2168383380","2076291573","1"
"2079799821","2159155410","4"
"2159155410","2079799821","4"
"2086980839","2124323911","0.333333"
"2124323911","2086980839","0.333333"
"2086980839","2127496641","0.333333"
"2127496641","2086980839","0.333333"
"2124323911","2147931420","0.333333"
"2147931420","2124323911","0.333333"
"2127496641","2147931420","0.333333"
"2147931420","2127496641","0.333333"
