"1161092233","1976732638","1"
"1976732638","1161092233","1"
"1499327381","1577169013","0.333333"
"1577169013","1499327381","0.333333"
"1499327381","2073688105","0.333333"
"2073688105","1499327381","0.333333"
"1499327381","2963434618","0.333333"
"2963434618","1499327381","0.333333"
"1577169013","2073688105","0.4"
"2073688105","1577169013","0.4"
"1577169013","2963434618","0.4"
"2963434618","1577169013","0.4"
"2073688105","2963434618","12.4949"
"2963434618","2073688105","12.4949"
"1514659981","2123686039","18.9306"
"2123686039","1514659981","18.9306"
"1514659981","1577169013","1.31667"
"1577169013","1514659981","1.31667"
"1514659981","1791587242","1.56111"
"1791587242","1514659981","1.56111"
"1514659981","2137152505","7.45119"
"2137152505","1514659981","7.45119"
"1514659981","2140613126","7.45119"
"2140613126","1514659981","7.45119"
"1577169013","1791587242","27.7235"
"1791587242","1577169013","27.7235"
"1577169013","2137152505","0.316667"
"2137152505","1577169013","0.316667"
"1577169013","2140613126","0.316667"
"2140613126","1577169013","0.316667"
"1791587242","2137152505","0.333333"
"2137152505","1791587242","0.333333"
"1791587242","2140613126","0.444444"
"2140613126","1791587242","0.444444"
"2137152505","2140613126","10.8401"
"2140613126","2137152505","10.8401"
"1514659981","2144839430","2.57619"
"2144839430","1514659981","2.57619"
"2123686039","2137152505","0.836111"
"2137152505","2123686039","0.836111"
"2123686039","2140613126","0.836111"
"2140613126","2123686039","0.836111"
"2123686039","2144839430","1.48889"
"2144839430","2123686039","1.48889"
"2137152505","2144839430","0.965079"
"2144839430","2137152505","0.965079"
"2140613126","2144839430","0.965079"
"2144839430","2140613126","0.965079"
"1514659981","2039910065","0.75119"
"2039910065","1514659981","0.75119"
"1514659981","2054075931","0.191667"
"2054075931","1514659981","0.191667"
"1514659981","2138512691","2.36786"
"2138512691","1514659981","2.36786"
"1514659981","2187014882","0.319444"
"2187014882","1514659981","0.319444"
"1514659981","2406267662","0.430556"
"2406267662","1514659981","0.430556"
"2039910065","2054075931","1.11591"
"2054075931","2039910065","1.11591"
"2039910065","2123686039","1.49722"
"2123686039","2039910065","1.49722"
"2039910065","2137152505","0.640079"
"2137152505","2039910065","0.640079"
"2039910065","2138512691","2.06432"
"2138512691","2039910065","2.06432"
"2039910065","2140613126","0.640079"
"2140613126","2039910065","0.640079"
"2039910065","2187014882","1.65278"
"2187014882","2039910065","1.65278"
"2039910065","2406267662","3.02146"
"2406267662","2039910065","3.02146"
"2054075931","2123686039","0.191667"
"2123686039","2054075931","0.191667"
"2054075931","2137152505","0.191667"
"2137152505","2054075931","0.191667"
"2054075931","2138512691","2.525"
"2138512691","2054075931","2.525"
"2054075931","2140613126","0.191667"
"2140613126","2054075931","0.191667"
"2054075931","2187014882","0.458333"
"2187014882","2054075931","0.458333"
"2054075931","2406267662","0.215909"
"2406267662","2054075931","0.215909"
"2123686039","2138512691","1.78056"
"2138512691","2123686039","1.78056"
"2123686039","2187014882","0.208333"
"2187014882","2123686039","0.208333"
"2123686039","2406267662","0.319444"
"2406267662","2123686039","0.319444"
"2137152505","2138512691","0.640079"
"2138512691","2137152505","0.640079"
"2137152505","2187014882","0.319444"
"2187014882","2137152505","0.319444"
"2137152505","2406267662","0.430556"
"2406267662","2137152505","0.430556"
"2138512691","2140613126","0.640079"
"2140613126","2138512691","0.640079"
"2138512691","2187014882","0.541667"
"2187014882","2138512691","0.541667"
"2138512691","2406267662","0.319444"
"2406267662","2138512691","0.319444"
"2140613126","2187014882","0.319444"
"2187014882","2140613126","0.319444"
"2140613126","2406267662","0.319444"
"2406267662","2140613126","0.319444"
"2187014882","2406267662","1.31944"
"2406267662","2187014882","1.31944"
"1514659981","2550966576","1.08333"
"2550966576","1514659981","1.08333"
"2123686039","2550966576","1.08333"
"2550966576","2123686039","1.08333"
"1514659981","1551839888","0.333333"
"1551839888","1514659981","0.333333"
"1514659981","2005112390","5.96111"
"2005112390","1514659981","5.96111"
"1514659981","2068645020","0.333333"
"2068645020","1514659981","0.333333"
"1551839888","2005112390","0.333333"
"2005112390","1551839888","0.333333"
"1551839888","2068645020","1.2"
"2068645020","1551839888","1.2"
"2005112390","2068645020","0.333333"
"2068645020","2005112390","0.333333"
"1514659981","2065663378","0.0666667"
"2065663378","1514659981","0.0666667"
"1514659981","2073688105","0.653968"
"2073688105","1514659981","0.653968"
"1514659981","2155070484","0.0666667"
"2155070484","1514659981","0.0666667"
"1514659981","2160723116","0.177778"
"2160723116","1514659981","0.177778"
"1514659981","2293005924","0.0666667"
"2293005924","1514659981","0.0666667"
"1514659981","2963434618","0.653968"
"2963434618","1514659981","0.653968"
"1577169013","2005112390","0.0666667"
"2005112390","1577169013","0.0666667"
"1577169013","2039910065","0.566667"
"2039910065","1577169013","0.566667"
"1577169013","2054075931","5.525"
"2054075931","1577169013","5.525"
"1577169013","2065663378","0.316667"
"2065663378","1577169013","0.316667"
"1577169013","2123686039","0.0666667"
"2123686039","1577169013","0.0666667"
"1577169013","2138512691","0.0666667"
"2138512691","1577169013","0.0666667"
"1577169013","2144839430","0.566667"
"2144839430","1577169013","0.566667"
"1577169013","2155070484","1.06667"
"2155070484","1577169013","1.06667"
"1577169013","2160723116","0.233333"
"2160723116","1577169013","0.233333"
"1577169013","2293005924","0.0666667"
"2293005924","1577169013","0.0666667"
"2005112390","2039910065","0.483333"
"2039910065","2005112390","0.483333"
"2005112390","2054075931","0.0666667"
"2054075931","2005112390","0.0666667"
"2005112390","2065663378","0.0666667"
"2065663378","2005112390","0.0666667"
"2005112390","2073688105","0.511111"
"2073688105","2005112390","0.511111"
"2005112390","2123686039","1.23889"
"2123686039","2005112390","1.23889"
"2005112390","2137152505","2.18333"
"2137152505","2005112390","2.18333"
"2005112390","2138512691","3.65"
"2138512691","2005112390","3.65"
"2005112390","2140613126","1.18333"
"2140613126","2005112390","1.18333"
"2005112390","2144839430","1.85"
"2144839430","2005112390","1.85"
"2005112390","2155070484","0.0666667"
"2155070484","2005112390","0.0666667"
"2005112390","2160723116","0.177778"
"2160723116","2005112390","0.177778"
"2005112390","2293005924","0.0666667"
"2293005924","2005112390","0.0666667"
"2005112390","2963434618","0.511111"
"2963434618","2005112390","0.511111"
"2039910065","2065663378","0.0666667"
"2065663378","2039910065","0.0666667"
"2039910065","2073688105","0.633766"
"2073688105","2039910065","0.633766"
"2039910065","2144839430","0.515079"
"2144839430","2039910065","0.515079"
"2039910065","2155070484","0.157576"
"2155070484","2039910065","0.157576"
"2039910065","2160723116","0.0666667"
"2160723116","2039910065","0.0666667"
"2039910065","2293005924","0.157576"
"2293005924","2039910065","0.157576"
"2039910065","2963434618","0.633766"
"2963434618","2039910065","0.633766"
"2054075931","2065663378","0.0666667"
"2065663378","2054075931","0.0666667"
"2054075931","2073688105","0.0666667"
"2073688105","2054075931","0.0666667"
"2054075931","2144839430","0.0666667"
"2144839430","2054075931","0.0666667"
"2054075931","2155070484","0.657576"
"2155070484","2054075931","0.657576"
"2054075931","2160723116","0.9"
"2160723116","2054075931","0.9"
"2054075931","2293005924","0.0666667"
"2293005924","2054075931","0.0666667"
"2054075931","2963434618","0.0666667"
"2963434618","2054075931","0.0666667"
"2065663378","2073688105","0.4"
"2073688105","2065663378","0.4"
"2065663378","2123686039","0.0666667"
"2123686039","2065663378","0.0666667"
"2065663378","2137152505","0.0666667"
"2137152505","2065663378","0.0666667"
"2065663378","2138512691","0.0666667"
"2138512691","2065663378","0.0666667"
"2065663378","2140613126","0.0666667"
"2140613126","2065663378","0.0666667"
"2065663378","2144839430","0.0666667"
"2144839430","2065663378","0.0666667"
"2065663378","2155070484","0.0666667"
"2155070484","2065663378","0.0666667"
"2065663378","2160723116","0.0666667"
"2160723116","2065663378","0.0666667"
"2065663378","2293005924","0.0666667"
"2293005924","2065663378","0.0666667"
"2065663378","2963434618","0.4"
"2963434618","2065663378","0.4"
"2073688105","2123686039","0.288889"
"2123686039","2073688105","0.288889"
"2073688105","2137152505","0.542857"
"2137152505","2073688105","0.542857"
"2073688105","2138512691","0.633766"
"2138512691","2073688105","0.633766"
"2073688105","2140613126","0.542857"
"2140613126","2073688105","0.542857"
"2073688105","2144839430","0.542857"
"2144839430","2073688105","0.542857"
"2073688105","2155070484","0.0666667"
"2155070484","2073688105","0.0666667"
"2073688105","2160723116","0.177778"
"2160723116","2073688105","0.177778"
"2073688105","2293005924","0.657576"
"2293005924","2073688105","0.657576"
"2123686039","2155070484","0.0666667"
"2155070484","2123686039","0.0666667"
"2123686039","2160723116","0.0666667"
"2160723116","2123686039","0.0666667"
"2123686039","2293005924","0.0666667"
"2293005924","2123686039","0.0666667"
"2123686039","2963434618","0.288889"
"2963434618","2123686039","0.288889"
"2137152505","2155070484","0.0666667"
"2155070484","2137152505","0.0666667"
"2137152505","2160723116","0.177778"
"2160723116","2137152505","0.177778"
"2137152505","2293005924","0.0666667"
"2293005924","2137152505","0.0666667"
"2137152505","2963434618","0.542857"
"2963434618","2137152505","0.542857"
"2138512691","2144839430","0.959524"
"2144839430","2138512691","0.959524"
"2138512691","2155070484","0.0666667"
"2155070484","2138512691","0.0666667"
"2138512691","2160723116","0.177778"
"2160723116","2138512691","0.177778"
"2138512691","2293005924","0.157576"
"2293005924","2138512691","0.157576"
"2138512691","2963434618","0.633766"
"2963434618","2138512691","0.633766"
"2140613126","2155070484","0.0666667"
"2155070484","2140613126","0.0666667"
"2140613126","2160723116","0.177778"
"2160723116","2140613126","0.177778"
"2140613126","2293005924","0.0666667"
"2293005924","2140613126","0.0666667"
"2140613126","2963434618","0.542857"
"2963434618","2140613126","0.542857"
"2144839430","2155070484","0.0666667"
"2155070484","2144839430","0.0666667"
"2144839430","2160723116","0.302778"
"2160723116","2144839430","0.302778"
"2144839430","2293005924","0.0666667"
"2293005924","2144839430","0.0666667"
"2144839430","2963434618","0.542857"
"2963434618","2144839430","0.542857"
"2155070484","2160723116","0.0666667"
"2160723116","2155070484","0.0666667"
"2155070484","2293005924","0.0666667"
"2293005924","2155070484","0.0666667"
"2155070484","2963434618","0.566667"
"2963434618","2155070484","0.566667"
"2160723116","2293005924","0.0666667"
"2293005924","2160723116","0.0666667"
"2160723116","2963434618","0.177778"
"2963434618","2160723116","0.177778"
"2293005924","2963434618","0.657576"
"2963434618","2293005924","0.657576"
"1514659981","2144019624","1.59444"
"2144019624","1514659981","1.59444"
"1514659981","2991485771","0.2"
"2991485771","1514659981","0.2"
"1791587242","2123686039","1.31111"
"2123686039","1791587242","1.31111"
"1791587242","2138512691","0.644444"
"2138512691","1791587242","0.644444"
"1791587242","2144019624","0.783333"
"2144019624","1791587242","0.783333"
"1791587242","2991485771","0.2"
"2991485771","1791587242","0.2"
"2123686039","2144019624","1.48333"
"2144019624","2123686039","1.48333"
"2123686039","2991485771","0.2"
"2991485771","2123686039","0.2"
"2138512691","2144019624","0.561111"
"2144019624","2138512691","0.561111"
"2138512691","2991485771","0.2"
"2991485771","2138512691","0.2"
"2144019624","2991485771","0.2"
"2991485771","2144019624","0.2"
"1514659981","2017052417","0.333333"
"2017052417","1514659981","0.333333"
"1514659981","2111687586","0.333333"
"2111687586","1514659981","0.333333"
"2005112390","2017052417","0.333333"
"2017052417","2005112390","0.333333"
"2005112390","2111687586","0.333333"
"2111687586","2005112390","0.333333"
"2017052417","2111687586","3.53333"
"2111687586","2017052417","3.53333"
"1791587242","2005112390","0.194444"
"2005112390","1791587242","0.194444"
"1791587242","2039910065","0.194444"
"2039910065","1791587242","0.194444"
"1791587242","2073688105","0.111111"
"2073688105","1791587242","0.111111"
"1791587242","2144839430","0.652778"
"2144839430","1791587242","0.652778"
"1791587242","2963434618","0.111111"
"2963434618","1791587242","0.111111"
"1514659981","2126333155","0.2"
"2126333155","1514659981","0.2"
"1514659981","2153259545","0.2"
"2153259545","1514659981","0.2"
"1514659981","2154721480","0.2"
"2154721480","1514659981","0.2"
"2123686039","2126333155","0.2"
"2126333155","2123686039","0.2"
"2123686039","2153259545","0.2"
"2153259545","2123686039","0.2"
"2123686039","2154721480","0.2"
"2154721480","2123686039","0.2"
"2126333155","2144019624","0.2"
"2144019624","2126333155","0.2"
"2126333155","2153259545","1.47778"
"2153259545","2126333155","1.47778"
"2126333155","2154721480","1.64444"
"2154721480","2126333155","1.64444"
"2144019624","2153259545","0.533333"
"2153259545","2144019624","0.533333"
"2144019624","2154721480","0.533333"
"2154721480","2144019624","0.533333"
"2153259545","2154721480","18.1893"
"2154721480","2153259545","18.1893"
"1514659981","2548100623","0.611111"
"2548100623","1514659981","0.611111"
"2005112390","2548100623","0.611111"
"2548100623","2005112390","0.611111"
"2005112390","2144019624","0.111111"
"2144019624","2005112390","0.111111"
"2073688105","2144019624","0.111111"
"2144019624","2073688105","0.111111"
"2137152505","2144019624","0.111111"
"2144019624","2137152505","0.111111"
"2140613126","2144019624","0.111111"
"2144019624","2140613126","0.111111"
"2144019624","2144839430","0.111111"
"2144839430","2144019624","0.111111"
"2144019624","2160723116","0.111111"
"2160723116","2144019624","0.111111"
"2144019624","2963434618","0.611111"
"2963434618","2144019624","0.611111"
"1514659981","3009948008","0.0833333"
"3009948008","1514659981","0.0833333"
"1791587242","2187014882","0.0833333"
"2187014882","1791587242","0.0833333"
"1791587242","2406267662","0.0833333"
"2406267662","1791587242","0.0833333"
"1791587242","2550966576","0.0833333"
"2550966576","1791587242","0.0833333"
"1791587242","3009948008","0.0833333"
"3009948008","1791587242","0.0833333"
"2005112390","2187014882","0.194444"
"2187014882","2005112390","0.194444"
"2005112390","2406267662","0.305556"
"2406267662","2005112390","0.305556"
"2005112390","2550966576","0.0833333"
"2550966576","2005112390","0.0833333"
"2005112390","3009948008","0.0833333"
"3009948008","2005112390","0.0833333"
"2039910065","2550966576","0.0833333"
"2550966576","2039910065","0.0833333"
"2039910065","3009948008","0.0833333"
"3009948008","2039910065","0.0833333"
"2123686039","3009948008","0.0833333"
"3009948008","2123686039","0.0833333"
"2137152505","2550966576","0.0833333"
"2550966576","2137152505","0.0833333"
"2137152505","3009948008","0.0833333"
"3009948008","2137152505","0.0833333"
"2138512691","2550966576","0.0833333"
"2550966576","2138512691","0.0833333"
"2138512691","3009948008","0.0833333"
"3009948008","2138512691","0.0833333"
"2140613126","2550966576","0.0833333"
"2550966576","2140613126","0.0833333"
"2140613126","3009948008","0.0833333"
"3009948008","2140613126","0.0833333"
"2144839430","2187014882","0.0833333"
"2187014882","2144839430","0.0833333"
"2144839430","2406267662","0.194444"
"2406267662","2144839430","0.194444"
"2144839430","2550966576","0.0833333"
"2550966576","2144839430","0.0833333"
"2144839430","3009948008","0.583333"
"3009948008","2144839430","0.583333"
"2187014882","2550966576","0.0833333"
"2550966576","2187014882","0.0833333"
"2187014882","3009948008","0.0833333"
"3009948008","2187014882","0.0833333"
"2406267662","2550966576","0.0833333"
"2550966576","2406267662","0.0833333"
"2406267662","3009948008","0.0833333"
"3009948008","2406267662","0.0833333"
"2550966576","3009948008","0.0833333"
"3009948008","2550966576","0.0833333"
"2073688105","2406267662","0.222222"
"2406267662","2073688105","0.222222"
"2406267662","2963434618","0.222222"
"2963434618","2406267662","0.222222"
"2039910065","2548100623","0.611111"
"2548100623","2039910065","0.611111"
"2073688105","2187014882","0.111111"
"2187014882","2073688105","0.111111"
"2073688105","2548100623","0.111111"
"2548100623","2073688105","0.111111"
"2137152505","2548100623","0.111111"
"2548100623","2137152505","0.111111"
"2140613126","2548100623","0.111111"
"2548100623","2140613126","0.111111"
"2187014882","2548100623","0.111111"
"2548100623","2187014882","0.111111"
"2187014882","2963434618","0.111111"
"2963434618","2187014882","0.111111"
"2406267662","2548100623","0.611111"
"2548100623","2406267662","0.611111"
"2548100623","2963434618","0.111111"
"2963434618","2548100623","0.111111"
"1514659981","1551118287","0.5"
"1551118287","1514659981","0.5"
"1551118287","2005112390","0.5"
"2005112390","1551118287","0.5"
"1542658975","2071414195","3.67424"
"2071414195","1542658975","3.67424"
"1542658975","1791587242","1.04167"
"1791587242","1542658975","1.04167"
"1542658975","1989078417","0.333333"
"1989078417","1542658975","0.333333"
"1542658975","2008333370","0.166667"
"2008333370","1542658975","0.166667"
"1542658975","2054075931","3.38258"
"2054075931","1542658975","3.38258"
"1542658975","2141742398","0.166667"
"2141742398","1542658975","0.166667"
"1542658975","2160723116","3.08333"
"2160723116","1542658975","3.08333"
"1791587242","1989078417","0.333333"
"1989078417","1791587242","0.333333"
"1791587242","2008333370","0.765152"
"2008333370","1791587242","0.765152"
"1791587242","2054075931","1.45833"
"2054075931","1791587242","1.45833"
"1791587242","2141742398","0.765152"
"2141742398","1791587242","0.765152"
"1791587242","2160723116","0.708333"
"2160723116","1791587242","0.708333"
"1989078417","2008333370","0.166667"
"2008333370","1989078417","0.166667"
"1989078417","2054075931","1.33333"
"2054075931","1989078417","1.33333"
"1989078417","2141742398","0.266667"
"2141742398","1989078417","0.266667"
"1989078417","2160723116","0.333333"
"2160723116","1989078417","0.333333"
"2008333370","2054075931","0.166667"
"2054075931","2008333370","0.166667"
"2008333370","2141742398","30.4318"
"2141742398","2008333370","30.4318"
"2008333370","2160723116","0.666667"
"2160723116","2008333370","0.666667"
"2054075931","2141742398","0.166667"
"2141742398","2054075931","0.166667"
"2141742398","2160723116","0.666667"
"2160723116","2141742398","0.666667"
"1542658975","2899672681","3.42424"
"2899672681","1542658975","3.42424"
"1542658975","2006008271","2.46591"
"2006008271","1542658975","2.46591"
"1542658975","2039910065","0.0909091"
"2039910065","1542658975","0.0909091"
"1542658975","2132793058","1.34091"
"2132793058","1542658975","1.34091"
"1542658975","2133741724","0.590909"
"2133741724","1542658975","0.590909"
"1542658975","2141710443","0.590909"
"2141710443","1542658975","0.590909"
"1542658975","2155070484","1.09091"
"2155070484","1542658975","1.09091"
"1542658975","2159376715","7.38258"
"2159376715","1542658975","7.38258"
"1542658975","2406267662","0.0909091"
"2406267662","1542658975","0.0909091"
"2006008271","2039910065","0.0909091"
"2039910065","2006008271","0.0909091"
"2006008271","2054075931","0.215909"
"2054075931","2006008271","0.215909"
"2006008271","2071414195","0.0909091"
"2071414195","2006008271","0.0909091"
"2006008271","2132793058","0.0909091"
"2132793058","2006008271","0.0909091"
"2006008271","2133741724","0.0909091"
"2133741724","2006008271","0.0909091"
"2006008271","2141710443","0.0909091"
"2141710443","2006008271","0.0909091"
"2006008271","2155070484","0.0909091"
"2155070484","2006008271","0.0909091"
"2006008271","2159376715","0.965909"
"2159376715","2006008271","0.965909"
"2006008271","2406267662","0.0909091"
"2406267662","2006008271","0.0909091"
"2006008271","2899672681","0.840909"
"2899672681","2006008271","0.840909"
"2039910065","2071414195","0.0909091"
"2071414195","2039910065","0.0909091"
"2039910065","2132793058","0.0909091"
"2132793058","2039910065","0.0909091"
"2039910065","2133741724","0.181818"
"2133741724","2039910065","0.181818"
"2039910065","2141710443","0.0909091"
"2141710443","2039910065","0.0909091"
"2039910065","2159376715","0.181818"
"2159376715","2039910065","0.181818"
"2039910065","2899672681","0.0909091"
"2899672681","2039910065","0.0909091"
"2054075931","2071414195","0.590909"
"2071414195","2054075931","0.590909"
"2054075931","2132793058","0.424242"
"2132793058","2054075931","0.424242"
"2054075931","2133741724","0.0909091"
"2133741724","2054075931","0.0909091"
"2054075931","2141710443","1.42424"
"2141710443","2054075931","1.42424"
"2054075931","2159376715","1.54924"
"2159376715","2054075931","1.54924"
"2054075931","2899672681","0.924242"
"2899672681","2054075931","0.924242"
"2071414195","2132793058","0.0909091"
"2132793058","2071414195","0.0909091"
"2071414195","2133741724","0.0909091"
"2133741724","2071414195","0.0909091"
"2071414195","2141710443","2.67424"
"2141710443","2071414195","2.67424"
"2071414195","2155070484","0.0909091"
"2155070484","2071414195","0.0909091"
"2071414195","2159376715","1.00758"
"2159376715","2071414195","1.00758"
"2071414195","2406267662","0.0909091"
"2406267662","2071414195","0.0909091"
"2071414195","2899672681","0.0909091"
"2899672681","2071414195","0.0909091"
"2132793058","2133741724","2.50758"
"2133741724","2132793058","2.50758"
"2132793058","2141710443","0.0909091"
"2141710443","2132793058","0.0909091"
"2132793058","2155070484","0.0909091"
"2155070484","2132793058","0.0909091"
"2132793058","2159376715","0.424242"
"2159376715","2132793058","0.424242"
"2132793058","2406267662","0.0909091"
"2406267662","2132793058","0.0909091"
"2132793058","2899672681","0.0909091"
"2899672681","2132793058","0.0909091"
"2133741724","2141710443","0.340909"
"2141710443","2133741724","0.340909"
"2133741724","2155070484","0.0909091"
"2155070484","2133741724","0.0909091"
"2133741724","2159376715","0.515152"
"2159376715","2133741724","0.515152"
"2133741724","2406267662","0.0909091"
"2406267662","2133741724","0.0909091"
"2133741724","2899672681","0.340909"
"2899672681","2133741724","0.340909"
"2141710443","2155070484","0.0909091"
"2155070484","2141710443","0.0909091"
"2141710443","2159376715","0.340909"
"2159376715","2141710443","0.340909"
"2141710443","2406267662","0.0909091"
"2406267662","2141710443","0.0909091"
"2141710443","2899672681","5.00758"
"2899672681","2141710443","5.00758"
"2155070484","2159376715","0.590909"
"2159376715","2155070484","0.590909"
"2155070484","2406267662","0.0909091"
"2406267662","2155070484","0.0909091"
"2155070484","2899672681","0.0909091"
"2899672681","2155070484","0.0909091"
"2159376715","2406267662","0.0909091"
"2406267662","2159376715","0.0909091"
"2159376715","2899672681","0.340909"
"2899672681","2159376715","0.340909"
"2406267662","2899672681","0.0909091"
"2899672681","2406267662","0.0909091"
"1542658975","2395358760","0.25"
"2395358760","1542658975","0.25"
"2133741724","2395358760","0.25"
"2395358760","2133741724","0.25"
"2141710443","2395358760","0.5"
"2395358760","2141710443","0.5"
"2395358760","2899672681","0.25"
"2899672681","2395358760","0.25"
"2159376715","2160723116","0.75"
"2160723116","2159376715","0.75"
"2071414195","2160723116","1.66667"
"2160723116","2071414195","1.66667"
"1542658975","2134204499","0.333333"
"2134204499","1542658975","0.333333"
"2071414195","2134204499","0.333333"
"2134204499","2071414195","0.333333"
"2134204499","2159376715","0.333333"
"2159376715","2134204499","0.333333"
"1542658975","2130925186","0.25"
"2130925186","1542658975","0.25"
"1542658975","2139238024","0.25"
"2139238024","1542658975","0.25"
"1542658975","2574839832","0.25"
"2574839832","1542658975","0.25"
"1791587242","2130925186","0.583333"
"2130925186","1791587242","0.583333"
"1791587242","2139238024","0.25"
"2139238024","1791587242","0.25"
"1791587242","2574839832","0.25"
"2574839832","1791587242","0.25"
"2130925186","2139238024","0.25"
"2139238024","2130925186","0.25"
"2130925186","2574839832","0.25"
"2574839832","2130925186","0.25"
"2139238024","2574839832","0.25"
"2574839832","2139238024","0.25"
"1542658975","1551118287","0.125"
"1551118287","1542658975","0.125"
"1542658975","1577169013","0.625"
"1577169013","1542658975","0.625"
"1542658975","2026427349","0.625"
"2026427349","1542658975","0.625"
"1542658975","2154721480","0.125"
"2154721480","1542658975","0.125"
"1551118287","1577169013","0.215909"
"1577169013","1551118287","0.215909"
"1551118287","1791587242","0.340909"
"1791587242","1551118287","0.340909"
"1551118287","2006008271","0.125"
"2006008271","1551118287","0.125"
"1551118287","2026427349","1.125"
"2026427349","1551118287","1.125"
"1551118287","2054075931","0.125"
"2054075931","1551118287","0.125"
"1551118287","2154721480","0.847222"
"2154721480","1551118287","0.847222"
"1551118287","2159376715","0.125"
"2159376715","1551118287","0.125"
"1577169013","2006008271","0.125"
"2006008271","1577169013","0.125"
"1577169013","2026427349","0.125"
"2026427349","1577169013","0.125"
"1577169013","2154721480","0.382576"
"2154721480","1577169013","0.382576"
"1577169013","2159376715","0.625"
"2159376715","1577169013","0.625"
"1791587242","2006008271","0.375"
"2006008271","1791587242","0.375"
"1791587242","2026427349","0.325"
"2026427349","1791587242","0.325"
"1791587242","2154721480","0.382576"
"2154721480","1791587242","0.382576"
"1791587242","2159376715","0.458333"
"2159376715","1791587242","0.458333"
"2006008271","2026427349","0.125"
"2026427349","2006008271","0.125"
"2006008271","2154721480","0.125"
"2154721480","2006008271","0.125"
"2026427349","2054075931","0.125"
"2054075931","2026427349","0.125"
"2026427349","2154721480","0.125"
"2154721480","2026427349","0.125"
"2026427349","2159376715","0.125"
"2159376715","2026427349","0.125"
"2054075931","2154721480","0.125"
"2154721480","2054075931","0.125"
"2154721480","2159376715","0.125"
"2159376715","2154721480","0.125"
"1542658975","2250570571","1"
"2250570571","1542658975","1"
"1542658975","1544010666","0.5"
"1544010666","1542658975","0.5"
"1544010666","2071414195","0.25"
"2071414195","1544010666","0.25"
"1544010666","2141710443","0.25"
"2141710443","1544010666","0.25"
"1544010666","2159376715","0.583333"
"2159376715","1544010666","0.583333"
"1577169013","1989078417","0.166667"
"1989078417","1577169013","0.166667"
"1577169013","2071414195","0.166667"
"2071414195","1577169013","0.166667"
"1791587242","2071414195","0.166667"
"2071414195","1791587242","0.166667"
"1989078417","2071414195","0.166667"
"2071414195","1989078417","0.166667"
"1542658975","2114303224","0.5"
"2114303224","1542658975","0.5"
"2026427349","2114303224","0.7"
"2114303224","2026427349","0.7"
"1542658975","1963537333","0.25"
"1963537333","1542658975","0.25"
"1544010666","1963537333","0.583333"
"1963537333","1544010666","0.583333"
"1544010666","2132793058","4.75"
"2132793058","1544010666","4.75"
"1544010666","2133741724","3.41667"
"2133741724","1544010666","3.41667"
"1963537333","2132793058","0.583333"
"2132793058","1963537333","0.583333"
"1963537333","2133741724","0.583333"
"2133741724","1963537333","0.583333"
"2006008271","2160723116","0.25"
"2160723116","2006008271","0.25"
"2160723116","2899672681","0.25"
"2899672681","2160723116","0.25"
"1577169013","2899672681","1"
"2899672681","1577169013","1"
"1791587242","2899672681","0.666667"
"2899672681","1791587242","0.666667"
"1544010666","2151449617","4"
"2151449617","1544010666","4"
"1544010666","2250570571","1"
"2250570571","1544010666","1"
"1544010666","2006008271","0.333333"
"2006008271","1544010666","0.333333"
"1544010666","2293005924","0.333333"
"2293005924","1544010666","0.333333"
"1544010666","2583754181","0.333333"
"2583754181","1544010666","0.333333"
"2006008271","2293005924","0.333333"
"2293005924","2006008271","0.333333"
"2006008271","2583754181","0.333333"
"2583754181","2006008271","0.333333"
"2293005924","2583754181","0.424242"
"2583754181","2293005924","0.424242"
"1544010666","1577169013","0.333333"
"1577169013","1544010666","0.333333"
"1544010666","2054075931","0.333333"
"2054075931","1544010666","0.333333"
"1577169013","2132793058","0.333333"
"2132793058","1577169013","0.333333"
"1546421159","2292361954","30.25"
"2292361954","1546421159","30.25"
"1546421159","1813736802","3.45"
"1813736802","1546421159","3.45"
"1546421159","1551839888","0.533333"
"1551839888","1546421159","0.533333"
"1546421159","2145492473","0.95"
"2145492473","1546421159","0.95"
"1546421159","2952305614","0.95"
"2952305614","1546421159","0.95"
"1551839888","2145492473","1.2"
"2145492473","1551839888","1.2"
"1551839888","2952305614","0.866667"
"2952305614","1551839888","0.866667"
"2145492473","2952305614","7.11667"
"2952305614","2145492473","7.11667"
"1546421159","2002791618","0.333333"
"2002791618","1546421159","0.333333"
"1813736802","2002791618","0.333333"
"2002791618","1813736802","0.333333"
"1813736802","2292361954","2.25"
"2292361954","1813736802","2.25"
"2002791618","2292361954","1.33333"
"2292361954","2002791618","1.33333"
"1546421159","2068645020","0.366667"
"2068645020","1546421159","0.366667"
"1551839888","1813736802","0.533333"
"1813736802","1551839888","0.533333"
"1813736802","2068645020","1.03333"
"2068645020","1813736802","1.03333"
"1813736802","2145492473","1.78333"
"2145492473","1813736802","1.78333"
"1813736802","2952305614","1.45"
"2952305614","1813736802","1.45"
"2068645020","2145492473","1.36667"
"2145492473","2068645020","1.36667"
"2068645020","2952305614","1.03333"
"2952305614","2068645020","1.03333"
"1546421159","2131565021","0.166667"
"2131565021","1546421159","0.166667"
"1813736802","2131565021","0.166667"
"2131565021","1813736802","0.166667"
"2068645020","2131565021","0.166667"
"2131565021","2068645020","0.166667"
"2068645020","2292361954","0.166667"
"2292361954","2068645020","0.166667"
"2131565021","2145492473","0.166667"
"2145492473","2131565021","0.166667"
"2131565021","2292361954","0.166667"
"2292361954","2131565021","0.166667"
"2131565021","2952305614","0.166667"
"2952305614","2131565021","0.166667"
"2145492473","2292361954","0.416667"
"2292361954","2145492473","0.416667"
"2292361954","2952305614","0.416667"
"2952305614","2292361954","0.416667"
"1551118287","2123714476","3.18056"
"2123714476","1551118287","3.18056"
"1551118287","1592261007","1.61111"
"1592261007","1551118287","1.61111"
"1551118287","2150971115","1.04924"
"2150971115","1551118287","1.04924"
"1592261007","2150971115","0.785354"
"2150971115","1592261007","0.785354"
"1551118287","1978933387","0.791667"
"1978933387","1551118287","0.791667"
"1551118287","2058419719","0.277778"
"2058419719","1551118287","0.277778"
"1551118287","2097995023","0.791667"
"2097995023","1551118287","0.791667"
"1551118287","2116832440","0.555556"
"2116832440","1551118287","0.555556"
"1551118287","2144627020","0.111111"
"2144627020","1551118287","0.111111"
"1551118287","2501950802","1.88258"
"2501950802","1551118287","1.88258"
"1592261007","1978933387","0.111111"
"1978933387","1592261007","0.111111"
"1592261007","2058419719","1.59488"
"2058419719","1592261007","1.59488"
"1592261007","2097995023","0.111111"
"2097995023","1592261007","0.111111"
"1592261007","2116832440","0.111111"
"2116832440","1592261007","0.111111"
"1592261007","2123714476","1.94444"
"2123714476","1592261007","1.94444"
"1592261007","2144627020","1.11111"
"2144627020","1592261007","1.11111"
"1592261007","2501950802","1.53535"
"2501950802","1592261007","1.53535"
"1978933387","2058419719","0.111111"
"2058419719","1978933387","0.111111"
"1978933387","2097995023","8.025"
"2097995023","1978933387","8.025"
"1978933387","2116832440","1.58889"
"2116832440","1978933387","1.58889"
"1978933387","2123714476","0.880556"
"2123714476","1978933387","0.880556"
"1978933387","2144627020","0.111111"
"2144627020","1978933387","0.111111"
"1978933387","2150971115","0.458333"
"2150971115","1978933387","0.458333"
"1978933387","2501950802","0.458333"
"2501950802","1978933387","0.458333"
"2058419719","2097995023","0.111111"
"2097995023","2058419719","0.111111"
"2058419719","2116832440","1.11111"
"2116832440","2058419719","1.11111"
"2058419719","2123714476","0.444444"
"2123714476","2058419719","0.444444"
"2058419719","2144627020","0.111111"
"2144627020","2058419719","0.111111"
"2058419719","2150971115","0.285354"
"2150971115","2058419719","0.285354"
"2058419719","2501950802","0.20202"
"2501950802","2058419719","0.20202"
"2097995023","2116832440","0.888889"
"2116832440","2097995023","0.888889"
"2097995023","2123714476","0.680556"
"2123714476","2097995023","0.680556"
"2097995023","2144627020","0.111111"
"2144627020","2097995023","0.111111"
"2097995023","2150971115","0.458333"
"2150971115","2097995023","0.458333"
"2097995023","2501950802","0.458333"
"2501950802","2097995023","0.458333"
"2116832440","2123714476","1.01111"
"2123714476","2116832440","1.01111"
"2116832440","2144627020","0.111111"
"2144627020","2116832440","0.111111"
"2116832440","2150971115","0.222222"
"2150971115","2116832440","0.222222"
"2116832440","2501950802","1.25556"
"2501950802","2116832440","1.25556"
"2123714476","2144627020","0.111111"
"2144627020","2123714476","0.111111"
"2123714476","2150971115","0.347222"
"2150971115","2123714476","0.347222"
"2123714476","2501950802","1.04722"
"2501950802","2123714476","1.04722"
"2144627020","2150971115","0.111111"
"2150971115","2144627020","0.111111"
"2144627020","2501950802","0.111111"
"2501950802","2144627020","0.111111"
"2150971115","2501950802","0.806818"
"2501950802","2150971115","0.806818"
"1551118287","2144019624","0.333333"
"2144019624","1551118287","0.333333"
"1551118287","2153259545","0.722222"
"2153259545","1551118287","0.722222"
"1551118287","2008333370","0.0909091"
"2008333370","1551118287","0.0909091"
"1551118287","2106028863","0.0909091"
"2106028863","1551118287","0.0909091"
"1551118287","2134204499","0.0909091"
"2134204499","1551118287","0.0909091"
"1551118287","2141742398","0.0909091"
"2141742398","1551118287","0.0909091"
"1551118287","2291498640","0.257576"
"2291498640","1551118287","0.257576"
"1551118287","2485234578","0.0909091"
"2485234578","1551118287","0.0909091"
"1551118287","2613751718","0.0909091"
"2613751718","1551118287","0.0909091"
"1577169013","2008333370","0.598485"
"2008333370","1577169013","0.598485"
"1577169013","2106028863","0.257576"
"2106028863","1577169013","0.257576"
"1577169013","2134204499","0.0909091"
"2134204499","1577169013","0.0909091"
"1577169013","2141742398","0.798485"
"2141742398","1577169013","0.798485"
"1577169013","2150971115","0.181818"
"2150971115","1577169013","0.181818"
"1577169013","2291498640","0.457576"
"2291498640","1577169013","0.457576"
"1577169013","2485234578","0.431818"
"2485234578","1577169013","0.431818"
"1577169013","2501950802","0.181818"
"2501950802","1577169013","0.181818"
"1577169013","2613751718","0.957576"
"2613751718","1577169013","0.957576"
"1791587242","2106028863","0.257576"
"2106028863","1791587242","0.257576"
"1791587242","2134204499","0.0909091"
"2134204499","1791587242","0.0909091"
"1791587242","2150971115","0.181818"
"2150971115","1791587242","0.181818"
"1791587242","2291498640","0.257576"
"2291498640","1791587242","0.257576"
"1791587242","2485234578","0.431818"
"2485234578","1791587242","0.431818"
"1791587242","2501950802","0.181818"
"2501950802","1791587242","0.181818"
"1791587242","2613751718","0.757576"
"2613751718","1791587242","0.757576"
"2008333370","2106028863","0.340909"
"2106028863","2008333370","0.340909"
"2008333370","2134204499","0.0909091"
"2134204499","2008333370","0.0909091"
"2008333370","2150971115","0.431818"
"2150971115","2008333370","0.431818"
"2008333370","2291498640","0.674242"
"2291498640","2008333370","0.674242"
"2008333370","2485234578","0.681818"
"2485234578","2008333370","0.681818"
"2008333370","2501950802","0.348485"
"2501950802","2008333370","0.348485"
"2008333370","2613751718","0.674242"
"2613751718","2008333370","0.674242"
"2106028863","2134204499","1.09091"
"2134204499","2106028863","1.09091"
"2106028863","2141742398","0.840909"
"2141742398","2106028863","0.840909"
"2106028863","2150971115","0.174242"
"2150971115","2106028863","0.174242"
"2106028863","2291498640","0.340909"
"2291498640","2106028863","0.340909"
"2106028863","2485234578","0.8171"
"2485234578","2106028863","0.8171"
"2106028863","2501950802","0.0909091"
"2501950802","2106028863","0.0909091"
"2106028863","2613751718","0.340909"
"2613751718","2106028863","0.340909"
"2134204499","2141742398","0.0909091"
"2141742398","2134204499","0.0909091"
"2134204499","2150971115","0.0909091"
"2150971115","2134204499","0.0909091"
"2134204499","2291498640","0.0909091"
"2291498640","2134204499","0.0909091"
"2134204499","2485234578","0.0909091"
"2485234578","2134204499","0.0909091"
"2134204499","2501950802","0.0909091"
"2501950802","2134204499","0.0909091"
"2134204499","2613751718","0.0909091"
"2613751718","2134204499","0.0909091"
"2141742398","2150971115","0.431818"
"2150971115","2141742398","0.431818"
"2141742398","2291498640","0.874242"
"2291498640","2141742398","0.874242"
"2141742398","2485234578","2.18182"
"2485234578","2141742398","2.18182"
"2141742398","2501950802","0.348485"
"2501950802","2141742398","0.348485"
"2141742398","2613751718","0.874242"
"2613751718","2141742398","0.874242"
"2150971115","2291498640","0.174242"
"2291498640","2150971115","0.174242"
"2150971115","2485234578","0.431818"
"2485234578","2150971115","0.431818"
"2150971115","2613751718","0.174242"
"2613751718","2150971115","0.174242"
"2291498640","2485234578","0.174242"
"2485234578","2291498640","0.174242"
"2291498640","2501950802","0.0909091"
"2501950802","2291498640","0.0909091"
"2291498640","2613751718","59.0409"
"2613751718","2291498640","59.0409"
"2485234578","2501950802","0.348485"
"2501950802","2485234578","0.348485"
"2485234578","2613751718","0.174242"
"2613751718","2485234578","0.174242"
"2501950802","2613751718","0.0909091"
"2613751718","2501950802","0.0909091"
"1551118287","2126333155","0.236111"
"2126333155","1551118287","0.236111"
"1551118287","2169593628","0.347222"
"2169593628","1551118287","0.347222"
"1978933387","2126333155","5.43611"
"2126333155","1978933387","5.43611"
"1978933387","2153259545","0.805556"
"2153259545","1978933387","0.805556"
"1978933387","2154721480","1.30556"
"2154721480","1978933387","1.30556"
"1978933387","2169593628","1.33889"
"2169593628","1978933387","1.33889"
"2097995023","2126333155","0.569444"
"2126333155","2097995023","0.569444"
"2097995023","2153259545","0.805556"
"2153259545","2097995023","0.805556"
"2097995023","2154721480","1.13889"
"2154721480","2097995023","1.13889"
"2097995023","2169593628","1.17222"
"2169593628","2097995023","1.17222"
"2123714476","2126333155","1.10278"
"2126333155","2123714476","1.10278"
"2123714476","2153259545","0.811111"
"2153259545","2123714476","0.811111"
"2123714476","2154721480","0.811111"
"2154721480","2123714476","0.811111"
"2123714476","2169593628","0.277778"
"2169593628","2123714476","0.277778"
"2126333155","2150971115","0.236111"
"2150971115","2126333155","0.236111"
"2126333155","2169593628","0.444444"
"2169593628","2126333155","0.444444"
"2126333155","2501950802","0.402778"
"2501950802","2126333155","0.402778"
"2150971115","2153259545","0.313131"
"2153259545","2150971115","0.313131"
"2150971115","2154721480","0.396465"
"2154721480","2150971115","0.396465"
"2150971115","2169593628","0.222222"
"2169593628","2150971115","0.222222"
"2153259545","2169593628","2.30556"
"2169593628","2153259545","2.30556"
"2153259545","2501950802","3.76313"
"2501950802","2153259545","3.76313"
"2154721480","2169593628","2.97222"
"2169593628","2154721480","2.97222"
"2154721480","2501950802","4.76313"
"2501950802","2154721480","4.76313"
"2169593628","2501950802","1.63889"
"2501950802","2169593628","1.63889"
"1551118287","2135499008","0.236111"
"2135499008","1551118287","0.236111"
"1978933387","2135499008","0.277778"
"2135499008","1978933387","0.277778"
"2097995023","2135499008","0.111111"
"2135499008","2097995023","0.111111"
"2116832440","2135499008","0.111111"
