"1495843856","1528222021","1.33333"
"1528222021","1495843856","1.33333"
"1495843856","1972753132","0.833333"
"1972753132","1495843856","0.833333"
"1495843856","1978377530","0.833333"
"1978377530","1495843856","0.833333"
"1528222021","1972753132","4.33333"
"1972753132","1528222021","4.33333"
"1528222021","1978377530","0.333333"
"1978377530","1528222021","0.333333"
"1972753132","1978377530","0.833333"
"1978377530","1972753132","0.833333"
"1495843856","1999220550","1"
"1999220550","1495843856","1"
"1525687066","1999220550","1"
"1999220550","1525687066","1"
"1547131737","2071940270","5.39683"
"2071940270","1547131737","5.39683"
"1547131737","1553146597","0.72619"
"1553146597","1547131737","0.72619"
"1547131737","2144591754","1.0873"
"2144591754","1547131737","1.0873"
"1547131737","2161414947","0.670635"
"2161414947","1547131737","0.670635"
"1553146597","2071940270","2.14286"
"2071940270","1553146597","2.14286"
"1553146597","2144591754","0.416667"
"2144591754","1553146597","0.416667"
"1553146597","2161414947","0.583333"
"2161414947","1553146597","0.583333"
"2071940270","2144591754","1.75397"
"2144591754","2071940270","1.75397"
"2071940270","2161414947","1.3373"
"2161414947","2071940270","1.3373"
"2144591754","2161414947","4.17063"
"2161414947","2144591754","4.17063"
"1547131737","2166698306","5.14683"
"2166698306","1547131737","5.14683"
"1547131737","2148575440","1"
"2148575440","1547131737","1"
"2071940270","2166698306","12.3968"
"2166698306","2071940270","12.3968"
"1547131737","1997575000","0.563492"
"1997575000","1547131737","0.563492"
"1547131737","2077097238","0.730159"
"2077097238","1547131737","0.730159"
"1547131737","2107772336","0.444444"
"2107772336","1547131737","0.444444"
"1547131737","2341583189","0.361111"
"2341583189","1547131737","0.361111"
"1547131737","2771938060","0.111111"
"2771938060","1547131737","0.111111"
"1997575000","2071940270","2.23016"
"2071940270","1997575000","2.23016"
"1997575000","2077097238","1.39683"
"2077097238","1997575000","1.39683"
"1997575000","2107772336","0.444444"
"2107772336","1997575000","0.444444"
"1997575000","2144591754","1.8373"
"2144591754","1997575000","1.8373"
"1997575000","2161414947","1.25397"
"2161414947","1997575000","1.25397"
"1997575000","2166698306","2.56349"
"2166698306","1997575000","2.56349"
"1997575000","2341583189","1.86111"
"2341583189","1997575000","1.86111"
"1997575000","2771938060","0.111111"
"2771938060","1997575000","0.111111"
"2071940270","2077097238","0.730159"
"2077097238","2071940270","0.730159"
"2071940270","2107772336","0.861111"
"2107772336","2071940270","0.861111"
"2071940270","2341583189","0.361111"
"2341583189","2071940270","0.361111"
"2071940270","2771938060","0.111111"
"2771938060","2071940270","0.111111"
"2077097238","2107772336","0.444444"
"2107772336","2077097238","0.444444"
"2077097238","2144591754","0.420635"
"2144591754","2077097238","0.420635"
"2077097238","2161414947","0.420635"
"2161414947","2077097238","0.420635"
"2077097238","2166698306","4.56349"
"2166698306","2077097238","4.56349"
"2077097238","2341583189","0.277778"
"2341583189","2077097238","0.277778"
"2077097238","2771938060","0.111111"
"2771938060","2077097238","0.111111"
"2107772336","2144591754","0.277778"
"2144591754","2107772336","0.277778"
"2107772336","2161414947","0.444444"
"2161414947","2107772336","0.444444"
"2107772336","2166698306","1.02778"
"2166698306","2107772336","1.02778"
"2107772336","2341583189","0.111111"
"2341583189","2107772336","0.111111"
"2107772336","2771938060","0.111111"
"2771938060","2107772336","0.111111"
"2144591754","2166698306","2.3373"
"2166698306","2144591754","2.3373"
"2144591754","2341583189","6.61111"
"2341583189","2144591754","6.61111"
"2144591754","2771938060","0.111111"
"2771938060","2144591754","0.111111"
"2161414947","2166698306","1.92063"
"2166698306","2161414947","1.92063"
"2161414947","2341583189","2.61111"
"2341583189","2161414947","2.61111"
"2161414947","2771938060","0.111111"
"2771938060","2161414947","0.111111"
"2166698306","2341583189","1.36111"
"2341583189","2166698306","1.36111"
"2166698306","2771938060","0.111111"
"2771938060","2166698306","0.111111"
"2341583189","2771938060","0.111111"
"2771938060","2341583189","0.111111"
"1553146597","1997575000","0.47619"
"1997575000","1553146597","0.47619"
"1553146597","2107772336","2.25"
"2107772336","1553146597","2.25"
"1553146597","2166698306","2.22619"
"2166698306","1553146597","2.22619"
"1547131737","2089542785","0.309524"
"2089542785","1547131737","0.309524"
"1547131737","2618765274","0.452381"
"2618765274","1547131737","0.452381"
"1553146597","2089542785","1.80952"
"2089542785","1553146597","1.80952"
"1553146597","2618765274","1.22619"
"2618765274","1553146597","1.22619"
"2071940270","2089542785","0.809524"
"2089542785","2071940270","0.809524"
"2071940270","2618765274","0.869048"
"2618765274","2071940270","0.869048"
"2089542785","2107772336","0.5"
"2107772336","2089542785","0.5"
"2089542785","2166698306","1.14286"
"2166698306","2089542785","1.14286"
"2089542785","2618765274","0.809524"
"2618765274","2089542785","0.809524"
"2107772336","2618765274","0.583333"
"2618765274","2107772336","0.583333"
"2166698306","2618765274","3.20238"
"2618765274","2166698306","3.20238"
"1997575000","2618765274","1.53571"
"2618765274","1997575000","1.53571"
"2077097238","2618765274","0.785714"
"2618765274","2077097238","0.785714"
"2144591754","2618765274","0.72619"
"2618765274","2144591754","0.72619"
"2161414947","2618765274","0.47619"
"2618765274","2161414947","0.47619"
"1553146597","2077097238","0.642857"
"2077097238","1553146597","0.642857"
"1997575000","2089542785","0.142857"
"2089542785","1997575000","0.142857"
"2077097238","2089542785","0.47619"
"2089542785","2077097238","0.47619"
"1553146597","2159081106","0.5"
"2159081106","1553146597","0.5"
"2107772336","2159081106","0.5"
"2159081106","2107772336","0.5"
"1972753132","246878872","1"
"246878872","1972753132","1"
"1978377530","1999220550","2"
"1999220550","1978377530","2"
"2341583189","2618765274","1.75"
"2618765274","2341583189","1.75"
"1997575000","2552182818","1.58333"
"2552182818","1997575000","1.58333"
"2144591754","2552182818","0.25"
"2552182818","2144591754","0.25"
"2341583189","2552182818","1.58333"
"2552182818","2341583189","1.58333"
"2552182818","2618765274","2.08333"
"2618765274","2552182818","2.08333"
"2071940270","2142265896","0.5"
"2142265896","2071940270","0.5"
"2071940270","246878872","0.5"
"246878872","2071940270","0.5"
"2142265896","246878872","0.5"
"246878872","2142265896","0.5"
"2142265896","2159081106","8"
"2159081106","2142265896","8"
"2142265896","2771938060","2"
"2771938060","2142265896","2"
"2552182818","2771938060","0.5"
"2771938060","2552182818","0.5"
"2618765274","2771938060","3.5"
"2771938060","2618765274","3.5"
