"125925666","1974021718","3.16667"
"1974021718","125925666","3.16667"
"125925666","2269011405","4.16667"
"2269011405","125925666","4.16667"
"1974021718","2269011405","11.7833"
"2269011405","1974021718","11.7833"
"125925666","1481285343","1.7"
"1481285343","125925666","1.7"
"125925666","2041770008","0.533333"
"2041770008","125925666","0.533333"
"125925666","2145385038","0.2"
"2145385038","125925666","0.2"
"125925666","2171147420","0.2"
"2171147420","125925666","0.2"
"125925666","30636452","0.2"
"30636452","125925666","0.2"
"1481285343","2041770008","1.24286"
"2041770008","1481285343","1.24286"
"1481285343","2145385038","1.73095"
"2145385038","1481285343","1.73095"
"1481285343","2171147420","0.271429"
"2171147420","1481285343","0.271429"
"1481285343","30636452","1.73095"
"30636452","1481285343","1.73095"
"2041770008","2145385038","0.935714"
"2145385038","2041770008","0.935714"
"2041770008","2171147420","0.342857"
"2171147420","2041770008","0.342857"
"2041770008","30636452","0.935714"
"30636452","2041770008","0.935714"
"2145385038","2171147420","1.38023"
"2171147420","2145385038","1.38023"
"2145385038","30636452","26.9981"
"30636452","2145385038","26.9981"
"2171147420","30636452","1.13737"
"30636452","2171147420","1.13737"
"125925666","1558801316","1.83333"
"1558801316","125925666","1.83333"
"1558801316","1974021718","0.833333"
"1974021718","1558801316","0.833333"
"1558801316","2269011405","1"
"2269011405","1558801316","1"
"125925666","2060883486","0.666667"
"2060883486","125925666","0.666667"
"125925666","2167145555","1.16667"
"2167145555","125925666","1.16667"
"2060883486","2167145555","0.333333"
"2167145555","2060883486","0.333333"
"2060883486","2269011405","0.5"
"2269011405","2060883486","0.5"
"2167145555","2269011405","12"
"2269011405","2167145555","12"
"125925666","2139086035","0.75"
"2139086035","125925666","0.75"
"1974021718","2139086035","2.41667"
"2139086035","1974021718","2.41667"
"2139086035","2269011405","2.41667"
"2269011405","2139086035","2.41667"
"125925666","1533359893","0.833333"
"1533359893","125925666","0.833333"
"1533359893","1974021718","0.666667"
"1974021718","1533359893","0.666667"
"1533359893","2269011405","2.83333"
"2269011405","1533359893","2.83333"
"125925666","2052987550","0.5"
"2052987550","125925666","0.5"
"2052987550","2269011405","0.7"
"2269011405","2052987550","0.7"
"1481285343","1533359893","0.333333"
"1533359893","1481285343","0.333333"
"1481285343","1974021718","0.333333"
"1974021718","1481285343","0.333333"
"1481285343","2139086035","0.533333"
"2139086035","1481285343","0.533333"
"1481285343","2167145555","0.666667"
"2167145555","1481285343","0.666667"
"1481285343","2269011405","0.666667"
"2269011405","1481285343","0.666667"
"1533359893","2139086035","1.33333"
"2139086035","1533359893","1.33333"
"1533359893","2167145555","3.5"
"2167145555","1533359893","3.5"
"1974021718","2167145555","0.333333"
"2167145555","1974021718","0.333333"
"2139086035","2167145555","0.333333"
"2167145555","2139086035","0.333333"
"125925666","2164219265","0.333333"
"2164219265","125925666","0.333333"
"2041770008","2060883486","5.81978"
"2060883486","2041770008","5.81978"
"2041770008","2164219265","1.82692"
"2164219265","2041770008","1.82692"
"2060883486","2164219265","6.13645"
"2164219265","2060883486","6.13645"
"125925666","193566757","0.25"
"193566757","125925666","0.25"
"125925666","2119803607","0.25"
"2119803607","125925666","0.25"
"125925666","2146635036","0.25"
"2146635036","125925666","0.25"
"193566757","2119803607","0.25"
"2119803607","193566757","0.25"
"193566757","2139086035","0.25"
"2139086035","193566757","0.25"
"193566757","2146635036","0.25"
"2146635036","193566757","0.25"
"2119803607","2139086035","0.892857"
"2139086035","2119803607","0.892857"
"2119803607","2146635036","0.25"
"2146635036","2119803607","0.25"
"2139086035","2146635036","1.40263"
"2146635036","2139086035","1.40263"
"1481285343","2106788474","0.166667"
"2106788474","1481285343","0.166667"
"1533359893","2106788474","0.166667"
"2106788474","1533359893","0.166667"
"1974021718","2106788474","0.166667"
"2106788474","1974021718","0.166667"
"2106788474","2139086035","0.166667"
"2139086035","2106788474","0.166667"
"2106788474","2167145555","0.166667"
"2167145555","2106788474","0.166667"
"2106788474","2269011405","1.16667"
"2269011405","2106788474","1.16667"
"1481285343","2296677182","5.25714"
"2296677182","1481285343","5.25714"
"1481285343","2060883486","1.54286"
"2060883486","1481285343","1.54286"
"1481285343","2160967997","0.67619"
"2160967997","1481285343","0.67619"
"1481285343","2167024438","0.166667"
"2167024438","1481285343","0.166667"
"2041770008","2160967997","1.50311"
"2160967997","2041770008","1.50311"
"2041770008","2167024438","0.166667"
"2167024438","2041770008","0.166667"
"2060883486","2145385038","0.967857"
"2145385038","2060883486","0.967857"
"2060883486","2160967997","8.06264"
"2160967997","2060883486","8.06264"
"2060883486","2167024438","0.166667"
"2167024438","2060883486","0.166667"
"2060883486","30636452","0.967857"
"30636452","2060883486","0.967857"
"2145385038","2160967997","0.67619"
"2160967997","2145385038","0.67619"
"2145385038","2167024438","0.166667"
"2167024438","2145385038","0.166667"
"2160967997","2167024438","0.166667"
"2167024438","2160967997","0.166667"
"2160967997","30636452","0.67619"
"30636452","2160967997","0.67619"
"2167024438","30636452","0.166667"
"30636452","2167024438","0.166667"
"1481285343","1558801316","0.866667"
"1558801316","1481285343","0.866667"
"1558801316","2041770008","0.333333"
"2041770008","1558801316","0.333333"
"1558801316","2060883486","0.666667"
"2060883486","1558801316","0.666667"
"1481285343","2020147322","0.414286"
"2020147322","1481285343","0.414286"
"2020147322","2041770008","0.369048"
"2041770008","2020147322","0.369048"
"2020147322","2060883486","0.267857"
"2060883486","2020147322","0.267857"
"2020147322","2145385038","2.11097"
"2145385038","2020147322","2.11097"
"2020147322","2160967997","0.142857"
"2160967997","2020147322","0.142857"
"2020147322","2296677182","3.13214"
"2296677182","2020147322","3.13214"
"2020147322","30636452","2.11097"
"30636452","2020147322","2.11097"
"2041770008","2296677182","1.09597"
"2296677182","2041770008","1.09597"
"2060883486","2296677182","0.911447"
"2296677182","2060883486","0.911447"
"2145385038","2296677182","3.59048"
"2296677182","2145385038","3.59048"
"2160967997","2296677182","0.386447"
"2296677182","2160967997","0.386447"
"2296677182","30636452","2.25714"
"30636452","2296677182","2.25714"
"1481285343","2122406210","0.366667"
"2122406210","1481285343","0.366667"
"2060883486","2122406210","0.711447"
"2122406210","2060883486","0.711447"
"2122406210","2145385038","0.166667"
"2145385038","2122406210","0.166667"
"2122406210","2160967997","0.961447"
"2160967997","2122406210","0.961447"
"2122406210","2296677182","0.44359"
"2296677182","2122406210","0.44359"
"2122406210","30636452","0.166667"
"30636452","2122406210","0.166667"
"1481285343","2138551708","0.47619"
"2138551708","1481285343","0.47619"
"1558801316","2138551708","0.333333"
"2138551708","1558801316","0.333333"
"2060883486","2138551708","1.33333"
"2138551708","2060883486","1.33333"
"1481285343","1979447985","0.392857"
"1979447985","1481285343","0.392857"
"1481285343","2155960838","0.392857"
"2155960838","1481285343","0.392857"
"1979447985","2145385038","3.76216"
"2145385038","1979447985","3.76216"
"1979447985","2155960838","10.855"
"2155960838","1979447985","10.855"
"1979447985","30636452","2.85263"
"30636452","1979447985","2.85263"
"2145385038","2155960838","2.51216"
"2155960838","2145385038","2.51216"
"2155960838","30636452","1.93596"
"30636452","2155960838","1.93596"
"1481285343","2044564105","0.142857"
"2044564105","1481285343","0.142857"
"1481285343","2146635036","0.142857"
"2146635036","1481285343","0.142857"
"1481285343","2146703553","0.214286"
"2146703553","1481285343","0.214286"
"1979447985","2044564105","0.853822"
"2044564105","1979447985","0.853822"
"1979447985","2138551708","0.142857"
"2138551708","1979447985","0.142857"
"1979447985","2146635036","0.195489"
"2146635036","1979447985","0.195489"
"1979447985","2146703553","0.195489"
"2146703553","1979447985","0.195489"
"1979447985","2296677182","1.20311"
"2296677182","1979447985","1.20311"
"2044564105","2138551708","0.142857"
"2138551708","2044564105","0.142857"
"2044564105","2146635036","0.195489"
"2146635036","2044564105","0.195489"
"2044564105","2146703553","0.340943"
"2146703553","2044564105","0.340943"
"2044564105","2155960838","0.520489"
"2155960838","2044564105","0.520489"
"2044564105","2296677182","0.267857"
"2296677182","2044564105","0.267857"
"2138551708","2146635036","0.142857"
"2146635036","2138551708","0.142857"
"2138551708","2146703553","0.47619"
"2146703553","2138551708","0.47619"
"2138551708","2155960838","0.142857"
"2155960838","2138551708","0.142857"
"2138551708","2296677182","0.142857"
"2296677182","2138551708","0.142857"
"2146635036","2146703553","0.295489"
"2146703553","2146635036","0.295489"
"2146635036","2155960838","0.195489"
"2155960838","2146635036","0.195489"
"2146635036","2296677182","0.142857"
"2296677182","2146635036","0.142857"
"2146703553","2155960838","0.195489"
"2155960838","2146703553","0.195489"
"2146703553","2296677182","0.214286"
"2296677182","2146703553","0.214286"
"2155960838","2296677182","1.12619"
"2296677182","2155960838","1.12619"
"1481285343","1684311429","0.0714286"
"1684311429","1481285343","0.0714286"
"1481285343","1701068577","0.0714286"
"1701068577","1481285343","0.0714286"
"1481285343","2106355650","0.0714286"
"2106355650","1481285343","0.0714286"
"1481285343","2107800601","0.0714286"
"2107800601","1481285343","0.0714286"
"1481285343","2135499008","0.0714286"
"2135499008","1481285343","0.0714286"
"1481285343","2153752068","0.0714286"
"2153752068","1481285343","0.0714286"
"1481285343","2161569281","0.0714286"
"2161569281","1481285343","0.0714286"
"1481285343","2203361072","0.0714286"
"2203361072","1481285343","0.0714286"
"1684311429","1701068577","0.37406"
"1701068577","1684311429","0.37406"
"1684311429","2020147322","0.12406"
"2020147322","1684311429","0.12406"
"1684311429","2106355650","0.290727"
"2106355650","1684311429","0.290727"
"1684311429","2107800601","0.38355"
"2107800601","1684311429","0.38355"
"1684311429","2135499008","1.57158"
"2135499008","1684311429","1.57158"
"1684311429","2145385038","0.870705"
"2145385038","1684311429","0.870705"
"1684311429","2146703553","0.436181"
"2146703553","1684311429","0.436181"
"1684311429","2153752068","0.28355"
"2153752068","1684311429","0.28355"
"1684311429","2161569281","0.494661"
"2161569281","1684311429","0.494661"
"1684311429","2171147420","4.11515"
"2171147420","1684311429","4.11515"
"1684311429","2203361072","8.96706"
"2203361072","1684311429","8.96706"
"1684311429","2296677182","0.273352"
"2296677182","1684311429","0.273352"
"1684311429","30636452","0.627848"
"30636452","1684311429","0.627848"
"1701068577","2020147322","0.207393"
"2020147322","1701068577","0.207393"
"1701068577","2106355650","0.12406"
"2106355650","1701068577","0.12406"
"1701068577","2107800601","0.699206"
"2107800601","1701068577","0.699206"
"1701068577","2135499008","0.0714286"
"2135499008","1701068577","0.0714286"
"1701068577","2145385038","0.457393"
"2145385038","1701068577","0.457393"
"1701068577","2146703553","0.918505"
"2146703553","1701068577","0.918505"
"1701068577","2153752068","0.949206"
"2153752068","1701068577","0.949206"
"1701068577","2161569281","0.154762"
"2161569281","1701068577","0.154762"
"1701068577","2171147420","0.37406"
"2171147420","1701068577","0.37406"
"1701068577","2203361072","0.421429"
"2203361072","1701068577","0.421429"
"1701068577","2296677182","0.404762"
"2296677182","1701068577","0.404762"
"1701068577","30636452","0.457393"
"30636452","1701068577","0.457393"
"2020147322","2106355650","0.12406"
"2106355650","2020147322","0.12406"
"2020147322","2107800601","0.0714286"
"2107800601","2020147322","0.0714286"
"2020147322","2135499008","0.0714286"
"2135499008","2020147322","0.0714286"
"2020147322","2146703553","0.12406"
"2146703553","2020147322","0.12406"
"2020147322","2153752068","0.154762"
"2153752068","2020147322","0.154762"
"2020147322","2161569281","0.422619"
"2161569281","2020147322","0.422619"
"2020147322","2171147420","0.266917"
"2171147420","2020147322","0.266917"
"2020147322","2203361072","0.357143"
"2203361072","2020147322","0.357143"
"2106355650","2107800601","1.65476"
"2107800601","2106355650","1.65476"
"2106355650","2135499008","0.238095"
"2135499008","2106355650","0.238095"
"2106355650","2145385038","0.12406"
"2145385038","2106355650","0.12406"
"2106355650","2146703553","2.0447"
"2146703553","2106355650","2.0447"
"2106355650","2153752068","0.18254"
"2153752068","2106355650","0.18254"
"2106355650","2161569281","0.765873"
"2161569281","2106355650","0.765873"
"2106355650","2171147420","1.04073"
"2171147420","2106355650","1.04073"
"2106355650","2203361072","0.0714286"
"2203361072","2106355650","0.0714286"
"2106355650","2296677182","0.0714286"
"2296677182","2106355650","0.0714286"
"2106355650","30636452","0.12406"
"30636452","2106355650","0.12406"
"2107800601","2135499008","0.341883"
"2135499008","2107800601","0.341883"
"2107800601","2145385038","0.116883"
"2145385038","2107800601","0.116883"
"2107800601","2146703553","27.4272"
"2146703553","2107800601","27.4272"
"2107800601","2153752068","3.94466"
"2153752068","2107800601","3.94466"
"2107800601","2161569281","1.03279"
"2161569281","2107800601","1.03279"
"2107800601","2171147420","0.432792"
"2171147420","2107800601","0.432792"
"2107800601","2203361072","0.604762"
"2203361072","2107800601","0.604762"
"2107800601","2296677182","0.0714286"
"2296677182","2107800601","0.0714286"
"2107800601","30636452","0.116883"
"30636452","2107800601","0.116883"
"2135499008","2145385038","0.116883"
"2145385038","2135499008","0.116883"
"2135499008","2146703553","0.75855"
"2146703553","2135499008","0.75855"
"2135499008","2153752068","0.366883"
"2153752068","2135499008","0.366883"
"2135499008","2161569281","6.16252"
"2161569281","2135499008","6.16252"
"2135499008","2171147420","2.28633"
"2171147420","2135499008","2.28633"
"2135499008","2203361072","2.28254"
"2203361072","2135499008","2.28254"
"2135499008","2296677182","0.148352"
"2296677182","2135499008","0.148352"
"2135499008","30636452","0.116883"
"30636452","2135499008","0.116883"
"2145385038","2146703553","0.169515"
"2146703553","2145385038","0.169515"
"2145385038","2153752068","0.200216"
"2153752068","2145385038","0.200216"
"2145385038","2161569281","0.568074"
"2161569281","2145385038","0.568074"
"2145385038","2203361072","1.30833"
"2203361072","2145385038","1.30833"
"2146703553","2153752068","6.27244"
"2153752068","2146703553","6.27244"
"2146703553","2161569281","1.1439"
"2161569281","2146703553","1.1439"
"2146703553","2171147420","0.485424"
"2171147420","2146703553","0.485424"
"2146703553","2203361072","0.604762"
"2203361072","2146703553","0.604762"
"2146703553","30636452","0.169515"
"30636452","2146703553","0.169515"
"2153752068","2161569281","1.21133"
"2161569281","2153752068","1.21133"
"2153752068","2171147420","0.616883"
"2171147420","2153752068","0.616883"
"2153752068","2203361072","0.171429"
"2203361072","2153752068","0.171429"
"2153752068","2296677182","0.0714286"
"2296677182","2153752068","0.0714286"
"2153752068","30636452","0.200216"
"30636452","2153752068","0.200216"
"2161569281","2171147420","2.47009"
"2171147420","2161569281","2.47009"
"2161569281","2203361072","0.425397"
"2203361072","2161569281","0.425397"
"2161569281","2296677182","0.196429"
"2296677182","2161569281","0.196429"
"2161569281","30636452","0.468074"
"30636452","2161569281","0.468074"
"2171147420","2203361072","2.01111"
"2203361072","2171147420","2.01111"
"2171147420","2296677182","0.339286"
"2296677182","2171147420","0.339286"
"2203361072","2296677182","0.339286"
"2296677182","2203361072","0.339286"
"2203361072","30636452","0.815476"
"30636452","2203361072","0.815476"
"2041770008","2122406210","0.526923"
"2122406210","2041770008","0.526923"
"2041770008","2139086035","0.360256"
"2139086035","2041770008","0.360256"
"2060883486","2139086035","2.98526"
"2139086035","2060883486","2.98526"
"2122406210","2139086035","0.776923"
"2139086035","2122406210","0.776923"
"2139086035","2296677182","1.27692"
"2296677182","2139086035","1.27692"
"1558801316","2020147322","2.50263"
"2020147322","1558801316","2.50263"
"1558801316","2145385038","1.33596"
"2145385038","1558801316","1.33596"
"1558801316","2296677182","2.45"
"2296677182","1558801316","2.45"
"1558801316","30636452","1.33596"
"30636452","1558801316","1.33596"
"1503091156","1601925768","24.3116"
"1601925768","1503091156","24.3116"
"1503091156","1995339490","3.35004"
"1995339490","1503091156","3.35004"
"1503091156","2098618284","3.42781"
"2098618284","1503091156","3.42781"
"1503091156","2497521232","4.44289"
"2497521232","1503091156","4.44289"
"1601925768","1995339490","3.35004"
"1995339490","1601925768","3.35004"
"1601925768","2098618284","3.42781"
"2098618284","1601925768","3.42781"
"1601925768","2497521232","4.44289"
"2497521232","1601925768","4.44289"
"1995339490","2098618284","1.8667"
"2098618284","1995339490","1.8667"
"1995339490","2497521232","20.2191"
"2497521232","1995339490","20.2191"
"2098618284","2497521232","3.04289"
"2497521232","2098618284","3.04289"
"1503091156","1523194426","2.69968"
"1523194426","1503091156","2.69968"
"1503091156","2023718005","1.98059"
"2023718005","1503091156","1.98059"
"1503091156","2209943643","2.6719"
"2209943643","1503091156","2.6719"
"1503091156","2585715281","0.785714"
"2585715281","1503091156","0.785714"
"1523194426","1601925768","2.69968"
"1601925768","1523194426","2.69968"
"1523194426","1995339490","4.22385"
"1995339490","1523194426","4.22385"
"1523194426","2023718005","1.3044"
"2023718005","1523194426","1.3044"
"1523194426","2209943643","32.8481"
"2209943643","1523194426","32.8481"
"1523194426","2497521232","3.92385"
"2497521232","1523194426","3.92385"
"1523194426","2585715281","3.20952"
"2585715281","1523194426","3.20952"
"1601925768","2023718005","1.98059"
"2023718005","1601925768","1.98059"
"1601925768","2209943643","3.6719"
"2209943643","1601925768","3.6719"
"1601925768","2585715281","0.785714"
"2585715281","1601925768","0.785714"
"1995339490","2023718005","1.3381"
"2023718005","1995339490","1.3381"
"1995339490","2209943643","1.72385"
"2209943643","1995339490","1.72385"
"1995339490","2585715281","0.785714"
"2585715281","1995339490","0.785714"
"2023718005","2209943643","1.27662"
"2209943643","2023718005","1.27662"
"2023718005","2497521232","1.48095"
"2497521232","2023718005","1.48095"
"2023718005","2585715281","0.267857"
"2585715281","2023718005","0.267857"
"2209943643","2497521232","2.22385"
"2497521232","2209943643","2.22385"
"2209943643","2585715281","2.50952"
"2585715281","2209943643","2.50952"
"2497521232","2585715281","2.23571"
"2585715281","2497521232","2.23571"
"1503091156","2187409650","0.858766"
"2187409650","1503091156","0.858766"
"1503091156","2766916843","0.684596"
"2766916843","1503091156","0.684596"
"1523194426","2187409650","0.632576"
"2187409650","1523194426","0.632576"
"1523194426","2766916843","2.4346"
"2766916843","1523194426","2.4346"
"1601925768","2187409650","0.858766"
"2187409650","1601925768","0.858766"
"1601925768","2766916843","0.684596"
"2766916843","1601925768","0.684596"
"1995339490","2187409650","0.267857"
"2187409650","1995339490","0.267857"
"1995339490","2766916843","0.899242"
"2766916843","1995339490","0.899242"
"2023718005","2187409650","2.08496"
"2187409650","2023718005","2.08496"
"2023718005","2766916843","6.42702"
"2766916843","2023718005","6.42702"
"2187409650","2209943643","0.632576"
"2209943643","2187409650","0.632576"
"2187409650","2497521232","1.16071"
"2497521232","2187409650","1.16071"
"2187409650","2766916843","1.38258"
"2766916843","2187409650","1.38258"
"2209943643","2766916843","1.37348"
"2766916843","2209943643","1.37348"
"2497521232","2766916843","1.09924"
"2766916843","2497521232","1.09924"
"1503091156","2052987550","0.608766"
"2052987550","1503091156","0.608766"
"1503091156","2084640755","1.50801"
"2084640755","1503091156","1.50801"
"1503091156","2121053357","1.30642"
"2121053357","1503091156","1.30642"
"1503091156","2424275237","0.0909091"
"2424275237","1503091156","0.0909091"
"1503091156","2795268817","0.911544"
"2795268817","1503091156","0.911544"
"1523194426","2052987550","4.42543"
"2052987550","1523194426","4.42543"
"1523194426","2084640755","0.581818"
"2084640755","1523194426","0.581818"
"1523194426","2121053357","0.570707"
"2121053357","1523194426","0.570707"
"1523194426","2424275237","0.0909091"
"2424275237","1523194426","0.0909091"
"1523194426","2795268817","0.778211"
"2795268817","1523194426","0.778211"
"1601925768","2052987550","0.608766"
"2052987550","1601925768","0.608766"
"1601925768","2084640755","1.50801"
"2084640755","1601925768","1.50801"
"1601925768","2121053357","1.30642"
"2121053357","1601925768","1.30642"
"1601925768","2424275237","0.0909091"
"2424275237","1601925768","0.0909091"
"1601925768","2795268817","0.911544"
"2795268817","1601925768","0.911544"
"2023718005","2052987550","0.233766"
"2052987550","2023718005","0.233766"
"2023718005","2084640755","1.0044"
"2084640755","2023718005","1.0044"
"2023718005","2121053357","1.14726"
"2121053357","2023718005","1.14726"
"2023718005","2424275237","0.0909091"
"2424275237","2023718005","0.0909091"
"2023718005","2795268817","0.976623"
"2795268817","2023718005","0.976623"
"2052987550","2084640755","2.75758"
"2084640755","2052987550","2.75758"
"2052987550","2121053357","1.42424"
"2121053357","2052987550","1.42424"
"2052987550","2187409650","0.0909091"
"2187409650","2052987550","0.0909091"
"2052987550","2209943643","3.72543"
"2209943643","2052987550","3.72543"
"2052987550","2424275237","0.0909091"
"2424275237","2052987550","0.0909091"
"2052987550","2766916843","2.12424"
"2766916843","2052987550","2.12424"
"2052987550","2795268817","0.576623"
"2795268817","2052987550","0.576623"
"2084640755","2121053357","21.4898"
"2121053357","2084640755","21.4898"
"2084640755","2187409650","0.483766"
"2187409650","2084640755","0.483766"
"2084640755","2209943643","0.470707"
"2209943643","2084640755","0.470707"
"2084640755","2424275237","0.0909091"
"2424275237","2084640755","0.0909091"
"2084640755","2766916843","0.976263"
"2766916843","2084640755","0.976263"
"2084640755","2795268817","0.611544"
"2795268817","2084640755","0.611544"
"2121053357","2187409650","0.626623"
"2187409650","2121053357","0.626623"
"2121053357","2209943643","0.459596"
"2209943643","2121053357","0.459596"
"2121053357","2424275237","0.0909091"
"2424275237","2121053357","0.0909091"
"2121053357","2766916843","0.976263"
"2766916843","2121053357","0.976263"
"2121053357","2795268817","0.500433"
"2795268817","2121053357","0.500433"
"2187409650","2424275237","0.0909091"
"2424275237","2187409650","0.0909091"
"2187409650","2795268817","0.650433"
"2795268817","2187409650","0.650433"
"2209943643","2424275237","0.0909091"
"2424275237","2209943643","0.0909091"
"2209943643","2795268817","0.578211"
"2795268817","2209943643","0.578211"
"2424275237","2766916843","0.0909091"
"2766916843","2424275237","0.0909091"
"2424275237","2795268817","0.0909091"
"2795268817","2424275237","0.0909091"
"2766916843","2795268817","2.05758"
"2795268817","2766916843","2.05758"
"2084640755","2098618284","3.80996"
"2098618284","2084640755","3.80996"
"2084640755","2497521232","2.69885"
"2497521232","2084640755","2.69885"
"2098618284","2121053357","1.4417"
"2121053357","2098618284","1.4417"
"2121053357","2497521232","2.49726"
"2497521232","2121053357","2.49726"
"1503091156","2106355650","0.209524"
"2106355650","1503091156","0.209524"
"1601925768","2106355650","0.209524"
"2106355650","1601925768","0.209524"
"2023718005","2098618284","0.856349"
"2098618284","2023718005","0.856349"
"2023718005","2106355650","0.685714"
"2106355650","2023718005","0.685714"
"2098618284","2106355650","0.209524"
"2106355650","2098618284","0.209524"
"2098618284","2187409650","5.03571"
"2187409650","2098618284","5.03571"
"2106355650","2121053357","0.87619"
"2121053357","2106355650","0.87619"
"2106355650","2187409650","0.47619"
"2187409650","2106355650","0.47619"
"2106355650","2497521232","0.37619"
"2497521232","2106355650","0.37619"
"1995339490","2052987550","0.410714"
"2052987550","1995339490","0.410714"
"1995339490","2795268817","0.856349"
"2795268817","1995339490","0.856349"
"2052987550","2098618284","0.60119"
"2098618284","2052987550","0.60119"
"2052987550","2497521232","1.86071"
"2497521232","2052987550","1.86071"
"2052987550","2585715281","0.667857"
"2585715281","2052987550","0.667857"
"2098618284","2585715281","0.267857"
"2585715281","2098618284","0.267857"
"2098618284","2795268817","0.463492"
"2795268817","2098618284","0.463492"
"2497521232","2795268817","1.30635"
"2795268817","2497521232","1.30635"
"2585715281","2795268817","2.50952"
"2795268817","2585715281","2.50952"
"1503091156","2041757497","0.313131"
"2041757497","1503091156","0.313131"
"1503091156","2924566404","0.157576"
"2924566404","1503091156","0.157576"
"1523194426","2041757497","0.313131"
"2041757497","1523194426","0.313131"
"1523194426","2098618284","1.21591"
"2098618284","1523194426","1.21591"
"1523194426","2924566404","0.4671"
"2924566404","1523194426","0.4671"
"1601925768","2041757497","0.313131"
"2041757497","1601925768","0.313131"
"1601925768","2924566404","0.157576"
"2924566404","1601925768","0.157576"
"1995339490","2041757497","0.20202"
"2041757497","1995339490","0.20202"
"1995339490","2084640755","1.16551"
"2084640755","1995339490","1.16551"
"1995339490","2121053357","0.821068"
"2121053357","1995339490","0.821068"
"1995339490","2924566404","0.4671"
"2924566404","1995339490","0.4671"
"2041757497","2084640755","2.9798"
"2084640755","2041757497","2.9798"
"2041757497","2098618284","1.14646"
"2098618284","2041757497","1.14646"
"2041757497","2121053357","1.14646"
"2121053357","2041757497","1.14646"
"2041757497","2209943643","0.20202"
"2209943643","2041757497","0.20202"
"2041757497","2497521232","0.20202"
"2497521232","2041757497","0.20202"
"2041757497","2766916843","0.20202"
"2766916843","2041757497","0.20202"
"2041757497","2924566404","0.0909091"
"2924566404","2041757497","0.0909091"
"2084640755","2924566404","0.774242"
"2924566404","2084640755","0.774242"
"2098618284","2209943643","1.1048"
"2209943643","2098618284","1.1048"
"2098618284","2766916843","0.268687"
"2766916843","2098618284","0.268687"
"2098618284","2924566404","0.157576"
"2924566404","2098618284","0.157576"
"2121053357","2924566404","0.774242"
"2924566404","2121053357","0.774242"
"2209943643","2924566404","0.4671"
"2924566404","2209943643","0.4671"
"2497521232","2924566404","0.550433"
"2924566404","2497521232","0.550433"
"2766916843","2924566404","0.940909"
"2924566404","2766916843","0.940909"
"1503091156","2146703553","0.1"
"2146703553","1503091156","0.1"
"1503091156","2150206209","0.1"
"2150206209","1503091156","0.1"
"1503091156","2153752068","0.1"
"2153752068","1503091156","0.1"
"1523194426","2146703553","0.1"
"2146703553","1523194426","0.1"
"1523194426","2150206209","0.1"
"2150206209","1523194426","0.1"
"1523194426","2153752068","0.1"
"2153752068","1523194426","0.1"
"1601925768","2146703553","0.1"
"2146703553","1601925768","0.1"
"1601925768","2150206209","0.1"
"2150206209","1601925768","0.1"
"1601925768","2153752068","0.1"
"2153752068","1601925768","0.1"
"1995339490","2146703553","0.1"
"2146703553","1995339490","0.1"
"1995339490","2150206209","0.1"
"2150206209","1995339490","0.1"
"1995339490","2153752068","0.1"
"2153752068","1995339490","0.1"
"2098618284","2146703553","0.1"
"2146703553","2098618284","0.1"
"2098618284","2150206209","0.1"
"2150206209","2098618284","0.1"
"2098618284","2153752068","0.1"
"2153752068","2098618284","0.1"
"2121053357","2146703553","0.6"
"2146703553","2121053357","0.6"
"2121053357","2150206209","0.1"
"2150206209","2121053357","0.1"
"2121053357","2153752068","0.1"
"2153752068","2121053357","0.1"
"2146703553","2150206209","0.545455"
"2150206209","2146703553","0.545455"
"2146703553","2209943643","0.1"
"2209943643","2146703553","0.1"
"2146703553","2497521232","0.183333"
"2497521232","2146703553","0.183333"
"2150206209","2153752068","0.528788"
"2153752068","2150206209","0.528788"
"2150206209","2209943643","0.1"
"2209943643","2150206209","0.1"
"2150206209","2497521232","0.1"
"2497521232","2150206209","0.1"
"2153752068","2209943643","0.1"
"2209943643","2153752068","0.1"
"2153752068","2497521232","0.183333"
"2497521232","2153752068","0.183333"
"1503091156","1859707960","0.125"
"1859707960","1503091156","0.125"
"1523194426","1859707960","0.625"
"1859707960","1523194426","0.625"
"1601925768","1859707960","0.125"
"1859707960","1601925768","0.125"
"1859707960","1995339490","0.125"
"1995339490","1859707960","0.125"
"1859707960","2023718005","0.267857"
"2023718005","1859707960","0.267857"
"1859707960","2209943643","0.125"
"2209943643","1859707960","0.125"
"1859707960","2497521232","0.125"
"2497521232","1859707960","0.125"
"1859707960","2585715281","0.625"
"2585715281","1859707960","0.625"
"1503091156","2139086035","0.7"
"2139086035","1503091156","0.7"
"1601925768","2139086035","0.7"
"2139086035","1601925768","0.7"
"2052987550","2139086035","0.25"
"2139086035","2052987550","0.25"
"2139086035","2497521232","0.7"
"2497521232","2139086035","0.7"
"2139086035","2585715281","2.25"
"2585715281","2139086035","2.25"
"1503091156","1963537333","0.177778"
"1963537333","1503091156","0.177778"
"1523194426","1963537333","0.177778"
"1963537333","1523194426","0.177778"
"1601925768","1963537333","0.177778"
"1963537333","1601925768","0.177778"
"1963537333","1995339490","0.177778"
"1995339490","1963537333","0.177778"
"1963537333","2084640755","0.177778"
"2084640755","1963537333","0.177778"
"1963537333","2098618284","0.177778"
"2098618284","1963537333","0.177778"
"1963537333","2209943643","0.177778"
"2209943643","1963537333","0.177778"
"1963537333","2497521232","0.177778"
"2497521232","1963537333","0.177778"
"1963537333","2795268817","0.177778"
"2795268817","1963537333","0.177778"
"1503091156","193566757","0.377778"
"193566757","1503091156","0.377778"
"1523194426","193566757","0.177778"
"193566757","1523194426","0.177778"
"1523194426","2106355650","0.0666667"
"2106355650","1523194426","0.0666667"
"1601925768","193566757","0.377778"
"193566757","1601925768","0.377778"
"193566757","1963537333","0.0666667"
"1963537333","193566757","0.0666667"
"193566757","1995339490","0.266667"
"1995339490","193566757","0.266667"
"193566757","2023718005","1.65397"
"2023718005","193566757","1.65397"
"193566757","2084640755","0.177778"
"2084640755","193566757","0.177778"
"193566757","2098618284","0.177778"
"2098618284","193566757","0.177778"
"193566757","2106355650","4.54286"
"2106355650","193566757","4.54286"
"193566757","2121053357","1.17778"
"2121053357","193566757","1.17778"
"193566757","2209943643","0.0666667"
"2209943643","193566757","0.0666667"
"193566757","2497521232","0.266667"
"2497521232","193566757","0.266667"
"193566757","2766916843","2.87778"
"2766916843","193566757","2.87778"
"193566757","2795268817","1.06667"
"2795268817","193566757","1.06667"
"193566757","2924566404","0.0666667"
"2924566404","193566757","0.0666667"
"1963537333","2023718005","0.0666667"
"2023718005","1963537333","0.0666667"
"1963537333","2106355650","0.0666667"
"2106355650","1963537333","0.0666667"
"1963537333","2121053357","0.0666667"
"2121053357","1963537333","0.0666667"
"1963537333","2766916843","0.0666667"
"2766916843","1963537333","0.0666667"
"1963537333","2924566404","0.0666667"
"2924566404","1963537333","0.0666667"
"1995339490","2106355650","0.233333"
"2106355650","1995339490","0.233333"
"2023718005","2924566404","0.659524"
"2924566404","2023718005","0.659524"
"2084640755","2106355650","0.233333"
"2106355650","2084640755","0.233333"
"2106355650","2209943643","0.0666667"
"2209943643","2106355650","0.0666667"
"2106355650","2766916843","0.983333"
"2766916843","2106355650","0.983333"
"2106355650","2795268817","0.0666667"
"2795268817","2106355650","0.0666667"
"2106355650","2924566404","0.233333"
"2924566404","2106355650","0.233333"
"2795268817","2924566404","4.57619"
"2924566404","2795268817","4.57619"
"193566757","2041757497","0.111111"
"2041757497","193566757","0.111111"
"2023718005","2041757497","0.111111"
"2041757497","2023718005","0.111111"
"1995339490","2139086035","0.2"
"2139086035","1995339490","0.2"
"2023718005","2139086035","0.2"
"2139086035","2023718005","0.2"
"1512955609","1974021718","0.166667"
"1974021718","1512955609","0.166667"
"1512955609","1989078417","0.166667"
"1989078417","1512955609","0.166667"
"1512955609","2139086035","0.719298"
"2139086035","1512955609","0.719298"
"1512955609","2150206209","0.166667"
"2150206209","1512955609","0.166667"
"1512955609","2269011405","0.166667"
"2269011405","1512955609","0.166667"
"1512955609","2424275237","0.166667"
"2424275237","1512955609","0.166667"
"1974021718","1989078417","0.75"
"1989078417","1974021718","0.75"
"1974021718","2150206209","0.166667"
"2150206209","1974021718","0.166667"
"1974021718","2424275237","0.166667"
"2424275237","1974021718","0.166667"
"1989078417","2139086035","2"
"2139086035","1989078417","2"
"1989078417","2150206209","0.212121"
"2150206209","1989078417","0.212121"
"1989078417","2269011405","0.75"
"2269011405","1989078417","0.75"
"1989078417","2424275237","0.166667"
"2424275237","1989078417","0.166667"
"2139086035","2150206209","1.51667"
"2150206209","2139086035","1.51667"
"2139086035","2424275237","0.166667"
"2424275237","2139086035","0.166667"
"2150206209","2269011405","0.166667"
"2269011405","2150206209","0.166667"
"2150206209","2424275237","0.166667"
"2424275237","2150206209","0.166667"
"2269011405","2424275237","0.166667"
"2424275237","2269011405","0.166667"
"1512955609","1684311429","1.30263"
"1684311429","1512955609","1.30263"
"1512955609","2140749167","1.75"
"2140749167","1512955609","1.75"
"1512955609","2167024438","0.25"
"2167024438","1512955609","0.25"
"1512955609","2203361072","0.392857"
"2203361072","1512955609","0.392857"
"1684311429","2140749167","3.23349"
"2140749167","1684311429","3.23349"
"1684311429","2167024438","0.416667"
"2167024438","1684311429","0.416667"
"2140749167","2167024438","0.25"
"2167024438","2140749167","0.25"
"2140749167","2203361072","4.36111"
"2203361072","2140749167","4.36111"
"2167024438","2203361072","0.25"
"2203361072","2167024438","0.25"
"1512955609","2106895292","11.5929"
"2106895292","1512955609","11.5929"
"2106895292","2140749167","1.5"
"2140749167","2106895292","1.5"
"1512955609","2146635036","1.05263"
"2146635036","1512955609","1.05263"
"1512955609","1979447985","0.502632"
"1979447985","1512955609","0.502632"
"1512955609","2145385038","1.14549"
"2145385038","1512955609","1.14549"
"1512955609","2155960838","0.252632"
"2155960838","1512955609","0.252632"
"1512955609","30636452","1.14549"
"30636452","1512955609","1.14549"
"1979447985","2106895292","0.45"
"2106895292","1979447985","0.45"
"2106895292","2145385038","0.592857"
"2145385038","2106895292","0.592857"
"2106895292","2155960838","0.2"
"2155960838","2106895292","0.2"
"2106895292","30636452","0.592857"
"30636452","2106895292","0.592857"
"1512955609","2041770008","0.166667"
"2041770008","1512955609","0.166667"
"1512955609","2135499008","0.166667"
"2135499008","1512955609","0.166667"
"1512955609","2141192422","0.166667"
"2141192422","1512955609","0.166667"
"1512955609","2143819160","0.166667"
"2143819160","1512955609","0.166667"
"1512955609","2146703553","0.219298"
"2146703553","1512955609","0.219298"
"1512955609","2161569281","0.309524"
"2161569281","1512955609","0.309524"
"2041770008","2135499008","0.24359"
"2135499008","2041770008","0.24359"
"2041770008","2141192422","0.166667"
"2141192422","2041770008","0.166667"
"2041770008","2143819160","0.166667"
"2143819160","2041770008","0.166667"
"2041770008","2146703553","0.166667"
"2146703553","2041770008","0.166667"
"2041770008","2161569281","0.25"
"2161569281","2041770008","0.25"
"2135499008","2141192422","0.166667"
"2141192422","2135499008","0.166667"
"2135499008","2143819160","2.35498"
"2143819160","2135499008","2.35498"
"2141192422","2143819160","0.257576"
"2143819160","2141192422","0.257576"
"2141192422","2146703553","12.202"
"2146703553","2141192422","12.202"
"2141192422","2161569281","0.368687"
"2161569281","2141192422","0.368687"
"2143819160","2146703553","0.90303"
"2146703553","2143819160","0.90303"
"2143819160","2161569281","1.95541"
"2161569281","2143819160","1.95541"
"2106895292","2139086035","0.5"
"2139086035","2106895292","0.5"
"1512955609","2119803607","1"
"2119803607","1512955609","1"
"1512955609","2020147322","0.195489"
"2020147322","1512955609","0.195489"
"1512955609","2162747054","0.142857"
"2162747054","1512955609","0.142857"
"2020147322","2106895292","0.142857"
"2106895292","2020147322","0.142857"
"2020147322","2162747054","0.22619"
"2162747054","2020147322","0.22619"
"2106895292","2161569281","0.142857"
"2161569281","2106895292","0.142857"
"2106895292","2162747054","0.142857"
"2162747054","2106895292","0.142857"
"2106895292","2203361072","0.142857"
"2203361072","2106895292","0.142857"
"2145385038","2162747054","0.271645"
"2162747054","2145385038","0.271645"
"2161569281","2162747054","1.83994"
"2162747054","2161569281","1.83994"
"2162747054","2203361072","2.07619"
"2203361072","2162747054","2.07619"
"2162747054","30636452","0.271645"
"30636452","2162747054","0.271645"
"1512955609","2044564105","1.05263"
"2044564105","1512955609","1.05263"
"1512955609","1558801316","0.0526316"
"1558801316","1512955609","0.0526316"
"1512955609","1701068577","0.0526316"
"1701068577","1512955609","0.0526316"
"1512955609","1976597724","0.0526316"
"1976597724","1512955609","0.0526316"
"1512955609","1978933387","0.0526316"
"1978933387","1512955609","0.0526316"
"1512955609","2097995023","0.0526316"
"2097995023","1512955609","0.0526316"
"1512955609","2100741730","0.0526316"
"2100741730","1512955609","0.0526316"
"1512955609","2106355650","0.0526316"
"2106355650","1512955609","0.0526316"
"1512955609","2171147420","0.0526316"
"2171147420","1512955609","0.0526316"
"1512955609","2218458026","0.0526316"
"2218458026","1512955609","0.0526316"
"1558801316","1684311429","1.05263"
"1684311429","1558801316","1.05263"
"1558801316","1701068577","0.0526316"
"1701068577","1558801316","0.0526316"
"1558801316","1976597724","0.0526316"
"1976597724","1558801316","0.0526316"
"1558801316","1978933387","0.0526316"
"1978933387","1558801316","0.0526316"
"1558801316","1979447985","1.05263"
"1979447985","1558801316","1.05263"
"1558801316","2044564105","0.0526316"
"2044564105","1558801316","0.0526316"
"1558801316","2097995023","0.0526316"
"2097995023","1558801316","0.0526316"
"1558801316","2100741730","0.302632"
"2100741730","1558801316","0.302632"
"1558801316","2106355650","0.0526316"
"2106355650","1558801316","0.0526316"
"1558801316","2139086035","0.302632"
"2139086035","1558801316","0.302632"
"1558801316","2146635036","0.0526316"
"2146635036","1558801316","0.0526316"
"1558801316","2146703553","0.0526316"
"2146703553","1558801316","0.0526316"
"1558801316","2155960838","0.0526316"
"2155960838","1558801316","0.0526316"
"1558801316","2171147420","0.0526316"
"2171147420","1558801316","0.0526316"
"1558801316","2218458026","0.0526316"
"2218458026","1558801316","0.0526316"
"1684311429","1976597724","0.198086"
"1976597724","1684311429","0.198086"
"1684311429","1978933387","1.10263"
"1978933387","1684311429","1.10263"
"1684311429","1979447985","0.497412"
"1979447985","1684311429","0.497412"
"1684311429","2044564105","0.634197"
"2044564105","1684311429","0.634197"
"1684311429","2097995023","0.152632"
"2097995023","1684311429","0.152632"
"1684311429","2100741730","0.195489"
"2100741730","1684311429","0.195489"
"1684311429","2139086035","0.240666"
"2139086035","1684311429","0.240666"
"1684311429","2146635036","0.0526316"
"2146635036","1684311429","0.0526316"
"1684311429","2155960838","0.420489"
"2155960838","1684311429","0.420489"
"1684311429","2218458026","0.0526316"
"2218458026","1684311429","0.0526316"
