"1486741950","1602871442","1.1"
"1602871442","1486741950","1.1"
"1486741950","2169009028","6.03337"
"2169009028","1486741950","6.03337"
"1602871442","2169009028","1.6"
"2169009028","1602871442","1.6"
"1486741950","173108240","5.17226"
"173108240","1486741950","5.17226"
"1486741950","158544713","2.77385"
"158544713","1486741950","2.77385"
"1486741950","2038597881","3.28337"
"2038597881","1486741950","3.28337"
"1486741950","2110768293","3.25004"
"2110768293","1486741950","3.25004"
"1486741950","2118355694","1.63337"
"2118355694","1486741950","1.63337"
"1486741950","2151793071","4.40004"
"2151793071","1486741950","4.40004"
"158544713","173108240","2.86273"
"173108240","158544713","2.86273"
"158544713","2038597881","2.40718"
"2038597881","158544713","2.40718"
"158544713","2110768293","4.64051"
"2110768293","158544713","4.64051"
"158544713","2118355694","1.94051"
"2118355694","158544713","1.94051"
"158544713","2151793071","1.77385"
"2151793071","158544713","1.77385"
"158544713","2169009028","4.30718"
"2169009028","158544713","4.30718"
"173108240","2038597881","6.83892"
"2038597881","173108240","6.83892"
"173108240","2110768293","2.75559"
"2110768293","173108240","2.75559"
"173108240","2118355694","6.25559"
"2118355694","173108240","6.25559"
"173108240","2151793071","4.17226"
"2151793071","173108240","4.17226"
"173108240","2169009028","3.62226"
"2169009028","173108240","3.62226"
"2038597881","2110768293","2.38337"
"2110768293","2038597881","2.38337"
"2038597881","2118355694","10.1667"
"2118355694","2038597881","10.1667"
"2038597881","2151793071","6.28337"
"2151793071","2038597881","6.28337"
"2038597881","2169009028","2.25004"
"2169009028","2038597881","2.25004"
"2110768293","2118355694","2.58337"
"2118355694","2110768293","2.58337"
"2110768293","2151793071","4.00004"
"2151793071","2110768293","4.00004"
"2110768293","2169009028","8.1167"
"2169009028","2110768293","8.1167"
"2118355694","2151793071","1.7167"
"2151793071","2118355694","1.7167"
"2118355694","2169009028","3.08337"
"2169009028","2118355694","3.08337"
"2151793071","2169009028","5.1167"
"2169009028","2151793071","5.1167"
"1486741950","2170011643","3.92821"
"2170011643","1486741950","3.92821"
"1602871442","2151793071","1.43333"
"2151793071","1602871442","1.43333"
"1602871442","2170011643","0.933333"
"2170011643","1602871442","0.933333"
"2151793071","2170011643","8.96988"
"2170011643","2151793071","8.96988"
"2169009028","2170011643","3.64488"
"2170011643","2169009028","3.64488"
"1486741950","2109006742","0.913131"
"2109006742","1486741950","0.913131"
"158544713","2109006742","1.5298"
"2109006742","158544713","1.5298"
"158544713","2170011643","1.30202"
"2170011643","158544713","1.30202"
"173108240","2109006742","4.86869"
"2109006742","173108240","4.86869"
"173108240","2170011643","5.56154"
"2170011643","173108240","5.56154"
"2109006742","2110768293","1.5298"
"2110768293","2109006742","1.5298"
"2109006742","2169009028","2.0298"
"2169009028","2109006742","2.0298"
"2109006742","2170011643","1.42702"
"2170011643","2109006742","1.42702"
"2110768293","2170011643","2.86154"
"2170011643","2110768293","2.86154"
"2038597881","2109006742","5.11313"
"2109006742","2038597881","5.11313"
"2038597881","2170011643","3.09488"
"2170011643","2038597881","3.09488"
"2109006742","2118355694","5.7298"
"2118355694","2109006742","5.7298"
"2118355694","2170011643","1.02821"
"2170011643","2118355694","1.02821"
"158544713","1602871442","0.183333"
"1602871442","158544713","0.183333"
"1602871442","173108240","0.683333"
"173108240","1602871442","0.683333"
"1602871442","2038597881","0.183333"
"2038597881","1602871442","0.183333"
"1602871442","2109006742","0.183333"
"2109006742","1602871442","0.183333"
"1602871442","2110768293","0.183333"
"2110768293","1602871442","0.183333"
"1602871442","2118355694","0.183333"
"2118355694","1602871442","0.183333"
"2109006742","2151793071","0.996465"
"2151793071","2109006742","0.996465"
"1486741950","1777669349","0.90202"
"1777669349","1486741950","0.90202"
"1486741950","2884628886","0.111111"
"2884628886","1486741950","0.111111"
"158544713","1777669349","0.70202"
"1777669349","158544713","0.70202"
"158544713","2884628886","0.111111"
"2884628886","158544713","0.111111"
"1777669349","2038597881","1.68535"
"2038597881","1777669349","1.68535"
"1777669349","2109006742","1.06869"
"2109006742","1777669349","1.06869"
"1777669349","2110768293","0.285354"
"2110768293","1777669349","0.285354"
"1777669349","2118355694","1.06869"
"2118355694","1777669349","1.06869"
"1777669349","2151793071","0.818687"
"2151793071","1777669349","0.818687"
"1777669349","2169009028","0.45202"
"2169009028","1777669349","0.45202"
"1777669349","2884628886","0.111111"
"2884628886","1777669349","0.111111"
"2038597881","2884628886","0.111111"
"2884628886","2038597881","0.111111"
"2109006742","2884628886","0.111111"
"2884628886","2109006742","0.111111"
"2110768293","2884628886","0.111111"
"2884628886","2110768293","0.111111"
"2118355694","2884628886","0.111111"
"2884628886","2118355694","0.111111"
"2151793071","2884628886","0.111111"
"2884628886","2151793071","0.111111"
"2169009028","2884628886","0.111111"
"2884628886","2169009028","0.111111"
"1486741950","1542547123","0.665909"
"1542547123","1486741950","0.665909"
"1542547123","158544713","0.465909"
"158544713","1542547123","0.465909"
"1542547123","173108240","0.499242"
"173108240","1542547123","0.499242"
"1542547123","2038597881","1.19924"
"2038597881","1542547123","1.19924"
"1542547123","2109006742","0.499242"
"2109006742","1542547123","0.499242"
"1542547123","2110768293","0.299242"
"2110768293","1542547123","0.299242"
"1542547123","2118355694","0.499242"
"2118355694","1542547123","0.499242"
"1542547123","2169009028","0.465909"
"2169009028","1542547123","0.465909"
"173108240","1777669349","0.874242"
"1777669349","173108240","0.874242"
"1542547123","1777669349","1.07424"
"1777669349","1542547123","1.07424"
"1542547123","2170011643","1.20758"
"2170011643","1542547123","1.20758"
"1777669349","2170011643","0.874242"
"2170011643","1777669349","0.874242"
"1542547123","1602871442","0.0833333"
"1602871442","1542547123","0.0833333"
"1542547123","2151793071","1.04091"
"2151793071","1542547123","1.04091"
"1602871442","1777669349","0.0833333"
"1777669349","1602871442","0.0833333"
"1486741950","1557494912","0.5"
"1557494912","1486741950","0.5"
"1557494912","1602871442","0.166667"
"1602871442","1557494912","0.166667"
"1557494912","173108240","0.5"
"173108240","1557494912","0.5"
"1557494912","2151793071","0.166667"
"2151793071","1557494912","0.166667"
"1557494912","2169009028","0.166667"
"2169009028","1557494912","0.166667"
"1557494912","2170011643","0.166667"
"2170011643","1557494912","0.166667"
"1486741950","2283500935","0.333333"
"2283500935","1486741950","0.333333"
"1557494912","2283500935","2.33333"
"2283500935","1557494912","2.33333"
"173108240","2283500935","0.333333"
"2283500935","173108240","0.333333"
"1783841053","2046713668","0.97619"
"2046713668","1783841053","0.97619"
"1783841053","2115583184","2.84286"
"2115583184","1783841053","2.84286"
"2046713668","2115583184","1.97619"
"2115583184","2046713668","1.97619"
"1783841053","2486345540","2.20952"
"2486345540","1783841053","2.20952"
"2115583184","2486345540","4.84286"
"2486345540","2115583184","4.84286"
"1783841053","2755772211","2.86667"
"2755772211","1783841053","2.86667"
"1783841053","2918352552","0.533333"
"2918352552","1783841053","0.533333"
"2486345540","2755772211","5.06667"
"2755772211","2486345540","5.06667"
"2486345540","2918352552","0.733333"
"2918352552","2486345540","0.733333"
"2755772211","2918352552","4.03333"
"2918352552","2755772211","4.03333"
"1783841053","2036228459","1.47619"
"2036228459","1783841053","1.47619"
"1783841053","2088359115","0.142857"
"2088359115","1783841053","0.142857"
"1783841053","2607241588","0.142857"
"2607241588","1783841053","0.142857"
"1783841053","2607446063","0.142857"
"2607446063","1783841053","0.142857"
"2036228459","2046713668","1.47619"
"2046713668","2036228459","1.47619"
"2036228459","2088359115","0.142857"
"2088359115","2036228459","0.142857"
"2036228459","2115583184","3.30952"
"2115583184","2036228459","3.30952"
"2036228459","2486345540","0.809524"
"2486345540","2036228459","0.809524"
"2036228459","2607241588","0.142857"
"2607241588","2036228459","0.142857"
"2036228459","2607446063","0.142857"
"2607446063","2036228459","0.142857"
"2046713668","2088359115","0.142857"
"2088359115","2046713668","0.142857"
"2046713668","2486345540","0.809524"
"2486345540","2046713668","0.809524"
"2046713668","2607241588","0.142857"
"2607241588","2046713668","0.142857"
"2046713668","2607446063","0.142857"
"2607446063","2046713668","0.142857"
"2088359115","2115583184","0.142857"
"2115583184","2088359115","0.142857"
"2088359115","2486345540","0.142857"
"2486345540","2088359115","0.142857"
"2088359115","2607241588","14.6429"
"2607241588","2088359115","14.6429"
"2088359115","2607446063","0.142857"
"2607446063","2088359115","0.142857"
"2115583184","2607241588","0.142857"
"2607241588","2115583184","0.142857"
"2115583184","2607446063","0.97619"
"2607446063","2115583184","0.97619"
"2486345540","2607241588","0.142857"
"2607241588","2486345540","0.142857"
"2486345540","2607446063","0.97619"
"2607446063","2486345540","0.97619"
"2607241588","2607446063","0.142857"
"2607446063","2607241588","0.142857"
"1783841053","2164561142","0.533333"
"2164561142","1783841053","0.533333"
"1783841053","2607376878","0.733333"
"2607376878","1783841053","0.733333"
"2115583184","2164561142","0.533333"
"2164561142","2115583184","0.533333"
"2115583184","2607376878","0.533333"
"2607376878","2115583184","0.533333"
"2115583184","2918352552","0.7"
"2918352552","2115583184","0.7"
"2164561142","2486345540","0.4"
"2486345540","2164561142","0.4"
"2164561142","2607376878","0.4"
"2607376878","2164561142","0.4"
"2164561142","2918352552","0.4"
"2918352552","2164561142","0.4"
"2486345540","2607376878","3.93333"
"2607376878","2486345540","3.93333"
"2607376878","2918352552","0.4"
"2918352552","2607376878","0.4"
"2115583184","2755772211","3.66667"
"2755772211","2115583184","3.66667"
"2164561142","2755772211","0.533333"
"2755772211","2164561142","0.533333"
"2036228459","2607376878","0.666667"
"2607376878","2036228459","0.666667"
"1783841053","1993456074","0.2"
"1993456074","1783841053","0.2"
"1783841053","2747106444","0.2"
"2747106444","1783841053","0.2"
"1993456074","2486345540","0.2"
"2486345540","1993456074","0.2"
"1993456074","2607376878","0.2"
"2607376878","1993456074","0.2"
"1993456074","2747106444","0.2"
"2747106444","1993456074","0.2"
"1993456074","2755772211","0.2"
"2755772211","1993456074","0.2"
"2486345540","2747106444","0.2"
"2747106444","2486345540","0.2"
"2607376878","2747106444","0.2"
"2747106444","2607376878","0.2"
"2607376878","2755772211","0.4"
"2755772211","2607376878","0.4"
"2747106444","2755772211","0.2"
"2755772211","2747106444","0.2"
"1993456074","2764731035","1"
"2764731035","1993456074","1"
"1993456074","2088359115","0.5"
"2088359115","1993456074","0.5"
"1993456074","2607241588","0.5"
"2607241588","1993456074","0.5"
"2036228459","2755772211","1.5"
"2755772211","2036228459","1.5"
"2046713668","2607376878","0.333333"
"2607376878","2046713668","0.333333"
"2036228459","2884628886","0.333333"
"2884628886","2036228459","0.333333"
"2115583184","2884628886","0.333333"
"2884628886","2115583184","0.333333"
"2486345540","2884628886","0.533333"
"2884628886","2486345540","0.533333"
"2039722041","2152301270","0.5"
"2152301270","2039722041","0.5"
"2039722041","2171997044","0.5"
"2171997044","2039722041","0.5"
"2152301270","2171997044","0.5"
"2171997044","2152301270","0.5"
"2044330111","2088359115","2"
"2088359115","2044330111","2"
"2044330111","2607241588","2"
"2607241588","2044330111","2"
"2081821924","2151793071","1"
"2151793071","2081821924","1"
"2104191264","2171997044","6"
"2171997044","2104191264","6"
"2607446063","2755772211","0.333333"
"2755772211","2607446063","0.333333"
"2164561142","2884628886","0.2"
"2884628886","2164561142","0.2"
"2607376878","2884628886","0.2"
"2884628886","2607376878","0.2"
"2755772211","2884628886","0.2"
"2884628886","2755772211","0.2"
"2884628886","2918352552","0.2"
"2918352552","2884628886","0.2"
"2746685464","2981701581","1"
"2981701581","2746685464","1"
"2747106444","2884628886","1"
"2884628886","2747106444","1"
