"100082076","2113640782","9.23704"
"2113640782","100082076","9.23704"
"100082076","1997332627","0.583333"
"1997332627","100082076","0.583333"
"100082076","2128362607","0.583333"
"2128362607","100082076","0.583333"
"1997332627","2113640782","1.47619"
"2113640782","1997332627","1.47619"
"1997332627","2128362607","0.72619"
"2128362607","1997332627","0.72619"
"2113640782","2128362607","0.72619"
"2128362607","2113640782","0.72619"
"100082076","1499820551","0.666667"
"1499820551","100082076","0.666667"
"1499820551","2113640782","0.719298"
"2113640782","1499820551","0.719298"
"100082076","1510252230","0.25"
"1510252230","100082076","0.25"
"100082076","2062735494","0.1"
"2062735494","100082076","0.1"
"100082076","2112215401","0.25"
"2112215401","100082076","0.25"
"100082076","2153399951","0.25"
"2153399951","100082076","0.25"
"100082076","2162553498","0.166667"
"2162553498","100082076","0.166667"
"100082076","2485234578","0.25"
"2485234578","100082076","0.25"
"100082076","87905120","0.25"
"87905120","100082076","0.25"
"1510252230","1997332627","0.9"
"1997332627","1510252230","0.9"
"1510252230","2062735494","0.2"
"2062735494","1510252230","0.2"
"1510252230","2112215401","0.45"
"2112215401","1510252230","0.45"
"1510252230","2113640782","0.5"
"2113640782","1510252230","0.5"
"1510252230","2128362607","0.25"
"2128362607","1510252230","0.25"
"1510252230","2153399951","0.45"
"2153399951","1510252230","0.45"
"1510252230","2162553498","0.616667"
"2162553498","1510252230","0.616667"
"1510252230","2485234578","0.65"
"2485234578","1510252230","0.65"
"1510252230","87905120","0.65"
"87905120","1510252230","0.65"
"1997332627","2062735494","0.2"
"2062735494","1997332627","0.2"
"1997332627","2112215401","0.7"
"2112215401","1997332627","0.7"
"1997332627","2153399951","0.45"
"2153399951","1997332627","0.45"
"1997332627","2162553498","0.866667"
"2162553498","1997332627","0.866667"
"1997332627","2485234578","4.04286"
"2485234578","1997332627","4.04286"
"1997332627","87905120","0.9"
"87905120","1997332627","0.9"
"2062735494","2112215401","0.1"
"2112215401","2062735494","0.1"
"2062735494","2113640782","0.1"
"2113640782","2062735494","0.1"
"2062735494","2128362607","0.1"
"2128362607","2062735494","0.1"
"2062735494","2153399951","0.2"
"2153399951","2062735494","0.2"
"2062735494","2162553498","0.2"
"2162553498","2062735494","0.2"
"2062735494","2485234578","0.2"
"2485234578","2062735494","0.2"
"2062735494","87905120","0.2"
"87905120","2062735494","0.2"
"2112215401","2113640782","0.5"
"2113640782","2112215401","0.5"
"2112215401","2128362607","0.25"
"2128362607","2112215401","0.25"
"2112215401","2153399951","0.25"
"2153399951","2112215401","0.25"
"2112215401","2162553498","0.277778"
"2162553498","2112215401","0.277778"
"2112215401","2485234578","0.45"
"2485234578","2112215401","0.45"
"2112215401","87905120","0.561111"
"87905120","2112215401","0.561111"
"2113640782","2153399951","0.25"
"2153399951","2113640782","0.25"
"2113640782","2162553498","0.416667"
"2162553498","2113640782","0.416667"
"2113640782","2485234578","0.392857"
"2485234578","2113640782","0.392857"
"2113640782","87905120","0.25"
"87905120","2113640782","0.25"
"2128362607","2153399951","0.25"
"2153399951","2128362607","0.25"
"2128362607","2162553498","0.166667"
"2162553498","2128362607","0.166667"
"2128362607","2485234578","0.392857"
"2485234578","2128362607","0.392857"
"2128362607","87905120","0.25"
"87905120","2128362607","0.25"
"2153399951","2162553498","0.366667"
"2162553498","2153399951","0.366667"
"2153399951","2485234578","0.45"
"2485234578","2153399951","0.45"
"2153399951","87905120","0.45"
"87905120","2153399951","0.45"
"2162553498","2485234578","0.616667"
"2485234578","2162553498","0.616667"
"2162553498","87905120","1.06111"
"87905120","2162553498","1.06111"
"2485234578","87905120","0.9"
"87905120","2485234578","0.9"
"100082076","2070511907","0.25"
"2070511907","100082076","0.25"
"100082076","2114303224","0.25"
"2114303224","100082076","0.25"
"100082076","2187405563","0.853704"
"2187405563","100082076","0.853704"
"2070511907","2113640782","0.25"
"2113640782","2070511907","0.25"
"2070511907","2114303224","0.25"
"2114303224","2070511907","0.25"
"2070511907","2187405563","0.25"
"2187405563","2070511907","0.25"
"2113640782","2114303224","0.25"
"2114303224","2113640782","0.25"
"2113640782","2187405563","2.1037"
"2187405563","2113640782","2.1037"
"2114303224","2187405563","0.25"
"2187405563","2114303224","0.25"
"100082076","1483819513","0.037037"
"1483819513","100082076","0.037037"
"100082076","1509857430","0.037037"
"1509857430","100082076","0.037037"
"100082076","1518578660","0.037037"
"1518578660","100082076","0.037037"
"100082076","1537448616","0.037037"
"1537448616","100082076","0.037037"
"100082076","1542571610","0.037037"
"1542571610","100082076","0.037037"
"100082076","1552497468","0.037037"
"1552497468","100082076","0.037037"
"100082076","1978309035","0.037037"
"1978309035","100082076","0.037037"
"100082076","1997837472","0.037037"
"1997837472","100082076","0.037037"
"100082076","2005430558","0.037037"
"2005430558","100082076","0.037037"
"100082076","2008633193","0.037037"
"2008633193","100082076","0.037037"
"100082076","2016231742","0.037037"
"2016231742","100082076","0.037037"
"100082076","2028511104","0.037037"
"2028511104","100082076","0.037037"
"100082076","2060482168","0.037037"
"2060482168","100082076","0.037037"
"100082076","2061587502","0.203704"
"2061587502","100082076","0.203704"
"100082076","2065419751","0.037037"
"2065419751","100082076","0.037037"
"100082076","2072627547","0.203704"
"2072627547","100082076","0.203704"
"100082076","2085046343","0.037037"
"2085046343","100082076","0.037037"
"100082076","2107388383","0.037037"
"2107388383","100082076","0.037037"
"100082076","2115320410","0.037037"
"2115320410","100082076","0.037037"
"100082076","2117034946","0.037037"
"2117034946","100082076","0.037037"
"100082076","2130384953","0.037037"
"2130384953","100082076","0.037037"
"100082076","2131300191","0.203704"
"2131300191","100082076","0.203704"
"100082076","2143377704","0.037037"
"2143377704","100082076","0.037037"
"100082076","2150227404","0.037037"
"2150227404","100082076","0.037037"
"100082076","2163765478","0.037037"
"2163765478","100082076","0.037037"
"1483819513","1509857430","0.037037"
"1509857430","1483819513","0.037037"
"1483819513","1518578660","0.287037"
"1518578660","1483819513","0.287037"
"1483819513","1537448616","0.0896686"
"1537448616","1483819513","0.0896686"
"1483819513","1542571610","0.0896686"
"1542571610","1483819513","0.0896686"
"1483819513","1552497468","0.037037"
"1552497468","1483819513","0.037037"
"1483819513","1978309035","0.037037"
"1978309035","1483819513","0.037037"
"1483819513","1997837472","0.037037"
"1997837472","1483819513","0.037037"
"1483819513","2005430558","0.037037"
"2005430558","1483819513","0.037037"
"1483819513","2008633193","0.787037"
"2008633193","1483819513","0.787037"
"1483819513","2016231742","0.537037"
"2016231742","1483819513","0.537037"
"1483819513","2028511104","0.237037"
"2028511104","1483819513","0.237037"
"1483819513","2060482168","0.037037"
"2060482168","1483819513","0.037037"
"1483819513","2061587502","0.0896686"
"2061587502","1483819513","0.0896686"
"1483819513","2065419751","0.0896686"
"2065419751","1483819513","0.0896686"
"1483819513","2072627547","0.210648"
"2072627547","1483819513","0.210648"
"1483819513","2085046343","0.037037"
"2085046343","1483819513","0.037037"
"1483819513","2107388383","0.237037"
"2107388383","1483819513","0.237037"
"1483819513","2113640782","0.037037"
"2113640782","1483819513","0.037037"
"1483819513","2115320410","0.037037"
"2115320410","1483819513","0.037037"
"1483819513","2117034946","0.099537"
"2117034946","1483819513","0.099537"
"1483819513","2130384953","0.037037"
"2130384953","1483819513","0.037037"
"1483819513","2131300191","0.037037"
"2131300191","1483819513","0.037037"
"1483819513","2143377704","0.037037"
"2143377704","1483819513","0.037037"
"1483819513","2150227404","0.398148"
"2150227404","1483819513","0.398148"
"1483819513","2163765478","0.652169"
"2163765478","1483819513","0.652169"
"1483819513","2187405563","0.037037"
"2187405563","1483819513","0.037037"
"1509857430","1518578660","0.589669"
"1518578660","1509857430","0.589669"
"1509857430","1537448616","0.037037"
"1537448616","1509857430","0.037037"
"1509857430","1542571610","0.127946"
"1542571610","1509857430","0.127946"
"1509857430","1552497468","0.099537"
"1552497468","1509857430","0.099537"
"1509857430","1978309035","0.152169"
"1978309035","1509857430","0.152169"
"1509857430","1997837472","0.190446"
"1997837472","1509857430","0.190446"
"1509857430","2005430558","0.037037"
"2005430558","1509857430","0.037037"
"1509857430","2008633193","0.037037"
"2008633193","1509857430","0.037037"
"1509857430","2016231742","0.127946"
"2016231742","1509857430","0.127946"
"1509857430","2028511104","0.0896686"
"2028511104","1509857430","0.0896686"
"1509857430","2060482168","0.266204"
"2060482168","1509857430","0.266204"
"1509857430","2061587502","0.037037"
"2061587502","1509857430","0.037037"
"1509857430","2065419751","0.243078"
"2065419751","1509857430","0.243078"
"1509857430","2072627547","0.152169"
"2072627547","1509857430","0.152169"
"1509857430","2085046343","0.037037"
"2085046343","1509857430","0.037037"
"1509857430","2107388383","1.40974"
"2107388383","1509857430","1.40974"
"1509857430","2113640782","0.0896686"
"2113640782","1509857430","0.0896686"
"1509857430","2115320410","0.099537"
"2115320410","1509857430","0.099537"
"1509857430","2117034946","0.0896686"
"2117034946","1509857430","0.0896686"
"1509857430","2130384953","0.037037"
"2130384953","1509857430","0.037037"
"1509857430","2131300191","0.0896686"
"2131300191","1509857430","0.0896686"
"1509857430","2143377704","0.190446"
"2143377704","1509857430","0.190446"
"1509857430","2150227404","0.0896686"
"2150227404","1509857430","0.0896686"
"1509857430","2163765478","0.180578"
"2163765478","1509857430","0.180578"
"1509857430","2187405563","0.037037"
"2187405563","1509857430","0.037037"
"1518578660","1537448616","0.287037"
"1537448616","1518578660","0.287037"
"1518578660","1542571610","0.037037"
"1542571610","1518578660","0.037037"
"1518578660","1552497468","0.287037"
"1552497468","1518578660","0.287037"
"1518578660","1978309035","0.339669"
"1978309035","1518578660","0.339669"
"1518578660","1997837472","0.037037"
"1997837472","1518578660","0.037037"
"1518578660","2005430558","0.037037"
"2005430558","1518578660","0.037037"
"1518578660","2008633193","0.287037"
"2008633193","1518578660","0.287037"
"1518578660","2016231742","0.037037"
"2016231742","1518578660","0.037037"
"1518578660","2028511104","0.0896686"
"2028511104","1518578660","0.0896686"
"1518578660","2060482168","0.037037"
"2060482168","1518578660","0.037037"
"1518578660","2061587502","0.037037"
"2061587502","1518578660","0.037037"
"1518578660","2065419751","0.423002"
"2065419751","1518578660","0.423002"
"1518578660","2072627547","0.673002"
"2072627547","1518578660","0.673002"
"1518578660","2085046343","0.287037"
"2085046343","1518578660","0.287037"
"1518578660","2107388383","0.0896686"
"2107388383","1518578660","0.0896686"
"1518578660","2113640782","0.0896686"
"2113640782","1518578660","0.0896686"
"1518578660","2115320410","0.037037"
"2115320410","1518578660","0.037037"
"1518578660","2117034946","0.0896686"
"2117034946","1518578660","0.0896686"
"1518578660","2130384953","0.037037"
"2130384953","1518578660","0.037037"
"1518578660","2131300191","0.339669"
"2131300191","1518578660","0.339669"
"1518578660","2143377704","0.037037"
"2143377704","1518578660","0.037037"
"1518578660","2150227404","0.339669"
"2150227404","1518578660","0.339669"
"1518578660","2163765478","0.589669"
"2163765478","1518578660","0.589669"
"1518578660","2187405563","0.037037"
"2187405563","1518578660","0.037037"
"1537448616","1542571610","0.0896686"
"1542571610","1537448616","0.0896686"
"1537448616","1552497468","0.037037"
"1552497468","1537448616","0.037037"
"1537448616","1978309035","0.037037"
"1978309035","1537448616","0.037037"
"1537448616","1997837472","0.037037"
"1997837472","1537448616","0.037037"
"1537448616","2005430558","0.037037"
"2005430558","1537448616","0.037037"
"1537448616","2008633193","0.037037"
"2008633193","1537448616","0.037037"
"1537448616","2016231742","0.037037"
"2016231742","1537448616","0.037037"
"1537448616","2028511104","0.037037"
"2028511104","1537448616","0.037037"
"1537448616","2060482168","0.037037"
"2060482168","1537448616","0.037037"
"1537448616","2061587502","0.0896686"
"2061587502","1537448616","0.0896686"
"1537448616","2065419751","0.506335"
"2065419751","1537448616","0.506335"
"1537448616","2072627547","0.525132"
"2072627547","1537448616","0.525132"
"1537448616","2085046343","0.037037"
"2085046343","1537448616","0.037037"
"1537448616","2107388383","0.037037"
"2107388383","1537448616","0.037037"
"1537448616","2113640782","0.037037"
"2113640782","1537448616","0.037037"
"1537448616","2115320410","0.037037"
"2115320410","1537448616","0.037037"
"1537448616","2117034946","0.656085"
"2117034946","1537448616","0.656085"
"1537448616","2130384953","0.037037"
"2130384953","1537448616","0.037037"
"1537448616","2131300191","0.453704"
"2131300191","1537448616","0.453704"
"1537448616","2143377704","0.037037"
"2143377704","1537448616","0.037037"
"1537448616","2150227404","0.037037"
"2150227404","1537448616","0.037037"
"1537448616","2163765478","0.506335"
"2163765478","1537448616","0.506335"
"1537448616","2187405563","0.037037"
"2187405563","1537448616","0.037037"
"1542571610","1552497468","0.037037"
"1552497468","1542571610","0.037037"
"1542571610","1978309035","0.037037"
"1978309035","1542571610","0.037037"
"1542571610","1997837472","0.127946"
"1997837472","1542571610","0.127946"
"1542571610","2005430558","0.037037"
"2005430558","1542571610","0.037037"
"1542571610","2008633193","0.037037"
"2008633193","1542571610","0.037037"
"1542571610","2016231742","0.127946"
"2016231742","1542571610","0.127946"
"1542571610","2028511104","0.037037"
"2028511104","1542571610","0.037037"
"1542571610","2060482168","0.037037"
"2060482168","1542571610","0.037037"
"1542571610","2061587502","0.0896686"
"2061587502","1542571610","0.0896686"
"1542571610","2065419751","0.180578"
"2065419751","1542571610","0.180578"
"1542571610","2072627547","0.037037"
"2072627547","1542571610","0.037037"
"1542571610","2085046343","0.037037"
"2085046343","1542571610","0.037037"
"1542571610","2107388383","0.377946"
"2107388383","1542571610","0.377946"
"1542571610","2113640782","0.037037"
"2113640782","1542571610","0.037037"
"1542571610","2115320410","0.287037"
"2115320410","1542571610","0.287037"
"1542571610","2117034946","0.037037"
"2117034946","1542571610","0.037037"
"1542571610","2130384953","0.037037"
"2130384953","1542571610","0.037037"
"1542571610","2131300191","0.037037"
"2131300191","1542571610","0.037037"
"1542571610","2143377704","3.12795"
"2143377704","1542571610","3.12795"
"1542571610","2150227404","0.037037"
"2150227404","1542571610","0.037037"
"1542571610","2163765478","0.180578"
"2163765478","1542571610","0.180578"
"1542571610","2187405563","0.037037"
"2187405563","1542571610","0.037037"
"1552497468","1978309035","0.599537"
"1978309035","1552497468","0.599537"
"1552497468","1997837472","0.349537"
"1997837472","1552497468","0.349537"
"1552497468","2005430558","0.037037"
"2005430558","1552497468","0.037037"
"1552497468","2008633193","0.037037"
"2008633193","1552497468","0.037037"
"1552497468","2016231742","0.037037"
"2016231742","1552497468","0.037037"
"1552497468","2028511104","0.037037"
"2028511104","1552497468","0.037037"
"1552497468","2060482168","0.099537"
"2060482168","1552497468","0.099537"
"1552497468","2061587502","0.037037"
"2061587502","1552497468","0.037037"
"1552497468","2065419751","0.099537"
"2065419751","1552497468","0.099537"
"1552497468","2072627547","0.349537"
"2072627547","1552497468","0.349537"
"1552497468","2085046343","0.287037"
"2085046343","1552497468","0.287037"
"1552497468","2107388383","0.099537"
"2107388383","1552497468","0.099537"
"1552497468","2113640782","0.037037"
"2113640782","1552497468","0.037037"
"1552497468","2115320410","0.099537"
"2115320410","1552497468","0.099537"
"1552497468","2117034946","0.287037"
"2117034946","1552497468","0.287037"
"1552497468","2130384953","0.037037"
"2130384953","1552497468","0.037037"
"1552497468","2131300191","0.287037"
"2131300191","1552497468","0.287037"
"1552497468","2143377704","0.099537"
"2143377704","1552497468","0.099537"
"1552497468","2150227404","0.037037"
"2150227404","1552497468","0.037037"
"1552497468","2163765478","0.037037"
"2163765478","1552497468","0.037037"
"1552497468","2187405563","0.037037"
"2187405563","1552497468","0.037037"
"1978309035","1997837472","0.68287"
"1997837472","1978309035","0.68287"
"1978309035","2005430558","0.037037"
"2005430558","1978309035","0.037037"
"1978309035","2008633193","0.037037"
"2008633193","1978309035","0.037037"
"1978309035","2016231742","0.037037"
"2016231742","1978309035","0.037037"
"1978309035","2028511104","0.0896686"
"2028511104","1978309035","0.0896686"
"1978309035","2060482168","0.43287"
"2060482168","1978309035","0.43287"
"1978309035","2061587502","0.037037"
"2061587502","1978309035","0.037037"
"1978309035","2065419751","0.152169"
"2065419751","1978309035","0.152169"
"1978309035","2072627547","0.402169"
"2072627547","1978309035","0.402169"
"1978309035","2085046343","0.287037"
"2085046343","1978309035","0.287037"
"1978309035","2107388383","0.152169"
"2107388383","1978309035","0.152169"
"1978309035","2113640782","0.0896686"
"2113640782","1978309035","0.0896686"
"1978309035","2115320410","0.099537"
"2115320410","1978309035","0.099537"
"1978309035","2117034946","0.339669"
"2117034946","1978309035","0.339669"
"1978309035","2130384953","0.037037"
"2130384953","1978309035","0.037037"
"1978309035","2131300191","0.339669"
"2131300191","1978309035","0.339669"
"1978309035","2143377704","0.099537"
"2143377704","1978309035","0.099537"
"1978309035","2150227404","0.0896686"
"2150227404","1978309035","0.0896686"
"1978309035","2163765478","0.0896686"
"2163765478","1978309035","0.0896686"
"1978309035","2187405563","0.037037"
"2187405563","1978309035","0.037037"
"1997837472","2005430558","0.273148"
"2005430558","1997837472","0.273148"
"1997837472","2008633193","0.148148"
"2008633193","1997837472","0.148148"
"1997837472","2016231742","0.239057"
"2016231742","1997837472","0.239057"
"1997837472","2028511104","0.037037"
"2028511104","1997837472","0.037037"
"1997837472","2060482168","0.55787"
"2060482168","1997837472","0.55787"
"1997837472","2061587502","0.037037"
"2061587502","1997837472","0.037037"
"1997837472","2065419751","0.482113"
"2065419751","1997837472","0.482113"
"1997837472","2072627547","0.474537"
"2072627547","1997837472","0.474537"
"1997837472","2085046343","0.537037"
"2085046343","1997837472","0.537037"
"1997837472","2107388383","0.301557"
"2107388383","1997837472","0.301557"
"1997837472","2113640782","0.037037"
"2113640782","1997837472","0.037037"
"1997837472","2115320410","0.099537"
"2115320410","1997837472","0.099537"
"1997837472","2117034946","0.287037"
"2117034946","1997837472","0.287037"
"1997837472","2130384953","0.037037"
"2130384953","1997837472","0.037037"
"1997837472","2131300191","0.203704"
"2131300191","1997837472","0.203704"
"1997837472","2143377704","0.315446"
"2143377704","1997837472","0.315446"
"1997837472","2150227404","0.148148"
"2150227404","1997837472","0.148148"
"1997837472","2163765478","0.294613"
"2163765478","1997837472","0.294613"
"1997837472","2187405563","0.037037"
"2187405563","1997837472","0.037037"
"2005430558","2008633193","0.148148"
"2008633193","2005430558","0.148148"
"2005430558","2016231742","0.148148"
"2016231742","2005430558","0.148148"
"2005430558","2028511104","0.037037"
"2028511104","2005430558","0.037037"
"2005430558","2060482168","0.162037"
"2060482168","2005430558","0.162037"
"2005430558","2061587502","0.037037"
"2061587502","2005430558","0.037037"
"2005430558","2065419751","0.162037"
"2065419751","2005430558","0.162037"
"2005430558","2072627547","0.24537"
"2072627547","2005430558","0.24537"
"2005430558","2085046343","0.037037"
"2085046343","2005430558","0.037037"
"2005430558","2107388383","0.148148"
"2107388383","2005430558","0.148148"
"2005430558","2113640782","0.037037"
"2113640782","2005430558","0.037037"
"2005430558","2115320410","0.037037"
"2115320410","2005430558","0.037037"
"2005430558","2117034946","0.037037"
"2117034946","2005430558","0.037037"
"2005430558","2130384953","0.037037"
"2130384953","2005430558","0.037037"
"2005430558","2131300191","0.037037"
"2131300191","2005430558","0.037037"
"2005430558","2143377704","0.24537"
"2143377704","2005430558","0.24537"
"2005430558","2150227404","0.148148"
"2150227404","2005430558","0.148148"
"2005430558","2163765478","0.037037"
"2163765478","2005430558","0.037037"
"2005430558","2187405563","0.037037"
"2187405563","2005430558","0.037037"
"2008633193","2016231742","0.148148"
"2016231742","2008633193","0.148148"
"2008633193","2028511104","0.037037"
"2028511104","2008633193","0.037037"
"2008633193","2060482168","0.037037"
"2060482168","2008633193","0.037037"
"2008633193","2061587502","0.037037"
"2061587502","2008633193","0.037037"
"2008633193","2065419751","1.03704"
"2065419751","2008633193","1.03704"
"2008633193","2072627547","0.037037"
"2072627547","2008633193","0.037037"
"2008633193","2085046343","0.037037"
"2085046343","2008633193","0.037037"
"2008633193","2107388383","0.148148"
"2107388383","2008633193","0.148148"
"2008633193","2113640782","0.037037"
"2113640782","2008633193","0.037037"
"2008633193","2115320410","0.037037"
"2115320410","2008633193","0.037037"
"2008633193","2117034946","0.037037"
"2117034946","2008633193","0.037037"
"2008633193","2130384953","0.037037"
"2130384953","2008633193","0.037037"
"2008633193","2131300191","0.037037"
"2131300191","2008633193","0.037037"
"2008633193","2143377704","0.037037"
"2143377704","2008633193","0.037037"
"2008633193","2150227404","0.398148"
"2150227404","2008633193","0.398148"
"2008633193","2163765478","0.037037"
"2163765478","2008633193","0.037037"
"2008633193","2187405563","0.037037"
"2187405563","2008633193","0.037037"
"2016231742","2028511104","0.037037"
"2028511104","2016231742","0.037037"
"2016231742","2060482168","0.237037"
"2060482168","2016231742","0.237037"
"2016231742","2061587502","0.037037"
"2061587502","2016231742","0.037037"
"2016231742","2065419751","0.127946"
"2065419751","2016231742","0.127946"
"2016231742","2072627547","0.237037"
"2072627547","2016231742","0.237037"
"2016231742","2085046343","0.037037"
"2085046343","2016231742","0.037037"
"2016231742","2107388383","0.564057"
"2107388383","2016231742","0.564057"
"2016231742","2113640782","0.037037"
"2113640782","2016231742","0.037037"
"2016231742","2115320410","0.037037"
"2115320410","2016231742","0.037037"
"2016231742","2117034946","0.162037"
"2117034946","2016231742","0.162037"
"2016231742","2130384953","1.03704"
"2130384953","2016231742","1.03704"
"2016231742","2131300191","0.037037"
"2131300191","2016231742","0.037037"
"2016231742","2143377704","1.12795"
"2143377704","2016231742","1.12795"
"2016231742","2150227404","0.148148"
"2150227404","2016231742","0.148148"
"2016231742","2163765478","0.127946"
"2163765478","2016231742","0.127946"
"2016231742","2187405563","0.037037"
"2187405563","2016231742","0.037037"
"2028511104","2060482168","0.037037"
"2060482168","2028511104","0.037037"
"2028511104","2061587502","0.037037"
"2061587502","2028511104","0.037037"
"2028511104","2065419751","0.589669"
"2065419751","2028511104","0.589669"
"2028511104","2072627547","0.0896686"
"2072627547","2028511104","0.0896686"
"2028511104","2085046343","0.037037"
"2085046343","2028511104","0.037037"
"2028511104","2107388383","0.432526"
"2107388383","2028511104","0.432526"
"2028511104","2113640782","0.0896686"
"2113640782","2028511104","0.0896686"
"2028511104","2115320410","0.037037"
"2115320410","2028511104","0.037037"
"2028511104","2117034946","0.0896686"
"2117034946","2028511104","0.0896686"
"2028511104","2130384953","0.037037"
"2130384953","2028511104","0.037037"
"2028511104","2131300191","0.0896686"
"2131300191","2028511104","0.0896686"
"2028511104","2143377704","0.037037"
"2143377704","2028511104","0.037037"
"2028511104","2150227404","0.589669"
"2150227404","2028511104","0.589669"
"2028511104","2163765478","0.0896686"
"2163765478","2028511104","0.0896686"
"2028511104","2187405563","0.037037"
"2187405563","2028511104","0.037037"
"2060482168","2061587502","0.037037"
"2061587502","2060482168","0.037037"
"2060482168","2065419751","0.224537"
"2065419751","2060482168","0.224537"
"2060482168","2072627547","0.424537"
"2072627547","2060482168","0.424537"
"2060482168","2085046343","0.037037"
"2085046343","2060482168","0.037037"
"2060482168","2107388383","0.859061"
"2107388383","2060482168","0.859061"
"2060482168","2113640782","0.037037"
"2113640782","2060482168","0.037037"
"2060482168","2115320410","0.099537"
"2115320410","2060482168","0.099537"
"2060482168","2117034946","0.037037"
"2117034946","2060482168","0.037037"
"2060482168","2130384953","0.037037"
"2130384953","2060482168","0.037037"
"2060482168","2131300191","0.037037"
"2131300191","2060482168","0.037037"
"2060482168","2143377704","0.224537"
"2143377704","2060482168","0.224537"
"2060482168","2150227404","0.037037"
"2150227404","2060482168","0.037037"
"2060482168","2163765478","0.037037"
"2163765478","2060482168","0.037037"
"2060482168","2187405563","0.037037"
"2187405563","2060482168","0.037037"
"2061587502","2065419751","0.423002"
"2065419751","2061587502","0.423002"
"2061587502","2072627547","0.403704"
"2072627547","2061587502","0.403704"
"2061587502","2085046343","0.037037"
"2085046343","2061587502","0.037037"
"2061587502","2107388383","0.037037"
"2107388383","2061587502","0.037037"
"2061587502","2113640782","0.203704"
"2113640782","2061587502","0.203704"
"2061587502","2115320410","0.037037"
"2115320410","2061587502","0.037037"
"2061587502","2117034946","0.037037"
"2117034946","2061587502","0.037037"
"2061587502","2130384953","0.037037"
"2130384953","2061587502","0.037037"
"2061587502","2131300191","2.03704"
"2131300191","2061587502","2.03704"
"2061587502","2143377704","0.037037"
"2143377704","2061587502","0.037037"
"2061587502","2150227404","0.037037"
"2150227404","2061587502","0.037037"
"2061587502","2163765478","0.789669"
"2163765478","2061587502","0.789669"
"2061587502","2187405563","0.037037"
"2187405563","2061587502","0.037037"
"2065419751","2072627547","2.15217"
"2072627547","2065419751","2.15217"
"2065419751","2085046343","0.037037"
"2085046343","2065419751","0.037037"
"2065419751","2107388383","0.243078"
"2107388383","2065419751","0.243078"
"2065419751","2113640782","0.0896686"
"2113640782","2065419751","0.0896686"
"2065419751","2115320410","0.242394"
"2115320410","2065419751","0.242394"
"2065419751","2117034946","0.214669"
"2117034946","2065419751","0.214669"
"2065419751","2130384953","0.037037"
"2130384953","2065419751","0.037037"
"2065419751","2131300191","1.98253"
"2131300191","2065419751","1.98253"
"2065419751","2143377704","0.315446"
"2143377704","2065419751","0.315446"
"2065419751","2150227404","0.589669"
"2150227404","2065419751","0.589669"
"2065419751","2163765478","2.06654"
"2163765478","2065419751","2.06654"
"2065419751","2187405563","0.037037"
"2187405563","2065419751","0.037037"
"2072627547","2085046343","0.037037"
"2085046343","2072627547","0.037037"
"2072627547","2107388383","0.352169"
"2107388383","2072627547","0.352169"
"2072627547","2113640782","0.256335"
"2113640782","2072627547","0.256335"
"2072627547","2115320410","2.68287"
"2115320410","2072627547","2.68287"
"2072627547","2117034946","0.598597"
"2117034946","2072627547","0.598597"
"2072627547","2130384953","0.037037"
"2130384953","2072627547","0.037037"
"2072627547","2131300191","0.423002"
"2131300191","2072627547","0.423002"
"2072627547","2143377704","0.30787"
"2143377704","2072627547","0.30787"
"2072627547","2150227404","0.20078"
"2150227404","2072627547","0.20078"
"2072627547","2163765478","0.768835"
"2163765478","2072627547","0.768835"
"2072627547","2187405563","0.037037"
"2187405563","2072627547","0.037037"
"2085046343","2107388383","0.037037"
"2107388383","2085046343","0.037037"
"2085046343","2113640782","0.037037"
"2113640782","2085046343","0.037037"
"2085046343","2115320410","0.037037"
"2115320410","2085046343","0.037037"
"2085046343","2117034946","0.037037"
"2117034946","2085046343","0.037037"
"2085046343","2130384953","0.037037"
"2130384953","2085046343","0.037037"
"2085046343","2131300191","0.287037"
"2131300191","2085046343","0.287037"
"2085046343","2143377704","0.037037"
"2143377704","2085046343","0.037037"
"2085046343","2150227404","0.037037"
"2150227404","2085046343","0.037037"
"2085046343","2163765478","0.037037"
"2163765478","2085046343","0.037037"
"2085046343","2187405563","0.037037"
"2187405563","2085046343","0.037037"
"2107388383","2113640782","0.0896686"
"2113640782","2107388383","0.0896686"
"2107388383","2115320410","0.349537"
"2115320410","2107388383","0.349537"
"2107388383","2117034946","0.214669"
"2117034946","2107388383","0.214669"
"2107388383","2130384953","0.037037"
"2130384953","2107388383","0.037037"
"2107388383","2131300191","0.0896686"
"2131300191","2107388383","0.0896686"
"2107388383","2143377704","0.190446"
"2143377704","2107388383","0.190446"
"2107388383","2150227404","1.20078"
"2150227404","2107388383","1.20078"
"2107388383","2163765478","0.180578"
"2163765478","2107388383","0.180578"
"2107388383","2187405563","0.037037"
"2187405563","2107388383","0.037037"
"2113640782","2115320410","0.037037"
"2115320410","2113640782","0.037037"
"2113640782","2117034946","0.0896686"
"2117034946","2113640782","0.0896686"
"2113640782","2130384953","0.037037"
"2130384953","2113640782","0.037037"
"2113640782","2131300191","0.256335"
"2131300191","2113640782","0.256335"
"2113640782","2143377704","0.037037"
"2143377704","2113640782","0.037037"
"2113640782","2150227404","0.0896686"
"2150227404","2113640782","0.0896686"
"2113640782","2163765478","0.0896686"
"2163765478","2113640782","0.0896686"
"2115320410","2117034946","0.037037"
"2117034946","2115320410","0.037037"
"2115320410","2130384953","0.037037"
"2130384953","2115320410","0.037037"
"2115320410","2131300191","0.179894"
"2131300191","2115320410","0.179894"
"2115320410","2143377704","0.099537"
"2143377704","2115320410","0.099537"
"2115320410","2150227404","0.037037"
"2150227404","2115320410","0.037037"
"2115320410","2163765478","0.203704"
"2163765478","2115320410","0.203704"
"2115320410","2187405563","0.037037"
"2187405563","2115320410","0.037037"
"2117034946","2130384953","0.037037"
"2130384953","2117034946","0.037037"
"2117034946","2131300191","0.0896686"
"2131300191","2117034946","0.0896686"
"2117034946","2143377704","0.037037"
"2143377704","2117034946","0.037037"
"2117034946","2150227404","0.0896686"
"2150227404","2117034946","0.0896686"
"2117034946","2163765478","0.152169"
"2163765478","2117034946","0.152169"
"2117034946","2187405563","0.037037"
"2187405563","2117034946","0.037037"
"2130384953","2131300191","0.037037"
"2131300191","2130384953","0.037037"
"2130384953","2143377704","0.037037"
"2143377704","2130384953","0.037037"
"2130384953","2150227404","0.037037"
"2150227404","2130384953","0.037037"
"2130384953","2163765478","0.037037"
"2163765478","2130384953","0.037037"
"2130384953","2187405563","0.037037"
"2187405563","2130384953","0.037037"
"2131300191","2143377704","0.037037"
"2143377704","2131300191","0.037037"
"2131300191","2150227404","0.0896686"
"2150227404","2131300191","0.0896686"
"2131300191","2163765478","1.173"
"2163765478","2131300191","1.173"
"2131300191","2187405563","0.037037"
"2187405563","2131300191","0.037037"
"2143377704","2150227404","0.037037"
"2150227404","2143377704","0.037037"
"2143377704","2163765478","0.127946"
"2163765478","2143377704","0.127946"
"2143377704","2187405563","0.037037"
"2187405563","2143377704","0.037037"
"2150227404","2163765478","0.0896686"
"2163765478","2150227404","0.0896686"
"2150227404","2187405563","0.037037"
"2187405563","2150227404","0.037037"
"2163765478","2187405563","0.037037"
"2187405563","2163765478","0.037037"
"100082076","1539153042","0.35"
"1539153042","100082076","0.35"
"100082076","2008333370","0.35"
"2008333370","100082076","0.35"
"100082076","2141742398","0.35"
"2141742398","100082076","0.35"
"100082076","2144973160","0.0666667"
"2144973160","100082076","0.0666667"
"100082076","2951455322","0.35"
"2951455322","100082076","0.35"
"1510252230","1539153042","0.15"
"1539153042","1510252230","0.15"
"1510252230","2008333370","0.35"
"2008333370","1510252230","0.35"
"1510252230","2141742398","1.8"
"2141742398","1510252230","1.8"
"1510252230","2144973160","0.0666667"
"2144973160","1510252230","0.0666667"
"1510252230","2187405563","0.0666667"
"2187405563","1510252230","0.0666667"
"1510252230","2951455322","0.15"
"2951455322","1510252230","0.15"
"1539153042","1997332627","0.292857"
"1997332627","1539153042","0.292857"
"1539153042","2008333370","0.82619"
"2008333370","1539153042","0.82619"
"1539153042","2112215401","0.261111"
"2112215401","1539153042","0.261111"
"1539153042","2113640782","0.492857"
"2113640782","1539153042","0.492857"
"1539153042","2128362607","0.292857"
"2128362607","1539153042","0.292857"
"1539153042","2141742398","0.82619"
"2141742398","1539153042","0.82619"
"1539153042","2144973160","2.40043"
"2144973160","1539153042","2.40043"
"1539153042","2153399951","0.483333"
"2153399951","1539153042","0.483333"
"1539153042","2162553498","0.177778"
"2162553498","1539153042","0.177778"
"1539153042","2187405563","0.0666667"
"2187405563","1539153042","0.0666667"
"1539153042","2485234578","0.435714"
"2485234578","1539153042","0.435714"
"1539153042","2951455322","11.7306"
"2951455322","1539153042","11.7306"
"1539153042","87905120","0.261111"
"87905120","1539153042","0.261111"
"1997332627","2008333370","0.35"
"2008333370","1997332627","0.35"
"1997332627","2141742398","1.05"
"2141742398","1997332627","1.05"
"1997332627","2144973160","0.0666667"
"2144973160","1997332627","0.0666667"
"1997332627","2187405563","0.316667"
"2187405563","1997332627","0.316667"
"1997332627","2951455322","0.292857"
"2951455322","1997332627","0.292857"
"2008333370","2112215401","0.15"
"2112215401","2008333370","0.15"
"2008333370","2113640782","0.35"
"2113640782","2008333370","0.35"
"2008333370","2128362607","0.15"
"2128362607","2008333370","0.15"
"2008333370","2141742398","29.6095"
"2141742398","2008333370","29.6095"
"2008333370","2144973160","0.0666667"
"2144973160","2008333370","0.0666667"
"2008333370","2153399951","1.68333"
"2153399951","2008333370","1.68333"
"2008333370","2162553498","0.266667"
"2162553498","2008333370","0.266667"
"2008333370","2187405563","0.0666667"
"2187405563","2008333370","0.0666667"
"2008333370","2485234578","0.492857"
"2485234578","2008333370","0.492857"
"2008333370","2951455322","0.492857"
"2951455322","2008333370","0.492857"
"2008333370","87905120","0.35"
"87905120","2008333370","0.35"
"2112215401","2141742398","0.35"
"2141742398","2112215401","0.35"
"2112215401","2144973160","0.0666667"
"2144973160","2112215401","0.0666667"
"2112215401","2187405563","0.316667"
"2187405563","2112215401","0.316667"
"2112215401","2951455322","0.261111"
"2951455322","2112215401","0.261111"
"2113640782","2141742398","0.6"
"2141742398","2113640782","0.6"
"2113640782","2144973160","0.0666667"
"2144973160","2113640782","0.0666667"
"2113640782","2951455322","0.492857"
"2951455322","2113640782","0.492857"
"2128362607","2141742398","0.15"
"2141742398","2128362607","0.15"
"2128362607","2144973160","0.0666667"
"2144973160","2128362607","0.0666667"
"2128362607","2187405563","0.0666667"
"2187405563","2128362607","0.0666667"
"2128362607","2951455322","0.292857"
"2951455322","2128362607","0.292857"
"2141742398","2144973160","0.0666667"
"2144973160","2141742398","0.0666667"
"2141742398","2153399951","3.51667"
"2153399951","2141742398","3.51667"
"2141742398","2162553498","1.6"
"2162553498","2141742398","1.6"
"2141742398","2187405563","0.0666667"
"2187405563","2141742398","0.0666667"
"2141742398","2485234578","0.942857"
"2485234578","2141742398","0.942857"
"2141742398","2951455322","0.492857"
"2951455322","2141742398","0.492857"
"2141742398","87905120","0.8"
"87905120","2141742398","0.8"
"2144973160","2153399951","0.0666667"
"2153399951","2144973160","0.0666667"
"2144973160","2162553498","0.0666667"
"2162553498","2144973160","0.0666667"
"2144973160","2187405563","0.0666667"
"2187405563","2144973160","0.0666667"
"2144973160","2485234578","0.0666667"
"2485234578","2144973160","0.0666667"
"2144973160","2951455322","1.30043"
"2951455322","2144973160","1.30043"
"2144973160","87905120","0.0666667"
"87905120","2144973160","0.0666667"
"2153399951","2187405563","0.0666667"
"2187405563","2153399951","0.0666667"
"2153399951","2951455322","0.15"
"2951455322","2153399951","0.15"
"2162553498","2187405563","0.0666667"
"2187405563","2162553498","0.0666667"
"2162553498","2951455322","0.177778"
"2951455322","2162553498","0.177778"
"2187405563","2485234578","0.0666667"
"2485234578","2187405563","0.0666667"
"2187405563","2951455322","0.0666667"
"2951455322","2187405563","0.0666667"
"2187405563","87905120","0.0666667"
"87905120","2187405563","0.0666667"
"2485234578","2951455322","0.435714"
"2951455322","2485234578","0.435714"
"2951455322","87905120","0.261111"
"87905120","2951455322","0.261111"
"100082076","1577169013","0.166667"
"1577169013","100082076","0.166667"
"1499820551","1577169013","0.462155"
"1577169013","1499820551","0.462155"
"1499820551","2061587502","0.166667"
"2061587502","1499820551","0.166667"
"1499820551","2072627547","2.06513"
"2072627547","1499820551","2.06513"
"1499820551","2131300191","1.2193"
"2131300191","1499820551","1.2193"
"1577169013","2061587502","0.5"
"2061587502","1577169013","0.5"
"1577169013","2072627547","0.490132"
"2072627547","1577169013","0.490132"
"1577169013","2113640782","0.469298"
"2113640782","1577169013","0.469298"
"1577169013","2131300191","0.552632"
"2131300191","1577169013","0.552632"
"138816814","2062851028","1.94345"
"2062851028","138816814","1.94345"
"138816814","2103920867","0.333333"
"2103920867","138816814","0.333333"
"138816814","2115320410","0.645833"
"2115320410","138816814","0.645833"
"2062851028","2103920867","0.333333"
"2103920867","2062851028","0.333333"
"2062851028","2115320410","1.64583"
"2115320410","2062851028","1.64583"
"2103920867","2115320410","0.333333"
"2115320410","2103920867","0.333333"
"138816814","192026941","0.464286"
"192026941","138816814","0.464286"
"138816814","2086906616","0.416667"
"2086906616","138816814","0.416667"
"138816814","2102848234","0.464286"
"2102848234","138816814","0.464286"
"138816814","2160967997","0.214286"
"2160967997","138816814","0.214286"
"138816814","2162064942","0.776786"
"2162064942","138816814","0.776786"
"192026941","2062851028","0.464286"
"2062851028","192026941","0.464286"
"192026941","2086906616","4.1504"
"2086906616","192026941","4.1504"
"192026941","2102848234","0.547619"
"2102848234","192026941","0.547619"
"192026941","2160967997","1.21429"
"2160967997","192026941","1.21429"
"192026941","2162064942","1.73968"
"2162064942","192026941","1.73968"
"2062851028","2086906616","0.416667"
"2086906616","2062851028","0.416667"
"2062851028","2102848234","0.964286"
"2102848234","2062851028","0.964286"
"2062851028","2160967997","0.714286"
"2160967997","2062851028","0.714286"
"2062851028","2162064942","0.776786"
"2162064942","2062851028","0.776786"
"2086906616","2102848234","0.5"
"2102848234","2086906616","0.5"
"2086906616","2160967997","1.16667"
"2160967997","2086906616","1.16667"
"2086906616","2162064942","1.69206"
"2162064942","2086906616","1.69206"
"2102848234","2160967997","0.714286"
"2160967997","2102848234","0.714286"
"2102848234","2162064942","0.922619"
"2162064942","2102848234","0.922619"
"2160967997","2162064942","0.547619"
"2162064942","2160967997","0.547619"
"138816814","1530586715","0.297619"
"1530586715","138816814","0.297619"
