"144321000","1795553865","3.60031"
"1795553865","144321000","3.60031"
"144321000","1916873869","4.77649"
"1916873869","144321000","4.77649"
"144321000","1918831814","11.5105"
"1918831814","144321000","11.5105"
"144321000","2096308935","11.5105"
"2096308935","144321000","11.5105"
"144321000","2103486194","14.3605"
"2103486194","144321000","14.3605"
"1795553865","1916873869","1.91261"
"1916873869","1795553865","1.91261"
"1795553865","1918831814","12.6188"
"1918831814","1795553865","12.6188"
"1795553865","2096308935","12.6188"
"2096308935","1795553865","12.6188"
"1795553865","2103486194","3.60031"
"2103486194","1795553865","3.60031"
"1916873869","1918831814","5.0622"
"1918831814","1916873869","5.0622"
"1916873869","2096308935","5.0622"
"2096308935","1916873869","5.0622"
"1916873869","2103486194","5.0622"
"2103486194","1916873869","5.0622"
"1918831814","2096308935","82.6791"
"2096308935","1918831814","82.6791"
"1918831814","2103486194","11.4628"
"2103486194","1918831814","11.4628"
"2096308935","2103486194","11.4628"
"2103486194","2096308935","11.4628"
"144321000","1920450345","6.30477"
"1920450345","144321000","6.30477"
"1795553865","1920450345","1.81508"
"1920450345","1795553865","1.81508"
"1918831814","1920450345","6.95477"
"1920450345","1918831814","6.95477"
"1920450345","2096308935","7.20477"
"2096308935","1920450345","7.20477"
"1920450345","2103486194","6.30477"
"2103486194","1920450345","6.30477"
"144321000","1765996881","6.05909"
"1765996881","144321000","6.05909"
"144321000","1841517230","5.35125"
"1841517230","144321000","5.35125"
"144321000","1865705435","3.5662"
"1865705435","144321000","3.5662"
"144321000","1896703187","5.76835"
"1896703187","144321000","5.76835"
"144321000","1942430676","4.08541"
"1942430676","144321000","4.08541"
"144321000","2113223230","3.46215"
"2113223230","144321000","3.46215"
"144321000","2151920798","3.44735"
"2151920798","144321000","3.44735"
"144321000","2211903376","5.85883"
"2211903376","144321000","5.85883"
"144321000","2261966492","4.25549"
"2261966492","144321000","4.25549"
"1765996881","1795553865","2.63372"
"1795553865","1765996881","2.63372"
"1765996881","1841517230","8.86758"
"1841517230","1765996881","8.86758"
"1765996881","1865705435","4.05225"
"1865705435","1765996881","4.05225"
"1765996881","1896703187","15.3842"
"1896703187","1765996881","15.3842"
"1765996881","1916873869","4.31961"
"1916873869","1765996881","4.31961"
"1765996881","1918831814","9.61758"
"1918831814","1765996881","9.61758"
"1765996881","1942430676","3.93568"
"1942430676","1765996881","3.93568"
"1765996881","2096308935","9.36758"
"2096308935","1765996881","9.36758"
"1765996881","2103486194","6.01148"
"2103486194","1765996881","6.01148"
"1765996881","2113223230","8.16119"
"2113223230","1765996881","8.16119"
"1765996881","2151920798","4.07987"
"2151920798","1765996881","4.07987"
"1765996881","2211903376","9.28424"
"2211903376","1765996881","9.28424"
"1765996881","2261966492","4.82488"
"2261966492","1765996881","4.82488"
"1795553865","1841517230","3.08826"
"1841517230","1795553865","3.08826"
"1795553865","1865705435","3.33649"
"1865705435","1795553865","3.33649"
"1795553865","1896703187","3.80038"
"1896703187","1795553865","3.80038"
"1795553865","1942430676","1.76023"
"1942430676","1795553865","1.76023"
"1795553865","2113223230","2.69205"
"2113223230","1795553865","2.69205"
"1795553865","2151920798","1.3134"
"2151920798","1795553865","1.3134"
"1795553865","2211903376","3.08826"
"2211903376","1795553865","3.08826"
"1795553865","2261966492","2.58649"
"2261966492","1795553865","2.58649"
"1841517230","1865705435","4.11108"
"1865705435","1841517230","4.11108"
"1841517230","1896703187","11.8835"
"1896703187","1841517230","11.8835"
"1841517230","1916873869","4.37843"
"1916873869","1841517230","4.37843"
"1841517230","1918831814","14.4047"
"1918831814","1841517230","14.4047"
"1841517230","1942430676","3.99451"
"1942430676","1841517230","3.99451"
"1841517230","2096308935","14.4047"
"2096308935","1841517230","14.4047"
"1841517230","2103486194","5.63697"
"2103486194","1841517230","5.63697"
"1841517230","2113223230","6.44771"
"2113223230","1841517230","6.44771"
"1841517230","2151920798","8.17256"
"2151920798","1841517230","8.17256"
"1841517230","2211903376","27.4325"
"2211903376","1841517230","27.4325"
"1841517230","2261966492","4.8837"
"2261966492","1841517230","4.8837"
"1865705435","1896703187","4.11108"
"1896703187","1865705435","4.11108"
"1865705435","1916873869","3.51858"
"1916873869","1865705435","3.51858"
"1865705435","1918831814","8.03532"
"1918831814","1865705435","8.03532"
"1865705435","1942430676","3.5662"
"1942430676","1865705435","3.5662"
"1865705435","2096308935","8.03532"
"2096308935","1865705435","8.03532"
"1865705435","2103486194","3.5662"
"2103486194","1865705435","3.5662"
"1865705435","2113223230","2.85085"
"2113223230","1865705435","2.85085"
"1865705435","2151920798","1.75415"
"2151920798","1865705435","1.75415"
"1865705435","2211903376","4.11108"
"2211903376","1865705435","4.11108"
"1865705435","2261966492","4.12506"
"2261966492","1865705435","4.12506"
"1896703187","1916873869","4.52129"
"1916873869","1896703187","4.52129"
"1896703187","1918831814","18.1839"
"1918831814","1896703187","18.1839"
"1896703187","1942430676","3.99451"
"1942430676","1896703187","3.99451"
"1896703187","2096308935","18.1839"
"2096308935","1896703187","18.1839"
"1896703187","2103486194","6.05407"
"2103486194","1896703187","6.05407"
"1896703187","2113223230","9.63862"
"2113223230","1896703187","9.63862"
"1896703187","2151920798","6.48468"
"2151920798","1896703187","6.48468"
"1896703187","2211903376","12.7244"
"2211903376","1896703187","12.7244"
"1896703187","2261966492","7.71704"
"2261966492","1896703187","7.71704"
"1916873869","1942430676","4.0378"
"1942430676","1916873869","4.0378"
"1916873869","2113223230","2.6139"
"2113223230","1916873869","2.6139"
"1916873869","2151920798","1.74259"
"2151920798","1916873869","1.74259"
"1916873869","2211903376","4.37843"
"2211903376","1916873869","4.37843"
"1916873869","2261966492","3.55311"
"2261966492","1916873869","3.55311"
"1918831814","1942430676","4.08541"
"1942430676","1918831814","4.08541"
"1918831814","2113223230","8.91362"
"2113223230","1918831814","8.91362"
"1918831814","2151920798","8.08923"
"2151920798","1918831814","8.08923"
"1918831814","2211903376","14.6623"
"2211903376","1918831814","14.6623"
"1918831814","2261966492","7.80795"
"2261966492","1918831814","7.80795"
"1942430676","2096308935","4.08541"
"2096308935","1942430676","4.08541"
"1942430676","2103486194","4.08541"
"2103486194","1942430676","4.08541"
"1942430676","2113223230","2.59902"
"2113223230","1942430676","2.59902"
"1942430676","2151920798","1.68009"
"2151920798","1942430676","1.68009"
"1942430676","2211903376","3.99451"
"2211903376","1942430676","3.99451"
"1942430676","2261966492","3.60073"
"2261966492","1942430676","3.60073"
"2096308935","2113223230","7.66362"
"2113223230","2096308935","7.66362"
"2096308935","2151920798","7.83923"
"2151920798","2096308935","7.83923"
"2096308935","2211903376","14.6623"
"2211903376","2096308935","14.6623"
"2096308935","2261966492","7.80795"
"2261966492","2096308935","7.80795"
"2103486194","2113223230","3.46215"
"2113223230","2103486194","3.46215"
"2103486194","2151920798","2.44735"
"2151920798","2103486194","2.44735"
"2103486194","2211903376","6.14454"
"2211903376","2103486194","6.14454"
"2103486194","2261966492","4.25549"
"2261966492","2103486194","4.25549"
"2113223230","2151920798","2.61847"
"2151920798","2113223230","2.61847"
"2113223230","2211903376","6.70529"
"2211903376","2113223230","6.70529"
"2113223230","2261966492","2.93419"
"2261966492","2113223230","2.93419"
"2151920798","2211903376","8.17256"
"2211903376","2151920798","8.17256"
"2151920798","2261966492","2.49225"
"2261966492","2151920798","2.49225"
"2211903376","2261966492","4.8837"
"2261966492","2211903376","4.8837"
"144321000","1779208579","1.27641"
"1779208579","144321000","1.27641"
"144321000","1817831659","3.07815"
"1817831659","144321000","3.07815"
"144321000","2159790971","2.96594"
"2159790971","144321000","2.96594"
"144321000","2210552087","0.138095"
"2210552087","144321000","0.138095"
"144321000","2219439767","0.133929"
"2219439767","144321000","0.133929"
"1765996881","1779208579","1.77641"
"1779208579","1765996881","1.77641"
"1765996881","1817831659","4.19519"
"1817831659","1765996881","4.19519"
"1765996881","2159790971","4.29811"
"2159790971","1765996881","4.29811"
"1765996881","2210552087","0.714286"
"2210552087","1765996881","0.714286"
"1765996881","2219439767","0.810119"
"2219439767","1765996881","0.810119"
"1779208579","1817831659","1.10462"
"1817831659","1779208579","1.10462"
"1779208579","1841517230","1.77641"
"1841517230","1779208579","1.77641"
"1779208579","1896703187","1.77641"
"1896703187","1779208579","1.77641"
"1779208579","1918831814","1.94308"
"1918831814","1779208579","1.94308"
"1779208579","2096308935","1.94308"
"2096308935","1779208579","1.94308"
"1779208579","2103486194","1.27641"
"2103486194","1779208579","1.27641"
"1779208579","2151920798","1.19308"
"2151920798","1779208579","1.19308"
"1779208579","2159790971","1.19308"
"2159790971","1779208579","1.19308"
"1779208579","2210552087","0.0714286"
"2210552087","1779208579","0.0714286"
"1779208579","2211903376","1.77641"
"2211903376","1779208579","1.77641"
"1779208579","2219439767","0.0714286"
"2219439767","1779208579","0.0714286"
"1779208579","2261966492","0.835317"
"2261966492","1779208579","0.835317"
"1817831659","1841517230","6.1466"
"1841517230","1817831659","6.1466"
"1817831659","1896703187","4.05872"
"1896703187","1817831659","4.05872"
"1817831659","1918831814","6.31326"
"1918831814","1817831659","6.31326"
"1817831659","2096308935","6.31326"
"2096308935","1817831659","6.31326"
"1817831659","2103486194","3.07815"
"2103486194","1817831659","3.07815"
"1817831659","2151920798","5.4305"
"2151920798","1817831659","5.4305"
"1817831659","2159790971","5.8955"
"2159790971","1817831659","5.8955"
"1817831659","2210552087","0.548352"
"2210552087","1817831659","0.548352"
"1817831659","2211903376","6.56326"
"2211903376","1817831659","6.56326"
"1817831659","2219439767","0.755296"
"2219439767","1817831659","0.755296"
"1817831659","2261966492","2.07353"
"2261966492","1817831659","2.07353"
"1841517230","2159790971","9.97412"
"2159790971","1841517230","9.97412"
"1841517230","2210552087","0.541209"
"2210552087","1841517230","0.541209"
"1841517230","2219439767","0.748153"
"2219439767","1841517230","0.748153"
"1896703187","2159790971","27.0033"
"2159790971","1896703187","27.0033"
"1896703187","2210552087","1.79121"
"2210552087","1896703187","1.79121"
"1896703187","2219439767","1.44815"
"2219439767","1896703187","1.44815"
"1918831814","2159790971","11.1912"
"2159790971","1918831814","11.1912"
"1918831814","2210552087","0.541209"
"2210552087","1918831814","0.541209"
"1918831814","2219439767","0.948153"
"2219439767","1918831814","0.948153"
"2096308935","2159790971","11.4412"
"2159790971","2096308935","11.4412"
"2096308935","2210552087","0.541209"
"2210552087","2096308935","0.541209"
"2096308935","2219439767","1.19815"
"2219439767","2096308935","1.19815"
"2103486194","2159790971","2.96594"
"2159790971","2103486194","2.96594"
"2103486194","2210552087","0.138095"
"2210552087","2103486194","0.138095"
"2103486194","2219439767","0.133929"
"2219439767","2103486194","0.133929"
"2151920798","2159790971","7.72748"
"2159790971","2151920798","7.72748"
"2151920798","2210552087","0.215018"
"2210552087","2151920798","0.215018"
"2151920798","2219439767","0.421963"
"2219439767","2151920798","0.421963"
"2159790971","2210552087","0.548352"
"2210552087","2159790971","0.548352"
"2159790971","2211903376","10.815"
"2211903376","2159790971","10.815"
"2159790971","2219439767","1.1428"
"2219439767","2159790971","1.1428"
"2159790971","2261966492","2.41675"
"2261966492","2159790971","2.41675"
"2210552087","2211903376","0.791209"
"2211903376","2210552087","0.791209"
"2210552087","2219439767","15.0579"
"2219439767","2210552087","15.0579"
"2210552087","2261966492","0.138095"
"2261966492","2210552087","0.138095"
"2211903376","2219439767","0.998153"
"2219439767","2211903376","0.998153"
"2219439767","2261966492","0.0714286"
"2261966492","2219439767","0.0714286"
"144321000","1749356136","1.66208"
"1749356136","144321000","1.66208"
"144321000","1866590543","2.12134"
"1866590543","144321000","2.12134"
"144321000","1935096412","1.8153"
"1935096412","144321000","1.8153"
"144321000","1946293477","2.54813"
"1946293477","144321000","2.54813"
"144321000","2268491099","2.27825"
"2268491099","144321000","2.27825"
"1749356136","1765996881","2.63028"
"1765996881","1749356136","2.63028"
"1749356136","1795553865","0.844875"
"1795553865","1749356136","0.844875"
"1749356136","1817831659","4.61783"
"1817831659","1749356136","4.61783"
"1749356136","1841517230","7.71741"
"1841517230","1749356136","7.71741"
"1749356136","1865705435","0.699972"
"1865705435","1749356136","0.699972"
"1749356136","1866590543","3.93432"
"1866590543","1749356136","3.93432"
"1749356136","1896703187","4.97044"
"1896703187","1749356136","4.97044"
"1749356136","1916873869","1.18169"
"1916873869","1749356136","1.18169"
"1749356136","1918831814","8.72498"
"1918831814","1749356136","8.72498"
"1749356136","1935096412","3.15062"
"1935096412","1749356136","3.15062"
"1749356136","1942430676","1.11919"
"1942430676","1749356136","1.11919"
"1749356136","1946293477","3.88343"
"1946293477","1749356136","3.88343"
"1749356136","2096308935","8.72498"
"2096308935","1749356136","8.72498"
"1749356136","2103486194","1.66208"
"2103486194","1749356136","1.66208"
"1749356136","2113223230","3.16968"
"2113223230","1749356136","3.16968"
"1749356136","2151920798","4.64576"
"2151920798","1749356136","4.64576"
"1749356136","2159790971","6.42944"
"2159790971","1749356136","6.42944"
"1749356136","2211903376","7.80832"
"2211903376","1749356136","7.80832"
"1749356136","2261966492","0.811427"
"2261966492","1749356136","0.811427"
"1749356136","2268491099","1.17159"
"2268491099","1749356136","1.17159"
"1765996881","1866590543","2.78498"
"1866590543","1765996881","2.78498"
"1765996881","1935096412","1.85534"
"1935096412","1765996881","1.85534"
"1765996881","1946293477","2.30316"
"1946293477","1765996881","2.30316"
"1765996881","2268491099","0.967099"
"2268491099","1765996881","0.967099"
"1795553865","1817831659","1.11571"
"1817831659","1795553865","1.11571"
"1795553865","1866590543","4.23438"
"1866590543","1795553865","4.23438"
"1795553865","1935096412","4.48993"
"1935096412","1795553865","4.48993"
"1795553865","1946293477","6.81335"
"1946293477","1795553865","6.81335"
"1795553865","2159790971","1.43656"
"2159790971","1795553865","1.43656"
"1795553865","2268491099","0.811111"
"2268491099","1795553865","0.811111"
"1817831659","1865705435","1.22398"
"1865705435","1817831659","1.22398"
"1817831659","1866590543","3.91808"
"1866590543","1817831659","3.91808"
"1817831659","1916873869","1.66723"
"1916873869","1817831659","1.66723"
"1817831659","1935096412","2.99867"
"1935096412","1817831659","2.99867"
"1817831659","1942430676","1.60473"
"1942430676","1817831659","1.60473"
"1817831659","1946293477","3.56364"
"1946293477","1817831659","3.56364"
"1817831659","2113223230","1.66822"
"2113223230","1817831659","1.66822"
"1817831659","2268491099","0.789842"
"2268491099","1817831659","0.789842"
"1841517230","1866590543","4.65946"
"1866590543","1841517230","4.65946"
"1841517230","1935096412","4.26465"
"1935096412","1841517230","4.26465"
"1841517230","1946293477","4.63357"
"1946293477","1841517230","4.63357"
"1841517230","2268491099","1.43826"
"2268491099","1841517230","1.43826"
"1865705435","1866590543","1.23824"
"1866590543","1865705435","1.23824"
"1865705435","1935096412","1.17942"
"1935096412","1865705435","1.17942"
"1865705435","1946293477","1.23824"
"1946293477","1865705435","1.23824"
"1865705435","2159790971","1.5672"
"2159790971","1865705435","1.5672"
"1865705435","2268491099","0.627139"
"2268491099","1865705435","0.627139"
"1866590543","1896703187","2.72714"
"1896703187","1866590543","2.72714"
"1866590543","1916873869","1.67234"
"1916873869","1866590543","1.67234"
"1866590543","1918831814","12.6878"
"1918831814","1866590543","12.6878"
"1866590543","1935096412","13.3803"
"1935096412","1866590543","13.3803"
"1866590543","1942430676","1.65746"
"1942430676","1866590543","1.65746"
"1866590543","1946293477","16.5516"
"1946293477","1866590543","16.5516"
"1866590543","2096308935","12.6878"
"2096308935","1866590543","12.6878"
"1866590543","2103486194","2.12134"
"2103486194","1866590543","2.12134"
"1866590543","2113223230","1.17321"
"2113223230","1866590543","1.17321"
"1866590543","2151920798","3.52855"
"2151920798","1866590543","3.52855"
"1866590543","2159790971","3.92212"
"2159790971","1866590543","3.92212"
"1866590543","2211903376","4.65946"
"2211903376","1866590543","4.65946"
"1866590543","2261966492","1.27277"
"2261966492","1866590543","1.27277"
"1866590543","2268491099","0.985879"
"2268491099","1866590543","0.985879"
"1896703187","1935096412","2.02677"
"1935096412","1896703187","2.02677"
"1896703187","1946293477","3.26791"
"1946293477","1896703187","3.26791"
"1896703187","2268491099","1.53826"
"2268491099","1896703187","1.53826"
"1916873869","1935096412","1.55101"
"1935096412","1916873869","1.55101"
"1916873869","1946293477","1.60984"
"1946293477","1916873869","1.60984"
"1916873869","2159790971","1.74746"
"2159790971","1916873869","1.74746"
"1916873869","2268491099","0.777055"
"2268491099","1916873869","0.777055"
"1918831814","1935096412","11.0708"
"1935096412","1918831814","11.0708"
"1918831814","1946293477","12.5964"
"1946293477","1918831814","12.5964"
"1918831814","2268491099","1.79703"
"2268491099","1918831814","1.79703"
"1935096412","1942430676","1.59863"
"1942430676","1935096412","1.59863"
"1935096412","1946293477","15.9188"
"1946293477","1935096412","15.9188"
"1935096412","2096308935","11.0708"
"2096308935","1935096412","11.0708"
"1935096412","2103486194","1.8153"
"2103486194","1935096412","1.8153"
"1935096412","2113223230","0.90932"
"2113223230","1935096412","0.90932"
"1935096412","2151920798","3.27806"
"2151920798","1935096412","3.27806"
"1935096412","2159790971","3.20092"
"2159790971","1935096412","3.20092"
"1935096412","2211903376","4.76465"
"2211903376","1935096412","4.76465"
"1935096412","2261966492","1.21395"
"2261966492","1935096412","1.21395"
"1935096412","2268491099","2.10672"
"2268491099","1935096412","2.10672"
"1942430676","1946293477","1.65746"
"1946293477","1942430676","1.65746"
"1942430676","2159790971","1.6046"
"2159790971","1942430676","1.6046"
"1942430676","2268491099","0.777055"
"2268491099","1942430676","0.777055"
"1946293477","2096308935","12.5964"
"2096308935","1946293477","12.5964"
"1946293477","2103486194","2.54813"
"2103486194","1946293477","2.54813"
"1946293477","2113223230","1.60162"
"2113223230","1946293477","1.60162"
"1946293477","2151920798","5.11305"
"2151920798","1946293477","5.11305"
"1946293477","2159790971","3.91706"
"2159790971","1946293477","3.91706"
"1946293477","2211903376","4.80023"
"2211903376","1946293477","4.80023"
"1946293477","2261966492","1.27277"
"2261966492","1946293477","1.27277"
"1946293477","2268491099","3.31674"
"2268491099","1946293477","3.31674"
"2096308935","2268491099","1.79703"
"2268491099","2096308935","1.79703"
"2103486194","2268491099","2.27825"
"2268491099","2103486194","2.27825"
"2113223230","2159790971","3.46554"
"2159790971","2113223230","3.46554"
"2113223230","2268491099","0.89318"
"2268491099","2113223230","0.89318"
"2151920798","2268491099","1.3268"
"2268491099","2151920798","1.3268"
"2159790971","2268491099","1.13563"
"2268491099","2159790971","1.13563"
"2211903376","2268491099","1.43826"
"2268491099","2211903376","1.43826"
"2261966492","2268491099","0.738594"
"2268491099","2261966492","0.738594"
"1765996881","1920450345","1.18648"
"1920450345","1765996881","1.18648"
"1841517230","1920450345","1.10315"
"1920450345","1841517230","1.10315"
"1865705435","1920450345","0.391734"
"1920450345","1865705435","0.391734"
"1896703187","1920450345","2.82025"
"1920450345","1896703187","2.82025"
"1916873869","1920450345","0.856521"
"1920450345","1916873869","0.856521"
"1920450345","1942430676","0.713664"
"1942430676","1920450345","0.713664"
"1920450345","2113223230","1.0757"
"2113223230","1920450345","1.0757"
"1920450345","2211903376","1.36072"
"2211903376","1920450345","1.36072"
"1920450345","2261966492","0.444366"
"2261966492","1920450345","0.444366"
"144321000","2210870843","0.333333"
"2210870843","144321000","0.333333"
"1920450345","2210870843","0.333333"
"2210870843","1920450345","0.333333"
"2103486194","2210870843","0.333333"
"2210870843","2103486194","0.333333"
"144321000","1920394932","0.648021"
"1920394932","144321000","0.648021"
"144321000","2250130521","0.839688"
"2250130521","144321000","0.839688"
"1749356136","1920394932","4.92254"
"1920394932","1749356136","4.92254"
"1749356136","2219439767","0.433868"
"2219439767","1749356136","0.433868"
"1749356136","2250130521","4.28694"
"2250130521","1749356136","4.28694"
"1765996881","1920394932","1.10232"
"1920394932","1765996881","1.10232"
"1765996881","2250130521","1.86671"
"2250130521","1765996881","1.86671"
"1817831659","1920394932","0.965382"
"1920394932","1817831659","0.965382"
"1817831659","2250130521","1.76311"
"2250130521","1817831659","1.76311"
"1841517230","1920394932","3.26497"
"1920394932","1841517230","3.26497"
"1841517230","2250130521","4.46269"
"2250130521","1841517230","4.46269"
"1866590543","1920394932","0.609659"
"1920394932","1866590543","0.609659"
"1866590543","2219439767","0.245833"
"2219439767","1866590543","0.245833"
"1866590543","2250130521","1.02405"
"2250130521","1866590543","1.02405"
"1896703187","1920394932","3.68921"
"1920394932","1896703187","3.68921"
"1896703187","2250130521","4.8036"
"2250130521","1896703187","4.8036"
"1916873869","1920394932","0.100962"
"1920394932","1916873869","0.100962"
"1916873869","2219439767","0.0625"
"2219439767","1916873869","0.0625"
"1916873869","2250130521","0.192628"
"2250130521","1916873869","0.192628"
"1918831814","1920394932","5.80588"
"1920394932","1918831814","5.80588"
"1918831814","2250130521","5.0536"
"2250130521","1918831814","5.0536"
"1920394932","2096308935","5.80588"
"2096308935","1920394932","5.80588"
"1920394932","2103486194","0.648021"
"2103486194","1920394932","0.648021"
"1920394932","2113223230","2.27561"
"2113223230","1920394932","2.27561"
"1920394932","2151920798","1.32144"
"2151920798","1920394932","1.32144"
"1920394932","2211903376","11.1892"
"2211903376","1920394932","11.1892"
"1920394932","2219439767","0.222756"
"2219439767","1920394932","0.222756"
"1920394932","2250130521","3.93921"
"2250130521","1920394932","3.93921"
"2096308935","2250130521","5.0536"
"2250130521","2096308935","5.0536"
"2103486194","2250130521","0.839688"
"2250130521","2103486194","0.839688"
"2113223230","2219439767","0.322756"
"2219439767","2113223230","0.322756"
"2113223230","2250130521","6.15061"
"2250130521","2113223230","6.15061"
"2151920798","2250130521","1.83584"
"2250130521","2151920798","1.83584"
"2211903376","2250130521","4.72027"
"2250130521","2211903376","4.72027"
"2219439767","2250130521","0.322756"
"2250130521","2219439767","0.322756"
"144321000","2211017102","0.216667"
"2211017102","144321000","0.216667"
"144321000","2398224173","0.216667"
"2398224173","144321000","0.216667"
"1765996881","2211017102","0.216667"
"2211017102","1765996881","0.216667"
"1765996881","2398224173","0.216667"
"2398224173","1765996881","0.216667"
"1779208579","2211017102","0.383333"
"2211017102","1779208579","0.383333"
"1779208579","2398224173","0.216667"
"2398224173","1779208579","0.216667"
"1841517230","2211017102","0.216667"
"2211017102","1841517230","0.216667"
"1841517230","2398224173","0.216667"
"2398224173","1841517230","0.216667"
"1896703187","2211017102","0.216667"
"2211017102","1896703187","0.216667"
"1896703187","2398224173","0.216667"
"2398224173","1896703187","0.216667"
"1918831814","2211017102","0.383333"
"2211017102","1918831814","0.383333"
"1918831814","2398224173","0.216667"
"2398224173","1918831814","0.216667"
"2096308935","2211017102","0.383333"
"2211017102","2096308935","0.383333"
"2096308935","2398224173","0.216667"
"2398224173","2096308935","0.216667"
"2103486194","2211017102","0.216667"
"2211017102","2103486194","0.216667"
"2103486194","2398224173","0.216667"
"2398224173","2103486194","0.216667"
"2211017102","2211903376","0.216667"
"2211903376","2211017102","0.216667"
"2211017102","2398224173","0.216667"
"2398224173","2211017102","0.216667"
"2211903376","2398224173","0.216667"
"2398224173","2211903376","0.216667"
"144321000","1820199188","0.047619"
"1820199188","144321000","0.047619"
"144321000","1844278661","0.047619"
"1844278661","144321000","0.047619"
"144321000","1888683582","0.047619"
"1888683582","144321000","0.047619"
"144321000","1918691961","0.181636"
"1918691961","144321000","0.181636"
"144321000","1944344266","0.0860806"
"1944344266","144321000","0.0860806"
"144321000","2114556412","0.047619"
"2114556412","144321000","0.047619"
"1765996881","1820199188","0.047619"
"1820199188","1765996881","0.047619"
"1765996881","1844278661","0.130952"
"1844278661","1765996881","0.130952"
"1765996881","1888683582","0.047619"
"1888683582","1765996881","0.047619"
"1765996881","1918691961","0.655446"
"1918691961","1765996881","0.655446"
"1765996881","1944344266","0.276557"
"1944344266","1765996881","0.276557"
"1765996881","2114556412","0.047619"
"2114556412","1765996881","0.047619"
"1795553865","1820199188","2.59367"
"1820199188","1795553865","2.59367"
"1795553865","1844278661","0.564664"
"1844278661","1795553865","0.564664"
"1795553865","1888683582","2.59367"
"1888683582","1795553865","2.59367"
"1795553865","1918691961","3.09367"
"1918691961","1795553865","3.09367"
"1795553865","1944344266","2.59367"
"1944344266","1795553865","2.59367"
"1795553865","2114556412","2.59367"
"2114556412","1795553865","2.59367"
"1820199188","1841517230","0.114286"
"1841517230","1820199188","0.114286"
"1820199188","1844278661","2.5966"
"1844278661","1820199188","2.5966"
"1820199188","1865705435","0.047619"
"1865705435","1820199188","0.047619"
"1820199188","1866590543","6.61641"
"1866590543","1820199188","6.61641"
"1820199188","1888683582","6.47356"
"1888683582","1820199188","6.47356"
"1820199188","1896703187","0.380952"
"1896703187","1820199188","0.380952"
"1820199188","1918691961","6.61641"
"1918691961","1820199188","6.61641"
"1820199188","1918831814","6.06284"
"1918831814","1820199188","6.06284"
"1820199188","1935096412","6.61641"
"1935096412","1820199188","6.61641"
"1820199188","1942430676","0.047619"
"1942430676","1820199188","0.047619"
"1820199188","1944344266","6.47356"
"1944344266","1820199188","6.47356"
"1820199188","1946293477","6.61641"
"1946293477","1820199188","6.61641"
"1820199188","2096308935","6.06284"
"2096308935","1820199188","6.06284"
"1820199188","2103486194","0.047619"
"2103486194","1820199188","0.047619"
"1820199188","2113223230","0.047619"
"2113223230","1820199188","0.047619"
"1820199188","2114556412","6.47356"
"2114556412","1820199188","6.47356"
"1820199188","2211903376","0.114286"
"2211903376","1820199188","0.114286"
"1820199188","2261966492","0.047619"
"2261966492","1820199188","0.047619"
"1841517230","1844278661","0.40232"
"1844278661","1841517230","0.40232"
"1841517230","1888683582","0.114286"
"1888683582","1841517230","0.114286"
"1841517230","1918691961","0.539512"
"1918691961","1841517230","0.539512"
"1841517230","1944344266","0.555067"
"1944344266","1841517230","0.555067"
"1841517230","2114556412","0.225397"
"2114556412","1841517230","0.225397"
"1844278661","1865705435","0.047619"
"1865705435","1844278661","0.047619"
"1844278661","1866590543","3.8466"
"1866590543","1844278661","3.8466"
"1844278661","1888683582","1.12041"
"1888683582","1844278661","1.12041"
"1844278661","1896703187","0.735653"
"1896703187","1844278661","0.735653"
"1844278661","1918691961","1.59019"
"1918691961","1844278661","1.59019"
"1844278661","1918831814","1.61796"
"1918831814","1844278661","1.61796"
"1844278661","1935096412","1.26326"
"1935096412","1844278661","1.26326"
"1844278661","1942430676","0.047619"
"1942430676","1844278661","0.047619"
"1844278661","1944344266","4.69733"
"1944344266","1844278661","4.69733"
"1844278661","1946293477","3.92352"
"1946293477","1844278661","3.92352"
"1844278661","2096308935","1.61796"
"2096308935","1844278661","1.61796"
"1844278661","2103486194","0.047619"
"2103486194","1844278661","0.047619"
"1844278661","2113223230","0.214286"
"2113223230","1844278661","0.214286"
"1844278661","2114556412","3.70374"
"2114556412","1844278661","3.70374"
"1844278661","2211903376","0.40232"
"2211903376","1844278661","0.40232"
"1844278661","2261966492","0.047619"
"2261966492","1844278661","0.047619"
"1865705435","1888683582","0.047619"
"1888683582","1865705435","0.047619"
"1865705435","1918691961","0.0876191"
"1918691961","1865705435","0.0876191"
"1865705435","1944344266","0.047619"
"1944344266","1865705435","0.047619"
"1865705435","2114556412","0.047619"
"2114556412","1865705435","0.047619"
"1866590543","1888683582","6.72356"
"1888683582","1866590543","6.72356"
"1866590543","1918691961","13.0004"
"1918691961","1866590543","13.0004"
"1866590543","1944344266","6.62313"
"1944344266","1866590543","6.62313"
"1866590543","2114556412","9.168"
"2114556412","1866590543","9.168"
"1888683582","1896703187","0.047619"
"1896703187","1888683582","0.047619"
"1888683582","1918691961","6.80689"
"1918691961","1888683582","6.80689"
"1888683582","1918831814","5.91998"
"1918831814","1888683582","5.91998"
"1888683582","1935096412","6.72356"
"1935096412","1888683582","6.72356"
"1888683582","1942430676","0.047619"
"1942430676","1888683582","0.047619"
"1888683582","1944344266","6.80689"
"1944344266","1888683582","6.80689"
"1888683582","1946293477","6.72356"
"1946293477","1888683582","6.72356"
"1888683582","2096308935","5.91998"
"2096308935","1888683582","5.91998"
"1888683582","2103486194","0.047619"
"2103486194","1888683582","0.047619"
"1888683582","2113223230","0.047619"
"2113223230","1888683582","0.047619"
"1888683582","2114556412","6.47356"
"2114556412","1888683582","6.47356"
"1888683582","2211903376","0.114286"
"2211903376","1888683582","0.114286"
"1888683582","2261966492","0.047619"
"2261966492","1888683582","0.047619"
"1896703187","1918691961","0.556178"
"1918691961","1896703187","0.556178"
"1896703187","1944344266","0.377289"
"1944344266","1896703187","0.377289"
"1896703187","2114556412","0.047619"
"2114556412","1896703187","0.047619"
"1918691961","1918831814","7.8214"
"1918831814","1918691961","7.8214"
"1918691961","1935096412","7.56194"
"1935096412","1918691961","7.56194"
"1918691961","1942430676","0.126081"
"1942430676","1918691961","0.126081"
"1918691961","1944344266","18.7556"
"1944344266","1918691961","18.7556"
"1918691961","1946293477","9.44442"
"1946293477","1918691961","9.44442"
"1918691961","2096308935","7.8214"
"2096308935","1918691961","7.8214"
"1918691961","2103486194","0.181636"
"2103486194","1918691961","0.181636"
"1918691961","2113223230","0.264969"
"2113223230","1918691961","0.264969"
"1918691961","2114556412","6.72356"
"2114556412","1918691961","6.72356"
"1918691961","2211903376","0.539512"
"2211903376","1918691961","0.539512"
"1918691961","2261966492","0.0876191"
"2261966492","1918691961","0.0876191"
"1918831814","1944344266","6.24966"
"1944344266","1918831814","6.24966"
"1918831814","2114556412","5.91998"
"2114556412","1918831814","5.91998"
"1935096412","1944344266","6.55964"
"1944344266","1935096412","6.55964"
"1935096412","2114556412","6.47356"
"2114556412","1935096412","6.47356"
"1942430676","1944344266","0.0860806"
"1944344266","1942430676","0.0860806"
"1942430676","2114556412","0.047619"
"2114556412","1942430676","0.047619"
"1944344266","1946293477","8.24767"
"1946293477","1944344266","8.24767"
"1944344266","2096308935","6.24966"
"2096308935","1944344266","6.24966"
"1944344266","2103486194","0.0860806"
"2103486194","1944344266","0.0860806"
"1944344266","2113223230","0.169414"
"2113223230","1944344266","0.169414"
"1944344266","2114556412","7.08467"
"2114556412","1944344266","7.08467"
"1944344266","2211903376","0.555067"
"2211903376","1944344266","0.555067"
"1944344266","2261966492","0.047619"
"2261966492","1944344266","0.047619"
"1946293477","2114556412","9.168"
"2114556412","1946293477","9.168"
"2096308935","2114556412","5.91998"
"2114556412","2096308935","5.91998"
"2103486194","2114556412","0.047619"
"2114556412","2103486194","0.047619"
"2113223230","2114556412","0.047619"
"2114556412","2113223230","0.047619"
"2114556412","2211903376","0.225397"
"2211903376","2114556412","0.225397"
"2114556412","2261966492","0.047619"
"2261966492","2114556412","0.047619"
"144321000","1522916622","0.161795"
"1522916622","144321000","0.161795"
"144321000","2157603657","0.161795"
"2157603657","144321000","0.161795"
"144321000","2260428002","0.161795"
"2260428002","144321000","0.161795"
"144321000","2285382915","0.161795"
"2285382915","144321000","0.161795"
"1522916622","1749356136","0.330737"
"1749356136","1522916622","0.330737"
"1522916622","1765996881","6.70693"
"1765996881","1522916622","6.70693"
"1522916622","1779208579","0.0384615"
"1779208579","1522916622","0.0384615"
"1522916622","1841517230","0.414071"
"1841517230","1522916622","0.414071"
"1522916622","1866590543","0.337285"
"1866590543","1522916622","0.337285"
"1522916622","1896703187","0.414071"
"1896703187","1522916622","0.414071"
"1522916622","1916873869","0.161795"
"1916873869","1522916622","0.161795"
"1522916622","1918691961","0.552271"
"1918691961","1522916622","0.552271"
"1522916622","1918831814","0.414071"
"1918831814","1522916622","0.414071"
"1522916622","1920394932","0.207404"
"1920394932","1522916622","0.207404"
"1522916622","1935096412","0.209414"
"1935096412","1522916622","0.209414"
"1522916622","1942430676","0.0784615"
"1942430676","1522916622","0.0784615"
"1522916622","1944344266","0.228938"
"1944344266","1522916622","0.228938"
"1522916622","1946293477","0.209414"
"1946293477","1522916622","0.209414"
"1522916622","2096308935","0.414071"
"2096308935","1522916622","0.414071"
"1522916622","2103486194","0.161795"
"2103486194","1522916622","0.161795"
"1522916622","2113223230","0.224295"
"2113223230","1522916622","0.224295"
"1522916622","2151920798","0.330737"
"2151920798","1522916622","0.330737"
"1522916622","2157603657","6.70693"
"2157603657","1522916622","6.70693"
"1522916622","2159790971","0.247404"
"2159790971","1522916622","0.247404"
"1522916622","2211903376","0.414071"
"2211903376","1522916622","0.414071"
"1522916622","2250130521","0.290737"
"2250130521","1522916622","0.290737"
"1522916622","2260428002","6.20693"
"2260428002","1522916622","6.20693"
"1522916622","2268491099","0.268237"
"2268491099","1522916622","0.268237"
"1522916622","2285382915","5.54026"
"2285382915","1522916622","5.54026"
"1749356136","1779208579","0.399426"
"1779208579","1749356136","0.399426"
"1749356136","1918691961","0.491893"
"1918691961","1749356136","0.491893"
"1749356136","1944344266","0.396337"
"1944344266","1749356136","0.396337"
"1749356136","2157603657","0.330737"
"2157603657","1749356136","0.330737"
"1749356136","2260428002","0.330737"
"2260428002","1749356136","0.330737"
"1749356136","2285382915","0.330737"
"2285382915","1749356136","0.330737"
"1765996881","2157603657","6.70693"
"2157603657","1765996881","6.70693"
"1765996881","2260428002","6.20693"
"2260428002","1765996881","6.20693"
"1765996881","2285382915","5.54026"
"2285382915","1765996881","5.54026"
"1779208579","1866590543","0.688315"
"1866590543","1779208579","0.688315"
"1779208579","1916873869","0.404982"
"1916873869","1779208579","0.404982"
"1779208579","1918691961","0.0384615"
"1918691961","1779208579","0.0384615"
"1779208579","1920394932","0.0384615"
"1920394932","1779208579","0.0384615"
"1779208579","1935096412","0.688315"
"1935096412","1779208579","0.688315"
"1779208579","1942430676","0.404982"
"1942430676","1779208579","0.404982"
"1779208579","1944344266","0.0384615"
"1944344266","1779208579","0.0384615"
"1779208579","1946293477","0.688315"
"1946293477","1779208579","0.688315"
"1779208579","2113223230","0.63276"
"2113223230","1779208579","0.63276"
"1779208579","2157603657","0.0384615"
"2157603657","1779208579","0.0384615"
"1779208579","2250130521","0.130128"
"2250130521","1779208579","0.130128"
"1779208579","2260428002","0.0384615"
"2260428002","1779208579","0.0384615"
"1779208579","2268491099","0.130128"
"2268491099","1779208579","0.130128"
"1779208579","2285382915","0.0384615"
"2285382915","1779208579","0.0384615"
"1841517230","2157603657","0.414071"
"2157603657","1841517230","0.414071"
"1841517230","2260428002","0.414071"
"2260428002","1841517230","0.414071"
"1841517230","2285382915","0.414071"
"2285382915","1841517230","0.414071"
"1866590543","2157603657","0.337285"
"2157603657","1866590543","0.337285"
"1866590543","2260428002","0.337285"
"2260428002","1866590543","0.337285"
"1866590543","2285382915","0.337285"
"2285382915","1866590543","0.337285"
"1896703187","2157603657","0.414071"
"2157603657","1896703187","0.414071"
"1896703187","2260428002","0.414071"
"2260428002","1896703187","0.414071"
"1896703187","2285382915","0.414071"
"2285382915","1896703187","0.414071"
"1916873869","1918691961","0.0784615"
"1918691961","1916873869","0.0784615"
"1916873869","1944344266","0.0384615"
"1944344266","1916873869","0.0384615"
"1916873869","2157603657","0.161795"
"2157603657","1916873869","0.161795"
"1916873869","2260428002","0.161795"
"2260428002","1916873869","0.161795"
"1916873869","2285382915","0.161795"
"2285382915","1916873869","0.161795"
"1918691961","1920394932","0.385226"
"1920394932","1918691961","0.385226"
"1918691961","2151920798","0.436337"
"2151920798","1918691961","0.436337"
"1918691961","2157603657","0.885604"
"2157603657","1918691961","0.885604"
"1918691961","2159790971","0.491893"
"2159790971","1918691961","0.491893"
"1918691961","2250130521","0.385226"
"2250130521","1918691961","0.385226"
"1918691961","2260428002","0.552271"
"2260428002","1918691961","0.552271"
"1918691961","2268491099","0.945525"
"2268491099","1918691961","0.945525"
"1918691961","2285382915","0.552271"
"2285382915","1918691961","0.552271"
"1918831814","2157603657","0.414071"
"2157603657","1918831814","0.414071"
"1918831814","2260428002","0.414071"
"2260428002","1918831814","0.414071"
"1918831814","2285382915","0.414071"
"2285382915","1918831814","0.414071"
"1920394932","1935096412","1.75751"
"1935096412","1920394932","1.75751"
"1920394932","1942430676","0.0384615"
"1942430676","1920394932","0.0384615"
"1920394932","1944344266","0.32967"
"1944344266","1920394932","0.32967"
"1920394932","1946293477","0.748159"
"1946293477","1920394932","0.748159"
"1920394932","2157603657","0.207404"
"2157603657","1920394932","0.207404"
"1920394932","2159790971","3.43226"
"2159790971","1920394932","3.43226"
"1920394932","2260428002","0.207404"
"2260428002","1920394932","0.207404"
"1920394932","2268491099","0.490575"
"2268491099","1920394932","0.490575"
"1920394932","2285382915","0.207404"
"2285382915","1920394932","0.207404"
"1935096412","2157603657","0.209414"
"2157603657","1935096412","0.209414"
"1935096412","2250130521","0.399176"
"2250130521","1935096412","0.399176"
"1935096412","2260428002","0.209414"
"2260428002","1935096412","0.209414"
"1935096412","2285382915","0.209414"
"2285382915","1935096412","0.209414"
"1942430676","2157603657","0.0784615"
"2157603657","1942430676","0.0784615"
"1942430676","2250130521","0.130128"
"2250130521","1942430676","0.130128"
"1942430676","2260428002","0.0784615"
"2260428002","1942430676","0.0784615"
"1942430676","2285382915","0.0784615"
"2285382915","1942430676","0.0784615"
"1944344266","2151920798","0.313004"
"2151920798","1944344266","0.313004"
"1944344266","2157603657","0.562271"
"2157603657","1944344266","0.562271"
"1944344266","2159790971","0.396337"
"2159790971","1944344266","0.396337"
"1944344266","2250130521","0.32967"
"2250130521","1944344266","0.32967"
"1944344266","2260428002","0.228938"
