"126138400","1977205144","0.892832"
"1977205144","126138400","0.892832"
"126138400","2116794167","1.61783"
"2116794167","126138400","1.61783"
"1977205144","2116794167","1.10117"
"2116794167","1977205144","1.10117"
"126138400","1918676892","0.0769231"
"1918676892","126138400","0.0769231"
"126138400","1981097903","0.176923"
"1981097903","126138400","0.176923"
"126138400","1986275041","0.0769231"
"1986275041","126138400","0.0769231"
"126138400","1987748328","0.417832"
"1987748328","126138400","0.417832"
"126138400","1999185682","0.392832"
"1999185682","126138400","0.392832"
"126138400","2120451270","0.992832"
"2120451270","126138400","0.992832"
"126138400","2129566748","0.267832"
"2129566748","126138400","0.267832"
"126138400","2135705763","0.0769231"
"2135705763","126138400","0.0769231"
"126138400","2140544742","0.0769231"
"2140544742","126138400","0.0769231"
"126138400","2157243284","3.61783"
"2157243284","126138400","3.61783"
"126138400","2160636718","0.301923"
"2160636718","126138400","0.301923"
"1918676892","1977205144","0.0769231"
"1977205144","1918676892","0.0769231"
"1918676892","1981097903","0.0769231"
"1981097903","1918676892","0.0769231"
"1918676892","1986275041","0.521368"
"1986275041","1918676892","0.521368"
"1918676892","1987748328","0.188034"
"1987748328","1918676892","0.188034"
"1918676892","1999185682","0.0769231"
"1999185682","1918676892","0.0769231"
"1918676892","2116794167","0.499145"
"2116794167","1918676892","0.499145"
"1918676892","2120451270","0.0769231"
"2120451270","1918676892","0.0769231"
"1918676892","2129566748","0.438034"
"2129566748","1918676892","0.438034"
"1918676892","2135705763","0.938034"
"2135705763","1918676892","0.938034"
"1918676892","2140544742","0.938034"
"2140544742","1918676892","0.938034"
"1918676892","2157243284","0.632479"
"2157243284","1918676892","0.632479"
"1918676892","2160636718","36.5055"
"2160636718","1918676892","36.5055"
"1977205144","1981097903","0.0769231"
"1981097903","1977205144","0.0769231"
"1977205144","1986275041","0.0769231"
"1986275041","1977205144","0.0769231"
"1977205144","1987748328","2.12617"
"1987748328","1977205144","2.12617"
"1977205144","1999185682","0.601165"
"1999185682","1977205144","0.601165"
"1977205144","2120451270","0.267832"
"2120451270","1977205144","0.267832"
"1977205144","2129566748","0.167832"
"2129566748","1977205144","0.167832"
"1977205144","2135705763","0.0769231"
"2135705763","1977205144","0.0769231"
"1977205144","2140544742","0.0769231"
"2140544742","1977205144","0.0769231"
"1977205144","2157243284","0.726165"
"2157243284","1977205144","0.726165"
"1977205144","2160636718","0.0769231"
"2160636718","1977205144","0.0769231"
"1981097903","1986275041","0.276923"
"1986275041","1981097903","0.276923"
"1981097903","1987748328","0.0769231"
"1987748328","1981097903","0.0769231"
"1981097903","1999185682","0.0769231"
"1999185682","1981097903","0.0769231"
"1981097903","2116794167","0.376923"
"2116794167","1981097903","0.376923"
"1981097903","2120451270","0.376923"
"2120451270","1981097903","0.376923"
"1981097903","2129566748","0.376923"
"2129566748","1981097903","0.376923"
"1981097903","2135705763","0.0769231"
"2135705763","1981097903","0.0769231"
"1981097903","2140544742","0.0769231"
"2140544742","1981097903","0.0769231"
"1981097903","2157243284","0.176923"
"2157243284","1981097903","0.176923"
"1981097903","2160636718","0.176923"
"2160636718","1981097903","0.176923"
"1986275041","1987748328","0.0769231"
"1987748328","1986275041","0.0769231"
"1986275041","1999185682","0.410256"
"1999185682","1986275041","0.410256"
"1986275041","2116794167","0.388034"
"2116794167","1986275041","0.388034"
"1986275041","2120451270","0.276923"
"2120451270","1986275041","0.276923"
"1986275041","2129566748","0.276923"
"2129566748","1986275041","0.276923"
"1986275041","2135705763","1.18803"
"2135705763","1986275041","1.18803"
"1986275041","2140544742","1.52137"
"2140544742","1986275041","1.52137"
"1986275041","2157243284","2.18803"
"2157243284","1986275041","2.18803"
"1986275041","2160636718","0.521368"
"2160636718","1986275041","0.521368"
"1987748328","1999185682","0.659499"
"1999185682","1987748328","0.659499"
"1987748328","2116794167","1.07061"
"2116794167","1987748328","1.07061"
"1987748328","2120451270","0.584499"
"2120451270","1987748328","0.584499"
"1987748328","2129566748","0.478943"
"2129566748","1987748328","0.478943"
"1987748328","2135705763","0.0769231"
"2135705763","1987748328","0.0769231"
"1987748328","2140544742","0.0769231"
"2140544742","1987748328","0.0769231"
"1987748328","2157243284","1.02061"
"2157243284","1987748328","1.02061"
"1987748328","2160636718","0.0769231"
"2160636718","1987748328","0.0769231"
"1999185682","2116794167","1.0595"
"2116794167","1999185682","1.0595"
"1999185682","2120451270","0.767832"
"2120451270","1999185682","0.767832"
"1999185682","2129566748","0.367832"
"2129566748","1999185682","0.367832"
"1999185682","2135705763","0.0769231"
"2135705763","1999185682","0.0769231"
"1999185682","2140544742","0.410256"
"2140544742","1999185682","0.410256"
"1999185682","2157243284","2.6345"
"2157243284","1999185682","2.6345"
"1999185682","2160636718","0.0769231"
"2160636718","1999185682","0.0769231"
"2116794167","2120451270","1.02617"
"2120451270","2116794167","1.02617"
"2116794167","2129566748","1.66228"
"2129566748","2116794167","1.66228"
"2116794167","2135705763","0.938034"
"2135705763","2116794167","0.938034"
"2116794167","2140544742","0.688034"
"2140544742","2116794167","0.688034"
"2116794167","2157243284","4.79839"
"2157243284","2116794167","4.79839"
"2116794167","2160636718","0.613034"
"2160636718","2116794167","0.613034"
"2120451270","2129566748","0.467832"
"2129566748","2120451270","0.467832"
"2120451270","2135705763","0.0769231"
"2135705763","2120451270","0.0769231"
"2120451270","2140544742","0.0769231"
"2140544742","2120451270","0.0769231"
"2120451270","2157243284","1.74283"
"2157243284","2120451270","1.74283"
"2120451270","2160636718","0.301923"
"2160636718","2120451270","0.301923"
"2129566748","2135705763","0.576923"
"2135705763","2129566748","0.576923"
"2129566748","2140544742","0.326923"
"2140544742","2129566748","0.326923"
"2129566748","2157243284","1.66228"
"2157243284","2129566748","1.66228"
"2129566748","2160636718","0.176923"
"2160636718","2129566748","0.176923"
"2135705763","2140544742","1.43803"
"2140544742","2135705763","1.43803"
"2135705763","2157243284","0.438034"
"2157243284","2135705763","0.438034"
"2135705763","2160636718","0.188034"
"2160636718","2135705763","0.188034"
"2140544742","2157243284","1.52137"
"2157243284","2140544742","1.52137"
"2140544742","2160636718","0.188034"
"2160636718","2140544742","0.188034"
"2157243284","2160636718","0.746368"
"2160636718","2157243284","0.746368"
"126138400","2056733581","0.190909"
"2056733581","126138400","0.190909"
"126138400","2169421069","0.315909"
"2169421069","126138400","0.315909"
"126138400","2285838339","0.340909"
"2285838339","126138400","0.340909"
"126138400","2438877200","0.215909"
"2438877200","126138400","0.215909"
"1977205144","2056733581","0.190909"
"2056733581","1977205144","0.190909"
"1977205144","2169421069","0.215909"
"2169421069","1977205144","0.215909"
"1977205144","2285838339","0.0909091"
"2285838339","1977205144","0.0909091"
"1977205144","2438877200","0.215909"
"2438877200","1977205144","0.215909"
"1987748328","2056733581","0.535354"
"2056733581","1987748328","0.535354"
"1987748328","2169421069","0.382576"
"2169421069","1987748328","0.382576"
"1987748328","2285838339","0.415909"
"2285838339","1987748328","0.415909"
"1987748328","2438877200","2.96591"
"2438877200","1987748328","2.96591"
"1999185682","2056733581","0.190909"
"2056733581","1999185682","0.190909"
"1999185682","2169421069","0.257576"
"2169421069","1999185682","0.257576"
"1999185682","2285838339","0.415909"
"2285838339","1999185682","0.415909"
"1999185682","2438877200","0.257576"
"2438877200","1999185682","0.257576"
"2056733581","2116794167","1.46869"
"2116794167","2056733581","1.46869"
"2056733581","2120451270","0.190909"
"2120451270","2056733581","0.190909"
"2056733581","2129566748","0.20202"
"2129566748","2056733581","0.20202"
"2056733581","2157243284","0.635354"
"2157243284","2056733581","0.635354"
"2056733581","2169421069","0.0909091"
"2169421069","2056733581","0.0909091"
"2056733581","2285838339","0.0909091"
"2285838339","2056733581","0.0909091"
"2056733581","2438877200","0.0909091"
"2438877200","2056733581","0.0909091"
"2116794167","2169421069","0.50202"
"2169421069","2116794167","0.50202"
"2116794167","2285838339","0.340909"
"2285838339","2116794167","0.340909"
"2116794167","2438877200","0.424242"
"2438877200","2116794167","0.424242"
"2120451270","2169421069","0.557576"
"2169421069","2120451270","0.557576"
"2120451270","2285838339","0.215909"
"2285838339","2120451270","0.215909"
"2120451270","2438877200","0.507576"
"2438877200","2120451270","0.507576"
"2129566748","2169421069","0.390909"
"2169421069","2129566748","0.390909"
"2129566748","2285838339","0.290909"
"2285838339","2129566748","0.290909"
"2129566748","2438877200","0.0909091"
"2438877200","2129566748","0.0909091"
"2157243284","2169421069","1.59369"
"2169421069","2157243284","1.59369"
"2157243284","2285838339","0.415909"
"2285838339","2157243284","0.415909"
"2157243284","2438877200","0.632576"
"2438877200","2157243284","0.632576"
"2169421069","2285838339","0.0909091"
"2285838339","2169421069","0.0909091"
"2169421069","2438877200","0.382576"
"2438877200","2169421069","0.382576"
"2285838339","2438877200","0.0909091"
"2438877200","2285838339","0.0909091"
"126138400","2003055168","0.35"
"2003055168","126138400","0.35"
"126138400","2009332535","0.575"
"2009332535","126138400","0.575"
"126138400","2600741786","0.1"
"2600741786","126138400","0.1"
"1981097903","2003055168","0.1"
"2003055168","1981097903","0.1"
"1981097903","2009332535","0.1"
"2009332535","1981097903","0.1"
"1981097903","2169421069","0.3"
"2169421069","1981097903","0.3"
"1981097903","2600741786","0.1"
"2600741786","1981097903","0.1"
"2003055168","2009332535","0.35"
"2009332535","2003055168","0.35"
"2003055168","2116794167","1.225"
"2116794167","2003055168","1.225"
"2003055168","2120451270","0.266667"
"2120451270","2003055168","0.266667"
"2003055168","2129566748","0.1"
"2129566748","2003055168","0.1"
"2003055168","2157243284","0.725"
"2157243284","2003055168","0.725"
"2003055168","2160636718","0.1"
"2160636718","2003055168","0.1"
"2003055168","2169421069","0.391667"
"2169421069","2003055168","0.391667"
"2003055168","2600741786","0.1"
"2600741786","2003055168","0.1"
"2009332535","2116794167","1.11667"
"2116794167","2009332535","1.11667"
"2009332535","2120451270","0.575"
"2120451270","2009332535","0.575"
"2009332535","2129566748","0.433333"
"2129566748","2009332535","0.433333"
"2009332535","2157243284","1.53333"
"2157243284","2009332535","1.53333"
"2009332535","2160636718","0.225"
"2160636718","2009332535","0.225"
"2009332535","2169421069","0.225"
"2169421069","2009332535","0.225"
"2009332535","2600741786","0.1"
"2600741786","2009332535","0.1"
"2116794167","2600741786","0.1"
"2600741786","2116794167","0.1"
"2120451270","2600741786","0.1"
"2600741786","2120451270","0.1"
"2129566748","2600741786","0.1"
"2600741786","2129566748","0.1"
"2157243284","2600741786","0.1"
"2600741786","2157243284","0.1"
"2160636718","2169421069","0.211111"
"2169421069","2160636718","0.211111"
"2160636718","2600741786","0.1"
"2600741786","2160636718","0.1"
"2169421069","2600741786","0.1"
"2600741786","2169421069","0.1"
"126138400","2484302193","1.25"
"2484302193","126138400","1.25"
"126138400","1843537511","0.1"
"1843537511","126138400","0.1"
"126138400","2197720751","0.1"
"2197720751","126138400","0.1"
"126138400","2293962327","0.225"
"2293962327","126138400","0.225"
"1843537511","1977205144","0.1"
"1977205144","1843537511","0.1"
"1843537511","1999185682","0.1"
"1999185682","1843537511","0.1"
"1843537511","2009332535","0.1"
"2009332535","1843537511","0.1"
"1843537511","2056733581","0.211111"
"2056733581","1843537511","0.211111"
"1843537511","2116794167","0.211111"
"2116794167","1843537511","0.211111"
"1843537511","2120451270","0.1"
"2120451270","1843537511","0.1"
"1843537511","2157243284","0.711111"
"2157243284","1843537511","0.711111"
"1843537511","2197720751","51.2329"
"2197720751","1843537511","51.2329"
"1843537511","2293962327","0.1"
"2293962327","1843537511","0.1"
"1977205144","2009332535","4.55833"
"2009332535","1977205144","4.55833"
"1977205144","2197720751","0.1"
"2197720751","1977205144","0.1"
"1977205144","2293962327","0.933333"
"2293962327","1977205144","0.933333"
"1999185682","2009332535","0.225"
"2009332535","1999185682","0.225"
"1999185682","2197720751","0.1"
"2197720751","1999185682","0.1"
"1999185682","2293962327","0.1"
"2293962327","1999185682","0.1"
"2009332535","2056733581","0.1"
"2056733581","2009332535","0.1"
"2009332535","2197720751","0.1"
"2197720751","2009332535","0.1"
"2009332535","2293962327","2.05833"
"2293962327","2009332535","2.05833"
"2056733581","2197720751","0.211111"
"2197720751","2056733581","0.211111"
"2056733581","2293962327","1.93333"
"2293962327","2056733581","1.93333"
"2116794167","2197720751","0.211111"
"2197720751","2116794167","0.211111"
"2116794167","2293962327","2.05833"
"2293962327","2116794167","2.05833"
"2120451270","2197720751","0.1"
"2197720751","2120451270","0.1"
"2120451270","2293962327","0.225"
"2293962327","2120451270","0.225"
"2157243284","2197720751","0.711111"
"2197720751","2157243284","0.711111"
"2157243284","2293962327","0.225"
"2293962327","2157243284","0.225"
"2197720751","2293962327","0.1"
"2293962327","2197720751","0.1"
"126138400","275283261","0.125"
"275283261","126138400","0.125"
"2009332535","2285838339","0.25"
"2285838339","2009332535","0.25"
"2009332535","275283261","0.125"
"275283261","2009332535","0.125"
"2116794167","275283261","0.125"
"275283261","2116794167","0.125"
"2120451270","275283261","0.125"
"275283261","2120451270","0.125"
"2157243284","275283261","0.125"
"275283261","2157243284","0.125"
"2160636718","2285838339","0.35119"
"2285838339","2160636718","0.35119"
"2160636718","2293962327","0.125"
"2293962327","2160636718","0.125"
"2160636718","275283261","0.208333"
"275283261","2160636718","0.208333"
"2285838339","2293962327","0.125"
"2293962327","2285838339","0.125"
"2285838339","275283261","1.45833"
"275283261","2285838339","1.45833"
"2293962327","275283261","0.125"
"275283261","2293962327","0.125"
"126138400","2917947446","0.125"
"2917947446","126138400","0.125"
"1987748328","2003055168","0.416667"
"2003055168","1987748328","0.416667"
"1987748328","2009332535","1.66667"
"2009332535","1987748328","1.66667"
"1987748328","2484302193","0.361111"
"2484302193","1987748328","0.361111"
"1987748328","2917947446","0.125"
"2917947446","1987748328","0.125"
"1999185682","2003055168","0.291667"
"2003055168","1999185682","0.291667"
"1999185682","2484302193","0.125"
"2484302193","1999185682","0.125"
"1999185682","2917947446","0.125"
"2917947446","1999185682","0.125"
"2003055168","2285838339","0.125"
"2285838339","2003055168","0.125"
"2003055168","2484302193","1.58333"
"2484302193","2003055168","1.58333"
"2003055168","2917947446","0.125"
"2917947446","2003055168","0.125"
"2009332535","2484302193","0.25"
"2484302193","2009332535","0.25"
"2009332535","2917947446","0.125"
"2917947446","2009332535","0.125"
"2116794167","2484302193","1.31944"
"2484302193","2116794167","1.31944"
"2116794167","2917947446","0.125"
"2917947446","2116794167","0.125"
"2285838339","2484302193","0.125"
"2484302193","2285838339","0.125"
"2285838339","2917947446","0.125"
"2917947446","2285838339","0.125"
"2484302193","2917947446","0.125"
"2917947446","2484302193","0.125"
"1977205144","2003055168","0.125"
"2003055168","1977205144","0.125"
"1977205144","2484302193","0.125"
"2484302193","1977205144","0.125"
"2003055168","2438877200","0.291667"
"2438877200","2003055168","0.291667"
"2009332535","2438877200","0.708333"
"2438877200","2009332535","0.708333"
"2157243284","2484302193","1.65278"
"2484302193","2157243284","1.65278"
"2169421069","2484302193","0.125"
"2484302193","2169421069","0.125"
"2438877200","2484302193","0.125"
"2484302193","2438877200","0.125"
"1523899591","1526791297","14.575"
"1526791297","1523899591","14.575"
"1523899591","1843537511","2.075"
"1843537511","1523899591","2.075"
"1526791297","1843537511","7.00119"
"1843537511","1526791297","7.00119"
"1523899591","2197720751","0.825"
"2197720751","1523899591","0.825"
"1523899591","2209858638","0.375"
"2209858638","1523899591","0.375"
"1526791297","2197720751","4.75119"
"2197720751","1526791297","4.75119"
"1526791297","2209858638","1.10119"
"2209858638","1526791297","1.10119"
"1843537511","2209858638","29.1496"
"2209858638","1843537511","29.1496"
"2197720751","2209858638","29.1496"
"2209858638","2197720751","29.1496"
"1523899591","2246237208","0.625"
"2246237208","1523899591","0.625"
"1526791297","2246237208","1.55119"
"2246237208","1526791297","1.55119"
"1843537511","2246237208","3.12183"
"2246237208","1843537511","3.12183"
"2197720751","2246237208","2.87183"
"2246237208","2197720751","2.87183"
"1523899591","303164608","1"
"303164608","1523899591","1"
"1523899591","2208712517","0.375"
"2208712517","1523899591","0.375"
"1526791297","2208712517","0.842857"
"2208712517","1526791297","0.842857"
"1843537511","2208712517","1.96349"
"2208712517","1843537511","1.96349"
"2208712517","2246237208","11.7659"
"2246237208","2208712517","11.7659"
"1523899591","1546540585","0.125"
"1546540585","1523899591","0.125"
"1523899591","1918676892","0.658333"
"1918676892","1523899591","0.658333"
"1526791297","1546540585","0.592857"
"1546540585","1526791297","0.592857"
"1526791297","1918676892","0.717857"
"1918676892","1526791297","0.717857"
"1546540585","1843537511","1.04683"
"1843537511","1546540585","1.04683"
"1546540585","1918676892","2.08294"
"1918676892","1546540585","2.08294"
"1546540585","2197720751","1.04683"
"2197720751","1546540585","1.04683"
"1546540585","2208712517","6.00635"
"2208712517","1546540585","6.00635"
"1546540585","2209858638","2.42579"
"2209858638","1546540585","2.42579"
"1546540585","2246237208","6.38968"
"2246237208","1546540585","6.38968"
"1843537511","1918676892","11.7567"
"1918676892","1843537511","11.7567"
"1918676892","2197720751","11.7567"
"2197720751","1918676892","11.7567"
"1918676892","2208712517","2.13968"
"2208712517","1918676892","2.13968"
"1918676892","2209858638","62.7992"
"2209858638","1918676892","62.7992"
"1918676892","2246237208","3.29802"
"2246237208","1918676892","3.29802"
"2197720751","2208712517","1.71349"
"2208712517","2197720751","1.71349"
"2208712517","2209858638","2.73254"
"2209858638","2208712517","2.73254"
"2209858638","2246237208","4.89087"
"2246237208","2209858638","4.89087"
"1523899591","1546563846","0.333333"
"1546563846","1523899591","0.333333"
"1523899591","969258522","0.333333"
"969258522","1523899591","0.333333"
"1546563846","1918676892","3.20278"
"1918676892","1546563846","3.20278"
"1546563846","969258522","2.95278"
"969258522","1546563846","2.95278"
"1918676892","969258522","25.1611"
"969258522","1918676892","25.1611"
"1523899591","2306118603","0.2"
"2306118603","1523899591","0.2"
"1526791297","2306118603","0.2"
"2306118603","1526791297","0.2"
"1843537511","2306118603","1.39444"
"2306118603","1843537511","1.39444"
"1918676892","2306118603","2.42222"
"2306118603","1918676892","2.42222"
"2197720751","2306118603","1.39444"
"2306118603","2197720751","1.39444"
"1523899591","275283261","0.5"
"275283261","1523899591","0.5"
"1526791297","275283261","0.5"
"275283261","1526791297","0.5"
"1526791297","316675935","0.333333"
"316675935","1526791297","0.333333"
"1843537511","316675935","0.333333"
"316675935","1843537511","0.333333"
"2197720751","316675935","0.333333"
"316675935","2197720751","0.333333"
"1526791297","1910446335","0.25"
"1910446335","1526791297","0.25"
"1526791297","2160636718","0.125"
"2160636718","1526791297","0.125"
"1526791297","969258522","0.125"
"969258522","1526791297","0.125"
"1843537511","1910446335","0.953968"
"1910446335","1843537511","0.953968"
"1843537511","2160636718","6.21944"
"2160636718","1843537511","6.21944"
"1843537511","969258522","1.54167"
"969258522","1843537511","1.54167"
"1910446335","1918676892","4.64683"
"1918676892","1910446335","4.64683"
"1910446335","2160636718","3.18849"
"2160636718","1910446335","3.18849"
"1910446335","2197720751","0.953968"
"2197720751","1910446335","0.953968"
"1910446335","2209858638","4.28968"
"2209858638","1910446335","4.28968"
"1910446335","2246237208","1.03016"
"2246237208","1910446335","1.03016"
"1910446335","969258522","0.308333"
"969258522","1910446335","0.308333"
"2160636718","2197720751","6.21944"
"2197720751","2160636718","6.21944"
"2160636718","2209858638","33.0952"
"2209858638","2160636718","33.0952"
"2160636718","2246237208","2.57183"
"2246237208","2160636718","2.57183"
"2160636718","969258522","1.07778"
"969258522","2160636718","1.07778"
"2197720751","969258522","1.54167"
"969258522","2197720751","1.54167"
"2209858638","969258522","2.82778"
"969258522","2209858638","2.82778"
"2246237208","969258522","0.675"
"969258522","2246237208","0.675"
"1526791297","2620537310","0.333333"
"2620537310","1526791297","0.333333"
"1843537511","2620537310","0.666667"
"2620537310","1843537511","0.666667"
"2197720751","2620537310","0.666667"
"2620537310","2197720751","0.666667"
"1546540585","1910446335","0.705159"
"1910446335","1546540585","0.705159"
"1910446335","2208712517","0.521825"
"2208712517","1910446335","0.521825"
"1546540585","2285838339","0.2"
"2285838339","1546540585","0.2"
"1918676892","2285838339","0.67619"
"2285838339","1918676892","0.67619"
"2208712517","2285838339","0.592857"
"2285838339","2208712517","0.592857"
"2209858638","2285838339","0.87619"
"2285838339","2209858638","0.87619"
"2246237208","2285838339","0.592857"
"2285838339","2246237208","0.592857"
"1546540585","1546563846","0.619444"
"1546563846","1546540585","0.619444"
"1546540585","1574370827","0.762302"
"1574370827","1546540585","0.762302"
"1546540585","2160636718","1.24008"
"2160636718","1546540585","1.24008"
"1546540585","2217354139","0.619444"
"2217354139","1546540585","0.619444"
"1546540585","2258542867","0.619444"
"2258542867","1546540585","0.619444"
"1546540585","2279508419","0.561111"
"2279508419","1546540585","0.561111"
"1546540585","969258522","0.619444"
"969258522","1546540585","0.619444"
"1546563846","1574370827","0.869444"
"1574370827","1546563846","0.869444"
"1546563846","2160636718","0.869444"
"2160636718","1546563846","0.869444"
"1546563846","2209858638","0.869444"
"2209858638","1546563846","0.869444"
"1546563846","2217354139","0.619444"
"2217354139","1546563846","0.619444"
"1546563846","2246237208","0.633333"
"2246237208","1546563846","0.633333"
"1546563846","2258542867","0.619444"
"2258542867","1546563846","0.619444"
"1546563846","2279508419","0.394444"
"2279508419","1546563846","0.394444"
"1574370827","1918676892","5.24802"
"1918676892","1574370827","5.24802"
"1574370827","2160636718","5.24802"
"2160636718","1574370827","5.24802"
"1574370827","2209858638","5.24802"
"2209858638","1574370827","5.24802"
"1574370827","2217354139","0.845635"
"2217354139","1574370827","0.845635"
"1574370827","2246237208","0.869048"
"2246237208","1574370827","0.869048"
"1574370827","2258542867","0.845635"
"2258542867","1574370827","0.845635"
"1574370827","2279508419","0.477778"
"2279508419","1574370827","0.477778"
"1574370827","969258522","0.619444"
"969258522","1574370827","0.619444"
"1918676892","2217354139","1.59563"
"2217354139","1918676892","1.59563"
"1918676892","2258542867","1.59563"
"2258542867","1918676892","1.59563"
"1918676892","2279508419","3.09444"
"2279508419","1918676892","3.09444"
"2160636718","2217354139","8.79564"
"2217354139","2160636718","8.79564"
"2160636718","2258542867","8.79564"
"2258542867","2160636718","8.79564"
"2160636718","2279508419","8.96111"
"2279508419","2160636718","8.96111"
"2209858638","2217354139","1.09563"
"2217354139","2209858638","1.09563"
"2209858638","2258542867","1.09563"
"2258542867","2209858638","1.09563"
"2209858638","2279508419","3.09444"
"2279508419","2209858638","3.09444"
"2217354139","2246237208","0.916667"
"2246237208","2217354139","0.916667"
"2217354139","2258542867","15.629"
"2258542867","2217354139","15.629"
"2217354139","2279508419","4.34444"
"2279508419","2217354139","4.34444"
"2217354139","969258522","0.619444"
"969258522","2217354139","0.619444"
"2246237208","2258542867","0.916667"
"2258542867","2246237208","0.916667"
"2246237208","2279508419","0.65"
"2279508419","2246237208","0.65"
"2258542867","2279508419","4.34444"
"2279508419","2258542867","4.34444"
"2258542867","969258522","0.619444"
"969258522","2258542867","0.619444"
"2279508419","969258522","0.394444"
"969258522","2279508419","0.394444"
"1546540585","2306118603","0.194444"
"2306118603","1546540585","0.194444"
"1546563846","1910446335","0.683333"
"1910446335","1546563846","0.683333"
"1546563846","2306118603","1.83333"
"2306118603","1546563846","1.83333"
"1574370827","1910446335","1.16905"
"1910446335","1574370827","1.16905"
"1574370827","2306118603","0.416667"
"2306118603","1574370827","0.416667"
"1910446335","2217354139","0.742857"
"2217354139","1910446335","0.742857"
"1910446335","2258542867","0.742857"
"2258542867","1910446335","0.742857"
"1910446335","2279508419","0.416667"
"2279508419","1910446335","0.416667"
"1910446335","2306118603","2.61111"
"2306118603","1910446335","2.61111"
"2160636718","2306118603","1.33889"
"2306118603","2160636718","1.33889"
"2209858638","2306118603","1.80556"
"2306118603","2209858638","1.80556"
"2217354139","2306118603","0.366667"
"2306118603","2217354139","0.366667"
"2246237208","2306118603","0.644444"
"2306118603","2246237208","0.644444"
"2258542867","2306118603","0.366667"
"2306118603","2258542867","0.366667"
"2279508419","2306118603","0.366667"
"2306118603","2279508419","0.366667"
"2306118603","969258522","0.0833333"
"969258522","2306118603","0.0833333"
"2160636718","2208712517","1.13016"
"2208712517","2160636718","1.13016"
"1546540585","2547898616","0.142857"
"2547898616","1546540585","0.142857"
"1843537511","2547898616","0.642857"
"2547898616","1843537511","0.642857"
"1910446335","2547898616","0.285714"
"2547898616","1910446335","0.285714"
"2197720751","2547898616","0.642857"
"2547898616","2197720751","0.642857"
"2208712517","2547898616","0.392857"
"2547898616","2208712517","0.392857"
"2209858638","2547898616","1.73571"
"2547898616","2209858638","1.73571"
"2246237208","2547898616","0.392857"
"2547898616","2246237208","0.392857"
"2208712517","2306118603","0.361111"
"2306118603","2208712517","0.361111"
"2208712517","2279508419","0.166667"
"2279508419","2208712517","0.166667"
"1574370827","2208712517","0.285714"
"2208712517","1574370827","0.285714"
"1546563846","275283261","1"
"275283261","1546563846","1"
"1546563846","2208712517","0.25"
"2208712517","1546563846","0.25"
"1546563846","2217711413","0.25"
"2217711413","1546563846","0.25"
"2208712517","2217711413","0.25"
"2217711413","2208712517","0.25"
"2217711413","2246237208","0.25"
"2246237208","2217711413","0.25"
"2217711413","2306118603","0.25"
"2306118603","2217711413","0.25"
"1574370827","1843537511","2.25"
"1843537511","1574370827","2.25"
"1574370827","2197720751","2.25"
"2197720751","1574370827","2.25"
"1574370827","2204002598","0.142857"
"2204002598","1574370827","0.142857"
"1574370827","2285838339","0.22619"
"2285838339","1574370827","0.22619"
"1918676892","2204002598","0.309524"
"2204002598","1918676892","0.309524"
"2160636718","2204002598","0.309524"
"2204002598","2160636718","0.309524"
"2204002598","2208712517","0.142857"
"2208712517","2204002598","0.142857"
"2204002598","2209858638","0.309524"
"2209858638","2204002598","0.309524"
"2204002598","2246237208","0.142857"
"2246237208","2204002598","0.142857"
"2204002598","2285838339","0.142857"
"2285838339","2204002598","0.142857"
"1574370827","2547898616","0.142857"
"2547898616","1574370827","0.142857"
"1918676892","2547898616","1.59286"
"2547898616","1918676892","1.59286"
"2160636718","2547898616","0.342857"
"2547898616","2160636718","0.342857"
"2217354139","2547898616","0.142857"
"2547898616","2217354139","0.142857"
"2258542867","2547898616","0.142857"
"2547898616","2258542867","0.142857"
"1574370827","275283261","0.0833333"
"275283261","1574370827","0.0833333"
"1843537511","2217354139","0.0833333"
"2217354139","1843537511","0.0833333"
"1843537511","2258542867","0.0833333"
"2258542867","1843537511","0.0833333"
"1843537511","2279508419","0.0833333"
"2279508419","1843537511","0.0833333"
"1843537511","2285838339","0.0833333"
"2285838339","1843537511","0.0833333"
"1843537511","275283261","0.0833333"
"275283261","1843537511","0.0833333"
"1910446335","2285838339","0.0833333"
"2285838339","1910446335","0.0833333"
"1910446335","275283261","0.416667"
"275283261","1910446335","0.416667"
"1918676892","275283261","0.333333"
"275283261","1918676892","0.333333"
"2197720751","2217354139","0.0833333"
"2217354139","2197720751","0.0833333"
"2197720751","2258542867","0.0833333"
"2258542867","2197720751","0.0833333"
"2197720751","2279508419","0.0833333"
"2279508419","2197720751","0.0833333"
"2197720751","2285838339","0.0833333"
"2285838339","2197720751","0.0833333"
"2197720751","275283261","0.0833333"
"275283261","2197720751","0.0833333"
"2209858638","275283261","0.0833333"
"275283261","2209858638","0.0833333"
"2217354139","2285838339","0.0833333"
"2285838339","2217354139","0.0833333"
"2217354139","275283261","0.416667"
"275283261","2217354139","0.416667"
"2258542867","2285838339","0.0833333"
"2285838339","2258542867","0.0833333"
"2258542867","275283261","0.416667"
"275283261","2258542867","0.416667"
"2279508419","2285838339","0.0833333"
"2285838339","2279508419","0.0833333"
"2279508419","275283261","0.0833333"
"275283261","2279508419","0.0833333"
"2285838339","2306118603","1.33333"
"2306118603","2285838339","1.33333"
"2306118603","275283261","0.333333"
"275283261","2306118603","0.333333"
"2208712517","969258522","0.166667"
"969258522","2208712517","0.166667"
"2209858638","2620537310","0.666667"
"2620537310","2209858638","0.666667"
"1843537511","1987748328","0.111111"
"1987748328","1843537511","0.111111"
"1843537511","2129566748","0.111111"
"2129566748","1843537511","0.111111"
"1843537511","2484302193","0.111111"
"2484302193","1843537511","0.111111"
"1918676892","2056733581","0.111111"
"2056733581","1918676892","0.111111"
"1918676892","2484302193","0.111111"
"2484302193","1918676892","0.111111"
"1987748328","2197720751","0.111111"
"2197720751","1987748328","0.111111"
"1987748328","2209858638","0.311111"
"2209858638","1987748328","0.311111"
"2056733581","2209858638","0.111111"
"2209858638","2056733581","0.111111"
"2056733581","2484302193","0.444444"
"2484302193","2056733581","0.444444"
"2116794167","2209858638","0.422222"
"2209858638","2116794167","0.422222"
"2129566748","2197720751","0.111111"
"2197720751","2129566748","0.111111"
"2129566748","2209858638","0.561111"
"2209858638","2129566748","0.561111"
"2129566748","2484302193","0.361111"
"2484302193","2129566748","0.361111"
"2157243284","2209858638","0.422222"
"2209858638","2157243284","0.422222"
"2197720751","2484302193","0.111111"
"2484302193","2197720751","0.111111"
"2209858638","2484302193","0.111111"
"2484302193","2209858638","0.111111"
"1843537511","2204002598","0.166667"
"2204002598","1843537511","0.166667"
"2197720751","2204002598","0.166667"
"2204002598","2197720751","0.166667"
"2204002598","2306118603","0.166667"
"2306118603","2204002598","0.166667"
"1906010788","2223682077","1"
"2223682077","1906010788","1"
"1906010788","2240679042","1"
"2240679042","1906010788","1"
"1910446335","2600741786","1"
"2600741786","1910446335","1"
"1918676892","2217711413","0.2"
"2217711413","1918676892","0.2"
"2160636718","2217711413","0.2"
"2217711413","2160636718","0.2"
"2209858638","2217711413","0.2"
"2217711413","2209858638","0.2"
"2217711413","2279508419","0.2"
"2279508419","2217711413","0.2"
"2217711413","2547898616","0.2"
"2547898616","2217711413","0.2"
"2279508419","2547898616","0.2"
"2547898616","2279508419","0.2"
"2285838339","2547898616","0.5"
"2547898616","2285838339","0.5"
"2306118603","2547898616","0.25"
"2547898616","2306118603","0.25"
"2547898616","275283261","0.25"
"275283261","2547898616","0.25"
"1918676892","2620537310","0.333333"
"2620537310","1918676892","0.333333"
"2620537310","969258522","0.333333"
"969258522","2620537310","0.333333"
"2116794167","2208712517","0.2"
"2208712517","2116794167","0.2"
"2116794167","2246237208","0.2"
"2246237208","2116794167","0.2"
"2135705763","2209858638","0.361111"
"2209858638","2135705763","0.361111"
"2140544742","2209858638","0.361111"
"2209858638","2140544742","0.361111"
"1918676892","2169421069","0.111111"
"2169421069","1918676892","0.111111"
"1986275041","2169421069","0.311111"
"2169421069","1986275041","0.311111"
"1986275041","2209858638","0.111111"
"2209858638","1986275041","0.111111"
"1986275041","2306118603","0.111111"
"2306118603","1986275041","0.111111"
"2116794167","2306118603","0.111111"
"2306118603","2116794167","0.111111"
"2135705763","2169421069","0.111111"
"2169421069","2135705763","0.111111"
"2135705763","2306118603","0.611111"
"2306118603","2135705763","0.611111"
"2140544742","2169421069","0.111111"
"2169421069","2140544742","0.111111"
"2140544742","2306118603","0.111111"
"2306118603","2140544742","0.111111"
"2157243284","2306118603","0.111111"
"2306118603","2157243284","0.111111"
"2169421069","2209858638","0.111111"
"2209858638","2169421069","0.111111"
"2169421069","2306118603","0.111111"
"2306118603","2169421069","0.111111"
"1987748328","2293962327","3.66667"
"2293962327","1987748328","3.66667"
"1986275041","2003055168","0.333333"
"2003055168","1986275041","0.333333"
"1986275041","2484302193","0.333333"
"2484302193","1986275041","0.333333"
"1999185682","2209858638","0.2"
"2209858638","1999185682","0.2"
"2293962327","2438877200","3.66667"
"2438877200","2293962327","3.66667"
"1987748328","2306118603","1"
"2306118603","1987748328","1"
"1999185682","2547306460","1"
"2547306460","1999185682","1"
"2009332535","2246237208","0.5"
"2246237208","2009332535","0.5"
"2157243284","2246237208","0.5"
"2246237208","2157243284","0.5"
"2009332535","2904500626","1"
"2904500626","2009332535","1"
"2116794167","2583864825","2"
"2583864825","2116794167","2"
"2135705763","2484302193","0.75"
"2484302193","2135705763","0.75"
"2120451270","2306118603","1"
"2306118603","2120451270","1"
"2306118603","2484302193","0.5"
"2484302193","2306118603","0.5"
"2135797505","2293962327","0.333333"
"2293962327","2135797505","0.333333"
"2135797505","2438877200","0.333333"
"2438877200","2135797505","0.333333"
"2135797505","2547306460","0.333333"
"2547306460","2135797505","0.333333"
"2293962327","2547306460","0.333333"
"2547306460","2293962327","0.333333"
"2438877200","2547306460","0.833333"
"2547306460","2438877200","0.833333"
"2135797505","2600741786","1.33333"
"2600741786","2135797505","1.33333"
"2135797505","2223682077","0.833333"
"2223682077","2135797505","0.833333"
"2135797505","2604108381","0.833333"
"2604108381","2135797505","0.833333"
"2223682077","2604108381","1.33333"
"2604108381","2223682077","1.33333"
"2223682077","2600741786","1.33333"
"2600741786","2223682077","1.33333"
"2600741786","2604108381","0.333333"
"2604108381","2600741786","0.333333"
"2157243284","2547306460","1"
"2547306460","2157243284","1"
"2169421069","2204002598","1"
"2204002598","2169421069","1"
"2223682077","2583864825","6.5"
"2583864825","2223682077","6.5"
"2223682077","2806779957","2"
"2806779957","2223682077","2"
"2583864825","2604108381","0.5"
"2604108381","2583864825","0.5"
"2246237208","316675935","1"
"316675935","2246237208","1"
"2293962327","2547898616","0.333333"
"2547898616","2293962327","0.333333"
"2293962327","2806779957","0.333333"
"2806779957","2293962327","0.333333"
"2438877200","2547898616","0.333333"
"2547898616","2438877200","0.333333"
"2438877200","2806779957","0.666667"
"2806779957","2438877200","0.666667"
"2547898616","2806779957","0.333333"
"2806779957","2547898616","0.333333"
"2438877200","2917947446","0.833333"
"2917947446","2438877200","0.833333"
"2547306460","2917947446","0.5"
"2917947446","2547306460","0.5"
"2438877200","2583864825","0.333333"
"2583864825","2438877200","0.333333"
"2583864825","2806779957","1.83333"
"2806779957","2583864825","1.83333"
"2583864825","2917947446","0.833333"
"2917947446","2583864825","0.833333"
"2806779957","2917947446","1.83333"
"2917947446","2806779957","1.83333"
"2547898616","2620537310","1"
"2620537310","2547898616","1"
"2583864825","2600741786","1"
"2600741786","2583864825","1"
