"1005471885","1020948624","4.59265"
"1020948624","1005471885","4.59265"
"1005471885","1590883559","3.25991"
"1590883559","1005471885","3.25991"
"1005471885","1704944432","3.25991"
"1704944432","1005471885","3.25991"
"1005471885","1882660324","3.25991"
"1882660324","1005471885","3.25991"
"1005471885","1888415499","3.25991"
"1888415499","1005471885","3.25991"
"1005471885","1942698359","3.25991"
"1942698359","1005471885","3.25991"
"1005471885","2270818082","3.18848"
"2270818082","1005471885","3.18848"
"1005471885","2288063082","3.25991"
"2288063082","1005471885","3.25991"
"1005471885","2297885833","3.19324"
"2297885833","1005471885","3.19324"
"1005471885","2403960038","3.25991"
"2403960038","1005471885","3.25991"
"1005471885","2416723496","3.25991"
"2416723496","1005471885","3.25991"
"1005471885","2480263651","3.25991"
"2480263651","1005471885","3.25991"
"1005471885","2531736761","3.25991"
"2531736761","1005471885","3.25991"
"1005471885","2571117710","3.25991"
"2571117710","1005471885","3.25991"
"1005471885","2610885788","3.25991"
"2610885788","1005471885","3.25991"
"1005471885","969685069","2.72658"
"969685069","1005471885","2.72658"
"1020948624","1590883559","5.37342"
"1590883559","1020948624","5.37342"
"1020948624","1704944432","5.37342"
"1704944432","1020948624","5.37342"
"1020948624","1882660324","5.37342"
"1882660324","1020948624","5.37342"
"1020948624","1888415499","5.37342"
"1888415499","1020948624","5.37342"
"1020948624","1942698359","5.37342"
"1942698359","1020948624","5.37342"
"1020948624","2270818082","5.37342"
"2270818082","1020948624","5.37342"
"1020948624","2288063082","5.37342"
"2288063082","1020948624","5.37342"
"1020948624","2297885833","2.65931"
"2297885833","1020948624","2.65931"
"1020948624","2403960038","5.37342"
"2403960038","1020948624","5.37342"
"1020948624","2416723496","5.37342"
"2416723496","1020948624","5.37342"
"1020948624","2480263651","5.37342"
"2480263651","1020948624","5.37342"
"1020948624","2531736761","5.06957"
"2531736761","1020948624","5.06957"
"1020948624","2571117710","5.37342"
"2571117710","1020948624","5.37342"
"1020948624","2610885788","5.37342"
"2610885788","1020948624","5.37342"
"1020948624","969685069","4.67983"
"969685069","1020948624","4.67983"
"1590883559","1704944432","11.4224"
"1704944432","1590883559","11.4224"
"1590883559","1882660324","10.4669"
"1882660324","1590883559","10.4669"
"1590883559","1888415499","11.43"
"1888415499","1590883559","11.43"
"1590883559","1942698359","11.3189"
"1942698359","1590883559","11.3189"
"1590883559","2270818082","11.3419"
"2270818082","1590883559","11.3419"
"1590883559","2288063082","11.4224"
"2288063082","1590883559","11.4224"
"1590883559","2297885833","3.32658"
"2297885833","1590883559","3.32658"
"1590883559","2403960038","11.3022"
"2403960038","1590883559","11.3022"
"1590883559","2416723496","11.3022"
"2416723496","1590883559","11.3022"
"1590883559","2480263651","11.4022"
"2480263651","1590883559","11.4022"
"1590883559","2531736761","8.90746"
"2531736761","1590883559","8.90746"
"1590883559","2571117710","8.87343"
"2571117710","1590883559","8.87343"
"1590883559","2610885788","11.2113"
"2610885788","1590883559","11.2113"
"1590883559","969685069","5.50093"
"969685069","1590883559","5.50093"
"1704944432","1882660324","10.4669"
"1882660324","1704944432","10.4669"
"1704944432","1888415499","11.43"
"1888415499","1704944432","11.43"
"1704944432","1942698359","11.3189"
"1942698359","1704944432","11.3189"
"1704944432","2270818082","11.3419"
"2270818082","1704944432","11.3419"
"1704944432","2288063082","11.4224"
"2288063082","1704944432","11.4224"
"1704944432","2297885833","3.32658"
"2297885833","1704944432","3.32658"
"1704944432","2403960038","11.3022"
"2403960038","1704944432","11.3022"
"1704944432","2416723496","11.3022"
"2416723496","1704944432","11.3022"
"1704944432","2480263651","11.4022"
"2480263651","1704944432","11.4022"
"1704944432","2531736761","8.90746"
"2531736761","1704944432","8.90746"
"1704944432","2571117710","8.87343"
"2571117710","1704944432","8.87343"
"1704944432","2610885788","11.2113"
"2610885788","1704944432","11.2113"
"1704944432","969685069","5.50093"
"969685069","1704944432","5.50093"
"1882660324","1888415499","10.4744"
"1888415499","1882660324","10.4744"
"1882660324","1942698359","10.8633"
"1942698359","1882660324","10.8633"
"1882660324","2270818082","10.3863"
"2270818082","1882660324","10.3863"
"1882660324","2288063082","10.4669"
"2288063082","1882660324","10.4669"
"1882660324","2297885833","3.32658"
"2297885833","1882660324","3.32658"
"1882660324","2403960038","10.3467"
"2403960038","1882660324","10.3467"
"1882660324","2416723496","10.3467"
"2416723496","1882660324","10.3467"
"1882660324","2480263651","10.78"
"2480263651","1882660324","10.78"
"1882660324","2531736761","9.2408"
"2531736761","1882660324","9.2408"
"1882660324","2571117710","8.47343"
"2571117710","1882660324","8.47343"
"1882660324","2610885788","10.7558"
"2610885788","1882660324","10.7558"
"1882660324","969685069","6.50093"
"969685069","1882660324","6.50093"
"1888415499","1942698359","11.3265"
"1942698359","1888415499","11.3265"
"1888415499","2270818082","11.3495"
"2270818082","1888415499","11.3495"
"1888415499","2288063082","11.43"
"2288063082","1888415499","11.43"
"1888415499","2297885833","3.32658"
"2297885833","1888415499","3.32658"
"1888415499","2403960038","11.3098"
"2403960038","1888415499","11.3098"
"1888415499","2416723496","11.3098"
"2416723496","1888415499","11.3098"
"1888415499","2480263651","11.4098"
"2480263651","1888415499","11.4098"
"1888415499","2531736761","8.91504"
"2531736761","1888415499","8.91504"
"1888415499","2571117710","13.881"
"2571117710","1888415499","13.881"
"1888415499","2610885788","11.2189"
"2610885788","1888415499","11.2189"
"1888415499","969685069","5.50093"
"969685069","1888415499","5.50093"
"1942698359","2270818082","11.2384"
"2270818082","1942698359","11.2384"
"1942698359","2288063082","11.8189"
"2288063082","1942698359","11.8189"
"1942698359","2297885833","3.32658"
"2297885833","1942698359","3.32658"
"1942698359","2403960038","11.1987"
"2403960038","1942698359","11.1987"
"1942698359","2416723496","11.1987"
"2416723496","1942698359","11.1987"
"1942698359","2480263651","11.2987"
"2480263651","1942698359","11.2987"
"1942698359","2531736761","9.41504"
"2531736761","1942698359","9.41504"
"1942698359","2571117710","8.881"
"2571117710","1942698359","8.881"
"1942698359","2610885788","12.6078"
"2610885788","1942698359","12.6078"
"1942698359","969685069","5.50093"
"969685069","1942698359","5.50093"
"2270818082","2288063082","11.3419"
"2288063082","2270818082","11.3419"
"2270818082","2297885833","3.25515"
"2297885833","2270818082","3.25515"
"2270818082","2403960038","11.2217"
"2403960038","2270818082","11.2217"
"2270818082","2416723496","11.2217"
"2416723496","2270818082","11.2217"
"2270818082","2480263651","11.3217"
"2480263651","2270818082","11.3217"
"2270818082","2531736761","8.82694"
"2531736761","2270818082","8.82694"
"2270818082","2571117710","8.89291"
"2571117710","2270818082","8.89291"
"2270818082","2610885788","11.1308"
"2610885788","2270818082","11.1308"
"2270818082","969685069","5.42951"
"969685069","2270818082","5.42951"
"2288063082","2297885833","3.32658"
"2297885833","2288063082","3.32658"
"2288063082","2403960038","11.4689"
"2403960038","2288063082","11.4689"
"2288063082","2416723496","11.3022"
"2416723496","2288063082","11.3022"
"2288063082","2480263651","11.5689"
"2480263651","2288063082","11.5689"
"2288063082","2531736761","9.57413"
"2531736761","2288063082","9.57413"
"2288063082","2571117710","9.0401"
"2571117710","2288063082","9.0401"
"2288063082","2610885788","11.2113"
"2610885788","2288063082","11.2113"
"2288063082","969685069","5.50093"
"969685069","2288063082","5.50093"
"2297885833","2403960038","3.32658"
"2403960038","2297885833","3.32658"
"2297885833","2416723496","3.32658"
"2416723496","2297885833","3.32658"
"2297885833","2480263651","3.32658"
"2480263651","2297885833","3.32658"
"2297885833","2531736761","3.25991"
"2531736761","2297885833","3.25991"
"2297885833","2571117710","3.32658"
"2571117710","2297885833","3.32658"
"2297885833","2610885788","3.32658"
"2610885788","2297885833","3.32658"
"2297885833","969685069","2.79324"
"969685069","2297885833","2.79324"
"2403960038","2416723496","11.4487"
"2416723496","2403960038","11.4487"
"2403960038","2480263651","11.6153"
"2480263651","2403960038","11.6153"
"2403960038","2531736761","9.2317"
"2531736761","2403960038","9.2317"
"2403960038","2571117710","9.531"
"2571117710","2403960038","9.531"
"2403960038","2610885788","11.0911"
"2610885788","2403960038","11.0911"
"2403960038","969685069","6.00093"
"969685069","2403960038","6.00093"
"2416723496","2480263651","11.6153"
"2480263651","2416723496","11.6153"
"2416723496","2531736761","9.2317"
"2531736761","2416723496","9.2317"
"2416723496","2571117710","8.86434"
"2571117710","2416723496","8.86434"
"2416723496","2610885788","11.2578"
"2610885788","2416723496","11.2578"
"2416723496","969685069","5.50093"
"969685069","2416723496","5.50093"
"2480263651","2531736761","21.9984"
"2531736761","2480263651","21.9984"
"2480263651","2571117710","9.46434"
"2571117710","2480263651","9.46434"
"2480263651","2610885788","11.6911"
"2610885788","2480263651","11.6911"
"2480263651","969685069","5.50093"
"969685069","2480263651","5.50093"
"2531736761","2571117710","22.6696"
"2571117710","2531736761","22.6696"
"2531736761","2610885788","9.30746"
"2610885788","2531736761","9.30746"
"2531736761","969685069","5.28042"
"969685069","2531736761","5.28042"
"2571117710","2610885788","9.37343"
"2610885788","2571117710","9.37343"
"2571117710","969685069","5.50093"
"969685069","2571117710","5.50093"
"2610885788","969685069","5.50093"
"969685069","2610885788","5.50093"
"1005471885","993872395","0.0588235"
"993872395","1005471885","0.0588235"
"1020948624","993872395","0.12549"
"993872395","1020948624","0.12549"
"1590883559","993872395","0.12549"
"993872395","1590883559","0.12549"
"1704944432","993872395","0.12549"
"993872395","1704944432","0.12549"
"1882660324","993872395","0.12549"
"993872395","1882660324","0.12549"
"1888415499","993872395","0.12549"
"993872395","1888415499","0.12549"
"1942698359","993872395","0.12549"
"993872395","1942698359","0.12549"
"2270818082","993872395","0.12549"
"993872395","2270818082","0.12549"
"2288063082","993872395","0.12549"
"993872395","2288063082","0.12549"
"2297885833","993872395","0.0588235"
"993872395","2297885833","0.0588235"
"2403960038","993872395","0.292157"
"993872395","2403960038","0.292157"
"2416723496","993872395","11.4588"
"993872395","2416723496","11.4588"
"2480263651","993872395","0.458824"
"993872395","2480263651","0.458824"
"2531736761","993872395","0.458824"
"993872395","2531736761","0.458824"
"2571117710","993872395","0.12549"
"993872395","2571117710","0.12549"
"2610885788","993872395","0.292157"
"993872395","2610885788","0.292157"
"969685069","993872395","0.12549"
"993872395","969685069","0.12549"
"1005471885","976336120","0.0625"
"976336120","1005471885","0.0625"
"1590883559","976336120","0.0625"
"976336120","1590883559","0.0625"
"1704944432","976336120","0.0625"
"976336120","1704944432","0.0625"
"1882660324","976336120","0.0625"
"976336120","1882660324","0.0625"
"1888415499","976336120","0.0625"
"976336120","1888415499","0.0625"
"1942698359","976336120","0.0625"
"976336120","1942698359","0.0625"
"2270818082","976336120","0.0625"
"976336120","2270818082","0.0625"
"2288063082","976336120","0.0625"
"976336120","2288063082","0.0625"
"2297885833","976336120","0.0625"
"976336120","2297885833","0.0625"
"2403960038","976336120","0.0625"
"976336120","2403960038","0.0625"
"2416723496","976336120","0.229167"
"976336120","2416723496","0.229167"
"2480263651","976336120","0.229167"
"976336120","2480263651","0.229167"
"2531736761","976336120","0.229167"
"976336120","2531736761","0.229167"
"2571117710","976336120","0.5625"
"976336120","2571117710","0.5625"
"2610885788","976336120","9.72917"
"976336120","2610885788","9.72917"
"969685069","976336120","0.0625"
"976336120","969685069","0.0625"
"1005471885","972661019","0.0588235"
"972661019","1005471885","0.0588235"
"1020948624","972661019","0.12549"
"972661019","1020948624","0.12549"
"1590883559","972661019","0.202413"
"972661019","1590883559","0.202413"
"1704944432","972661019","0.202413"
"972661019","1704944432","0.202413"
"1882660324","972661019","0.202413"
"972661019","1882660324","0.202413"
"1888415499","972661019","0.202413"
"972661019","1888415499","0.202413"
"1942698359","972661019","0.202413"
"972661019","1942698359","0.202413"
"2270818082","972661019","0.202413"
"972661019","2270818082","0.202413"
"2288063082","972661019","0.36908"
"972661019","2288063082","0.36908"
"2297885833","972661019","0.12549"
"972661019","2297885833","0.12549"
"2403960038","972661019","9.53575"
"972661019","2403960038","9.53575"
"2416723496","972661019","0.36908"
"972661019","2416723496","0.36908"
"2480263651","972661019","0.535747"
"972661019","2480263651","0.535747"
"2531736761","972661019","0.46908"
"972661019","2531736761","0.46908"
"2571117710","972661019","0.86908"
"972661019","2571117710","0.86908"
"2610885788","972661019","0.202413"
"972661019","2610885788","0.202413"
"969685069","972661019","0.62549"
"972661019","969685069","0.62549"
"1014987567","1020948624","0.133333"
"1020948624","1014987567","0.133333"
"1014987567","1590883559","0.29359"
"1590883559","1014987567","0.29359"
"1014987567","1704944432","0.29359"
"1704944432","1014987567","0.29359"
"1014987567","1882660324","0.626923"
"1882660324","1014987567","0.626923"
"1014987567","1888415499","0.29359"
"1888415499","1014987567","0.29359"
"1014987567","1942698359","0.29359"
"1942698359","1014987567","0.29359"
"1014987567","2270818082","0.29359"
"2270818082","1014987567","0.29359"
"1014987567","2288063082","0.460256"
"2288063082","1014987567","0.460256"
"1014987567","2403960038","0.626923"
"2403960038","1014987567","0.626923"
"1014987567","2416723496","0.626923"
"2416723496","1014987567","0.626923"
"1014987567","2480263651","13.2936"
"2480263651","1014987567","13.2936"
"1014987567","2531736761","13.2936"
"2531736761","1014987567","13.2936"
"1014987567","2571117710","0.710256"
"2571117710","1014987567","0.710256"
"1014987567","2610885788","0.79359"
"2610885788","1014987567","0.79359"
"1014987567","969685069","0.133333"
"969685069","1014987567","0.133333"
"1014987567","972661019","0.333333"
"972661019","1014987567","0.333333"
"1014987567","976336120","0.166667"
"976336120","1014987567","0.166667"
"1014987567","993872395","0.333333"
"993872395","1014987567","0.333333"
"976336120","993872395","0.166667"
"993872395","976336120","0.166667"
"972661019","993872395","0.166667"
"993872395","972661019","0.166667"
"1020948624","2287921372","0.133333"
"2287921372","1020948624","0.133333"
"1590883559","2287921372","0.210256"
"2287921372","1590883559","0.210256"
"1704944432","2287921372","0.210256"
"2287921372","1704944432","0.210256"
"1882660324","2287921372","0.210256"
"2287921372","1882660324","0.210256"
"1888415499","2287921372","0.210256"
"2287921372","1888415499","0.210256"
"1942698359","2287921372","0.210256"
"2287921372","1942698359","0.210256"
"2270818082","2287921372","4.21026"
"2287921372","2270818082","4.21026"
"2287921372","2288063082","0.210256"
"2288063082","2287921372","0.210256"
"2287921372","2403960038","0.210256"
"2403960038","2287921372","0.210256"
"2287921372","2416723496","0.210256"
"2416723496","2287921372","0.210256"
"2287921372","2480263651","0.210256"
"2480263651","2287921372","0.210256"
"2287921372","2531736761","0.210256"
"2531736761","2287921372","0.210256"
"2287921372","2571117710","0.210256"
"2571117710","2287921372","0.210256"
"2287921372","2610885788","0.210256"
"2610885788","2287921372","0.210256"
"2287921372","969685069","0.133333"
"969685069","2287921372","0.133333"
"1590883559","2285992037","0.24359"
"2285992037","1590883559","0.24359"
"1704944432","2285992037","0.24359"
"2285992037","1704944432","0.24359"
"1882660324","2285992037","0.24359"
"2285992037","1882660324","0.24359"
"1942698359","2285992037","0.160256"
"2285992037","1942698359","0.160256"
"2270818082","2285992037","0.24359"
"2285992037","2270818082","0.24359"
"2285992037","2288063082","0.24359"
"2288063082","2285992037","0.24359"
"2285992037","2403960038","0.24359"
"2403960038","2285992037","0.24359"
"2285992037","2416723496","0.24359"
"2416723496","2285992037","0.24359"
"2285992037","2480263651","0.24359"
"2480263651","2285992037","0.24359"
"2285992037","2531736761","0.24359"
"2531736761","2285992037","0.24359"
"2285992037","2571117710","0.24359"
"2571117710","2285992037","0.24359"
"2285992037","2610885788","0.24359"
"2610885788","2285992037","0.24359"
"1888415499","2285992037","0.160256"
"2285992037","1888415499","0.160256"
