"145204566","2020260970","0.666667"
"2020260970","145204566","0.666667"
"145204566","2106319433","0.666667"
"2106319433","145204566","0.666667"
"145204566","2890118244","0.333333"
"2890118244","145204566","0.333333"
"2020260970","2106319433","10.25"
"2106319433","2020260970","10.25"
"2020260970","2890118244","2.16667"
"2890118244","2020260970","2.16667"
"2106319433","2890118244","4.66667"
"2890118244","2106319433","4.66667"
"145204566","2148996947","0.333333"
"2148996947","145204566","0.333333"
"2020260970","2148996947","2.41667"
"2148996947","2020260970","2.41667"
"2106319433","2148996947","2.91667"
"2148996947","2106319433","2.91667"
"145204566","1988615847","1"
"1988615847","145204566","1"
"1501807230","1523682627","0.1"
"1523682627","1501807230","0.1"
"1501807230","1532583024","0.1"
"1532583024","1501807230","0.1"
"1501807230","1565106395","0.55"
"1565106395","1501807230","0.55"
"1501807230","1975438514","0.1"
"1975438514","1501807230","0.1"
"1501807230","2009592055","3.04167"
"2009592055","1501807230","3.04167"
"1501807230","2026955815","0.1"
"2026955815","1501807230","0.1"
"1501807230","2045034912","8.04167"
"2045034912","1501807230","8.04167"
"1501807230","2052032467","2.54167"
"2052032467","1501807230","2.54167"
"1501807230","2129111346","0.925"
"2129111346","1501807230","0.925"
"1501807230","2138505741","0.1"
"2138505741","1501807230","0.1"
"1523682627","1532583024","1.1"
"1532583024","1523682627","1.1"
"1523682627","1565106395","3.40278"
"1565106395","1523682627","3.40278"
"1523682627","1975438514","0.211111"
"1975438514","1523682627","0.211111"
"1523682627","2009592055","0.661111"
"2009592055","1523682627","0.661111"
"1523682627","2026955815","0.8"
"2026955815","1523682627","0.8"
"1523682627","2045034912","0.1"
"2045034912","1523682627","0.1"
"1523682627","2052032467","0.661111"
"2052032467","1523682627","0.661111"
"1523682627","2129111346","0.211111"
"2129111346","1523682627","0.211111"
"1523682627","2138505741","3.73611"
"2138505741","1523682627","3.73611"
"1532583024","1565106395","0.35"
"1565106395","1532583024","0.35"
"1532583024","1975438514","0.35"
"1975438514","1532583024","0.35"
"1532583024","2009592055","0.1"
"2009592055","1532583024","0.1"
"1532583024","2026955815","5.93333"
"2026955815","1532583024","5.93333"
"1532583024","2045034912","0.1"
"2045034912","1532583024","0.1"
"1532583024","2052032467","0.1"
"2052032467","1532583024","0.1"
"1532583024","2129111346","0.1"
"2129111346","1532583024","0.1"
"1532583024","2138505741","0.35"
"2138505741","1532583024","0.35"
"1565106395","1975438514","1.04444"
"1975438514","1565106395","1.04444"
"1565106395","2009592055","2.5873"
"2009592055","1565106395","2.5873"
"1565106395","2026955815","0.55"
"2026955815","1565106395","0.55"
"1565106395","2045034912","1.35952"
"2045034912","1565106395","1.35952"
"1565106395","2052032467","3.42063"
"2052032467","1565106395","3.42063"
"1565106395","2129111346","0.353968"
"2129111346","1565106395","0.353968"
"1565106395","2138505741","5.85278"
"2138505741","1565106395","5.85278"
"1975438514","2009592055","0.353968"
"2009592055","1975438514","0.353968"
"1975438514","2026955815","0.35"
"2026955815","1975438514","0.35"
"1975438514","2045034912","0.1"
"2045034912","1975438514","0.1"
"1975438514","2052032467","0.353968"
"2052032467","1975438514","0.353968"
"1975438514","2129111346","0.353968"
"2129111346","1975438514","0.353968"
"1975438514","2138505741","0.211111"
"2138505741","1975438514","0.211111"
"2009592055","2026955815","0.1"
"2026955815","2009592055","0.1"
"2009592055","2045034912","3.18452"
"2045034912","2009592055","3.18452"
"2009592055","2052032467","16.5552"
"2052032467","2009592055","16.5552"
"2009592055","2129111346","2.32183"
"2129111346","2009592055","2.32183"
"2009592055","2138505741","0.661111"
"2138505741","2009592055","0.661111"
"2026955815","2045034912","0.1"
"2045034912","2026955815","0.1"
"2026955815","2052032467","0.1"
"2052032467","2026955815","0.1"
"2026955815","2129111346","0.1"
"2129111346","2026955815","0.1"
"2026955815","2138505741","1.55"
"2138505741","2026955815","1.55"
"2045034912","2052032467","3.01786"
"2052032467","2045034912","3.01786"
"2045034912","2129111346","1.06786"
"2129111346","2045034912","1.06786"
"2045034912","2138505741","0.1"
"2138505741","2045034912","0.1"
"2052032467","2129111346","1.82183"
"2129111346","2052032467","1.82183"
"2052032467","2138505741","1.16111"
"2138505741","2052032467","1.16111"
"2129111346","2138505741","1.54444"
"2138505741","2129111346","1.54444"
"1501807230","2020260970","0.5"
"2020260970","1501807230","0.5"
"2020260970","2045034912","0.5"
"2045034912","2020260970","0.5"
"1501807230","1972241288","0.2"
"1972241288","1501807230","0.2"
"1565106395","1972241288","2.73333"
"1972241288","1565106395","2.73333"
"1972241288","2009592055","0.783333"
"2009592055","1972241288","0.783333"
"1972241288","2045034912","0.533333"
"2045034912","1972241288","0.533333"
"1972241288","2052032467","0.783333"
"2052032467","1972241288","0.783333"
"1501807230","2046294773","0.2"
"2046294773","1501807230","0.2"
"2009592055","2046294773","0.7"
"2046294773","2009592055","0.7"
"2045034912","2046294773","0.2"
"2046294773","2045034912","0.2"
"2046294773","2052032467","0.7"
"2052032467","2046294773","0.7"
"2046294773","2129111346","0.2"
"2129111346","2046294773","0.2"
"1501807230","1968945891","0.125"
"1968945891","1501807230","0.125"
"1501807230","2002102365","0.125"
"2002102365","1501807230","0.125"
"1501807230","2060576270","0.125"
"2060576270","1501807230","0.125"
"1501807230","2129172221","0.125"
"2129172221","1501807230","0.125"
"1968945891","2002102365","4.03571"
"2002102365","1968945891","4.03571"
"1968945891","2009592055","0.771825"
"2009592055","1968945891","0.771825"
"1968945891","2045034912","0.267857"
"2045034912","1968945891","0.267857"
"1968945891","2052032467","0.771825"
"2052032467","1968945891","0.771825"
"1968945891","2060576270","2.70238"
"2060576270","1968945891","2.70238"
"1968945891","2129111346","0.855159"
"2129111346","1968945891","0.855159"
"1968945891","2129172221","5.47619"
"2129172221","1968945891","5.47619"
"2002102365","2009592055","1.16071"
"2009592055","2002102365","1.16071"
"2002102365","2045034912","0.267857"
"2045034912","2002102365","0.267857"
"2002102365","2052032467","0.660714"
"2052032467","2002102365","0.660714"
"2002102365","2060576270","8.45238"
"2060576270","2002102365","8.45238"
"2002102365","2129111346","1.24405"
"2129111346","2002102365","1.24405"
"2002102365","2129172221","1.05952"
"2129172221","2002102365","1.05952"
"2009592055","2060576270","0.660714"
"2060576270","2009592055","0.660714"
"2009592055","2129172221","1.01786"
"2129172221","2009592055","1.01786"
"2045034912","2060576270","0.267857"
"2060576270","2045034912","0.267857"
"2045034912","2129172221","0.125"
"2129172221","2045034912","0.125"
"2052032467","2060576270","0.660714"
"2060576270","2052032467","0.660714"
"2052032467","2129172221","1.01786"
"2129172221","2052032467","1.01786"
"2060576270","2129111346","0.410714"
"2129111346","2060576270","0.410714"
"2060576270","2129172221","0.72619"
"2129172221","2060576270","0.72619"
"2129111346","2129172221","0.60119"
"2129172221","2129111346","0.60119"
"1503399174","1582770677","0.166667"
"1582770677","1503399174","0.166667"
"1503399174","1988615847","0.166667"
"1988615847","1503399174","0.166667"
"1503399174","2117952921","0.166667"
"2117952921","1503399174","0.166667"
"1503399174","2156605289","0.166667"
"2156605289","1503399174","0.166667"
"1503399174","2159228707","0.166667"
"2159228707","1503399174","0.166667"
"1503399174","2803875894","0.166667"
"2803875894","1503399174","0.166667"
"1582770677","1988615847","2.82662"
"1988615847","1582770677","2.82662"
"1582770677","2117952921","0.166667"
"2117952921","1582770677","0.166667"
"1582770677","2156605289","0.166667"
"2156605289","1582770677","0.166667"
"1582770677","2159228707","0.166667"
"2159228707","1582770677","0.166667"
"1582770677","2803875894","0.8171"
"2803875894","1582770677","0.8171"
"1988615847","2117952921","0.666667"
"2117952921","1988615847","0.666667"
"1988615847","2156605289","0.166667"
"2156605289","1988615847","0.166667"
"1988615847","2159228707","0.166667"
"2159228707","1988615847","0.166667"
"1988615847","2803875894","30.0671"
"2803875894","1988615847","30.0671"
"2117952921","2156605289","2.66667"
"2156605289","2117952921","2.66667"
"2117952921","2159228707","0.166667"
"2159228707","2117952921","0.166667"
"2117952921","2803875894","0.666667"
"2803875894","2117952921","0.666667"
"2156605289","2159228707","0.166667"
"2159228707","2156605289","0.166667"
"2156605289","2803875894","0.166667"
"2803875894","2156605289","0.166667"
"2159228707","2803875894","0.166667"
"2803875894","2159228707","0.166667"
"1503399174","1972241288","2.25"
"1972241288","1503399174","2.25"
"1503399174","1523682627","0.25"
"1523682627","1503399174","0.25"
"1503399174","1565106395","0.25"
"1565106395","1503399174","0.25"
"1503399174","2138505741","0.25"
"2138505741","1503399174","0.25"
"1523682627","1972241288","1.45"
"1972241288","1523682627","1.45"
"1972241288","2138505741","1.7"
"2138505741","1972241288","1.7"
"1519603536","1592936309","1.64286"
"1592936309","1519603536","1.64286"
"1519603536","1972241288","2.14286"
"1972241288","1519603536","2.14286"
"1519603536","2556228152","0.97619"
"2556228152","1519603536","0.97619"
"1592936309","1972241288","2.80952"
"1972241288","1592936309","2.80952"
"1592936309","2556228152","11.1429"
"2556228152","1592936309","11.1429"
"1972241288","2556228152","2.14286"
"2556228152","1972241288","2.14286"
"1519603536","1524852452","0.142857"
"1524852452","1519603536","0.142857"
"1519603536","1968386702","0.142857"
"1968386702","1519603536","0.142857"
"1519603536","1975438514","0.142857"
"1975438514","1519603536","0.142857"
"1519603536","2117242988","1.80952"
"2117242988","1519603536","1.80952"
"1524852452","1592936309","0.142857"
"1592936309","1524852452","0.142857"
"1524852452","1968386702","12.369"
"1968386702","1524852452","12.369"
"1524852452","1972241288","0.97619"
"1972241288","1524852452","0.97619"
"1524852452","1975438514","3.53571"
"1975438514","1524852452","3.53571"
"1524852452","2117242988","0.785714"
"2117242988","1524852452","0.785714"
"1524852452","2556228152","0.142857"
"2556228152","1524852452","0.142857"
"1592936309","1968386702","0.142857"
"1968386702","1592936309","0.142857"
"1592936309","1975438514","0.142857"
"1975438514","1592936309","0.142857"
"1592936309","2117242988","1.47619"
"2117242988","1592936309","1.47619"
"1968386702","1972241288","1.14286"
"1972241288","1968386702","1.14286"
"1968386702","1975438514","5.23016"
"1975438514","1968386702","5.23016"
"1968386702","2117242988","2.28571"
"2117242988","1968386702","2.28571"
"1968386702","2556228152","0.142857"
"2556228152","1968386702","0.142857"
"1972241288","1975438514","1.39286"
"1975438514","1972241288","1.39286"
"1972241288","2117242988","7.89286"
"2117242988","1972241288","7.89286"
"1975438514","2117242988","0.285714"
"2117242988","1975438514","0.285714"
"1975438514","2556228152","0.142857"
"2556228152","1975438514","0.142857"
"2117242988","2556228152","0.809524"
"2556228152","2117242988","0.809524"
"1523682627","2046294773","0.2"
"2046294773","1523682627","0.2"
"1565106395","2046294773","2.7"
"2046294773","1565106395","2.7"
"1972241288","2026955815","2.53333"
"2026955815","1972241288","2.53333"
"1972241288","2046294773","2.2"
"2046294773","1972241288","2.2"
"2026955815","2046294773","0.7"
"2046294773","2026955815","0.7"
"2046294773","2138505741","1.2"
"2138505741","2046294773","1.2"
"1523682627","1968945891","0.736111"
"1968945891","1523682627","0.736111"
"1523682627","2117242988","0.166667"
"2117242988","1523682627","0.166667"
"1523682627","2129172221","0.291667"
"2129172221","1523682627","0.291667"
"1565106395","1968945891","3.87897"
"1968945891","1565106395","3.87897"
"1565106395","2117242988","0.166667"
"2117242988","1565106395","0.166667"
"1565106395","2129172221","0.291667"
"2129172221","1565106395","0.291667"
"1968945891","1972241288","1.75"
"1972241288","1968945891","1.75"
"1968945891","2117242988","0.166667"
"2117242988","1968945891","0.166667"
"1968945891","2138505741","0.736111"
"2138505741","1968945891","0.736111"
"1972241288","2129172221","0.416667"
"2129172221","1972241288","0.416667"
"2117242988","2129172221","0.166667"
"2129172221","2117242988","0.166667"
"2117242988","2138505741","0.166667"
"2138505741","2117242988","0.166667"
"2129172221","2138505741","0.291667"
"2138505741","2129172221","0.291667"
"1523682627","1968386702","0.111111"
"1968386702","1523682627","0.111111"
"1523682627","2096899635","0.236111"
"2096899635","1523682627","0.236111"
"1565106395","1968386702","0.644444"
"1968386702","1565106395","0.644444"
"1565106395","2096899635","0.236111"
"2096899635","1565106395","0.236111"
"1968386702","1968945891","0.111111"
"1968945891","1968386702","0.111111"
"1968386702","2009592055","0.111111"
"2009592055","1968386702","0.111111"
"1968386702","2052032467","0.111111"
"2052032467","1968386702","0.111111"
"1968386702","2096899635","0.111111"
"2096899635","1968386702","0.111111"
"1968386702","2129111346","0.111111"
"2129111346","1968386702","0.111111"
"1968386702","2138505741","0.311111"
"2138505741","1968386702","0.311111"
"1968945891","1975438514","0.253968"
"1975438514","1968945891","0.253968"
"1968945891","2096899635","0.236111"
"2096899635","1968945891","0.236111"
"1975438514","2096899635","0.111111"
"2096899635","1975438514","0.111111"
"2009592055","2096899635","0.111111"
"2096899635","2009592055","0.111111"
"2052032467","2096899635","0.111111"
"2096899635","2052032467","0.111111"
"2096899635","2129111346","0.111111"
"2129111346","2096899635","0.111111"
"2096899635","2138505741","0.236111"
"2138505741","2096899635","0.236111"
"1523682627","2002102365","0.125"
"2002102365","1523682627","0.125"
"1523682627","2060576270","0.125"
"2060576270","1523682627","0.125"
"1523682627","2079815456","0.125"
"2079815456","1523682627","0.125"
"1565106395","2002102365","0.60119"
"2002102365","1565106395","0.60119"
"1565106395","2060576270","0.60119"
"2060576270","1565106395","0.60119"
"1565106395","2079815456","0.125"
"2079815456","1565106395","0.125"
"1968945891","2079815456","0.125"
"2079815456","1968945891","0.125"
"2002102365","2079815456","0.125"
"2079815456","2002102365","0.125"
"2002102365","2096899635","0.125"
"2096899635","2002102365","0.125"
"2002102365","2138505741","0.125"
"2138505741","2002102365","0.125"
"2060576270","2079815456","0.125"
"2079815456","2060576270","0.125"
"2060576270","2096899635","0.125"
"2096899635","2060576270","0.125"
"2060576270","2138505741","0.125"
"2138505741","2060576270","0.125"
"2079815456","2096899635","1.82662"
"2096899635","2079815456","1.82662"
"2079815456","2129172221","0.125"
"2129172221","2079815456","0.125"
"2079815456","2138505741","0.125"
"2138505741","2079815456","0.125"
"2096899635","2129172221","0.125"
"2129172221","2096899635","0.125"
"1523682627","2015384282","0.2"
"2015384282","1523682627","0.2"
"1565106395","2015384282","0.4"
"2015384282","1565106395","0.4"
"2009592055","2015384282","0.533333"
"2015384282","2009592055","0.533333"
"2015384282","2052032467","1.03333"
"2052032467","2015384282","1.03333"
"2015384282","2138505741","0.733333"
"2138505741","2015384282","0.733333"
"1532583024","1972241288","2.33333"
"1972241288","1532583024","2.33333"
"1524852452","1585666970","5.25"
"1585666970","1524852452","5.25"
"1585666970","1968386702","5.08333"
"1968386702","1585666970","5.08333"
"1585666970","1975438514","3.08333"
"1975438514","1585666970","3.08333"
"1524852452","1553641727","2.05952"
"1553641727","1524852452","2.05952"
"1524852452","1568436343","0.309524"
"1568436343","1524852452","0.309524"
"1524852452","1573514431","0.309524"
"1573514431","1524852452","0.309524"
"1553641727","1568436343","0.309524"
"1568436343","1553641727","0.309524"
"1553641727","1573514431","0.309524"
"1573514431","1553641727","0.309524"
"1553641727","1585666970","0.916667"
"1585666970","1553641727","0.916667"
"1553641727","1968386702","1.55952"
"1968386702","1553641727","1.55952"
"1553641727","1975438514","0.559524"
"1975438514","1553641727","0.559524"
"1568436343","1573514431","2.14286"
"1573514431","1568436343","2.14286"
"1568436343","1585666970","0.166667"
"1585666970","1568436343","0.166667"
"1568436343","1968386702","0.309524"
"1968386702","1568436343","0.309524"
"1568436343","1975438514","0.309524"
"1975438514","1568436343","0.309524"
"1573514431","1585666970","0.166667"
"1585666970","1573514431","0.166667"
"1573514431","1968386702","0.809524"
"1968386702","1573514431","0.809524"
"1573514431","1975438514","0.309524"
"1975438514","1573514431","0.309524"
"1524852452","1532583024","0.333333"
"1532583024","1524852452","0.333333"
"1524852452","2026955815","0.333333"
"2026955815","1524852452","0.333333"
"1524852452","1999270091","0.333333"
"1999270091","1524852452","0.333333"
"1524852452","2269681136","0.333333"
"2269681136","1524852452","0.333333"
"1968386702","1999270091","2.28333"
"1999270091","1968386702","2.28333"
"1968386702","2269681136","2.08333"
"2269681136","1968386702","2.08333"
"1999270091","2269681136","13"
"2269681136","1999270091","13"
"1524852452","2092671823","0.142857"
"2092671823","1524852452","0.142857"
"1553641727","2092671823","0.142857"
"2092671823","1553641727","0.142857"
"1553641727","2117242988","0.142857"
"2117242988","1553641727","0.142857"
"1568436343","2092671823","1.47619"
"2092671823","1568436343","1.47619"
"1568436343","2117242988","0.392857"
"2117242988","1568436343","0.392857"
"1573514431","2092671823","0.97619"
"2092671823","1573514431","0.97619"
"1573514431","2117242988","0.142857"
"2117242988","1573514431","0.142857"
"1968386702","2092671823","1.89286"
"2092671823","1968386702","1.89286"
"1975438514","2092671823","0.392857"
"2092671823","1975438514","0.392857"
"2092671823","2117242988","0.309524"
"2117242988","2092671823","0.309524"
"1524852452","2015384282","0.166667"
"2015384282","1524852452","0.166667"
"1524852452","2097318910","0.166667"
"2097318910","1524852452","0.166667"
"1524852452","2182443877","0.166667"
"2182443877","1524852452","0.166667"
"1585666970","2015384282","0.166667"
"2015384282","1585666970","0.166667"
"1585666970","2097318910","0.166667"
"2097318910","1585666970","0.166667"
"1585666970","2182443877","0.166667"
"2182443877","1585666970","0.166667"
"1968386702","2015384282","0.366667"
"2015384282","1968386702","0.366667"
"1968386702","2097318910","1.16667"
"2097318910","1968386702","1.16667"
"1968386702","2182443877","0.366667"
"2182443877","1968386702","0.366667"
"1975438514","2015384282","0.166667"
"2015384282","1975438514","0.166667"
"1975438514","2097318910","0.166667"
"2097318910","1975438514","0.166667"
"1975438514","2182443877","0.416667"
"2182443877","1975438514","0.416667"
"2015384282","2097318910","5.75877"
"2097318910","2015384282","5.75877"
"2015384282","2182443877","7.40162"
"2182443877","2015384282","7.40162"
"2097318910","2182443877","2.98377"
"2182443877","2097318910","2.98377"
"1532583024","2117242988","0.5"
"2117242988","1532583024","0.5"
"2026955815","2117242988","0.5"
"2117242988","2026955815","0.5"
"1532583024","2182443877","0.25"
"2182443877","1532583024","0.25"
"1972241288","2182443877","0.25"
"2182443877","1972241288","0.25"
"2026955815","2182443877","0.25"
"2182443877","2026955815","0.25"
"1553641727","2096899635","1"
"2096899635","1553641727","1"
"1565106395","1585666970","1.16667"
"1585666970","1565106395","1.16667"
"1585666970","2045034912","0.333333"
"2045034912","1585666970","0.333333"
"1585666970","2052032467","0.583333"
"2052032467","1585666970","0.583333"
"1565106395","1999270091","0.533333"
"1999270091","1565106395","0.533333"
"1972241288","1999270091","0.75"
"1999270091","1972241288","0.75"
"1999270091","2045034912","0.333333"
"2045034912","1999270091","0.333333"
"1565106395","2182443877","0.2"
"2182443877","1565106395","0.2"
"1999270091","2015384282","0.2"
"2015384282","1999270091","0.2"
"1999270091","2138505741","0.2"
"2138505741","1999270091","0.2"
"1999270091","2182443877","0.2"
"2182443877","1999270091","0.2"
"2138505741","2182443877","0.533333"
"2182443877","2138505741","0.533333"
"1568436343","1972241288","1.08333"
"1972241288","1568436343","1.08333"
"1568436343","1999270091","0.75"
"1999270091","1568436343","0.75"
"1568436343","2269681136","0.75"
"2269681136","1568436343","0.75"
"1972241288","2269681136","0.416667"
"2269681136","1972241288","0.416667"
"1999270091","2117242988","0.416667"
"2117242988","1999270091","0.416667"
"2117242988","2269681136","0.416667"
"2269681136","2117242988","0.416667"
"1573514431","1972241288","0.833333"
"1972241288","1573514431","0.833333"
"1972241288","2092671823","0.5"
"2092671823","1972241288","0.5"
"1582770677","2015384282","5.40162"
"2015384282","1582770677","5.40162"
"1582770677","2096899635","4.15162"
"2096899635","1582770677","4.15162"
"1582770677","2124936704","1.54091"
"2124936704","1582770677","1.54091"
"1582770677","2182443877","4.32662"
"2182443877","1582770677","4.32662"
"1988615847","2015384282","2.98496"
"2015384282","1988615847","2.98496"
"1988615847","2096899635","2.86829"
"2096899635","1988615847","2.86829"
"1988615847","2124936704","0.507576"
"2124936704","1988615847","0.507576"
"1988615847","2182443877","2.90996"
"2182443877","1988615847","2.90996"
"2015384282","2096899635","2.48496"
"2096899635","2015384282","2.48496"
"2015384282","2124936704","1.41591"
"2124936704","2015384282","1.41591"
"2015384282","2803875894","1.52543"
"2803875894","2015384282","1.52543"
"2096899635","2124936704","1.16591"
"2124936704","2096899635","1.16591"
"2096899635","2182443877","1.95162"
"2182443877","2096899635","1.95162"
"2096899635","2803875894","1.85877"
"2803875894","2096899635","1.85877"
"2124936704","2182443877","1.34091"
"2182443877","2124936704","1.34091"
"2124936704","2803875894","0.507576"
"2803875894","2124936704","0.507576"
"2182443877","2803875894","0.650433"
"2803875894","2182443877","0.650433"
"1582770677","2097318910","1.68377"
"2097318910","1582770677","1.68377"
"1988615847","2097318910","1.35043"
"2097318910","1988615847","1.35043"
"1582770677","2079815456","1.57662"
"2079815456","1582770677","1.57662"
"1988615847","2079815456","2.24329"
"2079815456","1988615847","2.24329"
"2015384282","2079815456","3.06829"
"2079815456","2015384282","3.06829"
"2079815456","2097318910","3.4671"
"2097318910","2079815456","3.4671"
"2079815456","2182443877","2.29329"
"2182443877","2079815456","2.29329"
"2096899635","2097318910","1.05877"
"2097318910","2096899635","1.05877"
"1582770677","2613423924","0.433766"
"2613423924","1582770677","0.433766"
"1988615847","2613423924","1.13377"
"2613423924","1988615847","1.13377"
"2015384282","2613423924","0.633766"
"2613423924","2015384282","0.633766"
"2096899635","2613423924","0.433766"
"2613423924","2096899635","0.433766"
"2182443877","2613423924","0.433766"
"2613423924","2182443877","0.433766"
"2079815456","2124936704","0.874242"
"2124936704","2079815456","0.874242"
"2079815456","2803875894","0.983766"
"2803875894","2079815456","0.983766"
"2097318910","2124936704","1.12424"
"2124936704","2097318910","1.12424"
"2097318910","2803875894","0.340909"
"2803875894","2097318910","0.340909"
"1582770677","2439110316","0.215909"
"2439110316","1582770677","0.215909"
"1582770677","69336040","0.358766"
"69336040","1582770677","0.358766"
"1988615847","2439110316","0.215909"
"2439110316","1988615847","0.215909"
"1988615847","69336040","0.808766"
"69336040","1988615847","0.808766"
"2079815456","2439110316","0.215909"
"2439110316","2079815456","0.215909"
"2079815456","69336040","1.1421"
"69336040","2079815456","1.1421"
"2097318910","2439110316","0.215909"
"2439110316","2097318910","0.215909"
"2097318910","69336040","1.05877"
"69336040","2097318910","1.05877"
"2124936704","2439110316","0.215909"
"2439110316","2124936704","0.215909"
"2124936704","69336040","0.215909"
"69336040","2124936704","0.215909"
"2182443877","2439110316","0.215909"
"2439110316","2182443877","0.215909"
"2182443877","69336040","1.1921"
"69336040","2182443877","1.1921"
"2439110316","2803875894","0.215909"
"2803875894","2439110316","0.215909"
"2439110316","69336040","0.215909"
"69336040","2439110316","0.215909"
"2803875894","69336040","0.215909"
"69336040","2803875894","0.215909"
"2015384282","2439110316","0.0909091"
"2439110316","2015384282","0.0909091"
"2015384282","69336040","1.2671"
"69336040","2015384282","1.2671"
"2079815456","2613423924","2.43377"
"2613423924","2079815456","2.43377"
"2096899635","2439110316","0.0909091"
"2439110316","2096899635","0.0909091"
"2096899635","69336040","0.233766"
"69336040","2096899635","0.233766"
"2097318910","2613423924","0.290909"
"2613423924","2097318910","0.290909"
"2124936704","2613423924","0.0909091"
"2613423924","2124936704","0.0909091"
"2439110316","2613423924","0.0909091"
"2613423924","2439110316","0.0909091"
"2613423924","2803875894","0.733766"
"2803875894","2613423924","0.733766"
"2613423924","69336040","0.290909"
"69336040","2613423924","0.290909"
"1585666970","2002102365","0.25"
"2002102365","1585666970","0.25"
"1585666970","2009592055","0.25"
"2009592055","1585666970","0.25"
"1585666970","2060576270","0.25"
"2060576270","1585666970","0.25"
"1592936309","1999270091","0.166667"
"1999270091","1592936309","0.166667"
"1592936309","2092671823","0.166667"
"2092671823","1592936309","0.166667"
"1592936309","2269681136","0.166667"
"2269681136","1592936309","0.166667"
"1999270091","2092671823","0.416667"
"2092671823","1999270091","0.416667"
"1999270091","2556228152","0.166667"
"2556228152","1999270091","0.166667"
"2092671823","2269681136","0.416667"
"2269681136","2092671823","0.416667"
"2092671823","2556228152","0.166667"
"2556228152","2092671823","0.166667"
"2269681136","2556228152","0.166667"
"2556228152","2269681136","0.166667"
"1661760105","2026706832","8"
"2026706832","1661760105","8"
"1975438514","1999270091","0.25"
"1999270091","1975438514","0.25"
"1975438514","2269681136","0.25"
"2269681136","1975438514","0.25"
"1975438514","2002102365","0.142857"
"2002102365","1975438514","0.142857"
"1975438514","2060576270","0.142857"
"2060576270","1975438514","0.142857"
"1975438514","2129172221","0.142857"
"2129172221","1975438514","0.142857"
"1972241288","2117952921","3"
"2117952921","1972241288","3"
"1972241288","2002102365","0.5"
"2002102365","1972241288","0.5"
"1972241288","2060576270","0.5"
"2060576270","1972241288","0.5"
"1988615847","2020260970","3.91667"
"2020260970","1988615847","3.91667"
"1988615847","2106319433","1.41667"
"2106319433","1988615847","1.41667"
"1988615847","2148996947","0.416667"
"2148996947","1988615847","0.416667"
"2020260970","2803875894","0.416667"
"2803875894","2020260970","0.416667"
"2106319433","2803875894","1.91667"
"2803875894","2106319433","1.91667"
"2148996947","2803875894","0.416667"
"2803875894","2148996947","0.416667"
"1988615847","2890118244","0.166667"
"2890118244","1988615847","0.166667"
"2015384282","2020260970","0.166667"
"2020260970","2015384282","0.166667"
"2015384282","2106319433","0.166667"
"2106319433","2015384282","0.166667"
"2015384282","2148996947","0.166667"
"2148996947","2015384282","0.166667"
"2015384282","2890118244","0.166667"
"2890118244","2015384282","0.166667"
"2148996947","2890118244","1.33333"
"2890118244","2148996947","1.33333"
"2803875894","2890118244","0.166667"
"2890118244","2803875894","0.166667"
"2009592055","2182443877","0.333333"
"2182443877","2009592055","0.333333"
"2052032467","2182443877","0.833333"
"2182443877","2052032467","0.833333"
"2015384282","2129111346","0.333333"
"2129111346","2015384282","0.333333"
"2129111346","2182443877","0.333333"
"2182443877","2129111346","0.333333"
"2097318910","2159228707","1"
"2159228707","2097318910","1"
"2117952921","2255963012","0.5"
"2255963012","2117952921","0.5"
"2156605289","2255963012","0.5"
"2255963012","2156605289","0.5"
"2129111346","2613423924","1"
"2613423924","2129111346","1"
