"124623978","1448465239","0.0357143"
"1448465239","124623978","0.0357143"
"124623978","1501977046","0.0357143"
"1501977046","124623978","0.0357143"
"124623978","1510462449","0.0357143"
"1510462449","124623978","0.0357143"
"124623978","1549077961","0.202381"
"1549077961","124623978","0.202381"
"124623978","1550962585","0.202381"
"1550962585","124623978","0.202381"
"124623978","1571563640","0.0357143"
"1571563640","124623978","0.0357143"
"124623978","1876262998","0.202381"
"1876262998","124623978","0.202381"
"124623978","1989152133","0.0357143"
"1989152133","124623978","0.0357143"
"124623978","2007578801","0.202381"
"2007578801","124623978","0.202381"
"124623978","2020460757","4.84524"
"2020460757","124623978","4.84524"
"124623978","2032981235","2.42857"
"2032981235","124623978","2.42857"
"124623978","2070626055","0.0357143"
"2070626055","124623978","0.0357143"
"124623978","2094156430","0.0357143"
"2094156430","124623978","0.0357143"
"124623978","2101346494","0.0357143"
"2101346494","124623978","0.0357143"
"124623978","2128472672","0.202381"
"2128472672","124623978","0.202381"
"124623978","2142089078","0.0357143"
"2142089078","124623978","0.0357143"
"124623978","2147982886","0.0357143"
"2147982886","124623978","0.0357143"
"124623978","2161580080","0.202381"
"2161580080","124623978","0.202381"
"124623978","2162061797","0.202381"
"2162061797","124623978","0.202381"
"124623978","2180737804","0.0357143"
"2180737804","124623978","0.0357143"
"124623978","2299839756","0.0357143"
"2299839756","124623978","0.0357143"
"124623978","2484037163","0.0357143"
"2484037163","124623978","0.0357143"
"124623978","2555204861","0.0357143"
"2555204861","124623978","0.0357143"
"124623978","2576436989","0.0357143"
"2576436989","124623978","0.0357143"
"124623978","2583246402","0.0357143"
"2583246402","124623978","0.0357143"
"124623978","2736314372","0.0357143"
"2736314372","124623978","0.0357143"
"124623978","2745202163","0.0357143"
"2745202163","124623978","0.0357143"
"124623978","2955431215","0.0357143"
"2955431215","124623978","0.0357143"
"1448465239","1501977046","0.0357143"
"1501977046","1448465239","0.0357143"
"1448465239","1510462449","0.160714"
"1510462449","1448465239","0.160714"
"1448465239","1549077961","0.0357143"
"1549077961","1448465239","0.0357143"
"1448465239","1550962585","0.0357143"
"1550962585","1448465239","0.0357143"
"1448465239","1571563640","0.0357143"
"1571563640","1448465239","0.0357143"
"1448465239","1876262998","0.0357143"
"1876262998","1448465239","0.0357143"
"1448465239","1989152133","0.0357143"
"1989152133","1448465239","0.0357143"
"1448465239","2007578801","0.0357143"
"2007578801","1448465239","0.0357143"
"1448465239","2020460757","0.160714"
"2020460757","1448465239","0.160714"
"1448465239","2032981235","0.0357143"
"2032981235","1448465239","0.0357143"
"1448465239","2070626055","0.0357143"
"2070626055","1448465239","0.0357143"
"1448465239","2094156430","0.0357143"
"2094156430","1448465239","0.0357143"
"1448465239","2101346494","0.0357143"
"2101346494","1448465239","0.0357143"
"1448465239","2128472672","0.0357143"
"2128472672","1448465239","0.0357143"
"1448465239","2142089078","0.0357143"
"2142089078","1448465239","0.0357143"
"1448465239","2147982886","0.0357143"
"2147982886","1448465239","0.0357143"
"1448465239","2161580080","0.0357143"
"2161580080","1448465239","0.0357143"
"1448465239","2162061797","0.0357143"
"2162061797","1448465239","0.0357143"
"1448465239","2180737804","1.77738"
"2180737804","1448465239","1.77738"
"1448465239","2299839756","0.485714"
"2299839756","1448465239","0.485714"
"1448465239","2484037163","5.14405"
"2484037163","1448465239","5.14405"
"1448465239","2555204861","0.0357143"
"2555204861","1448465239","0.0357143"
"1448465239","2576436989","0.0357143"
"2576436989","1448465239","0.0357143"
"1448465239","2583246402","0.685714"
"2583246402","1448465239","0.685714"
"1448465239","2736314372","0.160714"
"2736314372","1448465239","0.160714"
"1448465239","2745202163","0.0357143"
"2745202163","1448465239","0.0357143"
"1448465239","2955431215","0.0357143"
"2955431215","1448465239","0.0357143"
"1501977046","1510462449","0.0945378"
"1510462449","1501977046","0.0945378"
"1501977046","1549077961","0.0357143"
"1549077961","1501977046","0.0357143"
"1501977046","1550962585","0.0357143"
"1550962585","1501977046","0.0357143"
"1501977046","1571563640","0.0945378"
"1571563640","1501977046","0.0945378"
"1501977046","1876262998","0.0357143"
"1876262998","1501977046","0.0357143"
"1501977046","1989152133","0.0945378"
"1989152133","1501977046","0.0945378"
"1501977046","2007578801","8.92311"
"2007578801","1501977046","8.92311"
"1501977046","2020460757","0.0357143"
"2020460757","1501977046","0.0357143"
"1501977046","2032981235","0.0357143"
"2032981235","1501977046","0.0357143"
"1501977046","2070626055","0.380252"
"2070626055","1501977046","0.380252"
"1501977046","2094156430","0.0357143"
"2094156430","1501977046","0.0357143"
"1501977046","2101346494","0.0357143"
"2101346494","1501977046","0.0357143"
"1501977046","2128472672","0.0945378"
"2128472672","1501977046","0.0945378"
"1501977046","2142089078","0.0357143"
"2142089078","1501977046","0.0357143"
"1501977046","2147982886","0.0357143"
"2147982886","1501977046","0.0357143"
"1501977046","2161580080","0.437395"
"2161580080","1501977046","0.437395"
"1501977046","2162061797","0.0357143"
"2162061797","1501977046","0.0357143"
"1501977046","2180737804","0.0357143"
"2180737804","1501977046","0.0357143"
"1501977046","2299839756","0.0357143"
"2299839756","1501977046","0.0357143"
"1501977046","2484037163","0.0357143"
"2484037163","1501977046","0.0357143"
"1501977046","2555204861","0.0357143"
"2555204861","1501977046","0.0357143"
"1501977046","2576436989","0.0357143"
"2576436989","1501977046","0.0357143"
"1501977046","2583246402","0.0357143"
"2583246402","1501977046","0.0357143"
"1501977046","2736314372","0.594538"
"2736314372","1501977046","0.594538"
"1501977046","2745202163","0.0357143"
"2745202163","1501977046","0.0357143"
"1501977046","2955431215","0.0357143"
"2955431215","1501977046","0.0357143"
"1510462449","1549077961","0.0357143"
"1549077961","1510462449","0.0357143"
"1510462449","1550962585","0.0357143"
"1550962585","1510462449","0.0357143"
"1510462449","1571563640","0.0945378"
"1571563640","1510462449","0.0945378"
"1510462449","1876262998","0.0357143"
"1876262998","1510462449","0.0357143"
"1510462449","1989152133","0.0945378"
"1989152133","1510462449","0.0945378"
"1510462449","2007578801","0.0945378"
"2007578801","1510462449","0.0945378"
"1510462449","2020460757","0.260714"
"2020460757","1510462449","0.260714"
"1510462449","2032981235","0.135714"
"2032981235","1510462449","0.135714"
"1510462449","2070626055","0.0945378"
"2070626055","1510462449","0.0945378"
"1510462449","2094156430","0.135714"
"2094156430","1510462449","0.135714"
"1510462449","2101346494","0.0357143"
"2101346494","1510462449","0.0357143"
"1510462449","2128472672","0.0945378"
"2128472672","1510462449","0.0945378"
"1510462449","2142089078","0.0357143"
"2142089078","1510462449","0.0357143"
"1510462449","2147982886","0.178571"
"2147982886","1510462449","0.178571"
"1510462449","2161580080","0.0945378"
"2161580080","1510462449","0.0945378"
"1510462449","2162061797","0.0357143"
"2162061797","1510462449","0.0357143"
"1510462449","2180737804","0.260714"
"2180737804","1510462449","0.260714"
"1510462449","2299839756","0.135714"
"2299839756","1510462449","0.135714"
"1510462449","2484037163","0.160714"
"2484037163","1510462449","0.160714"
"1510462449","2555204861","0.178571"
"2555204861","1510462449","0.178571"
"1510462449","2576436989","0.428571"
"2576436989","1510462449","0.428571"
"1510462449","2583246402","0.0357143"
"2583246402","1510462449","0.0357143"
"1510462449","2736314372","0.219538"
"2736314372","1510462449","0.219538"
"1510462449","2745202163","0.135714"
"2745202163","1510462449","0.135714"
"1510462449","2955431215","0.278571"
"2955431215","1510462449","0.278571"
"1549077961","1550962585","25.2024"
"1550962585","1549077961","25.2024"
"1549077961","1571563640","0.0357143"
"1571563640","1549077961","0.0357143"
"1549077961","1876262998","0.0357143"
"1876262998","1549077961","0.0357143"
"1549077961","1989152133","0.0357143"
"1989152133","1549077961","0.0357143"
"1549077961","2007578801","0.202381"
"2007578801","1549077961","0.202381"
"1549077961","2020460757","0.202381"
"2020460757","1549077961","0.202381"
"1549077961","2032981235","0.0357143"
"2032981235","1549077961","0.0357143"
"1549077961","2070626055","0.0357143"
"2070626055","1549077961","0.0357143"
"1549077961","2094156430","0.0357143"
"2094156430","1549077961","0.0357143"
"1549077961","2101346494","0.0357143"
"2101346494","1549077961","0.0357143"
"1549077961","2128472672","0.202381"
"2128472672","1549077961","0.202381"
"1549077961","2142089078","0.0357143"
"2142089078","1549077961","0.0357143"
"1549077961","2147982886","0.0357143"
"2147982886","1549077961","0.0357143"
"1549077961","2161580080","0.202381"
"2161580080","1549077961","0.202381"
"1549077961","2162061797","0.0357143"
"2162061797","1549077961","0.0357143"
"1549077961","2180737804","0.0357143"
"2180737804","1549077961","0.0357143"
"1549077961","2299839756","0.0357143"
"2299839756","1549077961","0.0357143"
"1549077961","2484037163","0.0357143"
"2484037163","1549077961","0.0357143"
"1549077961","2555204861","0.0357143"
"2555204861","1549077961","0.0357143"
"1549077961","2576436989","0.0357143"
"2576436989","1549077961","0.0357143"
"1549077961","2583246402","0.0357143"
"2583246402","1549077961","0.0357143"
"1549077961","2736314372","0.0357143"
"2736314372","1549077961","0.0357143"
"1549077961","2745202163","0.0357143"
"2745202163","1549077961","0.0357143"
"1549077961","2955431215","0.0357143"
"2955431215","1549077961","0.0357143"
"1550962585","1571563640","0.0357143"
"1571563640","1550962585","0.0357143"
"1550962585","1876262998","0.0357143"
"1876262998","1550962585","0.0357143"
"1550962585","1989152133","0.0357143"
"1989152133","1550962585","0.0357143"
"1550962585","2007578801","0.202381"
"2007578801","1550962585","0.202381"
"1550962585","2020460757","0.202381"
"2020460757","1550962585","0.202381"
"1550962585","2032981235","0.0357143"
"2032981235","1550962585","0.0357143"
"1550962585","2070626055","0.0357143"
"2070626055","1550962585","0.0357143"
"1550962585","2094156430","0.0357143"
"2094156430","1550962585","0.0357143"
"1550962585","2101346494","0.0357143"
"2101346494","1550962585","0.0357143"
"1550962585","2128472672","0.202381"
"2128472672","1550962585","0.202381"
"1550962585","2142089078","0.0357143"
"2142089078","1550962585","0.0357143"
"1550962585","2147982886","0.0357143"
"2147982886","1550962585","0.0357143"
"1550962585","2161580080","0.202381"
"2161580080","1550962585","0.202381"
"1550962585","2162061797","0.0357143"
"2162061797","1550962585","0.0357143"
"1550962585","2180737804","0.0357143"
"2180737804","1550962585","0.0357143"
"1550962585","2299839756","0.0357143"
"2299839756","1550962585","0.0357143"
"1550962585","2484037163","0.0357143"
"2484037163","1550962585","0.0357143"
"1550962585","2555204861","0.0357143"
"2555204861","1550962585","0.0357143"
"1550962585","2576436989","0.0357143"
"2576436989","1550962585","0.0357143"
"1550962585","2583246402","0.0357143"
"2583246402","1550962585","0.0357143"
"1550962585","2736314372","0.0357143"
"2736314372","1550962585","0.0357143"
"1550962585","2745202163","0.0357143"
"2745202163","1550962585","0.0357143"
"1550962585","2955431215","0.0357143"
"2955431215","1550962585","0.0357143"
"1571563640","1876262998","0.0357143"
"1876262998","1571563640","0.0357143"
"1571563640","1989152133","0.0945378"
"1989152133","1571563640","0.0945378"
"1571563640","2007578801","0.532633"
"2007578801","1571563640","0.532633"
"1571563640","2020460757","0.0357143"
"2020460757","1571563640","0.0357143"
"1571563640","2032981235","0.0357143"
"2032981235","1571563640","0.0357143"
"1571563640","2070626055","0.277077"
"2070626055","1571563640","0.277077"
"1571563640","2094156430","0.0357143"
"2094156430","1571563640","0.0357143"
"1571563640","2101346494","0.0357143"
"2101346494","1571563640","0.0357143"
"1571563640","2128472672","0.561204"
"2128472672","1571563640","0.561204"
"1571563640","2142089078","0.0357143"
"2142089078","1571563640","0.0357143"
"1571563640","2147982886","0.0357143"
"2147982886","1571563640","0.0357143"
"1571563640","2161580080","0.165966"
"2161580080","1571563640","0.165966"
"1571563640","2162061797","0.0357143"
"2162061797","1571563640","0.0357143"
"1571563640","2180737804","0.0357143"
"2180737804","1571563640","0.0357143"
"1571563640","2299839756","0.0357143"
"2299839756","1571563640","0.0357143"
"1571563640","2484037163","1.03571"
"2484037163","1571563640","1.03571"
"1571563640","2555204861","0.0357143"
"2555204861","1571563640","0.0357143"
"1571563640","2576436989","0.0357143"
"2576436989","1571563640","0.0357143"
"1571563640","2583246402","0.0357143"
"2583246402","1571563640","0.0357143"
"1571563640","2736314372","0.0945378"
"2736314372","1571563640","0.0945378"
"1571563640","2745202163","0.0357143"
"2745202163","1571563640","0.0357143"
"1571563640","2955431215","0.0357143"
"2955431215","1571563640","0.0357143"
"1876262998","1989152133","0.0357143"
"1989152133","1876262998","0.0357143"
"1876262998","2007578801","0.0357143"
"2007578801","1876262998","0.0357143"
"1876262998","2020460757","0.202381"
"2020460757","1876262998","0.202381"
"1876262998","2032981235","0.202381"
"2032981235","1876262998","0.202381"
"1876262998","2070626055","0.0357143"
"2070626055","1876262998","0.0357143"
"1876262998","2094156430","0.0357143"
"2094156430","1876262998","0.0357143"
"1876262998","2101346494","0.0357143"
"2101346494","1876262998","0.0357143"
"1876262998","2128472672","0.0357143"
"2128472672","1876262998","0.0357143"
"1876262998","2142089078","0.160714"
"2142089078","1876262998","0.160714"
"1876262998","2147982886","0.0357143"
"2147982886","1876262998","0.0357143"
"1876262998","2161580080","0.0357143"
"2161580080","1876262998","0.0357143"
"1876262998","2162061797","0.577381"
"2162061797","1876262998","0.577381"
"1876262998","2180737804","0.0357143"
"2180737804","1876262998","0.0357143"
"1876262998","2299839756","0.0357143"
"2299839756","1876262998","0.0357143"
"1876262998","2484037163","0.0357143"
"2484037163","1876262998","0.0357143"
"1876262998","2555204861","0.0357143"
"2555204861","1876262998","0.0357143"
"1876262998","2576436989","0.0357143"
"2576436989","1876262998","0.0357143"
"1876262998","2583246402","0.0357143"
"2583246402","1876262998","0.0357143"
"1876262998","2736314372","1.82738"
"2736314372","1876262998","1.82738"
"1876262998","2745202163","0.0357143"
"2745202163","1876262998","0.0357143"
"1876262998","2955431215","0.0357143"
"2955431215","1876262998","0.0357143"
"1989152133","2007578801","0.0945378"
"2007578801","1989152133","0.0945378"
"1989152133","2020460757","0.0357143"
"2020460757","1989152133","0.0357143"
"1989152133","2032981235","0.0357143"
"2032981235","1989152133","0.0357143"
"1989152133","2070626055","0.0945378"
"2070626055","1989152133","0.0945378"
"1989152133","2094156430","0.0357143"
"2094156430","1989152133","0.0357143"
"1989152133","2101346494","0.0357143"
"2101346494","1989152133","0.0357143"
"1989152133","2128472672","0.0945378"
"2128472672","1989152133","0.0945378"
"1989152133","2142089078","0.0357143"
"2142089078","1989152133","0.0357143"
"1989152133","2147982886","0.285714"
"2147982886","1989152133","0.285714"
"1989152133","2161580080","0.0945378"
"2161580080","1989152133","0.0945378"
"1989152133","2162061797","0.0357143"
"2162061797","1989152133","0.0357143"
"1989152133","2180737804","0.0357143"
"2180737804","1989152133","0.0357143"
"1989152133","2299839756","0.0357143"
"2299839756","1989152133","0.0357143"
"1989152133","2484037163","0.0357143"
"2484037163","1989152133","0.0357143"
"1989152133","2555204861","0.0357143"
"2555204861","1989152133","0.0357143"
"1989152133","2576436989","0.0357143"
"2576436989","1989152133","0.0357143"
"1989152133","2583246402","0.0357143"
"2583246402","1989152133","0.0357143"
"1989152133","2736314372","0.0945378"
"2736314372","1989152133","0.0945378"
"1989152133","2745202163","0.0357143"
"2745202163","1989152133","0.0357143"
"1989152133","2955431215","0.0357143"
"2955431215","1989152133","0.0357143"
"2007578801","2020460757","0.202381"
"2020460757","2007578801","0.202381"
"2007578801","2032981235","0.0357143"
"2032981235","2007578801","0.0357143"
"2007578801","2070626055","4.59454"
"2070626055","2007578801","4.59454"
"2007578801","2094156430","0.0357143"
"2094156430","2007578801","0.0357143"
"2007578801","2101346494","0.0357143"
"2101346494","2007578801","0.0357143"
"2007578801","2128472672","0.827871"
"2128472672","2007578801","0.827871"
"2007578801","2142089078","0.0357143"
"2142089078","2007578801","0.0357143"
"2007578801","2147982886","0.0357143"
"2147982886","2007578801","0.0357143"
"2007578801","2161580080","0.618347"
"2161580080","2007578801","0.618347"
"2007578801","2162061797","0.452381"
"2162061797","2007578801","0.452381"
"2007578801","2180737804","0.0357143"
"2180737804","2007578801","0.0357143"
"2007578801","2299839756","0.0357143"
"2299839756","2007578801","0.0357143"
"2007578801","2484037163","0.0357143"
"2484037163","2007578801","0.0357143"
"2007578801","2555204861","0.0357143"
"2555204861","2007578801","0.0357143"
"2007578801","2576436989","0.0357143"
"2576436989","2007578801","0.0357143"
"2007578801","2583246402","0.0357143"
"2583246402","2007578801","0.0357143"
"2007578801","2736314372","0.737395"
"2736314372","2007578801","0.737395"
"2007578801","2745202163","0.0357143"
"2745202163","2007578801","0.0357143"
"2007578801","2955431215","0.0357143"
"2955431215","2007578801","0.0357143"
"2020460757","2032981235","1.94524"
"2032981235","2020460757","1.94524"
"2020460757","2070626055","0.0357143"
"2070626055","2020460757","0.0357143"
"2020460757","2094156430","0.135714"
"2094156430","2020460757","0.135714"
"2020460757","2101346494","0.0357143"
"2101346494","2020460757","0.0357143"
"2020460757","2128472672","0.202381"
"2128472672","2020460757","0.202381"
"2020460757","2142089078","0.0357143"
"2142089078","2020460757","0.0357143"
"2020460757","2147982886","0.0357143"
"2147982886","2020460757","0.0357143"
"2020460757","2161580080","0.202381"
"2161580080","2020460757","0.202381"
"2020460757","2162061797","0.202381"
"2162061797","2020460757","0.202381"
"2020460757","2180737804","0.260714"
"2180737804","2020460757","0.260714"
"2020460757","2299839756","0.135714"
"2299839756","2020460757","0.135714"
"2020460757","2484037163","0.410714"
"2484037163","2020460757","0.410714"
"2020460757","2555204861","0.0357143"
"2555204861","2020460757","0.0357143"
"2020460757","2576436989","0.0357143"
"2576436989","2020460757","0.0357143"
"2020460757","2583246402","0.0357143"
"2583246402","2020460757","0.0357143"
"2020460757","2736314372","0.494048"
"2736314372","2020460757","0.494048"
"2020460757","2745202163","0.135714"
"2745202163","2020460757","0.135714"
"2020460757","2955431215","0.135714"
"2955431215","2020460757","0.135714"
"2032981235","2070626055","0.0357143"
"2070626055","2032981235","0.0357143"
"2032981235","2094156430","0.135714"
"2094156430","2032981235","0.135714"
"2032981235","2101346494","0.0357143"
"2101346494","2032981235","0.0357143"
"2032981235","2128472672","0.0357143"
"2128472672","2032981235","0.0357143"
"2032981235","2142089078","0.0357143"
"2142089078","2032981235","0.0357143"
"2032981235","2147982886","0.0357143"
"2147982886","2032981235","0.0357143"
"2032981235","2161580080","0.0357143"
"2161580080","2032981235","0.0357143"
"2032981235","2162061797","0.202381"
"2162061797","2032981235","0.202381"
"2032981235","2180737804","0.135714"
"2180737804","2032981235","0.135714"
"2032981235","2299839756","0.135714"
"2299839756","2032981235","0.135714"
"2032981235","2484037163","0.0357143"
"2484037163","2032981235","0.0357143"
"2032981235","2555204861","0.0357143"
"2555204861","2032981235","0.0357143"
"2032981235","2576436989","0.0357143"
"2576436989","2032981235","0.0357143"
"2032981235","2583246402","0.0357143"
"2583246402","2032981235","0.0357143"
"2032981235","2736314372","0.0357143"
"2736314372","2032981235","0.0357143"
"2032981235","2745202163","0.135714"
"2745202163","2032981235","0.135714"
"2032981235","2955431215","0.135714"
"2955431215","2032981235","0.135714"
"2070626055","2094156430","0.0357143"
"2094156430","2070626055","0.0357143"
"2070626055","2101346494","0.0357143"
"2101346494","2070626055","0.0357143"
"2070626055","2128472672","0.0945378"
"2128472672","2070626055","0.0945378"
"2070626055","2142089078","0.0357143"
"2142089078","2070626055","0.0357143"
"2070626055","2147982886","0.0357143"
"2147982886","2070626055","0.0357143"
"2070626055","2161580080","1.61835"
"2161580080","2070626055","1.61835"
"2070626055","2162061797","0.0357143"
"2162061797","2070626055","0.0357143"
"2070626055","2180737804","0.0357143"
"2180737804","2070626055","0.0357143"
"2070626055","2299839756","0.0357143"
"2299839756","2070626055","0.0357143"
"2070626055","2484037163","0.0357143"
"2484037163","2070626055","0.0357143"
"2070626055","2555204861","0.0357143"
"2555204861","2070626055","0.0357143"
"2070626055","2576436989","0.0357143"
"2576436989","2070626055","0.0357143"
"2070626055","2583246402","0.0357143"
"2583246402","2070626055","0.0357143"
"2070626055","2736314372","0.237395"
"2736314372","2070626055","0.237395"
"2070626055","2745202163","0.0357143"
"2745202163","2070626055","0.0357143"
"2070626055","2955431215","0.0357143"
"2955431215","2070626055","0.0357143"
"2094156430","2101346494","0.0357143"
"2101346494","2094156430","0.0357143"
"2094156430","2128472672","0.0357143"
"2128472672","2094156430","0.0357143"
"2094156430","2142089078","0.0357143"
"2142089078","2094156430","0.0357143"
"2094156430","2147982886","0.0357143"
"2147982886","2094156430","0.0357143"
"2094156430","2161580080","0.0357143"
"2161580080","2094156430","0.0357143"
"2094156430","2162061797","0.0357143"
"2162061797","2094156430","0.0357143"
"2094156430","2180737804","0.135714"
"2180737804","2094156430","0.135714"
"2094156430","2299839756","0.135714"
"2299839756","2094156430","0.135714"
"2094156430","2484037163","0.0357143"
"2484037163","2094156430","0.0357143"
"2094156430","2555204861","0.0357143"
"2555204861","2094156430","0.0357143"
"2094156430","2576436989","0.0357143"
"2576436989","2094156430","0.0357143"
"2094156430","2583246402","0.0357143"
"2583246402","2094156430","0.0357143"
"2094156430","2736314372","0.0357143"
"2736314372","2094156430","0.0357143"
"2094156430","2745202163","0.135714"
"2745202163","2094156430","0.135714"
"2094156430","2955431215","0.135714"
"2955431215","2094156430","0.135714"
"2101346494","2128472672","0.0357143"
"2128472672","2101346494","0.0357143"
"2101346494","2142089078","0.0357143"
"2142089078","2101346494","0.0357143"
"2101346494","2147982886","0.0357143"
"2147982886","2101346494","0.0357143"
"2101346494","2161580080","0.0357143"
"2161580080","2101346494","0.0357143"
"2101346494","2162061797","0.0357143"
"2162061797","2101346494","0.0357143"
"2101346494","2180737804","0.0357143"
"2180737804","2101346494","0.0357143"
"2101346494","2299839756","0.0357143"
"2299839756","2101346494","0.0357143"
"2101346494","2484037163","0.0357143"
"2484037163","2101346494","0.0357143"
"2101346494","2555204861","0.0357143"
"2555204861","2101346494","0.0357143"
"2101346494","2576436989","0.0357143"
"2576436989","2101346494","0.0357143"
"2101346494","2583246402","0.0357143"
"2583246402","2101346494","0.0357143"
"2101346494","2736314372","0.0357143"
"2736314372","2101346494","0.0357143"
"2101346494","2745202163","0.0357143"
"2745202163","2101346494","0.0357143"
"2101346494","2955431215","0.0357143"
"2955431215","2101346494","0.0357143"
"2128472672","2142089078","0.0357143"
"2142089078","2128472672","0.0357143"
"2128472672","2147982886","0.0357143"
"2147982886","2128472672","0.0357143"
"2128472672","2161580080","0.261204"
"2161580080","2128472672","0.261204"
"2128472672","2162061797","0.0357143"
"2162061797","2128472672","0.0357143"
"2128472672","2180737804","0.0357143"
"2180737804","2128472672","0.0357143"
"2128472672","2299839756","0.0357143"
"2299839756","2128472672","0.0357143"
"2128472672","2484037163","0.0357143"
"2484037163","2128472672","0.0357143"
"2128472672","2555204861","0.0357143"
"2555204861","2128472672","0.0357143"
"2128472672","2576436989","0.0357143"
"2576436989","2128472672","0.0357143"
"2128472672","2583246402","0.0357143"
"2583246402","2128472672","0.0357143"
"2128472672","2736314372","0.0945378"
"2736314372","2128472672","0.0945378"
"2128472672","2745202163","0.0357143"
"2745202163","2128472672","0.0357143"
"2128472672","2955431215","0.0357143"
"2955431215","2128472672","0.0357143"
"2142089078","2147982886","0.0357143"
"2147982886","2142089078","0.0357143"
"2142089078","2161580080","0.0357143"
"2161580080","2142089078","0.0357143"
"2142089078","2162061797","0.494048"
"2162061797","2142089078","0.494048"
"2142089078","2180737804","0.0357143"
"2180737804","2142089078","0.0357143"
"2142089078","2299839756","0.0357143"
"2299839756","2142089078","0.0357143"
"2142089078","2484037163","0.0357143"
"2484037163","2142089078","0.0357143"
"2142089078","2555204861","0.0357143"
"2555204861","2142089078","0.0357143"
"2142089078","2576436989","0.0357143"
"2576436989","2142089078","0.0357143"
"2142089078","2583246402","0.0357143"
"2583246402","2142089078","0.0357143"
"2142089078","2736314372","2.32738"
"2736314372","2142089078","2.32738"
"2142089078","2745202163","0.0357143"
"2745202163","2142089078","0.0357143"
"2142089078","2955431215","0.0357143"
"2955431215","2142089078","0.0357143"
"2147982886","2161580080","0.0357143"
"2161580080","2147982886","0.0357143"
"2147982886","2162061797","0.0357143"
"2162061797","2147982886","0.0357143"
"2147982886","2180737804","0.0357143"
"2180737804","2147982886","0.0357143"
"2147982886","2299839756","0.0357143"
"2299839756","2147982886","0.0357143"
"2147982886","2484037163","0.0357143"
"2484037163","2147982886","0.0357143"
"2147982886","2555204861","1.17857"
"2555204861","2147982886","1.17857"
"2147982886","2576436989","1.17857"
"2576436989","2147982886","1.17857"
"2147982886","2583246402","0.0357143"
"2583246402","2147982886","0.0357143"
"2147982886","2736314372","0.0357143"
"2736314372","2147982886","0.0357143"
"2147982886","2745202163","0.285714"
"2745202163","2147982886","0.285714"
"2147982886","2955431215","1.17857"
"2955431215","2147982886","1.17857"
"2161580080","2162061797","0.0357143"
"2162061797","2161580080","0.0357143"
"2161580080","2180737804","0.0357143"
"2180737804","2161580080","0.0357143"
"2161580080","2299839756","0.0357143"
"2299839756","2161580080","0.0357143"
"2161580080","2484037163","0.0357143"
"2484037163","2161580080","0.0357143"
"2161580080","2555204861","0.0357143"
"2555204861","2161580080","0.0357143"
"2161580080","2576436989","0.0357143"
"2576436989","2161580080","0.0357143"
"2161580080","2583246402","0.0357143"
"2583246402","2161580080","0.0357143"
"2161580080","2736314372","0.237395"
"2736314372","2161580080","0.237395"
"2161580080","2745202163","0.0357143"
"2745202163","2161580080","0.0357143"
"2161580080","2955431215","0.0357143"
"2955431215","2161580080","0.0357143"
"2162061797","2180737804","0.0357143"
"2180737804","2162061797","0.0357143"
"2162061797","2299839756","0.0357143"
"2299839756","2162061797","0.0357143"
"2162061797","2484037163","0.0357143"
"2484037163","2162061797","0.0357143"
"2162061797","2555204861","0.0357143"
"2555204861","2162061797","0.0357143"
"2162061797","2576436989","0.0357143"
"2576436989","2162061797","0.0357143"
"2162061797","2583246402","0.0357143"
"2583246402","2162061797","0.0357143"
"2162061797","2736314372","2.57738"
"2736314372","2162061797","2.57738"
"2162061797","2745202163","0.0357143"
"2745202163","2162061797","0.0357143"
"2162061797","2955431215","0.0357143"
"2955431215","2162061797","0.0357143"
"2180737804","2299839756","0.635714"
"2299839756","2180737804","0.635714"
"2180737804","2484037163","6.77738"
"2484037163","2180737804","6.77738"
"2180737804","2555204861","0.0357143"
"2555204861","2180737804","0.0357143"
"2180737804","2576436989","0.0357143"
"2576436989","2180737804","0.0357143"
"2180737804","2583246402","0.485714"
"2583246402","2180737804","0.485714"
"2180737804","2736314372","0.160714"
"2736314372","2180737804","0.160714"
"2180737804","2745202163","0.135714"
"2745202163","2180737804","0.135714"
"2180737804","2955431215","0.135714"
"2955431215","2180737804","0.135714"
"2299839756","2484037163","1.23571"
"2484037163","2299839756","1.23571"
"2299839756","2555204861","0.0357143"
"2555204861","2299839756","0.0357143"
"2299839756","2576436989","0.0357143"
"2576436989","2299839756","0.0357143"
"2299839756","2583246402","0.985714"
"2583246402","2299839756","0.985714"
"2299839756","2736314372","0.0357143"
"2736314372","2299839756","0.0357143"
"2299839756","2745202163","0.135714"
"2745202163","2299839756","0.135714"
"2299839756","2955431215","0.135714"
"2955431215","2299839756","0.135714"
"2484037163","2555204861","0.0357143"
"2555204861","2484037163","0.0357143"
"2484037163","2576436989","0.0357143"
"2576436989","2484037163","0.0357143"
"2484037163","2583246402","1.18571"
"2583246402","2484037163","1.18571"
"2484037163","2736314372","0.160714"
"2736314372","2484037163","0.160714"
"2484037163","2745202163","0.0357143"
"2745202163","2484037163","0.0357143"
"2484037163","2955431215","0.0357143"
"2955431215","2484037163","0.0357143"
"2555204861","2576436989","5.0119"
"2576436989","2555204861","5.0119"
"2555204861","2583246402","0.0357143"
"2583246402","2555204861","0.0357143"
"2555204861","2736314372","0.0357143"
"2736314372","2555204861","0.0357143"
"2555204861","2745202163","0.369048"
"2745202163","2555204861","0.369048"
"2555204861","2955431215","0.178571"
"2955431215","2555204861","0.178571"
"2576436989","2583246402","0.0357143"
"2583246402","2576436989","0.0357143"
"2576436989","2736314372","0.0357143"
"2736314372","2576436989","0.0357143"
"2576436989","2745202163","0.869048"
"2745202163","2576436989","0.869048"
"2576436989","2955431215","0.178571"
"2955431215","2576436989","0.178571"
"2583246402","2736314372","0.0357143"
"2736314372","2583246402","0.0357143"
"2583246402","2745202163","0.0357143"
"2745202163","2583246402","0.0357143"
"2583246402","2955431215","0.0357143"
"2955431215","2583246402","0.0357143"
"2736314372","2745202163","0.0357143"
"2745202163","2736314372","0.0357143"
"2736314372","2955431215","0.0357143"
"2955431215","2736314372","0.0357143"
"2745202163","2955431215","0.885714"
"2955431215","2745202163","0.885714"
"124623978","2147840671","5.14286"
"2147840671","124623978","5.14286"
"2020460757","2147840671","8.05952"
"2147840671","2020460757","8.05952"
"124623978","2153966601","0.392857"
"2153966601","124623978","0.392857"
"124623978","2733130575","0.392857"
"2733130575","124623978","0.392857"
"2020460757","2153966601","2.05952"
"2153966601","2020460757","2.05952"
"2020460757","2733130575","1.05952"
"2733130575","2020460757","1.05952"
"2147840671","2153966601","0.72619"
"2153966601","2147840671","0.72619"
"2147840671","2733130575","0.72619"
"2733130575","2147840671","0.72619"
"2153966601","2733130575","2.39286"
"2733130575","2153966601","2.39286"
"124623978","1581900692","1.39286"
"1581900692","124623978","1.39286"
"1581900692","2020460757","3.47619"
"2020460757","1581900692","3.47619"
"1581900692","2032981235","3.80952"
"2032981235","1581900692","3.80952"
"1581900692","2147840671","0.97619"
"2147840671","1581900692","0.97619"
"2032981235","2147840671","1.47619"
"2147840671","2032981235","1.47619"
"124623978","2119453218","0.166667"
"2119453218","124623978","0.166667"
"1876262998","2119453218","0.166667"
"2119453218","1876262998","0.166667"
"1876262998","2147840671","0.166667"
"2147840671","1876262998","0.166667"
"2020460757","2119453218","0.166667"
"2119453218","2020460757","0.166667"
"2032981235","2119453218","0.166667"
"2119453218","2032981235","0.166667"
"2119453218","2147840671","0.166667"
"2147840671","2119453218","0.166667"
"2119453218","2162061797","0.166667"
"2162061797","2119453218","0.166667"
"2147840671","2162061797","0.166667"
"2162061797","2147840671","0.166667"
"124623978","3023961264","1"
"3023961264","124623978","1"
"124623978","75377226","0.142857"
"75377226","124623978","0.142857"
"1581900692","2153966601","1.47619"
"2153966601","1581900692","1.47619"
"1581900692","2733130575","0.47619"
"2733130575","1581900692","0.47619"
"1581900692","75377226","1.39286"
"75377226","1581900692","1.39286"
"2020460757","75377226","3.39286"
"75377226","2020460757","3.39286"
"2032981235","2153966601","0.809524"
"2153966601","2032981235","0.809524"
"2032981235","2733130575","0.809524"
"2733130575","2032981235","0.809524"
"2032981235","75377226","0.392857"
"75377226","2032981235","0.392857"
"2147840671","75377226","0.892857"
"75377226","2147840671","0.892857"
"2153966601","75377226","0.142857"
"75377226","2153966601","0.142857"
"2733130575","75377226","0.142857"
"75377226","2733130575","0.142857"
"133400811","1482227858","0.18254"
"1482227858","133400811","0.18254"
"133400811","1520854978","0.325397"
"1520854978","133400811","0.325397"
"133400811","1549351629","0.0714286"
"1549351629","133400811","0.0714286"
"133400811","156020066","0.0714286"
"156020066","133400811","0.0714286"
"133400811","1571563640","0.241363"
"1571563640","133400811","0.241363"
"133400811","1968531993","0.38422"
"1968531993","133400811","0.38422"
"133400811","2007578801","0.915966"
"2007578801","133400811","0.915966"
"133400811","2070626055","3.69374"
"2070626055","133400811","3.69374"
"133400811","2125776579","2.13492"
"2125776579","133400811","2.13492"
"133400811","2141088026","0.38422"
"2141088026","133400811","0.38422"
"133400811","2161580080","0.939776"
"2161580080","133400811","0.939776"
"133400811","2178083330","0.18254"
"2178083330","133400811","0.18254"
"133400811","2296112963","0.325397"
"2296112963","133400811","0.325397"
"133400811","272149921","0.214286"
"272149921","133400811","0.214286"
"1482227858","1520854978","0.265873"
"1520854978","1482227858","0.265873"
"1482227858","1549351629","0.154762"
"1549351629","1482227858","0.154762"
"1482227858","156020066","0.488095"
"156020066","1482227858","0.488095"
"1482227858","1571563640","1.53254"
"1571563640","1482227858","1.53254"
"1482227858","1968531993","1.36587"
"1968531993","1482227858","1.36587"
"1482227858","2007578801","0.488095"
"2007578801","1482227858","0.488095"
"1482227858","2070626055","0.18254"
"2070626055","1482227858","0.18254"
"1482227858","2125776579","0.18254"
"2125776579","1482227858","0.18254"
"1482227858","2141088026","1.36587"
"2141088026","1482227858","1.36587"
"1482227858","2161580080","0.0714286"
"2161580080","1482227858","0.0714286"
"1482227858","2178083330","0.53254"
"2178083330","1482227858","0.53254"
"1482227858","2296112963","0.265873"
"2296112963","1482227858","0.265873"
"1482227858","272149921","0.488095"
"272149921","1482227858","0.488095"
"1520854978","1549351629","1.03095"
"1549351629","1520854978","1.03095"
"1520854978","156020066","2.99762"
"156020066","1520854978","2.99762"
"1520854978","1571563640","0.18254"
"1571563640","1520854978","0.18254"
"1520854978","1968531993","0.265873"
"1968531993","1520854978","0.265873"
"1520854978","2007578801","1.67381"
"2007578801","1520854978","1.67381"
"1520854978","2070626055","0.325397"
"2070626055","1520854978","0.325397"
"1520854978","2125776579","0.325397"
"2125776579","1520854978","0.325397"
"1520854978","2141088026","0.265873"
"2141088026","1520854978","0.265873"
"1520854978","2161580080","0.214286"
"2161580080","1520854978","0.214286"
"1520854978","2178083330","0.18254"
"2178083330","1520854978","0.18254"
"1520854978","2296112963","3.45159"
"2296112963","1520854978","3.45159"
"1520854978","272149921","1.49762"
"272149921","1520854978","1.49762"
"1549351629","156020066","0.830952"
"156020066","1549351629","0.830952"
"1549351629","1571563640","0.0714286"
"1571563640","1549351629","0.0714286"
"1549351629","1968531993","0.154762"
"1968531993","1549351629","0.154762"
"1549351629","2007578801","3.86429"
"2007578801","1549351629","3.86429"
"1549351629","2070626055","0.0714286"
"2070626055","1549351629","0.0714286"
"1549351629","2125776579","0.0714286"
"2125776579","1549351629","0.0714286"
"1549351629","2141088026","0.154762"
"2141088026","1549351629","0.154762"
"1549351629","2161580080","0.0714286"
"2161580080","1549351629","0.0714286"
"1549351629","2178083330","0.0714286"
"2178083330","1549351629","0.0714286"
"1549351629","2296112963","1.03095"
"2296112963","1549351629","1.03095"
"1549351629","272149921","0.830952"
"272149921","1549351629","0.830952"
"156020066","1571563640","0.0714286"
"1571563640","156020066","0.0714286"
"156020066","1968531993","0.404762"
"1968531993","156020066","0.404762"
"156020066","2007578801","1.99762"
"2007578801","156020066","1.99762"
"156020066","2070626055","0.321429"
"2070626055","156020066","0.321429"
"156020066","2125776579","0.321429"
"2125776579","156020066","0.321429"
"156020066","2141088026","0.404762"
"2141088026","156020066","0.404762"
"156020066","2161580080","0.271429"
"2161580080","156020066","0.271429"
"156020066","2178083330","0.0714286"
"2178083330","156020066","0.0714286"
"156020066","2296112963","2.99762"
"2296112963","156020066","2.99762"
"156020066","272149921","1.96429"
"272149921","156020066","1.96429"
"1571563640","1968531993","0.95803"
"1968531993","1571563640","0.95803"
"1571563640","2125776579","0.18254"
"2125776579","1571563640","0.18254"
"1571563640","2141088026","0.95803"
"2141088026","1571563640","0.95803"
"1571563640","2178083330","0.899206"
"2178083330","1571563640","0.899206"
"1571563640","2296112963","0.18254"
"2296112963","1571563640","0.18254"
"1571563640","272149921","0.0714286"
"272149921","1571563640","0.0714286"
"1968531993","2007578801","1.06597"
"2007578801","1968531993","1.06597"
"1968531993","2070626055","2.27708"
"2070626055","1968531993","2.27708"
"1968531993","2125776579","0.718254"
"2125776579","1968531993","0.718254"
"1968531993","2141088026","2.86041"
"2141088026","1968531993","2.86041"
"1968531993","2161580080","0.773109"
"2161580080","1968531993","0.773109"
"1968531993","2178083330","1.31587"
"2178083330","1968531993","1.31587"
"1968531993","2296112963","0.265873"
"2296112963","1968531993","0.265873"
"1968531993","272149921","0.440476"
"272149921","1968531993","0.440476"
"2007578801","2125776579","1"
"2125776579","2007578801","1"
"2007578801","2141088026","1.06597"
"2141088026","2007578801","1.06597"
"2007578801","2178083330","0.438095"
"2178083330","2007578801","0.438095"
"2007578801","2296112963","1.67381"
"2296112963","2007578801","1.67381"
"2007578801","272149921","3.61667"
"272149921","2007578801","3.61667"
"2070626055","2125776579","3.02778"
"2125776579","2070626055","3.02778"
"2070626055","2141088026","0.777077"
"2141088026","2070626055","0.777077"
"2070626055","2178083330","0.18254"
"2178083330","2070626055","0.18254"
"2070626055","2296112963","0.325397"
"2296112963","2070626055","0.325397"
"2070626055","272149921","0.357143"
"272149921","2070626055","0.357143"
"2125776579","2141088026","0.718254"
"2141088026","2125776579","0.718254"
"2125776579","2161580080","1.02381"
"2161580080","2125776579","1.02381"
"2125776579","2178083330","0.18254"
"2178083330","2125776579","0.18254"
"2125776579","2296112963","0.325397"
"2296112963","2125776579","0.325397"
"2125776579","272149921","0.357143"
"272149921","2125776579","0.357143"
"2141088026","2161580080","0.273109"
"2161580080","2141088026","0.273109"
"2141088026","2178083330","1.23254"
"2178083330","2141088026","1.23254"
"2141088026","2296112963","0.265873"
"2296112963","2141088026","0.265873"
"2141088026","272149921","0.440476"
"272149921","2141088026","0.440476"
"2161580080","2178083330","0.0714286"
"2178083330","2161580080","0.0714286"
"2161580080","2296112963","0.214286"
"2296112963","2161580080","0.214286"
"2161580080","272149921","0.214286"
"272149921","2161580080","0.214286"
"2178083330","2296112963","0.18254"
"2296112963","2178083330","0.18254"
