"1603054560","1964376941","0.533333"
"1964376941","1603054560","0.533333"
"1603054560","2165062838","0.533333"
"2165062838","1603054560","0.533333"
"1603054560","2218143625","0.533333"
"2218143625","1603054560","0.533333"
"1964376941","2165062838","11.1556"
"2165062838","1964376941","11.1556"
"1964376941","2218143625","18.6317"
"2218143625","1964376941","18.6317"
"2165062838","2218143625","9.46508"
"2218143625","2165062838","9.46508"
"1603054560","2112128729","2.2"
"2112128729","1603054560","2.2"
"1603054560","2401875400","0.2"
"2401875400","1603054560","0.2"
"1964376941","2112128729","0.2"
"2112128729","1964376941","0.2"
"1964376941","2401875400","11.0206"
"2401875400","1964376941","11.0206"
"2112128729","2165062838","0.2"
"2165062838","2112128729","0.2"
"2112128729","2218143625","0.2"
"2218143625","2112128729","0.2"
"2112128729","2401875400","1.51667"
"2401875400","2112128729","1.51667"
"2165062838","2401875400","13.854"
"2401875400","2165062838","13.854"
"2218143625","2401875400","8.33016"
"2401875400","2218143625","8.33016"
"1772726393","2964163111","20.1"
"2964163111","1772726393","20.1"
"1772726393","2532292902","2.76667"
"2532292902","1772726393","2.76667"
"2532292902","2964163111","4.1"
"2964163111","2532292902","4.1"
"1772726393","1968178015","2.26667"
"1968178015","1772726393","2.26667"
"1772726393","2622781422","1.26667"
"2622781422","1772726393","1.26667"
"1968178015","2532292902","3.93333"
"2532292902","1968178015","3.93333"
"1968178015","2622781422","3.93333"
"2622781422","1968178015","3.93333"
"1968178015","2964163111","3.1"
"2964163111","1968178015","3.1"
"2532292902","2622781422","12.4333"
"2622781422","2532292902","12.4333"
"2622781422","2964163111","2.6"
"2964163111","2622781422","2.6"
"1772726393","2084945437","0.266667"
"2084945437","1772726393","0.266667"
"1772726393","2106011067","0.1"
"2106011067","1772726393","0.1"
"1772726393","2294199357","0.266667"
"2294199357","1772726393","0.266667"
"1772726393","2401875400","0.266667"
"2401875400","1772726393","0.266667"
"1772726393","2480547928","0.1"
"2480547928","1772726393","0.1"
"1772726393","26732533","0.1"
"26732533","1772726393","0.1"
"1968178015","2084945437","0.266667"
"2084945437","1968178015","0.266667"
"1968178015","2106011067","0.377778"
"2106011067","1968178015","0.377778"
"1968178015","2294199357","0.377778"
"2294199357","1968178015","0.377778"
"1968178015","2401875400","1.54444"
"2401875400","1968178015","1.54444"
"1968178015","2480547928","0.377778"
"2480547928","1968178015","0.377778"
"1968178015","26732533","0.377778"
"26732533","1968178015","0.377778"
"2084945437","2106011067","0.986905"
"2106011067","2084945437","0.986905"
"2084945437","2294199357","1.4623"
"2294199357","2084945437","1.4623"
"2084945437","2401875400","2.3369"
"2401875400","2084945437","2.3369"
"2084945437","2480547928","0.875794"
"2480547928","2084945437","0.875794"
"2084945437","2532292902","0.266667"
"2532292902","2084945437","0.266667"
"2084945437","2622781422","0.266667"
"2622781422","2084945437","0.266667"
"2084945437","26732533","2.73849"
"26732533","2084945437","2.73849"
"2084945437","2964163111","0.1"
"2964163111","2084945437","0.1"
"2106011067","2294199357","2.39563"
"2294199357","2106011067","2.39563"
"2106011067","2401875400","5.32024"
"2401875400","2106011067","5.32024"
"2106011067","2480547928","4.82024"
"2480547928","2106011067","4.82024"
"2106011067","2532292902","0.266667"
"2532292902","2106011067","0.266667"
"2106011067","2622781422","0.266667"
"2622781422","2106011067","0.266667"
"2106011067","26732533","4.37183"
"26732533","2106011067","4.37183"
"2106011067","2964163111","0.1"
"2964163111","2106011067","0.1"
"2294199357","2401875400","4.9623"
"2401875400","2294199357","4.9623"
"2294199357","2480547928","1.95119"
"2480547928","2294199357","1.95119"
"2294199357","2532292902","0.266667"
"2532292902","2294199357","0.266667"
"2294199357","2622781422","0.266667"
"2622781422","2294199357","0.266667"
"2294199357","26732533","2.75675"
"26732533","2294199357","2.75675"
"2294199357","2964163111","0.1"
"2964163111","2294199357","0.1"
"2401875400","2480547928","4.70913"
"2480547928","2401875400","4.70913"
"2401875400","2532292902","0.433333"
"2532292902","2401875400","0.433333"
"2401875400","2622781422","0.433333"
"2622781422","2401875400","0.433333"
"2401875400","26732533","7.23849"
"26732533","2401875400","7.23849"
"2401875400","2964163111","0.1"
"2964163111","2401875400","0.1"
"2480547928","2532292902","0.266667"
"2532292902","2480547928","0.266667"
"2480547928","2622781422","0.266667"
"2622781422","2480547928","0.266667"
"2480547928","26732533","3.42738"
"26732533","2480547928","3.42738"
"2480547928","2964163111","0.1"
"2964163111","2480547928","0.1"
"2532292902","26732533","0.266667"
"26732533","2532292902","0.266667"
"2622781422","26732533","0.266667"
"26732533","2622781422","0.266667"
"26732533","2964163111","0.1"
"2964163111","26732533","0.1"
"1772726393","2400346669","0.5"
"2400346669","1772726393","0.5"
"2400346669","2964163111","0.5"
"2964163111","2400346669","0.5"
"1939649909","1977949265","15.6309"
"1977949265","1939649909","15.6309"
"1939649909","2100163223","1.43333"
"2100163223","1939649909","1.43333"
"1939649909","2108510889","2.09756"
"2108510889","1939649909","2.09756"
"1939649909","2111314586","1.19756"
"2111314586","1939649909","1.19756"
"1939649909","2147064097","1.92692"
"2147064097","1939649909","1.92692"
"1977949265","2100163223","3.76667"
"2100163223","1977949265","3.76667"
"1977949265","2108510889","5.79756"
"2108510889","1977949265","5.79756"
"1977949265","2111314586","2.03089"
"2111314586","1977949265","2.03089"
"1977949265","2147064097","2.51026"
"2147064097","1977949265","2.51026"
"2100163223","2108510889","2.18333"
"2108510889","2100163223","2.18333"
"2100163223","2111314586","1.7"
"2111314586","2100163223","1.7"
"2100163223","2147064097","1.01667"
"2147064097","2100163223","1.01667"
"2108510889","2111314586","1.19756"
"2111314586","2108510889","1.19756"
"2108510889","2147064097","0.84359"
"2147064097","2108510889","0.84359"
"2111314586","2147064097","1.02692"
"2147064097","2111314586","1.02692"
"1939649909","2105593697","1.56422"
"2105593697","1939649909","1.56422"
"1977949265","2105593697","2.31422"
"2105593697","1977949265","2.31422"
"1939649909","2032145376","2.92137"
"2032145376","1939649909","2.92137"
"1977949265","2032145376","0.954701"
"2032145376","1977949265","0.954701"
"2032145376","2100163223","0.233333"
"2100163223","2032145376","0.233333"
"2032145376","2108510889","0.621368"
"2108510889","2032145376","0.621368"
"2032145376","2111314586","0.354701"
"2111314586","2032145376","0.354701"
"2032145376","2147064097","10.6436"
"2147064097","2032145376","10.6436"
"1939649909","2059645646","1.34756"
"2059645646","1939649909","1.34756"
"1939649909","2121110504","0.814225"
"2121110504","1939649909","0.814225"
"1939649909","99053925","1.31422"
"99053925","1939649909","1.31422"
"1977949265","2059645646","1.84756"
"2059645646","1977949265","1.84756"
"1977949265","2121110504","1.01422"
"2121110504","1977949265","1.01422"
"1977949265","99053925","1.51422"
"99053925","1977949265","1.51422"
"2059645646","2105593697","1.39756"
"2105593697","2059645646","1.39756"
"2059645646","2108510889","1.98089"
"2108510889","2059645646","1.98089"
"2059645646","2121110504","1.14756"
"2121110504","2059645646","1.14756"
"2059645646","99053925","0.814225"
"99053925","2059645646","0.814225"
"2105593697","2108510889","8.23089"
"2108510889","2105593697","8.23089"
"2105593697","2121110504","3.23089"
"2121110504","2105593697","3.23089"
"2105593697","99053925","3.89756"
"99053925","2105593697","3.89756"
"2108510889","2121110504","5.93089"
"2121110504","2108510889","5.93089"
"2108510889","99053925","8.59756"
"99053925","2108510889","8.59756"
"2121110504","99053925","6.59756"
"99053925","2121110504","6.59756"
"2059645646","2111314586","1.33089"
"2111314586","2059645646","1.33089"
"2105593697","2111314586","0.580891"
"2111314586","2105593697","0.580891"
"2111314586","2121110504","0.580891"
"2121110504","2111314586","0.580891"
"2111314586","99053925","0.580891"
"99053925","2111314586","0.580891"
"1939649909","2084945437","0.510256"
"2084945437","1939649909","0.510256"
"1939649909","2125941728","0.510256"
"2125941728","1939649909","0.510256"
"1939649909","2184608407","0.276923"
"2184608407","1939649909","0.276923"
"1977949265","2084945437","0.34359"
"2084945437","1977949265","0.34359"
"1977949265","2125941728","0.34359"
"2125941728","1977949265","0.34359"
"1977949265","2184608407","0.276923"
"2184608407","1977949265","0.276923"
"2059645646","2084945437","0.34359"
"2084945437","2059645646","0.34359"
"2059645646","2125941728","0.34359"
"2125941728","2059645646","0.34359"
"2059645646","2184608407","0.276923"
"2184608407","2059645646","0.276923"
"2084945437","2125941728","4.03208"
"2125941728","2084945437","4.03208"
"2084945437","2184608407","2.43367"
"2184608407","2084945437","2.43367"
"2125941728","2184608407","2.43367"
"2184608407","2125941728","2.43367"
"1939649909","2011679994","0.416667"
"2011679994","1939649909","0.416667"
"1939649909","2294199357","0.233333"
"2294199357","1939649909","0.233333"
"1939649909","2401875400","0.233333"
"2401875400","1939649909","0.233333"
"2011679994","2032145376","0.166667"
"2032145376","2011679994","0.166667"
"2011679994","2084945437","0.166667"
"2084945437","2011679994","0.166667"
"2011679994","2125941728","0.166667"
"2125941728","2011679994","0.166667"
"2011679994","2294199357","0.166667"
"2294199357","2011679994","0.166667"
"2011679994","2401875400","0.166667"
"2401875400","2011679994","0.166667"
"2032145376","2084945437","0.310256"
"2084945437","2032145376","0.310256"
"2032145376","2125941728","0.310256"
"2125941728","2032145376","0.310256"
"2032145376","2294199357","0.233333"
"2294199357","2032145376","0.233333"
"2032145376","2401875400","0.733333"
"2401875400","2032145376","0.733333"
"2125941728","2294199357","1.30675"
"2294199357","2125941728","1.30675"
"2125941728","2401875400","1.33849"
"2401875400","2125941728","1.33849"
"1939649909","2144661390","0.25"
"2144661390","1939649909","0.25"
"2011679994","2059645646","0.25"
"2059645646","2011679994","0.25"
"2011679994","2105593697","0.75"
"2105593697","2011679994","0.75"
"2011679994","2144661390","30.45"
"2144661390","2011679994","30.45"
"2059645646","2144661390","1.25"
"2144661390","2059645646","1.25"
"2105593697","2144661390","0.75"
"2144661390","2105593697","0.75"
"1939649909","2112128729","0.254701"
"2112128729","1939649909","0.254701"
"1977949265","2112128729","0.954701"
"2112128729","1977949265","0.954701"
"2032145376","2059645646","0.254701"
"2059645646","2032145376","0.254701"
"2032145376","2105593697","0.254701"
"2105593697","2032145376","0.254701"
"2032145376","2112128729","1.4547"
"2112128729","2032145376","1.4547"
"2032145376","2121110504","0.454701"
"2121110504","2032145376","0.454701"
"2032145376","99053925","0.454701"
"99053925","2032145376","0.454701"
"2059645646","2112128729","1.2547"
"2112128729","2059645646","1.2547"
"2105593697","2112128729","0.254701"
"2112128729","2105593697","0.254701"
"2108510889","2112128729","1.9547"
"2112128729","2108510889","1.9547"
"2111314586","2112128729","0.188034"
"2112128729","2111314586","0.188034"
"2112128729","2121110504","0.454701"
"2121110504","2112128729","0.454701"
"2112128729","99053925","0.454701"
"99053925","2112128729","0.454701"
"1939649909","2165542331","0.0666667"
"2165542331","1939649909","0.0666667"
"1977949265","2165542331","0.0666667"
"2165542331","1977949265","0.0666667"
"1977949265","2294199357","0.316667"
"2294199357","1977949265","0.316667"
"1977949265","2401875400","1.31667"
"2401875400","1977949265","1.31667"
"2032145376","2165542331","0.0666667"
"2165542331","2032145376","0.0666667"
"2059645646","2100163223","0.0666667"
"2100163223","2059645646","0.0666667"
"2059645646","2147064097","0.39359"
"2147064097","2059645646","0.39359"
"2059645646","2165542331","0.0666667"
"2165542331","2059645646","0.0666667"
"2059645646","2294199357","0.316667"
"2294199357","2059645646","0.316667"
"2059645646","2401875400","0.316667"
"2401875400","2059645646","0.316667"
"2084945437","2100163223","0.4"
"2100163223","2084945437","0.4"
"2084945437","2105593697","0.14359"
"2105593697","2084945437","0.14359"
"2084945437","2108510889","0.14359"
"2108510889","2084945437","0.14359"
"2084945437","2112128729","0.14359"
"2112128729","2084945437","0.14359"
"2084945437","2121110504","0.14359"
"2121110504","2084945437","0.14359"
"2084945437","2147064097","0.14359"
"2147064097","2084945437","0.14359"
"2084945437","2165542331","1.92183"
"2165542331","2084945437","1.92183"
"2084945437","99053925","0.14359"
"99053925","2084945437","0.14359"
"2100163223","2105593697","0.0666667"
"2105593697","2100163223","0.0666667"
"2100163223","2112128729","0.0666667"
"2112128729","2100163223","0.0666667"
"2100163223","2121110504","0.0666667"
"2121110504","2100163223","0.0666667"
"2100163223","2125941728","0.4"
"2125941728","2100163223","0.4"
"2100163223","2165542331","0.0666667"
"2165542331","2100163223","0.0666667"
"2100163223","2294199357","0.0666667"
"2294199357","2100163223","0.0666667"
"2100163223","2401875400","0.0666667"
"2401875400","2100163223","0.0666667"
"2100163223","99053925","0.0666667"
"99053925","2100163223","0.0666667"
"2105593697","2125941728","0.14359"
"2125941728","2105593697","0.14359"
"2105593697","2147064097","0.14359"
"2147064097","2105593697","0.14359"
"2105593697","2165542331","0.0666667"
"2165542331","2105593697","0.0666667"
"2105593697","2294199357","0.0666667"
"2294199357","2105593697","0.0666667"
"2105593697","2401875400","0.0666667"
"2401875400","2105593697","0.0666667"
"2108510889","2125941728","0.14359"
"2125941728","2108510889","0.14359"
"2108510889","2165542331","0.0666667"
"2165542331","2108510889","0.0666667"
"2108510889","2294199357","0.0666667"
"2294199357","2108510889","0.0666667"
"2108510889","2401875400","0.0666667"
"2401875400","2108510889","0.0666667"
"2112128729","2125941728","0.14359"
"2125941728","2112128729","0.14359"
"2112128729","2147064097","0.14359"
"2147064097","2112128729","0.14359"
"2112128729","2165542331","0.316667"
"2165542331","2112128729","0.316667"
"2112128729","2294199357","1.31667"
"2294199357","2112128729","1.31667"
"2121110504","2125941728","0.14359"
"2125941728","2121110504","0.14359"
"2121110504","2147064097","0.14359"
"2147064097","2121110504","0.14359"
"2121110504","2165542331","0.0666667"
"2165542331","2121110504","0.0666667"
"2121110504","2294199357","0.0666667"
"2294199357","2121110504","0.0666667"
"2121110504","2401875400","0.0666667"
"2401875400","2121110504","0.0666667"
"2125941728","2147064097","0.14359"
"2147064097","2125941728","0.14359"
"2125941728","2165542331","1.89008"
"2165542331","2125941728","1.89008"
"2125941728","99053925","0.14359"
"99053925","2125941728","0.14359"
"2147064097","2165542331","0.0666667"
"2165542331","2147064097","0.0666667"
"2147064097","2294199357","0.316667"
"2294199357","2147064097","0.316667"
"2147064097","2401875400","0.316667"
"2401875400","2147064097","0.316667"
"2147064097","99053925","0.14359"
"99053925","2147064097","0.14359"
"2165542331","2294199357","3.24722"
"2294199357","2165542331","3.24722"
"2165542331","2401875400","7.70516"
"2401875400","2165542331","7.70516"
"2165542331","99053925","0.0666667"
"99053925","2165542331","0.0666667"
"2294199357","99053925","0.316667"
"99053925","2294199357","0.316667"
"2401875400","99053925","0.0666667"
"99053925","2401875400","0.0666667"
"2032145376","2184608407","0.0769231"
"2184608407","2032145376","0.0769231"
"2084945437","2111314586","0.0769231"
"2111314586","2084945437","0.0769231"
"2105593697","2184608407","0.0769231"
"2184608407","2105593697","0.0769231"
"2108510889","2184608407","0.0769231"
"2184608407","2108510889","0.0769231"
"2111314586","2125941728","0.0769231"
"2125941728","2111314586","0.0769231"
"2111314586","2184608407","0.0769231"
"2184608407","2111314586","0.0769231"
"2112128729","2184608407","0.0769231"
"2184608407","2112128729","0.0769231"
"2121110504","2184608407","0.0769231"
"2184608407","2121110504","0.0769231"
"2147064097","2184608407","0.0769231"
"2184608407","2147064097","0.0769231"
"2184608407","99053925","0.0769231"
"99053925","2184608407","0.0769231"
"1964376941","2084945437","1.0373"
"2084945437","1964376941","1.0373"
"1964376941","2106011067","0.753968"
"2106011067","1964376941","0.753968"
"1964376941","2125941728","0.698413"
"2125941728","1964376941","0.698413"
"1964376941","2165542331","3.23175"
"2165542331","1964376941","3.23175"
"1964376941","2480547928","0.642857"
"2480547928","1964376941","0.642857"
"2084945437","2218143625","1.18016"
"2218143625","2084945437","1.18016"
"2106011067","2125941728","0.855159"
"2125941728","2106011067","0.855159"
"2106011067","2165542331","1.60516"
"2165542331","2106011067","1.60516"
"2106011067","2218143625","0.896825"
"2218143625","2106011067","0.896825"
"2125941728","2218143625","0.698413"
"2218143625","2125941728","0.698413"
"2125941728","2480547928","0.744048"
"2480547928","2125941728","0.744048"
"2165542331","2218143625","2.3746"
"2218143625","2165542331","2.3746"
"2165542331","2480547928","1.16071"
"2480547928","2165542331","1.16071"
"2218143625","2480547928","0.785714"
"2480547928","2218143625","0.785714"
"1964376941","2103733531","1.45"
"2103733531","1964376941","1.45"
"2103733531","2165062838","2.45"
"2165062838","2103733531","2.45"
"2103733531","2218143625","1.45"
"2218143625","2103733531","1.45"
"2103733531","2401875400","2.2"
"2401875400","2103733531","2.2"
"2103733531","2165542331","0.45"
"2165542331","2103733531","0.45"
"2165062838","2165542331","1.06508"
"2165542331","2165062838","1.06508"
"1964376941","2294199357","0.722222"
"2294199357","1964376941","0.722222"
"1964376941","26732533","1.00556"
"26732533","1964376941","1.00556"
"2084945437","2165062838","0.815079"
"2165062838","2084945437","0.815079"
"2106011067","2165062838","0.253968"
"2165062838","2106011067","0.253968"
"2125941728","2165062838","0.222222"
"2165062838","2125941728","0.222222"
"2125941728","26732533","1.65675"
"26732533","2125941728","1.65675"
"2165062838","2294199357","0.222222"
"2294199357","2165062838","0.222222"
"2165062838","2480547928","0.253968"
"2480547928","2165062838","0.253968"
"2165062838","26732533","0.815079"
"26732533","2165062838","0.815079"
"2165542331","26732533","3.90675"
"26732533","2165542331","3.90675"
"2218143625","2294199357","0.722222"
"2294199357","2218143625","0.722222"
"2218143625","26732533","1.14841"
"26732533","2218143625","1.14841"
"1964376941","2184608407","0.222222"
"2184608407","1964376941","0.222222"
"2165062838","2184608407","0.111111"
"2184608407","2165062838","0.111111"
"2165542331","2184608407","0.347222"
"2184608407","2165542331","0.347222"
"2184608407","2218143625","0.222222"
"2218143625","2184608407","0.222222"
"2184608407","2294199357","0.490079"
"2294199357","2184608407","0.490079"
"2184608407","2401875400","0.490079"
"2401875400","2184608407","0.490079"
"2184608407","26732533","0.823413"
"26732533","2184608407","0.823413"
"1964376941","2036787492","0.25"
"2036787492","1964376941","0.25"
"2036787492","2165062838","0.25"
"2165062838","2036787492","0.25"
"2036787492","2218143625","0.25"
"2218143625","2036787492","0.25"
"2036787492","2401875400","0.25"
"2401875400","2036787492","0.25"
"2106011067","2184608407","0.378968"
"2184608407","2106011067","0.378968"
"1964376941","1968178015","0.111111"
"1968178015","1964376941","0.111111"
"1968178015","2125941728","0.111111"
"2125941728","1968178015","0.111111"
"1968178015","2165542331","0.111111"
"2165542331","1968178015","0.111111"
"1968178015","2218143625","0.111111"
"2218143625","1968178015","0.111111"
"1964376941","2144990395","0.333333"
"2144990395","1964376941","0.333333"
"2144990395","2165062838","0.333333"
"2165062838","2144990395","0.333333"
"2144990395","2401875400","0.333333"
"2401875400","2144990395","0.333333"
"1977949265","2022950967","0.5"
"2022950967","1977949265","0.5"
"1977949265","2049120089","1.5"
"2049120089","1977949265","1.5"
"2022950967","2049120089","10.0333"
"2049120089","2022950967","10.0333"
"2011679994","2020242055","0.2"
"2020242055","2011679994","0.2"
"2011679994","2049120089","0.2"
"2049120089","2011679994","0.2"
"2011679994","2120412255","0.2"
"2120412255","2011679994","0.2"
"2011679994","2129875280","0.2"
"2129875280","2011679994","0.2"
"2020242055","2049120089","8.4"
"2049120089","2020242055","8.4"
"2020242055","2120412255","24.0667"
"2120412255","2020242055","24.0667"
"2020242055","2129875280","9.06667"
"2129875280","2020242055","9.06667"
"2020242055","2144661390","0.2"
"2144661390","2020242055","0.2"
"2049120089","2120412255","7.9"
"2120412255","2049120089","7.9"
"2049120089","2129875280","5.73333"
"2129875280","2049120089","5.73333"
"2049120089","2144661390","0.2"
"2144661390","2049120089","0.2"
"2120412255","2129875280","8.56667"
"2129875280","2120412255","8.56667"
"2120412255","2144661390","0.2"
"2144661390","2120412255","0.2"
"2129875280","2144661390","0.2"
"2144661390","2129875280","0.2"
"2011679994","2112128729","0.5"
"2112128729","2011679994","0.5"
"2112128729","2144661390","0.5"
"2144661390","2112128729","0.5"
"2020242055","2022950967","0.866667"
"2022950967","2020242055","0.866667"
"2022950967","2120412255","0.866667"
"2120412255","2022950967","0.866667"
"2022950967","2129875280","2.7"
"2129875280","2022950967","2.7"
"2020242055","2400346669","0.2"
"2400346669","2020242055","0.2"
"2022950967","2400346669","0.7"
"2400346669","2022950967","0.7"
"2049120089","2400346669","0.7"
"2400346669","2049120089","0.7"
"2120412255","2400346669","0.2"
"2400346669","2120412255","0.2"
"2129875280","2400346669","0.2"
"2400346669","2129875280","0.2"
"2022950967","2144990395","7.83333"
"2144990395","2022950967","7.83333"
"2049120089","2144990395","5.33333"
"2144990395","2049120089","5.33333"
"2129875280","2144990395","0.833333"
"2144990395","2129875280","0.833333"
"2022950967","2119788913","0.5"
"2119788913","2022950967","0.5"
"2049120089","2119788913","1"
"2119788913","2049120089","1"
"2032145376","26732533","0.5"
"26732533","2032145376","0.5"
"2032145376","2144661390","1"
"2144661390","2032145376","1"
"2036787492","2126547925","22"
"2126547925","2036787492","22"
"2036787492","2103733531","1"
"2103733531","2036787492","1"
"2119788913","2129875280","0.5"
"2129875280","2119788913","0.5"
"2184608407","2480547928","0.267857"
"2480547928","2184608407","0.267857"
"2100163223","2184608407","0.333333"
"2184608407","2100163223","0.333333"
"2103733531","2125402103","0.5"
"2125402103","2103733531","0.5"
"2103733531","2171688288","0.5"
"2171688288","2103733531","0.5"
"2125402103","2171688288","24.5"
"2171688288","2125402103","24.5"
"2106011067","99053925","0.25"
"99053925","2106011067","0.25"
"2480547928","99053925","0.25"
"99053925","2480547928","0.25"
"26732533","99053925","0.25"
"99053925","26732533","0.25"
"2112128729","26732533","0.25"
"26732533","2112128729","0.25"
"2400346669","2532292902","1"
"2532292902","2400346669","1"
