"1530858411","1821692587","0.104278"
"1821692587","1530858411","0.104278"
"1530858411","1997853995","0.0588235"
"1997853995","1530858411","0.0588235"
"1530858411","2057835785","0.104278"
"2057835785","1530858411","0.104278"
"1530858411","2068966611","0.195187"
"2068966611","1530858411","0.195187"
"1530858411","2092577038","0.104278"
"2092577038","1530858411","0.104278"
"1530858411","2127069165","0.149733"
"2127069165","1530858411","0.149733"
"1530858411","2145331246","0.0588235"
"2145331246","1530858411","0.0588235"
"1530858411","2278422430","0.104278"
"2278422430","1530858411","0.104278"
"1530858411","2518166949","0.104278"
"2518166949","1530858411","0.104278"
"1530858411","2739486908","0.0588235"
"2739486908","1530858411","0.0588235"
"1530858411","2883389483","0.0588235"
"2883389483","1530858411","0.0588235"
"1530858411","2911114719","0.0588235"
"2911114719","1530858411","0.0588235"
"1530858411","2912032563","0.104278"
"2912032563","1530858411","0.104278"
"1530858411","2915632761","0.0588235"
"2915632761","1530858411","0.0588235"
"1530858411","2916857260","0.104278"
"2916857260","1530858411","0.104278"
"1530858411","2921853712","0.0588235"
"2921853712","1530858411","0.0588235"
"1530858411","2963624503","0.0588235"
"2963624503","1530858411","0.0588235"
"1821692587","1997853995","0.0588235"
"1997853995","1821692587","0.0588235"
"1821692587","2057835785","0.170945"
"2057835785","1821692587","0.170945"
"1821692587","2068966611","0.181201"
"2068966611","1821692587","0.181201"
"1821692587","2092577038","1.19256"
"2092577038","1821692587","1.19256"
"1821692587","2127069165","0.486854"
"2127069165","1821692587","0.486854"
"1821692587","2145331246","0.104278"
"2145331246","1821692587","0.104278"
"1821692587","2278422430","1.58969"
"2278422430","1821692587","1.58969"
"1821692587","2518166949","0.644488"
"2518166949","1821692587","0.644488"
"1821692587","2739486908","0.181201"
"2739486908","1821692587","0.181201"
"1821692587","2883389483","0.135747"
"2883389483","1821692587","0.135747"
"1821692587","2911114719","1.26924"
"2911114719","1821692587","1.26924"
"1821692587","2912032563","0.181201"
"2912032563","1821692587","0.181201"
"1821692587","2915632761","1.26924"
"2915632761","1821692587","1.26924"
"1821692587","2916857260","1.52302"
"2916857260","1821692587","1.52302"
"1821692587","2921853712","0.392312"
"2921853712","1821692587","0.392312"
"1821692587","2963624503","0.135747"
"2963624503","1821692587","0.135747"
"1997853995","2057835785","0.0588235"
"2057835785","1997853995","0.0588235"
"1997853995","2068966611","0.0588235"
"2068966611","1997853995","0.0588235"
"1997853995","2092577038","0.0588235"
"2092577038","1997853995","0.0588235"
"1997853995","2127069165","0.0588235"
"2127069165","1997853995","0.0588235"
"1997853995","2145331246","0.0588235"
"2145331246","1997853995","0.0588235"
"1997853995","2278422430","0.0588235"
"2278422430","1997853995","0.0588235"
"1997853995","2518166949","0.0588235"
"2518166949","1997853995","0.0588235"
"1997853995","2739486908","0.0588235"
"2739486908","1997853995","0.0588235"
"1997853995","2883389483","0.0588235"
"2883389483","1997853995","0.0588235"
"1997853995","2911114719","0.0588235"
"2911114719","1997853995","0.0588235"
"1997853995","2912032563","0.0588235"
"2912032563","1997853995","0.0588235"
"1997853995","2915632761","0.0588235"
"2915632761","1997853995","0.0588235"
"1997853995","2916857260","0.0588235"
"2916857260","1997853995","0.0588235"
"1997853995","2921853712","1.55882"
"2921853712","1997853995","1.55882"
"1997853995","2963624503","0.0588235"
"2963624503","1997853995","0.0588235"
"2057835785","2068966611","0.104278"
"2068966611","2057835785","0.104278"
"2057835785","2092577038","0.170945"
"2092577038","2057835785","0.170945"
"2057835785","2127069165","0.12549"
"2127069165","2057835785","0.12549"
"2057835785","2145331246","0.0588235"
"2145331246","2057835785","0.0588235"
"2057835785","2278422430","0.170945"
"2278422430","2057835785","0.170945"
"2057835785","2518166949","0.170945"
"2518166949","2057835785","0.170945"
"2057835785","2739486908","0.0588235"
"2739486908","2057835785","0.0588235"
"2057835785","2883389483","0.0588235"
"2883389483","2057835785","0.0588235"
"2057835785","2911114719","0.0588235"
"2911114719","2057835785","0.0588235"
"2057835785","2912032563","0.104278"
"2912032563","2057835785","0.104278"
"2057835785","2915632761","0.0588235"
"2915632761","2057835785","0.0588235"
"2057835785","2916857260","0.104278"
"2916857260","2057835785","0.104278"
"2057835785","2921853712","0.0588235"
"2921853712","2057835785","0.0588235"
"2057835785","2963624503","0.0588235"
"2963624503","2057835785","0.0588235"
"2068966611","2092577038","0.181201"
"2092577038","2068966611","0.181201"
"2068966611","2127069165","1.14973"
"2127069165","2068966611","1.14973"
"2068966611","2145331246","0.0588235"
"2145331246","2068966611","0.0588235"
"2068966611","2278422430","0.514534"
"2278422430","2068966611","0.514534"
"2068966611","2518166949","0.181201"
"2518166949","2068966611","0.181201"
"2068966611","2739486908","0.0588235"
"2739486908","2068966611","0.0588235"
"2068966611","2883389483","0.0588235"
"2883389483","2068966611","0.0588235"
"2068966611","2911114719","0.135747"
"2911114719","2068966611","0.135747"
"2068966611","2912032563","0.104278"
"2912032563","2068966611","0.104278"
"2068966611","2915632761","0.135747"
"2915632761","2068966611","0.135747"
"2068966611","2916857260","0.514534"
"2916857260","2068966611","0.514534"
"2068966611","2921853712","0.0588235"
"2921853712","2068966611","0.0588235"
"2068966611","2963624503","0.0588235"
"2963624503","2068966611","0.0588235"
"2092577038","2127069165","0.920187"
"2127069165","2092577038","0.920187"
"2092577038","2145331246","0.104278"
"2145331246","2092577038","0.104278"
"2092577038","2278422430","1.30166"
"2278422430","2092577038","1.30166"
"2092577038","2518166949","0.667565"
"2518166949","2092577038","0.667565"
"2092577038","2739486908","0.104278"
"2739486908","2092577038","0.104278"
"2092577038","2883389483","0.0588235"
"2883389483","2092577038","0.0588235"
"2092577038","2911114719","0.781201"
"2911114719","2092577038","0.781201"
"2092577038","2912032563","0.104278"
"2912032563","2092577038","0.104278"
"2092577038","2915632761","0.781201"
"2915632761","2092577038","0.781201"
"2092577038","2916857260","1.23499"
"2916857260","2092577038","1.23499"
"2092577038","2921853712","0.437611"
"2921853712","2092577038","0.437611"
"2092577038","2963624503","0.0588235"
"2963624503","2092577038","0.0588235"
"2127069165","2145331246","0.104278"
"2145331246","2127069165","0.104278"
"2127069165","2278422430","0.595945"
"2278422430","2127069165","0.595945"
"2127069165","2518166949","0.561854"
"2518166949","2127069165","0.561854"
"2127069165","2739486908","0.104278"
"2739486908","2127069165","0.104278"
"2127069165","2883389483","0.0588235"
"2883389483","2127069165","0.0588235"
"2127069165","2911114719","0.204278"
"2911114719","2127069165","0.204278"
"2127069165","2912032563","0.0588235"
"2912032563","2127069165","0.0588235"
"2127069165","2915632761","0.204278"
"2915632761","2127069165","0.204278"
"2127069165","2916857260","0.529278"
"2916857260","2127069165","0.529278"
"2127069165","2921853712","0.537611"
"2921853712","2127069165","0.537611"
"2127069165","2963624503","0.0588235"
"2963624503","2127069165","0.0588235"
"2145331246","2278422430","0.104278"
"2278422430","2145331246","0.104278"
"2145331246","2518166949","0.104278"
"2518166949","2145331246","0.104278"
"2145331246","2739486908","0.104278"
"2739486908","2145331246","0.104278"
"2145331246","2883389483","0.0588235"
"2883389483","2145331246","0.0588235"
"2145331246","2911114719","0.104278"
"2911114719","2145331246","0.104278"
"2145331246","2912032563","0.0588235"
"2912032563","2145331246","0.0588235"
"2145331246","2915632761","0.104278"
"2915632761","2145331246","0.104278"
"2145331246","2916857260","0.104278"
"2916857260","2145331246","0.104278"
"2145331246","2921853712","0.104278"
"2921853712","2145331246","0.104278"
"2145331246","2963624503","0.0588235"
"2963624503","2145331246","0.0588235"
"2278422430","2518166949","1.61115"
"2518166949","2278422430","1.61115"
"2278422430","2739486908","0.27211"
"2739486908","2278422430","0.27211"
"2278422430","2883389483","0.226656"
"2883389483","2278422430","0.226656"
"2278422430","2911114719","2.58514"
"2911114719","2278422430","2.58514"
"2278422430","2912032563","0.181201"
"2912032563","2278422430","0.181201"
"2278422430","2915632761","2.58514"
"2915632761","2278422430","2.58514"
"2278422430","2916857260","15.7056"
"2916857260","2278422430","15.7056"
"2278422430","2921853712","0.999888"
"2921853712","2278422430","0.999888"
"2278422430","2963624503","0.226656"
"2963624503","2278422430","0.226656"
"2518166949","2739486908","0.27211"
"2739486908","2518166949","0.27211"
"2518166949","2883389483","0.226656"
"2883389483","2518166949","0.226656"
"2518166949","2911114719","0.9657"
"2911114719","2518166949","0.9657"
"2518166949","2912032563","0.181201"
"2912032563","2518166949","0.181201"
"2518166949","2915632761","0.9657"
"2915632761","2518166949","0.9657"
"2518166949","2916857260","1.54449"
"2916857260","2518166949","1.54449"
"2518166949","2921853712","0.638777"
"2921853712","2518166949","0.638777"
"2518166949","2963624503","0.226656"
"2963624503","2518166949","0.226656"
"2739486908","2883389483","0.226656"
"2883389483","2739486908","0.226656"
"2739486908","2911114719","0.855444"
"2911114719","2739486908","0.855444"
"2739486908","2912032563","0.135747"
"2912032563","2739486908","0.135747"
"2739486908","2915632761","0.855444"
"2915632761","2739486908","0.855444"
"2739486908","2916857260","0.52211"
"2916857260","2739486908","0.52211"
"2739486908","2921853712","1.27211"
"2921853712","2739486908","1.27211"
"2739486908","2963624503","0.226656"
"2963624503","2739486908","0.226656"
"2883389483","2911114719","0.226656"
"2911114719","2883389483","0.226656"
"2883389483","2912032563","0.135747"
"2912032563","2883389483","0.135747"
"2883389483","2915632761","0.226656"
"2915632761","2883389483","0.226656"
"2883389483","2916857260","0.226656"
"2916857260","2883389483","0.226656"
"2883389483","2921853712","0.226656"
"2921853712","2883389483","0.226656"
"2883389483","2963624503","2.22666"
"2963624503","2883389483","2.22666"
"2911114719","2912032563","0.885747"
"2912032563","2911114719","0.885747"
"2911114719","2915632761","5.25181"
"2915632761","2911114719","5.25181"
"2911114719","2916857260","3.91848"
"2916857260","2911114719","3.91848"
"2911114719","2921853712","4.49989"
"2921853712","2911114719","4.49989"
"2911114719","2963624503","0.226656"
"2963624503","2911114719","0.226656"
"2912032563","2915632761","0.885747"
"2915632761","2912032563","0.885747"
"2912032563","2916857260","0.431201"
"2916857260","2912032563","0.431201"
"2912032563","2921853712","0.135747"
"2921853712","2912032563","0.135747"
"2912032563","2963624503","0.135747"
"2963624503","2912032563","0.135747"
"2915632761","2916857260","3.91848"
"2916857260","2915632761","3.91848"
"2915632761","2921853712","1.49989"
"2921853712","2915632761","1.49989"
"2915632761","2963624503","0.226656"
"2963624503","2915632761","0.226656"
"2916857260","2921853712","0.999888"
"2921853712","2916857260","0.999888"
"2916857260","2963624503","0.226656"
"2963624503","2916857260","0.226656"
"2921853712","2963624503","1.22666"
"2963624503","2921853712","1.22666"
"1530858411","1965043778","0.0909091"
"1965043778","1530858411","0.0909091"
"1530858411","1994715440","0.136364"
"1994715440","1530858411","0.136364"
"1530858411","2004338677","0.0909091"
"2004338677","1530858411","0.0909091"
"1530858411","2097421050","0.0909091"
"2097421050","1530858411","0.0909091"
"1530858411","2104537415","0.0909091"
"2104537415","1530858411","0.0909091"
"1530858411","2120675233","0.136364"
"2120675233","1530858411","0.136364"
"1530858411","2336275496","0.0909091"
"2336275496","1530858411","0.0909091"
"1530858411","2383800869","0.136364"
"2383800869","1530858411","0.136364"
"1530858411","2510636540","0.136364"
"2510636540","1530858411","0.136364"
"1965043778","1994715440","0.0909091"
"1994715440","1965043778","0.0909091"
"1965043778","2004338677","0.0909091"
"2004338677","1965043778","0.0909091"
"1965043778","2068966611","0.0909091"
"2068966611","1965043778","0.0909091"
"1965043778","2097421050","0.649242"
"2097421050","1965043778","0.649242"
"1965043778","2104537415","0.649242"
"2104537415","1965043778","0.649242"
"1965043778","2120675233","0.0909091"
"2120675233","1965043778","0.0909091"
"1965043778","2127069165","5.25758"
"2127069165","1965043778","5.25758"
"1965043778","2336275496","0.590909"
"2336275496","1965043778","0.590909"
"1965043778","2383800869","0.0909091"
"2383800869","1965043778","0.0909091"
"1965043778","2510636540","0.0909091"
"2510636540","1965043778","0.0909091"
"1994715440","2004338677","0.0909091"
"2004338677","1994715440","0.0909091"
"1994715440","2068966611","0.469697"
"2068966611","1994715440","0.469697"
"1994715440","2097421050","0.0909091"
"2097421050","1994715440","0.0909091"
"1994715440","2104537415","0.0909091"
"2104537415","1994715440","0.0909091"
"1994715440","2120675233","0.136364"
"2120675233","1994715440","0.136364"
"1994715440","2127069165","0.0909091"
"2127069165","1994715440","0.0909091"
"1994715440","2336275496","0.424242"
"2336275496","1994715440","0.424242"
"1994715440","2383800869","0.136364"
"2383800869","1994715440","0.136364"
"1994715440","2510636540","0.636364"
"2510636540","1994715440","0.636364"
"2004338677","2068966611","0.0909091"
"2068966611","2004338677","0.0909091"
"2004338677","2097421050","0.181818"
"2097421050","2004338677","0.181818"
"2004338677","2104537415","0.181818"
"2104537415","2004338677","0.181818"
"2004338677","2120675233","0.0909091"
"2120675233","2004338677","0.0909091"
"2004338677","2127069165","0.581818"
"2127069165","2004338677","0.581818"
"2004338677","2336275496","0.0909091"
"2336275496","2004338677","0.0909091"
"2004338677","2383800869","0.0909091"
"2383800869","2004338677","0.0909091"
"2004338677","2510636540","0.0909091"
"2510636540","2004338677","0.0909091"
"2068966611","2097421050","0.167832"
"2097421050","2068966611","0.167832"
"2068966611","2104537415","0.0909091"
"2104537415","2068966611","0.0909091"
"2068966611","2120675233","0.136364"
"2120675233","2068966611","0.136364"
"2068966611","2336275496","0.424242"
"2336275496","2068966611","0.424242"
"2068966611","2383800869","0.136364"
"2383800869","2068966611","0.136364"
"2068966611","2510636540","0.136364"
"2510636540","2068966611","0.136364"
"2097421050","2104537415","4.28561"
"2104537415","2097421050","4.28561"
"2097421050","2120675233","0.136364"
"2120675233","2097421050","0.136364"
"2097421050","2127069165","0.685606"
"2127069165","2097421050","0.685606"
"2097421050","2336275496","0.0909091"
"2336275496","2097421050","0.0909091"
"2097421050","2383800869","0.0909091"
"2383800869","2097421050","0.0909091"
"2097421050","2510636540","0.0909091"
"2510636540","2097421050","0.0909091"
"2104537415","2120675233","0.136364"
"2120675233","2104537415","0.136364"
"2104537415","2127069165","0.560606"
"2127069165","2104537415","0.560606"
"2104537415","2336275496","0.0909091"
"2336275496","2104537415","0.0909091"
"2104537415","2383800869","0.0909091"
"2383800869","2104537415","0.0909091"
"2104537415","2510636540","0.0909091"
"2510636540","2104537415","0.0909091"
"2120675233","2127069165","0.136364"
"2127069165","2120675233","0.136364"
"2120675233","2336275496","0.0909091"
"2336275496","2120675233","0.0909091"
"2120675233","2383800869","0.136364"
"2383800869","2120675233","0.136364"
"2120675233","2510636540","0.136364"
"2510636540","2120675233","0.136364"
"2127069165","2336275496","0.590909"
"2336275496","2127069165","0.590909"
"2127069165","2383800869","0.424242"
"2383800869","2127069165","0.424242"
"2127069165","2510636540","0.0909091"
"2510636540","2127069165","0.0909091"
"2336275496","2383800869","0.0909091"
"2383800869","2336275496","0.0909091"
"2336275496","2510636540","0.174242"
"2510636540","2336275496","0.174242"
"2383800869","2510636540","0.136364"
"2510636540","2383800869","0.136364"
"1530858411","1800460040","1.04545"
"1800460040","1530858411","1.04545"
"1530858411","2044655473","0.545455"
"2044655473","1530858411","0.545455"
"1800460040","2044655473","0.695455"
"2044655473","1800460040","0.695455"
"1530858411","2142332504","0.545455"
"2142332504","1530858411","0.545455"
"1800460040","2142332504","1.54545"
"2142332504","1800460040","1.54545"
"1530858411","1982358968","0.0454545"
"1982358968","1530858411","0.0454545"
"1530858411","1983745035","0.0454545"
"1983745035","1530858411","0.0454545"
"1530858411","2118705596","0.0454545"
"2118705596","1530858411","0.0454545"
"1530858411","2145102078","0.0454545"
"2145102078","1530858411","0.0454545"
"1530858411","2807923659","0.0454545"
"2807923659","1530858411","0.0454545"
"1530858411","2956362216","0.0454545"
"2956362216","1530858411","0.0454545"
"1530858411","3011480953","0.0454545"
"3011480953","1530858411","0.0454545"
"1800460040","1821692587","0.240909"
"1821692587","1800460040","0.240909"
"1800460040","1982358968","0.157576"
"1982358968","1800460040","0.157576"
"1800460040","1983745035","0.240909"
"1983745035","1800460040","0.240909"
"1800460040","1994715440","0.0454545"
"1994715440","1800460040","0.0454545"
"1800460040","2057835785","0.112121"
"2057835785","1800460040","0.112121"
"1800460040","2068966611","0.0454545"
"2068966611","1800460040","0.0454545"
"1800460040","2092577038","0.240909"
"2092577038","1800460040","0.240909"
"1800460040","2118705596","0.157576"
"2118705596","1800460040","0.157576"
"1800460040","2120675233","2.09091"
"2120675233","1800460040","2.09091"
"1800460040","2145102078","0.174242"
"2145102078","1800460040","0.174242"
"1800460040","2278422430","0.240909"
"2278422430","1800460040","0.240909"
"1800460040","2383800869","0.0454545"
"2383800869","1800460040","0.0454545"
"1800460040","2510636540","0.128788"
"2510636540","1800460040","0.128788"
"1800460040","2518166949","0.240909"
"2518166949","1800460040","0.240909"
"1800460040","2807923659","0.240909"
"2807923659","1800460040","0.240909"
"1800460040","2912032563","0.0454545"
"2912032563","1800460040","0.0454545"
"1800460040","2916857260","0.174242"
"2916857260","1800460040","0.174242"
"1800460040","2956362216","0.0454545"
"2956362216","1800460040","0.0454545"
"1800460040","3011480953","0.0909091"
"3011480953","1800460040","0.0909091"
"1821692587","1982358968","0.234499"
"1982358968","1821692587","0.234499"
"1821692587","1983745035","0.240909"
"1983745035","1821692587","0.240909"
"1821692587","1994715440","0.0454545"
"1994715440","1821692587","0.0454545"
"1821692587","2044655473","0.488287"
"2044655473","1821692587","0.488287"
"1821692587","2118705596","0.359499"
"2118705596","1821692587","0.359499"
"1821692587","2120675233","0.0909091"
"2120675233","1821692587","0.0909091"
"1821692587","2142332504","0.336364"
"2142332504","1821692587","0.336364"
"1821692587","2145102078","0.553186"
"2145102078","1821692587","0.553186"
"1821692587","2383800869","0.0454545"
"2383800869","1821692587","0.0454545"
"1821692587","2510636540","0.128788"
"2510636540","1821692587","0.128788"
"1821692587","2807923659","0.431818"
"2807923659","1821692587","0.431818"
"1821692587","2956362216","0.358489"
"2956362216","1821692587","0.358489"
"1821692587","3011480953","0.20202"
"3011480953","1821692587","0.20202"
"1982358968","1983745035","0.157576"
"1983745035","1982358968","0.157576"
"1982358968","1994715440","4.04545"
"1994715440","1982358968","4.04545"
"1982358968","2044655473","1.18904"
"2044655473","1982358968","1.18904"
"1982358968","2057835785","0.112121"
"2057835785","1982358968","0.112121"
"1982358968","2068966611","1.12238"
"2068966611","1982358968","1.12238"
"1982358968","2092577038","0.234499"
"2092577038","1982358968","0.234499"
"1982358968","2118705596","0.234499"
"2118705596","1982358968","0.234499"
"1982358968","2120675233","1.09091"
"2120675233","1982358968","1.09091"
"1982358968","2142332504","0.0454545"
"2142332504","1982358968","0.0454545"
"1982358968","2145102078","0.167832"
"2145102078","1982358968","0.167832"
"1982358968","2278422430","0.234499"
"2278422430","1982358968","0.234499"
"1982358968","2383800869","0.0454545"
"2383800869","1982358968","0.0454545"
"1982358968","2510636540","0.0454545"
"2510636540","1982358968","0.0454545"
"1982358968","2518166949","0.234499"
"2518166949","1982358968","0.234499"
"1982358968","2807923659","0.157576"
"2807923659","1982358968","0.157576"
"1982358968","2912032563","0.0454545"
"2912032563","1982358968","0.0454545"
"1982358968","2916857260","0.167832"
"2916857260","1982358968","0.167832"
"1982358968","2956362216","0.0454545"
"2956362216","1982358968","0.0454545"
"1982358968","3011480953","0.0909091"
"3011480953","1982358968","0.0909091"
"1983745035","1994715440","1.04545"
"1994715440","1983745035","1.04545"
"1983745035","2044655473","1.27879"
"2044655473","1983745035","1.27879"
"1983745035","2057835785","0.112121"
"2057835785","1983745035","0.112121"
"1983745035","2068966611","0.0454545"
"2068966611","1983745035","0.0454545"
"1983745035","2092577038","0.240909"
"2092577038","1983745035","0.240909"
"1983745035","2118705596","0.657576"
"2118705596","1983745035","0.657576"
"1983745035","2120675233","0.0909091"
"2120675233","1983745035","0.0909091"
"1983745035","2142332504","0.0454545"
"2142332504","1983745035","0.0454545"
"1983745035","2145102078","0.174242"
"2145102078","1983745035","0.174242"
"1983745035","2278422430","1.32424"
"2278422430","1983745035","1.32424"
"1983745035","2383800869","0.0454545"
"2383800869","1983745035","0.0454545"
"1983745035","2510636540","0.128788"
"2510636540","1983745035","0.128788"
"1983745035","2518166949","0.240909"
"2518166949","1983745035","0.240909"
"1983745035","2807923659","0.240909"
"2807923659","1983745035","0.240909"
"1983745035","2912032563","0.0454545"
"2912032563","1983745035","0.0454545"
"1983745035","2916857260","1.25758"
"2916857260","1983745035","1.25758"
"1983745035","2956362216","0.0454545"
"2956362216","1983745035","0.0454545"
"1983745035","3011480953","0.0909091"
"3011480953","1983745035","0.0909091"
"1994715440","2044655473","0.878788"
"2044655473","1994715440","0.878788"
"1994715440","2057835785","0.0454545"
"2057835785","1994715440","0.0454545"
"1994715440","2092577038","0.0454545"
"2092577038","1994715440","0.0454545"
"1994715440","2118705596","0.0454545"
"2118705596","1994715440","0.0454545"
"1994715440","2142332504","0.0454545"
"2142332504","1994715440","0.0454545"
"1994715440","2145102078","0.0454545"
"2145102078","1994715440","0.0454545"
"1994715440","2278422430","0.0454545"
"2278422430","1994715440","0.0454545"
"1994715440","2518166949","0.0454545"
"2518166949","1994715440","0.0454545"
"1994715440","2807923659","0.0454545"
"2807923659","1994715440","0.0454545"
"1994715440","2912032563","0.0454545"
"2912032563","1994715440","0.0454545"
"1994715440","2916857260","0.0454545"
"2916857260","1994715440","0.0454545"
"1994715440","2956362216","0.0454545"
"2956362216","1994715440","0.0454545"
"1994715440","3011480953","0.0454545"
"3011480953","1994715440","0.0454545"
"2044655473","2057835785","0.112121"
"2057835785","2044655473","0.112121"
"2044655473","2068966611","2.45571"
"2068966611","2044655473","2.45571"
"2044655473","2092577038","0.488287"
"2092577038","2044655473","0.488287"
"2044655473","2118705596","1.06404"
"2118705596","2044655473","1.06404"
"2044655473","2120675233","1.04545"
"2120675233","2044655473","1.04545"
"2044655473","2142332504","1.9697"
"2142332504","2044655473","1.9697"
"2044655473","2145102078","0.29662"
"2145102078","2044655473","0.29662"
"2044655473","2278422430","1.23071"
"2278422430","2044655473","1.23071"
"2044655473","2383800869","0.378788"
"2383800869","2044655473","0.378788"
"2044655473","2510636540","0.128788"
"2510636540","2044655473","0.128788"
"2044655473","2518166949","0.363287"
"2518166949","2044655473","0.363287"
"2044655473","2807923659","0.286364"
"2807923659","2044655473","0.286364"
"2044655473","2912032563","0.0454545"
"2912032563","2044655473","0.0454545"
"2044655473","2916857260","0.914044"
"2916857260","2044655473","0.914044"
"2044655473","2956362216","0.503788"
"2956362216","2044655473","0.503788"
"2044655473","3011480953","0.0454545"
"3011480953","2044655473","0.0454545"
"2057835785","2118705596","0.112121"
"2118705596","2057835785","0.112121"
"2057835785","2120675233","0.0454545"
"2120675233","2057835785","0.0454545"
"2057835785","2142332504","0.0454545"
"2142332504","2057835785","0.0454545"
"2057835785","2145102078","0.0454545"
"2145102078","2057835785","0.0454545"
"2057835785","2383800869","0.0454545"
"2383800869","2057835785","0.0454545"
"2057835785","2510636540","0.0454545"
"2510636540","2057835785","0.0454545"
"2057835785","2807923659","0.112121"
"2807923659","2057835785","0.112121"
"2057835785","2956362216","0.0454545"
"2956362216","2057835785","0.0454545"
"2057835785","3011480953","0.0454545"
"3011480953","2057835785","0.0454545"
"2068966611","2118705596","0.122378"
"2118705596","2068966611","0.122378"
"2068966611","2142332504","0.0454545"
"2142332504","2068966611","0.0454545"
"2068966611","2145102078","0.122378"
"2145102078","2068966611","0.122378"
"2068966611","2807923659","0.0454545"
"2807923659","2068966611","0.0454545"
"2068966611","2956362216","0.0454545"
"2956362216","2068966611","0.0454545"
"2068966611","3011480953","0.0454545"
"3011480953","2068966611","0.0454545"
"2092577038","2118705596","0.559499"
"2118705596","2092577038","0.559499"
"2092577038","2120675233","0.0909091"
"2120675233","2092577038","0.0909091"
"2092577038","2142332504","0.136364"
"2142332504","2092577038","0.136364"
"2092577038","2145102078","0.342075"
"2145102078","2092577038","0.342075"
"2092577038","2383800869","0.0454545"
"2383800869","2092577038","0.0454545"
"2092577038","2510636540","0.128788"
"2510636540","2092577038","0.128788"
"2092577038","2807923659","0.331818"
"2807923659","2092577038","0.331818"
"2092577038","2956362216","0.170455"
"2956362216","2092577038","0.170455"
"2092577038","3011480953","0.0909091"
"3011480953","2092577038","0.0909091"
"2118705596","2120675233","0.0909091"
"2120675233","2118705596","0.0909091"
"2118705596","2142332504","0.0454545"
"2142332504","2118705596","0.0454545"
"2118705596","2145102078","0.392832"
"2145102078","2118705596","0.392832"
"2118705596","2278422430","1.0345"
"2278422430","2118705596","1.0345"
"2118705596","2383800869","0.0454545"
"2383800869","2118705596","0.0454545"
"2118705596","2510636540","0.0454545"
"2510636540","2118705596","0.0454545"
"2118705596","2518166949","0.534499"
"2518166949","2118705596","0.534499"
"2118705596","2807923659","0.157576"
"2807923659","2118705596","0.157576"
"2118705596","2912032563","0.0454545"
"2912032563","2118705596","0.0454545"
"2118705596","2916857260","0.717832"
"2916857260","2118705596","0.717832"
"2118705596","2956362216","0.170455"
"2956362216","2118705596","0.170455"
"2118705596","3011480953","0.0909091"
"3011480953","2118705596","0.0909091"
"2120675233","2142332504","0.0454545"
"2142332504","2120675233","0.0454545"
"2120675233","2145102078","0.0909091"
"2145102078","2120675233","0.0909091"
"2120675233","2278422430","0.0909091"
"2278422430","2120675233","0.0909091"
"2120675233","2518166949","0.0909091"
"2518166949","2120675233","0.0909091"
"2120675233","2807923659","0.0909091"
"2807923659","2120675233","0.0909091"
"2120675233","2912032563","0.0454545"
"2912032563","2120675233","0.0454545"
"2120675233","2916857260","0.0909091"
"2916857260","2120675233","0.0909091"
"2120675233","2956362216","0.0454545"
"2956362216","2120675233","0.0454545"
"2120675233","3011480953","0.0909091"
"3011480953","2120675233","0.0909091"
"2142332504","2145102078","0.136364"
"2145102078","2142332504","0.136364"
"2142332504","2278422430","0.245455"
"2278422430","2142332504","0.245455"
"2142332504","2383800869","0.0454545"
"2383800869","2142332504","0.0454545"
"2142332504","2510636540","0.0454545"
"2510636540","2142332504","0.0454545"
"2142332504","2518166949","0.136364"
"2518166949","2142332504","0.136364"
"2142332504","2807923659","0.136364"
"2807923659","2142332504","0.136364"
"2142332504","2912032563","0.0454545"
"2912032563","2142332504","0.0454545"
"2142332504","2916857260","0.245455"
"2916857260","2142332504","0.245455"
"2142332504","2956362216","0.0454545"
"2956362216","2142332504","0.0454545"
"2142332504","3011480953","0.0454545"
"3011480953","2142332504","0.0454545"
"2145102078","2278422430","0.937277"
"2278422430","2145102078","0.937277"
"2145102078","2383800869","0.0454545"
"2383800869","2145102078","0.0454545"
"2145102078","2510636540","0.128788"
"2510636540","2145102078","0.128788"
"2145102078","2518166949","0.792075"
"2518166949","2145102078","0.792075"
"2145102078","2807923659","0.365152"
"2807923659","2145102078","0.365152"
"2145102078","2912032563","0.0454545"
"2912032563","2145102078","0.0454545"
"2145102078","2916857260","0.937277"
"2916857260","2145102078","0.937277"
"2145102078","2956362216","0.156566"
"2956362216","2145102078","0.156566"
"2145102078","3011480953","0.45202"
"3011480953","2145102078","0.45202"
"2278422430","2383800869","0.0454545"
"2383800869","2278422430","0.0454545"
"2278422430","2510636540","0.128788"
"2510636540","2278422430","0.128788"
"2278422430","2807923659","0.340909"
"2807923659","2278422430","0.340909"
"2278422430","2956362216","0.449398"
"2956362216","2278422430","0.449398"
"2278422430","3011480953","0.542929"
"3011480953","2278422430","0.542929"
"2383800869","2518166949","0.0454545"
"2518166949","2383800869","0.0454545"
"2383800869","2807923659","0.0454545"
"2807923659","2383800869","0.0454545"
"2383800869","2912032563","0.0454545"
"2912032563","2383800869","0.0454545"
"2383800869","2916857260","0.0454545"
"2916857260","2383800869","0.0454545"
"2383800869","2956362216","0.378788"
"2956362216","2383800869","0.378788"
"2383800869","3011480953","0.0454545"
"3011480953","2383800869","0.0454545"
"2510636540","2518166949","0.128788"
"2518166949","2510636540","0.128788"
"2510636540","2807923659","0.128788"
"2807923659","2510636540","0.128788"
"2510636540","2912032563","0.0454545"
"2912032563","2510636540","0.0454545"
"2510636540","2916857260","0.128788"
"2916857260","2510636540","0.128788"
"2510636540","2956362216","0.0454545"
"2956362216","2510636540","0.0454545"
"2510636540","3011480953","0.0454545"
"3011480953","2510636540","0.0454545"
"2518166949","2807923659","0.431818"
"2807923659","2518166949","0.431818"
"2518166949","2956362216","0.213287"
"2956362216","2518166949","0.213287"
"2518166949","3011480953","0.431818"
"3011480953","2518166949","0.431818"
"2807923659","2912032563","0.295455"
"2912032563","2807923659","0.295455"
"2807923659","2916857260","0.524242"
"2916857260","2807923659","0.524242"
"2807923659","2956362216","0.0454545"
"2956362216","2807923659","0.0454545"
"2807923659","3011480953","0.0909091"
"3011480953","2807923659","0.0909091"
"2912032563","2956362216","0.122378"
"2956362216","2912032563","0.122378"
"2912032563","3011480953","0.0454545"
"3011480953","2912032563","0.0454545"
"2916857260","2956362216","0.449398"
"2956362216","2916857260","0.449398"
"2916857260","3011480953","0.542929"
"3011480953","2916857260","0.542929"
"2956362216","3011480953","0.247475"
"3011480953","2956362216","0.247475"
"1530858411","2090146220","1"
"2090146220","1530858411","1"
"1800460040","2336275496","0.0833333"
"2336275496","1800460040","0.0833333"
"1800460040","2896487577","0.195455"
"2896487577","1800460040","0.195455"
"1821692587","2336275496","0.0833333"
"2336275496","1821692587","0.0833333"
"1821692587","2896487577","0.383489"
"2896487577","1821692587","0.383489"
"1983745035","2336275496","0.0833333"
"2336275496","1983745035","0.0833333"
"1983745035","2896487577","0.195455"
"2896487577","1983745035","0.195455"
"2044655473","2336275496","0.416667"
"2336275496","2044655473","0.416667"
"2044655473","2896487577","0.15"
"2896487577","2044655473","0.15"
"2092577038","2336275496","0.0833333"
"2336275496","2092577038","0.0833333"
"2092577038","2896487577","0.195455"
"2896487577","2092577038","0.195455"
"2145102078","2336275496","0.0833333"
"2336275496","2145102078","0.0833333"
"2145102078","2896487577","0.239899"
"2896487577","2145102078","0.239899"
"2278422430","2336275496","0.0833333"
"2336275496","2278422430","0.0833333"
"2278422430","2896487577","0.383489"
"2896487577","2278422430","0.383489"
"2336275496","2518166949","0.0833333"
"2518166949","2336275496","0.0833333"
"2336275496","2807923659","0.0833333"
"2807923659","2336275496","0.0833333"
"2336275496","2896487577","0.0833333"
"2896487577","2336275496","0.0833333"
"2336275496","2916857260","0.0833333"
"2916857260","2336275496","0.0833333"
"2510636540","2896487577","0.0833333"
"2896487577","2510636540","0.0833333"
"2518166949","2896487577","0.272378"
"2896487577","2518166949","0.272378"
"2807923659","2896487577","0.195455"
"2896487577","2807923659","0.195455"
"2896487577","2916857260","0.316822"
"2916857260","2896487577","0.316822"
"1800460040","2024993557","0.112121"
"2024993557","1800460040","0.112121"
"1800460040","2097421050","0.0454545"
"2097421050","1800460040","0.0454545"
"1800460040","2104537415","0.0454545"
"2104537415","1800460040","0.0454545"
"1800460040","2127069165","1.11212"
"2127069165","1800460040","1.11212"
"1800460040","2145331246","0.0454545"
"2145331246","1800460040","0.0454545"
"1800460040","2739486908","0.0454545"
"2739486908","1800460040","0.0454545"
"1800460040","2911114719","0.0454545"
"2911114719","1800460040","0.0454545"
"1800460040","2915632761","0.0454545"
"2915632761","1800460040","0.0454545"
"1800460040","2921853712","0.0454545"
"2921853712","1800460040","0.0454545"
"1821692587","2024993557","0.30303"
"2024993557","1821692587","0.30303"
"1821692587","2097421050","0.338287"
"2097421050","1821692587","0.338287"
"1821692587","2104537415","0.136364"
"2104537415","1821692587","0.136364"
"1982358968","2024993557","0.112121"
"2024993557","1982358968","0.112121"
"1982358968","2097421050","0.122378"
"2097421050","1982358968","0.122378"
"1982358968","2104537415","0.0454545"
"2104537415","1982358968","0.0454545"
"1982358968","2127069165","0.112121"
"2127069165","1982358968","0.112121"
"1982358968","2145331246","0.0454545"
"2145331246","1982358968","0.0454545"
"1982358968","2739486908","0.0454545"
"2739486908","1982358968","0.0454545"
"1982358968","2896487577","0.112121"
"2896487577","1982358968","0.112121"
"1982358968","2911114719","0.122378"
"2911114719","1982358968","0.122378"
"1982358968","2915632761","0.122378"
"2915632761","1982358968","0.122378"
"1982358968","2921853712","0.0454545"
"2921853712","1982358968","0.0454545"
"1983745035","2024993557","0.112121"
"2024993557","1983745035","0.112121"
"1983745035","2097421050","0.0454545"
"2097421050","1983745035","0.0454545"
"1983745035","2104537415","0.0454545"
"2104537415","1983745035","0.0454545"
"1983745035","2127069165","0.112121"
"2127069165","1983745035","0.112121"
"1983745035","2145331246","0.0454545"
"2145331246","1983745035","0.0454545"
"1983745035","2739486908","0.0454545"
"2739486908","1983745035","0.0454545"
"1983745035","2911114719","0.0454545"
"2911114719","1983745035","0.0454545"
"1983745035","2915632761","0.0454545"
"2915632761","1983745035","0.0454545"
"1983745035","2921853712","0.0454545"
"2921853712","1983745035","0.0454545"
"2024993557","2092577038","0.20303"
"2092577038","2024993557","0.20303"
"2024993557","2097421050","0.136364"
"2097421050","2024993557","0.136364"
"2024993557","2104537415","0.136364"
"2104537415","2024993557","0.136364"
"2024993557","2118705596","0.112121"
"2118705596","2024993557","0.112121"
"2024993557","2120675233","3.04545"
"2120675233","2024993557","3.04545"
"2024993557","2127069165","0.30303"
"2127069165","2024993557","0.30303"
"2024993557","2145102078","0.236364"
"2145102078","2024993557","0.236364"
"2024993557","2145331246","0.0454545"
"2145331246","2024993557","0.0454545"
"2024993557","2278422430","0.212121"
"2278422430","2024993557","0.212121"
"2024993557","2518166949","0.30303"
"2518166949","2024993557","0.30303"
"2024993557","2739486908","0.0454545"
"2739486908","2024993557","0.0454545"
"2024993557","2807923659","0.30303"
"2807923659","2024993557","0.30303"
"2024993557","2896487577","0.112121"
"2896487577","2024993557","0.112121"
"2024993557","2911114719","0.145455"
"2911114719","2024993557","0.145455"
"2024993557","2915632761","0.145455"
"2915632761","2024993557","0.145455"
"2024993557","2916857260","0.145455"
"2916857260","2024993557","0.145455"
"2024993557","2921853712","0.145455"
"2921853712","2024993557","0.145455"
"2024993557","3011480953","0.0454545"
"3011480953","2024993557","0.0454545"
"2092577038","2097421050","0.338287"
"2097421050","2092577038","0.338287"
"2092577038","2104537415","0.136364"
"2104537415","2092577038","0.136364"
"2097421050","2118705596","0.972378"
"2118705596","2097421050","0.972378"
"2097421050","2145102078","0.438287"
"2145102078","2097421050","0.438287"
"2097421050","2145331246","0.0454545"
"2145331246","2097421050","0.0454545"
"2097421050","2278422430","0.722378"
"2278422430","2097421050","0.722378"
"2097421050","2518166949","0.313287"
"2518166949","2097421050","0.313287"
"2097421050","2739486908","0.0454545"
"2739486908","2097421050","0.0454545"
"2097421050","2807923659","0.136364"
"2807923659","2097421050","0.136364"
"2097421050","2896487577","0.0454545"
"2896487577","2097421050","0.0454545"
"2097421050","2911114719","0.347378"
"2911114719","2097421050","0.347378"
"2097421050","2915632761","0.347378"
"2915632761","2097421050","0.347378"
"2097421050","2916857260","0.472378"
"2916857260","2097421050","0.472378"
"2097421050","2921853712","0.145455"
"2921853712","2097421050","0.145455"
"2097421050","3011480953","0.0454545"
"3011480953","2097421050","0.0454545"
"2104537415","2118705596","0.770455"
"2118705596","2104537415","0.770455"
"2104537415","2145102078","0.361364"
"2145102078","2104537415","0.361364"
"2104537415","2145331246","0.0454545"
"2145331246","2104537415","0.0454545"
"2104537415","2278422430","0.520455"
"2278422430","2104537415","0.520455"
"2104537415","2518166949","0.236364"
"2518166949","2104537415","0.236364"
"2104537415","2739486908","0.0454545"
"2739486908","2104537415","0.0454545"
"2104537415","2807923659","0.136364"
"2807923659","2104537415","0.136364"
"2104537415","2896487577","0.0454545"
"2896487577","2104537415","0.0454545"
"2104537415","2911114719","0.270455"
"2911114719","2104537415","0.270455"
"2104537415","2915632761","0.270455"
"2915632761","2104537415","0.270455"
"2104537415","2916857260","0.270455"
"2916857260","2104537415","0.270455"
"2104537415","2921853712","0.145455"
"2921853712","2104537415","0.145455"
"2104537415","3011480953","0.0454545"
"3011480953","2104537415","0.0454545"
"2118705596","2127069165","0.437121"
"2127069165","2118705596","0.437121"
"2118705596","2145331246","0.0454545"
"2145331246","2118705596","0.0454545"
"2118705596","2739486908","0.0454545"
"2739486908","2118705596","0.0454545"
"2118705596","2896487577","0.112121"
"2896487577","2118705596","0.112121"
"2118705596","2911114719","0.347378"
"2911114719","2118705596","0.347378"
"2118705596","2915632761","0.347378"
"2915632761","2118705596","0.347378"
"2118705596","2921853712","0.645455"
"2921853712","2118705596","0.645455"
"2120675233","2145331246","0.0454545"
"2145331246","2120675233","0.0454545"
"2120675233","2739486908","0.0454545"
"2739486908","2120675233","0.0454545"
"2120675233","2896487577","0.0454545"
"2896487577","2120675233","0.0454545"
"2120675233","2911114719","0.0454545"
"2911114719","2120675233","0.0454545"
"2120675233","2915632761","0.0454545"
"2915632761","2120675233","0.0454545"
"2120675233","2921853712","0.0454545"
"2921853712","2120675233","0.0454545"
"2127069165","2145102078","0.236364"
"2145102078","2127069165","0.236364"
"2127069165","2807923659","0.30303"
"2807923659","2127069165","0.30303"
"2127069165","2896487577","0.112121"
"2896487577","2127069165","0.112121"
"2127069165","3011480953","0.0454545"
"3011480953","2127069165","0.0454545"
"2145102078","2145331246","0.0454545"
