"1542556897","1559514285","3.88596"
"1559514285","1542556897","3.88596"
"1542556897","2060690494","1.88596"
"2060690494","1542556897","1.88596"
"1542556897","2111821134","0.5"
"2111821134","1542556897","0.5"
"1542556897","2151760083","0.5"
"2151760083","1542556897","0.5"
"2111821134","2151760083","0.5"
"2151760083","2111821134","0.5"
"1542556897","1605921716","0.0526316"
"1605921716","1542556897","0.0526316"
"1542556897","1863025379","0.0526316"
"1863025379","1542556897","0.0526316"
"1542556897","1920330819","0.0526316"
"1920330819","1542556897","0.0526316"
"1542556897","2054245586","0.0526316"
"2054245586","1542556897","0.0526316"
"1542556897","2082491817","0.0526316"
"2082491817","1542556897","0.0526316"
"1542556897","2082497816","0.0526316"
"2082497816","1542556897","0.0526316"
"1542556897","2097171586","0.0526316"
"2097171586","1542556897","0.0526316"
"1542556897","2298912813","0.0526316"
"2298912813","1542556897","0.0526316"
"1542556897","2483649481","0.0526316"
"2483649481","1542556897","0.0526316"
"1542556897","2493273302","0.0526316"
"2493273302","1542556897","0.0526316"
"1542556897","2523167990","0.0526316"
"2523167990","1542556897","0.0526316"
"1542556897","2598585498","0.0526316"
"2598585498","1542556897","0.0526316"
"1542556897","2601096670","0.0526316"
"2601096670","1542556897","0.0526316"
"1542556897","2612160110","0.0526316"
"2612160110","1542556897","0.0526316"
"1542556897","2617109977","0.0526316"
"2617109977","1542556897","0.0526316"
"1542556897","2618669752","0.0526316"
"2618669752","1542556897","0.0526316"
"1542556897","2708626866","0.0526316"
"2708626866","1542556897","0.0526316"
"1559514285","1605921716","0.0526316"
"1605921716","1559514285","0.0526316"
"1559514285","1863025379","0.0526316"
"1863025379","1559514285","0.0526316"
"1559514285","1920330819","0.0526316"
"1920330819","1559514285","0.0526316"
"1559514285","2054245586","0.0526316"
"2054245586","1559514285","0.0526316"
"1559514285","2060690494","0.885965"
"2060690494","1559514285","0.885965"
"1559514285","2082491817","0.0526316"
"2082491817","1559514285","0.0526316"
"1559514285","2082497816","0.0526316"
"2082497816","1559514285","0.0526316"
"1559514285","2097171586","0.0526316"
"2097171586","1559514285","0.0526316"
"1559514285","2298912813","0.0526316"
"2298912813","1559514285","0.0526316"
"1559514285","2483649481","0.0526316"
"2483649481","1559514285","0.0526316"
"1559514285","2493273302","0.0526316"
"2493273302","1559514285","0.0526316"
"1559514285","2523167990","0.0526316"
"2523167990","1559514285","0.0526316"
"1559514285","2598585498","0.0526316"
"2598585498","1559514285","0.0526316"
"1559514285","2601096670","0.0526316"
"2601096670","1559514285","0.0526316"
"1559514285","2612160110","0.0526316"
"2612160110","1559514285","0.0526316"
"1559514285","2617109977","0.0526316"
"2617109977","1559514285","0.0526316"
"1559514285","2618669752","0.0526316"
"2618669752","1559514285","0.0526316"
"1559514285","2708626866","0.0526316"
"2708626866","1559514285","0.0526316"
"1605921716","1863025379","0.0526316"
"1863025379","1605921716","0.0526316"
"1605921716","1920330819","0.0526316"
"1920330819","1605921716","0.0526316"
"1605921716","2054245586","1.55263"
"2054245586","1605921716","1.55263"
"1605921716","2060690494","1.9693"
"2060690494","1605921716","1.9693"
"1605921716","2082491817","0.0526316"
"2082491817","1605921716","0.0526316"
"1605921716","2082497816","0.0526316"
"2082497816","1605921716","0.0526316"
"1605921716","2097171586","0.0526316"
"2097171586","1605921716","0.0526316"
"1605921716","2298912813","0.302632"
"2298912813","1605921716","0.302632"
"1605921716","2483649481","0.0526316"
"2483649481","1605921716","0.0526316"
"1605921716","2493273302","0.0526316"
"2493273302","1605921716","0.0526316"
"1605921716","2523167990","0.0526316"
"2523167990","1605921716","0.0526316"
"1605921716","2598585498","0.0526316"
"2598585498","1605921716","0.0526316"
"1605921716","2601096670","0.0526316"
"2601096670","1605921716","0.0526316"
"1605921716","2612160110","0.802632"
"2612160110","1605921716","0.802632"
"1605921716","2617109977","0.0526316"
"2617109977","1605921716","0.0526316"
"1605921716","2618669752","0.0526316"
"2618669752","1605921716","0.0526316"
"1605921716","2708626866","0.0526316"
"2708626866","1605921716","0.0526316"
"1863025379","1920330819","0.219298"
"1920330819","1863025379","0.219298"
"1863025379","2054245586","0.0526316"
"2054245586","1863025379","0.0526316"
"1863025379","2060690494","0.0526316"
"2060690494","1863025379","0.0526316"
"1863025379","2082491817","1.05263"
"2082491817","1863025379","1.05263"
"1863025379","2082497816","0.0526316"
"2082497816","1863025379","0.0526316"
"1863025379","2097171586","0.219298"
"2097171586","1863025379","0.219298"
"1863025379","2298912813","0.219298"
"2298912813","1863025379","0.219298"
"1863025379","2483649481","0.0526316"
"2483649481","1863025379","0.0526316"
"1863025379","2493273302","0.0526316"
"2493273302","1863025379","0.0526316"
"1863025379","2523167990","0.219298"
"2523167990","1863025379","0.219298"
"1863025379","2598585498","0.219298"
"2598585498","1863025379","0.219298"
"1863025379","2601096670","0.0526316"
"2601096670","1863025379","0.0526316"
"1863025379","2612160110","1.05263"
"2612160110","1863025379","1.05263"
"1863025379","2617109977","0.0526316"
"2617109977","1863025379","0.0526316"
"1863025379","2618669752","0.0526316"
"2618669752","1863025379","0.0526316"
"1863025379","2708626866","0.219298"
"2708626866","1863025379","0.219298"
"1920330819","2054245586","0.0526316"
"2054245586","1920330819","0.0526316"
"1920330819","2060690494","0.252632"
"2060690494","1920330819","0.252632"
"1920330819","2082491817","1.19549"
"2082491817","1920330819","1.19549"
"1920330819","2082497816","0.0526316"
"2082497816","1920330819","0.0526316"
"1920330819","2097171586","8.19549"
"2097171586","1920330819","8.19549"
"1920330819","2298912813","0.639933"
"2298912813","1920330819","0.639933"
"1920330819","2483649481","0.163743"
"2483649481","1920330819","0.163743"
"1920330819","2493273302","0.195489"
"2493273302","1920330819","0.195489"
"1920330819","2523167990","1.03041"
"2523167990","1920330819","1.03041"
"1920330819","2598585498","1.03041"
"2598585498","1920330819","1.03041"
"1920330819","2601096670","0.473267"
"2601096670","1920330819","0.473267"
"1920330819","2612160110","0.395489"
"2612160110","1920330819","0.395489"
"1920330819","2617109977","0.0526316"
"2617109977","1920330819","0.0526316"
"1920330819","2618669752","0.330409"
"2618669752","1920330819","0.330409"
"1920330819","2708626866","0.639933"
"2708626866","1920330819","0.639933"
"2054245586","2060690494","0.0526316"
"2060690494","2054245586","0.0526316"
"2054245586","2082491817","0.0526316"
"2082491817","2054245586","0.0526316"
"2054245586","2082497816","0.385965"
"2082497816","2054245586","0.385965"
"2054245586","2097171586","0.0526316"
"2097171586","2054245586","0.0526316"
"2054245586","2298912813","0.0526316"
"2298912813","2054245586","0.0526316"
"2054245586","2483649481","0.0526316"
"2483649481","2054245586","0.0526316"
"2054245586","2493273302","0.0526316"
"2493273302","2054245586","0.0526316"
"2054245586","2523167990","0.385965"
"2523167990","2054245586","0.385965"
"2054245586","2598585498","0.385965"
"2598585498","2054245586","0.385965"
"2054245586","2601096670","0.0526316"
"2601096670","2054245586","0.0526316"
"2054245586","2612160110","1.55263"
"2612160110","2054245586","1.55263"
"2054245586","2617109977","0.0526316"
"2617109977","2054245586","0.0526316"
"2054245586","2618669752","0.0526316"
"2618669752","2054245586","0.0526316"
"2054245586","2708626866","0.0526316"
"2708626866","2054245586","0.0526316"
"2060690494","2082491817","0.0526316"
"2082491817","2060690494","0.0526316"
"2060690494","2082497816","0.0526316"
"2082497816","2060690494","0.0526316"
"2060690494","2097171586","0.252632"
"2097171586","2060690494","0.252632"
"2060690494","2298912813","0.502632"
"2298912813","2060690494","0.502632"
"2060690494","2483649481","0.252632"
"2483649481","2060690494","0.252632"
"2060690494","2493273302","0.0526316"
"2493273302","2060690494","0.0526316"
"2060690494","2523167990","0.252632"
"2523167990","2060690494","0.252632"
"2060690494","2598585498","0.252632"
"2598585498","2060690494","0.252632"
"2060690494","2601096670","1.05263"
"2601096670","2060690494","1.05263"
"2060690494","2612160110","1.70263"
"2612160110","2060690494","1.70263"
"2060690494","2617109977","0.0526316"
"2617109977","2060690494","0.0526316"
"2060690494","2618669752","0.0526316"
"2618669752","2060690494","0.0526316"
"2060690494","2708626866","0.0526316"
"2708626866","2060690494","0.0526316"
"2082491817","2082497816","0.0526316"
"2082497816","2082491817","0.0526316"
"2082491817","2097171586","0.528822"
"2097171586","2082491817","0.528822"
"2082491817","2298912813","0.195489"
"2298912813","2082491817","0.195489"
"2082491817","2483649481","0.0526316"
"2483649481","2082491817","0.0526316"
"2082491817","2493273302","0.528822"
"2493273302","2082491817","0.528822"
"2082491817","2523167990","0.0526316"
"2523167990","2082491817","0.0526316"
"2082491817","2598585498","0.0526316"
"2598585498","2082491817","0.0526316"
"2082491817","2601096670","0.195489"
"2601096670","2082491817","0.195489"
"2082491817","2612160110","1.19549"
"2612160110","2082491817","1.19549"
"2082491817","2617109977","0.0526316"
"2617109977","2082491817","0.0526316"
"2082491817","2618669752","0.0526316"
"2618669752","2082491817","0.0526316"
"2082491817","2708626866","0.195489"
"2708626866","2082491817","0.195489"
"2082497816","2097171586","0.0526316"
"2097171586","2082497816","0.0526316"
"2082497816","2298912813","0.0526316"
"2298912813","2082497816","0.0526316"
"2082497816","2483649481","0.0526316"
"2483649481","2082497816","0.0526316"
"2082497816","2493273302","0.0526316"
"2493273302","2082497816","0.0526316"
"2082497816","2523167990","0.385965"
"2523167990","2082497816","0.385965"
"2082497816","2598585498","0.385965"
"2598585498","2082497816","0.385965"
"2082497816","2601096670","0.0526316"
"2601096670","2082497816","0.0526316"
"2082497816","2612160110","0.0526316"
"2612160110","2082497816","0.0526316"
"2082497816","2617109977","0.0526316"
"2617109977","2082497816","0.0526316"
"2082497816","2618669752","0.0526316"
"2618669752","2082497816","0.0526316"
"2082497816","2708626866","0.0526316"
"2708626866","2082497816","0.0526316"
"2097171586","2298912813","1.23279"
"2298912813","2097171586","1.23279"
"2097171586","2483649481","2.54827"
"2483649481","2097171586","2.54827"
"2097171586","2493273302","0.764933"
"2493273302","2097171586","0.764933"
"2097171586","2523167990","1.59827"
"2523167990","2097171586","1.59827"
"2097171586","2598585498","1.59827"
"2598585498","2097171586","1.59827"
"2097171586","2601096670","0.866124"
"2601096670","2097171586","0.866124"
"2097171586","2612160110","1.02049"
"2612160110","2097171586","1.02049"
"2097171586","2617109977","0.0526316"
"2617109977","2097171586","0.0526316"
"2097171586","2618669752","0.0526316"
"2618669752","2097171586","0.0526316"
"2097171586","2708626866","0.473267"
"2708626866","2097171586","0.473267"
"2298912813","2483649481","2.65104"
"2483649481","2298912813","2.65104"
"2298912813","2493273302","0.8066"
"2493273302","2298912813","0.8066"
"2298912813","2523167990","1.86771"
"2523167990","2298912813","1.86771"
"2298912813","2598585498","2.11771"
"2598585498","2298912813","2.11771"
"2298912813","2601096670","3.51057"
"2601096670","2298912813","3.51057"
"2298912813","2612160110","1.64549"
"2612160110","2298912813","1.64549"
"2298912813","2617109977","0.0526316"
"2617109977","2298912813","0.0526316"
"2298912813","2618669752","0.580409"
"2618669752","2298912813","0.580409"
"2298912813","2708626866","1.20104"
"2708626866","2298912813","1.20104"
"2483649481","2493273302","0.788743"
"2493273302","2483649481","0.788743"
"2483649481","2523167990","1.65938"
"2523167990","2483649481","1.65938"
"2483649481","2598585498","1.65938"
"2598585498","2483649481","1.65938"
"2483649481","2601096670","3.28438"
"2601096670","2483649481","3.28438"
"2483649481","2612160110","0.377632"
"2612160110","2483649481","0.377632"
"2483649481","2617109977","0.0526316"
"2617109977","2483649481","0.0526316"
"2483649481","2618669752","0.163743"
"2618669752","2483649481","0.163743"
"2483649481","2708626866","0.474854"
"2708626866","2483649481","0.474854"
"2493273302","2523167990","0.288743"
"2523167990","2493273302","0.288743"
"2493273302","2598585498","0.288743"
"2598585498","2493273302","0.288743"
"2493273302","2601096670","0.3066"
"2601096670","2493273302","0.3066"
"2493273302","2612160110","1.82049"
"2612160110","2493273302","1.82049"
"2493273302","2617109977","0.0526316"
"2617109977","2493273302","0.0526316"
"2493273302","2618669752","0.0526316"
"2618669752","2493273302","0.0526316"
"2493273302","2708626866","0.3066"
"2708626866","2493273302","0.3066"
"2523167990","2598585498","16.526"
"2598585498","2523167990","16.526"
"2523167990","2601096670","1.70104"
"2601096670","2523167990","1.70104"
"2523167990","2612160110","0.377632"
"2612160110","2523167990","0.377632"
"2523167990","2617109977","0.0526316"
"2617109977","2523167990","0.0526316"
"2523167990","2618669752","0.330409"
"2618669752","2523167990","0.330409"
"2523167990","2708626866","1.30819"
"2708626866","2523167990","1.30819"
"2598585498","2601096670","2.95104"
"2601096670","2598585498","2.95104"
"2598585498","2612160110","0.877632"
"2612160110","2598585498","0.877632"
"2598585498","2617109977","0.0526316"
"2617109977","2598585498","0.0526316"
"2598585498","2618669752","0.580409"
"2618669752","2598585498","0.580409"
"2598585498","2708626866","1.55819"
"2708626866","2598585498","1.55819"
"2601096670","2612160110","0.195489"
"2612160110","2601096670","0.195489"
"2601096670","2617109977","0.385965"
"2617109977","2601096670","0.385965"
"2601096670","2618669752","0.913743"
"2618669752","2601096670","0.913743"
"2601096670","2708626866","2.36771"
"2708626866","2601096670","2.36771"
"2612160110","2617109977","0.0526316"
"2617109977","2612160110","0.0526316"
"2612160110","2618669752","0.0526316"
"2618669752","2612160110","0.0526316"
"2612160110","2708626866","0.195489"
"2708626866","2612160110","0.195489"
"2617109977","2618669752","1.38596"
"2618669752","2617109977","1.38596"
"2617109977","2708626866","2.38596"
"2708626866","2617109977","2.38596"
"2618669752","2708626866","5.91374"
"2708626866","2618669752","5.91374"
"1542556897","2065288470","0.333333"
"2065288470","1542556897","0.333333"
"1559514285","2065288470","0.333333"
"2065288470","1559514285","0.333333"
"2060690494","2065288470","2.45"
"2065288470","2060690494","2.45"
"1605921716","2065288470","0.916667"
"2065288470","1605921716","0.916667"
"2065288470","2298912813","2.39841"
"2298912813","2065288470","2.39841"
"2065288470","2612160110","1.075"
"2612160110","2065288470","1.075"
"1605921716","1966264882","0.666667"
"1966264882","1605921716","0.666667"
"1966264882","2060690494","0.666667"
"2060690494","1966264882","0.666667"
"1966264882","2065288470","0.666667"
"2065288470","1966264882","0.666667"
"1863025379","2151760083","1"
"2151760083","1863025379","1"
"1920330819","1992204376","0.811111"
"1992204376","1920330819","0.811111"
"1992204376","2060690494","0.2"
"2060690494","1992204376","0.2"
"1992204376","2523167990","1.52341"
"2523167990","1992204376","1.52341"
"1992204376","2598585498","1.52341"
"2598585498","1992204376","1.52341"
"1992204376","2612160110","0.325"
"2612160110","1992204376","0.325"
"1920330819","2065288470","0.111111"
"2065288470","1920330819","0.111111"
"1992204376","2065288470","0.990079"
"2065288470","1992204376","0.990079"
"1992204376","2298912813","0.865079"
"2298912813","1992204376","0.865079"
"1992204376","2483649481","0.656746"
"2483649481","1992204376","0.656746"
"1992204376","2601096670","0.531746"
"2601096670","1992204376","0.531746"
"1992204376","2618669752","0.111111"
"2618669752","1992204376","0.111111"
"1992204376","2708626866","0.222222"
"2708626866","1992204376","0.222222"
"2065288470","2483649481","1.77341"
"2483649481","2065288470","1.77341"
"2065288470","2523167990","1.15675"
"2523167990","2065288470","1.15675"
"2065288470","2598585498","1.15675"
"2598585498","2065288470","1.15675"
"2065288470","2601096670","0.948413"
"2601096670","2065288470","0.948413"
"2065288470","2618669752","0.111111"
"2618669752","2065288470","0.111111"
"2065288470","2708626866","0.222222"
"2708626866","2065288470","0.222222"
"1992204376","2097171586","1.2123"
"2097171586","1992204376","1.2123"
"1966264882","2612160110","1"
"2612160110","1966264882","1"
"1992204376","2082491817","1.33333"
"2082491817","1992204376","1.33333"
"1992204376","2151760083","0.125"
"2151760083","1992204376","0.125"
"1992204376","2493273302","0.569444"
"2493273302","1992204376","0.569444"
"2065288470","2097171586","2.99564"
"2097171586","2065288470","2.99564"
"2065288470","2151760083","0.125"
"2151760083","2065288470","0.125"
"2065288470","2493273302","0.236111"
"2493273302","2065288470","0.236111"
"2097171586","2151760083","0.125"
"2151760083","2097171586","0.125"
"2151760083","2483649481","0.125"
"2483649481","2151760083","0.125"
"2151760083","2493273302","0.625"
"2493273302","2151760083","0.625"
"2151760083","2523167990","0.125"
"2523167990","2151760083","0.125"
"2151760083","2598585498","0.625"
"2598585498","2151760083","0.625"
"2151760083","2612160110","10.125"
"2612160110","2151760083","10.125"
"2111821134","2798982442","9"
"2798982442","2111821134","9"
"2111879155","2317239415","2"
"2317239415","2111879155","2"
