"110579940","1502767276","0.125"
"1502767276","110579940","0.125"
"110579940","1631130021","1.79167"
"1631130021","110579940","1.79167"
"110579940","1976175488","0.125"
"1976175488","110579940","0.125"
"110579940","2115886503","0.791667"
"2115886503","110579940","0.791667"
"110579940","2294845005","0.125"
"2294845005","110579940","0.125"
"110579940","2302378120","0.291667"
"2302378120","110579940","0.291667"
"110579940","2344432548","0.125"
"2344432548","110579940","0.125"
"110579940","2752054654","0.125"
"2752054654","110579940","0.125"
"1502767276","1631130021","1.075"
"1631130021","1502767276","1.075"
"1502767276","1976175488","0.575"
"1976175488","1502767276","0.575"
"1502767276","2115886503","0.875"
"2115886503","1502767276","0.875"
"1502767276","2294845005","0.125"
"2294845005","1502767276","0.125"
"1502767276","2302378120","19.325"
"2302378120","1502767276","19.325"
"1502767276","2344432548","0.575"
"2344432548","1502767276","0.575"
"1502767276","2752054654","0.375"
"2752054654","1502767276","0.375"
"1631130021","1976175488","0.525"
"1976175488","1631130021","0.525"
"1631130021","2115886503","0.541667"
"2115886503","1631130021","0.541667"
"1631130021","2294845005","0.125"
"2294845005","1631130021","0.125"
"1631130021","2302378120","0.741667"
"2302378120","1631130021","0.741667"
"1631130021","2344432548","0.525"
"2344432548","1631130021","0.525"
"1631130021","2752054654","0.325"
"2752054654","1631130021","0.325"
"1976175488","2115886503","1.15833"
"2115886503","1976175488","1.15833"
"1976175488","2294845005","0.958333"
"2294845005","1976175488","0.958333"
"1976175488","2302378120","0.775"
"2302378120","1976175488","0.775"
"1976175488","2344432548","16.3083"
"2344432548","1976175488","16.3083"
"1976175488","2752054654","1.275"
"2752054654","1976175488","1.275"
"2115886503","2294845005","2.15833"
"2294845005","2115886503","2.15833"
"2115886503","2302378120","5.94167"
"2302378120","2115886503","5.94167"
"2115886503","2344432548","0.658333"
"2344432548","2115886503","0.658333"
"2115886503","2752054654","0.325"
"2752054654","2115886503","0.325"
"2294845005","2302378120","1.325"
"2302378120","2294845005","1.325"
"2294845005","2344432548","0.458333"
"2344432548","2294845005","0.458333"
"2294845005","2752054654","0.125"
"2752054654","2294845005","0.125"
"2302378120","2344432548","1.775"
"2344432548","2302378120","1.775"
"2302378120","2752054654","0.575"
"2752054654","2302378120","0.575"
"2344432548","2752054654","2.275"
"2752054654","2344432548","2.275"
"110579940","1975439401","1.75"
"1975439401","110579940","1.75"
"110579940","2166006219","1.58333"
"2166006219","110579940","1.58333"
"1975439401","2166006219","2.28333"
"2166006219","1975439401","2.28333"
"110579940","1976507515","0.583333"
"1976507515","110579940","0.583333"
"110579940","1986750577","1.08333"
"1986750577","110579940","1.08333"
"1975439401","1976507515","1.73333"
"1976507515","1975439401","1.73333"
"1975439401","1986750577","9.56667"
"1986750577","1975439401","9.56667"
"1976507515","1986750577","1.24167"
"1986750577","1976507515","1.24167"
"1976507515","2166006219","2.25952"
"2166006219","1976507515","2.25952"
"1986750577","2166006219","1.36667"
"2166006219","1986750577","1.36667"
"2115886503","2166006219","0.5"
"2166006219","2115886503","0.5"
"110579940","137652344","0.166667"
"137652344","110579940","0.166667"
"110579940","2008015082","0.333333"
"2008015082","110579940","0.333333"
"137652344","1975439401","0.416667"
"1975439401","137652344","0.416667"
"137652344","1976507515","0.938492"
"1976507515","137652344","0.938492"
"137652344","1986750577","0.291667"
"1986750577","137652344","0.291667"
"137652344","2008015082","0.420635"
"2008015082","137652344","0.420635"
"137652344","2166006219","0.559524"
"2166006219","137652344","0.559524"
"1975439401","2008015082","0.733333"
"2008015082","1975439401","0.733333"
"1976507515","2008015082","5.77064"
"2008015082","1976507515","5.77064"
"1986750577","2008015082","0.366667"
"2008015082","1986750577","0.366667"
"2008015082","2166006219","1.11667"
"2166006219","2008015082","1.11667"
"110579940","2073753943","0.166667"
"2073753943","110579940","0.166667"
"110579940","2088164025","0.166667"
"2088164025","110579940","0.166667"
"1975439401","2073753943","0.583333"
"2073753943","1975439401","0.583333"
"1975439401","2088164025","2.06667"
"2088164025","1975439401","2.06667"
"1976507515","2073753943","7.74167"
"2073753943","1976507515","7.74167"
"1976507515","2088164025","11.6885"
"2088164025","1976507515","11.6885"
"2008015082","2073753943","8.83333"
"2073753943","2008015082","8.83333"
"2008015082","2088164025","2.77063"
"2088164025","2008015082","2.77063"
"2073753943","2088164025","3.24167"
"2088164025","2073753943","3.24167"
"2073753943","2166006219","0.5"
"2166006219","2073753943","0.5"
"2088164025","2166006219","2.09286"
"2166006219","2088164025","2.09286"
"110579940","592746391","0.666667"
"592746391","110579940","0.666667"
"1631130021","1975439401","0.416667"
"1975439401","1631130021","0.416667"
"1631130021","1986750577","0.416667"
"1986750577","1631130021","0.416667"
"1631130021","592746391","1.66667"
"592746391","1631130021","1.66667"
"1975439401","2115886503","0.366667"
"2115886503","1975439401","0.366667"
"1975439401","2302378120","0.366667"
"2302378120","1975439401","0.366667"
"1975439401","592746391","1.15"
"592746391","1975439401","1.15"
"1986750577","2115886503","0.366667"
"2115886503","1986750577","0.366667"
"1986750577","2302378120","0.366667"
"2302378120","1986750577","0.366667"
"1986750577","592746391","0.95"
"592746391","1986750577","0.95"
"2115886503","592746391","1.06667"
"592746391","2115886503","1.06667"
"2302378120","592746391","1.06667"
"592746391","2302378120","1.06667"
"137652344","1546750489","0.521825"
"1546750489","137652344","0.521825"
"137652344","1969722313","0.521825"
"1969722313","137652344","0.521825"
"137652344","2037460328","0.267857"
"2037460328","137652344","0.267857"
"137652344","2073753943","0.125"
"2073753943","137652344","0.125"
"137652344","2088164025","1.52183"
"2088164025","137652344","1.52183"
"137652344","2106273215","0.236111"
"2106273215","137652344","0.236111"
"1546750489","1969722313","1.58849"
"1969722313","1546750489","1.58849"
"1546750489","1976507515","2.67183"
"1976507515","1546750489","2.67183"
"1546750489","1986750577","0.375"
"1986750577","1546750489","0.375"
"1546750489","2037460328","2.75119"
"2037460328","1546750489","2.75119"
"1546750489","2073753943","0.658333"
"2073753943","1546750489","0.658333"
"1546750489","2088164025","1.67183"
"2088164025","1546750489","1.67183"
"1546750489","2106273215","0.736111"
"2106273215","1546750489","0.736111"
"1969722313","1976507515","2.45516"
"1976507515","1969722313","2.45516"
"1969722313","1986750577","0.375"
"1986750577","1969722313","0.375"
"1969722313","2037460328","1.75119"
"2037460328","1969722313","1.75119"
"1969722313","2073753943","1.15833"
"2073753943","1969722313","1.15833"
"1969722313","2088164025","2.45516"
"2088164025","1969722313","2.45516"
"1969722313","2106273215","0.486111"
"2106273215","1969722313","0.486111"
"1976507515","2037460328","1.25119"
"2037460328","1976507515","1.25119"
"1976507515","2106273215","0.569444"
"2106273215","1976507515","0.569444"
"1986750577","2037460328","2.20833"
"2037460328","1986750577","2.20833"
"1986750577","2073753943","0.541667"
"2073753943","1986750577","0.541667"
"1986750577","2088164025","0.825"
"2088164025","1986750577","0.825"
"1986750577","2106273215","0.208333"
"2106273215","1986750577","0.208333"
"2037460328","2073753943","0.408333"
"2073753943","2037460328","0.408333"
"2037460328","2088164025","2.08452"
"2088164025","2037460328","2.08452"
"2037460328","2106273215","0.208333"
"2106273215","2037460328","0.208333"
"2073753943","2106273215","0.541667"
"2106273215","2073753943","0.541667"
"2088164025","2106273215","0.569444"
"2106273215","2088164025","0.569444"
"137652344","1519107501","0.503968"
"1519107501","137652344","0.503968"
"1519107501","1546750489","0.503968"
"1546750489","1519107501","0.503968"
"1519107501","1969722313","0.503968"
"1969722313","1519107501","0.503968"
"1519107501","1976507515","1.0373"
"1976507515","1519107501","1.0373"
"1519107501","2008015082","0.253968"
"2008015082","1519107501","0.253968"
"1519107501","2037460328","0.559524"
"2037460328","1519107501","0.559524"
"1519107501","2088164025","1.0373"
"2088164025","1519107501","1.0373"
"1546750489","2008015082","0.453968"
"2008015082","1546750489","0.453968"
"1969722313","2008015082","0.987302"
"2008015082","1969722313","0.987302"
"2008015082","2037460328","0.342857"
"2037460328","2008015082","0.342857"
"137652344","2023750059","0.25"
"2023750059","137652344","0.25"
"137652344","2030310140","0.361111"
"2030310140","137652344","0.361111"
"137652344","2038327754","0.503968"
"2038327754","137652344","0.503968"
"1519107501","2023750059","2.36667"
"2023750059","1519107501","2.36667"
"1519107501","2030310140","2.39444"
"2030310140","1519107501","2.39444"
"1519107501","2038327754","4.81111"
"2038327754","1519107501","4.81111"
"2023750059","2030310140","1.53333"
"2030310140","2023750059","1.53333"
"2023750059","2038327754","2.95"
"2038327754","2023750059","2.95"
"2030310140","2038327754","4.22778"
"2038327754","2030310140","4.22778"
"137652344","1631130021","1"
"1631130021","137652344","1"
"1519107501","2106273215","1.19444"
"2106273215","1519107501","1.19444"
"1546750489","2030310140","0.527778"
"2030310140","1546750489","0.527778"
"1546750489","2038327754","0.503968"
"2038327754","1546750489","0.503968"
"1969722313","2030310140","0.277778"
"2030310140","1969722313","0.277778"
"1969722313","2038327754","0.503968"
"2038327754","1969722313","0.503968"
"1976507515","2030310140","0.561111"
"2030310140","1976507515","0.561111"
"1976507515","2038327754","0.537302"
"2038327754","1976507515","0.537302"
"2008015082","2030310140","0.361111"
"2030310140","2008015082","0.361111"
"2008015082","2038327754","0.361111"
"2038327754","2008015082","0.361111"
"2008015082","2106273215","0.111111"
"2106273215","2008015082","0.111111"
"2030310140","2088164025","0.561111"
"2088164025","2030310140","0.561111"
"2030310140","2106273215","2.94444"
"2106273215","2030310140","2.94444"
"2038327754","2088164025","0.537302"
"2088164025","2038327754","0.537302"
"2038327754","2106273215","3.61111"
"2106273215","2038327754","3.61111"
"137652344","2139088695","0.142857"
"2139088695","137652344","0.142857"
"1546750489","2139088695","0.142857"
"2139088695","1546750489","0.142857"
"1546750489","2166006219","0.392857"
"2166006219","1546750489","0.392857"
"1969722313","2139088695","0.142857"
"2139088695","1969722313","0.142857"
"1969722313","2166006219","0.392857"
"2166006219","1969722313","0.392857"
"1976507515","2139088695","0.142857"
"2139088695","1976507515","0.142857"
"2038327754","2139088695","5.14286"
"2139088695","2038327754","5.14286"
"2038327754","2166006219","0.22619"
"2166006219","2038327754","0.22619"
"2088164025","2139088695","0.142857"
"2139088695","2088164025","0.142857"
"2139088695","2166006219","0.142857"
"2166006219","2139088695","0.142857"
"137652344","2050778927","1"
"2050778927","137652344","1"
"137652344","2037577508","0.25"
"2037577508","137652344","0.25"
"1975439401","2037577508","0.25"
"2037577508","1975439401","0.25"
"1976507515","2037577508","0.583333"
"2037577508","1976507515","0.583333"
"2037577508","2166006219","0.583333"
"2166006219","2037577508","0.583333"
"1500719125","1969722313","0.5"
"1969722313","1500719125","0.5"
"1500719125","2088164025","0.5"
"2088164025","1500719125","0.5"
"1502767276","2166006219","0.7"
"2166006219","1502767276","0.7"
"1631130021","2166006219","4.15"
"2166006219","1631130021","4.15"
"1502767276","2037460328","1.25"
"2037460328","1502767276","1.25"
"1631130021","2037460328","0.45"
"2037460328","1631130021","0.45"
"2037460328","2115886503","0.25"
"2115886503","2037460328","0.25"
"2037460328","2302378120","1.25"
"2302378120","2037460328","1.25"
"1976175488","2166006219","0.4"
"2166006219","1976175488","0.4"
"2166006219","2302378120","0.2"
"2302378120","2166006219","0.2"
"2166006219","2344432548","0.4"
"2344432548","2166006219","0.4"
"1546750489","2023750059","0.25"
"2023750059","1546750489","0.25"
"1969722313","2023750059","0.25"
"2023750059","1969722313","0.25"
"2023750059","2106273215","1.83333"
"2106273215","2023750059","1.83333"
"2023750059","2037460328","0.75"
"2037460328","2023750059","0.75"
"2037460328","2038327754","1.41667"
"2038327754","2037460328","1.41667"
"1519107501","1975439401","0.0833333"
"1975439401","1519107501","0.0833333"
"1519107501","1986750577","0.0833333"
"1986750577","1519107501","0.0833333"
"1519107501","2073753943","0.0833333"
"2073753943","1519107501","0.0833333"
"1519107501","2166006219","0.0833333"
"2166006219","1519107501","0.0833333"
"1546750489","1975439401","0.25"
"1975439401","1546750489","0.25"
"1969722313","1975439401","0.45"
"1975439401","1969722313","0.45"
"1975439401","2023750059","0.0833333"
"2023750059","1975439401","0.0833333"
"1975439401","2037460328","2.08333"
"2037460328","1975439401","2.08333"
"1975439401","2038327754","0.0833333"
"2038327754","1975439401","0.0833333"
"1975439401","2106273215","0.0833333"
"2106273215","1975439401","0.0833333"
"1976507515","2023750059","0.283333"
"2023750059","1976507515","0.283333"
"1986750577","2023750059","0.0833333"
"2023750059","1986750577","0.0833333"
"1986750577","2038327754","0.0833333"
"2038327754","1986750577","0.0833333"
"2023750059","2073753943","0.0833333"
"2073753943","2023750059","0.0833333"
"2023750059","2088164025","0.616667"
"2088164025","2023750059","0.616667"
"2023750059","2166006219","0.416667"
"2166006219","2023750059","0.416667"
"2037460328","2166006219","2.11667"
"2166006219","2037460328","2.11667"
"2038327754","2073753943","0.666667"
"2073753943","2038327754","0.666667"
"2106273215","2166006219","0.0833333"
"2166006219","2106273215","0.0833333"
"1519107501","2139088695","0.5"
"2139088695","1519107501","0.5"
"1976175488","2037460328","0.2"
"2037460328","1976175488","0.2"
"2037460328","2344432548","0.2"
"2344432548","2037460328","0.2"
"2037460328","2752054654","0.2"
"2752054654","2037460328","0.2"
"2166006219","2752054654","0.2"
"2752054654","2166006219","0.2"
"1631130021","1976507515","0.5"
"1976507515","1631130021","0.5"
"1631130021","2073753943","0.5"
"2073753943","1631130021","0.5"
"1631130021","2088164025","0.25"
"2088164025","1631130021","0.25"
"1820952504","2037577508","0.333333"
"2037577508","1820952504","0.333333"
"1820952504","2527800592","0.333333"
"2527800592","1820952504","0.333333"
"1820952504","268437146","0.333333"
"268437146","1820952504","0.333333"
"2037577508","2527800592","1.33333"
"2527800592","2037577508","1.33333"
"2037577508","268437146","0.333333"
"268437146","2037577508","0.333333"
"2527800592","268437146","0.333333"
"268437146","2527800592","0.333333"
"1969722313","592746391","0.2"
"592746391","1969722313","0.2"
"1976507515","592746391","0.45"
"592746391","1976507515","0.45"
"2008015082","592746391","0.2"
"592746391","2008015082","0.2"
"2088164025","592746391","0.2"
"592746391","2088164025","0.2"
"2073753943","592746391","0.333333"
"592746391","2073753943","0.333333"
"1975439401","2294845005","0.2"
"2294845005","1975439401","0.2"
"1986750577","2294845005","0.2"
"2294845005","1986750577","0.2"
"2294845005","592746391","0.2"
"592746391","2294845005","0.2"
"2166006219","592746391","0.25"
"592746391","2166006219","0.25"
"1976175488","592746391","0.7"
"592746391","1976175488","0.7"
"2344432548","592746391","0.7"
"592746391","2344432548","0.7"
"2752054654","592746391","0.2"
"592746391","2752054654","0.2"
"2008015082","2037577508","0.333333"
"2037577508","2008015082","0.333333"
"1993297366","2527800592","1.5"
"2527800592","1993297366","1.5"
"1993297366","2892525572","0.5"
"2892525572","1993297366","0.5"
"2527800592","2892525572","1.5"
"2892525572","2527800592","1.5"
"1993297366","2037577508","2"
"2037577508","1993297366","2"
"1993297366","2509995196","1"
"2509995196","1993297366","1"
"1993297366","2752054654","1"
"2752054654","1993297366","1"
"1993297366","2584740438","1"
"2584740438","1993297366","1"
"2008015082","2139088695","0.25"
"2139088695","2008015082","0.25"
"2030310140","2073753943","0.25"
"2073753943","2030310140","0.25"
"2030310140","2139088695","1"
"2139088695","2030310140","1"
"2073753943","2139088695","0.25"
"2139088695","2073753943","0.25"
"2023750059","2139088695","1.25"
"2139088695","2023750059","1.25"
"2106273215","2139088695","1.25"
"2139088695","2106273215","1.25"
"2037577508","2408392571","1.75"
"2408392571","2037577508","1.75"
"2037577508","2050778927","1.5"
"2050778927","2037577508","1.5"
"2050778927","2408392571","0.5"
"2408392571","2050778927","0.5"
"2037577508","2038327754","0.333333"
"2038327754","2037577508","0.333333"
"2037577508","2073753943","0.333333"
"2073753943","2037577508","0.333333"
"2037577508","2106273215","0.333333"
"2106273215","2037577508","0.333333"
"2037577508","2509995196","0.25"
"2509995196","2037577508","0.25"
"2037577508","2510435579","0.25"
"2510435579","2037577508","0.25"
"2037577508","2971889596","0.25"
"2971889596","2037577508","0.25"
"2408392571","2509995196","0.25"
"2509995196","2408392571","0.25"
"2408392571","2510435579","0.25"
"2510435579","2408392571","0.25"
"2408392571","2971889596","0.25"
"2971889596","2408392571","0.25"
"2509995196","2510435579","0.25"
"2510435579","2509995196","0.25"
"2509995196","2971889596","0.25"
"2971889596","2509995196","0.25"
"2510435579","2971889596","0.25"
"2971889596","2510435579","0.25"
"2038327754","2892525572","0.5"
"2892525572","2038327754","0.5"
"2139088695","2892525572","0.5"
"2892525572","2139088695","0.5"
"2050778927","2584740438","1"
"2584740438","2050778927","1"
"2050778927","2527800592","3"
"2527800592","2050778927","3"
"2050778927","2509995196","1"
"2509995196","2050778927","1"
"2509995196","2527800592","1"
"2527800592","2509995196","1"
