"110888411","68225826","6.64402"
"68225826","110888411","6.64402"
"110888411","2296038109","1"
"2296038109","110888411","1"
"110888411","1578159153","2"
"1578159153","110888411","2"
"110888411","2590482300","1.5"
"2590482300","110888411","1.5"
"110888411","1993510768","1.0845"
"1993510768","110888411","1.0845"
"110888411","2028253982","1.22736"
"2028253982","110888411","1.22736"
"110888411","2032373662","0.310689"
"2032373662","110888411","0.310689"
"110888411","2043275125","2.47736"
"2043275125","110888411","2.47736"
"110888411","2075884099","0.501166"
"2075884099","110888411","0.501166"
"110888411","2105417520","0.477356"
"2105417520","110888411","0.477356"
"110888411","2143085755","1.56069"
"2143085755","110888411","1.56069"
"110888411","2149041841","1.06069"
"2149041841","110888411","1.06069"
"110888411","2395604760","0.257576"
"2395604760","110888411","0.257576"
"110888411","2806254559","0.834499"
"2806254559","110888411","0.834499"
"1993510768","2028253982","4.02458"
"2028253982","1993510768","4.02458"
"1993510768","2032373662","0.57061"
"2032373662","1993510768","0.57061"
"1993510768","2043275125","2.19124"
"2043275125","1993510768","2.19124"
"1993510768","2075884099","0.167832"
"2075884099","1993510768","0.167832"
"1993510768","2105417520","1.57458"
"2105417520","1993510768","1.57458"
"1993510768","2143085755","2.71505"
"2143085755","1993510768","2.71505"
"1993510768","2149041841","2.27458"
"2149041841","1993510768","2.27458"
"1993510768","2395604760","0.844877"
"2395604760","1993510768","0.844877"
"1993510768","2806254559","0.44561"
"2806254559","1993510768","0.44561"
"1993510768","68225826","0.6718"
"68225826","1993510768","0.6718"
"2028253982","2032373662","0.880134"
"2032373662","2028253982","0.880134"
"2028253982","2043275125","2.79244"
"2043275125","2028253982","2.79244"
"2028253982","2075884099","0.167832"
"2075884099","2028253982","0.167832"
"2028253982","2105417520","1.8841"
"2105417520","2028253982","1.8841"
"2028253982","2143085755","2.02458"
"2143085755","2028253982","2.02458"
"2028253982","2149041841","2.87577"
"2149041841","2028253982","2.87577"
"2028253982","2395604760","1.13654"
"2395604760","2028253982","1.13654"
"2028253982","2806254559","0.903943"
"2806254559","2028253982","0.903943"
"2028253982","68225826","0.939658"
"68225826","2028253982","0.939658"
"2032373662","2043275125","3.63013"
"2043275125","2032373662","3.63013"
"2032373662","2075884099","0.167832"
"2075884099","2032373662","0.167832"
"2032373662","2105417520","1.46347"
"2105417520","2032373662","1.46347"
"2032373662","2143085755","0.713467"
"2143085755","2032373662","0.713467"
"2032373662","2149041841","1.63013"
"2149041841","2032373662","1.63013"
"2032373662","2395604760","1.28535"
"2395604760","2032373662","1.28535"
"2032373662","2806254559","0.44561"
"2806254559","2032373662","0.44561"
"2032373662","68225826","0.477356"
"68225826","2032373662","0.477356"
"2043275125","2075884099","0.167832"
"2075884099","2043275125","0.167832"
"2043275125","2105417520","3.66744"
"2105417520","2043275125","3.66744"
"2043275125","2143085755","4.27458"
"2143085755","2043275125","4.27458"
"2043275125","2149041841","3.74244"
"2149041841","2043275125","3.74244"
"2043275125","2395604760","1.66988"
"2395604760","2043275125","1.66988"
"2043275125","2806254559","3.38013"
"2806254559","2043275125","3.38013"
"2043275125","68225826","4.03251"
"68225826","2043275125","4.03251"
"2075884099","2105417520","0.167832"
"2105417520","2075884099","0.167832"
"2075884099","2143085755","0.167832"
"2143085755","2075884099","0.167832"
"2075884099","2149041841","0.167832"
"2149041841","2075884099","0.167832"
"2075884099","2395604760","0.0909091"
"2395604760","2075884099","0.0909091"
"2075884099","2806254559","0.501166"
"2806254559","2075884099","0.501166"
"2075884099","68225826","0.167832"
"68225826","2075884099","0.167832"
"2105417520","2143085755","2.32458"
"2143085755","2105417520","2.32458"
"2105417520","2149041841","6.16744"
"2149041841","2105417520","6.16744"
"2105417520","2395604760","4.87821"
"2395604760","2105417520","4.87821"
"2105417520","2806254559","0.612277"
"2806254559","2105417520","0.612277"
"2105417520","68225826","0.931324"
"68225826","2105417520","0.931324"
"2143085755","2149041841","2.27458"
"2149041841","2143085755","2.27458"
"2143085755","2395604760","1.03535"
"2395604760","2143085755","1.03535"
"2143085755","2806254559","1.11228"
"2806254559","2143085755","1.11228"
"2143085755","68225826","1.50513"
"68225826","2143085755","1.50513"
"2149041841","2395604760","5.66988"
"2395604760","2149041841","5.66988"
"2149041841","2806254559","1.23728"
"2806254559","2149041841","1.23728"
"2149041841","68225826","1.30632"
"68225826","2149041841","1.30632"
"2395604760","2806254559","0.493687"
"2806254559","2395604760","0.493687"
"2395604760","68225826","0.725433"
"68225826","2395604760","0.725433"
"2806254559","68225826","0.435689"
"68225826","2806254559","0.435689"
"110888411","408626129","0.410256"
"408626129","110888411","0.410256"
"2075884099","408626129","8.41026"
"408626129","2075884099","8.41026"
"2806254559","408626129","0.410256"
"408626129","2806254559","0.410256"
"110888411","2590115938","0.5"
"2590115938","110888411","0.5"
"2590115938","2590482300","0.642857"
"2590482300","2590115938","0.642857"
"110888411","2759397513","0.0769231"
"2759397513","110888411","0.0769231"
"110888411","2951678571","0.0769231"
"2951678571","110888411","0.0769231"
"1993510768","2759397513","0.0769231"
"2759397513","1993510768","0.0769231"
"1993510768","2951678571","0.0769231"
"2951678571","1993510768","0.0769231"
"1993510768","408626129","0.0769231"
"408626129","1993510768","0.0769231"
"2028253982","2759397513","0.0769231"
"2759397513","2028253982","0.0769231"
"2028253982","2951678571","0.0769231"
"2951678571","2028253982","0.0769231"
"2028253982","408626129","0.0769231"
"408626129","2028253982","0.0769231"
"2032373662","2759397513","0.0769231"
"2759397513","2032373662","0.0769231"
"2032373662","2951678571","0.0769231"
"2951678571","2032373662","0.0769231"
"2032373662","408626129","0.0769231"
"408626129","2032373662","0.0769231"
"2043275125","2759397513","0.0769231"
"2759397513","2043275125","0.0769231"
"2043275125","2951678571","0.46978"
"2951678571","2043275125","0.46978"
"2043275125","408626129","1.07692"
"408626129","2043275125","1.07692"
"2075884099","2759397513","0.0769231"
"2759397513","2075884099","0.0769231"
"2075884099","2951678571","0.0769231"
"2951678571","2075884099","0.0769231"
"2105417520","2759397513","0.0769231"
"2759397513","2105417520","0.0769231"
"2105417520","2951678571","0.326923"
"2951678571","2105417520","0.326923"
"2105417520","408626129","0.0769231"
"408626129","2105417520","0.0769231"
"2143085755","2759397513","0.0769231"
"2759397513","2143085755","0.0769231"
"2143085755","2951678571","0.0769231"
"2951678571","2143085755","0.0769231"
"2143085755","408626129","0.0769231"
"408626129","2143085755","0.0769231"
"2149041841","2759397513","0.0769231"
"2759397513","2149041841","0.0769231"
"2149041841","2951678571","0.326923"
"2951678571","2149041841","0.326923"
"2149041841","408626129","0.0769231"
"408626129","2149041841","0.0769231"
"2759397513","2806254559","0.0769231"
"2806254559","2759397513","0.0769231"
"2759397513","2951678571","0.0769231"
"2951678571","2759397513","0.0769231"
"2759397513","408626129","0.0769231"
"408626129","2759397513","0.0769231"
"2759397513","68225826","0.0769231"
"68225826","2759397513","0.0769231"
"2806254559","2951678571","0.21978"
"2951678571","2806254559","0.21978"
"2951678571","408626129","0.0769231"
"408626129","2951678571","0.0769231"
"2951678571","68225826","0.21978"
"68225826","2951678571","0.21978"
"408626129","68225826","0.0769231"
"68225826","408626129","0.0769231"
"138102984","2089644494","4.64286"
"2089644494","138102984","4.64286"
"138102984","1506142470","0.142857"
"1506142470","138102984","0.142857"
"138102984","1578159153","1.14286"
"1578159153","138102984","1.14286"
"138102984","2010733661","0.142857"
"2010733661","138102984","0.142857"
"138102984","2590115938","0.142857"
"2590115938","138102984","0.142857"
"138102984","2759397513","0.642857"
"2759397513","138102984","0.642857"
"138102984","2920764049","0.142857"
"2920764049","138102984","0.142857"
"1506142470","1578159153","0.642857"
"1578159153","1506142470","0.642857"
"1506142470","2010733661","11.4976"
"2010733661","1506142470","11.4976"
"1506142470","2089644494","0.547619"
"2089644494","1506142470","0.547619"
"1506142470","2590115938","0.47619"
"2590115938","1506142470","0.47619"
"1506142470","2759397513","0.214286"
"2759397513","1506142470","0.214286"
"1506142470","2920764049","0.142857"
"2920764049","1506142470","0.142857"
"1578159153","2010733661","0.842857"
"2010733661","1578159153","0.842857"
"1578159153","2089644494","1.34286"
"2089644494","1578159153","1.34286"
"1578159153","2590115938","0.47619"
"2590115938","1578159153","0.47619"
"1578159153","2759397513","0.642857"
"2759397513","1578159153","0.642857"
"1578159153","2920764049","0.142857"
"2920764049","1578159153","0.142857"
"2010733661","2089644494","1.24762"
"2089644494","2010733661","1.24762"
"2010733661","2590115938","1.80952"
"2590115938","2010733661","1.80952"
"2010733661","2759397513","0.214286"
"2759397513","2010733661","0.214286"
"2010733661","2920764049","0.142857"
"2920764049","2010733661","0.142857"
"2089644494","2590115938","0.642857"
"2590115938","2089644494","0.642857"
"2089644494","2759397513","1.21429"
"2759397513","2089644494","1.21429"
"2089644494","2920764049","0.142857"
"2920764049","2089644494","0.142857"
"2590115938","2759397513","0.142857"
"2759397513","2590115938","0.142857"
"2590115938","2920764049","1.14286"
"2920764049","2590115938","1.14286"
"2759397513","2920764049","1.14286"
"2920764049","2759397513","1.14286"
"1506142470","1583928033","2.02143"
"1583928033","1506142470","2.02143"
"1506142470","2033971127","2.02143"
"2033971127","1506142470","2.02143"
"1506142470","2250132166","0.366667"
"2250132166","1506142470","0.366667"
"1506142470","2503283942","2.52143"
"2503283942","1506142470","2.52143"
"1583928033","2010733661","2.55476"
"2010733661","1583928033","2.55476"
"1583928033","2033971127","4.72143"
"2033971127","1583928033","4.72143"
"1583928033","2250132166","1.03333"
"2250132166","1583928033","1.03333"
"1583928033","2503283942","3.55476"
"2503283942","1583928033","3.55476"
"1583928033","2590115938","1.33333"
"2590115938","1583928033","1.33333"
"2010733661","2033971127","2.22143"
"2033971127","2010733661","2.22143"
"2010733661","2250132166","0.7"
"2250132166","2010733661","0.7"
"2010733661","2503283942","2.72143"
"2503283942","2010733661","2.72143"
"2033971127","2250132166","2.03333"
"2250132166","2033971127","2.03333"
"2033971127","2503283942","10.2214"
"2503283942","2033971127","10.2214"
"2033971127","2590115938","1.83333"
"2590115938","2033971127","1.83333"
"2250132166","2503283942","3.03333"
"2503283942","2250132166","3.03333"
"2250132166","2590115938","5.36667"
"2590115938","2250132166","5.36667"
"2503283942","2590115938","1.83333"
"2590115938","2503283942","1.83333"
"1578159153","2503283942","0.7"
"2503283942","1578159153","0.7"
"1506142470","2002817556","0.404762"
"2002817556","1506142470","0.404762"
"1506142470","2131485737","0.404762"
"2131485737","1506142470","0.404762"
"1583928033","2002817556","0.571429"
"2002817556","1583928033","0.571429"
"1583928033","2131485737","0.571429"
"2131485737","1583928033","0.571429"
"2002817556","2010733661","0.904762"
"2010733661","2002817556","0.904762"
"2002817556","2033971127","0.404762"
"2033971127","2002817556","0.404762"
"2002817556","2131485737","7.7381"
"2131485737","2002817556","7.7381"
"2002817556","2503283942","0.571429"
"2503283942","2002817556","0.571429"
"2010733661","2131485737","0.404762"
"2131485737","2010733661","0.404762"
"2033971127","2131485737","0.404762"
"2131485737","2033971127","0.404762"
"2131485737","2503283942","0.571429"
"2503283942","2131485737","0.571429"
"1506142470","2951678571","0.333333"
"2951678571","1506142470","0.333333"
"1583928033","2089644494","0.771429"
"2089644494","1583928033","0.771429"
"1583928033","2951678571","0.333333"
"2951678571","1583928033","0.333333"
"2010733661","2951678571","0.333333"
"2951678571","2010733661","0.333333"
"2033971127","2089644494","0.604762"
"2089644494","2033971127","0.604762"
"2033971127","2951678571","0.333333"
"2951678571","2033971127","0.333333"
"2089644494","2503283942","0.771429"
"2503283942","2089644494","0.771429"
"2089644494","2951678571","1"
"2951678571","2089644494","1"
"2503283942","2951678571","0.333333"
"2951678571","2503283942","0.333333"
"1506142470","859154613","0.166667"
"859154613","1506142470","0.166667"
"1578159153","1583928033","0.366667"
"1583928033","1578159153","0.366667"
"1578159153","2033971127","0.366667"
"2033971127","1578159153","0.366667"
"1578159153","859154613","0.166667"
"859154613","1578159153","0.166667"
"1583928033","859154613","0.166667"
"859154613","1583928033","0.166667"
"2010733661","859154613","0.166667"
"859154613","2010733661","0.166667"
"2033971127","859154613","0.166667"
"859154613","2033971127","0.166667"
"2503283942","859154613","0.166667"
"859154613","2503283942","0.166667"
"1506142470","1559164579","0.0714286"
"1559164579","1506142470","0.0714286"
"1506142470","1761490625","0.0714286"
"1761490625","1506142470","0.0714286"
"1506142470","2027704144","0.0714286"
"2027704144","1506142470","0.0714286"
"1506142470","2072145531","0.0714286"
"2072145531","1506142470","0.0714286"
"1506142470","2115051573","0.0714286"
"2115051573","1506142470","0.0714286"
"1506142470","2505154521","0.571429"
"2505154521","1506142470","0.571429"
"1559164579","1583928033","0.0714286"
"1583928033","1559164579","0.0714286"
"1559164579","1761490625","0.0714286"
"1761490625","1559164579","0.0714286"
"1559164579","2002817556","0.821429"
"2002817556","1559164579","0.821429"
"1559164579","2010733661","0.0714286"
"2010733661","1559164579","0.0714286"
"1559164579","2027704144","0.0714286"
"2027704144","1559164579","0.0714286"
"1559164579","2033971127","0.0714286"
"2033971127","1559164579","0.0714286"
"1559164579","2072145531","0.0714286"
"2072145531","1559164579","0.0714286"
"1559164579","2089644494","0.0714286"
"2089644494","1559164579","0.0714286"
"1559164579","2115051573","0.0714286"
"2115051573","1559164579","0.0714286"
"1559164579","2131485737","0.821429"
"2131485737","1559164579","0.821429"
"1559164579","2503283942","0.0714286"
"2503283942","1559164579","0.0714286"
"1559164579","2505154521","0.321429"
"2505154521","1559164579","0.321429"
"1559164579","2759397513","0.321429"
"2759397513","1559164579","0.321429"
"1583928033","1761490625","0.0714286"
"1761490625","1583928033","0.0714286"
"1583928033","2027704144","0.0714286"
"2027704144","1583928033","0.0714286"
"1583928033","2072145531","0.238095"
"2072145531","1583928033","0.238095"
"1583928033","2115051573","0.0714286"
"2115051573","1583928033","0.0714286"
"1583928033","2505154521","0.238095"
"2505154521","1583928033","0.238095"
"1583928033","2759397513","0.0714286"
"2759397513","1583928033","0.0714286"
"1761490625","2002817556","0.321429"
"2002817556","1761490625","0.321429"
"1761490625","2010733661","0.0714286"
"2010733661","1761490625","0.0714286"
"1761490625","2027704144","12.3381"
"2027704144","1761490625","12.3381"
"1761490625","2033971127","0.0714286"
"2033971127","1761490625","0.0714286"
"1761490625","2072145531","0.271429"
"2072145531","1761490625","0.271429"
"1761490625","2089644494","0.0714286"
"2089644494","1761490625","0.0714286"
"1761490625","2115051573","1.05476"
"2115051573","1761490625","1.05476"
"1761490625","2131485737","0.521429"
"2131485737","1761490625","0.521429"
"1761490625","2503283942","0.0714286"
"2503283942","1761490625","0.0714286"
"1761490625","2505154521","1.30476"
"2505154521","1761490625","1.30476"
"1761490625","2759397513","4.9381"
"2759397513","1761490625","4.9381"
"2002817556","2027704144","0.321429"
"2027704144","2002817556","0.321429"
"2002817556","2072145531","0.238095"
"2072145531","2002817556","0.238095"
"2002817556","2089644494","5.40476"
"2089644494","2002817556","5.40476"
"2002817556","2115051573","0.321429"
"2115051573","2002817556","0.321429"
"2002817556","2505154521","0.738095"
"2505154521","2002817556","0.738095"
"2002817556","2759397513","0.821429"
"2759397513","2002817556","0.821429"
"2010733661","2027704144","0.0714286"
"2027704144","2010733661","0.0714286"
"2010733661","2072145531","0.0714286"
"2072145531","2010733661","0.0714286"
"2010733661","2115051573","0.0714286"
"2115051573","2010733661","0.0714286"
"2010733661","2505154521","0.571429"
"2505154521","2010733661","0.571429"
"2027704144","2033971127","0.0714286"
"2033971127","2027704144","0.0714286"
"2027704144","2072145531","0.521429"
"2072145531","2027704144","0.521429"
"2027704144","2089644494","0.0714286"
"2089644494","2027704144","0.0714286"
"2027704144","2115051573","1.80476"
"2115051573","2027704144","1.80476"
"2027704144","2131485737","1.02143"
"2131485737","2027704144","1.02143"
"2027704144","2503283942","0.0714286"
"2503283942","2027704144","0.0714286"
"2027704144","2505154521","2.05476"
"2505154521","2027704144","2.05476"
"2027704144","2759397513","7.6881"
"2759397513","2027704144","7.6881"
"2033971127","2072145531","0.0714286"
"2072145531","2033971127","0.0714286"
"2033971127","2115051573","0.0714286"
"2115051573","2033971127","0.0714286"
"2033971127","2505154521","0.0714286"
"2505154521","2033971127","0.0714286"
"2033971127","2759397513","0.0714286"
"2759397513","2033971127","0.0714286"
"2072145531","2089644494","0.238095"
"2089644494","2072145531","0.238095"
"2072145531","2115051573","1.52143"
"2115051573","2072145531","1.52143"
"2072145531","2131485737","0.738095"
"2131485737","2072145531","0.738095"
"2072145531","2503283942","0.238095"
"2503283942","2072145531","0.238095"
"2072145531","2505154521","1.6881"
"2505154521","2072145531","1.6881"
"2072145531","2759397513","0.321429"
"2759397513","2072145531","0.321429"
"2089644494","2115051573","0.404762"
"2115051573","2089644494","0.404762"
"2089644494","2131485737","2.2381"
"2131485737","2089644494","2.2381"
"2089644494","2505154521","1.07143"
"2505154521","2089644494","1.07143"
"2115051573","2131485737","0.604762"
"2131485737","2115051573","0.604762"
"2115051573","2503283942","0.0714286"
"2503283942","2115051573","0.0714286"
"2115051573","2505154521","3.30476"
"2505154521","2115051573","3.30476"
"2115051573","2759397513","2.35476"
"2759397513","2115051573","2.35476"
"2131485737","2505154521","1.85476"
"2505154521","2131485737","1.85476"
"2131485737","2759397513","1.60476"
"2759397513","2131485737","1.60476"
"2503283942","2505154521","0.238095"
"2505154521","2503283942","0.238095"
"2503283942","2759397513","0.0714286"
"2759397513","2503283942","0.0714286"
"2505154521","2759397513","11.6881"
"2759397513","2505154521","11.6881"
"1506142470","2402458325","0.166667"
"2402458325","1506142470","0.166667"
"1583928033","2402458325","0.166667"
"2402458325","1583928033","0.166667"
"2010733661","2402458325","0.166667"
"2402458325","2010733661","0.166667"
"2033971127","2402458325","0.166667"
"2402458325","2033971127","0.166667"
"2402458325","2503283942","0.166667"
"2503283942","2402458325","0.166667"
"2402458325","2951678571","55.5929"
"2951678571","2402458325","55.5929"
"1545068154","1588574216","8.53333"
"1588574216","1545068154","8.53333"
"1545068154","2005910911","7.53333"
"2005910911","1545068154","7.53333"
"1545068154","2157989279","1.53333"
"2157989279","1545068154","1.53333"
"1588574216","2005910911","7.53333"
"2005910911","1588574216","7.53333"
"1588574216","2157989279","1.53333"
"2157989279","1588574216","1.53333"
"2005910911","2157989279","4.53333"
"2157989279","2005910911","4.53333"
"1545068154","1761490625","0.2"
"1761490625","1545068154","0.2"
"1545068154","2027704144","0.2"
"2027704144","1545068154","0.2"
"1588574216","1761490625","0.2"
"1761490625","1588574216","0.2"
"1588574216","2027704144","0.2"
"2027704144","1588574216","0.2"
"1761490625","2005910911","0.2"
"2005910911","1761490625","0.2"
"1761490625","2157989279","0.45"
"2157989279","1761490625","0.45"
"2005910911","2027704144","0.2"
"2027704144","2005910911","0.2"
"2027704144","2157989279","0.45"
"2157989279","2027704144","0.45"
"1559164579","1782537397","2"
"1782537397","1559164579","2"
"1578159153","2027704144","1.5"
"2027704144","1578159153","1.5"
"1578159153","2296038109","1.5"
"2296038109","1578159153","1.5"
"2296038109","2759397513","0.5"
"2759397513","2296038109","0.5"
"1578159153","2002817556","1.16667"
"2002817556","1578159153","1.16667"
"1578159153","2131485737","1.16667"
"2131485737","1578159153","1.16667"
"1578159153","2402458325","0.5"
"2402458325","1578159153","0.5"
"1578159153","2951678571","0.75"
"2951678571","1578159153","0.75"
"1578159153","2043275125","0.25"
"2043275125","1578159153","0.25"
"1578159153","2105417520","0.25"
"2105417520","1578159153","0.25"
"1578159153","2149041841","0.25"
"2149041841","1578159153","0.25"
"1578159153","2250132166","0.333333"
"2250132166","1578159153","0.333333"
"2089644494","2250132166","0.333333"
"2250132166","2089644494","0.333333"
"1578159153","1761490625","0.5"
"1761490625","1578159153","0.5"
"2115051573","2157989279","0.25"
"2157989279","2115051573","0.25"
"2157989279","2759397513","0.25"
"2759397513","2157989279","0.25"
"1761490625","2131323387","0.2"
"2131323387","1761490625","0.2"
"2027704144","2131323387","0.2"
"2131323387","2027704144","0.2"
"2072145531","2131323387","0.7"
"2131323387","2072145531","0.7"
"2115051573","2131323387","0.7"
"2131323387","2115051573","0.7"
"2131323387","2505154521","6.03333"
"2505154521","2131323387","6.03333"
"1782537397","2089644494","1"
"2089644494","1782537397","1"
"1902380475","1979183540","0.236111"
"1979183540","1902380475","0.236111"
"1902380475","1993510768","0.236111"
"1993510768","1902380475","0.236111"
"1902380475","2028253982","0.236111"
"2028253982","1902380475","0.236111"
"1902380475","2032373662","0.125"
"2032373662","1902380475","0.125"
"1902380475","2043275125","0.236111"
"2043275125","1902380475","0.236111"
"1902380475","2105417520","0.236111"
"2105417520","1902380475","0.236111"
"1902380475","2143085755","0.236111"
"2143085755","1902380475","0.236111"
"1902380475","2149041841","0.236111"
"2149041841","1902380475","0.236111"
"1979183540","1993510768","0.656746"
"1993510768","1979183540","0.656746"
"1979183540","2028253982","0.948413"
"2028253982","1979183540","0.948413"
"1979183540","2032373662","0.902778"
"2032373662","1979183540","0.902778"
"1979183540","2043275125","1.89841"
"2043275125","1979183540","1.89841"
"1979183540","2105417520","1.44008"
"2105417520","1979183540","1.44008"
"1979183540","2143085755","0.347222"
"2143085755","1979183540","0.347222"
"1979183540","2149041841","1.73175"
"2149041841","1979183540","1.73175"
"1902380475","2146970479","0.111111"
"2146970479","1902380475","0.111111"
"1902380475","68225826","0.111111"
"68225826","1902380475","0.111111"
"1979183540","2146970479","0.236111"
"2146970479","1979183540","0.236111"
"1979183540","68225826","0.578968"
"68225826","1979183540","0.578968"
"1993510768","2146970479","0.311111"
"2146970479","1993510768","0.311111"
"2028253982","2146970479","0.602778"
"2146970479","2028253982","0.602778"
"2043275125","2146970479","2.76944"
"2146970479","2043275125","2.76944"
"2105417520","2146970479","0.444444"
"2146970479","2105417520","0.444444"
"2143085755","2146970479","0.477778"
"2146970479","2143085755","0.477778"
"2146970479","2149041841","0.769444"
"2149041841","2146970479","0.769444"
"2146970479","68225826","0.402778"
"68225826","2146970479","0.402778"
"1979183540","2395604760","1.49563"
"2395604760","1979183540","1.49563"
"1979183540","2590482300","0.125"
"2590482300","1979183540","0.125"
"1979183540","2806254559","0.402778"
"2806254559","1979183540","0.402778"
"2028253982","2590482300","0.125"
"2590482300","2028253982","0.125"
"2043275125","2590482300","0.767857"
"2590482300","2043275125","0.767857"
"2146970479","2395604760","0.291667"
"2395604760","2146970479","0.291667"
"2146970479","2590482300","0.125"
"2590482300","2146970479","0.125"
"2146970479","2806254559","0.291667"
"2806254559","2146970479","0.291667"
"2149041841","2590482300","0.125"
"2590482300","2149041841","0.125"
"2395604760","2590482300","0.125"
"2590482300","2395604760","0.125"
"2590482300","2806254559","0.767857"
"2806254559","2590482300","0.767857"
"2590482300","68225826","0.267857"
"68225826","2590482300","0.267857"
"2002817556","408626129","1"
"408626129","2002817556","1"
"2002817556","2005910911","0.25"
"2005910911","2002817556","0.25"
"2005910911","2115051573","0.25"
"2115051573","2005910911","0.25"
"2005910911","2505154521","0.25"
"2505154521","2005910911","0.25"
"2005910911","2759397513","1.25"
"2759397513","2005910911","1.25"
"2032373662","2146970479","0.166667"
"2146970479","2032373662","0.166667"
"2043275125","2187277955","0.142857"
"2187277955","2043275125","0.142857"
"2043275125","2402458325","0.142857"
"2402458325","2043275125","0.142857"
"2043275125","2590115938","0.142857"
"2590115938","2043275125","0.142857"
"2187277955","2402458325","0.142857"
"2402458325","2187277955","0.142857"
"2187277955","2590115938","0.142857"
"2590115938","2187277955","0.142857"
"2187277955","2590482300","0.142857"
"2590482300","2187277955","0.142857"
"2187277955","2806254559","0.142857"
"2806254559","2187277955","0.142857"
"2187277955","2951678571","0.142857"
"2951678571","2187277955","0.142857"
"2187277955","68225826","0.142857"
"68225826","2187277955","0.142857"
"2402458325","2590115938","1.75952"
"2590115938","2402458325","1.75952"
"2402458325","2590482300","1.14286"
"2590482300","2402458325","1.14286"
"2402458325","2806254559","0.142857"
"2806254559","2402458325","0.142857"
"2402458325","68225826","0.142857"
"68225826","2402458325","0.142857"
"2590115938","2806254559","0.142857"
"2806254559","2590115938","0.142857"
"2590115938","2951678571","1.25952"
"2951678571","2590115938","1.25952"
"2590115938","68225826","0.142857"
"68225826","2590115938","0.142857"
"2590482300","2951678571","0.142857"
"2951678571","2590482300","0.142857"
"2089644494","2402458325","0.833333"
"2402458325","2089644494","0.833333"
"2089644494","2918915919","0.333333"
"2918915919","2089644494","0.333333"
"2402458325","2918915919","1.7"
"2918915919","2402458325","1.7"
"2918915919","2951678571","1.7"
"2951678571","2918915919","1.7"
"2115051573","2402458325","0.5"
"2402458325","2115051573","0.5"
"2115051573","2951678571","0.5"
"2951678571","2115051573","0.5"
"2131323387","2131485737","0.333333"
"2131485737","2131323387","0.333333"
"2131323387","2759397513","0.833333"
"2759397513","2131323387","0.833333"
"2143085755","2187277955","1"
"2187277955","2143085755","1"
"2250132166","2918915919","1.7"
"2918915919","2250132166","1.7"
"2250132166","859154613","0.7"
"859154613","2250132166","0.7"
"2918915919","859154613","0.7"
"859154613","2918915919","0.7"
"2250132166","2920764049","2"
"2920764049","2250132166","2"
"2250132166","2402458325","0.2"
"2402458325","2250132166","0.2"
"2250132166","2951678571","0.2"
"2951678571","2250132166","0.2"
"2402458325","859154613","0.7"
"859154613","2402458325","0.7"
"2590115938","2918915919","7.86667"
"2918915919","2590115938","7.86667"
"2590115938","859154613","0.7"
"859154613","2590115938","0.7"
"2951678571","859154613","0.2"
"859154613","2951678571","0.2"
"2402458325","2920764049","0.5"
"2920764049","2402458325","0.5"
"2920764049","2951678571","0.5"
"2951678571","2920764049","0.5"
"2402458325","2604855735","0.583333"
"2604855735","2402458325","0.583333"
"2402458325","2920464396","0.333333"
"2920464396","2402458325","0.333333"
"2604855735","2920464396","0.666667"
"2920464396","2604855735","0.666667"
"2604855735","2951678571","0.583333"
"2951678571","2604855735","0.583333"
"2920464396","2951678571","0.333333"
"2951678571","2920464396","0.333333"
"2402458325","2953728631","0.25"
"2953728631","2402458325","0.25"
"2590115938","2604855735","0.25"
"2604855735","2590115938","0.25"
"2590115938","2953728631","0.25"
"2953728631","2590115938","0.25"
"2604855735","2953728631","0.583333"
"2953728631","2604855735","0.583333"
"2951678571","2953728631","0.25"
"2953728631","2951678571","0.25"
"2590482300","2918915919","1"
"2918915919","2590482300","1"
"2590482300","2953728631","0.5"
"2953728631","2590482300","0.5"
"2918915919","2953728631","0.5"
"2953728631","2918915919","0.5"
"2590482300","2759397513","0.5"
"2759397513","2590482300","0.5"
"2759397513","2918915919","0.5"
"2918915919","2759397513","0.5"
"2604855735","2904574017","0.333333"
"2904574017","2604855735","0.333333"
"2904574017","2920464396","8.83333"
"2920464396","2904574017","8.83333"
"2904574017","2953728631","1.83333"
"2953728631","2904574017","1.83333"
"2920464396","2953728631","0.833333"
"2953728631","2920464396","0.833333"
"2904574017","2918915919","1"
"2918915919","2904574017","1"
