"1578312553","1662479682","15.6264"
"1662479682","1578312553","15.6264"
"1578312553","1693246050","14.1918"
"1693246050","1578312553","14.1918"
"1578312553","1811515389","15.8264"
"1811515389","1578312553","15.8264"
"1578312553","2106197831","16.2192"
"2106197831","1578312553","16.2192"
"1578312553","2133392123","15.8264"
"2133392123","1578312553","15.8264"
"1578312553","2138688644","15.1918"
"2138688644","1578312553","15.1918"
"1578312553","2156117657","15.9567"
"2156117657","1578312553","15.9567"
"1578312553","2170580483","16.2192"
"2170580483","1578312553","16.2192"
"1662479682","1693246050","14.4656"
"1693246050","1662479682","14.4656"
"1662479682","1811515389","29.1199"
"1811515389","1662479682","29.1199"
"1662479682","2106197831","15.6264"
"2106197831","1662479682","15.6264"
"1662479682","2133392123","31.1199"
"2133392123","1662479682","31.1199"
"1662479682","2138688644","22.6188"
"2138688644","1662479682","22.6188"
"1662479682","2156117657","28.5639"
"2156117657","1662479682","28.5639"
"1662479682","2170580483","19.1597"
"2170580483","1662479682","19.1597"
"1693246050","1811515389","14.4656"
"1811515389","1693246050","14.4656"
"1693246050","2106197831","14.1918"
"2106197831","1693246050","14.1918"
"1693246050","2133392123","14.9656"
"2133392123","1693246050","14.9656"
"1693246050","2138688644","14.9656"
"2138688644","1693246050","14.9656"
"1693246050","2156117657","14.796"
"2156117657","1693246050","14.796"
"1693246050","2170580483","14.8585"
"2170580483","1693246050","14.8585"
"1811515389","2106197831","15.8264"
"2106197831","1811515389","15.8264"
"1811515389","2133392123","29.6533"
"2133392123","1811515389","29.6533"
"1811515389","2138688644","22.6188"
"2138688644","1811515389","22.6188"
"1811515389","2156117657","28.8972"
"2156117657","1811515389","28.8972"
"1811515389","2170580483","19.3597"
"2170580483","1811515389","19.3597"
"2106197831","2133392123","15.8264"
"2133392123","2106197831","15.8264"
"2106197831","2138688644","15.1918"
"2138688644","2106197831","15.1918"
"2106197831","2156117657","15.9567"
"2156117657","2106197831","15.9567"
"2106197831","2170580483","16.2192"
"2170580483","2106197831","16.2192"
"2133392123","2138688644","80.6521"
"2138688644","2133392123","80.6521"
"2133392123","2156117657","28.8972"
"2156117657","2133392123","28.8972"
"2133392123","2170580483","21.3597"
"2170580483","2133392123","21.3597"
"2138688644","2156117657","22.0627"
"2156117657","2138688644","22.0627"
"2138688644","2170580483","18.0252"
"2170580483","2138688644","18.0252"
"2156117657","2170580483","19.49"
"2170580483","2156117657","19.49"
"1578312553","1835066123","5.18097"
"1835066123","1578312553","5.18097"
"1578312553","1842420667","5.51877"
"1842420667","1578312553","5.51877"
"1578312553","1941609588","5.18097"
"1941609588","1578312553","5.18097"
"1578312553","2121330114","5.1521"
"2121330114","1578312553","5.1521"
"1578312553","2126081195","5.97953"
"2126081195","1578312553","5.97953"
"1578312553","2148309357","5.44099"
"2148309357","1578312553","5.44099"
"1578312553","2149870858","5.18097"
"2149870858","1578312553","5.18097"
"1578312553","2165737071","8.0585"
"2165737071","1578312553","8.0585"
"1578312553","2207899133","4.96119"
"2207899133","1578312553","4.96119"
"1662479682","1835066123","5.19837"
"1835066123","1662479682","5.19837"
"1662479682","1842420667","5.87902"
"1842420667","1662479682","5.87902"
"1662479682","1941609588","5.19837"
"1941609588","1662479682","5.19837"
"1662479682","2121330114","5.31236"
"2121330114","1662479682","5.31236"
"1662479682","2126081195","6.13979"
"2126081195","1662479682","6.13979"
"1662479682","2148309357","5.60125"
"2148309357","1662479682","5.60125"
"1662479682","2149870858","5.19837"
"2149870858","1662479682","5.19837"
"1662479682","2165737071","14.4354"
"2165737071","1662479682","14.4354"
"1662479682","2207899133","5.12145"
"2207899133","1662479682","5.12145"
"1693246050","1835066123","5.18097"
"1835066123","1693246050","5.18097"
"1693246050","1842420667","5.51877"
"1842420667","1693246050","5.51877"
"1693246050","1941609588","5.18097"
"1941609588","1693246050","5.18097"
"1693246050","2121330114","5.1521"
"2121330114","1693246050","5.1521"
"1693246050","2126081195","5.97953"
"2126081195","1693246050","5.97953"
"1693246050","2148309357","5.44099"
"2148309357","1693246050","5.44099"
"1693246050","2149870858","5.18097"
"2149870858","1693246050","5.18097"
"1693246050","2165737071","7.59064"
"2165737071","1693246050","7.59064"
"1693246050","2207899133","4.96119"
"2207899133","1693246050","4.96119"
"1811515389","1835066123","5.19837"
"1835066123","1811515389","5.19837"
"1811515389","1842420667","5.87902"
"1842420667","1811515389","5.87902"
"1811515389","1941609588","5.19837"
"1941609588","1811515389","5.19837"
"1811515389","2121330114","5.31236"
"2121330114","1811515389","5.31236"
"1811515389","2126081195","6.13979"
"2126081195","1811515389","6.13979"
"1811515389","2148309357","5.60125"
"2148309357","1811515389","5.60125"
"1811515389","2149870858","5.19837"
"2149870858","1811515389","5.19837"
"1811515389","2165737071","14.9688"
"2165737071","1811515389","14.9688"
"1811515389","2207899133","5.12145"
"2207899133","1811515389","5.12145"
"1835066123","1842420667","5.12145"
"1842420667","1835066123","5.12145"
"1835066123","1941609588","6.84123"
"1941609588","1835066123","6.84123"
"1835066123","2106197831","5.18097"
"2106197831","1835066123","5.18097"
"1835066123","2121330114","5.12145"
"2121330114","1835066123","5.12145"
"1835066123","2126081195","6.69837"
"2126081195","1835066123","6.69837"
"1835066123","2133392123","5.19837"
"2133392123","1835066123","5.19837"
"1835066123","2138688644","5.19837"
"2138688644","1835066123","5.19837"
"1835066123","2148309357","5.12145"
"2148309357","1835066123","5.12145"
"1835066123","2149870858","5.84123"
"2149870858","1835066123","5.84123"
"1835066123","2156117657","5.11847"
"2156117657","1835066123","5.11847"
"1835066123","2165737071","5.69837"
"2165737071","1835066123","5.69837"
"1835066123","2170580483","5.18097"
"2170580483","1835066123","5.18097"
"1835066123","2207899133","5.62145"
"2207899133","1835066123","5.62145"
"1842420667","1941609588","5.12145"
"1941609588","1842420667","5.12145"
"1842420667","2106197831","5.51877"
"2106197831","1842420667","5.51877"
"1842420667","2121330114","12.9548"
"2121330114","1842420667","12.9548"
"1842420667","2126081195","5.57902"
"2126081195","1842420667","5.57902"
"1842420667","2133392123","6.41236"
"2133392123","1842420667","6.41236"
"1842420667","2138688644","6.21236"
"2138688644","1842420667","6.21236"
"1842420667","2148309357","7.32145"
"2148309357","1842420667","7.32145"
"1842420667","2149870858","5.12145"
"2149870858","1842420667","5.12145"
"1842420667","2156117657","5.65627"
"2156117657","1842420667","5.65627"
"1842420667","2165737071","101.746"
"2165737071","1842420667","101.746"
"1842420667","2170580483","5.51877"
"2170580483","1842420667","5.51877"
"1842420667","2207899133","5.12145"
"2207899133","1842420667","5.12145"
"1941609588","2106197831","5.18097"
"2106197831","1941609588","5.18097"
"1941609588","2121330114","5.12145"
"2121330114","1941609588","5.12145"
"1941609588","2126081195","9.19837"
"2126081195","1941609588","9.19837"
"1941609588","2133392123","5.19837"
"2133392123","1941609588","5.19837"
"1941609588","2138688644","5.19837"
"2138688644","1941609588","5.19837"
"1941609588","2148309357","5.12145"
"2148309357","1941609588","5.12145"
"1941609588","2149870858","6.84123"
"2149870858","1941609588","6.84123"
"1941609588","2156117657","5.11847"
"2156117657","1941609588","5.11847"
"1941609588","2165737071","7.19837"
"2165737071","1941609588","7.19837"
"1941609588","2170580483","5.18097"
"2170580483","1941609588","5.18097"
"1941609588","2207899133","5.62145"
"2207899133","1941609588","5.62145"
"2106197831","2121330114","5.1521"
"2121330114","2106197831","5.1521"
"2106197831","2126081195","5.97953"
"2126081195","2106197831","5.97953"
"2106197831","2148309357","5.44099"
"2148309357","2106197831","5.44099"
"2106197831","2149870858","5.18097"
"2149870858","2106197831","5.18097"
"2106197831","2165737071","8.0585"
"2165737071","2106197831","8.0585"
"2106197831","2207899133","4.96119"
"2207899133","2106197831","4.96119"
"2121330114","2126081195","5.21236"
"2126081195","2121330114","5.21236"
"2121330114","2133392123","5.31236"
"2133392123","2121330114","5.31236"
"2121330114","2138688644","5.31236"
"2138688644","2121330114","5.31236"
"2121330114","2148309357","5.45478"
"2148309357","2121330114","5.45478"
"2121330114","2149870858","5.12145"
"2149870858","2121330114","5.12145"
"2121330114","2156117657","5.0896"
"2156117657","2121330114","5.0896"
"2121330114","2165737071","26.1457"
"2165737071","2121330114","26.1457"
"2121330114","2170580483","5.1521"
"2170580483","2121330114","5.1521"
"2121330114","2207899133","5.12145"
"2207899133","2121330114","5.12145"
"2126081195","2133392123","52.3398"
"2133392123","2126081195","52.3398"
"2126081195","2138688644","7.33979"
"2138688644","2126081195","7.33979"
"2126081195","2148309357","6.57902"
"2148309357","2126081195","6.57902"
"2126081195","2149870858","6.69837"
"2149870858","2126081195","6.69837"
"2126081195","2156117657","5.91703"
"2156117657","2126081195","5.91703"
"2126081195","2165737071","11.2287"
"2165737071","2126081195","11.2287"
"2126081195","2170580483","5.97953"
"2170580483","2126081195","5.97953"
"2126081195","2207899133","6.62145"
"2207899133","2126081195","6.62145"
"2133392123","2148309357","5.80125"
"2148309357","2133392123","5.80125"
"2133392123","2149870858","5.19837"
"2149870858","2133392123","5.19837"
"2133392123","2165737071","23.5021"
"2165737071","2133392123","23.5021"
"2133392123","2207899133","5.12145"
"2207899133","2133392123","5.12145"
"2138688644","2148309357","5.80125"
"2148309357","2138688644","5.80125"
"2138688644","2149870858","5.19837"
"2149870858","2138688644","5.19837"
"2138688644","2165737071","16.0509"
"2165737071","2138688644","16.0509"
"2138688644","2207899133","5.12145"
"2207899133","2138688644","5.12145"
"2148309357","2149870858","5.12145"
"2149870858","2148309357","5.12145"
"2148309357","2156117657","5.37849"
"2156117657","2148309357","5.37849"
"2148309357","2165737071","13.4124"
"2165737071","2148309357","13.4124"
"2148309357","2170580483","5.44099"
"2170580483","2148309357","5.44099"
"2148309357","2207899133","5.12145"
"2207899133","2148309357","5.12145"
"2149870858","2156117657","5.11847"
"2156117657","2149870858","5.11847"
"2149870858","2165737071","5.69837"
"2165737071","2149870858","5.69837"
"2149870858","2170580483","5.18097"
"2170580483","2149870858","5.18097"
"2149870858","2207899133","5.62145"
"2207899133","2149870858","5.62145"
"2156117657","2165737071","14.546"
"2165737071","2156117657","14.546"
"2156117657","2207899133","4.89869"
"2207899133","2156117657","4.89869"
"2165737071","2170580483","10.4252"
"2170580483","2165737071","10.4252"
"2165737071","2207899133","5.62145"
"2207899133","2165737071","5.62145"
"2170580483","2207899133","4.96119"
"2207899133","2170580483","4.96119"
"1578312553","2267472750","0.565909"
"2267472750","1578312553","0.565909"
"1662479682","2267472750","0.815909"
"2267472750","1662479682","0.815909"
"1693246050","2267472750","0.190909"
"2267472750","1693246050","0.190909"
"1811515389","2267472750","0.815909"
"2267472750","1811515389","0.815909"
"2106197831","2267472750","0.565909"
"2267472750","2106197831","0.565909"
"2126081195","2267472750","0.0909091"
"2267472750","2126081195","0.0909091"
"2133392123","2267472750","0.815909"
"2267472750","2133392123","0.815909"
"2138688644","2267472750","0.440909"
"2267472750","2138688644","0.440909"
"2156117657","2267472750","0.815909"
"2267472750","2156117657","0.815909"
"2165737071","2267472750","0.315909"
"2267472750","2165737071","0.315909"
"2170580483","2267472750","0.565909"
"2267472750","2170580483","0.565909"
"1578312553","1596233751","0.722222"
"1596233751","1578312553","0.722222"
"1596233751","1662479682","0.799145"
"1662479682","1596233751","0.799145"
"1596233751","1693246050","0.722222"
"1693246050","1596233751","0.722222"
"1596233751","1811515389","0.799145"
"1811515389","1596233751","0.799145"
"1596233751","1835066123","0.799145"
"1835066123","1596233751","0.799145"
"1596233751","1842420667","0.799145"
"1842420667","1596233751","0.799145"
"1596233751","1941609588","0.799145"
"1941609588","1596233751","0.799145"
"1596233751","2106197831","0.722222"
"2106197831","1596233751","0.722222"
"1596233751","2121330114","2.79915"
"2121330114","1596233751","2.79915"
"1596233751","2126081195","0.799145"
"2126081195","1596233751","0.799145"
"1596233751","2133392123","0.799145"
"2133392123","1596233751","0.799145"
"1596233751","2138688644","0.799145"
"2138688644","1596233751","0.799145"
"1596233751","2148309357","0.799145"
"2148309357","1596233751","0.799145"
"1596233751","2149870858","0.799145"
"2149870858","1596233751","0.799145"
"1596233751","2156117657","0.722222"
"2156117657","1596233751","0.722222"
"1596233751","2165737071","2.79915"
"2165737071","1596233751","2.79915"
"1596233751","2170580483","0.722222"
"2170580483","1596233751","0.722222"
"1596233751","2207899133","0.799145"
"2207899133","1596233751","0.799145"
"1835066123","2247218347","0.5"
"2247218347","1835066123","0.5"
"1941609588","2247218347","0.5"
"2247218347","1941609588","0.5"
"2126081195","2247218347","0.5"
"2247218347","2126081195","0.5"
"2149870858","2247218347","0.5"
"2247218347","2149870858","0.5"
"2165737071","2247218347","0.5"
"2247218347","2165737071","0.5"
"2207899133","2247218347","0.5"
"2247218347","2207899133","0.5"
