"1496881388","1501322403","1"
"1501322403","1496881388","1"
"1496881388","2141897300","1.8"
"2141897300","1496881388","1.8"
"1496881388","2026095310","1.34762"
"2026095310","1496881388","1.34762"
"2026095310","2141897300","0.942857"
"2141897300","2026095310","0.942857"
"1496881388","1514893825","1.12454"
"1514893825","1496881388","1.12454"
"1496881388","1573431506","0.2"
"1573431506","1496881388","0.2"
"1496881388","2140795521","0.424542"
"2140795521","1496881388","0.424542"
"1496881388","2163652601","0.424542"
"2163652601","1496881388","0.424542"
"1573431506","2026095310","0.342857"
"2026095310","1573431506","0.342857"
"1573431506","2140795521","0.542857"
"2140795521","1573431506","0.542857"
"1573431506","2141897300","0.342857"
"2141897300","1573431506","0.342857"
"1573431506","2163652601","4.42619"
"2163652601","1573431506","4.42619"
"2026095310","2140795521","1.35159"
"2140795521","2026095310","1.35159"
"2026095310","2163652601","0.740476"
"2163652601","2026095310","0.740476"
"2140795521","2141897300","0.442857"
"2141897300","2140795521","0.442857"
"2140795521","2163652601","1.5674"
"2163652601","2140795521","1.5674"
"2141897300","2163652601","2.10952"
"2163652601","2141897300","2.10952"
"1496881388","1521287888","0.1"
"1521287888","1496881388","0.1"
"1496881388","1869650270","0.147619"
"1869650270","1496881388","0.147619"
"1496881388","1985274502","0.147619"
"1985274502","1496881388","0.147619"
"1496881388","1997365529","0.724542"
"1997365529","1496881388","0.724542"
"1496881388","2032351178","0.224542"
"2032351178","1496881388","0.224542"
"1496881388","2172096705","0.147619"
"2172096705","1496881388","0.147619"
"1521287888","1869650270","0.516667"
"1869650270","1521287888","0.516667"
"1521287888","1985274502","0.433333"
"1985274502","1521287888","0.433333"
"1521287888","1997365529","0.3"
"1997365529","1521287888","0.3"
"1521287888","2026095310","0.442857"
"2026095310","1521287888","0.442857"
"1521287888","2032351178","0.1"
"2032351178","1521287888","0.1"
"1521287888","2140795521","0.859524"
"2140795521","1521287888","0.859524"
"1521287888","2141897300","0.242857"
"2141897300","1521287888","0.242857"
"1521287888","2163652601","1.15952"
"2163652601","1521287888","1.15952"
"1521287888","2172096705","0.3"
"2172096705","1521287888","0.3"
"1869650270","1985274502","0.272619"
"1985274502","1869650270","0.272619"
"1869650270","1997365529","0.25873"
"1997365529","1869650270","0.25873"
"1869650270","2026095310","0.45873"
"2026095310","1869650270","0.45873"
"1869650270","2032351178","0.25873"
"2032351178","1869650270","0.25873"
"1869650270","2140795521","0.675397"
"2140795521","1869650270","0.675397"
"1869650270","2141897300","0.1"
"2141897300","1869650270","0.1"
"1869650270","2163652601","0.689286"
"2163652601","1869650270","0.689286"
"1869650270","2172096705","0.272619"
"2172096705","1869650270","0.272619"
"1985274502","1997365529","0.147619"
"1997365529","1985274502","0.147619"
"1985274502","2026095310","0.147619"
"2026095310","1985274502","0.147619"
"1985274502","2032351178","0.147619"
"2032351178","1985274502","0.147619"
"1985274502","2140795521","0.480952"
"2140795521","1985274502","0.480952"
"1985274502","2141897300","1.26667"
"2141897300","1985274502","1.26667"
"1985274502","2163652601","0.772619"
"2163652601","1985274502","0.772619"
"1985274502","2172096705","0.439286"
"2172096705","1985274502","0.439286"
"1997365529","2026095310","2.45873"
"2026095310","1997365529","2.45873"
"1997365529","2032351178","0.335653"
"2032351178","1997365529","0.335653"
"1997365529","2140795521","0.335653"
"2140795521","1997365529","0.335653"
"1997365529","2141897300","0.1"
"2141897300","1997365529","0.1"
"1997365529","2163652601","0.224542"
"2163652601","1997365529","0.224542"
"1997365529","2172096705","0.147619"
"2172096705","1997365529","0.147619"
"2026095310","2032351178","1.25873"
"2032351178","2026095310","1.25873"
"2026095310","2172096705","0.397619"
"2172096705","2026095310","0.397619"
"2032351178","2140795521","0.535653"
"2140795521","2032351178","0.535653"
"2032351178","2141897300","0.1"
"2141897300","2032351178","0.1"
"2032351178","2163652601","0.224542"
"2163652601","2032351178","0.224542"
"2032351178","2172096705","0.147619"
"2172096705","2032351178","0.147619"
"2140795521","2172096705","0.597619"
"2172096705","2140795521","0.597619"
"2141897300","2172096705","0.266667"
"2172096705","2141897300","0.266667"
"2163652601","2172096705","0.939286"
"2172096705","2163652601","0.939286"
"1496881388","1509167927","0.124542"
"1509167927","1496881388","0.124542"
"1496881388","1585576015","0.047619"
"1585576015","1496881388","0.047619"
"1496881388","1917780124","0.047619"
"1917780124","1496881388","0.047619"
"1496881388","1998024002","0.124542"
"1998024002","1496881388","0.124542"
"1496881388","2075576453","0.124542"
"2075576453","1496881388","0.124542"
"1496881388","2097021191","0.124542"
"2097021191","1496881388","0.124542"
"1496881388","2103046707","0.124542"
"2103046707","1496881388","0.124542"
"1496881388","2105365626","0.047619"
"2105365626","1496881388","0.047619"
"1496881388","2127400073","0.124542"
"2127400073","1496881388","0.124542"
"1496881388","2157008678","0.124542"
"2157008678","1496881388","0.124542"
"1496881388","2163244343","0.124542"
"2163244343","1496881388","0.124542"
"1496881388","72059462","0.047619"
"72059462","1496881388","0.047619"
"1509167927","1514893825","0.124542"
"1514893825","1509167927","0.124542"
"1509167927","1585576015","0.047619"
"1585576015","1509167927","0.047619"
"1509167927","1869650270","0.15873"
"1869650270","1509167927","0.15873"
"1509167927","1917780124","0.047619"
"1917780124","1509167927","0.047619"
"1509167927","1985274502","0.047619"
"1985274502","1509167927","0.047619"
"1509167927","1997365529","0.435653"
"1997365529","1509167927","0.435653"
"1509167927","1998024002","0.485653"
"1998024002","1509167927","0.485653"
"1509167927","2026095310","1.08492"
"2026095310","1509167927","1.08492"
"1509167927","2032351178","9.23565"
"2032351178","1509167927","9.23565"
"1509167927","2075576453","0.124542"
"2075576453","1509167927","0.124542"
"1509167927","2097021191","0.235653"
"2097021191","1509167927","0.235653"
"1509167927","2103046707","0.124542"
"2103046707","1509167927","0.124542"
"1509167927","2105365626","0.047619"
"2105365626","1509167927","0.047619"
"1509167927","2127400073","0.768987"
"2127400073","1509167927","0.768987"
"1509167927","2140795521","0.62851"
"2140795521","1509167927","0.62851"
"1509167927","2157008678","0.374542"
"2157008678","1509167927","0.374542"
"1509167927","2163244343","0.124542"
"2163244343","1509167927","0.124542"
"1509167927","2163652601","0.517399"
"2163652601","1509167927","0.517399"
"1509167927","2172096705","0.297619"
"2172096705","1509167927","0.297619"
"1509167927","72059462","0.380952"
"72059462","1509167927","0.380952"
"1514893825","1585576015","0.047619"
"1585576015","1514893825","0.047619"
"1514893825","1869650270","0.372619"
"1869650270","1514893825","0.372619"
"1514893825","1917780124","0.047619"
"1917780124","1514893825","0.047619"
"1514893825","1985274502","0.172619"
"1985274502","1514893825","0.172619"
"1514893825","1997365529","0.124542"
"1997365529","1514893825","0.124542"
"1514893825","1998024002","0.124542"
"1998024002","1514893825","0.124542"
"1514893825","2026095310","0.247619"
"2026095310","1514893825","0.247619"
"1514893825","2032351178","0.457875"
"2032351178","1514893825","0.457875"
"1514893825","2075576453","0.249542"
"2075576453","1514893825","0.249542"
"1514893825","2097021191","0.124542"
"2097021191","1514893825","0.124542"
"1514893825","2103046707","0.449542"
"2103046707","1514893825","0.449542"
"1514893825","2105365626","0.172619"
"2105365626","1514893825","0.172619"
"1514893825","2127400073","0.324542"
"2127400073","1514893825","0.324542"
"1514893825","2140795521","0.124542"
"2140795521","1514893825","0.124542"
"1514893825","2157008678","0.457875"
"2157008678","1514893825","0.457875"
"1514893825","2163244343","0.449542"
"2163244343","1514893825","0.449542"
"1514893825","2163652601","1.24954"
"2163652601","1514893825","1.24954"
"1514893825","2172096705","0.172619"
"2172096705","1514893825","0.172619"
"1514893825","72059462","0.047619"
"72059462","1514893825","0.047619"
"1585576015","1869650270","1.04762"
"1869650270","1585576015","1.04762"
"1585576015","1917780124","0.047619"
"1917780124","1585576015","0.047619"
"1585576015","1985274502","0.047619"
"1985274502","1585576015","0.047619"
"1585576015","1997365529","0.047619"
"1997365529","1585576015","0.047619"
"1585576015","1998024002","0.047619"
"1998024002","1585576015","0.047619"
"1585576015","2026095310","0.047619"
"2026095310","1585576015","0.047619"
"1585576015","2032351178","0.047619"
"2032351178","1585576015","0.047619"
"1585576015","2075576453","0.047619"
"2075576453","1585576015","0.047619"
"1585576015","2097021191","0.047619"
"2097021191","1585576015","0.047619"
"1585576015","2103046707","0.047619"
"2103046707","1585576015","0.047619"
"1585576015","2105365626","0.047619"
"2105365626","1585576015","0.047619"
"1585576015","2127400073","0.047619"
"2127400073","1585576015","0.047619"
"1585576015","2140795521","0.047619"
"2140795521","1585576015","0.047619"
"1585576015","2157008678","0.047619"
"2157008678","1585576015","0.047619"
"1585576015","2163244343","0.047619"
"2163244343","1585576015","0.047619"
"1585576015","2163652601","0.047619"
"2163652601","1585576015","0.047619"
"1585576015","2172096705","0.047619"
"2172096705","1585576015","0.047619"
"1585576015","72059462","0.047619"
"72059462","1585576015","0.047619"
"1869650270","1917780124","0.047619"
"1917780124","1869650270","0.047619"
"1869650270","1998024002","0.15873"
"1998024002","1869650270","0.15873"
"1869650270","2075576453","0.172619"
"2075576453","1869650270","0.172619"
"1869650270","2097021191","0.65873"
"2097021191","1869650270","0.65873"
"1869650270","2103046707","0.705952"
"2103046707","1869650270","0.705952"
"1869650270","2105365626","1.83929"
"2105365626","1869650270","1.83929"
"1869650270","2127400073","0.775397"
"2127400073","1869650270","0.775397"
"1869650270","2157008678","0.047619"
"2157008678","1869650270","0.047619"
"1869650270","2163244343","0.705952"
"2163244343","1869650270","0.705952"
"1869650270","72059462","0.547619"
"72059462","1869650270","0.547619"
"1917780124","1985274502","0.047619"
"1985274502","1917780124","0.047619"
"1917780124","1997365529","0.047619"
"1997365529","1917780124","0.047619"
"1917780124","1998024002","0.047619"
"1998024002","1917780124","0.047619"
"1917780124","2026095310","0.047619"
"2026095310","1917780124","0.047619"
"1917780124","2032351178","0.047619"
"2032351178","1917780124","0.047619"
"1917780124","2075576453","0.047619"
"2075576453","1917780124","0.047619"
"1917780124","2097021191","0.047619"
"2097021191","1917780124","0.047619"
"1917780124","2103046707","0.047619"
"2103046707","1917780124","0.047619"
"1917780124","2105365626","0.047619"
"2105365626","1917780124","0.047619"
"1917780124","2127400073","0.047619"
"2127400073","1917780124","0.047619"
"1917780124","2140795521","0.047619"
"2140795521","1917780124","0.047619"
"1917780124","2157008678","0.047619"
"2157008678","1917780124","0.047619"
"1917780124","2163244343","0.047619"
"2163244343","1917780124","0.047619"
"1917780124","2163652601","0.047619"
"2163652601","1917780124","0.047619"
"1917780124","2172096705","1.04762"
"2172096705","1917780124","1.04762"
"1917780124","72059462","0.047619"
"72059462","1917780124","0.047619"
"1985274502","1998024002","0.047619"
"1998024002","1985274502","0.047619"
"1985274502","2075576453","0.172619"
"2075576453","1985274502","0.172619"
"1985274502","2097021191","0.047619"
"2097021191","1985274502","0.047619"
"1985274502","2103046707","0.339286"
"2103046707","1985274502","0.339286"
"1985274502","2105365626","0.339286"
"2105365626","1985274502","0.339286"
"1985274502","2127400073","0.047619"
"2127400073","1985274502","0.047619"
"1985274502","2157008678","0.380952"
"2157008678","1985274502","0.380952"
"1985274502","2163244343","0.339286"
"2163244343","1985274502","0.339286"
"1985274502","72059462","0.047619"
"72059462","1985274502","0.047619"
"1997365529","1998024002","0.235653"
"1998024002","1997365529","0.235653"
"1997365529","2075576453","0.124542"
"2075576453","1997365529","0.124542"
"1997365529","2097021191","0.735653"
"2097021191","1997365529","0.735653"
"1997365529","2103046707","0.124542"
"2103046707","1997365529","0.124542"
"1997365529","2105365626","0.047619"
"2105365626","1997365529","0.047619"
"1997365529","2127400073","0.435653"
"2127400073","1997365529","0.435653"
"1997365529","2157008678","0.124542"
"2157008678","1997365529","0.124542"
"1997365529","2163244343","0.124542"
"2163244343","1997365529","0.124542"
"1997365529","72059462","0.047619"
"72059462","1997365529","0.047619"
"1998024002","2026095310","0.15873"
"2026095310","1998024002","0.15873"
"1998024002","2032351178","0.235653"
"2032351178","1998024002","0.235653"
"1998024002","2075576453","0.124542"
"2075576453","1998024002","0.124542"
"1998024002","2097021191","0.235653"
"2097021191","1998024002","0.235653"
"1998024002","2103046707","0.124542"
"2103046707","1998024002","0.124542"
"1998024002","2105365626","0.047619"
"2105365626","1998024002","0.047619"
"1998024002","2127400073","0.735653"
"2127400073","1998024002","0.735653"
"1998024002","2140795521","0.235653"
"2140795521","1998024002","0.235653"
"1998024002","2157008678","0.374542"
"2157008678","1998024002","0.374542"
"1998024002","2163244343","0.124542"
"2163244343","1998024002","0.124542"
"1998024002","2163652601","0.124542"
"2163652601","1998024002","0.124542"
"1998024002","2172096705","0.047619"
"2172096705","1998024002","0.047619"
"1998024002","72059462","0.547619"
"72059462","1998024002","0.547619"
"2026095310","2075576453","0.047619"
"2075576453","2026095310","0.047619"
"2026095310","2097021191","0.992063"
"2097021191","2026095310","0.992063"
"2026095310","2103046707","0.247619"
"2103046707","2026095310","0.247619"
"2026095310","2105365626","0.380952"
"2105365626","2026095310","0.380952"
"2026095310","2127400073","1.39206"
"2127400073","2026095310","1.39206"
"2026095310","2157008678","0.047619"
"2157008678","2026095310","0.047619"
"2026095310","2163244343","0.247619"
"2163244343","2026095310","0.247619"
"2026095310","72059462","0.714286"
"72059462","2026095310","0.714286"
"2032351178","2075576453","0.824542"
"2075576453","2032351178","0.824542"
"2032351178","2097021191","0.235653"
"2097021191","2032351178","0.235653"
"2032351178","2103046707","0.324542"
"2103046707","2032351178","0.324542"
"2032351178","2105365626","0.047619"
"2105365626","2032351178","0.047619"
"2032351178","2127400073","0.235653"
"2127400073","2032351178","0.235653"
"2032351178","2157008678","1.15788"
"2157008678","2032351178","1.15788"
"2032351178","2163244343","0.324542"
"2163244343","2032351178","0.324542"
"2032351178","72059462","0.047619"
"72059462","2032351178","0.047619"
"2075576453","2097021191","0.124542"
"2097021191","2075576453","0.124542"
"2075576453","2103046707","1.44954"
"2103046707","2075576453","1.44954"
"2075576453","2105365626","0.172619"
"2105365626","2075576453","0.172619"
"2075576453","2127400073","0.124542"
"2127400073","2075576453","0.124542"
"2075576453","2140795521","0.324542"
"2140795521","2075576453","0.324542"
"2075576453","2157008678","0.324542"
"2157008678","2075576453","0.324542"
"2075576453","2163244343","1.44954"
"2163244343","2075576453","1.44954"
"2075576453","2163652601","0.249542"
"2163652601","2075576453","0.249542"
"2075576453","2172096705","2.17262"
"2172096705","2075576453","2.17262"
"2075576453","72059462","0.047619"
"72059462","2075576453","0.047619"
"2097021191","2103046707","1.62454"
"2103046707","2097021191","1.62454"
"2097021191","2105365626","0.880952"
"2105365626","2097021191","0.880952"
"2097021191","2127400073","0.235653"
"2127400073","2097021191","0.235653"
"2097021191","2140795521","0.735653"
"2140795521","2097021191","0.735653"
"2097021191","2157008678","1.62454"
"2157008678","2097021191","1.62454"
"2097021191","2163244343","3.62454"
"2163244343","2097021191","3.62454"
"2097021191","2163652601","0.124542"
"2163652601","2097021191","0.124542"
"2097021191","2172096705","0.047619"
"2172096705","2097021191","0.047619"
"2097021191","72059462","0.380952"
"72059462","2097021191","0.380952"
"2103046707","2105365626","0.339286"
"2105365626","2103046707","0.339286"
"2103046707","2127400073","0.324542"
"2127400073","2103046707","0.324542"
"2103046707","2140795521","1.32454"
"2140795521","2103046707","1.32454"
"2103046707","2157008678","1.32454"
"2157008678","2103046707","1.32454"
"2103046707","2163244343","17.1495"
"2163244343","2103046707","17.1495"
"2103046707","2163652601","0.416209"
"2163652601","2103046707","0.416209"
"2103046707","2172096705","0.339286"
"2172096705","2103046707","0.339286"
"2103046707","72059462","0.380952"
"72059462","2103046707","0.380952"
"2105365626","2127400073","0.414286"
"2127400073","2105365626","0.414286"
"2105365626","2140795521","0.414286"
"2140795521","2105365626","0.414286"
"2105365626","2157008678","0.047619"
"2157008678","2105365626","0.047619"
"2105365626","2163244343","0.339286"
"2163244343","2105365626","0.339286"
"2105365626","2163652601","0.505952"
"2163652601","2105365626","0.505952"
"2105365626","2172096705","0.539286"
"2172096705","2105365626","0.539286"
"2105365626","72059462","0.547619"
"72059462","2105365626","0.547619"
"2127400073","2140795521","1.35232"
"2140795521","2127400073","1.35232"
"2127400073","2157008678","0.124542"
"2157008678","2127400073","0.124542"
"2127400073","2163244343","0.324542"
"2163244343","2127400073","0.324542"
"2127400073","2163652601","0.541209"
"2163652601","2127400073","0.541209"
"2127400073","2172096705","0.247619"
"2172096705","2127400073","0.247619"
"2127400073","72059462","2.04762"
"72059462","2127400073","2.04762"
"2140795521","2157008678","0.657875"
"2157008678","2140795521","0.657875"
"2140795521","2163244343","2.82454"
"2163244343","2140795521","2.82454"
"2140795521","72059462","0.214286"
"72059462","2140795521","0.214286"
"2157008678","2163244343","1.32454"
"2163244343","2157008678","1.32454"
"2157008678","2163652601","0.457875"
"2163652601","2157008678","0.457875"
"2157008678","2172096705","0.047619"
"2172096705","2157008678","0.047619"
"2157008678","72059462","0.047619"
"72059462","2157008678","0.047619"
"2163244343","2163652601","0.416209"
"2163652601","2163244343","0.416209"
"2163244343","2172096705","0.339286"
"2172096705","2163244343","0.339286"
"2163244343","72059462","0.380952"
"72059462","2163244343","0.380952"
"2163652601","72059462","0.214286"
"72059462","2163652601","0.214286"
"2172096705","72059462","0.047619"
"72059462","2172096705","0.047619"
"1501322403","1509167927","0.75"
"1509167927","1501322403","0.75"
"1501322403","1998024002","0.25"
"1998024002","1501322403","0.25"
"1501322403","2154438473","1.25"
"2154438473","1501322403","1.25"
"1501322403","2157008678","0.75"
"2157008678","1501322403","0.75"
"1509167927","2154438473","0.25"
"2154438473","1509167927","0.25"
"1998024002","2154438473","0.25"
"2154438473","1998024002","0.25"
"2154438473","2157008678","1.08333"
"2157008678","2154438473","1.08333"
"1501322403","2026095310","1"
"2026095310","1501322403","1"
"1501322403","2075576453","1.5"
"2075576453","1501322403","1.5"
"1501322403","2032351178","2"
"2032351178","1501322403","2"
"1501322403","2097021191","0.5"
"2097021191","1501322403","0.5"
"1509167927","2581240267","0.833333"
"2581240267","1509167927","0.833333"
"2032351178","2581240267","0.5"
"2581240267","2032351178","0.5"
"1509167927","1509335576","0.2"
"1509335576","1509167927","0.2"
"1509167927","1521287888","0.342857"
"1521287888","1509167927","0.342857"
"1509335576","1521287888","0.2"
"1521287888","1509335576","0.2"
"1509335576","1997365529","0.2"
"1997365529","1509335576","0.2"
"1509335576","2026095310","0.2"
"2026095310","1509335576","0.2"
"1509335576","2127400073","0.2"
"2127400073","1509335576","0.2"
"1521287888","2127400073","0.816667"
"2127400073","1521287888","0.816667"
"1509167927","1573431506","0.142857"
"1573431506","1509167927","0.142857"
"1509167927","2113304843","0.253968"
"2113304843","1509167927","0.253968"
"1509167927","2141897300","0.142857"
"2141897300","1509167927","0.142857"
"1521287888","1573431506","1.17619"
"1573431506","1521287888","1.17619"
"1521287888","2113304843","0.142857"
"2113304843","1521287888","0.142857"
"1573431506","2113304843","0.142857"
"2113304843","1573431506","0.142857"
"2026095310","2113304843","0.253968"
"2113304843","2026095310","0.253968"
"2113304843","2140795521","0.253968"
"2140795521","2113304843","0.253968"
"2113304843","2141897300","0.142857"
"2141897300","2113304843","0.142857"
"2113304843","2163652601","0.142857"
"2163652601","2113304843","0.142857"
"1869650270","2113304843","0.111111"
"2113304843","1869650270","0.111111"
"1997365529","2113304843","0.111111"
"2113304843","1997365529","0.111111"
"1998024002","2113304843","0.111111"
"2113304843","1998024002","0.111111"
"2032351178","2113304843","0.111111"
"2113304843","2032351178","0.111111"
"2097021191","2113304843","0.111111"
"2113304843","2097021191","0.111111"
"2113304843","2127400073","0.111111"
"2127400073","2113304843","0.111111"
"1509167927","2580489895","0.333333"
"2580489895","1509167927","0.333333"
"1509167927","2950687658","0.333333"
"2950687658","1509167927","0.333333"
"2580489895","2581240267","8.27738"
"2581240267","2580489895","8.27738"
"2580489895","2950687658","6.27738"
"2950687658","2580489895","6.27738"
"2581240267","2950687658","38.694"
"2950687658","2581240267","38.694"
"1509335576","1573431506","2.08333"
"1573431506","1509335576","2.08333"
"1509335576","1582018061","0.333333"
"1582018061","1509335576","0.333333"
"1509335576","2163652601","1.08333"
"2163652601","1509335576","1.08333"
"1573431506","1582018061","0.333333"
"1582018061","1573431506","0.333333"
"1582018061","2163652601","0.333333"
"2163652601","1582018061","0.333333"
"1509335576","1998024002","1"
"1998024002","1509335576","1"
"1509335576","2172096705","0.25"
"2172096705","1509335576","0.25"
"1509335576","84644106","0.25"
"84644106","1509335576","0.25"
"1573431506","2172096705","0.95"
"2172096705","1573431506","0.95"
"1573431506","84644106","1.08333"
"84644106","1573431506","1.08333"
"2163652601","84644106","0.75"
"84644106","2163652601","0.75"
"2172096705","84644106","0.75"
"84644106","2172096705","0.75"
"1514893825","2168187352","2"
"2168187352","1514893825","2"
"1514893825","2154438473","0.333333"
"2154438473","1514893825","0.333333"
"2032351178","2154438473","0.833333"
"2154438473","2032351178","0.833333"
"1521287888","2546433077","0.25"
"2546433077","1521287888","0.25"
"1521287888","2546947138","0.25"
"2546947138","1521287888","0.25"
"1521287888","2949155040","0.25"
"2949155040","1521287888","0.25"
"1521287888","2964648167","0.25"
"2964648167","1521287888","0.25"
"2546433077","2546947138","5.71786"
"2546947138","2546433077","5.71786"
"2546433077","2949155040","35.4679"
"2949155040","2546433077","35.4679"
"2546433077","2964648167","4.21786"
"2964648167","2546433077","4.21786"
"2546947138","2949155040","5.71786"
"2949155040","2546947138","5.71786"
"2546947138","2964648167","14.8607"
"2964648167","2546947138","14.8607"
"2949155040","2964648167","6.21786"
"2964648167","2949155040","6.21786"
"1521287888","2105365626","1.56667"
"2105365626","1521287888","1.56667"
"1521287888","2580489895","0.2"
"2580489895","1521287888","0.2"
"1521287888","2581240267","0.2"
"2581240267","1521287888","0.2"
"1521287888","2950687658","0.2"
"2950687658","1521287888","0.2"
"1521287888","2950859273","0.2"
"2950859273","1521287888","0.2"
"2105365626","2580489895","0.2"
"2580489895","2105365626","0.2"
"2105365626","2581240267","0.2"
"2581240267","2105365626","0.2"
"2105365626","2950687658","0.2"
"2950687658","2105365626","0.2"
"2105365626","2950859273","0.2"
"2950859273","2105365626","0.2"
"2580489895","2950859273","4.77738"
"2950859273","2580489895","4.77738"
"2581240267","2950859273","2.77738"
"2950859273","2581240267","2.77738"
"2950687658","2950859273","3.77738"
"2950859273","2950687658","3.77738"
"1573431506","2105365626","0.2"
"2105365626","1573431506","0.2"
"1573431506","2127400073","0.2"
"2127400073","1573431506","0.2"
"1521287888","84644106","0.333333"
"84644106","1521287888","0.333333"
"1573431506","1985274502","0.333333"
"1985274502","1573431506","0.333333"
"1985274502","84644106","0.333333"
"84644106","1985274502","0.333333"
"1521287888","72059462","0.166667"
"72059462","1521287888","0.166667"
"1573431506","1991386782","0.5"
"1991386782","1573431506","0.5"
"1991386782","2163652601","1.5"
"2163652601","1991386782","1.5"
"1601635497","2154438473","8.16667"
"2154438473","1601635497","8.16667"
"1601635497","1998024002","4.33333"
"1998024002","1601635497","4.33333"
"1601635497","2168187352","4.33333"
"2168187352","1601635497","4.33333"
"1601635497","2181861110","0.333333"
"2181861110","1601635497","0.333333"
"1998024002","2168187352","2.33333"
"2168187352","1998024002","2.33333"
"1998024002","2181861110","0.333333"
"2181861110","1998024002","0.333333"
"2168187352","2181861110","0.333333"
"2181861110","2168187352","0.333333"
"1601635497","1917780124","1.66667"
"1917780124","1601635497","1.66667"
"1601635497","2113304843","3.16667"
"2113304843","1601635497","3.16667"
"1917780124","2113304843","4.66667"
"2113304843","1917780124","4.66667"
"1601635497","2157008678","1"
"2157008678","1601635497","1"
"1917780124","2154438473","0.666667"
"2154438473","1917780124","0.666667"
"2113304843","2154438473","3.16667"
"2154438473","2113304843","3.16667"
"2103046707","2141897300","0.166667"
"2141897300","2103046707","0.166667"
"2105365626","2141897300","0.166667"
"2141897300","2105365626","0.166667"
"2141897300","2163244343","0.166667"
"2163244343","2141897300","0.166667"
"2006670538","2181861110","6.5"
"2181861110","2006670538","6.5"
"2006670538","2090320152","1.5"
"2090320152","2006670538","1.5"
"2090320152","2181861110","2.5"
"2181861110","2090320152","2.5"
"2006670538","2075576453","2"
"2075576453","2006670538","2"
"2054828365","2097021191","0.5"
"2097021191","2054828365","0.5"
"2054828365","2103046707","0.5"
"2103046707","2054828365","0.5"
"2097021191","2168187352","1"
"2168187352","2097021191","1"
"2105365626","2181861110","1"
"2181861110","2105365626","1"
"2141897300","84644106","0.5"
"84644106","2141897300","0.5"
"2157008678","84644106","2"
"84644106","2157008678","2"
"2493860774","2546433077","2.78333"
"2546433077","2493860774","2.78333"
"2493860774","2546947138","4.17619"
"2546947138","2493860774","4.17619"
"2493860774","2580489895","0.809524"
"2580489895","2493860774","0.809524"
"2493860774","2581240267","2.22619"
"2581240267","2493860774","2.22619"
"2493860774","2949155040","2.78333"
"2949155040","2493860774","2.78333"
"2493860774","2950687658","2.22619"
"2950687658","2493860774","2.22619"
"2546433077","2580489895","1.18452"
"2580489895","2546433077","1.18452"
"2546433077","2581240267","1.10119"
"2581240267","2546433077","1.10119"
"2546433077","2950687658","1.10119"
"2950687658","2546433077","1.10119"
"2546947138","2580489895","0.827381"
"2580489895","2546947138","0.827381"
"2546947138","2581240267","0.994048"
"2581240267","2546947138","0.994048"
"2546947138","2950687658","0.994048"
"2950687658","2546947138","0.994048"
"2580489895","2949155040","1.18452"
"2949155040","2580489895","1.18452"
"2581240267","2949155040","1.10119"
"2949155040","2581240267","1.10119"
"2949155040","2950687658","1.10119"
"2950687658","2949155040","1.10119"
"2493860774","2950859273","0.642857"
"2950859273","2493860774","0.642857"
"2493860774","2964648167","3.00952"
"2964648167","2493860774","3.00952"
"2546433077","2950859273","0.517857"
"2950859273","2546433077","0.517857"
"2546947138","2950859273","0.660714"
"2950859273","2546947138","0.660714"
"2580489895","2964648167","0.660714"
"2964648167","2580489895","0.660714"
"2581240267","2964648167","0.827381"
"2964648167","2581240267","0.827381"
"2949155040","2950859273","0.517857"
"2950859273","2949155040","0.517857"
"2950687658","2964648167","0.827381"
"2964648167","2950687658","0.827381"
"2950859273","2964648167","0.660714"
"2964648167","2950859273","0.660714"
"2493860774","2579441661","0.342857"
"2579441661","2493860774","0.342857"
"2546947138","2579441661","0.80119"
"2579441661","2546947138","0.80119"
"2579441661","2580489895","0.267857"
"2580489895","2579441661","0.267857"
"2579441661","2581240267","0.267857"
"2581240267","2579441661","0.267857"
"2579441661","2950687658","0.267857"
"2950687658","2579441661","0.267857"
"2579441661","2950859273","0.267857"
"2950859273","2579441661","0.267857"
"2579441661","2964648167","0.467857"
"2964648167","2579441661","0.467857"
"2546433077","2579441661","0.658333"
"2579441661","2546433077","0.658333"
"2579441661","2949155040","0.658333"
"2949155040","2579441661","0.658333"
