"1486522249","1570842386","2.08596"
"1570842386","1486522249","2.08596"
"1486522249","1495599387","0.885965"
"1495599387","1486522249","0.885965"
"1486522249","2105425905","1.88596"
"2105425905","1486522249","1.88596"
"1495599387","2105425905","6.39549"
"2105425905","1495599387","6.39549"
"1486522249","203792076","0.335965"
"203792076","1486522249","0.335965"
"1486522249","2043508455","0.783333"
"2043508455","1486522249","0.783333"
"1486522249","2171027248","0.45"
"2171027248","1486522249","0.45"
"1486522249","77528907","0.252632"
"77528907","1486522249","0.252632"
"1570842386","203792076","4.31289"
"203792076","1570842386","4.31289"
"1570842386","2043508455","3.52692"
"2043508455","1570842386","3.52692"
"1570842386","2171027248","0.533333"
"2171027248","1570842386","0.533333"
"1570842386","77528907","1.1193"
"77528907","1570842386","1.1193"
"203792076","2043508455","0.860256"
"2043508455","203792076","0.860256"
"203792076","2171027248","0.2"
"2171027248","203792076","0.2"
"203792076","77528907","0.452632"
"77528907","203792076","0.452632"
"2043508455","2171027248","0.783333"
"2171027248","2043508455","0.783333"
"2043508455","77528907","0.533333"
"77528907","2043508455","0.533333"
"2171027248","77528907","0.533333"
"77528907","2171027248","0.533333"
"1486522249","1496787654","1.13596"
"1496787654","1486522249","1.13596"
"1495599387","1496787654","0.385965"
"1496787654","1495599387","0.385965"
"1495599387","1570842386","1.25263"
"1570842386","1495599387","1.25263"
"1496787654","1570842386","0.885965"
"1570842386","1496787654","0.885965"
"1496787654","2105425905","0.385965"
"2105425905","1496787654","0.385965"
"1570842386","2105425905","2.25263"
"2105425905","1570842386","2.25263"
"1486522249","1514496236","0.302632"
"1514496236","1486522249","0.302632"
"1486522249","1595891926","0.0526316"
"1595891926","1486522249","0.0526316"
"1486522249","1607140588","0.385965"
"1607140588","1486522249","0.385965"
"1486522249","2003500686","0.635965"
"2003500686","1486522249","0.635965"
"1486522249","2044407219","0.0526316"
"2044407219","1486522249","0.0526316"
"1486522249","2093616796","0.0526316"
"2093616796","1486522249","0.0526316"
"1486522249","2100907499","0.0526316"
"2100907499","1486522249","0.0526316"
"1486522249","2108416218","0.0526316"
"2108416218","1486522249","0.0526316"
"1486522249","2615336406","0.0526316"
"2615336406","1486522249","0.0526316"
"1486522249","2905972276","0.135965"
"2905972276","1486522249","0.135965"
"1486522249","2951407507","0.135965"
"2951407507","1486522249","0.135965"
"1486522249","3023450094","0.0526316"
"3023450094","1486522249","0.0526316"
"1486522249","91933579","0.135965"
"91933579","1486522249","0.135965"
"1495599387","1514496236","0.0526316"
"1514496236","1495599387","0.0526316"
"1495599387","1595891926","0.195489"
"1595891926","1495599387","0.195489"
"1495599387","1607140588","0.135965"
"1607140588","1495599387","0.135965"
"1495599387","2003500686","0.478822"
"2003500686","1495599387","0.478822"
"1495599387","203792076","0.978822"
"203792076","1495599387","0.978822"
"1495599387","2044407219","0.0526316"
"2044407219","1495599387","0.0526316"
"1495599387","2093616796","0.195489"
"2093616796","1495599387","0.195489"
"1495599387","2100907499","0.195489"
"2100907499","1495599387","0.195489"
"1495599387","2108416218","0.395489"
"2108416218","1495599387","0.395489"
"1495599387","2615336406","0.0526316"
"2615336406","1495599387","0.0526316"
"1495599387","2905972276","0.135965"
"2905972276","1495599387","0.135965"
"1495599387","2951407507","0.135965"
"2951407507","1495599387","0.135965"
"1495599387","3023450094","0.0526316"
"3023450094","1495599387","0.0526316"
"1495599387","77528907","0.385965"
"77528907","1495599387","0.385965"
"1495599387","91933579","0.135965"
"91933579","1495599387","0.135965"
"1496787654","1514496236","0.0526316"
"1514496236","1496787654","0.0526316"
"1496787654","1595891926","0.0526316"
"1595891926","1496787654","0.0526316"
"1496787654","1607140588","0.135965"
"1607140588","1496787654","0.135965"
"1496787654","2003500686","0.385965"
"2003500686","1496787654","0.385965"
"1496787654","203792076","0.135965"
"203792076","1496787654","0.135965"
"1496787654","2044407219","0.0526316"
"2044407219","1496787654","0.0526316"
"1496787654","2093616796","0.0526316"
"2093616796","1496787654","0.0526316"
"1496787654","2100907499","0.0526316"
"2100907499","1496787654","0.0526316"
"1496787654","2108416218","0.0526316"
"2108416218","1496787654","0.0526316"
"1496787654","2615336406","0.0526316"
"2615336406","1496787654","0.0526316"
"1496787654","2905972276","0.135965"
"2905972276","1496787654","0.135965"
"1496787654","2951407507","0.135965"
"2951407507","1496787654","0.135965"
"1496787654","3023450094","0.0526316"
"3023450094","1496787654","0.0526316"
"1496787654","77528907","0.0526316"
"77528907","1496787654","0.0526316"
"1496787654","91933579","0.135965"
"91933579","1496787654","0.135965"
"1514496236","1570842386","0.0526316"
"1570842386","1514496236","0.0526316"
"1514496236","1595891926","0.0526316"
"1595891926","1514496236","0.0526316"
"1514496236","1607140588","0.302632"
"1607140588","1514496236","0.302632"
"1514496236","2003500686","0.302632"
"2003500686","1514496236","0.302632"
"1514496236","203792076","0.0526316"
"203792076","1514496236","0.0526316"
"1514496236","2044407219","0.219298"
"2044407219","1514496236","0.219298"
"1514496236","2093616796","0.0526316"
"2093616796","1514496236","0.0526316"
"1514496236","2100907499","0.0526316"
"2100907499","1514496236","0.0526316"
"1514496236","2105425905","0.0526316"
"2105425905","1514496236","0.0526316"
"1514496236","2108416218","0.0526316"
"2108416218","1514496236","0.0526316"
"1514496236","2615336406","5.05263"
"2615336406","1514496236","5.05263"
"1514496236","2905972276","0.219298"
"2905972276","1514496236","0.219298"
"1514496236","2951407507","0.219298"
"2951407507","1514496236","0.219298"
"1514496236","3023450094","0.219298"
"3023450094","1514496236","0.219298"
"1514496236","77528907","0.0526316"
"77528907","1514496236","0.0526316"
"1514496236","91933579","0.0526316"
"91933579","1514496236","0.0526316"
"1570842386","1595891926","0.129555"
"1595891926","1570842386","0.129555"
"1570842386","1607140588","0.885965"
"1607140588","1570842386","0.885965"
"1570842386","2003500686","1.36289"
"2003500686","1570842386","1.36289"
"1570842386","2044407219","0.129555"
"2044407219","1570842386","0.129555"
"1570842386","2093616796","0.129555"
"2093616796","1570842386","0.129555"
"1570842386","2100907499","0.329555"
"2100907499","1570842386","0.329555"
"1570842386","2108416218","1.45263"
"2108416218","1570842386","1.45263"
"1570842386","2615336406","1.12955"
"2615336406","1570842386","1.12955"
"1570842386","2905972276","0.212888"
"2905972276","1570842386","0.212888"
"1570842386","2951407507","0.212888"
"2951407507","1570842386","0.212888"
"1570842386","3023450094","0.129555"
"3023450094","1570842386","0.129555"
"1570842386","91933579","0.135965"
"91933579","1570842386","0.135965"
"1595891926","1607140588","0.0526316"
"1607140588","1595891926","0.0526316"
"1595891926","2003500686","0.272412"
"2003500686","1595891926","0.272412"
"1595891926","203792076","0.272412"
"203792076","1595891926","0.272412"
"1595891926","2044407219","0.129555"
"2044407219","1595891926","0.129555"
"1595891926","2093616796","6.27241"
"2093616796","1595891926","6.27241"
"1595891926","2100907499","0.272412"
"2100907499","1595891926","0.272412"
"1595891926","2105425905","0.195489"
"2105425905","1595891926","0.195489"
"1595891926","2108416218","0.195489"
"2108416218","1595891926","0.195489"
"1595891926","2615336406","0.129555"
"2615336406","1595891926","0.129555"
"1595891926","2905972276","0.129555"
"2905972276","1595891926","0.129555"
"1595891926","2951407507","0.129555"
"2951407507","1595891926","0.129555"
"1595891926","3023450094","0.129555"
"3023450094","1595891926","0.129555"
"1595891926","77528907","0.0526316"
"77528907","1595891926","0.0526316"
"1595891926","91933579","0.0526316"
"91933579","1595891926","0.0526316"
"1607140588","2003500686","0.385965"
"2003500686","1607140588","0.385965"
"1607140588","203792076","0.885965"
"203792076","1607140588","0.885965"
"1607140588","2044407219","0.0526316"
"2044407219","1607140588","0.0526316"
"1607140588","2093616796","0.0526316"
"2093616796","1607140588","0.0526316"
"1607140588","2100907499","0.0526316"
"2100907499","1607140588","0.0526316"
"1607140588","2105425905","0.135965"
"2105425905","1607140588","0.135965"
"1607140588","2108416218","0.0526316"
"2108416218","1607140588","0.0526316"
"1607140588","2615336406","0.0526316"
"2615336406","1607140588","0.0526316"
"1607140588","2905972276","0.135965"
"2905972276","1607140588","0.135965"
"1607140588","2951407507","0.135965"
"2951407507","1607140588","0.135965"
"1607140588","3023450094","0.0526316"
"3023450094","1607140588","0.0526316"
"1607140588","77528907","0.0526316"
"77528907","1607140588","0.0526316"
"1607140588","91933579","0.135965"
"91933579","1607140588","0.135965"
"2003500686","203792076","10.3391"
"203792076","2003500686","10.3391"
"2003500686","2044407219","2.96289"
"2044407219","2003500686","2.96289"
"2003500686","2093616796","0.605745"
"2093616796","2003500686","0.605745"
"2003500686","2100907499","0.472412"
"2100907499","2003500686","0.472412"
"2003500686","2105425905","0.478822"
"2105425905","2003500686","0.478822"
"2003500686","2108416218","4.92882"
"2108416218","2003500686","4.92882"
"2003500686","2615336406","0.296221"
"2615336406","2003500686","0.296221"
"2003500686","2905972276","0.712888"
"2905972276","2003500686","0.712888"
"2003500686","2951407507","0.712888"
"2951407507","2003500686","0.712888"
"2003500686","3023450094","0.296221"
"3023450094","2003500686","0.296221"
"2003500686","77528907","0.252632"
"77528907","2003500686","0.252632"
"2003500686","91933579","0.135965"
"91933579","2003500686","0.135965"
"203792076","2044407219","0.462888"
"2044407219","203792076","0.462888"
"203792076","2093616796","1.10575"
"2093616796","203792076","1.10575"
"203792076","2100907499","1.47241"
"2100907499","203792076","1.47241"
"203792076","2105425905","1.47882"
"2105425905","203792076","1.47882"
"203792076","2108416218","0.595489"
"2108416218","203792076","0.595489"
"203792076","2615336406","0.296221"
"2615336406","203792076","0.296221"
"203792076","2905972276","0.879555"
"2905972276","203792076","0.879555"
"203792076","2951407507","0.379555"
"2951407507","203792076","0.379555"
"203792076","3023450094","0.296221"
"3023450094","203792076","0.296221"
"203792076","91933579","0.135965"
"91933579","203792076","0.135965"
"2044407219","2093616796","0.462888"
"2093616796","2044407219","0.462888"
"2044407219","2100907499","0.129555"
"2100907499","2044407219","0.129555"
"2044407219","2105425905","0.0526316"
"2105425905","2044407219","0.0526316"
"2044407219","2108416218","0.0526316"
"2108416218","2044407219","0.0526316"
"2044407219","2615336406","0.879555"
"2615336406","2044407219","0.879555"
"2044407219","2905972276","0.546221"
"2905972276","2044407219","0.546221"
"2044407219","2951407507","1.04622"
"2951407507","2044407219","1.04622"
"2044407219","3023450094","0.296221"
"3023450094","2044407219","0.296221"
"2044407219","77528907","0.0526316"
"77528907","2044407219","0.0526316"
"2044407219","91933579","1.55263"
"91933579","2044407219","1.55263"
"2093616796","2100907499","0.272412"
"2100907499","2093616796","0.272412"
"2093616796","2105425905","0.195489"
"2105425905","2093616796","0.195489"
"2093616796","2108416218","0.195489"
"2108416218","2093616796","0.195489"
"2093616796","2615336406","0.129555"
"2615336406","2093616796","0.129555"
"2093616796","2905972276","0.129555"
"2905972276","2093616796","0.129555"
"2093616796","2951407507","0.129555"
"2951407507","2093616796","0.129555"
"2093616796","3023450094","0.129555"
"3023450094","2093616796","0.129555"
"2093616796","77528907","0.0526316"
"77528907","2093616796","0.0526316"
"2093616796","91933579","0.0526316"
"91933579","2093616796","0.0526316"
"2100907499","2105425905","0.195489"
"2105425905","2100907499","0.195489"
"2100907499","2108416218","1.39549"
"2108416218","2100907499","1.39549"
"2100907499","2615336406","0.129555"
"2615336406","2100907499","0.129555"
"2100907499","2905972276","0.129555"
"2905972276","2100907499","0.129555"
"2100907499","2951407507","0.129555"
"2951407507","2100907499","0.129555"
"2100907499","3023450094","0.129555"
"3023450094","2100907499","0.129555"
"2100907499","77528907","0.252632"
"77528907","2100907499","0.252632"
"2100907499","91933579","0.0526316"
"91933579","2100907499","0.0526316"
"2105425905","2108416218","0.395489"
"2108416218","2105425905","0.395489"
"2105425905","2615336406","0.0526316"
"2615336406","2105425905","0.0526316"
"2105425905","2905972276","0.135965"
"2905972276","2105425905","0.135965"
"2105425905","2951407507","0.135965"
"2951407507","2105425905","0.135965"
"2105425905","3023450094","0.0526316"
"3023450094","2105425905","0.0526316"
"2105425905","77528907","0.385965"
"77528907","2105425905","0.385965"
"2105425905","91933579","0.135965"
"91933579","2105425905","0.135965"
"2108416218","2615336406","0.0526316"
"2615336406","2108416218","0.0526316"
"2108416218","2905972276","0.885965"
"2905972276","2108416218","0.885965"
"2108416218","2951407507","0.385965"
"2951407507","2108416218","0.385965"
"2108416218","3023450094","0.0526316"
"3023450094","2108416218","0.0526316"
"2108416218","77528907","0.252632"
"77528907","2108416218","0.252632"
"2108416218","91933579","0.0526316"
"91933579","2108416218","0.0526316"
"2615336406","2905972276","4.16289"
"2905972276","2615336406","4.16289"
"2615336406","2951407507","3.82955"
"2951407507","2615336406","3.82955"
"2615336406","3023450094","2.07955"
"3023450094","2615336406","2.07955"
"2615336406","77528907","0.0526316"
"77528907","2615336406","0.0526316"
"2615336406","91933579","0.0526316"
"91933579","2615336406","0.0526316"
"2905972276","2951407507","11.9129"
"2951407507","2905972276","11.9129"
"2905972276","3023450094","5.41289"
"3023450094","2905972276","5.41289"
"2905972276","77528907","0.0526316"
"77528907","2905972276","0.0526316"
"2905972276","91933579","0.135965"
"91933579","2905972276","0.135965"
"2951407507","3023450094","2.24622"
"3023450094","2951407507","2.24622"
"2951407507","77528907","0.0526316"
"77528907","2951407507","0.0526316"
"2951407507","91933579","0.135965"
"91933579","2951407507","0.135965"
"3023450094","77528907","0.0526316"
"77528907","3023450094","0.0526316"
"3023450094","91933579","0.0526316"
"91933579","3023450094","0.0526316"
"77528907","91933579","0.0526316"
"91933579","77528907","0.0526316"
"1514496236","2043508455","0.25"
"2043508455","1514496236","0.25"
"1607140588","2043508455","0.583333"
"2043508455","1607140588","0.583333"
"2003500686","2043508455","0.910256"
"2043508455","2003500686","0.910256"
"1486522249","3022824834","0.0833333"
"3022824834","1486522249","0.0833333"
"1495599387","2043508455","0.0833333"
"2043508455","1495599387","0.0833333"
"1495599387","3022824834","0.0833333"
"3022824834","1495599387","0.0833333"
"1496787654","2043508455","0.333333"
"2043508455","1496787654","0.333333"
"1496787654","3022824834","0.0833333"
"3022824834","1496787654","0.0833333"
"1570842386","3022824834","0.160256"
"3022824834","1570842386","0.160256"
"1607140588","3022824834","0.0833333"
"3022824834","1607140588","0.0833333"
"2003500686","3022824834","0.326923"
"3022824834","2003500686","0.326923"
"203792076","3022824834","0.326923"
"3022824834","203792076","0.326923"
"2043508455","2105425905","0.0833333"
"2105425905","2043508455","0.0833333"
"2043508455","2905972276","0.160256"
"2905972276","2043508455","0.160256"
"2043508455","2951407507","0.160256"
"2951407507","2043508455","0.160256"
"2043508455","3022824834","0.160256"
"3022824834","2043508455","0.160256"
"2043508455","91933579","0.0833333"
"91933579","2043508455","0.0833333"
"2105425905","3022824834","0.0833333"
"3022824834","2105425905","0.0833333"
"2905972276","3022824834","6.36026"
"3022824834","2905972276","6.36026"
"2951407507","3022824834","1.52692"
"3022824834","2951407507","1.52692"
"3022824834","91933579","0.0833333"
"91933579","3022824834","0.0833333"
"1496787654","2171027248","0.25"
"2171027248","1496787654","0.25"
"2003500686","2171027248","0.25"
"2171027248","2003500686","0.25"
"1495599387","3017377194","0.333333"
"3017377194","1495599387","0.333333"
"1570842386","3017377194","0.333333"
"3017377194","1570842386","0.333333"
"2105425905","3017377194","0.333333"
"3017377194","2105425905","0.333333"
"1508971933","2001891613","16"
"2001891613","1508971933","16"
"1508971933","1620086906","0.5"
"1620086906","1508971933","0.5"
"1620086906","2001891613","0.5"
"2001891613","1620086906","0.5"
"1508971933","3017377194","0.5"
"3017377194","1508971933","0.5"
"2001891613","3017377194","0.5"
"3017377194","2001891613","0.5"
"1514496236","2963452187","0.166667"
"2963452187","1514496236","0.166667"
"1514496236","48505893","0.166667"
"48505893","1514496236","0.166667"
"2044407219","2963452187","0.49359"
"2963452187","2044407219","0.49359"
"2044407219","48505893","2.16667"
"48505893","2044407219","2.16667"
"2905972276","2963452187","19.6103"
"2963452187","2905972276","19.6103"
"2905972276","48505893","0.666667"
"48505893","2905972276","0.666667"
"2951407507","2963452187","3.94359"
"2963452187","2951407507","3.94359"
"2951407507","48505893","0.166667"
"48505893","2951407507","0.166667"
"2963452187","3023450094","2.19359"
"3023450094","2963452187","2.19359"
"2963452187","48505893","0.166667"
"48505893","2963452187","0.166667"
"3023450094","48505893","0.166667"
"48505893","3023450094","0.166667"
"1518900854","1994541786","1.39286"
"1994541786","1518900854","1.39286"
"1518900854","2015916847","0.309524"
"2015916847","1518900854","0.309524"
"1518900854","2061229960","0.952381"
"2061229960","1518900854","0.952381"
"1518900854","2087183379","18.3095"
"2087183379","1518900854","18.3095"
"1518900854","2113586662","0.892857"
"2113586662","1518900854","0.892857"
"1518900854","71244820","1.05952"
"71244820","1518900854","1.05952"
"1994541786","2015916847","0.559524"
"2015916847","1994541786","0.559524"
"1994541786","2061229960","1.30952"
"2061229960","1994541786","1.30952"
"1994541786","2087183379","0.416667"
"2087183379","1994541786","0.416667"
"1994541786","2113586662","1.89286"
"2113586662","1994541786","1.89286"
"1994541786","71244820","4.05952"
"71244820","1994541786","4.05952"
"2015916847","2061229960","0.559524"
"2061229960","2015916847","0.559524"
"2015916847","2087183379","0.166667"
"2087183379","2015916847","0.166667"
"2015916847","2113586662","0.309524"
"2113586662","2015916847","0.309524"
"2015916847","71244820","0.559524"
"71244820","2015916847","0.559524"
"2061229960","2087183379","1.05952"
"2087183379","2061229960","1.05952"
"2061229960","2113586662","0.309524"
"2113586662","2061229960","0.309524"
"2061229960","71244820","1.30952"
"71244820","2061229960","1.30952"
"2087183379","2113586662","0.416667"
"2113586662","2087183379","0.416667"
"2087183379","71244820","0.916667"
"71244820","2087183379","0.916667"
"2113586662","71244820","0.559524"
"71244820","2113586662","0.559524"
"1518900854","2157241021","0.5"
"2157241021","1518900854","0.5"
"2087183379","2157241021","0.5"
"2157241021","2087183379","0.5"
"1518900854","2074876483","2.03571"
"2074876483","1518900854","2.03571"
"1518900854","2220488081","0.892857"
"2220488081","1518900854","0.892857"
"1518900854","2243458913","0.892857"
"2243458913","1518900854","0.892857"
"2074876483","2087183379","3.89286"
"2087183379","2074876483","3.89286"
"2074876483","2220488081","8.22619"
"2220488081","2074876483","8.22619"
"2074876483","2243458913","2.97619"
"2243458913","2074876483","2.97619"
"2087183379","2220488081","0.892857"
"2220488081","2087183379","0.892857"
"2087183379","2243458913","0.892857"
"2243458913","2087183379","0.892857"
"2220488081","2243458913","3.72619"
"2243458913","2220488081","3.72619"
"1518900854","2106602702","0.833333"
"2106602702","1518900854","0.833333"
"1994541786","2106602702","2.83333"
"2106602702","1994541786","2.83333"
"2106602702","2113586662","0.333333"
"2113586662","2106602702","0.333333"
"1518900854","2112912553","0.642857"
"2112912553","1518900854","0.642857"
"1518900854","2615445186","0.142857"
"2615445186","1518900854","0.142857"
"2061229960","2074876483","0.785714"
"2074876483","2061229960","0.785714"
"2061229960","2112912553","0.142857"
"2112912553","2061229960","0.142857"
"2061229960","2220488081","0.142857"
"2220488081","2061229960","0.142857"
"2061229960","2243458913","0.392857"
"2243458913","2061229960","0.392857"
"2061229960","2615445186","0.142857"
"2615445186","2061229960","0.142857"
"2074876483","2112912553","1.14286"
"2112912553","2074876483","1.14286"
"2074876483","2615445186","0.47619"
"2615445186","2074876483","0.47619"
"2087183379","2112912553","2.14286"
"2112912553","2087183379","2.14286"
"2087183379","2615445186","0.142857"
"2615445186","2087183379","0.142857"
"2112912553","2220488081","0.142857"
"2220488081","2112912553","0.142857"
"2112912553","2243458913","0.142857"
"2243458913","2112912553","0.142857"
"2112912553","2615445186","0.142857"
"2615445186","2112912553","0.142857"
"2220488081","2615445186","1.47619"
"2615445186","2220488081","1.47619"
"2243458913","2615445186","1.97619"
"2615445186","2243458913","1.97619"
"1518900854","2055535508","0.142857"
"2055535508","1518900854","0.142857"
"1994541786","2055535508","0.642857"
"2055535508","1994541786","0.642857"
"1994541786","2074876483","2.64286"
"2074876483","1994541786","2.64286"
"2015916847","2055535508","0.142857"
"2055535508","2015916847","0.142857"
"2015916847","2074876483","0.392857"
"2074876483","2015916847","0.392857"
"2055535508","2061229960","2.14286"
"2061229960","2055535508","2.14286"
"2055535508","2074876483","0.142857"
"2074876483","2055535508","0.142857"
"2055535508","2113586662","0.142857"
"2113586662","2055535508","0.142857"
"2055535508","71244820","1.64286"
"71244820","2055535508","1.64286"
"2074876483","2113586662","0.142857"
"2113586662","2074876483","0.142857"
"2074876483","71244820","1.14286"
"71244820","2074876483","1.14286"
"1519270252","2087183379","1.25"
"2087183379","1519270252","1.25"
"1519270252","2020132945","0.25"
"2020132945","1519270252","0.25"
"1519270252","2061229960","0.25"
"2061229960","1519270252","0.25"
"1519270252","2105394657","0.25"
"2105394657","1519270252","0.25"
"2020132945","2061229960","0.25"
"2061229960","2020132945","0.25"
"2020132945","2087183379","0.25"
"2087183379","2020132945","0.25"
"2020132945","2105394657","0.583333"
"2105394657","2020132945","0.583333"
"2061229960","2105394657","0.416667"
"2105394657","2061229960","0.416667"
"2087183379","2105394657","0.25"
"2105394657","2087183379","0.25"
"1523908049","1768110720","0.5"
"1768110720","1523908049","0.5"
"1523908049","2110019277","0.5"
"2110019277","1523908049","0.5"
"1768110720","2110019277","3.16667"
"2110019277","1768110720","3.16667"
"1523908049","1994541786","1"
"1994541786","1523908049","1"
"1534835231","1768110720","1.75"
"1768110720","1534835231","1.75"
"1534835231","2106626784","1.25"
"2106626784","1534835231","1.25"
"1534835231","2110019277","3.5"
"2110019277","1534835231","3.5"
"1534835231","2167788702","4.75"
"2167788702","1534835231","4.75"
"1768110720","2106626784","0.75"
"2106626784","1768110720","0.75"
"1768110720","2167788702","1.75"
"2167788702","1768110720","1.75"
"2106626784","2110019277","0.5"
"2110019277","2106626784","0.5"
"2106626784","2167788702","5.6"
"2167788702","2106626784","5.6"
"2110019277","2167788702","1.75"
"2167788702","2110019277","1.75"
"1534835231","2154449382","0.25"
"2154449382","1534835231","0.25"
"1768110720","2154449382","0.416667"
"2154449382","1768110720","0.416667"
"2106626784","2154449382","0.75"
"2154449382","2106626784","0.75"
"2154449382","2167788702","0.75"
"2167788702","2154449382","0.75"
"1534835231","1817771417","1.25"
"1817771417","1534835231","1.25"
"1534835231","2110704543","0.5"
"2110704543","1534835231","0.5"
"1534835231","2163336863","0.5"
"2163336863","1534835231","0.5"
"1817771417","2110704543","0.516667"
"2110704543","1817771417","0.516667"
"1817771417","2163336863","0.516667"
"2163336863","1817771417","0.516667"
"1817771417","2167788702","1.1"
"2167788702","1817771417","1.1"
"2110704543","2163336863","33.6833"
"2163336863","2110704543","33.6833"
"2110704543","2167788702","2.18333"
"2167788702","2110704543","2.18333"
"2163336863","2167788702","2.18333"
"2167788702","2163336863","2.18333"
"1534835231","2066796814","1.25"
"2066796814","1534835231","1.25"
"2066796814","2110704543","8.76667"
"2110704543","2066796814","8.76667"
"2066796814","2163336863","8.76667"
"2163336863","2066796814","8.76667"
"2066796814","2167788702","2.26667"
"2167788702","2066796814","2.26667"
"1570842386","48505893","0.25"
"48505893","1570842386","0.25"
"1607140588","48505893","0.25"
"48505893","1607140588","0.25"
"203792076","48505893","5.08333"
"48505893","203792076","5.08333"
"2043508455","48505893","0.25"
"48505893","2043508455","0.25"
"1570842386","2087183379","0.25"
"2087183379","1570842386","0.25"
"2003500686","2087183379","0.25"
"2087183379","2003500686","0.25"
"203792076","2087183379","0.25"
"2087183379","203792076","0.25"
"2043508455","2087183379","0.25"
"2087183379","2043508455","0.25"
"1570842386","2072540320","0.333333"
"2072540320","1570842386","0.333333"
"1570842386","2105394657","0.333333"
"2105394657","1570842386","0.333333"
"2043508455","2072540320","0.333333"
"2072540320","2043508455","0.333333"
"2043508455","2105394657","0.333333"
"2105394657","2043508455","0.333333"
"2072540320","2105394657","3"
"2105394657","2072540320","3"
"1570842386","2963452187","0.0769231"
"2963452187","1570842386","0.0769231"
"1595891926","2043508455","0.0769231"
"2043508455","1595891926","0.0769231"
"1595891926","2963452187","0.0769231"
"2963452187","1595891926","0.0769231"
"1595891926","3022824834","0.0769231"
"3022824834","1595891926","0.0769231"
"2003500686","2963452187","0.0769231"
"2963452187","2003500686","0.0769231"
"203792076","2963452187","0.576923"
"2963452187","203792076","0.576923"
"2043508455","2044407219","0.0769231"
"2044407219","2043508455","0.0769231"
"2043508455","2093616796","0.0769231"
"2093616796","2043508455","0.0769231"
"2043508455","2100907499","0.0769231"
"2100907499","2043508455","0.0769231"
"2043508455","2615336406","0.0769231"
"2615336406","2043508455","0.0769231"
"2043508455","2963452187","0.0769231"
"2963452187","2043508455","0.0769231"
"2043508455","3023450094","0.0769231"
"3023450094","2043508455","0.0769231"
"2044407219","3022824834","0.0769231"
"3022824834","2044407219","0.0769231"
"2093616796","2963452187","0.0769231"
"2963452187","2093616796","0.0769231"
"2093616796","3022824834","0.0769231"
"3022824834","2093616796","0.0769231"
"2100907499","2963452187","0.0769231"
"2963452187","2100907499","0.0769231"
"2100907499","3022824834","0.0769231"
"3022824834","2100907499","0.0769231"
"2615336406","2963452187","1.11026"
"2963452187","2615336406","1.11026"
"2615336406","3022824834","2.27692"
"3022824834","2615336406","2.27692"
"2963452187","3022824834","2.77692"
"3022824834","2963452187","2.77692"
"3022824834","3023450094","2.77692"
"3023450094","3022824834","2.77692"
"157255973","2072540320","0.6"
"2072540320","157255973","0.6"
"157255973","2215678182","2.2"
"2215678182","157255973","2.2"
"2072540320","2215678182","0.5"
"2215678182","2072540320","0.5"
"157255973","1820998669","0.8"
"1820998669","157255973","0.8"
"157255973","2003500686","1.2"
"2003500686","157255973","1.2"
"157255973","2026956691","0.2"
"2026956691","157255973","0.2"
"157255973","2064505593","0.2"
"2064505593","157255973","0.2"
"1820998669","2003500686","0.2"
"2003500686","1820998669","0.2"
"1820998669","2026956691","0.45"
"2026956691","1820998669","0.45"
"1820998669","2064505593","0.45"
"2064505593","1820998669","0.45"
"1820998669","2215678182","4.45"
"2215678182","1820998669","4.45"
"2003500686","2026956691","0.2"
"2026956691","2003500686","0.2"
"2003500686","2064505593","0.2"
"2064505593","2003500686","0.2"
"2003500686","2215678182","0.2"
"2215678182","2003500686","0.2"
"2026956691","2064505593","13.45"
"2064505593","2026956691","13.45"
"2026956691","2215678182","1.45"
"2215678182","2026956691","1.45"
"2064505593","2215678182","1.45"
"2215678182","2064505593","1.45"
"157255973","1817771417","1.76667"
"1817771417","157255973","1.76667"
"157255973","1606175579","1.16667"
"1606175579","157255973","1.16667"
"157255973","2167788702","0.933333"
"2167788702","157255973","0.933333"
"1606175579","1817771417","2.66667"
"1817771417","1606175579","2.66667"
"1606175579","2167788702","0.833333"
"2167788702","1606175579","0.833333"
"157255973","2105394657","0.333333"
"2105394657","157255973","0.333333"
"157255973","2147320921","0.433333"
"2147320921","157255973","0.433333"
"157255973","2154449382","0.333333"
"2154449382","157255973","0.333333"
"2105394657","2147320921","0.333333"
"2147320921","2105394657","0.333333"
"2105394657","2154449382","1"
"2154449382","2105394657","1"
"2147320921","2154449382","0.333333"
"2154449382","2147320921","0.333333"
"157255973","2110414201","0.333333"
"2110414201","157255973","0.333333"
"1606175579","2110414201","0.333333"
"2110414201","1606175579","0.333333"
"1817771417","2110414201","1.33333"
"2110414201","1817771417","1.33333"
"157255973","1620086906","0.1"
"1620086906","157255973","0.1"
"157255973","2066796814","0.1"
"2066796814","157255973","0.1"
"157255973","2106626784","0.1"
"2106626784","157255973","0.1"
"157255973","2110704543","0.1"
"2110704543","157255973","0.1"
"157255973","2163336863","0.1"
"2163336863","157255973","0.1"
"1620086906","1817771417","0.1"
"1817771417","1620086906","0.1"
"1620086906","1820998669","0.1"
"1820998669","1620086906","0.1"
"1620086906","2066796814","0.1"
"2066796814","1620086906","0.1"
"1620086906","2072540320","0.1"
"2072540320","1620086906","0.1"
"1620086906","2106626784","0.1"
"2106626784","1620086906","0.1"
"1620086906","2110704543","0.1"
"2110704543","1620086906","0.1"
"1620086906","2147320921","0.1"
"2147320921","1620086906","0.1"
"1620086906","2163336863","0.1"
"2163336863","1620086906","0.1"
"1620086906","2167788702","0.1"
"2167788702","1620086906","0.1"
"1817771417","1820998669","1.85"
"1820998669","1817771417","1.85"
"1817771417","2066796814","0.1"
"2066796814","1817771417","0.1"
"1817771417","2072540320","1.51667"
"2072540320","1817771417","1.51667"
"1817771417","2106626784","1.35"
"2106626784","1817771417","1.35"
"1817771417","2147320921","0.1"
"2147320921","1817771417","0.1"
"1820998669","2066796814","0.1"
"2066796814","1820998669","0.1"
"1820998669","2072540320","0.35"
"2072540320","1820998669","0.35"
"1820998669","2106626784","2.85"
"2106626784","1820998669","2.85"
"1820998669","2110704543","0.1"
"2110704543","1820998669","0.1"
"1820998669","2147320921","1.1"
"2147320921","1820998669","1.1"
"1820998669","2163336863","0.1"
"2163336863","1820998669","0.1"
"1820998669","2167788702","0.85"
"2167788702","1820998669","0.85"
"2066796814","2072540320","0.1"
"2072540320","2066796814","0.1"
"2066796814","2106626784","0.1"
"2106626784","2066796814","0.1"
"2066796814","2147320921","0.1"
"2147320921","2066796814","0.1"
"2072540320","2106626784","0.35"
"2106626784","2072540320","0.35"
"2072540320","2110704543","0.266667"
"2110704543","2072540320","0.266667"
"2072540320","2147320921","0.1"
"2147320921","2072540320","0.1"
"2072540320","2163336863","0.266667"
"2163336863","2072540320","0.266667"
"2072540320","2167788702","0.516667"
"2167788702","2072540320","0.516667"
"2106626784","2110704543","0.1"
"2110704543","2106626784","0.1"
"2106626784","2147320921","0.1"
"2147320921","2106626784","0.1"
"2106626784","2163336863","0.1"
"2163336863","2106626784","0.1"
"2110704543","2147320921","0.1"
"2147320921","2110704543","0.1"
"2147320921","2163336863","0.1"
"2163336863","2147320921","0.1"
"2147320921","2167788702","0.1"
"2167788702","2147320921","0.1"
"1606175579","2020132945","1.33333"
"2020132945","1606175579","1.33333"
"1606175579","2101987718","0.333333"
"2101987718","1606175579","0.333333"
"1606175579","2105394657","0.333333"
"2105394657","1606175579","0.333333"
"2020132945","2101987718","0.833333"
"2101987718","2020132945","0.833333"
"2101987718","2105394657","0.5"
"2105394657","2101987718","0.5"
"1768110720","2061229960","0.166667"
"2061229960","1768110720","0.166667"
"1768110720","2101987718","0.166667"
"2101987718","1768110720","0.166667"
"1768110720","2105394657","0.166667"
"2105394657","1768110720","0.166667"
"1768110720","2157241021","0.166667"
"2157241021","1768110720","0.166667"
"2061229960","2101987718","0.166667"
"2101987718","2061229960","0.166667"
"2061229960","2110019277","0.166667"
"2110019277","2061229960","0.166667"
"2061229960","2154449382","0.166667"
"2154449382","2061229960","0.166667"
"2061229960","2157241021","0.166667"
"2157241021","2061229960","0.166667"
"2101987718","2110019277","0.166667"
"2110019277","2101987718","0.166667"
"2101987718","2154449382","0.166667"
"2154449382","2101987718","0.166667"
"2101987718","2157241021","0.166667"
"2157241021","2101987718","0.166667"
"2105394657","2110019277","0.166667"
"2110019277","2105394657","0.166667"
"2105394657","2157241021","0.166667"
"2157241021","2105394657","0.166667"
"2110019277","2154449382","1.16667"
"2154449382","2110019277","1.16667"
"2110019277","2157241021","0.166667"
"2157241021","2110019277","0.166667"
"2154449382","2157241021","0.166667"
"2157241021","2154449382","0.166667"
"1817771417","2105394657","0.166667"
"2105394657","1817771417","0.166667"
"1817771417","2112912553","1.16667"
"2112912553","1817771417","1.16667"
"2072540320","2112912553","0.166667"
"2112912553","2072540320","0.166667"
"2105394657","2110704543","0.166667"
"2110704543","2105394657","0.166667"
"2105394657","2112912553","0.166667"
"2112912553","2105394657","0.166667"
"2105394657","2163336863","0.166667"
"2163336863","2105394657","0.166667"
"2105394657","2167788702","0.166667"
"2167788702","2105394657","0.166667"
"2110704543","2112912553","0.166667"
"2112912553","2110704543","0.166667"
"2112912553","2163336863","0.166667"
"2163336863","2112912553","0.166667"
"2112912553","2167788702","0.166667"
"2167788702","2112912553","0.166667"
"1817771417","2215678182","0.5"
"2215678182","1817771417","0.5"
"1820998669","2105425905","0.25"
"2105425905","1820998669","0.25"
"2026956691","2105425905","0.25"
"2105425905","2026956691","0.25"
"2064505593","2105425905","0.25"
"2105425905","2064505593","0.25"
"2105425905","2215678182","0.25"
"2215678182","2105425905","0.25"
"1988755505","3017377194","1"
"3017377194","1988755505","1"
"1988755505","2020132945","0.5"
"2020132945","1988755505","0.5"
"1988755505","2101987718","0.5"
"2101987718","1988755505","0.5"
"1988755505","2003500686","0.5"
"2003500686","1988755505","0.5"
"1988755505","203792076","0.5"
"203792076","1988755505","0.5"
"1988755505","2948779432","1.5"
"2948779432","1988755505","1.5"
"1988755505","2220488081","0.5"
"2220488081","1988755505","0.5"
"2220488081","2948779432","1"
"2948779432","2220488081","1"
"1994541786","2243458913","0.25"
"2243458913","1994541786","0.25"
"2243458913","71244820","0.75"
"71244820","2243458913","0.75"
"2106602702","71244820","1"
"71244820","2106602702","1"
"1994541786","2615445186","1"
"2615445186","1994541786","1"
"2003500686","48505893","2.33333"
"48505893","2003500686","2.33333"
"2003500686","2135845664","0.333333"
"2135845664","2003500686","0.333333"
"203792076","2135845664","0.333333"
"2135845664","203792076","0.333333"
"2135845664","48505893","0.333333"
"48505893","2135845664","0.333333"
"2020132945","2110414201","2"
"2110414201","2020132945","2"
"2105425905","48505893","1.5"
"48505893","2105425905","1.5"
"2093616796","48505893","1.5"
"48505893","2093616796","1.5"
"48505893","91933579","1.5"
"91933579","48505893","1.5"
"2061229960","2948779432","1"
"2948779432","2061229960","1"
"2066796814","2110414201","1"
"2110414201","2066796814","1"
"2110414201","2110704543","1"
"2110704543","2110414201","1"
"2110414201","2163336863","1"
"2163336863","2110414201","1"
"2066796814","2110019277","0.25"
"2110019277","2066796814","0.25"
"2110019277","2110704543","0.25"
"2110704543","2110019277","0.25"
"2110019277","2163336863","0.25"
"2163336863","2110019277","0.25"
"2066796814","2112912553","1"
"2112912553","2066796814","1"
"2072540320","2108416218","1"
"2108416218","2072540320","1"
"2072540320","2154449382","0.5"
"2154449382","2072540320","0.5"
"2087183379","2108416218","0.5"
"2108416218","2087183379","0.5"
"2108416218","2112912553","0.5"
"2112912553","2108416218","0.5"
"2101987718","2110414201","1"
"2110414201","2101987718","1"
"2106626784","2215678182","1"
"2215678182","2106626784","1"
"2108416218","2963452187","0.5"
"2963452187","2108416218","0.5"
"2135503940","2147320921","1"
"2147320921","2135503940","1"
"2135845664","77528907","1"
"77528907","2135845664","1"
"2167788702","2215678182","1"
"2215678182","2167788702","1"
"2615445186","2948779432","1.5"
"2948779432","2615445186","1.5"
"2398060865","2402760319","1.5"
"2402760319","2398060865","1.5"
"2398060865","3017377194","0.5"
"3017377194","2398060865","0.5"
"2402760319","3017377194","0.5"
"3017377194","2402760319","0.5"
"2615336406","48505893","1"
"48505893","2615336406","1"
"2799199026","2948779432","0.333333"
"2948779432","2799199026","0.333333"
"2799199026","3017377194","0.333333"
"3017377194","2799199026","0.333333"
"2799199026","3022824834","0.333333"
"3022824834","2799199026","0.333333"
"2948779432","3017377194","1.33333"
"3017377194","2948779432","1.33333"
"2948779432","3022824834","0.333333"
"3022824834","2948779432","0.333333"
"3017377194","3022824834","0.333333"
"3022824834","3017377194","0.333333"
"3022824834","48505893","0.5"
"48505893","3022824834","0.5"
"48505893","71244820","1"
"71244820","48505893","1"
