"102254938","2116493296","5.08333"
"2116493296","102254938","5.08333"
"102254938","2126632912","1.75"
"2126632912","102254938","1.75"
"102254938","3021423196","1.75"
"3021423196","102254938","1.75"
"2116493296","2126632912","1.75"
"2126632912","2116493296","1.75"
"2116493296","3021423196","1.75"
"3021423196","2116493296","1.75"
"2126632912","3021423196","10.0333"
"3021423196","2126632912","10.0333"
"102254938","2134170665","0.5"
"2134170665","102254938","0.5"
"2116493296","2134170665","0.666667"
"2134170665","2116493296","0.666667"
"102254938","2030868206","0.25"
"2030868206","102254938","0.25"
"2030868206","2116493296","0.25"
"2116493296","2030868206","0.25"
"2030868206","2126632912","0.25"
"2126632912","2030868206","0.25"
"2030868206","3021423196","0.25"
"3021423196","2030868206","0.25"
"102254938","2099132625","0.333333"
"2099132625","102254938","0.333333"
"102254938","2172007538","0.333333"
"2172007538","102254938","0.333333"
"2099132625","2116493296","0.5"
"2116493296","2099132625","0.5"
"2099132625","2172007538","5.58314"
"2172007538","2099132625","5.58314"
"2116493296","2172007538","0.333333"
"2172007538","2116493296","0.333333"
"1506882104","1995437102","2.30403"
"1995437102","1506882104","2.30403"
"1506882104","2017616492","7.24748"
"2017616492","1506882104","7.24748"
"1506882104","2107443258","0.953233"
"2107443258","1506882104","0.953233"
"1506882104","2134537508","1.21289"
"2134537508","1506882104","1.21289"
"1506882104","2153511931","0.845901"
"2153511931","1506882104","0.845901"
"1506882104","257053926","0.704088"
"257053926","1506882104","0.704088"
"1995437102","2017616492","2.01831"
"2017616492","1995437102","2.01831"
"1995437102","2107443258","0.753233"
"2107443258","1995437102","0.753233"
"1995437102","2134537508","1.01289"
"2134537508","1995437102","1.01289"
"1995437102","2153511931","0.700067"
"2153511931","1995437102","0.700067"
"1995437102","257053926","1.05409"
"257053926","1995437102","1.05409"
"2017616492","2107443258","0.753233"
"2107443258","2017616492","0.753233"
"2017616492","2134537508","0.712888"
"2134537508","2017616492","0.712888"
"2017616492","2153511931","0.762567"
"2153511931","2017616492","0.762567"
"2017616492","257053926","0.704088"
"257053926","2017616492","0.704088"
"2107443258","2134537508","0.296221"
"2134537508","2107443258","0.296221"
"2107443258","2153511931","0.561179"
"2153511931","2107443258","0.561179"
"2107443258","257053926","1.07393"
"257053926","2107443258","1.07393"
"2134537508","2153511931","0.24359"
"2153511931","2134537508","0.24359"
"2134537508","257053926","0.396221"
"257053926","2134537508","0.396221"
"2153511931","257053926","1.96396"
"257053926","2153511931","1.96396"
"1506882104","1586825695","2.29727"
"1586825695","1506882104","2.29727"
"1506882104","1998783890","2.1228"
"1998783890","1506882104","2.1228"
"1506882104","2064383543","1.35277"
"2064383543","1506882104","1.35277"
"1506882104","2110557355","1.08036"
"2110557355","1506882104","1.08036"
"1506882104","2122731071","0.633471"
"2122731071","1506882104","0.633471"
"1506882104","2138551708","0.125"
"2138551708","1506882104","0.125"
"1506882104","2148706674","4.84146"
"2148706674","1506882104","4.84146"
"1506882104","2164363676","0.633471"
"2164363676","1506882104","0.633471"
"1586825695","1998783890","4.27802"
"1998783890","1586825695","4.27802"
"1586825695","2064383543","1.84444"
"2064383543","1586825695","1.84444"
"1586825695","2110557355","8.7371"
"2110557355","1586825695","8.7371"
"1586825695","2122731071","0.758471"
"2122731071","1586825695","0.758471"
"1586825695","2138551708","1.94444"
"2138551708","1586825695","1.94444"
"1586825695","2148706674","2.18908"
"2148706674","1586825695","2.18908"
"1586825695","2164363676","1.7918"
"2164363676","1586825695","1.7918"
"1998783890","2064383543","0.712888"
"2064383543","1998783890","0.712888"
"1998783890","2110557355","0.611111"
"2110557355","1998783890","0.611111"
"1998783890","2122731071","1.32692"
"2122731071","1998783890","1.32692"
"1998783890","2138551708","0.611111"
"2138551708","1998783890","0.611111"
"1998783890","2148706674","1.54325"
"2148706674","1998783890","1.54325"
"1998783890","2164363676","0.326923"
"2164363676","1998783890","0.326923"
"2064383543","2110557355","3.87599"
"2110557355","2064383543","3.87599"
"2064383543","2122731071","0.925137"
"2122731071","2064383543","0.925137"
"2064383543","2138551708","1.75"
"2138551708","2064383543","1.75"
"2064383543","2148706674","0.966804"
"2148706674","2064383543","0.966804"
"2064383543","2164363676","2.95847"
"2164363676","2064383543","2.95847"
"2110557355","2122731071","0.764881"
"2122731071","2110557355","0.764881"
"2110557355","2138551708","0.694444"
"2138551708","2110557355","0.694444"
"2110557355","2148706674","1.08036"
"2148706674","2110557355","1.08036"
"2110557355","2164363676","2.59821"
"2164363676","2110557355","2.59821"
"2122731071","2138551708","0.25"
"2138551708","2122731071","0.25"
"2122731071","2148706674","0.490614"
"2148706674","2122731071","0.490614"
"2122731071","2164363676","5.06799"
"2164363676","2122731071","5.06799"
"2138551708","2148706674","0.125"
"2148706674","2138551708","0.125"
"2138551708","2164363676","0.25"
"2164363676","2138551708","0.25"
"2148706674","2164363676","0.490614"
"2164363676","2148706674","0.490614"
"1506882104","1540340974","0.212888"
"1540340974","1506882104","0.212888"
"1506882104","1966446553","0.392055"
"1966446553","1506882104","0.392055"
"1506882104","1995328140","0.984979"
"1995328140","1506882104","0.984979"
"1506882104","1996186909","1.92342"
"1996186909","1506882104","1.92342"
"1506882104","2114725120","0.392055"
"2114725120","1506882104","0.392055"
"1506882104","2168632104","0.648532"
"2168632104","1506882104","0.648532"
"1506882104","2404829569","0.537421"
"2404829569","1506882104","0.537421"
"1506882104","2407135728","0.537421"
"2407135728","1506882104","0.537421"
"1540340974","1966446553","0.700983"
"1966446553","1540340974","0.700983"
"1540340974","1995328140","0.566856"
"1995328140","1540340974","0.566856"
"1540340974","1995437102","0.312888"
"1995437102","1540340974","0.312888"
"1540340974","1996186909","0.160256"
"1996186909","1540340974","0.160256"
"1540340974","2017616492","0.212888"
"2017616492","1540340974","0.212888"
"1540340974","2107443258","0.466856"
"2107443258","1540340974","0.466856"
"1540340974","2114725120","0.700983"
"2114725120","1540340974","0.700983"
"1540340974","2153511931","0.160256"
"2153511931","1540340974","0.160256"
"1540340974","2168632104","0.65019"
"2168632104","1540340974","0.65019"
"1540340974","2404829569","0.65019"
"2404829569","1540340974","0.65019"
"1540340974","2407135728","0.65019"
"2407135728","1540340974","0.65019"
"1540340974","257053926","0.65019"
"257053926","1540340974","0.65019"
"1966446553","1995328140","1.56193"
"1995328140","1966446553","1.56193"
"1966446553","1995437102","0.192055"
"1995437102","1966446553","0.192055"
"1966446553","1996186909","0.139423"
"1996186909","1966446553","0.139423"
"1966446553","2017616492","0.192055"
"2017616492","1966446553","0.192055"
"1966446553","2107443258","0.896023"
"2107443258","1966446553","0.896023"
"1966446553","2114725120","13.4119"
"2114725120","1966446553","13.4119"
"1966446553","2153511931","0.701923"
"2153511931","1966446553","0.701923"
"1966446553","2168632104","0.886932"
"2168632104","1966446553","0.886932"
"1966446553","2404829569","1.41868"
"2404829569","1966446553","1.41868"
"1966446553","2407135728","1.02979"
"2407135728","1966446553","1.02979"
"1966446553","257053926","0.918678"
"257053926","1966446553","0.918678"
"1995328140","1995437102","0.884979"
"1995437102","1995328140","0.884979"
"1995328140","1996186909","1.23235"
"1996186909","1995328140","1.23235"
"1995328140","2017616492","0.642122"
"2017616492","1995328140","0.642122"
"1995328140","2107443258","2.90641"
"2107443258","1995328140","2.90641"
"1995328140","2114725120","1.56193"
"2114725120","1995328140","1.56193"
"1995328140","2153511931","0.575067"
"2153511931","1995328140","0.575067"
"1995328140","2168632104","3.35095"
"2168632104","1995328140","3.35095"
"1995328140","2404829569","1.37873"
"2404829569","1995328140","1.37873"
"1995328140","2407135728","1.48984"
"2407135728","1995328140","1.48984"
"1995328140","257053926","1.37873"
"257053926","1995328140","1.37873"
"1995437102","1996186909","1.66806"
"1996186909","1995437102","1.66806"
"1995437102","2114725120","0.192055"
"2114725120","1995437102","0.192055"
"1995437102","2168632104","0.748532"
"2168632104","1995437102","0.748532"
"1995437102","2404829569","0.887421"
"2404829569","1995437102","0.887421"
"1995437102","2407135728","0.887421"
"2407135728","1995437102","0.887421"
"1996186909","2017616492","1.24485"
"2017616492","1996186909","1.24485"
"1996186909","2107443258","1.03393"
"2107443258","1996186909","1.03393"
"1996186909","2114725120","0.139423"
"2114725120","1996186909","0.139423"
"1996186909","2153511931","1.51257"
"2153511931","1996186909","1.51257"
"1996186909","2168632104","0.595901"
"2168632104","1996186909","0.595901"
"1996186909","2404829569","0.48479"
"2404829569","1996186909","0.48479"
"1996186909","2407135728","0.48479"
"2407135728","1996186909","0.48479"
"1996186909","257053926","0.48479"
"257053926","1996186909","0.48479"
"2017616492","2114725120","0.192055"
"2114725120","2017616492","0.192055"
"2017616492","2168632104","0.648532"
"2168632104","2017616492","0.648532"
"2017616492","2404829569","0.537421"
"2404829569","2017616492","0.537421"
"2017616492","2407135728","0.537421"
"2407135728","2017616492","0.537421"
"2107443258","2114725120","0.896023"
"2114725120","2107443258","0.896023"
"2107443258","2168632104","1.62948"
"2168632104","2107443258","1.62948"
"2107443258","2404829569","0.907263"
"2404829569","2107443258","0.907263"
"2107443258","2407135728","1.01837"
"2407135728","2107443258","1.01837"
"2114725120","2153511931","0.201923"
"2153511931","2114725120","0.201923"
"2114725120","2168632104","0.761932"
"2168632104","2114725120","0.761932"
"2114725120","2404829569","0.650821"
"2404829569","2114725120","0.650821"
"2114725120","2407135728","0.761932"
"2407135728","2114725120","0.761932"
"2114725120","257053926","0.650821"
"257053926","2114725120","0.650821"
"2153511931","2168632104","0.908401"
"2168632104","2153511931","0.908401"
"2153511931","2404829569","1.04729"
"2404829569","2153511931","1.04729"
"2153511931","2407135728","0.79729"
"2407135728","2153511931","0.79729"
"2168632104","2404829569","2.24658"
"2404829569","2168632104","2.24658"
"2168632104","2407135728","2.6077"
"2407135728","2168632104","2.6077"
"2168632104","257053926","3.49658"
"257053926","2168632104","3.49658"
"2404829569","2407135728","2.88944"
"2407135728","2404829569","2.88944"
"2404829569","257053926","2.88944"
"257053926","2404829569","2.88944"
"2407135728","257053926","3.13944"
"257053926","2407135728","3.13944"
"1506882104","1973266211","0.91098"
"1973266211","1506882104","0.91098"
"1506882104","2140430731","1.44727"
"2140430731","1506882104","1.44727"
"1506882104","23323356","0.342857"
"23323356","1506882104","0.342857"
"1973266211","1995437102","1.31098"
"1995437102","1973266211","1.31098"
"1973266211","2017616492","0.91098"
"2017616492","1973266211","0.91098"
"1973266211","2140430731","0.894634"
"2140430731","1973266211","0.894634"
"1973266211","23323356","0.525"
"23323356","1973266211","0.525"
"1995437102","2140430731","9.89727"
"2140430731","1995437102","9.89727"
"1995437102","23323356","1.54286"
"23323356","1995437102","1.54286"
"2017616492","2140430731","1.44727"
"2140430731","2017616492","1.44727"
"2017616492","23323356","0.2"
"23323356","2017616492","0.2"
"2140430731","23323356","0.2"
"23323356","2140430731","0.2"
"1506882104","2130304062","0.622024"
"2130304062","1506882104","0.622024"
"1506882104","2172007538","0.257989"
"2172007538","1506882104","0.257989"
"1995437102","2064383543","0.605745"
"2064383543","1995437102","0.605745"
"1995437102","2130304062","0.142857"
"2130304062","1995437102","0.142857"
"1995437102","2148706674","0.477769"
"2148706674","1995437102","0.477769"
"1995437102","2172007538","0.195489"
"2172007538","1995437102","0.195489"
"1996186909","2064383543","0.841804"
"2064383543","1996186909","0.841804"
"1996186909","2130304062","0.28869"
"2130304062","1996186909","0.28869"
"1996186909","2148706674","0.933126"
"2148706674","1996186909","0.933126"
"1996186909","2172007538","0.705357"
"2172007538","1996186909","0.705357"
"1996186909","23323356","0.342857"
"23323356","1996186909","0.342857"
"2064383543","2130304062","1.09821"
"2130304062","2064383543","1.09821"
"2064383543","2172007538","0.5691"
"2172007538","2064383543","0.5691"
"2064383543","23323356","0.142857"
"23323356","2064383543","0.142857"
"2130304062","2148706674","0.622024"
"2148706674","2130304062","0.622024"
"2130304062","2172007538","0.455357"
"2172007538","2130304062","0.455357"
"2130304062","23323356","0.267857"
"23323356","2130304062","0.267857"
"2148706674","2172007538","0.205357"
"2172007538","2148706674","0.205357"
"2148706674","23323356","0.142857"
"23323356","2148706674","0.142857"
"2172007538","23323356","0.392857"
"23323356","2172007538","0.392857"
"1506882104","2134743705","0.404943"
"2134743705","1506882104","0.404943"
"1540340974","1998783890","0.135965"
"1998783890","1540340974","0.135965"
"1540340974","2134743705","0.573267"
"2134743705","1540340974","0.573267"
"1540340974","2140430731","0.135965"
"2140430731","1540340974","0.135965"
"1995437102","1998783890","1.11447"
"1998783890","1995437102","1.11447"
"1995437102","2134743705","0.504943"
"2134743705","1995437102","0.504943"
"1996186909","1998783890","2.36183"
"1998783890","1996186909","2.36183"
"1996186909","2134743705","0.352311"
"2134743705","1996186909","0.352311"
"1996186909","2140430731","0.777967"
"2140430731","1996186909","0.777967"
"1998783890","2017616492","1.2478"
"2017616492","1998783890","1.2478"
"1998783890","2134743705","1.32802"
"2134743705","1998783890","1.32802"
"1998783890","2140430731","0.863932"
"2140430731","1998783890","0.863932"
"1998783890","2153511931","1.00455"
"2153511931","1998783890","1.00455"
"1998783890","2168632104","0.494686"
"2168632104","1998783890","0.494686"
"1998783890","2404829569","0.383575"
"2404829569","1998783890","0.383575"
"1998783890","2407135728","0.383575"
"2407135728","1998783890","0.383575"
"1998783890","257053926","0.383575"
"257053926","1998783890","0.383575"
"2017616492","2134743705","0.404943"
"2134743705","2017616492","0.404943"
"2134743705","2140430731","0.188596"
"2140430731","2134743705","0.188596"
"2134743705","2153511931","0.337888"
"2153511931","2134743705","0.337888"
"2134743705","2168632104","1.60143"
"2168632104","2134743705","1.60143"
"2134743705","2404829569","0.990321"
"2404829569","2134743705","0.990321"
"2134743705","2407135728","1.10143"
"2407135728","2134743705","1.10143"
"2134743705","257053926","0.990321"
"257053926","2134743705","0.990321"
"2140430731","2153511931","0.268444"
"2153511931","2140430731","0.268444"
"2140430731","2168632104","0.321075"
"2168632104","2140430731","0.321075"
"2140430731","2404829569","0.571075"
"2404829569","2140430731","0.571075"
"2140430731","2407135728","0.571075"
"2407135728","2140430731","0.571075"
"2140430731","257053926","0.571075"
"257053926","2140430731","0.571075"
"1506882104","2156664231","0.25"
"2156664231","1506882104","0.25"
"1586825695","1996186909","0.702967"
"1996186909","1586825695","0.702967"
"1586825695","2156664231","0.25"
"2156664231","1586825695","0.25"
"1996186909","2110557355","0.372024"
"2110557355","1996186909","0.372024"
"1996186909","2156664231","0.45"
"2156664231","1996186909","0.45"
"2064383543","2156664231","0.25"
"2156664231","2064383543","0.25"
"2110557355","2156664231","0.166667"
"2156664231","2110557355","0.166667"
"2148706674","2156664231","0.25"
"2156664231","2148706674","0.25"
"1973266211","1996186909","1.24431"
"1996186909","1973266211","1.24431"
"1973266211","2134537508","0.44359"
"2134537508","1973266211","0.44359"
"1996186909","2134537508","0.24359"
"2134537508","1996186909","0.24359"
"2134537508","2140430731","0.669298"
"2140430731","2134537508","0.669298"
"1506882104","1975887898","0.0625"
"1975887898","1506882104","0.0625"
"1506882104","2099132625","0.0625"
"2099132625","1506882104","0.0625"
"1506882104","2151335566","0.0625"
"2151335566","1506882104","0.0625"
"1506882104","2160923181","0.0625"
"2160923181","1506882104","0.0625"
"1506882104","2187584245","0.201389"
"2187584245","1506882104","0.201389"
"1586825695","1975887898","0.284722"
"1975887898","1586825695","0.284722"
"1586825695","2017616492","0.696075"
"2017616492","1586825695","0.696075"
"1586825695","2099132625","0.373611"
"2099132625","1586825695","0.373611"
"1586825695","2130304062","1.70536"
"2130304062","1586825695","1.70536"
"1586825695","2151335566","0.743056"
"2151335566","1586825695","0.743056"
"1586825695","2153511931","0.521878"
"2153511931","1586825695","0.521878"
"1586825695","2160923181","1.81806"
"2160923181","1586825695","1.81806"
"1586825695","2172007538","1.53735"
"2172007538","1586825695","1.53735"
"1586825695","2187584245","0.344246"
"2187584245","1586825695","0.344246"
"1975887898","1996186909","0.0625"
"1996186909","1975887898","0.0625"
"1975887898","2017616492","0.0625"
"2017616492","1975887898","0.0625"
"1975887898","2064383543","0.173611"
"2064383543","1975887898","0.173611"
"1975887898","2099132625","4.46647"
"2099132625","1975887898","4.46647"
"1975887898","2110557355","0.284722"
"2110557355","1975887898","0.284722"
"1975887898","2122731071","0.0625"
"2122731071","1975887898","0.0625"
"1975887898","2130304062","0.0625"
"2130304062","1975887898","0.0625"
"1975887898","2148706674","0.0625"
"2148706674","1975887898","0.0625"
"1975887898","2151335566","0.594246"
"2151335566","1975887898","0.594246"
"1975887898","2153511931","0.0625"
"2153511931","1975887898","0.0625"
"1975887898","2160923181","1.51091"
"2160923181","1975887898","1.51091"
"1975887898","2164363676","0.0625"
"2164363676","1975887898","0.0625"
"1975887898","2172007538","2.79425"
"2172007538","1975887898","2.79425"
"1975887898","2187584245","0.0625"
"2187584245","1975887898","0.0625"
"1996186909","2099132625","0.2625"
"2099132625","1996186909","0.2625"
"1996186909","2122731071","0.508471"
"2122731071","1996186909","0.508471"
"1996186909","2151335566","0.395833"
"2151335566","1996186909","0.395833"
"1996186909","2160923181","0.2625"
"2160923181","1996186909","0.2625"
"1996186909","2164363676","0.508471"
"2164363676","1996186909","0.508471"
"1996186909","2187584245","0.201389"
"2187584245","1996186909","0.201389"
"2017616492","2064383543","0.525388"
"2064383543","2017616492","0.525388"
"2017616492","2099132625","0.0625"
"2099132625","2017616492","0.0625"
"2017616492","2110557355","0.0625"
"2110557355","2017616492","0.0625"
"2017616492","2122731071","0.139423"
"2122731071","2017616492","0.139423"
"2017616492","2130304062","0.0625"
"2130304062","2017616492","0.0625"
"2017616492","2148706674","1.56408"
"2148706674","2017616492","1.56408"
"2017616492","2151335566","0.0625"
"2151335566","2017616492","0.0625"
"2017616492","2160923181","0.0625"
"2160923181","2017616492","0.0625"
"2017616492","2164363676","0.139423"
"2164363676","2017616492","0.139423"
"2017616492","2172007538","0.115132"
"2172007538","2017616492","0.115132"
"2017616492","2187584245","0.118056"
"2187584245","2017616492","0.118056"
"2064383543","2099132625","0.373611"
"2099132625","2064383543","0.373611"
"2064383543","2151335566","0.298611"
"2151335566","2064383543","0.298611"
"2064383543","2153511931","2.74702"
"2153511931","2064383543","2.74702"
"2064383543","2160923181","0.373611"
"2160923181","2064383543","0.373611"
"2064383543","2187584245","1.67758"
"2187584245","2064383543","1.67758"
"2099132625","2110557355","0.173611"
"2110557355","2099132625","0.173611"
"2099132625","2122731071","0.0625"
"2122731071","2099132625","0.0625"
"2099132625","2130304062","0.0625"
"2130304062","2099132625","0.0625"
"2099132625","2148706674","0.0625"
"2148706674","2099132625","0.0625"
"2099132625","2151335566","0.849802"
"2151335566","2099132625","0.849802"
"2099132625","2153511931","0.0625"
"2153511931","2099132625","0.0625"
"2099132625","2160923181","2.16647"
"2160923181","2099132625","2.16647"
"2099132625","2164363676","0.2625"
"2164363676","2099132625","0.2625"
"2099132625","2187584245","0.0625"
"2187584245","2099132625","0.0625"
"2110557355","2130304062","1.03869"
"2130304062","2110557355","1.03869"
"2110557355","2151335566","0.409722"
"2151335566","2110557355","0.409722"
"2110557355","2153511931","0.497024"
"2153511931","2110557355","0.497024"
"2110557355","2160923181","0.284722"
"2160923181","2110557355","0.284722"
"2110557355","2172007538","0.284722"
"2172007538","2110557355","0.284722"
"2110557355","2187584245","0.372024"
"2187584245","2110557355","0.372024"
"2122731071","2130304062","0.28869"
"2130304062","2122731071","0.28869"
"2122731071","2151335566","0.1875"
"2151335566","2122731071","0.1875"
"2122731071","2153511931","0.580357"
"2153511931","2122731071","0.580357"
"2122731071","2160923181","0.0625"
"2160923181","2122731071","0.0625"
"2122731071","2172007538","0.0625"
"2172007538","2122731071","0.0625"
"2122731071","2187584245","0.455357"
"2187584245","2122731071","0.455357"
"2130304062","2151335566","0.0625"
"2151335566","2130304062","0.0625"
"2130304062","2153511931","0.78869"
"2153511931","2130304062","0.78869"
"2130304062","2160923181","0.0625"
"2160923181","2130304062","0.0625"
"2130304062","2164363676","0.28869"
"2164363676","2130304062","0.28869"
"2130304062","2187584245","1.45536"
"2187584245","2130304062","1.45536"
"2148706674","2151335566","0.0625"
"2151335566","2148706674","0.0625"
"2148706674","2153511931","0.198465"
"2153511931","2148706674","0.198465"
"2148706674","2160923181","0.0625"
"2160923181","2148706674","0.0625"
"2148706674","2187584245","0.145833"
"2187584245","2148706674","0.145833"
"2151335566","2153511931","0.1875"
"2153511931","2151335566","0.1875"
"2151335566","2160923181","1.79425"
"2160923181","2151335566","1.79425"
"2151335566","2164363676","0.1875"
"2164363676","2151335566","0.1875"
"2151335566","2172007538","2.37758"
"2172007538","2151335566","2.37758"
"2151335566","2187584245","0.0625"
"2187584245","2151335566","0.0625"
"2153511931","2160923181","0.0625"
"2160923181","2153511931","0.0625"
"2153511931","2164363676","0.580357"
"2164363676","2153511931","0.580357"
"2153511931","2172007538","0.0625"
"2172007538","2153511931","0.0625"
"2153511931","2187584245","1.76091"
"2187584245","2153511931","1.76091"
"2160923181","2164363676","0.2625"
"2164363676","2160923181","0.2625"
"2160923181","2172007538","1.74425"
"2172007538","2160923181","1.74425"
"2160923181","2187584245","0.0625"
"2187584245","2160923181","0.0625"
"2164363676","2172007538","0.2625"
"2172007538","2164363676","0.2625"
"2164363676","2187584245","0.455357"
"2187584245","2164363676","0.455357"
"2172007538","2187584245","0.0625"
"2187584245","2172007538","0.0625"
"1966446553","2148706674","0.5125"
"2148706674","1966446553","0.5125"
"1995328140","2148706674","0.892055"
"2148706674","1995328140","0.892055"
"2107443258","2148706674","1.14205"
"2148706674","2107443258","1.14205"
"2114725120","2148706674","0.5125"
"2148706674","2114725120","0.5125"
"1506882104","2030868206","0.108187"
"2030868206","1506882104","0.108187"
"1506882104","2042663418","0.108187"
"2042663418","1506882104","0.108187"
"1506882104","2272117517","0.0526316"
"2272117517","1506882104","0.0526316"
"1586825695","1973266211","0.44761"
"1973266211","1586825695","0.44761"
"1586825695","1995328140","0.300242"
"1995328140","1586825695","0.300242"
"1586825695","1995437102","2.00024"
"1995437102","1586825695","2.00024"
"1586825695","2030868206","0.108187"
"2030868206","1586825695","0.108187"
"1586825695","2042663418","0.108187"
"2042663418","1586825695","0.108187"
"1586825695","2107443258","0.244686"
"2107443258","1586825695","0.244686"
"1586825695","2134743705","0.244686"
"2134743705","1586825695","0.244686"
"1586825695","2140430731","1.86082"
"2140430731","1586825695","1.86082"
"1586825695","2168632104","0.223319"
"2168632104","1586825695","0.223319"
"1586825695","2272117517","0.0526316"
"2272117517","1586825695","0.0526316"
"1586825695","2404829569","0.223319"
"2404829569","1586825695","0.223319"
"1586825695","2407135728","0.223319"
"2407135728","1586825695","0.223319"
"1586825695","257053926","0.223319"
"257053926","1586825695","0.223319"
"1973266211","1995328140","0.512567"
"1995328140","1973266211","0.512567"
"1973266211","1998783890","0.66739"
"1998783890","1973266211","0.66739"
"1973266211","2030868206","0.219298"
"2030868206","1973266211","0.219298"
"1973266211","2042663418","0.219298"
"2042663418","1973266211","0.219298"
"1973266211","2107443258","0.457012"
"2107443258","1973266211","0.457012"
"1973266211","2134743705","1.38009"
"2134743705","1973266211","1.38009"
"1973266211","2148706674","0.334912"
"2148706674","1973266211","0.334912"
"1973266211","2153511931","0.595367"
"2153511931","1973266211","0.595367"
"1973266211","2168632104","0.435644"
"2168632104","1973266211","0.435644"
"1973266211","2272117517","0.0526316"
"2272117517","1973266211","0.0526316"
"1973266211","2404829569","0.324533"
"2404829569","1973266211","0.324533"
"1973266211","2407135728","0.435644"
"2407135728","1973266211","0.435644"
"1973266211","257053926","0.324533"
"257053926","1973266211","0.324533"
"1995328140","1998783890","0.488276"
"1998783890","1995328140","0.488276"
"1995328140","2030868206","1.72449"
"2030868206","1995328140","1.72449"
"1995328140","2042663418","1.55783"
"2042663418","1995328140","1.55783"
"1995328140","2134743705","1.59502"
"2134743705","1995328140","1.59502"
"1995328140","2140430731","0.237742"
"2140430731","1995328140","0.237742"
"1995328140","2272117517","0.435965"
"2272117517","1995328140","0.435965"
"1995437102","2030868206","0.108187"
"2030868206","1995437102","0.108187"
"1995437102","2042663418","0.108187"
"2042663418","1995437102","0.108187"
"1995437102","2272117517","0.0526316"
"2272117517","1995437102","0.0526316"
"1996186909","2030868206","0.108187"
"2030868206","1996186909","0.108187"
"1996186909","2042663418","0.108187"
"2042663418","1996186909","0.108187"
"1996186909","2272117517","0.0526316"
"2272117517","1996186909","0.0526316"
"1998783890","2030868206","0.108187"
"2030868206","1998783890","0.108187"
"1998783890","2042663418","0.108187"
"2042663418","1998783890","0.108187"
"1998783890","2107443258","0.43272"
"2107443258","1998783890","0.43272"
"1998783890","2272117517","0.0526316"
"2272117517","1998783890","0.0526316"
"2017616492","2030868206","0.108187"
"2030868206","2017616492","0.108187"
"2017616492","2042663418","0.108187"
"2042663418","2017616492","0.108187"
"2017616492","2272117517","0.0526316"
"2272117517","2017616492","0.0526316"
"2030868206","2042663418","16.5078"
"2042663418","2030868206","16.5078"
"2030868206","2107443258","1.06136"
"2107443258","2030868206","1.06136"
"2030868206","2134743705","0.989933"
"2134743705","2030868206","0.989933"
"2030868206","2140430731","0.108187"
"2140430731","2030868206","0.108187"
"2030868206","2148706674","0.0526316"
"2148706674","2030868206","0.0526316"
"2030868206","2153511931","0.108187"
"2153511931","2030868206","0.108187"
"2030868206","2168632104","1.55783"
"2168632104","2030868206","1.55783"
"2030868206","2272117517","0.235965"
"2272117517","2030868206","0.235965"
"2030868206","2404829569","0.696715"
"2404829569","2030868206","0.696715"
"2030868206","2407135728","0.807826"
"2407135728","2030868206","0.807826"
"2030868206","257053926","0.696715"
"257053926","2030868206","0.696715"
"2042663418","2107443258","0.894695"
"2107443258","2042663418","0.894695"
"2042663418","2134743705","0.823267"
"2134743705","2042663418","0.823267"
"2042663418","2140430731","0.108187"
"2140430731","2042663418","0.108187"
"2042663418","2148706674","0.0526316"
"2148706674","2042663418","0.0526316"
"2042663418","2153511931","0.108187"
"2153511931","2042663418","0.108187"
"2042663418","2168632104","1.39116"
"2168632104","2042663418","1.39116"
"2042663418","2272117517","0.235965"
"2272117517","2042663418","0.235965"
"2042663418","2404829569","0.696715"
"2404829569","2042663418","0.696715"
"2042663418","2407135728","0.807826"
"2407135728","2042663418","0.807826"
"2042663418","257053926","0.696715"
"257053926","2042663418","0.696715"
"2107443258","2134743705","1.62002"
"2134743705","2107443258","1.62002"
"2107443258","2140430731","0.182186"
"2140430731","2107443258","0.182186"
"2107443258","2272117517","0.135965"
"2272117517","2107443258","0.135965"
"2134743705","2148706674","0.442055"
"2148706674","2134743705","0.442055"
"2134743705","2272117517","0.135965"
"2272117517","2134743705","0.135965"
"2140430731","2148706674","0.195489"
"2148706674","2140430731","0.195489"
"2140430731","2272117517","0.0526316"
"2272117517","2140430731","0.0526316"
"2148706674","2168632104","0.115132"
"2168632104","2148706674","0.115132"
"2148706674","2272117517","0.0526316"
"2272117517","2148706674","0.0526316"
"2148706674","2404829569","0.115132"
"2404829569","2148706674","0.115132"
"2148706674","2407135728","0.115132"
"2407135728","2148706674","0.115132"
"2148706674","257053926","0.115132"
"257053926","2148706674","0.115132"
"2153511931","2272117517","0.0526316"
"2272117517","2153511931","0.0526316"
"2168632104","2272117517","0.603822"
"2272117517","2168632104","0.603822"
"2272117517","2404829569","1.19668"
"2404829569","2272117517","1.19668"
"2272117517","2407135728","0.746679"
"2407135728","2272117517","0.746679"
"2272117517","257053926","0.746679"
"257053926","2272117517","0.746679"
"1995328140","2064383543","0.296221"
"2064383543","1995328140","0.296221"
"2064383543","2107443258","0.240666"
"2107443258","2064383543","0.240666"
"2064383543","2168632104","0.219298"
"2168632104","2064383543","0.219298"
"1506882104","2141192422","0.5"
"2141192422","1506882104","0.5"
"2017616492","2141192422","0.5"
"2141192422","2017616492","0.5"
"1506882104","2118382926","0.0555556"
"2118382926","1506882104","0.0555556"
"1586825695","2118382926","0.416667"
"2118382926","1586825695","0.416667"
"1973266211","2064383543","0.132479"
"2064383543","1973266211","0.132479"
"1973266211","2118382926","1.18056"
"2118382926","1973266211","1.18056"
"1973266211","2187584245","0.0555556"
"2187584245","1973266211","0.0555556"
"1995328140","2118382926","0.0555556"
"2118382926","1995328140","0.0555556"
"1995328140","2187584245","0.0555556"
"2187584245","1995328140","0.0555556"
"1995437102","2118382926","0.0555556"
"2118382926","1995437102","0.0555556"
"1995437102","2187584245","0.0555556"
"2187584245","1995437102","0.0555556"
"1996186909","2118382926","0.0555556"
"2118382926","1996186909","0.0555556"
"1998783890","2118382926","0.305556"
"2118382926","1998783890","0.305556"
"1998783890","2187584245","0.0555556"
"2187584245","1998783890","0.0555556"
"2017616492","2118382926","0.0555556"
"2118382926","2017616492","0.0555556"
"2030868206","2064383543","0.0555556"
"2064383543","2030868206","0.0555556"
"2030868206","2118382926","0.0555556"
"2118382926","2030868206","0.0555556"
"2030868206","2187584245","0.0555556"
"2187584245","2030868206","0.0555556"
"2042663418","2064383543","0.0555556"
"2064383543","2042663418","0.0555556"
"2042663418","2118382926","0.0555556"
"2118382926","2042663418","0.0555556"
"2042663418","2187584245","0.0555556"
"2187584245","2042663418","0.0555556"
"2064383543","2118382926","0.166667"
"2118382926","2064383543","0.166667"
"2064383543","2140430731","0.274854"
"2140430731","2064383543","0.274854"
"2064383543","2404829569","0.108187"
"2404829569","2064383543","0.108187"
"2064383543","2407135728","0.108187"
"2407135728","2064383543","0.108187"
"2064383543","257053926","0.108187"
"257053926","2064383543","0.108187"
"2118382926","2140430731","0.0555556"
"2140430731","2118382926","0.0555556"
"2118382926","2153511931","0.0555556"
"2153511931","2118382926","0.0555556"
"2118382926","2168632104","0.0555556"
"2168632104","2118382926","0.0555556"
"2118382926","2187584245","0.0555556"
"2187584245","2118382926","0.0555556"
"2118382926","2404829569","0.0555556"
"2404829569","2118382926","0.0555556"
"2118382926","2407135728","0.0555556"
"2407135728","2118382926","0.0555556"
"2118382926","257053926","0.0555556"
"257053926","2118382926","0.0555556"
"2140430731","2187584245","0.0555556"
"2187584245","2140430731","0.0555556"
"2168632104","2187584245","0.555556"
"2187584245","2168632104","0.555556"
"2187584245","2404829569","0.305556"
"2404829569","2187584245","0.305556"
"2187584245","2407135728","0.555556"
"2407135728","2187584245","0.555556"
"2187584245","257053926","0.555556"
"257053926","2187584245","0.555556"
"1506882104","2112056262","0.75"
"2112056262","1506882104","0.75"
"2017616492","2112056262","0.666667"
"2112056262","2017616492","0.666667"
"1995328140","2134537508","0.229555"
"2134537508","1995328140","0.229555"
"2134537508","2134743705","0.229555"
"2134743705","2134537508","0.229555"
"2134537508","2168632104","0.229555"
"2168632104","2134537508","0.229555"
"2134537508","2404829569","0.229555"
"2404829569","2134537508","0.229555"
"2134537508","2407135728","0.229555"
"2407135728","2134537508","0.229555"
"1973266211","2122731071","0.0769231"
"2122731071","1973266211","0.0769231"
"1973266211","2164363676","0.0769231"
"2164363676","1973266211","0.0769231"
"1995328140","2122731071","0.21978"
"2122731071","1995328140","0.21978"
"1995328140","2164363676","0.21978"
"2164363676","1995328140","0.21978"
"1995437102","2122731071","0.21978"
"2122731071","1995437102","0.21978"
"1995437102","2164363676","0.21978"
"2164363676","1995437102","0.21978"
"2064383543","2134743705","0.129555"
"2134743705","2064383543","0.129555"
"2107443258","2122731071","0.0769231"
"2122731071","2107443258","0.0769231"
"2107443258","2164363676","0.0769231"
"2164363676","2107443258","0.0769231"
"2122731071","2134743705","0.0769231"
"2134743705","2122731071","0.0769231"
"2134743705","2164363676","0.0769231"
"2164363676","2134743705","0.0769231"
"1506882104","2099794518","0.25"
"2099794518","1506882104","0.25"
"1586825695","2099794518","0.0833333"
"2099794518","1586825695","0.0833333"
"1586825695","2112056262","3.55556"
"2112056262","1586825695","3.55556"
"1996186909","2099794518","1.08333"
"2099794518","1996186909","1.08333"
"1996186909","2112056262","0.0833333"
"2112056262","1996186909","0.0833333"
"2064383543","2099794518","0.25"
"2099794518","2064383543","0.25"
"2064383543","2112056262","0.361111"
"2112056262","2064383543","0.361111"
"2099794518","2112056262","0.25"
"2112056262","2099794518","0.25"
"2099794518","2122731071","0.0833333"
"2122731071","2099794518","0.0833333"
"2099794518","2130304062","0.0833333"
"2130304062","2099794518","0.0833333"
"2099794518","2148706674","0.0833333"
"2148706674","2099794518","0.0833333"
"2099794518","2153511931","0.0833333"
"2153511931","2099794518","0.0833333"
"2099794518","2156664231","0.0833333"
"2156664231","2099794518","0.0833333"
"2099794518","2164363676","0.0833333"
"2164363676","2099794518","0.0833333"
"2099794518","2187584245","0.0833333"
"2187584245","2099794518","0.0833333"
"2112056262","2122731071","0.0833333"
"2122731071","2112056262","0.0833333"
"2112056262","2130304062","0.333333"
"2130304062","2112056262","0.333333"
"2112056262","2148706674","0.0833333"
"2148706674","2112056262","0.0833333"
"2112056262","2153511931","0.0833333"
"2153511931","2112056262","0.0833333"
"2112056262","2156664231","0.0833333"
"2156664231","2112056262","0.0833333"
"2112056262","2164363676","0.583333"
"2164363676","2112056262","0.583333"
"2112056262","2187584245","0.0833333"
"2187584245","2112056262","0.0833333"
"2122731071","2156664231","0.0833333"
"2156664231","2122731071","0.0833333"
"2130304062","2156664231","0.0833333"
"2156664231","2130304062","0.0833333"
"2153511931","2156664231","0.0833333"
"2156664231","2153511931","0.0833333"
"2156664231","2164363676","0.0833333"
"2164363676","2156664231","0.0833333"
"2156664231","2187584245","0.0833333"
"2187584245","2156664231","0.0833333"
"1586825695","1966446553","0.115132"
"1966446553","1586825695","0.115132"
"1586825695","2114725120","0.115132"
"2114725120","1586825695","0.115132"
"1966446553","1973266211","0.173611"
"1973266211","1966446553","0.173611"
"1966446553","1998783890","0.115132"
"1998783890","1966446553","0.115132"
"1966446553","2134743705","0.672671"
"2134743705","1966446553","0.672671"
"1973266211","2114725120","0.173611"
"2114725120","1973266211","0.173611"
"1998783890","2114725120","0.115132"
"2114725120","1998783890","0.115132"
"2114725120","2134743705","0.672671"
"2134743705","2114725120","0.672671"
"1998783890","2134537508","0.752632"
"2134537508","1998783890","0.752632"
"2134537508","2148706674","0.5"
"2148706674","2134537508","0.5"
"1506882104","2166046634","0.219298"
"2166046634","1506882104","0.219298"
"1586825695","2134537508","0.419298"
"2134537508","1586825695","0.419298"
"1586825695","2166046634","0.219298"
"2166046634","1586825695","0.219298"
"1998783890","2166046634","0.219298"
"2166046634","1998783890","0.219298"
"2064383543","2134537508","0.219298"
"2134537508","2064383543","0.219298"
"2064383543","2166046634","0.219298"
"2166046634","2064383543","0.219298"
"2134537508","2166046634","0.319298"
"2166046634","2134537508","0.319298"
"2148706674","2166046634","0.166667"
"2166046634","2148706674","0.166667"
"1540340974","1586825695","0.0526316"
"1586825695","1540340974","0.0526316"
"1540340974","2064383543","0.0526316"
"2064383543","1540340974","0.0526316"
"1540340974","2134537508","0.152632"
"2134537508","1540340974","0.152632"
"1540340974","2166046634","0.152632"
"2166046634","1540340974","0.152632"
"1540340974","2172007538","0.0526316"
"2172007538","1540340974","0.0526316"
"1966446553","2064383543","0.0526316"
"2064383543","1966446553","0.0526316"
"1966446553","2134537508","0.0526316"
"2134537508","1966446553","0.0526316"
"1966446553","2140430731","0.0526316"
"2140430731","1966446553","0.0526316"
"1966446553","2166046634","0.0526316"
"2166046634","1966446553","0.0526316"
"1966446553","2172007538","0.0526316"
"2172007538","1966446553","0.0526316"
"1995328140","2166046634","0.152632"
"2166046634","1995328140","0.152632"
"1995328140","2172007538","0.0526316"
"2172007538","1995328140","0.0526316"
"1995437102","2166046634","0.652632"
"2166046634","1995437102","0.652632"
"1998783890","2172007538","0.413743"
"2172007538","1998783890","0.413743"
"2017616492","2166046634","0.0526316"
"2166046634","2017616492","0.0526316"
"2064383543","2114725120","0.0526316"
"2114725120","2064383543","0.0526316"
"2107443258","2166046634","0.0526316"
"2166046634","2107443258","0.0526316"
"2107443258","2172007538","0.0526316"
"2172007538","2107443258","0.0526316"
"2114725120","2134537508","0.0526316"
"2134537508","2114725120","0.0526316"
"2114725120","2140430731","0.0526316"
"2140430731","2114725120","0.0526316"
"2114725120","2166046634","0.0526316"
"2166046634","2114725120","0.0526316"
"2114725120","2172007538","0.0526316"
"2172007538","2114725120","0.0526316"
"2134537508","2172007538","0.0526316"
"2172007538","2134537508","0.0526316"
"2134743705","2166046634","0.152632"
"2166046634","2134743705","0.152632"
"2134743705","2172007538","0.0526316"
"2172007538","2134743705","0.0526316"
"2140430731","2166046634","0.552632"
"2166046634","2140430731","0.552632"
"2140430731","2172007538","0.0526316"
"2172007538","2140430731","0.0526316"
"2166046634","2168632104","0.152632"
"2168632104","2166046634","0.152632"
"2166046634","2172007538","0.385965"
"2172007538","2166046634","0.385965"
"2166046634","2404829569","0.152632"
"2404829569","2166046634","0.152632"
"2166046634","2407135728","0.152632"
"2407135728","2166046634","0.152632"
"2166046634","257053926","0.152632"
"257053926","2166046634","0.152632"
"2168632104","2172007538","0.0526316"
"2172007538","2168632104","0.0526316"
"2172007538","2404829569","0.0526316"
"2404829569","2172007538","0.0526316"
"2172007538","2407135728","0.0526316"
"2407135728","2172007538","0.0526316"
"2172007538","257053926","0.0526316"
"257053926","2172007538","0.0526316"
"1506882104","2002858943","0.142857"
