"10089010","2146569941","1.53333"
"2146569941","10089010","1.53333"
"10089010","2129908242","1.2"
"2129908242","10089010","1.2"
"10089010","2522111627","0.333333"
"2522111627","10089010","0.333333"
"10089010","2806672620","0.866667"
"2806672620","10089010","0.866667"
"10089010","3000656992","0.333333"
"3000656992","10089010","0.333333"
"2522111627","2806672620","0.75"
"2806672620","2522111627","0.75"
"2522111627","3000656992","0.75"
"3000656992","2522111627","0.75"
"2806672620","3000656992","8.75"
"3000656992","2806672620","8.75"
"10089010","2097608897","1.06667"
"2097608897","10089010","1.06667"
"10089010","2157880897","0.333333"
"2157880897","10089010","0.333333"
"2097608897","2146569941","1.53333"
"2146569941","2097608897","1.53333"
"2097608897","2157880897","0.333333"
"2157880897","2097608897","0.333333"
"2146569941","2157880897","0.333333"
"2157880897","2146569941","0.333333"
"10089010","1861132529","0.2"
"1861132529","10089010","0.2"
"10089010","2053544001","0.733333"
"2053544001","10089010","0.733333"
"1861132529","2053544001","0.342857"
"2053544001","1861132529","0.342857"
"1861132529","2097608897","0.2"
"2097608897","1861132529","0.2"
"1861132529","2146569941","1.2"
"2146569941","1861132529","1.2"
"1861132529","2806672620","0.342857"
"2806672620","1861132529","0.342857"
"2053544001","2097608897","0.983333"
"2097608897","2053544001","0.983333"
"2053544001","2146569941","0.2"
"2146569941","2053544001","0.2"
"2053544001","2806672620","0.92619"
"2806672620","2053544001","0.92619"
"2097608897","2806672620","0.783333"
"2806672620","2097608897","0.783333"
"2146569941","2806672620","0.2"
"2806672620","2146569941","0.2"
"10089010","2077443691","0.2"
"2077443691","10089010","0.2"
"10089010","2143460123","0.2"
"2143460123","10089010","0.2"
"2053544001","2077443691","0.342857"
"2077443691","2053544001","0.342857"
"2053544001","2129908242","0.342857"
"2129908242","2053544001","0.342857"
"2053544001","2143460123","0.2"
"2143460123","2053544001","0.2"
"2077443691","2097608897","0.2"
"2097608897","2077443691","0.2"
"2077443691","2129908242","0.342857"
"2129908242","2077443691","0.342857"
"2077443691","2143460123","1.2"
"2143460123","2077443691","1.2"
"2097608897","2129908242","1.2"
"2129908242","2097608897","1.2"
"2097608897","2143460123","0.2"
"2143460123","2097608897","0.2"
"2129908242","2143460123","0.2"
"2143460123","2129908242","0.2"
"1489346022","1570477871","0.35"
"1570477871","1489346022","0.35"
"1489346022","1602137482","0.1"
"1602137482","1489346022","0.1"
"1489346022","1936410615","0.1"
"1936410615","1489346022","0.1"
"1489346022","2068644217","1.35"
"2068644217","1489346022","1.35"
"1489346022","2104003087","0.35"
"2104003087","1489346022","0.35"
"1489346022","2116420167","0.1"
"2116420167","1489346022","0.1"
"1489346022","2117546628","0.1"
"2117546628","1489346022","0.1"
"1489346022","2124851765","0.1"
"2124851765","1489346022","0.1"
"1489346022","2159726625","0.1"
"2159726625","1489346022","0.1"
"1489346022","2169333950","0.1"
"2169333950","1489346022","0.1"
"1570477871","1602137482","0.541667"
"1602137482","1570477871","0.541667"
"1570477871","1936410615","0.933333"
"1936410615","1570477871","0.933333"
"1570477871","2068644217","1.625"
"2068644217","1570477871","1.625"
"1570477871","2104003087","7.325"
"2104003087","1570477871","7.325"
"1570477871","2116420167","0.166667"
"2116420167","1570477871","0.166667"
"1570477871","2117546628","0.166667"
"2117546628","1570477871","0.166667"
"1570477871","2124851765","0.166667"
"2124851765","1570477871","0.166667"
"1570477871","2159726625","0.291667"
"2159726625","1570477871","0.291667"
"1570477871","2169333950","0.291667"
"2169333950","1570477871","0.291667"
"1602137482","1936410615","0.411111"
"1936410615","1602137482","0.411111"
"1602137482","2068644217","0.541667"
"2068644217","1602137482","0.541667"
"1602137482","2104003087","0.819444"
"2104003087","1602137482","0.819444"
"1602137482","2116420167","0.277778"
"2116420167","1602137482","0.277778"
"1602137482","2117546628","0.444444"
"2117546628","1602137482","0.444444"
"1602137482","2124851765","0.477778"
"2124851765","1602137482","0.477778"
"1602137482","2159726625","0.658333"
"2159726625","1602137482","0.658333"
"1602137482","2169333950","2.65833"
"2169333950","1602137482","2.65833"
"1936410615","2068644217","0.633333"
"2068644217","1936410615","0.633333"
"1936410615","2104003087","1.29444"
"2104003087","1936410615","1.29444"
"1936410615","2116420167","0.877778"
"2116420167","1936410615","0.877778"
"1936410615","2117546628","0.494444"
"2117546628","1936410615","0.494444"
"1936410615","2124851765","1.07778"
"2124851765","1936410615","1.07778"
"1936410615","2159726625","2.21667"
"2159726625","1936410615","2.21667"
"1936410615","2169333950","0.383333"
"2169333950","1936410615","0.383333"
"2068644217","2104003087","1.95833"
"2104003087","2068644217","1.95833"
"2068644217","2116420167","0.166667"
"2116420167","2068644217","0.166667"
"2068644217","2117546628","1.56667"
"2117546628","2068644217","1.56667"
"2068644217","2124851765","1.16667"
"2124851765","2068644217","1.16667"
"2068644217","2159726625","0.291667"
"2159726625","2068644217","0.291667"
"2068644217","2169333950","0.291667"
"2169333950","2068644217","0.291667"
"2104003087","2116420167","0.277778"
"2116420167","2104003087","0.277778"
"2104003087","2117546628","0.444444"
"2117546628","2104003087","0.444444"
"2104003087","2124851765","0.277778"
"2124851765","2104003087","0.277778"
"2104003087","2159726625","0.708333"
"2159726625","2104003087","0.708333"
"2104003087","2169333950","0.458333"
"2169333950","2104003087","0.458333"
"2116420167","2117546628","1.47126"
"2117546628","2116420167","1.47126"
"2116420167","2124851765","1.21111"
"2124851765","2116420167","1.21111"
"2116420167","2159726625","0.833333"
"2159726625","2116420167","0.833333"
"2116420167","2169333950","0.316667"
"2169333950","2116420167","0.316667"
"2117546628","2124851765","1.26111"
"2124851765","2117546628","1.26111"
"2117546628","2159726625","5.98095"
"2159726625","2117546628","5.98095"
"2117546628","2169333950","2.65"
"2169333950","2117546628","2.65"
"2124851765","2159726625","2.7"
"2159726625","2124851765","2.7"
"2124851765","2169333950","0.683333"
"2169333950","2124851765","0.683333"
"2159726625","2169333950","2.90833"
"2169333950","2159726625","2.90833"
"1489346022","2112549327","0.25"
"2112549327","1489346022","0.25"
"1570477871","2112549327","0.866667"
"2112549327","1570477871","0.866667"
"2068644217","2112549327","2.16667"
"2112549327","2068644217","2.16667"
"2104003087","2112549327","1.39444"
"2112549327","2104003087","1.39444"
"1496669888","1502314232","0.942857"
"1502314232","1496669888","0.942857"
"1496669888","2068644217","0.725"
"2068644217","1496669888","0.725"
"1496669888","56609926","3.00119"
"56609926","1496669888","3.00119"
"1502314232","2068644217","1.26667"
"2068644217","1502314232","1.26667"
"1502314232","56609926","2.20952"
"56609926","1502314232","2.20952"
"2068644217","56609926","1.15833"
"56609926","2068644217","1.15833"
"1496669888","1986397479","0.142857"
"1986397479","1496669888","0.142857"
"1496669888","2099035968","0.142857"
"2099035968","1496669888","0.142857"
"1496669888","2139915573","0.142857"
"2139915573","1496669888","0.142857"
"1496669888","2433128352","0.142857"
"2433128352","1496669888","0.142857"
"1496669888","2897173745","0.142857"
"2897173745","1496669888","0.142857"
"1502314232","1986397479","0.142857"
"1986397479","1502314232","0.142857"
"1502314232","2099035968","0.142857"
"2099035968","1502314232","0.142857"
"1502314232","2139915573","0.142857"
"2139915573","1502314232","0.142857"
"1502314232","2433128352","0.142857"
"2433128352","1502314232","0.142857"
"1502314232","2897173745","0.142857"
"2897173745","1502314232","0.142857"
"1986397479","2099035968","0.142857"
"2099035968","1986397479","0.142857"
"1986397479","2139915573","0.142857"
"2139915573","1986397479","0.142857"
"1986397479","2433128352","0.142857"
"2433128352","1986397479","0.142857"
"1986397479","2897173745","0.142857"
"2897173745","1986397479","0.142857"
"1986397479","56609926","0.142857"
"56609926","1986397479","0.142857"
"2099035968","2139915573","0.67619"
"2139915573","2099035968","0.67619"
"2099035968","2433128352","0.636335"
"2433128352","2099035968","0.636335"
"2099035968","2897173745","2.86253"
"2897173745","2099035968","2.86253"
"2099035968","56609926","0.142857"
"56609926","2099035968","0.142857"
"2139915573","2433128352","0.267857"
"2433128352","2139915573","0.267857"
"2139915573","2897173745","0.142857"
"2897173745","2139915573","0.142857"
"2139915573","56609926","0.142857"
"56609926","2139915573","0.142857"
"2433128352","2897173745","1.6411"
"2897173745","2433128352","1.6411"
"2433128352","56609926","0.142857"
"56609926","2433128352","0.142857"
"2897173745","56609926","0.309524"
"56609926","2897173745","0.309524"
"1496669888","1554682463","0.391667"
"1554682463","1496669888","0.391667"
"1496669888","2117546628","0.266667"
"2117546628","1496669888","0.266667"
"1502314232","1554682463","0.266667"
"1554682463","1502314232","0.266667"
"1502314232","2117546628","1.26667"
"2117546628","1502314232","1.26667"
"1554682463","2068644217","0.391667"
"2068644217","1554682463","0.391667"
"1554682463","2117546628","4.90459"
"2117546628","1554682463","4.90459"
"1554682463","56609926","0.325"
"56609926","1554682463","0.325"
"2117546628","56609926","0.2"
"56609926","2117546628","0.2"
"1496669888","1570477871","0.391667"
"1570477871","1496669888","0.391667"
"1496669888","1602137482","0.191667"
"1602137482","1496669888","0.191667"
"1496669888","2085601491","0.0666667"
"2085601491","1496669888","0.0666667"
"1496669888","2088398920","0.0666667"
"2088398920","1496669888","0.0666667"
"1496669888","2099799867","0.0666667"
"2099799867","1496669888","0.0666667"
"1496669888","2104003087","0.391667"
"2104003087","1496669888","0.391667"
"1496669888","2116420167","0.0666667"
"2116420167","1496669888","0.0666667"
"1496669888","2124851765","0.0666667"
"2124851765","1496669888","0.0666667"
"1496669888","2140453381","0.0666667"
"2140453381","1496669888","0.0666667"
"1496669888","2159726625","0.191667"
"2159726625","1496669888","0.191667"
"1496669888","2169333950","0.191667"
"2169333950","1496669888","0.191667"
"1502314232","1570477871","0.6"
"1570477871","1502314232","0.6"
"1502314232","1602137482","0.0666667"
"1602137482","1502314232","0.0666667"
"1502314232","2085601491","0.0666667"
"2085601491","1502314232","0.0666667"
"1502314232","2088398920","0.0666667"
"2088398920","1502314232","0.0666667"
"1502314232","2099799867","0.0666667"
"2099799867","1502314232","0.0666667"
"1502314232","2104003087","0.933333"
"2104003087","1502314232","0.933333"
"1502314232","2116420167","0.0666667"
"2116420167","1502314232","0.0666667"
"1502314232","2124851765","0.0666667"
"2124851765","1502314232","0.0666667"
"1502314232","2140453381","0.0666667"
"2140453381","1502314232","0.0666667"
"1502314232","2159726625","0.0666667"
"2159726625","1502314232","0.0666667"
"1502314232","2169333950","0.0666667"
"2169333950","1502314232","0.0666667"
"1554682463","1570477871","0.191667"
"1570477871","1554682463","0.191667"
"1554682463","1602137482","0.502778"
"1602137482","1554682463","0.502778"
"1554682463","2085601491","0.55"
"2085601491","1554682463","0.55"
"1554682463","2088398920","0.426812"
"2088398920","1554682463","0.426812"
"1554682463","2099799867","0.0666667"
"2099799867","1554682463","0.0666667"
"1554682463","2104003087","0.552778"
"2104003087","1554682463","0.552778"
"1554682463","2116420167","0.987923"
"2116420167","1554682463","0.987923"
"1554682463","2124851765","0.977778"
"2124851765","1554682463","0.977778"
"1554682463","2140453381","1.76014"
"2140453381","1554682463","1.76014"
"1554682463","2159726625","1.23258"
"2159726625","1554682463","1.23258"
"1554682463","2169333950","0.958333"
"2169333950","1554682463","0.958333"
"1570477871","2085601491","0.0666667"
"2085601491","1570477871","0.0666667"
"1570477871","2088398920","0.0666667"
"2088398920","1570477871","0.0666667"
"1570477871","2099799867","0.233333"
"2099799867","1570477871","0.233333"
"1570477871","2140453381","0.0666667"
"2140453381","1570477871","0.0666667"
"1602137482","2085601491","0.0666667"
"2085601491","1602137482","0.0666667"
"1602137482","2088398920","0.0666667"
"2088398920","1602137482","0.0666667"
"1602137482","2099799867","0.0666667"
"2099799867","1602137482","0.0666667"
"1602137482","2140453381","0.0666667"
"2140453381","1602137482","0.0666667"
"2068644217","2085601491","0.0666667"
"2085601491","2068644217","0.0666667"
"2068644217","2088398920","0.0666667"
"2088398920","2068644217","0.0666667"
"2068644217","2099799867","1.73333"
"2099799867","2068644217","1.73333"
"2068644217","2140453381","0.0666667"
"2140453381","2068644217","0.0666667"
"2085601491","2088398920","0.3"
"2088398920","2085601491","0.3"
"2085601491","2099799867","0.0666667"
"2099799867","2085601491","0.0666667"
"2085601491","2104003087","0.0666667"
"2104003087","2085601491","0.0666667"
"2085601491","2116420167","0.133333"
"2116420167","2085601491","0.133333"
"2085601491","2117546628","2.43095"
"2117546628","2085601491","2.43095"
"2085601491","2124851765","0.133333"
"2124851765","2085601491","0.133333"
"2085601491","2140453381","0.133333"
"2140453381","2085601491","0.133333"
"2085601491","2159726625","0.447619"
"2159726625","2085601491","0.447619"
"2085601491","2169333950","0.133333"
"2169333950","2085601491","0.133333"
"2088398920","2099799867","0.0666667"
"2099799867","2088398920","0.0666667"
"2088398920","2104003087","0.0666667"
"2104003087","2088398920","0.0666667"
"2088398920","2116420167","0.176812"
"2116420167","2088398920","0.176812"
"2088398920","2117546628","1.26014"
"2117546628","2088398920","1.26014"
"2088398920","2124851765","1.59167"
"2124851765","2088398920","1.59167"
"2088398920","2140453381","0.426812"
"2140453381","2088398920","0.426812"
"2088398920","2159726625","0.4"
"2159726625","2088398920","0.4"
"2088398920","2169333950","0.3"
"2169333950","2088398920","0.3"
"2099799867","2104003087","0.233333"
"2104003087","2099799867","0.233333"
"2099799867","2116420167","0.0666667"
"2116420167","2099799867","0.0666667"
"2099799867","2117546628","0.0666667"
"2117546628","2099799867","0.0666667"
"2099799867","2124851765","0.566667"
"2124851765","2099799867","0.566667"
"2099799867","2140453381","0.0666667"
"2140453381","2099799867","0.0666667"
"2099799867","2159726625","0.0666667"
"2159726625","2099799867","0.0666667"
"2099799867","2169333950","0.0666667"
"2169333950","2099799867","0.0666667"
"2104003087","2140453381","0.0666667"
"2140453381","2104003087","0.0666667"
"2116420167","2140453381","0.760145"
"2140453381","2116420167","0.760145"
"2117546628","2140453381","1.76014"
"2140453381","2117546628","1.76014"
"2124851765","2140453381","0.55"
"2140453381","2124851765","0.55"
"2140453381","2159726625","0.15"
"2159726625","2140453381","0.15"
"2140453381","2169333950","0.216667"
"2169333950","2140453381","0.216667"
"1496669888","2112549327","0.2"
"2112549327","1496669888","0.2"
"1502314232","2112549327","0.2"
"2112549327","1502314232","0.2"
"1570477871","56609926","0.491667"
"56609926","1570477871","0.491667"
"2104003087","56609926","0.825"
"56609926","2104003087","0.825"
"2112549327","56609926","0.366667"
"56609926","2112549327","0.366667"
"1602137482","56609926","0.125"
"56609926","1602137482","0.125"
"2159726625","56609926","0.125"
"56609926","2159726625","0.125"
"2169333950","56609926","0.125"
"56609926","2169333950","0.125"
"1520055691","2107023417","0.90202"
"2107023417","1520055691","0.90202"
"1520055691","2170016254","1.06111"
"2170016254","1520055691","1.06111"
"2107023417","2170016254","4.14444"
"2170016254","2107023417","4.14444"
"1520055691","2074180730","1.09091"
"2074180730","1520055691","1.09091"
"1520055691","2003667863","0.20202"
"2003667863","1520055691","0.20202"
"1520055691","2097971429","0.45202"
"2097971429","1520055691","0.45202"
"1520055691","2106397943","0.20202"
"2106397943","1520055691","0.20202"
"1520055691","2148462213","0.561111"
"2148462213","1520055691","0.561111"
"1520055691","2159245346","0.40202"
"2159245346","1520055691","0.40202"
"1520055691","2569217547","0.561111"
"2569217547","1520055691","0.561111"
"1520055691","2586094109","0.20202"
"2586094109","1520055691","0.20202"
"2003667863","2097971429","1.20202"
"2097971429","2003667863","1.20202"
"2003667863","2106397943","2.20202"
"2106397943","2003667863","2.20202"
"2003667863","2107023417","0.20202"
"2107023417","2003667863","0.20202"
"2003667863","2148462213","1.11111"
"2148462213","2003667863","1.11111"
"2003667863","2159245346","0.20202"
"2159245346","2003667863","0.20202"
"2003667863","2170016254","0.111111"
"2170016254","2003667863","0.111111"
"2003667863","2569217547","0.111111"
"2569217547","2003667863","0.111111"
"2003667863","2586094109","0.20202"
"2586094109","2003667863","0.20202"
"2097971429","2106397943","6.53535"
"2106397943","2097971429","6.53535"
"2097971429","2107023417","0.20202"
"2107023417","2097971429","0.20202"
"2097971429","2148462213","0.361111"
"2148462213","2097971429","0.361111"
"2097971429","2159245346","0.20202"
"2159245346","2097971429","0.20202"
"2097971429","2170016254","0.361111"
"2170016254","2097971429","0.361111"
"2097971429","2569217547","0.361111"
"2569217547","2097971429","0.361111"
"2097971429","2586094109","2.53535"
"2586094109","2097971429","2.53535"
"2106397943","2107023417","0.20202"
"2107023417","2106397943","0.20202"
"2106397943","2148462213","0.111111"
"2148462213","2106397943","0.111111"
"2106397943","2159245346","0.20202"
"2159245346","2106397943","0.20202"
"2106397943","2170016254","0.111111"
"2170016254","2106397943","0.111111"
"2106397943","2569217547","0.111111"
"2569217547","2106397943","0.111111"
"2106397943","2586094109","6.53535"
"2586094109","2106397943","6.53535"
"2107023417","2148462213","1.64444"
"2148462213","2107023417","1.64444"
"2107023417","2159245346","1.40202"
"2159245346","2107023417","1.40202"
"2107023417","2569217547","1.51111"
"2569217547","2107023417","1.51111"
"2107023417","2586094109","0.20202"
"2586094109","2107023417","0.20202"
"2148462213","2159245346","1.81111"
"2159245346","2148462213","1.81111"
"2148462213","2170016254","1.46111"
"2170016254","2148462213","1.46111"
"2148462213","2569217547","0.561111"
"2569217547","2148462213","0.561111"
"2148462213","2586094109","0.111111"
"2586094109","2148462213","0.111111"
"2159245346","2170016254","1.81111"
"2170016254","2159245346","1.81111"
"2159245346","2569217547","0.422222"
"2569217547","2159245346","0.422222"
"2159245346","2586094109","0.20202"
"2586094109","2159245346","0.20202"
"2170016254","2569217547","11.5611"
"2569217547","2170016254","11.5611"
"2170016254","2586094109","0.111111"
"2586094109","2170016254","0.111111"
"2569217547","2586094109","0.111111"
"2586094109","2569217547","0.111111"
"1520055691","1554682463","0.0909091"
"1554682463","1520055691","0.0909091"
"1520055691","2071412939","0.0909091"
"2071412939","1520055691","0.0909091"
"1520055691","2116742167","0.0909091"
"2116742167","1520055691","0.0909091"
"1520055691","2159726625","0.0909091"
"2159726625","1520055691","0.0909091"
"1554682463","2003667863","0.0909091"
"2003667863","1554682463","0.0909091"
"1554682463","2071412939","0.0909091"
"2071412939","1554682463","0.0909091"
"1554682463","2074180730","0.0909091"
"2074180730","1554682463","0.0909091"
"1554682463","2097971429","0.0909091"
"2097971429","1554682463","0.0909091"
"1554682463","2106397943","0.0909091"
"2106397943","1554682463","0.0909091"
"1554682463","2107023417","0.134387"
"2107023417","1554682463","0.134387"
"1554682463","2116742167","0.0909091"
"2116742167","1554682463","0.0909091"
"1554682463","2159245346","0.20202"
"2159245346","1554682463","0.20202"
"1554682463","2586094109","0.0909091"
"2586094109","1554682463","0.0909091"
"2003667863","2071412939","0.0909091"
"2071412939","2003667863","0.0909091"
"2003667863","2074180730","0.0909091"
"2074180730","2003667863","0.0909091"
"2003667863","2116742167","0.0909091"
"2116742167","2003667863","0.0909091"
"2003667863","2159726625","0.0909091"
"2159726625","2003667863","0.0909091"
"2071412939","2074180730","0.0909091"
"2074180730","2071412939","0.0909091"
"2071412939","2097971429","0.0909091"
"2097971429","2071412939","0.0909091"
"2071412939","2106397943","0.0909091"
"2106397943","2071412939","0.0909091"
"2071412939","2107023417","4.95758"
"2107023417","2071412939","4.95758"
"2071412939","2116742167","0.0909091"
"2116742167","2071412939","0.0909091"
"2071412939","2159245346","0.0909091"
"2159245346","2071412939","0.0909091"
"2071412939","2159726625","0.257576"
"2159726625","2071412939","0.257576"
"2071412939","2586094109","0.0909091"
"2586094109","2071412939","0.0909091"
"2074180730","2097971429","0.0909091"
"2097971429","2074180730","0.0909091"
"2074180730","2106397943","0.0909091"
"2106397943","2074180730","0.0909091"
"2074180730","2107023417","0.0909091"
"2107023417","2074180730","0.0909091"
"2074180730","2116742167","0.0909091"
"2116742167","2074180730","0.0909091"
"2074180730","2159245346","0.0909091"
"2159245346","2074180730","0.0909091"
"2074180730","2159726625","0.0909091"
"2159726625","2074180730","0.0909091"
"2074180730","2586094109","0.0909091"
"2586094109","2074180730","0.0909091"
"2097971429","2116742167","0.0909091"
"2116742167","2097971429","0.0909091"
"2097971429","2159726625","0.0909091"
"2159726625","2097971429","0.0909091"
"2106397943","2116742167","1.09091"
"2116742167","2106397943","1.09091"
"2106397943","2159726625","0.0909091"
"2159726625","2106397943","0.0909091"
"2107023417","2116742167","0.0909091"
"2116742167","2107023417","0.0909091"
"2107023417","2159726625","1.09091"
"2159726625","2107023417","1.09091"
"2116742167","2159245346","0.0909091"
"2159245346","2116742167","0.0909091"
"2116742167","2159726625","0.0909091"
"2159726625","2116742167","0.0909091"
"2116742167","2586094109","0.0909091"
"2586094109","2116742167","0.0909091"
"2159245346","2159726625","0.0909091"
"2159726625","2159245346","0.0909091"
"2159726625","2586094109","0.0909091"
"2586094109","2159726625","0.0909091"
"1554682463","1936410615","1.06111"
"1936410615","1554682463","1.06111"
"1554682463","2112549327","0.861111"
"2112549327","1554682463","0.861111"
"1936410615","2112549327","0.861111"
"2112549327","1936410615","0.861111"
"2112549327","2159726625","0.416667"
"2159726625","2112549327","0.416667"
"1554682463","1986397479","0.266667"
"1986397479","1554682463","0.266667"
"1554682463","2106911865","0.643478"
"2106911865","1554682463","0.643478"
"1554682463","2134912727","0.243478"
"2134912727","1554682463","0.243478"
"1986397479","2106911865","0.266667"
"2106911865","1986397479","0.266667"
"1986397479","2116420167","0.266667"
"2116420167","1986397479","0.266667"
"1986397479","2124851765","0.266667"
"2124851765","1986397479","0.266667"
"1986397479","2134912727","0.2"
"2134912727","1986397479","0.2"
"2106911865","2116420167","0.310145"
"2116420167","2106911865","0.310145"
"2106911865","2124851765","0.766667"
"2124851765","2106911865","0.766667"
"2106911865","2134912727","0.243478"
"2134912727","2106911865","0.243478"
"2116420167","2134912727","0.326812"
"2134912727","2116420167","0.326812"
"2124851765","2134912727","0.283333"
"2134912727","2124851765","0.283333"
"1554682463","2102987499","0.610145"
"2102987499","1554682463","0.610145"
"1554682463","2112312025","0.526812"
"2112312025","1554682463","0.526812"
"1554682463","2148462213","0.0666667"
"2148462213","1554682463","0.0666667"
"1554682463","2158710842","0.526812"
"2158710842","1554682463","0.526812"
"1554682463","2170016254","0.0666667"
"2170016254","1554682463","0.0666667"
"1554682463","2274934557","0.360145"
"2274934557","1554682463","0.360145"
"1986397479","2085601491","0.0666667"
"2085601491","1986397479","0.0666667"
"1986397479","2088398920","0.0666667"
"2088398920","1986397479","0.0666667"
"1986397479","2102987499","0.0666667"
"2102987499","1986397479","0.0666667"
"1986397479","2112312025","0.0666667"
"2112312025","1986397479","0.0666667"
"1986397479","2117546628","1.06667"
"2117546628","1986397479","1.06667"
"1986397479","2140453381","0.0666667"
"2140453381","1986397479","0.0666667"
"1986397479","2148462213","0.0666667"
"2148462213","1986397479","0.0666667"
"1986397479","2158710842","0.0666667"
"2158710842","1986397479","0.0666667"
"1986397479","2169333950","0.0666667"
"2169333950","1986397479","0.0666667"
"1986397479","2170016254","0.0666667"
"2170016254","1986397479","0.0666667"
"1986397479","2274934557","0.0666667"
"2274934557","1986397479","0.0666667"
"2085601491","2102987499","0.280952"
"2102987499","2085601491","0.280952"
"2085601491","2106911865","0.0666667"
"2106911865","2085601491","0.0666667"
"2085601491","2112312025","1.22143"
"2112312025","2085601491","1.22143"
"2085601491","2148462213","0.0666667"
"2148462213","2085601491","0.0666667"
"2085601491","2158710842","0.233333"
"2158710842","2085601491","0.233333"
"2085601491","2170016254","0.0666667"
"2170016254","2085601491","0.0666667"
"2085601491","2274934557","0.0666667"
"2274934557","2085601491","0.0666667"
"2088398920","2102987499","0.235145"
"2102987499","2088398920","0.235145"
"2088398920","2106911865","0.276812"
"2106911865","2088398920","0.276812"
"2088398920","2112312025","0.401812"
"2112312025","2088398920","0.401812"
"2088398920","2148462213","0.0666667"
"2148462213","2088398920","0.0666667"
"2088398920","2158710842","3.56848"
"2158710842","2088398920","3.56848"
"2088398920","2170016254","0.0666667"
"2170016254","2088398920","0.0666667"
"2088398920","2274934557","3.56848"
"2274934557","2088398920","3.56848"
"2102987499","2106911865","0.460145"
"2106911865","2102987499","0.460145"
"2102987499","2112312025","0.389907"
"2112312025","2102987499","0.389907"
"2102987499","2116420167","0.193478"
"2116420167","2102987499","0.193478"
"2102987499","2117546628","1.88276"
"2117546628","2102987499","1.88276"
"2102987499","2124851765","0.275"
"2124851765","2102987499","0.275"
"2102987499","2140453381","0.193478"
"2140453381","2102987499","0.193478"
"2102987499","2148462213","0.0666667"
"2148462213","2102987499","0.0666667"
"2102987499","2158710842","1.41848"
"2158710842","2102987499","1.41848"
"2102987499","2169333950","0.15"
"2169333950","2102987499","0.15"
"2102987499","2170016254","0.0666667"
"2170016254","2102987499","0.0666667"
"2102987499","2274934557","0.235145"
"2274934557","2102987499","0.235145"
"2106911865","2112312025","0.110145"
"2112312025","2106911865","0.110145"
"2106911865","2117546628","0.626812"
"2117546628","2106911865","0.626812"
"2106911865","2140453381","0.443478"
"2140453381","2106911865","0.443478"
"2106911865","2148462213","0.0666667"
"2148462213","2106911865","0.0666667"
"2106911865","2158710842","1.71014"
"2158710842","2106911865","1.71014"
"2106911865","2169333950","0.0666667"
"2169333950","2106911865","0.0666667"
"2106911865","2170016254","0.0666667"
"2170016254","2106911865","0.0666667"
"2106911865","2274934557","0.276812"
"2274934557","2106911865","0.276812"
"2112312025","2116420167","0.193478"
"2116420167","2112312025","0.193478"
"2112312025","2117546628","1.34824"
"2117546628","2112312025","1.34824"
"2112312025","2124851765","0.275"
"2124851765","2112312025","0.275"
"2112312025","2140453381","0.193478"
"2140453381","2112312025","0.193478"
"2112312025","2148462213","0.0666667"
"2148462213","2112312025","0.0666667"
"2112312025","2158710842","0.985145"
"2158710842","2112312025","0.985145"
"2112312025","2169333950","0.15"
"2169333950","2112312025","0.15"
"2112312025","2170016254","0.0666667"
"2170016254","2112312025","0.0666667"
"2112312025","2274934557","0.235145"
"2274934557","2112312025","0.235145"
"2116420167","2148462213","0.0666667"
"2148462213","2116420167","0.0666667"
"2116420167","2158710842","0.193478"
"2158710842","2116420167","0.193478"
"2116420167","2170016254","0.0666667"
"2170016254","2116420167","0.0666667"
"2116420167","2274934557","0.110145"
"2274934557","2116420167","0.110145"
"2117546628","2148462213","0.0666667"
"2148462213","2117546628","0.0666667"
"2117546628","2158710842","2.12681"
"2158710842","2117546628","2.12681"
"2117546628","2170016254","0.0666667"
"2170016254","2117546628","0.0666667"
"2117546628","2274934557","1.02681"
"2274934557","2117546628","1.02681"
"2124851765","2148462213","0.0666667"
"2148462213","2124851765","0.0666667"
"2124851765","2158710842","0.608333"
"2158710842","2124851765","0.608333"
"2124851765","2170016254","0.0666667"
"2170016254","2124851765","0.0666667"
"2124851765","2274934557","0.525"
"2274934557","2124851765","0.525"
"2140453381","2148462213","0.0666667"
"2148462213","2140453381","0.0666667"
"2140453381","2158710842","0.443478"
"2158710842","2140453381","0.443478"
"2140453381","2170016254","0.0666667"
"2170016254","2140453381","0.0666667"
"2140453381","2274934557","0.360145"
"2274934557","2140453381","0.360145"
"2148462213","2158710842","0.0666667"
"2158710842","2148462213","0.0666667"
"2148462213","2169333950","0.0666667"
"2169333950","2148462213","0.0666667"
"2148462213","2274934557","0.0666667"
"2274934557","2148462213","0.0666667"
"2158710842","2169333950","0.316667"
"2169333950","2158710842","0.316667"
"2158710842","2170016254","0.0666667"
"2170016254","2158710842","0.0666667"
"2158710842","2274934557","5.06848"
"2274934557","2158710842","5.06848"
"2169333950","2170016254","0.0666667"
"2170016254","2169333950","0.0666667"
"2169333950","2274934557","0.233333"
"2274934557","2169333950","0.233333"
"2170016254","2274934557","0.0666667"
"2274934557","2170016254","0.0666667"
"1554682463","2253239458","1.25"
"2253239458","1554682463","1.25"
"1554682463","2569217547","0.111111"
"2569217547","1554682463","0.111111"
"1602137482","2112549327","0.527778"
"2112549327","1602137482","0.527778"
"1602137482","2159245346","0.111111"
"2159245346","1602137482","0.111111"
"1602137482","2569217547","0.111111"
"2569217547","1602137482","0.111111"
"1936410615","2159245346","0.111111"
"2159245346","1936410615","0.111111"
"1936410615","2569217547","0.111111"
"2569217547","1936410615","0.111111"
"2104003087","2159245346","0.111111"
"2159245346","2104003087","0.111111"
"2104003087","2569217547","0.111111"
"2569217547","2104003087","0.111111"
"2112549327","2116420167","0.111111"
"2116420167","2112549327","0.111111"
"2112549327","2117546628","0.277778"
"2117546628","2112549327","0.277778"
"2112549327","2124851765","0.611111"
"2124851765","2112549327","0.611111"
"2112549327","2159245346","0.111111"
"2159245346","2112549327","0.111111"
"2112549327","2569217547","0.111111"
"2569217547","2112549327","0.111111"
"2116420167","2159245346","0.111111"
"2159245346","2116420167","0.111111"
"2116420167","2569217547","0.111111"
"2569217547","2116420167","0.111111"
"2117546628","2159245346","0.111111"
"2159245346","2117546628","0.111111"
"2117546628","2569217547","0.111111"
"2569217547","2117546628","0.111111"
"2124851765","2159245346","0.111111"
"2159245346","2124851765","0.111111"
"2124851765","2569217547","0.111111"
"2569217547","2124851765","0.111111"
"1554682463","2439390339","0.210145"
"2439390339","1554682463","0.210145"
"1554682463","2810937337","0.210145"
"2810937337","1554682463","0.210145"
"2085601491","2439390339","0.238095"
"2439390339","2085601491","0.238095"
"2085601491","2810937337","0.404762"
"2810937337","2085601491","0.404762"
"2112312025","2439390339","0.489907"
"2439390339","2112312025","0.489907"
"2112312025","2810937337","0.44824"
"2810937337","2112312025","0.44824"
"2117546628","2439390339","2.43157"
"2439390339","2117546628","2.43157"
"2117546628","2810937337","1.07324"
"2810937337","2117546628","1.07324"
"2158710842","2439390339","0.668478"
"2439390339","2158710842","0.668478"
"2158710842","2810937337","0.210145"
"2810937337","2158710842","0.210145"
"2439390339","2810937337","1.48157"
"2810937337","2439390339","1.48157"
"1554682463","2005294557","0.0434783"
"2005294557","1554682463","0.0434783"
"1554682463","2042180822","0.0434783"
"2042180822","1554682463","0.0434783"
"1554682463","2099035968","0.0434783"
"2099035968","1554682463","0.0434783"
"1554682463","2103670492","0.0434783"
"2103670492","1554682463","0.0434783"
"1554682463","2143110746","0.0434783"
"2143110746","1554682463","0.0434783"
"1554682463","2158913762","0.0434783"
"2158913762","1554682463","0.0434783"
"1554682463","2404326078","0.0434783"
"2404326078","1554682463","0.0434783"
"1554682463","2433128352","0.0434783"
"2433128352","1554682463","0.0434783"
"1554682463","2897173745","0.0434783"
"2897173745","1554682463","0.0434783"
"1554682463","2961966181","0.0434783"
"2961966181","1554682463","0.0434783"
"2005294557","2042180822","0.143478"
"2042180822","2005294557","0.143478"
"2005294557","2088398920","0.210145"
"2088398920","2005294557","0.210145"
"2005294557","2099035968","0.243478"
"2099035968","2005294557","0.243478"
"2005294557","2102987499","0.343478"
"2102987499","2005294557","0.343478"
"2005294557","2103670492","0.143478"
"2103670492","2005294557","0.143478"
"2005294557","2106911865","0.310145"
"2106911865","2005294557","0.310145"
"2005294557","2107023417","1.04348"
"2107023417","2005294557","1.04348"
"2005294557","2112312025","0.0434783"
"2112312025","2005294557","0.0434783"
"2005294557","2116420167","0.0434783"
"2116420167","2005294557","0.0434783"
"2005294557","2117546628","0.510145"
"2117546628","2005294557","0.510145"
"2005294557","2134912727","0.0434783"
"2134912727","2005294557","0.0434783"
"2005294557","2140453381","0.0434783"
"2140453381","2005294557","0.0434783"
"2005294557","2143110746","0.0434783"
"2143110746","2005294557","0.0434783"
"2005294557","2158710842","0.310145"
"2158710842","2005294557","0.310145"
"2005294557","2158913762","0.343478"
"2158913762","2005294557","0.343478"
"2005294557","2274934557","0.210145"
"2274934557","2005294557","0.210145"
"2005294557","2404326078","0.0434783"
"2404326078","2005294557","0.0434783"
"2005294557","2433128352","0.143478"
"2433128352","2005294557","0.143478"
"2005294557","2439390339","0.443478"
"2439390339","2005294557","0.443478"
"2005294557","2810937337","0.243478"
"2810937337","2005294557","0.243478"
"2005294557","2897173745","0.343478"
"2897173745","2005294557","0.343478"
"2005294557","2961966181","0.0434783"
"2961966181","2005294557","0.0434783"
"2042180822","2088398920","0.0434783"
"2088398920","2042180822","0.0434783"
"2042180822","2099035968","0.0434783"
"2099035968","2042180822","0.0434783"
"2042180822","2102987499","0.682764"
"2102987499","2042180822","0.682764"
"2042180822","2103670492","1.18276"
"2103670492","2042180822","1.18276"
"2042180822","2106911865","0.143478"
"2106911865","2042180822","0.143478"
"2042180822","2107023417","0.0434783"
"2107023417","2042180822","0.0434783"
"2042180822","2112312025","0.114907"
"2112312025","2042180822","0.114907"
"2042180822","2116420167","0.0434783"
"2116420167","2042180822","0.0434783"
"2042180822","2117546628","0.482764"
"2117546628","2042180822","0.482764"
"2042180822","2134912727","0.114907"
"2134912727","2042180822","0.114907"
"2042180822","2140453381","0.0434783"
"2140453381","2042180822","0.0434783"
"2042180822","2143110746","0.114907"
"2143110746","2042180822","0.114907"
"2042180822","2158710842","0.143478"
"2158710842","2042180822","0.143478"
"2042180822","2158913762","0.982764"
"2158913762","2042180822","0.982764"
"2042180822","2274934557","0.0434783"
"2274934557","2042180822","0.0434783"
"2042180822","2404326078","0.114907"
"2404326078","2042180822","0.114907"
"2042180822","2433128352","0.339907"
"2433128352","2042180822","0.339907"
"2042180822","2439390339","0.114907"
"2439390339","2042180822","0.114907"
"2042180822","2810937337","0.239907"
"2810937337","2042180822","0.239907"
"2042180822","2897173745","0.214907"
"2897173745","2042180822","0.214907"
"2042180822","2961966181","0.0434783"
"2961966181","2042180822","0.0434783"
"2088398920","2099035968","0.0434783"
"2099035968","2088398920","0.0434783"
"2088398920","2103670492","0.0434783"
"2103670492","2088398920","0.0434783"
"2088398920","2107023417","0.0434783"
"2107023417","2088398920","0.0434783"
"2088398920","2134912727","0.0434783"
"2134912727","2088398920","0.0434783"
"2088398920","2143110746","0.0434783"
"2143110746","2088398920","0.0434783"
"2088398920","2158913762","0.0434783"
"2158913762","2088398920","0.0434783"
"2088398920","2404326078","0.0434783"
"2404326078","2088398920","0.0434783"
"2088398920","2433128352","0.0434783"
"2433128352","2088398920","0.0434783"
"2088398920","2439390339","0.168478"
"2439390339","2088398920","0.168478"
"2088398920","2810937337","0.210145"
"2810937337","2088398920","0.210145"
"2088398920","2897173745","0.0434783"
"2897173745","2088398920","0.0434783"
"2088398920","2961966181","0.0434783"
"2961966181","2088398920","0.0434783"
"2099035968","2102987499","0.0434783"
"2102987499","2099035968","0.0434783"
"2099035968","2103670492","0.0434783"
"2103670492","2099035968","0.0434783"
"2099035968","2106911865","0.376812"
"2106911865","2099035968","0.376812"
"2099035968","2107023417","0.0434783"
"2107023417","2099035968","0.0434783"
"2099035968","2112312025","0.376812"
"2112312025","2099035968","0.376812"
"2099035968","2116420167","0.293478"
"2116420167","2099035968","0.293478"
"2099035968","2117546628","4.39348"
"2117546628","2099035968","4.39348"
"2099035968","2134912727","0.0434783"
"2134912727","2099035968","0.0434783"
"2099035968","2140453381","0.0434783"
"2140453381","2099035968","0.0434783"
"2099035968","2143110746","0.0434783"
"2143110746","2099035968","0.0434783"
"2099035968","2158710842","0.626812"
"2158710842","2099035968","0.626812"
"2099035968","2158913762","0.0434783"
"2158913762","2099035968","0.0434783"
"2099035968","2274934557","0.0434783"
"2274934557","2099035968","0.0434783"
"2099035968","2404326078","0.0434783"
"2404326078","2099035968","0.0434783"
"2099035968","2439390339","0.943478"
"2439390339","2099035968","0.943478"
"2099035968","2810937337","0.0434783"
"2810937337","2099035968","0.0434783"
"2099035968","2961966181","3.24348"
"2961966181","2099035968","3.24348"
"2102987499","2103670492","0.682764"
"2103670492","2102987499","0.682764"
"2102987499","2107023417","0.0434783"
"2107023417","2102987499","0.0434783"
"2102987499","2134912727","0.19824"
"2134912727","2102987499","0.19824"
"2102987499","2143110746","0.114907"
"2143110746","2102987499","0.114907"
"2102987499","2158913762","1.68276"
"2158913762","2102987499","1.68276"
"2102987499","2404326078","0.114907"
"2404326078","2102987499","0.114907"
"2102987499","2433128352","0.42324"
"2433128352","2102987499","0.42324"
"2102987499","2439390339","0.52324"
"2439390339","2102987499","0.52324"
"2102987499","2810937337","0.439907"
"2810937337","2102987499","0.439907"
"2102987499","2897173745","0.414907"
"2897173745","2102987499","0.414907"
"2102987499","2961966181","0.0434783"
"2961966181","2102987499","0.0434783"
"2103670492","2106911865","0.143478"
"2106911865","2103670492","0.143478"
"2103670492","2107023417","0.0434783"
"2107023417","2103670492","0.0434783"
"2103670492","2112312025","0.114907"
"2112312025","2103670492","0.114907"
"2103670492","2116420167","0.0434783"
"2116420167","2103670492","0.0434783"
"2103670492","2117546628","0.482764"
"2117546628","2103670492","0.482764"
"2103670492","2134912727","0.114907"
"2134912727","2103670492","0.114907"
"2103670492","2140453381","0.0434783"
"2140453381","2103670492","0.0434783"
"2103670492","2143110746","0.114907"
"2143110746","2103670492","0.114907"
"2103670492","2158710842","0.143478"
"2158710842","2103670492","0.143478"
"2103670492","2158913762","0.982764"
"2158913762","2103670492","0.982764"
"2103670492","2274934557","0.0434783"
"2274934557","2103670492","0.0434783"
"2103670492","2404326078","0.114907"
"2404326078","2103670492","0.114907"
"2103670492","2433128352","0.339907"
"2433128352","2103670492","0.339907"
"2103670492","2439390339","0.114907"
"2439390339","2103670492","0.114907"
"2103670492","2810937337","0.239907"
"2810937337","2103670492","0.239907"
"2103670492","2897173745","0.214907"
"2897173745","2103670492","0.214907"
"2103670492","2961966181","0.0434783"
"2961966181","2103670492","0.0434783"
"2106911865","2107023417","0.0434783"
