"116189940","1528691451","1.54466"
"1528691451","116189940","1.54466"
"116189940","1533514013","0.268347"
"1533514013","116189940","0.268347"
"116189940","1599983164","0.201681"
"1599983164","116189940","0.201681"
"116189940","1601771756","0.268347"
"1601771756","116189940","0.268347"
"116189940","2011786374","0.29259"
"2011786374","116189940","0.29259"
"116189940","2114887408","0.423903"
"2114887408","116189940","0.423903"
"116189940","2463279128","0.859256"
"2463279128","116189940","0.859256"
"1528691451","1533514013","0.142857"
"1533514013","1528691451","0.142857"
"1528691451","1599983164","0.142857"
"1599983164","1528691451","0.142857"
"1528691451","1601771756","0.142857"
"1601771756","1528691451","0.142857"
"1528691451","2011786374","0.233766"
"2011786374","1528691451","0.233766"
"1528691451","2114887408","0.368867"
"2114887408","1528691451","0.368867"
"1528691451","2463279128","0.445887"
"2463279128","1528691451","0.445887"
"1533514013","1599983164","0.201681"
"1599983164","1533514013","0.201681"
"1533514013","1601771756","0.604458"
"1601771756","1533514013","0.604458"
"1533514013","2011786374","0.326681"
"2011786374","1533514013","0.326681"
"1533514013","2114887408","1.70446"
"2114887408","1533514013","1.70446"
"1533514013","2463279128","1.52668"
"2463279128","1533514013","1.52668"
"1599983164","1601771756","1.20168"
"1601771756","1599983164","1.20168"
"1599983164","2011786374","0.201681"
"2011786374","1599983164","0.201681"
"1599983164","2114887408","0.201681"
"2114887408","1599983164","0.201681"
"1599983164","2463279128","0.201681"
"2463279128","1599983164","0.201681"
"1601771756","2011786374","0.326681"
"2011786374","1601771756","0.326681"
"1601771756","2114887408","0.504458"
"2114887408","1601771756","0.504458"
"1601771756","2463279128","0.493347"
"2463279128","1601771756","0.493347"
"2011786374","2114887408","1.38981"
"2114887408","2011786374","1.38981"
"2011786374","2463279128","2.06405"
"2463279128","2011786374","2.06405"
"2114887408","2463279128","6.29082"
"2463279128","2114887408","6.29082"
"116189940","2029594935","3.35897"
"2029594935","116189940","3.35897"
"116189940","2120998067","1.20529"
"2120998067","116189940","1.20529"
"2029594935","2120998067","1.10101"
"2120998067","2029594935","1.10101"
"116189940","1551865601","0.49155"
"1551865601","116189940","0.49155"
"116189940","1593635359","0.660897"
"1593635359","116189940","0.660897"
"116189940","2029491599","0.324883"
"2029491599","116189940","0.324883"
"116189940","2057982817","1.06847"
"2057982817","116189940","1.06847"
"116189940","2070736915","0.685995"
"2070736915","116189940","0.685995"
"1551865601","1593635359","0.838953"
"1593635359","1551865601","0.838953"
"1551865601","2029491599","0.233974"
"2029491599","1551865601","0.233974"
"1551865601","2029594935","0.547286"
"2029594935","1551865601","0.547286"
"1551865601","2057982817","0.480439"
"2057982817","1551865601","0.480439"
"1551865601","2070736915","15.3215"
"2070736915","1551865601","15.3215"
"1593635359","2029491599","0.233974"
"2029491599","1593635359","0.233974"
"1593635359","2029594935","0.772286"
"2029594935","1593635359","0.772286"
"1593635359","2057982817","1.44979"
"2057982817","1593635359","1.44979"
"1593635359","2070736915","0.779429"
"2070736915","1593635359","0.779429"
"2029491599","2029594935","0.192308"
"2029594935","2029491599","0.192308"
"2029491599","2057982817","0.233974"
"2057982817","2029491599","0.233974"
"2029491599","2070736915","0.233974"
"2070736915","2029491599","0.233974"
"2029594935","2057982817","0.831197"
"2057982817","2029594935","0.831197"
"2029594935","2070736915","0.404429"
"2070736915","2029594935","0.404429"
"2057982817","2070736915","0.924883"
"2070736915","2057982817","0.924883"
"116189940","1513150489","0.167798"
"1513150489","116189940","0.167798"
"116189940","1533221980","0.345085"
"1533221980","116189940","0.345085"
"116189940","1536493614","0.368687"
"1536493614","116189940","0.368687"
"116189940","1891916769","1.4109"
"1891916769","116189940","1.4109"
"116189940","2009830735","0.659382"
"2009830735","116189940","0.659382"
"116189940","2039201949","0.435995"
"2039201949","116189940","0.435995"
"116189940","2040379443","0.765793"
"2040379443","116189940","0.765793"
"116189940","2044966822","0.303419"
"2044966822","116189940","0.303419"
"116189940","2105404502","0.233974"
"2105404502","116189940","0.233974"
"116189940","2573373180","0.394328"
"2573373180","116189940","0.394328"
"116189940","72621801","0.108974"
"72621801","116189940","0.108974"
"1513150489","1533221980","0.154429"
"1533221980","1513150489","0.154429"
"1513150489","1536493614","0.0833333"
"1536493614","1513150489","0.0833333"
"1513150489","1891916769","0.154429"
"1891916769","1513150489","0.154429"
"1513150489","2009830735","0.108974"
"2009830735","1513150489","0.108974"
"1513150489","2029594935","0.154429"
"2029594935","1513150489","0.154429"
"1513150489","2039201949","0.108974"
"2039201949","1513150489","0.108974"
"1513150489","2040379443","0.154429"
"2040379443","1513150489","0.154429"
"1513150489","2044966822","0.154429"
"2044966822","1513150489","0.154429"
"1513150489","2105404502","0.108974"
"2105404502","1513150489","0.108974"
"1513150489","2573373180","0.108974"
"2573373180","1513150489","0.108974"
"1513150489","72621801","0.108974"
"72621801","1513150489","0.108974"
"1533221980","1536493614","0.277778"
"1536493614","1533221980","0.277778"
"1533221980","1891916769","0.196096"
"1891916769","1533221980","0.196096"
"1533221980","2009830735","0.650641"
"2009830735","1533221980","0.650641"
"1533221980","2029594935","0.154429"
"2029594935","1533221980","0.154429"
"1533221980","2039201949","12.1284"
"2039201949","1533221980","12.1284"
"1533221980","2040379443","0.196096"
"2040379443","1533221980","0.196096"
"1533221980","2044966822","0.798873"
"2044966822","1533221980","0.798873"
"1533221980","2105404502","0.233974"
"2105404502","1533221980","0.233974"
"1533221980","2573373180","0.303419"
"2573373180","1533221980","0.303419"
"1533221980","72621801","0.858974"
"72621801","1533221980","0.858974"
"1536493614","1891916769","0.416667"
"1891916769","1536493614","0.416667"
"1536493614","2009830735","0.174242"
"2009830735","1536493614","0.174242"
"1536493614","2029594935","0.0833333"
"2029594935","1536493614","0.0833333"
"1536493614","2039201949","0.368687"
"2039201949","1536493614","0.368687"
"1536493614","2040379443","0.174242"
"2040379443","1536493614","0.174242"
"1536493614","2044966822","0.277778"
"2044966822","1536493614","0.277778"
"1536493614","2105404502","0.166667"
"2105404502","1536493614","0.166667"
"1536493614","2573373180","0.368687"
"2573373180","1536493614","0.368687"
"1536493614","72621801","0.0833333"
"72621801","1536493614","0.0833333"
"1891916769","2009830735","0.477564"
"2009830735","1891916769","0.477564"
"1891916769","2029594935","1.64729"
"2029594935","1891916769","1.64729"
"1891916769","2039201949","0.150641"
"2039201949","1891916769","0.150641"
"1891916769","2040379443","0.296096"
"2040379443","1891916769","0.296096"
"1891916769","2044966822","0.154429"
"2044966822","1891916769","0.154429"
"1891916769","2105404502","0.293498"
"2105404502","1891916769","0.293498"
"1891916769","2573373180","0.251832"
"2573373180","1891916769","0.251832"
"1891916769","72621801","0.108974"
"72621801","1891916769","0.108974"
"2009830735","2029594935","0.358974"
"2029594935","2009830735","0.358974"
"2009830735","2039201949","0.74155"
"2039201949","2009830735","0.74155"
"2009830735","2040379443","1.73762"
"2040379443","2009830735","1.73762"
"2009830735","2044966822","0.108974"
"2044966822","2009830735","0.108974"
"2009830735","2105404502","0.150641"
"2105404502","2009830735","0.150641"
"2009830735","2573373180","0.199883"
"2573373180","2009830735","0.199883"
"2009830735","72621801","0.108974"
"72621801","2009830735","0.108974"
"2029594935","2039201949","0.108974"
"2039201949","2029594935","0.108974"
"2029594935","2040379443","0.254429"
"2040379443","2029594935","0.254429"
"2029594935","2044966822","0.154429"
"2044966822","2029594935","0.154429"
"2029594935","2105404502","0.251832"
"2105404502","2029594935","0.251832"
"2029594935","2573373180","0.251832"
"2573373180","2029594935","0.251832"
"2029594935","72621801","0.108974"
"72621801","2029594935","0.108974"
"2039201949","2040379443","0.24155"
"2040379443","2039201949","0.24155"
"2039201949","2044966822","0.753419"
"2044966822","2039201949","0.753419"
"2039201949","2105404502","0.733974"
"2105404502","2039201949","0.733974"
"2039201949","2573373180","0.394328"
"2573373180","2039201949","0.394328"
"2039201949","72621801","0.608974"
"72621801","2039201949","0.608974"
"2040379443","2044966822","0.154429"
"2044966822","2040379443","0.154429"
"2040379443","2105404502","0.150641"
"2105404502","2040379443","0.150641"
"2040379443","2573373180","0.199883"
"2573373180","2040379443","0.199883"
"2040379443","72621801","0.108974"
"72621801","2040379443","0.108974"
"2044966822","2105404502","1.19231"
"2105404502","2044966822","1.19231"
"2044966822","2573373180","1.42842"
"2573373180","2044966822","1.42842"
"2044966822","72621801","0.442308"
"72621801","2044966822","0.442308"
"2105404502","2573373180","10.6685"
"2573373180","2105404502","10.6685"
"2105404502","72621801","0.108974"
"72621801","2105404502","0.108974"
"2573373180","72621801","0.108974"
"72621801","2573373180","0.108974"
"116189940","1592728322","0.310897"
"1592728322","116189940","0.310897"
"116189940","1971010447","0.488408"
"1971010447","116189940","0.488408"
"116189940","2108294523","0.310897"
"2108294523","116189940","0.310897"
"1528691451","1551865601","1.4211"
"1551865601","1528691451","1.4211"
"1528691451","1592728322","0.623019"
"1592728322","1528691451","0.623019"
"1528691451","1593635359","0.356352"
"1593635359","1528691451","0.356352"
"1528691451","1971010447","0.938675"
"1971010447","1528691451","0.938675"
"1528691451","2029594935","0.237762"
"2029594935","1528691451","0.237762"
"1528691451","2070736915","1.4211"
"2070736915","1528691451","1.4211"
"1528691451","2108294523","0.577564"
"2108294523","1528691451","0.577564"
"1551865601","1592728322","0.379429"
"1592728322","1551865601","0.379429"
"1551865601","1971010447","1.42885"
"1971010447","1551865601","1.42885"
"1551865601","2108294523","0.333974"
"2108294523","1551865601","0.333974"
"1551865601","2463279128","0.462121"
"2463279128","1551865601","0.462121"
"1592728322","1593635359","0.356352"
"1593635359","1592728322","0.356352"
"1592728322","1971010447","0.522009"
"1971010447","1592728322","0.522009"
"1592728322","2029594935","0.237762"
"2029594935","1592728322","0.237762"
"1592728322","2070736915","0.379429"
"2070736915","1592728322","0.379429"
"1592728322","2108294523","0.577564"
"2108294523","1592728322","0.577564"
"1592728322","2463279128","0.212121"
"2463279128","1592728322","0.212121"
"1593635359","1971010447","0.338675"
"1971010447","1593635359","0.338675"
"1593635359","2108294523","1.3109"
"2108294523","1593635359","1.3109"
"1593635359","2463279128","0.462121"
"2463279128","1593635359","0.462121"
"1971010447","2029594935","0.136752"
"2029594935","1971010447","0.136752"
"1971010447","2070736915","1.59552"
"2070736915","1971010447","1.59552"
"1971010447","2108294523","1.22201"
"2108294523","1971010447","1.22201"
"1971010447","2463279128","0.169935"
"2463279128","1971010447","0.169935"
"2029594935","2108294523","0.192308"
"2108294523","2029594935","0.192308"
"2029594935","2463279128","0.445455"
"2463279128","2029594935","0.445455"
"2070736915","2108294523","0.333974"
"2108294523","2070736915","0.333974"
"2070736915","2463279128","1.46212"
"2463279128","2070736915","1.46212"
"2108294523","2463279128","0.166667"
"2463279128","2108294523","0.166667"
"1891916769","2057982817","0.560897"
"2057982817","1891916769","0.560897"
"2009830735","2057982817","0.48514"
"2057982817","2009830735","0.48514"
"116189940","2161344370","0.408217"
"2161344370","116189940","0.408217"
"116189940","37524940","0.0909091"
"37524940","116189940","0.0909091"
"1536493614","1551865601","0.0909091"
"1551865601","1536493614","0.0909091"
"1536493614","1971010447","0.174242"
"1971010447","1536493614","0.174242"
"1536493614","2057982817","0.285354"
"2057982817","1536493614","0.285354"
"1536493614","2070736915","0.285354"
"2070736915","1536493614","0.285354"
"1536493614","2161344370","0.285354"
"2161344370","1536493614","0.285354"
"1536493614","37524940","0.0909091"
"37524940","1536493614","0.0909091"
"1551865601","2009830735","0.158217"
"2009830735","1551865601","0.158217"
"1551865601","2039201949","0.158217"
"2039201949","1551865601","0.158217"
"1551865601","2040379443","0.203671"
"2040379443","1551865601","0.203671"
"1551865601","2161344370","0.313772"
"2161344370","1551865601","0.313772"
"1551865601","2573373180","0.384407"
"2573373180","1551865601","0.384407"
"1551865601","37524940","0.0909091"
"37524940","1551865601","0.0909091"
"1971010447","2009830735","0.23514"
"2009830735","1971010447","0.23514"
"1971010447","2039201949","0.24155"
"2039201949","1971010447","0.24155"
"1971010447","2040379443","0.158217"
"2040379443","1971010447","0.158217"
"1971010447","2057982817","0.418473"
"2057982817","1971010447","0.418473"
"1971010447","2161344370","0.34155"
"2161344370","1971010447","0.34155"
"1971010447","2573373180","0.199883"
"2573373180","1971010447","0.199883"
"1971010447","37524940","0.0909091"
"37524940","1971010447","0.0909091"
"2009830735","2070736915","0.158217"
"2070736915","2009830735","0.158217"
"2009830735","2161344370","0.158217"
"2161344370","2009830735","0.158217"
"2009830735","37524940","0.0909091"
"37524940","2009830735","0.0909091"
"2039201949","2057982817","0.352661"
"2057982817","2039201949","0.352661"
"2039201949","2070736915","0.352661"
"2070736915","2039201949","0.352661"
"2039201949","2161344370","6.13599"
"2161344370","2039201949","6.13599"
"2039201949","37524940","0.0909091"
"37524940","2039201949","0.0909091"
"2040379443","2057982817","0.158217"
"2057982817","2040379443","0.158217"
"2040379443","2070736915","0.203671"
"2070736915","2040379443","0.203671"
"2040379443","2161344370","0.324883"
"2161344370","2040379443","0.324883"
"2040379443","37524940","0.0909091"
"37524940","2040379443","0.0909091"
"2057982817","2161344370","0.508217"
"2161344370","2057982817","0.508217"
"2057982817","2573373180","0.310995"
"2573373180","2057982817","0.310995"
"2057982817","37524940","0.0909091"
"37524940","2057982817","0.0909091"
"2070736915","2161344370","0.84155"
"2161344370","2070736915","0.84155"
"2070736915","2573373180","0.435995"
"2573373180","2070736915","0.435995"
"2070736915","37524940","0.0909091"
"37524940","2070736915","0.0909091"
"2161344370","2573373180","0.810995"
"2573373180","2161344370","0.810995"
"2161344370","37524940","0.0909091"
"37524940","2161344370","0.0909091"
"2573373180","37524940","0.590909"
"37524940","2573373180","0.590909"
"116189940","125528362","0.216399"
"125528362","116189940","0.216399"
"116189940","1482268585","0.216399"
"1482268585","116189940","0.216399"
"116189940","1528084885","0.0588235"
"1528084885","116189940","0.0588235"
"116189940","1538909692","0.181046"
"1538909692","116189940","0.181046"
"116189940","1549792084","0.12549"
"1549792084","116189940","0.12549"
"116189940","1882229936","0.0588235"
"1882229936","116189940","0.0588235"
"116189940","1976332828","0.181046"
"1976332828","116189940","0.181046"
"116189940","2075595440","0.181046"
"2075595440","116189940","0.181046"
"125528362","1482268585","1.20074"
"1482268585","125528362","1.20074"
"125528362","1513150489","0.104278"
"1513150489","125528362","0.104278"
"125528362","1528084885","0.0588235"
"1528084885","125528362","0.0588235"
"125528362","1533514013","0.392157"
"1533514013","125528362","0.392157"
"125528362","1538909692","0.236601"
"1538909692","125528362","0.236601"
"125528362","1549792084","0.558824"
"1549792084","125528362","0.558824"
"125528362","1599983164","0.0588235"
"1599983164","125528362","0.0588235"
"125528362","1601771756","0.22549"
"1601771756","125528362","0.22549"
"125528362","1882229936","0.169935"
"1882229936","125528362","0.169935"
"125528362","1971010447","0.0588235"
"1971010447","125528362","0.0588235"
"125528362","1976332828","0.603268"
"1976332828","125528362","0.603268"
"125528362","2011786374","0.712864"
"2011786374","125528362","0.712864"
"125528362","2075595440","0.814379"
"2075595440","125528362","0.814379"
"125528362","2114887408","1.10074"
"2114887408","125528362","1.10074"
"125528362","2120998067","0.741652"
"2120998067","125528362","0.741652"
"125528362","2463279128","5.54165"
"2463279128","125528362","5.54165"
"1482268585","1513150489","0.104278"
"1513150489","1482268585","0.104278"
"1482268585","1528084885","0.0588235"
"1528084885","1482268585","0.0588235"
"1482268585","1533514013","1.00327"
"1533514013","1482268585","1.00327"
"1482268585","1538909692","0.347712"
"1538909692","1482268585","0.347712"
"1482268585","1549792084","0.22549"
"1549792084","1482268585","0.22549"
"1482268585","1599983164","0.0588235"
"1599983164","1482268585","0.0588235"
"1482268585","1601771756","0.336601"
"1601771756","1482268585","0.336601"
"1482268585","1882229936","0.169935"
"1882229936","1482268585","0.169935"
"1482268585","1971010447","0.0588235"
"1971010447","1482268585","0.0588235"
"1482268585","1976332828","0.603268"
"1976332828","1482268585","0.603268"
"1482268585","2011786374","0.621955"
"2011786374","1482268585","0.621955"
"1482268585","2075595440","0.92549"
"2075595440","1482268585","0.92549"
"1482268585","2114887408","1.62094"
"2114887408","1482268585","1.62094"
"1482268585","2120998067","0.484076"
"2120998067","1482268585","0.484076"
"1482268585","2463279128","1.70074"
"2463279128","1482268585","1.70074"
"1513150489","1528084885","0.0588235"
"1528084885","1513150489","0.0588235"
"1513150489","1533514013","0.0588235"
"1533514013","1513150489","0.0588235"
"1513150489","1538909692","0.0588235"
"1538909692","1513150489","0.0588235"
"1513150489","1549792084","0.0588235"
"1549792084","1513150489","0.0588235"
"1513150489","1599983164","0.0588235"
"1599983164","1513150489","0.0588235"
"1513150489","1601771756","0.0588235"
"1601771756","1513150489","0.0588235"
"1513150489","1882229936","0.0588235"
"1882229936","1513150489","0.0588235"
"1513150489","1971010447","0.334465"
"1971010447","1513150489","0.334465"
"1513150489","1976332828","0.0588235"
"1976332828","1513150489","0.0588235"
"1513150489","2011786374","0.0588235"
"2011786374","1513150489","0.0588235"
"1513150489","2075595440","0.0588235"
"2075595440","1513150489","0.0588235"
"1513150489","2114887408","0.104278"
"2114887408","1513150489","0.104278"
"1513150489","2120998067","0.104278"
"2120998067","1513150489","0.104278"
"1513150489","2463279128","0.104278"
"2463279128","1513150489","0.104278"
"1528084885","1533514013","0.0588235"
"1533514013","1528084885","0.0588235"
"1528084885","1538909692","0.0588235"
"1538909692","1528084885","0.0588235"
"1528084885","1549792084","0.0588235"
"1549792084","1528084885","0.0588235"
"1528084885","1599983164","2.55882"
"1599983164","1528084885","2.55882"
"1528084885","1601771756","0.0588235"
"1601771756","1528084885","0.0588235"
"1528084885","1882229936","0.0588235"
"1882229936","1528084885","0.0588235"
"1528084885","1971010447","0.0588235"
"1971010447","1528084885","0.0588235"
"1528084885","1976332828","0.0588235"
"1976332828","1528084885","0.0588235"
"1528084885","2011786374","0.0588235"
"2011786374","1528084885","0.0588235"
"1528084885","2075595440","0.0588235"
"2075595440","1528084885","0.0588235"
"1528084885","2114887408","1.05882"
"2114887408","1528084885","1.05882"
"1528084885","2120998067","0.0588235"
"2120998067","1528084885","0.0588235"
"1528084885","2463279128","0.0588235"
"2463279128","1528084885","0.0588235"
"1533514013","1538909692","0.236601"
"1538909692","1533514013","0.236601"
"1533514013","1549792084","0.35049"
"1549792084","1533514013","0.35049"
"1533514013","1882229936","0.183824"
"1882229936","1533514013","0.183824"
"1533514013","1971010447","0.0588235"
"1971010447","1533514013","0.0588235"
"1533514013","1976332828","0.292157"
"1976332828","1533514013","0.292157"
"1533514013","2075595440","0.828268"
"2075595440","1533514013","0.828268"
"1533514013","2120998067","0.12549"
"2120998067","1533514013","0.12549"
"1538909692","1549792084","0.12549"
"1549792084","1538909692","0.12549"
"1538909692","1599983164","0.0588235"
"1599983164","1538909692","0.0588235"
"1538909692","1601771756","0.236601"
"1601771756","1538909692","0.236601"
"1538909692","1882229936","0.826681"
"1882229936","1538909692","0.826681"
"1538909692","1971010447","0.0588235"
"1971010447","1538909692","0.0588235"
"1538909692","1976332828","1.30605"
"1976332828","1538909692","1.30605"
"1538909692","2011786374","0.169935"
"2011786374","1538909692","0.169935"
"1538909692","2075595440","1.95684"
"2075595440","1538909692","1.95684"
"1538909692","2114887408","0.403268"
"2114887408","1538909692","0.403268"
"1538909692","2120998067","0.292157"
"2120998067","1538909692","0.292157"
"1538909692","2463279128","0.292157"
"2463279128","1538909692","0.292157"
"1549792084","1599983164","0.0588235"
"1599983164","1549792084","0.0588235"
"1549792084","1601771756","0.35049"
"1601771756","1549792084","0.35049"
"1549792084","1882229936","0.183824"
"1882229936","1549792084","0.183824"
"1549792084","1971010447","0.0588235"
"1971010447","1549792084","0.0588235"
"1549792084","1976332828","0.12549"
"1976332828","1549792084","0.12549"
"1549792084","2011786374","0.183824"
"2011786374","1549792084","0.183824"
"1549792084","2075595440","0.35049"
"2075595440","1549792084","0.35049"
"1549792084","2114887408","0.25049"
"2114887408","1549792084","0.25049"
"1549792084","2120998067","0.12549"
"2120998067","1549792084","0.12549"
"1549792084","2463279128","0.35049"
"2463279128","1549792084","0.35049"
"1599983164","1882229936","0.0588235"
"1882229936","1599983164","0.0588235"
"1599983164","1971010447","0.0588235"
"1971010447","1599983164","0.0588235"
"1599983164","1976332828","0.0588235"
"1976332828","1599983164","0.0588235"
"1599983164","2075595440","0.0588235"
"2075595440","1599983164","0.0588235"
"1599983164","2120998067","0.0588235"
"2120998067","1599983164","0.0588235"
"1601771756","1882229936","0.183824"
"1882229936","1601771756","0.183824"
"1601771756","1971010447","0.0588235"
"1971010447","1601771756","0.0588235"
"1601771756","1976332828","0.12549"
"1976332828","1601771756","0.12549"
"1601771756","2075595440","0.461601"
"2075595440","1601771756","0.461601"
"1601771756","2120998067","0.12549"
"2120998067","1601771756","0.12549"
"1882229936","1971010447","0.0588235"
"1971010447","1882229936","0.0588235"
"1882229936","1976332828","0.169935"
"1976332828","1882229936","0.169935"
"1882229936","2011786374","0.294935"
"2011786374","1882229936","0.294935"
"1882229936","2075595440","3.39613"
"2075595440","1882229936","3.39613"
"1882229936","2114887408","0.294935"
"2114887408","1882229936","0.294935"
"1882229936","2120998067","0.169935"
"2120998067","1882229936","0.169935"
"1882229936","2463279128","0.294935"
"2463279128","1882229936","0.294935"
"1971010447","1976332828","0.22549"
"1976332828","1971010447","0.22549"
"1971010447","2011786374","0.22549"
"2011786374","1971010447","0.22549"
"1971010447","2075595440","0.22549"
"2075595440","1971010447","0.22549"
"1971010447","2114887408","1.22549"
"2114887408","1971010447","1.22549"
"1971010447","2120998067","0.22549"
"2120998067","1971010447","0.22549"
"1976332828","2011786374","0.336601"
"2011786374","1976332828","0.336601"
"1976332828","2075595440","0.82549"
"2075595440","1976332828","0.82549"
"1976332828","2114887408","0.82549"
"2114887408","1976332828","0.82549"
"1976332828","2120998067","0.292157"
"2120998067","1976332828","0.292157"
"1976332828","2463279128","0.492157"
"2463279128","1976332828","0.492157"
"2011786374","2075595440","0.572712"
"2075595440","2011786374","0.572712"
"2011786374","2120998067","1.5462"
"2120998067","2011786374","1.5462"
"2075595440","2114887408","3.37271"
"2114887408","2075595440","3.37271"
"2075595440","2120998067","0.736601"
"2120998067","2075595440","0.736601"
"2075595440","2463279128","1.02827"
"2463279128","2075595440","1.02827"
"2114887408","2120998067","1.3063"
"2120998067","2114887408","1.3063"
"2120998067","2463279128","2.54721"
"2463279128","2120998067","2.54721"
"116189940","1499631034","0.269231"
"1499631034","116189940","0.269231"
"116189940","2037460328","0.672106"
"2037460328","116189940","0.672106"
"116189940","2046907540","0.366453"
"2046907540","116189940","0.366453"
"116189940","2055954544","0.394231"
"2055954544","116189940","0.394231"
"1499631034","2029594935","0.525641"
"2029594935","1499631034","0.525641"
"1499631034","2037460328","0.668498"
"2037460328","1499631034","0.668498"
"1499631034","2046907540","0.412088"
"2046907540","1499631034","0.412088"
"1499631034","2055954544","4.24542"
"2055954544","1499631034","4.24542"
"1499631034","2057982817","0.269231"
"2057982817","1499631034","0.269231"
"2029594935","2037460328","1.18239"
"2037460328","2029594935","1.18239"
"2029594935","2046907540","0.247863"
"2046907540","2029594935","0.247863"
"2029594935","2055954544","0.525641"
"2055954544","2029594935","0.525641"
"2037460328","2046907540","0.49072"
"2046907540","2037460328","0.49072"
"2037460328","2055954544","0.668498"
"2055954544","2037460328","0.668498"
"2037460328","2057982817","0.681197"
"2057982817","2037460328","0.681197"
"2046907540","2055954544","0.453755"
"2055954544","2046907540","0.453755"
"2046907540","2057982817","0.466453"
"2057982817","2046907540","0.466453"
"2055954544","2057982817","0.394231"
"2057982817","2055954544","0.394231"
"116189940","55163080","0.238772"
"55163080","116189940","0.238772"
"1528691451","1538909692","0.0555556"
"1538909692","1528691451","0.0555556"
"1528691451","1976332828","0.0555556"
"1976332828","1528691451","0.0555556"
"1528691451","2037460328","0.438772"
"2037460328","1528691451","0.438772"
"1528691451","2046907540","0.716453"
"2046907540","1528691451","0.716453"
"1528691451","2057982817","0.299786"
"2057982817","1528691451","0.299786"
"1528691451","2075595440","0.0555556"
"2075595440","1528691451","0.0555556"
"1528691451","2120998067","0.358586"
"2120998067","1528691451","0.358586"
"1528691451","2161344370","0.222863"
"2161344370","1528691451","0.222863"
"1528691451","55163080","0.347863"
"55163080","1528691451","0.347863"
"1538909692","1551865601","0.0555556"
"1551865601","1538909692","0.0555556"
"1538909692","1592728322","0.0555556"
"1592728322","1538909692","0.0555556"
"1538909692","1593635359","0.180556"
"1593635359","1538909692","0.180556"
"1538909692","2029594935","0.247222"
"2029594935","1538909692","0.247222"
"1538909692","2037460328","0.680556"
"2037460328","1538909692","0.680556"
"1538909692","2046907540","0.0555556"
"2046907540","1538909692","0.0555556"
"1538909692","2057982817","0.0555556"
"2057982817","1538909692","0.0555556"
"1538909692","2070736915","0.0555556"
"2070736915","1538909692","0.0555556"
"1538909692","2108294523","0.166667"
"2108294523","1538909692","0.166667"
"1538909692","2161344370","0.0555556"
"2161344370","1538909692","0.0555556"
"1538909692","55163080","0.233333"
"55163080","1538909692","0.233333"
"1551865601","1976332828","0.0555556"
"1976332828","1551865601","0.0555556"
"1551865601","2037460328","1.71691"
"2037460328","1551865601","1.71691"
"1551865601","2046907540","1.03239"
"2046907540","1551865601","1.03239"
"1551865601","2075595440","0.0555556"
"2075595440","1551865601","0.0555556"
"1551865601","2114887408","0.22601"
"2114887408","1551865601","0.22601"
"1551865601","2120998067","0.267677"
"2120998067","1551865601","0.267677"
"1551865601","55163080","0.181197"
"55163080","1551865601","0.181197"
"1592728322","1976332828","0.0555556"
"1976332828","1592728322","0.0555556"
"1592728322","2037460328","0.347863"
"2037460328","1592728322","0.347863"
"1592728322","2046907540","0.299786"
"2046907540","1592728322","0.299786"
"1592728322","2057982817","0.299786"
"2057982817","1592728322","0.299786"
"1592728322","2075595440","0.0555556"
"2075595440","1592728322","0.0555556"
"1592728322","2114887408","0.10101"
"2114887408","1592728322","0.10101"
"1592728322","2120998067","0.10101"
"2120998067","1592728322","0.10101"
"1592728322","2161344370","0.222863"
"2161344370","1592728322","0.222863"
"1592728322","55163080","0.347863"
"55163080","1592728322","0.347863"
"1593635359","1976332828","0.180556"
"1976332828","1593635359","0.180556"
"1593635359","2037460328","0.349054"
"2037460328","1593635359","0.349054"
"1593635359","2046907540","0.199786"
"2046907540","1593635359","0.199786"
"1593635359","2075595440","0.0555556"
"2075595440","1593635359","0.0555556"
"1593635359","2114887408","0.20101"
"2114887408","1593635359","0.20101"
"1593635359","2120998067","0.20101"
"2120998067","1593635359","0.20101"
"1593635359","2161344370","0.53953"
"2161344370","1593635359","0.53953"
"1593635359","55163080","0.581197"
"55163080","1593635359","0.581197"
"1976332828","2029594935","0.247222"
"2029594935","1976332828","0.247222"
"1976332828","2037460328","0.347222"
"2037460328","1976332828","0.347222"
"1976332828","2046907540","0.222222"
"2046907540","1976332828","0.222222"
"1976332828","2057982817","0.0555556"
"2057982817","1976332828","0.0555556"
"1976332828","2070736915","0.0555556"
"2070736915","1976332828","0.0555556"
"1976332828","2108294523","0.0555556"
"2108294523","1976332828","0.0555556"
"1976332828","2161344370","0.0555556"
"2161344370","1976332828","0.0555556"
"1976332828","55163080","0.205556"
"55163080","1976332828","0.205556"
"2029594935","2075595440","0.122222"
"2075595440","2029594935","0.122222"
"2029594935","2114887408","0.267677"
"2114887408","2029594935","0.267677"
"2029594935","2161344370","0.0811966"
"2161344370","2029594935","0.0811966"
"2029594935","55163080","0.147863"
"55163080","2029594935","0.147863"
"2037460328","2070736915","2.57405"
"2070736915","2037460328","2.57405"
"2037460328","2075595440","1.28333"
"2075595440","2037460328","1.28333"
"2037460328","2108294523","0.347863"
"2108294523","2037460328","0.347863"
"2037460328","2114887408","0.222222"
"2114887408","2037460328","0.222222"
"2037460328","2120998067","0.146465"
"2120998067","2037460328","0.146465"
"2037460328","2161344370","0.547863"
"2161344370","2037460328","0.547863"
"2037460328","2463279128","1.41313"
"2463279128","2037460328","1.41313"
"2037460328","55163080","0.975641"
"55163080","2037460328","0.975641"
"2046907540","2070736915","1.11572"
"2070736915","2046907540","1.11572"
"2046907540","2075595440","0.222222"
"2075595440","2046907540","0.222222"
"2046907540","2108294523","0.499786"
"2108294523","2046907540","0.499786"
"2046907540","2114887408","0.222222"
"2114887408","2046907540","0.222222"
"2046907540","2120998067","0.222222"
"2120998067","2046907540","0.222222"
"2046907540","2161344370","0.222863"
"2161344370","2046907540","0.222863"
"2046907540","2463279128","0.0555556"
"2463279128","2046907540","0.0555556"
"2046907540","55163080","0.181197"
"55163080","2046907540","0.181197"
"2057982817","2075595440","0.0555556"
"2075595440","2057982817","0.0555556"
"2057982817","2108294523","0.299786"
"2108294523","2057982817","0.299786"
"2057982817","2114887408","0.0555556"
"2114887408","2057982817","0.0555556"
"2057982817","2120998067","0.222222"
"2120998067","2057982817","0.222222"
"2057982817","2463279128","0.0555556"
"2463279128","2057982817","0.0555556"
"2057982817","55163080","0.181197"
"55163080","2057982817","0.181197"
"2070736915","2075595440","0.0555556"
"2075595440","2070736915","0.0555556"
"2070736915","2114887408","0.72601"
"2114887408","2070736915","0.72601"
"2070736915","2120998067","0.267677"
"2120998067","2070736915","0.267677"
"2070736915","55163080","0.181197"
"55163080","2070736915","0.181197"
"2075595440","2108294523","0.166667"
"2108294523","2075595440","0.166667"
"2075595440","2161344370","0.0555556"
"2161344370","2075595440","0.0555556"
"2075595440","55163080","1.86111"
"55163080","2075595440","1.86111"
"2108294523","2114887408","0.166667"
"2114887408","2108294523","0.166667"
"2108294523","2120998067","0.0555556"
"2120998067","2108294523","0.0555556"
"2108294523","2161344370","0.222863"
"2161344370","2108294523","0.222863"
"2108294523","55163080","0.958974"
"55163080","2108294523","0.958974"
"2114887408","2161344370","0.0555556"
"2161344370","2114887408","0.0555556"
"2114887408","55163080","0.324242"
"55163080","2114887408","0.324242"
"2120998067","2161344370","0.0555556"
"2161344370","2120998067","0.0555556"
"2120998067","55163080","0.213131"
"55163080","2120998067","0.213131"
"2161344370","2463279128","0.0555556"
"2463279128","2161344370","0.0555556"
"2161344370","55163080","0.347863"
"55163080","2161344370","0.347863"
"2463279128","55163080","0.213131"
"55163080","2463279128","0.213131"
"116189940","1823009474","1.02564"
"1823009474","116189940","1.02564"
"116189940","1494185004","0.0673077"
"1494185004","116189940","0.0673077"
"116189940","1562696372","0.167308"
"1562696372","116189940","0.167308"
"116189940","1581631485","0.158217"
"1581631485","116189940","0.158217"
"116189940","1993582687","0.141667"
"1993582687","116189940","0.141667"
"116189940","2055475491","0.224883"
"2055475491","116189940","0.224883"
"116189940","77920379","0.178419"
"77920379","116189940","0.178419"
"1494185004","1528691451","0.0673077"
"1528691451","1494185004","0.0673077"
"1494185004","1533221980","0.0673077"
"1533221980","1494185004","0.0673077"
"1494185004","1551865601","0.0673077"
"1551865601","1494185004","0.0673077"
"1494185004","1562696372","0.0673077"
"1562696372","1494185004","0.0673077"
"1494185004","1581631485","0.0673077"
"1581631485","1494185004","0.0673077"
"1494185004","1592728322","0.0673077"
"1592728322","1494185004","0.0673077"
"1494185004","1593635359","0.0673077"
"1593635359","1494185004","0.0673077"
"1494185004","1891916769","0.0673077"
"1891916769","1494185004","0.0673077"
"1494185004","1971010447","1.06731"
"1971010447","1494185004","1.06731"
"1494185004","1993582687","0.0416667"
"1993582687","1494185004","0.0416667"
"1494185004","2009830735","0.0673077"
"2009830735","1494185004","0.0673077"
"1494185004","2029491599","0.0673077"
"2029491599","1494185004","0.0673077"
"1494185004","2039201949","0.0673077"
"2039201949","1494185004","0.0673077"
"1494185004","2040379443","0.0673077"
"2040379443","1494185004","0.0673077"
"1494185004","2046907540","1.06731"
"2046907540","1494185004","1.06731"
"1494185004","2055475491","0.0673077"
"2055475491","1494185004","0.0673077"
"1494185004","2055954544","0.0673077"
"2055954544","1494185004","0.0673077"
"1494185004","2057982817","0.0673077"
"2057982817","1494185004","0.0673077"
"1494185004","2070736915","0.0673077"
"2070736915","1494185004","0.0673077"
"1494185004","2105404502","0.0673077"
"2105404502","1494185004","0.0673077"
"1494185004","2108294523","0.0673077"
"2108294523","1494185004","0.0673077"
"1494185004","2161344370","0.0673077"
"2161344370","1494185004","0.0673077"
"1494185004","77920379","0.0673077"
"77920379","1494185004","0.0673077"
"1528691451","1533221980","0.112762"
"1533221980","1528691451","0.112762"
"1528691451","1562696372","0.112762"
"1562696372","1528691451","0.112762"
"1528691451","1581631485","0.0673077"
"1581631485","1528691451","0.0673077"
"1528691451","1891916769","0.189685"
"1891916769","1528691451","0.189685"
"1528691451","1993582687","0.0871212"
"1993582687","1528691451","0.0871212"
"1528691451","2009830735","0.144231"
"2009830735","1528691451","0.144231"
"1528691451","2029491599","0.0673077"
"2029491599","1528691451","0.0673077"
"1528691451","2039201949","0.0673077"
"2039201949","1528691451","0.0673077"
"1528691451","2040379443","0.112762"
"2040379443","1528691451","0.112762"
"1528691451","2055475491","0.233974"
"2055475491","1528691451","0.233974"
"1528691451","2055954544","0.144231"
"2055954544","1528691451","0.144231"
"1528691451","2105404502","0.0673077"
"2105404502","1528691451","0.0673077"
"1528691451","77920379","0.0673077"
"77920379","1528691451","0.0673077"
"1533221980","1551865601","0.112762"
"1551865601","1533221980","0.112762"
"1533221980","1562696372","0.112762"
"1562696372","1533221980","0.112762"
"1533221980","1581631485","0.0673077"
"1581631485","1533221980","0.0673077"
"1533221980","1592728322","0.112762"
"1592728322","1533221980","0.112762"
"1533221980","1593635359","0.196096"
"1593635359","1533221980","0.196096"
"1533221980","1971010447","0.150641"
"1971010447","1533221980","0.150641"
"1533221980","1993582687","0.0871212"
"1993582687","1533221980","0.0871212"
"1533221980","2029491599","0.0673077"
"2029491599","1533221980","0.0673077"
"1533221980","2046907540","0.0673077"
"2046907540","1533221980","0.0673077"
"1533221980","2055475491","0.0673077"
"2055475491","1533221980","0.0673077"
"1533221980","2055954544","0.150641"
"2055954544","1533221980","0.150641"
"1533221980","2057982817","0.511752"
"2057982817","1533221980","0.511752"
"1533221980","2070736915","0.557207"
"2070736915","1533221980","0.557207"
"1533221980","2108294523","0.0673077"
"2108294523","1533221980","0.0673077"
"1533221980","2161344370","5.04509"
"2161344370","1533221980","5.04509"
"1533221980","77920379","2.21175"
"77920379","1533221980","2.21175"
"1551865601","1562696372","0.255619"
"1562696372","1551865601","0.255619"
"1551865601","1581631485","0.0673077"
"1581631485","1551865601","0.0673077"
"1551865601","1891916769","0.255619"
"1891916769","1551865601","0.255619"
"1551865601","1993582687","0.0871212"
"1993582687","1551865601","0.0871212"
"1551865601","2055475491","0.0673077"
"2055475491","1551865601","0.0673077"
"1551865601","2055954544","0.210165"
"2055954544","1551865601","0.210165"
"1551865601","2105404502","0.210165"
"2105404502","1551865601","0.210165"
"1551865601","77920379","0.0673077"
"77920379","1551865601","0.0673077"
"1562696372","1581631485","0.0673077"
"1581631485","1562696372","0.0673077"
"1562696372","1592728322","0.112762"
"1592728322","1562696372","0.112762"
"1562696372","1593635359","0.337762"
"1593635359","1562696372","0.337762"
"1562696372","1891916769","0.212762"
"1891916769","1562696372","0.212762"
"1562696372","1971010447","0.210165"
"1971010447","1562696372","0.210165"
"1562696372","1993582687","0.187121"
"1993582687","1562696372","0.187121"
"1562696372","2009830735","0.0673077"
"2009830735","1562696372","0.0673077"
"1562696372","2029491599","0.0673077"
"2029491599","1562696372","0.0673077"
"1562696372","2039201949","0.0673077"
"2039201949","1562696372","0.0673077"
"1562696372","2040379443","0.212762"
"2040379443","1562696372","0.212762"
"1562696372","2046907540","0.210165"
"2046907540","1562696372","0.210165"
"1562696372","2055475491","0.0673077"
"2055475491","1562696372","0.0673077"
"1562696372","2055954544","0.210165"
"2055954544","1562696372","0.210165"
"1562696372","2057982817","0.0673077"
"2057982817","1562696372","0.0673077"
"1562696372","2070736915","0.255619"
"2070736915","1562696372","0.255619"
"1562696372","2105404502","0.0673077"
"2105404502","1562696372","0.0673077"
"1562696372","2108294523","0.0673077"
"2108294523","1562696372","0.0673077"
"1562696372","2161344370","0.0673077"
"2161344370","1562696372","0.0673077"
"1562696372","77920379","0.0673077"
"77920379","1562696372","0.0673077"
"1581631485","1592728322","0.0673077"
"1592728322","1581631485","0.0673077"
"1581631485","1593635359","0.0673077"
"1593635359","1581631485","0.0673077"
"1581631485","1891916769","0.233974"
"1891916769","1581631485","0.233974"
"1581631485","1971010447","0.0673077"
"1971010447","1581631485","0.0673077"
"1581631485","1993582687","0.0416667"
"1993582687","1581631485","0.0416667"
"1581631485","2009830735","0.595518"
"2009830735","1581631485","0.595518"
"1581631485","2029491599","0.655042"
"2029491599","1581631485","0.655042"
"1581631485","2039201949","0.0673077"
"2039201949","1581631485","0.0673077"
"1581631485","2040379443","0.738375"
"2040379443","1581631485","0.738375"
"1581631485","2046907540","0.0673077"
"2046907540","1581631485","0.0673077"
"1581631485","2055475491","0.619328"
"2055475491","1581631485","0.619328"
"1581631485","2055954544","0.0673077"
