"1497926477","2244021122","1"
"2244021122","1497926477","1"
"1497926477","2561441773","3"
"2561441773","1497926477","3"
"1497926477","1562167773","1"
"1562167773","1497926477","1"
"1558741230","1858849067","2.5"
"1858849067","1558741230","2.5"
"1558741230","2242410975","2.5"
"2242410975","1558741230","2.5"
"1858849067","2242410975","2.5"
"2242410975","1858849067","2.5"
"1562167773","2170211264","25"
"2170211264","1562167773","25"
"1593477367","1793919470","1.9"
"1793919470","1593477367","1.9"
"1593477367","2277060477","1.15"
"2277060477","1593477367","1.15"
"1593477367","2406781016","1.4"
"2406781016","1593477367","1.4"
"1793919470","2277060477","1.98333"
"2277060477","1793919470","1.98333"
"1793919470","2406781016","3.4"
"2406781016","1793919470","3.4"
"2277060477","2406781016","1.4"
"2406781016","2277060477","1.4"
"1593477367","1858849067","0.25"
"1858849067","1593477367","0.25"
"1593477367","1923648973","0.916667"
"1923648973","1593477367","0.916667"
"1793919470","1858849067","0.25"
"1858849067","1793919470","0.25"
"1793919470","1923648973","23.25"
"1923648973","1793919470","23.25"
"1858849067","1923648973","0.25"
"1923648973","1858849067","0.25"
"1858849067","2406781016","0.25"
"2406781016","1858849067","0.25"
"1923648973","2406781016","1.41667"
"2406781016","1923648973","1.41667"
"1593477367","1814371862","0.566667"
"1814371862","1593477367","0.566667"
"1593477367","1935064507","0.816667"
"1935064507","1593477367","0.816667"
"1793919470","1814371862","2.06667"
"1814371862","1793919470","2.06667"
"1793919470","1935064507","2.98333"
"1935064507","1793919470","2.98333"
"1814371862","1935064507","0.566667"
"1935064507","1814371862","0.566667"
"1814371862","2277060477","0.566667"
"2277060477","1814371862","0.566667"
"1814371862","2406781016","0.566667"
"2406781016","1814371862","0.566667"
"1935064507","2277060477","2.06667"
"2277060477","1935064507","2.06667"
"1935064507","2406781016","6.73333"
"2406781016","1935064507","6.73333"
"1814371862","1923648973","1.66667"
"1923648973","1814371862","1.66667"
"1923648973","1935064507","2.33333"
"1935064507","1923648973","2.33333"
"1923648973","2277060477","1"
"2277060477","1923648973","1"
"1793919470","1817719070","0.833333"
"1817719070","1793919470","0.833333"
"1817719070","1923648973","0.833333"
"1923648973","1817719070","0.833333"
"1817719070","1935064507","1.25"
"1935064507","1817719070","1.25"
"1817719070","2277060477","5.58333"
"2277060477","1817719070","5.58333"
"1793919470","2561441773","0.333333"
"2561441773","1793919470","0.333333"
"1923648973","2561441773","0.333333"
"2561441773","1923648973","0.333333"
"2406781016","2561441773","0.333333"
"2561441773","2406781016","0.333333"
"1814371862","1858849067","1"
"1858849067","1814371862","1"
"1817719070","2242410975","0.25"
"2242410975","1817719070","0.25"
"1817719070","2406781016","0.25"
"2406781016","1817719070","0.25"
"1935064507","2242410975","0.25"
"2242410975","1935064507","0.25"
"2242410975","2277060477","0.25"
"2277060477","2242410975","0.25"
"2242410975","2406781016","0.25"
"2406781016","2242410975","0.25"
