"103357421","1969084565","2.30952"
"1969084565","103357421","2.30952"
"103357421","2051663596","3.16667"
"2051663596","103357421","3.16667"
"1969084565","2051663596","10.0655"
"2051663596","1969084565","10.0655"
"103357421","2056521113","0.333333"
"2056521113","103357421","0.333333"
"1969084565","2056521113","0.746465"
"2056521113","1969084565","0.746465"
"2051663596","2056521113","0.488889"
"2056521113","2051663596","0.488889"
"103357421","1964331783","0.142857"
"1964331783","103357421","0.142857"
"103357421","1991911060","0.142857"
"1991911060","103357421","0.142857"
"103357421","2033787075","0.142857"
"2033787075","103357421","0.142857"
"103357421","2131824717","0.47619"
"2131824717","103357421","0.47619"
"103357421","2138835817","0.142857"
"2138835817","103357421","0.142857"
"103357421","2292981139","0.142857"
"2292981139","103357421","0.142857"
"1964331783","1969084565","4.47662"
"1969084565","1964331783","4.47662"
"1964331783","1991911060","0.142857"
"1991911060","1964331783","0.142857"
"1964331783","2033787075","0.587933"
"2033787075","1964331783","0.587933"
"1964331783","2131824717","0.997024"
"2131824717","1964331783","0.997024"
"1964331783","2138835817","0.601623"
"2138835817","1964331783","0.601623"
"1964331783","2292981139","0.767857"
"2292981139","1964331783","0.767857"
"1969084565","1991911060","0.733766"
"1991911060","1969084565","0.733766"
"1969084565","2033787075","0.622655"
"2033787075","1969084565","0.622655"
"1969084565","2131824717","0.47619"
"2131824717","1969084565","0.47619"
"1969084565","2138835817","3.2917"
"2138835817","1969084565","3.2917"
"1969084565","2292981139","0.932179"
"2292981139","1969084565","0.932179"
"1991911060","2033787075","0.559524"
"2033787075","1991911060","0.559524"
"1991911060","2131824717","0.142857"
"2131824717","1991911060","0.142857"
"1991911060","2138835817","0.142857"
"2138835817","1991911060","0.142857"
"1991911060","2292981139","0.400433"
"2292981139","1991911060","0.400433"
"2033787075","2131824717","0.622024"
"2131824717","2033787075","0.622024"
"2033787075","2138835817","1.03932"
"2138835817","2033787075","1.03932"
"2033787075","2292981139","1.14841"
"2292981139","2033787075","1.14841"
"2131824717","2138835817","0.392857"
"2138835817","2131824717","0.392857"
"2131824717","2292981139","0.559524"
"2292981139","2131824717","0.559524"
"2138835817","2292981139","0.79127"
"2292981139","2138835817","0.79127"
"2051663596","2131824717","0.333333"
"2131824717","2051663596","0.333333"
"144095889","1969856465","0.333333"
"1969856465","144095889","0.333333"
"144095889","2111876445","0.333333"
"2111876445","144095889","0.333333"
"144095889","2292981139","0.333333"
"2292981139","144095889","0.333333"
"1969856465","2111876445","0.666667"
"2111876445","1969856465","0.666667"
"1969856465","2292981139","4.05599"
"2292981139","1969856465","4.05599"
"2111876445","2292981139","0.666667"
"2292981139","2111876445","0.666667"
"144095889","2293827945","1"
"2293827945","144095889","1"
"1560082344","1991911060","1"
"1991911060","1560082344","1"
"1560082344","1964331783","1.1"
"1964331783","1560082344","1.1"
"1560082344","1969084565","0.1"
"1969084565","1560082344","0.1"
"1560082344","2017350707","0.1"
"2017350707","1560082344","0.1"
"1560082344","2024993655","0.1"
"2024993655","1560082344","0.1"
"1560082344","2051663596","0.1"
"2051663596","1560082344","0.1"
"1560082344","2056521113","0.1"
"2056521113","1560082344","0.1"
"1560082344","2116950833","0.1"
"2116950833","1560082344","0.1"
"1560082344","2135916570","0.1"
"2135916570","1560082344","0.1"
"1560082344","2138835817","0.1"
"2138835817","1560082344","0.1"
"1560082344","2952724156","0.1"
"2952724156","1560082344","0.1"
"1964331783","2017350707","0.333766"
"2017350707","1964331783","0.333766"
"1964331783","2024993655","0.562933"
"2024993655","1964331783","0.562933"
"1964331783","2051663596","0.333766"
"2051663596","1964331783","0.333766"
"1964331783","2056521113","0.1625"
"2056521113","1964331783","0.1625"
"1964331783","2116950833","0.896266"
"2116950833","1964331783","0.896266"
"1964331783","2135916570","0.333766"
"2135916570","1964331783","0.333766"
"1964331783","2952724156","0.190909"
"2952724156","1964331783","0.190909"
"1969084565","2017350707","0.6671"
"2017350707","1969084565","0.6671"
"1969084565","2024993655","1.18023"
"2024993655","1969084565","1.18023"
"1969084565","2116950833","1.98975"
"2116950833","1969084565","1.98975"
"1969084565","2135916570","1.50043"
"2135916570","1969084565","1.50043"
"1969084565","2952724156","0.357576"
"2952724156","1969084565","0.357576"
"2017350707","2024993655","0.9171"
"2024993655","2017350707","0.9171"
"2017350707","2051663596","0.500433"
"2051663596","2017350707","0.500433"
"2017350707","2056521113","0.6"
"2056521113","2017350707","0.6"
"2017350707","2116950833","0.9171"
"2116950833","2017350707","0.9171"
"2017350707","2135916570","0.500433"
"2135916570","2017350707","0.500433"
"2017350707","2138835817","1.1671"
"2138835817","2017350707","1.1671"
"2017350707","2952724156","16.1909"
"2952724156","2017350707","16.1909"
"2024993655","2051663596","1.08932"
"2051663596","2024993655","1.08932"
"2024993655","2056521113","0.808965"
"2056521113","2024993655","0.808965"
"2024993655","2116950833","14.1594"
"2116950833","2024993655","14.1594"
"2024993655","2135916570","0.500433"
"2135916570","2024993655","0.500433"
"2024993655","2138835817","2.00599"
"2138835817","2024993655","2.00599"
"2024993655","2952724156","0.607576"
"2952724156","2024993655","0.607576"
"2051663596","2116950833","1.56551"
"2116950833","2051663596","1.56551"
"2051663596","2135916570","0.500433"
"2135916570","2051663596","0.500433"
"2051663596","2138835817","4.51551"
"2138835817","2051663596","4.51551"
"2051663596","2952724156","0.190909"
"2952724156","2051663596","0.190909"
"2056521113","2116950833","0.808965"
"2116950833","2056521113","0.808965"
"2056521113","2135916570","0.1"
"2135916570","2056521113","0.1"
"2056521113","2138835817","0.322222"
"2138835817","2056521113","0.322222"
"2056521113","2952724156","0.6"
"2952724156","2056521113","0.6"
"2116950833","2135916570","0.500433"
"2135916570","2116950833","0.500433"
"2116950833","2138835817","2.73218"
"2138835817","2116950833","2.73218"
"2116950833","2952724156","0.607576"
"2952724156","2116950833","0.607576"
"2135916570","2138835817","0.500433"
"2138835817","2135916570","0.500433"
"2135916570","2952724156","0.190909"
"2952724156","2135916570","0.190909"
"2138835817","2952724156","0.607576"
"2952724156","2138835817","0.607576"
"1560082344","2051468257","1"
"2051468257","1560082344","1"
"1764479988","1969084565","0.846465"
"1969084565","1764479988","0.846465"
"1764479988","2051663596","0.846465"
"2051663596","1764479988","0.846465"
"1764479988","2121605000","2.36806"
"2121605000","1764479988","2.36806"
"1764479988","2056521113","1.70139"
"2056521113","1764479988","1.70139"
"1764479988","2061567674","1.70139"
"2061567674","1764479988","1.70139"
"1764479988","2165647619","0.388889"
"2165647619","1764479988","0.388889"
"2056521113","2061567674","4.28472"
"2061567674","2056521113","4.28472"
"2056521113","2165647619","0.972222"
"2165647619","2056521113","0.972222"
"2061567674","2165647619","2.43056"
"2165647619","2061567674","2.43056"
"1764479988","2024993655","1.40896"
"2024993655","1764479988","1.40896"
"1764479988","2116950833","1.40896"
"2116950833","1764479988","1.40896"
"1764479988","2138835817","0.346465"
"2138835817","1764479988","0.346465"
"1764479988","1964331783","0.153409"
"1964331783","1764479988","0.153409"
"1764479988","1969856465","0.146465"
"1969856465","1764479988","0.146465"
"1764479988","2017350707","0.0909091"
"2017350707","1764479988","0.0909091"
"1764479988","2033787075","0.208965"
"2033787075","1764479988","0.208965"
"1764479988","2135916570","1.09091"
"2135916570","1764479988","1.09091"
"1764479988","2952724156","0.0909091"
"2952724156","1764479988","0.0909091"
"1964331783","1969856465","0.590909"
"1969856465","1964331783","0.590909"
"1969084565","1969856465","1.13023"
"1969856465","1969084565","1.13023"
"1969856465","2017350707","0.0909091"
"2017350707","1969856465","0.0909091"
"1969856465","2024993655","0.570707"
"2024993655","1969856465","0.570707"
"1969856465","2033787075","0.646465"
"2033787075","1969856465","0.646465"
"1969856465","2051663596","1.40599"
"2051663596","1969856465","1.40599"
"1969856465","2116950833","3.2969"
"2116950833","1969856465","3.2969"
"1969856465","2135916570","0.0909091"
"2135916570","1969856465","0.0909091"
"1969856465","2138835817","1.23932"
"2138835817","1969856465","1.23932"
"1969856465","2952724156","0.0909091"
"2952724156","1969856465","0.0909091"
"2017350707","2033787075","2.34091"
"2033787075","2017350707","2.34091"
"2024993655","2033787075","0.542298"
"2033787075","2024993655","0.542298"
"2033787075","2051663596","0.646465"
"2051663596","2033787075","0.646465"
"2033787075","2116950833","0.542298"
"2116950833","2033787075","0.542298"
"2033787075","2135916570","0.0909091"
"2135916570","2033787075","0.0909091"
"2033787075","2952724156","1.84091"
"2952724156","2033787075","1.84091"
"1764479988","1852209768","0.118056"
"1852209768","1764479988","0.118056"
"1764479988","1968104634","0.118056"
"1968104634","1764479988","0.118056"
"1764479988","1994655805","0.3125"
"1994655805","1764479988","0.3125"
"1764479988","2051468257","0.118056"
"2051468257","1764479988","0.118056"
"1764479988","2062734663","0.0625"
"2062734663","1764479988","0.0625"
"1764479988","2070928147","0.118056"
"2070928147","1764479988","0.118056"
"1764479988","2131824717","0.0625"
"2131824717","1764479988","0.0625"
"1764479988","2151369660","0.118056"
"2151369660","1764479988","0.118056"
"1764479988","2167350691","0.0625"
"2167350691","1764479988","0.0625"
"1852209768","1964331783","0.1875"
"1964331783","1852209768","0.1875"
"1852209768","1968104634","0.618056"
"1968104634","1852209768","0.618056"
"1852209768","1994655805","0.0625"
"1994655805","1852209768","0.0625"
"1852209768","2024993655","0.118056"
"2024993655","1852209768","0.118056"
"1852209768","2033787075","22.3181"
"2033787075","1852209768","22.3181"
"1852209768","2051468257","0.118056"
"2051468257","1852209768","0.118056"
"1852209768","2056521113","0.118056"
"2056521113","1852209768","0.118056"
"1852209768","2061567674","0.368056"
"2061567674","1852209768","0.368056"
"1852209768","2062734663","0.0625"
"2062734663","1852209768","0.0625"
"1852209768","2070928147","0.568056"
"2070928147","1852209768","0.568056"
"1852209768","2116950833","0.118056"
"2116950833","1852209768","0.118056"
"1852209768","2121605000","0.118056"
"2121605000","1852209768","0.118056"
"1852209768","2131824717","0.3125"
"2131824717","1852209768","0.3125"
"1852209768","2151369660","0.568056"
"2151369660","1852209768","0.568056"
"1852209768","2167350691","0.0625"
"2167350691","1852209768","0.0625"
"1964331783","1968104634","0.0625"
"1968104634","1964331783","0.0625"
"1964331783","1994655805","0.0625"
"1994655805","1964331783","0.0625"
"1964331783","2051468257","0.0625"
"2051468257","1964331783","0.0625"
"1964331783","2061567674","0.1875"
"2061567674","1964331783","0.1875"
"1964331783","2062734663","0.0625"
"2062734663","1964331783","0.0625"
"1964331783","2070928147","0.1875"
"2070928147","1964331783","0.1875"
"1964331783","2121605000","0.0625"
"2121605000","1964331783","0.0625"
"1964331783","2151369660","0.1875"
"2151369660","1964331783","0.1875"
"1964331783","2167350691","0.0625"
"2167350691","1964331783","0.0625"
"1968104634","1994655805","0.0625"
"1994655805","1968104634","0.0625"
"1968104634","2024993655","0.542298"
"2024993655","1968104634","0.542298"
"1968104634","2033787075","0.618056"
"2033787075","1968104634","0.618056"
"1968104634","2051468257","13.1014"
"2051468257","1968104634","13.1014"
"1968104634","2056521113","0.708965"
"2056521113","1968104634","0.708965"
"1968104634","2061567674","0.118056"
"2061567674","1968104634","0.118056"
"1968104634","2062734663","0.0625"
"2062734663","1968104634","0.0625"
"1968104634","2070928147","0.775631"
"2070928147","1968104634","0.775631"
"1968104634","2116950833","0.875631"
"2116950833","1968104634","0.875631"
"1968104634","2121605000","0.618056"
"2121605000","1968104634","0.618056"
"1968104634","2131824717","0.0625"
"2131824717","1968104634","0.0625"
"1968104634","2151369660","1.68472"
"2151369660","1968104634","1.68472"
"1968104634","2167350691","0.0625"
"2167350691","1968104634","0.0625"
"1994655805","2024993655","1.0625"
"2024993655","1994655805","1.0625"
"1994655805","2033787075","0.0625"
"2033787075","1994655805","0.0625"
"1994655805","2051468257","0.0625"
"2051468257","1994655805","0.0625"
"1994655805","2056521113","1.5625"
"2056521113","1994655805","1.5625"
"1994655805","2061567674","3.0625"
"2061567674","1994655805","3.0625"
"1994655805","2062734663","0.0625"
"2062734663","1994655805","0.0625"
"1994655805","2070928147","0.0625"
"2070928147","1994655805","0.0625"
"1994655805","2116950833","1.0625"
"2116950833","1994655805","1.0625"
"1994655805","2121605000","4.8125"
"2121605000","1994655805","4.8125"
"1994655805","2131824717","0.0625"
"2131824717","1994655805","0.0625"
"1994655805","2151369660","0.0625"
"2151369660","1994655805","0.0625"
"1994655805","2167350691","0.0625"
"2167350691","1994655805","0.0625"
"2024993655","2051468257","0.451389"
"2051468257","2024993655","0.451389"
"2024993655","2061567674","0.118056"
"2061567674","2024993655","0.118056"
"2024993655","2062734663","0.0625"
"2062734663","2024993655","0.0625"
"2024993655","2070928147","0.208965"
"2070928147","2024993655","0.208965"
"2024993655","2121605000","0.118056"
"2121605000","2024993655","0.118056"
"2024993655","2131824717","0.229167"
"2131824717","2024993655","0.229167"
"2024993655","2151369660","0.118056"
"2151369660","2024993655","0.118056"
"2024993655","2167350691","0.0625"
"2167350691","2024993655","0.0625"
"2033787075","2051468257","0.118056"
"2051468257","2033787075","0.118056"
"2033787075","2056521113","0.118056"
"2056521113","2033787075","0.118056"
"2033787075","2061567674","0.368056"
"2061567674","2033787075","0.368056"
"2033787075","2062734663","0.0625"
"2062734663","2033787075","0.0625"
"2033787075","2070928147","0.568056"
"2070928147","2033787075","0.568056"
"2033787075","2121605000","0.118056"
"2121605000","2033787075","0.118056"
"2033787075","2151369660","0.568056"
"2151369660","2033787075","0.568056"
"2033787075","2167350691","0.0625"
"2167350691","2033787075","0.0625"
"2051468257","2056521113","0.118056"
"2056521113","2051468257","0.118056"
"2051468257","2061567674","0.118056"
"2061567674","2051468257","0.118056"
"2051468257","2062734663","0.0625"
"2062734663","2051468257","0.0625"
"2051468257","2070928147","0.518056"
"2070928147","2051468257","0.518056"
"2051468257","2116950833","0.451389"
"2116950833","2051468257","0.451389"
"2051468257","2121605000","0.118056"
"2121605000","2051468257","0.118056"
"2051468257","2131824717","0.0625"
"2131824717","2051468257","0.0625"
"2051468257","2151369660","0.518056"
"2151369660","2051468257","0.518056"
"2051468257","2167350691","0.0625"
"2167350691","2051468257","0.0625"
"2056521113","2062734663","0.0625"
"2062734663","2056521113","0.0625"
"2056521113","2070928147","0.208965"
"2070928147","2056521113","0.208965"
"2056521113","2121605000","1.11806"
"2121605000","2056521113","1.11806"
"2056521113","2131824717","0.0625"
"2131824717","2056521113","0.0625"
"2056521113","2151369660","0.368056"
"2151369660","2056521113","0.368056"
"2056521113","2167350691","0.0625"
"2167350691","2056521113","0.0625"
"2061567674","2062734663","0.0625"
"2062734663","2061567674","0.0625"
"2061567674","2070928147","0.701389"
"2070928147","2061567674","0.701389"
"2061567674","2116950833","0.118056"
"2116950833","2061567674","0.118056"
"2061567674","2121605000","2.11806"
"2121605000","2061567674","2.11806"
"2061567674","2131824717","0.3125"
"2131824717","2061567674","0.3125"
"2061567674","2151369660","0.618056"
"2151369660","2061567674","0.618056"
"2061567674","2167350691","0.0625"
"2167350691","2061567674","0.0625"
"2062734663","2070928147","0.0625"
"2070928147","2062734663","0.0625"
"2062734663","2116950833","0.0625"
"2116950833","2062734663","0.0625"
"2062734663","2121605000","0.0625"
"2121605000","2062734663","0.0625"
"2062734663","2131824717","0.0625"
"2131824717","2062734663","0.0625"
"2062734663","2151369660","0.0625"
"2151369660","2062734663","0.0625"
"2062734663","2167350691","5.5625"
"2167350691","2062734663","5.5625"
"2070928147","2116950833","0.601822"
"2116950833","2070928147","0.601822"
"2070928147","2121605000","0.118056"
"2121605000","2070928147","0.118056"
"2070928147","2131824717","0.3125"
"2131824717","2070928147","0.3125"
"2070928147","2151369660","9.56091"
"2151369660","2070928147","9.56091"
"2070928147","2167350691","0.0625"
"2167350691","2070928147","0.0625"
"2116950833","2121605000","0.118056"
"2121605000","2116950833","0.118056"
"2116950833","2131824717","0.229167"
"2131824717","2116950833","0.229167"
"2116950833","2151369660","0.510913"
"2151369660","2116950833","0.510913"
"2116950833","2167350691","0.0625"
"2167350691","2116950833","0.0625"
"2121605000","2131824717","0.0625"
"2131824717","2121605000","0.0625"
"2121605000","2151369660","0.118056"
"2151369660","2121605000","0.118056"
"2121605000","2167350691","0.0625"
"2167350691","2121605000","0.0625"
"2131824717","2151369660","0.3125"
"2151369660","2131824717","0.3125"
"2131824717","2167350691","0.0625"
"2167350691","2131824717","0.0625"
"2151369660","2167350691","0.0625"
"2167350691","2151369660","0.0625"
"1764479988","2292981139","0.0555556"
"2292981139","1764479988","0.0555556"
"1764479988","2293827945","0.0555556"
"2293827945","1764479988","0.0555556"
"1852209768","1969084565","0.0555556"
"1969084565","1852209768","0.0555556"
"1852209768","1969856465","0.0555556"
"1969856465","1852209768","0.0555556"
"1852209768","2051663596","0.0555556"
"2051663596","1852209768","0.0555556"
"1852209768","2138835817","0.305556"
"2138835817","1852209768","0.305556"
"1852209768","2165647619","0.180556"
"2165647619","1852209768","0.180556"
"1852209768","2292981139","0.505556"
"2292981139","1852209768","0.505556"
"1852209768","2293827945","0.0555556"
"2293827945","1852209768","0.0555556"
"1968104634","1969084565","0.896465"
"1969084565","1968104634","0.896465"
"1968104634","1969856465","0.963131"
"1969856465","1968104634","0.963131"
"1968104634","2051663596","1.47222"
"2051663596","1968104634","1.47222"
"1968104634","2138835817","0.0555556"
"2138835817","1968104634","0.0555556"
"1968104634","2165647619","0.0555556"
"2165647619","1968104634","0.0555556"
"1968104634","2292981139","0.713131"
"2292981139","1968104634","0.713131"
"1968104634","2293827945","0.146465"
"2293827945","1968104634","0.146465"
"1969084565","2051468257","0.305556"
"2051468257","1969084565","0.305556"
"1969084565","2061567674","0.555556"
"2061567674","1969084565","0.555556"
"1969084565","2070928147","1.20599"
"2070928147","1969084565","1.20599"
"1969084565","2121605000","0.0555556"
"2121605000","1969084565","0.0555556"
"1969084565","2151369660","0.615079"
"2151369660","1969084565","0.615079"
"1969084565","2165647619","0.0555556"
"2165647619","1969084565","0.0555556"
"1969084565","2293827945","0.146465"
"2293827945","1969084565","0.146465"
"1969856465","2051468257","0.705556"
"2051468257","1969856465","0.705556"
"1969856465","2056521113","0.146465"
"2056521113","1969856465","0.146465"
"1969856465","2061567674","0.0555556"
"2061567674","1969856465","0.0555556"
"1969856465","2070928147","2.63932"
"2070928147","1969856465","2.63932"
"1969856465","2121605000","0.0555556"
"2121605000","1969856465","0.0555556"
"1969856465","2151369660","1.54841"
"2151369660","1969856465","1.54841"
"1969856465","2165647619","0.0555556"
"2165647619","1969856465","0.0555556"
"1969856465","2293827945","0.146465"
"2293827945","1969856465","0.146465"
"2024993655","2165647619","0.388889"
"2165647619","2024993655","0.388889"
"2024993655","2292981139","0.479798"
"2292981139","2024993655","0.479798"
"2024993655","2293827945","0.146465"
"2293827945","2024993655","0.146465"
"2033787075","2165647619","0.180556"
"2165647619","2033787075","0.180556"
"2033787075","2293827945","0.0555556"
"2293827945","2033787075","0.0555556"
"2051468257","2051663596","0.305556"
"2051663596","2051468257","0.305556"
"2051468257","2138835817","0.0555556"
"2138835817","2051468257","0.0555556"
"2051468257","2165647619","0.0555556"
"2165647619","2051468257","0.0555556"
"2051468257","2292981139","0.455556"
"2292981139","2051468257","0.455556"
"2051468257","2293827945","0.0555556"
"2293827945","2051468257","0.0555556"
"2051663596","2061567674","0.555556"
"2061567674","2051663596","0.555556"
"2051663596","2070928147","1.31508"
"2070928147","2051663596","1.31508"
"2051663596","2121605000","0.0555556"
"2121605000","2051663596","0.0555556"
"2051663596","2151369660","0.815079"
"2151369660","2051663596","0.815079"
"2051663596","2165647619","0.0555556"
"2165647619","2051663596","0.0555556"
"2051663596","2292981139","0.565079"
"2292981139","2051663596","0.565079"
"2051663596","2293827945","0.0555556"
"2293827945","2051663596","0.0555556"
"2056521113","2292981139","1.14646"
"2292981139","2056521113","1.14646"
"2056521113","2293827945","0.396465"
"2293827945","2056521113","0.396465"
"2061567674","2138835817","0.638889"
"2138835817","2061567674","0.638889"
"2061567674","2292981139","0.305556"
"2292981139","2061567674","0.305556"
"2061567674","2293827945","1.63889"
"2293827945","2061567674","1.63889"
"2070928147","2138835817","2.73175"
"2138835817","2070928147","2.73175"
"2070928147","2165647619","0.180556"
"2165647619","2070928147","0.180556"
"2070928147","2292981139","3.33932"
"2292981139","2070928147","3.33932"
"2070928147","2293827945","1.2298"
"2293827945","2070928147","1.2298"
"2116950833","2165647619","0.388889"
"2165647619","2116950833","0.388889"
"2116950833","2292981139","2.95599"
"2292981139","2116950833","2.95599"
"2116950833","2293827945","0.146465"
"2293827945","2116950833","0.146465"
"2121605000","2138835817","0.0555556"
"2138835817","2121605000","0.0555556"
"2121605000","2165647619","1.72222"
"2165647619","2121605000","1.72222"
"2121605000","2292981139","0.0555556"
"2292981139","2121605000","0.0555556"
"2121605000","2293827945","0.0555556"
"2293827945","2121605000","0.0555556"
"2138835817","2151369660","1.39841"
"2151369660","2138835817","1.39841"
"2138835817","2165647619","0.180556"
"2165647619","2138835817","0.180556"
"2138835817","2293827945","0.638889"
"2293827945","2138835817","0.638889"
"2151369660","2165647619","0.180556"
"2165647619","2151369660","0.180556"
"2151369660","2292981139","3.24841"
"2292981139","2151369660","3.24841"
"2151369660","2293827945","1.05556"
"2293827945","2151369660","1.05556"
"2165647619","2292981139","0.180556"
"2292981139","2165647619","0.180556"
"2165647619","2293827945","0.0555556"
"2293827945","2165647619","0.0555556"
"2292981139","2293827945","0.146465"
"2293827945","2292981139","0.146465"
"1852209768","2271512023","0.2"
"2271512023","1852209768","0.2"
"2033787075","2271512023","0.2"
"2271512023","2033787075","0.2"
"2070928147","2271512023","0.290909"
"2271512023","2070928147","0.290909"
"2151369660","2271512023","0.2"
"2271512023","2151369660","0.2"
"2271512023","2292981139","0.790909"
"2292981139","2271512023","0.790909"
"1852209768","2017350707","1.75"
"2017350707","1852209768","1.75"
"2131824717","2165647619","0.125"
"2165647619","2131824717","0.125"
"1852209768","2952724156","1.25"
"2952724156","1852209768","1.25"
"1852209768","2077032037","0.5"
"2077032037","1852209768","0.5"
"2033787075","2077032037","0.666667"
"2077032037","2033787075","0.666667"
"1852209768","1991911060","1.25"
"1991911060","1852209768","1.25"
"1991911060","2017350707","0.25"
"2017350707","1991911060","0.25"
"1991911060","2952724156","0.25"
"2952724156","1991911060","0.25"
"1969856465","2131824717","0.166667"
"2131824717","1969856465","0.166667"
"1964331783","2293827945","1.5"
"2293827945","1964331783","1.5"
"2131824717","2293827945","0.5"
"2293827945","2131824717","0.5"
"1968104634","1991911060","0.424242"
"1991911060","1968104634","0.424242"
"1991911060","2116950833","0.424242"
"2116950833","1991911060","0.424242"
"1968104634","2271512023","0.0909091"
"2271512023","1968104634","0.0909091"
"1968104634","2616811626","0.0909091"
"2616811626","1968104634","0.0909091"
"1969084565","2271512023","0.0909091"
"2271512023","1969084565","0.0909091"
"1969084565","2616811626","0.0909091"
"2616811626","1969084565","0.0909091"
"1969856465","1991911060","2.25758"
"1991911060","1969856465","2.25758"
"1969856465","2271512023","1.59091"
"2271512023","1969856465","1.59091"
"1969856465","2616811626","0.0909091"
"2616811626","1969856465","0.0909091"
"1991911060","2024993655","0.0909091"
"2024993655","1991911060","0.0909091"
"1991911060","2056521113","0.0909091"
"2056521113","1991911060","0.0909091"
"1991911060","2070928147","0.0909091"
"2070928147","1991911060","0.0909091"
"1991911060","2271512023","0.0909091"
"2271512023","1991911060","0.0909091"
"1991911060","2293827945","0.0909091"
"2293827945","1991911060","0.0909091"
"1991911060","2616811626","0.0909091"
"2616811626","1991911060","0.0909091"
"2024993655","2271512023","0.0909091"
"2271512023","2024993655","0.0909091"
"2024993655","2616811626","0.0909091"
"2616811626","2024993655","0.0909091"
"2056521113","2271512023","0.0909091"
"2271512023","2056521113","0.0909091"
"2056521113","2616811626","0.0909091"
"2616811626","2056521113","0.0909091"
"2070928147","2616811626","0.0909091"
"2616811626","2070928147","0.0909091"
"2116950833","2271512023","1.59091"
"2271512023","2116950833","1.59091"
"2116950833","2616811626","0.590909"
"2616811626","2116950833","0.590909"
"2271512023","2293827945","0.0909091"
"2293827945","2271512023","0.0909091"
"2271512023","2616811626","0.590909"
"2616811626","2271512023","0.590909"
"2292981139","2616811626","0.0909091"
"2616811626","2292981139","0.0909091"
"2293827945","2616811626","0.0909091"
"2616811626","2293827945","0.0909091"
"1969084565","2062734663","1"
"2062734663","1969084565","1"
"1969084565","2077032037","0.166667"
"2077032037","1969084565","0.166667"
"1969084565","2111876445","0.333333"
"2111876445","1969084565","0.333333"
"1969856465","2077032037","0.166667"
"2077032037","1969856465","0.166667"
"1991911060","2077032037","0.166667"
"2077032037","1991911060","0.166667"
"1991911060","2111876445","0.166667"
"2111876445","1991911060","0.166667"
"2033787075","2111876445","0.333333"
"2111876445","2033787075","0.333333"
"2077032037","2111876445","0.166667"
"2111876445","2077032037","0.166667"
"2077032037","2292981139","0.166667"
"2292981139","2077032037","0.166667"
"2024993655","2111876445","0.166667"
"2111876445","2024993655","0.166667"
"2111876445","2116950833","0.166667"
"2116950833","2111876445","0.166667"
"1991911060","2062734663","1"
"2062734663","1991911060","1"
"1994655805","2165647619","4.66667"
"2165647619","1994655805","4.66667"
"1994655805","2100247763","2.83333"
"2100247763","1994655805","2.83333"
"2056521113","2100247763","0.25"
"2100247763","2056521113","0.25"
"2100247763","2121605000","2.83333"
"2121605000","2100247763","2.83333"
"2100247763","2165647619","0.5"
"2165647619","2100247763","0.5"
"2061567674","2100247763","0.583333"
"2100247763","2061567674","0.583333"
"1999968379","2126490564","14.5"
"2126490564","1999968379","14.5"
"1999968379","2165647619","0.5"
"2165647619","1999968379","0.5"
"2126490564","2165647619","0.5"
"2165647619","2126490564","0.5"
"1999968379","2293827945","1"
"2293827945","1999968379","1"
"2017350707","2293827945","0.75"
"2293827945","2017350707","0.75"
"2293827945","2952724156","0.5"
"2952724156","2293827945","0.5"
"2017350707","2070928147","0.25"
"2070928147","2017350707","0.25"
"2017350707","2151369660","0.25"
"2151369660","2017350707","0.25"
"2017350707","2061567674","0.333333"
"2061567674","2017350707","0.333333"
"2061567674","2952724156","0.333333"
"2952724156","2061567674","0.333333"
"2055239866","2077032037","7"
"2077032037","2055239866","7"
"2056521113","2990343759","0.25"
"2990343759","2056521113","0.25"
"2061567674","2990343759","0.25"
"2990343759","2061567674","0.25"
"2151369660","2990343759","0.25"
"2990343759","2151369660","0.25"
"2293827945","2990343759","0.25"
"2990343759","2293827945","0.25"
"2062734663","2293827945","0.5"
"2293827945","2062734663","0.5"
"2167350691","2293827945","0.5"
"2293827945","2167350691","0.5"
"2100247763","2293827945","1"
"2293827945","2100247763","1"
"2116950833","2591621978","1"
"2591621978","2116950833","1"
"2135916570","2293827945","2"
"2293827945","2135916570","2"
"2591621978","2990343759","1"
"2990343759","2591621978","1"
