"122233327","2123561513","0.833333"
"2123561513","122233327","0.833333"
"122233327","2164618618","0.833333"
"2164618618","122233327","0.833333"
"2123561513","2164618618","3.63016"
"2164618618","2123561513","3.63016"
"122233327","1571296607","0.333333"
"1571296607","122233327","0.333333"
"1571296607","2123561513","0.944444"
"2123561513","1571296607","0.944444"
"1571296607","2164618618","1.0873"
"2164618618","1571296607","1.0873"
"122233327","135913927","0.333333"
"135913927","122233327","0.333333"
"122233327","2039789840","0.333333"
"2039789840","122233327","0.333333"
"122233327","2040348939","0.333333"
"2040348939","122233327","0.333333"
"135913927","2039789840","2.3373"
"2039789840","135913927","2.3373"
"135913927","2040348939","1.00397"
"2040348939","135913927","1.00397"
"2039789840","2040348939","11.2492"
"2040348939","2039789840","11.2492"
"135913927","2042913039","1.67063"
"2042913039","135913927","1.67063"
"135913927","2102691197","0.25"
"2102691197","135913927","0.25"
"2039789840","2042913039","1.90635"
"2042913039","2039789840","1.90635"
"2039789840","2102691197","0.25"
"2102691197","2039789840","0.25"
"2040348939","2042913039","2.90635"
"2042913039","2040348939","2.90635"
"2040348939","2102691197","0.25"
"2102691197","2040348939","0.25"
"2042913039","2102691197","0.25"
"2102691197","2042913039","0.25"
"135913927","1571296607","0.111111"
"1571296607","135913927","0.111111"
"135913927","2053653724","0.111111"
"2053653724","135913927","0.111111"
"135913927","2059554611","1.75397"
"2059554611","135913927","1.75397"
"135913927","2065758089","0.753968"
"2065758089","135913927","0.753968"
"135913927","2123561513","0.253968"
"2123561513","135913927","0.253968"
"135913927","2164618618","0.420635"
"2164618618","135913927","0.420635"
"1571296607","2039789840","0.253968"
"2039789840","1571296607","0.253968"
"1571296607","2040348939","0.253968"
"2040348939","1571296607","0.253968"
"1571296607","2042913039","0.253968"
"2042913039","1571296607","0.253968"
"1571296607","2053653724","0.111111"
"2053653724","1571296607","0.111111"
"1571296607","2059554611","0.253968"
"2059554611","1571296607","0.253968"
"1571296607","2065758089","0.253968"
"2065758089","1571296607","0.253968"
"2039789840","2053653724","0.587302"
"2053653724","2039789840","0.587302"
"2039789840","2059554611","3.29921"
"2059554611","2039789840","3.29921"
"2039789840","2065758089","1.96587"
"2065758089","2039789840","1.96587"
"2039789840","2123561513","1.96349"
"2123561513","2039789840","1.96349"
"2039789840","2164618618","2.41587"
"2164618618","2039789840","2.41587"
"2040348939","2053653724","0.253968"
"2053653724","2040348939","0.253968"
"2040348939","2059554611","1.29921"
"2059554611","2040348939","1.29921"
"2040348939","2065758089","1.29921"
"2065758089","2040348939","1.29921"
"2040348939","2123561513","3.63016"
"2123561513","2040348939","3.63016"
"2040348939","2164618618","2.08254"
"2164618618","2040348939","2.08254"
"2042913039","2053653724","1.11111"
"2053653724","2042913039","1.11111"
"2042913039","2059554611","1.95635"
"2059554611","2042913039","1.95635"
"2042913039","2065758089","1.95635"
"2065758089","2042913039","1.95635"
"2042913039","2123561513","4.09683"
"2123561513","2042913039","4.09683"
"2042913039","2164618618","1.40635"
"2164618618","2042913039","1.40635"
"2053653724","2059554611","0.253968"
"2059554611","2053653724","0.253968"
"2053653724","2065758089","0.253968"
"2065758089","2053653724","0.253968"
"2053653724","2123561513","0.611111"
"2123561513","2053653724","0.611111"
"2053653724","2164618618","0.253968"
"2164618618","2053653724","0.253968"
"2059554611","2065758089","15.2992"
"2065758089","2059554611","15.2992"
"2059554611","2123561513","2.76349"
"2123561513","2059554611","2.76349"
"2059554611","2164618618","1.71587"
"2164618618","2059554611","1.71587"
"2065758089","2123561513","3.43016"
"2123561513","2065758089","3.43016"
"2065758089","2164618618","1.38254"
"2164618618","2065758089","1.38254"
"135913927","2612964472","1"
"2612964472","135913927","1"
"143108415","2102959828","0.333333"
"2102959828","143108415","0.333333"
"143108415","2111499122","0.333333"
"2111499122","143108415","0.333333"
"143108415","2119956568","0.333333"
"2119956568","143108415","0.333333"
"2102959828","2111499122","2.33333"
"2111499122","2102959828","2.33333"
"2102959828","2119956568","6.33333"
"2119956568","2102959828","6.33333"
"2111499122","2119956568","0.666667"
"2119956568","2111499122","0.666667"
"143195705","1967765703","4"
"1967765703","143195705","4"
"143195705","2104975036","1.5"
"2104975036","143195705","1.5"
"143195705","2104023883","1.5"
"2104023883","143195705","1.5"
"143195705","2029500199","0.5"
"2029500199","143195705","0.5"
"143195705","2059387258","0.5"
"2059387258","143195705","0.5"
"2029500199","2059387258","8.28333"
"2059387258","2029500199","8.28333"
"2104023883","2104975036","1.98333"
"2104975036","2104023883","1.98333"
"1480473678","1579083484","14.5"
"1579083484","1480473678","14.5"
"1480473678","2038378248","0.5"
"2038378248","1480473678","0.5"
"1579083484","2038378248","0.5"
"2038378248","1579083484","0.5"
"1487227972","1623511323","0.910256"
"1623511323","1487227972","0.910256"
"1487227972","1638026557","0.71978"
"1638026557","1487227972","0.71978"
"1487227972","2147100344","0.71978"
"2147100344","1487227972","0.71978"
"1623511323","1638026557","0.910256"
"1638026557","1623511323","0.910256"
"1623511323","2147100344","0.410256"
"2147100344","1623511323","0.410256"
"1638026557","2147100344","0.71978"
"2147100344","1638026557","0.71978"
"1487227972","1495898622","0.142857"
"1495898622","1487227972","0.142857"
"1487227972","1539734885","0.21978"
"1539734885","1487227972","0.21978"
"1487227972","1802447419","0.142857"
"1802447419","1487227972","0.142857"
"1487227972","2170188121","0.142857"
"2170188121","1487227972","0.142857"
"1487227972","2201622286","0.142857"
"2201622286","1487227972","0.142857"
"1495898622","1539734885","0.142857"
"1539734885","1495898622","0.142857"
"1495898622","1638026557","0.142857"
"1638026557","1495898622","0.142857"
"1495898622","1802447419","0.142857"
"1802447419","1495898622","0.142857"
"1495898622","2147100344","0.142857"
"2147100344","1495898622","0.142857"
"1495898622","2170188121","0.142857"
"2170188121","1495898622","0.142857"
"1495898622","2201622286","0.142857"
"2201622286","1495898622","0.142857"
"1539734885","1638026557","3.41978"
"1638026557","1539734885","3.41978"
"1539734885","1802447419","0.309524"
"1802447419","1539734885","0.309524"
"1539734885","2147100344","0.21978"
"2147100344","1539734885","0.21978"
"1539734885","2170188121","0.142857"
"2170188121","1539734885","0.142857"
"1539734885","2201622286","0.309524"
"2201622286","1539734885","0.309524"
"1638026557","1802447419","1.26349"
"1802447419","1638026557","1.26349"
"1638026557","2170188121","0.142857"
"2170188121","1638026557","0.142857"
"1638026557","2201622286","1.59683"
"2201622286","1638026557","1.59683"
"1802447419","2147100344","0.142857"
"2147100344","1802447419","0.142857"
"1802447419","2170188121","0.142857"
"2170188121","1802447419","0.142857"
"1802447419","2201622286","10.0135"
"2201622286","1802447419","10.0135"
"2147100344","2170188121","0.142857"
"2170188121","2147100344","0.142857"
"2147100344","2201622286","0.142857"
"2201622286","2147100344","0.142857"
"2170188121","2201622286","0.142857"
"2201622286","2170188121","0.142857"
"1487227972","2112719612","0.910256"
"2112719612","1487227972","0.910256"
"1487227972","2122416857","0.5"
"2122416857","1487227972","0.5"
"2112719612","2122416857","0.5"
"2122416857","2112719612","0.5"
"1487227972","1545288376","0.833333"
"1545288376","1487227972","0.833333"
"1545288376","1623511323","1.5"
"1623511323","1545288376","1.5"
"1487227972","1494307597","0.0769231"
"1494307597","1487227972","0.0769231"
"1487227972","1529264355","1.91026"
"1529264355","1487227972","1.91026"
"1487227972","1671881141","0.0769231"
"1671881141","1487227972","0.0769231"
"1487227972","2024797550","0.0769231"
"2024797550","1487227972","0.0769231"
"1487227972","2051228475","0.410256"
"2051228475","1487227972","0.410256"
"1487227972","2075476359","0.24359"
"2075476359","1487227972","0.24359"
"1487227972","2138618491","0.0769231"
"2138618491","1487227972","0.0769231"
"1487227972","2156543375","0.0769231"
"2156543375","1487227972","0.0769231"
"1494307597","1529264355","0.188034"
"1529264355","1494307597","0.188034"
"1494307597","1539734885","0.276923"
"1539734885","1494307597","0.276923"
"1494307597","1623511323","0.576923"
"1623511323","1494307597","0.576923"
"1494307597","1638026557","0.388034"
"1638026557","1494307597","0.388034"
"1494307597","1671881141","0.0769231"
"1671881141","1494307597","0.0769231"
"1494307597","2024797550","0.451923"
"2024797550","1494307597","0.451923"
"1494307597","2051228475","0.188034"
"2051228475","1494307597","0.188034"
"1494307597","2075476359","0.0769231"
"2075476359","1494307597","0.0769231"
"1494307597","2112719612","1.38803"
"2112719612","1494307597","1.38803"
"1494307597","2138618491","1.07692"
"2138618491","1494307597","1.07692"
"1494307597","2147100344","0.0769231"
"2147100344","1494307597","0.0769231"
"1494307597","2156543375","0.0769231"
"2156543375","1494307597","0.0769231"
"1529264355","1539734885","0.24359"
"1539734885","1529264355","0.24359"
"1529264355","1623511323","0.0769231"
"1623511323","1529264355","0.0769231"
"1529264355","1638026557","0.697558"
"1638026557","1529264355","0.697558"
"1529264355","1671881141","1.07692"
"1671881141","1529264355","1.07692"
"1529264355","2024797550","0.0769231"
"2024797550","1529264355","0.0769231"
"1529264355","2051228475","1.03089"
"2051228475","1529264355","1.03089"
"1529264355","2075476359","0.24359"
"2075476359","1529264355","0.24359"
"1529264355","2112719612","0.521368"
"2112719612","1529264355","0.521368"
"1529264355","2138618491","0.0769231"
"2138618491","1529264355","0.0769231"
"1529264355","2147100344","0.24359"
"2147100344","1529264355","0.24359"
"1529264355","2156543375","0.0769231"
"2156543375","1529264355","0.0769231"
"1539734885","1623511323","0.0769231"
"1623511323","1539734885","0.0769231"
"1539734885","1671881141","0.0769231"
"1671881141","1539734885","0.0769231"
"1539734885","2024797550","0.0769231"
"2024797550","1539734885","0.0769231"
"1539734885","2051228475","0.24359"
"2051228475","1539734885","0.24359"
"1539734885","2075476359","0.0769231"
"2075476359","1539734885","0.0769231"
"1539734885","2112719612","0.276923"
"2112719612","1539734885","0.276923"
"1539734885","2138618491","0.0769231"
"2138618491","1539734885","0.0769231"
"1539734885","2156543375","0.0769231"
"2156543375","1539734885","0.0769231"
"1623511323","1671881141","0.0769231"
"1671881141","1623511323","0.0769231"
"1623511323","2024797550","0.0769231"
"2024797550","1623511323","0.0769231"
"1623511323","2051228475","0.0769231"
"2051228475","1623511323","0.0769231"
"1623511323","2075476359","0.0769231"
"2075476359","1623511323","0.0769231"
"1623511323","2112719612","1.57692"
"2112719612","1623511323","1.57692"
"1623511323","2138618491","0.0769231"
"2138618491","1623511323","0.0769231"
"1623511323","2156543375","0.0769231"
"2156543375","1623511323","0.0769231"
"1638026557","1671881141","0.526923"
"1671881141","1638026557","0.526923"
"1638026557","2024797550","0.0769231"
"2024797550","1638026557","0.0769231"
"1638026557","2051228475","1.53089"
"2051228475","1638026557","1.53089"
"1638026557","2075476359","0.24359"
"2075476359","1638026557","0.24359"
"1638026557","2112719612","6.38803"
"2112719612","1638026557","6.38803"
"1638026557","2138618491","0.0769231"
"2138618491","1638026557","0.0769231"
"1638026557","2156543375","0.0769231"
"2156543375","1638026557","0.0769231"
"1671881141","2024797550","0.0769231"
"2024797550","1671881141","0.0769231"
"1671881141","2051228475","0.0769231"
"2051228475","1671881141","0.0769231"
"1671881141","2075476359","0.0769231"
"2075476359","1671881141","0.0769231"
"1671881141","2112719612","0.0769231"
"2112719612","1671881141","0.0769231"
"1671881141","2138618491","0.0769231"
"2138618491","1671881141","0.0769231"
"1671881141","2147100344","0.0769231"
"2147100344","1671881141","0.0769231"
"1671881141","2156543375","0.0769231"
"2156543375","1671881141","0.0769231"
"2024797550","2051228475","0.0769231"
"2051228475","2024797550","0.0769231"
"2024797550","2075476359","0.0769231"
"2075476359","2024797550","0.0769231"
"2024797550","2112719612","0.0769231"
"2112719612","2024797550","0.0769231"
"2024797550","2138618491","0.0769231"
"2138618491","2024797550","0.0769231"
"2024797550","2147100344","0.0769231"
"2147100344","2024797550","0.0769231"
"2024797550","2156543375","0.0769231"
"2156543375","2024797550","0.0769231"
"2051228475","2075476359","0.0769231"
"2075476359","2051228475","0.0769231"
"2051228475","2112719612","0.188034"
"2112719612","2051228475","0.188034"
"2051228475","2138618491","0.0769231"
"2138618491","2051228475","0.0769231"
"2051228475","2147100344","0.0769231"
"2147100344","2051228475","0.0769231"
"2051228475","2156543375","0.0769231"
"2156543375","2051228475","0.0769231"
"2075476359","2112719612","0.0769231"
"2112719612","2075476359","0.0769231"
"2075476359","2138618491","0.0769231"
"2138618491","2075476359","0.0769231"
"2075476359","2147100344","0.24359"
"2147100344","2075476359","0.24359"
"2075476359","2156543375","0.0769231"
"2156543375","2075476359","0.0769231"
"2112719612","2138618491","0.0769231"
"2138618491","2112719612","0.0769231"
"2112719612","2147100344","0.0769231"
"2147100344","2112719612","0.0769231"
"2112719612","2156543375","0.0769231"
"2156543375","2112719612","0.0769231"
"2138618491","2147100344","0.0769231"
"2147100344","2138618491","0.0769231"
"2138618491","2156543375","0.0769231"
"2156543375","2138618491","0.0769231"
"2147100344","2156543375","0.0769231"
"2156543375","2147100344","0.0769231"
"1487227972","1973097187","0.333333"
"1973097187","1487227972","0.333333"
"1529264355","1973097187","0.892857"
"1973097187","1529264355","0.892857"
"1973097187","2051228475","0.642857"
"2051228475","1973097187","0.642857"
"1529264355","1545288376","0.333333"
"1545288376","1529264355","0.333333"
"1545288376","2112719612","0.333333"
"2112719612","1545288376","0.333333"
"1487227972","2143275903","0.166667"
"2143275903","1487227972","0.166667"
"1487227972","2150721933","0.166667"
"2150721933","1487227972","0.166667"
"1529264355","2143275903","0.166667"
"2143275903","1529264355","0.166667"
"1529264355","2150721933","0.47619"
"2150721933","1529264355","0.47619"
"1638026557","2143275903","0.166667"
"2143275903","1638026557","0.166667"
"1638026557","2150721933","0.309524"
"2150721933","1638026557","0.309524"
"2075476359","2143275903","0.166667"
"2143275903","2075476359","0.166667"
"2075476359","2150721933","0.166667"
"2150721933","2075476359","0.166667"
"2143275903","2147100344","0.166667"
"2147100344","2143275903","0.166667"
"2143275903","2150721933","0.166667"
"2150721933","2143275903","0.166667"
"2147100344","2150721933","1.16667"
"2150721933","2147100344","1.16667"
"1487929601","2010454887","7.83333"
"2010454887","1487929601","7.83333"
"1487929601","2029500199","0.333333"
"2029500199","1487929601","0.333333"
"1487929601","2059387258","0.333333"
"2059387258","1487929601","0.333333"
"2010454887","2029500199","0.533333"
"2029500199","2010454887","0.533333"
"2010454887","2059387258","0.533333"
"2059387258","2010454887","0.533333"
"1487929601","1562973422","0.5"
"1562973422","1487929601","0.5"
"1562973422","2010454887","0.5"
"2010454887","1562973422","0.5"
"1494307597","1556731622","0.708333"
"1556731622","1494307597","0.708333"
"1494307597","2131165411","0.583333"
"2131165411","1494307597","0.583333"
"1494307597","2152389926","0.375"
"2152389926","1494307597","0.375"
"1556731622","2024797550","0.375"
"2024797550","1556731622","0.375"
"1556731622","2131165411","4.69167"
"2131165411","1556731622","4.69167"
"1556731622","2152389926","3.68333"
"2152389926","1556731622","3.68333"
"2024797550","2131165411","0.25"
"2131165411","2024797550","0.25"
"2024797550","2152389926","0.375"
"2152389926","2024797550","0.375"
"2131165411","2152389926","1.35833"
"2152389926","2131165411","1.35833"
"1494307597","2079794012","0.333333"
"2079794012","1494307597","0.333333"
"1556731622","2079794012","0.583333"
"2079794012","1556731622","0.583333"
"2079794012","2131165411","0.333333"
"2131165411","2079794012","0.333333"
"1494307597","2133140186","0.5"
"2133140186","1494307597","0.5"
"2112719612","2133140186","0.5"
"2133140186","2112719612","0.5"
"1494307597","2117849706","0.311111"
"2117849706","1494307597","0.311111"
"1494307597","2148003754","0.436111"
"2148003754","1494307597","0.436111"
"1539734885","2117849706","0.2"
"2117849706","1539734885","0.2"
"1539734885","2148003754","0.2"
"2148003754","1539734885","0.2"
"1638026557","2117849706","3.81111"
"2117849706","1638026557","3.81111"
"1638026557","2148003754","0.311111"
"2148003754","1638026557","0.311111"
"2112719612","2117849706","6.31111"
"2117849706","2112719612","6.31111"
"2112719612","2148003754","0.311111"
"2148003754","2112719612","0.311111"
"2117849706","2148003754","0.311111"
"2148003754","2117849706","0.311111"
"1494307597","1572120187","0.125"
"1572120187","1494307597","0.125"
"1494307597","1648759563","0.125"
"1648759563","1494307597","0.125"
"1494307597","1987272746","0.125"
"1987272746","1494307597","0.125"
"1494307597","2158447492","0.125"
"2158447492","1494307597","0.125"
"1556731622","1572120187","0.325"
"1572120187","1556731622","0.325"
"1556731622","1648759563","1.525"
"1648759563","1556731622","1.525"
"1556731622","1987272746","0.125"
"1987272746","1556731622","0.125"
"1556731622","2148003754","0.95"
"2148003754","1556731622","0.95"
"1556731622","2158447492","0.825"
"2158447492","1556731622","0.825"
"1572120187","1648759563","0.125"
"1648759563","1572120187","0.125"
"1572120187","1987272746","0.625"
"1987272746","1572120187","0.625"
"1572120187","2024797550","0.625"
"2024797550","1572120187","0.625"
"1572120187","2148003754","0.125"
"2148003754","1572120187","0.125"
"1572120187","2152389926","0.325"
"2152389926","1572120187","0.325"
"1572120187","2158447492","0.125"
"2158447492","1572120187","0.125"
"1648759563","1987272746","0.125"
"1987272746","1648759563","0.125"
"1648759563","2024797550","0.125"
"2024797550","1648759563","0.125"
"1648759563","2148003754","0.908333"
"2148003754","1648759563","0.908333"
"1648759563","2152389926","0.775"
"2152389926","1648759563","0.775"
"1648759563","2158447492","2.15833"
"2158447492","1648759563","2.15833"
"1987272746","2024797550","0.625"
"2024797550","1987272746","0.625"
"1987272746","2148003754","0.125"
"2148003754","1987272746","0.125"
"1987272746","2152389926","0.125"
"2152389926","1987272746","0.125"
"1987272746","2158447492","0.458333"
"2158447492","1987272746","0.458333"
"2024797550","2148003754","0.125"
"2148003754","2024797550","0.125"
"2024797550","2158447492","0.125"
"2158447492","2024797550","0.125"
"2148003754","2152389926","0.95"
"2152389926","2148003754","0.95"
"2148003754","2158447492","0.958333"
"2158447492","2148003754","0.958333"
"2152389926","2158447492","0.825"
"2158447492","2152389926","0.825"
"1494307597","1802447419","0.111111"
"1802447419","1494307597","0.111111"
"1494307597","2060579849","0.111111"
"2060579849","1494307597","0.111111"
"1494307597","2201622286","0.111111"
"2201622286","1494307597","0.111111"
"1529264355","1802447419","1.20397"
"1802447419","1529264355","1.20397"
"1529264355","2060579849","3.70397"
"2060579849","1529264355","3.70397"
"1529264355","2117849706","0.111111"
"2117849706","1529264355","0.111111"
"1529264355","2148003754","0.111111"
"2148003754","1529264355","0.111111"
"1529264355","2201622286","1.20397"
"2201622286","1529264355","1.20397"
"1638026557","2060579849","0.787302"
"2060579849","1638026557","0.787302"
"1802447419","2051228475","1.7873"
"2051228475","1802447419","1.7873"
"1802447419","2060579849","1.20397"
"2060579849","1802447419","1.20397"
"1802447419","2112719612","0.111111"
"2112719612","1802447419","0.111111"
"1802447419","2117849706","0.111111"
"2117849706","1802447419","0.111111"
"1802447419","2148003754","0.111111"
"2148003754","1802447419","0.111111"
"2051228475","2060579849","0.787302"
"2060579849","2051228475","0.787302"
"2051228475","2117849706","0.111111"
"2117849706","2051228475","0.111111"
"2051228475","2148003754","0.111111"
"2148003754","2051228475","0.111111"
"2051228475","2201622286","2.12064"
"2201622286","2051228475","2.12064"
"2060579849","2112719612","0.111111"
"2112719612","2060579849","0.111111"
"2060579849","2117849706","0.111111"
"2117849706","2060579849","0.111111"
"2060579849","2148003754","0.111111"
"2148003754","2060579849","0.111111"
"2060579849","2201622286","1.5373"
"2201622286","2060579849","1.5373"
"2112719612","2201622286","0.111111"
"2201622286","2112719612","0.111111"
"2117849706","2201622286","0.111111"
"2201622286","2117849706","0.111111"
"2148003754","2201622286","0.111111"
"2201622286","2148003754","0.111111"
"1495898622","1564059483","0.783333"
"1564059483","1495898622","0.783333"
"1495898622","2016892599","1.28333"
"2016892599","1495898622","1.28333"
"1495898622","2023657004","0.783333"
"2023657004","1495898622","0.783333"
"1564059483","2016892599","6.04286"
"2016892599","1564059483","6.04286"
"1564059483","2023657004","1.45"
"2023657004","1564059483","1.45"
"2016892599","2023657004","3.28333"
"2023657004","2016892599","3.28333"
"1495898622","1671881141","2.2"
"1671881141","1495898622","2.2"
"1495898622","2123457650","0.2"
"2123457650","1495898622","0.2"
"1564059483","1671881141","0.2"
"1671881141","1564059483","0.2"
"1564059483","2123457650","0.45"
"2123457650","1564059483","0.45"
"1671881141","2016892599","0.2"
"2016892599","1671881141","0.2"
"1671881141","2023657004","0.2"
"2023657004","1671881141","0.2"
"1671881141","2123457650","0.2"
"2123457650","1671881141","0.2"
"2016892599","2123457650","0.2"
"2123457650","2016892599","0.2"
"2023657004","2123457650","0.2"
"2123457650","2023657004","0.2"
"1495898622","2112719612","1"
"2112719612","1495898622","1"
"1495898622","2059387258","0.5"
"2059387258","1495898622","0.5"
"2016892599","2059387258","0.5"
"2059387258","2016892599","0.5"
"1495898622","2141359307","0.25"
"2141359307","1495898622","0.25"
"1564059483","2141359307","0.866667"
"2141359307","1564059483","0.866667"
"2016892599","2141359307","0.866667"
"2141359307","2016892599","0.866667"
"2023657004","2141359307","0.416667"
"2141359307","2023657004","0.416667"
"1495898622","1545288376","1"
"1545288376","1495898622","1"
"1496255159","1584070893","0.616667"
"1584070893","1496255159","0.616667"
"1496255159","1974554406","0.416667"
"1974554406","1496255159","0.416667"
"1496255159","2001977275","1.5"
"2001977275","1496255159","1.5"
"1496255159","2013922699","0.616667"
"2013922699","1496255159","0.616667"
"1496255159","2090111889","0.166667"
"2090111889","1496255159","0.166667"
"1496255159","2562389319","1.11667"
"2562389319","1496255159","1.11667"
"1584070893","1974554406","0.777778"
"1974554406","1584070893","0.777778"
"1584070893","2001977275","2.27778"
"2001977275","1584070893","2.27778"
"1584070893","2013922699","3.89444"
"2013922699","1584070893","3.89444"
"1584070893","2090111889","1.41667"
"2090111889","1584070893","1.41667"
"1584070893","2562389319","3.14444"
"2562389319","1584070893","3.14444"
"1974554406","2001977275","1.77778"
"2001977275","1974554406","1.77778"
"1974554406","2013922699","1.52778"
"2013922699","1974554406","1.52778"
"1974554406","2090111889","0.166667"
"2090111889","1974554406","0.166667"
"1974554406","2562389319","0.527778"
"2562389319","1974554406","0.527778"
"2001977275","2013922699","2.02778"
"2013922699","2001977275","2.02778"
"2001977275","2090111889","0.166667"
"2090111889","2001977275","0.166667"
"2001977275","2562389319","2.02778"
"2562389319","2001977275","2.02778"
"2013922699","2090111889","0.416667"
"2090111889","2013922699","0.416667"
"2013922699","2562389319","1.64444"
"2562389319","2013922699","1.64444"
"2090111889","2562389319","0.166667"
"2562389319","2090111889","0.166667"
"1496255159","2612964472","3.34286"
"2612964472","1496255159","3.34286"
"1496255159","2053653724","1.67619"
"2053653724","1496255159","1.67619"
"1584070893","2053653724","0.727778"
"2053653724","1584070893","0.727778"
"1584070893","2612964472","0.561111"
"2612964472","1584070893","0.561111"
"2013922699","2053653724","0.894444"
"2053653724","2013922699","0.894444"
"2013922699","2612964472","0.894444"
"2612964472","2013922699","0.894444"
"2053653724","2562389319","1.56111"
"2562389319","2053653724","1.56111"
"2053653724","2612964472","0.787302"
"2612964472","2053653724","0.787302"
"2562389319","2612964472","2.31111"
"2612964472","2562389319","2.31111"
"1496255159","782622320","0.333333"
"782622320","1496255159","0.333333"
"2001977275","2053653724","0.944444"
"2053653724","2001977275","0.944444"
"2001977275","782622320","0.944444"
"782622320","2001977275","0.944444"
"2053653724","782622320","0.444444"
"782622320","2053653724","0.444444"
"1496255159","2101620066","1"
"2101620066","1496255159","1"
"1974554406","2053653724","0.527778"
"2053653724","1974554406","0.527778"
"1496255159","2039789840","0.142857"
"2039789840","1496255159","0.142857"
"1496255159","2040348939","0.142857"
"2040348939","1496255159","0.142857"
"1496255159","2059554611","0.142857"
"2059554611","1496255159","0.142857"
"1496255159","2065758089","0.142857"
"2065758089","1496255159","0.142857"
"1496255159","2164618618","0.142857"
"2164618618","1496255159","0.142857"
"2039789840","2612964472","0.809524"
"2612964472","2039789840","0.809524"
"2040348939","2612964472","0.142857"
"2612964472","2040348939","0.142857"
"2059554611","2612964472","0.97619"
"2612964472","2059554611","0.97619"
"2065758089","2612964472","0.97619"
"2612964472","2065758089","0.97619"
"2164618618","2612964472","0.142857"
"2612964472","2164618618","0.142857"
"2001977275","2612964472","1.36111"
"2612964472","2001977275","1.36111"
"1496255159","2123561513","0.5"
"2123561513","1496255159","0.5"
"1802447419","1973097187","0.559524"
"1973097187","1802447419","0.559524"
"1973097187","2060579849","0.392857"
"2060579849","1973097187","0.392857"
"1973097187","2201622286","0.559524"
"2201622286","1973097187","0.559524"
"1638026557","1973097187","0.142857"
"1973097187","1638026557","0.142857"
"1802447419","2150721933","0.809524"
"2150721933","1802447419","0.809524"
"1973097187","2150721933","0.309524"
"2150721933","1973097187","0.309524"
"2051228475","2150721933","1.30952"
"2150721933","2051228475","1.30952"
"2060579849","2150721933","0.142857"
"2150721933","2060579849","0.142857"
"2150721933","2201622286","0.809524"
"2201622286","2150721933","0.809524"
"1529264355","1562973422","0.333333"
"1562973422","1529264355","0.333333"
"1562973422","1802447419","1.33333"
"1802447419","1562973422","1.33333"
"1562973422","2201622286","0.666667"
"2201622286","1562973422","0.666667"
"1539734885","1973097187","1.16667"
"1973097187","1539734885","1.16667"
"1539734885","2150721933","0.166667"
"2150721933","1539734885","0.166667"
"1537198575","2005099092","0.166667"
"2005099092","1537198575","0.166667"
"1537198575","2048071586","0.166667"
"2048071586","1537198575","0.166667"
"1537198575","2051699256","0.166667"
"2051699256","1537198575","0.166667"
"1537198575","2053728555","0.166667"
"2053728555","1537198575","0.166667"
"1537198575","2126356880","2.66667"
"2126356880","1537198575","2.66667"
"1537198575","2161351872","0.166667"
"2161351872","1537198575","0.166667"
"2005099092","2048071586","1.69444"
"2048071586","2005099092","1.69444"
"2005099092","2051699256","0.277778"
"2051699256","2005099092","0.277778"
"2005099092","2053728555","0.277778"
"2053728555","2005099092","0.277778"
"2005099092","2126356880","0.166667"
"2126356880","2005099092","0.166667"
"2005099092","2161351872","0.277778"
"2161351872","2005099092","0.277778"
"2048071586","2051699256","0.277778"
"2051699256","2048071586","0.277778"
"2048071586","2053728555","1.77778"
"2053728555","2048071586","1.77778"
"2048071586","2126356880","0.166667"
"2126356880","2048071586","0.166667"
"2048071586","2161351872","0.277778"
"2161351872","2048071586","0.277778"
"2051699256","2053728555","0.277778"
"2053728555","2051699256","0.277778"
"2051699256","2126356880","0.166667"
"2126356880","2051699256","0.166667"
"2051699256","2161351872","10.4206"
"2161351872","2051699256","10.4206"
"2053728555","2126356880","0.5"
"2126356880","2053728555","0.5"
"2053728555","2161351872","0.277778"
"2161351872","2053728555","0.277778"
"2126356880","2161351872","0.166667"
"2161351872","2126356880","0.166667"
"1537198575","2134074214","0.5"
"2134074214","1537198575","0.5"
"2126356880","2134074214","0.5"
"2134074214","2126356880","0.5"
"1539734885","2119956568","0.5"
"2119956568","1539734885","0.5"
"1539734885","2160392285","0.5"
"2160392285","1539734885","0.5"
"2119956568","2160392285","4.33333"
"2160392285","2119956568","4.33333"
"1539734885","2106245372","0.333333"
"2106245372","1539734885","0.333333"
"1539734885","2126113943","0.333333"
"2126113943","1539734885","0.333333"
"1539734885","2133843880","0.333333"
"2133843880","1539734885","0.333333"
"2106245372","2126113943","0.333333"
"2126113943","2106245372","0.333333"
"2106245372","2133843880","5.48333"
"2133843880","2106245372","5.48333"
"2126113943","2133843880","0.333333"
"2133843880","2126113943","0.333333"
"1540370049","2027807428","15.6667"
"2027807428","1540370049","15.6667"
"1540370049","2137689664","6.66667"
"2137689664","1540370049","6.66667"
"2027807428","2137689664","6.66667"
"2137689664","2027807428","6.66667"
"1540370049","1966385196","0.916667"
"1966385196","1540370049","0.916667"
"1966385196","2027807428","0.916667"
"2027807428","1966385196","0.916667"
"1966385196","2137689664","0.916667"
"2137689664","1966385196","0.916667"
"1540370049","2104023883","0.333333"
"2104023883","1540370049","0.333333"
"2027807428","2104023883","0.333333"
"2104023883","2027807428","0.333333"
"2104023883","2137689664","0.333333"
"2137689664","2104023883","0.333333"
"1540370049","2186028812","0.333333"
"2186028812","1540370049","0.333333"
"2027807428","2186028812","0.333333"
"2186028812","2027807428","0.333333"
"2137689664","2186028812","0.333333"
"2186028812","2137689664","0.333333"
"1540370049","2100721895","0.25"
"2100721895","1540370049","0.25"
"1966385196","2100721895","0.25"
"2100721895","1966385196","0.25"
"2027807428","2100721895","0.25"
"2100721895","2027807428","0.25"
"2100721895","2137689664","0.25"
"2137689664","2100721895","0.25"
"1540370049","2109336985","0.333333"
"2109336985","1540370049","0.333333"
"2027807428","2109336985","0.333333"
"2109336985","2027807428","0.333333"
"2109336985","2137689664","0.333333"
"2137689664","2109336985","0.333333"
"1540370049","1973355801","0.25"
"1973355801","1540370049","0.25"
"1540370049","2136390693","0.25"
"2136390693","1540370049","0.25"
"1973355801","2027807428","0.25"
"2027807428","1973355801","0.25"
"1973355801","2136390693","0.25"
"2136390693","1973355801","0.25"
"1973355801","2137689664","0.25"
"2137689664","1973355801","0.25"
"2027807428","2136390693","0.25"
"2136390693","2027807428","0.25"
"2136390693","2137689664","0.25"
"2137689664","2136390693","0.25"
"1545288376","1603638441","1"
"1603638441","1545288376","1"
"1545288376","2168924255","2.25"
"2168924255","1545288376","2.25"
"1603638441","2168924255","1.5"
"2168924255","1603638441","1.5"
"1545288376","1573636121","1"
"1573636121","1545288376","1"
"1545288376","2059387258","4.45"
"2059387258","1545288376","4.45"
"1545288376","1671881141","1"
"1671881141","1545288376","1"
"1545288376","1845137714","0.5"
"1845137714","1545288376","0.5"
"1603638441","1845137714","0.5"
"1845137714","1603638441","0.5"
"1545288376","2123457650","2"
"2123457650","1545288376","2"
"1545288376","1994242182","0.2"
"1994242182","1545288376","0.2"
"1545288376","2100721895","0.2"
"2100721895","1545288376","0.2"
"1545288376","2122416857","0.2"
"2122416857","1545288376","0.2"
"1545288376","2170188121","0.2"
"2170188121","1545288376","0.2"
"1994242182","2059387258","0.366667"
"2059387258","1994242182","0.366667"
"1994242182","2100721895","0.366667"
"2100721895","1994242182","0.366667"
"1994242182","2122416857","0.2"
"2122416857","1994242182","0.2"
"1994242182","2170188121","0.2"
"2170188121","1994242182","0.2"
"2059387258","2100721895","3.53333"
"2100721895","2059387258","3.53333"
"2059387258","2122416857","0.533333"
"2122416857","2059387258","0.533333"
"2059387258","2170188121","0.533333"
"2170188121","2059387258","0.533333"
"2100721895","2122416857","0.533333"
"2122416857","2100721895","0.533333"
"2100721895","2170188121","0.2"
"2170188121","2100721895","0.2"
"2122416857","2170188121","0.2"
"2170188121","2122416857","0.2"
"1545288376","2029500199","0.75"
"2029500199","1545288376","0.75"
"2029500199","2168924255","4.06111"
"2168924255","2029500199","4.06111"
"1545288376","2146032463","0.25"
"2146032463","1545288376","0.25"
"2029500199","2146032463","0.75"
"2146032463","2029500199","0.75"
"2059387258","2146032463","1.25"
"2146032463","2059387258","1.25"
"2059387258","2168924255","0.45"
"2168924255","2059387258","0.45"
"2146032463","2168924255","0.25"
"2168924255","2146032463","0.25"
"1545288376","1996376794","1"
"1996376794","1545288376","1"
"1556605707","2144451145","5.7"
"2144451145","1556605707","5.7"
"1556605707","1566984846","0.111111"
"1566984846","1556605707","0.111111"
"1556605707","1987272746","0.111111"
"1987272746","1556605707","0.111111"
"1556605707","2029500199","0.311111"
"2029500199","1556605707","0.311111"
"1556605707","2038378248","0.111111"
"2038378248","1556605707","0.111111"
"1556605707","2052628356","0.111111"
"2052628356","1556605707","0.111111"
"1556605707","2090360459","0.111111"
"2090360459","1556605707","0.111111"
"1556605707","2130610812","0.111111"
"2130610812","1556605707","0.111111"
"1556605707","2156543375","0.111111"
"2156543375","1556605707","0.111111"
"1556605707","2168924255","0.311111"
"2168924255","1556605707","0.311111"
"1566984846","1987272746","1.61111"
"1987272746","1566984846","1.61111"
"1566984846","2029500199","2.86111"
"2029500199","1566984846","2.86111"
"1566984846","2038378248","2.61111"
"2038378248","1566984846","2.61111"
"1566984846","2052628356","0.111111"
"2052628356","1566984846","0.111111"
"1566984846","2090360459","0.111111"
"2090360459","1566984846","0.111111"
"1566984846","2130610812","0.777778"
"2130610812","1566984846","0.777778"
"1566984846","2156543375","0.111111"
"2156543375","1566984846","0.111111"
"1566984846","2168924255","0.111111"
"2168924255","1566984846","0.111111"
"1987272746","2029500199","1.31111"
"2029500199","1987272746","1.31111"
"1987272746","2038378248","1.61111"
"2038378248","1987272746","1.61111"
"1987272746","2052628356","0.111111"
"2052628356","1987272746","0.111111"
"1987272746","2090360459","0.111111"
"2090360459","1987272746","0.111111"
"1987272746","2130610812","0.311111"
"2130610812","1987272746","0.311111"
"1987272746","2156543375","0.111111"
"2156543375","1987272746","0.111111"
"1987272746","2168924255","0.111111"
"2168924255","1987272746","0.111111"
"2029500199","2038378248","3.44444"
"2038378248","2029500199","3.44444"
"2029500199","2052628356","0.111111"
"2052628356","2029500199","0.111111"
"2029500199","2090360459","0.111111"
"2090360459","2029500199","0.111111"
"2029500199","2130610812","0.977778"
"2130610812","2029500199","0.977778"
"2029500199","2156543375","1.11111"
"2156543375","2029500199","1.11111"
"2038378248","2052628356","0.111111"
"2052628356","2038378248","0.111111"
"2038378248","2090360459","0.111111"
"2090360459","2038378248","0.111111"
"2038378248","2130610812","0.777778"
"2130610812","2038378248","0.777778"
"2038378248","2156543375","0.111111"
"2156543375","2038378248","0.111111"
"2038378248","2168924255","0.111111"
"2168924255","2038378248","0.111111"
"2052628356","2090360459","0.111111"
"2090360459","2052628356","0.111111"
"2052628356","2130610812","0.111111"
"2130610812","2052628356","0.111111"
"2052628356","2156543375","0.111111"
"2156543375","2052628356","0.111111"
"2052628356","2168924255","0.111111"
"2168924255","2052628356","0.111111"
"2090360459","2130610812","0.111111"
"2130610812","2090360459","0.111111"
"2090360459","2156543375","0.111111"
"2156543375","2090360459","0.111111"
"2090360459","2168924255","0.111111"
"2168924255","2090360459","0.111111"
"2130610812","2156543375","0.111111"
"2156543375","2130610812","0.111111"
"2130610812","2168924255","0.111111"
"2168924255","2130610812","0.111111"
"2156543375","2168924255","0.111111"
"2168924255","2156543375","0.111111"
"1556605707","2010454887","0.2"
"2010454887","1556605707","0.2"
"1556605707","2059387258","0.2"
"2059387258","1556605707","0.2"
"2010454887","2144451145","0.2"
"2144451145","2010454887","0.2"
"2010454887","2168924255","0.2"
"2168924255","2010454887","0.2"
"2029500199","2144451145","0.45"
"2144451145","2029500199","0.45"
"2059387258","2144451145","0.2"
"2144451145","2059387258","0.2"
"2144451145","2168924255","0.2"
"2168924255","2144451145","0.2"
"1556605707","1971652947","0.5"
"1971652947","1556605707","0.5"
"1971652947","2144451145","0.642857"
"2144451145","1971652947","0.642857"
"1556731622","1875866204","0.875"
"1875866204","1556731622","0.875"
"1556731622","2053508739","0.908333"
"2053508739","1556731622","0.908333"
"1875866204","2053508739","3.20833"
"2053508739","1875866204","3.20833"
"1875866204","2079794012","1.75"
"2079794012","1875866204","1.75"
"1875866204","2152389926","0.375"
"2152389926","1875866204","0.375"
"2053508739","2079794012","0.75"
"2079794012","2053508739","0.75"
"2053508739","2152389926","0.908333"
"2152389926","2053508739","0.908333"
"2079794012","2152389926","0.25"
"2152389926","2079794012","0.25"
"1556731622","2017666672","0.72619"
"2017666672","1556731622","0.72619"
"1556731622","2051699256","0.142857"
"2051699256","1556731622","0.142857"
"1556731622","2126113943","0.142857"
"2126113943","1556731622","0.142857"
"1556731622","2145843267","0.142857"
"2145843267","1556731622","0.142857"
"1556731622","2161351872","0.142857"
"2161351872","1556731622","0.142857"
"1556731622","2295683682","0.142857"
"2295683682","1556731622","0.142857"
"1556731622","2613214602","0.142857"
"2613214602","1556731622","0.142857"
"2017666672","2051699256","0.142857"
"2051699256","2017666672","0.142857"
"2017666672","2126113943","0.642857"
"2126113943","2017666672","0.642857"
"2017666672","2145843267","1.22619"
"2145843267","2017666672","1.22619"
"2017666672","2161351872","0.142857"
"2161351872","2017666672","0.142857"
"2017666672","2295683682","0.309524"
"2295683682","2017666672","0.309524"
"2017666672","2613214602","1.22619"
"2613214602","2017666672","1.22619"
"2051699256","2126113943","1.75397"
"2126113943","2051699256","1.75397"
"2051699256","2145843267","0.253968"
"2145843267","2051699256","0.253968"
"2051699256","2295683682","0.142857"
"2295683682","2051699256","0.142857"
"2051699256","2613214602","0.253968"
"2613214602","2051699256","0.253968"
"2126113943","2145843267","0.753968"
"2145843267","2126113943","0.753968"
"2126113943","2161351872","1.75397"
"2161351872","2126113943","1.75397"
"2126113943","2295683682","0.142857"
"2295683682","2126113943","0.142857"
"2126113943","2613214602","0.753968"
"2613214602","2126113943","0.753968"
"2145843267","2161351872","0.253968"
"2161351872","2145843267","0.253968"
"2145843267","2295683682","2.80952"
"2295683682","2145843267","2.80952"
"2145843267","2613214602","47.504"
"2613214602","2145843267","47.504"
"2161351872","2295683682","0.142857"
"2295683682","2161351872","0.142857"
"2161351872","2613214602","0.253968"
"2613214602","2161351872","0.253968"
"2295683682","2613214602","2.80952"
"2613214602","2295683682","2.80952"
"1556731622","2021914941","0.45"
"2021914941","1556731622","0.45"
"1556731622","2120286218","0.45"
"2120286218","1556731622","0.45"
"1556731622","2143275903","0.25"
"2143275903","1556731622","0.25"
"1648759563","2021914941","0.45"
"2021914941","1648759563","0.45"
"1648759563","2120286218","0.45"
"2120286218","1648759563","0.45"
"1648759563","2143275903","0.25"
"2143275903","1648759563","0.25"
"2021914941","2120286218","0.95"
