"1019765522","1552109558","10.8929"
"1552109558","1019765522","10.8929"
"1019765522","1519614479","0.142857"
"1519614479","1019765522","0.142857"
"1019765522","1595488606","0.142857"
"1595488606","1019765522","0.142857"
"1019765522","1597556621","0.142857"
"1597556621","1019765522","0.142857"
"1019765522","1781285069","0.142857"
"1781285069","1019765522","0.142857"
"1019765522","1877202547","0.142857"
"1877202547","1019765522","0.142857"
"1019765522","2254384363","0.142857"
"2254384363","1019765522","0.142857"
"1519614479","1552109558","0.142857"
"1552109558","1519614479","0.142857"
"1519614479","1595488606","6.13571"
"1595488606","1519614479","6.13571"
"1519614479","1597556621","0.285714"
"1597556621","1519614479","0.285714"
"1519614479","1781285069","0.392857"
"1781285069","1519614479","0.392857"
"1519614479","1877202547","5.13571"
"1877202547","1519614479","5.13571"
"1519614479","2254384363","7.13571"
"2254384363","1519614479","7.13571"
"1552109558","1595488606","0.142857"
"1595488606","1552109558","0.142857"
"1552109558","1597556621","0.142857"
"1597556621","1552109558","0.142857"
"1552109558","1781285069","0.142857"
"1781285069","1552109558","0.142857"
"1552109558","1877202547","0.142857"
"1877202547","1552109558","0.142857"
"1552109558","2254384363","0.142857"
"2254384363","1552109558","0.142857"
"1595488606","1597556621","0.285714"
"1597556621","1595488606","0.285714"
"1595488606","1781285069","0.392857"
"1781285069","1595488606","0.392857"
"1595488606","1877202547","5.13571"
"1877202547","1595488606","5.13571"
"1595488606","2254384363","7.13571"
"2254384363","1595488606","7.13571"
"1597556621","1781285069","2.97619"
"1781285069","1597556621","2.97619"
"1597556621","1877202547","0.285714"
"1877202547","1597556621","0.285714"
"1597556621","2254384363","0.285714"
"2254384363","1597556621","0.285714"
"1781285069","1877202547","0.392857"
"1877202547","1781285069","0.392857"
"1781285069","2254384363","0.392857"
"2254384363","1781285069","0.392857"
"1877202547","2254384363","5.13571"
"2254384363","1877202547","5.13571"
"1019765522","1021149336","0.166667"
"1021149336","1019765522","0.166667"
"1019765522","1532261488","0.166667"
"1532261488","1019765522","0.166667"
"1019765522","1558616704","0.166667"
"1558616704","1019765522","0.166667"
"1019765522","1954743016","0.416667"
"1954743016","1019765522","0.416667"
"1019765522","2296561266","0.166667"
"2296561266","1019765522","0.166667"
"1021149336","1532261488","0.166667"
"1532261488","1021149336","0.166667"
"1021149336","1552109558","0.166667"
"1552109558","1021149336","0.166667"
"1021149336","1558616704","0.166667"
"1558616704","1021149336","0.166667"
"1021149336","1954743016","0.166667"
"1954743016","1021149336","0.166667"
"1021149336","2296561266","0.166667"
"2296561266","1021149336","0.166667"
"1532261488","1552109558","0.166667"
"1552109558","1532261488","0.166667"
"1532261488","1558616704","0.416667"
"1558616704","1532261488","0.416667"
"1532261488","1954743016","0.166667"
"1954743016","1532261488","0.166667"
"1532261488","2296561266","3.03333"
"2296561266","1532261488","3.03333"
"1552109558","1558616704","0.166667"
"1558616704","1552109558","0.166667"
"1552109558","1954743016","0.416667"
"1954743016","1552109558","0.416667"
"1552109558","2296561266","0.166667"
"2296561266","1552109558","0.166667"
"1558616704","1954743016","0.166667"
"1954743016","1558616704","0.166667"
"1558616704","2296561266","0.616667"
"2296561266","1558616704","0.616667"
"1954743016","2296561266","0.166667"
"2296561266","1954743016","0.166667"
"1019765522","2212361443","0.25"
"2212361443","1019765522","0.25"
"1019765522","2419571152","0.583333"
"2419571152","1019765522","0.583333"
"1552109558","2212361443","0.25"
"2212361443","1552109558","0.25"
"1552109558","2419571152","0.583333"
"2419571152","1552109558","0.583333"
"1954743016","2212361443","0.25"
"2212361443","1954743016","0.25"
"1954743016","2419571152","0.25"
"2419571152","1954743016","0.25"
"2212361443","2419571152","0.25"
"2419571152","2212361443","0.25"
"1019765522","1509894614","0.333333"
"1509894614","1019765522","0.333333"
"1509894614","1552109558","0.333333"
"1552109558","1509894614","0.333333"
"1509894614","2419571152","0.333333"
"2419571152","1509894614","0.333333"
"1021149336","1548296090","1"
"1548296090","1021149336","1"
"1021149336","1777654122","0.5"
"1777654122","1021149336","0.5"
"1021149336","1829887091","0.5"
"1829887091","1021149336","0.5"
"1777654122","1829887091","6.47619"
"1829887091","1777654122","6.47619"
"1487513322","1532261488","0.25"
"1532261488","1487513322","0.25"
"1487513322","1597556621","0.25"
"1597556621","1487513322","0.25"
"1487513322","2248333389","0.25"
"2248333389","1487513322","0.25"
"1487513322","2296561266","0.25"
"2296561266","1487513322","0.25"
"1532261488","1597556621","0.25"
"1597556621","1532261488","0.25"
"1532261488","2248333389","0.25"
"2248333389","1532261488","0.25"
"1597556621","2248333389","0.75"
"2248333389","1597556621","0.75"
"1597556621","2296561266","0.25"
"2296561266","1597556621","0.25"
"2248333389","2296561266","0.25"
"2296561266","2248333389","0.25"
"1509894614","1519614479","0.142857"
"1519614479","1509894614","0.142857"
"1509894614","1595488606","0.142857"
"1595488606","1509894614","0.142857"
"1509894614","1597556621","0.142857"
"1597556621","1509894614","0.142857"
"1509894614","1777654122","0.142857"
"1777654122","1509894614","0.142857"
"1509894614","1829887091","0.142857"
"1829887091","1509894614","0.142857"
"1509894614","1877202547","0.142857"
"1877202547","1509894614","0.142857"
"1509894614","2254384363","0.142857"
"2254384363","1509894614","0.142857"
"1519614479","1777654122","0.642857"
"1777654122","1519614479","0.642857"
"1519614479","1829887091","0.642857"
"1829887091","1519614479","0.642857"
"1595488606","1777654122","0.142857"
"1777654122","1595488606","0.142857"
"1595488606","1829887091","0.142857"
"1829887091","1595488606","0.142857"
"1597556621","1777654122","0.47619"
"1777654122","1597556621","0.47619"
"1597556621","1829887091","0.47619"
"1829887091","1597556621","0.47619"
"1777654122","1877202547","0.142857"
"1877202547","1777654122","0.142857"
"1777654122","2254384363","0.142857"
"2254384363","1777654122","0.142857"
"1829887091","1877202547","0.142857"
"1877202547","1829887091","0.142857"
"1829887091","2254384363","0.142857"
"2254384363","1829887091","0.142857"
"1509894614","1781285069","1"
"1781285069","1509894614","1"
"1519614479","1532261488","0.366667"
"1532261488","1519614479","0.366667"
"1519614479","2205578148","0.366667"
"2205578148","1519614479","0.366667"
"1519614479","2296561266","0.816667"
"2296561266","1519614479","0.816667"
"1532261488","1595488606","0.366667"
"1595488606","1532261488","0.366667"
"1532261488","1877202547","0.366667"
"1877202547","1532261488","0.366667"
"1532261488","2205578148","0.166667"
"2205578148","1532261488","0.166667"
"1532261488","2254384363","0.366667"
"2254384363","1532261488","0.366667"
"1595488606","2205578148","0.366667"
"2205578148","1595488606","0.366667"
"1595488606","2296561266","0.816667"
"2296561266","1595488606","0.816667"
"1877202547","2205578148","0.366667"
"2205578148","1877202547","0.366667"
"1877202547","2296561266","0.816667"
"2296561266","1877202547","0.816667"
"2205578148","2254384363","0.366667"
"2254384363","2205578148","0.366667"
"2205578148","2296561266","2.16667"
"2296561266","2205578148","2.16667"
"2254384363","2296561266","0.816667"
"2296561266","2254384363","0.816667"
"1519614479","1558616704","0.2"
"1558616704","1519614479","0.2"
"1558616704","1595488606","0.2"
"1595488606","1558616704","0.2"
"1558616704","1877202547","0.2"
"1877202547","1558616704","0.2"
"1558616704","2254384363","0.2"
"2254384363","1558616704","0.2"
"1519614479","1575567516","0.2"
"1575567516","1519614479","0.2"
"1575567516","1595488606","0.2"
"1595488606","1575567516","0.2"
"1575567516","1877202547","0.2"
"1877202547","1575567516","0.2"
"1575567516","2205578148","1.2"
"2205578148","1575567516","1.2"
"1575567516","2254384363","0.2"
"2254384363","1575567516","0.2"
"1519614479","1954743016","0.25"
"1954743016","1519614479","0.25"
"1595488606","1954743016","0.25"
"1954743016","1595488606","0.25"
"1877202547","1954743016","0.25"
"1954743016","1877202547","0.25"
"1954743016","2254384363","0.25"
"2254384363","1954743016","0.25"
"1532261488","1777654122","0.25"
"1777654122","1532261488","0.25"
"1532261488","2212361443","0.25"
"2212361443","1532261488","0.25"
"1558616704","1777654122","0.25"
"1777654122","1558616704","0.25"
"1558616704","2212361443","0.25"
"2212361443","1558616704","0.25"
"1777654122","2212361443","0.25"
"2212361443","1777654122","0.25"
"1777654122","2296561266","0.25"
"2296561266","1777654122","0.25"
"2212361443","2296561266","0.25"
"2296561266","2212361443","0.25"
"1538333095","2248897284","1"
"2248897284","1538333095","1"
"1548296090","1781285069","1"
"1781285069","1548296090","1"
"1548296090","1954743016","1"
"1954743016","1548296090","1"
"1575567516","2212361443","1"
"2212361443","1575567516","1"
"1583982407","1597556621","0.5"
"1597556621","1583982407","0.5"
"1583982407","1781285069","0.5"
"1781285069","1583982407","0.5"
"1781285069","2248333389","0.5"
"2248333389","1781285069","0.5"
"1777654122","1781285069","0.333333"
"1781285069","1777654122","0.333333"
"1781285069","1829887091","0.333333"
"1829887091","1781285069","0.333333"
"1597556621","2205578148","0.5"
"2205578148","1597556621","0.5"
"1781285069","2205578148","0.5"
"2205578148","1781285069","0.5"
"1777654122","2248333389","1"
"2248333389","1777654122","1"
"1781285069","1954743016","1"
"1954743016","1781285069","1"
"2199700441","2397355542","1"
"2397355542","2199700441","1"
"2205578148","2228947153","1"
"2228947153","2205578148","1"
"2205582623","2242740598","2.91667"
"2242740598","2205582623","2.91667"
"2205582623","2244119826","2.91667"
"2244119826","2205582623","2.91667"
"2205582623","2277054889","2.91667"
"2277054889","2205582623","2.91667"
"2242740598","2244119826","59.5833"
"2244119826","2242740598","59.5833"
"2242740598","2277054889","41.0833"
"2277054889","2242740598","41.0833"
"2244119826","2277054889","40.0833"
"2277054889","2244119826","40.0833"
"2205582623","2226234469","0.25"
"2226234469","2205582623","0.25"
"2226234469","2242740598","1.91667"
"2242740598","2226234469","1.91667"
"2226234469","2244119826","1.91667"
"2244119826","2226234469","1.91667"
"2226234469","2277054889","1.91667"
"2277054889","2226234469","1.91667"
"2212361443","2254384363","3"
"2254384363","2212361443","3"
"2212361443","2228947153","1"
"2228947153","2212361443","1"
"2228947153","2242740598","0.5"
"2242740598","2228947153","0.5"
"2228947153","2244119826","0.5"
"2244119826","2228947153","0.5"
