"1479848599","1589242672","3.16667"
"1589242672","1479848599","3.16667"
"1479848599","2099225351","4.16667"
"2099225351","1479848599","4.16667"
"1589242672","2099225351","6.16667"
"2099225351","1589242672","6.16667"
"1479848599","1973535531","2.66667"
"1973535531","1479848599","2.66667"
"1589242672","1973535531","2.66667"
"1973535531","1589242672","2.66667"
"1973535531","2099225351","5.66667"
"2099225351","1973535531","5.66667"
"1481159337","2132555066","1.33333"
"2132555066","1481159337","1.33333"
"1481159337","1529615683","0.333333"
"1529615683","1481159337","0.333333"
"1481159337","1992622324","0.333333"
"1992622324","1481159337","0.333333"
"1529615683","1992622324","1.775"
"1992622324","1529615683","1.775"
"1529615683","2132555066","3.575"
"2132555066","1529615683","3.575"
"1992622324","2132555066","5.40833"
"2132555066","1992622324","5.40833"
"1481200545","1749665618","1.44167"
"1749665618","1481200545","1.44167"
"1481200545","1992622324","2.94167"
"1992622324","1481200545","2.94167"
"1481200545","2113414933","3.825"
"2113414933","1481200545","3.825"
"1481200545","2132555066","1.49167"
"2132555066","1481200545","1.49167"
"1749665618","1992622324","1.19167"
"1992622324","1749665618","1.19167"
"1749665618","2113414933","2.275"
"2113414933","1749665618","2.275"
"1749665618","2132555066","0.991667"
"2132555066","1749665618","0.991667"
"1992622324","2113414933","1.24167"
"2113414933","1992622324","1.24167"
"2113414933","2132555066","0.791667"
"2132555066","2113414933","0.791667"
"1481200545","1529615683","1.19167"
"1529615683","1481200545","1.19167"
"1481200545","2048914925","1.69167"
"2048914925","1481200545","1.69167"
"1481200545","2100005805","0.375"
"2100005805","1481200545","0.375"
"1481200545","2117703483","0.125"
"2117703483","1481200545","0.125"
"1529615683","1749665618","1.19167"
"1749665618","1529615683","1.19167"
"1529615683","2048914925","0.691667"
"2048914925","1529615683","0.691667"
"1529615683","2100005805","0.125"
"2100005805","1529615683","0.125"
"1529615683","2113414933","0.991667"
"2113414933","1529615683","0.991667"
"1529615683","2117703483","0.125"
"2117703483","1529615683","0.125"
"1749665618","2048914925","0.891667"
"2048914925","1749665618","0.891667"
"1749665618","2100005805","0.125"
"2100005805","1749665618","0.125"
"1749665618","2117703483","0.125"
"2117703483","1749665618","0.125"
"1992622324","2048914925","0.691667"
"2048914925","1992622324","0.691667"
"1992622324","2100005805","0.375"
"2100005805","1992622324","0.375"
"1992622324","2117703483","0.125"
"2117703483","1992622324","0.125"
"2048914925","2100005805","0.125"
"2100005805","2048914925","0.125"
"2048914925","2113414933","1.69167"
"2113414933","2048914925","1.69167"
"2048914925","2117703483","0.125"
"2117703483","2048914925","0.125"
"2048914925","2132555066","0.491667"
"2132555066","2048914925","0.491667"
"2100005805","2113414933","0.375"
"2113414933","2100005805","0.375"
"2100005805","2117703483","1.125"
"2117703483","2100005805","1.125"
"2100005805","2132555066","0.125"
"2132555066","2100005805","0.125"
"2113414933","2117703483","0.125"
"2117703483","2113414933","0.125"
"2117703483","2132555066","0.125"
"2132555066","2117703483","0.125"
"1481200545","1999489756","0.25"
"1999489756","1481200545","0.25"
"1992622324","1999489756","0.25"
"1999489756","1992622324","0.25"
"1999489756","2100005805","12.3429"
"2100005805","1999489756","12.3429"
"1999489756","2113414933","0.25"
"2113414933","1999489756","0.25"
"1481200545","1598660478","0.333333"
"1598660478","1481200545","0.333333"
"1481200545","2144621469","0.333333"
"2144621469","1481200545","0.333333"
"1598660478","2113414933","1.03333"
"2113414933","1598660478","1.03333"
"1598660478","2144621469","4.36667"
"2144621469","1598660478","4.36667"
"2113414933","2144621469","1.03333"
"2144621469","2113414933","1.03333"
"1496968552","1999489756","0.25"
"1999489756","1496968552","0.25"
"1496968552","2100005805","0.25"
"2100005805","1496968552","0.25"
"1496968552","2128475980","0.25"
"2128475980","1496968552","0.25"
"1496968552","2132701924","0.25"
"2132701924","1496968552","0.25"
"1999489756","2128475980","1.92619"
"2128475980","1999489756","1.92619"
"1999489756","2132701924","2.25952"
"2132701924","1999489756","2.25952"
"2100005805","2128475980","2.37619"
"2128475980","2100005805","2.37619"
"2100005805","2132701924","2.70952"
"2132701924","2100005805","2.70952"
"2128475980","2132701924","2.62619"
"2132701924","2128475980","2.62619"
"1511274769","1973535531","0.333333"
"1973535531","1511274769","0.333333"
"1511274769","2065259291","0.333333"
"2065259291","1511274769","0.333333"
"1511274769","2105436061","0.333333"
"2105436061","1511274769","0.333333"
"1973535531","2065259291","1.01793"
"2065259291","1973535531","1.01793"
"1973535531","2105436061","0.740152"
"2105436061","1973535531","0.740152"
"2065259291","2105436061","9.10725"
"2105436061","2065259291","9.10725"
"1511274769","2008742021","0.916667"
"2008742021","1511274769","0.916667"
"1511274769","2067047206","0.583333"
"2067047206","1511274769","0.583333"
"1511274769","2117461391","0.916667"
"2117461391","1511274769","0.916667"
"2008742021","2067047206","1.16667"
"2067047206","2008742021","1.16667"
"2008742021","2117461391","11.9762"
"2117461391","2008742021","11.9762"
"2067047206","2117461391","0.916667"
"2117461391","2067047206","0.916667"
"1511274769","2132701924","0.583333"
"2132701924","1511274769","0.583333"
"2008742021","2132701924","31.3762"
"2132701924","2008742021","31.3762"
"2117461391","2132701924","11.6429"
"2132701924","2117461391","11.6429"
"1511274769","2150916025","1"
"2150916025","1511274769","1"
"2067047206","2132701924","0.833333"
"2132701924","2067047206","0.833333"
"1511274769","1999489756","0.5"
"1999489756","1511274769","0.5"
"1511274769","2100005805","0.5"
"2100005805","1511274769","0.5"
"1529615683","1598660478","1"
"1598660478","1529615683","1"
"1529615683","2044312046","0.5"
"2044312046","1529615683","0.5"
"1529615683","2112212668","0.5"
"2112212668","1529615683","0.5"
"2044312046","2112212668","0.666667"
"2112212668","2044312046","0.666667"
"1583841428","2128318828","1"
"2128318828","1583841428","1"
"1583841428","2729309190","1"
"2729309190","1583841428","1"
"1583841428","2112212668","1"
"2112212668","1583841428","1"
"1583841428","2048914925","0.333333"
"2048914925","1583841428","0.333333"
"1583841428","2166103489","0.333333"
"2166103489","1583841428","0.333333"
"1583841428","975351372","0.333333"
"975351372","1583841428","0.333333"
"2048914925","2166103489","1.33333"
"2166103489","2048914925","1.33333"
"2048914925","975351372","0.333333"
"975351372","2048914925","0.333333"
"2166103489","975351372","0.333333"
"975351372","2166103489","0.333333"
"1588349761","2048914925","4"
"2048914925","1588349761","4"
"1588349761","975351372","1"
"975351372","1588349761","1"
"1588349761","2065569522","1"
"2065569522","1588349761","1"
"1598660478","2132555066","1.33333"
"2132555066","1598660478","1.33333"
"1598660478","1992622324","0.333333"
"1992622324","1598660478","0.333333"
"1992622324","2144621469","0.333333"
"2144621469","1992622324","0.333333"
"2132555066","2144621469","0.333333"
"2144621469","2132555066","0.333333"
"1598660478","1874827947","1.2"
"1874827947","1598660478","1.2"
"1598660478","1749665618","1.2"
"1749665618","1598660478","1.2"
"1598660478","2048914925","0.2"
"2048914925","1598660478","0.2"
"1749665618","1874827947","0.2"
"1874827947","1749665618","0.2"
"1749665618","2144621469","0.2"
"2144621469","1749665618","0.2"
"1874827947","2048914925","0.2"
"2048914925","1874827947","0.2"
"1874827947","2113414933","0.2"
"2113414933","1874827947","0.2"
"1874827947","2144621469","0.2"
"2144621469","1874827947","0.2"
"2048914925","2144621469","0.2"
"2144621469","2048914925","0.2"
"1604088952","1857276211","25.8333"
"1857276211","1604088952","25.8333"
"1604088952","2008742021","0.333333"
"2008742021","1604088952","0.333333"
"1604088952","2132701924","0.333333"
"2132701924","1604088952","0.333333"
"1857276211","2008742021","0.333333"
"2008742021","1857276211","0.333333"
"1857276211","2132701924","0.333333"
"2132701924","1857276211","0.333333"
"1604088952","975351372","1.5"
"975351372","1604088952","1.5"
"1857276211","975351372","1.5"
"975351372","1857276211","1.5"
"1749665618","1969084565","3.5"
"1969084565","1749665618","3.5"
"1969084565","2113414933","0.833333"
"2113414933","1969084565","0.833333"
"1749665618","2012730477","0.333333"
"2012730477","1749665618","0.333333"
"1749665618","2159948839","0.333333"
"2159948839","1749665618","0.333333"
"2012730477","2113414933","0.333333"
"2113414933","2012730477","0.333333"
"2012730477","2159948839","20.45"
"2159948839","2012730477","20.45"
"2113414933","2159948839","0.333333"
"2159948839","2113414933","0.333333"
"1857276211","2059132017","3.25"
"2059132017","1857276211","3.25"
"1857276211","2507013601","1"
"2507013601","1857276211","1"
"1857276211","2119398588","1.25"
"2119398588","1857276211","1.25"
"2059132017","2119398588","7.08333"
"2119398588","2059132017","7.08333"
"1857276211","1864069995","0.25"
"1864069995","1857276211","0.25"
"1857276211","1969084565","1.25"
"1969084565","1857276211","1.25"
"1864069995","1969084565","0.583333"
"1969084565","1864069995","0.583333"
"1864069995","2059132017","0.416667"
"2059132017","1864069995","0.416667"
"1864069995","2119398588","1.25"
"2119398588","1864069995","1.25"
"1969084565","2059132017","3.08333"
"2059132017","1969084565","3.08333"
"1969084565","2119398588","1.08333"
"2119398588","1969084565","1.08333"
"1864069995","2112212668","1.5"
"2112212668","1864069995","1.5"
"1864069995","2105436061","1"
"2105436061","1864069995","1"
"1864069995","2044312046","0.166667"
"2044312046","1864069995","0.166667"
"1864069995","2100548092","0.166667"
"2100548092","1864069995","0.166667"
"1864069995","2113414933","0.5"
"2113414933","1864069995","0.5"
"1864069995","2729309190","0.166667"
"2729309190","1864069995","0.166667"
"2044312046","2059132017","0.166667"
"2059132017","2044312046","0.166667"
"2044312046","2100548092","17.6946"
"2100548092","2044312046","17.6946"
"2044312046","2113414933","0.166667"
"2113414933","2044312046","0.166667"
"2044312046","2729309190","2.125"
"2729309190","2044312046","2.125"
"2059132017","2100548092","0.166667"
"2100548092","2059132017","0.166667"
"2059132017","2112212668","0.166667"
"2112212668","2059132017","0.166667"
"2059132017","2113414933","0.166667"
"2113414933","2059132017","0.166667"
"2059132017","2729309190","0.166667"
"2729309190","2059132017","0.166667"
"2100548092","2112212668","0.166667"
"2112212668","2100548092","0.166667"
"2100548092","2113414933","0.166667"
"2113414933","2100548092","0.166667"
"2100548092","2729309190","0.291667"
"2729309190","2100548092","0.291667"
"2112212668","2113414933","0.5"
"2113414933","2112212668","0.5"
"2112212668","2729309190","1.16667"
"2729309190","2112212668","1.16667"
"2113414933","2729309190","0.166667"
"2729309190","2113414933","0.166667"
"1969084565","2112212668","0.333333"
"2112212668","1969084565","0.333333"
"1969084565","2248601845","0.333333"
"2248601845","1969084565","0.333333"
"2059132017","2248601845","1.33333"
"2248601845","2059132017","1.33333"
"2119398588","2248601845","5.33333"
"2248601845","2119398588","5.33333"
"1973535531","1975550026","1"
"1975550026","1973535531","1"
"1973535531","1999916788","0.784596"
"1999916788","1973535531","0.784596"
"1973535531","2024651132","0.592929"
"2024651132","1973535531","0.592929"
"1973535531","2044163187","0.926263"
"2044163187","1973535531","0.926263"
"1973535531","2117703483","0.290909"
"2117703483","1973535531","0.290909"
"1973535531","2299127550","1.21793"
"2299127550","1973535531","1.21793"
"1999916788","2024651132","1.30289"
"2024651132","1999916788","1.30289"
"1999916788","2044163187","1.92193"
"2044163187","1999916788","1.92193"
"1999916788","2117703483","1.21948"
"2117703483","1999916788","1.21948"
"1999916788","2299127550","5.04693"
"2299127550","1999916788","5.04693"
"2024651132","2044163187","16.1112"
"2044163187","2024651132","16.1112"
"2024651132","2117703483","0.576623"
"2117703483","2024651132","0.576623"
"2024651132","2299127550","1.40289"
"2299127550","2024651132","1.40289"
"2044163187","2117703483","0.719481"
"2117703483","2044163187","0.719481"
"2044163187","2299127550","2.02193"
"2299127550","2044163187","2.02193"
"2117703483","2299127550","12.7195"
"2299127550","2117703483","12.7195"
"1973535531","2044312046","1.35126"
"2044312046","1973535531","1.35126"
"1973535531","2100548092","1.35126"
"2100548092","1973535531","1.35126"
"2044163187","2044312046","1.55408"
"2044312046","2044163187","1.55408"
"2044163187","2100548092","1.41122"
"2100548092","2044163187","1.41122"
"1973535531","2099370490","0.684596"
"2099370490","1973535531","0.684596"
"1973535531","2150916025","0.306818"
"2150916025","1973535531","0.306818"
"1999916788","2044312046","3.78741"
"2044312046","1999916788","3.78741"
"1999916788","2065259291","1.33503"
"2065259291","1999916788","1.33503"
"1999916788","2099370490","1.83503"
"2099370490","1999916788","1.83503"
"1999916788","2100548092","1.81122"
"2100548092","1999916788","1.81122"
"1999916788","2105436061","0.890584"
"2105436061","1999916788","0.890584"
"1999916788","2150916025","1.22392"
"2150916025","1999916788","1.22392"
"2044312046","2065259291","2.99217"
"2065259291","2044312046","2.99217"
"2044312046","2099370490","2.04217"
"2099370490","2044312046","2.04217"
"2044312046","2105436061","1.79773"
"2105436061","2044312046","1.79773"
"2044312046","2150916025","3.28106"
"2150916025","2044312046","3.28106"
"2044312046","2299127550","3.55408"
"2299127550","2044312046","3.55408"
"2065259291","2099370490","2.26836"
"2099370490","2065259291","2.26836"
"2065259291","2100548092","2.32551"
"2100548092","2065259291","2.32551"
"2065259291","2150916025","5.75725"
"2150916025","2065259291","5.75725"
"2065259291","2299127550","1.26836"
"2299127550","2065259291","1.26836"
"2099370490","2100548092","1.12551"
"2100548092","2099370490","1.12551"
"2099370490","2105436061","2.32392"
"2105436061","2099370490","2.32392"
"2099370490","2150916025","3.72392"
"2150916025","2099370490","3.72392"
"2099370490","2299127550","2.01836"
"2299127550","2099370490","2.01836"
"2100548092","2105436061","1.63106"
"2105436061","2100548092","1.63106"
"2100548092","2150916025","1.94773"
"2150916025","2100548092","1.94773"
"2100548092","2299127550","1.99455"
"2299127550","2100548092","1.99455"
"2105436061","2150916025","4.09058"
"2150916025","2105436061","4.09058"
"2105436061","2299127550","0.823918"
"2299127550","2105436061","0.823918"
"2150916025","2299127550","2.47392"
"2299127550","2150916025","2.47392"
"1973535531","2430378630","0.190909"
"2430378630","1973535531","0.190909"
"1999916788","2430378630","3.75801"
"2430378630","1999916788","3.75801"
"2024651132","2044312046","1.07789"
"2044312046","2024651132","1.07789"
"2024651132","2065259291","1.70884"
"2065259291","2024651132","1.70884"
"2024651132","2099370490","1.00051"
"2099370490","2024651132","1.00051"
"2024651132","2100548092","0.935029"
"2100548092","2024651132","0.935029"
"2024651132","2105436061","1.59773"
"2105436061","2024651132","1.59773"
"2024651132","2150916025","0.831061"
"2150916025","2024651132","0.831061"
"2024651132","2430378630","1.31634"
"2430378630","2024651132","1.31634"
"2044163187","2065259291","1.8517"
"2065259291","2044163187","1.8517"
"2044163187","2099370490","1.14336"
"2099370490","2044163187","1.14336"
"2044163187","2105436061","1.74058"
"2105436061","2044163187","1.74058"
"2044163187","2150916025","0.973918"
"2150916025","2044163187","0.973918"
"2044163187","2430378630","1.31634"
"2430378630","2044163187","1.31634"
"2044312046","2430378630","2.60801"
"2430378630","2044312046","2.60801"
"2065259291","2430378630","6.13182"
"2430378630","2065259291","6.13182"
"2099370490","2430378630","2.13182"
"2430378630","2099370490","2.13182"
"2100548092","2430378630","1.46515"
"2430378630","2100548092","1.46515"
"2105436061","2430378630","1.38182"
"2430378630","2105436061","1.38182"
"2150916025","2430378630","0.615152"
"2430378630","2150916025","0.615152"
"2299127550","2430378630","3.19134"
"2430378630","2299127550","3.19134"
"1973535531","1987562803","1.11111"
"1987562803","1973535531","1.11111"
"1987562803","1999916788","2.04726"
"1999916788","1987562803","2.04726"
"1987562803","2024651132","0.761544"
"2024651132","1987562803","0.761544"
"1987562803","2044163187","1.38059"
"2044163187","1987562803","1.38059"
"1987562803","2044312046","1.94607"
"2044312046","1987562803","1.94607"
"1987562803","2065259291","0.886544"
"2065259291","1987562803","0.886544"
"1987562803","2099370490","0.678211"
"2099370490","1987562803","0.678211"
"1987562803","2100548092","1.05321"
"2100548092","1987562803","1.05321"
"1987562803","2299127550","3.79726"
"2299127550","1987562803","3.79726"
"2044312046","2117703483","1.01948"
"2117703483","2044312046","1.01948"
"2065259291","2117703483","0.0909091"
"2117703483","2065259291","0.0909091"
"2099370490","2117703483","1.34091"
"2117703483","2099370490","1.34091"
"2100548092","2117703483","0.626623"
"2117703483","2100548092","0.626623"
"2105436061","2117703483","0.0909091"
"2117703483","2105436061","0.0909091"
"2117703483","2150916025","0.340909"
"2150916025","2117703483","0.340909"
"1973535531","2016273390","0.1"
"2016273390","1973535531","0.1"
"2016273390","2024651132","0.308333"
"2024651132","2016273390","0.308333"
"2016273390","2044163187","0.308333"
"2044163187","2016273390","0.308333"
"2016273390","2044312046","0.891667"
"2044312046","2016273390","0.891667"
"2016273390","2065259291","1.89167"
"2065259291","2016273390","1.89167"
"2016273390","2099370490","0.183333"
"2099370490","2016273390","0.183333"
"2016273390","2100548092","0.558333"
"2100548092","2016273390","0.558333"
"2016273390","2105436061","0.308333"
"2105436061","2016273390","0.308333"
"2016273390","2299127550","0.183333"
"2299127550","2016273390","0.183333"
"2016273390","2430378630","0.558333"
"2430378630","2016273390","0.558333"
"1975550026","2012730477","1.5"
"2012730477","1975550026","1.5"
"1975550026","2159948839","1.5"
"2159948839","1975550026","1.5"
"1975550026","2044312046","1"
"2044312046","1975550026","1"
"1975550026","2100548092","0.5"
"2100548092","1975550026","0.5"
"1975550026","1999916788","0.5"
"1999916788","1975550026","0.5"
"1975550026","2117461391","1"
"2117461391","1975550026","1"
"1975550026","2248601845","1"
"2248601845","1975550026","1"
"1987562803","2105436061","0.775433"
"2105436061","1987562803","0.775433"
"1987562803","2150916025","0.775433"
"2150916025","1987562803","0.775433"
"1987562803","2430378630","0.775433"
"2430378630","1987562803","0.775433"
"1987562803","2729309190","0.125"
"2729309190","1987562803","0.125"
"1987562803","642889137","0.125"
"642889137","1987562803","0.125"
"2044312046","642889137","1.15833"
"642889137","2044312046","1.15833"
"2065259291","2729309190","0.958333"
"2729309190","2065259291","0.958333"
"2065259291","642889137","1.15833"
"642889137","2065259291","1.15833"
"2100548092","642889137","0.325"
"642889137","2100548092","0.325"
"2105436061","2729309190","0.125"
"2729309190","2105436061","0.125"
"2105436061","642889137","0.325"
"642889137","2105436061","0.325"
"2150916025","2729309190","0.125"
"2729309190","2150916025","0.125"
"2150916025","642889137","0.325"
"642889137","2150916025","0.325"
"2430378630","2729309190","0.125"
"2729309190","2430378630","0.125"
"2430378630","642889137","1.125"
"642889137","2430378630","1.125"
"2729309190","642889137","12.2917"
"642889137","2729309190","12.2917"
"1987562803","2117703483","0.535714"
"2117703483","1987562803","0.535714"
"2117703483","2430378630","0.142857"
"2430378630","2117703483","0.142857"
"1987562803","2016273390","0.0833333"
"2016273390","1987562803","0.0833333"
"1999916788","2016273390","0.0833333"
"2016273390","1999916788","0.0833333"
"2016273390","2150916025","0.208333"
"2150916025","2016273390","0.208333"
"1987562803","2128475980","0.142857"
"2128475980","1987562803","0.142857"
"1999916788","2128475980","0.142857"
"2128475980","1999916788","0.142857"
"2044163187","2128475980","0.142857"
"2128475980","2044163187","0.142857"
"2044312046","2128475980","0.142857"
"2128475980","2044312046","0.142857"
"2100548092","2128475980","0.142857"
"2128475980","2100548092","0.142857"
"2117703483","2128475980","0.142857"
"2128475980","2117703483","0.142857"
"2128475980","2299127550","1.14286"
"2299127550","2128475980","1.14286"
"1999489756","2008742021","1.34286"
"2008742021","1999489756","1.34286"
"1999489756","2065569522","1.67619"
"2065569522","1999489756","1.67619"
"1999489756","2117461391","0.142857"
"2117461391","1999489756","0.142857"
"1999489756","2144945506","1.47619"
"2144945506","1999489756","1.47619"
"2008742021","2065569522","2.62619"
"2065569522","2008742021","2.62619"
"2008742021","2100005805","1.79286"
"2100005805","2008742021","1.79286"
"2008742021","2128475980","2.04286"
"2128475980","2008742021","2.04286"
"2008742021","2144945506","1.59286"
"2144945506","2008742021","1.59286"
"2065569522","2100005805","2.12619"
"2100005805","2065569522","2.12619"
"2065569522","2117461391","0.47619"
"2117461391","2065569522","0.47619"
"2065569522","2128475980","2.29286"
"2128475980","2065569522","2.29286"
"2065569522","2132701924","3.12619"
"2132701924","2065569522","3.12619"
"2065569522","2144945506","2.67619"
"2144945506","2065569522","2.67619"
"2100005805","2117461391","0.142857"
"2117461391","2100005805","0.142857"
"2100005805","2144945506","1.67619"
"2144945506","2100005805","1.67619"
"2117461391","2128475980","0.392857"
"2128475980","2117461391","0.392857"
"2117461391","2144945506","0.392857"
"2144945506","2117461391","0.392857"
"2128475980","2144945506","2.09286"
"2144945506","2128475980","2.09286"
"2132701924","2144945506","3.09286"
"2144945506","2132701924","3.09286"
"1999489756","2299127550","0.333333"
"2299127550","1999489756","0.333333"
"2100005805","2299127550","0.333333"
"2299127550","2100005805","0.333333"
"2132701924","2299127550","0.47619"
"2299127550","2132701924","0.47619"
"1999916788","2065569522","0.166667"
"2065569522","1999916788","0.166667"
"2044312046","2065569522","0.166667"
"2065569522","2044312046","0.166667"
"2065259291","2065569522","0.166667"
"2065569522","2065259291","0.166667"
"2065569522","2099370490","0.166667"
"2099370490","2065569522","0.166667"
"2065569522","2105436061","0.166667"
"2105436061","2065569522","0.166667"
"2065569522","2430378630","0.166667"
"2430378630","2065569522","0.166667"
"1999916788","2132701924","0.142857"
"2132701924","1999916788","0.142857"
"2024651132","2132701924","0.142857"
"2132701924","2024651132","0.142857"
"2044163187","2132701924","0.142857"
"2132701924","2044163187","0.142857"
"2044312046","2132701924","0.142857"
"2132701924","2044312046","0.142857"
"2100548092","2132701924","0.142857"
"2132701924","2100548092","0.142857"
"2117703483","2132701924","1.14286"
"2132701924","2117703483","1.14286"
"2008742021","2065259291","0.25"
"2065259291","2008742021","0.25"
"2008742021","2105436061","0.25"
"2105436061","2008742021","0.25"
"2065259291","2067047206","0.25"
"2067047206","2065259291","0.25"
"2065259291","2132701924","0.25"
"2132701924","2065259291","0.25"
"2067047206","2105436061","0.25"
"2105436061","2067047206","0.25"
"2105436061","2132701924","0.25"
"2132701924","2105436061","0.25"
"2012730477","2130696419","3.78333"
"2130696419","2012730477","3.78333"
"2012730477","2150693557","2.61667"
"2150693557","2012730477","2.61667"
"2130696419","2150693557","9.28333"
"2150693557","2130696419","9.28333"
"2130696419","2159948839","3.78333"
"2159948839","2130696419","3.78333"
"2150693557","2159948839","2.61667"
"2159948839","2150693557","2.61667"
"2012730477","2112212668","1.28333"
"2112212668","2012730477","1.28333"
"2112212668","2130696419","2.45"
"2130696419","2112212668","2.45"
"2112212668","2150693557","3.78333"
"2150693557","2112212668","3.78333"
"2112212668","2159948839","1.28333"
"2159948839","2112212668","1.28333"
"2012730477","2248601845","0.5"
"2248601845","2012730477","0.5"
"2159948839","2248601845","0.5"
"2248601845","2159948839","0.5"
"2012730477","2117461391","0.2"
"2117461391","2012730477","0.2"
"2112212668","2117461391","0.2"
"2117461391","2112212668","0.2"
"2117461391","2130696419","0.2"
"2130696419","2117461391","0.2"
"2117461391","2150693557","0.2"
"2150693557","2117461391","0.2"
"2117461391","2159948839","0.2"
"2159948839","2117461391","0.2"
"2016273390","2117703483","1"
"2117703483","2016273390","1"
"2016273390","2729309190","1.16667"
"2729309190","2016273390","1.16667"
"2016273390","642889137","1.16667"
"642889137","2016273390","1.16667"
"2024651132","975351372","0.833333"
"975351372","2024651132","0.833333"
"2044163187","975351372","0.833333"
"975351372","2044163187","0.833333"
"2024651132","2048914925","0.5"
"2048914925","2024651132","0.5"
"2044163187","2048914925","0.5"
"2048914925","2044163187","0.5"
"2099370490","975351372","0.333333"
"975351372","2099370490","0.333333"
"2065259291","2117461391","1"
"2117461391","2065259291","1"
"2105436061","2117461391","1"
"2117461391","2105436061","1"
"2112212668","2166103489","3"
"2166103489","2112212668","3"
"2112212668","2248601845","1"
"2248601845","2112212668","1"
"2119398588","2507013601","3"
"2507013601","2119398588","3"
"2248601845","2507013601","8"
"2507013601","2248601845","8"
"2128318828","2130696419","2.5"
"2130696419","2128318828","2.5"
"2128318828","2150693557","2.5"
"2150693557","2128318828","2.5"
