"11145103","2087252704","1.95"
"2087252704","11145103","1.95"
"11145103","2164636932","1.21429"
"2164636932","11145103","1.21429"
"2087252704","2164636932","2.75758"
"2164636932","2087252704","2.75758"
"11145103","1967769085","1.11667"
"1967769085","11145103","1.11667"
"1967769085","2087252704","1.37424"
"2087252704","1967769085","1.37424"
"1967769085","2164636932","2.00758"
"2164636932","1967769085","2.00758"
"11145103","1535923808","0.5"
"1535923808","11145103","0.5"
"11145103","2017912523","0.866667"
"2017912523","11145103","0.866667"
"11145103","2134101869","0.166667"
"2134101869","11145103","0.166667"
"11145103","2159221989","0.5"
"2159221989","11145103","0.5"
"1535923808","1967769085","0.507576"
"1967769085","1535923808","0.507576"
"1535923808","2017912523","1.92424"
"2017912523","1535923808","1.92424"
"1535923808","2134101869","0.366667"
"2134101869","1535923808","0.366667"
"1535923808","2159221989","6.2671"
"2159221989","1535923808","6.2671"
"1535923808","2164636932","0.840909"
"2164636932","1535923808","0.840909"
"1967769085","2017912523","0.874242"
"2017912523","1967769085","0.874242"
"1967769085","2134101869","0.166667"
"2134101869","1967769085","0.166667"
"1967769085","2159221989","0.507576"
"2159221989","1967769085","0.507576"
"2017912523","2134101869","0.166667"
"2134101869","2017912523","0.166667"
"2017912523","2159221989","2.92424"
"2159221989","2017912523","2.92424"
"2017912523","2164636932","1.00758"
"2164636932","2017912523","1.00758"
"2134101869","2159221989","3.7"
"2159221989","2134101869","3.7"
"2134101869","2164636932","0.166667"
"2164636932","2134101869","0.166667"
"2159221989","2164636932","0.840909"
"2164636932","2159221989","0.840909"
"11145103","2099525917","1.66429"
"2099525917","11145103","1.66429"
"2087252704","2099525917","3.40758"
"2099525917","2087252704","3.40758"
"11145103","2022431239","1.16429"
"2022431239","11145103","1.16429"
"2022431239","2099525917","7.95519"
"2099525917","2022431239","7.95519"
"1967769085","2022431239","1.04091"
"2022431239","1967769085","1.04091"
"1967769085","2099525917","1.04091"
"2099525917","1967769085","1.04091"
"2017912523","2022431239","0.457576"
"2022431239","2017912523","0.457576"
"2017912523","2087252704","0.457576"
"2087252704","2017912523","0.457576"
"2017912523","2099525917","0.457576"
"2099525917","2017912523","0.457576"
"2022431239","2087252704","2.90758"
"2087252704","2022431239","2.90758"
"2022431239","2164636932","2.47186"
"2164636932","2022431239","2.47186"
"2099525917","2164636932","4.47186"
"2164636932","2099525917","4.47186"
"11145103","1484772825","0.047619"
"1484772825","11145103","0.047619"
"11145103","1532788724","0.047619"
"1532788724","11145103","0.047619"
"11145103","1567711236","0.047619"
"1567711236","11145103","0.047619"
"11145103","1625144041","0.047619"
"1625144041","11145103","0.047619"
"11145103","1726173744","0.047619"
"1726173744","11145103","0.047619"
"11145103","1752807310","0.047619"
"1752807310","11145103","0.047619"
"11145103","1989072061","0.047619"
"1989072061","11145103","0.047619"
"11145103","1993819379","0.047619"
"1993819379","11145103","0.047619"
"11145103","2033592794","0.047619"
"2033592794","11145103","0.047619"
"11145103","2046739135","0.047619"
"2046739135","11145103","0.047619"
"11145103","2059678295","0.047619"
"2059678295","11145103","0.047619"
"11145103","2117902936","0.047619"
"2117902936","11145103","0.047619"
"11145103","2140487524","0.047619"
"2140487524","11145103","0.047619"
"11145103","2152030485","0.047619"
"2152030485","11145103","0.047619"
"11145103","2154031271","0.047619"
"2154031271","11145103","0.047619"
"11145103","2168078977","0.047619"
"2168078977","11145103","0.047619"
"11145103","2170188482","0.047619"
"2170188482","11145103","0.047619"
"11145103","2913069824","0.047619"
"2913069824","11145103","0.047619"
"1484772825","1532788724","0.047619"
"1532788724","1484772825","0.047619"
"1484772825","1567711236","0.047619"
"1567711236","1484772825","0.047619"
"1484772825","1625144041","0.047619"
"1625144041","1484772825","0.047619"
"1484772825","1726173744","0.047619"
"1726173744","1484772825","0.047619"
"1484772825","1752807310","0.047619"
"1752807310","1484772825","0.047619"
"1484772825","1989072061","0.047619"
"1989072061","1484772825","0.047619"
"1484772825","1993819379","1.88095"
"1993819379","1484772825","1.88095"
"1484772825","2022431239","0.138528"
"2022431239","1484772825","0.138528"
"1484772825","2033592794","0.047619"
"2033592794","1484772825","0.047619"
"1484772825","2046739135","0.047619"
"2046739135","1484772825","0.047619"
"1484772825","2059678295","6.91429"
"2059678295","1484772825","6.91429"
"1484772825","2099525917","0.138528"
"2099525917","1484772825","0.138528"
"1484772825","2117902936","0.047619"
"2117902936","1484772825","0.047619"
"1484772825","2140487524","0.047619"
"2140487524","1484772825","0.047619"
"1484772825","2152030485","0.247619"
"2152030485","1484772825","0.247619"
"1484772825","2154031271","0.247619"
"2154031271","1484772825","0.247619"
"1484772825","2164636932","0.138528"
"2164636932","1484772825","0.138528"
"1484772825","2168078977","0.047619"
"2168078977","1484772825","0.047619"
"1484772825","2170188482","0.630952"
"2170188482","1484772825","0.630952"
"1484772825","2913069824","0.047619"
"2913069824","1484772825","0.047619"
"1532788724","1567711236","0.047619"
"1567711236","1532788724","0.047619"
"1532788724","1625144041","0.047619"
"1625144041","1532788724","0.047619"
"1532788724","1726173744","0.047619"
"1726173744","1532788724","0.047619"
"1532788724","1752807310","0.047619"
"1752807310","1532788724","0.047619"
"1532788724","1989072061","0.047619"
"1989072061","1532788724","0.047619"
"1532788724","1993819379","0.047619"
"1993819379","1532788724","0.047619"
"1532788724","2022431239","0.047619"
"2022431239","1532788724","0.047619"
"1532788724","2033592794","6.04762"
"2033592794","1532788724","6.04762"
"1532788724","2046739135","0.047619"
"2046739135","1532788724","0.047619"
"1532788724","2059678295","0.047619"
"2059678295","1532788724","0.047619"
"1532788724","2099525917","0.047619"
"2099525917","1532788724","0.047619"
"1532788724","2117902936","0.047619"
"2117902936","1532788724","0.047619"
"1532788724","2140487524","0.047619"
"2140487524","1532788724","0.047619"
"1532788724","2152030485","0.047619"
"2152030485","1532788724","0.047619"
"1532788724","2154031271","0.047619"
"2154031271","1532788724","0.047619"
"1532788724","2164636932","0.047619"
"2164636932","1532788724","0.047619"
"1532788724","2168078977","0.047619"
"2168078977","1532788724","0.047619"
"1532788724","2170188482","0.047619"
"2170188482","1532788724","0.047619"
"1532788724","2913069824","0.547619"
"2913069824","1532788724","0.547619"
"1567711236","1625144041","0.047619"
"1625144041","1567711236","0.047619"
"1567711236","1726173744","4.75873"
"1726173744","1567711236","4.75873"
"1567711236","1752807310","0.15873"
"1752807310","1567711236","0.15873"
"1567711236","1989072061","1.08095"
"1989072061","1567711236","1.08095"
"1567711236","1993819379","0.247619"
"1993819379","1567711236","0.247619"
"1567711236","2022431239","0.047619"
"2022431239","1567711236","0.047619"
"1567711236","2033592794","0.047619"
"2033592794","1567711236","0.047619"
"1567711236","2046739135","0.047619"
"2046739135","1567711236","0.047619"
"1567711236","2059678295","0.247619"
"2059678295","1567711236","0.247619"
"1567711236","2099525917","0.047619"
"2099525917","1567711236","0.047619"
"1567711236","2117902936","0.047619"
"2117902936","1567711236","0.047619"
"1567711236","2140487524","0.15873"
"2140487524","1567711236","0.15873"
"1567711236","2152030485","0.047619"
"2152030485","1567711236","0.047619"
"1567711236","2154031271","0.414286"
"2154031271","1567711236","0.414286"
"1567711236","2164636932","0.047619"
"2164636932","1567711236","0.047619"
"1567711236","2168078977","0.047619"
"2168078977","1567711236","0.047619"
"1567711236","2170188482","0.247619"
"2170188482","1567711236","0.247619"
"1567711236","2913069824","0.047619"
"2913069824","1567711236","0.047619"
"1625144041","1726173744","0.047619"
"1726173744","1625144041","0.047619"
"1625144041","1752807310","0.047619"
"1752807310","1625144041","0.047619"
"1625144041","1989072061","0.047619"
"1989072061","1625144041","0.047619"
"1625144041","1993819379","0.047619"
"1993819379","1625144041","0.047619"
"1625144041","2022431239","0.047619"
"2022431239","1625144041","0.047619"
"1625144041","2033592794","0.297619"
"2033592794","1625144041","0.297619"
"1625144041","2046739135","0.047619"
"2046739135","1625144041","0.047619"
"1625144041","2059678295","0.047619"
"2059678295","1625144041","0.047619"
"1625144041","2099525917","0.047619"
"2099525917","1625144041","0.047619"
"1625144041","2117902936","0.047619"
"2117902936","1625144041","0.047619"
"1625144041","2140487524","0.047619"
"2140487524","1625144041","0.047619"
"1625144041","2152030485","0.047619"
"2152030485","1625144041","0.047619"
"1625144041","2154031271","0.047619"
"2154031271","1625144041","0.047619"
"1625144041","2164636932","0.380952"
"2164636932","1625144041","0.380952"
"1625144041","2168078977","0.297619"
"2168078977","1625144041","0.297619"
"1625144041","2170188482","0.047619"
"2170188482","1625144041","0.047619"
"1625144041","2913069824","0.297619"
"2913069824","1625144041","0.297619"
"1726173744","1752807310","1.40873"
"1752807310","1726173744","1.40873"
"1726173744","1989072061","2.83095"
"1989072061","1726173744","2.83095"
"1726173744","1993819379","0.247619"
"1993819379","1726173744","0.247619"
"1726173744","2022431239","0.047619"
"2022431239","1726173744","0.047619"
"1726173744","2033592794","0.047619"
"2033592794","1726173744","0.047619"
"1726173744","2046739135","0.547619"
"2046739135","1726173744","0.547619"
"1726173744","2059678295","1.24762"
"2059678295","1726173744","1.24762"
"1726173744","2099525917","0.047619"
"2099525917","1726173744","0.047619"
"1726173744","2117902936","0.547619"
"2117902936","1726173744","0.547619"
"1726173744","2140487524","0.40873"
"2140487524","1726173744","0.40873"
"1726173744","2152030485","0.047619"
"2152030485","1726173744","0.047619"
"1726173744","2154031271","0.414286"
"2154031271","1726173744","0.414286"
"1726173744","2164636932","0.047619"
"2164636932","1726173744","0.047619"
"1726173744","2168078977","0.047619"
"2168078977","1726173744","0.047619"
"1726173744","2170188482","0.247619"
"2170188482","1726173744","0.247619"
"1726173744","2913069824","0.047619"
"2913069824","1726173744","0.047619"
"1752807310","1989072061","0.047619"
"1989072061","1752807310","0.047619"
"1752807310","1993819379","0.047619"
"1993819379","1752807310","0.047619"
"1752807310","2022431239","0.047619"
"2022431239","1752807310","0.047619"
"1752807310","2033592794","0.047619"
"2033592794","1752807310","0.047619"
"1752807310","2046739135","0.047619"
"2046739135","1752807310","0.047619"
"1752807310","2059678295","0.047619"
"2059678295","1752807310","0.047619"
"1752807310","2099525917","0.047619"
"2099525917","1752807310","0.047619"
"1752807310","2117902936","0.047619"
"2117902936","1752807310","0.047619"
"1752807310","2140487524","1.90873"
"2140487524","1752807310","1.90873"
"1752807310","2152030485","0.047619"
"2152030485","1752807310","0.047619"
"1752807310","2154031271","0.047619"
"2154031271","1752807310","0.047619"
"1752807310","2164636932","0.047619"
"2164636932","1752807310","0.047619"
"1752807310","2168078977","0.047619"
"2168078977","1752807310","0.047619"
"1752807310","2170188482","0.047619"
"2170188482","1752807310","0.047619"
"1752807310","2913069824","0.047619"
"2913069824","1752807310","0.047619"
"1989072061","1993819379","0.047619"
"1993819379","1989072061","0.047619"
"1989072061","2022431239","0.047619"
"2022431239","1989072061","0.047619"
"1989072061","2033592794","0.047619"
"2033592794","1989072061","0.047619"
"1989072061","2046739135","1.04762"
"2046739135","1989072061","1.04762"
"1989072061","2059678295","0.347619"
"2059678295","1989072061","0.347619"
"1989072061","2099525917","0.047619"
"2099525917","1989072061","0.047619"
"1989072061","2117902936","0.047619"
"2117902936","1989072061","0.047619"
"1989072061","2140487524","0.047619"
"2140487524","1989072061","0.047619"
"1989072061","2152030485","0.047619"
"2152030485","1989072061","0.047619"
"1989072061","2154031271","0.147619"
"2154031271","1989072061","0.147619"
"1989072061","2164636932","0.047619"
"2164636932","1989072061","0.047619"
"1989072061","2168078977","0.047619"
"2168078977","1989072061","0.047619"
"1989072061","2170188482","0.047619"
"2170188482","1989072061","0.047619"
"1989072061","2913069824","0.047619"
"2913069824","1989072061","0.047619"
"1993819379","2022431239","0.047619"
"2022431239","1993819379","0.047619"
"1993819379","2033592794","0.047619"
"2033592794","1993819379","0.047619"
"1993819379","2046739135","0.047619"
"2046739135","1993819379","0.047619"
"1993819379","2059678295","1.38095"
"2059678295","1993819379","1.38095"
"1993819379","2099525917","0.047619"
"2099525917","1993819379","0.047619"
"1993819379","2117902936","0.047619"
"2117902936","1993819379","0.047619"
"1993819379","2140487524","0.047619"
"2140487524","1993819379","0.047619"
"1993819379","2152030485","0.190476"
"2152030485","1993819379","0.190476"
"1993819379","2154031271","0.047619"
"2154031271","1993819379","0.047619"
"1993819379","2164636932","0.047619"
"2164636932","1993819379","0.047619"
"1993819379","2168078977","0.047619"
"2168078977","1993819379","0.047619"
"1993819379","2170188482","0.497619"
"2170188482","1993819379","0.497619"
"1993819379","2913069824","0.047619"
"2913069824","1993819379","0.047619"
"2022431239","2033592794","0.047619"
"2033592794","2022431239","0.047619"
"2022431239","2046739135","0.047619"
"2046739135","2022431239","0.047619"
"2022431239","2059678295","0.047619"
"2059678295","2022431239","0.047619"
"2022431239","2117902936","0.047619"
"2117902936","2022431239","0.047619"
"2022431239","2140487524","0.047619"
"2140487524","2022431239","0.047619"
"2022431239","2152030485","0.047619"
"2152030485","2022431239","0.047619"
"2022431239","2154031271","0.047619"
"2154031271","2022431239","0.047619"
"2022431239","2168078977","0.047619"
"2168078977","2022431239","0.047619"
"2022431239","2170188482","0.047619"
"2170188482","2022431239","0.047619"
"2022431239","2913069824","0.047619"
"2913069824","2022431239","0.047619"
"2033592794","2046739135","0.047619"
"2046739135","2033592794","0.047619"
"2033592794","2059678295","0.047619"
"2059678295","2033592794","0.047619"
"2033592794","2099525917","0.047619"
"2099525917","2033592794","0.047619"
"2033592794","2117902936","0.047619"
"2117902936","2033592794","0.047619"
"2033592794","2140487524","0.047619"
"2140487524","2033592794","0.047619"
"2033592794","2152030485","0.047619"
"2152030485","2033592794","0.047619"
"2033592794","2154031271","0.047619"
"2154031271","2033592794","0.047619"
"2033592794","2164636932","0.047619"
"2164636932","2033592794","0.047619"
"2033592794","2168078977","0.297619"
"2168078977","2033592794","0.297619"
"2033592794","2170188482","0.047619"
"2170188482","2033592794","0.047619"
"2033592794","2913069824","1.04762"
"2913069824","2033592794","1.04762"
"2046739135","2059678295","0.047619"
"2059678295","2046739135","0.047619"
"2046739135","2099525917","0.047619"
"2099525917","2046739135","0.047619"
"2046739135","2117902936","8.38095"
"2117902936","2046739135","8.38095"
"2046739135","2140487524","0.047619"
"2140487524","2046739135","0.047619"
"2046739135","2152030485","0.047619"
"2152030485","2046739135","0.047619"
"2046739135","2154031271","0.047619"
"2154031271","2046739135","0.047619"
"2046739135","2164636932","0.047619"
"2164636932","2046739135","0.047619"
"2046739135","2168078977","0.380952"
"2168078977","2046739135","0.380952"
"2046739135","2170188482","0.047619"
"2170188482","2046739135","0.047619"
"2046739135","2913069824","0.380952"
"2913069824","2046739135","0.380952"
"2059678295","2099525917","0.047619"
"2099525917","2059678295","0.047619"
"2059678295","2117902936","0.047619"
"2117902936","2059678295","0.047619"
"2059678295","2140487524","0.047619"
"2140487524","2059678295","0.047619"
"2059678295","2152030485","1.66429"
"2152030485","2059678295","1.66429"
"2059678295","2154031271","0.347619"
"2154031271","2059678295","0.347619"
"2059678295","2164636932","0.047619"
"2164636932","2059678295","0.047619"
"2059678295","2168078977","0.047619"
"2168078977","2059678295","0.047619"
"2059678295","2170188482","2.10714"
"2170188482","2059678295","2.10714"
"2059678295","2913069824","0.047619"
"2913069824","2059678295","0.047619"
"2099525917","2117902936","0.047619"
"2117902936","2099525917","0.047619"
"2099525917","2140487524","0.047619"
"2140487524","2099525917","0.047619"
"2099525917","2152030485","0.047619"
"2152030485","2099525917","0.047619"
"2099525917","2154031271","0.047619"
"2154031271","2099525917","0.047619"
"2099525917","2168078977","0.047619"
"2168078977","2099525917","0.047619"
"2099525917","2170188482","0.047619"
"2170188482","2099525917","0.047619"
"2099525917","2913069824","0.047619"
"2913069824","2099525917","0.047619"
"2117902936","2140487524","0.047619"
"2140487524","2117902936","0.047619"
"2117902936","2152030485","0.047619"
"2152030485","2117902936","0.047619"
"2117902936","2154031271","0.047619"
"2154031271","2117902936","0.047619"
"2117902936","2164636932","0.047619"
"2164636932","2117902936","0.047619"
"2117902936","2168078977","0.380952"
"2168078977","2117902936","0.380952"
"2117902936","2170188482","0.047619"
"2170188482","2117902936","0.047619"
"2117902936","2913069824","0.380952"
"2913069824","2117902936","0.380952"
"2140487524","2152030485","0.047619"
"2152030485","2140487524","0.047619"
"2140487524","2154031271","0.047619"
"2154031271","2140487524","0.047619"
"2140487524","2164636932","0.047619"
"2164636932","2140487524","0.047619"
"2140487524","2168078977","0.047619"
"2168078977","2140487524","0.047619"
"2140487524","2170188482","0.047619"
"2170188482","2140487524","0.047619"
"2140487524","2913069824","0.047619"
"2913069824","2140487524","0.047619"
"2152030485","2154031271","0.247619"
"2154031271","2152030485","0.247619"
"2152030485","2164636932","0.047619"
"2164636932","2152030485","0.047619"
"2152030485","2168078977","0.047619"
"2168078977","2152030485","0.047619"
"2152030485","2170188482","0.047619"
"2170188482","2152030485","0.047619"
"2152030485","2913069824","0.047619"
"2913069824","2152030485","0.047619"
"2154031271","2164636932","0.047619"
"2164636932","2154031271","0.047619"
"2154031271","2168078977","0.047619"
"2168078977","2154031271","0.047619"
"2154031271","2170188482","0.047619"
"2170188482","2154031271","0.047619"
"2154031271","2913069824","0.047619"
"2913069824","2154031271","0.047619"
"2164636932","2168078977","0.047619"
"2168078977","2164636932","0.047619"
"2164636932","2170188482","0.047619"
"2170188482","2164636932","0.047619"
"2164636932","2913069824","0.047619"
"2913069824","2164636932","0.047619"
"2168078977","2170188482","0.047619"
"2170188482","2168078977","0.047619"
"2168078977","2913069824","2.63095"
"2913069824","2168078977","2.63095"
"2170188482","2913069824","0.047619"
"2913069824","2170188482","0.047619"
"1185726409","2011300314","0.664286"
"2011300314","1185726409","0.664286"
"1185726409","2089347259","2.41429"
"2089347259","1185726409","2.41429"
"1185726409","2342193205","1.62381"
"2342193205","1185726409","1.62381"
"1185726409","2751799266","3.45714"
"2751799266","1185726409","3.45714"
"1185726409","2951529282","2.27143"
"2951529282","1185726409","2.27143"
"2011300314","2089347259","0.521429"
"2089347259","2011300314","0.521429"
"2011300314","2342193205","0.414286"
"2342193205","2011300314","0.414286"
"2011300314","2751799266","0.414286"
"2751799266","2011300314","0.414286"
"2011300314","2951529282","0.521429"
"2951529282","2011300314","0.521429"
"2089347259","2342193205","1.62381"
"2342193205","2089347259","1.62381"
"2089347259","2751799266","1.95714"
"2751799266","2089347259","1.95714"
"2089347259","2951529282","8.94762"
"2951529282","2089347259","8.94762"
"2342193205","2751799266","12.0167"
"2751799266","2342193205","12.0167"
"2342193205","2951529282","1.48095"
"2951529282","2342193205","1.48095"
"2751799266","2951529282","1.81429"
"2951529282","2751799266","1.81429"
"1185726409","2124346586","0.8"
"2124346586","1185726409","0.8"
"1185726409","2154888102","1.6"
"2154888102","1185726409","1.6"
"2124346586","2154888102","2.6"
"2154888102","2124346586","2.6"
"1185726409","2042842080","2.42381"
"2042842080","1185726409","2.42381"
"1185726409","2150606131","0.842857"
"2150606131","1185726409","0.842857"
"2042842080","2150606131","1.20397"
"2150606131","2042842080","1.20397"
"2042842080","2342193205","1.42381"
"2342193205","2042842080","1.42381"
"2042842080","2751799266","1.75714"
"2751799266","2042842080","1.75714"
"2150606131","2342193205","1.17619"
"2342193205","2150606131","1.17619"
"2150606131","2751799266","1.17619"
"2751799266","2150606131","1.17619"
"2042842080","2089347259","1.53095"
"2089347259","2042842080","1.53095"
"2042842080","2951529282","1.3881"
"2951529282","2042842080","1.3881"
"1185726409","2034173754","0.25"
"2034173754","1185726409","0.25"
"2011300314","2034173754","0.25"
"2034173754","2011300314","0.25"
"2034173754","2089347259","0.25"
"2089347259","2034173754","0.25"
"2034173754","2951529282","0.25"
"2951529282","2034173754","0.25"
"1185726409","1625144041","1.6"
"1625144041","1185726409","1.6"
"1185726409","1680928814","0.539286"
"1680928814","1185726409","0.539286"
"1185726409","1989893188","0.1"
"1989893188","1185726409","0.1"
"1185726409","2222720530","0.325"
"2222720530","1185726409","0.325"
"1625144041","1680928814","0.1"
"1680928814","1625144041","0.1"
"1625144041","1989893188","0.1"
"1989893188","1625144041","0.1"
"1625144041","2042842080","0.1"
"2042842080","1625144041","0.1"
"1625144041","2089347259","0.1"
"2089347259","1625144041","0.1"
"1625144041","2150606131","0.1"
"2150606131","1625144041","0.1"
"1625144041","2222720530","0.1"
"2222720530","1625144041","0.1"
"1625144041","2342193205","0.1"
"2342193205","1625144041","0.1"
"1625144041","2751799266","0.6"
"2751799266","1625144041","0.6"
"1625144041","2951529282","0.1"
"2951529282","1625144041","0.1"
"1680928814","1989893188","0.1"
"1989893188","1680928814","0.1"
"1680928814","2042842080","0.900397"
"2042842080","1680928814","0.900397"
"1680928814","2089347259","0.539286"
"2089347259","1680928814","0.539286"
"1680928814","2150606131","2.88849"
"2150606131","1680928814","2.88849"
"1680928814","2222720530","7.74564"
"2222720530","1680928814","7.74564"
"1680928814","2342193205","0.539286"
"2342193205","1680928814","0.539286"
"1680928814","2751799266","0.539286"
"2751799266","1680928814","0.539286"
"1680928814","2951529282","0.396429"
"2951529282","1680928814","0.396429"
"1989893188","2042842080","0.1"
"2042842080","1989893188","0.1"
"1989893188","2089347259","0.766667"
"2089347259","1989893188","0.766667"
"1989893188","2150606131","0.1"
"2150606131","1989893188","0.1"
"1989893188","2222720530","0.1"
"2222720530","1989893188","0.1"
"1989893188","2342193205","0.1"
"2342193205","1989893188","0.1"
"1989893188","2751799266","1.1"
"2751799266","1989893188","1.1"
"1989893188","2951529282","0.766667"
"2951529282","1989893188","0.766667"
"2042842080","2222720530","0.686111"
"2222720530","2042842080","0.686111"
"2089347259","2150606131","0.592857"
"2150606131","2089347259","0.592857"
"2089347259","2222720530","0.325"
"2222720530","2089347259","0.325"
"2150606131","2222720530","2.74564"
"2222720530","2150606131","2.74564"
"2150606131","2951529282","0.45"
"2951529282","2150606131","0.45"
"2222720530","2342193205","0.325"
"2342193205","2222720530","0.325"
"2222720530","2751799266","0.325"
"2751799266","2222720530","0.325"
"2222720530","2951529282","0.325"
"2951529282","2222720530","0.325"
"1185726409","2010250346","0.214286"
"2010250346","1185726409","0.214286"
"1185726409","2432995321","0.605952"
"2432995321","1185726409","0.605952"
"1185726409","2753046585","0.439286"
"2753046585","1185726409","0.439286"
"2010250346","2011300314","0.214286"
"2011300314","2010250346","0.214286"
"2010250346","2042842080","1.5254"
"2042842080","2010250346","1.5254"
"2010250346","2342193205","0.547619"
"2342193205","2010250346","0.547619"
"2010250346","2432995321","0.214286"
"2432995321","2010250346","0.214286"
"2010250346","2751799266","0.547619"
"2751799266","2010250346","0.547619"
"2010250346","2753046585","4.29762"
"2753046585","2010250346","4.29762"
"2011300314","2042842080","0.214286"
"2042842080","2011300314","0.214286"
"2011300314","2432995321","0.214286"
"2432995321","2011300314","0.214286"
"2011300314","2753046585","0.214286"
"2753046585","2011300314","0.214286"
"2042842080","2432995321","0.74881"
"2432995321","2042842080","0.74881"
"2042842080","2753046585","1.27262"
"2753046585","2042842080","1.27262"
"2342193205","2432995321","0.605952"
"2432995321","2342193205","0.605952"
"2342193205","2753046585","0.439286"
"2753046585","2342193205","0.439286"
"2432995321","2751799266","0.605952"
"2751799266","2432995321","0.605952"
"2432995321","2753046585","0.689286"
"2753046585","2432995321","0.689286"
"2751799266","2753046585","1.43929"
"2753046585","2751799266","1.43929"
"1185726409","1993813873","0.214286"
"1993813873","1185726409","0.214286"
"1680928814","1993813873","0.214286"
"1993813873","1680928814","0.214286"
"1993813873","2042842080","4.75714"
"2042842080","1993813873","4.75714"
"1993813873","2089347259","0.464286"
"2089347259","1993813873","0.464286"
"1993813873","2150606131","0.285714"
"2150606131","1993813873","0.285714"
"1993813873","2342193205","0.214286"
"2342193205","1993813873","0.214286"
"1993813873","2751799266","0.214286"
"2751799266","1993813873","0.214286"
"2089347259","2432995321","0.796429"
"2432995321","2089347259","0.796429"
"2089347259","2753046585","0.296429"
"2753046585","2089347259","0.296429"
"2150606131","2432995321","0.475"
"2432995321","2150606131","0.475"
"2150606131","2753046585","0.95119"
"2753046585","2150606131","0.95119"
"2432995321","2951529282","0.463095"
"2951529282","2432995321","0.463095"
"2753046585","2951529282","0.296429"
"2951529282","2753046585","0.296429"
"1680928814","2432995321","0.421429"
"2432995321","1680928814","0.421429"
"1680928814","2753046585","0.421429"
"2753046585","1680928814","0.421429"
"2222720530","2432995321","0.35"
"2432995321","2222720530","0.35"
"2222720530","2753046585","0.35"
"2753046585","2222720530","0.35"
"1185726409","205981650","0.0714286"
"205981650","1185726409","0.0714286"
"1185726409","2065453939","0.0714286"
"2065453939","1185726409","0.0714286"
"1185726409","2126274497","0.0714286"
"2126274497","1185726409","0.0714286"
"1680928814","2010250346","0.18254"
"2010250346","1680928814","0.18254"
"1680928814","2011300314","0.0714286"
"2011300314","1680928814","0.0714286"
"1680928814","205981650","0.0714286"
"205981650","1680928814","0.0714286"
"1680928814","2065453939","0.0714286"
"2065453939","1680928814","0.0714286"
"1680928814","2126274497","0.0714286"
"2126274497","1680928814","0.0714286"
"1993813873","2010250346","2.35476"
"2010250346","1993813873","2.35476"
"1993813873","2011300314","0.0714286"
"2011300314","1993813873","0.0714286"
"1993813873","205981650","0.0714286"
"205981650","1993813873","0.0714286"
"1993813873","2065453939","0.171429"
"2065453939","1993813873","0.171429"
"1993813873","2126274497","0.314286"
"2126274497","1993813873","0.314286"
"1993813873","2432995321","0.214286"
"2432995321","1993813873","0.214286"
"1993813873","2753046585","1.46429"
"2753046585","1993813873","1.46429"
"1993813873","2951529282","0.321429"
"2951529282","1993813873","0.321429"
"2010250346","205981650","0.0714286"
"205981650","2010250346","0.0714286"
"2010250346","2065453939","0.0714286"
"2065453939","2010250346","0.0714286"
"2010250346","2089347259","0.0714286"
"2089347259","2010250346","0.0714286"
"2010250346","2126274497","0.0714286"
"2126274497","2010250346","0.0714286"
"2010250346","2951529282","0.0714286"
"2951529282","2010250346","0.0714286"
"2011300314","205981650","0.0714286"
"205981650","2011300314","0.0714286"
"2011300314","2065453939","0.0714286"
"2065453939","2011300314","0.0714286"
"2011300314","2126274497","0.0714286"
"2126274497","2011300314","0.0714286"
"2042842080","205981650","1.07143"
"205981650","2042842080","1.07143"
"2042842080","2065453939","0.0714286"
"2065453939","2042842080","0.0714286"
"2042842080","2126274497","1.13095"
"2126274497","2042842080","1.13095"
"205981650","2065453939","0.0714286"
"2065453939","205981650","0.0714286"
"205981650","2089347259","0.0714286"
"2089347259","205981650","0.0714286"
"205981650","2126274497","0.0714286"
"2126274497","205981650","0.0714286"
"205981650","2342193205","0.0714286"
"2342193205","205981650","0.0714286"
"205981650","2432995321","1.07143"
"2432995321","205981650","1.07143"
"205981650","2751799266","0.0714286"
"2751799266","205981650","0.0714286"
"205981650","2753046585","0.0714286"
"2753046585","205981650","0.0714286"
"205981650","2951529282","0.0714286"
"2951529282","205981650","0.0714286"
"2065453939","2089347259","0.0714286"
"2089347259","2065453939","0.0714286"
"2065453939","2126274497","0.171429"
"2126274497","2065453939","0.171429"
"2065453939","2342193205","0.0714286"
"2342193205","2065453939","0.0714286"
"2065453939","2432995321","0.0714286"
"2432995321","2065453939","0.0714286"
"2065453939","2751799266","0.0714286"
"2751799266","2065453939","0.0714286"
"2065453939","2753046585","0.0714286"
"2753046585","2065453939","0.0714286"
"2065453939","2951529282","0.0714286"
"2951529282","2065453939","0.0714286"
"2089347259","2126274497","0.0714286"
"2126274497","2089347259","0.0714286"
"2126274497","2342193205","0.0714286"
"2342193205","2126274497","0.0714286"
"2126274497","2432995321","0.214286"
"2432995321","2126274497","0.214286"
"2126274497","2751799266","0.0714286"
"2751799266","2126274497","0.0714286"
"2126274497","2753046585","0.404762"
"2753046585","2126274497","0.404762"
"2126274497","2951529282","0.0714286"
"2951529282","2126274497","0.0714286"
"1185726409","1540805497","0.1"
"1540805497","1185726409","0.1"
"1185726409","1989072061","0.3"
"1989072061","1185726409","0.3"
"1185726409","2059678295","0.3"
"2059678295","1185726409","0.3"
"1185726409","2134876510","0.1"
"2134876510","1185726409","0.1"
"1185726409","2148322068","0.1"
"2148322068","1185726409","0.1"
"1185726409","2154031271","0.1"
"2154031271","1185726409","0.1"
"1540805497","1989072061","0.266667"
"1989072061","1540805497","0.266667"
"1540805497","2059678295","0.409524"
"2059678295","1540805497","0.409524"
"1540805497","2089347259","0.266667"
"2089347259","1540805497","0.266667"
"1540805497","2124346586","0.1"
"2124346586","1540805497","0.1"
"1540805497","2134876510","0.683333"
"2134876510","1540805497","0.683333"
"1540805497","2148322068","0.266667"
"2148322068","1540805497","0.266667"
"1540805497","2154031271","0.1"
"2154031271","1540805497","0.1"
"1540805497","2154888102","1.35397"
"2154888102","1540805497","1.35397"
"1540805497","2951529282","0.266667"
"2951529282","1540805497","0.266667"
"1989072061","2089347259","0.266667"
"2089347259","1989072061","0.266667"
"1989072061","2124346586","0.3"
"2124346586","1989072061","0.3"
"1989072061","2134876510","0.35"
"2134876510","1989072061","0.35"
"1989072061","2148322068","0.1"
"2148322068","1989072061","0.1"
"1989072061","2154888102","0.6"
"2154888102","1989072061","0.6"
"1989072061","2951529282","0.266667"
"2951529282","1989072061","0.266667"
"2059678295","2089347259","0.3"
"2089347259","2059678295","0.3"
"2059678295","2124346586","2.13333"
"2124346586","2059678295","2.13333"
"2059678295","2134876510","0.516667"
"2134876510","2059678295","0.516667"
"2059678295","2148322068","1.26667"
"2148322068","2059678295","1.26667"
"2059678295","2154888102","1.40952"
"2154888102","2059678295","1.40952"
"2059678295","2951529282","0.3"
"2951529282","2059678295","0.3"
"2089347259","2124346586","0.1"
"2124346586","2089347259","0.1"
"2089347259","2134876510","0.433333"
"2134876510","2089347259","0.433333"
"2089347259","2148322068","0.1"
"2148322068","2089347259","0.1"
"2089347259","2154031271","0.3"
"2154031271","2089347259","0.3"
"2089347259","2154888102","0.1"
"2154888102","2089347259","0.1"
"2124346586","2134876510","0.6"
"2134876510","2124346586","0.6"
"2124346586","2148322068","0.1"
"2148322068","2124346586","0.1"
"2124346586","2154031271","0.1"
"2154031271","2124346586","0.1"
"2124346586","2951529282","0.1"
"2951529282","2124346586","0.1"
"2134876510","2148322068","1.01667"
"2148322068","2134876510","1.01667"
"2134876510","2154031271","0.1"
"2154031271","2134876510","0.1"
"2134876510","2154888102","1.18333"
"2154888102","2134876510","1.18333"
"2134876510","2951529282","0.1"
"2951529282","2134876510","0.1"
"2148322068","2154031271","0.266667"
"2154031271","2148322068","0.266667"
"2148322068","2154888102","1.43333"
"2154888102","2148322068","1.43333"
"2148322068","2951529282","0.1"
"2951529282","2148322068","0.1"
"2154031271","2154888102","2.76667"
"2154888102","2154031271","2.76667"
"2154031271","2951529282","0.3"
"2951529282","2154031271","0.3"
"2154888102","2951529282","0.1"
"2951529282","2154888102","0.1"
"1185726409","1567711236","0.2"
"1567711236","1185726409","0.2"
"1185726409","1726173744","0.2"
"1726173744","1185726409","0.2"
"1567711236","2124346586","0.4"
"2124346586","1567711236","0.4"
"1726173744","2124346586","0.4"
"2124346586","1726173744","0.4"
"1217199245","1997168731","0.5"
"1997168731","1217199245","0.5"
"1217199245","2037289266","0.5"
"2037289266","1217199245","0.5"
"1997168731","2037289266","5"
"2037289266","1997168731","5"
"140433705","149635391","4.7"
"149635391","140433705","4.7"
"140433705","1556873914","1.78333"
"1556873914","140433705","1.78333"
"140433705","1999925610","0.366667"
"1999925610","140433705","0.366667"
"140433705","2064525681","0.45"
"2064525681","140433705","0.45"
"140433705","2171531471","3.36667"
"2171531471","140433705","3.36667"
"149635391","1556873914","2.05119"
"1556873914","149635391","2.05119"
"149635391","1999925610","0.634524"
"1999925610","149635391","0.634524"
"149635391","2064525681","1.71786"
"2064525681","149635391","1.71786"
"149635391","2171531471","4.13452"
"2171531471","149635391","4.13452"
"1556873914","1999925610","1.80119"
"1999925610","1556873914","1.80119"
"1556873914","2064525681","0.884524"
"2064525681","1556873914","0.884524"
"1556873914","2171531471","1.05119"
"2171531471","1556873914","1.05119"
"1999925610","2064525681","1.63452"
"2064525681","1999925610","1.63452"
"1999925610","2171531471","0.634524"
"2171531471","1999925610","0.634524"
"2064525681","2171531471","0.717857"
"2171531471","2064525681","0.717857"
"140433705","337804850","2.25"
"337804850","140433705","2.25"
"140433705","2395781810","0.166667"
"2395781810","140433705","0.166667"
"149635391","2395781810","1.10119"
"2395781810","149635391","1.10119"
"149635391","337804850","4.01786"
"337804850","149635391","4.01786"
"1556873914","2395781810","0.60119"
"2395781810","1556873914","0.60119"
"1556873914","337804850","1.10119"
"337804850","1556873914","1.10119"
"1999925610","2395781810","1.10119"
"2395781810","1999925610","1.10119"
"1999925610","337804850","0.434524"
"337804850","1999925610","0.434524"
"2171531471","2395781810","0.60119"
"2395781810","2171531471","0.60119"
"2171531471","337804850","2.01786"
"337804850","2171531471","2.01786"
"2395781810","337804850","1.10119"
"337804850","2395781810","1.10119"
"140433705","2404748643","0.25"
"2404748643","140433705","0.25"
"149635391","2404748643","0.75"
"2404748643","149635391","0.75"
"2171531471","2404748643","0.583333"
"2404748643","2171531471","0.583333"
"2404748643","337804850","0.583333"
"337804850","2404748643","0.583333"
"140433705","2289716913","0.166667"
"2289716913","140433705","0.166667"
"140433705","2892003115","0.5"
"2892003115","140433705","0.5"
"149635391","2289716913","0.791667"
"2289716913","149635391","0.791667"
"149635391","2892003115","2.43452"
"2892003115","149635391","2.43452"
"1556873914","2289716913","1.45833"
"2289716913","1556873914","1.45833"
"1556873914","2892003115","2.10119"
"2892003115","1556873914","2.10119"
"2171531471","2289716913","0.791667"
"2289716913","2171531471","0.791667"
"2171531471","2892003115","0.60119"
"2892003115","2171531471","0.60119"
"2289716913","2892003115","2.45833"
"2892003115","2289716913","2.45833"
"2289716913","337804850","0.791667"
"337804850","2289716913","0.791667"
"2892003115","337804850","0.934524"
"337804850","2892003115","0.934524"
"140433705","2164636932","1"
"2164636932","140433705","1"
"140433705","1540805497","0.142857"
"1540805497","140433705","0.142857"
"140433705","2059678295","0.142857"
"2059678295","140433705","0.142857"
"140433705","2121612399","0.142857"
"2121612399","140433705","0.142857"
"140433705","2133900260","0.142857"
"2133900260","140433705","0.142857"
"140433705","2154888102","0.142857"
"2154888102","140433705","0.142857"
"140433705","2168144930","0.142857"
"2168144930","140433705","0.142857"
"140433705","2170188482","0.142857"
"2170188482","140433705","0.142857"
"1540805497","2121612399","0.142857"
"2121612399","1540805497","0.142857"
"1540805497","2133900260","0.142857"
"2133900260","1540805497","0.142857"
"1540805497","2168144930","0.253968"
"2168144930","1540805497","0.253968"
"1540805497","2170188482","0.142857"
"2170188482","1540805497","0.142857"
"2059678295","2121612399","0.97619"
"2121612399","2059678295","0.97619"
"2059678295","2133900260","0.142857"
"2133900260","2059678295","0.142857"
"2059678295","2168144930","0.142857"
"2168144930","2059678295","0.142857"
"2121612399","2133900260","0.142857"
"2133900260","2121612399","0.142857"
"2121612399","2154888102","0.142857"
"2154888102","2121612399","0.142857"
"2121612399","2168144930","0.142857"
"2168144930","2121612399","0.142857"
"2121612399","2170188482","8.47619"
"2170188482","2121612399","8.47619"
"2133900260","2154888102","0.142857"
"2154888102","2133900260","0.142857"
"2133900260","2168144930","0.142857"
"2168144930","2133900260","0.142857"
"2133900260","2170188482","0.142857"
"2170188482","2133900260","0.142857"
"2154888102","2168144930","0.587302"
"2168144930","2154888102","0.587302"
"2154888102","2170188482","0.142857"
"2170188482","2154888102","0.142857"
"2168144930","2170188482","0.142857"
"2170188482","2168144930","0.142857"
"1441460316","1592532873","0.875"
"1592532873","1441460316","0.875"
"1441460316","2087378048","0.875"
"2087378048","1441460316","0.875"
"1592532873","2087378048","11.1702"
"2087378048","1592532873","11.1702"
"1441460316","2079731068","0.125"
"2079731068","1441460316","0.125"
"1441460316","2143241596","0.125"
"2143241596","1441460316","0.125"
"1441460316","2311115396","0.125"
"2311115396","1441460316","0.125"
"1441460316","2399183044","0.375"
"2399183044","1441460316","0.375"
"1441460316","2432995321","0.375"
"2432995321","1441460316","0.375"
"1441460316","2581526937","0.125"
"2581526937","1441460316","0.125"
"1592532873","2079731068","0.267857"
"2079731068","1592532873","0.267857"
"1592532873","2143241596","0.610714"
"2143241596","1592532873","0.610714"
"1592532873","2311115396","0.610714"
"2311115396","1592532873","0.610714"
"1592532873","2399183044","1.3369"
"2399183044","1592532873","1.3369"
"1592532873","2432995321","2.68452"
"2432995321","1592532873","2.68452"
"1592532873","2581526937","0.125"
"2581526937","1592532873","0.125"
"2079731068","2087378048","1.13452"
"2087378048","2079731068","1.13452"
"2079731068","2143241596","0.467857"
"2143241596","2079731068","0.467857"
"2079731068","2311115396","0.267857"
"2311115396","2079731068","0.267857"
"2079731068","2399183044","0.467857"
"2399183044","2079731068","0.467857"
"2079731068","2432995321","0.991667"
"2432995321","2079731068","0.991667"
"2079731068","2581526937","0.125"
"2581526937","2079731068","0.125"
"2087378048","2143241596","2.56071"
"2143241596","2087378048","2.56071"
"2087378048","2311115396","1.52738"
"2311115396","2087378048","1.52738"
"2087378048","2399183044","5.62024"
"2399183044","2087378048","5.62024"
"2087378048","2432995321","3.55119"
"2432995321","2087378048","3.55119"
