"1035856500","1630609198","1.90799"
"1630609198","1035856500","1.90799"
"1035856500","1783793609","1.7313"
"1783793609","1035856500","1.7313"
"1035856500","1825651452","1.74391"
"1825651452","1035856500","1.74391"
"1035856500","1877461462","1.83656"
"1877461462","1035856500","1.83656"
"1035856500","1906957602","1.77685"
"1906957602","1035856500","1.77685"
"1035856500","1911635971","3.06215"
"1911635971","1035856500","3.06215"
"1035856500","1941002719","1.06686"
"1941002719","1035856500","1.06686"
"1035856500","2096057498","6.3987"
"2096057498","1035856500","6.3987"
"1035856500","2097946932","1.94094"
"2097946932","1035856500","1.94094"
"1035856500","2098562945","1.80273"
"2098562945","1035856500","1.80273"
"1035856500","2101008724","1.95969"
"2101008724","1035856500","1.95969"
"1035856500","2187803560","3.71653"
"2187803560","1035856500","3.71653"
"1035856500","2199619383","6.27727"
"2199619383","1035856500","6.27727"
"1035856500","2276620180","6.32727"
"2276620180","1035856500","6.32727"
"1035856500","2279025161","1.91424"
"2279025161","1035856500","1.91424"
"1035856500","2288848344","6.23203"
"2288848344","1035856500","6.23203"
"1035856500","2294251206","6.23203"
"2294251206","1035856500","6.23203"
"1035856500","2303799582","6.23203"
"2303799582","1035856500","6.23203"
"1035856500","2304933320","6.23203"
"2304933320","1035856500","6.23203"
"1035856500","2310548745","6.1606"
"2310548745","1035856500","6.1606"
"1035856500","2510051752","2.67864"
"2510051752","1035856500","2.67864"
"1035856500","2514724268","2.67864"
"2514724268","1035856500","2.67864"
"1035856500","2531966551","6.32727"
"2531966551","1035856500","6.32727"
"1035856500","2735470190","5.68682"
"2735470190","1035856500","5.68682"
"1630609198","1783793609","18.36"
"1783793609","1630609198","18.36"
"1630609198","1825651452","18.0877"
"1825651452","1630609198","18.0877"
"1630609198","1877461462","77.701"
"1877461462","1630609198","77.701"
"1630609198","1906957602","5.0169"
"1906957602","1630609198","5.0169"
"1630609198","1911635971","7.14217"
"1911635971","1630609198","7.14217"
"1630609198","1941002719","12.2618"
"1941002719","1630609198","12.2618"
"1630609198","2096057498","6.04387"
"2096057498","1630609198","6.04387"
"1630609198","2097946932","5.2286"
"2097946932","1630609198","5.2286"
"1630609198","2098562945","30.5243"
"2098562945","1630609198","30.5243"
"1630609198","2101008724","5.15436"
"2101008724","1630609198","5.15436"
"1630609198","2187803560","5.7887"
"2187803560","1630609198","5.7887"
"1630609198","2199619383","6.14863"
"2199619383","1630609198","6.14863"
"1630609198","2276620180","6.1153"
"2276620180","1630609198","6.1153"
"1630609198","2279025161","5.03748"
"2279025161","1630609198","5.03748"
"1630609198","2288848344","2.3511"
"2288848344","1630609198","2.3511"
"1630609198","2294251206","1.95561"
"2294251206","1630609198","1.95561"
"1630609198","2303799582","1.95561"
"2303799582","1630609198","1.95561"
"1630609198","2304933320","1.95561"
"2304933320","1630609198","1.95561"
"1630609198","2310548745","2.63681"
"2310548745","1630609198","2.63681"
"1630609198","2510051752","5.62454"
"2510051752","1630609198","5.62454"
"1630609198","2514724268","5.62454"
"2514724268","1630609198","5.62454"
"1630609198","2531966551","6.1153"
"2531966551","1630609198","6.1153"
"1630609198","2735470190","6.08981"
"2735470190","1630609198","6.08981"
"1783793609","1825651452","16.8401"
"1825651452","1783793609","16.8401"
"1783793609","1877461462","18.36"
"1877461462","1783793609","18.36"
"1783793609","1906957602","5.0169"
"1906957602","1783793609","5.0169"
"1783793609","1911635971","6.12262"
"1911635971","1783793609","6.12262"
"1783793609","1941002719","8.7618"
"1941002719","1783793609","8.7618"
"1783793609","2096057498","5.72432"
"2096057498","1783793609","5.72432"
"1783793609","2097946932","5.12334"
"2097946932","1783793609","5.12334"
"1783793609","2098562945","18.36"
"2098562945","1783793609","18.36"
"1783793609","2101008724","5.0491"
"2101008724","1783793609","5.0491"
"1783793609","2187803560","5.18344"
"2187803560","1783793609","5.18344"
"1783793609","2199619383","5.68623"
"2199619383","1783793609","5.68623"
"1783793609","2276620180","5.65289"
"2276620180","1783793609","5.65289"
"1783793609","2279025161","5.09888"
"2279025161","1783793609","5.09888"
"1783793609","2288848344","2.17441"
"2288848344","1783793609","2.17441"
"1783793609","2294251206","1.94559"
"2294251206","1783793609","1.94559"
"1783793609","2303799582","1.94559"
"2303799582","1783793609","1.94559"
"1783793609","2304933320","1.94559"
"2304933320","1783793609","1.94559"
"1783793609","2310548745","1.92679"
"2310548745","1783793609","1.92679"
"1783793609","2510051752","5.26928"
"2510051752","1783793609","5.26928"
"1783793609","2514724268","5.26928"
"2514724268","1783793609","5.26928"
"1783793609","2531966551","5.65289"
"2531966551","1783793609","5.65289"
"1783793609","2735470190","5.6274"
"2735470190","1783793609","5.6274"
"1825651452","1877461462","18.0163"
"1877461462","1825651452","18.0163"
"1825651452","1906957602","5.0169"
"1906957602","1825651452","5.0169"
"1825651452","1911635971","6.47808"
"1911635971","1825651452","6.47808"
"1825651452","1941002719","8.23403"
"1941002719","1825651452","8.23403"
"1825651452","2096057498","5.52581"
"2096057498","1825651452","5.52581"
"1825651452","2097946932","5.06452"
"2097946932","1825651452","5.06452"
"1825651452","2098562945","17.9449"
"2098562945","1825651452","17.9449"
"1825651452","2101008724","4.89027"
"2101008724","1825651452","4.89027"
"1825651452","2187803560","5.18344"
"2187803560","1825651452","5.18344"
"1825651452","2199619383","5.63058"
"2199619383","1825651452","5.63058"
"1825651452","2276620180","5.59724"
"2276620180","1825651452","5.59724"
"1825651452","2279025161","4.94006"
"2279025161","1825651452","4.94006"
"1825651452","2288848344","2.18701"
"2288848344","1825651452","2.18701"
"1825651452","2294251206","1.95819"
"2294251206","1825651452","1.95819"
"1825651452","2303799582","1.95819"
"2303799582","1825651452","1.95819"
"1825651452","2304933320","1.95819"
"2304933320","1825651452","1.95819"
"1825651452","2310548745","2.13939"
"2310548745","1825651452","2.13939"
"1825651452","2510051752","5.10261"
"2510051752","1825651452","5.10261"
"1825651452","2514724268","5.10261"
"2514724268","1825651452","5.10261"
"1825651452","2531966551","5.59724"
"2531966551","1825651452","5.59724"
"1825651452","2735470190","5.63058"
"2735470190","1825651452","5.63058"
"1877461462","1906957602","5.0169"
"1906957602","1877461462","5.0169"
"1877461462","1911635971","6.57074"
"1911635971","1877461462","6.57074"
"1877461462","1941002719","12.2618"
"1941002719","1877461462","12.2618"
"1877461462","2096057498","5.97244"
"2096057498","1877461462","5.97244"
"1877461462","2097946932","5.2286"
"2097946932","1877461462","5.2286"
"1877461462","2098562945","30.4529"
"2098562945","1877461462","30.4529"
"1877461462","2101008724","5.15436"
"2101008724","1877461462","5.15436"
"1877461462","2187803560","5.2887"
"2187803560","1877461462","5.2887"
"1877461462","2199619383","6.0772"
"2199619383","1877461462","6.0772"
"1877461462","2276620180","6.04387"
"2276620180","1877461462","6.04387"
"1877461462","2279025161","5.03748"
"2279025161","1877461462","5.03748"
"1877461462","2288848344","2.27967"
"2288848344","1877461462","2.27967"
"1877461462","2294251206","1.88418"
"2294251206","1877461462","1.88418"
"1877461462","2303799582","1.88418"
"2303799582","1877461462","1.88418"
"1877461462","2304933320","1.88418"
"2304933320","1877461462","1.88418"
"1877461462","2310548745","2.56539"
"2310548745","1877461462","2.56539"
"1877461462","2510051752","5.62454"
"2510051752","1877461462","5.62454"
"1877461462","2514724268","5.62454"
"2514724268","1877461462","5.62454"
"1877461462","2531966551","6.04387"
"2531966551","1877461462","6.04387"
"1877461462","2735470190","6.01838"
"2735470190","1877461462","6.01838"
"1906957602","1911635971","6.54247"
"1911635971","1906957602","6.54247"
"1906957602","1941002719","2.85368"
"1941002719","1906957602","2.85368"
"1906957602","2096057498","10.6552"
"2096057498","1906957602","10.6552"
"1906957602","2097946932","131.803"
"2097946932","1906957602","131.803"
"1906957602","2098562945","5.0169"
"2098562945","1906957602","5.0169"
"1906957602","2101008724","9.99585"
"2101008724","1906957602","9.99585"
"1906957602","2187803560","8.79547"
"2187803560","1906957602","8.79547"
"1906957602","2199619383","10.2838"
"2199619383","1906957602","10.2838"
"1906957602","2276620180","10.2504"
"2276620180","1906957602","10.2504"
"1906957602","2279025161","8.7123"
"2279025161","1906957602","8.7123"
"1906957602","2288848344","1.89199"
"2288848344","1906957602","1.89199"
"1906957602","2294251206","1.83935"
"2294251206","1906957602","1.83935"
"1906957602","2303799582","1.83935"
"2303799582","1906957602","1.83935"
"1906957602","2304933320","1.83935"
"2304933320","1906957602","1.83935"
"1906957602","2310548745","1.82056"
"2310548745","1906957602","1.82056"
"1906957602","2510051752","7.2691"
"2510051752","1906957602","7.2691"
"1906957602","2514724268","7.2691"
"2514724268","1906957602","7.2691"
"1906957602","2531966551","10.2504"
"2531966551","1906957602","10.2504"
"1906957602","2735470190","10.2838"
"2735470190","1906957602","10.2838"
"1911635971","1941002719","3.30377"
"1941002719","1911635971","3.30377"
"1911635971","2096057498","9.00536"
"2096057498","1911635971","9.00536"
"1911635971","2097946932","6.75418"
"2097946932","1911635971","6.75418"
"1911635971","2098562945","6.39405"
"2098562945","1911635971","6.39405"
"1911635971","2101008724","5.64793"
"2101008724","1911635971","5.64793"
"1911635971","2187803560","21.0295"
"2187803560","1911635971","21.0295"
"1911635971","2199619383","9.37441"
"2199619383","1911635971","9.37441"
"1911635971","2276620180","9.14822"
"2276620180","1911635971","9.14822"
"1911635971","2279025161","5.60248"
"2279025161","1911635971","5.60248"
"1911635971","2288848344","3.94811"
"2288848344","1911635971","3.94811"
"1911635971","2294251206","3.75262"
"2294251206","1911635971","3.75262"
"1911635971","2303799582","3.75262"
"2303799582","1911635971","3.75262"
"1911635971","2304933320","3.75262"
"2304933320","1911635971","3.75262"
"1911635971","2310548745","5.50525"
"2310548745","1911635971","5.50525"
"1911635971","2510051752","15.4142"
"2510051752","1911635971","15.4142"
"1911635971","2514724268","15.4142"
"2514724268","1911635971","15.4142"
"1911635971","2531966551","9.14822"
"2531966551","1911635971","9.14822"
"1911635971","2735470190","8.96174"
"2735470190","1911635971","8.96174"
"1941002719","2096057498","3.40228"
"2096057498","1941002719","3.40228"
"1941002719","2097946932","2.9013"
"2097946932","1941002719","2.9013"
"1941002719","2098562945","11.7618"
"2098562945","1941002719","11.7618"
"1941002719","2101008724","2.81039"
"2101008724","1941002719","2.81039"
"1941002719","2187803560","3.06568"
"2187803560","1941002719","3.06568"
"1941002719","2199619383","3.40228"
"2199619383","1941002719","3.40228"
"1941002719","2276620180","3.40228"
"2276620180","1941002719","3.40228"
"1941002719","2279025161","2.81039"
"2279025161","1941002719","2.81039"
"1941002719","2288848344","1.30997"
"2288848344","1941002719","1.30997"
"1941002719","2294251206","1.11448"
"2294251206","1941002719","1.11448"
"1941002719","2303799582","1.11448"
"2303799582","1941002719","1.11448"
"1941002719","2304933320","1.11448"
"2304933320","1941002719","1.11448"
"1941002719","2310548745","1.16711"
"2310548745","1941002719","1.16711"
"1941002719","2510051752","2.9513"
"2510051752","1941002719","2.9513"
"1941002719","2514724268","2.9513"
"2514724268","1941002719","2.9513"
"1941002719","2531966551","3.40228"
"2531966551","1941002719","3.40228"
"1941002719","2735470190","3.40228"
"2735470190","1941002719","3.40228"
"2096057498","2097946932","10.3479"
"2097946932","2096057498","10.3479"
"2096057498","2098562945","5.93861"
"2098562945","2096057498","5.93861"
"2096057498","2101008724","35.5277"
"2101008724","2096057498","35.5277"
"2096057498","2187803560","18.1485"
"2187803560","2096057498","18.1485"
"2096057498","2199619383","57.2981"
"2199619383","2096057498","57.2981"
"2096057498","2276620180","58.3481"
"2276620180","2096057498","58.3481"
"2096057498","2279025161","33.8775"
"2279025161","2096057498","33.8775"
"2096057498","2288848344","6.9174"
"2288848344","2096057498","6.9174"
"2096057498","2294251206","6.72191"
"2294251206","2096057498","6.72191"
"2096057498","2303799582","6.72191"
"2303799582","2096057498","6.72191"
"2096057498","2304933320","6.72191"
"2304933320","2096057498","6.72191"
"2096057498","2310548745","6.84875"
"2310548745","2096057498","6.84875"
"2096057498","2510051752","9.67683"
"2510051752","2096057498","9.67683"
"2096057498","2514724268","9.67683"
"2514724268","2096057498","9.67683"
"2096057498","2531966551","58.3481"
"2531966551","2096057498","58.3481"
"2096057498","2735470190","55.4743"
"2735470190","2096057498","55.4743"
"2097946932","2098562945","5.12334"
"2098562945","2097946932","5.12334"
"2097946932","2101008724","9.68851"
"2101008724","2097946932","9.68851"
"2097946932","2187803560","9.00073"
"2187803560","2097946932","9.00073"
"2097946932","2199619383","9.97644"
"2199619383","2097946932","9.97644"
"2097946932","2276620180","9.94311"
"2276620180","2097946932","9.94311"
"2097946932","2279025161","8.73829"
"2279025161","2097946932","8.73829"
"2097946932","2288848344","2.10369"
"2288848344","2097946932","2.10369"
"2097946932","2294251206","2.05106"
"2294251206","2097946932","2.05106"
"2097946932","2303799582","2.05106"
"2303799582","2097946932","2.05106"
"2097946932","2304933320","2.05106"
"2304933320","2097946932","2.05106"
"2097946932","2310548745","2.03226"
"2310548745","2097946932","2.03226"
"2097946932","2510051752","7.47436"
"2510051752","2097946932","7.47436"
"2097946932","2514724268","7.47436"
"2514724268","2097946932","7.47436"
"2097946932","2531966551","9.94311"
"2531966551","2097946932","9.94311"
"2097946932","2735470190","9.91762"
"2735470190","2097946932","9.91762"
"2098562945","2101008724","5.0491"
"2101008724","2098562945","5.0491"
"2098562945","2187803560","5.18344"
"2187803560","2098562945","5.18344"
"2098562945","2199619383","5.90051"
"2199619383","2098562945","5.90051"
"2098562945","2276620180","5.86718"
"2276620180","2098562945","5.86718"
"2098562945","2279025161","4.93221"
"2279025161","2098562945","4.93221"
"2098562945","2288848344","2.24584"
"2288848344","2098562945","2.24584"
"2098562945","2294251206","1.85035"
"2294251206","2098562945","1.85035"
"2098562945","2303799582","1.85035"
"2303799582","2098562945","1.85035"
"2098562945","2304933320","1.85035"
"2304933320","2098562945","1.85035"
"2098562945","2310548745","2.03155"
"2310548745","2098562945","2.03155"
"2098562945","2510051752","5.51928"
"2510051752","2098562945","5.51928"
"2098562945","2514724268","5.51928"
"2514724268","2098562945","5.51928"
"2098562945","2531966551","5.86718"
"2531966551","2098562945","5.86718"
"2098562945","2735470190","5.84169"
"2735470190","2098562945","5.84169"
"2101008724","2187803560","6.73423"
"2187803560","2101008724","6.73423"
"2101008724","2199619383","34.273"
"2199619383","2101008724","34.273"
"2101008724","2276620180","35.323"
"2276620180","2101008724","35.323"
"2101008724","2279025161","32.2061"
"2279025161","2101008724","32.2061"
"2101008724","2288848344","2.52006"
"2288848344","2101008724","2.52006"
"2101008724","2294251206","2.32457"
"2294251206","2101008724","2.32457"
"2101008724","2303799582","2.32457"
"2303799582","2101008724","2.32457"
"2101008724","2304933320","2.32457"
"2304933320","2101008724","2.32457"
"2101008724","2310548745","2.37641"
"2310548745","2101008724","2.37641"
"2101008724","2510051752","6.55905"
"2510051752","2101008724","6.55905"
"2101008724","2514724268","6.55905"
"2514724268","2101008724","6.55905"
"2101008724","2531966551","35.323"
"2531966551","2101008724","35.323"
"2101008724","2735470190","34.2141"
"2735470190","2101008724","34.2141"
"2187803560","2199619383","20.7354"
"2199619383","2187803560","20.7354"
"2187803560","2276620180","21.452"
"2276620180","2187803560","21.452"
"2187803560","2279025161","6.52211"
"2279025161","2187803560","6.52211"
"2187803560","2288848344","5.70666"
"2288848344","2187803560","5.70666"
"2187803560","2294251206","5.65403"
"2294251206","2187803560","5.65403"
"2187803560","2303799582","5.65403"
"2303799582","2187803560","5.65403"
"2187803560","2304933320","5.65403"
"2304933320","2187803560","5.65403"
"2187803560","2310548745","5.29356"
"2310548745","2187803560","5.29356"
"2187803560","2510051752","42.633"
"2510051752","2187803560","42.633"
"2187803560","2514724268","42.633"
"2514724268","2187803560","42.633"
"2187803560","2531966551","21.452"
"2531966551","2187803560","21.452"
"2187803560","2735470190","19.4148"
"2735470190","2187803560","19.4148"
"2199619383","2276620180","74.2993"
"2276620180","2199619383","74.2993"
"2199619383","2279025161","35.6108"
"2279025161","2199619383","35.6108"
"2199619383","2288848344","7.39716"
"2288848344","2199619383","7.39716"
"2199619383","2294251206","7.45167"
"2294251206","2199619383","7.45167"
"2199619383","2303799582","7.03501"
"2303799582","2199619383","7.03501"
"2199619383","2304933320","7.03501"
"2304933320","2199619383","7.03501"
"2199619383","2310548745","7.44161"
"2310548745","2199619383","7.44161"
"2199619383","2510051752","9.71017"
"2510051752","2199619383","9.71017"
"2199619383","2514724268","9.71017"
"2514724268","2199619383","9.71017"
"2199619383","2531966551","78.1326"
"2531966551","2199619383","78.1326"
"2199619383","2735470190","90.035"
"2735470190","2199619383","90.035"
"2276620180","2279025161","36.6608"
"2279025161","2276620180","36.6608"
"2276620180","2288848344","7.30431"
"2288848344","2276620180","7.30431"
"2276620180","2294251206","7.35882"
"2294251206","2276620180","7.35882"
"2276620180","2303799582","6.94215"
"2303799582","2276620180","6.94215"
"2276620180","2304933320","6.94215"
"2304933320","2276620180","6.94215"
"2276620180","2310548745","7.34875"
"2310548745","2276620180","7.34875"
"2276620180","2510051752","9.92683"
"2510051752","2276620180","9.92683"
"2276620180","2514724268","9.92683"
"2514724268","2276620180","9.92683"
"2276620180","2531966551","74.9326"
"2531966551","2276620180","74.9326"
"2276620180","2735470190","72.8088"
"2735470190","2276620180","72.8088"
"2279025161","2288848344","2.47461"
"2288848344","2279025161","2.47461"
"2279025161","2294251206","2.69579"
"2294251206","2279025161","2.69579"
"2279025161","2303799582","2.69579"
"2303799582","2279025161","2.69579"
"2279025161","2304933320","2.69579"
"2304933320","2279025161","2.69579"
"2279025161","2310548745","2.81905"
"2310548745","2279025161","2.81905"
"2279025161","2510051752","6.51359"
"2510051752","2279025161","6.51359"
"2279025161","2514724268","6.51359"
"2514724268","2279025161","6.51359"
"2279025161","2531966551","36.9942"
"2531966551","2279025161","36.9942"
"2279025161","2735470190","35.8854"
"2735470190","2279025161","35.8854"
"2288848344","2294251206","27.2517"
"2294251206","2288848344","27.2517"
"2288848344","2303799582","27.585"
"2303799582","2288848344","27.585"
"2288848344","2304933320","27.085"
"2304933320","2288848344","27.085"
"2288848344","2310548745","8.66358"
"2310548745","2288848344","8.66358"
"2288848344","2510051752","3.46044"
"2510051752","2288848344","3.46044"
"2288848344","2514724268","3.46044"
"2514724268","2288848344","3.46044"
"2288848344","2531966551","7.30431"
"2531966551","2288848344","7.30431"
"2288848344","2735470190","6.80672"
"2735470190","2288848344","6.80672"
"2294251206","2303799582","28.0017"
"2303799582","2294251206","28.0017"
"2294251206","2304933320","27.5017"
"2304933320","2294251206","27.5017"
"2294251206","2310548745","8.08025"
"2310548745","2294251206","8.08025"
"2294251206","2510051752","3.4078"
"2510051752","2294251206","3.4078"
"2294251206","2514724268","3.4078"
"2514724268","2294251206","3.4078"
"2294251206","2531966551","7.35882"
"2531966551","2294251206","7.35882"
"2294251206","2735470190","6.86123"
"2735470190","2294251206","6.86123"
"2303799582","2304933320","27.835"
"2304933320","2303799582","27.835"
"2303799582","2310548745","8.08025"
"2310548745","2303799582","8.08025"
"2303799582","2510051752","3.4078"
"2510051752","2303799582","3.4078"
"2303799582","2514724268","3.4078"
"2514724268","2303799582","3.4078"
"2303799582","2531966551","6.94215"
"2531966551","2303799582","6.94215"
"2303799582","2735470190","6.44456"
"2735470190","2303799582","6.44456"
"2304933320","2310548745","8.08025"
"2310548745","2304933320","8.08025"
"2304933320","2510051752","3.4078"
"2510051752","2304933320","3.4078"
"2304933320","2514724268","3.4078"
"2514724268","2304933320","3.4078"
"2304933320","2531966551","6.94215"
"2531966551","2304933320","6.94215"
"2304933320","2735470190","6.44456"
"2735470190","2304933320","6.44456"
"2310548745","2510051752","3.29377"
"2510051752","2310548745","3.29377"
"2310548745","2514724268","3.29377"
"2514724268","2310548745","3.29377"
"2310548745","2531966551","7.34875"
"2531966551","2310548745","7.34875"
"2310548745","2735470190","6.65116"
"2735470190","2310548745","6.65116"
"2510051752","2514724268","197.682"
"2514724268","2510051752","197.682"
"2510051752","2531966551","9.92683"
"2531966551","2510051752","9.92683"
"2510051752","2735470190","9.38965"
"2735470190","2510051752","9.38965"
"2514724268","2531966551","9.92683"
"2531966551","2514724268","9.92683"
"2514724268","2735470190","9.38965"
"2735470190","2514724268","9.38965"
"2531966551","2735470190","75.6422"
"2735470190","2531966551","75.6422"
"1035856500","2398696382","0.0384615"
"2398696382","1035856500","0.0384615"
"1035856500","2557511927","0.0384615"
"2557511927","1035856500","0.0384615"
"1630609198","2398696382","0.0860806"
"2398696382","1630609198","0.0860806"
"1630609198","2557511927","0.0860806"
"2557511927","1630609198","0.0860806"
"1783793609","2398696382","0.0860806"
"2398696382","1783793609","0.0860806"
"1783793609","2557511927","0.0860806"
"2557511927","1783793609","0.0860806"
"1825651452","2398696382","0.0860806"
"2398696382","1825651452","0.0860806"
"1825651452","2557511927","0.0860806"
"2557511927","1825651452","0.0860806"
"1877461462","2398696382","0.0860806"
"2398696382","1877461462","0.0860806"
"1877461462","2557511927","0.0860806"
"2557511927","1877461462","0.0860806"
"1906957602","2398696382","0.971795"
"2398696382","1906957602","0.971795"
"1906957602","2557511927","0.971795"
"2557511927","1906957602","0.971795"
"1911635971","2398696382","0.0860806"
"2398696382","1911635971","0.0860806"
"1911635971","2557511927","0.0860806"
"2557511927","1911635971","0.0860806"
"1941002719","2398696382","0.0860806"
"2398696382","1941002719","0.0860806"
"1941002719","2557511927","0.0860806"
"2557511927","1941002719","0.0860806"
"2096057498","2398696382","1.33886"
"2398696382","2096057498","1.33886"
"2096057498","2557511927","1.33886"
"2557511927","2096057498","1.33886"
"2097946932","2398696382","0.519414"
"2398696382","2097946932","0.519414"
"2097946932","2557511927","0.519414"
"2557511927","2097946932","0.519414"
"2098562945","2398696382","0.0860806"
"2398696382","2098562945","0.0860806"
"2098562945","2557511927","0.0860806"
"2557511927","2098562945","0.0860806"
"2101008724","2398696382","1.00552"
"2398696382","2101008724","1.00552"
"2101008724","2557511927","1.00552"
"2557511927","2101008724","1.00552"
"2187803560","2398696382","0.0384615"
"2398696382","2187803560","0.0384615"
"2187803560","2557511927","0.0384615"
"2557511927","2187803560","0.0384615"
"2199619383","2398696382","1.53886"
"2398696382","2199619383","1.53886"
"2199619383","2557511927","1.53886"
"2557511927","2199619383","1.53886"
"2276620180","2398696382","1.53886"
"2398696382","2276620180","1.53886"
"2276620180","2557511927","1.53886"
"2557511927","2276620180","1.53886"
"2279025161","2398696382","1.00552"
"2398696382","2279025161","1.00552"
"2279025161","2557511927","1.00552"
"2557511927","2279025161","1.00552"
"2288848344","2398696382","0.169414"
"2398696382","2288848344","0.169414"
"2288848344","2557511927","0.169414"
"2557511927","2288848344","0.169414"
"2294251206","2398696382","0.169414"
"2398696382","2294251206","0.169414"
"2294251206","2557511927","0.169414"
"2557511927","2294251206","0.169414"
"2303799582","2398696382","0.169414"
"2398696382","2303799582","0.169414"
"2303799582","2557511927","0.169414"
"2557511927","2303799582","0.169414"
"2304933320","2398696382","0.169414"
"2398696382","2304933320","0.169414"
"2304933320","2557511927","0.169414"
"2557511927","2304933320","0.169414"
"2310548745","2398696382","0.197192"
"2398696382","2310548745","0.197192"
"2310548745","2557511927","0.197192"
"2557511927","2310548745","0.197192"
"2398696382","2510051752","0.0384615"
"2510051752","2398696382","0.0384615"
"2398696382","2514724268","0.0384615"
"2514724268","2398696382","0.0384615"
"2398696382","2531966551","1.53886"
"2531966551","2398696382","1.53886"
"2398696382","2557511927","52.3722"
"2557511927","2398696382","52.3722"
"2398696382","2735470190","1.53886"
"2735470190","2398696382","1.53886"
"2510051752","2557511927","0.0384615"
"2557511927","2510051752","0.0384615"
"2514724268","2557511927","0.0384615"
"2557511927","2514724268","0.0384615"
"2531966551","2557511927","1.53886"
"2557511927","2531966551","1.53886"
"2557511927","2735470190","1.53886"
"2735470190","2557511927","1.53886"
