"1547131737","2071940270","4.58221"
"2071940270","1547131737","4.58221"
"1547131737","1553146597","0.524675"
"1553146597","1547131737","0.524675"
"1547131737","2129944822","0.862338"
"2129944822","1547131737","0.862338"
"1547131737","2144591754","0.75754"
"2144591754","1547131737","0.75754"
"1547131737","2161414947","0.473449"
"2161414947","1547131737","0.473449"
"1553146597","2071940270","1.89968"
"2071940270","1553146597","1.89968"
"1553146597","2129944822","0.290909"
"2129944822","1553146597","0.290909"
"1553146597","2144591754","0.325"
"2144591754","1553146597","0.325"
"1553146597","2161414947","0.415909"
"2161414947","1553146597","0.415909"
"2071940270","2129944822","0.729004"
"2129944822","2071940270","0.729004"
"2071940270","2144591754","1.21587"
"2144591754","2071940270","1.21587"
"2071940270","2161414947","1.09845"
"2161414947","2071940270","1.09845"
"2129944822","2144591754","0.362338"
"2144591754","2129944822","0.362338"
"2129944822","2161414947","0.362338"
"2161414947","2129944822","0.362338"
"2144591754","2161414947","3.68178"
"2161414947","2144591754","3.68178"
"1547131737","1560346232","1.79491"
"1560346232","1547131737","1.79491"
"1547131737","2166698306","3.04888"
"2166698306","1547131737","3.04888"
"1560346232","2129944822","0.953247"
"2129944822","1560346232","0.953247"
"1560346232","2166698306","3.58582"
"2166698306","1560346232","3.58582"
"2129944822","2166698306","1.45325"
"2166698306","2129944822","1.45325"
"1547131737","2069609883","0.656025"
"2069609883","1547131737","0.656025"
"1547131737","2168649222","0.656025"
"2168649222","1547131737","0.656025"
"1560346232","2069609883","1.33582"
"2069609883","1560346232","1.33582"
"1560346232","2071940270","1.82825"
"2071940270","1560346232","1.82825"
"1560346232","2168649222","0.835823"
"2168649222","1560346232","0.835823"
"2069609883","2071940270","1.85602"
"2071940270","2069609883","1.85602"
"2069609883","2129944822","2.11991"
"2129944822","2069609883","2.11991"
"2069609883","2166698306","5.23027"
"2166698306","2069609883","5.23027"
"2069609883","2168649222","5.23027"
"2168649222","2069609883","5.23027"
"2071940270","2166698306","7.66555"
"2166698306","2071940270","7.66555"
"2071940270","2168649222","1.85602"
"2168649222","2071940270","1.85602"
"2129944822","2168649222","1.11991"
"2168649222","2129944822","1.11991"
"2166698306","2168649222","4.23027"
"2168649222","2166698306","4.23027"
"1547131737","1997575000","0.364358"
"1997575000","1547131737","0.364358"
"1547131737","2004039463","0.416306"
"2004039463","1547131737","0.416306"
"1547131737","2107772336","0.305195"
"2107772336","1547131737","0.305195"
"1547131737","2341583189","0.196429"
"2341583189","1547131737","0.196429"
"1547131737","2771938060","0.0714286"
"2771938060","1547131737","0.0714286"
"1547131737","309234441","0.378247"
"309234441","1547131737","0.378247"
"1560346232","1997575000","0.344156"
"1997575000","1560346232","0.344156"
"1560346232","2004039463","0.253247"
"2004039463","1560346232","0.253247"
"1560346232","2107772336","0.162338"
"2107772336","1560346232","0.162338"
"1560346232","2144591754","0.537338"
"2144591754","1560346232","0.537338"
"1560346232","2161414947","0.253247"
"2161414947","1560346232","0.253247"
"1560346232","2341583189","0.287338"
"2341583189","1560346232","0.287338"
"1560346232","2771938060","0.0714286"
"2771938060","1560346232","0.0714286"
"1560346232","309234441","0.469156"
"309234441","1560346232","0.469156"
"1997575000","2004039463","3.98936"
"2004039463","1997575000","3.98936"
"1997575000","2069609883","0.705267"
"2069609883","1997575000","0.705267"
"1997575000","2071940270","1.98936"
"2071940270","1997575000","1.98936"
"1997575000","2107772336","0.287338"
"2107772336","1997575000","0.287338"
"1997575000","2129944822","0.253247"
"2129944822","1997575000","0.253247"
"1997575000","2144591754","1.14845"
"2144591754","1997575000","1.14845"
"1997575000","2161414947","0.989358"
"2161414947","1997575000","0.989358"
"1997575000","2166698306","2.20527"
"2166698306","1997575000","2.20527"
"1997575000","2168649222","0.705267"
"2168649222","1997575000","0.705267"
"1997575000","2341583189","1.74567"
"2341583189","1997575000","1.74567"
"1997575000","2771938060","0.0714286"
"2771938060","1997575000","0.0714286"
"1997575000","309234441","0.344156"
"309234441","1997575000","0.344156"
"2004039463","2069609883","0.364358"
"2069609883","2004039463","0.364358"
"2004039463","2071940270","0.541306"
"2071940270","2004039463","0.541306"
"2004039463","2107772336","0.430195"
"2107772336","2004039463","0.430195"
"2004039463","2129944822","0.162338"
"2129944822","2004039463","0.162338"
"2004039463","2144591754","1.48178"
"2144591754","2004039463","1.48178"
"2004039463","2161414947","1.07269"
"2161414947","2004039463","1.07269"
"2004039463","2166698306","1.42388"
"2166698306","2004039463","1.42388"
"2004039463","2168649222","0.364358"
"2168649222","2004039463","0.364358"
"2004039463","2341583189","0.412338"
"2341583189","2004039463","0.412338"
"2004039463","2771938060","0.0714286"
"2771938060","2004039463","0.0714286"
"2004039463","309234441","0.253247"
"309234441","2004039463","0.253247"
"2069609883","2107772336","0.162338"
"2107772336","2069609883","0.162338"
"2069609883","2144591754","0.398449"
"2144591754","2069609883","0.398449"
"2069609883","2161414947","0.564358"
"2161414947","2069609883","0.564358"
"2069609883","2341583189","0.487338"
"2341583189","2069609883","0.487338"
"2069609883","2771938060","0.0714286"
"2771938060","2069609883","0.0714286"
"2069609883","309234441","1.50249"
"309234441","2069609883","1.50249"
"2071940270","2107772336","0.680195"
"2107772336","2071940270","0.680195"
"2071940270","2341583189","0.196429"
"2341583189","2071940270","0.196429"
"2071940270","2771938060","0.0714286"
"2771938060","2071940270","0.0714286"
"2071940270","309234441","0.378247"
"309234441","2071940270","0.378247"
"2107772336","2129944822","0.0714286"
"2129944822","2107772336","0.0714286"
"2107772336","2144591754","0.196429"
"2144591754","2107772336","0.196429"
"2107772336","2161414947","0.287338"
"2161414947","2107772336","0.287338"
"2107772336","2166698306","1.05519"
"2166698306","2107772336","1.05519"
"2107772336","2168649222","0.162338"
"2168649222","2107772336","0.162338"
"2107772336","2341583189","0.0714286"
"2341583189","2107772336","0.0714286"
"2107772336","2771938060","0.0714286"
"2771938060","2107772336","0.0714286"
"2107772336","309234441","0.162338"
"309234441","2107772336","0.162338"
"2129944822","2341583189","0.162338"
"2341583189","2129944822","0.162338"
"2129944822","2771938060","0.0714286"
"2771938060","2129944822","0.0714286"
"2129944822","309234441","0.753247"
"309234441","2129944822","0.753247"
"2144591754","2166698306","1.56512"
"2166698306","2144591754","1.56512"
"2144591754","2168649222","0.398449"
"2168649222","2144591754","0.398449"
"2144591754","2341583189","6.28734"
"2341583189","2144591754","6.28734"
"2144591754","2771938060","0.0714286"
"2771938060","2144591754","0.0714286"
"2144591754","309234441","0.287338"
"309234441","2144591754","0.287338"
"2161414947","2166698306","1.14769"
"2166698306","2161414947","1.14769"
"2161414947","2168649222","0.564358"
"2168649222","2161414947","0.564358"
"2161414947","2341583189","2.11234"
"2341583189","2161414947","2.11234"
"2161414947","2771938060","0.0714286"
"2771938060","2161414947","0.0714286"
"2161414947","309234441","0.453247"
"309234441","2161414947","0.453247"
"2166698306","2341583189","0.737338"
"2341583189","2166698306","0.737338"
"2166698306","2771938060","0.0714286"
"2771938060","2166698306","0.0714286"
"2166698306","309234441","1.50249"
"309234441","2166698306","1.50249"
"2168649222","2341583189","0.487338"
"2341583189","2168649222","0.487338"
"2168649222","2771938060","0.0714286"
"2771938060","2168649222","0.0714286"
"2168649222","309234441","1.50249"
"309234441","2168649222","1.50249"
"2341583189","2771938060","0.0714286"
"2771938060","2341583189","0.0714286"
"2341583189","309234441","0.487338"
"309234441","2341583189","0.487338"
"2771938060","309234441","0.0714286"
"309234441","2771938060","0.0714286"
"1553146597","1560346232","0.181818"
"1560346232","1553146597","0.181818"
"1553146597","1997575000","0.306818"
"1997575000","1553146597","0.306818"
"1553146597","2004039463","0.358766"
"2004039463","1553146597","0.358766"
"1553146597","2069609883","0.181818"
"2069609883","1553146597","0.181818"
"1553146597","2107772336","2.10877"
"2107772336","1553146597","2.10877"
"1553146597","2166698306","2.57468"
"2166698306","1553146597","2.57468"
"1553146597","2168649222","0.181818"
"2168649222","1553146597","0.181818"
"1553146597","309234441","0.181818"
"309234441","1553146597","0.181818"
"1547131737","2089542785","0.233766"
"2089542785","1547131737","0.233766"
"1547131737","2618765274","0.344877"
"2618765274","1547131737","0.344877"
"1553146597","2089542785","1.73377"
"2089542785","1553146597","1.73377"
"1553146597","2618765274","1.10877"
"2618765274","1553146597","1.10877"
"2004039463","2089542785","0.47619"
"2089542785","2004039463","0.47619"
"2004039463","2618765274","1.80321"
"2618765274","2004039463","1.80321"
"2071940270","2089542785","0.733766"
"2089542785","2071940270","0.733766"
"2071940270","2618765274","0.719877"
"2618765274","2071940270","0.719877"
"2089542785","2107772336","0.642857"
"2107772336","2089542785","0.642857"
"2089542785","2166698306","1.0671"
"2166698306","2089542785","1.0671"
"2089542785","2618765274","0.5671"
"2618765274","2089542785","0.5671"
"2107772336","2618765274","0.517857"
"2618765274","2107772336","0.517857"
"2166698306","2618765274","2.76912"
"2618765274","2166698306","2.76912"
"1997575000","2618765274","1.25126"
"2618765274","1997575000","1.25126"
"2069609883","2618765274","0.542929"
"2618765274","2069609883","0.542929"
"2144591754","2618765274","0.57702"
"2618765274","2144591754","0.57702"
"2161414947","2618765274","0.32702"
"2618765274","2161414947","0.32702"
"2168649222","2618765274","0.542929"
"2618765274","2168649222","0.542929"
"1547131737","1641794914","0.333333"
"1641794914","1547131737","0.333333"
"1560346232","1641794914","0.833333"
"1641794914","1560346232","0.833333"
"1641794914","2166698306","3.66667"
"2166698306","1641794914","3.66667"
"1560346232","2089542785","0.0909091"
"2089542785","1560346232","0.0909091"
"1560346232","2618765274","0.181818"
"2618765274","1560346232","0.181818"
"1997575000","2089542785","0.0909091"
"2089542785","1997575000","0.0909091"
"2069609883","2089542785","0.0909091"
"2089542785","2069609883","0.0909091"
"2089542785","2129944822","0.0909091"
"2129944822","2089542785","0.0909091"
"2089542785","2168649222","0.0909091"
"2168649222","2089542785","0.0909091"
"2089542785","309234441","0.0909091"
"309234441","2089542785","0.0909091"
"2129944822","2618765274","0.181818"
"2618765274","2129944822","0.181818"
"2618765274","309234441","0.181818"
"309234441","2618765274","0.181818"
"1553146597","2159081106","0.5"
"2159081106","1553146597","0.5"
"2107772336","2159081106","0.5"
"2159081106","2107772336","0.5"
"1553146597","1641794914","0.125"
"1641794914","1553146597","0.125"
"1641794914","1997575000","0.625"
"1997575000","1641794914","0.625"
"1641794914","2004039463","0.125"
"2004039463","1641794914","0.125"
"1641794914","2071940270","0.958333"
"2071940270","1641794914","0.958333"
"1641794914","2107772336","0.125"
"2107772336","1641794914","0.125"
"1641794914","2144591754","0.458333"
"2144591754","1641794914","0.458333"
"1641794914","2161414947","0.125"
"2161414947","1641794914","0.125"
"1641794914","2618765274","0.125"
"2618765274","1641794914","0.125"
"2341583189","2618765274","1.17424"
"2618765274","2341583189","1.17424"
"1641794914","2142265896","1.5"
"2142265896","1641794914","1.5"
"1641794914","2101632507","0.5"
"2101632507","1641794914","0.5"
"2101632507","2142265896","10"
"2142265896","2101632507","10"
"1641794914","2069609883","0.5"
"2069609883","1641794914","0.5"
"1997575000","2554076924","1.58333"
"2554076924","1997575000","1.58333"
"2144591754","2554076924","0.25"
"2554076924","2144591754","0.25"
"2341583189","2554076924","2.08333"
"2554076924","2341583189","2.08333"
"2554076924","2618765274","1.08333"
"2618765274","2554076924","1.08333"
"2071940270","2101632507","0.5"
"2101632507","2071940270","0.5"
"2071940270","2142265896","0.5"
"2142265896","2071940270","0.5"
"2101632507","2168649222","0.5"
"2168649222","2101632507","0.5"
"2142265896","2168649222","0.5"
"2168649222","2142265896","0.5"
"2101632507","2159081106","3.5"
"2159081106","2101632507","3.5"
"2142265896","2159081106","4.5"
"2159081106","2142265896","4.5"
"2101632507","2771938060","1"
"2771938060","2101632507","1"
"2142265896","2771938060","1"
"2771938060","2142265896","1"
"2618765274","2771938060","4"
"2771938060","2618765274","4"
