"1182426426","2294510862","21.8333"
"2294510862","1182426426","21.8333"
"1182426426","2165438843","4.33333"
"2165438843","1182426426","4.33333"
"2165438843","2294510862","4.83333"
"2294510862","2165438843","4.83333"
"1182426426","2534428167","0.333333"
"2534428167","1182426426","0.333333"
"2165438843","2534428167","0.333333"
"2534428167","2165438843","0.333333"
"2294510862","2534428167","0.333333"
"2534428167","2294510862","0.333333"
"1182426426","2945775211","0.5"
"2945775211","1182426426","0.5"
"2165438843","2945775211","0.5"
"2945775211","2165438843","0.5"
"135704271","2040585856","5"
"2040585856","135704271","5"
"135704271","2566979091","1"
"2566979091","135704271","1"
"135704271","2085400819","1"
"2085400819","135704271","1"
"135704271","1493098199","0.111111"
"1493098199","135704271","0.111111"
"135704271","1574566141","0.111111"
"1574566141","135704271","0.111111"
"135704271","2041563709","0.111111"
"2041563709","135704271","0.111111"
"135704271","2102166438","0.111111"
"2102166438","135704271","0.111111"
"135704271","2131413649","0.111111"
"2131413649","135704271","0.111111"
"135704271","2151873965","0.111111"
"2151873965","135704271","0.111111"
"135704271","2160149182","0.111111"
"2160149182","135704271","0.111111"
"135704271","2267615427","0.111111"
"2267615427","135704271","0.111111"
"135704271","2282154118","0.111111"
"2282154118","135704271","0.111111"
"1493098199","1574566141","0.354701"
"1574566141","1493098199","0.354701"
"1493098199","2041563709","1.96429"
"2041563709","1493098199","1.96429"
"1493098199","2102166438","2.40873"
"2102166438","1493098199","2.40873"
"1493098199","2131413649","1.79762"
"2131413649","1493098199","1.79762"
"1493098199","2151873965","1.52137"
"2151873965","1493098199","1.52137"
"1493098199","2160149182","1.77692"
"2160149182","1493098199","1.77692"
"1493098199","2267615427","0.24359"
"2267615427","1493098199","0.24359"
"1493098199","2282154118","0.354701"
"2282154118","1493098199","0.354701"
"1574566141","2041563709","0.166667"
"2041563709","1574566141","0.166667"
"1574566141","2102166438","0.111111"
"2102166438","1574566141","0.111111"
"1574566141","2131413649","0.166667"
"2131413649","1574566141","0.166667"
"1574566141","2151873965","0.554701"
"2151873965","1574566141","0.554701"
"1574566141","2160149182","1.64359"
"2160149182","1574566141","1.64359"
"1574566141","2267615427","9.64359"
"2267615427","1574566141","9.64359"
"1574566141","2282154118","1.0547"
"2282154118","1574566141","1.0547"
"2041563709","2102166438","2.4254"
"2102166438","2041563709","2.4254"
"2041563709","2131413649","2.31429"
"2131413649","2041563709","2.31429"
"2041563709","2151873965","0.433333"
"2151873965","2041563709","0.433333"
"2041563709","2160149182","0.333333"
"2160149182","2041563709","0.333333"
"2041563709","2267615427","0.166667"
"2267615427","2041563709","0.166667"
"2041563709","2282154118","0.266667"
"2282154118","2041563709","0.266667"
"2102166438","2131413649","2.4254"
"2131413649","2102166438","2.4254"
"2102166438","2151873965","0.211111"
"2151873965","2102166438","0.211111"
"2102166438","2160149182","0.277778"
"2160149182","2102166438","0.277778"
"2102166438","2267615427","0.611111"
"2267615427","2102166438","0.611111"
"2102166438","2282154118","0.211111"
"2282154118","2102166438","0.211111"
"2131413649","2151873965","0.266667"
"2151873965","2131413649","0.266667"
"2131413649","2160149182","0.166667"
"2160149182","2131413649","0.166667"
"2131413649","2267615427","0.166667"
"2267615427","2131413649","0.166667"
"2131413649","2282154118","0.266667"
"2282154118","2131413649","0.266667"
"2151873965","2160149182","0.610256"
"2160149182","2151873965","0.610256"
"2151873965","2267615427","0.44359"
"2267615427","2151873965","0.44359"
"2151873965","2282154118","4.43162"
"2282154118","2151873965","4.43162"
"2160149182","2267615427","2.14359"
"2267615427","2160149182","2.14359"
"2160149182","2282154118","0.44359"
"2282154118","2160149182","0.44359"
"2267615427","2282154118","0.94359"
"2282154118","2267615427","0.94359"
"1445821577","1576446635","2"
"1576446635","1445821577","2"
"1445821577","1970372442","0.642857"
"1970372442","1445821577","0.642857"
"1445821577","2002430341","0.625"
"2002430341","1445821577","0.625"
"1445821577","2016901333","1.29167"
"2016901333","1445821577","1.29167"
"1445821577","2121810937","0.934524"
"2121810937","1445821577","0.934524"
"1445821577","2411006959","0.166667"
"2411006959","1445821577","0.166667"
"1445821577","2912256776","0.309524"
"2912256776","1445821577","0.309524"
"1970372442","2002430341","1.15"
"2002430341","1970372442","1.15"
"1970372442","2016901333","0.616667"
"2016901333","1970372442","0.616667"
"1970372442","2121810937","4.17381"
"2121810937","1970372442","4.17381"
"1970372442","2411006959","1.36667"
"2411006959","1970372442","1.36667"
"1970372442","2912256776","9.17381"
"2912256776","1970372442","9.17381"
"2002430341","2016901333","0.741667"
"2016901333","2002430341","0.741667"
"2002430341","2121810937","4.20833"
"2121810937","2002430341","4.20833"
"2002430341","2411006959","0.366667"
"2411006959","2002430341","0.366667"
"2002430341","2912256776","0.883333"
"2912256776","2002430341","0.883333"
"2016901333","2121810937","2.325"
"2121810937","2016901333","2.325"
"2016901333","2411006959","0.166667"
"2411006959","2016901333","0.166667"
"2016901333","2912256776","0.616667"
"2912256776","2016901333","0.616667"
"2121810937","2411006959","0.366667"
"2411006959","2121810937","0.366667"
"2121810937","2912256776","4.44048"
"2912256776","2121810937","4.44048"
"2411006959","2912256776","0.916667"
"2912256776","2411006959","0.916667"
"1445821577","2035367810","0.142857"
"2035367810","1445821577","0.142857"
"1445821577","2146620757","0.47619"
"2146620757","1445821577","0.47619"
"1445821577","2435174210","0.142857"
"2435174210","1445821577","0.142857"
"1445821577","2566979091","0.142857"
"2566979091","1445821577","0.142857"
"1970372442","2035367810","0.214286"
"2035367810","1970372442","0.214286"
"1970372442","2146620757","1.58095"
"2146620757","1970372442","1.58095"
"1970372442","2435174210","0.985714"
"2435174210","1970372442","0.985714"
"1970372442","2566979091","0.485714"
"2566979091","1970372442","0.485714"
"2035367810","2121810937","0.814286"
"2121810937","2035367810","0.814286"
"2035367810","2146620757","0.564286"
"2146620757","2035367810","0.564286"
"2035367810","2435174210","0.392857"
"2435174210","2035367810","0.392857"
"2035367810","2566979091","0.142857"
"2566979091","2035367810","0.142857"
"2035367810","2912256776","0.564286"
"2912256776","2035367810","0.564286"
"2121810937","2146620757","4.01429"
"2146620757","2121810937","4.01429"
"2121810937","2435174210","2.42619"
"2435174210","2121810937","2.42619"
"2121810937","2566979091","0.642857"
"2566979091","2121810937","0.642857"
"2146620757","2435174210","3.95952"
"2435174210","2146620757","3.95952"
"2146620757","2566979091","0.342857"
"2566979091","2146620757","0.342857"
"2146620757","2912256776","1.13095"
"2912256776","2146620757","1.13095"
"2435174210","2566979091","0.485714"
"2566979091","2435174210","0.485714"
"2435174210","2912256776","0.959524"
"2912256776","2435174210","0.959524"
"2566979091","2912256776","0.342857"
"2912256776","2566979091","0.342857"
"2002430341","2146620757","0.6"
"2146620757","2002430341","0.6"
"1445821577","1598467895","0.5"
"1598467895","1445821577","0.5"
"1598467895","2121810937","1.5"
"2121810937","1598467895","1.5"
"1445821577","2085400819","0.125"
"2085400819","1445821577","0.125"
"1445821577","2159287299","0.125"
"2159287299","1445821577","0.125"
"1445821577","2161483952","0.125"
"2161483952","1445821577","0.125"
"1445821577","2613873989","0.125"
"2613873989","1445821577","0.125"
"1445821577","2952020281","0.125"
"2952020281","1445821577","0.125"
"2002430341","2085400819","0.425"
"2085400819","2002430341","0.425"
"2002430341","2159287299","0.225"
"2159287299","2002430341","0.225"
"2002430341","2161483952","1.39167"
"2161483952","2002430341","1.39167"
"2002430341","2613873989","0.125"
"2613873989","2002430341","0.125"
"2002430341","2952020281","0.125"
"2952020281","2002430341","0.125"
"2016901333","2085400819","0.825"
"2085400819","2016901333","0.825"
"2016901333","2159287299","0.125"
"2159287299","2016901333","0.125"
"2016901333","2161483952","0.125"
"2161483952","2016901333","0.125"
"2016901333","2613873989","0.125"
"2613873989","2016901333","0.125"
"2016901333","2952020281","0.125"
"2952020281","2016901333","0.125"
"2085400819","2121810937","0.925"
"2121810937","2085400819","0.925"
"2085400819","2159287299","0.225"
"2159287299","2085400819","0.225"
"2085400819","2161483952","0.225"
"2161483952","2085400819","0.225"
"2085400819","2613873989","0.125"
"2613873989","2085400819","0.125"
"2085400819","2952020281","0.125"
"2952020281","2085400819","0.125"
"2121810937","2159287299","0.225"
"2159287299","2121810937","0.225"
"2121810937","2161483952","1.23452"
"2161483952","2121810937","1.23452"
"2121810937","2613873989","0.434524"
"2613873989","2121810937","0.434524"
"2121810937","2952020281","1.29167"
"2952020281","2121810937","1.29167"
"2159287299","2161483952","0.225"
"2161483952","2159287299","0.225"
"2159287299","2613873989","0.125"
"2613873989","2159287299","0.125"
"2159287299","2952020281","0.125"
"2952020281","2159287299","0.125"
"2161483952","2613873989","0.267857"
"2613873989","2161483952","0.267857"
"2161483952","2952020281","0.125"
"2952020281","2161483952","0.125"
"2613873989","2952020281","0.60119"
"2952020281","2613873989","0.60119"
"1485587488","2613873989","1.30952"
"2613873989","1485587488","1.30952"
"1485587488","2788975424","0.5"
"2788975424","1485587488","0.5"
"1485587488","2898352726","0.333333"
"2898352726","1485587488","0.333333"
"1485587488","2954268562","0.333333"
"2954268562","1485587488","0.333333"
"2788975424","2898352726","6.7"
"2898352726","2788975424","6.7"
"2788975424","2954268562","6.7"
"2954268562","2788975424","6.7"
"2898352726","2954268562","8.7"
"2954268562","2898352726","8.7"
"1485587488","2016901333","1.58333"
"2016901333","1485587488","1.58333"
"1485587488","2121810937","1.25"
"2121810937","1485587488","1.25"
"1485587488","2146620757","0.833333"
"2146620757","1485587488","0.833333"
"1485587488","2096193885","0.416667"
"2096193885","1485587488","0.416667"
"1485587488","2435174210","0.559524"
"2435174210","1485587488","0.559524"
"2016901333","2096193885","0.25"
"2096193885","2016901333","0.25"
"2016901333","2435174210","0.25"
"2435174210","2016901333","0.25"
"2096193885","2121810937","1.85952"
"2121810937","2096193885","1.85952"
"2096193885","2435174210","3.11667"
"2435174210","2096193885","3.11667"
"1485587488","2411006959","2"
"2411006959","1485587488","2"
"1485587488","1614330000","0.142857"
"1614330000","1485587488","0.142857"
"1485587488","1970372442","0.142857"
"1970372442","1485587488","0.142857"
"1485587488","2566979091","0.142857"
"2566979091","1485587488","0.142857"
"1485587488","2945775211","0.142857"
"2945775211","1485587488","0.142857"
"1485587488","2952020281","0.309524"
"2952020281","1485587488","0.309524"
"1614330000","1970372442","0.485714"
"1970372442","1614330000","0.485714"
"1614330000","2435174210","0.67619"
"2435174210","1614330000","0.67619"
"1614330000","2566979091","0.342857"
"2566979091","1614330000","0.342857"
"1614330000","2613873989","0.285714"
"2613873989","1614330000","0.285714"
"1614330000","2945775211","0.719048"
"2945775211","1614330000","0.719048"
"1614330000","2952020281","0.47619"
"2952020281","1614330000","0.47619"
"1970372442","2613873989","0.285714"
"2613873989","1970372442","0.285714"
"1970372442","2945775211","0.285714"
"2945775211","1970372442","0.285714"
"1970372442","2952020281","0.142857"
"2952020281","1970372442","0.142857"
"2435174210","2613873989","0.309524"
"2613873989","2435174210","0.309524"
"2435174210","2945775211","0.642857"
"2945775211","2435174210","0.642857"
"2435174210","2952020281","3.64286"
"2952020281","2435174210","3.64286"
"2566979091","2613873989","0.142857"
"2613873989","2566979091","0.142857"
"2566979091","2945775211","0.142857"
"2945775211","2566979091","0.142857"
"2566979091","2952020281","3.14286"
"2952020281","2566979091","3.14286"
"2613873989","2945775211","0.285714"
"2945775211","2613873989","0.285714"
"2945775211","2952020281","1.72619"
"2952020281","2945775211","1.72619"
"2096193885","2613873989","0.309524"
"2613873989","2096193885","0.309524"
"2096193885","2788975424","0.166667"
"2788975424","2096193885","0.166667"
"2096193885","2952020281","0.666667"
"2952020281","2096193885","0.666667"
"2121810937","2788975424","0.166667"
"2788975424","2121810937","0.166667"
"2435174210","2788975424","0.166667"
"2788975424","2435174210","0.166667"
"2613873989","2788975424","0.666667"
"2788975424","2613873989","0.666667"
"2788975424","2952020281","0.333333"
"2952020281","2788975424","0.333333"
"2016901333","2146620757","0.333333"
"2146620757","2016901333","0.333333"
"1486098759","1538818174","0.25"
"1538818174","1486098759","0.25"
"1486098759","2121523964","0.416667"
"2121523964","1486098759","0.416667"
"1486098759","2278442298","0.25"
"2278442298","1486098759","0.25"
"1486098759","964279055","0.25"
"964279055","1486098759","0.25"
"1538818174","2121523964","0.426923"
"2121523964","1538818174","0.426923"
"1538818174","2278442298","10.9269"
"2278442298","1538818174","10.9269"
"1538818174","964279055","0.25"
"964279055","1538818174","0.25"
"2121523964","2278442298","0.426923"
"2278442298","2121523964","0.426923"
"2121523964","964279055","0.25"
"964279055","2121523964","0.25"
"2278442298","964279055","0.25"
"964279055","2278442298","0.25"
"1486098759","1574566141","0.5"
"1574566141","1486098759","0.5"
"1486098759","2267615427","0.5"
"2267615427","1486098759","0.5"
"1486098759","1493098199","0.333333"
"1493098199","1486098759","0.333333"
"1486098759","2041563709","0.333333"
"2041563709","1486098759","0.333333"
"1486098759","2075712468","0.166667"
"2075712468","1486098759","0.166667"
"1486098759","2102166438","0.166667"
"2102166438","1486098759","0.166667"
"1486098759","2131413649","0.166667"
"2131413649","1486098759","0.166667"
"1493098199","2075712468","0.509524"
"2075712468","1493098199","0.509524"
"1493098199","2121523964","0.222222"
"2121523964","1493098199","0.222222"
"2041563709","2075712468","0.309524"
"2075712468","2041563709","0.309524"
"2041563709","2121523964","2.85556"
"2121523964","2041563709","2.85556"
"2075712468","2102166438","0.309524"
"2102166438","2075712468","0.309524"
"2075712468","2121523964","0.666667"
"2121523964","2075712468","0.666667"
"2075712468","2131413649","0.309524"
"2131413649","2075712468","0.309524"
"2102166438","2121523964","0.516667"
"2121523964","2102166438","0.516667"
"2121523964","2131413649","0.572222"
"2131413649","2121523964","0.572222"
"1486098759","2102489964","0.166667"
"2102489964","1486098759","0.166667"
"1486098759","2151873965","0.166667"
"2151873965","1486098759","0.166667"
"1486098759","2160149182","0.166667"
"2160149182","1486098759","0.166667"
"1486098759","2166285648","0.166667"
"2166285648","1486098759","0.166667"
"1493098199","2102489964","1.42222"
"2102489964","1493098199","1.42222"
"1493098199","2166285648","1.44359"
"2166285648","1493098199","1.44359"
"2041563709","2102489964","0.222222"
"2102489964","2041563709","0.222222"
"2041563709","2166285648","0.222222"
"2166285648","2041563709","0.222222"
"2102489964","2151873965","0.222222"
"2151873965","2102489964","0.222222"
"2102489964","2160149182","0.788889"
"2160149182","2102489964","0.788889"
"2102489964","2166285648","1.95556"
"2166285648","2102489964","1.95556"
"2151873965","2166285648","0.860256"
"2166285648","2151873965","0.860256"
"2160149182","2166285648","0.899145"
"2166285648","2160149182","0.899145"
"1493098199","1515739837","0.876984"
"1515739837","1493098199","0.876984"
"1515739837","2041563709","2.67698"
"2041563709","1515739837","2.67698"
"1515739837","2102166438","1.50476"
"2102166438","1515739837","1.50476"
"1515739837","2131413649","1.89365"
"2131413649","1515739837","1.89365"
"1493098199","2026766678","0.624542"
"2026766678","1493098199","0.624542"
"1493098199","2122990007","0.142857"
"2122990007","1493098199","0.142857"
"1493098199","2150779766","0.898413"
"2150779766","1493098199","0.898413"
"2026766678","2041563709","0.603175"
"2041563709","2026766678","0.603175"
"2026766678","2075712468","0.142857"
"2075712468","2026766678","0.142857"
"2026766678","2102166438","0.380952"
"2102166438","2026766678","0.380952"
"2026766678","2122990007","0.142857"
"2122990007","2026766678","0.142857"
"2026766678","2131413649","1.26984"
"2131413649","2026766678","1.26984"
"2026766678","2150779766","0.365079"
"2150779766","2026766678","0.365079"
"2041563709","2122990007","0.142857"
"2122990007","2041563709","0.142857"
"2041563709","2150779766","0.198413"
"2150779766","2041563709","0.198413"
"2075712468","2122990007","1.14286"
"2122990007","2075712468","1.14286"
"2075712468","2150779766","2.34286"
"2150779766","2075712468","2.34286"
"2102166438","2122990007","0.142857"
"2122990007","2102166438","0.142857"
"2102166438","2150779766","0.809524"
"2150779766","2102166438","0.809524"
"2122990007","2131413649","0.142857"
"2131413649","2122990007","0.142857"
"2122990007","2150779766","0.142857"
"2150779766","2122990007","0.142857"
"2131413649","2150779766","0.198413"
"2150779766","2131413649","0.198413"
"1493098199","1576446635","0.24359"
"1576446635","1493098199","0.24359"
"1493098199","2030528599","0.166667"
"2030528599","1493098199","0.166667"
"1493098199","2121755841","0.0555556"
"2121755841","1493098199","0.0555556"
"1493098199","2168172602","0.132479"
"2168172602","1493098199","0.132479"
"1493098199","74024549","0.24359"
"74024549","1493098199","0.24359"
"1515739837","1574566141","0.0555556"
"1574566141","1515739837","0.0555556"
"1515739837","1576446635","0.132479"
"1576446635","1515739837","0.132479"
"1515739837","2026766678","2.12698"
"2026766678","1515739837","2.12698"
"1515739837","2030528599","0.0555556"
"2030528599","1515739837","0.0555556"
"1515739837","2102489964","0.0555556"
"2102489964","1515739837","0.0555556"
"1515739837","2121523964","4.01581"
"2121523964","1515739837","4.01581"
"1515739837","2121755841","0.465812"
"2121755841","1515739837","0.465812"
"1515739837","2150779766","0.255556"
"2150779766","1515739837","0.255556"
"1515739837","2151873965","0.682479"
"2151873965","1515739837","0.682479"
"1515739837","2160149182","0.0555556"
"2160149182","1515739837","0.0555556"
"1515739837","2166285648","0.0555556"
"2166285648","1515739837","0.0555556"
"1515739837","2168172602","0.0555556"
"2168172602","1515739837","0.0555556"
"1515739837","2267615427","0.0555556"
"2267615427","1515739837","0.0555556"
"1515739837","2282154118","0.682479"
"2282154118","1515739837","0.682479"
"1515739837","74024549","0.132479"
"74024549","1515739837","0.132479"
"1574566141","1576446635","0.24359"
"1576446635","1574566141","0.24359"
"1574566141","2026766678","0.49359"
"2026766678","1574566141","0.49359"
"1574566141","2030528599","0.166667"
"2030528599","1574566141","0.166667"
"1574566141","2102489964","0.255556"
"2102489964","1574566141","0.255556"
"1574566141","2121523964","0.0555556"
"2121523964","1574566141","0.0555556"
"1574566141","2121755841","0.0555556"
"2121755841","1574566141","0.0555556"
"1574566141","2150779766","0.255556"
"2150779766","1574566141","0.255556"
"1574566141","2166285648","0.64359"
"2166285648","1574566141","0.64359"
"1574566141","2168172602","0.132479"
"2168172602","1574566141","0.132479"
"1574566141","74024549","0.74359"
"74024549","1574566141","0.74359"
"1576446635","2026766678","0.74359"
"2026766678","1576446635","0.74359"
"1576446635","2030528599","0.166667"
"2030528599","1576446635","0.166667"
"1576446635","2041563709","0.0555556"
"2041563709","1576446635","0.0555556"
"1576446635","2102489964","0.0555556"
"2102489964","1576446635","0.0555556"
"1576446635","2121523964","0.132479"
"2121523964","1576446635","0.132479"
"1576446635","2121755841","0.132479"
"2121755841","1576446635","0.132479"
"1576446635","2131413649","0.0555556"
"2131413649","1576446635","0.0555556"
"1576446635","2150779766","0.0555556"
"2150779766","1576446635","0.0555556"
"1576446635","2151873965","0.320513"
"2151873965","1576446635","0.320513"
"1576446635","2160149182","0.132479"
"2160149182","1576446635","0.132479"
"1576446635","2166285648","0.24359"
"2166285648","1576446635","0.24359"
"1576446635","2168172602","0.132479"
"2168172602","1576446635","0.132479"
"1576446635","2267615427","0.132479"
"2267615427","1576446635","0.132479"
"1576446635","2282154118","0.320513"
"2282154118","1576446635","0.320513"
"1576446635","74024549","0.820513"
"74024549","1576446635","0.820513"
"2026766678","2030528599","0.166667"
"2030528599","2026766678","0.166667"
"2026766678","2102489964","0.222222"
"2102489964","2026766678","0.222222"
"2026766678","2121523964","0.0555556"
"2121523964","2026766678","0.0555556"
"2026766678","2121755841","0.0555556"
"2121755841","2026766678","0.0555556"
"2026766678","2151873965","0.24359"
"2151873965","2026766678","0.24359"
"2026766678","2160149182","0.549145"
"2160149182","2026766678","0.549145"
"2026766678","2166285648","0.24359"
"2166285648","2026766678","0.24359"
"2026766678","2168172602","0.132479"
"2168172602","2026766678","0.132479"
"2026766678","2267615427","0.382479"
"2267615427","2026766678","0.382479"
"2026766678","2282154118","0.24359"
"2282154118","2026766678","0.24359"
"2026766678","74024549","0.99359"
"74024549","2026766678","0.99359"
"2030528599","2041563709","0.0555556"
"2041563709","2030528599","0.0555556"
"2030528599","2102489964","0.0555556"
"2102489964","2030528599","0.0555556"
"2030528599","2121523964","0.0555556"
"2121523964","2030528599","0.0555556"
"2030528599","2121755841","0.0555556"
"2121755841","2030528599","0.0555556"
"2030528599","2131413649","0.0555556"
"2131413649","2030528599","0.0555556"
"2030528599","2150779766","0.0555556"
"2150779766","2030528599","0.0555556"
"2030528599","2151873965","0.166667"
"2151873965","2030528599","0.166667"
"2030528599","2160149182","0.0555556"
"2160149182","2030528599","0.0555556"
"2030528599","2166285648","0.166667"
"2166285648","2030528599","0.166667"
"2030528599","2168172602","0.0555556"
"2168172602","2030528599","0.0555556"
"2030528599","2267615427","0.0555556"
"2267615427","2030528599","0.0555556"
"2030528599","2282154118","0.166667"
"2282154118","2030528599","0.166667"
"2030528599","74024549","0.166667"
"74024549","2030528599","0.166667"
"2041563709","2121755841","0.388889"
"2121755841","2041563709","0.388889"
"2041563709","2168172602","0.0555556"
"2168172602","2041563709","0.0555556"
"2041563709","74024549","0.0555556"
"74024549","2041563709","0.0555556"
"2102489964","2121523964","0.0555556"
"2121523964","2102489964","0.0555556"
"2102489964","2121755841","0.0555556"
"2121755841","2102489964","0.0555556"
"2102489964","2131413649","0.0555556"
"2131413649","2102489964","0.0555556"
"2102489964","2150779766","0.955556"
"2150779766","2102489964","0.955556"
"2102489964","2168172602","0.0555556"
"2168172602","2102489964","0.0555556"
"2102489964","2267615427","0.255556"
"2267615427","2102489964","0.255556"
"2102489964","2282154118","0.0555556"
"2282154118","2102489964","0.0555556"
"2102489964","74024549","0.0555556"
"74024549","2102489964","0.0555556"
"2121523964","2121755841","0.132479"
"2121755841","2121523964","0.132479"
"2121523964","2150779766","0.0555556"
"2150779766","2121523964","0.0555556"
"2121523964","2151873965","0.482479"
"2151873965","2121523964","0.482479"
"2121523964","2160149182","0.0555556"
"2160149182","2121523964","0.0555556"
"2121523964","2166285648","0.0555556"
"2166285648","2121523964","0.0555556"
"2121523964","2168172602","0.0555556"
"2168172602","2121523964","0.0555556"
"2121523964","2267615427","0.0555556"
"2267615427","2121523964","0.0555556"
"2121523964","2282154118","0.482479"
"2282154118","2121523964","0.482479"
"2121523964","74024549","0.132479"
"74024549","2121523964","0.132479"
"2121755841","2131413649","0.388889"
"2131413649","2121755841","0.388889"
"2121755841","2150779766","0.0555556"
"2150779766","2121755841","0.0555556"
"2121755841","2151873965","0.132479"
"2151873965","2121755841","0.132479"
"2121755841","2160149182","0.0555556"
"2160149182","2121755841","0.0555556"
"2121755841","2166285648","0.0555556"
"2166285648","2121755841","0.0555556"
"2121755841","2168172602","0.0555556"
"2168172602","2121755841","0.0555556"
"2121755841","2267615427","0.0555556"
"2267615427","2121755841","0.0555556"
"2121755841","2282154118","0.132479"
"2282154118","2121755841","0.132479"
"2121755841","74024549","0.132479"
"74024549","2121755841","0.132479"
"2131413649","2166285648","0.0555556"
"2166285648","2131413649","0.0555556"
"2131413649","2168172602","0.0555556"
"2168172602","2131413649","0.0555556"
"2131413649","74024549","0.0555556"
"74024549","2131413649","0.0555556"
"2150779766","2151873965","0.255556"
"2151873965","2150779766","0.255556"
"2150779766","2160149182","0.622222"
"2160149182","2150779766","0.622222"
"2150779766","2166285648","0.788889"
"2166285648","2150779766","0.788889"
"2150779766","2168172602","0.0555556"
"2168172602","2150779766","0.0555556"
"2150779766","2267615427","0.755556"
"2267615427","2150779766","0.755556"
"2150779766","2282154118","0.255556"
"2282154118","2150779766","0.255556"
"2150779766","74024549","0.0555556"
"74024549","2150779766","0.0555556"
"2151873965","2168172602","0.132479"
"2168172602","2151873965","0.132479"
"2151873965","74024549","0.320513"
"74024549","2151873965","0.320513"
"2160149182","2168172602","0.132479"
"2168172602","2160149182","0.132479"
"2160149182","74024549","0.632479"
"74024549","2160149182","0.632479"
"2166285648","2168172602","0.132479"
"2168172602","2166285648","0.132479"
"2166285648","2267615427","0.532479"
"2267615427","2166285648","0.532479"
"2166285648","2282154118","0.69359"
"2282154118","2166285648","0.69359"
"2166285648","74024549","0.24359"
"74024549","2166285648","0.24359"
"2168172602","2267615427","0.132479"
"2267615427","2168172602","0.132479"
"2168172602","2282154118","0.132479"
"2282154118","2168172602","0.132479"
"2168172602","74024549","0.132479"
"74024549","2168172602","0.132479"
"2267615427","74024549","0.632479"
"74024549","2267615427","0.632479"
"2282154118","74024549","0.320513"
"74024549","2282154118","0.320513"
"1493098199","1517546976","0.0769231"
"1517546976","1493098199","0.0769231"
"1493098199","1535035109","0.0769231"
"1535035109","1493098199","0.0769231"
"1493098199","2016901333","0.0769231"
"2016901333","1493098199","0.0769231"
"1517546976","1535035109","0.0769231"
"1535035109","1517546976","0.0769231"
"1517546976","1574566141","0.0769231"
"1574566141","1517546976","0.0769231"
"1517546976","1576446635","0.0769231"
"1576446635","1517546976","0.0769231"
"1517546976","2016901333","0.0769231"
"2016901333","1517546976","0.0769231"
"1517546976","2026766678","0.0769231"
"2026766678","1517546976","0.0769231"
"1517546976","2151873965","0.276923"
"2151873965","1517546976","0.276923"
"1517546976","2160149182","0.0769231"
"2160149182","1517546976","0.0769231"
"1517546976","2166285648","0.0769231"
"2166285648","1517546976","0.0769231"
"1517546976","2168172602","0.0769231"
"2168172602","1517546976","0.0769231"
"1517546976","2267615427","0.0769231"
"2267615427","1517546976","0.0769231"
"1517546976","2282154118","0.276923"
"2282154118","1517546976","0.276923"
"1517546976","74024549","0.0769231"
"74024549","1517546976","0.0769231"
"1535035109","1574566141","0.0769231"
"1574566141","1535035109","0.0769231"
"1535035109","1576446635","0.0769231"
"1576446635","1535035109","0.0769231"
"1535035109","2016901333","0.0769231"
"2016901333","1535035109","0.0769231"
"1535035109","2026766678","0.0769231"
"2026766678","1535035109","0.0769231"
"1535035109","2151873965","0.0769231"
"2151873965","1535035109","0.0769231"
"1535035109","2160149182","0.0769231"
"2160149182","1535035109","0.0769231"
"1535035109","2166285648","0.0769231"
"2166285648","1535035109","0.0769231"
"1535035109","2168172602","0.0769231"
"2168172602","1535035109","0.0769231"
"1535035109","2267615427","0.0769231"
"2267615427","1535035109","0.0769231"
"1535035109","2282154118","0.0769231"
"2282154118","1535035109","0.0769231"
"1535035109","74024549","0.0769231"
"74024549","1535035109","0.0769231"
"1574566141","2016901333","0.0769231"
"2016901333","1574566141","0.0769231"
"1576446635","2016901333","0.0769231"
"2016901333","1576446635","0.0769231"
"2016901333","2026766678","0.0769231"
"2026766678","2016901333","0.0769231"
"2016901333","2151873965","0.326923"
"2151873965","2016901333","0.326923"
"2016901333","2160149182","0.0769231"
"2160149182","2016901333","0.0769231"
"2016901333","2166285648","0.826923"
"2166285648","2016901333","0.826923"
"2016901333","2168172602","0.0769231"
"2168172602","2016901333","0.0769231"
"2016901333","2267615427","0.0769231"
"2267615427","2016901333","0.0769231"
"2016901333","2282154118","0.326923"
"2282154118","2016901333","0.326923"
"2016901333","74024549","0.0769231"
"74024549","2016901333","0.0769231"
"2075712468","2102489964","0.2"
"2102489964","2075712468","0.2"
"2075712468","2160149182","0.2"
"2160149182","2075712468","0.2"
"2075712468","2166285648","0.45"
"2166285648","2075712468","0.45"
"1493098199","1970372442","0.0714286"
"1970372442","1493098199","0.0714286"
"1493098199","2035367810","0.0714286"
"2035367810","1493098199","0.0714286"
"1493098199","2121810937","0.0714286"
"2121810937","1493098199","0.0714286"
"1493098199","2133206852","0.0714286"
"2133206852","1493098199","0.0714286"
"1493098199","2146466202","0.18254"
"2146466202","1493098199","0.18254"
"1493098199","2146620757","0.0714286"
"2146620757","1493098199","0.0714286"
"1493098199","2164645353","0.0714286"
"2164645353","1493098199","0.0714286"
"1493098199","2912256776","0.0714286"
"2912256776","1493098199","0.0714286"
"1493098199","2948046125","0.0714286"
"2948046125","1493098199","0.0714286"
"1515739837","1970372442","0.0714286"
"1970372442","1515739837","0.0714286"
"1515739837","2035367810","0.0714286"
"2035367810","1515739837","0.0714286"
"1515739837","2121810937","0.0714286"
"2121810937","1515739837","0.0714286"
"1515739837","2133206852","0.571429"
"2133206852","1515739837","0.571429"
"1515739837","2146466202","0.0714286"
"2146466202","1515739837","0.0714286"
"1515739837","2146620757","0.0714286"
"2146620757","1515739837","0.0714286"
"1515739837","2164645353","0.148352"
"2164645353","1515739837","0.148352"
"1515739837","2912256776","0.571429"
"2912256776","1515739837","0.571429"
"1515739837","2948046125","0.521429"
"2948046125","1515739837","0.521429"
"1970372442","2026766678","0.404762"
"2026766678","1970372442","0.404762"
"1970372442","2041563709","0.404762"
"2041563709","1970372442","0.404762"
"1970372442","2102166438","0.0714286"
"2102166438","1970372442","0.0714286"
"1970372442","2131413649","0.0714286"
"2131413649","1970372442","0.0714286"
"1970372442","2133206852","0.0714286"
"2133206852","1970372442","0.0714286"
"1970372442","2146466202","0.0714286"
"2146466202","1970372442","0.0714286"
"1970372442","2164645353","0.0714286"
"2164645353","1970372442","0.0714286"
"1970372442","2948046125","0.0714286"
"2948046125","1970372442","0.0714286"
"2026766678","2035367810","0.0714286"
"2035367810","2026766678","0.0714286"
"2026766678","2121810937","0.0714286"
"2121810937","2026766678","0.0714286"
"2026766678","2133206852","0.0714286"
"2133206852","2026766678","0.0714286"
"2026766678","2146466202","0.18254"
"2146466202","2026766678","0.18254"
"2026766678","2146620757","0.404762"
"2146620757","2026766678","0.404762"
"2026766678","2164645353","0.0714286"
"2164645353","2026766678","0.0714286"
"2026766678","2912256776","0.0714286"
"2912256776","2026766678","0.0714286"
"2026766678","2948046125","0.0714286"
"2948046125","2026766678","0.0714286"
"2035367810","2041563709","0.0714286"
"2041563709","2035367810","0.0714286"
"2035367810","2102166438","0.0714286"
"2102166438","2035367810","0.0714286"
"2035367810","2131413649","0.0714286"
"2131413649","2035367810","0.0714286"
"2035367810","2133206852","0.0714286"
"2133206852","2035367810","0.0714286"
"2035367810","2146466202","0.0714286"
"2146466202","2035367810","0.0714286"
"2035367810","2164645353","0.0714286"
"2164645353","2035367810","0.0714286"
"2035367810","2948046125","0.0714286"
"2948046125","2035367810","0.0714286"
"2041563709","2121810937","0.0714286"
"2121810937","2041563709","0.0714286"
"2041563709","2133206852","0.0714286"
"2133206852","2041563709","0.0714286"
"2041563709","2146466202","0.0714286"
"2146466202","2041563709","0.0714286"
"2041563709","2146620757","0.404762"
"2146620757","2041563709","0.404762"
"2041563709","2164645353","0.0714286"
"2164645353","2041563709","0.0714286"
"2041563709","2912256776","0.0714286"
"2912256776","2041563709","0.0714286"
"2041563709","2948046125","1.02143"
"2948046125","2041563709","1.02143"
"2102166438","2121810937","0.0714286"
"2121810937","2102166438","0.0714286"
"2102166438","2133206852","0.0714286"
"2133206852","2102166438","0.0714286"
"2102166438","2146466202","0.0714286"
"2146466202","2102166438","0.0714286"
"2102166438","2146620757","0.0714286"
"2146620757","2102166438","0.0714286"
"2102166438","2164645353","0.0714286"
"2164645353","2102166438","0.0714286"
"2102166438","2912256776","0.0714286"
"2912256776","2102166438","0.0714286"
"2102166438","2948046125","0.0714286"
"2948046125","2102166438","0.0714286"
"2121810937","2131413649","0.0714286"
"2131413649","2121810937","0.0714286"
"2121810937","2133206852","0.0714286"
"2133206852","2121810937","0.0714286"
"2121810937","2146466202","0.0714286"
"2146466202","2121810937","0.0714286"
"2121810937","2164645353","0.0714286"
"2164645353","2121810937","0.0714286"
"2121810937","2948046125","0.0714286"
"2948046125","2121810937","0.0714286"
"2131413649","2133206852","0.0714286"
"2133206852","2131413649","0.0714286"
"2131413649","2146466202","0.0714286"
"2146466202","2131413649","0.0714286"
"2131413649","2146620757","0.0714286"
"2146620757","2131413649","0.0714286"
"2131413649","2164645353","0.0714286"
"2164645353","2131413649","0.0714286"
"2131413649","2912256776","0.0714286"
"2912256776","2131413649","0.0714286"
"2131413649","2948046125","0.0714286"
"2948046125","2131413649","0.0714286"
"2133206852","2146466202","0.0714286"
"2146466202","2133206852","0.0714286"
"2133206852","2146620757","0.0714286"
"2146620757","2133206852","0.0714286"
"2133206852","2164645353","2.57143"
"2164645353","2133206852","2.57143"
"2133206852","2912256776","0.571429"
"2912256776","2133206852","0.571429"
"2133206852","2948046125","0.0714286"
"2948046125","2133206852","0.0714286"
"2146466202","2146620757","0.0714286"
"2146620757","2146466202","0.0714286"
"2146466202","2164645353","0.0714286"
"2164645353","2146466202","0.0714286"
"2146466202","2912256776","1.07143"
"2912256776","2146466202","1.07143"
"2146466202","2948046125","0.0714286"
"2948046125","2146466202","0.0714286"
"2146620757","2164645353","0.0714286"
"2164645353","2146620757","0.0714286"
"2146620757","2948046125","0.0714286"
"2948046125","2146620757","0.0714286"
"2164645353","2912256776","1.07143"
"2912256776","2164645353","1.07143"
"2164645353","2948046125","0.0714286"
"2948046125","2164645353","0.0714286"
"2912256776","2948046125","0.771429"
"2948046125","2912256776","0.771429"
"1574566141","2146466202","0.361111"
"2146466202","1574566141","0.361111"
"1576446635","2146466202","0.111111"
"2146466202","1576446635","0.111111"
"2030528599","2146466202","0.111111"
"2146466202","2030528599","0.111111"
"2146466202","2151873965","0.111111"
"2151873965","2146466202","0.111111"
"2146466202","2166285648","0.111111"
"2166285648","2146466202","0.111111"
"2146466202","2282154118","0.111111"
"2282154118","2146466202","0.111111"
"2146466202","74024549","3.36111"
"74024549","2146466202","3.36111"
"1493098199","2406545470","0.166667"
"2406545470","1493098199","0.166667"
"2026766678","2406545470","0.166667"
"2406545470","2026766678","0.166667"
"2102166438","2102489964","0.166667"
"2102489964","2102166438","0.166667"
"2102166438","2406545470","0.166667"
"2406545470","2102166438","0.166667"
"2102489964","2406545470","0.166667"
"2406545470","2102489964","0.166667"
"2150779766","2406545470","0.166667"
"2406545470","2150779766","0.166667"
"2160149182","2406545470","0.166667"
"2406545470","2160149182","0.166667"
"1499807075","1515739837","0.0769231"
"1515739837","1499807075","0.0769231"
"1499807075","1538818174","0.0769231"
"1538818174","1499807075","0.0769231"
"1499807075","1559681537","0.0769231"
"1559681537","1499807075","0.0769231"
"1499807075","1576446635","0.0769231"
"1576446635","1499807075","0.0769231"
"1499807075","1598467895","0.0769231"
"1598467895","1499807075","0.0769231"
"1499807075","2074013691","0.0769231"
"2074013691","1499807075","0.0769231"
"1499807075","2121523964","0.0769231"
"2121523964","1499807075","0.0769231"
"1499807075","2121755841","0.0769231"
"2121755841","1499807075","0.0769231"
"1499807075","2151873965","0.0769231"
"2151873965","1499807075","0.0769231"
"1499807075","2164645353","0.0769231"
"2164645353","1499807075","0.0769231"
"1499807075","2278442298","0.0769231"
"2278442298","1499807075","0.0769231"
"1499807075","2282154118","0.0769231"
"2282154118","1499807075","0.0769231"
"1499807075","74024549","0.0769231"
"74024549","1499807075","0.0769231"
"1515739837","1538818174","0.176923"
"1538818174","1515739837","0.176923"
"1515739837","1559681537","0.176923"
"1559681537","1515739837","0.176923"
"1515739837","1598467895","0.276923"
"1598467895","1515739837","0.276923"
"1515739837","2074013691","2.21026"
"2074013691","1515739837","2.21026"
"1515739837","2278442298","0.176923"
"2278442298","1515739837","0.176923"
"1538818174","1559681537","0.176923"
"1559681537","1538818174","0.176923"
"1538818174","1576446635","0.0769231"
"1576446635","1538818174","0.0769231"
"1538818174","1598467895","0.0769231"
"1598467895","1538818174","0.0769231"
"1538818174","2074013691","0.176923"
"2074013691","1538818174","0.176923"
"1538818174","2121755841","0.0769231"
"2121755841","1538818174","0.0769231"
"1538818174","2151873965","0.176923"
"2151873965","1538818174","0.176923"
"1538818174","2164645353","0.576923"
"2164645353","1538818174","0.576923"
"1538818174","2282154118","0.176923"
"2282154118","1538818174","0.176923"
"1538818174","74024549","0.0769231"
"74024549","1538818174","0.0769231"
"1559681537","1576446635","0.0769231"
"1576446635","1559681537","0.0769231"
"1559681537","1598467895","0.0769231"
"1598467895","1559681537","0.0769231"
"1559681537","2074013691","0.176923"
"2074013691","1559681537","0.176923"
"1559681537","2121523964","0.176923"
"2121523964","1559681537","0.176923"
"1559681537","2121755841","0.0769231"
"2121755841","1559681537","0.0769231"
"1559681537","2151873965","0.176923"
"2151873965","1559681537","0.176923"
"1559681537","2164645353","1.57692"
"2164645353","1559681537","1.57692"
"1559681537","2278442298","0.176923"
"2278442298","1559681537","0.176923"
"1559681537","2282154118","0.176923"
"2282154118","1559681537","0.176923"
"1559681537","74024549","0.0769231"
"74024549","1559681537","0.0769231"
"1576446635","1598467895","1.07692"
"1598467895","1576446635","1.07692"
"1576446635","2074013691","0.0769231"
"2074013691","1576446635","0.0769231"
"1576446635","2164645353","0.0769231"
"2164645353","1576446635","0.0769231"
"1576446635","2278442298","0.0769231"
"2278442298","1576446635","0.0769231"
"1598467895","2074013691","0.276923"
"2074013691","1598467895","0.276923"
"1598467895","2121523964","0.276923"
"2121523964","1598467895","0.276923"
"1598467895","2121755841","0.0769231"
"2121755841","1598467895","0.0769231"
"1598467895","2151873965","0.0769231"
"2151873965","1598467895","0.0769231"
"1598467895","2164645353","0.0769231"
"2164645353","1598467895","0.0769231"
"1598467895","2278442298","0.0769231"
"2278442298","1598467895","0.0769231"
"1598467895","2282154118","0.0769231"
"2282154118","1598467895","0.0769231"
"1598467895","74024549","0.0769231"
"74024549","1598467895","0.0769231"
"2074013691","2121523964","2.21026"
"2121523964","2074013691","2.21026"
"2074013691","2121755841","1.07692"
"2121755841","2074013691","1.07692"
