"1021815331","2030364429","0.642857"
"2030364429","1021815331","0.642857"
"1021815331","45716010","6.47619"
"45716010","1021815331","6.47619"
"2030364429","45716010","0.642857"
"45716010","2030364429","0.642857"
"1021815331","2028643340","2.83333"
"2028643340","1021815331","2.83333"
"1021815331","2535168187","0.333333"
"2535168187","1021815331","0.333333"
"2028643340","2535168187","0.333333"
"2535168187","2028643340","0.333333"
"2028643340","45716010","10.6667"
"45716010","2028643340","10.6667"
"2535168187","45716010","0.333333"
"45716010","2535168187","0.333333"
"1021815331","2009812181","1"
"2009812181","1021815331","1"
"1021815331","2401840635","2.14286"
"2401840635","1021815331","2.14286"
"2401840635","45716010","0.97619"
"45716010","2401840635","0.97619"
"1021815331","1530093105","0.142857"
"1530093105","1021815331","0.142857"
"1021815331","1544628572","0.142857"
"1544628572","1021815331","0.142857"
"1021815331","1984970925","0.142857"
"1984970925","1021815331","0.142857"
"1021815331","2151871950","0.142857"
"2151871950","1021815331","0.142857"
"1530093105","1544628572","0.142857"
"1544628572","1530093105","0.142857"
"1530093105","1984970925","28.5095"
"1984970925","1530093105","28.5095"
"1530093105","2030364429","0.142857"
"2030364429","1530093105","0.142857"
"1530093105","2151871950","0.142857"
"2151871950","1530093105","0.142857"
"1530093105","2401840635","0.142857"
"2401840635","1530093105","0.142857"
"1530093105","45716010","0.142857"
"45716010","1530093105","0.142857"
"1544628572","1984970925","0.142857"
"1984970925","1544628572","0.142857"
"1544628572","2030364429","0.309524"
"2030364429","1544628572","0.309524"
"1544628572","2151871950","1.14286"
"2151871950","1544628572","1.14286"
"1544628572","2401840635","0.767857"
"2401840635","1544628572","0.767857"
"1544628572","45716010","0.142857"
"45716010","1544628572","0.142857"
"1984970925","2030364429","0.142857"
"2030364429","1984970925","0.142857"
"1984970925","2151871950","0.142857"
"2151871950","1984970925","0.142857"
"1984970925","2401840635","0.142857"
"2401840635","1984970925","0.142857"
"1984970925","45716010","0.142857"
"45716010","1984970925","0.142857"
"2030364429","2151871950","0.142857"
"2151871950","2030364429","0.142857"
"2030364429","2401840635","1.14286"
"2401840635","2030364429","1.14286"
"2151871950","2401840635","0.142857"
"2401840635","2151871950","0.142857"
"2151871950","45716010","0.142857"
"45716010","2151871950","0.142857"
"2028643340","2401840635","1.83333"
"2401840635","2028643340","1.83333"
"1469575666","1998052044","8.17619"
"1998052044","1469575666","8.17619"
"1469575666","2341596735","7.70952"
"2341596735","1469575666","7.70952"
"1469575666","30643259","5.01905"
"30643259","1469575666","5.01905"
"1998052044","2341596735","2.03333"
"2341596735","1998052044","2.03333"
"1998052044","30643259","2.84286"
"30643259","1998052044","2.84286"
"2341596735","30643259","4.20952"
"30643259","2341596735","4.20952"
"1469575666","1999230350","1.85238"
"1999230350","1469575666","1.85238"
"1469575666","2085828533","2.31905"
"2085828533","1469575666","2.31905"
"1469575666","2137003099","0.47619"
"2137003099","1469575666","0.47619"
"1469575666","2153012241","1.98571"
"2153012241","1469575666","1.98571"
"1469575666","2296000245","0.452381"
"2296000245","1469575666","0.452381"
"1998052044","1999230350","0.842857"
"1999230350","1998052044","0.842857"
"1998052044","2085828533","0.142857"
"2085828533","1998052044","0.142857"
"1998052044","2137003099","2.30952"
"2137003099","1998052044","2.30952"
"1998052044","2153012241","2.67619"
"2153012241","1998052044","2.67619"
"1998052044","2296000245","4.42619"
"2296000245","1998052044","4.42619"
"1999230350","2085828533","0.819048"
"2085828533","1999230350","0.819048"
"1999230350","2137003099","0.142857"
"2137003099","1999230350","0.142857"
"1999230350","2153012241","1.31905"
"2153012241","1999230350","1.31905"
"1999230350","2296000245","0.785714"
"2296000245","1999230350","0.785714"
"1999230350","30643259","1.35238"
"30643259","1999230350","1.35238"
"2085828533","2137003099","0.142857"
"2137003099","2085828533","0.142857"
"2085828533","2153012241","0.619048"
"2153012241","2085828533","0.619048"
"2085828533","2296000245","0.285714"
"2296000245","2085828533","0.285714"
"2085828533","30643259","0.819048"
"30643259","2085828533","0.819048"
"2137003099","2153012241","0.47619"
"2153012241","2137003099","0.47619"
"2137003099","2296000245","0.97619"
"2296000245","2137003099","0.97619"
"2137003099","30643259","0.142857"
"30643259","2137003099","0.142857"
"2153012241","2296000245","0.785714"
"2296000245","2153012241","0.785714"
"2153012241","30643259","2.15238"
"30643259","2153012241","2.15238"
"2296000245","30643259","0.452381"
"30643259","2296000245","0.452381"
"1469575666","1842811854","0.342857"
"1842811854","1469575666","0.342857"
"1842811854","1999230350","0.67619"
"1999230350","1842811854","0.67619"
"1842811854","2085828533","0.67619"
"2085828533","1842811854","0.67619"
"1842811854","2153012241","1.47619"
"2153012241","1842811854","1.47619"
"1842811854","2296000245","0.47619"
"2296000245","1842811854","0.47619"
"1842811854","2341596735","0.342857"
"2341596735","1842811854","0.342857"
"1842811854","30643259","0.342857"
"30643259","1842811854","0.342857"
"1999230350","2341596735","0.542857"
"2341596735","1999230350","0.542857"
"2085828533","2341596735","0.67619"
"2341596735","2085828533","0.67619"
"2153012241","2341596735","1.34286"
"2341596735","2153012241","1.34286"
"2296000245","2341596735","0.142857"
"2341596735","2296000245","0.142857"
"1469575666","2030364429","1"
"2030364429","1469575666","1"
"1469575666","2346919594","0.666667"
"2346919594","1469575666","0.666667"
"1998052044","2346919594","0.5"
"2346919594","1998052044","0.5"
"1999230350","2346919594","0.166667"
"2346919594","1999230350","0.166667"
"2153012241","2346919594","0.166667"
"2346919594","2153012241","0.166667"
"2296000245","2346919594","0.166667"
"2346919594","2296000245","0.166667"
"2346919594","30643259","1.16667"
"30643259","2346919594","1.16667"
"2085828533","2346919594","0.5"
"2346919594","2085828533","0.5"
"1496768716","2136027622","1.33333"
"2136027622","1496768716","1.33333"
"1496768716","2013994772","0.333333"
"2013994772","1496768716","0.333333"
"1496768716","2346919594","0.333333"
"2346919594","1496768716","0.333333"
"2013994772","2136027622","6.83333"
"2136027622","2013994772","6.83333"
"2013994772","2346919594","0.333333"
"2346919594","2013994772","0.333333"
"2136027622","2346919594","0.333333"
"2346919594","2136027622","0.333333"
"1530093105","2122482281","2.66667"
"2122482281","1530093105","2.66667"
"1984970925","2122482281","2.86667"
"2122482281","1984970925","2.86667"
"1530093105","1966093576","0.2"
"1966093576","1530093105","0.2"
"1530093105","2076291573","0.2"
"2076291573","1530093105","0.2"
"1530093105","38077678","0.2"
"38077678","1530093105","0.2"
"1530093105","94128116","0.2"
"94128116","1530093105","0.2"
"1966093576","1984970925","0.2"
"1984970925","1966093576","0.2"
"1966093576","2076291573","4.37064"
"2076291573","1966093576","4.37064"
"1966093576","38077678","1.70397"
"38077678","1966093576","1.70397"
"1966093576","94128116","5.99564"
"94128116","1966093576","5.99564"
"1984970925","2076291573","0.2"
"2076291573","1984970925","0.2"
"1984970925","38077678","0.2"
"38077678","1984970925","0.2"
"1984970925","94128116","0.2"
"94128116","1984970925","0.2"
"2076291573","38077678","0.453968"
"38077678","2076291573","0.453968"
"2076291573","94128116","2.2873"
"94128116","2076291573","2.2873"
"38077678","94128116","1.70397"
"94128116","38077678","1.70397"
"1530093105","1998052044","0.333333"
"1998052044","1530093105","0.333333"
"1984970925","1998052044","0.533333"
"1998052044","1984970925","0.533333"
"1998052044","2122482281","0.533333"
"2122482281","1998052044","0.533333"
"1530093105","2346919594","0.5"
"2346919594","1530093105","0.5"
"1984970925","2346919594","0.5"
"2346919594","1984970925","0.5"
"1530093105","2161980604","0.333333"
"2161980604","1530093105","0.333333"
"1984970925","2161980604","0.666667"
"2161980604","1984970925","0.666667"
"2122482281","2161980604","0.944444"
"2161980604","2122482281","0.944444"
"1544628572","2161980604","0.611111"
"2161980604","1544628572","0.611111"
"2161980604","2401840635","0.5"
"2401840635","2161980604","0.5"
"1544628572","2134149677","1.66667"
"2134149677","1544628572","1.66667"
"1544628572","1602357152","1.125"
"1602357152","1544628572","1.125"
"1544628572","2028643340","0.611111"
"2028643340","1544628572","0.611111"
"1602357152","2028643340","0.642857"
"2028643340","1602357152","0.642857"
"1602357152","2134149677","0.75"
"2134149677","1602357152","0.75"
"1544628572","2139517609","1.23611"
"2139517609","1544628572","1.23611"
"1544628572","1966093576","0.402778"
"1966093576","1544628572","0.402778"
"1544628572","2115310094","0.125"
"2115310094","1544628572","0.125"
"1544628572","2122482281","0.236111"
"2122482281","1544628572","0.236111"
"1544628572","2164180916","0.125"
"2164180916","1544628572","0.125"
"1544628572","94128116","0.402778"
"94128116","1544628572","0.402778"
"1602357152","1966093576","0.267857"
"1966093576","1602357152","0.267857"
"1602357152","2115310094","0.767857"
"2115310094","1602357152","0.767857"
"1602357152","2122482281","0.125"
"2122482281","1602357152","0.125"
"1602357152","2139517609","0.458333"
"2139517609","1602357152","0.458333"
"1602357152","2164180916","1.10119"
"2164180916","1602357152","1.10119"
"1602357152","2401840635","0.375"
"2401840635","1602357152","0.375"
"1602357152","94128116","0.267857"
"94128116","1602357152","0.267857"
"1966093576","2115310094","0.767857"
"2115310094","1966093576","0.767857"
"1966093576","2122482281","0.236111"
"2122482281","1966093576","0.236111"
"1966093576","2139517609","1.98611"
"2139517609","1966093576","1.98611"
"1966093576","2164180916","1.51786"
"2164180916","1966093576","1.51786"
"1966093576","2401840635","0.125"
"2401840635","1966093576","0.125"
"2115310094","2122482281","0.325"
"2122482281","2115310094","0.325"
"2115310094","2139517609","0.375"
"2139517609","2115310094","0.375"
"2115310094","2164180916","4.80119"
"2164180916","2115310094","4.80119"
"2115310094","2401840635","0.125"
"2401840635","2115310094","0.125"
"2115310094","94128116","0.267857"
"94128116","2115310094","0.267857"
"2122482281","2139517609","0.236111"
"2139517609","2122482281","0.236111"
"2122482281","2164180916","0.325"
"2164180916","2122482281","0.325"
"2122482281","2401840635","0.125"
"2401840635","2122482281","0.125"
"2122482281","94128116","0.236111"
"94128116","2122482281","0.236111"
"2139517609","2164180916","0.708333"
"2164180916","2139517609","0.708333"
"2139517609","2401840635","0.125"
"2401840635","2139517609","0.125"
"2139517609","94128116","0.236111"
"94128116","2139517609","0.236111"
"2164180916","2401840635","0.125"
"2401840635","2164180916","0.125"
"2164180916","94128116","0.517857"
"94128116","2164180916","0.517857"
"2401840635","94128116","0.125"
"94128116","2401840635","0.125"
"1544628572","2036469985","0.111111"
"2036469985","1544628572","0.111111"
"1544628572","2076291573","0.111111"
"2076291573","1544628572","0.111111"
"1544628572","38077678","0.277778"
"38077678","1544628572","0.277778"
"1966093576","2028643340","0.253968"
"2028643340","1966093576","0.253968"
"1966093576","2036469985","1.02778"
"2036469985","1966093576","1.02778"
"1966093576","2161980604","0.111111"
"2161980604","1966093576","0.111111"
"2028643340","2036469985","0.111111"
"2036469985","2028643340","0.111111"
"2028643340","2076291573","0.253968"
"2076291573","2028643340","0.253968"
"2028643340","2122482281","0.111111"
"2122482281","2028643340","0.111111"
"2028643340","2139517609","0.111111"
"2139517609","2028643340","0.111111"
"2028643340","2161980604","0.444444"
"2161980604","2028643340","0.444444"
"2028643340","38077678","0.253968"
"38077678","2028643340","0.253968"
"2028643340","94128116","0.253968"
"94128116","2028643340","0.253968"
"2036469985","2076291573","0.977778"
"2076291573","2036469985","0.977778"
"2036469985","2122482281","0.111111"
"2122482281","2036469985","0.111111"
"2036469985","2139517609","0.111111"
"2139517609","2036469985","0.111111"
"2036469985","2161980604","0.111111"
"2161980604","2036469985","0.111111"
"2036469985","38077678","0.694444"
"38077678","2036469985","0.694444"
"2036469985","94128116","0.694444"
"94128116","2036469985","0.694444"
"2076291573","2122482281","0.111111"
"2122482281","2076291573","0.111111"
"2076291573","2139517609","0.944444"
"2139517609","2076291573","0.944444"
"2076291573","2161980604","0.111111"
"2161980604","2076291573","0.111111"
"2122482281","38077678","0.111111"
"38077678","2122482281","0.111111"
"2139517609","2161980604","0.111111"
"2161980604","2139517609","0.111111"
"2139517609","38077678","0.111111"
"38077678","2139517609","0.111111"
"2161980604","38077678","0.111111"
"38077678","2161980604","0.111111"
"2161980604","94128116","0.111111"
"94128116","2161980604","0.111111"
"1544628572","2034684123","0.166667"
"2034684123","1544628572","0.166667"
"1966093576","2030364429","0.166667"
"2030364429","1966093576","0.166667"
"1966093576","2034684123","2.58333"
"2034684123","1966093576","2.58333"
"1966093576","2134149677","0.75"
"2134149677","1966093576","0.75"
"2030364429","2034684123","0.166667"
"2034684123","2030364429","0.166667"
"2030364429","2134149677","0.166667"
"2134149677","2030364429","0.166667"
"2030364429","38077678","0.166667"
"38077678","2030364429","0.166667"
"2030364429","94128116","0.166667"
"94128116","2030364429","0.166667"
"2034684123","2134149677","0.5"
"2134149677","2034684123","0.5"
"2034684123","38077678","0.166667"
"38077678","2034684123","0.166667"
"2034684123","94128116","0.833333"
"94128116","2034684123","0.833333"
"2134149677","38077678","0.166667"
"38077678","2134149677","0.166667"
"2134149677","94128116","0.5"
"94128116","2134149677","0.5"
"1602357152","2076291573","0.97619"
"2076291573","1602357152","0.97619"
"2076291573","2164180916","1.55952"
"2164180916","2076291573","1.55952"
"1602357152","38077678","0.142857"
"38077678","1602357152","0.142857"
"2028643340","2115310094","0.142857"
"2115310094","2028643340","0.142857"
"2028643340","2164180916","0.142857"
"2164180916","2028643340","0.142857"
"2076291573","2115310094","0.72619"
"2115310094","2076291573","0.72619"
"2115310094","38077678","0.142857"
"38077678","2115310094","0.142857"
"2164180916","38077678","0.392857"
"38077678","2164180916","0.392857"
"1602357152","1998052044","0.25"
"1998052044","1602357152","0.25"
"1602357152","2296000245","0.25"
"2296000245","1602357152","0.25"
"1998052044","2134149677","0.25"
"2134149677","1998052044","0.25"
"1998052044","2401840635","0.25"
"2401840635","1998052044","0.25"
"2134149677","2296000245","0.25"
"2296000245","2134149677","0.25"
"2134149677","2401840635","0.25"
"2401840635","2134149677","0.25"
"2296000245","2401840635","0.25"
"2401840635","2296000245","0.25"
"1602357152","2034684123","0.5"
"2034684123","1602357152","0.5"
"2034684123","2076291573","4.11667"
"2076291573","2034684123","4.11667"
"1602357152","2030364429","1"
"2030364429","1602357152","1"
"1842811854","1998052044","0.333333"
"1998052044","1842811854","0.333333"
"1842811854","2137003099","0.333333"
"2137003099","1842811854","0.333333"
"2036469985","2164180916","0.583333"
"2164180916","2036469985","0.583333"
"2115310094","2134149677","0.25"
"2134149677","2115310094","0.25"
"2134149677","2139517609","0.25"
"2139517609","2134149677","0.25"
"2134149677","2164180916","0.25"
"2164180916","2134149677","0.25"
"1966093576","2013994772","0.333333"
"2013994772","1966093576","0.333333"
"2013994772","2036469985","0.533333"
"2036469985","2013994772","0.533333"
"2013994772","2076291573","0.866667"
"2076291573","2013994772","0.866667"
"2034684123","2115310094","0.25"
"2115310094","2034684123","0.25"
"2034684123","2164180916","0.25"
"2164180916","2034684123","0.25"
"1984970925","2115310094","0.2"
"2115310094","1984970925","0.2"
"1984970925","2164180916","0.2"
"2164180916","1984970925","0.2"
"1984970925","2296000245","0.2"
"2296000245","1984970925","0.2"
"1998052044","2115310094","0.2"
"2115310094","1998052044","0.2"
"1998052044","2164180916","0.2"
"2164180916","1998052044","0.2"
"2115310094","2296000245","0.2"
"2296000245","2115310094","0.2"
"2122482281","2296000245","0.2"
"2296000245","2122482281","0.2"
"2164180916","2296000245","0.2"
"2296000245","2164180916","0.2"
"1984970925","2028643340","0.333333"
"2028643340","1984970925","0.333333"
"1984970925","30643259","0.333333"
"30643259","1984970925","0.333333"
"2028643340","30643259","0.666667"
"30643259","2028643340","0.666667"
"2161980604","30643259","0.833333"
"30643259","2161980604","0.833333"
"1998052044","2030364429","0.333333"
"2030364429","1998052044","0.333333"
"1998052044","2102499162","0.333333"
"2102499162","1998052044","0.333333"
"2030364429","2102499162","0.333333"
"2102499162","2030364429","0.333333"
"2030364429","2346919594","0.333333"
"2346919594","2030364429","0.333333"
"2102499162","2346919594","0.333333"
"2346919594","2102499162","0.333333"
"1998052044","2161980604","0.5"
"2161980604","1998052044","0.5"
"2161980604","2296000245","0.5"
"2296000245","2161980604","0.5"
"1999230350","2028643340","1"
"2028643340","1999230350","1"
"1999230350","2161980604","0.5"
"2161980604","1999230350","0.5"
"2013994772","2084172919","6.36667"
"2084172919","2013994772","6.36667"
"2013994772","2034684123","6.7"
"2034684123","2013994772","6.7"
"2084172919","2136027622","6.66667"
"2136027622","2084172919","6.66667"
"2034684123","2084172919","7.36667"
"2084172919","2034684123","7.36667"
"2013994772","2165748100","0.7"
"2165748100","2013994772","0.7"
"2034684123","2036469985","0.2"
"2036469985","2034684123","0.2"
"2034684123","2165748100","0.7"
"2165748100","2034684123","0.7"
"2036469985","2084172919","0.2"
"2084172919","2036469985","0.2"
"2036469985","2165748100","0.2"
"2165748100","2036469985","0.2"
"2076291573","2084172919","0.2"
"2084172919","2076291573","0.2"
"2076291573","2165748100","0.2"
"2165748100","2076291573","0.2"
"2084172919","2165748100","1.2"
"2165748100","2084172919","1.2"
"2034684123","2136027622","2.5"
"2136027622","2034684123","2.5"
"2076291573","2136027622","0.333333"
"2136027622","2076291573","0.333333"
"2028643340","2151871950","2"
"2151871950","2028643340","2"
"2401840635","30643259","0.333333"
"30643259","2401840635","0.333333"
"30643259","45716010","0.333333"
"45716010","30643259","0.333333"
"2030364429","2122482281","0.5"
"2122482281","2030364429","0.5"
"2030364429","2161980604","0.5"
"2161980604","2030364429","0.5"
"2036469985","2115310094","0.333333"
"2115310094","2036469985","0.333333"
"2085828533","2161980604","1"
"2161980604","2085828533","1"
"2161980604","2346919594","1"
"2346919594","2161980604","1"
"2346919594","2535168187","1"
"2535168187","2346919594","1"
"2535168187","2754783146","1"
"2754783146","2535168187","1"
"2754783146","2755489501","1"
"2755489501","2754783146","1"
