"138133919","1591650667","11.0833"
"1591650667","138133919","11.0833"
"138133919","1480446764","0.0357143"
"1480446764","138133919","0.0357143"
"138133919","1486741950","0.0791925"
"1486741950","138133919","0.0791925"
"138133919","1511011071","0.0357143"
"1511011071","138133919","0.0357143"
"138133919","1572266109","0.0357143"
"1572266109","138133919","0.0357143"
"138133919","158544713","0.0791925"
"158544713","138133919","0.0791925"
"138133919","1602871442","0.0791925"
"1602871442","138133919","0.0791925"
"138133919","166666332","0.0357143"
"166666332","138133919","0.0357143"
"138133919","173108240","0.0791925"
"173108240","138133919","0.0791925"
"138133919","1861141368","0.0357143"
"1861141368","138133919","0.0357143"
"138133919","1918398775","0.0357143"
"1918398775","138133919","0.0357143"
"138133919","2001176284","0.0791925"
"2001176284","138133919","0.0791925"
"138133919","2038597881","0.0791925"
"2038597881","138133919","0.0791925"
"138133919","2096650850","0.0357143"
"2096650850","138133919","0.0357143"
"138133919","2101310065","0.0357143"
"2101310065","138133919","0.0357143"
"138133919","2104923072","0.0357143"
"2104923072","138133919","0.0357143"
"138133919","2109006742","0.0791925"
"2109006742","138133919","0.0791925"
"138133919","2110768293","0.0791925"
"2110768293","138133919","0.0791925"
"138133919","2118355694","0.0791925"
"2118355694","138133919","0.0791925"
"138133919","2119418423","0.454193"
"2119418423","138133919","0.454193"
"138133919","2135952507","0.0357143"
"2135952507","138133919","0.0357143"
"138133919","2151793071","0.0791925"
"2151793071","138133919","0.0791925"
"138133919","2154882603","0.662526"
"2154882603","138133919","0.662526"
"138133919","2169009028","0.0791925"
"2169009028","138133919","0.0791925"
"138133919","2170011643","0.0791925"
"2170011643","138133919","0.0791925"
"138133919","2185705173","0.0357143"
"2185705173","138133919","0.0357143"
"138133919","2433992225","0.0357143"
"2433992225","138133919","0.0357143"
"138133919","2953245771","0.0357143"
"2953245771","138133919","0.0357143"
"138133919","9489270","0.0357143"
"9489270","138133919","0.0357143"
"1480446764","1486741950","0.0357143"
"1486741950","1480446764","0.0357143"
"1480446764","1511011071","0.0357143"
"1511011071","1480446764","0.0357143"
"1480446764","1572266109","0.0357143"
"1572266109","1480446764","0.0357143"
"1480446764","158544713","0.0357143"
"158544713","1480446764","0.0357143"
"1480446764","1602871442","0.0357143"
"1602871442","1480446764","0.0357143"
"1480446764","166666332","1.55996"
"166666332","1480446764","1.55996"
"1480446764","173108240","0.0357143"
"173108240","1480446764","0.0357143"
"1480446764","1861141368","0.369048"
"1861141368","1480446764","0.369048"
"1480446764","1918398775","4.64329"
"1918398775","1480446764","4.64329"
"1480446764","2001176284","0.0357143"
"2001176284","1480446764","0.0357143"
"1480446764","2038597881","0.0357143"
"2038597881","1480446764","0.0357143"
"1480446764","2096650850","0.0357143"
"2096650850","1480446764","0.0357143"
"1480446764","2101310065","0.0357143"
"2101310065","1480446764","0.0357143"
"1480446764","2104923072","0.135714"
"2104923072","1480446764","0.135714"
"1480446764","2109006742","0.0357143"
"2109006742","1480446764","0.0357143"
"1480446764","2110768293","0.0357143"
"2110768293","1480446764","0.0357143"
"1480446764","2118355694","0.0357143"
"2118355694","1480446764","0.0357143"
"1480446764","2119418423","0.0357143"
"2119418423","1480446764","0.0357143"
"1480446764","2135952507","0.0357143"
"2135952507","1480446764","0.0357143"
"1480446764","2151793071","0.0357143"
"2151793071","1480446764","0.0357143"
"1480446764","2154882603","0.0357143"
"2154882603","1480446764","0.0357143"
"1480446764","2169009028","0.0357143"
"2169009028","1480446764","0.0357143"
"1480446764","2170011643","0.0357143"
"2170011643","1480446764","0.0357143"
"1480446764","2185705173","0.0357143"
"2185705173","1480446764","0.0357143"
"1480446764","2433992225","0.0357143"
"2433992225","1480446764","0.0357143"
"1480446764","2953245771","0.0357143"
"2953245771","1480446764","0.0357143"
"1480446764","9489270","0.0357143"
"9489270","1480446764","0.0357143"
"1486741950","1511011071","0.0357143"
"1511011071","1486741950","0.0357143"
"1486741950","1572266109","0.0357143"
"1572266109","1486741950","0.0357143"
"1486741950","158544713","2.39629"
"158544713","1486741950","2.39629"
"1486741950","1602871442","0.695859"
"1602871442","1486741950","0.695859"
"1486741950","166666332","0.0357143"
"166666332","1486741950","0.0357143"
"1486741950","173108240","5.32685"
"173108240","1486741950","5.32685"
"1486741950","1861141368","0.119048"
"1861141368","1486741950","0.119048"
"1486741950","1918398775","0.0357143"
"1918398775","1486741950","0.0357143"
"1486741950","2001176284","0.534748"
"2001176284","1486741950","0.534748"
"1486741950","2038597881","2.81415"
"2038597881","1486741950","2.81415"
"1486741950","2096650850","0.0357143"
"2096650850","1486741950","0.0357143"
"1486741950","2101310065","0.0357143"
"2101310065","1486741950","0.0357143"
"1486741950","2104923072","0.0357143"
"2104923072","1486741950","0.0357143"
"1486741950","2109006742","0.690304"
"2109006742","1486741950","0.690304"
"1486741950","2110768293","2.62248"
"2110768293","1486741950","2.62248"
"1486741950","2118355694","1.28915"
"2118355694","1486741950","1.28915"
"1486741950","2119418423","0.429193"
"2119418423","1486741950","0.429193"
"1486741950","2135952507","0.119048"
"2135952507","1486741950","0.119048"
"1486741950","2151793071","3.68082"
"2151793071","1486741950","3.68082"
"1486741950","2154882603","1.58796"
"2154882603","1486741950","1.58796"
"1486741950","2169009028","4.98082"
"2169009028","1486741950","4.98082"
"1486741950","2170011643","3.30463"
"2170011643","1486741950","3.30463"
"1486741950","2185705173","0.0357143"
"2185705173","1486741950","0.0357143"
"1486741950","2433992225","0.0357143"
"2433992225","1486741950","0.0357143"
"1486741950","2953245771","0.0357143"
"2953245771","1486741950","0.0357143"
"1486741950","9489270","0.0357143"
"9489270","1486741950","0.0357143"
"1511011071","1572266109","0.135714"
"1572266109","1511011071","0.135714"
"1511011071","158544713","0.0357143"
"158544713","1511011071","0.0357143"
"1511011071","1602871442","0.0357143"
"1602871442","1511011071","0.0357143"
"1511011071","166666332","1.1119"
"166666332","1511011071","1.1119"
"1511011071","173108240","0.0357143"
"173108240","1511011071","0.0357143"
"1511011071","1861141368","0.0357143"
"1861141368","1511011071","0.0357143"
"1511011071","1918398775","0.511905"
"1918398775","1511011071","0.511905"
"1511011071","2001176284","0.0357143"
"2001176284","1511011071","0.0357143"
"1511011071","2038597881","0.0357143"
"2038597881","1511011071","0.0357143"
"1511011071","2096650850","3.0619"
"2096650850","1511011071","3.0619"
"1511011071","2101310065","3.40238"
"2101310065","1511011071","3.40238"
"1511011071","2104923072","0.0357143"
"2104923072","1511011071","0.0357143"
"1511011071","2109006742","0.0357143"
"2109006742","1511011071","0.0357143"
"1511011071","2110768293","0.0357143"
"2110768293","1511011071","0.0357143"
"1511011071","2118355694","0.0357143"
"2118355694","1511011071","0.0357143"
"1511011071","2119418423","0.0357143"
"2119418423","1511011071","0.0357143"
"1511011071","2135952507","0.0357143"
"2135952507","1511011071","0.0357143"
"1511011071","2151793071","0.0357143"
"2151793071","1511011071","0.0357143"
"1511011071","2154882603","0.0357143"
"2154882603","1511011071","0.0357143"
"1511011071","2169009028","0.0357143"
"2169009028","1511011071","0.0357143"
"1511011071","2170011643","0.0357143"
"2170011643","1511011071","0.0357143"
"1511011071","2185705173","0.0357143"
"2185705173","1511011071","0.0357143"
"1511011071","2433992225","4.2119"
"2433992225","1511011071","4.2119"
"1511011071","2953245771","0.952381"
"2953245771","1511011071","0.952381"
"1511011071","9489270","0.219048"
"9489270","1511011071","0.219048"
"1572266109","158544713","0.0357143"
"158544713","1572266109","0.0357143"
"1572266109","1602871442","0.0357143"
"1602871442","1572266109","0.0357143"
"1572266109","166666332","0.207143"
"166666332","1572266109","0.207143"
"1572266109","173108240","0.0357143"
"173108240","1572266109","0.0357143"
"1572266109","1861141368","0.0357143"
"1861141368","1572266109","0.0357143"
"1572266109","1918398775","0.0357143"
"1918398775","1572266109","0.0357143"
"1572266109","2001176284","0.0357143"
"2001176284","1572266109","0.0357143"
"1572266109","2038597881","0.0357143"
"2038597881","1572266109","0.0357143"
"1572266109","2096650850","0.475"
"2096650850","1572266109","0.475"
"1572266109","2101310065","0.0357143"
"2101310065","1572266109","0.0357143"
"1572266109","2104923072","0.0357143"
"2104923072","1572266109","0.0357143"
"1572266109","2109006742","0.0357143"
"2109006742","1572266109","0.0357143"
"1572266109","2110768293","0.0357143"
"2110768293","1572266109","0.0357143"
"1572266109","2118355694","0.0357143"
"2118355694","1572266109","0.0357143"
"1572266109","2119418423","0.0357143"
"2119418423","1572266109","0.0357143"
"1572266109","2135952507","0.0357143"
"2135952507","1572266109","0.0357143"
"1572266109","2151793071","0.0357143"
"2151793071","1572266109","0.0357143"
"1572266109","2154882603","0.0357143"
"2154882603","1572266109","0.0357143"
"1572266109","2169009028","0.0357143"
"2169009028","1572266109","0.0357143"
"1572266109","2170011643","0.0357143"
"2170011643","1572266109","0.0357143"
"1572266109","2185705173","0.0357143"
"2185705173","1572266109","0.0357143"
"1572266109","2433992225","0.0357143"
"2433992225","1572266109","0.0357143"
"1572266109","2953245771","0.702381"
"2953245771","1572266109","0.702381"
"1572266109","9489270","3.64167"
"9489270","1572266109","3.64167"
"158544713","1602871442","0.0791925"
"1602871442","158544713","0.0791925"
"158544713","166666332","0.0357143"
"166666332","158544713","0.0357143"
"158544713","173108240","2.20066"
"173108240","158544713","2.20066"
"158544713","1861141368","0.135714"
"1861141368","158544713","0.135714"
"158544713","1918398775","0.135714"
"1918398775","158544713","0.135714"
"158544713","2001176284","0.734748"
"2001176284","158544713","0.734748"
"158544713","2038597881","2.06296"
"2038597881","158544713","2.06296"
"158544713","2096650850","0.0357143"
"2096650850","158544713","0.0357143"
"158544713","2101310065","0.0357143"
"2101310065","158544713","0.0357143"
"158544713","2104923072","0.0357143"
"2104923072","158544713","0.0357143"
"158544713","2109006742","1.15697"
"2109006742","158544713","1.15697"
"158544713","2110768293","3.90463"
"2110768293","158544713","3.90463"
"158544713","2118355694","1.44629"
"2118355694","158544713","1.44629"
"158544713","2119418423","0.270859"
"2119418423","158544713","0.270859"
"158544713","2135952507","0.135714"
"2135952507","158544713","0.135714"
"158544713","2151793071","1.47963"
"2151793071","158544713","1.47963"
"158544713","2154882603","0.512959"
"2154882603","158544713","0.512959"
"158544713","2169009028","3.57129"
"2169009028","158544713","3.57129"
"158544713","2170011643","1.10343"
"2170011643","158544713","1.10343"
"158544713","2185705173","0.0357143"
"2185705173","158544713","0.0357143"
"158544713","2433992225","0.0357143"
"2433992225","158544713","0.0357143"
"158544713","2953245771","0.0357143"
"2953245771","158544713","0.0357143"
"158544713","9489270","0.0357143"
"9489270","158544713","0.0357143"
"1602871442","166666332","0.0357143"
"166666332","1602871442","0.0357143"
"1602871442","173108240","0.362526"
"173108240","1602871442","0.362526"
"1602871442","1861141368","1.45238"
"1861141368","1602871442","1.45238"
"1602871442","1918398775","0.0357143"
"1918398775","1602871442","0.0357143"
"1602871442","2001176284","0.0791925"
"2001176284","1602871442","0.0791925"
"1602871442","2038597881","0.0791925"
"2038597881","1602871442","0.0791925"
"1602871442","2096650850","0.0357143"
"2096650850","1602871442","0.0357143"
"1602871442","2101310065","0.0357143"
"2101310065","1602871442","0.0357143"
"1602871442","2104923072","0.0357143"
"2104923072","1602871442","0.0357143"
"1602871442","2109006742","0.0791925"
"2109006742","1602871442","0.0791925"
"1602871442","2110768293","0.0791925"
"2110768293","1602871442","0.0791925"
"1602871442","2118355694","0.0791925"
"2118355694","1602871442","0.0791925"
"1602871442","2119418423","1.56253"
"2119418423","1602871442","1.56253"
"1602871442","2135952507","0.452381"
"2135952507","1602871442","0.452381"
"1602871442","2151793071","1.06253"
"2151793071","1602871442","1.06253"
"1602871442","2154882603","1.49586"
"2154882603","1602871442","1.49586"
"1602871442","2169009028","1.19586"
"2169009028","1602871442","1.19586"
"1602871442","2170011643","0.562526"
"2170011643","1602871442","0.562526"
"1602871442","2185705173","0.0357143"
"2185705173","1602871442","0.0357143"
"1602871442","2433992225","0.0357143"
"2433992225","1602871442","0.0357143"
"1602871442","2953245771","0.0357143"
"2953245771","1602871442","0.0357143"
"1602871442","9489270","0.0357143"
"9489270","1602871442","0.0357143"
"166666332","173108240","0.0357143"
"173108240","166666332","0.0357143"
"166666332","1861141368","0.0357143"
"1861141368","166666332","0.0357143"
"166666332","1918398775","1.09567"
"1918398775","166666332","1.09567"
"166666332","2001176284","0.0357143"
"2001176284","166666332","0.0357143"
"166666332","2038597881","0.0357143"
"2038597881","166666332","0.0357143"
"166666332","2096650850","1.84286"
"2096650850","166666332","1.84286"
"166666332","2101310065","0.428571"
"2101310065","166666332","0.428571"
"166666332","2104923072","0.235714"
"2104923072","166666332","0.235714"
"166666332","2109006742","0.0357143"
"2109006742","166666332","0.0357143"
"166666332","2110768293","0.0357143"
"2110768293","166666332","0.0357143"
"166666332","2118355694","0.0357143"
"2118355694","166666332","0.0357143"
"166666332","2119418423","0.0357143"
"2119418423","166666332","0.0357143"
"166666332","2135952507","0.0357143"
"2135952507","166666332","0.0357143"
"166666332","2151793071","0.0357143"
"2151793071","166666332","0.0357143"
"166666332","2154882603","0.0357143"
"2154882603","166666332","0.0357143"
"166666332","2169009028","0.0357143"
"2169009028","166666332","0.0357143"
"166666332","2170011643","0.0357143"
"2170011643","166666332","0.0357143"
"166666332","2185705173","0.0357143"
"2185705173","166666332","0.0357143"
"166666332","2433992225","0.178571"
"2433992225","166666332","0.178571"
"166666332","2953245771","0.361905"
"2953245771","166666332","0.361905"
"166666332","9489270","0.533333"
"9489270","166666332","0.533333"
"173108240","1861141368","0.219048"
"1861141368","173108240","0.219048"
"173108240","1918398775","0.135714"
"1918398775","173108240","0.135714"
"173108240","2001176284","1.69427"
"2001176284","173108240","1.69427"
"173108240","2038597881","4.55542"
"2038597881","173108240","4.55542"
"173108240","2096650850","0.0357143"
"2096650850","173108240","0.0357143"
"173108240","2101310065","0.0357143"
"2101310065","173108240","0.0357143"
"173108240","2104923072","0.0357143"
"2104923072","173108240","0.0357143"
"173108240","2109006742","3.01491"
"2109006742","173108240","3.01491"
"173108240","2110768293","2.09351"
"2110768293","173108240","2.09351"
"173108240","2118355694","4.13756"
"2118355694","173108240","4.13756"
"173108240","2119418423","0.679193"
"2119418423","173108240","0.679193"
"173108240","2135952507","0.219048"
"2135952507","173108240","0.219048"
"173108240","2151793071","2.56851"
"2151793071","173108240","2.56851"
"173108240","2154882603","0.578435"
"2154882603","173108240","0.578435"
"173108240","2169009028","2.80185"
"2169009028","173108240","2.80185"
"173108240","2170011643","4.42248"
"2170011643","173108240","4.42248"
"173108240","2185705173","0.0357143"
"2185705173","173108240","0.0357143"
"173108240","2433992225","0.0357143"
"2433992225","173108240","0.0357143"
"173108240","2953245771","0.0357143"
"2953245771","173108240","0.0357143"
"173108240","9489270","0.0357143"
"9489270","173108240","0.0357143"
"1861141368","1918398775","0.135714"
"1918398775","1861141368","0.135714"
"1861141368","2001176284","0.0357143"
"2001176284","1861141368","0.0357143"
"1861141368","2038597881","0.0357143"
"2038597881","1861141368","0.0357143"
"1861141368","2096650850","0.0357143"
"2096650850","1861141368","0.0357143"
"1861141368","2101310065","0.0357143"
"2101310065","1861141368","0.0357143"
"1861141368","2104923072","0.0357143"
"2104923072","1861141368","0.0357143"
"1861141368","2109006742","0.135714"
"2109006742","1861141368","0.135714"
"1861141368","2110768293","0.135714"
"2110768293","1861141368","0.135714"
"1861141368","2118355694","0.135714"
"2118355694","1861141368","0.135714"
"1861141368","2119418423","0.119048"
"2119418423","1861141368","0.119048"
"1861141368","2135952507","1.05238"
"2135952507","1861141368","1.05238"
"1861141368","2151793071","0.119048"
"2151793071","1861141368","0.119048"
"1861141368","2154882603","1.45238"
"2154882603","1861141368","1.45238"
"1861141368","2169009028","0.219048"
"2169009028","1861141368","0.219048"
"1861141368","2170011643","0.119048"
"2170011643","1861141368","0.119048"
"1861141368","2185705173","0.0357143"
"2185705173","1861141368","0.0357143"
"1861141368","2433992225","0.0357143"
"2433992225","1861141368","0.0357143"
"1861141368","2953245771","0.0357143"
"2953245771","1861141368","0.0357143"
"1861141368","9489270","0.0357143"
"9489270","1861141368","0.0357143"
"1918398775","2001176284","0.0357143"
"2001176284","1918398775","0.0357143"
"1918398775","2038597881","0.0357143"
"2038597881","1918398775","0.0357143"
"1918398775","2096650850","0.321429"
"2096650850","1918398775","0.321429"
"1918398775","2101310065","0.178571"
"2101310065","1918398775","0.178571"
"1918398775","2104923072","0.135714"
"2104923072","1918398775","0.135714"
"1918398775","2109006742","0.135714"
"2109006742","1918398775","0.135714"
"1918398775","2110768293","0.135714"
"2110768293","1918398775","0.135714"
"1918398775","2118355694","0.135714"
"2118355694","1918398775","0.135714"
"1918398775","2119418423","0.0357143"
"2119418423","1918398775","0.0357143"
"1918398775","2135952507","0.135714"
"2135952507","1918398775","0.135714"
"1918398775","2151793071","0.0357143"
"2151793071","1918398775","0.0357143"
"1918398775","2154882603","0.0357143"
"2154882603","1918398775","0.0357143"
"1918398775","2169009028","0.135714"
"2169009028","1918398775","0.135714"
"1918398775","2170011643","0.0357143"
"2170011643","1918398775","0.0357143"
"1918398775","2185705173","0.0357143"
"2185705173","1918398775","0.0357143"
"1918398775","2433992225","0.178571"
"2433992225","1918398775","0.178571"
"1918398775","2953245771","1.0119"
"2953245771","1918398775","1.0119"
"1918398775","9489270","0.678571"
"9489270","1918398775","0.678571"
"2001176284","2038597881","1.04546"
"2038597881","2001176284","1.04546"
"2001176284","2096650850","0.435714"
"2096650850","2001176284","0.435714"
"2001176284","2101310065","0.0357143"
"2101310065","2001176284","0.0357143"
"2001176284","2104923072","0.0357143"
"2104923072","2001176284","0.0357143"
"2001176284","2109006742","1.79705"
"2109006742","2001176284","1.79705"
"2001176284","2110768293","0.734748"
"2110768293","2001176284","0.734748"
"2001176284","2118355694","1.99546"
"2118355694","2001176284","1.99546"
"2001176284","2119418423","0.204193"
"2119418423","2001176284","0.204193"
"2001176284","2135952507","0.0357143"
"2135952507","2001176284","0.0357143"
"2001176284","2151793071","0.593081"
"2151793071","2001176284","0.593081"
"2001176284","2154882603","0.0791925"
"2154882603","2001176284","0.0791925"
"2001176284","2169009028","0.984748"
"2169009028","2001176284","0.984748"
"2001176284","2170011643","0.204193"
"2170011643","2001176284","0.204193"
"2001176284","2185705173","0.0357143"
"2185705173","2001176284","0.0357143"
"2001176284","2433992225","0.0357143"
"2433992225","2001176284","0.0357143"
"2001176284","2953245771","0.0357143"
"2953245771","2001176284","0.0357143"
"2001176284","9489270","0.0357143"
"9489270","2001176284","0.0357143"
"2038597881","2096650850","0.0357143"
"2096650850","2038597881","0.0357143"
"2038597881","2101310065","0.0357143"
"2101310065","2038597881","0.0357143"
"2038597881","2104923072","0.0357143"
"2104923072","2038597881","0.0357143"
"2038597881","2109006742","3.03554"
"2109006742","2038597881","3.03554"
"2038597881","2110768293","2.03915"
"2110768293","2038597881","2.03915"
"2038597881","2118355694","7.30105"
"2118355694","2038597881","7.30105"
"2038597881","2119418423","0.145859"
"2119418423","2038597881","0.145859"
"2038597881","2135952507","0.0357143"
"2135952507","2038597881","0.0357143"
"2038597881","2151793071","5.23082"
"2151793071","2038597881","5.23082"
"2038597881","2154882603","0.837959"
"2154882603","2038597881","0.837959"
"2038597881","2169009028","1.78082"
"2169009028","2038597881","1.78082"
"2038597881","2170011643","2.49748"
"2170011643","2038597881","2.49748"
"2038597881","2185705173","0.0357143"
"2185705173","2038597881","0.0357143"
"2038597881","2433992225","0.0357143"
"2433992225","2038597881","0.0357143"
"2038597881","2953245771","0.0357143"
"2953245771","2038597881","0.0357143"
"2038597881","9489270","0.0357143"
"9489270","2038597881","0.0357143"
"2096650850","2101310065","6.7119"
"2101310065","2096650850","6.7119"
"2096650850","2104923072","0.135714"
"2104923072","2096650850","0.135714"
"2096650850","2109006742","0.0357143"
"2109006742","2096650850","0.0357143"
"2096650850","2110768293","0.0357143"
"2110768293","2096650850","0.0357143"
"2096650850","2118355694","0.0357143"
"2118355694","2096650850","0.0357143"
"2096650850","2119418423","0.0357143"
"2119418423","2096650850","0.0357143"
"2096650850","2135952507","0.0357143"
"2135952507","2096650850","0.0357143"
"2096650850","2151793071","0.0357143"
"2151793071","2096650850","0.0357143"
"2096650850","2154882603","0.0357143"
"2154882603","2096650850","0.0357143"
"2096650850","2169009028","0.0357143"
"2169009028","2096650850","0.0357143"
"2096650850","2170011643","0.0357143"
"2170011643","2096650850","0.0357143"
"2096650850","2185705173","1.03571"
"2185705173","2096650850","1.03571"
"2096650850","2433992225","0.378571"
"2433992225","2096650850","0.378571"
"2096650850","2953245771","0.778571"
"2953245771","2096650850","0.778571"
"2096650850","9489270","0.867857"
"9489270","2096650850","0.867857"
"2101310065","2104923072","0.0357143"
"2104923072","2101310065","0.0357143"
"2101310065","2109006742","0.0357143"
"2109006742","2101310065","0.0357143"
"2101310065","2110768293","0.0357143"
"2110768293","2101310065","0.0357143"
"2101310065","2118355694","0.0357143"
"2118355694","2101310065","0.0357143"
"2101310065","2119418423","0.0357143"
"2119418423","2101310065","0.0357143"
"2101310065","2135952507","0.0357143"
"2135952507","2101310065","0.0357143"
"2101310065","2151793071","0.0357143"
"2151793071","2101310065","0.0357143"
"2101310065","2154882603","0.0357143"
"2154882603","2101310065","0.0357143"
"2101310065","2169009028","0.0357143"
"2169009028","2101310065","0.0357143"
"2101310065","2170011643","0.0357143"
"2170011643","2101310065","0.0357143"
"2101310065","2185705173","0.0357143"
"2185705173","2101310065","0.0357143"
"2101310065","2433992225","1.56905"
"2433992225","2101310065","1.56905"
"2101310065","2953245771","0.178571"
"2953245771","2101310065","0.178571"
"2101310065","9489270","0.178571"
"9489270","2101310065","0.178571"
"2104923072","2109006742","0.0357143"
"2109006742","2104923072","0.0357143"
"2104923072","2110768293","0.0357143"
"2110768293","2104923072","0.0357143"
"2104923072","2118355694","0.0357143"
"2118355694","2104923072","0.0357143"
"2104923072","2119418423","0.0357143"
"2119418423","2104923072","0.0357143"
"2104923072","2135952507","0.0357143"
"2135952507","2104923072","0.0357143"
"2104923072","2151793071","0.0357143"
"2151793071","2104923072","0.0357143"
"2104923072","2154882603","1.36905"
"2154882603","2104923072","1.36905"
"2104923072","2169009028","0.0357143"
"2169009028","2104923072","0.0357143"
"2104923072","2170011643","0.0357143"
"2170011643","2104923072","0.0357143"
"2104923072","2185705173","0.0357143"
"2185705173","2104923072","0.0357143"
"2104923072","2433992225","0.0357143"
"2433992225","2104923072","0.0357143"
"2104923072","2953245771","0.135714"
"2953245771","2104923072","0.135714"
"2104923072","9489270","0.0357143"
"9489270","2104923072","0.0357143"
"2109006742","2110768293","1.15697"
"2110768293","2109006742","1.15697"
"2109006742","2118355694","3.44268"
"2118355694","2109006742","3.44268"
"2109006742","2119418423","0.145859"
"2119418423","2109006742","0.145859"
"2109006742","2135952507","0.135714"
"2135952507","2109006742","0.135714"
"2109006742","2151793071","0.690304"
"2151793071","2109006742","0.690304"
"2109006742","2154882603","0.279193"
"2154882603","2109006742","0.279193"
"2109006742","2169009028","1.40697"
"2169009028","2109006742","1.40697"
"2109006742","2170011643","0.988716"
"2170011643","2109006742","0.988716"
"2109006742","2185705173","0.0357143"
"2185705173","2109006742","0.0357143"
"2109006742","2433992225","0.0357143"
"2433992225","2109006742","0.0357143"
"2109006742","2953245771","0.0357143"
"2953245771","2109006742","0.0357143"
"2109006742","9489270","0.0357143"
"9489270","2109006742","0.0357143"
"2110768293","2118355694","2.08915"
"2118355694","2110768293","2.08915"
"2110768293","2119418423","0.270859"
"2119418423","2110768293","0.270859"
"2110768293","2135952507","0.135714"
"2135952507","2110768293","0.135714"
"2110768293","2151793071","3.37248"
"2151793071","2110768293","3.37248"
"2110768293","2154882603","0.512959"
"2154882603","2110768293","0.512959"
"2110768293","2169009028","6.79748"
"2169009028","2110768293","6.79748"
"2110768293","2170011643","2.49629"
"2170011643","2110768293","2.49629"
"2110768293","2185705173","0.0357143"
"2185705173","2110768293","0.0357143"
"2110768293","2433992225","0.0357143"
"2433992225","2110768293","0.0357143"
"2110768293","2953245771","0.0357143"
"2953245771","2110768293","0.0357143"
"2110768293","9489270","0.0357143"
"9489270","2110768293","0.0357143"
"2118355694","2119418423","0.145859"
"2119418423","2118355694","0.145859"
"2118355694","2135952507","0.135714"
"2135952507","2118355694","0.135714"
"2118355694","2151793071","1.28915"
"2151793071","2118355694","1.28915"
"2118355694","2154882603","0.512959"
"2154882603","2118355694","0.512959"
"2118355694","2169009028","2.33915"
"2169009028","2118355694","2.33915"
"2118355694","2170011643","0.746292"
"2170011643","2118355694","0.746292"
"2118355694","2185705173","0.0357143"
"2185705173","2118355694","0.0357143"
"2118355694","2433992225","0.0357143"
"2433992225","2118355694","0.0357143"
"2118355694","2953245771","0.0357143"
"2953245771","2118355694","0.0357143"
"2118355694","9489270","0.0357143"
"9489270","2118355694","0.0357143"
"2119418423","2135952507","0.119048"
"2135952507","2119418423","0.119048"
"2119418423","2151793071","3.25419"
"2151793071","2119418423","3.25419"
"2119418423","2154882603","1.91253"
"2154882603","2119418423","1.91253"
"2119418423","2169009028","0.554193"
"2169009028","2119418423","0.554193"
"2119418423","2170011643","0.754193"
"2170011643","2119418423","0.754193"
"2119418423","2185705173","0.0357143"
"2185705173","2119418423","0.0357143"
"2119418423","2433992225","0.0357143"
"2433992225","2119418423","0.0357143"
"2119418423","2953245771","0.0357143"
"2953245771","2119418423","0.0357143"
"2119418423","9489270","0.0357143"
"9489270","2119418423","0.0357143"
"2135952507","2151793071","0.119048"
"2151793071","2135952507","0.119048"
"2135952507","2154882603","0.119048"
"2154882603","2135952507","0.119048"
"2135952507","2169009028","0.219048"
"2169009028","2135952507","0.219048"
"2135952507","2170011643","0.119048"
"2170011643","2135952507","0.119048"
"2135952507","2185705173","0.0357143"
"2185705173","2135952507","0.0357143"
"2135952507","2433992225","0.0357143"
"2433992225","2135952507","0.0357143"
"2135952507","2953245771","0.0357143"
"2953245771","2135952507","0.0357143"
"2135952507","9489270","0.0357143"
"9489270","2135952507","0.0357143"
"2151793071","2154882603","1.15463"
"2154882603","2151793071","1.15463"
"2151793071","2169009028","4.23082"
"2169009028","2151793071","4.23082"
"2151793071","2170011643","6.8074"
"2170011643","2151793071","6.8074"
"2151793071","2185705173","0.0357143"
"2185705173","2151793071","0.0357143"
"2151793071","2433992225","0.0357143"
"2433992225","2151793071","0.0357143"
"2151793071","2953245771","0.0357143"
"2953245771","2151793071","0.0357143"
"2151793071","9489270","0.0357143"
"9489270","2151793071","0.0357143"
"2154882603","2169009028","1.25463"
"2169009028","2154882603","1.25463"
"2154882603","2170011643","1.11177"
"2170011643","2154882603","1.11177"
"2154882603","2185705173","0.0357143"
"2185705173","2154882603","0.0357143"
"2154882603","2433992225","0.0357143"
"2433992225","2154882603","0.0357143"
"2154882603","2953245771","0.0357143"
"2953245771","2154882603","0.0357143"
"2154882603","9489270","0.0357143"
"9489270","2154882603","0.0357143"
"2169009028","2170011643","3.02129"
"2170011643","2169009028","3.02129"
"2169009028","2185705173","0.0357143"
"2185705173","2169009028","0.0357143"
"2169009028","2433992225","0.0357143"
"2433992225","2169009028","0.0357143"
"2169009028","2953245771","0.0357143"
"2953245771","2169009028","0.0357143"
"2169009028","9489270","0.0357143"
"9489270","2169009028","0.0357143"
"2170011643","2185705173","0.0357143"
"2185705173","2170011643","0.0357143"
"2170011643","2433992225","0.0357143"
"2433992225","2170011643","0.0357143"
"2170011643","2953245771","0.0357143"
"2953245771","2170011643","0.0357143"
"2170011643","9489270","0.0357143"
"9489270","2170011643","0.0357143"
"2185705173","2433992225","0.0357143"
"2433992225","2185705173","0.0357143"
"2185705173","2953245771","0.0357143"
"2953245771","2185705173","0.0357143"
"2185705173","9489270","0.0357143"
"9489270","2185705173","0.0357143"
"2433992225","2953245771","0.0357143"
"2953245771","2433992225","0.0357143"
"2433992225","9489270","0.0357143"
"9489270","2433992225","0.0357143"
"2953245771","9489270","2.7619"
"9489270","2953245771","2.7619"
"138133919","2132960472","0.333333"
"2132960472","138133919","0.333333"
"1591650667","2132960472","0.333333"
"2132960472","1591650667","0.333333"
"1591650667","2154882603","0.458333"
"2154882603","1591650667","0.458333"
"2132960472","2154882603","0.333333"
"2154882603","2132960472","0.333333"
"138133919","2110363867","1"
"2110363867","138133919","1"
"138133919","1513236376","0.375"
"1513236376","138133919","0.375"
"138133919","2013861609","0.25"
"2013861609","138133919","0.25"
"138133919","2040811166","0.75"
"2040811166","138133919","0.75"
"138133919","2091001077","0.418478"
"2091001077","138133919","0.418478"
"138133919","2143397294","0.25"
"2143397294","138133919","0.25"
"138133919","2153737095","0.293478"
"2153737095","138133919","0.293478"
"1513236376","1591650667","0.392857"
"1591650667","1513236376","0.392857"
"1513236376","2013861609","0.616667"
"2013861609","1513236376","0.616667"
"1513236376","2040811166","1.09286"
"2040811166","1513236376","1.09286"
"1513236376","2091001077","1.41786"
"2091001077","1513236376","1.41786"
"1513236376","2119418423","1.95952"
"2119418423","1513236376","1.95952"
"1513236376","2143397294","2.71786"
"2143397294","1513236376","2.71786"
"1513236376","2153737095","2.70119"
"2153737095","1513236376","2.70119"
"1591650667","2013861609","0.125"
"2013861609","1591650667","0.125"
"1591650667","2040811166","0.767857"
"2040811166","1591650667","0.767857"
"1591650667","2091001077","0.392857"
"2091001077","1591650667","0.392857"
"1591650667","2119418423","0.392857"
"2119418423","1591650667","0.392857"
"1591650667","2143397294","0.267857"
"2143397294","1591650667","0.267857"
"1591650667","2153737095","0.392857"
"2153737095","1591650667","0.392857"
"2013861609","2040811166","19.8833"
"2040811166","2013861609","19.8833"
"2013861609","2091001077","0.416667"
"2091001077","2013861609","0.416667"
"2013861609","2119418423","0.75"
"2119418423","2013861609","0.75"
"2013861609","2143397294","0.616667"
"2143397294","2013861609","0.616667"
"2013861609","2153737095","1.75833"
"2153737095","2013861609","1.75833"
"2040811166","2091001077","0.759524"
"2091001077","2040811166","0.759524"
"2040811166","2119418423","1.09286"
"2119418423","2040811166","1.09286"
"2040811166","2143397294","1.29286"
"2143397294","2040811166","1.29286"
"2040811166","2153737095","2.10119"
"2153737095","2040811166","2.10119"
"2091001077","2119418423","1.49467"
"2119418423","2091001077","1.49467"
"2091001077","2143397294","0.759524"
"2143397294","2091001077","0.759524"
"2091001077","2153737095","1.53634"
"2153737095","2091001077","1.53634"
"2119418423","2143397294","0.717857"
"2143397294","2119418423","0.717857"
"2119418423","2153737095","7.078"
"2153737095","2119418423","7.078"
"2143397294","2153737095","0.959524"
"2153737095","2143397294","0.959524"
"138133919","1542547123","0.0434783"
"1542547123","138133919","0.0434783"
"138133919","1777669349","0.0434783"
"1777669349","138133919","0.0434783"
"138133919","1983315663","0.0434783"
"1983315663","138133919","0.0434783"
"138133919","198528920","0.0434783"
"198528920","138133919","0.0434783"
"138133919","2115386467","0.0434783"
"2115386467","138133919","0.0434783"
"138133919","2144606308","0.0434783"
"2144606308","138133919","0.0434783"
"138133919","2166253827","0.0434783"
"2166253827","138133919","0.0434783"
"1486741950","1542547123","0.543478"
"1542547123","1486741950","0.543478"
"1486741950","1777669349","0.837923"
"1777669349","1486741950","0.837923"
"1486741950","1983315663","0.110145"
"1983315663","1486741950","0.110145"
"1486741950","198528920","0.332367"
"198528920","1486741950","0.332367"
"1486741950","2091001077","0.110145"
"2091001077","1486741950","0.110145"
"1486741950","2115386467","0.110145"
"2115386467","1486741950","0.110145"
"1486741950","2144606308","0.110145"
"2144606308","1486741950","0.110145"
"1486741950","2153737095","0.318478"
"2153737095","1486741950","0.318478"
"1486741950","2166253827","1.12681"
"2166253827","1486741950","1.12681"
"1542547123","158544713","0.343478"
"158544713","1542547123","0.343478"
"1542547123","1602871442","0.0434783"
"1602871442","1542547123","0.0434783"
"1542547123","173108240","0.301812"
"173108240","1542547123","0.301812"
"1542547123","1777669349","0.935145"
"1777669349","1542547123","0.935145"
"1542547123","1983315663","0.110145"
"1983315663","1542547123","0.110145"
"1542547123","198528920","0.110145"
"198528920","1542547123","0.110145"
"1542547123","2001176284","0.235145"
"2001176284","1542547123","0.235145"
"1542547123","2038597881","1.00181"
"2038597881","1542547123","1.00181"
"1542547123","2091001077","0.110145"
"2091001077","1542547123","0.110145"
"1542547123","2109006742","0.301812"
"2109006742","1542547123","0.301812"
"1542547123","2110768293","0.176812"
"2110768293","1542547123","0.176812"
"1542547123","2115386467","0.110145"
"2115386467","1542547123","0.110145"
"1542547123","2118355694","0.301812"
"2118355694","1542547123","0.301812"
"1542547123","2119418423","0.110145"
"2119418423","1542547123","0.110145"
"1542547123","2144606308","0.110145"
"2144606308","1542547123","0.110145"
"1542547123","2151793071","0.976812"
"2151793071","1542547123","0.976812"
"1542547123","2153737095","0.110145"
"2153737095","1542547123","0.110145"
"1542547123","2154882603","0.0434783"
"2154882603","1542547123","0.0434783"
"1542547123","2166253827","0.0434783"
"2166253827","1542547123","0.0434783"
"1542547123","2169009028","0.343478"
"2169009028","1542547123","0.343478"
"1542547123","2170011643","1.14348"
"2170011643","1542547123","1.14348"
"158544713","1777669349","0.637923"
"1777669349","158544713","0.637923"
"158544713","1983315663","0.110145"
"1983315663","158544713","0.110145"
"158544713","198528920","0.332367"
"198528920","158544713","0.332367"
"158544713","2091001077","0.110145"
"2091001077","158544713","0.110145"
"158544713","2115386467","0.110145"
"2115386467","158544713","0.110145"
"158544713","2144606308","0.110145"
"2144606308","158544713","0.110145"
"158544713","2153737095","0.235145"
"2153737095","158544713","0.235145"
"158544713","2166253827","0.0434783"
"2166253827","158544713","0.0434783"
"1602871442","1777669349","0.0434783"
"1777669349","1602871442","0.0434783"
"1602871442","1983315663","0.0434783"
"1983315663","1602871442","0.0434783"
"1602871442","198528920","0.0434783"
"198528920","1602871442","0.0434783"
"1602871442","2091001077","0.0434783"
"2091001077","1602871442","0.0434783"
"1602871442","2115386467","0.0434783"
"2115386467","1602871442","0.0434783"
"1602871442","2144606308","0.0434783"
"2144606308","1602871442","0.0434783"
"1602871442","2153737095","0.126812"
"2153737095","1602871442","0.126812"
"1602871442","2166253827","0.660145"
"2166253827","1602871442","0.660145"
"173108240","1777669349","0.610145"
"1777669349","173108240","0.610145"
"173108240","1983315663","0.930383"
"1983315663","173108240","0.930383"
"173108240","198528920","0.700224"
"198528920","173108240","0.700224"
"173108240","2091001077","0.110145"
"2091001077","173108240","0.110145"
"173108240","2115386467","1.09705"
"2115386467","173108240","1.09705"
"173108240","2144606308","0.969669"
"2144606308","173108240","0.969669"
"173108240","2153737095","0.443478"
"2153737095","173108240","0.443478"
"173108240","2166253827","0.326812"
"2166253827","173108240","0.326812"
"1777669349","1983315663","0.168478"
"1983315663","1777669349","0.168478"
"1777669349","198528920","0.0434783"
"198528920","1777669349","0.0434783"
"1777669349","2001176284","0.168478"
"2001176284","1777669349","0.168478"
"1777669349","2038597881","1.28792"
"2038597881","1777669349","1.28792"
"1777669349","2091001077","0.110145"
"2091001077","1777669349","0.110145"
"1777669349","2109006742","0.671256"
"2109006742","1777669349","0.671256"
"1777669349","2110768293","0.221256"
"2110768293","1777669349","0.221256"
"1777669349","2115386467","0.168478"
"2115386467","1777669349","0.168478"
"1777669349","2118355694","0.671256"
"2118355694","1777669349","0.671256"
"1777669349","2119418423","0.110145"
"2119418423","1777669349","0.110145"
"1777669349","2144606308","0.168478"
"2144606308","1777669349","0.168478"
"1777669349","2151793071","0.754589"
"2151793071","1777669349","0.754589"
"1777669349","2153737095","0.110145"
"2153737095","1777669349","0.110145"
"1777669349","2154882603","0.0434783"
"2154882603","1777669349","0.0434783"
"1777669349","2166253827","0.0434783"
"2166253827","1777669349","0.0434783"
"1777669349","2169009028","0.387923"
"2169009028","1777669349","0.387923"
"1777669349","2170011643","0.810145"
"2170011643","1777669349","0.810145"
"1983315663","198528920","0.638716"
"198528920","1983315663","0.638716"
"1983315663","2001176284","0.781573"
"2001176284","1983315663","0.781573"
"1983315663","2038597881","1.23991"
"2038597881","1983315663","1.23991"
"1983315663","2091001077","0.0434783"
"2091001077","1983315663","0.0434783"
"1983315663","2109006742","1.09705"
"2109006742","1983315663","1.09705"
"1983315663","2110768293","0.110145"
"2110768293","1983315663","0.110145"
"1983315663","2115386467","1.52562"
"2115386467","1983315663","1.52562"
"1983315663","2118355694","1.09705"
"2118355694","1983315663","1.09705"
"1983315663","2119418423","0.0434783"
"2119418423","1983315663","0.0434783"
"1983315663","2144606308","1.07324"
"2144606308","1983315663","1.07324"
"1983315663","2151793071","0.210145"
"2151793071","1983315663","0.210145"
"1983315663","2153737095","0.0434783"
"2153737095","1983315663","0.0434783"
"1983315663","2154882603","0.0434783"
"2154882603","1983315663","0.0434783"
"1983315663","2166253827","0.0434783"
"2166253827","1983315663","0.0434783"
"1983315663","2169009028","0.110145"
"2169009028","1983315663","0.110145"
"1983315663","2170011643","0.353002"
"2170011643","1983315663","0.353002"
"198528920","2001176284","7.09308"
"2001176284","198528920","7.09308"
"198528920","2038597881","0.575224"
"2038597881","198528920","0.575224"
"198528920","2091001077","0.0434783"
"2091001077","198528920","0.0434783"
"198528920","2109006742","0.353002"
