"1575830716","1877461462","16.8897"
"1877461462","1575830716","16.8897"
"1575830716","1941002719","14.3897"
"1941002719","1575830716","14.3897"
"1575830716","2098562945","16.3897"
"2098562945","1575830716","16.3897"
"1877461462","1941002719","17.1147"
"1941002719","1877461462","17.1147"
"1877461462","2098562945","63.0922"
"2098562945","1877461462","63.0922"
"1941002719","2098562945","16.6147"
"2098562945","1941002719","16.6147"
"1575830716","1578312553","2.5559"
"1578312553","1575830716","2.5559"
"1575830716","1662479682","2.5559"
"1662479682","1575830716","2.5559"
"1575830716","1693246050","2.49708"
"1693246050","1575830716","2.49708"
"1575830716","1811515389","2.5559"
"1811515389","1575830716","2.5559"
"1575830716","1836080070","2.38889"
"1836080070","1575830716","2.38889"
"1575830716","1888443444","2.67821"
"1888443444","1575830716","2.67821"
"1575830716","2088881535","3.723"
"2088881535","1575830716","3.723"
"1575830716","2097946932","2.69125"
"2097946932","1575830716","2.69125"
"1575830716","2106197831","2.5559"
"2106197831","1575830716","2.5559"
"1575830716","2131115509","2.64681"
"2131115509","1575830716","2.64681"
"1575830716","2133392123","2.74681"
"2133392123","1575830716","2.74681"
"1575830716","2134459275","2.54479"
"2134459275","1575830716","2.54479"
"1575830716","2138688644","2.58799"
"2138688644","1575830716","2.58799"
"1575830716","2156117657","2.5559"
"2156117657","1575830716","2.5559"
"1575830716","2170580483","2.5559"
"2170580483","1575830716","2.5559"
"1575830716","2183126266","3.723"
"2183126266","1575830716","3.723"
"1575830716","2285044785","2.54479"
"2285044785","1575830716","2.54479"
"1575830716","2286758649","3.723"
"2286758649","1575830716","3.723"
"1578312553","1662479682","13.4292"
"1662479682","1578312553","13.4292"
"1578312553","1693246050","12.4985"
"1693246050","1578312553","12.4985"
"1578312553","1811515389","13.7078"
"1811515389","1578312553","13.7078"
"1578312553","1836080070","4.57395"
"1836080070","1578312553","4.57395"
"1578312553","1877461462","4.56635"
"1877461462","1578312553","4.56635"
"1578312553","1888443444","4.71535"
"1888443444","1578312553","4.71535"
"1578312553","1941002719","2.6559"
"1941002719","1578312553","2.6559"
"1578312553","2088881535","5.74328"
"2088881535","1578312553","5.74328"
"1578312553","2097946932","5.04314"
"2097946932","1578312553","5.04314"
"1578312553","2098562945","4.56635"
"2098562945","1578312553","4.56635"
"1578312553","2106197831","14.1006"
"2106197831","1578312553","14.1006"
"1578312553","2131115509","13.1403"
"2131115509","1578312553","13.1403"
"1578312553","2133392123","13.6792"
"2133392123","1578312553","13.6792"
"1578312553","2134459275","4.61615"
"2134459275","1578312553","4.61615"
"1578312553","2138688644","13.0676"
"2138688644","1578312553","13.0676"
"1578312553","2156117657","13.7167"
"2156117657","1578312553","13.7167"
"1578312553","2170580483","14.0292"
"2170580483","1578312553","14.0292"
"1578312553","2183126266","5.66292"
"2183126266","1578312553","5.66292"
"1578312553","2285044785","4.75901"
"2285044785","1578312553","4.75901"
"1578312553","2286758649","5.66292"
"2286758649","1578312553","5.66292"
"1662479682","1693246050","12.6771"
"1693246050","1662479682","12.6771"
"1662479682","1811515389","26.4094"
"1811515389","1662479682","26.4094"
"1662479682","1836080070","4.43109"
"1836080070","1662479682","4.43109"
"1662479682","1877461462","4.94731"
"1877461462","1662479682","4.94731"
"1662479682","1888443444","4.97293"
"1888443444","1662479682","4.97293"
"1662479682","1941002719","2.6559"
"1941002719","1662479682","2.6559"
"1662479682","2088881535","6.26395"
"2088881535","1662479682","6.26395"
"1662479682","2097946932","5.42409"
"2097946932","1662479682","5.42409"
"1662479682","2098562945","4.78064"
"2098562945","1662479682","4.78064"
"1662479682","2106197831","13.4487"
"2106197831","1662479682","13.4487"
"1662479682","2131115509","20.1157"
"2131115509","1662479682","20.1157"
"1662479682","2133392123","28.3808"
"2133392123","1662479682","28.3808"
"1662479682","2134459275","4.85425"
"2134459275","1662479682","4.85425"
"1662479682","2138688644","20.043"
"2138688644","1662479682","20.043"
"1662479682","2156117657","25.8588"
"2156117657","1662479682","25.8588"
"1662479682","2170580483","16.7701"
"2170580483","1662479682","16.7701"
"1662479682","2183126266","6.18359"
"2183126266","1662479682","6.18359"
"1662479682","2285044785","4.85425"
"2285044785","1662479682","4.85425"
"1662479682","2286758649","6.18359"
"2286758649","1662479682","6.18359"
"1693246050","1811515389","12.6771"
"1811515389","1693246050","12.6771"
"1693246050","1836080070","4.57395"
"1836080070","1693246050","4.57395"
"1693246050","1877461462","4.39642"
"1877461462","1693246050","4.39642"
"1693246050","1888443444","4.5725"
"1888443444","1693246050","4.5725"
"1693246050","1941002719","2.59708"
"1941002719","1693246050","2.59708"
"1693246050","2088881535","5.39715"
"2088881535","1693246050","5.39715"
"1693246050","2097946932","4.84146"
"2097946932","1693246050","4.84146"
"1693246050","2098562945","4.39642"
"2098562945","1693246050","4.39642"
"1693246050","2106197831","12.4985"
"2106197831","1693246050","12.4985"
"1693246050","2131115509","12.8438"
"2131115509","1693246050","12.8438"
"1693246050","2133392123","12.8438"
"2133392123","1693246050","12.8438"
"1693246050","2134459275","4.41447"
"2134459275","1693246050","4.41447"
"1693246050","2138688644","12.8438"
"2138688644","1693246050","12.8438"
"1693246050","2156117657","13.0075"
"2156117657","1693246050","13.0075"
"1693246050","2170580483","13.07"
"2170580483","1693246050","13.07"
"1693246050","2183126266","5.31679"
"2183126266","1693246050","5.31679"
"1693246050","2285044785","4.55733"
"2285044785","1693246050","4.55733"
"1693246050","2286758649","5.31679"
"2286758649","1693246050","5.31679"
"1811515389","1836080070","4.43109"
"1836080070","1811515389","4.43109"
"1811515389","1877461462","4.94731"
"1877461462","1811515389","4.94731"
"1811515389","1888443444","4.9015"
"1888443444","1811515389","4.9015"
"1811515389","1941002719","2.6559"
"1941002719","1811515389","2.6559"
"1811515389","2088881535","6.29252"
"2088881535","1811515389","6.29252"
"1811515389","2097946932","5.35266"
"2097946932","1811515389","5.35266"
"1811515389","2098562945","4.78064"
"2098562945","1811515389","4.78064"
"1811515389","2106197831","13.7272"
"2106197831","1811515389","13.7272"
"1811515389","2131115509","20.1443"
"2131115509","1811515389","20.1443"
"1811515389","2133392123","27.1594"
"2133392123","1811515389","27.1594"
"1811515389","2134459275","4.78282"
"2134459275","1811515389","4.78282"
"1811515389","2138688644","20.0716"
"2138688644","1811515389","20.0716"
"1811515389","2156117657","26.3874"
"2156117657","1811515389","26.3874"
"1811515389","2170580483","17.0487"
"2170580483","1811515389","17.0487"
"1811515389","2183126266","6.21216"
"2183126266","1811515389","6.21216"
"1811515389","2285044785","4.78282"
"2285044785","1811515389","4.78282"
"1811515389","2286758649","6.21216"
"2286758649","1811515389","6.21216"
"1836080070","1877461462","4.28823"
"1877461462","1836080070","4.28823"
"1836080070","1888443444","49.6186"
"1888443444","1836080070","49.6186"
"1836080070","1941002719","2.48889"
"1941002719","1836080070","2.48889"
"1836080070","2088881535","5.34478"
"2088881535","1836080070","5.34478"
"1836080070","2097946932","4.23268"
"2097946932","1836080070","4.23268"
"1836080070","2098562945","4.28823"
"2098562945","1836080070","4.28823"
"1836080070","2106197831","4.57395"
"2106197831","1836080070","4.57395"
"1836080070","2131115509","4.43109"
"2131115509","1836080070","4.43109"
"1836080070","2133392123","4.68109"
"2133392123","1836080070","4.68109"
"1836080070","2134459275","4.23268"
"2134459275","1836080070","4.23268"
"1836080070","2138688644","4.43109"
"2138688644","1836080070","4.43109"
"1836080070","2156117657","4.51145"
"2156117657","1836080070","4.51145"
"1836080070","2170580483","4.57395"
"2170580483","1836080070","4.57395"
"1836080070","2183126266","5.26442"
"2183126266","1836080070","5.26442"
"1836080070","2285044785","4.37553"
"2285044785","1836080070","4.37553"
"1836080070","2286758649","5.26442"
"2286758649","1836080070","5.26442"
"1877461462","1888443444","4.68172"
"1888443444","1877461462","4.68172"
"1877461462","2088881535","7.66857"
"2088881535","1877461462","7.66857"
"1877461462","2097946932","5.53266"
"2097946932","1877461462","5.53266"
"1877461462","2106197831","4.56635"
"2106197831","1877461462","4.56635"
"1877461462","2131115509","5.34536"
"2131115509","1877461462","5.34536"
"1877461462","2133392123","5.82433"
"2133392123","1877461462","5.82433"
"1877461462","2134459275","5.41"
"2134459275","1877461462","5.41"
"1877461462","2138688644","5.28653"
"2138688644","1877461462","5.28653"
"1877461462","2156117657","4.71814"
"2156117657","1877461462","4.71814"
"1877461462","2170580483","4.63778"
"2170580483","1877461462","4.63778"
"1877461462","2183126266","7.08821"
"2183126266","1877461462","7.08821"
"1877461462","2285044785","5.41"
"2285044785","1877461462","5.41"
"1877461462","2286758649","7.58821"
"2286758649","1877461462","7.58821"
"1888443444","1941002719","2.77821"
"1941002719","1888443444","2.77821"
"1888443444","2088881535","12.6067"
"2088881535","1888443444","12.6067"
"1888443444","2097946932","5.11426"
"2097946932","1888443444","5.11426"
"1888443444","2098562945","4.51505"
"2098562945","1888443444","4.51505"
"1888443444","2106197831","4.73483"
"2106197831","1888443444","4.73483"
"1888443444","2131115509","5.26384"
"2131115509","1888443444","5.26384"
"1888443444","2133392123","6.26384"
"2133392123","1888443444","6.26384"
"1888443444","2134459275","4.84637"
"2134459275","1888443444","4.84637"
"1888443444","2138688644","5.06384"
"2138688644","1888443444","5.06384"
"1888443444","2156117657","4.80626"
"2156117657","1888443444","4.80626"
"1888443444","2170580483","4.80626"
"2170580483","1888443444","4.80626"
"1888443444","2183126266","12.6067"
"2183126266","1888443444","12.6067"
"1888443444","2285044785","4.84637"
"2285044785","1888443444","4.84637"
"1888443444","2286758649","12.6067"
"2286758649","1888443444","12.6067"
"1941002719","2088881535","3.948"
"2088881535","1941002719","3.948"
"1941002719","2097946932","2.91625"
"2097946932","1941002719","2.91625"
"1941002719","2106197831","2.6559"
"2106197831","1941002719","2.6559"
"1941002719","2131115509","2.74681"
"2131115509","1941002719","2.74681"
"1941002719","2133392123","2.84681"
"2133392123","1941002719","2.84681"
"1941002719","2134459275","2.76979"
"2134459275","1941002719","2.76979"
"1941002719","2138688644","2.68799"
"2138688644","1941002719","2.68799"
"1941002719","2156117657","2.6559"
"2156117657","1941002719","2.6559"
"1941002719","2170580483","2.6559"
"2170580483","1941002719","2.6559"
"1941002719","2183126266","3.948"
"2183126266","1941002719","3.948"
"1941002719","2285044785","2.76979"
"2285044785","1941002719","2.76979"
"1941002719","2286758649","3.948"
"2286758649","1941002719","3.948"
"2088881535","2097946932","14.9303"
"2097946932","2088881535","14.9303"
"2088881535","2098562945","7.33524"
"2098562945","2088881535","7.33524"
"2088881535","2106197831","5.76276"
"2106197831","2088881535","5.76276"
"2088881535","2131115509","7.312"
"2131115509","2088881535","7.312"
"2088881535","2133392123","8.9743"
"2133392123","2088881535","8.9743"
"2088881535","2134459275","46.5862"
"2134459275","2088881535","46.5862"
"2088881535","2138688644","6.94206"
"2138688644","2088881535","6.94206"
"2088881535","2156117657","6.34014"
"2156117657","2088881535","6.34014"
"2088881535","2170580483","5.90561"
"2170580483","2088881535","5.90561"
"2088881535","2183126266","108.133"
"2183126266","2088881535","108.133"
"2088881535","2285044785","47.3957"
"2285044785","2088881535","47.3957"
"2088881535","2286758649","117.633"
"2286758649","2088881535","117.633"
"2097946932","2098562945","5.36599"
"2098562945","2097946932","5.36599"
"2097946932","2106197831","4.97171"
"2106197831","2097946932","4.97171"
"2097946932","2131115509","5.68325"
"2131115509","2097946932","5.68325"
"2097946932","2133392123","6.05111"
"2133392123","2097946932","6.05111"
"2097946932","2134459275","12.0487"
"2134459275","2097946932","12.0487"
"2097946932","2138688644","5.51332"
"2138688644","2097946932","5.51332"
"2097946932","2156117657","5.19492"
"2156117657","2097946932","5.19492"
"2097946932","2170580483","5.11457"
"2170580483","2097946932","5.11457"
"2097946932","2183126266","14.8499"
"2183126266","2097946932","14.8499"
"2097946932","2285044785","12.0487"
"2285044785","2097946932","12.0487"
"2097946932","2286758649","14.8499"
"2286758649","2097946932","14.8499"
"2098562945","2106197831","4.56635"
"2106197831","2098562945","4.56635"
"2098562945","2131115509","5.17869"
"2131115509","2098562945","5.17869"
"2098562945","2133392123","5.65766"
"2133392123","2098562945","5.65766"
"2098562945","2134459275","5.24334"
"2134459275","2098562945","5.24334"
"2098562945","2138688644","5.11987"
"2138688644","2098562945","5.11987"
"2098562945","2156117657","4.71814"
"2156117657","2098562945","4.71814"
"2098562945","2170580483","4.63778"
"2170580483","2098562945","4.63778"
"2098562945","2183126266","7.25488"
"2183126266","2098562945","7.25488"
"2098562945","2285044785","5.24334"
"2285044785","2098562945","5.24334"
"2098562945","2286758649","7.25488"
"2286758649","2098562945","7.25488"
"2106197831","2131115509","13.1598"
"2131115509","2106197831","13.1598"
"2106197831","2133392123","13.6987"
"2133392123","2106197831","13.6987"
"2106197831","2134459275","4.54473"
"2134459275","2106197831","4.54473"
"2106197831","2138688644","13.0871"
"2138688644","2106197831","13.0871"
"2106197831","2156117657","13.7362"
"2156117657","2106197831","13.7362"
"2106197831","2170580483","14.0487"
"2170580483","2106197831","14.0487"
"2106197831","2183126266","5.6824"
"2183126266","2106197831","5.6824"
"2106197831","2285044785","4.68758"
"2285044785","2106197831","4.68758"
"2106197831","2286758649","5.6824"
"2286758649","2106197831","5.6824"
"2131115509","2133392123","50.2344"
"2133392123","2131115509","50.2344"
"2131115509","2134459275","5.16536"
"2134459275","2131115509","5.16536"
"2131115509","2138688644","51.8395"
"2138688644","2131115509","51.8395"
"2131115509","2156117657","19.5937"
"2156117657","2131115509","19.5937"
"2131115509","2170580483","15.7312"
"2170580483","2131115509","15.7312"
"2131115509","2183126266","7.3745"
"2183126266","2131115509","7.3745"
"2131115509","2285044785","5.16536"
"2285044785","2131115509","5.16536"
"2131115509","2286758649","7.3745"
"2286758649","2131115509","7.3745"
"2133392123","2134459275","5.59036"
"2134459275","2133392123","5.59036"
"2133392123","2138688644","48.8506"
"2138688644","2133392123","48.8506"
"2133392123","2156117657","26.3588"
"2156117657","2133392123","26.3588"
"2133392123","2170580483","19.0201"
"2170580483","2133392123","19.0201"
"2133392123","2183126266","9.39394"
"2183126266","2133392123","9.39394"
"2133392123","2285044785","5.59036"
"2285044785","2133392123","5.59036"
"2133392123","2286758649","9.39394"
"2286758649","2133392123","9.39394"
"2134459275","2138688644","4.99543"
"2138688644","2134459275","4.99543"
"2134459275","2156117657","4.62508"
"2156117657","2134459275","4.62508"
"2134459275","2170580483","4.68758"
"2170580483","2134459275","4.68758"
"2134459275","2183126266","50.8987"
"2183126266","2134459275","50.8987"
"2134459275","2285044785","50.5654"
"2285044785","2134459275","50.5654"
"2134459275","2286758649","50.8987"
"2286758649","2134459275","50.8987"
"2138688644","2156117657","19.521"
"2156117657","2138688644","19.521"
"2138688644","2170580483","15.6585"
"2170580483","2138688644","15.6585"
"2138688644","2183126266","7.00456"
"2183126266","2138688644","7.00456"
"2138688644","2285044785","4.99543"
"2285044785","2138688644","4.99543"
"2138688644","2286758649","7.00456"
"2286758649","2138688644","7.00456"
"2156117657","2170580483","17.0576"
"2170580483","2156117657","17.0576"
"2156117657","2183126266","6.05442"
"2183126266","2156117657","6.05442"
"2156117657","2285044785","4.76794"
"2285044785","2156117657","4.76794"
"2156117657","2286758649","6.05442"
"2286758649","2156117657","6.05442"
"2170580483","2183126266","5.82526"
"2183126266","2170580483","5.82526"
"2170580483","2285044785","4.83044"
"2285044785","2170580483","4.83044"
"2170580483","2286758649","5.82526"
"2286758649","2170580483","5.82526"
"2183126266","2285044785","50.5654"
"2285044785","2183126266","50.5654"
"2183126266","2286758649","148.445"
"2286758649","2183126266","148.445"
"2285044785","2286758649","50.5654"
"2286758649","2285044785","50.5654"
"1575830716","2127854704","0.5"
"2127854704","1575830716","0.5"
"1877461462","2127854704","2"
"2127854704","1877461462","2"
"1941002719","2127854704","0.5"
"2127854704","1941002719","0.5"
"2098562945","2127854704","2"
"2127854704","2098562945","2"
"1578312553","2267472750","0.509722"
"2267472750","1578312553","0.509722"
"1662479682","2267472750","0.759722"
"2267472750","1662479682","0.759722"
"1693246050","2267472750","0.1625"
"2267472750","1693246050","0.1625"
"1811515389","2267472750","0.759722"
"2267472750","1811515389","0.759722"
"2106197831","2267472750","0.509722"
"2267472750","2106197831","0.509722"
"2131115509","2267472750","0.509722"
"2267472750","2131115509","0.509722"
"2133392123","2267472750","0.759722"
"2267472750","2133392123","0.759722"
"2138688644","2267472750","0.384722"
"2267472750","2138688644","0.384722"
"2156117657","2267472750","0.759722"
"2267472750","2156117657","0.759722"
"2170580483","2267472750","0.509722"
"2267472750","2170580483","0.509722"
"2088881535","2267472750","0.0625"
"2267472750","2088881535","0.0625"
"2097946932","2267472750","0.0625"
"2267472750","2097946932","0.0625"
"2134459275","2267472750","0.0625"
"2267472750","2134459275","0.0625"
"2183126266","2267472750","0.0625"
"2267472750","2183126266","0.0625"
"2267472750","2285044785","0.0625"
"2285044785","2267472750","0.0625"
"2267472750","2286758649","0.0625"
"2286758649","2267472750","0.0625"
"2088881535","2285488321","1.7"
"2285488321","2088881535","1.7"
"2134459275","2285488321","1.61667"
"2285488321","2134459275","1.61667"
"2183126266","2285488321","2.45"
"2285488321","2183126266","2.45"
"2285044785","2285488321","1.61667"
"2285488321","2285044785","1.61667"
"2285488321","2286758649","2.45"
"2286758649","2285488321","2.45"
"2097946932","2285488321","0.166667"
"2285488321","2097946932","0.166667"
