"1524135570","269884822","8.83333"
"269884822","1524135570","8.83333"
"1524135570","268437146","2.33333"
"268437146","1524135570","2.33333"
"1524135570","1531933095","0.0833333"
"1531933095","1524135570","0.0833333"
"1524135570","1535080919","0.0833333"
"1535080919","1524135570","0.0833333"
"1524135570","1550303690","0.0833333"
"1550303690","1524135570","0.0833333"
"1524135570","1934842499","0.0833333"
"1934842499","1524135570","0.0833333"
"1524135570","1996630008","0.0833333"
"1996630008","1524135570","0.0833333"
"1524135570","2101289454","0.0833333"
"2101289454","1524135570","0.0833333"
"1524135570","2111161911","0.333333"
"2111161911","1524135570","0.333333"
"1524135570","2147193119","0.0833333"
"2147193119","1524135570","0.0833333"
"1524135570","51485698","0.0833333"
"51485698","1524135570","0.0833333"
"1524135570","919704397","0.833333"
"919704397","1524135570","0.833333"
"1531933095","1535080919","0.983333"
"1535080919","1531933095","0.983333"
"1531933095","1550303690","0.0833333"
"1550303690","1531933095","0.0833333"
"1531933095","1934842499","0.483333"
"1934842499","1531933095","0.483333"
"1531933095","1996630008","11.0833"
"1996630008","1531933095","11.0833"
"1531933095","2101289454","0.583333"
"2101289454","1531933095","0.583333"
"1531933095","2111161911","0.0833333"
"2111161911","1531933095","0.0833333"
"1531933095","2147193119","1.48333"
"2147193119","1531933095","1.48333"
"1531933095","268437146","0.283333"
"268437146","1531933095","0.283333"
"1531933095","269884822","0.283333"
"269884822","1531933095","0.283333"
"1531933095","51485698","0.0833333"
"51485698","1531933095","0.0833333"
"1531933095","919704397","0.0833333"
"919704397","1531933095","0.0833333"
"1535080919","1550303690","0.0833333"
"1550303690","1535080919","0.0833333"
"1535080919","1934842499","0.733333"
"1934842499","1535080919","0.733333"
"1535080919","1996630008","2.83333"
"1996630008","1535080919","2.83333"
"1535080919","2101289454","0.333333"
"2101289454","1535080919","0.333333"
"1535080919","2111161911","0.0833333"
"2111161911","1535080919","0.0833333"
"1535080919","2147193119","0.483333"
"2147193119","1535080919","0.483333"
"1535080919","268437146","0.283333"
"268437146","1535080919","0.283333"
"1535080919","269884822","0.283333"
"269884822","1535080919","0.283333"
"1535080919","51485698","0.0833333"
"51485698","1535080919","0.0833333"
"1535080919","919704397","0.0833333"
"919704397","1535080919","0.0833333"
"1550303690","1934842499","0.0833333"
"1934842499","1550303690","0.0833333"
"1550303690","1996630008","0.0833333"
"1996630008","1550303690","0.0833333"
"1550303690","2101289454","0.0833333"
"2101289454","1550303690","0.0833333"
"1550303690","2111161911","0.583333"
"2111161911","1550303690","0.583333"
"1550303690","2147193119","0.0833333"
"2147193119","1550303690","0.0833333"
"1550303690","268437146","0.583333"
"268437146","1550303690","0.583333"
"1550303690","269884822","0.0833333"
"269884822","1550303690","0.0833333"
"1550303690","51485698","0.0833333"
"51485698","1550303690","0.0833333"
"1550303690","919704397","0.0833333"
"919704397","1550303690","0.0833333"
"1934842499","1996630008","1.33333"
"1996630008","1934842499","1.33333"
"1934842499","2101289454","0.333333"
"2101289454","1934842499","0.333333"
"1934842499","2111161911","0.0833333"
"2111161911","1934842499","0.0833333"
"1934842499","2147193119","5.48333"
"2147193119","1934842499","5.48333"
"1934842499","268437146","0.283333"
"268437146","1934842499","0.283333"
"1934842499","269884822","1.28333"
"269884822","1934842499","1.28333"
"1934842499","51485698","0.0833333"
"51485698","1934842499","0.0833333"
"1934842499","919704397","0.0833333"
"919704397","1934842499","0.0833333"
"1996630008","2101289454","1.83333"
"2101289454","1996630008","1.83333"
"1996630008","2111161911","0.0833333"
"2111161911","1996630008","0.0833333"
"1996630008","2147193119","0.0833333"
"2147193119","1996630008","0.0833333"
"1996630008","268437146","0.0833333"
"268437146","1996630008","0.0833333"
"1996630008","269884822","0.0833333"
"269884822","1996630008","0.0833333"
"1996630008","51485698","0.0833333"
"51485698","1996630008","0.0833333"
"1996630008","919704397","0.0833333"
"919704397","1996630008","0.0833333"
"2101289454","2111161911","0.0833333"
"2111161911","2101289454","0.0833333"
"2101289454","2147193119","0.0833333"
"2147193119","2101289454","0.0833333"
"2101289454","268437146","0.0833333"
"268437146","2101289454","0.0833333"
"2101289454","269884822","0.0833333"
"269884822","2101289454","0.0833333"
"2101289454","51485698","0.0833333"
"51485698","2101289454","0.0833333"
"2101289454","919704397","0.0833333"
"919704397","2101289454","0.0833333"
"2111161911","2147193119","0.0833333"
"2147193119","2111161911","0.0833333"
"2111161911","268437146","0.833333"
"268437146","2111161911","0.833333"
"2111161911","269884822","0.333333"
"269884822","2111161911","0.333333"
"2111161911","51485698","0.0833333"
"51485698","2111161911","0.0833333"
"2111161911","919704397","0.333333"
"919704397","2111161911","0.333333"
"2147193119","268437146","1.28333"
"268437146","2147193119","1.28333"
"2147193119","269884822","0.283333"
"269884822","2147193119","0.283333"
"2147193119","51485698","0.0833333"
"51485698","2147193119","0.0833333"
"2147193119","919704397","0.0833333"
"919704397","2147193119","0.0833333"
"268437146","269884822","1.03333"
"269884822","268437146","1.03333"
"268437146","51485698","0.0833333"
"51485698","268437146","0.0833333"
"268437146","919704397","0.833333"
"919704397","268437146","0.833333"
"269884822","51485698","0.0833333"
"51485698","269884822","0.0833333"
"269884822","919704397","0.333333"
"919704397","269884822","0.333333"
"51485698","919704397","1.08333"
"919704397","51485698","1.08333"
"1531933095","2096200544","1"
"2096200544","1531933095","1"
"1996630008","2096200544","1"
"2096200544","1996630008","1"
"1531933095","1866222097","0.2"
"1866222097","1531933095","0.2"
"1531933095","2038327754","0.2"
"2038327754","1531933095","0.2"
"1535080919","1866222097","0.2"
"1866222097","1535080919","0.2"
"1535080919","2038327754","0.2"
"2038327754","1535080919","0.2"
"1866222097","1934842499","0.2"
"1934842499","1866222097","0.2"
"1866222097","2038327754","0.2"
"2038327754","1866222097","0.2"
"1866222097","2147193119","1.2"
"2147193119","1866222097","1.2"
"1934842499","2038327754","0.2"
"2038327754","1934842499","0.2"
"2038327754","2147193119","0.2"
"2147193119","2038327754","0.2"
"1535080919","2103659980","0.25"
"2103659980","1535080919","0.25"
"1934842499","2103659980","0.25"
"2103659980","1934842499","0.25"
"1996630008","2103659980","0.25"
"2103659980","1996630008","0.25"
"2101289454","2103659980","0.25"
"2103659980","2101289454","0.25"
"1550303690","2096200544","3"
"2096200544","1550303690","3"
"1550303690","2038327754","0.5"
"2038327754","1550303690","0.5"
"1550303690","2106273215","0.5"
"2106273215","1550303690","0.5"
"2038327754","2106273215","6"
"2106273215","2038327754","6"
"2023750059","2038327754","6"
"2038327754","2023750059","6"
"2023750059","2030310140","2.5"
"2030310140","2023750059","2.5"
"2023750059","2106273215","2.5"
"2106273215","2023750059","2.5"
"2030310140","2038327754","7.5"
"2038327754","2030310140","7.5"
"2030310140","2106273215","5"
"2106273215","2030310140","5"
"2096200544","2111161911","2"
"2111161911","2096200544","2"
