"1008969643","2400146902","6"
"2400146902","1008969643","6"
"1485501744","2272359146","5.42266"
"2272359146","1485501744","5.42266"
"1485501744","2285669680","5.42266"
"2285669680","1485501744","5.42266"
"1485501744","2397820362","5.42266"
"2397820362","1485501744","5.42266"
"1485501744","2400146902","5.42266"
"2400146902","1485501744","5.42266"
"1485501744","2401845644","5.42266"
"2401845644","1485501744","5.42266"
"1485501744","2469993297","5.42266"
"2469993297","1485501744","5.42266"
"2272359146","2285669680","5.42266"
"2285669680","2272359146","5.42266"
"2272359146","2397820362","5.42266"
"2397820362","2272359146","5.42266"
"2272359146","2400146902","5.42266"
"2400146902","2272359146","5.42266"
"2272359146","2401845644","5.42266"
"2401845644","2272359146","5.42266"
"2272359146","2469993297","5.42266"
"2469993297","2272359146","5.42266"
"2285669680","2397820362","5.42266"
"2397820362","2285669680","5.42266"
"2285669680","2400146902","5.42266"
"2400146902","2285669680","5.42266"
"2285669680","2401845644","5.42266"
"2401845644","2285669680","5.42266"
"2285669680","2469993297","5.42266"
"2469993297","2285669680","5.42266"
"2397820362","2400146902","5.42266"
"2400146902","2397820362","5.42266"
"2397820362","2401845644","5.42266"
"2401845644","2397820362","5.42266"
"2397820362","2469993297","5.42266"
"2469993297","2397820362","5.42266"
"2400146902","2401845644","5.42266"
"2401845644","2400146902","5.42266"
"2400146902","2469993297","5.42266"
"2469993297","2400146902","5.42266"
"2401845644","2469993297","5.42266"
"2469993297","2401845644","5.42266"
"1485501744","942923390","2.61313"
"942923390","1485501744","2.61313"
"1485501744","950083849","2.61313"
"950083849","1485501744","2.61313"
"1485501744","985833674","2.50202"
"985833674","1485501744","2.50202"
"2272359146","942923390","2.61313"
"942923390","2272359146","2.61313"
"2272359146","950083849","2.61313"
"950083849","2272359146","2.61313"
"2272359146","985833674","2.50202"
"985833674","2272359146","2.50202"
"2285669680","942923390","2.61313"
"942923390","2285669680","2.61313"
"2285669680","950083849","2.61313"
"950083849","2285669680","2.61313"
"2285669680","985833674","2.50202"
"985833674","2285669680","2.50202"
"2397820362","942923390","2.61313"
"942923390","2397820362","2.61313"
"2397820362","950083849","3.11313"
"950083849","2397820362","3.11313"
"2397820362","985833674","2.50202"
"985833674","2397820362","2.50202"
"2400146902","942923390","2.61313"
"942923390","2400146902","2.61313"
"2400146902","950083849","2.61313"
"950083849","2400146902","2.61313"
"2400146902","985833674","2.50202"
"985833674","2400146902","2.50202"
"2401845644","942923390","2.61313"
"942923390","2401845644","2.61313"
"2401845644","950083849","2.61313"
"950083849","2401845644","2.61313"
"2401845644","985833674","19.502"
"985833674","2401845644","19.502"
"2469993297","942923390","4.61313"
"942923390","2469993297","4.61313"
"2469993297","950083849","2.61313"
"950083849","2469993297","2.61313"
"2469993297","985833674","2.50202"
"985833674","2469993297","2.50202"
"942923390","950083849","2.61313"
"950083849","942923390","2.61313"
"942923390","985833674","2.50202"
"985833674","942923390","2.50202"
"950083849","985833674","2.50202"
"985833674","950083849","2.50202"
"1485501744","2120795446","0.2"
"2120795446","1485501744","0.2"
"2120795446","2272359146","0.2"
"2272359146","2120795446","0.2"
"2120795446","2285669680","0.533333"
"2285669680","2120795446","0.533333"
"2120795446","2397820362","0.7"
"2397820362","2120795446","0.7"
"2120795446","2400146902","0.2"
"2400146902","2120795446","0.2"
"2120795446","2401845644","0.2"
"2401845644","2120795446","0.2"
"2120795446","2469993297","0.2"
"2469993297","2120795446","0.2"
"2120795446","942923390","0.2"
"942923390","2120795446","0.2"
"2120795446","950083849","0.2"
"950083849","2120795446","0.2"
"2120795446","985833674","0.2"
"985833674","2120795446","0.2"
"1485501744","218696077","0.0909091"
"218696077","1485501744","0.0909091"
"1485501744","2590984338","0.0909091"
"2590984338","1485501744","0.0909091"
"218696077","2272359146","0.0909091"
"2272359146","218696077","0.0909091"
"218696077","2285669680","0.0909091"
"2285669680","218696077","0.0909091"
"218696077","2397820362","0.590909"
"2397820362","218696077","0.590909"
"218696077","2400146902","0.0909091"
"2400146902","218696077","0.0909091"
"218696077","2401845644","0.0909091"
"2401845644","218696077","0.0909091"
"218696077","2469993297","0.0909091"
"2469993297","218696077","0.0909091"
"218696077","2590984338","0.0909091"
"2590984338","218696077","0.0909091"
"218696077","942923390","0.0909091"
"942923390","218696077","0.0909091"
"218696077","950083849","0.0909091"
"950083849","218696077","0.0909091"
"218696077","985833674","0.0909091"
"985833674","218696077","0.0909091"
"2272359146","2590984338","0.0909091"
"2590984338","2272359146","0.0909091"
"2285669680","2590984338","0.0909091"
"2590984338","2285669680","0.0909091"
"2397820362","2590984338","0.424242"
"2590984338","2397820362","0.424242"
"2400146902","2590984338","0.0909091"
"2590984338","2400146902","0.0909091"
"2401845644","2590984338","0.0909091"
"2590984338","2401845644","0.0909091"
"2469993297","2590984338","0.0909091"
"2590984338","2469993297","0.0909091"
"2590984338","942923390","0.0909091"
"942923390","2590984338","0.0909091"
"2590984338","950083849","0.0909091"
"950083849","2590984338","0.0909091"
"2590984338","985833674","0.0909091"
"985833674","2590984338","0.0909091"
"1485501744","965150491","0.353968"
"965150491","1485501744","0.353968"
"2272359146","965150491","0.353968"
"965150491","2272359146","0.353968"
"2285669680","965150491","0.353968"
"965150491","2285669680","0.353968"
"2397820362","965150491","13.1873"
"965150491","2397820362","13.1873"
"2400146902","965150491","0.353968"
"965150491","2400146902","0.353968"
"2401845644","965150491","0.353968"
"965150491","2401845644","0.353968"
"2469993297","965150491","0.353968"
"965150491","2469993297","0.353968"
"942923390","965150491","0.211111"
"965150491","942923390","0.211111"
"950083849","965150491","0.711111"
"965150491","950083849","0.711111"
"965150491","985833674","0.1"
"985833674","965150491","0.1"
"1923041273","2590984338","2"
"2590984338","1923041273","2"
"2120795446","2304784796","9.16667"
"2304784796","2120795446","9.16667"
"2120795446","974701134","23.8333"
"974701134","2120795446","23.8333"
"2120795446","965150491","0.5"
"965150491","2120795446","0.5"
"2120795446","227819566","2.83333"
"227819566","2120795446","2.83333"
"227819566","2304784796","2.83333"
"2304784796","227819566","2.83333"
"227819566","974701134","1.33333"
"974701134","227819566","1.33333"
"2304784796","974701134","1.33333"
"974701134","2304784796","1.33333"
"2120795446","218696077","0.5"
"218696077","2120795446","0.5"
"218696077","974701134","0.5"
"974701134","218696077","0.5"
"2120795446","2244081794","0.5"
"2244081794","2120795446","0.5"
"2120795446","2590984338","0.5"
"2590984338","2120795446","0.5"
"2244081794","2590984338","115.833"
"2590984338","2244081794","115.833"
"2120795446","2306123092","0.333333"
"2306123092","2120795446","0.333333"
"2285669680","2304784796","0.333333"
"2304784796","2285669680","0.333333"
"2285669680","2306123092","3.33333"
"2306123092","2285669680","3.33333"
"2304784796","2306123092","0.333333"
"2306123092","2304784796","0.333333"
"218696077","965150491","0.5"
"965150491","218696077","0.5"
"2244081794","2397820362","0.333333"
"2397820362","2244081794","0.333333"
"2244081794","965150491","0.333333"
"965150491","2244081794","0.333333"
"2590984338","965150491","0.333333"
"965150491","2590984338","0.333333"
