"1527137792","2003421875","2.58334"
"2003421875","1527137792","2.58334"
"1527137792","2053562648","0.582576"
"2053562648","1527137792","0.582576"
"1527137792","2146365100","2.39882"
"2146365100","1527137792","2.39882"
"1527137792","2154462487","1.73291"
"2154462487","1527137792","1.73291"
"1527137792","2568259728","2.07577"
"2568259728","1527137792","2.07577"
"2003421875","2053562648","0.582576"
"2053562648","2003421875","0.582576"
"2003421875","2146365100","2.64882"
"2146365100","2003421875","2.64882"
"2003421875","2154462487","1.23291"
"2154462487","2003421875","1.23291"
"2003421875","2568259728","5.48053"
"2568259728","2003421875","5.48053"
"2053562648","2146365100","0.582576"
"2146365100","2053562648","0.582576"
"2053562648","2154462487","0.325"
"2154462487","2053562648","0.325"
"2053562648","2568259728","0.582576"
"2568259728","2053562648","0.582576"
"2146365100","2154462487","0.798388"
"2154462487","2146365100","0.798388"
"2146365100","2568259728","2.14124"
"2568259728","2146365100","2.14124"
"2154462487","2568259728","0.725336"
"2568259728","2154462487","0.725336"
"1527137792","1530672680","0.424145"
"1530672680","1527137792","0.424145"
"1527137792","1552798477","1.41356"
"1552798477","1527137792","1.41356"
"1527137792","1569878055","1.39168"
"1569878055","1527137792","1.39168"
"1527137792","1571533098","0.0555556"
"1571533098","1527137792","0.0555556"
"1527137792","1970012304","0.306721"
"1970012304","1527137792","0.306721"
"1527137792","2053009162","0.0555556"
"2053009162","1527137792","0.0555556"
"1527137792","2071774356","1.39168"
"2071774356","1527137792","1.39168"
"1527137792","2081447850","0.0555556"
"2081447850","1527137792","0.0555556"
"1527137792","2087242306","0.0555556"
"2087242306","1527137792","0.0555556"
"1527137792","2096345085","0.588564"
"2096345085","1527137792","0.588564"
"1527137792","2155928473","0.305556"
"2155928473","1527137792","0.305556"
"1527137792","2158778445","0.549145"
"2158778445","1527137792","0.549145"
"1527137792","2160860966","1.00834"
"2160860966","1527137792","1.00834"
"1527137792","2161692763","0.223388"
"2161692763","1527137792","0.223388"
"1530672680","1552798477","0.460317"
"1552798477","1530672680","0.460317"
"1530672680","1569878055","0.737241"
"1569878055","1530672680","0.737241"
"1530672680","1571533098","0.210317"
"1571533098","1530672680","0.210317"
"1530672680","1970012304","0.620574"
"1970012304","1530672680","0.620574"
"1530672680","2003421875","0.695574"
"2003421875","1530672680","0.695574"
"1530672680","2053009162","0.138889"
"2053009162","1530672680","0.138889"
"1530672680","2071774356","2.36224"
"2071774356","1530672680","2.36224"
"1530672680","2081447850","0.138889"
"2081447850","1530672680","0.138889"
"1530672680","2087242306","0.388889"
"2087242306","1530672680","0.388889"
"1530672680","2096345085","0.618651"
"2096345085","1530672680","0.618651"
"1530672680","2146365100","0.132479"
"2146365100","1530672680","0.132479"
"1530672680","2154462487","1.25748"
"2154462487","1530672680","1.25748"
"1530672680","2155928473","0.138889"
"2155928473","1530672680","0.138889"
"1530672680","2158778445","0.257479"
"2158778445","1530672680","0.257479"
"1530672680","2160860966","0.945574"
"2160860966","1530672680","0.945574"
"1530672680","2161692763","0.215812"
"2161692763","1530672680","0.215812"
"1530672680","2568259728","0.495574"
"2568259728","1530672680","0.495574"
"1552798477","1569878055","0.451659"
"1569878055","1552798477","0.451659"
"1552798477","1571533098","0.126984"
"1571533098","1552798477","0.126984"
"1552798477","1970012304","0.217893"
"1970012304","1552798477","0.217893"
"1552798477","2003421875","0.984993"
"2003421875","1552798477","0.984993"
"1552798477","2053009162","0.0555556"
"2053009162","1552798477","0.0555556"
"1552798477","2071774356","0.784993"
"2071774356","1552798477","0.784993"
"1552798477","2081447850","0.0555556"
"2081447850","1552798477","0.0555556"
"1552798477","2087242306","0.0555556"
"2087242306","1552798477","0.0555556"
"1552798477","2096345085","0.475469"
"2096345085","1552798477","0.475469"
"1552798477","2146365100","0.746898"
"2146365100","1552798477","0.746898"
"1552798477","2154462487","3.64646"
"2154462487","1552798477","3.64646"
"1552798477","2155928473","0.0555556"
"2155928473","1552798477","0.0555556"
"1552798477","2158778445","0.0555556"
"2158778445","1552798477","0.0555556"
"1552798477","2160860966","0.818326"
"2160860966","1552798477","0.818326"
"1552798477","2161692763","0.146465"
"2161692763","1552798477","0.146465"
"1552798477","2568259728","0.894084"
"2568259728","1552798477","0.894084"
"1569878055","1571533098","0.376984"
"1571533098","1569878055","0.376984"
"1569878055","1970012304","1.46148"
"1970012304","1569878055","1.46148"
"1569878055","2003421875","2.16311"
"2003421875","1569878055","2.16311"
"1569878055","2053009162","0.305556"
"2053009162","1569878055","0.305556"
"1569878055","2071774356","2.37144"
"2071774356","1569878055","2.37144"
"1569878055","2081447850","0.138889"
"2081447850","1569878055","0.138889"
"1569878055","2087242306","0.0555556"
"2087242306","1569878055","0.0555556"
"1569878055","2096345085","0.734993"
"2096345085","1569878055","0.734993"
"1569878055","2146365100","1.33215"
"2146365100","1569878055","1.33215"
"1569878055","2154462487","0.907912"
"2154462487","1569878055","0.907912"
"1569878055","2155928473","0.722222"
"2155928473","1569878055","0.722222"
"1569878055","2158778445","0.424145"
"2158778445","1569878055","0.424145"
"1569878055","2160860966","1.20477"
"2160860966","1569878055","1.20477"
"1569878055","2161692763","1.64005"
"2161692763","1569878055","1.64005"
"1569878055","2568259728","1.28886"
"2568259728","1569878055","1.28886"
"1571533098","1970012304","0.376984"
"1970012304","1571533098","0.376984"
"1571533098","2003421875","0.293651"
"2003421875","1571533098","0.293651"
"1571533098","2053009162","0.305556"
"2053009162","1571533098","0.305556"
"1571533098","2071774356","0.376984"
"2071774356","1571533098","0.376984"
"1571533098","2081447850","0.138889"
"2081447850","1571533098","0.138889"
"1571533098","2087242306","0.0555556"
"2087242306","1571533098","0.0555556"
"1571533098","2096345085","0.126984"
"2096345085","1571533098","0.126984"
"1571533098","2146365100","0.222222"
"2146365100","1571533098","0.222222"
"1571533098","2154462487","0.0555556"
"2154462487","1571533098","0.0555556"
"1571533098","2155928473","0.138889"
"2155928473","1571533098","0.138889"
"1571533098","2158778445","0.0555556"
"2158778445","1571533098","0.0555556"
"1571533098","2160860966","0.126984"
"2160860966","1571533098","0.126984"
"1571533098","2161692763","0.138889"
"2161692763","1571533098","0.138889"
"1571533098","2568259728","0.126984"
"2568259728","1571533098","0.126984"
"1970012304","2003421875","0.794816"
"2003421875","1970012304","0.794816"
"1970012304","2053009162","0.805556"
"2053009162","1970012304","0.805556"
"1970012304","2071774356","2.21148"
"2071774356","1970012304","2.21148"
"1970012304","2081447850","0.638889"
"2081447850","1970012304","0.638889"
"1970012304","2087242306","0.388889"
"2087242306","1970012304","0.388889"
"1970012304","2096345085","0.301227"
"2096345085","1970012304","0.301227"
"1970012304","2146365100","0.473388"
"2146365100","1970012304","0.473388"
"1970012304","2154462487","0.306721"
"2154462487","1970012304","0.306721"
"1970012304","2155928473","1.55556"
"2155928473","1970012304","1.55556"
"1970012304","2158778445","0.382479"
"2158778445","1970012304","0.382479"
"1970012304","2160860966","0.37815"
"2160860966","1970012304","0.37815"
"1970012304","2161692763","0.640054"
"2161692763","1970012304","0.640054"
"1970012304","2568259728","0.453907"
"2568259728","1970012304","0.453907"
"2003421875","2053009162","0.222222"
"2053009162","2003421875","0.222222"
"2003421875","2071774356","4.07977"
"2071774356","2003421875","4.07977"
"2003421875","2081447850","0.0555556"
"2081447850","2003421875","0.0555556"
"2003421875","2087242306","0.0555556"
"2087242306","2003421875","0.0555556"
"2003421875","2096345085","1.10999"
"2096345085","2003421875","1.10999"
"2003421875","2155928473","0.305556"
"2155928473","2003421875","0.305556"
"2003421875","2158778445","0.799145"
"2158778445","2003421875","0.799145"
"2003421875","2160860966","1.52977"
"2160860966","2003421875","1.52977"
"2003421875","2161692763","0.223388"
"2161692763","2003421875","0.223388"
"2053009162","2071774356","0.638889"
"2071774356","2053009162","0.638889"
"2053009162","2081447850","1.47222"
"2081447850","2053009162","1.47222"
"2053009162","2087242306","0.0555556"
"2087242306","2053009162","0.0555556"
"2053009162","2096345085","0.0555556"
"2096345085","2053009162","0.0555556"
"2053009162","2146365100","0.222222"
"2146365100","2053009162","0.222222"
"2053009162","2154462487","0.0555556"
"2154462487","2053009162","0.0555556"
"2053009162","2155928473","0.638889"
"2155928473","2053009162","0.638889"
"2053009162","2158778445","0.0555556"
"2158778445","2053009162","0.0555556"
"2053009162","2160860966","0.0555556"
"2160860966","2053009162","0.0555556"
"2053009162","2161692763","1.80556"
"2161692763","2053009162","1.80556"
"2053009162","2568259728","0.0555556"
"2568259728","2053009162","0.0555556"
"2071774356","2081447850","0.138889"
"2081447850","2071774356","0.138889"
"2071774356","2087242306","0.388889"
"2087242306","2071774356","0.388889"
"2071774356","2096345085","1.02666"
"2096345085","2071774356","1.02666"
"2071774356","2146365100","1.04049"
"2146365100","2071774356","1.04049"
"2071774356","2154462487","0.741245"
"2154462487","2071774356","0.741245"
"2071774356","2155928473","0.722222"
"2155928473","2071774356","0.722222"
"2071774356","2158778445","0.507479"
"2158778445","2071774356","0.507479"
"2071774356","2160860966","1.49644"
"2160860966","2071774356","1.49644"
"2071774356","2161692763","0.640054"
"2161692763","2071774356","0.640054"
"2071774356","2568259728","2.3722"
"2568259728","2071774356","2.3722"
"2081447850","2087242306","0.0555556"
"2087242306","2081447850","0.0555556"
"2081447850","2096345085","0.0555556"
"2096345085","2081447850","0.0555556"
"2081447850","2146365100","0.0555556"
"2146365100","2081447850","0.0555556"
"2081447850","2154462487","0.0555556"
"2154462487","2081447850","0.0555556"
"2081447850","2155928473","0.138889"
"2155928473","2081447850","0.138889"
"2081447850","2158778445","0.0555556"
"2158778445","2081447850","0.0555556"
"2081447850","2160860966","0.0555556"
"2160860966","2081447850","0.0555556"
"2081447850","2161692763","0.472222"
"2161692763","2081447850","0.472222"
"2081447850","2568259728","0.0555556"
"2568259728","2081447850","0.0555556"
"2087242306","2096345085","0.0555556"
"2096345085","2087242306","0.0555556"
"2087242306","2146365100","0.0555556"
"2146365100","2087242306","0.0555556"
"2087242306","2154462487","0.0555556"
"2154462487","2087242306","0.0555556"
"2087242306","2155928473","0.0555556"
"2155928473","2087242306","0.0555556"
"2087242306","2158778445","0.0555556"
"2158778445","2087242306","0.0555556"
"2087242306","2160860966","0.0555556"
"2160860966","2087242306","0.0555556"
"2087242306","2161692763","0.0555556"
"2161692763","2087242306","0.0555556"
"2087242306","2568259728","0.0555556"
"2568259728","2087242306","0.0555556"
"2096345085","2146365100","0.570707"
"2146365100","2096345085","0.570707"
"2096345085","2154462487","0.497655"
"2154462487","2096345085","0.497655"
"2096345085","2155928473","0.138889"
"2155928473","2096345085","0.138889"
"2096345085","2158778445","0.180556"
"2158778445","2096345085","0.180556"
"2096345085","2160860966","6.27666"
"2160860966","2096345085","6.27666"
"2096345085","2161692763","0.146465"
"2161692763","2096345085","0.146465"
"2096345085","2568259728","0.73575"
"2568259728","2096345085","0.73575"
"2146365100","2155928473","0.138889"
"2155928473","2146365100","0.138889"
"2146365100","2158778445","0.257479"
"2158778445","2146365100","0.257479"
"2146365100","2160860966","0.990487"
"2160860966","2146365100","0.990487"
"2146365100","2161692763","0.223388"
"2161692763","2146365100","0.223388"
"2154462487","2155928473","0.305556"
"2155928473","2154462487","0.305556"
"2154462487","2158778445","0.549145"
"2158778445","2154462487","0.549145"
"2154462487","2160860966","0.574578"
"2160860966","2154462487","0.574578"
"2154462487","2161692763","0.223388"
"2161692763","2154462487","0.223388"
"2155928473","2158778445","0.222222"
"2158778445","2155928473","0.222222"
"2155928473","2160860966","0.138889"
"2160860966","2155928473","0.138889"
"2155928473","2161692763","0.472222"
"2161692763","2155928473","0.472222"
"2155928473","2568259728","0.0555556"
"2568259728","2155928473","0.0555556"
"2158778445","2160860966","0.257479"
"2160860966","2158778445","0.257479"
"2158778445","2161692763","0.132479"
"2161692763","2158778445","0.132479"
"2158778445","2568259728","3.13248"
"2568259728","2158778445","3.13248"
"2160860966","2161692763","0.223388"
"2161692763","2160860966","0.223388"
"2160860966","2568259728","1.15553"
"2568259728","2160860966","1.15553"
"2161692763","2568259728","0.132479"
"2568259728","2161692763","0.132479"
"1527137792","2103543285","0.417832"
"2103543285","1527137792","0.417832"
"1527137792","2184070058","0.417832"
"2184070058","1527137792","0.417832"
"1552798477","2053562648","0.257576"
"2053562648","1552798477","0.257576"
"1552798477","2103543285","0.995671"
"2103543285","1552798477","0.995671"
"1552798477","2184070058","0.995671"
"2184070058","1552798477","0.995671"
"1569878055","2053562648","0.215909"
"2053562648","1569878055","0.215909"
"1569878055","2103543285","0.905927"
"2103543285","1569878055","0.905927"
"1569878055","2184070058","0.822594"
"2184070058","1569878055","0.822594"
"2003421875","2103543285","0.489261"
"2103543285","2003421875","0.489261"
"2003421875","2184070058","0.489261"
"2184070058","2003421875","0.489261"
"2053562648","2071774356","0.257576"
"2071774356","2053562648","0.257576"
"2053562648","2096345085","0.0909091"
"2096345085","2053562648","0.0909091"
"2053562648","2103543285","0.0909091"
"2103543285","2053562648","0.0909091"
"2053562648","2160860966","0.0909091"
"2160860966","2053562648","0.0909091"
"2053562648","2184070058","0.0909091"
"2184070058","2053562648","0.0909091"
"2071774356","2103543285","1.07259"
"2103543285","2071774356","1.07259"
"2071774356","2184070058","0.989261"
"2184070058","2071774356","0.989261"
"2096345085","2103543285","0.412338"
"2103543285","2096345085","0.412338"
"2096345085","2184070058","0.412338"
"2184070058","2096345085","0.412338"
"2103543285","2146365100","0.251166"
"2146365100","2103543285","0.251166"
"2103543285","2160860966","0.489261"
"2160860966","2103543285","0.489261"
"2103543285","2184070058","6.15593"
"2184070058","2103543285","6.15593"
"2103543285","2568259728","0.405927"
"2568259728","2103543285","0.405927"
"2146365100","2184070058","0.251166"
"2184070058","2146365100","0.251166"
"2160860966","2184070058","0.489261"
"2184070058","2160860966","0.489261"
"2184070058","2568259728","0.405927"
"2568259728","2184070058","0.405927"
"1527137792","2107694471","0.465909"
"2107694471","1527137792","0.465909"
"1569878055","2107694471","0.870671"
"2107694471","1569878055","0.870671"
"2003421875","2107694471","0.537338"
"2107694471","2003421875","0.537338"
"2053562648","2107694471","0.125"
"2107694471","2053562648","0.125"
"2053562648","2158778445","0.125"
"2158778445","2053562648","0.125"
"2107694471","2146365100","0.465909"
"2146365100","2107694471","0.465909"
"2107694471","2154462487","0.465909"
"2154462487","2107694471","0.465909"
"2107694471","2158778445","0.125"
"2158778445","2107694471","0.125"
"2107694471","2568259728","0.196429"
"2568259728","2107694471","0.196429"
"1530672680","2103543285","0.565018"
"2103543285","1530672680","0.565018"
"1530672680","2184070058","0.481685"
"2184070058","1530672680","0.481685"
"1970012304","2103543285","0.315018"
"2103543285","1970012304","0.315018"
"1970012304","2184070058","0.231685"
"2184070058","1970012304","0.231685"
"2103543285","2154462487","0.160256"
"2154462487","2103543285","0.160256"
"2103543285","2158778445","0.0769231"
"2158778445","2103543285","0.0769231"
"2103543285","2161692763","0.160256"
"2161692763","2103543285","0.160256"
"2154462487","2184070058","0.160256"
"2184070058","2154462487","0.160256"
"2158778445","2184070058","0.0769231"
"2184070058","2158778445","0.0769231"
"2161692763","2184070058","0.0769231"
"2184070058","2161692763","0.0769231"
"2071774356","2107694471","0.745671"
"2107694471","2071774356","0.745671"
"1527137792","1565098692","0.166667"
"1565098692","1527137792","0.166667"
"1565098692","1569878055","0.238095"
"1569878055","1565098692","0.238095"
"1565098692","2003421875","0.238095"
"2003421875","1565098692","0.238095"
"1565098692","2154462487","0.166667"
"2154462487","1565098692","0.166667"
"1565098692","2155928473","0.166667"
"2155928473","1565098692","0.166667"
"1565098692","2158778445","0.666667"
"2158778445","1565098692","0.666667"
"1527137792","2463212552","0.333333"
"2463212552","1527137792","0.333333"
"2003421875","2463212552","0.333333"
"2463212552","2003421875","0.333333"
"2463212552","2568259728","0.333333"
"2568259728","2463212552","0.333333"
"1970012304","2107694471","0.329004"
"2107694471","1970012304","0.329004"
"2096345085","2107694471","0.245671"
"2107694471","2096345085","0.245671"
"2103543285","2107694471","1.7381"
"2107694471","2103543285","1.7381"
"2103543285","2155928473","0.166667"
"2155928473","2103543285","0.166667"
"2107694471","2155928473","0.166667"
"2155928473","2107694471","0.166667"
"2107694471","2160860966","0.495671"
"2160860966","2107694471","0.495671"
"2107694471","2184070058","1.65476"
"2184070058","2107694471","1.65476"
"2155928473","2184070058","0.0833333"
"2184070058","2155928473","0.0833333"
"1552798477","2107694471","0.162338"
"2107694471","1552798477","0.162338"
"2107694471","2161692763","0.174242"
"2161692763","2107694471","0.174242"
"1530672680","1565098692","0.0714286"
"1565098692","1530672680","0.0714286"
"1530672680","2088873730","0.154762"
"2088873730","1530672680","0.154762"
"1530672680","2107694471","0.404762"
"2107694471","1530672680","0.404762"
"1552798477","1565098692","0.0714286"
"1565098692","1552798477","0.0714286"
"1552798477","2088873730","0.0714286"
"2088873730","1552798477","0.0714286"
"1565098692","1571533098","0.0714286"
"1571533098","1565098692","0.0714286"
"1565098692","1970012304","0.0714286"
"1970012304","1565098692","0.0714286"
"1565098692","2071774356","0.0714286"
"2071774356","1565098692","0.0714286"
"1565098692","2088873730","0.0714286"
"2088873730","1565098692","0.0714286"
"1565098692","2096345085","0.0714286"
"2096345085","1565098692","0.0714286"
"1565098692","2103543285","0.0714286"
"2103543285","1565098692","0.0714286"
"1565098692","2107694471","0.0714286"
"2107694471","1565098692","0.0714286"
"1565098692","2160860966","0.0714286"
"2160860966","1565098692","0.0714286"
"1565098692","2184070058","0.0714286"
"2184070058","1565098692","0.0714286"
"1565098692","2568259728","0.571429"
"2568259728","1565098692","0.571429"
"1569878055","2088873730","0.154762"
"2088873730","1569878055","0.154762"
"1571533098","2088873730","0.154762"
"2088873730","1571533098","0.154762"
"1571533098","2103543285","0.154762"
"2103543285","1571533098","0.154762"
"1571533098","2107694471","0.154762"
"2107694471","1571533098","0.154762"
"1571533098","2184070058","0.0714286"
"2184070058","1571533098","0.0714286"
"1970012304","2088873730","0.654762"
"2088873730","1970012304","0.654762"
"2003421875","2088873730","0.0714286"
"2088873730","2003421875","0.0714286"
"2071774356","2088873730","0.154762"
"2088873730","2071774356","0.154762"
"2088873730","2096345085","0.0714286"
"2096345085","2088873730","0.0714286"
"2088873730","2103543285","0.154762"
"2103543285","2088873730","0.154762"
"2088873730","2107694471","0.154762"
"2107694471","2088873730","0.154762"
"2088873730","2160860966","0.0714286"
"2160860966","2088873730","0.0714286"
"2088873730","2184070058","0.0714286"
"2184070058","2088873730","0.0714286"
"2088873730","2568259728","0.0714286"
"2568259728","2088873730","0.0714286"
"1530672680","2002779106","0.0833333"
"2002779106","1530672680","0.0833333"
"1569878055","2002779106","0.0833333"
"2002779106","1569878055","0.0833333"
"1571533098","2002779106","0.0833333"
"2002779106","1571533098","0.0833333"
"1970012304","2002779106","1.08333"
"2002779106","1970012304","1.08333"
"2002779106","2053009162","1.75"
"2053009162","2002779106","1.75"
"2002779106","2071774356","0.0833333"
"2071774356","2002779106","0.0833333"
"2002779106","2081447850","1.33333"
"2081447850","2002779106","1.33333"
"2002779106","2088873730","0.0833333"
"2088873730","2002779106","0.0833333"
"2002779106","2103543285","0.0833333"
"2103543285","2002779106","0.0833333"
"2002779106","2107694471","0.0833333"
"2107694471","2002779106","0.0833333"
"2002779106","2155928473","0.0833333"
"2155928473","2002779106","0.0833333"
"2002779106","2161692763","3.75952"
"2161692763","2002779106","3.75952"
"2053009162","2088873730","0.0833333"
"2088873730","2053009162","0.0833333"
"2053009162","2103543285","0.583333"
"2103543285","2053009162","0.583333"
"2053009162","2107694471","0.0833333"
"2107694471","2053009162","0.0833333"
"2081447850","2088873730","1.58333"
"2088873730","2081447850","1.58333"
"2081447850","2103543285","0.0833333"
"2103543285","2081447850","0.0833333"
"2081447850","2107694471","0.0833333"
"2107694471","2081447850","0.0833333"
"2088873730","2155928473","0.0833333"
"2155928473","2088873730","0.0833333"
"2088873730","2161692763","0.0833333"
"2161692763","2088873730","0.0833333"
"1993172344","2002779106","7.55952"
"2002779106","1993172344","7.55952"
"1993172344","2060098952","5.05952"
"2060098952","1993172344","5.05952"
"2002779106","2060098952","5.05952"
"2060098952","2002779106","5.05952"
"1993172344","2161692763","0.142857"
"2161692763","1993172344","0.142857"
"1993172344","2440979603","0.142857"
"2440979603","1993172344","0.142857"
"1993172344","2593482382","0.642857"
"2593482382","1993172344","0.642857"
"1993172344","2613621736","0.142857"
"2613621736","1993172344","0.142857"
"1993172344","2794541667","0.142857"
"2794541667","1993172344","0.142857"
"2002779106","2440979603","0.67619"
"2440979603","2002779106","0.67619"
"2002779106","2593482382","1.34286"
"2593482382","2002779106","1.34286"
"2002779106","2613621736","0.67619"
"2613621736","2002779106","0.67619"
"2002779106","2794541667","1.84286"
"2794541667","2002779106","1.84286"
"2060098952","2161692763","2.14286"
"2161692763","2060098952","2.14286"
"2060098952","2440979603","0.142857"
"2440979603","2060098952","0.142857"
"2060098952","2593482382","0.142857"
"2593482382","2060098952","0.142857"
"2060098952","2613621736","0.142857"
"2613621736","2060098952","0.142857"
"2060098952","2794541667","0.142857"
"2794541667","2060098952","0.142857"
"2161692763","2440979603","2.75952"
"2440979603","2161692763","2.75952"
"2161692763","2593482382","2.59286"
"2593482382","2161692763","2.59286"
"2161692763","2613621736","2.75952"
"2613621736","2161692763","2.75952"
"2161692763","2794541667","2.25952"
"2794541667","2161692763","2.25952"
"2440979603","2593482382","1.75952"
"2593482382","2440979603","1.75952"
"2440979603","2613621736","7.92619"
"2613621736","2440979603","7.92619"
"2440979603","2794541667","1.59286"
"2794541667","2440979603","1.59286"
"2593482382","2613621736","2.25952"
"2613621736","2593482382","2.25952"
"2593482382","2794541667","15.7595"
"2794541667","2593482382","15.7595"
"2613621736","2794541667","2.09286"
"2794541667","2613621736","2.09286"
"1993172344","2053009162","0.666667"
"2053009162","1993172344","0.666667"
"2053009162","2060098952","0.666667"
"2060098952","2053009162","0.666667"
"1993172344","2043942955","0.25"
"2043942955","1993172344","0.25"
"1993172344","2081447850","0.25"
"2081447850","1993172344","0.25"
"2002779106","2043942955","0.25"
"2043942955","2002779106","0.25"
"2043942955","2060098952","0.25"
"2060098952","2043942955","0.25"
"2043942955","2081447850","0.25"
"2081447850","2043942955","0.25"
"2060098952","2081447850","0.25"
"2081447850","2060098952","0.25"
"2043942955","2053009162","1"
"2053009162","2043942955","1"
"2053009162","2794541667","1.83333"
"2794541667","2053009162","1.83333"
"2071774356","2794541667","0.333333"
"2794541667","2071774356","0.333333"
"2053009162","2593482382","0.5"
"2593482382","2053009162","0.5"
"2053009162","2184070058","0.5"
"2184070058","2053009162","0.5"
"2053009162","2290151715","0.333333"
"2290151715","2053009162","0.333333"
"2081447850","2290151715","0.333333"
"2290151715","2081447850","0.333333"
"2161692763","2290151715","0.333333"
"2290151715","2161692763","0.333333"
"2161692763","61455830","2"
"61455830","2161692763","2"
"2290151715","2520013886","20"
"2520013886","2290151715","20"
"2290151715","61455830","0.5"
"61455830","2290151715","0.5"
"2520013886","61455830","0.5"
"61455830","2520013886","0.5"
"2290151715","2440979603","0.5"
"2440979603","2290151715","0.5"
"2440979603","2520013886","0.5"
"2520013886","2440979603","0.5"
