"1517348552","2134644026","4"
"2134644026","1517348552","4"
"1542880907","2029815943","6.66667"
"2029815943","1542880907","6.66667"
"1542880907","1760549314","2.03333"
"1760549314","1542880907","2.03333"
"1542880907","2096511117","1.03333"
"2096511117","1542880907","1.03333"
"1542880907","2129612566","1.03333"
"2129612566","1542880907","1.03333"
"1760549314","2096511117","1.03333"
"2096511117","1760549314","1.03333"
"1760549314","2129612566","2.28333"
"2129612566","1760549314","2.28333"
"2096511117","2129612566","10.0333"
"2129612566","2096511117","10.0333"
"1542880907","1985092174","1.36667"
"1985092174","1542880907","1.36667"
"1542880907","2117012917","0.366667"
"2117012917","1542880907","0.366667"
"1760549314","1985092174","7.36667"
"1985092174","1760549314","7.36667"
"1760549314","2029815943","0.166667"
"2029815943","1760549314","0.166667"
"1760549314","2117012917","5.36667"
"2117012917","1760549314","5.36667"
"1985092174","2029815943","0.666667"
"2029815943","1985092174","0.666667"
"1985092174","2096511117","0.366667"
"2096511117","1985092174","0.366667"
"1985092174","2117012917","15.3667"
"2117012917","1985092174","15.3667"
"1985092174","2129612566","0.366667"
"2129612566","1985092174","0.366667"
"2029815943","2096511117","0.166667"
"2096511117","2029815943","0.166667"
"2029815943","2117012917","0.166667"
"2117012917","2029815943","0.166667"
"2029815943","2129612566","0.166667"
"2129612566","2029815943","0.166667"
"2096511117","2117012917","0.366667"
"2117012917","2096511117","0.366667"
"2117012917","2129612566","0.366667"
"2129612566","2117012917","0.366667"
"1542880907","2294688766","0.5"
"2294688766","1542880907","0.5"
"1985092174","2294688766","0.5"
"2294688766","1985092174","0.5"
"1760549314","1819449330","0.75"
"1819449330","1760549314","0.75"
"1760549314","1823168806","1.25"
"1823168806","1760549314","1.25"
"1760549314","1964202341","0.75"
"1964202341","1760549314","0.75"
"1819449330","1823168806","2.58333"
"1823168806","1819449330","2.58333"
"1819449330","1964202341","11.5833"
"1964202341","1819449330","11.5833"
"1819449330","2129612566","2.08333"
"2129612566","1819449330","2.08333"
"1823168806","1964202341","3.58333"
"1964202341","1823168806","3.58333"
"1823168806","2129612566","3.08333"
"2129612566","1823168806","3.08333"
"1964202341","2129612566","1.58333"
"2129612566","1964202341","1.58333"
"1823168806","2337019559","0.5"
"2337019559","1823168806","0.5"
"1964202341","2337019559","0.5"
"2337019559","1964202341","0.5"
"2015654449","2337019559","4"
"2337019559","2015654449","4"
"2293524909","2442049918","2.66667"
"2442049918","2293524909","2.66667"
"2293524909","799888426","3.66667"
"799888426","2293524909","3.66667"
"2442049918","799888426","12.1667"
"799888426","2442049918","12.1667"
"2293524909","2579485143","0.666667"
"2579485143","2293524909","0.666667"
"2442049918","2579485143","3.16667"
"2579485143","2442049918","3.16667"
"2579485143","799888426","2.16667"
"799888426","2579485143","2.16667"
