"138952042","1599660514","2.45833"
"1599660514","138952042","2.45833"
"138952042","1491490998","0.25"
"1491490998","138952042","0.25"
"138952042","1586514605","0.25"
"1586514605","138952042","0.25"
"138952042","1971279826","0.25"
"1971279826","138952042","0.25"
"138952042","2089706179","0.25"
"2089706179","138952042","0.25"
"1491490998","1586514605","4.16667"
"1586514605","1491490998","4.16667"
"1491490998","1971279826","4.66667"
"1971279826","1491490998","4.66667"
"1491490998","2089706179","1.58333"
"2089706179","1491490998","1.58333"
"1586514605","1971279826","8.41667"
"1971279826","1586514605","8.41667"
"1586514605","2089706179","2.58333"
"2089706179","1586514605","2.58333"
"1971279826","2089706179","5.58333"
"2089706179","1971279826","5.58333"
"138952042","1576994079","0.625"
"1576994079","138952042","0.625"
"138952042","2122245518","0.625"
"2122245518","138952042","0.625"
"1576994079","2122245518","11.125"
"2122245518","1576994079","11.125"
"138952042","2125587567","0.791667"
"2125587567","138952042","0.791667"
"138952042","2133678518","0.791667"
"2133678518","138952042","0.791667"
"138952042","2161344864","0.458333"
"2161344864","138952042","0.458333"
"138952042","2170338669","0.125"
"2170338669","138952042","0.125"
"138952042","2214826828","0.125"
"2214826828","138952042","0.125"
"1576994079","1599660514","0.125"
"1599660514","1576994079","0.125"
"1576994079","2125587567","0.125"
"2125587567","1576994079","0.125"
"1576994079","2133678518","0.125"
"2133678518","1576994079","0.125"
"1576994079","2161344864","0.625"
"2161344864","1576994079","0.625"
"1576994079","2170338669","0.125"
"2170338669","1576994079","0.125"
"1576994079","2214826828","0.125"
"2214826828","1576994079","0.125"
"1599660514","2122245518","0.125"
"2122245518","1599660514","0.125"
"1599660514","2125587567","0.458333"
"2125587567","1599660514","0.458333"
"1599660514","2133678518","0.458333"
"2133678518","1599660514","0.458333"
"1599660514","2161344864","0.125"
"2161344864","1599660514","0.125"
"1599660514","2170338669","0.125"
"2170338669","1599660514","0.125"
"1599660514","2214826828","0.125"
"2214826828","1599660514","0.125"
"2122245518","2125587567","0.125"
"2125587567","2122245518","0.125"
"2122245518","2133678518","1.125"
"2133678518","2122245518","1.125"
"2122245518","2161344864","0.625"
"2161344864","2122245518","0.625"
"2122245518","2170338669","0.125"
"2170338669","2122245518","0.125"
"2122245518","2214826828","0.125"
"2214826828","2122245518","0.125"
"2125587567","2133678518","0.791667"
"2133678518","2125587567","0.791667"
"2125587567","2161344864","0.458333"
"2161344864","2125587567","0.458333"
"2125587567","2170338669","0.125"
"2170338669","2125587567","0.125"
"2125587567","2214826828","0.125"
"2214826828","2125587567","0.125"
"2133678518","2161344864","0.458333"
"2161344864","2133678518","0.458333"
"2133678518","2170338669","0.125"
"2170338669","2133678518","0.125"
"2133678518","2214826828","0.125"
"2214826828","2133678518","0.125"
"2161344864","2170338669","0.125"
"2170338669","2161344864","0.125"
"2161344864","2214826828","0.125"
"2214826828","2161344864","0.125"
"2170338669","2214826828","0.125"
"2214826828","2170338669","0.125"
"138952042","1605848579","1"
"1605848579","138952042","1"
"1482995570","1590859052","1.25"
"1590859052","1482995570","1.25"
"1482995570","2117495487","0.25"
"2117495487","1482995570","0.25"
"1482995570","2144999836","0.25"
"2144999836","1482995570","0.25"
"1482995570","2214826828","1.25"
"2214826828","1482995570","1.25"
"1590859052","2117495487","0.583333"
"2117495487","1590859052","0.583333"
"1590859052","2144999836","1.08333"
"2144999836","1590859052","1.08333"
"1590859052","2214826828","4.58333"
"2214826828","1590859052","4.58333"
"2117495487","2144999836","1.08333"
"2144999836","2117495487","1.08333"
"2117495487","2214826828","2.08333"
"2214826828","2117495487","2.08333"
"2144999836","2214826828","1.58333"
"2214826828","2144999836","1.58333"
"1491456149","1580054209","4.75"
"1580054209","1491456149","4.75"
"1491456149","2035178360","1.33333"
"2035178360","1491456149","1.33333"
"1580054209","2035178360","2.5"
"2035178360","1580054209","2.5"
"1491456149","1996676736","0.833333"
"1996676736","1491456149","0.833333"
"1491456149","2163192219","1.58333"
"2163192219","1491456149","1.58333"
"1996676736","2035178360","0.333333"
"2035178360","1996676736","0.333333"
"1996676736","2163192219","1.83333"
"2163192219","1996676736","1.83333"
"2035178360","2163192219","5.16667"
"2163192219","2035178360","5.16667"
"1491456149","1501284171","1.25"
"1501284171","1491456149","1.25"
"1491456149","2124126283","0.25"
"2124126283","1491456149","0.25"
"1501284171","1580054209","0.75"
"1580054209","1501284171","0.75"
"1501284171","2124126283","4.58333"
"2124126283","1501284171","4.58333"
"1501284171","2163192219","1.08333"
"2163192219","1501284171","1.08333"
"1580054209","2124126283","0.25"
"2124126283","1580054209","0.25"
"1580054209","2163192219","2.25"
"2163192219","1580054209","2.25"
"2124126283","2163192219","1.08333"
"2163192219","2124126283","1.08333"
"1491490998","2153357219","0.25"
"2153357219","1491490998","0.25"
"1491490998","2167468979","0.583333"
"2167468979","1491490998","0.583333"
"1586514605","2153357219","0.5"
"2153357219","1586514605","0.5"
"1586514605","2167468979","0.833333"
"2167468979","1586514605","0.833333"
"1971279826","2153357219","0.666667"
"2153357219","1971279826","0.666667"
"1971279826","2167468979","3"
"2167468979","1971279826","3"
"2153357219","2167468979","2.91667"
"2167468979","2153357219","2.91667"
"1491490998","1827359671","1.5"
"1827359671","1491490998","1.5"
"1827359671","1971279826","0.916667"
"1971279826","1827359671","0.916667"
"1491490998","1571043125","0.333333"
"1571043125","1491490998","0.333333"
"1491490998","1996676736","0.333333"
"1996676736","1491490998","0.333333"
"1491490998","2108350817","0.333333"
"2108350817","1491490998","0.333333"
"1571043125","1996676736","0.833333"
"1996676736","1571043125","0.833333"
"1571043125","2108350817","0.333333"
"2108350817","1571043125","0.333333"
"1996676736","2108350817","0.333333"
"2108350817","1996676736","0.333333"
"1501284171","2152362264","0.5"
"2152362264","1501284171","0.5"
"2124126283","2152362264","0.5"
"2152362264","2124126283","0.5"
"1501284171","1993863827","1"
"1993863827","1501284171","1"
"1501284171","2035178360","0.833333"
"2035178360","1501284171","0.833333"
"2035178360","2124126283","0.333333"
"2124126283","2035178360","0.333333"
"1507900435","2170338669","1"
"2170338669","1507900435","1"
"1527125278","2056012569","11.5"
"2056012569","1527125278","11.5"
"1527125278","2108350817","14"
"2108350817","1527125278","14"
"2056012569","2108350817","12.5"
"2108350817","2056012569","12.5"
"1527125278","2153050131","3.5"
"2153050131","1527125278","3.5"
"2056012569","2153050131","2"
"2153050131","2056012569","2"
"2108350817","2153050131","2.75"
"2153050131","2108350817","2.75"
"1527125278","1971279826","0.333333"
"1971279826","1527125278","0.333333"
"1971279826","2056012569","0.333333"
"2056012569","1971279826","0.333333"
"1971279826","2108350817","1.33333"
"2108350817","1971279826","1.33333"
"1527125278","2089706179","0.333333"
"2089706179","1527125278","0.333333"
"2056012569","2089706179","0.333333"
"2089706179","2056012569","0.333333"
"2089706179","2108350817","2.58333"
"2108350817","2089706179","2.58333"
"1527125278","2099085751","0.333333"
"2099085751","1527125278","0.333333"
"2056012569","2099085751","0.333333"
"2099085751","2056012569","0.333333"
"2099085751","2108350817","0.333333"
"2108350817","2099085751","0.333333"
"1545117279","1572028520","2.16667"
"1572028520","1545117279","2.16667"
"1545117279","1827359671","0.166667"
"1827359671","1545117279","0.166667"
"1545117279","1971279826","0.166667"
"1971279826","1545117279","0.166667"
"1545117279","2153357219","0.166667"
"2153357219","1545117279","0.166667"
"1545117279","2167468979","0.166667"
"2167468979","1545117279","0.166667"
"1545117279","2214826828","0.166667"
"2214826828","1545117279","0.166667"
"1572028520","1827359671","0.166667"
"1827359671","1572028520","0.166667"
"1572028520","1971279826","0.166667"
"1971279826","1572028520","0.166667"
"1572028520","2153357219","0.166667"
"2153357219","1572028520","0.166667"
"1572028520","2167468979","0.166667"
"2167468979","1572028520","0.166667"
"1572028520","2214826828","0.166667"
"2214826828","1572028520","0.166667"
"1827359671","2153357219","3.41667"
"2153357219","1827359671","3.41667"
"1827359671","2167468979","0.416667"
"2167468979","1827359671","0.416667"
"1827359671","2214826828","0.166667"
"2214826828","1827359671","0.166667"
"1971279826","2214826828","0.166667"
"2214826828","1971279826","0.166667"
"2153357219","2214826828","0.166667"
"2214826828","2153357219","0.166667"
"2167468979","2214826828","0.166667"
"2214826828","2167468979","0.166667"
"1545117279","2008712461","1"
"2008712461","1545117279","1"
"1571043125","1580054209","1.5"
"1580054209","1571043125","1.5"
"1580054209","1996676736","4.5"
"1996676736","1580054209","4.5"
"1571043125","2035178360","0.25"
"2035178360","1571043125","0.25"
"1571043125","2153357219","0.25"
"2153357219","1571043125","0.25"
"1571043125","2163192219","0.25"
"2163192219","1571043125","0.25"
"1571043125","2167468979","0.25"
"2167468979","1571043125","0.25"
"2035178360","2153357219","0.25"
"2153357219","2035178360","0.25"
"2035178360","2167468979","0.25"
"2167468979","2035178360","0.25"
"2153357219","2163192219","0.25"
"2163192219","2153357219","0.25"
"2163192219","2167468979","0.25"
"2167468979","2163192219","0.25"
"1572028520","1993863827","2.5"
"1993863827","1572028520","2.5"
"1572028520","2127057359","4.5"
"2127057359","1572028520","4.5"
"1993863827","2127057359","2.5"
"2127057359","1993863827","2.5"
"1580054209","2167468979","0.5"
"2167468979","1580054209","0.5"
"1996676736","2167468979","0.5"
"2167468979","1996676736","0.5"
"1586514605","1827359671","0.25"
"1827359671","1586514605","0.25"
"1586514605","1996676736","0.5"
"1996676736","1586514605","0.5"
"1586514605","2163192219","0.5"
"2163192219","1586514605","0.5"
"1590859052","2073884138","0.5"
"2073884138","1590859052","0.5"
"2073884138","2214826828","2.5"
"2214826828","2073884138","2.5"
"1599660514","1605848579","3"
"1605848579","1599660514","3"
"1599836220","2052569640","13"
"2052569640","1599836220","13"
"2008712461","2115084472","1"
"2115084472","2008712461","1"
"2016395505","2125587567","2"
"2125587567","2016395505","2"
"2016395505","2103128343","1"
"2103128343","2016395505","1"
"2016580249","2133678518","0.5"
"2133678518","2016580249","0.5"
"2016580249","2152362264","0.5"
"2152362264","2016580249","0.5"
"2133678518","2152362264","0.5"
"2152362264","2133678518","0.5"
"2035178360","2089706179","0.25"
"2089706179","2035178360","0.25"
"2035178360","2108350817","0.25"
"2108350817","2035178360","0.25"
"2035178360","2153050131","0.25"
"2153050131","2035178360","0.25"
"2089706179","2153050131","0.25"
"2153050131","2089706179","0.25"
"2089706179","2163192219","0.25"
"2163192219","2089706179","0.25"
"2108350817","2163192219","0.25"
"2163192219","2108350817","0.25"
"2153050131","2163192219","0.25"
"2163192219","2153050131","0.25"
"2103128343","2125587567","2"
"2125587567","2103128343","2"
"2103128343","2161344864","1"
"2161344864","2103128343","1"
