"129374938","1508282494","1.25"
"1508282494","129374938","1.25"
"129374938","2098881061","0.25"
"2098881061","129374938","0.25"
"129374938","2129204439","0.25"
"2129204439","129374938","0.25"
"129374938","61870854","2.14167"
"61870854","129374938","2.14167"
"1508282494","2098881061","0.25"
"2098881061","1508282494","0.25"
"1508282494","2129204439","0.25"
"2129204439","1508282494","0.25"
"1508282494","61870854","0.25"
"61870854","1508282494","0.25"
"2098881061","2129204439","0.25"
"2129204439","2098881061","0.25"
"2098881061","61870854","1.25"
"61870854","2098881061","1.25"
"2129204439","61870854","0.25"
"61870854","2129204439","0.25"
"129374938","2110232288","0.125"
"2110232288","129374938","0.125"
"129374938","2121409173","0.291667"
"2121409173","129374938","0.291667"
"129374938","2125991052","0.291667"
"2125991052","129374938","0.291667"
"129374938","2146301186","0.291667"
"2146301186","129374938","0.291667"
"129374938","2150250966","0.125"
"2150250966","129374938","0.125"
"129374938","2155511297","0.291667"
"2155511297","129374938","0.291667"
"129374938","2167439837","0.125"
"2167439837","129374938","0.125"
"2110232288","2121409173","0.779282"
"2121409173","2110232288","0.779282"
"2110232288","2125991052","0.862615"
"2125991052","2110232288","0.862615"
"2110232288","2146301186","0.719758"
"2146301186","2110232288","0.719758"
"2110232288","2150250966","0.330357"
"2150250966","2110232288","0.330357"
"2110232288","2155511297","4.19595"
"2155511297","2110232288","4.19595"
"2110232288","2167439837","0.520833"
"2167439837","2110232288","0.520833"
"2110232288","61870854","0.573925"
"61870854","2110232288","0.573925"
"2121409173","2125991052","4.56262"
"2125991052","2121409173","4.56262"
"2121409173","2146301186","2.41976"
"2146301186","2121409173","2.41976"
"2121409173","2150250966","0.330357"
"2150250966","2121409173","0.330357"
"2121409173","2155511297","3.89595"
"2155511297","2121409173","3.89595"
"2121409173","2167439837","0.4375"
"2167439837","2121409173","0.4375"
"2121409173","61870854","1.10726"
"61870854","2121409173","1.10726"
"2125991052","2146301186","10.6793"
"2146301186","2125991052","10.6793"
"2125991052","2150250966","1.72321"
"2150250966","2125991052","1.72321"
"2125991052","2155511297","4.01262"
"2155511297","2125991052","4.01262"
"2125991052","2167439837","0.6875"
"2167439837","2125991052","0.6875"
"2125991052","61870854","2.19059"
"61870854","2125991052","2.19059"
"2146301186","2150250966","0.580357"
"2150250966","2146301186","0.580357"
"2146301186","2155511297","3.28642"
"2155511297","2146301186","3.28642"
"2146301186","2167439837","0.4375"
"2167439837","2146301186","0.4375"
"2146301186","61870854","0.857258"
"61870854","2146301186","0.857258"
"2150250966","2155511297","0.330357"
"2155511297","2150250966","0.330357"
"2150250966","2167439837","0.1875"
"2167439837","2150250966","0.1875"
"2150250966","61870854","1.625"
"61870854","2150250966","1.625"
"2155511297","2167439837","0.4375"
"2167439837","2155511297","0.4375"
"2155511297","61870854","1.44059"
"61870854","2155511297","1.44059"
"2167439837","61870854","0.708333"
"61870854","2167439837","0.708333"
"129374938","1857363238","2.76667"
"1857363238","129374938","2.76667"
"129374938","1570165220","0.5"
"1570165220","129374938","0.5"
"129374938","2121941088","0.5"
"2121941088","129374938","0.5"
"1570165220","2121941088","1.2699"
"2121941088","1570165220","1.2699"
"1857363238","2121409173","0.875115"
"2121409173","1857363238","0.875115"
"1857363238","2125991052","1.95845"
"2125991052","1857363238","1.95845"
"1857363238","2146301186","0.482258"
"2146301186","1857363238","0.482258"
"1857363238","2155511297","1.20845"
"2155511297","1857363238","1.20845"
"1857363238","61870854","11.1989"
"61870854","1857363238","11.1989"
"129374938","148619112","0.1"
"148619112","129374938","0.1"
"129374938","1512276012","0.1"
"1512276012","129374938","0.1"
"129374938","1950016158","0.1"
"1950016158","129374938","0.1"
"129374938","1972285203","0.1"
"1972285203","129374938","0.1"
"129374938","2130349191","0.1"
"2130349191","129374938","0.1"
"129374938","2134151046","0.1"
"2134151046","129374938","0.1"
"129374938","2137949962","0.1"
"2137949962","129374938","0.1"
"129374938","2158575548","0.1"
"2158575548","129374938","0.1"
"148619112","1512276012","0.5565"
"1512276012","148619112","0.5565"
"148619112","1857363238","0.132258"
"1857363238","148619112","0.132258"
"148619112","1950016158","0.132258"
"1950016158","148619112","0.132258"
"148619112","1972285203","0.223167"
"1972285203","148619112","0.223167"
"148619112","2130349191","0.1"
"2130349191","148619112","0.1"
"148619112","2134151046","0.223167"
"2134151046","148619112","0.223167"
"148619112","2137949962","1.13226"
"2137949962","148619112","1.13226"
"148619112","2158575548","0.1"
"2158575548","148619112","0.1"
"148619112","61870854","0.132258"
"61870854","148619112","0.132258"
"1512276012","1857363238","0.132258"
"1857363238","1512276012","0.132258"
"1512276012","1950016158","0.587615"
"1950016158","1512276012","0.587615"
"1512276012","1972285203","2.08878"
"1972285203","1512276012","2.08878"
"1512276012","2130349191","0.1"
"2130349191","1512276012","0.1"
"1512276012","2134151046","1.22317"
"2134151046","1512276012","1.22317"
"1512276012","2137949962","0.271681"
"2137949962","1512276012","0.271681"
"1512276012","2158575548","0.1625"
"2158575548","1512276012","0.1625"
"1512276012","61870854","0.632258"
"61870854","1512276012","0.632258"
"1857363238","1950016158","0.332258"
"1950016158","1857363238","0.332258"
"1857363238","1972285203","0.132258"
"1972285203","1857363238","0.132258"
"1857363238","2130349191","0.1"
"2130349191","1857363238","0.1"
"1857363238","2134151046","0.132258"
"2134151046","1857363238","0.132258"
"1857363238","2137949962","0.582258"
"2137949962","1857363238","0.582258"
"1857363238","2158575548","0.1"
"2158575548","1857363238","0.1"
"1950016158","1972285203","0.337615"
"1972285203","1950016158","0.337615"
"1950016158","2130349191","0.1"
"2130349191","1950016158","0.1"
"1950016158","2134151046","0.132258"
"2134151046","1950016158","0.132258"
"1950016158","2137949962","0.394758"
"2137949962","1950016158","0.394758"
"1950016158","2158575548","0.1625"
"2158575548","1950016158","0.1625"
"1950016158","61870854","0.332258"
"61870854","1950016158","0.332258"
"1972285203","2130349191","0.1"
"2130349191","1972285203","0.1"
"1972285203","2134151046","0.223167"
"2134151046","1972285203","0.223167"
"1972285203","2137949962","0.771681"
"2137949962","1972285203","0.771681"
"1972285203","2158575548","1.9125"
"2158575548","1972285203","1.9125"
"1972285203","61870854","0.132258"
"61870854","1972285203","0.132258"
"2130349191","2134151046","0.1"
"2134151046","2130349191","0.1"
"2130349191","2137949962","1.1"
"2137949962","2130349191","1.1"
"2130349191","2158575548","0.1"
"2158575548","2130349191","0.1"
"2130349191","61870854","0.1"
"61870854","2130349191","0.1"
"2134151046","2137949962","0.132258"
"2137949962","2134151046","0.132258"
"2134151046","2158575548","0.1"
"2158575548","2134151046","0.1"
"2134151046","61870854","0.132258"
"61870854","2134151046","0.132258"
"2137949962","2158575548","0.6625"
"2158575548","2137949962","0.6625"
"2137949962","61870854","0.673167"
"61870854","2137949962","0.673167"
"2158575548","61870854","0.1"
"61870854","2158575548","0.1"
"148274938","2024442930","1.53333"
"2024442930","148274938","1.53333"
"148274938","2065241227","0.5"
"2065241227","148274938","0.5"
"2024442930","2065241227","9"
"2065241227","2024442930","9"
"148274938","1624790089","1.2"
"1624790089","148274938","1.2"
"148274938","2020475449","1.45"
"2020475449","148274938","1.45"
"148274938","2142157047","1.2"
"2142157047","148274938","1.2"
"1624790089","2020475449","4.53333"
"2020475449","1624790089","4.53333"
"1624790089","2142157047","7.03333"
"2142157047","1624790089","7.03333"
"2020475449","2142157047","6.53333"
"2142157047","2020475449","6.53333"
"148274938","1972285203","0.2"
"1972285203","148274938","0.2"
"1624790089","1972285203","0.2"
"1972285203","1624790089","0.2"
"1624790089","2024442930","0.7"
"2024442930","1624790089","0.7"
"1972285203","2020475449","0.2"
"2020475449","1972285203","0.2"
"1972285203","2024442930","0.2"
"2024442930","1972285203","0.2"
"1972285203","2142157047","0.2"
"2142157047","1972285203","0.2"
"2020475449","2024442930","0.2"
"2024442930","2020475449","0.2"
"2024442930","2142157047","1.28333"
"2142157047","2024442930","1.28333"
"148274938","148619112","0.25"
"148619112","148274938","0.25"
"148274938","2013727539","0.25"
"2013727539","148274938","0.25"
"148274938","2019278165","0.25"
"2019278165","148274938","0.25"
"148619112","2013727539","1.00758"
"2013727539","148619112","1.00758"
"148619112","2019278165","1.23983"
"2019278165","148619112","1.23983"
"148619112","2020475449","0.25"
"2020475449","148619112","0.25"
"2013727539","2019278165","1.25758"
"2019278165","2013727539","1.25758"
"2013727539","2020475449","0.25"
"2020475449","2013727539","0.25"
"2019278165","2020475449","0.583333"
"2020475449","2019278165","0.583333"
"148274938","1955173912","0.333333"
"1955173912","148274938","0.333333"
"148274938","2911897421","0.333333"
"2911897421","148274938","0.333333"
"1955173912","2024442930","0.833333"
"2024442930","1955173912","0.833333"
"1955173912","2911897421","0.333333"
"2911897421","1955173912","0.333333"
"2024442930","2911897421","1.75"
"2911897421","2024442930","1.75"
"148274938","2138000415","0.5"
"2138000415","148274938","0.5"
"2024442930","2138000415","1.25"
"2138000415","2024442930","1.25"
"148619112","1542268443","0.123167"
"1542268443","148619112","0.123167"
"148619112","1653536085","0.123167"
"1653536085","148619112","0.123167"
"148619112","2009850046","0.123167"
"2009850046","148619112","0.123167"
"148619112","2026173675","0.123167"
"2026173675","148619112","0.123167"
"148619112","2121941088","0.123167"
"2121941088","148619112","0.123167"
"148619112","2138000415","0.323167"
"2138000415","148619112","0.323167"
"1512276012","1542268443","0.20009"
"1542268443","1512276012","0.20009"
"1512276012","1653536085","0.342947"
"1653536085","1512276012","0.342947"
"1512276012","2009850046","0.70009"
"2009850046","1512276012","0.70009"
"1512276012","2013727539","0.674242"
"2013727539","1512276012","0.674242"
"1512276012","2019278165","0.7065"
"2019278165","1512276012","0.7065"
"1512276012","2026173675","0.266024"
"2026173675","1512276012","0.266024"
"1512276012","2121941088","0.592947"
"2121941088","1512276012","0.592947"
"1512276012","2138000415","1.75961"
"2138000415","1512276012","1.75961"
"1542268443","1653536085","0.20009"
"1653536085","1542268443","0.20009"
"1542268443","1972285203","0.20009"
"1972285203","1542268443","0.20009"
"1542268443","2009850046","2.44176"
"2009850046","1542268443","2.44176"
"1542268443","2013727539","0.215909"
"2013727539","1542268443","0.215909"
"1542268443","2019278165","0.123167"
"2019278165","1542268443","0.123167"
"1542268443","2026173675","0.123167"
"2026173675","1542268443","0.123167"
"1542268443","2121941088","0.20009"
"2121941088","1542268443","0.20009"
"1542268443","2134151046","0.123167"
"2134151046","1542268443","0.123167"
"1542268443","2138000415","0.32509"
"2138000415","1542268443","0.32509"
"1653536085","1972285203","0.20009"
"1972285203","1653536085","0.20009"
"1653536085","2009850046","0.366757"
"2009850046","1653536085","0.366757"
"1653536085","2013727539","0.0909091"
"2013727539","1653536085","0.0909091"
"1653536085","2019278165","0.123167"
"2019278165","1653536085","0.123167"
"1653536085","2026173675","1.2736"
"2026173675","1653536085","1.2736"
"1653536085","2121941088","0.717947"
"2121941088","1653536085","0.717947"
"1653536085","2134151046","0.123167"
"2134151046","1653536085","0.123167"
"1653536085","2138000415","1.23267"
"2138000415","1653536085","1.23267"
"1972285203","2009850046","0.20009"
"2009850046","1972285203","0.20009"
"1972285203","2013727539","0.0909091"
"2013727539","1972285203","0.0909091"
"1972285203","2019278165","0.123167"
"2019278165","1972285203","0.123167"
"1972285203","2026173675","0.873167"
"2026173675","1972285203","0.873167"
"1972285203","2121941088","0.20009"
"2121941088","1972285203","0.20009"
"1972285203","2138000415","2.67628"
"2138000415","1972285203","2.67628"
"2009850046","2013727539","0.215909"
"2013727539","2009850046","0.215909"
"2009850046","2019278165","0.123167"
"2019278165","2009850046","0.123167"
"2009850046","2026173675","0.289834"
"2026173675","2009850046","0.289834"
"2009850046","2121941088","0.20009"
"2121941088","2009850046","0.20009"
"2009850046","2134151046","0.123167"
"2134151046","2009850046","0.123167"
"2009850046","2138000415","0.491757"
"2138000415","2009850046","0.491757"
"2013727539","2026173675","0.0909091"
"2026173675","2013727539","0.0909091"
"2013727539","2121941088","0.340909"
"2121941088","2013727539","0.340909"
"2013727539","2134151046","0.0909091"
"2134151046","2013727539","0.0909091"
"2013727539","2138000415","0.215909"
"2138000415","2013727539","0.215909"
"2019278165","2026173675","0.123167"
"2026173675","2019278165","0.123167"
"2019278165","2121941088","0.373167"
"2121941088","2019278165","0.373167"
"2019278165","2134151046","0.123167"
"2134151046","2019278165","0.123167"
"2019278165","2138000415","0.823167"
"2138000415","2019278165","0.823167"
"2026173675","2121941088","1.94221"
"2121941088","2026173675","1.94221"
"2026173675","2134151046","0.123167"
"2134151046","2026173675","0.123167"
"2026173675","2138000415","2.30693"
"2138000415","2026173675","2.30693"
"2121941088","2134151046","0.123167"
"2134151046","2121941088","0.123167"
"2121941088","2138000415","2.00128"
"2138000415","2121941088","2.00128"
"2134151046","2138000415","0.123167"
"2138000415","2134151046","0.123167"
"148619112","2024442930","0.75"
"2024442930","148619112","0.75"
"148619112","2065241227","0.75"
"2065241227","148619112","0.75"
"148619112","1514003590","0.0322581"
"1514003590","148619112","0.0322581"
"148619112","1570165220","0.0322581"
"1570165220","148619112","0.0322581"
"148619112","197059898","0.0322581"
"197059898","148619112","0.0322581"
"148619112","2100888010","0.0322581"
"2100888010","148619112","0.0322581"
"148619112","2110232288","0.0322581"
"2110232288","148619112","0.0322581"
"148619112","2112734010","0.0322581"
"2112734010","148619112","0.0322581"
"148619112","2121409173","0.0322581"
"2121409173","148619112","0.0322581"
"148619112","2125991052","0.232258"
"2125991052","148619112","0.232258"
"148619112","2129053023","0.0322581"
"2129053023","148619112","0.0322581"
"148619112","2136903747","0.0322581"
"2136903747","148619112","0.0322581"
"148619112","2146301186","0.232258"
"2146301186","148619112","0.232258"
"148619112","2153171836","0.0322581"
"2153171836","148619112","0.0322581"
"148619112","2155511297","0.232258"
"2155511297","148619112","0.232258"
"148619112","2157966794","0.0322581"
"2157966794","148619112","0.0322581"
"148619112","2166036394","0.0322581"
"2166036394","148619112","0.0322581"
"148619112","2170199840","0.0322581"
"2170199840","148619112","0.0322581"
"148619112","2210874231","0.0322581"
"2210874231","148619112","0.0322581"
"1512276012","1514003590","0.585372"
"1514003590","1512276012","0.585372"
"1512276012","1570165220","1.25204"
"1570165220","1512276012","1.25204"
"1512276012","197059898","0.282258"
"197059898","1512276012","0.282258"
"1512276012","2100888010","0.109181"
"2100888010","1512276012","0.109181"
"1512276012","2110232288","0.428091"
"2110232288","1512276012","0.428091"
"1512276012","2112734010","1.09476"
"2112734010","1512276012","1.09476"
"1512276012","2121409173","0.428091"
"2121409173","1512276012","0.428091"
"1512276012","2125991052","0.237615"
"2125991052","1512276012","0.237615"
"1512276012","2129053023","0.0947581"
"2129053023","1512276012","0.0947581"
"1512276012","2136903747","0.0947581"
"2136903747","1512276012","0.0947581"
"1512276012","2146301186","0.237615"
"2146301186","1512276012","0.237615"
"1512276012","2153171836","0.365591"
"2153171836","1512276012","0.365591"
"1512276012","2155511297","0.428091"
"2155511297","1512276012","0.428091"
"1512276012","2157966794","0.0322581"
"2157966794","1512276012","0.0322581"
"1512276012","2166036394","0.0947581"
"2166036394","1512276012","0.0947581"
"1512276012","2170199840","0.0322581"
"2170199840","1512276012","0.0322581"
"1512276012","2210874231","0.532258"
"2210874231","1512276012","0.532258"
"1514003590","1542268443","0.109181"
"1542268443","1514003590","0.109181"
"1514003590","1570165220","1.19414"
"1570165220","1514003590","1.19414"
"1514003590","1653536085","1.36795"
"1653536085","1514003590","1.36795"
"1514003590","1857363238","0.0322581"
"1857363238","1514003590","0.0322581"
"1514003590","1950016158","0.0322581"
"1950016158","1514003590","0.0322581"
"1514003590","197059898","0.0322581"
"197059898","1514003590","0.0322581"
"1514003590","1972285203","0.109181"
"1972285203","1514003590","0.109181"
"1514003590","2009850046","0.109181"
"2009850046","1514003590","0.109181"
"1514003590","2019278165","0.0322581"
"2019278165","1514003590","0.0322581"
"1514003590","2026173675","1.10888"
"2026173675","1514003590","1.10888"
"1514003590","2100888010","0.20009"
"2100888010","1514003590","0.20009"
"1514003590","2110232288","0.0322581"
"2110232288","1514003590","0.0322581"
"1514003590","2112734010","0.232258"
"2112734010","1514003590","0.232258"
"1514003590","2121409173","0.0322581"
"2121409173","1514003590","0.0322581"
"1514003590","2121941088","1.05323"
"2121941088","1514003590","1.05323"
"1514003590","2125991052","0.0322581"
"2125991052","1514003590","0.0322581"
"1514003590","2129053023","0.0322581"
"2129053023","1514003590","0.0322581"
"1514003590","2134151046","0.0322581"
"2134151046","1514003590","0.0322581"
"1514003590","2136903747","0.0322581"
"2136903747","1514003590","0.0322581"
"1514003590","2137949962","0.467947"
"2137949962","1514003590","0.467947"
"1514003590","2138000415","1.40128"
"2138000415","1514003590","1.40128"
"1514003590","2146301186","0.0322581"
"2146301186","1514003590","0.0322581"
"1514003590","2153171836","1.09059"
"2153171836","1514003590","1.09059"
"1514003590","2155511297","0.198925"
"2155511297","1514003590","0.198925"
"1514003590","2157966794","0.123167"
"2157966794","1514003590","0.123167"
"1514003590","2166036394","0.0322581"
"2166036394","1514003590","0.0322581"
"1514003590","2170199840","0.0322581"
"2170199840","1514003590","0.0322581"
"1514003590","2210874231","0.0322581"
"2210874231","1514003590","0.0322581"
"1514003590","61870854","0.123167"
"61870854","1514003590","0.123167"
"1542268443","1570165220","0.234181"
"1570165220","1542268443","0.234181"
"1542268443","1857363238","0.0322581"
"1857363238","1542268443","0.0322581"
"1542268443","1950016158","0.0322581"
"1950016158","1542268443","0.0322581"
"1542268443","197059898","0.282258"
"197059898","1542268443","0.282258"
"1542268443","2100888010","0.234181"
"2100888010","1542268443","0.234181"
"1542268443","2110232288","0.0322581"
"2110232288","1542268443","0.0322581"
"1542268443","2112734010","0.0322581"
"2112734010","1542268443","0.0322581"
"1542268443","2121409173","0.0322581"
"2121409173","1542268443","0.0322581"
"1542268443","2125991052","0.0322581"
"2125991052","1542268443","0.0322581"
"1542268443","2129053023","0.0322581"
"2129053023","1542268443","0.0322581"
"1542268443","2136903747","0.0322581"
"2136903747","1542268443","0.0322581"
"1542268443","2137949962","0.234181"
"2137949962","1542268443","0.234181"
"1542268443","2146301186","0.0322581"
"2146301186","1542268443","0.0322581"
"1542268443","2153171836","0.0322581"
"2153171836","1542268443","0.0322581"
"1542268443","2155511297","0.0322581"
"2155511297","1542268443","0.0322581"
"1542268443","2157966794","0.0322581"
"2157966794","1542268443","0.0322581"
"1542268443","2166036394","0.0322581"
"2166036394","1542268443","0.0322581"
"1542268443","2170199840","2.27392"
"2170199840","1542268443","2.27392"
"1542268443","2210874231","1.77392"
"2210874231","1542268443","1.77392"
"1542268443","61870854","0.0322581"
"61870854","1542268443","0.0322581"
"1570165220","1653536085","0.467947"
"1653536085","1570165220","0.467947"
"1570165220","1857363238","0.0322581"
"1857363238","1570165220","0.0322581"
"1570165220","1950016158","0.0322581"
"1950016158","1570165220","0.0322581"
"1570165220","197059898","0.0322581"
"197059898","1570165220","0.0322581"
"1570165220","1972285203","0.109181"
"1972285203","1570165220","0.109181"
"1570165220","2009850046","0.234181"
"2009850046","1570165220","0.234181"
"1570165220","2019278165","0.0322581"
"2019278165","1570165220","0.0322581"
"1570165220","2026173675","0.408881"
"2026173675","1570165220","0.408881"
"1570165220","2100888010","0.32509"
"2100888010","1570165220","0.32509"
"1570165220","2110232288","0.0322581"
"2110232288","1570165220","0.0322581"
"1570165220","2112734010","0.0322581"
"2112734010","1570165220","0.0322581"
"1570165220","2121409173","0.0322581"
"2121409173","1570165220","0.0322581"
"1570165220","2125991052","0.0322581"
"2125991052","1570165220","0.0322581"
"1570165220","2129053023","0.0322581"
"2129053023","1570165220","0.0322581"
"1570165220","2134151046","0.0322581"
"2134151046","1570165220","0.0322581"
"1570165220","2136903747","0.0322581"
"2136903747","1570165220","0.0322581"
"1570165220","2137949962","0.592947"
"2137949962","1570165220","0.592947"
"1570165220","2138000415","0.592947"
"2138000415","1570165220","0.592947"
"1570165220","2146301186","0.0322581"
"2146301186","1570165220","0.0322581"
"1570165220","2153171836","0.157258"
"2153171836","1570165220","0.157258"
"1570165220","2155511297","0.0322581"
"2155511297","1570165220","0.0322581"
"1570165220","2157966794","0.373167"
"2157966794","1570165220","0.373167"
"1570165220","2166036394","0.0322581"
"2166036394","1570165220","0.0322581"
"1570165220","2170199840","0.157258"
"2170199840","1570165220","0.157258"
"1570165220","2210874231","0.157258"
"2210874231","1570165220","0.157258"
"1570165220","61870854","0.123167"
"61870854","1570165220","0.123167"
"1653536085","1857363238","0.0322581"
"1857363238","1653536085","0.0322581"
"1653536085","1950016158","0.0322581"
"1950016158","1653536085","0.0322581"
"1653536085","197059898","0.0322581"
"197059898","1653536085","0.0322581"
"1653536085","2100888010","0.20009"
"2100888010","1653536085","0.20009"
"1653536085","2110232288","0.0322581"
"2110232288","1653536085","0.0322581"
"1653536085","2112734010","0.232258"
"2112734010","1653536085","0.232258"
"1653536085","2121409173","0.0322581"
"2121409173","1653536085","0.0322581"
"1653536085","2125991052","0.0322581"
"2125991052","1653536085","0.0322581"
"1653536085","2129053023","0.0322581"
"2129053023","1653536085","0.0322581"
"1653536085","2136903747","0.0322581"
"2136903747","1653536085","0.0322581"
"1653536085","2137949962","0.32509"
"2137949962","1653536085","0.32509"
"1653536085","2146301186","0.0322581"
"2146301186","1653536085","0.0322581"
"1653536085","2153171836","0.723925"
"2153171836","1653536085","0.723925"
"1653536085","2155511297","0.198925"
"2155511297","1653536085","0.198925"
"1653536085","2157966794","0.289834"
"2157966794","1653536085","0.289834"
"1653536085","2166036394","0.0322581"
"2166036394","1653536085","0.0322581"
"1653536085","2170199840","0.0322581"
"2170199840","1653536085","0.0322581"
"1653536085","2210874231","0.0322581"
"2210874231","1653536085","0.0322581"
"1653536085","61870854","0.123167"
"61870854","1653536085","0.123167"
"1857363238","197059898","0.0322581"
"197059898","1857363238","0.0322581"
"1857363238","2009850046","0.0322581"
"2009850046","1857363238","0.0322581"
"1857363238","2019278165","0.0322581"
"2019278165","1857363238","0.0322581"
"1857363238","2026173675","0.0322581"
"2026173675","1857363238","0.0322581"
"1857363238","2100888010","0.0322581"
"2100888010","1857363238","0.0322581"
"1857363238","2110232288","0.591782"
"2110232288","1857363238","0.591782"
"1857363238","2112734010","0.232258"
"2112734010","1857363238","0.232258"
"1857363238","2121941088","0.0322581"
"2121941088","1857363238","0.0322581"
"1857363238","2129053023","0.258449"
"2129053023","1857363238","0.258449"
"1857363238","2136903747","0.115591"
"2136903747","1857363238","0.115591"
"1857363238","2138000415","0.482258"
"2138000415","1857363238","0.482258"
"1857363238","2153171836","0.282258"
"2153171836","1857363238","0.282258"
"1857363238","2157966794","0.0322581"
"2157966794","1857363238","0.0322581"
"1857363238","2166036394","0.258449"
"2166036394","1857363238","0.258449"
"1857363238","2170199840","0.0322581"
"2170199840","1857363238","0.0322581"
"1857363238","2210874231","0.0322581"
"2210874231","1857363238","0.0322581"
"1950016158","197059898","0.0322581"
"197059898","1950016158","0.0322581"
"1950016158","2009850046","0.0322581"
"2009850046","1950016158","0.0322581"
"1950016158","2019278165","0.282258"
"2019278165","1950016158","0.282258"
"1950016158","2026173675","0.0322581"
"2026173675","1950016158","0.0322581"
"1950016158","2100888010","0.0322581"
"2100888010","1950016158","0.0322581"
"1950016158","2110232288","0.0947581"
"2110232288","1950016158","0.0947581"
"1950016158","2112734010","0.294758"
"2112734010","1950016158","0.294758"
"1950016158","2121409173","0.0947581"
"2121409173","1950016158","0.0947581"
"1950016158","2121941088","0.282258"
"2121941088","1950016158","0.282258"
"1950016158","2125991052","0.237615"
"2125991052","1950016158","0.237615"
"1950016158","2129053023","0.0947581"
"2129053023","1950016158","0.0947581"
"1950016158","2136903747","0.0947581"
"2136903747","1950016158","0.0947581"
"1950016158","2138000415","0.375115"
"2138000415","1950016158","0.375115"
"1950016158","2146301186","0.237615"
"2146301186","1950016158","0.237615"
"1950016158","2153171836","1.03226"
"2153171836","1950016158","1.03226"
"1950016158","2155511297","0.0947581"
"2155511297","1950016158","0.0947581"
"1950016158","2157966794","0.0322581"
"2157966794","1950016158","0.0322581"
"1950016158","2166036394","0.0947581"
"2166036394","1950016158","0.0947581"
"1950016158","2170199840","0.0322581"
"2170199840","1950016158","0.0322581"
"1950016158","2210874231","0.0322581"
"2210874231","1950016158","0.0322581"
"197059898","1972285203","0.282258"
"1972285203","197059898","0.282258"
"197059898","2009850046","1.28226"
"2009850046","197059898","1.28226"
"197059898","2019278165","0.0322581"
"2019278165","197059898","0.0322581"
"197059898","2026173675","0.0322581"
"2026173675","197059898","0.0322581"
"197059898","2100888010","0.0322581"
"2100888010","197059898","0.0322581"
"197059898","2110232288","0.0322581"
"2110232288","197059898","0.0322581"
"197059898","2112734010","0.0322581"
"2112734010","197059898","0.0322581"
"197059898","2121409173","0.0322581"
"2121409173","197059898","0.0322581"
"197059898","2121941088","0.0322581"
"2121941088","197059898","0.0322581"
"197059898","2125991052","0.0322581"
"2125991052","197059898","0.0322581"
"197059898","2129053023","0.0322581"
"2129053023","197059898","0.0322581"
"197059898","2134151046","0.0322581"
"2134151046","197059898","0.0322581"
"197059898","2136903747","0.0322581"
"2136903747","197059898","0.0322581"
"197059898","2137949962","0.0322581"
"2137949962","197059898","0.0322581"
"197059898","2138000415","1.28226"
"2138000415","197059898","1.28226"
"197059898","2146301186","0.0322581"
"2146301186","197059898","0.0322581"
"197059898","2153171836","0.0322581"
"2153171836","197059898","0.0322581"
"197059898","2155511297","0.0322581"
"2155511297","197059898","0.0322581"
"197059898","2157966794","0.0322581"
"2157966794","197059898","0.0322581"
"197059898","2166036394","0.0322581"
"2166036394","197059898","0.0322581"
"197059898","2170199840","0.282258"
"2170199840","197059898","0.282258"
"197059898","2210874231","0.282258"
"2210874231","197059898","0.282258"
"197059898","61870854","0.0322581"
"61870854","197059898","0.0322581"
"1972285203","2100888010","0.109181"
"2100888010","1972285203","0.109181"
"1972285203","2110232288","0.344758"
"2110232288","1972285203","0.344758"
"1972285203","2112734010","0.594758"
"2112734010","1972285203","0.594758"
"1972285203","2121409173","0.0947581"
"2121409173","1972285203","0.0947581"
"1972285203","2125991052","0.237615"
"2125991052","1972285203","0.237615"
"1972285203","2129053023","0.0947581"
"2129053023","1972285203","0.0947581"
"1972285203","2136903747","0.0947581"
"2136903747","1972285203","0.0947581"
"1972285203","2146301186","0.237615"
"2146301186","1972285203","0.237615"
"1972285203","2153171836","0.365591"
"2153171836","1972285203","0.365591"
"1972285203","2155511297","0.0947581"
"2155511297","1972285203","0.0947581"
"1972285203","2157966794","0.0322581"
"2157966794","1972285203","0.0322581"
"1972285203","2166036394","0.0947581"
"2166036394","1972285203","0.0947581"
"1972285203","2170199840","0.0322581"
"2170199840","1972285203","0.0322581"
"1972285203","2210874231","0.0322581"
"2210874231","1972285203","0.0322581"
"2009850046","2100888010","0.234181"
"2100888010","2009850046","0.234181"
"2009850046","2110232288","0.0322581"
"2110232288","2009850046","0.0322581"
"2009850046","2112734010","0.0322581"
"2112734010","2009850046","0.0322581"
"2009850046","2121409173","0.0322581"
"2121409173","2009850046","0.0322581"
"2009850046","2125991052","0.0322581"
"2125991052","2009850046","0.0322581"
"2009850046","2129053023","0.0322581"
"2129053023","2009850046","0.0322581"
"2009850046","2136903747","0.0322581"
"2136903747","2009850046","0.0322581"
"2009850046","2137949962","0.234181"
"2137949962","2009850046","0.234181"
"2009850046","2146301186","0.0322581"
"2146301186","2009850046","0.0322581"
"2009850046","2153171836","0.198925"
"2153171836","2009850046","0.198925"
"2009850046","2155511297","0.0322581"
"2155511297","2009850046","0.0322581"
"2009850046","2157966794","0.198925"
"2157966794","2009850046","0.198925"
"2009850046","2166036394","0.0322581"
"2166036394","2009850046","0.0322581"
"2009850046","2170199840","2.77392"
"2170199840","2009850046","2.77392"
"2009850046","2210874231","3.27392"
"2210874231","2009850046","3.27392"
"2009850046","61870854","0.532258"
"61870854","2009850046","0.532258"
"2019278165","2100888010","0.0322581"
"2100888010","2019278165","0.0322581"
"2019278165","2110232288","0.0322581"
"2110232288","2019278165","0.0322581"
"2019278165","2112734010","0.532258"
"2112734010","2019278165","0.532258"
"2019278165","2121409173","0.0322581"
"2121409173","2019278165","0.0322581"
"2019278165","2125991052","0.232258"
"2125991052","2019278165","0.232258"
"2019278165","2129053023","0.0322581"
"2129053023","2019278165","0.0322581"
"2019278165","2136903747","0.0322581"
"2136903747","2019278165","0.0322581"
"2019278165","2137949962","0.0322581"
"2137949962","2019278165","0.0322581"
"2019278165","2146301186","0.232258"
"2146301186","2019278165","0.232258"
"2019278165","2153171836","0.0322581"
"2153171836","2019278165","0.0322581"
"2019278165","2155511297","0.232258"
"2155511297","2019278165","0.232258"
"2019278165","2157966794","0.0322581"
"2157966794","2019278165","0.0322581"
"2019278165","2166036394","0.0322581"
"2166036394","2019278165","0.0322581"
"2019278165","2170199840","0.0322581"
"2170199840","2019278165","0.0322581"
"2019278165","2210874231","0.0322581"
"2210874231","2019278165","0.0322581"
"2019278165","61870854","0.0322581"
"61870854","2019278165","0.0322581"
"2026173675","2100888010","0.123167"
"2100888010","2026173675","0.123167"
"2026173675","2110232288","0.782258"
"2110232288","2026173675","0.782258"
"2026173675","2112734010","0.0322581"
"2112734010","2026173675","0.0322581"
"2026173675","2121409173","0.282258"
"2121409173","2026173675","0.282258"
"2026173675","2125991052","0.0322581"
"2125991052","2026173675","0.0322581"
"2026173675","2129053023","0.0322581"
"2129053023","2026173675","0.0322581"
"2026173675","2136903747","0.0322581"
"2136903747","2026173675","0.0322581"
"2026173675","2137949962","0.266024"
"2137949962","2026173675","0.266024"
"2026173675","2146301186","0.282258"
"2146301186","2026173675","0.282258"
"2026173675","2153171836","0.398925"
"2153171836","2026173675","0.398925"
"2026173675","2155511297","0.198925"
"2155511297","2026173675","0.198925"
"2026173675","2157966794","0.289834"
"2157966794","2026173675","0.289834"
"2026173675","2166036394","0.0322581"
"2166036394","2026173675","0.0322581"
"2026173675","2170199840","0.0322581"
"2170199840","2026173675","0.0322581"
"2026173675","2210874231","0.0322581"
"2210874231","2026173675","0.0322581"
"2026173675","61870854","0.123167"
"61870854","2026173675","0.123167"
"2100888010","2110232288","0.0322581"
"2110232288","2100888010","0.0322581"
"2100888010","2112734010","0.0322581"
"2112734010","2100888010","0.0322581"
"2100888010","2121409173","0.0322581"
"2121409173","2100888010","0.0322581"
"2100888010","2121941088","0.109181"
"2121941088","2100888010","0.109181"
"2100888010","2125991052","0.0322581"
"2125991052","2100888010","0.0322581"
"2100888010","2129053023","0.0322581"
"2129053023","2100888010","0.0322581"
"2100888010","2134151046","0.0322581"
"2134151046","2100888010","0.0322581"
"2100888010","2136903747","0.0322581"
"2136903747","2100888010","0.0322581"
"2100888010","2137949962","0.32509"
"2137949962","2100888010","0.32509"
"2100888010","2138000415","0.32509"
"2138000415","2100888010","0.32509"
"2100888010","2146301186","0.0322581"
"2146301186","2100888010","0.0322581"
"2100888010","2153171836","0.0322581"
"2153171836","2100888010","0.0322581"
"2100888010","2155511297","0.0322581"
"2155511297","2100888010","0.0322581"
"2100888010","2157966794","0.123167"
"2157966794","2100888010","0.123167"
"2100888010","2166036394","0.0322581"
"2166036394","2100888010","0.0322581"
"2100888010","2170199840","0.157258"
"2170199840","2100888010","0.157258"
"2100888010","2210874231","0.157258"
"2210874231","2100888010","0.157258"
"2100888010","61870854","0.123167"
"61870854","2100888010","0.123167"
"2110232288","2112734010","0.0947581"
"2112734010","2110232288","0.0947581"
"2110232288","2121941088","0.0322581"
"2121941088","2110232288","0.0322581"
"2110232288","2129053023","0.487615"
"2129053023","2110232288","0.487615"
"2110232288","2134151046","0.0322581"
"2134151046","2110232288","0.0322581"
"2110232288","2136903747","0.344758"
"2136903747","2110232288","0.344758"
"2110232288","2137949962","0.0947581"
"2137949962","2110232288","0.0947581"
"2110232288","2138000415","0.532258"
"2138000415","2110232288","0.532258"
"2110232288","2153171836","0.0322581"
"2153171836","2110232288","0.0322581"
"2110232288","2157966794","0.0322581"
"2157966794","2110232288","0.0322581"
"2110232288","2166036394","0.487615"
"2166036394","2110232288","0.487615"
"2110232288","2170199840","0.0322581"
"2170199840","2110232288","0.0322581"
"2110232288","2210874231","0.0322581"
"2210874231","2110232288","0.0322581"
"2112734010","2121409173","0.0947581"
"2121409173","2112734010","0.0947581"
"2112734010","2121941088","0.0322581"
"2121941088","2112734010","0.0322581"
"2112734010","2125991052","0.0947581"
"2125991052","2112734010","0.0947581"
"2112734010","2129053023","0.0947581"
"2129053023","2112734010","0.0947581"
"2112734010","2134151046","0.0322581"
"2134151046","2112734010","0.0322581"
"2112734010","2136903747","0.0947581"
"2136903747","2112734010","0.0947581"
"2112734010","2137949962","0.294758"
"2137949962","2112734010","0.294758"
"2112734010","2138000415","1.43226"
"2138000415","2112734010","1.43226"
"2112734010","2146301186","0.0947581"
"2146301186","2112734010","0.0947581"
"2112734010","2153171836","0.232258"
"2153171836","2112734010","0.232258"
"2112734010","2155511297","0.0947581"
"2155511297","2112734010","0.0947581"
"2112734010","2157966794","0.0322581"
"2157966794","2112734010","0.0322581"
"2112734010","2166036394","0.0947581"
"2166036394","2112734010","0.0947581"
"2112734010","2170199840","0.0322581"
"2170199840","2112734010","0.0322581"
"2112734010","2210874231","0.0322581"
"2210874231","2112734010","0.0322581"
"2112734010","61870854","0.732258"
"61870854","2112734010","0.732258"
"2121409173","2121941088","0.282258"
"2121941088","2121409173","0.282258"
"2121409173","2129053023","0.320949"
"2129053023","2121409173","0.320949"
"2121409173","2134151046","0.0322581"
"2134151046","2121409173","0.0322581"
"2121409173","2136903747","0.178091"
"2136903747","2121409173","0.178091"
"2121409173","2137949962","0.0947581"
"2137949962","2121409173","0.0947581"
"2121409173","2138000415","0.282258"
"2138000415","2121409173","0.282258"
"2121409173","2153171836","0.0322581"
"2153171836","2121409173","0.0322581"
"2121409173","2157966794","0.0322581"
"2157966794","2121409173","0.0322581"
"2121409173","2166036394","0.320949"
"2166036394","2121409173","0.320949"
"2121409173","2170199840","0.0322581"
"2170199840","2121409173","0.0322581"
"2121409173","2210874231","0.0322581"
"2210874231","2121409173","0.0322581"
"2121941088","2125991052","0.0322581"
"2125991052","2121941088","0.0322581"
"2121941088","2129053023","0.0322581"
"2129053023","2121941088","0.0322581"
"2121941088","2136903747","0.0322581"
"2136903747","2121941088","0.0322581"
"2121941088","2137949962","0.377038"
"2137949962","2121941088","0.377038"
"2121941088","2146301186","0.282258"
"2146301186","2121941088","0.282258"
"2121941088","2153171836","1.85726"
"2153171836","2121941088","1.85726"
"2121941088","2155511297","0.0322581"
"2155511297","2121941088","0.0322581"
"2121941088","2157966794","0.282258"
"2157966794","2121941088","0.282258"
"2121941088","2166036394","0.0322581"
"2166036394","2121941088","0.0322581"
"2121941088","2170199840","0.0322581"
"2170199840","2121941088","0.0322581"
"2121941088","2210874231","0.0322581"
"2210874231","2121941088","0.0322581"
"2121941088","61870854","0.0322581"
"61870854","2121941088","0.0322581"
"2125991052","2129053023","1.57095"
"2129053023","2125991052","1.57095"
"2125991052","2134151046","0.0322581"
"2134151046","2125991052","0.0322581"
"2125991052","2136903747","0.678091"
"2136903747","2125991052","0.678091"
"2125991052","2137949962","0.0947581"
"2137949962","2125991052","0.0947581"
"2125991052","2138000415","0.625115"
"2138000415","2125991052","0.625115"
"2125991052","2153171836","0.0322581"
"2153171836","2125991052","0.0322581"
"2125991052","2157966794","0.0322581"
"2157966794","2125991052","0.0322581"
"2125991052","2166036394","2.07095"
"2166036394","2125991052","2.07095"
"2125991052","2170199840","0.0322581"
"2170199840","2125991052","0.0322581"
"2125991052","2210874231","0.0322581"
"2210874231","2125991052","0.0322581"
"2129053023","2134151046","0.0322581"
"2134151046","2129053023","0.0322581"
"2129053023","2136903747","3.17809"
"2136903747","2129053023","3.17809"
"2129053023","2137949962","0.0947581"
"2137949962","2129053023","0.0947581"
"2129053023","2138000415","0.0322581"
"2138000415","2129053023","0.0322581"
"2129053023","2146301186","0.594758"
"2146301186","2129053023","0.594758"
"2129053023","2153171836","0.0322581"
"2153171836","2129053023","0.0322581"
"2129053023","2155511297","0.487615"
"2155511297","2129053023","0.487615"
"2129053023","2157966794","0.0322581"
"2157966794","2129053023","0.0322581"
"2129053023","2166036394","3.57095"
"2166036394","2129053023","3.57095"
"2129053023","2170199840","0.0322581"
"2170199840","2129053023","0.0322581"
"2129053023","2210874231","0.0322581"
"2210874231","2129053023","0.0322581"
"2129053023","61870854","0.115591"
"61870854","2129053023","0.115591"
"2134151046","2136903747","0.0322581"
"2136903747","2134151046","0.0322581"
"2134151046","2146301186","0.0322581"
"2146301186","2134151046","0.0322581"
"2134151046","2153171836","0.0322581"
"2153171836","2134151046","0.0322581"
"2134151046","2155511297","0.0322581"
"2155511297","2134151046","0.0322581"
"2134151046","2157966794","0.0322581"
"2157966794","2134151046","0.0322581"
"2134151046","2166036394","0.0322581"
"2166036394","2134151046","0.0322581"
"2134151046","2170199840","0.0322581"
"2170199840","2134151046","0.0322581"
"2134151046","2210874231","0.0322581"
"2210874231","2134151046","0.0322581"
"2136903747","2137949962","0.0947581"
"2137949962","2136903747","0.0947581"
"2136903747","2138000415","0.0322581"
"2138000415","2136903747","0.0322581"
"2136903747","2146301186","0.344758"
