"125842290","2010916967","0.642857"
"2010916967","125842290","0.642857"
"125842290","2106364744","0.392857"
"2106364744","125842290","0.392857"
"125842290","2211259725","3.55311"
"2211259725","125842290","3.55311"
"125842290","2281039998","0.642857"
"2281039998","125842290","0.642857"
"125842290","2515154381","3.55311"
"2515154381","125842290","3.55311"
"125842290","2759018566","0.392857"
"2759018566","125842290","0.392857"
"125842290","2810809520","0.142857"
"2810809520","125842290","0.142857"
"2010916967","2106364744","1.42619"
"2106364744","2010916967","1.42619"
"2010916967","2211259725","0.392857"
"2211259725","2010916967","0.392857"
"2010916967","2281039998","8.00952"
"2281039998","2010916967","8.00952"
"2010916967","2515154381","0.392857"
"2515154381","2010916967","0.392857"
"2010916967","2759018566","10.7595"
"2759018566","2010916967","10.7595"
"2010916967","2810809520","0.142857"
"2810809520","2010916967","0.142857"
"2106364744","2211259725","0.392857"
"2211259725","2106364744","0.392857"
"2106364744","2281039998","1.42619"
"2281039998","2106364744","1.42619"
"2106364744","2515154381","0.142857"
"2515154381","2106364744","0.142857"
"2106364744","2759018566","3.17619"
"2759018566","2106364744","3.17619"
"2106364744","2810809520","0.142857"
"2810809520","2106364744","0.142857"
"2211259725","2281039998","0.392857"
"2281039998","2211259725","0.392857"
"2211259725","2515154381","17.4698"
"2515154381","2211259725","17.4698"
"2211259725","2759018566","0.142857"
"2759018566","2211259725","0.142857"
"2211259725","2810809520","0.142857"
"2810809520","2211259725","0.142857"
"2281039998","2515154381","0.392857"
"2515154381","2281039998","0.392857"
"2281039998","2759018566","11.2595"
"2759018566","2281039998","11.2595"
"2281039998","2810809520","0.642857"
"2810809520","2281039998","0.642857"
"2515154381","2759018566","0.392857"
"2759018566","2515154381","0.392857"
"2515154381","2810809520","2.14286"
"2810809520","2515154381","2.14286"
"2759018566","2810809520","0.642857"
"2810809520","2759018566","0.642857"
"125842290","2079585778","0.333333"
"2079585778","125842290","0.333333"
"2079585778","2211259725","0.333333"
"2211259725","2079585778","0.333333"
"2079585778","2515154381","0.333333"
"2515154381","2079585778","0.333333"
"125842290","1488177171","0.0769231"
"1488177171","125842290","0.0769231"
"125842290","1502973954","0.0769231"
"1502973954","125842290","0.0769231"
"125842290","1518152481","0.0769231"
"1518152481","125842290","0.0769231"
"125842290","2064833269","0.0769231"
"2064833269","125842290","0.0769231"
"125842290","2076382341","0.0769231"
"2076382341","125842290","0.0769231"
"125842290","2098249175","0.0769231"
"2098249175","125842290","0.0769231"
"125842290","2099895032","0.0769231"
"2099895032","125842290","0.0769231"
"125842290","2103297792","0.0769231"
"2103297792","125842290","0.0769231"
"125842290","2120900062","0.0769231"
"2120900062","125842290","0.0769231"
"125842290","2622193850","0.0769231"
"2622193850","125842290","0.0769231"
"125842290","78635172","0.0769231"
"78635172","125842290","0.0769231"
"1488177171","1502973954","0.367832"
"1502973954","1488177171","0.367832"
"1488177171","1518152481","0.367832"
"1518152481","1488177171","0.367832"
"1488177171","2064833269","0.534499"
"2064833269","1488177171","0.534499"
"1488177171","2076382341","0.0769231"
"2076382341","1488177171","0.0769231"
"1488177171","2098249175","0.167832"
"2098249175","1488177171","0.167832"
"1488177171","2099895032","0.667832"
"2099895032","1488177171","0.667832"
"1488177171","2103297792","0.276923"
"2103297792","1488177171","0.276923"
"1488177171","2120900062","0.501166"
"2120900062","1488177171","0.501166"
"1488177171","2211259725","0.24359"
"2211259725","1488177171","0.24359"
"1488177171","2515154381","0.24359"
"2515154381","1488177171","0.24359"
"1488177171","2622193850","2.70117"
"2622193850","1488177171","2.70117"
"1488177171","78635172","0.576923"
"78635172","1488177171","0.576923"
"1502973954","1518152481","1.12541"
"1518152481","1502973954","1.12541"
"1502973954","2064833269","0.625408"
"2064833269","1502973954","0.625408"
"1502973954","2076382341","0.0769231"
"2076382341","1502973954","0.0769231"
"1502973954","2098249175","0.425408"
"2098249175","1502973954","0.425408"
"1502973954","2099895032","0.425408"
"2099895032","1502973954","0.425408"
"1502973954","2103297792","0.610256"
"2103297792","1502973954","0.610256"
"1502973954","2120900062","0.258741"
"2120900062","1502973954","0.258741"
"1502973954","2211259725","0.167832"
"2211259725","1502973954","0.167832"
"1502973954","2515154381","0.0769231"
"2515154381","1502973954","0.0769231"
"1502973954","2622193850","0.792075"
"2622193850","1502973954","0.792075"
"1502973954","78635172","0.167832"
"78635172","1502973954","0.167832"
"1518152481","2064833269","1.62541"
"2064833269","1518152481","1.62541"
"1518152481","2076382341","3.16026"
"2076382341","1518152481","3.16026"
"1518152481","2098249175","0.425408"
"2098249175","1518152481","0.425408"
"1518152481","2099895032","0.425408"
"2099895032","1518152481","0.425408"
"1518152481","2103297792","9.19359"
"2103297792","1518152481","9.19359"
"1518152481","2120900062","0.258741"
"2120900062","1518152481","0.258741"
"1518152481","2211259725","0.167832"
"2211259725","1518152481","0.167832"
"1518152481","2515154381","0.0769231"
"2515154381","1518152481","0.0769231"
"1518152481","2622193850","2.20874"
"2622193850","1518152481","2.20874"
"1518152481","78635172","0.167832"
"78635172","1518152481","0.167832"
"2064833269","2076382341","0.0769231"
"2076382341","2064833269","0.0769231"
"2064833269","2098249175","0.425408"
"2098249175","2064833269","0.425408"
"2064833269","2099895032","0.592075"
"2099895032","2064833269","0.592075"
"2064833269","2103297792","0.276923"
"2103297792","2064833269","0.276923"
"2064833269","2120900062","0.258741"
"2120900062","2064833269","0.258741"
"2064833269","2211259725","0.167832"
"2211259725","2064833269","0.167832"
"2064833269","2515154381","0.0769231"
"2515154381","2064833269","0.0769231"
"2064833269","2622193850","1.62541"
"2622193850","2064833269","1.62541"
"2064833269","78635172","0.334499"
"78635172","2064833269","0.334499"
"2076382341","2098249175","0.21978"
"2098249175","2076382341","0.21978"
"2076382341","2099895032","0.21978"
"2099895032","2076382341","0.21978"
"2076382341","2103297792","3.80311"
"2103297792","2076382341","3.80311"
"2076382341","2120900062","0.21978"
"2120900062","2076382341","0.21978"
"2076382341","2211259725","0.0769231"
"2211259725","2076382341","0.0769231"
"2076382341","2515154381","0.0769231"
"2515154381","2076382341","0.0769231"
"2076382341","2622193850","1.30311"
"2622193850","2076382341","1.30311"
"2076382341","78635172","0.21978"
"78635172","2076382341","0.21978"
"2098249175","2099895032","1.9016"
"2099895032","2098249175","1.9016"
"2098249175","2103297792","0.21978"
"2103297792","2098249175","0.21978"
"2098249175","2120900062","1.4016"
"2120900062","2098249175","1.4016"
"2098249175","2211259725","0.167832"
"2211259725","2098249175","0.167832"
"2098249175","2515154381","0.0769231"
"2515154381","2098249175","0.0769231"
"2098249175","2622193850","0.401598"
"2622193850","2098249175","0.401598"
"2098249175","78635172","1.31069"
"78635172","2098249175","1.31069"
"2099895032","2103297792","0.21978"
"2103297792","2099895032","0.21978"
"2099895032","2120900062","4.59604"
"2120900062","2099895032","4.59604"
"2099895032","2211259725","0.334499"
"2211259725","2099895032","0.334499"
"2099895032","2515154381","0.24359"
"2515154381","2099895032","0.24359"
"2099895032","2622193850","1.01271"
"2622193850","2099895032","1.01271"
"2099895032","78635172","4.33847"
"78635172","2099895032","4.33847"
"2103297792","2120900062","0.21978"
"2120900062","2103297792","0.21978"
"2103297792","2211259725","0.0769231"
"2211259725","2103297792","0.0769231"
"2103297792","2515154381","0.0769231"
"2515154381","2103297792","0.0769231"
"2103297792","2622193850","2.00311"
"2622193850","2103297792","2.00311"
"2103297792","78635172","0.21978"
"78635172","2103297792","0.21978"
"2120900062","2211259725","0.334499"
"2211259725","2120900062","0.334499"
"2120900062","2515154381","0.24359"
"2515154381","2120900062","0.24359"
"2120900062","2622193850","0.846043"
"2622193850","2120900062","0.846043"
"2120900062","78635172","4.1718"
"78635172","2120900062","4.1718"
"2211259725","2622193850","0.334499"
"2622193850","2211259725","0.334499"
"2211259725","78635172","0.334499"
"78635172","2211259725","0.334499"
"2515154381","2622193850","0.24359"
"2622193850","2515154381","0.24359"
"2515154381","78635172","0.24359"
"78635172","2515154381","0.24359"
"2622193850","78635172","0.9218"
"78635172","2622193850","0.9218"
"125842290","2011119785","0.25"
"2011119785","125842290","0.25"
"125842290","2064867724","0.25"
"2064867724","125842290","0.25"
"2011119785","2064867724","1.58333"
"2064867724","2011119785","1.58333"
"2011119785","2211259725","0.25"
"2211259725","2011119785","0.25"
"2011119785","2515154381","0.25"
"2515154381","2011119785","0.25"
"2064867724","2211259725","0.340909"
"2211259725","2064867724","0.340909"
"2064867724","2515154381","0.25"
"2515154381","2064867724","0.25"
"1488177171","1506786868","0.0909091"
"1506786868","1488177171","0.0909091"
"1488177171","2059455240","0.757576"
"2059455240","1488177171","0.757576"
"1488177171","2127492972","0.0909091"
"2127492972","1488177171","0.0909091"
"1488177171","2137122803","0.757576"
"2137122803","1488177171","0.757576"
"1502973954","1506786868","0.257576"
"1506786868","1502973954","0.257576"
"1502973954","2059455240","0.515152"
"2059455240","1502973954","0.515152"
"1502973954","2127492972","3.84091"
"2127492972","1502973954","3.84091"
"1502973954","2137122803","0.424242"
"2137122803","1502973954","0.424242"
"1506786868","1518152481","0.757576"
"1518152481","1506786868","0.757576"
"1506786868","2059455240","1.45758"
"2059455240","1506786868","1.45758"
"1506786868","2064833269","1.59091"
"2064833269","1506786868","1.59091"
"1506786868","2098249175","0.0909091"
"2098249175","1506786868","0.0909091"
"1506786868","2099895032","0.0909091"
"2099895032","1506786868","0.0909091"
"1506786868","2120900062","0.0909091"
"2120900062","1506786868","0.0909091"
"1506786868","2127492972","0.257576"
"2127492972","1506786868","0.257576"
"1506786868","2137122803","0.957576"
"2137122803","1506786868","0.957576"
"1506786868","2622193850","1.95758"
"2622193850","1506786868","1.95758"
"1518152481","2059455240","0.848485"
"2059455240","1518152481","0.848485"
"1518152481","2127492972","1.75758"
"2127492972","1518152481","1.75758"
"1518152481","2137122803","1.00758"
"2137122803","1518152481","1.00758"
"2059455240","2064833269","0.848485"
"2064833269","2059455240","0.848485"
"2059455240","2098249175","0.324675"
"2098249175","2059455240","0.324675"
"2059455240","2099895032","1.10245"
"2099895032","2059455240","1.10245"
"2059455240","2120900062","0.935786"
"2120900062","2059455240","0.935786"
"2059455240","2127492972","0.424242"
"2127492972","2059455240","0.424242"
"2059455240","2137122803","2.73535"
"2137122803","2059455240","2.73535"
"2059455240","2622193850","13.1358"
"2622193850","2059455240","13.1358"
"2064833269","2127492972","0.257576"
"2127492972","2064833269","0.257576"
"2064833269","2137122803","0.257576"
"2137122803","2064833269","0.257576"
"2098249175","2127492972","0.257576"
"2127492972","2098249175","0.257576"
"2098249175","2137122803","0.0909091"
"2137122803","2098249175","0.0909091"
"2099895032","2127492972","0.257576"
"2127492972","2099895032","0.257576"
"2099895032","2137122803","0.535354"
"2137122803","2099895032","0.535354"
"2120900062","2127492972","0.0909091"
"2127492972","2120900062","0.0909091"
"2120900062","2137122803","0.368687"
"2137122803","2120900062","0.368687"
"2127492972","2137122803","0.424242"
"2137122803","2127492972","0.424242"
"2127492972","2622193850","1.42424"
"2622193850","2127492972","1.42424"
"2137122803","2622193850","2.98535"
"2622193850","2137122803","2.98535"
"2059455240","78635172","1.01154"
"78635172","2059455240","1.01154"
"2137122803","78635172","0.444444"
"78635172","2137122803","0.444444"
"1488177171","2011119785","0.5"
"2011119785","1488177171","0.5"
"2011119785","2622193850","0.5"
"2622193850","2011119785","0.5"
"1502973954","2064867724","0.257576"
"2064867724","1502973954","0.257576"
"1518152481","2064867724","0.257576"
"2064867724","1518152481","0.257576"
"2064833269","2064867724","0.257576"
"2064867724","2064833269","0.257576"
"2064867724","2098249175","0.590909"
"2098249175","2064867724","0.590909"
"2064867724","2099895032","0.590909"
"2099895032","2064867724","0.590909"
"2064867724","2127492972","0.166667"
"2127492972","2064867724","0.166667"
"1502973954","1503287972","0.75"
"1503287972","1502973954","0.75"
"1502973954","2405586383","0.75"
"2405586383","1502973954","0.75"
"1503287972","2127492972","0.75"
"2127492972","1503287972","0.75"
"1503287972","2405586383","3.56111"
"2405586383","1503287972","3.56111"
"2127492972","2405586383","0.75"
"2405586383","2127492972","0.75"
"1502973954","2211260991","0.333333"
"2211260991","1502973954","0.333333"
"1502973954","2757007952","0.333333"
"2757007952","1502973954","0.333333"
"2127492972","2211260991","0.333333"
"2211260991","2127492972","0.333333"
"2127492972","2757007952","0.333333"
"2757007952","2127492972","0.333333"
"2211260991","2757007952","4.33333"
"2757007952","2211260991","4.33333"
"1502973954","1939856552","0.25"
"1939856552","1502973954","0.25"
"1503287972","1939856552","1.25"
"1939856552","1503287972","1.25"
"1939856552","2127492972","0.25"
"2127492972","1939856552","0.25"
"1939856552","2405586383","0.25"
"2405586383","1939856552","0.25"
"2103297792","2127492972","0.333333"
"2127492972","2103297792","0.333333"
"1502973954","2126390196","0.0909091"
"2126390196","1502973954","0.0909091"
"1518152481","2126390196","0.0909091"
"2126390196","1518152481","0.0909091"
"2059455240","2064867724","0.0909091"
"2064867724","2059455240","0.0909091"
"2059455240","2126390196","0.0909091"
"2126390196","2059455240","0.0909091"
"2059455240","2211259725","0.0909091"
"2211259725","2059455240","0.0909091"
"2064833269","2126390196","0.0909091"
"2126390196","2064833269","0.0909091"
"2064867724","2120900062","0.0909091"
"2120900062","2064867724","0.0909091"
"2064867724","2126390196","0.0909091"
"2126390196","2064867724","0.0909091"
"2064867724","2622193850","0.0909091"
"2622193850","2064867724","0.0909091"
"2064867724","78635172","0.0909091"
"78635172","2064867724","0.0909091"
"2098249175","2126390196","0.257576"
"2126390196","2098249175","0.257576"
"2099895032","2126390196","2.84091"
"2126390196","2099895032","2.84091"
"2120900062","2126390196","0.840909"
"2126390196","2120900062","0.840909"
"2126390196","2211259725","0.0909091"
"2211259725","2126390196","0.0909091"
"2126390196","2622193850","0.0909091"
"2622193850","2126390196","0.0909091"
"2126390196","78635172","0.507576"
"78635172","2126390196","0.507576"
"1503287972","2059455240","0.977778"
"2059455240","1503287972","0.977778"
"1503287972","2137122803","0.811111"
"2137122803","1503287972","0.811111"
"1503287972","2622193850","2.47778"
"2622193850","1503287972","2.47778"
"2059455240","2405586383","0.977778"
"2405586383","2059455240","0.977778"
"2137122803","2405586383","0.811111"
"2405586383","2137122803","0.811111"
"2405586383","2622193850","1.47778"
"2622193850","2405586383","1.47778"
"1503287972","1508601760","3"
"1508601760","1503287972","3"
"1503287972","1506786868","0.7"
"1506786868","1503287972","0.7"
"1506786868","2405586383","0.7"
"2405586383","1506786868","0.7"
"1503287972","1512341726","0.611111"
"1512341726","1503287972","0.611111"
"1503287972","1549508063","0.166667"
"1549508063","1503287972","0.166667"
"1512341726","1549508063","0.166667"
"1549508063","1512341726","0.166667"
"1512341726","2059455240","0.611111"
"2059455240","1512341726","0.611111"
"1512341726","2137122803","0.444444"
"2137122803","1512341726","0.444444"
"1512341726","2405586383","0.611111"
"2405586383","1512341726","0.611111"
"1512341726","2622193850","0.611111"
"2622193850","1512341726","0.611111"
"1549508063","2059455240","0.166667"
"2059455240","1549508063","0.166667"
"1549508063","2137122803","0.166667"
"2137122803","1549508063","0.166667"
"1549508063","2405586383","0.166667"
"2405586383","1549508063","0.166667"
"1549508063","2622193850","0.166667"
"2622193850","1549508063","0.166667"
"1503287972","1878777455","0.444444"
"1878777455","1503287972","0.444444"
"1512341726","1878777455","8.44444"
"1878777455","1512341726","8.44444"
"1878777455","2059455240","0.444444"
"2059455240","1878777455","0.444444"
"1878777455","2137122803","1.27778"
"2137122803","1878777455","1.27778"
"1878777455","2405586383","0.444444"
"2405586383","1878777455","0.444444"
"1878777455","2622193850","0.444444"
"2622193850","1878777455","0.444444"
"1503287972","2099895032","0.111111"
"2099895032","1503287972","0.111111"
"1503287972","2120900062","0.111111"
"2120900062","1503287972","0.111111"
"1503287972","78635172","0.111111"
"78635172","1503287972","0.111111"
"1512341726","2099895032","0.111111"
"2099895032","1512341726","0.111111"
"1512341726","2120900062","0.111111"
"2120900062","1512341726","0.111111"
"1512341726","78635172","0.111111"
"78635172","1512341726","0.111111"
"1878777455","2099895032","0.444444"
"2099895032","1878777455","0.444444"
"1878777455","2120900062","0.444444"
"2120900062","1878777455","0.444444"
"1878777455","78635172","0.444444"
"78635172","1878777455","0.444444"
"2099895032","2405586383","0.111111"
"2405586383","2099895032","0.111111"
"2120900062","2405586383","0.111111"
"2405586383","2120900062","0.111111"
"2405586383","78635172","0.111111"
"78635172","2405586383","0.111111"
"1503287972","2129006565","0.166667"
"2129006565","1503287972","0.166667"
"1512341726","2129006565","2.16667"
"2129006565","1512341726","2.16667"
"1878777455","2129006565","3.16667"
"2129006565","1878777455","3.16667"
"2059455240","2129006565","0.166667"
"2129006565","2059455240","0.166667"
"2129006565","2405586383","0.166667"
"2405586383","2129006565","0.166667"
"2129006565","2622193850","0.166667"
"2622193850","2129006565","0.166667"
"2076382341","2137122803","0.25"
"2137122803","2076382341","0.25"
"2103297792","2137122803","0.25"
"2137122803","2103297792","0.25"
"1549508063","1878777455","1"
"1878777455","1549508063","1"
"1549508063","2129006565","2"
"2129006565","1549508063","2"
"1998701523","2079585778","11.1667"
"2079585778","1998701523","11.1667"
"1998701523","2011119785","1.16667"
"2011119785","1998701523","1.16667"
"2011119785","2079585778","2.86667"
"2079585778","2011119785","2.86667"
"1998701523","2099895032","0.5"
"2099895032","1998701523","0.5"
"1998701523","2120900062","0.5"
"2120900062","1998701523","0.5"
"1998701523","78635172","0.5"
"78635172","1998701523","0.5"
"1998701523","2098249175","0.166667"
"2098249175","1998701523","0.166667"
"2011119785","2098249175","0.666667"
"2098249175","2011119785","0.666667"
"2011119785","2099895032","2.33333"
"2099895032","2011119785","2.33333"
"2011119785","2120900062","1"
"2120900062","2011119785","1"
"2011119785","78635172","1"
"78635172","2011119785","1"
"2079585778","2098249175","0.166667"
"2098249175","2079585778","0.166667"
"2079585778","2099895032","0.166667"
"2099895032","2079585778","0.166667"
"2079585778","2120900062","0.166667"
"2120900062","2079585778","0.166667"
"2079585778","78635172","0.166667"
"78635172","2079585778","0.166667"
"2010916967","2893627207","0.25"
"2893627207","2010916967","0.25"
"2106364744","2893627207","0.25"
"2893627207","2106364744","0.25"
"2281039998","2893627207","0.25"
"2893627207","2281039998","0.25"
"2759018566","2893627207","0.25"
"2893627207","2759018566","0.25"
"2010916967","2011119785","0.2"
"2011119785","2010916967","0.2"
"2010916967","2079585778","0.783333"
"2079585778","2010916967","0.783333"
"2011119785","2106364744","1.7"
"2106364744","2011119785","1.7"
"2011119785","2281039998","0.2"
"2281039998","2011119785","0.2"
"2011119785","2759018566","0.2"
"2759018566","2011119785","0.2"
"2079585778","2106364744","0.45"
"2106364744","2079585778","0.45"
"2079585778","2281039998","0.783333"
"2281039998","2079585778","0.783333"
"2079585778","2759018566","0.783333"
"2759018566","2079585778","0.783333"
"2064867724","2079585778","0.5"
"2079585778","2064867724","0.5"
"2011119785","2126390196","0.166667"
"2126390196","2011119785","0.166667"
"2011119785","2810809520","0.166667"
"2810809520","2011119785","0.166667"
"2098249175","2810809520","0.166667"
"2810809520","2098249175","0.166667"
"2099895032","2810809520","0.75"
"2810809520","2099895032","0.75"
"2120900062","2810809520","0.75"
"2810809520","2120900062","0.75"
"2126390196","2810809520","1.75"
"2810809520","2126390196","1.75"
"2810809520","78635172","0.416667"
"78635172","2810809520","0.416667"
"2064867724","2106364744","0.5"
"2106364744","2064867724","0.5"
"2059455240","2076382341","0.142857"
"2076382341","2059455240","0.142857"
"2059455240","2103297792","0.142857"
"2103297792","2059455240","0.142857"
"2810809520","2893627207","2"
"2893627207","2810809520","2"
