"130296414","2114541504","2.91667"
"2114541504","130296414","2.91667"
"130296414","2105439238","0.5"
"2105439238","130296414","0.5"
"130296414","2131150402","2.16667"
"2131150402","130296414","2.16667"
"2105439238","2131150402","0.904762"
"2131150402","2105439238","0.904762"
"130296414","1983728141","1.58333"
"1983728141","130296414","1.58333"
"130296414","2148210463","0.333333"
"2148210463","130296414","0.333333"
"1983728141","2131150402","0.404762"
"2131150402","1983728141","0.404762"
"1983728141","2148210463","1.83333"
"2148210463","1983728141","1.83333"
"2131150402","2148210463","0.333333"
"2148210463","2131150402","0.333333"
"130296414","2952774135","1.25"
"2952774135","130296414","1.25"
"130296414","836144344","1.41667"
"836144344","130296414","1.41667"
"1983728141","2114541504","0.321429"
"2114541504","1983728141","0.321429"
"1983728141","2952774135","2.82143"
"2952774135","1983728141","2.82143"
"1983728141","836144344","0.321429"
"836144344","1983728141","0.321429"
"2114541504","2952774135","0.321429"
"2952774135","2114541504","0.321429"
"2114541504","836144344","5.9881"
"836144344","2114541504","5.9881"
"2952774135","836144344","0.821429"
"836144344","2952774135","0.821429"
"130296414","2405968456","2.16667"
"2405968456","130296414","2.16667"
"130296414","2988054244","0.333333"
"2988054244","130296414","0.333333"
"2131150402","2405968456","1.40476"
"2405968456","2131150402","1.40476"
"2131150402","2988054244","0.904762"
"2988054244","2131150402","0.904762"
"2405968456","2988054244","0.738095"
"2988054244","2405968456","0.738095"
"1983728141","2405968456","1.07143"
"2405968456","1983728141","1.07143"
"130296414","2119681685","1"
"2119681685","130296414","1"
"130296414","2296164608","0.666667"
"2296164608","130296414","0.666667"
"2114541504","2296164608","1.40476"
"2296164608","2114541504","1.40476"
"2114541504","2405968456","1.57143"
"2405968456","2114541504","1.57143"
"2296164608","2405968456","10.7381"
"2405968456","2296164608","10.7381"
"130296414","2092924306","0.333333"
"2092924306","130296414","0.333333"
"2092924306","2114541504","2.07143"
"2114541504","2092924306","2.07143"
"2092924306","836144344","1.07143"
"836144344","2092924306","1.07143"
"130296414","1508112092","0.333333"
"1508112092","130296414","0.333333"
"1508112092","2296164608","6.16667"
"2296164608","1508112092","6.16667"
"1508112092","836144344","0.333333"
"836144344","1508112092","0.333333"
"2296164608","836144344","0.404762"
"836144344","2296164608","0.404762"
"1500305798","1970956440","0.645473"
"1970956440","1500305798","0.645473"
"1500305798","2029685341","4.79825"
"2029685341","1500305798","4.79825"
"1500305798","2062501346","0.881584"
"2062501346","1500305798","0.881584"
"1500305798","2097102171","6.29825"
"2097102171","1500305798","6.29825"
"1500305798","2108414652","0.881584"
"2108414652","1500305798","0.881584"
"1500305798","2952700534","0.47123"
"2952700534","1500305798","0.47123"
"1500305798","76681530","0.645473"
"76681530","1500305798","0.645473"
"1970956440","2029685341","1.11769"
"2029685341","1970956440","1.11769"
"1970956440","2062501346","2.32603"
"2062501346","1970956440","2.32603"
"1970956440","2097102171","1.11769"
"2097102171","1970956440","1.11769"
"1970956440","2108414652","2.74269"
"2108414652","1970956440","2.74269"
"1970956440","2952700534","21.0462"
"2952700534","1970956440","21.0462"
"1970956440","76681530","4.38158"
"76681530","1970956440","4.38158"
"2029685341","2062501346","1.68714"
"2062501346","2029685341","1.68714"
"2029685341","2097102171","9.43714"
"2097102171","2029685341","9.43714"
"2029685341","2108414652","3.02047"
"2108414652","2029685341","3.02047"
"2029685341","2952700534","0.665675"
"2952700534","2029685341","0.665675"
"2029685341","76681530","1.95103"
"76681530","2029685341","1.95103"
"2062501346","2097102171","1.52047"
"2097102171","2062501346","1.52047"
"2062501346","2108414652","4.56214"
"2108414652","2062501346","4.56214"
"2062501346","2952700534","2.37401"
"2952700534","2062501346","2.37401"
"2062501346","76681530","1.82603"
"76681530","2062501346","1.82603"
"2097102171","2108414652","1.35381"
"2108414652","2097102171","1.35381"
"2097102171","2952700534","0.665675"
"2952700534","2097102171","0.665675"
"2097102171","76681530","1.11769"
"76681530","2097102171","1.11769"
"2108414652","2952700534","1.70734"
"2952700534","2108414652","1.70734"
"2108414652","76681530","3.74269"
"76681530","2108414652","3.74269"
"2952700534","76681530","2.45734"
"76681530","2952700534","2.45734"
"1500305798","1614449311","0.877615"
"1614449311","1500305798","0.877615"
"1500305798","2075056819","0.361111"
"2075056819","1500305798","0.361111"
"1614449311","2029685341","2.0165"
"2029685341","1614449311","2.0165"
"1614449311","2075056819","0.25"
"2075056819","1614449311","0.25"
"1614449311","2097102171","1.43317"
"2097102171","1614449311","1.43317"
"2029685341","2075056819","0.694444"
"2075056819","2029685341","0.694444"
"2075056819","2097102171","0.361111"
"2097102171","2075056819","0.361111"
"1500305798","1638141002","0.0625"
"1638141002","1500305798","0.0625"
"1500305798","1858603130","0.0625"
"1858603130","1500305798","0.0625"
"1500305798","1901149804","0.627615"
"1901149804","1500305798","0.627615"
"1500305798","1983728141","0.0625"
"1983728141","1500305798","0.0625"
"1500305798","2108595447","1.90539"
"2108595447","1500305798","1.90539"
"1500305798","2152433756","0.627615"
"2152433756","1500305798","0.627615"
"1500305798","2791329139","0.256944"
"2791329139","1500305798","0.256944"
"1500305798","2900751348","0.153409"
"2900751348","1500305798","0.153409"
"1614449311","1638141002","0.0625"
"1638141002","1614449311","0.0625"
"1614449311","1858603130","0.0625"
"1858603130","1614449311","0.0625"
"1614449311","1901149804","3.03039"
"1901149804","1614449311","3.03039"
"1614449311","1970956440","3.73873"
"1970956440","1614449311","3.73873"
"1614449311","1983728141","0.0625"
"1983728141","1614449311","0.0625"
"1614449311","2062501346","2.47484"
"2062501346","1614449311","2.47484"
"1614449311","2108414652","3.3915"
"2108414652","1614449311","3.3915"
"1614449311","2108595447","4.73873"
"2108595447","1614449311","4.73873"
"1614449311","2152433756","2.69706"
"2152433756","1614449311","2.69706"
"1614449311","2791329139","0.256944"
"2791329139","1614449311","0.256944"
"1614449311","2900751348","0.611742"
"2900751348","1614449311","0.611742"
"1614449311","2952700534","2.89782"
"2952700534","1614449311","2.89782"
"1614449311","76681530","2.0165"
"76681530","1614449311","2.0165"
"1638141002","1858603130","1.14583"
"1858603130","1638141002","1.14583"
"1638141002","1901149804","0.345833"
"1901149804","1638141002","0.345833"
"1638141002","1970956440","0.345833"
"1970956440","1638141002","0.345833"
"1638141002","1983728141","0.5625"
"1983728141","1638141002","0.5625"
"1638141002","2029685341","0.145833"
"2029685341","1638141002","0.145833"
"1638141002","2062501346","0.145833"
"2062501346","1638141002","0.145833"
"1638141002","2097102171","0.145833"
"2097102171","1638141002","0.145833"
"1638141002","2108414652","0.145833"
"2108414652","1638141002","0.145833"
"1638141002","2108595447","0.0625"
"2108595447","1638141002","0.0625"
"1638141002","2152433756","0.345833"
"2152433756","1638141002","0.345833"
"1638141002","2791329139","0.0625"
"2791329139","1638141002","0.0625"
"1638141002","2900751348","0.0625"
"2900751348","1638141002","0.0625"
"1638141002","2952700534","0.345833"
"2952700534","1638141002","0.345833"
"1638141002","76681530","0.645833"
"76681530","1638141002","0.645833"
"1858603130","1901149804","0.479167"
"1901149804","1858603130","0.479167"
"1858603130","1970956440","0.645833"
"1970956440","1858603130","0.645833"
"1858603130","1983728141","0.3125"
"1983728141","1858603130","0.3125"
"1858603130","2029685341","0.395833"
"2029685341","1858603130","0.395833"
"1858603130","2062501346","0.145833"
"2062501346","1858603130","0.145833"
"1858603130","2097102171","0.145833"
"2097102171","1858603130","0.145833"
"1858603130","2108414652","0.395833"
"2108414652","1858603130","0.395833"
"1858603130","2108595447","0.0625"
"2108595447","1858603130","0.0625"
"1858603130","2152433756","0.479167"
"2152433756","1858603130","0.479167"
"1858603130","2791329139","0.0625"
"2791329139","1858603130","0.0625"
"1858603130","2900751348","0.0625"
"2900751348","1858603130","0.0625"
"1858603130","2952700534","0.645833"
"2952700534","1858603130","0.645833"
"1858603130","76681530","0.395833"
"76681530","1858603130","0.395833"
"1901149804","1970956440","2.63317"
"1970956440","1901149804","2.63317"
"1901149804","1983728141","0.0625"
"1983728141","1901149804","0.0625"
"1901149804","2029685341","1.93317"
"2029685341","1901149804","1.93317"
"1901149804","2062501346","1.3915"
"2062501346","1901149804","1.3915"
"1901149804","2097102171","1.09984"
"2097102171","1901149804","1.09984"
"1901149804","2108414652","1.97484"
"2108414652","1901149804","1.97484"
"1901149804","2108595447","1.73873"
"2108595447","1901149804","1.73873"
"1901149804","2152433756","12.3415"
"2152433756","1901149804","12.3415"
"1901149804","2791329139","0.145833"
"2791329139","1901149804","0.145833"
"1901149804","2900751348","0.528409"
"2900751348","1901149804","0.528409"
"1901149804","2952700534","1.07004"
"2952700534","1901149804","1.07004"
"1901149804","76681530","1.98873"
"76681530","1901149804","1.98873"
"1970956440","1983728141","0.0625"
"1983728141","1970956440","0.0625"
"1970956440","2108595447","0.613727"
"2108595447","1970956440","0.613727"
"1970956440","2152433756","2.29984"
"2152433756","1970956440","2.29984"
"1970956440","2791329139","0.145833"
"2791329139","1970956440","0.145833"
"1970956440","2900751348","1.19508"
"2900751348","1970956440","1.19508"
"1983728141","2029685341","0.3125"
"2029685341","1983728141","0.3125"
"1983728141","2062501346","0.229167"
"2062501346","1983728141","0.229167"
"1983728141","2097102171","0.0625"
"2097102171","1983728141","0.0625"
"1983728141","2108414652","0.717262"
"2108414652","1983728141","0.717262"
"1983728141","2108595447","0.0625"
"2108595447","1983728141","0.0625"
"1983728141","2152433756","0.0625"
"2152433756","1983728141","0.0625"
"1983728141","2791329139","0.0625"
"2791329139","1983728141","0.0625"
"1983728141","2900751348","0.229167"
"2900751348","1983728141","0.229167"
"1983728141","2952700534","0.0625"
"2952700534","1983728141","0.0625"
"1983728141","76681530","0.979167"
"76681530","1983728141","0.979167"
"2029685341","2108595447","2.2665"
"2108595447","2029685341","2.2665"
"2029685341","2152433756","1.93317"
"2152433756","2029685341","1.93317"
"2029685341","2791329139","0.256944"
"2791329139","2029685341","0.256944"
"2029685341","2900751348","0.153409"
"2900751348","2029685341","0.153409"
"2062501346","2108595447","1.18317"
"2108595447","2062501346","1.18317"
"2062501346","2152433756","1.3915"
"2152433756","2062501346","1.3915"
"2062501346","2791329139","0.256944"
"2791329139","2062501346","0.256944"
"2062501346","2900751348","0.445076"
"2900751348","2062501346","0.445076"
"2097102171","2108595447","2.18317"
"2108595447","2097102171","2.18317"
"2097102171","2152433756","1.09984"
"2152433756","2097102171","1.09984"
"2097102171","2791329139","0.256944"
"2791329139","2097102171","0.256944"
"2097102171","2900751348","0.153409"
"2900751348","2097102171","0.153409"
"2108414652","2108595447","1.2665"
"2108595447","2108414652","1.2665"
"2108414652","2152433756","1.97484"
"2152433756","2108414652","1.97484"
"2108414652","2791329139","0.256944"
"2791329139","2108414652","0.256944"
"2108414652","2900751348","0.611742"
"2900751348","2108414652","0.611742"
"2108595447","2152433756","1.73873"
"2152433756","2108595447","1.73873"
"2108595447","2791329139","0.256944"
"2791329139","2108595447","0.256944"
"2108595447","2900751348","0.153409"
"2900751348","2108595447","0.153409"
"2108595447","2952700534","0.328373"
"2952700534","2108595447","0.328373"
"2108595447","76681530","0.94706"
"76681530","2108595447","0.94706"
"2152433756","2791329139","0.145833"
"2791329139","2152433756","0.145833"
"2152433756","2900751348","0.528409"
"2900751348","2152433756","0.528409"
"2152433756","2952700534","1.07004"
"2952700534","2152433756","1.07004"
"2152433756","76681530","1.65539"
"76681530","2152433756","1.65539"
"2791329139","2900751348","2.0625"
"2900751348","2791329139","2.0625"
"2791329139","2952700534","0.173611"
"2952700534","2791329139","0.173611"
"2791329139","76681530","0.256944"
"76681530","2791329139","0.256944"
"2900751348","2952700534","0.520833"
"2952700534","2900751348","0.520833"
"2900751348","76681530","1.44508"
"76681530","2900751348","1.44508"
"1500305798","1994520092","0.154762"
"1994520092","1500305798","0.154762"
"1614449311","1994520092","0.154762"
"1994520092","1614449311","0.154762"
"1901149804","1994520092","0.488095"
"1994520092","1901149804","0.488095"
"1970956440","1994520092","0.154762"
"1994520092","1970956440","0.154762"
"1994520092","2029685341","0.154762"
"2029685341","1994520092","0.154762"
"1994520092","2062501346","1.32143"
"2062501346","1994520092","1.32143"
"1994520092","2097102171","0.154762"
"2097102171","1994520092","0.154762"
"1994520092","2108414652","0.154762"
"2108414652","1994520092","0.154762"
"1994520092","2108595447","0.154762"
"2108595447","1994520092","0.154762"
"1994520092","2152433756","0.488095"
"2152433756","1994520092","0.488095"
"1994520092","2952700534","0.154762"
"2952700534","1994520092","0.154762"
"1994520092","76681530","0.321429"
"76681530","1994520092","0.321429"
"1500305798","2029335800","0.154762"
"2029335800","1500305798","0.154762"
"1614449311","2029335800","0.154762"
"2029335800","1614449311","0.154762"
"1901149804","2029335800","0.571429"
"2029335800","1901149804","0.571429"
"1970956440","2029335800","0.238095"
"2029335800","1970956440","0.238095"
"2029335800","2029685341","0.571429"
"2029685341","2029335800","0.571429"
"2029335800","2062501346","0.238095"
"2062501346","2029335800","0.238095"
"2029335800","2097102171","0.238095"
"2097102171","2029335800","0.238095"
"2029335800","2108414652","0.238095"
"2108414652","2029335800","0.238095"
"2029335800","2108595447","0.154762"
"2108595447","2029335800","0.154762"
"2029335800","2152433756","0.571429"
"2152433756","2029335800","0.571429"
"2029335800","2791329139","0.0833333"
"2791329139","2029335800","0.0833333"
"2029335800","76681530","0.238095"
"76681530","2029335800","0.238095"
"1901149804","2075056819","0.111111"
"2075056819","1901149804","0.111111"
"1970956440","2075056819","0.111111"
"2075056819","1970956440","0.111111"
"2062501346","2075056819","0.111111"
"2075056819","2062501346","0.111111"
"2075056819","2108414652","0.18254"
"2108414652","2075056819","0.18254"
"2075056819","2108595447","0.111111"
"2108595447","2075056819","0.111111"
"2075056819","2152433756","0.111111"
"2152433756","2075056819","0.111111"
"1500305798","2119681685","0.0714286"
"2119681685","1500305798","0.0714286"
"1614449311","2119681685","0.0714286"
"2119681685","1614449311","0.0714286"
"1901149804","2119681685","0.404762"
"2119681685","1901149804","0.404762"
"1970956440","2119681685","0.0714286"
"2119681685","1970956440","0.0714286"
"1994520092","2029335800","1.40476"
"2029335800","1994520092","1.40476"
"1994520092","2119681685","0.321429"
"2119681685","1994520092","0.321429"
"2029335800","2119681685","1.40476"
"2119681685","2029335800","1.40476"
"2029335800","2952700534","0.154762"
"2952700534","2029335800","0.154762"
"2029685341","2119681685","0.404762"
"2119681685","2029685341","0.404762"
"2062501346","2119681685","0.0714286"
"2119681685","2062501346","0.0714286"
"2097102171","2119681685","0.0714286"
"2119681685","2097102171","0.0714286"
"2108414652","2119681685","0.0714286"
"2119681685","2108414652","0.0714286"
"2108595447","2119681685","0.0714286"
"2119681685","2108595447","0.0714286"
"2119681685","2152433756","0.404762"
"2152433756","2119681685","0.404762"
"2119681685","2952700534","0.0714286"
"2952700534","2119681685","0.0714286"
"2119681685","76681530","0.0714286"
"76681530","2119681685","0.0714286"
"1501242826","1590628344","4"
"1590628344","1501242826","4"
"1508112092","2101997700","2.33333"
"2101997700","1508112092","2.33333"
"1508112092","2405968456","1.33333"
"2405968456","1508112092","1.33333"
"2101997700","2296164608","8.33333"
"2296164608","2101997700","8.33333"
"2101997700","2405968456","0.666667"
"2405968456","2101997700","0.666667"
"1508112092","1638141002","0.5"
"1638141002","1508112092","0.5"
"1638141002","2101997700","0.5"
"2101997700","1638141002","0.5"
"1508112092","2114541504","1"
"2114541504","1508112092","1"
"1540516609","2134826526","11.6167"
"2134826526","1540516609","11.6167"
"1540516609","2171125533","1.53333"
"2171125533","1540516609","1.53333"
"1540516609","3021222708","4.53333"
"3021222708","1540516609","4.53333"
"2134826526","2171125533","1.78333"
"2171125533","2134826526","1.78333"
"2134826526","3021222708","4.03333"
"3021222708","2134826526","4.03333"
"2171125533","3021222708","1.53333"
"3021222708","2171125533","1.53333"
"1540516609","2148154295","2.36667"
"2148154295","1540516609","2.36667"
"2134826526","2148154295","5.11667"
"2148154295","2134826526","5.11667"
"2148154295","2171125533","1.45"
"2171125533","2148154295","1.45"
"2148154295","3021222708","2.36667"
"3021222708","2148154295","2.36667"
"1540516609","2105439238","0.333333"
"2105439238","1540516609","0.333333"
"1540516609","2131150402","0.333333"
"2131150402","1540516609","0.333333"
"2105439238","2134826526","0.333333"
"2134826526","2105439238","0.333333"
"2131150402","2134826526","0.333333"
"2134826526","2131150402","0.333333"
"1540516609","1983728141","0.2"
"1983728141","1540516609","0.2"
"1983728141","2134826526","0.45"
"2134826526","1983728141","0.45"
"1983728141","2148154295","0.45"
"2148154295","1983728141","0.45"
"1983728141","2171125533","0.45"
"2171125533","1983728141","0.45"
"1983728141","3021222708","0.2"
"3021222708","1983728141","0.2"
"1540516609","2952774135","0.333333"
"2952774135","1540516609","0.333333"
"2134826526","2952774135","0.333333"
"2952774135","2134826526","0.333333"
"2952774135","3021222708","0.333333"
"3021222708","2952774135","0.333333"
"1540516609","1858603130","0.25"
"1858603130","1540516609","0.25"
"1540516609","1994520092","0.25"
"1994520092","1540516609","0.25"
"1540516609","2119681685","0.25"
"2119681685","1540516609","0.25"
"1858603130","1994520092","6.25"
"1994520092","1858603130","6.25"
"1858603130","2119681685","3.58333"
"2119681685","1858603130","3.58333"
"1858603130","2134826526","0.25"
"2134826526","1858603130","0.25"
"1994520092","2134826526","0.25"
"2134826526","1994520092","0.25"
"2119681685","2134826526","0.25"
"2134826526","2119681685","0.25"
"1549738471","2131150402","1.07143"
"2131150402","1549738471","1.07143"
"1549738471","1723485573","0.0714286"
"1723485573","1549738471","0.0714286"
"1549738471","1983728141","0.0714286"
"1983728141","1549738471","0.0714286"
"1549738471","2075056819","0.0714286"
"2075056819","1549738471","0.0714286"
"1549738471","2092924306","0.0714286"
"2092924306","1549738471","0.0714286"
"1549738471","2105439238","0.0714286"
"2105439238","1549738471","0.0714286"
"1549738471","2108414652","0.0714286"
"2108414652","1549738471","0.0714286"
"1549738471","2114541504","0.0714286"
"2114541504","1549738471","0.0714286"
"1549738471","2296164608","0.0714286"
"2296164608","1549738471","0.0714286"
"1549738471","2405968456","0.0714286"
"2405968456","1549738471","0.0714286"
"1549738471","27427858","0.0714286"
"27427858","1549738471","0.0714286"
"1549738471","2952774135","0.0714286"
"2952774135","1549738471","0.0714286"
"1549738471","2988054244","0.0714286"
"2988054244","1549738471","0.0714286"
"1549738471","836144344","0.0714286"
"836144344","1549738471","0.0714286"
"1723485573","1983728141","1.40476"
"1983728141","1723485573","1.40476"
"1723485573","2075056819","0.571429"
"2075056819","1723485573","0.571429"
"1723485573","2092924306","0.0714286"
"2092924306","1723485573","0.0714286"
"1723485573","2105439238","0.0714286"
"2105439238","1723485573","0.0714286"
"1723485573","2108414652","0.404762"
"2108414652","1723485573","0.404762"
"1723485573","2114541504","0.571429"
"2114541504","1723485573","0.571429"
"1723485573","2131150402","0.0714286"
"2131150402","1723485573","0.0714286"
"1723485573","2296164608","1.07143"
"2296164608","1723485573","1.07143"
"1723485573","2405968456","0.0714286"
"2405968456","1723485573","0.0714286"
"1723485573","27427858","0.571429"
"27427858","1723485573","0.571429"
"1723485573","2952774135","0.0714286"
"2952774135","1723485573","0.0714286"
"1723485573","2988054244","0.404762"
"2988054244","1723485573","0.404762"
"1723485573","836144344","0.571429"
"836144344","1723485573","0.571429"
"1983728141","2075056819","0.0714286"
"2075056819","1983728141","0.0714286"
"1983728141","2092924306","0.0714286"
"2092924306","1983728141","0.0714286"
"1983728141","2105439238","0.0714286"
"2105439238","1983728141","0.0714286"
"1983728141","2296164608","0.0714286"
"2296164608","1983728141","0.0714286"
"1983728141","27427858","0.0714286"
"27427858","1983728141","0.0714286"
"1983728141","2988054244","0.404762"
"2988054244","1983728141","0.404762"
"2075056819","2092924306","0.0714286"
"2092924306","2075056819","0.0714286"
"2075056819","2105439238","0.0714286"
"2105439238","2075056819","0.0714286"
"2075056819","2114541504","0.0714286"
"2114541504","2075056819","0.0714286"
"2075056819","2131150402","0.0714286"
"2131150402","2075056819","0.0714286"
"2075056819","2296164608","1.07143"
"2296164608","2075056819","1.07143"
"2075056819","2405968456","0.0714286"
"2405968456","2075056819","0.0714286"
"2075056819","27427858","0.571429"
"27427858","2075056819","0.571429"
"2075056819","2952774135","0.0714286"
"2952774135","2075056819","0.0714286"
"2075056819","2988054244","0.0714286"
"2988054244","2075056819","0.0714286"
"2075056819","836144344","0.0714286"
"836144344","2075056819","0.0714286"
"2092924306","2105439238","0.0714286"
"2105439238","2092924306","0.0714286"
"2092924306","2108414652","0.0714286"
"2108414652","2092924306","0.0714286"
"2092924306","2131150402","0.0714286"
"2131150402","2092924306","0.0714286"
"2092924306","2296164608","0.0714286"
"2296164608","2092924306","0.0714286"
"2092924306","2405968456","0.0714286"
"2405968456","2092924306","0.0714286"
"2092924306","27427858","0.0714286"
"27427858","2092924306","0.0714286"
"2092924306","2952774135","0.0714286"
"2952774135","2092924306","0.0714286"
"2092924306","2988054244","0.738095"
"2988054244","2092924306","0.738095"
"2105439238","2108414652","0.0714286"
"2108414652","2105439238","0.0714286"
"2105439238","2114541504","0.0714286"
"2114541504","2105439238","0.0714286"
"2105439238","2296164608","0.0714286"
"2296164608","2105439238","0.0714286"
"2105439238","2405968456","0.0714286"
"2405968456","2105439238","0.0714286"
"2105439238","27427858","0.0714286"
"27427858","2105439238","0.0714286"
"2105439238","2952774135","0.0714286"
"2952774135","2105439238","0.0714286"
"2105439238","2988054244","0.0714286"
"2988054244","2105439238","0.0714286"
"2105439238","836144344","0.0714286"
"836144344","2105439238","0.0714286"
"2108414652","2114541504","0.0714286"
"2114541504","2108414652","0.0714286"
"2108414652","2131150402","0.0714286"
"2131150402","2108414652","0.0714286"
"2108414652","2296164608","0.0714286"
"2296164608","2108414652","0.0714286"
"2108414652","2405968456","0.0714286"
"2405968456","2108414652","0.0714286"
"2108414652","27427858","0.0714286"
"27427858","2108414652","0.0714286"
"2108414652","2952774135","0.0714286"
"2952774135","2108414652","0.0714286"
"2108414652","2988054244","0.404762"
"2988054244","2108414652","0.404762"
"2108414652","836144344","0.0714286"
"836144344","2108414652","0.0714286"
"2114541504","2131150402","0.571429"
"2131150402","2114541504","0.571429"
"2114541504","27427858","0.0714286"
"27427858","2114541504","0.0714286"
"2114541504","2988054244","6.07143"
"2988054244","2114541504","6.07143"
"2131150402","2296164608","0.0714286"
"2296164608","2131150402","0.0714286"
"2131150402","27427858","0.0714286"
"27427858","2131150402","0.0714286"
"2131150402","2952774135","0.0714286"
"2952774135","2131150402","0.0714286"
"2131150402","836144344","0.0714286"
"836144344","2131150402","0.0714286"
"2296164608","27427858","0.0714286"
"27427858","2296164608","0.0714286"
"2296164608","2952774135","0.0714286"
"2952774135","2296164608","0.0714286"
"2296164608","2988054244","0.0714286"
"2988054244","2296164608","0.0714286"
"2405968456","27427858","0.0714286"
"27427858","2405968456","0.0714286"
"2405968456","2952774135","0.0714286"
"2952774135","2405968456","0.0714286"
"2405968456","836144344","1.2381"
"836144344","2405968456","1.2381"
"27427858","2952774135","0.0714286"
"2952774135","27427858","0.0714286"
"27427858","2988054244","0.0714286"
"2988054244","27427858","0.0714286"
"27427858","836144344","0.0714286"
"836144344","27427858","0.0714286"
"2952774135","2988054244","0.0714286"
"2988054244","2952774135","0.0714286"
"2988054244","836144344","1.57143"
"836144344","2988054244","1.57143"
"1590628344","1985223393","1"
"1985223393","1590628344","1"
"1590628344","1858603130","1"
"1858603130","1590628344","1"
"1593376882","1983728141","0.25"
"1983728141","1593376882","0.25"
"1593376882","2134826526","1.25"
"2134826526","1593376882","1.25"
"1593376882","2148154295","1.25"
"2148154295","1593376882","1.25"
"1593376882","2171125533","1.25"
"2171125533","1593376882","1.25"
"1638141002","2015363144","4.28333"
"2015363144","1638141002","4.28333"
"1638141002","2070455216","0.5"
"2070455216","1638141002","0.5"
"2015363144","2070455216","0.5"
"2070455216","2015363144","0.5"
"1638141002","2029335800","0.583333"
"2029335800","1638141002","0.583333"
"1858603130","2015363144","0.0833333"
"2015363144","1858603130","0.0833333"
"1858603130","2029335800","0.0833333"
"2029335800","1858603130","0.0833333"
"1901149804","2015363144","0.283333"
"2015363144","1901149804","0.283333"
"1970956440","2015363144","0.283333"
"2015363144","1970956440","0.283333"
"2015363144","2029335800","0.583333"
"2029335800","2015363144","0.583333"
"2015363144","2029685341","0.0833333"
"2029685341","2015363144","0.0833333"
"2015363144","2062501346","0.25"
"2062501346","2015363144","0.25"
"2015363144","2097102171","0.0833333"
"2097102171","2015363144","0.0833333"
"2015363144","2108414652","1.08333"
"2108414652","2015363144","1.08333"
"2015363144","2152433756","0.283333"
"2152433756","2015363144","0.283333"
"2015363144","2952700534","0.283333"
"2952700534","2015363144","0.283333"
"2015363144","76681530","0.25"
"76681530","2015363144","0.25"
"1847423898","2070455216","1"
"2070455216","1847423898","1"
"1901149804","2952809546","0.75"
"2952809546","1901149804","0.75"
"1970956440","2952809546","0.833333"
"2952809546","1970956440","0.833333"
"2152433756","2952809546","0.75"
"2952809546","2152433756","0.75"
"2900751348","2952809546","3.75"
"2952809546","2900751348","3.75"
"1970956440","2612069656","0.25"
"2612069656","1970956440","0.25"
"2612069656","2952700534","0.25"
"2952700534","2612069656","0.25"
"2612069656","2952809546","0.25"
"2952809546","2612069656","0.25"
"2612069656","76681530","0.25"
"76681530","2612069656","0.25"
"2952700534","2952809546","0.583333"
"2952809546","2952700534","0.583333"
"2952809546","76681530","3.41667"
"76681530","2952809546","3.41667"
"2148210463","2405968456","0.5"
"2405968456","2148210463","0.5"
"1983728141","1994520092","0.166667"
"1994520092","1983728141","0.166667"
"1983728141","2015363144","1.16667"
"2015363144","1983728141","1.16667"
"1983728141","2952809546","0.166667"
"2952809546","1983728141","0.166667"
"1994520092","2015363144","0.166667"
"2015363144","1994520092","0.166667"
"1994520092","2900751348","0.166667"
"2900751348","1994520092","0.166667"
"1994520092","2952809546","0.166667"
"2952809546","1994520092","0.166667"
"2015363144","2900751348","0.166667"
"2900751348","2015363144","0.166667"
"2015363144","2952809546","0.166667"
"2952809546","2015363144","0.166667"
"2062501346","2952809546","0.166667"
"2952809546","2062501346","0.166667"
"1994520092","2070455216","5"
"2070455216","1994520092","5"
"1994520092","2048954306","1"
"2048954306","1994520092","1"
"2029335800","2075056819","0.333333"
"2075056819","2029335800","0.333333"
"2075056819","2119681685","0.333333"
"2119681685","2075056819","0.333333"
"2029335800","2048954306","1"
"2048954306","2029335800","1"
"2048954306","2119681685","1"
"2119681685","2048954306","1"
"2101997700","2493970676","0.5"
"2493970676","2101997700","0.5"
"2296164608","2493970676","1.5"
"2493970676","2296164608","1.5"
"2101997700","2114541504","0.333333"
"2114541504","2101997700","0.333333"
"2101997700","836144344","0.333333"
"836144344","2101997700","0.333333"
"2114541504","2148210463","0.5"
"2148210463","2114541504","0.5"
"2148210463","836144344","0.5"
"836144344","2148210463","0.5"
"2148154295","2148210463","0.5"
"2148210463","2148154295","0.5"
"2148154295","2952809546","0.5"
"2952809546","2148154295","0.5"
"2148210463","2952809546","0.5"
"2952809546","2148210463","0.5"
"2148210463","2952774135","1"
"2952774135","2148210463","1"
"2296164608","2612069656","2"
"2612069656","2296164608","2"
"2493970676","2612069656","2"
"2612069656","2493970676","2"
"2791329139","2952809546","1"
"2952809546","2791329139","1"
