"116270601","14001031","0.616667"
"14001031","116270601","0.616667"
"116270601","2004443904","0.45"
"2004443904","116270601","0.45"
"116270601","2022501110","1.61667"
"2022501110","116270601","1.61667"
"116270601","2030433986","1.2"
"2030433986","116270601","1.2"
"116270601","2103269600","0.366667"
"2103269600","116270601","0.366667"
"14001031","2004443904","4.7211"
"2004443904","14001031","4.7211"
"14001031","2022501110","2.34795"
"2022501110","14001031","2.34795"
"14001031","2030433986","2.59897"
"2030433986","14001031","2.59897"
"14001031","2103269600","8.30906"
"2103269600","14001031","8.30906"
"2004443904","2022501110","1.57666"
"2022501110","2004443904","1.57666"
"2004443904","2030433986","0.776923"
"2030433986","2004443904","0.776923"
"2004443904","2103269600","3.0211"
"2103269600","2004443904","3.0211"
"2022501110","2030433986","1.99897"
"2030433986","2022501110","1.99897"
"2022501110","2103269600","1.89795"
"2103269600","2022501110","1.89795"
"2030433986","2103269600","1.09897"
"2103269600","2030433986","1.09897"
"116270601","2116581786","0.416667"
"2116581786","116270601","0.416667"
"14001031","2116581786","3.78958"
"2116581786","14001031","3.78958"
"2004443904","2116581786","2.75443"
"2116581786","2004443904","2.75443"
"2022501110","2116581786","0.978467"
"2116581786","2022501110","0.978467"
"116270601","2112130143","0.166667"
"2112130143","116270601","0.166667"
"116270601","2129955956","0.166667"
"2129955956","116270601","0.166667"
"14001031","2112130143","1.34632"
"2112130143","14001031","1.34632"
"14001031","2129955956","0.986447"
"2129955956","14001031","0.986447"
"2022501110","2112130143","0.638481"
"2112130143","2022501110","0.638481"
"2022501110","2129955956","0.736937"
"2129955956","2022501110","0.736937"
"2103269600","2112130143","1.94632"
"2112130143","2103269600","1.94632"
"2103269600","2116581786","2.33958"
"2116581786","2103269600","2.33958"
"2103269600","2129955956","0.986447"
"2129955956","2103269600","0.986447"
"2112130143","2116581786","0.436801"
"2116581786","2112130143","0.436801"
"2112130143","2129955956","1.40241"
"2129955956","2112130143","1.40241"
"2116581786","2129955956","0.74359"
"2129955956","2116581786","0.74359"
"116270601","2063551752","1"
"2063551752","116270601","1"
"14001031","1994152623","1.19708"
"1994152623","14001031","1.19708"
"14001031","2057006527","0.302302"
"2057006527","14001031","0.302302"
"14001031","2165240468","1.4369"
"2165240468","14001031","1.4369"
"14001031","2171776999","0.42549"
"2171776999","14001031","0.42549"
"1994152623","2057006527","0.361125"
"2057006527","1994152623","0.361125"
"1994152623","2116581786","0.504225"
"2116581786","1994152623","0.504225"
"1994152623","2165240468","0.652302"
"2165240468","1994152623","0.652302"
"1994152623","2171776999","0.317647"
"2171776999","1994152623","0.317647"
"2057006527","2116581786","0.302302"
"2116581786","2057006527","0.302302"
"2057006527","2165240468","0.635635"
"2165240468","2057006527","0.635635"
"2057006527","2171776999","2.08431"
"2171776999","2057006527","2.08431"
"2116581786","2165240468","0.754322"
"2165240468","2116581786","0.754322"
"2116581786","2171776999","0.258824"
"2171776999","2116581786","0.258824"
"2165240468","2171776999","1.00882"
"2171776999","2165240468","1.00882"
"14001031","1575804582","0.447179"
"1575804582","14001031","0.447179"
"14001031","1984071573","1.1868"
"1984071573","14001031","1.1868"
"14001031","2013333366","0.938424"
"2013333366","14001031","0.938424"
"14001031","2034518740","0.997082"
"2034518740","14001031","0.997082"
"14001031","2078074167","0.447179"
"2078074167","14001031","0.447179"
"14001031","2119493805","0.193211"
"2119493805","14001031","0.193211"
"14001031","2125140425","0.436068"
"2125140425","14001031","0.436068"
"14001031","2565190088","1.80198"
"2565190088","14001031","1.80198"
"1575804582","1984071573","0.102302"
"1984071573","1575804582","0.102302"
"1575804582","1994152623","0.762316"
"1994152623","1575804582","0.762316"
"1575804582","2004443904","0.169935"
"2004443904","1575804582","0.169935"
"1575804582","2013333366","0.377034"
"2013333366","1575804582","0.377034"
"1575804582","2022501110","0.519892"
"2022501110","1575804582","0.519892"
"1575804582","2034518740","0.428982"
"2034518740","1575804582","0.428982"
"1575804582","2057006527","0.161125"
"2057006527","1575804582","0.161125"
"1575804582","2078074167","11.881"
"2078074167","1575804582","11.881"
"1575804582","2103269600","0.447179"
"2103269600","1575804582","0.447179"
"1575804582","2112130143","0.327792"
"2112130143","1575804582","0.327792"
"1575804582","2116581786","0.213413"
"2116581786","1575804582","0.213413"
"1575804582","2119493805","0.693211"
"2119493805","1575804582","0.693211"
"1575804582","2125140425","0.502034"
"2125140425","1575804582","0.502034"
"1575804582","2165240468","1.42932"
"2165240468","1575804582","1.42932"
"1575804582","2171776999","0.284314"
"2171776999","1575804582","0.284314"
"1575804582","2565190088","0.377034"
"2565190088","1575804582","0.377034"
"1984071573","1994152623","0.179225"
"1994152623","1984071573","0.179225"
"1984071573","2004443904","0.976656"
"2004443904","1984071573","0.976656"
"1984071573","2013333366","0.436801"
"2013333366","1984071573","0.436801"
"1984071573","2022501110","0.436801"
"2022501110","1984071573","0.436801"
"1984071573","2034518740","0.179225"
"2034518740","1984071573","0.179225"
"1984071573","2057006527","0.102302"
"2057006527","1984071573","0.102302"
"1984071573","2078074167","0.102302"
"2078074167","1984071573","0.102302"
"1984071573","2103269600","0.686801"
"2103269600","1984071573","0.686801"
"1984071573","2112130143","0.270134"
"2112130143","1984071573","0.270134"
"1984071573","2116581786","0.686801"
"2116581786","1984071573","0.686801"
"1984071573","2119493805","0.102302"
"2119493805","1984071573","0.102302"
"1984071573","2125140425","0.102302"
"2125140425","1984071573","0.102302"
"1984071573","2165240468","0.193211"
"2165240468","1984071573","0.193211"
"1984071573","2171776999","0.0588235"
"2171776999","1984071573","0.0588235"
"1984071573","2565190088","0.193211"
"2565190088","1984071573","0.193211"
"1994152623","2004443904","0.335747"
"2004443904","1994152623","0.335747"
"1994152623","2013333366","0.738048"
"2013333366","1994152623","0.738048"
"1994152623","2022501110","1.99757"
"2022501110","1994152623","1.99757"
"1994152623","2034518740","15.5476"
"2034518740","1994152623","15.5476"
"1994152623","2078074167","0.762316"
"2078074167","1994152623","0.762316"
"1994152623","2103269600","0.797082"
"2103269600","1994152623","0.797082"
"1994152623","2112130143","0.338048"
"2112130143","1994152623","0.338048"
"1994152623","2119493805","0.102302"
"2119493805","1994152623","0.102302"
"1994152623","2125140425","0.844459"
"2125140425","1994152623","0.844459"
"1994152623","2565190088","1.82779"
"2565190088","1994152623","1.82779"
"2004443904","2013333366","0.226656"
"2013333366","2004443904","0.226656"
"2004443904","2034518740","0.335747"
"2034518740","2004443904","0.335747"
"2004443904","2057006527","0.0588235"
"2057006527","2004443904","0.0588235"
"2004443904","2078074167","0.169935"
"2078074167","2004443904","0.169935"
"2004443904","2112130143","0.643322"
"2112130143","2004443904","0.643322"
"2004443904","2119493805","0.0588235"
"2119493805","2004443904","0.0588235"
"2004443904","2125140425","0.0588235"
"2125140425","2004443904","0.0588235"
"2004443904","2165240468","1.62751"
"2165240468","2004443904","1.62751"
"2004443904","2171776999","0.47549"
"2171776999","2004443904","0.47549"
"2004443904","2565190088","0.149733"
"2565190088","2004443904","0.149733"
"2013333366","2022501110","1.62225"
"2022501110","2013333366","1.62225"
"2013333366","2034518740","0.738048"
"2034518740","2013333366","0.738048"
"2013333366","2057006527","0.161125"
"2057006527","2013333366","0.161125"
"2013333366","2078074167","0.377034"
"2078074167","2013333366","0.377034"
"2013333366","2103269600","0.938424"
"2103269600","2013333366","0.938424"
"2013333366","2112130143","0.471815"
"2112130143","2013333366","0.471815"
"2013333366","2116581786","0.436801"
"2116581786","2013333366","0.436801"
"2013333366","2119493805","0.193211"
"2119493805","2013333366","0.193211"
"2013333366","2125140425","0.644892"
"2125140425","2013333366","0.644892"
"2013333366","2165240468","0.65912"
"2165240468","2013333366","0.65912"
"2013333366","2171776999","0.117647"
"2171776999","2013333366","0.117647"
"2013333366","2565190088","0.985801"
"2565190088","2013333366","0.985801"
"2022501110","2034518740","1.99757"
"2034518740","2022501110","1.99757"
"2022501110","2057006527","0.161125"
"2057006527","2022501110","0.161125"
"2022501110","2078074167","0.519892"
"2078074167","2022501110","0.519892"
"2022501110","2119493805","0.193211"
"2119493805","2022501110","0.193211"
"2022501110","2125140425","0.978225"
"2125140425","2022501110","0.978225"
"2022501110","2165240468","0.78412"
"2165240468","2022501110","0.78412"
"2022501110","2171776999","0.117647"
"2171776999","2022501110","0.117647"
"2022501110","2565190088","1.2358"
"2565190088","2022501110","1.2358"
"2034518740","2057006527","0.161125"
"2057006527","2034518740","0.161125"
"2034518740","2078074167","0.428982"
"2078074167","2034518740","0.428982"
"2034518740","2103269600","0.797082"
"2103269600","2034518740","0.797082"
"2034518740","2112130143","0.338048"
"2112130143","2034518740","0.338048"
"2034518740","2116581786","0.304225"
"2116581786","2034518740","0.304225"
"2034518740","2119493805","0.102302"
"2119493805","2034518740","0.102302"
"2034518740","2125140425","0.844459"
"2125140425","2034518740","0.844459"
"2034518740","2165240468","0.452302"
"2165240468","2034518740","0.452302"
"2034518740","2171776999","0.117647"
"2171776999","2034518740","0.117647"
"2034518740","2565190088","1.49446"
"2565190088","2034518740","1.49446"
"2057006527","2078074167","0.161125"
"2078074167","2057006527","0.161125"
"2057006527","2103269600","0.202302"
"2103269600","2057006527","0.202302"
"2057006527","2112130143","1.92779"
"2112130143","2057006527","1.92779"
"2057006527","2119493805","0.702302"
"2119493805","2057006527","0.702302"
"2057006527","2125140425","0.161125"
"2125140425","2057006527","0.161125"
"2057006527","2565190088","0.161125"
"2565190088","2057006527","0.161125"
"2078074167","2103269600","0.447179"
"2103269600","2078074167","0.447179"
"2078074167","2112130143","0.327792"
"2112130143","2078074167","0.327792"
"2078074167","2116581786","0.213413"
"2116581786","2078074167","0.213413"
"2078074167","2119493805","0.359878"
"2119493805","2078074167","0.359878"
"2078074167","2125140425","0.502034"
"2125140425","2078074167","0.502034"
"2078074167","2165240468","0.429322"
"2165240468","2078074167","0.429322"
"2078074167","2171776999","0.284314"
"2171776999","2078074167","0.284314"
"2078074167","2565190088","0.377034"
"2565190088","2078074167","0.377034"
"2103269600","2119493805","0.293211"
"2119493805","2103269600","0.293211"
"2103269600","2125140425","0.436068"
"2125140425","2103269600","0.436068"
"2103269600","2165240468","2.7369"
"2165240468","2103269600","2.7369"
"2103269600","2171776999","0.57549"
"2171776999","2103269600","0.57549"
"2103269600","2565190088","0.801977"
"2565190088","2103269600","0.801977"
"2112130143","2119493805","1.86897"
"2119493805","2112130143","1.86897"
"2112130143","2125140425","0.403982"
"2125140425","2112130143","0.403982"
"2112130143","2165240468","1.29321"
"2165240468","2112130143","1.29321"
"2112130143","2171776999","5.96765"
"2171776999","2112130143","5.96765"
"2112130143","2565190088","0.252034"
"2565190088","2112130143","0.252034"
"2116581786","2119493805","0.102302"
"2119493805","2116581786","0.102302"
"2116581786","2125140425","0.102302"
"2125140425","2116581786","0.102302"
"2116581786","2565190088","0.318211"
"2565190088","2116581786","0.318211"
"2119493805","2125140425","1.69321"
"2125140425","2119493805","1.69321"
"2119493805","2165240468","0.693211"
"2165240468","2119493805","0.693211"
"2119493805","2171776999","1.82549"
"2171776999","2119493805","1.82549"
"2119493805","2565190088","0.193211"
"2565190088","2119493805","0.193211"
"2125140425","2165240468","0.293211"
"2165240468","2125140425","0.293211"
"2125140425","2171776999","0.117647"
"2171776999","2125140425","0.117647"
"2125140425","2565190088","0.585368"
"2565190088","2125140425","0.585368"
"2165240468","2565190088","0.78412"
"2565190088","2165240468","0.78412"
"2171776999","2565190088","0.117647"
"2565190088","2171776999","0.117647"
"14001031","2090671439","2.83496"
"2090671439","14001031","2.83496"
"1994152623","2030433986","1.06326"
"2030433986","1994152623","1.06326"
"1994152623","2090671439","0.933824"
"2090671439","1994152623","0.933824"
"2013333366","2030433986","0.531116"
"2030433986","2013333366","0.531116"
"2013333366","2090671439","0.560447"
"2090671439","2013333366","0.560447"
"2022501110","2090671439","0.960447"
"2090671439","2022501110","0.960447"
"2030433986","2034518740","1.06326"
"2034518740","2030433986","1.06326"
"2030433986","2090671439","2.96071"
"2090671439","2030433986","2.96071"
"2030433986","2565190088","0.436335"
"2565190088","2030433986","0.436335"
"2034518740","2090671439","0.933824"
"2090671439","2034518740","0.933824"
"2090671439","2103269600","1.73496"
"2103269600","2090671439","1.73496"
"2090671439","2565190088","0.41759"
"2565190088","2090671439","0.41759"
"14001031","2108009586","0.51131"
"2108009586","14001031","0.51131"
"1575804582","2090671439","0.149733"
"2090671439","1575804582","0.149733"
"1575804582","2108009586","0.193211"
"2108009586","1575804582","0.193211"
"2013333366","2108009586","0.270134"
"2108009586","2013333366","0.270134"
"2022501110","2108009586","0.270134"
"2108009586","2022501110","0.270134"
"2078074167","2090671439","1.64973"
"2090671439","2078074167","1.64973"
"2078074167","2108009586","0.193211"
"2108009586","2078074167","0.193211"
"2090671439","2108009586","0.683066"
"2108009586","2090671439","0.683066"
"2090671439","2119493805","1.69091"
"2119493805","2090671439","1.69091"
"2090671439","2125140425","0.39259"
"2125140425","2090671439","0.39259"
"2090671439","2165240468","1.19091"
"2165240468","2090671439","1.19091"
"2103269600","2108009586","1.11131"
"2108009586","2103269600","1.11131"
"2108009586","2119493805","0.234387"
"2119493805","2108009586","0.234387"
"2108009586","2125140425","0.293211"
"2125140425","2108009586","0.293211"
"2108009586","2165240468","0.934387"
"2165240468","2108009586","0.934387"
"2108009586","2565190088","0.193211"
"2565190088","2108009586","0.193211"
"1575804582","2030433986","0.186335"
"2030433986","1575804582","0.186335"
"2030433986","2078074167","0.186335"
"2078074167","2030433986","0.186335"
"14001031","1990724681","0.125"
"1990724681","14001031","0.125"
"14001031","2065794276","0.125"
"2065794276","14001031","0.125"
"1990724681","1994152623","7.55049"
"1994152623","1990724681","7.55049"
"1990724681","2022501110","1.35049"
"2022501110","1990724681","1.35049"
"1990724681","2034518740","6.21716"
"2034518740","1990724681","6.21716"
"1990724681","2065794276","0.125"
"2065794276","1990724681","0.125"
"1990724681","2103269600","0.125"
"2103269600","1990724681","0.125"
"1990724681","2165240468","0.125"
"2165240468","1990724681","0.125"
"1990724681","2565190088","0.517157"
"2565190088","1990724681","0.517157"
"1994152623","2065794276","0.125"
"2065794276","1994152623","0.125"
"2022501110","2065794276","0.375"
"2065794276","2022501110","0.375"
"2034518740","2065794276","0.125"
"2065794276","2034518740","0.125"
"2065794276","2103269600","0.125"
"2103269600","2065794276","0.125"
"2065794276","2165240468","0.375"
"2165240468","2065794276","0.375"
"2065794276","2565190088","0.375"
"2565190088","2065794276","0.375"
"2004443904","2090671439","2.9"
"2090671439","2004443904","2.9"
"14001031","2048589614","0.7"
"2048589614","14001031","0.7"
"2048589614","2090671439","0.533333"
"2090671439","2048589614","0.533333"
"2048589614","2103269600","0.7"
"2103269600","2048589614","0.7"
"14001031","2613925147","0.0769231"
"2613925147","14001031","0.0769231"
"1984071573","2030433986","2.6204"
"2030433986","1984071573","2.6204"
"1984071573","2108009586","0.120401"
"2108009586","1984071573","0.120401"
"1984071573","2129955956","0.24359"
"2129955956","1984071573","0.24359"
"1984071573","2613925147","0.0769231"
"2613925147","1984071573","0.0769231"
"1994152623","2108009586","0.612558"
"2108009586","1994152623","0.612558"
"1994152623","2129955956","0.360747"
"2129955956","1994152623","0.360747"
"1994152623","2613925147","0.0769231"
"2613925147","1994152623","0.0769231"
"2004443904","2108009586","0.276923"
"2108009586","2004443904","0.276923"
"2004443904","2129955956","0.576923"
"2129955956","2004443904","0.576923"
"2004443904","2613925147","0.0769231"
"2613925147","2004443904","0.0769231"
"2013333366","2129955956","0.57027"
"2129955956","2013333366","0.57027"
"2013333366","2613925147","0.0769231"
"2613925147","2013333366","0.0769231"
"2022501110","2613925147","0.0769231"
"2613925147","2022501110","0.0769231"
"2030433986","2108009586","0.220401"
"2108009586","2030433986","0.220401"
"2030433986","2112130143","0.363258"
"2112130143","2030433986","0.363258"
"2030433986","2116581786","0.245401"
"2116581786","2030433986","0.245401"
"2030433986","2129955956","0.81978"
"2129955956","2030433986","0.81978"
"2030433986","2613925147","0.576923"
"2613925147","2030433986","0.576923"
"2034518740","2108009586","0.612558"
"2108009586","2034518740","0.612558"
"2034518740","2129955956","0.360747"
"2129955956","2034518740","0.360747"
"2034518740","2613925147","0.0769231"
"2613925147","2034518740","0.0769231"
"2103269600","2613925147","0.0769231"
"2613925147","2103269600","0.0769231"
"2108009586","2112130143","1.37922"
"2112130143","2108009586","1.37922"
"2108009586","2116581786","0.120401"
"2116581786","2108009586","0.120401"
"2108009586","2129955956","0.235747"
"2129955956","2108009586","0.235747"
"2108009586","2613925147","0.0769231"
"2613925147","2108009586","0.0769231"
"2112130143","2613925147","0.0769231"
"2613925147","2112130143","0.0769231"
"2116581786","2613925147","0.0769231"
"2613925147","2116581786","0.0769231"
"2129955956","2613925147","0.576923"
"2613925147","2129955956","0.576923"
"14001031","2139573884","0.245498"
"2139573884","14001031","0.245498"
"14001031","2142909274","0.134387"
"2142909274","14001031","0.134387"
"1984071573","2139573884","0.134387"
"2139573884","1984071573","0.134387"
"1984071573","2142909274","0.134387"
"2142909274","1984071573","0.134387"
"2004443904","2139573884","0.20202"
"2139573884","2004443904","0.20202"
"2004443904","2142909274","0.0909091"
"2142909274","2004443904","0.0909091"
"2013333366","2139573884","0.134387"
"2139573884","2013333366","0.134387"
"2013333366","2142909274","0.193211"
"2142909274","2013333366","0.193211"
"2022501110","2139573884","2.13439"
"2139573884","2022501110","2.13439"
"2022501110","2142909274","0.193211"
"2142909274","2022501110","0.193211"
"2103269600","2139573884","0.345498"
"2139573884","2103269600","0.345498"
"2103269600","2142909274","0.234387"
"2142909274","2103269600","0.234387"
"2112130143","2139573884","1.56772"
"2139573884","2112130143","1.56772"
"2112130143","2142909274","3.29321"
"2142909274","2112130143","3.29321"
"2116581786","2139573884","0.245498"
"2139573884","2116581786","0.245498"
"2116581786","2142909274","0.134387"
"2142909274","2116581786","0.134387"
"2139573884","2142909274","0.234387"
"2142909274","2139573884","0.234387"
"2139573884","2165240468","0.245498"
"2165240468","2139573884","0.245498"
"2139573884","2565190088","0.134387"
"2565190088","2139573884","0.134387"
"2142909274","2165240468","0.134387"
"2165240468","2142909274","0.134387"
"2142909274","2565190088","0.193211"
"2565190088","2142909274","0.193211"
"14001031","1987187649","0.236111"
"1987187649","14001031","0.236111"
"14001031","2000736347","0.154589"
"2000736347","14001031","0.154589"
"1575804582","1987187649","0.777778"
"1987187649","1575804582","0.777778"
"1575804582","2000736347","0.571256"
"2000736347","1575804582","0.571256"
"1575804582","2139573884","0.154589"
"2139573884","1575804582","0.154589"
"1987187649","2000736347","1.27778"
"2000736347","1987187649","1.27778"
"1987187649","2004443904","0.111111"
"2004443904","1987187649","0.111111"
"1987187649","2078074167","0.777778"
"2078074167","1987187649","0.777778"
"1987187649","2103269600","0.236111"
"2103269600","1987187649","0.236111"
"1987187649","2116581786","0.236111"
"2116581786","1987187649","0.236111"
"1987187649","2139573884","2.11111"
"2139573884","1987187649","2.11111"
"1987187649","2165240468","0.111111"
"2165240468","1987187649","0.111111"
"2000736347","2004443904","0.111111"
"2004443904","2000736347","0.111111"
"2000736347","2078074167","0.571256"
"2078074167","2000736347","0.571256"
"2000736347","2103269600","0.254589"
"2103269600","2000736347","0.254589"
"2000736347","2116581786","0.154589"
"2116581786","2000736347","0.154589"
"2000736347","2139573884","1.75459"
"2139573884","2000736347","1.75459"
"2000736347","2165240468","0.154589"
"2165240468","2000736347","0.154589"
"2078074167","2139573884","0.154589"
"2139573884","2078074167","0.154589"
"2030433986","2125140425","0.286335"
"2125140425","2030433986","0.286335"
"2090671439","2112130143","0.401681"
"2112130143","2090671439","0.401681"
"2090671439","2129955956","1.30168"
"2129955956","2090671439","1.30168"
"2129955956","2565190088","0.326681"
"2565190088","2129955956","0.326681"
"2004443904","2048589614","0.366667"
"2048589614","2004443904","0.366667"
"2022501110","2048589614","0.2"
"2048589614","2022501110","0.2"
"1987187649","1994152623","0.125"
"1994152623","1987187649","0.125"
"1987187649","2022501110","0.125"
"2022501110","1987187649","0.125"
"1987187649","2030433986","0.125"
"2030433986","1987187649","0.125"
"1987187649","2034518740","0.125"
"2034518740","1987187649","0.125"
"1987187649","2565190088","0.125"
"2565190088","1987187649","0.125"
"2030433986","2165240468","0.143478"
"2165240468","2030433986","0.143478"
"2125140425","2129955956","0.158824"
"2129955956","2125140425","0.158824"
"2129955956","2165240468","0.225"
"2165240468","2129955956","0.225"
"1984071573","2090671439","2.5"
"2090671439","1984071573","2.5"
"14001031","1512485814","0.0434783"
"1512485814","14001031","0.0434783"
"14001031","181629171","0.0434783"
"181629171","14001031","0.0434783"
"14001031","2059328667","0.0434783"
"2059328667","14001031","0.0434783"
"1512485814","1575804582","0.0434783"
"1575804582","1512485814","0.0434783"
"1512485814","181629171","0.0434783"
"181629171","1512485814","0.0434783"
"1512485814","1984071573","0.0434783"
"1984071573","1512485814","0.0434783"
"1512485814","1994152623","0.0434783"
"1994152623","1512485814","0.0434783"
"1512485814","2000736347","0.143478"
"2000736347","1512485814","0.143478"
"1512485814","2013333366","0.0434783"
"2013333366","1512485814","0.0434783"
"1512485814","2022501110","0.0434783"
"2022501110","1512485814","0.0434783"
"1512485814","2030433986","0.0434783"
"2030433986","1512485814","0.0434783"
"1512485814","2034518740","0.0434783"
"2034518740","1512485814","0.0434783"
"1512485814","2057006527","0.143478"
"2057006527","1512485814","0.143478"
"1512485814","2059328667","0.0434783"
"2059328667","1512485814","0.0434783"
"1512485814","2078074167","0.0434783"
"2078074167","1512485814","0.0434783"
"1512485814","2103269600","0.143478"
"2103269600","1512485814","0.143478"
"1512485814","2108009586","0.643478"
"2108009586","1512485814","0.643478"
"1512485814","2112130143","0.143478"
"2112130143","1512485814","0.143478"
"1512485814","2116581786","0.0434783"
"2116581786","1512485814","0.0434783"
"1512485814","2119493805","0.143478"
"2119493805","1512485814","0.143478"
"1512485814","2125140425","0.0434783"
"2125140425","1512485814","0.0434783"
"1512485814","2139573884","0.143478"
"2139573884","1512485814","0.143478"
"1512485814","2142909274","0.143478"
"2142909274","1512485814","0.143478"
"1512485814","2165240468","0.0434783"
"2165240468","1512485814","0.0434783"
"1512485814","2565190088","0.0434783"
"2565190088","1512485814","0.0434783"
"1575804582","181629171","0.435635"
"181629171","1575804582","0.435635"
"1575804582","2059328667","0.0434783"
"2059328667","1575804582","0.0434783"
"1575804582","2142909274","0.102302"
"2142909274","1575804582","0.102302"
"181629171","1984071573","0.0434783"
"1984071573","181629171","0.0434783"
"181629171","1994152623","0.102302"
"1994152623","181629171","0.102302"
"181629171","2000736347","0.0434783"
"2000736347","181629171","0.0434783"
"181629171","2013333366","0.102302"
"2013333366","181629171","0.102302"
"181629171","2022501110","0.102302"
"2022501110","181629171","0.102302"
"181629171","2030433986","0.0434783"
"2030433986","181629171","0.0434783"
"181629171","2034518740","0.102302"
"2034518740","181629171","0.102302"
"181629171","2057006527","0.102302"
"2057006527","181629171","0.102302"
"181629171","2059328667","0.0434783"
"2059328667","181629171","0.0434783"
"181629171","2078074167","0.102302"
"2078074167","181629171","0.102302"
"181629171","2103269600","0.0434783"
"2103269600","181629171","0.0434783"
"181629171","2108009586","0.102302"
"2108009586","181629171","0.102302"
"181629171","2112130143","0.102302"
"2112130143","181629171","0.102302"
"181629171","2116581786","0.0434783"
"2116581786","181629171","0.0434783"
"181629171","2119493805","9.37681"
"2119493805","181629171","9.37681"
"181629171","2125140425","1.1023"
"2125140425","181629171","1.1023"
"181629171","2139573884","0.543478"
"2139573884","181629171","0.543478"
"181629171","2142909274","0.102302"
"2142909274","181629171","0.102302"
"181629171","2165240468","0.543478"
"2165240468","181629171","0.543478"
"181629171","2565190088","0.102302"
"2565190088","181629171","0.102302"
"1984071573","2000736347","0.0434783"
"2000736347","1984071573","0.0434783"
"1984071573","2059328667","1.54348"
"2059328667","1984071573","1.54348"
"1994152623","2000736347","0.0434783"
"2000736347","1994152623","0.0434783"
"1994152623","2059328667","0.0434783"
"2059328667","1994152623","0.0434783"
"1994152623","2139573884","0.0434783"
"2139573884","1994152623","0.0434783"
"1994152623","2142909274","0.102302"
"2142909274","1994152623","0.102302"
"2000736347","2013333366","0.0434783"
"2013333366","2000736347","0.0434783"
"2000736347","2022501110","0.0434783"
"2022501110","2000736347","0.0434783"
"2000736347","2030433986","0.0434783"
"2030433986","2000736347","0.0434783"
"2000736347","2034518740","0.0434783"
"2034518740","2000736347","0.0434783"
"2000736347","2057006527","0.143478"
"2057006527","2000736347","0.143478"
"2000736347","2059328667","0.0434783"
"2059328667","2000736347","0.0434783"
"2000736347","2108009586","0.143478"
"2108009586","2000736347","0.143478"
"2000736347","2112130143","0.310145"
"2112130143","2000736347","0.310145"
"2000736347","2119493805","1.81014"
"2119493805","2000736347","1.81014"
"2000736347","2125140425","0.293478"
"2125140425","2000736347","0.293478"
"2000736347","2142909274","0.143478"
"2142909274","2000736347","0.143478"
"2000736347","2565190088","0.0434783"
"2565190088","2000736347","0.0434783"
"2013333366","2059328667","0.0434783"
"2059328667","2013333366","0.0434783"
"2022501110","2059328667","0.0434783"
"2059328667","2022501110","0.0434783"
"2030433986","2057006527","0.0434783"
"2057006527","2030433986","0.0434783"
"2030433986","2059328667","1.54348"
"2059328667","2030433986","1.54348"
"2030433986","2119493805","0.0434783"
"2119493805","2030433986","0.0434783"
"2030433986","2139573884","0.0434783"
"2139573884","2030433986","0.0434783"
"2030433986","2142909274","0.0434783"
"2142909274","2030433986","0.0434783"
"2034518740","2059328667","0.0434783"
"2059328667","2034518740","0.0434783"
"2034518740","2139573884","0.0434783"
"2139573884","2034518740","0.0434783"
"2034518740","2142909274","0.102302"
"2142909274","2034518740","0.102302"
"2057006527","2059328667","0.0434783"
"2059328667","2057006527","0.0434783"
"2057006527","2108009586","0.202302"
"2108009586","2057006527","0.202302"
"2057006527","2139573884","0.476812"
"2139573884","2057006527","0.476812"
"2057006527","2142909274","1.2023"
"2142909274","2057006527","1.2023"
"2059328667","2078074167","0.0434783"
"2078074167","2059328667","0.0434783"
"2059328667","2103269600","0.0434783"
"2103269600","2059328667","0.0434783"
"2059328667","2108009586","0.0434783"
"2108009586","2059328667","0.0434783"
"2059328667","2112130143","0.0434783"
"2112130143","2059328667","0.0434783"
"2059328667","2116581786","0.0434783"
"2116581786","2059328667","0.0434783"
"2059328667","2119493805","0.0434783"
"2119493805","2059328667","0.0434783"
"2059328667","2125140425","0.0434783"
"2125140425","2059328667","0.0434783"
"2059328667","2139573884","0.0434783"
"2139573884","2059328667","0.0434783"
"2059328667","2142909274","0.0434783"
"2142909274","2059328667","0.0434783"
"2059328667","2165240468","0.0434783"
"2165240468","2059328667","0.0434783"
"2059328667","2565190088","0.0434783"
"2565190088","2059328667","0.0434783"
"2078074167","2142909274","0.102302"
"2142909274","2078074167","0.102302"
"2108009586","2139573884","0.143478"
"2139573884","2108009586","0.143478"
"2108009586","2142909274","0.535635"
"2142909274","2108009586","0.535635"
"2119493805","2139573884","1.14348"
"2139573884","2119493805","1.14348"
"2119493805","2142909274","0.143478"
"2142909274","2119493805","0.143478"
"2125140425","2139573884","0.0434783"
"2139573884","2125140425","0.0434783"
"2125140425","2142909274","0.102302"
"2142909274","2125140425","0.102302"
"14001031","2296019723","0.2"
"2296019723","14001031","0.2"
"2004443904","2296019723","0.2"
"2296019723","2004443904","0.2"
"2103269600","2296019723","0.2"
"2296019723","2103269600","0.2"
"2108009586","2296019723","0.2"
"2296019723","2108009586","0.2"
"2165240468","2296019723","0.2"
"2296019723","2165240468","0.2"
"2048589614","2112130143","0.166667"
"2112130143","2048589614","0.166667"
"2048589614","2165240468","0.166667"
"2165240468","2048589614","0.166667"
"2048589614","2171776999","0.166667"
"2171776999","2048589614","0.166667"
"1512485814","1990724681","0.5"
"1990724681","1512485814","0.5"
"1990724681","2108009586","0.892157"
"2108009586","1990724681","0.892157"
"1512485814","2090671439","0.1"
"2090671439","1512485814","0.1"
"1512485814","2171776999","0.1"
"2171776999","1512485814","0.1"
"2000736347","2090671439","0.1"
"2090671439","2000736347","0.1"
"2000736347","2171776999","0.266667"
"2171776999","2000736347","0.266667"
"2057006527","2090671439","0.658824"
"2090671439","2057006527","0.658824"
"2090671439","2139573884","0.1"
"2139573884","2090671439","0.1"
"2090671439","2142909274","0.492157"
"2142909274","2090671439","0.492157"
"2090671439","2171776999","0.158824"
"2171776999","2090671439","0.158824"
"2108009586","2171776999","0.158824"
"2171776999","2108009586","0.158824"
"2139573884","2171776999","1.43333"
"2171776999","2139573884","1.43333"
"2142909274","2171776999","0.158824"
"2171776999","2142909274","0.158824"
"1575804582","2065794276","0.583333"
"2065794276","1575804582","0.583333"
"2000736347","2065794276","1.25"
"2065794276","2000736347","1.25"
"2065794276","2078074167","1.25"
"2078074167","2065794276","1.25"
"2065794276","2125140425","0.25"
"2125140425","2065794276","0.25"
"1575804582","1881734169","0.392157"
"1881734169","1575804582","0.392157"
"1881734169","1994152623","1.50882"
"1994152623","1881734169","1.50882"
"1881734169","2078074167","0.892157"
"2078074167","1881734169","0.892157"
"1575804582","2129955956","0.183824"
"2129955956","1575804582","0.183824"
"2078074167","2129955956","0.183824"
"2129955956","2078074167","0.183824"
"1575804582","1990724681","0.0588235"
"1990724681","1575804582","0.0588235"
"181629171","1881734169","0.0588235"
"1881734169","181629171","0.0588235"
"181629171","1990724681","0.0588235"
"1990724681","181629171","0.0588235"
"181629171","2090671439","0.0588235"
"2090671439","181629171","0.0588235"
"181629171","2129955956","0.0588235"
"2129955956","181629171","0.0588235"
"181629171","2171776999","0.0588235"
"2171776999","181629171","0.0588235"
"1881734169","1990724681","1.92549"
"1990724681","1881734169","1.92549"
"1881734169","2013333366","0.0588235"
"2013333366","1881734169","0.0588235"
"1881734169","2022501110","0.0588235"
"2022501110","1881734169","0.0588235"
"1881734169","2034518740","0.842157"
"2034518740","1881734169","0.842157"
"1881734169","2057006527","0.0588235"
"2057006527","1881734169","0.0588235"
"1881734169","2090671439","1.00882"
"2090671439","1881734169","1.00882"
"1881734169","2108009586","0.0588235"
"2108009586","1881734169","0.0588235"
"1881734169","2112130143","0.0588235"
"2112130143","1881734169","0.0588235"
"1881734169","2125140425","1.55882"
"2125140425","1881734169","1.55882"
"1881734169","2129955956","0.0588235"
"2129955956","1881734169","0.0588235"
"1881734169","2142909274","0.0588235"
"2142909274","1881734169","0.0588235"
"1881734169","2171776999","0.0588235"
"2171776999","1881734169","0.0588235"
"1881734169","2565190088","0.392157"
"2565190088","1881734169","0.392157"
"1990724681","2013333366","0.0588235"
"2013333366","1990724681","0.0588235"
"1990724681","2057006527","0.0588235"
"2057006527","1990724681","0.0588235"
"1990724681","2078074167","0.0588235"
"2078074167","1990724681","0.0588235"
"1990724681","2090671439","2.25882"
"2090671439","1990724681","2.25882"
"1990724681","2112130143","0.0588235"
"2112130143","1990724681","0.0588235"
"1990724681","2125140425","0.0588235"
"2125140425","1990724681","0.0588235"
"1990724681","2129955956","0.558824"
"2129955956","1990724681","0.558824"
"1990724681","2142909274","0.0588235"
"2142909274","1990724681","0.0588235"
"1990724681","2171776999","0.0588235"
"2171776999","1990724681","0.0588235"
"2057006527","2129955956","0.0588235"
"2129955956","2057006527","0.0588235"
"2129955956","2142909274","0.0588235"
"2142909274","2129955956","0.0588235"
"2129955956","2171776999","0.0588235"
"2171776999","2129955956","0.0588235"
"1987187649","2112130143","0.166667"
"2112130143","1987187649","0.166667"
"1987187649","2119493805","0.166667"
"2119493805","1987187649","0.166667"
"1987187649","2171776999","0.166667"
"2171776999","1987187649","0.166667"
"181629171","2065794276","0.333333"
"2065794276","181629171","0.333333"
"2065794276","2119493805","0.333333"
"2119493805","2065794276","0.333333"
"1881734169","2119493805","0.5"
"2119493805","1881734169","0.5"
"1881734169","2030433986","0.45"
"2030433986","1881734169","0.45"
"1990724681","2030433986","0.2"
"2030433986","1990724681","0.2"
"1984071573","1990724681","0.5"
"1990724681","1984071573","0.5"
"1990724681","2004443904","1.5"
"2004443904","1990724681","1.5"
"1984071573","2547646153","0.5"
"2547646153","1984071573","0.5"
"1984071573","2759385412","0.5"
"2759385412","1984071573","0.5"
"2547646153","2759385412","10.75"
"2759385412","2547646153","10.75"
"2000736347","2021392799","0.333333"
"2021392799","2000736347","0.333333"
"2000736347","2093220592","0.333333"
"2093220592","2000736347","0.333333"
"2000736347","2126086366","0.333333"
"2126086366","2000736347","0.333333"
"2021392799","2093220592","2.33333"
"2093220592","2021392799","2.33333"
"2021392799","2126086366","3.33333"
"2126086366","2021392799","3.33333"
"2093220592","2126086366","9.33333"
"2126086366","2093220592","9.33333"
"2013333366","2065794276","0.25"
"2065794276","2013333366","0.25"
"2022501110","2144158804","0.333333"
"2144158804","2022501110","0.333333"
"2022501110","2940854948","0.333333"
"2940854948","2022501110","0.333333"
"2125140425","2144158804","0.333333"
"2144158804","2125140425","0.333333"
"2125140425","2940854948","0.333333"
"2940854948","2125140425","0.333333"
"2144158804","2940854948","0.333333"
"2940854948","2144158804","0.333333"
"2048589614","2063551752","2.83333"
"2063551752","2048589614","2.83333"
"2048589614","2106211610","4.83333"
"2106211610","2048589614","4.83333"
"2063551752","2106211610","17.8333"
"2106211610","2063551752","17.8333"
"2048589614","2116581786","0.333333"
"2116581786","2048589614","0.333333"
"2063551752","2116581786","0.333333"
"2116581786","2063551752","0.333333"
"2106211610","2116581786","0.333333"
"2116581786","2106211610","0.333333"
"2073068515","2443200919","2.83333"
"2443200919","2073068515","2.83333"
"2073068515","2612925715","11.0333"
"2612925715","2073068515","11.0333"
"2443200919","2612925715","7.66667"
"2612925715","2443200919","7.66667"
"2073068515","2163390528","1"
"2163390528","2073068515","1"
"2073068515","2152124886","7.78333"
"2152124886","2073068515","7.78333"
"2073068515","2578777894","3.95"
"2578777894","2073068515","3.95"
"2073068515","2585226541","5.2"
"2585226541","2073068515","5.2"
"2073068515","2743544093","3.2"
"2743544093","2073068515","3.2"
"2152124886","2578777894","1.7"
"2578777894","2152124886","1.7"
"2152124886","2585226541","2.28333"
"2585226541","2152124886","2.28333"
"2152124886","2612925715","6.28333"
"2612925715","2152124886","6.28333"
"2152124886","2743544093","1.95"
"2743544093","2152124886","1.95"
"2578777894","2585226541","9.2"
"2585226541","2578777894","9.2"
"2578777894","2612925715","9.28333"
"2612925715","2578777894","9.28333"
"2578777894","2743544093","5.2"
"2743544093","2578777894","5.2"
"2585226541","2612925715","19.5333"
"2612925715","2585226541","19.5333"
"2585226541","2743544093","5.2"
"2743544093","2585226541","5.2"
"2612925715","2743544093","4.2"
"2743544093","2612925715","4.2"
"2152124886","2443200919","2"
"2443200919","2152124886","2"
"2443200919","2578777894","2.41667"
"2578777894","2443200919","2.41667"
"2443200919","2585226541","2.33333"
"2585226541","2443200919","2.33333"
"2443200919","2743544093","1.75"
"2743544093","2443200919","1.75"
"2076138883","2296019723","2"
"2296019723","2076138883","2"
"2076138883","2959774563","2.33333"
"2959774563","2076138883","2.33333"
"2076138883","2245008112","1"
"2245008112","2076138883","1"
"2076138883","2940854948","0.333333"
"2940854948","2076138883","0.333333"
"2076138883","2962788915","0.333333"
"2962788915","2076138883","0.333333"
"2940854948","2959774563","2.51667"
"2959774563","2940854948","2.51667"
"2940854948","2962788915","175.767"
"2962788915","2940854948","175.767"
"2959774563","2962788915","2.85"
"2962788915","2959774563","2.85"
"2076138883","2613925147","1"
"2613925147","2076138883","1"
"2086372764","2152124886","1"
"2152124886","2086372764","1"
"2090671439","2144158804","1.33333"
"2144158804","2090671439","1.33333"
"2108009586","2144158804","1.33333"
"2144158804","2108009586","1.33333"
"2142909274","2144158804","2.33333"
"2144158804","2142909274","2.33333"
"2090671439","2443659009","1"
"2443659009","2090671439","1"
"2103269600","2578777894","0.25"
"2578777894","2103269600","0.25"
"2103269600","2585226541","0.25"
"2585226541","2103269600","0.25"
"2112130143","2578777894","0.25"
"2578777894","2112130143","0.25"
"2112130143","2585226541","0.25"
"2585226541","2112130143","0.25"
"2165240468","2578777894","0.25"
"2578777894","2165240468","0.25"
"2165240468","2585226541","0.25"
"2585226541","2165240468","0.25"
"2119493805","2144158804","4"
"2144158804","2119493805","4"
"2154875162","2245008112","1"
"2245008112","2154875162","1"
"2154875162","2622672763","11"
"2622672763","2154875162","11"
"2245008112","2622672763","1.5"
"2622672763","2245008112","1.5"
"2154875162","2613925147","0.5"
"2613925147","2154875162","0.5"
"2613925147","2622672763","0.5"
"2622672763","2613925147","0.5"
"2154875162","2759385412","0.5"
"2759385412","2154875162","0.5"
"2622672763","2759385412","1"
"2759385412","2622672763","1"
"2245008112","2296019723","1"
"2296019723","2245008112","1"
"2245008112","2759385412","0.5"
"2759385412","2245008112","0.5"
"2443659009","2594188495","0.2"
"2594188495","2443659009","0.2"
"2443659009","2898315966","0.2"
"2898315966","2443659009","0.2"
"2443659009","2940854948","0.2"
"2940854948","2443659009","0.2"
"2443659009","2959774563","0.2"
"2959774563","2443659009","0.2"
"2443659009","2962788915","0.2"
"2962788915","2443659009","0.2"
"2594188495","2898315966","0.65"
"2898315966","2594188495","0.65"
"2594188495","2940854948","5.73333"
"2940854948","2594188495","5.73333"
"2594188495","2959774563","0.65"
"2959774563","2594188495","0.65"
