"1487646593","1572467507","2.19286"
"1572467507","1487646593","2.19286"
"1487646593","1582599909","2.57619"
"1582599909","1487646593","2.57619"
"1487646593","1782388649","2.19286"
"1782388649","1487646593","2.19286"
"1487646593","1995532290","8.77619"
"1995532290","1487646593","8.77619"
"1487646593","2103533662","3.52619"
"2103533662","1487646593","3.52619"
"1572467507","1582599909","0.742857"
"1582599909","1572467507","0.742857"
"1572467507","1782388649","6.10952"
"1782388649","1572467507","6.10952"
"1572467507","1995532290","1.19286"
"1995532290","1572467507","1.19286"
"1572467507","2103533662","5.35952"
"2103533662","1572467507","5.35952"
"1582599909","1782388649","0.742857"
"1782388649","1582599909","0.742857"
"1582599909","1995532290","4.57619"
"1995532290","1582599909","4.57619"
"1582599909","2103533662","1.07619"
"2103533662","1582599909","1.07619"
"1782388649","1995532290","0.942857"
"1995532290","1782388649","0.942857"
"1782388649","2103533662","6.10952"
"2103533662","1782388649","6.10952"
"1995532290","2103533662","1.52619"
"2103533662","1995532290","1.52619"
"1487646593","2108464397","0.592857"
"2108464397","1487646593","0.592857"
"1572467507","2108464397","1.75952"
"2108464397","1572467507","1.75952"
"1782388649","2108464397","1.50952"
"2108464397","1782388649","1.50952"
"1995532290","2108464397","0.592857"
"2108464397","1995532290","0.592857"
"2103533662","2108464397","1.75952"
"2108464397","2103533662","1.75952"
"1487646593","1812561526","0.142857"
"1812561526","1487646593","0.142857"
"1572467507","1812561526","0.642857"
"1812561526","1572467507","0.642857"
"1582599909","1812561526","0.142857"
"1812561526","1582599909","0.142857"
"1582599909","2108464397","0.142857"
"2108464397","1582599909","0.142857"
"1782388649","1812561526","0.392857"
"1812561526","1782388649","0.392857"
"1812561526","1995532290","0.392857"
"1995532290","1812561526","0.392857"
"1812561526","2103533662","0.642857"
"2103533662","1812561526","0.642857"
"1812561526","2108464397","13.6429"
"2108464397","1812561526","13.6429"
"1562318619","2009766335","0.25"
"2009766335","1562318619","0.25"
"1562318619","2079995851","0.25"
"2079995851","1562318619","0.25"
"1562318619","2089737197","1.75"
"2089737197","1562318619","1.75"
"1562318619","2126845405","0.25"
"2126845405","1562318619","0.25"
"2009766335","2079995851","0.25"
"2079995851","2009766335","0.25"
"2009766335","2089737197","0.75"
"2089737197","2009766335","0.75"
"2009766335","2126845405","5.75"
"2126845405","2009766335","5.75"
"2079995851","2089737197","0.25"
"2089737197","2079995851","0.25"
"2079995851","2126845405","0.25"
"2126845405","2079995851","0.25"
"2089737197","2126845405","0.75"
"2126845405","2089737197","0.75"
"1562318619","2103533662","2"
"2103533662","1562318619","2"
"1562318619","2142375316","0.5"
"2142375316","1562318619","0.5"
"2089737197","2142375316","4.5"
"2142375316","2089737197","4.5"
"1562412851","1600163358","3"
"1600163358","1562412851","3"
"1994441352","2009766335","1"
"2009766335","1994441352","1"
"2051469853","82592281","8.5"
"82592281","2051469853","8.5"
"2051469853","26361778","1.83333"
"26361778","2051469853","1.83333"
"2051469853","2756936471","1.83333"
"2756936471","2051469853","1.83333"
"26361778","2756936471","15.8333"
"2756936471","26361778","15.8333"
"2051469853","2294804133","1.16667"
"2294804133","2051469853","1.16667"
"2294804133","82592281","1.16667"
"82592281","2294804133","1.16667"
"26361778","82592281","0.333333"
"82592281","26361778","0.333333"
"2756936471","82592281","0.333333"
"82592281","2756936471","0.333333"
"2051469853","2079995851","3.66667"
"2079995851","2051469853","3.66667"
"2079995851","82592281","3.66667"
"82592281","2079995851","3.66667"
"2079995851","2294804133","9.66667"
"2294804133","2079995851","9.66667"
"2079995851","2593994061","1"
"2593994061","2079995851","1"
"2093325206","2152204876","5"
"2152204876","2093325206","5"
"2152204876","2303197878","2"
"2303197878","2152204876","2"
