"129500343","1489209457","0.642857"
"1489209457","129500343","0.642857"
"129500343","1597198211","0.642857"
"1597198211","129500343","0.642857"
"129500343","2125255027","0.642857"
"2125255027","129500343","0.642857"
"129500343","2168516586","0.25"
"2168516586","129500343","0.25"
"1489209457","1597198211","1.11264"
"1597198211","1489209457","1.11264"
"1489209457","2125255027","6.38571"
"2125255027","1489209457","6.38571"
"1489209457","2168516586","0.25"
"2168516586","1489209457","0.25"
"1597198211","2125255027","0.785714"
"2125255027","1597198211","0.785714"
"1597198211","2168516586","2.71786"
"2168516586","1597198211","2.71786"
"2125255027","2168516586","0.25"
"2168516586","2125255027","0.25"
"129500343","2031513076","0.392857"
"2031513076","129500343","0.392857"
"1489209457","2031513076","1.05952"
"2031513076","1489209457","1.05952"
"1597198211","2031513076","4.41071"
"2031513076","1597198211","4.41071"
"2031513076","2125255027","1.05952"
"2125255027","2031513076","1.05952"
"129500343","1973091471","1"
"1973091471","129500343","1"
"129500343","1570347237","0.142857"
"1570347237","129500343","0.142857"
"129500343","2102301806","0.142857"
"2102301806","129500343","0.142857"
"129500343","2145068111","0.142857"
"2145068111","129500343","0.142857"
"1489209457","1570347237","0.142857"
"1570347237","1489209457","0.142857"
"1489209457","2102301806","0.142857"
"2102301806","1489209457","0.142857"
"1489209457","2145068111","0.535714"
"2145068111","1489209457","0.535714"
"1570347237","1597198211","2.66071"
"1597198211","1570347237","2.66071"
"1570347237","2031513076","3.94405"
"2031513076","1570347237","3.94405"
"1570347237","2102301806","1.11071"
"2102301806","1570347237","1.11071"
"1570347237","2125255027","0.142857"
"2125255027","1570347237","0.142857"
"1570347237","2145068111","0.142857"
"2145068111","1570347237","0.142857"
"1597198211","2102301806","0.660714"
"2102301806","1597198211","0.660714"
"1597198211","2145068111","1.60238"
"2145068111","1597198211","1.60238"
"2031513076","2102301806","1.11071"
"2102301806","2031513076","1.11071"
"2031513076","2145068111","0.47619"
"2145068111","2031513076","0.47619"
"2102301806","2125255027","0.142857"
"2125255027","2102301806","0.142857"
"2102301806","2145068111","0.142857"
"2145068111","2102301806","0.142857"
"2125255027","2145068111","0.285714"
"2145068111","2125255027","0.285714"
"1489209457","2165837485","4.26667"
"2165837485","1489209457","4.26667"
"1489209457","2007480453","0.803114"
"2007480453","1489209457","0.803114"
"1489209457","2070671075","0.753114"
"2070671075","1489209457","0.753114"
"1489209457","2136004208","0.66978"
"2136004208","1489209457","0.66978"
"1489209457","2137536766","1.36905"
"2137536766","1489209457","1.36905"
"1489209457","2229210344","0.61978"
"2229210344","1489209457","0.61978"
"1489209457","2282064467","2.00311"
"2282064467","1489209457","2.00311"
"1489209457","2418746179","0.142857"
"2418746179","1489209457","0.142857"
"2007480453","2070671075","0.644023"
"2070671075","2007480453","0.644023"
"2007480453","2136004208","2.01069"
"2136004208","2007480453","2.01069"
"2007480453","2137536766","0.483766"
"2137536766","2007480453","0.483766"
"2007480453","2229210344","0.310689"
"2229210344","2007480453","0.310689"
"2007480453","2282064467","10.344"
"2282064467","2007480453","10.344"
"2007480453","2418746179","0.233766"
"2418746179","2007480453","0.233766"
"2070671075","2136004208","0.310689"
"2136004208","2070671075","0.310689"
"2070671075","2137536766","0.233766"
"2137536766","2070671075","0.233766"
"2070671075","2229210344","0.510689"
"2229210344","2070671075","0.510689"
"2070671075","2282064467","2.20355"
"2282064467","2070671075","2.20355"
"2070671075","2418746179","3.37662"
"2418746179","2070671075","3.37662"
"2136004208","2137536766","0.483766"
"2137536766","2136004208","0.483766"
"2136004208","2229210344","0.310689"
"2229210344","2136004208","0.310689"
"2136004208","2282064467","6.54402"
"2282064467","2136004208","6.54402"
"2136004208","2418746179","0.233766"
"2418746179","2136004208","0.233766"
"2137536766","2229210344","0.233766"
"2229210344","2137536766","0.233766"
"2137536766","2282064467","0.483766"
"2282064467","2137536766","0.483766"
"2137536766","2418746179","0.233766"
"2418746179","2137536766","0.233766"
"2229210344","2282064467","1.81069"
"2282064467","2229210344","1.81069"
"2229210344","2418746179","0.233766"
"2418746179","2229210344","0.233766"
"2282064467","2418746179","0.709957"
"2418746179","2282064467","0.709957"
"1489209457","2623691391","1"
"2623691391","1489209457","1"
"1489209457","2167289038","0.5"
"2167289038","1489209457","0.5"
"2125255027","2167289038","0.5"
"2167289038","2125255027","0.5"
"1489209457","1928767549","0.0769231"
"1928767549","1489209457","0.0769231"
"1489209457","2016718049","2.27692"
"2016718049","1489209457","2.27692"
"1489209457","2041434705","1.22692"
"2041434705","1489209457","1.22692"
"1489209457","2049398436","0.276923"
"2049398436","1489209457","0.276923"
"1489209457","2063191638","0.410256"
"2063191638","1489209457","0.410256"
"1489209457","2159157420","0.0769231"
"2159157420","1489209457","0.0769231"
"1489209457","2766684638","0.0769231"
"2766684638","1489209457","0.0769231"
"1597198211","1928767549","0.0769231"
"1928767549","1597198211","0.0769231"
"1597198211","2007480453","0.0769231"
"2007480453","1597198211","0.0769231"
"1597198211","2016718049","0.0769231"
"2016718049","1597198211","0.0769231"
"1597198211","2041434705","0.326923"
"2041434705","1597198211","0.326923"
"1597198211","2049398436","0.0769231"
"2049398436","1597198211","0.0769231"
"1597198211","2063191638","0.0769231"
"2063191638","1597198211","0.0769231"
"1597198211","2070671075","0.0769231"
"2070671075","1597198211","0.0769231"
"1597198211","2136004208","0.0769231"
"2136004208","1597198211","0.0769231"
"1597198211","2159157420","0.0769231"
"2159157420","1597198211","0.0769231"
"1597198211","2229210344","0.0769231"
"2229210344","1597198211","0.0769231"
"1597198211","2282064467","0.0769231"
"2282064467","1597198211","0.0769231"
"1597198211","2766684638","0.0769231"
"2766684638","1597198211","0.0769231"
"1928767549","2007480453","0.0769231"
"2007480453","1928767549","0.0769231"
"1928767549","2016718049","0.0769231"
"2016718049","1928767549","0.0769231"
"1928767549","2041434705","0.0769231"
"2041434705","1928767549","0.0769231"
"1928767549","2049398436","0.0769231"
"2049398436","1928767549","0.0769231"
"1928767549","2063191638","0.660256"
"2063191638","1928767549","0.660256"
"1928767549","2070671075","0.96978"
"2070671075","1928767549","0.96978"
"1928767549","2136004208","0.0769231"
"2136004208","1928767549","0.0769231"
"1928767549","2159157420","0.0769231"
"2159157420","1928767549","0.0769231"
"1928767549","2229210344","0.0769231"
"2229210344","1928767549","0.0769231"
"1928767549","2282064467","1.30311"
"2282064467","1928767549","1.30311"
"1928767549","2766684638","0.21978"
"2766684638","1928767549","0.21978"
"2007480453","2016718049","0.367832"
"2016718049","2007480453","0.367832"
"2007480453","2041434705","0.167832"
"2041434705","2007480453","0.167832"
"2007480453","2049398436","0.167832"
"2049398436","2007480453","0.167832"
"2007480453","2063191638","0.276923"
"2063191638","2007480453","0.276923"
"2007480453","2159157420","0.0769231"
"2159157420","2007480453","0.0769231"
"2007480453","2766684638","0.826923"
"2766684638","2007480453","0.826923"
"2016718049","2041434705","0.167832"
"2041434705","2016718049","0.167832"
"2016718049","2049398436","0.867832"
"2049398436","2016718049","0.867832"
"2016718049","2063191638","0.276923"
"2063191638","2016718049","0.276923"
"2016718049","2070671075","0.167832"
"2070671075","2016718049","0.167832"
"2016718049","2136004208","0.367832"
"2136004208","2016718049","0.367832"
"2016718049","2159157420","0.0769231"
"2159157420","2016718049","0.0769231"
"2016718049","2229210344","0.867832"
"2229210344","2016718049","0.867832"
"2016718049","2282064467","0.367832"
"2282064467","2016718049","0.367832"
"2016718049","2766684638","0.576923"
"2766684638","2016718049","0.576923"
"2041434705","2049398436","0.167832"
"2049398436","2041434705","0.167832"
"2041434705","2063191638","0.410256"
"2063191638","2041434705","0.410256"
"2041434705","2070671075","1.20117"
"2070671075","2041434705","1.20117"
"2041434705","2136004208","1.70117"
"2136004208","2041434705","1.70117"
"2041434705","2159157420","0.0769231"
"2159157420","2041434705","0.0769231"
"2041434705","2229210344","0.867832"
"2229210344","2041434705","0.867832"
"2041434705","2282064467","3.5345"
"2282064467","2041434705","3.5345"
"2041434705","2766684638","0.576923"
"2766684638","2041434705","0.576923"
"2049398436","2063191638","0.0769231"
"2063191638","2049398436","0.0769231"
"2049398436","2070671075","0.167832"
"2070671075","2049398436","0.167832"
"2049398436","2136004208","0.167832"
"2136004208","2049398436","0.167832"
"2049398436","2159157420","0.0769231"
"2159157420","2049398436","0.0769231"
"2049398436","2229210344","5.36783"
"2229210344","2049398436","5.36783"
"2049398436","2282064467","0.167832"
"2282064467","2049398436","0.167832"
"2049398436","2766684638","0.0769231"
"2766684638","2049398436","0.0769231"
"2063191638","2070671075","0.660256"
"2070671075","2063191638","0.660256"
"2063191638","2136004208","0.276923"
"2136004208","2063191638","0.276923"
"2063191638","2159157420","0.0769231"
"2159157420","2063191638","0.0769231"
"2063191638","2229210344","0.0769231"
"2229210344","2063191638","0.0769231"
"2063191638","2282064467","1.19359"
"2282064467","2063191638","1.19359"
"2063191638","2766684638","0.0769231"
"2766684638","2063191638","0.0769231"
"2070671075","2159157420","0.0769231"
"2159157420","2070671075","0.0769231"
"2070671075","2766684638","1.05311"
"2766684638","2070671075","1.05311"
"2136004208","2159157420","0.0769231"
"2159157420","2136004208","0.0769231"
"2136004208","2766684638","0.326923"
"2766684638","2136004208","0.326923"
"2159157420","2229210344","0.0769231"
"2229210344","2159157420","0.0769231"
"2159157420","2282064467","0.0769231"
"2282064467","2159157420","0.0769231"
"2159157420","2766684638","0.0769231"
"2766684638","2159157420","0.0769231"
"2229210344","2766684638","0.0769231"
"2766684638","2229210344","0.0769231"
"2282064467","2766684638","1.13645"
"2766684638","2282064467","1.13645"
"1489209457","1597255254","2.22619"
"1597255254","1489209457","2.22619"
"1489209457","2128545195","0.309524"
"2128545195","1489209457","0.309524"
"1489209457","76437801","0.559524"
"76437801","1489209457","0.559524"
"1597198211","1597255254","1.58452"
"1597255254","1597198211","1.58452"
"1597198211","2128545195","0.342857"
"2128545195","1597198211","0.342857"
"1597198211","2137536766","2.10119"
"2137536766","1597198211","2.10119"
"1597198211","76437801","2.16786"
"76437801","1597198211","2.16786"
"1597255254","2125255027","1.14286"
"2125255027","1597255254","1.14286"
"1597255254","2128545195","2.63452"
"2128545195","1597255254","2.63452"
"1597255254","2137536766","0.934524"
"2137536766","1597255254","0.934524"
"1597255254","2145068111","2.33452"
"2145068111","1597255254","2.33452"
"1597255254","76437801","3.95952"
"76437801","1597255254","3.95952"
"2125255027","2128545195","0.309524"
"2128545195","2125255027","0.309524"
"2125255027","2137536766","0.142857"
"2137536766","2125255027","0.142857"
"2125255027","76437801","0.809524"
"76437801","2125255027","0.809524"
"2128545195","2137536766","0.142857"
"2137536766","2128545195","0.142857"
"2128545195","2145068111","0.467857"
"2145068111","2128545195","0.467857"
"2128545195","76437801","0.634524"
"76437801","2128545195","0.634524"
"2137536766","2145068111","0.47619"
"2145068111","2137536766","0.47619"
"2137536766","76437801","0.934524"
"76437801","2137536766","0.934524"
"2145068111","76437801","5.25119"
"76437801","2145068111","5.25119"
"1597255254","2031513076","0.291667"
"2031513076","1597255254","0.291667"
"1597255254","2165837485","0.166667"
"2165837485","1597255254","0.166667"
"2031513076","2128545195","0.166667"
"2128545195","2031513076","0.166667"
"2031513076","2165837485","0.166667"
"2165837485","2031513076","0.166667"
"2031513076","76437801","1.875"
"76437801","2031513076","1.875"
"2125255027","2165837485","2.26667"
"2165837485","2125255027","2.26667"
"2128545195","2165837485","0.166667"
"2165837485","2128545195","0.166667"
"2165837485","76437801","1.66667"
"76437801","2165837485","1.66667"
"2041434705","2125255027","0.4"
"2125255027","2041434705","0.4"
"2041434705","2165837485","0.733333"
"2165837485","2041434705","0.733333"
"2070671075","2125255027","0.2"
"2125255027","2070671075","0.2"
"2070671075","2165837485","0.2"
"2165837485","2070671075","0.2"
"2125255027","2229210344","0.4"
"2229210344","2125255027","0.4"
"2165837485","2229210344","0.9"
"2229210344","2165837485","0.9"
"2137536766","2165837485","0.5"
"2165837485","2137536766","0.5"
"2016718049","2125255027","0.2"
"2125255027","2016718049","0.2"
"2016718049","2165837485","1.7"
"2165837485","2016718049","1.7"
"2049398436","2125255027","0.2"
"2125255027","2049398436","0.2"
"2049398436","2165837485","0.2"
"2165837485","2049398436","0.2"
"1489209457","1775149738","0.25"
"1775149738","1489209457","0.25"
"1489209457","2028449423","0.5"
"2028449423","1489209457","0.5"
"1775149738","2028449423","0.5"
"2028449423","1775149738","0.5"
"1775149738","2145068111","0.5"
"2145068111","1775149738","0.5"
"1775149738","76437801","0.25"
"76437801","1775149738","0.25"
"2028449423","2145068111","1.2"
"2145068111","2028449423","1.2"
"2028449423","76437801","0.45"
"76437801","2028449423","0.45"
"1597198211","2028449423","0.7"
"2028449423","1597198211","0.7"
"1597255254","2028449423","0.95"
"2028449423","1597255254","0.95"
"1597255254","2041434705","0.75"
"2041434705","1597255254","0.75"
"2028449423","2041434705","0.25"
"2041434705","2028449423","0.25"
"1597255254","2063191638","0.533333"
"2063191638","1597255254","0.533333"
"2063191638","2137536766","0.333333"
"2137536766","2063191638","0.333333"
"1489209457","2750816680","0.333333"
"2750816680","1489209457","0.333333"
"1597255254","2750816680","0.458333"
"2750816680","1597255254","0.458333"
"2125255027","2750816680","0.333333"
"2750816680","2125255027","0.333333"
"2125255027","2136004208","0.2"
"2136004208","2125255027","0.2"
"2125255027","2282064467","0.2"
"2282064467","2125255027","0.2"
"2136004208","2165837485","0.533333"
"2165837485","2136004208","0.533333"
"2165837485","2282064467","0.533333"
"2282064467","2165837485","0.533333"
"1501197004","2031513076","6.59286"
"2031513076","1501197004","6.59286"
"1501197004","2137536766","1.33333"
"2137536766","1501197004","1.33333"
"1501197004","2296573204","1.17619"
"2296573204","1501197004","1.17619"
"2031513076","2137536766","1.45833"
"2137536766","2031513076","1.45833"
"2031513076","2296573204","1.17619"
"2296573204","2031513076","1.17619"
"2137536766","2296573204","0.333333"
"2296573204","2137536766","0.333333"
"1501197004","1570347237","2.67619"
"1570347237","1501197004","2.67619"
"1501197004","1597198211","0.892857"
"1597198211","1501197004","0.892857"
"1501197004","2102301806","0.842857"
"2102301806","1501197004","0.842857"
"1570347237","2296573204","1.59286"
"2296573204","1570347237","1.59286"
"1597198211","2296573204","3.14286"
"2296573204","1597198211","3.14286"
"1501197004","2016718049","0.5"
"2016718049","1501197004","0.5"
"2016718049","2031513076","0.5"
"2031513076","2016718049","0.5"
"1501197004","1503896895","0.333333"
"1503896895","1501197004","0.333333"
"1503896895","1570347237","1.58333"
"1570347237","1503896895","1.58333"
"1503896895","2031513076","0.333333"
"2031513076","1503896895","0.333333"
"1501197004","76437801","1.58333"
"76437801","1501197004","1.58333"
"1570347237","2137536766","0.375"
"2137536766","1570347237","0.375"
"2102301806","2137536766","0.375"
"2137536766","2102301806","0.375"
"1501197004","1528527048","0.592857"
"1528527048","1501197004","0.592857"
"1501197004","2168516586","0.142857"
"2168516586","1501197004","0.142857"
"1528527048","1570347237","0.842857"
"1570347237","1528527048","0.842857"
"1528527048","1597198211","1.89286"
"1597198211","1528527048","1.89286"
"1528527048","2031513076","0.592857"
"2031513076","1528527048","0.592857"
"1528527048","2102301806","0.342857"
"2102301806","1528527048","0.342857"
"1528527048","2168516586","0.47619"
"2168516586","1528527048","0.47619"
"1528527048","2296573204","8.17619"
"2296573204","1528527048","8.17619"
"1570347237","2168516586","1.76786"
"2168516586","1570347237","1.76786"
"2031513076","2168516586","1.26786"
"2168516586","2031513076","1.26786"
"2102301806","2168516586","0.267857"
"2168516586","2102301806","0.267857"
"2102301806","2296573204","0.342857"
"2296573204","2102301806","0.342857"
"2168516586","2296573204","0.97619"
"2296573204","2168516586","0.97619"
"1501197004","2145068111","0.333333"
"2145068111","1501197004","0.333333"
"1503896895","1528527048","0.75"
"1528527048","1503896895","0.75"
"1503896895","1597198211","6.45"
"1597198211","1503896895","6.45"
"1503896895","2296573204","0.75"
"2296573204","1503896895","0.75"
"1503896895","1597255254","0.2"
"1597255254","1503896895","0.2"
"1503896895","2145068111","0.2"
"2145068111","1503896895","0.2"
"1503896895","2168516586","0.7"
"2168516586","1503896895","0.7"
"1503896895","76437801","0.2"
"76437801","1503896895","0.2"
"1597255254","2168516586","0.325"
"2168516586","1597255254","0.325"
"2145068111","2168516586","0.2"
"2168516586","2145068111","0.2"
"2168516586","76437801","0.325"
"76437801","2168516586","0.325"
"1503896895","2020350228","0.5"
"2020350228","1503896895","0.5"
"2020350228","2168516586","0.5"
"2168516586","2020350228","0.5"
"1528527048","1996285301","1.33333"
"1996285301","1528527048","1.33333"
"1996285301","2296573204","2.33333"
"2296573204","1996285301","2.33333"
"1996285301","2168516586","0.333333"
"2168516586","1996285301","0.333333"
"1570347237","76437801","0.625"
"76437801","1570347237","0.625"
"1570347237","1597255254","0.125"
"1597255254","1570347237","0.125"
"1570347237","2125514439","0.125"
"2125514439","1570347237","0.125"
"1597198211","2125514439","2.54167"
"2125514439","1597198211","2.54167"
"1597255254","2102301806","0.125"
"2102301806","1597255254","0.125"
"1597255254","2125514439","0.458333"
"2125514439","1597255254","0.458333"
"2031513076","2125514439","0.125"
"2125514439","2031513076","0.125"
"2102301806","2125514439","0.125"
"2125514439","2102301806","0.125"
"2102301806","76437801","0.125"
"76437801","2102301806","0.125"
"2125514439","2137536766","0.708333"
"2137536766","2125514439","0.708333"
"2125514439","2168516586","0.125"
"2168516586","2125514439","0.125"
"2125514439","76437801","0.541667"
"76437801","2125514439","0.541667"
"2137536766","2168516586","0.125"
"2168516586","2137536766","0.125"
"1597198211","1775149738","0.25"
"1775149738","1597198211","0.25"
"1597198211","2071404190","1.25"
"2071404190","1597198211","1.25"
"1775149738","2071404190","0.25"
"2071404190","1775149738","0.25"
"2028449423","2071404190","0.25"
"2071404190","2028449423","0.25"
"2071404190","2145068111","0.25"
"2145068111","2071404190","0.25"
"1597198211","1983036122","1.5"
"1983036122","1597198211","1.5"
"1597198211","2144334010","1.41667"
"2144334010","1597198211","1.41667"
"1983036122","2125514439","2.5"
"2125514439","1983036122","2.5"
"1983036122","2144334010","0.5"
"2144334010","1983036122","0.5"
"2125514439","2144334010","3.41667"
"2144334010","2125514439","3.41667"
"1597255254","1983036122","0.166667"
"1983036122","1597255254","0.166667"
"1597255254","2144334010","0.333333"
"2144334010","1597255254","0.333333"
"1983036122","2137536766","0.166667"
"2137536766","1983036122","0.166667"
"1983036122","2145068111","0.166667"
"2145068111","1983036122","0.166667"
"2125514439","2145068111","0.333333"
"2145068111","2125514439","0.333333"
"2137536766","2144334010","1.58333"
"2144334010","2137536766","1.58333"
"2144334010","2145068111","0.333333"
"2145068111","2144334010","0.333333"
"1597198211","2112178547","1"
"2112178547","1597198211","1"
"2144334010","76437801","0.416667"
"76437801","2144334010","0.416667"
"2028449423","2128545195","0.2"
"2128545195","2028449423","0.2"
"1597198211","2167289038","1"
"2167289038","1597198211","1"
"1597255254","2007480453","0.2"
"2007480453","1597255254","0.2"
"1597255254","2016718049","0.325"
"2016718049","1597255254","0.325"
"1597255254","2136004208","0.2"
"2136004208","1597255254","0.2"
"1597255254","2282064467","0.2"
"2282064467","1597255254","0.2"
"1597255254","1966282860","0.125"
"1966282860","1597255254","0.125"
"1597255254","2418746179","0.125"
"2418746179","1597255254","0.125"
"1597255254","2623691391","0.125"
"2623691391","1597255254","0.125"
"1966282860","2016718049","0.125"
"2016718049","1966282860","0.125"
"1966282860","2128545195","0.125"
"2128545195","1966282860","0.125"
"1966282860","2145068111","0.125"
"2145068111","1966282860","0.125"
"1966282860","2418746179","0.125"
"2418746179","1966282860","0.125"
"1966282860","2623691391","0.125"
"2623691391","1966282860","0.125"
"1966282860","2750816680","1.125"
"2750816680","1966282860","1.125"
"1966282860","76437801","0.125"
"76437801","1966282860","0.125"
"2016718049","2128545195","0.125"
"2128545195","2016718049","0.125"
"2016718049","2145068111","0.125"
"2145068111","2016718049","0.125"
"2016718049","2418746179","0.215909"
"2418746179","2016718049","0.215909"
"2016718049","2623691391","4.21591"
"2623691391","2016718049","4.21591"
"2016718049","2750816680","0.215909"
"2750816680","2016718049","0.215909"
"2016718049","76437801","0.125"
"76437801","2016718049","0.125"
"2128545195","2418746179","0.125"
"2418746179","2128545195","0.125"
"2128545195","2623691391","0.125"
"2623691391","2128545195","0.125"
"2128545195","2750816680","0.125"
"2750816680","2128545195","0.125"
"2145068111","2418746179","0.125"
"2418746179","2145068111","0.125"
"2145068111","2623691391","0.125"
"2623691391","2145068111","0.125"
"2145068111","2750816680","0.125"
"2750816680","2145068111","0.125"
"2418746179","2623691391","1.21591"
"2623691391","2418746179","1.21591"
"2418746179","2750816680","2.71591"
"2750816680","2418746179","2.71591"
"2418746179","76437801","0.125"
"76437801","2418746179","0.125"
"2623691391","2750816680","1.04924"
"2750816680","2623691391","1.04924"
"2623691391","76437801","0.125"
"76437801","2623691391","0.125"
"2750816680","76437801","0.125"
"76437801","2750816680","0.125"
"1597255254","2167289038","1"
"2167289038","1597255254","1"
"1775149738","2133688763","6"
"2133688763","1775149738","6"
"1775149738","1973091471","0.5"
"1973091471","1775149738","0.5"
"1775149738","2020031674","0.5"
"2020031674","1775149738","0.5"
"1973091471","2020031674","6.5"
"2020031674","1973091471","6.5"
"1928767549","1966282860","0.25"
"1966282860","1928767549","0.25"
"1966282860","2063191638","0.25"
"2063191638","1966282860","0.25"
"1966282860","2070671075","0.25"
"2070671075","1966282860","0.25"
"1966282860","2282064467","0.25"
"2282064467","1966282860","0.25"
"1928767549","1973091471","0.142857"
"1973091471","1928767549","0.142857"
"1928767549","2071404190","0.142857"
"2071404190","1928767549","0.142857"
"1928767549","2296465099","0.142857"
"2296465099","1928767549","0.142857"
"1928767549","2418746179","0.47619"
"2418746179","1928767549","0.47619"
"1973091471","2070671075","0.142857"
"2070671075","1973091471","0.142857"
"1973091471","2071404190","0.142857"
"2071404190","1973091471","0.142857"
"1973091471","2282064467","0.142857"
"2282064467","1973091471","0.142857"
"1973091471","2296465099","0.142857"
"2296465099","1973091471","0.142857"
"1973091471","2418746179","0.142857"
"2418746179","1973091471","0.142857"
"1973091471","2766684638","0.142857"
"2766684638","1973091471","0.142857"
"2070671075","2071404190","0.142857"
"2071404190","2070671075","0.142857"
"2070671075","2296465099","0.142857"
"2296465099","2070671075","0.142857"
"2071404190","2282064467","0.142857"
"2282064467","2071404190","0.142857"
"2071404190","2296465099","0.142857"
"2296465099","2071404190","0.142857"
"2071404190","2418746179","0.142857"
"2418746179","2071404190","0.142857"
"2071404190","2766684638","0.142857"
"2766684638","2071404190","0.142857"
"2282064467","2296465099","0.142857"
"2296465099","2282064467","0.142857"
"2296465099","2418746179","0.142857"
"2418746179","2296465099","0.142857"
"2296465099","2766684638","0.142857"
"2766684638","2296465099","0.142857"
"2418746179","2766684638","0.142857"
"2766684638","2418746179","0.142857"
"2063191638","2418746179","0.833333"
"2418746179","2063191638","0.833333"
"1973091471","2165093166","1"
"2165093166","1973091471","1"
"1973091471","2020350228","1"
"2020350228","1973091471","1"
"1973091471","2063191638","1"
"2063191638","1973091471","1"
"1973091471","2165837485","1"
"2165837485","1973091471","1"
"1977081832","2058442663","0.5"
"2058442663","1977081832","0.5"
"1977081832","2063191638","2.5"
"2063191638","1977081832","2.5"
"2058442663","2063191638","2.5"
"2063191638","2058442663","2.5"
"1983036122","76437801","1"
"76437801","1983036122","1"
"1983036122","2041434705","1"
"2041434705","1983036122","1"
"2002373493","2167289038","3.5"
"2167289038","2002373493","3.5"
"2002373493","2156551317","1.5"
"2156551317","2002373493","1.5"
"2156551317","2167289038","0.5"
"2167289038","2156551317","0.5"
"2007480453","2750816680","0.340909"
"2750816680","2007480453","0.340909"
"2136004208","2750816680","0.340909"
"2750816680","2136004208","0.340909"
"2282064467","2750816680","1.00758"
"2750816680","2282064467","1.00758"
"2750816680","2766684638","3.91667"
"2766684638","2750816680","3.91667"
"2007480453","2623691391","0.590909"
"2623691391","2007480453","0.590909"
"2623691391","2766684638","1.33333"
"2766684638","2623691391","1.33333"
"2016718049","2137536766","0.0909091"
"2137536766","2016718049","0.0909091"
"2041434705","2137536766","0.0909091"
"2137536766","2041434705","0.0909091"
"2041434705","2418746179","0.0909091"
"2418746179","2041434705","0.0909091"
"2041434705","2623691391","0.0909091"
"2623691391","2041434705","0.0909091"
"2041434705","2750816680","0.0909091"
"2750816680","2041434705","0.0909091"
"2049398436","2137536766","0.0909091"
"2137536766","2049398436","0.0909091"
"2049398436","2418746179","0.0909091"
"2418746179","2049398436","0.0909091"
"2049398436","2623691391","0.590909"
"2623691391","2049398436","0.590909"
"2049398436","2750816680","0.0909091"
"2750816680","2049398436","0.0909091"
"2070671075","2623691391","0.590909"
"2623691391","2070671075","0.590909"
"2070671075","2750816680","2.92424"
"2750816680","2070671075","2.92424"
"2136004208","2623691391","0.0909091"
"2623691391","2136004208","0.0909091"
"2137536766","2623691391","0.0909091"
"2623691391","2137536766","0.0909091"
"2137536766","2750816680","0.0909091"
"2750816680","2137536766","0.0909091"
"2229210344","2623691391","0.0909091"
"2623691391","2229210344","0.0909091"
"2229210344","2750816680","0.0909091"
"2750816680","2229210344","0.0909091"
"2282064467","2623691391","0.424242"
"2623691391","2282064467","0.424242"
"2031513076","2167289038","1"
"2167289038","2031513076","1"
"2058442663","2133688763","1"
"2133688763","2058442663","1"
"2063191638","2750816680","0.5"
"2750816680","2063191638","0.5"
"2079337221","2296573204","1"
"2296573204","2079337221","1"
"2112178547","2400950644","2"
"2400950644","2112178547","2"
"2165837485","2168516586","1"
"2168516586","2165837485","1"
"2615046848","2755239606","10"
"2755239606","2615046848","10"
