"126394981","1971640526","0.7"
"1971640526","126394981","0.7"
"126394981","2006307108","0.2"
"2006307108","126394981","0.2"
"126394981","2030619821","0.2"
"2030619821","126394981","0.2"
"126394981","2221389368","0.2"
"2221389368","126394981","0.2"
"126394981","2612205558","0.7"
"2612205558","126394981","0.7"
"1971640526","2006307108","2.325"
"2006307108","1971640526","2.325"
"1971640526","2030619821","0.325"
"2030619821","1971640526","0.325"
"1971640526","2221389368","0.7"
"2221389368","1971640526","0.7"
"1971640526","2612205558","1.7"
"2612205558","1971640526","1.7"
"2006307108","2030619821","0.45"
"2030619821","2006307108","0.45"
"2006307108","2221389368","0.2"
"2221389368","2006307108","0.2"
"2006307108","2612205558","0.2"
"2612205558","2006307108","0.2"
"2030619821","2221389368","0.2"
"2221389368","2030619821","0.2"
"2030619821","2612205558","0.2"
"2612205558","2030619821","0.2"
"2221389368","2612205558","1.2"
"2612205558","2221389368","1.2"
"1539585011","1971676915","2.72904"
"1971676915","1539585011","2.72904"
"1539585011","2070032453","14.3116"
"2070032453","1539585011","14.3116"
"1971676915","2070032453","5.42904"
"2070032453","1971676915","5.42904"
"1539585011","2108572131","0.731061"
"2108572131","1539585011","0.731061"
"1539585011","2118302148","1.45328"
"2118302148","1539585011","1.45328"
"2070032453","2108572131","0.731061"
"2108572131","2070032453","0.731061"
"2070032453","2118302148","1.45328"
"2118302148","2070032453","1.45328"
"2108572131","2118302148","0.931061"
"2118302148","2108572131","0.931061"
"1539585011","2023790387","0.513131"
"2023790387","1539585011","0.513131"
"1539585011","2098388305","0.506818"
"2098388305","1539585011","0.506818"
"1539585011","2148942721","0.81995"
"2148942721","1539585011","0.81995"
"1539585011","2153487405","0.325"
"2153487405","1539585011","0.325"
"2023790387","2070032453","0.780988"
"2070032453","2023790387","0.780988"
"2023790387","2098388305","0.2"
"2098388305","2023790387","0.2"
"2023790387","2148942721","0.513131"
"2148942721","2023790387","0.513131"
"2023790387","2153487405","0.7"
"2153487405","2023790387","0.7"
"2070032453","2098388305","0.506818"
"2098388305","2070032453","0.506818"
"2070032453","2148942721","1.01995"
"2148942721","2070032453","1.01995"
"2070032453","2153487405","0.325"
"2153487405","2070032453","0.325"
"2098388305","2148942721","2.37348"
"2148942721","2098388305","2.37348"
"2098388305","2153487405","0.325"
"2153487405","2098388305","0.325"
"2148942721","2153487405","0.325"
"2153487405","2148942721","0.325"
"1539585011","1968843209","0.292929"
"1968843209","1539585011","0.292929"
"1539585011","2001098927","0.222222"
"2001098927","1539585011","0.222222"
"1539585011","2110918591","0.111111"
"2110918591","1539585011","0.111111"
"1539585011","2136121557","0.494949"
"2136121557","1539585011","0.494949"
"1968843209","1971676915","0.20202"
"1971676915","1968843209","0.20202"
"1968843209","2001098927","0.111111"
"2001098927","1968843209","0.111111"
"1968843209","2023790387","0.111111"
"2023790387","1968843209","0.111111"
"1968843209","2070032453","0.626263"
"2070032453","1968843209","0.626263"
"1968843209","2110918591","0.111111"
"2110918591","1968843209","0.111111"
"1968843209","2118302148","0.292929"
"2118302148","1968843209","0.292929"
"1968843209","2136121557","0.626263"
"2136121557","1968843209","0.626263"
"1968843209","2148942721","0.292929"
"2148942721","1968843209","0.292929"
"1971676915","2001098927","0.222222"
"2001098927","1971676915","0.222222"
"1971676915","2023790387","1.64646"
"2023790387","1971676915","1.64646"
"1971676915","2110918591","0.111111"
"2110918591","1971676915","0.111111"
"1971676915","2118302148","0.52904"
"2118302148","1971676915","0.52904"
"1971676915","2136121557","0.90404"
"2136121557","1971676915","0.90404"
"1971676915","2148942721","0.72904"
"2148942721","1971676915","0.72904"
"2001098927","2023790387","1.01389"
"2023790387","2001098927","1.01389"
"2001098927","2070032453","0.347222"
"2070032453","2001098927","0.347222"
"2001098927","2110918591","0.902778"
"2110918591","2001098927","0.902778"
"2001098927","2118302148","0.555556"
"2118302148","2001098927","0.555556"
"2001098927","2136121557","1.22222"
"2136121557","2001098927","1.22222"
"2001098927","2148942721","0.222222"
"2148942721","2001098927","0.222222"
"2023790387","2110918591","5.04563"
"2110918591","2023790387","5.04563"
"2023790387","2118302148","2.64646"
"2118302148","2023790387","2.64646"
"2023790387","2136121557","1.31313"
"2136121557","2023790387","1.31313"
"2070032453","2110918591","0.378968"
"2110918591","2070032453","0.378968"
"2070032453","2136121557","0.828283"
"2136121557","2070032453","0.828283"
"2110918591","2118302148","0.444444"
"2118302148","2110918591","0.444444"
"2110918591","2136121557","0.111111"
"2136121557","2110918591","0.111111"
"2110918591","2148942721","0.111111"
"2148942721","2110918591","0.111111"
"2118302148","2136121557","0.494949"
"2136121557","2118302148","0.494949"
"2118302148","2148942721","0.81995"
"2148942721","2118302148","0.81995"
"2136121557","2148942721","0.86995"
"2148942721","2136121557","0.86995"
"1539585011","1986029135","0.125"
"1986029135","1539585011","0.125"
"1971676915","1986029135","0.458333"
"1986029135","1971676915","0.458333"
"1971676915","2098388305","0.215909"
"2098388305","1971676915","0.215909"
"1971676915","2108572131","0.306818"
"2108572131","1971676915","0.306818"
"1971676915","2153487405","0.625"
"2153487405","1971676915","0.625"
"1986029135","2070032453","1.26786"
"2070032453","1986029135","1.26786"
"1986029135","2098388305","0.125"
"2098388305","1986029135","0.125"
"1986029135","2108572131","0.125"
"2108572131","1986029135","0.125"
"1986029135","2118302148","0.125"
"2118302148","1986029135","0.125"
"1986029135","2148942721","0.125"
"2148942721","1986029135","0.125"
"1986029135","2153487405","0.125"
"2153487405","1986029135","0.125"
"2098388305","2108572131","1.17348"
"2108572131","2098388305","1.17348"
"2098388305","2118302148","0.506818"
"2118302148","2098388305","0.506818"
"2108572131","2148942721","1.26439"
"2148942721","2108572131","1.26439"
"2108572131","2153487405","0.125"
"2153487405","2108572131","0.125"
"2118302148","2153487405","0.125"
"2153487405","2118302148","0.125"
"1539585011","2399548505","0.533333"
"2399548505","1539585011","0.533333"
"1539585011","2402569267","0.658333"
"2402569267","1539585011","0.658333"
"2070032453","2399548505","0.67619"
"2399548505","2070032453","0.67619"
"2070032453","2402569267","1.92619"
"2402569267","2070032453","1.92619"
"2399548505","2402569267","1.17619"
"2402569267","2399548505","1.17619"
"1539585011","2026495853","0.708838"
"2026495853","1539585011","0.708838"
"1539585011","2145343070","0.0909091"
"2145343070","1539585011","0.0909091"
"1539585011","2148792468","0.272727"
"2148792468","1539585011","0.272727"
"1539585011","2154794267","0.383838"
"2154794267","1539585011","0.383838"
"1971676915","2026495853","1.19293"
"2026495853","1971676915","1.19293"
"1971676915","2145343070","0.0909091"
"2145343070","1971676915","0.0909091"
"1971676915","2148792468","0.181818"
"2148792468","1971676915","0.181818"
"1971676915","2154794267","0.292929"
"2154794267","1971676915","0.292929"
"2023790387","2026495853","0.469877"
"2026495853","2023790387","0.469877"
"2023790387","2108572131","0.424242"
"2108572131","2023790387","0.424242"
"2023790387","2145343070","0.0909091"
"2145343070","2023790387","0.0909091"
"2023790387","2148792468","0.590909"
"2148792468","2023790387","0.590909"
"2023790387","2154794267","0.20202"
"2154794267","2023790387","0.20202"
"2026495853","2070032453","1.6767"
"2070032453","2026495853","1.6767"
"2026495853","2108572131","0.472727"
"2108572131","2026495853","0.472727"
"2026495853","2118302148","0.583838"
"2118302148","2026495853","0.583838"
"2026495853","2136121557","0.383838"
"2136121557","2026495853","0.383838"
"2026495853","2145343070","0.0909091"
"2145343070","2026495853","0.0909091"
"2026495853","2148792468","0.272727"
"2148792468","2026495853","0.272727"
"2026495853","2148942721","0.783838"
"2148942721","2026495853","0.783838"
"2026495853","2154794267","0.583838"
"2154794267","2026495853","0.583838"
"2070032453","2145343070","0.0909091"
"2145343070","2070032453","0.0909091"
"2070032453","2148792468","0.272727"
"2148792468","2070032453","0.272727"
"2070032453","2154794267","0.383838"
"2154794267","2070032453","0.383838"
"2108572131","2136121557","0.272727"
"2136121557","2108572131","0.272727"
"2108572131","2145343070","0.0909091"
"2145343070","2108572131","0.0909091"
"2108572131","2148792468","0.272727"
"2148792468","2108572131","0.272727"
"2108572131","2154794267","4.13939"
"2154794267","2108572131","4.13939"
"2118302148","2145343070","0.0909091"
"2145343070","2118302148","0.0909091"
"2118302148","2148792468","0.272727"
"2148792468","2118302148","0.272727"
"2118302148","2154794267","0.583838"
"2154794267","2118302148","0.583838"
"2136121557","2145343070","0.340909"
"2145343070","2136121557","0.340909"
"2136121557","2148792468","21.0644"
"2148792468","2136121557","21.0644"
"2136121557","2154794267","0.383838"
"2154794267","2136121557","0.383838"
"2145343070","2148792468","0.340909"
"2148792468","2145343070","0.340909"
"2145343070","2148942721","0.0909091"
"2148942721","2145343070","0.0909091"
"2145343070","2154794267","0.0909091"
"2154794267","2145343070","0.0909091"
"2148792468","2148942721","0.647727"
"2148942721","2148792468","0.647727"
"2148792468","2154794267","0.272727"
"2154794267","2148792468","0.272727"
"2148942721","2154794267","1.25051"
"2154794267","2148942721","1.25051"
"2001098927","2026495853","0.569444"
"2026495853","2001098927","0.569444"
"2001098927","2154794267","0.111111"
"2154794267","2001098927","0.111111"
"1968843209","2026495853","0.181818"
"2026495853","1968843209","0.181818"
"1968843209","2098388305","0.181818"
"2098388305","1968843209","0.181818"
"1968843209","2108572131","0.181818"
"2108572131","1968843209","0.181818"
"1968843209","2148792468","0.181818"
"2148792468","1968843209","0.181818"
"1968843209","2154794267","0.181818"
"2154794267","1968843209","0.181818"
"2026495853","2098388305","0.381818"
"2098388305","2026495853","0.381818"
"2098388305","2136121557","0.181818"
"2136121557","2098388305","0.181818"
"2098388305","2148792468","0.181818"
"2148792468","2098388305","0.181818"
"2098388305","2154794267","1.04848"
"2154794267","2098388305","1.04848"
"1539585011","1986041862","0.125"
"1986041862","1539585011","0.125"
"1539585011","2006307108","0.125"
"2006307108","1539585011","0.125"
"1539585011","2030619821","0.125"
"2030619821","1539585011","0.125"
"1539585011","2128763366","0.125"
"2128763366","1539585011","0.125"
"1539585011","2615767332","0.125"
"2615767332","1539585011","0.125"
"1986041862","2006307108","0.125"
"2006307108","1986041862","0.125"
"1986041862","2026495853","0.125"
"2026495853","1986041862","0.125"
"1986041862","2030619821","0.125"
"2030619821","1986041862","0.125"
"1986041862","2070032453","0.125"
"2070032453","1986041862","0.125"
"1986041862","2128763366","0.625"
"2128763366","1986041862","0.625"
"1986041862","2402569267","0.125"
"2402569267","1986041862","0.125"
"1986041862","2615767332","0.125"
"2615767332","1986041862","0.125"
"2006307108","2026495853","0.125"
"2026495853","2006307108","0.125"
"2006307108","2070032453","0.125"
"2070032453","2006307108","0.125"
"2006307108","2128763366","0.25"
"2128763366","2006307108","0.25"
"2006307108","2402569267","0.125"
"2402569267","2006307108","0.125"
"2006307108","2615767332","0.125"
"2615767332","2006307108","0.125"
"2026495853","2030619821","1.125"
"2030619821","2026495853","1.125"
"2026495853","2128763366","0.45"
"2128763366","2026495853","0.45"
"2026495853","2402569267","2.42619"
"2402569267","2026495853","2.42619"
"2026495853","2615767332","0.125"
"2615767332","2026495853","0.125"
"2030619821","2070032453","0.125"
"2070032453","2030619821","0.125"
"2030619821","2128763366","0.25"
"2128763366","2030619821","0.25"
"2030619821","2402569267","0.125"
"2402569267","2030619821","0.125"
"2030619821","2615767332","0.125"
"2615767332","2030619821","0.125"
"2070032453","2128763366","0.45"
"2128763366","2070032453","0.45"
"2070032453","2615767332","0.125"
"2615767332","2070032453","0.125"
"2128763366","2402569267","0.25"
"2402569267","2128763366","0.25"
"2128763366","2615767332","0.625"
"2615767332","2128763366","0.625"
"2402569267","2615767332","0.125"
"2615767332","2402569267","0.125"
"1539585011","2106889129","0.0909091"
"2106889129","1539585011","0.0909091"
"1968843209","2106889129","18.4242"
"2106889129","1968843209","18.4242"
"2026495853","2106889129","0.0909091"
"2106889129","2026495853","0.0909091"
"2070032453","2106889129","0.424242"
"2106889129","2070032453","0.424242"
"2098388305","2106889129","0.0909091"
"2106889129","2098388305","0.0909091"
"2106889129","2108572131","0.0909091"
"2108572131","2106889129","0.0909091"
"2106889129","2118302148","0.0909091"
"2118302148","2106889129","0.0909091"
"2106889129","2136121557","0.424242"
"2136121557","2106889129","0.424242"
"2106889129","2148792468","0.0909091"
"2148792468","2106889129","0.0909091"
"2106889129","2148942721","0.0909091"
"2148942721","2106889129","0.0909091"
"2106889129","2154794267","0.0909091"
"2154794267","2106889129","0.0909091"
"1971676915","2399548505","0.2"
"2399548505","1971676915","0.2"
"1971676915","2402569267","1.53333"
"2402569267","1971676915","1.53333"
"2026495853","2399548505","0.842857"
"2399548505","2026495853","0.842857"
"1601749143","1964013940","9.66667"
"1964013940","1601749143","9.66667"
"1601749143","2131083144","1.16667"
"2131083144","1601749143","1.16667"
"1964013940","2131083144","3.66667"
"2131083144","1964013940","3.66667"
"1601749143","1981387614","4.16667"
"1981387614","1601749143","4.16667"
"1964013940","1981387614","3.66667"
"1981387614","1964013940","3.66667"
"1981387614","2131083144","17.1667"
"2131083144","1981387614","17.1667"
"1968843209","2402569267","0.5"
"2402569267","1968843209","0.5"
"2106889129","2402569267","0.5"
"2402569267","2106889129","0.5"
"1968843209","2408102637","0.5"
"2408102637","1968843209","0.5"
"2106889129","2408102637","0.5"
"2408102637","2106889129","0.5"
"1971640526","2128763366","1.125"
"2128763366","1971640526","1.125"
"1971640526","2116936708","0.958333"
"2116936708","1971640526","0.958333"
"2116936708","2221389368","11.8333"
"2221389368","2116936708","11.8333"
"1971640526","2148792468","1.625"
"2148792468","1971640526","1.625"
"1971640526","2136121557","0.625"
"2136121557","1971640526","0.625"
"1971640526","2096898303","0.458333"
"2096898303","1971640526","0.458333"
"1971640526","2148942721","0.458333"
"2148942721","1971640526","0.458333"
"2006307108","2096898303","0.125"
"2096898303","2006307108","0.125"
"2006307108","2116936708","0.125"
"2116936708","2006307108","0.125"
"2006307108","2136121557","0.125"
"2136121557","2006307108","0.125"
"2006307108","2148792468","0.125"
"2148792468","2006307108","0.125"
"2006307108","2148942721","0.125"
"2148942721","2006307108","0.125"
"2030619821","2096898303","0.125"
"2096898303","2030619821","0.125"
"2030619821","2116936708","0.125"
"2116936708","2030619821","0.125"
"2030619821","2136121557","0.125"
"2136121557","2030619821","0.125"
"2030619821","2148792468","0.125"
"2148792468","2030619821","0.125"
"2030619821","2148942721","0.125"
"2148942721","2030619821","0.125"
"2096898303","2116936708","0.708333"
"2116936708","2096898303","0.708333"
"2096898303","2128763366","0.75"
"2128763366","2096898303","0.75"
"2096898303","2136121557","1.45833"
"2136121557","2096898303","1.45833"
"2096898303","2148792468","0.625"
"2148792468","2096898303","0.625"
"2096898303","2148942721","0.708333"
"2148942721","2096898303","0.708333"
"2116936708","2128763366","0.125"
"2128763366","2116936708","0.125"
"2116936708","2136121557","1.54167"
"2136121557","2116936708","1.54167"
"2116936708","2148792468","1.54167"
"2148792468","2116936708","1.54167"
"2116936708","2148942721","0.708333"
"2148942721","2116936708","0.708333"
"2128763366","2136121557","0.625"
"2136121557","2128763366","0.625"
"2128763366","2148792468","0.125"
"2148792468","2128763366","0.125"
"2128763366","2148942721","0.325"
"2148942721","2128763366","0.325"
"1986029135","2023790387","0.47619"
"2023790387","1986029135","0.47619"
"1986029135","2402569267","0.47619"
"2402569267","1986029135","0.47619"
"2023790387","2402569267","0.60119"
"2402569267","2023790387","0.60119"
"1971676915","2018598050","0.2"
"2018598050","1971676915","0.2"
"1971676915","2128763366","0.2"
"2128763366","1971676915","0.2"
"2018598050","2026495853","0.325"
"2026495853","2018598050","0.325"
"2018598050","2070032453","0.325"
"2070032453","2018598050","0.325"
"2018598050","2128763366","12.325"
"2128763366","2018598050","12.325"
"2018598050","2148942721","0.2"
"2148942721","2018598050","0.2"
"1981128563","2145343070","2.5"
"2145343070","1981128563","2.5"
"1981128563","2096898303","0.5"
"2096898303","1981128563","0.5"
"2096898303","2145343070","0.75"
"2145343070","2096898303","0.75"
"1981387614","2145343070","1"
"2145343070","1981387614","1"
"1981387614","2108572131","2"
"2108572131","1981387614","2"
"2108572131","2131083144","1"
"2131083144","2108572131","1"
"1986029135","2026495853","0.142857"
"2026495853","1986029135","0.142857"
"1986029135","2096898303","0.142857"
"2096898303","1986029135","0.142857"
"1986029135","2110918591","0.142857"
"2110918591","1986029135","0.142857"
"1986029135","2399548505","0.142857"
"2399548505","1986029135","0.142857"
"2023790387","2096898303","0.267857"
"2096898303","2023790387","0.267857"
"2023790387","2399548505","0.142857"
"2399548505","2023790387","0.142857"
"2026495853","2096898303","0.60119"
"2096898303","2026495853","0.60119"
"2026495853","2110918591","0.267857"
"2110918591","2026495853","0.267857"
"2070032453","2096898303","0.267857"
"2096898303","2070032453","0.267857"
"2096898303","2110918591","0.267857"
"2110918591","2096898303","0.267857"
"2096898303","2399548505","0.142857"
"2399548505","2096898303","0.142857"
"2096898303","2402569267","0.60119"
"2402569267","2096898303","0.60119"
"2110918591","2399548505","0.142857"
"2399548505","2110918591","0.142857"
"2110918591","2402569267","0.267857"
"2402569267","2110918591","0.267857"
"1986041862","2018598050","0.5"
"2018598050","1986041862","0.5"
"1986041862","2116936708","1"
"2116936708","1986041862","1"
"2001098927","2018598050","0.125"
"2018598050","2001098927","0.125"
"2001098927","2096898303","1.45833"
"2096898303","2001098927","1.45833"
"2001098927","2128763366","0.125"
"2128763366","2001098927","0.125"
"2001098927","2402569267","1.45833"
"2402569267","2001098927","1.45833"
"2018598050","2023790387","0.125"
"2023790387","2018598050","0.125"
"2018598050","2096898303","0.125"
"2096898303","2018598050","0.125"
"2018598050","2110918591","0.125"
"2110918591","2018598050","0.125"
"2018598050","2402569267","0.125"
"2402569267","2018598050","0.125"
"2023790387","2128763366","0.125"
"2128763366","2023790387","0.125"
"2110918591","2128763366","0.125"
"2128763366","2110918591","0.125"
"2001098927","2108572131","0.333333"
"2108572131","2001098927","0.333333"
"2108572131","2110918591","0.333333"
"2110918591","2108572131","0.333333"
"2018598050","2615767332","0.5"
"2615767332","2018598050","0.5"
"2023790387","2615767332","1"
"2615767332","2023790387","1"
"2030619821","2153487405","1"
"2153487405","2030619821","1"
"2051400856","2153487405","1.33333"
"2153487405","2051400856","1.33333"
"2051400856","2096898303","0.333333"
"2096898303","2051400856","0.333333"
"2051400856","2136121557","0.333333"
"2136121557","2051400856","0.333333"
"2096898303","2153487405","2.58333"
"2153487405","2096898303","2.58333"
"2136121557","2153487405","0.583333"
"2153487405","2136121557","0.583333"
"2145343070","2153487405","0.25"
"2153487405","2145343070","0.25"
"2148792468","2153487405","0.25"
"2153487405","2148792468","0.25"
"2108572131","2116936708","1"
"2116936708","2108572131","1"
"2116936708","2612205558","1.33333"
"2612205558","2116936708","1.33333"
"2136121557","2612205558","0.333333"
"2612205558","2136121557","0.333333"
"2148792468","2612205558","0.333333"
"2612205558","2148792468","0.333333"
"2136121557","2221389368","0.333333"
"2221389368","2136121557","0.333333"
"2148792468","2221389368","0.333333"
"2221389368","2148792468","0.333333"
"2399548505","2401687514","0.5"
"2401687514","2399548505","0.5"
"2399548505","2408102637","1.5"
"2408102637","2399548505","1.5"
"2401687514","2408102637","3.5"
"2408102637","2401687514","3.5"
"2401687514","2622176595","0.25"
"2622176595","2401687514","0.25"
"2401687514","2752302728","0.25"
"2752302728","2401687514","0.25"
"2401687514","2764414857","0.25"
"2764414857","2401687514","0.25"
"2401687514","2885396593","0.25"
"2885396593","2401687514","0.25"
"2622176595","2752302728","0.916667"
"2752302728","2622176595","0.916667"
"2622176595","2764414857","0.916667"
"2764414857","2622176595","0.916667"
"2622176595","2885396593","5.25"
"2885396593","2622176595","5.25"
"2752302728","2764414857","11.4167"
"2764414857","2752302728","11.4167"
"2752302728","2885396593","1.91667"
"2885396593","2752302728","1.91667"
"2764414857","2885396593","1.91667"
"2885396593","2764414857","1.91667"
"2615767332","2622176595","0.333333"
"2622176595","2615767332","0.333333"
"2615767332","2798536345","0.333333"
"2798536345","2615767332","0.333333"
"2615767332","2885396593","0.333333"
"2885396593","2615767332","0.333333"
"2622176595","2798536345","1.33333"
"2798536345","2622176595","1.33333"
"2798536345","2885396593","4.33333"
"2885396593","2798536345","4.33333"
"2752302728","2798536345","0.5"
"2798536345","2752302728","0.5"
"2764414857","2798536345","0.5"
"2798536345","2764414857","0.5"
