"100783751","1968474831","0.580952"
"1968474831","100783751","0.580952"
"100783751","2043420170","0.580952"
"2043420170","100783751","0.580952"
"100783751","2144948358","1.33095"
"2144948358","100783751","1.33095"
"1968474831","2043420170","0.580952"
"2043420170","1968474831","0.580952"
"1968474831","2144948358","0.580952"
"2144948358","1968474831","0.580952"
"2043420170","2144948358","0.580952"
"2144948358","2043420170","0.580952"
"100783751","1596947943","2.96429"
"1596947943","100783751","2.96429"
"100783751","1985712423","1.13095"
"1985712423","100783751","1.13095"
"100783751","2051582400","0.714286"
"2051582400","100783751","0.714286"
"1596947943","1985712423","2.25714"
"1985712423","1596947943","2.25714"
"1596947943","2051582400","1.85714"
"2051582400","1596947943","1.85714"
"1985712423","2051582400","2.55714"
"2051582400","1985712423","2.55714"
"100783751","1553690653","0.630952"
"1553690653","100783751","0.630952"
"100783751","2043437843","0.333333"
"2043437843","100783751","0.333333"
"100783751","51908901","0.380952"
"51908901","100783751","0.380952"
"1553690653","2043437843","0.333333"
"2043437843","1553690653","0.333333"
"1553690653","51908901","0.52381"
"51908901","1553690653","0.52381"
"2043437843","51908901","0.333333"
"51908901","2043437843","0.333333"
"100783751","1993451156","0.2"
"1993451156","100783751","0.2"
"100783751","2001558548","0.2"
"2001558548","100783751","0.2"
"1968474831","1993451156","1.2"
"1993451156","1968474831","1.2"
"1968474831","2001558548","0.2"
"2001558548","1968474831","0.2"
"1993451156","2001558548","0.2"
"2001558548","1993451156","0.2"
"1993451156","2043420170","2.9"
"2043420170","1993451156","2.9"
"1993451156","2144948358","2.2"
"2144948358","1993451156","2.2"
"2001558548","2043420170","0.2"
"2043420170","2001558548","0.2"
"2001558548","2144948358","0.2"
"2144948358","2001558548","0.2"
"1596947943","2144948358","0.940476"
"2144948358","1596947943","0.940476"
"100783751","1480700989","0.047619"
"1480700989","100783751","0.047619"
"100783751","1499090527","0.047619"
"1499090527","100783751","0.047619"
"100783751","1502688274","0.047619"
"1502688274","100783751","0.047619"
"100783751","161656270","0.047619"
"161656270","100783751","0.047619"
"100783751","1998982581","0.380952"
"1998982581","100783751","0.380952"
"100783751","2029841382","0.047619"
"2029841382","100783751","0.047619"
"100783751","2067308467","0.047619"
"2067308467","100783751","0.047619"
"100783751","2069752306","0.047619"
"2069752306","100783751","0.047619"
"100783751","2140564105","0.047619"
"2140564105","100783751","0.047619"
"100783751","2149770511","0.047619"
"2149770511","100783751","0.047619"
"100783751","2155758146","0.047619"
"2155758146","100783751","0.047619"
"100783751","2156543375","0.047619"
"2156543375","100783751","0.047619"
"100783751","2157060173","0.047619"
"2157060173","100783751","0.047619"
"1480700989","1499090527","0.214286"
"1499090527","1480700989","0.214286"
"1480700989","1502688274","0.047619"
"1502688274","1480700989","0.047619"
"1480700989","1553690653","0.414286"
"1553690653","1480700989","0.414286"
"1480700989","1596947943","2.41429"
"1596947943","1480700989","2.41429"
"1480700989","161656270","0.047619"
"161656270","1480700989","0.047619"
"1480700989","1968474831","0.047619"
"1968474831","1480700989","0.047619"
"1480700989","1985712423","1.24762"
"1985712423","1480700989","1.24762"
"1480700989","1998982581","0.047619"
"1998982581","1480700989","0.047619"
"1480700989","2029841382","0.047619"
"2029841382","1480700989","0.047619"
"1480700989","2043420170","0.247619"
"2043420170","1480700989","0.247619"
"1480700989","2051582400","0.214286"
"2051582400","1480700989","0.214286"
"1480700989","2067308467","0.880952"
"2067308467","1480700989","0.880952"
"1480700989","2069752306","1.38095"
"2069752306","1480700989","1.38095"
"1480700989","2140564105","0.214286"
"2140564105","1480700989","0.214286"
"1480700989","2144948358","0.047619"
"2144948358","1480700989","0.047619"
"1480700989","2149770511","0.047619"
"2149770511","1480700989","0.047619"
"1480700989","2155758146","0.880952"
"2155758146","1480700989","0.880952"
"1480700989","2156543375","1.04762"
"2156543375","1480700989","1.04762"
"1480700989","2157060173","0.047619"
"2157060173","1480700989","0.047619"
"1480700989","51908901","0.047619"
"51908901","1480700989","0.047619"
"1499090527","1502688274","0.047619"
"1502688274","1499090527","0.047619"
"1499090527","1553690653","0.214286"
"1553690653","1499090527","0.214286"
"1499090527","1596947943","0.964286"
"1596947943","1499090527","0.964286"
"1499090527","161656270","0.047619"
"161656270","1499090527","0.047619"
"1499090527","1968474831","0.047619"
"1968474831","1499090527","0.047619"
"1499090527","1985712423","0.297619"
"1985712423","1499090527","0.297619"
"1499090527","1998982581","0.047619"
"1998982581","1499090527","0.047619"
"1499090527","2029841382","0.047619"
"2029841382","1499090527","0.047619"
"1499090527","2043420170","7.88095"
"2043420170","1499090527","7.88095"
"1499090527","2051582400","0.214286"
"2051582400","1499090527","0.214286"
"1499090527","2067308467","0.047619"
"2067308467","1499090527","0.047619"
"1499090527","2069752306","0.047619"
"2069752306","1499090527","0.047619"
"1499090527","2140564105","4.04762"
"2140564105","1499090527","4.04762"
"1499090527","2144948358","0.047619"
"2144948358","1499090527","0.047619"
"1499090527","2149770511","0.047619"
"2149770511","1499090527","0.047619"
"1499090527","2155758146","0.380952"
"2155758146","1499090527","0.380952"
"1499090527","2156543375","0.047619"
"2156543375","1499090527","0.047619"
"1499090527","2157060173","0.047619"
"2157060173","1499090527","0.047619"
"1499090527","51908901","0.047619"
"51908901","1499090527","0.047619"
"1502688274","1553690653","0.047619"
"1553690653","1502688274","0.047619"
"1502688274","1596947943","0.047619"
"1596947943","1502688274","0.047619"
"1502688274","161656270","0.047619"
"161656270","1502688274","0.047619"
"1502688274","1968474831","0.047619"
"1968474831","1502688274","0.047619"
"1502688274","1985712423","0.047619"
"1985712423","1502688274","0.047619"
"1502688274","1998982581","0.047619"
"1998982581","1502688274","0.047619"
"1502688274","2029841382","5.21429"
"2029841382","1502688274","5.21429"
"1502688274","2043420170","0.047619"
"2043420170","1502688274","0.047619"
"1502688274","2051582400","0.047619"
"2051582400","1502688274","0.047619"
"1502688274","2067308467","0.047619"
"2067308467","1502688274","0.047619"
"1502688274","2069752306","0.047619"
"2069752306","1502688274","0.047619"
"1502688274","2140564105","0.047619"
"2140564105","1502688274","0.047619"
"1502688274","2144948358","0.047619"
"2144948358","1502688274","0.047619"
"1502688274","2149770511","0.047619"
"2149770511","1502688274","0.047619"
"1502688274","2155758146","0.047619"
"2155758146","1502688274","0.047619"
"1502688274","2156543375","0.047619"
"2156543375","1502688274","0.047619"
"1502688274","2157060173","0.047619"
"2157060173","1502688274","0.047619"
"1502688274","51908901","0.047619"
"51908901","1502688274","0.047619"
"1553690653","1596947943","0.807143"
"1596947943","1553690653","0.807143"
"1553690653","161656270","0.047619"
"161656270","1553690653","0.047619"
"1553690653","1968474831","0.047619"
"1968474831","1553690653","0.047619"
"1553690653","1985712423","1.14048"
"1985712423","1553690653","1.14048"
"1553690653","1998982581","0.190476"
"1998982581","1553690653","0.190476"
"1553690653","2029841382","0.047619"
"2029841382","1553690653","0.047619"
"1553690653","2043420170","0.247619"
"2043420170","1553690653","0.247619"
"1553690653","2051582400","0.357143"
"2051582400","1553690653","0.357143"
"1553690653","2067308467","0.047619"
"2067308467","1553690653","0.047619"
"1553690653","2069752306","0.047619"
"2069752306","1553690653","0.047619"
"1553690653","2140564105","0.214286"
"2140564105","1553690653","0.214286"
"1553690653","2144948358","0.440476"
"2144948358","1553690653","0.440476"
"1553690653","2149770511","0.190476"
"2149770511","1553690653","0.190476"
"1553690653","2155758146","0.047619"
"2155758146","1553690653","0.047619"
"1553690653","2156543375","0.047619"
"2156543375","1553690653","0.047619"
"1553690653","2157060173","0.047619"
"2157060173","1553690653","0.047619"
"1596947943","161656270","0.047619"
"161656270","1596947943","0.047619"
"1596947943","1968474831","0.047619"
"1968474831","1596947943","0.047619"
"1596947943","1998982581","0.52381"
"1998982581","1596947943","0.52381"
"1596947943","2029841382","0.047619"
"2029841382","1596947943","0.047619"
"1596947943","2043420170","0.997619"
"2043420170","1596947943","0.997619"
"1596947943","2067308467","0.247619"
"2067308467","1596947943","0.247619"
"1596947943","2069752306","0.047619"
"2069752306","1596947943","0.047619"
"1596947943","2140564105","0.464286"
"2140564105","1596947943","0.464286"
"1596947943","2149770511","1.22381"
"2149770511","1596947943","1.22381"
"1596947943","2155758146","0.047619"
"2155758146","1596947943","0.047619"
"1596947943","2156543375","0.047619"
"2156543375","1596947943","0.047619"
"1596947943","2157060173","0.247619"
"2157060173","1596947943","0.247619"
"1596947943","51908901","0.190476"
"51908901","1596947943","0.190476"
"161656270","1968474831","0.047619"
"1968474831","161656270","0.047619"
"161656270","1985712423","0.047619"
"1985712423","161656270","0.047619"
"161656270","1998982581","0.047619"
"1998982581","161656270","0.047619"
"161656270","2029841382","0.047619"
"2029841382","161656270","0.047619"
"161656270","2043420170","0.047619"
"2043420170","161656270","0.047619"
"161656270","2051582400","0.047619"
"2051582400","161656270","0.047619"
"161656270","2067308467","0.047619"
"2067308467","161656270","0.047619"
"161656270","2069752306","0.047619"
"2069752306","161656270","0.047619"
"161656270","2140564105","0.047619"
"2140564105","161656270","0.047619"
"161656270","2144948358","0.047619"
"2144948358","161656270","0.047619"
"161656270","2149770511","0.047619"
"2149770511","161656270","0.047619"
"161656270","2155758146","1.04762"
"2155758146","161656270","1.04762"
"161656270","2156543375","0.047619"
"2156543375","161656270","0.047619"
"161656270","2157060173","0.047619"
"2157060173","161656270","0.047619"
"161656270","51908901","1.88095"
"51908901","161656270","1.88095"
"1968474831","1985712423","0.047619"
"1985712423","1968474831","0.047619"
"1968474831","1998982581","0.047619"
"1998982581","1968474831","0.047619"
"1968474831","2029841382","0.047619"
"2029841382","1968474831","0.047619"
"1968474831","2051582400","0.047619"
"2051582400","1968474831","0.047619"
"1968474831","2067308467","0.047619"
"2067308467","1968474831","0.047619"
"1968474831","2069752306","0.047619"
"2069752306","1968474831","0.047619"
"1968474831","2140564105","0.047619"
"2140564105","1968474831","0.047619"
"1968474831","2149770511","0.047619"
"2149770511","1968474831","0.047619"
"1968474831","2155758146","0.047619"
"2155758146","1968474831","0.047619"
"1968474831","2156543375","0.047619"
"2156543375","1968474831","0.047619"
"1968474831","2157060173","0.047619"
"2157060173","1968474831","0.047619"
"1968474831","51908901","0.047619"
"51908901","1968474831","0.047619"
"1985712423","1998982581","0.190476"
"1998982581","1985712423","0.190476"
"1985712423","2029841382","0.047619"
"2029841382","1985712423","0.047619"
"1985712423","2043420170","0.497619"
"2043420170","1985712423","0.497619"
"1985712423","2067308467","0.247619"
"2067308467","1985712423","0.247619"
"1985712423","2069752306","0.047619"
"2069752306","1985712423","0.047619"
"1985712423","2140564105","0.297619"
"2140564105","1985712423","0.297619"
"1985712423","2144948358","7.44048"
"2144948358","1985712423","7.44048"
"1985712423","2149770511","0.92381"
"2149770511","1985712423","0.92381"
"1985712423","2155758146","0.047619"
"2155758146","1985712423","0.047619"
"1985712423","2156543375","0.247619"
"2156543375","1985712423","0.247619"
"1985712423","2157060173","0.947619"
"2157060173","1985712423","0.947619"
"1985712423","51908901","0.190476"
"51908901","1985712423","0.190476"
"1998982581","2029841382","0.047619"
"2029841382","1998982581","0.047619"
"1998982581","2043420170","0.047619"
"2043420170","1998982581","0.047619"
"1998982581","2051582400","2.85714"
"2051582400","1998982581","2.85714"
"1998982581","2067308467","0.047619"
"2067308467","1998982581","0.047619"
"1998982581","2069752306","0.380952"
"2069752306","1998982581","0.380952"
"1998982581","2140564105","0.047619"
"2140564105","1998982581","0.047619"
"1998982581","2144948358","0.190476"
"2144948358","1998982581","0.190476"
"1998982581","2149770511","1.19048"
"2149770511","1998982581","1.19048"
"1998982581","2155758146","0.047619"
"2155758146","1998982581","0.047619"
"1998982581","2156543375","0.047619"
"2156543375","1998982581","0.047619"
"1998982581","2157060173","0.380952"
"2157060173","1998982581","0.380952"
"1998982581","51908901","0.190476"
"51908901","1998982581","0.190476"
"2029841382","2043420170","0.047619"
"2043420170","2029841382","0.047619"
"2029841382","2051582400","0.047619"
"2051582400","2029841382","0.047619"
"2029841382","2067308467","0.047619"
"2067308467","2029841382","0.047619"
"2029841382","2069752306","0.047619"
"2069752306","2029841382","0.047619"
"2029841382","2140564105","0.047619"
"2140564105","2029841382","0.047619"
"2029841382","2144948358","0.047619"
"2144948358","2029841382","0.047619"
"2029841382","2149770511","0.047619"
"2149770511","2029841382","0.047619"
"2029841382","2155758146","0.047619"
"2155758146","2029841382","0.047619"
"2029841382","2156543375","0.047619"
"2156543375","2029841382","0.047619"
"2029841382","2157060173","0.047619"
"2157060173","2029841382","0.047619"
"2029841382","51908901","0.047619"
"51908901","2029841382","0.047619"
"2043420170","2051582400","1.38095"
"2051582400","2043420170","1.38095"
"2043420170","2067308467","0.047619"
"2067308467","2043420170","0.047619"
"2043420170","2069752306","0.047619"
"2069752306","2043420170","0.047619"
"2043420170","2140564105","3.88095"
"2140564105","2043420170","3.88095"
"2043420170","2149770511","0.047619"
"2149770511","2043420170","0.047619"
"2043420170","2155758146","0.380952"
"2155758146","2043420170","0.380952"
"2043420170","2156543375","0.047619"
"2156543375","2043420170","0.047619"
"2043420170","2157060173","0.380952"
"2157060173","2043420170","0.380952"
"2043420170","51908901","0.047619"
"51908901","2043420170","0.047619"
"2051582400","2067308467","1.04762"
"2067308467","2051582400","1.04762"
"2051582400","2069752306","0.380952"
"2069752306","2051582400","0.380952"
"2051582400","2140564105","0.214286"
"2140564105","2051582400","0.214286"
"2051582400","2144948358","1.19048"
"2144948358","2051582400","1.19048"
"2051582400","2149770511","3.9"
"2149770511","2051582400","3.9"
"2051582400","2155758146","0.047619"
"2155758146","2051582400","0.047619"
"2051582400","2156543375","0.590476"
"2156543375","2051582400","0.590476"
"2051582400","2157060173","3.42381"
"2157060173","2051582400","3.42381"
"2051582400","51908901","1.19048"
"51908901","2051582400","1.19048"
"2067308467","2069752306","0.380952"
"2069752306","2067308467","0.380952"
"2067308467","2140564105","0.047619"
"2140564105","2067308467","0.047619"
"2067308467","2144948358","0.047619"
"2144948358","2067308467","0.047619"
"2067308467","2149770511","0.497619"
"2149770511","2067308467","0.497619"
"2067308467","2155758146","4.04762"
"2155758146","2067308467","4.04762"
"2067308467","2156543375","0.547619"
"2156543375","2067308467","0.547619"
"2067308467","2157060173","0.414286"
"2157060173","2067308467","0.414286"
"2067308467","51908901","0.047619"
"51908901","2067308467","0.047619"
"2069752306","2140564105","0.047619"
"2140564105","2069752306","0.047619"
"2069752306","2144948358","0.047619"
"2144948358","2069752306","0.047619"
"2069752306","2149770511","0.047619"
"2149770511","2069752306","0.047619"
"2069752306","2155758146","0.380952"
"2155758146","2069752306","0.380952"
"2069752306","2156543375","0.380952"
"2156543375","2069752306","0.380952"
"2069752306","2157060173","0.380952"
"2157060173","2069752306","0.380952"
"2069752306","51908901","0.047619"
"51908901","2069752306","0.047619"
"2140564105","2144948358","0.047619"
"2144948358","2140564105","0.047619"
"2140564105","2149770511","0.047619"
"2149770511","2140564105","0.047619"
"2140564105","2155758146","0.380952"
"2155758146","2140564105","0.380952"
"2140564105","2156543375","0.047619"
"2156543375","2140564105","0.047619"
"2140564105","2157060173","0.047619"
"2157060173","2140564105","0.047619"
"2140564105","51908901","0.047619"
"51908901","2140564105","0.047619"
"2144948358","2149770511","0.190476"
"2149770511","2144948358","0.190476"
"2144948358","2155758146","0.047619"
"2155758146","2144948358","0.047619"
"2144948358","2156543375","1.04762"
"2156543375","2144948358","1.04762"
"2144948358","2157060173","0.047619"
"2157060173","2144948358","0.047619"
"2144948358","51908901","0.190476"
"51908901","2144948358","0.190476"
"2149770511","2155758146","0.047619"
"2155758146","2149770511","0.047619"
"2149770511","2156543375","0.590476"
"2156543375","2149770511","0.590476"
"2149770511","2157060173","1.12381"
"2157060173","2149770511","1.12381"
"2149770511","51908901","0.190476"
"51908901","2149770511","0.190476"
"2155758146","2156543375","0.214286"
"2156543375","2155758146","0.214286"
"2155758146","2157060173","0.214286"
"2157060173","2155758146","0.214286"
"2155758146","51908901","0.047619"
"51908901","2155758146","0.047619"
"2156543375","2157060173","0.757143"
"2157060173","2156543375","0.757143"
"2156543375","51908901","0.047619"
"51908901","2156543375","0.047619"
"2157060173","51908901","1.04762"
"51908901","2157060173","1.04762"
"147783595","1497983450","1.16667"
"1497983450","147783595","1.16667"
"147783595","1503461432","0.166667"
"1503461432","147783595","0.166667"
"147783595","1521870619","0.166667"
"1521870619","147783595","0.166667"
"147783595","1916858705","0.166667"
"1916858705","147783595","0.166667"
"147783595","2079009667","0.166667"
"2079009667","147783595","0.166667"
"147783595","2161311665","0.166667"
"2161311665","147783595","0.166667"
"1497983450","1503461432","0.977778"
"1503461432","1497983450","0.977778"
"1497983450","1521870619","2.52778"
"1521870619","1497983450","2.52778"
"1497983450","1916858705","1.03333"
"1916858705","1497983450","1.03333"
"1497983450","2079009667","5.54444"
"2079009667","1497983450","5.54444"
"1497983450","2161311665","2.87778"
"2161311665","1497983450","2.87778"
"1503461432","1521870619","0.277778"
"1521870619","1503461432","0.277778"
"1503461432","1916858705","3.9"
"1916858705","1503461432","3.9"
"1503461432","2079009667","1.51111"
"2079009667","1503461432","1.51111"
"1503461432","2161311665","0.477778"
"2161311665","1503461432","0.477778"
"1521870619","1916858705","0.166667"
"1916858705","1521870619","0.166667"
"1521870619","2079009667","1.77778"
"2079009667","1521870619","1.77778"
"1521870619","2161311665","1.27778"
"2161311665","1521870619","1.27778"
"1916858705","2079009667","2.9"
"2079009667","1916858705","2.9"
"1916858705","2161311665","0.533333"
"2161311665","1916858705","0.533333"
"2079009667","2161311665","3.21111"
"2161311665","2079009667","3.21111"
"147783595","1610496399","1.5"
"1610496399","147783595","1.5"
"147783595","2008896880","1"
"2008896880","147783595","1"
"147783595","188779069","0.833333"
"188779069","147783595","0.833333"
"147783595","2067308467","0.333333"
"2067308467","147783595","0.333333"
"147783595","2156543375","0.333333"
"2156543375","147783595","0.333333"
"188779069","2067308467","0.333333"
"2067308467","188779069","0.333333"
"188779069","2156543375","0.333333"
"2156543375","188779069","0.333333"
"147783595","2069752306","1"
"2069752306","147783595","1"
"1610496399","188779069","0.5"
"188779069","1610496399","0.5"
"1480700989","1993451156","0.366667"
"1993451156","1480700989","0.366667"
"1499090527","1993451156","0.666667"
"1993451156","1499090527","0.666667"
"1553690653","1993451156","0.866667"
"1993451156","1553690653","0.866667"
"1596947943","1993451156","0.366667"
"1993451156","1596947943","0.366667"
"1993451156","2051582400","2.16667"
"2051582400","1993451156","2.16667"
"1993451156","2140564105","0.166667"
"2140564105","1993451156","0.166667"
"1985712423","1993451156","1.7"
"1993451156","1985712423","1.7"
"1497983450","1552365457","1.86111"
"1552365457","1497983450","1.86111"
"1497983450","2098836692","23.1278"
"2098836692","1497983450","23.1278"
"1521870619","1552365457","0.861111"
"1552365457","1521870619","0.861111"
"1521870619","2098836692","3.19444"
"2098836692","1521870619","3.19444"
"1552365457","2098836692","3.27778"
"2098836692","1552365457","3.27778"
"1497983450","1558061241","1.36667"
"1558061241","1497983450","1.36667"
"1497983450","2119601151","1.14444"
"2119601151","1497983450","1.14444"
"1558061241","2079009667","8.56667"
"2079009667","1558061241","8.56667"
"1558061241","2098836692","0.733333"
"2098836692","1558061241","0.733333"
"1558061241","2119601151","0.2"
"2119601151","1558061241","0.2"
"1558061241","2161311665","0.7"
"2161311665","1558061241","0.7"
"2079009667","2098836692","5.16111"
"2098836692","2079009667","5.16111"
"2079009667","2119601151","1.64444"
"2119601151","2079009667","1.64444"
"2098836692","2119601151","2.31111"
"2119601151","2098836692","2.31111"
"2098836692","2161311665","3.96111"
"2161311665","2098836692","3.96111"
"2119601151","2161311665","3.14444"
"2161311665","2119601151","3.14444"
"1497983450","1528326260","0.866667"
"1528326260","1497983450","0.866667"
"1497983450","1562671244","1.28333"
"1562671244","1497983450","1.28333"
"1528326260","1562671244","1.36667"
"1562671244","1528326260","1.36667"
"1528326260","2079009667","2.36667"
"2079009667","1528326260","2.36667"
"1528326260","2098836692","0.2"
"2098836692","1528326260","0.2"
"1528326260","2161311665","0.366667"
"2161311665","1528326260","0.366667"
"1562671244","2079009667","3.81667"
"2079009667","1562671244","3.81667"
"1562671244","2098836692","1.15"
"2098836692","1562671244","1.15"
"1562671244","2161311665","0.783333"
"2161311665","1562671244","0.783333"
"1497983450","2030724661","0.861111"
"2030724661","1497983450","0.861111"
"1521870619","2030724661","0.361111"
"2030724661","1521870619","0.361111"
"1552365457","2030724661","4.19444"
"2030724661","1552365457","4.19444"
"2030724661","2098836692","1.94444"
"2098836692","2030724661","1.94444"
"1528326260","1558061241","1.66667"
"1558061241","1528326260","1.66667"
"1528326260","1916858705","0.166667"
"1916858705","1528326260","0.166667"
"1558061241","1562671244","1.36667"
"1562671244","1558061241","1.36667"
"1558061241","1916858705","4.53333"
"1916858705","1558061241","4.53333"
"1562671244","1916858705","0.366667"
"1916858705","1562671244","0.366667"
"1497983450","25200203","0.861111"
"25200203","1497983450","0.861111"
"1503461432","1552365457","0.444444"
"1552365457","1503461432","0.444444"
"1503461432","2030724661","0.111111"
"2030724661","1503461432","0.111111"
"1503461432","2098836692","1.34444"
"2098836692","1503461432","1.34444"
"1503461432","2119601151","0.444444"
"2119601151","1503461432","0.444444"
"1503461432","25200203","0.111111"
"25200203","1503461432","0.111111"
"1521870619","2119601151","0.111111"
"2119601151","1521870619","0.111111"
"1521870619","25200203","0.111111"
"25200203","1521870619","0.111111"
"1552365457","2079009667","0.527778"
"2079009667","1552365457","0.527778"
"1552365457","2119601151","0.444444"
"2119601151","1552365457","0.444444"
"1552365457","2161311665","0.527778"
"2161311665","1552365457","0.527778"
"1552365457","25200203","0.694444"
"25200203","1552365457","0.694444"
"2030724661","2079009667","0.361111"
"2079009667","2030724661","0.361111"
"2030724661","2119601151","0.111111"
"2119601151","2030724661","0.111111"
"2030724661","2161311665","0.361111"
"2161311665","2030724661","0.361111"
"2030724661","25200203","0.694444"
"25200203","2030724661","0.694444"
"2079009667","25200203","0.111111"
"25200203","2079009667","0.111111"
"2098836692","25200203","1.19444"
"25200203","2098836692","1.19444"
"2119601151","25200203","0.111111"
"25200203","2119601151","0.111111"
"2161311665","25200203","0.111111"
"25200203","2161311665","0.111111"
"1521870619","1562671244","0.166667"
"1562671244","1521870619","0.166667"
"1552365457","1562671244","0.166667"
"1562671244","1552365457","0.166667"
"1916858705","2098836692","0.9"
"2098836692","1916858705","0.9"
"1497983450","2078770868","0.5"
"2078770868","1497983450","0.5"
"2078770868","2098836692","0.5"
"2098836692","2078770868","0.5"
"1499090527","1610496399","0.25"
"1610496399","1499090527","0.25"
"1499090527","2008896880","0.25"
"2008896880","1499090527","0.25"
"1610496399","2008896880","3.05952"
"2008896880","1610496399","3.05952"
"1610496399","2043420170","0.25"
"2043420170","1610496399","0.25"
"1610496399","2140564105","0.25"
"2140564105","1610496399","0.25"
"2008896880","2043420170","0.583333"
"2043420170","2008896880","0.583333"
"2008896880","2140564105","0.25"
"2140564105","2008896880","0.25"
"1502688274","1610496399","0.5"
"1610496399","1502688274","0.5"
"1610496399","2029841382","0.5"
"2029841382","1610496399","0.5"
"1502688274","2043437843","0.333333"
"2043437843","1502688274","0.333333"
"1502688274","2079971532","0.333333"
"2079971532","1502688274","0.333333"
"2029841382","2043437843","0.583333"
"2043437843","2029841382","0.583333"
"2029841382","2079971532","0.583333"
"2079971532","2029841382","0.583333"
"2043437843","2079971532","1.91667"
"2079971532","2043437843","1.91667"
"1502688274","1878860608","2.33333"
"1878860608","1502688274","2.33333"
"1502688274","2161166212","0.333333"
"2161166212","1502688274","0.333333"
"1878860608","2029841382","1.33333"
"2029841382","1878860608","1.33333"
"1878860608","2161166212","0.333333"
"2161166212","1878860608","0.333333"
"2029841382","2161166212","3.33333"
"2161166212","2029841382","3.33333"
"1503461432","1558061241","1.03333"
"1558061241","1503461432","1.03333"
"1503461432","1562671244","0.2"
"1562671244","1503461432","0.2"
"1525800142","2155758146","1"
"2155758146","1525800142","1"
"1525800142","1601958274","0.5"
"1601958274","1525800142","0.5"
"1525800142","2175179541","0.5"
"2175179541","1525800142","0.5"
"1601958274","2175179541","6.33333"
"2175179541","1601958274","6.33333"
"1526177690","1528326260","1"
"1528326260","1526177690","1"
"1528326260","192185645","4"
"192185645","1528326260","4"
"1528326260","1610496399","1"
"1610496399","1528326260","1"
"1528326260","1601019091","0.5"
"1601019091","1528326260","0.5"
"1528326260","2143489215","0.5"
"2143489215","1528326260","0.5"
"1601019091","2143489215","24.5"
"2143489215","1601019091","24.5"
"1558061241","2574458407","0.333333"
"2574458407","1558061241","0.333333"
"1916858705","2574458407","0.333333"
"2574458407","1916858705","0.333333"
"2079009667","2574458407","1.33333"
"2574458407","2079009667","1.33333"
"1558061241","2070162726","0.5"
"2070162726","1558061241","0.5"
"2070162726","2079009667","0.5"
"2079009667","2070162726","0.5"
"1562671244","2119601151","0.333333"
"2119601151","1562671244","0.333333"
"1563798137","1800215808","4.16667"
"1800215808","1563798137","4.16667"
"1563798137","2067308467","0.916667"
"2067308467","1563798137","0.916667"
"1800215808","2067308467","1.5"
"2067308467","1800215808","1.5"
"1563798137","2008896880","1.08333"
"2008896880","1563798137","1.08333"
"1563798137","2139135093","0.583333"
"2139135093","1563798137","0.583333"
"1563798137","2149770511","0.25"
"2149770511","1563798137","0.25"
"2008896880","2067308467","1.61667"
"2067308467","2008896880","1.61667"
"2008896880","2139135093","5.42619"
"2139135093","2008896880","5.42619"
"2008896880","2149770511","1.32619"
"2149770511","2008896880","1.32619"
"2067308467","2139135093","0.416667"
"2139135093","2067308467","0.416667"
"2139135093","2149770511","0.592857"
"2149770511","2139135093","0.592857"
"1563798137","2155758146","0.166667"
"2155758146","1563798137","0.166667"
"1563798137","2156543375","0.166667"
"2156543375","1563798137","0.166667"
"1563798137","2157060173","0.333333"
"2157060173","1563798137","0.333333"
"2008896880","2155758146","1.16667"
"2155758146","2008896880","1.16667"
"2008896880","2156543375","1.54286"
"2156543375","2008896880","1.54286"
"2008896880","2157060173","4.90952"
"2157060173","2008896880","4.90952"
"2139135093","2155758146","0.166667"
"2155758146","2139135093","0.166667"
"2139135093","2156543375","1.84286"
"2156543375","2139135093","1.84286"
"2139135093","2157060173","1.34286"
"2157060173","2139135093","1.34286"
"1800215808","2008896880","3.80952"
"2008896880","1800215808","3.80952"
"1563798137","1610496399","0.166667"
"1610496399","1563798137","0.166667"
"1563798137","2051582400","0.166667"
"2051582400","1563798137","0.166667"
"1610496399","1800215808","1.30952"
"1800215808","1610496399","1.30952"
"1610496399","2051582400","0.309524"
"2051582400","1610496399","0.309524"
"1610496399","2139135093","0.309524"
"2139135093","1610496399","0.309524"
"1610496399","2157060173","0.309524"
"2157060173","1610496399","0.309524"
"1800215808","2051582400","0.809524"
"2051582400","1800215808","0.809524"
"1800215808","2139135093","0.809524"
"2139135093","1800215808","0.809524"
"1800215808","2157060173","0.309524"
"2157060173","1800215808","0.309524"
"2008896880","2051582400","4.04286"
"2051582400","2008896880","4.04286"
"2051582400","2139135093","1.17619"
"2139135093","2051582400","1.17619"
"1596947943","2008896880","0.2"
"2008896880","1596947943","0.2"
"1985712423","2008896880","0.4"
"2008896880","1985712423","0.4"
"1601958274","45942636","0.333333"
"45942636","1601958274","0.333333"
"1601958274","69638526","0.333333"
"69638526","1601958274","0.333333"
"2175179541","45942636","0.333333"
"45942636","2175179541","0.333333"
"2175179541","69638526","0.333333"
"69638526","2175179541","0.333333"
"45942636","69638526","0.333333"
"69638526","45942636","0.333333"
"1601958274","2146031919","0.5"
"2146031919","1601958274","0.5"
"2146031919","2175179541","1.5"
"2175179541","2146031919","1.5"
"1610496399","2156543375","0.642857"
"2156543375","1610496399","0.642857"
"1610496399","2149770511","0.142857"
"2149770511","1610496399","0.142857"
"1800215808","2149770511","0.142857"
"2149770511","1800215808","0.142857"
"1800215808","2156543375","0.142857"
"2156543375","1800215808","0.142857"
"1610496399","51908901","1"
"51908901","1610496399","1"
"161656270","2110964139","4.16667"
"2110964139","161656270","4.16667"
"161656270","2102109323","3.16667"
"2102109323","161656270","3.16667"
"161656270","2109385838","1.83333"
"2109385838","161656270","1.83333"
"2102109323","2109385838","0.333333"
"2109385838","2102109323","0.333333"
"2102109323","2110964139","4.16667"
"2110964139","2102109323","4.16667"
"2109385838","2110964139","1.33333"
"2110964139","2109385838","1.33333"
"2102109323","51908901","2.16667"
"51908901","2102109323","2.16667"
"2110964139","51908901","0.333333"
"51908901","2110964139","0.333333"
"2109385838","51908901","0.5"
"51908901","2109385838","0.5"
"1878860608","2063178659","0.333333"
"2063178659","1878860608","0.333333"
"1878860608","2102109323","0.333333"
"2102109323","1878860608","0.333333"
"1878860608","51908901","0.333333"
"51908901","1878860608","0.333333"
"2063178659","2102109323","0.333333"
"2102109323","2063178659","0.333333"
"2063178659","51908901","0.333333"
"51908901","2063178659","0.333333"
"1968474831","2161166212","1"
"2161166212","1968474831","1"
"1968474831","2952525522","1"
"2952525522","1968474831","1"
"1968474831","1986017822","0.5"
"1986017822","1968474831","0.5"
"1968474831","2079971532","0.5"
"2079971532","1968474831","0.5"
"1986017822","2079971532","1.58333"
"2079971532","1986017822","1.58333"
"1968474831","2907089464","1"
"2907089464","1968474831","1"
"1985712423","1986017822","0.5"
"1986017822","1985712423","0.5"
"1985712423","2070162726","0.5"
"2070162726","1985712423","0.5"
"1986017822","2070162726","1.58333"
"2070162726","1986017822","1.58333"
"1986017822","2043437843","0.583333"
"2043437843","1986017822","0.583333"
"2043437843","2070162726","0.583333"
"2070162726","2043437843","0.583333"
"2070162726","2079971532","6.08333"
"2079971532","2070162726","6.08333"
"1986017822","2029841382","0.25"
"2029841382","1986017822","0.25"
"2029841382","2070162726","0.25"
"2070162726","2029841382","0.25"
"1993215051","2063178659","1"
"2063178659","1993215051","1"
"1993215051","2102109323","0.5"
"2102109323","1993215051","0.5"
"1993215051","51908901","0.5"
"51908901","1993215051","0.5"
"2001558548","2293098706","3"
"2293098706","2001558548","3"
"2001558548","758106613","2.83333"
"758106613","2001558548","2.83333"
"2293098706","758106613","2"
"758106613","2293098706","2"
"2001558548","2622120834","0.833333"
"2622120834","2001558548","0.833333"
"2293098706","2622120834","0.5"
"2622120834","2293098706","0.5"
"2001558548","2516734083","0.333333"
"2516734083","2001558548","0.333333"
"2516734083","2622120834","1.83333"
"2622120834","2516734083","1.83333"
"2516734083","758106613","10.3333"
"758106613","2516734083","10.3333"
"2622120834","758106613","0.833333"
"758106613","2622120834","0.833333"
"2008896880","2069752306","0.333333"
"2069752306","2008896880","0.333333"
"2069752306","2139135093","0.333333"
"2139135093","2069752306","0.333333"
"2078770868","2079009667","0.5"
"2079009667","2078770868","0.5"
"2078770868","2161311665","0.5"
"2161311665","2078770868","0.5"
"2079971532","2585919964","1.5"
"2585919964","2079971532","1.5"
"2079971532","2907089464","1"
"2907089464","2079971532","1"
"2079971532","2574458407","0.5"
"2574458407","2079971532","0.5"
"2574458407","2585919964","15.5"
"2585919964","2574458407","15.5"
"2079971532","51908901","1"
"51908901","2079971532","1"
"2109385838","4029110","1"
"4029110","2109385838","1"
"2110964139","4029110","2"
"4029110","2110964139","2"
"2293098706","2516734083","0.5"
"2516734083","2293098706","0.5"
"2516734083","2907089464","1"
"2907089464","2516734083","1"
"2574458407","2907089464","1"
"2907089464","2574458407","1"
"2622120834","2907089464","3"
"2907089464","2622120834","3"
