"1514559109","1911635971","55.8956"
"1911635971","1514559109","55.8956"
"1514559109","2143109973","4.96525"
"2143109973","1514559109","4.96525"
"1911635971","2143109973","11.1658"
"2143109973","1911635971","11.1658"
"1514559109","1530730123","3.60881"
"1530730123","1514559109","3.60881"
"1514559109","1575830716","2.24431"
"1575830716","1514559109","2.24431"
"1514559109","1625648588","4.17521"
"1625648588","1514559109","4.17521"
"1514559109","1783793609","3.19306"
"1783793609","1514559109","3.19306"
"1514559109","1825651452","3.19306"
"1825651452","1514559109","3.19306"
"1514559109","1836080070","2.63192"
"1836080070","1514559109","2.63192"
"1514559109","1866128826","2.86208"
"1866128826","1514559109","2.86208"
"1514559109","1877461462","3.19306"
"1877461462","1514559109","3.19306"
"1514559109","1888443444","2.84187"
"1888443444","1514559109","2.84187"
"1514559109","1901527012","3.1934"
"1901527012","1514559109","3.1934"
"1514559109","1924233013","2.23704"
"1924233013","1514559109","2.23704"
"1514559109","1941002719","2.23647"
"1941002719","1514559109","2.23647"
"1514559109","1951130701","2.57309"
"1951130701","1514559109","2.57309"
"1514559109","1960217139","2.83192"
"1960217139","1514559109","2.83192"
"1514559109","2098562945","3.19306"
"2098562945","1514559109","3.19306"
"1514559109","2101008724","3.10643"
"2101008724","1514559109","3.10643"
"1514559109","2104264046","2.66763"
"2104264046","1514559109","2.66763"
"1514559109","2118300465","4.00096"
"2118300465","1514559109","4.00096"
"1514559109","2123385800","2.97874"
"2123385800","1514559109","2.97874"
"1514559109","2139788372","11.1557"
"2139788372","1514559109","11.1557"
"1514559109","2154549901","4.72874"
"2154549901","1514559109","4.72874"
"1514559109","2286485011","3.25223"
"2286485011","1514559109","3.25223"
"1514559109","2608410781","3.25223"
"2608410781","1514559109","3.25223"
"1514559109","2736841341","3.25223"
"2736841341","1514559109","3.25223"
"1514559109","2769148086","3.25223"
"2769148086","1514559109","3.25223"
"1514559109","328811196","2.45405"
"328811196","1514559109","2.45405"
"1530730123","1575830716","1.89191"
"1575830716","1530730123","1.89191"
"1530730123","1625648588","3.81978"
"1625648588","1530730123","3.81978"
"1530730123","1783793609","3.81224"
"1783793609","1530730123","3.81224"
"1530730123","1825651452","3.74557"
"1825651452","1530730123","3.74557"
"1530730123","1836080070","2.98336"
"1836080070","1530730123","2.98336"
"1530730123","1866128826","7.7056"
"1866128826","1530730123","7.7056"
"1530730123","1877461462","3.89919"
"1877461462","1530730123","3.89919"
"1530730123","1888443444","3.49623"
"1888443444","1530730123","3.49623"
"1530730123","1901527012","4.68338"
"1901527012","1530730123","4.68338"
"1530730123","1911635971","7.18502"
"1911635971","1530730123","7.18502"
"1530730123","1924233013","2.51771"
"1924233013","1530730123","2.51771"
"1530730123","1941002719","2.13407"
"1941002719","1530730123","2.13407"
"1530730123","1951130701","3.07032"
"1951130701","1530730123","3.07032"
"1530730123","1960217139","3.98336"
"1960217139","1530730123","3.98336"
"1530730123","2098562945","3.81224"
"2098562945","1530730123","3.81224"
"1530730123","2101008724","40.5144"
"2101008724","1530730123","40.5144"
"1530730123","2104264046","3.77693"
"2104264046","1530730123","3.77693"
"1530730123","2118300465","3.63474"
"2118300465","1530730123","3.63474"
"1530730123","2123385800","3.48937"
"2123385800","1530730123","3.48937"
"1530730123","2139788372","2.57309"
"2139788372","1530730123","2.57309"
"1530730123","2143109973","3.14724"
"2143109973","1530730123","3.14724"
"1530730123","2154549901","12.0628"
"2154549901","1530730123","12.0628"
"1530730123","2286485011","4.73896"
"2286485011","1530730123","4.73896"
"1530730123","2608410781","5.07592"
"2608410781","1530730123","5.07592"
"1530730123","2736841341","4.9581"
"2736841341","1530730123","4.9581"
"1530730123","2769148086","4.68798"
"2769148086","1530730123","4.68798"
"1530730123","328811196","2.45405"
"328811196","1530730123","2.45405"
"1575830716","1625648588","1.69851"
"1625648588","1575830716","1.69851"
"1575830716","1783793609","7.73103"
"1783793609","1575830716","7.73103"
"1575830716","1825651452","6.73103"
"1825651452","1575830716","6.73103"
"1575830716","1836080070","1.6628"
"1836080070","1575830716","1.6628"
"1575830716","1866128826","2.10073"
"1866128826","1575830716","2.10073"
"1575830716","1877461462","11.3977"
"1877461462","1575830716","11.3977"
"1575830716","1888443444","1.80866"
"1888443444","1575830716","1.80866"
"1575830716","1901527012","2.26076"
"1901527012","1575830716","2.26076"
"1575830716","1911635971","2.48254"
"1911635971","1575830716","2.48254"
"1575830716","1924233013","1.36508"
"1924233013","1575830716","1.36508"
"1575830716","1941002719","9.98103"
"1941002719","1575830716","9.98103"
"1575830716","1951130701","1.62434"
"1951130701","1575830716","1.62434"
"1575830716","1960217139","1.62434"
"1960217139","1575830716","1.62434"
"1575830716","2098562945","10.8977"
"2098562945","1575830716","10.8977"
"1575830716","2101008724","1.81272"
"2101008724","1575830716","1.81272"
"1575830716","2104264046","2.39534"
"2104264046","1575830716","2.39534"
"1575830716","2118300465","1.66005"
"2118300465","1575830716","1.66005"
"1575830716","2123385800","1.69851"
"2123385800","1575830716","1.69851"
"1575830716","2139788372","1.62434"
"2139788372","1575830716","1.62434"
"1575830716","2143109973","1.72162"
"2143109973","1575830716","1.72162"
"1575830716","2154549901","1.924"
"2154549901","1575830716","1.924"
"1575830716","2286485011","2.31958"
"2286485011","1575830716","2.31958"
"1575830716","2608410781","2.31958"
"2608410781","1575830716","2.31958"
"1575830716","2736841341","2.31958"
"2736841341","1575830716","2.31958"
"1575830716","2769148086","2.31958"
"2769148086","1575830716","2.31958"
"1575830716","328811196","1.58862"
"328811196","1575830716","1.58862"
"1625648588","1783793609","3.11017"
"1783793609","1625648588","3.11017"
"1625648588","1825651452","3.11017"
"1825651452","1625648588","3.11017"
"1625648588","1836080070","3.15757"
"1836080070","1625648588","3.15757"
"1625648588","1866128826","3.26749"
"1866128826","1625648588","3.26749"
"1625648588","1877461462","3.19713"
"1877461462","1625648588","3.19713"
"1625648588","1888443444","3.39185"
"1888443444","1625648588","3.39185"
"1625648588","1901527012","3.52491"
"1901527012","1625648588","3.52491"
"1625648588","1911635971","24.0883"
"1911635971","1625648588","24.0883"
"1625648588","1924233013","2.35105"
"1924233013","1625648588","2.35105"
"1625648588","1941002719","1.77401"
"1941002719","1625648588","1.77401"
"1625648588","1951130701","3.07032"
"1951130701","1625648588","3.07032"
"1625648588","1960217139","3.04219"
"1960217139","1625648588","3.04219"
"1625648588","2098562945","3.11017"
"2098562945","1625648588","3.11017"
"1625648588","2101008724","3.12295"
"2101008724","1625648588","3.12295"
"1625648588","2104264046","3.19713"
"2104264046","1625648588","3.19713"
"1625648588","2118300465","12.1102"
"2118300465","1625648588","12.1102"
"1625648588","2123385800","3.25332"
"2123385800","1625648588","3.25332"
"1625648588","2139788372","2.57309"
"2139788372","1625648588","2.57309"
"1625648588","2143109973","3.35878"
"2143109973","1625648588","3.35878"
"1625648588","2154549901","11.1607"
"2154549901","1625648588","11.1607"
"1625648588","2286485011","3.39249"
"2286485011","1625648588","3.39249"
"1625648588","2608410781","3.55637"
"2608410781","1625648588","3.55637"
"1625648588","2736841341","3.43856"
"2736841341","1625648588","3.43856"
"1625648588","2769148086","3.34152"
"2769148086","1625648588","3.34152"
"1625648588","328811196","2.45405"
"328811196","1625648588","2.45405"
"1783793609","1825651452","15.8514"
"1825651452","1783793609","15.8514"
"1783793609","1836080070","3.13294"
"1836080070","1783793609","3.13294"
"1783793609","1866128826","3.94414"
"1866128826","1783793609","3.94414"
"1783793609","1877461462","18.1402"
"1877461462","1783793609","18.1402"
"1783793609","1888443444","3.13197"
"1888443444","1783793609","3.13197"
"1783793609","1901527012","4.68664"
"1901527012","1783793609","4.68664"
"1783793609","1911635971","4.70071"
"1911635971","1783793609","4.70071"
"1783793609","1924233013","2.46216"
"1924233013","1783793609","2.46216"
"1783793609","1941002719","8.05653"
"1941002719","1783793609","8.05653"
"1783793609","1951130701","2.98336"
"1951130701","1783793609","2.98336"
"1783793609","1960217139","2.98336"
"1960217139","1783793609","2.98336"
"1783793609","2098562945","18.1402"
"2098562945","1783793609","18.1402"
"1783793609","2101008724","3.98945"
"2101008724","1783793609","3.98945"
"1783793609","2104264046","4.749"
"2104264046","1783793609","4.749"
"1783793609","2118300465","3.08474"
"2118300465","1783793609","3.08474"
"1783793609","2123385800","3.05754"
"2123385800","1783793609","3.05754"
"1783793609","2139788372","2.57309"
"2139788372","1783793609","2.57309"
"1783793609","2143109973","3.15757"
"2143109973","1783793609","3.15757"
"1783793609","2154549901","3.611"
"2154549901","1783793609","3.611"
"1783793609","2286485011","4.60001"
"2286485011","1783793609","4.60001"
"1783793609","2608410781","4.71112"
"2608410781","1783793609","4.71112"
"1783793609","2736841341","4.5933"
"2736841341","1783793609","4.5933"
"1783793609","2769148086","4.46208"
"2769148086","1783793609","4.46208"
"1783793609","328811196","2.45405"
"328811196","1783793609","2.45405"
"1825651452","1836080070","3.13294"
"1836080070","1825651452","3.13294"
"1825651452","1866128826","3.87747"
"1866128826","1825651452","3.87747"
"1825651452","1877461462","17.6569"
"1877461462","1825651452","17.6569"
"1825651452","1888443444","3.13197"
"1888443444","1825651452","3.13197"
"1825651452","1901527012","4.68664"
"1901527012","1825651452","4.68664"
"1825651452","1911635971","5.39162"
"1911635971","1825651452","5.39162"
"1825651452","1924233013","2.46216"
"1924233013","1825651452","2.46216"
"1825651452","1941002719","7.38986"
"1941002719","1825651452","7.38986"
"1825651452","1951130701","2.98336"
"1951130701","1825651452","2.98336"
"1825651452","1960217139","2.98336"
"1960217139","1825651452","2.98336"
"1825651452","2098562945","17.4145"
"2098562945","1825651452","17.4145"
"1825651452","2101008724","3.58945"
"2101008724","1825651452","3.58945"
"1825651452","2104264046","4.93991"
"2104264046","1825651452","4.93991"
"1825651452","2118300465","3.08474"
"2118300465","1825651452","3.08474"
"1825651452","2123385800","3.05754"
"2123385800","1825651452","3.05754"
"1825651452","2139788372","2.57309"
"2139788372","1825651452","2.57309"
"1825651452","2143109973","3.15757"
"2143109973","1825651452","3.15757"
"1825651452","2154549901","3.44433"
"2154549901","1825651452","3.44433"
"1825651452","2286485011","4.62425"
"2286485011","1825651452","4.62425"
"1825651452","2608410781","4.98536"
"2608410781","1825651452","4.98536"
"1825651452","2736841341","4.86754"
"2736841341","1825651452","4.86754"
"1825651452","2769148086","4.48632"
"2769148086","1825651452","4.48632"
"1825651452","328811196","2.45405"
"328811196","1825651452","2.45405"
"1836080070","1866128826","3.04219"
"1866128826","1836080070","3.04219"
"1836080070","1877461462","3.02183"
"1877461462","1836080070","3.02183"
"1836080070","1888443444","48.1885"
"1888443444","1836080070","48.1885"
"1836080070","1901527012","3.02183"
"1901527012","1836080070","3.02183"
"1836080070","1911635971","3.13789"
"1911635971","1836080070","3.13789"
"1836080070","1924233013","2.35105"
"1924233013","1836080070","2.35105"
"1836080070","1941002719","1.7383"
"1941002719","1836080070","1.7383"
"1836080070","1951130701","2.98336"
"1951130701","1836080070","2.98336"
"1836080070","1960217139","3.04219"
"1960217139","1836080070","3.04219"
"1836080070","2098562945","3.02183"
"2098562945","1836080070","3.02183"
"1836080070","2101008724","2.98336"
"2101008724","1836080070","2.98336"
"1836080070","2104264046","3.08849"
"2104264046","1836080070","3.08849"
"1836080070","2118300465","3.10784"
"2118300465","1836080070","3.10784"
"1836080070","2123385800","3.15757"
"2123385800","1836080070","3.15757"
"1836080070","2139788372","2.57309"
"2139788372","1836080070","2.57309"
"1836080070","2143109973","3.09875"
"2143109973","1836080070","3.09875"
"1836080070","2154549901","3.2345"
"2154549901","1836080070","3.2345"
"1836080070","2286485011","3.04304"
"2286485011","1836080070","3.04304"
"1836080070","2608410781","3.23107"
"2608410781","1836080070","3.23107"
"1836080070","2736841341","3.11326"
"2736841341","1836080070","3.11326"
"1836080070","2769148086","2.90511"
"2769148086","1836080070","2.90511"
"1836080070","328811196","2.45405"
"328811196","1836080070","2.45405"
"1866128826","1877461462","5.03109"
"1877461462","1866128826","5.03109"
"1866128826","1888443444","3.74544"
"1888443444","1866128826","3.74544"
"1866128826","1901527012","4.73651"
"1901527012","1866128826","4.73651"
"1866128826","1911635971","4.82645"
"1911635971","1866128826","4.82645"
"1866128826","1924233013","2.4939"
"1924233013","1866128826","2.4939"
"1866128826","1941002719","2.0929"
"1941002719","1866128826","2.0929"
"1866128826","1951130701","3.07032"
"1951130701","1866128826","3.07032"
"1866128826","1960217139","3.04219"
"1960217139","1866128826","3.04219"
"1866128826","2098562945","3.94414"
"2098562945","1866128826","3.94414"
"1866128826","2101008724","9.57641"
"2101008724","1866128826","9.57641"
"1866128826","2104264046","3.7375"
"2104264046","1866128826","3.7375"
"1866128826","2118300465","3.08245"
"2118300465","1866128826","3.08245"
"1866128826","2123385800","3.53708"
"2123385800","1866128826","3.53708"
"1866128826","2139788372","2.90643"
"2139788372","1866128826","2.90643"
"1866128826","2143109973","3.40365"
"2143109973","1866128826","3.40365"
"1866128826","2154549901","3.69834"
"2154549901","1866128826","3.69834"
"1866128826","2286485011","4.6041"
"2286485011","1866128826","4.6041"
"1866128826","2608410781","5.02439"
"2608410781","1866128826","5.02439"
"1866128826","2736841341","4.90657"
"2736841341","1866128826","4.90657"
"1866128826","2769148086","4.88646"
"2769148086","1866128826","4.88646"
"1866128826","328811196","2.45405"
"328811196","1866128826","2.45405"
"1877461462","1888443444","3.21893"
"1888443444","1877461462","3.21893"
"1877461462","1901527012","4.77359"
"1901527012","1877461462","4.77359"
"1877461462","1911635971","5.45433"
"1911635971","1877461462","5.45433"
"1877461462","1924233013","2.46216"
"1924233013","1877461462","2.46216"
"1877461462","1941002719","11.7232"
"1941002719","1877461462","11.7232"
"1877461462","1951130701","3.07032"
"1951130701","1877461462","3.07032"
"1877461462","1960217139","2.98336"
"1960217139","1877461462","2.98336"
"1877461462","2098562945","38.8902"
"2098562945","1877461462","38.8902"
"1877461462","2101008724","4.07641"
"2101008724","1877461462","4.07641"
"1877461462","2104264046","5.66929"
"2104264046","1877461462","5.66929"
"1877461462","2118300465","2.97362"
"2118300465","1877461462","2.97362"
"1877461462","2123385800","4.1445"
"2123385800","1877461462","4.1445"
"1877461462","2139788372","2.57309"
"2139788372","1877461462","2.57309"
"1877461462","2143109973","3.24453"
"2143109973","1877461462","3.24453"
"1877461462","2154549901","3.69795"
"2154549901","1877461462","3.69795"
"1877461462","2286485011","4.60001"
"2286485011","1877461462","4.60001"
"1877461462","2608410781","4.93696"
"2608410781","1877461462","4.93696"
"1877461462","2736841341","4.81915"
"2736841341","1877461462","4.81915"
"1877461462","2769148086","4.54903"
"2769148086","1877461462","4.54903"
"1877461462","328811196","2.45405"
"328811196","1877461462","2.45405"
"1888443444","1901527012","3.33619"
"1901527012","1888443444","3.33619"
"1888443444","1911635971","3.72609"
"1911635971","1888443444","3.72609"
"1888443444","1924233013","2.31533"
"1924233013","1888443444","2.31533"
"1888443444","1941002719","1.88416"
"1941002719","1888443444","1.88416"
"1888443444","1951130701","3.03461"
"1951130701","1888443444","3.03461"
"1888443444","1960217139","3.00647"
"1960217139","1888443444","3.00647"
"1888443444","2098562945","3.13197"
"2098562945","1888443444","3.13197"
"1888443444","2101008724","3.36704"
"2101008724","1888443444","3.36704"
"1888443444","2104264046","3.34025"
"2104264046","1888443444","3.34025"
"1888443444","2118300465","3.04673"
"2118300465","1888443444","3.04673"
"1888443444","2123385800","3.59655"
"2123385800","1888443444","3.59655"
"1888443444","2139788372","2.57309"
"2139788372","1888443444","2.57309"
"1888443444","2143109973","3.14999"
"2143109973","1888443444","3.14999"
"1888443444","2154549901","4.03454"
"2154549901","1888443444","4.03454"
"1888443444","2286485011","3.4751"
"2286485011","1888443444","3.4751"
"1888443444","2608410781","3.65297"
"2608410781","1888443444","3.65297"
"1888443444","2736841341","3.57087"
"2736841341","1888443444","3.57087"
"1888443444","2769148086","3.51504"
"2769148086","1888443444","3.51504"
"1888443444","328811196","2.45405"
"328811196","1888443444","2.45405"
"1901527012","1911635971","9.85374"
"1911635971","1901527012","9.85374"
"1901527012","1924233013","11.48"
"1924233013","1901527012","11.48"
"1901527012","1941002719","2.25292"
"1941002719","1901527012","2.25292"
"1901527012","1951130701","6.04651"
"1951130701","1901527012","6.04651"
"1901527012","1960217139","2.98336"
"1960217139","1901527012","2.98336"
"1901527012","2098562945","4.68664"
"2098562945","1901527012","4.68664"
"1901527012","2101008724","3.43282"
"2101008724","1901527012","3.43282"
"1901527012","2104264046","3.87713"
"2104264046","1901527012","3.87713"
"1901527012","2118300465","3.13474"
"2118300465","1901527012","3.13474"
"1901527012","2123385800","3.67227"
"2123385800","1901527012","3.67227"
"1901527012","2139788372","2.789"
"2139788372","1901527012","2.789"
"1901527012","2143109973","3.18571"
"2143109973","1901527012","3.18571"
"1901527012","2154549901","4.03268"
"2154549901","1901527012","4.03268"
"1901527012","2286485011","44.1601"
"2286485011","1901527012","44.1601"
"1901527012","2608410781","42.747"
"2608410781","1901527012","42.747"
"1901527012","2736841341","41.6459"
"2736841341","1901527012","41.6459"
"1901527012","2769148086","41.6258"
"2769148086","1901527012","41.6258"
"1901527012","328811196","6.9969"
"328811196","1901527012","6.9969"
"1911635971","1924233013","4.03897"
"1924233013","1911635971","4.03897"
"1911635971","1941002719","2.47471"
"1941002719","1911635971","2.47471"
"1911635971","1951130701","3.04991"
"1951130701","1911635971","3.04991"
"1911635971","1960217139","4.07892"
"1960217139","1911635971","4.07892"
"1911635971","2098562945","5.12495"
"2098562945","1911635971","5.12495"
"1911635971","2101008724","6.83446"
"2101008724","1911635971","6.83446"
"1911635971","2104264046","5.85982"
"2104264046","1911635971","5.85982"
"1911635971","2118300465","11.4924"
"2118300465","1911635971","11.4924"
"1911635971","2123385800","3.6599"
"2123385800","1911635971","3.6599"
"1911635971","2139788372","12.489"
"2139788372","1911635971","12.489"
"1911635971","2154549901","13.8561"
"2154549901","1911635971","13.8561"
"1911635971","2286485011","10.5037"
"2286485011","1911635971","10.5037"
"1911635971","2608410781","11.1675"
"2608410781","1911635971","11.1675"
"1911635971","2736841341","10.9175"
"2736841341","1911635971","10.9175"
"1911635971","2769148086","10.2027"
"2769148086","1911635971","10.2027"
"1911635971","328811196","3.26357"
"328811196","1911635971","3.26357"
"1924233013","1941002719","1.40212"
"1941002719","1924233013","1.40212"
"1924233013","1951130701","2.75105"
"1951130701","1924233013","2.75105"
"1924233013","1960217139","2.35105"
"1960217139","1924233013","2.35105"
"1924233013","2098562945","2.46216"
"2098562945","1924233013","2.46216"
"1924233013","2101008724","2.35105"
"2101008724","1924233013","2.35105"
"1924233013","2104264046","2.35105"
"2104264046","1924233013","2.35105"
"1924233013","2118300465","2.30559"
"2118300465","1924233013","2.30559"
"1924233013","2123385800","2.35105"
"2123385800","1924233013","2.35105"
"1924233013","2139788372","2.23704"
"2139788372","1924233013","2.23704"
"1924233013","2143109973","2.35105"
"2143109973","1924233013","2.35105"
"1924233013","2154549901","2.35105"
"2154549901","1924233013","2.35105"
"1924233013","2286485011","11.6012"
"2286485011","1924233013","11.6012"
"1924233013","2608410781","12.2679"
"2608410781","1924233013","12.2679"
"1924233013","2736841341","10.3334"
"2736841341","1924233013","10.3334"
"1924233013","2769148086","11.6179"
"2769148086","1924233013","11.6179"
"1924233013","328811196","2.97632"
"328811196","1924233013","2.97632"
"1941002719","1951130701","1.69984"
"1951130701","1941002719","1.69984"
"1941002719","1960217139","1.69984"
"1960217139","1941002719","1.69984"
"1941002719","2098562945","11.2232"
"2098562945","1941002719","11.2232"
"1941002719","2101008724","2.05488"
"2101008724","1941002719","2.05488"
"1941002719","2104264046","2.47084"
"2104264046","1941002719","2.47084"
"1941002719","2118300465","1.73555"
"2118300465","1941002719","1.73555"
"1941002719","2123385800","1.77401"
"2123385800","1941002719","1.77401"
"1941002719","2139788372","1.69984"
"2139788372","1941002719","1.69984"
"1941002719","2143109973","1.79712"
"2143109973","1941002719","1.79712"
"1941002719","2154549901","1.9995"
"2154549901","1941002719","1.9995"
"1941002719","2286485011","2.31174"
"2286485011","1941002719","2.31174"
"1941002719","2608410781","2.31174"
"2608410781","1941002719","2.31174"
"1941002719","2736841341","2.31174"
"2736841341","1941002719","2.31174"
"1941002719","2769148086","2.31174"
"2769148086","1941002719","2.31174"
"1941002719","328811196","1.66412"
"328811196","1941002719","1.66412"
"1951130701","1960217139","2.98336"
"1960217139","1951130701","2.98336"
"1951130701","2098562945","2.98336"
"2098562945","1951130701","2.98336"
"1951130701","2101008724","3.07032"
"2101008724","1951130701","3.07032"
"1951130701","2104264046","3.07032"
"2104264046","1951130701","3.07032"
"1951130701","2118300465","2.93791"
"2118300465","1951130701","2.93791"
"1951130701","2123385800","3.07032"
"2123385800","1951130701","3.07032"
"1951130701","2139788372","2.57309"
"2139788372","1951130701","2.57309"
"1951130701","2143109973","3.07032"
"2143109973","1951130701","3.07032"
"1951130701","2154549901","3.07032"
"2154549901","1951130701","3.07032"
"1951130701","2286485011","5.9141"
"2286485011","1951130701","5.9141"
"1951130701","2608410781","6.00106"
"2608410781","1951130701","6.00106"
"1951130701","2736841341","5.48324"
"2736841341","1951130701","5.48324"
"1951130701","2769148086","5.46313"
"2769148086","1951130701","5.46313"
"1951130701","328811196","4.83024"
"328811196","1951130701","4.83024"
"1960217139","2098562945","2.98336"
"2098562945","1960217139","2.98336"
"1960217139","2101008724","2.98336"
"2101008724","1960217139","2.98336"
"1960217139","2104264046","2.98336"
"2104264046","1960217139","2.98336"
"1960217139","2118300465","2.99673"
"2118300465","1960217139","2.99673"
"1960217139","2123385800","7.24219"
"2123385800","1960217139","7.24219"
"1960217139","2139788372","2.77309"
"2139788372","1960217139","2.77309"
"1960217139","2143109973","2.98336"
"2143109973","1960217139","2.98336"
"1960217139","2154549901","3.24219"
"2154549901","1960217139","3.24219"
"1960217139","2286485011","2.93791"
"2286485011","1960217139","2.93791"
"1960217139","2608410781","3.43791"
"2608410781","1960217139","3.43791"
"1960217139","2736841341","3.32009"
"2736841341","1960217139","3.32009"
"1960217139","2769148086","2.79998"
"2769148086","1960217139","2.79998"
"1960217139","328811196","2.45405"
"328811196","1960217139","2.45405"
"2098562945","2101008724","3.98945"
"2101008724","2098562945","3.98945"
"2098562945","2104264046","5.33991"
"2104264046","2098562945","5.33991"
"2098562945","2118300465","2.97362"
"2118300465","2098562945","2.97362"
"2098562945","2123385800","3.05754"
"2123385800","2098562945","3.05754"
"2098562945","2139788372","2.57309"
"2139788372","2098562945","2.57309"
"2098562945","2143109973","3.15757"
"2143109973","2098562945","3.15757"
"2098562945","2154549901","3.611"
"2154549901","2098562945","3.611"
"2098562945","2286485011","4.69092"
"2286485011","2098562945","4.69092"
"2098562945","2608410781","4.94092"
"2608410781","2098562945","4.94092"
"2098562945","2736841341","4.8231"
"2736841341","2098562945","4.8231"
"2098562945","2769148086","4.55299"
"2769148086","2098562945","4.55299"
"2098562945","328811196","2.45405"
"328811196","2098562945","2.45405"
"2101008724","2104264046","4.94303"
"2104264046","2101008724","4.94303"
"2101008724","2118300465","2.93791"
"2118300465","2101008724","2.93791"
"2101008724","2123385800","3.40365"
"2123385800","2101008724","3.40365"
"2101008724","2139788372","2.57309"
"2139788372","2101008724","2.57309"
"2101008724","2143109973","3.07032"
"2143109973","2101008724","3.07032"
"2101008724","2154549901","10.6223"
"2154549901","2101008724","10.6223"
"2101008724","2286485011","3.81062"
"2286485011","2101008724","3.81062"
"2101008724","2608410781","4.14758"
"2608410781","2101008724","4.14758"
"2101008724","2736841341","4.02976"
"2736841341","2101008724","4.02976"
"2101008724","2769148086","3.75965"
"2769148086","2101008724","3.75965"
"2101008724","328811196","2.45405"
"328811196","2101008724","2.45405"
"2104264046","2118300465","2.97362"
"2118300465","2104264046","2.97362"
"2104264046","2123385800","3.1445"
"2123385800","2104264046","3.1445"
"2104264046","2139788372","2.57309"
"2139788372","2104264046","2.57309"
"2104264046","2143109973","3.24453"
"2143109973","2104264046","3.24453"
"2104264046","2154549901","3.75678"
"2154549901","2104264046","3.75678"
"2104264046","2286485011","4.87048"
"2286485011","2104264046","4.87048"
"2104264046","2608410781","5.29077"
"2608410781","2104264046","5.29077"
"2104264046","2736841341","5.17295"
"2736841341","2104264046","5.17295"
"2104264046","2769148086","5.15283"
"2769148086","2104264046","5.15283"
"2104264046","328811196","2.45405"
"328811196","2104264046","2.45405"
"2118300465","2123385800","3.08245"
"2123385800","2118300465","3.08245"
"2118300465","2139788372","2.57309"
"2139788372","2118300465","2.57309"
"2118300465","2143109973","3.18791"
"2143109973","2118300465","3.18791"
"2118300465","2154549901","9.77689"
"2154549901","2118300465","9.77689"
"2118300465","2286485011","3.13474"
"2286485011","2118300465","3.13474"
"2118300465","2608410781","3.24585"
"2608410781","2118300465","3.24585"
"2118300465","2736841341","3.12803"
"2736841341","2118300465","3.12803"
"2118300465","2769148086","2.9968"
"2769148086","2118300465","2.9968"
"2118300465","328811196","2.45405"
"328811196","2118300465","2.45405"
"2123385800","2139788372","2.77309"
"2139788372","2123385800","2.77309"
"2123385800","2143109973","3.27661"
"2143109973","2123385800","3.27661"
"2123385800","2154549901","16.5232"
"2154549901","2123385800","16.5232"
"2123385800","2286485011","3.53986"
"2286485011","2123385800","3.53986"
"2123385800","2608410781","3.72682"
"2608410781","2123385800","3.72682"
"2123385800","2736841341","3.609"
"2736841341","2123385800","3.609"
"2123385800","2769148086","3.48889"
"2769148086","2123385800","3.48889"
"2123385800","328811196","2.45405"
"328811196","2123385800","2.45405"
"2139788372","2143109973","3.23976"
"2143109973","2139788372","3.23976"
"2139788372","2154549901","3.10643"
"2154549901","2139788372","3.10643"
"2139788372","2286485011","2.789"
"2286485011","2139788372","2.789"
"2139788372","2608410781","2.789"
"2608410781","2139788372","2.789"
"2139788372","2736841341","2.789"
"2736841341","2139788372","2.789"
"2139788372","2769148086","2.789"
"2769148086","2139788372","2.789"
"2139788372","328811196","2.45405"
"328811196","2139788372","2.45405"
"2143109973","2154549901","3.60354"
"2154549901","2143109973","3.60354"
"2143109973","2286485011","3.11212"
"2286485011","2143109973","3.11212"
"2143109973","2608410781","3.19907"
"2608410781","2143109973","3.19907"
"2143109973","2736841341","3.08126"
"2736841341","2143109973","3.08126"
"2143109973","2769148086","3.06114"
"2769148086","2143109973","3.06114"
"2143109973","328811196","2.45405"
"328811196","2143109973","2.45405"
"2154549901","2286485011","3.95909"
"2286485011","2154549901","3.95909"
"2154549901","2608410781","4.37297"
"2608410781","2154549901","4.37297"
"2154549901","2736841341","4.25515"
"2736841341","2154549901","4.25515"
"2154549901","2769148086","3.90811"
"2769148086","2154549901","3.90811"
"2154549901","328811196","2.45405"
"328811196","2154549901","2.45405"
"2286485011","2608410781","51.7858"
"2608410781","2286485011","51.7858"
"2286485011","2736841341","50.518"
"2736841341","2286485011","50.518"
"2286485011","2769148086","48.6646"
"2769148086","2286485011","48.6646"
"2286485011","328811196","6.9969"
"328811196","2286485011","6.9969"
"2608410781","2736841341","114.267"
"2736841341","2608410781","114.267"
"2608410781","2769148086","67.6758"
"2769148086","2608410781","67.6758"
"2608410781","328811196","6.9969"
"328811196","2608410781","6.9969"
"2736841341","2769148086","65.5579"
"2769148086","2736841341","65.5579"
"2736841341","328811196","6.5969"
"328811196","2736841341","6.5969"
"2769148086","328811196","6.5969"
"328811196","2769148086","6.5969"
"1514559109","1870870480","0.799826"
"1870870480","1514559109","0.799826"
"1514559109","1905479971","0.999826"
"1905479971","1514559109","0.999826"
"1514559109","2140040668","1.03554"
"2140040668","1514559109","1.03554"
"1514559109","2206713118","1.03554"
"2206713118","1514559109","1.03554"
"1514559109","2288848344","1.11027"
"2288848344","1514559109","1.11027"
"1514559109","2294251206","0.949559"
"2294251206","1514559109","0.949559"
"1514559109","2303799582","0.949559"
"2303799582","1514559109","0.949559"
"1514559109","2304933320","0.949559"
"2304933320","1514559109","0.949559"
"1530730123","1870870480","1.4988"
"1870870480","1530730123","1.4988"
"1530730123","1905479971","1.78668"
"1905479971","1530730123","1.78668"
"1530730123","2140040668","2.38122"
"2140040668","1530730123","2.38122"
"1530730123","2206713118","1.8224"
"2206713118","1530730123","1.8224"
"1530730123","2288848344","2.28893"
"2288848344","1530730123","2.28893"
"1530730123","2294251206","2.25321"
"2294251206","1530730123","2.25321"
"1530730123","2303799582","2.25321"
"2303799582","1530730123","2.25321"
"1530730123","2304933320","2.25321"
"2304933320","1530730123","2.25321"
"1575830716","1870870480","0.656543"
"1870870480","1575830716","0.656543"
"1575830716","1905479971","0.656543"
"1905479971","1575830716","0.656543"
"1575830716","2140040668","0.715366"
"2140040668","1575830716","0.715366"
"1575830716","2206713118","0.656543"
"2206713118","1575830716","0.656543"
"1575830716","2288848344","1.06446"
"2288848344","1575830716","1.06446"
"1575830716","2294251206","0.903745"
"2294251206","1575830716","0.903745"
"1575830716","2303799582","0.903745"
"2303799582","1575830716","0.903745"
"1575830716","2304933320","0.903745"
"2304933320","1575830716","0.903745"
"1625648588","1870870480","1.37134"
"1870870480","1625648588","1.37134"
"1625648588","1905479971","1.32589"
"1905479971","1625648588","1.32589"
"1625648588","2140040668","1.3616"
"2140040668","1625648588","1.3616"
"1625648588","2206713118","1.3616"
"2206713118","1625648588","1.3616"
"1625648588","2288848344","1.45969"
"2288848344","1625648588","1.45969"
"1625648588","2294251206","1.42397"
"2294251206","1625648588","1.42397"
"1625648588","2303799582","1.42397"
"2303799582","1625648588","1.42397"
"1625648588","2304933320","1.42397"
"2304933320","1625648588","1.42397"
"1783793609","1870870480","1.03454"
"1870870480","1783793609","1.03454"
"1783793609","1905479971","1.1002"
"1905479971","1783793609","1.1002"
"1783793609","2140040668","1.08362"
"2140040668","1783793609","1.08362"
"1783793609","2206713118","1.0248"
"2206713118","1783793609","1.0248"
"1783793609","2288848344","1.86731"
"2288848344","1783793609","1.86731"
"1783793609","2294251206","1.56771"
"2294251206","1783793609","1.56771"
"1783793609","2303799582","1.56771"
"2303799582","1783793609","1.56771"
"1783793609","2304933320","1.56771"
"2304933320","1783793609","1.56771"
"1825651452","1870870480","1.03454"
"1870870480","1825651452","1.03454"
"1825651452","1905479971","1.1002"
"1905479971","1825651452","1.1002"
"1825651452","2140040668","1.08362"
"2140040668","1825651452","1.08362"
"1825651452","2206713118","1.0248"
"2206713118","1825651452","1.0248"
"1825651452","2288848344","1.89155"
"2288848344","1825651452","1.89155"
"1825651452","2294251206","1.59195"
"2294251206","1825651452","1.59195"
"1825651452","2303799582","1.59195"
"2303799582","1825651452","1.59195"
"1825651452","2304933320","1.59195"
"2304933320","1825651452","1.59195"
"1836080070","1870870480","1.74302"
"1870870480","1836080070","1.74302"
"1836080070","1905479971","1.80867"
"1905479971","1836080070","1.80867"
"1836080070","2140040668","1.73328"
"2140040668","1836080070","1.73328"
"1836080070","2206713118","1.73328"
"2206713118","1836080070","1.73328"
"1836080070","2288848344","1.52873"
"2288848344","1836080070","1.52873"
"1836080070","2294251206","1.40413"
"2294251206","1836080070","1.40413"
"1836080070","2303799582","1.40413"
"2303799582","1836080070","1.40413"
"1836080070","2304933320","1.40413"
"2304933320","1836080070","1.40413"
"1866128826","1870870480","1.75912"
"1870870480","1866128826","1.75912"
"1866128826","1905479971","1.71367"
"1905479971","1866128826","1.71367"
"1866128826","2140040668","1.8082"
"2140040668","1866128826","1.8082"
"1866128826","2206713118","1.74938"
"2206713118","1866128826","1.74938"
"1866128826","2288848344","2.86918"
"2288848344","1866128826","2.86918"
"1866128826","2294251206","2.83346"
"2294251206","1866128826","2.83346"
"1866128826","2303799582","2.83346"
"2303799582","1866128826","2.83346"
"1866128826","2304933320","2.83346"
"2304933320","1866128826","2.83346"
"1870870480","1877461462","1.1215"
"1877461462","1870870480","1.1215"
"1870870480","1888443444","4.48284"
"1888443444","1870870480","4.48284"
"1870870480","1901527012","1.32209"
"1901527012","1870870480","1.32209"
"1870870480","1905479971","7.34802"
"1905479971","1870870480","7.34802"
"1870870480","1911635971","2.13532"
"1911635971","1870870480","2.13532"
"1870870480","1924233013","0.678955"
"1924233013","1870870480","0.678955"
"1870870480","1941002719","0.656543"
"1941002719","1870870480","0.656543"
"1870870480","1951130701","0.937176"
"1951130701","1870870480","0.937176"
"1870870480","1960217139","0.909043"
"1960217139","1870870480","0.909043"
"1870870480","2098562945","1.03454"
"2098562945","1870870480","1.03454"
"1870870480","2101008724","1.36961"
"2101008724","1870870480","1.36961"
"1870870480","2104264046","1.31974"
"2104264046","1870870480","1.31974"
"1870870480","2118300465","0.949303"
"2118300465","1870870480","0.949303"
"1870870480","2123385800","1.80114"
"2123385800","1870870480","1.80114"
"1870870480","2139788372","0.531046"
"2139788372","1870870480","0.531046"
"1870870480","2140040668","7.34802"
"2140040668","1870870480","7.34802"
"1870870480","2143109973","1.14347"
"2143109973","1870870480","1.14347"
"1870870480","2154549901","2.32994"
"2154549901","1870870480","2.32994"
"1870870480","2206713118","7.34802"
"2206713118","1870870480","7.34802"
"1870870480","2286485011","1.53793"
"2286485011","1870870480","1.53793"
"1870870480","2288848344","7.14347"
"2288848344","1870870480","7.14347"
"1870870480","2294251206","6.94347"
"2294251206","1870870480","6.94347"
"1870870480","2303799582","6.94347"
"2303799582","1870870480","6.94347"
"1870870480","2304933320","6.94347"
"2304933320","1870870480","6.94347"
"1870870480","2608410781","1.89272"
"2608410781","1870870480","1.89272"
"1870870480","2736841341","1.82252"
"2736841341","1870870480","1.82252"
"1870870480","2769148086","1.57786"
"2769148086","1870870480","1.57786"
"1870870480","328811196","0.531046"
"328811196","1870870480","0.531046"
"1877461462","1905479971","1.07604"
"1905479971","1877461462","1.07604"
"1877461462","2140040668","1.17058"
"2140040668","1877461462","1.17058"
"1877461462","2206713118","1.11176"
"2206713118","1877461462","1.11176"
"1877461462","2288848344","1.95427"
"2288848344","1877461462","1.95427"
"1877461462","2294251206","1.54355"
"2294251206","1877461462","1.54355"
"1877461462","2303799582","1.54355"
"2303799582","1877461462","1.54355"
"1877461462","2304933320","1.54355"
"2304933320","1877461462","1.54355"
"1888443444","1905479971","4.43739"
"1905479971","1888443444","4.43739"
"1888443444","2140040668","4.4731"
"2140040668","1888443444","4.4731"
"1888443444","2206713118","4.4731"
"2206713118","1888443444","4.4731"
"1888443444","2288848344","4.51856"
"2288848344","1888443444","4.51856"
"1888443444","2294251206","4.48284"
"2294251206","1888443444","4.48284"
"1888443444","2303799582","4.48284"
"2303799582","1888443444","4.48284"
"1888443444","2304933320","4.48284"
"2304933320","1888443444","4.48284"
"1901527012","1905479971","1.27664"
"1905479971","1901527012","1.27664"
"1901527012","2140040668","1.57118"
"2140040668","1901527012","1.57118"
"1901527012","2206713118","1.31235"
"2206713118","1901527012","1.31235"
"1901527012","2288848344","1.77947"
"2288848344","1901527012","1.77947"
"1901527012","2294251206","1.74375"
"2294251206","1901527012","1.74375"
"1901527012","2303799582","1.74375"
"2303799582","1901527012","1.74375"
"1901527012","2304933320","1.74375"
"2304933320","1901527012","1.74375"
"1905479971","1911635971","2.33532"
"1911635971","1905479971","2.33532"
"1905479971","1924233013","0.633501"
"1924233013","1905479971","0.633501"
"1905479971","1941002719","0.656543"
"1941002719","1905479971","0.656543"
"1905479971","1951130701","0.891722"
"1951130701","1905479971","0.891722"
"1905479971","1960217139","0.863589"
"1960217139","1905479971","0.863589"
"1905479971","2098562945","0.989086"
"2098562945","1905479971","0.989086"
"1905479971","2101008724","1.52416"
"2101008724","1905479971","1.52416"
"1905479971","2104264046","1.27429"
"2104264046","1905479971","1.27429"
"1905479971","2118300465","1.06041"
"2118300465","1905479971","1.06041"
"1905479971","2123385800","1.75568"
"2123385800","1905479971","1.75568"
"1905479971","2139788372","0.531046"
"2139788372","1905479971","0.531046"
"1905479971","2140040668","14.3813"
"2140040668","1905479971","14.3813"
"1905479971","2143109973","1.09802"
"2143109973","1905479971","1.09802"
"1905479971","2154549901","2.28449"
"2154549901","1905479971","2.28449"
"1905479971","2206713118","14.3813"
"2206713118","1905479971","14.3813"
"1905479971","2286485011","1.53793"
"2286485011","1905479971","1.53793"
"1905479971","2288848344","7.09802"
"2288848344","1905479971","7.09802"
"1905479971","2294251206","7.34246"
"2294251206","1905479971","7.34246"
"1905479971","2303799582","7.34246"
"2303799582","1905479971","7.34246"
"1905479971","2304933320","7.34246"
"2304933320","1905479971","7.34246"
"1905479971","2608410781","2.00383"
"2608410781","1905479971","2.00383"
"1905479971","2736841341","1.93363"
"2736841341","1905479971","1.93363"
"1905479971","2769148086","1.57786"
"2769148086","1905479971","1.57786"
"1905479971","328811196","0.531046"
"328811196","1905479971","0.531046"
"1911635971","2140040668","2.42986"
"2140040668","1911635971","2.42986"
"1911635971","2206713118","2.37104"
"2206713118","1911635971","2.37104"
"1911635971","2288848344","3.57213"
"2288848344","1911635971","3.57213"
"1911635971","2294251206","3.41142"
"2294251206","1911635971","3.41142"
"1911635971","2303799582","3.41142"
"2303799582","1911635971","3.41142"
"1911635971","2304933320","3.41142"
"2304933320","1911635971","3.41142"
"1924233013","2140040668","0.669215"
"2140040668","1924233013","0.669215"
"1924233013","2206713118","0.669215"
"2206713118","1924233013","0.669215"
"1924233013","2288848344","0.71467"
"2288848344","1924233013","0.71467"
"1924233013","2294251206","0.678955"
"2294251206","1924233013","0.678955"
"1924233013","2303799582","0.678955"
"2303799582","1924233013","0.678955"
"1924233013","2304933320","0.678955"
"2304933320","1924233013","0.678955"
"1941002719","2140040668","0.715366"
"2140040668","1941002719","0.715366"
"1941002719","2206713118","0.656543"
"2206713118","1941002719","0.656543"
