"107064853","1491779668","2.16667"
"1491779668","107064853","2.16667"
"107064853","2138891375","0.666667"
"2138891375","107064853","0.666667"
"107064853","56429428","0.666667"
"56429428","107064853","0.666667"
"1491779668","2138891375","1"
"2138891375","1491779668","1"
"1491779668","56429428","4"
"56429428","1491779668","4"
"2138891375","56429428","7.16667"
"56429428","2138891375","7.16667"
"107064853","1842379865","1.20833"
"1842379865","107064853","1.20833"
"107064853","2090192543","0.708333"
"2090192543","107064853","0.708333"
"1842379865","2090192543","2.85119"
"2090192543","1842379865","2.85119"
"107064853","187137995","0.458333"
"187137995","107064853","0.458333"
"1491779668","187137995","0.666667"
"187137995","1491779668","0.666667"
"187137995","2138891375","0.666667"
"2138891375","187137995","0.666667"
"187137995","56429428","0.666667"
"56429428","187137995","0.666667"
"107064853","1508299804","0.208333"
"1508299804","107064853","0.208333"
"107064853","1518543119","0.208333"
"1518543119","107064853","0.208333"
"107064853","1549329205","0.208333"
"1549329205","107064853","0.208333"
"107064853","2106774319","0.208333"
"2106774319","107064853","0.208333"
"107064853","2121371326","0.208333"
"2121371326","107064853","0.208333"
"1508299804","1518543119","0.694048"
"1518543119","1508299804","0.694048"
"1508299804","1549329205","1.88452"
"1549329205","1508299804","1.88452"
"1508299804","1842379865","2.19405"
"1842379865","1508299804","2.19405"
"1508299804","187137995","0.908333"
"187137995","1508299804","0.908333"
"1508299804","2090192543","3.51786"
"2090192543","1508299804","3.51786"
"1508299804","2106774319","1.14405"
"2106774319","1508299804","1.14405"
"1508299804","2121371326","2.61071"
"2121371326","1508299804","2.61071"
"1518543119","1549329205","0.717857"
"1549329205","1518543119","0.717857"
"1518543119","1842379865","3.02738"
"1842379865","1518543119","3.02738"
"1518543119","187137995","0.208333"
"187137995","1518543119","0.208333"
"1518543119","2090192543","0.60119"
"2090192543","1518543119","0.60119"
"1518543119","2106774319","3.47738"
"2106774319","1518543119","3.47738"
"1518543119","2121371326","1.74405"
"2121371326","1518543119","1.74405"
"1549329205","1842379865","0.35119"
"1842379865","1549329205","0.35119"
"1549329205","187137995","0.408333"
"187137995","1549329205","0.408333"
"1549329205","2090192543","0.684524"
"2090192543","1549329205","0.684524"
"1549329205","2106774319","1.25119"
"2106774319","1549329205","1.25119"
"1549329205","2121371326","2.55119"
"2121371326","1549329205","2.55119"
"1842379865","187137995","2.20833"
"187137995","1842379865","2.20833"
"1842379865","2106774319","1.69405"
"2106774319","1842379865","1.69405"
"1842379865","2121371326","0.660714"
"2121371326","1842379865","0.660714"
"187137995","2090192543","0.208333"
"2090192543","187137995","0.208333"
"187137995","2106774319","0.408333"
"2106774319","187137995","0.408333"
"187137995","2121371326","0.408333"
"2121371326","187137995","0.408333"
"2090192543","2106774319","0.60119"
"2106774319","2090192543","0.60119"
"2090192543","2121371326","1.43452"
"2121371326","2090192543","1.43452"
"2106774319","2121371326","2.19405"
"2121371326","2106774319","2.19405"
"1491779668","1842379865","0.583333"
"1842379865","1491779668","0.583333"
"107064853","1792066131","0.0833333"
"1792066131","107064853","0.0833333"
"1491779668","1508299804","0.666667"
"1508299804","1491779668","0.666667"
"1491779668","1518543119","0.0833333"
"1518543119","1491779668","0.0833333"
"1491779668","1549329205","0.0833333"
"1549329205","1491779668","0.0833333"
"1491779668","1792066131","0.666667"
"1792066131","1491779668","0.666667"
"1491779668","2090192543","0.0833333"
"2090192543","1491779668","0.0833333"
"1491779668","2106774319","0.333333"
"2106774319","1491779668","0.333333"
"1491779668","2121371326","0.666667"
"2121371326","1491779668","0.666667"
"1508299804","1792066131","1.85238"
"1792066131","1508299804","1.85238"
"1508299804","2138891375","0.0833333"
"2138891375","1508299804","0.0833333"
"1508299804","56429428","1.75"
"56429428","1508299804","1.75"
"1518543119","1792066131","1.73571"
"1792066131","1518543119","1.73571"
"1518543119","2138891375","0.0833333"
"2138891375","1518543119","0.0833333"
"1518543119","56429428","0.0833333"
"56429428","1518543119","0.0833333"
"1549329205","1792066131","0.42619"
"1792066131","1549329205","0.42619"
"1549329205","2138891375","0.416667"
"2138891375","1549329205","0.416667"
"1549329205","56429428","1.25"
"56429428","1549329205","1.25"
"1792066131","1842379865","0.902381"
"1842379865","1792066131","0.902381"
"1792066131","187137995","0.783333"
"187137995","1792066131","0.783333"
"1792066131","2090192543","1.22619"
"2090192543","1792066131","1.22619"
"1792066131","2106774319","1.35238"
"2106774319","1792066131","1.35238"
"1792066131","2121371326","1.48571"
"2121371326","1792066131","1.48571"
"1792066131","2138891375","0.0833333"
"2138891375","1792066131","0.0833333"
"1792066131","56429428","0.0833333"
"56429428","1792066131","0.0833333"
"1842379865","2138891375","0.0833333"
"2138891375","1842379865","0.0833333"
"1842379865","56429428","0.583333"
"56429428","1842379865","0.583333"
"2090192543","2138891375","0.0833333"
"2138891375","2090192543","0.0833333"
"2090192543","56429428","0.75"
"56429428","2090192543","0.75"
"2106774319","2138891375","0.0833333"
"2138891375","2106774319","0.0833333"
"2106774319","56429428","0.0833333"
"56429428","2106774319","0.0833333"
"2121371326","2138891375","0.0833333"
"2138891375","2121371326","0.0833333"
"2121371326","56429428","0.416667"
"56429428","2121371326","0.416667"
"1508299804","2141769115","0.2"
"2141769115","1508299804","0.2"
"1518543119","2141769115","2.11667"
"2141769115","1518543119","2.11667"
"1792066131","2141769115","1.03333"
"2141769115","1792066131","1.03333"
"1842379865","2141769115","0.533333"
"2141769115","1842379865","0.533333"
"2106774319","2141769115","0.783333"
"2141769115","2106774319","0.783333"
"1508299804","1835538174","0.142857"
"1835538174","1508299804","0.142857"
"1508299804","2017095378","0.142857"
"2017095378","1508299804","0.142857"
"1518543119","1835538174","1.50952"
"1835538174","1518543119","1.50952"
"1518543119","2017095378","0.309524"
"2017095378","1518543119","0.309524"
"1792066131","1835538174","0.142857"
"1835538174","1792066131","0.142857"
"1792066131","2017095378","0.142857"
"2017095378","1792066131","0.142857"
"1835538174","1842379865","0.142857"
"1842379865","1835538174","0.142857"
"1835538174","2017095378","0.142857"
"2017095378","1835538174","0.142857"
"1835538174","2106774319","2.00952"
"2106774319","1835538174","2.00952"
"1835538174","2121371326","0.309524"
"2121371326","1835538174","0.309524"
"1842379865","2017095378","0.309524"
"2017095378","1842379865","0.309524"
"2017095378","2106774319","0.309524"
"2106774319","2017095378","0.309524"
"2017095378","2121371326","0.309524"
"2121371326","2017095378","0.309524"
"1518543119","97333080","0.833333"
"97333080","1518543119","0.833333"
"1842379865","97333080","0.333333"
"97333080","1842379865","0.333333"
"2141769115","97333080","4.33333"
"97333080","2141769115","4.33333"
"2090192543","2141769115","0.25"
"2141769115","2090192543","0.25"
"2121371326","2141769115","0.916667"
"2141769115","2121371326","0.916667"
"1518543119","162325233","1.16667"
"162325233","1518543119","1.16667"
"1518543119","2124838580","1.2"
"2124838580","1518543119","1.2"
"162325233","1842379865","0.166667"
"1842379865","162325233","0.166667"
"162325233","2017095378","0.166667"
"2017095378","162325233","0.166667"
"162325233","2106774319","0.666667"
"2106774319","162325233","0.666667"
"162325233","2121371326","0.333333"
"2121371326","162325233","0.333333"
"162325233","2124838580","0.666667"
"2124838580","162325233","0.666667"
"1842379865","2124838580","0.166667"
"2124838580","1842379865","0.166667"
"2017095378","2124838580","0.166667"
"2124838580","2017095378","0.166667"
"2106774319","2124838580","1.2"
"2124838580","2106774319","1.2"
"2121371326","2124838580","1.16667"
"2124838580","2121371326","1.16667"
"162325233","1835538174","1.66667"
"1835538174","162325233","1.66667"
"1549329205","162325233","0.166667"
"162325233","1549329205","0.166667"
"1549329205","1835538174","0.7"
"1835538174","1549329205","0.7"
"1549329205","2124838580","0.366667"
"2124838580","1549329205","0.366667"
"1835538174","2124838580","0.366667"
"2124838580","1835538174","0.366667"
"1518543119","1518681564","0.2"
"1518681564","1518543119","0.2"
"1518681564","1549329205","0.2"
"1549329205","1518681564","0.2"
"1518681564","1835538174","0.2"
"1835538174","1518681564","0.2"
"1518681564","2106774319","0.2"
"2106774319","1518681564","0.2"
"1518681564","2124838580","7.2"
"2124838580","1518681564","7.2"
"1518681564","2153834501","2"
"2153834501","1518681564","2"
"2124838580","2153834501","1"
"2153834501","2124838580","1"
"1518681564","1880330459","2.5"
"1880330459","1518681564","2.5"
"1880330459","2124838580","0.5"
"2124838580","1880330459","0.5"
"1518681564","2121371326","0.5"
"2121371326","1518681564","0.5"
"1549329205","2141769115","1.33333"
"2141769115","1549329205","1.33333"
"1835538174","2138891375","0.333333"
"2138891375","1835538174","0.333333"
"1835538174","56429428","0.333333"
"56429428","1835538174","0.333333"
"16128353","2141649964","1"
"2141649964","16128353","1"
"1835538174","2141649964","2"
"2141649964","1835538174","2"
"187137995","2036792013","1"
"2036792013","187137995","1"
"187137995","2127216321","1"
"2127216321","187137995","1"
"2036792013","2127216321","1"
"2127216321","2036792013","1"
"1880330459","2153834501","2"
"2153834501","1880330459","2"
"2017095378","2036792013","2"
"2036792013","2017095378","2"
"2036792013","2141769115","1"
"2141769115","2036792013","1"
"2093175504","2124838580","0.5"
"2124838580","2093175504","0.5"
"2093175504","2141769115","0.5"
"2141769115","2093175504","0.5"
"2124838580","2141769115","1"
"2141769115","2124838580","1"
"2124838580","97333080","0.5"
"97333080","2124838580","0.5"
"2127216321","2138891375","2.5"
"2138891375","2127216321","2.5"
"2127216321","2293767674","0.5"
"2293767674","2127216321","0.5"
"2127216321","994472385","0.5"
"994472385","2127216321","0.5"
"2293767674","994472385","12.8333"
"994472385","2293767674","12.8333"
"2127216321","56429428","0.5"
"56429428","2127216321","0.5"
"2138891375","2293767674","0.833333"
"2293767674","2138891375","0.833333"
"2138891375","994472385","0.833333"
"994472385","2138891375","0.833333"
"2293767674","56429428","0.833333"
"56429428","2293767674","0.833333"
"56429428","994472385","0.833333"
"994472385","56429428","0.833333"
"2145475620","2274273237","1.5"
"2274273237","2145475620","1.5"
"2145475620","5687056","2.5"
"5687056","2145475620","2.5"
"2274273237","5687056","2.5"
"5687056","2274273237","2.5"
"56429428","5687056","1"
"5687056","56429428","1"
