"108527402","1535854230","0.142857"
"1535854230","108527402","0.142857"
"108527402","183654279","0.142857"
"183654279","108527402","0.142857"
"108527402","2011568048","0.142857"
"2011568048","108527402","0.142857"
"108527402","2054505740","0.142857"
"2054505740","108527402","0.142857"
"108527402","2088935385","0.142857"
"2088935385","108527402","0.142857"
"108527402","2098196304","0.142857"
"2098196304","108527402","0.142857"
"108527402","2151725814","0.142857"
"2151725814","108527402","0.142857"
"1535854230","183654279","8.1873"
"183654279","1535854230","8.1873"
"1535854230","2011568048","0.142857"
"2011568048","1535854230","0.142857"
"1535854230","2054505740","7.52064"
"2054505740","1535854230","7.52064"
"1535854230","2088935385","3.50397"
"2088935385","1535854230","3.50397"
"1535854230","2098196304","0.47619"
"2098196304","1535854230","0.47619"
"1535854230","2151725814","0.47619"
"2151725814","1535854230","0.47619"
"183654279","2011568048","0.42619"
"2011568048","183654279","0.42619"
"183654279","2054505740","2.33313"
"2054505740","183654279","2.33313"
"183654279","2088935385","0.499802"
"2088935385","183654279","0.499802"
"183654279","2098196304","0.822024"
"2098196304","183654279","0.822024"
"183654279","2151725814","0.28869"
"2151725814","183654279","0.28869"
"2011568048","2054505740","0.22619"
"2054505740","2011568048","0.22619"
"2011568048","2088935385","0.22619"
"2088935385","2011568048","0.22619"
"2011568048","2098196304","0.42619"
"2098196304","2011568048","0.42619"
"2011568048","2151725814","0.22619"
"2151725814","2011568048","0.22619"
"2054505740","2088935385","0.499802"
"2088935385","2054505740","0.499802"
"2054505740","2098196304","1.06647"
"2098196304","2054505740","1.06647"
"2054505740","2151725814","0.733135"
"2151725814","2054505740","0.733135"
"2088935385","2098196304","0.28869"
"2098196304","2088935385","0.28869"
"2088935385","2151725814","0.399802"
"2151725814","2088935385","0.399802"
"2098196304","2151725814","1.8998"
"2151725814","2098196304","1.8998"
"138050006","1506030002","0.5"
"1506030002","138050006","0.5"
"138050006","2027568438","0.5"
"2027568438","138050006","0.5"
"1506030002","2027568438","1.30952"
"2027568438","1506030002","1.30952"
"138050006","1517309604","0.0833333"
"1517309604","138050006","0.0833333"
"138050006","1577389523","0.0833333"
"1577389523","138050006","0.0833333"
"138050006","183654279","0.0833333"
"183654279","138050006","0.0833333"
"138050006","1933771661","0.0833333"
"1933771661","138050006","0.0833333"
"138050006","1973264756","0.416667"
"1973264756","138050006","0.416667"
"138050006","2011568048","0.0833333"
"2011568048","138050006","0.0833333"
"138050006","2054505740","0.0833333"
"2054505740","138050006","0.0833333"
"138050006","2088935385","0.0833333"
"2088935385","138050006","0.0833333"
"138050006","2098196304","0.416667"
"2098196304","138050006","0.416667"
"138050006","2151725814","0.0833333"
"2151725814","138050006","0.0833333"
"138050006","2286847061","0.0833333"
"2286847061","138050006","0.0833333"
"138050006","2617752655","2.14286"
"2617752655","138050006","2.14286"
"1517309604","1577389523","0.256944"
"1577389523","1517309604","0.256944"
"1517309604","183654279","0.356944"
"183654279","1517309604","0.356944"
"1517309604","1933771661","0.468056"
"1933771661","1517309604","0.468056"
"1517309604","1973264756","0.527778"
"1973264756","1517309604","0.527778"
"1517309604","2011568048","0.0833333"
"2011568048","1517309604","0.0833333"
"1517309604","2054505740","0.356944"
"2054505740","1517309604","0.356944"
"1517309604","2088935385","0.468056"
"2088935385","1517309604","0.468056"
"1517309604","2098196304","0.979167"
"2098196304","1517309604","0.979167"
"1517309604","2151725814","1.75694"
"2151725814","1517309604","1.75694"
"1517309604","2286847061","0.0833333"
"2286847061","1517309604","0.0833333"
"1517309604","2617752655","0.0833333"
"2617752655","1517309604","0.0833333"
"1577389523","183654279","0.256944"
"183654279","1577389523","0.256944"
"1577389523","1933771661","3.04028"
"1933771661","1577389523","3.04028"
"1577389523","1973264756","0.283333"
"1973264756","1577389523","0.283333"
"1577389523","2011568048","0.0833333"
"2011568048","1577389523","0.0833333"
"1577389523","2054505740","0.256944"
"2054505740","1577389523","0.256944"
"1577389523","2088935385","3.04028"
"2088935385","1577389523","3.04028"
"1577389523","2098196304","0.145833"
"2098196304","1577389523","0.145833"
"1577389523","2151725814","0.145833"
"2151725814","1577389523","0.145833"
"1577389523","2286847061","0.0833333"
"2286847061","1577389523","0.0833333"
"1577389523","2617752655","0.0833333"
"2617752655","1577389523","0.0833333"
"183654279","1933771661","0.356944"
"1933771661","183654279","0.356944"
"183654279","1973264756","0.0833333"
"1973264756","183654279","0.0833333"
"183654279","2286847061","0.283333"
"2286847061","183654279","0.283333"
"183654279","2617752655","0.0833333"
"2617752655","183654279","0.0833333"
"1933771661","1973264756","1.50556"
"1973264756","1933771661","1.50556"
"1933771661","2011568048","0.0833333"
"2011568048","1933771661","0.0833333"
"1933771661","2054505740","0.468056"
"2054505740","1933771661","0.468056"
"1933771661","2088935385","6.1125"
"2088935385","1933771661","6.1125"
"1933771661","2098196304","0.256944"
"2098196304","1933771661","0.256944"
"1933771661","2151725814","0.368056"
"2151725814","1933771661","0.368056"
"1933771661","2286847061","0.0833333"
"2286847061","1933771661","0.0833333"
"1933771661","2617752655","0.0833333"
"2617752655","1933771661","0.0833333"
"1973264756","2011568048","0.0833333"
"2011568048","1973264756","0.0833333"
"1973264756","2054505740","0.666667"
"2054505740","1973264756","0.666667"
"1973264756","2088935385","0.648413"
"2088935385","1973264756","0.648413"
"1973264756","2098196304","1.58333"
"2098196304","1973264756","1.58333"
"1973264756","2151725814","0.194444"
"2151725814","1973264756","0.194444"
"1973264756","2286847061","1.33333"
"2286847061","1973264756","1.33333"
"1973264756","2617752655","0.22619"
"2617752655","1973264756","0.22619"
"2011568048","2286847061","0.283333"
"2286847061","2011568048","0.283333"
"2011568048","2617752655","0.0833333"
"2617752655","2011568048","0.0833333"
"2054505740","2286847061","0.333333"
"2286847061","2054505740","0.333333"
"2054505740","2617752655","0.0833333"
"2617752655","2054505740","0.0833333"
"2088935385","2286847061","0.0833333"
"2286847061","2088935385","0.0833333"
"2088935385","2617752655","0.22619"
"2617752655","2088935385","0.22619"
"2098196304","2286847061","0.283333"
"2286847061","2098196304","0.283333"
"2098196304","2617752655","0.0833333"
"2617752655","2098196304","0.0833333"
"2151725814","2286847061","0.0833333"
"2286847061","2151725814","0.0833333"
"2151725814","2617752655","0.0833333"
"2617752655","2151725814","0.0833333"
"2286847061","2617752655","0.0833333"
"2617752655","2286847061","0.0833333"
"138050006","2197423899","4.05952"
"2197423899","138050006","4.05952"
"138050006","1482988355","0.166667"
"1482988355","138050006","0.166667"
"138050006","1568327789","0.166667"
"1568327789","138050006","0.166667"
"138050006","2767064292","0.416667"
"2767064292","138050006","0.416667"
"138050006","87912845","0.166667"
"87912845","138050006","0.166667"
"1482988355","1568327789","0.451389"
"1568327789","1482988355","0.451389"
"1482988355","2197423899","0.166667"
"2197423899","1482988355","0.166667"
"1482988355","2617752655","0.166667"
"2617752655","1482988355","0.166667"
"1482988355","2767064292","0.166667"
"2767064292","1482988355","0.166667"
"1482988355","87912845","0.166667"
"87912845","1482988355","0.166667"
"1568327789","2197423899","0.166667"
"2197423899","1568327789","0.166667"
"1568327789","2617752655","0.166667"
"2617752655","1568327789","0.166667"
"1568327789","2767064292","0.166667"
"2767064292","1568327789","0.166667"
"1568327789","87912845","0.166667"
"87912845","1568327789","0.166667"
"2197423899","2617752655","1.39286"
"2617752655","2197423899","1.39286"
"2197423899","2767064292","0.166667"
"2767064292","2197423899","0.166667"
"2197423899","87912845","0.166667"
"87912845","2197423899","0.166667"
"2617752655","2767064292","0.166667"
"2767064292","2617752655","0.166667"
"2617752655","87912845","0.166667"
"87912845","2617752655","0.166667"
"2767064292","87912845","0.166667"
"87912845","2767064292","0.166667"
"138050006","1601631147","0.392857"
"1601631147","138050006","0.392857"
"138050006","2031667387","0.392857"
"2031667387","138050006","0.392857"
"138050006","2095121304","0.25"
"2095121304","138050006","0.25"
"1601631147","2031667387","3.35119"
"2031667387","1601631147","3.35119"
"1601631147","2095121304","4.375"
"2095121304","1601631147","4.375"
"1601631147","2767064292","0.25"
"2767064292","1601631147","0.25"
"2031667387","2095121304","3.375"
"2095121304","2031667387","3.375"
"2031667387","2767064292","0.25"
"2767064292","2031667387","0.25"
"2095121304","2767064292","0.25"
"2767064292","2095121304","0.25"
"138050006","1481551745","0.142857"
"1481551745","138050006","0.142857"
"138050006","1598414993","0.392857"
"1598414993","138050006","0.392857"
"138050006","1665075357","0.392857"
"1665075357","138050006","0.392857"
"1481551745","1598414993","0.628968"
"1598414993","1481551745","0.628968"
"1481551745","1601631147","3.12897"
"1601631147","1481551745","3.12897"
"1481551745","1665075357","0.517857"
"1665075357","1481551745","0.517857"
"1481551745","2031667387","1.76786"
"2031667387","1481551745","1.76786"
"1481551745","2197423899","0.142857"
"2197423899","1481551745","0.142857"
"1481551745","2617752655","0.142857"
"2617752655","1481551745","0.142857"
"1598414993","1601631147","1.79563"
"1601631147","1598414993","1.79563"
"1598414993","1665075357","2.26786"
"1665075357","1598414993","2.26786"
"1598414993","2031667387","0.267857"
"2031667387","1598414993","0.267857"
"1598414993","2197423899","0.392857"
"2197423899","1598414993","0.392857"
"1598414993","2617752655","0.392857"
"2617752655","1598414993","0.392857"
"1601631147","1665075357","0.517857"
"1665075357","1601631147","0.517857"
"1601631147","2197423899","0.47619"
"2197423899","1601631147","0.47619"
"1601631147","2617752655","0.47619"
"2617752655","1601631147","0.47619"
"1665075357","2031667387","0.934524"
"2031667387","1665075357","0.934524"
"1665075357","2197423899","0.392857"
"2197423899","1665075357","0.392857"
"1665075357","2617752655","0.392857"
"2617752655","1665075357","0.392857"
"2031667387","2197423899","0.47619"
"2197423899","2031667387","0.47619"
"2031667387","2617752655","0.47619"
"2617752655","2031667387","0.47619"
"138050006","1822563252","1"
"1822563252","138050006","1"
"138050006","1585557017","0.333333"
"1585557017","138050006","0.333333"
"1585557017","1973264756","0.57619"
"1973264756","1585557017","0.57619"
"1585557017","2098196304","0.506944"
"2098196304","1585557017","0.506944"
"1481551745","1497642450","0.375"
"1497642450","1481551745","0.375"
"1481551745","2095121304","0.125"
"2095121304","1481551745","0.125"
"1481551745","2118205076","0.125"
"2118205076","1481551745","0.125"
"1481551745","87912845","0.125"
"87912845","1481551745","0.125"
"1497642450","1598414993","1.875"
"1598414993","1497642450","1.875"
"1497642450","1601631147","0.375"
"1601631147","1497642450","0.375"
"1497642450","1665075357","6.11944"
"1665075357","1497642450","6.11944"
"1497642450","2031667387","0.791667"
"2031667387","1497642450","0.791667"
"1497642450","2095121304","0.225"
"2095121304","1497642450","0.225"
"1497642450","2118205076","2.61944"
"2118205076","1497642450","2.61944"
"1497642450","87912845","0.125"
"87912845","1497642450","0.125"
"1598414993","2095121304","0.125"
"2095121304","1598414993","0.125"
"1598414993","2118205076","0.125"
"2118205076","1598414993","0.125"
"1598414993","87912845","0.125"
"87912845","1598414993","0.125"
"1601631147","2118205076","0.125"
"2118205076","1601631147","0.125"
"1601631147","87912845","0.125"
"87912845","1601631147","0.125"
"1665075357","2095121304","0.225"
"2095121304","1665075357","0.225"
"1665075357","2118205076","3.61944"
"2118205076","1665075357","3.61944"
"1665075357","87912845","0.125"
"87912845","1665075357","0.125"
"2031667387","2118205076","0.541667"
"2118205076","2031667387","0.541667"
"2031667387","87912845","0.125"
"87912845","2031667387","0.125"
"2095121304","2118205076","0.225"
"2118205076","2095121304","0.225"
"2095121304","87912845","0.125"
"87912845","2095121304","0.125"
"2118205076","87912845","0.125"
"87912845","2118205076","0.125"
"1481551745","1482988355","0.111111"
"1482988355","1481551745","0.111111"
"1481551745","1493831389","0.111111"
"1493831389","1481551745","0.111111"
"1481551745","1568327789","0.111111"
"1568327789","1481551745","0.111111"
"1481551745","1585557017","0.111111"
"1585557017","1481551745","0.111111"
"1481551745","1595208333","0.111111"
"1595208333","1481551745","0.111111"
"1481551745","1884311057","0.111111"
"1884311057","1481551745","0.111111"
"1481551745","2027568438","0.111111"
"2027568438","1481551745","0.111111"
"1482988355","1493831389","0.111111"
"1493831389","1482988355","0.111111"
"1482988355","1585557017","0.284722"
"1585557017","1482988355","0.284722"
"1482988355","1595208333","0.611111"
"1595208333","1482988355","0.611111"
"1482988355","1598414993","0.111111"
"1598414993","1482988355","0.111111"
"1482988355","1601631147","0.111111"
"1601631147","1482988355","0.111111"
"1482988355","1884311057","0.944444"
"1884311057","1482988355","0.944444"
"1482988355","2027568438","0.173611"
"2027568438","1482988355","0.173611"
"1493831389","1568327789","0.111111"
"1568327789","1493831389","0.111111"
"1493831389","1585557017","1.47778"
"1585557017","1493831389","1.47778"
"1493831389","1595208333","1.47778"
"1595208333","1493831389","1.47778"
"1493831389","1598414993","0.111111"
"1598414993","1493831389","0.111111"
"1493831389","1601631147","0.111111"
"1601631147","1493831389","0.111111"
"1493831389","1884311057","0.111111"
"1884311057","1493831389","0.111111"
"1493831389","2027568438","2.67778"
"2027568438","1493831389","2.67778"
"1568327789","1585557017","0.284722"
"1585557017","1568327789","0.284722"
"1568327789","1595208333","0.111111"
"1595208333","1568327789","0.111111"
"1568327789","1598414993","1.11111"
"1598414993","1568327789","1.11111"
"1568327789","1601631147","0.111111"
"1601631147","1568327789","0.111111"
"1568327789","1884311057","0.111111"
"1884311057","1568327789","0.111111"
"1568327789","2027568438","0.173611"
"2027568438","1568327789","0.173611"
"1585557017","1595208333","2.83056"
"1595208333","1585557017","2.83056"
"1585557017","1598414993","0.361111"
"1598414993","1585557017","0.361111"
"1585557017","1601631147","0.111111"
"1601631147","1585557017","0.111111"
"1585557017","1884311057","4.18889"
"1884311057","1585557017","4.18889"
"1585557017","2027568438","1.14147"
"2027568438","1585557017","1.14147"
"1595208333","1598414993","0.527778"
"1598414993","1595208333","0.527778"
"1595208333","1601631147","0.277778"
"1601631147","1595208333","0.277778"
"1595208333","1884311057","4.63889"
"1884311057","1595208333","4.63889"
"1595208333","2027568438","1.10278"
"2027568438","1595208333","1.10278"
"1598414993","1884311057","0.361111"
"1884311057","1598414993","0.361111"
"1598414993","2027568438","3.61111"
"2027568438","1598414993","3.61111"
"1601631147","1884311057","0.111111"
"1884311057","1601631147","0.111111"
"1601631147","2027568438","0.277778"
"2027568438","1601631147","0.277778"
"1884311057","2027568438","0.444444"
"2027568438","1884311057","0.444444"
"1482988355","1517309604","1.0625"
"1517309604","1482988355","1.0625"
"1482988355","1498658720","0.173611"
"1498658720","1482988355","0.173611"
"1482988355","1550363989","0.0625"
"1550363989","1482988355","0.0625"
"1482988355","1574769917","0.173611"
"1574769917","1482988355","0.173611"
"1482988355","1577389523","0.0625"
"1577389523","1482988355","0.0625"
"1482988355","183654279","0.0625"
"183654279","1482988355","0.0625"
"1482988355","1933771661","0.173611"
"1933771661","1482988355","0.173611"
"1482988355","2030980322","0.395833"
"2030980322","1482988355","0.395833"
"1482988355","2031667387","0.0625"
"2031667387","1482988355","0.0625"
"1482988355","2054505740","0.173611"
"2054505740","1482988355","0.173611"
"1482988355","2088935385","0.0625"
"2088935385","1482988355","0.0625"
"1482988355","2098196304","0.173611"
"2098196304","1482988355","0.173611"
"1482988355","2151725814","0.173611"
"2151725814","1482988355","0.173611"
"1498658720","1517309604","0.173611"
"1517309604","1498658720","0.173611"
"1498658720","1550363989","0.284722"
"1550363989","1498658720","0.284722"
"1498658720","1568327789","0.173611"
"1568327789","1498658720","0.173611"
"1498658720","1574769917","0.173611"
"1574769917","1498658720","0.173611"
"1498658720","1577389523","0.0625"
"1577389523","1498658720","0.0625"
"1498658720","1585557017","0.284722"
"1585557017","1498658720","0.284722"
"1498658720","183654279","0.0625"
"183654279","1498658720","0.0625"
"1498658720","1933771661","1.00694"
"1933771661","1498658720","1.00694"
"1498658720","2027568438","0.0625"
"2027568438","1498658720","0.0625"
"1498658720","2030980322","0.173611"
"2030980322","1498658720","0.173611"
"1498658720","2031667387","0.0625"
"2031667387","1498658720","0.0625"
"1498658720","2054505740","0.173611"
"2054505740","1498658720","0.173611"
"1498658720","2088935385","1.78472"
"2088935385","1498658720","1.78472"
"1498658720","2098196304","0.173611"
"2098196304","1498658720","0.173611"
"1498658720","2151725814","0.284722"
"2151725814","1498658720","0.284722"
"1517309604","1550363989","0.173611"
"1550363989","1517309604","0.173611"
"1517309604","1568327789","0.0625"
"1568327789","1517309604","0.0625"
"1517309604","1574769917","2.0625"
"1574769917","1517309604","2.0625"
"1517309604","1585557017","0.3125"
"1585557017","1517309604","0.3125"
"1517309604","2027568438","0.0625"
"2027568438","1517309604","0.0625"
"1517309604","2030980322","0.273611"
"2030980322","1517309604","0.273611"
"1517309604","2031667387","0.3125"
"2031667387","1517309604","0.3125"
"1550363989","1568327789","0.0625"
"1568327789","1550363989","0.0625"
"1550363989","1574769917","0.0625"
"1574769917","1550363989","0.0625"
"1550363989","1577389523","0.0625"
"1577389523","1550363989","0.0625"
"1550363989","1585557017","1.79861"
"1585557017","1550363989","1.79861"
"1550363989","183654279","0.0625"
"183654279","1550363989","0.0625"
"1550363989","1933771661","0.284722"
"1933771661","1550363989","0.284722"
"1550363989","2027568438","0.554167"
"2027568438","1550363989","0.554167"
"1550363989","2030980322","4.79861"
"2030980322","1550363989","4.79861"
"1550363989","2031667387","0.0625"
"2031667387","1550363989","0.0625"
"1550363989","2054505740","0.0625"
"2054505740","1550363989","0.0625"
"1550363989","2088935385","0.173611"
"2088935385","1550363989","0.173611"
"1550363989","2098196304","0.0625"
"2098196304","1550363989","0.0625"
"1550363989","2151725814","0.173611"
"2151725814","1550363989","0.173611"
"1568327789","1574769917","1.17361"
"1574769917","1568327789","1.17361"
"1568327789","1577389523","0.0625"
"1577389523","1568327789","0.0625"
"1568327789","183654279","0.0625"
"183654279","1568327789","0.0625"
"1568327789","1933771661","0.173611"
"1933771661","1568327789","0.173611"
"1568327789","2030980322","0.0625"
"2030980322","1568327789","0.0625"
"1568327789","2031667387","0.0625"
"2031667387","1568327789","0.0625"
"1568327789","2054505740","0.173611"
"2054505740","1568327789","0.173611"
"1568327789","2088935385","0.0625"
"2088935385","1568327789","0.0625"
"1568327789","2098196304","0.173611"
"2098196304","1568327789","0.173611"
"1568327789","2151725814","0.173611"
"2151725814","1568327789","0.173611"
"1574769917","1577389523","0.0625"
"1577389523","1574769917","0.0625"
"1574769917","1585557017","0.173611"
"1585557017","1574769917","0.173611"
"1574769917","183654279","0.0625"
"183654279","1574769917","0.0625"
"1574769917","1933771661","0.173611"
"1933771661","1574769917","0.173611"
"1574769917","2027568438","0.0625"
"2027568438","1574769917","0.0625"
"1574769917","2030980322","0.0625"
"2030980322","1574769917","0.0625"
"1574769917","2031667387","0.0625"
"2031667387","1574769917","0.0625"
"1574769917","2054505740","0.173611"
"2054505740","1574769917","0.173611"
"1574769917","2088935385","0.0625"
"2088935385","1574769917","0.0625"
"1574769917","2098196304","0.173611"
"2098196304","1574769917","0.173611"
"1574769917","2151725814","0.173611"
"2151725814","1574769917","0.173611"
"1577389523","1585557017","0.0625"
"1585557017","1577389523","0.0625"
"1577389523","2027568438","0.0625"
"2027568438","1577389523","0.0625"
"1577389523","2030980322","0.173611"
"2030980322","1577389523","0.173611"
"1577389523","2031667387","0.0625"
"2031667387","1577389523","0.0625"
"1585557017","183654279","0.0625"
"183654279","1585557017","0.0625"
"1585557017","1933771661","0.284722"
"1933771661","1585557017","0.284722"
"1585557017","2030980322","3.35813"
"2030980322","1585557017","3.35813"
"1585557017","2031667387","0.729167"
"2031667387","1585557017","0.729167"
"1585557017","2054505740","0.173611"
"2054505740","1585557017","0.173611"
"1585557017","2088935385","0.205357"
"2088935385","1585557017","0.205357"
"1585557017","2151725814","0.173611"
"2151725814","1585557017","0.173611"
"183654279","2027568438","0.0625"
"2027568438","183654279","0.0625"
"183654279","2030980322","0.273611"
"2030980322","183654279","0.273611"
"183654279","2031667387","0.0625"
"2031667387","183654279","0.0625"
"1933771661","2027568438","0.0625"
"2027568438","1933771661","0.0625"
"1933771661","2030980322","0.384722"
"2030980322","1933771661","0.384722"
"1933771661","2031667387","0.0625"
"2031667387","1933771661","0.0625"
"2027568438","2030980322","3.39702"
"2030980322","2027568438","3.39702"
"2027568438","2031667387","0.0625"
"2031667387","2027568438","0.0625"
"2027568438","2054505740","0.0625"
"2054505740","2027568438","0.0625"
"2027568438","2088935385","0.205357"
"2088935385","2027568438","0.205357"
"2027568438","2098196304","0.0625"
"2098196304","2027568438","0.0625"
"2027568438","2151725814","1.0625"
"2151725814","2027568438","1.0625"
"2030980322","2031667387","0.0625"
"2031667387","2030980322","0.0625"
"2030980322","2054505740","0.273611"
"2054505740","2030980322","0.273611"
"2030980322","2088935385","0.416468"
"2088935385","2030980322","0.416468"
"2030980322","2098196304","0.0625"
"2098196304","2030980322","0.0625"
"2030980322","2151725814","0.0625"
"2151725814","2030980322","0.0625"
"2031667387","2054505740","0.0625"
"2054505740","2031667387","0.0625"
"2031667387","2088935385","0.0625"
"2088935385","2031667387","0.0625"
"2031667387","2098196304","0.0625"
"2098196304","2031667387","0.0625"
"2031667387","2151725814","0.0625"
"2151725814","2031667387","0.0625"
"1482988355","1517246785","0.333333"
"1517246785","1482988355","0.333333"
"1517246785","1884311057","1.19444"
"1884311057","1517246785","1.19444"
"1517246785","2030980322","4.91944"
"2030980322","1517246785","4.91944"
"1884311057","2030980322","3.29444"
"2030980322","1884311057","3.29444"
"1482988355","1842983266","0.111111"
"1842983266","1482988355","0.111111"
"1498658720","1842983266","0.111111"
"1842983266","1498658720","0.111111"
"1568327789","1842983266","0.111111"
"1842983266","1568327789","0.111111"
"1574769917","1842983266","0.111111"
"1842983266","1574769917","0.111111"
"1585557017","1842983266","0.577778"
"1842983266","1585557017","0.577778"
"1842983266","1933771661","0.111111"
"1933771661","1842983266","0.111111"
"1842983266","2054505740","0.111111"
"2054505740","1842983266","0.111111"
"1842983266","2098196304","0.311111"
"2098196304","1842983266","0.311111"
"1842983266","2151725814","0.111111"
"2151725814","1842983266","0.111111"
"1493831389","2030980322","3.56667"
"2030980322","1493831389","3.56667"
"1493831389","1517246785","0.4"
"1517246785","1493831389","0.4"
"1493831389","1550363989","0.366667"
"1550363989","1493831389","0.366667"
"1493831389","2166408162","0.366667"
"2166408162","1493831389","0.366667"
"1517246785","1550363989","0.636111"
"1550363989","1517246785","0.636111"
"1517246785","2027568438","2.525"
"2027568438","1517246785","2.525"
"1517246785","2166408162","0.325"
"2166408162","1517246785","0.325"
"1550363989","2166408162","3.925"
"2166408162","1550363989","3.925"
"2027568438","2166408162","0.491667"
"2166408162","2027568438","0.491667"
"2030980322","2166408162","1.925"
"2166408162","2030980322","1.925"
"1517246785","1585557017","0.886111"
"1585557017","1517246785","0.886111"
"1517246785","1595208333","2.30278"
"1595208333","1517246785","2.30278"
"1595208333","2030980322","3.96944"
"2030980322","1595208333","3.96944"
"1550363989","1595208333","0.936111"
"1595208333","1550363989","0.936111"
"1585557017","2166408162","0.391667"
"2166408162","1585557017","0.391667"
"1595208333","2166408162","0.291667"
"2166408162","1595208333","0.291667"
"1497642450","1585557017","2.43333"
"1585557017","1497642450","2.43333"
"1585557017","1665075357","3.43333"
"1665075357","1585557017","3.43333"
"1585557017","2118205076","2.18333"
"2118205076","1585557017","2.18333"
"1497642450","1498658720","0.111111"
"1498658720","1497642450","0.111111"
"1497642450","1606462671","0.111111"
"1606462671","1497642450","0.111111"
"1497642450","1853326381","0.111111"
"1853326381","1497642450","0.111111"
"1497642450","1933771661","0.111111"
"1933771661","1497642450","0.111111"
"1497642450","1973264756","0.211111"
"1973264756","1497642450","0.211111"
"1497642450","2088935385","0.111111"
"2088935385","1497642450","0.111111"
"1497642450","2172887291","0.111111"
"2172887291","1497642450","0.111111"
"1498658720","1606462671","3.22222"
"1606462671","1498658720","3.22222"
"1498658720","1665075357","0.111111"
"1665075357","1498658720","0.111111"
"1498658720","1853326381","1.11111"
"1853326381","1498658720","1.11111"
"1498658720","1973264756","0.222222"
"1973264756","1498658720","0.222222"
"1498658720","2118205076","0.722222"
"2118205076","1498658720","0.722222"
"1498658720","2172887291","0.111111"
"2172887291","1498658720","0.111111"
"1606462671","1665075357","0.111111"
"1665075357","1606462671","0.111111"
"1606462671","1853326381","0.444444"
"1853326381","1606462671","0.444444"
"1606462671","1933771661","0.222222"
"1933771661","1606462671","0.222222"
"1606462671","1973264756","0.222222"
"1973264756","1606462671","0.222222"
"1606462671","2088935385","1.05556"
"2088935385","1606462671","1.05556"
"1606462671","2118205076","0.722222"
"2118205076","1606462671","0.722222"
"1606462671","2172887291","0.444444"
"2172887291","1606462671","0.444444"
"1665075357","1853326381","0.111111"
"1853326381","1665075357","0.111111"
"1665075357","1933771661","0.111111"
"1933771661","1665075357","0.111111"
"1665075357","1973264756","0.211111"
"1973264756","1665075357","0.211111"
"1665075357","2088935385","0.111111"
"2088935385","1665075357","0.111111"
"1665075357","2172887291","0.111111"
"2172887291","1665075357","0.111111"
"1853326381","1933771661","2.24444"
"1933771661","1853326381","2.24444"
"1853326381","1973264756","0.311111"
"1973264756","1853326381","0.311111"
"1853326381","2088935385","6.22778"
"2088935385","1853326381","6.22778"
"1853326381","2118205076","0.861111"
"2118205076","1853326381","0.861111"
"1853326381","2172887291","5.22778"
"2172887291","1853326381","5.22778"
"1933771661","2118205076","1.47222"
"2118205076","1933771661","1.47222"
"1933771661","2172887291","1.91111"
"2172887291","1933771661","1.91111"
"1973264756","2118205076","0.322222"
"2118205076","1973264756","0.322222"
"1973264756","2172887291","0.311111"
"2172887291","1973264756","0.311111"
"2088935385","2118205076","2.97222"
"2118205076","2088935385","2.97222"
"2088935385","2172887291","4.89444"
"2172887291","2088935385","4.89444"
"2118205076","2172887291","0.361111"
"2172887291","2118205076","0.361111"
"1497642450","1842983266","1.3"
"1842983266","1497642450","1.3"
"1497642450","2118165915","0.7"
"2118165915","1497642450","0.7"
"1585557017","2118165915","0.291667"
"2118165915","1585557017","0.291667"
"1665075357","1842983266","0.966667"
"1842983266","1665075357","0.966667"
"1665075357","2118165915","0.366667"
"2118165915","1665075357","0.366667"
"1842983266","2031667387","0.166667"
"2031667387","1842983266","0.166667"
"1842983266","2118165915","1.7"
"2118165915","1842983266","1.7"
"1842983266","2118205076","0.466667"
"2118205076","1842983266","0.466667"
"2031667387","2118165915","0.166667"
"2118165915","2031667387","0.166667"
"2118165915","2118205076","0.366667"
"2118205076","2118165915","0.366667"
"1497642450","1517309604","0.25"
"1517309604","1497642450","0.25"
"1517309604","1665075357","0.25"
"1665075357","1517309604","0.25"
"1497642450","1550363989","0.1"
"1550363989","1497642450","0.1"
"1497642450","1884311057","0.1"
"1884311057","1497642450","0.1"
"1497642450","2030980322","0.3"
"2030980322","1497642450","0.3"
"1497642450","2166408162","0.1"
"2166408162","1497642450","0.1"
"1550363989","1665075357","0.1"
"1665075357","1550363989","0.1"
"1550363989","1842983266","0.3"
"1842983266","1550363989","0.3"
"1550363989","1884311057","0.744444"
"1884311057","1550363989","0.744444"
"1550363989","1973264756","0.211111"
"1973264756","1550363989","0.211111"
"1550363989","2095121304","0.1"
"2095121304","1550363989","0.1"
"1550363989","2118205076","0.211111"
"2118205076","1550363989","0.211111"
"1585557017","2095121304","0.1"
"2095121304","1585557017","0.1"
"1665075357","1884311057","0.1"
"1884311057","1665075357","0.1"
"1665075357","2030980322","0.3"
"2030980322","1665075357","0.3"
"1665075357","2166408162","0.1"
"2166408162","1665075357","0.1"
"1842983266","1884311057","0.3"
"1884311057","1842983266","0.3"
"1842983266","1973264756","0.1"
"1973264756","1842983266","0.1"
"1842983266","2030980322","0.3"
"2030980322","1842983266","0.3"
"1842983266","2095121304","0.1"
"2095121304","1842983266","0.1"
"1842983266","2166408162","0.1"
"2166408162","1842983266","0.1"
"1884311057","1973264756","0.1"
"1973264756","1884311057","0.1"
"1884311057","2095121304","0.1"
"2095121304","1884311057","0.1"
"1884311057","2118205076","0.1"
"2118205076","1884311057","0.1"
"1884311057","2166408162","0.1"
"2166408162","1884311057","0.1"
"1973264756","2030980322","0.242857"
"2030980322","1973264756","0.242857"
"1973264756","2095121304","0.1"
"2095121304","1973264756","0.1"
"1973264756","2166408162","0.1"
"2166408162","1973264756","0.1"
"2030980322","2095121304","0.1"
"2095121304","2030980322","0.1"
"2030980322","2118205076","0.3"
"2118205076","2030980322","0.3"
"2095121304","2166408162","0.1"
"2166408162","2095121304","0.1"
"2118205076","2166408162","0.1"
"2166408162","2118205076","0.1"
"2030980322","2118165915","0.658333"
"2118165915","2030980322","0.658333"
"1497642450","2040112678","0.333333"
"2040112678","1497642450","0.333333"
"1842983266","2040112678","1.23333"
"2040112678","1842983266","1.23333"
"2040112678","2118165915","0.333333"
"2118165915","2040112678","0.333333"
"1498658720","1919313189","0.111111"
"1919313189","1498658720","0.111111"
"1517309604","1606462671","0.111111"
"1606462671","1517309604","0.111111"
"1517309604","1919313189","0.655556"
"1919313189","1517309604","0.655556"
"1517309604","2118205076","0.111111"
"2118205076","1517309604","0.111111"
"1550363989","1606462671","0.111111"
"1606462671","1550363989","0.111111"
"1550363989","1919313189","0.111111"
"1919313189","1550363989","0.111111"
"1606462671","1919313189","0.111111"
"1919313189","1606462671","0.111111"
"1606462671","2151725814","0.111111"
"2151725814","1606462671","0.111111"
"1919313189","1933771661","0.322222"
"1933771661","1919313189","0.322222"
"1919313189","1973264756","2.44444"
"1973264756","1919313189","2.44444"
"1919313189","2088935385","0.972222"
"2088935385","1919313189","0.972222"
"1919313189","2118205076","0.111111"
"2118205076","1919313189","0.111111"
"1919313189","2151725814","0.111111"
"2151725814","1919313189","0.111111"
"2118205076","2151725814","0.111111"
"2151725814","2118205076","0.111111"
"1498658720","1506030002","0.111111"
"1506030002","1498658720","0.111111"
"1498658720","1517246785","0.111111"
"1517246785","1498658720","0.111111"
"1498658720","1595208333","0.111111"
"1595208333","1498658720","0.111111"
"1498658720","1884311057","0.111111"
"1884311057","1498658720","0.111111"
"1498658720","59378762","0.111111"
"59378762","1498658720","0.111111"
"1506030002","1517246785","0.977778"
"1517246785","1506030002","0.977778"
"1506030002","1550363989","0.311111"
"1550363989","1506030002","0.311111"
"1506030002","1585557017","0.703968"
"1585557017","1506030002","0.703968"
"1506030002","1595208333","0.727778"
"1595208333","1506030002","0.727778"
"1506030002","1884311057","0.361111"
"1884311057","1506030002","0.361111"
"1506030002","1933771661","0.111111"
"1933771661","1506030002","0.111111"
"1506030002","2030980322","0.620635"
"2030980322","1506030002","0.620635"
"1506030002","59378762","0.111111"
"59378762","1506030002","0.111111"
"1517246785","1933771661","0.111111"
"1933771661","1517246785","0.111111"
"1517246785","59378762","0.486111"
"59378762","1517246785","0.486111"
"1550363989","59378762","0.436111"
"59378762","1550363989","0.436111"
"1585557017","59378762","0.686111"
"59378762","1585557017","0.686111"
"1595208333","1933771661","0.111111"
"1933771661","1595208333","0.111111"
"1595208333","59378762","0.236111"
"59378762","1595208333","0.236111"
"1884311057","1933771661","0.111111"
"1933771661","1884311057","0.111111"
"1884311057","59378762","0.561111"
"59378762","1884311057","0.561111"
"1933771661","59378762","0.111111"
"59378762","1933771661","0.111111"
"2030980322","59378762","1.48611"
"59378762","2030980322","1.48611"
"1498658720","1822563252","0.5"
"1822563252","1498658720","0.5"
"1822563252","2088935385","1.11111"
"2088935385","1822563252","1.11111"
"1506030002","1598414993","0.416667"
"1598414993","1506030002","0.416667"
"1506030002","1524215483","0.142857"
"1524215483","1506030002","0.142857"
"1506030002","1973264756","0.142857"
"1973264756","1506030002","0.142857"
"1506030002","2088935385","0.142857"
"2088935385","1506030002","0.142857"
"1506030002","2617752655","0.142857"
"2617752655","1506030002","0.142857"
"1524215483","1585557017","0.142857"
"1585557017","1524215483","0.142857"
"1524215483","1973264756","1.22619"
"1973264756","1524215483","1.22619"
"1524215483","2027568438","0.142857"
"2027568438","1524215483","0.142857"
"1524215483","2030980322","0.142857"
"2030980322","1524215483","0.142857"
"1524215483","2088935385","0.142857"
"2088935385","1524215483","0.142857"
"1524215483","2617752655","0.142857"
"2617752655","1524215483","0.142857"
"1585557017","2617752655","1.14286"
"2617752655","1585557017","1.14286"
"1973264756","2027568438","0.142857"
"2027568438","1973264756","0.142857"
"2027568438","2617752655","0.142857"
"2617752655","2027568438","0.142857"
"2030980322","2617752655","0.142857"
"2617752655","2030980322","0.142857"
"1506030002","1601631147","0.166667"
"1601631147","1506030002","0.166667"
"1517246785","1598414993","0.5"
"1598414993","1517246785","0.5"
"1517246785","1601631147","0.166667"
"1601631147","1517246785","0.166667"
"1598414993","2030980322","0.5"
"2030980322","1598414993","0.5"
"1601631147","2030980322","0.166667"
"2030980322","1601631147","0.166667"
"1517246785","2118165915","0.125"
"2118165915","1517246785","0.125"
"1550363989","2118165915","0.458333"
"2118165915","1550363989","0.458333"
"1595208333","2118165915","0.125"
"2118165915","1595208333","0.125"
"2027568438","2118165915","0.125"
"2118165915","2027568438","0.125"
"2027568438","59378762","0.125"
"59378762","2027568438","0.125"
"2118165915","2166408162","0.458333"
"2166408162","2118165915","0.458333"
"2118165915","59378762","0.125"
"59378762","2118165915","0.125"
"2166408162","59378762","0.125"
"59378762","2166408162","0.125"
"1517309604","1535854230","0.211111"
"1535854230","1517309604","0.211111"
"1517309604","1822563252","0.211111"
"1822563252","1517309604","0.211111"
"1517309604","1853326381","0.1"
"1853326381","1517309604","0.1"
"1517309604","2172887291","0.1"
"2172887291","1517309604","0.1"
"1535854230","1822563252","0.611111"
"1822563252","1535854230","0.611111"
"1535854230","1853326381","3.58333"
"1853326381","1535854230","3.58333"
"1535854230","1919313189","1.19444"
"1919313189","1535854230","1.19444"
"1535854230","1933771661","0.211111"
"1933771661","1535854230","0.211111"
"1535854230","2030980322","0.211111"
"2030980322","1535854230","0.211111"
"1535854230","2172887291","3.08333"
"2172887291","1535854230","3.08333"
"1822563252","183654279","0.211111"
"183654279","1822563252","0.211111"
"1822563252","1853326381","0.5"
"1853326381","1822563252","0.5"
"1822563252","1919313189","0.611111"
"1919313189","1822563252","0.611111"
"1822563252","1933771661","0.211111"
"1933771661","1822563252","0.211111"
"1822563252","2030980322","0.211111"
"2030980322","1822563252","0.211111"
"1822563252","2054505740","1.21111"
"2054505740","1822563252","1.21111"
"1822563252","2172887291","0.5"
"2172887291","1822563252","0.5"
"183654279","1853326381","0.1"
"1853326381","183654279","0.1"
"183654279","1919313189","0.211111"
"1919313189","183654279","0.211111"
"183654279","2172887291","0.1"
"2172887291","183654279","0.1"
"1853326381","1919313189","1.08333"
"1919313189","1853326381","1.08333"
"1853326381","2030980322","0.1"
"2030980322","1853326381","0.1"
"1853326381","2054505740","0.1"
"2054505740","1853326381","0.1"
"1919313189","2030980322","0.211111"
"2030980322","1919313189","0.211111"
"1919313189","2054505740","0.211111"
"2054505740","1919313189","0.211111"
"1919313189","2172887291","1.08333"
"2172887291","1919313189","1.08333"
"2030980322","2172887291","0.1"
"2172887291","2030980322","0.1"
"2054505740","2172887291","0.1"
"2172887291","2054505740","0.1"
"1919313189","2098196304","0.333333"
"2098196304","1919313189","0.333333"
"1535854230","1577389523","0.111111"
"1577389523","1535854230","0.111111"
"1577389523","1822563252","0.111111"
"1822563252","1577389523","0.111111"
"1577389523","1919313189","0.111111"
"1919313189","1577389523","0.111111"
"1524215483","1588824543","1.5"
"1588824543","1524215483","1.5"
"1524215483","2113771612","1.5"
"2113771612","1524215483","1.5"
"1588824543","2113771612","5.5"
"2113771612","1588824543","5.5"
"1524215483","1535854230","0.333333"
"1535854230","1524215483","0.333333"
"1524215483","2054505740","0.916667"
"2054505740","1524215483","0.916667"
"1524215483","2151725814","0.333333"
"2151725814","1524215483","0.333333"
"1524215483","2098196304","0.833333"
"2098196304","1524215483","0.833333"
"1524215483","2040112678","0.25"
"2040112678","1524215483","0.25"
"1524215483","2286847061","0.25"
"2286847061","1524215483","0.25"
"1973264756","2040112678","0.25"
"2040112678","1973264756","0.25"
"2040112678","2054505740","0.25"
"2054505740","2040112678","0.25"
"2040112678","2286847061","3.45"
"2286847061","2040112678","3.45"
"1550363989","2040112678","0.2"
"2040112678","1550363989","0.2"
"1585557017","2040112678","0.2"
"2040112678","1585557017","0.2"
"1842983266","59378762","0.2"
"59378762","1842983266","0.2"
"1884311057","2040112678","0.2"
"2040112678","1884311057","0.2"
"2040112678","59378762","0.2"
"59378762","2040112678","0.2"
"1574769917","1595208333","0.5"
"1595208333","1574769917","0.5"
"1574769917","1884311057","0.5"
"1884311057","1574769917","0.5"
"1577389523","1853326381","0.783333"
"1853326381","1577389523","0.783333"
"1577389523","2172887291","0.45"
"2172887291","1577389523","0.45"
"183654279","1842983266","0.2"
"1842983266","183654279","0.2"
"183654279","2040112678","0.2"
"2040112678","183654279","0.2"
"1842983266","2011568048","0.2"
"2011568048","1842983266","0.2"
"1842983266","2286847061","0.7"
"2286847061","1842983266","0.7"
"2011568048","2040112678","0.2"
"2040112678","2011568048","0.2"
"2040112678","2098196304","0.2"
"2098196304","2040112678","0.2"
"1884311057","2088935385","1"
"2088935385","1884311057","1"
"1973264756","2158841805","3.33333"
"2158841805","1973264756","3.33333"
"1973264756","32924054","5.33333"
"32924054","1973264756","5.33333"
"2158841805","32924054","2.33333"
"32924054","2158841805","2.33333"
"1973264756","87912845","0.333333"
