"1018790527","2212602790","3.33333"
"2212602790","1018790527","3.33333"
"1018790527","2220472750","3.83333"
"2220472750","1018790527","3.83333"
"1018790527","2295535098","3.83333"
"2295535098","1018790527","3.83333"
"2212602790","2220472750","3.33333"
"2220472750","2212602790","3.33333"
"2212602790","2295535098","4.33333"
"2295535098","2212602790","4.33333"
"2220472750","2295535098","7.83333"
"2295535098","2220472750","7.83333"
"109344023","1500420698","0.306818"
"1500420698","109344023","0.306818"
"109344023","1511292443","0.417929"
"1511292443","109344023","0.417929"
"109344023","1789926538","0.215909"
"1789926538","109344023","0.215909"
"109344023","1807258240","0.306818"
"1807258240","109344023","0.306818"
"109344023","1931256343","0.215909"
"1931256343","109344023","0.215909"
"109344023","1988545508","1.79293"
"1988545508","109344023","1.79293"
"109344023","2144593768","0.181818"
"2144593768","109344023","0.181818"
"109344023","2151680116","0.306818"
"2151680116","109344023","0.306818"
"109344023","2227720476","0.181818"
"2227720476","109344023","0.181818"
"109344023","22495568","0.20202"
"22495568","109344023","0.20202"
"109344023","2295535098","0.181818"
"2295535098","109344023","0.181818"
"1500420698","1511292443","0.306818"
"1511292443","1500420698","0.306818"
"1500420698","1789926538","0.215909"
"1789926538","1500420698","0.215909"
"1500420698","1807258240","0.306818"
"1807258240","1500420698","0.306818"
"1500420698","1931256343","0.215909"
"1931256343","1500420698","0.215909"
"1500420698","1988545508","2.38182"
"1988545508","1500420698","2.38182"
"1500420698","2144593768","0.181818"
"2144593768","1500420698","0.181818"
"1500420698","2151680116","0.306818"
"2151680116","1500420698","0.306818"
"1500420698","2227720476","0.181818"
"2227720476","1500420698","0.181818"
"1500420698","22495568","0.0909091"
"22495568","1500420698","0.0909091"
"1500420698","2295535098","0.381818"
"2295535098","1500420698","0.381818"
"1511292443","1789926538","0.215909"
"1789926538","1511292443","0.215909"
"1511292443","1807258240","0.306818"
"1807258240","1511292443","0.306818"
"1511292443","1931256343","0.215909"
"1931256343","1511292443","0.215909"
"1511292443","1988545508","2.33737"
"1988545508","1511292443","2.33737"
"1511292443","2144593768","0.292929"
"2144593768","1511292443","0.292929"
"1511292443","2151680116","0.660786"
"2151680116","1511292443","0.660786"
"1511292443","2227720476","0.181818"
"2227720476","1511292443","0.181818"
"1511292443","22495568","0.20202"
"22495568","1511292443","0.20202"
"1511292443","2295535098","0.292929"
"2295535098","1511292443","0.292929"
"1789926538","1807258240","0.715909"
"1807258240","1789926538","0.715909"
"1789926538","1931256343","0.215909"
"1931256343","1789926538","0.215909"
"1789926538","1988545508","0.0909091"
"1988545508","1789926538","0.0909091"
"1789926538","2144593768","0.0909091"
"2144593768","1789926538","0.0909091"
"1789926538","2151680116","0.215909"
"2151680116","1789926538","0.215909"
"1789926538","2227720476","0.0909091"
"2227720476","1789926538","0.0909091"
"1789926538","22495568","0.0909091"
"22495568","1789926538","0.0909091"
"1789926538","2295535098","0.0909091"
"2295535098","1789926538","0.0909091"
"1807258240","1931256343","0.215909"
"1931256343","1807258240","0.215909"
"1807258240","1988545508","0.181818"
"1988545508","1807258240","0.181818"
"1807258240","2144593768","0.181818"
"2144593768","1807258240","0.181818"
"1807258240","2151680116","0.306818"
"2151680116","1807258240","0.306818"
"1807258240","2227720476","0.181818"
"2227720476","1807258240","0.181818"
"1807258240","22495568","0.0909091"
"22495568","1807258240","0.0909091"
"1807258240","2295535098","0.181818"
"2295535098","1807258240","0.181818"
"1931256343","1988545508","5.42424"
"1988545508","1931256343","5.42424"
"1931256343","2144593768","0.0909091"
"2144593768","1931256343","0.0909091"
"1931256343","2151680116","0.549242"
"2151680116","1931256343","0.549242"
"1931256343","2227720476","0.0909091"
"2227720476","1931256343","0.0909091"
"1931256343","22495568","1.34091"
"22495568","1931256343","1.34091"
"1931256343","2295535098","0.0909091"
"2295535098","1931256343","0.0909091"
"1988545508","2144593768","0.292929"
"2144593768","1988545508","0.292929"
"1988545508","2151680116","1.72626"
"2151680116","1988545508","1.72626"
"1988545508","2227720476","1.18182"
"2227720476","1988545508","1.18182"
"1988545508","22495568","6.95202"
"22495568","1988545508","6.95202"
"1988545508","2295535098","3.4096"
"2295535098","1988545508","3.4096"
"2144593768","2151680116","0.292929"
"2151680116","2144593768","0.292929"
"2144593768","2227720476","0.181818"
"2227720476","2144593768","0.181818"
"2144593768","22495568","1.09091"
"22495568","2144593768","1.09091"
"2144593768","2295535098","1.29293"
"2295535098","2144593768","1.29293"
"2151680116","2227720476","0.181818"
"2227720476","2151680116","0.181818"
"2151680116","22495568","0.0909091"
"22495568","2151680116","0.0909091"
"2151680116","2295535098","0.292929"
"2295535098","2151680116","0.292929"
"2227720476","22495568","0.0909091"
"22495568","2227720476","0.0909091"
"2227720476","2295535098","0.181818"
"2295535098","2227720476","0.181818"
"22495568","2295535098","0.0909091"
"2295535098","22495568","0.0909091"
"109344023","1543276876","0.236111"
"1543276876","109344023","0.236111"
"109344023","1575885106","0.625"
"1575885106","109344023","0.625"
"1500420698","1543276876","0.125"
"1543276876","1500420698","0.125"
"1500420698","1575885106","0.125"
"1575885106","1500420698","0.125"
"1511292443","1543276876","0.378968"
"1543276876","1511292443","0.378968"
"1511292443","1575885106","0.478968"
"1575885106","1511292443","0.478968"
"1543276876","1575885106","0.267857"
"1575885106","1543276876","0.267857"
"1543276876","1789926538","0.125"
"1789926538","1543276876","0.125"
"1543276876","1807258240","0.125"
"1807258240","1543276876","0.125"
"1543276876","1931256343","0.125"
"1931256343","1543276876","0.125"
"1543276876","2151680116","0.267857"
"2151680116","1543276876","0.267857"
"1575885106","1789926538","0.125"
"1789926538","1575885106","0.125"
"1575885106","1807258240","0.125"
"1807258240","1575885106","0.125"
"1575885106","1931256343","0.125"
"1931256343","1575885106","0.125"
"1575885106","2151680116","1.22897"
"2151680116","1575885106","1.22897"
"1575885106","1988545508","1.21111"
"1988545508","1575885106","1.21111"
"109344023","1483326864","0.111111"
"1483326864","109344023","0.111111"
"109344023","1529006120","0.111111"
"1529006120","109344023","0.111111"
"109344023","2031194666","0.111111"
"2031194666","109344023","0.111111"
"109344023","2419543529","1.20202"
"2419543529","109344023","1.20202"
"109344023","2924482967","0.111111"
"2924482967","109344023","0.111111"
"1483326864","1511292443","0.111111"
"1511292443","1483326864","0.111111"
"1483326864","1529006120","0.111111"
"1529006120","1483326864","0.111111"
"1483326864","1543276876","0.611111"
"1543276876","1483326864","0.611111"
"1483326864","1988545508","1.11111"
"1988545508","1483326864","1.11111"
"1483326864","2031194666","0.111111"
"2031194666","1483326864","0.111111"
"1483326864","22495568","0.611111"
"22495568","1483326864","0.611111"
"1483326864","2419543529","0.111111"
"2419543529","1483326864","0.111111"
"1483326864","2924482967","0.111111"
"2924482967","1483326864","0.111111"
"1511292443","1529006120","0.555556"
"1529006120","1511292443","0.555556"
"1511292443","2031194666","0.555556"
"2031194666","1511292443","0.555556"
"1511292443","2419543529","11.9131"
"2419543529","1511292443","11.9131"
"1511292443","2924482967","0.111111"
"2924482967","1511292443","0.111111"
"1529006120","1543276876","0.111111"
"1543276876","1529006120","0.111111"
"1529006120","1988545508","1.88889"
"1988545508","1529006120","1.88889"
"1529006120","2031194666","0.888889"
"2031194666","1529006120","0.888889"
"1529006120","22495568","0.861111"
"22495568","1529006120","0.861111"
"1529006120","2419543529","0.722222"
"2419543529","1529006120","0.722222"
"1529006120","2924482967","0.111111"
"2924482967","1529006120","0.111111"
"1543276876","1988545508","0.611111"
"1988545508","1543276876","0.611111"
"1543276876","2031194666","0.111111"
"2031194666","1543276876","0.111111"
"1543276876","22495568","0.111111"
"22495568","1543276876","0.111111"
"1543276876","2419543529","0.111111"
"2419543529","1543276876","0.111111"
"1543276876","2924482967","0.111111"
"2924482967","1543276876","0.111111"
"1988545508","2031194666","0.888889"
"2031194666","1988545508","0.888889"
"1988545508","2419543529","6.99646"
"2419543529","1988545508","6.99646"
"1988545508","2924482967","3.27778"
"2924482967","1988545508","3.27778"
"2031194666","22495568","0.111111"
"22495568","2031194666","0.111111"
"2031194666","2419543529","0.222222"
"2419543529","2031194666","0.222222"
"2031194666","2924482967","0.111111"
"2924482967","2031194666","0.111111"
"22495568","2419543529","0.361111"
"2419543529","22495568","0.361111"
"22495568","2924482967","1.11111"
"2924482967","22495568","1.11111"
"2419543529","2924482967","3.94444"
"2924482967","2419543529","3.94444"
"109344023","2127735615","0.0909091"
"2127735615","109344023","0.0909091"
"109344023","2577867585","0.0909091"
"2577867585","109344023","0.0909091"
"1500420698","2127735615","0.0909091"
"2127735615","1500420698","0.0909091"
"1500420698","2419543529","0.0909091"
"2419543529","1500420698","0.0909091"
"1500420698","2577867585","0.0909091"
"2577867585","1500420698","0.0909091"
"1511292443","2127735615","0.0909091"
"2127735615","1511292443","0.0909091"
"1511292443","2577867585","0.190909"
"2577867585","1511292443","0.190909"
"1807258240","2127735615","0.0909091"
"2127735615","1807258240","0.0909091"
"1807258240","2419543529","0.0909091"
"2419543529","1807258240","0.0909091"
"1807258240","2577867585","0.0909091"
"2577867585","1807258240","0.0909091"
"1988545508","2127735615","1.42424"
"2127735615","1988545508","1.42424"
"1988545508","2577867585","0.190909"
"2577867585","1988545508","0.190909"
"2127735615","2144593768","0.0909091"
"2144593768","2127735615","0.0909091"
"2127735615","2151680116","0.424242"
"2151680116","2127735615","0.424242"
"2127735615","2227720476","0.0909091"
"2227720476","2127735615","0.0909091"
"2127735615","2295535098","0.424242"
"2295535098","2127735615","0.424242"
"2127735615","2419543529","1.75758"
"2419543529","2127735615","1.75758"
"2127735615","2577867585","0.424242"
"2577867585","2127735615","0.424242"
"2144593768","2419543529","0.70202"
"2419543529","2144593768","0.70202"
"2144593768","2577867585","0.0909091"
"2577867585","2144593768","0.0909091"
"2151680116","2419543529","2.21869"
"2419543529","2151680116","2.21869"
"2151680116","2577867585","0.524242"
"2577867585","2151680116","0.524242"
"2227720476","2419543529","0.0909091"
"2419543529","2227720476","0.0909091"
"2227720476","2577867585","0.0909091"
"2577867585","2227720476","0.0909091"
"2295535098","2419543529","0.535354"
"2419543529","2295535098","0.535354"
"2295535098","2577867585","0.0909091"
"2577867585","2295535098","0.0909091"
"2419543529","2577867585","0.524242"
"2577867585","2419543529","0.524242"
"128893933","1600690517","0.451923"
"1600690517","128893933","0.451923"
"128893933","1884109169","0.451923"
"1884109169","128893933","0.451923"
"128893933","2104476081","0.25"
"2104476081","128893933","0.25"
"128893933","2133640934","0.451923"
"2133640934","128893933","0.451923"
"128893933","2168168936","0.451923"
"2168168936","128893933","0.451923"
"128893933","2304980681","0.451923"
"2304980681","128893933","0.451923"
"1600690517","1884109169","0.451923"
"1884109169","1600690517","0.451923"
"1600690517","2104476081","1.33333"
"2104476081","1600690517","1.33333"
"1600690517","2133640934","0.451923"
"2133640934","1600690517","0.451923"
"1600690517","2168168936","0.451923"
"2168168936","1600690517","0.451923"
"1600690517","2304980681","4.28526"
"2304980681","1600690517","4.28526"
"1884109169","2104476081","1.08333"
"2104476081","1884109169","1.08333"
"1884109169","2133640934","0.785256"
"2133640934","1884109169","0.785256"
"1884109169","2168168936","0.451923"
"2168168936","1884109169","0.451923"
"1884109169","2304980681","0.951923"
"2304980681","1884109169","0.951923"
"2104476081","2133640934","1.72619"
"2133640934","2104476081","1.72619"
"2104476081","2168168936","0.25"
"2168168936","2104476081","0.25"
"2104476081","2304980681","2.30952"
"2304980681","2104476081","2.30952"
"2133640934","2168168936","0.451923"
"2168168936","2133640934","0.451923"
"2133640934","2304980681","0.59478"
"2304980681","2133640934","0.59478"
"2168168936","2304980681","0.451923"
"2304980681","2168168936","0.451923"
"128893933","1500615737","0.160256"
"1500615737","128893933","0.160256"
"128893933","1581000938","0.160256"
"1581000938","128893933","0.160256"
"128893933","2042886345","0.160256"
"2042886345","128893933","0.160256"
"128893933","2133627877","0.201923"
"2133627877","128893933","0.201923"
"128893933","2144571231","0.201923"
"2144571231","128893933","0.201923"
"128893933","2148832586","0.160256"
"2148832586","128893933","0.160256"
"128893933","2166194842","0.160256"
"2166194842","128893933","0.160256"
"128893933","51012574","0.201923"
"51012574","128893933","0.201923"
"1500615737","1581000938","7.96978"
"1581000938","1500615737","7.96978"
"1500615737","1600690517","0.410256"
"1600690517","1500615737","0.410256"
"1500615737","1884109169","0.660256"
"1884109169","1500615737","0.660256"
"1500615737","2042886345","1.16026"
"2042886345","1500615737","1.16026"
"1500615737","2133627877","1.66026"
"2133627877","1500615737","1.66026"
"1500615737","2133640934","0.303114"
"2133640934","1500615737","0.303114"
"1500615737","2144571231","0.0769231"
"2144571231","1500615737","0.0769231"
"1500615737","2148832586","0.636447"
"2148832586","1500615737","0.636447"
"1500615737","2166194842","0.803114"
"2166194842","1500615737","0.803114"
"1500615737","2168168936","0.160256"
"2168168936","1500615737","0.160256"
"1500615737","2304980681","0.553114"
"2304980681","1500615737","0.553114"
"1500615737","51012574","1.16026"
"51012574","1500615737","1.16026"
"1581000938","1600690517","0.410256"
"1600690517","1581000938","0.410256"
"1581000938","1884109169","0.160256"
"1884109169","1581000938","0.160256"
"1581000938","2042886345","0.160256"
"2042886345","1581000938","0.160256"
"1581000938","2133627877","1.49359"
"2133627877","1581000938","1.49359"
"1581000938","2133640934","0.303114"
"2133640934","1581000938","0.303114"
"1581000938","2144571231","0.0769231"
"2144571231","1581000938","0.0769231"
"1581000938","2148832586","0.636447"
"2148832586","1581000938","0.636447"
"1581000938","2166194842","0.803114"
"2166194842","1581000938","0.803114"
"1581000938","2168168936","0.160256"
"2168168936","1581000938","0.160256"
"1581000938","2304980681","0.553114"
"2304980681","1581000938","0.553114"
"1581000938","51012574","0.99359"
"51012574","1581000938","0.99359"
"1600690517","2042886345","0.160256"
"2042886345","1600690517","0.160256"
"1600690517","2133627877","0.451923"
"2133627877","1600690517","0.451923"
"1600690517","2144571231","0.201923"
"2144571231","1600690517","0.201923"
"1600690517","2148832586","0.74359"
"2148832586","1600690517","0.74359"
"1600690517","2166194842","0.160256"
"2166194842","1600690517","0.160256"
"1600690517","51012574","0.451923"
"51012574","1600690517","0.451923"
"1884109169","2042886345","0.660256"
"2042886345","1884109169","0.660256"
"1884109169","2133627877","0.201923"
"2133627877","1884109169","0.201923"
"1884109169","2144571231","0.201923"
"2144571231","1884109169","0.201923"
"1884109169","2148832586","0.160256"
"2148832586","1884109169","0.160256"
"1884109169","2166194842","0.99359"
"2166194842","1884109169","0.99359"
"1884109169","51012574","0.201923"
"51012574","1884109169","0.201923"
"2042886345","2133627877","0.0769231"
"2133627877","2042886345","0.0769231"
"2042886345","2133640934","0.160256"
"2133640934","2042886345","0.160256"
"2042886345","2144571231","0.0769231"
"2144571231","2042886345","0.0769231"
"2042886345","2148832586","0.160256"
"2148832586","2042886345","0.160256"
"2042886345","2166194842","0.660256"
"2166194842","2042886345","0.660256"
"2042886345","2168168936","0.160256"
"2168168936","2042886345","0.160256"
"2042886345","2304980681","0.160256"
"2304980681","2042886345","0.160256"
"2042886345","51012574","0.0769231"
"51012574","2042886345","0.0769231"
"2133627877","2133640934","0.201923"
"2133640934","2133627877","0.201923"
"2133627877","2144571231","0.201923"
"2144571231","2133627877","0.201923"
"2133627877","2148832586","3.16026"
"2148832586","2133627877","3.16026"
"2133627877","2166194842","0.0769231"
"2166194842","2133627877","0.0769231"
"2133627877","2168168936","0.201923"
"2168168936","2133627877","0.201923"
"2133627877","2304980681","0.451923"
"2304980681","2133627877","0.451923"
"2133627877","51012574","10.0353"
"51012574","2133627877","10.0353"
"2133640934","2144571231","0.201923"
"2144571231","2133640934","0.201923"
"2133640934","2148832586","0.303114"
"2148832586","2133640934","0.303114"
"2133640934","2166194842","0.636447"
"2166194842","2133640934","0.636447"
"2133640934","51012574","0.201923"
"51012574","2133640934","0.201923"
"2144571231","2148832586","0.0769231"
"2148832586","2144571231","0.0769231"
"2144571231","2166194842","0.0769231"
"2166194842","2144571231","0.0769231"
"2144571231","2168168936","0.201923"
"2168168936","2144571231","0.201923"
"2144571231","2304980681","0.201923"
"2304980681","2144571231","0.201923"
"2144571231","51012574","0.201923"
"51012574","2144571231","0.201923"
"2148832586","2166194842","0.303114"
"2166194842","2148832586","0.303114"
"2148832586","2168168936","0.160256"
"2168168936","2148832586","0.160256"
"2148832586","2304980681","1.21978"
"2304980681","2148832586","1.21978"
"2148832586","51012574","2.16026"
"51012574","2148832586","2.16026"
"2166194842","2168168936","0.160256"
"2168168936","2166194842","0.160256"
"2166194842","2304980681","0.303114"
"2304980681","2166194842","0.303114"
"2166194842","51012574","0.0769231"
"51012574","2166194842","0.0769231"
"2168168936","51012574","0.201923"
"51012574","2168168936","0.201923"
"2304980681","51012574","0.451923"
"51012574","2304980681","0.451923"
"128893933","2924482967","0.0833333"
"2924482967","128893933","0.0833333"
"1500615737","2104476081","0.47619"
"2104476081","1500615737","0.47619"
"1500615737","2924482967","5.80952"
"2924482967","1500615737","5.80952"
"1581000938","2104476081","0.47619"
"2104476081","1581000938","0.47619"
"1581000938","2924482967","3.64286"
"2924482967","1581000938","3.64286"
"1600690517","2924482967","0.583333"
"2924482967","1600690517","0.583333"
"1884109169","2924482967","0.583333"
"2924482967","1884109169","0.583333"
"2042886345","2104476081","0.0833333"
"2104476081","2042886345","0.0833333"
"2042886345","2924482967","0.0833333"
"2924482967","2042886345","0.0833333"
"2104476081","2148832586","0.892857"
"2148832586","2104476081","0.892857"
"2104476081","2166194842","0.559524"
"2166194842","2104476081","0.559524"
"2104476081","2924482967","1.22619"
"2924482967","2104476081","1.22619"
"2133640934","2924482967","0.22619"
"2924482967","2133640934","0.22619"
"2148832586","2924482967","1.89286"
"2924482967","2148832586","1.89286"
"2166194842","2924482967","0.22619"
"2924482967","2166194842","0.22619"
"2168168936","2924482967","0.0833333"
"2924482967","2168168936","0.0833333"
"2304980681","2924482967","0.72619"
"2924482967","2304980681","0.72619"
"1500420698","1540876896","0.2"
"1540876896","1500420698","0.2"
"1500420698","2145154883","0.2"
"2145154883","1500420698","0.2"
"1500420698","2752857821","0.2"
"2752857821","1500420698","0.2"
"1540876896","1988545508","0.533333"
"1988545508","1540876896","0.533333"
"1540876896","2145154883","0.2"
"2145154883","1540876896","0.2"
"1540876896","2295535098","0.866667"
"2295535098","1540876896","0.866667"
"1540876896","2752857821","0.2"
"2752857821","1540876896","0.2"
"1988545508","2145154883","0.561111"
"2145154883","1988545508","0.561111"
"1988545508","2752857821","0.55"
"2752857821","1988545508","0.55"
"2145154883","2295535098","0.311111"
"2295535098","2145154883","0.311111"
"2145154883","2752857821","0.2"
"2752857821","2145154883","0.2"
"2295535098","2752857821","0.533333"
"2752857821","2295535098","0.533333"
"1500615737","2140539965","0.5"
"2140539965","1500615737","0.5"
"1581000938","2140539965","0.5"
"2140539965","1581000938","0.5"
"1500615737","2157752164","0.5"
"2157752164","1500615737","0.5"
"1581000938","2157752164","0.5"
"2157752164","1581000938","0.5"
"2133627877","2924482967","1.91667"
"2924482967","2133627877","1.91667"
"2924482967","51012574","0.916667"
"51012574","2924482967","0.916667"
"1500848017","1645178665","0.125"
"1645178665","1500848017","0.125"
"1500848017","1789926538","0.458333"
"1789926538","1500848017","0.458333"
"1500848017","2084176459","0.125"
"2084176459","1500848017","0.125"
"1500848017","2126849458","0.125"
"2126849458","1500848017","0.125"
"1500848017","2127735615","0.125"
"2127735615","1500848017","0.125"
"1500848017","2134007343","0.767857"
"2134007343","1500848017","0.767857"
"1500848017","2163360598","0.125"
"2163360598","1500848017","0.125"
"1500848017","2164896748","0.60119"
"2164896748","1500848017","0.60119"
"1645178665","1789926538","0.125"
"1789926538","1645178665","0.125"
"1645178665","2084176459","0.125"
"2084176459","1645178665","0.125"
"1645178665","2126849458","21.9583"
"2126849458","1645178665","21.9583"
"1645178665","2127735615","0.125"
"2127735615","1645178665","0.125"
"1645178665","2134007343","0.125"
"2134007343","1645178665","0.125"
"1645178665","2163360598","0.125"
"2163360598","1645178665","0.125"
"1645178665","2164896748","0.125"
"2164896748","1645178665","0.125"
"1789926538","2084176459","0.125"
"2084176459","1789926538","0.125"
"1789926538","2126849458","0.125"
"2126849458","1789926538","0.125"
"1789926538","2127735615","0.125"
"2127735615","1789926538","0.125"
"1789926538","2134007343","1.125"
"2134007343","1789926538","1.125"
"1789926538","2163360598","0.125"
"2163360598","1789926538","0.125"
"1789926538","2164896748","0.458333"
"2164896748","1789926538","0.458333"
"2084176459","2126849458","0.125"
"2126849458","2084176459","0.125"
"2084176459","2127735615","0.125"
"2127735615","2084176459","0.125"
"2084176459","2134007343","0.125"
"2134007343","2084176459","0.125"
"2084176459","2163360598","0.125"
"2163360598","2084176459","0.125"
"2084176459","2164896748","0.125"
"2164896748","2084176459","0.125"
"2126849458","2127735615","0.125"
"2127735615","2126849458","0.125"
"2126849458","2134007343","0.125"
"2134007343","2126849458","0.125"
"2126849458","2163360598","0.125"
"2163360598","2126849458","0.125"
"2126849458","2164896748","0.125"
"2164896748","2126849458","0.125"
"2127735615","2134007343","0.125"
"2134007343","2127735615","0.125"
"2127735615","2163360598","0.125"
"2163360598","2127735615","0.125"
"2127735615","2164896748","0.125"
"2164896748","2127735615","0.125"
"2134007343","2163360598","0.125"
"2163360598","2134007343","0.125"
"2134007343","2164896748","9.27738"
"2164896748","2134007343","9.27738"
"2163360598","2164896748","0.958333"
"2164896748","2163360598","0.958333"
"1500848017","2924482967","3.14286"
"2924482967","1500848017","3.14286"
"1500848017","2026263225","0.892857"
"2026263225","1500848017","0.892857"
"2026263225","2134007343","3.31905"
"2134007343","2026263225","3.31905"
"1500848017","2037770158","0.892857"
"2037770158","1500848017","0.892857"
"1500848017","2085270370","0.642857"
"2085270370","1500848017","0.642857"
"1500848017","2145102654","0.142857"
"2145102654","1500848017","0.142857"
"2026263225","2037770158","0.592857"
"2037770158","2026263225","0.592857"
"2026263225","2085270370","0.342857"
"2085270370","2026263225","0.342857"
"2026263225","2145102654","0.652381"
"2145102654","2026263225","0.652381"
"2026263225","2164896748","1.81905"
"2164896748","2026263225","1.81905"
"2026263225","2924482967","1.85238"
"2924482967","2026263225","1.85238"
"2037770158","2085270370","7.50952"
"2085270370","2037770158","7.50952"
"2037770158","2134007343","0.142857"
"2134007343","2037770158","0.142857"
"2037770158","2145102654","0.642857"
"2145102654","2037770158","0.642857"
"2037770158","2164896748","0.642857"
"2164896748","2037770158","0.642857"
"2037770158","2924482967","4.00952"
"2924482967","2037770158","4.00952"
"2085270370","2134007343","0.142857"
"2134007343","2085270370","0.142857"
"2085270370","2145102654","0.142857"
"2145102654","2085270370","0.142857"
"2085270370","2164896748","0.142857"
"2164896748","2085270370","0.142857"
"2085270370","2924482967","2.00952"
"2924482967","2085270370","2.00952"
"2134007343","2145102654","3.65238"
"2145102654","2134007343","3.65238"
"2134007343","2924482967","1.65238"
"2924482967","2134007343","1.65238"
"2145102654","2164896748","4.48571"
"2164896748","2145102654","4.48571"
"2145102654","2924482967","1.15238"
"2924482967","2145102654","1.15238"
"2164896748","2924482967","1.15238"
"2924482967","2164896748","1.15238"
"1500848017","1518726310","0.75"
"1518726310","1500848017","0.75"
"1500848017","1982047300","2.08333"
"1982047300","1500848017","2.08333"
"1518726310","1982047300","2.39286"
"1982047300","1518726310","2.39286"
"1518726310","2026263225","1.42619"
"2026263225","1518726310","1.42619"
"1518726310","2037770158","0.25"
"2037770158","1518726310","0.25"
"1982047300","2026263225","0.759524"
"2026263225","1982047300","0.759524"
"1982047300","2037770158","0.45"
"2037770158","1982047300","0.45"
"1982047300","2924482967","1.50952"
"2924482967","1982047300","1.50952"
"1789926538","1982047300","0.333333"
"1982047300","1789926538","0.333333"
"1982047300","2164896748","0.97619"
"2164896748","1982047300","0.97619"
"1511292443","200275619","0.742857"
"200275619","1511292443","0.742857"
"1511292443","269919247","0.6"
"269919247","1511292443","0.6"
"200275619","269919247","1.6"
"269919247","200275619","1.6"
"1511292443","2462343204","0.1"
"2462343204","1511292443","0.1"
"1511292443","2752857821","0.1"
"2752857821","1511292443","0.1"
"1511292443","2954370766","0.1"
"2954370766","1511292443","0.1"
"1575885106","200275619","0.992857"
"200275619","1575885106","0.992857"
"1575885106","2419543529","10.9611"
"2419543529","1575885106","10.9611"
"1575885106","2462343204","0.1"
"2462343204","1575885106","0.1"
"1575885106","2577867585","0.1"
"2577867585","1575885106","0.1"
"1575885106","269919247","1.6"
"269919247","1575885106","1.6"
"1575885106","2752857821","0.1"
"2752857821","1575885106","0.1"
"1575885106","2954370766","0.1"
"2954370766","1575885106","0.1"
"1988545508","200275619","0.1"
"200275619","1988545508","0.1"
"1988545508","2462343204","0.35"
"2462343204","1988545508","0.35"
"1988545508","269919247","0.683333"
"269919247","1988545508","0.683333"
"1988545508","2954370766","0.1"
"2954370766","1988545508","0.1"
"200275619","2151680116","0.492857"
"2151680116","200275619","0.492857"
"200275619","2419543529","0.85"
"2419543529","200275619","0.85"
"200275619","2462343204","0.1"
"2462343204","200275619","0.1"
"200275619","2577867585","0.1"
"2577867585","200275619","0.1"
"200275619","2752857821","0.1"
"2752857821","200275619","0.1"
"200275619","2954370766","0.1"
"2954370766","200275619","0.1"
"2151680116","2462343204","0.1"
"2462343204","2151680116","0.1"
"2151680116","269919247","0.6"
"269919247","2151680116","0.6"
"2151680116","2752857821","0.1"
"2752857821","2151680116","0.1"
"2151680116","2954370766","0.1"
"2954370766","2151680116","0.1"
"2419543529","2462343204","0.1"
"2462343204","2419543529","0.1"
"2419543529","269919247","0.683333"
"269919247","2419543529","0.683333"
"2419543529","2752857821","0.35"
"2752857821","2419543529","0.35"
"2419543529","2954370766","0.1"
"2954370766","2419543529","0.1"
"2462343204","2577867585","0.1"
"2577867585","2462343204","0.1"
"2462343204","269919247","1.68333"
"269919247","2462343204","1.68333"
"2462343204","2752857821","4.26667"
"2752857821","2462343204","4.26667"
"2462343204","2954370766","0.433333"
"2954370766","2462343204","0.433333"
"2577867585","269919247","0.1"
"269919247","2577867585","0.1"
"2577867585","2752857821","0.1"
"2752857821","2577867585","0.1"
"2577867585","2954370766","0.1"
"2954370766","2577867585","0.1"
"269919247","2752857821","1.1"
"2752857821","269919247","1.1"
"269919247","2954370766","0.1"
"2954370766","269919247","0.1"
"2752857821","2954370766","1.43333"
"2954370766","2752857821","1.43333"
"1511292443","1540876896","0.142857"
"1540876896","1511292443","0.142857"
"1511292443","2090824188","0.142857"
"2090824188","1511292443","0.142857"
"1511292443","2431100065","0.142857"
"2431100065","1511292443","0.142857"
"1540876896","1543276876","0.142857"
"1543276876","1540876896","0.142857"
"1540876896","1575885106","0.142857"
"1575885106","1540876896","0.142857"
"1540876896","200275619","0.142857"
"200275619","1540876896","0.142857"
"1540876896","2090824188","0.142857"
"2090824188","1540876896","0.142857"
"1540876896","2151680116","0.142857"
"2151680116","1540876896","0.142857"
"1540876896","2431100065","0.142857"
"2431100065","1540876896","0.142857"
"1543276876","200275619","0.142857"
"200275619","1543276876","0.142857"
"1543276876","2090824188","0.142857"
"2090824188","1543276876","0.142857"
"1543276876","2431100065","0.142857"
"2431100065","1543276876","0.142857"
"1575885106","2090824188","0.142857"
"2090824188","1575885106","0.142857"
"1575885106","2431100065","0.142857"
"2431100065","1575885106","0.142857"
"200275619","2090824188","0.142857"
"2090824188","200275619","0.142857"
"200275619","2431100065","0.142857"
"2431100065","200275619","0.142857"
"2090824188","2151680116","0.142857"
"2151680116","2090824188","0.142857"
"2090824188","2431100065","1.64286"
"2431100065","2090824188","1.64286"
"2151680116","2431100065","0.142857"
"2431100065","2151680116","0.142857"
"1511292443","2145154883","0.111111"
"2145154883","1511292443","0.111111"
"1529006120","1575885106","0.111111"
"1575885106","1529006120","0.111111"
"1529006120","2144593768","0.111111"
"2144593768","1529006120","0.111111"
"1529006120","2145154883","0.361111"
"2145154883","1529006120","0.361111"
"1529006120","2151680116","0.111111"
"2151680116","1529006120","0.111111"
"1529006120","2295535098","0.444444"
"2295535098","1529006120","0.444444"
"1575885106","2031194666","0.111111"
"2031194666","1575885106","0.111111"
"1575885106","2144593768","0.111111"
"2144593768","1575885106","0.111111"
"1575885106","2145154883","0.111111"
"2145154883","1575885106","0.111111"
"1575885106","2295535098","0.111111"
"2295535098","1575885106","0.111111"
"2031194666","2144593768","0.111111"
"2144593768","2031194666","0.111111"
"2031194666","2145154883","0.111111"
"2145154883","2031194666","0.111111"
"2031194666","2151680116","0.111111"
"2151680116","2031194666","0.111111"
"2031194666","2295535098","0.444444"
"2295535098","2031194666","0.444444"
"2144593768","2145154883","0.111111"
"2145154883","2144593768","0.111111"
"2145154883","2151680116","0.111111"
"2151680116","2145154883","0.111111"
"2145154883","2419543529","0.361111"
"2419543529","2145154883","0.361111"
"1518726310","2145102654","1.84286"
"2145102654","1518726310","1.84286"
"1518726310","2163360598","0.333333"
"2163360598","1518726310","0.333333"
"1518726310","2164896748","3.84286"
"2164896748","1518726310","3.84286"
"2145102654","2163360598","0.833333"
"2163360598","2145102654","0.833333"
"1518726310","2059756710","1.14286"
"2059756710","1518726310","1.14286"
"2059756710","2164896748","1.14286"
"2164896748","2059756710","1.14286"
"1518726310","2134007343","2.50952"
"2134007343","1518726310","2.50952"
"1518726310","2924482967","0.509524"
"2924482967","1518726310","0.509524"
"1982047300","2134007343","0.642857"
"2134007343","1982047300","0.642857"
"1982047300","2145102654","1.30952"
"2145102654","1982047300","1.30952"
"1982047300","2059756710","0.342857"
"2059756710","1982047300","0.342857"
"2026263225","2059756710","0.342857"
"2059756710","2026263225","0.342857"
"2059756710","2134007343","0.142857"
"2134007343","2059756710","0.142857"
"2059756710","2145102654","0.142857"
"2145102654","2059756710","0.142857"
"2059756710","2924482967","2.34286"
"2924482967","2059756710","2.34286"
"1529006120","1931256343","0.5"
"1931256343","1529006120","0.5"
"1931256343","2419543529","1.33333"
"2419543529","1931256343","1.33333"
"1931256343","2145154883","0.25"
"2145154883","1931256343","0.25"
"1540876896","2477194929","2.33333"
"2477194929","1540876896","2.33333"
"1540876896","269919247","1"
"269919247","1540876896","1"
"2477194929","269919247","1.33333"
"269919247","2477194929","1.33333"
"1540876896","1931256343","1"
"1931256343","1540876896","1"
"1540876896","2419543529","0.833333"
"2419543529","1540876896","0.833333"
"1540876896","2462343204","0.333333"
"2462343204","1540876896","0.333333"
"2295535098","2462343204","0.583333"
"2462343204","2295535098","0.583333"
"2295535098","2477194929","0.583333"
"2477194929","2295535098","0.583333"
"2462343204","2477194929","0.916667"
"2477194929","2462343204","0.916667"
"1540876896","2398402296","0.5"
"2398402296","1540876896","0.5"
"2398402296","2419543529","1.5"
"2419543529","2398402296","1.5"
"1540876896","22495568","1"
"22495568","1540876896","1"
"1573378519","2030805174","9.66667"
"2030805174","1573378519","9.66667"
"1573378519","2924482967","1.5"
"2924482967","1573378519","1.5"
"2030805174","2924482967","0.5"
"2924482967","2030805174","0.5"
"1573378519","2037770158","0.666667"
"2037770158","1573378519","0.666667"
"1573378519","2157752164","2.16667"
"2157752164","1573378519","2.16667"
"2030805174","2037770158","0.666667"
"2037770158","2030805174","0.666667"
"2030805174","2157752164","1.16667"
"2157752164","2030805174","1.16667"
"2037770158","2157752164","0.666667"
"2157752164","2037770158","0.666667"
"1575885106","1659560869","0.25"
"1659560869","1575885106","0.25"
"1659560869","200275619","0.25"
"200275619","1659560869","0.25"
"1659560869","2151680116","0.25"
"2151680116","1659560869","0.25"
"1659560869","2419543529","0.833333"
"2419543529","1659560869","0.833333"
"1575885106","2415539709","0.5"
"2415539709","1575885106","0.5"
"1988545508","2415539709","0.833333"
"2415539709","1988545508","0.833333"
"1645178665","2148832586","1"
"2148832586","1645178665","1"
"2126849458","2148832586","1"
"2148832586","2126849458","1"
"1645178665","2133627877","0.333333"
"2133627877","1645178665","0.333333"
"1645178665","51012574","0.333333"
"51012574","1645178665","0.333333"
"2126849458","2133627877","0.333333"
"2133627877","2126849458","0.333333"
"2126849458","51012574","0.333333"
"51012574","2126849458","0.333333"
"1645178665","2145102654","0.5"
"2145102654","1645178665","0.5"
"2126849458","2145102654","0.5"
"2145102654","2126849458","0.5"
"1659560869","1988545508","0.583333"
"1988545508","1659560869","0.583333"
"1659560869","269919247","1.08333"
"269919247","1659560869","1.08333"
"1659560869","2752857821","0.5"
"2752857821","1659560869","0.5"
"1659560869","2090824188","2"
"2090824188","1659560869","2"
"1659560869","2431100065","1"
"2431100065","1659560869","1"
"1659560869","2462343204","0.25"
"2462343204","1659560869","0.25"
"2090824188","2462343204","0.25"
"2462343204","2090824188","0.25"
"2090824188","269919247","0.5"
"269919247","2090824188","0.5"
"2431100065","2462343204","0.583333"
"2462343204","2431100065","0.583333"
"2431100065","269919247","0.5"
"269919247","2431100065","0.5"
"2090824188","2752857821","0.25"
"2752857821","2090824188","0.25"
"2431100065","2752857821","0.583333"
"2752857821","2431100065","0.583333"
"1789926538","2398402296","1.5"
"2398402296","1789926538","1.5"
"1807258240","2398402296","0.5"
"2398402296","1807258240","0.5"
"1981565830","2084176459","2"
"2084176459","1981565830","2"
"1981565830","2037770158","0.166667"
"2037770158","1981565830","0.166667"
"1981565830","2085270370","0.166667"
"2085270370","1981565830","0.166667"
"1981565830","2140539965","0.166667"
"2140539965","1981565830","0.166667"
"1981565830","2149364369","0.666667"
"2149364369","1981565830","0.666667"
"1981565830","2924482967","1.16667"
"2924482967","1981565830","1.16667"
"1981565830","2950636948","0.666667"
"2950636948","1981565830","0.666667"
"2037770158","2140539965","0.166667"
"2140539965","2037770158","0.166667"
"2037770158","2149364369","0.166667"
"2149364369","2037770158","0.166667"
"2037770158","2950636948","0.166667"
"2950636948","2037770158","0.166667"
"2085270370","2140539965","0.166667"
"2140539965","2085270370","0.166667"
"2085270370","2149364369","0.166667"
"2149364369","2085270370","0.166667"
"2085270370","2950636948","0.166667"
"2950636948","2085270370","0.166667"
"2140539965","2149364369","0.166667"
"2149364369","2140539965","0.166667"
"2140539965","2924482967","6.16667"
"2924482967","2140539965","6.16667"
"2140539965","2950636948","0.166667"
"2950636948","2140539965","0.166667"
"2149364369","2924482967","1.16667"
"2924482967","2149364369","1.16667"
"2149364369","2950636948","9.66667"
"2950636948","2149364369","9.66667"
"2924482967","2950636948","0.166667"
"2950636948","2924482967","0.166667"
"1981565830","2144593768","0.5"
"2144593768","1981565830","0.5"
"1981565830","2419543529","0.5"
"2419543529","1981565830","0.5"
"1982047300","2085270370","0.2"
"2085270370","1982047300","0.2"
"2037770158","2059756710","0.2"
"2059756710","2037770158","0.2"
"2059756710","2085270370","0.2"
"2085270370","2059756710","0.2"
"2127735615","2924482967","0.333333"
"2924482967","2127735615","0.333333"
"1988545508","2477194929","0.75"
"2477194929","1988545508","0.75"
"22495568","2477194929","0.5"
"2477194929","22495568","0.5"
"1988545508","2950770738","0.333333"
"2950770738","1988545508","0.333333"
"2415539709","2924482967","0.666667"
"2924482967","2415539709","0.666667"
"2415539709","2950770738","11.1667"
"2950770738","2415539709","11.1667"
"2924482967","2950770738","0.666667"
"2950770738","2924482967","0.666667"
"1988545508","2948234719","0.25"
"2948234719","1988545508","0.25"
"2295535098","2948234719","0.25"
"2948234719","2295535098","0.25"
"2462343204","2948234719","0.25"
"2948234719","2462343204","0.25"
"2477194929","2948234719","0.25"
"2948234719","2477194929","0.25"
"200275619","2415539709","1.33333"
"2415539709","200275619","1.33333"
"200275619","2924482967","1.33333"
"2924482967","200275619","1.33333"
"200275619","2950770738","0.333333"
"2950770738","200275619","0.333333"
"2037770158","2084176459","1.5"
"2084176459","2037770158","1.5"
"2084176459","2085270370","1.5"
"2085270370","2084176459","1.5"
"2037770158","2058844561","0.5"
"2058844561","2037770158","0.5"
"2058844561","2085270370","0.5"
"2085270370","2058844561","0.5"
"2058844561","2157752164","4"
"2157752164","2058844561","4"
"2090824188","2295119862","0.5"
"2295119862","2090824188","0.5"
"2295119862","2431100065","5.5"
"2431100065","2295119862","5.5"
"2104476081","2140539965","0.333333"
"2140539965","2104476081","0.333333"
"2140539965","2148832586","0.333333"
"2148832586","2140539965","0.333333"
"2140539965","2304980681","0.333333"
"2304980681","2140539965","0.333333"
"2127281178","2157752164","2"
"2157752164","2127281178","2"
"2127735615","2415539709","0.333333"
"2415539709","2127735615","0.333333"
"2127735615","2752857821","0.333333"
"2752857821","2127735615","0.333333"
"2295535098","2415539709","0.333333"
"2415539709","2295535098","0.333333"
"2415539709","2752857821","0.333333"
"2752857821","2415539709","0.333333"
"2149364369","2163360598","1"
"2163360598","2149364369","1"
"2155868759","2398402296","0.75"
"2398402296","2155868759","0.75"
"2155868759","2577867585","0.75"
"2577867585","2155868759","0.75"
"2398402296","2577867585","1.83333"
"2577867585","2398402296","1.83333"
"2155868759","2407689013","0.25"
"2407689013","2155868759","0.25"
"2155868759","2444165571","0.25"
"2444165571","2155868759","0.25"
"2398402296","2407689013","1"
"2407689013","2398402296","1"
"2398402296","2444165571","10.3333"
"2444165571","2398402296","10.3333"
"2407689013","2444165571","0.5"
"2444165571","2407689013","0.5"
"2407689013","2577867585","1"
"2577867585","2407689013","1"
"2444165571","2577867585","0.833333"
"2577867585","2444165571","0.833333"
"2157752164","2924482967","1"
"2924482967","2157752164","1"
