"134076163","2283569451","3.33333"
"2283569451","134076163","3.33333"
"134076163","2113567057","10.6667"
"2113567057","134076163","10.6667"
"2113567057","2283569451","2.83333"
"2283569451","2113567057","2.83333"
"134076163","2626475079","1"
"2626475079","134076163","1"
"134076163","2047128326","0.833333"
"2047128326","134076163","0.833333"
"2047128326","2113567057","1.83333"
"2113567057","2047128326","1.83333"
"2047128326","2283569451","1.33333"
"2283569451","2047128326","1.33333"
"134076163","1564774435","0.5"
"1564774435","134076163","0.5"
"1564774435","2113567057","4"
"2113567057","1564774435","4"
"134076163","2011119785","0.333333"
"2011119785","134076163","0.333333"
"134076163","2106364744","0.333333"
"2106364744","134076163","0.333333"
"2011119785","2106364744","1.83333"
"2106364744","2011119785","1.83333"
"2011119785","2113567057","0.833333"
"2113567057","2011119785","0.833333"
"2106364744","2113567057","0.333333"
"2113567057","2106364744","0.333333"
"1488177171","1502973954","0.390909"
"1502973954","1488177171","0.390909"
"1488177171","1506786868","0.0909091"
"1506786868","1488177171","0.0909091"
"1488177171","1518152481","0.390909"
"1518152481","1488177171","0.390909"
"1488177171","2059455240","0.757576"
"2059455240","1488177171","0.757576"
"1488177171","2064833269","0.557576"
"2064833269","1488177171","0.557576"
"1488177171","2098249175","0.190909"
"2098249175","1488177171","0.190909"
"1488177171","2099895032","0.774242"
"2099895032","1488177171","0.774242"
"1488177171","2120900062","0.607576"
"2120900062","1488177171","0.607576"
"1488177171","2127492972","0.0909091"
"2127492972","1488177171","0.0909091"
"1488177171","2137122803","0.757576"
"2137122803","1488177171","0.757576"
"1488177171","2622193850","2.80758"
"2622193850","1488177171","2.80758"
"1502973954","1506786868","0.257576"
"1506786868","1502973954","0.257576"
"1502973954","1518152481","1.15758"
"1518152481","1502973954","1.15758"
"1502973954","2059455240","0.524242"
"2059455240","1502973954","0.524242"
"1502973954","2064833269","0.657576"
"2064833269","1502973954","0.657576"
"1502973954","2098249175","0.457576"
"2098249175","1502973954","0.457576"
"1502973954","2099895032","0.457576"
"2099895032","1502973954","0.457576"
"1502973954","2120900062","0.290909"
"2120900062","1502973954","0.290909"
"1502973954","2127492972","3.84091"
"2127492972","1502973954","3.84091"
"1502973954","2137122803","0.424242"
"2137122803","1502973954","0.424242"
"1502973954","2622193850","0.824242"
"2622193850","1502973954","0.824242"
"1506786868","1518152481","0.757576"
"1518152481","1506786868","0.757576"
"1506786868","2059455240","1.36869"
"2059455240","1506786868","1.36869"
"1506786868","2064833269","1.59091"
"2064833269","1506786868","1.59091"
"1506786868","2098249175","0.0909091"
"2098249175","1506786868","0.0909091"
"1506786868","2099895032","0.0909091"
"2099895032","1506786868","0.0909091"
"1506786868","2120900062","0.0909091"
"2120900062","1506786868","0.0909091"
"1506786868","2127492972","0.257576"
"2127492972","1506786868","0.257576"
"1506786868","2137122803","0.868687"
"2137122803","1506786868","0.868687"
"1506786868","2622193850","1.86869"
"2622193850","1506786868","1.86869"
"1518152481","2059455240","0.857576"
"2059455240","1518152481","0.857576"
"1518152481","2064833269","1.65758"
"2064833269","1518152481","1.65758"
"1518152481","2098249175","0.457576"
"2098249175","1518152481","0.457576"
"1518152481","2099895032","0.457576"
"2099895032","1518152481","0.457576"
"1518152481","2120900062","0.290909"
"2120900062","1518152481","0.290909"
"1518152481","2127492972","1.75758"
"2127492972","1518152481","1.75758"
"1518152481","2137122803","1.00758"
"2137122803","1518152481","1.00758"
"1518152481","2622193850","2.24091"
"2622193850","1518152481","2.24091"
"2059455240","2064833269","0.857576"
"2064833269","2059455240","0.857576"
"2059455240","2098249175","0.333766"
"2098249175","2059455240","0.333766"
"2059455240","2099895032","1.14329"
"2099895032","2059455240","1.14329"
"2059455240","2120900062","0.976623"
"2120900062","2059455240","0.976623"
"2059455240","2127492972","0.424242"
"2127492972","2059455240","0.424242"
"2059455240","2137122803","2.84488"
"2137122803","2059455240","2.84488"
"2059455240","2622193850","13.4211"
"2622193850","2059455240","13.4211"
"2064833269","2098249175","0.457576"
"2098249175","2064833269","0.457576"
"2064833269","2099895032","0.624242"
"2099895032","2064833269","0.624242"
"2064833269","2120900062","0.290909"
"2120900062","2064833269","0.290909"
"2064833269","2127492972","0.257576"
"2127492972","2064833269","0.257576"
"2064833269","2137122803","0.257576"
"2137122803","2064833269","0.257576"
"2064833269","2622193850","1.65758"
"2622193850","2064833269","1.65758"
"2098249175","2099895032","2.05043"
"2099895032","2098249175","2.05043"
"2098249175","2120900062","1.55043"
"2120900062","2098249175","1.55043"
"2098249175","2127492972","0.257576"
"2127492972","2098249175","0.257576"
"2098249175","2137122803","0.0909091"
"2137122803","2098249175","0.0909091"
"2098249175","2622193850","0.433766"
"2622193850","2098249175","0.433766"
"2099895032","2120900062","5.35996"
"2120900062","2099895032","5.35996"
"2099895032","2127492972","0.257576"
"2127492972","2099895032","0.257576"
"2099895032","2137122803","0.5671"
"2137122803","2099895032","0.5671"
"2099895032","2622193850","1.15996"
"2622193850","2099895032","1.15996"
"2120900062","2127492972","0.0909091"
"2127492972","2120900062","0.0909091"
"2120900062","2137122803","0.400433"
"2137122803","2120900062","0.400433"
"2120900062","2622193850","0.99329"
"2622193850","2120900062","0.99329"
"2127492972","2137122803","0.424242"
"2137122803","2127492972","0.424242"
"2127492972","2622193850","1.42424"
"2622193850","2127492972","1.42424"
"2137122803","2622193850","3.09488"
"2622193850","2137122803","3.09488"
"1488177171","78635172","0.683333"
"78635172","1488177171","0.683333"
"2059455240","78635172","1.05238"
"78635172","2059455240","1.05238"
"2064833269","78635172","0.366667"
"78635172","2064833269","0.366667"
"2099895032","78635172","4.93571"
"78635172","2099895032","4.93571"
"2137122803","78635172","0.47619"
"78635172","2137122803","0.47619"
"2622193850","78635172","1.06905"
"78635172","2622193850","1.06905"
"2120900062","78635172","4.76905"
"78635172","2120900062","4.76905"
"1488177171","2076382341","0.1"
"2076382341","1488177171","0.1"
"1488177171","2103297792","0.3"
"2103297792","1488177171","0.3"
"1502973954","2076382341","0.1"
"2076382341","1502973954","0.1"
"1502973954","2103297792","0.633333"
"2103297792","1502973954","0.633333"
"1502973954","78635172","0.2"
"78635172","1502973954","0.2"
"1518152481","2076382341","3.18333"
"2076382341","1518152481","3.18333"
"1518152481","2103297792","9.21667"
"2103297792","1518152481","9.21667"
"1518152481","78635172","0.2"
"78635172","1518152481","0.2"
"2064833269","2076382341","0.1"
"2076382341","2064833269","0.1"
"2064833269","2103297792","0.3"
"2103297792","2064833269","0.3"
"2076382341","2098249175","0.242857"
"2098249175","2076382341","0.242857"
"2076382341","2099895032","0.242857"
"2099895032","2076382341","0.242857"
"2076382341","2103297792","3.82619"
"2103297792","2076382341","3.82619"
"2076382341","2120900062","0.242857"
"2120900062","2076382341","0.242857"
"2076382341","2622193850","1.32619"
"2622193850","2076382341","1.32619"
"2076382341","78635172","0.242857"
"78635172","2076382341","0.242857"
"2098249175","2103297792","0.242857"
"2103297792","2098249175","0.242857"
"2098249175","78635172","1.45952"
"78635172","2098249175","1.45952"
"2099895032","2103297792","0.242857"
"2103297792","2099895032","0.242857"
"2103297792","2120900062","0.242857"
"2120900062","2103297792","0.242857"
"2103297792","2622193850","2.02619"
"2622193850","2103297792","2.02619"
"2103297792","78635172","0.242857"
"78635172","2103297792","0.242857"
"1488177171","2011119785","0.5"
"2011119785","1488177171","0.5"
"2011119785","2622193850","0.5"
"2622193850","2011119785","0.5"
"1492086083","2011119785","0.25"
"2011119785","1492086083","0.25"
"1492086083","2099895032","0.25"
"2099895032","1492086083","0.25"
"1492086083","2120900062","0.25"
"2120900062","1492086083","0.25"
"1492086083","78635172","0.25"
"78635172","1492086083","0.25"
"2011119785","2099895032","2.36667"
"2099895032","2011119785","2.36667"
"2011119785","2120900062","1.03333"
"2120900062","2011119785","1.03333"
"2011119785","78635172","1.03333"
"78635172","2011119785","1.03333"
"1492086083","1503287972","1.44444"
"1503287972","1492086083","1.44444"
"1492086083","1938691758","2.44444"
"1938691758","1492086083","2.44444"
"1492086083","2622193850","0.444444"
"2622193850","1492086083","0.444444"
"1503287972","1938691758","0.944444"
"1938691758","1503287972","0.944444"
"1503287972","2622193850","2.0873"
"2622193850","1503287972","2.0873"
"1938691758","2622193850","0.444444"
"2622193850","1938691758","0.444444"
"1492086083","1506786868","0.111111"
"1506786868","1492086083","0.111111"
"1492086083","2059455240","0.111111"
"2059455240","1492086083","0.111111"
"1492086083","2075335470","0.111111"
"2075335470","1492086083","0.111111"
"1492086083","2125437043","0.111111"
"2125437043","1492086083","0.111111"
"1492086083","2137122803","0.111111"
"2137122803","1492086083","0.111111"
"1492086083","2405586383","0.111111"
"2405586383","1492086083","0.111111"
"1503287972","1506786868","0.611111"
"1506786868","1503287972","0.611111"
"1503287972","2059455240","1.25397"
"2059455240","1503287972","1.25397"
"1503287972","2075335470","0.111111"
"2075335470","1503287972","0.111111"
"1503287972","2125437043","0.111111"
"2125437043","1503287972","0.111111"
"1503287972","2137122803","0.920635"
"2137122803","1503287972","0.920635"
"1503287972","2405586383","3.3373"
"2405586383","1503287972","3.3373"
"1506786868","1938691758","0.111111"
"1938691758","1506786868","0.111111"
"1506786868","2075335470","0.111111"
"2075335470","1506786868","0.111111"
"1506786868","2125437043","0.111111"
"2125437043","1506786868","0.111111"
"1506786868","2405586383","0.611111"
"2405586383","1506786868","0.611111"
"1938691758","2059455240","0.111111"
"2059455240","1938691758","0.111111"
"1938691758","2075335470","1.11111"
"2075335470","1938691758","1.11111"
"1938691758","2125437043","0.111111"
"2125437043","1938691758","0.111111"
"1938691758","2137122803","0.111111"
"2137122803","1938691758","0.111111"
"1938691758","2405586383","0.611111"
"2405586383","1938691758","0.611111"
"2059455240","2075335470","0.111111"
"2075335470","2059455240","0.111111"
"2059455240","2125437043","0.111111"
"2125437043","2059455240","0.111111"
"2059455240","2405586383","1.25397"
"2405586383","2059455240","1.25397"
"2075335470","2125437043","6.11111"
"2125437043","2075335470","6.11111"
"2075335470","2137122803","0.111111"
"2137122803","2075335470","0.111111"
"2075335470","2405586383","0.111111"
"2405586383","2075335470","0.111111"
"2075335470","2622193850","0.111111"
"2622193850","2075335470","0.111111"
"2125437043","2137122803","0.111111"
"2137122803","2125437043","0.111111"
"2125437043","2405586383","0.111111"
"2405586383","2125437043","0.111111"
"2125437043","2622193850","0.111111"
"2622193850","2125437043","0.111111"
"2137122803","2405586383","0.920635"
"2405586383","2137122803","0.920635"
"2405586383","2622193850","1.75397"
"2622193850","2405586383","1.75397"
"1502973954","2064867724","0.266667"
"2064867724","1502973954","0.266667"
"1518152481","2064867724","0.266667"
"2064867724","1518152481","0.266667"
"2064833269","2064867724","0.266667"
"2064867724","2064833269","0.266667"
"2064867724","2098249175","0.6"
"2098249175","2064867724","0.6"
"2064867724","2099895032","0.6"
"2099895032","2064867724","0.6"
"2064867724","2127492972","0.166667"
"2127492972","2064867724","0.166667"
"1502973954","1503287972","0.75"
"1503287972","1502973954","0.75"
"1502973954","2405586383","0.75"
"2405586383","1502973954","0.75"
"1503287972","2127492972","0.75"
"2127492972","1503287972","0.75"
"2127492972","2405586383","0.75"
"2405586383","2127492972","0.75"
"1502973954","2211260991","0.333333"
"2211260991","1502973954","0.333333"
"1502973954","2757007952","0.333333"
"2757007952","1502973954","0.333333"
"2127492972","2211260991","0.333333"
"2211260991","2127492972","0.333333"
"2127492972","2757007952","0.333333"
"2757007952","2127492972","0.333333"
"2211260991","2757007952","4.33333"
"2757007952","2211260991","4.33333"
"1502973954","1939856552","0.25"
"1939856552","1502973954","0.25"
"1503287972","1939856552","1.25"
"1939856552","1503287972","1.25"
"1939856552","2127492972","0.25"
"2127492972","1939856552","0.25"
"1939856552","2405586383","0.25"
"2405586383","1939856552","0.25"
"2103297792","2127492972","0.333333"
"2127492972","2103297792","0.333333"
"1502973954","2126390196","0.1"
"2126390196","1502973954","0.1"
"1518152481","2126390196","0.1"
"2126390196","1518152481","0.1"
"2059455240","2064867724","0.1"
"2064867724","2059455240","0.1"
"2059455240","2126390196","0.1"
"2126390196","2059455240","0.1"
"2064833269","2126390196","0.1"
"2126390196","2064833269","0.1"
"2064867724","2120900062","0.1"
"2120900062","2064867724","0.1"
"2064867724","2126390196","0.1"
"2126390196","2064867724","0.1"
"2064867724","2622193850","0.1"
"2622193850","2064867724","0.1"
"2064867724","78635172","0.1"
"78635172","2064867724","0.1"
"2098249175","2126390196","0.3"
"2126390196","2098249175","0.3"
"2099895032","2126390196","3.13333"
"2126390196","2099895032","3.13333"
"2120900062","2126390196","1.13333"
"2126390196","2120900062","1.13333"
"2126390196","2622193850","0.1"
"2622193850","2126390196","0.1"
"2126390196","78635172","0.633333"
"78635172","2126390196","0.633333"
"1503287972","2099895032","0.142857"
"2099895032","1503287972","0.142857"
"1503287972","2120900062","0.142857"
"2120900062","1503287972","0.142857"
"1503287972","78635172","0.142857"
"78635172","1503287972","0.142857"
"2099895032","2405586383","0.142857"
"2405586383","2099895032","0.142857"
"2120900062","2405586383","0.142857"
"2405586383","2120900062","0.142857"
"2405586383","78635172","0.142857"
"78635172","2405586383","0.142857"
"2076382341","2137122803","0.25"
"2137122803","2076382341","0.25"
"2103297792","2137122803","0.25"
"2137122803","2103297792","0.25"
"1521765062","2113567057","0.5"
"2113567057","1521765062","0.5"
"1521765062","2283569451","0.5"
"2283569451","1521765062","0.5"
"1522704666","2137122803","1"
"2137122803","1522704666","1"
"1522704666","2125437043","1"
"2125437043","1522704666","1"
"1564774435","2011119785","0.5"
"2011119785","1564774435","0.5"
"2011119785","2064867724","2.83333"
"2064867724","2011119785","2.83333"
"2011119785","2098249175","0.783333"
"2098249175","2011119785","0.783333"
"2011119785","2126390196","0.2"
"2126390196","2011119785","0.2"
"2064867724","2106364744","0.5"
"2106364744","2064867724","0.5"
"2033249470","2075335470","1"
"2075335470","2033249470","1"
"2059455240","2076382341","0.142857"
"2076382341","2059455240","0.142857"
"2059455240","2103297792","0.142857"
"2103297792","2059455240","0.142857"
"2106364744","2626475079","1"
"2626475079","2106364744","1"
"2106364744","2893627207","1"
"2893627207","2106364744","1"
"2106364744","2283569451","1"
"2283569451","2106364744","1"
