"1482777297","2160353309","14"
"2160353309","1482777297","14"
"1482777297","1918458912","1"
"1918458912","1482777297","1"
"1519180828","1591772492","0.771429"
"1591772492","1519180828","0.771429"
"1519180828","2940289237","0.959463"
"2940289237","1519180828","0.959463"
"1591772492","2940289237","0.771429"
"2940289237","1591772492","0.771429"
"1519180828","159786245","0.18254"
"159786245","1519180828","0.18254"
"1519180828","1864120463","0.111111"
"1864120463","1519180828","0.111111"
"1519180828","1945035764","0.18254"
"1945035764","1519180828","0.18254"
"1519180828","2137709787","0.259463"
"2137709787","1519180828","0.259463"
"1519180828","2166711441","0.459463"
"2166711441","1519180828","0.459463"
"1519180828","2503207772","0.459463"
"2503207772","1519180828","0.459463"
"1519180828","323140412","0.259463"
"323140412","1519180828","0.259463"
"1519180828","855864950","0.111111"
"855864950","1519180828","0.111111"
"159786245","1864120463","1.11111"
"1864120463","159786245","1.11111"
"159786245","1945035764","10.9325"
"1945035764","159786245","10.9325"
"159786245","2137709787","0.765873"
"2137709787","159786245","0.765873"
"159786245","2166711441","1.18254"
"2166711441","159786245","1.18254"
"159786245","2503207772","0.18254"
"2503207772","159786245","0.18254"
"159786245","2940289237","0.43254"
"2940289237","159786245","0.43254"
"159786245","323140412","0.18254"
"323140412","159786245","0.18254"
"159786245","855864950","0.444444"
"855864950","159786245","0.444444"
"1864120463","1945035764","2.11111"
"1945035764","1864120463","2.11111"
"1864120463","2137709787","0.111111"
"2137709787","1864120463","0.111111"
"1864120463","2166711441","0.111111"
"2166711441","1864120463","0.111111"
"1864120463","2503207772","0.111111"
"2503207772","1864120463","0.111111"
"1864120463","2940289237","0.111111"
"2940289237","1864120463","0.111111"
"1864120463","323140412","0.111111"
"323140412","1864120463","0.111111"
"1864120463","855864950","1.11111"
"855864950","1864120463","1.11111"
"1945035764","2137709787","0.18254"
"2137709787","1945035764","0.18254"
"1945035764","2166711441","1.43254"
"2166711441","1945035764","1.43254"
"1945035764","2503207772","0.18254"
"2503207772","1945035764","0.18254"
"1945035764","2940289237","0.93254"
"2940289237","1945035764","0.93254"
"1945035764","323140412","0.18254"
"323140412","1945035764","0.18254"
"1945035764","855864950","1.11111"
"855864950","1945035764","1.11111"
"2137709787","2166711441","0.634463"
"2166711441","2137709787","0.634463"
"2137709787","2503207772","0.259463"
"2503207772","2137709787","0.259463"
"2137709787","2940289237","0.717796"
"2940289237","2137709787","0.717796"
"2137709787","323140412","1.2178"
"323140412","2137709787","1.2178"
"2137709787","855864950","0.111111"
"855864950","2137709787","0.111111"
"2166711441","2503207772","0.459463"
"2503207772","2166711441","0.459463"
"2166711441","2940289237","1.33446"
"2940289237","2166711441","1.33446"
"2166711441","323140412","0.717796"
"323140412","2166711441","0.717796"
"2166711441","855864950","0.111111"
"855864950","2166711441","0.111111"
"2503207772","2940289237","1.45946"
"2940289237","2503207772","1.45946"
"2503207772","323140412","0.259463"
"323140412","2503207772","0.259463"
"2503207772","855864950","0.111111"
"855864950","2503207772","0.111111"
"2940289237","323140412","2.2178"
"323140412","2940289237","2.2178"
"2940289237","855864950","0.111111"
"855864950","2940289237","0.111111"
"323140412","855864950","0.111111"
"855864950","323140412","0.111111"
"1519180828","1672671307","0.148352"
"1672671307","1519180828","0.148352"
"1519180828","1752934815","0.410256"
"1752934815","1519180828","0.410256"
"1519180828","2099486776","0.0769231"
"2099486776","1519180828","0.0769231"
"1519180828","2112816268","0.410256"
"2112816268","1519180828","0.410256"
"1519180828","2131518018","0.148352"
"2131518018","1519180828","0.148352"
"1519180828","2158583234","0.481685"
"2158583234","1519180828","0.481685"
"1519180828","2162389699","0.0769231"
"2162389699","1519180828","0.0769231"
"1519180828","634373187","0.0769231"
"634373187","1519180828","0.0769231"
"1672671307","1752934815","0.0769231"
"1752934815","1672671307","0.0769231"
"1672671307","2099486776","0.201923"
"2099486776","1672671307","0.201923"
"1672671307","2112816268","2.16026"
"2112816268","1672671307","2.16026"
"1672671307","2131518018","0.856685"
"2131518018","1672671307","0.856685"
"1672671307","2137709787","4.02335"
"2137709787","1672671307","4.02335"
"1672671307","2158583234","2.44002"
"2158583234","1672671307","2.44002"
"1672671307","2162389699","0.0769231"
"2162389699","1672671307","0.0769231"
"1672671307","2166711441","0.606685"
"2166711441","1672671307","0.606685"
"1672671307","2503207772","0.148352"
"2503207772","1672671307","0.148352"
"1672671307","2940289237","0.606685"
"2940289237","1672671307","0.606685"
"1672671307","323140412","2.44002"
"323140412","1672671307","2.44002"
"1672671307","634373187","0.0769231"
"634373187","1672671307","0.0769231"
"1752934815","2099486776","0.276923"
"2099486776","1752934815","0.276923"
"1752934815","2112816268","10.3936"
"2112816268","1752934815","10.3936"
"1752934815","2131518018","0.0769231"
"2131518018","1752934815","0.0769231"
"1752934815","2137709787","0.576923"
"2137709787","1752934815","0.576923"
"1752934815","2158583234","2.11026"
"2158583234","1752934815","2.11026"
"1752934815","2162389699","0.0769231"
"2162389699","1752934815","0.0769231"
"1752934815","2166711441","0.326923"
"2166711441","1752934815","0.326923"
"1752934815","2503207772","1.16026"
"2503207772","1752934815","1.16026"
"1752934815","2940289237","0.276923"
"2940289237","1752934815","0.276923"
"1752934815","323140412","0.610256"
"323140412","1752934815","0.610256"
"1752934815","634373187","0.276923"
"634373187","1752934815","0.276923"
"2099486776","2112816268","0.276923"
"2112816268","2099486776","0.276923"
"2099486776","2131518018","0.951923"
"2131518018","2099486776","0.951923"
"2099486776","2137709787","0.201923"
"2137709787","2099486776","0.201923"
"2099486776","2158583234","0.401923"
"2158583234","2099486776","0.401923"
"2099486776","2162389699","0.326923"
"2162389699","2099486776","0.326923"
"2099486776","2166711441","0.201923"
"2166711441","2099486776","0.201923"
"2099486776","2503207772","0.0769231"
"2503207772","2099486776","0.0769231"
"2099486776","2940289237","0.201923"
"2940289237","2099486776","0.201923"
"2099486776","323140412","0.401923"
"323140412","2099486776","0.401923"
"2099486776","634373187","3.77692"
"634373187","2099486776","3.77692"
"2112816268","2131518018","0.660256"
"2131518018","2112816268","0.660256"
"2112816268","2137709787","2.41026"
"2137709787","2112816268","2.41026"
"2112816268","2158583234","0.610256"
"2158583234","2112816268","0.610256"
"2112816268","2162389699","0.0769231"
"2162389699","2112816268","0.0769231"
"2112816268","2166711441","0.0769231"
"2166711441","2112816268","0.0769231"
"2112816268","2503207772","1.16026"
"2503207772","2112816268","1.16026"
"2112816268","2940289237","0.276923"
"2940289237","2112816268","0.276923"
"2112816268","323140412","0.276923"
"323140412","2112816268","0.276923"
"2112816268","634373187","0.276923"
"634373187","2112816268","0.276923"
"2131518018","2137709787","0.856685"
"2137709787","2131518018","0.856685"
"2131518018","2158583234","0.273352"
"2158583234","2131518018","0.273352"
"2131518018","2162389699","0.326923"
"2162389699","2131518018","0.326923"
"2131518018","2166711441","0.273352"
"2166711441","2131518018","0.273352"
"2131518018","2503207772","0.148352"
"2503207772","2131518018","0.148352"
"2131518018","2940289237","0.273352"
"2940289237","2131518018","0.273352"
"2131518018","323140412","0.273352"
"323140412","2131518018","0.273352"
"2131518018","634373187","0.0769231"
"634373187","2131518018","0.0769231"
"2137709787","2158583234","1.10668"
"2158583234","2137709787","1.10668"
"2137709787","2162389699","0.0769231"
"2162389699","2137709787","0.0769231"
"2137709787","634373187","0.0769231"
"634373187","2137709787","0.0769231"
"2158583234","2162389699","0.0769231"
"2162389699","2158583234","0.0769231"
"2158583234","2166711441","2.85668"
"2166711441","2158583234","2.85668"
"2158583234","2503207772","0.148352"
"2503207772","2158583234","0.148352"
"2158583234","2940289237","0.523352"
"2940289237","2158583234","0.523352"
"2158583234","323140412","0.806685"
"323140412","2158583234","0.806685"
"2158583234","634373187","0.276923"
"634373187","2158583234","0.276923"
"2162389699","2166711441","0.576923"
"2166711441","2162389699","0.576923"
"2162389699","2503207772","0.0769231"
"2503207772","2162389699","0.0769231"
"2162389699","2940289237","1.07692"
"2940289237","2162389699","1.07692"
"2162389699","323140412","0.0769231"
"323140412","2162389699","0.0769231"
"2162389699","634373187","0.0769231"
"634373187","2162389699","0.0769231"
"2166711441","634373187","0.0769231"
"634373187","2166711441","0.0769231"
"2503207772","634373187","0.0769231"
"634373187","2503207772","0.0769231"
"2940289237","634373187","0.0769231"
"634373187","2940289237","0.0769231"
"323140412","634373187","0.276923"
"634373187","323140412","0.276923"
"1519180828","1752359515","0.0714286"
"1752359515","1519180828","0.0714286"
"1519180828","2094758254","0.0714286"
"2094758254","1519180828","0.0714286"
"1519180828","2124071083","0.271429"
"2124071083","1519180828","0.271429"
"1591772492","159786245","0.0714286"
"159786245","1591772492","0.0714286"
"1591772492","1672671307","0.0714286"
"1672671307","1591772492","0.0714286"
"1591772492","1752359515","2.57143"
"1752359515","1591772492","2.57143"
"1591772492","1945035764","0.0714286"
"1945035764","1591772492","0.0714286"
"1591772492","2094758254","0.571429"
"2094758254","1591772492","0.571429"
"1591772492","2124071083","0.771429"
"2124071083","1591772492","0.771429"
"1591772492","2131518018","0.0714286"
"2131518018","1591772492","0.0714286"
"1591772492","2137709787","0.0714286"
"2137709787","1591772492","0.0714286"
"1591772492","2158583234","0.0714286"
"2158583234","1591772492","0.0714286"
"1591772492","2166711441","0.771429"
"2166711441","1591772492","0.771429"
"1591772492","2503207772","0.271429"
"2503207772","1591772492","0.271429"
"1591772492","323140412","0.0714286"
"323140412","1591772492","0.0714286"
"159786245","1672671307","0.404762"
"1672671307","159786245","0.404762"
"159786245","1752359515","0.0714286"
"1752359515","159786245","0.0714286"
"159786245","2094758254","0.404762"
"2094758254","159786245","0.404762"
"159786245","2124071083","0.404762"
"2124071083","159786245","0.404762"
"159786245","2131518018","0.0714286"
"2131518018","159786245","0.0714286"
"159786245","2158583234","0.654762"
"2158583234","159786245","0.654762"
"1672671307","1752359515","0.0714286"
"1752359515","1672671307","0.0714286"
"1672671307","1945035764","0.0714286"
"1945035764","1672671307","0.0714286"
"1672671307","2094758254","0.321429"
"2094758254","1672671307","0.321429"
"1672671307","2124071083","0.0714286"
"2124071083","1672671307","0.0714286"
"1752359515","1945035764","0.0714286"
"1945035764","1752359515","0.0714286"
"1752359515","2094758254","2.57143"
"2094758254","1752359515","2.57143"
"1752359515","2124071083","1.57143"
"2124071083","1752359515","1.57143"
"1752359515","2131518018","0.0714286"
"2131518018","1752359515","0.0714286"
"1752359515","2137709787","0.0714286"
"2137709787","1752359515","0.0714286"
"1752359515","2158583234","0.0714286"
"2158583234","1752359515","0.0714286"
"1752359515","2166711441","0.571429"
"2166711441","1752359515","0.571429"
"1752359515","2503207772","0.0714286"
"2503207772","1752359515","0.0714286"
"1752359515","2940289237","0.0714286"
"2940289237","1752359515","0.0714286"
"1752359515","323140412","0.0714286"
"323140412","1752359515","0.0714286"
"1945035764","2094758254","0.0714286"
"2094758254","1945035764","0.0714286"
"1945035764","2124071083","0.0714286"
"2124071083","1945035764","0.0714286"
"1945035764","2131518018","0.0714286"
"2131518018","1945035764","0.0714286"
"1945035764","2158583234","0.321429"
"2158583234","1945035764","0.321429"
"2094758254","2124071083","2.65476"
"2124071083","2094758254","2.65476"
"2094758254","2131518018","4.07143"
"2131518018","2094758254","4.07143"
"2094758254","2137709787","0.321429"
"2137709787","2094758254","0.321429"
"2094758254","2158583234","0.0714286"
"2158583234","2094758254","0.0714286"
"2094758254","2166711441","0.0714286"
"2166711441","2094758254","0.0714286"
"2094758254","2503207772","0.404762"
"2503207772","2094758254","0.404762"
"2094758254","2940289237","1.77143"
"2940289237","2094758254","1.77143"
"2094758254","323140412","0.571429"
"323140412","2094758254","0.571429"
"2124071083","2131518018","0.321429"
"2131518018","2124071083","0.321429"
"2124071083","2137709787","0.0714286"
"2137709787","2124071083","0.0714286"
"2124071083","2158583234","0.0714286"
"2158583234","2124071083","0.0714286"
"2124071083","2166711441","0.771429"
"2166711441","2124071083","0.771429"
"2124071083","2503207772","0.271429"
"2503207772","2124071083","0.271429"
"2124071083","2940289237","0.271429"
"2940289237","2124071083","0.271429"
"2124071083","323140412","0.0714286"
"323140412","2124071083","0.0714286"
"159786245","16123658","0.25"
"16123658","159786245","0.25"
"159786245","1752934815","0.25"
"1752934815","159786245","0.25"
"16123658","1752934815","4.53333"
"1752934815","16123658","4.53333"
"16123658","2137709787","0.5"
"2137709787","16123658","0.5"
"16123658","2166711441","0.25"
"2166711441","16123658","0.25"
"2094758254","855864950","0.333333"
"855864950","2094758254","0.333333"
"2124071083","855864950","0.333333"
"855864950","2124071083","0.333333"
"1605286552","1752359515","1"
"1752359515","1605286552","1"
"1605286552","2131284413","2"
"2131284413","1605286552","2"
"16123658","2399438114","4.78333"
"2399438114","16123658","4.78333"
"1752934815","2399438114","2.78333"
"2399438114","1752934815","2.78333"
"16123658","2112816268","0.95"
"2112816268","16123658","0.95"
"2112816268","2399438114","0.95"
"2399438114","2112816268","0.95"
"2137709787","2399438114","0.25"
"2399438114","2137709787","0.25"
"16123658","323140412","0.333333"
"323140412","16123658","0.333333"
"2399438114","323140412","0.333333"
"323140412","2399438114","0.333333"
"16123658","2094758254","0.45"
"2094758254","16123658","0.45"
"16123658","2940289237","0.2"
"2940289237","16123658","0.2"
"1752934815","2094758254","0.783333"
"2094758254","1752934815","0.783333"
"2094758254","2112816268","1.03333"
"2112816268","2094758254","1.03333"
"2094758254","2399438114","0.45"
"2399438114","2094758254","0.45"
"2399438114","2940289237","0.2"
"2940289237","2399438114","0.2"
"16123658","2503207772","0.25"
"2503207772","16123658","0.25"
"2399438114","2503207772","0.25"
"2503207772","2399438114","0.25"
"16123658","2158583234","0.5"
"2158583234","16123658","0.5"
"1672671307","1755584612","0.125"
"1755584612","1672671307","0.125"
"1755584612","2099486776","0.125"
"2099486776","1755584612","0.125"
"1755584612","2131518018","0.125"
"2131518018","1755584612","0.125"
"1755584612","2137709787","0.125"
"2137709787","1755584612","0.125"
"1755584612","2158583234","0.125"
"2158583234","1755584612","0.125"
"1755584612","2166711441","0.125"
"2166711441","1755584612","0.125"
"1755584612","2940289237","0.125"
"2940289237","1755584612","0.125"
"1755584612","323140412","0.125"
"323140412","1755584612","0.125"
"1752359515","2099486776","0.5"
"2099486776","1752359515","0.5"
"1752359515","634373187","0.5"
"634373187","1752359515","0.5"
"2094758254","2099486776","0.75"
"2099486776","2094758254","0.75"
"2094758254","2162389699","0.25"
"2162389699","2094758254","0.25"
"2099486776","2124071083","0.25"
"2124071083","2099486776","0.25"
"2124071083","2162389699","3.75"
"2162389699","2124071083","3.75"
"2112816268","2131284413","2"
"2131284413","2112816268","2"
"2124071083","2148349493","1"
"2148349493","2124071083","1"
