"135863099","2136195851","1.07619"
"2136195851","135863099","1.07619"
"135863099","2158237121","1.24286"
"2158237121","135863099","1.24286"
"135863099","2171438172","0.814286"
"2171438172","135863099","0.814286"
"2136195851","2158237121","6.15952"
"2158237121","2136195851","6.15952"
"2136195851","2171438172","1.35"
"2171438172","2136195851","1.35"
"2158237121","2171438172","9.35"
"2171438172","2158237121","9.35"
"135863099","1513452153","0.366667"
"1513452153","135863099","0.366667"
"135863099","1577927098","0.366667"
"1577927098","135863099","0.366667"
"1513452153","1577927098","15.3667"
"1577927098","1513452153","15.3667"
"1513452153","2136195851","0.533333"
"2136195851","1513452153","0.533333"
"1513452153","2158237121","5.03333"
"2158237121","1513452153","5.03333"
"1513452153","2171438172","0.366667"
"2171438172","1513452153","0.366667"
"1577927098","2136195851","0.533333"
"2136195851","1577927098","0.533333"
"1577927098","2158237121","3.03333"
"2158237121","1577927098","3.03333"
"1577927098","2171438172","0.366667"
"2171438172","1577927098","0.366667"
"135863099","2176873512","0.47619"
"2176873512","135863099","0.47619"
"2136195851","2176873512","0.47619"
"2176873512","2136195851","0.47619"
"2158237121","2176873512","9.60238"
"2176873512","2158237121","9.60238"
"135863099","1916523342","0.166667"
"1916523342","135863099","0.166667"
"135863099","1968039508","0.233333"
"1968039508","135863099","0.233333"
"1513452153","1916523342","0.166667"
"1916523342","1513452153","0.166667"
"1513452153","1968039508","0.166667"
"1968039508","1513452153","0.166667"
"1577927098","1916523342","0.166667"
"1916523342","1577927098","0.166667"
"1577927098","1968039508","0.166667"
"1968039508","1577927098","0.166667"
"1916523342","1968039508","0.166667"
"1968039508","1916523342","0.166667"
"1916523342","2158237121","0.166667"
"2158237121","1916523342","0.166667"
"1916523342","2171438172","0.166667"
"2171438172","1916523342","0.166667"
"1968039508","2158237121","4.85"
"2158237121","1968039508","4.85"
"1968039508","2171438172","1.81667"
"2171438172","1968039508","1.81667"
"135863099","1534029260","0.0666667"
"1534029260","135863099","0.0666667"
"135863099","1601880505","0.114286"
"1601880505","135863099","0.114286"
"135863099","1974796034","0.114286"
"1974796034","135863099","0.114286"
"135863099","1992379444","0.114286"
"1992379444","135863099","0.114286"
"135863099","1994502095","0.209524"
"1994502095","135863099","0.209524"
"135863099","2079992169","0.114286"
"2079992169","135863099","0.114286"
"135863099","2127241402","0.114286"
"2127241402","135863099","0.114286"
"135863099","2130911657","0.114286"
"2130911657","135863099","0.114286"
"135863099","2158141386","0.0666667"
"2158141386","135863099","0.0666667"
"135863099","2200275386","0.0666667"
"2200275386","135863099","0.0666667"
"135863099","3023647491","0.114286"
"3023647491","135863099","0.114286"
"1534029260","1601880505","0.888095"
"1601880505","1534029260","0.888095"
"1534029260","1968039508","0.0666667"
"1968039508","1534029260","0.0666667"
"1534029260","1974796034","0.0666667"
"1974796034","1534029260","0.0666667"
"1534029260","1992379444","0.138095"
"1992379444","1534029260","0.138095"
"1534029260","1994502095","0.0666667"
"1994502095","1534029260","0.0666667"
"1534029260","2079992169","0.0666667"
"2079992169","1534029260","0.0666667"
"1534029260","2127241402","0.316667"
"2127241402","1534029260","0.316667"
"1534029260","2130911657","1.0881"
"2130911657","1534029260","1.0881"
"1534029260","2136195851","0.0666667"
"2136195851","1534029260","0.0666667"
"1534029260","2158141386","0.0666667"
"2158141386","1534029260","0.0666667"
"1534029260","2158237121","1.3381"
"2158237121","1534029260","1.3381"
"1534029260","2171438172","0.0666667"
"2171438172","1534029260","0.0666667"
"1534029260","2200275386","0.388095"
"2200275386","1534029260","0.388095"
"1534029260","3023647491","0.316667"
"3023647491","1534029260","0.316667"
"1601880505","1968039508","0.0666667"
"1968039508","1601880505","0.0666667"
"1601880505","1974796034","0.364286"
"1974796034","1601880505","0.364286"
"1601880505","1992379444","0.435714"
"1992379444","1601880505","0.435714"
"1601880505","1994502095","0.0666667"
"1994502095","1601880505","0.0666667"
"1601880505","2079992169","0.114286"
"2079992169","1601880505","0.114286"
"1601880505","2127241402","0.364286"
"2127241402","1601880505","0.364286"
"1601880505","2130911657","1.55238"
"2130911657","1601880505","1.55238"
"1601880505","2136195851","0.0666667"
"2136195851","1601880505","0.0666667"
"1601880505","2158141386","0.0666667"
"2158141386","1601880505","0.0666667"
"1601880505","2158237121","2.50476"
"2158237121","1601880505","2.50476"
"1601880505","2171438172","0.114286"
"2171438172","1601880505","0.114286"
"1601880505","2200275386","0.504762"
"2200275386","1601880505","0.504762"
"1601880505","3023647491","0.364286"
"3023647491","1601880505","0.364286"
"1968039508","1974796034","0.65"
"1974796034","1968039508","0.65"
"1968039508","1992379444","0.0666667"
"1992379444","1968039508","0.0666667"
"1968039508","1994502095","0.266667"
"1994502095","1968039508","0.266667"
"1968039508","2079992169","0.0666667"
"2079992169","1968039508","0.0666667"
"1968039508","2127241402","0.0666667"
"2127241402","1968039508","0.0666667"
"1968039508","2130911657","0.0666667"
"2130911657","1968039508","0.0666667"
"1968039508","2136195851","3.81667"
"2136195851","1968039508","3.81667"
"1968039508","2158141386","0.0666667"
"2158141386","1968039508","0.0666667"
"1968039508","2200275386","0.0666667"
"2200275386","1968039508","0.0666667"
"1968039508","3023647491","0.0666667"
"3023647491","1968039508","0.0666667"
"1974796034","1992379444","2.38214"
"1992379444","1974796034","2.38214"
"1974796034","1994502095","0.0666667"
"1994502095","1974796034","0.0666667"
"1974796034","2079992169","0.214286"
"2079992169","1974796034","0.214286"
"1974796034","2127241402","2.66993"
"2127241402","1974796034","2.66993"
"1974796034","2130911657","1.56429"
"2130911657","1974796034","1.56429"
"1974796034","2136195851","0.316667"
"2136195851","1974796034","0.316667"
"1974796034","2158141386","0.209524"
"2158141386","1974796034","0.209524"
"1974796034","2158237121","3.50952"
"2158237121","1974796034","3.50952"
"1974796034","2171438172","0.697619"
"2171438172","1974796034","0.697619"
"1974796034","2200275386","0.0666667"
"2200275386","1974796034","0.0666667"
"1974796034","3023647491","2.12827"
"3023647491","1974796034","2.12827"
"1992379444","1994502095","0.0666667"
"1994502095","1992379444","0.0666667"
"1992379444","2079992169","0.173109"
"2079992169","1992379444","0.173109"
"1992379444","2127241402","1.33382"
"2127241402","1992379444","1.33382"
"1992379444","2130911657","0.385714"
"2130911657","1992379444","0.385714"
"1992379444","2136195851","0.0666667"
"2136195851","1992379444","0.0666667"
"1992379444","2158141386","0.0666667"
"2158141386","1992379444","0.0666667"
"1992379444","2158237121","1.59692"
"2158237121","1992379444","1.59692"
"1992379444","2171438172","0.114286"
"2171438172","1992379444","0.114286"
"1992379444","2200275386","0.138095"
"2200275386","1992379444","0.138095"
"1992379444","3023647491","1.12549"
"3023647491","1992379444","1.12549"
"1994502095","2079992169","0.0666667"
"2079992169","1994502095","0.0666667"
"1994502095","2127241402","0.0666667"
"2127241402","1994502095","0.0666667"
"1994502095","2130911657","0.0666667"
"2130911657","1994502095","0.0666667"
"1994502095","2136195851","0.709524"
"2136195851","1994502095","0.709524"
"1994502095","2158141386","2.37619"
"2158141386","1994502095","2.37619"
"1994502095","2158237121","4.38571"
"2158237121","1994502095","4.38571"
"1994502095","2171438172","0.566667"
"2171438172","1994502095","0.566667"
"1994502095","2200275386","0.0666667"
"2200275386","1994502095","0.0666667"
"1994502095","3023647491","0.0666667"
"3023647491","1994502095","0.0666667"
"2079992169","2127241402","0.664776"
"2127241402","2079992169","0.664776"
"2079992169","2130911657","0.114286"
"2130911657","2079992169","0.114286"
"2079992169","2136195851","0.566667"
"2136195851","2079992169","0.566667"
"2079992169","2158141386","0.0666667"
"2158141386","2079992169","0.0666667"
"2079992169","2158237121","30.7838"
"2158237121","2079992169","30.7838"
"2079992169","2171438172","0.114286"
"2171438172","2079992169","0.114286"
"2079992169","2200275386","0.4"
"2200275386","2079992169","0.4"
"2079992169","3023647491","0.664776"
"3023647491","2079992169","0.664776"
"2127241402","2130911657","0.114286"
"2130911657","2127241402","0.114286"
"2127241402","2136195851","0.0666667"
"2136195851","2127241402","0.0666667"
"2127241402","2158141386","0.37619"
"2158141386","2127241402","0.37619"
"2127241402","2158237121","3.67235"
"2158237121","2127241402","3.67235"
"2127241402","2171438172","0.447619"
"2171438172","2127241402","0.447619"
"2127241402","2200275386","0.0666667"
"2200275386","2127241402","0.0666667"
"2127241402","3023647491","61.0179"
"3023647491","2127241402","61.0179"
"2130911657","2136195851","0.0666667"
"2136195851","2130911657","0.0666667"
"2130911657","2158141386","0.209524"
"2158141386","2130911657","0.209524"
"2130911657","2158237121","5.91429"
"2158237121","2130911657","5.91429"
"2130911657","2171438172","0.447619"
"2171438172","2130911657","0.447619"
"2130911657","2200275386","0.754762"
"2200275386","2130911657","0.754762"
"2130911657","3023647491","0.114286"
"3023647491","2130911657","0.114286"
"2136195851","2158141386","0.566667"
"2158141386","2136195851","0.566667"
"2136195851","2200275386","0.0666667"
"2200275386","2136195851","0.0666667"
"2136195851","3023647491","0.0666667"
"3023647491","2136195851","0.0666667"
"2158141386","2158237121","6.52857"
"2158237121","2158141386","6.52857"
"2158141386","2171438172","0.0666667"
"2171438172","2158141386","0.0666667"
"2158141386","2200275386","0.9"
"2200275386","2158141386","0.9"
"2158141386","3023647491","0.37619"
"3023647491","2158141386","0.37619"
"2158237121","2200275386","2.7881"
"2200275386","2158237121","2.7881"
"2158237121","3023647491","3.92235"
"3023647491","2158237121","3.92235"
"2171438172","2200275386","0.0666667"
"2200275386","2171438172","0.0666667"
"2171438172","3023647491","0.447619"
"3023647491","2171438172","0.447619"
"2200275386","3023647491","0.0666667"
"3023647491","2200275386","0.0666667"
"135863099","1694233656","0.142857"
"1694233656","135863099","0.142857"
"135863099","2140678196","0.142857"
"2140678196","135863099","0.142857"
"135863099","2336493585","0.142857"
"2336493585","135863099","0.142857"
"1694233656","1994502095","1.45238"
"1994502095","1694233656","1.45238"
"1694233656","2136195851","0.142857"
"2136195851","1694233656","0.142857"
"1694233656","2140678196","0.485714"
"2140678196","1694233656","0.485714"
"1694233656","2158237121","5.26905"
"2158237121","1694233656","5.26905"
"1694233656","2176873512","19.5452"
"2176873512","1694233656","19.5452"
"1694233656","2336493585","0.285714"
"2336493585","1694233656","0.285714"
"1994502095","2140678196","0.819048"
"2140678196","1994502095","0.819048"
"1994502095","2176873512","1.28571"
"2176873512","1994502095","1.28571"
"1994502095","2336493585","0.819048"
"2336493585","1994502095","0.819048"
"2136195851","2140678196","0.142857"
"2140678196","2136195851","0.142857"
"2136195851","2336493585","0.142857"
"2336493585","2136195851","0.142857"
"2140678196","2158237121","3.84643"
"2158237121","2140678196","3.84643"
"2140678196","2176873512","1.11905"
"2176873512","2140678196","1.11905"
"2140678196","2336493585","9.97976"
"2336493585","2140678196","9.97976"
"2158237121","2336493585","3.84643"
"2336493585","2158237121","3.84643"
"2176873512","2336493585","1.31905"
"2336493585","2176873512","1.31905"
"135863099","1580242677","0.047619"
"1580242677","135863099","0.047619"
"135863099","1996467498","0.047619"
"1996467498","135863099","0.047619"
"135863099","2058178853","0.047619"
"2058178853","135863099","0.047619"
"135863099","2114968486","0.047619"
"2114968486","135863099","0.047619"
"135863099","2126520469","0.047619"
"2126520469","135863099","0.047619"
"135863099","2137253043","0.047619"
"2137253043","135863099","0.047619"
"135863099","2143979434","0.047619"
"2143979434","135863099","0.047619"
"135863099","2161971058","0.047619"
"2161971058","135863099","0.047619"
"135863099","2223333771","0.047619"
"2223333771","135863099","0.047619"
"135863099","2900790161","0.047619"
"2900790161","135863099","0.047619"
"135863099","2952397148","0.047619"
"2952397148","135863099","0.047619"
"135863099","86688856","0.047619"
"86688856","135863099","0.047619"
"135863099","9089673","0.047619"
"9089673","135863099","0.047619"
"1580242677","1601880505","0.547619"
"1601880505","1580242677","0.547619"
"1580242677","1974796034","1.08095"
"1974796034","1580242677","1.08095"
"1580242677","1992379444","0.047619"
"1992379444","1580242677","0.047619"
"1580242677","1996467498","0.047619"
"1996467498","1580242677","0.047619"
"1580242677","2058178853","0.047619"
"2058178853","1580242677","0.047619"
"1580242677","2079992169","0.047619"
"2079992169","1580242677","0.047619"
"1580242677","2114968486","0.047619"
"2114968486","1580242677","0.047619"
"1580242677","2126520469","2.58095"
"2126520469","1580242677","2.58095"
"1580242677","2127241402","0.047619"
"2127241402","1580242677","0.047619"
"1580242677","2130911657","0.247619"
"2130911657","1580242677","0.247619"
"1580242677","2137253043","0.047619"
"2137253043","1580242677","0.047619"
"1580242677","2143979434","0.047619"
"2143979434","1580242677","0.047619"
"1580242677","2161971058","0.047619"
"2161971058","1580242677","0.047619"
"1580242677","2171438172","0.047619"
"2171438172","1580242677","0.047619"
"1580242677","2223333771","0.047619"
"2223333771","1580242677","0.047619"
"1580242677","2900790161","0.047619"
"2900790161","1580242677","0.047619"
"1580242677","2952397148","0.047619"
"2952397148","1580242677","0.047619"
"1580242677","3023647491","0.047619"
"3023647491","1580242677","0.047619"
"1580242677","86688856","0.047619"
"86688856","1580242677","0.047619"
"1580242677","9089673","0.047619"
"9089673","1580242677","0.047619"
"1601880505","1996467498","1.98571"
"1996467498","1601880505","1.98571"
"1601880505","2058178853","0.119048"
"2058178853","1601880505","0.119048"
"1601880505","2114968486","0.047619"
"2114968486","1601880505","0.047619"
"1601880505","2126520469","0.547619"
"2126520469","1601880505","0.547619"
"1601880505","2137253043","0.047619"
"2137253043","1601880505","0.047619"
"1601880505","2143979434","0.047619"
"2143979434","1601880505","0.047619"
"1601880505","2161971058","0.047619"
"2161971058","1601880505","0.047619"
"1601880505","2223333771","0.047619"
"2223333771","1601880505","0.047619"
"1601880505","2900790161","0.047619"
"2900790161","1601880505","0.047619"
"1601880505","2952397148","0.047619"
"2952397148","1601880505","0.047619"
"1601880505","86688856","0.047619"
"86688856","1601880505","0.047619"
"1601880505","9089673","0.119048"
"9089673","1601880505","0.119048"
"1974796034","1996467498","0.464286"
"1996467498","1974796034","0.464286"
"1974796034","2058178853","0.047619"
"2058178853","1974796034","0.047619"
"1974796034","2114968486","0.047619"
"2114968486","1974796034","0.047619"
"1974796034","2126520469","2.08095"
"2126520469","1974796034","2.08095"
"1974796034","2137253043","0.047619"
"2137253043","1974796034","0.047619"
"1974796034","2143979434","0.047619"
"2143979434","1974796034","0.047619"
"1974796034","2161971058","0.357143"
"2161971058","1974796034","0.357143"
"1974796034","2223333771","0.047619"
"2223333771","1974796034","0.047619"
"1974796034","2900790161","0.247619"
"2900790161","1974796034","0.247619"
"1974796034","2952397148","0.247619"
"2952397148","1974796034","0.247619"
"1974796034","86688856","0.047619"
"86688856","1974796034","0.047619"
"1974796034","9089673","0.315476"
"9089673","1974796034","0.315476"
"1992379444","1996467498","0.935714"
"1996467498","1992379444","0.935714"
"1992379444","2058178853","0.952381"
"2058178853","1992379444","0.952381"
"1992379444","2114968486","0.047619"
"2114968486","1992379444","0.047619"
"1992379444","2126520469","0.497619"
"2126520469","1992379444","0.497619"
"1992379444","2137253043","0.247619"
"2137253043","1992379444","0.247619"
"1992379444","2143979434","0.047619"
"2143979434","1992379444","0.047619"
"1992379444","2161971058","0.5"
"2161971058","1992379444","0.5"
"1992379444","2223333771","0.047619"
"2223333771","1992379444","0.047619"
"1992379444","2900790161","0.047619"
"2900790161","1992379444","0.047619"
"1992379444","2952397148","0.047619"
"2952397148","1992379444","0.047619"
"1992379444","86688856","0.047619"
"86688856","1992379444","0.047619"
"1992379444","9089673","1.02976"
"9089673","1992379444","1.02976"
"1996467498","2058178853","0.319048"
"2058178853","1996467498","0.319048"
"1996467498","2079992169","0.047619"
"2079992169","1996467498","0.047619"
"1996467498","2114968486","0.047619"
"2114968486","1996467498","0.047619"
"1996467498","2126520469","0.497619"
"2126520469","1996467498","0.497619"
"1996467498","2127241402","0.214286"
"2127241402","1996467498","0.214286"
"1996467498","2130911657","2.3619"
"2130911657","1996467498","2.3619"
"1996467498","2137253043","0.580952"
"2137253043","1996467498","0.580952"
"1996467498","2143979434","0.047619"
"2143979434","1996467498","0.047619"
"1996467498","2161971058","0.214286"
"2161971058","1996467498","0.214286"
"1996467498","2171438172","0.047619"
"2171438172","1996467498","0.047619"
"1996467498","2223333771","0.047619"
"2223333771","1996467498","0.047619"
"1996467498","2900790161","0.047619"
"2900790161","1996467498","0.047619"
"1996467498","2952397148","0.047619"
"2952397148","1996467498","0.047619"
"1996467498","3023647491","0.214286"
"3023647491","1996467498","0.214286"
"1996467498","86688856","0.047619"
"86688856","1996467498","0.047619"
"1996467498","9089673","0.319048"
"9089673","1996467498","0.319048"
"2058178853","2079992169","0.047619"
"2079992169","2058178853","0.047619"
"2058178853","2114968486","0.047619"
"2114968486","2058178853","0.047619"
"2058178853","2126520469","0.047619"
"2126520469","2058178853","0.047619"
"2058178853","2127241402","0.547619"
"2127241402","2058178853","0.547619"
"2058178853","2130911657","0.319048"
"2130911657","2058178853","0.319048"
"2058178853","2137253043","0.047619"
"2137253043","2058178853","0.047619"
"2058178853","2143979434","0.047619"
"2143979434","2058178853","0.047619"
"2058178853","2161971058","0.047619"
"2161971058","2058178853","0.047619"
"2058178853","2171438172","0.047619"
"2171438172","2058178853","0.047619"
"2058178853","2223333771","0.047619"
"2223333771","2058178853","0.047619"
"2058178853","2900790161","0.047619"
"2900790161","2058178853","0.047619"
"2058178853","2952397148","0.047619"
"2952397148","2058178853","0.047619"
"2058178853","3023647491","0.297619"
"3023647491","2058178853","0.297619"
"2058178853","86688856","0.047619"
"86688856","2058178853","0.047619"
"2058178853","9089673","11.069"
"9089673","2058178853","11.069"
"2079992169","2114968486","0.047619"
"2114968486","2079992169","0.047619"
"2079992169","2126520469","0.047619"
"2126520469","2079992169","0.047619"
"2079992169","2137253043","0.047619"
"2137253043","2079992169","0.047619"
"2079992169","2143979434","0.047619"
"2143979434","2079992169","0.047619"
"2079992169","2161971058","0.047619"
"2161971058","2079992169","0.047619"
"2079992169","2223333771","0.047619"
"2223333771","2079992169","0.047619"
"2079992169","2900790161","0.047619"
"2900790161","2079992169","0.047619"
"2079992169","2952397148","0.047619"
"2952397148","2079992169","0.047619"
"2079992169","86688856","0.047619"
"86688856","2079992169","0.047619"
"2079992169","9089673","0.047619"
"9089673","2079992169","0.047619"
"2114968486","2126520469","0.047619"
"2126520469","2114968486","0.047619"
"2114968486","2127241402","0.047619"
"2127241402","2114968486","0.047619"
"2114968486","2130911657","0.047619"
"2130911657","2114968486","0.047619"
"2114968486","2137253043","0.047619"
"2137253043","2114968486","0.047619"
"2114968486","2143979434","0.547619"
"2143979434","2114968486","0.547619"
"2114968486","2161971058","0.047619"
"2161971058","2114968486","0.047619"
"2114968486","2171438172","0.047619"
"2171438172","2114968486","0.047619"
"2114968486","2223333771","0.047619"
"2223333771","2114968486","0.047619"
"2114968486","2900790161","0.047619"
"2900790161","2114968486","0.047619"
"2114968486","2952397148","0.047619"
"2952397148","2114968486","0.047619"
"2114968486","3023647491","0.047619"
"3023647491","2114968486","0.047619"
"2114968486","86688856","0.047619"
"86688856","2114968486","0.047619"
"2114968486","9089673","0.047619"
"9089673","2114968486","0.047619"
"2126520469","2127241402","0.047619"
"2127241402","2126520469","0.047619"
"2126520469","2130911657","0.247619"
"2130911657","2126520469","0.247619"
"2126520469","2137253043","0.047619"
"2137253043","2126520469","0.047619"
"2126520469","2143979434","0.047619"
"2143979434","2126520469","0.047619"
"2126520469","2161971058","0.047619"
"2161971058","2126520469","0.047619"
"2126520469","2171438172","0.047619"
"2171438172","2126520469","0.047619"
"2126520469","2223333771","0.047619"
"2223333771","2126520469","0.047619"
"2126520469","2900790161","0.047619"
"2900790161","2126520469","0.047619"
"2126520469","2952397148","0.047619"
"2952397148","2126520469","0.047619"
"2126520469","3023647491","0.047619"
"3023647491","2126520469","0.047619"
"2126520469","86688856","0.047619"
"86688856","2126520469","0.047619"
"2126520469","9089673","0.047619"
"9089673","2126520469","0.047619"
"2127241402","2137253043","0.130952"
"2137253043","2127241402","0.130952"
"2127241402","2143979434","0.047619"
"2143979434","2127241402","0.047619"
"2127241402","2161971058","0.5"
"2161971058","2127241402","0.5"
"2127241402","2223333771","0.047619"
"2223333771","2127241402","0.047619"
"2127241402","2900790161","0.296679"
"2900790161","2127241402","0.296679"
"2127241402","2952397148","0.296679"
"2952397148","2127241402","0.296679"
"2127241402","86688856","0.047619"
"86688856","2127241402","0.047619"
"2127241402","9089673","0.583333"
"9089673","2127241402","0.583333"
"2130911657","2137253043","0.580952"
"2137253043","2130911657","0.580952"
"2130911657","2143979434","0.047619"
"2143979434","2130911657","0.047619"
"2130911657","2161971058","0.047619"
"2161971058","2130911657","0.047619"
"2130911657","2223333771","0.380952"
"2223333771","2130911657","0.380952"
"2130911657","2900790161","0.047619"
"2900790161","2130911657","0.047619"
"2130911657","2952397148","0.047619"
"2952397148","2130911657","0.047619"
"2130911657","86688856","0.047619"
"86688856","2130911657","0.047619"
"2130911657","9089673","0.319048"
"9089673","2130911657","0.319048"
"2137253043","2143979434","0.047619"
"2143979434","2137253043","0.047619"
"2137253043","2161971058","0.047619"
"2161971058","2137253043","0.047619"
"2137253043","2171438172","0.047619"
"2171438172","2137253043","0.047619"
"2137253043","2223333771","0.547619"
"2223333771","2137253043","0.547619"
"2137253043","2900790161","0.047619"
"2900790161","2137253043","0.047619"
"2137253043","2952397148","0.047619"
"2952397148","2137253043","0.047619"
"2137253043","3023647491","0.130952"
"3023647491","2137253043","0.130952"
"2137253043","86688856","0.047619"
"86688856","2137253043","0.047619"
"2137253043","9089673","0.047619"
"9089673","2137253043","0.047619"
"2143979434","2161971058","0.047619"
"2161971058","2143979434","0.047619"
"2143979434","2171438172","0.047619"
"2171438172","2143979434","0.047619"
"2143979434","2223333771","0.047619"
"2223333771","2143979434","0.047619"
"2143979434","2900790161","0.047619"
"2900790161","2143979434","0.047619"
"2143979434","2952397148","0.047619"
"2952397148","2143979434","0.047619"
"2143979434","3023647491","0.047619"
"3023647491","2143979434","0.047619"
"2143979434","86688856","0.047619"
"86688856","2143979434","0.047619"
"2143979434","9089673","0.047619"
"9089673","2143979434","0.047619"
"2161971058","2171438172","0.047619"
"2171438172","2161971058","0.047619"
"2161971058","2223333771","0.047619"
"2223333771","2161971058","0.047619"
"2161971058","2900790161","0.047619"
"2900790161","2161971058","0.047619"
"2161971058","2952397148","0.047619"
"2952397148","2161971058","0.047619"
"2161971058","3023647491","0.5"
"3023647491","2161971058","0.5"
"2161971058","86688856","0.047619"
"86688856","2161971058","0.047619"
"2161971058","9089673","0.333333"
"9089673","2161971058","0.333333"
"2171438172","2223333771","0.714286"
"2223333771","2171438172","0.714286"
"2171438172","2900790161","0.047619"
"2900790161","2171438172","0.047619"
"2171438172","2952397148","0.047619"
"2952397148","2171438172","0.047619"
"2171438172","86688856","0.047619"
"86688856","2171438172","0.047619"
"2171438172","9089673","0.047619"
"9089673","2171438172","0.047619"
"2223333771","2900790161","0.047619"
"2900790161","2223333771","0.047619"
"2223333771","2952397148","0.047619"
"2952397148","2223333771","0.047619"
"2223333771","3023647491","0.047619"
"3023647491","2223333771","0.047619"
"2223333771","86688856","0.047619"
"86688856","2223333771","0.047619"
"2223333771","9089673","0.047619"
"9089673","2223333771","0.047619"
"2900790161","2952397148","2.88954"
"2952397148","2900790161","2.88954"
"2900790161","3023647491","0.296679"
"3023647491","2900790161","0.296679"
"2900790161","86688856","0.047619"
"86688856","2900790161","0.047619"
"2900790161","9089673","0.047619"
"9089673","2900790161","0.047619"
"2952397148","3023647491","0.296679"
"3023647491","2952397148","0.296679"
"2952397148","86688856","0.047619"
"86688856","2952397148","0.047619"
"2952397148","9089673","0.047619"
"9089673","2952397148","0.047619"
"3023647491","86688856","0.047619"
"86688856","3023647491","0.047619"
"3023647491","9089673","0.708333"
"9089673","3023647491","0.708333"
"86688856","9089673","0.047619"
"9089673","86688856","0.047619"
"1510308978","2021590156","0.988585"
"2021590156","1510308978","0.988585"
"1510308978","2030059876","0.49906"
"2030059876","1510308978","0.49906"
"1510308978","2075372521","0.45049"
"2075372521","1510308978","0.45049"
"1510308978","2091076568","1.1443"
"2091076568","1510308978","1.1443"
"1510308978","2127241402","1.45004"
"2127241402","1510308978","1.45004"
"1510308978","2398820298","0.225"
"2398820298","1510308978","0.225"
"1510308978","3023647491","1.65004"
"3023647491","1510308978","1.65004"
"1510308978","42580803","0.277632"
"42580803","1510308978","0.277632"
"2021590156","2030059876","0.724206"
"2030059876","2021590156","0.724206"
"2021590156","2075372521","1.67821"
"2075372521","2021590156","1.67821"
"2021590156","2091076568","0.882576"
"2091076568","2021590156","0.882576"
"2021590156","2127241402","6.31957"
"2127241402","2021590156","6.31957"
"2021590156","2398820298","0.461111"
"2398820298","2021590156","0.461111"
"2021590156","3023647491","5.02791"
"3023647491","2021590156","5.02791"
"2021590156","42580803","0.461111"
"42580803","2021590156","0.461111"
"2030059876","2075372521","1.04167"
"2075372521","2030059876","1.04167"
"2030059876","2091076568","0.177632"
"2091076568","2030059876","0.177632"
"2030059876","2127241402","1.27684"
"2127241402","2030059876","1.27684"
"2030059876","2398820298","0.458333"
"2398820298","2030059876","0.458333"
"2030059876","3023647491","1.52684"
"3023647491","2030059876","1.52684"
"2030059876","42580803","0.510965"
"42580803","2030059876","0.510965"
"2075372521","2091076568","2.0171"
"2091076568","2075372521","2.0171"
"2075372521","2127241402","3.49656"
"2127241402","2075372521","3.49656"
"2075372521","2398820298","0.461111"
"2398820298","2075372521","0.461111"
"2075372521","3023647491","4.24656"
"3023647491","2075372521","4.24656"
"2075372521","42580803","1.20397"
"42580803","2075372521","1.20397"
"2091076568","2127241402","3.43759"
"2127241402","2091076568","3.43759"
"2091076568","2398820298","1.81111"
"2398820298","2091076568","1.81111"
"2091076568","3023647491","3.27092"
"3023647491","2091076568","3.27092"
"2091076568","42580803","4.74946"
"42580803","2091076568","4.74946"
"2127241402","2398820298","0.894444"
"2398820298","2127241402","0.894444"
"2127241402","42580803","1.83279"
"42580803","2127241402","1.83279"
"2398820298","3023647491","0.894444"
"3023647491","2398820298","0.894444"
"2398820298","42580803","4.24365"
"42580803","2398820298","4.24365"
"3023647491","42580803","1.83279"
"42580803","3023647491","1.83279"
"1510308978","1994073219","0.408374"
"1994073219","1510308978","0.408374"
"1510308978","2103219135","0.352632"
"2103219135","1510308978","0.352632"
"1510308978","2210004108","0.152632"
"2210004108","1510308978","0.152632"
"1994073219","2021590156","1.22116"
"2021590156","1994073219","1.22116"
"1994073219","2075372521","4.83307"
"2075372521","1994073219","4.83307"
"1994073219","2091076568","2.80187"
"2091076568","1994073219","2.80187"
"1994073219","2103219135","1.47763"
"2103219135","1994073219","1.47763"
"1994073219","2127241402","2.36595"
"2127241402","1994073219","2.36595"
"1994073219","2210004108","0.277632"
"2210004108","1994073219","0.277632"
"1994073219","2398820298","0.283333"
"2398820298","1994073219","0.283333"
"1994073219","3023647491","2.74095"
"3023647491","1994073219","2.74095"
"1994073219","42580803","0.935965"
"42580803","1994073219","0.935965"
"2021590156","2103219135","0.225"
"2103219135","2021590156","0.225"
"2021590156","2210004108","0.225"
"2210004108","2021590156","0.225"
"2075372521","2103219135","0.325"
"2103219135","2075372521","0.325"
"2075372521","2210004108","0.225"
"2210004108","2075372521","0.225"
"2091076568","2103219135","0.870489"
"2103219135","2091076568","0.870489"
"2091076568","2210004108","0.670489"
"2210004108","2091076568","0.670489"
"2103219135","2127241402","0.745489"
"2127241402","2103219135","0.745489"
"2103219135","2210004108","1.0693"
"2210004108","2103219135","1.0693"
"2103219135","2398820298","0.741667"
"2398820298","2103219135","0.741667"
"2103219135","3023647491","0.945489"
"3023647491","2103219135","0.945489"
"2103219135","42580803","1.03716"
"42580803","2103219135","1.03716"
"2127241402","2210004108","0.402632"
"2210004108","2127241402","0.402632"
"2210004108","2398820298","0.308333"
"2398820298","2210004108","0.308333"
"2210004108","3023647491","0.402632"
"3023647491","2210004108","0.402632"
"2210004108","42580803","0.360965"
"42580803","2210004108","0.360965"
"1510308978","1975863957","0.52406"
"1975863957","1510308978","0.52406"
"1510308978","2074125039","0.642157"
"2074125039","1510308978","0.642157"
"1510308978","2143775511","0.45098"
"2143775511","1510308978","0.45098"
"1975863957","2074125039","0.2"
"2074125039","1975863957","0.2"
"1975863957","2103219135","0.685965"
"2103219135","1975863957","0.685965"
"1975863957","2143775511","0.2"
"2143775511","1975863957","0.2"
"1975863957","3023647491","0.42406"
"3023647491","1975863957","0.42406"
"2074125039","2103219135","0.2"
"2103219135","2074125039","0.2"
"2074125039","2143775511","0.392157"
"2143775511","2074125039","0.392157"
"2074125039","3023647491","1.96716"
"3023647491","2074125039","1.96716"
"2103219135","2143775511","0.2"
"2143775511","2103219135","0.2"
"2143775511","3023647491","0.888282"
"3023647491","2143775511","0.888282"
"1510308978","1970298499","0.184314"
"1970298499","1510308978","0.184314"
"1510308978","2097904740","0.12549"
"2097904740","1510308978","0.12549"
"1510308978","2112774785","0.34955"
"2112774785","1510308978","0.34955"
"1510308978","2118995957","0.316217"
"2118995957","1510308978","0.316217"
"1510308978","2151181047","0.316217"
"2151181047","1510308978","0.316217"
"1510308978","2153231238","0.316217"
"2153231238","1510308978","0.316217"
"1510308978","2327625429","0.192157"
"2327625429","1510308978","0.192157"
"1970298499","1994073219","0.267647"
"1994073219","1970298499","0.267647"
"1970298499","2021590156","0.319935"
"2021590156","1970298499","0.319935"
"1970298499","2074125039","0.12549"
"2074125039","1970298499","0.12549"
"1970298499","2075372521","0.569935"
"2075372521","1970298499","0.569935"
"1970298499","2091076568","0.0666667"
"2091076568","1970298499","0.0666667"
"1970298499","2097904740","0.268347"
"2097904740","1970298499","0.268347"
"1970298499","2112774785","0.12549"
"2112774785","1970298499","0.12549"
"1970298499","2118995957","0.458824"
"2118995957","1970298499","0.458824"
"1970298499","2127241402","0.997806"
"2127241402","1970298499","0.997806"
"1970298499","2143775511","1.03431"
"2143775511","1970298499","1.03431"
"1970298499","2151181047","2.0366"
"2151181047","1970298499","2.0366"
"1970298499","2153231238","2.0366"
"2153231238","1970298499","2.0366"
"1970298499","2327625429","1.95882"
"2327625429","1970298499","1.95882"
"1970298499","3023647491","0.997806"
"3023647491","1970298499","0.997806"
"1994073219","2074125039","0.25049"
"2074125039","1994073219","0.25049"
"1994073219","2097904740","0.12549"
"2097904740","1994073219","0.12549"
"1994073219","2112774785","1.16546"
"2112774785","1994073219","1.16546"
"1994073219","2118995957","0.24955"
"2118995957","1994073219","0.24955"
"1994073219","2143775511","0.267647"
"2143775511","1994073219","0.267647"
"1994073219","2151181047","0.423793"
"2151181047","1994073219","0.423793"
"1994073219","2153231238","1.35713"
"2153231238","1994073219","1.35713"
"1994073219","2327625429","0.216399"
"2327625429","1994073219","0.216399"
"2021590156","2074125039","0.508333"
"2074125039","2021590156","0.508333"
"2021590156","2097904740","0.316667"
"2097904740","2021590156","0.316667"
"2021590156","2112774785","0.229004"
"2112774785","2021590156","0.229004"
"2021590156","2118995957","0.70873"
"2118995957","2021590156","0.70873"
"2021590156","2143775511","0.529458"
"2143775511","2021590156","0.529458"
"2021590156","2151181047","0.465606"
"2151181047","2021590156","0.465606"
"2021590156","2153231238","0.576717"
"2153231238","2021590156","0.576717"
"2021590156","2327625429","0.769177"
"2327625429","2021590156","0.769177"
"2074125039","2075372521","0.12549"
"2075372521","2074125039","0.12549"
"2074125039","2091076568","0.441667"
"2091076568","2074125039","0.441667"
"2074125039","2097904740","1.12549"
"2097904740","2074125039","1.12549"
"2074125039","2112774785","0.12549"
"2112774785","2074125039","0.12549"
"2074125039","2118995957","0.192157"
"2118995957","2074125039","0.192157"
"2074125039","2127241402","2.01716"
"2127241402","2074125039","2.01716"
"2074125039","2151181047","0.133333"
"2151181047","2074125039","0.133333"
"2074125039","2153231238","0.133333"
"2153231238","2074125039","0.133333"
"2074125039","2327625429","0.333333"
"2327625429","2074125039","0.333333"
"2075372521","2097904740","0.12549"
"2097904740","2075372521","0.12549"
"2075372521","2112774785","0.416399"
"2112774785","2075372521","0.416399"
"2075372521","2118995957","0.518347"
"2118995957","2075372521","0.518347"
"2075372521","2143775511","0.268347"
"2143775511","2075372521","0.268347"
"2075372521","2151181047","0.268687"
"2151181047","2075372521","0.268687"
"2075372521","2153231238","1.34488"
"2153231238","2075372521","1.34488"
"2075372521","2327625429","0.157576"
"2327625429","2075372521","0.157576"
"2091076568","2097904740","0.0666667"
"2097904740","2091076568","0.0666667"
"2091076568","2112774785","1.31973"
"2112774785","2091076568","1.31973"
"2091076568","2118995957","0.119298"
"2118995957","2091076568","0.119298"
"2091076568","2143775511","0.0666667"
"2143775511","2091076568","0.0666667"
"2091076568","2151181047","0.710207"
"2151181047","2091076568","0.710207"
"2091076568","2153231238","1.42926"
"2153231238","2091076568","1.42926"
"2091076568","2327625429","0.157576"
"2327625429","2091076568","0.157576"
"2097904740","2112774785","0.12549"
"2112774785","2097904740","0.12549"
"2097904740","2118995957","0.32549"
"2118995957","2097904740","0.32549"
"2097904740","2127241402","0.851681"
"2127241402","2097904740","0.851681"
"2097904740","2143775511","0.12549"
"2143775511","2097904740","0.12549"
"2097904740","2151181047","0.0666667"
"2151181047","2097904740","0.0666667"
"2097904740","2153231238","0.0666667"
"2153231238","2097904740","0.0666667"
"2097904740","2327625429","0.0666667"
"2327625429","2097904740","0.0666667"
"2097904740","3023647491","0.851681"
"3023647491","2097904740","0.851681"
"2112774785","2118995957","0.24955"
"2118995957","2112774785","0.24955"
"2112774785","2127241402","1.32498"
"2127241402","2112774785","1.32498"
"2112774785","2143775511","0.12549"
"2143775511","2112774785","0.12549"
"2112774785","2151181047","0.698303"
"2151181047","2112774785","0.698303"
"2112774785","2153231238","0.881636"
"2153231238","2112774785","0.881636"
"2112774785","2327625429","0.157576"
"2327625429","2112774785","0.157576"
"2112774785","3023647491","1.15832"
"3023647491","2112774785","1.15832"
"2118995957","2127241402","1.82019"
"2127241402","2118995957","1.82019"
"2118995957","2143775511","0.779458"
"2143775511","2118995957","0.779458"
"2118995957","2151181047","0.590727"
"2151181047","2118995957","0.590727"
"2118995957","2153231238","0.951838"
"2153231238","2118995957","0.951838"
"2118995957","2327625429","0.411111"
"2327625429","2118995957","0.411111"
"2118995957","3023647491","1.82019"
"3023647491","2118995957","1.82019"
"2127241402","2143775511","0.688282"
"2143775511","2127241402","0.688282"
"2127241402","2151181047","0.868237"
"2151181047","2127241402","0.868237"
"2127241402","2153231238","1.47221"
"2153231238","2127241402","1.47221"
"2127241402","2327625429","1.40251"
"2327625429","2127241402","1.40251"
"2143775511","2151181047","1.25882"
"2151181047","2143775511","1.25882"
"2143775511","2153231238","1.36993"
"2153231238","2143775511","1.36993"
"2143775511","2327625429","0.769935"
"2327625429","2143775511","0.769935"
"2151181047","2153231238","8.11824"
"2153231238","2151181047","8.11824"
"2151181047","2327625429","0.916399"
"2327625429","2151181047","0.916399"
"2151181047","3023647491","0.701571"
"3023647491","2151181047","0.701571"
"2153231238","2327625429","1.02751"
"2327625429","2153231238","1.02751"
"2153231238","3023647491","1.30554"
"3023647491","2153231238","1.30554"
"2327625429","3023647491","1.40251"
"3023647491","2327625429","1.40251"
"1510308978","2158237121","2.63025"
"2158237121","1510308978","2.63025"
"1510308978","2565729979","0.12406"
"2565729979","1510308978","0.12406"
"1510308978","2900790161","0.32406"
"2900790161","1510308978","0.32406"
"1510308978","2952397148","0.32406"
"2952397148","1510308978","0.32406"
"1975863957","1994073219","0.22406"
"1994073219","1975863957","0.22406"
"1975863957","2021590156","0.0714286"
"2021590156","1975863957","0.0714286"
"1975863957","2030059876","0.12406"
"2030059876","1975863957","0.12406"
"1975863957","2112774785","0.432393"
"2112774785","1975863957","0.432393"
"1975863957","2118995957","0.12406"
"2118995957","1975863957","0.12406"
"1975863957","2127241402","0.22406"
"2127241402","1975863957","0.22406"
"1975863957","2151181047","0.24906"
"2151181047","1975863957","0.24906"
"1975863957","2153231238","0.575251"
"2153231238","1975863957","0.575251"
"1975863957","2158237121","0.0714286"
"2158237121","1975863957","0.0714286"
"1975863957","2565729979","0.235171"
"2565729979","1975863957","0.235171"
"1975863957","2900790161","0.675251"
"2900790161","1975863957","0.675251"
"1975863957","2952397148","0.911362"
"2952397148","1975863957","0.911362"
"1994073219","2030059876","0.37406"
"2030059876","1994073219","0.37406"
"1994073219","2158237121","0.971161"
"2158237121","1994073219","0.971161"
"1994073219","2565729979","0.214969"
"2565729979","1994073219","0.214969"
"1994073219","2900790161","0.582393"
"2900790161","1994073219","0.582393"
"1994073219","2952397148","0.582393"
"2952397148","1994073219","0.582393"
"2021590156","2158237121","1.104"
"2158237121","2021590156","1.104"
"2021590156","2565729979","0.162338"
"2565729979","2021590156","0.162338"
"2021590156","2900790161","0.0714286"
"2900790161","2021590156","0.0714286"
"2021590156","2952397148","0.0714286"
"2952397148","2021590156","0.0714286"
"2030059876","2112774785","0.12406"
"2112774785","2030059876","0.12406"
"2030059876","2118995957","0.485171"
"2118995957","2030059876","0.485171"
"2030059876","2151181047","0.12406"
