"1103151178","2121601564","1.25882"
"2121601564","1103151178","1.25882"
"1103151178","1487020114","0.166667"
"1487020114","1103151178","0.166667"
"1103151178","1518001235","0.0555556"
"1518001235","1103151178","0.0555556"
"1103151178","1521263018","0.0555556"
"1521263018","1103151178","0.0555556"
"1103151178","1838030265","0.0555556"
"1838030265","1103151178","0.0555556"
"1103151178","1890508934","0.0555556"
"1890508934","1103151178","0.0555556"
"1103151178","1984778493","0.361111"
"1984778493","1103151178","0.361111"
"1103151178","1985239372","0.453968"
"1985239372","1103151178","0.453968"
"1103151178","2100908575","0.365079"
"2100908575","1103151178","0.365079"
"1103151178","2110616577","0.222222"
"2110616577","1103151178","0.222222"
"1103151178","2139714950","0.0555556"
"2139714950","1103151178","0.0555556"
"1103151178","2403230695","0.0555556"
"2403230695","1103151178","0.0555556"
"1103151178","2407013441","0.114379"
"2407013441","1103151178","0.114379"
"1103151178","2512406886","4.57668"
"2512406886","1103151178","4.57668"
"1103151178","2554048096","0.114379"
"2554048096","1103151178","0.114379"
"1103151178","2951845000","0.198413"
"2951845000","1103151178","0.198413"
"1103151178","2953388369","0.0555556"
"2953388369","1103151178","0.0555556"
"1103151178","2963052257","0.114379"
"2963052257","1103151178","0.114379"
"1103151178","2963239539","0.0555556"
"2963239539","1103151178","0.0555556"
"1487020114","1518001235","6.31636"
"1518001235","1487020114","6.31636"
"1487020114","1521263018","0.502565"
"1521263018","1487020114","0.502565"
"1487020114","1838030265","1.87311"
"1838030265","1487020114","1.87311"
"1487020114","1890508934","0.513952"
"1890508934","1487020114","0.513952"
"1487020114","1984778493","0.856988"
"1984778493","1487020114","0.856988"
"1487020114","1985239372","2.22822"
"1985239372","1487020114","2.22822"
"1487020114","2100908575","1.0898"
"2100908575","1487020114","1.0898"
"1487020114","2110616577","5.55531"
"2110616577","1487020114","5.55531"
"1487020114","2139714950","0.0555556"
"2139714950","1487020114","0.0555556"
"1487020114","2403230695","0.166667"
"2403230695","1487020114","0.166667"
"1487020114","2407013441","0.166667"
"2407013441","1487020114","0.166667"
"1487020114","2512406886","0.865591"
"2512406886","1487020114","0.865591"
"1487020114","2554048096","1.57948"
"2554048096","1487020114","1.57948"
"1487020114","2951845000","0.146649"
"2951845000","1487020114","0.146649"
"1487020114","2953388369","1.79298"
"2953388369","1487020114","1.79298"
"1487020114","2963052257","0.605009"
"2963052257","1487020114","0.605009"
"1487020114","2963239539","1.57948"
"2963239539","1487020114","1.57948"
"1518001235","1521263018","0.377565"
"1521263018","1518001235","0.377565"
"1518001235","1838030265","1.56679"
"1838030265","1518001235","1.56679"
"1518001235","1890508934","0.0555556"
"1890508934","1518001235","0.0555556"
"1518001235","1984778493","0.665117"
"1984778493","1518001235","0.665117"
"1518001235","1985239372","1.4819"
"1985239372","1518001235","1.4819"
"1518001235","2100908575","0.606899"
"2100908575","1518001235","0.606899"
"1518001235","2110616577","1.48587"
"2110616577","1518001235","1.48587"
"1518001235","2139714950","0.0555556"
"2139714950","1518001235","0.0555556"
"1518001235","2403230695","0.0555556"
"2403230695","1518001235","0.0555556"
"1518001235","2407013441","0.0555556"
"2407013441","1518001235","0.0555556"
"1518001235","2512406886","0.0878136"
"2512406886","1518001235","0.0878136"
"1518001235","2554048096","0.20448"
"2554048096","1518001235","0.20448"
"1518001235","2951845000","0.108187"
"2951845000","1518001235","0.108187"
"1518001235","2953388369","1.15012"
"2953388369","1518001235","1.15012"
"1518001235","2963052257","0.146612"
"2963052257","1518001235","0.146612"
"1518001235","2963239539","0.20448"
"2963239539","1518001235","0.20448"
"1521263018","1838030265","6.0859"
"1838030265","1521263018","6.0859"
"1521263018","1890508934","0.166667"
"1890508934","1521263018","0.166667"
"1521263018","1984778493","0.151374"
"1984778493","1521263018","0.151374"
"1521263018","1985239372","0.234708"
"1985239372","1521263018","0.234708"
"1521263018","2100908575","0.484708"
"2100908575","1521263018","0.484708"
"1521263018","2110616577","0.151374"
"2110616577","1521263018","0.151374"
"1521263018","2139714950","0.0555556"
"2139714950","1521263018","0.0555556"
"1521263018","2403230695","0.166667"
"2403230695","1521263018","0.166667"
"1521263018","2407013441","0.0555556"
"2407013441","1521263018","0.0555556"
"1521263018","2512406886","0.0555556"
"2512406886","1521263018","0.0555556"
"1521263018","2554048096","0.166667"
"2554048096","1521263018","0.166667"
"1521263018","2951845000","0.0555556"
"2951845000","1521263018","0.0555556"
"1521263018","2953388369","4.04423"
"2953388369","1521263018","4.04423"
"1521263018","2963052257","0.191057"
"2963052257","1521263018","0.191057"
"1521263018","2963239539","0.166667"
"2963239539","1521263018","0.166667"
"1838030265","1890508934","0.149573"
"1890508934","1838030265","0.149573"
"1838030265","1984778493","0.312058"
"1984778493","1838030265","0.312058"
"1838030265","1985239372","0.860898"
"1985239372","1838030265","0.860898"
"1838030265","2100908575","0.578725"
"2100908575","1838030265","0.578725"
"1838030265","2110616577","0.818041"
"2110616577","1838030265","0.818041"
"1838030265","2139714950","0.0555556"
"2139714950","1838030265","0.0555556"
"1838030265","2403230695","0.0555556"
"2403230695","1838030265","0.0555556"
"1838030265","2407013441","0.0555556"
"2407013441","1838030265","0.0555556"
"1838030265","2512406886","0.0555556"
"2512406886","1838030265","0.0555556"
"1838030265","2554048096","0.122222"
"2554048096","1838030265","0.122222"
"1838030265","2951845000","0.0940171"
"2951845000","1838030265","0.0940171"
"1838030265","2953388369","13.5763"
"2953388369","1838030265","13.5763"
"1838030265","2963052257","0.173963"
"2963052257","1838030265","0.173963"
"1838030265","2963239539","0.122222"
"2963239539","1838030265","0.122222"
"1890508934","1984778493","0.462704"
"1984778493","1890508934","0.462704"
"1890508934","1985239372","0.979458"
"1985239372","1890508934","0.979458"
"1890508934","2100908575","0.149573"
"2100908575","1890508934","0.149573"
"1890508934","2110616577","0.236111"
"2110616577","1890508934","0.236111"
"1890508934","2139714950","0.0555556"
"2139714950","1890508934","0.0555556"
"1890508934","2403230695","2.20595"
"2403230695","1890508934","2.20595"
"1890508934","2407013441","2.05837"
"2407013441","1890508934","2.05837"
"1890508934","2512406886","0.166667"
"2512406886","1890508934","0.166667"
"1890508934","2554048096","2.56746"
"2554048096","1890508934","2.56746"
"1890508934","2951845000","0.649573"
"2951845000","1890508934","0.649573"
"1890508934","2953388369","0.0555556"
"2953388369","1890508934","0.0555556"
"1890508934","2963052257","12.5791"
"2963052257","1890508934","12.5791"
"1890508934","2963239539","2.40079"
"2963239539","1890508934","2.40079"
"1984778493","1985239372","6.17298"
"1985239372","1984778493","6.17298"
"1984778493","2100908575","1.75923"
"2100908575","1984778493","1.75923"
"1984778493","2110616577","3.29289"
"2110616577","1984778493","3.29289"
"1984778493","2139714950","0.0555556"
"2139714950","1984778493","0.0555556"
"1984778493","2403230695","0.0555556"
"2403230695","1984778493","0.0555556"
"1984778493","2407013441","0.229798"
"2407013441","1984778493","0.229798"
"1984778493","2512406886","1.15556"
"2512406886","1984778493","1.15556"
"1984778493","2554048096","0.272222"
"2554048096","1984778493","0.272222"
"1984778493","2951845000","1.09436"
"2951845000","1984778493","1.09436"
"1984778493","2953388369","0.218041"
"2953388369","1984778493","0.218041"
"1984778493","2963052257","0.837094"
"2963052257","1984778493","0.837094"
"1984778493","2963239539","0.522222"
"2963239539","1984778493","0.522222"
"1985239372","2100908575","1.19747"
"2100908575","1985239372","1.19747"
"1985239372","2110616577","0.811264"
"2110616577","1985239372","0.811264"
"1985239372","2139714950","0.0555556"
"2139714950","1985239372","0.0555556"
"1985239372","2403230695","0.0555556"
"2403230695","1985239372","0.0555556"
"1985239372","2407013441","0.210317"
"2407013441","1985239372","0.210317"
"1985239372","2512406886","2.864"
"2512406886","1985239372","2.864"
"1985239372","2554048096","0.42948"
"2554048096","1985239372","0.42948"
"1985239372","2951845000","1.43685"
"2951845000","1985239372","1.43685"
"1985239372","2953388369","0.944232"
"2953388369","1985239372","0.944232"
"1985239372","2963052257","0.987182"
"2963052257","1985239372","0.987182"
"1985239372","2963239539","0.67948"
"2963239539","1985239372","0.67948"
"2100908575","2110616577","0.986697"
"2110616577","2100908575","0.986697"
"2100908575","2139714950","0.0555556"
"2139714950","2100908575","0.0555556"
"2100908575","2403230695","0.0555556"
"2403230695","2100908575","0.0555556"
"2100908575","2407013441","0.0555556"
"2407013441","2100908575","0.0555556"
"2100908575","2512406886","0.432691"
"2512406886","2100908575","0.432691"
"2100908575","2554048096","0.137814"
"2554048096","2100908575","0.137814"
"2100908575","2951845000","1.34833"
"2951845000","2100908575","1.34833"
"2100908575","2953388369","0.484708"
"2953388369","2100908575","0.484708"
"2100908575","2963052257","0.24063"
"2963052257","2100908575","0.24063"
"2100908575","2963239539","0.137814"
"2963239539","2100908575","0.137814"
"2110616577","2139714950","0.0555556"
"2139714950","2110616577","0.0555556"
"2110616577","2403230695","0.0555556"
"2403230695","2110616577","0.0555556"
"2110616577","2407013441","0.0555556"
"2407013441","2110616577","0.0555556"
"2110616577","2512406886","0.7065"
"2512406886","2110616577","0.7065"
"2110616577","2554048096","0.137814"
"2554048096","2110616577","0.137814"
"2110616577","2951845000","0.108187"
"2951845000","2110616577","0.108187"
"2110616577","2953388369","0.762486"
"2953388369","2110616577","0.762486"
"2110616577","2963052257","0.327168"
"2963052257","2110616577","0.327168"
"2110616577","2963239539","0.137814"
"2963239539","2110616577","0.137814"
"2139714950","2403230695","0.0555556"
"2403230695","2139714950","0.0555556"
"2139714950","2407013441","0.0555556"
"2407013441","2139714950","0.0555556"
"2139714950","2512406886","0.0555556"
"2512406886","2139714950","0.0555556"
"2139714950","2554048096","0.0555556"
"2554048096","2139714950","0.0555556"
"2139714950","2951845000","0.0555556"
"2951845000","2139714950","0.0555556"
"2139714950","2953388369","0.0555556"
"2953388369","2139714950","0.0555556"
"2139714950","2963052257","0.0555556"
"2963052257","2139714950","0.0555556"
"2139714950","2963239539","0.0555556"
"2963239539","2139714950","0.0555556"
"2403230695","2407013441","1.22817"
"2407013441","2403230695","1.22817"
"2403230695","2512406886","0.166667"
"2512406886","2403230695","0.166667"
"2403230695","2554048096","1.06151"
"2554048096","2403230695","1.06151"
"2403230695","2951845000","0.0555556"
"2951845000","2403230695","0.0555556"
"2403230695","2953388369","0.0555556"
"2953388369","2403230695","0.0555556"
"2403230695","2963052257","1.62262"
"2963052257","2403230695","1.62262"
"2403230695","2963239539","0.728175"
"2963239539","2403230695","0.728175"
"2407013441","2512406886","0.22549"
"2512406886","2407013441","0.22549"
"2407013441","2554048096","2.03184"
"2554048096","2407013441","2.03184"
"2407013441","2951845000","0.126984"
"2951845000","2407013441","0.126984"
"2407013441","2953388369","0.0555556"
"2953388369","2407013441","0.0555556"
"2407013441","2963052257","2.20053"
"2963052257","2407013441","2.20053"
"2407013441","2963239539","2.05635"
"2963239539","2407013441","2.05635"
"2512406886","2554048096","0.607748"
"2554048096","2512406886","0.607748"
"2512406886","2951845000","0.198413"
"2951845000","2512406886","0.198413"
"2512406886","2953388369","0.0555556"
"2953388369","2512406886","0.0555556"
"2512406886","2963052257","0.22549"
"2963052257","2512406886","0.22549"
"2512406886","2963239539","0.548925"
"2963239539","2512406886","0.548925"
"2554048096","2951845000","0.0555556"
"2951845000","2554048096","0.0555556"
"2554048096","2953388369","0.122222"
"2953388369","2554048096","0.122222"
"2554048096","2963052257","2.17628"
"2963052257","2554048096","2.17628"
"2554048096","2963239539","12.9683"
"2963239539","2554048096","12.9683"
"2951845000","2953388369","0.0555556"
"2953388369","2951845000","0.0555556"
"2951845000","2963052257","0.149573"
"2963052257","2951845000","0.149573"
"2951845000","2963239539","0.0555556"
"2963239539","2951845000","0.0555556"
"2953388369","2963052257","0.0799458"
"2963052257","2953388369","0.0799458"
"2953388369","2963239539","0.122222"
"2963239539","2953388369","0.122222"
"2963052257","2963239539","4.20079"
"2963239539","2963052257","4.20079"
"1103151178","2035477134","4.01716"
"2035477134","1103151178","4.01716"
"1103151178","27613969","1.68382"
"27613969","1103151178","1.68382"
"2035477134","2512406886","3.01716"
"2512406886","2035477134","3.01716"
"2035477134","27613969","1.01716"
"27613969","2035477134","1.01716"
"2512406886","27613969","1.58584"
"27613969","2512406886","1.58584"
"1103151178","2798436609","0.125"
"2798436609","1103151178","0.125"
"1103151178","2892783463","0.125"
"2892783463","1103151178","0.125"
"1103151178","2944853547","0.183824"
"2944853547","1103151178","0.183824"
"1103151178","2952029797","0.493347"
"2952029797","1103151178","0.493347"
"1103151178","2964282477","0.183824"
"2964282477","1103151178","0.183824"
"2035477134","2798436609","0.125"
"2798436609","2035477134","0.125"
"2035477134","2892783463","0.125"
"2892783463","2035477134","0.125"
"2035477134","2944853547","0.183824"
"2944853547","2035477134","0.183824"
"2035477134","2952029797","0.183824"
"2952029797","2035477134","0.183824"
"2035477134","2964282477","0.183824"
"2964282477","2035477134","0.183824"
"2512406886","2798436609","0.375"
"2798436609","2512406886","0.375"
"2512406886","2892783463","0.532258"
"2892783463","2512406886","0.532258"
"2512406886","2944853547","0.558824"
"2944853547","2512406886","0.558824"
"2512406886","2952029797","2.82037"
"2952029797","2512406886","2.82037"
"2512406886","2964282477","0.433824"
"2964282477","2512406886","0.433824"
"27613969","2798436609","0.273352"
"2798436609","27613969","0.273352"
"27613969","2892783463","0.497594"
"2892783463","27613969","0.497594"
"27613969","2944853547","0.706418"
"2944853547","27613969","0.706418"
"27613969","2952029797","4.12985"
"2952029797","27613969","4.12985"
"27613969","2964282477","0.332175"
"2964282477","27613969","0.332175"
"2798436609","2892783463","1.75159"
"2892783463","2798436609","1.75159"
"2798436609","2944853547","1.75159"
"2944853547","2798436609","1.75159"
"2798436609","2952029797","0.501589"
"2952029797","2798436609","0.501589"
"2798436609","2964282477","1.75159"
"2964282477","2798436609","1.75159"
"2892783463","2944853547","5.0539"
"2944853547","2892783463","5.0539"
"2892783463","2952029797","4.14437"
"2952029797","2892783463","4.14437"
"2892783463","2964282477","2.8425"
"2964282477","2892783463","2.8425"
"2944853547","2952029797","1.8532"
"2952029797","2944853547","1.8532"
"2944853547","2964282477","2.40132"
"2964282477","2944853547","2.40132"
"2952029797","2964282477","0.651322"
"2964282477","2952029797","0.651322"
"1103151178","2233096285","3"
"2233096285","1103151178","3"
"2035477134","2233096285","1"
"2233096285","2035477134","1"
"1103151178","2058239738","0.258824"
"2058239738","1103151178","0.258824"
"1103151178","2082534709","0.0588235"
"2082534709","1103151178","0.0588235"
"1103151178","2226846359","0.0588235"
"2226846359","1103151178","0.0588235"
"1103151178","2607748412","0.0588235"
"2607748412","1103151178","0.0588235"
"1103151178","2773365863","0.0588235"
"2773365863","1103151178","0.0588235"
"1103151178","2919861756","0.0588235"
"2919861756","1103151178","0.0588235"
"1103151178","2964051113","0.0588235"
"2964051113","1103151178","0.0588235"
"2035477134","2058239738","0.308824"
"2058239738","2035477134","0.308824"
"2035477134","2082534709","0.0588235"
"2082534709","2035477134","0.0588235"
"2035477134","2121601564","0.308824"
"2121601564","2035477134","0.308824"
"2035477134","2226846359","0.0588235"
"2226846359","2035477134","0.0588235"
"2035477134","2407013441","0.0588235"
"2407013441","2035477134","0.0588235"
"2035477134","2554048096","0.0588235"
"2554048096","2035477134","0.0588235"
"2035477134","2607748412","0.0588235"
"2607748412","2035477134","0.0588235"
"2035477134","2773365863","0.0588235"
"2773365863","2035477134","0.0588235"
"2035477134","2919861756","0.0588235"
"2919861756","2035477134","0.0588235"
"2035477134","2963052257","0.0588235"
"2963052257","2035477134","0.0588235"
"2035477134","2964051113","0.0588235"
"2964051113","2035477134","0.0588235"
"2058239738","2082534709","0.138769"
"2082534709","2058239738","0.138769"
"2058239738","2121601564","10.6221"
"2121601564","2058239738","10.6221"
"2058239738","2226846359","0.138769"
"2226846359","2058239738","0.138769"
"2058239738","2407013441","0.0588235"
"2407013441","2058239738","0.0588235"
"2058239738","2512406886","0.308824"
"2512406886","2058239738","0.308824"
"2058239738","2554048096","0.0588235"
"2554048096","2058239738","0.0588235"
"2058239738","2607748412","0.0588235"
"2607748412","2058239738","0.0588235"
"2058239738","27613969","0.138769"
"27613969","2058239738","0.138769"
"2058239738","2773365863","0.138769"
"2773365863","2058239738","0.138769"
"2058239738","2919861756","0.0832138"
"2919861756","2058239738","0.0832138"
"2058239738","2944853547","0.0588235"
"2944853547","2058239738","0.0588235"
"2058239738","2952029797","2.33877"
"2952029797","2058239738","2.33877"
"2058239738","2963052257","0.138769"
"2963052257","2058239738","0.138769"
"2058239738","2964051113","0.0588235"
"2964051113","2058239738","0.0588235"
"2058239738","2964282477","0.0588235"
"2964282477","2058239738","0.0588235"
"2082534709","2121601564","0.643369"
"2121601564","2082534709","0.643369"
"2082534709","2226846359","0.500512"
"2226846359","2082534709","0.500512"
"2082534709","2407013441","0.0588235"
"2407013441","2082534709","0.0588235"
"2082534709","2512406886","0.149733"
"2512406886","2082534709","0.149733"
"2082534709","2554048096","0.0588235"
"2554048096","2082534709","0.0588235"
"2082534709","2607748412","0.0588235"
"2607748412","2082534709","0.0588235"
"2082534709","27613969","0.591421"
"27613969","2082534709","0.591421"
"2082534709","2773365863","0.313012"
"2773365863","2082534709","0.313012"
"2082534709","2919861756","0.0832138"
"2919861756","2082534709","0.0832138"
"2082534709","2944853547","0.233066"
"2944853547","2082534709","0.233066"
"2082534709","2952029797","0.658087"
"2952029797","2082534709","0.658087"
"2082534709","2963052257","0.138769"
"2963052257","2082534709","0.138769"
"2082534709","2964051113","0.0588235"
"2964051113","2082534709","0.0588235"
"2082534709","2964282477","0.0588235"
"2964282477","2082534709","0.0588235"
"2121601564","2226846359","0.866103"
"2226846359","2121601564","0.866103"
"2121601564","2407013441","0.213585"
"2407013441","2121601564","0.213585"
"2121601564","2512406886","2.34108"
"2512406886","2121601564","2.34108"
"2121601564","2554048096","0.0910816"
"2554048096","2121601564","0.0910816"
"2121601564","2607748412","0.196919"
"2607748412","2121601564","0.196919"
"2121601564","27613969","1.18861"
"27613969","2121601564","1.18861"
"2121601564","2773365863","0.483365"
"2773365863","2121601564","0.483365"
"2121601564","2919861756","0.304642"
"2919861756","2121601564","0.304642"
"2121601564","2944853547","0.454495"
"2944853547","2121601564","0.454495"
"2121601564","2952029797","1.33076"
"2952029797","2121601564","1.33076"
"2121601564","2963052257","0.480926"
"2963052257","2121601564","0.480926"
"2121601564","2964051113","0.0910816"
"2964051113","2121601564","0.0910816"
"2121601564","2964282477","0.130252"
"2964282477","2121601564","0.130252"
"2226846359","2407013441","0.142157"
"2407013441","2226846359","0.142157"
"2226846359","2512406886","0.457748"
"2512406886","2226846359","0.457748"
"2226846359","2554048096","0.157748"
"2554048096","2226846359","0.157748"
"2226846359","2607748412","0.12549"
"2607748412","2226846359","0.12549"
"2226846359","27613969","2.58226"
"27613969","2226846359","2.58226"
"2226846359","2773365863","0.57262"
"2773365863","2226846359","0.57262"
"2226846359","2919861756","0.260564"
"2919861756","2226846359","0.260564"
"2226846359","2944853547","0.354861"
"2944853547","2226846359","0.354861"
"2226846359","2952029797","1.55405"
"2952029797","2226846359","1.55405"
"2226846359","2963052257","0.549453"
"2963052257","2226846359","0.549453"
"2226846359","2964051113","0.0910816"
"2964051113","2226846359","0.0910816"
"2226846359","2964282477","0.0972851"
"2964282477","2226846359","0.0972851"
"2407013441","2607748412","0.382633"
"2607748412","2407013441","0.382633"
"2407013441","27613969","0.630252"
"27613969","2407013441","0.630252"
"2407013441","2773365863","0.473542"
"2773365863","2407013441","0.473542"
"2407013441","2919861756","0.490209"
"2919861756","2407013441","0.490209"
"2407013441","2944853547","0.41878"
"2944853547","2407013441","0.41878"
"2407013441","2952029797","1.15688"
"2952029797","2407013441","1.15688"
"2407013441","2964051113","2.22628"
"2964051113","2407013441","2.22628"
"2407013441","2964282477","0.26878"
"2964282477","2407013441","0.26878"
"2512406886","2607748412","0.183824"
"2607748412","2512406886","0.183824"
"2512406886","2773365863","0.216082"
"2773365863","2512406886","0.216082"
"2512406886","2919861756","0.183824"
"2919861756","2512406886","0.183824"
"2512406886","2964051113","0.302193"
"2964051113","2512406886","0.302193"
"2554048096","2607748412","0.444538"
"2607748412","2554048096","0.444538"
"2554048096","27613969","0.185747"
"27613969","2554048096","0.185747"
"2554048096","2773365863","0.620386"
"2773365863","2554048096","0.620386"
"2554048096","2919861756","0.404794"
"2919861756","2554048096","0.404794"
"2554048096","2944853547","0.333366"
"2944853547","2554048096","0.333366"
"2554048096","2952029797","1.32979"
"2952029797","2554048096","1.32979"
"2554048096","2964051113","4.33546"
"2964051113","2554048096","4.33546"
"2554048096","2964282477","0.266699"
"2964282477","2554048096","0.266699"
"2607748412","27613969","0.446919"
"27613969","2607748412","0.446919"
"2607748412","2773365863","2.19979"
"2773365863","2607748412","2.19979"
"2607748412","2919861756","0.84979"
"2919861756","2607748412","0.84979"
"2607748412","2944853547","1.27836"
"2944853547","2607748412","1.27836"
"2607748412","2952029797","1.63312"
"2952029797","2607748412","1.63312"
"2607748412","2963052257","0.377871"
"2963052257","2607748412","0.377871"
"2607748412","2964051113","0.311204"
"2964051113","2607748412","0.311204"
"2607748412","2964282477","0.320028"
"2964282477","2607748412","0.320028"
"27613969","2773365863","0.833586"
"2773365863","27613969","0.833586"
"27613969","2919861756","0.487121"
"2919861756","27613969","0.487121"
"27613969","2963052257","0.460992"
"2963052257","27613969","0.460992"
"27613969","2964051113","0.135747"
"2964051113","27613969","0.135747"
"2773365863","2919861756","1.35581"
"2919861756","2773365863","1.35581"
"2773365863","2944853547","3.1589"
"2944853547","2773365863","3.1589"
"2773365863","2952029797","2.64916"
"2952029797","2773365863","2.64916"
"2773365863","2963052257","0.642743"
"2963052257","2773365863","0.642743"
"2773365863","2964051113","0.420386"
"2964051113","2773365863","0.420386"
"2773365863","2964282477","1.02632"
"2964282477","2773365863","1.02632"
"2919861756","2944853547","2.06799"
"2944853547","2919861756","2.06799"
"2919861756","2952029797","2.6527"
"2952029797","2919861756","2.6527"
"2919861756","2963052257","0.662188"
"2963052257","2919861756","0.662188"
"2919861756","2964051113","0.321461"
"2964051113","2919861756","0.321461"
"2919861756","2964282477","0.526322"
"2964282477","2919861756","0.526322"
"2944853547","2963052257","0.52867"
"2963052257","2944853547","0.52867"
"2944853547","2964051113","0.250032"
"2964051113","2944853547","0.250032"
"2952029797","2963052257","3.05157"
"2963052257","2952029797","3.05157"
"2952029797","2964051113","0.488128"
"2964051113","2952029797","0.488128"
"2963052257","2964051113","4.39295"
"2964051113","2963052257","4.39295"
"2963052257","2964282477","0.235813"
"2964282477","2963052257","0.235813"
"2964051113","2964282477","0.183366"
"2964282477","2964051113","0.183366"
"1103151178","2105568982","0.142857"
"2105568982","1103151178","0.142857"
"1103151178","2616737215","0.142857"
"2616737215","1103151178","0.142857"
"1985239372","2105568982","0.716662"
"2105568982","1985239372","0.716662"
"1985239372","2616737215","0.907839"
"2616737215","1985239372","0.907839"
"1985239372","2952029797","9.18459"
"2952029797","1985239372","9.18459"
"2100908575","2105568982","0.532839"
"2105568982","2100908575","0.532839"
"2100908575","2616737215","0.532839"
"2616737215","2100908575","0.532839"
"2100908575","2952029797","1.0676"
"2952029797","2100908575","1.0676"
"2105568982","2512406886","0.175115"
"2512406886","2105568982","0.175115"
"2105568982","2616737215","15.3856"
"2616737215","2105568982","15.3856"
"2105568982","2951845000","0.142857"
"2951845000","2105568982","0.142857"
"2105568982","2952029797","0.226071"
"2952029797","2105568982","0.226071"
"2512406886","2616737215","0.175115"
"2616737215","2512406886","0.175115"
"2616737215","2951845000","0.142857"
"2951845000","2616737215","0.142857"
"2616737215","2952029797","0.167247"
"2952029797","2616737215","0.167247"
"2951845000","2952029797","0.419758"
"2952029797","2951845000","0.419758"
"1103151178","2406071341","0.2"
"2406071341","1103151178","0.2"
"1103151178","2605347924","0.45"
"2605347924","1103151178","0.45"
"1985239372","2058239738","1.31328"
"2058239738","1985239372","1.31328"
"1985239372","2121601564","2.63039"
"2121601564","1985239372","2.63039"
"1985239372","2406071341","1.3721"
"2406071341","1985239372","1.3721"
"1985239372","2605347924","0.2"
"2605347924","1985239372","0.2"
"2058239738","2406071341","5.06328"
"2406071341","2058239738","5.06328"
"2058239738","2605347924","0.2"
"2605347924","2058239738","0.2"
"2121601564","2406071341","4.1221"
"2406071341","2121601564","4.1221"
"2121601564","2605347924","0.2"
"2605347924","2121601564","0.2"
"2406071341","2605347924","0.2"
"2605347924","2406071341","0.2"
"1103151178","2046769817","0.166667"
"2046769817","1103151178","0.166667"
"1103151178","2123752633","0.166667"
"2123752633","1103151178","0.166667"
"1103151178","2950126731","0.166667"
"2950126731","1103151178","0.166667"
"1487020114","2046769817","1.7797"
"2046769817","1487020114","1.7797"
"1487020114","2123752633","2.43731"
"2123752633","1487020114","2.43731"
"1487020114","27613969","1.31467"
"27613969","1487020114","1.31467"
"1487020114","2950126731","1.73218"
"2950126731","1487020114","1.73218"
"1487020114","2952029797","1.2007"
"2952029797","1487020114","1.2007"
"2046769817","2100908575","1.74687"
"2100908575","2046769817","1.74687"
"2046769817","2110616577","2.29769"
"2110616577","2046769817","2.29769"
"2046769817","2123752633","2.12861"
"2123752633","2046769817","2.12861"
"2046769817","2512406886","2.11869"
"2512406886","2046769817","2.11869"
"2046769817","27613969","1.27621"
"27613969","2046769817","1.27621"
"2046769817","2950126731","1.33258"
"2950126731","2046769817","1.33258"
"2046769817","2952029797","1.65391"
"2952029797","2046769817","1.65391"
"2100908575","2123752633","0.746962"
"2123752633","2100908575","0.746962"
"2100908575","27613969","1.59705"
"27613969","2100908575","1.59705"
"2100908575","2950126731","0.558768"
"2950126731","2100908575","0.558768"
"2110616577","2123752633","3.16753"
"2123752633","2110616577","3.16753"
"2110616577","27613969","1.12085"
"27613969","2110616577","1.12085"
"2110616577","2950126731","2.24329"
"2950126731","2110616577","2.24329"
"2110616577","2952029797","2.1846"
"2952029797","2110616577","2.1846"
"2123752633","2512406886","0.368687"
"2512406886","2123752633","0.368687"
"2123752633","27613969","0.720855"
"27613969","2123752633","0.720855"
"2123752633","2950126731","5.24329"
"2950126731","2123752633","5.24329"
"2123752633","2952029797","0.770772"
"2952029797","2123752633","0.770772"
"2512406886","2950126731","1.11111"
"2950126731","2512406886","1.11111"
"27613969","2950126731","0.629946"
"2950126731","27613969","0.629946"
"2950126731","2952029797","0.415911"
"2952029797","2950126731","0.415911"
"2035477134","2605347924","0.25"
"2605347924","2035477134","0.25"
"2233096285","2512406886","0.35"
"2512406886","2233096285","0.35"
"2233096285","2605347924","0.75"
"2605347924","2233096285","0.75"
"2512406886","2605347924","1.25"
"2605347924","2512406886","1.25"
"1103151178","1542698108","0.0555556"
"1542698108","1103151178","0.0555556"
"1103151178","1545910533","0.0555556"
"1545910533","1103151178","0.0555556"
"1103151178","1807762489","0.0555556"
"1807762489","1103151178","0.0555556"
"1103151178","1874507733","0.0555556"
"1874507733","1103151178","0.0555556"
"1103151178","2094817912","0.305556"
"2094817912","1103151178","0.305556"
"1103151178","2159100004","0.0555556"
"2159100004","1103151178","0.0555556"
"1103151178","2160256019","0.0555556"
"2160256019","1103151178","0.0555556"
"1103151178","2950418952","0.0555556"
"2950418952","1103151178","0.0555556"
"1103151178","3023049136","0.0555556"
"3023049136","1103151178","0.0555556"
"1542698108","1545910533","0.324734"
"1545910533","1542698108","0.324734"
"1542698108","1807762489","0.135501"
"1807762489","1542698108","0.135501"
"1542698108","1874507733","0.135501"
"1874507733","1542698108","0.135501"
"1542698108","1984778493","8.83743"
"1984778493","1542698108","8.83743"
"1542698108","1985239372","1.68902"
"1985239372","1542698108","1.68902"
"1542698108","2046769817","1.95639"
"2046769817","1542698108","1.95639"
"1542698108","2094817912","0.53947"
"2094817912","1542698108","0.53947"
"1542698108","2100908575","2.06521"
"2100908575","1542698108","2.06521"
"1542698108","2110616577","0.970673"
"2110616577","1542698108","0.970673"
"1542698108","2123752633","0.53029"
"2123752633","1542698108","0.53029"
"1542698108","2159100004","0.202168"
"2159100004","1542698108","0.202168"
"1542698108","2160256019","0.313279"
"2160256019","1542698108","0.313279"
"1542698108","27613969","0.650581"
"27613969","1542698108","0.650581"
"1542698108","2950126731","0.3048"
"2950126731","1542698108","0.3048"
"1542698108","2950418952","0.146612"
"2950418952","1542698108","0.146612"
"1542698108","2952029797","0.739814"
"2952029797","1542698108","0.739814"
"1542698108","3023049136","0.146612"
"3023049136","1542698108","0.146612"
"1545910533","1807762489","0.112204"
"1807762489","1545910533","0.112204"
"1545910533","1874507733","0.112204"
"1874507733","1545910533","0.112204"
"1545910533","1984778493","1.03327"
"1984778493","1545910533","1.03327"
"1545910533","1985239372","1.03784"
"1985239372","1545910533","1.03784"
"1545910533","2046769817","5.45037"
"2046769817","1545910533","5.45037"
"1545910533","2094817912","0.366892"
"2094817912","1545910533","0.366892"
"1545910533","2100908575","0.486363"
"2100908575","1545910533","0.486363"
"1545910533","2110616577","0.389078"
"2110616577","1545910533","0.389078"
"1545910533","2123752633","0.387438"
"2123752633","1545910533","0.387438"
"1545910533","2159100004","1.50456"
"2159100004","1545910533","1.50456"
"1545910533","2160256019","0.563973"
"2160256019","1545910533","0.563973"
"1545910533","27613969","0.583355"
"27613969","1545910533","0.583355"
"1545910533","2950126731","0.199244"
"2950126731","1545910533","0.199244"
"1545910533","2950418952","0.721231"
"2950418952","1545910533","0.721231"
"1545910533","2952029797","0.658762"
"2952029797","1545910533","0.658762"
"1545910533","3023049136","1.67123"
"3023049136","1545910533","1.67123"
"1807762489","1874507733","3.20109"
"1874507733","1807762489","3.20109"
"1807762489","1984778493","0.135501"
"1984778493","1807762489","0.135501"
"1807762489","1985239372","0.734426"
"1985239372","1807762489","0.734426"
"1807762489","2046769817","0.0799458"
"2046769817","1807762489","0.0799458"
"1807762489","2094817912","0.0799458"
"2094817912","1807762489","0.0799458"
"1807762489","2100908575","0.112204"
"2100908575","1807762489","0.112204"
"1807762489","2110616577","0.112204"
"2110616577","1807762489","0.112204"
"1807762489","2123752633","0.0799458"
"2123752633","1807762489","0.0799458"
"1807762489","2159100004","0.167759"
"2159100004","1807762489","0.167759"
"1807762489","2160256019","0.0799458"
"2160256019","1807762489","0.0799458"
"1807762489","27613969","3.36883"
"27613969","1807762489","3.36883"
"1807762489","2950126731","0.0799458"
"2950126731","1807762489","0.0799458"
"1807762489","2950418952","0.112204"
"2950418952","1807762489","0.112204"
"1807762489","2952029797","0.635501"
"2952029797","1807762489","0.635501"
"1807762489","3023049136","0.112204"
"3023049136","1807762489","0.112204"
"1874507733","1984778493","0.135501"
"1984778493","1874507733","0.135501"
"1874507733","1985239372","0.534426"
"1985239372","1874507733","0.534426"
"1874507733","2046769817","0.0799458"
"2046769817","1874507733","0.0799458"
"1874507733","2094817912","0.0799458"
"2094817912","1874507733","0.0799458"
"1874507733","2100908575","0.112204"
"2100908575","1874507733","0.112204"
"1874507733","2110616577","0.112204"
"2110616577","1874507733","0.112204"
"1874507733","2123752633","0.0799458"
"2123752633","1874507733","0.0799458"
"1874507733","2159100004","0.167759"
"2159100004","1874507733","0.167759"
"1874507733","2160256019","0.0799458"
"2160256019","1874507733","0.0799458"
"1874507733","27613969","3.16883"
"27613969","1874507733","3.16883"
"1874507733","2950126731","0.0799458"
"2950126731","1874507733","0.0799458"
"1874507733","2950418952","0.112204"
"2950418952","1874507733","0.112204"
"1874507733","2952029797","0.135501"
"2952029797","1874507733","0.135501"
"1874507733","3023049136","0.112204"
"3023049136","1874507733","0.112204"
"1984778493","2046769817","2.41492"
"2046769817","1984778493","2.41492"
"1984778493","2094817912","0.91884"
"2094817912","1984778493","0.91884"
"1984778493","2123752633","0.502085"
"2123752633","1984778493","0.502085"
"1984778493","2159100004","0.869039"
"2159100004","1984778493","0.869039"
"1984778493","2160256019","0.438483"
"2160256019","1984778493","0.438483"
"1984778493","27613969","2.51232"
"27613969","1984778493","2.51232"
"1984778493","2950126731","0.238133"
"2950126731","1984778493","0.238133"
"1984778493","2950418952","0.271816"
"2950418952","1984778493","0.271816"
"1984778493","2952029797","2.36426"
"2952029797","1984778493","2.36426"
"1984778493","3023049136","0.438483"
"3023049136","1984778493","0.438483"
"1985239372","2046769817","4.04715"
"2046769817","1985239372","4.04715"
"1985239372","2094817912","0.146612"
"2094817912","1985239372","0.146612"
"1985239372","2123752633","1.40807"
"2123752633","1985239372","1.40807"
"1985239372","2159100004","2.24742"
"2159100004","1985239372","2.24742"
"1985239372","2160256019","0.617936"
"2160256019","1985239372","0.617936"
"1985239372","27613969","5.50201"
"27613969","1985239372","5.50201"
"1985239372","2950126731","0.682577"
"2950126731","1985239372","0.682577"
"1985239372","2950418952","0.650194"
"2950418952","1985239372","0.650194"
"1985239372","3023049136","0.816861"
"3023049136","1985239372","0.816861"
"2046769817","2094817912","0.759749"
"2094817912","2046769817","0.759749"
"2046769817","2159100004","0.847307"
"2159100004","2046769817","0.847307"
"2046769817","2160256019","0.563973"
"2160256019","2046769817","0.563973"
"2046769817","2950418952","0.563973"
"2950418952","2046769817","0.563973"
"2046769817","3023049136","1.01397"
"3023049136","2046769817","1.01397"
"2094817912","2100908575","0.41884"
"2100908575","2094817912","0.41884"
"2094817912","2110616577","1.61252"
"2110616577","2094817912","1.61252"
"2094817912","2123752633","0.334316"
"2123752633","2094817912","0.334316"
"2094817912","2159100004","0.334316"
"2159100004","2094817912","0.334316"
"2094817912","2160256019","0.209316"
"2160256019","2094817912","0.209316"
"2094817912","27613969","0.380379"
"27613969","2094817912","0.380379"
"2094817912","2950126731","0.204946"
"2950126731","2094817912","0.204946"
"2094817912","2950418952","0.334316"
"2950418952","2094817912","0.334316"
"2094817912","2952029797","0.41884"
"2952029797","2094817912","0.41884"
"2094817912","3023049136","0.334316"
"3023049136","2094817912","0.334316"
"2100908575","2159100004","0.217332"
"2159100004","2100908575","0.217332"
"2100908575","2160256019","0.185074"
"2160256019","2100908575","0.185074"
"2100908575","2950418952","0.217332"
"2950418952","2100908575","0.217332"
"2100908575","3023049136","0.217332"
"3023049136","2100908575","0.217332"
"2110616577","2159100004","0.178871"
"2159100004","2110616577","0.178871"
"2110616577","2160256019","0.313279"
"2160256019","2110616577","0.313279"
"2110616577","2950418952","0.178871"
"2950418952","2110616577","0.178871"
"2110616577","3023049136","0.178871"
"3023049136","2110616577","0.178871"
"2123752633","2159100004","0.185074"
"2159100004","2123752633","0.185074"
"2123752633","2160256019","0.351741"
"2160256019","2123752633","0.351741"
"2123752633","2950418952","0.185074"
"2950418952","2123752633","0.185074"
"2123752633","3023049136","0.185074"
"3023049136","2123752633","0.185074"
"2159100004","2160256019","1.81397"
"2160256019","2159100004","1.81397"
"2159100004","27613969","2.48967"
"27613969","2159100004","2.48967"
"2159100004","2950126731","0.146612"
"2950126731","2159100004","0.146612"
"2159100004","2950418952","3.97123"
"2950418952","2159100004","3.97123"
"2159100004","2952029797","0.90362"
"2952029797","2159100004","0.90362"
"2159100004","3023049136","6.0879"
"3023049136","2159100004","6.0879"
"2160256019","27613969","0.142446"
"27613969","2160256019","0.142446"
"2160256019","2950126731","0.146612"
"2950126731","2160256019","0.146612"
"2160256019","2950418952","1.98064"
"2950418952","2160256019","1.98064"
"2160256019","2952029797","0.306398"
"2952029797","2160256019","0.306398"
"2160256019","3023049136","1.98064"
"3023049136","2160256019","1.98064"
"27613969","2950418952","0.142446"
"2950418952","27613969","0.142446"
"27613969","3023049136","0.309112"
"3023049136","27613969","0.309112"
"2950126731","2950418952","0.146612"
"2950418952","2950126731","0.146612"
"2950126731","3023049136","0.146612"
"3023049136","2950126731","0.146612"
"2950418952","2952029797","0.306398"
"2952029797","2950418952","0.306398"
"2950418952","3023049136","3.1379"
"3023049136","2950418952","3.1379"
"2952029797","3023049136","0.473064"
"3023049136","2952029797","0.473064"
"1984778493","2035477134","0.25"
"2035477134","1984778493","0.25"
"1984778493","2233096285","0.35"
"2233096285","1984778493","0.35"
"2035477134","2094817912","0.25"
"2094817912","2035477134","0.25"
"2094817912","2233096285","0.25"
"2233096285","2094817912","0.25"
"1487020114","2105568982","5.05158"
"2105568982","1487020114","5.05158"
"1487020114","2121356260","4.8247"
"2121356260","1487020114","4.8247"
"1487020114","2178708778","10.3929"
"2178708778","1487020114","10.3929"
"1487020114","2616737215","4.57609"
"2616737215","1487020114","4.57609"
"1487020114","2951895835","2.57946"
"2951895835","1487020114","2.57946"
"1518001235","2105568982","0.417759"
"2105568982","1518001235","0.417759"
"1518001235","2121356260","6.6997"
"2121356260","1518001235","6.6997"
"1518001235","2178708778","3.93462"
"2178708778","1518001235","3.93462"
"1518001235","2616737215","0.501093"
"2616737215","1518001235","0.501093"
"1518001235","2951895835","1.41279"
"2951895835","1518001235","1.41279"
"1838030265","2105568982","0.385501"
"2105568982","1838030265","0.385501"
"1838030265","2121356260","1.51123"
"2121356260","1838030265","1.51123"
"1838030265","2178708778","2.61957"
"2178708778","1838030265","2.61957"
"1838030265","2616737215","0.385501"
"2616737215","1838030265","0.385501"
"1838030265","2951895835","0.818377"
"2951895835","1838030265","0.818377"
"2105568982","2110616577","0.292759"
"2110616577","2105568982","0.292759"
"2105568982","2121356260","0.417759"
"2121356260","2105568982","0.417759"
