"143081371","2034813907","13.3333"
"2034813907","143081371","13.3333"
"143081371","1748952676","0.333333"
"1748952676","143081371","0.333333"
"143081371","1838736559","0.333333"
"1838736559","143081371","0.333333"
"1748952676","1838736559","0.333333"
"1838736559","1748952676","0.333333"
"1748952676","2034813907","0.333333"
"2034813907","1748952676","0.333333"
"1838736559","2034813907","0.583333"
"2034813907","1838736559","0.583333"
"143081371","2150375884","0.5"
"2150375884","143081371","0.5"
"143081371","2594063224","0.7"
"2594063224","143081371","0.7"
"2150375884","2594063224","10.6167"
"2594063224","2150375884","10.6167"
"143081371","2119204852","0.2"
"2119204852","143081371","0.2"
"143081371","2128769945","0.2"
"2128769945","143081371","0.2"
"143081371","2339399622","0.2"
"2339399622","143081371","0.2"
"143081371","2435045476","0.2"
"2435045476","143081371","0.2"
"2119204852","2128769945","0.2"
"2128769945","2119204852","0.2"
"2119204852","2339399622","0.2"
"2339399622","2119204852","0.2"
"2119204852","2435045476","0.2"
"2435045476","2119204852","0.2"
"2119204852","2594063224","0.2"
"2594063224","2119204852","0.2"
"2128769945","2339399622","0.2"
"2339399622","2128769945","0.2"
"2128769945","2435045476","1.2"
"2435045476","2128769945","1.2"
"2128769945","2594063224","1.61667"
"2594063224","2128769945","1.61667"
"2339399622","2435045476","0.2"
"2435045476","2339399622","0.2"
"2339399622","2594063224","0.2"
"2594063224","2339399622","0.2"
"2435045476","2594063224","0.9"
"2594063224","2435045476","0.9"
"1484132276","2074121498","1"
"2074121498","1484132276","1"
"1484132276","1586803639","1"
"1586803639","1484132276","1"
"1484132276","1506080016","1.36667"
"1506080016","1484132276","1.36667"
"1484132276","1525922171","1.36667"
"1525922171","1484132276","1.36667"
"1484132276","2020112996","0.866667"
"2020112996","1484132276","0.866667"
"1506080016","1525922171","5.36667"
"1525922171","1506080016","5.36667"
"1506080016","2020112996","0.866667"
"2020112996","1506080016","0.866667"
"1525922171","2020112996","0.866667"
"2020112996","1525922171","0.866667"
"1484132276","1895120627","0.2"
"1895120627","1484132276","0.2"
"1484132276","2137252079","0.2"
"2137252079","1484132276","0.2"
"1506080016","1895120627","0.2"
"1895120627","1506080016","0.2"
"1506080016","2137252079","0.2"
"2137252079","1506080016","0.2"
"1525922171","1895120627","0.2"
"1895120627","1525922171","0.2"
"1525922171","2137252079","0.2"
"2137252079","1525922171","0.2"
"1895120627","2020112996","0.2"
"2020112996","1895120627","0.2"
"1895120627","2137252079","4.07202"
"2137252079","1895120627","4.07202"
"2020112996","2137252079","0.2"
"2137252079","2020112996","0.2"
"1503770809","1837738486","0.25"
"1837738486","1503770809","0.25"
"1503770809","2158275487","0.25"
"2158275487","1503770809","0.25"
"1503770809","2167075859","1.25"
"2167075859","1503770809","1.25"
"1503770809","2179375141","0.25"
"2179375141","1503770809","0.25"
"1837738486","2158275487","0.25"
"2158275487","1837738486","0.25"
"1837738486","2167075859","0.25"
"2167075859","1837738486","0.25"
"1837738486","2179375141","3.23869"
"2179375141","1837738486","3.23869"
"2158275487","2167075859","0.25"
"2167075859","2158275487","0.25"
"2158275487","2179375141","0.25"
"2179375141","2158275487","0.25"
"2167075859","2179375141","0.25"
"2179375141","2167075859","0.25"
"1503770809","2109807565","0.5"
"2109807565","1503770809","0.5"
"1503770809","2131229871","0.5"
"2131229871","1503770809","0.5"
"2109807565","2131229871","2.49627"
"2131229871","2109807565","2.49627"
"1503770809","1748952676","1.58333"
"1748952676","1503770809","1.58333"
"1503770809","2169523126","1.58333"
"2169523126","1503770809","1.58333"
"1748952676","2169523126","7.08333"
"2169523126","1748952676","7.08333"
"1503770809","2049795041","0.25"
"2049795041","1503770809","0.25"
"1503770809","2423036951","0.25"
"2423036951","1503770809","0.25"
"1748952676","2049795041","0.25"
"2049795041","1748952676","0.25"
"1748952676","2423036951","0.25"
"2423036951","1748952676","0.25"
"2049795041","2169523126","0.25"
"2169523126","2049795041","0.25"
"2049795041","2423036951","0.25"
"2423036951","2049795041","0.25"
"2169523126","2423036951","0.25"
"2423036951","2169523126","0.25"
"1503770809","2153626076","0.333333"
"2153626076","1503770809","0.333333"
"1748952676","2153626076","0.833333"
"2153626076","1748952676","0.833333"
"2153626076","2169523126","2.33333"
"2169523126","2153626076","2.33333"
"1515821046","1838736559","0.25"
"1838736559","1515821046","0.25"
"1515821046","1976137385","0.25"
"1976137385","1515821046","0.25"
"1515821046","2034813907","0.25"
"2034813907","1515821046","0.25"
"1515821046","2131229871","0.25"
"2131229871","1515821046","0.25"
"1838736559","1976137385","0.75"
"1976137385","1838736559","0.75"
"1838736559","2131229871","0.333333"
"2131229871","1838736559","0.333333"
"1976137385","2034813907","0.25"
"2034813907","1976137385","0.25"
"1976137385","2131229871","0.644023"
"2131229871","1976137385","0.644023"
"2034813907","2131229871","0.25"
"2131229871","2034813907","0.25"
"1515821046","1793882927","1"
"1793882927","1515821046","1"
"1515821046","2166428556","1"
"2166428556","1515821046","1"
"1515821046","2055259555","1"
"2055259555","1515821046","1"
"1519656996","154590231","0.6"
"154590231","1519656996","0.6"
"1519656996","1973648822","0.6"
"1973648822","1519656996","0.6"
"154590231","1973648822","1.24583"
"1973648822","154590231","1.24583"
"1519656996","1932171087","0.1"
"1932171087","1519656996","0.1"
"1519656996","1972976090","0.1"
"1972976090","1519656996","0.1"
"1519656996","2015175744","0.1"
"2015175744","1519656996","0.1"
"1519656996","2085546155","0.1"
"2085546155","1519656996","0.1"
"1519656996","2109807565","0.1"
"2109807565","1519656996","0.1"
"1519656996","2113798119","0.1"
"2113798119","1519656996","0.1"
"1519656996","2125054766","0.1"
"2125054766","1519656996","0.1"
"1519656996","2131229871","0.1"
"2131229871","1519656996","0.1"
"154590231","1932171087","0.661111"
"1932171087","154590231","0.661111"
"154590231","1972976090","0.1625"
"1972976090","154590231","0.1625"
"154590231","2015175744","0.1"
"2015175744","154590231","0.1"
"154590231","2085546155","0.35"
"2085546155","154590231","0.35"
"154590231","2109807565","0.211111"
"2109807565","154590231","0.211111"
"154590231","2113798119","0.3"
"2113798119","154590231","0.3"
"154590231","2125054766","0.1625"
"2125054766","154590231","0.1625"
"154590231","2131229871","0.433333"
"2131229871","154590231","0.433333"
"1932171087","1972976090","4.38942"
"1972976090","1932171087","4.38942"
"1932171087","1973648822","2.74359"
"1973648822","1932171087","2.74359"
"1932171087","2015175744","1.65417"
"2015175744","1932171087","1.65417"
"1932171087","2085546155","3.08109"
"2085546155","1932171087","3.08109"
"1932171087","2109807565","2.94444"
"2109807565","1932171087","2.94444"
"1932171087","2113798119","2.14583"
"2113798119","1932171087","2.14583"
"1932171087","2125054766","2.22276"
"2125054766","1932171087","2.22276"
"1932171087","2131229871","1.36026"
"2131229871","1932171087","1.36026"
"1972976090","1973648822","2.30609"
"1973648822","1972976090","2.30609"
"1972976090","2015175744","1.85417"
"2015175744","1972976090","1.85417"
"1972976090","2085546155","1.08109"
"2085546155","1972976090","1.08109"
"1972976090","2109807565","1.78333"
"2109807565","1972976090","1.78333"
"1972976090","2113798119","2.14583"
"2113798119","1972976090","2.14583"
"1972976090","2125054766","2.48526"
"2125054766","1972976090","2.48526"
"1972976090","2131229871","0.610256"
"2131229871","1972976090","0.610256"
"1973648822","2015175744","0.508333"
"2015175744","1973648822","0.508333"
"1973648822","2085546155","0.851923"
"2085546155","1973648822","0.851923"
"1973648822","2109807565","2.48674"
"2109807565","1973648822","2.48674"
"1973648822","2113798119","0.383333"
"2113798119","1973648822","0.383333"
"1973648822","2125054766","2.45192"
"2125054766","1973648822","2.45192"
"1973648822","2131229871","1.63033"
"2131229871","1973648822","1.63033"
"2015175744","2085546155","0.679167"
"2085546155","2015175744","0.679167"
"2015175744","2109807565","1.625"
"2109807565","2015175744","1.625"
"2015175744","2113798119","2.14583"
"2113798119","2015175744","2.14583"
"2015175744","2125054766","0.854167"
"2125054766","2015175744","0.854167"
"2015175744","2131229871","0.741667"
"2131229871","2015175744","0.741667"
"2085546155","2109807565","0.775"
"2109807565","2085546155","0.775"
"2085546155","2113798119","0.429167"
"2113798119","2085546155","0.429167"
"2085546155","2125054766","0.83109"
"2125054766","2085546155","0.83109"
"2085546155","2131229871","0.401923"
"2131229871","2085546155","0.401923"
"2109807565","2113798119","2.08333"
"2113798119","2109807565","2.08333"
"2109807565","2125054766","2.90536"
"2125054766","2109807565","2.90536"
"2113798119","2125054766","0.729167"
"2125054766","2113798119","0.729167"
"2113798119","2131229871","0.283333"
"2131229871","2113798119","0.283333"
"2125054766","2131229871","0.73228"
"2131229871","2125054766","0.73228"
"1522784375","1568351876","0.833333"
"1568351876","1522784375","0.833333"
"1522784375","2012964802","0.833333"
"2012964802","1522784375","0.833333"
"1568351876","2012964802","3.61859"
"2012964802","1568351876","3.61859"
"1522784375","2169076851","0.333333"
"2169076851","1522784375","0.333333"
"1568351876","2169076851","0.333333"
"2169076851","1568351876","0.333333"
"2012964802","2169076851","0.416667"
"2169076851","2012964802","0.416667"
"1522784375","2119204852","1"
"2119204852","1522784375","1"
"1530466157","2132224358","3.97319"
"2132224358","1530466157","3.97319"
"1530466157","154590231","0.7625"
"154590231","1530466157","0.7625"
"1530466157","1558794439","0.283333"
"1558794439","1530466157","0.283333"
"1530466157","1932171087","0.276923"
"1932171087","1530466157","0.276923"
"1530466157","2113798119","0.2"
"2113798119","1530466157","0.2"
"154590231","1558794439","0.2"
"1558794439","154590231","0.2"
"154590231","2132224358","0.311111"
"2132224358","154590231","0.311111"
"1558794439","1932171087","0.2"
"1932171087","1558794439","0.2"
"1558794439","2113798119","0.2"
"2113798119","1558794439","0.2"
"1558794439","2132224358","0.2"
"2132224358","1558794439","0.2"
"1932171087","2132224358","0.388034"
"2132224358","1932171087","0.388034"
"2113798119","2132224358","0.2"
"2132224358","2113798119","0.2"
"1530466157","1971509121","2.44627"
"1971509121","1530466157","2.44627"
"1530466157","1973648822","0.942832"
"1973648822","1530466157","0.942832"
"1530466157","2092704925","1.08033"
"2092704925","1530466157","1.08033"
"1530466157","2131229871","0.513665"
"2131229871","1530466157","0.513665"
"1530466157","2148007729","0.963665"
"2148007729","1530466157","0.963665"
"1971509121","1973648822","1.27008"
"1973648822","1971509121","1.27008"
"1971509121","2092704925","1.58119"
"2092704925","1971509121","1.58119"
"1971509121","2131229871","0.436742"
"2131229871","1971509121","0.436742"
"1971509121","2148007729","8.58674"
"2148007729","1971509121","8.58674"
"1973648822","2092704925","7.647"
"2092704925","1973648822","7.647"
"1973648822","2148007729","0.846999"
"2148007729","1973648822","0.846999"
"2092704925","2131229871","0.930332"
"2131229871","2092704925","0.930332"
"2092704925","2148007729","1.047"
"2148007729","2092704925","1.047"
"2131229871","2148007729","0.430332"
"2148007729","2131229871","0.430332"
"1530466157","1976137385","0.956523"
"1976137385","1530466157","0.956523"
"154590231","1976137385","0.5625"
"1976137385","154590231","0.5625"
"1530466157","1895120627","1.53869"
"1895120627","1530466157","1.53869"
"1530466157","1909595960","1.20536"
"1909595960","1530466157","1.20536"
"1530466157","2012964802","1.88569"
"2012964802","1530466157","1.88569"
"1530466157","2137252079","1.03869"
"2137252079","1530466157","1.03869"
"1895120627","1909595960","0.342857"
"1909595960","1895120627","0.342857"
"1895120627","1971509121","0.842857"
"1971509121","1895120627","0.842857"
"1895120627","1976137385","1.53869"
"1976137385","1895120627","1.53869"
"1895120627","2012964802","0.53869"
"2012964802","1895120627","0.53869"
"1895120627","2132224358","0.142857"
"2132224358","1895120627","0.142857"
"1909595960","1971509121","14.0498"
"1971509121","1909595960","14.0498"
"1909595960","1976137385","0.342857"
"1976137385","1909595960","0.342857"
"1909595960","2012964802","0.316468"
"2012964802","1909595960","0.316468"
"1909595960","2132224358","0.316468"
"2132224358","1909595960","0.316468"
"1909595960","2137252079","0.142857"
"2137252079","1909595960","0.142857"
"1971509121","1976137385","0.5171"
"1976137385","1971509121","0.5171"
"1971509121","2012964802","5.4669"
"2012964802","1971509121","5.4669"
"1971509121","2132224358","0.407377"
"2132224358","1971509121","0.407377"
"1971509121","2137252079","0.285714"
"2137252079","1971509121","0.285714"
"1976137385","2012964802","1.93271"
"2012964802","1976137385","1.93271"
"1976137385","2132224358","0.310689"
"2132224358","1976137385","0.310689"
"1976137385","2137252079","0.681548"
"2137252079","1976137385","0.681548"
"2012964802","2132224358","0.6843"
"2132224358","2012964802","0.6843"
"2012964802","2137252079","0.991071"
"2137252079","2012964802","0.991071"
"2132224358","2137252079","0.142857"
"2137252079","2132224358","0.142857"
"1530466157","1793882927","0.229167"
"1793882927","1530466157","0.229167"
"1530466157","2098169977","0.742832"
"2098169977","1530466157","0.742832"
"1793882927","1971509121","0.229167"
"1971509121","1793882927","0.229167"
"1793882927","1973648822","0.395833"
"1973648822","1793882927","0.395833"
"1793882927","2012964802","0.625"
"2012964802","1793882927","0.625"
"1793882927","2092704925","0.229167"
"2092704925","1793882927","0.229167"
"1793882927","2098169977","0.291667"
"2098169977","1793882927","0.291667"
"1971509121","2098169977","3.49785"
"2098169977","1971509121","3.49785"
"1973648822","2012964802","5.4095"
"2012964802","1973648822","5.4095"
"1973648822","2098169977","1.29283"
"2098169977","1973648822","1.29283"
"2012964802","2092704925","1.62478"
"2092704925","2012964802","1.62478"
"2012964802","2098169977","3.27597"
"2098169977","2012964802","3.27597"
"2092704925","2098169977","1.54144"
"2098169977","2092704925","1.54144"
"1530466157","2109807565","0.236742"
"2109807565","1530466157","0.236742"
"1530466157","2112238703","0.553409"
"2112238703","1530466157","0.553409"
"1971509121","2109807565","0.76452"
"2109807565","1971509121","0.76452"
"1971509121","2112238703","1.68674"
"2112238703","1971509121","1.68674"
"1973648822","1976137385","0.646999"
"1976137385","1973648822","0.646999"
"1973648822","2112238703","0.353409"
"2112238703","1973648822","0.353409"
"1973648822","2132224358","0.430332"
"2132224358","1973648822","0.430332"
"1976137385","2092704925","0.584499"
"2092704925","1976137385","0.584499"
"1976137385","2098169977","0.456523"
"2098169977","1976137385","0.456523"
"1976137385","2109807565","0.3171"
"2109807565","1976137385","0.3171"
"1976137385","2112238703","0.0909091"
"2112238703","1976137385","0.0909091"
"1976137385","2148007729","0.167832"
"2148007729","1976137385","0.167832"
"2012964802","2109807565","0.990711"
"2109807565","2012964802","0.990711"
"2012964802","2112238703","2.35341"
"2112238703","2012964802","2.35341"
"2012964802","2131229871","0.539856"
"2131229871","2012964802","0.539856"
"2012964802","2148007729","1.647"
"2148007729","2012964802","1.647"
"2092704925","2109807565","1.69785"
"2109807565","2092704925","1.69785"
"2092704925","2112238703","0.553409"
"2112238703","2092704925","0.553409"
"2092704925","2132224358","0.541443"
"2132224358","2092704925","0.541443"
"2098169977","2109807565","1.24071"
"2109807565","2098169977","1.24071"
"2098169977","2112238703","0.353409"
"2112238703","2098169977","0.353409"
"2098169977","2131229871","0.539856"
"2131229871","2098169977","0.539856"
"2098169977","2132224358","0.591443"
"2132224358","2098169977","0.591443"
"2098169977","2148007729","1.96367"
"2148007729","2098169977","1.96367"
"2109807565","2112238703","0.153409"
"2112238703","2109807565","0.153409"
"2109807565","2132224358","1.51452"
"2132224358","2109807565","1.51452"
"2109807565","2148007729","0.570076"
"2148007729","2109807565","0.570076"
"2112238703","2131229871","0.153409"
"2131229871","2112238703","0.153409"
"2112238703","2132224358","0.353409"
"2132224358","2112238703","0.353409"
"2112238703","2148007729","0.686742"
"2148007729","2112238703","0.686742"
"2131229871","2132224358","0.230332"
"2132224358","2131229871","0.230332"
"2132224358","2148007729","0.230332"
"2148007729","2132224358","0.230332"
"1530466157","1568351876","0.222756"
"1568351876","1530466157","0.222756"
"1530466157","1837738486","0.345833"
"1837738486","1530466157","0.345833"
"1530466157","1955813693","0.0625"
"1955813693","1530466157","0.0625"
"1530466157","1972976090","0.139423"
"1972976090","1530466157","0.139423"
"1530466157","2016768375","0.125"
"2016768375","1530466157","0.125"
"1530466157","2026863370","0.0625"
"2026863370","1530466157","0.0625"
"1530466157","2121382017","0.0625"
"2121382017","1530466157","0.0625"
"1530466157","2125054766","0.201923"
"2125054766","1530466157","0.201923"
"1530466157","2179375141","0.145833"
"2179375141","1530466157","0.145833"
"154590231","1568351876","0.0625"
"1568351876","154590231","0.0625"
"154590231","1837738486","0.316468"
"1837738486","154590231","0.316468"
"154590231","1895120627","0.0625"
"1895120627","154590231","0.0625"
"154590231","1955813693","0.0625"
"1955813693","154590231","0.0625"
"154590231","2012964802","0.316468"
"2012964802","154590231","0.316468"
"154590231","2016768375","0.0625"
"2016768375","154590231","0.0625"
"154590231","2026863370","0.0625"
"2026863370","154590231","0.0625"
"154590231","2098169977","0.173611"
"2098169977","154590231","0.173611"
"154590231","2121382017","0.0625"
"2121382017","154590231","0.0625"
"154590231","2137252079","0.205357"
"2137252079","154590231","0.205357"
"154590231","2179375141","0.205357"
"2179375141","154590231","0.205357"
"1568351876","1837738486","0.145833"
"1837738486","1568351876","0.145833"
"1568351876","1895120627","0.0625"
"1895120627","1568351876","0.0625"
"1568351876","1955813693","0.0625"
"1955813693","1568351876","0.0625"
"1568351876","1972976090","0.201923"
"1972976090","1568351876","0.201923"
"1568351876","1973648822","1.22276"
"1973648822","1568351876","1.22276"
"1568351876","1976137385","0.222756"
"1976137385","1568351876","0.222756"
"1568351876","2016768375","0.0625"
"2016768375","1568351876","0.0625"
"1568351876","2026863370","1.625"
"2026863370","1568351876","1.625"
"1568351876","2098169977","0.285256"
"2098169977","1568351876","0.285256"
"1568351876","2121382017","0.0625"
"2121382017","1568351876","0.0625"
"1568351876","2125054766","0.201923"
"2125054766","1568351876","0.201923"
"1568351876","2137252079","0.0625"
"2137252079","1568351876","0.0625"
"1568351876","2179375141","0.145833"
"2179375141","1568351876","0.145833"
"1837738486","1895120627","0.0625"
"1895120627","1837738486","0.0625"
"1837738486","1955813693","0.0625"
"1955813693","1837738486","0.0625"
"1837738486","1972976090","0.0625"
"1972976090","1837738486","0.0625"
"1837738486","1973648822","0.145833"
"1973648822","1837738486","0.145833"
"1837738486","1976137385","0.345833"
"1976137385","1837738486","0.345833"
"1837738486","2012964802","0.733135"
"2012964802","1837738486","0.733135"
"1837738486","2016768375","0.595833"
"2016768375","1837738486","0.595833"
"1837738486","2026863370","0.0625"
"2026863370","1837738486","0.0625"
"1837738486","2098169977","0.256944"
"2098169977","1837738486","0.256944"
"1837738486","2121382017","0.0625"
"2121382017","1837738486","0.0625"
"1837738486","2125054766","0.0625"
"2125054766","1837738486","0.0625"
"1837738486","2137252079","1.20536"
"2137252079","1837738486","1.20536"
"1895120627","1955813693","0.0625"
"1955813693","1895120627","0.0625"
"1895120627","1972976090","0.0625"
"1972976090","1895120627","0.0625"
"1895120627","1973648822","0.0625"
"1973648822","1895120627","0.0625"
"1895120627","2016768375","0.2625"
"2016768375","1895120627","0.2625"
"1895120627","2026863370","0.5625"
"2026863370","1895120627","0.5625"
"1895120627","2098169977","0.2625"
"2098169977","1895120627","0.2625"
"1895120627","2121382017","0.0625"
"2121382017","1895120627","0.0625"
"1895120627","2125054766","0.0625"
"2125054766","1895120627","0.0625"
"1895120627","2179375141","0.395833"
"2179375141","1895120627","0.395833"
"1955813693","1972976090","0.0625"
"1972976090","1955813693","0.0625"
"1955813693","1973648822","0.0625"
"1973648822","1955813693","0.0625"
"1955813693","1976137385","0.0625"
"1976137385","1955813693","0.0625"
"1955813693","2012964802","0.0625"
"2012964802","1955813693","0.0625"
"1955813693","2016768375","0.0625"
"2016768375","1955813693","0.0625"
"1955813693","2026863370","1.5625"
"2026863370","1955813693","1.5625"
"1955813693","2098169977","0.0625"
"2098169977","1955813693","0.0625"
"1955813693","2121382017","1.0625"
"2121382017","1955813693","1.0625"
"1955813693","2125054766","0.0625"
"2125054766","1955813693","0.0625"
"1955813693","2137252079","0.0625"
"2137252079","1955813693","0.0625"
"1955813693","2179375141","0.0625"
"2179375141","1955813693","0.0625"
"1972976090","1976137385","0.139423"
"1976137385","1972976090","0.139423"
"1972976090","2012964802","0.285256"
"2012964802","1972976090","0.285256"
"1972976090","2016768375","0.0625"
"2016768375","1972976090","0.0625"
"1972976090","2026863370","0.125"
"2026863370","1972976090","0.125"
"1972976090","2098169977","0.285256"
"2098169977","1972976090","0.285256"
"1972976090","2121382017","0.0625"
"2121382017","1972976090","0.0625"
"1972976090","2137252079","0.0625"
"2137252079","1972976090","0.0625"
"1972976090","2179375141","0.0625"
"2179375141","1972976090","0.0625"
"1973648822","2016768375","0.125"
"2016768375","1973648822","0.125"
"1973648822","2026863370","0.0625"
"2026863370","1973648822","0.0625"
"1973648822","2121382017","0.0625"
"2121382017","1973648822","0.0625"
"1973648822","2137252079","0.0625"
"2137252079","1973648822","0.0625"
"1973648822","2179375141","0.145833"
"2179375141","1973648822","0.145833"
"1976137385","2016768375","0.2625"
"2016768375","1976137385","0.2625"
"1976137385","2026863370","0.0625"
"2026863370","1976137385","0.0625"
"1976137385","2121382017","0.0625"
"2121382017","1976137385","0.0625"
"1976137385","2125054766","0.28228"
"2125054766","1976137385","0.28228"
"1976137385","2179375141","0.679167"
"2179375141","1976137385","0.679167"
"2012964802","2016768375","0.125"
"2016768375","2012964802","0.125"
"2012964802","2026863370","1.45833"
"2026863370","2012964802","1.45833"
"2012964802","2121382017","0.5625"
"2121382017","2012964802","0.5625"
"2012964802","2125054766","0.40728"
"2125054766","2012964802","0.40728"
"2012964802","2179375141","0.28869"
"2179375141","2012964802","0.28869"
"2016768375","2026863370","0.0625"
"2026863370","2016768375","0.0625"
"2016768375","2098169977","0.325"
"2098169977","2016768375","0.325"
"2016768375","2121382017","0.0625"
"2121382017","2016768375","0.0625"
"2016768375","2125054766","0.125"
"2125054766","2016768375","0.125"
"2016768375","2137252079","0.0625"
"2137252079","2016768375","0.0625"
"2016768375","2179375141","0.2625"
"2179375141","2016768375","0.2625"
"2026863370","2098169977","0.125"
"2098169977","2026863370","0.125"
"2026863370","2121382017","2.0625"
"2121382017","2026863370","2.0625"
"2026863370","2125054766","0.125"
"2125054766","2026863370","0.125"
"2026863370","2137252079","0.5625"
"2137252079","2026863370","0.5625"
"2026863370","2179375141","0.0625"
"2179375141","2026863370","0.0625"
"2098169977","2121382017","0.0625"
"2121382017","2098169977","0.0625"
"2098169977","2125054766","0.65728"
"2125054766","2098169977","0.65728"
"2098169977","2137252079","0.205357"
"2137252079","2098169977","0.205357"
"2098169977","2179375141","0.145833"
"2179375141","2098169977","0.145833"
"2121382017","2125054766","0.0625"
"2125054766","2121382017","0.0625"
"2121382017","2137252079","0.0625"
"2137252079","2121382017","0.0625"
"2121382017","2179375141","0.0625"
"2179375141","2121382017","0.0625"
"2125054766","2137252079","0.205357"
"2137252079","2125054766","0.205357"
"2125054766","2179375141","0.0625"
"2179375141","2125054766","0.0625"
"2137252079","2179375141","0.53869"
"2179375141","2137252079","0.53869"
"1530466157","2134281598","0.0625"
"2134281598","1530466157","0.0625"
"1530466157","2423036951","0.2625"
"2423036951","1530466157","0.2625"
"1793882927","1909595960","0.0625"
"1909595960","1793882927","0.0625"
"1793882927","2016768375","0.0625"
"2016768375","1793882927","0.0625"
"1793882927","2109807565","0.0625"
"2109807565","1793882927","0.0625"
"1793882927","2112238703","0.0625"
"2112238703","1793882927","0.0625"
"1793882927","2125054766","0.125"
"2125054766","1793882927","0.125"
"1793882927","2131229871","0.0625"
"2131229871","1793882927","0.0625"
"1793882927","2132224358","0.0625"
"2132224358","1793882927","0.0625"
"1793882927","2134281598","0.0625"
"2134281598","1793882927","0.0625"
"1793882927","2148007729","0.0625"
"2148007729","1793882927","0.0625"
"1793882927","2423036951","0.0625"
"2423036951","1793882927","0.0625"
"1909595960","1973648822","0.0625"
"1973648822","1909595960","0.0625"
"1909595960","2016768375","0.9625"
"2016768375","1909595960","0.9625"
"1909595960","2092704925","0.173611"
"2092704925","1909595960","0.173611"
"1909595960","2098169977","0.373611"
"2098169977","1909595960","0.373611"
"1909595960","2109807565","0.173611"
"2109807565","1909595960","0.173611"
"1909595960","2112238703","0.395833"
"2112238703","1909595960","0.395833"
"1909595960","2125054766","0.0625"
"2125054766","1909595960","0.0625"
"1909595960","2131229871","0.0625"
"2131229871","1909595960","0.0625"
"1909595960","2134281598","0.0625"
"2134281598","1909595960","0.0625"
"1909595960","2148007729","1.09583"
"2148007729","1909595960","1.09583"
"1909595960","2423036951","0.0625"
"2423036951","1909595960","0.0625"
"1971509121","2016768375","1.29583"
"2016768375","1971509121","1.29583"
"1971509121","2125054766","0.0625"
"2125054766","1971509121","0.0625"
"1971509121","2134281598","0.0625"
"2134281598","1971509121","0.0625"
"1971509121","2423036951","0.205357"
"2423036951","1971509121","0.205357"
"1973648822","2134281598","0.0625"
"2134281598","1973648822","0.0625"
"1973648822","2423036951","0.0625"
"2423036951","1973648822","0.0625"
"2012964802","2134281598","0.0625"
"2134281598","2012964802","0.0625"
"2012964802","2423036951","0.205357"
"2423036951","2012964802","0.205357"
"2016768375","2092704925","0.0625"
"2092704925","2016768375","0.0625"
"2016768375","2109807565","0.0625"
"2109807565","2016768375","0.0625"
"2016768375","2112238703","0.0625"
"2112238703","2016768375","0.0625"
"2016768375","2131229871","0.0625"
"2131229871","2016768375","0.0625"
"2016768375","2132224358","0.0625"
"2132224358","2016768375","0.0625"
"2016768375","2134281598","0.0625"
"2134281598","2016768375","0.0625"
"2016768375","2148007729","0.595833"
"2148007729","2016768375","0.595833"
"2016768375","2423036951","0.0625"
"2423036951","2016768375","0.0625"
"2092704925","2125054766","0.739423"
"2125054766","2092704925","0.739423"
"2092704925","2134281598","0.0625"
"2134281598","2092704925","0.0625"
"2092704925","2423036951","0.0625"
"2423036951","2092704925","0.0625"
"2098169977","2134281598","0.0625"
"2134281598","2098169977","0.0625"
"2098169977","2423036951","0.0625"
"2423036951","2098169977","0.0625"
"2109807565","2134281598","0.0625"
"2134281598","2109807565","0.0625"
"2109807565","2423036951","0.0625"
"2423036951","2109807565","0.0625"
"2112238703","2125054766","0.0625"
"2125054766","2112238703","0.0625"
"2112238703","2134281598","0.0625"
"2134281598","2112238703","0.0625"
"2112238703","2423036951","0.0625"
"2423036951","2112238703","0.0625"
"2125054766","2132224358","0.389423"
"2132224358","2125054766","0.389423"
"2125054766","2134281598","0.0625"
"2134281598","2125054766","0.0625"
"2125054766","2148007729","0.139423"
"2148007729","2125054766","0.139423"
"2125054766","2423036951","0.0625"
"2423036951","2125054766","0.0625"
"2131229871","2134281598","0.0625"
"2134281598","2131229871","0.0625"
"2131229871","2423036951","0.0625"
"2423036951","2131229871","0.0625"
"2132224358","2134281598","0.0625"
"2134281598","2132224358","0.0625"
"2132224358","2423036951","0.2625"
"2423036951","2132224358","0.2625"
"2134281598","2148007729","0.0625"
"2148007729","2134281598","0.0625"
"2134281598","2423036951","0.0625"
"2423036951","2134281598","0.0625"
"2148007729","2423036951","0.0625"
"2423036951","2148007729","0.0625"
"1895120627","2148007729","0.533333"
"2148007729","1895120627","0.533333"
"2137252079","2148007729","0.333333"
"2148007729","2137252079","0.333333"
"1558794439","1568351876","0.0833333"
"1568351876","1558794439","0.0833333"
"1558794439","1837738486","0.0833333"
"1837738486","1558794439","0.0833333"
"1558794439","1971509121","0.0833333"
"1971509121","1558794439","0.0833333"
"1558794439","1973648822","0.0833333"
"1973648822","1558794439","0.0833333"
"1558794439","1976137385","0.0833333"
"1976137385","1558794439","0.0833333"
"1558794439","2012964802","0.0833333"
"2012964802","1558794439","0.0833333"
"1558794439","2092704925","0.0833333"
"2092704925","1558794439","0.0833333"
"1558794439","2098169977","0.0833333"
"2098169977","1558794439","0.0833333"
"1558794439","2109807565","0.0833333"
"2109807565","1558794439","0.0833333"
"1558794439","2131229871","0.0833333"
"2131229871","1558794439","0.0833333"
"1558794439","2179375141","0.0833333"
"2179375141","1558794439","0.0833333"
"1568351876","1971509121","0.0833333"
"1971509121","1568351876","0.0833333"
"1568351876","2092704925","0.160256"
"2092704925","1568351876","0.160256"
"1568351876","2109807565","0.0833333"
"2109807565","1568351876","0.0833333"
"1568351876","2131229871","0.160256"
"2131229871","1568351876","0.160256"
"1837738486","1971509121","1.20397"
"1971509121","1837738486","1.20397"
"1837738486","2092704925","0.194444"
"2092704925","1837738486","0.194444"
"1837738486","2109807565","0.194444"
"2109807565","1837738486","0.194444"
"1837738486","2131229871","0.0833333"
"2131229871","1837738486","0.0833333"
"1971509121","2179375141","0.42619"
"2179375141","1971509121","0.42619"
"2092704925","2179375141","0.0833333"
"2179375141","2092704925","0.0833333"
"2109807565","2179375141","0.0833333"
"2179375141","2109807565","0.0833333"
"2131229871","2179375141","0.0833333"
"2179375141","2131229871","0.0833333"
"1530466157","2520738984","0.2"
"2520738984","1530466157","0.2"
"1530466157","2521374369","0.2"
"2521374369","1530466157","0.2"
"1837738486","2132224358","1.31111"
"2132224358","1837738486","1.31111"
"1837738486","2423036951","0.842857"
"2423036951","1837738486","0.842857"
"1837738486","2520738984","0.2"
"2520738984","1837738486","0.2"
"1837738486","2521374369","0.2"
"2521374369","1837738486","0.2"
"2132224358","2520738984","0.2"
"2520738984","2132224358","0.2"
"2132224358","2521374369","1.45"
"2521374369","2132224358","1.45"
"2423036951","2520738984","0.2"
"2520738984","2423036951","0.2"
"2423036951","2521374369","0.2"
"2521374369","2423036951","0.2"
"2520738984","2521374369","0.2"
"2521374369","2520738984","0.2"
"1530466157","2085546155","0.0769231"
"2085546155","1530466157","0.0769231"
"1568351876","1932171087","0.139423"
"1932171087","1568351876","0.139423"
"1568351876","2085546155","0.139423"
"2085546155","1568351876","0.139423"
"1568351876","2132224358","0.0769231"
"2132224358","1568351876","0.0769231"
"1568351876","2148007729","0.0769231"
"2148007729","1568351876","0.0769231"
"1932171087","1976137385","0.0769231"
"1976137385","1932171087","0.0769231"
"1932171087","2012964802","2.33387"
"2012964802","1932171087","2.33387"
"1932171087","2092704925","0.788034"
"2092704925","1932171087","0.788034"
"1932171087","2098169977","0.333868"
"2098169977","1932171087","0.333868"
"1932171087","2148007729","0.0769231"
"2148007729","1932171087","0.0769231"
"1972976090","2092704925","0.426923"
"2092704925","1972976090","0.426923"
"1972976090","2132224358","0.0769231"
"2132224358","1972976090","0.0769231"
"1972976090","2148007729","0.0769231"
"2148007729","1972976090","0.0769231"
"1976137385","2085546155","0.0769231"
"2085546155","1976137385","0.0769231"
"2012964802","2085546155","0.139423"
"2085546155","2012964802","0.139423"
"2085546155","2092704925","0.326923"
"2092704925","2085546155","0.326923"
"2085546155","2098169977","0.139423"
"2098169977","2085546155","0.139423"
"2085546155","2132224358","0.0769231"
"2132224358","2085546155","0.0769231"
"2085546155","2148007729","0.0769231"
"2148007729","2085546155","0.0769231"
"1530466157","2123733721","1"
"2123733721","1530466157","1"
"1539662489","1895120627","1"
"1895120627","1539662489","1"
"1539662489","2131549776","1"
"2131549776","1539662489","1"
"1895120627","2131549776","1.5"
"2131549776","1895120627","1.5"
"1539662489","1976137385","0.5"
"1976137385","1539662489","0.5"
"1976137385","2131549776","1.5"
"2131549776","1976137385","1.5"
"1539662489","2137252079","0.5"
"2137252079","1539662489","0.5"
"154590231","2112238703","0.5"
"2112238703","154590231","0.5"
"154590231","2167075859","0.5"
"2167075859","154590231","0.5"
"2112238703","2167075859","0.5"
"2167075859","2112238703","0.5"
"154590231","2092704925","0.694444"
"2092704925","154590231","0.694444"
"154590231","1971509121","1.25397"
"1971509121","154590231","1.25397"
"154590231","2061068238","0.142857"
"2061068238","154590231","0.142857"
"154590231","2423036951","0.142857"
"2423036951","154590231","0.142857"
"1837738486","2061068238","0.142857"
"2061068238","1837738486","0.142857"
"1971509121","2061068238","0.142857"
"2061068238","1971509121","0.142857"
"2012964802","2061068238","2.03869"
"2061068238","2012964802","2.03869"
"2061068238","2137252079","0.642857"
"2137252079","2061068238","0.642857"
"2061068238","2179375141","0.142857"
"2179375141","2061068238","0.142857"
"2061068238","2423036951","1.14286"
"2423036951","2061068238","1.14286"
"2137252079","2423036951","1.64286"
"2423036951","2137252079","1.64286"
"2179375141","2423036951","0.642857"
"2423036951","2179375141","0.642857"
"154590231","1909595960","0.111111"
"1909595960","154590231","0.111111"
"1837738486","1909595960","0.311111"
"1909595960","1837738486","0.311111"
"1837738486","1932171087","0.111111"
"1932171087","1837738486","0.111111"
"1909595960","1932171087","0.111111"
"1932171087","1909595960","0.111111"
"1932171087","1971509121","0.111111"
"1971509121","1932171087","0.111111"
"1568351876","2069078661","2.0625"
"2069078661","1568351876","2.0625"
"1568351876","2151050273","1.5625"
"2151050273","1568351876","1.5625"
"2069078661","2151050273","4.5625"
"2151050273","2069078661","4.5625"
"1568351876","1994036560","0.333333"
"1994036560","1568351876","0.333333"
"1568351876","2074256460","0.333333"
"2074256460","1568351876","0.333333"
"1568351876","2158275487","0.333333"
"2158275487","1568351876","0.333333"
"1994036560","2074256460","6.08333"
"2074256460","1994036560","6.08333"
"1994036560","2158275487","0.333333"
"2158275487","1994036560","0.333333"
"2074256460","2158275487","0.333333"
"2158275487","2074256460","0.333333"
"1568351876","2594063224","1.0625"
"2594063224","1568351876","1.0625"
"1973648822","2594063224","0.5"
"2594063224","1973648822","0.5"
"1568351876","2150375884","0.5"
"2150375884","1568351876","0.5"
"1568351876","1793882927","0.0625"
"1793882927","1568351876","0.0625"
"1568351876","2015175744","0.0625"
"2015175744","1568351876","0.0625"
"1568351876","2061068238","0.0625"
"2061068238","1568351876","0.0625"
"1568351876","2113798119","0.0625"
"2113798119","1568351876","0.0625"
"1568351876","2123733721","0.0625"
"2123733721","1568351876","0.0625"
"1568351876","2134282067","0.0625"
"2134282067","1568351876","0.0625"
"1793882927","1932171087","0.229167"
"1932171087","1793882927","0.229167"
"1793882927","1972976090","0.229167"
"1972976090","1793882927","0.229167"
"1793882927","2015175744","0.0625"
"2015175744","1793882927","0.0625"
"1793882927","2026863370","0.5625"
"2026863370","1793882927","0.5625"
"1793882927","2061068238","0.5625"
"2061068238","1793882927","0.5625"
"1793882927","2069078661","0.0625"
"2069078661","1793882927","0.0625"
"1793882927","2085546155","0.0625"
"2085546155","1793882927","0.0625"
"1793882927","2113798119","0.0625"
"2113798119","1793882927","0.0625"
"1793882927","2123733721","0.0625"
"2123733721","1793882927","0.0625"
"1793882927","2134282067","0.0625"
"2134282067","1793882927","0.0625"
"1793882927","2151050273","0.0625"
"2151050273","1793882927","0.0625"
"1793882927","2594063224","0.0625"
"2594063224","1793882927","0.0625"
"1932171087","2026863370","0.0625"
"2026863370","1932171087","0.0625"
"1932171087","2061068238","0.479167"
"2061068238","1932171087","0.479167"
"1932171087","2069078661","0.1625"
"2069078661","1932171087","0.1625"
"1932171087","2123733721","0.0625"
"2123733721","1932171087","0.0625"
"1932171087","2134282067","0.720833"
"2134282067","1932171087","0.720833"
"1932171087","2151050273","1.3125"
"2151050273","1932171087","1.3125"
"1932171087","2594063224","0.0625"
"2594063224","1932171087","0.0625"
"1972976090","2061068238","0.229167"
"2061068238","1972976090","0.229167"
"1972976090","2069078661","0.1625"
"2069078661","1972976090","0.1625"
"1972976090","2123733721","0.0625"
"2123733721","1972976090","0.0625"
"1972976090","2134282067","0.920833"
"2134282067","1972976090","0.920833"
"1972976090","2151050273","0.0625"
"2151050273","1972976090","0.0625"
"1972976090","2594063224","0.0625"
"2594063224","1972976090","0.0625"
"2012964802","2015175744","0.145833"
"2015175744","2012964802","0.145833"
"2012964802","2069078661","0.205357"
"2069078661","2012964802","0.205357"
"2012964802","2113798119","0.645833"
"2113798119","2012964802","0.645833"
"2012964802","2123733721","0.0625"
"2123733721","2012964802","0.0625"
"2012964802","2134282067","0.0625"
"2134282067","2012964802","0.0625"
"2012964802","2151050273","0.0625"
"2151050273","2012964802","0.0625"
"2012964802","2594063224","1.39583"
"2594063224","2012964802","1.39583"
"2015175744","2026863370","0.0625"
"2026863370","2015175744","0.0625"
"2015175744","2061068238","0.0625"
"2061068238","2015175744","0.0625"
"2015175744","2069078661","0.495833"
"2069078661","2015175744","0.495833"
"2015175744","2098169977","0.145833"
"2098169977","2015175744","0.145833"
"2015175744","2123733721","0.0625"
"2123733721","2015175744","0.0625"
"2015175744","2134282067","0.754167"
"2134282067","2015175744","0.754167"
"2015175744","2151050273","0.0625"
"2151050273","2015175744","0.0625"
"2015175744","2594063224","0.0625"
"2594063224","2015175744","0.0625"
"2026863370","2061068238","0.0625"
"2061068238","2026863370","0.0625"
"2026863370","2069078661","0.5625"
"2069078661","2026863370","0.5625"
"2026863370","2085546155","0.0625"
"2085546155","2026863370","0.0625"
"2026863370","2113798119","0.0625"
"2113798119","2026863370","0.0625"
"2026863370","2123733721","0.0625"
"2123733721","2026863370","0.0625"
"2026863370","2134282067","0.0625"
"2134282067","2026863370","0.0625"
"2026863370","2151050273","0.0625"
"2151050273","2026863370","0.0625"
"2026863370","2594063224","0.0625"
"2594063224","2026863370","0.0625"
"2061068238","2069078661","0.0625"
"2069078661","2061068238","0.0625"
"2061068238","2085546155","0.3125"
"2085546155","2061068238","0.3125"
"2061068238","2098169977","0.0625"
"2098169977","2061068238","0.0625"
"2061068238","2113798119","0.0625"
"2113798119","2061068238","0.0625"
"2061068238","2123733721","0.0625"
"2123733721","2061068238","0.0625"
"2061068238","2125054766","0.0625"
"2125054766","2061068238","0.0625"
"2061068238","2134282067","0.0625"
"2134282067","2061068238","0.0625"
"2061068238","2151050273","0.3125"
"2151050273","2061068238","0.3125"
"2061068238","2594063224","0.0625"
"2594063224","2061068238","0.0625"
"2069078661","2085546155","0.0625"
"2085546155","2069078661","0.0625"
"2069078661","2098169977","0.205357"
"2098169977","2069078661","0.205357"
"2069078661","2113798119","0.1625"
"2113798119","2069078661","0.1625"
"2069078661","2123733721","0.0625"
"2123733721","2069078661","0.0625"
