"1512698516","1529427704","1.3"
"1529427704","1512698516","1.3"
"1512698516","1984295127","0.8"
"1984295127","1512698516","0.8"
"1512698516","1994933468","1.76667"
"1994933468","1512698516","1.76667"
"1512698516","1996126974","0.6"
"1996126974","1512698516","0.6"
"1512698516","2093369250","2.96667"
"2093369250","1512698516","2.96667"
"1529427704","1984295127","3.38333"
"1984295127","1529427704","3.38333"
"1529427704","1994933468","0.6"
"1994933468","1529427704","0.6"
"1529427704","1996126974","1.6"
"1996126974","1529427704","1.6"
"1529427704","2093369250","1.3"
"2093369250","1529427704","1.3"
"1984295127","1994933468","1.1"
"1994933468","1984295127","1.1"
"1984295127","1996126974","1.76667"
"1996126974","1984295127","1.76667"
"1984295127","2093369250","2.3"
"2093369250","1984295127","2.3"
"1994933468","1996126974","0.4"
"1996126974","1994933468","0.4"
"1994933468","2093369250","3.6"
"2093369250","1994933468","3.6"
"1996126974","2093369250","0.6"
"2093369250","1996126974","0.6"
"1512698516","2063014766","0.833333"
"2063014766","1512698516","0.833333"
"2063014766","2093369250","8.66667"
"2093369250","2063014766","8.66667"
"1512698516","2113397233","2.33333"
"2113397233","1512698516","2.33333"
"1994933468","2113397233","0.333333"
"2113397233","1994933468","0.333333"
"2093369250","2113397233","0.333333"
"2113397233","2093369250","0.333333"
"1512698516","2135889878","1"
"2135889878","1512698516","1"
"1512698516","1971845537","1.4"
"1971845537","1512698516","1.4"
"1529427704","1971845537","0.733333"
"1971845537","1529427704","0.733333"
"1971845537","1984295127","1.06667"
"1984295127","1971845537","1.06667"
"1971845537","1996126974","1.06667"
"1996126974","1971845537","1.06667"
"1971845537","2093369250","0.733333"
"2093369250","1971845537","0.733333"
"1971845537","1994933468","0.533333"
"1994933468","1971845537","0.533333"
"1994933468","2063014766","1.66667"
"2063014766","1994933468","1.66667"
"1529427704","2135889878","0.333333"
"2135889878","1529427704","0.333333"
"1971845537","2135889878","0.866667"
"2135889878","1971845537","0.866667"
"1984295127","2135889878","0.5"
"2135889878","1984295127","0.5"
"1529427704","1767411849","0.75"
"1767411849","1529427704","0.75"
"1529427704","2011560024","0.25"
"2011560024","1529427704","0.25"
"1529427704","2085111352","0.25"
"2085111352","1529427704","0.25"
"1767411849","1984295127","0.25"
"1984295127","1767411849","0.25"
"1767411849","2011560024","0.416667"
"2011560024","1767411849","0.416667"
"1767411849","2085111352","0.25"
"2085111352","1767411849","0.25"
"1984295127","2011560024","0.583333"
"2011560024","1984295127","0.583333"
"1984295127","2085111352","11.0833"
"2085111352","1984295127","11.0833"
"2011560024","2085111352","0.583333"
"2085111352","2011560024","0.583333"
"1529427704","2016042910","0.5"
"2016042910","1529427704","0.5"
"1767411849","2016042910","7.33333"
"2016042910","1767411849","7.33333"
"1545037611","202036466","2"
"202036466","1545037611","2"
"1545037611","1766620087","1.47619"
"1766620087","1545037611","1.47619"
"1545037611","2011560024","2.14286"
"2011560024","1545037611","2.14286"
"1766620087","2011560024","1.14286"
"2011560024","1766620087","1.14286"
"1545037611","1984295127","0.333333"
"1984295127","1545037611","0.333333"
"1545037611","1996126974","0.333333"
"1996126974","1545037611","0.333333"
"1766620087","1984295127","0.333333"
"1984295127","1766620087","0.333333"
"1766620087","1996126974","0.333333"
"1996126974","1766620087","0.333333"
"1545037611","1578467883","0.142857"
"1578467883","1545037611","0.142857"
"1545037611","2004785951","0.142857"
"2004785951","1545037611","0.142857"
"1545037611","2087898817","0.142857"
"2087898817","1545037611","0.142857"
"1545037611","2135889878","0.142857"
"2135889878","1545037611","0.142857"
"1545037611","2157087390","0.142857"
"2157087390","1545037611","0.142857"
"1578467883","1766620087","0.142857"
"1766620087","1578467883","0.142857"
"1578467883","2004785951","0.842857"
"2004785951","1578467883","0.842857"
"1578467883","2011560024","0.542857"
"2011560024","1578467883","0.542857"
"1578467883","2087898817","2.15952"
"2087898817","1578467883","2.15952"
"1578467883","2135889878","1.82619"
"2135889878","1578467883","1.82619"
"1578467883","2157087390","1.95952"
"2157087390","1578467883","1.95952"
"1766620087","2004785951","0.142857"
"2004785951","1766620087","0.142857"
"1766620087","2087898817","0.142857"
"2087898817","1766620087","0.142857"
"1766620087","2135889878","0.142857"
"2135889878","1766620087","0.142857"
"1766620087","2157087390","0.142857"
"2157087390","1766620087","0.142857"
"2004785951","2011560024","0.342857"
"2011560024","2004785951","0.342857"
"2004785951","2087898817","0.842857"
"2087898817","2004785951","0.842857"
"2004785951","2135889878","0.342857"
"2135889878","2004785951","0.342857"
"2004785951","2157087390","0.142857"
"2157087390","2004785951","0.142857"
"2011560024","2087898817","0.342857"
"2087898817","2011560024","0.342857"
"2011560024","2135889878","0.509524"
"2135889878","2011560024","0.509524"
"2011560024","2157087390","1.50952"
"2157087390","2011560024","1.50952"
"2087898817","2135889878","2.15952"
"2135889878","2087898817","2.15952"
"2087898817","2157087390","1.25952"
"2157087390","2087898817","1.25952"
"2135889878","2157087390","2.67619"
"2157087390","2135889878","2.67619"
"1551438051","2087898817","1.36667"
"2087898817","1551438051","1.36667"
"1551438051","2135889878","1.03333"
"2135889878","1551438051","1.03333"
"1551438051","1578467883","0.733333"
"1578467883","1551438051","0.733333"
"1551438051","2011560024","0.4"
"2011560024","1551438051","0.4"
"1551438051","2016042910","1.53333"
"2016042910","1551438051","1.53333"
"1551438051","2134136095","0.2"
"2134136095","1551438051","0.2"
"1551438051","2157087390","0.533333"
"2157087390","1551438051","0.533333"
"1578467883","2016042910","1.4"
"2016042910","1578467883","1.4"
"1578467883","2134136095","0.2"
"2134136095","1578467883","0.2"
"2011560024","2016042910","0.366667"
"2016042910","2011560024","0.366667"
"2011560024","2134136095","0.366667"
"2134136095","2011560024","0.366667"
"2016042910","2134136095","0.366667"
"2134136095","2016042910","0.366667"
"2016042910","2157087390","2.48333"
"2157087390","2016042910","2.48333"
"2134136095","2157087390","0.366667"
"2157087390","2134136095","0.366667"
"1551438051","2004785951","0.2"
"2004785951","1551438051","0.2"
"2016042910","2087898817","2.36667"
"2087898817","2016042910","2.36667"
"1551438051","1996126974","1"
"1996126974","1551438051","1"
"1567628920","2075304279","0.833333"
"2075304279","1567628920","0.833333"
"1567628920","2104151485","0.833333"
"2104151485","1567628920","0.833333"
"2075304279","2104151485","1.83333"
"2104151485","2075304279","1.83333"
"1567628920","2011560024","1.33333"
"2011560024","1567628920","1.33333"
"2011560024","2075304279","1.33333"
"2075304279","2011560024","1.33333"
"2011560024","2104151485","0.333333"
"2104151485","2011560024","0.333333"
"1567628920","2087898817","1"
"2087898817","1567628920","1"
"1567628920","2157087390","1"
"2157087390","1567628920","1"
"1578467883","1996126974","1.15"
"1996126974","1578467883","1.15"
"1996126974","2087898817","0.983333"
"2087898817","1996126974","0.983333"
"1996126974","2135889878","5.48333"
"2135889878","1996126974","5.48333"
"1996126974","2157087390","1.11667"
"2157087390","1996126974","1.11667"
"1578467883","1984295127","0.166667"
"1984295127","1578467883","0.166667"
"1578467883","2085111352","0.166667"
"2085111352","1578467883","0.166667"
"1578467883","2113397233","0.366667"
"2113397233","1578467883","0.366667"
"1984295127","2113397233","0.166667"
"2113397233","1984295127","0.166667"
"1984295127","2157087390","0.166667"
"2157087390","1984295127","0.166667"
"1996126974","2085111352","0.833333"
"2085111352","1996126974","0.833333"
"1996126974","2113397233","1.53333"
"2113397233","1996126974","1.53333"
"2085111352","2113397233","0.166667"
"2113397233","2085111352","0.166667"
"2085111352","2135889878","0.166667"
"2135889878","2085111352","0.166667"
"2085111352","2157087390","0.166667"
"2157087390","2085111352","0.166667"
"2113397233","2135889878","1.2"
"2135889878","2113397233","1.2"
"2113397233","2157087390","0.166667"
"2157087390","2113397233","0.166667"
"1578467883","1971845537","0.2"
"1971845537","1578467883","0.2"
"1971845537","2087898817","0.2"
"2087898817","1971845537","0.2"
"1971845537","2113397233","0.533333"
"2113397233","1971845537","0.533333"
"2087898817","2113397233","0.2"
"2113397233","2087898817","0.2"
"1996126974","2016042910","0.533333"
"2016042910","1996126974","0.533333"
"2016042910","2135889878","0.616667"
"2135889878","2016042910","0.616667"
"1766620087","202036466","1"
"202036466","1766620087","1"
"1767411849","2157087390","1.5"
"2157087390","1767411849","1.5"
"1767411849","1971845537","0.5"
"1971845537","1767411849","0.5"
"1971845537","2016042910","0.5"
"2016042910","1971845537","0.5"
"1767411849","2087898817","1.83333"
"2087898817","1767411849","1.83333"
"1767411849","2093369250","0.166667"
"2093369250","1767411849","0.166667"
"1767411849","2134136095","0.166667"
"2134136095","1767411849","0.166667"
"1767411849","2135889878","0.166667"
"2135889878","1767411849","0.166667"
"2011560024","2093369250","0.166667"
"2093369250","2011560024","0.166667"
"2016042910","2093369250","0.916667"
"2093369250","2016042910","0.916667"
"2093369250","2134136095","0.166667"
"2134136095","2093369250","0.166667"
"2093369250","2135889878","1.41667"
"2135889878","2093369250","1.41667"
"2093369250","2157087390","1.41667"
"2157087390","2093369250","1.41667"
"2134136095","2135889878","0.166667"
"2135889878","2134136095","0.166667"
"1767411849","1996126974","0.333333"
"1996126974","1767411849","0.333333"
"1767411849","2113397233","0.333333"
"2113397233","1767411849","0.333333"
"2016042910","2113397233","0.333333"
"2113397233","2016042910","0.333333"
"1971845537","2085111352","0.333333"
"2085111352","1971845537","0.333333"
"1971845537","2063014766","0.333333"
"2063014766","1971845537","0.333333"
"1996126974","2011560024","0.333333"
"2011560024","1996126974","0.333333"
"2016042910","2075304279","0.25"
"2075304279","2016042910","0.25"
"2075304279","2093369250","0.25"
"2093369250","2075304279","0.25"
"2075304279","2135889878","0.25"
"2135889878","2075304279","0.25"
"2075304279","2157087390","0.25"
"2157087390","2075304279","0.25"
"2016042910","2063014766","0.5"
"2063014766","2016042910","0.5"
"2087898817","2093369250","1"
"2093369250","2087898817","1"
