"1493574990","1534578713","0.0909091"
"1534578713","1493574990","0.0909091"
"1493574990","1546413457","0.0909091"
"1546413457","1493574990","0.0909091"
"1493574990","1590501153","0.715909"
"1590501153","1493574990","0.715909"
"1493574990","2000417180","0.0909091"
"2000417180","1493574990","0.0909091"
"1493574990","2072440907","0.0909091"
"2072440907","1493574990","0.0909091"
"1493574990","2103687844","0.0909091"
"2103687844","1493574990","0.0909091"
"1493574990","2117609677","0.0909091"
"2117609677","1493574990","0.0909091"
"1493574990","2130888794","0.0909091"
"2130888794","1493574990","0.0909091"
"1493574990","2151335884","1.09091"
"2151335884","1493574990","1.09091"
"1493574990","2161413454","0.215909"
"2161413454","1493574990","0.215909"
"1493574990","2187359674","1.21591"
"2187359674","1493574990","1.21591"
"1534578713","1546413457","0.0909091"
"1546413457","1534578713","0.0909091"
"1534578713","1590501153","0.233766"
"1590501153","1534578713","0.233766"
"1534578713","2000417180","0.0909091"
"2000417180","1534578713","0.0909091"
"1534578713","2072440907","0.0909091"
"2072440907","1534578713","0.0909091"
"1534578713","2103687844","0.233766"
"2103687844","1534578713","0.233766"
"1534578713","2117609677","1.23377"
"2117609677","1534578713","1.23377"
"1534578713","2130888794","0.233766"
"2130888794","1534578713","0.233766"
"1534578713","2151335884","0.0909091"
"2151335884","1534578713","0.0909091"
"1534578713","2161413454","0.0909091"
"2161413454","1534578713","0.0909091"
"1534578713","2187359674","0.233766"
"2187359674","1534578713","0.233766"
"1546413457","1590501153","0.0909091"
"1590501153","1546413457","0.0909091"
"1546413457","2000417180","0.590909"
"2000417180","1546413457","0.590909"
"1546413457","2072440907","0.257576"
"2072440907","1546413457","0.257576"
"1546413457","2103687844","0.257576"
"2103687844","1546413457","0.257576"
"1546413457","2117609677","0.257576"
"2117609677","1546413457","0.257576"
"1546413457","2130888794","0.257576"
"2130888794","1546413457","0.257576"
"1546413457","2151335884","0.257576"
"2151335884","1546413457","0.257576"
"1546413457","2161413454","0.0909091"
"2161413454","1546413457","0.0909091"
"1546413457","2187359674","0.0909091"
"2187359674","1546413457","0.0909091"
"1590501153","2000417180","0.0909091"
"2000417180","1590501153","0.0909091"
"1590501153","2072440907","0.0909091"
"2072440907","1590501153","0.0909091"
"1590501153","2103687844","0.233766"
"2103687844","1590501153","0.233766"
"1590501153","2117609677","0.233766"
"2117609677","1590501153","0.233766"
"1590501153","2130888794","0.233766"
"2130888794","1590501153","0.233766"
"1590501153","2151335884","0.0909091"
"2151335884","1590501153","0.0909091"
"1590501153","2161413454","0.215909"
"2161413454","1590501153","0.215909"
"1590501153","2187359674","3.6921"
"2187359674","1590501153","3.6921"
"2000417180","2072440907","1.17424"
"2072440907","2000417180","1.17424"
"2000417180","2103687844","0.0909091"
"2103687844","2000417180","0.0909091"
"2000417180","2117609677","0.0909091"
"2117609677","2000417180","0.0909091"
"2000417180","2130888794","0.0909091"
"2130888794","2000417180","0.0909091"
"2000417180","2151335884","0.0909091"
"2151335884","2000417180","0.0909091"
"2000417180","2161413454","1.00758"
"2161413454","2000417180","1.00758"
"2000417180","2187359674","0.0909091"
"2187359674","2000417180","0.0909091"
"2072440907","2103687844","2.55043"
"2103687844","2072440907","2.55043"
"2072440907","2117609677","0.600433"
"2117609677","2072440907","0.600433"
"2072440907","2130888794","1.90043"
"2130888794","2072440907","1.90043"
"2072440907","2151335884","1.43377"
"2151335884","2072440907","1.43377"
"2072440907","2161413454","1.67424"
"2161413454","2072440907","1.67424"
"2072440907","2187359674","0.0909091"
"2187359674","2072440907","0.0909091"
"2103687844","2117609677","0.74329"
"2117609677","2103687844","0.74329"
"2103687844","2130888794","0.709957"
"2130888794","2103687844","0.709957"
"2103687844","2151335884","1.10043"
"2151335884","2103687844","1.10043"
"2103687844","2161413454","0.0909091"
"2161413454","2103687844","0.0909091"
"2103687844","2187359674","0.5671"
"2187359674","2103687844","0.5671"
"2117609677","2130888794","0.54329"
"2130888794","2117609677","0.54329"
"2117609677","2151335884","1.85043"
"2151335884","2117609677","1.85043"
"2117609677","2161413454","1.09091"
"2161413454","2117609677","1.09091"
"2117609677","2187359674","0.233766"
"2187359674","2117609677","0.233766"
"2130888794","2151335884","0.900433"
"2151335884","2130888794","0.900433"
"2130888794","2161413454","0.0909091"
"2161413454","2130888794","0.0909091"
"2130888794","2187359674","0.233766"
"2187359674","2130888794","0.233766"
"2151335884","2161413454","0.0909091"
"2161413454","2151335884","0.0909091"
"2151335884","2187359674","0.424242"
"2187359674","2151335884","0.424242"
"2161413454","2187359674","0.215909"
"2187359674","2161413454","0.215909"
"1493574990","2155541789","0.5"
"2155541789","1493574990","0.5"
"2155541789","2187359674","0.97619"
"2187359674","2155541789","0.97619"
"1493574990","1515903642","0.125"
"1515903642","1493574990","0.125"
"1493574990","1572135109","0.125"
"1572135109","1493574990","0.125"
"1493574990","1588585232","0.125"
"1588585232","1493574990","0.125"
"1493574990","2122752271","0.125"
"2122752271","1493574990","0.125"
"1493574990","2139305697","0.125"
"2139305697","1493574990","0.125"
"1515903642","1572135109","0.125"
"1572135109","1515903642","0.125"
"1515903642","1588585232","0.125"
"1588585232","1515903642","0.125"
"1515903642","1590501153","0.125"
"1590501153","1515903642","0.125"
"1515903642","2122752271","0.125"
"2122752271","1515903642","0.125"
"1515903642","2139305697","1.125"
"2139305697","1515903642","1.125"
"1515903642","2161413454","0.458333"
"2161413454","1515903642","0.458333"
"1515903642","2187359674","0.125"
"2187359674","1515903642","0.125"
"1572135109","1588585232","0.125"
"1588585232","1572135109","0.125"
"1572135109","1590501153","0.625"
"1590501153","1572135109","0.625"
"1572135109","2122752271","0.125"
"2122752271","1572135109","0.125"
"1572135109","2139305697","0.125"
"2139305697","1572135109","0.125"
"1572135109","2161413454","0.125"
"2161413454","1572135109","0.125"
"1572135109","2187359674","0.625"
"2187359674","1572135109","0.625"
"1588585232","1590501153","0.125"
"1590501153","1588585232","0.125"
"1588585232","2122752271","0.625"
"2122752271","1588585232","0.625"
"1588585232","2139305697","0.125"
"2139305697","1588585232","0.125"
"1588585232","2161413454","0.125"
"2161413454","1588585232","0.125"
"1588585232","2187359674","0.125"
"2187359674","1588585232","0.125"
"1590501153","2122752271","0.625"
"2122752271","1590501153","0.625"
"1590501153","2139305697","0.267857"
"2139305697","1590501153","0.267857"
"2122752271","2139305697","0.375"
"2139305697","2122752271","0.375"
"2122752271","2161413454","0.125"
"2161413454","2122752271","0.125"
"2122752271","2187359674","0.125"
"2187359674","2122752271","0.125"
"2139305697","2161413454","0.125"
"2161413454","2139305697","0.125"
"2139305697","2187359674","0.267857"
"2187359674","2139305697","0.267857"
"1501686900","1573499603","12.25"
"1573499603","1501686900","12.25"
"1501686900","1590501153","0.333333"
"1590501153","1501686900","0.333333"
"1501686900","2187359674","0.333333"
"2187359674","1501686900","0.333333"
"1573499603","1590501153","0.333333"
"1590501153","1573499603","0.333333"
"1573499603","2187359674","0.333333"
"2187359674","1573499603","0.333333"
"1501686900","2112144328","0.333333"
"2112144328","1501686900","0.333333"
"1501686900","2170097458","0.333333"
"2170097458","1501686900","0.333333"
"1573499603","2112144328","0.333333"
"2112144328","1573499603","0.333333"
"1573499603","2170097458","0.333333"
"2170097458","1573499603","0.333333"
"2112144328","2170097458","2.47619"
"2170097458","2112144328","2.47619"
"1501686900","2118265701","0.5"
"2118265701","1501686900","0.5"
"1573499603","2118265701","0.5"
"2118265701","1573499603","0.5"
"1501686900","1975475205","0.5"
"1975475205","1501686900","0.5"
"1573499603","1975475205","0.5"
"1975475205","1573499603","0.5"
"1501686900","1981123628","0.583333"
"1981123628","1501686900","0.583333"
"1501686900","2030139872","0.25"
"2030139872","1501686900","0.25"
"1501686900","2038016054","0.583333"
"2038016054","1501686900","0.583333"
"1573499603","1981123628","0.583333"
"1981123628","1573499603","0.583333"
"1573499603","2030139872","0.25"
"2030139872","1573499603","0.25"
"1573499603","2038016054","0.583333"
"2038016054","1573499603","0.583333"
"1981123628","2030139872","12.25"
"2030139872","1981123628","12.25"
"1981123628","2038016054","20.5833"
"2038016054","1981123628","20.5833"
"2030139872","2038016054","12.25"
"2038016054","2030139872","12.25"
"1515903642","1559896221","0.25"
"1559896221","1515903642","0.25"
"1515903642","1930364700","0.25"
"1930364700","1515903642","0.25"
"1515903642","2117609677","0.25"
"2117609677","1515903642","0.25"
"1515903642","2151335884","0.25"
"2151335884","1515903642","0.25"
"1559896221","1930364700","0.25"
"1930364700","1559896221","0.25"
"1559896221","2117609677","0.759524"
"2117609677","1559896221","0.759524"
"1559896221","2151335884","0.92619"
"2151335884","1559896221","0.92619"
"1930364700","2117609677","0.25"
"2117609677","1930364700","0.25"
"1930364700","2151335884","0.25"
"2151335884","1930364700","0.25"
"1515903642","2000417180","0.333333"
"2000417180","1515903642","0.333333"
"1515903642","2155541789","0.333333"
"2155541789","1515903642","0.333333"
"2000417180","2155541789","1.91667"
"2155541789","2000417180","1.91667"
"2155541789","2161413454","2.91667"
"2161413454","2155541789","2.91667"
"1534526351","1559896221","0.2"
"1559896221","1534526351","0.2"
"1534526351","2072440907","1.53333"
"2072440907","1534526351","1.53333"
"1534526351","2103687844","0.2"
"2103687844","1534526351","0.2"
"1534526351","2113720617","0.2"
"2113720617","1534526351","0.2"
"1534526351","2155541789","0.2"
"2155541789","1534526351","0.2"
"1559896221","2072440907","1.20952"
"2072440907","1559896221","1.20952"
"1559896221","2103687844","1.70952"
"2103687844","1559896221","1.70952"
"1559896221","2113720617","2.00952"
"2113720617","1559896221","2.00952"
"1559896221","2155541789","0.709524"
"2155541789","1559896221","0.709524"
"2072440907","2113720617","1.00952"
"2113720617","2072440907","1.00952"
"2072440907","2155541789","3.37619"
"2155541789","2072440907","3.37619"
"2103687844","2113720617","1.00952"
"2113720617","2103687844","1.00952"
"2103687844","2155541789","1.43571"
"2155541789","2103687844","1.43571"
"2113720617","2155541789","1.50952"
"2155541789","2113720617","1.50952"
"1534526351","1917626582","0.333333"
"1917626582","1534526351","0.333333"
"1534526351","2151335884","0.333333"
"2151335884","1534526351","0.333333"
"1917626582","2072440907","3.16667"
"2072440907","1917626582","3.16667"
"1917626582","2151335884","0.333333"
"2151335884","1917626582","0.333333"
"1534578713","2139305697","0.142857"
"2139305697","1534578713","0.142857"
"1534578713","2155541789","0.142857"
"2155541789","1534578713","0.142857"
"1590501153","2155541789","0.142857"
"2155541789","1590501153","0.142857"
"2103687844","2139305697","0.392857"
"2139305697","2103687844","0.392857"
"2117609677","2139305697","0.142857"
"2139305697","2117609677","0.142857"
"2117609677","2155541789","0.985714"
"2155541789","2117609677","0.985714"
"2130888794","2139305697","0.142857"
"2139305697","2130888794","0.142857"
"2130888794","2155541789","0.785714"
"2155541789","2130888794","0.785714"
"2139305697","2155541789","0.392857"
"2155541789","2139305697","0.392857"
"1544094336","2030975823","1"
"2030975823","1544094336","1"
"1544094336","2157501505","4.5"
"2157501505","1544094336","4.5"
"2030975823","2157501505","8"
"2157501505","2030975823","8"
"1544094336","2137405235","0.5"
"2137405235","1544094336","0.5"
"2137405235","2157501505","3"
"2157501505","2137405235","3"
"1544094336","2104240393","1"
"2104240393","1544094336","1"
"1546413457","2155541789","0.5"
"2155541789","1546413457","0.5"
"1546413457","1559896221","0.166667"
"1559896221","1546413457","0.166667"
"1559896221","2130888794","0.47619"
"2130888794","1559896221","0.47619"
"1550211815","2143253051","14.7"
"2143253051","1550211815","14.7"
"1550211815","2003961263","4.7"
"2003961263","1550211815","4.7"
"2003961263","2143253051","1.7"
"2143253051","2003961263","1.7"
"1550211815","2010921860","1"
"2010921860","1550211815","1"
"1550211815","2164355172","0.5"
"2164355172","1550211815","0.5"
"2010921860","2164355172","18"
"2164355172","2010921860","18"
"1550211815","1975475205","1.7"
"1975475205","1550211815","1.7"
"2010921860","2143253051","0.5"
"2143253051","2010921860","0.5"
"1550211815","2112144328","0.2"
"2112144328","1550211815","0.2"
"1550211815","2130845295","0.2"
"2130845295","1550211815","0.2"
"1975475205","2003961263","1.2"
"2003961263","1975475205","1.2"
"1975475205","2112144328","0.533333"
"2112144328","1975475205","0.533333"
"1975475205","2130845295","0.2"
"2130845295","1975475205","0.2"
"1975475205","2143253051","0.7"
"2143253051","1975475205","0.7"
"2003961263","2112144328","0.2"
"2112144328","2003961263","0.2"
"2003961263","2130845295","0.2"
"2130845295","2003961263","0.2"
"2112144328","2130845295","2.92619"
"2130845295","2112144328","2.92619"
"2112144328","2143253051","0.2"
"2143253051","2112144328","0.2"
"2130845295","2143253051","0.2"
"2143253051","2130845295","0.2"
"1557202098","1590501153","0.5"
"1590501153","1557202098","0.5"
"1557202098","2122752271","1.5"
"2122752271","1557202098","1.5"
"1557838010","2126982545","1.2"
"2126982545","1557838010","1.2"
"1557838010","1782020131","0.7"
"1782020131","1557838010","0.7"
"1557838010","2035006988","0.5"
"2035006988","1557838010","0.5"
"1557838010","2104240393","0.333333"
"2104240393","1557838010","0.333333"
"1782020131","2035006988","3.98333"
"2035006988","1782020131","3.98333"
"1782020131","2104240393","0.333333"
"2104240393","1782020131","0.333333"
"2035006988","2104240393","0.666667"
"2104240393","2035006988","0.666667"
"1557838010","2034964304","0.166667"
"2034964304","1557838010","0.166667"
"1557838010","2151968644","0.366667"
"2151968644","1557838010","0.366667"
"1557838010","2152198818","0.166667"
"2152198818","1557838010","0.166667"
"1557838010","2154423717","0.366667"
"2154423717","1557838010","0.366667"
"1782020131","2034964304","3.03333"
"2034964304","1782020131","3.03333"
"1782020131","2151968644","2.51667"
"2151968644","1782020131","2.51667"
"1782020131","2152198818","1.98333"
"2152198818","1782020131","1.98333"
"1782020131","2154423717","1.36667"
"2154423717","1782020131","1.36667"
"2034964304","2035006988","2.2"
"2035006988","2034964304","2.2"
"2034964304","2151968644","1.53333"
"2151968644","2034964304","1.53333"
"2034964304","2152198818","0.7"
"2152198818","2034964304","0.7"
"2034964304","2154423717","4.16667"
"2154423717","2034964304","4.16667"
"2035006988","2151968644","3.29286"
"2151968644","2035006988","3.29286"
"2035006988","2152198818","6.29286"
"2152198818","2035006988","6.29286"
"2035006988","2154423717","0.166667"
"2154423717","2035006988","0.166667"
"2151968644","2152198818","1.62619"
"2152198818","2151968644","1.62619"
"2151968644","2154423717","0.366667"
"2154423717","2151968644","0.366667"
"2152198818","2154423717","0.166667"
"2154423717","2152198818","0.166667"
"1557838010","2112144328","0.2"
"2112144328","1557838010","0.2"
"1782020131","2112144328","0.2"
"2112144328","1782020131","0.2"
"1782020131","2126982545","0.2"
"2126982545","1782020131","0.2"
"2112144328","2126982545","0.342857"
"2126982545","2112144328","0.342857"
"2112144328","2151968644","0.342857"
"2151968644","2112144328","0.342857"
"2112144328","2154423717","0.2"
"2154423717","2112144328","0.2"
"2126982545","2151968644","0.342857"
"2151968644","2126982545","0.342857"
"2126982545","2154423717","0.2"
"2154423717","2126982545","0.2"
"2113720617","2117609677","0.142857"
"2117609677","2113720617","0.142857"
"2113720617","2130888794","0.309524"
"2130888794","2113720617","0.309524"
"2113720617","2151335884","0.309524"
"2151335884","2113720617","0.309524"
"2151335884","2155541789","1.17619"
"2155541789","2151335884","1.17619"
"1559896221","1917626582","0.333333"
"1917626582","1559896221","0.333333"
"1917626582","2103687844","0.333333"
"2103687844","1917626582","0.333333"
"1572135109","2117609677","1.5"
"2117609677","1572135109","1.5"
"1572135109","2155541789","0.5"
"2155541789","1572135109","0.5"
"1588585232","2166758054","21.5"
"2166758054","1588585232","21.5"
"2122752271","2166758054","0.5"
"2166758054","2122752271","0.5"
"1590501153","1930364700","0.5"
"1930364700","1590501153","0.5"
"1930364700","2187359674","0.5"
"2187359674","1930364700","0.5"
"1590501153","2030975823","0.5"
"2030975823","1590501153","0.5"
"2030975823","2187359674","0.5"
"2187359674","2030975823","0.5"
"16838906","2112144328","7.85952"
"2112144328","16838906","7.85952"
"16838906","65091138","2.35"
"65091138","16838906","2.35"
"2112144328","65091138","1.35"
"65091138","2112144328","1.35"
"16838906","2130845295","2.22619"
"2130845295","16838906","2.22619"
"16838906","2118265701","0.8"
"2118265701","16838906","0.8"
"16838906","2143682328","0.8"
"2143682328","16838906","0.8"
"16838906","2166855749","0.8"
"2166855749","16838906","0.8"
"2112144328","2118265701","1.13333"
"2118265701","2112144328","1.13333"
"2112144328","2143682328","1.13333"
"2143682328","2112144328","1.13333"
"2112144328","2166855749","1.13333"
"2166855749","2112144328","1.13333"
"2118265701","2143682328","5.96667"
"2143682328","2118265701","5.96667"
"2118265701","2166855749","11.4667"
"2166855749","2118265701","11.4667"
"2118265701","65091138","1.93333"
"65091138","2118265701","1.93333"
"2143682328","2166855749","6.96667"
"2166855749","2143682328","6.96667"
"2143682328","65091138","2.43333"
"65091138","2143682328","2.43333"
"2166855749","65091138","1.93333"
"65091138","2166855749","1.93333"
"16838906","2035006988","0.142857"
"2035006988","16838906","0.142857"
"16838906","2126982545","0.142857"
"2126982545","16838906","0.142857"
"16838906","2151968644","0.142857"
"2151968644","16838906","0.142857"
"16838906","2152198818","0.142857"
"2152198818","16838906","0.142857"
"16838906","2170097458","1.14286"
"2170097458","16838906","1.14286"
"2035006988","2112144328","0.142857"
"2112144328","2035006988","0.142857"
"2035006988","2126982545","0.47619"
"2126982545","2035006988","0.47619"
"2035006988","2130845295","7.79286"
"2130845295","2035006988","7.79286"
"2035006988","2170097458","0.142857"
"2170097458","2035006988","0.142857"
"2112144328","2152198818","0.142857"
"2152198818","2112144328","0.142857"
"2126982545","2130845295","0.142857"
"2130845295","2126982545","0.142857"
"2126982545","2152198818","0.142857"
"2152198818","2126982545","0.142857"
"2126982545","2170097458","0.142857"
"2170097458","2126982545","0.142857"
"2130845295","2151968644","2.12619"
"2151968644","2130845295","2.12619"
"2130845295","2152198818","5.29286"
"2152198818","2130845295","5.29286"
"2130845295","2170097458","0.142857"
"2170097458","2130845295","0.142857"
"2151968644","2170097458","0.142857"
"2170097458","2151968644","0.142857"
"2152198818","2170097458","0.142857"
"2170097458","2152198818","0.142857"
"16838906","2030866632","1.83333"
"2030866632","16838906","1.83333"
"2030866632","2112144328","0.833333"
"2112144328","2030866632","0.833333"
"16838906","2170480930","3.08333"
"2170480930","16838906","3.08333"
"16838906","1975475205","0.833333"
"1975475205","16838906","0.833333"
"1975475205","2030866632","1.83333"
"2030866632","1975475205","1.83333"
"2112144328","2170480930","1.08333"
"2170480930","2112144328","1.08333"
"2130845295","2170480930","1.08333"
"2170480930","2130845295","1.08333"
"16838906","2104240393","1.7"
"2104240393","16838906","1.7"
"2104240393","2112144328","0.7"
"2112144328","2104240393","0.7"
"2030866632","2170480930","21.5"
"2170480930","2030866632","21.5"
"2130845295","65091138","1.25"
"65091138","2130845295","1.25"
"2170480930","65091138","2.75"
"65091138","2170480930","2.75"
"2104240393","2118265701","1.7"
"2118265701","2104240393","1.7"
"2104240393","2143682328","0.2"
"2143682328","2104240393","0.2"
"2104240393","2166855749","0.7"
"2166855749","2104240393","0.7"
"1782020131","2130845295","1.48333"
"2130845295","1782020131","1.48333"
"2034964304","2130845295","1.53333"
"2130845295","2034964304","1.53333"
"1782020131","2118265701","0.2"
"2118265701","1782020131","0.2"
"2035006988","2118265701","0.2"
"2118265701","2035006988","0.2"
"2118265701","2130845295","0.7"
"2130845295","2118265701","0.7"
"2118265701","2151968644","0.7"
"2151968644","2118265701","0.7"
"2118265701","2152198818","0.2"
"2152198818","2118265701","0.2"
"1917626582","2113720617","0.5"
"2113720617","1917626582","0.5"
"1975475205","2092377728","1"
"2092377728","1975475205","1"
"1980302278","2030535449","2.75"
"2030535449","1980302278","2.75"
"1980302278","1984639113","2.75"
"1984639113","1980302278","2.75"
"1980302278","2024652123","0.25"
"2024652123","1980302278","0.25"
"1980302278","2110783067","0.25"
"2110783067","1980302278","0.25"
"1984639113","2024652123","0.25"
"2024652123","1984639113","0.25"
"1984639113","2030535449","1.75"
"2030535449","1984639113","1.75"
"1984639113","2110783067","0.25"
"2110783067","1984639113","0.25"
"2024652123","2030535449","0.25"
"2030535449","2024652123","0.25"
"2024652123","2110783067","1.91667"
"2110783067","2024652123","1.91667"
"2030535449","2110783067","0.25"
"2110783067","2030535449","0.25"
"2000417180","2140067789","0.25"
"2140067789","2000417180","0.25"
"2072440907","2140067789","0.25"
"2140067789","2072440907","0.25"
"2140067789","2155541789","0.25"
"2155541789","2140067789","0.25"
"2140067789","2161413454","0.25"
"2161413454","2140067789","0.25"
"2003961263","2030866632","0.5"
"2030866632","2003961263","0.5"
"2003961263","2170480930","1.5"
"2170480930","2003961263","1.5"
"2003961263","2092377728","1"
"2092377728","2003961263","1"
"2008271340","2437030506","0.5"
"2437030506","2008271340","0.5"
"2008271340","2757562428","0.5"
"2757562428","2008271340","0.5"
"2437030506","2757562428","1.5"
"2757562428","2437030506","1.5"
"2008271340","2046298800","2.41667"
"2046298800","2008271340","2.41667"
"2008271340","2089206172","1.83333"
"2089206172","2008271340","1.83333"
"2046298800","2089206172","4.70833"
"2089206172","2046298800","4.70833"
"2008271340","2026140005","0.583333"
"2026140005","2008271340","0.583333"
"2008271340","2063103859","0.916667"
"2063103859","2008271340","0.916667"
"2026140005","2046298800","2.33333"
"2046298800","2026140005","2.33333"
"2026140005","2063103859","2.66667"
"2063103859","2026140005","2.66667"
"2046298800","2063103859","3.16667"
"2063103859","2046298800","3.16667"
"2063103859","2089206172","1.91667"
"2089206172","2063103859","1.91667"
"2008271340","2099594809","0.25"
"2099594809","2008271340","0.25"
"2026140005","2099594809","2.33333"
"2099594809","2026140005","2.33333"
"2046298800","2099594809","3.25"
"2099594809","2046298800","3.25"
"2063103859","2099594809","5.33333"
"2099594809","2063103859","5.33333"
"2010921860","2030866632","0.5"
"2030866632","2010921860","0.5"
"2030866632","2164355172","1.5"
"2164355172","2030866632","1.5"
"2024652123","2156583236","6.29167"
"2156583236","2024652123","6.29167"
"2024652123","2139407700","0.625"
"2139407700","2024652123","0.625"
"2139407700","2156583236","3.625"
"2156583236","2139407700","3.625"
"2024652123","2046298800","0.458333"
"2046298800","2024652123","0.458333"
"2024652123","2089206172","0.125"
"2089206172","2024652123","0.125"
"2024652123","2164811795","0.125"
"2164811795","2024652123","0.125"
"2024652123","2437363112","0.125"
"2437363112","2024652123","0.125"
"2024652123","2612177096","0.125"
"2612177096","2024652123","0.125"
"2024652123","2757562428","0.125"
"2757562428","2024652123","0.125"
"2046298800","2139407700","0.375"
"2139407700","2046298800","0.375"
"2046298800","2156583236","0.458333"
"2156583236","2046298800","0.458333"
"2046298800","2164811795","0.125"
"2164811795","2046298800","0.125"
"2046298800","2437363112","0.125"
"2437363112","2046298800","0.125"
"2046298800","2612177096","0.125"
"2612177096","2046298800","0.125"
"2046298800","2757562428","1.125"
"2757562428","2046298800","1.125"
"2089206172","2139407700","0.125"
"2139407700","2089206172","0.125"
"2089206172","2156583236","0.125"
"2156583236","2089206172","0.125"
"2089206172","2164811795","0.125"
"2164811795","2089206172","0.125"
"2089206172","2437363112","0.125"
"2437363112","2089206172","0.125"
"2089206172","2612177096","0.125"
"2612177096","2089206172","0.125"
"2089206172","2757562428","0.125"
"2757562428","2089206172","0.125"
"2139407700","2164811795","0.125"
"2164811795","2139407700","0.125"
"2139407700","2437363112","0.125"
"2437363112","2139407700","0.125"
"2139407700","2612177096","0.125"
"2612177096","2139407700","0.125"
"2139407700","2757562428","0.125"
"2757562428","2139407700","0.125"
"2156583236","2164811795","0.125"
"2164811795","2156583236","0.125"
"2156583236","2437363112","0.125"
"2437363112","2156583236","0.125"
"2156583236","2612177096","0.958333"
"2612177096","2156583236","0.958333"
"2156583236","2757562428","0.958333"
"2757562428","2156583236","0.958333"
"2164811795","2437363112","4.625"
"2437363112","2164811795","4.625"
"2164811795","2612177096","0.125"
"2612177096","2164811795","0.125"
"2164811795","2757562428","1.625"
"2757562428","2164811795","1.625"
"2437363112","2612177096","0.125"
"2612177096","2437363112","0.125"
"2437363112","2757562428","0.625"
"2757562428","2437363112","0.625"
"2612177096","2757562428","2.95833"
"2757562428","2612177096","2.95833"
"2024652123","2093851791","0.333333"
"2093851791","2024652123","0.333333"
"2093851791","2110783067","1.33333"
"2110783067","2093851791","1.33333"
"2093851791","2156583236","1.33333"
"2156583236","2093851791","1.33333"
"2110783067","2156583236","0.666667"
"2156583236","2110783067","0.666667"
"2046298800","2110783067","0.583333"
"2110783067","2046298800","0.583333"
"2026140005","2089206172","0.583333"
"2089206172","2026140005","0.583333"
"2089206172","2099594809","1.08333"
"2099594809","2089206172","1.08333"
"2026140005","2128299315","0.5"
"2128299315","2026140005","0.5"
"2046298800","2128299315","0.5"
"2128299315","2046298800","0.5"
"2030866632","65091138","1.5"
"65091138","2030866632","1.5"
"2030866632","2161383568","0.5"
"2161383568","2030866632","0.5"
"2030866632","2161600801","0.5"
"2161600801","2030866632","0.5"
"2161383568","2161600801","0.5"
"2161600801","2161383568","0.5"
"2030975823","2166758054","1"
"2166758054","2030975823","1"
"2030975823","2137405235","1.5"
"2137405235","2030975823","1.5"
"2030975823","2104240393","0.5"
"2104240393","2030975823","0.5"
"2104240393","2157501505","0.5"
"2157501505","2104240393","0.5"
"2034964304","2137405235","1"
"2137405235","2034964304","1"
"2034964304","2104240393","0.333333"
"2104240393","2034964304","0.333333"
"2034964304","2126982545","0.333333"
"2126982545","2034964304","0.333333"
"2104240393","2126982545","0.333333"
"2126982545","2104240393","0.333333"
"2034964304","2143682328","0.5"
"2143682328","2034964304","0.5"
"2034964304","65091138","0.5"
"65091138","2034964304","0.5"
"2046298800","2161600801","1.25"
"2161600801","2046298800","1.25"
"2099594809","2110783067","0.25"
"2110783067","2099594809","0.25"
"2099594809","2139407700","0.25"
"2139407700","2099594809","0.25"
"2099594809","2161600801","0.25"
"2161600801","2099594809","0.25"
"2110783067","2139407700","0.25"
"2139407700","2110783067","0.25"
"2110783067","2161600801","0.25"
"2161600801","2110783067","0.25"
"2139407700","2161600801","2.25"
"2161600801","2139407700","2.25"
"2072440907","2122752271","0.25"
"2122752271","2072440907","0.25"
"2072440907","2139305697","0.25"
"2139305697","2072440907","0.25"
"2103687844","2122752271","0.25"
"2122752271","2103687844","0.25"
"2122752271","2155541789","0.25"
"2155541789","2122752271","0.25"
"2104240393","2156583236","1"
"2156583236","2104240393","1"
"2130845295","2143682328","2"
"2143682328","2130845295","2"
"2130845295","2166855749","0.5"
"2166855749","2130845295","0.5"
"2143682328","2151968644","1"
"2151968644","2143682328","1"
"2151968644","2166855749","0.5"
"2166855749","2151968644","0.5"
"2120762242","2128299315","9.16667"
"2128299315","2120762242","9.16667"
"2120762242","2134201815","2.16667"
"2134201815","2120762242","2.16667"
"2120762242","2158237337","9.16667"
"2158237337","2120762242","9.16667"
"2134201815","2158237337","1.66667"
"2158237337","2134201815","1.66667"
"2128299315","2134201815","1.16667"
"2134201815","2128299315","1.16667"
"2128299315","2158237337","1.16667"
"2158237337","2128299315","1.16667"
"2120762242","2166758054","0.5"
"2166758054","2120762242","0.5"
"2128299315","2166758054","0.5"
"2166758054","2128299315","0.5"
"2130845295","2133554125","1.5"
"2133554125","2130845295","1.5"
"2130845295","2161383568","0.5"
"2161383568","2130845295","0.5"
"2133554125","2161383568","6.5"
"2161383568","2133554125","6.5"
"2156583236","2161600801","0.333333"
"2161600801","2156583236","0.333333"
"2161600801","2612177096","0.333333"
"2612177096","2161600801","0.333333"
"2161600801","2757562428","0.333333"
"2757562428","2161600801","0.333333"
"2613536717","2757562428","0.333333"
"2757562428","2613536717","0.333333"
"2613536717","2898269683","0.333333"
"2898269683","2613536717","0.333333"
"2613536717","2970228335","0.333333"
"2970228335","2613536717","0.333333"
"2757562428","2898269683","0.333333"
"2898269683","2757562428","0.333333"
"2757562428","2970228335","1.33333"
"2970228335","2757562428","1.33333"
"2898269683","2970228335","0.333333"
"2970228335","2898269683","0.333333"
