"1545270572","1979809502","2.13968"
"1979809502","1545270572","2.13968"
"1545270572","2160825121","1.32897"
"2160825121","1545270572","1.32897"
"1979809502","2160825121","1.57897"
"2160825121","1979809502","1.57897"
"1545270572","2153531297","1.5"
"2153531297","1545270572","1.5"
"1545270572","2118260817","1.68968"
"2118260817","1545270572","1.68968"
"1545270572","2134791164","2.38968"
"2134791164","1545270572","2.38968"
"1545270572","2141739881","1.54683"
"2141739881","1545270572","1.54683"
"2118260817","2134791164","2.35635"
"2134791164","2118260817","2.35635"
"2118260817","2141739881","1.34683"
"2141739881","2118260817","1.34683"
"2118260817","2160825121","0.628968"
"2160825121","2118260817","0.628968"
"2134791164","2141739881","4.04683"
"2141739881","2134791164","4.04683"
"2134791164","2160825121","1.32897"
"2160825121","2134791164","1.32897"
"2141739881","2160825121","1.01944"
"2160825121","2141739881","1.01944"
"1545270572","1582833014","1.18968"
"1582833014","1545270572","1.18968"
"1545270572","1969990839","0.703968"
"1969990839","1545270572","0.703968"
"1545270572","2012670464","0.410714"
"2012670464","1545270572","0.410714"
"1582833014","1969990839","1.50397"
"1969990839","1582833014","1.50397"
"1582833014","1979809502","5.02302"
"1979809502","1582833014","5.02302"
"1582833014","2012670464","0.744048"
"2012670464","1582833014","0.744048"
"1582833014","2118260817","2.15635"
"2118260817","1582833014","2.15635"
"1582833014","2134791164","2.52302"
"2134791164","1582833014","2.52302"
"1582833014","2141739881","1.34683"
"2141739881","1582833014","1.34683"
"1969990839","1979809502","1.20397"
"1979809502","1969990839","1.20397"
"1969990839","2012670464","0.517857"
"2012670464","1969990839","0.517857"
"1969990839","2118260817","0.703968"
"2118260817","1969990839","0.703968"
"1969990839","2134791164","1.70397"
"2134791164","1969990839","1.70397"
"1969990839","2141739881","1.20397"
"2141739881","1969990839","1.20397"
"1979809502","2012670464","0.744048"
"2012670464","1979809502","0.744048"
"1979809502","2118260817","4.60635"
"2118260817","1979809502","4.60635"
"1979809502","2134791164","3.47302"
"2134791164","1979809502","3.47302"
"1979809502","2141739881","2.29683"
"2141739881","1979809502","2.29683"
"2012670464","2118260817","0.410714"
"2118260817","2012670464","0.410714"
"2012670464","2134791164","0.744048"
"2134791164","2012670464","0.744048"
"2012670464","2141739881","0.744048"
"2141739881","2012670464","0.744048"
"1545270572","2104628861","0.610714"
"2104628861","1545270572","0.610714"
"1582833014","2104628861","0.610714"
"2104628861","1582833014","0.610714"
"1582833014","2160825121","0.578968"
"2160825121","1582833014","0.578968"
"1969990839","2104628861","0.125"
"2104628861","1969990839","0.125"
"1969990839","2160825121","0.736111"
"2160825121","1969990839","0.736111"
"1979809502","2104628861","0.610714"
"2104628861","1979809502","0.610714"
"2104628861","2118260817","0.610714"
"2118260817","2104628861","0.610714"
"2104628861","2134791164","1.11071"
"2134791164","2104628861","1.11071"
"2104628861","2141739881","1.76786"
"2141739881","2104628861","1.76786"
"2104628861","2160825121","0.267857"
"2160825121","2104628861","0.267857"
"2134791164","2153531297","0.5"
"2153531297","2134791164","0.5"
"1545270572","1812691494","0.378968"
"1812691494","1545270572","0.378968"
"1545270572","2164923618","0.111111"
"2164923618","1545270572","0.111111"
"1582833014","1812691494","0.712302"
"1812691494","1582833014","0.712302"
"1582833014","2164923618","0.111111"
"2164923618","1582833014","0.111111"
"1812691494","1969990839","0.236111"
"1969990839","1812691494","0.236111"
"1812691494","1979809502","0.712302"
"1979809502","1812691494","0.712302"
"1812691494","2118260817","0.378968"
"2118260817","1812691494","0.378968"
"1812691494","2134791164","0.712302"
"2134791164","1812691494","0.712302"
"1812691494","2141739881","0.569444"
"2141739881","1812691494","0.569444"
"1812691494","2160825121","0.587302"
"2160825121","1812691494","0.587302"
"1812691494","2164923618","0.111111"
"2164923618","1812691494","0.111111"
"1969990839","2164923618","11.8611"
"2164923618","1969990839","11.8611"
"1979809502","2164923618","0.111111"
"2164923618","1979809502","0.111111"
"2118260817","2164923618","0.111111"
"2164923618","2118260817","0.111111"
"2134791164","2164923618","0.111111"
"2164923618","2134791164","0.111111"
"2141739881","2164923618","0.111111"
"2164923618","2141739881","0.111111"
"2160825121","2164923618","0.611111"
"2164923618","2160825121","0.611111"
"1812691494","2012670464","0.458333"
"2012670464","1812691494","0.458333"
"1812691494","2104628861","0.142857"
"2104628861","1812691494","0.142857"
"2012670464","2104628861","0.142857"
"2104628861","2012670464","0.142857"
"1582833014","1846087057","1"
"1846087057","1582833014","1"
"1582833014","1593558476","0.5"
"1593558476","1582833014","0.5"
"1593558476","1979809502","0.5"
"1979809502","1593558476","0.5"
"1593558476","2295651970","1"
"2295651970","1593558476","1"
"1593558476","1846087057","0.25"
"1846087057","1593558476","0.25"
"1593558476","1969990839","0.25"
"1969990839","1593558476","0.25"
"1593558476","2012670464","0.25"
"2012670464","1593558476","0.25"
"1593558476","2164923618","0.25"
"2164923618","1593558476","0.25"
"1846087057","1969990839","0.25"
"1969990839","1846087057","0.25"
"1846087057","2012670464","0.583333"
"2012670464","1846087057","0.583333"
"1846087057","2164923618","0.583333"
"2164923618","1846087057","0.583333"
"2012670464","2164923618","0.583333"
"2164923618","2012670464","0.583333"
"2012670464","2160825121","0.333333"
"2160825121","2012670464","0.333333"
"1846087057","2295651970","3.33333"
"2295651970","1846087057","3.33333"
"2012670464","2295651970","1.33333"
"2295651970","2012670464","1.33333"
"2164923618","2295651970","1.33333"
"2295651970","2164923618","1.33333"
"1969990839","2295651970","1"
"2295651970","1969990839","1"
"2015516856","2134791164","1"
"2134791164","2015516856","1"
"2153531297","2408540043","3"
"2408540043","2153531297","3"
