"1207895067","1999734274","2"
"1999734274","1207895067","2"
"1207895067","53626277","9.83333"
"53626277","1207895067","9.83333"
"1999734274","53626277","2"
"53626277","1999734274","2"
"1207895067","1996219645","3.75"
"1996219645","1207895067","3.75"
"1996219645","53626277","4.75"
"53626277","1996219645","4.75"
"1207895067","1968140791","0.75"
"1968140791","1207895067","0.75"
"1968140791","53626277","0.75"
"53626277","1968140791","0.75"
"1207895067","2048467633","2.33333"
"2048467633","1207895067","2.33333"
"2048467633","53626277","2.33333"
"53626277","2048467633","2.33333"
"1996219645","1999734274","2.66667"
"1999734274","1996219645","2.66667"
"1207895067","122713538","0.166667"
"122713538","1207895067","0.166667"
"1207895067","2066151696","0.666667"
"2066151696","1207895067","0.666667"
"122713538","1996219645","0.229167"
"1996219645","122713538","0.229167"
"122713538","1999734274","0.166667"
"1999734274","122713538","0.166667"
"122713538","2048467633","0.666667"
"2048467633","122713538","0.666667"
"122713538","2066151696","0.666667"
"2066151696","122713538","0.666667"
"122713538","53626277","0.166667"
"53626277","122713538","0.166667"
"1996219645","2048467633","7.01786"
"2048467633","1996219645","7.01786"
"1996219645","2066151696","2.16667"
"2066151696","1996219645","2.16667"
"1999734274","2048467633","1.5"
"2048467633","1999734274","1.5"
"1999734274","2066151696","0.666667"
"2066151696","1999734274","0.666667"
"2048467633","2066151696","2.16667"
"2066151696","2048467633","2.16667"
"2066151696","53626277","0.666667"
"53626277","2066151696","0.666667"
"1968140791","1996219645","0.580357"
"1996219645","1968140791","0.580357"
"1968140791","2048467633","1.51786"
"2048467633","1968140791","1.51786"
"1207895067","1996417630","0.25"
"1996417630","1207895067","0.25"
"1207895067","2083882774","0.25"
"2083882774","1207895067","0.25"
"1996417630","2048467633","1.51786"
"2048467633","1996417630","1.51786"
"1996417630","2083882774","19.197"
"2083882774","1996417630","19.197"
"1996417630","53626277","0.25"
"53626277","1996417630","0.25"
"2048467633","2083882774","1.51786"
"2083882774","2048467633","1.51786"
"2083882774","53626277","0.25"
"53626277","2083882774","0.25"
"122713538","145766074","0.3125"
"145766074","122713538","0.3125"
"122713538","1482134990","0.645833"
"1482134990","122713538","0.645833"
"122713538","1528446492","1.14583"
"1528446492","122713538","1.14583"
"122713538","175184628","0.645833"
"175184628","122713538","0.645833"
"145766074","1482134990","3.17083"
"1482134990","145766074","3.17083"
"145766074","1528446492","5.23036"
"1528446492","145766074","5.23036"
"145766074","175184628","1.9625"
"175184628","145766074","1.9625"
"1482134990","1528446492","6.99776"
"1528446492","1482134990","6.99776"
"1482134990","175184628","3.79583"
"175184628","1482134990","3.79583"
"1528446492","175184628","1.7125"
"175184628","1528446492","1.7125"
"122713538","1827861853","0.5625"
"1827861853","122713538","0.5625"
"122713538","2152590570","0.5625"
"2152590570","122713538","0.5625"
"1827861853","2152590570","33.0565"
"2152590570","1827861853","33.0565"
"122713538","1566224763","0.5"
"1566224763","122713538","0.5"
"1528446492","1566224763","0.825"
"1566224763","1528446492","0.825"
"122713538","1968140791","0.5625"
"1968140791","122713538","0.5625"
"122713538","1996417630","0.0625"
"1996417630","122713538","0.0625"
"122713538","2014177337","0.0625"
"2014177337","122713538","0.0625"
"122713538","2062796915","0.0625"
"2062796915","122713538","0.0625"
"122713538","2075056819","0.0625"
"2075056819","122713538","0.0625"
"122713538","2083882774","0.0625"
"2083882774","122713538","0.0625"
"122713538","2096902478","0.0625"
"2096902478","122713538","0.0625"
"122713538","2144440555","0.0625"
"2144440555","122713538","0.0625"
"122713538","2403985139","0.0625"
"2403985139","122713538","0.0625"
"145766074","1827861853","0.705357"
"1827861853","145766074","0.705357"
"145766074","1968140791","0.205357"
"1968140791","145766074","0.205357"
"145766074","1996219645","0.1875"
"1996219645","145766074","0.1875"
"145766074","1996417630","0.345833"
"1996417630","145766074","0.345833"
"145766074","2014177337","0.145833"
"2014177337","145766074","0.145833"
"145766074","2062796915","0.145833"
"2062796915","145766074","0.145833"
"145766074","2075056819","0.205357"
"2075056819","145766074","0.205357"
"145766074","2083882774","0.345833"
"2083882774","145766074","0.345833"
"145766074","2096902478","0.145833"
"2096902478","145766074","0.145833"
"145766074","2144440555","0.28869"
"2144440555","145766074","0.28869"
"145766074","2152590570","0.705357"
"2152590570","145766074","0.705357"
"145766074","2403985139","0.3875"
"2403985139","145766074","0.3875"
"1482134990","1827861853","0.0625"
"1827861853","1482134990","0.0625"
"1482134990","1968140791","0.139423"
"1968140791","1482134990","0.139423"
"1482134990","1996219645","0.6875"
"1996219645","1482134990","0.6875"
"1482134990","1996417630","0.345833"
"1996417630","1482134990","0.345833"
"1482134990","2014177337","0.145833"
"2014177337","1482134990","0.145833"
"1482134990","2062796915","0.645833"
"2062796915","1482134990","0.645833"
"1482134990","2075056819","0.0625"
"2075056819","1482134990","0.0625"
"1482134990","2083882774","0.345833"
"2083882774","1482134990","0.345833"
"1482134990","2096902478","0.222756"
"2096902478","1482134990","0.222756"
"1482134990","2144440555","0.145833"
"2144440555","1482134990","0.145833"
"1482134990","2152590570","0.0625"
"2152590570","1482134990","0.0625"
"1482134990","2403985139","0.464423"
"2403985139","1482134990","0.464423"
"1528446492","1827861853","0.330357"
"1827861853","1528446492","0.330357"
"1528446492","1968140791","0.498189"
"1968140791","1528446492","0.498189"
"1528446492","1996219645","1.3125"
"1996219645","1528446492","1.3125"
"1528446492","1996417630","1.30417"
"1996417630","1528446492","1.30417"
"1528446492","2014177337","0.645833"
"2014177337","1528446492","0.645833"
"1528446492","2062796915","1.10417"
"2062796915","1528446492","1.10417"
"1528446492","2075056819","0.205357"
"2075056819","1528446492","0.205357"
"1528446492","2083882774","2.30417"
"2083882774","1528446492","2.30417"
"1528446492","2096902478","1.31367"
"2096902478","1528446492","1.31367"
"1528446492","2144440555","0.78869"
"2144440555","1528446492","0.78869"
"1528446492","2152590570","0.330357"
"2152590570","1528446492","0.330357"
"1528446492","2403985139","2.55533"
"2403985139","1528446492","2.55533"
"175184628","1827861853","0.0625"
"1827861853","175184628","0.0625"
"175184628","1968140791","0.0625"
"1968140791","175184628","0.0625"
"175184628","1996219645","0.0625"
"1996219645","175184628","0.0625"
"175184628","1996417630","0.2625"
"1996417630","175184628","0.2625"
"175184628","2014177337","0.0625"
"2014177337","175184628","0.0625"
"175184628","2062796915","0.0625"
"2062796915","175184628","0.0625"
"175184628","2075056819","0.0625"
"2075056819","175184628","0.0625"
"175184628","2083882774","0.2625"
"2083882774","175184628","0.2625"
"175184628","2096902478","0.0625"
"2096902478","175184628","0.0625"
"175184628","2144440555","0.0625"
"2144440555","175184628","0.0625"
"175184628","2152590570","0.0625"
"2152590570","175184628","0.0625"
"175184628","2403985139","0.2625"
"2403985139","175184628","0.2625"
"1827861853","1968140791","0.473214"
"1968140791","1827861853","0.473214"
"1827861853","1996219645","0.330357"
"1996219645","1827861853","0.330357"
"1827861853","1996417630","1.33036"
"1996417630","1827861853","1.33036"
"1827861853","2014177337","0.0625"
"2014177337","1827861853","0.0625"
"1827861853","2062796915","1.4375"
"2062796915","1827861853","1.4375"
"1827861853","2075056819","1.03869"
"2075056819","1827861853","1.03869"
"1827861853","2083882774","1.33036"
"2083882774","1827861853","1.33036"
"1827861853","2096902478","0.0625"
"2096902478","1827861853","0.0625"
"1827861853","2144440555","0.514881"
"2144440555","1827861853","0.514881"
"1827861853","2403985139","0.0625"
"2403985139","1827861853","0.0625"
"1968140791","1996417630","0.330357"
"1996417630","1968140791","0.330357"
"1968140791","2014177337","0.0625"
"2014177337","1968140791","0.0625"
"1968140791","2062796915","0.1875"
"2062796915","1968140791","0.1875"
"1968140791","2075056819","0.205357"
"2075056819","1968140791","0.205357"
"1968140791","2083882774","0.330357"
"2083882774","1968140791","0.330357"
"1968140791","2096902478","3.23033"
"2096902478","1968140791","3.23033"
"1968140791","2144440555","0.348214"
"2144440555","1968140791","0.348214"
"1968140791","2152590570","0.473214"
"2152590570","1968140791","0.473214"
"1968140791","2403985139","3.06367"
"2403985139","1968140791","3.06367"
"1996219645","1996417630","0.330357"
"1996417630","1996219645","0.330357"
"1996219645","2014177337","0.0625"
"2014177337","1996219645","0.0625"
"1996219645","2062796915","0.1875"
"2062796915","1996219645","0.1875"
"1996219645","2075056819","0.0625"
"2075056819","1996219645","0.0625"
"1996219645","2083882774","0.330357"
"2083882774","1996219645","0.330357"
"1996219645","2096902478","0.0625"
"2096902478","1996219645","0.0625"
"1996219645","2144440555","0.205357"
"2144440555","1996219645","0.205357"
"1996219645","2152590570","0.330357"
"2152590570","1996219645","0.330357"
"1996219645","2403985139","0.1875"
"2403985139","1996219645","0.1875"
"1996417630","2014177337","0.645833"
"2014177337","1996417630","0.645833"
"1996417630","2062796915","1.27083"
"2062796915","1996417630","1.27083"
"1996417630","2075056819","0.229167"
"2075056819","1996417630","0.229167"
"1996417630","2096902478","0.145833"
"2096902478","1996417630","0.145833"
"1996417630","2144440555","0.455357"
"2144440555","1996417630","0.455357"
"1996417630","2152590570","1.33036"
"2152590570","1996417630","1.33036"
"1996417630","2403985139","0.0625"
"2403985139","1996417630","0.0625"
"2014177337","2062796915","0.145833"
"2062796915","2014177337","0.145833"
"2014177337","2075056819","0.0625"
"2075056819","2014177337","0.0625"
"2014177337","2083882774","1.14583"
"2083882774","2014177337","1.14583"
"2014177337","2096902478","0.145833"
"2096902478","2014177337","0.145833"
"2014177337","2144440555","0.145833"
"2144440555","2014177337","0.145833"
"2014177337","2152590570","0.0625"
"2152590570","2014177337","0.0625"
"2014177337","2403985139","0.0625"
"2403985139","2014177337","0.0625"
"2062796915","2075056819","0.0625"
"2075056819","2062796915","0.0625"
"2062796915","2083882774","2.27083"
"2083882774","2062796915","2.27083"
"2062796915","2096902478","0.145833"
"2096902478","2062796915","0.145833"
"2062796915","2144440555","0.145833"
"2144440555","2062796915","0.145833"
"2062796915","2152590570","1.4375"
"2152590570","2062796915","1.4375"
"2062796915","2403985139","0.0625"
"2403985139","2062796915","0.0625"
"2075056819","2083882774","0.229167"
"2083882774","2075056819","0.229167"
"2075056819","2096902478","0.0625"
"2096902478","2075056819","0.0625"
"2075056819","2144440555","0.372024"
"2144440555","2075056819","0.372024"
"2075056819","2152590570","1.03869"
"2152590570","2075056819","1.03869"
"2075056819","2403985139","0.0625"
"2403985139","2075056819","0.0625"
"2083882774","2096902478","0.145833"
"2096902478","2083882774","0.145833"
"2083882774","2144440555","0.455357"
"2144440555","2083882774","0.455357"
"2083882774","2152590570","1.33036"
"2152590570","2083882774","1.33036"
"2083882774","2403985139","0.0625"
"2403985139","2083882774","0.0625"
"2096902478","2144440555","0.145833"
"2144440555","2096902478","0.145833"
"2096902478","2152590570","0.0625"
"2152590570","2096902478","0.0625"
"2096902478","2403985139","1.23033"
"2403985139","2096902478","1.23033"
"2144440555","2152590570","0.514881"
"2152590570","2144440555","0.514881"
"2144440555","2403985139","0.0625"
"2403985139","2144440555","0.0625"
"2152590570","2403985139","0.0625"
"2403985139","2152590570","0.0625"
"122713538","2523182524","0.5"
"2523182524","122713538","0.5"
"1968140791","2523182524","0.667832"
"2523182524","1968140791","0.667832"
"140891738","1411762349","0.751166"
"1411762349","140891738","0.751166"
"140891738","1528446492","0.417832"
"1528446492","140891738","0.417832"
"140891738","1838656376","0.917832"
"1838656376","140891738","0.917832"
"140891738","1968140791","2.0845"
"1968140791","140891738","2.0845"
"140891738","2096902478","0.167832"
"2096902478","140891738","0.167832"
"140891738","2199037211","0.167832"
"2199037211","140891738","0.167832"
"140891738","2211419885","1.5845"
"2211419885","140891738","1.5845"
"140891738","2400124032","0.417832"
"2400124032","140891738","0.417832"
"140891738","2403985139","1.50117"
"2403985139","140891738","1.50117"
"140891738","2523182524","0.167832"
"2523182524","140891738","0.167832"
"140891738","2740841061","0.417832"
"2740841061","140891738","0.417832"
"1411762349","1528446492","0.167832"
"1528446492","1411762349","0.167832"
"1411762349","1838656376","0.167832"
"1838656376","1411762349","0.167832"
"1411762349","1968140791","0.751166"
"1968140791","1411762349","0.751166"
"1411762349","2096902478","0.167832"
"2096902478","1411762349","0.167832"
"1411762349","2199037211","0.167832"
"2199037211","1411762349","0.167832"
"1411762349","2211419885","10.7512"
"2211419885","1411762349","10.7512"
"1411762349","2400124032","0.167832"
"2400124032","1411762349","0.167832"
"1411762349","2403985139","0.167832"
"2403985139","1411762349","0.167832"
"1411762349","2523182524","0.167832"
"2523182524","1411762349","0.167832"
"1411762349","2740841061","0.417832"
"2740841061","1411762349","0.417832"
"1528446492","1838656376","0.417832"
"1838656376","1528446492","0.417832"
"1528446492","2199037211","0.251166"
"2199037211","1528446492","0.251166"
"1528446492","2211419885","0.167832"
"2211419885","1528446492","0.167832"
"1528446492","2400124032","0.417832"
"2400124032","1528446492","0.417832"
"1528446492","2523182524","0.251166"
"2523182524","1528446492","0.251166"
"1528446492","2740841061","0.251166"
"2740841061","1528446492","0.251166"
"1838656376","1968140791","0.167832"
"1968140791","1838656376","0.167832"
"1838656376","2096902478","0.167832"
"2096902478","1838656376","0.167832"
"1838656376","2199037211","0.167832"
"2199037211","1838656376","0.167832"
"1838656376","2211419885","0.667832"
"2211419885","1838656376","0.667832"
"1838656376","2400124032","2.41783"
"2400124032","1838656376","2.41783"
"1838656376","2403985139","0.167832"
"2403985139","1838656376","0.167832"
"1838656376","2523182524","0.167832"
"2523182524","1838656376","0.167832"
"1838656376","2740841061","0.167832"
"2740841061","1838656376","0.167832"
"1968140791","2199037211","0.167832"
"2199037211","1968140791","0.167832"
"1968140791","2211419885","1.5845"
"2211419885","1968140791","1.5845"
"1968140791","2400124032","1.16783"
"2400124032","1968140791","1.16783"
"1968140791","2740841061","0.417832"
"2740841061","1968140791","0.417832"
"2096902478","2199037211","2.25117"
"2199037211","2096902478","2.25117"
"2096902478","2211419885","0.667832"
"2211419885","2096902478","0.667832"
"2096902478","2400124032","0.167832"
"2400124032","2096902478","0.167832"
"2096902478","2523182524","0.251166"
"2523182524","2096902478","0.251166"
"2096902478","2740841061","0.251166"
"2740841061","2096902478","0.251166"
"2199037211","2211419885","0.167832"
"2211419885","2199037211","0.167832"
"2199037211","2400124032","0.417832"
"2400124032","2199037211","0.417832"
"2199037211","2403985139","0.167832"
"2403985139","2199037211","0.167832"
"2199037211","2523182524","0.251166"
"2523182524","2199037211","0.251166"
"2199037211","2740841061","0.251166"
"2740841061","2199037211","0.251166"
"2211419885","2400124032","0.167832"
"2400124032","2211419885","0.167832"
"2211419885","2403985139","0.501166"
"2403985139","2211419885","0.501166"
"2211419885","2523182524","0.167832"
"2523182524","2211419885","0.167832"
"2211419885","2740841061","0.417832"
"2740841061","2211419885","0.417832"
"2400124032","2403985139","0.167832"
"2403985139","2400124032","0.167832"
"2400124032","2523182524","0.167832"
"2523182524","2400124032","0.167832"
"2400124032","2740841061","0.167832"
"2740841061","2400124032","0.167832"
"2403985139","2523182524","0.167832"
"2523182524","2403985139","0.167832"
"2403985139","2740841061","0.167832"
"2740841061","2403985139","0.167832"
"2523182524","2740841061","0.501166"
"2740841061","2523182524","0.501166"
"140891738","1482134990","0.0769231"
"1482134990","140891738","0.0769231"
"140891738","169573825","0.326923"
"169573825","140891738","0.326923"
"1411762349","1482134990","0.0769231"
"1482134990","1411762349","0.0769231"
"1411762349","169573825","0.0769231"
"169573825","1411762349","0.0769231"
"1482134990","169573825","0.0769231"
"169573825","1482134990","0.0769231"
"1482134990","1838656376","0.0769231"
"1838656376","1482134990","0.0769231"
"1482134990","2199037211","0.410256"
"2199037211","1482134990","0.410256"
"1482134990","2211419885","0.0769231"
"2211419885","1482134990","0.0769231"
"1482134990","2400124032","0.326923"
"2400124032","1482134990","0.326923"
"1482134990","2523182524","0.160256"
"2523182524","1482134990","0.160256"
"1482134990","2740841061","0.160256"
"2740841061","1482134990","0.160256"
"1528446492","169573825","0.326923"
"169573825","1528446492","0.326923"
"169573825","1838656376","0.326923"
"1838656376","169573825","0.326923"
"169573825","1968140791","0.0769231"
"1968140791","169573825","0.0769231"
"169573825","2096902478","0.0769231"
"2096902478","169573825","0.0769231"
"169573825","2199037211","0.0769231"
"2199037211","169573825","0.0769231"
"169573825","2211419885","0.0769231"
"2211419885","169573825","0.0769231"
"169573825","2400124032","0.326923"
"2400124032","169573825","0.326923"
"169573825","2403985139","0.0769231"
"2403985139","169573825","0.0769231"
"169573825","2523182524","0.0769231"
"2523182524","169573825","0.0769231"
"169573825","2740841061","0.0769231"
"2740841061","169573825","0.0769231"
"145766074","1606535634","0.22619"
"1606535634","145766074","0.22619"
"1528446492","1606535634","0.22619"
"1606535634","1528446492","0.22619"
"1606535634","1827861853","1.64286"
"1827861853","1606535634","1.64286"
"1606535634","1968140791","0.142857"
"1968140791","1606535634","0.142857"
"1606535634","2075056819","2.97619"
"2075056819","1606535634","2.97619"
"1606535634","2144440555","0.392857"
"2144440555","1606535634","0.392857"
"1606535634","2152590570","1.64286"
"2152590570","1606535634","1.64286"
"145766074","1501101160","0.125"
"1501101160","145766074","0.125"
"145766074","1566224763","0.325"
"1566224763","145766074","0.325"
"145766074","1591758264","0.958333"
"1591758264","145766074","0.958333"
"145766074","2144960470","0.625"
"2144960470","145766074","0.625"
"1482134990","1501101160","0.625"
"1501101160","1482134990","0.625"
"1482134990","1566224763","0.825"
"1566224763","1482134990","0.825"
"1482134990","1591758264","0.458333"
"1591758264","1482134990","0.458333"
"1482134990","2144960470","0.125"
"2144960470","1482134990","0.125"
"1501101160","1528446492","2.625"
"1528446492","1501101160","2.625"
"1501101160","1566224763","0.125"
"1566224763","1501101160","0.125"
"1501101160","1591758264","0.125"
"1591758264","1501101160","0.125"
"1501101160","1996219645","0.125"
"1996219645","1501101160","0.125"
"1501101160","2144960470","0.125"
"2144960470","1501101160","0.125"
"1501101160","2403985139","0.625"
"2403985139","1501101160","0.625"
"1528446492","1591758264","0.125"
"1591758264","1528446492","0.125"
"1528446492","2144960470","0.125"
"2144960470","1528446492","0.125"
"1566224763","1591758264","0.125"
"1591758264","1566224763","0.125"
"1566224763","1996219645","0.125"
"1996219645","1566224763","0.125"
"1566224763","2144960470","0.125"
"2144960470","1566224763","0.125"
"1566224763","2403985139","0.325"
"2403985139","1566224763","0.325"
"1591758264","1996219645","0.125"
"1996219645","1591758264","0.125"
"1591758264","2144960470","5.95833"
"2144960470","1591758264","5.95833"
"1591758264","2403985139","0.125"
"2403985139","1591758264","0.125"
"1996219645","2144960470","0.125"
"2144960470","1996219645","0.125"
"2144960470","2403985139","0.125"
"2403985139","2144960470","0.125"
"145766074","2199037211","0.333333"
"2199037211","145766074","0.333333"
"145766074","2523182524","0.0833333"
"2523182524","145766074","0.0833333"
"145766074","2740841061","0.0833333"
"2740841061","145766074","0.0833333"
"1482134990","1606535634","0.0833333"
"1606535634","1482134990","0.0833333"
"1606535634","1996417630","0.416667"
"1996417630","1606535634","0.416667"
"1606535634","2014177337","0.0833333"
"2014177337","1606535634","0.0833333"
"1606535634","2062796915","0.25"
"2062796915","1606535634","0.25"
"1606535634","2083882774","0.416667"
"2083882774","1606535634","0.416667"
"1606535634","2096902478","0.0833333"
"2096902478","1606535634","0.0833333"
"1606535634","2199037211","0.0833333"
"2199037211","1606535634","0.0833333"
"1606535634","2523182524","0.0833333"
"2523182524","1606535634","0.0833333"
"1606535634","2740841061","0.0833333"
"2740841061","1606535634","0.0833333"
"1996417630","2199037211","0.583333"
"2199037211","1996417630","0.583333"
"1996417630","2523182524","0.0833333"
"2523182524","1996417630","0.0833333"
"1996417630","2740841061","0.0833333"
"2740841061","1996417630","0.0833333"
"2014177337","2199037211","0.583333"
"2199037211","2014177337","0.583333"
"2014177337","2523182524","0.0833333"
"2523182524","2014177337","0.0833333"
"2014177337","2740841061","0.0833333"
"2740841061","2014177337","0.0833333"
"2062796915","2199037211","0.0833333"
"2199037211","2062796915","0.0833333"
"2062796915","2523182524","1.33333"
"2523182524","2062796915","1.33333"
"2062796915","2740841061","0.333333"
"2740841061","2062796915","0.333333"
"2083882774","2199037211","0.0833333"
"2199037211","2083882774","0.0833333"
"2083882774","2523182524","0.0833333"
"2523182524","2083882774","0.0833333"
"2083882774","2740841061","0.0833333"
"2740841061","2083882774","0.0833333"
"2144440555","2199037211","0.0833333"
"2199037211","2144440555","0.0833333"
"2144440555","2523182524","0.0833333"
"2523182524","2144440555","0.0833333"
"2144440555","2740841061","0.0833333"
"2740841061","2144440555","0.0833333"
"1591758264","175184628","0.333333"
"175184628","1591758264","0.333333"
"1566224763","175184628","0.7"
"175184628","1566224763","0.7"
"145766074","2048467633","0.5"
"2048467633","145766074","0.5"
"1528446492","2048467633","1.625"
"2048467633","1528446492","1.625"
"145766074","2400124032","0.25"
"2400124032","145766074","0.25"
"175184628","2199037211","0.25"
"2199037211","175184628","0.25"
"175184628","2400124032","0.25"
"2400124032","175184628","0.25"
"1482134990","2048467633","0.5"
"2048467633","1482134990","0.5"
"1501101160","2096902478","0.5"
"2096902478","1501101160","0.5"
"2048467633","2144440555","0.642857"
"2144440555","2048467633","0.642857"
"2014177337","2048467633","0.5"
"2048467633","2014177337","0.5"
"1827861853","2048467633","0.60119"
"2048467633","1827861853","0.60119"
"2048467633","2062796915","1.45833"
"2062796915","2048467633","1.45833"
"2048467633","2152590570","0.60119"
"2152590570","2048467633","0.60119"
"1591758264","1827861853","1.33333"
"1827861853","1591758264","1.33333"
"1591758264","2152590570","1.33333"
"2152590570","1591758264","1.33333"
"1591758264","2199037211","1"
"2199037211","1591758264","1"
"1827861853","2144960470","0.333333"
"2144960470","1827861853","0.333333"
"2144960470","2152590570","0.333333"
"2152590570","2144960470","0.333333"
"1606535634","2400124032","0.166667"
"2400124032","1606535634","0.166667"
"1827861853","2400124032","0.166667"
"2400124032","1827861853","0.166667"
"1996417630","2400124032","0.166667"
"2400124032","1996417630","0.166667"
"2062796915","2400124032","0.166667"
"2400124032","2062796915","0.166667"
"2083882774","2400124032","0.166667"
"2400124032","2083882774","0.166667"
"2152590570","2400124032","0.166667"
"2400124032","2152590570","0.166667"
"1827861853","2523182524","0.25"
"2523182524","1827861853","0.25"
"1827861853","2740841061","0.25"
"2740841061","1827861853","0.25"
"2152590570","2523182524","0.25"
"2523182524","2152590570","0.25"
"2152590570","2740841061","0.25"
"2740841061","2152590570","0.25"
"2004817090","2199037211","1"
"2199037211","2004817090","1"
