"101052423","1834569198","0.666667"
"1834569198","101052423","0.666667"
"101052423","2077932368","1.25"
"2077932368","101052423","1.25"
"1834569198","2077932368","0.666667"
"2077932368","1834569198","0.666667"
"101052423","1859545522","0.333333"
"1859545522","101052423","0.333333"
"101052423","2120921911","0.75"
"2120921911","101052423","0.75"
"101052423","2136344735","0.333333"
"2136344735","101052423","0.333333"
"1859545522","2120921911","3.97619"
"2120921911","1859545522","3.97619"
"1859545522","2136344735","0.553114"
"2136344735","1859545522","0.553114"
"2120921911","2136344735","1.80952"
"2136344735","2120921911","1.80952"
"101052423","2007653859","1.5"
"2007653859","101052423","1.5"
"101052423","166193242","0.75"
"166193242","101052423","0.75"
"166193242","2007653859","1.44444"
"2007653859","166193242","1.44444"
"166193242","2077932368","6.20397"
"2077932368","166193242","6.20397"
"2007653859","2077932368","0.535354"
"2077932368","2007653859","0.535354"
"101052423","2134174320","1.25"
"2134174320","101052423","1.25"
"101052423","1541184672","0.166667"
"1541184672","101052423","0.166667"
"101052423","1887012070","0.333333"
"1887012070","101052423","0.333333"
"101052423","19246246","0.166667"
"19246246","101052423","0.166667"
"101052423","2001835324","0.166667"
"2001835324","101052423","0.166667"
"101052423","2144349823","0.166667"
"2144349823","101052423","0.166667"
"1541184672","1887012070","0.166667"
"1887012070","1541184672","0.166667"
"1541184672","19246246","4.41783"
"19246246","1541184672","4.41783"
"1541184672","2001835324","5.23688"
"2001835324","1541184672","5.23688"
"1541184672","2007653859","0.507576"
"2007653859","1541184672","0.507576"
"1541184672","2144349823","0.844023"
"2144349823","1541184672","0.844023"
"1887012070","19246246","0.166667"
"19246246","1887012070","0.166667"
"1887012070","2001835324","0.166667"
"2001835324","1887012070","0.166667"
"1887012070","2007653859","0.166667"
"2007653859","1887012070","0.166667"
"1887012070","2144349823","0.166667"
"2144349823","1887012070","0.166667"
"19246246","2001835324","4.41783"
"2001835324","19246246","4.41783"
"19246246","2007653859","0.618687"
"2007653859","19246246","0.618687"
"19246246","2144349823","0.501166"
"2144349823","19246246","0.501166"
"2001835324","2007653859","0.507576"
"2007653859","2001835324","0.507576"
"2001835324","2144349823","1.34402"
"2144349823","2001835324","1.34402"
"2007653859","2144349823","0.257576"
"2144349823","2007653859","0.257576"
"101052423","8899338","0.166667"
"8899338","101052423","0.166667"
"166193242","1834569198","6"
"1834569198","166193242","6"
"166193242","1887012070","5"
"1887012070","166193242","5"
"166193242","2120921911","0.559524"
"2120921911","166193242","0.559524"
"166193242","8899338","3"
"8899338","166193242","3"
"1834569198","1887012070","0.5"
"1887012070","1834569198","0.5"
"1834569198","2120921911","1.16667"
"2120921911","1834569198","1.16667"
"1834569198","8899338","0.5"
"8899338","1834569198","0.5"
"1887012070","2077932368","0.166667"
"2077932368","1887012070","0.166667"
"1887012070","2120921911","0.166667"
"2120921911","1887012070","0.166667"
"1887012070","8899338","4"
"8899338","1887012070","4"
"2077932368","2120921911","0.559524"
"2120921911","2077932368","0.559524"
"2077932368","8899338","0.166667"
"8899338","2077932368","0.166667"
"2120921911","8899338","0.166667"
"8899338","2120921911","0.166667"
"101052423","2141950871","1"
"2141950871","101052423","1"
"166193242","2134174320","0.25"
"2134174320","166193242","0.25"
"2077932368","2134174320","0.25"
"2134174320","2077932368","0.25"
"2120921911","2134174320","0.75"
"2134174320","2120921911","0.75"
"1503923190","2066387633","3.07692"
"2066387633","1503923190","3.07692"
"1503923190","1541184672","0.24359"
"1541184672","1503923190","0.24359"
"1503923190","19246246","0.354701"
"19246246","1503923190","0.354701"
"1503923190","2001835324","0.74359"
"2001835324","1503923190","0.74359"
"1503923190","2019803692","0.354701"
"2019803692","1503923190","0.354701"
"1503923190","2101073214","0.24359"
"2101073214","1503923190","0.24359"
"1503923190","2144349823","0.410256"
"2144349823","1503923190","0.410256"
"1541184672","2019803692","0.334499"
"2019803692","1541184672","0.334499"
"1541184672","2101073214","0.334499"
"2101073214","1541184672","0.334499"
"19246246","2019803692","0.44561"
"2019803692","19246246","0.44561"
"19246246","2101073214","0.334499"
"2101073214","19246246","0.334499"
"2001835324","2019803692","0.334499"
"2019803692","2001835324","0.334499"
"2001835324","2101073214","0.334499"
"2101073214","2001835324","0.334499"
"2019803692","2101073214","2.8345"
"2101073214","2019803692","2.8345"
"2019803692","2144349823","0.334499"
"2144349823","2019803692","0.334499"
"2101073214","2144349823","1.8345"
"2144349823","2101073214","1.8345"
"1503923190","2087891750","0.854701"
"2087891750","1503923190","0.854701"
"2001835324","2087891750","1.65355"
"2087891750","2001835324","1.65355"
"1503923190","160898605","0.0769231"
"160898605","1503923190","0.0769231"
"1503923190","1859545522","0.0769231"
"1859545522","1503923190","0.0769231"
"1503923190","194160929","0.24359"
"194160929","1503923190","0.24359"
"1503923190","1985823396","0.0769231"
"1985823396","1503923190","0.0769231"
"1503923190","2136344735","0.188034"
"2136344735","1503923190","0.188034"
"1541184672","160898605","0.0769231"
"160898605","1541184672","0.0769231"
"1541184672","1859545522","0.41978"
"1859545522","1541184672","0.41978"
"1541184672","194160929","0.21978"
"194160929","1541184672","0.21978"
"1541184672","1985823396","0.276923"
"1985823396","1541184672","0.276923"
"1541184672","2066387633","0.0769231"
"2066387633","1541184672","0.0769231"
"1541184672","2087891750","0.653546"
"2087891750","1541184672","0.653546"
"1541184672","2136344735","0.945971"
"2136344735","1541184672","0.945971"
"160898605","1859545522","0.326923"
"1859545522","160898605","0.326923"
"160898605","19246246","0.0769231"
"19246246","160898605","0.0769231"
"160898605","194160929","0.0769231"
"194160929","160898605","0.0769231"
"160898605","1985823396","0.326923"
"1985823396","160898605","0.326923"
"160898605","2001835324","0.0769231"
"2001835324","160898605","0.0769231"
"160898605","2019803692","0.0769231"
"2019803692","160898605","0.0769231"
"160898605","2066387633","0.0769231"
"2066387633","160898605","0.0769231"
"160898605","2087891750","0.0769231"
"2087891750","160898605","0.0769231"
"160898605","2101073214","0.0769231"
"2101073214","160898605","0.0769231"
"160898605","2136344735","0.0769231"
"2136344735","160898605","0.0769231"
"160898605","2144349823","0.326923"
"2144349823","160898605","0.326923"
"1859545522","19246246","0.0769231"
"19246246","1859545522","0.0769231"
"1859545522","194160929","0.326923"
"194160929","1859545522","0.326923"
"1859545522","1985823396","1.02692"
"1985823396","1859545522","1.02692"
"1859545522","2001835324","0.41978"
"2001835324","1859545522","0.41978"
"1859545522","2019803692","0.0769231"
"2019803692","1859545522","0.0769231"
"1859545522","2066387633","0.0769231"
"2066387633","1859545522","0.0769231"
"1859545522","2087891750","0.41978"
"2087891750","1859545522","0.41978"
"1859545522","2101073214","0.0769231"
"2101073214","1859545522","0.0769231"
"1859545522","2144349823","3.27692"
"2144349823","1859545522","3.27692"
"19246246","194160929","0.0769231"
"194160929","19246246","0.0769231"
"19246246","1985823396","0.0769231"
"1985823396","19246246","0.0769231"
"19246246","2066387633","0.0769231"
"2066387633","19246246","0.0769231"
"19246246","2087891750","0.278943"
"2087891750","19246246","0.278943"
"19246246","2136344735","0.438034"
"2136344735","19246246","0.438034"
"194160929","1985823396","0.0769231"
"1985823396","194160929","0.0769231"
"194160929","2001835324","0.21978"
"2001835324","194160929","0.21978"
"194160929","2019803692","1.07692"
"2019803692","194160929","1.07692"
"194160929","2066387633","0.0769231"
"2066387633","194160929","0.0769231"
"194160929","2087891750","0.886447"
"2087891750","194160929","0.886447"
"194160929","2101073214","0.0769231"
"2101073214","194160929","0.0769231"
"194160929","2136344735","0.21978"
"2136344735","194160929","0.21978"
"194160929","2144349823","8.45311"
"2144349823","194160929","8.45311"
"1985823396","2001835324","0.276923"
"2001835324","1985823396","0.276923"
"1985823396","2019803692","0.0769231"
"2019803692","1985823396","0.0769231"
"1985823396","2066387633","0.0769231"
"2066387633","1985823396","0.0769231"
"1985823396","2087891750","0.276923"
"2087891750","1985823396","0.276923"
"1985823396","2101073214","0.0769231"
"2101073214","1985823396","0.0769231"
"1985823396","2136344735","0.0769231"
"2136344735","1985823396","0.0769231"
"1985823396","2144349823","1.36026"
"2144349823","1985823396","1.36026"
"2001835324","2066387633","0.0769231"
"2066387633","2001835324","0.0769231"
"2001835324","2136344735","0.945971"
"2136344735","2001835324","0.945971"
"2019803692","2066387633","0.0769231"
"2066387633","2019803692","0.0769231"
"2019803692","2087891750","0.278943"
"2087891750","2019803692","0.278943"
"2019803692","2136344735","0.188034"
"2136344735","2019803692","0.188034"
"2066387633","2087891750","0.0769231"
"2087891750","2066387633","0.0769231"
"2066387633","2101073214","0.0769231"
"2101073214","2066387633","0.0769231"
"2066387633","2136344735","0.0769231"
"2136344735","2066387633","0.0769231"
"2066387633","2144349823","0.0769231"
"2144349823","2066387633","0.0769231"
"2087891750","2101073214","0.167832"
"2101073214","2087891750","0.167832"
"2087891750","2136344735","1.47375"
"2136344735","2087891750","1.47375"
"2087891750","2144349823","1.67736"
"2144349823","2087891750","1.67736"
"2101073214","2136344735","0.0769231"
"2136344735","2101073214","0.0769231"
"2136344735","2144349823","0.21978"
"2144349823","2136344735","0.21978"
"1503923190","166193242","0.111111"
"166193242","1503923190","0.111111"
"1503923190","1825479138","0.111111"
"1825479138","1503923190","0.111111"
"1503923190","2007653859","0.111111"
"2007653859","1503923190","0.111111"
"1503923190","2077932368","0.111111"
"2077932368","1503923190","0.111111"
"1503923190","2123570880","1.11111"
"2123570880","1503923190","1.11111"
"166193242","1825479138","0.111111"
"1825479138","166193242","0.111111"
"166193242","19246246","0.111111"
"19246246","166193242","0.111111"
"166193242","2019803692","0.111111"
"2019803692","166193242","0.111111"
"166193242","2087891750","0.253968"
"2087891750","166193242","0.253968"
"166193242","2123570880","0.111111"
"2123570880","166193242","0.111111"
"166193242","2136344735","0.253968"
"2136344735","166193242","0.253968"
"1825479138","19246246","0.111111"
"19246246","1825479138","0.111111"
"1825479138","2007653859","0.111111"
"2007653859","1825479138","0.111111"
"1825479138","2019803692","0.111111"
"2019803692","1825479138","0.111111"
"1825479138","2077932368","0.111111"
"2077932368","1825479138","0.111111"
"1825479138","2087891750","0.111111"
"2087891750","1825479138","0.111111"
"1825479138","2123570880","0.111111"
"2123570880","1825479138","0.111111"
"1825479138","2136344735","0.111111"
"2136344735","1825479138","0.111111"
"19246246","2077932368","0.20202"
"2077932368","19246246","0.20202"
"19246246","2123570880","0.111111"
"2123570880","19246246","0.111111"
"2007653859","2019803692","0.20202"
"2019803692","2007653859","0.20202"
"2007653859","2087891750","0.20202"
"2087891750","2007653859","0.20202"
"2007653859","2123570880","0.111111"
"2123570880","2007653859","0.111111"
"2007653859","2136344735","1.36111"
"2136344735","2007653859","1.36111"
"2019803692","2077932368","0.20202"
"2077932368","2019803692","0.20202"
"2019803692","2123570880","0.111111"
"2123570880","2019803692","0.111111"
"2077932368","2087891750","0.344877"
"2087891750","2077932368","0.344877"
"2077932368","2123570880","0.111111"
"2123570880","2077932368","0.111111"
"2077932368","2136344735","0.253968"
"2136344735","2077932368","0.253968"
"2087891750","2123570880","0.111111"
"2123570880","2087891750","0.111111"
"2123570880","2136344735","0.111111"
"2136344735","2123570880","0.111111"
"1503923190","2016046513","1.16667"
"2016046513","1503923190","1.16667"
"1503923190","1516865150","0.166667"
"1516865150","1503923190","0.166667"
"1503923190","2255298453","0.166667"
"2255298453","1503923190","0.166667"
"1516865150","194160929","0.95"
"194160929","1516865150","0.95"
"1516865150","2016046513","1.28333"
"2016046513","1516865150","1.28333"
"1516865150","2087891750","0.666667"
"2087891750","1516865150","0.666667"
"1516865150","2144349823","1.28333"
"2144349823","1516865150","1.28333"
"1516865150","2255298453","2.45"
"2255298453","1516865150","2.45"
"194160929","2016046513","5.73333"
"2016046513","194160929","5.73333"
"194160929","2255298453","1.06667"
"2255298453","194160929","1.06667"
"2016046513","2087891750","0.257576"
"2087891750","2016046513","0.257576"
"2016046513","2144349823","7.65758"
"2144349823","2016046513","7.65758"
"2016046513","2255298453","2.49091"
"2255298453","2016046513","2.49091"
"2087891750","2255298453","0.757576"
"2255298453","2087891750","0.757576"
"2144349823","2255298453","1.49091"
"2255298453","2144349823","1.49091"
"1516865150","2121245584","0.2"
"2121245584","1516865150","0.2"
"194160929","2121245584","1.53333"
"2121245584","194160929","1.53333"
"2016046513","2121245584","0.624242"
"2121245584","2016046513","0.624242"
"2121245584","2144349823","1.20758"
"2144349823","2121245584","1.20758"
"2121245584","2255298453","0.290909"
"2255298453","2121245584","0.290909"
"1541184672","1834569198","0.666667"
"1834569198","1541184672","0.666667"
"1834569198","19246246","0.666667"
"19246246","1834569198","0.666667"
"1834569198","2001835324","0.666667"
"2001835324","1834569198","0.666667"
"1541184672","2120921911","0.47619"
"2120921911","1541184672","0.47619"
"2001835324","2120921911","0.47619"
"2120921911","2001835324","0.47619"
"1541184672","166193242","0.142857"
"166193242","1541184672","0.142857"
"1541184672","2077932368","0.233766"
"2077932368","1541184672","0.233766"
"166193242","1859545522","0.142857"
"1859545522","166193242","0.142857"
"166193242","2001835324","0.142857"
"2001835324","166193242","0.142857"
"1859545522","2077932368","0.142857"
"2077932368","1859545522","0.142857"
"2001835324","2077932368","0.233766"
"2077932368","2001835324","0.233766"
"2087891750","2120921911","0.142857"
"2120921911","2087891750","0.142857"
"1541184672","2016046513","0.0909091"
"2016046513","1541184672","0.0909091"
"1541184672","2121245584","0.0909091"
"2121245584","1541184672","0.0909091"
"1541184672","2255298453","0.0909091"
"2255298453","1541184672","0.0909091"
"19246246","2016046513","0.0909091"
"2016046513","19246246","0.0909091"
"19246246","2121245584","0.0909091"
"2121245584","19246246","0.0909091"
"19246246","2255298453","0.0909091"
"2255298453","19246246","0.0909091"
"2001835324","2016046513","0.0909091"
"2016046513","2001835324","0.0909091"
"2001835324","2121245584","0.0909091"
"2121245584","2001835324","0.0909091"
"2001835324","2255298453","0.0909091"
"2255298453","2001835324","0.0909091"
"2007653859","2016046513","0.0909091"
"2016046513","2007653859","0.0909091"
"2007653859","2101073214","0.0909091"
"2101073214","2007653859","0.0909091"
"2007653859","2121245584","0.0909091"
"2121245584","2007653859","0.0909091"
"2007653859","2255298453","0.0909091"
"2255298453","2007653859","0.0909091"
"2016046513","2019803692","0.0909091"
"2019803692","2016046513","0.0909091"
"2016046513","2077932368","0.290909"
"2077932368","2016046513","0.290909"
"2016046513","2101073214","0.590909"
"2101073214","2016046513","0.590909"
"2019803692","2121245584","0.0909091"
"2121245584","2019803692","0.0909091"
"2019803692","2255298453","0.0909091"
"2255298453","2019803692","0.0909091"
"2077932368","2101073214","0.0909091"
"2101073214","2077932368","0.0909091"
"2077932368","2121245584","0.0909091"
"2121245584","2077932368","0.0909091"
"2077932368","2144349823","0.290909"
"2144349823","2077932368","0.290909"
"2077932368","2255298453","1.29091"
"2255298453","2077932368","1.29091"
"2087891750","2121245584","0.0909091"
"2121245584","2087891750","0.0909091"
"2101073214","2121245584","0.0909091"
"2121245584","2101073214","0.0909091"
"2101073214","2255298453","0.0909091"
"2255298453","2101073214","0.0909091"
"1541184672","2141950871","0.142857"
"2141950871","1541184672","0.142857"
"1541184672","2153051055","0.142857"
"2153051055","1541184672","0.142857"
"194160929","2141950871","0.142857"
"2141950871","194160929","0.142857"
"194160929","2153051055","0.142857"
"2153051055","194160929","0.142857"
"2001835324","2141950871","1.14286"
"2141950871","2001835324","1.14286"
"2001835324","2153051055","0.142857"
"2153051055","2001835324","0.142857"
"2087891750","2141950871","0.142857"
"2141950871","2087891750","0.142857"
"2087891750","2153051055","0.142857"
"2153051055","2087891750","0.142857"
"2136344735","2141950871","0.142857"
"2141950871","2136344735","0.142857"
"2136344735","2153051055","0.142857"
"2153051055","2136344735","0.142857"
"2141950871","2144349823","0.142857"
"2144349823","2141950871","0.142857"
"2141950871","2153051055","2.97619"
"2153051055","2141950871","2.97619"
"2144349823","2153051055","0.142857"
"2153051055","2144349823","0.142857"
"160898605","2121245584","3.58333"
"2121245584","160898605","3.58333"
"160898605","2141950871","0.333333"
"2141950871","160898605","0.333333"
"160898605","2153051055","0.333333"
"2153051055","160898605","0.333333"
"2121245584","2141950871","1.83333"
"2141950871","2121245584","1.83333"
"2121245584","2153051055","0.833333"
"2153051055","2121245584","0.833333"
"1859545522","2121245584","0.25"
"2121245584","1859545522","0.25"
"1985823396","2121245584","0.583333"
"2121245584","1985823396","0.583333"
"166193242","2255298453","1.2"
"2255298453","166193242","1.2"
"166193242","194160929","0.2"
"194160929","166193242","0.2"
"166193242","2016046513","0.2"
"2016046513","166193242","0.2"
"166193242","2144349823","0.7"
"2144349823","166193242","0.7"
"194160929","2077932368","0.2"
"2077932368","194160929","0.2"
"166193242","2018224761","0.583333"
"2018224761","166193242","0.583333"
"166193242","2099470022","0.583333"
"2099470022","166193242","0.583333"
"166193242","767034684","0.583333"
"767034684","166193242","0.583333"
"2018224761","2099470022","10.75"
"2099470022","2018224761","10.75"
"2018224761","767034684","18.25"
"767034684","2018224761","18.25"
"2099470022","767034684","10.75"
"767034684","2099470022","10.75"
"166193242","1974404008","0.25"
"1974404008","166193242","0.25"
"1974404008","2018224761","4.41667"
"2018224761","1974404008","4.41667"
"1974404008","2099470022","7.91667"
"2099470022","1974404008","7.91667"
"1974404008","767034684","7.41667"
"767034684","1974404008","7.41667"
"1834569198","2144349823","0.5"
"2144349823","1834569198","0.5"
"1834569198","1859545522","1"
"1859545522","1834569198","1"
"1834569198","1985823396","1"
"1985823396","1834569198","1"
"1859545522","2016046513","0.25"
"2016046513","1859545522","0.25"
"1859545522","2255298453","0.25"
"2255298453","1859545522","0.25"
"1859545522","2134174320","0.5"
"2134174320","1859545522","0.5"
"1887012070","1985823396","1"
"1985823396","1887012070","1"
"1887012070","2019803692","1"
"2019803692","1887012070","1"
"1985823396","2123570880","0.333333"
"2123570880","1985823396","0.333333"
"2121245584","2123570880","0.333333"
"2123570880","2121245584","0.333333"
"2123570880","2144349823","0.333333"
"2144349823","2123570880","0.333333"
"2019803692","2153051055","0.5"
"2153051055","2019803692","0.5"
"2101073214","2153051055","0.5"
"2153051055","2101073214","0.5"
"2123570880","2170353742","4"
"2170353742","2123570880","4"
