"148059222","1997332627","0.507576"
"1997332627","148059222","0.507576"
"148059222","2067082584","0.257576"
"2067082584","148059222","0.257576"
"148059222","2099360200","0.329004"
"2099360200","148059222","0.329004"
"148059222","2115503987","1.04091"
"2115503987","148059222","1.04091"
"148059222","2124988342","0.662338"
"2124988342","148059222","0.662338"
"148059222","2130634815","0.495671"
"2130634815","148059222","0.495671"
"148059222","2143928465","0.779004"
"2143928465","148059222","0.779004"
"148059222","2145813311","16.6957"
"2145813311","148059222","16.6957"
"148059222","2150397765","0.779004"
"2150397765","148059222","0.779004"
"148059222","2171145370","1.36234"
"2171145370","148059222","1.36234"
"148059222","2485234578","0.579004"
"2485234578","148059222","0.579004"
"1997332627","2067082584","0.0909091"
"2067082584","1997332627","0.0909091"
"1997332627","2099360200","0.157576"
"2099360200","1997332627","0.157576"
"1997332627","2115503987","1.64134"
"2115503987","1997332627","1.64134"
"1997332627","2124988342","0.765152"
"2124988342","1997332627","0.765152"
"1997332627","2130634815","0.348485"
"2130634815","1997332627","0.348485"
"1997332627","2143928465","0.157576"
"2143928465","1997332627","0.157576"
"1997332627","2145813311","0.507576"
"2145813311","1997332627","0.507576"
"1997332627","2150397765","0.974675"
"2150397765","1997332627","0.974675"
"1997332627","2171145370","0.157576"
"2171145370","1997332627","0.157576"
"1997332627","2485234578","3.22468"
"2485234578","1997332627","3.22468"
"2067082584","2099360200","21.2576"
"2099360200","2067082584","21.2576"
"2067082584","2115503987","0.0909091"
"2115503987","2067082584","0.0909091"
"2067082584","2124988342","0.0909091"
"2124988342","2067082584","0.0909091"
"2067082584","2130634815","0.590909"
"2130634815","2067082584","0.590909"
"2067082584","2143928465","0.257576"
"2143928465","2067082584","0.257576"
"2067082584","2145813311","0.257576"
"2145813311","2067082584","0.257576"
"2067082584","2150397765","0.257576"
"2150397765","2067082584","0.257576"
"2067082584","2171145370","0.257576"
"2171145370","2067082584","0.257576"
"2067082584","2485234578","0.0909091"
"2485234578","2067082584","0.0909091"
"2099360200","2115503987","0.490909"
"2115503987","2099360200","0.490909"
"2099360200","2124988342","0.162338"
"2124988342","2099360200","0.162338"
"2099360200","2130634815","0.662338"
"2130634815","2099360200","0.662338"
"2099360200","2143928465","0.395671"
"2143928465","2099360200","0.395671"
"2099360200","2145813311","0.329004"
"2145813311","2099360200","0.329004"
"2099360200","2150397765","0.395671"
"2150397765","2099360200","0.395671"
"2099360200","2171145370","0.395671"
"2171145370","2099360200","0.395671"
"2099360200","2485234578","0.229004"
"2485234578","2099360200","0.229004"
"2115503987","2124988342","4.29848"
"2124988342","2115503987","4.29848"
"2115503987","2130634815","1.04848"
"2130634815","2115503987","1.04848"
"2115503987","2143928465","0.357576"
"2143928465","2115503987","0.357576"
"2115503987","2145813311","1.04091"
"2145813311","2115503987","1.04091"
"2115503987","2150397765","2.42468"
"2150397765","2115503987","2.42468"
"2115503987","2171145370","0.857576"
"2171145370","2115503987","0.857576"
"2115503987","2485234578","1.22468"
"2485234578","2115503987","1.22468"
"2124988342","2130634815","0.453247"
"2130634815","2124988342","0.453247"
"2124988342","2143928465","0.162338"
"2143928465","2124988342","0.162338"
"2124988342","2145813311","0.662338"
"2145813311","2124988342","0.662338"
"2124988342","2150397765","0.669913"
"2150397765","2124988342","0.669913"
"2124988342","2171145370","0.162338"
"2171145370","2124988342","0.162338"
"2124988342","2485234578","0.419913"
"2485234578","2124988342","0.419913"
"2130634815","2143928465","0.162338"
"2143928465","2130634815","0.162338"
"2130634815","2145813311","0.495671"
"2145813311","2130634815","0.495671"
"2130634815","2150397765","1.91991"
"2150397765","2130634815","1.91991"
"2130634815","2171145370","0.495671"
"2171145370","2130634815","0.495671"
"2130634815","2485234578","0.419913"
"2485234578","2130634815","0.419913"
"2143928465","2145813311","0.529004"
"2145813311","2143928465","0.529004"
"2143928465","2150397765","1.84567"
"2150397765","2143928465","1.84567"
"2143928465","2171145370","7.59567"
"2171145370","2143928465","7.59567"
"2143928465","2485234578","0.229004"
"2485234578","2143928465","0.229004"
"2145813311","2150397765","1.029"
"2150397765","2145813311","1.029"
"2145813311","2171145370","1.36234"
"2171145370","2145813311","1.36234"
"2145813311","2485234578","0.579004"
"2485234578","2145813311","0.579004"
"2150397765","2171145370","1.59567"
"2171145370","2150397765","1.59567"
"2150397765","2485234578","0.629437"
"2485234578","2150397765","0.629437"
"2171145370","2485234578","0.229004"
"2485234578","2171145370","0.229004"
"148059222","2292999916","0.654762"
"2292999916","148059222","0.654762"
"148059222","2754950504","0.333333"
"2754950504","148059222","0.333333"
"2145813311","2292999916","1.65476"
"2292999916","2145813311","1.65476"
"2145813311","2754950504","0.333333"
"2754950504","2145813311","0.333333"
"2292999916","2754950504","0.333333"
"2754950504","2292999916","0.333333"
"148059222","1537474906","0.0714286"
"1537474906","148059222","0.0714286"
"148059222","1539153042","0.321429"
"1539153042","148059222","0.321429"
"148059222","2151795750","0.0714286"
"2151795750","148059222","0.0714286"
"148059222","2158732813","0.0714286"
"2158732813","148059222","0.0714286"
"148059222","2951455322","0.321429"
"2951455322","148059222","0.321429"
"1537474906","1539153042","0.412338"
"1539153042","1537474906","0.412338"
"1537474906","2099360200","0.0714286"
"2099360200","1537474906","0.0714286"
"1537474906","2124988342","0.329004"
"2124988342","1537474906","0.329004"
"1537474906","2130634815","0.329004"
"2130634815","1537474906","0.329004"
"1537474906","2143928465","0.0714286"
"2143928465","1537474906","0.0714286"
"1537474906","2145813311","0.0714286"
"2145813311","1537474906","0.0714286"
"1537474906","2150397765","0.495671"
"2150397765","1537474906","0.495671"
"1537474906","2151795750","0.321429"
"2151795750","1537474906","0.321429"
"1537474906","2158732813","2.65476"
"2158732813","1537474906","2.65476"
"1537474906","2171145370","0.0714286"
"2171145370","1537474906","0.0714286"
"1537474906","2292999916","0.0714286"
"2292999916","1537474906","0.0714286"
"1537474906","2485234578","0.329004"
"2485234578","1537474906","0.329004"
"1537474906","2951455322","0.412338"
"2951455322","1537474906","0.412338"
"1539153042","2099360200","0.138095"
"2099360200","1539153042","0.138095"
"1539153042","2124988342","0.362338"
"2124988342","1539153042","0.362338"
"1539153042","2130634815","0.445671"
"2130634815","1539153042","0.445671"
"1539153042","2143928465","0.388095"
"2143928465","1539153042","0.388095"
"1539153042","2145813311","0.0714286"
"2145813311","1539153042","0.0714286"
"1539153042","2150397765","0.562338"
"2150397765","1539153042","0.562338"
"1539153042","2151795750","0.0714286"
"2151795750","1539153042","0.0714286"
"1539153042","2158732813","0.588095"
"2158732813","1539153042","0.588095"
"1539153042","2171145370","0.638095"
"2171145370","1539153042","0.638095"
"1539153042","2292999916","0.0714286"
"2292999916","1539153042","0.0714286"
"1539153042","2485234578","0.312338"
"2485234578","1539153042","0.312338"
"1539153042","2951455322","8.529"
"2951455322","1539153042","8.529"
"2099360200","2151795750","0.0714286"
"2151795750","2099360200","0.0714286"
"2099360200","2158732813","0.138095"
"2158732813","2099360200","0.138095"
"2099360200","2292999916","0.0714286"
"2292999916","2099360200","0.0714286"
"2099360200","2951455322","0.138095"
"2951455322","2099360200","0.138095"
"2124988342","2151795750","0.238095"
"2151795750","2124988342","0.238095"
"2124988342","2158732813","0.0714286"
"2158732813","2124988342","0.0714286"
"2124988342","2292999916","0.0714286"
"2292999916","2124988342","0.0714286"
"2124988342","2951455322","0.362338"
"2951455322","2124988342","0.362338"
"2130634815","2151795750","0.154762"
"2151795750","2130634815","0.154762"
"2130634815","2158732813","0.238095"
"2158732813","2130634815","0.238095"
"2130634815","2292999916","0.0714286"
"2292999916","2130634815","0.0714286"
"2130634815","2951455322","0.445671"
"2951455322","2130634815","0.445671"
"2143928465","2151795750","0.0714286"
"2151795750","2143928465","0.0714286"
"2143928465","2158732813","0.138095"
"2158732813","2143928465","0.138095"
"2143928465","2292999916","0.0714286"
"2292999916","2143928465","0.0714286"
"2143928465","2951455322","0.388095"
"2951455322","2143928465","0.388095"
"2145813311","2151795750","0.0714286"
"2151795750","2145813311","0.0714286"
"2145813311","2158732813","0.0714286"
"2158732813","2145813311","0.0714286"
"2145813311","2951455322","0.0714286"
"2951455322","2145813311","0.0714286"
"2150397765","2151795750","0.321429"
"2151795750","2150397765","0.321429"
"2150397765","2158732813","0.447619"
"2158732813","2150397765","0.447619"
"2150397765","2292999916","0.0714286"
"2292999916","2150397765","0.0714286"
"2150397765","2951455322","0.562338"
"2951455322","2150397765","0.562338"
"2151795750","2158732813","0.154762"
"2158732813","2151795750","0.154762"
"2151795750","2171145370","0.0714286"
"2171145370","2151795750","0.0714286"
"2151795750","2292999916","0.0714286"
"2292999916","2151795750","0.0714286"
"2151795750","2485234578","0.154762"
"2485234578","2151795750","0.154762"
"2151795750","2951455322","0.0714286"
"2951455322","2151795750","0.0714286"
"2158732813","2171145370","0.138095"
"2171145370","2158732813","0.138095"
"2158732813","2292999916","0.0714286"
"2292999916","2158732813","0.0714286"
"2158732813","2485234578","0.447619"
"2485234578","2158732813","0.447619"
"2158732813","2951455322","0.588095"
"2951455322","2158732813","0.588095"
"2171145370","2292999916","0.0714286"
"2292999916","2171145370","0.0714286"
"2171145370","2951455322","0.138095"
"2951455322","2171145370","0.138095"
"2292999916","2485234578","0.0714286"
"2485234578","2292999916","0.0714286"
"2292999916","2951455322","0.0714286"
"2951455322","2292999916","0.0714286"
"2485234578","2951455322","0.312338"
"2951455322","2485234578","0.312338"
"148059222","1976222091","0.25"
"1976222091","148059222","0.25"
"148059222","2065453939","0.25"
"2065453939","148059222","0.25"
"1976222091","2065453939","0.5"
"2065453939","1976222091","0.5"
"1976222091","2145813311","0.25"
"2145813311","1976222091","0.25"
"1976222091","2292999916","0.25"
"2292999916","1976222091","0.25"
"2065453939","2145813311","0.25"
"2145813311","2065453939","0.25"
"2065453939","2292999916","0.25"
"2292999916","2065453939","0.25"
"148059222","1510252230","0.166667"
"1510252230","148059222","0.166667"
"1510252230","1997332627","1.04286"
"1997332627","1510252230","1.04286"
"1510252230","2115503987","1.54286"
"2115503987","1510252230","1.54286"
"1510252230","2124988342","0.416667"
"2124988342","1510252230","0.416667"
"1510252230","2145813311","0.666667"
"2145813311","1510252230","0.666667"
"1510252230","2485234578","0.792857"
"2485234578","1510252230","0.792857"
"1490860265","2118828104","2.86667"
"2118828104","1490860265","2.86667"
"1490860265","2149576945","2.86667"
"2149576945","1490860265","2.86667"
"2118828104","2149576945","15.2"
"2149576945","2118828104","15.2"
"1490860265","2115503987","1.39286"
"2115503987","1490860265","1.39286"
"1490860265","1510252230","2.05952"
"1510252230","1490860265","2.05952"
"1510252230","2118828104","0.916667"
"2118828104","1510252230","0.916667"
"1510252230","2149576945","1"
"2149576945","1510252230","1"
"1490860265","1976222091","1"
"1976222091","1490860265","1"
"1490860265","2151795750","0.333333"
"2151795750","1490860265","0.333333"
"2118828104","2151795750","1.83333"
"2151795750","2118828104","1.83333"
"2149576945","2151795750","0.916667"
"2151795750","2149576945","0.916667"
"1490860265","2150397765","0.642857"
"2150397765","1490860265","0.642857"
"1510252230","2150397765","2.87619"
"2150397765","1510252230","2.87619"
"2118828104","2150397765","0.5"
"2150397765","2118828104","0.5"
"2149576945","2150397765","0.583333"
"2150397765","2149576945","0.583333"
"1490860265","1997332627","0.142857"
"1997332627","1490860265","0.142857"
"1490860265","2062735494","0.142857"
"2062735494","1490860265","0.142857"
"1490860265","2158732813","0.47619"
"2158732813","1490860265","0.47619"
"1490860265","2485234578","0.142857"
"2485234578","1490860265","0.142857"
"1510252230","2062735494","0.392857"
"2062735494","1510252230","0.392857"
"1510252230","2158732813","0.37619"
"2158732813","1510252230","0.37619"
"1997332627","2062735494","0.392857"
"2062735494","1997332627","0.392857"
"1997332627","2158732813","0.37619"
"2158732813","1997332627","0.37619"
"2062735494","2115503987","0.392857"
"2115503987","2062735494","0.392857"
"2062735494","2150397765","0.142857"
"2150397765","2062735494","0.142857"
"2062735494","2158732813","0.142857"
"2158732813","2062735494","0.142857"
"2062735494","2485234578","0.392857"
"2485234578","2062735494","0.392857"
"2115503987","2158732813","0.37619"
"2158732813","2115503987","0.37619"
"1490860265","1539153042","0.2"
"1539153042","1490860265","0.2"
"1490860265","2292449291","0.2"
"2292449291","1490860265","0.2"
"1490860265","2951455322","0.2"
"2951455322","1490860265","0.2"
"1539153042","2118828104","0.2"
"2118828104","1539153042","0.2"
"1539153042","2149576945","0.2"
"2149576945","1539153042","0.2"
"1539153042","2292449291","0.9"
"2292449291","1539153042","0.9"
"2118828104","2292449291","0.2"
"2292449291","2118828104","0.2"
"2118828104","2951455322","0.2"
"2951455322","2118828104","0.2"
"2149576945","2292449291","0.2"
"2292449291","2149576945","0.2"
"2149576945","2951455322","0.2"
"2951455322","2149576945","0.2"
"2292449291","2951455322","0.4"
"2951455322","2292449291","0.4"
"2118828104","2158732813","0.333333"
"2158732813","2118828104","0.333333"
"2149576945","2158732813","0.416667"
"2158732813","2149576945","0.416667"
"1490860265","2158238403","0.333333"
"2158238403","1490860265","0.333333"
"2118828104","2158238403","0.333333"
"2158238403","2118828104","0.333333"
"2149576945","2158238403","0.416667"
"2158238403","2149576945","0.416667"
"2115503987","2118828104","1.08333"
"2118828104","2115503987","1.08333"
"2115503987","2149576945","2.16667"
"2149576945","2115503987","2.16667"
"1494794995","2043659689","10"
"2043659689","1494794995","10"
"1510252230","1537474906","0.166667"
"1537474906","1510252230","0.166667"
"1510252230","2129088288","0.233333"
"2129088288","1510252230","0.233333"
"1510252230","2130634815","0.166667"
"2130634815","1510252230","0.166667"
"1510252230","2151795750","0.0833333"
"2151795750","1510252230","0.0833333"
"1510252230","2156972533","0.233333"
"2156972533","1510252230","0.233333"
"1510252230","2158238403","0.233333"
"2158238403","1510252230","0.233333"
"1537474906","1997332627","0.424242"
"1997332627","1537474906","0.424242"
"1537474906","2115503987","0.424242"
"2115503987","1537474906","0.424242"
"1537474906","2129088288","1.25"
"2129088288","1537474906","1.25"
"1537474906","2149576945","0.0833333"
"2149576945","1537474906","0.0833333"
"1537474906","2156972533","0.583333"
"2156972533","1537474906","0.583333"
"1537474906","2158238403","0.257576"
"2158238403","1537474906","0.257576"
"1997332627","2129088288","0.233333"
"2129088288","1997332627","0.233333"
"1997332627","2149576945","1.08333"
"2149576945","1997332627","1.08333"
"1997332627","2151795750","0.25"
"2151795750","1997332627","0.25"
"1997332627","2156972533","0.233333"
"2156972533","1997332627","0.233333"
"1997332627","2158238403","0.324242"
"2158238403","1997332627","0.324242"
"2115503987","2129088288","0.566667"
"2129088288","2115503987","0.566667"
"2115503987","2151795750","0.25"
"2151795750","2115503987","0.25"
"2115503987","2156972533","0.566667"
"2156972533","2115503987","0.566667"
"2115503987","2158238403","1.32424"
"2158238403","2115503987","1.32424"
"2129088288","2130634815","0.416667"
"2130634815","2129088288","0.416667"
"2129088288","2149576945","0.0833333"
"2149576945","2129088288","0.0833333"
"2129088288","2150397765","0.733333"
"2150397765","2129088288","0.733333"
"2129088288","2151795750","0.0833333"
"2151795750","2129088288","0.0833333"
"2129088288","2156972533","5.18333"
"2156972533","2129088288","5.18333"
"2129088288","2158238403","0.483333"
"2158238403","2129088288","0.483333"
"2129088288","2158732813","1.51667"
"2158732813","2129088288","1.51667"
"2129088288","2485234578","0.233333"
"2485234578","2129088288","0.233333"
"2130634815","2149576945","0.0833333"
"2149576945","2130634815","0.0833333"
"2130634815","2156972533","0.166667"
"2156972533","2130634815","0.166667"
"2130634815","2158238403","0.507576"
"2158238403","2130634815","0.507576"
"2149576945","2156972533","0.0833333"
"2156972533","2149576945","0.0833333"
"2149576945","2485234578","1.08333"
"2485234578","2149576945","1.08333"
"2150397765","2156972533","0.733333"
"2156972533","2150397765","0.733333"
"2150397765","2158238403","0.324242"
"2158238403","2150397765","0.324242"
"2151795750","2156972533","0.0833333"
"2156972533","2151795750","0.0833333"
"2151795750","2158238403","0.0833333"
"2158238403","2151795750","0.0833333"
"2156972533","2158238403","0.233333"
"2158238403","2156972533","0.233333"
"2156972533","2158732813","0.85"
"2158732813","2156972533","0.85"
"2156972533","2485234578","0.233333"
"2485234578","2156972533","0.233333"
"2158238403","2158732813","0.233333"
"2158732813","2158238403","0.233333"
"2158238403","2485234578","0.324242"
"2485234578","2158238403","0.324242"
"1510252230","1539153042","0.15"
"1539153042","1510252230","0.15"
"1510252230","2099360200","0.0666667"
"2099360200","1510252230","0.0666667"
"1510252230","2143928465","0.0666667"
"2143928465","1510252230","0.0666667"
"1510252230","2144973160","0.0666667"
"2144973160","1510252230","0.0666667"
"1510252230","2171145370","0.0666667"
"2171145370","1510252230","0.0666667"
"1510252230","2583699183","0.0666667"
"2583699183","1510252230","0.0666667"
"1510252230","2951455322","0.15"
"2951455322","1510252230","0.15"
"1539153042","1997332627","0.240909"
"1997332627","1539153042","0.240909"
"1539153042","2115503987","0.940909"
"2115503987","1539153042","0.940909"
"1539153042","2129088288","0.516667"
"2129088288","1539153042","0.516667"
"1539153042","2144973160","3.43333"
"2144973160","1539153042","3.43333"
"1539153042","2156972533","0.35"
"2156972533","1539153042","0.35"
"1539153042","2158238403","0.574242"
"2158238403","1539153042","0.574242"
"1539153042","2583699183","2.1"
"2583699183","1539153042","2.1"
"1997332627","2144973160","0.0666667"
"2144973160","1997332627","0.0666667"
"1997332627","2583699183","0.0666667"
"2583699183","1997332627","0.0666667"
"1997332627","2951455322","0.240909"
"2951455322","1997332627","0.240909"
"2099360200","2129088288","0.4"
"2129088288","2099360200","0.4"
"2099360200","2144973160","0.0666667"
"2144973160","2099360200","0.0666667"
"2099360200","2156972533","0.4"
"2156972533","2099360200","0.4"
"2099360200","2158238403","0.0666667"
"2158238403","2099360200","0.0666667"
"2099360200","2583699183","0.0666667"
"2583699183","2099360200","0.0666667"
"2115503987","2144973160","0.0666667"
"2144973160","2115503987","0.0666667"
"2115503987","2583699183","0.0666667"
"2583699183","2115503987","0.0666667"
"2115503987","2951455322","0.440909"
"2951455322","2115503987","0.440909"
"2129088288","2143928465","0.0666667"
"2143928465","2129088288","0.0666667"
"2129088288","2144973160","0.0666667"
"2144973160","2129088288","0.0666667"
"2129088288","2171145370","0.0666667"
"2171145370","2129088288","0.0666667"
"2129088288","2583699183","0.0666667"
"2583699183","2129088288","0.0666667"
"2129088288","2951455322","0.516667"
"2951455322","2129088288","0.516667"
"2143928465","2144973160","0.0666667"
"2144973160","2143928465","0.0666667"
"2143928465","2156972533","0.0666667"
"2156972533","2143928465","0.0666667"
"2143928465","2158238403","0.0666667"
"2158238403","2143928465","0.0666667"
"2143928465","2583699183","0.0666667"
"2583699183","2143928465","0.0666667"
"2144973160","2150397765","0.0666667"
"2150397765","2144973160","0.0666667"
"2144973160","2156972533","0.0666667"
"2156972533","2144973160","0.0666667"
"2144973160","2158238403","0.4"
"2158238403","2144973160","0.4"
"2144973160","2158732813","0.0666667"
"2158732813","2144973160","0.0666667"
"2144973160","2171145370","0.0666667"
"2171145370","2144973160","0.0666667"
"2144973160","2485234578","0.0666667"
"2485234578","2144973160","0.0666667"
"2144973160","2583699183","0.6"
"2583699183","2144973160","0.6"
"2144973160","2951455322","1.43333"
"2951455322","2144973160","1.43333"
"2150397765","2583699183","0.0666667"
"2583699183","2150397765","0.0666667"
"2156972533","2171145370","0.0666667"
"2171145370","2156972533","0.0666667"
"2156972533","2583699183","0.0666667"
"2583699183","2156972533","0.0666667"
"2156972533","2951455322","0.35"
"2951455322","2156972533","0.35"
"2158238403","2171145370","0.0666667"
"2171145370","2158238403","0.0666667"
"2158238403","2583699183","0.0666667"
"2583699183","2158238403","0.0666667"
"2158238403","2951455322","0.574242"
"2951455322","2158238403","0.574242"
"2158732813","2583699183","0.0666667"
"2583699183","2158732813","0.0666667"
"2171145370","2583699183","0.0666667"
"2583699183","2171145370","0.0666667"
"2485234578","2583699183","0.0666667"
"2583699183","2485234578","0.0666667"
"2583699183","2951455322","0.6"
"2951455322","2583699183","0.6"
"1537474906","2019006852","0.840909"
"2019006852","1537474906","0.840909"
"2019006852","2129088288","0.616667"
"2129088288","2019006852","0.616667"
"2019006852","2156972533","0.616667"
"2156972533","2019006852","0.616667"
"2019006852","2158732813","1.95"
"2158732813","2019006852","1.95"
"1537474906","2292449291","0.166667"
"2292449291","1537474906","0.166667"
"1997332627","2292449291","0.166667"
"2292449291","1997332627","0.166667"
"2115503987","2292449291","0.166667"
"2292449291","2115503987","0.166667"
"2124988342","2292449291","0.166667"
"2292449291","2124988342","0.166667"
"2150397765","2292449291","0.166667"
"2292449291","2150397765","0.166667"
"2151795750","2292449291","0.166667"
"2292449291","2151795750","0.166667"
"1537474906","1976222091","0.757576"
"1976222091","1537474906","0.757576"
"1537474906","2056259203","0.166667"
"2056259203","1537474906","0.166667"
"1976222091","2019006852","0.590909"
"2019006852","1976222091","0.590909"
"1976222091","2056259203","0.166667"
"2056259203","1976222091","0.166667"
"1976222091","2129088288","1.08333"
"2129088288","1976222091","1.08333"
"1976222091","2156972533","0.666667"
"2156972533","1976222091","0.666667"
"1976222091","2158732813","0.666667"
"2158732813","1976222091","0.666667"
"2019006852","2056259203","0.166667"
"2056259203","2019006852","0.166667"
"2056259203","2129088288","0.166667"
"2129088288","2056259203","0.166667"
"2056259203","2156972533","0.166667"
"2156972533","2056259203","0.166667"
"2056259203","2158732813","0.166667"
"2158732813","2056259203","0.166667"
"1539153042","1976222091","1.95758"
"1976222091","1539153042","1.95758"
"1539153042","2019006852","0.290909"
"2019006852","1539153042","0.290909"
"1976222091","1997332627","0.0909091"
"1997332627","1976222091","0.0909091"
"1976222091","2115503987","0.624242"
"2115503987","1976222091","0.624242"
"1976222091","2124988342","0.290909"
"2124988342","1976222091","0.290909"
"1976222091","2130634815","0.540909"
"2130634815","1976222091","0.540909"
"1976222091","2150397765","0.0909091"
"2150397765","1976222091","0.0909091"
"1976222091","2158238403","1.34091"
"2158238403","1976222091","1.34091"
"1976222091","2485234578","0.0909091"
"2485234578","1976222091","0.0909091"
"1976222091","2951455322","1.95758"
"2951455322","1976222091","1.95758"
"1997332627","2019006852","0.0909091"
"2019006852","1997332627","0.0909091"
"2019006852","2115503987","0.0909091"
"2115503987","2019006852","0.0909091"
"2019006852","2124988342","0.0909091"
"2124988342","2019006852","0.0909091"
"2019006852","2130634815","0.0909091"
"2130634815","2019006852","0.0909091"
"2019006852","2150397765","0.0909091"
"2150397765","2019006852","0.0909091"
"2019006852","2158238403","0.0909091"
"2158238403","2019006852","0.0909091"
"2019006852","2485234578","0.0909091"
"2485234578","2019006852","0.0909091"
"2019006852","2951455322","0.290909"
"2951455322","2019006852","0.290909"
"2124988342","2158238403","0.0909091"
"2158238403","2124988342","0.0909091"
"1537474906","2067082584","0.166667"
"2067082584","1537474906","0.166667"
"1539153042","2067082584","0.5"
"2067082584","1539153042","0.5"
"1976222091","2067082584","0.666667"
"2067082584","1976222091","0.666667"
"2067082584","2129088288","0.166667"
"2129088288","2067082584","0.166667"
"2067082584","2158732813","0.166667"
"2158732813","2067082584","0.166667"
"2067082584","2951455322","0.5"
"2951455322","2067082584","0.5"
"1539153042","2056259203","0.333333"
"2056259203","1539153042","0.333333"
"2056259203","2067082584","1.33333"
"2067082584","2056259203","1.33333"
"2056259203","2951455322","0.333333"
"2951455322","2056259203","0.333333"
"1539153042","2754950504","1.2"
"2754950504","1539153042","1.2"
"2292449291","2754950504","2.7"
"2754950504","2292449291","2.7"
"2144973160","2292449291","0.2"
"2292449291","2144973160","0.2"
"2144973160","2754950504","0.2"
"2754950504","2144973160","0.2"
"2292449291","2583699183","0.2"
"2583699183","2292449291","0.2"
"2583699183","2754950504","5.7"
"2754950504","2583699183","5.7"
"2754950504","2951455322","0.2"
"2951455322","2754950504","0.2"
"1805348380","2150502657","8"
"2150502657","1805348380","8"
"1976222091","2118828104","2.33333"
"2118828104","1976222091","2.33333"
"1976222091","2149576945","0.333333"
"2149576945","1976222091","0.333333"
"1976222091","2099360200","0.5"
"2099360200","1976222091","0.5"
"2065453939","2129088288","0.25"
"2129088288","2065453939","0.25"
"2065453939","2130634815","0.25"
"2130634815","2065453939","0.25"
"2065453939","2158238403","0.25"
"2158238403","2065453939","0.25"
