"1018421184","1898875461","0.5"
"1898875461","1018421184","0.5"
"1018421184","2137629250","5.5"
"2137629250","1018421184","5.5"
"1898875461","2137629250","0.5"
"2137629250","1898875461","0.5"
"1018421184","1044971441","1.5"
"1044971441","1018421184","1.5"
"1018421184","1887596507","2.5"
"1887596507","1018421184","2.5"
"1044971441","1887596507","337.2"
"1887596507","1044971441","337.2"
"1044971441","2137629250","2"
"2137629250","1044971441","2"
"1887596507","2137629250","4"
"2137629250","1887596507","4"
"1036339604","1887596507","2.5"
"1887596507","1036339604","2.5"
"1036339604","2562830116","0.5"
"2562830116","1036339604","0.5"
"1887596507","2562830116","0.5"
"2562830116","1887596507","0.5"
"1044971441","2591493984","3.5"
"2591493984","1044971441","3.5"
"1887596507","2591493984","3.5"
"2591493984","1887596507","3.5"
"1044971441","2281775863","7.36667"
"2281775863","1044971441","7.36667"
"1887596507","2281775863","20.7833"
"2281775863","1887596507","20.7833"
"1044971441","247741628","3.53333"
"247741628","1044971441","3.53333"
"1044971441","1898875461","2.66667"
"1898875461","1044971441","2.66667"
"1044971441","2116668001","2.16667"
"2116668001","1044971441","2.16667"
"1887596507","1898875461","12.75"
"1898875461","1887596507","12.75"
"1887596507","2116668001","11.9167"
"2116668001","1887596507","11.9167"
"1898875461","2116668001","114.417"
"2116668001","1898875461","114.417"
"1044971441","2214744739","0.75"
"2214744739","1044971441","0.75"
"1887596507","2214744739","6.66667"
"2214744739","1887596507","6.66667"
"1898875461","2214744739","7.66667"
"2214744739","1898875461","7.66667"
"2116668001","2214744739","7.33333"
"2214744739","2116668001","7.33333"
"1887596507","247741628","14.8667"
"247741628","1887596507","14.8667"
"2281775863","247741628","40.0333"
"247741628","2281775863","40.0333"
"1044971441","2275498080","0.25"
"2275498080","1044971441","0.25"
"1887596507","2275498080","0.25"
"2275498080","1887596507","0.25"
"1898875461","2275498080","0.25"
"2275498080","1898875461","0.25"
"2116668001","2275498080","0.25"
"2275498080","2116668001","0.25"
"1044971441","279934077","0.5"
"279934077","1044971441","0.5"
"1887596507","279934077","1.5"
"279934077","1887596507","1.5"
"1044971441","1554496384","1.03333"
"1554496384","1044971441","1.03333"
"1044971441","264945615","0.533333"
"264945615","1044971441","0.533333"
"1554496384","1887596507","0.7"
"1887596507","1554496384","0.7"
"1554496384","2281775863","9.36667"
"2281775863","1554496384","9.36667"
"1554496384","247741628","1.53333"
"247741628","1554496384","1.53333"
"1554496384","264945615","3.03333"
"264945615","1554496384","3.03333"
"1887596507","264945615","0.7"
"264945615","1887596507","0.7"
"2281775863","264945615","4.36667"
"264945615","2281775863","4.36667"
"247741628","264945615","1.53333"
"264945615","247741628","1.53333"
"1554496384","2310506453","0.916667"
"2310506453","1554496384","0.916667"
"1554496384","967171917","0.166667"
"967171917","1554496384","0.166667"
"1887596507","2310506453","1.16667"
"2310506453","1887596507","1.16667"
"1887596507","967171917","1.66667"
"967171917","1887596507","1.66667"
"2281775863","2310506453","1.91667"
"2310506453","2281775863","1.91667"
"2281775863","967171917","5.5"
"967171917","2281775863","5.5"
"2310506453","247741628","0.416667"
"247741628","2310506453","0.416667"
"2310506453","264945615","0.416667"
"264945615","2310506453","0.416667"
"2310506453","967171917","0.166667"
"967171917","2310506453","0.166667"
"247741628","967171917","23.5"
"967171917","247741628","23.5"
"264945615","967171917","0.166667"
"967171917","264945615","0.166667"
"1554496384","2275498080","0.25"
"2275498080","1554496384","0.25"
"2275498080","2281775863","5.75"
"2281775863","2275498080","5.75"
"2275498080","247741628","0.75"
"247741628","2275498080","0.75"
"2275498080","264945615","0.25"
"264945615","2275498080","0.25"
"1887596507","1904528175","9.83333"
"1904528175","1887596507","9.83333"
"1904528175","2281775863","1.5"
"2281775863","1904528175","1.5"
"1898875461","1904528175","0.333333"
"1904528175","1898875461","0.333333"
"1904528175","2214744739","0.333333"
"2214744739","1904528175","0.333333"
"1898875461","2281775863","0.916667"
"2281775863","1898875461","0.916667"
"2116668001","2281775863","0.916667"
"2281775863","2116668001","0.916667"
"1887596507","2152178857","2"
"2152178857","1887596507","2"
"2214744739","2281775863","0.583333"
"2281775863","2214744739","0.583333"
"2137629250","2281775863","1"
"2281775863","2137629250","1"
"2137629250","967171917","1"
"967171917","2137629250","1"
"2214744739","247741628","8.83333"
"247741628","2214744739","8.83333"
"2214744739","967171917","1.83333"
"967171917","2214744739","1.83333"
"247741628","2562830116","1"
"2562830116","247741628","1"
