"123422025","2013505445","3"
"2013505445","123422025","3"
"123422025","2114074787","0.5"
"2114074787","123422025","0.5"
"2013505445","2114074787","0.667027"
"2114074787","2013505445","0.667027"
"123422025","2131956164","0.5"
"2131956164","123422025","0.5"
"2013505445","2131956164","1.28925"
"2131956164","2013505445","1.28925"
"123422025","1597849513","1"
"1597849513","123422025","1"
"1508454112","1572177749","0.503218"
"1572177749","1508454112","0.503218"
"1508454112","2112128729","0.893694"
"2112128729","1508454112","0.893694"
"1508454112","2112734514","3.66274"
"2112734514","1508454112","3.66274"
"1508454112","2114773789","3.19369"
"2114773789","1508454112","3.19369"
"1508454112","2116396741","0.336551"
"2116396741","1508454112","0.336551"
"1508454112","2124971582","1.31905"
"2124971582","1508454112","1.31905"
"1572177749","2112128729","0.733694"
"2112128729","1572177749","0.733694"
"1572177749","2112734514","0.376551"
"2112734514","1572177749","0.376551"
"1572177749","2114773789","0.767027"
"2114773789","1572177749","0.767027"
"1572177749","2116396741","0.233694"
"2116396741","1572177749","0.233694"
"1572177749","2124971582","0.809524"
"2124971582","1572177749","0.809524"
"2112128729","2112734514","3.24322"
"2112734514","2112128729","3.24322"
"2112128729","2114773789","0.800793"
"2114773789","2112128729","0.800793"
"2112128729","2116396741","0.376551"
"2116396741","2112128729","0.376551"
"2112128729","2124971582","3.86667"
"2124971582","2112128729","3.86667"
"2112734514","2114773789","1.06703"
"2114773789","2112734514","1.06703"
"2112734514","2116396741","1.18607"
"2116396741","2112734514","1.18607"
"2112734514","2124971582","2.48571"
"2124971582","2112734514","2.48571"
"2114773789","2116396741","0.233694"
"2116396741","2114773789","0.233694"
"2114773789","2124971582","0.166667"
"2124971582","2114773789","0.166667"
"2116396741","2124971582","0.452381"
"2124971582","2116396741","0.452381"
"1508454112","1982141094","3.63571"
"1982141094","1508454112","3.63571"
"1508454112","2098109090","1.53571"
"2098109090","1508454112","1.53571"
"1508454112","2123575007","0.293694"
"2123575007","1508454112","0.293694"
"1508454112","2133675752","0.493694"
"2133675752","1508454112","0.493694"
"1508454112","2134316083","0.36036"
"2134316083","1508454112","0.36036"
"1982141094","2098109090","8.32662"
"2098109090","1982141094","8.32662"
"1982141094","2112734514","2.42571"
"2112734514","1982141094","2.42571"
"1982141094","2123575007","0.35"
"2123575007","1982141094","0.35"
"1982141094","2133675752","0.557576"
"2133675752","1982141094","0.557576"
"1982141094","2134316083","0.416667"
"2134316083","1982141094","0.416667"
"2098109090","2112734514","1.36905"
"2112734514","2098109090","1.36905"
"2098109090","2123575007","0.266667"
"2123575007","2098109090","0.266667"
"2098109090","2133675752","0.682576"
"2133675752","2098109090","0.682576"
"2098109090","2134316083","0.166667"
"2134316083","2098109090","0.166667"
"2112734514","2123575007","0.877027"
"2123575007","2112734514","0.877027"
"2112734514","2133675752","1.49369"
"2133675752","2112734514","1.49369"
"2112734514","2134316083","1.44369"
"2134316083","2112734514","1.44369"
"2123575007","2133675752","1.44413"
"2133675752","2123575007","1.44413"
"2123575007","2134316083","2.26079"
"2134316083","2123575007","2.26079"
"2133675752","2134316083","1.54413"
"2134316083","2133675752","1.54413"
"1508454112","1553193704","1.42941"
"1553193704","1508454112","1.42941"
"1508454112","1971119807","0.46036"
"1971119807","1508454112","0.46036"
"1508454112","2123097133","0.979408"
"2123097133","1508454112","0.979408"
"1553193704","1971119807","0.742936"
"1971119807","1553193704","0.742936"
"1553193704","2123097133","4.84607"
"2123097133","1553193704","4.84607"
"1971119807","2123097133","0.567027"
"2123097133","1971119807","0.567027"
"1508454112","1612034488","0.166667"
"1612034488","1508454112","0.166667"
"1553193704","1612034488","0.166667"
"1612034488","1553193704","0.166667"
"1553193704","1982141094","2.76905"
"1982141094","1553193704","2.76905"
"1553193704","2098109090","1.76905"
"2098109090","1553193704","1.76905"
"1553193704","2114773789","1.65127"
"2114773789","1553193704","1.65127"
"1612034488","1982141094","0.166667"
"1982141094","1612034488","0.166667"
"1612034488","2098109090","0.166667"
"2098109090","1612034488","0.166667"
"1612034488","2114773789","0.166667"
"2114773789","1612034488","0.166667"
"1612034488","2123097133","0.166667"
"2123097133","1612034488","0.166667"
"1982141094","2114773789","0.406667"
"2114773789","1982141094","0.406667"
"1982141094","2123097133","1.85905"
"2123097133","1982141094","1.85905"
"2098109090","2114773789","0.366667"
"2114773789","2098109090","0.366667"
"2098109090","2123097133","0.819048"
"2123097133","2098109090","0.819048"
"2114773789","2123097133","0.60036"
"2123097133","2114773789","0.60036"
"1508454112","2138835206","0.36036"
"2138835206","1508454112","0.36036"
"2112734514","2138835206","0.626551"
"2138835206","2112734514","0.626551"
"2124971582","2138835206","0.833333"
"2138835206","2124971582","0.833333"
"1508454112","2013505445","0.46036"
"2013505445","1508454112","0.46036"
"1982141094","2013505445","0.473333"
"2013505445","1982141094","0.473333"
"2013505445","2112734514","1.14322"
"2112734514","2013505445","1.14322"
"1508454112","1971640526","0.127027"
"1971640526","1508454112","0.127027"
"1508454112","1982768666","0.127027"
"1982768666","1508454112","0.127027"
"1508454112","2005083765","0.127027"
"2005083765","1508454112","0.127027"
"1508454112","2084945437","0.127027"
"2084945437","1508454112","0.127027"
"1508454112","2114074787","0.127027"
"2114074787","1508454112","0.127027"
"1508454112","2125941728","0.127027"
"2125941728","1508454112","0.127027"
"1508454112","2142908528","0.127027"
"2142908528","1508454112","0.127027"
"1971640526","1982141094","0.223333"
"1982141094","1971640526","0.223333"
"1971640526","1982768666","0.639249"
"1982768666","1971640526","0.639249"
"1971640526","2005083765","0.305916"
"2005083765","1971640526","0.305916"
"1971640526","2013505445","0.222583"
"2013505445","1971640526","0.222583"
"1971640526","2084945437","0.222583"
"2084945437","1971640526","0.222583"
"1971640526","2112734514","1.08369"
"2112734514","1971640526","1.08369"
"1971640526","2114074787","0.167027"
"2114074787","1971640526","0.167027"
"1971640526","2125941728","0.222583"
"2125941728","1971640526","0.222583"
"1971640526","2142908528","1.18258"
"2142908528","1971640526","1.18258"
"1982141094","1982768666","0.14"
"1982768666","1982141094","0.14"
"1982141094","2005083765","0.556667"
"2005083765","1982141094","0.556667"
"1982141094","2084945437","0.14"
"2084945437","1982141094","0.14"
"1982141094","2114074787","0.14"
"2114074787","1982141094","0.14"
"1982141094","2125941728","0.14"
"2125941728","1982141094","0.14"
"1982141094","2142908528","0.274242"
"2142908528","1982141094","0.274242"
"1982768666","2005083765","0.222583"
"2005083765","1982768666","0.222583"
"1982768666","2013505445","0.222583"
"2013505445","1982768666","0.222583"
"1982768666","2084945437","0.36544"
"2084945437","1982768666","0.36544"
"1982768666","2112734514","0.167027"
"2112734514","1982768666","0.167027"
"1982768666","2114074787","0.167027"
"2114074787","1982768666","0.167027"
"1982768666","2125941728","0.36544"
"2125941728","1982768666","0.36544"
"1982768666","2142908528","0.492106"
"2142908528","1982768666","0.492106"
"2005083765","2013505445","1.03211"
"2013505445","2005083765","1.03211"
"2005083765","2084945437","0.167027"
"2084945437","2005083765","0.167027"
"2005083765","2112734514","0.393218"
"2112734514","2005083765","0.393218"
"2005083765","2114074787","2.4246"
"2114074787","2005083765","2.4246"
"2005083765","2125941728","0.167027"
"2125941728","2005083765","0.167027"
"2005083765","2142908528","0.356825"
"2142908528","2005083765","0.356825"
"2013505445","2084945437","0.292027"
"2084945437","2013505445","0.292027"
"2013505445","2125941728","0.292027"
"2125941728","2013505445","0.292027"
"2013505445","2142908528","0.182583"
"2142908528","2013505445","0.182583"
"2084945437","2112734514","0.167027"
"2112734514","2084945437","0.167027"
"2084945437","2114074787","0.167027"
"2114074787","2084945437","0.167027"
"2084945437","2125941728","3.12615"
"2125941728","2084945437","3.12615"
"2084945437","2142908528","0.182583"
"2142908528","2084945437","0.182583"
"2112734514","2114074787","0.167027"
"2114074787","2112734514","0.167027"
"2112734514","2125941728","0.167027"
"2125941728","2112734514","0.167027"
"2112734514","2142908528","0.46036"
"2142908528","2112734514","0.46036"
"2114074787","2125941728","0.167027"
"2125941728","2114074787","0.167027"
"2114074787","2142908528","0.217936"
"2142908528","2114074787","0.217936"
"2125941728","2142908528","0.182583"
"2142908528","2125941728","0.182583"
"1982141094","2112128729","0.74"
"2112128729","1982141094","0.74"
"1982141094","2124971582","1.15238"
"2124971582","1982141094","1.15238"
"2098109090","2112128729","0.2"
"2112128729","2098109090","0.2"
"2098109090","2124971582","0.652381"
"2124971582","2098109090","0.652381"
"1553193704","1572177749","0.369884"
"1572177749","1553193704","0.369884"
"1553193704","2112734514","1.42941"
"2112734514","1553193704","1.42941"
"1553193704","2124971582","0.452381"
"2124971582","1553193704","0.452381"
"1572177749","1982141094","0.882857"
"1982141094","1572177749","0.882857"
"1572177749","2098109090","0.342857"
"2098109090","1572177749","0.342857"
"1572177749","2123097133","0.409884"
"2123097133","1572177749","0.409884"
"2112734514","2123097133","1.01941"
"2123097133","2112734514","1.01941"
"2123097133","2124971582","0.452381"
"2124971582","2123097133","0.452381"
"1553193704","2116396741","0.169884"
"2116396741","1553193704","0.169884"
"1982141094","2116396741","0.3571"
"2116396741","1982141094","0.3571"
"2098109090","2116396741","0.233766"
"2116396741","2098109090","0.233766"
"2116396741","2123097133","0.209884"
"2123097133","2116396741","0.209884"
"1508454112","2059645646","0.293694"
"2059645646","1508454112","0.293694"
"1572177749","2059645646","0.233694"
"2059645646","1572177749","0.233694"
"1572177749","2134316083","0.193694"
"2134316083","1572177749","0.193694"
"1982141094","2059645646","0.39"
"2059645646","1982141094","0.39"
"2059645646","2112128729","0.824603"
"2112128729","2059645646","0.824603"
"2059645646","2124971582","0.166667"
"2124971582","2059645646","0.166667"
"2059645646","2134316083","1.11794"
"2134316083","2059645646","1.11794"
"2112128729","2134316083","1.34413"
"2134316083","2112128729","1.34413"
"2124971582","2134316083","1.03333"
"2134316083","2124971582","1.03333"
"1508454112","1767929998","0.127027"
"1767929998","1508454112","0.127027"
"1508454112","2022056881","0.127027"
"2022056881","1508454112","0.127027"
"1508454112","2045235113","0.127027"
"2045235113","1508454112","0.127027"
"1767929998","1971119807","0.329047"
"1971119807","1767929998","0.329047"
"1767929998","1982141094","0.190909"
"1982141094","1767929998","0.190909"
"1767929998","2022056881","16.829"
"2022056881","1767929998","16.829"
"1767929998","2045235113","0.182583"
"2045235113","1767929998","0.182583"
"1767929998","2059645646","0.127027"
"2059645646","1767929998","0.127027"
"1767929998","2098109090","0.190909"
"2098109090","1767929998","0.190909"
"1767929998","2112734514","0.127027"
"2112734514","1767929998","0.127027"
"1767929998","2123575007","0.127027"
"2123575007","1767929998","0.127027"
"1767929998","2133675752","0.217936"
"2133675752","1767929998","0.217936"
"1971119807","1982141094","0.647576"
"1982141094","1971119807","0.647576"
"1971119807","2022056881","0.329047"
"2022056881","1971119807","0.329047"
"1971119807","2045235113","0.805916"
"2045235113","1971119807","0.805916"
"1971119807","2059645646","6.63294"
"2059645646","1971119807","6.63294"
"1971119807","2098109090","0.315909"
"2098109090","1971119807","0.315909"
"1971119807","2112734514","1.91703"
"2112734514","1971119807","1.91703"
"1971119807","2123575007","2.8846"
"2123575007","1971119807","2.8846"
"1971119807","2133675752","1.99496"
"2133675752","1971119807","1.99496"
"1982141094","2022056881","0.190909"
"2022056881","1982141094","0.190909"
"1982141094","2045235113","0.473333"
"2045235113","1982141094","0.473333"
"2022056881","2045235113","0.182583"
"2045235113","2022056881","0.182583"
"2022056881","2059645646","0.127027"
"2059645646","2022056881","0.127027"
"2022056881","2098109090","0.190909"
"2098109090","2022056881","0.190909"
"2022056881","2112734514","0.127027"
"2112734514","2022056881","0.127027"
"2022056881","2123575007","0.127027"
"2123575007","2022056881","0.127027"
"2022056881","2133675752","0.217936"
"2133675752","2022056881","0.217936"
"2045235113","2059645646","0.841269"
"2059645646","2045235113","0.841269"
"2045235113","2098109090","0.1"
"2098109090","2045235113","0.1"
"2045235113","2112734514","1.16703"
"2112734514","2045235113","1.16703"
"2045235113","2123575007","0.127027"
"2123575007","2045235113","0.127027"
"2045235113","2133675752","0.127027"
"2133675752","2045235113","0.127027"
"2059645646","2098109090","0.225"
"2098109090","2059645646","0.225"
"2059645646","2112734514","0.25036"
"2112734514","2059645646","0.25036"
"2059645646","2123575007","2.21794"
"2123575007","2059645646","2.21794"
"2059645646","2133675752","1.09294"
"2133675752","2059645646","1.09294"
"1508454112","1597849513","0.027027"
"1597849513","1508454112","0.027027"
"1508454112","1976722103","0.027027"
"1976722103","1508454112","0.027027"
"1508454112","2001845525","0.027027"
"2001845525","1508454112","0.027027"
"1508454112","2079353783","0.027027"
"2079353783","1508454112","0.027027"
"1508454112","2096547754","0.027027"
"2096547754","1508454112","0.027027"
"1508454112","2125111652","0.027027"
"2125111652","1508454112","0.027027"
"1508454112","2131796944","0.027027"
"2131796944","1508454112","0.027027"
"1508454112","2131956164","0.027027"
"2131956164","1508454112","0.027027"
"1508454112","2136046112","0.027027"
"2136046112","1508454112","0.027027"
"1508454112","2150246229","0.027027"
"2150246229","1508454112","0.027027"
"1508454112","2166996142","0.027027"
"2166996142","1508454112","0.027027"
"1508454112","2169336598","0.027027"
"2169336598","1508454112","0.027027"
"1508454112","2184608407","0.027027"
"2184608407","1508454112","0.027027"
"1553193704","1597849513","0.117936"
"1597849513","1553193704","0.117936"
"1553193704","1767929998","0.027027"
"1767929998","1553193704","0.027027"
"1553193704","1971640526","0.027027"
"1971640526","1553193704","0.027027"
"1553193704","1976722103","0.242936"
"1976722103","1553193704","0.242936"
"1553193704","1982768666","0.027027"
"1982768666","1553193704","0.027027"
"1553193704","2001845525","0.027027"
"2001845525","1553193704","0.027027"
"1553193704","2005083765","0.117936"
"2005083765","1553193704","0.117936"
"1553193704","2013505445","0.027027"
"2013505445","1553193704","0.027027"
"1553193704","2022056881","0.027027"
"2022056881","1553193704","0.027027"
"1553193704","2045235113","0.117936"
"2045235113","1553193704","0.117936"
"1553193704","2059645646","0.500512"
"2059645646","1553193704","0.500512"
"1553193704","2079353783","0.027027"
"2079353783","1553193704","0.027027"
"1553193704","2084945437","0.027027"
"2084945437","1553193704","0.027027"
"1553193704","2096547754","0.027027"
"2096547754","1553193704","0.027027"
"1553193704","2112128729","0.117936"
"2112128729","1553193704","0.117936"
"1553193704","2114074787","0.117936"
"2114074787","1553193704","0.117936"
"1553193704","2123575007","0.409603"
"2123575007","1553193704","0.409603"
"1553193704","2125111652","0.117936"
"2125111652","1553193704","0.117936"
"1553193704","2125941728","0.027027"
"2125941728","1553193704","0.027027"
"1553193704","2131796944","0.027027"
"2131796944","1553193704","0.027027"
"1553193704","2131956164","0.117936"
"2131956164","1553193704","0.117936"
"1553193704","2133675752","1.6096"
"2133675752","1553193704","1.6096"
"1553193704","2134316083","0.242936"
"2134316083","1553193704","0.242936"
"1553193704","2136046112","0.027027"
"2136046112","1553193704","0.027027"
"1553193704","2138835206","0.027027"
"2138835206","1553193704","0.027027"
"1553193704","2142908528","0.333845"
"2142908528","1553193704","0.333845"
"1553193704","2150246229","0.117936"
"2150246229","1553193704","0.117936"
"1553193704","2166996142","0.333845"
"2166996142","1553193704","0.333845"
"1553193704","2169336598","0.117936"
"2169336598","1553193704","0.117936"
"1553193704","2184608407","0.027027"
"2184608407","1553193704","0.027027"
"1572177749","1597849513","0.067027"
"1597849513","1572177749","0.067027"
"1572177749","1767929998","0.027027"
"1767929998","1572177749","0.027027"
"1572177749","1971119807","0.067027"
"1971119807","1572177749","0.067027"
"1572177749","1971640526","0.067027"
"1971640526","1572177749","0.067027"
"1572177749","1976722103","0.027027"
"1976722103","1572177749","0.027027"
"1572177749","1982768666","0.067027"
"1982768666","1572177749","0.067027"
"1572177749","2001845525","0.027027"
"2001845525","1572177749","0.027027"
"1572177749","2005083765","0.067027"
"2005083765","1572177749","0.067027"
"1572177749","2013505445","0.067027"
"2013505445","1572177749","0.067027"
"1572177749","2022056881","0.027027"
"2022056881","1572177749","0.027027"
"1572177749","2045235113","0.067027"
"2045235113","1572177749","0.067027"
"1572177749","2079353783","0.027027"
"2079353783","1572177749","0.027027"
"1572177749","2084945437","0.067027"
"2084945437","1572177749","0.067027"
"1572177749","2096547754","0.027027"
"2096547754","1572177749","0.027027"
"1572177749","2114074787","0.067027"
"2114074787","1572177749","0.067027"
"1572177749","2123575007","0.027027"
"2123575007","1572177749","0.027027"
"1572177749","2125111652","0.067027"
"2125111652","1572177749","0.067027"
"1572177749","2125941728","0.067027"
"2125941728","1572177749","0.067027"
"1572177749","2131796944","0.067027"
"2131796944","1572177749","0.067027"
"1572177749","2131956164","0.067027"
"2131956164","1572177749","0.067027"
"1572177749","2133675752","0.027027"
"2133675752","1572177749","0.027027"
"1572177749","2136046112","0.067027"
"2136046112","1572177749","0.067027"
"1572177749","2138835206","0.067027"
"2138835206","1572177749","0.067027"
"1572177749","2142908528","0.36036"
"2142908528","1572177749","0.36036"
"1572177749","2150246229","0.067027"
"2150246229","1572177749","0.067027"
"1572177749","2166996142","0.36036"
"2166996142","1572177749","0.36036"
"1572177749","2169336598","0.067027"
"2169336598","1572177749","0.067027"
"1572177749","2184608407","0.027027"
"2184608407","1572177749","0.027027"
"1597849513","1767929998","0.027027"
"1767929998","1597849513","0.027027"
"1597849513","1971119807","0.317027"
"1971119807","1597849513","0.317027"
"1597849513","1971640526","0.067027"
"1971640526","1597849513","0.067027"
"1597849513","1976722103","0.027027"
"1976722103","1597849513","0.027027"
"1597849513","1982768666","0.067027"
"1982768666","1597849513","0.067027"
"1597849513","2001845525","0.027027"
"2001845525","1597849513","0.027027"
"1597849513","2005083765","2.5746"
"2005083765","1597849513","2.5746"
"1597849513","2013505445","1.06703"
"2013505445","1597849513","1.06703"
"1597849513","2022056881","0.027027"
"2022056881","1597849513","0.027027"
"1597849513","2045235113","1.24127"
"2045235113","1597849513","1.24127"
"1597849513","2059645646","0.407936"
"2059645646","1597849513","0.407936"
"1597849513","2079353783","0.027027"
"2079353783","1597849513","0.027027"
"1597849513","2084945437","0.067027"
"2084945437","1597849513","0.067027"
"1597849513","2096547754","0.027027"
"2096547754","1597849513","0.027027"
"1597849513","2112128729","0.067027"
"2112128729","1597849513","0.067027"
"1597849513","2112734514","0.067027"
"2112734514","1597849513","0.067027"
"1597849513","2114074787","2.3246"
"2114074787","1597849513","2.3246"
"1597849513","2114773789","0.067027"
"2114773789","1597849513","0.067027"
"1597849513","2116396741","0.067027"
"2116396741","1597849513","0.067027"
"1597849513","2123097133","0.067027"
"2123097133","1597849513","0.067027"
"1597849513","2123575007","0.027027"
"2123575007","1597849513","0.027027"
"1597849513","2125111652","0.157936"
"2125111652","1597849513","0.157936"
"1597849513","2125941728","0.067027"
"2125941728","1597849513","0.067027"
"1597849513","2131796944","0.067027"
"2131796944","1597849513","0.067027"
"1597849513","2131956164","0.657936"
"2131956164","1597849513","0.657936"
"1597849513","2133675752","0.027027"
"2133675752","1597849513","0.027027"
"1597849513","2134316083","0.027027"
"2134316083","1597849513","0.027027"
"1597849513","2136046112","0.067027"
"2136046112","1597849513","0.067027"
"1597849513","2138835206","0.067027"
"2138835206","1597849513","0.067027"
"1597849513","2142908528","0.117936"
"2142908528","1597849513","0.117936"
"1597849513","2150246229","0.491269"
"2150246229","1597849513","0.491269"
"1597849513","2166996142","0.117936"
"2166996142","1597849513","0.117936"
"1597849513","2169336598","0.157936"
"2169336598","1597849513","0.157936"
"1597849513","2184608407","0.027027"
"2184608407","1597849513","0.027027"
"1767929998","1971640526","0.138138"
"1971640526","1767929998","0.138138"
"1767929998","1976722103","0.027027"
"1976722103","1767929998","0.027027"
"1767929998","1982768666","0.138138"
"1982768666","1767929998","0.138138"
"1767929998","2001845525","0.229047"
"2001845525","1767929998","0.229047"
"1767929998","2005083765","0.582583"
"2005083765","1767929998","0.582583"
"1767929998","2013505445","0.0825826"
"2013505445","1767929998","0.0825826"
"1767929998","2079353783","0.027027"
"2079353783","1767929998","0.027027"
"1767929998","2084945437","0.0825826"
"2084945437","1767929998","0.0825826"
"1767929998","2096547754","0.229047"
"2096547754","1767929998","0.229047"
"1767929998","2112128729","0.027027"
"2112128729","1767929998","0.027027"
"1767929998","2114074787","0.027027"
"2114074787","1767929998","0.027027"
"1767929998","2114773789","0.027027"
"2114773789","1767929998","0.027027"
"1767929998","2116396741","0.229047"
"2116396741","1767929998","0.229047"
"1767929998","2123097133","0.027027"
"2123097133","1767929998","0.027027"
"1767929998","2125111652","0.0825826"
"2125111652","1767929998","0.0825826"
"1767929998","2125941728","0.0825826"
"2125941728","1767929998","0.0825826"
"1767929998","2131796944","0.138138"
"2131796944","1767929998","0.138138"
"1767929998","2131956164","0.0825826"
"2131956164","1767929998","0.0825826"
"1767929998","2134316083","0.027027"
"2134316083","1767929998","0.027027"
"1767929998","2136046112","0.729047"
"2136046112","1767929998","0.729047"
"1767929998","2138835206","0.117936"
"2138835206","1767929998","0.117936"
"1767929998","2142908528","0.229047"
"2142908528","1767929998","0.229047"
"1767929998","2150246229","0.0825826"
"2150246229","1767929998","0.0825826"
"1767929998","2166996142","0.138138"
"2166996142","1767929998","0.138138"
"1767929998","2169336598","0.0825826"
"2169336598","1767929998","0.0825826"
"1767929998","2184608407","0.0825826"
"2184608407","1767929998","0.0825826"
"1971119807","1971640526","2.45592"
"1971640526","1971119807","2.45592"
"1971119807","1976722103","2.27627"
"1976722103","1971119807","2.27627"
"1971119807","1982768666","0.932106"
"1982768666","1971119807","0.932106"
"1971119807","2001845525","1.45683"
"2001845525","1971119807","1.45683"
"1971119807","2005083765","0.789249"
"2005083765","1971119807","0.789249"
"1971119807","2013505445","0.247583"
"2013505445","1971119807","0.247583"
"1971119807","2079353783","0.027027"
"2079353783","1971119807","0.027027"
"1971119807","2084945437","0.39044"
"2084945437","1971119807","0.39044"
"1971119807","2096547754","0.229047"
"2096547754","1971119807","0.229047"
"1971119807","2112128729","1.0746"
"2112128729","1971119807","1.0746"
"1971119807","2114074787","0.067027"
"2114074787","1971119807","0.067027"
"1971119807","2114773789","0.324603"
"2114773789","1971119807","0.324603"
"1971119807","2116396741","0.935714"
"2116396741","1971119807","0.935714"
"1971119807","2125111652","0.26544"
"2125111652","1971119807","0.26544"
"1971119807","2125941728","0.39044"
"2125941728","1971119807","0.39044"
"1971119807","2131796944","1.88211"
"2131796944","1971119807","1.88211"
"1971119807","2131956164","0.122583"
"2131956164","1971119807","0.122583"
"1971119807","2134316083","10.1513"
"2134316083","1971119807","10.1513"
"1971119807","2136046112","2.05635"
"2136046112","1971119807","2.05635"
"1971119807","2138835206","0.824603"
"2138835206","1971119807","0.824603"
"1971119807","2142908528","3.39059"
"2142908528","1971119807","3.39059"
"1971119807","2150246229","0.598773"
"2150246229","1971119807","0.598773"
"1971119807","2166996142","2.48857"
"2166996142","1971119807","2.48857"
"1971119807","2169336598","0.26544"
"2169336598","1971119807","0.26544"
"1971119807","2184608407","0.207583"
"2184608407","1971119807","0.207583"
"1971640526","1976722103","0.027027"
"1976722103","1971640526","0.027027"
"1971640526","2001845525","0.665916"
"2001845525","1971640526","0.665916"
"1971640526","2022056881","0.388138"
"2022056881","1971640526","0.388138"
"1971640526","2045235113","0.122583"
"2045235113","1971640526","0.122583"
"1971640526","2059645646","0.65036"
"2059645646","1971640526","0.65036"
"1971640526","2079353783","0.027027"
"2079353783","1971640526","0.027027"
"1971640526","2096547754","1.58814"
"2096547754","1971640526","1.58814"
"1971640526","2112128729","0.067027"
"2112128729","1971640526","0.067027"
"1971640526","2114773789","0.067027"
"2114773789","1971640526","0.067027"
"1971640526","2116396741","3.2948"
"2116396741","1971640526","3.2948"
"1971640526","2123097133","0.067027"
"2123097133","1971640526","0.067027"
"1971640526","2123575007","0.11036"
"2123575007","1971640526","0.11036"
"1971640526","2125111652","0.122583"
"2125111652","1971640526","0.122583"
"1971640526","2131796944","1.20592"
"2131796944","1971640526","1.20592"
"1971640526","2131956164","0.122583"
"2131956164","1971640526","0.122583"
"1971640526","2133675752","0.138138"
"2133675752","1971640526","0.138138"
"1971640526","2134316083","0.86036"
"2134316083","1971640526","0.86036"
"1971640526","2136046112","2.20592"
"2136046112","1971640526","2.20592"
"1971640526","2138835206","0.65036"
"2138835206","1971640526","0.65036"
"1971640526","2150246229","0.705916"
"2150246229","1971640526","0.705916"
"1971640526","2166996142","0.471471"
"2166996142","1971640526","0.471471"
"1971640526","2169336598","0.122583"
"2169336598","1971640526","0.122583"
"1971640526","2184608407","0.0825826"
"2184608407","1971640526","0.0825826"
"1976722103","1982768666","0.027027"
"1982768666","1976722103","0.027027"
"1976722103","2001845525","0.193694"
"2001845525","1976722103","0.193694"
"1976722103","2005083765","0.027027"
"2005083765","1976722103","0.027027"
"1976722103","2013505445","0.152027"
"2013505445","1976722103","0.152027"
"1976722103","2022056881","0.027027"
"2022056881","1976722103","0.027027"
"1976722103","2045235113","0.027027"
"2045235113","1976722103","0.027027"
"1976722103","2059645646","0.992936"
"2059645646","1976722103","0.992936"
"1976722103","2079353783","0.027027"
"2079353783","1976722103","0.027027"
"1976722103","2084945437","0.152027"
"2084945437","1976722103","0.152027"
"1976722103","2096547754","0.027027"
"2096547754","1976722103","0.027027"
"1976722103","2112128729","0.510793"
"2112128729","1976722103","0.510793"
"1976722103","2112734514","0.027027"
"2112734514","1976722103","0.027027"
"1976722103","2114074787","0.027027"
"2114074787","1976722103","0.027027"
"1976722103","2114773789","0.260793"
"2114773789","1976722103","0.260793"
"1976722103","2116396741","0.027027"
"2116396741","1976722103","0.027027"
"1976722103","2123097133","0.027027"
"2123097133","1976722103","0.027027"
"1976722103","2123575007","1.17746"
"2123575007","1976722103","1.17746"
"1976722103","2125111652","0.027027"
"2125111652","1976722103","0.027027"
"1976722103","2125941728","0.152027"
"2125941728","1976722103","0.152027"
"1976722103","2131796944","0.193694"
"2131796944","1976722103","0.193694"
"1976722103","2131956164","0.027027"
"2131956164","1976722103","0.027027"
"1976722103","2133675752","2.00246"
"2133675752","1976722103","2.00246"
"1976722103","2134316083","2.12746"
"2134316083","1976722103","2.12746"
"1976722103","2136046112","0.027027"
"2136046112","1976722103","0.027027"
"1976722103","2138835206","0.027027"
"2138835206","1976722103","0.027027"
"1976722103","2142908528","1.40127"
"2142908528","1976722103","1.40127"
"1976722103","2150246229","0.027027"
"2150246229","1976722103","0.027027"
"1976722103","2166996142","0.844127"
"2166996142","1976722103","0.844127"
"1976722103","2169336598","0.027027"
"2169336598","1976722103","0.027027"
"1976722103","2184608407","0.152027"
"2184608407","1976722103","0.152027"
"1982768666","2001845525","0.249249"
"2001845525","1982768666","0.249249"
"1982768666","2022056881","0.388138"
"2022056881","1982768666","0.388138"
"1982768666","2045235113","0.122583"
"2045235113","1982768666","0.122583"
"1982768666","2059645646","0.067027"
"2059645646","1982768666","0.067027"
"1982768666","2079353783","0.027027"
"2079353783","1982768666","0.027027"
"1982768666","2096547754","0.280995"
"2096547754","1982768666","0.280995"
"1982768666","2112128729","0.067027"
"2112128729","1982768666","0.067027"
"1982768666","2114773789","0.067027"
"2114773789","1982768666","0.067027"
"1982768666","2116396741","0.570995"
"2116396741","1982768666","0.570995"
"1982768666","2123097133","0.067027"
"2123097133","1982768666","0.067027"
"1982768666","2123575007","0.027027"
"2123575007","1982768666","0.027027"
"1982768666","2125111652","0.122583"
"2125111652","1982768666","0.122583"
"1982768666","2131796944","1.93211"
"2131796944","1982768666","1.93211"
"1982768666","2131956164","0.122583"
"2131956164","1982768666","0.122583"
"1982768666","2133675752","0.138138"
"2133675752","1982768666","0.138138"
"1982768666","2134316083","0.027027"
"2134316083","1982768666","0.027027"
"1982768666","2136046112","1.28925"
"2136046112","1982768666","1.28925"
"1982768666","2138835206","0.317027"
"2138835206","1982768666","0.317027"
"1982768666","2150246229","0.122583"
"2150246229","1982768666","0.122583"
"1982768666","2166996142","0.138138"
"2166996142","1982768666","0.138138"
"1982768666","2169336598","0.26544"
"2169336598","1982768666","0.26544"
"1982768666","2184608407","0.0825826"
"2184608407","1982768666","0.0825826"
"2001845525","2005083765","0.499249"
"2005083765","2001845525","0.499249"
"2001845525","2013505445","0.0825826"
"2013505445","2001845525","0.0825826"
"2001845525","2022056881","0.229047"
"2022056881","2001845525","0.229047"
"2001845525","2045235113","0.415916"
"2045235113","2001845525","0.415916"
"2001845525","2059645646","0.11036"
"2059645646","2001845525","0.11036"
"2001845525","2079353783","0.027027"
"2079353783","2001845525","0.027027"
"2001845525","2084945437","0.0825826"
"2084945437","2001845525","0.0825826"
"2001845525","2096547754","0.229047"
"2096547754","2001845525","0.229047"
"2001845525","2112128729","0.027027"
"2112128729","2001845525","0.027027"
"2001845525","2112734514","0.11036"
"2112734514","2001845525","0.11036"
"2001845525","2114074787","0.027027"
"2114074787","2001845525","0.027027"
"2001845525","2114773789","0.027027"
"2114773789","2001845525","0.027027"
"2001845525","2116396741","0.312381"
"2116396741","2001845525","0.312381"
"2001845525","2123097133","0.36036"
"2123097133","2001845525","0.36036"
"2001845525","2123575007","0.277027"
"2123575007","2001845525","0.277027"
"2001845525","2125111652","0.0825826"
"2125111652","2001845525","0.0825826"
"2001845525","2125941728","0.0825826"
"2125941728","2001845525","0.0825826"
"2001845525","2131796944","1.28258"
"2131796944","2001845525","1.28258"
"2001845525","2131956164","0.0825826"
"2131956164","2001845525","0.0825826"
"2001845525","2133675752","0.395714"
"2133675752","2001845525","0.395714"
"2001845525","2134316083","0.11036"
"2134316083","2001845525","0.11036"
"2001845525","2136046112","1.12349"
"2136046112","2001845525","1.12349"
"2001845525","2138835206","0.201269"
"2138835206","2001845525","0.201269"
"2001845525","2142908528","2.29016"
"2142908528","2001845525","2.29016"
"2001845525","2150246229","0.249249"
"2150246229","2001845525","0.249249"
"2001845525","2166996142","1.33814"
"2166996142","2001845525","1.33814"
"2001845525","2169336598","0.0825826"
"2169336598","2001845525","0.0825826"
"2001845525","2184608407","0.0825826"
"2184608407","2001845525","0.0825826"
"2005083765","2022056881","0.582583"
"2022056881","2005083765","0.582583"
"2005083765","2045235113","12.0468"
"2045235113","2005083765","12.0468"
"2005083765","2059645646","0.824603"
"2059645646","2005083765","0.824603"
"2005083765","2079353783","0.027027"
"2079353783","2005083765","0.027027"
"2005083765","2096547754","0.332583"
"2096547754","2005083765","0.332583"
"2005083765","2112128729","0.209884"
"2112128729","2005083765","0.209884"
"2005083765","2114773789","0.067027"
"2114773789","2005083765","0.067027"
"2005083765","2116396741","0.598773"
"2116396741","2005083765","0.598773"
"2005083765","2123097133","0.40036"
"2123097133","2005083765","0.40036"
"2005083765","2123575007","0.11036"
"2123575007","2005083765","0.11036"
"2005083765","2125111652","0.800793"
"2125111652","2005083765","0.800793"
"2005083765","2131796944","0.455916"
"2131796944","2005083765","0.455916"
"2005083765","2131956164","4.21349"
"2131956164","2005083765","4.21349"
"2005083765","2133675752","0.027027"
"2133675752","2005083765","0.027027"
"2005083765","2134316083","0.11036"
"2134316083","2005083765","0.11036"
"2005083765","2136046112","0.539249"
"2136046112","2005083765","0.539249"
"2005083765","2138835206","1.29322"
"2138835206","2005083765","1.29322"
"2005083765","2150246229","2.71349"
"2150246229","2005083765","2.71349"
"2005083765","2166996142","0.173492"
"2166996142","2005083765","0.173492"
"2005083765","2169336598","1.63413"
"2169336598","2005083765","1.63413"
"2005083765","2184608407","0.027027"
"2184608407","2005083765","0.027027"
"2013505445","2022056881","0.0825826"
"2022056881","2013505445","0.0825826"
"2013505445","2045235113","0.789249"
"2045235113","2013505445","0.789249"
"2013505445","2059645646","0.192027"
"2059645646","2013505445","0.192027"
"2013505445","2079353783","0.027027"
"2079353783","2013505445","0.027027"
"2013505445","2096547754","0.0825826"
"2096547754","2013505445","0.0825826"
"2013505445","2112128729","0.209884"
"2112128729","2013505445","0.209884"
"2013505445","2114773789","0.067027"
"2114773789","2013505445","0.067027"
"2013505445","2116396741","0.26544"
"2116396741","2013505445","0.26544"
"2013505445","2123097133","0.067027"
"2123097133","2013505445","0.067027"
"2013505445","2123575007","0.027027"
"2123575007","2013505445","0.027027"
"2013505445","2125111652","0.209884"
"2125111652","2013505445","0.209884"
"2013505445","2131796944","0.122583"
"2131796944","2013505445","0.122583"
"2013505445","2133675752","0.152027"
"2133675752","2013505445","0.152027"
"2013505445","2134316083","0.027027"
"2134316083","2013505445","0.027027"
"2013505445","2136046112","0.122583"
"2136046112","2013505445","0.122583"
"2013505445","2138835206","0.209884"
"2138835206","2013505445","0.209884"
"2013505445","2150246229","0.122583"
"2150246229","2013505445","0.122583"
"2013505445","2166996142","0.0825826"
"2166996142","2013505445","0.0825826"
"2013505445","2169336598","0.209884"
"2169336598","2013505445","0.209884"
"2013505445","2184608407","0.152027"
"2184608407","2013505445","0.152027"
"2022056881","2079353783","0.027027"
"2079353783","2022056881","0.027027"
"2022056881","2084945437","0.0825826"
"2084945437","2022056881","0.0825826"
"2022056881","2096547754","0.229047"
"2096547754","2022056881","0.229047"
"2022056881","2112128729","0.027027"
"2112128729","2022056881","0.027027"
"2022056881","2114074787","0.027027"
"2114074787","2022056881","0.027027"
"2022056881","2114773789","0.027027"
"2114773789","2022056881","0.027027"
"2022056881","2116396741","0.479047"
"2116396741","2022056881","0.479047"
"2022056881","2123097133","0.027027"
"2123097133","2022056881","0.027027"
"2022056881","2125111652","0.0825826"
"2125111652","2022056881","0.0825826"
"2022056881","2125941728","0.0825826"
"2125941728","2022056881","0.0825826"
"2022056881","2131796944","0.138138"
"2131796944","2022056881","0.138138"
"2022056881","2131956164","0.0825826"
"2131956164","2022056881","0.0825826"
"2022056881","2134316083","0.027027"
"2134316083","2022056881","0.027027"
"2022056881","2136046112","1.97905"
"2136046112","2022056881","1.97905"
"2022056881","2138835206","0.367936"
"2138835206","2022056881","0.367936"
"2022056881","2142908528","0.229047"
"2142908528","2022056881","0.229047"
"2022056881","2150246229","0.0825826"
"2150246229","2022056881","0.0825826"
"2022056881","2166996142","0.138138"
"2166996142","2022056881","0.138138"
"2022056881","2169336598","0.0825826"
"2169336598","2022056881","0.0825826"
"2022056881","2184608407","0.0825826"
"2184608407","2022056881","0.0825826"
"2045235113","2079353783","0.027027"
"2079353783","2045235113","0.027027"
"2045235113","2084945437","0.067027"
"2084945437","2045235113","0.067027"
"2045235113","2096547754","0.332583"
"2096547754","2045235113","0.332583"
"2045235113","2112128729","0.067027"
"2112128729","2045235113","0.067027"
"2045235113","2114074787","0.991269"
"2114074787","2045235113","0.991269"
"2045235113","2114773789","0.067027"
"2114773789","2045235113","0.067027"
"2045235113","2116396741","0.372583"
"2116396741","2045235113","0.372583"
"2045235113","2123097133","0.40036"
"2123097133","2045235113","0.40036"
"2045235113","2125111652","0.157936"
"2125111652","2045235113","0.157936"
"2045235113","2125941728","0.067027"
"2125941728","2045235113","0.067027"
"2045235113","2131796944","0.122583"
"2131796944","2045235113","0.122583"
"2045235113","2131956164","3.21349"
"2131956164","2045235113","3.21349"
"2045235113","2134316083","0.027027"
"2134316083","2045235113","0.027027"
"2045235113","2136046112","0.122583"
"2136046112","2045235113","0.122583"
"2045235113","2138835206","0.067027"
"2138835206","2045235113","0.067027"
"2045235113","2142908528","0.173492"
"2142908528","2045235113","0.173492"
"2045235113","2150246229","1.54683"
"2150246229","2045235113","1.54683"
"2045235113","2166996142","0.173492"
"2166996142","2045235113","0.173492"
"2045235113","2169336598","1.49127"
"2169336598","2045235113","1.49127"
"2045235113","2184608407","0.027027"
"2184608407","2045235113","0.027027"
"2059645646","2079353783","0.027027"
"2079353783","2059645646","0.027027"
"2059645646","2084945437","0.192027"
"2084945437","2059645646","0.192027"
"2059645646","2096547754","0.027027"
"2096547754","2059645646","0.027027"
"2059645646","2114074787","0.157936"
"2114074787","2059645646","0.157936"
"2059645646","2114773789","0.324603"
"2114773789","2059645646","0.324603"
"2059645646","2116396741","0.15036"
"2116396741","2059645646","0.15036"
"2059645646","2123097133","0.233694"
"2123097133","2059645646","0.233694"
"2059645646","2125111652","0.157936"
"2125111652","2059645646","0.157936"
"2059645646","2125941728","0.192027"
"2125941728","2059645646","0.192027"
"2059645646","2131796944","0.067027"
"2131796944","2059645646","0.067027"
"2059645646","2131956164","0.491269"
"2131956164","2059645646","0.491269"
"2059645646","2136046112","0.15036"
"2136046112","2059645646","0.15036"
"2059645646","2138835206","0.15036"
"2138835206","2059645646","0.15036"
"2059645646","2142908528","1.37551"
"2142908528","2059645646","1.37551"
"2059645646","2150246229","0.157936"
"2150246229","2059645646","0.157936"
"2059645646","2166996142","0.458845"
"2166996142","2059645646","0.458845"
"2059645646","2169336598","0.157936"
"2169336598","2059645646","0.157936"
"2059645646","2184608407","0.152027"
"2184608407","2059645646","0.152027"
"2079353783","2084945437","0.027027"
"2084945437","2079353783","0.027027"
"2079353783","2096547754","0.027027"
"2096547754","2079353783","0.027027"
"2079353783","2112128729","0.027027"
"2112128729","2079353783","0.027027"
"2079353783","2112734514","0.027027"
"2112734514","2079353783","0.027027"
