"1503514136","2162060957","1"
"2162060957","1503514136","1"
"1503514136","2107469542","2.5"
"2107469542","1503514136","2.5"
"1503514136","2031051127","0.833333"
"2031051127","1503514136","0.833333"
"1503514136","828359245","0.333333"
"828359245","1503514136","0.333333"
"1503514136","93445675","0.333333"
"93445675","1503514136","0.333333"
"2031051127","828359245","0.722222"
"828359245","2031051127","0.722222"
"2031051127","93445675","0.472222"
"93445675","2031051127","0.472222"
"828359245","93445675","0.672222"
"93445675","828359245","0.672222"
"2031051127","2107469542","2.13889"
"2107469542","2031051127","2.13889"
"1536502000","183750688","0.0555556"
"183750688","1536502000","0.0555556"
"1536502000","1993755553","0.0555556"
"1993755553","1536502000","0.0555556"
"1536502000","2031051127","0.0555556"
"2031051127","1536502000","0.0555556"
"1536502000","2059377739","0.0555556"
"2059377739","1536502000","0.0555556"
"1536502000","2102654168","0.0555556"
"2102654168","1536502000","0.0555556"
"1536502000","2107469542","0.0555556"
"2107469542","1536502000","0.0555556"
"1536502000","2115721220","0.0555556"
"2115721220","1536502000","0.0555556"
"1536502000","2133356318","0.0555556"
"2133356318","1536502000","0.0555556"
"1536502000","2135038323","0.0555556"
"2135038323","1536502000","0.0555556"
"1536502000","2140811298","0.0555556"
"2140811298","1536502000","0.0555556"
"1536502000","2150713082","0.0555556"
"2150713082","1536502000","0.0555556"
"1536502000","2165506510","0.0555556"
"2165506510","1536502000","0.0555556"
"1536502000","2171828861","0.0555556"
"2171828861","1536502000","0.0555556"
"1536502000","2244876453","0.0555556"
"2244876453","1536502000","0.0555556"
"1536502000","2512317875","0.0555556"
"2512317875","1536502000","0.0555556"
"1536502000","2613811373","0.0555556"
"2613811373","1536502000","0.0555556"
"1536502000","828359245","0.0555556"
"828359245","1536502000","0.0555556"
"1536502000","93445675","0.0555556"
"93445675","1536502000","0.0555556"
"183750688","1993755553","0.611111"
"1993755553","183750688","0.611111"
"183750688","2031051127","0.222222"
"2031051127","183750688","0.222222"
"183750688","2059377739","0.0555556"
"2059377739","183750688","0.0555556"
"183750688","2102654168","1.4"
"2102654168","183750688","1.4"
"183750688","2107469542","0.727778"
"2107469542","183750688","0.727778"
"183750688","2115721220","0.833333"
"2115721220","183750688","0.833333"
"183750688","2133356318","0.338889"
"2133356318","183750688","0.338889"
"183750688","2135038323","1.51111"
"2135038323","183750688","1.51111"
"183750688","2140811298","0.533333"
"2140811298","183750688","0.533333"
"183750688","2150713082","0.25"
"2150713082","183750688","0.25"
"183750688","2165506510","0.416667"
"2165506510","183750688","0.416667"
"183750688","2171828861","0.277778"
"2171828861","183750688","0.277778"
"183750688","2244876453","0.25"
"2244876453","183750688","0.25"
"183750688","2512317875","0.166667"
"2512317875","183750688","0.166667"
"183750688","2613811373","0.583333"
"2613811373","183750688","0.583333"
"183750688","828359245","0.45"
"828359245","183750688","0.45"
"183750688","93445675","0.538889"
"93445675","183750688","0.538889"
"1993755553","2031051127","0.222222"
"2031051127","1993755553","0.222222"
"1993755553","2059377739","0.0555556"
"2059377739","1993755553","0.0555556"
"1993755553","2102654168","2.42424"
"2102654168","1993755553","2.42424"
"1993755553","2107469542","0.729798"
"2107469542","1993755553","0.729798"
"1993755553","2115721220","8.67424"
"2115721220","1993755553","8.67424"
"1993755553","2133356318","0.138889"
"2133356318","1993755553","0.138889"
"1993755553","2135038323","0.722222"
"2135038323","1993755553","0.722222"
"1993755553","2140811298","1.36869"
"2140811298","1993755553","1.36869"
"1993755553","2150713082","0.340909"
"2150713082","1993755553","0.340909"
"1993755553","2165506510","0.527778"
"2165506510","1993755553","0.527778"
"1993755553","2171828861","0.277778"
"2171828861","1993755553","0.277778"
"1993755553","2244876453","0.70202"
"2244876453","1993755553","0.70202"
"1993755553","2512317875","0.527778"
"2512317875","1993755553","0.527778"
"1993755553","2613811373","0.361111"
"2613811373","1993755553","0.361111"
"1993755553","828359245","1.36869"
"828359245","1993755553","1.36869"
"1993755553","93445675","0.138889"
"93445675","1993755553","0.138889"
"2031051127","2059377739","0.0555556"
"2059377739","2031051127","0.0555556"
"2031051127","2102654168","0.222222"
"2102654168","2031051127","0.222222"
"2031051127","2115721220","0.472222"
"2115721220","2031051127","0.472222"
"2031051127","2133356318","0.138889"
"2133356318","2031051127","0.138889"
"2031051127","2135038323","0.972222"
"2135038323","2031051127","0.972222"
"2031051127","2140811298","0.222222"
"2140811298","2031051127","0.222222"
"2031051127","2150713082","0.138889"
"2150713082","2031051127","0.138889"
"2031051127","2165506510","0.638889"
"2165506510","2031051127","0.638889"
"2031051127","2171828861","0.0555556"
"2171828861","2031051127","0.0555556"
"2031051127","2244876453","0.138889"
"2244876453","2031051127","0.138889"
"2031051127","2512317875","0.0555556"
"2512317875","2031051127","0.0555556"
"2031051127","2613811373","0.638889"
"2613811373","2031051127","0.638889"
"2059377739","2102654168","0.0555556"
"2102654168","2059377739","0.0555556"
"2059377739","2107469542","0.0555556"
"2107469542","2059377739","0.0555556"
"2059377739","2115721220","0.0555556"
"2115721220","2059377739","0.0555556"
"2059377739","2133356318","0.0555556"
"2133356318","2059377739","0.0555556"
"2059377739","2135038323","0.0555556"
"2135038323","2059377739","0.0555556"
"2059377739","2140811298","0.0555556"
"2140811298","2059377739","0.0555556"
"2059377739","2150713082","0.0555556"
"2150713082","2059377739","0.0555556"
"2059377739","2165506510","0.0555556"
"2165506510","2059377739","0.0555556"
"2059377739","2171828861","0.0555556"
"2171828861","2059377739","0.0555556"
"2059377739","2244876453","0.0555556"
"2244876453","2059377739","0.0555556"
"2059377739","2512317875","0.0555556"
"2512317875","2059377739","0.0555556"
"2059377739","2613811373","0.0555556"
"2613811373","2059377739","0.0555556"
"2059377739","828359245","0.0555556"
"828359245","2059377739","0.0555556"
"2059377739","93445675","0.0555556"
"93445675","2059377739","0.0555556"
"2102654168","2107469542","1.68377"
"2107469542","2102654168","1.68377"
"2102654168","2115721220","0.924242"
"2115721220","2102654168","0.924242"
"2102654168","2133356318","0.338889"
"2133356318","2102654168","0.338889"
"2102654168","2135038323","2.23333"
"2135038323","2102654168","2.23333"
"2102654168","2140811298","0.513131"
"2140811298","2102654168","0.513131"
"2102654168","2150713082","0.340909"
"2150713082","2102654168","0.340909"
"2102654168","2165506510","2.22619"
"2165506510","2102654168","2.22619"
"2102654168","2171828861","0.166667"
"2171828861","2102654168","0.166667"
"2102654168","2244876453","0.372655"
"2244876453","2102654168","0.372655"
"2102654168","2512317875","0.198413"
"2512317875","2102654168","0.198413"
"2102654168","2613811373","0.281746"
"2613811373","2102654168","0.281746"
"2102654168","828359245","1.23932"
"828359245","2102654168","1.23932"
"2102654168","93445675","0.538889"
"93445675","2102654168","0.538889"
"2107469542","2115721220","0.507576"
"2115721220","2107469542","0.507576"
"2107469542","2133356318","0.0555556"
"2133356318","2107469542","0.0555556"
"2107469542","2135038323","2.67222"
"2135038323","2107469542","2.67222"
"2107469542","2140811298","1.15202"
"2140811298","2107469542","1.15202"
"2107469542","2150713082","0.257576"
"2150713082","2107469542","0.257576"
"2107469542","2165506510","1.92063"
"2165506510","2107469542","1.92063"
"2107469542","2171828861","0.277778"
"2171828861","2107469542","0.277778"
"2107469542","2244876453","0.594877"
"2244876453","2107469542","0.594877"
"2107469542","2512317875","0.420635"
"2512317875","2107469542","0.420635"
"2107469542","2613811373","1.00397"
"2613811373","2107469542","1.00397"
"2107469542","828359245","1.01154"
"828359245","2107469542","1.01154"
"2107469542","93445675","0.255556"
"93445675","2107469542","0.255556"
"2115721220","2133356318","0.138889"
"2133356318","2115721220","0.138889"
"2115721220","2135038323","0.75"
"2135038323","2115721220","0.75"
"2115721220","2140811298","1.31313"
"2140811298","2115721220","1.31313"
"2115721220","2150713082","0.340909"
"2150713082","2115721220","0.340909"
"2115721220","2165506510","1.41667"
"2165506510","2115721220","1.41667"
"2115721220","2171828861","0.166667"
"2171828861","2115721220","0.166667"
"2115721220","2244876453","0.479798"
"2244876453","2115721220","0.479798"
"2115721220","2512317875","0.305556"
"2512317875","2115721220","0.305556"
"2115721220","2613811373","0.472222"
"2613811373","2115721220","0.472222"
"2115721220","828359245","1.06313"
"828359245","2115721220","1.06313"
"2115721220","93445675","0.138889"
"93445675","2115721220","0.138889"
"2133356318","2135038323","1.17222"
"2135038323","2133356318","1.17222"
"2133356318","2140811298","0.138889"
"2140811298","2133356318","0.138889"
"2133356318","2150713082","0.138889"
"2150713082","2133356318","0.138889"
"2133356318","2165506510","0.138889"
"2165506510","2133356318","0.138889"
"2133356318","2171828861","0.388889"
"2171828861","2133356318","0.388889"
"2133356318","2244876453","0.0555556"
"2244876453","2133356318","0.0555556"
"2133356318","2512317875","0.0555556"
"2512317875","2133356318","0.0555556"
"2133356318","2613811373","0.0555556"
"2613811373","2133356318","0.0555556"
"2133356318","828359245","0.338889"
"828359245","2133356318","0.338889"
"2133356318","93445675","1.17222"
"93445675","2133356318","1.17222"
"2135038323","2140811298","0.644444"
"2140811298","2135038323","0.644444"
"2135038323","2150713082","0.25"
"2150713082","2135038323","0.25"
"2135038323","2165506510","2.86111"
"2165506510","2135038323","2.86111"
"2135038323","2171828861","0.611111"
"2171828861","2135038323","0.611111"
"2135038323","2244876453","0.361111"
"2244876453","2135038323","0.361111"
"2135038323","2512317875","0.277778"
"2512317875","2135038323","0.277778"
"2135038323","2613811373","0.361111"
"2613811373","2135038323","0.361111"
"2135038323","828359245","0.811111"
"828359245","2135038323","0.811111"
"2135038323","93445675","1.37222"
"93445675","2135038323","1.37222"
"2140811298","2150713082","0.229798"
"2150713082","2140811298","0.229798"
"2140811298","2165506510","0.25"
"2165506510","2140811298","0.25"
"2140811298","2171828861","0.166667"
"2171828861","2140811298","0.166667"
"2140811298","2244876453","0.618687"
"2244876453","2140811298","0.618687"
"2140811298","2512317875","0.444444"
"2512317875","2140811298","0.444444"
"2140811298","2613811373","1.56111"
"2613811373","2140811298","1.56111"
"2140811298","828359245","3.65202"
"828359245","2140811298","3.65202"
"2140811298","93445675","0.338889"
"93445675","2140811298","0.338889"
"2150713082","2165506510","0.25"
"2165506510","2150713082","0.25"
"2150713082","2171828861","0.166667"
"2171828861","2150713082","0.166667"
"2150713082","2244876453","0.146465"
"2244876453","2150713082","0.146465"
"2150713082","2512317875","0.0555556"
"2512317875","2150713082","0.0555556"
"2150713082","2613811373","0.0555556"
"2613811373","2150713082","0.0555556"
"2150713082","828359245","1.2298"
"828359245","2150713082","1.2298"
"2150713082","93445675","0.138889"
"93445675","2150713082","0.138889"
"2165506510","2171828861","0.166667"
"2171828861","2165506510","0.166667"
"2165506510","2244876453","0.309524"
"2244876453","2165506510","0.309524"
"2165506510","2512317875","0.309524"
"2512317875","2165506510","0.309524"
"2165506510","2613811373","0.309524"
"2613811373","2165506510","0.309524"
"2165506510","828359245","0.72619"
"828359245","2165506510","0.72619"
"2165506510","93445675","0.138889"
"93445675","2165506510","0.138889"
"2171828861","2244876453","0.166667"
"2244876453","2171828861","0.166667"
"2171828861","2512317875","0.166667"
"2512317875","2171828861","0.166667"
"2171828861","2613811373","0.166667"
"2613811373","2171828861","0.166667"
"2171828861","828359245","0.166667"
"828359245","2171828861","0.166667"
"2171828861","93445675","0.388889"
"93445675","2171828861","0.388889"
"2244876453","2512317875","2.3373"
"2512317875","2244876453","2.3373"
"2244876453","2613811373","0.503968"
"2613811373","2244876453","0.503968"
"2244876453","828359245","8.17821"
"828359245","2244876453","8.17821"
"2244876453","93445675","0.0555556"
"93445675","2244876453","0.0555556"
"2512317875","2613811373","0.587302"
"2613811373","2512317875","0.587302"
"2512317875","828359245","2.50397"
"828359245","2512317875","2.50397"
"2512317875","93445675","0.0555556"
"93445675","2512317875","0.0555556"
"2613811373","828359245","0.787302"
"828359245","2613811373","0.787302"
"2613811373","93445675","1.05556"
"93445675","2613811373","1.05556"
"1564086613","2143255506","25.8333"
"2143255506","1564086613","25.8333"
"1564086613","2433796428","0.5"
"2433796428","1564086613","0.5"
"2143255506","2433796428","0.5"
"2433796428","2143255506","0.5"
"1564086613","2156757417","1.75"
"2156757417","1564086613","1.75"
"2143255506","2156757417","13.6667"
"2156757417","2143255506","13.6667"
"1564086613","2115459551","0.333333"
"2115459551","1564086613","0.333333"
"1564086613","2162060957","0.333333"
"2162060957","1564086613","0.333333"
"2115459551","2143255506","0.833333"
"2143255506","2115459551","0.833333"
"2115459551","2162060957","8.33333"
"2162060957","2115459551","8.33333"
"2143255506","2162060957","0.833333"
"2162060957","2143255506","0.833333"
"1564086613","1987584353","1"
"1987584353","1564086613","1"
"1564086613","2161252177","1"
"2161252177","1564086613","1"
"1987584353","2143255506","23.5833"
"2143255506","1987584353","23.5833"
"1987584353","2156757417","3.66667"
"2156757417","1987584353","3.66667"
"1987584353","2161252177","4.08333"
"2161252177","1987584353","4.08333"
"2143255506","2161252177","15.5833"
"2161252177","2143255506","15.5833"
"2156757417","2161252177","3"
"2161252177","2156757417","3"
"1564086613","1982687328","0.25"
"1982687328","1564086613","0.25"
"1982687328","1987584353","1.5"
"1987584353","1982687328","1.5"
"1982687328","2143255506","2.33333"
"2143255506","1982687328","2.33333"
"1982687328","2161252177","1"
"2161252177","1982687328","1"
"1591785915","2184900279","11"
"2184900279","1591785915","11"
"183750688","2128981355","0.611111"
"2128981355","183750688","0.611111"
"1993755553","2128981355","1.36869"
"2128981355","1993755553","1.36869"
"2102654168","2128981355","0.868687"
"2128981355","2102654168","0.868687"
"2107469542","2128981355","0.785354"
"2128981355","2107469542","0.785354"
"2115721220","2128981355","0.70202"
"2128981355","2115721220","0.70202"
"2128981355","2135038323","0.277778"
"2135038323","2128981355","0.277778"
"2128981355","2150713082","0.285354"
"2150713082","2128981355","0.285354"
"2128981355","2165506510","0.194444"
"2165506510","2128981355","0.194444"
"2128981355","2171828861","0.111111"
"2171828861","2128981355","0.111111"
"183750688","2433796428","0.0833333"
"2433796428","183750688","0.0833333"
"183750688","2547804802","0.0833333"
"2547804802","183750688","0.0833333"
"1993755553","2433796428","0.618687"
"2433796428","1993755553","0.618687"
"1993755553","2547804802","2.17424"
"2547804802","1993755553","2.17424"
"2031051127","2128981355","0.166667"
"2128981355","2031051127","0.166667"
"2031051127","2433796428","0.0833333"
"2433796428","2031051127","0.0833333"
"2031051127","2547804802","0.0833333"
"2547804802","2031051127","0.0833333"
"2102654168","2433796428","0.3171"
"2433796428","2102654168","0.3171"
"2102654168","2547804802","0.174242"
"2547804802","2102654168","0.174242"
"2107469542","2433796428","0.428211"
"2433796428","2107469542","0.428211"
"2107469542","2547804802","0.174242"
"2547804802","2107469542","0.174242"
"2115721220","2433796428","0.174242"
"2433796428","2115721220","0.174242"
"2115721220","2547804802","0.174242"
"2547804802","2115721220","0.174242"
"2128981355","2140811298","0.257576"
"2140811298","2128981355","0.257576"
"2128981355","2244876453","0.174242"
"2244876453","2128981355","0.174242"
"2128981355","2433796428","0.674242"
"2433796428","2128981355","0.674242"
"2128981355","2547804802","0.174242"
"2547804802","2128981355","0.174242"
"2128981355","2613811373","0.416667"
"2613811373","2128981355","0.416667"
"2135038323","2433796428","0.194444"
"2433796428","2135038323","0.194444"
"2135038323","2547804802","0.0833333"
"2547804802","2135038323","0.0833333"
"2140811298","2433796428","0.785354"
"2433796428","2140811298","0.785354"
"2140811298","2547804802","0.540909"
"2547804802","2140811298","0.540909"
"2244876453","2433796428","0.844877"
"2433796428","2244876453","0.844877"
"2244876453","2547804802","1.92424"
"2547804802","2244876453","1.92424"
"2433796428","2547804802","1.09091"
"2547804802","2433796428","1.09091"
"2433796428","2613811373","1.3373"
"2613811373","2433796428","1.3373"
"2547804802","2613811373","0.45"
"2613811373","2547804802","0.45"
"2128981355","2133356318","0.0833333"
"2133356318","2128981355","0.0833333"
"2128981355","828359245","0.174242"
"828359245","2128981355","0.174242"
"2128981355","93445675","0.0833333"
"93445675","2128981355","0.0833333"
"1982687328","1990379658","0.666667"
"1990379658","1982687328","0.666667"
"1982687328","2102654168","0.333333"
"2102654168","1982687328","0.333333"
"1990379658","2102654168","0.333333"
"2102654168","1990379658","0.333333"
"1990379658","2143255506","1"
"2143255506","1990379658","1"
"2102654168","2143255506","1.16667"
"2143255506","2102654168","1.16667"
"1982687328","2156757417","0.916667"
"2156757417","1982687328","0.916667"
"1987584353","1990379658","0.333333"
"1990379658","1987584353","0.333333"
"1987584353","2107469542","0.333333"
"2107469542","1987584353","0.333333"
"2107469542","2143255506","0.333333"
"2143255506","2107469542","0.333333"
"2107469542","2161252177","0.333333"
"2161252177","2107469542","0.333333"
"1987584353","2102654168","0.5"
"2102654168","1987584353","0.5"
"1990379658","2128981355","2.83333"
"2128981355","1990379658","2.83333"
"1990379658","2433796428","0.5"
"2433796428","1990379658","0.5"
"1990379658","2077894236","2.33333"
"2077894236","1990379658","2.33333"
"2077894236","2128981355","0.333333"
"2128981355","2077894236","0.333333"
"2077894236","2143255506","0.333333"
"2143255506","2077894236","0.333333"
"2128981355","2143255506","0.333333"
"2143255506","2128981355","0.333333"
"1990379658","2244876453","1"
"2244876453","1990379658","1"
"1990379658","2165506510","1"
"2165506510","1990379658","1"
"1990379658","2107469542","0.5"
"2107469542","1990379658","0.5"
"1990379658","1993755553","0.5"
"1993755553","1990379658","0.5"
"1990379658","2031051127","0.25"
"2031051127","1990379658","0.25"
"1990379658","2115721220","0.25"
"2115721220","1990379658","0.25"
"1990379658","2135038323","0.25"
"2135038323","1990379658","0.25"
"1990379658","828359245","0.25"
"828359245","1990379658","0.25"
"1993755553","2003281274","0.590909"
"2003281274","1993755553","0.590909"
"2003281274","2102654168","0.0909091"
"2102654168","2003281274","0.0909091"
"2003281274","2107469542","0.0909091"
"2107469542","2003281274","0.0909091"
"2003281274","2115721220","0.0909091"
"2115721220","2003281274","0.0909091"
"2003281274","2128981355","0.0909091"
"2128981355","2003281274","0.0909091"
"2003281274","2140811298","3.25758"
"2140811298","2003281274","3.25758"
"2003281274","2150713082","0.0909091"
"2150713082","2003281274","0.0909091"
"2003281274","2244876453","0.257576"
"2244876453","2003281274","0.257576"
"2003281274","2433796428","0.257576"
"2433796428","2003281274","0.257576"
"2003281274","2547804802","0.257576"
"2547804802","2003281274","0.257576"
"2003281274","828359245","0.257576"
"828359245","2003281274","0.257576"
"2150713082","2433796428","0.0909091"
"2433796428","2150713082","0.0909091"
"2150713082","2547804802","0.0909091"
"2547804802","2150713082","0.0909091"
"2433796428","828359245","1.59488"
"828359245","2433796428","1.59488"
"2547804802","828359245","1.70758"
"828359245","2547804802","1.70758"
"1993755553","2952885177","0.5"
"2952885177","1993755553","0.5"
"2115721220","2952885177","0.5"
"2952885177","2115721220","0.5"
"2165506510","2433796428","0.253968"
"2433796428","2165506510","0.253968"
"2433796428","2512317875","0.420635"
"2512317875","2433796428","0.420635"
"2003281274","2512317875","0.166667"
"2512317875","2003281274","0.166667"
"2512317875","2547804802","0.666667"
"2547804802","2512317875","0.666667"
"2003281274","2619959750","0.5"
"2619959750","2003281274","0.5"
"2140811298","2619959750","0.7"
"2619959750","2140811298","0.7"
"2143255506","2165506510","0.333333"
"2165506510","2143255506","0.333333"
"2143255506","828359245","0.333333"
"828359245","2143255506","0.333333"
"2107469542","2469579467","1"
"2469579467","2107469542","1"
"2115459551","2128981355","0.5"
"2128981355","2115459551","0.5"
"2128981355","2162060957","0.5"
"2162060957","2128981355","0.5"
"2135038323","2581526937","0.5"
"2581526937","2135038323","0.5"
"2165506510","2581526937","0.5"
"2581526937","2165506510","0.5"
"2140811298","2469579467","1"
"2469579467","2140811298","1"
"2140811298","2948869229","0.2"
"2948869229","2140811298","0.2"
"2547804802","2619959750","1.36667"
"2619959750","2547804802","1.36667"
"2547804802","2948869229","0.2"
"2948869229","2547804802","0.2"
"2613811373","2619959750","1.36667"
"2619959750","2613811373","1.36667"
"2613811373","2948869229","0.2"
"2948869229","2613811373","0.2"
"2619959750","2948869229","5.2"
"2948869229","2619959750","5.2"
"2619959750","828359245","0.366667"
"828359245","2619959750","0.366667"
"2948869229","828359245","0.7"
"828359245","2948869229","0.7"
"2143255506","2581526937","1"
"2581526937","2143255506","1"
"2244876453","2469579467","0.583333"
"2469579467","2244876453","0.583333"
"2469579467","2512317875","0.5"
"2512317875","2469579467","0.5"
"2469579467","828359245","0.75"
"828359245","2469579467","0.75"
"2244876453","2948869229","0.5"
"2948869229","2244876453","0.5"
"2433796428","2469579467","0.25"
"2469579467","2433796428","0.25"
"2469579467","2547804802","0.416667"
"2547804802","2469579467","0.416667"
"2244876453","2795182149","0.333333"
"2795182149","2244876453","0.333333"
"2512317875","2795182149","0.333333"
"2795182149","2512317875","0.333333"
"2795182149","828359245","0.333333"
"828359245","2795182149","0.333333"
"2433796428","2795182149","2.5"
"2795182149","2433796428","2.5"
"2433796428","2948869229","0.5"
"2948869229","2433796428","0.5"
"2795182149","2948869229","4"
"2948869229","2795182149","4"
"2469579467","2613811373","0.166667"
"2613811373","2469579467","0.166667"
"2469579467","2619959750","0.166667"
"2619959750","2469579467","0.166667"
"2469579467","2933085223","0.166667"
"2933085223","2469579467","0.166667"
"2512317875","2619959750","0.166667"
"2619959750","2512317875","0.166667"
"2512317875","2933085223","0.166667"
"2933085223","2512317875","0.166667"
"2547804802","2933085223","0.166667"
"2933085223","2547804802","0.166667"
"2613811373","2933085223","0.166667"
"2933085223","2613811373","0.166667"
"2619959750","2933085223","0.166667"
"2933085223","2619959750","0.166667"
"2933085223","828359245","0.166667"
"828359245","2933085223","0.166667"
"2795182149","2933085223","5.5"
"2933085223","2795182149","5.5"
"2933085223","2948869229","1.5"
"2948869229","2933085223","1.5"
