"1029603903","1568179368","0.166667"
"1568179368","1029603903","0.166667"
"1029603903","1972149001","0.5"
"1972149001","1029603903","0.5"
"1029603903","2075069743","0.5"
"2075069743","1029603903","0.5"
"1029603903","2279804989","0.166667"
"2279804989","1029603903","0.166667"
"1029603903","2286420773","0.166667"
"2286420773","1029603903","0.166667"
"1029603903","2295398559","0.5"
"2295398559","1029603903","0.5"
"1568179368","1972149001","0.166667"
"1972149001","1568179368","0.166667"
"1568179368","2075069743","0.166667"
"2075069743","1568179368","0.166667"
"1568179368","2279804989","0.166667"
"2279804989","1568179368","0.166667"
"1568179368","2286420773","0.5"
"2286420773","1568179368","0.5"
"1568179368","2295398559","0.166667"
"2295398559","1568179368","0.166667"
"1972149001","2075069743","17.1595"
"2075069743","1972149001","17.1595"
"1972149001","2279804989","0.266667"
"2279804989","1972149001","0.266667"
"1972149001","2286420773","0.166667"
"2286420773","1972149001","0.166667"
"1972149001","2295398559","4.40952"
"2295398559","1972149001","4.40952"
"2075069743","2279804989","0.266667"
"2279804989","2075069743","0.266667"
"2075069743","2286420773","0.166667"
"2286420773","2075069743","0.166667"
"2075069743","2295398559","5.40952"
"2295398559","2075069743","5.40952"
"2279804989","2286420773","0.166667"
"2286420773","2279804989","0.166667"
"2279804989","2295398559","0.266667"
"2295398559","2279804989","0.266667"
"2286420773","2295398559","0.166667"
"2295398559","2286420773","0.166667"
"1029603903","1567278459","1"
"1567278459","1029603903","1"
"109740741","111885355","0.980952"
"111885355","109740741","0.980952"
"109740741","1972149001","0.909524"
"1972149001","109740741","0.909524"
"109740741","1977548957","0.516667"
"1977548957","109740741","0.516667"
"109740741","2027420911","0.338095"
"2027420911","109740741","0.338095"
"109740741","2075069743","1.90952"
"2075069743","109740741","1.90952"
"109740741","2295398559","1.48095"
"2295398559","109740741","1.48095"
"111885355","1972149001","1.15952"
"1972149001","111885355","1.15952"
"111885355","1977548957","1.18333"
"1977548957","111885355","1.18333"
"111885355","2027420911","0.338095"
"2027420911","111885355","0.338095"
"111885355","2075069743","1.15952"
"2075069743","111885355","1.15952"
"111885355","2295398559","2.98095"
"2295398559","111885355","2.98095"
"1972149001","1977548957","0.516667"
"1977548957","1972149001","0.516667"
"1972149001","2027420911","0.266667"
"2027420911","1972149001","0.266667"
"1977548957","2027420911","0.266667"
"2027420911","1977548957","0.266667"
"1977548957","2075069743","0.516667"
"2075069743","1977548957","0.516667"
"1977548957","2295398559","0.433333"
"2295398559","1977548957","0.433333"
"2027420911","2075069743","0.266667"
"2075069743","2027420911","0.266667"
"2027420911","2295398559","0.538095"
"2295398559","2027420911","0.538095"
"109740741","171635350","1.06429"
"171635350","109740741","1.06429"
"109740741","2279804989","0.1"
"2279804989","109740741","0.1"
"109740741","2741016512","0.171429"
"2741016512","109740741","0.171429"
"109740741","2760685924","0.171429"
"2760685924","109740741","0.171429"
"111885355","171635350","5.73095"
"171635350","111885355","5.73095"
"111885355","2279804989","0.6"
"2279804989","111885355","0.6"
"111885355","2741016512","0.171429"
"2741016512","111885355","0.171429"
"111885355","2760685924","0.171429"
"2760685924","111885355","0.171429"
"171635350","1972149001","1.49286"
"1972149001","171635350","1.49286"
"171635350","1977548957","0.766667"
"1977548957","171635350","0.766667"
"171635350","2027420911","0.171429"
"2027420911","171635350","0.171429"
"171635350","2075069743","1.49286"
"2075069743","171635350","1.49286"
"171635350","2279804989","0.6"
"2279804989","171635350","0.6"
"171635350","2295398559","0.814286"
"2295398559","171635350","0.814286"
"171635350","2741016512","0.171429"
"2741016512","171635350","0.171429"
"171635350","2760685924","0.171429"
"2760685924","171635350","0.171429"
"1972149001","2741016512","0.1"
"2741016512","1972149001","0.1"
"1972149001","2760685924","0.1"
"2760685924","1972149001","0.1"
"1977548957","2279804989","0.1"
"2279804989","1977548957","0.1"
"1977548957","2741016512","0.1"
"2741016512","1977548957","0.1"
"1977548957","2760685924","0.1"
"2760685924","1977548957","0.1"
"2027420911","2279804989","0.1"
"2279804989","2027420911","0.1"
"2027420911","2741016512","0.171429"
"2741016512","2027420911","0.171429"
"2027420911","2760685924","0.171429"
"2760685924","2027420911","0.171429"
"2075069743","2741016512","0.1"
"2741016512","2075069743","0.1"
"2075069743","2760685924","0.1"
"2760685924","2075069743","0.1"
"2279804989","2741016512","0.1"
"2741016512","2279804989","0.1"
"2279804989","2760685924","0.1"
"2760685924","2279804989","0.1"
"2295398559","2741016512","0.171429"
"2741016512","2295398559","0.171429"
"2295398559","2760685924","0.171429"
"2760685924","2295398559","0.171429"
"2741016512","2760685924","5.17143"
"2760685924","2741016512","5.17143"
"109740741","2060161902","0.392857"
"2060161902","109740741","0.392857"
"109740741","2913231750","0.142857"
"2913231750","109740741","0.142857"
"111885355","2060161902","0.47619"
"2060161902","111885355","0.47619"
"111885355","2913231750","1.14286"
"2913231750","111885355","1.14286"
"171635350","2060161902","0.72619"
"2060161902","171635350","0.72619"
"171635350","2913231750","4.64286"
"2913231750","171635350","4.64286"
"1972149001","2060161902","0.142857"
"2060161902","1972149001","0.142857"
"1972149001","2913231750","0.142857"
"2913231750","1972149001","0.142857"
"2060161902","2075069743","0.142857"
"2075069743","2060161902","0.142857"
"2060161902","2295398559","0.67619"
"2295398559","2060161902","0.67619"
"2060161902","2913231750","0.47619"
"2913231750","2060161902","0.47619"
"2075069743","2913231750","0.142857"
"2913231750","2075069743","0.142857"
"2295398559","2913231750","0.142857"
"2913231750","2295398559","0.142857"
"109740741","1567278459","0.25"
"1567278459","109740741","0.25"
"1567278459","171635350","0.25"
"171635350","1567278459","0.25"
"1567278459","1977548957","0.25"
"1977548957","1567278459","0.25"
"1567278459","2060161902","0.25"
"2060161902","1567278459","0.25"
"1977548957","2060161902","0.25"
"2060161902","1977548957","0.25"
"109740741","1568107351","0.0714286"
"1568107351","109740741","0.0714286"
"109740741","2049127440","0.0714286"
"2049127440","109740741","0.0714286"
"109740741","2074709190","0.0714286"
"2074709190","109740741","0.0714286"
"109740741","2100702488","0.0714286"
"2100702488","109740741","0.0714286"
"109740741","2150106885","0.0714286"
"2150106885","109740741","0.0714286"
"109740741","2150569458","0.0714286"
"2150569458","109740741","0.0714286"
"109740741","2156212081","0.0714286"
"2156212081","109740741","0.0714286"
"109740741","89074110","0.0714286"
"89074110","109740741","0.0714286"
"111885355","1568107351","0.404762"
"1568107351","111885355","0.404762"
"111885355","2049127440","0.0714286"
"2049127440","111885355","0.0714286"
"111885355","2074709190","0.238095"
"2074709190","111885355","0.238095"
"111885355","2100702488","0.238095"
"2100702488","111885355","0.238095"
"111885355","2150106885","0.404762"
"2150106885","111885355","0.404762"
"111885355","2150569458","0.0714286"
"2150569458","111885355","0.0714286"
"111885355","2156212081","0.904762"
"2156212081","111885355","0.904762"
"111885355","89074110","0.0714286"
"89074110","111885355","0.0714286"
"1568107351","171635350","1.40476"
"171635350","1568107351","1.40476"
"1568107351","2027420911","0.0714286"
"2027420911","1568107351","0.0714286"
"1568107351","2049127440","0.646429"
"2049127440","1568107351","0.646429"
"1568107351","2074709190","1.89643"
"2074709190","1568107351","1.89643"
"1568107351","2100702488","1.89643"
"2100702488","1568107351","1.89643"
"1568107351","2150106885","2.8131"
"2150106885","1568107351","2.8131"
"1568107351","2150569458","5.52143"
"2150569458","1568107351","5.52143"
"1568107351","2156212081","1.90476"
"2156212081","1568107351","1.90476"
"1568107351","2295398559","0.488095"
"2295398559","1568107351","0.488095"
"1568107351","2741016512","0.0714286"
"2741016512","1568107351","0.0714286"
"1568107351","2760685924","0.0714286"
"2760685924","1568107351","0.0714286"
"1568107351","89074110","0.238095"
"89074110","1568107351","0.238095"
"171635350","2049127440","0.0714286"
"2049127440","171635350","0.0714286"
"171635350","2074709190","0.238095"
"2074709190","171635350","0.238095"
"171635350","2100702488","0.238095"
"2100702488","171635350","0.238095"
"171635350","2150106885","0.404762"
"2150106885","171635350","0.404762"
"171635350","2150569458","0.571429"
"2150569458","171635350","0.571429"
"171635350","2156212081","0.904762"
"2156212081","171635350","0.904762"
"171635350","89074110","0.0714286"
"89074110","171635350","0.0714286"
"2027420911","2049127440","0.0714286"
"2049127440","2027420911","0.0714286"
"2027420911","2074709190","0.0714286"
"2074709190","2027420911","0.0714286"
"2027420911","2100702488","0.0714286"
"2100702488","2027420911","0.0714286"
"2027420911","2150106885","0.0714286"
"2150106885","2027420911","0.0714286"
"2027420911","2150569458","0.0714286"
"2150569458","2027420911","0.0714286"
"2027420911","2156212081","0.0714286"
"2156212081","2027420911","0.0714286"
"2027420911","89074110","0.0714286"
"89074110","2027420911","0.0714286"
"2049127440","2074709190","1.72976"
"2074709190","2049127440","1.72976"
"2049127440","2100702488","0.729762"
"2100702488","2049127440","0.729762"
"2049127440","2150106885","3.97976"
"2150106885","2049127440","3.97976"
"2049127440","2150569458","1.97976"
"2150569458","2049127440","1.97976"
"2049127440","2156212081","0.404762"
"2156212081","2049127440","0.404762"
"2049127440","2295398559","0.0714286"
"2295398559","2049127440","0.0714286"
"2049127440","2741016512","0.0714286"
"2741016512","2049127440","0.0714286"
"2049127440","2760685924","0.0714286"
"2760685924","2049127440","0.0714286"
"2049127440","89074110","0.0714286"
"89074110","2049127440","0.0714286"
"2074709190","2100702488","9.0631"
"2100702488","2074709190","9.0631"
"2074709190","2150106885","1.39643"
"2150106885","2074709190","1.39643"
"2074709190","2150569458","1.14643"
"2150569458","2074709190","1.14643"
"2074709190","2156212081","1.07143"
"2156212081","2074709190","1.07143"
"2074709190","2295398559","0.321429"
"2295398559","2074709190","0.321429"
"2074709190","2741016512","0.0714286"
"2741016512","2074709190","0.0714286"
"2074709190","2760685924","0.0714286"
"2760685924","2074709190","0.0714286"
"2074709190","89074110","0.238095"
"89074110","2074709190","0.238095"
"2100702488","2150106885","1.39643"
"2150106885","2100702488","1.39643"
"2100702488","2150569458","1.14643"
"2150569458","2100702488","1.14643"
"2100702488","2156212081","1.07143"
"2156212081","2100702488","1.07143"
"2100702488","2295398559","0.321429"
"2295398559","2100702488","0.321429"
"2100702488","2741016512","0.0714286"
"2741016512","2100702488","0.0714286"
"2100702488","2760685924","0.0714286"
"2760685924","2100702488","0.0714286"
"2100702488","89074110","0.238095"
"89074110","2100702488","0.238095"
"2150106885","2150569458","2.22976"
"2150569458","2150106885","2.22976"
"2150106885","2156212081","0.404762"
"2156212081","2150106885","0.404762"
"2150106885","2295398559","0.488095"
"2295398559","2150106885","0.488095"
"2150106885","2741016512","0.0714286"
"2741016512","2150106885","0.0714286"
"2150106885","2760685924","0.0714286"
"2760685924","2150106885","0.0714286"
"2150106885","89074110","0.0714286"
"89074110","2150106885","0.0714286"
"2150569458","2156212081","0.0714286"
"2156212081","2150569458","0.0714286"
"2150569458","2295398559","0.0714286"
"2295398559","2150569458","0.0714286"
"2150569458","2741016512","0.0714286"
"2741016512","2150569458","0.0714286"
"2150569458","2760685924","0.0714286"
"2760685924","2150569458","0.0714286"
"2150569458","89074110","0.238095"
"89074110","2150569458","0.238095"
"2156212081","2295398559","0.238095"
"2295398559","2156212081","0.238095"
"2156212081","2741016512","0.0714286"
"2741016512","2156212081","0.0714286"
"2156212081","2760685924","0.0714286"
"2760685924","2156212081","0.0714286"
"2156212081","89074110","0.0714286"
"89074110","2156212081","0.0714286"
"2295398559","89074110","1.07143"
"89074110","2295398559","1.07143"
"2741016512","89074110","0.0714286"
"89074110","2741016512","0.0714286"
"2760685924","89074110","0.0714286"
"89074110","2760685924","0.0714286"
"1977548957","2156212081","0.666667"
"2156212081","1977548957","0.666667"
"111885355","2119584748","0.5"
"2119584748","111885355","0.5"
"171635350","2119584748","2.5"
"2119584748","171635350","2.5"
"1568107351","1977548957","0.166667"
"1977548957","1568107351","0.166667"
"1977548957","2150106885","0.166667"
"2150106885","1977548957","0.166667"
"1516469158","1854757958","2"
"1854757958","1516469158","2"
"1516469158","171635350","0.5"
"171635350","1516469158","0.5"
"1516469158","2913231750","1.5"
"2913231750","1516469158","1.5"
"1521927623","1944502597","3"
"1944502597","1521927623","3"
"1521927623","20654426","2"
"20654426","1521927623","2"
"1944502597","20654426","4"
"20654426","1944502597","4"
"1521927623","1574305441","9"
"1574305441","1521927623","9"
"1574305441","1944502597","5.66667"
"1944502597","1574305441","5.66667"
"1574305441","20654426","7.66667"
"20654426","1574305441","7.66667"
"1567278459","2198755618","2"
"2198755618","1567278459","2"
"1567278459","1568107351","0.125"
"1568107351","1567278459","0.125"
"1567278459","2049127440","0.125"
"2049127440","1567278459","0.125"
"1567278459","2074709190","0.125"
"2074709190","1567278459","0.125"
"1567278459","2078451216","0.125"
"2078451216","1567278459","0.125"
"1567278459","2100702488","1.125"
"2100702488","1567278459","1.125"
"1567278459","2144261930","0.125"
"2144261930","1567278459","0.125"
"1567278459","2150106885","0.125"
"2150106885","1567278459","0.125"
"1567278459","2150569458","0.125"
"2150569458","1567278459","0.125"
"1568107351","2078451216","0.416667"
"2078451216","1568107351","0.416667"
"1568107351","2144261930","1.04167"
"2144261930","1568107351","1.04167"
"2049127440","2078451216","0.125"
"2078451216","2049127440","0.125"
"2049127440","2144261930","0.375"
"2144261930","2049127440","0.375"
"2074709190","2078451216","0.291667"
"2078451216","2074709190","0.291667"
"2074709190","2144261930","0.291667"
"2144261930","2074709190","0.291667"
"2078451216","2100702488","0.291667"
"2100702488","2078451216","0.291667"
"2078451216","2144261930","0.291667"
"2144261930","2078451216","0.291667"
"2078451216","2150106885","0.125"
"2150106885","2078451216","0.125"
"2078451216","2150569458","0.416667"
"2150569458","2078451216","0.416667"
"2100702488","2144261930","0.291667"
"2144261930","2100702488","0.291667"
"2144261930","2150106885","0.375"
"2150106885","2144261930","0.375"
"2144261930","2150569458","1.04167"
"2150569458","2144261930","1.04167"
"2078451216","89074110","0.166667"
"89074110","2078451216","0.166667"
"2144261930","89074110","0.166667"
"89074110","2144261930","0.166667"
"1568107351","1854757958","0.125"
"1854757958","1568107351","0.125"
"1568107351","1944502597","0.125"
"1944502597","1568107351","0.125"
"1568107351","2140120963","0.125"
"2140120963","1568107351","0.125"
"1568107351","2149133292","0.125"
"2149133292","1568107351","0.125"
"1568107351","2631772412","0.125"
"2631772412","1568107351","0.125"
"1568107351","2913231750","0.125"
"2913231750","1568107351","0.125"
"1854757958","1944502597","0.125"
"1944502597","1854757958","0.125"
"1854757958","2078451216","0.125"
"2078451216","1854757958","0.125"
"1854757958","2140120963","0.125"
"2140120963","1854757958","0.125"
"1854757958","2149133292","0.125"
"2149133292","1854757958","0.125"
"1854757958","2150569458","0.125"
"2150569458","1854757958","0.125"
"1854757958","2631772412","0.125"
"2631772412","1854757958","0.125"
"1854757958","2913231750","1.125"
"2913231750","1854757958","1.125"
"1944502597","2078451216","2.125"
"2078451216","1944502597","2.125"
"1944502597","2140120963","0.125"
"2140120963","1944502597","0.125"
"1944502597","2149133292","0.125"
"2149133292","1944502597","0.125"
"1944502597","2150569458","0.125"
"2150569458","1944502597","0.125"
"1944502597","2631772412","0.125"
"2631772412","1944502597","0.125"
"1944502597","2913231750","1.45833"
"2913231750","1944502597","1.45833"
"2078451216","2140120963","0.375"
"2140120963","2078451216","0.375"
"2078451216","2149133292","1.625"
"2149133292","2078451216","1.625"
"2078451216","2631772412","1.125"
"2631772412","2078451216","1.125"
"2078451216","2913231750","4.45833"
"2913231750","2078451216","4.45833"
"2140120963","2149133292","2.70833"
"2149133292","2140120963","2.70833"
"2140120963","2150569458","0.125"
"2150569458","2140120963","0.125"
"2140120963","2631772412","10.7417"
"2631772412","2140120963","10.7417"
"2140120963","2913231750","1.70833"
"2913231750","2140120963","1.70833"
"2149133292","2150569458","0.625"
"2150569458","2149133292","0.625"
"2149133292","2631772412","3.79167"
"2631772412","2149133292","3.79167"
"2149133292","2913231750","5.29167"
"2913231750","2149133292","5.29167"
"2150569458","2631772412","0.125"
"2631772412","2150569458","0.125"
"2150569458","2913231750","0.625"
"2913231750","2150569458","0.625"
"2631772412","2913231750","2.29167"
"2913231750","2631772412","2.29167"
"1568179368","2255772437","0.333333"
"2255772437","1568179368","0.333333"
"1568179368","2760685924","0.333333"
"2760685924","1568179368","0.333333"
"2255772437","2286420773","0.333333"
"2286420773","2255772437","0.333333"
"2255772437","2760685924","0.333333"
"2760685924","2255772437","0.333333"
"2286420773","2760685924","0.333333"
"2760685924","2286420773","0.333333"
"1574305441","2078451216","2.16667"
"2078451216","1574305441","2.16667"
"20654426","2078451216","1.75"
"2078451216","20654426","1.75"
"1574305441","2913231750","0.5"
"2913231750","1574305441","0.5"
"20654426","2913231750","1.08333"
"2913231750","20654426","1.08333"
"1947403449","2049127440","1"
"2049127440","1947403449","1"
"194960720","2903025523","1.5"
"2903025523","194960720","1.5"
"194960720","1984566373","0.5"
"1984566373","194960720","0.5"
"194960720","33780466","1"
"33780466","194960720","1"
"1984566373","33780466","1"
"33780466","1984566373","1"
"2903025523","33780466","0.5"
"33780466","2903025523","0.5"
"1972149001","2903025523","0.5"
"2903025523","1972149001","0.5"
"2075069743","2903025523","0.5"
"2903025523","2075069743","0.5"
"1984566373","2156212081","1"
"2156212081","1984566373","1"
"1984566373","2150569458","2.33333"
"2150569458","1984566373","2.33333"
"1984566373","2049127440","0.833333"
"2049127440","1984566373","0.833333"
"2049127440","33780466","0.5"
"33780466","2049127440","0.5"
"1984566373","2150106885","0.333333"
"2150106885","1984566373","0.333333"
"2027420911","2060161902","0.2"
"2060161902","2027420911","0.2"
"2027420911","2140120963","0.2"
"2140120963","2027420911","0.2"
"2027420911","2144261930","0.2"
"2144261930","2027420911","0.2"
"2027420911","2631772412","0.2"
"2631772412","2027420911","0.2"
"2060161902","2140120963","0.2"
"2140120963","2060161902","0.2"
"2060161902","2144261930","0.2"
"2144261930","2060161902","0.2"
"2060161902","2631772412","0.533333"
"2631772412","2060161902","0.533333"
"2140120963","2144261930","0.7"
"2144261930","2140120963","0.7"
"2140120963","2295398559","0.2"
"2295398559","2140120963","0.2"
"2144261930","2295398559","0.2"
"2295398559","2144261930","0.2"
"2144261930","2631772412","0.7"
"2631772412","2144261930","0.7"
"2295398559","2631772412","0.2"
"2631772412","2295398559","0.2"
"2049127440","2913231750","1"
"2913231750","2049127440","1"
"2060161902","2149133292","0.333333"
"2149133292","2060161902","0.333333"
"2060161902","2119584748","1"
"2119584748","2060161902","1"
"2060161902","2156212081","1"
"2156212081","2060161902","1"
"20654426","2149133292","0.25"
"2149133292","20654426","0.25"
"20654426","2631772412","0.25"
"2631772412","20654426","0.25"
"2074709190","2140120963","0.333333"
"2140120963","2074709190","0.333333"
"2074709190","2631772412","0.333333"
"2631772412","2074709190","0.333333"
"2100702488","2140120963","0.333333"
"2140120963","2100702488","0.333333"
"2100702488","2631772412","0.333333"
"2631772412","2100702488","0.333333"
"2513449443","2799027276","7"
"2799027276","2513449443","7"
"2513449443","2612873006","6"
"2612873006","2513449443","6"
"2612873006","2799027276","9"
"2799027276","2612873006","9"
"2799027276","2903025523","1"
"2903025523","2799027276","1"
