"1487711277","1890178494","57.2244"
"1890178494","1487711277","57.2244"
"1487711277","2097805845","85.3609"
"2097805845","1487711277","85.3609"
"1487711277","2151465856","74.1828"
"2151465856","1487711277","74.1828"
"1487711277","948587229","88.9431"
"948587229","1487711277","88.9431"
"1890178494","2097805845","78.5288"
"2097805845","1890178494","78.5288"
"1890178494","2151465856","54.5602"
"2151465856","1890178494","54.5602"
"1890178494","948587229","56.1442"
"948587229","1890178494","56.1442"
"2097805845","2151465856","74.6892"
"2151465856","2097805845","74.6892"
"2097805845","948587229","82.4641"
"948587229","2097805845","82.4641"
"2151465856","948587229","75.0161"
"948587229","2151465856","75.0161"
"1487711277","1662289313","16.7286"
"1662289313","1487711277","16.7286"
"1487711277","1906478357","12.0756"
"1906478357","1487711277","12.0756"
"1487711277","1928589355","16.8077"
"1928589355","1487711277","16.8077"
"1487711277","2143457733","16.4591"
"2143457733","1487711277","16.4591"
"1487711277","2295149805","18.2216"
"2295149805","1487711277","18.2216"
"1662289313","1890178494","17.4186"
"1890178494","1662289313","17.4186"
"1662289313","1906478357","21.7964"
"1906478357","1662289313","21.7964"
"1662289313","1928589355","48.0147"
"1928589355","1662289313","48.0147"
"1662289313","2097805845","16.133"
"2097805845","1662289313","16.133"
"1662289313","2143457733","45.9994"
"2143457733","1662289313","45.9994"
"1662289313","2151465856","11.4826"
"2151465856","1662289313","11.4826"
"1662289313","2295149805","46.5119"
"2295149805","1662289313","46.5119"
"1662289313","948587229","14.4651"
"948587229","1662289313","14.4651"
"1890178494","1906478357","12.8459"
"1906478357","1890178494","12.8459"
"1890178494","1928589355","18.2478"
"1928589355","1890178494","18.2478"
"1890178494","2143457733","17.7575"
"2143457733","1890178494","17.7575"
"1890178494","2295149805","17.5367"
"2295149805","1890178494","17.5367"
"1906478357","1928589355","21.5006"
"1928589355","1906478357","21.5006"
"1906478357","2097805845","11.7911"
"2097805845","1906478357","11.7911"
"1906478357","2143457733","21.7964"
"2143457733","1906478357","21.7964"
"1906478357","2151465856","9.34897"
"2151465856","1906478357","9.34897"
"1906478357","2295149805","21.7756"
"2295149805","1906478357","21.7756"
"1906478357","948587229","9.58988"
"948587229","1906478357","9.58988"
"1928589355","2097805845","16.7121"
"2097805845","1928589355","16.7121"
"1928589355","2143457733","52.5286"
"2143457733","1928589355","52.5286"
"1928589355","2151465856","11.7284"
"2151465856","1928589355","11.7284"
"1928589355","2295149805","54.0411"
"2295149805","1928589355","54.0411"
"1928589355","948587229","14.7109"
"948587229","1928589355","14.7109"
"2097805845","2143457733","16.8968"
"2143457733","2097805845","16.8968"
"2097805845","2295149805","16.876"
"2295149805","2097805845","16.876"
"2143457733","2151465856","11.8576"
"2151465856","2143457733","11.8576"
"2143457733","2295149805","56.0119"
"2295149805","2143457733","56.0119"
"2143457733","948587229","14.4456"
"948587229","2143457733","14.4456"
"2151465856","2295149805","11.8367"
"2295149805","2151465856","11.8367"
"2295149805","948587229","16.8748"
"948587229","2295149805","16.8748"
"1487711277","2125607514","5.51401"
"2125607514","1487711277","5.51401"
"2097805845","2125607514","5.59734"
"2125607514","2097805845","5.59734"
"2125607514","2151465856","4.02242"
"2151465856","2125607514","4.02242"
"2125607514","948587229","5.51401"
"948587229","2125607514","5.51401"
"1487711277","1645312251","6.98505"
"1645312251","1487711277","6.98505"
"1487711277","1823703757","9.42819"
"1823703757","1487711277","9.42819"
"1487711277","1897900253","8.56393"
"1897900253","1487711277","8.56393"
"1487711277","1917761832","9.0109"
"1917761832","1487711277","9.0109"
"1487711277","2101611123","3.99852"
"2101611123","1487711277","3.99852"
"1487711277","2241005064","11.7582"
"2241005064","1487711277","11.7582"
"1645312251","1662289313","7.10588"
"1662289313","1645312251","7.10588"
"1645312251","1823703757","7.77747"
"1823703757","1645312251","7.77747"
"1645312251","1890178494","30.6665"
"1890178494","1645312251","30.6665"
"1645312251","1897900253","6.51156"
"1897900253","1645312251","6.51156"
"1645312251","1906478357","5.99414"
"1906478357","1645312251","5.99414"
"1645312251","1917761832","6.53464"
"1917761832","1645312251","6.53464"
"1645312251","1928589355","7.80172"
"1928589355","1645312251","7.80172"
"1645312251","2097805845","6.99146"
"2097805845","1645312251","6.99146"
"1645312251","2101611123","4.08274"
"2101611123","1645312251","4.08274"
"1645312251","2125607514","4.94107"
"2125607514","1645312251","4.94107"
"1645312251","2143457733","7.93088"
"2143457733","1645312251","7.93088"
"1645312251","2151465856","5.96081"
"2151465856","1645312251","5.96081"
"1645312251","2241005064","7.34863"
"2241005064","1645312251","7.34863"
"1645312251","2295149805","7.91005"
"2295149805","1645312251","7.91005"
"1645312251","948587229","6.98505"
"948587229","1645312251","6.98505"
"1662289313","1823703757","9.61847"
"1823703757","1662289313","9.61847"
"1662289313","1897900253","7.72762"
"1897900253","1662289313","7.72762"
"1662289313","1917761832","8.49681"
"1917761832","1662289313","8.49681"
"1662289313","2101611123","4.13047"
"2101611123","1662289313","4.13047"
"1662289313","2125607514","5.28484"
"2125607514","1662289313","5.28484"
"1662289313","2241005064","10.3275"
"2241005064","1662289313","10.3275"
"1823703757","1890178494","10.0139"
"1890178494","1823703757","10.0139"
"1823703757","1897900253","6.89798"
"1897900253","1823703757","6.89798"
"1823703757","1906478357","6.79774"
"1906478357","1823703757","6.79774"
"1823703757","1917761832","7.26313"
"1917761832","1823703757","7.26313"
"1823703757","1928589355","17.2726"
"1928589355","1823703757","17.2726"
"1823703757","2097805845","9.40127"
"2097805845","1823703757","9.40127"
"1823703757","2101611123","3.91952"
"2101611123","1823703757","3.91952"
"1823703757","2125607514","5.27389"
"2125607514","1823703757","5.27389"
"1823703757","2143457733","16.9935"
"2143457733","1823703757","16.9935"
"1823703757","2151465856","7.29417"
"2151465856","1823703757","7.29417"
"1823703757","2241005064","8.66954"
"2241005064","1823703757","8.66954"
"1823703757","2295149805","17.506"
"2295149805","1823703757","17.506"
"1823703757","948587229","9.67819"
"948587229","1823703757","9.67819"
"1890178494","1897900253","20.2342"
"1897900253","1890178494","20.2342"
"1890178494","1917761832","27.8216"
"1917761832","1890178494","27.8216"
"1890178494","2101611123","9.91797"
"2101611123","1890178494","9.91797"
"1890178494","2125607514","14.5961"
"2125607514","1890178494","14.5961"
"1890178494","2241005064","25.4023"
"2241005064","1890178494","25.4023"
"1897900253","1906478357","6.77558"
"1906478357","1897900253","6.77558"
"1897900253","1917761832","20.8176"
"1917761832","1897900253","20.8176"
"1897900253","1928589355","7.72345"
"1928589355","1897900253","7.72345"
"1897900253","2097805845","8.47943"
"2097805845","1897900253","8.47943"
"1897900253","2101611123","4.16039"
"2101611123","1897900253","4.16039"
"1897900253","2125607514","6.24492"
"2125607514","1897900253","6.24492"
"1897900253","2143457733","8.19151"
"2143457733","1897900253","8.19151"
"1897900253","2151465856","7.82638"
"2151465856","1897900253","7.82638"
"1897900253","2241005064","18.2573"
"2241005064","1897900253","18.2573"
"1897900253","2295149805","7.72067"
"2295149805","1897900253","7.72067"
"1897900253","948587229","8.71393"
"948587229","1897900253","8.71393"
"1906478357","1917761832","6.96649"
"1917761832","1906478357","6.96649"
"1906478357","2101611123","2.95542"
"2101611123","1906478357","2.95542"
"1906478357","2125607514","3.47877"
"2125607514","1906478357","3.47877"
"1906478357","2241005064","6.73957"
"2241005064","1906478357","6.73957"
"1917761832","1928589355","8.49264"
"1928589355","1917761832","8.49264"
"1917761832","2097805845","9.14862"
"2097805845","1917761832","9.14862"
"1917761832","2101611123","5.32706"
"2101611123","1917761832","5.32706"
"1917761832","2125607514","7.25366"
"2125607514","1917761832","7.25366"
"1917761832","2143457733","8.9607"
"2143457733","1917761832","8.9607"
"1917761832","2151465856","8.00819"
"2151465856","1917761832","8.00819"
"1917761832","2241005064","32.6932"
"2241005064","1917761832","32.6932"
"1917761832","2295149805","8.48987"
"2295149805","1917761832","8.48987"
"1917761832","948587229","9.88312"
"948587229","1917761832","9.88312"
"1928589355","2101611123","4.1263"
"2101611123","1928589355","4.1263"
"1928589355","2125607514","5.48068"
"2125607514","1928589355","5.48068"
"1928589355","2241005064","9.98996"
"2241005064","1928589355","9.98996"
"2097805845","2101611123","4.08186"
"2101611123","2097805845","4.08186"
"2097805845","2241005064","10.3126"
"2241005064","2097805845","10.3126"
"2101611123","2125607514","17.9555"
"2125607514","2101611123","17.9555"
"2101611123","2143457733","4.25547"
"2143457733","2101611123","4.25547"
"2101611123","2151465856","2.95542"
"2151465856","2101611123","2.95542"
"2101611123","2241005064","5.93463"
"2241005064","2101611123","5.93463"
"2101611123","2295149805","4.23463"
"2295149805","2101611123","4.23463"
"2101611123","948587229","3.99852"
"948587229","2101611123","3.99852"
"2125607514","2143457733","6.05984"
"2143457733","2125607514","6.05984"
"2125607514","2241005064","7.71123"
"2241005064","2125607514","7.71123"
"2125607514","2295149805","5.58901"
"2295149805","2125607514","5.58901"
"2143457733","2241005064","11.208"
"2241005064","2143457733","11.208"
"2151465856","2241005064","8.03127"
"2241005064","2151465856","8.03127"
"2241005064","2295149805","13.9872"
"2295149805","2241005064","13.9872"
"2241005064","948587229","15.5471"
"948587229","2241005064","15.5471"
"1487711277","2138479717","2.65556"
"2138479717","1487711277","2.65556"
"1890178494","2138479717","0.822222"
"2138479717","1890178494","0.822222"
"1897900253","2138479717","0.222222"
"2138479717","1897900253","0.222222"
"1917761832","2138479717","0.222222"
"2138479717","1917761832","0.222222"
"2097805845","2138479717","2.65556"
"2138479717","2097805845","2.65556"
"2125607514","2138479717","0.222222"
"2138479717","2125607514","0.222222"
"2138479717","2151465856","2.32222"
"2151465856","2138479717","2.32222"
"2138479717","2241005064","0.222222"
"2241005064","2138479717","0.222222"
"2138479717","948587229","2.65556"
"948587229","2138479717","2.65556"
"1487711277","2165140090","8.64555"
"2165140090","1487711277","8.64555"
"2165140090","2241005064","11.9233"
"2241005064","2165140090","11.9233"
"2165140090","2295149805","3.43999"
"2295149805","2165140090","3.43999"
"2165140090","948587229","8.93443"
"948587229","2165140090","8.93443"
"2097805845","2165140090","4.44353"
"2165140090","2097805845","4.44353"
"1662289313","2165140090","2.32193"
"2165140090","1662289313","2.32193"
"1890178494","2165140090","9.82484"
"2165140090","1890178494","9.82484"
"1897900253","2165140090","2.49504"
"2165140090","1897900253","2.49504"
"1917761832","2165140090","10.6733"
"2165140090","1917761832","10.6733"
"1928589355","2165140090","2.38443"
"2165140090","1928589355","2.38443"
"1823703757","2165140090","1.75817"
"2165140090","1823703757","1.75817"
"2125607514","2165140090","1.52484"
"2165140090","2125607514","1.52484"
"2143457733","2165140090","2.21082"
"2165140090","2143457733","2.21082"
"1906478357","2165140090","1.40218"
"2165140090","1906478357","1.40218"
"2151465856","2165140090","1.44028"
"2165140090","2151465856","1.44028"
"1645312251","2165140090","1.16634"
"2165140090","1645312251","1.16634"
"2101611123","2165140090","1.22993"
"2165140090","2101611123","1.22993"
"1487711277","1791205675","0.25049"
"1791205675","1487711277","0.25049"
"1662289313","1791205675","0.25049"
"1791205675","1662289313","0.25049"
"1791205675","1823703757","0.25049"
"1823703757","1791205675","0.25049"
"1791205675","1890178494","2.25049"
"1890178494","1791205675","2.25049"
"1791205675","1897900253","0.25049"
"1897900253","1791205675","0.25049"
"1791205675","1906478357","0.183824"
"1906478357","1791205675","0.183824"
"1791205675","1917761832","0.25049"
"1917761832","1791205675","0.25049"
"1791205675","1928589355","0.25049"
"1928589355","1791205675","0.25049"
"1791205675","2097805845","0.25049"
"2097805845","1791205675","0.25049"
"1791205675","2101611123","1.62132"
"2101611123","1791205675","1.62132"
"1791205675","2125607514","2.62132"
"2125607514","1791205675","2.62132"
"1791205675","2143457733","0.25049"
"2143457733","1791205675","0.25049"
"1791205675","2151465856","0.25049"
"2151465856","1791205675","0.25049"
"1791205675","2165140090","0.12549"
"2165140090","1791205675","0.12549"
"1791205675","2241005064","0.25049"
"2241005064","1791205675","0.25049"
"1791205675","2295149805","0.25049"
"2295149805","1791205675","0.25049"
"1791205675","948587229","0.25049"
"948587229","1791205675","0.25049"
"1645312251","1791205675","0.191667"
"1791205675","1645312251","0.191667"
"1487711277","970313960","0.185808"
"970313960","1487711277","0.185808"
"1645312251","970313960","0.114379"
"970313960","1645312251","0.114379"
"1662289313","970313960","0.185808"
"970313960","1662289313","0.185808"
"1823703757","970313960","0.185808"
"970313960","1823703757","0.185808"
"1890178494","970313960","0.185808"
"970313960","1890178494","0.185808"
"1897900253","970313960","0.185808"
"970313960","1897900253","0.185808"
"1906478357","970313960","0.185808"
"970313960","1906478357","0.185808"
"1917761832","970313960","0.185808"
"970313960","1917761832","0.185808"
"1928589355","970313960","0.185808"
"970313960","1928589355","0.185808"
"2097805845","970313960","0.185808"
"970313960","2097805845","0.185808"
"2101611123","970313960","0.114379"
"970313960","2101611123","0.114379"
"2125607514","970313960","0.114379"
"970313960","2125607514","0.114379"
"2143457733","970313960","0.185808"
"970313960","2143457733","0.185808"
"2151465856","970313960","0.185808"
"970313960","2151465856","0.185808"
"2241005064","970313960","0.185808"
"970313960","2241005064","0.185808"
"2295149805","970313960","0.185808"
"970313960","2295149805","0.185808"
"948587229","970313960","0.185808"
"970313960","948587229","0.185808"
"2165140090","970313960","0.0555556"
"970313960","2165140090","0.0555556"
"1534151391","1917761832","0.5"
"1917761832","1534151391","0.5"
"1534151391","2241005064","0.5"
"2241005064","1534151391","0.5"
