"114983493","1679692001","2.325"
"1679692001","114983493","2.325"
"114983493","1684934485","6.275"
"1684934485","114983493","6.275"
"114983493","2948507651","4.075"
"2948507651","114983493","4.075"
"1684934485","2948507651","4.075"
"2948507651","1684934485","4.075"
"114983493","1634073703","0.325"
"1634073703","114983493","0.325"
"114983493","2128812208","0.825"
"2128812208","114983493","0.825"
"114983493","2131230769","0.45"
"2131230769","114983493","0.45"
"1634073703","1684934485","0.325"
"1684934485","1634073703","0.325"
"1634073703","2128812208","3.825"
"2128812208","1634073703","3.825"
"1634073703","2131230769","0.366667"
"2131230769","1634073703","0.366667"
"1634073703","2948507651","0.325"
"2948507651","1634073703","0.325"
"1684934485","2128812208","0.825"
"2128812208","1684934485","0.825"
"1684934485","2131230769","0.45"
"2131230769","1684934485","0.45"
"2128812208","2131230769","0.2"
"2131230769","2128812208","0.2"
"2128812208","2948507651","0.325"
"2948507651","2128812208","0.325"
"2131230769","2948507651","2.2"
"2948507651","2131230769","2.2"
"114983493","1517300580","0.166667"
"1517300580","114983493","0.166667"
"114983493","1565421110","0.666667"
"1565421110","114983493","0.666667"
"114983493","1998616663","0.166667"
"1998616663","114983493","0.166667"
"114983493","2120492347","0.166667"
"2120492347","114983493","0.166667"
"1517300580","1565421110","1.95"
"1565421110","1517300580","1.95"
"1517300580","1684934485","0.166667"
"1684934485","1517300580","0.166667"
"1517300580","1998616663","11.0333"
"1998616663","1517300580","11.0333"
"1517300580","2120492347","4.86667"
"2120492347","1517300580","4.86667"
"1517300580","2948507651","0.166667"
"2948507651","1517300580","0.166667"
"1565421110","1684934485","0.666667"
"1684934485","1565421110","0.666667"
"1565421110","1998616663","4.65"
"1998616663","1565421110","4.65"
"1565421110","2120492347","6.65"
"2120492347","1565421110","6.65"
"1565421110","2948507651","1.16667"
"2948507651","1565421110","1.16667"
"1684934485","1998616663","0.166667"
"1998616663","1684934485","0.166667"
"1684934485","2120492347","0.166667"
"2120492347","1684934485","0.166667"
"1998616663","2120492347","6.9"
"2120492347","1998616663","6.9"
"1998616663","2948507651","0.166667"
"2948507651","1998616663","0.166667"
"2120492347","2948507651","0.166667"
"2948507651","2120492347","0.166667"
"114983493","2573626379","0.25"
"2573626379","114983493","0.25"
"1684934485","2573626379","0.25"
"2573626379","1684934485","0.25"
"2131230769","2573626379","0.25"
"2573626379","2131230769","0.25"
"2573626379","2948507651","0.25"
"2948507651","2573626379","0.25"
"114983493","2912774529","0.333333"
"2912774529","114983493","0.333333"
"1684934485","2912774529","0.333333"
"2912774529","1684934485","0.333333"
"2912774529","2948507651","0.333333"
"2948507651","2912774529","0.333333"
"114983493","2403445471","0.125"
"2403445471","114983493","0.125"
"114983493","2522662157","0.325"
"2522662157","114983493","0.325"
"114983493","2954301044","0.325"
"2954301044","114983493","0.325"
"1634073703","1679692001","0.291667"
"1679692001","1634073703","0.291667"
"1634073703","2403445471","0.125"
"2403445471","1634073703","0.125"
"1634073703","2522662157","0.125"
"2522662157","1634073703","0.125"
"1634073703","2954301044","0.291667"
"2954301044","1634073703","0.291667"
"1679692001","1684934485","0.325"
"1684934485","1679692001","0.325"
"1679692001","2128812208","1.125"
"2128812208","1679692001","1.125"
"1679692001","2403445471","0.125"
"2403445471","1679692001","0.125"
"1679692001","2522662157","0.575"
"2522662157","1679692001","0.575"
"1679692001","2948507651","0.375"
"2948507651","1679692001","0.375"
"1679692001","2954301044","0.741667"
"2954301044","1679692001","0.741667"
"1684934485","2403445471","0.125"
"2403445471","1684934485","0.125"
"1684934485","2522662157","0.325"
"2522662157","1684934485","0.325"
"1684934485","2954301044","0.325"
"2954301044","1684934485","0.325"
"2128812208","2403445471","0.125"
"2403445471","2128812208","0.125"
"2128812208","2522662157","0.125"
"2522662157","2128812208","0.125"
"2128812208","2954301044","0.125"
"2954301044","2128812208","0.125"
"2403445471","2522662157","0.625"
"2522662157","2403445471","0.625"
"2403445471","2948507651","0.125"
"2948507651","2403445471","0.125"
"2403445471","2954301044","0.625"
"2954301044","2403445471","0.625"
"2522662157","2948507651","0.875"
"2948507651","2522662157","0.875"
"2522662157","2954301044","5.575"
"2954301044","2522662157","5.575"
"2948507651","2954301044","0.375"
"2954301044","2948507651","0.375"
"114983493","2920191137","0.2"
"2920191137","114983493","0.2"
"1679692001","2920191137","0.2"
"2920191137","1679692001","0.2"
"1684934485","2920191137","0.2"
"2920191137","1684934485","0.2"
"2522662157","2920191137","0.7"
"2920191137","2522662157","0.7"
"2920191137","2954301044","0.7"
"2954301044","2920191137","0.7"
"123422025","1528277243","0.583333"
"1528277243","123422025","0.583333"
"123422025","2091084325","0.583333"
"2091084325","123422025","0.583333"
"123422025","2138326732","0.333333"
"2138326732","123422025","0.333333"
"1528277243","2091084325","9.86667"
"2091084325","1528277243","9.86667"
"1528277243","2138326732","3.2"
"2138326732","1528277243","3.2"
"2091084325","2138326732","4.15"
"2138326732","2091084325","4.15"
"123422025","1551157100","0.25"
"1551157100","123422025","0.25"
"123422025","2080663718","0.25"
"2080663718","123422025","0.25"
"1528277243","1551157100","7.61667"
"1551157100","1528277243","7.61667"
"1528277243","2080663718","9.61667"
"2080663718","1528277243","9.61667"
"1551157100","2080663718","5.31667"
"2080663718","1551157100","5.31667"
"1551157100","2091084325","9.23333"
"2091084325","1551157100","9.23333"
"2080663718","2091084325","3.98333"
"2091084325","2080663718","3.98333"
"141492675","395373432","4"
"395373432","141492675","4"
"141492675","2399694944","1"
"2399694944","141492675","1"
"2399694944","395373432","1"
"395373432","2399694944","1"
"141492675","2954301044","1"
"2954301044","141492675","1"
"141492675","1998616663","1"
"1998616663","141492675","1"
"1510395367","1532362930","1.41667"
"1532362930","1510395367","1.41667"
"1510395367","2107117110","0.583333"
"2107117110","1510395367","0.583333"
"1510395367","2125392790","0.916667"
"2125392790","1510395367","0.916667"
"1510395367","2157152633","1.08333"
"2157152633","1510395367","1.08333"
"1532362930","2107117110","2.5"
"2107117110","1532362930","2.5"
"1532362930","2125392790","3.33333"
"2125392790","1532362930","3.33333"
"1532362930","2157152633","3.41667"
"2157152633","1532362930","3.41667"
"2107117110","2125392790","1.25"
"2125392790","2107117110","1.25"
"2107117110","2157152633","2.33333"
"2157152633","2107117110","2.33333"
"2125392790","2157152633","5.16667"
"2157152633","2125392790","5.16667"
"1517300580","1581070199","2.5"
"1581070199","1517300580","2.5"
"1517300580","2166799477","0.5"
"2166799477","1517300580","0.5"
"1998616663","2166799477","1.2"
"2166799477","1998616663","1.2"
"2120492347","2166799477","1.03333"
"2166799477","2120492347","1.03333"
"1517300580","2470830847","0.333333"
"2470830847","1517300580","0.333333"
"1581070199","1998616663","0.5"
"1998616663","1581070199","0.5"
"1581070199","2470830847","0.333333"
"2470830847","1581070199","0.333333"
"1998616663","2470830847","0.333333"
"2470830847","1998616663","0.333333"
"1517300580","1600279663","0.7"
"1600279663","1517300580","0.7"
"1517300580","49099605","1.36667"
"49099605","1517300580","1.36667"
"1581070199","1600279663","0.166667"
"1600279663","1581070199","0.166667"
"1581070199","2120492347","0.166667"
"2120492347","1581070199","0.166667"
"1581070199","2166799477","0.166667"
"2166799477","1581070199","0.166667"
"1581070199","49099605","0.166667"
"49099605","1581070199","0.166667"
"1600279663","1998616663","0.566667"
"1998616663","1600279663","0.566667"
"1600279663","2120492347","0.566667"
"2120492347","1600279663","0.566667"
"1600279663","2166799477","4.2"
"2166799477","1600279663","4.2"
"1600279663","49099605","0.9"
"49099605","1600279663","0.9"
"1998616663","49099605","1.56667"
"49099605","1998616663","1.56667"
"2120492347","49099605","2.06667"
"49099605","2120492347","2.06667"
"2166799477","49099605","1.7"
"49099605","2166799477","1.7"
"1517300580","2125826941","0.333333"
"2125826941","1517300580","0.333333"
"1517300580","2157152633","0.333333"
"2157152633","1517300580","0.333333"
"1998616663","2125826941","0.333333"
"2125826941","1998616663","0.333333"
"1998616663","2157152633","1.33333"
"2157152633","1998616663","1.33333"
"2125826941","2157152633","12.5833"
"2157152633","2125826941","12.5833"
"1517300580","2522662157","1"
"2522662157","1517300580","1"
"1565421110","49099605","0.65"
"49099605","1565421110","0.65"
"1565421110","1600279663","0.733333"
"1600279663","1565421110","0.733333"
"1517300580","2138567086","0.25"
"2138567086","1517300580","0.25"
"1998616663","2138567086","0.25"
"2138567086","1998616663","0.25"
"2120492347","2138567086","0.25"
"2138567086","2120492347","0.25"
"2138567086","49099605","0.25"
"49099605","2138567086","0.25"
"1517300580","1600863359","0.333333"
"1600863359","1517300580","0.333333"
"1565421110","1600863359","0.333333"
"1600863359","1565421110","0.333333"
"1600279663","1600863359","0.333333"
"1600863359","1600279663","0.333333"
"1551157100","2138326732","3.56667"
"2138326732","1551157100","3.56667"
"2080663718","2138326732","4.56667"
"2138326732","2080663718","4.56667"
"1528277243","2159948956","1.45"
"2159948956","1528277243","1.45"
"1551157100","2159948956","1.15"
"2159948956","1551157100","1.15"
"2080663718","2159948956","6.9"
"2159948956","2080663718","6.9"
"2091084325","2159948956","0.566667"
"2159948956","2091084325","0.566667"
"2138326732","2159948956","0.816667"
"2159948956","2138326732","0.816667"
"1528277243","1600863359","0.666667"
"1600863359","1528277243","0.666667"
"1551157100","1600863359","0.866667"
"1600863359","1551157100","0.866667"
"1600863359","2138326732","1.86667"
"2138326732","1600863359","1.86667"
"1600863359","2159948956","0.616667"
"2159948956","1600863359","0.616667"
"1600863359","2091084325","0.616667"
"2091084325","1600863359","0.616667"
"1600863359","2080663718","0.866667"
"2080663718","1600863359","0.866667"
"1532362930","1600279663","0.25"
"1600279663","1532362930","0.25"
"1532362930","1912520746","0.583333"
"1912520746","1532362930","0.583333"
"1600279663","1912520746","2.58333"
"1912520746","1600279663","2.58333"
"1600279663","2107117110","1.25"
"2107117110","1600279663","1.25"
"1600279663","2157152633","0.75"
"2157152633","1600279663","0.75"
"1912520746","2107117110","0.583333"
"2107117110","1912520746","0.583333"
"1912520746","2157152633","2.08333"
"2157152633","1912520746","2.08333"
"1532362930","2166799477","1.5"
"2166799477","1532362930","1.5"
"2157152633","2166799477","4.33333"
"2166799477","2157152633","4.33333"
"1532362930","1532944600","0.75"
"1532944600","1532362930","0.75"
"1532944600","2107117110","0.5"
"2107117110","1532944600","0.5"
"1912520746","2125392790","1.16667"
"2125392790","1912520746","1.16667"
"1532362930","2125826941","0.25"
"2125826941","1532362930","0.25"
"1532944600","2125392790","1.25"
"2125392790","1532944600","1.25"
"1532944600","2125826941","3.41667"
"2125826941","1532944600","3.41667"
"1532944600","2157152633","7.58333"
"2157152633","1532944600","7.58333"
"2125392790","2125826941","0.416667"
"2125826941","2125392790","0.416667"
"1532944600","1912520746","0.333333"
"1912520746","1532944600","0.333333"
"1532944600","2166799477","1"
"2166799477","1532944600","1"
"1532944600","2120492347","0.333333"
"2120492347","1532944600","0.333333"
"2120492347","2157152633","0.333333"
"2157152633","2120492347","0.333333"
"1532944600","1600279663","0.166667"
"1600279663","1532944600","0.166667"
"1532944600","2138567086","0.666667"
"2138567086","1532944600","0.666667"
"1600279663","2125392790","0.166667"
"2125392790","1600279663","0.166667"
"1600279663","2125826941","1.5"
"2125826941","1600279663","1.5"
"1600279663","2138567086","0.166667"
"2138567086","1600279663","0.166667"
"2125392790","2138567086","2.16667"
"2138567086","2125392790","2.16667"
"2125392790","2166799477","0.666667"
"2166799477","2125392790","0.666667"
"2125826941","2138567086","0.166667"
"2138567086","2125826941","0.166667"
"2125826941","2166799477","2"
"2166799477","2125826941","2"
"2138567086","2157152633","0.666667"
"2157152633","2138567086","0.666667"
"2138567086","2166799477","0.166667"
"2166799477","2138567086","0.166667"
"1554092575","1634073703","0.166667"
"1634073703","1554092575","0.166667"
"1554092575","1679692001","0.5"
"1679692001","1554092575","0.5"
"1554092575","2120492347","0.166667"
"2120492347","1554092575","0.166667"
"1554092575","2131230769","0.5"
"2131230769","1554092575","0.5"
"1554092575","2169865822","0.166667"
"2169865822","1554092575","0.166667"
"1554092575","2954301044","0.166667"
"2954301044","1554092575","0.166667"
"1634073703","2120492347","0.166667"
"2120492347","1634073703","0.166667"
"1634073703","2169865822","0.666667"
"2169865822","1634073703","0.666667"
"1679692001","2120492347","0.166667"
"2120492347","1679692001","0.166667"
"1679692001","2131230769","2.75"
"2131230769","1679692001","2.75"
"1679692001","2169865822","0.166667"
"2169865822","1679692001","0.166667"
"2120492347","2131230769","0.166667"
"2131230769","2120492347","0.166667"
"2120492347","2169865822","0.166667"
"2169865822","2120492347","0.166667"
"2120492347","2954301044","0.166667"
"2954301044","2120492347","0.166667"
"2131230769","2169865822","0.166667"
"2169865822","2131230769","0.166667"
"2131230769","2954301044","0.416667"
"2954301044","2131230769","0.416667"
"2169865822","2954301044","0.166667"
"2954301044","2169865822","0.166667"
"1554092575","1565421110","0.333333"
"1565421110","1554092575","0.333333"
"1565421110","1679692001","0.333333"
"1679692001","1565421110","0.333333"
"1565421110","2131230769","0.333333"
"2131230769","1565421110","0.333333"
"1554092575","2128812208","1"
"2128812208","1554092575","1"
"1554092575","2399694944","1"
"2399694944","1554092575","1"
"1554092575","1600863359","1"
"1600863359","1554092575","1"
"1565421110","1912520746","0.333333"
"1912520746","1565421110","0.333333"
"1912520746","1998616663","1.33333"
"1998616663","1912520746","1.33333"
"1912520746","2120492347","0.333333"
"2120492347","1912520746","0.333333"
"1565421110","2166799477","1.2"
"2166799477","1565421110","1.2"
"1581070199","2080663718","0.5"
"2080663718","1581070199","0.5"
"1581070199","2159948956","0.5"
"2159948956","1581070199","0.5"
"1912520746","2166799477","0.333333"
"2166799477","1912520746","0.333333"
"1912520746","49099605","0.333333"
"49099605","1912520746","0.333333"
"1600863359","2131230769","3"
"2131230769","1600863359","3"
"1600863359","2948507651","0.5"
"2948507651","1600863359","0.5"
"2131230769","2138326732","0.5"
"2138326732","2131230769","0.5"
"1600863359","2573626379","1"
"2573626379","1600863359","1"
"1600863359","2954301044","1"
"2954301044","1600863359","1"
"2128812208","2169865822","1.5"
"2169865822","2128812208","1.5"
"2131230769","2522662157","0.25"
"2522662157","2131230769","0.25"
"1912520746","2399694944","1"
"2399694944","1912520746","1"
"1998616663","2403445471","1"
"2403445471","1998616663","1"
"1998616663","2125392790","0.5"
"2125392790","1998616663","0.5"
"2125826941","2399694944","1"
"2399694944","2125826941","1"
"2128812208","2573626379","1"
"2573626379","2128812208","1"
"2169865822","2573626379","1"
"2573626379","2169865822","1"
"2470830847","2954301044","3"
"2954301044","2470830847","3"
"2470830847","2522662157","1"
"2522662157","2470830847","1"
"2522662157","2981021610","0.5"
"2981021610","2522662157","0.5"
"2948507651","2981021610","1.5"
"2981021610","2948507651","1.5"
