"1498439332","2020572986","2.49683"
"2020572986","1498439332","2.49683"
"1498439332","2169052472","3.62619"
"2169052472","1498439332","3.62619"
"2020572986","2169052472","1.47619"
"2169052472","2020572986","1.47619"
"1498439332","1597017619","2.16111"
"1597017619","1498439332","2.16111"
"1498439332","2182859693","2.76905"
"2182859693","1498439332","2.76905"
"2169052472","2182859693","1.37619"
"2182859693","2169052472","1.37619"
"1498439332","1582768397","1.27778"
"1582768397","1498439332","1.27778"
"1498439332","2162709812","0.661111"
"2162709812","1498439332","0.661111"
"1582768397","2020572986","0.527778"
"2020572986","1582768397","0.527778"
"1582768397","2162709812","0.611111"
"2162709812","1582768397","0.611111"
"1582768397","2169052472","0.75"
"2169052472","1582768397","0.75"
"2020572986","2162709812","0.461111"
"2162709812","2020572986","0.461111"
"2162709812","2169052472","2.75"
"2169052472","2162709812","2.75"
"1498439332","1964647853","2.3373"
"1964647853","1498439332","2.3373"
"1498439332","2751926289","0.333333"
"2751926289","1498439332","0.333333"
"1964647853","2169052472","1.50952"
"2169052472","1964647853","1.50952"
"1964647853","2751926289","0.333333"
"2751926289","1964647853","0.333333"
"2169052472","2751926289","0.333333"
"2751926289","2169052472","0.333333"
"1498439332","2165329839","1.40238"
"2165329839","1498439332","1.40238"
"1597017619","2165329839","0.5"
"2165329839","1597017619","0.5"
"1498439332","2083854694","2.56111"
"2083854694","1498439332","2.56111"
"1498439332","2187025990","1.45397"
"2187025990","1498439332","1.45397"
"1597017619","1964647853","0.411111"
"1964647853","1597017619","0.411111"
"1597017619","2083854694","6.91111"
"2083854694","1597017619","6.91111"
"1597017619","2162709812","1.24444"
"2162709812","1597017619","1.24444"
"1597017619","2187025990","1.66111"
"2187025990","1597017619","1.66111"
"1964647853","2083854694","1.02778"
"2083854694","1964647853","1.02778"
"1964647853","2162709812","0.661111"
"2162709812","1964647853","0.661111"
"1964647853","2187025990","2.00397"
"2187025990","1964647853","2.00397"
"2083854694","2162709812","5.99444"
"2162709812","2083854694","5.99444"
"2083854694","2187025990","2.64444"
"2187025990","2083854694","2.64444"
"2162709812","2187025990","0.661111"
"2187025990","2162709812","0.661111"
"2083854694","2165329839","0.366667"
"2165329839","2083854694","0.366667"
"2083854694","2169052472","2.48333"
"2169052472","2083854694","2.48333"
"2083854694","2182859693","0.9"
"2182859693","2083854694","0.9"
"2165329839","2169052472","0.342857"
"2169052472","2165329839","0.342857"
"2165329839","2182859693","0.985714"
"2182859693","2165329839","0.985714"
"2165329839","2187025990","1.09286"
"2187025990","2165329839","1.09286"
"2169052472","2187025990","0.792857"
"2187025990","2169052472","0.792857"
"2182859693","2187025990","0.792857"
"2187025990","2182859693","0.792857"
"1498439332","1992936368","0.730159"
"1992936368","1498439332","0.730159"
"1992936368","2169052472","0.47619"
"2169052472","1992936368","0.47619"
"1992936368","2182859693","2.11905"
"2182859693","1992936368","2.11905"
"1582768397","1964647853","0.777778"
"1964647853","1582768397","0.777778"
"1582768397","2187025990","1.61111"
"2187025990","1582768397","1.61111"
"1498439332","2010279913","1.04444"
"2010279913","1498439332","1.04444"
"2010279913","2083854694","4.62778"
"2083854694","2010279913","4.62778"
"2010279913","2169052472","0.583333"
"2169052472","2010279913","0.583333"
"1597017619","2010279913","1.29444"
"2010279913","1597017619","1.29444"
"2010279913","2187025990","0.461111"
"2187025990","2010279913","0.461111"
"1498439332","2119072946","0.85"
"2119072946","1498439332","0.85"
"2119072946","2182859693","0.5"
"2182859693","2119072946","0.5"
"1964647853","2010279913","0.461111"
"2010279913","1964647853","0.461111"
"1964647853","2020572986","1.35397"
"2020572986","1964647853","1.35397"
"2010279913","2020572986","1.79444"
"2020572986","2010279913","1.79444"
"1498439332","207861703","0.409524"
"207861703","1498439332","0.409524"
"1582768397","207861703","0.166667"
"207861703","1582768397","0.166667"
"1582768397","2083854694","5.11111"
"2083854694","1582768397","5.11111"
"1582768397","2165329839","0.166667"
"2165329839","1582768397","0.166667"
"1964647853","207861703","0.516667"
"207861703","1964647853","0.516667"
"1964647853","2165329839","1.05952"
"2165329839","1964647853","1.05952"
"2020572986","207861703","0.742857"
"207861703","2020572986","0.742857"
"2020572986","2083854694","0.711111"
"2083854694","2020572986","0.711111"
"2020572986","2165329839","4.03571"
"2165329839","2020572986","4.03571"
"207861703","2083854694","0.266667"
"2083854694","207861703","0.266667"
"207861703","2165329839","0.892857"
"2165329839","207861703","0.892857"
"1498439332","2105247179","0.642857"
"2105247179","1498439332","0.642857"
"1498439332","2115120098","0.142857"
"2115120098","1498439332","0.142857"
"1992936368","2020572986","0.896825"
"2020572986","1992936368","0.896825"
"1992936368","207861703","0.142857"
"207861703","1992936368","0.142857"
"1992936368","2105247179","0.97619"
"2105247179","1992936368","0.97619"
"1992936368","2115120098","0.142857"
"2115120098","1992936368","0.142857"
"1992936368","2165329839","0.785714"
"2165329839","1992936368","0.785714"
"2020572986","2105247179","2.47619"
"2105247179","2020572986","2.47619"
"2020572986","2115120098","0.142857"
"2115120098","2020572986","0.142857"
"2020572986","2182859693","1.53571"
"2182859693","2020572986","1.53571"
"207861703","2105247179","0.97619"
"2105247179","207861703","0.97619"
"207861703","2115120098","0.642857"
"2115120098","207861703","0.642857"
"207861703","2182859693","0.392857"
"2182859693","207861703","0.392857"
"2105247179","2115120098","1.64286"
"2115120098","2105247179","1.64286"
"2105247179","2165329839","1.22619"
"2165329839","2105247179","1.22619"
"2105247179","2182859693","0.392857"
"2182859693","2105247179","0.392857"
"2115120098","2165329839","0.142857"
"2165329839","2115120098","0.142857"
"2115120098","2182859693","0.142857"
"2182859693","2115120098","0.142857"
"1582768397","1597017619","1.69444"
"1597017619","1582768397","1.69444"
"1582768397","1992936368","0.111111"
"1992936368","1582768397","0.111111"
"1582768397","2010279913","0.111111"
"2010279913","1582768397","0.111111"
"1597017619","1992936368","0.111111"
"1992936368","1597017619","0.111111"
"1597017619","2020572986","0.544444"
"2020572986","1597017619","0.544444"
"1964647853","1992936368","0.253968"
"1992936368","1964647853","0.253968"
"1992936368","2010279913","0.111111"
"2010279913","1992936368","0.111111"
"1992936368","2083854694","0.111111"
"2083854694","1992936368","0.111111"
"1992936368","2162709812","0.111111"
"2162709812","1992936368","0.111111"
"1992936368","2187025990","0.253968"
"2187025990","1992936368","0.253968"
"2010279913","2162709812","0.211111"
"2162709812","2010279913","0.211111"
"2020572986","2187025990","1.35397"
"2187025990","2020572986","1.35397"
"1964647853","2182859693","1.59286"
"2182859693","1964647853","1.59286"
"1964647853","2105247179","0.75"
"2105247179","1964647853","0.75"
"1964647853","2119072946","0.35"
"2119072946","1964647853","0.35"
"2020572986","2119072946","0.35"
"2119072946","2020572986","0.35"
"2105247179","2119072946","1.58333"
"2119072946","2105247179","1.58333"
"1498439332","2298223848","0.1"
"2298223848","1498439332","0.1"
"1597017619","207861703","0.1"
"207861703","1597017619","0.1"
"1597017619","2119072946","0.35"
"2119072946","1597017619","0.35"
"1597017619","2298223848","0.933333"
"2298223848","1597017619","0.933333"
"1964647853","2298223848","0.1"
"2298223848","1964647853","0.1"
"2010279913","207861703","0.1"
"207861703","2010279913","0.1"
"2010279913","2119072946","0.1"
"2119072946","2010279913","0.1"
"2010279913","2298223848","0.1"
"2298223848","2010279913","0.1"
"2020572986","2298223848","0.1"
"2298223848","2020572986","0.1"
"207861703","2119072946","0.1"
"2119072946","207861703","0.1"
"207861703","2162709812","0.1"
"2162709812","207861703","0.1"
"207861703","2187025990","0.35"
"2187025990","207861703","0.35"
"207861703","2298223848","0.1"
"2298223848","207861703","0.1"
"2083854694","2119072946","0.683333"
"2119072946","2083854694","0.683333"
"2083854694","2298223848","2.76667"
"2298223848","2083854694","2.76667"
"2119072946","2162709812","0.1"
"2162709812","2119072946","0.1"
"2119072946","2187025990","0.1"
"2187025990","2119072946","0.1"
"2119072946","2298223848","0.1"
"2298223848","2119072946","0.1"
"2162709812","2298223848","0.1"
"2298223848","2162709812","0.1"
"2187025990","2298223848","2.43333"
"2298223848","2187025990","2.43333"
"1582768397","2298223848","0.833333"
"2298223848","1582768397","0.833333"
"1582768397","2119072946","0.25"
"2119072946","1582768397","0.25"
"1597017619","2169052472","0.25"
"2169052472","1597017619","0.25"
"2119072946","2169052472","0.25"
"2169052472","2119072946","0.25"
"1597017619","2431277952","0.333333"
"2431277952","1597017619","0.333333"
"2083854694","2431277952","0.833333"
"2431277952","2083854694","0.833333"
"2162709812","2431277952","0.333333"
"2431277952","2162709812","0.333333"
"1597017619","2076538837","0.5"
"2076538837","1597017619","0.5"
"2076538837","2083854694","0.5"
"2083854694","2076538837","0.5"
"1964647853","2076538837","1.5"
"2076538837","1964647853","1.5"
"2076538837","2105247179","2.5"
"2105247179","2076538837","2.5"
"1992936368","2153277113","2.66667"
"2153277113","1992936368","2.66667"
"2153277113","2182859693","0.5"
"2182859693","2153277113","0.5"
"1992936368","2076538837","0.333333"
"2076538837","1992936368","0.333333"
"1992936368","2119072946","0.666667"
"2119072946","1992936368","0.666667"
"2076538837","2119072946","0.333333"
"2119072946","2076538837","0.333333"
"2076538837","2153277113","0.333333"
"2153277113","2076538837","0.333333"
"2119072946","2153277113","0.666667"
"2153277113","2119072946","0.666667"
"1992936368","2066293100","1"
"2066293100","1992936368","1"
"2105247179","2153277113","0.833333"
"2153277113","2105247179","0.833333"
"2045014265","2076357412","5"
"2076357412","2045014265","5"
"2066293100","2119072946","2.33333"
"2119072946","2066293100","2.33333"
"2066293100","2083854694","0.333333"
"2083854694","2066293100","0.333333"
"2066293100","2751926289","0.333333"
"2751926289","2066293100","0.333333"
"2083854694","2751926289","2.33333"
"2751926289","2083854694","2.33333"
"2119072946","2751926289","0.333333"
"2751926289","2119072946","0.333333"
"2083854694","2110982385","0.5"
"2110982385","2083854694","0.5"
"2110982385","2431277952","24.5"
"2431277952","2110982385","24.5"
"2083854694","2422675628","0.333333"
"2422675628","2083854694","0.333333"
"2187025990","2422675628","0.333333"
"2422675628","2187025990","0.333333"
"2298223848","2422675628","0.333333"
"2422675628","2298223848","0.333333"
"2110982385","2182859693","1"
"2182859693","2110982385","1"
