"1482980260","2054170837","1.97619"
"2054170837","1482980260","1.97619"
"1482980260","2131852718","2.30952"
"2131852718","1482980260","2.30952"
"1482980260","38346608","1.97619"
"38346608","1482980260","1.97619"
"2054170837","2131852718","4.34286"
"2131852718","2054170837","4.34286"
"2054170837","38346608","3.67619"
"38346608","2054170837","3.67619"
"2131852718","38346608","3.42619"
"38346608","2131852718","3.42619"
"1482980260","2248333867","0.583333"
"2248333867","1482980260","0.583333"
"2054170837","2248333867","1.25"
"2248333867","2054170837","1.25"
"2131852718","2248333867","8.83333"
"2248333867","2131852718","8.83333"
"2248333867","38346608","0.833333"
"38346608","2248333867","0.833333"
"1482980260","1522055873","0.392857"
"1522055873","1482980260","0.392857"
"1522055873","2054170837","1.55952"
"2054170837","1522055873","1.55952"
"1522055873","2131852718","0.559524"
"2131852718","1522055873","0.559524"
"1522055873","38346608","0.559524"
"38346608","1522055873","0.559524"
"1482980260","1596823748","0.47619"
"1596823748","1482980260","0.47619"
"1482980260","1964345410","0.142857"
"1964345410","1482980260","0.142857"
"1482980260","2101366610","0.142857"
"2101366610","1482980260","0.142857"
"1522055873","1596823748","0.309524"
"1596823748","1522055873","0.309524"
"1522055873","1964345410","0.142857"
"1964345410","1522055873","0.142857"
"1522055873","2101366610","0.309524"
"2101366610","1522055873","0.309524"
"1596823748","1964345410","0.342857"
"1964345410","1596823748","0.342857"
"1596823748","2054170837","1.84286"
"2054170837","1596823748","1.84286"
"1596823748","2101366610","0.309524"
"2101366610","1596823748","0.309524"
"1596823748","2131852718","5.42619"
"2131852718","1596823748","5.42619"
"1596823748","38346608","0.759524"
"38346608","1596823748","0.759524"
"1964345410","2054170837","1.67619"
"2054170837","1964345410","1.67619"
"1964345410","2101366610","0.142857"
"2101366610","1964345410","0.142857"
"1964345410","2131852718","0.67619"
"2131852718","1964345410","0.67619"
"1964345410","38346608","0.342857"
"38346608","1964345410","0.342857"
"2054170837","2101366610","0.309524"
"2101366610","2054170837","0.309524"
"2101366610","2131852718","0.809524"
"2131852718","2101366610","0.809524"
"2101366610","38346608","0.809524"
"38346608","2101366610","0.809524"
"1596823748","2248333867","0.916667"
"2248333867","1596823748","0.916667"
"148685571","2293841640","1"
"2293841640","148685571","1"
"1522055873","2044240774","0.166667"
"2044240774","1522055873","0.166667"
"1596823748","2044240774","0.366667"
"2044240774","1596823748","0.366667"
"2044240774","2054170837","0.366667"
"2054170837","2044240774","0.366667"
"2044240774","2101366610","0.166667"
"2101366610","2044240774","0.166667"
"2044240774","2131852718","0.366667"
"2131852718","2044240774","0.366667"
"2044240774","38346608","0.366667"
"38346608","2044240774","0.366667"
"1596823748","2084590704","0.25"
"2084590704","1596823748","0.25"
"2084590704","2131852718","0.25"
"2131852718","2084590704","0.25"
"2084590704","2248333867","0.25"
"2248333867","2084590704","0.25"
"2084590704","38346608","0.25"
"38346608","2084590704","0.25"
"1964345410","2044240774","0.2"
"2044240774","1964345410","0.2"
"193229565","2242493076","6"
"2242493076","193229565","6"
"1964345410","2248333867","0.333333"
"2248333867","1964345410","0.333333"
"1968461475","2101366610","2"
"2101366610","1968461475","2"
"2018618445","2025577606","3.33333"
"2025577606","2018618445","3.33333"
"2018618445","2120276695","1.33333"
"2120276695","2018618445","1.33333"
"2025577606","2120276695","2.83333"
"2120276695","2025577606","2.83333"
"2018618445","2084590704","0.333333"
"2084590704","2018618445","0.333333"
"2025577606","2084590704","5.83333"
"2084590704","2025577606","5.83333"
"2084590704","2120276695","16.1667"
"2120276695","2084590704","16.1667"
"2029182001","2399675425","2"
"2399675425","2029182001","2"
"2084590704","2101366610","0.333333"
"2101366610","2084590704","0.333333"
"2084590704","2404909940","0.333333"
"2404909940","2084590704","0.333333"
"2101366610","2120276695","0.333333"
"2120276695","2101366610","0.333333"
"2101366610","2404909940","0.333333"
"2404909940","2101366610","0.333333"
"2120276695","2404909940","0.333333"
"2404909940","2120276695","0.333333"
"2111268416","2397828451","2"
"2397828451","2111268416","2"
"2799309394","2834086973","15"
"2834086973","2799309394","15"
