"138632912","2087235445","1.58333"
"2087235445","138632912","1.58333"
"138632912","2129069117","3.075"
"2129069117","138632912","3.075"
"138632912","2165035264","0.45"
"2165035264","138632912","0.45"
"138632912","2167917855","3.65833"
"2167917855","138632912","3.65833"
"2087235445","2129069117","0.72619"
"2129069117","2087235445","0.72619"
"2087235445","2165035264","0.583333"
"2165035264","2087235445","0.583333"
"2087235445","2167917855","0.72619"
"2167917855","2087235445","0.72619"
"2129069117","2165035264","1.03333"
"2165035264","2129069117","1.03333"
"2129069117","2167917855","5.30119"
"2167917855","2129069117","5.30119"
"2165035264","2167917855","1.36667"
"2167917855","2165035264","1.36667"
"138632912","19152935","0.125"
"19152935","138632912","0.125"
"138632912","1971511288","1.20833"
"1971511288","138632912","1.20833"
"138632912","1977063858","0.125"
"1977063858","138632912","0.125"
"138632912","2032150764","1.20833"
"2032150764","138632912","1.20833"
"138632912","2151488089","0.125"
"2151488089","138632912","0.125"
"138632912","2518986293","1.70833"
"2518986293","138632912","1.70833"
"19152935","1971511288","0.35119"
"1971511288","19152935","0.35119"
"19152935","1977063858","0.375"
"1977063858","19152935","0.375"
"19152935","2032150764","0.267857"
"2032150764","19152935","0.267857"
"19152935","2129069117","0.517857"
"2129069117","19152935","0.517857"
"19152935","2151488089","0.267857"
"2151488089","19152935","0.267857"
"19152935","2167917855","0.517857"
"2167917855","19152935","0.517857"
"19152935","2518986293","0.125"
"2518986293","19152935","0.125"
"1971511288","1977063858","1.90833"
"1977063858","1971511288","1.90833"
"1971511288","2032150764","7.05119"
"2032150764","1971511288","7.05119"
"1971511288","2129069117","1.35119"
"2129069117","1971511288","1.35119"
"1971511288","2151488089","0.267857"
"2151488089","1971511288","0.267857"
"1971511288","2167917855","1.93452"
"2167917855","1971511288","1.93452"
"1971511288","2518986293","1.575"
"2518986293","1971511288","1.575"
"1977063858","2032150764","2.65833"
"2032150764","1977063858","2.65833"
"1977063858","2129069117","0.375"
"2129069117","1977063858","0.375"
"1977063858","2151488089","0.125"
"2151488089","1977063858","0.125"
"1977063858","2167917855","0.375"
"2167917855","1977063858","0.375"
"1977063858","2518986293","1.15833"
"2518986293","1977063858","1.15833"
"2032150764","2129069117","0.767857"
"2129069117","2032150764","0.767857"
"2032150764","2151488089","0.267857"
"2151488089","2032150764","0.267857"
"2032150764","2167917855","1.35119"
"2167917855","2032150764","1.35119"
"2032150764","2518986293","2.40833"
"2518986293","2032150764","2.40833"
"2129069117","2151488089","0.267857"
"2151488089","2129069117","0.267857"
"2129069117","2518986293","0.125"
"2518986293","2129069117","0.125"
"2151488089","2167917855","0.267857"
"2167917855","2151488089","0.267857"
"2151488089","2518986293","0.125"
"2518986293","2151488089","0.125"
"2167917855","2518986293","0.375"
"2518986293","2167917855","0.375"
"138632912","2013691418","0.333333"
"2013691418","138632912","0.333333"
"2013691418","2087235445","0.833333"
"2087235445","2013691418","0.833333"
"2013691418","2518986293","5.83333"
"2518986293","2013691418","5.83333"
"2087235445","2518986293","1.83333"
"2518986293","2087235445","1.83333"
"138632912","1496140747","0.2"
"1496140747","138632912","0.2"
"138632912","2007499762","0.2"
"2007499762","138632912","0.2"
"1496140747","2007499762","25.0333"
"2007499762","1496140747","25.0333"
"1496140747","2129069117","0.2"
"2129069117","1496140747","0.2"
"1496140747","2165035264","0.533333"
"2165035264","1496140747","0.533333"
"1496140747","2167917855","0.2"
"2167917855","1496140747","0.2"
"2007499762","2129069117","0.2"
"2129069117","2007499762","0.2"
"2007499762","2165035264","0.533333"
"2165035264","2007499762","0.533333"
"2007499762","2167917855","0.2"
"2167917855","2007499762","0.2"
"1496140747","1585166509","0.833333"
"1585166509","1496140747","0.833333"
"1585166509","2007499762","0.833333"
"2007499762","1585166509","0.833333"
"1585166509","2165035264","1.33333"
"2165035264","1585166509","1.33333"
"1581793811","2118958803","11"
"2118958803","1581793811","11"
"1585166509","1603413294","5"
"1603413294","1585166509","5"
"1585166509","2053431631","2.33333"
"2053431631","1585166509","2.33333"
"1585166509","2025070134","1"
"2025070134","1585166509","1"
"1585166509","2087235445","2"
"2087235445","1585166509","2"
"1585166509","19152935","0.333333"
"19152935","1585166509","0.333333"
"1585166509","1983025185","0.333333"
"1983025185","1585166509","0.333333"
"19152935","1983025185","3.41667"
"1983025185","19152935","3.41667"
"19152935","2053431631","0.583333"
"2053431631","19152935","0.583333"
"1983025185","2053431631","3.41667"
"2053431631","1983025185","3.41667"
"19152935","2034384507","0.583333"
"2034384507","19152935","0.583333"
"19152935","2138773539","0.583333"
"2138773539","19152935","0.583333"
"2034384507","2138773539","5.83333"
"2138773539","2034384507","5.83333"
"19152935","2063919454","0.25"
"2063919454","19152935","0.25"
"19152935","2165035264","0.25"
"2165035264","19152935","0.25"
"1977063858","2053431631","0.25"
"2053431631","1977063858","0.25"
"1977063858","2063919454","1.58333"
"2063919454","1977063858","1.58333"
"1977063858","2165035264","0.25"
"2165035264","1977063858","0.25"
"2053431631","2063919454","0.75"
"2063919454","2053431631","0.75"
"2053431631","2129069117","0.25"
"2129069117","2053431631","0.25"
"2053431631","2165035264","4.58333"
"2165035264","2053431631","4.58333"
"2053431631","2167917855","1.08333"
"2167917855","2053431631","1.08333"
"2063919454","2129069117","0.25"
"2129069117","2063919454","0.25"
"2063919454","2165035264","0.25"
"2165035264","2063919454","0.25"
"2063919454","2167917855","1.75"
"2167917855","2063919454","1.75"
"19152935","2294746603","2.08333"
"2294746603","19152935","2.08333"
"19152935","2087235445","0.142857"
"2087235445","19152935","0.142857"
"19152935","2145277603","0.22619"
"2145277603","19152935","0.22619"
"1971511288","2087235445","0.142857"
"2087235445","1971511288","0.142857"
"1971511288","2145277603","0.42619"
"2145277603","1971511288","0.42619"
"2032150764","2087235445","0.142857"
"2087235445","2032150764","0.142857"
"2032150764","2145277603","0.842857"
"2145277603","2032150764","0.842857"
"2087235445","2145277603","0.142857"
"2145277603","2087235445","0.142857"
"2087235445","2151488089","0.142857"
"2151488089","2087235445","0.142857"
"2129069117","2145277603","0.22619"
"2145277603","2129069117","0.22619"
"2145277603","2151488089","0.142857"
"2151488089","2145277603","0.142857"
"2145277603","2167917855","0.559524"
"2167917855","2145277603","0.559524"
"1971511288","1983025185","0.0833333"
"1983025185","1971511288","0.0833333"
"1971511288","2034384507","0.0833333"
"2034384507","1971511288","0.0833333"
"1971511288","2053431631","0.0833333"
"2053431631","1971511288","0.0833333"
"1971511288","2063919454","0.416667"
"2063919454","1971511288","0.416667"
"1971511288","2138773539","0.0833333"
"2138773539","1971511288","0.0833333"
"1971511288","2165035264","0.0833333"
"2165035264","1971511288","0.0833333"
"1971511288","2294746603","0.95"
"2294746603","1971511288","0.95"
"1977063858","1983025185","0.0833333"
"1983025185","1977063858","0.0833333"
"1977063858","2034384507","0.0833333"
"2034384507","1977063858","0.0833333"
"1977063858","2138773539","0.0833333"
"2138773539","1977063858","0.0833333"
"1977063858","2145277603","0.283333"
"2145277603","1977063858","0.283333"
"1977063858","2294746603","3.28333"
"2294746603","1977063858","3.28333"
"1983025185","2034384507","0.333333"
"2034384507","1983025185","0.333333"
"1983025185","2063919454","0.0833333"
"2063919454","1983025185","0.0833333"
"1983025185","2129069117","0.0833333"
"2129069117","1983025185","0.0833333"
"1983025185","2138773539","0.333333"
"2138773539","1983025185","0.333333"
"1983025185","2145277603","0.0833333"
"2145277603","1983025185","0.0833333"
"1983025185","2165035264","2.08333"
"2165035264","1983025185","2.08333"
"1983025185","2167917855","0.0833333"
"2167917855","1983025185","0.0833333"
"1983025185","2294746603","0.0833333"
"2294746603","1983025185","0.0833333"
"2034384507","2053431631","0.0833333"
"2053431631","2034384507","0.0833333"
"2034384507","2063919454","0.0833333"
"2063919454","2034384507","0.0833333"
"2034384507","2129069117","0.0833333"
"2129069117","2034384507","0.0833333"
"2034384507","2145277603","0.0833333"
"2145277603","2034384507","0.0833333"
"2034384507","2165035264","0.0833333"
"2165035264","2034384507","0.0833333"
"2034384507","2167917855","0.0833333"
"2167917855","2034384507","0.0833333"
"2034384507","2294746603","0.0833333"
"2294746603","2034384507","0.0833333"
"2053431631","2138773539","0.0833333"
"2138773539","2053431631","0.0833333"
"2053431631","2145277603","0.416667"
"2145277603","2053431631","0.416667"
"2053431631","2294746603","0.0833333"
"2294746603","2053431631","0.0833333"
"2063919454","2138773539","0.0833333"
"2138773539","2063919454","0.0833333"
"2063919454","2145277603","0.0833333"
"2145277603","2063919454","0.0833333"
"2063919454","2294746603","0.0833333"
"2294746603","2063919454","0.0833333"
"2129069117","2138773539","0.0833333"
"2138773539","2129069117","0.0833333"
"2129069117","2294746603","0.0833333"
"2294746603","2129069117","0.0833333"
"2138773539","2145277603","0.0833333"
"2145277603","2138773539","0.0833333"
"2138773539","2165035264","0.0833333"
"2165035264","2138773539","0.0833333"
"2138773539","2167917855","0.0833333"
"2167917855","2138773539","0.0833333"
"2138773539","2294746603","0.0833333"
"2294746603","2138773539","0.0833333"
"2145277603","2165035264","1.91667"
"2165035264","2145277603","1.91667"
"2145277603","2294746603","0.283333"
"2294746603","2145277603","0.283333"
"2165035264","2294746603","0.0833333"
"2294746603","2165035264","0.0833333"
"2167917855","2294746603","0.0833333"
"2294746603","2167917855","0.0833333"
"2032150764","2294746603","6.2"
"2294746603","2032150764","6.2"
"2032150764","2063919454","1.33333"
"2063919454","2032150764","1.33333"
"2145277603","2518986293","3.2"
"2518986293","2145277603","3.2"
"2294746603","2518986293","1.53333"
"2518986293","2294746603","1.53333"
"1983025185","2151488089","0.25"
"2151488089","1983025185","0.25"
"1983025185","2154138844","0.25"
"2154138844","1983025185","0.25"
"2034384507","2151488089","1.75"
"2151488089","2034384507","1.75"
"2034384507","2154138844","0.25"
"2154138844","2034384507","0.25"
"2138773539","2151488089","0.25"
"2151488089","2138773539","0.25"
"2138773539","2154138844","0.25"
"2154138844","2138773539","0.25"
"2151488089","2154138844","8.25"
"2154138844","2151488089","8.25"
"2013691418","2034384507","0.5"
"2034384507","2013691418","0.5"
"2013691418","2151488089","0.5"
"2151488089","2013691418","0.5"
"2032150764","2165035264","0.5"
"2165035264","2032150764","0.5"
"2063919454","2518986293","2"
"2518986293","2063919454","2"
"2154138844","2968175117","2"
"2968175117","2154138844","2"
