"1225393098","2048777584","7.25"
"2048777584","1225393098","7.25"
"1225393098","1977285466","1.16667"
"1977285466","1225393098","1.16667"
"1225393098","2017075619","3.25"
"2017075619","1225393098","3.25"
"1977285466","2017075619","3.95"
"2017075619","1977285466","3.95"
"1977285466","2048777584","4.09286"
"2048777584","1977285466","4.09286"
"2017075619","2048777584","17.45"
"2048777584","2017075619","17.45"
"1225393098","2489175778","2.08333"
"2489175778","1225393098","2.08333"
"1225393098","1485738746","1"
"1485738746","1225393098","1"
"1225393098","1964356327","0.333333"
"1964356327","1225393098","0.333333"
"1225393098","2098569470","0.333333"
"2098569470","1225393098","0.333333"
"1225393098","2161139542","0.333333"
"2161139542","1225393098","0.333333"
"1964356327","2098569470","4.33333"
"2098569470","1964356327","4.33333"
"1964356327","2161139542","0.833333"
"2161139542","1964356327","0.833333"
"2098569470","2161139542","1.83333"
"2161139542","2098569470","1.83333"
"1225393098","2004905723","0.25"
"2004905723","1225393098","0.25"
"2004905723","2017075619","2.2"
"2017075619","2004905723","2.2"
"2004905723","2048777584","3.42619"
"2048777584","2004905723","3.42619"
"2004905723","2489175778","1.67619"
"2489175778","2004905723","1.67619"
"2017075619","2489175778","5.03333"
"2489175778","2017075619","5.03333"
"2048777584","2489175778","10.1762"
"2489175778","2048777584","10.1762"
"1977285466","2489175778","3.00952"
"2489175778","1977285466","3.00952"
"1485738746","2041881718","0.611111"
"2041881718","1485738746","0.611111"
"1485738746","2071720491","0.625"
"2071720491","1485738746","0.625"
"2041881718","2071720491","1.5631"
"2071720491","2041881718","1.5631"
"1485738746","1598019012","0.111111"
"1598019012","1485738746","0.111111"
"1485738746","192565963","0.236111"
"192565963","1485738746","0.236111"
"1485738746","196218644","0.236111"
"196218644","1485738746","0.236111"
"1485738746","1969785169","0.111111"
"1969785169","1485738746","0.111111"
"1485738746","200177027","0.236111"
"200177027","1485738746","0.236111"
"1485738746","2040760959","0.236111"
"2040760959","1485738746","0.236111"
"1485738746","2046119485","0.236111"
"2046119485","1485738746","0.236111"
"1485738746","51518710","0.111111"
"51518710","1485738746","0.111111"
"1598019012","192565963","2.10437"
"192565963","1598019012","2.10437"
"1598019012","196218644","0.823413"
"196218644","1598019012","0.823413"
"1598019012","1969785169","2.4377"
"1969785169","1598019012","2.4377"
"1598019012","200177027","1.9377"
"200177027","1598019012","1.9377"
"1598019012","2040760959","2.4377"
"2040760959","1598019012","2.4377"
"1598019012","2041881718","1.67421"
"2041881718","1598019012","1.67421"
"1598019012","2046119485","1.7377"
"2046119485","1598019012","1.7377"
"1598019012","51518710","0.365079"
"51518710","1598019012","0.365079"
"192565963","196218644","2.31508"
"196218644","192565963","2.31508"
"192565963","1969785169","2.75436"
"1969785169","192565963","2.75436"
"192565963","200177027","2.7127"
"200177027","192565963","2.7127"
"192565963","2040760959","4.24603"
"2040760959","192565963","4.24603"
"192565963","2041881718","1.54087"
"2041881718","192565963","1.54087"
"192565963","2046119485","2.59603"
"2046119485","192565963","2.59603"
"192565963","51518710","0.898413"
"51518710","192565963","0.898413"
"196218644","1969785169","0.823413"
"1969785169","196218644","0.823413"
"196218644","200177027","1.89841"
"200177027","196218644","1.89841"
"196218644","2040760959","4.43175"
"2040760959","196218644","4.43175"
"196218644","2041881718","0.402778"
"2041881718","196218644","0.402778"
"196218644","2046119485","1.93175"
"2046119485","196218644","1.93175"
"196218644","51518710","1.12222"
"51518710","196218644","1.12222"
"1969785169","200177027","2.5877"
"200177027","1969785169","2.5877"
"1969785169","2040760959","4.0877"
"2040760959","1969785169","4.0877"
"1969785169","2041881718","2.87421"
"2041881718","1969785169","2.87421"
"1969785169","2046119485","1.9377"
"2046119485","1969785169","1.9377"
"1969785169","51518710","0.365079"
"51518710","1969785169","0.365079"
"200177027","2040760959","4.32937"
"2040760959","200177027","4.32937"
"200177027","2041881718","1.37421"
"2041881718","200177027","1.37421"
"200177027","2046119485","8.5127"
"2046119485","200177027","8.5127"
"200177027","51518710","1.06508"
"51518710","200177027","1.06508"
"2040760959","2041881718","2.37421"
"2041881718","2040760959","2.37421"
"2040760959","2046119485","3.7127"
"2046119485","2040760959","3.7127"
"2040760959","51518710","1.76508"
"51518710","2040760959","1.76508"
"2041881718","2046119485","0.974206"
"2046119485","2041881718","0.974206"
"2041881718","51518710","0.611111"
"51518710","2041881718","0.611111"
"2046119485","51518710","1.26508"
"51518710","2046119485","1.26508"
"1485738746","91479421","1.125"
"91479421","1485738746","1.125"
"1485738746","2148549374","1.5"
"2148549374","1485738746","1.5"
"1485738746","1964356327","1"
"1964356327","1485738746","1"
"1485738746","2148977749","1.5"
"2148977749","1485738746","1.5"
"2148549374","2148977749","6.5"
"2148977749","2148549374","6.5"
"1485738746","1555375211","0.125"
"1555375211","1485738746","0.125"
"1555375211","192565963","0.486111"
"192565963","1555375211","0.486111"
"1555375211","196218644","0.236111"
"196218644","1555375211","0.236111"
"1555375211","200177027","0.819444"
"200177027","1555375211","0.819444"
"1555375211","2040760959","0.486111"
"2040760959","1555375211","0.486111"
"1555375211","2046119485","0.569444"
"2046119485","1555375211","0.569444"
"1555375211","2071720491","0.125"
"2071720491","1555375211","0.125"
"1555375211","91479421","0.125"
"91479421","1555375211","0.125"
"192565963","2071720491","1.87381"
"2071720491","192565963","1.87381"
"192565963","91479421","0.125"
"91479421","192565963","0.125"
"196218644","2071720491","1.37619"
"2071720491","196218644","1.37619"
"196218644","91479421","0.291667"
"91479421","196218644","0.291667"
"200177027","2071720491","2.12381"
"2071720491","200177027","2.12381"
"200177027","91479421","0.291667"
"91479421","200177027","0.291667"
"2040760959","2071720491","2.49048"
"2071720491","2040760959","2.49048"
"2040760959","91479421","0.291667"
"91479421","2040760959","0.291667"
"2046119485","2071720491","3.12381"
"2071720491","2046119485","3.12381"
"2046119485","91479421","0.291667"
"91479421","2046119485","0.291667"
"2071720491","91479421","0.291667"
"91479421","2071720491","0.291667"
"1497466130","1977948203","4.75"
"1977948203","1497466130","4.75"
"1497466130","1533190718","1.83333"
"1533190718","1497466130","1.83333"
"1497466130","2116085565","2.5"
"2116085565","1497466130","2.5"
"1977948203","2116085565","3"
"2116085565","1977948203","3"
"1533190718","1977948203","0.833333"
"1977948203","1533190718","0.833333"
"1533190718","2116085565","1.33333"
"2116085565","1533190718","1.33333"
"1497466130","2123005370","0.25"
"2123005370","1497466130","0.25"
"1497466130","2130305445","2.16667"
"2130305445","1497466130","2.16667"
"1977948203","2123005370","1.25"
"2123005370","1977948203","1.25"
"1977948203","2130305445","3.16667"
"2130305445","1977948203","3.16667"
"2116085565","2123005370","0.25"
"2123005370","2116085565","0.25"
"2116085565","2130305445","2.66667"
"2130305445","2116085565","2.66667"
"2123005370","2130305445","0.25"
"2130305445","2123005370","0.25"
"1497466130","2489175778","0.25"
"2489175778","1497466130","0.25"
"1533190718","2130305445","1.33333"
"2130305445","1533190718","1.33333"
"1533190718","2489175778","0.25"
"2489175778","1533190718","0.25"
"2116085565","2489175778","0.25"
"2489175778","2116085565","0.25"
"2130305445","2489175778","0.25"
"2489175778","2130305445","0.25"
"1497466130","2060231590","0.25"
"2060231590","1497466130","0.25"
"1977948203","2060231590","0.25"
"2060231590","1977948203","0.25"
"2060231590","2116085565","0.5"
"2116085565","2060231590","0.5"
"2060231590","2130305445","4.66667"
"2130305445","2060231590","4.66667"
"1497466130","1978808568","1"
"1978808568","1497466130","1"
"1533190718","1978808568","0.833333"
"1978808568","1533190718","0.833333"
"1533190718","2060231590","0.583333"
"2060231590","1533190718","0.583333"
"1978808568","2060231590","3.41667"
"2060231590","1978808568","3.41667"
"1978808568","2116085565","0.5"
"2116085565","1978808568","0.5"
"1978808568","2130305445","3.66667"
"2130305445","1978808568","3.66667"
"1977948203","1978808568","0.75"
"1978808568","1977948203","0.75"
"1555375211","1969785169","0.361111"
"1969785169","1555375211","0.361111"
"1555375211","51518710","0.444444"
"51518710","1555375211","0.444444"
"1555375211","1598019012","0.111111"
"1598019012","1555375211","0.111111"
"1555375211","1605700074","0.111111"
"1605700074","1555375211","0.111111"
"1598019012","1605700074","0.111111"
"1605700074","1598019012","0.111111"
"1605700074","192565963","0.111111"
"192565963","1605700074","0.111111"
"1605700074","196218644","0.111111"
"196218644","1605700074","0.111111"
"1605700074","1969785169","0.111111"
"1969785169","1605700074","0.111111"
"1605700074","200177027","0.111111"
"200177027","1605700074","0.111111"
"1605700074","2040760959","0.111111"
"2040760959","1605700074","0.111111"
"1605700074","2046119485","0.111111"
"2046119485","1605700074","0.111111"
"1605700074","51518710","0.111111"
"51518710","1605700074","0.111111"
"1555724468","2019175245","10"
"2019175245","1555724468","10"
"1555724468","2128561619","6"
"2128561619","1555724468","6"
"2019175245","2128561619","3"
"2128561619","2019175245","3"
"1598019012","2071720491","1.14881"
"2071720491","1598019012","1.14881"
"1969785169","2071720491","1.54881"
"2071720491","1969785169","1.54881"
"2071720491","51518710","0.709524"
"51518710","2071720491","0.709524"
"1600144774","2019175245","0.75"
"2019175245","1600144774","0.75"
"1600144774","2022423603","0.75"
"2022423603","1600144774","0.75"
"2019175245","2022423603","0.75"
"2022423603","2019175245","0.75"
"1600144774","2006017030","5.25"
"2006017030","1600144774","5.25"
"1600144774","2161139542","0.25"
"2161139542","1600144774","0.25"
"2006017030","2019175245","1.25"
"2019175245","2006017030","1.25"
"2006017030","2022423603","0.25"
"2022423603","2006017030","0.25"
"2006017030","2161139542","0.25"
"2161139542","2006017030","0.25"
"2019175245","2161139542","0.25"
"2161139542","2019175245","0.25"
"2022423603","2161139542","1.72619"
"2161139542","2022423603","1.72619"
"51518710","91479421","0.166667"
"91479421","51518710","0.166667"
"1964356327","2107418046","2"
"2107418046","1964356327","2"
"1964356327","2148977749","0.5"
"2148977749","1964356327","0.5"
"2098569470","2148977749","1.5"
"2148977749","2098569470","1.5"
"1974117084","2489175778","1"
"2489175778","1974117084","1"
"1974117084","1985635698","3"
"1985635698","1974117084","3"
"1974117084","2004905723","0.25"
"2004905723","1974117084","0.25"
"1974117084","2048777584","0.25"
"2048777584","1974117084","0.25"
"1974117084","2060231590","0.25"
"2060231590","1974117084","0.25"
"1974117084","2110803977","0.25"
"2110803977","1974117084","0.25"
"2004905723","2060231590","0.583333"
"2060231590","2004905723","0.583333"
"2004905723","2110803977","3.22619"
"2110803977","2004905723","3.22619"
"2048777584","2060231590","0.583333"
"2060231590","2048777584","0.583333"
"2048777584","2110803977","2.22619"
"2110803977","2048777584","2.22619"
"2060231590","2110803977","0.583333"
"2110803977","2060231590","0.583333"
"1977285466","2004905723","1.25952"
"2004905723","1977285466","1.25952"
"1977285466","2022423603","0.142857"
"2022423603","1977285466","0.142857"
"1977285466","2107418046","0.142857"
"2107418046","1977285466","0.142857"
"1977285466","2110803977","0.142857"
"2110803977","1977285466","0.142857"
"1977285466","2161139542","0.142857"
"2161139542","1977285466","0.142857"
"2004905723","2022423603","0.142857"
"2022423603","2004905723","0.142857"
"2004905723","2107418046","0.142857"
"2107418046","2004905723","0.142857"
"2004905723","2161139542","0.142857"
"2161139542","2004905723","0.142857"
"2022423603","2048777584","1.97619"
"2048777584","2022423603","1.97619"
"2022423603","2107418046","0.642857"
"2107418046","2022423603","0.642857"
"2022423603","2110803977","0.142857"
"2110803977","2022423603","0.142857"
"2022423603","2489175778","0.142857"
"2489175778","2022423603","0.142857"
"2048777584","2107418046","2.39286"
"2107418046","2048777584","2.39286"
"2048777584","2161139542","4.30952"
"2161139542","2048777584","4.30952"
"2107418046","2110803977","0.392857"
"2110803977","2107418046","0.392857"
"2107418046","2161139542","0.642857"
"2161139542","2107418046","0.642857"
"2107418046","2489175778","1.39286"
"2489175778","2107418046","1.39286"
"2110803977","2161139542","1.14286"
"2161139542","2110803977","1.14286"
"2110803977","2489175778","0.142857"
"2489175778","2110803977","0.142857"
"2161139542","2489175778","2.39286"
"2489175778","2161139542","2.39286"
"1977285466","1980978471","0.25"
"1980978471","1977285466","0.25"
"1977285466","1986403232","0.25"
"1986403232","1977285466","0.25"
"1977285466","2250998089","0.25"
"2250998089","1977285466","0.25"
"1980978471","1986403232","0.25"
"1986403232","1980978471","0.25"
"1980978471","2250998089","1.58333"
"2250998089","1980978471","1.58333"
"1980978471","2489175778","0.5"
"2489175778","1980978471","0.5"
"1986403232","2250998089","0.25"
"2250998089","1986403232","0.25"
"1986403232","2489175778","0.25"
"2489175778","1986403232","0.25"
"2250998089","2489175778","0.25"
"2489175778","2250998089","0.25"
"1977285466","1991373902","0.2"
"1991373902","1977285466","0.2"
"1991373902","2004905723","0.2"
"2004905723","1991373902","0.2"
"1991373902","2017075619","0.2"
"2017075619","1991373902","0.2"
"1991373902","2048777584","0.7"
"2048777584","1991373902","0.7"
"1991373902","2489175778","1.7"
"2489175778","1991373902","1.7"
"1977948203","1980978471","0.25"
"1980978471","1977948203","0.25"
"1977948203","2107418046","0.25"
"2107418046","1977948203","0.25"
"1977948203","2161139542","0.25"
"2161139542","1977948203","0.25"
"1977948203","2489175778","0.25"
"2489175778","1977948203","0.25"
"1980978471","2107418046","0.25"
"2107418046","1980978471","0.25"
"1980978471","2161139542","0.25"
"2161139542","1980978471","0.25"
"1978808568","2048777584","1.75"
"2048777584","1978808568","1.75"
"1978808568","2161139542","1.25"
"2161139542","1978808568","1.25"
"1978808568","51518710","0.333333"
"51518710","1978808568","0.333333"
"2060231590","51518710","0.833333"
"51518710","2060231590","0.833333"
"2130305445","51518710","0.333333"
"51518710","2130305445","0.333333"
"2048777584","2130305445","0.5"
"2130305445","2048777584","0.5"
"1978808568","2017075619","0.25"
"2017075619","1978808568","0.25"
"1978808568","2110803977","0.25"
"2110803977","1978808568","0.25"
"2017075619","2110803977","0.75"
"2110803977","2017075619","0.75"
"2017075619","2161139542","1.58333"
"2161139542","2017075619","1.58333"
"1980978471","2110803977","16.3333"
"2110803977","1980978471","16.3333"
"1980978471","2135602598","0.333333"
"2135602598","1980978471","0.333333"
"2110803977","2135602598","0.583333"
"2135602598","2110803977","0.583333"
"2110803977","2250998089","0.333333"
"2250998089","2110803977","0.333333"
"2135602598","2250998089","0.333333"
"2250998089","2135602598","0.333333"
"1980978471","2004905723","0.5"
"2004905723","1980978471","0.5"
"1980978471","2048777584","0.5"
"2048777584","1980978471","0.5"
"1980978471","2066786551","1"
"2066786551","1980978471","1"
"1985635698","2039663585","0.5"
"2039663585","1985635698","0.5"
"1985635698","2294291508","0.5"
"2294291508","1985635698","0.5"
"2039663585","2294291508","16.4167"
"2294291508","2039663585","16.4167"
"1985635698","2048777584","0.25"
"2048777584","1985635698","0.25"
"1985635698","2110803977","0.25"
"2110803977","1985635698","0.25"
"1985635698","2135602598","0.25"
"2135602598","1985635698","0.25"
"1985635698","2161139542","0.25"
"2161139542","1985635698","0.25"
"2048777584","2135602598","0.583333"
"2135602598","2048777584","0.583333"
"2135602598","2161139542","3.58333"
"2161139542","2135602598","3.58333"
"1986403232","2135602598","1"
"2135602598","1986403232","1"
"1991373902","2089734274","1"
"2089734274","1991373902","1"
"2017023770","2039663585","3.91667"
"2039663585","2017023770","3.91667"
"2017023770","2135602598","0.916667"
"2135602598","2017023770","0.916667"
"2017023770","2294291508","4.91667"
"2294291508","2017023770","4.91667"
"2039663585","2135602598","0.916667"
"2135602598","2039663585","0.916667"
"2135602598","2294291508","1.25"
"2294291508","2135602598","1.25"
"2017023770","2102974051","1"
"2102974051","2017023770","1"
"2017023770","2107418046","0.25"
"2107418046","2017023770","0.25"
"2039663585","2107418046","0.25"
"2107418046","2039663585","0.25"
"2107418046","2135602598","1.25"
"2135602598","2107418046","1.25"
"2107418046","2294291508","0.25"
"2294291508","2107418046","0.25"
"2017075619","2107418046","0.75"
"2107418046","2017075619","0.75"
"2017075619","2294291508","0.25"
"2294291508","2017075619","0.25"
"2048777584","2294291508","0.583333"
"2294291508","2048777584","0.583333"
"2110803977","2294291508","0.25"
"2294291508","2110803977","0.25"
"2161139542","2294291508","1.58333"
"2294291508","2161139542","1.58333"
"2017075619","2022423603","0.333333"
"2022423603","2017075619","0.333333"
"2022423603","2066786551","1"
"2066786551","2022423603","1"
"2022423603","2294291508","1"
"2294291508","2022423603","1"
"2022423603","2250998089","1"
"2250998089","2022423603","1"
"2060231590","2148977749","0.5"
"2148977749","2060231590","0.5"
"2148977749","51518710","2.5"
"51518710","2148977749","2.5"
"2066786551","2250998089","1"
"2250998089","2066786551","1"
"2107418046","2250998089","2"
"2250998089","2107418046","2"
"2128561619","2148549374","1"
"2148549374","2128561619","1"
"2130305445","2135602598","1"
"2135602598","2130305445","1"
"2135602598","2431344271","1"
"2431344271","2135602598","1"
"2148549374","51518710","2"
"51518710","2148549374","2"
"2250793904","2431344271","1"
"2431344271","2250793904","1"
