"125898969","2101812544","12.5"
"2101812544","125898969","12.5"
"125898969","2970142969","0.5"
"2970142969","125898969","0.5"
"2101812544","2970142969","0.5"
"2970142969","2101812544","0.5"
"140843294","1986955801","1.5"
"1986955801","140843294","1.5"
"140843294","2118454131","1.5"
"2118454131","140843294","1.5"
"1986955801","2118454131","33.5"
"2118454131","1986955801","33.5"
"140843294","2409467540","2"
"2409467540","140843294","2"
"140843294","1992611613","1"
"1992611613","140843294","1"
"140843294","2121512846","0.533333"
"2121512846","140843294","0.533333"
"140843294","2128248866","0.533333"
"2128248866","140843294","0.533333"
"140843294","2272113230","0.833333"
"2272113230","140843294","0.833333"
"2121512846","2128248866","1.86667"
"2128248866","2121512846","1.86667"
"2121512846","2272113230","2.45"
"2272113230","2121512846","2.45"
"2128248866","2272113230","0.666667"
"2272113230","2128248866","0.666667"
"140843294","1550550276","0.2"
"1550550276","140843294","0.2"
"140843294","1993562282","0.2"
"1993562282","140843294","0.2"
"140843294","2970142969","0.7"
"2970142969","140843294","0.7"
"1550550276","1993562282","12.4833"
"1993562282","1550550276","12.4833"
"1550550276","2121512846","1.31667"
"2121512846","1550550276","1.31667"
"1550550276","2128248866","3.7"
"2128248866","1550550276","3.7"
"1550550276","2970142969","0.2"
"2970142969","1550550276","0.2"
"1993562282","2121512846","1.31667"
"2121512846","1993562282","1.31667"
"1993562282","2128248866","3.7"
"2128248866","1993562282","3.7"
"1993562282","2970142969","0.2"
"2970142969","1993562282","0.2"
"2121512846","2970142969","0.2"
"2970142969","2121512846","0.2"
"2128248866","2970142969","0.2"
"2970142969","2128248866","0.2"
"2272113230","2970142969","0.7"
"2970142969","2272113230","0.7"
"1490413238","1861421402","0.566667"
"1861421402","1490413238","0.566667"
"1490413238","1973236871","1.56667"
"1973236871","1490413238","1.56667"
"1490413238","1997919781","1.48333"
"1997919781","1490413238","1.48333"
"1490413238","2041984268","2.06667"
"2041984268","1490413238","2.06667"
"1490413238","2111971349","0.691667"
"2111971349","1490413238","0.691667"
"1861421402","1973236871","3.06667"
"1973236871","1861421402","3.06667"
"1861421402","1997919781","0.62619"
"1997919781","1861421402","0.62619"
"1861421402","2041984268","1.06667"
"2041984268","1861421402","1.06667"
"1861421402","2111971349","1.06667"
"2111971349","1861421402","1.06667"
"1973236871","1997919781","2.08142"
"1997919781","1973236871","2.08142"
"1973236871","2041984268","6.22428"
"2041984268","1973236871","6.22428"
"1973236871","2111971349","0.566667"
"2111971349","1973236871","0.566667"
"1997919781","2041984268","3.67299"
"2041984268","1997919781","3.67299"
"1997919781","2111971349","0.528788"
"2111971349","1997919781","0.528788"
"2041984268","2111971349","0.612121"
"2111971349","2041984268","0.612121"
"1490413238","2114054421","2.08333"
"2114054421","1490413238","2.08333"
"1490413238","1908699674","0.833333"
"1908699674","1490413238","0.833333"
"1490413238","2057169561","0.333333"
"2057169561","1490413238","0.333333"
"1490413238","2111607365","0.833333"
"2111607365","1490413238","0.833333"
"1908699674","2057169561","3.08333"
"2057169561","1908699674","3.08333"
"1908699674","2111607365","4.17619"
"2111607365","1908699674","4.17619"
"2057169561","2111607365","1.83333"
"2111607365","2057169561","1.83333"
"1490413238","1971806600","0.333333"
"1971806600","1490413238","0.333333"
"1490413238","1977848225","0.333333"
"1977848225","1490413238","0.333333"
"1490413238","1986789518","0.333333"
"1986789518","1490413238","0.333333"
"1490413238","1991249762","0.166667"
"1991249762","1490413238","0.166667"
"1490413238","1994290541","0.166667"
"1994290541","1490413238","0.166667"
"1490413238","2011130689","0.0833333"
"2011130689","1490413238","0.0833333"
"1490413238","2016057533","0.208333"
"2016057533","1490413238","0.208333"
"1861421402","1971806600","0.166667"
"1971806600","1861421402","0.166667"
"1861421402","1977848225","0.166667"
"1977848225","1861421402","0.166667"
"1861421402","1986789518","0.166667"
"1986789518","1861421402","0.166667"
"1861421402","1991249762","0.166667"
"1991249762","1861421402","0.166667"
"1861421402","1994290541","0.309524"
"1994290541","1861421402","0.309524"
"1861421402","2011130689","0.22619"
"2011130689","1861421402","0.22619"
"1861421402","2016057533","0.0833333"
"2016057533","1861421402","0.0833333"
"1861421402","2114054421","0.0833333"
"2114054421","1861421402","0.0833333"
"1971806600","1973236871","2.49094"
"1973236871","1971806600","2.49094"
"1971806600","1977848225","1.17354"
"1977848225","1971806600","1.17354"
"1971806600","1986789518","3.70803"
"1986789518","1971806600","3.70803"
"1971806600","1991249762","0.296221"
"1991249762","1971806600","0.296221"
"1971806600","1994290541","7.57808"
"1994290541","1971806600","7.57808"
"1971806600","2011130689","1.32808"
"2011130689","1971806600","1.32808"
"1971806600","2016057533","0.0833333"
"2016057533","1971806600","0.0833333"
"1971806600","2041984268","2.87354"
"2041984268","1971806600","2.87354"
"1971806600","2111971349","0.166667"
"2111971349","1971806600","0.166667"
"1971806600","2114054421","0.0833333"
"2114054421","1971806600","0.0833333"
"1973236871","1977848225","0.574277"
"1977848225","1973236871","0.574277"
"1973236871","1986789518","1.21713"
"1986789518","1973236871","1.21713"
"1973236871","1991249762","0.166667"
"1991249762","1973236871","0.166667"
"1973236871","1994290541","1.27882"
"1994290541","1973236871","1.27882"
"1973236871","2011130689","0.278822"
"2011130689","1973236871","0.278822"
"1973236871","2016057533","0.0833333"
"2016057533","1973236871","0.0833333"
"1973236871","2114054421","0.0833333"
"2114054421","1973236871","0.0833333"
"1977848225","1986789518","2.74118"
"1986789518","1977848225","2.74118"
"1977848225","1991249762","0.522231"
"1991249762","1977848225","0.522231"
"1977848225","1994290541","1.63065"
"1994290541","1977848225","1.63065"
"1977848225","2011130689","1.54732"
"2011130689","1977848225","1.54732"
"1977848225","2016057533","0.0833333"
"2016057533","1977848225","0.0833333"
"1977848225","2041984268","2.68615"
"2041984268","1977848225","2.68615"
"1977848225","2111971349","0.212121"
"2111971349","1977848225","0.212121"
"1977848225","2114054421","0.0833333"
"2114054421","1977848225","0.0833333"
"1986789518","1991249762","0.690064"
"1991249762","1986789518","0.690064"
"1986789518","1994290541","2.52467"
"1994290541","1986789518","2.52467"
"1986789518","2011130689","1.85801"
"2011130689","1986789518","1.85801"
"1986789518","2016057533","0.0833333"
"2016057533","1986789518","0.0833333"
"1986789518","2041984268","3.79757"
"2041984268","1986789518","3.79757"
"1986789518","2111971349","0.212121"
"2111971349","1986789518","0.212121"
"1986789518","2114054421","0.0833333"
"2114054421","1986789518","0.0833333"
"1991249762","1994290541","1.02147"
"1994290541","1991249762","1.02147"
"1991249762","2011130689","0.938141"
"2011130689","1991249762","0.938141"
"1991249762","2016057533","0.0833333"
"2016057533","1991249762","0.0833333"
"1991249762","2041984268","0.690064"
"2041984268","1991249762","0.690064"
"1991249762","2111971349","2.57879"
"2111971349","1991249762","2.57879"
"1991249762","2114054421","0.0833333"
"2114054421","1991249762","0.0833333"
"1994290541","2011130689","3.76197"
"2011130689","1994290541","3.76197"
"1994290541","2016057533","0.0833333"
"2016057533","1994290541","0.0833333"
"1994290541","2041984268","3.09464"
"2041984268","1994290541","3.09464"
"1994290541","2111971349","0.212121"
"2111971349","1994290541","0.212121"
"1994290541","2114054421","0.0833333"
"2114054421","1994290541","0.0833333"
"2011130689","2016057533","0.0833333"
"2016057533","2011130689","0.0833333"
"2011130689","2041984268","1.7613"
"2041984268","2011130689","1.7613"
"2011130689","2111971349","0.128788"
"2111971349","2011130689","0.128788"
"2011130689","2114054421","0.0833333"
"2114054421","2011130689","0.0833333"
"2016057533","2041984268","0.0833333"
"2041984268","2016057533","0.0833333"
"2016057533","2111971349","0.208333"
"2111971349","2016057533","0.208333"
"2016057533","2114054421","0.333333"
"2114054421","2016057533","0.333333"
"2041984268","2114054421","0.0833333"
"2114054421","2041984268","0.0833333"
"2111971349","2114054421","0.0833333"
"2114054421","2111971349","0.0833333"
"1971806600","1997919781","1.45492"
"1997919781","1971806600","1.45492"
"1977848225","1997919781","2.41777"
"1997919781","1977848225","2.41777"
"1986789518","1997919781","2.7856"
"1997919781","1986789518","2.7856"
"1490413238","1686568283","0.0833333"
"1686568283","1490413238","0.0833333"
"1490413238","2221663082","0.0833333"
"2221663082","1490413238","0.0833333"
"1686568283","1861421402","1.08333"
"1861421402","1686568283","1.08333"
"1686568283","1971806600","1.33333"
"1971806600","1686568283","1.33333"
"1686568283","1973236871","0.333333"
"1973236871","1686568283","0.333333"
"1686568283","1977848225","0.0833333"
"1977848225","1686568283","0.0833333"
"1686568283","1986789518","0.0833333"
"1986789518","1686568283","0.0833333"
"1686568283","1991249762","1.08333"
"1991249762","1686568283","1.08333"
"1686568283","1994290541","0.333333"
"1994290541","1686568283","0.333333"
"1686568283","1997919781","0.0833333"
"1997919781","1686568283","0.0833333"
"1686568283","2041984268","0.333333"
"2041984268","1686568283","0.333333"
"1686568283","2111971349","0.583333"
"2111971349","1686568283","0.583333"
"1686568283","2221663082","0.0833333"
"2221663082","1686568283","0.0833333"
"1861421402","2221663082","0.0833333"
"2221663082","1861421402","0.0833333"
"1971806600","2221663082","0.0833333"
"2221663082","1971806600","0.0833333"
"1973236871","2221663082","0.0833333"
"2221663082","1973236871","0.0833333"
"1977848225","2221663082","0.0833333"
"2221663082","1977848225","0.0833333"
"1986789518","2221663082","0.0833333"
"2221663082","1986789518","0.0833333"
"1991249762","1997919781","0.513898"
"1997919781","1991249762","0.513898"
"1991249762","2221663082","0.0833333"
"2221663082","1991249762","0.0833333"
"1994290541","1997919781","2.35202"
"1997919781","1994290541","2.35202"
"1994290541","2221663082","0.0833333"
"2221663082","1994290541","0.0833333"
"1997919781","2221663082","1.08333"
"2221663082","1997919781","1.08333"
"2041984268","2221663082","0.0833333"
"2221663082","2041984268","0.0833333"
"2111971349","2221663082","0.0833333"
"2221663082","2111971349","0.0833333"
"1490413238","1584327673","0.125"
"1584327673","1490413238","0.125"
"1490413238","1982177147","1.125"
"1982177147","1490413238","1.125"
"1490413238","2011078029","0.125"
"2011078029","1490413238","0.125"
"1490413238","2121041488","0.125"
"2121041488","1490413238","0.125"
"1490413238","2227052561","0.125"
"2227052561","1490413238","0.125"
"1490413238","842283414","0.125"
"842283414","1490413238","0.125"
"1584327673","1982177147","0.934524"
"1982177147","1584327673","0.934524"
"1584327673","2011078029","0.125"
"2011078029","1584327673","0.125"
"1584327673","2016057533","0.125"
"2016057533","1584327673","0.125"
"1584327673","2111971349","0.125"
"2111971349","1584327673","0.125"
"1584327673","2121041488","0.934524"
"2121041488","1584327673","0.934524"
"1584327673","2227052561","0.125"
"2227052561","1584327673","0.125"
"1584327673","842283414","0.125"
"842283414","1584327673","0.125"
"1982177147","2011078029","0.125"
"2011078029","1982177147","0.125"
"1982177147","2016057533","0.125"
"2016057533","1982177147","0.125"
"1982177147","2111971349","0.125"
"2111971349","1982177147","0.125"
"1982177147","2121041488","11.4179"
"2121041488","1982177147","11.4179"
"1982177147","2227052561","1.04167"
"2227052561","1982177147","1.04167"
"1982177147","842283414","0.125"
"842283414","1982177147","0.125"
"2011078029","2016057533","0.375"
"2016057533","2011078029","0.375"
"2011078029","2111971349","0.125"
"2111971349","2011078029","0.125"
"2011078029","2121041488","0.125"
"2121041488","2011078029","0.125"
"2011078029","2227052561","0.125"
"2227052561","2011078029","0.125"
"2011078029","842283414","0.125"
"842283414","2011078029","0.125"
"2016057533","2121041488","0.125"
"2121041488","2016057533","0.125"
"2016057533","2227052561","4.125"
"2227052561","2016057533","4.125"
"2016057533","842283414","0.125"
"842283414","2016057533","0.125"
"2111971349","2121041488","0.125"
"2121041488","2111971349","0.125"
"2111971349","2227052561","0.125"
"2227052561","2111971349","0.125"
"2111971349","842283414","0.125"
"842283414","2111971349","0.125"
"2121041488","2227052561","2.54167"
"2227052561","2121041488","2.54167"
"2121041488","842283414","0.125"
"842283414","2121041488","0.125"
"2227052561","842283414","0.125"
"842283414","2227052561","0.125"
"1510148020","1594296362","0.209197"
"1594296362","1510148020","0.209197"
"1510148020","1658081615","0.0555556"
"1658081615","1510148020","0.0555556"
"1510148020","1971806600","0.108187"
"1971806600","1510148020","0.108187"
"1510148020","1977848225","0.41112"
"1977848225","1510148020","0.41112"
"1510148020","1980649419","0.41112"
"1980649419","1510148020","0.41112"
"1510148020","1986789518","0.41112"
"1986789518","1510148020","0.41112"
"1510148020","1994290541","0.619454"
"1994290541","1510148020","0.619454"
"1510148020","1997919781","0.41112"
"1997919781","1510148020","0.41112"
"1510148020","2011130689","0.619454"
"2011130689","1510148020","0.619454"
"1510148020","2022501110","0.230565"
"2022501110","1510148020","0.230565"
"1510148020","2041984268","0.209197"
"2041984268","1510148020","0.209197"
"1510148020","2045928315","0.41112"
"2045928315","1510148020","0.41112"
"1510148020","2068447118","0.41112"
"2068447118","1510148020","0.41112"
"1510148020","2068719613","0.108187"
"2068719613","1510148020","0.108187"
"1510148020","2091012239","0.66112"
"2091012239","1510148020","0.66112"
"1510148020","2159085496","0.28612"
"2159085496","1510148020","0.28612"
"1510148020","2166624324","0.28612"
"2166624324","1510148020","0.28612"
"1510148020","2167956717","0.41112"
"2167956717","1510148020","0.41112"
"1594296362","1658081615","0.144488"
"1658081615","1594296362","0.144488"
"1594296362","1971806600","0.708085"
"1971806600","1594296362","0.708085"
"1594296362","1977848225","0.701252"
"1977848225","1594296362","0.701252"
"1594296362","1980649419","2.43459"
"1980649419","1594296362","2.43459"
"1594296362","1986789518","1.21194"
"1986789518","1594296362","1.21194"
"1594296362","1994290541","1.40696"
"1994290541","1594296362","1.40696"
"1594296362","1997919781","1.06151"
"1997919781","1594296362","1.06151"
"1594296362","2011130689","1.40696"
"2011130689","1594296362","1.40696"
"1594296362","2022501110","0.688528"
"2022501110","1594296362","0.688528"
"1594296362","2041984268","1.11908"
"2041984268","1594296362","1.11908"
"1594296362","2045928315","0.784585"
"2045928315","1594296362","0.784585"
"1594296362","2068447118","4.86194"
"2068447118","1594296362","4.86194"
"1594296362","2068719613","0.684629"
"2068719613","1594296362","0.684629"
"1594296362","2091012239","1.15242"
"2091012239","1594296362","1.15242"
"1594296362","2159085496","2.10883"
"2159085496","1594296362","2.10883"
"1594296362","2166624324","0.975199"
"2166624324","1594296362","0.975199"
"1594296362","2167956717","0.701252"
"2167956717","1594296362","0.701252"
"1658081615","1971806600","0.511155"
"1971806600","1658081615","0.511155"
"1658081615","1977848225","0.144488"
"1977848225","1658081615","0.144488"
"1658081615","1980649419","0.144488"
"1980649419","1658081615","0.144488"
"1658081615","1986789518","3.17782"
"1986789518","1658081615","3.17782"
"1658081615","1994290541","1.09903"
"1994290541","1658081615","1.09903"
"1658081615","1997919781","0.144488"
"1997919781","1658081615","0.144488"
"1658081615","2011130689","0.0990338"
"2011130689","1658081615","0.0990338"
"1658081615","2022501110","1.51116"
"2022501110","1658081615","1.51116"
"1658081615","2041984268","1.01116"
"2041984268","1658081615","1.01116"
"1658081615","2045928315","0.144488"
"2045928315","1658081615","0.144488"
"1658081615","2068447118","0.344488"
"2068447118","1658081615","0.344488"
"1658081615","2068719613","0.2657"
"2068719613","1658081615","0.2657"
"1658081615","2091012239","2.81116"
"2091012239","1658081615","2.81116"
"1658081615","2159085496","0.144488"
"2159085496","1658081615","0.144488"
"1658081615","2166624324","0.144488"
"2166624324","1658081615","0.144488"
"1658081615","2167956717","0.144488"
"2167956717","1658081615","0.144488"
"1971806600","1980649419","0.806436"
"1980649419","1971806600","0.806436"
"1971806600","2022501110","0.936931"
"2022501110","1971806600","0.936931"
"1971806600","2045928315","1.03068"
"2045928315","1971806600","1.03068"
"1971806600","2068447118","1.6247"
"2068447118","1971806600","1.6247"
"1971806600","2068719613","2.86082"
"2068719613","1971806600","2.86082"
"1971806600","2091012239","1.02427"
"2091012239","1971806600","1.02427"
"1971806600","2159085496","0.999294"
"2159085496","1971806600","0.999294"
"1971806600","2166624324","0.460603"
"2166624324","1971806600","0.460603"
"1971806600","2167956717","1.0231"
"2167956717","1971806600","1.0231"
"1977848225","1980649419","1.33123"
"1980649419","1977848225","1.33123"
"1977848225","2022501110","0.761844"
"2022501110","1977848225","0.761844"
"1977848225","2045928315","2.74277"
"2045928315","1977848225","2.74277"
"1977848225","2068447118","1.63444"
"2068447118","1977848225","1.63444"
"1977848225","2068719613","0.35013"
"2068719613","1977848225","0.35013"
"1977848225","2091012239","1.52333"
"2091012239","1977848225","1.52333"
"1977848225","2159085496","1.28956"
"2159085496","1977848225","1.28956"
"1977848225","2166624324","1.20966"
"2166624324","1977848225","1.20966"
"1977848225","2167956717","1.17097"
"2167956717","1977848225","1.17097"
"1980649419","1986789518","2.13678"
"1986789518","1980649419","2.13678"
"1980649419","1994290541","1.31911"
"1994290541","1980649419","1.31911"
"1980649419","1997919781","1.20623"
"1997919781","1980649419","1.20623"
"1980649419","2011130689","1.31911"
"2011130689","1980649419","1.31911"
"1980649419","2022501110","1.50788"
"2022501110","1980649419","1.50788"
"1980649419","2041984268","1.08571"
"2041984268","1980649419","1.08571"
"1980649419","2045928315","1.28123"
"2045928315","1980649419","1.28123"
"1980649419","2068447118","9.35623"
"2068447118","1980649419","9.35623"
"1980649419","2068719613","0.35013"
"2068719613","1980649419","0.35013"
"1980649419","2091012239","1.09512"
"2091012239","1980649419","1.09512"
"1980649419","2159085496","4.18956"
"2159085496","1980649419","4.18956"
"1980649419","2166624324","0.955693"
"2166624324","1980649419","0.955693"
"1980649419","2167956717","1.33764"
"2167956717","1980649419","1.33764"
"1986789518","2022501110","1.9566"
"2022501110","1986789518","1.9566"
"1986789518","2045928315","8.94515"
"2045928315","1986789518","8.94515"
"1986789518","2068447118","3.34629"
"2068447118","1986789518","3.34629"
"1986789518","2068719613","1.01913"
"2068719613","1986789518","1.01913"
"1986789518","2091012239","3.38872"
"2091012239","1986789518","3.38872"
"1986789518","2159085496","1.52333"
"2159085496","1986789518","1.52333"
"1986789518","2166624324","4.2223"
"2166624324","1986789518","4.2223"
"1986789518","2167956717","3.03605"
"2167956717","1986789518","3.03605"
"1994290541","2022501110","0.908031"
"2022501110","1994290541","0.908031"
"1994290541","2045928315","2.05843"
"2045928315","1994290541","2.05843"
"1994290541","2068447118","2.32626"
"2068447118","1994290541","2.32626"
"1994290541","2068719613","0.684629"
"2068719613","1994290541","0.684629"
"1994290541","2091012239","1.90563"
"2091012239","1994290541","1.90563"
"1994290541","2159085496","1.85684"
"2159085496","1994290541","1.85684"
"1994290541","2166624324","0.973273"
"2166624324","1994290541","0.973273"
"1994290541","2167956717","0.875516"
"2167956717","1994290541","0.875516"
"1997919781","2011130689","1.93535"
"2011130689","1997919781","1.93535"
"1997919781","2022501110","0.9221"
"2022501110","1997919781","0.9221"
"1997919781","2045928315","2.51222"
"2045928315","1997919781","2.51222"
"1997919781","2068447118","3.67291"
"2068447118","1997919781","3.67291"
"1997919781","2068719613","0.517962"
"2068719613","1997919781","0.517962"
"1997919781","2091012239","2.32803"
"2091012239","1997919781","2.32803"
"1997919781","2159085496","1.50186"
"2159085496","1997919781","1.50186"
"1997919781","2166624324","1.69492"
"2166624324","1997919781","1.69492"
"1997919781","2167956717","1.04597"
"2167956717","1997919781","1.04597"
"2011130689","2022501110","0.908031"
"2022501110","2011130689","0.908031"
"2011130689","2045928315","1.80843"
"2045928315","2011130689","1.80843"
"2011130689","2068447118","2.32626"
"2068447118","2011130689","2.32626"
"2011130689","2068719613","0.684629"
"2068719613","2011130689","0.684629"
"2011130689","2091012239","1.90563"
"2091012239","2011130689","1.90563"
"2011130689","2159085496","1.85684"
"2159085496","2011130689","1.85684"
"2011130689","2166624324","0.973273"
"2166624324","2011130689","0.973273"
"2011130689","2167956717","0.875516"
"2167956717","2011130689","0.875516"
"2022501110","2041984268","1.13212"
"2041984268","2022501110","1.13212"
"2022501110","2045928315","0.845177"
"2045928315","2022501110","0.845177"
"2022501110","2068447118","1.37327"
"2068447118","2022501110","1.37327"
"2022501110","2068719613","1.19905"
"2068719613","2022501110","1.19905"
"2022501110","2091012239","1.08993"
"2091012239","2022501110","1.08993"
"2022501110","2159085496","0.765451"
"2159085496","2022501110","0.765451"
"2022501110","2166624324","0.838767"
"2166624324","2022501110","0.838767"
"2022501110","2167956717","0.507876"
"2167956717","2022501110","0.507876"
"2041984268","2045928315","1.9044"
"2045928315","2041984268","1.9044"
"2041984268","2068447118","2.48249"
"2068447118","2041984268","2.48249"
"2041984268","2068719613","1.21989"
"2068719613","2041984268","1.21989"
"2041984268","2091012239","1.87971"
"2091012239","2041984268","1.87971"
"2041984268","2159085496","2.3294"
"2159085496","2041984268","2.3294"
"2041984268","2166624324","0.82877"
"2166624324","2041984268","0.82877"
"2041984268","2167956717","0.842125"
"2167956717","2041984268","0.842125"
"2045928315","2068447118","1.77888"
"2068447118","2045928315","1.77888"
"2045928315","2068719613","0.35013"
"2068719613","2045928315","0.35013"
"2045928315","2091012239","2.0011"
"2091012239","2045928315","2.0011"
"2045928315","2159085496","1.57686"
"2159085496","2045928315","1.57686"
"2045928315","2166624324","1.74299"
"2166624324","2045928315","1.74299"
"2045928315","2167956717","1.59716"
"2167956717","2045928315","1.59716"
"2068447118","2068719613","1.41199"
"2068719613","2068447118","1.41199"
"2068447118","2091012239","2.99586"
"2091012239","2068447118","2.99586"
"2068447118","2159085496","5.0523"
"2159085496","2068447118","5.0523"
"2068447118","2166624324","1.83777"
"2166624324","2068447118","1.83777"
"2068447118","2167956717","1.21264"
"2167956717","2068447118","1.21264"
"2068719613","2091012239","0.761552"
"2091012239","2068719613","0.761552"
"2068719613","2159085496","1.00056"
"2159085496","2068719613","1.00056"
"2068719613","2166624324","0.28122"
"2166624324","2068719613","0.28122"
"2068719613","2167956717","0.266797"
"2167956717","2068719613","0.266797"
"2091012239","2159085496","1.3388"
"2159085496","2091012239","1.3388"
"2091012239","2166624324","1.83777"
"2166624324","2091012239","1.83777"
"2091012239","2167956717","0.93486"
"2167956717","2091012239","0.93486"
"2159085496","2166624324","0.955693"
"2166624324","2159085496","0.955693"
"2159085496","2167956717","1.21264"
"2167956717","2159085496","1.21264"
"2166624324","2167956717","0.87236"
"2167956717","2166624324","0.87236"
"1510148020","1991249762","0.634343"
"1991249762","1510148020","0.634343"
"1510148020","2010780779","1.2"
"2010780779","1510148020","1.2"
"1510148020","2041361017","0.2"
"2041361017","1510148020","0.2"
"1510148020","2239411052","0.2"
"2239411052","1510148020","0.2"
"1510148020","2949688431","0.2"
"2949688431","1510148020","0.2"
"1991249762","2010780779","0.2"
"2010780779","1991249762","0.2"
"1991249762","2041361017","0.7"
"2041361017","1991249762","0.7"
"1991249762","2239411052","0.2"
"2239411052","1991249762","0.2"
"1991249762","2949688431","0.7"
"2949688431","1991249762","0.7"
"2010780779","2041361017","4.80952"
"2041361017","2010780779","4.80952"
"2010780779","2239411052","4.91667"
"2239411052","2010780779","4.91667"
"2010780779","2949688431","4.30952"
"2949688431","2010780779","4.30952"
"2041361017","2239411052","5.603"
"2239411052","2041361017","5.603"
"2041361017","2949688431","12.0792"
"2949688431","2041361017","12.0792"
"2239411052","2949688431","5.103"
"2949688431","2239411052","5.103"
"1510148020","2043354831","0.75"
"2043354831","1510148020","0.75"
"1510148020","2952641978","0.75"
"2952641978","1510148020","0.75"
"2043354831","2952641978","20.2"
"2952641978","2043354831","20.2"
"1510148020","2038326601","0.10101"
"2038326601","1510148020","0.10101"
"1510148020","2058817992","0.153642"
"2058817992","1510148020","0.153642"
"1510148020","2140215983","0.10101"
"2140215983","1510148020","0.10101"
"1594296362","1991249762","0.611217"
"1991249762","1594296362","0.611217"
"1594296362","2038326601","0.267677"
"2038326601","1594296362","0.267677"
"1594296362","2058817992","0.750353"
"2058817992","1594296362","0.750353"
"1594296362","2140215983","0.744551"
"2140215983","1594296362","0.744551"
"1977848225","2038326601","0.10101"
"2038326601","1977848225","0.10101"
"1977848225","2058817992","0.700786"
"2058817992","1977848225","0.700786"
"1977848225","2140215983","0.313898"
"2140215983","1977848225","0.313898"
"1980649419","1991249762","1.72223"
"1991249762","1980649419","1.72223"
"1980649419","2038326601","0.184343"
"2038326601","1980649419","0.184343"
"1980649419","2058817992","0.66702"
"2058817992","1980649419","0.66702"
"1980649419","2140215983","0.647231"
"2140215983","1980649419","0.647231"
"1986789518","2038326601","0.177933"
"2038326601","1986789518","0.177933"
"1986789518","2058817992","3.02887"
"2058817992","1986789518","3.02887"
"1986789518","2140215983","0.989306"
"2140215983","1986789518","0.989306"
"1991249762","2038326601","0.177933"
"2038326601","1991249762","0.177933"
"1991249762","2045928315","0.555565"
"2045928315","1991249762","0.555565"
"1991249762","2058817992","0.307488"
"2058817992","1991249762","0.307488"
"1991249762","2068447118","0.765064"
"2068447118","1991249762","0.765064"
"1991249762","2091012239","0.398397"
"2091012239","1991249762","0.398397"
"1991249762","2140215983","0.398397"
"2140215983","1991249762","0.398397"
"1991249762","2159085496","0.813141"
"2159085496","1991249762","0.813141"
"1991249762","2166624324","0.278642"
"2166624324","1991249762","0.278642"
"1991249762","2167956717","0.445308"
"2167956717","1991249762","0.445308"
"1994290541","2038326601","0.267677"
"2038326601","1994290541","0.267677"
"1994290541","2058817992","1.11104"
"2058817992","1994290541","1.11104"
"1994290541","2140215983","1.15481"
"2140215983","1994290541","1.15481"
"1997919781","2038326601","0.10101"
"2038326601","1997919781","0.10101"
"1997919781","2058817992","0.809094"
"2058817992","1997919781","0.809094"
"1997919781","2140215983","0.404807"
"2140215983","1997919781","0.404807"
"2011130689","2038326601","0.267677"
"2038326601","2011130689","0.267677"
"2011130689","2058817992","0.861042"
"2058817992","2011130689","0.861042"
"2011130689","2140215983","0.904807"
"2140215983","2011130689","0.904807"
"2038326601","2041984268","0.4696"
"2041984268","2038326601","0.4696"
"2038326601","2045928315","0.10101"
"2045928315","2038326601","0.10101"
"2038326601","2058817992","0.302933"
"2058817992","2038326601","0.302933"
"2038326601","2068447118","0.737457"
"2068447118","2038326601","0.737457"
"2038326601","2091012239","0.177933"
"2091012239","2038326601","0.177933"
"2038326601","2140215983","6.10412"
"2140215983","2038326601","6.10412"
"2038326601","2159085496","0.660534"
"2159085496","2038326601","0.660534"
"2038326601","2166624324","0.10101"
"2166624324","2038326601","0.10101"
"2038326601","2167956717","0.10101"
"2167956717","2038326601","0.10101"
"2041984268","2058817992","1.8963"
"2058817992","2041984268","1.8963"
"2041984268","2140215983","0.773397"
"2140215983","2041984268","0.773397"
"2045928315","2058817992","0.641262"
"2058817992","2045928315","0.641262"
"2045928315","2140215983","0.313898"
"2140215983","2045928315","0.313898"
"2058817992","2068447118","1.21102"
"2068447118","2058817992","1.21102"
"2058817992","2091012239","1.12844"
"2091012239","2058817992","1.12844"
"2058817992","2140215983","1.10673"
"2140215983","2058817992","1.10673"
"2058817992","2159085496","1.54202"
"2159085496","2058817992","1.54202"
"2058817992","2166624324","0.40452"
"2166624324","2058817992","0.40452"
"2058817992","2167956717","0.390097"
"2167956717","2058817992","0.390097"
"2068447118","2140215983","1.7155"
"2140215983","2068447118","1.7155"
"2091012239","2140215983","0.815064"
"2140215983","2091012239","0.815064"
"2140215983","2159085496","1.21433"
"2159085496","2140215983","1.21433"
"2140215983","2166624324","0.236975"
"2166624324","2140215983","0.236975"
"2140215983","2167956717","0.153642"
"2167956717","2140215983","0.153642"
"1510148020","2001743633","0.0454545"
"2001743633","1510148020","0.0454545"
"1510148020","2111971349","0.0454545"
"2111971349","1510148020","0.0454545"
"1510148020","2116138848","0.295455"
"2116138848","1510148020","0.295455"
"1594296362","2001743633","0.212121"
"2001743633","1594296362","0.212121"
"1594296362","2111971349","1.52879"
"2111971349","1594296362","1.52879"
"1594296362","2116138848","0.0454545"
"2116138848","1594296362","0.0454545"
"1977848225","2001743633","0.0454545"
"2001743633","1977848225","0.0454545"
"1977848225","2116138848","0.0454545"
"2116138848","1977848225","0.0454545"
"1980649419","2001743633","0.128788"
"2001743633","1980649419","0.128788"
"1980649419","2111971349","2.36212"
"2111971349","1980649419","2.36212"
"1980649419","2116138848","0.0454545"
"2116138848","1980649419","0.0454545"
"1986789518","2001743633","0.789044"
"2001743633","1986789518","0.789044"
"1986789518","2116138848","1.4899"
"2116138848","1986789518","1.4899"
"1991249762","2001743633","0.122378"
"2001743633","1991249762","0.122378"
"1991249762","2022501110","0.265918"
"2022501110","1991249762","0.265918"
"1991249762","2116138848","0.245455"
"2116138848","1991249762","0.245455"
"1994290541","2001743633","0.462121"
"2001743633","1994290541","0.462121"
"1994290541","2116138848","0.356566"
"2116138848","1994290541","0.356566"
"1997919781","2001743633","0.0454545"
"2001743633","1997919781","0.0454545"
"1997919781","2116138848","0.356566"
"2116138848","1997919781","0.356566"
"2001743633","2011130689","0.212121"
"2011130689","2001743633","0.212121"
"2001743633","2022501110","0.205711"
"2022501110","2001743633","0.205711"
"2001743633","2038326601","0.881901"
"2038326601","2001743633","0.881901"
"2001743633","2041984268","0.414044"
"2041984268","2001743633","0.414044"
"2001743633","2045928315","0.0454545"
"2045928315","2001743633","0.0454545"
"2001743633","2058817992","0.664044"
"2058817992","2001743633","0.664044"
"2001743633","2068447118","0.681901"
"2068447118","2001743633","0.681901"
"2001743633","2091012239","0.122378"
"2091012239","2001743633","0.122378"
"2001743633","2111971349","0.0454545"
"2111971349","2001743633","0.0454545"
"2001743633","2116138848","0.0454545"
"2116138848","2001743633","0.0454545"
"2001743633","2140215983","2.46523"
"2140215983","2001743633","2.46523"
"2001743633","2159085496","0.604978"
"2159085496","2001743633","0.604978"
"2001743633","2166624324","0.0454545"
"2166624324","2001743633","0.0454545"
"2001743633","2167956717","0.0454545"
"2167956717","2001743633","0.0454545"
"2011130689","2116138848","0.356566"
"2116138848","2011130689","0.356566"
"2022501110","2038326601","0.205711"
"2038326601","2022501110","0.205711"
"2022501110","2058817992","0.613387"
"2058817992","2022501110","0.613387"
"2022501110","2111971349","0.0454545"
"2111971349","2022501110","0.0454545"
"2022501110","2116138848","0.545455"
"2116138848","2022501110","0.545455"
"2022501110","2140215983","0.349252"
"2140215983","2022501110","0.349252"
"2038326601","2111971349","0.0454545"
"2111971349","2038326601","0.0454545"
"2038326601","2116138848","0.0454545"
"2116138848","2038326601","0.0454545"
"2041984268","2116138848","0.156566"
"2116138848","2041984268","0.156566"
"2045928315","2111971349","0.0454545"
"2111971349","2045928315","0.0454545"
"2045928315","2116138848","0.356566"
"2116138848","2045928315","0.356566"
"2058817992","2111971349","0.245455"
"2111971349","2058817992","0.245455"
"2058817992","2116138848","0.0454545"
"2116138848","2058817992","0.0454545"
"2068447118","2111971349","2.36212"
"2111971349","2068447118","2.36212"
"2068447118","2116138848","0.489899"
"2116138848","2068447118","0.489899"
"2091012239","2111971349","0.0454545"
"2111971349","2091012239","0.0454545"
"2091012239","2116138848","0.406566"
"2116138848","2091012239","0.406566"
"2111971349","2116138848","0.0454545"
"2116138848","2111971349","0.0454545"
"2111971349","2140215983","0.0454545"
"2140215983","2111971349","0.0454545"
"2111971349","2159085496","1.19545"
"2159085496","2111971349","1.19545"
"2111971349","2166624324","0.0454545"
"2166624324","2111971349","0.0454545"
"2111971349","2167956717","0.212121"
"2167956717","2111971349","0.212121"
"2116138848","2140215983","0.378788"
"2140215983","2116138848","0.378788"
"2116138848","2159085496","0.156566"
"2159085496","2116138848","0.156566"
"2116138848","2166624324","0.0454545"
"2166624324","2116138848","0.0454545"
"2116138848","2167956717","0.0454545"
"2167956717","2116138848","0.0454545"
"1510148020","1973236871","0.0526316"
"1973236871","1510148020","0.0526316"
"1594296362","1973236871","0.0980861"
"1973236871","1594296362","0.0980861"
"1971806600","2058817992","0.881862"
"2058817992","1971806600","0.881862"
"1973236871","1980649419","0.0980861"
"1980649419","1973236871","0.0980861"
"1973236871","2022501110","0.0980861"
"2022501110","1973236871","0.0980861"
"1973236871","2045928315","0.240943"
"2045928315","1973236871","0.240943"
"1973236871","2058817992","0.195489"
"2058817992","1973236871","0.195489"
"1973236871","2068447118","0.0980861"
"2068447118","1973236871","0.0980861"
"1973236871","2068719613","0.0526316"
"2068719613","1973236871","0.0526316"
"1973236871","2091012239","0.0980861"
"2091012239","1973236871","0.0980861"
"1973236871","2159085496","0.0980861"
"2159085496","1973236871","0.0980861"
"1973236871","2166624324","0.298086"
"2166624324","1973236871","0.298086"
"1973236871","2167956717","0.740943"
"2167956717","1973236871","0.740943"
"2058817992","2068719613","0.704185"
"2068719613","2058817992","0.704185"
"2043354831","2091012239","0.25"
"2091012239","2043354831","0.25"
"2043354831","2116138848","0.25"
"2116138848","2043354831","0.25"
"2091012239","2952641978","0.25"
"2952641978","2091012239","0.25"
"2116138848","2952641978","0.25"
"2952641978","2116138848","0.25"
"1510851260","2036959307","1.33333"
"2036959307","1510851260","1.33333"
"1510851260","1982177147","1.58333"
"1982177147","1510851260","1.58333"
"1510851260","2001743633","0.416667"
"2001743633","1510851260","0.416667"
"1510851260","2121041488","1.58333"
"2121041488","1510851260","1.58333"
"1510851260","2227052561","1.41667"
"2227052561","1510851260","1.41667"
"1982177147","2001743633","1.11667"
"2001743633","1982177147","1.11667"
"2001743633","2121041488","1.61667"
"2121041488","2001743633","1.61667"
"2001743633","2227052561","0.75"
"2227052561","2001743633","0.75"
"1510851260","1586832667","0.333333"
"1586832667","1510851260","0.333333"
"1510851260","2403011110","0.333333"
"2403011110","1510851260","0.333333"
"1586832667","1982177147","0.833333"
"1982177147","1586832667","0.833333"
"1586832667","2001743633","0.166667"
"2001743633","1586832667","0.166667"
"1586832667","2036959307","1.16667"
"2036959307","1586832667","1.16667"
"1586832667","2121041488","0.833333"
"2121041488","1586832667","0.833333"
"1586832667","2403011110","8.66667"
"2403011110","1586832667","8.66667"
"1982177147","2036959307","1.53333"
"2036959307","1982177147","1.53333"
"1982177147","2403011110","0.833333"
"2403011110","1982177147","0.833333"
"2001743633","2036959307","0.366667"
"2036959307","2001743633","0.366667"
"2001743633","2403011110","0.166667"
"2403011110","2001743633","0.166667"
"2036959307","2121041488","1.53333"
"2121041488","2036959307","1.53333"
"2036959307","2403011110","6.33333"
"2403011110","2036959307","6.33333"
"2121041488","2403011110","0.833333"
"2403011110","2121041488","0.833333"
"1586832667","2227052561","0.5"
"2227052561","1586832667","0.5"
"2036959307","2227052561","3"
"2227052561","2036959307","3"
"2227052561","2403011110","0.5"
"2403011110","2227052561","0.5"
"1521628290","1643569732","0.25"
"1643569732","1521628290","0.25"
"1521628290","2041361017","0.25"
"2041361017","1521628290","0.25"
"1521628290","2239411052","0.25"
"2239411052","1521628290","0.25"
"1521628290","2949688431","0.25"
"2949688431","1521628290","0.25"
"1643569732","2041361017","0.293478"
"2041361017","1643569732","0.293478"
"1643569732","2239411052","0.293478"
"2239411052","1643569732","0.293478"
"1643569732","2949688431","0.293478"
"2949688431","1643569732","0.293478"
"1521628290","1584327673","7.50952"
"1584327673","1521628290","7.50952"
"1521628290","1982177147","0.809524"
"1982177147","1521628290","0.809524"
"1521628290","2114054421","2.25952"
"2114054421","1521628290","2.25952"
"1982177147","2114054421","0.809524"
"2114054421","1982177147","0.809524"
"1521628290","1908699674","0.309524"
"1908699674","1521628290","0.309524"
"1521628290","2111607365","0.509524"
"2111607365","1521628290","0.509524"
"1521628290","2121041488","0.309524"
"2121041488","1521628290","0.309524"
"1584327673","1908699674","0.509524"
"1908699674","1584327673","0.509524"
"1584327673","2111607365","2.45952"
"2111607365","1584327673","2.45952"
"1584327673","2114054421","3.45952"
"2114054421","1584327673","3.45952"
"1908699674","1982177147","0.309524"
"1982177147","1908699674","0.309524"
"1908699674","2114054421","2.00952"
"2114054421","1908699674","2.00952"
"1908699674","2121041488","0.309524"
"2121041488","1908699674","0.309524"
"1982177147","2111607365","0.309524"
"2111607365","1982177147","0.309524"
"2111607365","2114054421","3.95952"
"2114054421","2111607365","3.95952"
"2111607365","2121041488","0.309524"
"2121041488","2111607365","0.309524"
"2114054421","2121041488","0.309524"
"2121041488","2114054421","0.309524"
"1521628290","2100986433","0.5"
"2100986433","1521628290","0.5"
"1521628290","2119367950","0.5"
"2119367950","1521628290","0.5"
"2100986433","2119367950","19.7833"
"2119367950","2100986433","19.7833"
"1521628290","2016057533","0.25"
"2016057533","1521628290","0.25"
"1521628290","2043354831","0.592857"
"2043354831","1521628290","0.592857"
"1521628290","2952641978","0.45"
"2952641978","1521628290","0.45"
"2016057533","2043354831","4.18333"
"2043354831","2016057533","4.18333"
"2016057533","2952641978","2.68333"
"2952641978","2016057533","2.68333"
"2043354831","2114054421","1.54286"
"2114054421","2043354831","1.54286"
"2114054421","2952641978","0.9"
"2952641978","2114054421","0.9"
"1584327673","2043354831","0.792857"
"2043354831","1584327673","0.792857"
"1908699674","2043354831","0.842857"
"2043354831","1908699674","0.842857"
"1982177147","2043354831","0.342857"
"2043354831","1982177147","0.342857"
"2043354831","2111607365","0.792857"
"2111607365","2043354831","0.792857"
"2043354831","2121041488","0.342857"
"2121041488","2043354831","0.342857"
"1521628290","2044220375","1"
"2044220375","1521628290","1"
"1521628290","2473504043","1"
"2473504043","1521628290","1"
"2044220375","2473504043","32.5667"
"2473504043","2044220375","32.5667"
"1584327673","2952641978","0.65"
"2952641978","1584327673","0.65"
"2111607365","2952641978","0.65"
"2952641978","2111607365","0.65"
"1534573227","1552695456","1.05"
"1552695456","1534573227","1.05"
"1534573227","1983009321","1.05"
"1983009321","1534573227","1.05"
"1534573227","2166065574","1.05"
