"1496156099","1983094331","0.142857"
"1983094331","1496156099","0.142857"
"1496156099","2066407644","1.63452"
"2066407644","1496156099","1.63452"
"1496156099","2110610722","1.67619"
"2110610722","1496156099","1.67619"
"1496156099","2151912509","0.267857"
"2151912509","1496156099","0.267857"
"1496156099","2153531471","0.142857"
"2153531471","1496156099","0.142857"
"1496156099","2159255950","0.267857"
"2159255950","1496156099","0.267857"
"1496156099","2163093260","3.55119"
"2163093260","1496156099","3.55119"
"1983094331","2066407644","0.142857"
"2066407644","1983094331","0.142857"
"1983094331","2110610722","0.142857"
"2110610722","1983094331","0.142857"
"1983094331","2151912509","0.142857"
"2151912509","1983094331","0.142857"
"1983094331","2153531471","0.142857"
"2153531471","1983094331","0.142857"
"1983094331","2159255950","0.142857"
"2159255950","1983094331","0.142857"
"1983094331","2163093260","0.142857"
"2163093260","1983094331","0.142857"
"2066407644","2110610722","1.09286"
"2110610722","2066407644","1.09286"
"2066407644","2151912509","0.267857"
"2151912509","2066407644","0.267857"
"2066407644","2153531471","1.14286"
"2153531471","2066407644","1.14286"
"2066407644","2159255950","0.267857"
"2159255950","2066407644","0.267857"
"2066407644","2163093260","2.96786"
"2163093260","2066407644","2.96786"
"2110610722","2151912509","0.72619"
"2151912509","2110610722","0.72619"
"2110610722","2153531471","0.142857"
"2153531471","2110610722","0.142857"
"2110610722","2159255950","0.392857"
"2159255950","2110610722","0.392857"
"2110610722","2163093260","5.04286"
"2163093260","2110610722","5.04286"
"2151912509","2153531471","0.142857"
"2153531471","2151912509","0.142857"
"2151912509","2159255950","0.517857"
"2159255950","2151912509","0.517857"
"2151912509","2163093260","0.517857"
"2163093260","2151912509","0.517857"
"2153531471","2159255950","0.392857"
"2159255950","2153531471","0.392857"
"2153531471","2163093260","0.392857"
"2163093260","2153531471","0.392857"
"2159255950","2163093260","0.767857"
"2163093260","2159255950","0.767857"
"1496156099","1767402579","0.741667"
"1767402579","1496156099","0.741667"
"1496156099","2018758714","0.875"
"2018758714","1496156099","0.875"
"1496156099","2159792194","0.366667"
"2159792194","1496156099","0.366667"
"1767402579","2018758714","0.741667"
"2018758714","1767402579","0.741667"
"1767402579","2066407644","1.075"
"2066407644","1767402579","1.075"
"1767402579","2110610722","0.9"
"2110610722","1767402579","0.9"
"1767402579","2159792194","0.566667"
"2159792194","1767402579","0.566667"
"1767402579","2163093260","1.275"
"2163093260","1767402579","1.275"
"2018758714","2066407644","0.791667"
"2066407644","2018758714","0.791667"
"2018758714","2110610722","3.28333"
"2110610722","2018758714","3.28333"
"2018758714","2159792194","2.36667"
"2159792194","2018758714","2.36667"
"2018758714","2163093260","3.65833"
"2163093260","2018758714","3.65833"
"2066407644","2159792194","0.366667"
"2159792194","2066407644","0.366667"
"2110610722","2159792194","0.566667"
"2159792194","2110610722","0.566667"
"2159792194","2163093260","0.816667"
"2163093260","2159792194","0.816667"
"1496156099","1575097497","0.25"
"1575097497","1496156099","0.25"
"1496156099","1989215876","0.25"
"1989215876","1496156099","0.25"
"1496156099","20290297","0.25"
"20290297","1496156099","0.25"
"1575097497","1989215876","0.25"
"1989215876","1575097497","0.25"
"1575097497","20290297","0.25"
"20290297","1575097497","0.25"
"1575097497","2066407644","0.75"
"2066407644","1575097497","0.75"
"1989215876","20290297","2.75"
"20290297","1989215876","2.75"
"1989215876","2066407644","0.25"
"2066407644","1989215876","0.25"
"20290297","2066407644","0.25"
"2066407644","20290297","0.25"
"1496156099","2003535362","0.125"
"2003535362","1496156099","0.125"
"1496156099","2107342726","0.125"
"2107342726","1496156099","0.125"
"1767402579","2003535362","0.125"
"2003535362","1767402579","0.125"
"1767402579","2107342726","0.125"
"2107342726","1767402579","0.125"
"1767402579","2151912509","0.125"
"2151912509","1767402579","0.125"
"1767402579","2159255950","0.125"
"2159255950","1767402579","0.125"
"2003535362","2018758714","0.125"
"2018758714","2003535362","0.125"
"2003535362","2066407644","0.125"
"2066407644","2003535362","0.125"
"2003535362","2107342726","0.125"
"2107342726","2003535362","0.125"
"2003535362","2151912509","15.825"
"2151912509","2003535362","15.825"
"2003535362","2159255950","0.125"
"2159255950","2003535362","0.125"
"2003535362","2163093260","0.125"
"2163093260","2003535362","0.125"
"2018758714","2107342726","0.125"
"2107342726","2018758714","0.125"
"2018758714","2151912509","0.125"
"2151912509","2018758714","0.125"
"2018758714","2159255950","0.125"
"2159255950","2018758714","0.125"
"2066407644","2107342726","0.125"
"2107342726","2066407644","0.125"
"2107342726","2151912509","0.125"
"2151912509","2107342726","0.125"
"2107342726","2159255950","3.70833"
"2159255950","2107342726","3.70833"
"2107342726","2163093260","0.375"
"2163093260","2107342726","0.375"
"1496156099","2161784850","0.333333"
"2161784850","1496156099","0.333333"
"2110610722","2161784850","1.36667"
"2161784850","2110610722","1.36667"
"2161784850","2163093260","1.36667"
"2163093260","2161784850","1.36667"
"1525091459","2039712094","1.16667"
"2039712094","1525091459","1.16667"
"1525091459","2131760692","6.66667"
"2131760692","1525091459","6.66667"
"1525091459","2159255950","1.83333"
"2159255950","1525091459","1.83333"
"2039712094","2131760692","1"
"2131760692","2039712094","1"
"2039712094","2159255950","1.16667"
"2159255950","2039712094","1.16667"
"2131760692","2159255950","1.66667"
"2159255950","2131760692","1.66667"
"1525091459","2107342726","0.333333"
"2107342726","1525091459","0.333333"
"2039712094","2107342726","0.666667"
"2107342726","2039712094","0.666667"
"2107342726","2131760692","0.666667"
"2131760692","2107342726","0.666667"
"1575097497","2151912509","1"
"2151912509","1575097497","1"
"1575097497","1767402579","1"
"1767402579","1575097497","1"
"1575097497","2160918318","0.5"
"2160918318","1575097497","0.5"
"2066407644","2160918318","0.5"
"2160918318","2066407644","0.5"
"1767402579","2161784850","0.2"
"2161784850","1767402579","0.2"
"2018758714","2161784850","0.783333"
"2161784850","2018758714","0.783333"
"2159792194","2161784850","0.2"
"2161784850","2159792194","0.2"
"1864010644","2153257312","2"
"2153257312","1864010644","2"
"1966540900","2105113802","16.1167"
"2105113802","1966540900","16.1167"
"1966540900","2145067130","7.78333"
"2145067130","1966540900","7.78333"
"2105113802","2145067130","8.28333"
"2145067130","2105113802","8.28333"
"1966540900","2114584188","0.75"
"2114584188","1966540900","0.75"
"2114584188","2145067130","0.75"
"2145067130","2114584188","0.75"
"1966540900","2149945082","2.03333"
"2149945082","1966540900","2.03333"
"2105113802","2149945082","1.03333"
"2149945082","2105113802","1.03333"
"2145067130","2149945082","0.533333"
"2149945082","2145067130","0.533333"
"1966540900","2160918318","0.25"
"2160918318","1966540900","0.25"
"2105113802","2114584188","0.25"
"2114584188","2105113802","0.25"
"2105113802","2160918318","0.25"
"2160918318","2105113802","0.25"
"2114584188","2160918318","2.25"
"2160918318","2114584188","2.25"
"2145067130","2160918318","0.25"
"2160918318","2145067130","0.25"
"1966540900","2003535362","0.2"
"2003535362","1966540900","0.2"
"1966540900","2151912509","0.533333"
"2151912509","1966540900","0.533333"
"2003535362","2105113802","0.2"
"2105113802","2003535362","0.2"
"2003535362","2145067130","1.2"
"2145067130","2003535362","1.2"
"2003535362","2149945082","0.2"
"2149945082","2003535362","0.2"
"2105113802","2151912509","0.533333"
"2151912509","2105113802","0.533333"
"2145067130","2151912509","0.2"
"2151912509","2145067130","0.2"
"2149945082","2151912509","0.2"
"2151912509","2149945082","0.2"
"1966540900","2110610722","0.333333"
"2110610722","1966540900","0.333333"
"2105113802","2110610722","0.333333"
"2110610722","2105113802","0.333333"
"1966540900","2026102093","1"
"2026102093","1966540900","1"
"1983094331","2039712094","3.58333"
"2039712094","1983094331","3.58333"
"1983094331","2026102093","2.25"
"2026102093","1983094331","2.25"
"1983094331","2028716971","1.58333"
"2028716971","1983094331","1.58333"
"1983094331","2033523472","1.75"
"2033523472","1983094331","1.75"
"1983094331","325915808","0.833333"
"325915808","1983094331","0.833333"
"2026102093","2028716971","3.08333"
"2028716971","2026102093","3.08333"
"2026102093","2033523472","3.08333"
"2033523472","2026102093","3.08333"
"2026102093","325915808","0.833333"
"325915808","2026102093","0.833333"
"2028716971","2033523472","3.58333"
"2033523472","2028716971","3.58333"
"2028716971","325915808","5.66667"
"325915808","2028716971","5.66667"
"2033523472","325915808","2.66667"
"325915808","2033523472","2.66667"
"2028716971","2039712094","0.583333"
"2039712094","2028716971","0.583333"
"2039712094","325915808","0.333333"
"325915808","2039712094","0.333333"
"2026102093","2039712094","0.25"
"2039712094","2026102093","0.25"
"2033523472","2039712094","0.25"
"2039712094","2033523472","0.25"
"1989215876","2039712094","2"
"2039712094","1989215876","2"
"1989215876","2066375217","0.833333"
"2066375217","1989215876","0.833333"
"20290297","2066375217","0.5"
"2066375217","20290297","0.5"
"1989215876","2033523472","0.333333"
"2033523472","1989215876","0.333333"
"1989215876","325915808","0.333333"
"325915808","1989215876","0.333333"
"2033523472","2066375217","0.333333"
"2066375217","2033523472","0.333333"
"2066375217","325915808","0.333333"
"325915808","2066375217","0.333333"
"2003535362","2026102093","2.5"
"2026102093","2003535362","2.5"
"2026102093","2151912509","2.5"
"2151912509","2026102093","2.5"
"2003535362","2114584188","1"
"2114584188","2003535362","1"
"2066407644","2161784850","0.25"
"2161784850","2066407644","0.25"
"2026102093","2118499545","0.5"
"2118499545","2026102093","0.5"
"2028716971","2118499545","0.5"
"2118499545","2028716971","0.5"
"20290297","325915808","1"
"325915808","20290297","1"
"2039712094","2564010096","1"
"2564010096","2039712094","1"
"2102243112","2169458905","2"
"2169458905","2102243112","2"
"2102243112","2153257312","0.5"
"2153257312","2102243112","0.5"
"2102243112","2248182989","0.5"
"2248182989","2102243112","0.5"
"2153257312","2248182989","1.5"
"2248182989","2153257312","1.5"
"2107342726","2153531471","0.25"
"2153531471","2107342726","0.25"
"2107342726","2159792194","0.25"
"2159792194","2107342726","0.25"
"2153531471","2159792194","0.25"
"2159792194","2153531471","0.25"
"2159255950","2159792194","0.25"
"2159792194","2159255950","0.25"
"2151912509","2161784850","0.25"
"2161784850","2151912509","0.25"
"2159255950","2161784850","0.25"
"2161784850","2159255950","0.25"
