"1235505736","1554084683","8.66667"
"1554084683","1235505736","8.66667"
"1235505736","2048811179","4.16667"
"2048811179","1235505736","4.16667"
"1235505736","2119474495","0.666667"
"2119474495","1235505736","0.666667"
"1554084683","2048811179","2.16667"
"2048811179","1554084683","2.16667"
"1554084683","2119474495","0.666667"
"2119474495","1554084683","0.666667"
"2048811179","2119474495","4.73333"
"2119474495","2048811179","4.73333"
"1235505736","176772690","0.5"
"176772690","1235505736","0.5"
"1235505736","1983624486","0.5"
"1983624486","1235505736","0.5"
"176772690","1983624486","7.25"
"1983624486","176772690","7.25"
"1235505736","2157612502","0.5"
"2157612502","1235505736","0.5"
"1554084683","2157612502","0.5"
"2157612502","1554084683","0.5"
"126359988","2000929836","2.5"
"2000929836","126359988","2.5"
"126359988","2104035110","0.5"
"2104035110","126359988","0.5"
"2000929836","2104035110","0.5"
"2104035110","2000929836","0.5"
"138222285","2161967936","8.59286"
"2161967936","138222285","8.59286"
"138222285","46974951","1.45"
"46974951","138222285","1.45"
"2161967936","46974951","2.76111"
"46974951","2161967936","2.76111"
"138222285","1884593673","0.142857"
"1884593673","138222285","0.142857"
"138222285","2042875222","0.142857"
"2042875222","138222285","0.142857"
"138222285","2067349567","0.142857"
"2067349567","138222285","0.142857"
"138222285","2129416325","0.142857"
"2129416325","138222285","0.142857"
"138222285","2205016933","0.142857"
"2205016933","138222285","0.142857"
"138222285","86840753","0.142857"
"86840753","138222285","0.142857"
"1884593673","2042875222","0.142857"
"2042875222","1884593673","0.142857"
"1884593673","2067349567","0.142857"
"2067349567","1884593673","0.142857"
"1884593673","2129416325","0.642857"
"2129416325","1884593673","0.642857"
"1884593673","2161967936","0.142857"
"2161967936","1884593673","0.142857"
"1884593673","2205016933","0.142857"
"2205016933","1884593673","0.142857"
"1884593673","86840753","0.709524"
"86840753","1884593673","0.709524"
"2042875222","2067349567","0.334524"
"2067349567","2042875222","0.334524"
"2042875222","2129416325","0.55119"
"2129416325","2042875222","0.55119"
"2042875222","2161967936","0.342857"
"2161967936","2042875222","0.342857"
"2042875222","2205016933","0.209524"
"2205016933","2042875222","0.209524"
"2042875222","86840753","1.45119"
"86840753","2042875222","1.45119"
"2067349567","2129416325","0.142857"
"2129416325","2067349567","0.142857"
"2067349567","2161967936","0.253968"
"2161967936","2067349567","0.253968"
"2067349567","2205016933","0.550433"
"2205016933","2067349567","0.550433"
"2067349567","86840753","0.62619"
"86840753","2067349567","0.62619"
"2129416325","2161967936","0.342857"
"2161967936","2129416325","0.342857"
"2129416325","2205016933","0.142857"
"2205016933","2129416325","0.142857"
"2129416325","86840753","0.92619"
"86840753","2129416325","0.92619"
"2161967936","2205016933","0.142857"
"2205016933","2161967936","0.142857"
"2161967936","86840753","0.542857"
"86840753","2161967936","0.542857"
"2205016933","86840753","0.209524"
"86840753","2205016933","0.209524"
"138222285","1595351737","0.25"
"1595351737","138222285","0.25"
"138222285","2066661589","0.25"
"2066661589","138222285","0.25"
"1595351737","2066661589","0.75"
"2066661589","1595351737","0.75"
"1595351737","2161967936","1.25"
"2161967936","1595351737","1.25"
"1595351737","46974951","0.75"
"46974951","1595351737","0.75"
"2066661589","2161967936","0.75"
"2161967936","2066661589","0.75"
"2066661589","46974951","1.25"
"46974951","2066661589","1.25"
"138222285","1512650735","0.2"
"1512650735","138222285","0.2"
"138222285","1968275812","0.2"
"1968275812","138222285","0.2"
"138222285","2091844916","0.2"
"2091844916","138222285","0.2"
"1512650735","1968275812","5.7"
"1968275812","1512650735","5.7"
"1512650735","2091844916","1.2"
"2091844916","1512650735","1.2"
"1512650735","2161967936","0.2"
"2161967936","1512650735","0.2"
"1512650735","46974951","0.2"
"46974951","1512650735","0.2"
"1968275812","2091844916","0.2"
"2091844916","1968275812","0.2"
"1968275812","2161967936","0.2"
"2161967936","1968275812","0.2"
"1968275812","46974951","0.2"
"46974951","1968275812","0.2"
"2091844916","2161967936","0.2"
"2161967936","2091844916","0.2"
"2091844916","46974951","0.2"
"46974951","2091844916","0.2"
"143079841","1959638021","0.191667"
"1959638021","143079841","0.191667"
"143079841","2008458511","0.125"
"2008458511","143079841","0.125"
"143079841","2017793651","0.358333"
"2017793651","143079841","0.358333"
"143079841","2067349567","0.291667"
"2067349567","143079841","0.291667"
"143079841","2205016933","0.125"
"2205016933","143079841","0.125"
"143079841","2576436989","0.125"
"2576436989","143079841","0.125"
"143079841","2577778794","0.191667"
"2577778794","143079841","0.191667"
"143079841","3027848381","0.316667"
"3027848381","143079841","0.316667"
"1959638021","2008458511","0.282576"
"2008458511","1959638021","0.282576"
"1959638021","2017793651","2.09924"
"2017793651","1959638021","2.09924"
"1959638021","2067349567","0.532576"
"2067349567","1959638021","0.532576"
"1959638021","2205016933","0.607576"
"2205016933","1959638021","0.607576"
"1959638021","2576436989","1.39167"
"2576436989","1959638021","1.39167"
"1959638021","2577778794","2.47424"
"2577778794","1959638021","2.47424"
"1959638021","3027848381","0.282576"
"3027848381","1959638021","0.282576"
"2008458511","2017793651","0.824242"
"2017793651","2008458511","0.824242"
"2008458511","2067349567","0.740909"
"2067349567","2008458511","0.740909"
"2008458511","2205016933","0.282576"
"2205016933","2008458511","0.282576"
"2008458511","2576436989","0.316667"
"2576436989","2008458511","0.316667"
"2008458511","2577778794","1.40758"
"2577778794","2008458511","1.40758"
"2008458511","3027848381","0.215909"
"3027848381","2008458511","0.215909"
"2017793651","2067349567","4.50202"
"2067349567","2017793651","4.50202"
"2017793651","2205016933","0.407576"
"2205016933","2017793651","0.407576"
"2017793651","2576436989","1.81667"
"2576436989","2017793651","1.81667"
"2017793651","2577778794","1.09924"
"2577778794","2017793651","1.09924"
"2017793651","3027848381","0.482576"
"3027848381","2017793651","0.482576"
"2067349567","2576436989","0.316667"
"2576436989","2067349567","0.316667"
"2067349567","2577778794","0.532576"
"2577778794","2067349567","0.532576"
"2067349567","3027848381","0.415909"
"3027848381","2067349567","0.415909"
"2205016933","2576436989","3.05833"
"2576436989","2205016933","3.05833"
"2205016933","2577778794","0.407576"
"2577778794","2205016933","0.407576"
"2205016933","3027848381","0.215909"
"3027848381","2205016933","0.215909"
"2576436989","2577778794","1.15"
"2577778794","2576436989","1.15"
"2576436989","3027848381","1.625"
"3027848381","2576436989","1.625"
"2577778794","3027848381","0.482576"
"3027848381","2577778794","0.482576"
"143079841","86840753","2.06667"
"86840753","143079841","2.06667"
"143079841","1595351737","0.333333"
"1595351737","143079841","0.333333"
"143079841","341451859","0.333333"
"341451859","143079841","0.333333"
"1595351737","341451859","9.33333"
"341451859","1595351737","9.33333"
"1595351737","86840753","0.333333"
"86840753","1595351737","0.333333"
"341451859","86840753","0.833333"
"86840753","341451859","0.833333"
"143079841","2058488904","0.691667"
"2058488904","143079841","0.691667"
"2058488904","86840753","3.34167"
"86840753","2058488904","3.34167"
"143079841","1528645725","0.0666667"
"1528645725","143079841","0.0666667"
"143079841","1845524520","0.316667"
"1845524520","143079841","0.316667"
"143079841","1884593673","0.0666667"
"1884593673","143079841","0.0666667"
"143079841","1980621177","0.233333"
"1980621177","143079841","0.233333"
"143079841","2122321252","0.0666667"
"2122321252","143079841","0.0666667"
"143079841","2137414289","0.191667"
"2137414289","143079841","0.191667"
"143079841","2252949053","0.316667"
"2252949053","143079841","0.316667"
"143079841","2296074254","0.358333"
"2296074254","143079841","0.358333"
"143079841","47420562","0.191667"
"47420562","143079841","0.191667"
"1528645725","1845524520","0.62619"
"1845524520","1528645725","0.62619"
"1528645725","1884593673","0.0666667"
"1884593673","1528645725","0.0666667"
"1528645725","1959638021","0.334524"
"1959638021","1528645725","0.334524"
"1528645725","1980621177","0.191667"
"1980621177","1528645725","0.191667"
"1528645725","2017793651","0.775"
"2017793651","1528645725","0.775"
"1528645725","2058488904","0.15"
"2058488904","1528645725","0.15"
"1528645725","2122321252","0.0666667"
"2122321252","1528645725","0.0666667"
"1528645725","2137414289","0.15"
"2137414289","1528645725","0.15"
"1528645725","2252949053","0.417857"
"2252949053","1528645725","0.417857"
"1528645725","2296074254","0.15"
"2296074254","1528645725","0.15"
"1528645725","2577778794","0.0666667"
"2577778794","1528645725","0.0666667"
"1528645725","3027848381","0.0666667"
"3027848381","1528645725","0.0666667"
"1528645725","47420562","0.209524"
"47420562","1528645725","0.209524"
"1528645725","86840753","0.917857"
"86840753","1528645725","0.917857"
"1845524520","1884593673","0.0666667"
"1884593673","1845524520","0.0666667"
"1845524520","1959638021","0.300433"
"1959638021","1845524520","0.300433"
"1845524520","1980621177","0.157576"
"1980621177","1845524520","0.157576"
"1845524520","2017793651","0.440909"
"2017793651","1845524520","0.440909"
"1845524520","2058488904","0.365909"
"2058488904","1845524520","0.365909"
"1845524520","2122321252","0.0666667"
"2122321252","1845524520","0.0666667"
"1845524520","2137414289","0.365909"
"2137414289","1845524520","0.365909"
"1845524520","2252949053","1.04286"
"2252949053","1845524520","1.04286"
"1845524520","2296074254","0.565909"
"2296074254","1845524520","0.565909"
"1845524520","2577778794","0.157576"
"2577778794","1845524520","0.157576"
"1845524520","3027848381","0.282576"
"3027848381","1845524520","0.282576"
"1845524520","47420562","2.33452"
"47420562","1845524520","2.33452"
"1845524520","86840753","0.792857"
"86840753","1845524520","0.792857"
"1884593673","1959638021","0.0666667"
"1959638021","1884593673","0.0666667"
"1884593673","1980621177","0.0666667"
"1980621177","1884593673","0.0666667"
"1884593673","2017793651","0.0666667"
"2017793651","1884593673","0.0666667"
"1884593673","2058488904","0.0666667"
"2058488904","1884593673","0.0666667"
"1884593673","2122321252","0.0666667"
"2122321252","1884593673","0.0666667"
"1884593673","2137414289","0.0666667"
"2137414289","1884593673","0.0666667"
"1884593673","2252949053","0.0666667"
"2252949053","1884593673","0.0666667"
"1884593673","2296074254","0.0666667"
"2296074254","1884593673","0.0666667"
"1884593673","2577778794","0.0666667"
"2577778794","1884593673","0.0666667"
"1884593673","3027848381","0.0666667"
"3027848381","1884593673","0.0666667"
"1884593673","47420562","0.0666667"
"47420562","1884593673","0.0666667"
"1959638021","1980621177","0.674242"
"1980621177","1959638021","0.674242"
"1959638021","2058488904","0.224242"
"2058488904","1959638021","0.224242"
"1959638021","2122321252","1.09167"
"2122321252","1959638021","1.09167"
"1959638021","2137414289","0.157576"
"2137414289","1959638021","0.157576"
"1959638021","2252949053","0.334524"
"2252949053","1959638021","0.334524"
"1959638021","2296074254","0.224242"
"2296074254","1959638021","0.224242"
"1959638021","47420562","0.209524"
"47420562","1959638021","0.209524"
"1959638021","86840753","0.40119"
"86840753","1959638021","0.40119"
"1980621177","2017793651","0.640909"
"2017793651","1980621177","0.640909"
"1980621177","2058488904","0.224242"
"2058488904","1980621177","0.224242"
"1980621177","2122321252","7.89167"
"2122321252","1980621177","7.89167"
"1980621177","2137414289","0.524242"
"2137414289","1980621177","0.524242"
"1980621177","2252949053","0.358333"
"2252949053","1980621177","0.358333"
"1980621177","2296074254","0.557576"
"2296074254","1980621177","0.557576"
"1980621177","2577778794","0.882576"
"2577778794","1980621177","0.882576"
"1980621177","3027848381","0.857576"
"3027848381","1980621177","0.857576"
"1980621177","47420562","0.433333"
"47420562","1980621177","0.433333"
"1980621177","86840753","0.791667"
"86840753","1980621177","0.791667"
"2017793651","2058488904","3.63258"
"2058488904","2017793651","3.63258"
"2017793651","2122321252","0.191667"
"2122321252","2017793651","0.191667"
"2017793651","2137414289","0.240909"
"2137414289","2017793651","0.240909"
"2017793651","2252949053","0.275"
"2252949053","2017793651","0.275"
"2017793651","2296074254","1.49924"
"2296074254","2017793651","1.49924"
"2017793651","47420562","0.177778"
"47420562","2017793651","0.177778"
"2017793651","86840753","1.96667"
"86840753","2017793651","1.96667"
"2058488904","2122321252","0.0666667"
"2122321252","2058488904","0.0666667"
"2058488904","2137414289","1.36591"
"2137414289","2058488904","1.36591"
"2058488904","2252949053","0.275"
"2252949053","2058488904","0.275"
"2058488904","2296074254","2.09091"
"2296074254","2058488904","2.09091"
"2058488904","2577778794","1.84924"
"2577778794","2058488904","1.84924"
"2058488904","3027848381","0.482576"
"3027848381","2058488904","0.482576"
"2058488904","47420562","0.0666667"
"47420562","2058488904","0.0666667"
"2122321252","2137414289","0.0666667"
"2137414289","2122321252","0.0666667"
"2122321252","2252949053","0.0666667"
"2252949053","2122321252","0.0666667"
"2122321252","2296074254","0.0666667"
"2296074254","2122321252","0.0666667"
"2122321252","2577778794","1.025"
"2577778794","2122321252","1.025"
"2122321252","3027848381","1.06667"
"3027848381","2122321252","1.06667"
"2122321252","47420562","0.0666667"
"47420562","2122321252","0.0666667"
"2122321252","86840753","0.0666667"
"86840753","2122321252","0.0666667"
"2137414289","2252949053","0.441667"
"2252949053","2137414289","0.441667"
"2137414289","2296074254","2.03258"
"2296074254","2137414289","2.03258"
"2137414289","2577778794","1.65758"
"2577778794","2137414289","1.65758"
"2137414289","3027848381","0.282576"
"3027848381","2137414289","0.282576"
"2137414289","47420562","0.433333"
"47420562","2137414289","0.433333"
"2137414289","86840753","0.516667"
"86840753","2137414289","0.516667"
"2252949053","2296074254","0.441667"
"2296074254","2252949053","0.441667"
"2252949053","2577778794","0.0666667"
"2577778794","2252949053","0.0666667"
"2252949053","3027848381","0.191667"
"3027848381","2252949053","0.191667"
"2252949053","47420562","0.50119"
"47420562","2252949053","0.50119"
"2252949053","86840753","2.08452"
"86840753","2252949053","2.08452"
"2296074254","2577778794","2.34924"
"2577778794","2296074254","2.34924"
"2296074254","3027848381","0.482576"
"3027848381","2296074254","0.482576"
"2296074254","47420562","0.233333"
"47420562","2296074254","0.233333"
"2296074254","86840753","3.675"
"86840753","2296074254","3.675"
"2577778794","47420562","0.0666667"
"47420562","2577778794","0.0666667"
"2577778794","86840753","0.258333"
"86840753","2577778794","0.258333"
"3027848381","47420562","0.0666667"
"47420562","3027848381","0.0666667"
"3027848381","86840753","0.0666667"
"86840753","3027848381","0.0666667"
"47420562","86840753","0.57619"
"86840753","47420562","0.57619"
"143079841","2147982886","0.416667"
"2147982886","143079841","0.416667"
"1980621177","2067349567","0.574242"
"2067349567","1980621177","0.574242"
"1980621177","2147982886","0.233333"
"2147982886","1980621177","0.233333"
"2017793651","2147982886","1.42778"
"2147982886","2017793651","1.42778"
"2067349567","2147982886","1.01111"
"2147982886","2067349567","1.01111"
"2067349567","2296074254","0.849242"
"2296074254","2067349567","0.849242"
"2147982886","2296074254","0.775"
"2296074254","2147982886","0.775"
"2147982886","86840753","0.992857"
"86840753","2147982886","0.992857"
"143079841","2183478929","0.125"
"2183478929","143079841","0.125"
"1845524520","2147982886","0.47619"
"2147982886","1845524520","0.47619"
"1845524520","2183478929","0.125"
"2183478929","1845524520","0.125"
"2058488904","2147982886","1.60833"
"2147982886","2058488904","1.60833"
"2058488904","2183478929","0.125"
"2183478929","2058488904","0.125"
"2137414289","2147982886","0.208333"
"2147982886","2137414289","0.208333"
"2137414289","2183478929","0.125"
"2183478929","2137414289","0.125"
"2147982886","2183478929","2.43611"
"2183478929","2147982886","2.43611"
"2147982886","2252949053","0.47619"
"2252949053","2147982886","0.47619"
"2147982886","3027848381","0.125"
"3027848381","2147982886","0.125"
"2183478929","2252949053","0.25"
"2252949053","2183478929","0.25"
"2183478929","2296074254","0.125"
"2296074254","2183478929","0.125"
"2183478929","3027848381","0.125"
"3027848381","2183478929","0.125"
"143079841","1534580481","0.125"
"1534580481","143079841","0.125"
"143079841","1776631879","0.125"
"1776631879","143079841","0.125"
"143079841","2042875222","0.125"
"2042875222","143079841","0.125"
"143079841","2129416325","0.125"
"2129416325","143079841","0.125"
"1534580481","1776631879","0.125"
"1776631879","1534580481","0.125"
"1534580481","1845524520","0.35119"
"1845524520","1534580481","0.35119"
"1534580481","2042875222","0.208333"
"2042875222","1534580481","0.208333"
"1534580481","2129416325","0.208333"
"2129416325","1534580481","0.208333"
"1534580481","2147982886","0.35119"
"2147982886","1534580481","0.35119"
"1534580481","2252949053","3.01786"
"2252949053","1534580481","3.01786"
"1534580481","47420562","1.13452"
"47420562","1534580481","1.13452"
"1776631879","1845524520","0.125"
"1845524520","1776631879","0.125"
"1776631879","2042875222","0.125"
"2042875222","1776631879","0.125"
"1776631879","2129416325","0.125"
"2129416325","1776631879","0.125"
"1776631879","2147982886","0.125"
"2147982886","1776631879","0.125"
"1776631879","2252949053","0.125"
"2252949053","1776631879","0.125"
"1776631879","47420562","0.125"
"47420562","1776631879","0.125"
"1845524520","2042875222","0.208333"
"2042875222","1845524520","0.208333"
"1845524520","2129416325","0.458333"
"2129416325","1845524520","0.458333"
"2042875222","2147982886","0.808333"
"2147982886","2042875222","0.808333"
"2042875222","2252949053","0.333333"
"2252949053","2042875222","0.333333"
"2042875222","47420562","0.125"
"47420562","2042875222","0.125"
"2129416325","2147982886","0.408333"
"2147982886","2129416325","0.408333"
"2129416325","2252949053","0.208333"
"2252949053","2129416325","0.208333"
"2129416325","47420562","0.125"
"47420562","2129416325","0.125"
"2147982886","47420562","2.37897"
"47420562","2147982886","2.37897"
"1482227858","1534883672","0.458333"
"1534883672","1482227858","0.458333"
"1482227858","1571563640","1.875"
"1571563640","1482227858","1.875"
"1482227858","1843751433","0.458333"
"1843751433","1482227858","0.458333"
"1482227858","1968531993","1.70833"
"1968531993","1482227858","1.70833"
"1482227858","2069950675","0.125"
"2069950675","1482227858","0.125"
"1482227858","2128472672","0.125"
"2128472672","1482227858","0.125"
"1482227858","2141088026","1.70833"
"2141088026","1482227858","1.70833"
"1482227858","2178083330","0.875"
"2178083330","1482227858","0.875"
"1534883672","1571563640","1.575"
"1571563640","1534883672","1.575"
"1534883672","1843751433","0.458333"
"1843751433","1534883672","0.458333"
"1534883672","1968531993","1.15833"
"1968531993","1534883672","1.15833"
"1534883672","2069950675","0.125"
"2069950675","1534883672","0.125"
"1534883672","2128472672","2.825"
"2128472672","1534883672","2.825"
"1534883672","2141088026","1.15833"
"2141088026","1534883672","1.15833"
"1534883672","2178083330","0.325"
"2178083330","1534883672","0.325"
"1571563640","1843751433","0.125"
"1843751433","1571563640","0.125"
"1571563640","1968531993","1.575"
"1968531993","1571563640","1.575"
"1571563640","2069950675","0.125"
"2069950675","1571563640","0.125"
"1571563640","2128472672","0.891667"
"2128472672","1571563640","0.891667"
"1571563640","2141088026","1.575"
"2141088026","1571563640","1.575"
"1571563640","2178083330","1.325"
"2178083330","1571563640","1.325"
"1843751433","1968531993","0.658333"
"1968531993","1843751433","0.658333"
"1843751433","2069950675","0.125"
"2069950675","1843751433","0.125"
"1843751433","2128472672","0.325"
"2128472672","1843751433","0.325"
"1843751433","2141088026","0.658333"
"2141088026","1843751433","0.658333"
"1843751433","2178083330","0.325"
"2178083330","1843751433","0.325"
"1968531993","2069950675","0.125"
"2069950675","1968531993","0.125"
"1968531993","2128472672","2.775"
"2128472672","1968531993","2.775"
"1968531993","2141088026","5.85833"
"2141088026","1968531993","5.85833"
"1968531993","2178083330","2.025"
"2178083330","1968531993","2.025"
"2069950675","2128472672","0.625"
"2128472672","2069950675","0.625"
"2069950675","2141088026","0.125"
"2141088026","2069950675","0.125"
"2069950675","2178083330","0.125"
"2178083330","2069950675","0.125"
"2128472672","2141088026","1.275"
"2141088026","2128472672","1.275"
"2128472672","2178083330","0.775"
"2178083330","2128472672","0.775"
"2141088026","2178083330","1.525"
"2178083330","2141088026","1.525"
"1482227858","2056288166","0.166667"
"2056288166","1482227858","0.166667"
"1482227858","2623290722","0.333333"
"2623290722","1482227858","0.333333"
"1534883672","2056288166","0.166667"
"2056288166","1534883672","0.166667"
"1534883672","2623290722","0.583333"
"2623290722","1534883672","0.583333"
"1843751433","2056288166","0.166667"
"2056288166","1843751433","0.166667"
"1843751433","2623290722","0.333333"
"2623290722","1843751433","0.333333"
"1968531993","2056288166","0.166667"
"2056288166","1968531993","0.166667"
"1968531993","2623290722","1.08333"
"2623290722","1968531993","1.08333"
"2056288166","2141088026","0.166667"
"2141088026","2056288166","0.166667"
"2056288166","2623290722","5.66667"
"2623290722","2056288166","5.66667"
"2141088026","2623290722","0.583333"
"2623290722","2141088026","0.583333"
"1482227858","1497989252","0.166667"
"1497989252","1482227858","0.166667"
"1497989252","1534883672","0.166667"
"1534883672","1497989252","0.166667"
"1497989252","1843751433","0.366667"
"1843751433","1497989252","0.366667"
"1497989252","1968531993","0.366667"
"1968531993","1497989252","0.366667"
"1497989252","2141088026","0.366667"
"2141088026","1497989252","0.366667"
"1497989252","2623290722","0.166667"
"2623290722","1497989252","0.166667"
"1497989252","1512650735","0.0666667"
"1512650735","1497989252","0.0666667"
"1497989252","1571563640","0.0666667"
"1571563640","1497989252","0.0666667"
"1497989252","1965406990","0.0666667"
"1965406990","1497989252","0.0666667"
"1497989252","1966113438","4.6"
"1966113438","1497989252","4.6"
"1497989252","2048811179","0.0666667"
"2048811179","1497989252","0.0666667"
"1497989252","2108248102","0.266667"
"2108248102","1497989252","0.266667"
"1497989252","2119474495","0.0666667"
"2119474495","1497989252","0.0666667"
"1497989252","2120017968","1.4"
"2120017968","1497989252","1.4"
"1497989252","2128472672","0.266667"
"2128472672","1497989252","0.266667"
"1497989252","2147982886","0.0666667"
"2147982886","1497989252","0.0666667"
"1497989252","2157612502","2.4"
"2157612502","1497989252","2.4"
"1497989252","2294418869","0.0666667"
"2294418869","1497989252","0.0666667"
"1497989252","2555204861","0.0666667"
"2555204861","1497989252","0.0666667"
"1497989252","2576436989","0.0666667"
"2576436989","1497989252","0.0666667"
"1497989252","2745202163","0.0666667"
"2745202163","1497989252","0.0666667"
"1512650735","1571563640","0.0666667"
"1571563640","1512650735","0.0666667"
"1512650735","1965406990","0.0666667"
"1965406990","1512650735","0.0666667"
"1512650735","1966113438","0.0666667"
"1966113438","1512650735","0.0666667"
"1512650735","2048811179","0.316667"
"2048811179","1512650735","0.316667"
"1512650735","2108248102","1.31667"
"2108248102","1512650735","1.31667"
"1512650735","2119474495","0.0666667"
"2119474495","1512650735","0.0666667"
"1512650735","2120017968","0.0666667"
"2120017968","1512650735","0.0666667"
"1512650735","2128472672","0.316667"
"2128472672","1512650735","0.316667"
"1512650735","2147982886","0.266667"
"2147982886","1512650735","0.266667"
"1512650735","2157612502","0.0666667"
"2157612502","1512650735","0.0666667"
"1512650735","2294418869","0.316667"
"2294418869","1512650735","0.316667"
"1512650735","2555204861","0.0666667"
"2555204861","1512650735","0.0666667"
"1512650735","2576436989","0.0666667"
"2576436989","1512650735","0.0666667"
"1512650735","2745202163","0.0666667"
"2745202163","1512650735","0.0666667"
"1571563640","1965406990","0.0666667"
"1965406990","1571563640","0.0666667"
"1571563640","1966113438","0.0666667"
"1966113438","1571563640","0.0666667"
"1571563640","2048811179","0.0666667"
"2048811179","1571563640","0.0666667"
"1571563640","2108248102","0.0666667"
"2108248102","1571563640","0.0666667"
"1571563640","2119474495","0.0666667"
"2119474495","1571563640","0.0666667"
"1571563640","2120017968","0.0666667"
"2120017968","1571563640","0.0666667"
"1571563640","2147982886","0.0666667"
"2147982886","1571563640","0.0666667"
"1571563640","2157612502","0.0666667"
"2157612502","1571563640","0.0666667"
"1571563640","2294418869","0.0666667"
"2294418869","1571563640","0.0666667"
"1571563640","2555204861","0.0666667"
"2555204861","1571563640","0.0666667"
"1571563640","2576436989","0.0666667"
"2576436989","1571563640","0.0666667"
"1571563640","2745202163","0.0666667"
"2745202163","1571563640","0.0666667"
"1965406990","1966113438","0.0666667"
"1966113438","1965406990","0.0666667"
"1965406990","2048811179","4.06667"
"2048811179","1965406990","4.06667"
"1965406990","2108248102","0.0666667"
"2108248102","1965406990","0.0666667"
"1965406990","2119474495","2.56667"
"2119474495","1965406990","2.56667"
"1965406990","2120017968","0.0666667"
"2120017968","1965406990","0.0666667"
"1965406990","2128472672","0.0666667"
"2128472672","1965406990","0.0666667"
"1965406990","2147982886","0.0666667"
"2147982886","1965406990","0.0666667"
"1965406990","2157612502","0.0666667"
"2157612502","1965406990","0.0666667"
"1965406990","2294418869","0.0666667"
"2294418869","1965406990","0.0666667"
"1965406990","2555204861","0.0666667"
"2555204861","1965406990","0.0666667"
"1965406990","2576436989","0.0666667"
"2576436989","1965406990","0.0666667"
"1965406990","2745202163","0.0666667"
"2745202163","1965406990","0.0666667"
"1966113438","2048811179","0.0666667"
"2048811179","1966113438","0.0666667"
"1966113438","2108248102","0.266667"
"2108248102","1966113438","0.266667"
"1966113438","2119474495","0.0666667"
"2119474495","1966113438","0.0666667"
"1966113438","2120017968","7.9"
"2120017968","1966113438","7.9"
"1966113438","2128472672","0.566667"
"2128472672","1966113438","0.566667"
"1966113438","2147982886","0.4"
"2147982886","1966113438","0.4"
"1966113438","2157612502","5.9"
"2157612502","1966113438","5.9"
"1966113438","2294418869","0.0666667"
"2294418869","1966113438","0.0666667"
"1966113438","2555204861","0.0666667"
"2555204861","1966113438","0.0666667"
"1966113438","2576436989","0.0666667"
"2576436989","1966113438","0.0666667"
"1966113438","2745202163","1.06667"
"2745202163","1966113438","1.06667"
"2048811179","2108248102","0.316667"
"2108248102","2048811179","0.316667"
"2048811179","2120017968","0.0666667"
"2120017968","2048811179","0.0666667"
"2048811179","2128472672","0.316667"
"2128472672","2048811179","0.316667"
"2048811179","2147982886","0.0666667"
"2147982886","2048811179","0.0666667"
"2048811179","2157612502","0.0666667"
"2157612502","2048811179","0.0666667"
"2048811179","2294418869","5.31667"
"2294418869","2048811179","5.31667"
"2048811179","2555204861","0.0666667"
"2555204861","2048811179","0.0666667"
"2048811179","2576436989","0.0666667"
"2576436989","2048811179","0.0666667"
"2048811179","2745202163","0.0666667"
"2745202163","2048811179","0.0666667"
"2108248102","2119474495","0.0666667"
"2119474495","2108248102","0.0666667"
"2108248102","2120017968","0.0666667"
"2120017968","2108248102","0.0666667"
"2108248102","2128472672","0.316667"
"2128472672","2108248102","0.316667"
"2108248102","2147982886","0.0666667"
"2147982886","2108248102","0.0666667"
"2108248102","2157612502","0.566667"
"2157612502","2108248102","0.566667"
"2108248102","2294418869","0.316667"
"2294418869","2108248102","0.316667"
"2108248102","2555204861","0.0666667"
"2555204861","2108248102","0.0666667"
"2108248102","2576436989","0.0666667"
"2576436989","2108248102","0.0666667"
"2108248102","2745202163","0.0666667"
"2745202163","2108248102","0.0666667"
"2119474495","2120017968","0.0666667"
"2120017968","2119474495","0.0666667"
"2119474495","2128472672","0.0666667"
"2128472672","2119474495","0.0666667"
"2119474495","2147982886","0.0666667"
"2147982886","2119474495","0.0666667"
"2119474495","2157612502","0.0666667"
"2157612502","2119474495","0.0666667"
"2119474495","2294418869","0.0666667"
"2294418869","2119474495","0.0666667"
"2119474495","2555204861","0.0666667"
"2555204861","2119474495","0.0666667"
"2119474495","2576436989","0.0666667"
"2576436989","2119474495","0.0666667"
"2119474495","2745202163","0.0666667"
"2745202163","2119474495","0.0666667"
"2120017968","2128472672","0.0666667"
"2128472672","2120017968","0.0666667"
"2120017968","2147982886","0.0666667"
"2147982886","2120017968","0.0666667"
"2120017968","2157612502","3.4"
"2157612502","2120017968","3.4"
"2120017968","2294418869","0.0666667"
"2294418869","2120017968","0.0666667"
"2120017968","2555204861","0.0666667"
"2555204861","2120017968","0.0666667"
"2120017968","2576436989","0.0666667"
"2576436989","2120017968","0.0666667"
"2120017968","2745202163","0.0666667"
"2745202163","2120017968","0.0666667"
"2128472672","2147982886","0.0666667"
"2147982886","2128472672","0.0666667"
"2128472672","2157612502","0.0666667"
"2157612502","2128472672","0.0666667"
"2128472672","2294418869","0.316667"
"2294418869","2128472672","0.316667"
"2128472672","2555204861","0.0666667"
"2555204861","2128472672","0.0666667"
"2128472672","2576436989","0.0666667"
"2576436989","2128472672","0.0666667"
"2128472672","2745202163","0.0666667"
"2745202163","2128472672","0.0666667"
"2147982886","2157612502","0.0666667"
"2157612502","2147982886","0.0666667"
"2147982886","2294418869","0.0666667"
"2294418869","2147982886","0.0666667"
"2147982886","2555204861","1.13333"
"2555204861","2147982886","1.13333"
"2147982886","2576436989","1.13333"
"2576436989","2147982886","1.13333"
"2147982886","2745202163","0.177778"
"2745202163","2147982886","0.177778"
"2157612502","2294418869","0.0666667"
"2294418869","2157612502","0.0666667"
"2157612502","2555204861","0.0666667"
"2555204861","2157612502","0.0666667"
"2157612502","2576436989","0.0666667"
"2576436989","2157612502","0.0666667"
"2157612502","2745202163","0.0666667"
"2745202163","2157612502","0.0666667"
"2294418869","2555204861","0.0666667"
"2555204861","2294418869","0.0666667"
"2294418869","2576436989","0.0666667"
"2576436989","2294418869","0.0666667"
"2294418869","2745202163","0.0666667"
"2745202163","2294418869","0.0666667"
"2555204861","2576436989","3.29167"
"2576436989","2555204861","3.29167"
"2555204861","2745202163","0.266667"
"2745202163","2555204861","0.266667"
"2576436989","2745202163","0.6"
"2745202163","2576436989","0.6"
"1497989252","2178083330","0.2"
"2178083330","1497989252","0.2"
"1497989252","2038673151","1.2"
"2038673151","1497989252","1.2"
"1497989252","2061907445","0.2"
"2061907445","1497989252","0.2"
"1497989252","2399023042","0.2"
"2399023042","1497989252","0.2"
"1966113438","2038673151","0.45"
"2038673151","1966113438","0.45"
"1966113438","2061907445","0.2"
"2061907445","1966113438","0.2"
"1966113438","2399023042","0.2"
"2399023042","1966113438","0.2"
"2038673151","2061907445","1.2"
"2061907445","2038673151","1.2"
"2038673151","2108248102","1.2"
"2108248102","2038673151","1.2"
"2038673151","2399023042","0.7"
"2399023042","2038673151","0.7"
"2061907445","2108248102","0.2"
"2108248102","2061907445","0.2"
"2061907445","2399023042","4.7"
"2399023042","2061907445","4.7"
"2108248102","2399023042","1.2"
"2399023042","2108248102","1.2"
"1512650735","1776631879","1"
"1776631879","1512650735","1"
"1512650735","2143710299","0.5"
"2143710299","1512650735","0.5"
"1968275812","2143710299","8"
"2143710299","1968275812","8"
"1512650735","2061907445","0.7"
"2061907445","1512650735","0.7"
"1968275812","2061907445","1.5"
"2061907445","1968275812","1.5"
"1512650735","2163628920","0.7"
"2163628920","1512650735","0.7"
"1968275812","2163628920","0.5"
"2163628920","1968275812","0.5"
"1512650735","1528645725","0.2"
"1528645725","1512650735","0.2"
"1512650735","2183478929","0.2"
"2183478929","1512650735","0.2"
"1528645725","2061907445","0.2"
"2061907445","1528645725","0.2"
"1528645725","2147982886","1.42619"
"2147982886","1528645725","1.42619"
"1528645725","2163628920","0.2"
"2163628920","1528645725","0.2"
"1528645725","2183478929","0.325"
"2183478929","1528645725","0.325"
"2061907445","2147982886","0.2"
"2147982886","2061907445","0.2"
"2061907445","2163628920","0.2"
"2163628920","2061907445","0.2"
"2061907445","2183478929","0.2"
"2183478929","2061907445","0.2"
"2147982886","2163628920","0.2"
"2163628920","2147982886","0.2"
"2163628920","2183478929","0.2"
"2183478929","2163628920","0.2"
"1528645725","1534580481","0.72619"
"1534580481","1528645725","0.72619"
"1534580481","86840753","1.09286"
"86840753","1534580481","1.09286"
"1528645725","1798525880","1.33333"
"1798525880","1528645725","1.33333"
"1528645725","46974951","0.333333"
"46974951","1528645725","0.333333"
"1798525880","1845524520","0.333333"
"1845524520","1798525880","0.333333"
"1798525880","46974951","0.333333"
"46974951","1798525880","0.333333"
"1845524520","46974951","0.333333"
"46974951","1845524520","0.333333"
"1528645725","2042875222","0.208333"
"2042875222","1528645725","0.208333"
"1528645725","2067349567","0.625"
"2067349567","1528645725","0.625"
"1959638021","2042875222","0.191667"
"2042875222","1959638021","0.191667"
"1959638021","2183478929","0.125"
"2183478929","1959638021","0.125"
"1980621177","2042875222","0.191667"
"2042875222","1980621177","0.191667"
"1980621177","2183478929","0.125"
"2183478929","1980621177","0.125"
"2017793651","2042875222","2.10833"
"2042875222","2017793651","2.10833"
"2017793651","2183478929","0.236111"
"2183478929","2017793651","0.236111"
"2042875222","2183478929","0.125"
"2183478929","2042875222","0.125"
"2067349567","2183478929","0.236111"
"2183478929","2067349567","0.236111"
"2067349567","2252949053","0.625"
"2252949053","2067349567","0.625"
"2183478929","86840753","0.125"
"86840753","2183478929","0.125"
"1528645725","2129416325","2.08333"
"2129416325","1528645725","2.08333"
"1534580481","1959638021","0.142857"
"1959638021","1534580481","0.142857"
"1959638021","2147982886","0.209524"
"2147982886","1959638021","0.209524"
"1528645725","2008458511","0.0833333"
"2008458511","1528645725","0.0833333"
"1534580481","2008458511","0.0833333"
"2008458511","1534580481","0.0833333"
"1534580481","2017793651","0.0833333"
"2017793651","1534580481","0.0833333"
"1534580481","2058488904","0.0833333"
"2058488904","1534580481","0.0833333"
"1534580481","2137414289","0.45"
"2137414289","1534580481","0.45"
"1534580481","2296074254","0.25"
"2296074254","1534580481","0.25"
"1845524520","2008458511","0.174242"
"2008458511","1845524520","0.174242"
"2008458511","2042875222","0.15"
"2042875222","2008458511","0.15"
"2008458511","2058488904","0.365909"
"2058488904","2008458511","0.365909"
"2008458511","2129416325","0.0833333"
"2129416325","2008458511","0.0833333"
"2008458511","2137414289","0.174242"
"2137414289","2008458511","0.174242"
"2008458511","2147982886","0.483333"
"2147982886","2008458511","0.483333"
"2008458511","2252949053","0.0833333"
"2252949053","2008458511","0.0833333"
"2008458511","2296074254","0.365909"
"2296074254","2008458511","0.365909"
"2008458511","86840753","0.275"
"86840753","2008458511","0.275"
"2017793651","2129416325","0.583333"
"2129416325","2017793651","0.583333"
"2042875222","2058488904","0.15"
"2058488904","2042875222","0.15"
"2042875222","2137414289","0.0833333"
"2137414289","2042875222","0.0833333"
"2042875222","2296074254","0.15"
"2296074254","2042875222","0.15"
"2058488904","2129416325","0.0833333"
"2129416325","2058488904","0.0833333"
"2129416325","2137414289","0.0833333"
"2137414289","2129416325","0.0833333"
"2129416325","2296074254","0.0833333"
"2296074254","2129416325","0.0833333"
"1528645725","1776631879","1"
"1776631879","1528645725","1"
"1534580481","1980621177","0.366667"
"1980621177","1534580481","0.366667"
"1534580481","2067349567","1"
"2067349567","1534580481","1"
"2067349567","47420562","0.611111"
"47420562","2067349567","0.611111"
"1534580481","1798525880","0.5"
"1798525880","1534580481","0.5"
"1534580481","2000929836","0.5"
"2000929836","1534580481","0.5"
"1798525880","2000929836","0.5"
"2000929836","1798525880","0.5"
"1534580481","2161967936","0.2"
"2161967936","1534580481","0.2"
"1980621177","2161967936","0.2"
"2161967936","1980621177","0.2"
"2137414289","2161967936","0.2"
"2161967936","2137414289","0.2"
"2161967936","47420562","0.311111"
"47420562","2161967936","0.311111"
"2128472672","2623290722","1.75"
"2623290722","2128472672","1.75"
"166374902","2048811179","5.5"
"2048811179","166374902","5.5"
"166374902","2119474495","1"
"2119474495","166374902","1"
"166374902","1965406990","0.5"
"1965406990","166374902","0.5"
"176772690","1966113438","0.25"
"1966113438","176772690","0.25"
"176772690","2038673151","0.75"
"2038673151","176772690","0.75"
"176772690","2153743518","0.25"
"2153743518","176772690","0.25"
"1966113438","1983624486","0.25"
"1983624486","1966113438","0.25"
"1966113438","2153743518","0.25"
"2153743518","1966113438","0.25"
"1983624486","2038673151","0.75"
"2038673151","1983624486","0.75"
"1983624486","2153743518","0.25"
"2153743518","1983624486","0.25"
"2038673151","2153743518","11.75"
"2153743518","2038673151","11.75"
"1776631879","1968275812","2"
"1968275812","1776631879","2"
"1776631879","2143710299","2"
"2143710299","1776631879","2"
"1843751433","2014657544","0.5"
"2014657544","1843751433","0.5"
"1843751433","2262037802","0.5"
"2262037802","1843751433","0.5"
"2014657544","2262037802","3"
"2262037802","2014657544","3"
"1845524520","2205016933","0.424242"
"2205016933","1845524520","0.424242"
"1845524520","2555204861","0.333333"
"2555204861","1845524520","0.333333"
"1845524520","2576436989","0.333333"
"2576436989","1845524520","0.333333"
"2205016933","2555204861","0.725"
"2555204861","2205016933","0.725"
"1845524520","2067349567","0.290909"
"2067349567","1845524520","0.290909"
"1980621177","2008458511","0.157576"
"2008458511","1980621177","0.157576"
"1980621177","2205016933","0.615909"
"2205016933","1980621177","0.615909"
"2058488904","2067349567","0.482576"
"2067349567","2058488904","0.482576"
"2058488904","2205016933","0.157576"
"2205016933","2058488904","0.157576"
"2067349567","2137414289","0.0909091"
"2137414289","2067349567","0.0909091"
"2137414289","2205016933","0.0909091"
"2205016933","2137414289","0.0909091"
"2205016933","2296074254","0.157576"
"2296074254","2205016933","0.157576"
"1845524520","2066661589","0.2"
"2066661589","1845524520","0.2"
"1845524520","341451859","0.2"
"341451859","1845524520","0.2"
"2017793651","2066661589","0.2"
"2066661589","2017793651","0.2"
"2017793651","341451859","0.2"
"341451859","2017793651","0.2"
"2066661589","2067349567","0.2"
"2067349567","2066661589","0.2"
"2066661589","2296074254","0.2"
"2296074254","2066661589","0.2"
"2066661589","341451859","1.2"
"341451859","2066661589","1.2"
"2067349567","341451859","0.2"
"341451859","2067349567","0.2"
"2296074254","341451859","0.2"
"341451859","2296074254","0.2"
"1845524520","2466355170","0.25"
"2466355170","1845524520","0.25"
"1845524520","2549725382","0.25"
"2549725382","1845524520","0.25"
"1845524520","2745202163","0.25"
"2745202163","1845524520","0.25"
"2129416325","2466355170","0.25"
"2466355170","2129416325","0.25"
"2129416325","2549725382","0.25"
"2549725382","2129416325","0.25"
"2129416325","2745202163","0.25"
"2745202163","2129416325","0.25"
"2466355170","2549725382","1.26111"
"2549725382","2466355170","1.26111"
"2466355170","2745202163","10.0944"
"2745202163","2466355170","10.0944"
"2549725382","2745202163","2.26111"
"2745202163","2549725382","2.26111"
"1959638021","2555204861","0.891667"
"2555204861","1959638021","0.891667"
