"1449347389","1975703073","1.29444"
"1975703073","1449347389","1.29444"
"1449347389","2030593446","2.87778"
"2030593446","1449347389","2.87778"
"1449347389","2527878563","2.16111"
"2527878563","1449347389","2.16111"
"1975703073","2030593446","0.544444"
"2030593446","1975703073","0.544444"
"1975703073","2527878563","1.96111"
"2527878563","1975703073","1.96111"
"2030593446","2527878563","1.07778"
"2527878563","2030593446","1.07778"
"1449347389","1933742264","2.41667"
"1933742264","1449347389","2.41667"
"1449347389","1992326630","1.04444"
"1992326630","1449347389","1.04444"
"1449347389","2069448675","0.877778"
"2069448675","1449347389","0.877778"
"1449347389","2085786977","0.544444"
"2085786977","1449347389","0.544444"
"1449347389","2099137443","0.877778"
"2099137443","1449347389","0.877778"
"1933742264","1975703073","0.583333"
"1975703073","1933742264","0.583333"
"1933742264","1992326630","0.666667"
"1992326630","1933742264","0.666667"
"1933742264","2069448675","0.166667"
"2069448675","1933742264","0.166667"
"1933742264","2085786977","0.166667"
"2085786977","1933742264","0.166667"
"1933742264","2099137443","2.04762"
"2099137443","1933742264","2.04762"
"1975703073","1992326630","1.41944"
"1992326630","1975703073","1.41944"
"1975703073","2069448675","2.91944"
"2069448675","1975703073","2.91944"
"1975703073","2085786977","0.544444"
"2085786977","1975703073","0.544444"
"1975703073","2099137443","1.29444"
"2099137443","1975703073","1.29444"
"1992326630","2069448675","1.41944"
"2069448675","1992326630","1.41944"
"1992326630","2085786977","0.544444"
"2085786977","1992326630","0.544444"
"1992326630","2099137443","0.994444"
"2099137443","1992326630","0.994444"
"2069448675","2085786977","2.24444"
"2085786977","2069448675","2.24444"
"2069448675","2099137443","1.79444"
"2099137443","2069448675","1.79444"
"2085786977","2099137443","0.615873"
"2099137443","2085786977","0.615873"
"1449347389","1995745176","0.5"
"1995745176","1449347389","0.5"
"1449347389","2897459416","1.04444"
"2897459416","1449347389","1.04444"
"1995745176","2897459416","0.5"
"2897459416","1995745176","0.5"
"1449347389","2034883828","3.03333"
"2034883828","1449347389","3.03333"
"2030593446","2069448675","1.74444"
"2069448675","2030593446","1.74444"
"2069448675","2527878563","2.91111"
"2527878563","2069448675","2.91111"
"1992326630","2527878563","0.377778"
"2527878563","1992326630","0.377778"
"2085786977","2527878563","0.911111"
"2527878563","2085786977","0.911111"
"2099137443","2527878563","0.75873"
"2527878563","2099137443","0.75873"
"1449347389","2166112157","0.833333"
"2166112157","1449347389","0.833333"
"1449347389","2580101837","0.666667"
"2580101837","1449347389","0.666667"
"2166112157","2580101837","2.06905"
"2580101837","2166112157","2.06905"
"1449347389","2074889838","0.45"
"2074889838","1449347389","0.45"
"1933742264","2074889838","1.75"
"2074889838","1933742264","1.75"
"1933742264","2527878563","0.630952"
"2527878563","1933742264","0.630952"
"1975703073","2074889838","0.25"
"2074889838","1975703073","0.25"
"2074889838","2527878563","0.45"
"2527878563","2074889838","0.45"
"1449347389","2153822153","0.111111"
"2153822153","1449347389","0.111111"
"1975703073","2153822153","0.111111"
"2153822153","1975703073","0.111111"
"1975703073","2897459416","0.461111"
"2897459416","1975703073","0.461111"
"1992326630","2030593446","0.211111"
"2030593446","1992326630","0.211111"
"1992326630","2153822153","0.163743"
"2153822153","1992326630","0.163743"
"1992326630","2897459416","0.461111"
"2897459416","1992326630","0.461111"
"2030593446","2085786977","0.911111"
"2085786977","2030593446","0.911111"
"2030593446","2099137443","0.711111"
"2099137443","2030593446","0.711111"
"2030593446","2153822153","0.111111"
"2153822153","2030593446","0.111111"
"2030593446","2897459416","0.411111"
"2897459416","2030593446","0.411111"
"2069448675","2153822153","0.111111"
"2153822153","2069448675","0.111111"
"2069448675","2897459416","1.66111"
"2897459416","2069448675","1.66111"
"2085786977","2153822153","0.111111"
"2153822153","2085786977","0.111111"
"2085786977","2897459416","1.74444"
"2897459416","2085786977","1.74444"
"2099137443","2153822153","0.230159"
"2153822153","2099137443","0.230159"
"2099137443","2897459416","0.842063"
"2897459416","2099137443","0.842063"
"2153822153","2527878563","0.15873"
"2527878563","2153822153","0.15873"
"2153822153","2897459416","0.15873"
"2897459416","2153822153","0.15873"
"2527878563","2897459416","4.1254"
"2897459416","2527878563","4.1254"
"2034883828","2527878563","0.533333"
"2527878563","2034883828","0.533333"
"2034883828","2897459416","0.333333"
"2897459416","2034883828","0.333333"
"1449347389","2003580231","0.166667"
"2003580231","1449347389","0.166667"
"1449347389","2073215154","0.166667"
"2073215154","1449347389","0.166667"
"1933742264","2003580231","0.166667"
"2003580231","1933742264","0.166667"
"1933742264","2034883828","0.166667"
"2034883828","1933742264","0.166667"
"1933742264","2073215154","0.214286"
"2073215154","1933742264","0.214286"
"1933742264","2580101837","0.214286"
"2580101837","1933742264","0.214286"
"1975703073","2003580231","0.166667"
"2003580231","1975703073","0.166667"
"1975703073","2034883828","0.166667"
"2034883828","1975703073","0.166667"
"1975703073","2073215154","0.166667"
"2073215154","1975703073","0.166667"
"1975703073","2580101837","0.166667"
"2580101837","1975703073","0.166667"
"2003580231","2034883828","0.166667"
"2034883828","2003580231","0.166667"
"2003580231","2073215154","0.166667"
"2073215154","2003580231","0.166667"
"2003580231","2580101837","0.166667"
"2580101837","2003580231","0.166667"
"2034883828","2073215154","0.238095"
"2073215154","2034883828","0.238095"
"2034883828","2580101837","1.2381"
"2580101837","2034883828","1.2381"
"2073215154","2580101837","2.98571"
"2580101837","2073215154","2.98571"
"1449347389","2045587762","0.333333"
"2045587762","1449347389","0.333333"
"2034883828","2045587762","0.404762"
"2045587762","2034883828","0.404762"
"2034883828","2166112157","0.404762"
"2166112157","2034883828","0.404762"
"2045587762","2166112157","4.72381"
"2166112157","2045587762","4.72381"
"1449347389","1595526552","0.1"
"1595526552","1449347389","0.1"
"1449347389","2125614352","0.1"
"2125614352","1449347389","0.1"
"1595526552","1975703073","0.1"
"1975703073","1595526552","0.1"
"1595526552","1992326630","1.05263"
"1992326630","1595526552","1.05263"
"1595526552","2030593446","0.1"
"2030593446","1595526552","0.1"
"1595526552","2069448675","0.1"
"2069448675","1595526552","0.1"
"1595526552","2085786977","0.1"
"2085786977","1595526552","0.1"
"1595526552","2099137443","1.34762"
"2099137443","1595526552","1.34762"
"1595526552","2125614352","3.65263"
"2125614352","1595526552","3.65263"
"1595526552","2527878563","0.147619"
"2527878563","1595526552","0.147619"
"1595526552","2897459416","0.147619"
"2897459416","1595526552","0.147619"
"1975703073","2125614352","0.1"
"2125614352","1975703073","0.1"
"1992326630","2125614352","0.652632"
"2125614352","1992326630","0.652632"
"2030593446","2125614352","0.1"
"2125614352","2030593446","0.1"
"2069448675","2125614352","0.1"
"2125614352","2069448675","0.1"
"2085786977","2125614352","0.171429"
"2125614352","2085786977","0.171429"
"2099137443","2125614352","0.171429"
"2125614352","2099137443","0.171429"
"2125614352","2527878563","0.1"
"2527878563","2125614352","0.1"
"2125614352","2897459416","0.1"
"2897459416","2125614352","0.1"
"1449347389","2509464851","0.2"
"2509464851","1449347389","0.2"
"1449347389","2965368164","0.2"
"2965368164","1449347389","0.2"
"2034883828","2074889838","0.7"
"2074889838","2034883828","0.7"
"2034883828","2509464851","0.2"
"2509464851","2034883828","0.2"
"2034883828","2965368164","1.2"
"2965368164","2034883828","1.2"
"2074889838","2509464851","0.2"
"2509464851","2074889838","0.2"
"2074889838","2965368164","0.2"
"2965368164","2074889838","0.2"
"2509464851","2527878563","0.2"
"2527878563","2509464851","0.2"
"2509464851","2965368164","1.2"
"2965368164","2509464851","1.2"
"2527878563","2965368164","0.2"
"2965368164","2527878563","0.2"
"1533661207","1996452074","0.380952"
"1996452074","1533661207","0.380952"
"1533661207","2045587762","0.380952"
"2045587762","1533661207","0.380952"
"1533661207","2073215154","0.380952"
"2073215154","1533661207","0.380952"
"1996452074","2045587762","0.702381"
"2045587762","1996452074","0.702381"
"1996452074","2073215154","0.630952"
"2073215154","1996452074","0.630952"
"2045587762","2073215154","1.15238"
"2073215154","2045587762","1.15238"
"1533661207","2793857926","1"
"2793857926","1533661207","1"
"1533661207","1552115075","0.297619"
"1552115075","1533661207","0.297619"
"1533661207","1944877199","0.25"
"1944877199","1533661207","0.25"
"1533661207","2121096014","0.422619"
"2121096014","1533661207","0.422619"
"1533661207","2527878563","0.297619"
"2527878563","1533661207","0.297619"
"1552115075","1944877199","0.25"
"1944877199","1552115075","0.25"
"1552115075","2121096014","0.297619"
"2121096014","1552115075","0.297619"
"1552115075","2527878563","1.29762"
"2527878563","1552115075","1.29762"
"1944877199","2121096014","0.25"
"2121096014","1944877199","0.25"
"1944877199","2527878563","0.25"
"2527878563","1944877199","0.25"
"2121096014","2527878563","0.297619"
"2527878563","2121096014","0.297619"
"1533661207","2580101837","1.04762"
"2580101837","1533661207","1.04762"
"1533661207","1975703073","0.125"
"1975703073","1533661207","0.125"
"1533661207","1976407761","0.172619"
"1976407761","1533661207","0.172619"
"1533661207","1992326630","0.125"
"1992326630","1533661207","0.125"
"1533661207","2008381748","0.125"
"2008381748","1533661207","0.125"
"1533661207","2011302554","0.125"
"2011302554","1533661207","0.125"
"1533661207","2019304142","0.125"
"2019304142","1533661207","0.125"
"1533661207","2069448675","0.125"
"2069448675","1533661207","0.125"
"1975703073","1976407761","0.125"
"1976407761","1975703073","0.125"
"1975703073","2008381748","0.125"
"2008381748","1975703073","0.125"
"1975703073","2011302554","0.125"
"2011302554","1975703073","0.125"
"1975703073","2019304142","0.125"
"2019304142","1975703073","0.125"
"1975703073","2121096014","0.125"
"2121096014","1975703073","0.125"
"1976407761","1992326630","0.125"
"1992326630","1976407761","0.125"
"1976407761","2008381748","0.415909"
"2008381748","1976407761","0.415909"
"1976407761","2011302554","1.24167"
"2011302554","1976407761","1.24167"
"1976407761","2019304142","0.125"
"2019304142","1976407761","0.125"
"1976407761","2069448675","0.125"
"2069448675","1976407761","0.125"
"1976407761","2121096014","1.96353"
"2121096014","1976407761","1.96353"
"1992326630","2008381748","0.177632"
"2008381748","1992326630","0.177632"
"1992326630","2011302554","0.177632"
"2011302554","1992326630","0.177632"
"1992326630","2019304142","0.177632"
"2019304142","1992326630","0.177632"
"1992326630","2121096014","0.125"
"2121096014","1992326630","0.125"
"2008381748","2011302554","0.377632"
"2011302554","2008381748","0.377632"
"2008381748","2019304142","0.24906"
"2019304142","2008381748","0.24906"
"2008381748","2069448675","0.125"
"2069448675","2008381748","0.125"
"2008381748","2121096014","0.487338"
"2121096014","2008381748","0.487338"
"2011302554","2019304142","0.177632"
"2019304142","2011302554","0.177632"
"2011302554","2069448675","0.125"
"2069448675","2011302554","0.125"
"2011302554","2121096014","0.658333"
"2121096014","2011302554","0.658333"
"2019304142","2069448675","0.125"
"2069448675","2019304142","0.125"
"2019304142","2121096014","0.196429"
"2121096014","2019304142","0.196429"
"2069448675","2121096014","0.125"
"2121096014","2069448675","0.125"
"1533661207","1595526552","0.047619"
"1595526552","1533661207","0.047619"
"1533661207","1803311049","0.047619"
"1803311049","1533661207","0.047619"
"1533661207","1933742264","0.047619"
"1933742264","1533661207","0.047619"
"1533661207","1971080698","0.047619"
"1971080698","1533661207","0.047619"
"1533661207","1989110513","0.047619"
"1989110513","1533661207","0.047619"
"1533661207","1999128379","0.047619"
"1999128379","1533661207","0.047619"
"1533661207","2017916634","0.047619"
"2017916634","1533661207","0.047619"
"1533661207","2051815899","0.047619"
"2051815899","1533661207","0.047619"
"1533661207","2099137443","0.047619"
"2099137443","1533661207","0.047619"
"1533661207","2153822153","0.047619"
"2153822153","1533661207","0.047619"
"1533661207","2166112157","0.047619"
"2166112157","1533661207","0.047619"
"1533661207","2171711077","0.047619"
"2171711077","1533661207","0.047619"
"1533661207","2897459416","0.047619"
"2897459416","1533661207","0.047619"
"1552115075","1595526552","0.547619"
"1595526552","1552115075","0.547619"
"1552115075","1803311049","0.047619"
"1803311049","1552115075","0.047619"
"1552115075","1933742264","0.047619"
"1933742264","1552115075","0.047619"
"1552115075","1971080698","0.047619"
"1971080698","1552115075","0.047619"
"1552115075","1976407761","0.047619"
"1976407761","1552115075","0.047619"
"1552115075","1989110513","0.047619"
"1989110513","1552115075","0.047619"
"1552115075","1996452074","0.047619"
"1996452074","1552115075","0.047619"
"1552115075","1999128379","0.047619"
"1999128379","1552115075","0.047619"
"1552115075","2017916634","0.047619"
"2017916634","1552115075","0.047619"
"1552115075","2045587762","0.047619"
"2045587762","1552115075","0.047619"
"1552115075","2051815899","0.047619"
"2051815899","1552115075","0.047619"
"1552115075","2073215154","0.047619"
"2073215154","1552115075","0.047619"
"1552115075","2099137443","0.047619"
"2099137443","1552115075","0.047619"
"1552115075","2153822153","0.047619"
"2153822153","1552115075","0.047619"
"1552115075","2166112157","0.047619"
"2166112157","1552115075","0.047619"
"1552115075","2171711077","4.54762"
"2171711077","1552115075","4.54762"
"1552115075","2580101837","0.047619"
"2580101837","1552115075","0.047619"
"1552115075","2897459416","0.047619"
"2897459416","1552115075","0.047619"
"1595526552","1803311049","0.100251"
"1803311049","1595526552","0.100251"
"1595526552","1933742264","0.047619"
"1933742264","1595526552","0.047619"
"1595526552","1971080698","0.047619"
"1971080698","1595526552","0.047619"
"1595526552","1976407761","0.047619"
"1976407761","1595526552","0.047619"
"1595526552","1989110513","0.047619"
"1989110513","1595526552","0.047619"
"1595526552","1996452074","0.047619"
"1996452074","1595526552","0.047619"
"1595526552","1999128379","0.047619"
"1999128379","1595526552","0.047619"
"1595526552","2017916634","0.100251"
"2017916634","1595526552","0.100251"
"1595526552","2045587762","0.247619"
"2045587762","1595526552","0.247619"
"1595526552","2051815899","0.047619"
"2051815899","1595526552","0.047619"
"1595526552","2073215154","0.047619"
"2073215154","1595526552","0.047619"
"1595526552","2121096014","0.047619"
"2121096014","1595526552","0.047619"
"1595526552","2153822153","0.100251"
"2153822153","1595526552","0.100251"
"1595526552","2166112157","0.047619"
"2166112157","1595526552","0.047619"
"1595526552","2171711077","0.047619"
"2171711077","1595526552","0.047619"
"1595526552","2580101837","0.047619"
"2580101837","1595526552","0.047619"
"1803311049","1933742264","0.047619"
"1933742264","1803311049","0.047619"
"1803311049","1971080698","0.047619"
"1971080698","1803311049","0.047619"
"1803311049","1976407761","0.214286"
"1976407761","1803311049","0.214286"
"1803311049","1989110513","0.047619"
"1989110513","1803311049","0.047619"
"1803311049","1996452074","0.214286"
"1996452074","1803311049","0.214286"
"1803311049","1999128379","0.285714"
"1999128379","1803311049","0.285714"
"1803311049","2017916634","0.100251"
"2017916634","1803311049","0.100251"
"1803311049","2045587762","0.119048"
"2045587762","1803311049","0.119048"
"1803311049","2051815899","0.119048"
"2051815899","1803311049","0.119048"
"1803311049","2073215154","0.119048"
"2073215154","1803311049","0.119048"
"1803311049","2099137443","0.452381"
"2099137443","1803311049","0.452381"
"1803311049","2121096014","0.285714"
"2121096014","1803311049","0.285714"
"1803311049","2153822153","2.17168"
"2153822153","1803311049","2.17168"
"1803311049","2166112157","0.619048"
"2166112157","1803311049","0.619048"
"1803311049","2171711077","0.047619"
"2171711077","1803311049","0.047619"
"1803311049","2527878563","0.047619"
"2527878563","1803311049","0.047619"
"1803311049","2580101837","0.285714"
"2580101837","1803311049","0.285714"
"1803311049","2897459416","0.380952"
"2897459416","1803311049","0.380952"
"1933742264","1971080698","0.047619"
"1971080698","1933742264","0.047619"
"1933742264","1976407761","0.047619"
"1976407761","1933742264","0.047619"
"1933742264","1989110513","0.047619"
"1989110513","1933742264","0.047619"
"1933742264","1996452074","0.047619"
"1996452074","1933742264","0.047619"
"1933742264","1999128379","0.047619"
"1999128379","1933742264","0.047619"
"1933742264","2017916634","0.047619"
"2017916634","1933742264","0.047619"
"1933742264","2045587762","0.547619"
"2045587762","1933742264","0.547619"
"1933742264","2051815899","0.047619"
"2051815899","1933742264","0.047619"
"1933742264","2121096014","0.047619"
"2121096014","1933742264","0.047619"
"1933742264","2153822153","0.047619"
"2153822153","1933742264","0.047619"
"1933742264","2166112157","0.047619"
"2166112157","1933742264","0.047619"
"1933742264","2171711077","0.047619"
"2171711077","1933742264","0.047619"
"1933742264","2897459416","0.047619"
"2897459416","1933742264","0.047619"
"1971080698","1976407761","0.138528"
"1976407761","1971080698","0.138528"
"1971080698","1989110513","0.047619"
"1989110513","1971080698","0.047619"
"1971080698","1996452074","0.047619"
"1996452074","1971080698","0.047619"
"1971080698","1999128379","0.047619"
"1999128379","1971080698","0.047619"
"1971080698","2017916634","0.138528"
"2017916634","1971080698","0.138528"
"1971080698","2045587762","0.247619"
"2045587762","1971080698","0.247619"
"1971080698","2051815899","0.047619"
"2051815899","1971080698","0.047619"
"1971080698","2073215154","0.338528"
"2073215154","1971080698","0.338528"
"1971080698","2099137443","0.047619"
"2099137443","1971080698","0.047619"
"1971080698","2121096014","0.138528"
"2121096014","1971080698","0.138528"
"1971080698","2153822153","1.88095"
"2153822153","1971080698","1.88095"
"1971080698","2166112157","0.247619"
"2166112157","1971080698","0.247619"
"1971080698","2171711077","0.138528"
"2171711077","1971080698","0.138528"
"1971080698","2527878563","0.047619"
"2527878563","1971080698","0.047619"
"1971080698","2580101837","0.247619"
"2580101837","1971080698","0.247619"
"1971080698","2897459416","0.047619"
"2897459416","1971080698","0.047619"
"1976407761","1989110513","0.047619"
"1989110513","1976407761","0.047619"
"1976407761","1996452074","1.29762"
"1996452074","1976407761","1.29762"
"1976407761","1999128379","1.24762"
"1999128379","1976407761","1.24762"
"1976407761","2017916634","0.388528"
"2017916634","1976407761","0.388528"
"1976407761","2045587762","0.047619"
"2045587762","1976407761","0.047619"
"1976407761","2051815899","0.047619"
"2051815899","1976407761","0.047619"
"1976407761","2073215154","1.88853"
"2073215154","1976407761","1.88853"
"1976407761","2099137443","0.047619"
"2099137443","1976407761","0.047619"
"1976407761","2153822153","0.547619"
"2153822153","1976407761","0.547619"
"1976407761","2166112157","0.214286"
"2166112157","1976407761","0.214286"
"1976407761","2171711077","0.138528"
"2171711077","1976407761","0.138528"
"1976407761","2527878563","0.047619"
"2527878563","1976407761","0.047619"
"1976407761","2580101837","0.714286"
"2580101837","1976407761","0.714286"
"1976407761","2897459416","0.047619"
"2897459416","1976407761","0.047619"
"1989110513","1996452074","0.047619"
"1996452074","1989110513","0.047619"
"1989110513","1999128379","0.047619"
"1999128379","1989110513","0.047619"
"1989110513","2017916634","0.047619"
"2017916634","1989110513","0.047619"
"1989110513","2045587762","0.047619"
"2045587762","1989110513","0.047619"
"1989110513","2051815899","3.04762"
"2051815899","1989110513","3.04762"
"1989110513","2073215154","0.047619"
"2073215154","1989110513","0.047619"
"1989110513","2099137443","0.047619"
"2099137443","1989110513","0.047619"
"1989110513","2121096014","1.04762"
"2121096014","1989110513","1.04762"
"1989110513","2153822153","0.047619"
"2153822153","1989110513","0.047619"
"1989110513","2166112157","0.047619"
"2166112157","1989110513","0.047619"
"1989110513","2171711077","0.047619"
"2171711077","1989110513","0.047619"
"1989110513","2527878563","0.047619"
"2527878563","1989110513","0.047619"
"1989110513","2580101837","0.047619"
"2580101837","1989110513","0.047619"
"1989110513","2897459416","0.047619"
"2897459416","1989110513","0.047619"
"1996452074","1999128379","0.214286"
"1999128379","1996452074","0.214286"
"1996452074","2017916634","0.047619"
"2017916634","1996452074","0.047619"
"1996452074","2051815899","0.247619"
"2051815899","1996452074","0.247619"
"1996452074","2099137443","0.119048"
"2099137443","1996452074","0.119048"
"1996452074","2121096014","0.214286"
"2121096014","1996452074","0.214286"
"1996452074","2153822153","0.047619"
"2153822153","1996452074","0.047619"
"1996452074","2166112157","0.869048"
"2166112157","1996452074","0.869048"
"1996452074","2171711077","0.119048"
"2171711077","1996452074","0.119048"
"1996452074","2527878563","0.047619"
"2527878563","1996452074","0.047619"
"1996452074","2580101837","1.79762"
"2580101837","1996452074","1.79762"
"1996452074","2897459416","0.047619"
"2897459416","1996452074","0.047619"
"1999128379","2017916634","0.047619"
"2017916634","1999128379","0.047619"
"1999128379","2045587762","0.869048"
"2045587762","1999128379","0.869048"
"1999128379","2051815899","0.119048"
"2051815899","1999128379","0.119048"
"1999128379","2073215154","0.119048"
"2073215154","1999128379","0.119048"
"1999128379","2099137443","0.119048"
"2099137443","1999128379","0.119048"
"1999128379","2121096014","0.485714"
"2121096014","1999128379","0.485714"
"1999128379","2153822153","0.119048"
"2153822153","1999128379","0.119048"
"1999128379","2166112157","1.53571"
"2166112157","1999128379","1.53571"
"1999128379","2171711077","0.047619"
"2171711077","1999128379","0.047619"
"1999128379","2527878563","0.047619"
"2527878563","1999128379","0.047619"
"1999128379","2580101837","0.285714"
"2580101837","1999128379","0.285714"
"1999128379","2897459416","0.297619"
"2897459416","1999128379","0.297619"
"2017916634","2045587762","0.047619"
"2045587762","2017916634","0.047619"
"2017916634","2051815899","0.047619"
"2051815899","2017916634","0.047619"
"2017916634","2073215154","0.388528"
"2073215154","2017916634","0.388528"
"2017916634","2099137443","0.047619"
"2099137443","2017916634","0.047619"
"2017916634","2121096014","0.138528"
"2121096014","2017916634","0.138528"
"2017916634","2153822153","0.100251"
"2153822153","2017916634","0.100251"
"2017916634","2166112157","0.047619"
"2166112157","2017916634","0.047619"
"2017916634","2171711077","0.138528"
"2171711077","2017916634","0.138528"
"2017916634","2527878563","0.047619"
"2527878563","2017916634","0.047619"
"2017916634","2580101837","0.047619"
"2580101837","2017916634","0.047619"
"2017916634","2897459416","0.047619"
"2897459416","2017916634","0.047619"
"2045587762","2051815899","0.119048"
"2051815899","2045587762","0.119048"
"2045587762","2099137443","0.190476"
"2099137443","2045587762","0.190476"
"2045587762","2121096014","0.119048"
"2121096014","2045587762","0.119048"
"2045587762","2153822153","0.119048"
"2153822153","2045587762","0.119048"
"2045587762","2171711077","0.119048"
"2171711077","2045587762","0.119048"
"2045587762","2527878563","0.047619"
"2527878563","2045587762","0.047619"
"2045587762","2580101837","1.56905"
"2580101837","2045587762","1.56905"
"2045587762","2897459416","0.297619"
"2897459416","2045587762","0.297619"
"2051815899","2073215154","0.119048"
"2073215154","2051815899","0.119048"
"2051815899","2099137443","0.119048"
"2099137443","2051815899","0.119048"
"2051815899","2121096014","0.119048"
"2121096014","2051815899","0.119048"
"2051815899","2153822153","0.119048"
"2153822153","2051815899","0.119048"
"2051815899","2166112157","0.119048"
"2166112157","2051815899","0.119048"
"2051815899","2171711077","0.047619"
"2171711077","2051815899","0.047619"
"2051815899","2527878563","1.04762"
"2527878563","2051815899","1.04762"
"2051815899","2580101837","0.119048"
"2580101837","2051815899","0.119048"
"2051815899","2897459416","0.047619"
"2897459416","2051815899","0.047619"
"2073215154","2099137443","0.119048"
"2099137443","2073215154","0.119048"
"2073215154","2121096014","0.209957"
"2121096014","2073215154","0.209957"
"2073215154","2153822153","0.119048"
"2153822153","2073215154","0.119048"
"2073215154","2166112157","0.319048"
"2166112157","2073215154","0.319048"
"2073215154","2171711077","0.138528"
"2171711077","2073215154","0.138528"
"2073215154","2527878563","0.047619"
"2527878563","2073215154","0.047619"
"2073215154","2897459416","0.047619"
"2897459416","2073215154","0.047619"
"2099137443","2121096014","0.119048"
"2121096014","2099137443","0.119048"
"2099137443","2166112157","0.52381"
"2166112157","2099137443","0.52381"
"2099137443","2171711077","0.119048"
"2171711077","2099137443","0.119048"
"2099137443","2580101837","0.119048"
"2580101837","2099137443","0.119048"
"2121096014","2153822153","0.119048"
"2153822153","2121096014","0.119048"
"2121096014","2166112157","0.285714"
"2166112157","2121096014","0.285714"
"2121096014","2171711077","0.138528"
"2171711077","2121096014","0.138528"
"2121096014","2580101837","0.285714"
"2580101837","2121096014","0.285714"
"2121096014","2897459416","0.047619"
"2897459416","2121096014","0.047619"
"2153822153","2166112157","0.119048"
"2166112157","2153822153","0.119048"
"2153822153","2171711077","0.047619"
"2171711077","2153822153","0.047619"
"2153822153","2580101837","0.119048"
"2580101837","2153822153","0.119048"
"2166112157","2171711077","0.119048"
"2171711077","2166112157","0.119048"
"2166112157","2527878563","0.047619"
"2527878563","2166112157","0.047619"
"2166112157","2897459416","0.630952"
"2897459416","2166112157","0.630952"
"2171711077","2527878563","0.047619"
"2527878563","2171711077","0.047619"
"2171711077","2580101837","0.047619"
"2580101837","2171711077","0.047619"
"2171711077","2897459416","0.047619"
"2897459416","2171711077","0.047619"
"2527878563","2580101837","0.047619"
"2580101837","2527878563","0.047619"
"2580101837","2897459416","0.047619"
"2897459416","2580101837","0.047619"
"1552115075","2011302554","0.5"
"2011302554","1552115075","0.5"
"2011302554","2171711077","0.5"
"2171711077","2011302554","0.5"
"1552115075","2034883828","0.5"
"2034883828","1552115075","0.5"
"1552115075","2074889838","0.5"
"2074889838","1552115075","0.5"
"1552115075","2028445419","0.5"
"2028445419","1552115075","0.5"
"1595526552","2028445419","0.952632"
"2028445419","1595526552","0.952632"
"1554010663","1996452074","1.60476"
"1996452074","1554010663","1.60476"
"1554010663","2009297985","0.0714286"
"2009297985","1554010663","0.0714286"
"1554010663","2028445419","0.471429"
"2028445419","1554010663","0.471429"
"1554010663","2045587762","0.142857"
"2045587762","1554010663","0.142857"
"1554010663","2073695370","0.271429"
"2073695370","1554010663","0.271429"
"1554010663","2085786977","0.0714286"
"2085786977","1554010663","0.0714286"
"1554010663","2091043825","0.0714286"
"2091043825","1554010663","0.0714286"
"1554010663","2099137443","0.342857"
"2099137443","1554010663","0.342857"
"1554010663","2125614352","0.0714286"
"2125614352","1554010663","0.0714286"
"1554010663","2133169959","0.0714286"
"2133169959","1554010663","0.0714286"
"1554010663","2166112157","0.47619"
"2166112157","1554010663","0.47619"
"1554010663","2171711077","0.0714286"
"2171711077","1554010663","0.0714286"
"1554010663","2322970807","0.0714286"
"2322970807","1554010663","0.0714286"
"1554010663","3021182666","0.0714286"
"3021182666","1554010663","0.0714286"
"1996452074","2009297985","0.0714286"
"2009297985","1996452074","0.0714286"
"1996452074","2028445419","0.604762"
"2028445419","1996452074","0.604762"
"1996452074","2073695370","0.0714286"
"2073695370","1996452074","0.0714286"
"1996452074","2085786977","0.0714286"
"2085786977","1996452074","0.0714286"
"1996452074","2091043825","0.0714286"
"2091043825","1996452074","0.0714286"
"1996452074","2125614352","0.0714286"
"2125614352","1996452074","0.0714286"
"1996452074","2133169959","0.571429"
"2133169959","1996452074","0.571429"
"1996452074","2322970807","0.0714286"
"2322970807","1996452074","0.0714286"
"1996452074","3021182666","0.0714286"
"3021182666","1996452074","0.0714286"
"2009297985","2028445419","0.404762"
"2028445419","2009297985","0.404762"
"2009297985","2045587762","0.0714286"
"2045587762","2009297985","0.0714286"
"2009297985","2073695370","0.0714286"
"2073695370","2009297985","0.0714286"
"2009297985","2085786977","0.604762"
"2085786977","2009297985","0.604762"
"2009297985","2091043825","0.738095"
"2091043825","2009297985","0.738095"
"2009297985","2099137443","0.0714286"
"2099137443","2009297985","0.0714286"
"2009297985","2125614352","0.0714286"
"2125614352","2009297985","0.0714286"
"2009297985","2133169959","5.07143"
"2133169959","2009297985","5.07143"
"2009297985","2166112157","0.0714286"
"2166112157","2009297985","0.0714286"
"2009297985","2171711077","0.0714286"
"2171711077","2009297985","0.0714286"
"2009297985","2322970807","0.404762"
"2322970807","2009297985","0.404762"
"2009297985","3021182666","0.404762"
"3021182666","2009297985","0.404762"
"2028445419","2045587762","0.271429"
"2045587762","2028445419","0.271429"
"2028445419","2073695370","1.52406"
"2073695370","2028445419","1.52406"
"2028445419","2085786977","0.404762"
"2085786977","2028445419","0.404762"
"2028445419","2091043825","0.12406"
"2091043825","2028445419","0.12406"
"2028445419","2099137443","0.271429"
"2099137443","2028445419","0.271429"
"2028445419","2125614352","0.12406"
"2125614352","2028445419","0.12406"
"2028445419","2133169959","0.0714286"
"2133169959","2028445419","0.0714286"
"2028445419","2166112157","0.0714286"
"2166112157","2028445419","0.0714286"
"2028445419","2171711077","0.162338"
"2171711077","2028445419","0.162338"
"2028445419","2322970807","0.12406"
"2322970807","2028445419","0.12406"
"2028445419","3021182666","0.12406"
"3021182666","2028445419","0.12406"
"2045587762","2073695370","0.271429"
"2073695370","2045587762","0.271429"
"2045587762","2085786977","0.0714286"
"2085786977","2045587762","0.0714286"
"2045587762","2091043825","0.0714286"
"2091043825","2045587762","0.0714286"
"2045587762","2125614352","0.0714286"
"2125614352","2045587762","0.0714286"
"2045587762","2133169959","0.0714286"
"2133169959","2045587762","0.0714286"
"2045587762","2322970807","0.0714286"
"2322970807","2045587762","0.0714286"
"2045587762","3021182666","0.0714286"
"3021182666","2045587762","0.0714286"
"2073695370","2085786977","0.0714286"
"2085786977","2073695370","0.0714286"
"2073695370","2091043825","0.12406"
"2091043825","2073695370","0.12406"
"2073695370","2099137443","1.27143"
"2099137443","2073695370","1.27143"
"2073695370","2125614352","0.457393"
"2125614352","2073695370","0.457393"
"2073695370","2133169959","0.0714286"
"2133169959","2073695370","0.0714286"
"2073695370","2166112157","0.0714286"
"2166112157","2073695370","0.0714286"
"2073695370","2171711077","0.0714286"
"2171711077","2073695370","0.0714286"
"2073695370","2322970807","0.457393"
"2322970807","2073695370","0.457393"
"2073695370","3021182666","0.457393"
"3021182666","2073695370","0.457393"
"2085786977","2091043825","0.321429"
"2091043825","2085786977","0.321429"
"2085786977","2133169959","0.571429"
"2133169959","2085786977","0.571429"
"2085786977","2166112157","0.0714286"
"2166112157","2085786977","0.0714286"
"2085786977","2171711077","0.0714286"
"2171711077","2085786977","0.0714286"
"2085786977","2322970807","0.0714286"
"2322970807","2085786977","0.0714286"
"2085786977","3021182666","0.0714286"
"3021182666","2085786977","0.0714286"
"2091043825","2099137443","0.0714286"
"2099137443","2091043825","0.0714286"
"2091043825","2125614352","0.12406"
"2125614352","2091043825","0.12406"
"2091043825","2133169959","0.0714286"
"2133169959","2091043825","0.0714286"
"2091043825","2166112157","0.0714286"
"2166112157","2091043825","0.0714286"
"2091043825","2171711077","0.0714286"
"2171711077","2091043825","0.0714286"
"2091043825","2322970807","0.457393"
"2322970807","2091043825","0.457393"
"2091043825","3021182666","0.457393"
"3021182666","2091043825","0.457393"
"2099137443","2133169959","0.0714286"
"2133169959","2099137443","0.0714286"
"2099137443","2322970807","0.0714286"
"2322970807","2099137443","0.0714286"
"2099137443","3021182666","0.0714286"
"3021182666","2099137443","0.0714286"
"2125614352","2133169959","0.0714286"
"2133169959","2125614352","0.0714286"
"2125614352","2166112157","0.0714286"
"2166112157","2125614352","0.0714286"
"2125614352","2171711077","0.0714286"
"2171711077","2125614352","0.0714286"
"2125614352","2322970807","0.12406"
"2322970807","2125614352","0.12406"
"2125614352","3021182666","0.12406"
"3021182666","2125614352","0.12406"
"2133169959","2166112157","0.0714286"
"2166112157","2133169959","0.0714286"
"2133169959","2171711077","0.0714286"
"2171711077","2133169959","0.0714286"
"2133169959","2322970807","0.0714286"
"2322970807","2133169959","0.0714286"
"2133169959","3021182666","0.0714286"
"3021182666","2133169959","0.0714286"
"2166112157","2322970807","0.0714286"
"2322970807","2166112157","0.0714286"
"2166112157","3021182666","0.0714286"
"3021182666","2166112157","0.0714286"
"2171711077","2322970807","0.0714286"
"2322970807","2171711077","0.0714286"
"2171711077","3021182666","0.0714286"
"3021182666","2171711077","0.0714286"
"2322970807","3021182666","23.6241"
"3021182666","2322970807","23.6241"
"1554010663","2030593446","3.83333"
"2030593446","1554010663","3.83333"
"1554010663","1999128379","2.90476"
"1999128379","1554010663","2.90476"
"1554010663","1976407761","1.66667"
"1976407761","1554010663","1.66667"
"1554010663","2121096014","1.07143"
"2121096014","1554010663","1.07143"
"1976407761","2030593446","1.33333"
"2030593446","1976407761","1.33333"
"1554010663","1595526552","0.2"
"1595526552","1554010663","0.2"
"1554010663","1992326630","0.2"
"1992326630","1554010663","0.2"
"1595526552","2073695370","0.452632"
"2073695370","1595526552","0.452632"
"1992326630","2028445419","0.452632"
"2028445419","1992326630","0.452632"
"1992326630","2073695370","0.452632"
"2073695370","1992326630","0.452632"
"1554010663","2621738696","0.333333"
"2621738696","1554010663","0.333333"
"1554010663","2793857926","0.333333"
"2793857926","1554010663","0.333333"
"1976407761","2621738696","0.424242"
"2621738696","1976407761","0.424242"
"1976407761","2793857926","0.866667"
"2793857926","1976407761","0.866667"
"2621738696","2793857926","0.333333"
"2793857926","2621738696","0.333333"
"1554010663","1803311049","0.0714286"
"1803311049","1554010663","0.0714286"
"1554010663","1983962034","0.0714286"
"1983962034","1554010663","0.0714286"
"1554010663","2008381748","0.0714286"
"2008381748","1554010663","0.0714286"
"1554010663","2019304142","0.271429"
"2019304142","1554010663","0.271429"
"1554010663","2034883828","0.0714286"
"2034883828","1554010663","0.0714286"
"1554010663","2051815899","0.271429"
"2051815899","1554010663","0.271429"
"1554010663","2073215154","0.0714286"
"2073215154","1554010663","0.0714286"
"1554010663","2153822153","0.0714286"
"2153822153","1554010663","0.0714286"
"1554010663","2580101837","0.404762"
"2580101837","1554010663","0.404762"
"1803311049","1983962034","0.12406"
"1983962034","1803311049","0.12406"
"1803311049","2008381748","0.37406"
"2008381748","1803311049","0.37406"
"1803311049","2019304142","0.12406"
"2019304142","1803311049","0.12406"
"1803311049","2034883828","0.0714286"
"2034883828","1803311049","0.0714286"
"1983962034","1999128379","0.0714286"
"1999128379","1983962034","0.0714286"
"1983962034","2008381748","0.714969"
"2008381748","1983962034","0.714969"
"1983962034","2019304142","0.12406"
"2019304142","1983962034","0.12406"
"1983962034","2034883828","0.0714286"
"2034883828","1983962034","0.0714286"
"1983962034","2045587762","0.0714286"
"2045587762","1983962034","0.0714286"
"1983962034","2051815899","0.0714286"
"2051815899","1983962034","0.0714286"
"1983962034","2073215154","0.662338"
"2073215154","1983962034","0.662338"
"1983962034","2099137443","0.0714286"
"2099137443","1983962034","0.0714286"
"1983962034","2121096014","0.162338"
"2121096014","1983962034","0.162338"
"1983962034","2153822153","0.12406"
"2153822153","1983962034","0.12406"
"1983962034","2166112157","0.0714286"
"2166112157","1983962034","0.0714286"
"1983962034","2580101837","0.0714286"
"2580101837","1983962034","0.0714286"
"1999128379","2008381748","1.02143"
"2008381748","1999128379","1.02143"
"1999128379","2019304142","0.0714286"
"2019304142","1999128379","0.0714286"
"1999128379","2034883828","0.0714286"
"2034883828","1999128379","0.0714286"
"2008381748","2034883828","0.0714286"
"2034883828","2008381748","0.0714286"
"2008381748","2045587762","1.02143"
"2045587762","2008381748","1.02143"
"2008381748","2051815899","0.0714286"
"2051815899","2008381748","0.0714286"
"2008381748","2073215154","1.36234"
"2073215154","2008381748","1.36234"
"2008381748","2099137443","0.0714286"
"2099137443","2008381748","0.0714286"
"2008381748","2153822153","0.12406"
"2153822153","2008381748","0.12406"
"2008381748","2166112157","0.521429"
"2166112157","2008381748","0.521429"
"2008381748","2580101837","1.27143"
"2580101837","2008381748","1.27143"
"2019304142","2034883828","0.0714286"
"2034883828","2019304142","0.0714286"
"2019304142","2045587762","0.0714286"
"2045587762","2019304142","0.0714286"
"2019304142","2051815899","0.271429"
"2051815899","2019304142","0.271429"
"2019304142","2073215154","0.0714286"
"2073215154","2019304142","0.0714286"
"2019304142","2099137443","0.0714286"
"2099137443","2019304142","0.0714286"
"2019304142","2153822153","0.12406"
"2153822153","2019304142","0.12406"
"2019304142","2166112157","0.0714286"
"2166112157","2019304142","0.0714286"
"2019304142","2580101837","1.07143"
"2580101837","2019304142","1.07143"
"2034883828","2051815899","0.0714286"
"2051815899","2034883828","0.0714286"
"2034883828","2099137443","0.0714286"
"2099137443","2034883828","0.0714286"
"2034883828","2121096014","0.0714286"
"2121096014","2034883828","0.0714286"
"2034883828","2153822153","0.0714286"
"2153822153","2034883828","0.0714286"
"1554010663","2031992506","1"
"2031992506","1554010663","1"
"1999128379","2030593446","0.333333"
"2030593446","1999128379","0.333333"
"1554010663","2528418933","0.2"
"2528418933","1554010663","0.2"
"1996452074","2019304142","0.2"
"2019304142","1996452074","0.2"
"1996452074","2528418933","0.45"
"2528418933","1996452074","0.45"
"2019304142","2028445419","0.252632"
"2028445419","2019304142","0.252632"
"2019304142","2528418933","0.2"
"2528418933","2019304142","0.2"
"2028445419","2051815899","1.2"
"2051815899","2028445419","1.2"
"2028445419","2528418933","0.2"
"2528418933","2028445419","0.2"
"2051815899","2528418933","0.2"
"2528418933","2051815899","0.2"
"1595526552","2019304142","1.05263"
"2019304142","1595526552","1.05263"
"1595526552","2008381748","1.05263"
"2008381748","1595526552","1.05263"
"1595526552","2166457324","2"
"2166457324","1595526552","2"
"1595526552","2908069894","0.2"
"2908069894","1595526552","0.2"
"1992326630","2045587762","0.2"
"2045587762","1992326630","0.2"
"1992326630","2908069894","0.2"
"2908069894","1992326630","0.2"
"2028445419","2908069894","0.2"
"2908069894","2028445419","0.2"
"2045587762","2908069894","0.2"
"2908069894","2045587762","0.2"
"2073695370","2908069894","2.86667"
"2908069894","2073695370","2.86667"
"1595526552","1968889228","0.0526316"
"1968889228","1595526552","0.0526316"
"1595526552","1983962034","0.0526316"
"1983962034","1595526552","0.0526316"
"1595526552","1993023269","0.0526316"
"1993023269","1595526552","0.0526316"
"1595526552","2011302554","0.0526316"
"2011302554","1595526552","0.0526316"
"1595526552","2033473771","0.0526316"
"2033473771","1595526552","0.0526316"
"1595526552","2091043825","0.0526316"
"2091043825","1595526552","0.0526316"
