"1488963770","1537681904","1"
"1537681904","1488963770","1"
"1488963770","2102257113","0.5"
"2102257113","1488963770","0.5"
"1488963770","2237735018","1.5"
"2237735018","1488963770","1.5"
"2102257113","2237735018","0.5"
"2237735018","2102257113","0.5"
"1488963770","1891920447","0.5"
"1891920447","1488963770","0.5"
"1488963770","2258906923","0.5"
"2258906923","1488963770","0.5"
"1891920447","2258906923","1.75"
"2258906923","1891920447","1.75"
"1493486014","1585026757","5.86111"
"1585026757","1493486014","5.86111"
"1493486014","1595969808","4.46111"
"1595969808","1493486014","4.46111"
"1493486014","1614481293","5.86111"
"1614481293","1493486014","5.86111"
"1493486014","1638566616","3.04444"
"1638566616","1493486014","3.04444"
"1493486014","1926475475","5.86111"
"1926475475","1493486014","5.86111"
"1493486014","2199877667","3.81111"
"2199877667","1493486014","3.81111"
"1585026757","1595969808","4.79444"
"1595969808","1585026757","4.79444"
"1585026757","1614481293","6.19444"
"1614481293","1585026757","6.19444"
"1585026757","1638566616","3.04444"
"1638566616","1585026757","3.04444"
"1585026757","1926475475","6.19444"
"1926475475","1585026757","6.19444"
"1585026757","2199877667","3.81111"
"2199877667","1585026757","3.81111"
"1595969808","1614481293","4.79444"
"1614481293","1595969808","4.79444"
"1595969808","1638566616","1.64444"
"1638566616","1595969808","1.64444"
"1595969808","1926475475","4.79444"
"1926475475","1595969808","4.79444"
"1595969808","2199877667","2.41111"
"2199877667","1595969808","2.41111"
"1614481293","1638566616","3.04444"
"1638566616","1614481293","3.04444"
"1614481293","1926475475","6.19444"
"1926475475","1614481293","6.19444"
"1614481293","2199877667","3.81111"
"2199877667","1614481293","3.81111"
"1638566616","1926475475","3.04444"
"1926475475","1638566616","3.04444"
"1638566616","2199877667","2.84444"
"2199877667","1638566616","2.84444"
"1926475475","2199877667","3.81111"
"2199877667","1926475475","3.81111"
"1493486014","1537681904","0.111111"
"1537681904","1493486014","0.111111"
"1493486014","2258906923","0.111111"
"2258906923","1493486014","0.111111"
"1493486014","2399139401","0.877778"
"2399139401","1493486014","0.877778"
"1537681904","1585026757","0.111111"
"1585026757","1537681904","0.111111"
"1537681904","1595969808","0.111111"
"1595969808","1537681904","0.111111"
"1537681904","1614481293","0.111111"
"1614481293","1537681904","0.111111"
"1537681904","1638566616","0.111111"
"1638566616","1537681904","0.111111"
"1537681904","1926475475","0.111111"
"1926475475","1537681904","0.111111"
"1537681904","2199877667","0.111111"
"2199877667","1537681904","0.111111"
"1537681904","2258906923","0.111111"
"2258906923","1537681904","0.111111"
"1537681904","2399139401","0.111111"
"2399139401","1537681904","0.111111"
"1585026757","2258906923","0.111111"
"2258906923","1585026757","0.111111"
"1585026757","2399139401","0.877778"
"2399139401","1585026757","0.877778"
"1595969808","2258906923","0.111111"
"2258906923","1595969808","0.111111"
"1595969808","2399139401","0.877778"
"2399139401","1595969808","0.877778"
"1614481293","2258906923","0.111111"
"2258906923","1614481293","0.111111"
"1614481293","2399139401","0.877778"
"2399139401","1614481293","0.877778"
"1638566616","2258906923","0.111111"
"2258906923","1638566616","0.111111"
"1638566616","2399139401","0.111111"
"2399139401","1638566616","0.111111"
"1926475475","2258906923","0.111111"
"2258906923","1926475475","0.111111"
"1926475475","2399139401","0.877778"
"2399139401","1926475475","0.877778"
"2199877667","2258906923","0.111111"
"2258906923","2199877667","0.111111"
"2199877667","2399139401","0.277778"
"2399139401","2199877667","0.277778"
"2258906923","2399139401","0.111111"
"2399139401","2258906923","0.111111"
"1537681904","1812653665","1"
"1812653665","1537681904","1"
"1777660814","2237735018","1.25"
"2237735018","1777660814","1.25"
"1777660814","1812653665","0.25"
"1812653665","1777660814","0.25"
"1777660814","1891920447","0.25"
"1891920447","1777660814","0.25"
"1777660814","2258906923","0.25"
"2258906923","1777660814","0.25"
"1812653665","1891920447","0.25"
"1891920447","1812653665","0.25"
"1812653665","2237735018","0.25"
"2237735018","1812653665","0.25"
"1812653665","2258906923","0.25"
"2258906923","1812653665","0.25"
"1891920447","2237735018","0.25"
"2237735018","1891920447","0.25"
"2237735018","2258906923","0.25"
"2258906923","2237735018","0.25"
"1812653665","2397432565","3"
"2397432565","1812653665","3"
"2102257113","2266682832","1"
"2266682832","2102257113","1"
"2266682832","999141321","2"
"999141321","2266682832","2"
