"1509942742","1517298775","2.21978"
"1517298775","1509942742","2.21978"
"1509942742","2108086950","3.46978"
"2108086950","1509942742","3.46978"
"1517298775","2108086950","3.21978"
"2108086950","1517298775","3.21978"
"1509942742","1527141881","0.642857"
"1527141881","1509942742","0.642857"
"1509942742","2032006780","0.826923"
"2032006780","1509942742","0.826923"
"1517298775","1527141881","1.64286"
"1527141881","1517298775","1.64286"
"1517298775","2032006780","0.576923"
"2032006780","1517298775","0.576923"
"1527141881","2032006780","1.89286"
"2032006780","1527141881","1.89286"
"1527141881","2108086950","0.785714"
"2108086950","1527141881","0.785714"
"2032006780","2108086950","1.46978"
"2108086950","2032006780","1.46978"
"1509942742","1573763691","0.21978"
"1573763691","1509942742","0.21978"
"1509942742","19824983","0.142857"
"19824983","1509942742","0.142857"
"1509942742","2055015814","0.46978"
"2055015814","1509942742","0.46978"
"1509942742","2145606287","0.46978"
"2145606287","1509942742","0.46978"
"1517298775","1573763691","0.21978"
"1573763691","1517298775","0.21978"
"1517298775","19824983","0.142857"
"19824983","1517298775","0.142857"
"1517298775","2055015814","0.71978"
"2055015814","1517298775","0.71978"
"1517298775","2145606287","0.71978"
"2145606287","1517298775","0.71978"
"1527141881","1573763691","0.142857"
"1573763691","1527141881","0.142857"
"1527141881","19824983","0.142857"
"19824983","1527141881","0.142857"
"1527141881","2055015814","1.03571"
"2055015814","1527141881","1.03571"
"1527141881","2145606287","1.28571"
"2145606287","1527141881","1.28571"
"1573763691","19824983","1.89286"
"19824983","1573763691","1.89286"
"1573763691","2055015814","0.21978"
"2055015814","1573763691","0.21978"
"1573763691","2108086950","0.21978"
"2108086950","1573763691","0.21978"
"1573763691","2145606287","0.21978"
"2145606287","1573763691","0.21978"
"19824983","2055015814","0.142857"
"2055015814","19824983","0.142857"
"19824983","2108086950","0.142857"
"2108086950","19824983","0.142857"
"19824983","2145606287","0.142857"
"2145606287","19824983","0.142857"
"2055015814","2108086950","0.612637"
"2108086950","2055015814","0.612637"
"2055015814","2145606287","17.6126"
"2145606287","2055015814","17.6126"
"2108086950","2145606287","0.612637"
"2145606287","2108086950","0.612637"
"2032006780","2055015814","1.88645"
"2055015814","2032006780","1.88645"
"2032006780","2145606287","1.88645"
"2145606287","2032006780","1.88645"
"1509942742","1571065273","0.0769231"
"1571065273","1509942742","0.0769231"
"1509942742","1576837669","0.0769231"
"1576837669","1509942742","0.0769231"
"1509942742","1585517570","0.0769231"
"1585517570","1509942742","0.0769231"
"1509942742","176366498","0.0769231"
"176366498","1509942742","0.0769231"
"1509942742","2052795696","0.0769231"
"2052795696","1509942742","0.0769231"
"1509942742","2097014000","0.0769231"
"2097014000","1509942742","0.0769231"
"1509942742","2130846207","0.0769231"
"2130846207","1509942742","0.0769231"
"1517298775","1571065273","0.0769231"
"1571065273","1517298775","0.0769231"
"1517298775","1576837669","0.0769231"
"1576837669","1517298775","0.0769231"
"1517298775","1585517570","0.0769231"
"1585517570","1517298775","0.0769231"
"1517298775","176366498","0.0769231"
"176366498","1517298775","0.0769231"
"1517298775","2052795696","1.07692"
"2052795696","1517298775","1.07692"
"1517298775","2097014000","0.0769231"
"2097014000","1517298775","0.0769231"
"1517298775","2130846207","0.0769231"
"2130846207","1517298775","0.0769231"
"1571065273","1573763691","0.0769231"
"1573763691","1571065273","0.0769231"
"1571065273","1576837669","1.41026"
"1576837669","1571065273","1.41026"
"1571065273","1585517570","0.326923"
"1585517570","1571065273","0.326923"
"1571065273","176366498","1.07692"
"176366498","1571065273","1.07692"
"1571065273","2032006780","0.21978"
"2032006780","1571065273","0.21978"
"1571065273","2052795696","0.21978"
"2052795696","1571065273","0.21978"
"1571065273","2055015814","0.46978"
"2055015814","1571065273","0.46978"
"1571065273","2097014000","2.46978"
"2097014000","1571065273","2.46978"
"1571065273","2108086950","0.21978"
"2108086950","1571065273","0.21978"
"1571065273","2130846207","0.410256"
"2130846207","1571065273","0.410256"
"1571065273","2145606287","0.46978"
"2145606287","1571065273","0.46978"
"1573763691","1576837669","0.576923"
"1576837669","1573763691","0.576923"
"1573763691","1585517570","0.826923"
"1585517570","1573763691","0.826923"
"1573763691","176366498","0.0769231"
"176366498","1573763691","0.0769231"
"1573763691","2032006780","0.0769231"
"2032006780","1573763691","0.0769231"
"1573763691","2052795696","0.0769231"
"2052795696","1573763691","0.0769231"
"1573763691","2097014000","0.826923"
"2097014000","1573763691","0.826923"
"1573763691","2130846207","0.0769231"
"2130846207","1573763691","0.0769231"
"1576837669","1585517570","0.576923"
"1585517570","1576837669","0.576923"
"1576837669","176366498","0.410256"
"176366498","1576837669","0.410256"
"1576837669","2032006780","0.0769231"
"2032006780","1576837669","0.0769231"
"1576837669","2052795696","0.0769231"
"2052795696","1576837669","0.0769231"
"1576837669","2055015814","0.0769231"
"2055015814","1576837669","0.0769231"
"1576837669","2097014000","0.0769231"
"2097014000","1576837669","0.0769231"
"1576837669","2108086950","0.0769231"
"2108086950","1576837669","0.0769231"
"1576837669","2130846207","0.74359"
"2130846207","1576837669","0.74359"
"1576837669","2145606287","0.0769231"
"2145606287","1576837669","0.0769231"
"1585517570","176366498","0.410256"
"176366498","1585517570","0.410256"
"1585517570","2032006780","0.0769231"
"2032006780","1585517570","0.0769231"
"1585517570","2052795696","0.326923"
"2052795696","1585517570","0.326923"
"1585517570","2055015814","1.66026"
"2055015814","1585517570","1.66026"
"1585517570","2097014000","0.910256"
"2097014000","1585517570","0.910256"
"1585517570","2108086950","0.0769231"
"2108086950","1585517570","0.0769231"
"1585517570","2130846207","0.0769231"
"2130846207","1585517570","0.0769231"
"1585517570","2145606287","1.91026"
"2145606287","1585517570","1.91026"
"176366498","2032006780","0.0769231"
"2032006780","176366498","0.0769231"
"176366498","2052795696","0.0769231"
"2052795696","176366498","0.0769231"
"176366498","2055015814","0.0769231"
"2055015814","176366498","0.0769231"
"176366498","2097014000","0.0769231"
"2097014000","176366498","0.0769231"
"176366498","2108086950","0.0769231"
"2108086950","176366498","0.0769231"
"176366498","2130846207","0.410256"
"2130846207","176366498","0.410256"
"176366498","2145606287","0.0769231"
"2145606287","176366498","0.0769231"
"2032006780","2052795696","2.88645"
"2052795696","2032006780","2.88645"
"2032006780","2097014000","0.21978"
"2097014000","2032006780","0.21978"
"2032006780","2130846207","0.410256"
"2130846207","2032006780","0.410256"
"2052795696","2055015814","0.553114"
"2055015814","2052795696","0.553114"
"2052795696","2097014000","0.21978"
"2097014000","2052795696","0.21978"
"2052795696","2108086950","0.71978"
"2108086950","2052795696","0.71978"
"2052795696","2130846207","0.0769231"
"2130846207","2052795696","0.0769231"
"2052795696","2145606287","0.803114"
"2145606287","2052795696","0.803114"
"2055015814","2097014000","0.803114"
"2097014000","2055015814","0.803114"
"2055015814","2130846207","0.410256"
"2130846207","2055015814","0.410256"
"2097014000","2108086950","0.21978"
"2108086950","2097014000","0.21978"
"2097014000","2130846207","0.0769231"
"2130846207","2097014000","0.0769231"
"2097014000","2145606287","0.803114"
"2145606287","2097014000","0.803114"
"2108086950","2130846207","0.0769231"
"2130846207","2108086950","0.0769231"
"2130846207","2145606287","0.410256"
"2145606287","2130846207","0.410256"
"1527141881","2052795696","1.39286"
"2052795696","1527141881","1.39286"
"1527141881","1753173032","0.5"
"1753173032","1527141881","0.5"
"1753173032","2032006780","1.58333"
"2032006780","1753173032","1.58333"
"1753173032","2055015814","0.25"
"2055015814","1753173032","0.25"
"1753173032","2145606287","0.5"
"2145606287","1753173032","0.5"
"1527141881","1585517570","0.25"
"1585517570","1527141881","0.25"
"1585517570","1753173032","0.25"
"1753173032","1585517570","0.25"
"1753173032","2052795696","0.583333"
"2052795696","1753173032","0.583333"
"1527141881","1571065273","0.142857"
"1571065273","1527141881","0.142857"
"1527141881","2097014000","0.142857"
"2097014000","1527141881","0.142857"
"1559264516","2187206990","8"
"2187206990","1559264516","8"
"1559264516","2162257803","2"
"2162257803","1559264516","2"
"2162257803","2187206990","1"
"2187206990","2162257803","1"
"1571065273","1572890700","2.33333"
"1572890700","1571065273","2.33333"
"1572890700","1576837669","6.33333"
"1576837669","1572890700","6.33333"
"1572890700","2130846207","1.33333"
"2130846207","1572890700","1.33333"
"1572890700","1585517570","1.58333"
"1585517570","1572890700","1.58333"
"1572890700","176366498","0.333333"
"176366498","1572890700","0.333333"
"1572890700","19824983","0.583333"
"19824983","1572890700","0.583333"
"1585517570","19824983","2.58333"
"19824983","1585517570","2.58333"
"176366498","19824983","0.833333"
"19824983","176366498","0.833333"
"1572890700","2152498909","1"
"2152498909","1572890700","1"
"1572890700","1573763691","0.25"
"1573763691","1572890700","0.25"
"1572890700","2097014000","0.25"
"2097014000","1572890700","0.25"
"19824983","2097014000","0.25"
"2097014000","19824983","0.25"
"1573763691","65242374","1"
"65242374","1573763691","1"
"19824983","65242374","0.5"
"65242374","19824983","0.5"
"2097014000","65242374","0.5"
"65242374","2097014000","0.5"
"1576837669","65242374","1"
"65242374","1576837669","1"
"1576837669","1603831934","0.333333"
"1603831934","1576837669","0.333333"
"1603831934","176366498","0.833333"
"176366498","1603831934","0.833333"
"1603831934","2130846207","0.333333"
"2130846207","1603831934","0.333333"
"1585517570","2294184806","1"
"2294184806","1585517570","1"
"1603831934","19824983","0.5"
"19824983","1603831934","0.5"
"1753173032","2148710142","0.333333"
"2148710142","1753173032","0.333333"
"2032006780","2148710142","0.333333"
"2148710142","2032006780","0.333333"
"2052795696","2148710142","0.333333"
"2148710142","2052795696","0.333333"
"1978802375","2921107430","3.5"
"2921107430","1978802375","3.5"
"1978802375","1992661051","0.833333"
"1992661051","1978802375","0.833333"
"1978802375","2294184806","0.333333"
"2294184806","1978802375","0.333333"
"1978802375","2572964892","0.333333"
"2572964892","1978802375","0.333333"
"1992661051","2294184806","0.333333"
"2294184806","1992661051","0.333333"
"1992661051","2572964892","10.3333"
"2572964892","1992661051","10.3333"
"2294184806","2572964892","11.3333"
"2572964892","2294184806","11.3333"
"1992661051","2921107430","0.5"
"2921107430","1992661051","0.5"
"1992661051","2950423006","2.5"
"2950423006","1992661051","2.5"
"1992661051","2016324608","0.5"
"2016324608","1992661051","0.5"
"2016324608","2950423006","0.5"
"2950423006","2016324608","0.5"
"2001134579","2547228703","11.8333"
"2547228703","2001134579","11.8333"
"2001134579","2294184806","1.33333"
"2294184806","2001134579","1.33333"
"2001134579","2572964892","4.5"
"2572964892","2001134579","4.5"
"2294184806","2547228703","1.33333"
"2547228703","2294184806","1.33333"
"2547228703","2572964892","7.5"
"2572964892","2547228703","7.5"
"2001134579","2950423006","0.333333"
"2950423006","2001134579","0.333333"
"2294184806","2950423006","0.333333"
"2950423006","2294184806","0.333333"
"2547228703","2950423006","0.333333"
"2950423006","2547228703","0.333333"
"2016324608","2059165949","7"
"2059165949","2016324608","7"
"2032006780","2176479509","0.5"
"2176479509","2032006780","0.5"
"2052795696","2176479509","0.5"
"2176479509","2052795696","0.5"
"2152498909","80406523","2"
"80406523","2152498909","2"
