"1503091156","1601925768","25.9397"
"1601925768","1503091156","25.9397"
"1503091156","1995339490","3.70397"
"1995339490","1503091156","3.70397"
"1503091156","2098618284","3.70397"
"2098618284","1503091156","3.70397"
"1503091156","2497521232","5.4873"
"2497521232","1503091156","5.4873"
"1601925768","1995339490","3.70397"
"1995339490","1601925768","3.70397"
"1601925768","2098618284","3.70397"
"2098618284","1601925768","3.70397"
"1601925768","2497521232","5.4873"
"2497521232","1601925768","5.4873"
"1995339490","2098618284","2.11111"
"2098618284","1995339490","2.11111"
"1995339490","2497521232","21.2373"
"2497521232","1995339490","21.2373"
"2098618284","2497521232","3.76111"
"2497521232","2098618284","3.76111"
"1503091156","1523194426","2.62302"
"1523194426","1503091156","2.62302"
"1503091156","2209943643","2.78016"
"2209943643","1503091156","2.78016"
"1503091156","2399459188","2.37302"
"2399459188","1503091156","2.37302"
"1523194426","1601925768","2.62302"
"1601925768","1523194426","2.62302"
"1523194426","1995339490","3.2873"
"1995339490","1523194426","3.2873"
"1523194426","2209943643","24.6802"
"2209943643","1523194426","24.6802"
"1523194426","2399459188","29.523"
"2399459188","1523194426","29.523"
"1523194426","2497521232","3.95397"
"2497521232","1523194426","3.95397"
"1601925768","2209943643","3.78016"
"2209943643","1601925768","3.78016"
"1601925768","2399459188","2.37302"
"2399459188","1601925768","2.37302"
"1995339490","2209943643","1.8373"
"2209943643","1995339490","1.8373"
"1995339490","2399459188","3.2873"
"2399459188","1995339490","3.2873"
"2209943643","2399459188","15.9302"
"2399459188","2209943643","15.9302"
"2209943643","2497521232","2.3373"
"2497521232","2209943643","2.3373"
"2399459188","2497521232","2.95397"
"2497521232","2399459188","2.95397"
"1503091156","2052987550","0.80119"
"2052987550","1503091156","0.80119"
"1503091156","2084640755","1.74405"
"2084640755","1503091156","1.74405"
"1503091156","2121053357","1.64683"
"2121053357","1503091156","1.64683"
"1523194426","2052987550","4.33452"
"2052987550","1523194426","4.33452"
"1523194426","2084640755","0.710714"
"2084640755","1523194426","0.710714"
"1523194426","2121053357","0.696825"
"2121053357","1523194426","0.696825"
"1601925768","2052987550","0.80119"
"2052987550","1601925768","0.80119"
"1601925768","2084640755","1.74405"
"2084640755","1601925768","1.74405"
"1601925768","2121053357","1.64683"
"2121053357","1601925768","1.64683"
"2052987550","2084640755","2.80952"
"2084640755","2052987550","2.80952"
"2052987550","2121053357","1.47619"
"2121053357","2052987550","1.47619"
"2052987550","2209943643","3.33452"
"2209943643","2052987550","3.33452"
"2052987550","2399459188","2.83452"
"2399459188","2052987550","2.83452"
"2084640755","2121053357","23.9024"
"2121053357","2084640755","23.9024"
"2084640755","2209943643","0.567857"
"2209943643","2084640755","0.567857"
"2084640755","2399459188","0.710714"
"2399459188","2084640755","0.710714"
"2121053357","2209943643","0.553968"
"2209943643","2121053357","0.553968"
"2121053357","2399459188","0.696825"
"2399459188","2121053357","0.696825"
"2084640755","2098618284","3.88452"
"2098618284","2084640755","3.88452"
"2084640755","2497521232","2.90833"
"2497521232","2084640755","2.90833"
"2098618284","2121053357","1.62063"
"2121053357","2098618284","1.62063"
"2121053357","2497521232","2.81111"
"2497521232","2121053357","2.81111"
"1995339490","2052987550","0.525"
"2052987550","1995339490","0.525"
"2052987550","2098618284","0.658333"
"2098618284","2052987550","0.658333"
"2052987550","2497521232","2.35833"
"2497521232","2052987550","2.35833"
"1503091156","2041757497","0.342857"
"2041757497","1503091156","0.342857"
"1523194426","2041757497","0.342857"
"2041757497","1523194426","0.342857"
"1523194426","2098618284","1.3873"
"2098618284","1523194426","1.3873"
"1601925768","2041757497","0.342857"
"2041757497","1601925768","0.342857"
"1995339490","2041757497","0.2"
"2041757497","1995339490","0.2"
"1995339490","2084640755","1.50833"
"2084640755","1995339490","1.50833"
"1995339490","2121053357","1.16111"
"2121053357","1995339490","1.16111"
"2041757497","2084640755","3.00952"
"2084640755","2041757497","3.00952"
"2041757497","2098618284","1.17619"
"2098618284","2041757497","1.17619"
"2041757497","2121053357","1.17619"
"2121053357","2041757497","1.17619"
"2041757497","2209943643","0.2"
"2209943643","2041757497","0.2"
"2041757497","2399459188","0.342857"
"2399459188","2041757497","0.342857"
"2041757497","2497521232","0.2"
"2497521232","2041757497","0.2"
"2098618284","2209943643","1.24444"
"2209943643","2098618284","1.24444"
"2098618284","2399459188","1.1373"
"2399459188","2098618284","1.1373"
"1503091156","2153752068","0.111111"
"2153752068","1503091156","0.111111"
"1523194426","2153752068","0.111111"
"2153752068","1523194426","0.111111"
"1601925768","2153752068","0.111111"
"2153752068","1601925768","0.111111"
"1995339490","2153752068","0.111111"
"2153752068","1995339490","0.111111"
"2098618284","2153752068","0.111111"
"2153752068","2098618284","0.111111"
"2121053357","2153752068","0.111111"
"2153752068","2121053357","0.111111"
"2153752068","2209943643","0.111111"
"2209943643","2153752068","0.111111"
"2153752068","2399459188","0.111111"
"2399459188","2153752068","0.111111"
"2153752068","2497521232","0.277778"
"2497521232","2153752068","0.277778"
"1503091156","1859707960","0.142857"
"1859707960","1503091156","0.142857"
"1523194426","1859707960","0.642857"
"1859707960","1523194426","0.642857"
"1601925768","1859707960","0.142857"
"1859707960","1601925768","0.142857"
"1859707960","1995339490","0.142857"
"1995339490","1859707960","0.142857"
"1859707960","2209943643","0.142857"
"2209943643","1859707960","0.142857"
"1859707960","2399459188","0.642857"
"2399459188","1859707960","0.642857"
"1859707960","2497521232","0.142857"
"2497521232","1859707960","0.142857"
"1503091156","2605719376","0.35"
"2605719376","1503091156","0.35"
"1523194426","2605719376","0.1"
"2605719376","1523194426","0.1"
"1601925768","2605719376","0.35"
"2605719376","1601925768","0.35"
"1995339490","2605719376","0.35"
"2605719376","1995339490","0.35"
"2084640755","2605719376","0.3"
"2605719376","2084640755","0.3"
"2098618284","2605719376","0.3"
"2605719376","2098618284","0.3"
"2121053357","2605719376","0.3"
"2605719376","2121053357","0.3"
"2209943643","2605719376","0.1"
"2605719376","2209943643","0.1"
"2399459188","2605719376","0.1"
"2605719376","2399459188","0.1"
"2497521232","2605719376","0.55"
"2605719376","2497521232","0.55"
"1503091156","2144461192","0.25"
"2144461192","1503091156","0.25"
"1601925768","2144461192","0.25"
"2144461192","1601925768","0.25"
"1995339490","2144461192","0.25"
"2144461192","1995339490","0.25"
"2144461192","2497521232","0.25"
"2497521232","2144461192","0.25"
"1505183255","2613361247","2"
"2613361247","1505183255","2"
"1505183255","1859707960","0.708333"
"1859707960","1505183255","0.708333"
"1505183255","2139072600","1.04167"
"2139072600","1505183255","1.04167"
"1505183255","2542459869","1.125"
"2542459869","1505183255","1.125"
"1859707960","2139072600","2.29167"
"2139072600","1859707960","2.29167"
"1859707960","2542459869","1.70833"
"2542459869","1859707960","1.70833"
"2139072600","2542459869","1.04167"
"2542459869","2139072600","1.04167"
"1505183255","2002791618","0.458333"
"2002791618","1505183255","0.458333"
"1505183255","2043097023","0.125"
"2043097023","1505183255","0.125"
"1505183255","2144461192","0.375"
"2144461192","1505183255","0.375"
"1505183255","2256629785","0.708333"
"2256629785","1505183255","0.708333"
"1505183255","2443893970","0.458333"
"2443893970","1505183255","0.458333"
"1859707960","2002791618","0.125"
"2002791618","1859707960","0.125"
"1859707960","2043097023","0.125"
"2043097023","1859707960","0.125"
"1859707960","2144461192","0.375"
"2144461192","1859707960","0.375"
"1859707960","2256629785","0.625"
"2256629785","1859707960","0.625"
"1859707960","2443893970","1.125"
"2443893970","1859707960","1.125"
"2002791618","2043097023","1.125"
"2043097023","2002791618","1.125"
"2002791618","2139072600","0.125"
"2139072600","2002791618","0.125"
"2002791618","2144461192","1.125"
"2144461192","2002791618","1.125"
"2002791618","2256629785","0.125"
"2256629785","2002791618","0.125"
"2002791618","2443893970","0.458333"
"2443893970","2002791618","0.458333"
"2002791618","2542459869","0.458333"
"2542459869","2002791618","0.458333"
"2043097023","2139072600","1.125"
"2139072600","2043097023","1.125"
"2043097023","2144461192","0.125"
"2144461192","2043097023","0.125"
"2043097023","2256629785","0.125"
"2256629785","2043097023","0.125"
"2043097023","2443893970","0.125"
"2443893970","2043097023","0.125"
"2043097023","2542459869","0.125"
"2542459869","2043097023","0.125"
"2139072600","2144461192","11.875"
"2144461192","2139072600","11.875"
"2139072600","2256629785","0.958333"
"2256629785","2139072600","0.958333"
"2139072600","2443893970","0.125"
"2443893970","2139072600","0.125"
"2144461192","2256629785","0.375"
"2256629785","2144461192","0.375"
"2144461192","2443893970","0.125"
"2443893970","2144461192","0.125"
"2144461192","2542459869","1.125"
"2542459869","2144461192","1.125"
"2256629785","2443893970","0.958333"
"2443893970","2256629785","0.958333"
"2256629785","2542459869","4.54167"
"2542459869","2256629785","4.54167"
"2443893970","2542459869","2.29167"
"2542459869","2443893970","2.29167"
"1523194426","2613361247","0.583333"
"2613361247","1523194426","0.583333"
"1995339490","2613361247","0.583333"
"2613361247","1995339490","0.583333"
"2399459188","2613361247","0.583333"
"2613361247","2399459188","0.583333"
"1523194426","1558940048","0.2"
"1558940048","1523194426","0.2"
"1523194426","2144461192","0.2"
"2144461192","1523194426","0.2"
"1558940048","2052987550","0.2"
"2052987550","1558940048","0.2"
"1558940048","2144461192","0.2"
"2144461192","1558940048","0.2"
"1558940048","2209943643","1.2"
"2209943643","1558940048","1.2"
"1558940048","2399459188","0.2"
"2399459188","1558940048","0.2"
"2052987550","2144461192","0.2"
"2144461192","2052987550","0.2"
"2144461192","2209943643","0.2"
"2209943643","2144461192","0.2"
"2144461192","2399459188","0.2"
"2399459188","2144461192","0.2"
"2497521232","2613361247","0.45"
"2613361247","2497521232","0.45"
"1558940048","1701068577","1.41667"
"1701068577","1558940048","1.41667"
"1558940048","2153752068","4.41667"
"2153752068","1558940048","4.41667"
"1701068577","2153752068","3.16667"
"2153752068","1701068577","3.16667"
"1558940048","2107800601","2.91667"
"2107800601","1558940048","2.91667"
"2107800601","2153752068","9"
"2153752068","2107800601","9"
"1558940048","2044490262","1.91667"
"2044490262","1558940048","1.91667"
"2044490262","2107800601","2.41667"
"2107800601","2044490262","2.41667"
"1558940048","2136575791","0.166667"
"2136575791","1558940048","0.166667"
"1558940048","2497521232","0.166667"
"2497521232","1558940048","0.166667"
"1701068577","2044490262","0.416667"
"2044490262","1701068577","0.416667"
"1701068577","2107800601","2.16667"
"2107800601","1701068577","2.16667"
"1701068577","2136575791","0.416667"
"2136575791","1701068577","0.416667"
"1701068577","2497521232","0.166667"
"2497521232","1701068577","0.166667"
"2044490262","2136575791","0.166667"
"2136575791","2044490262","0.166667"
"2044490262","2153752068","0.916667"
"2153752068","2044490262","0.916667"
"2044490262","2497521232","0.166667"
"2497521232","2044490262","0.166667"
"2107800601","2136575791","0.416667"
"2136575791","2107800601","0.416667"
"2107800601","2497521232","0.166667"
"2497521232","2107800601","0.166667"
"2136575791","2153752068","0.416667"
"2153752068","2136575791","0.416667"
"2136575791","2497521232","0.166667"
"2497521232","2136575791","0.166667"
"1701068577","1859707960","0.25"
"1859707960","1701068577","0.25"
"1859707960","2107800601","0.583333"
"2107800601","1859707960","0.583333"
"1859707960","2136575791","2.25"
"2136575791","1859707960","2.25"
"1859707960","2153752068","0.583333"
"2153752068","1859707960","0.583333"
"1701068577","2002791618","0.333333"
"2002791618","1701068577","0.333333"
"1701068577","2018030107","0.333333"
"2018030107","1701068577","0.333333"
"1701068577","2438261314","0.333333"
"2438261314","1701068577","0.333333"
"2002791618","2018030107","2.33333"
"2018030107","2002791618","2.33333"
"2002791618","2438261314","4.33333"
"2438261314","2002791618","4.33333"
"2018030107","2438261314","18.8333"
"2438261314","2018030107","18.8333"
"1859707960","2094469165","0.25"
"2094469165","1859707960","0.25"
"2094469165","2139072600","2.75"
"2139072600","2094469165","2.75"
"2094469165","2256629785","0.25"
"2256629785","2094469165","0.25"
"2094469165","2542459869","1.25"
"2542459869","2094469165","1.25"
"2107800601","2139072600","0.333333"
"2139072600","2107800601","0.333333"
"2139072600","2153752068","0.333333"
"2153752068","2139072600","0.333333"
"2018030107","2153752068","1"
"2153752068","2018030107","1"
"2018030107","2798434712","0.5"
"2798434712","2018030107","0.5"
"2438261314","2798434712","0.5"
"2798434712","2438261314","0.5"
"2018030107","2497521232","0.5"
"2497521232","2018030107","0.5"
"2438261314","2497521232","0.5"
"2497521232","2438261314","0.5"
"2018030107","2043097023","0.5"
"2043097023","2018030107","0.5"
"2043097023","2438261314","0.5"
"2438261314","2043097023","0.5"
"2041757497","2052987550","0.666667"
"2052987550","2041757497","0.666667"
"2052987550","2613361247","1"
"2613361247","2052987550","1"
"2084640755","2613361247","0.2"
"2613361247","2084640755","0.2"
"2098618284","2613361247","0.2"
"2613361247","2098618284","0.2"
"2121053357","2613361247","0.2"
"2613361247","2121053357","0.2"
"2605719376","2613361247","2.2"
"2613361247","2605719376","2.2"
"2094469165","2144461192","0.5"
"2144461192","2094469165","0.5"
"2107800601","2141192422","3"
"2141192422","2107800601","3"
"2136575791","2141192422","1"
"2141192422","2136575791","1"
"2141192422","2144461192","1"
"2144461192","2141192422","1"
"2141192422","2153752068","1"
"2153752068","2141192422","1"
"2256629785","2613361247","0.333333"
"2613361247","2256629785","0.333333"
"2443893970","2613361247","0.333333"
"2613361247","2443893970","0.333333"
"2542459869","2613361247","1.33333"
"2613361247","2542459869","1.33333"
"2256629785","2438261314","1"
"2438261314","2256629785","1"
