"1487508655","2014185546","1.12619"
"2014185546","1487508655","1.12619"
"1487508655","2097695478","0.542857"
"2097695478","1487508655","0.542857"
"1487508655","2139682845","4.75119"
"2139682845","1487508655","4.75119"
"1487508655","2161629069","0.92619"
"2161629069","1487508655","0.92619"
"1487508655","2953361321","0.4"
"2953361321","1487508655","0.4"
"2014185546","2097695478","0.542857"
"2097695478","2014185546","0.542857"
"2014185546","2139682845","1.09286"
"2139682845","2014185546","1.09286"
"2014185546","2161629069","2.28333"
"2161629069","2014185546","2.28333"
"2014185546","2953361321","0.4"
"2953361321","2014185546","0.4"
"2097695478","2139682845","0.2"
"2139682845","2097695478","0.2"
"2097695478","2161629069","0.7"
"2161629069","2097695478","0.7"
"2097695478","2953361321","6.81667"
"2953361321","2097695478","6.81667"
"2139682845","2161629069","0.592857"
"2161629069","2139682845","0.592857"
"2139682845","2953361321","0.2"
"2953361321","2139682845","0.2"
"2161629069","2953361321","0.2"
"2953361321","2161629069","0.2"
"1487508655","1544653352","0.166667"
"1544653352","1487508655","0.166667"
"1487508655","2019998825","0.166667"
"2019998825","1487508655","0.166667"
"1487508655","2089527922","0.166667"
"2089527922","1487508655","0.166667"
"1487508655","2141833902","0.166667"
"2141833902","1487508655","0.166667"
"1487508655","2155970976","0.166667"
"2155970976","1487508655","0.166667"
"1487508655","2166089509","0.166667"
"2166089509","1487508655","0.166667"
"1544653352","2019998825","2"
"2019998825","1544653352","2"
"1544653352","2089527922","4.17619"
"2089527922","1544653352","4.17619"
"1544653352","2141833902","0.309524"
"2141833902","1544653352","0.309524"
"1544653352","2155970976","0.166667"
"2155970976","1544653352","0.166667"
"1544653352","2166089509","0.166667"
"2166089509","1544653352","0.166667"
"2019998825","2089527922","13.5833"
"2089527922","2019998825","13.5833"
"2019998825","2141833902","0.416667"
"2141833902","2019998825","0.416667"
"2019998825","2155970976","0.166667"
"2155970976","2019998825","0.166667"
"2019998825","2166089509","0.166667"
"2166089509","2019998825","0.166667"
"2089527922","2141833902","1.05952"
"2141833902","2089527922","1.05952"
"2089527922","2155970976","0.166667"
"2155970976","2089527922","0.166667"
"2089527922","2166089509","1.75758"
"2166089509","2089527922","1.75758"
"2141833902","2155970976","0.166667"
"2155970976","2141833902","0.166667"
"2141833902","2166089509","0.214286"
"2166089509","2141833902","0.214286"
"2155970976","2166089509","1"
"2166089509","2155970976","1"
"1487508655","2103207352","0.467857"
"2103207352","1487508655","0.467857"
"1487508655","2168780254","0.4"
"2168780254","1487508655","0.4"
"1487508655","2170853664","1.80119"
"2170853664","1487508655","1.80119"
"1487508655","2728889630","0.610714"
"2728889630","1487508655","0.610714"
"2103207352","2139682845","0.667857"
"2139682845","2103207352","0.667857"
"2103207352","2168780254","1.35238"
"2168780254","2103207352","1.35238"
"2103207352","2170853664","2.32781"
"2170853664","2103207352","2.32781"
"2103207352","2728889630","1.29448"
"2728889630","2103207352","1.29448"
"2139682845","2168780254","0.542857"
"2168780254","2139682845","0.542857"
"2139682845","2170853664","0.658333"
"2170853664","2139682845","0.658333"
"2139682845","2728889630","0.610714"
"2728889630","2139682845","0.610714"
"2168780254","2170853664","0.342857"
"2170853664","2168780254","0.342857"
"2168780254","2728889630","0.42619"
"2728889630","2168780254","0.42619"
"2170853664","2728889630","3.34521"
"2728889630","2170853664","3.34521"
"1487508655","2135279969","0.553571"
"2135279969","1487508655","0.553571"
"1487508655","2168406720","0.910714"
"2168406720","1487508655","0.910714"
"1487508655","2179242664","0.267857"
"2179242664","1487508655","0.267857"
"1487508655","2612914560","0.285714"
"2612914560","1487508655","0.285714"
"2103207352","2135279969","0.619048"
"2135279969","2103207352","0.619048"
"2103207352","2168406720","0.494048"
"2168406720","2103207352","0.494048"
"2103207352","2179242664","5.10996"
"2179242664","2103207352","5.10996"
"2103207352","2612914560","0.826623"
"2612914560","2103207352","0.826623"
"2135279969","2168406720","1.3369"
"2168406720","2135279969","1.3369"
"2135279969","2170853664","0.410714"
"2170853664","2135279969","0.410714"
"2135279969","2179242664","0.47619"
"2179242664","2135279969","0.47619"
"2135279969","2612914560","0.285714"
"2612914560","2135279969","0.285714"
"2135279969","2728889630","0.694048"
"2728889630","2135279969","0.694048"
"2168406720","2170853664","0.410714"
"2170853664","2168406720","0.410714"
"2168406720","2179242664","0.35119"
"2179242664","2168406720","0.35119"
"2168406720","2612914560","0.142857"
"2612914560","2168406720","0.142857"
"2168406720","2728889630","0.55119"
"2728889630","2168406720","0.55119"
"2170853664","2179242664","1.65162"
"2179242664","2170853664","1.65162"
"2170853664","2612914560","0.653546"
"2612914560","2170853664","0.653546"
"2179242664","2612914560","0.826623"
"2612914560","2179242664","0.826623"
"2179242664","2728889630","0.951623"
"2728889630","2179242664","0.951623"
"2612914560","2728889630","6.45712"
"2728889630","2612914560","6.45712"
"1487508655","2103412498","0.833333"
"2103412498","1487508655","0.833333"
"2103412498","2139682845","2.17619"
"2139682845","2103412498","2.17619"
"2103412498","2170853664","0.833333"
"2170853664","2103412498","0.833333"
"1487508655","2124954621","0.125"
"2124954621","1487508655","0.125"
"2103207352","2124954621","0.5"
"2124954621","2103207352","0.5"
"2124954621","2135279969","0.25"
"2135279969","2124954621","0.25"
"2124954621","2139682845","0.125"
"2139682845","2124954621","0.125"
"2124954621","2168406720","0.125"
"2168406720","2124954621","0.125"
"2124954621","2170853664","0.201923"
"2170853664","2124954621","0.201923"
"2124954621","2179242664","0.25"
"2179242664","2124954621","0.25"
"2124954621","2728889630","0.125"
"2728889630","2124954621","0.125"
"2135279969","2139682845","0.267857"
"2139682845","2135279969","0.267857"
"2139682845","2168406720","0.125"
"2168406720","2139682845","0.125"
"2139682845","2179242664","0.125"
"2179242664","2139682845","0.125"
"1487508655","2259014610","0.342857"
"2259014610","1487508655","0.342857"
"1487508655","2949337399","0.142857"
"2949337399","1487508655","0.142857"
"2135279969","2161629069","0.642857"
"2161629069","2135279969","0.642857"
"2135279969","2259014610","0.142857"
"2259014610","2135279969","0.142857"
"2135279969","2949337399","0.22619"
"2949337399","2135279969","0.22619"
"2139682845","2259014610","0.285714"
"2259014610","2139682845","0.285714"
"2139682845","2612914560","0.142857"
"2612914560","2139682845","0.142857"
"2139682845","2949337399","0.142857"
"2949337399","2139682845","0.142857"
"2161629069","2259014610","0.142857"
"2259014610","2161629069","0.142857"
"2161629069","2612914560","0.142857"
"2612914560","2161629069","0.142857"
"2161629069","2728889630","0.142857"
"2728889630","2161629069","0.142857"
"2161629069","2949337399","0.142857"
"2949337399","2161629069","0.142857"
"2259014610","2612914560","0.619048"
"2612914560","2259014610","0.619048"
"2259014610","2728889630","3.54524"
"2728889630","2259014610","3.54524"
"2259014610","2949337399","0.392857"
"2949337399","2259014610","0.392857"
"2612914560","2949337399","0.142857"
"2949337399","2612914560","0.142857"
"2728889630","2949337399","0.47619"
"2949337399","2728889630","0.47619"
"1487508655","2156919037","0.583333"
"2156919037","1487508655","0.583333"
"2014185546","2156919037","2.58333"
"2156919037","2014185546","2.58333"
"2139682845","2156919037","0.75"
"2156919037","2139682845","0.75"
"2156919037","2161629069","8.08333"
"2161629069","2156919037","8.08333"
"1487508655","2113601246","0.5"
"2113601246","1487508655","0.5"
"2113601246","2168406720","0.72619"
"2168406720","2113601246","0.72619"
"1487508655","1513730131","0.2"
"1513730131","1487508655","0.2"
"1487508655","2098443134","0.542857"
"2098443134","1487508655","0.542857"
"1487508655","2099280312","0.542857"
"2099280312","1487508655","0.542857"
"1513730131","2098443134","0.2"
"2098443134","1513730131","0.2"
"1513730131","2099280312","0.2"
"2099280312","1513730131","0.2"
"1513730131","2168780254","0.2"
"2168780254","1513730131","0.2"
"1513730131","2259014610","0.842857"
"2259014610","1513730131","0.842857"
"2098443134","2099280312","0.769048"
"2099280312","2098443134","0.769048"
"2098443134","2168780254","2.42619"
"2168780254","2098443134","2.42619"
"2098443134","2259014610","0.2"
"2259014610","2098443134","0.2"
"2099280312","2168780254","0.569048"
"2168780254","2099280312","0.569048"
"2099280312","2259014610","0.342857"
"2259014610","2099280312","0.342857"
"2168780254","2259014610","0.342857"
"2259014610","2168780254","0.342857"
"2014185546","2098443134","0.342857"
"2098443134","2014185546","0.342857"
"2014185546","2099280312","0.485714"
"2099280312","2014185546","0.485714"
"2097695478","2098443134","0.92619"
"2098443134","2097695478","0.92619"
"2097695478","2099280312","1.42619"
"2099280312","2097695478","1.42619"
"2098443134","2953361321","0.7"
"2953361321","2098443134","0.7"
"2099280312","2953361321","0.2"
"2953361321","2099280312","0.2"
"1487508655","1999427920","0.142857"
"1999427920","1487508655","0.142857"
"1999427920","2014185546","1.14286"
"2014185546","1999427920","1.14286"
"1999427920","2097695478","0.142857"
"2097695478","1999427920","0.142857"
"1999427920","2098443134","0.142857"
"2098443134","1999427920","0.142857"
"1999427920","2099280312","0.142857"
"2099280312","1999427920","0.142857"
"1999427920","2135279969","0.142857"
"2135279969","1999427920","0.142857"
"1999427920","2168406720","0.142857"
"2168406720","1999427920","0.142857"
"2014185546","2135279969","0.142857"
"2135279969","2014185546","0.142857"
"2014185546","2168406720","0.142857"
"2168406720","2014185546","0.142857"
"2097695478","2135279969","0.72619"
"2135279969","2097695478","0.72619"
"2097695478","2168406720","0.22619"
"2168406720","2097695478","0.22619"
"2098443134","2135279969","0.694048"
"2135279969","2098443134","0.694048"
"2098443134","2168406720","1.56905"
"2168406720","2098443134","1.56905"
"2099280312","2135279969","0.869048"
"2135279969","2099280312","0.869048"
"2099280312","2168406720","1.86905"
"2168406720","2099280312","1.86905"
"1513730131","2518235607","5.83333"
"2518235607","1513730131","5.83333"
"1513730131","2145466803","2"
"2145466803","1513730131","2"
"1513730131","2089527922","1.64286"
"2089527922","1513730131","1.64286"
"1513730131","2103207352","0.47619"
"2103207352","1513730131","0.47619"
"1513730131","2170853664","0.142857"
"2170853664","1513730131","0.142857"
"1513730131","2179242664","0.142857"
"2179242664","1513730131","0.142857"
"1513730131","2612914560","0.142857"
"2612914560","1513730131","0.142857"
"1513730131","2728889630","0.142857"
"2728889630","1513730131","0.142857"
"2089527922","2103207352","0.309524"
"2103207352","2089527922","0.309524"
"2089527922","2170853664","1.14286"
"2170853664","2089527922","1.14286"
"2089527922","2179242664","0.309524"
"2179242664","2089527922","0.309524"
"2089527922","2259014610","6.55952"
"2259014610","2089527922","6.55952"
"2089527922","2612914560","0.47619"
"2612914560","2089527922","0.47619"
"2089527922","2728889630","0.97619"
"2728889630","2089527922","0.97619"
"2103207352","2259014610","0.985714"
"2259014610","2103207352","0.985714"
"2170853664","2259014610","5.09286"
"2259014610","2170853664","5.09286"
"2179242664","2259014610","0.652381"
"2259014610","2179242664","0.652381"
"1513730131","2757919840","1"
"2757919840","1513730131","1"
"1513730131","2071678527","1.33333"
"2071678527","1513730131","1.33333"
"1513730131","2160829658","0.5"
"2160829658","1513730131","0.5"
"2160829658","2518235607","1.59091"
"2518235607","2160829658","1.59091"
"1513730131","2113601246","0.333333"
"2113601246","1513730131","0.333333"
"1513730131","2949337399","0.333333"
"2949337399","1513730131","0.333333"
"2103207352","2113601246","3.30119"
"2113601246","2103207352","3.30119"
"2103207352","2949337399","0.416667"
"2949337399","2103207352","0.416667"
"2113601246","2949337399","0.416667"
"2949337399","2113601246","0.416667"
"1513730131","2151892596","0.333333"
"2151892596","1513730131","0.333333"
"2071678527","2151892596","0.333333"
"2151892596","2071678527","0.333333"
"2071678527","2518235607","0.333333"
"2518235607","2071678527","0.333333"
"2151892596","2518235607","0.333333"
"2518235607","2151892596","0.333333"
"1522754762","2150548090","1.83333"
"2150548090","1522754762","1.83333"
"1522754762","2147717285","0.916667"
"2147717285","1522754762","0.916667"
"2147717285","2150548090","26.9762"
"2150548090","2147717285","26.9762"
"1522754762","1998663979","0.0833333"
"1998663979","1522754762","0.0833333"
"1522754762","2002220286","0.0833333"
"2002220286","1522754762","0.0833333"
"1522754762","2050078636","0.0833333"
"2050078636","1522754762","0.0833333"
"1522754762","2078944907","0.0833333"
"2078944907","1522754762","0.0833333"
"1522754762","2101995353","0.0833333"
"2101995353","1522754762","0.0833333"
"1522754762","2118995439","0.0833333"
"2118995439","1522754762","0.0833333"
"1522754762","2144430183","0.0833333"
"2144430183","1522754762","0.0833333"
"1522754762","2149485059","0.0833333"
"2149485059","1522754762","0.0833333"
"1522754762","2172197636","0.0833333"
"2172197636","1522754762","0.0833333"
"1522754762","2207894255","0.0833333"
"2207894255","1522754762","0.0833333"
"1522754762","2244331736","0.0833333"
"2244331736","1522754762","0.0833333"
"1998663979","2002220286","3.85119"
"2002220286","1998663979","3.85119"
"1998663979","2050078636","0.740079"
"2050078636","1998663979","0.740079"
"1998663979","2078944907","0.416667"
"2078944907","1998663979","0.416667"
"1998663979","2101995353","3.58333"
"2101995353","1998663979","3.58333"
"1998663979","2118995439","0.392857"
"2118995439","1998663979","0.392857"
"1998663979","2144430183","2.41667"
"2144430183","1998663979","2.41667"
"1998663979","2147717285","0.208333"
"2147717285","1998663979","0.208333"
"1998663979","2149485059","0.0833333"
"2149485059","1998663979","0.0833333"
"1998663979","2172197636","0.448413"
"2172197636","1998663979","0.448413"
"1998663979","2207894255","0.416667"
"2207894255","1998663979","0.416667"
"1998663979","2244331736","0.615079"
"2244331736","1998663979","0.615079"
"2002220286","2050078636","1.67723"
"2050078636","2002220286","1.67723"
"2002220286","2078944907","3.32839"
"2078944907","2002220286","3.32839"
"2002220286","2101995353","2.76353"
"2101995353","2002220286","2.76353"
"2002220286","2118995439","1.81472"
"2118995439","2002220286","1.81472"
"2002220286","2144430183","2.21429"
"2144430183","2002220286","2.21429"
"2002220286","2147717285","0.410256"
"2147717285","2002220286","0.410256"
"2002220286","2149485059","0.160256"
"2149485059","2002220286","0.160256"
"2002220286","2172197636","5.62412"
"2172197636","2002220286","5.62412"
"2002220286","2207894255","5.72125"
"2207894255","2002220286","5.72125"
"2002220286","2244331736","3.5094"
"2244331736","2002220286","3.5094"
"2050078636","2078944907","1.08587"
"2078944907","2050078636","1.08587"
"2050078636","2101995353","1.76343"
"2101995353","2050078636","1.76343"
"2050078636","2118995439","0.497197"
"2118995439","2050078636","0.497197"
"2050078636","2144430183","0.686508"
"2144430183","2050078636","0.686508"
"2050078636","2147717285","0.74359"
"2147717285","2050078636","0.74359"
"2050078636","2149485059","0.160256"
"2149485059","2050078636","0.160256"
"2050078636","2172197636","0.751043"
"2172197636","2050078636","0.751043"
"2050078636","2207894255","1.22872"
"2207894255","2050078636","1.22872"
"2050078636","2244331736","3.21966"
"2244331736","2050078636","3.21966"
"2078944907","2101995353","1.51621"
"2101995353","2078944907","1.51621"
"2078944907","2118995439","0.624542"
"2118995439","2078944907","0.624542"
"2078944907","2144430183","0.380952"
"2144430183","2078944907","0.380952"
"2078944907","2147717285","0.285256"
"2147717285","2078944907","0.285256"
"2078944907","2149485059","0.160256"
"2149485059","2078944907","0.160256"
"2078944907","2172197636","0.767277"
"2172197636","2078944907","0.767277"
"2078944907","2207894255","9.50531"
"2207894255","2078944907","9.50531"
"2078944907","2244331736","0.767277"
"2244331736","2078944907","0.767277"
"2101995353","2118995439","1.07454"
"2118995439","2101995353","1.07454"
"2101995353","2144430183","2.54762"
"2144430183","2101995353","2.54762"
"2101995353","2147717285","0.333333"
"2147717285","2101995353","0.333333"
"2101995353","2149485059","0.0833333"
"2149485059","2101995353","0.0833333"
"2101995353","2172197636","1.1301"
"2172197636","2101995353","1.1301"
"2101995353","2207894255","1.51621"
"2207894255","2101995353","1.51621"
"2101995353","2244331736","0.430098"
"2244331736","2101995353","0.430098"
"2118995439","2144430183","0.380952"
"2144430183","2118995439","0.380952"
"2118995439","2147717285","0.333333"
"2147717285","2118995439","0.333333"
"2118995439","2149485059","0.0833333"
"2149485059","2118995439","0.0833333"
"2118995439","2172197636","7.70672"
"2172197636","2118995439","7.70672"
"2118995439","2207894255","0.624542"
"2207894255","2118995439","0.624542"
"2118995439","2244331736","0.606288"
"2244331736","2118995439","0.606288"
"2144430183","2147717285","0.0833333"
"2147717285","2144430183","0.0833333"
"2144430183","2149485059","0.0833333"
"2149485059","2144430183","0.0833333"
"2144430183","2172197636","0.269841"
"2172197636","2144430183","0.269841"
"2144430183","2207894255","0.380952"
"2207894255","2144430183","0.380952"
"2144430183","2244331736","0.186508"
"2244331736","2144430183","0.186508"
"2147717285","2149485059","2.36026"
"2149485059","2147717285","2.36026"
"2147717285","2172197636","0.333333"
"2172197636","2147717285","0.333333"
"2147717285","2207894255","0.285256"
"2207894255","2147717285","0.285256"
"2147717285","2244331736","0.0833333"
"2244331736","2147717285","0.0833333"
"2149485059","2172197636","0.0833333"
"2172197636","2149485059","0.0833333"
"2149485059","2207894255","0.160256"
"2207894255","2149485059","0.160256"
"2149485059","2244331736","0.0833333"
"2244331736","2149485059","0.0833333"
"2172197636","2207894255","0.767277"
"2207894255","2172197636","0.767277"
"2172197636","2244331736","1.0268"
"2244331736","2172197636","1.0268"
"2207894255","2244331736","1.41013"
"2244331736","2207894255","1.41013"
"1522754762","1544653352","0.333333"
"1544653352","1522754762","0.333333"
"1544653352","2147717285","0.333333"
"2147717285","1544653352","0.333333"
"1544653352","2150548090","0.333333"
"2150548090","1544653352","0.333333"
"1523623711","1981543158","1.72302"
"1981543158","1523623711","1.72302"
"1523623711","2141555863","1.24683"
"2141555863","1523623711","1.24683"
"1523623711","2150610799","3.59286"
"2150610799","1523623711","3.59286"
"1523623711","26655962","1.33016"
"26655962","1523623711","1.33016"
"1981543158","2141555863","2.69683"
"2141555863","1981543158","2.69683"
"1981543158","2150610799","1.75952"
"2150610799","1981543158","1.75952"
"1981543158","26655962","2.61349"
"26655962","1981543158","2.61349"
"2141555863","2150610799","1.42619"
"2150610799","2141555863","1.42619"
"2141555863","26655962","5.05397"
"26655962","2141555863","5.05397"
"2150610799","26655962","2.75952"
"26655962","2150610799","2.75952"
"1523623711","2039730095","2.64563"
"2039730095","1523623711","2.64563"
"1523623711","1608781995","3.36349"
"1608781995","1523623711","3.36349"
"1523623711","2016943858","4.63135"
"2016943858","1523623711","4.63135"
"1523623711","2041568348","1.58333"
"2041568348","1523623711","1.58333"
"1523623711","2240884234","1.34563"
"2240884234","1523623711","1.34563"
"1523623711","2409958836","3.31905"
"2409958836","1523623711","3.31905"
"1608781995","2016943858","2.86349"
"2016943858","1608781995","2.86349"
"1608781995","2041568348","1.41667"
"2041568348","1608781995","1.41667"
"1608781995","2150610799","0.7"
"2150610799","1608781995","0.7"
"1608781995","2240884234","1.97063"
"2240884234","1608781995","1.97063"
"1608781995","2409958836","1.50952"
"2409958836","1608781995","1.50952"
"2016943858","2041568348","0.541667"
"2041568348","2016943858","0.541667"
"2016943858","2150610799","1.46786"
"2150610799","2016943858","1.46786"
"2016943858","2240884234","0.970635"
"2240884234","2016943858","0.970635"
"2016943858","2409958836","0.777381"
"2409958836","2016943858","0.777381"
"2041568348","2150610799","2.83333"
"2150610799","2041568348","2.83333"
"2041568348","2240884234","4.375"
"2240884234","2041568348","4.375"
"2041568348","2409958836","2.16667"
"2409958836","2041568348","2.16667"
"2150610799","2240884234","0.741667"
"2240884234","2150610799","0.741667"
"2150610799","2409958836","7.12619"
"2409958836","2150610799","7.12619"
"2240884234","2409958836","1.05119"
"2409958836","2240884234","1.05119"
"1608781995","2039730095","1.52063"
"2039730095","1608781995","1.52063"
"2016943858","2039730095","1.14563"
"2039730095","2016943858","1.14563"
"1523623711","1579471886","0.478968"
"1579471886","1523623711","0.478968"
"1523623711","1984039240","0.1"
"1984039240","1523623711","0.1"
"1523623711","1995515335","0.1"
"1995515335","1523623711","0.1"
"1579471886","1608781995","0.211111"
"1608781995","1579471886","0.211111"
"1579471886","1981543158","0.478968"
"1981543158","1579471886","0.478968"
"1579471886","1984039240","0.1"
"1984039240","1579471886","0.1"
"1579471886","1995515335","0.1"
"1995515335","1579471886","0.1"
"1579471886","2016943858","0.353968"
"2016943858","1579471886","0.353968"
"1579471886","2039730095","0.211111"
"2039730095","1579471886","0.211111"
"1579471886","2141555863","0.478968"
"2141555863","1579471886","0.478968"
"1579471886","2240884234","0.336111"
"2240884234","1579471886","0.336111"
"1579471886","26655962","0.478968"
"26655962","1579471886","0.478968"
"1608781995","1981543158","0.746825"
"1981543158","1608781995","0.746825"
"1608781995","1984039240","0.1"
"1984039240","1608781995","0.1"
"1608781995","1995515335","0.1"
"1995515335","1608781995","0.1"
"1608781995","2141555863","0.603968"
"2141555863","1608781995","0.603968"
"1608781995","26655962","0.353968"
"26655962","1608781995","0.353968"
"1981543158","1984039240","0.3"
"1984039240","1981543158","0.3"
"1981543158","1995515335","0.266667"
"1995515335","1981543158","0.266667"
"1981543158","2016943858","1.01468"
"2016943858","1981543158","1.01468"
"1981543158","2039730095","0.645635"
"2039730095","1981543158","0.645635"
"1981543158","2240884234","1.64563"
"2240884234","1981543158","1.64563"
"1984039240","1995515335","0.1"
"1995515335","1984039240","0.1"
"1984039240","2016943858","0.1"
"2016943858","1984039240","0.1"
"1984039240","2039730095","0.1"
"2039730095","1984039240","0.1"
"1984039240","2141555863","0.633333"
"2141555863","1984039240","0.633333"
"1984039240","2240884234","1.43333"
"2240884234","1984039240","1.43333"
"1984039240","26655962","0.633333"
"26655962","1984039240","0.633333"
"1995515335","2016943858","0.1"
"2016943858","1995515335","0.1"
"1995515335","2039730095","0.266667"
"2039730095","1995515335","0.266667"
"1995515335","2141555863","0.85"
"2141555863","1995515335","0.85"
"1995515335","2240884234","5.18333"
"2240884234","1995515335","5.18333"
"1995515335","26655962","1.01667"
"26655962","1995515335","1.01667"
"2016943858","2141555863","0.871825"
"2141555863","2016943858","0.871825"
"2016943858","26655962","0.621825"
"26655962","2016943858","0.621825"
"2039730095","2141555863","1.00278"
"2141555863","2039730095","1.00278"
"2039730095","2240884234","1.02063"
"2240884234","2039730095","1.02063"
"2039730095","26655962","0.478968"
"26655962","2039730095","0.478968"
"2141555863","2240884234","1.91944"
"2240884234","2141555863","1.91944"
"2240884234","26655962","3.72897"
"26655962","2240884234","3.72897"
"1523623711","2150548090","0.253968"
"2150548090","1523623711","0.253968"
"1579471886","2150548090","0.111111"
"2150548090","1579471886","0.111111"
"1608781995","2150548090","0.253968"
"2150548090","1608781995","0.253968"
"1981543158","2150548090","0.253968"
"2150548090","1981543158","0.253968"
"2016943858","2150548090","0.253968"
"2150548090","2016943858","0.253968"
"2039730095","2150548090","0.111111"
"2150548090","2039730095","0.111111"
"2141555863","2150548090","0.253968"
"2150548090","2141555863","0.253968"
"2150548090","2240884234","0.111111"
"2240884234","2150548090","0.111111"
"2150548090","26655962","1.11111"
"26655962","2150548090","1.11111"
"1579471886","2041568348","0.125"
"2041568348","1579471886","0.125"
"1579471886","2150610799","0.267857"
"2150610799","1579471886","0.267857"
"1579471886","2409958836","0.267857"
"2409958836","1579471886","0.267857"
"1981543158","2041568348","0.25"
"2041568348","1981543158","0.25"
"1981543158","2409958836","1.15238"
"2409958836","1981543158","1.15238"
"2041568348","2141555863","1.5"
"2141555863","2041568348","1.5"
"2041568348","26655962","1.83333"
"26655962","2041568348","1.83333"
"2141555863","2409958836","1.00952"
"2409958836","2141555863","1.00952"
"2409958836","26655962","0.985714"
"26655962","2409958836","0.985714"
"2039730095","2041568348","0.125"
"2041568348","2039730095","0.125"
"2039730095","2150610799","0.125"
"2150610799","2039730095","0.125"
"2039730095","2409958836","0.434524"
"2409958836","2039730095","0.434524"
"1523623711","2103412498","0.142857"
"2103412498","1523623711","0.142857"
"1523623711","2147717285","0.142857"
"2147717285","1523623711","0.142857"
"1608781995","2103412498","0.142857"
"2103412498","1608781995","0.142857"
"1608781995","2147717285","0.142857"
"2147717285","1608781995","0.142857"
"1981543158","2103412498","0.142857"
"2103412498","1981543158","0.142857"
"1981543158","2147717285","0.142857"
"2147717285","1981543158","0.142857"
"2016943858","2103412498","0.142857"
"2103412498","2016943858","0.142857"
"2016943858","2147717285","0.142857"
"2147717285","2016943858","0.142857"
"2103412498","2141555863","0.142857"
"2141555863","2103412498","0.142857"
"2103412498","2147717285","1.14286"
"2147717285","2103412498","1.14286"
"2103412498","2150548090","1.14286"
"2150548090","2103412498","1.14286"
"2141555863","2147717285","0.142857"
"2147717285","2141555863","0.142857"
"1544653352","2005091928","0.5"
"2005091928","1544653352","0.5"
"1544653352","2149485059","0.5"
"2149485059","1544653352","0.5"
"2005091928","2149485059","0.576923"
"2149485059","2005091928","0.576923"
"1544653352","1967106146","1.16667"
"1967106146","1544653352","1.16667"
"1544653352","2111451400","2.47619"
"2111451400","1544653352","2.47619"
"1544653352","2118995439","0.509524"
"2118995439","1544653352","0.509524"
"1544653352","2172197636","0.509524"
"2172197636","1544653352","0.509524"
"1967106146","2019998825","0.166667"
"2019998825","1967106146","0.166667"
"1967106146","2089527922","1.16667"
"2089527922","1967106146","1.16667"
"1967106146","2111451400","0.166667"
"2111451400","1967106146","0.166667"
"1967106146","2118995439","0.214286"
"2118995439","1967106146","0.214286"
"1967106146","2172197636","0.214286"
"2172197636","1967106146","0.214286"
"2019998825","2111451400","1"
"2111451400","2019998825","1"
"2019998825","2118995439","0.166667"
"2118995439","2019998825","0.166667"
"2019998825","2172197636","0.166667"
"2172197636","2019998825","0.166667"
"2089527922","2111451400","4.64286"
"2111451400","2089527922","4.64286"
"2089527922","2118995439","0.509524"
"2118995439","2089527922","0.509524"
"2089527922","2172197636","0.509524"
"2172197636","2089527922","0.509524"
"2111451400","2118995439","0.309524"
"2118995439","2111451400","0.309524"
"2111451400","2172197636","0.309524"
"2172197636","2111451400","0.309524"
"1544653352","2087735340","0.342857"
"2087735340","1544653352","0.342857"
"1544653352","2128841495","0.142857"
"2128841495","1544653352","0.142857"
"2087735340","2089527922","0.842857"
"2089527922","2087735340","0.842857"
"2087735340","2111451400","0.142857"
"2111451400","2087735340","0.142857"
"2087735340","2118995439","0.342857"
"2118995439","2087735340","0.342857"
"2087735340","2128841495","0.142857"
"2128841495","2087735340","0.142857"
"2087735340","2141833902","0.142857"
"2141833902","2087735340","0.142857"
"2087735340","2172197636","0.342857"
"2172197636","2087735340","0.342857"
"2089527922","2128841495","0.892857"
"2128841495","2089527922","0.892857"
"2111451400","2128841495","0.142857"
"2128841495","2111451400","0.142857"
"2111451400","2141833902","0.142857"
"2141833902","2111451400","0.142857"
"2118995439","2128841495","1.11783"
"2128841495","2118995439","1.11783"
"2118995439","2141833902","1.11783"
"2141833902","2118995439","1.11783"
"2128841495","2141833902","7.66334"
"2141833902","2128841495","7.66334"
"2128841495","2172197636","1.32723"
"2172197636","2128841495","1.32723"
"2141833902","2172197636","1.42723"
"2172197636","2141833902","1.42723"
"1544653352","2101995353","0.2"
"2101995353","1544653352","0.2"
"2087735340","2101995353","0.2"
"2101995353","2087735340","0.2"
"2089527922","2101995353","0.290909"
"2101995353","2089527922","0.290909"
"1544653352","2259014610","0.666667"
"2259014610","1544653352","0.666667"
"2019998825","2259014610","1.08333"
"2259014610","2019998825","1.08333"
"2111451400","2259014610","5.75"
"2259014610","2111451400","5.75"
"1579471886","2097695478","0.0833333"
"2097695478","1579471886","0.0833333"
"1579471886","2098443134","0.208333"
"2098443134","1579471886","0.208333"
"1579471886","2099280312","0.0833333"
"2099280312","1579471886","0.0833333"
"1579471886","2103207352","0.549242"
"2103207352","1579471886","0.549242"
"1579471886","2113601246","0.208333"
"2113601246","1579471886","0.208333"
"1579471886","2135279969","0.208333"
"2135279969","1579471886","0.208333"
"1579471886","2145466803","0.208333"
"2145466803","1579471886","0.208333"
"1579471886","2168406720","0.0833333"
"2168406720","1579471886","0.0833333"
"1579471886","2168780254","0.0833333"
"2168780254","1579471886","0.0833333"
"1579471886","2179242664","0.549242"
"2179242664","1579471886","0.549242"
"1579471886","2728889630","0.174242"
"2728889630","1579471886","0.174242"
"1579471886","2949337399","0.0833333"
"2949337399","1579471886","0.0833333"
"2097695478","2103207352","0.333333"
"2103207352","2097695478","0.333333"
"2097695478","2113601246","0.25"
"2113601246","2097695478","0.25"
"2097695478","2145466803","0.833333"
"2145466803","2097695478","0.833333"
"2097695478","2168780254","0.0833333"
"2168780254","2097695478","0.0833333"
"2097695478","2179242664","0.333333"
"2179242664","2097695478","0.333333"
"2097695478","2728889630","0.0833333"
"2728889630","2097695478","0.0833333"
"2097695478","2949337399","0.0833333"
"2949337399","2097695478","0.0833333"
"2098443134","2103207352","0.35119"
"2103207352","2098443134","0.35119"
"2098443134","2113601246","0.35119"
"2113601246","2098443134","0.35119"
"2098443134","2145466803","1.40833"
"2145466803","2098443134","1.40833"
"2098443134","2179242664","0.208333"
"2179242664","2098443134","0.208333"
"2098443134","2728889630","1.28333"
"2728889630","2098443134","1.28333"
"2098443134","2949337399","0.0833333"
"2949337399","2098443134","0.0833333"
"2099280312","2103207352","0.369048"
"2103207352","2099280312","0.369048"
"2099280312","2113601246","0.22619"
"2113601246","2099280312","0.22619"
"2099280312","2145466803","0.0833333"
"2145466803","2099280312","0.0833333"
"2099280312","2179242664","0.0833333"
"2179242664","2099280312","0.0833333"
"2099280312","2728889630","0.22619"
"2728889630","2099280312","0.22619"
"2099280312","2949337399","0.0833333"
"2949337399","2099280312","0.0833333"
"2103207352","2145466803","1.45833"
"2145466803","2103207352","1.45833"
"2113601246","2135279969","0.35119"
"2135279969","2113601246","0.35119"
"2113601246","2145466803","0.208333"
"2145466803","2113601246","0.208333"
"2113601246","2168780254","0.809524"
"2168780254","2113601246","0.809524"
"2113601246","2179242664","1.24167"
"2179242664","2113601246","1.24167"
"2113601246","2728889630","0.45"
"2728889630","2113601246","0.45"
"2135279969","2145466803","0.408333"
"2145466803","2135279969","0.408333"
"2135279969","2168780254","0.22619"
"2168780254","2135279969","0.22619"
"2145466803","2168406720","0.283333"
"2168406720","2145466803","0.283333"
"2145466803","2168780254","1.08333"
"2168780254","2145466803","1.08333"
"2145466803","2179242664","0.458333"
"2179242664","2145466803","0.458333"
"2145466803","2728889630","0.283333"
"2728889630","2145466803","0.283333"
"2145466803","2949337399","0.0833333"
"2949337399","2145466803","0.0833333"
"2168406720","2168780254","1.22619"
"2168780254","2168406720","1.22619"
"2168406720","2949337399","0.0833333"
"2949337399","2168406720","0.0833333"
"2168780254","2179242664","0.416667"
"2179242664","2168780254","0.416667"
"2168780254","2949337399","0.0833333"
"2949337399","2168780254","0.0833333"
"2179242664","2949337399","0.0833333"
"2949337399","2179242664","0.0833333"
"1579471886","2124954621","0.125"
"2124954621","1579471886","0.125"
"1579471886","2578785406","0.125"
"2578785406","1579471886","0.125"
"2098443134","2124954621","0.125"
"2124954621","2098443134","0.125"
"2098443134","2578785406","0.125"
"2578785406","2098443134","0.125"
"2103207352","2578785406","0.125"
"2578785406","2103207352","0.125"
"2113601246","2124954621","0.375"
"2124954621","2113601246","0.375"
"2113601246","2578785406","0.125"
"2578785406","2113601246","0.125"
"2124954621","2145466803","0.125"
"2145466803","2124954621","0.125"
"2124954621","2578785406","0.125"
"2578785406","2124954621","0.125"
"2135279969","2578785406","0.125"
"2578785406","2135279969","0.125"
"2145466803","2578785406","0.125"
"2578785406","2145466803","0.125"
"2179242664","2578785406","0.125"
"2578785406","2179242664","0.125"
"1579471886","2064807820","0.340909"
"2064807820","1579471886","0.340909"
"1579471886","2612914560","0.340909"
"2612914560","1579471886","0.340909"
"2064807820","2103207352","2.12424"
"2103207352","2064807820","2.12424"
"2064807820","2179242664","2.12424"
"2179242664","2064807820","2.12424"
"2064807820","2612914560","0.617832"
"2612914560","2064807820","0.617832"
"1579471886","2131743814","0.0909091"
"2131743814","1579471886","0.0909091"
"1579471886","2151892596","0.0909091"
"2151892596","1579471886","0.0909091"
"1579471886","2170853664","0.0909091"
"2170853664","1579471886","0.0909091"
"1579471886","2517857863","0.0909091"
"2517857863","1579471886","0.0909091"
"1579471886","2521416656","0.0909091"
"2521416656","1579471886","0.0909091"
"1579471886","961091686","0.0909091"
"961091686","1579471886","0.0909091"
"2064807820","2131743814","0.0909091"
"2131743814","2064807820","0.0909091"
"2064807820","2151892596","0.617832"
"2151892596","2064807820","0.617832"
"2064807820","2170853664","0.617832"
"2170853664","2064807820","0.617832"
"2064807820","2517857863","0.167832"
"2517857863","2064807820","0.167832"
"2064807820","2521416656","0.167832"
"2521416656","2064807820","0.167832"
"2064807820","2728889630","0.167832"
"2728889630","2064807820","0.167832"
"2064807820","961091686","0.167832"
"961091686","2064807820","0.167832"
"2103207352","2131743814","0.0909091"
"2131743814","2103207352","0.0909091"
"2103207352","2151892596","1.12424"
"2151892596","2103207352","1.12424"
"2103207352","2517857863","0.0909091"
"2517857863","2103207352","0.0909091"
"2103207352","2521416656","0.540909"
"2521416656","2103207352","0.540909"
"2103207352","961091686","0.590909"
"961091686","2103207352","0.590909"
"2131743814","2151892596","0.0909091"
"2151892596","2131743814","0.0909091"
"2131743814","2170853664","0.0909091"
"2170853664","2131743814","0.0909091"
"2131743814","2179242664","0.0909091"
"2179242664","2131743814","0.0909091"
"2131743814","2517857863","0.0909091"
"2517857863","2131743814","0.0909091"
"2131743814","2521416656","0.0909091"
"2521416656","2131743814","0.0909091"
"2131743814","2612914560","0.0909091"
"2612914560","2131743814","0.0909091"
"2131743814","2728889630","0.0909091"
"2728889630","2131743814","0.0909091"
"2131743814","961091686","0.0909091"
"961091686","2131743814","0.0909091"
"2151892596","2170853664","2.87736"
"2170853664","2151892596","2.87736"
"2151892596","2179242664","1.2671"
"2179242664","2151892596","1.2671"
"2151892596","2517857863","0.635689"
"2517857863","2151892596","0.635689"
"2151892596","2521416656","3.53807"
"2521416656","2151892596","3.53807"
"2151892596","2612914560","0.978546"
"2612914560","2151892596","0.978546"
"2151892596","2728889630","1.56188"
"2728889630","2151892596","1.56188"
"2151892596","961091686","0.167832"
"961091686","2151892596","0.167832"
"2170853664","2517857863","0.251166"
"2517857863","2170853664","0.251166"
"2170853664","2521416656","1.29402"
"2521416656","2170853664","1.29402"
"2170853664","961091686","0.167832"
"961091686","2170853664","0.167832"
"2179242664","2517857863","0.0909091"
"2517857863","2179242664","0.0909091"
"2179242664","2521416656","0.483766"
"2521416656","2179242664","0.483766"
"2179242664","961091686","0.590909"
"961091686","2179242664","0.590909"
"2517857863","2521416656","0.635689"
"2521416656","2517857863","0.635689"
"2517857863","2612914560","1.05236"
"2612914560","2517857863","1.05236"
"2517857863","2728889630","1.75236"
"2728889630","2517857863","1.75236"
"2517857863","961091686","0.167832"
"961091686","2517857863","0.167832"
"2521416656","2612914560","0.435689"
"2612914560","2521416656","0.435689"
"2521416656","2728889630","2.11902"
"2728889630","2521416656","2.11902"
"2521416656","961091686","0.167832"
"961091686","2521416656","0.167832"
"2612914560","961091686","0.167832"
"961091686","2612914560","0.167832"
"2728889630","961091686","0.167832"
"961091686","2728889630","0.167832"
"1967106146","2002220286","0.047619"
"2002220286","1967106146","0.047619"
"1967106146","2033320920","0.047619"
"2033320920","1967106146","0.047619"
"1967106146","2050078636","0.047619"
"2050078636","1967106146","0.047619"
"1967106146","2059529113","0.047619"
"2059529113","1967106146","0.047619"
"1967106146","2078944907","0.047619"
"2078944907","1967106146","0.047619"
"1967106146","2101995353","0.047619"
"2101995353","1967106146","0.047619"
"1967106146","2103437490","0.047619"
"2103437490","1967106146","0.047619"
"1967106146","2104732462","0.047619"
"2104732462","1967106146","0.047619"
"1967106146","2128841495","0.047619"
"2128841495","1967106146","0.047619"
"1967106146","2141833902","0.047619"
"2141833902","1967106146","0.047619"
"1967106146","2144430183","0.047619"
"2144430183","1967106146","0.047619"
"1967106146","2149692695","0.047619"
"2149692695","1967106146","0.047619"
"1967106146","2166089509","0.047619"
"2166089509","1967106146","0.047619"
"1967106146","2170952599","0.047619"
"2170952599","1967106146","0.047619"
"1967106146","2207894255","0.047619"
"2207894255","1967106146","0.047619"
"1967106146","2244331736","0.047619"
"2244331736","1967106146","0.047619"
"1967106146","2247398386","0.047619"
"2247398386","1967106146","0.047619"
"1967106146","2614017590","0.047619"
"2614017590","1967106146","0.047619"
"1967106146","2769700065","0.047619"
"2769700065","1967106146","0.047619"
"2002220286","2033320920","0.507118"
"2033320920","2002220286","0.507118"
"2002220286","2059529113","1.12488"
"2059529113","2002220286","1.12488"
"2002220286","2103437490","0.340451"
"2103437490","2002220286","0.340451"
"2002220286","2104732462","0.292374"
"2104732462","2002220286","0.292374"
"2002220286","2128841495","3.76023"
"2128841495","2002220286","3.76023"
"2002220286","2141833902","6.6769"
"2141833902","2002220286","6.6769"
"2002220286","2149692695","0.138528"
"2149692695","2002220286","0.138528"
"2002220286","2166089509","0.138528"
"2166089509","2002220286","0.138528"
"2002220286","2170952599","0.999878"
"2170952599","2002220286","0.999878"
"2002220286","2247398386","1.38853"
"2247398386","2002220286","1.38853"
"2002220286","2614017590","0.284799"
"2614017590","2002220286","0.284799"
"2002220286","2769700065","0.992399"
"2769700065","2002220286","0.992399"
"2033320920","2050078636","0.271007"
"2050078636","2033320920","0.271007"
"2033320920","2059529113","0.305098"
"2059529113","2033320920","0.305098"
"2033320920","2078944907","0.416209"
"2078944907","2033320920","0.416209"
"2033320920","2101995353","0.339286"
