"1565438236","2077397644","6.24632"
"2077397644","1565438236","6.24632"
"1565438236","1976957990","0.520833"
"1976957990","1565438236","0.520833"
"1565438236","1978460233","0.246324"
"1978460233","1565438236","0.246324"
"1565438236","2009182243","0.91299"
"2009182243","1565438236","0.91299"
"1565438236","2042287357","0.246324"
"2042287357","1565438236","0.246324"
"1565438236","2094675989","0.183824"
"2094675989","1565438236","0.183824"
"1565438236","2101827111","0.91299"
"2101827111","1565438236","0.91299"
"1565438236","2401502514","0.246324"
"2401502514","1565438236","0.246324"
"1976957990","1978460233","0.1875"
"1978460233","1976957990","0.1875"
"1976957990","2009182243","4.52083"
"2009182243","1976957990","4.52083"
"1976957990","2042287357","0.1875"
"2042287357","1976957990","0.1875"
"1976957990","2077397644","1.9375"
"2077397644","1976957990","1.9375"
"1976957990","2094675989","0.375"
"2094675989","1976957990","0.375"
"1976957990","2101827111","3.60417"
"2101827111","1976957990","3.60417"
"1976957990","2401502514","1.1875"
"2401502514","1976957990","1.1875"
"1978460233","2009182243","0.246324"
"2009182243","1978460233","0.246324"
"1978460233","2042287357","0.246324"
"2042287357","1978460233","0.246324"
"1978460233","2077397644","0.746324"
"2077397644","1978460233","0.746324"
"1978460233","2094675989","1.68382"
"2094675989","1978460233","1.68382"
"1978460233","2101827111","0.246324"
"2101827111","1978460233","0.246324"
"1978460233","2401502514","0.246324"
"2401502514","1978460233","0.246324"
"2009182243","2042287357","0.246324"
"2042287357","2009182243","0.246324"
"2009182243","2077397644","3.49632"
"2077397644","2009182243","3.49632"
"2009182243","2094675989","0.433824"
"2094675989","2009182243","0.433824"
"2009182243","2101827111","5.36299"
"2101827111","2009182243","5.36299"
"2009182243","2401502514","0.91299"
"2401502514","2009182243","0.91299"
"2042287357","2077397644","0.389181"
"2077397644","2042287357","0.389181"
"2042287357","2094675989","0.183824"
"2094675989","2042287357","0.183824"
"2042287357","2101827111","0.555847"
"2101827111","2042287357","0.555847"
"2042287357","2401502514","0.246324"
"2401502514","2042287357","0.246324"
"2077397644","2094675989","0.933824"
"2094675989","2077397644","0.933824"
"2077397644","2101827111","5.05585"
"2101827111","2077397644","5.05585"
"2077397644","2401502514","0.996324"
"2401502514","2077397644","0.996324"
"2094675989","2101827111","0.183824"
"2101827111","2094675989","0.183824"
"2094675989","2401502514","0.433824"
"2401502514","2094675989","0.433824"
"2101827111","2401502514","0.996324"
"2401502514","2101827111","0.996324"
"1565438236","1584754763","0.78799"
"1584754763","1565438236","0.78799"
"1565438236","1995915698","0.121324"
"1995915698","1565438236","0.121324"
"1565438236","2017666497","0.0625"
"2017666497","1565438236","0.0625"
"1565438236","2020228538","0.121324"
"2020228538","1565438236","0.121324"
"1565438236","2107115563","0.121324"
"2107115563","1565438236","0.121324"
"1565438236","2115347616","0.454657"
"2115347616","1565438236","0.454657"
"1565438236","2159686758","0.454657"
"2159686758","1565438236","0.454657"
"1565438236","2400888917","0.121324"
"2400888917","1565438236","0.121324"
"1565438236","2801639129","0.121324"
"2801639129","1565438236","0.121324"
"1584754763","1976957990","0.0625"
"1976957990","1584754763","0.0625"
"1584754763","1978460233","0.121324"
"1978460233","1584754763","0.121324"
"1584754763","1995915698","0.371324"
"1995915698","1584754763","0.371324"
"1584754763","2009182243","0.121324"
"2009182243","1584754763","0.121324"
"1584754763","2017666497","0.0625"
"2017666497","1584754763","0.0625"
"1584754763","2020228538","0.28799"
"2020228538","1584754763","0.28799"
"1584754763","2042287357","0.53799"
"2042287357","1584754763","0.53799"
"1584754763","2077397644","1.12132"
"2077397644","1584754763","1.12132"
"1584754763","2101827111","0.621324"
"2101827111","1584754763","0.621324"
"1584754763","2107115563","0.28799"
"2107115563","1584754763","0.28799"
"1584754763","2115347616","2.95466"
"2115347616","1584754763","2.95466"
"1584754763","2159686758","0.454657"
"2159686758","1584754763","0.454657"
"1584754763","2400888917","0.371324"
"2400888917","1584754763","0.371324"
"1584754763","2401502514","0.121324"
"2401502514","1584754763","0.121324"
"1584754763","2801639129","0.121324"
"2801639129","1584754763","0.121324"
"1976957990","1995915698","0.395833"
"1995915698","1976957990","0.395833"
"1976957990","2017666497","0.229167"
"2017666497","1976957990","0.229167"
"1976957990","2020228538","0.0625"
"2020228538","1976957990","0.0625"
"1976957990","2107115563","0.0625"
"2107115563","1976957990","0.0625"
"1976957990","2115347616","0.479167"
"2115347616","1976957990","0.479167"
"1976957990","2159686758","0.0625"
"2159686758","1976957990","0.0625"
"1976957990","2400888917","0.0625"
"2400888917","1976957990","0.0625"
"1976957990","2801639129","0.0625"
"2801639129","1976957990","0.0625"
"1978460233","1995915698","0.121324"
"1995915698","1978460233","0.121324"
"1978460233","2017666497","0.0625"
"2017666497","1978460233","0.0625"
"1978460233","2020228538","0.121324"
"2020228538","1978460233","0.121324"
"1978460233","2107115563","0.821324"
"2107115563","1978460233","0.821324"
"1978460233","2115347616","0.121324"
"2115347616","1978460233","0.121324"
"1978460233","2159686758","0.621324"
"2159686758","1978460233","0.621324"
"1978460233","2400888917","0.571324"
"2400888917","1978460233","0.571324"
"1978460233","2801639129","0.121324"
"2801639129","1978460233","0.121324"
"1995915698","2009182243","0.454657"
"2009182243","1995915698","0.454657"
"1995915698","2017666497","0.622024"
"2017666497","1995915698","0.622024"
"1995915698","2020228538","1.34751"
"2020228538","1995915698","1.34751"
"1995915698","2042287357","5.09751"
"2042287357","1995915698","5.09751"
"1995915698","2077397644","0.264181"
"2077397644","1995915698","0.264181"
"1995915698","2101827111","0.597514"
"2101827111","1995915698","0.597514"
"1995915698","2107115563","0.621324"
"2107115563","1995915698","0.621324"
"1995915698","2115347616","1.12132"
"2115347616","1995915698","1.12132"
"1995915698","2159686758","0.764181"
"2159686758","1995915698","0.764181"
"1995915698","2400888917","0.371324"
"2400888917","1995915698","0.371324"
"1995915698","2401502514","0.121324"
"2401502514","1995915698","0.121324"
"1995915698","2801639129","0.264181"
"2801639129","1995915698","0.264181"
"2009182243","2017666497","0.729167"
"2017666497","2009182243","0.729167"
"2009182243","2020228538","0.321324"
"2020228538","2009182243","0.321324"
"2009182243","2107115563","0.321324"
"2107115563","2009182243","0.321324"
"2009182243","2115347616","0.73799"
"2115347616","2009182243","0.73799"
"2009182243","2159686758","0.321324"
"2159686758","2009182243","0.321324"
"2009182243","2400888917","0.121324"
"2400888917","2009182243","0.121324"
"2009182243","2801639129","0.121324"
"2801639129","2009182243","0.121324"
"2017666497","2020228538","0.622024"
"2020228538","2017666497","0.622024"
"2017666497","2042287357","0.455357"
"2042287357","2017666497","0.455357"
"2017666497","2077397644","0.372024"
"2077397644","2017666497","0.372024"
"2017666497","2101827111","0.372024"
"2101827111","2017666497","0.372024"
"2017666497","2107115563","0.229167"
"2107115563","2017666497","0.229167"
"2017666497","2115347616","0.229167"
"2115347616","2017666497","0.229167"
"2017666497","2159686758","0.372024"
"2159686758","2017666497","0.372024"
"2017666497","2400888917","0.0625"
"2400888917","2017666497","0.0625"
"2017666497","2401502514","0.229167"
"2401502514","2017666497","0.229167"
"2017666497","2801639129","0.205357"
"2801639129","2017666497","0.205357"
"2020228538","2042287357","1.01418"
"2042287357","2020228538","1.01418"
"2020228538","2077397644","0.764181"
"2077397644","2020228538","0.764181"
"2020228538","2101827111","0.630847"
"2101827111","2020228538","0.630847"
"2020228538","2107115563","1.32132"
"2107115563","2020228538","1.32132"
"2020228538","2115347616","0.48799"
"2115347616","2020228538","0.48799"
"2020228538","2159686758","2.79751"
"2159686758","2020228538","2.79751"
"2020228538","2400888917","0.121324"
"2400888917","2020228538","0.121324"
"2020228538","2401502514","0.121324"
"2401502514","2020228538","0.121324"
"2020228538","2801639129","0.264181"
"2801639129","2020228538","0.264181"
"2042287357","2107115563","0.28799"
"2107115563","2042287357","0.28799"
"2042287357","2115347616","0.28799"
"2115347616","2042287357","0.28799"
"2042287357","2159686758","0.264181"
"2159686758","2042287357","0.264181"
"2042287357","2400888917","0.371324"
"2400888917","2042287357","0.371324"
"2042287357","2801639129","0.264181"
"2801639129","2042287357","0.264181"
"2077397644","2107115563","0.121324"
"2107115563","2077397644","0.121324"
"2077397644","2115347616","0.954657"
"2115347616","2077397644","0.954657"
"2077397644","2159686758","1.09751"
"2159686758","2077397644","1.09751"
"2077397644","2400888917","0.121324"
"2400888917","2077397644","0.121324"
"2077397644","2801639129","0.264181"
"2801639129","2077397644","0.264181"
"2101827111","2107115563","0.48799"
"2107115563","2101827111","0.48799"
"2101827111","2115347616","1.23799"
"2115347616","2101827111","1.23799"
"2101827111","2159686758","0.464181"
"2159686758","2101827111","0.464181"
"2101827111","2400888917","0.121324"
"2400888917","2101827111","0.121324"
"2101827111","2801639129","0.264181"
"2801639129","2101827111","0.264181"
"2107115563","2115347616","0.48799"
"2115347616","2107115563","0.48799"
"2107115563","2159686758","2.65466"
"2159686758","2107115563","2.65466"
"2107115563","2400888917","1.32132"
"2400888917","2107115563","1.32132"
"2107115563","2401502514","0.121324"
"2401502514","2107115563","0.121324"
"2107115563","2801639129","0.121324"
"2801639129","2107115563","0.121324"
"2115347616","2159686758","1.32132"
"2159686758","2115347616","1.32132"
"2115347616","2400888917","0.121324"
"2400888917","2115347616","0.121324"
"2115347616","2401502514","0.53799"
"2401502514","2115347616","0.53799"
"2115347616","2801639129","0.121324"
"2801639129","2115347616","0.121324"
"2159686758","2400888917","0.121324"
"2400888917","2159686758","0.121324"
"2159686758","2401502514","0.121324"
"2401502514","2159686758","0.121324"
"2159686758","2801639129","0.264181"
"2801639129","2159686758","0.264181"
"2400888917","2401502514","0.121324"
"2401502514","2400888917","0.121324"
"2400888917","2801639129","0.121324"
"2801639129","2400888917","0.121324"
"2401502514","2801639129","0.121324"
"2801639129","2401502514","0.121324"
"1565438236","2094817912","1.05882"
"2094817912","1565438236","1.05882"
"1565438236","2479722630","0.0588235"
"2479722630","1565438236","0.0588235"
"1584754763","2094675989","0.0588235"
"2094675989","1584754763","0.0588235"
"1584754763","2094817912","0.47549"
"2094817912","1584754763","0.47549"
"1584754763","2479722630","0.0588235"
"2479722630","1584754763","0.0588235"
"1978460233","2094817912","0.508824"
"2094817912","1978460233","0.508824"
"1978460233","2479722630","0.508824"
"2479722630","1978460233","0.508824"
"1995915698","2094675989","0.0588235"
"2094675989","1995915698","0.0588235"
"1995915698","2094817912","1.05882"
"2094817912","1995915698","1.05882"
"1995915698","2479722630","0.0588235"
"2479722630","1995915698","0.0588235"
"2009182243","2094817912","0.0588235"
"2094817912","2009182243","0.0588235"
"2009182243","2479722630","0.0588235"
"2479722630","2009182243","0.0588235"
"2020228538","2094675989","0.392157"
"2094675989","2020228538","0.392157"
"2020228538","2094817912","0.97549"
"2094817912","2020228538","0.97549"
"2020228538","2479722630","0.0588235"
"2479722630","2020228538","0.0588235"
"2042287357","2094817912","1.05882"
"2094817912","2042287357","1.05882"
"2042287357","2479722630","0.0588235"
"2479722630","2042287357","0.0588235"
"2077397644","2094817912","0.0588235"
"2094817912","2077397644","0.0588235"
"2077397644","2479722630","0.0588235"
"2479722630","2077397644","0.0588235"
"2094675989","2094817912","0.0588235"
"2094817912","2094675989","0.0588235"
"2094675989","2107115563","0.392157"
"2107115563","2094675989","0.392157"
"2094675989","2115347616","0.0588235"
"2115347616","2094675989","0.0588235"
"2094675989","2159686758","0.392157"
"2159686758","2094675989","0.392157"
"2094675989","2400888917","1.05882"
"2400888917","2094675989","1.05882"
"2094675989","2479722630","0.0588235"
"2479722630","2094675989","0.0588235"
"2094675989","2801639129","0.0588235"
"2801639129","2094675989","0.0588235"
"2094817912","2101827111","0.22549"
"2101827111","2094817912","0.22549"
"2094817912","2107115563","1.59216"
"2107115563","2094817912","1.59216"
"2094817912","2115347616","0.22549"
"2115347616","2094817912","0.22549"
"2094817912","2159686758","0.22549"
"2159686758","2094817912","0.22549"
"2094817912","2400888917","0.758824"
"2400888917","2094817912","0.758824"
"2094817912","2401502514","0.0588235"
"2401502514","2094817912","0.0588235"
"2094817912","2479722630","0.508824"
"2479722630","2094817912","0.508824"
"2094817912","2801639129","0.0588235"
"2801639129","2094817912","0.0588235"
"2101827111","2479722630","0.0588235"
"2479722630","2101827111","0.0588235"
"2107115563","2479722630","0.258824"
"2479722630","2107115563","0.258824"
"2115347616","2479722630","0.0588235"
"2479722630","2115347616","0.0588235"
"2159686758","2479722630","0.0588235"
"2479722630","2159686758","0.0588235"
"2400888917","2479722630","0.508824"
"2479722630","2400888917","0.508824"
"2401502514","2479722630","0.0588235"
"2479722630","2401502514","0.0588235"
"2479722630","2801639129","0.0588235"
"2801639129","2479722630","0.0588235"
"1978460233","2126697916","0.45"
"2126697916","1978460233","0.45"
"2094817912","2126697916","3.45"
"2126697916","2094817912","3.45"
"2107115563","2126697916","0.2"
"2126697916","2107115563","0.2"
"2126697916","2400888917","3.45"
"2400888917","2126697916","3.45"
"2126697916","2479722630","1.45"
"2479722630","2126697916","1.45"
"2017666497","2094817912","0.916667"
"2094817912","2017666497","0.916667"
"1995915698","2105658717","0.166667"
"2105658717","1995915698","0.166667"
"2017666497","2105658717","6.66667"
"2105658717","2017666497","6.66667"
"2020228538","2105658717","0.166667"
"2105658717","2020228538","0.166667"
"2094817912","2105658717","0.666667"
"2105658717","2094817912","0.666667"
"2105658717","2107115563","0.166667"
"2107115563","2105658717","0.166667"
"2105658717","2159686758","0.166667"
"2159686758","2105658717","0.166667"
"2009182243","2105658717","0.5"
"2105658717","2009182243","0.5"
"2017666497","2479722630","0.5"
"2479722630","2017666497","0.5"
"2105658717","2479722630","0.5"
"2479722630","2105658717","0.5"
"2801639129","2948251598","9"
"2948251598","2801639129","9"
