"1030795525","1980505117","0.428312"
"1980505117","1030795525","0.428312"
"1030795525","2028914599","0.674777"
"2028914599","1030795525","0.674777"
"1030795525","2054234413","0.519221"
"2054234413","1030795525","0.519221"
"1030795525","2142325778","1.58313"
"2142325778","1030795525","1.58313"
"1030795525","2177858235","1.60672"
"2177858235","1030795525","1.60672"
"1030795525","2782730694","0.428312"
"2782730694","1030795525","0.428312"
"1030795525","2900105250","1.40672"
"2900105250","1030795525","1.40672"
"1030795525","2916333596","1.60672"
"2916333596","1030795525","1.60672"
"1030795525","2917219581","2.54005"
"2917219581","1030795525","2.54005"
"1980505117","2028914599","0.611645"
"2028914599","1980505117","0.611645"
"1980505117","2054234413","3.42831"
"2054234413","1980505117","3.42831"
"1980505117","2142325778","0.351389"
"2142325778","1980505117","0.351389"
"1980505117","2177858235","0.615812"
"2177858235","1980505117","0.615812"
"1980505117","2782730694","28.9283"
"2782730694","1980505117","28.9283"
"1980505117","2900105250","0.365812"
"2900105250","1980505117","0.365812"
"1980505117","2916333596","0.365812"
"2916333596","1980505117","0.365812"
"1980505117","2917219581","0.299145"
"2917219581","1980505117","0.299145"
"2028914599","2054234413","0.452554"
"2054234413","2028914599","0.452554"
"2028914599","2142325778","0.552399"
"2142325778","2028914599","0.552399"
"2028914599","2177858235","0.640054"
"2177858235","2028914599","0.640054"
"2028914599","2782730694","0.361645"
"2782730694","2028914599","0.361645"
"2028914599","2900105250","0.390054"
"2900105250","2028914599","0.390054"
"2028914599","2916333596","0.390054"
"2916333596","2028914599","0.390054"
"2028914599","2917219581","0.390054"
"2917219581","2028914599","0.390054"
"2054234413","2142325778","0.351389"
"2142325778","2054234413","0.351389"
"2054234413","2177858235","0.456721"
"2177858235","2054234413","0.456721"
"2054234413","2782730694","3.42831"
"2782730694","2054234413","3.42831"
"2054234413","2900105250","0.456721"
"2900105250","2054234413","0.456721"
"2054234413","2916333596","0.456721"
"2916333596","2054234413","0.456721"
"2054234413","2917219581","0.390054"
"2917219581","2054234413","0.390054"
"2142325778","2177858235","0.822222"
"2177858235","2142325778","0.822222"
"2142325778","2782730694","0.351389"
"2782730694","2142325778","0.351389"
"2142325778","2900105250","0.622222"
"2900105250","2142325778","0.622222"
"2142325778","2916333596","0.822222"
"2916333596","2142325778","0.822222"
"2142325778","2917219581","0.755556"
"2917219581","2142325778","0.755556"
"2177858235","2782730694","0.365812"
"2782730694","2177858235","0.365812"
"2177858235","2900105250","2.19005"
"2900105250","2177858235","2.19005"
"2177858235","2916333596","2.89005"
"2916333596","2177858235","2.89005"
"2177858235","2917219581","2.96624"
"2917219581","2177858235","2.96624"
"2782730694","2900105250","0.365812"
"2900105250","2782730694","0.365812"
"2782730694","2916333596","0.365812"
"2916333596","2782730694","0.365812"
"2782730694","2917219581","0.299145"
"2917219581","2782730694","0.299145"
"2900105250","2916333596","7.92339"
"2916333596","2900105250","7.92339"
"2900105250","2917219581","2.52339"
"2917219581","2900105250","2.52339"
"2916333596","2917219581","3.22339"
"2917219581","2916333596","3.22339"
"1030795525","1821692587","0.222222"
"1821692587","1030795525","0.222222"
"1030795525","2092577038","0.222222"
"2092577038","1030795525","0.222222"
"1030795525","2278422430","0.222222"
"2278422430","1030795525","0.222222"
"1030795525","2561848258","0.222222"
"2561848258","1030795525","0.222222"
"1030795525","2911114719","0.222222"
"2911114719","1030795525","0.222222"
"1030795525","2915632761","0.222222"
"2915632761","1030795525","0.222222"
"1030795525","2916857260","0.222222"
"2916857260","1030795525","0.222222"
"1821692587","2028914599","0.267677"
"2028914599","1821692587","0.267677"
"1821692587","2092577038","0.932141"
"2092577038","1821692587","0.932141"
"1821692587","2142325778","0.378788"
"2142325778","1821692587","0.378788"
"1821692587","2278422430","1.26923"
"2278422430","1821692587","1.26923"
"1821692587","2561848258","1.04304"
"2561848258","1821692587","1.04304"
"1821692587","2911114719","0.947175"
"2911114719","1821692587","0.947175"
"1821692587","2915632761","0.947175"
"2915632761","1821692587","0.947175"
"1821692587","2916857260","1.18589"
"2916857260","1821692587","1.18589"
"2028914599","2092577038","0.267677"
"2092577038","2028914599","0.267677"
"2028914599","2278422430","0.222222"
"2278422430","2028914599","0.222222"
"2028914599","2561848258","0.222222"
"2561848258","2028914599","0.222222"
"2028914599","2911114719","0.222222"
"2911114719","2028914599","0.222222"
"2028914599","2915632761","0.222222"
"2915632761","2028914599","0.222222"
"2028914599","2916857260","0.222222"
"2916857260","2028914599","0.222222"
"2092577038","2142325778","0.267677"
"2142325778","2092577038","0.267677"
"2092577038","2278422430","1.02954"
"2278422430","2092577038","1.02954"
"2092577038","2561848258","0.803353"
"2561848258","2092577038","0.803353"
"2092577038","2911114719","0.564636"
"2911114719","2092577038","0.564636"
"2092577038","2915632761","0.564636"
"2915632761","2092577038","0.564636"
"2092577038","2916857260","0.94621"
"2916857260","2092577038","0.94621"
"2142325778","2278422430","0.333333"
"2278422430","2142325778","0.333333"
"2142325778","2561848258","0.333333"
"2561848258","2142325778","0.333333"
"2142325778","2911114719","0.333333"
"2911114719","2142325778","0.333333"
"2142325778","2915632761","0.333333"
"2915632761","2142325778","0.333333"
"2142325778","2916857260","0.333333"
"2916857260","2142325778","0.333333"
"2278422430","2561848258","3.4355"
"2561848258","2278422430","3.4355"
"2278422430","2911114719","1.78011"
"2911114719","2278422430","1.78011"
"2278422430","2915632761","1.78011"
"2915632761","2278422430","1.78011"
"2278422430","2916857260","12.1807"
"2916857260","2278422430","12.1807"
"2561848258","2911114719","2.33725"
"2911114719","2561848258","2.33725"
"2561848258","2915632761","2.33725"
"2915632761","2561848258","2.33725"
"2561848258","2916857260","3.21883"
"2916857260","2561848258","3.21883"
"2911114719","2915632761","3.98011"
"2915632761","2911114719","3.98011"
"2911114719","2916857260","2.81345"
"2916857260","2911114719","2.81345"
"2915632761","2916857260","2.81345"
"2916857260","2915632761","2.81345"
"1030795525","2345320464","0.4"
"2345320464","1030795525","0.4"
"1030795525","2537183537","0.4"
"2537183537","1030795525","0.4"
"2142325778","2345320464","0.945455"
"2345320464","2142325778","0.945455"
"2142325778","2537183537","0.9"
"2537183537","2142325778","0.9"
"2345320464","2537183537","1.4"
"2537183537","2345320464","1.4"
"1030795525","2009187268","2"
"2009187268","1030795525","2"
"1030795525","1977600242","0.5625"
"1977600242","1030795525","0.5625"
"1030795525","1989610576","0.0625"
"1989610576","1030795525","0.0625"
"1030795525","2044655473","0.272024"
"2044655473","1030795525","0.272024"
"1030795525","2090146220","0.0625"
"2090146220","1030795525","0.0625"
"1030795525","2104977949","0.0625"
"2104977949","1030795525","0.0625"
"1030795525","2117285963","0.230332"
"2117285963","1030795525","0.230332"
"1030795525","2136161940","0.272024"
"2136161940","1030795525","0.272024"
"1030795525","2153848235","0.0625"
"2153848235","1030795525","0.0625"
"1030795525","2164656033","0.0625"
"2164656033","1030795525","0.0625"
"1030795525","2168682990","0.439856"
"2168682990","1030795525","0.439856"
"1030795525","2170799343","0.0625"
"2170799343","1030795525","0.0625"
"1977600242","1980505117","0.3125"
"1980505117","1977600242","0.3125"
"1977600242","1989610576","0.0625"
"1989610576","1977600242","0.0625"
"1977600242","2028914599","0.107955"
"2028914599","1977600242","0.107955"
"1977600242","2044655473","2.97167"
"2044655473","1977600242","2.97167"
"1977600242","2054234413","0.942394"
"2054234413","1977600242","0.942394"
"1977600242","2090146220","0.0625"
"2090146220","1977600242","0.0625"
"1977600242","2104977949","53.523"
"2104977949","1977600242","53.523"
"1977600242","2117285963","0.669066"
"2117285963","1977600242","0.669066"
"1977600242","2136161940","1.1013"
"2136161940","1977600242","1.1013"
"1977600242","2142325778","0.219066"
"2142325778","1977600242","0.219066"
"1977600242","2153848235","1.60557"
"2153848235","1977600242","1.60557"
"1977600242","2164656033","2.48869"
"2164656033","1977600242","2.48869"
"1977600242","2168682990","0.344992"
"2168682990","1977600242","0.344992"
"1977600242","2170799343","2.38001"
"2170799343","1977600242","2.38001"
"1977600242","2782730694","0.3125"
"2782730694","1977600242","0.3125"
"1980505117","1989610576","0.3125"
"1989610576","1980505117","0.3125"
"1980505117","2044655473","0.629167"
"2044655473","1980505117","0.629167"
"1980505117","2090146220","0.0625"
"2090146220","1980505117","0.0625"
"1980505117","2104977949","0.0625"
"2104977949","1980505117","0.0625"
"1980505117","2117285963","0.389423"
"2117285963","1980505117","0.389423"
"1980505117","2136161940","0.379167"
"2136161940","1980505117","0.379167"
"1980505117","2153848235","0.0625"
"2153848235","1980505117","0.0625"
"1980505117","2164656033","0.0625"
"2164656033","1980505117","0.0625"
"1980505117","2168682990","0.20609"
"2168682990","1980505117","0.20609"
"1980505117","2170799343","0.0625"
"2170799343","1980505117","0.0625"
"1989610576","2028914599","0.3125"
"2028914599","1989610576","0.3125"
"1989610576","2044655473","0.0625"
"2044655473","1989610576","0.0625"
"1989610576","2054234413","0.0625"
"2054234413","1989610576","0.0625"
"1989610576","2090146220","0.0625"
"2090146220","1989610576","0.0625"
"1989610576","2104977949","0.0625"
"2104977949","1989610576","0.0625"
"1989610576","2117285963","0.0625"
"2117285963","1989610576","0.0625"
"1989610576","2136161940","0.0625"
"2136161940","1989610576","0.0625"
"1989610576","2142325778","0.0625"
"2142325778","1989610576","0.0625"
"1989610576","2153848235","0.0625"
"2153848235","1989610576","0.0625"
"1989610576","2164656033","0.0625"
"2164656033","1989610576","0.0625"
"1989610576","2168682990","0.0625"
"2168682990","1989610576","0.0625"
"1989610576","2170799343","0.0625"
"2170799343","1989610576","0.0625"
"1989610576","2782730694","0.0625"
"2782730694","1989610576","0.0625"
"2028914599","2044655473","0.107955"
"2044655473","2028914599","0.107955"
"2028914599","2090146220","0.0625"
"2090146220","2028914599","0.0625"
"2028914599","2104977949","0.0625"
"2104977949","2028914599","0.0625"
"2028914599","2117285963","0.275787"
"2117285963","2028914599","0.275787"
"2028914599","2136161940","0.107955"
"2136161940","2028914599","0.107955"
"2028914599","2153848235","0.107955"
"2153848235","2028914599","0.107955"
"2028914599","2164656033","0.0625"
"2164656033","2028914599","0.0625"
"2028914599","2168682990","1.27579"
"2168682990","2028914599","1.27579"
"2028914599","2170799343","0.107955"
"2170799343","2028914599","0.107955"
"2044655473","2054234413","0.509061"
"2054234413","2044655473","0.509061"
"2044655473","2090146220","0.0625"
"2090146220","2044655473","0.0625"
"2044655473","2104977949","0.626218"
"2104977949","2044655473","0.626218"
"2044655473","2117285963","0.357955"
"2117285963","2044655473","0.357955"
"2044655473","2136161940","0.751302"
"2136161940","2044655473","0.751302"
"2044655473","2142325778","0.317478"
"2142325778","2044655473","0.317478"
"2044655473","2153848235","0.107955"
"2153848235","2044655473","0.107955"
"2044655473","2164656033","0.0625"
"2164656033","2044655473","0.0625"
"2044655473","2168682990","0.354515"
"2168682990","2044655473","0.354515"
"2044655473","2170799343","0.203815"
"2170799343","2044655473","0.203815"
"2044655473","2782730694","0.629167"
"2782730694","2044655473","0.629167"
"2054234413","2090146220","0.0625"
"2090146220","2054234413","0.0625"
"2054234413","2104977949","1.39239"
"2104977949","2054234413","1.39239"
"2054234413","2117285963","0.430332"
"2117285963","2054234413","0.430332"
"2054234413","2136161940","0.129167"
"2136161940","2054234413","0.129167"
"2054234413","2153848235","0.0625"
"2153848235","2054234413","0.0625"
"2054234413","2164656033","0.0625"
"2164656033","2054234413","0.0625"
"2054234413","2168682990","0.534036"
"2168682990","2054234413","0.534036"
"2054234413","2170799343","0.099537"
"2170799343","2054234413","0.099537"
"2090146220","2104977949","0.0625"
"2104977949","2090146220","0.0625"
"2090146220","2117285963","0.0625"
"2117285963","2090146220","0.0625"
"2090146220","2136161940","0.205357"
"2136161940","2090146220","0.205357"
"2090146220","2142325778","0.0625"
"2142325778","2090146220","0.0625"
"2090146220","2153848235","0.0625"
"2153848235","2090146220","0.0625"
"2090146220","2164656033","0.0625"
"2164656033","2090146220","0.0625"
"2090146220","2168682990","0.0625"
"2168682990","2090146220","0.0625"
"2090146220","2170799343","0.205357"
"2170799343","2090146220","0.205357"
"2090146220","2782730694","0.0625"
"2782730694","2090146220","0.0625"
"2104977949","2117285963","0.2625"
"2117285963","2104977949","0.2625"
"2104977949","2136161940","0.889181"
"2136161940","2104977949","0.889181"
"2104977949","2142325778","0.0625"
"2142325778","2104977949","0.0625"
"2104977949","2153848235","1.39345"
"2153848235","2104977949","1.39345"
"2104977949","2164656033","3.48869"
"2164656033","2104977949","3.48869"
"2104977949","2168682990","0.299537"
"2168682990","2104977949","0.299537"
"2104977949","2170799343","2.16788"
"2170799343","2104977949","2.16788"
"2104977949","2782730694","0.0625"
"2782730694","2104977949","0.0625"
"2117285963","2136161940","0.107955"
"2136161940","2117285963","0.107955"
"2117285963","2142325778","0.219066"
"2142325778","2117285963","0.219066"
"2117285963","2153848235","0.107955"
"2153848235","2117285963","0.107955"
"2117285963","2164656033","0.0625"
"2164656033","2117285963","0.0625"
"2117285963","2168682990","0.975787"
"2168682990","2117285963","0.975787"
"2117285963","2170799343","0.107955"
"2170799343","2117285963","0.107955"
"2117285963","2782730694","0.389423"
"2782730694","2117285963","0.389423"
"2136161940","2142325778","0.317478"
"2142325778","2136161940","0.317478"
"2136161940","2153848235","0.417478"
"2153848235","2136161940","0.417478"
"2136161940","2164656033","0.0625"
"2164656033","2136161940","0.0625"
"2136161940","2168682990","0.317478"
"2168682990","2136161940","0.317478"
"2136161940","2170799343","0.952492"
"2170799343","2136161940","0.952492"
"2136161940","2782730694","0.379167"
"2782730694","2136161940","0.379167"
"2142325778","2153848235","0.107955"
"2153848235","2142325778","0.107955"
"2142325778","2164656033","0.0625"
"2164656033","2142325778","0.0625"
"2142325778","2168682990","0.317478"
"2168682990","2142325778","0.317478"
"2142325778","2170799343","0.107955"
"2170799343","2142325778","0.107955"
"2153848235","2164656033","0.0625"
"2164656033","2153848235","0.0625"
"2153848235","2168682990","0.107955"
"2168682990","2153848235","0.107955"
"2153848235","2170799343","2.03415"
"2170799343","2153848235","2.03415"
"2153848235","2782730694","0.0625"
"2782730694","2153848235","0.0625"
"2164656033","2168682990","0.0625"
"2168682990","2164656033","0.0625"
"2164656033","2170799343","0.3125"
"2170799343","2164656033","0.3125"
"2164656033","2782730694","0.0625"
"2782730694","2164656033","0.0625"
"2168682990","2170799343","0.144992"
"2170799343","2168682990","0.144992"
"2168682990","2782730694","0.20609"
"2782730694","2168682990","0.20609"
"2170799343","2782730694","0.0625"
"2782730694","2170799343","0.0625"
"1030795525","2620999373","0.901165"
"2620999373","1030795525","0.901165"
"2142325778","2620999373","0.533333"
"2620999373","2142325778","0.533333"
"2177858235","2620999373","1.4345"
"2620999373","2177858235","1.4345"
"2620999373","2900105250","1.76783"
"2900105250","2620999373","1.76783"
"2620999373","2916333596","1.96783"
"2916333596","2620999373","1.96783"
"2620999373","2917219581","2.6345"
"2917219581","2620999373","2.6345"
"1030795525","1965043778","0.5"
"1965043778","1030795525","0.5"
"1965043778","1977600242","4.83016"
"1977600242","1965043778","4.83016"
"1030795525","2145102078","0.166667"
"2145102078","1030795525","0.166667"
"1030795525","2331485694","0.166667"
"2331485694","1030795525","0.166667"
"2145102078","2177858235","0.365079"
"2177858235","2145102078","0.365079"
"2145102078","2331485694","0.166667"
"2331485694","2145102078","0.166667"
"2145102078","2900105250","0.166667"
"2900105250","2145102078","0.166667"
"2145102078","2916333596","0.166667"
"2916333596","2145102078","0.166667"
"2145102078","2917219581","0.166667"
"2917219581","2145102078","0.166667"
"2177858235","2331485694","0.166667"
"2331485694","2177858235","0.166667"
"2331485694","2900105250","0.166667"
"2900105250","2331485694","0.166667"
"2331485694","2916333596","0.166667"
"2916333596","2331485694","0.166667"
"2331485694","2917219581","0.166667"
"2917219581","2331485694","0.166667"
"1030795525","190500693","0.209524"
"190500693","1030795525","0.209524"
"1030795525","2765754910","0.0666667"
"2765754910","1030795525","0.0666667"
"1030795525","2770629490","0.0666667"
"2770629490","1030795525","0.0666667"
"190500693","1980505117","0.0666667"
"1980505117","190500693","0.0666667"
"190500693","2044655473","0.254978"
"2044655473","190500693","0.254978"
"190500693","2054234413","0.266667"
"2054234413","190500693","0.266667"
"190500693","2136161940","0.254978"
"2136161940","190500693","0.254978"
"190500693","2142325778","1.25498"
"2142325778","190500693","1.25498"
"190500693","2168682990","1.45498"
"2168682990","190500693","1.45498"
"190500693","2177858235","0.0666667"
"2177858235","190500693","0.0666667"
"190500693","2345320464","0.112121"
"2345320464","190500693","0.112121"
"190500693","2537183537","0.0666667"
"2537183537","190500693","0.0666667"
"190500693","2765754910","0.0666667"
"2765754910","190500693","0.0666667"
"190500693","2770629490","0.112121"
"2770629490","190500693","0.112121"
"190500693","2782730694","0.0666667"
"2782730694","190500693","0.0666667"
"190500693","2900105250","0.0666667"
"2900105250","190500693","0.0666667"
"190500693","2916333596","0.0666667"
"2916333596","190500693","0.0666667"
"1980505117","2345320464","0.0666667"
"2345320464","1980505117","0.0666667"
"1980505117","2537183537","0.0666667"
"2537183537","1980505117","0.0666667"
"1980505117","2765754910","0.0666667"
"2765754910","1980505117","0.0666667"
"1980505117","2770629490","0.0666667"
"2770629490","1980505117","0.0666667"
"2044655473","2177858235","0.0666667"
"2177858235","2044655473","0.0666667"
"2044655473","2345320464","0.112121"
"2345320464","2044655473","0.112121"
"2044655473","2537183537","0.0666667"
"2537183537","2044655473","0.0666667"
"2044655473","2765754910","0.0666667"
"2765754910","2044655473","0.0666667"
"2044655473","2770629490","0.112121"
"2770629490","2044655473","0.112121"
"2044655473","2900105250","0.0666667"
"2900105250","2044655473","0.0666667"
"2044655473","2916333596","0.0666667"
"2916333596","2044655473","0.0666667"
"2054234413","2345320464","0.0666667"
"2345320464","2054234413","0.0666667"
"2054234413","2537183537","0.0666667"
"2537183537","2054234413","0.0666667"
"2054234413","2765754910","0.0666667"
"2765754910","2054234413","0.0666667"
"2054234413","2770629490","0.0666667"
"2770629490","2054234413","0.0666667"
"2136161940","2177858235","0.0666667"
"2177858235","2136161940","0.0666667"
"2136161940","2345320464","0.112121"
"2345320464","2136161940","0.112121"
"2136161940","2537183537","0.0666667"
"2537183537","2136161940","0.0666667"
"2136161940","2765754910","0.0666667"
"2765754910","2136161940","0.0666667"
"2136161940","2770629490","0.112121"
"2770629490","2136161940","0.112121"
"2136161940","2900105250","0.0666667"
"2900105250","2136161940","0.0666667"
"2136161940","2916333596","0.0666667"
"2916333596","2136161940","0.0666667"
"2142325778","2765754910","0.0666667"
"2765754910","2142325778","0.0666667"
"2142325778","2770629490","0.112121"
"2770629490","2142325778","0.112121"
"2168682990","2177858235","0.377356"
"2177858235","2168682990","0.377356"
"2168682990","2345320464","0.112121"
"2345320464","2168682990","0.112121"
"2168682990","2537183537","0.0666667"
"2537183537","2168682990","0.0666667"
"2168682990","2765754910","0.0666667"
"2765754910","2168682990","0.0666667"
"2168682990","2770629490","0.112121"
"2770629490","2168682990","0.112121"
"2168682990","2900105250","0.234499"
"2900105250","2168682990","0.234499"
"2168682990","2916333596","0.234499"
"2916333596","2168682990","0.234499"
"2177858235","2345320464","0.0666667"
"2345320464","2177858235","0.0666667"
"2177858235","2537183537","0.191667"
"2537183537","2177858235","0.191667"
"2177858235","2765754910","0.0666667"
"2765754910","2177858235","0.0666667"
"2177858235","2770629490","0.0666667"
"2770629490","2177858235","0.0666667"
"2345320464","2765754910","0.566667"
"2765754910","2345320464","0.566667"
"2345320464","2770629490","1.61212"
"2770629490","2345320464","1.61212"
"2345320464","2782730694","0.0666667"
"2782730694","2345320464","0.0666667"
"2345320464","2900105250","0.0666667"
"2900105250","2345320464","0.0666667"
"2345320464","2916333596","0.0666667"
"2916333596","2345320464","0.0666667"
"2537183537","2765754910","1.06667"
"2765754910","2537183537","1.06667"
"2537183537","2770629490","2.06667"
"2770629490","2537183537","2.06667"
"2537183537","2782730694","0.0666667"
"2782730694","2537183537","0.0666667"
"2537183537","2900105250","0.0666667"
"2900105250","2537183537","0.0666667"
"2537183537","2916333596","0.0666667"
"2916333596","2537183537","0.0666667"
"2765754910","2770629490","1.81667"
"2770629490","2765754910","1.81667"
"2765754910","2782730694","0.0666667"
"2782730694","2765754910","0.0666667"
"2765754910","2900105250","0.0666667"
"2900105250","2765754910","0.0666667"
"2765754910","2916333596","0.0666667"
"2916333596","2765754910","0.0666667"
"2770629490","2782730694","0.0666667"
"2782730694","2770629490","0.0666667"
"2770629490","2900105250","0.0666667"
"2900105250","2770629490","0.0666667"
"2770629490","2916333596","0.0666667"
"2916333596","2770629490","0.0666667"
"1030795525","1530858411","0.0909091"
"1530858411","1030795525","0.0909091"
"1030795525","1800460040","0.167832"
"1800460040","1030795525","0.167832"
"1530858411","1800460040","0.461279"
"1800460040","1530858411","0.461279"
"1530858411","2028914599","0.0909091"
"2028914599","1530858411","0.0909091"
"1530858411","2054234413","0.127946"
"2054234413","1530858411","0.127946"
"1530858411","2117285963","0.0909091"
"2117285963","1530858411","0.0909091"
"1530858411","2168682990","0.127946"
"2168682990","1530858411","0.127946"
"1530858411","2177858235","0.0909091"
"2177858235","1530858411","0.0909091"
"1530858411","2620999373","0.0909091"
"2620999373","1530858411","0.0909091"
"1530858411","2900105250","0.0909091"
"2900105250","1530858411","0.0909091"
"1530858411","2916333596","0.0909091"
"2916333596","1530858411","0.0909091"
"1530858411","2917219581","0.0909091"
"2917219581","1530858411","0.0909091"
"1800460040","2028914599","0.167832"
"2028914599","1800460040","0.167832"
"1800460040","2054234413","0.204869"
"2054234413","1800460040","0.204869"
"1800460040","2117285963","0.167832"
"2117285963","1800460040","0.167832"
"1800460040","2168682990","0.204869"
"2168682990","1800460040","0.204869"
"1800460040","2177858235","0.167832"
"2177858235","1800460040","0.167832"
"1800460040","2620999373","0.167832"
"2620999373","1800460040","0.167832"
"1800460040","2900105250","0.167832"
"2900105250","1800460040","0.167832"
"1800460040","2916333596","0.167832"
"2916333596","1800460040","0.167832"
"1800460040","2917219581","0.167832"
"2917219581","1800460040","0.167832"
"2028914599","2620999373","0.167832"
"2620999373","2028914599","0.167832"
"2054234413","2620999373","0.167832"
"2620999373","2054234413","0.167832"
"2117285963","2177858235","0.167832"
"2177858235","2117285963","0.167832"
"2117285963","2620999373","0.667832"
"2620999373","2117285963","0.667832"
"2117285963","2900105250","0.167832"
"2900105250","2117285963","0.167832"
"2117285963","2916333596","0.167832"
"2916333596","2117285963","0.167832"
"2117285963","2917219581","0.167832"
"2917219581","2117285963","0.167832"
"2168682990","2620999373","0.667832"
"2620999373","2168682990","0.667832"
"2168682990","2917219581","0.167832"
"2917219581","2168682990","0.167832"
"1030795525","2934256249","0.0769231"
"2934256249","1030795525","0.0769231"
"1800460040","1980505117","0.0769231"
"1980505117","1800460040","0.0769231"
"1800460040","2782730694","0.0769231"
"2782730694","1800460040","0.0769231"
"1800460040","2934256249","0.0769231"
"2934256249","1800460040","0.0769231"
"1980505117","2620999373","0.0769231"
"2620999373","1980505117","0.0769231"
"1980505117","2934256249","0.0769231"
"2934256249","1980505117","0.0769231"
"2028914599","2934256249","0.0769231"
"2934256249","2028914599","0.0769231"
"2054234413","2934256249","0.0769231"
"2934256249","2054234413","0.0769231"
"2117285963","2934256249","0.0769231"
"2934256249","2117285963","0.0769231"
"2168682990","2934256249","0.0769231"
"2934256249","2168682990","0.0769231"
"2177858235","2934256249","0.0769231"
"2934256249","2177858235","0.0769231"
"2620999373","2782730694","0.0769231"
"2782730694","2620999373","0.0769231"
"2620999373","2934256249","0.0769231"
"2934256249","2620999373","0.0769231"
"2782730694","2934256249","0.0769231"
"2934256249","2782730694","0.0769231"
"2900105250","2934256249","0.0769231"
"2934256249","2900105250","0.0769231"
"2916333596","2934256249","1.07692"
"2934256249","2916333596","1.07692"
"2917219581","2934256249","0.0769231"
"2934256249","2917219581","0.0769231"
"1030795525","2383800869","0.142857"
"2383800869","1030795525","0.142857"
"1030795525","2956362216","0.142857"
"2956362216","1030795525","0.142857"
"190500693","2383800869","0.142857"
"2383800869","190500693","0.142857"
"190500693","2956362216","0.642857"
"2956362216","190500693","0.642857"
"2044655473","2383800869","0.179894"
"2383800869","2044655473","0.179894"
"2044655473","2956362216","0.322751"
"2956362216","2044655473","0.322751"
"2136161940","2383800869","0.142857"
"2383800869","2136161940","0.142857"
"2136161940","2956362216","0.142857"
"2956362216","2136161940","0.142857"
"2142325778","2383800869","0.142857"
"2383800869","2142325778","0.142857"
"2142325778","2956362216","0.142857"
"2956362216","2142325778","0.142857"
"2168682990","2383800869","0.179894"
"2383800869","2168682990","0.179894"
"2168682990","2956362216","0.179894"
"2956362216","2168682990","0.179894"
"2383800869","2956362216","0.179894"
"2956362216","2383800869","0.179894"
"1530858411","1821692587","0.0958606"
"1821692587","1530858411","0.0958606"
"1530858411","1997853995","0.0588235"
"1997853995","1530858411","0.0588235"
"1530858411","2057835785","0.0958606"
"2057835785","1530858411","0.0958606"
"1530858411","2068966611","0.167289"
"2068966611","1530858411","0.167289"
"1530858411","2092577038","0.0958606"
"2092577038","1530858411","0.0958606"
"1530858411","2145331246","0.0588235"
"2145331246","1530858411","0.0588235"
"1530858411","2278422430","0.0958606"
"2278422430","1530858411","0.0958606"
"1530858411","2518166949","0.0958606"
"2518166949","1530858411","0.0958606"
"1530858411","2561848258","0.0958606"
"2561848258","1530858411","0.0958606"
"1530858411","2739486908","0.0588235"
"2739486908","1530858411","0.0588235"
"1530858411","2883389483","0.0588235"
"2883389483","1530858411","0.0588235"
"1530858411","2911114719","0.0588235"
"2911114719","1530858411","0.0588235"
"1530858411","2912032563","0.0958606"
"2912032563","1530858411","0.0958606"
"1530858411","2915632761","0.0588235"
"2915632761","1530858411","0.0588235"
"1530858411","2916857260","0.0958606"
"2916857260","1530858411","0.0958606"
"1530858411","2921853712","0.0588235"
"2921853712","1530858411","0.0588235"
"1530858411","2963624503","0.0588235"
"2963624503","1530858411","0.0588235"
"1821692587","1997853995","0.0588235"
"1997853995","1821692587","0.0588235"
"1821692587","2057835785","0.179194"
"2057835785","1821692587","0.179194"
"1821692587","2068966611","0.172784"
"2068966611","1821692587","0.172784"
"1821692587","2145331246","0.0988235"
"2145331246","1821692587","0.0988235"
"1821692587","2518166949","0.571824"
"2518166949","1821692587","0.571824"
"1821692587","2739486908","0.170252"
"2739486908","1821692587","0.170252"
"1821692587","2883389483","0.130252"
"2883389483","1821692587","0.130252"
"1821692587","2912032563","0.167289"
"2912032563","1821692587","0.167289"
"1821692587","2921853712","0.370252"
"2921853712","1821692587","0.370252"
"1821692587","2963624503","0.130252"
"2963624503","1821692587","0.130252"
"1997853995","2057835785","0.0588235"
"2057835785","1997853995","0.0588235"
"1997853995","2068966611","0.0588235"
"2068966611","1997853995","0.0588235"
"1997853995","2092577038","0.0588235"
"2092577038","1997853995","0.0588235"
"1997853995","2145331246","0.0588235"
"2145331246","1997853995","0.0588235"
"1997853995","2278422430","0.0588235"
"2278422430","1997853995","0.0588235"
"1997853995","2518166949","0.0588235"
"2518166949","1997853995","0.0588235"
"1997853995","2561848258","0.0588235"
"2561848258","1997853995","0.0588235"
"1997853995","2739486908","0.0588235"
"2739486908","1997853995","0.0588235"
"1997853995","2883389483","0.0588235"
"2883389483","1997853995","0.0588235"
"1997853995","2911114719","0.0588235"
"2911114719","1997853995","0.0588235"
"1997853995","2912032563","0.0588235"
"2912032563","1997853995","0.0588235"
"1997853995","2915632761","0.0588235"
"2915632761","1997853995","0.0588235"
"1997853995","2916857260","0.0588235"
"2916857260","1997853995","0.0588235"
"1997853995","2921853712","0.892157"
"2921853712","1997853995","0.892157"
"1997853995","2963624503","0.0588235"
"2963624503","1997853995","0.0588235"
"2057835785","2068966611","0.0958606"
"2068966611","2057835785","0.0958606"
"2057835785","2092577038","0.179194"
"2092577038","2057835785","0.179194"
"2057835785","2145331246","0.0588235"
"2145331246","2057835785","0.0588235"
"2057835785","2278422430","0.179194"
"2278422430","2057835785","0.179194"
"2057835785","2518166949","0.179194"
"2518166949","2057835785","0.179194"
"2057835785","2561848258","0.0958606"
"2561848258","2057835785","0.0958606"
"2057835785","2739486908","0.0588235"
"2739486908","2057835785","0.0588235"
"2057835785","2883389483","0.0588235"
"2883389483","2057835785","0.0588235"
"2057835785","2911114719","0.0588235"
"2911114719","2057835785","0.0588235"
"2057835785","2912032563","0.0958606"
"2912032563","2057835785","0.0958606"
"2057835785","2915632761","0.0588235"
"2915632761","2057835785","0.0588235"
"2057835785","2916857260","0.0958606"
"2916857260","2057835785","0.0958606"
"2057835785","2921853712","0.0588235"
"2921853712","2057835785","0.0588235"
"2057835785","2963624503","0.0588235"
"2963624503","2057835785","0.0588235"
"2068966611","2092577038","0.172784"
"2092577038","2068966611","0.172784"
"2068966611","2145331246","0.0588235"
"2145331246","2068966611","0.0588235"
"2068966611","2278422430","0.506117"
"2278422430","2068966611","0.506117"
"2068966611","2518166949","0.172784"
"2518166949","2068966611","0.172784"
"2068966611","2561848258","0.172784"
"2561848258","2068966611","0.172784"
"2068966611","2739486908","0.0588235"
"2739486908","2068966611","0.0588235"
"2068966611","2883389483","0.0588235"
"2883389483","2068966611","0.0588235"
"2068966611","2911114719","0.135747"
"2911114719","2068966611","0.135747"
"2068966611","2912032563","0.0958606"
"2912032563","2068966611","0.0958606"
"2068966611","2915632761","0.135747"
"2915632761","2068966611","0.135747"
"2068966611","2916857260","0.506117"
"2916857260","2068966611","0.506117"
"2068966611","2921853712","0.0588235"
"2921853712","2068966611","0.0588235"
"2068966611","2963624503","0.0588235"
"2963624503","2068966611","0.0588235"
"2092577038","2145331246","0.0988235"
"2145331246","2092577038","0.0988235"
"2092577038","2518166949","0.543252"
"2518166949","2092577038","0.543252"
"2092577038","2739486908","0.0988235"
"2739486908","2092577038","0.0988235"
"2092577038","2883389483","0.0588235"
"2883389483","2092577038","0.0588235"
"2092577038","2912032563","0.0958606"
"2912032563","2092577038","0.0958606"
"2092577038","2921853712","0.209935"
"2921853712","2092577038","0.209935"
"2092577038","2963624503","0.0588235"
"2963624503","2092577038","0.0588235"
"2145331246","2278422430","0.0988235"
"2278422430","2145331246","0.0988235"
"2145331246","2518166949","0.0988235"
"2518166949","2145331246","0.0988235"
"2145331246","2561848258","0.0988235"
"2561848258","2145331246","0.0988235"
"2145331246","2739486908","0.0988235"
"2739486908","2145331246","0.0988235"
"2145331246","2883389483","0.0588235"
"2883389483","2145331246","0.0588235"
"2145331246","2911114719","0.0988235"
"2911114719","2145331246","0.0988235"
"2145331246","2912032563","0.0588235"
"2912032563","2145331246","0.0588235"
"2145331246","2915632761","0.0988235"
"2915632761","2145331246","0.0988235"
"2145331246","2916857260","0.0988235"
"2916857260","2145331246","0.0988235"
"2145331246","2921853712","0.0988235"
"2921853712","2145331246","0.0988235"
"2145331246","2963624503","0.0588235"
"2963624503","2145331246","0.0588235"
"2278422430","2518166949","1.23669"
"2518166949","2278422430","1.23669"
"2278422430","2739486908","0.253585"
"2739486908","2278422430","0.253585"
"2278422430","2883389483","0.213585"
"2883389483","2278422430","0.213585"
"2278422430","2912032563","0.167289"
"2912032563","2278422430","0.167289"
"2278422430","2921853712","0.851998"
"2921853712","2278422430","0.851998"
"2278422430","2963624503","0.213585"
"2963624503","2278422430","0.213585"
"2518166949","2561848258","1.0105"
"2561848258","2518166949","1.0105"
"2518166949","2739486908","0.253585"
"2739486908","2518166949","0.253585"
"2518166949","2883389483","0.213585"
"2883389483","2518166949","0.213585"
"2518166949","2911114719","0.771778"
"2911114719","2518166949","0.771778"
"2518166949","2912032563","0.167289"
"2912032563","2518166949","0.167289"
"2518166949","2915632761","0.771778"
"2915632761","2518166949","0.771778"
"2518166949","2916857260","1.15335"
"2916857260","2518166949","1.15335"
"2518166949","2921853712","0.551998"
"2921853712","2518166949","0.551998"
"2518166949","2963624503","0.213585"
"2963624503","2518166949","0.213585"
"2561848258","2739486908","0.503585"
"2739486908","2561848258","0.503585"
"2561848258","2883389483","0.213585"
"2883389483","2561848258","0.213585"
"2561848258","2912032563","0.167289"
"2912032563","2561848258","0.167289"
"2561848258","2921853712","0.851998"
"2921853712","2561848258","0.851998"
"2561848258","2963624503","0.213585"
"2963624503","2561848258","0.213585"
"2739486908","2883389483","0.213585"
"2883389483","2739486908","0.213585"
"2739486908","2911114719","0.836919"
"2911114719","2739486908","0.836919"
"2739486908","2912032563","0.130252"
"2912032563","2739486908","0.130252"
"2739486908","2915632761","0.836919"
"2915632761","2739486908","0.836919"
"2739486908","2916857260","0.503585"
"2916857260","2739486908","0.503585"
"2739486908","2921853712","1.25359"
"2921853712","2739486908","1.25359"
"2739486908","2963624503","0.213585"
"2963624503","2739486908","0.213585"
"2883389483","2911114719","0.213585"
"2911114719","2883389483","0.213585"
"2883389483","2912032563","0.130252"
"2912032563","2883389483","0.130252"
"2883389483","2915632761","0.213585"
"2915632761","2883389483","0.213585"
"2883389483","2916857260","0.213585"
"2916857260","2883389483","0.213585"
"2883389483","2921853712","0.213585"
"2921853712","2883389483","0.213585"
"2883389483","2963624503","2.21359"
"2963624503","2883389483","2.21359"
"2911114719","2912032563","0.713585"
"2912032563","2911114719","0.713585"
"2911114719","2921853712","3.852"
"2921853712","2911114719","3.852"
"2911114719","2963624503","0.213585"
"2963624503","2911114719","0.213585"
"2912032563","2915632761","0.713585"
"2915632761","2912032563","0.713585"
"2912032563","2916857260","0.417289"
"2916857260","2912032563","0.417289"
"2912032563","2921853712","0.130252"
"2921853712","2912032563","0.130252"
"2912032563","2963624503","0.130252"
"2963624503","2912032563","0.130252"
"2915632761","2921853712","1.352"
"2921853712","2915632761","1.352"
"2915632761","2963624503","0.213585"
"2963624503","2915632761","0.213585"
"2916857260","2921853712","0.851998"
"2921853712","2916857260","0.851998"
"2916857260","2963624503","0.213585"
"2963624503","2916857260","0.213585"
"2921853712","2963624503","1.21359"
"2963624503","2921853712","1.21359"
"1530858411","1965043778","0.0714286"
"1965043778","1530858411","0.0714286"
"1530858411","1977600242","0.108466"
"1977600242","1530858411","0.108466"
"1530858411","1994715440","0.108466"
"1994715440","1530858411","0.108466"
"1530858411","2097421050","0.0714286"
"2097421050","1530858411","0.0714286"
"1530858411","2102658694","0.0714286"
"2102658694","1530858411","0.0714286"
"1530858411","2104537415","0.0714286"
"2104537415","1530858411","0.0714286"
"1530858411","2104977949","0.108466"
"2104977949","1530858411","0.108466"
"1530858411","2120675233","0.108466"
"2120675233","1530858411","0.108466"
"1530858411","2153848235","0.0714286"
"2153848235","1530858411","0.0714286"
"1530858411","2167367619","0.0714286"
"2167367619","1530858411","0.0714286"
"1530858411","2336275496","0.0714286"
"2336275496","1530858411","0.0714286"
"1530858411","2383800869","0.108466"
"2383800869","1530858411","0.108466"
"1530858411","2510636540","0.108466"
"2510636540","1530858411","0.108466"
"1965043778","1994715440","0.0714286"
"1994715440","1965043778","0.0714286"
"1965043778","2068966611","0.0714286"
"2068966611","1965043778","0.0714286"
"1965043778","2097421050","0.410317"
"2097421050","1965043778","0.410317"
"1965043778","2102658694","0.0714286"
"2102658694","1965043778","0.0714286"
"1965043778","2104537415","0.410317"
"2104537415","1965043778","0.410317"
"1965043778","2104977949","4.66349"
"2104977949","1965043778","4.66349"
"1965043778","2120675233","0.0714286"
"2120675233","1965043778","0.0714286"
"1965043778","2153848235","0.380952"
"2153848235","1965043778","0.380952"
"1965043778","2167367619","1.7373"
"2167367619","1965043778","1.7373"
"1965043778","2336275496","0.271429"
"2336275496","1965043778","0.271429"
"1965043778","2383800869","0.0714286"
"2383800869","1965043778","0.0714286"
"1965043778","2510636540","0.0714286"
"2510636540","1965043778","0.0714286"
"1977600242","1994715440","0.608466"
"1994715440","1977600242","0.608466"
"1977600242","2068966611","1.85847"
"2068966611","1977600242","1.85847"
"1977600242","2097421050","1.12077"
"2097421050","1977600242","1.12077"
"1977600242","2102658694","0.571429"
"2102658694","1977600242","0.571429"
"1977600242","2104537415","1.12077"
"2104537415","1977600242","1.12077"
"1977600242","2120675233","0.648466"
"2120675233","1977600242","0.648466"
"1977600242","2167367619","2.43175"
"2167367619","1977600242","2.43175"
"1977600242","2336275496","0.580252"
"2336275496","1977600242","0.580252"
"1977600242","2383800869","0.108466"
"2383800869","1977600242","0.108466"
"1977600242","2510636540","0.167289"
"2510636540","1977600242","0.167289"
"1994715440","2068966611","0.358466"
"2068966611","1994715440","0.358466"
"1994715440","2097421050","0.0714286"
"2097421050","1994715440","0.0714286"
"1994715440","2102658694","0.0714286"
"2102658694","1994715440","0.0714286"
"1994715440","2104537415","0.0714286"
"2104537415","1994715440","0.0714286"
"1994715440","2104977949","0.358466"
"2104977949","1994715440","0.358466"
"1994715440","2120675233","0.108466"
"2120675233","1994715440","0.108466"
"1994715440","2153848235","0.0714286"
"2153848235","1994715440","0.0714286"
"1994715440","2167367619","0.0714286"
"2167367619","1994715440","0.0714286"
"1994715440","2336275496","0.321429"
"2336275496","1994715440","0.321429"
"1994715440","2383800869","0.108466"
"2383800869","1994715440","0.108466"
"1994715440","2510636540","0.608466"
"2510636540","1994715440","0.608466"
"2068966611","2097421050","0.148352"
"2097421050","2068966611","0.148352"
"2068966611","2102658694","0.0714286"
"2102658694","2068966611","0.0714286"
"2068966611","2104537415","0.0714286"
