"1479764148","2161536823","8.28333"
"2161536823","1479764148","8.28333"
"1479764148","1550887598","0.25"
"1550887598","1479764148","0.25"
"1479764148","1983886390","1.79167"
"1983886390","1479764148","1.79167"
"1479764148","19850646","0.875"
"19850646","1479764148","0.875"
"1479764148","2134353308","0.875"
"2134353308","1479764148","0.875"
"1550887598","1983886390","0.25"
"1983886390","1550887598","0.25"
"1550887598","19850646","0.25"
"19850646","1550887598","0.25"
"1550887598","2134353308","0.25"
"2134353308","1550887598","0.25"
"1983886390","19850646","6.49167"
"19850646","1983886390","6.49167"
"1983886390","2134353308","0.375"
"2134353308","1983886390","0.375"
"19850646","2134353308","0.375"
"2134353308","19850646","0.375"
"1479764148","2160375412","1.25"
"2160375412","1479764148","1.25"
"2160375412","2161536823","1.25"
"2161536823","2160375412","1.25"
"1479764148","1556177080","0.666667"
"1556177080","1479764148","0.666667"
"1479764148","2108071201","0.333333"
"2108071201","1479764148","0.333333"
"1479764148","2157693060","0.458333"
"2157693060","1479764148","0.458333"
"1556177080","1983886390","2.45"
"1983886390","1556177080","2.45"
"1556177080","2108071201","0.583333"
"2108071201","1556177080","0.583333"
"1556177080","2157693060","0.583333"
"2157693060","1556177080","0.583333"
"1983886390","2108071201","5.25"
"2108071201","1983886390","5.25"
"1983886390","2157693060","6.20833"
"2157693060","1983886390","6.20833"
"2108071201","2157693060","3.75"
"2157693060","2108071201","3.75"
"1983886390","2161536823","1.08333"
"2161536823","1983886390","1.08333"
"1479764148","2115044062","1.5"
"2115044062","1479764148","1.5"
"2115044062","2161536823","0.5"
"2161536823","2115044062","0.5"
"1479764148","1602713645","0.783333"
"1602713645","1479764148","0.783333"
"1479764148","1874918438","0.908333"
"1874918438","1479764148","0.908333"
"1602713645","1874918438","0.783333"
"1874918438","1602713645","0.783333"
"1479764148","2118103535","0.375"
"2118103535","1479764148","0.375"
"1983886390","2118103535","11.4917"
"2118103535","1983886390","11.4917"
"1983886390","2160375412","0.25"
"2160375412","1983886390","0.25"
"2118103535","2160375412","0.25"
"2160375412","2118103535","0.25"
"2118103535","2161536823","0.25"
"2161536823","2118103535","0.25"
"19850646","2161536823","0.5"
"2161536823","19850646","0.5"
"1479764148","1555095757","0.0833333"
"1555095757","1479764148","0.0833333"
"1479764148","1558197489","0.283333"
"1558197489","1479764148","0.283333"
"1479764148","156460106","0.283333"
"156460106","1479764148","0.283333"
"1479764148","1881860748","0.0833333"
"1881860748","1479764148","0.0833333"
"1479764148","2095660036","0.208333"
"2095660036","1479764148","0.208333"
"1479764148","7262879","0.0833333"
"7262879","1479764148","0.0833333"
"1555095757","1556177080","1.33333"
"1556177080","1555095757","1.33333"
"1555095757","1558197489","0.0833333"
"1558197489","1555095757","0.0833333"
"1555095757","156460106","0.0833333"
"156460106","1555095757","0.0833333"
"1555095757","1602713645","0.833333"
"1602713645","1555095757","0.833333"
"1555095757","1874918438","0.0833333"
"1874918438","1555095757","0.0833333"
"1555095757","1881860748","0.333333"
"1881860748","1555095757","0.333333"
"1555095757","1983886390","0.0833333"
"1983886390","1555095757","0.0833333"
"1555095757","2095660036","0.0833333"
"2095660036","1555095757","0.0833333"
"1555095757","2108071201","0.0833333"
"2108071201","1555095757","0.0833333"
"1555095757","2157693060","0.0833333"
"2157693060","1555095757","0.0833333"
"1555095757","7262879","0.583333"
"7262879","1555095757","0.583333"
"1556177080","1558197489","0.0833333"
"1558197489","1556177080","0.0833333"
"1556177080","156460106","0.333333"
"156460106","1556177080","0.333333"
"1556177080","1602713645","0.583333"
"1602713645","1556177080","0.583333"
"1556177080","1874918438","0.0833333"
"1874918438","1556177080","0.0833333"
"1556177080","1881860748","0.583333"
"1881860748","1556177080","0.583333"
"1556177080","2095660036","0.333333"
"2095660036","1556177080","0.333333"
"1556177080","7262879","0.333333"
"7262879","1556177080","0.333333"
"1558197489","156460106","0.483333"
"156460106","1558197489","0.483333"
"1558197489","1602713645","0.483333"
"1602713645","1558197489","0.483333"
"1558197489","1874918438","0.283333"
"1874918438","1558197489","0.283333"
"1558197489","1881860748","0.0833333"
"1881860748","1558197489","0.0833333"
"1558197489","1983886390","0.0833333"
"1983886390","1558197489","0.0833333"
"1558197489","2095660036","0.0833333"
"2095660036","1558197489","0.0833333"
"1558197489","2108071201","0.0833333"
"2108071201","1558197489","0.0833333"
"1558197489","2157693060","0.0833333"
"2157693060","1558197489","0.0833333"
"1558197489","7262879","0.283333"
"7262879","1558197489","0.283333"
"156460106","1602713645","0.733333"
"1602713645","156460106","0.733333"
"156460106","1874918438","0.283333"
"1874918438","156460106","0.283333"
"156460106","1881860748","0.333333"
"1881860748","156460106","0.333333"
"156460106","1983886390","0.0833333"
"1983886390","156460106","0.0833333"
"156460106","2095660036","0.0833333"
"2095660036","156460106","0.0833333"
"156460106","2108071201","0.0833333"
"2108071201","156460106","0.0833333"
"156460106","2157693060","0.0833333"
"2157693060","156460106","0.0833333"
"156460106","7262879","0.533333"
"7262879","156460106","0.533333"
"1602713645","1881860748","0.583333"
"1881860748","1602713645","0.583333"
"1602713645","1983886390","0.0833333"
"1983886390","1602713645","0.0833333"
"1602713645","2095660036","0.0833333"
"2095660036","1602713645","0.0833333"
"1602713645","2108071201","0.0833333"
"2108071201","1602713645","0.0833333"
"1602713645","2157693060","0.0833333"
"2157693060","1602713645","0.0833333"
"1602713645","7262879","2.53333"
"7262879","1602713645","2.53333"
"1874918438","1881860748","0.0833333"
"1881860748","1874918438","0.0833333"
"1874918438","1983886390","0.208333"
"1983886390","1874918438","0.208333"
"1874918438","2095660036","0.208333"
"2095660036","1874918438","0.208333"
"1874918438","2108071201","0.0833333"
"2108071201","1874918438","0.0833333"
"1874918438","2157693060","0.208333"
"2157693060","1874918438","0.208333"
"1874918438","7262879","0.0833333"
"7262879","1874918438","0.0833333"
"1881860748","1983886390","0.0833333"
"1983886390","1881860748","0.0833333"
"1881860748","2095660036","0.0833333"
"2095660036","1881860748","0.0833333"
"1881860748","2108071201","0.0833333"
"2108071201","1881860748","0.0833333"
"1881860748","2157693060","0.0833333"
"2157693060","1881860748","0.0833333"
"1881860748","7262879","0.333333"
"7262879","1881860748","0.333333"
"1983886390","2095660036","1.70833"
"2095660036","1983886390","1.70833"
"1983886390","7262879","0.0833333"
"7262879","1983886390","0.0833333"
"2095660036","2108071201","1"
"2108071201","2095660036","1"
"2095660036","2157693060","1.125"
"2157693060","2095660036","1.125"
"2095660036","7262879","0.0833333"
"7262879","2095660036","0.0833333"
"2108071201","7262879","0.0833333"
"7262879","2108071201","0.0833333"
"2157693060","7262879","0.0833333"
"7262879","2157693060","0.0833333"
"1479764148","2108827476","0.125"
"2108827476","1479764148","0.125"
"1874918438","19850646","0.125"
"19850646","1874918438","0.125"
"1874918438","2108827476","0.125"
"2108827476","1874918438","0.125"
"1874918438","2118103535","0.125"
"2118103535","1874918438","0.125"
"1874918438","2134353308","0.125"
"2134353308","1874918438","0.125"
"1983886390","2108827476","10.4083"
"2108827476","1983886390","10.4083"
"19850646","2095660036","0.708333"
"2095660036","19850646","0.708333"
"19850646","2108827476","1.90833"
"2108827476","19850646","1.90833"
"19850646","2118103535","0.908333"
"2118103535","19850646","0.908333"
"19850646","2157693060","1.45833"
"2157693060","19850646","1.45833"
"2095660036","2108827476","0.708333"
"2108827476","2095660036","0.708333"
"2095660036","2118103535","0.375"
"2118103535","2095660036","0.375"
"2095660036","2134353308","0.125"
"2134353308","2095660036","0.125"
"2108827476","2118103535","0.575"
"2118103535","2108827476","0.575"
"2108827476","2134353308","0.125"
"2134353308","2108827476","0.125"
"2108827476","2157693060","0.125"
"2157693060","2108827476","0.125"
"2118103535","2134353308","0.125"
"2134353308","2118103535","0.125"
"2118103535","2157693060","0.458333"
"2157693060","2118103535","0.458333"
"2134353308","2157693060","0.125"
"2157693060","2134353308","0.125"
"1479764148","1554033134","0.5"
"1554033134","1479764148","0.5"
"1554033134","2134353308","0.5"
"2134353308","1554033134","0.5"
"1558197489","2161536823","0.4"
"2161536823","1558197489","0.4"
"156460106","2161536823","0.4"
"2161536823","156460106","0.4"
"1602713645","2161536823","0.4"
"2161536823","1602713645","0.4"
"1874918438","2161536823","0.2"
"2161536823","1874918438","0.2"
"1556177080","2161536823","0.333333"
"2161536823","1556177080","0.333333"
"1550887598","1558197489","0.2"
"1558197489","1550887598","0.2"
"1550887598","156460106","0.2"
"156460106","1550887598","0.2"
"1550887598","1602713645","0.45"
"1602713645","1550887598","0.45"
"1550887598","2161536823","0.2"
"2161536823","1550887598","0.2"
"1550887598","7262879","0.2"
"7262879","1550887598","0.2"
"2161536823","7262879","0.2"
"7262879","2161536823","0.2"
"1550887598","1556177080","1.75"
"1556177080","1550887598","1.75"
"1550887598","1554033134","0.5"
"1554033134","1550887598","0.5"
"1554033134","1556177080","1.03333"
"1556177080","1554033134","1.03333"
"1550887598","1555095757","0.25"
"1555095757","1550887598","0.25"
"1550887598","1881860748","0.25"
"1881860748","1550887598","0.25"
"1554033134","1983886390","0.533333"
"1983886390","1554033134","0.533333"
"1554033134","2118103535","0.533333"
"2118103535","1554033134","0.533333"
"1556177080","2118103535","0.533333"
"2118103535","1556177080","0.533333"
"1554033134","19850646","0.2"
"19850646","1554033134","0.2"
"1554033134","2108827476","0.2"
"2108827476","1554033134","0.2"
"1556177080","19850646","0.2"
"19850646","1556177080","0.2"
"1556177080","2108827476","0.2"
"2108827476","1556177080","0.2"
"1559912325","1603396685","6"
"1603396685","1559912325","6"
"1580586646","1881860748","1"
"1881860748","1580586646","1"
"1602713645","2108827476","1"
"2108827476","1602713645","1"
"1602713645","2160375412","0.5"
"2160375412","1602713645","0.5"
"2160375412","7262879","0.5"
"7262879","2160375412","0.5"
"2108071201","2108827476","0.5"
"2108827476","2108071201","0.5"
