"1480810164","2113970290","3.79646"
"2113970290","1480810164","3.79646"
"1480810164","2125332694","0.695076"
"2125332694","1480810164","0.695076"
"1480810164","2126444157","0.423611"
"2126444157","1480810164","0.423611"
"1480810164","82214499","0.681187"
"82214499","1480810164","0.681187"
"2113970290","2125332694","0.757576"
"2125332694","2113970290","0.757576"
"2113970290","2126444157","1.11111"
"2126444157","2113970290","1.11111"
"2113970290","82214499","1.53535"
"82214499","2113970290","1.53535"
"2125332694","2126444157","3.97981"
"2126444157","2125332694","3.97981"
"2125332694","82214499","6.98739"
"82214499","2125332694","6.98739"
"2126444157","82214499","6.67737"
"82214499","2126444157","6.67737"
"1480810164","1572762577","0.32702"
"1572762577","1480810164","0.32702"
"1480810164","2019390807","0.320076"
"2019390807","1480810164","0.320076"
"1480810164","2068306568","1.21591"
"2068306568","1480810164","1.21591"
"1480810164","2104248230","1.18674"
"2104248230","1480810164","1.18674"
"1480810164","2138356326","1.38119"
"2138356326","1480810164","1.38119"
"1480810164","2144622944","0.353409"
"2144622944","1480810164","0.353409"
"1480810164","2146709231","0.415909"
"2146709231","1480810164","0.415909"
"1480810164","2201552871","1.32424"
"2201552871","1480810164","1.32424"
"1572762577","2019390807","0.0909091"
"2019390807","1572762577","0.0909091"
"1572762577","2068306568","2.03258"
"2068306568","1572762577","2.03258"
"1572762577","2104248230","0.0909091"
"2104248230","1572762577","0.0909091"
"1572762577","2113970290","0.20202"
"2113970290","1572762577","0.20202"
"1572762577","2125332694","0.215909"
"2125332694","1572762577","0.215909"
"1572762577","2138356326","0.20202"
"2138356326","1572762577","0.20202"
"1572762577","2144622944","0.0909091"
"2144622944","1572762577","0.0909091"
"1572762577","2146709231","0.415909"
"2146709231","1572762577","0.415909"
"1572762577","2201552871","1.32424"
"2201552871","1572762577","1.32424"
"1572762577","82214499","0.20202"
"82214499","1572762577","0.20202"
"2019390807","2068306568","0.257576"
"2068306568","2019390807","0.257576"
"2019390807","2104248230","1.21003"
"2104248230","2019390807","1.21003"
"2019390807","2113970290","0.507576"
"2113970290","2019390807","0.507576"
"2019390807","2125332694","6.22072"
"2125332694","2019390807","6.22072"
"2019390807","2138356326","0.26452"
"2138356326","2019390807","0.26452"
"2019390807","2144622944","0.788122"
"2144622944","2019390807","0.788122"
"2019390807","2146709231","0.181818"
"2146709231","2019390807","0.181818"
"2019390807","2201552871","0.0909091"
"2201552871","2019390807","0.0909091"
"2019390807","82214499","7.41431"
"82214499","2019390807","7.41431"
"2068306568","2104248230","0.0909091"
"2104248230","2068306568","0.0909091"
"2068306568","2113970290","0.0909091"
"2113970290","2068306568","0.0909091"
"2068306568","2125332694","0.382576"
"2125332694","2068306568","0.382576"
"2068306568","2138356326","0.0909091"
"2138356326","2068306568","0.0909091"
"2068306568","2144622944","0.0909091"
"2144622944","2068306568","0.0909091"
"2068306568","2146709231","1.74924"
"2146709231","2068306568","1.74924"
"2068306568","2201552871","1.32424"
"2201552871","2068306568","1.32424"
"2068306568","82214499","2.09091"
"82214499","2068306568","2.09091"
"2104248230","2113970290","0.624242"
"2113970290","2104248230","0.624242"
"2104248230","2125332694","1.21003"
"2125332694","2104248230","1.21003"
"2104248230","2138356326","0.797854"
"2138356326","2104248230","0.797854"
"2104248230","2144622944","1.0767"
"2144622944","2104248230","1.0767"
"2104248230","2146709231","0.0909091"
"2146709231","2104248230","0.0909091"
"2104248230","2201552871","0.624242"
"2201552871","2104248230","0.624242"
"2104248230","82214499","0.960033"
"82214499","2104248230","0.960033"
"2113970290","2138356326","2.40202"
"2138356326","2113970290","2.40202"
"2113970290","2144622944","0.290909"
"2144622944","2113970290","0.290909"
"2113970290","2146709231","0.290909"
"2146709231","2113970290","0.290909"
"2113970290","2201552871","1.32424"
"2201552871","2113970290","1.32424"
"2125332694","2138356326","0.26452"
"2138356326","2125332694","0.26452"
"2125332694","2144622944","0.811199"
"2144622944","2125332694","0.811199"
"2125332694","2146709231","0.406818"
"2146709231","2125332694","0.406818"
"2125332694","2201552871","0.0909091"
"2201552871","2125332694","0.0909091"
"2138356326","2144622944","0.46452"
"2144622944","2138356326","0.46452"
"2138356326","2146709231","0.0909091"
"2146709231","2138356326","0.0909091"
"2138356326","2201552871","0.957576"
"2201552871","2138356326","0.957576"
"2138356326","82214499","1.70896"
"82214499","2138356326","1.70896"
"2144622944","2146709231","0.281818"
"2146709231","2144622944","0.281818"
"2144622944","2201552871","0.290909"
"2201552871","2144622944","0.290909"
"2144622944","82214499","0.888122"
"82214499","2144622944","0.888122"
"2146709231","2201552871","0.490909"
"2201552871","2146709231","0.490909"
"2146709231","82214499","0.281818"
"82214499","2146709231","0.281818"
"2201552871","82214499","0.0909091"
"82214499","2201552871","0.0909091"
"1480810164","2123978929","0.229167"
"2123978929","1480810164","0.229167"
"1480810164","2165766811","0.277778"
"2165766811","1480810164","0.277778"
"2019390807","2123978929","4.35555"
"2123978929","2019390807","4.35555"
"2019390807","2165766811","3.24979"
"2165766811","2019390807","3.24979"
"2104248230","2123978929","0.619124"
"2123978929","2104248230","0.619124"
"2104248230","2165766811","0.320513"
"2165766811","2104248230","0.320513"
"2123978929","2125332694","1.51196"
"2125332694","2123978929","1.51196"
"2123978929","2165766811","0.665268"
"2165766811","2123978929","0.665268"
"2123978929","82214499","2.45555"
"82214499","2123978929","2.45555"
"2125332694","2165766811","1.02287"
"2165766811","2125332694","1.02287"
"2165766811","82214499","14.6871"
"82214499","2165766811","14.6871"
"1480810164","1732744741","0.173611"
"1732744741","1480810164","0.173611"
"1480810164","1899648442","0.361111"
"1899648442","1480810164","0.361111"
"1480810164","2072998720","0.361111"
"2072998720","1480810164","0.361111"
"1480810164","2111144331","1.29861"
"2111144331","1480810164","1.29861"
"1480810164","2122483056","0.298611"
"2122483056","1480810164","0.298611"
"1480810164","2134755874","0.361111"
"2134755874","1480810164","0.361111"
"1480810164","2181431912","0.506944"
"2181431912","1480810164","0.506944"
"1480810164","2949066031","0.173611"
"2949066031","1480810164","0.173611"
"1732744741","1899648442","0.936111"
"1899648442","1732744741","0.936111"
"1732744741","2072998720","0.936111"
"2072998720","1732744741","0.936111"
"1732744741","2111144331","0.250534"
"2111144331","1732744741","0.250534"
"1732744741","2113970290","0.111111"
"2113970290","1732744741","0.111111"
"1732744741","2122483056","0.875534"
"2122483056","1732744741","0.875534"
"1732744741","2134755874","2.10278"
"2134755874","1732744741","2.10278"
"1732744741","2181431912","1.49028"
"2181431912","1732744741","1.49028"
"1732744741","2949066031","21.0672"
"2949066031","1732744741","21.0672"
"1899648442","2072998720","20.4456"
"2072998720","1899648442","20.4456"
"1899648442","2111144331","0.111111"
"2111144331","1899648442","0.111111"
"1899648442","2113970290","0.111111"
"2113970290","1899648442","0.111111"
"1899648442","2122483056","1.79563"
"2122483056","1899648442","1.79563"
"1899648442","2134755874","2.94563"
"2134755874","1899648442","2.94563"
"1899648442","2181431912","3.40397"
"2181431912","1899648442","3.40397"
"1899648442","2949066031","0.936111"
"2949066031","1899648442","0.936111"
"2072998720","2111144331","0.111111"
"2111144331","2072998720","0.111111"
"2072998720","2113970290","0.111111"
"2113970290","2072998720","0.111111"
"2072998720","2122483056","3.12897"
"2122483056","2072998720","3.12897"
"2072998720","2134755874","3.27897"
"2134755874","2072998720","3.27897"
"2072998720","2181431912","6.40397"
"2181431912","2072998720","6.40397"
"2072998720","2949066031","0.936111"
"2949066031","2072998720","0.936111"
"2111144331","2113970290","0.277778"
"2113970290","2111144331","0.277778"
"2111144331","2122483056","0.452457"
"2122483056","2111144331","0.452457"
"2111144331","2134755874","0.111111"
"2134755874","2111144331","0.111111"
"2111144331","2181431912","0.506944"
"2181431912","2111144331","0.506944"
"2111144331","2949066031","0.250534"
"2949066031","2111144331","0.250534"
"2113970290","2122483056","0.111111"
"2122483056","2113970290","0.111111"
"2113970290","2134755874","0.111111"
"2134755874","2113970290","0.111111"
"2113970290","2181431912","0.444444"
"2181431912","2113970290","0.444444"
"2113970290","2949066031","0.111111"
"2949066031","2113970290","0.111111"
"2122483056","2134755874","3.12897"
"2134755874","2122483056","3.12897"
"2122483056","2181431912","0.893391"
"2181431912","2122483056","0.893391"
"2122483056","2949066031","0.875534"
"2949066031","2122483056","0.875534"
"2134755874","2181431912","2.57063"
"2181431912","2134755874","2.57063"
"2134755874","2949066031","2.10278"
"2949066031","2134755874","2.10278"
"2181431912","2949066031","1.49028"
"2949066031","2181431912","1.49028"
"1480810164","1499446375","0.0625"
"1499446375","1480810164","0.0625"
"1480810164","2045092339","0.173611"
"2045092339","1480810164","0.173611"
"1480810164","2163032274","0.0625"
"2163032274","1480810164","0.0625"
"1499446375","1732744741","0.472756"
"1732744741","1499446375","0.472756"
"1499446375","2019390807","0.84648"
"2019390807","1499446375","0.84648"
"1499446375","2045092339","0.330332"
"2045092339","1499446375","0.330332"
"1499446375","2104248230","0.327457"
"2104248230","1499446375","0.327457"
"1499446375","2111144331","0.327457"
"2111144331","1499446375","0.327457"
"1499446375","2122483056","0.584936"
"2122483056","1499446375","0.584936"
"1499446375","2123978929","0.595289"
"2123978929","1499446375","0.595289"
"1499446375","2125332694","0.863147"
"2125332694","1499446375","0.863147"
"1499446375","2126444157","1.23815"
"2126444157","1499446375","1.23815"
"1499446375","2138356326","0.173611"
"2138356326","1499446375","0.173611"
"1499446375","2144622944","0.595289"
"2144622944","1499446375","0.595289"
"1499446375","2163032274","0.758446"
"2163032274","1499446375","0.758446"
"1499446375","2181431912","0.145833"
"2181431912","1499446375","0.145833"
"1499446375","2949066031","0.472756"
"2949066031","1499446375","0.472756"
"1499446375","82214499","0.94648"
"82214499","1499446375","0.94648"
"1732744741","2019390807","0.347756"
"2019390807","1732744741","0.347756"
"1732744741","2045092339","0.2625"
"2045092339","1732744741","0.2625"
"1732744741","2104248230","0.139423"
"2104248230","1732744741","0.139423"
"1732744741","2123978929","0.139423"
"2123978929","1732744741","0.139423"
"1732744741","2125332694","0.264423"
"2125332694","1732744741","0.264423"
"1732744741","2126444157","0.639423"
"2126444157","1732744741","0.639423"
"1732744741","2138356326","0.0625"
"2138356326","1732744741","0.0625"
"1732744741","2144622944","0.139423"
"2144622944","1732744741","0.139423"
"1732744741","2163032274","0.270833"
"2163032274","1732744741","0.270833"
"1732744741","82214499","0.347756"
"82214499","1732744741","0.347756"
"2019390807","2045092339","3.13226"
"2045092339","2019390807","3.13226"
"2019390807","2111144331","1.61079"
"2111144331","2019390807","1.61079"
"2019390807","2122483056","1.28686"
"2122483056","2019390807","1.28686"
"2019390807","2126444157","4.24007"
"2126444157","2019390807","4.24007"
"2019390807","2163032274","3.92704"
"2163032274","2019390807","3.92704"
"2019390807","2181431912","0.797756"
"2181431912","2019390807","0.797756"
"2019390807","2949066031","0.347756"
"2949066031","2019390807","0.347756"
"2045092339","2104248230","0.0625"
"2104248230","2045092339","0.0625"
"2045092339","2111144331","0.0625"
"2111144331","2045092339","0.0625"
"2045092339","2122483056","0.216346"
"2122483056","2045092339","0.216346"
"2045092339","2123978929","0.532255"
"2123978929","2045092339","0.532255"
"2045092339","2125332694","1.65533"
"2125332694","2045092339","1.65533"
"2045092339","2126444157","1.34337"
"2126444157","2045092339","1.34337"
"2045092339","2138356326","0.173611"
"2138356326","2045092339","0.173611"
"2045092339","2144622944","0.407255"
"2144622944","2045092339","0.407255"
"2045092339","2163032274","2.77392"
"2163032274","2045092339","2.77392"
"2045092339","2181431912","0.339423"
"2181431912","2045092339","0.339423"
"2045092339","2949066031","0.2625"
"2949066031","2045092339","0.2625"
"2045092339","82214499","4.1767"
"82214499","2045092339","4.1767"
"2104248230","2111144331","10.9441"
"2111144331","2104248230","10.9441"
"2104248230","2122483056","0.466346"
"2122483056","2104248230","0.466346"
"2104248230","2126444157","2.98579"
"2126444157","2104248230","2.98579"
"2104248230","2163032274","0.514423"
"2163032274","2104248230","0.514423"
"2104248230","2181431912","0.1875"
"2181431912","2104248230","0.1875"
"2104248230","2949066031","0.139423"
"2949066031","2104248230","0.139423"
"2111144331","2123978929","1.36079"
"2123978929","2111144331","1.36079"
"2111144331","2125332694","1.86912"
"2125332694","2111144331","1.86912"
"2111144331","2126444157","1.09412"
"2126444157","2111144331","1.09412"
"2111144331","2138356326","1.50694"
"2138356326","2111144331","1.50694"
"2111144331","2144622944","0.327457"
"2144622944","2111144331","0.327457"
"2111144331","2163032274","0.339423"
"2163032274","2111144331","0.339423"
"2111144331","82214499","2.11079"
"82214499","2111144331","2.11079"
"2122483056","2123978929","0.370192"
"2123978929","2122483056","0.370192"
"2122483056","2125332694","0.834936"
"2125332694","2122483056","0.834936"
"2122483056","2126444157","2.80472"
"2126444157","2122483056","2.80472"
"2122483056","2138356326","0.0625"
"2138356326","2122483056","0.0625"
"2122483056","2144622944","0.370192"
"2144622944","2122483056","0.370192"
"2122483056","2163032274","0.543269"
"2163032274","2122483056","0.543269"
"2122483056","82214499","1.01305"
"82214499","2122483056","1.01305"
"2123978929","2126444157","1.28888"
"2126444157","2123978929","1.28888"
"2123978929","2138356326","1.17361"
"2138356326","2123978929","1.17361"
"2123978929","2144622944","0.797212"
"2144622944","2123978929","0.797212"
"2123978929","2163032274","0.809178"
"2163032274","2123978929","0.809178"
"2123978929","2181431912","0.264423"
"2181431912","2123978929","0.264423"
"2123978929","2949066031","0.139423"
"2949066031","2123978929","0.139423"
"2125332694","2163032274","1.41678"
"2163032274","2125332694","1.41678"
"2125332694","2181431912","0.1875"
"2181431912","2125332694","0.1875"
"2125332694","2949066031","0.264423"
"2949066031","2125332694","0.264423"
"2126444157","2138356326","0.284722"
"2138356326","2126444157","0.284722"
"2126444157","2144622944","1.13055"
"2144622944","2126444157","1.13055"
"2126444157","2163032274","1.77704"
"2163032274","2126444157","1.77704"
"2126444157","2181431912","0.65728"
"2181431912","2126444157","0.65728"
"2126444157","2949066031","0.639423"
"2949066031","2126444157","0.639423"
"2138356326","2163032274","0.395833"
"2163032274","2138356326","0.395833"
"2138356326","2181431912","0.395833"
"2181431912","2138356326","0.395833"
"2138356326","2949066031","0.0625"
"2949066031","2138356326","0.0625"
"2144622944","2163032274","0.609178"
"2163032274","2144622944","0.609178"
"2144622944","2181431912","0.264423"
"2181431912","2144622944","0.264423"
"2144622944","2949066031","0.139423"
"2949066031","2144622944","0.139423"
"2163032274","2181431912","0.597756"
"2181431912","2163032274","0.597756"
"2163032274","2949066031","0.270833"
"2949066031","2163032274","0.270833"
"2163032274","82214499","3.4437"
"82214499","2163032274","3.4437"
"2181431912","82214499","0.490614"
"82214499","2181431912","0.490614"
"2949066031","82214499","0.347756"
"82214499","2949066031","0.347756"
"1480810164","2098082683","0.436111"
"2098082683","1480810164","0.436111"
"1480810164","2160555020","0.2"
"2160555020","1480810164","0.2"
"2098082683","2113970290","0.311111"
"2113970290","2098082683","0.311111"
"2098082683","2146709231","1.85833"
"2146709231","2098082683","1.85833"
"2098082683","2160555020","0.2"
"2160555020","2098082683","0.2"
"2098082683","2201552871","2.1"
"2201552871","2098082683","2.1"
"2113970290","2160555020","0.2"
"2160555020","2113970290","0.2"
"2146709231","2160555020","0.4"
"2160555020","2146709231","0.4"
"2160555020","2201552871","0.2"
"2201552871","2160555020","0.2"
"2111144331","2201552871","0.333333"
"2201552871","2111144331","0.333333"
"1899648442","2138356326","0.25"
"2138356326","1899648442","0.25"
"2072998720","2138356326","0.25"
"2138356326","2072998720","0.25"
"2134755874","2138356326","0.25"
"2138356326","2134755874","0.25"
"1480810164","2162238608","0.111111"
"2162238608","1480810164","0.111111"
"1572762577","2045092339","0.111111"
"2045092339","1572762577","0.111111"
"1572762577","2098082683","2.46944"
"2098082683","1572762577","2.46944"
"1572762577","2126444157","0.111111"
"2126444157","1572762577","0.111111"
"1572762577","2162238608","1.86111"
"2162238608","1572762577","1.86111"
"1572762577","2165766811","0.111111"
"2165766811","1572762577","0.111111"
"2045092339","2098082683","0.111111"
"2098082683","2045092339","0.111111"
"2045092339","2113970290","0.444444"
"2113970290","2045092339","0.444444"
"2045092339","2162238608","0.111111"
"2162238608","2045092339","0.111111"
"2045092339","2165766811","1.2892"
"2165766811","2045092339","1.2892"
"2098082683","2126444157","0.111111"
"2126444157","2098082683","0.111111"
"2098082683","2138356326","0.111111"
"2138356326","2098082683","0.111111"
"2098082683","2162238608","1.11111"
"2162238608","2098082683","1.11111"
"2098082683","2165766811","0.111111"
"2165766811","2098082683","0.111111"
"2098082683","82214499","0.111111"
"82214499","2098082683","0.111111"
"2113970290","2162238608","0.111111"
"2162238608","2113970290","0.111111"
"2113970290","2165766811","0.111111"
"2165766811","2113970290","0.111111"
"2126444157","2162238608","1.15278"
"2162238608","2126444157","1.15278"
"2126444157","2165766811","1.85376"
"2165766811","2126444157","1.85376"
"2138356326","2162238608","0.111111"
"2162238608","2138356326","0.111111"
"2138356326","2165766811","0.111111"
"2165766811","2138356326","0.111111"
"2162238608","2165766811","0.194444"
"2165766811","2162238608","0.194444"
"2162238608","82214499","0.194444"
"82214499","2162238608","0.194444"
"1480810164","2030473991","0.666667"
"2030473991","1480810164","0.666667"
"2030473991","2104248230","0.866667"
"2104248230","2030473991","0.866667"
"2030473991","2111144331","0.866667"
"2111144331","2030473991","0.866667"
"1480810164","1507267714","0.125"
"1507267714","1480810164","0.125"
"1507267714","1572762577","3.19167"
"1572762577","1507267714","3.19167"
"1507267714","2068306568","6.85833"
"2068306568","1507267714","6.85833"
"1507267714","2098082683","2.525"
"2098082683","1507267714","2.525"
"1507267714","2111144331","0.125"
"2111144331","1507267714","0.125"
"1507267714","2122483056","0.291667"
"2122483056","1507267714","0.291667"
"1507267714","2125332694","0.291667"
"2125332694","1507267714","0.291667"
"1507267714","2146709231","1.19167"
"2146709231","1507267714","1.19167"
"1572762577","2111144331","0.125"
"2111144331","1572762577","0.125"
"1572762577","2122483056","0.125"
"2122483056","1572762577","0.125"
"2068306568","2098082683","3.19167"
"2098082683","2068306568","3.19167"
"2068306568","2111144331","0.125"
"2111144331","2068306568","0.125"
"2068306568","2122483056","0.291667"
"2122483056","2068306568","0.291667"
"2098082683","2111144331","0.125"
"2111144331","2098082683","0.125"
"2098082683","2122483056","0.125"
"2122483056","2098082683","0.125"
"2098082683","2125332694","0.125"
"2125332694","2098082683","0.125"
"2111144331","2146709231","0.658333"
"2146709231","2111144331","0.658333"
"2122483056","2146709231","1.125"
"2146709231","2122483056","1.125"
"1499446375","2114852717","0.373626"
"2114852717","1499446375","0.373626"
"1499446375","2165766811","0.772869"
"2165766811","1499446375","0.772869"
"1732744741","2114852717","0.0769231"
"2114852717","1732744741","0.0769231"
"1732744741","2165766811","0.285256"
"2165766811","1732744741","0.285256"
"2019390807","2114852717","0.575549"
"2114852717","2019390807","0.575549"
"2104248230","2114852717","0.353846"
"2114852717","2104248230","0.353846"
"2111144331","2114852717","0.553846"
"2114852717","2111144331","0.553846"
"2111144331","2165766811","0.153846"
"2165766811","2111144331","0.153846"
"2114852717","2122483056","0.641026"
"2122483056","2114852717","0.641026"
"2114852717","2123978929","0.432692"
"2123978929","2114852717","0.432692"
"2114852717","2125332694","0.498626"
"2125332694","2114852717","0.498626"
"2114852717","2126444157","1.30888"
"2126444157","2114852717","1.30888"
"2114852717","2144622944","0.307692"
"2144622944","2114852717","0.307692"
"2114852717","2165766811","0.450549"
"2165766811","2114852717","0.450549"
"2114852717","2949066031","0.0769231"
"2949066031","2114852717","0.0769231"
"2114852717","82214499","0.575549"
"82214499","2114852717","0.575549"
"2122483056","2165766811","2.28388"
"2165766811","2122483056","2.28388"
"2144622944","2165766811","0.498601"
"2165766811","2144622944","0.498601"
"2165766811","2949066031","0.285256"
"2949066031","2165766811","0.285256"
"1499446375","2137567142","0.0769231"
"2137567142","1499446375","0.0769231"
"2019390807","2137567142","0.737179"
"2137567142","2019390807","0.737179"
"2104248230","2137567142","0.410256"
"2137567142","2104248230","0.410256"
"2111144331","2137567142","0.0769231"
"2137567142","2111144331","0.0769231"
"2114852717","2137567142","0.153846"
"2137567142","2114852717","0.153846"
"2114852717","2163032274","0.373626"
"2163032274","2114852717","0.373626"
"2122483056","2137567142","0.153846"
"2137567142","2122483056","0.153846"
"2123978929","2137567142","0.153846"
"2137567142","2123978929","0.153846"
"2125332694","2137567142","0.0769231"
"2137567142","2125332694","0.0769231"
"2126444157","2137567142","0.487179"
"2137567142","2126444157","0.487179"
"2137567142","2144622944","0.487179"
"2144622944","2137567142","0.487179"
"2137567142","2163032274","0.737179"
"2163032274","2137567142","0.737179"
"2137567142","2165766811","0.153846"
"2165766811","2137567142","0.153846"
"2137567142","82214499","0.153846"
"82214499","2137567142","0.153846"
"2163032274","2165766811","2.93954"
"2165766811","2163032274","2.93954"
"1499446375","1899648442","0.375"
"1899648442","1499446375","0.375"
"1499446375","2072998720","0.375"
"2072998720","1499446375","0.375"
"1499446375","2134755874","0.375"
"2134755874","1499446375","0.375"
"1499446375","2162238608","1.375"
"2162238608","1499446375","1.375"
"1899648442","2126444157","1.18452"
"2126444157","1899648442","1.18452"
"1899648442","2162238608","3.325"
"2162238608","1899648442","3.325"
"2072998720","2126444157","1.18452"
"2126444157","2072998720","1.18452"
"2072998720","2162238608","3.65833"
"2162238608","2072998720","3.65833"
"2122483056","2162238608","2.375"
"2162238608","2122483056","2.375"
"2126444157","2134755874","1.35119"
"2134755874","2126444157","1.35119"
"2134755874","2162238608","2.15833"
"2162238608","2134755874","2.15833"
"1499446375","2146709231","0.190909"
"2146709231","1499446375","0.190909"
"1499446375","2184369383","0.176923"
"2184369383","1499446375","0.176923"
"2045092339","2146709231","0.190909"
"2146709231","2045092339","0.190909"
"2045092339","2184369383","1.37692"
"2184369383","2045092339","1.37692"
"2123978929","2146709231","0.190909"
"2146709231","2123978929","0.190909"
"2123978929","2184369383","0.176923"
"2184369383","2123978929","0.176923"
"2125332694","2184369383","0.176923"
"2184369383","2125332694","0.176923"
"2126444157","2146709231","0.724242"
"2146709231","2126444157","0.724242"
"2126444157","2184369383","0.176923"
"2184369383","2126444157","0.176923"
"2144622944","2184369383","0.176923"
"2184369383","2144622944","0.176923"
"2146709231","2163032274","0.190909"
"2163032274","2146709231","0.190909"
"2146709231","2165766811","0.190909"
"2165766811","2146709231","0.190909"
"2146709231","2184369383","0.1"
"2184369383","2146709231","0.1"
"2163032274","2184369383","0.510256"
"2184369383","2163032274","0.510256"
"2165766811","2184369383","0.510256"
"2184369383","2165766811","0.510256"
"2184369383","82214499","2.01026"
"82214499","2184369383","2.01026"
"1499446375","2030473991","0.0909091"
"2030473991","1499446375","0.0909091"
"2019390807","2030473991","0.167832"
"2030473991","2019390807","0.167832"
"2030473991","2045092339","1.36783"
"2045092339","2030473991","1.36783"
"2030473991","2123978929","0.167832"
"2123978929","2030473991","0.167832"
"2030473991","2125332694","0.0909091"
"2125332694","2030473991","0.0909091"
"2030473991","2126444157","1.70117"
"2126444157","2030473991","1.70117"
"2030473991","2144622944","0.167832"
"2144622944","2030473991","0.167832"
"2030473991","2146709231","0.957576"
"2146709231","2030473991","0.957576"
"2030473991","2163032274","0.167832"
"2163032274","2030473991","0.167832"
"2030473991","2165766811","0.167832"
"2165766811","2030473991","0.167832"
"2030473991","82214499","0.167832"
"82214499","2030473991","0.167832"
"1732744741","2162238608","0.208333"
"2162238608","1732744741","0.208333"
"1899648442","2019390807","0.283333"
"2019390807","1899648442","0.283333"
"1899648442","2163032274","0.0833333"
"2163032274","1899648442","0.0833333"
"1899648442","2165766811","0.22619"
"2165766811","1899648442","0.22619"
"1899648442","82214499","0.22619"
"82214499","1899648442","0.22619"
"2019390807","2072998720","0.283333"
"2072998720","2019390807","0.283333"
"2019390807","2134755874","0.283333"
"2134755874","2019390807","0.283333"
"2019390807","2162238608","0.283333"
"2162238608","2019390807","0.283333"
"2072998720","2163032274","0.0833333"
"2163032274","2072998720","0.0833333"
"2072998720","2165766811","0.22619"
"2165766811","2072998720","0.22619"
"2072998720","82214499","0.22619"
"82214499","2072998720","0.22619"
"2134755874","2163032274","0.0833333"
"2163032274","2134755874","0.0833333"
"2134755874","2165766811","0.22619"
"2165766811","2134755874","0.22619"
"2134755874","82214499","0.22619"
"82214499","2134755874","0.22619"
"2162238608","2163032274","0.0833333"
"2163032274","2162238608","0.0833333"
"2162238608","2181431912","0.783333"
"2181431912","2162238608","0.783333"
"2162238608","2949066031","0.208333"
"2949066031","2162238608","0.208333"
"2165766811","2181431912","0.303114"
"2181431912","2165766811","0.303114"
"1499446375","2889583474","0.0769231"
"2889583474","1499446375","0.0769231"
"2019390807","2184369383","0.0769231"
"2184369383","2019390807","0.0769231"
"2019390807","2889583474","0.0769231"
"2889583474","2019390807","0.0769231"
"2045092339","2114852717","0.278846"
"2114852717","2045092339","0.278846"
"2045092339","2889583474","0.0769231"
"2889583474","2045092339","0.0769231"
"2114852717","2184369383","0.0769231"
"2184369383","2114852717","0.0769231"
"2114852717","2889583474","0.0769231"
"2889583474","2114852717","0.0769231"
"2122483056","2184369383","0.0769231"
"2184369383","2122483056","0.0769231"
"2122483056","2889583474","0.0769231"
"2889583474","2122483056","0.0769231"
"2123978929","2889583474","0.0769231"
"2889583474","2123978929","0.0769231"
"2125332694","2889583474","0.0769231"
"2889583474","2125332694","0.0769231"
"2126444157","2889583474","0.0769231"
"2889583474","2126444157","0.0769231"
"2144622944","2889583474","0.0769231"
"2889583474","2144622944","0.0769231"
"2163032274","2889583474","0.0769231"
"2889583474","2163032274","0.0769231"
"2165766811","2889583474","0.0769231"
"2889583474","2165766811","0.0769231"
"2184369383","2889583474","1.07692"
"2889583474","2184369383","1.07692"
"2889583474","82214499","0.0769231"
"82214499","2889583474","0.0769231"
"1507267714","2019390807","0.166667"
"2019390807","1507267714","0.166667"
"1507267714","2294548604","1"
"2294548604","1507267714","1"
"1507267714","82214499","0.166667"
"82214499","1507267714","0.166667"
"2019390807","2294548604","0.166667"
"2294548604","2019390807","0.166667"
"2068306568","2294548604","5.08333"
"2294548604","2068306568","5.08333"
"2122483056","2294548604","0.166667"
"2294548604","2122483056","0.166667"
"2125332694","2294548604","0.166667"
"2294548604","2125332694","0.166667"
"2294548604","82214499","1.5"
"82214499","2294548604","1.5"
"1507267714","2201552871","0.733333"
"2201552871","1507267714","0.733333"
"1507267714","2396268601","0.4"
"2396268601","1507267714","0.4"
"1572762577","2396268601","0.7"
"2396268601","1572762577","0.7"
"2068306568","2396268601","1.53333"
"2396268601","2068306568","1.53333"
"2098082683","2396268601","1.53333"
"2396268601","2098082683","1.53333"
"2201552871","2396268601","0.2"
"2396268601","2201552871","0.2"
"1507267714","1781113593","0.333333"
"1781113593","1507267714","0.333333"
"1781113593","2068306568","0.833333"
"2068306568","1781113593","0.833333"
"1781113593","2294548604","0.833333"
"2294548604","1781113593","0.833333"
"1507267714","2001340865","0.2"
"2001340865","1507267714","0.2"
"1507267714","2030473991","0.2"
"2030473991","1507267714","0.2"
"1507267714","2162238608","0.2"
"2162238608","1507267714","0.2"
"2001340865","2030473991","1.2"
"2030473991","2001340865","1.2"
"2001340865","2146709231","1.4"
"2146709231","2001340865","1.4"
"2001340865","2162238608","0.45"
"2162238608","2001340865","0.45"
"2001340865","2396268601","1.325"
"2396268601","2001340865","1.325"
"2030473991","2162238608","0.2"
"2162238608","2030473991","0.2"
"2030473991","2396268601","0.2"
"2396268601","2030473991","0.2"
"2146709231","2162238608","0.533333"
"2162238608","2146709231","0.533333"
"2146709231","2396268601","2.2"
"2396268601","2146709231","2.2"
"2162238608","2396268601","2.03333"
"2396268601","2162238608","2.03333"
"1572762577","2294548604","0.75"
"2294548604","1572762577","0.75"
"1572762577","1732744741","0.5"
"1732744741","1572762577","0.5"
"1572762577","2949066031","0.5"
"2949066031","1572762577","0.5"
"1572762577","2001340865","0.25"
"2001340865","1572762577","0.25"
"2001340865","2068306568","0.75"
"2068306568","2001340865","0.75"
"2001340865","2294548604","0.25"
"2294548604","2001340865","0.25"
"2068306568","2162238608","0.25"
"2162238608","2068306568","0.25"
"2162238608","2294548604","0.25"
"2294548604","2162238608","0.25"
"1658167903","2146709231","0.333333"
"2146709231","1658167903","0.333333"
"1658167903","2162238608","0.333333"
"2162238608","1658167903","0.333333"
"1658167903","2396268601","0.333333"
"2396268601","1658167903","0.333333"
"1732744741","2201552871","0.5"
"2201552871","1732744741","0.5"
"2201552871","2949066031","0.5"
"2949066031","2201552871","0.5"
"1732744741","2030473991","0.2"
"2030473991","1732744741","0.2"
"1732744741","2184369383","0.2"
"2184369383","1732744741","0.2"
"2030473991","2181431912","0.276923"
"2181431912","2030473991","0.276923"
"2030473991","2184369383","0.2"
"2184369383","2030473991","0.2"
"2030473991","2949066031","0.2"
"2949066031","2030473991","0.2"
"2181431912","2184369383","0.2"
"2184369383","2181431912","0.2"
"2184369383","2949066031","0.2"
"2949066031","2184369383","0.2"
"1973891184","2114852717","1.77692"
"2114852717","1973891184","1.77692"
"1973891184","2160555020","2.5"
"2160555020","1973891184","2.5"
"2114852717","2160555020","2.53333"
"2160555020","2114852717","2.53333"
"1973891184","2019390807","0.0769231"
"2019390807","1973891184","0.0769231"
"1973891184","2030473991","0.276923"
"2030473991","1973891184","0.276923"
"1973891184","2045092339","0.0769231"
"2045092339","1973891184","0.0769231"
"1973891184","2122483056","0.0769231"
"2122483056","1973891184","0.0769231"
"1973891184","2123978929","0.0769231"
"2123978929","1973891184","0.0769231"
"1973891184","2126444157","0.276923"
"2126444157","1973891184","0.276923"
"1973891184","2137567142","0.0769231"
"2137567142","1973891184","0.0769231"
"1973891184","2144622944","0.0769231"
"2144622944","1973891184","0.0769231"
"1973891184","2163032274","0.0769231"
"2163032274","1973891184","0.0769231"
"1973891184","2165766811","0.0769231"
"2165766811","1973891184","0.0769231"
"1973891184","2181431912","0.0769231"
"2181431912","1973891184","0.0769231"
"1973891184","82214499","0.0769231"
"82214499","1973891184","0.0769231"
"2030473991","2114852717","0.610256"
"2114852717","2030473991","0.610256"
"2030473991","2122483056","0.0769231"
"2122483056","2030473991","0.0769231"
"2030473991","2137567142","0.0769231"
"2137567142","2030473991","0.0769231"
"2045092339","2137567142","0.410256"
"2137567142","2045092339","0.410256"
"2114852717","2181431912","0.0769231"
"2181431912","2114852717","0.0769231"
"2137567142","2181431912","0.326923"
"2181431912","2137567142","0.326923"
"1973891184","2104248230","0.2"
"2104248230","1973891184","0.2"
"1973891184","2111144331","0.2"
"2111144331","1973891184","0.2"
"1998475822","2137567142","2.25"
"2137567142","1998475822","2.25"
"1998475822","2019390807","0.25"
"2019390807","1998475822","0.25"
"1998475822","2163032274","0.25"
"2163032274","1998475822","0.25"
"1998475822","2181431912","0.25"
"2181431912","1998475822","0.25"
"2001340865","2098082683","0.5"
"2098082683","2001340865","0.5"
"2001340865","2114852717","0.825"
"2114852717","2001340865","0.825"
"2098082683","2114852717","0.5"
"2114852717","2098082683","0.5"
"2001340865","2890823328","2"
"2890823328","2001340865","2"
"2001340865","2019390807","0.375"
"2019390807","2001340865","0.375"
"2001340865","2045092339","0.125"
"2045092339","2001340865","0.125"
"2001340865","2123978929","0.125"
"2123978929","2001340865","0.125"
"2001340865","2125332694","0.125"
"2125332694","2001340865","0.125"
"2001340865","2126444157","0.325"
"2126444157","2001340865","0.325"
"2001340865","82214499","0.125"
"82214499","2001340865","0.125"
"2019390807","2396268601","0.125"
"2396268601","2019390807","0.125"
"2045092339","2396268601","0.125"
"2396268601","2045092339","0.125"
"2114852717","2396268601","1.95833"
"2396268601","2114852717","1.95833"
"2123978929","2396268601","0.125"
"2396268601","2123978929","0.125"
"2125332694","2396268601","0.125"
"2396268601","2125332694","0.125"
"2126444157","2396268601","0.125"
"2396268601","2126444157","0.125"
"2396268601","82214499","0.625"
"82214499","2396268601","0.625"
"2001340865","2160555020","0.45"
"2160555020","2001340865","0.45"
"2001340865","2163032274","0.25"
"2163032274","2001340865","0.25"
"2001340865","2165766811","0.25"
"2165766811","2001340865","0.25"
"2019390807","2160555020","0.583333"
"2160555020","2019390807","0.583333"
"2160555020","2163032274","0.25"
"2163032274","2160555020","0.25"
"2160555020","2165766811","0.25"
"2165766811","2160555020","0.25"
"2001340865","2201552871","0.5"
"2201552871","2001340865","0.5"
"2001340865","2111144331","0.2"
"2111144331","2001340865","0.2"
"2111144331","2160555020","0.2"
"2160555020","2111144331","0.2"
"2114852717","2146709231","2.53333"
"2146709231","2114852717","2.53333"
"2126444157","2160555020","0.533333"
"2160555020","2126444157","0.533333"
"2113970290","2123978929","0.166667"
"2123978929","2113970290","0.166667"
"2125332694","2160555020","0.333333"
"2160555020","2125332694","0.333333"
"2030473991","2068306568","0.333333"
"2068306568","2030473991","0.333333"
"2030473991","2098082683","0.333333"
"2098082683","2030473991","0.333333"
"2068306568","2165766811","1.33333"
"2165766811","2068306568","1.33333"
"2165766811","2294548604","0.833333"
"2294548604","2165766811","0.833333"
"2104248230","2184369383","0.5"
"2184369383","2104248230","0.5"
"2111144331","2184369383","1"
"2184369383","2111144331","1"
"2111144331","2396268601","0.333333"
"2396268601","2111144331","0.333333"
"2146709231","2181431912","0.333333"
"2181431912","2146709231","0.333333"
"2181431912","2396268601","0.333333"
"2396268601","2181431912","0.333333"
"2113970290","2163032274","0.333333"
"2163032274","2113970290","0.333333"
"2160555020","2396268601","0.833333"
"2396268601","2160555020","0.833333"
"2122483056","2160555020","0.333333"
"2160555020","2122483056","0.333333"
"2122483056","2396268601","0.333333"
"2396268601","2122483056","0.333333"
"2122483056","2201552871","0.333333"
"2201552871","2122483056","0.333333"
"2134755874","2201552871","0.333333"
"2201552871","2134755874","0.333333"
"2162238608","2201552871","0.333333"
"2201552871","2162238608","0.333333"
"2137567142","2160555020","1"
"2160555020","2137567142","1"
"2165766811","2396268601","0.5"
"2396268601","2165766811","0.5"
"2181431912","2890823328","1"
"2890823328","2181431912","1"
