"1449347389","1975703073","1.36667"
"1975703073","1449347389","1.36667"
"1449347389","2030593446","2.91667"
"2030593446","1449347389","2.91667"
"1449347389","2527878563","2.36667"
"2527878563","1449347389","2.36667"
"1975703073","2030593446","0.583333"
"2030593446","1975703073","0.583333"
"1975703073","2527878563","2"
"2527878563","1975703073","2"
"2030593446","2527878563","1.16667"
"2527878563","2030593446","1.16667"
"1449347389","1933742264","2.45"
"1933742264","1449347389","2.45"
"1449347389","1992326630","1.08333"
"1992326630","1449347389","1.08333"
"1449347389","2069448675","0.916667"
"2069448675","1449347389","0.916667"
"1449347389","2085786977","0.583333"
"2085786977","1449347389","0.583333"
"1449347389","2099137443","0.916667"
"2099137443","1449347389","0.916667"
"1933742264","1975703073","0.616667"
"1975703073","1933742264","0.616667"
"1933742264","1992326630","0.666667"
"1992326630","1933742264","0.666667"
"1933742264","2069448675","0.166667"
"2069448675","1933742264","0.166667"
"1933742264","2085786977","0.166667"
"2085786977","1933742264","0.166667"
"1933742264","2099137443","2.05556"
"2099137443","1933742264","2.05556"
"1975703073","1992326630","1.54167"
"1992326630","1975703073","1.54167"
"1975703073","2069448675","3.04167"
"2069448675","1975703073","3.04167"
"1975703073","2085786977","0.583333"
"2085786977","1975703073","0.583333"
"1975703073","2099137443","1.41667"
"2099137443","1975703073","1.41667"
"1992326630","2069448675","1.54167"
"2069448675","1992326630","1.54167"
"1992326630","2085786977","0.583333"
"2085786977","1992326630","0.583333"
"1992326630","2099137443","1.11667"
"2099137443","1992326630","1.11667"
"2069448675","2085786977","2.33333"
"2085786977","2069448675","2.33333"
"2069448675","2099137443","1.91667"
"2099137443","2069448675","1.91667"
"2085786977","2099137443","0.666667"
"2099137443","2085786977","0.666667"
"1449347389","1995745176","1"
"1995745176","1449347389","1"
"1449347389","2034883828","3.4"
"2034883828","1449347389","3.4"
"2030593446","2069448675","1.83333"
"2069448675","2030593446","1.83333"
"2069448675","2527878563","3"
"2527878563","2069448675","3"
"1992326630","2527878563","0.416667"
"2527878563","1992326630","0.416667"
"2085786977","2527878563","1.66667"
"2527878563","2085786977","1.66667"
"2099137443","2527878563","0.805556"
"2527878563","2099137443","0.805556"
"1449347389","2074889838","0.45"
"2074889838","1449347389","0.45"
"1933742264","2074889838","1.75"
"2074889838","1933742264","1.75"
"1933742264","2527878563","0.638889"
"2527878563","1933742264","0.638889"
"1975703073","2074889838","0.25"
"2074889838","1975703073","0.25"
"2074889838","2527878563","0.45"
"2527878563","2074889838","0.45"
"1449347389","2153822153","0.125"
"2153822153","1449347389","0.125"
"1975703073","2153822153","0.125"
"2153822153","1975703073","0.125"
"1992326630","2030593446","0.25"
"2030593446","1992326630","0.25"
"1992326630","2153822153","0.191667"
"2153822153","1992326630","0.191667"
"2030593446","2085786977","1"
"2085786977","2030593446","1"
"2030593446","2099137443","0.75"
"2099137443","2030593446","0.75"
"2030593446","2153822153","0.125"
"2153822153","2030593446","0.125"
"2069448675","2153822153","0.125"
"2153822153","2069448675","0.125"
"2085786977","2153822153","0.125"
"2153822153","2085786977","0.125"
"2099137443","2153822153","0.271465"
"2153822153","2099137443","0.271465"
"2153822153","2527878563","0.180556"
"2527878563","2153822153","0.180556"
"2034883828","2527878563","0.7"
"2527878563","2034883828","0.7"
"1449347389","2003580231","0.2"
"2003580231","1449347389","0.2"
"1449347389","2073215154","0.2"
"2073215154","1449347389","0.2"
"1933742264","2003580231","0.2"
"2003580231","1933742264","0.2"
"1933742264","2034883828","0.2"
"2034883828","1933742264","0.2"
"1933742264","2073215154","0.255556"
"2073215154","1933742264","0.255556"
"1975703073","2003580231","0.2"
"2003580231","1975703073","0.2"
"1975703073","2034883828","0.2"
"2034883828","1975703073","0.2"
"1975703073","2073215154","0.2"
"2073215154","1975703073","0.2"
"2003580231","2034883828","0.2"
"2034883828","2003580231","0.2"
"2003580231","2073215154","0.2"
"2073215154","2003580231","0.2"
"2034883828","2073215154","0.290909"
"2073215154","2034883828","0.290909"
"1449347389","2045587762","0.5"
"2045587762","1449347389","0.5"
"2034883828","2045587762","0.590909"
"2045587762","2034883828","0.590909"
"1449347389","1595526552","0.125"
"1595526552","1449347389","0.125"
"1595526552","1975703073","0.125"
"1975703073","1595526552","0.125"
"1595526552","1992326630","1.64167"
"1992326630","1595526552","1.64167"
"1595526552","2030593446","0.125"
"2030593446","1595526552","0.125"
"1595526552","2069448675","0.125"
"2069448675","1595526552","0.125"
"1595526552","2085786977","0.125"
"2085786977","1595526552","0.125"
"1595526552","2099137443","1.38056"
"2099137443","1595526552","1.38056"
"1595526552","2527878563","0.180556"
"2527878563","1595526552","0.180556"
"1449347389","2509464851","0.2"
"2509464851","1449347389","0.2"
"1449347389","2965368164","0.2"
"2965368164","1449347389","0.2"
"2034883828","2074889838","0.7"
"2074889838","2034883828","0.7"
"2034883828","2509464851","0.2"
"2509464851","2034883828","0.2"
"2034883828","2965368164","1.2"
"2965368164","2034883828","1.2"
"2074889838","2509464851","0.2"
"2509464851","2074889838","0.2"
"2074889838","2965368164","0.2"
"2965368164","2074889838","0.2"
"2509464851","2527878563","0.2"
"2527878563","2509464851","0.2"
"2509464851","2965368164","1.2"
"2965368164","2509464851","1.2"
"2527878563","2965368164","0.2"
"2965368164","2527878563","0.2"
"1533661207","1996452074","0.388889"
"1996452074","1533661207","0.388889"
"1533661207","2045587762","0.388889"
"2045587762","1533661207","0.388889"
"1533661207","2073215154","0.388889"
"2073215154","1533661207","0.388889"
"1996452074","2045587762","0.972222"
"2045587762","1996452074","0.972222"
"1996452074","2073215154","0.888889"
"2073215154","1996452074","0.888889"
"2045587762","2073215154","1.81313"
"2073215154","2045587762","1.81313"
"1533661207","1552115075","0.305556"
"1552115075","1533661207","0.305556"
"1533661207","1944877199","0.25"
"1944877199","1533661207","0.25"
"1533661207","2121096014","0.430556"
"2121096014","1533661207","0.430556"
"1533661207","2527878563","0.305556"
"2527878563","1533661207","0.305556"
"1552115075","1944877199","0.25"
"1944877199","1552115075","0.25"
"1552115075","2121096014","0.305556"
"2121096014","1552115075","0.305556"
"1552115075","2527878563","1.30556"
"2527878563","1552115075","1.30556"
"1944877199","2121096014","0.25"
"2121096014","1944877199","0.25"
"1944877199","2527878563","0.25"
"2527878563","1944877199","0.25"
"2121096014","2527878563","0.305556"
"2527878563","2121096014","0.305556"
"1533661207","1975703073","0.125"
"1975703073","1533661207","0.125"
"1533661207","1976407761","0.180556"
"1976407761","1533661207","0.180556"
"1533661207","1992326630","0.125"
"1992326630","1533661207","0.125"
"1533661207","2008381748","0.125"
"2008381748","1533661207","0.125"
"1533661207","2011302554","0.125"
"2011302554","1533661207","0.125"
"1533661207","2019304142","0.125"
"2019304142","1533661207","0.125"
"1533661207","2069448675","0.125"
"2069448675","1533661207","0.125"
"1975703073","1976407761","0.125"
"1976407761","1975703073","0.125"
"1975703073","2008381748","0.125"
"2008381748","1975703073","0.125"
"1975703073","2011302554","0.125"
"2011302554","1975703073","0.125"
"1975703073","2019304142","0.125"
"2019304142","1975703073","0.125"
"1975703073","2121096014","0.125"
"2121096014","1975703073","0.125"
"1976407761","1992326630","0.125"
"1992326630","1976407761","0.125"
"1976407761","2008381748","0.517857"
"2008381748","1976407761","0.517857"
"1976407761","2011302554","1.45833"
"2011302554","1976407761","1.45833"
"1976407761","2019304142","0.125"
"2019304142","1976407761","0.125"
"1976407761","2069448675","0.125"
"2069448675","1976407761","0.125"
"1976407761","2121096014","2.32341"
"2121096014","1976407761","2.32341"
"1992326630","2008381748","0.191667"
"2008381748","1992326630","0.191667"
"1992326630","2011302554","0.191667"
"2011302554","1992326630","0.191667"
"1992326630","2019304142","0.191667"
"2019304142","1992326630","0.191667"
"1992326630","2121096014","0.125"
"2121096014","1992326630","0.125"
"2008381748","2011302554","0.441667"
"2011302554","2008381748","0.441667"
"2008381748","2019304142","0.282576"
"2019304142","2008381748","0.282576"
"2008381748","2069448675","0.125"
"2069448675","2008381748","0.125"
"2008381748","2121096014","0.608766"
"2121096014","2008381748","0.608766"
"2011302554","2019304142","0.191667"
"2019304142","2011302554","0.191667"
"2011302554","2069448675","0.125"
"2069448675","2011302554","0.125"
"2011302554","2121096014","0.875"
"2121096014","2011302554","0.875"
"2019304142","2069448675","0.125"
"2069448675","2019304142","0.125"
"2019304142","2121096014","0.215909"
"2121096014","2019304142","0.215909"
"2069448675","2121096014","0.125"
"2121096014","2069448675","0.125"
"1533661207","1595526552","0.0555556"
"1595526552","1533661207","0.0555556"
"1533661207","1803311049","0.0555556"
"1803311049","1533661207","0.0555556"
"1533661207","1933742264","0.0555556"
"1933742264","1533661207","0.0555556"
"1533661207","1971080698","0.0555556"
"1971080698","1533661207","0.0555556"
"1533661207","1989110513","0.0555556"
"1989110513","1533661207","0.0555556"
"1533661207","1999128379","0.0555556"
"1999128379","1533661207","0.0555556"
"1533661207","2017916634","0.0555556"
"2017916634","1533661207","0.0555556"
"1533661207","2051815899","0.0555556"
"2051815899","1533661207","0.0555556"
"1533661207","2099137443","0.0555556"
"2099137443","1533661207","0.0555556"
"1533661207","2153822153","0.0555556"
"2153822153","1533661207","0.0555556"
"1533661207","2171711077","0.0555556"
"2171711077","1533661207","0.0555556"
"1552115075","1595526552","0.555556"
"1595526552","1552115075","0.555556"
"1552115075","1803311049","0.0555556"
"1803311049","1552115075","0.0555556"
"1552115075","1933742264","0.0555556"
"1933742264","1552115075","0.0555556"
"1552115075","1971080698","0.0555556"
"1971080698","1552115075","0.0555556"
"1552115075","1976407761","0.0555556"
"1976407761","1552115075","0.0555556"
"1552115075","1989110513","0.0555556"
"1989110513","1552115075","0.0555556"
"1552115075","1996452074","0.0555556"
"1996452074","1552115075","0.0555556"
"1552115075","1999128379","0.0555556"
"1999128379","1552115075","0.0555556"
"1552115075","2017916634","0.0555556"
"2017916634","1552115075","0.0555556"
"1552115075","2045587762","0.0555556"
"2045587762","1552115075","0.0555556"
"1552115075","2051815899","0.0555556"
"2051815899","1552115075","0.0555556"
"1552115075","2073215154","0.0555556"
"2073215154","1552115075","0.0555556"
"1552115075","2099137443","0.0555556"
"2099137443","1552115075","0.0555556"
"1552115075","2153822153","0.0555556"
"2153822153","1552115075","0.0555556"
"1552115075","2171711077","4.55556"
"2171711077","1552115075","4.55556"
"1595526552","1803311049","0.122222"
"1803311049","1595526552","0.122222"
"1595526552","1933742264","0.0555556"
"1933742264","1595526552","0.0555556"
"1595526552","1971080698","0.0555556"
"1971080698","1595526552","0.0555556"
"1595526552","1976407761","0.0555556"
"1976407761","1595526552","0.0555556"
"1595526552","1989110513","0.0555556"
"1989110513","1595526552","0.0555556"
"1595526552","1996452074","0.0555556"
"1996452074","1595526552","0.0555556"
"1595526552","1999128379","0.0555556"
"1999128379","1595526552","0.0555556"
"1595526552","2017916634","0.122222"
"2017916634","1595526552","0.122222"
"1595526552","2045587762","0.305556"
"2045587762","1595526552","0.305556"
"1595526552","2051815899","0.0555556"
"2051815899","1595526552","0.0555556"
"1595526552","2073215154","0.0555556"
"2073215154","1595526552","0.0555556"
"1595526552","2121096014","0.0555556"
"2121096014","1595526552","0.0555556"
"1595526552","2153822153","0.122222"
"2153822153","1595526552","0.122222"
"1595526552","2171711077","0.0555556"
"2171711077","1595526552","0.0555556"
"1803311049","1933742264","0.0555556"
"1933742264","1803311049","0.0555556"
"1803311049","1971080698","0.0555556"
"1971080698","1803311049","0.0555556"
"1803311049","1976407761","0.305556"
"1976407761","1803311049","0.305556"
"1803311049","1989110513","0.0555556"
"1989110513","1803311049","0.0555556"
"1803311049","1996452074","0.305556"
"1996452074","1803311049","0.305556"
"1803311049","1999128379","0.396465"
"1999128379","1803311049","0.396465"
"1803311049","2017916634","0.122222"
"2017916634","1803311049","0.122222"
"1803311049","2045587762","0.146465"
"2045587762","1803311049","0.146465"
"1803311049","2051815899","0.146465"
"2051815899","1803311049","0.146465"
"1803311049","2073215154","0.146465"
"2073215154","1803311049","0.146465"
"1803311049","2099137443","1.14646"
"2099137443","1803311049","1.14646"
"1803311049","2121096014","0.396465"
"2121096014","1803311049","0.396465"
"1803311049","2153822153","2.21313"
"2153822153","1803311049","2.21313"
"1803311049","2171711077","0.0555556"
"2171711077","1803311049","0.0555556"
"1803311049","2527878563","0.0555556"
"2527878563","1803311049","0.0555556"
"1933742264","1971080698","0.0555556"
"1971080698","1933742264","0.0555556"
"1933742264","1976407761","0.0555556"
"1976407761","1933742264","0.0555556"
"1933742264","1989110513","0.0555556"
"1989110513","1933742264","0.0555556"
"1933742264","1996452074","0.0555556"
"1996452074","1933742264","0.0555556"
"1933742264","1999128379","0.0555556"
"1999128379","1933742264","0.0555556"
"1933742264","2017916634","0.0555556"
"2017916634","1933742264","0.0555556"
"1933742264","2045587762","0.555556"
"2045587762","1933742264","0.555556"
"1933742264","2051815899","0.0555556"
"2051815899","1933742264","0.0555556"
"1933742264","2121096014","0.0555556"
"2121096014","1933742264","0.0555556"
"1933742264","2153822153","0.0555556"
"2153822153","1933742264","0.0555556"
"1933742264","2171711077","0.0555556"
"2171711077","1933742264","0.0555556"
"1971080698","1976407761","0.198413"
"1976407761","1971080698","0.198413"
"1971080698","1989110513","0.0555556"
"1989110513","1971080698","0.0555556"
"1971080698","1996452074","0.0555556"
"1996452074","1971080698","0.0555556"
"1971080698","1999128379","0.0555556"
"1999128379","1971080698","0.0555556"
"1971080698","2017916634","0.198413"
"2017916634","1971080698","0.198413"
"1971080698","2045587762","0.388889"
"2045587762","1971080698","0.388889"
"1971080698","2051815899","0.0555556"
"2051815899","1971080698","0.0555556"
"1971080698","2073215154","0.531746"
"2073215154","1971080698","0.531746"
"1971080698","2099137443","0.0555556"
"2099137443","1971080698","0.0555556"
"1971080698","2121096014","0.198413"
"2121096014","1971080698","0.198413"
"1971080698","2153822153","2.38889"
"2153822153","1971080698","2.38889"
"1971080698","2171711077","0.198413"
"2171711077","1971080698","0.198413"
"1971080698","2527878563","0.0555556"
"2527878563","1971080698","0.0555556"
"1976407761","1989110513","0.0555556"
"1989110513","1976407761","0.0555556"
"1976407761","1996452074","1.63889"
"1996452074","1976407761","1.63889"
"1976407761","1999128379","1.38889"
"1999128379","1976407761","1.38889"
"1976407761","2017916634","0.448413"
"2017916634","1976407761","0.448413"
"1976407761","2045587762","0.0555556"
"2045587762","1976407761","0.0555556"
"1976407761","2051815899","0.0555556"
"2051815899","1976407761","0.0555556"
"1976407761","2073215154","2.44841"
"2073215154","1976407761","2.44841"
"1976407761","2099137443","0.0555556"
"2099137443","1976407761","0.0555556"
"1976407761","2153822153","0.555556"
"2153822153","1976407761","0.555556"
"1976407761","2171711077","0.198413"
"2171711077","1976407761","0.198413"
"1976407761","2527878563","0.0555556"
"2527878563","1976407761","0.0555556"
"1989110513","1996452074","0.0555556"
"1996452074","1989110513","0.0555556"
"1989110513","1999128379","0.0555556"
"1999128379","1989110513","0.0555556"
"1989110513","2017916634","0.0555556"
"2017916634","1989110513","0.0555556"
"1989110513","2045587762","0.0555556"
"2045587762","1989110513","0.0555556"
"1989110513","2051815899","3.05556"
"2051815899","1989110513","3.05556"
"1989110513","2073215154","0.0555556"
"2073215154","1989110513","0.0555556"
"1989110513","2099137443","0.0555556"
"2099137443","1989110513","0.0555556"
"1989110513","2121096014","1.05556"
"2121096014","1989110513","1.05556"
"1989110513","2153822153","0.0555556"
"2153822153","1989110513","0.0555556"
"1989110513","2171711077","0.0555556"
"2171711077","1989110513","0.0555556"
"1989110513","2527878563","0.0555556"
"2527878563","1989110513","0.0555556"
"1996452074","1999128379","0.305556"
"1999128379","1996452074","0.305556"
"1996452074","2017916634","0.0555556"
"2017916634","1996452074","0.0555556"
"1996452074","2051815899","0.255556"
"2051815899","1996452074","0.255556"
"1996452074","2099137443","0.138889"
"2099137443","1996452074","0.138889"
"1996452074","2121096014","0.305556"
"2121096014","1996452074","0.305556"
"1996452074","2153822153","0.0555556"
"2153822153","1996452074","0.0555556"
"1996452074","2171711077","0.138889"
"2171711077","1996452074","0.138889"
"1996452074","2527878563","0.0555556"
"2527878563","1996452074","0.0555556"
"1999128379","2017916634","0.0555556"
"2017916634","1999128379","0.0555556"
"1999128379","2045587762","1.14646"
"2045587762","1999128379","1.14646"
"1999128379","2051815899","0.146465"
"2051815899","1999128379","0.146465"
"1999128379","2073215154","0.146465"
"2073215154","1999128379","0.146465"
"1999128379","2099137443","0.146465"
"2099137443","1999128379","0.146465"
"1999128379","2121096014","0.646465"
"2121096014","1999128379","0.646465"
"1999128379","2153822153","0.146465"
"2153822153","1999128379","0.146465"
"1999128379","2171711077","0.0555556"
"2171711077","1999128379","0.0555556"
"1999128379","2527878563","0.0555556"
"2527878563","1999128379","0.0555556"
"2017916634","2045587762","0.0555556"
"2045587762","2017916634","0.0555556"
"2017916634","2051815899","0.0555556"
"2051815899","2017916634","0.0555556"
"2017916634","2073215154","0.448413"
"2073215154","2017916634","0.448413"
"2017916634","2099137443","0.0555556"
"2099137443","2017916634","0.0555556"
"2017916634","2121096014","0.198413"
"2121096014","2017916634","0.198413"
"2017916634","2153822153","0.122222"
"2153822153","2017916634","0.122222"
"2017916634","2171711077","0.198413"
"2171711077","2017916634","0.198413"
"2017916634","2527878563","0.0555556"
"2527878563","2017916634","0.0555556"
"2045587762","2051815899","0.146465"
"2051815899","2045587762","0.146465"
"2045587762","2099137443","0.229798"
"2099137443","2045587762","0.229798"
"2045587762","2121096014","0.146465"
"2121096014","2045587762","0.146465"
"2045587762","2153822153","0.146465"
"2153822153","2045587762","0.146465"
"2045587762","2171711077","0.138889"
"2171711077","2045587762","0.138889"
"2045587762","2527878563","0.0555556"
"2527878563","2045587762","0.0555556"
"2051815899","2073215154","0.146465"
"2073215154","2051815899","0.146465"
"2051815899","2099137443","0.146465"
"2099137443","2051815899","0.146465"
"2051815899","2121096014","0.146465"
"2121096014","2051815899","0.146465"
"2051815899","2153822153","0.146465"
"2153822153","2051815899","0.146465"
"2051815899","2171711077","0.0555556"
"2171711077","2051815899","0.0555556"
"2051815899","2527878563","1.05556"
"2527878563","2051815899","1.05556"
"2073215154","2099137443","0.146465"
"2099137443","2073215154","0.146465"
"2073215154","2121096014","0.289322"
"2121096014","2073215154","0.289322"
"2073215154","2153822153","0.146465"
"2153822153","2073215154","0.146465"
"2073215154","2171711077","0.198413"
"2171711077","2073215154","0.198413"
"2073215154","2527878563","0.0555556"
"2527878563","2073215154","0.0555556"
"2099137443","2121096014","0.146465"
"2121096014","2099137443","0.146465"
"2099137443","2171711077","0.138889"
"2171711077","2099137443","0.138889"
"2121096014","2153822153","0.146465"
"2153822153","2121096014","0.146465"
"2121096014","2171711077","0.198413"
"2171711077","2121096014","0.198413"
"2153822153","2171711077","0.0555556"
"2171711077","2153822153","0.0555556"
"2171711077","2527878563","0.0555556"
"2527878563","2171711077","0.0555556"
"1552115075","2011302554","0.5"
"2011302554","1552115075","0.5"
"2011302554","2171711077","0.5"
"2171711077","2011302554","0.5"
"1552115075","2034883828","0.5"
"2034883828","1552115075","0.5"
"1552115075","2074889838","0.5"
"2074889838","1552115075","0.5"
"1552115075","2028445419","0.5"
"2028445419","1552115075","0.5"
"1595526552","2028445419","1.01667"
"2028445419","1595526552","1.01667"
"1554010663","1996452074","2.28333"
"1996452074","1554010663","2.28333"
"1554010663","2009297985","0.0833333"
"2009297985","1554010663","0.0833333"
"1554010663","2028445419","0.483333"
"2028445419","1554010663","0.483333"
"1554010663","2045587762","0.174242"
"2045587762","1554010663","0.174242"
"1554010663","2073695370","0.283333"
"2073695370","1554010663","0.283333"
"1554010663","2085786977","0.0833333"
"2085786977","1554010663","0.0833333"
"1554010663","2091043825","0.0833333"
"2091043825","1554010663","0.0833333"
"1554010663","2099137443","0.374242"
"2099137443","1554010663","0.374242"
"1554010663","2133169959","0.0833333"
"2133169959","1554010663","0.0833333"
"1554010663","2171711077","0.0833333"
"2171711077","1554010663","0.0833333"
"1554010663","2322970807","0.0833333"
"2322970807","1554010663","0.0833333"
"1554010663","3021182666","0.0833333"
"3021182666","1554010663","0.0833333"
"1996452074","2009297985","0.0833333"
"2009297985","1996452074","0.0833333"
"1996452074","2028445419","0.616667"
"2028445419","1996452074","0.616667"
"1996452074","2073695370","0.0833333"
"2073695370","1996452074","0.0833333"
"1996452074","2085786977","0.0833333"
"2085786977","1996452074","0.0833333"
"1996452074","2091043825","0.0833333"
"2091043825","1996452074","0.0833333"
"1996452074","2133169959","0.583333"
"2133169959","1996452074","0.583333"
"1996452074","2322970807","0.0833333"
"2322970807","1996452074","0.0833333"
"1996452074","3021182666","0.0833333"
"3021182666","1996452074","0.0833333"
"2009297985","2028445419","0.416667"
"2028445419","2009297985","0.416667"
"2009297985","2045587762","0.0833333"
"2045587762","2009297985","0.0833333"
"2009297985","2073695370","0.0833333"
"2073695370","2009297985","0.0833333"
"2009297985","2085786977","0.666667"
"2085786977","2009297985","0.666667"
"2009297985","2091043825","0.75"
"2091043825","2009297985","0.75"
"2009297985","2099137443","0.0833333"
"2099137443","2009297985","0.0833333"
"2009297985","2133169959","5.08333"
"2133169959","2009297985","5.08333"
"2009297985","2171711077","0.0833333"
"2171711077","2009297985","0.0833333"
"2009297985","2322970807","0.416667"
"2322970807","2009297985","0.416667"
"2009297985","3021182666","0.416667"
"3021182666","2009297985","0.416667"
"2028445419","2045587762","0.333333"
"2045587762","2028445419","0.333333"
"2028445419","2073695370","1.6"
"2073695370","2028445419","1.6"
"2028445419","2085786977","0.416667"
"2085786977","2028445419","0.416667"
"2028445419","2091043825","0.15"
"2091043825","2028445419","0.15"
"2028445419","2099137443","0.283333"
"2099137443","2028445419","0.283333"
"2028445419","2133169959","0.0833333"
"2133169959","2028445419","0.0833333"
"2028445419","2171711077","0.22619"
"2171711077","2028445419","0.22619"
"2028445419","2322970807","0.15"
"2322970807","2028445419","0.15"
"2028445419","3021182666","0.15"
"3021182666","2028445419","0.15"
"2045587762","2073695370","0.333333"
"2073695370","2045587762","0.333333"
"2045587762","2085786977","0.0833333"
"2085786977","2045587762","0.0833333"
"2045587762","2091043825","0.0833333"
"2091043825","2045587762","0.0833333"
"2045587762","2133169959","0.0833333"
"2133169959","2045587762","0.0833333"
"2045587762","2322970807","0.0833333"
"2322970807","2045587762","0.0833333"
"2045587762","3021182666","0.0833333"
"3021182666","2045587762","0.0833333"
"2073695370","2085786977","0.0833333"
"2085786977","2073695370","0.0833333"
"2073695370","2091043825","0.15"
"2091043825","2073695370","0.15"
"2073695370","2099137443","1.28333"
"2099137443","2073695370","1.28333"
"2073695370","2133169959","0.0833333"
"2133169959","2073695370","0.0833333"
"2073695370","2171711077","0.0833333"
"2171711077","2073695370","0.0833333"
"2073695370","2322970807","0.65"
"2322970807","2073695370","0.65"
"2073695370","3021182666","0.65"
"3021182666","2073695370","0.65"
"2085786977","2091043825","0.583333"
"2091043825","2085786977","0.583333"
"2085786977","2133169959","1.08333"
"2133169959","2085786977","1.08333"
"2085786977","2171711077","0.0833333"
"2171711077","2085786977","0.0833333"
"2085786977","2322970807","0.0833333"
"2322970807","2085786977","0.0833333"
"2085786977","3021182666","0.0833333"
"3021182666","2085786977","0.0833333"
"2091043825","2099137443","0.0833333"
"2099137443","2091043825","0.0833333"
"2091043825","2133169959","0.0833333"
"2133169959","2091043825","0.0833333"
"2091043825","2171711077","0.0833333"
"2171711077","2091043825","0.0833333"
"2091043825","2322970807","0.483333"
"2322970807","2091043825","0.483333"
"2091043825","3021182666","0.483333"
"3021182666","2091043825","0.483333"
"2099137443","2133169959","0.0833333"
"2133169959","2099137443","0.0833333"
"2099137443","2322970807","0.0833333"
"2322970807","2099137443","0.0833333"
"2099137443","3021182666","0.0833333"
"3021182666","2099137443","0.0833333"
"2133169959","2171711077","0.0833333"
"2171711077","2133169959","0.0833333"
"2133169959","2322970807","0.0833333"
"2322970807","2133169959","0.0833333"
"2133169959","3021182666","0.0833333"
"3021182666","2133169959","0.0833333"
"2171711077","2322970807","0.0833333"
"2322970807","2171711077","0.0833333"
"2171711077","3021182666","0.0833333"
"3021182666","2171711077","0.0833333"
"2322970807","3021182666","23.8167"
"3021182666","2322970807","23.8167"
"1554010663","2030593446","3.83333"
"2030593446","1554010663","3.83333"
"1554010663","1999128379","2.92424"
"1999128379","1554010663","2.92424"
"1554010663","1976407761","2.33333"
"1976407761","1554010663","2.33333"
"1554010663","2121096014","1.09091"
"2121096014","1554010663","1.09091"
"1976407761","2030593446","1.83333"
"2030593446","1976407761","1.83333"
"1554010663","1595526552","0.2"
"1595526552","1554010663","0.2"
"1554010663","1992326630","0.2"
"1992326630","1554010663","0.2"
"1595526552","2073695370","0.516667"
"2073695370","1595526552","0.516667"
"1992326630","2028445419","0.516667"
"2028445419","1992326630","0.516667"
"1992326630","2073695370","0.516667"
"2073695370","1992326630","0.516667"
"1554010663","1803311049","0.0909091"
"1803311049","1554010663","0.0909091"
"1554010663","2008381748","0.0909091"
"2008381748","1554010663","0.0909091"
"1554010663","2019304142","0.290909"
"2019304142","1554010663","0.290909"
"1554010663","2034883828","0.0909091"
"2034883828","1554010663","0.0909091"
"1554010663","2051815899","0.290909"
"2051815899","1554010663","0.290909"
"1554010663","2073215154","0.0909091"
"2073215154","1554010663","0.0909091"
"1554010663","2153822153","0.0909091"
"2153822153","1554010663","0.0909091"
"1803311049","2008381748","0.490909"
"2008381748","1803311049","0.490909"
"1803311049","2019304142","0.157576"
"2019304142","1803311049","0.157576"
"1803311049","2034883828","0.0909091"
"2034883828","1803311049","0.0909091"
"1999128379","2008381748","1.34091"
"2008381748","1999128379","1.34091"
"1999128379","2019304142","0.0909091"
"2019304142","1999128379","0.0909091"
"1999128379","2034883828","0.0909091"
"2034883828","1999128379","0.0909091"
"2008381748","2034883828","0.0909091"
"2034883828","2008381748","0.0909091"
"2008381748","2045587762","1.42424"
"2045587762","2008381748","1.42424"
"2008381748","2051815899","0.0909091"
"2051815899","2008381748","0.0909091"
"2008381748","2073215154","1.5671"
"2073215154","2008381748","1.5671"
"2008381748","2099137443","0.0909091"
"2099137443","2008381748","0.0909091"
"2008381748","2153822153","0.157576"
"2153822153","2008381748","0.157576"
"2019304142","2034883828","0.0909091"
"2034883828","2019304142","0.0909091"
"2019304142","2045587762","0.0909091"
"2045587762","2019304142","0.0909091"
"2019304142","2051815899","0.290909"
"2051815899","2019304142","0.290909"
"2019304142","2073215154","0.0909091"
"2073215154","2019304142","0.0909091"
"2019304142","2099137443","0.0909091"
"2099137443","2019304142","0.0909091"
"2019304142","2153822153","0.157576"
"2153822153","2019304142","0.157576"
"2034883828","2051815899","0.0909091"
"2051815899","2034883828","0.0909091"
"2034883828","2099137443","0.0909091"
"2099137443","2034883828","0.0909091"
"2034883828","2121096014","0.0909091"
"2121096014","2034883828","0.0909091"
"2034883828","2153822153","0.0909091"
"2153822153","2034883828","0.0909091"
"1999128379","2030593446","0.333333"
"2030593446","1999128379","0.333333"
"1554010663","2528418933","0.2"
"2528418933","1554010663","0.2"
"1996452074","2019304142","0.2"
"2019304142","1996452074","0.2"
"1996452074","2528418933","0.7"
"2528418933","1996452074","0.7"
"2019304142","2028445419","0.266667"
"2028445419","2019304142","0.266667"
"2019304142","2528418933","0.2"
"2528418933","2019304142","0.2"
"2028445419","2051815899","1.2"
"2051815899","2028445419","1.2"
"2028445419","2528418933","0.2"
"2528418933","2028445419","0.2"
"2051815899","2528418933","0.2"
"2528418933","2051815899","0.2"
"1595526552","2019304142","1.06667"
"2019304142","1595526552","1.06667"
"1595526552","2008381748","1.06667"
"2008381748","1595526552","1.06667"
"1992326630","2045587762","0.25"
"2045587762","1992326630","0.25"
"1595526552","2011302554","0.0666667"
"2011302554","1595526552","0.0666667"
"1595526552","2033473771","0.0666667"
"2033473771","1595526552","0.0666667"
"1595526552","2091043825","0.0666667"
"2091043825","1595526552","0.0666667"
"1595526552","2091364616","0.0666667"
"2091364616","1595526552","0.0666667"
"1595526552","2138084306","0.0666667"
"2138084306","1595526552","0.0666667"
"1595526552","2322970807","0.0666667"
"2322970807","1595526552","0.0666667"
"1595526552","3021182666","0.0666667"
"3021182666","1595526552","0.0666667"
"1803311049","1992326630","0.0666667"
"1992326630","1803311049","0.0666667"
"1803311049","2011302554","0.0666667"
"2011302554","1803311049","0.0666667"
"1803311049","2028445419","1.06667"
"2028445419","1803311049","1.06667"
"1803311049","2033473771","0.4"
"2033473771","1803311049","0.4"
"1803311049","2073695370","0.0666667"
"2073695370","1803311049","0.0666667"
"1803311049","2091043825","0.0666667"
"2091043825","1803311049","0.0666667"
"1803311049","2091364616","0.0666667"
"2091364616","1803311049","0.0666667"
"1803311049","2138084306","0.0666667"
"2138084306","1803311049","0.0666667"
"1803311049","2322970807","0.0666667"
"2322970807","1803311049","0.0666667"
"1803311049","3021182666","0.0666667"
"3021182666","1803311049","0.0666667"
"1992326630","2017916634","0.0666667"
"2017916634","1992326630","0.0666667"
"1992326630","2033473771","0.0666667"
"2033473771","1992326630","0.0666667"
"1992326630","2091043825","0.0666667"
"2091043825","1992326630","0.0666667"
"1992326630","2091364616","0.0666667"
"2091364616","1992326630","0.0666667"
"1992326630","2138084306","0.0666667"
"2138084306","1992326630","0.0666667"
"1992326630","2322970807","0.0666667"
"2322970807","1992326630","0.0666667"
"1992326630","3021182666","0.0666667"
"3021182666","1992326630","0.0666667"
"2008381748","2017916634","0.209524"
"2017916634","2008381748","0.209524"
"2008381748","2028445419","0.209524"
"2028445419","2008381748","0.209524"
"2008381748","2033473771","0.4"
"2033473771","2008381748","0.4"
"2008381748","2073695370","0.0666667"
"2073695370","2008381748","0.0666667"
"2008381748","2091043825","0.0666667"
"2091043825","2008381748","0.0666667"
"2008381748","2091364616","0.0666667"
"2091364616","2008381748","0.0666667"
"2008381748","2138084306","0.0666667"
"2138084306","2008381748","0.0666667"
"2008381748","2322970807","0.0666667"
"2322970807","2008381748","0.0666667"
"2008381748","3021182666","0.0666667"
"3021182666","2008381748","0.0666667"
"2011302554","2017916634","0.316667"
"2017916634","2011302554","0.316667"
"2011302554","2028445419","0.65"
"2028445419","2011302554","0.65"
"2011302554","2033473771","2.06667"
"2033473771","2011302554","2.06667"
"2011302554","2073695370","0.0666667"
"2073695370","2011302554","0.0666667"
"2011302554","2091043825","1.9"
"2091043825","2011302554","1.9"
"2011302554","2091364616","0.9"
"2091364616","2011302554","0.9"
"2011302554","2138084306","0.0666667"
"2138084306","2011302554","0.0666667"
"2011302554","2153822153","1.06667"
"2153822153","2011302554","1.06667"
"2011302554","2322970807","0.0666667"
"2322970807","2011302554","0.0666667"
"2011302554","3021182666","0.0666667"
"3021182666","2011302554","0.0666667"
"2017916634","2019304142","1.06667"
"2019304142","2017916634","1.06667"
"2017916634","2028445419","1.45952"
"2028445419","2017916634","1.45952"
"2017916634","2033473771","0.0666667"
"2033473771","2017916634","0.0666667"
"2017916634","2073695370","0.0666667"
"2073695370","2017916634","0.0666667"
"2017916634","2091043825","1.56667"
"2091043825","2017916634","1.56667"
"2017916634","2091364616","0.566667"
"2091364616","2017916634","0.566667"
"2017916634","2138084306","0.0666667"
"2138084306","2017916634","0.0666667"
"2017916634","2322970807","0.0666667"
"2322970807","2017916634","0.0666667"
"2017916634","3021182666","0.0666667"
"3021182666","2017916634","0.0666667"
"2019304142","2033473771","0.0666667"
"2033473771","2019304142","0.0666667"
"2019304142","2073695370","0.0666667"
"2073695370","2019304142","0.0666667"
"2019304142","2091043825","0.0666667"
"2091043825","2019304142","0.0666667"
"2019304142","2091364616","0.0666667"
"2091364616","2019304142","0.0666667"
"2019304142","2138084306","0.0666667"
"2138084306","2019304142","0.0666667"
"2019304142","2322970807","0.0666667"
"2322970807","2019304142","0.0666667"
"2019304142","3021182666","0.0666667"
"3021182666","2019304142","0.0666667"
"2028445419","2033473771","0.0666667"
"2033473771","2028445419","0.0666667"
"2028445419","2091364616","0.0666667"
"2091364616","2028445419","0.0666667"
"2028445419","2138084306","0.0666667"
"2138084306","2028445419","0.0666667"
"2028445419","2153822153","0.566667"
"2153822153","2028445419","0.566667"
"2033473771","2073695370","0.0666667"
"2073695370","2033473771","0.0666667"
"2033473771","2091043825","0.0666667"
"2091043825","2033473771","0.0666667"
"2033473771","2091364616","0.0666667"
"2091364616","2033473771","0.0666667"
"2033473771","2138084306","1.06667"
"2138084306","2033473771","1.06667"
"2033473771","2153822153","0.0666667"
"2153822153","2033473771","0.0666667"
"2033473771","2322970807","0.0666667"
"2322970807","2033473771","0.0666667"
"2033473771","3021182666","0.0666667"
"3021182666","2033473771","0.0666667"
"2073695370","2091364616","0.0666667"
"2091364616","2073695370","0.0666667"
"2073695370","2138084306","0.0666667"
"2138084306","2073695370","0.0666667"
"2073695370","2153822153","0.0666667"
"2153822153","2073695370","0.0666667"
"2091043825","2091364616","6.23333"
"2091364616","2091043825","6.23333"
"2091043825","2138084306","1.06667"
"2138084306","2091043825","1.06667"
"2091043825","2153822153","1.4"
"2153822153","2091043825","1.4"
"2091364616","2138084306","0.0666667"
"2138084306","2091364616","0.0666667"
"2091364616","2153822153","0.4"
"2153822153","2091364616","0.4"
"2091364616","2322970807","0.0666667"
"2322970807","2091364616","0.0666667"
"2091364616","3021182666","0.0666667"
"3021182666","2091364616","0.0666667"
"2138084306","2153822153","0.0666667"
"2153822153","2138084306","0.0666667"
"2138084306","2322970807","0.0666667"
"2322970807","2138084306","0.0666667"
"2138084306","3021182666","0.0666667"
"3021182666","2138084306","0.0666667"
"2153822153","2322970807","1.06667"
"2322970807","2153822153","1.06667"
"2153822153","3021182666","1.06667"
"3021182666","2153822153","1.06667"
"1614821406","1995745176","1"
"1995745176","1614821406","1"
"1614821406","2011302554","1"
"2011302554","1614821406","1"
"1803311049","2085786977","0.333333"
"2085786977","1803311049","0.333333"
"2008381748","2085786977","0.333333"
"2085786977","2008381748","0.333333"
"2033473771","2085786977","2.33333"
"2085786977","2033473771","2.33333"
"1933742264","1995745176","5.5"
"1995745176","1933742264","5.5"
"1995745176","2074889838","0.5"
"2074889838","1995745176","0.5"
"1933742264","2030593446","1"
"2030593446","1933742264","1"
"1995745176","2045587762","0.5"
"2045587762","1995745176","0.5"
"1995745176","2099137443","3.5"
"2099137443","1995745176","3.5"
"1971080698","2091043825","0.333333"
"2091043825","1971080698","0.333333"
"1971080698","2091364616","0.333333"
"2091364616","1971080698","0.333333"
"1971080698","2008381748","0.47619"
"2008381748","1971080698","0.47619"
"1971080698","2028445419","0.142857"
"2028445419","1971080698","0.142857"
"1976407761","2028445419","5.05952"
"2028445419","1976407761","5.05952"
"2008381748","2171711077","0.142857"
"2171711077","2008381748","0.142857"
"2028445419","2073215154","1.89286"
"2073215154","2028445419","1.89286"
"2028445419","2121096014","0.142857"
"2121096014","2028445419","0.142857"
"1971080698","2296503382","1"
"2296503382","1971080698","1"
"1976407761","2009297985","0.333333"
"2009297985","1976407761","0.333333"
"1976407761","2085786977","0.333333"
"2085786977","1976407761","0.333333"
"1976407761","2133169959","1.5"
"2133169959","1976407761","1.5"
"1999128379","2011302554","0.25"
"2011302554","1999128379","0.25"
"1996452074","2011302554","0.333333"
"2011302554","1996452074","0.333333"
"2011302554","2073215154","0.25"
"2073215154","2011302554","0.25"
"1989110513","2509464851","1"
"2509464851","1989110513","1"
"1995745176","2030593446","1"
"2030593446","1995745176","1"
"2045587762","2528418933","0.5"
"2528418933","2045587762","0.5"
"2003580231","2153822153","1"
"2153822153","2003580231","1"
"2009297985","2030593446","0.25"
"2030593446","2009297985","0.25"
"2009297985","2069448675","0.25"
"2069448675","2009297985","0.25"
"2009297985","2527878563","0.25"
"2527878563","2009297985","0.25"
"2009297985","2011302554","0.333333"
"2011302554","2009297985","0.333333"
"2009297985","2091364616","0.333333"
"2091364616","2009297985","0.333333"
"2030593446","2073695370","1"
"2073695370","2030593446","1"
"2033473771","2171711077","1"
"2171711077","2033473771","1"
"2051815899","2074889838","1"
"2074889838","2051815899","1"
"2074889838","2528418933","1"
"2528418933","2074889838","1"
"2085786977","2091364616","0.5"
"2091364616","2085786977","0.5"
"2121096014","2296503382","1"
"2296503382","2121096014","1"
"2322970807","2528418933","1.33333"
"2528418933","2322970807","1.33333"
"2528418933","3021182666","1.33333"
"3021182666","2528418933","1.33333"
"2322970807","2527878563","0.833333"
"2527878563","2322970807","0.833333"
"2527878563","3021182666","0.833333"
"3021182666","2527878563","0.833333"
"2527878563","2528418933","0.333333"
"2528418933","2527878563","0.333333"
