"1480652413","1968634355","2.37335"
"1968634355","1480652413","2.37335"
"1480652413","1977320861","0.964261"
"1977320861","1480652413","0.964261"
"1480652413","2020228538","0.248352"
"2020228538","1480652413","0.248352"
"1480652413","2101498152","0.873352"
"2101498152","1480652413","0.873352"
"1480652413","2103849501","0.339261"
"2103849501","1480652413","0.339261"
"1480652413","2106039833","0.464261"
"2106039833","1480652413","0.464261"
"1480652413","2113455536","0.1"
"2113455536","1480652413","0.1"
"1480652413","2159686758","0.248352"
"2159686758","1480652413","0.248352"
"1480652413","2159793945","1.69091"
"2159793945","1480652413","1.69091"
"1480652413","2162294668","0.1"
"2162294668","1480652413","0.1"
"1968634355","1977320861","1.01621"
"1977320861","1968634355","1.01621"
"1968634355","2020228538","0.591209"
"2020228538","1968634355","0.591209"
"1968634355","2101498152","3.51621"
"2101498152","1968634355","3.51621"
"1968634355","2103849501","0.248352"
"2103849501","1968634355","0.248352"
"1968634355","2106039833","0.573352"
"2106039833","1968634355","0.573352"
"1968634355","2113455536","0.1"
"2113455536","1968634355","0.1"
"1968634355","2159686758","0.248352"
"2159686758","1968634355","0.248352"
"1968634355","2159793945","1.1"
"2159793945","1968634355","1.1"
"1968634355","2162294668","0.1"
"2162294668","1968634355","0.1"
"1977320861","2020228538","0.968132"
"2020228538","1977320861","0.968132"
"1977320861","2101498152","0.959799"
"2101498152","1977320861","0.959799"
"1977320861","2103849501","0.58285"
"2103849501","1977320861","0.58285"
"1977320861","2106039833","0.541184"
"2106039833","1977320861","0.541184"
"1977320861","2113455536","0.1"
"2113455536","1977320861","0.1"
"1977320861","2159686758","1.02527"
"2159686758","1977320861","1.02527"
"1977320861","2159793945","0.634499"
"2159793945","1977320861","0.634499"
"1977320861","2162294668","0.1"
"2162294668","1977320861","0.1"
"2020228538","2101498152","0.468132"
"2101498152","2020228538","0.468132"
"2020228538","2103849501","0.491941"
"2103849501","2020228538","0.491941"
"2020228538","2106039833","0.525275"
"2106039833","2020228538","0.525275"
"2020228538","2113455536","0.1"
"2113455536","2020228538","0.1"
"2020228538","2159686758","2.69194"
"2159686758","2020228538","2.69194"
"2020228538","2159793945","0.176923"
"2159793945","2020228538","0.176923"
"2020228538","2162294668","0.1"
"2162294668","2020228538","0.1"
"2101498152","2103849501","1.99194"
"2103849501","2101498152","1.99194"
"2101498152","2106039833","0.950275"
"2106039833","2101498152","0.950275"
"2101498152","2113455536","0.1"
"2113455536","2101498152","0.1"
"2101498152","2159686758","1.02527"
"2159686758","2101498152","1.02527"
"2101498152","2159793945","3.04359"
"2159793945","2101498152","3.04359"
"2101498152","2162294668","0.1"
"2162294668","2101498152","0.1"
"2103849501","2106039833","0.416184"
"2106039833","2103849501","0.416184"
"2103849501","2113455536","0.1"
"2113455536","2103849501","0.1"
"2103849501","2159686758","3.82527"
"2159686758","2103849501","3.82527"
"2103849501","2159793945","2.4345"
"2159793945","2103849501","2.4345"
"2103849501","2162294668","0.1"
"2162294668","2103849501","0.1"
"2106039833","2113455536","0.1"
"2113455536","2106039833","0.1"
"2106039833","2159686758","1.32527"
"2159686758","2106039833","1.32527"
"2106039833","2159793945","0.267832"
"2159793945","2106039833","0.267832"
"2106039833","2162294668","0.1"
"2162294668","2106039833","0.1"
"2113455536","2159686758","0.1"
"2159686758","2113455536","0.1"
"2113455536","2159793945","0.1"
"2159793945","2113455536","0.1"
"2113455536","2162294668","0.1"
"2162294668","2113455536","0.1"
"2159686758","2159793945","1.37692"
"2159793945","2159686758","1.37692"
"2159686758","2162294668","0.1"
"2162294668","2159686758","0.1"
"2159793945","2162294668","0.1"
"2162294668","2159793945","0.1"
"1480652413","1556253886","0.162338"
"1556253886","1480652413","0.162338"
"1480652413","1969411444","0.662338"
"1969411444","1480652413","0.662338"
"1480652413","1981578383","0.0909091"
"1981578383","1480652413","0.0909091"
"1480652413","2017666497","0.162338"
"2017666497","1480652413","0.162338"
"1480652413","2076541236","0.947594"
"2076541236","1480652413","0.947594"
"1480652413","2105658717","0.162338"
"2105658717","1480652413","0.162338"
"1480652413","2139021951","0.542832"
"2139021951","1480652413","0.542832"
"1556253886","1969411444","0.412338"
"1969411444","1556253886","0.412338"
"1556253886","1977320861","16.8559"
"1977320861","1556253886","16.8559"
"1556253886","1981578383","0.167832"
"1981578383","1556253886","0.167832"
"1556253886","2017666497","0.489261"
"2017666497","1556253886","0.489261"
"1556253886","2076541236","0.439261"
"2076541236","1556253886","0.439261"
"1556253886","2103849501","0.405927"
"2103849501","1556253886","0.405927"
"1556253886","2105658717","0.412338"
"2105658717","1556253886","0.412338"
"1556253886","2106039833","0.239261"
"2106039833","1556253886","0.239261"
"1556253886","2139021951","0.167832"
"2139021951","1556253886","0.167832"
"1556253886","2159793945","0.534499"
"2159793945","1556253886","0.534499"
"1969411444","1977320861","0.412338"
"1977320861","1969411444","0.412338"
"1969411444","1981578383","0.0909091"
"1981578383","1969411444","0.0909091"
"1969411444","2017666497","5.579"
"2017666497","1969411444","5.579"
"1969411444","2076541236","0.162338"
"2076541236","1969411444","0.162338"
"1969411444","2103849501","0.162338"
"2103849501","1969411444","0.162338"
"1969411444","2105658717","2.24567"
"2105658717","1969411444","2.24567"
"1969411444","2106039833","0.162338"
"2106039833","1969411444","0.162338"
"1969411444","2139021951","0.0909091"
"2139021951","1969411444","0.0909091"
"1969411444","2159793945","0.0909091"
"2159793945","1969411444","0.0909091"
"1977320861","1981578383","0.167832"
"1981578383","1977320861","0.167832"
"1977320861","2017666497","0.489261"
"2017666497","1977320861","0.489261"
"1977320861","2076541236","1.78404"
"2076541236","1977320861","1.78404"
"1977320861","2105658717","0.412338"
"2105658717","1977320861","0.412338"
"1977320861","2139021951","0.703089"
"2139021951","1977320861","0.703089"
"1981578383","2017666497","0.167832"
"2017666497","1981578383","0.167832"
"1981578383","2076541236","0.167832"
"2076541236","1981578383","0.167832"
"1981578383","2103849501","0.167832"
"2103849501","1981578383","0.167832"
"1981578383","2105658717","0.0909091"
"2105658717","1981578383","0.0909091"
"1981578383","2106039833","0.167832"
"2106039833","1981578383","0.167832"
"1981578383","2139021951","2.00117"
"2139021951","1981578383","2.00117"
"1981578383","2159793945","0.167832"
"2159793945","1981578383","0.167832"
"2017666497","2076541236","0.239261"
"2076541236","2017666497","0.239261"
"2017666497","2103849501","0.239261"
"2103849501","2017666497","0.239261"
"2017666497","2105658717","3.74567"
"2105658717","2017666497","3.74567"
"2017666497","2106039833","0.439261"
"2106039833","2017666497","0.439261"
"2017666497","2139021951","0.167832"
"2139021951","2017666497","0.167832"
"2017666497","2159793945","0.167832"
"2159793945","2017666497","0.167832"
"2076541236","2103849501","0.48285"
"2103849501","2076541236","0.48285"
"2076541236","2105658717","0.162338"
"2105658717","2076541236","0.162338"
"2076541236","2106039833","0.941184"
"2106039833","2076541236","0.941184"
"2076541236","2139021951","1.28642"
"2139021951","2076541236","1.28642"
"2076541236","2159793945","0.367832"
"2159793945","2076541236","0.367832"
"2103849501","2105658717","0.162338"
"2105658717","2103849501","0.162338"
"2103849501","2139021951","0.744755"
"2139021951","2103849501","0.744755"
"2105658717","2106039833","0.162338"
"2106039833","2105658717","0.162338"
"2105658717","2139021951","0.0909091"
"2139021951","2105658717","0.0909091"
"2105658717","2159793945","0.0909091"
"2159793945","2105658717","0.0909091"
"2106039833","2139021951","0.369755"
"2139021951","2106039833","0.369755"
"2139021951","2159793945","0.167832"
"2159793945","2139021951","0.167832"
"1480652413","1995915698","1.52335"
"1995915698","1480652413","1.52335"
"1480652413","2042287357","0.201923"
"2042287357","1480652413","0.201923"
"1968634355","1995915698","0.866209"
"1995915698","1968634355","0.866209"
"1968634355","2042287357","0.79478"
"2042287357","1968634355","0.79478"
"1968634355","2076541236","0.916209"
"2076541236","1968634355","0.916209"
"1968634355","2139021951","0.201923"
"2139021951","1968634355","0.201923"
"1977320861","1995915698","0.493132"
"1995915698","1977320861","0.493132"
"1977320861","2042287357","0.421703"
"2042287357","1977320861","0.421703"
"1995915698","2042287357","4.0717"
"2042287357","1995915698","4.0717"
"1995915698","2076541236","1.9098"
"2076541236","1995915698","1.9098"
"1995915698","2101498152","0.743132"
"2101498152","1995915698","0.743132"
"1995915698","2106039833","0.550275"
"2106039833","1995915698","0.550275"
"1995915698","2139021951","0.695513"
"2139021951","1995915698","0.695513"
"2042287357","2076541236","0.921703"
"2076541236","2042287357","0.921703"
"2042287357","2101498152","0.671703"
"2101498152","2042287357","0.671703"
"2042287357","2106039833","0.478846"
"2106039833","2042287357","0.478846"
"2042287357","2139021951","0.278846"
"2139021951","2042287357","0.278846"
"2076541236","2101498152","2.69313"
"2101498152","2076541236","2.69313"
"2101498152","2139021951","0.278846"
"2139021951","2101498152","0.278846"
"1480652413","2159275187","0.398352"
"2159275187","1480652413","0.398352"
"1995915698","2159275187","0.791209"
"2159275187","1995915698","0.791209"
"2076541236","2159275187","0.541209"
"2159275187","2076541236","0.541209"
"2139021951","2159275187","0.326923"
"2159275187","2139021951","0.326923"
"1480652413","2479722630","0.0769231"
"2479722630","1480652413","0.0769231"
"1968634355","2159275187","0.541209"
"2159275187","1968634355","0.541209"
"1968634355","2479722630","0.0769231"
"2479722630","1968634355","0.0769231"
"1977320861","2159275187","0.291209"
"2159275187","1977320861","0.291209"
"1977320861","2479722630","0.0769231"
"2479722630","1977320861","0.0769231"
"1995915698","2020228538","0.934799"
"2020228538","1995915698","0.934799"
"1995915698","2103849501","0.391941"
"2103849501","1995915698","0.391941"
"1995915698","2159686758","0.591941"
"2159686758","1995915698","0.591941"
"1995915698","2479722630","0.0769231"
"2479722630","1995915698","0.0769231"
"2020228538","2042287357","1.1967"
"2042287357","2020228538","1.1967"
"2020228538","2076541236","0.534799"
"2076541236","2020228538","0.534799"
"2020228538","2139021951","0.320513"
"2139021951","2020228538","0.320513"
"2020228538","2159275187","0.291209"
"2159275187","2020228538","0.291209"
"2020228538","2479722630","0.0769231"
"2479722630","2020228538","0.0769231"
"2042287357","2103849501","0.153846"
"2103849501","2042287357","0.153846"
"2042287357","2159275187","0.46978"
"2159275187","2042287357","0.46978"
"2042287357","2159686758","0.353846"
"2159686758","2042287357","0.353846"
"2042287357","2479722630","0.0769231"
"2479722630","2042287357","0.0769231"
"2076541236","2159686758","0.591941"
"2159686758","2076541236","0.591941"
"2076541236","2479722630","0.0769231"
"2479722630","2076541236","0.0769231"
"2101498152","2159275187","1.54121"
"2159275187","2101498152","1.54121"
"2101498152","2479722630","0.0769231"
"2479722630","2101498152","0.0769231"
"2103849501","2159275187","0.148352"
"2159275187","2103849501","0.148352"
"2103849501","2479722630","0.0769231"
"2479722630","2103849501","0.0769231"
"2106039833","2159275187","0.148352"
"2159275187","2106039833","0.148352"
"2106039833","2479722630","0.0769231"
"2479722630","2106039833","0.0769231"
"2139021951","2159686758","0.653846"
"2159686758","2139021951","0.653846"
"2139021951","2479722630","3.91026"
"2479722630","2139021951","3.91026"
"2159275187","2159686758","0.148352"
"2159686758","2159275187","0.148352"
"2159275187","2479722630","0.0769231"
"2479722630","2159275187","0.0769231"
"2159686758","2479722630","0.0769231"
"2479722630","2159686758","0.0769231"
"1968634355","1969411444","1.90476"
"1969411444","1968634355","1.90476"
"1556253886","1968634355","0.0714286"
"1968634355","1556253886","0.0714286"
"1556253886","1995915698","0.148352"
"1995915698","1556253886","0.148352"
"1556253886","2020228538","0.648352"
"2020228538","1556253886","0.648352"
"1556253886","2101498152","0.515018"
"2101498152","1556253886","0.515018"
"1556253886","2159275187","0.0714286"
"2159275187","1556253886","0.0714286"
"1556253886","2159686758","0.348352"
"2159686758","1556253886","0.348352"
"1968634355","2017666497","0.854762"
"2017666497","1968634355","0.854762"
"1968634355","2105658717","0.404762"
"2105658717","1968634355","0.404762"
"1969411444","1995915698","0.0714286"
"1995915698","1969411444","0.0714286"
"1969411444","2020228538","0.0714286"
"2020228538","1969411444","0.0714286"
"1969411444","2101498152","0.0714286"
"2101498152","1969411444","0.0714286"
"1969411444","2159275187","0.0714286"
"2159275187","1969411444","0.0714286"
"1969411444","2159686758","0.0714286"
"2159686758","1969411444","0.0714286"
"1995915698","2017666497","0.548352"
"2017666497","1995915698","0.548352"
"1995915698","2105658717","0.0714286"
"2105658717","1995915698","0.0714286"
"2017666497","2020228538","0.548352"
"2020228538","2017666497","0.548352"
"2017666497","2101498152","0.398352"
"2101498152","2017666497","0.398352"
"2017666497","2159275187","0.0714286"
"2159275187","2017666497","0.0714286"
"2017666497","2159686758","0.348352"
"2159686758","2017666497","0.348352"
"2020228538","2105658717","0.0714286"
"2105658717","2020228538","0.0714286"
"2101498152","2105658717","0.0714286"
"2105658717","2101498152","0.0714286"
"2105658717","2159275187","0.0714286"
"2159275187","2105658717","0.0714286"
"2105658717","2159686758","0.0714286"
"2159686758","2105658717","0.0714286"
"1480652413","1973656812","0.333333"
"1973656812","1480652413","0.333333"
"1480652413","2764434593","0.333333"
"2764434593","1480652413","0.333333"
"1973656812","2076541236","0.333333"
"2076541236","1973656812","0.333333"
"1973656812","2764434593","19.25"
"2764434593","1973656812","19.25"
"2076541236","2764434593","0.333333"
"2764434593","2076541236","0.333333"
"1556253886","1587829740","0.166667"
"1587829740","1556253886","0.166667"
"1556253886","2142317753","0.166667"
"2142317753","1556253886","0.166667"
"1587829740","1977320861","0.166667"
"1977320861","1587829740","0.166667"
"1587829740","2101498152","0.166667"
"2101498152","1587829740","0.166667"
"1587829740","2103849501","1.33333"
"2103849501","1587829740","1.33333"
"1587829740","2142317753","11.1667"
"2142317753","1587829740","11.1667"
"1587829740","2159793945","1.16667"
"2159793945","1587829740","1.16667"
"1977320861","2142317753","0.166667"
"2142317753","1977320861","0.166667"
"2101498152","2142317753","0.166667"
"2142317753","2101498152","0.166667"
"2103849501","2142317753","1"
"2142317753","2103849501","1"
"2142317753","2159793945","0.166667"
"2159793945","2142317753","0.166667"
"1556253886","2042287357","0.576923"
"2042287357","1556253886","0.576923"
"1981578383","1995915698","0.0769231"
"1995915698","1981578383","0.0769231"
"1981578383","2020228538","0.0769231"
"2020228538","1981578383","0.0769231"
"1981578383","2042287357","0.0769231"
"2042287357","1981578383","0.0769231"
"1981578383","2101498152","0.0769231"
"2101498152","1981578383","0.0769231"
"1981578383","2159686758","0.0769231"
"2159686758","1981578383","0.0769231"
"1995915698","2159793945","0.0769231"
"2159793945","1995915698","0.0769231"
"2017666497","2042287357","0.476923"
"2042287357","2017666497","0.476923"
"2042287357","2159793945","0.0769231"
"2159793945","2042287357","0.0769231"
"1587829740","2020228538","0.666667"
"2020228538","1587829740","0.666667"
"1587829740","2159686758","0.666667"
"2159686758","1587829740","0.666667"
"1587829740","1995915698","0.166667"
"1995915698","1587829740","0.166667"
"1587829740","2076541236","0.166667"
"2076541236","1587829740","0.166667"
"1587829740","2139021951","0.166667"
"2139021951","1587829740","0.166667"
"1820290817","2101498152","1"
"2101498152","1820290817","1"
"1820290817","1995915698","0.2"
"1995915698","1820290817","0.2"
"1820290817","2017666497","0.2"
"2017666497","1820290817","0.2"
"1820290817","2020228538","0.2"
"2020228538","1820290817","0.2"
"1820290817","2042287357","0.2"
"2042287357","1820290817","0.2"
"1820290817","2159686758","0.2"
"2159686758","1820290817","0.2"
"1968634355","1981578383","1"
"1981578383","1968634355","1"
"1968634355","1973656812","0.25"
"1973656812","1968634355","0.25"
"1968634355","2764434593","0.25"
"2764434593","1968634355","0.25"
"1973656812","2017666497","0.583333"
"2017666497","1973656812","0.583333"
"1973656812","2101498152","0.25"
"2101498152","1973656812","0.25"
"2017666497","2764434593","0.583333"
"2764434593","2017666497","0.583333"
"2101498152","2764434593","0.25"
"2764434593","2101498152","0.25"
"1969411444","1973656812","0.333333"
"1973656812","1969411444","0.333333"
"1969411444","2764434593","0.333333"
"2764434593","1969411444","0.333333"
"1969411444","2479722630","1"
"2479722630","1969411444","1"
"1973656812","1977320861","0.333333"
"1977320861","1973656812","0.333333"
"1973656812","2139021951","0.333333"
"2139021951","1973656812","0.333333"
"1977320861","2764434593","0.333333"
"2764434593","1977320861","0.333333"
"2139021951","2764434593","0.333333"
"2764434593","2139021951","0.333333"
"1981578383","2479722630","1.16667"
"2479722630","1981578383","1.16667"
"1981578383","2526029773","0.333333"
"2526029773","1981578383","0.333333"
"1981578383","2767681556","0.333333"
"2767681556","1981578383","0.333333"
"2479722630","2526029773","0.333333"
"2526029773","2479722630","0.333333"
"2479722630","2767681556","5.83333"
"2767681556","2479722630","5.83333"
"2526029773","2767681556","0.333333"
"2767681556","2526029773","0.333333"
"1981578383","2293253366","0.333333"
"2293253366","1981578383","0.333333"
"2139021951","2293253366","3.83333"
"2293253366","2139021951","3.83333"
"2293253366","2479722630","0.833333"
"2479722630","2293253366","0.833333"
"2017666497","2479722630","0.5"
"2479722630","2017666497","0.5"
"2105658717","2479722630","0.5"
"2479722630","2105658717","0.5"
"2033565095","2139021951","0.5"
"2139021951","2033565095","0.5"
"2033565095","2293253366","0.5"
"2293253366","2033565095","0.5"
"2042287357","2293253366","0.5"
"2293253366","2042287357","0.5"
"2076541236","2293253366","1"
"2293253366","2076541236","1"
"2139021951","2142317753","0.333333"
"2142317753","2139021951","0.333333"
"2142317753","2159686758","0.833333"
"2159686758","2142317753","0.833333"
"2139021951","2767681556","0.5"
"2767681556","2139021951","0.5"
"2159275187","2159793945","1"
"2159793945","2159275187","1"
