"1509228762","1539870105","1.7"
"1539870105","1509228762","1.7"
"1509228762","1964930029","2.7"
"1964930029","1509228762","2.7"
"1539870105","1964930029","12.8111"
"1964930029","1539870105","12.8111"
"1509228762","1563191363","0.2"
"1563191363","1509228762","0.2"
"1509228762","1970282921","0.2"
"1970282921","1509228762","0.2"
"1509228762","2057415990","0.2"
"2057415990","1509228762","0.2"
"1539870105","1563191363","0.311111"
"1563191363","1539870105","0.311111"
"1539870105","1970282921","0.2"
"1970282921","1539870105","0.2"
"1539870105","2057415990","0.311111"
"2057415990","1539870105","0.311111"
"1563191363","1964930029","1.72778"
"1964930029","1563191363","1.72778"
"1563191363","1970282921","0.616667"
"1970282921","1563191363","0.616667"
"1563191363","2057415990","0.727778"
"2057415990","1563191363","0.727778"
"1964930029","1970282921","3.11667"
"1970282921","1964930029","3.11667"
"1964930029","2057415990","11.7278"
"2057415990","1964930029","11.7278"
"1970282921","2057415990","0.616667"
"2057415990","1970282921","0.616667"
"1509228762","2130934748","2"
"2130934748","1509228762","2"
"1510056737","1964930029","1"
"1964930029","1510056737","1"
"1539870105","1566392868","0.111111"
"1566392868","1539870105","0.111111"
"1539870105","1981918411","0.111111"
"1981918411","1539870105","0.111111"
"1539870105","2015894067","0.111111"
"2015894067","1539870105","0.111111"
"1539870105","2050707370","0.111111"
"2050707370","1539870105","0.111111"
"1539870105","2112642935","0.111111"
"2112642935","1539870105","0.111111"
"1539870105","2122200316","0.111111"
"2122200316","1539870105","0.111111"
"1563191363","1566392868","0.111111"
"1566392868","1563191363","0.111111"
"1563191363","1981918411","0.111111"
"1981918411","1563191363","0.111111"
"1563191363","2015894067","0.111111"
"2015894067","1563191363","0.111111"
"1563191363","2050707370","1.52778"
"2050707370","1563191363","1.52778"
"1563191363","2112642935","0.111111"
"2112642935","1563191363","0.111111"
"1563191363","2122200316","0.111111"
"2122200316","1563191363","0.111111"
"1566392868","1964930029","0.111111"
"1964930029","1566392868","0.111111"
"1566392868","1981918411","0.111111"
"1981918411","1566392868","0.111111"
"1566392868","2015894067","0.111111"
"2015894067","1566392868","0.111111"
"1566392868","2050707370","0.111111"
"2050707370","1566392868","0.111111"
"1566392868","2057415990","0.111111"
"2057415990","1566392868","0.111111"
"1566392868","2112642935","0.111111"
"2112642935","1566392868","0.111111"
"1566392868","2122200316","0.111111"
"2122200316","1566392868","0.111111"
"1964930029","1981918411","0.111111"
"1981918411","1964930029","0.111111"
"1964930029","2015894067","0.111111"
"2015894067","1964930029","0.111111"
"1964930029","2050707370","2.02778"
"2050707370","1964930029","2.02778"
"1964930029","2112642935","0.111111"
"2112642935","1964930029","0.111111"
"1964930029","2122200316","0.111111"
"2122200316","1964930029","0.111111"
"1981918411","2015894067","0.111111"
"2015894067","1981918411","0.111111"
"1981918411","2050707370","0.444444"
"2050707370","1981918411","0.444444"
"1981918411","2057415990","0.111111"
"2057415990","1981918411","0.111111"
"1981918411","2112642935","0.444444"
"2112642935","1981918411","0.444444"
"1981918411","2122200316","5.94444"
"2122200316","1981918411","5.94444"
"2015894067","2050707370","0.111111"
"2050707370","2015894067","0.111111"
"2015894067","2057415990","0.361111"
"2057415990","2015894067","0.361111"
"2015894067","2112642935","2.36111"
"2112642935","2015894067","2.36111"
"2015894067","2122200316","0.361111"
"2122200316","2015894067","0.361111"
"2050707370","2057415990","2.52778"
"2057415990","2050707370","2.52778"
"2050707370","2112642935","4.44444"
"2112642935","2050707370","4.44444"
"2050707370","2122200316","0.444444"
"2122200316","2050707370","0.444444"
"2057415990","2112642935","1.36111"
"2112642935","2057415990","1.36111"
"2057415990","2122200316","0.361111"
"2122200316","2057415990","0.361111"
"2112642935","2122200316","2.19444"
"2122200316","2112642935","2.19444"
"1970282921","2050707370","0.916667"
"2050707370","1970282921","0.916667"
"1563191363","2080382801","0.166667"
"2080382801","1563191363","0.166667"
"1563191363","852230564","0.166667"
"852230564","1563191363","0.166667"
"1964930029","2080382801","0.166667"
"2080382801","1964930029","0.166667"
"1964930029","852230564","0.166667"
"852230564","1964930029","0.166667"
"1970282921","2080382801","0.166667"
"2080382801","1970282921","0.166667"
"1970282921","852230564","0.166667"
"852230564","1970282921","0.166667"
"2050707370","2080382801","1.16667"
"2080382801","2050707370","1.16667"
"2050707370","852230564","0.166667"
"852230564","2050707370","0.166667"
"2057415990","2080382801","0.166667"
"2080382801","2057415990","0.166667"
"2057415990","852230564","0.166667"
"852230564","2057415990","0.166667"
"2080382801","852230564","2"
"852230564","2080382801","2"
"1663524014","2080382801","0.5"
"2080382801","1663524014","0.5"
"1663524014","2112644401","0.5"
"2112644401","1663524014","0.5"
"2080382801","2112644401","2.83333"
"2112644401","2080382801","2.83333"
"1663524014","2122200316","0.583333"
"2122200316","1663524014","0.583333"
"1663524014","2130934748","0.333333"
"2130934748","1663524014","0.333333"
"1663524014","2133512874","0.333333"
"2133512874","1663524014","0.333333"
"2122200316","2130934748","2.33333"
"2130934748","2122200316","2.33333"
"2122200316","2133512874","0.333333"
"2133512874","2122200316","0.333333"
"2130934748","2133512874","0.333333"
"2133512874","2130934748","0.333333"
"1663524014","2015894067","0.25"
"2015894067","1663524014","0.25"
"1663524014","2057415990","0.25"
"2057415990","1663524014","0.25"
"1663524014","2112642935","0.25"
"2112642935","1663524014","0.25"
"1765549101","2296223526","2.5"
"2296223526","1765549101","2.5"
"1765549101","2047168609","1.5"
"2047168609","1765549101","1.5"
"2047168609","2296223526","1.5"
"2296223526","2047168609","1.5"
"1964930029","2130934748","1"
"2130934748","1964930029","1"
"1967024051","2080382801","2"
"2080382801","1967024051","2"
"1967024051","2091638338","27"
"2091638338","1967024051","27"
"2080382801","2091638338","1"
"2091638338","2080382801","1"
"1970282921","2133512874","1"
"2133512874","1970282921","1"
"1981918411","2130934748","0.5"
"2130934748","1981918411","0.5"
"2050707370","2130934748","1"
"2130934748","2050707370","1"
"2057415990","2130934748","1"
"2130934748","2057415990","1"
"2080382801","2099685348","8.83333"
"2099685348","2080382801","8.83333"
"2099685348","2112644401","2.33333"
"2112644401","2099685348","2.33333"
"2099685348","852230564","0.833333"
"852230564","2099685348","0.833333"
"2112644401","852230564","0.333333"
"852230564","2112644401","0.333333"
"2092708731","2133512874","7.5"
"2133512874","2092708731","7.5"
"2092708731","2153115545","11.5"
"2153115545","2092708731","11.5"
"2133512874","2153115545","13.5"
"2153115545","2133512874","13.5"
"2112642935","2130934748","0.5"
"2130934748","2112642935","0.5"
