"1480742849","2010288803","1.14286"
"2010288803","1480742849","1.14286"
"1480742849","2035907333","0.5"
"2035907333","1480742849","0.5"
"2010288803","2035907333","0.71978"
"2035907333","2010288803","0.71978"
"1480742849","1971279826","0.25"
"1971279826","1480742849","0.25"
"1480742849","2089706179","0.375"
"2089706179","1480742849","0.375"
"1480742849","2108350817","0.375"
"2108350817","1480742849","0.375"
"1480742849","2108375893","0.25"
"2108375893","1480742849","0.25"
"1971279826","2089706179","4.25952"
"2089706179","1971279826","4.25952"
"1971279826","2108350817","0.72619"
"2108350817","1971279826","0.72619"
"1971279826","2108375893","2.50119"
"2108375893","1971279826","2.50119"
"2089706179","2108350817","2.04167"
"2108350817","2089706179","2.04167"
"2089706179","2108375893","3.15"
"2108375893","2089706179","3.15"
"2108350817","2108375893","0.660256"
"2108375893","2108350817","0.660256"
"1480742849","1561479548","0.142857"
"1561479548","1480742849","0.142857"
"1480742849","1916593361","0.267857"
"1916593361","1480742849","0.267857"
"1480742849","2009349853","0.142857"
"2009349853","1480742849","0.142857"
"1480742849","2020434782","0.642857"
"2020434782","1480742849","0.642857"
"1480742849","2042579382","0.142857"
"2042579382","1480742849","0.142857"
"1480742849","2112163169","3.74405"
"2112163169","1480742849","3.74405"
"1561479548","1916593361","0.619048"
"1916593361","1561479548","0.619048"
"1561479548","2009349853","0.142857"
"2009349853","1561479548","0.142857"
"1561479548","2010288803","0.47619"
"2010288803","1561479548","0.47619"
"1561479548","2020434782","0.142857"
"2020434782","1561479548","0.142857"
"1561479548","2042579382","0.142857"
"2042579382","1561479548","0.142857"
"1561479548","2112163169","0.47619"
"2112163169","1561479548","0.47619"
"1916593361","2009349853","0.21978"
"2009349853","1916593361","0.21978"
"1916593361","2010288803","8.21264"
"2010288803","1916593361","8.21264"
"1916593361","2020434782","0.21978"
"2020434782","1916593361","0.21978"
"1916593361","2042579382","0.21978"
"2042579382","1916593361","0.21978"
"1916593361","2112163169","0.60119"
"2112163169","1916593361","0.60119"
"2009349853","2010288803","0.21978"
"2010288803","2009349853","0.21978"
"2009349853","2020434782","0.96978"
"2020434782","2009349853","0.96978"
"2009349853","2042579382","24.771"
"2042579382","2009349853","24.771"
"2009349853","2112163169","0.142857"
"2112163169","2009349853","0.142857"
"2010288803","2020434782","0.21978"
"2020434782","2010288803","0.21978"
"2010288803","2042579382","0.21978"
"2042579382","2010288803","0.21978"
"2010288803","2112163169","1.97619"
"2112163169","2010288803","1.97619"
"2020434782","2042579382","0.96978"
"2042579382","2020434782","0.96978"
"2020434782","2112163169","1.14286"
"2112163169","2020434782","1.14286"
"2042579382","2112163169","0.142857"
"2112163169","2042579382","0.142857"
"1480742849","1492213400","0.333333"
"1492213400","1480742849","0.333333"
"1480742849","2035069351","0.458333"
"2035069351","1480742849","0.458333"
"1480742849","2045052041","0.333333"
"2045052041","1480742849","0.333333"
"1492213400","2035069351","1.97619"
"2035069351","1492213400","1.97619"
"1492213400","2045052041","1.33333"
"2045052041","1492213400","1.33333"
"2035069351","2045052041","0.333333"
"2045052041","2035069351","0.333333"
"1480742849","1571043125","1"
"1571043125","1480742849","1"
"1480742849","1491456149","0.542857"
"1491456149","1480742849","0.542857"
"1480742849","1508902783","0.0666667"
"1508902783","1480742849","0.0666667"
"1480742849","1580054209","0.542857"
"1580054209","1480742849","0.542857"
"1480742849","1791611415","0.209524"
"1791611415","1480742849","0.209524"
"1480742849","1976689985","0.0666667"
"1976689985","1480742849","0.0666667"
"1480742849","2083541728","0.209524"
"2083541728","1480742849","0.209524"
"1480742849","2097745829","0.0666667"
"2097745829","1480742849","0.0666667"
"1480742849","2133900260","0.0666667"
"2133900260","1480742849","0.0666667"
"1480742849","2151930506","0.0666667"
"2151930506","1480742849","0.0666667"
"1480742849","2158059214","0.0666667"
"2158059214","1480742849","0.0666667"
"1480742849","2196681102","0.0666667"
"2196681102","1480742849","0.0666667"
"1480742849","2214884049","0.209524"
"2214884049","1480742849","0.209524"
"1480742849","2265297126","0.0666667"
"2265297126","1480742849","0.0666667"
"1480742849","2435376278","0.0666667"
"2435376278","1480742849","0.0666667"
"1480742849","2952834697","0.0666667"
"2952834697","1480742849","0.0666667"
"1491456149","1508902783","0.0666667"
"1508902783","1491456149","0.0666667"
"1491456149","1580054209","2.70952"
"1580054209","1491456149","2.70952"
"1491456149","1791611415","0.209524"
"1791611415","1491456149","0.209524"
"1491456149","1976689985","0.0666667"
"1976689985","1491456149","0.0666667"
"1491456149","2083541728","0.209524"
"2083541728","1491456149","0.209524"
"1491456149","2097745829","0.0666667"
"2097745829","1491456149","0.0666667"
"1491456149","2133900260","0.0666667"
"2133900260","1491456149","0.0666667"
"1491456149","2151930506","0.0666667"
"2151930506","1491456149","0.0666667"
"1491456149","2158059214","0.0666667"
"2158059214","1491456149","0.0666667"
"1491456149","2196681102","0.0666667"
"2196681102","1491456149","0.0666667"
"1491456149","2214884049","0.209524"
"2214884049","1491456149","0.209524"
"1491456149","2265297126","0.0666667"
"2265297126","1491456149","0.0666667"
"1491456149","2435376278","0.0666667"
"2435376278","1491456149","0.0666667"
"1491456149","2952834697","0.0666667"
"2952834697","1491456149","0.0666667"
"1508902783","1580054209","0.233333"
"1580054209","1508902783","0.233333"
"1508902783","1791611415","0.0666667"
"1791611415","1508902783","0.0666667"
"1508902783","1976689985","0.266667"
"1976689985","1508902783","0.266667"
"1508902783","2083541728","0.0666667"
"2083541728","1508902783","0.0666667"
"1508902783","2097745829","0.266667"
"2097745829","1508902783","0.266667"
"1508902783","2133900260","0.0666667"
"2133900260","1508902783","0.0666667"
"1508902783","2151930506","0.0666667"
"2151930506","1508902783","0.0666667"
"1508902783","2158059214","0.0666667"
"2158059214","1508902783","0.0666667"
"1508902783","2196681102","0.0666667"
"2196681102","1508902783","0.0666667"
"1508902783","2214884049","0.0666667"
"2214884049","1508902783","0.0666667"
"1508902783","2265297126","0.0666667"
"2265297126","1508902783","0.0666667"
"1508902783","2435376278","0.0666667"
"2435376278","1508902783","0.0666667"
"1508902783","2952834697","0.0666667"
"2952834697","1508902783","0.0666667"
"1580054209","1791611415","0.209524"
"1791611415","1580054209","0.209524"
"1580054209","1976689985","0.0666667"
"1976689985","1580054209","0.0666667"
"1580054209","2083541728","0.209524"
"2083541728","1580054209","0.209524"
"1580054209","2097745829","0.0666667"
"2097745829","1580054209","0.0666667"
"1580054209","2133900260","1.06667"
"2133900260","1580054209","1.06667"
"1580054209","2151930506","0.0666667"
"2151930506","1580054209","0.0666667"
"1580054209","2158059214","0.0666667"
"2158059214","1580054209","0.0666667"
"1580054209","2196681102","1.06667"
"2196681102","1580054209","1.06667"
"1580054209","2214884049","0.209524"
"2214884049","1580054209","0.209524"
"1580054209","2265297126","0.0666667"
"2265297126","1580054209","0.0666667"
"1580054209","2435376278","0.0666667"
"2435376278","1580054209","0.0666667"
"1580054209","2952834697","0.0666667"
"2952834697","1580054209","0.0666667"
"1791611415","1976689985","0.0666667"
"1976689985","1791611415","0.0666667"
"1791611415","2083541728","1.72897"
"2083541728","1791611415","1.72897"
"1791611415","2097745829","1.26993"
"2097745829","1791611415","1.26993"
"1791611415","2133900260","0.0666667"
"2133900260","1791611415","0.0666667"
"1791611415","2151930506","0.191667"
"2151930506","1791611415","0.191667"
"1791611415","2158059214","0.0666667"
"2158059214","1791611415","0.0666667"
"1791611415","2196681102","1.97827"
"2196681102","1791611415","1.97827"
"1791611415","2214884049","3.17668"
"2214884049","1791611415","3.17668"
"1791611415","2265297126","0.25049"
"2265297126","1791611415","0.25049"
"1791611415","2435376278","0.0666667"
"2435376278","1791611415","0.0666667"
"1791611415","2952834697","0.25049"
"2952834697","1791611415","0.25049"
"1976689985","2083541728","0.0666667"
"2083541728","1976689985","0.0666667"
"1976689985","2097745829","0.0666667"
"2097745829","1976689985","0.0666667"
"1976689985","2133900260","0.0666667"
"2133900260","1976689985","0.0666667"
"1976689985","2151930506","0.0666667"
"2151930506","1976689985","0.0666667"
"1976689985","2158059214","0.0666667"
"2158059214","1976689985","0.0666667"
"1976689985","2196681102","0.0666667"
"2196681102","1976689985","0.0666667"
"1976689985","2214884049","0.0666667"
"2214884049","1976689985","0.0666667"
"1976689985","2265297126","0.0666667"
"2265297126","1976689985","0.0666667"
"1976689985","2435376278","0.0666667"
"2435376278","1976689985","0.0666667"
"1976689985","2952834697","0.0666667"
"2952834697","1976689985","0.0666667"
"2083541728","2097745829","2.50278"
"2097745829","2083541728","2.50278"
"2083541728","2133900260","0.0666667"
"2133900260","2083541728","0.0666667"
"2083541728","2151930506","0.358333"
"2151930506","2083541728","0.358333"
"2083541728","2158059214","0.0666667"
"2158059214","2083541728","0.0666667"
"2083541728","2196681102","2.87778"
"2196681102","2083541728","2.87778"
"2083541728","2214884049","1.07619"
"2214884049","2083541728","1.07619"
"2083541728","2265297126","0.0666667"
"2265297126","2083541728","0.0666667"
"2083541728","2435376278","0.0666667"
"2435376278","2083541728","0.0666667"
"2083541728","2952834697","0.233333"
"2952834697","2083541728","0.233333"
"2097745829","2133900260","0.0666667"
"2133900260","2097745829","0.0666667"
"2097745829","2151930506","0.858333"
"2151930506","2097745829","0.858333"
"2097745829","2158059214","0.0666667"
"2158059214","2097745829","0.0666667"
"2097745829","2196681102","3.1366"
"2196681102","2097745829","3.1366"
"2097745829","2214884049","1.02192"
"2214884049","2097745829","1.02192"
"2097745829","2265297126","0.714776"
"2265297126","2097745829","0.714776"
"2097745829","2435376278","0.316667"
"2435376278","2097745829","0.316667"
"2097745829","2952834697","2.38144"
"2952834697","2097745829","2.38144"
"2133900260","2151930506","1.06667"
"2151930506","2133900260","1.06667"
"2133900260","2158059214","0.0666667"
"2158059214","2133900260","0.0666667"
"2133900260","2196681102","0.0666667"
"2196681102","2133900260","0.0666667"
"2133900260","2214884049","0.0666667"
"2214884049","2133900260","0.0666667"
"2133900260","2265297126","0.0666667"
"2265297126","2133900260","0.0666667"
"2133900260","2435376278","0.0666667"
"2435376278","2133900260","0.0666667"
"2133900260","2952834697","0.0666667"
"2952834697","2133900260","0.0666667"
"2151930506","2158059214","0.0666667"
"2158059214","2151930506","0.0666667"
"2151930506","2196681102","0.0666667"
"2196681102","2151930506","0.0666667"
"2151930506","2214884049","0.0666667"
"2214884049","2151930506","0.0666667"
"2151930506","2265297126","0.0666667"
"2265297126","2151930506","0.0666667"
"2151930506","2435376278","0.0666667"
"2435376278","2151930506","0.0666667"
"2151930506","2952834697","0.233333"
"2952834697","2151930506","0.233333"
"2158059214","2196681102","0.0666667"
"2196681102","2158059214","0.0666667"
"2158059214","2214884049","0.0666667"
"2214884049","2158059214","0.0666667"
"2158059214","2265297126","0.0666667"
"2265297126","2158059214","0.0666667"
"2158059214","2435376278","0.0666667"
"2435376278","2158059214","0.0666667"
"2158059214","2952834697","0.0666667"
"2952834697","2158059214","0.0666667"
"2196681102","2214884049","2.20049"
"2214884049","2196681102","2.20049"
"2196681102","2265297126","0.87549"
"2265297126","2196681102","0.87549"
"2196681102","2435376278","0.316667"
"2435376278","2196681102","0.316667"
"2196681102","2952834697","0.87549"
"2952834697","2196681102","0.87549"
"2214884049","2265297126","0.571919"
"2265297126","2214884049","0.571919"
"2214884049","2435376278","0.0666667"
"2435376278","2214884049","0.0666667"
"2214884049","2952834697","0.905252"
"2952834697","2214884049","0.905252"
"2265297126","2435376278","0.316667"
"2435376278","2265297126","0.316667"
"2265297126","2952834697","3.08978"
"2952834697","2265297126","3.08978"
"2435376278","2952834697","0.316667"
"2952834697","2435376278","0.316667"
"1480742849","2078037900","0.5"
"2078037900","1480742849","0.5"
"1480742849","2121946292","0.5"
"2121946292","1480742849","0.5"
"2078037900","2121946292","3.97024"
"2121946292","2078037900","3.97024"
"1480742849","2016580249","0.5"
"2016580249","1480742849","0.5"
"2016580249","2112163169","0.5"
"2112163169","2016580249","0.5"
"1480742849","2035178360","0.125"
"2035178360","1480742849","0.125"
"1480742849","2153050131","0.125"
"2153050131","1480742849","0.125"
"1480742849","2163192219","0.267857"
"2163192219","1480742849","0.267857"
"1916593361","2035069351","3.36071"
"2035069351","1916593361","3.36071"
"1916593361","2035178360","0.125"
"2035178360","1916593361","0.125"
"1916593361","2089706179","0.125"
"2089706179","1916593361","0.125"
"1916593361","2108350817","2.83764"
"2108350817","1916593361","2.83764"
"1916593361","2153050131","7.50119"
"2153050131","1916593361","7.50119"
"1916593361","2163192219","0.125"
"2163192219","1916593361","0.125"
"2035069351","2035178360","0.125"
"2035178360","2035069351","0.125"
"2035069351","2089706179","0.125"
"2089706179","2035069351","0.125"
"2035069351","2108350817","1.42024"
"2108350817","2035069351","1.42024"
"2035069351","2112163169","0.125"
"2112163169","2035069351","0.125"
"2035069351","2153050131","1.51786"
"2153050131","2035069351","1.51786"
"2035069351","2163192219","0.125"
"2163192219","2035069351","0.125"
"2035178360","2089706179","0.125"
"2089706179","2035178360","0.125"
"2035178360","2108350817","0.125"
"2108350817","2035178360","0.125"
"2035178360","2112163169","0.125"
"2112163169","2035178360","0.125"
"2035178360","2153050131","0.125"
"2153050131","2035178360","0.125"
"2035178360","2163192219","5.03526"
"2163192219","2035178360","5.03526"
"2089706179","2112163169","0.125"
"2112163169","2089706179","0.125"
"2089706179","2153050131","0.125"
"2153050131","2089706179","0.125"
"2089706179","2163192219","0.125"
"2163192219","2089706179","0.125"
"2108350817","2112163169","0.325"
"2112163169","2108350817","0.325"
"2108350817","2153050131","1.58452"
"2153050131","2108350817","1.58452"
"2108350817","2163192219","0.125"
"2163192219","2108350817","0.125"
"2112163169","2153050131","0.125"
"2153050131","2112163169","0.125"
"2112163169","2163192219","0.267857"
"2163192219","2112163169","0.267857"
"2153050131","2163192219","0.125"
"2163192219","2153050131","0.125"
"1491456149","2112163169","0.47619"
"2112163169","1491456149","0.47619"
"1491456149","2163192219","1.14286"
"2163192219","1491456149","1.14286"
"1580054209","2112163169","0.47619"
"2112163169","1580054209","0.47619"
"1580054209","2163192219","1.80952"
"2163192219","1580054209","1.80952"
"1791611415","2112163169","0.142857"
"2112163169","1791611415","0.142857"
"1791611415","2163192219","0.142857"
"2163192219","1791611415","0.142857"
"2083541728","2112163169","0.142857"
"2112163169","2083541728","0.142857"
"2083541728","2163192219","0.142857"
"2163192219","2083541728","0.142857"
"2112163169","2214884049","0.142857"
"2214884049","2112163169","0.142857"
"2163192219","2214884049","0.142857"
"2214884049","2163192219","0.142857"
"1480742849","1514505726","0.5"
"1514505726","1480742849","0.5"
"1514505726","2020434782","0.5"
"2020434782","1514505726","0.5"
"1489091169","2783757086","3.5"
"2783757086","1489091169","3.5"
"1489091169","2221398285","1.33333"
"2221398285","1489091169","1.33333"
"1489091169","2966892244","0.333333"
"2966892244","1489091169","0.333333"
"1489091169","3008534594","0.333333"
"3008534594","1489091169","0.333333"
"2221398285","2966892244","0.835145"
"2966892244","2221398285","0.835145"
"2221398285","3008534594","0.835145"
"3008534594","2221398285","0.835145"
"2966892244","3008534594","14.1685"
"3008534594","2966892244","14.1685"
"1489091169","1791611415","0.236111"
"1791611415","1489091169","0.236111"
"1489091169","1984979859","0.111111"
"1984979859","1489091169","0.111111"
"1489091169","2020133428","0.236111"
"2020133428","1489091169","0.236111"
"1489091169","2033258621","0.236111"
"2033258621","1489091169","0.236111"
"1489091169","2083541728","0.236111"
"2083541728","1489091169","0.236111"
"1489091169","2097745829","0.736111"
"2097745829","1489091169","0.736111"
"1489091169","2196681102","0.111111"
"2196681102","1489091169","0.111111"
"1489091169","2210479044","0.111111"
"2210479044","1489091169","0.111111"
"1489091169","2238970349","0.736111"
"2238970349","1489091169","0.736111"
"1791611415","1984979859","0.169935"
"1984979859","1791611415","0.169935"
"1791611415","2020133428","0.236111"
"2020133428","1791611415","0.236111"
"1791611415","2033258621","0.953268"
"2033258621","1791611415","0.953268"
"1791611415","2210479044","0.169935"
"2210479044","1791611415","0.169935"
"1791611415","2238970349","0.569444"
"2238970349","1791611415","0.569444"
"1984979859","2020133428","0.111111"
"2020133428","1984979859","0.111111"
"1984979859","2033258621","0.169935"
"2033258621","1984979859","0.169935"
"1984979859","2083541728","0.444444"
"2083541728","1984979859","0.444444"
"1984979859","2097745829","1.84613"
"2097745829","1984979859","1.84613"
"1984979859","2196681102","0.294935"
"2196681102","1984979859","0.294935"
"1984979859","2210479044","0.294935"
"2210479044","1984979859","0.294935"
"1984979859","2238970349","0.111111"
"2238970349","1984979859","0.111111"
"2020133428","2033258621","0.236111"
"2033258621","2020133428","0.236111"
"2020133428","2083541728","0.236111"
"2083541728","2020133428","0.236111"
"2020133428","2097745829","0.236111"
"2097745829","2020133428","0.236111"
"2020133428","2196681102","0.111111"
"2196681102","2020133428","0.111111"
"2020133428","2210479044","0.111111"
"2210479044","2020133428","0.111111"
"2020133428","2238970349","0.236111"
"2238970349","2020133428","0.236111"
"2033258621","2083541728","1.35278"
"2083541728","2033258621","1.35278"
"2033258621","2097745829","2.0366"
"2097745829","2033258621","2.0366"
"2033258621","2196681102","1.9116"
"2196681102","2033258621","1.9116"
"2033258621","2210479044","0.169935"
"2210479044","2033258621","0.169935"
"2033258621","2238970349","0.236111"
"2238970349","2033258621","0.236111"
"2083541728","2210479044","0.111111"
"2210479044","2083541728","0.111111"
"2083541728","2238970349","0.236111"
"2238970349","2083541728","0.236111"
"2097745829","2210479044","0.366363"
"2210479044","2097745829","0.366363"
"2097745829","2238970349","0.236111"
"2238970349","2097745829","0.236111"
"2196681102","2210479044","0.419935"
"2210479044","2196681102","0.419935"
"2196681102","2238970349","0.444444"
"2238970349","2196681102","0.444444"
"2210479044","2238970349","0.111111"
"2238970349","2210479044","0.111111"
"1489091169","2133900260","1"
"2133900260","1489091169","1"
"1489091169","2151930506","0.625"
"2151930506","1489091169","0.625"
"1489091169","3008827208","0.125"
"3008827208","1489091169","0.125"
"1791611415","3008827208","0.308824"
"3008827208","1791611415","0.308824"
"2020133428","2151930506","0.125"
"2151930506","2020133428","0.125"
"2020133428","3008827208","0.125"
"3008827208","2020133428","0.125"
"2033258621","2151930506","0.125"
"2151930506","2033258621","0.125"
"2033258621","3008827208","0.308824"
"3008827208","2033258621","0.308824"
"2083541728","3008827208","0.125"
"3008827208","2083541728","0.125"
"2097745829","3008827208","0.558824"
"3008827208","2097745829","0.558824"
"2151930506","2238970349","0.125"
"2238970349","2151930506","0.125"
"2151930506","3008827208","0.125"
"3008827208","2151930506","0.125"
"2238970349","3008827208","1.16848"
"3008827208","2238970349","1.16848"
"2238970349","2783757086","0.543478"
"2783757086","2238970349","0.543478"
"1491456149","2035178360","1.33333"
"2035178360","1491456149","1.33333"
"1580054209","2035178360","2.5"
"2035178360","1580054209","2.5"
"1491456149","1996676736","0.833333"
"1996676736","1491456149","0.833333"
"1996676736","2035178360","0.333333"
"2035178360","1996676736","0.333333"
"1996676736","2163192219","1.5"
"2163192219","1996676736","1.5"
"1491456149","1501284171","1.16667"
"1501284171","1491456149","1.16667"
"1491456149","1598618182","0.166667"
"1598618182","1491456149","0.166667"
"1491456149","2020646533","0.166667"
"2020646533","1491456149","0.166667"
"1491456149","3008676651","0.166667"
"3008676651","1491456149","0.166667"
"1501284171","1580054209","0.666667"
"1580054209","1501284171","0.666667"
"1501284171","1598618182","0.24359"
"1598618182","1501284171","0.24359"
"1501284171","2020646533","1.32692"
"2020646533","1501284171","1.32692"
"1501284171","2163192219","0.576923"
"2163192219","1501284171","0.576923"
"1501284171","3008676651","0.410256"
"3008676651","1501284171","0.410256"
"1580054209","1598618182","0.166667"
"1598618182","1580054209","0.166667"
"1580054209","2020646533","0.166667"
"2020646533","1580054209","0.166667"
"1580054209","3008676651","1.16667"
"3008676651","1580054209","1.16667"
"1598618182","2020646533","5.77692"
"2020646533","1598618182","5.77692"
"1598618182","2163192219","0.24359"
"2163192219","1598618182","0.24359"
"1598618182","3008676651","0.24359"
"3008676651","1598618182","0.24359"
"2020646533","2163192219","0.576923"
"2163192219","2020646533","0.576923"
"2020646533","3008676651","0.24359"
"3008676651","2020646533","0.24359"
"2163192219","3008676651","0.49359"
"3008676651","2163192219","0.49359"
"1491490998","1586514605","1.94405"
"1586514605","1491490998","1.94405"
"1491490998","1971279826","2.94405"
"1971279826","1491490998","2.94405"
"1491490998","1994019410","1.07738"
"1994019410","1491490998","1.07738"
"1491490998","2078037900","1.44405"
"2078037900","1491490998","1.44405"
"1491490998","2110631345","0.944048"
"2110631345","1491490998","0.944048"
"1491490998","2121946292","1.24405"
"2121946292","1491490998","1.24405"
"1586514605","1971279826","5.81071"
"1971279826","1586514605","5.81071"
"1586514605","1994019410","1.07738"
"1994019410","1586514605","1.07738"
"1586514605","2078037900","2.06071"
"2078037900","1586514605","2.06071"
"1586514605","2110631345","1.19405"
"2110631345","1586514605","1.19405"
"1586514605","2121946292","1.41071"
"2121946292","1586514605","1.41071"
"1971279826","1994019410","1.24405"
"1994019410","1971279826","1.24405"
"1971279826","2078037900","8.0369"
"2078037900","1971279826","8.0369"
"1971279826","2110631345","2.3369"
"2110631345","1971279826","2.3369"
"1971279826","2121946292","3.6369"
"2121946292","1971279826","3.6369"
"1994019410","2078037900","1.24405"
"2078037900","1994019410","1.24405"
"1994019410","2110631345","0.577381"
"2110631345","1994019410","0.577381"
"1994019410","2121946292","1.24405"
"2121946292","1994019410","1.24405"
"2078037900","2110631345","3.0869"
"2110631345","2078037900","3.0869"
"2110631345","2121946292","1.6369"
"2121946292","2110631345","1.6369"
"1491490998","2108375893","0.80119"
"2108375893","1491490998","0.80119"
"1586514605","2108375893","1.91786"
"2108375893","1586514605","1.91786"
"1994019410","2108375893","0.60119"
"2108375893","1994019410","0.60119"
"2078037900","2108375893","1.66786"
"2108375893","2078037900","1.66786"
"2108375893","2121946292","1.09478"
"2121946292","2108375893","1.09478"
"1491490998","2089706179","0.642857"
"2089706179","1491490998","0.642857"
"1586514605","2089706179","1.67619"
"2089706179","1586514605","1.67619"
"1994019410","2089706179","0.309524"
"2089706179","1994019410","0.309524"
"2078037900","2089706179","0.67619"
"2089706179","2078037900","0.67619"
"2089706179","2121946292","0.47619"
"2121946292","2089706179","0.47619"
"2108375893","2110631345","0.967857"
"2110631345","2108375893","0.967857"
"1491490998","1991774646","0.333333"
"1991774646","1491490998","0.333333"
"1491490998","2205031991","0.333333"
"2205031991","1491490998","0.333333"
"1991774646","2089706179","0.333333"
"2089706179","1991774646","0.333333"
"1991774646","2205031991","5.08452"
"2205031991","1991774646","5.08452"
"2089706179","2205031991","0.333333"
"2205031991","2089706179","0.333333"
"1491490998","2168605051","0.125"
"2168605051","1491490998","0.125"
"1586514605","2168605051","0.125"
"2168605051","1586514605","0.125"
"1971279826","2168605051","0.125"
"2168605051","1971279826","0.125"
"1994019410","2168605051","0.125"
"2168605051","1994019410","0.125"
"2078037900","2168605051","0.125"
"2168605051","2078037900","0.125"
"2108375893","2168605051","0.125"
"2168605051","2108375893","0.125"
"2110631345","2168605051","0.125"
"2168605051","2110631345","0.125"
"2121946292","2168605051","0.125"
"2168605051","2121946292","0.125"
"2089706179","2110631345","0.142857"
"2110631345","2089706179","0.142857"
"1491490998","1571043125","0.333333"
"1571043125","1491490998","0.333333"
"1491490998","1996676736","0.333333"
"1996676736","1491490998","0.333333"
"1491490998","2108350817","0.333333"
"2108350817","1491490998","0.333333"
"1571043125","1996676736","0.444444"
"1996676736","1571043125","0.444444"
"1571043125","2108350817","0.333333"
"2108350817","1571043125","0.333333"
"1996676736","2108350817","0.333333"
"2108350817","1996676736","0.333333"
"1491490998","1982431534","0.166667"
"1982431534","1491490998","0.166667"
"1586514605","1982431534","0.333333"
"1982431534","1586514605","0.333333"
"1971279826","1982431534","0.5"
"1982431534","1971279826","0.5"
"1982431534","2078037900","0.666667"
"2078037900","1982431534","0.666667"
"1982431534","2110631345","0.166667"
"2110631345","1982431534","0.166667"
"1982431534","2121946292","0.666667"
"2121946292","1982431534","0.666667"
"1492213400","2097745829","1"
"2097745829","1492213400","1"
"1492213400","2020646533","2"
"2020646533","1492213400","2"
"2020646533","2045052041","1.07692"
"2045052041","2020646533","1.07692"
"1492213400","1598618182","3"
"1598618182","1492213400","3"
"1492213400","1527125278","0.392857"
"1527125278","1492213400","0.392857"
"1492213400","2108350817","0.392857"
"2108350817","1492213400","0.392857"
"1492213400","2153050131","1.14286"
"2153050131","1492213400","1.14286"
"1527125278","2035069351","1.29524"
"2035069351","1527125278","1.29524"
"1527125278","2108350817","10.7555"
"2108350817","1527125278","10.7555"
"1527125278","2153050131","1.79286"
"2153050131","1527125278","1.79286"
"1492213400","1561479548","0.142857"
"1561479548","1492213400","0.142857"
"1492213400","1916593361","0.892857"
"1916593361","1492213400","0.892857"
"1492213400","2056012569","1.14286"
"2056012569","1492213400","1.14286"
"1527125278","1561479548","0.142857"
"1561479548","1527125278","0.142857"
"1527125278","1916593361","2.21264"
"1916593361","1527125278","2.21264"
"1527125278","2056012569","8.50549"
"2056012569","1527125278","8.50549"
"1561479548","2035069351","0.142857"
"2035069351","1561479548","0.142857"
"1561479548","2056012569","0.142857"
"2056012569","1561479548","0.142857"
"1561479548","2108350817","0.142857"
"2108350817","1561479548","0.142857"
"1561479548","2153050131","0.142857"
"2153050131","1561479548","0.142857"
"1916593361","2056012569","2.21264"
"2056012569","1916593361","2.21264"
"2035069351","2056012569","1.04524"
"2056012569","2035069351","1.04524"
"2056012569","2108350817","8.83883"
"2108350817","2056012569","8.83883"
"2056012569","2153050131","1.20952"
"2153050131","2056012569","1.20952"
"1598618182","2045052041","1.07692"
"2045052041","1598618182","1.07692"
"1492213400","1571043125","1"
"1571043125","1492213400","1"
"1492213400","2010288803","0.25"
"2010288803","1492213400","0.25"
"2010288803","2035069351","1.09286"
"2035069351","2010288803","1.09286"
"2010288803","2153050131","4.48333"
"2153050131","2010288803","4.48333"
"1501284171","1553031737","0.75"
"1553031737","1501284171","0.75"
"1553031737","2020646533","0.75"
"2020646533","1553031737","0.75"
"1501284171","2152362264","1"
"2152362264","1501284171","1"
"1501284171","2020133428","2"
"2020133428","1501284171","2"
"1501284171","2146884585","1.91026"
"2146884585","1501284171","1.91026"
"2020646533","2146884585","0.410256"
"2146884585","2020646533","0.410256"
"2146884585","2163192219","0.410256"
"2163192219","2146884585","0.410256"
"1501284171","1585853635","0.910256"
"1585853635","1501284171","0.910256"
"1501284171","1916576906","0.410256"
"1916576906","1501284171","0.410256"
"1501284171","1978797522","0.333333"
"1978797522","1501284171","0.333333"
"1585853635","1916576906","0.410256"
"1916576906","1585853635","0.410256"
"1585853635","1978797522","0.333333"
"1978797522","1585853635","0.333333"
"1916576906","1978797522","0.833333"
"1978797522","1916576906","0.833333"
"1501284171","1985974581","0.25"
"1985974581","1501284171","0.25"
"1501284171","2148322068","0.25"
"2148322068","1501284171","0.25"
"1553031737","1985974581","0.25"
"1985974581","1553031737","0.25"
"1553031737","2148322068","0.25"
"2148322068","1553031737","0.25"
"1985974581","2020646533","0.25"
"2020646533","1985974581","0.25"
"1985974581","2148322068","0.25"
"2148322068","1985974581","0.25"
"2020646533","2148322068","0.25"
"2148322068","2020646533","0.25"
"1501284171","1532788724","0.166667"
"1532788724","1501284171","0.166667"
"1501284171","1625144041","0.166667"
"1625144041","1501284171","0.166667"
"1501284171","2083541728","0.166667"
"2083541728","1501284171","0.166667"
"1501284171","2214884049","0.166667"
"2214884049","1501284171","0.166667"
"1501284171","6307799","0.24359"
"6307799","1501284171","0.24359"
"1532788724","1625144041","0.166667"
"1625144041","1532788724","0.166667"
"1532788724","2083541728","0.166667"
"2083541728","1532788724","0.166667"
"1532788724","2214884049","0.166667"
"2214884049","1532788724","0.166667"
"1532788724","3008676651","0.166667"
"3008676651","1532788724","0.166667"
"1532788724","6307799","0.166667"
"6307799","1532788724","0.166667"
"1625144041","2083541728","0.166667"
"2083541728","1625144041","0.166667"
"1625144041","2214884049","0.166667"
"2214884049","1625144041","0.166667"
"1625144041","3008676651","0.166667"
"3008676651","1625144041","0.166667"
"1625144041","6307799","0.166667"
"6307799","1625144041","0.166667"
"2083541728","3008676651","0.166667"
"3008676651","2083541728","0.166667"
"2083541728","6307799","0.833333"
"6307799","2083541728","0.833333"
"2214884049","3008676651","0.558824"
"3008676651","2214884049","0.558824"
"2214884049","6307799","0.166667"
"6307799","2214884049","0.166667"
"3008676651","6307799","0.49359"
"6307799","3008676651","0.49359"
"1501284171","2035178360","0.576923"
"2035178360","1501284171","0.576923"
"1501284171","2020434782","0.0769231"
"2020434782","1501284171","0.0769231"
"1501284171","2045052041","0.0769231"
"2045052041","1501284171","0.0769231"
"1501284171","2920260020","0.0769231"
"2920260020","1501284171","0.0769231"
"1501284171","2970878591","0.0769231"
"2970878591","1501284171","0.0769231"
"1585853635","1598618182","0.0769231"
"1598618182","1585853635","0.0769231"
"1585853635","2020434782","0.0769231"
"2020434782","1585853635","0.0769231"
"1585853635","2020646533","0.0769231"
"2020646533","1585853635","0.0769231"
"1585853635","2035178360","0.0769231"
"2035178360","1585853635","0.0769231"
"1585853635","2045052041","0.0769231"
"2045052041","1585853635","0.0769231"
"1585853635","2146884585","0.74359"
"2146884585","1585853635","0.74359"
"1585853635","2163192219","0.0769231"
"2163192219","1585853635","0.0769231"
"1585853635","2920260020","0.0769231"
"2920260020","1585853635","0.0769231"
"1585853635","2970878591","0.0769231"
"2970878591","1585853635","0.0769231"
"1585853635","3008676651","0.0769231"
"3008676651","1585853635","0.0769231"
"1585853635","6307799","0.0769231"
"6307799","1585853635","0.0769231"
"1598618182","1916576906","0.0769231"
"1916576906","1598618182","0.0769231"
"1598618182","2020434782","0.0769231"
"2020434782","1598618182","0.0769231"
"1598618182","2035178360","0.0769231"
"2035178360","1598618182","0.0769231"
"1598618182","2146884585","0.0769231"
"2146884585","1598618182","0.0769231"
"1598618182","2920260020","0.0769231"
"2920260020","1598618182","0.0769231"
"1598618182","2970878591","0.0769231"
"2970878591","1598618182","0.0769231"
"1598618182","6307799","0.0769231"
"6307799","1598618182","0.0769231"
"1916576906","2020434782","0.0769231"
"2020434782","1916576906","0.0769231"
"1916576906","2020646533","0.0769231"
"2020646533","1916576906","0.0769231"
"1916576906","2035178360","0.0769231"
"2035178360","1916576906","0.0769231"
"1916576906","2045052041","0.0769231"
"2045052041","1916576906","0.0769231"
"1916576906","2146884585","0.0769231"
"2146884585","1916576906","0.0769231"
"1916576906","2163192219","0.0769231"
"2163192219","1916576906","0.0769231"
"1916576906","2920260020","0.0769231"
"2920260020","1916576906","0.0769231"
"1916576906","2970878591","0.0769231"
"2970878591","1916576906","0.0769231"
"1916576906","3008676651","0.0769231"
"3008676651","1916576906","0.0769231"
"1916576906","6307799","0.0769231"
"6307799","1916576906","0.0769231"
"2020434782","2020646533","0.0769231"
"2020646533","2020434782","0.0769231"
"2020434782","2035178360","0.0769231"
"2035178360","2020434782","0.0769231"
"2020434782","2045052041","0.153846"
"2045052041","2020434782","0.153846"
"2020434782","2146884585","0.0769231"
"2146884585","2020434782","0.0769231"
"2020434782","2163192219","0.0769231"
"2163192219","2020434782","0.0769231"
"2020434782","2920260020","0.0769231"
"2920260020","2020434782","0.0769231"
"2020434782","2970878591","0.0769231"
"2970878591","2020434782","0.0769231"
"2020434782","3008676651","0.0769231"
"3008676651","2020434782","0.0769231"
"2020434782","6307799","0.0769231"
"6307799","2020434782","0.0769231"
"2020646533","2035178360","0.0769231"
"2035178360","2020646533","0.0769231"
"2020646533","2920260020","0.0769231"
"2920260020","2020646533","0.0769231"
"2020646533","2970878591","0.0769231"
"2970878591","2020646533","0.0769231"
"2020646533","6307799","1.07692"
"6307799","2020646533","1.07692"
"2035178360","2045052041","0.0769231"
"2045052041","2035178360","0.0769231"
"2035178360","2146884585","0.0769231"
"2146884585","2035178360","0.0769231"
"2035178360","2920260020","0.0769231"
"2920260020","2035178360","0.0769231"
"2035178360","2970878591","0.0769231"
"2970878591","2035178360","0.0769231"
"2035178360","3008676651","0.0769231"
"3008676651","2035178360","0.0769231"
"2035178360","6307799","0.0769231"
"6307799","2035178360","0.0769231"
"2045052041","2146884585","0.0769231"
"2146884585","2045052041","0.0769231"
"2045052041","2163192219","0.0769231"
"2163192219","2045052041","0.0769231"
"2045052041","2920260020","0.0769231"
"2920260020","2045052041","0.0769231"
"2045052041","2970878591","0.0769231"
"2970878591","2045052041","0.0769231"
"2045052041","3008676651","0.0769231"
"3008676651","2045052041","0.0769231"
"2045052041","6307799","0.0769231"
"6307799","2045052041","0.0769231"
"2146884585","2920260020","0.0769231"
"2920260020","2146884585","0.0769231"
"2146884585","2970878591","0.0769231"
"2970878591","2146884585","0.0769231"
"2146884585","3008676651","0.0769231"
"3008676651","2146884585","0.0769231"
"2146884585","6307799","0.0769231"
"6307799","2146884585","0.0769231"
"2163192219","2920260020","0.0769231"
"2920260020","2163192219","0.0769231"
"2163192219","2970878591","0.0769231"
"2970878591","2163192219","0.0769231"
"2163192219","6307799","0.326923"
"6307799","2163192219","0.326923"
"2920260020","2970878591","17.4768"
"2970878591","2920260020","17.4768"
"2920260020","3008676651","0.250653"
"3008676651","2920260020","0.250653"
"2920260020","6307799","0.0769231"
"6307799","2920260020","0.0769231"
"2970878591","3008676651","0.250653"
"3008676651","2970878591","0.250653"
"2970878591","6307799","0.0769231"
"6307799","2970878591","0.0769231"
"1501284171","2033457761","0.333333"
"2033457761","1501284171","0.333333"
"1501284171","2035907333","0.333333"
"2035907333","1501284171","0.333333"
"1501284171","2133900260","0.333333"
"2133900260","1501284171","0.333333"
"2033457761","2035907333","0.333333"
"2035907333","2033457761","0.333333"
"2033457761","2133900260","0.333333"
"2133900260","2033457761","0.333333"
"2035907333","2133900260","0.333333"
"2133900260","2035907333","0.333333"
"1503645026","1593538391","0.333333"
"1593538391","1503645026","0.333333"
"1503645026","2109089300","0.333333"
"2109089300","1503645026","0.333333"
"1503645026","2230830246","0.333333"
"2230830246","1503645026","0.333333"
"1593538391","2109089300","2.41667"
"2109089300","1593538391","2.41667"
"1593538391","2230830246","8.08333"
"2230830246","1593538391","8.08333"
"2109089300","2230830246","2.41667"
"2230830246","2109089300","2.41667"
"1503645026","1532788724","0.25"
"1532788724","1503645026","0.25"
"1503645026","1769010533","0.25"
"1769010533","1503645026","0.25"
"1503645026","2179912761","0.25"
"2179912761","1503645026","0.25"
"1503645026","2221398285","0.25"
"2221398285","1503645026","0.25"
"1532788724","1769010533","0.25"
"1769010533","1532788724","0.25"
"1532788724","2179912761","0.25"
"2179912761","1532788724","0.25"
"1532788724","2221398285","0.25"
"2221398285","1532788724","0.25"
"1769010533","2179912761","0.25"
"2179912761","1769010533","0.25"
"1769010533","2221398285","0.583333"
"2221398285","1769010533","0.583333"
"2179912761","2221398285","0.25"
"2221398285","2179912761","0.25"
"1505216615","1568958955","2.86071"
"1568958955","1505216615","2.86071"
"1505216615","1508902783","1.33452"
"1508902783","1505216615","1.33452"
"1505216615","1549031123","0.733333"
"1549031123","1505216615","0.733333"
"1505216615","1976689985","0.2"
"1976689985","1505216615","0.2"
"1505216615","2089706179","0.2"
"2089706179","1505216615","0.2"
"1505216615","2108375893","0.2"
"2108375893","1505216615","0.2"
"1508902783","1549031123","2.26667"
"1549031123","1508902783","2.26667"
"1508902783","2089706179","0.2"
"2089706179","1508902783","0.2"
"1508902783","2108375893","0.2"
"2108375893","1508902783","0.2"
"1549031123","1976689985","0.2"
"1976689985","1549031123","0.2"
"1549031123","2089706179","0.2"
"2089706179","1549031123","0.2"
"1549031123","2108375893","0.2"
"2108375893","1549031123","0.2"
"1976689985","2089706179","0.2"
"2089706179","1976689985","0.2"
"1976689985","2108375893","0.2"
"2108375893","1976689985","0.2"
"1505216615","2011021445","0.333333"
"2011021445","1505216615","0.333333"
"1505216615","2148322068","0.533333"
"2148322068","1505216615","0.533333"
"1508902783","2011021445","0.666667"
"2011021445","1508902783","0.666667"
"1508902783","2148322068","0.533333"
"2148322068","1508902783","0.533333"
"2011021445","2148322068","0.333333"
"2148322068","2011021445","0.333333"
"1505216615","1694233656","1.40238"
"1694233656","1505216615","1.40238"
"1505216615","1991774646","2.12619"
"1991774646","1505216615","2.12619"
"1505216615","2068235152","0.616667"
"2068235152","1505216615","0.616667"
"1505216615","2084060979","0.392857"
"2084060979","1505216615","0.392857"
"1505216615","2110631345","0.375"
"2110631345","1505216615","0.375"
"1505216615","2113906833","1.87024"
"2113906833","1505216615","1.87024"
"1505216615","2176873512","2.42857"
"2176873512","1505216615","2.42857"
"1568958955","1694233656","6.22107"
"1694233656","1568958955","6.22107"
"1568958955","1991774646","3.64329"
"1991774646","1568958955","3.64329"
"1568958955","2068235152","0.908333"
"2068235152","1568958955","0.908333"
"1568958955","2084060979","0.375"
"2084060979","1568958955","0.375"
"1568958955","2110631345","0.375"
"2110631345","1568958955","0.375"
"1568958955","2113906833","2.64329"
"2113906833","1568958955","2.64329"
"1568958955","2176873512","5.2544"
"2176873512","1568958955","5.2544"
"1694233656","1991774646","2.20162"
"1991774646","1694233656","2.20162"
"1694233656","2068235152","0.625"
"2068235152","1694233656","0.625"
"1694233656","2084060979","0.125"
"2084060979","1694233656","0.125"
"1694233656","2110631345","0.125"
"2110631345","1694233656","0.125"
"1694233656","2113906833","5.35996"
"2113906833","1694233656","5.35996"
"1694233656","2176873512","10.7473"
"2176873512","1694233656","10.7473"
"1991774646","2068235152","1.025"
