"1007029184","1573440853","1.33333"
"1573440853","1007029184","1.33333"
"1007029184","1756261662","0.333333"
"1756261662","1007029184","0.333333"
"1007029184","2401750056","0.333333"
"2401750056","1007029184","0.333333"
"1573440853","1756261662","0.333333"
"1756261662","1573440853","0.333333"
"1573440853","2401750056","0.333333"
"2401750056","1573440853","0.333333"
"1756261662","2401750056","3.79167"
"2401750056","1756261662","3.79167"
"1007029184","1911710854","5.81667"
"1911710854","1007029184","5.81667"
"1007029184","2294131806","1.45"
"2294131806","1007029184","1.45"
"1007029184","263998227","1.7"
"263998227","1007029184","1.7"
"1911710854","2294131806","0.666667"
"2294131806","1911710854","0.666667"
"1911710854","263998227","0.833333"
"263998227","1911710854","0.833333"
"2294131806","263998227","4.36667"
"263998227","2294131806","4.36667"
"1007029184","1600735852","2.31667"
"1600735852","1007029184","2.31667"
"1007029184","2100864493","1.2"
"2100864493","1007029184","1.2"
"1007029184","998886048","0.533333"
"998886048","1007029184","0.533333"
"1600735852","2100864493","1.81111"
"2100864493","1600735852","1.81111"
"1600735852","2294131806","1.11667"
"2294131806","1600735852","1.11667"
"1600735852","263998227","0.533333"
"263998227","1600735852","0.533333"
"1600735852","998886048","2.03333"
"998886048","1600735852","2.03333"
"2100864493","2294131806","0.2"
"2294131806","2100864493","0.2"
"2100864493","263998227","0.2"
"263998227","2100864493","0.2"
"2100864493","998886048","0.7"
"998886048","2100864493","0.7"
"2294131806","998886048","0.2"
"998886048","2294131806","0.2"
"263998227","998886048","0.533333"
"998886048","263998227","0.533333"
"1600735852","1911710854","1.36667"
"1911710854","1600735852","1.36667"
"1007029184","125775717","0.25"
"125775717","1007029184","0.25"
"1007029184","1717366613","0.5"
"1717366613","1007029184","0.5"
"1007029184","1968566744","0.25"
"1968566744","1007029184","0.25"
"125775717","1717366613","0.25"
"1717366613","125775717","0.25"
"125775717","1911710854","0.25"
"1911710854","125775717","0.25"
"125775717","1968566744","0.25"
"1968566744","125775717","0.25"
"1717366613","1911710854","0.916667"
"1911710854","1717366613","0.916667"
"1717366613","1968566744","0.25"
"1968566744","1717366613","0.25"
"1911710854","1968566744","0.25"
"1968566744","1911710854","0.25"
"1007029184","2157867633","0.65"
"2157867633","1007029184","0.65"
"1600735852","1717366613","0.583333"
"1717366613","1600735852","0.583333"
"1600735852","2157867633","1.56111"
"2157867633","1600735852","1.56111"
"1717366613","2157867633","0.25"
"2157867633","1717366613","0.25"
"1717366613","2294131806","0.5"
"2294131806","1717366613","0.5"
"2157867633","2294131806","0.25"
"2294131806","2157867633","0.25"
"1007029184","1560601079","0.2"
"1560601079","1007029184","0.2"
"1007029184","1578109354","0.2"
"1578109354","1007029184","0.2"
"1007029184","1579458556","0.4"
"1579458556","1007029184","0.4"
"1560601079","1578109354","1.09286"
"1578109354","1560601079","1.09286"
"1560601079","1579458556","0.592857"
"1579458556","1560601079","0.592857"
"1560601079","1911710854","0.342857"
"1911710854","1560601079","0.342857"
"1560601079","2157867633","0.45"
"2157867633","1560601079","0.45"
"1578109354","1579458556","2.59286"
"1579458556","1578109354","2.59286"
"1578109354","1911710854","0.342857"
"1911710854","1578109354","0.342857"
"1578109354","2157867633","0.45"
"2157867633","1578109354","0.45"
"1579458556","1911710854","1.04286"
"1911710854","1579458556","1.04286"
"1579458556","2157867633","2.9"
"2157867633","1579458556","2.9"
"1911710854","2157867633","0.4"
"2157867633","1911710854","0.4"
"1007029184","1483205977","0.833333"
"1483205977","1007029184","0.833333"
"1007029184","964687071","0.5"
"964687071","1007029184","0.5"
"1483205977","964687071","9.89286"
"964687071","1483205977","9.89286"
"1483205977","2294131806","0.333333"
"2294131806","1483205977","0.333333"
"1483205977","263998227","0.333333"
"263998227","1483205977","0.333333"
"1007029184","2294320291","0.2"
"2294320291","1007029184","0.2"
"1579458556","1600735852","0.7"
"1600735852","1579458556","0.7"
"1579458556","2294320291","0.7"
"2294320291","1579458556","0.7"
"1600735852","2294320291","0.644444"
"2294320291","1600735852","0.644444"
"1911710854","2294320291","1.2"
"2294320291","1911710854","1.2"
"2157867633","2294320291","0.811111"
"2294320291","2157867633","0.811111"
"106094002","1501276147","0.125"
"1501276147","106094002","0.125"
"106094002","1555195302","0.125"
"1555195302","106094002","0.125"
"106094002","1565133950","0.125"
"1565133950","106094002","0.125"
"106094002","1578109354","0.125"
"1578109354","106094002","0.125"
"106094002","1604475812","0.125"
"1604475812","106094002","0.125"
"106094002","1660202170","0.125"
"1660202170","106094002","0.125"
"106094002","1848552438","0.125"
"1848552438","106094002","0.125"
"106094002","2126557644","0.125"
"2126557644","106094002","0.125"
"1501276147","1555195302","0.491667"
"1555195302","1501276147","0.491667"
"1501276147","1565133950","2.63452"
"1565133950","1501276147","2.63452"
"1501276147","1578109354","0.434524"
"1578109354","1501276147","0.434524"
"1501276147","1604475812","0.125"
"1604475812","1501276147","0.125"
"1501276147","1660202170","0.291667"
"1660202170","1501276147","0.291667"
"1501276147","1848552438","0.125"
"1848552438","1501276147","0.125"
"1501276147","2126557644","2.63452"
"2126557644","1501276147","2.63452"
"1555195302","1565133950","1.49167"
"1565133950","1555195302","1.49167"
"1555195302","1578109354","0.791667"
"1578109354","1555195302","0.791667"
"1555195302","1604475812","0.125"
"1604475812","1555195302","0.125"
"1555195302","1660202170","0.902778"
"1660202170","1555195302","0.902778"
"1555195302","1848552438","0.125"
"1848552438","1555195302","0.125"
"1555195302","2126557644","0.991667"
"2126557644","1555195302","0.991667"
"1565133950","1578109354","0.434524"
"1578109354","1565133950","0.434524"
"1565133950","1604475812","1.125"
"1604475812","1565133950","1.125"
"1565133950","1660202170","0.291667"
"1660202170","1565133950","0.291667"
"1565133950","1848552438","0.125"
"1848552438","1565133950","0.125"
"1565133950","2126557644","5.13452"
"2126557644","1565133950","5.13452"
"1578109354","1604475812","1.125"
"1604475812","1578109354","1.125"
"1578109354","1660202170","0.791667"
"1660202170","1578109354","0.791667"
"1578109354","1848552438","1.125"
"1848552438","1578109354","1.125"
"1578109354","2126557644","2.68452"
"2126557644","1578109354","2.68452"
"1604475812","1660202170","0.375"
"1660202170","1604475812","0.375"
"1604475812","1848552438","0.125"
"1848552438","1604475812","0.125"
"1604475812","2126557644","1.375"
"2126557644","1604475812","1.375"
"1660202170","1848552438","0.125"
"1848552438","1660202170","0.125"
"1660202170","2126557644","1.54167"
"2126557644","1660202170","1.54167"
"1848552438","2126557644","0.125"
"2126557644","1848552438","0.125"
"108693556","1555195302","0.111111"
"1555195302","108693556","0.111111"
"108693556","1573440853","0.611111"
"1573440853","108693556","0.611111"
"108693556","1591758264","2.11111"
"1591758264","108693556","2.11111"
"108693556","1600735852","0.111111"
"1600735852","108693556","0.111111"
"108693556","1660202170","0.111111"
"1660202170","108693556","0.111111"
"108693556","2100864493","0.111111"
"2100864493","108693556","0.111111"
"108693556","2157867633","0.111111"
"2157867633","108693556","0.111111"
"108693556","2164746077","0.111111"
"2164746077","108693556","0.111111"
"108693556","2294320291","0.111111"
"2294320291","108693556","0.111111"
"1555195302","1573440853","0.777778"
"1573440853","1555195302","0.777778"
"1555195302","1591758264","0.111111"
"1591758264","1555195302","0.111111"
"1555195302","1600735852","0.111111"
"1600735852","1555195302","0.111111"
"1555195302","2100864493","0.111111"
"2100864493","1555195302","0.111111"
"1555195302","2157867633","0.111111"
"2157867633","1555195302","0.111111"
"1555195302","2164746077","0.111111"
"2164746077","1555195302","0.111111"
"1555195302","2294320291","0.111111"
"2294320291","1555195302","0.111111"
"1573440853","1591758264","0.111111"
"1591758264","1573440853","0.111111"
"1573440853","1600735852","0.111111"
"1600735852","1573440853","0.111111"
"1573440853","1660202170","0.527778"
"1660202170","1573440853","0.527778"
"1573440853","2100864493","0.111111"
"2100864493","1573440853","0.111111"
"1573440853","2157867633","0.111111"
"2157867633","1573440853","0.111111"
"1573440853","2164746077","0.611111"
"2164746077","1573440853","0.611111"
"1573440853","2294320291","1.61111"
"2294320291","1573440853","1.61111"
"1591758264","1600735852","0.444444"
"1600735852","1591758264","0.444444"
"1591758264","1660202170","0.111111"
"1660202170","1591758264","0.111111"
"1591758264","2100864493","0.111111"
"2100864493","1591758264","0.111111"
"1591758264","2157867633","0.111111"
"2157867633","1591758264","0.111111"
"1591758264","2164746077","0.111111"
"2164746077","1591758264","0.111111"
"1591758264","2294320291","2.44444"
"2294320291","1591758264","2.44444"
"1600735852","1660202170","0.111111"
"1660202170","1600735852","0.111111"
"1600735852","2164746077","0.111111"
"2164746077","1600735852","0.111111"
"1660202170","2100864493","0.111111"
"2100864493","1660202170","0.111111"
"1660202170","2157867633","0.111111"
"2157867633","1660202170","0.111111"
"1660202170","2164746077","0.111111"
"2164746077","1660202170","0.111111"
"1660202170","2294320291","0.111111"
"2294320291","1660202170","0.111111"
"2100864493","2157867633","1.11111"
"2157867633","2100864493","1.11111"
"2100864493","2164746077","0.111111"
"2164746077","2100864493","0.111111"
"2100864493","2294320291","0.111111"
"2294320291","2100864493","0.111111"
"2157867633","2164746077","0.111111"
"2164746077","2157867633","0.111111"
"2164746077","2294320291","0.111111"
"2294320291","2164746077","0.111111"
"108693556","1565133950","0.5"
"1565133950","108693556","0.5"
"1565133950","1573440853","1.16667"
"1573440853","1565133950","1.16667"
"108693556","1483205977","1"
"1483205977","108693556","1"
"125775717","1579458556","1"
"1579458556","125775717","1"
"12886010","1604475812","1.25"
"1604475812","12886010","1.25"
"12886010","1573440853","0.75"
"1573440853","12886010","0.75"
"12886010","1660202170","0.25"
"1660202170","12886010","0.25"
"12886010","2126557644","0.25"
"2126557644","12886010","0.25"
"1573440853","1604475812","0.75"
"1604475812","1573440853","0.75"
"1573440853","2126557644","1.41667"
"2126557644","1573440853","1.41667"
"12886010","1501276147","0.5"
"1501276147","12886010","0.5"
"1501276147","1573440853","0.666667"
"1573440853","1501276147","0.666667"
"141492675","2443486955","0.333333"
"2443486955","141492675","0.333333"
"141492675","2512490571","0.642857"
"2512490571","141492675","0.642857"
"141492675","395373432","2.14286"
"395373432","141492675","2.14286"
"2443486955","2512490571","3.54167"
"2512490571","2443486955","3.54167"
"2443486955","395373432","0.333333"
"395373432","2443486955","0.333333"
"2512490571","395373432","0.47619"
"395373432","2512490571","0.47619"
"141492675","1959196639","0.97619"
"1959196639","141492675","0.97619"
"141492675","2294059327","0.47619"
"2294059327","141492675","0.47619"
"141492675","2399694944","0.309524"
"2399694944","141492675","0.309524"
"141492675","2402026604","0.166667"
"2402026604","141492675","0.166667"
"141492675","2405602807","0.166667"
"2405602807","141492675","0.166667"
"1959196639","2294059327","0.47619"
"2294059327","1959196639","0.47619"
"1959196639","2399694944","0.309524"
"2399694944","1959196639","0.309524"
"1959196639","2402026604","0.166667"
"2402026604","1959196639","0.166667"
"1959196639","2405602807","0.166667"
"2405602807","1959196639","0.166667"
"1959196639","395373432","1.80952"
"395373432","1959196639","1.80952"
"2294059327","2399694944","0.309524"
"2399694944","2294059327","0.309524"
"2294059327","2402026604","0.166667"
"2402026604","2294059327","0.166667"
"2294059327","2405602807","1.26786"
"2405602807","2294059327","1.26786"
"2294059327","395373432","0.309524"
"395373432","2294059327","0.309524"
"2399694944","2402026604","0.166667"
"2402026604","2399694944","0.166667"
"2399694944","2405602807","0.416667"
"2405602807","2399694944","0.416667"
"2399694944","395373432","0.309524"
"395373432","2399694944","0.309524"
"2402026604","2405602807","0.166667"
"2405602807","2402026604","0.166667"
"2402026604","395373432","0.166667"
"395373432","2402026604","0.166667"
"2405602807","395373432","0.166667"
"395373432","2405602807","0.166667"
"141492675","1911710854","0.142857"
"1911710854","141492675","0.142857"
"141492675","964687071","0.309524"
"964687071","141492675","0.309524"
"1911710854","1959196639","0.142857"
"1959196639","1911710854","0.142857"
"1911710854","2294059327","0.142857"
"2294059327","1911710854","0.142857"
"1911710854","2399694944","0.142857"
"2399694944","1911710854","0.142857"
"1911710854","2512490571","0.142857"
"2512490571","1911710854","0.142857"
"1911710854","395373432","0.142857"
"395373432","1911710854","0.142857"
"1911710854","964687071","0.142857"
"964687071","1911710854","0.142857"
"1959196639","2512490571","0.309524"
"2512490571","1959196639","0.309524"
"1959196639","964687071","0.434524"
"964687071","1959196639","0.434524"
"2294059327","2512490571","1.10119"
"2512490571","2294059327","1.10119"
"2294059327","964687071","3.91071"
"964687071","2294059327","3.91071"
"2399694944","2512490571","2.22619"
"2512490571","2399694944","2.22619"
"2399694944","964687071","0.142857"
"964687071","2399694944","0.142857"
"2512490571","964687071","2.60119"
"964687071","2512490571","2.60119"
"395373432","964687071","0.142857"
"964687071","395373432","0.142857"
"141492675","2619942151","0.166667"
"2619942151","141492675","0.166667"
"141492675","2761748973","0.166667"
"2761748973","141492675","0.166667"
"1959196639","2619942151","1.29167"
"2619942151","1959196639","1.29167"
"1959196639","2761748973","0.291667"
"2761748973","1959196639","0.291667"
"2294059327","2619942151","0.809524"
"2619942151","2294059327","0.809524"
"2294059327","2761748973","0.767857"
"2761748973","2294059327","0.767857"
"2512490571","2619942151","2.16667"
"2619942151","2512490571","2.16667"
"2512490571","2761748973","1.125"
"2761748973","2512490571","1.125"
"2619942151","2761748973","0.434524"
"2761748973","2619942151","0.434524"
"2619942151","964687071","0.934524"
"964687071","2619942151","0.934524"
"2761748973","964687071","0.892857"
"964687071","2761748973","0.892857"
"1483205977","2100864493","0.267857"
"2100864493","1483205977","0.267857"
"1483205977","2294059327","2.93452"
"2294059327","1483205977","2.93452"
"1483205977","2405602807","1.26786"
"2405602807","1483205977","1.26786"
"1483205977","2576826187","0.60119"
"2576826187","1483205977","0.60119"
"1483205977","2619942151","0.267857"
"2619942151","1483205977","0.267857"
"1483205977","2761748973","1.05952"
"2761748973","1483205977","1.05952"
"2100864493","2294059327","0.142857"
"2294059327","2100864493","0.142857"
"2100864493","2405602807","0.142857"
"2405602807","2100864493","0.142857"
"2100864493","2576826187","0.142857"
"2576826187","2100864493","0.142857"
"2100864493","2619942151","0.267857"
"2619942151","2100864493","0.267857"
"2100864493","2761748973","0.267857"
"2761748973","2100864493","0.267857"
"2100864493","964687071","0.267857"
"964687071","2100864493","0.267857"
"2294059327","2576826187","0.434524"
"2576826187","2294059327","0.434524"
"2405602807","2576826187","0.684524"
"2576826187","2405602807","0.684524"
"2405602807","2619942151","0.142857"
"2619942151","2405602807","0.142857"
"2405602807","2761748973","0.60119"
"2761748973","2405602807","0.60119"
"2405602807","964687071","1.93452"
"964687071","2405602807","1.93452"
"2576826187","2619942151","0.142857"
"2619942151","2576826187","0.142857"
"2576826187","2761748973","2.10119"
"2761748973","2576826187","2.10119"
"2576826187","964687071","0.934524"
"964687071","2576826187","0.934524"
"1483205977","2443486955","0.958333"
"2443486955","1483205977","0.958333"
"2405602807","2443486955","1.54167"
"2443486955","2405602807","1.54167"
"2443486955","964687071","2.79167"
"964687071","2443486955","2.79167"
"1483205977","2512490571","2.625"
"2512490571","1483205977","2.625"
"2443486955","2576826187","4.20833"
"2576826187","2443486955","4.20833"
"2512490571","2576826187","3.20833"
"2576826187","2512490571","3.20833"
"1483205977","1579458556","0.333333"
"1579458556","1483205977","0.333333"
"1483205977","2402026604","0.333333"
"2402026604","1483205977","0.333333"
"1483205977","2594879516","0.333333"
"2594879516","1483205977","0.333333"
"1579458556","2402026604","0.833333"
"2402026604","1579458556","0.833333"
"1579458556","2594879516","0.333333"
"2594879516","1579458556","0.333333"
"2402026604","2594879516","0.333333"
"2594879516","2402026604","0.333333"
"1483205977","1756261662","0.125"
"1756261662","1483205977","0.125"
"1483205977","1959196639","0.125"
"1959196639","1483205977","0.125"
"1483205977","1968566744","0.125"
"1968566744","1483205977","0.125"
"1483205977","2401750056","0.125"
"2401750056","1483205977","0.125"
"1756261662","1959196639","0.125"
"1959196639","1756261662","0.125"
"1756261662","1968566744","0.458333"
"1968566744","1756261662","0.458333"
"1756261662","2100864493","0.125"
"2100864493","1756261662","0.125"
"1756261662","2619942151","0.125"
"2619942151","1756261662","0.125"
"1756261662","2761748973","0.125"
"2761748973","1756261662","0.125"
"1756261662","964687071","0.125"
"964687071","1756261662","0.125"
"1959196639","1968566744","0.125"
"1968566744","1959196639","0.125"
"1959196639","2100864493","0.125"
"2100864493","1959196639","0.125"
"1959196639","2401750056","0.125"
"2401750056","1959196639","0.125"
"1968566744","2100864493","0.125"
"2100864493","1968566744","0.125"
"1968566744","2401750056","0.458333"
"2401750056","1968566744","0.458333"
"1968566744","2619942151","0.125"
"2619942151","1968566744","0.125"
"1968566744","2761748973","0.125"
"2761748973","1968566744","0.125"
"1968566744","964687071","0.125"
"964687071","1968566744","0.125"
"2100864493","2401750056","0.625"
"2401750056","2100864493","0.625"
"2401750056","2619942151","0.125"
"2619942151","2401750056","0.125"
"2401750056","2761748973","0.125"
"2761748973","2401750056","0.125"
"2401750056","964687071","0.125"
"964687071","2401750056","0.125"
"1483205977","2135436167","0.5"
"2135436167","1483205977","0.5"
"2135436167","964687071","0.5"
"964687071","2135436167","0.5"
"2294059327","2443486955","0.458333"
"2443486955","2294059327","0.458333"
"2405602807","2512490571","1.04167"
"2512490571","2405602807","1.04167"
"2443486955","2761748973","0.958333"
"2761748973","2443486955","0.958333"
"1483205977","2578049673","0.625"
"2578049673","1483205977","0.625"
"2578049673","2761748973","2.95833"
"2761748973","2578049673","2.95833"
"2294059327","2578049673","0.291667"
"2578049673","2294059327","0.291667"
"2405602807","2578049673","0.291667"
"2578049673","2405602807","0.291667"
"2443486955","2578049673","1.79167"
"2578049673","2443486955","1.79167"
"2512490571","2578049673","0.791667"
"2578049673","2512490571","0.791667"
"2576826187","2578049673","1.95833"
"2578049673","2576826187","1.95833"
"2578049673","964687071","0.291667"
"964687071","2578049673","0.291667"
"1573440853","1578109354","2.16667"
"1578109354","1573440853","2.16667"
"1501276147","1560601079","0.342857"
"1560601079","1501276147","0.342857"
"1501276147","1579458556","0.142857"
"1579458556","1501276147","0.142857"
"1501276147","171784999","0.142857"
"171784999","1501276147","0.142857"
"1501276147","1911710854","0.142857"
"1911710854","1501276147","0.142857"
"1560601079","1565133950","0.342857"
"1565133950","1560601079","0.342857"
"1560601079","171784999","0.892857"
"171784999","1560601079","0.892857"
"1560601079","2126557644","0.342857"
"2126557644","1560601079","0.342857"
"1565133950","1579458556","0.142857"
"1579458556","1565133950","0.142857"
"1565133950","171784999","0.142857"
"171784999","1565133950","0.142857"
"1565133950","1911710854","0.142857"
"1911710854","1565133950","0.142857"
"1578109354","171784999","0.892857"
"171784999","1578109354","0.892857"
"1579458556","171784999","0.642857"
"171784999","1579458556","0.642857"
"1579458556","2126557644","0.392857"
"2126557644","1579458556","0.392857"
"171784999","1911710854","0.142857"
"1911710854","171784999","0.142857"
"171784999","2126557644","0.142857"
"2126557644","171784999","0.142857"
"1911710854","2126557644","0.142857"
"2126557644","1911710854","0.142857"
"1501276147","1796430495","0.2"
"1796430495","1501276147","0.2"
"1555195302","1560601079","0.2"
"1560601079","1555195302","0.2"
"1555195302","1796430495","1.2"
"1796430495","1555195302","1.2"
"1560601079","1796430495","0.2"
"1796430495","1560601079","0.2"
"1565133950","1796430495","0.2"
"1796430495","1565133950","0.2"
"1796430495","2126557644","2.7"
"2126557644","1796430495","2.7"
"1521426452","1660202170","1"
"1660202170","1521426452","1"
"1521426452","1796430495","1"
"1796430495","1521426452","1"
"1521426452","2126557644","0.5"
"2126557644","1521426452","0.5"
"1521426452","1848552438","0.5"
"1848552438","1521426452","0.5"
"1796430495","1848552438","0.5"
"1848552438","1796430495","0.5"
"1560601079","1562164359","1.25"
"1562164359","1560601079","1.25"
"1560601079","1591758264","1.25"
"1591758264","1560601079","1.25"
"1560601079","1717366613","0.25"
"1717366613","1560601079","0.25"
"1560601079","2294131806","0.25"
"2294131806","1560601079","0.25"
"1579458556","1591758264","0.25"
"1591758264","1579458556","0.25"
"1579458556","1717366613","3"
"1717366613","1579458556","3"
"1579458556","2294131806","0.25"
"2294131806","1579458556","0.25"
"1591758264","1717366613","0.25"
"1717366613","1591758264","0.25"
"1591758264","2294131806","0.583333"
"2294131806","1591758264","0.583333"
"1562164359","1578109354","0.25"
"1578109354","1562164359","0.25"
"1562164359","171784999","0.25"
"171784999","1562164359","0.25"
"1562164359","2157867633","0.25"
"2157867633","1562164359","0.25"
"171784999","2157867633","1.75"
"2157867633","171784999","1.75"
"1560601079","1573440853","1.5"
"1573440853","1560601079","1.5"
"1560601079","1604475812","0.5"
"1604475812","1560601079","0.5"
"1562164359","1796430495","2"
"1796430495","1562164359","2"
"1565133950","998886048","1"
"998886048","1565133950","1"
"1565133950","2135436167","1"
"2135436167","1565133950","1"
"1573440853","2294131806","1"
"2294131806","1573440853","1"
"1573440853","263998227","0.5"
"263998227","1573440853","0.5"
"2294131806","2294320291","0.833333"
"2294320291","2294131806","0.833333"
"1573440853","1717366613","0.5"
"1717366613","1573440853","0.5"
"1717366613","2164746077","1.25"
"2164746077","1717366613","1.25"
"1578109354","1717366613","0.25"
"1717366613","1578109354","0.25"
"1578109354","2164746077","0.25"
"2164746077","1578109354","0.25"
"1579458556","2164746077","1.25"
"2164746077","1579458556","1.25"
"1717366613","2126557644","0.25"
"2126557644","1717366613","0.25"
"2126557644","2164746077","0.25"
"2164746077","2126557644","0.25"
"1579458556","2100864493","3"
"2100864493","1579458556","3"
"2157867633","2402026604","0.5"
"2402026604","2157867633","0.5"
"1579458556","1968566744","0.5"
"1968566744","1579458556","0.5"
"1968566744","2164746077","0.5"
"2164746077","1968566744","0.5"
"1600735852","2135436167","0.333333"
"2135436167","1600735852","0.333333"
"1717366613","2135436167","0.666667"
"2135436167","1717366613","0.666667"
"1911710854","2135436167","0.666667"
"2135436167","1911710854","0.666667"
"1600735852","1756261662","0.333333"
"1756261662","1600735852","0.333333"
"1600735852","1968566744","0.333333"
"1968566744","1600735852","0.333333"
"1600735852","2401750056","0.333333"
"2401750056","1600735852","0.333333"
"1717366613","171784999","1"
"171784999","1717366613","1"
"1717366613","2100864493","0.333333"
"2100864493","1717366613","0.333333"
"1911710854","2100864493","0.833333"
"2100864493","1911710854","0.833333"
"2100864493","2135436167","0.333333"
"2135436167","2100864493","0.333333"
"1911710854","2401750056","0.5"
"2401750056","1911710854","0.5"
"2126557644","2157867633","1"
"2157867633","2126557644","1"
"2135436167","2512490571","1"
"2512490571","2135436167","1"
"2399694944","2443486955","1.08333"
"2443486955","2399694944","1.08333"
"2399694944","2576826187","0.583333"
"2576826187","2399694944","0.583333"
"2621740759","998886048","1"
"998886048","2621740759","1"
