"1496970916","1539415901","2"
"1539415901","1496970916","2"
"1496970916","2149122409","1"
"2149122409","1496970916","1"
"1496970916","2111128099","0.333333"
"2111128099","1496970916","0.333333"
"1496970916","2118265701","0.333333"
"2118265701","1496970916","0.333333"
"1496970916","2166855749","0.333333"
"2166855749","1496970916","0.333333"
"2111128099","2118265701","3.93333"
"2118265701","2111128099","3.93333"
"2111128099","2166855749","6.43333"
"2166855749","2111128099","6.43333"
"2118265701","2166855749","7.83571"
"2166855749","2118265701","7.83571"
"1496970916","1597494089","0.333333"
"1597494089","1496970916","0.333333"
"1496970916","1975880767","0.333333"
"1975880767","1496970916","0.333333"
"1496970916","2097880343","0.333333"
"2097880343","1496970916","0.333333"
"1597494089","1975880767","1.69841"
"1975880767","1597494089","1.69841"
"1597494089","2097880343","1.80952"
"2097880343","1597494089","1.80952"
"1975880767","2097880343","0.47619"
"2097880343","1975880767","0.47619"
"1534892157","1813593528","1.36111"
"1813593528","1534892157","1.36111"
"1534892157","2089876754","2.52778"
"2089876754","1534892157","2.52778"
"1534892157","2162765190","2.86111"
"2162765190","1534892157","2.86111"
"1534892157","2166983497","0.777778"
"2166983497","1534892157","0.777778"
"2089876754","2162765190","9.02778"
"2162765190","2089876754","9.02778"
"2089876754","2166983497","0.444444"
"2166983497","2089876754","0.444444"
"2162765190","2166983497","0.777778"
"2166983497","2162765190","0.777778"
"1534892157","1975880767","0.5"
"1975880767","1534892157","0.5"
"1534892157","2089959302","1.5"
"2089959302","1534892157","1.5"
"1975880767","2089959302","0.5"
"2089959302","1975880767","0.5"
"1534892157","1941007217","2.58333"
"1941007217","1534892157","2.58333"
"1534892157","1550284131","0.111111"
"1550284131","1534892157","0.111111"
"1534892157","1657092947","0.111111"
"1657092947","1534892157","0.111111"
"1534892157","2097280721","0.111111"
"2097280721","1534892157","0.111111"
"1534892157","2097880343","0.111111"
"2097880343","1534892157","0.111111"
"1534892157","2139715833","0.111111"
"2139715833","1534892157","0.111111"
"1550284131","1657092947","0.706349"
"1657092947","1550284131","0.706349"
"1550284131","1813593528","0.111111"
"1813593528","1550284131","0.111111"
"1550284131","2089876754","0.111111"
"2089876754","1550284131","0.111111"
"1550284131","2097280721","2.9381"
"2097280721","1550284131","2.9381"
"1550284131","2097880343","1.18254"
"2097880343","1550284131","1.18254"
"1550284131","2139715833","1.5"
"2139715833","1550284131","1.5"
"1550284131","2162765190","0.111111"
"2162765190","1550284131","0.111111"
"1550284131","2166983497","3.92857"
"2166983497","1550284131","3.92857"
"1657092947","1813593528","0.111111"
"1813593528","1657092947","0.111111"
"1657092947","2089876754","0.111111"
"2089876754","1657092947","0.111111"
"1657092947","2097280721","3.03968"
"2097280721","1657092947","3.03968"
"1657092947","2097880343","2.53968"
"2097880343","1657092947","2.53968"
"1657092947","2139715833","2.11111"
"2139715833","1657092947","2.11111"
"1657092947","2162765190","0.111111"
"2162765190","1657092947","0.111111"
"1657092947","2166983497","0.396825"
"2166983497","1657092947","0.396825"
"1813593528","2089876754","0.861111"
"2089876754","1813593528","0.861111"
"1813593528","2097280721","0.111111"
"2097280721","1813593528","0.111111"
"1813593528","2097880343","0.111111"
"2097880343","1813593528","0.111111"
"1813593528","2139715833","0.111111"
"2139715833","1813593528","0.111111"
"1813593528","2162765190","0.861111"
"2162765190","1813593528","0.861111"
"1813593528","2166983497","0.111111"
"2166983497","1813593528","0.111111"
"2089876754","2097280721","0.111111"
"2097280721","2089876754","0.111111"
"2089876754","2097880343","0.111111"
"2097880343","2089876754","0.111111"
"2089876754","2139715833","0.111111"
"2139715833","2089876754","0.111111"
"2097280721","2097880343","6.18254"
"2097880343","2097280721","6.18254"
"2097280721","2139715833","0.866667"
"2139715833","2097280721","0.866667"
"2097280721","2162765190","0.111111"
"2162765190","2097280721","0.111111"
"2097280721","2166983497","4.93615"
"2166983497","2097280721","4.93615"
"2097880343","2139715833","0.111111"
"2139715833","2097880343","0.111111"
"2097880343","2162765190","0.111111"
"2162765190","2097880343","0.111111"
"2097880343","2166983497","1.53968"
"2166983497","2097880343","1.53968"
"2139715833","2162765190","0.111111"
"2162765190","2139715833","0.111111"
"2139715833","2166983497","0.5"
"2166983497","2139715833","0.5"
"1813593528","1941007217","2.25"
"1941007217","1813593528","2.25"
"1941007217","2089876754","0.583333"
"2089876754","1941007217","0.583333"
"1941007217","2162765190","0.583333"
"2162765190","1941007217","0.583333"
"1534892157","2613177172","0.333333"
"2613177172","1534892157","0.333333"
"2162765190","2613177172","0.333333"
"2613177172","2162765190","0.333333"
"2166983497","2613177172","0.531746"
"2613177172","2166983497","0.531746"
"1539415901","2097280721","1"
"2097280721","1539415901","1"
"1539415901","2166983497","1"
"2166983497","1539415901","1"
"1550179261","2149122409","4"
"2149122409","1550179261","4"
"1550179261","1597494089","0.5"
"1597494089","1550179261","0.5"
"1597494089","2149122409","0.755556"
"2149122409","1597494089","0.755556"
"1550179261","2135826346","2.5"
"2135826346","1550179261","2.5"
"2135826346","2149122409","0.75"
"2149122409","2135826346","0.75"
"1550284131","16838906","0.842857"
"16838906","1550284131","0.842857"
"1550284131","2111128099","0.2"
"2111128099","1550284131","0.2"
"1550284131","2112144328","0.67619"
"2112144328","1550284131","0.67619"
"1550284131","65091138","0.2"
"65091138","1550284131","0.2"
"16838906","2097280721","0.787302"
"2097280721","16838906","0.787302"
"16838906","2111128099","0.7"
"2111128099","16838906","0.7"
"16838906","2112144328","7.38016"
"2112144328","16838906","7.38016"
"16838906","65091138","1.87619"
"65091138","16838906","1.87619"
"2097280721","2111128099","0.366667"
"2111128099","2097280721","0.366667"
"2097280721","2112144328","0.711544"
"2112144328","2097280721","0.711544"
"2097280721","65091138","0.366667"
"65091138","2097280721","0.366667"
"2111128099","2112144328","0.7"
"2112144328","2111128099","0.7"
"2111128099","65091138","3.4"
"65091138","2111128099","3.4"
"2112144328","65091138","0.87619"
"65091138","2112144328","0.87619"
"1550284131","1995471038","1.38889"
"1995471038","1550284131","1.38889"
"1550284131","2149122409","1.53175"
"2149122409","1550284131","1.53175"
"1550284131","2161159200","0.888889"
"2161159200","1550284131","0.888889"
"1995471038","2149122409","0.888889"
"2149122409","1995471038","0.888889"
"1995471038","2161159200","12.6143"
"2161159200","1995471038","12.6143"
"2149122409","2161159200","0.388889"
"2161159200","2149122409","0.388889"
"1550284131","2119368079","0.555556"
"2119368079","1550284131","0.555556"
"2119368079","2149122409","1.55556"
"2149122409","2119368079","1.55556"
"1550284131","2613177172","0.198413"
"2613177172","1550284131","0.198413"
"1550284131","71682066","0.198413"
"71682066","1550284131","0.198413"
"1657092947","2149122409","0.142857"
"2149122409","1657092947","0.142857"
"1657092947","2613177172","0.142857"
"2613177172","1657092947","0.142857"
"1657092947","71682066","0.142857"
"71682066","1657092947","0.142857"
"2097280721","2149122409","0.398413"
"2149122409","2097280721","0.398413"
"2097280721","2613177172","0.198413"
"2613177172","2097280721","0.198413"
"2097280721","71682066","0.198413"
"71682066","2097280721","0.198413"
"2097880343","2149122409","1.14286"
"2149122409","2097880343","1.14286"
"2097880343","2613177172","0.142857"
"2613177172","2097880343","0.142857"
"2097880343","71682066","0.142857"
"71682066","2097880343","0.142857"
"2149122409","2166983497","0.198413"
"2166983497","2149122409","0.198413"
"2149122409","2613177172","0.198413"
"2613177172","2149122409","0.198413"
"2149122409","71682066","0.198413"
"71682066","2149122409","0.198413"
"2166983497","71682066","0.198413"
"71682066","2166983497","0.198413"
"2613177172","71682066","0.198413"
"71682066","2613177172","0.198413"
"1550284131","2133554125","0.5"
"2133554125","1550284131","0.5"
"2133554125","2139715833","1"
"2139715833","2133554125","1"
"1550284131","1597494089","0.865079"
"1597494089","1550284131","0.865079"
"1550284131","1663439106","0.142857"
"1663439106","1550284131","0.142857"
"1550284131","1975880767","0.531746"
"1975880767","1550284131","0.531746"
"1550284131","2065993338","0.142857"
"2065993338","1550284131","0.142857"
"1597494089","1663439106","0.142857"
"1663439106","1597494089","0.142857"
"1597494089","2065993338","0.733766"
"2065993338","1597494089","0.733766"
"1597494089","2097280721","1.07266"
"2097280721","1597494089","1.07266"
"1597494089","2166983497","2.87266"
"2166983497","1597494089","2.87266"
"1663439106","1975880767","0.142857"
"1975880767","1663439106","0.142857"
"1663439106","2065993338","1.39286"
"2065993338","1663439106","1.39286"
"1663439106","2097280721","0.142857"
"2097280721","1663439106","0.142857"
"1663439106","2097880343","0.142857"
"2097880343","1663439106","0.142857"
"1663439106","2166983497","0.142857"
"2166983497","1663439106","0.142857"
"1975880767","2065993338","0.642857"
"2065993338","1975880767","0.642857"
"1975880767","2097280721","0.198413"
"2097280721","1975880767","0.198413"
"1975880767","2166983497","0.865079"
"2166983497","1975880767","0.865079"
"2065993338","2097280721","0.233766"
"2097280721","2065993338","0.233766"
"2065993338","2097880343","0.142857"
"2097880343","2065993338","0.142857"
"2065993338","2166983497","0.233766"
"2166983497","2065993338","0.233766"
"1550284131","2398168515","0.388889"
"2398168515","1550284131","0.388889"
"1597494089","2398168515","0.479798"
"2398168515","1597494089","0.479798"
"2166983497","2398168515","0.479798"
"2398168515","2166983497","0.479798"
"1550284131","2130845295","0.333333"
"2130845295","1550284131","0.333333"
"16838906","2130845295","1.86111"
"2130845295","16838906","1.86111"
"2112144328","2130845295","3.36111"
"2130845295","2112144328","3.36111"
"1550284131","2058254784","0.0555556"
"2058254784","1550284131","0.0555556"
"1550284131","2096109431","0.0555556"
"2096109431","1550284131","0.0555556"
"1550284131","2155369572","0.0555556"
"2155369572","1550284131","0.0555556"
"1550284131","2165193650","0.0555556"
"2165193650","1550284131","0.0555556"
"1550284131","2261000915","0.198413"
"2261000915","1550284131","0.198413"
"1550284131","2280230190","0.198413"
"2280230190","1550284131","0.198413"
"1597494089","1995471038","0.396465"
"1995471038","1597494089","0.396465"
"1597494089","2058254784","0.0555556"
"2058254784","1597494089","0.0555556"
"1597494089","2096109431","0.0555556"
"2096109431","1597494089","0.0555556"
"1597494089","2119368079","0.388889"
"2119368079","1597494089","0.388889"
"1597494089","2139715833","0.255556"
"2139715833","1597494089","0.255556"
"1597494089","2155369572","0.146465"
"2155369572","1597494089","0.146465"
"1597494089","2161159200","0.396465"
"2161159200","1597494089","0.396465"
"1597494089","2165193650","0.146465"
"2165193650","1597494089","0.146465"
"1597494089","2261000915","0.346465"
"2261000915","1597494089","0.346465"
"1597494089","2280230190","0.346465"
"2280230190","1597494089","0.346465"
"1597494089","2613177172","0.0555556"
"2613177172","1597494089","0.0555556"
"1597494089","71682066","0.0555556"
"71682066","1597494089","0.0555556"
"1975880767","1995471038","0.0555556"
"1995471038","1975880767","0.0555556"
"1975880767","2058254784","0.0555556"
"2058254784","1975880767","0.0555556"
"1975880767","2096109431","0.0555556"
"2096109431","1975880767","0.0555556"
"1975880767","2119368079","0.388889"
"2119368079","1975880767","0.388889"
"1975880767","2139715833","0.0555556"
"2139715833","1975880767","0.0555556"
"1975880767","2149122409","0.0555556"
"2149122409","1975880767","0.0555556"
"1975880767","2155369572","0.0555556"
"2155369572","1975880767","0.0555556"
"1975880767","2161159200","0.0555556"
"2161159200","1975880767","0.0555556"
"1975880767","2165193650","0.0555556"
"2165193650","1975880767","0.0555556"
"1975880767","2261000915","0.0555556"
"2261000915","1975880767","0.0555556"
"1975880767","2280230190","0.0555556"
"2280230190","1975880767","0.0555556"
"1975880767","2398168515","0.0555556"
"2398168515","1975880767","0.0555556"
"1975880767","2613177172","0.0555556"
"2613177172","1975880767","0.0555556"
"1975880767","71682066","0.0555556"
"71682066","1975880767","0.0555556"
"1995471038","2058254784","2.02341"
"2058254784","1995471038","2.02341"
"1995471038","2096109431","1.44008"
"2096109431","1995471038","1.44008"
"1995471038","2097280721","0.396465"
"2097280721","1995471038","0.396465"
"1995471038","2119368079","2.53175"
"2119368079","1995471038","2.53175"
"1995471038","2139715833","0.0555556"
"2139715833","1995471038","0.0555556"
"1995471038","2155369572","0.146465"
"2155369572","1995471038","0.146465"
"1995471038","2165193650","1.19766"
"2165193650","1995471038","1.19766"
"1995471038","2166983497","0.896465"
"2166983497","1995471038","0.896465"
"1995471038","2261000915","0.146465"
"2261000915","1995471038","0.146465"
"1995471038","2280230190","0.146465"
"2280230190","1995471038","0.146465"
"1995471038","2398168515","0.146465"
"2398168515","1995471038","0.146465"
"1995471038","2613177172","0.0555556"
"2613177172","1995471038","0.0555556"
"1995471038","71682066","0.0555556"
"71682066","1995471038","0.0555556"
"2058254784","2096109431","2.77266"
"2096109431","2058254784","2.77266"
"2058254784","2097280721","0.0555556"
"2097280721","2058254784","0.0555556"
"2058254784","2119368079","3.36508"
"2119368079","2058254784","3.36508"
"2058254784","2139715833","0.0555556"
"2139715833","2058254784","0.0555556"
"2058254784","2149122409","0.555556"
"2149122409","2058254784","0.555556"
"2058254784","2155369572","0.0555556"
"2155369572","2058254784","0.0555556"
"2058254784","2161159200","2.02341"
"2161159200","2058254784","2.02341"
"2058254784","2165193650","4.62265"
"2165193650","2058254784","4.62265"
"2058254784","2166983497","0.0555556"
"2166983497","2058254784","0.0555556"
"2058254784","2261000915","0.0555556"
"2261000915","2058254784","0.0555556"
"2058254784","2280230190","0.0555556"
"2280230190","2058254784","0.0555556"
"2058254784","2398168515","0.180556"
"2398168515","2058254784","0.180556"
"2058254784","2613177172","0.0555556"
"2613177172","2058254784","0.0555556"
"2058254784","71682066","0.0555556"
"71682066","2058254784","0.0555556"
"2096109431","2097280721","0.222222"
"2097280721","2096109431","0.222222"
"2096109431","2119368079","1.03175"
"2119368079","2096109431","1.03175"
"2096109431","2139715833","0.0555556"
"2139715833","2096109431","0.0555556"
"2096109431","2149122409","0.0555556"
"2149122409","2096109431","0.0555556"
"2096109431","2155369572","0.622222"
"2155369572","2096109431","0.622222"
"2096109431","2161159200","1.44008"
"2161159200","2096109431","1.44008"
"2096109431","2165193650","4.10599"
"2165193650","2096109431","4.10599"
"2096109431","2166983497","0.0555556"
"2166983497","2096109431","0.0555556"
"2096109431","2261000915","0.0555556"
"2261000915","2096109431","0.0555556"
"2096109431","2280230190","0.255556"
"2280230190","2096109431","0.255556"
"2096109431","2398168515","1.22341"
"2398168515","2096109431","1.22341"
"2096109431","2613177172","0.0555556"
"2613177172","2096109431","0.0555556"
"2096109431","71682066","0.0555556"
"71682066","2096109431","0.0555556"
"2097280721","2119368079","0.0555556"
"2119368079","2097280721","0.0555556"
"2097280721","2155369572","0.146465"
"2155369572","2097280721","0.146465"
"2097280721","2161159200","0.396465"
"2161159200","2097280721","0.396465"
"2097280721","2165193650","0.146465"
"2165193650","2097280721","0.146465"
"2097280721","2261000915","0.489322"
"2261000915","2097280721","0.489322"
"2097280721","2280230190","0.489322"
"2280230190","2097280721","0.489322"
"2097280721","2398168515","0.146465"
"2398168515","2097280721","0.146465"
"2119368079","2139715833","0.0555556"
"2139715833","2119368079","0.0555556"
"2119368079","2155369572","0.388889"
"2155369572","2119368079","0.388889"
"2119368079","2161159200","1.03175"
"2161159200","2119368079","1.03175"
"2119368079","2165193650","2.03175"
"2165193650","2119368079","2.03175"
"2119368079","2166983497","0.388889"
"2166983497","2119368079","0.388889"
"2119368079","2261000915","0.0555556"
"2261000915","2119368079","0.0555556"
"2119368079","2280230190","0.0555556"
"2280230190","2119368079","0.0555556"
"2119368079","2398168515","0.0555556"
"2398168515","2119368079","0.0555556"
"2119368079","2613177172","0.0555556"
"2613177172","2119368079","0.0555556"
"2119368079","71682066","0.0555556"
"71682066","2119368079","0.0555556"
"2139715833","2149122409","0.255556"
"2149122409","2139715833","0.255556"
"2139715833","2155369572","0.0555556"
"2155369572","2139715833","0.0555556"
"2139715833","2161159200","0.0555556"
"2161159200","2139715833","0.0555556"
"2139715833","2165193650","0.0555556"
"2165193650","2139715833","0.0555556"
"2139715833","2261000915","0.255556"
"2261000915","2139715833","0.255556"
"2139715833","2280230190","0.255556"
"2280230190","2139715833","0.255556"
"2139715833","2398168515","0.0555556"
"2398168515","2139715833","0.0555556"
"2139715833","2613177172","0.0555556"
"2613177172","2139715833","0.0555556"
"2139715833","71682066","0.0555556"
"71682066","2139715833","0.0555556"
"2149122409","2155369572","0.0555556"
"2155369572","2149122409","0.0555556"
"2149122409","2165193650","1.05556"
"2165193650","2149122409","1.05556"
"2149122409","2261000915","0.255556"
"2261000915","2149122409","0.255556"
"2149122409","2280230190","0.255556"
"2280230190","2149122409","0.255556"
"2149122409","2398168515","0.0555556"
"2398168515","2149122409","0.0555556"
"2155369572","2161159200","0.146465"
"2161159200","2155369572","0.146465"
"2155369572","2165193650","0.146465"
"2165193650","2155369572","0.146465"
"2155369572","2166983497","0.146465"
"2166983497","2155369572","0.146465"
"2155369572","2261000915","0.479798"
"2261000915","2155369572","0.479798"
"2155369572","2280230190","0.679798"
"2280230190","2155369572","0.679798"
"2155369572","2398168515","1.8798"
"2398168515","2155369572","1.8798"
"2155369572","2613177172","0.0555556"
"2613177172","2155369572","0.0555556"
"2155369572","71682066","0.180556"
"71682066","2155369572","0.180556"
"2161159200","2165193650","1.19766"
"2165193650","2161159200","1.19766"
"2161159200","2166983497","0.896465"
"2166983497","2161159200","0.896465"
"2161159200","2261000915","0.146465"
"2261000915","2161159200","0.146465"
"2161159200","2280230190","0.146465"
"2280230190","2161159200","0.146465"
"2161159200","2398168515","0.146465"
"2398168515","2161159200","0.146465"
"2161159200","2613177172","0.0555556"
"2613177172","2161159200","0.0555556"
"2161159200","71682066","0.0555556"
"71682066","2161159200","0.0555556"
"2165193650","2166983497","0.146465"
"2166983497","2165193650","0.146465"
"2165193650","2261000915","0.146465"
"2261000915","2165193650","0.146465"
"2165193650","2280230190","0.146465"
"2280230190","2165193650","0.146465"
"2165193650","2398168515","0.771465"
"2398168515","2165193650","0.771465"
"2165193650","2613177172","0.0555556"
"2613177172","2165193650","0.0555556"
"2165193650","71682066","0.0555556"
"71682066","2165193650","0.0555556"
"2166983497","2261000915","0.289322"
"2261000915","2166983497","0.289322"
"2166983497","2280230190","0.289322"
"2280230190","2166983497","0.289322"
"2261000915","2280230190","15.4893"
"2280230190","2261000915","15.4893"
"2261000915","2398168515","0.479798"
"2398168515","2261000915","0.479798"
"2261000915","2613177172","0.555556"
"2613177172","2261000915","0.555556"
"2261000915","71682066","0.0555556"
"71682066","2261000915","0.0555556"
"2280230190","2398168515","2.6798"
"2398168515","2280230190","2.6798"
"2280230190","2613177172","0.755556"
"2613177172","2280230190","0.755556"
"2280230190","71682066","0.0555556"
"71682066","2280230190","0.0555556"
"2398168515","2613177172","0.0555556"
"2613177172","2398168515","0.0555556"
"2398168515","71682066","0.0555556"
"71682066","2398168515","0.0555556"
"1550284131","2104240393","0.309524"
"2104240393","1550284131","0.309524"
"1550284131","2951181037","0.452381"
"2951181037","1550284131","0.452381"
"1657092947","16838906","0.309524"
"16838906","1657092947","0.309524"
"1657092947","2104240393","0.642857"
"2104240393","1657092947","0.642857"
"1657092947","2112144328","0.142857"
"2112144328","1657092947","0.142857"
"1657092947","2951181037","1.03571"
"2951181037","1657092947","1.03571"
"16838906","2097880343","0.309524"
"2097880343","16838906","0.309524"
"16838906","2104240393","0.47619"
"2104240393","16838906","0.47619"
"16838906","2951181037","0.309524"
"2951181037","16838906","0.309524"
"2097280721","2104240393","0.642857"
"2104240393","2097280721","0.642857"
"2097280721","2951181037","0.452381"
"2951181037","2097280721","0.452381"
"2097880343","2104240393","0.642857"
"2104240393","2097880343","0.642857"
"2097880343","2112144328","0.142857"
"2112144328","2097880343","0.142857"
"2097880343","2951181037","0.452381"
"2951181037","2097880343","0.452381"
"2104240393","2112144328","0.309524"
"2112144328","2104240393","0.309524"
"2104240393","2951181037","0.309524"
"2951181037","2104240393","0.309524"
"2112144328","2951181037","0.142857"
"2951181037","2112144328","0.142857"
"1550284131","2182731056","0.333333"
"2182731056","1550284131","0.333333"
"2139715833","2182731056","0.333333"
"2182731056","2139715833","0.333333"
"2166983497","2182731056","0.333333"
"2182731056","2166983497","0.333333"
"1550284131","2113447855","1"
"2113447855","1550284131","1"
"1657092947","2261000915","0.142857"
"2261000915","1657092947","0.142857"
"1657092947","2280230190","0.142857"
"2280230190","1657092947","0.142857"
"2097880343","2261000915","0.142857"
"2261000915","2097880343","0.142857"
"2097880343","2280230190","0.142857"
"2280230190","2097880343","0.142857"
"2166983497","2951181037","0.142857"
"2951181037","2166983497","0.142857"
"2261000915","2951181037","0.142857"
"2951181037","2261000915","0.142857"
"2280230190","2951181037","0.142857"
"2951181037","2280230190","0.142857"
"1552717651","2034964304","2.06869"
"2034964304","1552717651","2.06869"
"1552717651","2035006988","1.6298"
"2035006988","1552717651","1.6298"
"1552717651","2126980087","7.42778"
"2126980087","1552717651","7.42778"
"1552717651","2130845295","1.20758"
"2130845295","1552717651","1.20758"
"1552717651","2152198818","0.60202"
"2152198818","1552717651","0.60202"
"2034964304","2035006988","1.41869"
"2035006988","2034964304","1.41869"
"2034964304","2126980087","0.533333"
"2126980087","2034964304","0.533333"
"2034964304","2130845295","0.790909"
"2130845295","2034964304","0.790909"
"2034964304","2152198818","0.40202"
"2152198818","2034964304","0.40202"
"2035006988","2126980087","1.26111"
"2126980087","2035006988","1.26111"
"2035006988","2130845295","6.79646"
"2130845295","2035006988","6.79646"
"2035006988","2152198818","4.48258"
"2152198818","2035006988","4.48258"
"2126980087","2130845295","0.45"
"2130845295","2126980087","0.45"
"2126980087","2152198818","0.4"
"2152198818","2126980087","0.4"
"2130845295","2152198818","4.54646"
"2152198818","2130845295","4.54646"
"1552717651","2161383568","2"
"2161383568","1552717651","2"
"1552717651","1594122454","0.5"
"1594122454","1552717651","0.5"
"1552717651","2105679648","2.88056"
"2105679648","1552717651","2.88056"
"1552717651","2138411791","2.04722"
"2138411791","1552717651","2.04722"
"1552717651","2143682328","0.166667"
"2143682328","1552717651","0.166667"
"1552717651","2165193650","0.590909"
"2165193650","1552717651","0.590909"
"1594122454","2105679648","0.611111"
"2105679648","1594122454","0.611111"
"1594122454","2130845295","0.587302"
"2130845295","1594122454","0.587302"
"1594122454","2138411791","0.611111"
"2138411791","1594122454","0.611111"
"1594122454","2143682328","0.67619"
"2143682328","1594122454","0.67619"
"1594122454","2165193650","0.309524"
"2165193650","1594122454","0.309524"
"2105679648","2130845295","0.277778"
"2130845295","2105679648","0.277778"
"2105679648","2138411791","7.29167"
"2138411791","2105679648","7.29167"
"2105679648","2143682328","0.166667"
"2143682328","2105679648","0.166667"
"2105679648","2165193650","0.6"
"2165193650","2105679648","0.6"
"2130845295","2138411791","0.277778"
"2138411791","2130845295","0.277778"
"2130845295","2143682328","0.97619"
"2143682328","2130845295","0.97619"
"2130845295","2165193650","0.400433"
"2165193650","2130845295","0.400433"
"2138411791","2143682328","0.166667"
"2143682328","2138411791","0.166667"
"2138411791","2165193650","0.6"
"2165193650","2138411791","0.6"
"2143682328","2165193650","0.309524"
"2165193650","2143682328","0.309524"
"1552717651","1557838010","0.680556"
"1557838010","1552717651","0.680556"
"1552717651","1600151528","0.535354"
"1600151528","1552717651","0.535354"
"1552717651","2126982545","0.458333"
"2126982545","1552717651","0.458333"
"1557838010","1600151528","0.444444"
"1600151528","1557838010","0.444444"
"1557838010","2126982545","0.458333"
"2126982545","1557838010","0.458333"
"1600151528","2126982545","0.544444"
"2126982545","1600151528","0.544444"
"2035006988","2105679648","0.633333"
"2105679648","2035006988","0.633333"
"2035006988","2138411791","0.633333"
"2138411791","2035006988","0.633333"
"2105679648","2126980087","2.97778"
"2126980087","2105679648","2.97778"
"2105679648","2152198818","0.422222"
"2152198818","2105679648","0.422222"
"2126980087","2138411791","2.14444"
"2138411791","2126980087","2.14444"
"2138411791","2152198818","0.422222"
"2152198818","2138411791","0.422222"
"1552717651","1782020131","1.18813"
"1782020131","1552717651","1.18813"
"1552717651","2033201493","1.03535"
"2033201493","1552717651","1.03535"
"1782020131","2033201493","1.31869"
"2033201493","1782020131","1.31869"
"1782020131","2034964304","1.28535"
"2034964304","1782020131","1.28535"
"2033201493","2034964304","3.27424"
"2034964304","2033201493","3.27424"
"2034964304","2105679648","0.877778"
"2105679648","2034964304","0.877778"
"1552717651","2104240393","0.111111"
"2104240393","1552717651","0.111111"
"1557838010","1782020131","0.347222"
"1782020131","1557838010","0.347222"
"1557838010","2033201493","0.111111"
"2033201493","1557838010","0.111111"
"1557838010","2035006988","0.222222"
"2035006988","1557838010","0.222222"
"1557838010","2104240393","0.111111"
"2104240393","1557838010","0.111111"
"1557838010","2105679648","0.347222"
"2105679648","1557838010","0.347222"
"1557838010","2126980087","0.111111"
"2126980087","1557838010","0.111111"
"1557838010","2138411791","0.347222"
"2138411791","1557838010","0.347222"
"1600151528","1782020131","0.32702"
"1782020131","1600151528","0.32702"
"1600151528","2033201493","1.46869"
"2033201493","1600151528","1.46869"
"1600151528","2035006988","0.538131"
"2035006988","1600151528","0.538131"
"1600151528","2104240393","0.377778"
"2104240393","1600151528","0.377778"
"1600151528","2105679648","0.211111"
"2105679648","1600151528","0.211111"
"1600151528","2126980087","0.111111"
"2126980087","1600151528","0.111111"
"1600151528","2138411791","0.211111"
"2138411791","1600151528","0.211111"
"1782020131","2035006988","2.33258"
"2035006988","1782020131","2.33258"
"1782020131","2104240393","0.111111"
"2104240393","1782020131","0.111111"
"1782020131","2105679648","0.991667"
"2105679648","1782020131","0.991667"
"1782020131","2126980087","0.361111"
"2126980087","1782020131","0.361111"
"1782020131","2138411791","0.991667"
"2138411791","1782020131","0.991667"
"2033201493","2035006988","1.05202"
"2035006988","2033201493","1.05202"
"2033201493","2104240393","0.877778"
"2104240393","2033201493","0.877778"
"2033201493","2105679648","0.411111"
"2105679648","2033201493","0.411111"
"2033201493","2126980087","0.111111"
"2126980087","2033201493","0.111111"
"2033201493","2138411791","0.411111"
"2138411791","2033201493","0.411111"
"2035006988","2104240393","0.211111"
"2104240393","2035006988","0.211111"
"2104240393","2105679648","0.211111"
"2105679648","2104240393","0.211111"
"2104240393","2126980087","0.111111"
"2126980087","2104240393","0.111111"
"2104240393","2138411791","0.211111"
"2138411791","2104240393","0.211111"
"1552717651","2294677720","0.833333"
"2294677720","1552717651","0.833333"
"2105679648","2294677720","0.744444"
"2294677720","2105679648","0.744444"
"2138411791","2294677720","0.744444"
"2294677720","2138411791","0.744444"
"1552717651","2058254784","0.0909091"
"2058254784","1552717651","0.0909091"
"1552717651","2096109431","0.0909091"
"2096109431","1552717651","0.0909091"
"1552717651","2151968644","0.493687"
"2151968644","1552717651","0.493687"
"1600151528","2034964304","0.190909"
"2034964304","1600151528","0.190909"
"1600151528","2058254784","0.565909"
"2058254784","1600151528","0.565909"
"1600151528","2096109431","1.38258"
"2096109431","1600151528","1.38258"
"1600151528","2130845295","0.20202"
"2130845295","1600151528","0.20202"
"1600151528","2151968644","0.32702"
"2151968644","1600151528","0.32702"
"1600151528","2152198818","0.32702"
"2152198818","1600151528","0.32702"
"1600151528","2165193650","0.565909"
"2165193650","1600151528","0.565909"
"1782020131","2058254784","0.632576"
"2058254784","1782020131","0.632576"
"1782020131","2096109431","0.215909"
"2096109431","1782020131","0.215909"
"1782020131","2130845295","0.818687"
"2130845295","1782020131","0.818687"
"1782020131","2151968644","1.39646"
"2151968644","1782020131","1.39646"
"1782020131","2152198818","1.3048"
"2152198818","1782020131","1.3048"
"1782020131","2165193650","0.215909"
"2165193650","1782020131","0.215909"
"2033201493","2058254784","2.9421"
"2058254784","2033201493","2.9421"
"2033201493","2096109431","4.92543"
"2096109431","2033201493","4.92543"
"2033201493","2130845295","0.757576"
"2130845295","2033201493","0.757576"
"2033201493","2151968644","0.840909"
"2151968644","2033201493","0.840909"
"2033201493","2152198818","0.424242"
"2152198818","2033201493","0.424242"
"2033201493","2165193650","4.35877"
"2165193650","2033201493","4.35877"
"2034964304","2058254784","1.52424"
"2058254784","2034964304","1.52424"
"2034964304","2096109431","0.590909"
"2096109431","2034964304","0.590909"
"2034964304","2151968644","1.11869"
"2151968644","2034964304","1.11869"
"2034964304","2165193650","0.524242"
"2165193650","2034964304","0.524242"
"2035006988","2058254784","0.899242"
"2058254784","2035006988","0.899242"
"2035006988","2096109431","0.215909"
"2096109431","2035006988","0.215909"
"2035006988","2151968644","2.04924"
"2151968644","2035006988","2.04924"
"2035006988","2165193650","0.315909"
"2165193650","2035006988","0.315909"
"2058254784","2130845295","0.424242"
"2130845295","2058254784","0.424242"
"2058254784","2151968644","0.799242"
"2151968644","2058254784","0.799242"
"2058254784","2152198818","0.549242"
"2152198818","2058254784","0.549242"
"2096109431","2130845295","0.257576"
"2130845295","2096109431","0.257576"
"2096109431","2151968644","0.215909"
"2151968644","2096109431","0.215909"
"2096109431","2152198818","0.215909"
"2152198818","2096109431","0.215909"
"2130845295","2151968644","1.45599"
"2151968644","2130845295","1.45599"
"2151968644","2152198818","0.882576"
"2152198818","2151968644","0.882576"
"2151968644","2165193650","0.358766"
"2165193650","2151968644","0.358766"
"2152198818","2165193650","0.215909"
"2165193650","2152198818","0.215909"
"1552717651","2154423717","0.236111"
"2154423717","1552717651","0.236111"
"1557838010","2034964304","0.111111"
"2034964304","1557838010","0.111111"
"1557838010","2151968644","0.236111"
"2151968644","1557838010","0.236111"
"1557838010","2152198818","0.111111"
"2152198818","1557838010","0.111111"
"1557838010","2154423717","0.236111"
"2154423717","1557838010","0.236111"
"1782020131","2154423717","0.436111"
"2154423717","1782020131","0.436111"
"2034964304","2138411791","0.544444"
"2138411791","2034964304","0.544444"
"2034964304","2154423717","3.44444"
"2154423717","2034964304","3.44444"
"2035006988","2154423717","0.111111"
"2154423717","2035006988","0.111111"
"2105679648","2151968644","0.347222"
"2151968644","2105679648","0.347222"
"2105679648","2154423717","0.436111"
"2154423717","2105679648","0.436111"
"2138411791","2151968644","0.347222"
"2151968644","2138411791","0.347222"
"2138411791","2154423717","0.436111"
"2154423717","2138411791","0.436111"
"2151968644","2154423717","0.236111"
"2154423717","2151968644","0.236111"
"2152198818","2154423717","0.111111"
"2154423717","2152198818","0.111111"
"2033201493","2294677720","0.966667"
"2294677720","2033201493","0.966667"
"2034964304","2294677720","1.1"
"2294677720","2034964304","1.1"
"1552717651","2112144328","0.125"
"2112144328","1552717651","0.125"
"1557838010","2112144328","0.125"
"2112144328","1557838010","0.125"
"1782020131","2112144328","0.125"
"2112144328","1782020131","0.125"
"1782020131","2126982545","0.125"
"2126982545","1782020131","0.125"
"2105679648","2112144328","0.125"
"2112144328","2105679648","0.125"
"2105679648","2126982545","0.225"
"2126982545","2105679648","0.225"
"2112144328","2126982545","0.236111"
"2126982545","2112144328","0.236111"
"2112144328","2138411791","0.125"
"2138411791","2112144328","0.125"
"2112144328","2151968644","0.236111"
"2151968644","2112144328","0.236111"
"2112144328","2154423717","0.125"
"2154423717","2112144328","0.125"
"2126982545","2138411791","0.225"
"2138411791","2126982545","0.225"
"2126982545","2151968644","0.236111"
"2151968644","2126982545","0.236111"
"2126982545","2154423717","0.125"
"2154423717","2126982545","0.125"
"1782020131","2294677720","0.727778"
"2294677720","1782020131","0.727778"
"2035006988","2294677720","0.794444"
"2294677720","2035006988","0.794444"
"2151968644","2294677720","0.837302"
"2294677720","2151968644","0.837302"
"1594122454","2111128099","0.366667"
"2111128099","1594122454","0.366667"
"1594122454","2118265701","1.62063"
"2118265701","1594122454","1.62063"
"1594122454","2151968644","1.42063"
"2151968644","1594122454","1.42063"
"1594122454","2166855749","0.509524"
"2166855749","1594122454","0.509524"
"2111128099","2130845295","0.666667"
"2130845295","2111128099","0.666667"
"2111128099","2143682328","3.93333"
"2143682328","2111128099","3.93333"
"2111128099","2151968644","0.166667"
"2151968644","2111128099","0.166667"
"2118265701","2130845295","0.420635"
"2130845295","2118265701","0.420635"
"2118265701","2143682328","4.16905"
"2143682328","2118265701","4.16905"
"2118265701","2151968644","0.420635"
"2151968644","2118265701","0.420635"
"2130845295","2166855749","0.309524"
"2166855749","2130845295","0.309524"
"2143682328","2151968644","0.809524"
"2151968644","2143682328","0.809524"
"2143682328","2166855749","4.50238"
"2166855749","2143682328","4.50238"
"2151968644","2166855749","0.309524"
"2166855749","2151968644","0.309524"
"1594122454","2294677720","0.253968"
"2294677720","1594122454","0.253968"
"2118265701","2165193650","0.142857"
"2165193650","2118265701","0.142857"
"2118265701","2294677720","3.25397"
"2294677720","2118265701","3.25397"
"2130845295","2294677720","1.42063"
"2294677720","2130845295","1.42063"
"2143682328","2294677720","0.142857"
"2294677720","2143682328","0.142857"
"2165193650","2166855749","0.142857"
"2166855749","2165193650","0.142857"
"2165193650","2294677720","0.242857"
"2294677720","2165193650","0.242857"
"2166855749","2294677720","0.142857"
"2294677720","2166855749","0.142857"
"1594122454","65091138","0.2"
"65091138","1594122454","0.2"
"2118265701","65091138","1.54286"
"65091138","2118265701","1.54286"
"2143682328","65091138","1.87619"
"65091138","2143682328","1.87619"
"2166855749","65091138","1.54286"
"65091138","2166855749","1.54286"
"1594122454","1941007217","1"
"1941007217","1594122454","1"
"1594122454","2760331380","0.5"
"2760331380","1594122454","0.5"
"1594122454","2798762352","0.5"
"2798762352","1594122454","0.5"
"2760331380","2798762352","3.5"
"2798762352","2760331380","3.5"
"1594122454","1782020131","0.111111"
"1782020131","1594122454","0.111111"
"1594122454","2035006988","0.111111"
"2035006988","1594122454","0.111111"
"1594122454","2152198818","0.111111"
"2152198818","1594122454","0.111111"
"1782020131","2118265701","0.111111"
"2118265701","1782020131","0.111111"
"2035006988","2118265701","0.111111"
"2118265701","2035006988","0.111111"
"2105679648","2118265701","0.111111"
"2118265701","2105679648","0.111111"
"2118265701","2138411791","0.111111"
"2138411791","2118265701","0.111111"
"2118265701","2152198818","0.111111"
"2152198818","2118265701","0.111111"
"2152198818","2294677720","0.277778"
"2294677720","2152198818","0.277778"
"1597494089","2112144328","0.0909091"
"2112144328","1597494089","0.0909091"
"1995471038","2065993338","0.0909091"
"2065993338","1995471038","0.0909091"
"1995471038","2112144328","0.0909091"
"2112144328","1995471038","0.0909091"
"2065993338","2112144328","0.0909091"
"2112144328","2065993338","0.0909091"
"2065993338","2155369572","0.290909"
"2155369572","2065993338","0.290909"
"2065993338","2161159200","0.0909091"
"2161159200","2065993338","0.0909091"
"2065993338","2165193650","0.340909"
"2165193650","2065993338","0.340909"
"2065993338","2261000915","0.0909091"
"2261000915","2065993338","0.0909091"
"2065993338","2280230190","0.290909"
"2280230190","2065993338","0.290909"
"2065993338","2398168515","0.290909"
"2398168515","2065993338","0.290909"
"2112144328","2155369572","0.0909091"
"2155369572","2112144328","0.0909091"
"2112144328","2161159200","0.0909091"
"2161159200","2112144328","0.0909091"
"2112144328","2165193650","0.0909091"
"2165193650","2112144328","0.0909091"
"2112144328","2166983497","1.09091"
"2166983497","2112144328","1.09091"
"2112144328","2261000915","0.0909091"
"2261000915","2112144328","0.0909091"
"2112144328","2280230190","0.0909091"
"2280230190","2112144328","0.0909091"
"2112144328","2398168515","0.0909091"
"2398168515","2112144328","0.0909091"
"1600151528","1663439106","0.25"
"1663439106","1600151528","0.25"
"1600151528","2065993338","0.25"
"2065993338","1600151528","0.25"
"1663439106","2058254784","1.76786"
"2058254784","1663439106","1.76786"
"1663439106","2165193650","0.517857"
"2165193650","1663439106","0.517857"
"2058254784","2065993338","0.25"
"2065993338","2058254784","0.25"
"1600151528","16838906","0.111111"
"16838906","1600151528","0.111111"
"1600151528","2097280721","0.111111"
"2097280721","1600151528","0.111111"
"1600151528","2112144328","0.111111"
"2112144328","1600151528","0.111111"
"1600151528","2170097458","0.111111"
"2170097458","1600151528","0.111111"
"16838906","2035006988","0.111111"
"2035006988","16838906","0.111111"
"16838906","2126982545","0.111111"
"2126982545","16838906","0.111111"
"16838906","2151968644","0.111111"
"2151968644","16838906","0.111111"
"16838906","2152198818","0.111111"
"2152198818","16838906","0.111111"
"16838906","2170097458","1.11111"
"2170097458","16838906","1.11111"
"2035006988","2097280721","0.111111"
"2097280721","2035006988","0.111111"
"2035006988","2112144328","0.111111"
"2112144328","2035006988","0.111111"
"2035006988","2126982545","0.211111"
"2126982545","2035006988","0.211111"
"2035006988","2170097458","0.111111"
"2170097458","2035006988","0.111111"
"2097280721","2126982545","0.111111"
"2126982545","2097280721","0.111111"
"2097280721","2130845295","0.277778"
"2130845295","2097280721","0.277778"
"2097280721","2151968644","0.111111"
"2151968644","2097280721","0.111111"
"2097280721","2152198818","0.111111"
"2152198818","2097280721","0.111111"
"2097280721","2170097458","0.111111"
"2170097458","2097280721","0.111111"
"2112144328","2152198818","0.111111"
"2152198818","2112144328","0.111111"
"2112144328","2170097458","3.11111"
"2170097458","2112144328","3.11111"
"2126982545","2130845295","0.111111"
"2130845295","2126982545","0.111111"
"2126982545","2152198818","0.111111"
"2152198818","2126982545","0.111111"
"2126982545","2170097458","0.111111"
"2170097458","2126982545","0.111111"
"2130845295","2170097458","0.111111"
"2170097458","2130845295","0.111111"
"2151968644","2170097458","0.111111"
"2170097458","2151968644","0.111111"
"2152198818","2170097458","0.111111"
"2170097458","2152198818","0.111111"
