"1480225706","179246824","1.5"
"179246824","1480225706","1.5"
"1480225706","2138164122","2.5"
"2138164122","1480225706","2.5"
"179246824","2138164122","0.5"
"2138164122","179246824","0.5"
"1539647991","1569878055","1.12266"
"1569878055","1539647991","1.12266"
"1539647991","179246824","3.26154"
"179246824","1539647991","3.26154"
"1539647991","1890458195","1.53932"
"1890458195","1539647991","1.53932"
"1539647991","2107694471","0.368687"
"2107694471","1539647991","0.368687"
"1539647991","2138583202","1.87266"
"2138583202","1539647991","1.87266"
"1539647991","2146365100","0.813131"
"2146365100","1539647991","0.813131"
"1569878055","179246824","1.43059"
"179246824","1569878055","1.43059"
"1569878055","1890458195","2.06551"
"1890458195","1569878055","2.06551"
"1569878055","2107694471","1.41035"
"2107694471","1569878055","1.41035"
"1569878055","2138583202","1.06551"
"2138583202","1569878055","1.06551"
"1569878055","2146365100","1.64885"
"2146365100","1569878055","1.64885"
"179246824","1890458195","4.57107"
"1890458195","179246824","4.57107"
"179246824","2107694471","0.257576"
"2107694471","179246824","0.257576"
"179246824","2138583202","2.4044"
"2138583202","179246824","2.4044"
"179246824","2146365100","3.1544"
"2146365100","179246824","3.1544"
"1890458195","2107694471","0.618687"
"2107694471","1890458195","0.618687"
"1890458195","2138583202","1.68218"
"2138583202","1890458195","1.68218"
"1890458195","2146365100","1.37266"
"2146365100","1890458195","1.37266"
"2107694471","2138583202","0.368687"
"2138583202","2107694471","0.368687"
"2107694471","2146365100","0.618687"
"2146365100","2107694471","0.618687"
"2138583202","2146365100","1.45599"
"2146365100","2138583202","1.45599"
"1539647991","2071774356","0.872655"
"2071774356","1539647991","0.872655"
"1539647991","2103543285","0.20202"
"2103543285","1539647991","0.20202"
"1539647991","2160860966","0.622655"
"2160860966","1539647991","0.622655"
"1539647991","2184070058","0.20202"
"2184070058","1539647991","0.20202"
"1569878055","2071774356","4.4667"
"2071774356","1569878055","4.4667"
"1569878055","2103543285","1.26035"
"2103543285","1569878055","1.26035"
"1569878055","2160860966","1.55004"
"2160860966","1569878055","1.55004"
"1569878055","2184070058","0.92702"
"2184070058","1569878055","0.92702"
"179246824","2071774356","2.48059"
"2071774356","179246824","2.48059"
"179246824","2103543285","0.30202"
"2103543285","179246824","0.30202"
"179246824","2160860966","1.43059"
"2160860966","179246824","1.43059"
"179246824","2184070058","0.30202"
"2184070058","179246824","0.30202"
"1890458195","2071774356","1.61551"
"2071774356","1890458195","1.61551"
"1890458195","2103543285","0.30202"
"2103543285","1890458195","0.30202"
"1890458195","2160860966","1.31551"
"2160860966","1890458195","1.31551"
"1890458195","2184070058","0.30202"
"2184070058","1890458195","0.30202"
"2071774356","2103543285","1.46035"
"2103543285","2071774356","1.46035"
"2071774356","2138583202","1.11551"
"2138583202","2071774356","1.11551"
"2071774356","2146365100","1.78218"
"2146365100","2071774356","1.78218"
"2071774356","2160860966","1.9167"
"2160860966","2071774356","1.9167"
"2071774356","2184070058","1.12702"
"2184070058","2071774356","1.12702"
"2103543285","2138583202","0.30202"
"2138583202","2103543285","0.30202"
"2103543285","2146365100","0.30202"
"2146365100","2103543285","0.30202"
"2103543285","2160860966","0.62702"
"2160860966","2103543285","0.62702"
"2103543285","2184070058","7.12702"
"2184070058","2103543285","7.12702"
"2138583202","2160860966","1.06551"
"2160860966","2138583202","1.06551"
"2138583202","2184070058","0.30202"
"2184070058","2138583202","0.30202"
"2146365100","2160860966","1.23218"
"2160860966","2146365100","1.23218"
"2146365100","2184070058","0.30202"
"2184070058","2146365100","0.30202"
"2160860966","2184070058","0.62702"
"2184070058","2160860966","0.62702"
"1539647991","2096345085","0.511544"
"2096345085","1539647991","0.511544"
"1569878055","2096345085","0.962734"
"2096345085","1569878055","0.962734"
"179246824","2096345085","0.976623"
"2096345085","179246824","0.976623"
"1890458195","2096345085","0.861544"
"2096345085","1890458195","0.861544"
"2071774356","2096345085","1.3294"
"2096345085","2071774356","1.3294"
"2071774356","2107694471","1.24369"
"2107694471","2071774356","1.24369"
"2096345085","2103543285","0.515909"
"2103543285","2096345085","0.515909"
"2096345085","2107694471","0.32702"
"2107694471","2096345085","0.32702"
"2096345085","2138583202","0.611544"
"2138583202","2096345085","0.611544"
"2096345085","2146365100","0.778211"
"2146365100","2096345085","0.778211"
"2096345085","2160860966","6.66273"
"2160860966","2096345085","6.66273"
"2096345085","2184070058","0.515909"
"2184070058","2096345085","0.515909"
"2103543285","2107694471","2.04924"
"2107694471","2103543285","2.04924"
"2107694471","2160860966","0.660354"
"2160860966","2107694471","0.660354"
"2107694471","2184070058","1.71591"
"2184070058","2107694471","1.71591"
"1539647991","1552798477","0.111111"
"1552798477","1539647991","0.111111"
"1552798477","1569878055","0.621825"
"1569878055","1552798477","0.621825"
"1552798477","1890458195","0.553968"
"1890458195","1552798477","0.553968"
"1552798477","2071774356","1.32183"
"2071774356","1552798477","1.32183"
"1552798477","2096345085","0.678968"
"2096345085","1552798477","0.678968"
"1552798477","2107694471","0.236111"
"2107694471","1552798477","0.236111"
"1552798477","2138583202","0.553968"
"2138583202","1552798477","0.553968"
"1552798477","2146365100","1.19683"
"2146365100","1552798477","1.19683"
"1552798477","2160860966","1.02183"
"2160860966","1552798477","1.02183"
"1539647991","2759099597","0.5"
"2759099597","1539647991","0.5"
"179246824","2759099597","0.5"
"2759099597","179246824","0.5"
"1552798477","179246824","0.585714"
"179246824","1552798477","0.585714"
"1552798477","2087242306","0.142857"
"2087242306","1552798477","0.142857"
"1569878055","2087242306","0.142857"
"2087242306","1569878055","0.142857"
"179246824","2087242306","0.142857"
"2087242306","179246824","0.142857"
"2071774356","2087242306","1.14286"
"2087242306","2071774356","1.14286"
"2087242306","2096345085","0.142857"
"2096345085","2087242306","0.142857"
"2087242306","2146365100","0.142857"
"2146365100","2087242306","0.142857"
"2087242306","2160860966","0.142857"
"2160860966","2087242306","0.142857"
"1552798477","2103543285","1.425"
"2103543285","1552798477","1.425"
"1552798477","2184070058","1.425"
"2184070058","1552798477","1.425"
"1552798477","2759099597","1.125"
"2759099597","1552798477","1.125"
"1569878055","2759099597","1.125"
"2759099597","1569878055","1.125"
"2071774356","2759099597","0.125"
"2759099597","2071774356","0.125"
"2096345085","2759099597","0.125"
"2759099597","2096345085","0.125"
"2103543285","2759099597","0.125"
"2759099597","2103543285","0.125"
"2107694471","2759099597","0.125"
"2759099597","2107694471","0.125"
"2160860966","2759099597","1.125"
"2759099597","2160860966","1.125"
"2184070058","2759099597","0.125"
"2759099597","2184070058","0.125"
"1559704687","1569878055","0.2"
"1569878055","1559704687","0.2"
"1559704687","179246824","0.2"
"179246824","1559704687","0.2"
"1559704687","1890458195","0.2"
"1890458195","1559704687","0.2"
"1559704687","2138583202","0.2"
"2138583202","1559704687","0.2"
"1559704687","2146365100","0.2"
"2146365100","1559704687","0.2"
"1559704687","1821867596","1"
"1821867596","1559704687","1"
"179246824","1924820223","2"
"1924820223","179246824","2"
"1821867596","2138164122","2"
"2138164122","1821867596","2"
"2031427342","2032299694","2.5"
"2032299694","2031427342","2.5"
"2031427342","2950584515","2.5"
"2950584515","2031427342","2.5"
"2032299694","2950584515","15.5"
"2950584515","2032299694","15.5"
"2032299694","2950067395","2"
"2950067395","2032299694","2"
"2950067395","2950584515","1"
"2950584515","2950067395","1"
