"1005471885","1020948624","3.92673"
"1020948624","1005471885","3.92673"
"1005471885","1590883559","2.41006"
"1590883559","1005471885","2.41006"
"1005471885","1704944432","2.41006"
"1704944432","1005471885","2.41006"
"1005471885","1882660324","2.41006"
"1882660324","1005471885","2.41006"
"1005471885","1888415499","2.41006"
"1888415499","1005471885","2.41006"
"1005471885","1921205474","2.41006"
"1921205474","1005471885","2.41006"
"1005471885","1938994291","2.41006"
"1938994291","1005471885","2.41006"
"1005471885","1942698359","2.41006"
"1942698359","1005471885","2.41006"
"1005471885","2270818082","2.36006"
"2270818082","1005471885","2.36006"
"1005471885","2288063082","2.41006"
"2288063082","1005471885","2.41006"
"1005471885","2297885833","2.36006"
"2297885833","1005471885","2.36006"
"1005471885","2298002141","2.31007"
"2298002141","1005471885","2.31007"
"1005471885","2403960038","2.41006"
"2403960038","1005471885","2.41006"
"1005471885","2416723496","2.41006"
"2416723496","1005471885","2.41006"
"1005471885","2480263651","2.41006"
"2480263651","1005471885","2.41006"
"1005471885","2531736761","2.41006"
"2531736761","1005471885","2.41006"
"1005471885","2571117710","2.41006"
"2571117710","1005471885","2.41006"
"1005471885","2610885788","2.41006"
"2610885788","1005471885","2.41006"
"1005471885","2736253207","2.41006"
"2736253207","1005471885","2.41006"
"1005471885","292708383","2.36006"
"292708383","1005471885","2.36006"
"1005471885","969685069","2.01245"
"969685069","1005471885","2.01245"
"1005471885","986633868","1.3408"
"986633868","1005471885","1.3408"
"1020948624","1590883559","4.03093"
"1590883559","1020948624","4.03093"
"1020948624","1704944432","4.03093"
"1704944432","1020948624","4.03093"
"1020948624","1882660324","4.03093"
"1882660324","1020948624","4.03093"
"1020948624","1888415499","4.03093"
"1888415499","1020948624","4.03093"
"1020948624","1921205474","4.03093"
"1921205474","1020948624","4.03093"
"1020948624","1938994291","3.9721"
"1938994291","1020948624","3.9721"
"1020948624","1942698359","4.03093"
"1942698359","1020948624","4.03093"
"1020948624","2270818082","4.03093"
"2270818082","1020948624","4.03093"
"1020948624","2288063082","4.03093"
"2288063082","1020948624","4.03093"
"1020948624","2297885833","1.97673"
"2297885833","1020948624","1.97673"
"1020948624","2298002141","3.98093"
"2298002141","1020948624","3.98093"
"1020948624","2403960038","4.03093"
"2403960038","1020948624","4.03093"
"1020948624","2416723496","4.03093"
"2416723496","1020948624","4.03093"
"1020948624","2480263651","4.03093"
"2480263651","1020948624","4.03093"
"1020948624","2531736761","3.81099"
"2531736761","1020948624","3.81099"
"1020948624","2571117710","4.03093"
"2571117710","1020948624","4.03093"
"1020948624","2610885788","4.03093"
"2610885788","1020948624","4.03093"
"1020948624","2736253207","4.03093"
"2736253207","1020948624","4.03093"
"1020948624","292708383","1.87673"
"292708383","1020948624","1.87673"
"1020948624","969685069","3.51893"
"969685069","1020948624","3.51893"
"1020948624","986633868","2.06717"
"986633868","1020948624","2.06717"
"1590883559","1704944432","8.62763"
"1704944432","1590883559","8.62763"
"1590883559","1882660324","7.90803"
"1882660324","1590883559","7.90803"
"1590883559","1888415499","8.63239"
"1888415499","1590883559","8.63239"
"1590883559","1921205474","8.4479"
"1921205474","1590883559","8.4479"
"1590883559","1938994291","8.64024"
"1938994291","1590883559","8.64024"
"1590883559","1942698359","8.54148"
"1942698359","1590883559","8.54148"
"1590883559","2270818082","8.57214"
"2270818082","1590883559","8.57214"
"1590883559","2288063082","8.62763"
"2288063082","1590883559","8.62763"
"1590883559","2297885833","2.46006"
"2297885833","1590883559","2.46006"
"1590883559","2298002141","5.82019"
"2298002141","1590883559","5.82019"
"1590883559","2403960038","8.5388"
"2403960038","1590883559","8.5388"
"1590883559","2416723496","8.5388"
"2416723496","1590883559","8.5388"
"1590883559","2480263651","8.61573"
"2480263651","1590883559","8.61573"
"1590883559","2531736761","6.73639"
"2531736761","1590883559","6.73639"
"1590883559","2571117710","6.69455"
"2571117710","1590883559","6.69455"
"1590883559","2610885788","8.47379"
"2610885788","1590883559","8.47379"
"1590883559","2736253207","8.62763"
"2736253207","1590883559","8.62763"
"1590883559","292708383","2.36006"
"292708383","1590883559","2.36006"
"1590883559","969685069","4.11337"
"969685069","1590883559","4.11337"
"1590883559","986633868","2.56161"
"986633868","1590883559","2.56161"
"1704944432","1882660324","7.90803"
"1882660324","1704944432","7.90803"
"1704944432","1888415499","8.63239"
"1888415499","1704944432","8.63239"
"1704944432","1921205474","8.4479"
"1921205474","1704944432","8.4479"
"1704944432","1938994291","8.64024"
"1938994291","1704944432","8.64024"
"1704944432","1942698359","8.54148"
"1942698359","1704944432","8.54148"
"1704944432","2270818082","8.57214"
"2270818082","1704944432","8.57214"
"1704944432","2288063082","8.62763"
"2288063082","1704944432","8.62763"
"1704944432","2297885833","2.46006"
"2297885833","1704944432","2.46006"
"1704944432","2298002141","5.82019"
"2298002141","1704944432","5.82019"
"1704944432","2403960038","8.5388"
"2403960038","1704944432","8.5388"
"1704944432","2416723496","8.5388"
"2416723496","1704944432","8.5388"
"1704944432","2480263651","8.61573"
"2480263651","1704944432","8.61573"
"1704944432","2531736761","6.73639"
"2531736761","1704944432","6.73639"
"1704944432","2571117710","6.69455"
"2571117710","1704944432","6.69455"
"1704944432","2610885788","8.47379"
"2610885788","1704944432","8.47379"
"1704944432","2736253207","8.62763"
"2736253207","1704944432","8.62763"
"1704944432","292708383","2.36006"
"292708383","1704944432","2.36006"
"1704944432","969685069","4.11337"
"969685069","1704944432","4.11337"
"1704944432","986633868","2.56161"
"986633868","1704944432","2.56161"
"1882660324","1888415499","7.9128"
"1888415499","1882660324","7.9128"
"1882660324","1921205474","7.9783"
"1921205474","1882660324","7.9783"
"1882660324","1938994291","8.17064"
"1938994291","1882660324","8.17064"
"1882660324","1942698359","8.07189"
"1942698359","1882660324","8.07189"
"1882660324","2270818082","7.85254"
"2270818082","1882660324","7.85254"
"1882660324","2288063082","7.90803"
"2288063082","1882660324","7.90803"
"1882660324","2297885833","2.46006"
"2297885833","1882660324","2.46006"
"1882660324","2298002141","5.75353"
"2298002141","1882660324","5.75353"
"1882660324","2403960038","7.81921"
"2403960038","1882660324","7.81921"
"1882660324","2416723496","7.81921"
"2416723496","1882660324","7.81921"
"1882660324","2480263651","8.22946"
"2480263651","1882660324","8.22946"
"1882660324","2531736761","7.07448"
"2531736761","1882660324","7.07448"
"1882660324","2571117710","6.39162"
"2571117710","1882660324","6.39162"
"1882660324","2610885788","8.00419"
"2610885788","1882660324","8.00419"
"1882660324","2736253207","7.90803"
"2736253207","1882660324","7.90803"
"1882660324","292708383","2.36006"
"292708383","1882660324","2.36006"
"1882660324","969685069","5.11337"
"969685069","1882660324","5.11337"
"1882660324","986633868","2.56161"
"986633868","1882660324","2.56161"
"1888415499","1921205474","8.45266"
"1921205474","1888415499","8.45266"
"1888415499","1938994291","8.645"
"1938994291","1888415499","8.645"
"1888415499","1942698359","8.54625"
"1942698359","1888415499","8.54625"
"1888415499","2270818082","8.5769"
"2270818082","1888415499","8.5769"
"1888415499","2288063082","8.63239"
"2288063082","1888415499","8.63239"
"1888415499","2297885833","2.46006"
"2297885833","1888415499","2.46006"
"1888415499","2298002141","5.82019"
"2298002141","1888415499","5.82019"
"1888415499","2403960038","8.54357"
"2403960038","1888415499","8.54357"
"1888415499","2416723496","8.54357"
"2416723496","1888415499","8.54357"
"1888415499","2480263651","8.62049"
"2480263651","1888415499","8.62049"
"1888415499","2531736761","6.74115"
"2531736761","1888415499","6.74115"
"1888415499","2571117710","11.6993"
"2571117710","1888415499","11.6993"
"1888415499","2610885788","8.47855"
"2610885788","1888415499","8.47855"
"1888415499","2736253207","8.63239"
"2736253207","1888415499","8.63239"
"1888415499","292708383","2.36006"
"292708383","1888415499","2.36006"
"1888415499","969685069","4.11337"
"969685069","1888415499","4.11337"
"1888415499","986633868","2.56161"
"986633868","1888415499","2.56161"
"1921205474","1938994291","8.9605"
"1938994291","1921205474","8.9605"
"1921205474","1942698359","10.9527"
"1942698359","1921205474","10.9527"
"1921205474","2270818082","8.3924"
"2270818082","1921205474","8.3924"
"1921205474","2288063082","8.4479"
"2288063082","1921205474","8.4479"
"1921205474","2297885833","2.46006"
"2297885833","1921205474","2.46006"
"1921205474","2298002141","5.82019"
"2298002141","1921205474","5.82019"
"1921205474","2403960038","8.35907"
"2403960038","1921205474","8.35907"
"1921205474","2416723496","8.35907"
"2416723496","1921205474","8.35907"
"1921205474","2480263651","8.43599"
"2480263651","1921205474","8.43599"
"1921205474","2531736761","6.73089"
"2531736761","1921205474","6.73089"
"1921205474","2571117710","6.76598"
"2571117710","1921205474","6.76598"
"1921205474","2610885788","8.79405"
"2610885788","1921205474","8.79405"
"1921205474","2736253207","8.6979"
"2736253207","1921205474","8.6979"
"1921205474","292708383","2.36006"
"292708383","1921205474","2.36006"
"1921205474","969685069","4.11337"
"969685069","1921205474","4.11337"
"1921205474","986633868","2.56161"
"986633868","1921205474","2.56161"
"1938994291","1942698359","9.05409"
"1942698359","1938994291","9.05409"
"1938994291","2270818082","8.58474"
"2270818082","1938994291","8.58474"
"1938994291","2288063082","8.64024"
"2288063082","1938994291","8.64024"
"1938994291","2297885833","2.46006"
"2297885833","1938994291","2.46006"
"1938994291","2298002141","6.76137"
"2298002141","1938994291","6.76137"
"1938994291","2403960038","8.55141"
"2403960038","1938994291","8.55141"
"1938994291","2416723496","8.55141"
"2416723496","1938994291","8.55141"
"1938994291","2480263651","8.62833"
"2480263651","1938994291","8.62833"
"1938994291","2531736761","6.74899"
"2531736761","1938994291","6.74899"
"1938994291","2571117710","6.70716"
"2571117710","1938994291","6.70716"
"1938994291","2610885788","8.98639"
"2610885788","1938994291","8.98639"
"1938994291","2736253207","8.89024"
"2736253207","1938994291","8.89024"
"1938994291","292708383","3.36006"
"292708383","1938994291","3.36006"
"1938994291","969685069","4.05455"
"969685069","1938994291","4.05455"
"1938994291","986633868","3.56161"
"986633868","1938994291","3.56161"
"1942698359","2270818082","8.48599"
"2270818082","1942698359","8.48599"
"1942698359","2288063082","9.04148"
"2288063082","1942698359","9.04148"
"1942698359","2297885833","2.46006"
"2297885833","1942698359","2.46006"
"1942698359","2298002141","5.82019"
"2298002141","1942698359","5.82019"
"1942698359","2403960038","8.45266"
"2403960038","1942698359","8.45266"
"1942698359","2416723496","8.45266"
"2416723496","1942698359","8.45266"
"1942698359","2480263651","8.52958"
"2480263651","1942698359","8.52958"
"1942698359","2531736761","7.24115"
"2531736761","1942698359","7.24115"
"1942698359","2571117710","6.69931"
"2571117710","1942698359","6.69931"
"1942698359","2610885788","8.88764"
"2610885788","1942698359","8.88764"
"1942698359","2736253207","8.79148"
"2736253207","1942698359","8.79148"
"1942698359","292708383","2.36006"
"292708383","1942698359","2.36006"
"1942698359","969685069","4.11337"
"969685069","1942698359","4.11337"
"1942698359","986633868","2.56161"
"986633868","1942698359","2.56161"
"2270818082","2288063082","8.57214"
"2288063082","2270818082","8.57214"
"2270818082","2297885833","2.41006"
"2297885833","2270818082","2.41006"
"2270818082","2298002141","5.77019"
"2298002141","2270818082","5.77019"
"2270818082","2403960038","8.48331"
"2403960038","2270818082","8.48331"
"2270818082","2416723496","8.48331"
"2416723496","2270818082","8.48331"
"2270818082","2480263651","8.56023"
"2480263651","2270818082","8.56023"
"2270818082","2531736761","6.68089"
"2531736761","2270818082","6.68089"
"2270818082","2571117710","6.71598"
"2571117710","2270818082","6.71598"
"2270818082","2610885788","8.41829"
"2610885788","2270818082","8.41829"
"2270818082","2736253207","8.57214"
"2736253207","2270818082","8.57214"
"2270818082","292708383","2.31007"
"292708383","2270818082","2.31007"
"2270818082","969685069","4.06337"
"969685069","2270818082","4.06337"
"2270818082","986633868","2.51161"
"986633868","2270818082","2.51161"
"2288063082","2297885833","2.46006"
"2297885833","2288063082","2.46006"
"2288063082","2298002141","5.82019"
"2298002141","2288063082","5.82019"
"2288063082","2403960038","8.70547"
"2403960038","2288063082","8.70547"
"2288063082","2416723496","8.5388"
"2416723496","2288063082","8.5388"
"2288063082","2480263651","8.78239"
"2480263651","2288063082","8.78239"
"2288063082","2531736761","7.40305"
"2531736761","2288063082","7.40305"
"2288063082","2571117710","6.86122"
"2571117710","2288063082","6.86122"
"2288063082","2610885788","8.47379"
"2610885788","2288063082","8.47379"
"2288063082","2736253207","8.62763"
"2736253207","2288063082","8.62763"
"2288063082","292708383","2.36006"
"292708383","2288063082","2.36006"
"2288063082","969685069","4.11337"
"969685069","2288063082","4.11337"
"2288063082","986633868","2.56161"
"986633868","2288063082","2.56161"
"2297885833","2298002141","2.36006"
"2298002141","2297885833","2.36006"
"2297885833","2403960038","2.46006"
"2403960038","2297885833","2.46006"
"2297885833","2416723496","2.46006"
"2416723496","2297885833","2.46006"
"2297885833","2480263651","2.46006"
"2480263651","2297885833","2.46006"
"2297885833","2531736761","2.41006"
"2531736761","2297885833","2.41006"
"2297885833","2571117710","2.46006"
"2571117710","2297885833","2.46006"
"2297885833","2610885788","2.46006"
"2610885788","2297885833","2.46006"
"2297885833","2736253207","2.46006"
"2736253207","2297885833","2.46006"
"2297885833","292708383","2.36006"
"292708383","2297885833","2.36006"
"2297885833","969685069","2.06245"
"969685069","2297885833","2.06245"
"2297885833","986633868","1.3908"
"986633868","2297885833","1.3908"
"2298002141","2403960038","5.82019"
"2403960038","2298002141","5.82019"
"2298002141","2416723496","5.82019"
"2416723496","2298002141","5.82019"
"2298002141","2480263651","5.82019"
"2480263651","2298002141","5.82019"
"2298002141","2531736761","5.31381"
"2531736761","2298002141","5.31381"
"2298002141","2571117710","5.26648"
"2571117710","2298002141","5.26648"
"2298002141","2610885788","5.74327"
"2610885788","2298002141","5.74327"
"2298002141","2736253207","5.74876"
"2736253207","2298002141","5.74876"
"2298002141","292708383","6.26007"
"292708383","2298002141","6.26007"
"2298002141","969685069","4.01337"
"969685069","2298002141","4.01337"
"2298002141","986633868","2.56161"
"986633868","2298002141","2.56161"
"2403960038","2416723496","8.69357"
"2416723496","2403960038","8.69357"
"2403960038","2480263651","8.86023"
"2480263651","2403960038","8.86023"
"2403960038","2531736761","7.06422"
"2531736761","2403960038","7.06422"
"2403960038","2571117710","7.18906"
"2571117710","2403960038","7.18906"
"2403960038","2610885788","8.38496"
"2610885788","2403960038","8.38496"
"2403960038","2736253207","8.87214"
"2736253207","2403960038","8.87214"
"2403960038","292708383","2.36006"
"292708383","2403960038","2.36006"
"2403960038","969685069","4.61337"
"969685069","2403960038","4.61337"
"2403960038","986633868","2.56161"
"986633868","2403960038","2.56161"
"2416723496","2480263651","8.86023"
"2480263651","2416723496","8.86023"
"2416723496","2531736761","7.06422"
"2531736761","2416723496","7.06422"
"2416723496","2571117710","6.68906"
"2571117710","2416723496","6.68906"
"2416723496","2610885788","8.55162"
"2610885788","2416723496","8.55162"
"2416723496","2736253207","8.5388"
"2736253207","2416723496","8.5388"
"2416723496","292708383","2.36006"
"292708383","2416723496","2.36006"
"2416723496","969685069","4.11337"
"969685069","2416723496","4.11337"
"2416723496","986633868","2.56161"
"986633868","2416723496","2.56161"
"2480263651","2531736761","19.7245"
"2531736761","2480263651","19.7245"
"2480263651","2571117710","7.18265"
"2571117710","2480263651","7.18265"
"2480263651","2610885788","8.96188"
"2610885788","2480263651","8.96188"
"2480263651","2736253207","8.86573"
"2736253207","2480263651","8.86573"
"2480263651","292708383","2.36006"
"292708383","2480263651","2.36006"
"2480263651","969685069","4.11337"
"969685069","2480263651","4.11337"
"2480263651","986633868","2.56161"
"986633868","2480263651","2.56161"
"2531736761","2571117710","14.0884"
"2571117710","2531736761","14.0884"
"2531736761","2610885788","7.15946"
"2610885788","2531736761","7.15946"
"2531736761","2736253207","13.4864"
"2736253207","2531736761","13.4864"
"2531736761","292708383","2.36006"
"292708383","2531736761","2.36006"
"2531736761","969685069","3.95226"
"969685069","2531736761","3.95226"
"2531736761","986633868","2.34168"
"986633868","2531736761","2.34168"
"2571117710","2610885788","7.19455"
"2610885788","2571117710","7.19455"
"2571117710","2736253207","25.8493"
"2736253207","2571117710","25.8493"
"2571117710","292708383","2.36006"
"292708383","2571117710","2.36006"
"2571117710","969685069","4.11337"
"969685069","2571117710","4.11337"
"2571117710","986633868","2.56161"
"986633868","2571117710","2.56161"
"2610885788","2736253207","8.72379"
"2736253207","2610885788","8.72379"
"2610885788","292708383","2.36006"
"292708383","2610885788","2.36006"
"2610885788","969685069","4.11337"
"969685069","2610885788","4.11337"
"2610885788","986633868","2.56161"
"986633868","2610885788","2.56161"
"2736253207","292708383","2.36006"
"292708383","2736253207","2.36006"
"2736253207","969685069","4.11337"
"969685069","2736253207","4.11337"
"2736253207","986633868","2.56161"
"986633868","2736253207","2.56161"
"292708383","969685069","1.96245"
"969685069","292708383","1.96245"
"292708383","986633868","1.2908"
"986633868","292708383","1.2908"
"969685069","986633868","2.39961"
"986633868","969685069","2.39961"
"1005471885","2417970317","0.0416667"
"2417970317","1005471885","0.0416667"
"1005471885","993872395","0.0416667"
"993872395","1005471885","0.0416667"
"1020948624","2417970317","0.0416667"
"2417970317","1020948624","0.0416667"
"1020948624","993872395","0.0916667"
"993872395","1020948624","0.0916667"
"1590883559","2417970317","0.0416667"
"2417970317","1590883559","0.0416667"
"1590883559","993872395","0.0916667"
"993872395","1590883559","0.0916667"
"1704944432","2417970317","0.0416667"
"2417970317","1704944432","0.0416667"
"1704944432","993872395","0.0916667"
"993872395","1704944432","0.0916667"
"1882660324","2417970317","0.0416667"
"2417970317","1882660324","0.0416667"
"1882660324","993872395","0.0916667"
"993872395","1882660324","0.0916667"
"1888415499","2417970317","0.0416667"
"2417970317","1888415499","0.0416667"
"1888415499","993872395","0.0916667"
"993872395","1888415499","0.0916667"
"1921205474","2417970317","0.0416667"
"2417970317","1921205474","0.0416667"
"1921205474","993872395","0.0916667"
"993872395","1921205474","0.0916667"
"1938994291","2417970317","0.0416667"
"2417970317","1938994291","0.0416667"
"1938994291","993872395","0.0916667"
"993872395","1938994291","0.0916667"
"1942698359","2417970317","0.0416667"
"2417970317","1942698359","0.0416667"
"1942698359","993872395","0.0916667"
"993872395","1942698359","0.0916667"
"2270818082","2417970317","0.0416667"
"2417970317","2270818082","0.0416667"
"2270818082","993872395","0.0916667"
"993872395","2270818082","0.0916667"
"2288063082","2417970317","0.0416667"
"2417970317","2288063082","0.0416667"
"2288063082","993872395","0.0916667"
"993872395","2288063082","0.0916667"
"2297885833","2417970317","0.0416667"
"2417970317","2297885833","0.0416667"
"2297885833","993872395","0.0416667"
"993872395","2297885833","0.0416667"
"2298002141","2417970317","0.0416667"
"2417970317","2298002141","0.0416667"
"2298002141","993872395","0.0916667"
"993872395","2298002141","0.0916667"
"2403960038","2417970317","0.541667"
"2417970317","2403960038","0.541667"
"2403960038","993872395","0.258333"
"993872395","2403960038","0.258333"
"2416723496","2417970317","0.0416667"
"2417970317","2416723496","0.0416667"
"2416723496","993872395","10.7583"
"993872395","2416723496","10.7583"
"2417970317","2480263651","0.0416667"
"2480263651","2417970317","0.0416667"
"2417970317","2531736761","0.0416667"
"2531736761","2417970317","0.0416667"
"2417970317","2571117710","0.0416667"
"2571117710","2417970317","0.0416667"
"2417970317","2610885788","0.0416667"
"2610885788","2417970317","0.0416667"
"2417970317","2736253207","0.0416667"
"2736253207","2417970317","0.0416667"
"2417970317","292708383","0.0416667"
"292708383","2417970317","0.0416667"
"2417970317","969685069","0.0416667"
"969685069","2417970317","0.0416667"
"2417970317","986633868","0.0416667"
"986633868","2417970317","0.0416667"
"2417970317","993872395","0.0416667"
"993872395","2417970317","0.0416667"
"2480263651","993872395","0.425"
"993872395","2480263651","0.425"
"2531736761","993872395","0.425"
"993872395","2531736761","0.425"
"2571117710","993872395","0.0916667"
"993872395","2571117710","0.0916667"
"2610885788","993872395","0.258333"
"993872395","2610885788","0.258333"
"2736253207","993872395","0.0916667"
"993872395","2736253207","0.0916667"
"292708383","993872395","0.0416667"
"993872395","292708383","0.0416667"
"969685069","993872395","0.0916667"
"993872395","969685069","0.0916667"
"986633868","993872395","0.0916667"
"993872395","986633868","0.0916667"
"1005471885","976336120","0.05"
"976336120","1005471885","0.05"
"1590883559","976336120","0.05"
"976336120","1590883559","0.05"
"1704944432","976336120","0.05"
"976336120","1704944432","0.05"
"1882660324","976336120","0.05"
"976336120","1882660324","0.05"
"1888415499","976336120","0.05"
"976336120","1888415499","0.05"
"1921205474","976336120","0.05"
"976336120","1921205474","0.05"
"1938994291","976336120","0.05"
"976336120","1938994291","0.05"
"1942698359","976336120","0.05"
"976336120","1942698359","0.05"
"2270818082","976336120","0.05"
"976336120","2270818082","0.05"
"2288063082","976336120","0.05"
"976336120","2288063082","0.05"
"2297885833","976336120","0.05"
"976336120","2297885833","0.05"
"2403960038","976336120","0.05"
"976336120","2403960038","0.05"
"2416723496","976336120","0.216667"
"976336120","2416723496","0.216667"
"2480263651","976336120","0.216667"
"976336120","2480263651","0.216667"
"2531736761","976336120","0.216667"
"976336120","2531736761","0.216667"
"2571117710","976336120","0.55"
"976336120","2571117710","0.55"
"2610885788","976336120","9.71667"
"976336120","2610885788","9.71667"
"2736253207","976336120","0.05"
"976336120","2736253207","0.05"
"292708383","976336120","0.05"
"976336120","292708383","0.05"
"969685069","976336120","0.05"
"976336120","969685069","0.05"
"1005471885","972661019","0.0454545"
"972661019","1005471885","0.0454545"
"1020948624","972661019","0.0954545"
"972661019","1020948624","0.0954545"
"1590883559","972661019","0.154278"
"972661019","1590883559","0.154278"
"1704944432","972661019","0.154278"
"972661019","1704944432","0.154278"
"1882660324","972661019","0.154278"
"972661019","1882660324","0.154278"
"1888415499","972661019","0.154278"
"972661019","1888415499","0.154278"
"1921205474","972661019","0.154278"
"972661019","1921205474","0.154278"
"1938994291","972661019","0.154278"
"972661019","1938994291","0.154278"
"1942698359","972661019","0.154278"
"972661019","1942698359","0.154278"
"2270818082","972661019","0.154278"
"972661019","2270818082","0.154278"
"2288063082","972661019","0.320945"
"972661019","2288063082","0.320945"
"2297885833","972661019","0.0954545"
"972661019","2297885833","0.0954545"
"2298002141","972661019","0.154278"
"972661019","2298002141","0.154278"
"2403960038","972661019","8.82094"
"972661019","2403960038","8.82094"
"2416723496","972661019","0.320945"
"972661019","2416723496","0.320945"
"2480263651","972661019","0.487611"
"972661019","2480263651","0.487611"
"2531736761","972661019","0.437611"
"972661019","2531736761","0.437611"
"2571117710","972661019","0.654278"
"972661019","2571117710","0.654278"
"2610885788","972661019","0.154278"
"972661019","2610885788","0.154278"
"2736253207","972661019","0.487611"
"972661019","2736253207","0.487611"
"292708383","972661019","0.0454545"
"972661019","292708383","0.0454545"
"969685069","972661019","0.595455"
"972661019","969685069","0.595455"
"1014987567","1020948624","0.102632"
"1020948624","1014987567","0.102632"
"1014987567","1590883559","0.217763"
"1590883559","1014987567","0.217763"
"1014987567","1704944432","0.217763"
"1704944432","1014987567","0.217763"
"1014987567","1882660324","0.551096"
"1882660324","1014987567","0.551096"
"1014987567","1888415499","0.217763"
"1888415499","1014987567","0.217763"
"1014987567","1921205474","0.217763"
"1921205474","1014987567","0.217763"
"1014987567","1938994291","0.217763"
"1938994291","1014987567","0.217763"
"1014987567","1942698359","0.217763"
"1942698359","1014987567","0.217763"
"1014987567","2270818082","0.217763"
"2270818082","1014987567","0.217763"
"1014987567","2288063082","0.38443"
"2288063082","1014987567","0.38443"
"1014987567","2298002141","0.217763"
"2298002141","1014987567","0.217763"
"1014987567","2403960038","0.551096"
"2403960038","1014987567","0.551096"
"1014987567","2416723496","0.551096"
"2416723496","1014987567","0.551096"
"1014987567","2480263651","13.1344"
"2480263651","1014987567","13.1344"
"1014987567","2531736761","13.1344"
"2531736761","1014987567","13.1344"
"1014987567","2571117710","0.57193"
"2571117710","1014987567","0.57193"
"1014987567","2610885788","0.717763"
"2610885788","1014987567","0.717763"
"1014987567","2736253207","0.467763"
"2736253207","1014987567","0.467763"
"1014987567","969685069","0.102632"
"969685069","1014987567","0.102632"
"1014987567","972661019","0.333333"
"972661019","1014987567","0.333333"
"1014987567","1497293602","0.0526316"
"1497293602","1014987567","0.0526316"
"1014987567","2287087177","0.0526316"
"2287087177","1014987567","0.0526316"
"1497293602","1590883559","0.0526316"
"1590883559","1497293602","0.0526316"
"1497293602","1704944432","0.0526316"
"1704944432","1497293602","0.0526316"
"1497293602","1882660324","0.0526316"
"1882660324","1497293602","0.0526316"
"1497293602","1888415499","0.0526316"
"1888415499","1497293602","0.0526316"
"1497293602","1921205474","0.0526316"
"1921205474","1497293602","0.0526316"
"1497293602","1938994291","0.0526316"
"1938994291","1497293602","0.0526316"
"1497293602","1942698359","0.0526316"
"1942698359","1497293602","0.0526316"
"1497293602","2270818082","0.0526316"
"2270818082","1497293602","0.0526316"
"1497293602","2287087177","21.9026"
"2287087177","1497293602","21.9026"
"1497293602","2288063082","0.0526316"
"2288063082","1497293602","0.0526316"
"1497293602","2298002141","0.0526316"
"2298002141","1497293602","0.0526316"
"1497293602","2403960038","0.0526316"
"2403960038","1497293602","0.0526316"
"1497293602","2416723496","0.0526316"
"2416723496","1497293602","0.0526316"
"1497293602","2480263651","0.0526316"
"2480263651","1497293602","0.0526316"
"1497293602","2531736761","0.0526316"
"2531736761","1497293602","0.0526316"
"1497293602","2571117710","0.0526316"
"2571117710","1497293602","0.0526316"
"1497293602","2610885788","0.0526316"
"2610885788","1497293602","0.0526316"
"1497293602","2736253207","0.0526316"
"2736253207","1497293602","0.0526316"
"1590883559","2287087177","0.0526316"
"2287087177","1590883559","0.0526316"
"1704944432","2287087177","0.0526316"
"2287087177","1704944432","0.0526316"
"1882660324","2287087177","0.0526316"
"2287087177","1882660324","0.0526316"
"1888415499","2287087177","0.0526316"
"2287087177","1888415499","0.0526316"
"1921205474","2287087177","0.0526316"
"2287087177","1921205474","0.0526316"
"1938994291","2287087177","0.0526316"
"2287087177","1938994291","0.0526316"
"1942698359","2287087177","0.0526316"
"2287087177","1942698359","0.0526316"
"2270818082","2287087177","0.0526316"
"2287087177","2270818082","0.0526316"
"2287087177","2288063082","0.0526316"
"2288063082","2287087177","0.0526316"
"2287087177","2298002141","0.0526316"
"2298002141","2287087177","0.0526316"
"2287087177","2403960038","0.0526316"
"2403960038","2287087177","0.0526316"
"2287087177","2416723496","0.0526316"
"2416723496","2287087177","0.0526316"
"2287087177","2480263651","0.0526316"
"2480263651","2287087177","0.0526316"
"2287087177","2531736761","0.0526316"
"2531736761","2287087177","0.0526316"
"2287087177","2571117710","0.0526316"
"2571117710","2287087177","0.0526316"
"2287087177","2610885788","0.0526316"
"2610885788","2287087177","0.0526316"
"2287087177","2736253207","0.0526316"
"2736253207","2287087177","0.0526316"
"1014987567","986633868","0.05"
"986633868","1014987567","0.05"
"1014987567","976336120","0.166667"
"976336120","1014987567","0.166667"
"1014987567","993872395","0.333333"
"993872395","1014987567","0.333333"
"976336120","993872395","0.166667"
"993872395","976336120","0.166667"
"972661019","993872395","0.166667"
"993872395","972661019","0.166667"
"972661019","986633868","0.05"
"986633868","972661019","0.05"
"1020948624","2287921372","0.105263"
"2287921372","1020948624","0.105263"
"1590883559","2287921372","0.167763"
"2287921372","1590883559","0.167763"
"1704944432","2287921372","0.167763"
"2287921372","1704944432","0.167763"
"1882660324","2287921372","0.167763"
"2287921372","1882660324","0.167763"
"1888415499","2287921372","0.167763"
"2287921372","1888415499","0.167763"
"1921205474","2287921372","0.167763"
"2287921372","1921205474","0.167763"
"1938994291","2287921372","0.167763"
"2287921372","1938994291","0.167763"
"1942698359","2287921372","0.167763"
"2287921372","1942698359","0.167763"
"2270818082","2287921372","4.16776"
"2287921372","2270818082","4.16776"
"2287921372","2288063082","0.167763"
"2288063082","2287921372","0.167763"
"2287921372","2298002141","0.105263"
"2298002141","2287921372","0.105263"
"2287921372","2403960038","0.167763"
"2403960038","2287921372","0.167763"
"2287921372","2416723496","0.167763"
"2416723496","2287921372","0.167763"
"2287921372","2480263651","0.167763"
"2480263651","2287921372","0.167763"
"2287921372","2531736761","0.167763"
"2531736761","2287921372","0.167763"
"2287921372","2571117710","0.167763"
"2571117710","2287921372","0.167763"
"2287921372","2610885788","0.167763"
"2610885788","2287921372","0.167763"
"2287921372","2736253207","0.167763"
"2736253207","2287921372","0.167763"
"2287921372","969685069","0.105263"
"969685069","2287921372","0.105263"
"1497293602","2394752300","3.51667"
"2394752300","1497293602","3.51667"
"1497293602","2546439018","1.51667"
"2546439018","1497293602","1.51667"
"2287087177","2394752300","2.85"
"2394752300","2287087177","2.85"
"2287087177","2546439018","1.51667"
"2546439018","2287087177","1.51667"
"2394752300","2546439018","2.51667"
"2546439018","2394752300","2.51667"
"1497293602","2417970317","3.51667"
"2417970317","1497293602","3.51667"
"1497293602","2525115227","3.6"
"2525115227","1497293602","3.6"
"2287087177","2417970317","2.85"
"2417970317","2287087177","2.85"
"2287087177","2525115227","1.93333"
"2525115227","2287087177","1.93333"
"2394752300","2417970317","2.51667"
"2417970317","2394752300","2.51667"
"2394752300","2525115227","2.6"
"2525115227","2394752300","2.6"
"2417970317","2525115227","2.26667"
"2525115227","2417970317","2.26667"
"2417970317","2546439018","0.85"
"2546439018","2417970317","0.85"
"2525115227","2546439018","0.6"
"2546439018","2525115227","0.6"
"1590883559","2285992037","0.192157"
"2285992037","1590883559","0.192157"
"1704944432","2285992037","0.192157"
"2285992037","1704944432","0.192157"
"1882660324","2285992037","0.192157"
"2285992037","1882660324","0.192157"
"1921205474","2285992037","0.192157"
"2285992037","1921205474","0.192157"
"1938994291","2285992037","0.192157"
"2285992037","1938994291","0.192157"
"1942698359","2285992037","0.12549"
"2285992037","1942698359","0.12549"
"2270818082","2285992037","0.192157"
"2285992037","2270818082","0.192157"
"2285992037","2288063082","0.192157"
"2288063082","2285992037","0.192157"
"2285992037","2403960038","0.192157"
"2403960038","2285992037","0.192157"
"2285992037","2416723496","0.192157"
"2416723496","2285992037","0.192157"
"2285992037","2480263651","0.192157"
"2480263651","2285992037","0.192157"
"2285992037","2531736761","0.192157"
"2531736761","2285992037","0.192157"
"2285992037","2571117710","0.192157"
"2571117710","2285992037","0.192157"
"2285992037","2610885788","0.192157"
"2610885788","2285992037","0.192157"
"2285992037","2736253207","0.192157"
"2736253207","2285992037","0.192157"
"1888415499","2285992037","0.12549"
"2285992037","1888415499","0.12549"
"2285992037","2298002141","0.0588235"
"2298002141","2285992037","0.0588235"
"2394752300","956509908","4.33333"
"956509908","2394752300","4.33333"
"2394752300","2416723496","0.333333"
"2416723496","2394752300","0.333333"
"2394752300","993872395","0.333333"
"993872395","2394752300","0.333333"
"2416723496","956509908","0.333333"
"956509908","2416723496","0.333333"
"956509908","993872395","0.333333"
"993872395","956509908","0.333333"
"2417970317","972661019","0.5"
"972661019","2417970317","0.5"
