"2011353662","2311154773","4"
"2311154773","2011353662","4"
"2011353662","2612086564","1"
"2612086564","2011353662","1"
"2011353662","2612516176","1"
"2612516176","2011353662","1"
"2011353662","2613666450","1"
"2613666450","2011353662","1"
"2311154773","2612086564","1"
"2612086564","2311154773","1"
"2311154773","2612516176","1"
"2612516176","2311154773","1"
"2311154773","2613666450","1"
"2613666450","2311154773","1"
"2612086564","2612516176","1"
"2612516176","2612086564","1"
"2612086564","2613666450","1"
"2613666450","2612086564","1"
"2612516176","2613666450","1"
"2613666450","2612516176","1"
"2011353662","2124876978","2"
"2124876978","2011353662","2"
"2011353662","2490281068","1"
"2490281068","2011353662","1"
"2124876978","2490281068","1"
"2490281068","2124876978","1"
"2011353662","2145050651","13"
"2145050651","2011353662","13"
"2011353662","2166117569","32"
"2166117569","2011353662","32"
"2145050651","2166117569","10"
"2166117569","2145050651","10"
"2011353662","697582","2"
"697582","2011353662","2"
"2011353662","123920419","1"
"123920419","2011353662","1"
"2011353662","189335435","25"
"189335435","2011353662","25"
"2011353662","1971801425","2"
"1971801425","2011353662","2"
"2011353662","2144557644","18"
"2144557644","2011353662","18"
"2011353662","2310896500","10"
"2310896500","2011353662","10"
"697582","123920419","1"
"123920419","697582","1"
"697582","189335435","2"
"189335435","697582","2"
"697582","1971801425","2"
"1971801425","697582","2"
"697582","2144557644","2"
"2144557644","697582","2"
"697582","2310896500","2"
"2310896500","697582","2"
"123920419","189335435","1"
"189335435","123920419","1"
"123920419","1971801425","1"
"1971801425","123920419","1"
"123920419","2144557644","1"
"2144557644","123920419","1"
"123920419","2310896500","1"
"2310896500","123920419","1"
"189335435","1971801425","2"
"1971801425","189335435","2"
"189335435","2144557644","2"
"2144557644","189335435","2"
"189335435","2310896500","2"
"2310896500","189335435","2"
"1971801425","2144557644","2"
"2144557644","1971801425","2"
"1971801425","2310896500","2"
"2310896500","1971801425","2"
"2144557644","2310896500","10"
"2310896500","2144557644","10"
"2011353662","2723102606","1"
"2723102606","2011353662","1"
"2011353662","2777665143","4"
"2777665143","2011353662","4"
"189335435","2723102606","1"
"2723102606","189335435","1"
"189335435","2777665143","2"
"2777665143","189335435","2"
"2723102606","2777665143","1"
"2777665143","2723102606","1"
"2011353662","2101064637","1"
"2101064637","2011353662","1"
"2011353662","2114898780","1"
"2114898780","2011353662","1"
"2011353662","2618306594","1"
"2618306594","2011353662","1"
"2101064637","2114898780","1"
"2114898780","2101064637","1"
"2101064637","2618306594","1"
"2618306594","2101064637","1"
"2114898780","2618306594","1"
"2618306594","2114898780","1"
"2011353662","2133292428","8"
"2133292428","2011353662","8"
"2133292428","2144557644","6"
"2144557644","2133292428","6"
"2011353662","2223677058","5"
"2223677058","2011353662","5"
"2011353662","499017155","2"
"499017155","2011353662","2"
"2011353662","2149904132","4"
"2149904132","2011353662","4"
"499017155","2149904132","2"
"2149904132","499017155","2"
"2011353662","2311345609","11"
"2311345609","2011353662","11"
"2011353662","2403407890","4"
"2403407890","2011353662","4"
"2011353662","2807279536","1"
"2807279536","2011353662","1"
"2311345609","2403407890","3"
"2403407890","2311345609","3"
"2311345609","2807279536","1"
"2807279536","2311345609","1"
"2403407890","2807279536","1"
"2807279536","2403407890","1"
"2011353662","429759777","1"
"429759777","2011353662","1"
"2011353662","1582049571","3"
"1582049571","2011353662","3"
"2011353662","1977083973","3"
"1977083973","2011353662","3"
"2011353662","2301668918","4"
"2301668918","2011353662","4"
"1582049571","1977083973","1"
"1977083973","1582049571","1"
"1582049571","2301668918","1"
"2301668918","1582049571","1"
"1977083973","2301668918","2"
"2301668918","1977083973","2"
"2011353662","2614764244","1"
"2614764244","2011353662","1"
"2011353662","2617010009","1"
"2617010009","2011353662","1"
"2011353662","2664241146","1"
"2664241146","2011353662","1"
"2011353662","2973943859","1"
"2973943859","2011353662","1"
"2311154773","2614764244","1"
"2614764244","2311154773","1"
"2311154773","2617010009","1"
"2617010009","2311154773","1"
"2311154773","2664241146","1"
"2664241146","2311154773","1"
"2311154773","2973943859","1"
"2973943859","2311154773","1"
"2614764244","2617010009","1"
"2617010009","2614764244","1"
"2614764244","2664241146","1"
"2664241146","2614764244","1"
"2614764244","2973943859","1"
"2973943859","2614764244","1"
"2617010009","2664241146","1"
"2664241146","2617010009","1"
"2617010009","2973943859","1"
"2973943859","2617010009","1"
"2664241146","2973943859","1"
"2973943859","2664241146","1"
"2011353662","19013311","9"
"19013311","2011353662","9"
"2011353662","2179818723","4"
"2179818723","2011353662","4"
"2011353662","2114606172","3"
"2114606172","2011353662","3"
"2011353662","2423497048","6"
"2423497048","2011353662","6"
"2011353662","2571351128","1"
"2571351128","2011353662","1"
"2114606172","2311345609","3"
"2311345609","2114606172","3"
"2114606172","2423497048","2"
"2423497048","2114606172","2"
"2114606172","2571351128","1"
"2571351128","2114606172","1"
"2311345609","2423497048","3"
"2423497048","2311345609","3"
"2311345609","2571351128","1"
"2571351128","2311345609","1"
"2423497048","2571351128","1"
"2571351128","2423497048","1"
"2011353662","2646116983","1"
"2646116983","2011353662","1"
"2011353662","226020416","8"
"226020416","2011353662","8"
"19013311","226020416","2"
"226020416","19013311","2"
"19013311","2166117569","1"
"2166117569","19013311","1"
"226020416","2166117569","7"
"2166117569","226020416","7"
"2011353662","2002214679","1"
"2002214679","2011353662","1"
"2011353662","2137164927","1"
"2137164927","2011353662","1"
"2011353662","2974655237","2"
"2974655237","2011353662","2"
"2002214679","2137164927","1"
"2137164927","2002214679","1"
"2002214679","2223677058","1"
"2223677058","2002214679","1"
"2002214679","2974655237","1"
"2974655237","2002214679","1"
"2137164927","2223677058","1"
"2223677058","2137164927","1"
"2137164927","2974655237","1"
"2974655237","2137164927","1"
"2223677058","2974655237","1"
"2974655237","2223677058","1"
"2011353662","2068686281","9"
"2068686281","2011353662","9"
"2011353662","2131344114","1"
"2131344114","2011353662","1"
"2011353662","2645278157","1"
"2645278157","2011353662","1"
"2011353662","2697881962","1"
"2697881962","2011353662","1"
"2068686281","2131344114","1"
"2131344114","2068686281","1"
"2068686281","2645278157","1"
"2645278157","2068686281","1"
"2068686281","2697881962","1"
"2697881962","2068686281","1"
"2131344114","2645278157","1"
"2645278157","2131344114","1"
"2131344114","2697881962","1"
"2697881962","2131344114","1"
"2645278157","2697881962","1"
"2697881962","2645278157","1"
"2011353662","2207837807","8"
"2207837807","2011353662","8"
"2011353662","2607699027","6"
"2607699027","2011353662","6"
"189335435","2207837807","4"
"2207837807","189335435","4"
"189335435","2311154773","2"
"2311154773","189335435","2"
"189335435","2607699027","2"
"2607699027","189335435","2"
"2207837807","2311154773","2"
"2311154773","2207837807","2"
"2207837807","2607699027","6"
"2607699027","2207837807","6"
"2311154773","2607699027","2"
"2607699027","2311154773","2"
"2011353662","2119089285","4"
"2119089285","2011353662","4"
"2011353662","2642228756","1"
"2642228756","2011353662","1"
"2011353662","2718945092","1"
"2718945092","2011353662","1"
"2119089285","2642228756","1"
"2642228756","2119089285","1"
"2119089285","2718945092","1"
"2718945092","2119089285","1"
"2642228756","2718945092","1"
"2718945092","2642228756","1"
"2011353662","1309565271","5"
"1309565271","2011353662","5"
"2011353662","2098207907","4"
"2098207907","2011353662","4"
"1309565271","2098207907","3"
"2098207907","1309565271","3"
"1309565271","2166117569","2"
"2166117569","1309565271","2"
"2098207907","2166117569","3"
"2166117569","2098207907","3"
"2011353662","2089012020","3"
"2089012020","2011353662","3"
"189335435","2089012020","3"
"2089012020","189335435","3"
"189335435","2311345609","2"
"2311345609","189335435","2"
"2089012020","2311345609","2"
"2311345609","2089012020","2"
"2011353662","2135984806","1"
"2135984806","2011353662","1"
"2011353662","2281520894","1"
"2281520894","2011353662","1"
"2011353662","347047298","3"
"347047298","2011353662","3"
"2011353662","2033422147","7"
"2033422147","2011353662","7"
"2011353662","2974092490","1"
"2974092490","2011353662","1"
"347047298","2033422147","3"
"2033422147","347047298","3"
"347047298","2098207907","1"
"2098207907","347047298","1"
"347047298","2145050651","3"
"2145050651","347047298","3"
"347047298","2166117569","2"
"2166117569","347047298","2"
"347047298","2974092490","1"
"2974092490","347047298","1"
"2033422147","2098207907","1"
"2098207907","2033422147","1"
"2033422147","2145050651","4"
"2145050651","2033422147","4"
"2033422147","2166117569","3"
"2166117569","2033422147","3"
"2033422147","2974092490","1"
"2974092490","2033422147","1"
"2098207907","2145050651","1"
"2145050651","2098207907","1"
"2098207907","2974092490","1"
"2974092490","2098207907","1"
"2145050651","2974092490","1"
"2974092490","2145050651","1"
"2166117569","2974092490","1"
"2974092490","2166117569","1"
"1977083973","2179818723","1"
"2179818723","1977083973","1"
"2179818723","2301668918","1"
"2301668918","2179818723","1"
"2011353662","2113574951","3"
"2113574951","2011353662","3"
"2011353662","2113880724","3"
"2113880724","2011353662","3"
"2011353662","2132308597","3"
"2132308597","2011353662","3"
"2011353662","3001351320","3"
"3001351320","2011353662","3"
"2113574951","2113880724","3"
"2113880724","2113574951","3"
"2113574951","2132308597","3"
"2132308597","2113574951","3"
"2113574951","3001351320","3"
"3001351320","2113574951","3"
"2113880724","2132308597","3"
"2132308597","2113880724","3"
"2113880724","3001351320","3"
"3001351320","2113880724","3"
"2132308597","3001351320","3"
"3001351320","2132308597","3"
"2011353662","284725128","2"
"284725128","2011353662","2"
"2011353662","1590170623","3"
"1590170623","2011353662","3"
"2011353662","2127845230","3"
"2127845230","2011353662","3"
"2011353662","2149595797","4"
"2149595797","2011353662","4"
"2011353662","2551251208","1"
"2551251208","2011353662","1"
"2011353662","2551931846","1"
"2551931846","2011353662","1"
"2011353662","2553371043","1"
"2553371043","2011353662","1"
"2011353662","2973771553","1"
"2973771553","2011353662","1"
"284725128","1590170623","1"
"1590170623","284725128","1"
"284725128","2127845230","2"
"2127845230","284725128","2"
"284725128","2145050651","1"
"2145050651","284725128","1"
"284725128","2149595797","2"
"2149595797","284725128","2"
"284725128","2403407890","2"
"2403407890","284725128","2"
"284725128","2551251208","1"
"2551251208","284725128","1"
"284725128","2551931846","1"
"2551931846","284725128","1"
"284725128","2553371043","1"
"2553371043","284725128","1"
"284725128","2973771553","1"
"2973771553","284725128","1"
"1590170623","2127845230","1"
"2127845230","1590170623","1"
"1590170623","2145050651","1"
"2145050651","1590170623","1"
"1590170623","2149595797","1"
"2149595797","1590170623","1"
"1590170623","2403407890","1"
"2403407890","1590170623","1"
"1590170623","2551251208","1"
"2551251208","1590170623","1"
"1590170623","2551931846","1"
"2551931846","1590170623","1"
"1590170623","2553371043","1"
"2553371043","1590170623","1"
"1590170623","2973771553","1"
"2973771553","1590170623","1"
"2127845230","2145050651","1"
"2145050651","2127845230","1"
"2127845230","2149595797","3"
"2149595797","2127845230","3"
"2127845230","2403407890","3"
"2403407890","2127845230","3"
"2127845230","2551251208","1"
"2551251208","2127845230","1"
"2127845230","2551931846","1"
"2551931846","2127845230","1"
"2127845230","2553371043","1"
"2553371043","2127845230","1"
"2127845230","2973771553","1"
"2973771553","2127845230","1"
"2145050651","2149595797","1"
"2149595797","2145050651","1"
"2145050651","2403407890","1"
"2403407890","2145050651","1"
"2145050651","2551251208","1"
"2551251208","2145050651","1"
"2145050651","2551931846","1"
"2551931846","2145050651","1"
"2145050651","2553371043","1"
"2553371043","2145050651","1"
"2145050651","2973771553","1"
"2973771553","2145050651","1"
"2149595797","2403407890","3"
"2403407890","2149595797","3"
"2149595797","2551251208","1"
"2551251208","2149595797","1"
"2149595797","2551931846","1"
"2551931846","2149595797","1"
"2149595797","2553371043","1"
"2553371043","2149595797","1"
"2149595797","2973771553","1"
"2973771553","2149595797","1"
"2403407890","2551251208","1"
"2551251208","2403407890","1"
"2403407890","2551931846","1"
"2551931846","2403407890","1"
"2403407890","2553371043","1"
"2553371043","2403407890","1"
"2403407890","2973771553","1"
"2973771553","2403407890","1"
"2551251208","2551931846","1"
"2551931846","2551251208","1"
"2551251208","2553371043","1"
"2553371043","2551251208","1"
"2551251208","2973771553","1"
"2973771553","2551251208","1"
"2551931846","2553371043","1"
"2553371043","2551931846","1"
"2551931846","2973771553","1"
"2973771553","2551931846","1"
"2553371043","2973771553","1"
"2973771553","2553371043","1"
"2011353662","258753967","1"
"258753967","2011353662","1"
"2011353662","2610196983","1"
"2610196983","2011353662","1"
"258753967","2207837807","1"
"2207837807","258753967","1"
"258753967","2607699027","1"
"2607699027","258753967","1"
"258753967","2610196983","1"
"2610196983","258753967","1"
"2207837807","2610196983","1"
"2610196983","2207837807","1"
"2607699027","2610196983","1"
"2610196983","2607699027","1"
"2133292428","2166117569","1"
"2166117569","2133292428","1"
"2011353662","739446445","6"
"739446445","2011353662","6"
"2011353662","1277081246","5"
"1277081246","2011353662","5"
"2011353662","2114094927","2"
"2114094927","2011353662","2"
"2011353662","2661173953","4"
"2661173953","2011353662","4"
"189335435","739446445","3"
"739446445","189335435","3"
"189335435","1277081246","3"
"1277081246","189335435","3"
"189335435","2114094927","1"
"2114094927","189335435","1"
"189335435","2661173953","2"
"2661173953","189335435","2"
"739446445","1277081246","5"
"1277081246","739446445","5"
"739446445","2114094927","2"
"2114094927","739446445","2"
"739446445","2661173953","4"
"2661173953","739446445","4"
"1277081246","2114094927","2"
"2114094927","1277081246","2"
"1277081246","2661173953","4"
"2661173953","1277081246","4"
"2114094927","2661173953","2"
"2661173953","2114094927","2"
"2011353662","215035266","7"
"215035266","2011353662","7"
"215035266","2166117569","7"
"2166117569","215035266","7"
"2011353662","2223390507","4"
"2223390507","2011353662","4"
"215035266","2145050651","5"
"2145050651","215035266","5"
"2011353662","2161946283","1"
"2161946283","2011353662","1"
"2011353662","2279460848","2"
"2279460848","2011353662","2"
"2068686281","2161946283","1"
"2161946283","2068686281","1"
"2068686281","2279460848","2"
"2279460848","2068686281","2"
"2161946283","2279460848","1"
"2279460848","2161946283","1"
"2011353662","2106335481","1"
"2106335481","2011353662","1"
"215035266","2106335481","1"
"2106335481","215035266","1"
"2106335481","2145050651","1"
"2145050651","2106335481","1"
"2106335481","2166117569","1"
"2166117569","2106335481","1"
"2011353662","2984792652","1"
"2984792652","2011353662","1"
"19013311","2984792652","1"
"2984792652","19013311","1"
"2114606172","2133292428","1"
"2133292428","2114606172","1"
"2114606172","2144557644","1"
"2144557644","2114606172","1"
"2133292428","2311345609","1"
"2311345609","2133292428","1"
"2144557644","2311345609","1"
"2311345609","2144557644","1"
"2011353662","1988688045","5"
"1988688045","2011353662","5"
"2011353662","2409716886","1"
"2409716886","2011353662","1"
"2149904132","2409716886","1"
"2409716886","2149904132","1"
"2011353662","993636296","2"
"993636296","2011353662","2"
"2011353662","1964015574","3"
"1964015574","2011353662","3"
"2011353662","2713345325","1"
"2713345325","2011353662","1"
"189335435","226020416","1"
"226020416","189335435","1"
"189335435","993636296","2"
"993636296","189335435","2"
"189335435","1964015574","2"
"1964015574","189335435","2"
"189335435","2166117569","6"
"2166117569","189335435","6"
"189335435","2713345325","1"
"2713345325","189335435","1"
"226020416","993636296","1"
"993636296","226020416","1"
"226020416","1964015574","1"
"1964015574","226020416","1"
"226020416","2713345325","1"
"2713345325","226020416","1"
"993636296","1964015574","2"
"1964015574","993636296","2"
"993636296","2166117569","2"
"2166117569","993636296","2"
"993636296","2713345325","1"
"2713345325","993636296","1"
"1964015574","2166117569","2"
"2166117569","1964015574","2"
"1964015574","2713345325","1"
"2713345325","1964015574","1"
"2166117569","2713345325","1"
"2713345325","2166117569","1"
"2011353662","2499795342","1"
"2499795342","2011353662","1"
"2011353662","2715404153","1"
"2715404153","2011353662","1"
"2499795342","2715404153","1"
"2715404153","2499795342","1"
"2011353662","223924349","1"
"223924349","2011353662","1"
"2011353662","2134253000","1"
"2134253000","2011353662","1"
"189335435","223924349","1"
"223924349","189335435","1"
"189335435","2134253000","1"
"2134253000","189335435","1"
"189335435","2223677058","1"
"2223677058","189335435","1"
"189335435","2301668918","1"
"2301668918","189335435","1"
"223924349","2134253000","1"
"2134253000","223924349","1"
"223924349","2207837807","1"
"2207837807","223924349","1"
"223924349","2223677058","1"
"2223677058","223924349","1"
"223924349","2301668918","1"
"2301668918","223924349","1"
"2134253000","2207837807","1"
"2207837807","2134253000","1"
"2134253000","2223677058","1"
"2223677058","2134253000","1"
"2134253000","2301668918","1"
"2301668918","2134253000","1"
"2207837807","2223677058","1"
"2223677058","2207837807","1"
"2207837807","2301668918","1"
"2301668918","2207837807","1"
"2223677058","2301668918","1"
"2301668918","2223677058","1"
"284725128","2311345609","1"
"2311345609","284725128","1"
"2127845230","2311345609","2"
"2311345609","2127845230","2"
"2149595797","2311345609","2"
"2311345609","2149595797","2"
"2011353662","1969242783","2"
"1969242783","2011353662","2"
"2011353662","2225750797","1"
"2225750797","2011353662","1"
"1969242783","1988688045","1"
"1988688045","1969242783","1"
"1969242783","2225750797","1"
"2225750797","1969242783","1"
"1988688045","2225750797","1"
"2225750797","1988688045","1"
"2011353662","1998923582","1"
"1998923582","2011353662","1"
"1590170623","1998923582","1"
"1998923582","1590170623","1"
"2011353662","50618342","1"
"50618342","2011353662","1"
"2011353662","1898928781","1"
"1898928781","2011353662","1"
"2011353662","2181639357","2"
"2181639357","2011353662","2"
"50618342","1898928781","1"
"1898928781","50618342","1"
"50618342","1988688045","1"
"1988688045","50618342","1"
"50618342","2166117569","1"
"2166117569","50618342","1"
"50618342","2181639357","1"
"2181639357","50618342","1"
"1898928781","1988688045","1"
"1988688045","1898928781","1"
"1898928781","2166117569","1"
"2166117569","1898928781","1"
"1898928781","2181639357","1"
"2181639357","1898928781","1"
"1988688045","2166117569","3"
"2166117569","1988688045","3"
"1988688045","2181639357","1"
"2181639357","1988688045","1"
"2166117569","2181639357","1"
"2181639357","2166117569","1"
"2011353662","2100771178","3"
"2100771178","2011353662","3"
"2011353662","2690854273","1"
"2690854273","2011353662","1"
"2011353662","2098753782","2"
"2098753782","2011353662","2"
"2011353662","2262040313","1"
"2262040313","2011353662","1"
"2011353662","2460167704","1"
"2460167704","2011353662","1"
"2262040313","2460167704","1"
"2460167704","2262040313","1"
"2011353662","85310976","2"
"85310976","2011353662","2"
"2011353662","1382214062","1"
"1382214062","2011353662","1"
"2011353662","1785551945","1"
"1785551945","2011353662","1"
"2011353662","2097474894","1"
"2097474894","2011353662","1"
"2011353662","2104477647","1"
"2104477647","2011353662","1"
"2011353662","2120809121","1"
"2120809121","2011353662","1"
"2011353662","2150992688","1"
"2150992688","2011353662","1"
"2011353662","2180706138","1"
"2180706138","2011353662","1"
"2011353662","2483420541","1"
"2483420541","2011353662","1"
"2011353662","2658737921","1"
"2658737921","2011353662","1"
"2011353662","2703439640","1"
"2703439640","2011353662","1"
"2011353662","2762522073","1"
"2762522073","2011353662","1"
"85310976","1382214062","1"
"1382214062","85310976","1"
"85310976","1785551945","1"
"1785551945","85310976","1"
"85310976","2068686281","1"
"2068686281","85310976","1"
"85310976","2097474894","1"
"2097474894","85310976","1"
"85310976","2104477647","1"
"2104477647","85310976","1"
"85310976","2120809121","1"
"2120809121","85310976","1"
"85310976","2150992688","1"
"2150992688","85310976","1"
"85310976","2180706138","1"
"2180706138","85310976","1"
"85310976","2483420541","1"
"2483420541","85310976","1"
"85310976","2658737921","1"
"2658737921","85310976","1"
"85310976","2703439640","1"
"2703439640","85310976","1"
"85310976","2762522073","1"
"2762522073","85310976","1"
"1382214062","1785551945","1"
"1785551945","1382214062","1"
"1382214062","2068686281","1"
"2068686281","1382214062","1"
"1382214062","2097474894","1"
"2097474894","1382214062","1"
"1382214062","2104477647","1"
"2104477647","1382214062","1"
"1382214062","2120809121","1"
"2120809121","1382214062","1"
"1382214062","2150992688","1"
"2150992688","1382214062","1"
"1382214062","2180706138","1"
"2180706138","1382214062","1"
"1382214062","2483420541","1"
"2483420541","1382214062","1"
"1382214062","2658737921","1"
"2658737921","1382214062","1"
"1382214062","2703439640","1"
"2703439640","1382214062","1"
"1382214062","2762522073","1"
"2762522073","1382214062","1"
"1785551945","2068686281","1"
"2068686281","1785551945","1"
"1785551945","2097474894","1"
"2097474894","1785551945","1"
"1785551945","2104477647","1"
"2104477647","1785551945","1"
"1785551945","2120809121","1"
"2120809121","1785551945","1"
"1785551945","2150992688","1"
"2150992688","1785551945","1"
"1785551945","2180706138","1"
"2180706138","1785551945","1"
"1785551945","2483420541","1"
"2483420541","1785551945","1"
"1785551945","2658737921","1"
"2658737921","1785551945","1"
"1785551945","2703439640","1"
"2703439640","1785551945","1"
"1785551945","2762522073","1"
"2762522073","1785551945","1"
"2068686281","2097474894","1"
"2097474894","2068686281","1"
"2068686281","2104477647","1"
"2104477647","2068686281","1"
"2068686281","2120809121","1"
"2120809121","2068686281","1"
"2068686281","2150992688","1"
"2150992688","2068686281","1"
"2068686281","2180706138","1"
"2180706138","2068686281","1"
"2068686281","2483420541","1"
"2483420541","2068686281","1"
"2068686281","2658737921","1"
"2658737921","2068686281","1"
"2068686281","2703439640","1"
"2703439640","2068686281","1"
"2068686281","2762522073","1"
"2762522073","2068686281","1"
"2097474894","2104477647","1"
"2104477647","2097474894","1"
"2097474894","2120809121","1"
"2120809121","2097474894","1"
"2097474894","2150992688","1"
"2150992688","2097474894","1"
"2097474894","2180706138","1"
"2180706138","2097474894","1"
"2097474894","2483420541","1"
"2483420541","2097474894","1"
"2097474894","2658737921","1"
"2658737921","2097474894","1"
"2097474894","2703439640","1"
"2703439640","2097474894","1"
"2097474894","2762522073","1"
"2762522073","2097474894","1"
"2104477647","2120809121","1"
"2120809121","2104477647","1"
"2104477647","2150992688","1"
"2150992688","2104477647","1"
"2104477647","2180706138","1"
"2180706138","2104477647","1"
"2104477647","2483420541","1"
"2483420541","2104477647","1"
"2104477647","2658737921","1"
"2658737921","2104477647","1"
"2104477647","2703439640","1"
"2703439640","2104477647","1"
"2104477647","2762522073","1"
"2762522073","2104477647","1"
"2120809121","2150992688","1"
"2150992688","2120809121","1"
"2120809121","2180706138","1"
"2180706138","2120809121","1"
"2120809121","2483420541","1"
"2483420541","2120809121","1"
"2120809121","2658737921","1"
"2658737921","2120809121","1"
"2120809121","2703439640","1"
"2703439640","2120809121","1"
"2120809121","2762522073","1"
"2762522073","2120809121","1"
"2150992688","2180706138","1"
"2180706138","2150992688","1"
"2150992688","2483420541","1"
"2483420541","2150992688","1"
"2150992688","2658737921","1"
"2658737921","2150992688","1"
"2150992688","2703439640","1"
"2703439640","2150992688","1"
"2150992688","2762522073","1"
"2762522073","2150992688","1"
"2180706138","2483420541","1"
"2483420541","2180706138","1"
"2180706138","2658737921","1"
"2658737921","2180706138","1"
"2180706138","2703439640","1"
"2703439640","2180706138","1"
"2180706138","2762522073","1"
"2762522073","2180706138","1"
"2483420541","2658737921","1"
"2658737921","2483420541","1"
"2483420541","2703439640","1"
"2703439640","2483420541","1"
"2483420541","2762522073","1"
"2762522073","2483420541","1"
"2658737921","2703439640","1"
"2703439640","2658737921","1"
"2658737921","2762522073","1"
"2762522073","2658737921","1"
"2703439640","2762522073","1"
"2762522073","2703439640","1"
"2011353662","2973707255","1"
"2973707255","2011353662","1"
"2011353662","2982711730","1"
"2982711730","2011353662","1"
"2011353662","1974522885","1"
"1974522885","2011353662","1"
"2011353662","2010538101","1"
"2010538101","2011353662","1"
"2011353662","2030392433","1"
"2030392433","2011353662","1"
"2011353662","2095595419","1"
"2095595419","2011353662","1"
"2011353662","2107292848","5"
"2107292848","2011353662","5"
"2011353662","2924674045","1"
"2924674045","2011353662","1"
"1974522885","2010538101","1"
"2010538101","1974522885","1"
"1974522885","2030392433","1"
"2030392433","1974522885","1"
"1974522885","2095595419","1"
"2095595419","1974522885","1"
"1974522885","2107292848","1"
"2107292848","1974522885","1"
"1974522885","2311345609","1"
"2311345609","1974522885","1"
"1974522885","2924674045","1"
"2924674045","1974522885","1"
"2010538101","2030392433","1"
"2030392433","2010538101","1"
"2010538101","2095595419","1"
"2095595419","2010538101","1"
"2010538101","2107292848","1"
"2107292848","2010538101","1"
"2010538101","2311345609","1"
"2311345609","2010538101","1"
"2010538101","2924674045","1"
"2924674045","2010538101","1"
"2030392433","2095595419","1"
"2095595419","2030392433","1"
"2030392433","2107292848","1"
"2107292848","2030392433","1"
"2030392433","2311345609","1"
"2311345609","2030392433","1"
"2030392433","2924674045","1"
"2924674045","2030392433","1"
"2095595419","2107292848","1"
"2107292848","2095595419","1"
"2095595419","2311345609","1"
"2311345609","2095595419","1"
"2095595419","2924674045","1"
"2924674045","2095595419","1"
"2107292848","2311345609","2"
"2311345609","2107292848","2"
"2107292848","2924674045","1"
"2924674045","2107292848","1"
"2311345609","2924674045","1"
"2924674045","2311345609","1"
"189335435","2119089285","1"
"2119089285","189335435","1"
"993636296","2119089285","1"
"2119089285","993636296","1"
"1964015574","2119089285","1"
"2119089285","1964015574","1"
"2119089285","2166117569","1"
"2166117569","2119089285","1"
"2011353662","3005145944","2"
"3005145944","2011353662","2"
"2011353662","90501106","2"
"90501106","2011353662","2"
"2011353662","2973581264","1"
"2973581264","2011353662","1"
"90501106","2973581264","1"
"2973581264","90501106","1"
"2011353662","2435522283","1"
"2435522283","2011353662","1"
"189335435","2435522283","1"
"2435522283","189335435","1"
"739446445","2435522283","1"
"2435522283","739446445","1"
"1277081246","2435522283","1"
"2435522283","1277081246","1"
"2435522283","2661173953","1"
"2661173953","2435522283","1"
"2011353662","2013952569","1"
"2013952569","2011353662","1"
"2011353662","2721639742","1"
"2721639742","2011353662","1"
"2013952569","2721639742","1"
"2721639742","2013952569","1"
"2166117569","2777665143","2"
"2777665143","2166117569","2"
"2011353662","2286912374","1"
"2286912374","2011353662","1"
"2068686281","2286912374","1"
"2286912374","2068686281","1"
"2279460848","2286912374","1"
"2286912374","2279460848","1"
"2011353662","2983157354","1"
"2983157354","2011353662","1"
"2100771178","2983157354","1"
"2983157354","2100771178","1"
"2011353662","2429251397","1"
"2429251397","2011353662","1"
"2011353662","2505467200","1"
"2505467200","2011353662","1"
"2011353662","2705040183","1"
"2705040183","2011353662","1"
"1309565271","2429251397","1"
"2429251397","1309565271","1"
"1309565271","2505467200","1"
"2505467200","1309565271","1"
"1309565271","2705040183","1"
"2705040183","1309565271","1"
"2429251397","2505467200","1"
"2505467200","2429251397","1"
"2429251397","2705040183","1"
"2705040183","2429251397","1"
"2505467200","2705040183","1"
"2705040183","2505467200","1"
"2011353662","2161000474","1"
"2161000474","2011353662","1"
"215035266","2161000474","1"
"2161000474","215035266","1"
"2161000474","2166117569","1"
"2166117569","2161000474","1"
"2011353662","2151179467","4"
"2151179467","2011353662","4"
"2011353662","693995850","1"
"693995850","2011353662","1"
"2011353662","2146304992","1"
"2146304992","2011353662","1"
"2011353662","2986543837","1"
"2986543837","2011353662","1"
"189335435","693995850","1"
"693995850","189335435","1"
"189335435","2146304992","1"
"2146304992","189335435","1"
"189335435","2986543837","1"
"2986543837","189335435","1"
"693995850","2146304992","1"
"2146304992","693995850","1"
"693995850","2986543837","1"
"2986543837","693995850","1"
"2146304992","2986543837","1"
"2986543837","2146304992","1"
"2011353662","2698209362","1"
"2698209362","2011353662","1"
"2011353662","2397442091","1"
"2397442091","2011353662","1"
"2011353662","2692525257","1"
"2692525257","2011353662","1"
"2011353662","2974720971","1"
"2974720971","2011353662","1"
"90501106","2974720971","1"
"2974720971","90501106","1"
"2124876978","2144557644","1"
"2144557644","2124876978","1"
"2011353662","2062950074","1"
"2062950074","2011353662","1"
"2011353662","2250564152","2"
"2250564152","2011353662","2"
"215035266","2062950074","1"
"2062950074","215035266","1"
"215035266","2250564152","2"
"2250564152","215035266","2"
"215035266","2423497048","2"
"2423497048","215035266","2"
"2062950074","2145050651","1"
"2145050651","2062950074","1"
"2062950074","2166117569","1"
"2166117569","2062950074","1"
"2062950074","2250564152","1"
"2250564152","2062950074","1"
"2062950074","2423497048","1"
"2423497048","2062950074","1"
"2145050651","2250564152","2"
"2250564152","2145050651","2"
"2145050651","2423497048","2"
"2423497048","2145050651","2"
"2166117569","2250564152","2"
"2250564152","2166117569","2"
"2166117569","2423497048","3"
"2423497048","2166117569","3"
"2250564152","2423497048","2"
"2423497048","2250564152","2"
"2011353662","1275617478","1"
"1275617478","2011353662","1"
"2011353662","2091988586","3"
"2091988586","2011353662","3"
"19013311","2091988586","1"
"2091988586","19013311","1"
"2151179467","2207837807","3"
"2207837807","2151179467","3"
"2151179467","2607699027","3"
"2607699027","2151179467","3"
"2011353662","2651149059","1"
"2651149059","2011353662","1"
"2011353662","2844520834","1"
"2844520834","2011353662","1"
"2651149059","2844520834","1"
"2844520834","2651149059","1"
"2011353662","2230702913","1"
"2230702913","2011353662","1"
"2181639357","2230702913","1"
"2230702913","2181639357","1"
"2011353662","121693904","1"
"121693904","2011353662","1"
"2011353662","2630537091","1"
"2630537091","2011353662","1"
"121693904","2166117569","1"
"2166117569","121693904","1"
"121693904","2423497048","1"
"2423497048","121693904","1"
"121693904","2630537091","1"
"2630537091","121693904","1"
"2166117569","2630537091","1"
"2630537091","2166117569","1"
"2423497048","2630537091","1"
"2630537091","2423497048","1"
"2011353662","2288188657","1"
"2288188657","2011353662","1"
"1309565271","2288188657","1"
"2288188657","1309565271","1"
"2033422147","2223390507","3"
"2223390507","2033422147","3"
"2011353662","2985725890","1"
"2985725890","2011353662","1"
"2011353662","2916644209","1"
"2916644209","2011353662","1"
"2145050651","2916644209","1"
"2916644209","2145050651","1"
"2166117569","2916644209","1"
"2916644209","2166117569","1"
"189335435","1988688045","1"
"1988688045","189335435","1"
"189335435","2033422147","4"
"2033422147","189335435","4"
"189335435","2223390507","2"
"2223390507","189335435","2"
"1988688045","2033422147","1"
"2033422147","1988688045","1"
"1988688045","2223390507","1"
"2223390507","1988688045","1"
"2166117569","2223390507","1"
"2223390507","2166117569","1"
"2011353662","2033985280","1"
"2033985280","2011353662","1"
"2011353662","2139133772","1"
"2139133772","2011353662","1"
"2033985280","2133292428","1"
"2133292428","2033985280","1"
"2033985280","2139133772","1"
"2139133772","2033985280","1"
"2033985280","2149595797","1"
"2149595797","2033985280","1"
"2133292428","2139133772","1"
"2139133772","2133292428","1"
"2133292428","2149595797","1"
"2149595797","2133292428","1"
"2139133772","2149595797","1"
"2149595797","2139133772","1"
"2011353662","2973241998","1"
"2973241998","2011353662","1"
"2011353662","2973967624","1"
"2973967624","2011353662","1"
"2011353662","2222463168","1"
"2222463168","2011353662","1"
"2011353662","2305723161","1"
"2305723161","2011353662","1"
"2011353662","2378899050","1"
"2378899050","2011353662","1"
"215035266","2222463168","1"
"2222463168","215035266","1"
"215035266","2305723161","1"
"2305723161","215035266","1"
"215035266","2378899050","1"
"2378899050","215035266","1"
"2145050651","2222463168","1"
"2222463168","2145050651","1"
"2145050651","2305723161","1"
"2305723161","2145050651","1"
"2145050651","2378899050","1"
"2378899050","2145050651","1"
"2166117569","2222463168","1"
"2222463168","2166117569","1"
"2166117569","2305723161","1"
"2305723161","2166117569","1"
"2166117569","2378899050","1"
"2378899050","2166117569","1"
"2222463168","2250564152","1"
"2250564152","2222463168","1"
"2222463168","2305723161","1"
"2305723161","2222463168","1"
"2222463168","2378899050","1"
"2378899050","2222463168","1"
"2222463168","2423497048","1"
"2423497048","2222463168","1"
"2250564152","2305723161","1"
"2305723161","2250564152","1"
"2250564152","2378899050","1"
"2378899050","2250564152","1"
"2305723161","2378899050","1"
"2378899050","2305723161","1"
"2305723161","2423497048","1"
"2423497048","2305723161","1"
"2378899050","2423497048","1"
"2423497048","2378899050","1"
"2011353662","2137946362","2"
"2137946362","2011353662","2"
"189335435","2107292848","2"
"2107292848","189335435","2"
"189335435","2137946362","2"
"2137946362","189335435","2"
"189335435","2423497048","1"
"2423497048","189335435","1"
"2089012020","2107292848","2"
"2107292848","2089012020","2"
"2089012020","2137946362","2"
"2137946362","2089012020","2"
"2089012020","2423497048","1"
"2423497048","2089012020","1"
"2107292848","2137946362","2"
"2137946362","2107292848","2"
"2107292848","2423497048","1"
"2423497048","2107292848","1"
"2137946362","2311345609","1"
"2311345609","2137946362","1"
"2137946362","2423497048","1"
"2423497048","2137946362","1"
"2011353662","2235446835","1"
"2235446835","2011353662","1"
"19013311","2235446835","1"
"2235446835","19013311","1"
"2011353662","2983742265","1"
"2983742265","2011353662","1"
"2127845230","2983742265","1"
"2983742265","2127845230","1"
"2149595797","2983742265","1"
"2983742265","2149595797","1"
"2311345609","2983742265","1"
"2983742265","2311345609","1"
"2403407890","2983742265","1"
"2983742265","2403407890","1"
"19013311","739446445","1"
"739446445","19013311","1"
"19013311","1277081246","1"
"1277081246","19013311","1"
"19013311","2114094927","1"
"2114094927","19013311","1"
"19013311","2661173953","1"
"2661173953","19013311","1"
"189335435","347047298","2"
"347047298","189335435","2"
"189335435","2145050651","3"
"2145050651","189335435","3"
"2011353662","1610973832","1"
"1610973832","2011353662","1"
"2011353662","2069614265","1"
"2069614265","2011353662","1"
"697582","1610973832","1"
"1610973832","697582","1"
"697582","2069614265","1"
"2069614265","697582","1"
"189335435","1610973832","1"
"1610973832","189335435","1"
"189335435","2069614265","1"
"2069614265","189335435","1"
"1610973832","1971801425","1"
"1971801425","1610973832","1"
"1610973832","2069614265","1"
"2069614265","1610973832","1"
"1610973832","2144557644","1"
"2144557644","1610973832","1"
"1610973832","2310896500","1"
"2310896500","1610973832","1"
"1971801425","2069614265","1"
"2069614265","1971801425","1"
"2069614265","2144557644","1"
"2144557644","2069614265","1"
"2069614265","2310896500","1"
"2310896500","2069614265","1"
"2107292848","2166117569","2"
"2166117569","2107292848","2"
"2011353662","743063532","1"
"743063532","2011353662","1"
"743063532","2100771178","1"
"2100771178","743063532","1"
"1309565271","2107292848","1"
"2107292848","1309565271","1"
"2098207907","2107292848","1"
"2107292848","2098207907","1"
"2011353662","2918400034","1"
"2918400034","2011353662","1"
"2011353662","2949706683","1"
"2949706683","2011353662","1"
"189335435","2068686281","1"
"2068686281","189335435","1"
"189335435","2918400034","1"
"2918400034","189335435","1"
"189335435","2949706683","1"
"2949706683","189335435","1"
"2068686281","2089012020","1"
"2089012020","2068686281","1"
"2068686281","2107292848","1"
"2107292848","2068686281","1"
"2068686281","2137946362","1"
"2137946362","2068686281","1"
"2068686281","2166117569","1"
"2166117569","2068686281","1"
"2068686281","2777665143","1"
"2777665143","2068686281","1"
"2068686281","2918400034","1"
"2918400034","2068686281","1"
"2068686281","2949706683","1"
"2949706683","2068686281","1"
"2089012020","2166117569","1"
"2166117569","2089012020","1"
"2089012020","2777665143","1"
"2777665143","2089012020","1"
"2089012020","2918400034","1"
"2918400034","2089012020","1"
"2089012020","2949706683","1"
"2949706683","2089012020","1"
"2107292848","2777665143","1"
"2777665143","2107292848","1"
"2107292848","2918400034","1"
"2918400034","2107292848","1"
"2107292848","2949706683","1"
"2949706683","2107292848","1"
"2137946362","2166117569","1"
"2166117569","2137946362","1"
"2137946362","2777665143","1"
"2777665143","2137946362","1"
"2137946362","2918400034","1"
"2918400034","2137946362","1"
"2137946362","2949706683","1"
"2949706683","2137946362","1"
"2166117569","2918400034","1"
"2918400034","2166117569","1"
"2166117569","2949706683","1"
"2949706683","2166117569","1"
"2777665143","2918400034","1"
"2918400034","2777665143","1"
"2777665143","2949706683","1"
"2949706683","2777665143","1"
"2918400034","2949706683","1"
"2949706683","2918400034","1"
"189335435","1969242783","1"
"1969242783","189335435","1"
"347047298","1969242783","1"
"1969242783","347047298","1"
"1969242783","2033422147","1"
"2033422147","1969242783","1"
"1969242783","2145050651","1"
"2145050651","1969242783","1"
"1969242783","2166117569","1"
"2166117569","1969242783","1"
"2011353662","2615119511","1"
"2615119511","2011353662","1"
"1964015574","2615119511","1"
"2615119511","1964015574","1"
"1964015574","2777665143","1"
"2777665143","1964015574","1"
"2615119511","2777665143","1"
"2777665143","2615119511","1"
"2011353662","2519024386","1"
"2519024386","2011353662","1"
"2011353662","2675260113","1"
"2675260113","2011353662","1"
"2011353662","2120530916","1"
"2120530916","2011353662","1"
"2011353662","3009546863","1"
"3009546863","2011353662","1"
"189335435","2120530916","1"
"2120530916","189335435","1"
"189335435","3009546863","1"
"3009546863","189335435","1"
"2033422147","2120530916","1"
"2120530916","2033422147","1"
"2033422147","3009546863","1"
"3009546863","2033422147","1"
"2120530916","2145050651","1"
"2145050651","2120530916","1"
"2120530916","2223390507","1"
"2223390507","2120530916","1"
"2120530916","3009546863","1"
"3009546863","2120530916","1"
"2145050651","2223390507","1"
"2223390507","2145050651","1"
"2145050651","3009546863","1"
"3009546863","2145050651","1"
"2223390507","3009546863","1"
"3009546863","2223390507","1"
"2011353662","2667954620","1"
"2667954620","2011353662","1"
"2149904132","2667954620","1"
"2667954620","2149904132","1"
"2011353662","2660409478","1"
"2660409478","2011353662","1"
"2011353662","2717564666","1"
"2717564666","2011353662","1"
"739446445","2119089285","1"
"2119089285","739446445","1"
"739446445","2717564666","1"
"2717564666","739446445","1"
"1277081246","2119089285","1"
"2119089285","1277081246","1"
"1277081246","2717564666","1"
"2717564666","1277081246","1"
"2119089285","2661173953","1"
"2661173953","2119089285","1"
"2119089285","2717564666","1"
"2717564666","2119089285","1"
"2661173953","2717564666","1"
"2717564666","2661173953","1"
"2011353662","1134822698","1"
"1134822698","2011353662","1"
"2011353662","1947303083","1"
"1947303083","2011353662","1"
"2011353662","2024882999","1"
"2024882999","2011353662","1"
"2011353662","2401481639","1"
"2401481639","2011353662","1"
"1134822698","1947303083","1"
"1947303083","1134822698","1"
"1134822698","2024882999","1"
"2024882999","1134822698","1"
"1134822698","2144557644","1"
"2144557644","1134822698","1"
"1134822698","2401481639","1"
"2401481639","1134822698","1"
"1947303083","2024882999","1"
"2024882999","1947303083","1"
"1947303083","2144557644","1"
"2144557644","1947303083","1"
"1947303083","2401481639","1"
"2401481639","1947303083","1"
"2024882999","2144557644","1"
"2144557644","2024882999","1"
"2024882999","2401481639","1"
"2401481639","2024882999","1"
"2144557644","2401481639","1"
"2401481639","2144557644","1"
"2011353662","2536881669","1"
"2536881669","2011353662","1"
"85310976","2536881669","1"
"2536881669","85310976","1"
"2011353662","2677022451","1"
"2677022451","2011353662","1"
