"2231373282","430721912","1"
"430721912","2231373282","1"
"2231373282","953463446","3"
"953463446","2231373282","3"
"2231373282","1715033090","1"
"1715033090","2231373282","1"
"2231373282","1938228985","1"
"1938228985","2231373282","1"
"2231373282","1967727951","1"
"1967727951","2231373282","1"
"2231373282","1972400019","2"
"1972400019","2231373282","2"
"2231373282","1974447170","3"
"1974447170","2231373282","3"
"2231373282","1978248481","1"
"1978248481","2231373282","1"
"2231373282","1987695958","1"
"1987695958","2231373282","1"
"2231373282","1996146778","1"
"1996146778","2231373282","1"
"2231373282","2014955577","3"
"2014955577","2231373282","3"
"2231373282","2023722769","3"
"2023722769","2231373282","3"
"2231373282","2026322246","4"
"2026322246","2231373282","4"
"2231373282","2048359599","3"
"2048359599","2231373282","3"
"2231373282","2058712428","2"
"2058712428","2231373282","2"
"2231373282","2071832794","2"
"2071832794","2231373282","2"
"2231373282","2082466308","2"
"2082466308","2231373282","2"
"2231373282","2085837166","1"
"2085837166","2231373282","1"
"2231373282","2102854213","1"
"2102854213","2231373282","1"
"2231373282","2113610622","5"
"2113610622","2231373282","5"
"2231373282","2114373310","2"
"2114373310","2231373282","2"
"2231373282","2115164898","3"
"2115164898","2231373282","3"
"2231373282","2121537974","1"
"2121537974","2231373282","1"
"2231373282","2138146972","1"
"2138146972","2231373282","1"
"2231373282","2139178187","3"
"2139178187","2231373282","3"
"2231373282","2148139912","2"
"2148139912","2231373282","2"
"2231373282","2151480794","1"
"2151480794","2231373282","1"
"2231373282","2152400496","5"
"2152400496","2231373282","5"
"2231373282","2164364346","1"
"2164364346","2231373282","1"
"2231373282","2166917035","1"
"2166917035","2231373282","1"
"2231373282","2171358266","3"
"2171358266","2231373282","3"
"2231373282","2191545913","1"
"2191545913","2231373282","1"
"2231373282","2199853453","2"
"2199853453","2231373282","2"
"2231373282","2234346923","2"
"2234346923","2231373282","2"
"2231373282","2279313141","4"
"2279313141","2231373282","4"
"2231373282","2307175527","3"
"2307175527","2231373282","3"
"2231373282","2311669925","2"
"2311669925","2231373282","2"
"2231373282","2313448080","1"
"2313448080","2231373282","1"
"2231373282","2335629311","2"
"2335629311","2231373282","2"
"2231373282","2462331337","3"
"2462331337","2231373282","3"
"2231373282","2465756847","3"
"2465756847","2231373282","3"
"2231373282","2599694473","3"
"2599694473","2231373282","3"
"2231373282","2606727873","1"
"2606727873","2231373282","1"
"2231373282","2717960176","1"
"2717960176","2231373282","1"
"2231373282","2745439318","2"
"2745439318","2231373282","2"
"2231373282","2747612262","1"
"2747612262","2231373282","1"
"2231373282","2879837261","1"
"2879837261","2231373282","1"
"2231373282","2915518791","1"
"2915518791","2231373282","1"
"2231373282","2915869103","1"
"2915869103","2231373282","1"
"2231373282","2915902321","1"
"2915902321","2231373282","1"
"2231373282","2916174191","1"
"2916174191","2231373282","1"
"2231373282","2916314575","1"
"2916314575","2231373282","1"
"2231373282","2916387773","1"
"2916387773","2231373282","1"
"2231373282","2917131512","1"
"2917131512","2231373282","1"
"2231373282","2917538620","1"
"2917538620","2231373282","1"
"2231373282","2917576816","1"
"2917576816","2231373282","1"
"2231373282","2917748761","1"
"2917748761","2231373282","1"
"2231373282","2917876188","1"
"2917876188","2231373282","1"
"430721912","953463446","1"
"953463446","430721912","1"
"430721912","1715033090","1"
"1715033090","430721912","1"
"430721912","1938228985","1"
"1938228985","430721912","1"
"430721912","1967727951","1"
"1967727951","430721912","1"
"430721912","1972400019","1"
"1972400019","430721912","1"
"430721912","1974447170","1"
"1974447170","430721912","1"
"430721912","1978248481","1"
"1978248481","430721912","1"
"430721912","1987695958","1"
"1987695958","430721912","1"
"430721912","1996146778","1"
"1996146778","430721912","1"
"430721912","2014955577","1"
"2014955577","430721912","1"
"430721912","2023722769","1"
"2023722769","430721912","1"
"430721912","2026322246","1"
"2026322246","430721912","1"
"430721912","2048359599","1"
"2048359599","430721912","1"
"430721912","2058712428","1"
"2058712428","430721912","1"
"430721912","2071832794","1"
"2071832794","430721912","1"
"430721912","2082466308","1"
"2082466308","430721912","1"
"430721912","2085837166","1"
"2085837166","430721912","1"
"430721912","2102854213","1"
"2102854213","430721912","1"
"430721912","2113610622","1"
"2113610622","430721912","1"
"430721912","2114373310","1"
"2114373310","430721912","1"
"430721912","2115164898","1"
"2115164898","430721912","1"
"430721912","2121537974","1"
"2121537974","430721912","1"
"430721912","2138146972","1"
"2138146972","430721912","1"
"430721912","2139178187","1"
"2139178187","430721912","1"
"430721912","2148139912","1"
"2148139912","430721912","1"
"430721912","2151480794","1"
"2151480794","430721912","1"
"430721912","2152400496","1"
"2152400496","430721912","1"
"430721912","2164364346","1"
"2164364346","430721912","1"
"430721912","2166917035","1"
"2166917035","430721912","1"
"430721912","2171358266","1"
"2171358266","430721912","1"
"430721912","2191545913","1"
"2191545913","430721912","1"
"430721912","2199853453","1"
"2199853453","430721912","1"
"430721912","2234346923","1"
"2234346923","430721912","1"
"430721912","2279313141","1"
"2279313141","430721912","1"
"430721912","2307175527","1"
"2307175527","430721912","1"
"430721912","2311669925","1"
"2311669925","430721912","1"
"430721912","2313448080","1"
"2313448080","430721912","1"
"430721912","2335629311","1"
"2335629311","430721912","1"
"430721912","2462331337","1"
"2462331337","430721912","1"
"430721912","2465756847","1"
"2465756847","430721912","1"
"430721912","2599694473","1"
"2599694473","430721912","1"
"430721912","2606727873","1"
"2606727873","430721912","1"
"430721912","2717960176","1"
"2717960176","430721912","1"
"430721912","2745439318","1"
"2745439318","430721912","1"
"430721912","2747612262","1"
"2747612262","430721912","1"
"430721912","2879837261","1"
"2879837261","430721912","1"
"430721912","2915518791","1"
"2915518791","430721912","1"
"430721912","2915869103","1"
"2915869103","430721912","1"
"430721912","2915902321","1"
"2915902321","430721912","1"
"430721912","2916174191","1"
"2916174191","430721912","1"
"430721912","2916314575","1"
"2916314575","430721912","1"
"430721912","2916387773","1"
"2916387773","430721912","1"
"430721912","2917131512","1"
"2917131512","430721912","1"
"430721912","2917538620","1"
"2917538620","430721912","1"
"430721912","2917576816","1"
"2917576816","430721912","1"
"430721912","2917748761","1"
"2917748761","430721912","1"
"430721912","2917876188","1"
"2917876188","430721912","1"
"953463446","1715033090","1"
"1715033090","953463446","1"
"953463446","1938228985","1"
"1938228985","953463446","1"
"953463446","1967727951","1"
"1967727951","953463446","1"
"953463446","1972400019","2"
"1972400019","953463446","2"
"953463446","1974447170","3"
"1974447170","953463446","3"
"953463446","1978248481","1"
"1978248481","953463446","1"
"953463446","1987695958","1"
"1987695958","953463446","1"
"953463446","1996146778","1"
"1996146778","953463446","1"
"953463446","2014955577","3"
"2014955577","953463446","3"
"953463446","2023722769","3"
"2023722769","953463446","3"
"953463446","2026322246","3"
"2026322246","953463446","3"
"953463446","2048359599","3"
"2048359599","953463446","3"
"953463446","2058712428","2"
"2058712428","953463446","2"
"953463446","2071832794","2"
"2071832794","953463446","2"
"953463446","2082466308","2"
"2082466308","953463446","2"
"953463446","2085837166","1"
"2085837166","953463446","1"
"953463446","2102854213","1"
"2102854213","953463446","1"
"953463446","2113610622","3"
"2113610622","953463446","3"
"953463446","2114373310","2"
"2114373310","953463446","2"
"953463446","2115164898","3"
"2115164898","953463446","3"
"953463446","2121537974","1"
"2121537974","953463446","1"
"953463446","2138146972","1"
"2138146972","953463446","1"
"953463446","2139178187","3"
"2139178187","953463446","3"
"953463446","2148139912","2"
"2148139912","953463446","2"
"953463446","2151480794","1"
"2151480794","953463446","1"
"953463446","2152400496","3"
"2152400496","953463446","3"
"953463446","2164364346","1"
"2164364346","953463446","1"
"953463446","2166917035","1"
"2166917035","953463446","1"
"953463446","2171358266","3"
"2171358266","953463446","3"
"953463446","2191545913","1"
"2191545913","953463446","1"
"953463446","2199853453","1"
"2199853453","953463446","1"
"953463446","2234346923","1"
"2234346923","953463446","1"
"953463446","2279313141","3"
"2279313141","953463446","3"
"953463446","2307175527","3"
"2307175527","953463446","3"
"953463446","2311669925","2"
"2311669925","953463446","2"
"953463446","2313448080","1"
"2313448080","953463446","1"
"953463446","2335629311","1"
"2335629311","953463446","1"
"953463446","2462331337","3"
"2462331337","953463446","3"
"953463446","2465756847","3"
"2465756847","953463446","3"
"953463446","2599694473","3"
"2599694473","953463446","3"
"953463446","2606727873","1"
"2606727873","953463446","1"
"953463446","2717960176","1"
"2717960176","953463446","1"
"953463446","2745439318","2"
"2745439318","953463446","2"
"953463446","2747612262","1"
"2747612262","953463446","1"
"953463446","2879837261","1"
"2879837261","953463446","1"
"953463446","2915518791","1"
"2915518791","953463446","1"
"953463446","2915869103","1"
"2915869103","953463446","1"
"953463446","2915902321","1"
"2915902321","953463446","1"
"953463446","2916174191","1"
"2916174191","953463446","1"
"953463446","2916314575","1"
"2916314575","953463446","1"
"953463446","2916387773","1"
"2916387773","953463446","1"
"953463446","2917131512","1"
"2917131512","953463446","1"
"953463446","2917538620","1"
"2917538620","953463446","1"
"953463446","2917576816","1"
"2917576816","953463446","1"
"953463446","2917748761","1"
"2917748761","953463446","1"
"953463446","2917876188","1"
"2917876188","953463446","1"
"1715033090","1938228985","1"
"1938228985","1715033090","1"
"1715033090","1967727951","1"
"1967727951","1715033090","1"
"1715033090","1972400019","1"
"1972400019","1715033090","1"
"1715033090","1974447170","1"
"1974447170","1715033090","1"
"1715033090","1978248481","1"
"1978248481","1715033090","1"
"1715033090","1987695958","1"
"1987695958","1715033090","1"
"1715033090","1996146778","1"
"1996146778","1715033090","1"
"1715033090","2014955577","1"
"2014955577","1715033090","1"
"1715033090","2023722769","1"
"2023722769","1715033090","1"
"1715033090","2026322246","1"
"2026322246","1715033090","1"
"1715033090","2048359599","1"
"2048359599","1715033090","1"
"1715033090","2058712428","1"
"2058712428","1715033090","1"
"1715033090","2071832794","1"
"2071832794","1715033090","1"
"1715033090","2082466308","1"
"2082466308","1715033090","1"
"1715033090","2085837166","1"
"2085837166","1715033090","1"
"1715033090","2102854213","1"
"2102854213","1715033090","1"
"1715033090","2113610622","1"
"2113610622","1715033090","1"
"1715033090","2114373310","1"
"2114373310","1715033090","1"
"1715033090","2115164898","1"
"2115164898","1715033090","1"
"1715033090","2121537974","1"
"2121537974","1715033090","1"
"1715033090","2138146972","1"
"2138146972","1715033090","1"
"1715033090","2139178187","1"
"2139178187","1715033090","1"
"1715033090","2148139912","1"
"2148139912","1715033090","1"
"1715033090","2151480794","1"
"2151480794","1715033090","1"
"1715033090","2152400496","1"
"2152400496","1715033090","1"
"1715033090","2164364346","1"
"2164364346","1715033090","1"
"1715033090","2166917035","1"
"2166917035","1715033090","1"
"1715033090","2171358266","1"
"2171358266","1715033090","1"
"1715033090","2191545913","1"
"2191545913","1715033090","1"
"1715033090","2199853453","1"
"2199853453","1715033090","1"
"1715033090","2234346923","1"
"2234346923","1715033090","1"
"1715033090","2279313141","1"
"2279313141","1715033090","1"
"1715033090","2307175527","1"
"2307175527","1715033090","1"
"1715033090","2311669925","1"
"2311669925","1715033090","1"
"1715033090","2313448080","1"
"2313448080","1715033090","1"
"1715033090","2335629311","1"
"2335629311","1715033090","1"
"1715033090","2462331337","1"
"2462331337","1715033090","1"
"1715033090","2465756847","1"
"2465756847","1715033090","1"
"1715033090","2599694473","1"
"2599694473","1715033090","1"
"1715033090","2606727873","1"
"2606727873","1715033090","1"
"1715033090","2717960176","1"
"2717960176","1715033090","1"
"1715033090","2745439318","1"
"2745439318","1715033090","1"
"1715033090","2747612262","1"
"2747612262","1715033090","1"
"1715033090","2879837261","1"
"2879837261","1715033090","1"
"1715033090","2915518791","1"
"2915518791","1715033090","1"
"1715033090","2915869103","1"
"2915869103","1715033090","1"
"1715033090","2915902321","1"
"2915902321","1715033090","1"
"1715033090","2916174191","1"
"2916174191","1715033090","1"
"1715033090","2916314575","1"
"2916314575","1715033090","1"
"1715033090","2916387773","1"
"2916387773","1715033090","1"
"1715033090","2917131512","1"
"2917131512","1715033090","1"
"1715033090","2917538620","1"
"2917538620","1715033090","1"
"1715033090","2917576816","1"
"2917576816","1715033090","1"
"1715033090","2917748761","1"
"2917748761","1715033090","1"
"1715033090","2917876188","1"
"2917876188","1715033090","1"
"1938228985","1967727951","1"
"1967727951","1938228985","1"
"1938228985","1972400019","1"
"1972400019","1938228985","1"
"1938228985","1974447170","1"
"1974447170","1938228985","1"
"1938228985","1978248481","1"
"1978248481","1938228985","1"
"1938228985","1987695958","1"
"1987695958","1938228985","1"
"1938228985","1996146778","1"
"1996146778","1938228985","1"
"1938228985","2014955577","1"
"2014955577","1938228985","1"
"1938228985","2023722769","1"
"2023722769","1938228985","1"
"1938228985","2026322246","1"
"2026322246","1938228985","1"
"1938228985","2048359599","1"
"2048359599","1938228985","1"
"1938228985","2058712428","1"
"2058712428","1938228985","1"
"1938228985","2071832794","1"
"2071832794","1938228985","1"
"1938228985","2082466308","1"
"2082466308","1938228985","1"
"1938228985","2085837166","1"
"2085837166","1938228985","1"
"1938228985","2102854213","1"
"2102854213","1938228985","1"
"1938228985","2113610622","1"
"2113610622","1938228985","1"
"1938228985","2114373310","1"
"2114373310","1938228985","1"
"1938228985","2115164898","1"
"2115164898","1938228985","1"
"1938228985","2121537974","1"
"2121537974","1938228985","1"
"1938228985","2138146972","1"
"2138146972","1938228985","1"
"1938228985","2139178187","1"
"2139178187","1938228985","1"
"1938228985","2148139912","1"
"2148139912","1938228985","1"
"1938228985","2151480794","1"
"2151480794","1938228985","1"
"1938228985","2152400496","1"
"2152400496","1938228985","1"
"1938228985","2164364346","1"
"2164364346","1938228985","1"
"1938228985","2166917035","1"
"2166917035","1938228985","1"
"1938228985","2171358266","1"
"2171358266","1938228985","1"
"1938228985","2191545913","1"
"2191545913","1938228985","1"
"1938228985","2199853453","1"
"2199853453","1938228985","1"
"1938228985","2234346923","1"
"2234346923","1938228985","1"
"1938228985","2279313141","1"
"2279313141","1938228985","1"
"1938228985","2307175527","1"
"2307175527","1938228985","1"
"1938228985","2311669925","1"
"2311669925","1938228985","1"
"1938228985","2313448080","1"
"2313448080","1938228985","1"
"1938228985","2335629311","1"
"2335629311","1938228985","1"
"1938228985","2462331337","1"
"2462331337","1938228985","1"
"1938228985","2465756847","1"
"2465756847","1938228985","1"
"1938228985","2599694473","1"
"2599694473","1938228985","1"
"1938228985","2606727873","1"
"2606727873","1938228985","1"
"1938228985","2717960176","1"
"2717960176","1938228985","1"
"1938228985","2745439318","1"
"2745439318","1938228985","1"
"1938228985","2747612262","1"
"2747612262","1938228985","1"
"1938228985","2879837261","1"
"2879837261","1938228985","1"
"1938228985","2915518791","1"
"2915518791","1938228985","1"
"1938228985","2915869103","1"
"2915869103","1938228985","1"
"1938228985","2915902321","1"
"2915902321","1938228985","1"
"1938228985","2916174191","1"
"2916174191","1938228985","1"
"1938228985","2916314575","1"
"2916314575","1938228985","1"
"1938228985","2916387773","1"
"2916387773","1938228985","1"
"1938228985","2917131512","1"
"2917131512","1938228985","1"
"1938228985","2917538620","1"
"2917538620","1938228985","1"
"1938228985","2917576816","1"
"2917576816","1938228985","1"
"1938228985","2917748761","1"
"2917748761","1938228985","1"
"1938228985","2917876188","1"
"2917876188","1938228985","1"
"1967727951","1972400019","1"
"1972400019","1967727951","1"
"1967727951","1974447170","1"
"1974447170","1967727951","1"
"1967727951","1978248481","1"
"1978248481","1967727951","1"
"1967727951","1987695958","1"
"1987695958","1967727951","1"
"1967727951","1996146778","1"
"1996146778","1967727951","1"
"1967727951","2014955577","1"
"2014955577","1967727951","1"
"1967727951","2023722769","1"
"2023722769","1967727951","1"
"1967727951","2026322246","1"
"2026322246","1967727951","1"
"1967727951","2048359599","1"
"2048359599","1967727951","1"
"1967727951","2058712428","1"
"2058712428","1967727951","1"
"1967727951","2071832794","1"
"2071832794","1967727951","1"
"1967727951","2082466308","1"
"2082466308","1967727951","1"
"1967727951","2085837166","1"
"2085837166","1967727951","1"
"1967727951","2102854213","1"
"2102854213","1967727951","1"
"1967727951","2113610622","1"
"2113610622","1967727951","1"
"1967727951","2114373310","1"
"2114373310","1967727951","1"
"1967727951","2115164898","1"
"2115164898","1967727951","1"
"1967727951","2121537974","1"
"2121537974","1967727951","1"
"1967727951","2138146972","1"
"2138146972","1967727951","1"
"1967727951","2139178187","1"
"2139178187","1967727951","1"
"1967727951","2148139912","1"
"2148139912","1967727951","1"
"1967727951","2151480794","1"
"2151480794","1967727951","1"
"1967727951","2152400496","1"
"2152400496","1967727951","1"
"1967727951","2164364346","1"
"2164364346","1967727951","1"
"1967727951","2166917035","1"
"2166917035","1967727951","1"
"1967727951","2171358266","1"
"2171358266","1967727951","1"
"1967727951","2191545913","1"
"2191545913","1967727951","1"
"1967727951","2199853453","1"
"2199853453","1967727951","1"
"1967727951","2234346923","1"
"2234346923","1967727951","1"
"1967727951","2279313141","1"
"2279313141","1967727951","1"
"1967727951","2307175527","1"
"2307175527","1967727951","1"
"1967727951","2311669925","1"
"2311669925","1967727951","1"
"1967727951","2313448080","1"
"2313448080","1967727951","1"
"1967727951","2335629311","1"
"2335629311","1967727951","1"
"1967727951","2462331337","1"
"2462331337","1967727951","1"
"1967727951","2465756847","1"
"2465756847","1967727951","1"
"1967727951","2599694473","1"
"2599694473","1967727951","1"
"1967727951","2606727873","1"
"2606727873","1967727951","1"
"1967727951","2717960176","1"
"2717960176","1967727951","1"
"1967727951","2745439318","1"
"2745439318","1967727951","1"
"1967727951","2747612262","1"
"2747612262","1967727951","1"
"1967727951","2879837261","1"
"2879837261","1967727951","1"
"1967727951","2915518791","1"
"2915518791","1967727951","1"
"1967727951","2915869103","1"
"2915869103","1967727951","1"
"1967727951","2915902321","1"
"2915902321","1967727951","1"
"1967727951","2916174191","1"
"2916174191","1967727951","1"
"1967727951","2916314575","1"
"2916314575","1967727951","1"
"1967727951","2916387773","1"
"2916387773","1967727951","1"
"1967727951","2917131512","1"
"2917131512","1967727951","1"
"1967727951","2917538620","1"
"2917538620","1967727951","1"
"1967727951","2917576816","1"
"2917576816","1967727951","1"
"1967727951","2917748761","1"
"2917748761","1967727951","1"
"1967727951","2917876188","1"
"2917876188","1967727951","1"
"1972400019","1974447170","2"
"1974447170","1972400019","2"
"1972400019","1978248481","1"
"1978248481","1972400019","1"
"1972400019","1987695958","1"
"1987695958","1972400019","1"
"1972400019","1996146778","1"
"1996146778","1972400019","1"
"1972400019","2014955577","2"
"2014955577","1972400019","2"
"1972400019","2023722769","2"
"2023722769","1972400019","2"
"1972400019","2026322246","2"
"2026322246","1972400019","2"
"1972400019","2048359599","2"
"2048359599","1972400019","2"
"1972400019","2058712428","2"
"2058712428","1972400019","2"
"1972400019","2071832794","2"
"2071832794","1972400019","2"
"1972400019","2082466308","1"
"2082466308","1972400019","1"
"1972400019","2085837166","1"
"2085837166","1972400019","1"
"1972400019","2102854213","1"
"2102854213","1972400019","1"
"1972400019","2113610622","2"
"2113610622","1972400019","2"
"1972400019","2114373310","1"
"2114373310","1972400019","1"
"1972400019","2115164898","2"
"2115164898","1972400019","2"
"1972400019","2121537974","1"
"2121537974","1972400019","1"
"1972400019","2138146972","1"
"2138146972","1972400019","1"
"1972400019","2139178187","2"
"2139178187","1972400019","2"
"1972400019","2148139912","2"
"2148139912","1972400019","2"
"1972400019","2151480794","1"
"2151480794","1972400019","1"
"1972400019","2152400496","2"
"2152400496","1972400019","2"
"1972400019","2164364346","1"
"2164364346","1972400019","1"
"1972400019","2166917035","1"
"2166917035","1972400019","1"
"1972400019","2171358266","2"
"2171358266","1972400019","2"
"1972400019","2191545913","1"
"2191545913","1972400019","1"
"1972400019","2199853453","1"
"2199853453","1972400019","1"
"1972400019","2234346923","1"
"2234346923","1972400019","1"
"1972400019","2279313141","2"
"2279313141","1972400019","2"
"1972400019","2307175527","2"
"2307175527","1972400019","2"
"1972400019","2311669925","2"
"2311669925","1972400019","2"
"1972400019","2313448080","1"
"2313448080","1972400019","1"
"1972400019","2335629311","1"
"2335629311","1972400019","1"
"1972400019","2462331337","2"
"2462331337","1972400019","2"
"1972400019","2465756847","2"
"2465756847","1972400019","2"
"1972400019","2599694473","2"
"2599694473","1972400019","2"
"1972400019","2606727873","1"
"2606727873","1972400019","1"
"1972400019","2717960176","1"
"2717960176","1972400019","1"
"1972400019","2745439318","1"
"2745439318","1972400019","1"
"1972400019","2747612262","1"
"2747612262","1972400019","1"
"1972400019","2879837261","1"
"2879837261","1972400019","1"
"1972400019","2915518791","1"
"2915518791","1972400019","1"
"1972400019","2915869103","1"
"2915869103","1972400019","1"
"1972400019","2915902321","1"
"2915902321","1972400019","1"
"1972400019","2916174191","1"
"2916174191","1972400019","1"
"1972400019","2916314575","1"
"2916314575","1972400019","1"
"1972400019","2916387773","1"
"2916387773","1972400019","1"
"1972400019","2917131512","1"
"2917131512","1972400019","1"
"1972400019","2917538620","1"
"2917538620","1972400019","1"
"1972400019","2917576816","1"
"2917576816","1972400019","1"
"1972400019","2917748761","1"
"2917748761","1972400019","1"
"1972400019","2917876188","1"
"2917876188","1972400019","1"
"1974447170","1978248481","1"
"1978248481","1974447170","1"
"1974447170","1987695958","1"
"1987695958","1974447170","1"
"1974447170","1996146778","1"
"1996146778","1974447170","1"
"1974447170","2014955577","3"
"2014955577","1974447170","3"
"1974447170","2023722769","3"
"2023722769","1974447170","3"
"1974447170","2026322246","3"
"2026322246","1974447170","3"
"1974447170","2048359599","3"
"2048359599","1974447170","3"
"1974447170","2058712428","2"
"2058712428","1974447170","2"
"1974447170","2071832794","2"
"2071832794","1974447170","2"
"1974447170","2082466308","2"
"2082466308","1974447170","2"
"1974447170","2085837166","1"
"2085837166","1974447170","1"
"1974447170","2102854213","1"
"2102854213","1974447170","1"
"1974447170","2113610622","3"
"2113610622","1974447170","3"
"1974447170","2114373310","2"
"2114373310","1974447170","2"
"1974447170","2115164898","3"
"2115164898","1974447170","3"
"1974447170","2121537974","1"
"2121537974","1974447170","1"
"1974447170","2138146972","1"
"2138146972","1974447170","1"
"1974447170","2139178187","3"
"2139178187","1974447170","3"
"1974447170","2148139912","2"
"2148139912","1974447170","2"
"1974447170","2151480794","1"
"2151480794","1974447170","1"
"1974447170","2152400496","3"
"2152400496","1974447170","3"
"1974447170","2164364346","1"
"2164364346","1974447170","1"
"1974447170","2166917035","1"
"2166917035","1974447170","1"
"1974447170","2171358266","3"
"2171358266","1974447170","3"
"1974447170","2191545913","1"
"2191545913","1974447170","1"
"1974447170","2199853453","1"
"2199853453","1974447170","1"
"1974447170","2234346923","1"
"2234346923","1974447170","1"
"1974447170","2279313141","3"
"2279313141","1974447170","3"
"1974447170","2307175527","3"
"2307175527","1974447170","3"
"1974447170","2311669925","2"
"2311669925","1974447170","2"
"1974447170","2313448080","1"
"2313448080","1974447170","1"
"1974447170","2335629311","1"
"2335629311","1974447170","1"
"1974447170","2462331337","3"
"2462331337","1974447170","3"
"1974447170","2465756847","3"
"2465756847","1974447170","3"
"1974447170","2599694473","3"
"2599694473","1974447170","3"
"1974447170","2606727873","1"
"2606727873","1974447170","1"
"1974447170","2717960176","1"
"2717960176","1974447170","1"
"1974447170","2745439318","2"
"2745439318","1974447170","2"
"1974447170","2747612262","1"
"2747612262","1974447170","1"
"1974447170","2879837261","1"
"2879837261","1974447170","1"
"1974447170","2915518791","1"
"2915518791","1974447170","1"
"1974447170","2915869103","1"
"2915869103","1974447170","1"
"1974447170","2915902321","1"
"2915902321","1974447170","1"
"1974447170","2916174191","1"
"2916174191","1974447170","1"
"1974447170","2916314575","1"
"2916314575","1974447170","1"
"1974447170","2916387773","1"
"2916387773","1974447170","1"
"1974447170","2917131512","1"
"2917131512","1974447170","1"
"1974447170","2917538620","1"
"2917538620","1974447170","1"
"1974447170","2917576816","1"
"2917576816","1974447170","1"
"1974447170","2917748761","1"
"2917748761","1974447170","1"
"1974447170","2917876188","1"
"2917876188","1974447170","1"
"1978248481","1987695958","1"
"1987695958","1978248481","1"
"1978248481","1996146778","1"
"1996146778","1978248481","1"
"1978248481","2014955577","1"
"2014955577","1978248481","1"
"1978248481","2023722769","1"
"2023722769","1978248481","1"
"1978248481","2026322246","1"
"2026322246","1978248481","1"
"1978248481","2048359599","1"
"2048359599","1978248481","1"
"1978248481","2058712428","1"
"2058712428","1978248481","1"
"1978248481","2071832794","1"
"2071832794","1978248481","1"
"1978248481","2082466308","1"
"2082466308","1978248481","1"
"1978248481","2085837166","1"
"2085837166","1978248481","1"
"1978248481","2102854213","1"
"2102854213","1978248481","1"
"1978248481","2113610622","1"
"2113610622","1978248481","1"
"1978248481","2114373310","1"
"2114373310","1978248481","1"
"1978248481","2115164898","1"
"2115164898","1978248481","1"
"1978248481","2121537974","1"
"2121537974","1978248481","1"
"1978248481","2138146972","1"
"2138146972","1978248481","1"
"1978248481","2139178187","1"
"2139178187","1978248481","1"
"1978248481","2148139912","1"
"2148139912","1978248481","1"
"1978248481","2151480794","1"
"2151480794","1978248481","1"
"1978248481","2152400496","1"
"2152400496","1978248481","1"
"1978248481","2164364346","1"
"2164364346","1978248481","1"
"1978248481","2166917035","1"
"2166917035","1978248481","1"
"1978248481","2171358266","1"
"2171358266","1978248481","1"
"1978248481","2191545913","1"
"2191545913","1978248481","1"
"1978248481","2199853453","1"
"2199853453","1978248481","1"
"1978248481","2234346923","1"
"2234346923","1978248481","1"
"1978248481","2279313141","1"
"2279313141","1978248481","1"
"1978248481","2307175527","1"
"2307175527","1978248481","1"
"1978248481","2311669925","1"
"2311669925","1978248481","1"
"1978248481","2313448080","1"
"2313448080","1978248481","1"
"1978248481","2335629311","1"
"2335629311","1978248481","1"
"1978248481","2462331337","1"
"2462331337","1978248481","1"
"1978248481","2465756847","1"
"2465756847","1978248481","1"
"1978248481","2599694473","1"
"2599694473","1978248481","1"
"1978248481","2606727873","1"
"2606727873","1978248481","1"
"1978248481","2717960176","1"
"2717960176","1978248481","1"
"1978248481","2745439318","1"
"2745439318","1978248481","1"
"1978248481","2747612262","1"
"2747612262","1978248481","1"
"1978248481","2879837261","1"
"2879837261","1978248481","1"
"1978248481","2915518791","1"
"2915518791","1978248481","1"
"1978248481","2915869103","1"
"2915869103","1978248481","1"
"1978248481","2915902321","1"
"2915902321","1978248481","1"
"1978248481","2916174191","1"
"2916174191","1978248481","1"
"1978248481","2916314575","1"
"2916314575","1978248481","1"
"1978248481","2916387773","1"
"2916387773","1978248481","1"
"1978248481","2917131512","1"
"2917131512","1978248481","1"
"1978248481","2917538620","1"
"2917538620","1978248481","1"
"1978248481","2917576816","1"
"2917576816","1978248481","1"
"1978248481","2917748761","1"
"2917748761","1978248481","1"
"1978248481","2917876188","1"
"2917876188","1978248481","1"
"1987695958","1996146778","1"
"1996146778","1987695958","1"
"1987695958","2014955577","1"
"2014955577","1987695958","1"
"1987695958","2023722769","1"
"2023722769","1987695958","1"
"1987695958","2026322246","1"
"2026322246","1987695958","1"
"1987695958","2048359599","1"
"2048359599","1987695958","1"
"1987695958","2058712428","1"
"2058712428","1987695958","1"
"1987695958","2071832794","1"
"2071832794","1987695958","1"
"1987695958","2082466308","1"
"2082466308","1987695958","1"
"1987695958","2085837166","1"
"2085837166","1987695958","1"
"1987695958","2102854213","1"
"2102854213","1987695958","1"
"1987695958","2113610622","1"
"2113610622","1987695958","1"
"1987695958","2114373310","1"
"2114373310","1987695958","1"
"1987695958","2115164898","1"
"2115164898","1987695958","1"
"1987695958","2121537974","1"
"2121537974","1987695958","1"
"1987695958","2138146972","1"
"2138146972","1987695958","1"
"1987695958","2139178187","1"
"2139178187","1987695958","1"
"1987695958","2148139912","1"
"2148139912","1987695958","1"
"1987695958","2151480794","1"
"2151480794","1987695958","1"
"1987695958","2152400496","1"
"2152400496","1987695958","1"
"1987695958","2164364346","1"
"2164364346","1987695958","1"
"1987695958","2166917035","1"
"2166917035","1987695958","1"
"1987695958","2171358266","1"
"2171358266","1987695958","1"
"1987695958","2191545913","1"
"2191545913","1987695958","1"
"1987695958","2199853453","1"
"2199853453","1987695958","1"
"1987695958","2234346923","1"
"2234346923","1987695958","1"
"1987695958","2279313141","1"
"2279313141","1987695958","1"
"1987695958","2307175527","1"
"2307175527","1987695958","1"
"1987695958","2311669925","1"
"2311669925","1987695958","1"
"1987695958","2313448080","1"
"2313448080","1987695958","1"
"1987695958","2335629311","1"
"2335629311","1987695958","1"
"1987695958","2462331337","1"
"2462331337","1987695958","1"
"1987695958","2465756847","1"
"2465756847","1987695958","1"
"1987695958","2599694473","1"
"2599694473","1987695958","1"
"1987695958","2606727873","1"
"2606727873","1987695958","1"
"1987695958","2717960176","1"
"2717960176","1987695958","1"
"1987695958","2745439318","1"
"2745439318","1987695958","1"
"1987695958","2747612262","1"
"2747612262","1987695958","1"
"1987695958","2879837261","1"
"2879837261","1987695958","1"
"1987695958","2915518791","1"
"2915518791","1987695958","1"
"1987695958","2915869103","1"
"2915869103","1987695958","1"
"1987695958","2915902321","1"
"2915902321","1987695958","1"
"1987695958","2916174191","1"
"2916174191","1987695958","1"
"1987695958","2916314575","1"
"2916314575","1987695958","1"
"1987695958","2916387773","1"
"2916387773","1987695958","1"
"1987695958","2917131512","1"
"2917131512","1987695958","1"
"1987695958","2917538620","1"
"2917538620","1987695958","1"
"1987695958","2917576816","1"
"2917576816","1987695958","1"
"1987695958","2917748761","1"
"2917748761","1987695958","1"
"1987695958","2917876188","1"
"2917876188","1987695958","1"
"1996146778","2014955577","1"
"2014955577","1996146778","1"
"1996146778","2023722769","1"
"2023722769","1996146778","1"
"1996146778","2026322246","1"
"2026322246","1996146778","1"
"1996146778","2048359599","1"
"2048359599","1996146778","1"
"1996146778","2058712428","1"
"2058712428","1996146778","1"
"1996146778","2071832794","1"
"2071832794","1996146778","1"
"1996146778","2082466308","1"
"2082466308","1996146778","1"
"1996146778","2085837166","1"
"2085837166","1996146778","1"
"1996146778","2102854213","1"
"2102854213","1996146778","1"
"1996146778","2113610622","1"
"2113610622","1996146778","1"
"1996146778","2114373310","1"
"2114373310","1996146778","1"
"1996146778","2115164898","1"
"2115164898","1996146778","1"
"1996146778","2121537974","1"
"2121537974","1996146778","1"
"1996146778","2138146972","1"
"2138146972","1996146778","1"
"1996146778","2139178187","1"
"2139178187","1996146778","1"
"1996146778","2148139912","1"
"2148139912","1996146778","1"
"1996146778","2151480794","1"
"2151480794","1996146778","1"
"1996146778","2152400496","1"
"2152400496","1996146778","1"
"1996146778","2164364346","1"
"2164364346","1996146778","1"
"1996146778","2166917035","1"
"2166917035","1996146778","1"
"1996146778","2171358266","1"
"2171358266","1996146778","1"
"1996146778","2191545913","1"
"2191545913","1996146778","1"
"1996146778","2199853453","1"
"2199853453","1996146778","1"
"1996146778","2234346923","1"
"2234346923","1996146778","1"
"1996146778","2279313141","1"
"2279313141","1996146778","1"
"1996146778","2307175527","1"
"2307175527","1996146778","1"
"1996146778","2311669925","1"
"2311669925","1996146778","1"
"1996146778","2313448080","1"
"2313448080","1996146778","1"
"1996146778","2335629311","1"
"2335629311","1996146778","1"
"1996146778","2462331337","1"
"2462331337","1996146778","1"
"1996146778","2465756847","1"
"2465756847","1996146778","1"
"1996146778","2599694473","1"
"2599694473","1996146778","1"
"1996146778","2606727873","1"
"2606727873","1996146778","1"
"1996146778","2717960176","1"
"2717960176","1996146778","1"
"1996146778","2745439318","1"
"2745439318","1996146778","1"
"1996146778","2747612262","1"
"2747612262","1996146778","1"
"1996146778","2879837261","1"
"2879837261","1996146778","1"
"1996146778","2915518791","1"
"2915518791","1996146778","1"
"1996146778","2915869103","1"
"2915869103","1996146778","1"
"1996146778","2915902321","1"
"2915902321","1996146778","1"
"1996146778","2916174191","1"
"2916174191","1996146778","1"
"1996146778","2916314575","1"
"2916314575","1996146778","1"
"1996146778","2916387773","1"
"2916387773","1996146778","1"
"1996146778","2917131512","1"
"2917131512","1996146778","1"
"1996146778","2917538620","1"
"2917538620","1996146778","1"
"1996146778","2917576816","1"
"2917576816","1996146778","1"
"1996146778","2917748761","1"
"2917748761","1996146778","1"
"1996146778","2917876188","1"
"2917876188","1996146778","1"
"2014955577","2023722769","3"
"2023722769","2014955577","3"
"2014955577","2026322246","3"
"2026322246","2014955577","3"
"2014955577","2048359599","3"
"2048359599","2014955577","3"
"2014955577","2058712428","2"
"2058712428","2014955577","2"
"2014955577","2071832794","2"
"2071832794","2014955577","2"
"2014955577","2082466308","2"
"2082466308","2014955577","2"
"2014955577","2085837166","1"
"2085837166","2014955577","1"
"2014955577","2102854213","1"
"2102854213","2014955577","1"
"2014955577","2113610622","3"
"2113610622","2014955577","3"
"2014955577","2114373310","2"
"2114373310","2014955577","2"
"2014955577","2115164898","3"
"2115164898","2014955577","3"
"2014955577","2121537974","1"
"2121537974","2014955577","1"
"2014955577","2138146972","1"
"2138146972","2014955577","1"
"2014955577","2139178187","3"
"2139178187","2014955577","3"
"2014955577","2148139912","2"
"2148139912","2014955577","2"
"2014955577","2151480794","1"
"2151480794","2014955577","1"
"2014955577","2152400496","3"
"2152400496","2014955577","3"
"2014955577","2164364346","1"
"2164364346","2014955577","1"
"2014955577","2166917035","1"
"2166917035","2014955577","1"
"2014955577","2171358266","3"
"2171358266","2014955577","3"
"2014955577","2191545913","1"
"2191545913","2014955577","1"
"2014955577","2199853453","1"
"2199853453","2014955577","1"
"2014955577","2234346923","1"
"2234346923","2014955577","1"
"2014955577","2279313141","3"
"2279313141","2014955577","3"
"2014955577","2307175527","3"
"2307175527","2014955577","3"
"2014955577","2311669925","2"
"2311669925","2014955577","2"
"2014955577","2313448080","1"
"2313448080","2014955577","1"
"2014955577","2335629311","1"
"2335629311","2014955577","1"
"2014955577","2462331337","3"
"2462331337","2014955577","3"
"2014955577","2465756847","3"
"2465756847","2014955577","3"
"2014955577","2599694473","3"
"2599694473","2014955577","3"
"2014955577","2606727873","1"
"2606727873","2014955577","1"
"2014955577","2717960176","1"
"2717960176","2014955577","1"
"2014955577","2745439318","2"
"2745439318","2014955577","2"
"2014955577","2747612262","1"
"2747612262","2014955577","1"
"2014955577","2879837261","1"
"2879837261","2014955577","1"
"2014955577","2915518791","1"
"2915518791","2014955577","1"
"2014955577","2915869103","1"
"2915869103","2014955577","1"
"2014955577","2915902321","1"
"2915902321","2014955577","1"
"2014955577","2916174191","1"
"2916174191","2014955577","1"
"2014955577","2916314575","1"
"2916314575","2014955577","1"
"2014955577","2916387773","1"
"2916387773","2014955577","1"
"2014955577","2917131512","1"
"2917131512","2014955577","1"
"2014955577","2917538620","1"
"2917538620","2014955577","1"
"2014955577","2917576816","1"
"2917576816","2014955577","1"
"2014955577","2917748761","1"
"2917748761","2014955577","1"
"2014955577","2917876188","1"
"2917876188","2014955577","1"
"2023722769","2026322246","3"
"2026322246","2023722769","3"
"2023722769","2048359599","3"
"2048359599","2023722769","3"
"2023722769","2058712428","2"
"2058712428","2023722769","2"
"2023722769","2071832794","2"
"2071832794","2023722769","2"
"2023722769","2082466308","2"
"2082466308","2023722769","2"
"2023722769","2085837166","1"
"2085837166","2023722769","1"
"2023722769","2102854213","1"
"2102854213","2023722769","1"
"2023722769","2113610622","3"
"2113610622","2023722769","3"
"2023722769","2114373310","2"
"2114373310","2023722769","2"
"2023722769","2115164898","3"
"2115164898","2023722769","3"
"2023722769","2121537974","1"
"2121537974","2023722769","1"
"2023722769","2138146972","1"
"2138146972","2023722769","1"
"2023722769","2139178187","3"
"2139178187","2023722769","3"
"2023722769","2148139912","2"
"2148139912","2023722769","2"
"2023722769","2151480794","1"
"2151480794","2023722769","1"
"2023722769","2152400496","3"
"2152400496","2023722769","3"
"2023722769","2164364346","1"
"2164364346","2023722769","1"
"2023722769","2166917035","1"
"2166917035","2023722769","1"
"2023722769","2171358266","3"
"2171358266","2023722769","3"
"2023722769","2191545913","1"
"2191545913","2023722769","1"
"2023722769","2199853453","1"
"2199853453","2023722769","1"
"2023722769","2234346923","1"
"2234346923","2023722769","1"
"2023722769","2279313141","3"
"2279313141","2023722769","3"
"2023722769","2307175527","3"
"2307175527","2023722769","3"
"2023722769","2311669925","2"
"2311669925","2023722769","2"
"2023722769","2313448080","1"
"2313448080","2023722769","1"
"2023722769","2335629311","1"
"2335629311","2023722769","1"
"2023722769","2462331337","3"
"2462331337","2023722769","3"
"2023722769","2465756847","3"
"2465756847","2023722769","3"
"2023722769","2599694473","3"
"2599694473","2023722769","3"
"2023722769","2606727873","1"
"2606727873","2023722769","1"
"2023722769","2717960176","1"
"2717960176","2023722769","1"
"2023722769","2745439318","2"
"2745439318","2023722769","2"
"2023722769","2747612262","1"
"2747612262","2023722769","1"
"2023722769","2879837261","1"
"2879837261","2023722769","1"
"2023722769","2915518791","1"
"2915518791","2023722769","1"
"2023722769","2915869103","1"
"2915869103","2023722769","1"
"2023722769","2915902321","1"
"2915902321","2023722769","1"
"2023722769","2916174191","1"
"2916174191","2023722769","1"
"2023722769","2916314575","1"
"2916314575","2023722769","1"
"2023722769","2916387773","1"
"2916387773","2023722769","1"
"2023722769","2917131512","1"
"2917131512","2023722769","1"
"2023722769","2917538620","1"
"2917538620","2023722769","1"
"2023722769","2917576816","1"
"2917576816","2023722769","1"
"2023722769","2917748761","1"
"2917748761","2023722769","1"
"2023722769","2917876188","1"
"2917876188","2023722769","1"
"2026322246","2048359599","3"
"2048359599","2026322246","3"
"2026322246","2058712428","2"
"2058712428","2026322246","2"
"2026322246","2071832794","2"
"2071832794","2026322246","2"
"2026322246","2082466308","2"
"2082466308","2026322246","2"
"2026322246","2085837166","1"
"2085837166","2026322246","1"
"2026322246","2102854213","1"
"2102854213","2026322246","1"
"2026322246","2113610622","4"
"2113610622","2026322246","4"
"2026322246","2114373310","2"
"2114373310","2026322246","2"
"2026322246","2115164898","3"
"2115164898","2026322246","3"
"2026322246","2121537974","1"
"2121537974","2026322246","1"
"2026322246","2138146972","1"
"2138146972","2026322246","1"
"2026322246","2139178187","3"
"2139178187","2026322246","3"
"2026322246","2148139912","2"
"2148139912","2026322246","2"
"2026322246","2151480794","1"
"2151480794","2026322246","1"
"2026322246","2152400496","3"
"2152400496","2026322246","3"
"2026322246","2164364346","1"
"2164364346","2026322246","1"
"2026322246","2166917035","1"
"2166917035","2026322246","1"
"2026322246","2171358266","3"
"2171358266","2026322246","3"
"2026322246","2191545913","1"
"2191545913","2026322246","1"
"2026322246","2199853453","1"
"2199853453","2026322246","1"
"2026322246","2234346923","1"
"2234346923","2026322246","1"
"2026322246","2279313141","3"
"2279313141","2026322246","3"
"2026322246","2307175527","3"
"2307175527","2026322246","3"
"2026322246","2311669925","2"
"2311669925","2026322246","2"
"2026322246","2313448080","1"
"2313448080","2026322246","1"
"2026322246","2335629311","2"
"2335629311","2026322246","2"
"2026322246","2462331337","3"
"2462331337","2026322246","3"
"2026322246","2465756847","3"
"2465756847","2026322246","3"
"2026322246","2599694473","3"
"2599694473","2026322246","3"
"2026322246","2606727873","1"
"2606727873","2026322246","1"
"2026322246","2717960176","1"
"2717960176","2026322246","1"
"2026322246","2745439318","2"
"2745439318","2026322246","2"
"2026322246","2747612262","1"
"2747612262","2026322246","1"
"2026322246","2879837261","1"
"2879837261","2026322246","1"
"2026322246","2915518791","1"
"2915518791","2026322246","1"
"2026322246","2915869103","1"
"2915869103","2026322246","1"
"2026322246","2915902321","1"
"2915902321","2026322246","1"
"2026322246","2916174191","1"
"2916174191","2026322246","1"
"2026322246","2916314575","1"
"2916314575","2026322246","1"
"2026322246","2916387773","1"
"2916387773","2026322246","1"
"2026322246","2917131512","1"
"2917131512","2026322246","1"
"2026322246","2917538620","1"
"2917538620","2026322246","1"
"2026322246","2917576816","1"
"2917576816","2026322246","1"
"2026322246","2917748761","1"
"2917748761","2026322246","1"
"2026322246","2917876188","1"
"2917876188","2026322246","1"
"2048359599","2058712428","2"
"2058712428","2048359599","2"
"2048359599","2071832794","2"
"2071832794","2048359599","2"
"2048359599","2082466308","2"
"2082466308","2048359599","2"
"2048359599","2085837166","1"
"2085837166","2048359599","1"
"2048359599","2102854213","1"
"2102854213","2048359599","1"
"2048359599","2113610622","3"
"2113610622","2048359599","3"
"2048359599","2114373310","2"
"2114373310","2048359599","2"
"2048359599","2115164898","3"
"2115164898","2048359599","3"
"2048359599","2121537974","1"
"2121537974","2048359599","1"
"2048359599","2138146972","1"
"2138146972","2048359599","1"
"2048359599","2139178187","3"
"2139178187","2048359599","3"
"2048359599","2148139912","2"
"2148139912","2048359599","2"
"2048359599","2151480794","1"
"2151480794","2048359599","1"
"2048359599","2152400496","3"
"2152400496","2048359599","3"
"2048359599","2164364346","1"
"2164364346","2048359599","1"
"2048359599","2166917035","1"
"2166917035","2048359599","1"
"2048359599","2171358266","3"
"2171358266","2048359599","3"
"2048359599","2191545913","1"
"2191545913","2048359599","1"
"2048359599","2199853453","1"
"2199853453","2048359599","1"
"2048359599","2234346923","1"
"2234346923","2048359599","1"
"2048359599","2279313141","3"
"2279313141","2048359599","3"
"2048359599","2307175527","3"
"2307175527","2048359599","3"
"2048359599","2311669925","2"
"2311669925","2048359599","2"
"2048359599","2313448080","1"
"2313448080","2048359599","1"
"2048359599","2335629311","1"
"2335629311","2048359599","1"
"2048359599","2462331337","3"
"2462331337","2048359599","3"
"2048359599","2465756847","3"
"2465756847","2048359599","3"
"2048359599","2599694473","3"
"2599694473","2048359599","3"
"2048359599","2606727873","1"
"2606727873","2048359599","1"
"2048359599","2717960176","1"
"2717960176","2048359599","1"
"2048359599","2745439318","2"
"2745439318","2048359599","2"
"2048359599","2747612262","1"
"2747612262","2048359599","1"
"2048359599","2879837261","1"
"2879837261","2048359599","1"
"2048359599","2915518791","1"
"2915518791","2048359599","1"
"2048359599","2915869103","1"
"2915869103","2048359599","1"
"2048359599","2915902321","1"
"2915902321","2048359599","1"
"2048359599","2916174191","1"
"2916174191","2048359599","1"
"2048359599","2916314575","1"
"2916314575","2048359599","1"
"2048359599","2916387773","1"
"2916387773","2048359599","1"
"2048359599","2917131512","1"
"2917131512","2048359599","1"
"2048359599","2917538620","1"
"2917538620","2048359599","1"
"2048359599","2917576816","1"
"2917576816","2048359599","1"
"2048359599","2917748761","1"
"2917748761","2048359599","1"
"2048359599","2917876188","1"
"2917876188","2048359599","1"
"2058712428","2071832794","2"
"2071832794","2058712428","2"
"2058712428","2082466308","1"
"2082466308","2058712428","1"
"2058712428","2085837166","1"
"2085837166","2058712428","1"
"2058712428","2102854213","1"
"2102854213","2058712428","1"
"2058712428","2113610622","2"
"2113610622","2058712428","2"
"2058712428","2114373310","1"
"2114373310","2058712428","1"
"2058712428","2115164898","2"
"2115164898","2058712428","2"
"2058712428","2121537974","1"
"2121537974","2058712428","1"
"2058712428","2138146972","1"
"2138146972","2058712428","1"
"2058712428","2139178187","2"
"2139178187","2058712428","2"
"2058712428","2148139912","2"
"2148139912","2058712428","2"
"2058712428","2151480794","1"
"2151480794","2058712428","1"
"2058712428","2152400496","2"
"2152400496","2058712428","2"
"2058712428","2164364346","1"
"2164364346","2058712428","1"
"2058712428","2166917035","1"
"2166917035","2058712428","1"
"2058712428","2171358266","2"
"2171358266","2058712428","2"
"2058712428","2191545913","1"
"2191545913","2058712428","1"
"2058712428","2199853453","1"
"2199853453","2058712428","1"
"2058712428","2234346923","1"
"2234346923","2058712428","1"
"2058712428","2279313141","2"
"2279313141","2058712428","2"
"2058712428","2307175527","2"
"2307175527","2058712428","2"
"2058712428","2311669925","2"
"2311669925","2058712428","2"
"2058712428","2313448080","1"
"2313448080","2058712428","1"
"2058712428","2335629311","1"
"2335629311","2058712428","1"
"2058712428","2462331337","2"
"2462331337","2058712428","2"
"2058712428","2465756847","2"
"2465756847","2058712428","2"
"2058712428","2599694473","2"
"2599694473","2058712428","2"
"2058712428","2606727873","1"
"2606727873","2058712428","1"
"2058712428","2717960176","1"
"2717960176","2058712428","1"
"2058712428","2745439318","1"
"2745439318","2058712428","1"
"2058712428","2747612262","1"
"2747612262","2058712428","1"
"2058712428","2879837261","1"
"2879837261","2058712428","1"
"2058712428","2915518791","1"
"2915518791","2058712428","1"
"2058712428","2915869103","1"
"2915869103","2058712428","1"
"2058712428","2915902321","1"
"2915902321","2058712428","1"
"2058712428","2916174191","1"
"2916174191","2058712428","1"
"2058712428","2916314575","1"
"2916314575","2058712428","1"
"2058712428","2916387773","1"
"2916387773","2058712428","1"
"2058712428","2917131512","1"
"2917131512","2058712428","1"
"2058712428","2917538620","1"
"2917538620","2058712428","1"
"2058712428","2917576816","1"
"2917576816","2058712428","1"
"2058712428","2917748761","1"
"2917748761","2058712428","1"
"2058712428","2917876188","1"
"2917876188","2058712428","1"
"2071832794","2082466308","1"
"2082466308","2071832794","1"
"2071832794","2085837166","1"
"2085837166","2071832794","1"
"2071832794","2102854213","1"
"2102854213","2071832794","1"
"2071832794","2113610622","2"
"2113610622","2071832794","2"
"2071832794","2114373310","1"
"2114373310","2071832794","1"
"2071832794","2115164898","2"
"2115164898","2071832794","2"
"2071832794","2121537974","1"
"2121537974","2071832794","1"
"2071832794","2138146972","1"
"2138146972","2071832794","1"
"2071832794","2139178187","2"
"2139178187","2071832794","2"
"2071832794","2148139912","2"
"2148139912","2071832794","2"
"2071832794","2151480794","1"
"2151480794","2071832794","1"
"2071832794","2152400496","2"
"2152400496","2071832794","2"
"2071832794","2164364346","1"
"2164364346","2071832794","1"
"2071832794","2166917035","1"
"2166917035","2071832794","1"
"2071832794","2171358266","2"
"2171358266","2071832794","2"
"2071832794","2191545913","1"
"2191545913","2071832794","1"
"2071832794","2199853453","1"
"2199853453","2071832794","1"
"2071832794","2234346923","1"
"2234346923","2071832794","1"
"2071832794","2279313141","2"
"2279313141","2071832794","2"
"2071832794","2307175527","2"
"2307175527","2071832794","2"
"2071832794","2311669925","2"
"2311669925","2071832794","2"
"2071832794","2313448080","1"
"2313448080","2071832794","1"
"2071832794","2335629311","1"
"2335629311","2071832794","1"
"2071832794","2462331337","2"
"2462331337","2071832794","2"
"2071832794","2465756847","2"
"2465756847","2071832794","2"
"2071832794","2599694473","2"
"2599694473","2071832794","2"
"2071832794","2606727873","1"
"2606727873","2071832794","1"
"2071832794","2717960176","1"
"2717960176","2071832794","1"
"2071832794","2745439318","1"
"2745439318","2071832794","1"
"2071832794","2747612262","1"
"2747612262","2071832794","1"
"2071832794","2879837261","1"
"2879837261","2071832794","1"
"2071832794","2915518791","1"
"2915518791","2071832794","1"
"2071832794","2915869103","1"
"2915869103","2071832794","1"
"2071832794","2915902321","1"
"2915902321","2071832794","1"
"2071832794","2916174191","1"
"2916174191","2071832794","1"
"2071832794","2916314575","1"
"2916314575","2071832794","1"
"2071832794","2916387773","1"
"2916387773","2071832794","1"
"2071832794","2917131512","1"
"2917131512","2071832794","1"
"2071832794","2917538620","1"
"2917538620","2071832794","1"
"2071832794","2917576816","1"
"2917576816","2071832794","1"
"2071832794","2917748761","1"
"2917748761","2071832794","1"
"2071832794","2917876188","1"
"2917876188","2071832794","1"
"2082466308","2085837166","1"
"2085837166","2082466308","1"
"2082466308","2102854213","1"
"2102854213","2082466308","1"
"2082466308","2113610622","2"
"2113610622","2082466308","2"
"2082466308","2114373310","2"
"2114373310","2082466308","2"
"2082466308","2115164898","2"
"2115164898","2082466308","2"
"2082466308","2121537974","1"
"2121537974","2082466308","1"
"2082466308","2138146972","1"
"2138146972","2082466308","1"
"2082466308","2139178187","2"
"2139178187","2082466308","2"
"2082466308","2148139912","1"
"2148139912","2082466308","1"
"2082466308","2151480794","1"
"2151480794","2082466308","1"
"2082466308","2152400496","2"
"2152400496","2082466308","2"
"2082466308","2164364346","1"
"2164364346","2082466308","1"
"2082466308","2166917035","1"
"2166917035","2082466308","1"
"2082466308","2171358266","2"
"2171358266","2082466308","2"
"2082466308","2191545913","1"
"2191545913","2082466308","1"
"2082466308","2199853453","1"
"2199853453","2082466308","1"
"2082466308","2234346923","1"
"2234346923","2082466308","1"
"2082466308","2279313141","2"
"2279313141","2082466308","2"
"2082466308","2307175527","2"
"2307175527","2082466308","2"
"2082466308","2311669925","1"
"2311669925","2082466308","1"
"2082466308","2313448080","1"
"2313448080","2082466308","1"
"2082466308","2335629311","1"
"2335629311","2082466308","1"
"2082466308","2462331337","2"
"2462331337","2082466308","2"
"2082466308","2465756847","2"
"2465756847","2082466308","2"
"2082466308","2599694473","2"
"2599694473","2082466308","2"
"2082466308","2606727873","1"
"2606727873","2082466308","1"
"2082466308","2717960176","1"
"2717960176","2082466308","1"
"2082466308","2745439318","2"
"2745439318","2082466308","2"
"2082466308","2747612262","1"
"2747612262","2082466308","1"
"2082466308","2879837261","1"
"2879837261","2082466308","1"
"2082466308","2915518791","1"
"2915518791","2082466308","1"
"2082466308","2915869103","1"
"2915869103","2082466308","1"
"2082466308","2915902321","1"
"2915902321","2082466308","1"
"2082466308","2916174191","1"
"2916174191","2082466308","1"
"2082466308","2916314575","1"
"2916314575","2082466308","1"
"2082466308","2916387773","1"
"2916387773","2082466308","1"
"2082466308","2917131512","1"
"2917131512","2082466308","1"
"2082466308","2917538620","1"
"2917538620","2082466308","1"
"2082466308","2917576816","1"
"2917576816","2082466308","1"
"2082466308","2917748761","1"
"2917748761","2082466308","1"
"2082466308","2917876188","1"
"2917876188","2082466308","1"
"2085837166","2102854213","1"
"2102854213","2085837166","1"
"2085837166","2113610622","1"
"2113610622","2085837166","1"
"2085837166","2114373310","1"
"2114373310","2085837166","1"
"2085837166","2115164898","1"
"2115164898","2085837166","1"
"2085837166","2121537974","1"
"2121537974","2085837166","1"
"2085837166","2138146972","1"
"2138146972","2085837166","1"
"2085837166","2139178187","1"
"2139178187","2085837166","1"
"2085837166","2148139912","1"
"2148139912","2085837166","1"
"2085837166","2151480794","1"
"2151480794","2085837166","1"
"2085837166","2152400496","1"
"2152400496","2085837166","1"
"2085837166","2164364346","1"
"2164364346","2085837166","1"
"2085837166","2166917035","1"
"2166917035","2085837166","1"
"2085837166","2171358266","1"
"2171358266","2085837166","1"
"2085837166","2191545913","1"
"2191545913","2085837166","1"
"2085837166","2199853453","1"
"2199853453","2085837166","1"
"2085837166","2234346923","1"
"2234346923","2085837166","1"
"2085837166","2279313141","1"
"2279313141","2085837166","1"
"2085837166","2307175527","1"
"2307175527","2085837166","1"
"2085837166","2311669925","1"
"2311669925","2085837166","1"
"2085837166","2313448080","1"
"2313448080","2085837166","1"
"2085837166","2335629311","1"
"2335629311","2085837166","1"
"2085837166","2462331337","1"
"2462331337","2085837166","1"
"2085837166","2465756847","1"
"2465756847","2085837166","1"
"2085837166","2599694473","1"
"2599694473","2085837166","1"
"2085837166","2606727873","1"
"2606727873","2085837166","1"
"2085837166","2717960176","1"
"2717960176","2085837166","1"
"2085837166","2745439318","1"
"2745439318","2085837166","1"
"2085837166","2747612262","1"
"2747612262","2085837166","1"
"2085837166","2879837261","1"
"2879837261","2085837166","1"
"2085837166","2915518791","1"
"2915518791","2085837166","1"
"2085837166","2915869103","1"
"2915869103","2085837166","1"
"2085837166","2915902321","1"
"2915902321","2085837166","1"
"2085837166","2916174191","1"
"2916174191","2085837166","1"
"2085837166","2916314575","1"
"2916314575","2085837166","1"
"2085837166","2916387773","1"
"2916387773","2085837166","1"
"2085837166","2917131512","1"
"2917131512","2085837166","1"
"2085837166","2917538620","1"
"2917538620","2085837166","1"
"2085837166","2917576816","1"
"2917576816","2085837166","1"
"2085837166","2917748761","1"
"2917748761","2085837166","1"
"2085837166","2917876188","1"
"2917876188","2085837166","1"
"2102854213","2113610622","1"
"2113610622","2102854213","1"
"2102854213","2114373310","1"
"2114373310","2102854213","1"
"2102854213","2115164898","1"
"2115164898","2102854213","1"
"2102854213","2121537974","1"
"2121537974","2102854213","1"
"2102854213","2138146972","1"
"2138146972","2102854213","1"
"2102854213","2139178187","1"
"2139178187","2102854213","1"
"2102854213","2148139912","1"
"2148139912","2102854213","1"
"2102854213","2151480794","1"
"2151480794","2102854213","1"
"2102854213","2152400496","1"
"2152400496","2102854213","1"
"2102854213","2164364346","1"
"2164364346","2102854213","1"
"2102854213","2166917035","1"
"2166917035","2102854213","1"
"2102854213","2171358266","1"
"2171358266","2102854213","1"
"2102854213","2191545913","1"
"2191545913","2102854213","1"
"2102854213","2199853453","1"
"2199853453","2102854213","1"
"2102854213","2234346923","1"
"2234346923","2102854213","1"
"2102854213","2279313141","1"
"2279313141","2102854213","1"
"2102854213","2307175527","1"
"2307175527","2102854213","1"
"2102854213","2311669925","1"
"2311669925","2102854213","1"
"2102854213","2313448080","1"
"2313448080","2102854213","1"
"2102854213","2335629311","1"
"2335629311","2102854213","1"
"2102854213","2462331337","1"
"2462331337","2102854213","1"
"2102854213","2465756847","1"
"2465756847","2102854213","1"
"2102854213","2599694473","1"
"2599694473","2102854213","1"
"2102854213","2606727873","1"
"2606727873","2102854213","1"
"2102854213","2717960176","1"
"2717960176","2102854213","1"
"2102854213","2745439318","1"
"2745439318","2102854213","1"
"2102854213","2747612262","1"
"2747612262","2102854213","1"
"2102854213","2879837261","1"
"2879837261","2102854213","1"
"2102854213","2915518791","1"
"2915518791","2102854213","1"
"2102854213","2915869103","1"
"2915869103","2102854213","1"
"2102854213","2915902321","1"
"2915902321","2102854213","1"
"2102854213","2916174191","1"
"2916174191","2102854213","1"
"2102854213","2916314575","1"
"2916314575","2102854213","1"
"2102854213","2916387773","1"
"2916387773","2102854213","1"
"2102854213","2917131512","1"
"2917131512","2102854213","1"
"2102854213","2917538620","1"
"2917538620","2102854213","1"
"2102854213","2917576816","1"
"2917576816","2102854213","1"
"2102854213","2917748761","1"
"2917748761","2102854213","1"
"2102854213","2917876188","1"
"2917876188","2102854213","1"
"2113610622","2114373310","2"
"2114373310","2113610622","2"
"2113610622","2115164898","3"
"2115164898","2113610622","3"
"2113610622","2121537974","1"
"2121537974","2113610622","1"
"2113610622","2138146972","1"
"2138146972","2113610622","1"
"2113610622","2139178187","3"
"2139178187","2113610622","3"
"2113610622","2148139912","2"
"2148139912","2113610622","2"
"2113610622","2151480794","1"
"2151480794","2113610622","1"
"2113610622","2152400496","3"
"2152400496","2113610622","3"
"2113610622","2164364346","1"
"2164364346","2113610622","1"
"2113610622","2166917035","1"
"2166917035","2113610622","1"
"2113610622","2171358266","3"
"2171358266","2113610622","3"
"2113610622","2191545913","1"
"2191545913","2113610622","1"
"2113610622","2199853453","1"
"2199853453","2113610622","1"
"2113610622","2234346923","2"
"2234346923","2113610622","2"
"2113610622","2279313141","3"
"2279313141","2113610622","3"
"2113610622","2307175527","3"
"2307175527","2113610622","3"
"2113610622","2311669925","2"
"2311669925","2113610622","2"
"2113610622","2313448080","1"
"2313448080","2113610622","1"
"2113610622","2335629311","2"
"2335629311","2113610622","2"
"2113610622","2462331337","3"
"2462331337","2113610622","3"
"2113610622","2465756847","3"
"2465756847","2113610622","3"
"2113610622","2599694473","3"
"2599694473","2113610622","3"
"2113610622","2606727873","1"
"2606727873","2113610622","1"
"2113610622","2717960176","1"
"2717960176","2113610622","1"
"2113610622","2745439318","2"
"2745439318","2113610622","2"
"2113610622","2747612262","1"
"2747612262","2113610622","1"
"2113610622","2879837261","1"
"2879837261","2113610622","1"
"2113610622","2915518791","1"
"2915518791","2113610622","1"
"2113610622","2915869103","1"
"2915869103","2113610622","1"
"2113610622","2915902321","1"
"2915902321","2113610622","1"
"2113610622","2916174191","1"
"2916174191","2113610622","1"
"2113610622","2916314575","1"
"2916314575","2113610622","1"
"2113610622","2916387773","1"
"2916387773","2113610622","1"
"2113610622","2917131512","1"
"2917131512","2113610622","1"
"2113610622","2917538620","1"
"2917538620","2113610622","1"
"2113610622","2917576816","1"
"2917576816","2113610622","1"
"2113610622","2917748761","1"
"2917748761","2113610622","1"
"2113610622","2917876188","1"
"2917876188","2113610622","1"
"2114373310","2115164898","2"
"2115164898","2114373310","2"
"2114373310","2121537974","1"
"2121537974","2114373310","1"
"2114373310","2138146972","1"
"2138146972","2114373310","1"
"2114373310","2139178187","2"
"2139178187","2114373310","2"
"2114373310","2148139912","1"
"2148139912","2114373310","1"
"2114373310","2151480794","1"
"2151480794","2114373310","1"
"2114373310","2152400496","2"
"2152400496","2114373310","2"
"2114373310","2164364346","1"
"2164364346","2114373310","1"
"2114373310","2166917035","1"
"2166917035","2114373310","1"
"2114373310","2171358266","2"
"2171358266","2114373310","2"
"2114373310","2191545913","1"
"2191545913","2114373310","1"
"2114373310","2199853453","1"
"2199853453","2114373310","1"
"2114373310","2234346923","1"
"2234346923","2114373310","1"
"2114373310","2279313141","2"
"2279313141","2114373310","2"
"2114373310","2307175527","2"
"2307175527","2114373310","2"
"2114373310","2311669925","1"
"2311669925","2114373310","1"
"2114373310","2313448080","1"
"2313448080","2114373310","1"
"2114373310","2335629311","1"
"2335629311","2114373310","1"
"2114373310","2462331337","2"
"2462331337","2114373310","2"
"2114373310","2465756847","2"
"2465756847","2114373310","2"
"2114373310","2599694473","2"
"2599694473","2114373310","2"
"2114373310","2606727873","1"
"2606727873","2114373310","1"
"2114373310","2717960176","1"
"2717960176","2114373310","1"
"2114373310","2745439318","2"
"2745439318","2114373310","2"
"2114373310","2747612262","1"
"2747612262","2114373310","1"
"2114373310","2879837261","1"
"2879837261","2114373310","1"
"2114373310","2915518791","1"
"2915518791","2114373310","1"
"2114373310","2915869103","1"
"2915869103","2114373310","1"
"2114373310","2915902321","1"
"2915902321","2114373310","1"
"2114373310","2916174191","1"
"2916174191","2114373310","1"
"2114373310","2916314575","1"
"2916314575","2114373310","1"
"2114373310","2916387773","1"
"2916387773","2114373310","1"
"2114373310","2917131512","1"
"2917131512","2114373310","1"
"2114373310","2917538620","1"
"2917538620","2114373310","1"
"2114373310","2917576816","1"
"2917576816","2114373310","1"
"2114373310","2917748761","1"
"2917748761","2114373310","1"
"2114373310","2917876188","1"
"2917876188","2114373310","1"
"2115164898","2121537974","1"
"2121537974","2115164898","1"
"2115164898","2138146972","1"
"2138146972","2115164898","1"
"2115164898","2139178187","3"
"2139178187","2115164898","3"
"2115164898","2148139912","2"
"2148139912","2115164898","2"
"2115164898","2151480794","1"
"2151480794","2115164898","1"
"2115164898","2152400496","3"
"2152400496","2115164898","3"
"2115164898","2164364346","1"
"2164364346","2115164898","1"
"2115164898","2166917035","1"
"2166917035","2115164898","1"
"2115164898","2171358266","3"
"2171358266","2115164898","3"
"2115164898","2191545913","1"
"2191545913","2115164898","1"
"2115164898","2199853453","1"
"2199853453","2115164898","1"
"2115164898","2234346923","1"
"2234346923","2115164898","1"
"2115164898","2279313141","3"
"2279313141","2115164898","3"
"2115164898","2307175527","3"
"2307175527","2115164898","3"
"2115164898","2311669925","2"
"2311669925","2115164898","2"
"2115164898","2313448080","1"
"2313448080","2115164898","1"
"2115164898","2335629311","1"
"2335629311","2115164898","1"
"2115164898","2462331337","3"
"2462331337","2115164898","3"
"2115164898","2465756847","3"
"2465756847","2115164898","3"
"2115164898","2599694473","3"
"2599694473","2115164898","3"
"2115164898","2606727873","1"
"2606727873","2115164898","1"
"2115164898","2717960176","1"
"2717960176","2115164898","1"
"2115164898","2745439318","2"
"2745439318","2115164898","2"
"2115164898","2747612262","1"
"2747612262","2115164898","1"
"2115164898","2879837261","1"
"2879837261","2115164898","1"
"2115164898","2915518791","1"
"2915518791","2115164898","1"
"2115164898","2915869103","1"
"2915869103","2115164898","1"
"2115164898","2915902321","1"
"2915902321","2115164898","1"
"2115164898","2916174191","1"
"2916174191","2115164898","1"
"2115164898","2916314575","1"
"2916314575","2115164898","1"
"2115164898","2916387773","1"
"2916387773","2115164898","1"
"2115164898","2917131512","1"
"2917131512","2115164898","1"
"2115164898","2917538620","1"
"2917538620","2115164898","1"
"2115164898","2917576816","1"
"2917576816","2115164898","1"
"2115164898","2917748761","1"
"2917748761","2115164898","1"
"2115164898","2917876188","1"
"2917876188","2115164898","1"
"2121537974","2138146972","1"
"2138146972","2121537974","1"
"2121537974","2139178187","1"
"2139178187","2121537974","1"
"2121537974","2148139912","1"
"2148139912","2121537974","1"
"2121537974","2151480794","1"
"2151480794","2121537974","1"
"2121537974","2152400496","1"
"2152400496","2121537974","1"
"2121537974","2164364346","1"
"2164364346","2121537974","1"
"2121537974","2166917035","1"
"2166917035","2121537974","1"
"2121537974","2171358266","1"
"2171358266","2121537974","1"
"2121537974","2191545913","1"
"2191545913","2121537974","1"
"2121537974","2199853453","1"
"2199853453","2121537974","1"
"2121537974","2234346923","1"
"2234346923","2121537974","1"
"2121537974","2279313141","1"
"2279313141","2121537974","1"
"2121537974","2307175527","1"
"2307175527","2121537974","1"
"2121537974","2311669925","1"
"2311669925","2121537974","1"
"2121537974","2313448080","1"
"2313448080","2121537974","1"
"2121537974","2335629311","1"
"2335629311","2121537974","1"
"2121537974","2462331337","1"
"2462331337","2121537974","1"
"2121537974","2465756847","1"
"2465756847","2121537974","1"
"2121537974","2599694473","1"
"2599694473","2121537974","1"
"2121537974","2606727873","1"
"2606727873","2121537974","1"
"2121537974","2717960176","1"
"2717960176","2121537974","1"
"2121537974","2745439318","1"
"2745439318","2121537974","1"
"2121537974","2747612262","1"
"2747612262","2121537974","1"
"2121537974","2879837261","1"
"2879837261","2121537974","1"
"2121537974","2915518791","1"
"2915518791","2121537974","1"
"2121537974","2915869103","1"
"2915869103","2121537974","1"
"2121537974","2915902321","1"
"2915902321","2121537974","1"
"2121537974","2916174191","1"
"2916174191","2121537974","1"
"2121537974","2916314575","1"
"2916314575","2121537974","1"
"2121537974","2916387773","1"
"2916387773","2121537974","1"
"2121537974","2917131512","1"
"2917131512","2121537974","1"
"2121537974","2917538620","1"
"2917538620","2121537974","1"
"2121537974","2917576816","1"
"2917576816","2121537974","1"
"2121537974","2917748761","1"
"2917748761","2121537974","1"
"2121537974","2917876188","1"
"2917876188","2121537974","1"
"2138146972","2139178187","1"
"2139178187","2138146972","1"
"2138146972","2148139912","1"
"2148139912","2138146972","1"
"2138146972","2151480794","1"
"2151480794","2138146972","1"
"2138146972","2152400496","1"
"2152400496","2138146972","1"
"2138146972","2164364346","1"
"2164364346","2138146972","1"
"2138146972","2166917035","1"
"2166917035","2138146972","1"
"2138146972","2171358266","1"
"2171358266","2138146972","1"
"2138146972","2191545913","1"
"2191545913","2138146972","1"
"2138146972","2199853453","1"
"2199853453","2138146972","1"
"2138146972","2234346923","1"
"2234346923","2138146972","1"
"2138146972","2279313141","1"
"2279313141","2138146972","1"
"2138146972","2307175527","1"
"2307175527","2138146972","1"
"2138146972","2311669925","1"
"2311669925","2138146972","1"
"2138146972","2313448080","1"
"2313448080","2138146972","1"
"2138146972","2335629311","1"
"2335629311","2138146972","1"
"2138146972","2462331337","1"
"2462331337","2138146972","1"
"2138146972","2465756847","1"
"2465756847","2138146972","1"
"2138146972","2599694473","1"
"2599694473","2138146972","1"
"2138146972","2606727873","1"
"2606727873","2138146972","1"
"2138146972","2717960176","1"
"2717960176","2138146972","1"
"2138146972","2745439318","1"
"2745439318","2138146972","1"
"2138146972","2747612262","1"
"2747612262","2138146972","1"
"2138146972","2879837261","1"
"2879837261","2138146972","1"
"2138146972","2915518791","1"
"2915518791","2138146972","1"
"2138146972","2915869103","1"
"2915869103","2138146972","1"
"2138146972","2915902321","1"
"2915902321","2138146972","1"
"2138146972","2916174191","1"
"2916174191","2138146972","1"
"2138146972","2916314575","1"
"2916314575","2138146972","1"
"2138146972","2916387773","1"
"2916387773","2138146972","1"
"2138146972","2917131512","1"
"2917131512","2138146972","1"
"2138146972","2917538620","1"
"2917538620","2138146972","1"
"2138146972","2917576816","1"
"2917576816","2138146972","1"
"2138146972","2917748761","1"
"2917748761","2138146972","1"
"2138146972","2917876188","1"
"2917876188","2138146972","1"
"2139178187","2148139912","2"
"2148139912","2139178187","2"
"2139178187","2151480794","1"
"2151480794","2139178187","1"
"2139178187","2152400496","3"
"2152400496","2139178187","3"
"2139178187","2164364346","1"
"2164364346","2139178187","1"
"2139178187","2166917035","1"
"2166917035","2139178187","1"
"2139178187","2171358266","3"
"2171358266","2139178187","3"
"2139178187","2191545913","1"
"2191545913","2139178187","1"
"2139178187","2199853453","1"
"2199853453","2139178187","1"
"2139178187","2234346923","1"
"2234346923","2139178187","1"
"2139178187","2279313141","3"
"2279313141","2139178187","3"
"2139178187","2307175527","3"
"2307175527","2139178187","3"
"2139178187","2311669925","2"
"2311669925","2139178187","2"
"2139178187","2313448080","1"
"2313448080","2139178187","1"
"2139178187","2335629311","1"
"2335629311","2139178187","1"
"2139178187","2462331337","3"
"2462331337","2139178187","3"
"2139178187","2465756847","3"
"2465756847","2139178187","3"
"2139178187","2599694473","3"
"2599694473","2139178187","3"
"2139178187","2606727873","1"
"2606727873","2139178187","1"
"2139178187","2717960176","1"
"2717960176","2139178187","1"
"2139178187","2745439318","2"
"2745439318","2139178187","2"
"2139178187","2747612262","1"
"2747612262","2139178187","1"
"2139178187","2879837261","1"
"2879837261","2139178187","1"
"2139178187","2915518791","1"
"2915518791","2139178187","1"
"2139178187","2915869103","1"
"2915869103","2139178187","1"
"2139178187","2915902321","1"
"2915902321","2139178187","1"
"2139178187","2916174191","1"
"2916174191","2139178187","1"
"2139178187","2916314575","1"
"2916314575","2139178187","1"
"2139178187","2916387773","1"
"2916387773","2139178187","1"
"2139178187","2917131512","1"
"2917131512","2139178187","1"
"2139178187","2917538620","1"
"2917538620","2139178187","1"
"2139178187","2917576816","1"
"2917576816","2139178187","1"
"2139178187","2917748761","1"
"2917748761","2139178187","1"
"2139178187","2917876188","1"
"2917876188","2139178187","1"
"2148139912","2151480794","1"
"2151480794","2148139912","1"
"2148139912","2152400496","2"
"2152400496","2148139912","2"
"2148139912","2164364346","1"
"2164364346","2148139912","1"
"2148139912","2166917035","1"
"2166917035","2148139912","1"
"2148139912","2171358266","2"
"2171358266","2148139912","2"
"2148139912","2191545913","1"
"2191545913","2148139912","1"
"2148139912","2199853453","1"
"2199853453","2148139912","1"
"2148139912","2234346923","1"
"2234346923","2148139912","1"
"2148139912","2279313141","2"
"2279313141","2148139912","2"
"2148139912","2307175527","2"
"2307175527","2148139912","2"
"2148139912","2311669925","2"
"2311669925","2148139912","2"
"2148139912","2313448080","1"
"2313448080","2148139912","1"
"2148139912","2335629311","1"
"2335629311","2148139912","1"
"2148139912","2462331337","2"
"2462331337","2148139912","2"
"2148139912","2465756847","2"
"2465756847","2148139912","2"
"2148139912","2599694473","2"
"2599694473","2148139912","2"
"2148139912","2606727873","1"
"2606727873","2148139912","1"
"2148139912","2717960176","1"
"2717960176","2148139912","1"
"2148139912","2745439318","1"
"2745439318","2148139912","1"
"2148139912","2747612262","1"
"2747612262","2148139912","1"
"2148139912","2879837261","1"
"2879837261","2148139912","1"
"2148139912","2915518791","1"
"2915518791","2148139912","1"
"2148139912","2915869103","1"
"2915869103","2148139912","1"
"2148139912","2915902321","1"
"2915902321","2148139912","1"
"2148139912","2916174191","1"
"2916174191","2148139912","1"
"2148139912","2916314575","1"
"2916314575","2148139912","1"
"2148139912","2916387773","1"
"2916387773","2148139912","1"
"2148139912","2917131512","1"
"2917131512","2148139912","1"
"2148139912","2917538620","1"
"2917538620","2148139912","1"
"2148139912","2917576816","1"
"2917576816","2148139912","1"
"2148139912","2917748761","1"
"2917748761","2148139912","1"
"2148139912","2917876188","1"
"2917876188","2148139912","1"
"2151480794","2152400496","1"
"2152400496","2151480794","1"
"2151480794","2164364346","1"
"2164364346","2151480794","1"
"2151480794","2166917035","1"
"2166917035","2151480794","1"
"2151480794","2171358266","1"
"2171358266","2151480794","1"
"2151480794","2191545913","1"
"2191545913","2151480794","1"
"2151480794","2199853453","1"
"2199853453","2151480794","1"
"2151480794","2234346923","1"
"2234346923","2151480794","1"
"2151480794","2279313141","1"
"2279313141","2151480794","1"
"2151480794","2307175527","1"
"2307175527","2151480794","1"
"2151480794","2311669925","1"
"2311669925","2151480794","1"
"2151480794","2313448080","1"
"2313448080","2151480794","1"
"2151480794","2335629311","1"
"2335629311","2151480794","1"
"2151480794","2462331337","1"
"2462331337","2151480794","1"
"2151480794","2465756847","1"
"2465756847","2151480794","1"
"2151480794","2599694473","1"
"2599694473","2151480794","1"
"2151480794","2606727873","1"
"2606727873","2151480794","1"
"2151480794","2717960176","1"
"2717960176","2151480794","1"
"2151480794","2745439318","1"
"2745439318","2151480794","1"
"2151480794","2747612262","1"
"2747612262","2151480794","1"
"2151480794","2879837261","1"
"2879837261","2151480794","1"
"2151480794","2915518791","1"
"2915518791","2151480794","1"
"2151480794","2915869103","1"
"2915869103","2151480794","1"
"2151480794","2915902321","1"
"2915902321","2151480794","1"
"2151480794","2916174191","1"
"2916174191","2151480794","1"
"2151480794","2916314575","1"
"2916314575","2151480794","1"
"2151480794","2916387773","1"
"2916387773","2151480794","1"
"2151480794","2917131512","1"
"2917131512","2151480794","1"
"2151480794","2917538620","1"
"2917538620","2151480794","1"
"2151480794","2917576816","1"
"2917576816","2151480794","1"
"2151480794","2917748761","1"
"2917748761","2151480794","1"
"2151480794","2917876188","1"
"2917876188","2151480794","1"
"2152400496","2164364346","1"
"2164364346","2152400496","1"
"2152400496","2166917035","1"
"2166917035","2152400496","1"
"2152400496","2171358266","3"
"2171358266","2152400496","3"
"2152400496","2191545913","1"
"2191545913","2152400496","1"
"2152400496","2199853453","1"
"2199853453","2152400496","1"
"2152400496","2234346923","1"
"2234346923","2152400496","1"
"2152400496","2279313141","3"
"2279313141","2152400496","3"
"2152400496","2307175527","3"
"2307175527","2152400496","3"
"2152400496","2311669925","2"
"2311669925","2152400496","2"
"2152400496","2313448080","1"
"2313448080","2152400496","1"
"2152400496","2335629311","1"
"2335629311","2152400496","1"
"2152400496","2462331337","3"
"2462331337","2152400496","3"
"2152400496","2465756847","3"
"2465756847","2152400496","3"
"2152400496","2599694473","3"
"2599694473","2152400496","3"
"2152400496","2606727873","1"
"2606727873","2152400496","1"
"2152400496","2717960176","1"
"2717960176","2152400496","1"
"2152400496","2745439318","2"
"2745439318","2152400496","2"
"2152400496","2747612262","1"
"2747612262","2152400496","1"
"2152400496","2879837261","1"
"2879837261","2152400496","1"
"2152400496","2915518791","1"
"2915518791","2152400496","1"
"2152400496","2915869103","1"
"2915869103","2152400496","1"
"2152400496","2915902321","1"
"2915902321","2152400496","1"
"2152400496","2916174191","1"
"2916174191","2152400496","1"
"2152400496","2916314575","1"
"2916314575","2152400496","1"
"2152400496","2916387773","1"
"2916387773","2152400496","1"
"2152400496","2917131512","1"
"2917131512","2152400496","1"
"2152400496","2917538620","1"
"2917538620","2152400496","1"
"2152400496","2917576816","1"
"2917576816","2152400496","1"
"2152400496","2917748761","1"
"2917748761","2152400496","1"
"2152400496","2917876188","1"
"2917876188","2152400496","1"
"2164364346","2166917035","1"
"2166917035","2164364346","1"
"2164364346","2171358266","1"
"2171358266","2164364346","1"
"2164364346","2191545913","1"
"2191545913","2164364346","1"
"2164364346","2199853453","1"
"2199853453","2164364346","1"
"2164364346","2234346923","1"
"2234346923","2164364346","1"
"2164364346","2279313141","1"
"2279313141","2164364346","1"
"2164364346","2307175527","1"
"2307175527","2164364346","1"
"2164364346","2311669925","1"
"2311669925","2164364346","1"
"2164364346","2313448080","1"
"2313448080","2164364346","1"
"2164364346","2335629311","1"
"2335629311","2164364346","1"
"2164364346","2462331337","1"
"2462331337","2164364346","1"
"2164364346","2465756847","1"
"2465756847","2164364346","1"
"2164364346","2599694473","1"
"2599694473","2164364346","1"
"2164364346","2606727873","1"
"2606727873","2164364346","1"
"2164364346","2717960176","1"
"2717960176","2164364346","1"
"2164364346","2745439318","1"
"2745439318","2164364346","1"
"2164364346","2747612262","1"
"2747612262","2164364346","1"
"2164364346","2879837261","1"
"2879837261","2164364346","1"
"2164364346","2915518791","1"
"2915518791","2164364346","1"
"2164364346","2915869103","1"
"2915869103","2164364346","1"
"2164364346","2915902321","1"
"2915902321","2164364346","1"
"2164364346","2916174191","1"
"2916174191","2164364346","1"
"2164364346","2916314575","1"
"2916314575","2164364346","1"
"2164364346","2916387773","1"
"2916387773","2164364346","1"
"2164364346","2917131512","1"
"2917131512","2164364346","1"
"2164364346","2917538620","1"
"2917538620","2164364346","1"
"2164364346","2917576816","1"
"2917576816","2164364346","1"
"2164364346","2917748761","1"
"2917748761","2164364346","1"
"2164364346","2917876188","1"
"2917876188","2164364346","1"
"2166917035","2171358266","1"
"2171358266","2166917035","1"
"2166917035","2191545913","1"
"2191545913","2166917035","1"
"2166917035","2199853453","1"
"2199853453","2166917035","1"
"2166917035","2234346923","1"
"2234346923","2166917035","1"
"2166917035","2279313141","1"
"2279313141","2166917035","1"
"2166917035","2307175527","1"
"2307175527","2166917035","1"
"2166917035","2311669925","1"
"2311669925","2166917035","1"
"2166917035","2313448080","1"
"2313448080","2166917035","1"
"2166917035","2335629311","1"
"2335629311","2166917035","1"
"2166917035","2462331337","1"
"2462331337","2166917035","1"
"2166917035","2465756847","1"
"2465756847","2166917035","1"
"2166917035","2599694473","1"
"2599694473","2166917035","1"
"2166917035","2606727873","1"
"2606727873","2166917035","1"
"2166917035","2717960176","1"
"2717960176","2166917035","1"
"2166917035","2745439318","1"
"2745439318","2166917035","1"
"2166917035","2747612262","1"
"2747612262","2166917035","1"
"2166917035","2879837261","1"
"2879837261","2166917035","1"
"2166917035","2915518791","1"
"2915518791","2166917035","1"
"2166917035","2915869103","1"
"2915869103","2166917035","1"
"2166917035","2915902321","1"
"2915902321","2166917035","1"
"2166917035","2916174191","1"
"2916174191","2166917035","1"
"2166917035","2916314575","1"
"2916314575","2166917035","1"
"2166917035","2916387773","1"
"2916387773","2166917035","1"
"2166917035","2917131512","1"
"2917131512","2166917035","1"
"2166917035","2917538620","1"
"2917538620","2166917035","1"
"2166917035","2917576816","1"
"2917576816","2166917035","1"
"2166917035","2917748761","1"
"2917748761","2166917035","1"
"2166917035","2917876188","1"
"2917876188","2166917035","1"
"2171358266","2191545913","1"
"2191545913","2171358266","1"
"2171358266","2199853453","1"
"2199853453","2171358266","1"
"2171358266","2234346923","1"
"2234346923","2171358266","1"
"2171358266","2279313141","3"
"2279313141","2171358266","3"
"2171358266","2307175527","3"
"2307175527","2171358266","3"
"2171358266","2311669925","2"
"2311669925","2171358266","2"
"2171358266","2313448080","1"
"2313448080","2171358266","1"
"2171358266","2335629311","1"
"2335629311","2171358266","1"
"2171358266","2462331337","3"
"2462331337","2171358266","3"
"2171358266","2465756847","3"
"2465756847","2171358266","3"
"2171358266","2599694473","3"
"2599694473","2171358266","3"
"2171358266","2606727873","1"
"2606727873","2171358266","1"
"2171358266","2717960176","1"
"2717960176","2171358266","1"
"2171358266","2745439318","2"
"2745439318","2171358266","2"
"2171358266","2747612262","1"
"2747612262","2171358266","1"
"2171358266","2879837261","1"
"2879837261","2171358266","1"
"2171358266","2915518791","1"
"2915518791","2171358266","1"
"2171358266","2915869103","1"
"2915869103","2171358266","1"
"2171358266","2915902321","1"
"2915902321","2171358266","1"
"2171358266","2916174191","1"
"2916174191","2171358266","1"
"2171358266","2916314575","1"
"2916314575","2171358266","1"
"2171358266","2916387773","1"
"2916387773","2171358266","1"
"2171358266","2917131512","1"
"2917131512","2171358266","1"
"2171358266","2917538620","1"
"2917538620","2171358266","1"
"2171358266","2917576816","1"
"2917576816","2171358266","1"
"2171358266","2917748761","1"
"2917748761","2171358266","1"
"2171358266","2917876188","1"
"2917876188","2171358266","1"
"2191545913","2199853453","1"
"2199853453","2191545913","1"
"2191545913","2234346923","1"
"2234346923","2191545913","1"
"2191545913","2279313141","1"
"2279313141","2191545913","1"
"2191545913","2307175527","1"
"2307175527","2191545913","1"
"2191545913","2311669925","1"
"2311669925","2191545913","1"
"2191545913","2313448080","1"
"2313448080","2191545913","1"
"2191545913","2335629311","1"
"2335629311","2191545913","1"
"2191545913","2462331337","1"
"2462331337","2191545913","1"
"2191545913","2465756847","1"
"2465756847","2191545913","1"
"2191545913","2599694473","1"
"2599694473","2191545913","1"
"2191545913","2606727873","1"
"2606727873","2191545913","1"
"2191545913","2717960176","1"
"2717960176","2191545913","1"
"2191545913","2745439318","1"
"2745439318","2191545913","1"
"2191545913","2747612262","1"
"2747612262","2191545913","1"
"2191545913","2879837261","1"
"2879837261","2191545913","1"
"2191545913","2915518791","1"
"2915518791","2191545913","1"
"2191545913","2915869103","1"
"2915869103","2191545913","1"
"2191545913","2915902321","1"
"2915902321","2191545913","1"
"2191545913","2916174191","1"
"2916174191","2191545913","1"
"2191545913","2916314575","1"
"2916314575","2191545913","1"
"2191545913","2916387773","1"
"2916387773","2191545913","1"
"2191545913","2917131512","1"
"2917131512","2191545913","1"
"2191545913","2917538620","1"
"2917538620","2191545913","1"
"2191545913","2917576816","1"
"2917576816","2191545913","1"
"2191545913","2917748761","1"
"2917748761","2191545913","1"
"2191545913","2917876188","1"
"2917876188","2191545913","1"
"2199853453","2234346923","1"
"2234346923","2199853453","1"
"2199853453","2279313141","2"
"2279313141","2199853453","2"
"2199853453","2307175527","1"
"2307175527","2199853453","1"
"2199853453","2311669925","1"
"2311669925","2199853453","1"
"2199853453","2313448080","1"
"2313448080","2199853453","1"
"2199853453","2335629311","1"
"2335629311","2199853453","1"
"2199853453","2462331337","1"
"2462331337","2199853453","1"
"2199853453","2465756847","1"
"2465756847","2199853453","1"
"2199853453","2599694473","1"
"2599694473","2199853453","1"
"2199853453","2606727873","1"
"2606727873","2199853453","1"
"2199853453","2717960176","1"
"2717960176","2199853453","1"
"2199853453","2745439318","1"
"2745439318","2199853453","1"
"2199853453","2747612262","1"
"2747612262","2199853453","1"
"2199853453","2879837261","1"
"2879837261","2199853453","1"
"2199853453","2915518791","1"
"2915518791","2199853453","1"
"2199853453","2915869103","1"
"2915869103","2199853453","1"
"2199853453","2915902321","1"
"2915902321","2199853453","1"
"2199853453","2916174191","1"
"2916174191","2199853453","1"
"2199853453","2916314575","1"
"2916314575","2199853453","1"
"2199853453","2916387773","1"
"2916387773","2199853453","1"
"2199853453","2917131512","1"
"2917131512","2199853453","1"
"2199853453","2917538620","1"
"2917538620","2199853453","1"
"2199853453","2917576816","1"
"2917576816","2199853453","1"
"2199853453","2917748761","1"
"2917748761","2199853453","1"
"2199853453","2917876188","1"
"2917876188","2199853453","1"
"2234346923","2279313141","1"
"2279313141","2234346923","1"
"2234346923","2307175527","1"
"2307175527","2234346923","1"
"2234346923","2311669925","1"
"2311669925","2234346923","1"
"2234346923","2313448080","1"
"2313448080","2234346923","1"
"2234346923","2335629311","1"
"2335629311","2234346923","1"
"2234346923","2462331337","1"
"2462331337","2234346923","1"
"2234346923","2465756847","1"
"2465756847","2234346923","1"
"2234346923","2599694473","1"
"2599694473","2234346923","1"
"2234346923","2606727873","1"
"2606727873","2234346923","1"
"2234346923","2717960176","1"
"2717960176","2234346923","1"
"2234346923","2745439318","1"
"2745439318","2234346923","1"
"2234346923","2747612262","1"
"2747612262","2234346923","1"
"2234346923","2879837261","1"
"2879837261","2234346923","1"
"2234346923","2915518791","1"
"2915518791","2234346923","1"
"2234346923","2915869103","1"
"2915869103","2234346923","1"
"2234346923","2915902321","1"
"2915902321","2234346923","1"
"2234346923","2916174191","1"
"2916174191","2234346923","1"
"2234346923","2916314575","1"
"2916314575","2234346923","1"
"2234346923","2916387773","1"
"2916387773","2234346923","1"
"2234346923","2917131512","1"
"2917131512","2234346923","1"
"2234346923","2917538620","1"
"2917538620","2234346923","1"
"2234346923","2917576816","1"
"2917576816","2234346923","1"
"2234346923","2917748761","1"
"2917748761","2234346923","1"
"2234346923","2917876188","1"
"2917876188","2234346923","1"
"2279313141","2307175527","3"
"2307175527","2279313141","3"
"2279313141","2311669925","2"
"2311669925","2279313141","2"
"2279313141","2313448080","1"
"2313448080","2279313141","1"
"2279313141","2335629311","1"
"2335629311","2279313141","1"
"2279313141","2462331337","3"
"2462331337","2279313141","3"
"2279313141","2465756847","3"
"2465756847","2279313141","3"
"2279313141","2599694473","3"
"2599694473","2279313141","3"
"2279313141","2606727873","1"
"2606727873","2279313141","1"
"2279313141","2717960176","1"
"2717960176","2279313141","1"
"2279313141","2745439318","2"
"2745439318","2279313141","2"
"2279313141","2747612262","1"
"2747612262","2279313141","1"
"2279313141","2879837261","1"
"2879837261","2279313141","1"
"2279313141","2915518791","1"
"2915518791","2279313141","1"
"2279313141","2915869103","1"
"2915869103","2279313141","1"
"2279313141","2915902321","1"
"2915902321","2279313141","1"
"2279313141","2916174191","1"
"2916174191","2279313141","1"
"2279313141","2916314575","1"
"2916314575","2279313141","1"
"2279313141","2916387773","1"
"2916387773","2279313141","1"
"2279313141","2917131512","1"
"2917131512","2279313141","1"
"2279313141","2917538620","1"
"2917538620","2279313141","1"
"2279313141","2917576816","1"
"2917576816","2279313141","1"
"2279313141","2917748761","1"
"2917748761","2279313141","1"
"2279313141","2917876188","1"
"2917876188","2279313141","1"
"2307175527","2311669925","2"
"2311669925","2307175527","2"
"2307175527","2313448080","1"
"2313448080","2307175527","1"
"2307175527","2335629311","1"
"2335629311","2307175527","1"
"2307175527","2462331337","3"
"2462331337","2307175527","3"
"2307175527","2465756847","3"
"2465756847","2307175527","3"
"2307175527","2599694473","3"
"2599694473","2307175527","3"
"2307175527","2606727873","1"
"2606727873","2307175527","1"
"2307175527","2717960176","1"
"2717960176","2307175527","1"
"2307175527","2745439318","2"
"2745439318","2307175527","2"
"2307175527","2747612262","1"
"2747612262","2307175527","1"
"2307175527","2879837261","1"
"2879837261","2307175527","1"
"2307175527","2915518791","1"
"2915518791","2307175527","1"
"2307175527","2915869103","1"
"2915869103","2307175527","1"
"2307175527","2915902321","1"
"2915902321","2307175527","1"
"2307175527","2916174191","1"
"2916174191","2307175527","1"
"2307175527","2916314575","1"
"2916314575","2307175527","1"
"2307175527","2916387773","1"
"2916387773","2307175527","1"
"2307175527","2917131512","1"
"2917131512","2307175527","1"
"2307175527","2917538620","1"
"2917538620","2307175527","1"
"2307175527","2917576816","1"
"2917576816","2307175527","1"
"2307175527","2917748761","1"
"2917748761","2307175527","1"
"2307175527","2917876188","1"
"2917876188","2307175527","1"
"2311669925","2313448080","1"
"2313448080","2311669925","1"
"2311669925","2335629311","1"
"2335629311","2311669925","1"
"2311669925","2462331337","2"
"2462331337","2311669925","2"
"2311669925","2465756847","2"
"2465756847","2311669925","2"
"2311669925","2599694473","2"
"2599694473","2311669925","2"
"2311669925","2606727873","1"
"2606727873","2311669925","1"
"2311669925","2717960176","1"
"2717960176","2311669925","1"
"2311669925","2745439318","1"
"2745439318","2311669925","1"
"2311669925","2747612262","1"
"2747612262","2311669925","1"
"2311669925","2879837261","1"
"2879837261","2311669925","1"
"2311669925","2915518791","1"
"2915518791","2311669925","1"
"2311669925","2915869103","1"
"2915869103","2311669925","1"
"2311669925","2915902321","1"
"2915902321","2311669925","1"
"2311669925","2916174191","1"
"2916174191","2311669925","1"
"2311669925","2916314575","1"
"2916314575","2311669925","1"
"2311669925","2916387773","1"
"2916387773","2311669925","1"
"2311669925","2917131512","1"
"2917131512","2311669925","1"
"2311669925","2917538620","1"
"2917538620","2311669925","1"
"2311669925","2917576816","1"
"2917576816","2311669925","1"
"2311669925","2917748761","1"
"2917748761","2311669925","1"
"2311669925","2917876188","1"
"2917876188","2311669925","1"
"2313448080","2335629311","1"
"2335629311","2313448080","1"
"2313448080","2462331337","1"
"2462331337","2313448080","1"
"2313448080","2465756847","1"
"2465756847","2313448080","1"
"2313448080","2599694473","1"
"2599694473","2313448080","1"
"2313448080","2606727873","1"
"2606727873","2313448080","1"
"2313448080","2717960176","1"
"2717960176","2313448080","1"
"2313448080","2745439318","1"
"2745439318","2313448080","1"
"2313448080","2747612262","1"
"2747612262","2313448080","1"
"2313448080","2879837261","1"
"2879837261","2313448080","1"
"2313448080","2915518791","1"
"2915518791","2313448080","1"
"2313448080","2915869103","1"
"2915869103","2313448080","1"
"2313448080","2915902321","1"
"2915902321","2313448080","1"
"2313448080","2916174191","1"
"2916174191","2313448080","1"
"2313448080","2916314575","1"
"2916314575","2313448080","1"
"2313448080","2916387773","1"
"2916387773","2313448080","1"
"2313448080","2917131512","1"
"2917131512","2313448080","1"
"2313448080","2917538620","1"
"2917538620","2313448080","1"
"2313448080","2917576816","1"
"2917576816","2313448080","1"
"2313448080","2917748761","1"
"2917748761","2313448080","1"
"2313448080","2917876188","1"
"2917876188","2313448080","1"
"2335629311","2462331337","1"
"2462331337","2335629311","1"
"2335629311","2465756847","1"
"2465756847","2335629311","1"
"2335629311","2599694473","1"
"2599694473","2335629311","1"
"2335629311","2606727873","1"
"2606727873","2335629311","1"
"2335629311","2717960176","1"
"2717960176","2335629311","1"
"2335629311","2745439318","1"
"2745439318","2335629311","1"
"2335629311","2747612262","1"
"2747612262","2335629311","1"
"2335629311","2879837261","1"
"2879837261","2335629311","1"
"2335629311","2915518791","1"
"2915518791","2335629311","1"
"2335629311","2915869103","1"
"2915869103","2335629311","1"
"2335629311","2915902321","1"
"2915902321","2335629311","1"
"2335629311","2916174191","1"
"2916174191","2335629311","1"
"2335629311","2916314575","1"
"2916314575","2335629311","1"
"2335629311","2916387773","1"
"2916387773","2335629311","1"
"2335629311","2917131512","1"
"2917131512","2335629311","1"
"2335629311","2917538620","1"
"2917538620","2335629311","1"
"2335629311","2917576816","1"
"2917576816","2335629311","1"
"2335629311","2917748761","1"
"2917748761","2335629311","1"
"2335629311","2917876188","1"
"2917876188","2335629311","1"
"2462331337","2465756847","3"
"2465756847","2462331337","3"
"2462331337","2599694473","3"
"2599694473","2462331337","3"
"2462331337","2606727873","1"
"2606727873","2462331337","1"
"2462331337","2717960176","1"
"2717960176","2462331337","1"
"2462331337","2745439318","2"
"2745439318","2462331337","2"
"2462331337","2747612262","1"
"2747612262","2462331337","1"
"2462331337","2879837261","1"
"2879837261","2462331337","1"
"2462331337","2915518791","1"
"2915518791","2462331337","1"
"2462331337","2915869103","1"
"2915869103","2462331337","1"
"2462331337","2915902321","1"
"2915902321","2462331337","1"
"2462331337","2916174191","1"
"2916174191","2462331337","1"
"2462331337","2916314575","1"
"2916314575","2462331337","1"
"2462331337","2916387773","1"
"2916387773","2462331337","1"
"2462331337","2917131512","1"
"2917131512","2462331337","1"
"2462331337","2917538620","1"
"2917538620","2462331337","1"
"2462331337","2917576816","1"
"2917576816","2462331337","1"
"2462331337","2917748761","1"
"2917748761","2462331337","1"
"2462331337","2917876188","1"
"2917876188","2462331337","1"
"2465756847","2599694473","3"
"2599694473","2465756847","3"
"2465756847","2606727873","1"
"2606727873","2465756847","1"
"2465756847","2717960176","1"
"2717960176","2465756847","1"
"2465756847","2745439318","2"
"2745439318","2465756847","2"
"2465756847","2747612262","1"
"2747612262","2465756847","1"
"2465756847","2879837261","1"
"2879837261","2465756847","1"
"2465756847","2915518791","1"
"2915518791","2465756847","1"
"2465756847","2915869103","1"
"2915869103","2465756847","1"
"2465756847","2915902321","1"
"2915902321","2465756847","1"
"2465756847","2916174191","1"
"2916174191","2465756847","1"
"2465756847","2916314575","1"
"2916314575","2465756847","1"
"2465756847","2916387773","1"
"2916387773","2465756847","1"
"2465756847","2917131512","1"
"2917131512","2465756847","1"
"2465756847","2917538620","1"
"2917538620","2465756847","1"
"2465756847","2917576816","1"
"2917576816","2465756847","1"
"2465756847","2917748761","1"
"2917748761","2465756847","1"
"2465756847","2917876188","1"
"2917876188","2465756847","1"
"2599694473","2606727873","1"
"2606727873","2599694473","1"
"2599694473","2717960176","1"
"2717960176","2599694473","1"
"2599694473","2745439318","2"
"2745439318","2599694473","2"
"2599694473","2747612262","1"
"2747612262","2599694473","1"
"2599694473","2879837261","1"
"2879837261","2599694473","1"
"2599694473","2915518791","1"
"2915518791","2599694473","1"
"2599694473","2915869103","1"
"2915869103","2599694473","1"
"2599694473","2915902321","1"
"2915902321","2599694473","1"
"2599694473","2916174191","1"
"2916174191","2599694473","1"
"2599694473","2916314575","1"
"2916314575","2599694473","1"
"2599694473","2916387773","1"
"2916387773","2599694473","1"
"2599694473","2917131512","1"
"2917131512","2599694473","1"
"2599694473","2917538620","1"
"2917538620","2599694473","1"
"2599694473","2917576816","1"
"2917576816","2599694473","1"
"2599694473","2917748761","1"
"2917748761","2599694473","1"
"2599694473","2917876188","1"
"2917876188","2599694473","1"
"2606727873","2717960176","1"
"2717960176","2606727873","1"
"2606727873","2745439318","1"
"2745439318","2606727873","1"
"2606727873","2747612262","1"
"2747612262","2606727873","1"
"2606727873","2879837261","1"
"2879837261","2606727873","1"
"2606727873","2915518791","1"
"2915518791","2606727873","1"
"2606727873","2915869103","1"
"2915869103","2606727873","1"
"2606727873","2915902321","1"
"2915902321","2606727873","1"
"2606727873","2916174191","1"
"2916174191","2606727873","1"
"2606727873","2916314575","1"
"2916314575","2606727873","1"
"2606727873","2916387773","1"
"2916387773","2606727873","1"
"2606727873","2917131512","1"
"2917131512","2606727873","1"
"2606727873","2917538620","1"
"2917538620","2606727873","1"
"2606727873","2917576816","1"
"2917576816","2606727873","1"
"2606727873","2917748761","1"
"2917748761","2606727873","1"
"2606727873","2917876188","1"
"2917876188","2606727873","1"
"2717960176","2745439318","1"
"2745439318","2717960176","1"
"2717960176","2747612262","1"
"2747612262","2717960176","1"
"2717960176","2879837261","1"
"2879837261","2717960176","1"
"2717960176","2915518791","1"
"2915518791","2717960176","1"
"2717960176","2915869103","1"
"2915869103","2717960176","1"
"2717960176","2915902321","1"
"2915902321","2717960176","1"
"2717960176","2916174191","1"
"2916174191","2717960176","1"
"2717960176","2916314575","1"
"2916314575","2717960176","1"
"2717960176","2916387773","1"
"2916387773","2717960176","1"
"2717960176","2917131512","1"
"2917131512","2717960176","1"
"2717960176","2917538620","1"
"2917538620","2717960176","1"
"2717960176","2917576816","1"
"2917576816","2717960176","1"
"2717960176","2917748761","1"
"2917748761","2717960176","1"
"2717960176","2917876188","1"
"2917876188","2717960176","1"
"2745439318","2747612262","1"
"2747612262","2745439318","1"
"2745439318","2879837261","1"
"2879837261","2745439318","1"
"2745439318","2915518791","1"
"2915518791","2745439318","1"
"2745439318","2915869103","1"
"2915869103","2745439318","1"
"2745439318","2915902321","1"
"2915902321","2745439318","1"
"2745439318","2916174191","1"
"2916174191","2745439318","1"
"2745439318","2916314575","1"
"2916314575","2745439318","1"
"2745439318","2916387773","1"
"2916387773","2745439318","1"
"2745439318","2917131512","1"
"2917131512","2745439318","1"
"2745439318","2917538620","1"
"2917538620","2745439318","1"
"2745439318","2917576816","1"
"2917576816","2745439318","1"
"2745439318","2917748761","1"
"2917748761","2745439318","1"
"2745439318","2917876188","1"
"2917876188","2745439318","1"
"2747612262","2879837261","1"
"2879837261","2747612262","1"
"2747612262","2915518791","1"
"2915518791","2747612262","1"
"2747612262","2915869103","1"
"2915869103","2747612262","1"
"2747612262","2915902321","1"
"2915902321","2747612262","1"
"2747612262","2916174191","1"
"2916174191","2747612262","1"
"2747612262","2916314575","1"
"2916314575","2747612262","1"
"2747612262","2916387773","1"
"2916387773","2747612262","1"
"2747612262","2917131512","1"
"2917131512","2747612262","1"
"2747612262","2917538620","1"
"2917538620","2747612262","1"
"2747612262","2917576816","1"
"2917576816","2747612262","1"
"2747612262","2917748761","1"
"2917748761","2747612262","1"
"2747612262","2917876188","1"
"2917876188","2747612262","1"
"2879837261","2915518791","1"
"2915518791","2879837261","1"
"2879837261","2915869103","1"
"2915869103","2879837261","1"
"2879837261","2915902321","1"
"2915902321","2879837261","1"
"2879837261","2916174191","1"
"2916174191","2879837261","1"
"2879837261","2916314575","1"
"2916314575","2879837261","1"
"2879837261","2916387773","1"
"2916387773","2879837261","1"
"2879837261","2917131512","1"
"2917131512","2879837261","1"
"2879837261","2917538620","1"
"2917538620","2879837261","1"
"2879837261","2917576816","1"
"2917576816","2879837261","1"
"2879837261","2917748761","1"
"2917748761","2879837261","1"
"2879837261","2917876188","1"
"2917876188","2879837261","1"
"2915518791","2915869103","1"
"2915869103","2915518791","1"
"2915518791","2915902321","1"
"2915902321","2915518791","1"
"2915518791","2916174191","1"
"2916174191","2915518791","1"
"2915518791","2916314575","1"
"2916314575","2915518791","1"
"2915518791","2916387773","1"
"2916387773","2915518791","1"
"2915518791","2917131512","1"
"2917131512","2915518791","1"
"2915518791","2917538620","1"
"2917538620","2915518791","1"
"2915518791","2917576816","1"
"2917576816","2915518791","1"
"2915518791","2917748761","1"
"2917748761","2915518791","1"
"2915518791","2917876188","1"
"2917876188","2915518791","1"
"2915869103","2915902321","1"
"2915902321","2915869103","1"
"2915869103","2916174191","1"
"2916174191","2915869103","1"
"2915869103","2916314575","1"
"2916314575","2915869103","1"
"2915869103","2916387773","1"
"2916387773","2915869103","1"
"2915869103","2917131512","1"
"2917131512","2915869103","1"
"2915869103","2917538620","1"
"2917538620","2915869103","1"
"2915869103","2917576816","1"
"2917576816","2915869103","1"
"2915869103","2917748761","1"
"2917748761","2915869103","1"
"2915869103","2917876188","1"
"2917876188","2915869103","1"
"2915902321","2916174191","1"
"2916174191","2915902321","1"
"2915902321","2916314575","1"
"2916314575","2915902321","1"
"2915902321","2916387773","1"
"2916387773","2915902321","1"
"2915902321","2917131512","1"
"2917131512","2915902321","1"
"2915902321","2917538620","1"
"2917538620","2915902321","1"
"2915902321","2917576816","1"
"2917576816","2915902321","1"
"2915902321","2917748761","1"
"2917748761","2915902321","1"
"2915902321","2917876188","1"
"2917876188","2915902321","1"
"2916174191","2916314575","1"
"2916314575","2916174191","1"
"2916174191","2916387773","1"
"2916387773","2916174191","1"
"2916174191","2917131512","1"
"2917131512","2916174191","1"
"2916174191","2917538620","1"
"2917538620","2916174191","1"
"2916174191","2917576816","1"
"2917576816","2916174191","1"
"2916174191","2917748761","1"
"2917748761","2916174191","1"
"2916174191","2917876188","1"
"2917876188","2916174191","1"
"2916314575","2916387773","1"
"2916387773","2916314575","1"
"2916314575","2917131512","1"
"2917131512","2916314575","1"
"2916314575","2917538620","1"
"2917538620","2916314575","1"
"2916314575","2917576816","1"
"2917576816","2916314575","1"
"2916314575","2917748761","1"
"2917748761","2916314575","1"
"2916314575","2917876188","1"
"2917876188","2916314575","1"
"2916387773","2917131512","1"
"2917131512","2916387773","1"
"2916387773","2917538620","1"
"2917538620","2916387773","1"
"2916387773","2917576816","1"
"2917576816","2916387773","1"
"2916387773","2917748761","1"
"2917748761","2916387773","1"
"2916387773","2917876188","1"
"2917876188","2916387773","1"
"2917131512","2917538620","1"
"2917538620","2917131512","1"
"2917131512","2917576816","1"
"2917576816","2917131512","1"
"2917131512","2917748761","1"
"2917748761","2917131512","1"
"2917131512","2917876188","1"
"2917876188","2917131512","1"
"2917538620","2917576816","1"
"2917576816","2917538620","1"
"2917538620","2917748761","1"
"2917748761","2917538620","1"
"2917538620","2917876188","1"
"2917876188","2917538620","1"
"2917576816","2917748761","1"
"2917748761","2917576816","1"
"2917576816","2917876188","1"
"2917876188","2917576816","1"
"2917748761","2917876188","1"
"2917876188","2917748761","1"
"2231373282","168674171","4"
"168674171","2231373282","4"
"2231373282","254757083","4"
"254757083","2231373282","4"
"2231373282","1970939844","6"
"1970939844","2231373282","6"
"2231373282","2306766116","4"
"2306766116","2231373282","4"
"2231373282","2476282064","1"
"2476282064","2231373282","1"
"2231373282","2716076693","4"
"2716076693","2231373282","4"
"2231373282","2801758499","1"
"2801758499","2231373282","1"
"168674171","254757083","4"
"254757083","168674171","4"
"168674171","1970939844","4"
"1970939844","168674171","4"
"168674171","2306766116","4"
"2306766116","168674171","4"
"168674171","2476282064","1"
"2476282064","168674171","1"
"168674171","2716076693","4"
"2716076693","168674171","4"
"168674171","2801758499","1"
"2801758499","168674171","1"
"254757083","1970939844","4"
"1970939844","254757083","4"
"254757083","2306766116","4"
"2306766116","254757083","4"
"254757083","2476282064","1"
"2476282064","254757083","1"
"254757083","2716076693","4"
"2716076693","254757083","4"
"254757083","2801758499","1"
"2801758499","254757083","1"
"1970939844","2306766116","4"
"2306766116","1970939844","4"
"1970939844","2476282064","1"
"2476282064","1970939844","1"
"1970939844","2716076693","4"
"2716076693","1970939844","4"
"1970939844","2801758499","1"
"2801758499","1970939844","1"
"2306766116","2476282064","1"
"2476282064","2306766116","1"
"2306766116","2716076693","4"
"2716076693","2306766116","4"
"2306766116","2801758499","1"
"2801758499","2306766116","1"
"2476282064","2716076693","1"
"2716076693","2476282064","1"
"2476282064","2801758499","1"
"2801758499","2476282064","1"
"2716076693","2801758499","1"
"2801758499","2716076693","1"
"2231373282","3026535","1"
"3026535","2231373282","1"
"2231373282","130120911","1"
"130120911","2231373282","1"
"2231373282","199576128","1"
"199576128","2231373282","1"
"2231373282","1665635716","1"
"1665635716","2231373282","1"
"2231373282","1762334123","1"
"1762334123","2231373282","1"
"2231373282","1980490711","1"
"1980490711","2231373282","1"
"2231373282","1996068375","1"
"1996068375","2231373282","1"
"2231373282","2013062200","1"
"2013062200","2231373282","1"
"2231373282","2023984723","1"
"2023984723","2231373282","1"
"2231373282","2027409698","1"
"2027409698","2231373282","1"
"2231373282","2046079634","1"
"2046079634","2231373282","1"
"2231373282","2057931820","1"
"2057931820","2231373282","1"
"2231373282","2065055950","1"
"2065055950","2231373282","1"
"2231373282","2087911946","1"
"2087911946","2231373282","1"
"2231373282","2098205158","2"
"2098205158","2231373282","2"
"2231373282","2118262745","1"
"2118262745","2231373282","1"
"2231373282","2130254227","1"
"2130254227","2231373282","1"
"2231373282","2131952381","1"
"2131952381","2231373282","1"
"2231373282","2167302285","1"
"2167302285","2231373282","1"
"2231373282","2168470078","2"
"2168470078","2231373282","2"
"2231373282","2183883536","1"
"2183883536","2231373282","1"
"2231373282","2215563241","1"
"2215563241","2231373282","1"
"2231373282","2243286632","1"
"2243286632","2231373282","1"
"2231373282","2306977568","1"
"2306977568","2231373282","1"
"2231373282","2309125378","1"
"2309125378","2231373282","1"
"2231373282","2338898637","1"
"2338898637","2231373282","1"
"2231373282","2434773927","1"
"2434773927","2231373282","1"
"2231373282","2467872060","1"
"2467872060","2231373282","1"
"2231373282","2624195043","1"
"2624195043","2231373282","1"
"2231373282","2631034667","1"
"2631034667","2231373282","1"
"2231373282","2672984569","1"
"2672984569","2231373282","1"
"2231373282","2949584717","1"
"2949584717","2231373282","1"
"2231373282","2984735595","1"
"2984735595","2231373282","1"
"3026535","130120911","1"
"130120911","3026535","1"
"3026535","199576128","1"
"199576128","3026535","1"
"3026535","1665635716","1"
"1665635716","3026535","1"
"3026535","1762334123","1"
"1762334123","3026535","1"
"3026535","1980490711","1"
"1980490711","3026535","1"
"3026535","1996068375","1"
"1996068375","3026535","1"
"3026535","2013062200","1"
"2013062200","3026535","1"
"3026535","2023984723","1"
"2023984723","3026535","1"
"3026535","2027409698","1"
"2027409698","3026535","1"
"3026535","2046079634","1"
"2046079634","3026535","1"
"3026535","2057931820","1"
"2057931820","3026535","1"
"3026535","2065055950","1"
"2065055950","3026535","1"
"3026535","2087911946","1"
"2087911946","3026535","1"
"3026535","2098205158","1"
"2098205158","3026535","1"
"3026535","2118262745","1"
"2118262745","3026535","1"
"3026535","2130254227","1"
"2130254227","3026535","1"
"3026535","2131952381","1"
"2131952381","3026535","1"
"3026535","2167302285","1"
"2167302285","3026535","1"
"3026535","2168470078","1"
"2168470078","3026535","1"
"3026535","2183883536","1"
"2183883536","3026535","1"
"3026535","2215563241","1"
"2215563241","3026535","1"
"3026535","2243286632","1"
"2243286632","3026535","1"
"3026535","2306977568","1"
"2306977568","3026535","1"
"3026535","2309125378","1"
"2309125378","3026535","1"
"3026535","2338898637","1"
"2338898637","3026535","1"
"3026535","2434773927","1"
"2434773927","3026535","1"
"3026535","2467872060","1"
"2467872060","3026535","1"
"3026535","2624195043","1"
"2624195043","3026535","1"
"3026535","2631034667","1"
"2631034667","3026535","1"
"3026535","2672984569","1"
"2672984569","3026535","1"
"3026535","2949584717","1"
"2949584717","3026535","1"
"3026535","2984735595","1"
"2984735595","3026535","1"
"130120911","199576128","1"
"199576128","130120911","1"
"130120911","1665635716","1"
"1665635716","130120911","1"
"130120911","1762334123","1"
"1762334123","130120911","1"
"130120911","1980490711","1"
"1980490711","130120911","1"
"130120911","1996068375","1"
"1996068375","130120911","1"
"130120911","2013062200","1"
"2013062200","130120911","1"
"130120911","2023984723","1"
"2023984723","130120911","1"
"130120911","2027409698","1"
"2027409698","130120911","1"
"130120911","2046079634","1"
"2046079634","130120911","1"
"130120911","2057931820","1"
"2057931820","130120911","1"
"130120911","2065055950","1"
"2065055950","130120911","1"
"130120911","2087911946","1"
"2087911946","130120911","1"
"130120911","2098205158","1"
"2098205158","130120911","1"
"130120911","2118262745","1"
"2118262745","130120911","1"
"130120911","2130254227","1"
"2130254227","130120911","1"
"130120911","2131952381","1"
"2131952381","130120911","1"
"130120911","2167302285","1"
"2167302285","130120911","1"
"130120911","2168470078","1"
"2168470078","130120911","1"
"130120911","2183883536","1"
"2183883536","130120911","1"
"130120911","2215563241","1"
"2215563241","130120911","1"
"130120911","2243286632","1"
"2243286632","130120911","1"
"130120911","2306977568","1"
"2306977568","130120911","1"
"130120911","2309125378","1"
"2309125378","130120911","1"
"130120911","2338898637","1"
"2338898637","130120911","1"
"130120911","2434773927","1"
"2434773927","130120911","1"
"130120911","2467872060","1"
"2467872060","130120911","1"
"130120911","2624195043","1"
"2624195043","130120911","1"
"130120911","2631034667","1"
"2631034667","130120911","1"
"130120911","2672984569","1"
"2672984569","130120911","1"
"130120911","2949584717","1"
"2949584717","130120911","1"
"130120911","2984735595","1"
"2984735595","130120911","1"
"199576128","1665635716","1"
"1665635716","199576128","1"
"199576128","1762334123","1"
"1762334123","199576128","1"
"199576128","1980490711","1"
"1980490711","199576128","1"
"199576128","1996068375","1"
"1996068375","199576128","1"
"199576128","2013062200","1"
"2013062200","199576128","1"
"199576128","2023984723","1"
"2023984723","199576128","1"
"199576128","2027409698","1"
"2027409698","199576128","1"
"199576128","2046079634","1"
"2046079634","199576128","1"
"199576128","2057931820","1"
"2057931820","199576128","1"
"199576128","2065055950","1"
"2065055950","199576128","1"
"199576128","2087911946","1"
"2087911946","199576128","1"
"199576128","2098205158","1"
"2098205158","199576128","1"
"199576128","2118262745","1"
"2118262745","199576128","1"
"199576128","2130254227","1"
"2130254227","199576128","1"
"199576128","2131952381","1"
"2131952381","199576128","1"
"199576128","2167302285","1"
"2167302285","199576128","1"
"199576128","2168470078","1"
"2168470078","199576128","1"
"199576128","2183883536","1"
"2183883536","199576128","1"
"199576128","2215563241","1"
"2215563241","199576128","1"
"199576128","2243286632","1"
"2243286632","199576128","1"
"199576128","2306977568","1"
"2306977568","199576128","1"
"199576128","2309125378","1"
"2309125378","199576128","1"
"199576128","2338898637","1"
"2338898637","199576128","1"
"199576128","2434773927","1"
"2434773927","199576128","1"
"199576128","2467872060","1"
"2467872060","199576128","1"
"199576128","2624195043","1"
"2624195043","199576128","1"
"199576128","2631034667","1"
"2631034667","199576128","1"
"199576128","2672984569","1"
"2672984569","199576128","1"
"199576128","2949584717","1"
"2949584717","199576128","1"
"199576128","2984735595","1"
"2984735595","199576128","1"
"1665635716","1762334123","1"
"1762334123","1665635716","1"
"1665635716","1980490711","1"
"1980490711","1665635716","1"
"1665635716","1996068375","1"
"1996068375","1665635716","1"
"1665635716","2013062200","1"
"2013062200","1665635716","1"
"1665635716","2023984723","1"
"2023984723","1665635716","1"
"1665635716","2027409698","1"
"2027409698","1665635716","1"
"1665635716","2046079634","1"
"2046079634","1665635716","1"
"1665635716","2057931820","1"
"2057931820","1665635716","1"
"1665635716","2065055950","1"
"2065055950","1665635716","1"
"1665635716","2087911946","1"
"2087911946","1665635716","1"
"1665635716","2098205158","1"
"2098205158","1665635716","1"
"1665635716","2118262745","1"
"2118262745","1665635716","1"
"1665635716","2130254227","1"
"2130254227","1665635716","1"
"1665635716","2131952381","1"
"2131952381","1665635716","1"
"1665635716","2167302285","1"
"2167302285","1665635716","1"
"1665635716","2168470078","1"
"2168470078","1665635716","1"
"1665635716","2183883536","1"
"2183883536","1665635716","1"
"1665635716","2215563241","1"
"2215563241","1665635716","1"
"1665635716","2243286632","1"
"2243286632","1665635716","1"
"1665635716","2306977568","1"
"2306977568","1665635716","1"
"1665635716","2309125378","1"
"2309125378","1665635716","1"
"1665635716","2338898637","1"
"2338898637","1665635716","1"
"1665635716","2434773927","1"
"2434773927","1665635716","1"
"1665635716","2467872060","1"
"2467872060","1665635716","1"
"1665635716","2624195043","1"
"2624195043","1665635716","1"
"1665635716","2631034667","1"
"2631034667","1665635716","1"
"1665635716","2672984569","1"
"2672984569","1665635716","1"
"1665635716","2949584717","1"
"2949584717","1665635716","1"
"1665635716","2984735595","1"
"2984735595","1665635716","1"
"1762334123","1980490711","1"
"1980490711","1762334123","1"
"1762334123","1996068375","1"
"1996068375","1762334123","1"
"1762334123","2013062200","1"
"2013062200","1762334123","1"
"1762334123","2023984723","1"
"2023984723","1762334123","1"
"1762334123","2027409698","1"
"2027409698","1762334123","1"
"1762334123","2046079634","1"
"2046079634","1762334123","1"
"1762334123","2057931820","1"
"2057931820","1762334123","1"
"1762334123","2065055950","1"
"2065055950","1762334123","1"
"1762334123","2087911946","1"
"2087911946","1762334123","1"
"1762334123","2098205158","1"
"2098205158","1762334123","1"
"1762334123","2118262745","1"
"2118262745","1762334123","1"
"1762334123","2130254227","1"
"2130254227","1762334123","1"
"1762334123","2131952381","1"
"2131952381","1762334123","1"
"1762334123","2167302285","1"
"2167302285","1762334123","1"
"1762334123","2168470078","1"
"2168470078","1762334123","1"
"1762334123","2183883536","1"
"2183883536","1762334123","1"
"1762334123","2215563241","1"
"2215563241","1762334123","1"
"1762334123","2243286632","1"
"2243286632","1762334123","1"
"1762334123","2306977568","1"
"2306977568","1762334123","1"
"1762334123","2309125378","1"
"2309125378","1762334123","1"
"1762334123","2338898637","1"
"2338898637","1762334123","1"
"1762334123","2434773927","1"
"2434773927","1762334123","1"
"1762334123","2467872060","1"
"2467872060","1762334123","1"
"1762334123","2624195043","1"
"2624195043","1762334123","1"
"1762334123","2631034667","1"
"2631034667","1762334123","1"
"1762334123","2672984569","1"
"2672984569","1762334123","1"
"1762334123","2949584717","1"
"2949584717","1762334123","1"
"1762334123","2984735595","1"
"2984735595","1762334123","1"
"1980490711","1996068375","1"
"1996068375","1980490711","1"
"1980490711","2013062200","1"
"2013062200","1980490711","1"
"1980490711","2023984723","1"
"2023984723","1980490711","1"
"1980490711","2027409698","1"
"2027409698","1980490711","1"
"1980490711","2046079634","1"
"2046079634","1980490711","1"
"1980490711","2057931820","1"
"2057931820","1980490711","1"
"1980490711","2065055950","1"
"2065055950","1980490711","1"
"1980490711","2087911946","1"
"2087911946","1980490711","1"
"1980490711","2098205158","1"
"2098205158","1980490711","1"
"1980490711","2118262745","1"
"2118262745","1980490711","1"
"1980490711","2130254227","1"
"2130254227","1980490711","1"
"1980490711","2131952381","1"
"2131952381","1980490711","1"
"1980490711","2167302285","1"
"2167302285","1980490711","1"
"1980490711","2168470078","1"
"2168470078","1980490711","1"
"1980490711","2183883536","1"
"2183883536","1980490711","1"
"1980490711","2215563241","1"
"2215563241","1980490711","1"
"1980490711","2243286632","1"
"2243286632","1980490711","1"
"1980490711","2306977568","1"
"2306977568","1980490711","1"
"1980490711","2309125378","1"
"2309125378","1980490711","1"
"1980490711","2338898637","1"
"2338898637","1980490711","1"
"1980490711","2434773927","1"
"2434773927","1980490711","1"
"1980490711","2467872060","1"
"2467872060","1980490711","1"
"1980490711","2624195043","1"
"2624195043","1980490711","1"
"1980490711","2631034667","1"
"2631034667","1980490711","1"
"1980490711","2672984569","1"
"2672984569","1980490711","1"
"1980490711","2949584717","1"
"2949584717","1980490711","1"
"1980490711","2984735595","1"
"2984735595","1980490711","1"
"1996068375","2013062200","1"
"2013062200","1996068375","1"
"1996068375","2023984723","1"
"2023984723","1996068375","1"
"1996068375","2027409698","1"
"2027409698","1996068375","1"
"1996068375","2046079634","1"
"2046079634","1996068375","1"
"1996068375","2057931820","1"
"2057931820","1996068375","1"
"1996068375","2065055950","1"
"2065055950","1996068375","1"
"1996068375","2087911946","1"
"2087911946","1996068375","1"
"1996068375","2098205158","1"
"2098205158","1996068375","1"
"1996068375","2118262745","1"
"2118262745","1996068375","1"
"1996068375","2130254227","1"
"2130254227","1996068375","1"
"1996068375","2131952381","1"
"2131952381","1996068375","1"
"1996068375","2167302285","1"
"2167302285","1996068375","1"
"1996068375","2168470078","1"
"2168470078","1996068375","1"
"1996068375","2183883536","1"
"2183883536","1996068375","1"
"1996068375","2215563241","1"
"2215563241","1996068375","1"
"1996068375","2243286632","1"
"2243286632","1996068375","1"
"1996068375","2306977568","1"
"2306977568","1996068375","1"
"1996068375","2309125378","1"
"2309125378","1996068375","1"
"1996068375","2338898637","1"
"2338898637","1996068375","1"
"1996068375","2434773927","1"
"2434773927","1996068375","1"
"1996068375","2467872060","1"
"2467872060","1996068375","1"
"1996068375","2624195043","1"
"2624195043","1996068375","1"
"1996068375","2631034667","1"
"2631034667","1996068375","1"
"1996068375","2672984569","1"
"2672984569","1996068375","1"
"1996068375","2949584717","1"
"2949584717","1996068375","1"
"1996068375","2984735595","1"
"2984735595","1996068375","1"
"2013062200","2023984723","1"
"2023984723","2013062200","1"
"2013062200","2027409698","1"
"2027409698","2013062200","1"
"2013062200","2046079634","1"
"2046079634","2013062200","1"
"2013062200","2057931820","1"
"2057931820","2013062200","1"
"2013062200","2065055950","1"
"2065055950","2013062200","1"
"2013062200","2087911946","1"
"2087911946","2013062200","1"
"2013062200","2098205158","1"
"2098205158","2013062200","1"
"2013062200","2118262745","1"
"2118262745","2013062200","1"
"2013062200","2130254227","1"
"2130254227","2013062200","1"
"2013062200","2131952381","1"
"2131952381","2013062200","1"
"2013062200","2167302285","1"
"2167302285","2013062200","1"
"2013062200","2168470078","1"
"2168470078","2013062200","1"
"2013062200","2183883536","1"
"2183883536","2013062200","1"
"2013062200","2215563241","1"
"2215563241","2013062200","1"
"2013062200","2243286632","1"
"2243286632","2013062200","1"
"2013062200","2306977568","1"
"2306977568","2013062200","1"
"2013062200","2309125378","1"
"2309125378","2013062200","1"
"2013062200","2338898637","1"
"2338898637","2013062200","1"
"2013062200","2434773927","1"
"2434773927","2013062200","1"
"2013062200","2467872060","1"
"2467872060","2013062200","1"
"2013062200","2624195043","1"
"2624195043","2013062200","1"
"2013062200","2631034667","1"
"2631034667","2013062200","1"
"2013062200","2672984569","1"
"2672984569","2013062200","1"
"2013062200","2949584717","1"
"2949584717","2013062200","1"
"2013062200","2984735595","1"
"2984735595","2013062200","1"
"2023984723","2027409698","1"
"2027409698","2023984723","1"
"2023984723","2046079634","1"
"2046079634","2023984723","1"
"2023984723","2057931820","1"
"2057931820","2023984723","1"
"2023984723","2065055950","1"
"2065055950","2023984723","1"
"2023984723","2087911946","1"
"2087911946","2023984723","1"
"2023984723","2098205158","1"
"2098205158","2023984723","1"
"2023984723","2118262745","1"
"2118262745","2023984723","1"
"2023984723","2130254227","1"
"2130254227","2023984723","1"
"2023984723","2131952381","1"
"2131952381","2023984723","1"
"2023984723","2167302285","1"
"2167302285","2023984723","1"
"2023984723","2168470078","1"
"2168470078","2023984723","1"
"2023984723","2183883536","1"
"2183883536","2023984723","1"
"2023984723","2215563241","1"
"2215563241","2023984723","1"
"2023984723","2243286632","1"
"2243286632","2023984723","1"
"2023984723","2306977568","1"
"2306977568","2023984723","1"
"2023984723","2309125378","1"
"2309125378","2023984723","1"
"2023984723","2338898637","1"
"2338898637","2023984723","1"
"2023984723","2434773927","1"
"2434773927","2023984723","1"
"2023984723","2467872060","1"
"2467872060","2023984723","1"
"2023984723","2624195043","1"
"2624195043","2023984723","1"
"2023984723","2631034667","1"
"2631034667","2023984723","1"
"2023984723","2672984569","1"
"2672984569","2023984723","1"
"2023984723","2949584717","1"
"2949584717","2023984723","1"
"2023984723","2984735595","1"
"2984735595","2023984723","1"
"2027409698","2046079634","1"
"2046079634","2027409698","1"
"2027409698","2057931820","1"
"2057931820","2027409698","1"
"2027409698","2065055950","1"
"2065055950","2027409698","1"
"2027409698","2087911946","1"
"2087911946","2027409698","1"
"2027409698","2098205158","1"
"2098205158","2027409698","1"
"2027409698","2118262745","1"
"2118262745","2027409698","1"
"2027409698","2130254227","1"
"2130254227","2027409698","1"
"2027409698","2131952381","1"
"2131952381","2027409698","1"
"2027409698","2167302285","1"
"2167302285","2027409698","1"
"2027409698","2168470078","1"
"2168470078","2027409698","1"
"2027409698","2183883536","1"
"2183883536","2027409698","1"
"2027409698","2215563241","1"
"2215563241","2027409698","1"
"2027409698","2243286632","1"
"2243286632","2027409698","1"
"2027409698","2306977568","1"
"2306977568","2027409698","1"
"2027409698","2309125378","1"
"2309125378","2027409698","1"
"2027409698","2338898637","1"
"2338898637","2027409698","1"
"2027409698","2434773927","1"
"2434773927","2027409698","1"
"2027409698","2467872060","1"
"2467872060","2027409698","1"
"2027409698","2624195043","1"
"2624195043","2027409698","1"
"2027409698","2631034667","1"
"2631034667","2027409698","1"
"2027409698","2672984569","1"
"2672984569","2027409698","1"
"2027409698","2949584717","1"
"2949584717","2027409698","1"
"2027409698","2984735595","1"
"2984735595","2027409698","1"
"2046079634","2057931820","1"
"2057931820","2046079634","1"
"2046079634","2065055950","1"
"2065055950","2046079634","1"
"2046079634","2087911946","1"
"2087911946","2046079634","1"
"2046079634","2098205158","1"
"2098205158","2046079634","1"
"2046079634","2118262745","1"
"2118262745","2046079634","1"
"2046079634","2130254227","1"
"2130254227","2046079634","1"
"2046079634","2131952381","1"
"2131952381","2046079634","1"
"2046079634","2167302285","1"
"2167302285","2046079634","1"
"2046079634","2168470078","1"
"2168470078","2046079634","1"
"2046079634","2183883536","1"
"2183883536","2046079634","1"
"2046079634","2215563241","1"
"2215563241","2046079634","1"
"2046079634","2243286632","1"
"2243286632","2046079634","1"
"2046079634","2306977568","1"
"2306977568","2046079634","1"
"2046079634","2309125378","1"
"2309125378","2046079634","1"
"2046079634","2338898637","1"
"2338898637","2046079634","1"
"2046079634","2434773927","1"
"2434773927","2046079634","1"
"2046079634","2467872060","1"
"2467872060","2046079634","1"
"2046079634","2624195043","1"
"2624195043","2046079634","1"
"2046079634","2631034667","1"
"2631034667","2046079634","1"
"2046079634","2672984569","1"
"2672984569","2046079634","1"
"2046079634","2949584717","1"
"2949584717","2046079634","1"
"2046079634","2984735595","1"
"2984735595","2046079634","1"
"2057931820","2065055950","1"
"2065055950","2057931820","1"
"2057931820","2087911946","1"
"2087911946","2057931820","1"
"2057931820","2098205158","1"
"2098205158","2057931820","1"
"2057931820","2118262745","1"
"2118262745","2057931820","1"
"2057931820","2130254227","1"
"2130254227","2057931820","1"
"2057931820","2131952381","1"
"2131952381","2057931820","1"
"2057931820","2167302285","1"
"2167302285","2057931820","1"
"2057931820","2168470078","1"
"2168470078","2057931820","1"
"2057931820","2183883536","1"
"2183883536","2057931820","1"
"2057931820","2215563241","1"
"2215563241","2057931820","1"
"2057931820","2243286632","1"
"2243286632","2057931820","1"
"2057931820","2306977568","1"
"2306977568","2057931820","1"
"2057931820","2309125378","1"
"2309125378","2057931820","1"
"2057931820","2338898637","1"
"2338898637","2057931820","1"
"2057931820","2434773927","1"
"2434773927","2057931820","1"
"2057931820","2467872060","1"
"2467872060","2057931820","1"
"2057931820","2624195043","1"
"2624195043","2057931820","1"
"2057931820","2631034667","1"
"2631034667","2057931820","1"
"2057931820","2672984569","1"
"2672984569","2057931820","1"
"2057931820","2949584717","1"
"2949584717","2057931820","1"
"2057931820","2984735595","1"
"2984735595","2057931820","1"
"2065055950","2087911946","1"
"2087911946","2065055950","1"
"2065055950","2098205158","1"
"2098205158","2065055950","1"
"2065055950","2118262745","1"
"2118262745","2065055950","1"
"2065055950","2130254227","1"
"2130254227","2065055950","1"
"2065055950","2131952381","1"
"2131952381","2065055950","1"
"2065055950","2167302285","1"
"2167302285","2065055950","1"
"2065055950","2168470078","1"
"2168470078","2065055950","1"
"2065055950","2183883536","1"
"2183883536","2065055950","1"
"2065055950","2215563241","1"
"2215563241","2065055950","1"
"2065055950","2243286632","1"
"2243286632","2065055950","1"
"2065055950","2306977568","1"
"2306977568","2065055950","1"
"2065055950","2309125378","1"
"2309125378","2065055950","1"
"2065055950","2338898637","1"
"2338898637","2065055950","1"
"2065055950","2434773927","1"
"2434773927","2065055950","1"
"2065055950","2467872060","1"
"2467872060","2065055950","1"
"2065055950","2624195043","1"
"2624195043","2065055950","1"
"2065055950","2631034667","1"
"2631034667","2065055950","1"
"2065055950","2672984569","1"
"2672984569","2065055950","1"
"2065055950","2949584717","1"
"2949584717","2065055950","1"
"2065055950","2984735595","1"
"2984735595","2065055950","1"
"2087911946","2098205158","1"
"2098205158","2087911946","1"
"2087911946","2118262745","1"
"2118262745","2087911946","1"
"2087911946","2130254227","1"
"2130254227","2087911946","1"
"2087911946","2131952381","1"
"2131952381","2087911946","1"
"2087911946","2167302285","1"
"2167302285","2087911946","1"
"2087911946","2168470078","1"
"2168470078","2087911946","1"
"2087911946","2183883536","1"
"2183883536","2087911946","1"
"2087911946","2215563241","1"
"2215563241","2087911946","1"
"2087911946","2243286632","1"
"2243286632","2087911946","1"
"2087911946","2306977568","1"
"2306977568","2087911946","1"
"2087911946","2309125378","1"
"2309125378","2087911946","1"
"2087911946","2338898637","1"
"2338898637","2087911946","1"
"2087911946","2434773927","1"
"2434773927","2087911946","1"
"2087911946","2467872060","1"
"2467872060","2087911946","1"
"2087911946","2624195043","1"
"2624195043","2087911946","1"
"2087911946","2631034667","1"
"2631034667","2087911946","1"
"2087911946","2672984569","1"
"2672984569","2087911946","1"
"2087911946","2949584717","1"
"2949584717","2087911946","1"
"2087911946","2984735595","1"
"2984735595","2087911946","1"
"2098205158","2118262745","1"
"2118262745","2098205158","1"
"2098205158","2130254227","1"
"2130254227","2098205158","1"
"2098205158","2131952381","1"
"2131952381","2098205158","1"
"2098205158","2167302285","1"
"2167302285","2098205158","1"
"2098205158","2168470078","2"
"2168470078","2098205158","2"
"2098205158","2183883536","1"
"2183883536","2098205158","1"
"2098205158","2215563241","1"
"2215563241","2098205158","1"
"2098205158","2243286632","1"
"2243286632","2098205158","1"
"2098205158","2306977568","1"
"2306977568","2098205158","1"
"2098205158","2309125378","1"
"2309125378","2098205158","1"
"2098205158","2338898637","1"
"2338898637","2098205158","1"
"2098205158","2434773927","1"
"2434773927","2098205158","1"
"2098205158","2467872060","1"
"2467872060","2098205158","1"
"2098205158","2624195043","1"
"2624195043","2098205158","1"
"2098205158","2631034667","1"
"2631034667","2098205158","1"
"2098205158","2672984569","1"
"2672984569","2098205158","1"
"2098205158","2949584717","1"
"2949584717","2098205158","1"
"2098205158","2984735595","1"
"2984735595","2098205158","1"
"2118262745","2130254227","1"
"2130254227","2118262745","1"
"2118262745","2131952381","1"
"2131952381","2118262745","1"
"2118262745","2167302285","1"
"2167302285","2118262745","1"
"2118262745","2168470078","1"
"2168470078","2118262745","1"
"2118262745","2183883536","1"
"2183883536","2118262745","1"
"2118262745","2215563241","1"
"2215563241","2118262745","1"
"2118262745","2243286632","1"
"2243286632","2118262745","1"
"2118262745","2306977568","1"
"2306977568","2118262745","1"
"2118262745","2309125378","1"
"2309125378","2118262745","1"
"2118262745","2338898637","1"
"2338898637","2118262745","1"
"2118262745","2434773927","1"
"2434773927","2118262745","1"
"2118262745","2467872060","1"
"2467872060","2118262745","1"
"2118262745","2624195043","1"
"2624195043","2118262745","1"
"2118262745","2631034667","1"
"2631034667","2118262745","1"
"2118262745","2672984569","1"
"2672984569","2118262745","1"
"2118262745","2949584717","1"
"2949584717","2118262745","1"
"2118262745","2984735595","1"
"2984735595","2118262745","1"
"2130254227","2131952381","1"
"2131952381","2130254227","1"
"2130254227","2167302285","1"
"2167302285","2130254227","1"
"2130254227","2168470078","1"
"2168470078","2130254227","1"
"2130254227","2183883536","1"
"2183883536","2130254227","1"
"2130254227","2215563241","1"
"2215563241","2130254227","1"
"2130254227","2243286632","1"
"2243286632","2130254227","1"
"2130254227","2306977568","1"
"2306977568","2130254227","1"
"2130254227","2309125378","1"
"2309125378","2130254227","1"
"2130254227","2338898637","1"
"2338898637","2130254227","1"
"2130254227","2434773927","1"
"2434773927","2130254227","1"
"2130254227","2467872060","1"
"2467872060","2130254227","1"
"2130254227","2624195043","1"
"2624195043","2130254227","1"
"2130254227","2631034667","1"
"2631034667","2130254227","1"
"2130254227","2672984569","1"
"2672984569","2130254227","1"
"2130254227","2949584717","1"
"2949584717","2130254227","1"
"2130254227","2984735595","1"
"2984735595","2130254227","1"
"2131952381","2167302285","1"
"2167302285","2131952381","1"
"2131952381","2168470078","1"
"2168470078","2131952381","1"
"2131952381","2183883536","1"
"2183883536","2131952381","1"
"2131952381","2215563241","1"
"2215563241","2131952381","1"
"2131952381","2243286632","1"
"2243286632","2131952381","1"
"2131952381","2306977568","1"
"2306977568","2131952381","1"
"2131952381","2309125378","1"
"2309125378","2131952381","1"
"2131952381","2338898637","1"
"2338898637","2131952381","1"
"2131952381","2434773927","1"
"2434773927","2131952381","1"
"2131952381","2467872060","1"
"2467872060","2131952381","1"
"2131952381","2624195043","1"
"2624195043","2131952381","1"
"2131952381","2631034667","1"
"2631034667","2131952381","1"
"2131952381","2672984569","1"
"2672984569","2131952381","1"
"2131952381","2949584717","1"
"2949584717","2131952381","1"
"2131952381","2984735595","1"
"2984735595","2131952381","1"
"2167302285","2168470078","1"
"2168470078","2167302285","1"
"2167302285","2183883536","1"
"2183883536","2167302285","1"
"2167302285","2215563241","1"
"2215563241","2167302285","1"
"2167302285","2243286632","1"
"2243286632","2167302285","1"
"2167302285","2306977568","1"
"2306977568","2167302285","1"
"2167302285","2309125378","1"
"2309125378","2167302285","1"
"2167302285","2338898637","1"
"2338898637","2167302285","1"
"2167302285","2434773927","1"
"2434773927","2167302285","1"
"2167302285","2467872060","1"
"2467872060","2167302285","1"
"2167302285","2624195043","1"
"2624195043","2167302285","1"
"2167302285","2631034667","1"
"2631034667","2167302285","1"
"2167302285","2672984569","1"
"2672984569","2167302285","1"
"2167302285","2949584717","1"
"2949584717","2167302285","1"
"2167302285","2984735595","1"
"2984735595","2167302285","1"
"2168470078","2183883536","1"
"2183883536","2168470078","1"
"2168470078","2215563241","1"
"2215563241","2168470078","1"
"2168470078","2243286632","1"
"2243286632","2168470078","1"
"2168470078","2306977568","1"
"2306977568","2168470078","1"
"2168470078","2309125378","1"
"2309125378","2168470078","1"
"2168470078","2338898637","1"
"2338898637","2168470078","1"
"2168470078","2434773927","1"
"2434773927","2168470078","1"
"2168470078","2467872060","1"
"2467872060","2168470078","1"
"2168470078","2624195043","1"
"2624195043","2168470078","1"
"2168470078","2631034667","1"
"2631034667","2168470078","1"
"2168470078","2672984569","1"
"2672984569","2168470078","1"
"2168470078","2949584717","1"
"2949584717","2168470078","1"
"2168470078","2984735595","1"
"2984735595","2168470078","1"
"2183883536","2215563241","1"
"2215563241","2183883536","1"
"2183883536","2243286632","1"
"2243286632","2183883536","1"
"2183883536","2306977568","1"
"2306977568","2183883536","1"
"2183883536","2309125378","1"
"2309125378","2183883536","1"
"2183883536","2338898637","1"
"2338898637","2183883536","1"
"2183883536","2434773927","1"
"2434773927","2183883536","1"
"2183883536","2467872060","1"
"2467872060","2183883536","1"
"2183883536","2624195043","1"
"2624195043","2183883536","1"
"2183883536","2631034667","1"
"2631034667","2183883536","1"
"2183883536","2672984569","1"
"2672984569","2183883536","1"
"2183883536","2949584717","1"
"2949584717","2183883536","1"
"2183883536","2984735595","1"
"2984735595","2183883536","1"
"2215563241","2243286632","1"
"2243286632","2215563241","1"
"2215563241","2306977568","1"
"2306977568","2215563241","1"
"2215563241","2309125378","1"
"2309125378","2215563241","1"
"2215563241","2338898637","1"
"2338898637","2215563241","1"
"2215563241","2434773927","1"
"2434773927","2215563241","1"
"2215563241","2467872060","1"
"2467872060","2215563241","1"
"2215563241","2624195043","1"
"2624195043","2215563241","1"
"2215563241","2631034667","1"
"2631034667","2215563241","1"
"2215563241","2672984569","1"
"2672984569","2215563241","1"
"2215563241","2949584717","1"
"2949584717","2215563241","1"
"2215563241","2984735595","1"
"2984735595","2215563241","1"
"2243286632","2306977568","1"
"2306977568","2243286632","1"
"2243286632","2309125378","1"
"2309125378","2243286632","1"
"2243286632","2338898637","1"
"2338898637","2243286632","1"
"2243286632","2434773927","1"
"2434773927","2243286632","1"
"2243286632","2467872060","1"
"2467872060","2243286632","1"
"2243286632","2624195043","1"
"2624195043","2243286632","1"
"2243286632","2631034667","1"
"2631034667","2243286632","1"
"2243286632","2672984569","1"
"2672984569","2243286632","1"
"2243286632","2949584717","1"
"2949584717","2243286632","1"
"2243286632","2984735595","1"
"2984735595","2243286632","1"
"2306977568","2309125378","1"
"2309125378","2306977568","1"
"2306977568","2338898637","1"
"2338898637","2306977568","1"
"2306977568","2434773927","1"
"2434773927","2306977568","1"
"2306977568","2467872060","1"
"2467872060","2306977568","1"
"2306977568","2624195043","1"
"2624195043","2306977568","1"
"2306977568","2631034667","1"
"2631034667","2306977568","1"
"2306977568","2672984569","1"
"2672984569","2306977568","1"
"2306977568","2949584717","1"
"2949584717","2306977568","1"
"2306977568","2984735595","1"
"2984735595","2306977568","1"
"2309125378","2338898637","1"
"2338898637","2309125378","1"
"2309125378","2434773927","1"
"2434773927","2309125378","1"
"2309125378","2467872060","1"
"2467872060","2309125378","1"
"2309125378","2624195043","1"
"2624195043","2309125378","1"
"2309125378","2631034667","1"
"2631034667","2309125378","1"
"2309125378","2672984569","1"
"2672984569","2309125378","1"
"2309125378","2949584717","1"
"2949584717","2309125378","1"
"2309125378","2984735595","1"
"2984735595","2309125378","1"
"2338898637","2434773927","1"
"2434773927","2338898637","1"
"2338898637","2467872060","1"
"2467872060","2338898637","1"
"2338898637","2624195043","1"
"2624195043","2338898637","1"
"2338898637","2631034667","1"
"2631034667","2338898637","1"
"2338898637","2672984569","1"
"2672984569","2338898637","1"
"2338898637","2949584717","1"
"2949584717","2338898637","1"
"2338898637","2984735595","1"
"2984735595","2338898637","1"
"2434773927","2467872060","1"
"2467872060","2434773927","1"
"2434773927","2624195043","1"
"2624195043","2434773927","1"
"2434773927","2631034667","1"
"2631034667","2434773927","1"
"2434773927","2672984569","1"
"2672984569","2434773927","1"
"2434773927","2949584717","1"
"2949584717","2434773927","1"
"2434773927","2984735595","1"
"2984735595","2434773927","1"
"2467872060","2624195043","1"
"2624195043","2467872060","1"
"2467872060","2631034667","1"
"2631034667","2467872060","1"
"2467872060","2672984569","1"
"2672984569","2467872060","1"
"2467872060","2949584717","1"
"2949584717","2467872060","1"
"2467872060","2984735595","1"
"2984735595","2467872060","1"
"2624195043","2631034667","1"
"2631034667","2624195043","1"
"2624195043","2672984569","1"
"2672984569","2624195043","1"
"2624195043","2949584717","1"
"2949584717","2624195043","1"
"2624195043","2984735595","1"
"2984735595","2624195043","1"
"2631034667","2672984569","1"
"2672984569","2631034667","1"
"2631034667","2949584717","1"
"2949584717","2631034667","1"
"2631034667","2984735595","1"
"2984735595","2631034667","1"
"2672984569","2949584717","1"
"2949584717","2672984569","1"
"2672984569","2984735595","1"
"2984735595","2672984569","1"
"2949584717","2984735595","1"
"2984735595","2949584717","1"
"2231373282","2030435813","3"
"2030435813","2231373282","3"
"2231373282","2106104238","6"
"2106104238","2231373282","6"
"2231373282","2473761245","2"
"2473761245","2231373282","2"
"2030435813","2106104238","2"
"2106104238","2030435813","2"
"2030435813","2113610622","1"
"2113610622","2030435813","1"
"2030435813","2234346923","1"
"2234346923","2030435813","1"
"2030435813","2473761245","1"
"2473761245","2030435813","1"
"2106104238","2113610622","3"
"2113610622","2106104238","3"
"2106104238","2234346923","1"
"2234346923","2106104238","1"
"2106104238","2473761245","2"
"2473761245","2106104238","2"
"2113610622","2473761245","2"
"2473761245","2113610622","2"
"2234346923","2473761245","1"
"2473761245","2234346923","1"
"2231373282","140295664","1"
"140295664","2231373282","1"
"2231373282","2061067665","1"
"2061067665","2231373282","1"
"2231373282","2063585283","1"
"2063585283","2231373282","1"
"2231373282","2067334501","1"
"2067334501","2231373282","1"
"2231373282","2084879026","1"
"2084879026","2231373282","1"
"2231373282","2097043995","1"
"2097043995","2231373282","1"
"2231373282","2102196374","1"
"2102196374","2231373282","1"
"2231373282","2124022172","1"
"2124022172","2231373282","1"
"2231373282","2139103059","1"
"2139103059","2231373282","1"
"2231373282","2144937384","1"
"2144937384","2231373282","1"
"2231373282","2150537112","1"
"2150537112","2231373282","1"
"2231373282","2154952542","1"
"2154952542","2231373282","1"
"2231373282","2163367245","1"
"2163367245","2231373282","1"
"2231373282","2174534555","1"
"2174534555","2231373282","1"
"2231373282","2289182851","1"
"2289182851","2231373282","1"
"2231373282","2320842519","1"
"2320842519","2231373282","1"
"2231373282","2342054182","1"
"2342054182","2231373282","1"
"2231373282","2435322212","1"
"2435322212","2231373282","1"
"2231373282","2437843430","1"
"2437843430","2231373282","1"
"2231373282","2461291197","1"
"2461291197","2231373282","1"
"2231373282","2636534834","1"
"2636534834","2231373282","1"
"2231373282","2697499729","1"
"2697499729","2231373282","1"
"2231373282","2718234584","1"
"2718234584","2231373282","1"
"2231373282","2721664031","1"
"2721664031","2231373282","1"
"2231373282","2726189323","1"
"2726189323","2231373282","1"
"2231373282","2736783087","1"
"2736783087","2231373282","1"
"2231373282","2763536985","1"
"2763536985","2231373282","1"
"2231373282","2832740984","1"
"2832740984","2231373282","1"
"2231373282","2951481766","1"
"2951481766","2231373282","1"
"140295664","2061067665","1"
"2061067665","140295664","1"
"140295664","2063585283","1"
"2063585283","140295664","1"
"140295664","2067334501","1"
"2067334501","140295664","1"
"140295664","2084879026","1"
"2084879026","140295664","1"
"140295664","2097043995","1"
"2097043995","140295664","1"
"140295664","2098205158","1"
"2098205158","140295664","1"
"140295664","2102196374","1"
"2102196374","140295664","1"
"140295664","2124022172","1"
"2124022172","140295664","1"
"140295664","2139103059","1"
"2139103059","140295664","1"
"140295664","2144937384","1"
"2144937384","140295664","1"
"140295664","2150537112","1"
"2150537112","140295664","1"
"140295664","2154952542","1"
"2154952542","140295664","1"
"140295664","2163367245","1"
"2163367245","140295664","1"
"140295664","2168470078","1"
"2168470078","140295664","1"
"140295664","2174534555","1"
"2174534555","140295664","1"
"140295664","2289182851","1"
"2289182851","140295664","1"
"140295664","2320842519","1"
"2320842519","140295664","1"
"140295664","2342054182","1"
"2342054182","140295664","1"
"140295664","2435322212","1"
"2435322212","140295664","1"
"140295664","2437843430","1"
"2437843430","140295664","1"
"140295664","2461291197","1"
"2461291197","140295664","1"
"140295664","2636534834","1"
"2636534834","140295664","1"
"140295664","2697499729","1"
"2697499729","140295664","1"
"140295664","2718234584","1"
"2718234584","140295664","1"
"140295664","2721664031","1"
"2721664031","140295664","1"
"140295664","2726189323","1"
"2726189323","140295664","1"
"140295664","2736783087","1"
"2736783087","140295664","1"
"140295664","2763536985","1"
"2763536985","140295664","1"
"140295664","2832740984","1"
"2832740984","140295664","1"
"140295664","2951481766","1"
"2951481766","140295664","1"
"2061067665","2063585283","1"
"2063585283","2061067665","1"
"2061067665","2067334501","1"
"2067334501","2061067665","1"
"2061067665","2084879026","1"
"2084879026","2061067665","1"
"2061067665","2097043995","1"
"2097043995","2061067665","1"
"2061067665","2098205158","1"
"2098205158","2061067665","1"
"2061067665","2102196374","1"
"2102196374","2061067665","1"
"2061067665","2124022172","1"
"2124022172","2061067665","1"
"2061067665","2139103059","1"
"2139103059","2061067665","1"
"2061067665","2144937384","1"
"2144937384","2061067665","1"
"2061067665","2150537112","1"
"2150537112","2061067665","1"
"2061067665","2154952542","1"
"2154952542","2061067665","1"
"2061067665","2163367245","1"
"2163367245","2061067665","1"
"2061067665","2168470078","1"
"2168470078","2061067665","1"
"2061067665","2174534555","1"
"2174534555","2061067665","1"
"2061067665","2289182851","1"
"2289182851","2061067665","1"
"2061067665","2320842519","1"
"2320842519","2061067665","1"
"2061067665","2342054182","1"
"2342054182","2061067665","1"
"2061067665","2435322212","1"
"2435322212","2061067665","1"
"2061067665","2437843430","1"
"2437843430","2061067665","1"
"2061067665","2461291197","1"
"2461291197","2061067665","1"
"2061067665","2636534834","1"
"2636534834","2061067665","1"
"2061067665","2697499729","1"
"2697499729","2061067665","1"
"2061067665","2718234584","1"
"2718234584","2061067665","1"
"2061067665","2721664031","1"
"2721664031","2061067665","1"
"2061067665","2726189323","1"
"2726189323","2061067665","1"
"2061067665","2736783087","1"
"2736783087","2061067665","1"
"2061067665","2763536985","1"
"2763536985","2061067665","1"
"2061067665","2832740984","1"
"2832740984","2061067665","1"
"2061067665","2951481766","1"
"2951481766","2061067665","1"
"2063585283","2067334501","1"
"2067334501","2063585283","1"
"2063585283","2084879026","1"
"2084879026","2063585283","1"
"2063585283","2097043995","1"
"2097043995","2063585283","1"
"2063585283","2098205158","1"
"2098205158","2063585283","1"
"2063585283","2102196374","1"
"2102196374","2063585283","1"
"2063585283","2124022172","1"
"2124022172","2063585283","1"
"2063585283","2139103059","1"
"2139103059","2063585283","1"
"2063585283","2144937384","1"
"2144937384","2063585283","1"
"2063585283","2150537112","1"
"2150537112","2063585283","1"
"2063585283","2154952542","1"
"2154952542","2063585283","1"
"2063585283","2163367245","1"
"2163367245","2063585283","1"
"2063585283","2168470078","1"
"2168470078","2063585283","1"
"2063585283","2174534555","1"
"2174534555","2063585283","1"
"2063585283","2289182851","1"
"2289182851","2063585283","1"
"2063585283","2320842519","1"
"2320842519","2063585283","1"
"2063585283","2342054182","1"
"2342054182","2063585283","1"
"2063585283","2435322212","1"
"2435322212","2063585283","1"
"2063585283","2437843430","1"
"2437843430","2063585283","1"
"2063585283","2461291197","1"
"2461291197","2063585283","1"
"2063585283","2636534834","1"
"2636534834","2063585283","1"
"2063585283","2697499729","1"
"2697499729","2063585283","1"
"2063585283","2718234584","1"
"2718234584","2063585283","1"
"2063585283","2721664031","1"
"2721664031","2063585283","1"
"2063585283","2726189323","1"
"2726189323","2063585283","1"
"2063585283","2736783087","1"
"2736783087","2063585283","1"
"2063585283","2763536985","1"
"2763536985","2063585283","1"
"2063585283","2832740984","1"
"2832740984","2063585283","1"
"2063585283","2951481766","1"
"2951481766","2063585283","1"
"2067334501","2084879026","1"
"2084879026","2067334501","1"
"2067334501","2097043995","1"
"2097043995","2067334501","1"
"2067334501","2098205158","1"
"2098205158","2067334501","1"
"2067334501","2102196374","1"
"2102196374","2067334501","1"
"2067334501","2124022172","1"
"2124022172","2067334501","1"
"2067334501","2139103059","1"
"2139103059","2067334501","1"
"2067334501","2144937384","1"
"2144937384","2067334501","1"
"2067334501","2150537112","1"
"2150537112","2067334501","1"
"2067334501","2154952542","1"
"2154952542","2067334501","1"
"2067334501","2163367245","1"
"2163367245","2067334501","1"
"2067334501","2168470078","1"
"2168470078","2067334501","1"
"2067334501","2174534555","1"
"2174534555","2067334501","1"
"2067334501","2289182851","1"
"2289182851","2067334501","1"
"2067334501","2320842519","1"
"2320842519","2067334501","1"
"2067334501","2342054182","1"
"2342054182","2067334501","1"
"2067334501","2435322212","1"
"2435322212","2067334501","1"
"2067334501","2437843430","1"
"2437843430","2067334501","1"
"2067334501","2461291197","1"
"2461291197","2067334501","1"
"2067334501","2636534834","1"
"2636534834","2067334501","1"
"2067334501","2697499729","1"
"2697499729","2067334501","1"
"2067334501","2718234584","1"
"2718234584","2067334501","1"
"2067334501","2721664031","1"
"2721664031","2067334501","1"
"2067334501","2726189323","1"
"2726189323","2067334501","1"
"2067334501","2736783087","1"
"2736783087","2067334501","1"
"2067334501","2763536985","1"
"2763536985","2067334501","1"
"2067334501","2832740984","1"
"2832740984","2067334501","1"
"2067334501","2951481766","1"
"2951481766","2067334501","1"
"2084879026","2097043995","1"
"2097043995","2084879026","1"
"2084879026","2098205158","1"
"2098205158","2084879026","1"
"2084879026","2102196374","1"
"2102196374","2084879026","1"
"2084879026","2124022172","1"
"2124022172","2084879026","1"
"2084879026","2139103059","1"
"2139103059","2084879026","1"
"2084879026","2144937384","1"
"2144937384","2084879026","1"
"2084879026","2150537112","1"
"2150537112","2084879026","1"
"2084879026","2154952542","1"
"2154952542","2084879026","1"
"2084879026","2163367245","1"
"2163367245","2084879026","1"
"2084879026","2168470078","1"
"2168470078","2084879026","1"
"2084879026","2174534555","1"
"2174534555","2084879026","1"
"2084879026","2289182851","1"
"2289182851","2084879026","1"
"2084879026","2320842519","1"
"2320842519","2084879026","1"
"2084879026","2342054182","1"
"2342054182","2084879026","1"
"2084879026","2435322212","1"
"2435322212","2084879026","1"
"2084879026","2437843430","1"
"2437843430","2084879026","1"
"2084879026","2461291197","1"
"2461291197","2084879026","1"
"2084879026","2636534834","1"
"2636534834","2084879026","1"
"2084879026","2697499729","1"
"2697499729","2084879026","1"
"2084879026","2718234584","1"
"2718234584","2084879026","1"
"2084879026","2721664031","1"
"2721664031","2084879026","1"
"2084879026","2726189323","1"
"2726189323","2084879026","1"
"2084879026","2736783087","1"
"2736783087","2084879026","1"
"2084879026","2763536985","1"
"2763536985","2084879026","1"
"2084879026","2832740984","1"
"2832740984","2084879026","1"
"2084879026","2951481766","1"
"2951481766","2084879026","1"
"2097043995","2098205158","1"
"2098205158","2097043995","1"
"2097043995","2102196374","1"
"2102196374","2097043995","1"
"2097043995","2124022172","1"
"2124022172","2097043995","1"
"2097043995","2139103059","1"
"2139103059","2097043995","1"
"2097043995","2144937384","1"
"2144937384","2097043995","1"
"2097043995","2150537112","1"
"2150537112","2097043995","1"
"2097043995","2154952542","1"
"2154952542","2097043995","1"
"2097043995","2163367245","1"
"2163367245","2097043995","1"
"2097043995","2168470078","1"
"2168470078","2097043995","1"
"2097043995","2174534555","1"
"2174534555","2097043995","1"
"2097043995","2289182851","1"
"2289182851","2097043995","1"
"2097043995","2320842519","1"
"2320842519","2097043995","1"
"2097043995","2342054182","1"
"2342054182","2097043995","1"
"2097043995","2435322212","1"
"2435322212","2097043995","1"
"2097043995","2437843430","1"
"2437843430","2097043995","1"
"2097043995","2461291197","1"
"2461291197","2097043995","1"
"2097043995","2636534834","1"
"2636534834","2097043995","1"
"2097043995","2697499729","1"
"2697499729","2097043995","1"
"2097043995","2718234584","1"
"2718234584","2097043995","1"
"2097043995","2721664031","1"
"2721664031","2097043995","1"
"2097043995","2726189323","1"
"2726189323","2097043995","1"
"2097043995","2736783087","1"
"2736783087","2097043995","1"
"2097043995","2763536985","1"
"2763536985","2097043995","1"
"2097043995","2832740984","1"
"2832740984","2097043995","1"
"2097043995","2951481766","1"
"2951481766","2097043995","1"
"2098205158","2102196374","1"
"2102196374","2098205158","1"
"2098205158","2124022172","1"
"2124022172","2098205158","1"
"2098205158","2139103059","1"
"2139103059","2098205158","1"
"2098205158","2144937384","1"
"2144937384","2098205158","1"
"2098205158","2150537112","1"
"2150537112","2098205158","1"
"2098205158","2154952542","1"
"2154952542","2098205158","1"
"2098205158","2163367245","1"
"2163367245","2098205158","1"
"2098205158","2174534555","1"
"2174534555","2098205158","1"
"2098205158","2289182851","1"
"2289182851","2098205158","1"
"2098205158","2320842519","1"
"2320842519","2098205158","1"
"2098205158","2342054182","1"
"2342054182","2098205158","1"
"2098205158","2435322212","1"
"2435322212","2098205158","1"
"2098205158","2437843430","1"
"2437843430","2098205158","1"
"2098205158","2461291197","1"
"2461291197","2098205158","1"
"2098205158","2636534834","1"
"2636534834","2098205158","1"
"2098205158","2697499729","1"
"2697499729","2098205158","1"
"2098205158","2718234584","1"
"2718234584","2098205158","1"
"2098205158","2721664031","1"
"2721664031","2098205158","1"
"2098205158","2726189323","1"
"2726189323","2098205158","1"
"2098205158","2736783087","1"
"2736783087","2098205158","1"
"2098205158","2763536985","1"
"2763536985","2098205158","1"
"2098205158","2832740984","1"
"2832740984","2098205158","1"
"2098205158","2951481766","1"
"2951481766","2098205158","1"
"2102196374","2124022172","1"
"2124022172","2102196374","1"
"2102196374","2139103059","1"
"2139103059","2102196374","1"
"2102196374","2144937384","1"
"2144937384","2102196374","1"
"2102196374","2150537112","1"
"2150537112","2102196374","1"
"2102196374","2154952542","1"
"2154952542","2102196374","1"
"2102196374","2163367245","1"
"2163367245","2102196374","1"
"2102196374","2168470078","1"
"2168470078","2102196374","1"
"2102196374","2174534555","1"
"2174534555","2102196374","1"
"2102196374","2289182851","1"
"2289182851","2102196374","1"
"2102196374","2320842519","1"
"2320842519","2102196374","1"
"2102196374","2342054182","1"
"2342054182","2102196374","1"
"2102196374","2435322212","1"
"2435322212","2102196374","1"
"2102196374","2437843430","1"
"2437843430","2102196374","1"
"2102196374","2461291197","1"
"2461291197","2102196374","1"
"2102196374","2636534834","1"
"2636534834","2102196374","1"
"2102196374","2697499729","1"
"2697499729","2102196374","1"
"2102196374","2718234584","1"
"2718234584","2102196374","1"
"2102196374","2721664031","1"
"2721664031","2102196374","1"
"2102196374","2726189323","1"
"2726189323","2102196374","1"
"2102196374","2736783087","1"
"2736783087","2102196374","1"
"2102196374","2763536985","1"
"2763536985","2102196374","1"
"2102196374","2832740984","1"
"2832740984","2102196374","1"
"2102196374","2951481766","1"
"2951481766","2102196374","1"
"2124022172","2139103059","1"
"2139103059","2124022172","1"
"2124022172","2144937384","1"
"2144937384","2124022172","1"
"2124022172","2150537112","1"
"2150537112","2124022172","1"
"2124022172","2154952542","1"
"2154952542","2124022172","1"
"2124022172","2163367245","1"
"2163367245","2124022172","1"
"2124022172","2168470078","1"
"2168470078","2124022172","1"
"2124022172","2174534555","1"
"2174534555","2124022172","1"
"2124022172","2289182851","1"
"2289182851","2124022172","1"
"2124022172","2320842519","1"
"2320842519","2124022172","1"
"2124022172","2342054182","1"
"2342054182","2124022172","1"
"2124022172","2435322212","1"
"2435322212","2124022172","1"
"2124022172","2437843430","1"
"2437843430","2124022172","1"
"2124022172","2461291197","1"
"2461291197","2124022172","1"
"2124022172","2636534834","1"
"2636534834","2124022172","1"
"2124022172","2697499729","1"
"2697499729","2124022172","1"
"2124022172","2718234584","1"
"2718234584","2124022172","1"
"2124022172","2721664031","1"
"2721664031","2124022172","1"
"2124022172","2726189323","1"
"2726189323","2124022172","1"
"2124022172","2736783087","1"
"2736783087","2124022172","1"
"2124022172","2763536985","1"
"2763536985","2124022172","1"
"2124022172","2832740984","1"
"2832740984","2124022172","1"
"2124022172","2951481766","1"
"2951481766","2124022172","1"
"2139103059","2144937384","1"
"2144937384","2139103059","1"
"2139103059","2150537112","1"
"2150537112","2139103059","1"
"2139103059","2154952542","1"
"2154952542","2139103059","1"
"2139103059","2163367245","1"
"2163367245","2139103059","1"
"2139103059","2168470078","1"
"2168470078","2139103059","1"
"2139103059","2174534555","1"
"2174534555","2139103059","1"
"2139103059","2289182851","1"
"2289182851","2139103059","1"
"2139103059","2320842519","1"
"2320842519","2139103059","1"
"2139103059","2342054182","1"
"2342054182","2139103059","1"
"2139103059","2435322212","1"
"2435322212","2139103059","1"
"2139103059","2437843430","1"
"2437843430","2139103059","1"
"2139103059","2461291197","1"
"2461291197","2139103059","1"
"2139103059","2636534834","1"
"2636534834","2139103059","1"
"2139103059","2697499729","1"
"2697499729","2139103059","1"
"2139103059","2718234584","1"
"2718234584","2139103059","1"
"2139103059","2721664031","1"
"2721664031","2139103059","1"
"2139103059","2726189323","1"
"2726189323","2139103059","1"
"2139103059","2736783087","1"
"2736783087","2139103059","1"
"2139103059","2763536985","1"
"2763536985","2139103059","1"
"2139103059","2832740984","1"
"2832740984","2139103059","1"
"2139103059","2951481766","1"
"2951481766","2139103059","1"
"2144937384","2150537112","1"
"2150537112","2144937384","1"
"2144937384","2154952542","1"
"2154952542","2144937384","1"
"2144937384","2163367245","1"
"2163367245","2144937384","1"
"2144937384","2168470078","1"
"2168470078","2144937384","1"
"2144937384","2174534555","1"
"2174534555","2144937384","1"
"2144937384","2289182851","1"
"2289182851","2144937384","1"
"2144937384","2320842519","1"
"2320842519","2144937384","1"
"2144937384","2342054182","1"
"2342054182","2144937384","1"
"2144937384","2435322212","1"
"2435322212","2144937384","1"
"2144937384","2437843430","1"
"2437843430","2144937384","1"
"2144937384","2461291197","1"
"2461291197","2144937384","1"
"2144937384","2636534834","1"
"2636534834","2144937384","1"
"2144937384","2697499729","1"
"2697499729","2144937384","1"
"2144937384","2718234584","1"
"2718234584","2144937384","1"
"2144937384","2721664031","1"
"2721664031","2144937384","1"
"2144937384","2726189323","1"
"2726189323","2144937384","1"
"2144937384","2736783087","1"
"2736783087","2144937384","1"
"2144937384","2763536985","1"
"2763536985","2144937384","1"
"2144937384","2832740984","1"
"2832740984","2144937384","1"
"2144937384","2951481766","1"
"2951481766","2144937384","1"
"2150537112","2154952542","1"
"2154952542","2150537112","1"
"2150537112","2163367245","1"
"2163367245","2150537112","1"
"2150537112","2168470078","1"
"2168470078","2150537112","1"
"2150537112","2174534555","1"
"2174534555","2150537112","1"
"2150537112","2289182851","1"
"2289182851","2150537112","1"
"2150537112","2320842519","1"
"2320842519","2150537112","1"
"2150537112","2342054182","1"
"2342054182","2150537112","1"
"2150537112","2435322212","1"
"2435322212","2150537112","1"
"2150537112","2437843430","1"
"2437843430","2150537112","1"
"2150537112","2461291197","1"
"2461291197","2150537112","1"
"2150537112","2636534834","1"
"2636534834","2150537112","1"
"2150537112","2697499729","1"
"2697499729","2150537112","1"
"2150537112","2718234584","1"
"2718234584","2150537112","1"
"2150537112","2721664031","1"
"2721664031","2150537112","1"
"2150537112","2726189323","1"
"2726189323","2150537112","1"
"2150537112","2736783087","1"
"2736783087","2150537112","1"
"2150537112","2763536985","1"
"2763536985","2150537112","1"
"2150537112","2832740984","1"
"2832740984","2150537112","1"
"2150537112","2951481766","1"
"2951481766","2150537112","1"
"2154952542","2163367245","1"
"2163367245","2154952542","1"
"2154952542","2168470078","1"
"2168470078","2154952542","1"
"2154952542","2174534555","1"
"2174534555","2154952542","1"
"2154952542","2289182851","1"
"2289182851","2154952542","1"
"2154952542","2320842519","1"
"2320842519","2154952542","1"
"2154952542","2342054182","1"
"2342054182","2154952542","1"
"2154952542","2435322212","1"
"2435322212","2154952542","1"
"2154952542","2437843430","1"
"2437843430","2154952542","1"
"2154952542","2461291197","1"
"2461291197","2154952542","1"
"2154952542","2636534834","1"
"2636534834","2154952542","1"
"2154952542","2697499729","1"
"2697499729","2154952542","1"
"2154952542","2718234584","1"
"2718234584","2154952542","1"
"2154952542","2721664031","1"
"2721664031","2154952542","1"
"2154952542","2726189323","1"
"2726189323","2154952542","1"
"2154952542","2736783087","1"
"2736783087","2154952542","1"
"2154952542","2763536985","1"
"2763536985","2154952542","1"
"2154952542","2832740984","1"
"2832740984","2154952542","1"
"2154952542","2951481766","1"
"2951481766","2154952542","1"
"2163367245","2168470078","1"
"2168470078","2163367245","1"
"2163367245","2174534555","1"
"2174534555","2163367245","1"
"2163367245","2289182851","1"
"2289182851","2163367245","1"
"2163367245","2320842519","1"
"2320842519","2163367245","1"
"2163367245","2342054182","1"
"2342054182","2163367245","1"
"2163367245","2435322212","1"
"2435322212","2163367245","1"
"2163367245","2437843430","1"
"2437843430","2163367245","1"
"2163367245","2461291197","1"
"2461291197","2163367245","1"
"2163367245","2636534834","1"
"2636534834","2163367245","1"
"2163367245","2697499729","1"
"2697499729","2163367245","1"
"2163367245","2718234584","1"
"2718234584","2163367245","1"
"2163367245","2721664031","1"
"2721664031","2163367245","1"
"2163367245","2726189323","1"
"2726189323","2163367245","1"
"2163367245","2736783087","1"
"2736783087","2163367245","1"
"2163367245","2763536985","1"
"2763536985","2163367245","1"
"2163367245","2832740984","1"
"2832740984","2163367245","1"
"2163367245","2951481766","1"
"2951481766","2163367245","1"
"2168470078","2174534555","1"
"2174534555","2168470078","1"
"2168470078","2289182851","1"
"2289182851","2168470078","1"
"2168470078","2320842519","1"
"2320842519","2168470078","1"
"2168470078","2342054182","1"
"2342054182","2168470078","1"
"2168470078","2435322212","1"
"2435322212","2168470078","1"
"2168470078","2437843430","1"
"2437843430","2168470078","1"
"2168470078","2461291197","1"
"2461291197","2168470078","1"
"2168470078","2636534834","1"
"2636534834","2168470078","1"
"2168470078","2697499729","1"
"2697499729","2168470078","1"
"2168470078","2718234584","1"
"2718234584","2168470078","1"
"2168470078","2721664031","1"
"2721664031","2168470078","1"
"2168470078","2726189323","1"
"2726189323","2168470078","1"
"2168470078","2736783087","1"
"2736783087","2168470078","1"
"2168470078","2763536985","1"
"2763536985","2168470078","1"
"2168470078","2832740984","1"
"2832740984","2168470078","1"
"2168470078","2951481766","1"
"2951481766","2168470078","1"
"2174534555","2289182851","1"
"2289182851","2174534555","1"
"2174534555","2320842519","1"
"2320842519","2174534555","1"
"2174534555","2342054182","1"
"2342054182","2174534555","1"
"2174534555","2435322212","1"
"2435322212","2174534555","1"
"2174534555","2437843430","1"
"2437843430","2174534555","1"
"2174534555","2461291197","1"
"2461291197","2174534555","1"
"2174534555","2636534834","1"
"2636534834","2174534555","1"
"2174534555","2697499729","1"
"2697499729","2174534555","1"
"2174534555","2718234584","1"
"2718234584","2174534555","1"
"2174534555","2721664031","1"
"2721664031","2174534555","1"
"2174534555","2726189323","1"
"2726189323","2174534555","1"
"2174534555","2736783087","1"
"2736783087","2174534555","1"
"2174534555","2763536985","1"
"2763536985","2174534555","1"
"2174534555","2832740984","1"
"2832740984","2174534555","1"
"2174534555","2951481766","1"
"2951481766","2174534555","1"
"2289182851","2320842519","1"
"2320842519","2289182851","1"
"2289182851","2342054182","1"
"2342054182","2289182851","1"
"2289182851","2435322212","1"
"2435322212","2289182851","1"
"2289182851","2437843430","1"
"2437843430","2289182851","1"
"2289182851","2461291197","1"
"2461291197","2289182851","1"
"2289182851","2636534834","1"
"2636534834","2289182851","1"
"2289182851","2697499729","1"
"2697499729","2289182851","1"
"2289182851","2718234584","1"
"2718234584","2289182851","1"
"2289182851","2721664031","1"
"2721664031","2289182851","1"
"2289182851","2726189323","1"
"2726189323","2289182851","1"
"2289182851","2736783087","1"
"2736783087","2289182851","1"
"2289182851","2763536985","1"
"2763536985","2289182851","1"
"2289182851","2832740984","1"
"2832740984","2289182851","1"
"2289182851","2951481766","1"
"2951481766","2289182851","1"
"2320842519","2342054182","1"
"2342054182","2320842519","1"
"2320842519","2435322212","1"
"2435322212","2320842519","1"
"2320842519","2437843430","1"
"2437843430","2320842519","1"
"2320842519","2461291197","1"
"2461291197","2320842519","1"
"2320842519","2636534834","1"
"2636534834","2320842519","1"
"2320842519","2697499729","1"
"2697499729","2320842519","1"
"2320842519","2718234584","1"
"2718234584","2320842519","1"
"2320842519","2721664031","1"
"2721664031","2320842519","1"
"2320842519","2726189323","1"
"2726189323","2320842519","1"
"2320842519","2736783087","1"
"2736783087","2320842519","1"
"2320842519","2763536985","1"
"2763536985","2320842519","1"
"2320842519","2832740984","1"
"2832740984","2320842519","1"
"2320842519","2951481766","1"
"2951481766","2320842519","1"
"2342054182","2435322212","1"
"2435322212","2342054182","1"
"2342054182","2437843430","1"
"2437843430","2342054182","1"
"2342054182","2461291197","1"
"2461291197","2342054182","1"
"2342054182","2636534834","1"
"2636534834","2342054182","1"
"2342054182","2697499729","1"
"2697499729","2342054182","1"
"2342054182","2718234584","1"
"2718234584","2342054182","1"
"2342054182","2721664031","1"
"2721664031","2342054182","1"
"2342054182","2726189323","1"
"2726189323","2342054182","1"
"2342054182","2736783087","1"
"2736783087","2342054182","1"
"2342054182","2763536985","1"
"2763536985","2342054182","1"
"2342054182","2832740984","1"
"2832740984","2342054182","1"
"2342054182","2951481766","1"
"2951481766","2342054182","1"
"2435322212","2437843430","1"
"2437843430","2435322212","1"
"2435322212","2461291197","1"
"2461291197","2435322212","1"
"2435322212","2636534834","1"
"2636534834","2435322212","1"
"2435322212","2697499729","1"
"2697499729","2435322212","1"
"2435322212","2718234584","1"
"2718234584","2435322212","1"
"2435322212","2721664031","1"
"2721664031","2435322212","1"
"2435322212","2726189323","1"
"2726189323","2435322212","1"
"2435322212","2736783087","1"
"2736783087","2435322212","1"
"2435322212","2763536985","1"
"2763536985","2435322212","1"
"2435322212","2832740984","1"
"2832740984","2435322212","1"
"2435322212","2951481766","1"
"2951481766","2435322212","1"
"2437843430","2461291197","1"
"2461291197","2437843430","1"
"2437843430","2636534834","1"
"2636534834","2437843430","1"
"2437843430","2697499729","1"
"2697499729","2437843430","1"
"2437843430","2718234584","1"
"2718234584","2437843430","1"
"2437843430","2721664031","1"
"2721664031","2437843430","1"
"2437843430","2726189323","1"
"2726189323","2437843430","1"
"2437843430","2736783087","1"
"2736783087","2437843430","1"
"2437843430","2763536985","1"
"2763536985","2437843430","1"
"2437843430","2832740984","1"
"2832740984","2437843430","1"
"2437843430","2951481766","1"
"2951481766","2437843430","1"
"2461291197","2636534834","1"
"2636534834","2461291197","1"
"2461291197","2697499729","1"
"2697499729","2461291197","1"
"2461291197","2718234584","1"
"2718234584","2461291197","1"
"2461291197","2721664031","1"
"2721664031","2461291197","1"
"2461291197","2726189323","1"
"2726189323","2461291197","1"
"2461291197","2736783087","1"
"2736783087","2461291197","1"
"2461291197","2763536985","1"
"2763536985","2461291197","1"
"2461291197","2832740984","1"
"2832740984","2461291197","1"
"2461291197","2951481766","1"
"2951481766","2461291197","1"
"2636534834","2697499729","1"
"2697499729","2636534834","1"
"2636534834","2718234584","1"
"2718234584","2636534834","1"
"2636534834","2721664031","1"
"2721664031","2636534834","1"
"2636534834","2726189323","1"
"2726189323","2636534834","1"
"2636534834","2736783087","1"
"2736783087","2636534834","1"
"2636534834","2763536985","1"
"2763536985","2636534834","1"
"2636534834","2832740984","1"
"2832740984","2636534834","1"
"2636534834","2951481766","1"
"2951481766","2636534834","1"
"2697499729","2718234584","1"
"2718234584","2697499729","1"
"2697499729","2721664031","1"
"2721664031","2697499729","1"
"2697499729","2726189323","1"
"2726189323","2697499729","1"
"2697499729","2736783087","1"
"2736783087","2697499729","1"
"2697499729","2763536985","1"
"2763536985","2697499729","1"
"2697499729","2832740984","1"
"2832740984","2697499729","1"
"2697499729","2951481766","1"
"2951481766","2697499729","1"
"2718234584","2721664031","1"
"2721664031","2718234584","1"
"2718234584","2726189323","1"
"2726189323","2718234584","1"
"2718234584","2736783087","1"
"2736783087","2718234584","1"
"2718234584","2763536985","1"
"2763536985","2718234584","1"
"2718234584","2832740984","1"
"2832740984","2718234584","1"
"2718234584","2951481766","1"
"2951481766","2718234584","1"
"2721664031","2726189323","1"
"2726189323","2721664031","1"
"2721664031","2736783087","1"
"2736783087","2721664031","1"
"2721664031","2763536985","1"
"2763536985","2721664031","1"
"2721664031","2832740984","1"
"2832740984","2721664031","1"
"2721664031","2951481766","1"
"2951481766","2721664031","1"
"2726189323","2736783087","1"
"2736783087","2726189323","1"
"2726189323","2763536985","1"
"2763536985","2726189323","1"
"2726189323","2832740984","1"
"2832740984","2726189323","1"
"2726189323","2951481766","1"
"2951481766","2726189323","1"
"2736783087","2763536985","1"
"2763536985","2736783087","1"
"2736783087","2832740984","1"
"2832740984","2736783087","1"
"2736783087","2951481766","1"
"2951481766","2736783087","1"
"2763536985","2832740984","1"
"2832740984","2763536985","1"
"2763536985","2951481766","1"
"2951481766","2763536985","1"
"2832740984","2951481766","1"
"2951481766","2832740984","1"
"2231373282","2018577811","4"
"2018577811","2231373282","4"
"2231373282","2044761227","5"
"2044761227","2231373282","5"
"2231373282","2114005688","1"
"2114005688","2231373282","1"
"2231373282","2139049311","6"
"2139049311","2231373282","6"
"2231373282","2306298031","4"
"2306298031","2231373282","4"
"2231373282","2694920281","1"
"2694920281","2231373282","1"
"2018577811","2044761227","3"
"2044761227","2018577811","3"
"2018577811","2114005688","1"
"2114005688","2018577811","1"
"2018577811","2139049311","2"
"2139049311","2018577811","2"
"2018577811","2199853453","1"
"2199853453","2018577811","1"
"2018577811","2279313141","3"
"2279313141","2018577811","3"
"2018577811","2306298031","2"
"2306298031","2018577811","2"
"2018577811","2694920281","1"
"2694920281","2018577811","1"
"2044761227","2114005688","1"
"2114005688","2044761227","1"
"2044761227","2139049311","4"
"2139049311","2044761227","4"
"2044761227","2199853453","1"
"2199853453","2044761227","1"
"2044761227","2279313141","2"
"2279313141","2044761227","2"
"2044761227","2306298031","2"
"2306298031","2044761227","2"
"2044761227","2694920281","1"
"2694920281","2044761227","1"
"2114005688","2139049311","1"
"2139049311","2114005688","1"
"2114005688","2199853453","1"
"2199853453","2114005688","1"
"2114005688","2279313141","1"
"2279313141","2114005688","1"
"2114005688","2306298031","1"
"2306298031","2114005688","1"
"2114005688","2694920281","1"
"2694920281","2114005688","1"
"2139049311","2199853453","1"
"2199853453","2139049311","1"
"2139049311","2279313141","2"
"2279313141","2139049311","2"
"2139049311","2306298031","3"
"2306298031","2139049311","3"
"2139049311","2694920281","1"
"2694920281","2139049311","1"
"2199853453","2306298031","1"
"2306298031","2199853453","1"
"2199853453","2694920281","1"
"2694920281","2199853453","1"
"2279313141","2306298031","2"
"2306298031","2279313141","2"
"2279313141","2694920281","1"
"2694920281","2279313141","1"
"2306298031","2694920281","1"
"2694920281","2306298031","1"
"2231373282","1719237394","1"
"1719237394","2231373282","1"
"2231373282","1966167955","1"
"1966167955","2231373282","1"
"2231373282","1967491250","1"
"1967491250","2231373282","1"
"2231373282","2010163568","1"
"2010163568","2231373282","1"
"2231373282","2126212170","1"
"2126212170","2231373282","1"
"2231373282","2127306253","2"
"2127306253","2231373282","2"
"2231373282","2143322304","2"
"2143322304","2231373282","2"
"2231373282","2149995712","1"
"2149995712","2231373282","1"
"2231373282","2152002556","1"
"2152002556","2231373282","1"
"2231373282","2154019330","1"
"2154019330","2231373282","1"
"2231373282","2155795628","2"
"2155795628","2231373282","2"
"2231373282","2162640907","3"
"2162640907","2231373282","3"
"2231373282","2234590800","1"
"2234590800","2231373282","1"
"2231373282","2273277139","2"
"2273277139","2231373282","2"
"2231373282","2309000065","1"
"2309000065","2231373282","1"
"2231373282","2317155180","1"
"2317155180","2231373282","1"
"2231373282","2614680594","1"
"2614680594","2231373282","1"
"2231373282","2650877796","1"
"2650877796","2231373282","1"
"2231373282","2665012264","1"
"2665012264","2231373282","1"
"2231373282","2713527658","2"
"2713527658","2231373282","2"
"2231373282","2780145035","1"
"2780145035","2231373282","1"
"2231373282","2798950171","1"
"2798950171","2231373282","1"
"2231373282","2869366448","1"
"2869366448","2231373282","1"
"2231373282","3019126871","2"
"3019126871","2231373282","2"
"2231373282","3019721143","2"
"3019721143","2231373282","2"
"953463446","1719237394","1"
"1719237394","953463446","1"
"953463446","1966167955","1"
"1966167955","953463446","1"
"953463446","1967491250","1"
"1967491250","953463446","1"
"953463446","2010163568","1"
"2010163568","953463446","1"
"953463446","2018577811","2"
"2018577811","953463446","2"
"953463446","2044761227","1"
"2044761227","953463446","1"
"953463446","2106104238","2"
"2106104238","953463446","2"
"953463446","2126212170","1"
"2126212170","953463446","1"
"953463446","2127306253","2"
"2127306253","953463446","2"
"953463446","2139049311","1"
"2139049311","953463446","1"
"953463446","2143322304","2"
"2143322304","953463446","2"
"953463446","2149995712","1"
"2149995712","953463446","1"
"953463446","2152002556","1"
"2152002556","953463446","1"
"953463446","2154019330","1"
"2154019330","953463446","1"
"953463446","2155795628","2"
"2155795628","953463446","2"
"953463446","2162640907","2"
"2162640907","953463446","2"
"953463446","2234590800","1"
"2234590800","953463446","1"
"953463446","2273277139","1"
"2273277139","953463446","1"
"953463446","2309000065","1"
"2309000065","953463446","1"
"953463446","2317155180","1"
"2317155180","953463446","1"
"953463446","2614680594","1"
"2614680594","953463446","1"
"953463446","2650877796","1"
"2650877796","953463446","1"
"953463446","2665012264","1"
"2665012264","953463446","1"
"953463446","2713527658","2"
"2713527658","953463446","2"
"953463446","2780145035","1"
"2780145035","953463446","1"
"953463446","2798950171","1"
"2798950171","953463446","1"
"953463446","2869366448","1"
"2869366448","953463446","1"
"953463446","3019126871","2"
"3019126871","953463446","2"
"953463446","3019721143","2"
"3019721143","953463446","2"
"1719237394","1966167955","1"
"1966167955","1719237394","1"
"1719237394","1967491250","1"
"1967491250","1719237394","1"
"1719237394","1974447170","1"
"1974447170","1719237394","1"
"1719237394","2010163568","1"
"2010163568","1719237394","1"
"1719237394","2014955577","1"
"2014955577","1719237394","1"
"1719237394","2018577811","1"
"2018577811","1719237394","1"
"1719237394","2023722769","1"
"2023722769","1719237394","1"
"1719237394","2026322246","1"
"2026322246","1719237394","1"
"1719237394","2044761227","1"
"2044761227","1719237394","1"
"1719237394","2048359599","1"
"2048359599","1719237394","1"
"1719237394","2082466308","1"
"2082466308","1719237394","1"
"1719237394","2106104238","1"
"2106104238","1719237394","1"
"1719237394","2113610622","1"
"2113610622","1719237394","1"
"1719237394","2114373310","1"
"2114373310","1719237394","1"
"1719237394","2115164898","1"
"2115164898","1719237394","1"
"1719237394","2126212170","1"
"2126212170","1719237394","1"
"1719237394","2127306253","1"
"2127306253","1719237394","1"
"1719237394","2139049311","1"
"2139049311","1719237394","1"
"1719237394","2139178187","1"
"2139178187","1719237394","1"
"1719237394","2143322304","1"
"2143322304","1719237394","1"
"1719237394","2149995712","1"
"2149995712","1719237394","1"
"1719237394","2152002556","1"
"2152002556","1719237394","1"
"1719237394","2152400496","1"
"2152400496","1719237394","1"
"1719237394","2154019330","1"
"2154019330","1719237394","1"
"1719237394","2155795628","1"
"2155795628","1719237394","1"
"1719237394","2162640907","1"
"2162640907","1719237394","1"
"1719237394","2171358266","1"
"2171358266","1719237394","1"
"1719237394","2234590800","1"
"2234590800","1719237394","1"
"1719237394","2273277139","1"
"2273277139","1719237394","1"
"1719237394","2279313141","1"
"2279313141","1719237394","1"
"1719237394","2307175527","1"
"2307175527","1719237394","1"
"1719237394","2309000065","1"
"2309000065","1719237394","1"
"1719237394","2317155180","1"
"2317155180","1719237394","1"
"1719237394","2462331337","1"
"2462331337","1719237394","1"
"1719237394","2465756847","1"
"2465756847","1719237394","1"
"1719237394","2599694473","1"
"2599694473","1719237394","1"
"1719237394","2614680594","1"
"2614680594","1719237394","1"
"1719237394","2650877796","1"
"2650877796","1719237394","1"
"1719237394","2665012264","1"
"2665012264","1719237394","1"
"1719237394","2713527658","1"
"2713527658","1719237394","1"
"1719237394","2745439318","1"
"2745439318","1719237394","1"
"1719237394","2780145035","1"
"2780145035","1719237394","1"
"1719237394","2798950171","1"
"2798950171","1719237394","1"
"1719237394","2869366448","1"
"2869366448","1719237394","1"
"1719237394","3019126871","1"
"3019126871","1719237394","1"
"1719237394","3019721143","1"
"3019721143","1719237394","1"
"1966167955","1967491250","1"
"1967491250","1966167955","1"
"1966167955","1974447170","1"
"1974447170","1966167955","1"
"1966167955","2010163568","1"
"2010163568","1966167955","1"
"1966167955","2014955577","1"
"2014955577","1966167955","1"
"1966167955","2018577811","1"
"2018577811","1966167955","1"
"1966167955","2023722769","1"
"2023722769","1966167955","1"
"1966167955","2026322246","1"
"2026322246","1966167955","1"
"1966167955","2044761227","1"
"2044761227","1966167955","1"
"1966167955","2048359599","1"
"2048359599","1966167955","1"
"1966167955","2082466308","1"
"2082466308","1966167955","1"
"1966167955","2106104238","1"
"2106104238","1966167955","1"
"1966167955","2113610622","1"
"2113610622","1966167955","1"
"1966167955","2114373310","1"
"2114373310","1966167955","1"
"1966167955","2115164898","1"
"2115164898","1966167955","1"
"1966167955","2126212170","1"
"2126212170","1966167955","1"
"1966167955","2127306253","1"
"2127306253","1966167955","1"
"1966167955","2139049311","1"
"2139049311","1966167955","1"
"1966167955","2139178187","1"
"2139178187","1966167955","1"
"1966167955","2143322304","1"
"2143322304","1966167955","1"
"1966167955","2149995712","1"
"2149995712","1966167955","1"
"1966167955","2152002556","1"
"2152002556","1966167955","1"
"1966167955","2152400496","1"
"2152400496","1966167955","1"
"1966167955","2154019330","1"
"2154019330","1966167955","1"
"1966167955","2155795628","1"
"2155795628","1966167955","1"
"1966167955","2162640907","1"
"2162640907","1966167955","1"
"1966167955","2171358266","1"
"2171358266","1966167955","1"
"1966167955","2234590800","1"
"2234590800","1966167955","1"
"1966167955","2273277139","1"
"2273277139","1966167955","1"
"1966167955","2279313141","1"
"2279313141","1966167955","1"
"1966167955","2307175527","1"
"2307175527","1966167955","1"
"1966167955","2309000065","1"
"2309000065","1966167955","1"
"1966167955","2317155180","1"
"2317155180","1966167955","1"
"1966167955","2462331337","1"
"2462331337","1966167955","1"
"1966167955","2465756847","1"
"2465756847","1966167955","1"
"1966167955","2599694473","1"
"2599694473","1966167955","1"
"1966167955","2614680594","1"
"2614680594","1966167955","1"
"1966167955","2650877796","1"
"2650877796","1966167955","1"
"1966167955","2665012264","1"
"2665012264","1966167955","1"
"1966167955","2713527658","1"
"2713527658","1966167955","1"
"1966167955","2745439318","1"
"2745439318","1966167955","1"
"1966167955","2780145035","1"
"2780145035","1966167955","1"
"1966167955","2798950171","1"
"2798950171","1966167955","1"
"1966167955","2869366448","1"
"2869366448","1966167955","1"
"1966167955","3019126871","1"
"3019126871","1966167955","1"
"1966167955","3019721143","1"
"3019721143","1966167955","1"
"1967491250","1974447170","1"
"1974447170","1967491250","1"
"1967491250","2010163568","1"
"2010163568","1967491250","1"
"1967491250","2014955577","1"
"2014955577","1967491250","1"
"1967491250","2018577811","1"
"2018577811","1967491250","1"
"1967491250","2023722769","1"
"2023722769","1967491250","1"
"1967491250","2026322246","1"
"2026322246","1967491250","1"
"1967491250","2044761227","1"
"2044761227","1967491250","1"
"1967491250","2048359599","1"
"2048359599","1967491250","1"
"1967491250","2082466308","1"
"2082466308","1967491250","1"
"1967491250","2106104238","1"
"2106104238","1967491250","1"
"1967491250","2113610622","1"
"2113610622","1967491250","1"
"1967491250","2114373310","1"
"2114373310","1967491250","1"
"1967491250","2115164898","1"
"2115164898","1967491250","1"
"1967491250","2126212170","1"
"2126212170","1967491250","1"
"1967491250","2127306253","1"
"2127306253","1967491250","1"
"1967491250","2139049311","1"
"2139049311","1967491250","1"
"1967491250","2139178187","1"
"2139178187","1967491250","1"
"1967491250","2143322304","1"
"2143322304","1967491250","1"
"1967491250","2149995712","1"
"2149995712","1967491250","1"
"1967491250","2152002556","1"
"2152002556","1967491250","1"
"1967491250","2152400496","1"
"2152400496","1967491250","1"
"1967491250","2154019330","1"
"2154019330","1967491250","1"
"1967491250","2155795628","1"
"2155795628","1967491250","1"
"1967491250","2162640907","1"
"2162640907","1967491250","1"
"1967491250","2171358266","1"
"2171358266","1967491250","1"
"1967491250","2234590800","1"
"2234590800","1967491250","1"
"1967491250","2273277139","1"
"2273277139","1967491250","1"
"1967491250","2279313141","1"
"2279313141","1967491250","1"
"1967491250","2307175527","1"
"2307175527","1967491250","1"
"1967491250","2309000065","1"
"2309000065","1967491250","1"
"1967491250","2317155180","1"
"2317155180","1967491250","1"
"1967491250","2462331337","1"
"2462331337","1967491250","1"
"1967491250","2465756847","1"
"2465756847","1967491250","1"
"1967491250","2599694473","1"
"2599694473","1967491250","1"
"1967491250","2614680594","1"
"2614680594","1967491250","1"
"1967491250","2650877796","1"
"2650877796","1967491250","1"
"1967491250","2665012264","1"
"2665012264","1967491250","1"
"1967491250","2713527658","1"
"2713527658","1967491250","1"
"1967491250","2745439318","1"
"2745439318","1967491250","1"
"1967491250","2780145035","1"
"2780145035","1967491250","1"
"1967491250","2798950171","1"
"2798950171","1967491250","1"
"1967491250","2869366448","1"
"2869366448","1967491250","1"
"1967491250","3019126871","1"
"3019126871","1967491250","1"
"1967491250","3019721143","1"
"3019721143","1967491250","1"
"1974447170","2010163568","1"
"2010163568","1974447170","1"
"1974447170","2018577811","2"
"2018577811","1974447170","2"
"1974447170","2044761227","1"
"2044761227","1974447170","1"
"1974447170","2106104238","2"
"2106104238","1974447170","2"
"1974447170","2126212170","1"
"2126212170","1974447170","1"
"1974447170","2127306253","2"
"2127306253","1974447170","2"
"1974447170","2139049311","1"
"2139049311","1974447170","1"
"1974447170","2143322304","2"
"2143322304","1974447170","2"
"1974447170","2149995712","1"
"2149995712","1974447170","1"
"1974447170","2152002556","1"
"2152002556","1974447170","1"
"1974447170","2154019330","1"
"2154019330","1974447170","1"
"1974447170","2155795628","2"
"2155795628","1974447170","2"
"1974447170","2162640907","2"
"2162640907","1974447170","2"
"1974447170","2234590800","1"
"2234590800","1974447170","1"
"1974447170","2273277139","1"
"2273277139","1974447170","1"
"1974447170","2309000065","1"
"2309000065","1974447170","1"
"1974447170","2317155180","1"
"2317155180","1974447170","1"
"1974447170","2614680594","1"
"2614680594","1974447170","1"
"1974447170","2650877796","1"
"2650877796","1974447170","1"
"1974447170","2665012264","1"
"2665012264","1974447170","1"
"1974447170","2713527658","2"
"2713527658","1974447170","2"
"1974447170","2780145035","1"
"2780145035","1974447170","1"
"1974447170","2798950171","1"
"2798950171","1974447170","1"
"1974447170","2869366448","1"
"2869366448","1974447170","1"
"1974447170","3019126871","2"
"3019126871","1974447170","2"
"1974447170","3019721143","2"
"3019721143","1974447170","2"
"2010163568","2014955577","1"
"2014955577","2010163568","1"
"2010163568","2018577811","1"
"2018577811","2010163568","1"
"2010163568","2023722769","1"
"2023722769","2010163568","1"
"2010163568","2026322246","1"
"2026322246","2010163568","1"
"2010163568","2044761227","1"
"2044761227","2010163568","1"
"2010163568","2048359599","1"
"2048359599","2010163568","1"
"2010163568","2082466308","1"
"2082466308","2010163568","1"
"2010163568","2106104238","1"
"2106104238","2010163568","1"
"2010163568","2113610622","1"
"2113610622","2010163568","1"
"2010163568","2114373310","1"
"2114373310","2010163568","1"
"2010163568","2115164898","1"
"2115164898","2010163568","1"
"2010163568","2126212170","1"
"2126212170","2010163568","1"
"2010163568","2127306253","1"
"2127306253","2010163568","1"
"2010163568","2139049311","1"
"2139049311","2010163568","1"
"2010163568","2139178187","1"
"2139178187","2010163568","1"
"2010163568","2143322304","1"
"2143322304","2010163568","1"
"2010163568","2149995712","1"
"2149995712","2010163568","1"
"2010163568","2152002556","1"
"2152002556","2010163568","1"
"2010163568","2152400496","1"
"2152400496","2010163568","1"
"2010163568","2154019330","1"
"2154019330","2010163568","1"
"2010163568","2155795628","1"
"2155795628","2010163568","1"
"2010163568","2162640907","1"
"2162640907","2010163568","1"
"2010163568","2171358266","1"
"2171358266","2010163568","1"
"2010163568","2234590800","1"
"2234590800","2010163568","1"
"2010163568","2273277139","1"
"2273277139","2010163568","1"
"2010163568","2279313141","1"
"2279313141","2010163568","1"
"2010163568","2307175527","1"
"2307175527","2010163568","1"
"2010163568","2309000065","1"
"2309000065","2010163568","1"
"2010163568","2317155180","1"
"2317155180","2010163568","1"
"2010163568","2462331337","1"
"2462331337","2010163568","1"
"2010163568","2465756847","1"
"2465756847","2010163568","1"
"2010163568","2599694473","1"
"2599694473","2010163568","1"
"2010163568","2614680594","1"
"2614680594","2010163568","1"
"2010163568","2650877796","1"
"2650877796","2010163568","1"
"2010163568","2665012264","1"
"2665012264","2010163568","1"
"2010163568","2713527658","1"
"2713527658","2010163568","1"
"2010163568","2745439318","1"
"2745439318","2010163568","1"
"2010163568","2780145035","1"
"2780145035","2010163568","1"
"2010163568","2798950171","1"
"2798950171","2010163568","1"
"2010163568","2869366448","1"
"2869366448","2010163568","1"
"2010163568","3019126871","1"
"3019126871","2010163568","1"
"2010163568","3019721143","1"
"3019721143","2010163568","1"
"2014955577","2018577811","2"
"2018577811","2014955577","2"
"2014955577","2044761227","1"
"2044761227","2014955577","1"
"2014955577","2106104238","2"
"2106104238","2014955577","2"
"2014955577","2126212170","1"
"2126212170","2014955577","1"
"2014955577","2127306253","2"
"2127306253","2014955577","2"
"2014955577","2139049311","1"
"2139049311","2014955577","1"
"2014955577","2143322304","2"
"2143322304","2014955577","2"
"2014955577","2149995712","1"
"2149995712","2014955577","1"
"2014955577","2152002556","1"
"2152002556","2014955577","1"
"2014955577","2154019330","1"
"2154019330","2014955577","1"
"2014955577","2155795628","2"
"2155795628","2014955577","2"
"2014955577","2162640907","2"
"2162640907","2014955577","2"
"2014955577","2234590800","1"
"2234590800","2014955577","1"
"2014955577","2273277139","1"
"2273277139","2014955577","1"
"2014955577","2309000065","1"
"2309000065","2014955577","1"
"2014955577","2317155180","1"
"2317155180","2014955577","1"
"2014955577","2614680594","1"
"2614680594","2014955577","1"
"2014955577","2650877796","1"
"2650877796","2014955577","1"
"2014955577","2665012264","1"
"2665012264","2014955577","1"
"2014955577","2713527658","2"
"2713527658","2014955577","2"
"2014955577","2780145035","1"
"2780145035","2014955577","1"
"2014955577","2798950171","1"
"2798950171","2014955577","1"
"2014955577","2869366448","1"
"2869366448","2014955577","1"
"2014955577","3019126871","2"
"3019126871","2014955577","2"
"2014955577","3019721143","2"
"3019721143","2014955577","2"
"2018577811","2023722769","2"
"2023722769","2018577811","2"
"2018577811","2026322246","3"
"2026322246","2018577811","3"
"2018577811","2048359599","2"
"2048359599","2018577811","2"
"2018577811","2082466308","1"
"2082466308","2018577811","1"
"2018577811","2106104238","2"
"2106104238","2018577811","2"
"2018577811","2113610622","3"
"2113610622","2018577811","3"
"2018577811","2114373310","1"
"2114373310","2018577811","1"
"2018577811","2115164898","2"
"2115164898","2018577811","2"
"2018577811","2126212170","1"
"2126212170","2018577811","1"
"2018577811","2127306253","2"
"2127306253","2018577811","2"
"2018577811","2139178187","2"
"2139178187","2018577811","2"
"2018577811","2143322304","2"
"2143322304","2018577811","2"
"2018577811","2149995712","1"
"2149995712","2018577811","1"
"2018577811","2152002556","1"
"2152002556","2018577811","1"
"2018577811","2152400496","2"
"2152400496","2018577811","2"
"2018577811","2154019330","1"
"2154019330","2018577811","1"
"2018577811","2155795628","2"
"2155795628","2018577811","2"
"2018577811","2162640907","3"
"2162640907","2018577811","3"
"2018577811","2171358266","2"
"2171358266","2018577811","2"
"2018577811","2234590800","1"
"2234590800","2018577811","1"
"2018577811","2273277139","2"
"2273277139","2018577811","2"
"2018577811","2307175527","2"
"2307175527","2018577811","2"
"2018577811","2309000065","1"
"2309000065","2018577811","1"
"2018577811","2317155180","1"
"2317155180","2018577811","1"
"2018577811","2462331337","2"
"2462331337","2018577811","2"
"2018577811","2465756847","2"
"2465756847","2018577811","2"
"2018577811","2599694473","2"
"2599694473","2018577811","2"
"2018577811","2614680594","1"
"2614680594","2018577811","1"
"2018577811","2650877796","1"
"2650877796","2018577811","1"
"2018577811","2665012264","1"
"2665012264","2018577811","1"
"2018577811","2713527658","2"
"2713527658","2018577811","2"
"2018577811","2745439318","1"
"2745439318","2018577811","1"
"2018577811","2780145035","1"
"2780145035","2018577811","1"
"2018577811","2798950171","1"
"2798950171","2018577811","1"
"2018577811","2869366448","1"
"2869366448","2018577811","1"
"2018577811","3019126871","2"
"3019126871","2018577811","2"
"2018577811","3019721143","2"
"3019721143","2018577811","2"
"2023722769","2044761227","1"
"2044761227","2023722769","1"
"2023722769","2106104238","2"
"2106104238","2023722769","2"
"2023722769","2126212170","1"
"2126212170","2023722769","1"
"2023722769","2127306253","2"
"2127306253","2023722769","2"
"2023722769","2139049311","1"
"2139049311","2023722769","1"
"2023722769","2143322304","2"
"2143322304","2023722769","2"
"2023722769","2149995712","1"
"2149995712","2023722769","1"
"2023722769","2152002556","1"
"2152002556","2023722769","1"
"2023722769","2154019330","1"
"2154019330","2023722769","1"
"2023722769","2155795628","2"
"2155795628","2023722769","2"
"2023722769","2162640907","2"
"2162640907","2023722769","2"
"2023722769","2234590800","1"
"2234590800","2023722769","1"
"2023722769","2273277139","1"
"2273277139","2023722769","1"
"2023722769","2309000065","1"
"2309000065","2023722769","1"
"2023722769","2317155180","1"
"2317155180","2023722769","1"
"2023722769","2614680594","1"
"2614680594","2023722769","1"
"2023722769","2650877796","1"
"2650877796","2023722769","1"
"2023722769","2665012264","1"
"2665012264","2023722769","1"
"2023722769","2713527658","2"
"2713527658","2023722769","2"
"2023722769","2780145035","1"
"2780145035","2023722769","1"
"2023722769","2798950171","1"
"2798950171","2023722769","1"
"2023722769","2869366448","1"
"2869366448","2023722769","1"
"2023722769","3019126871","2"
"3019126871","2023722769","2"
"2023722769","3019721143","2"
"3019721143","2023722769","2"
"2026322246","2044761227","2"
"2044761227","2026322246","2"
"2026322246","2106104238","2"
"2106104238","2026322246","2"
"2026322246","2126212170","1"
"2126212170","2026322246","1"
"2026322246","2127306253","2"
"2127306253","2026322246","2"
"2026322246","2139049311","1"
"2139049311","2026322246","1"
"2026322246","2143322304","2"
"2143322304","2026322246","2"
"2026322246","2149995712","1"
"2149995712","2026322246","1"
"2026322246","2152002556","1"
"2152002556","2026322246","1"
"2026322246","2154019330","1"
"2154019330","2026322246","1"
"2026322246","2155795628","2"
"2155795628","2026322246","2"
"2026322246","2162640907","3"
"2162640907","2026322246","3"
"2026322246","2234590800","1"
"2234590800","2026322246","1"
"2026322246","2273277139","2"
"2273277139","2026322246","2"
"2026322246","2309000065","1"
"2309000065","2026322246","1"
"2026322246","2317155180","1"
"2317155180","2026322246","1"
"2026322246","2614680594","1"
"2614680594","2026322246","1"
"2026322246","2650877796","1"
"2650877796","2026322246","1"
"2026322246","2665012264","1"
"2665012264","2026322246","1"
"2026322246","2713527658","2"
"2713527658","2026322246","2"
"2026322246","2780145035","1"
"2780145035","2026322246","1"
"2026322246","2798950171","1"
"2798950171","2026322246","1"
"2026322246","2869366448","1"
"2869366448","2026322246","1"
"2026322246","3019126871","2"
"3019126871","2026322246","2"
"2026322246","3019721143","2"
"3019721143","2026322246","2"
"2044761227","2048359599","1"
"2048359599","2044761227","1"
"2044761227","2082466308","1"
"2082466308","2044761227","1"
"2044761227","2106104238","2"
"2106104238","2044761227","2"
"2044761227","2113610622","2"
"2113610622","2044761227","2"
"2044761227","2114373310","1"
"2114373310","2044761227","1"
"2044761227","2115164898","1"
"2115164898","2044761227","1"
"2044761227","2126212170","1"
"2126212170","2044761227","1"
"2044761227","2127306253","1"
"2127306253","2044761227","1"
"2044761227","2139178187","1"
"2139178187","2044761227","1"
"2044761227","2143322304","1"
"2143322304","2044761227","1"
"2044761227","2149995712","1"
"2149995712","2044761227","1"
"2044761227","2152002556","1"
"2152002556","2044761227","1"
"2044761227","2152400496","2"
"2152400496","2044761227","2"
"2044761227","2154019330","1"
"2154019330","2044761227","1"
"2044761227","2155795628","1"
"2155795628","2044761227","1"
"2044761227","2162640907","2"
"2162640907","2044761227","2"
"2044761227","2171358266","1"
"2171358266","2044761227","1"
"2044761227","2234590800","1"
"2234590800","2044761227","1"
"2044761227","2273277139","2"
"2273277139","2044761227","2"
"2044761227","2307175527","1"
"2307175527","2044761227","1"
"2044761227","2309000065","1"
"2309000065","2044761227","1"
"2044761227","2317155180","1"
"2317155180","2044761227","1"
"2044761227","2462331337","1"
"2462331337","2044761227","1"
"2044761227","2465756847","1"
"2465756847","2044761227","1"
"2044761227","2599694473","1"
"2599694473","2044761227","1"
"2044761227","2614680594","1"
"2614680594","2044761227","1"
"2044761227","2650877796","1"
"2650877796","2044761227","1"
"2044761227","2665012264","1"
"2665012264","2044761227","1"
"2044761227","2713527658","1"
"2713527658","2044761227","1"
"2044761227","2745439318","1"
"2745439318","2044761227","1"
"2044761227","2780145035","1"
"2780145035","2044761227","1"
"2044761227","2798950171","1"
"2798950171","2044761227","1"
"2044761227","2869366448","1"
"2869366448","2044761227","1"
"2044761227","3019126871","1"
"3019126871","2044761227","1"
"2044761227","3019721143","1"
"3019721143","2044761227","1"
"2048359599","2106104238","2"
"2106104238","2048359599","2"
"2048359599","2126212170","1"
"2126212170","2048359599","1"
"2048359599","2127306253","2"
"2127306253","2048359599","2"
"2048359599","2139049311","1"
"2139049311","2048359599","1"
"2048359599","2143322304","2"
"2143322304","2048359599","2"
"2048359599","2149995712","1"
"2149995712","2048359599","1"
"2048359599","2152002556","1"
"2152002556","2048359599","1"
"2048359599","2154019330","1"
"2154019330","2048359599","1"
"2048359599","2155795628","2"
"2155795628","2048359599","2"
"2048359599","2162640907","2"
"2162640907","2048359599","2"
"2048359599","2234590800","1"
"2234590800","2048359599","1"
"2048359599","2273277139","1"
"2273277139","2048359599","1"
"2048359599","2309000065","1"
"2309000065","2048359599","1"
"2048359599","2317155180","1"
"2317155180","2048359599","1"
"2048359599","2614680594","1"
"2614680594","2048359599","1"
"2048359599","2650877796","1"
"2650877796","2048359599","1"
"2048359599","2665012264","1"
"2665012264","2048359599","1"
"2048359599","2713527658","2"
"2713527658","2048359599","2"
"2048359599","2780145035","1"
"2780145035","2048359599","1"
"2048359599","2798950171","1"
"2798950171","2048359599","1"
"2048359599","2869366448","1"
"2869366448","2048359599","1"
"2048359599","3019126871","2"
"3019126871","2048359599","2"
"2048359599","3019721143","2"
"3019721143","2048359599","2"
"2082466308","2106104238","1"
"2106104238","2082466308","1"
"2082466308","2126212170","1"
"2126212170","2082466308","1"
"2082466308","2127306253","1"
"2127306253","2082466308","1"
"2082466308","2139049311","1"
"2139049311","2082466308","1"
"2082466308","2143322304","1"
"2143322304","2082466308","1"
"2082466308","2149995712","1"
"2149995712","2082466308","1"
"2082466308","2152002556","1"
"2152002556","2082466308","1"
"2082466308","2154019330","1"
"2154019330","2082466308","1"
"2082466308","2155795628","1"
"2155795628","2082466308","1"
"2082466308","2162640907","1"
"2162640907","2082466308","1"
"2082466308","2234590800","1"
"2234590800","2082466308","1"
"2082466308","2273277139","1"
"2273277139","2082466308","1"
"2082466308","2309000065","1"
"2309000065","2082466308","1"
"2082466308","2317155180","1"
"2317155180","2082466308","1"
"2082466308","2614680594","1"
"2614680594","2082466308","1"
"2082466308","2650877796","1"
"2650877796","2082466308","1"
"2082466308","2665012264","1"
"2665012264","2082466308","1"
"2082466308","2713527658","1"
"2713527658","2082466308","1"
"2082466308","2780145035","1"
"2780145035","2082466308","1"
"2082466308","2798950171","1"
"2798950171","2082466308","1"
"2082466308","2869366448","1"
"2869366448","2082466308","1"
"2082466308","3019126871","1"
"3019126871","2082466308","1"
"2082466308","3019721143","1"
"3019721143","2082466308","1"
"2106104238","2114373310","1"
"2114373310","2106104238","1"
"2106104238","2115164898","2"
"2115164898","2106104238","2"
"2106104238","2126212170","1"
"2126212170","2106104238","1"
"2106104238","2127306253","2"
"2127306253","2106104238","2"
"2106104238","2139049311","2"
"2139049311","2106104238","2"
"2106104238","2139178187","2"
"2139178187","2106104238","2"
"2106104238","2143322304","2"
"2143322304","2106104238","2"
"2106104238","2149995712","1"
"2149995712","2106104238","1"
"2106104238","2152002556","1"
"2152002556","2106104238","1"
"2106104238","2152400496","2"
"2152400496","2106104238","2"
"2106104238","2154019330","1"
"2154019330","2106104238","1"
"2106104238","2155795628","2"
"2155795628","2106104238","2"
"2106104238","2162640907","2"
"2162640907","2106104238","2"
"2106104238","2171358266","2"
"2171358266","2106104238","2"
"2106104238","2234590800","1"
"2234590800","2106104238","1"
"2106104238","2273277139","1"
"2273277139","2106104238","1"
"2106104238","2279313141","2"
"2279313141","2106104238","2"
"2106104238","2307175527","2"
"2307175527","2106104238","2"
"2106104238","2309000065","1"
"2309000065","2106104238","1"
"2106104238","2317155180","1"
"2317155180","2106104238","1"
"2106104238","2462331337","2"
"2462331337","2106104238","2"
"2106104238","2465756847","2"
"2465756847","2106104238","2"
"2106104238","2599694473","2"
"2599694473","2106104238","2"
"2106104238","2614680594","1"
"2614680594","2106104238","1"
"2106104238","2650877796","1"
"2650877796","2106104238","1"
"2106104238","2665012264","1"
"2665012264","2106104238","1"
"2106104238","2713527658","2"
"2713527658","2106104238","2"
"2106104238","2745439318","1"
"2745439318","2106104238","1"
"2106104238","2780145035","1"
"2780145035","2106104238","1"
"2106104238","2798950171","1"
"2798950171","2106104238","1"
"2106104238","2869366448","1"
"2869366448","2106104238","1"
"2106104238","3019126871","2"
"3019126871","2106104238","2"
"2106104238","3019721143","2"
"3019721143","2106104238","2"
"2113610622","2126212170","1"
"2126212170","2113610622","1"
"2113610622","2127306253","2"
"2127306253","2113610622","2"
"2113610622","2139049311","1"
"2139049311","2113610622","1"
"2113610622","2143322304","2"
"2143322304","2113610622","2"
"2113610622","2149995712","1"
"2149995712","2113610622","1"
"2113610622","2152002556","1"
"2152002556","2113610622","1"
"2113610622","2154019330","1"
"2154019330","2113610622","1"
"2113610622","2155795628","2"
"2155795628","2113610622","2"
"2113610622","2162640907","3"
"2162640907","2113610622","3"
"2113610622","2234590800","1"
"2234590800","2113610622","1"
"2113610622","2273277139","2"
"2273277139","2113610622","2"
"2113610622","2309000065","1"
"2309000065","2113610622","1"
"2113610622","2317155180","1"
"2317155180","2113610622","1"
"2113610622","2614680594","1"
"2614680594","2113610622","1"
"2113610622","2650877796","1"
"2650877796","2113610622","1"
"2113610622","2665012264","1"
"2665012264","2113610622","1"
"2113610622","2713527658","2"
"2713527658","2113610622","2"
"2113610622","2780145035","1"
"2780145035","2113610622","1"
"2113610622","2798950171","1"
"2798950171","2113610622","1"
"2113610622","2869366448","1"
"2869366448","2113610622","1"
"2113610622","3019126871","2"
"3019126871","2113610622","2"
"2113610622","3019721143","2"
"3019721143","2113610622","2"
"2114373310","2126212170","1"
"2126212170","2114373310","1"
"2114373310","2127306253","1"
"2127306253","2114373310","1"
"2114373310","2139049311","1"
"2139049311","2114373310","1"
"2114373310","2143322304","1"
"2143322304","2114373310","1"
"2114373310","2149995712","1"
"2149995712","2114373310","1"
"2114373310","2152002556","1"
"2152002556","2114373310","1"
"2114373310","2154019330","1"
"2154019330","2114373310","1"
"2114373310","2155795628","1"
"2155795628","2114373310","1"
"2114373310","2162640907","1"
"2162640907","2114373310","1"
"2114373310","2234590800","1"
"2234590800","2114373310","1"
"2114373310","2273277139","1"
"2273277139","2114373310","1"
"2114373310","2309000065","1"
"2309000065","2114373310","1"
"2114373310","2317155180","1"
"2317155180","2114373310","1"
"2114373310","2614680594","1"
"2614680594","2114373310","1"
"2114373310","2650877796","1"
"2650877796","2114373310","1"
"2114373310","2665012264","1"
"2665012264","2114373310","1"
"2114373310","2713527658","1"
"2713527658","2114373310","1"
"2114373310","2780145035","1"
"2780145035","2114373310","1"
"2114373310","2798950171","1"
"2798950171","2114373310","1"
"2114373310","2869366448","1"
"2869366448","2114373310","1"
"2114373310","3019126871","1"
"3019126871","2114373310","1"
"2114373310","3019721143","1"
"3019721143","2114373310","1"
"2115164898","2126212170","1"
"2126212170","2115164898","1"
"2115164898","2127306253","2"
"2127306253","2115164898","2"
"2115164898","2139049311","1"
"2139049311","2115164898","1"
"2115164898","2143322304","2"
"2143322304","2115164898","2"
"2115164898","2149995712","1"
"2149995712","2115164898","1"
"2115164898","2152002556","1"
"2152002556","2115164898","1"
"2115164898","2154019330","1"
"2154019330","2115164898","1"
"2115164898","2155795628","2"
"2155795628","2115164898","2"
"2115164898","2162640907","2"
"2162640907","2115164898","2"
"2115164898","2234590800","1"
"2234590800","2115164898","1"
"2115164898","2273277139","1"
"2273277139","2115164898","1"
"2115164898","2309000065","1"
"2309000065","2115164898","1"
"2115164898","2317155180","1"
"2317155180","2115164898","1"
"2115164898","2614680594","1"
"2614680594","2115164898","1"
"2115164898","2650877796","1"
"2650877796","2115164898","1"
"2115164898","2665012264","1"
"2665012264","2115164898","1"
"2115164898","2713527658","2"
"2713527658","2115164898","2"
"2115164898","2780145035","1"
"2780145035","2115164898","1"
"2115164898","2798950171","1"
"2798950171","2115164898","1"
"2115164898","2869366448","1"
"2869366448","2115164898","1"
"2115164898","3019126871","2"
"3019126871","2115164898","2"
"2115164898","3019721143","2"
"3019721143","2115164898","2"
"2126212170","2127306253","1"
"2127306253","2126212170","1"
"2126212170","2139049311","1"
"2139049311","2126212170","1"
"2126212170","2139178187","1"
"2139178187","2126212170","1"
"2126212170","2143322304","1"
"2143322304","2126212170","1"
"2126212170","2149995712","1"
"2149995712","2126212170","1"
"2126212170","2152002556","1"
"2152002556","2126212170","1"
"2126212170","2152400496","1"
"2152400496","2126212170","1"
"2126212170","2154019330","1"
"2154019330","2126212170","1"
"2126212170","2155795628","1"
"2155795628","2126212170","1"
"2126212170","2162640907","1"
"2162640907","2126212170","1"
"2126212170","2171358266","1"
"2171358266","2126212170","1"
"2126212170","2234590800","1"
"2234590800","2126212170","1"
"2126212170","2273277139","1"
"2273277139","2126212170","1"
"2126212170","2279313141","1"
"2279313141","2126212170","1"
"2126212170","2307175527","1"
"2307175527","2126212170","1"
"2126212170","2309000065","1"
"2309000065","2126212170","1"
"2126212170","2317155180","1"
"2317155180","2126212170","1"
"2126212170","2462331337","1"
"2462331337","2126212170","1"
"2126212170","2465756847","1"
"2465756847","2126212170","1"
"2126212170","2599694473","1"
"2599694473","2126212170","1"
"2126212170","2614680594","1"
"2614680594","2126212170","1"
"2126212170","2650877796","1"
"2650877796","2126212170","1"
"2126212170","2665012264","1"
"2665012264","2126212170","1"
"2126212170","2713527658","1"
"2713527658","2126212170","1"
"2126212170","2745439318","1"
"2745439318","2126212170","1"
"2126212170","2780145035","1"
"2780145035","2126212170","1"
"2126212170","2798950171","1"
"2798950171","2126212170","1"
"2126212170","2869366448","1"
"2869366448","2126212170","1"
"2126212170","3019126871","1"
"3019126871","2126212170","1"
"2126212170","3019721143","1"
"3019721143","2126212170","1"
"2127306253","2139049311","1"
"2139049311","2127306253","1"
"2127306253","2139178187","2"
"2139178187","2127306253","2"
"2127306253","2143322304","2"
"2143322304","2127306253","2"
"2127306253","2149995712","1"
"2149995712","2127306253","1"
"2127306253","2152002556","1"
"2152002556","2127306253","1"
"2127306253","2152400496","2"
"2152400496","2127306253","2"
"2127306253","2154019330","1"
"2154019330","2127306253","1"
"2127306253","2155795628","2"
"2155795628","2127306253","2"
"2127306253","2162640907","2"
"2162640907","2127306253","2"
"2127306253","2171358266","2"
"2171358266","2127306253","2"
"2127306253","2234590800","1"
"2234590800","2127306253","1"
"2127306253","2273277139","1"
"2273277139","2127306253","1"
"2127306253","2279313141","2"
"2279313141","2127306253","2"
"2127306253","2307175527","2"
"2307175527","2127306253","2"
"2127306253","2309000065","1"
"2309000065","2127306253","1"
"2127306253","2317155180","1"
"2317155180","2127306253","1"
"2127306253","2462331337","2"
"2462331337","2127306253","2"
"2127306253","2465756847","2"
"2465756847","2127306253","2"
"2127306253","2599694473","2"
"2599694473","2127306253","2"
"2127306253","2614680594","1"
"2614680594","2127306253","1"
"2127306253","2650877796","1"
"2650877796","2127306253","1"
"2127306253","2665012264","1"
"2665012264","2127306253","1"
"2127306253","2713527658","2"
"2713527658","2127306253","2"
"2127306253","2745439318","1"
"2745439318","2127306253","1"
"2127306253","2780145035","1"
"2780145035","2127306253","1"
"2127306253","2798950171","1"
"2798950171","2127306253","1"
"2127306253","2869366448","1"
"2869366448","2127306253","1"
"2127306253","3019126871","2"
"3019126871","2127306253","2"
"2127306253","3019721143","2"
"3019721143","2127306253","2"
"2139049311","2139178187","1"
"2139178187","2139049311","1"
"2139049311","2143322304","1"
"2143322304","2139049311","1"
"2139049311","2149995712","1"
"2149995712","2139049311","1"
"2139049311","2152002556","1"
"2152002556","2139049311","1"
"2139049311","2152400496","3"
"2152400496","2139049311","3"
"2139049311","2154019330","1"
"2154019330","2139049311","1"
"2139049311","2155795628","1"
"2155795628","2139049311","1"
"2139049311","2162640907","1"
"2162640907","2139049311","1"
"2139049311","2171358266","1"
"2171358266","2139049311","1"
"2139049311","2234590800","1"
"2234590800","2139049311","1"
"2139049311","2273277139","1"
"2273277139","2139049311","1"
"2139049311","2307175527","1"
"2307175527","2139049311","1"
"2139049311","2309000065","1"
"2309000065","2139049311","1"
"2139049311","2317155180","1"
"2317155180","2139049311","1"
"2139049311","2462331337","1"
"2462331337","2139049311","1"
"2139049311","2465756847","1"
"2465756847","2139049311","1"
"2139049311","2599694473","1"
"2599694473","2139049311","1"
"2139049311","2614680594","1"
"2614680594","2139049311","1"
"2139049311","2650877796","1"
"2650877796","2139049311","1"
"2139049311","2665012264","1"
"2665012264","2139049311","1"
"2139049311","2713527658","1"
"2713527658","2139049311","1"
"2139049311","2745439318","1"
"2745439318","2139049311","1"
"2139049311","2780145035","1"
"2780145035","2139049311","1"
"2139049311","2798950171","1"
"2798950171","2139049311","1"
"2139049311","2869366448","1"
"2869366448","2139049311","1"
"2139049311","3019126871","1"
"3019126871","2139049311","1"
"2139049311","3019721143","1"
"3019721143","2139049311","1"
"2139178187","2143322304","2"
"2143322304","2139178187","2"
"2139178187","2149995712","1"
"2149995712","2139178187","1"
"2139178187","2152002556","1"
"2152002556","2139178187","1"
"2139178187","2154019330","1"
"2154019330","2139178187","1"
"2139178187","2155795628","2"
"2155795628","2139178187","2"
"2139178187","2162640907","2"
"2162640907","2139178187","2"
"2139178187","2234590800","1"
"2234590800","2139178187","1"
"2139178187","2273277139","1"
"2273277139","2139178187","1"
"2139178187","2309000065","1"
"2309000065","2139178187","1"
"2139178187","2317155180","1"
"2317155180","2139178187","1"
"2139178187","2614680594","1"
"2614680594","2139178187","1"
"2139178187","2650877796","1"
"2650877796","2139178187","1"
"2139178187","2665012264","1"
"2665012264","2139178187","1"
"2139178187","2713527658","2"
"2713527658","2139178187","2"
"2139178187","2780145035","1"
"2780145035","2139178187","1"
"2139178187","2798950171","1"
"2798950171","2139178187","1"
"2139178187","2869366448","1"
"2869366448","2139178187","1"
"2139178187","3019126871","2"
"3019126871","2139178187","2"
"2139178187","3019721143","2"
"3019721143","2139178187","2"
"2143322304","2149995712","1"
"2149995712","2143322304","1"
"2143322304","2152002556","1"
"2152002556","2143322304","1"
"2143322304","2152400496","2"
"2152400496","2143322304","2"
"2143322304","2154019330","1"
"2154019330","2143322304","1"
"2143322304","2155795628","2"
"2155795628","2143322304","2"
"2143322304","2162640907","2"
"2162640907","2143322304","2"
"2143322304","2171358266","2"
"2171358266","2143322304","2"
"2143322304","2234590800","1"
"2234590800","2143322304","1"
"2143322304","2273277139","1"
"2273277139","2143322304","1"
"2143322304","2279313141","2"
"2279313141","2143322304","2"
"2143322304","2307175527","2"
"2307175527","2143322304","2"
"2143322304","2309000065","1"
"2309000065","2143322304","1"
"2143322304","2317155180","1"
"2317155180","2143322304","1"
"2143322304","2462331337","2"
"2462331337","2143322304","2"
"2143322304","2465756847","2"
"2465756847","2143322304","2"
"2143322304","2599694473","2"
"2599694473","2143322304","2"
"2143322304","2614680594","1"
"2614680594","2143322304","1"
"2143322304","2650877796","1"
"2650877796","2143322304","1"
"2143322304","2665012264","1"
"2665012264","2143322304","1"
"2143322304","2713527658","2"
"2713527658","2143322304","2"
"2143322304","2745439318","1"
"2745439318","2143322304","1"
"2143322304","2780145035","1"
"2780145035","2143322304","1"
"2143322304","2798950171","1"
"2798950171","2143322304","1"
"2143322304","2869366448","1"
"2869366448","2143322304","1"
"2143322304","3019126871","2"
"3019126871","2143322304","2"
"2143322304","3019721143","2"
"3019721143","2143322304","2"
"2149995712","2152002556","1"
"2152002556","2149995712","1"
"2149995712","2152400496","1"
"2152400496","2149995712","1"
"2149995712","2154019330","1"
"2154019330","2149995712","1"
"2149995712","2155795628","1"
"2155795628","2149995712","1"
"2149995712","2162640907","1"
"2162640907","2149995712","1"
"2149995712","2171358266","1"
"2171358266","2149995712","1"
"2149995712","2234590800","1"
"2234590800","2149995712","1"
"2149995712","2273277139","1"
"2273277139","2149995712","1"
"2149995712","2279313141","1"
"2279313141","2149995712","1"
"2149995712","2307175527","1"
"2307175527","2149995712","1"
"2149995712","2309000065","1"
"2309000065","2149995712","1"
"2149995712","2317155180","1"
"2317155180","2149995712","1"
"2149995712","2462331337","1"
"2462331337","2149995712","1"
"2149995712","2465756847","1"
"2465756847","2149995712","1"
"2149995712","2599694473","1"
"2599694473","2149995712","1"
"2149995712","2614680594","1"
"2614680594","2149995712","1"
"2149995712","2650877796","1"
"2650877796","2149995712","1"
"2149995712","2665012264","1"
"2665012264","2149995712","1"
"2149995712","2713527658","1"
"2713527658","2149995712","1"
"2149995712","2745439318","1"
"2745439318","2149995712","1"
"2149995712","2780145035","1"
"2780145035","2149995712","1"
"2149995712","2798950171","1"
"2798950171","2149995712","1"
"2149995712","2869366448","1"
"2869366448","2149995712","1"
"2149995712","3019126871","1"
"3019126871","2149995712","1"
"2149995712","3019721143","1"
"3019721143","2149995712","1"
"2152002556","2152400496","1"
"2152400496","2152002556","1"
"2152002556","2154019330","1"
"2154019330","2152002556","1"
"2152002556","2155795628","1"
"2155795628","2152002556","1"
"2152002556","2162640907","1"
"2162640907","2152002556","1"
"2152002556","2171358266","1"
"2171358266","2152002556","1"
"2152002556","2234590800","1"
"2234590800","2152002556","1"
"2152002556","2273277139","1"
"2273277139","2152002556","1"
"2152002556","2279313141","1"
"2279313141","2152002556","1"
"2152002556","2307175527","1"
"2307175527","2152002556","1"
"2152002556","2309000065","1"
"2309000065","2152002556","1"
"2152002556","2317155180","1"
"2317155180","2152002556","1"
"2152002556","2462331337","1"
"2462331337","2152002556","1"
"2152002556","2465756847","1"
"2465756847","2152002556","1"
"2152002556","2599694473","1"
"2599694473","2152002556","1"
"2152002556","2614680594","1"
"2614680594","2152002556","1"
"2152002556","2650877796","1"
"2650877796","2152002556","1"
"2152002556","2665012264","1"
"2665012264","2152002556","1"
"2152002556","2713527658","1"
"2713527658","2152002556","1"
"2152002556","2745439318","1"
"2745439318","2152002556","1"
"2152002556","2780145035","1"
"2780145035","2152002556","1"
"2152002556","2798950171","1"
"2798950171","2152002556","1"
"2152002556","2869366448","1"
"2869366448","2152002556","1"
"2152002556","3019126871","1"
"3019126871","2152002556","1"
"2152002556","3019721143","1"
"3019721143","2152002556","1"
"2152400496","2154019330","1"
"2154019330","2152400496","1"
"2152400496","2155795628","2"
"2155795628","2152400496","2"
"2152400496","2162640907","2"
"2162640907","2152400496","2"
"2152400496","2234590800","1"
"2234590800","2152400496","1"
"2152400496","2273277139","1"
"2273277139","2152400496","1"
"2152400496","2309000065","1"
"2309000065","2152400496","1"
"2152400496","2317155180","1"
"2317155180","2152400496","1"
"2152400496","2614680594","1"
"2614680594","2152400496","1"
"2152400496","2650877796","1"
"2650877796","2152400496","1"
"2152400496","2665012264","1"
"2665012264","2152400496","1"
"2152400496","2713527658","2"
"2713527658","2152400496","2"
"2152400496","2780145035","1"
"2780145035","2152400496","1"
"2152400496","2798950171","1"
"2798950171","2152400496","1"
"2152400496","2869366448","1"
"2869366448","2152400496","1"
"2152400496","3019126871","2"
"3019126871","2152400496","2"
"2152400496","3019721143","2"
"3019721143","2152400496","2"
"2154019330","2155795628","1"
"2155795628","2154019330","1"
"2154019330","2162640907","1"
"2162640907","2154019330","1"
"2154019330","2171358266","1"
"2171358266","2154019330","1"
"2154019330","2234590800","1"
"2234590800","2154019330","1"
"2154019330","2273277139","1"
"2273277139","2154019330","1"
"2154019330","2279313141","1"
"2279313141","2154019330","1"
"2154019330","2307175527","1"
"2307175527","2154019330","1"
"2154019330","2309000065","1"
"2309000065","2154019330","1"
"2154019330","2317155180","1"
"2317155180","2154019330","1"
"2154019330","2462331337","1"
"2462331337","2154019330","1"
"2154019330","2465756847","1"
"2465756847","2154019330","1"
"2154019330","2599694473","1"
"2599694473","2154019330","1"
"2154019330","2614680594","1"
"2614680594","2154019330","1"
"2154019330","2650877796","1"
"2650877796","2154019330","1"
"2154019330","2665012264","1"
"2665012264","2154019330","1"
"2154019330","2713527658","1"
"2713527658","2154019330","1"
"2154019330","2745439318","1"
"2745439318","2154019330","1"
"2154019330","2780145035","1"
"2780145035","2154019330","1"
"2154019330","2798950171","1"
"2798950171","2154019330","1"
"2154019330","2869366448","1"
"2869366448","2154019330","1"
"2154019330","3019126871","1"
"3019126871","2154019330","1"
"2154019330","3019721143","1"
"3019721143","2154019330","1"
"2155795628","2162640907","2"
"2162640907","2155795628","2"
"2155795628","2171358266","2"
"2171358266","2155795628","2"
"2155795628","2234590800","1"
"2234590800","2155795628","1"
"2155795628","2273277139","1"
"2273277139","2155795628","1"
"2155795628","2279313141","2"
"2279313141","2155795628","2"
"2155795628","2307175527","2"
"2307175527","2155795628","2"
"2155795628","2309000065","1"
"2309000065","2155795628","1"
"2155795628","2317155180","1"
"2317155180","2155795628","1"
"2155795628","2462331337","2"
"2462331337","2155795628","2"
"2155795628","2465756847","2"
"2465756847","2155795628","2"
"2155795628","2599694473","2"
"2599694473","2155795628","2"
"2155795628","2614680594","1"
"2614680594","2155795628","1"
"2155795628","2650877796","1"
"2650877796","2155795628","1"
"2155795628","2665012264","1"
"2665012264","2155795628","1"
"2155795628","2713527658","2"
"2713527658","2155795628","2"
"2155795628","2745439318","1"
"2745439318","2155795628","1"
"2155795628","2780145035","1"
"2780145035","2155795628","1"
"2155795628","2798950171","1"
"2798950171","2155795628","1"
"2155795628","2869366448","1"
"2869366448","2155795628","1"
"2155795628","3019126871","2"
"3019126871","2155795628","2"
"2155795628","3019721143","2"
"3019721143","2155795628","2"
"2162640907","2171358266","2"
"2171358266","2162640907","2"
"2162640907","2234590800","1"
"2234590800","2162640907","1"
"2162640907","2273277139","2"
"2273277139","2162640907","2"
"2162640907","2279313141","2"
"2279313141","2162640907","2"
"2162640907","2307175527","2"
"2307175527","2162640907","2"
"2162640907","2309000065","1"
"2309000065","2162640907","1"
"2162640907","2317155180","1"
"2317155180","2162640907","1"
"2162640907","2462331337","2"
"2462331337","2162640907","2"
"2162640907","2465756847","2"
"2465756847","2162640907","2"
"2162640907","2599694473","2"
"2599694473","2162640907","2"
"2162640907","2614680594","1"
"2614680594","2162640907","1"
"2162640907","2650877796","1"
"2650877796","2162640907","1"
"2162640907","2665012264","1"
"2665012264","2162640907","1"
"2162640907","2713527658","2"
"2713527658","2162640907","2"
"2162640907","2745439318","1"
"2745439318","2162640907","1"
"2162640907","2780145035","1"
"2780145035","2162640907","1"
"2162640907","2798950171","1"
"2798950171","2162640907","1"
"2162640907","2869366448","1"
"2869366448","2162640907","1"
"2162640907","3019126871","2"
"3019126871","2162640907","2"
"2162640907","3019721143","2"
"3019721143","2162640907","2"
"2171358266","2234590800","1"
"2234590800","2171358266","1"
"2171358266","2273277139","1"
"2273277139","2171358266","1"
"2171358266","2309000065","1"
"2309000065","2171358266","1"
"2171358266","2317155180","1"
"2317155180","2171358266","1"
"2171358266","2614680594","1"
"2614680594","2171358266","1"
"2171358266","2650877796","1"
"2650877796","2171358266","1"
"2171358266","2665012264","1"
"2665012264","2171358266","1"
"2171358266","2713527658","2"
"2713527658","2171358266","2"
"2171358266","2780145035","1"
"2780145035","2171358266","1"
"2171358266","2798950171","1"
"2798950171","2171358266","1"
"2171358266","2869366448","1"
"2869366448","2171358266","1"
"2171358266","3019126871","2"
"3019126871","2171358266","2"
"2171358266","3019721143","2"
"3019721143","2171358266","2"
"2234590800","2273277139","1"
"2273277139","2234590800","1"
"2234590800","2279313141","1"
"2279313141","2234590800","1"
"2234590800","2307175527","1"
"2307175527","2234590800","1"
"2234590800","2309000065","1"
"2309000065","2234590800","1"
"2234590800","2317155180","1"
"2317155180","2234590800","1"
"2234590800","2462331337","1"
"2462331337","2234590800","1"
"2234590800","2465756847","1"
"2465756847","2234590800","1"
"2234590800","2599694473","1"
"2599694473","2234590800","1"
"2234590800","2614680594","1"
"2614680594","2234590800","1"
"2234590800","2650877796","1"
"2650877796","2234590800","1"
"2234590800","2665012264","1"
"2665012264","2234590800","1"
"2234590800","2713527658","1"
"2713527658","2234590800","1"
"2234590800","2745439318","1"
"2745439318","2234590800","1"
"2234590800","2780145035","1"
"2780145035","2234590800","1"
"2234590800","2798950171","1"
"2798950171","2234590800","1"
"2234590800","2869366448","1"
"2869366448","2234590800","1"
"2234590800","3019126871","1"
"3019126871","2234590800","1"
"2234590800","3019721143","1"
"3019721143","2234590800","1"
"2273277139","2279313141","1"
"2279313141","2273277139","1"
"2273277139","2307175527","1"
"2307175527","2273277139","1"
"2273277139","2309000065","1"
"2309000065","2273277139","1"
"2273277139","2317155180","1"
"2317155180","2273277139","1"
"2273277139","2462331337","1"
"2462331337","2273277139","1"
"2273277139","2465756847","1"
"2465756847","2273277139","1"
"2273277139","2599694473","1"
"2599694473","2273277139","1"
"2273277139","2614680594","1"
"2614680594","2273277139","1"
"2273277139","2650877796","1"
"2650877796","2273277139","1"
"2273277139","2665012264","1"
"2665012264","2273277139","1"
"2273277139","2713527658","1"
"2713527658","2273277139","1"
"2273277139","2745439318","1"
"2745439318","2273277139","1"
"2273277139","2780145035","1"
"2780145035","2273277139","1"
"2273277139","2798950171","1"
"2798950171","2273277139","1"
"2273277139","2869366448","1"
"2869366448","2273277139","1"
"2273277139","3019126871","1"
"3019126871","2273277139","1"
"2273277139","3019721143","1"
"3019721143","2273277139","1"
"2279313141","2309000065","1"
"2309000065","2279313141","1"
"2279313141","2317155180","1"
"2317155180","2279313141","1"
"2279313141","2614680594","1"
"2614680594","2279313141","1"
"2279313141","2650877796","1"
"2650877796","2279313141","1"
"2279313141","2665012264","1"
"2665012264","2279313141","1"
"2279313141","2713527658","2"
"2713527658","2279313141","2"
"2279313141","2780145035","1"
"2780145035","2279313141","1"
"2279313141","2798950171","1"
"2798950171","2279313141","1"
"2279313141","2869366448","1"
"2869366448","2279313141","1"
"2279313141","3019126871","2"
"3019126871","2279313141","2"
"2279313141","3019721143","2"
"3019721143","2279313141","2"
"2307175527","2309000065","1"
"2309000065","2307175527","1"
"2307175527","2317155180","1"
"2317155180","2307175527","1"
"2307175527","2614680594","1"
"2614680594","2307175527","1"
"2307175527","2650877796","1"
"2650877796","2307175527","1"
"2307175527","2665012264","1"
"2665012264","2307175527","1"
"2307175527","2713527658","2"
"2713527658","2307175527","2"
"2307175527","2780145035","1"
"2780145035","2307175527","1"
"2307175527","2798950171","1"
"2798950171","2307175527","1"
"2307175527","2869366448","1"
"2869366448","2307175527","1"
"2307175527","3019126871","2"
"3019126871","2307175527","2"
"2307175527","3019721143","2"
"3019721143","2307175527","2"
"2309000065","2317155180","1"
"2317155180","2309000065","1"
"2309000065","2462331337","1"
"2462331337","2309000065","1"
"2309000065","2465756847","1"
"2465756847","2309000065","1"
"2309000065","2599694473","1"
"2599694473","2309000065","1"
"2309000065","2614680594","1"
"2614680594","2309000065","1"
"2309000065","2650877796","1"
"2650877796","2309000065","1"
"2309000065","2665012264","1"
"2665012264","2309000065","1"
"2309000065","2713527658","1"
"2713527658","2309000065","1"
"2309000065","2745439318","1"
"2745439318","2309000065","1"
"2309000065","2780145035","1"
"2780145035","2309000065","1"
"2309000065","2798950171","1"
"2798950171","2309000065","1"
"2309000065","2869366448","1"
"2869366448","2309000065","1"
"2309000065","3019126871","1"
"3019126871","2309000065","1"
"2309000065","3019721143","1"
"3019721143","2309000065","1"
"2317155180","2462331337","1"
"2462331337","2317155180","1"
"2317155180","2465756847","1"
"2465756847","2317155180","1"
"2317155180","2599694473","1"
"2599694473","2317155180","1"
"2317155180","2614680594","1"
"2614680594","2317155180","1"
"2317155180","2650877796","1"
"2650877796","2317155180","1"
"2317155180","2665012264","1"
"2665012264","2317155180","1"
"2317155180","2713527658","1"
"2713527658","2317155180","1"
"2317155180","2745439318","1"
"2745439318","2317155180","1"
"2317155180","2780145035","1"
"2780145035","2317155180","1"
"2317155180","2798950171","1"
"2798950171","2317155180","1"
"2317155180","2869366448","1"
"2869366448","2317155180","1"
"2317155180","3019126871","1"
"3019126871","2317155180","1"
"2317155180","3019721143","1"
"3019721143","2317155180","1"
"2462331337","2614680594","1"
"2614680594","2462331337","1"
"2462331337","2650877796","1"
"2650877796","2462331337","1"
"2462331337","2665012264","1"
"2665012264","2462331337","1"
"2462331337","2713527658","2"
"2713527658","2462331337","2"
"2462331337","2780145035","1"
"2780145035","2462331337","1"
"2462331337","2798950171","1"
"2798950171","2462331337","1"
"2462331337","2869366448","1"
"2869366448","2462331337","1"
"2462331337","3019126871","2"
"3019126871","2462331337","2"
"2462331337","3019721143","2"
"3019721143","2462331337","2"
"2465756847","2614680594","1"
"2614680594","2465756847","1"
"2465756847","2650877796","1"
"2650877796","2465756847","1"
"2465756847","2665012264","1"
"2665012264","2465756847","1"
"2465756847","2713527658","2"
"2713527658","2465756847","2"
"2465756847","2780145035","1"
"2780145035","2465756847","1"
"2465756847","2798950171","1"
"2798950171","2465756847","1"
"2465756847","2869366448","1"
"2869366448","2465756847","1"
"2465756847","3019126871","2"
"3019126871","2465756847","2"
"2465756847","3019721143","2"
"3019721143","2465756847","2"
"2599694473","2614680594","1"
"2614680594","2599694473","1"
"2599694473","2650877796","1"
"2650877796","2599694473","1"
"2599694473","2665012264","1"
"2665012264","2599694473","1"
"2599694473","2713527658","2"
"2713527658","2599694473","2"
"2599694473","2780145035","1"
"2780145035","2599694473","1"
"2599694473","2798950171","1"
"2798950171","2599694473","1"
"2599694473","2869366448","1"
"2869366448","2599694473","1"
"2599694473","3019126871","2"
"3019126871","2599694473","2"
"2599694473","3019721143","2"
"3019721143","2599694473","2"
"2614680594","2650877796","1"
"2650877796","2614680594","1"
"2614680594","2665012264","1"
"2665012264","2614680594","1"
"2614680594","2713527658","1"
"2713527658","2614680594","1"
"2614680594","2745439318","1"
"2745439318","2614680594","1"
"2614680594","2780145035","1"
"2780145035","2614680594","1"
"2614680594","2798950171","1"
"2798950171","2614680594","1"
"2614680594","2869366448","1"
"2869366448","2614680594","1"
"2614680594","3019126871","1"
"3019126871","2614680594","1"
"2614680594","3019721143","1"
"3019721143","2614680594","1"
"2650877796","2665012264","1"
"2665012264","2650877796","1"
"2650877796","2713527658","1"
"2713527658","2650877796","1"
"2650877796","2745439318","1"
"2745439318","2650877796","1"
"2650877796","2780145035","1"
"2780145035","2650877796","1"
"2650877796","2798950171","1"
"2798950171","2650877796","1"
"2650877796","2869366448","1"
"2869366448","2650877796","1"
"2650877796","3019126871","1"
"3019126871","2650877796","1"
"2650877796","3019721143","1"
"3019721143","2650877796","1"
"2665012264","2713527658","1"
"2713527658","2665012264","1"
"2665012264","2745439318","1"
"2745439318","2665012264","1"
"2665012264","2780145035","1"
"2780145035","2665012264","1"
"2665012264","2798950171","1"
"2798950171","2665012264","1"
"2665012264","2869366448","1"
"2869366448","2665012264","1"
"2665012264","3019126871","1"
"3019126871","2665012264","1"
"2665012264","3019721143","1"
"3019721143","2665012264","1"
"2713527658","2745439318","1"
"2745439318","2713527658","1"
"2713527658","2780145035","1"
"2780145035","2713527658","1"
"2713527658","2798950171","1"
"2798950171","2713527658","1"
"2713527658","2869366448","1"
"2869366448","2713527658","1"
"2713527658","3019126871","2"
"3019126871","2713527658","2"
"2713527658","3019721143","2"
"3019721143","2713527658","2"
"2745439318","2780145035","1"
"2780145035","2745439318","1"
"2745439318","2798950171","1"
"2798950171","2745439318","1"
"2745439318","2869366448","1"
"2869366448","2745439318","1"
"2745439318","3019126871","1"
"3019126871","2745439318","1"
"2745439318","3019721143","1"
"3019721143","2745439318","1"
"2780145035","2798950171","1"
"2798950171","2780145035","1"
"2780145035","2869366448","1"
"2869366448","2780145035","1"
"2780145035","3019126871","1"
"3019126871","2780145035","1"
"2780145035","3019721143","1"
"3019721143","2780145035","1"
"2798950171","2869366448","1"
"2869366448","2798950171","1"
"2798950171","3019126871","1"
"3019126871","2798950171","1"
"2798950171","3019721143","1"
"3019721143","2798950171","1"
"2869366448","3019126871","1"
"3019126871","2869366448","1"
"2869366448","3019721143","1"
"3019721143","2869366448","1"
"3019126871","3019721143","2"
"3019721143","3019126871","2"
"2231373282","1744251842","1"
"1744251842","2231373282","1"
"2231373282","2000595583","2"
"2000595583","2231373282","2"
"2231373282","2124113574","1"
"2124113574","2231373282","1"
"2231373282","2148102443","1"
"2148102443","2231373282","1"
"1744251842","1970939844","1"
"1970939844","1744251842","1"
"1744251842","2000595583","1"
"2000595583","1744251842","1"
"1744251842","2018577811","1"
"2018577811","1744251842","1"
"1744251842","2026322246","1"
"2026322246","1744251842","1"
"1744251842","2044761227","1"
"2044761227","1744251842","1"
"1744251842","2113610622","1"
"2113610622","1744251842","1"
"1744251842","2124113574","1"
"2124113574","1744251842","1"
"1744251842","2148102443","1"
"2148102443","1744251842","1"
"1744251842","2162640907","1"
"2162640907","1744251842","1"
"1744251842","2273277139","1"
"2273277139","1744251842","1"
"1744251842","2335629311","1"
"2335629311","1744251842","1"
"1970939844","2000595583","2"
"2000595583","1970939844","2"
"1970939844","2018577811","1"
"2018577811","1970939844","1"
"1970939844","2026322246","1"
"2026322246","1970939844","1"
"1970939844","2044761227","1"
"2044761227","1970939844","1"
"1970939844","2113610622","1"
"2113610622","1970939844","1"
"1970939844","2124113574","1"
"2124113574","1970939844","1"
"1970939844","2148102443","1"
"2148102443","1970939844","1"
"1970939844","2162640907","1"
"2162640907","1970939844","1"
"1970939844","2273277139","1"
"2273277139","1970939844","1"
"1970939844","2335629311","1"
"2335629311","1970939844","1"
"2000595583","2018577811","1"
"2018577811","2000595583","1"
"2000595583","2026322246","1"
"2026322246","2000595583","1"
"2000595583","2044761227","1"
"2044761227","2000595583","1"
"2000595583","2113610622","1"
"2113610622","2000595583","1"
"2000595583","2124113574","1"
"2124113574","2000595583","1"
"2000595583","2148102443","1"
"2148102443","2000595583","1"
"2000595583","2162640907","1"
"2162640907","2000595583","1"
"2000595583","2273277139","1"
"2273277139","2000595583","1"
"2000595583","2335629311","1"
"2335629311","2000595583","1"
"2018577811","2124113574","1"
"2124113574","2018577811","1"
"2018577811","2148102443","1"
"2148102443","2018577811","1"
"2018577811","2335629311","1"
"2335629311","2018577811","1"
"2026322246","2124113574","1"
"2124113574","2026322246","1"
"2026322246","2148102443","1"
"2148102443","2026322246","1"
"2044761227","2124113574","1"
"2124113574","2044761227","1"
"2044761227","2148102443","1"
"2148102443","2044761227","1"
"2044761227","2335629311","1"
"2335629311","2044761227","1"
"2113610622","2124113574","1"
"2124113574","2113610622","1"
"2113610622","2148102443","1"
"2148102443","2113610622","1"
"2124113574","2148102443","1"
"2148102443","2124113574","1"
"2124113574","2162640907","1"
"2162640907","2124113574","1"
"2124113574","2273277139","1"
"2273277139","2124113574","1"
"2124113574","2335629311","1"
"2335629311","2124113574","1"
"2148102443","2162640907","1"
"2162640907","2148102443","1"
"2148102443","2273277139","1"
"2273277139","2148102443","1"
"2148102443","2335629311","1"
"2335629311","2148102443","1"
"2162640907","2335629311","1"
"2335629311","2162640907","1"
"2273277139","2335629311","1"
"2335629311","2273277139","1"
"2231373282","2786682632","3"
"2786682632","2231373282","3"
"2231373282","2787549407","3"
"2787549407","2231373282","3"
"168674171","2786682632","3"
"2786682632","168674171","3"
"168674171","2787549407","3"
"2787549407","168674171","3"
"254757083","2786682632","3"
"2786682632","254757083","3"
"254757083","2787549407","3"
"2787549407","254757083","3"
"1970939844","2786682632","3"
"2786682632","1970939844","3"
"1970939844","2787549407","3"
"2787549407","1970939844","3"
"2306766116","2786682632","3"
"2786682632","2306766116","3"
"2306766116","2787549407","3"
"2787549407","2306766116","3"
"2716076693","2786682632","3"
"2786682632","2716076693","3"
"2716076693","2787549407","3"
"2787549407","2716076693","3"
"2786682632","2787549407","3"
"2787549407","2786682632","3"
"2231373282","23567030","1"
"23567030","2231373282","1"
"2231373282","1902506419","1"
"1902506419","2231373282","1"
"2231373282","1978963475","1"
"1978963475","2231373282","1"
"2231373282","2022904811","1"
"2022904811","2231373282","1"
"2231373282","2074618277","1"
"2074618277","2231373282","1"
"2231373282","2157559637","1"
"2157559637","2231373282","1"
"2231373282","2159781350","1"
"2159781350","2231373282","1"
"2231373282","2212980416","1"
"2212980416","2231373282","1"
"2231373282","2234065318","1"
"2234065318","2231373282","1"
"2231373282","2312747001","2"
"2312747001","2231373282","2"
"2231373282","2341059767","1"
"2341059767","2231373282","1"
"2231373282","2419686429","1"
"2419686429","2231373282","1"
"2231373282","2421648314","1"
"2421648314","2231373282","1"
"2231373282","2424460183","1"
"2424460183","2231373282","1"
"2231373282","2429534220","1"
"2429534220","2231373282","1"
"2231373282","2585379519","1"
"2585379519","2231373282","1"
"2231373282","3018859163","1"
"3018859163","2231373282","1"
"23567030","1902506419","1"
"1902506419","23567030","1"
"23567030","1978963475","1"
"1978963475","23567030","1"
"23567030","2022904811","1"
"2022904811","23567030","1"
"23567030","2030435813","1"
"2030435813","23567030","1"
"23567030","2074618277","1"
"2074618277","23567030","1"
"23567030","2106104238","1"
"2106104238","23567030","1"
"23567030","2157559637","1"
"2157559637","23567030","1"
"23567030","2159781350","1"
"2159781350","23567030","1"
"23567030","2212980416","1"
"2212980416","23567030","1"
"23567030","2234065318","1"
"2234065318","23567030","1"
"23567030","2312747001","1"
"2312747001","23567030","1"
"23567030","2341059767","1"
"2341059767","23567030","1"
"23567030","2419686429","1"
"2419686429","23567030","1"
"23567030","2421648314","1"
"2421648314","23567030","1"
"23567030","2424460183","1"
"2424460183","23567030","1"
"23567030","2429534220","1"
"2429534220","23567030","1"
"23567030","2585379519","1"
"2585379519","23567030","1"
"23567030","3018859163","1"
"3018859163","23567030","1"
"1902506419","1978963475","1"
"1978963475","1902506419","1"
"1902506419","2022904811","1"
"2022904811","1902506419","1"
"1902506419","2030435813","1"
"2030435813","1902506419","1"
"1902506419","2074618277","1"
"2074618277","1902506419","1"
"1902506419","2106104238","1"
"2106104238","1902506419","1"
"1902506419","2157559637","1"
"2157559637","1902506419","1"
"1902506419","2159781350","1"
"2159781350","1902506419","1"
"1902506419","2212980416","1"
"2212980416","1902506419","1"
"1902506419","2234065318","1"
"2234065318","1902506419","1"
"1902506419","2312747001","1"
"2312747001","1902506419","1"
"1902506419","2341059767","1"
"2341059767","1902506419","1"
"1902506419","2419686429","1"
"2419686429","1902506419","1"
"1902506419","2421648314","1"
"2421648314","1902506419","1"
"1902506419","2424460183","1"
"2424460183","1902506419","1"
"1902506419","2429534220","1"
"2429534220","1902506419","1"
"1902506419","2585379519","1"
"2585379519","1902506419","1"
"1902506419","3018859163","1"
"3018859163","1902506419","1"
"1978963475","2022904811","1"
"2022904811","1978963475","1"
"1978963475","2030435813","1"
"2030435813","1978963475","1"
"1978963475","2074618277","1"
"2074618277","1978963475","1"
"1978963475","2106104238","1"
"2106104238","1978963475","1"
"1978963475","2157559637","1"
"2157559637","1978963475","1"
"1978963475","2159781350","1"
"2159781350","1978963475","1"
"1978963475","2212980416","1"
"2212980416","1978963475","1"
"1978963475","2234065318","1"
"2234065318","1978963475","1"
"1978963475","2312747001","1"
"2312747001","1978963475","1"
"1978963475","2341059767","1"
"2341059767","1978963475","1"
"1978963475","2419686429","1"
"2419686429","1978963475","1"
"1978963475","2421648314","1"
"2421648314","1978963475","1"
"1978963475","2424460183","1"
"2424460183","1978963475","1"
"1978963475","2429534220","1"
"2429534220","1978963475","1"
"1978963475","2585379519","1"
"2585379519","1978963475","1"
"1978963475","3018859163","1"
"3018859163","1978963475","1"
"2022904811","2030435813","1"
"2030435813","2022904811","1"
"2022904811","2074618277","1"
"2074618277","2022904811","1"
"2022904811","2106104238","1"
"2106104238","2022904811","1"
"2022904811","2157559637","1"
"2157559637","2022904811","1"
"2022904811","2159781350","1"
"2159781350","2022904811","1"
"2022904811","2212980416","1"
"2212980416","2022904811","1"
"2022904811","2234065318","1"
"2234065318","2022904811","1"
"2022904811","2312747001","1"
"2312747001","2022904811","1"
"2022904811","2341059767","1"
"2341059767","2022904811","1"
"2022904811","2419686429","1"
"2419686429","2022904811","1"
"2022904811","2421648314","1"
"2421648314","2022904811","1"
"2022904811","2424460183","1"
"2424460183","2022904811","1"
"2022904811","2429534220","1"
"2429534220","2022904811","1"
"2022904811","2585379519","1"
"2585379519","2022904811","1"
"2022904811","3018859163","1"
"3018859163","2022904811","1"
"2030435813","2074618277","1"
"2074618277","2030435813","1"
"2030435813","2157559637","1"
"2157559637","2030435813","1"
"2030435813","2159781350","1"
"2159781350","2030435813","1"
"2030435813","2212980416","1"
"2212980416","2030435813","1"
"2030435813","2234065318","1"
"2234065318","2030435813","1"
"2030435813","2312747001","1"
"2312747001","2030435813","1"
"2030435813","2341059767","1"
"2341059767","2030435813","1"
"2030435813","2419686429","1"
"2419686429","2030435813","1"
"2030435813","2421648314","1"
"2421648314","2030435813","1"
"2030435813","2424460183","1"
"2424460183","2030435813","1"
"2030435813","2429534220","1"
"2429534220","2030435813","1"
"2030435813","2585379519","1"
"2585379519","2030435813","1"
"2030435813","3018859163","1"
"3018859163","2030435813","1"
"2074618277","2106104238","1"
"2106104238","2074618277","1"
"2074618277","2157559637","1"
"2157559637","2074618277","1"
"2074618277","2159781350","1"
"2159781350","2074618277","1"
"2074618277","2212980416","1"
"2212980416","2074618277","1"
"2074618277","2234065318","1"
"2234065318","2074618277","1"
"2074618277","2312747001","1"
"2312747001","2074618277","1"
"2074618277","2341059767","1"
"2341059767","2074618277","1"
"2074618277","2419686429","1"
"2419686429","2074618277","1"
"2074618277","2421648314","1"
"2421648314","2074618277","1"
"2074618277","2424460183","1"
"2424460183","2074618277","1"
"2074618277","2429534220","1"
"2429534220","2074618277","1"
"2074618277","2585379519","1"
"2585379519","2074618277","1"
"2074618277","3018859163","1"
"3018859163","2074618277","1"
"2106104238","2157559637","1"
"2157559637","2106104238","1"
"2106104238","2159781350","1"
"2159781350","2106104238","1"
"2106104238","2212980416","1"
"2212980416","2106104238","1"
"2106104238","2234065318","1"
"2234065318","2106104238","1"
"2106104238","2312747001","2"
"2312747001","2106104238","2"
"2106104238","2341059767","1"
"2341059767","2106104238","1"
"2106104238","2419686429","1"
"2419686429","2106104238","1"
"2106104238","2421648314","1"
"2421648314","2106104238","1"
"2106104238","2424460183","1"
"2424460183","2106104238","1"
"2106104238","2429534220","1"
"2429534220","2106104238","1"
"2106104238","2585379519","1"
"2585379519","2106104238","1"
"2106104238","3018859163","1"
"3018859163","2106104238","1"
"2157559637","2159781350","1"
"2159781350","2157559637","1"
"2157559637","2212980416","1"
"2212980416","2157559637","1"
"2157559637","2234065318","1"
"2234065318","2157559637","1"
"2157559637","2312747001","1"
"2312747001","2157559637","1"
"2157559637","2341059767","1"
"2341059767","2157559637","1"
"2157559637","2419686429","1"
"2419686429","2157559637","1"
"2157559637","2421648314","1"
"2421648314","2157559637","1"
"2157559637","2424460183","1"
"2424460183","2157559637","1"
"2157559637","2429534220","1"
"2429534220","2157559637","1"
"2157559637","2585379519","1"
"2585379519","2157559637","1"
"2157559637","3018859163","1"
"3018859163","2157559637","1"
"2159781350","2212980416","1"
"2212980416","2159781350","1"
"2159781350","2234065318","1"
"2234065318","2159781350","1"
"2159781350","2312747001","1"
"2312747001","2159781350","1"
"2159781350","2341059767","1"
"2341059767","2159781350","1"
"2159781350","2419686429","1"
"2419686429","2159781350","1"
"2159781350","2421648314","1"
"2421648314","2159781350","1"
"2159781350","2424460183","1"
"2424460183","2159781350","1"
"2159781350","2429534220","1"
"2429534220","2159781350","1"
"2159781350","2585379519","1"
"2585379519","2159781350","1"
"2159781350","3018859163","1"
"3018859163","2159781350","1"
"2212980416","2234065318","1"
"2234065318","2212980416","1"
"2212980416","2312747001","1"
"2312747001","2212980416","1"
"2212980416","2341059767","1"
"2341059767","2212980416","1"
"2212980416","2419686429","1"
"2419686429","2212980416","1"
"2212980416","2421648314","1"
"2421648314","2212980416","1"
"2212980416","2424460183","1"
"2424460183","2212980416","1"
"2212980416","2429534220","1"
"2429534220","2212980416","1"
"2212980416","2585379519","1"
"2585379519","2212980416","1"
"2212980416","3018859163","1"
"3018859163","2212980416","1"
"2234065318","2312747001","1"
"2312747001","2234065318","1"
"2234065318","2341059767","1"
"2341059767","2234065318","1"
"2234065318","2419686429","1"
"2419686429","2234065318","1"
"2234065318","2421648314","1"
"2421648314","2234065318","1"
"2234065318","2424460183","1"
"2424460183","2234065318","1"
"2234065318","2429534220","1"
"2429534220","2234065318","1"
"2234065318","2585379519","1"
"2585379519","2234065318","1"
"2234065318","3018859163","1"
"3018859163","2234065318","1"
"2312747001","2341059767","1"
"2341059767","2312747001","1"
"2312747001","2419686429","1"
"2419686429","2312747001","1"
"2312747001","2421648314","1"
"2421648314","2312747001","1"
"2312747001","2424460183","1"
"2424460183","2312747001","1"
"2312747001","2429534220","1"
"2429534220","2312747001","1"
"2312747001","2585379519","1"
"2585379519","2312747001","1"
"2312747001","3018859163","1"
"3018859163","2312747001","1"
"2341059767","2419686429","1"
"2419686429","2341059767","1"
"2341059767","2421648314","1"
"2421648314","2341059767","1"
"2341059767","2424460183","1"
"2424460183","2341059767","1"
"2341059767","2429534220","1"
"2429534220","2341059767","1"
"2341059767","2585379519","1"
"2585379519","2341059767","1"
"2341059767","3018859163","1"
"3018859163","2341059767","1"
"2419686429","2421648314","1"
"2421648314","2419686429","1"
"2419686429","2424460183","1"
"2424460183","2419686429","1"
"2419686429","2429534220","1"
"2429534220","2419686429","1"
"2419686429","2585379519","1"
"2585379519","2419686429","1"
"2419686429","3018859163","1"
"3018859163","2419686429","1"
"2421648314","2424460183","1"
"2424460183","2421648314","1"
"2421648314","2429534220","1"
"2429534220","2421648314","1"
"2421648314","2585379519","1"
"2585379519","2421648314","1"
"2421648314","3018859163","1"
"3018859163","2421648314","1"
"2424460183","2429534220","1"
"2429534220","2424460183","1"
"2424460183","2585379519","1"
"2585379519","2424460183","1"
"2424460183","3018859163","1"
"3018859163","2424460183","1"
"2429534220","2585379519","1"
"2585379519","2429534220","1"
"2429534220","3018859163","1"
"3018859163","2429534220","1"
"2585379519","3018859163","1"
"3018859163","2585379519","1"
"2231373282","1853110435","1"
"1853110435","2231373282","1"
"2231373282","1964065170","1"
"1964065170","2231373282","1"
"2231373282","2048347411","1"
"2048347411","2231373282","1"
"2231373282","2107400629","1"
"2107400629","2231373282","1"
"2231373282","2107548953","1"
"2107548953","2231373282","1"
"2231373282","2123306026","1"
"2123306026","2231373282","1"
"2231373282","2204845382","1"
"2204845382","2231373282","1"
"2231373282","2345255011","1"
"2345255011","2231373282","1"
"2231373282","2629606914","1"
"2629606914","2231373282","1"
"2231373282","2631827756","1"
"2631827756","2231373282","1"
"2231373282","2778638486","1"
"2778638486","2231373282","1"
"2231373282","2805232815","1"
"2805232815","2231373282","1"
"2231373282","2915137979","1"
"2915137979","2231373282","1"
"2231373282","2915329382","1"
"2915329382","2231373282","1"
"2231373282","2916289386","1"
"2916289386","2231373282","1"
"2231373282","2917828273","1"
"2917828273","2231373282","1"
"2231373282","2917828488","1"
"2917828488","2231373282","1"
"2231373282","2918162907","1"
"2918162907","2231373282","1"
"2231373282","2944624239","1"
"2944624239","2231373282","1"
"2231373282","2969922459","1"
"2969922459","2231373282","1"
"2231373282","3007609365","1"
"3007609365","2231373282","1"
"2231373282","3020507090","1"
"3020507090","2231373282","1"
"2231373282","3026250372","1"
"3026250372","2231373282","1"
"953463446","1853110435","1"
"1853110435","953463446","1"
"953463446","1964065170","1"
"1964065170","953463446","1"
"953463446","2048347411","1"
"2048347411","953463446","1"
"953463446","2107400629","1"
"2107400629","953463446","1"
"953463446","2107548953","1"
"2107548953","953463446","1"
"953463446","2123306026","1"
"2123306026","953463446","1"
"953463446","2204845382","1"
"2204845382","953463446","1"
"953463446","2306298031","1"
"2306298031","953463446","1"
"953463446","2312747001","1"
"2312747001","953463446","1"
"953463446","2345255011","1"
"2345255011","953463446","1"
"953463446","2473761245","1"
"2473761245","953463446","1"
"953463446","2629606914","1"
"2629606914","953463446","1"
"953463446","2631827756","1"
"2631827756","953463446","1"
"953463446","2778638486","1"
"2778638486","953463446","1"
"953463446","2805232815","1"
"2805232815","953463446","1"
"953463446","2915137979","1"
"2915137979","953463446","1"
"953463446","2915329382","1"
"2915329382","953463446","1"
"953463446","2916289386","1"
"2916289386","953463446","1"
"953463446","2917828273","1"
"2917828273","953463446","1"
"953463446","2917828488","1"
"2917828488","953463446","1"
"953463446","2918162907","1"
"2918162907","953463446","1"
"953463446","2944624239","1"
"2944624239","953463446","1"
"953463446","2969922459","1"
"2969922459","953463446","1"
"953463446","3007609365","1"
"3007609365","953463446","1"
"953463446","3020507090","1"
"3020507090","953463446","1"
"953463446","3026250372","1"
"3026250372","953463446","1"
"1853110435","1964065170","1"
"1964065170","1853110435","1"
"1853110435","1972400019","1"
"1972400019","1853110435","1"
"1853110435","1974447170","1"
"1974447170","1853110435","1"
"1853110435","2014955577","1"
"2014955577","1853110435","1"
"1853110435","2018577811","1"
"2018577811","1853110435","1"
"1853110435","2023722769","1"
"2023722769","1853110435","1"
"1853110435","2026322246","1"
"2026322246","1853110435","1"
"1853110435","2048347411","1"
"2048347411","1853110435","1"
"1853110435","2048359599","1"
"2048359599","1853110435","1"
"1853110435","2058712428","1"
"2058712428","1853110435","1"
"1853110435","2071832794","1"
"2071832794","1853110435","1"
"1853110435","2106104238","1"
"2106104238","1853110435","1"
"1853110435","2107400629","1"
"2107400629","1853110435","1"
"1853110435","2107548953","1"
"2107548953","1853110435","1"
"1853110435","2113610622","1"
"2113610622","1853110435","1"
"1853110435","2115164898","1"
"2115164898","1853110435","1"
"1853110435","2123306026","1"
"2123306026","1853110435","1"
"1853110435","2127306253","1"
"2127306253","1853110435","1"
"1853110435","2139178187","1"
"2139178187","1853110435","1"
"1853110435","2143322304","1"
"2143322304","1853110435","1"
"1853110435","2148139912","1"
"2148139912","1853110435","1"
"1853110435","2152400496","1"
"2152400496","1853110435","1"
"1853110435","2155795628","1"
"2155795628","1853110435","1"
"1853110435","2162640907","1"
"2162640907","1853110435","1"
"1853110435","2171358266","1"
"2171358266","1853110435","1"
"1853110435","2204845382","1"
"2204845382","1853110435","1"
"1853110435","2279313141","1"
"2279313141","1853110435","1"
"1853110435","2306298031","1"
"2306298031","1853110435","1"
"1853110435","2307175527","1"
"2307175527","1853110435","1"
"1853110435","2311669925","1"
"2311669925","1853110435","1"
"1853110435","2312747001","1"
"2312747001","1853110435","1"
"1853110435","2345255011","1"
"2345255011","1853110435","1"
"1853110435","2462331337","1"
"2462331337","1853110435","1"
"1853110435","2465756847","1"
"2465756847","1853110435","1"
"1853110435","2473761245","1"
"2473761245","1853110435","1"
"1853110435","2599694473","1"
"2599694473","1853110435","1"
"1853110435","2629606914","1"
"2629606914","1853110435","1"
"1853110435","2631827756","1"
"2631827756","1853110435","1"
"1853110435","2713527658","1"
"2713527658","1853110435","1"
"1853110435","2778638486","1"
"2778638486","1853110435","1"
"1853110435","2805232815","1"
"2805232815","1853110435","1"
"1853110435","2915137979","1"
"2915137979","1853110435","1"
"1853110435","2915329382","1"
"2915329382","1853110435","1"
"1853110435","2916289386","1"
"2916289386","1853110435","1"
"1853110435","2917828273","1"
"2917828273","1853110435","1"
"1853110435","2917828488","1"
"2917828488","1853110435","1"
"1853110435","2918162907","1"
"2918162907","1853110435","1"
"1853110435","2944624239","1"
"2944624239","1853110435","1"
"1853110435","2969922459","1"
"2969922459","1853110435","1"
"1853110435","3007609365","1"
"3007609365","1853110435","1"
"1853110435","3019126871","1"
"3019126871","1853110435","1"
"1853110435","3019721143","1"
"3019721143","1853110435","1"
"1853110435","3020507090","1"
"3020507090","1853110435","1"
"1853110435","3026250372","1"
"3026250372","1853110435","1"
"1964065170","1972400019","1"
"1972400019","1964065170","1"
"1964065170","1974447170","1"
"1974447170","1964065170","1"
"1964065170","2014955577","1"
"2014955577","1964065170","1"
"1964065170","2018577811","1"
"2018577811","1964065170","1"
"1964065170","2023722769","1"
"2023722769","1964065170","1"
"1964065170","2026322246","1"
"2026322246","1964065170","1"
"1964065170","2048347411","1"
"2048347411","1964065170","1"
"1964065170","2048359599","1"
"2048359599","1964065170","1"
"1964065170","2058712428","1"
"2058712428","1964065170","1"
"1964065170","2071832794","1"
"2071832794","1964065170","1"
"1964065170","2106104238","1"
"2106104238","1964065170","1"
"1964065170","2107400629","1"
"2107400629","1964065170","1"
"1964065170","2107548953","1"
"2107548953","1964065170","1"
"1964065170","2113610622","1"
"2113610622","1964065170","1"
"1964065170","2115164898","1"
"2115164898","1964065170","1"
"1964065170","2123306026","1"
"2123306026","1964065170","1"
"1964065170","2127306253","1"
"2127306253","1964065170","1"
"1964065170","2139178187","1"
"2139178187","1964065170","1"
"1964065170","2143322304","1"
"2143322304","1964065170","1"
"1964065170","2148139912","1"
"2148139912","1964065170","1"
"1964065170","2152400496","1"
"2152400496","1964065170","1"
"1964065170","2155795628","1"
"2155795628","1964065170","1"
"1964065170","2162640907","1"
"2162640907","1964065170","1"
"1964065170","2171358266","1"
"2171358266","1964065170","1"
"1964065170","2204845382","1"
"2204845382","1964065170","1"
"1964065170","2279313141","1"
"2279313141","1964065170","1"
"1964065170","2306298031","1"
"2306298031","1964065170","1"
"1964065170","2307175527","1"
"2307175527","1964065170","1"
"1964065170","2311669925","1"
"2311669925","1964065170","1"
"1964065170","2312747001","1"
"2312747001","1964065170","1"
"1964065170","2345255011","1"
"2345255011","1964065170","1"
"1964065170","2462331337","1"
"2462331337","1964065170","1"
"1964065170","2465756847","1"
"2465756847","1964065170","1"
"1964065170","2473761245","1"
"2473761245","1964065170","1"
"1964065170","2599694473","1"
"2599694473","1964065170","1"
"1964065170","2629606914","1"
"2629606914","1964065170","1"
"1964065170","2631827756","1"
"2631827756","1964065170","1"
"1964065170","2713527658","1"
"2713527658","1964065170","1"
"1964065170","2778638486","1"
"2778638486","1964065170","1"
"1964065170","2805232815","1"
"2805232815","1964065170","1"
"1964065170","2915137979","1"
"2915137979","1964065170","1"
"1964065170","2915329382","1"
"2915329382","1964065170","1"
"1964065170","2916289386","1"
"2916289386","1964065170","1"
"1964065170","2917828273","1"
"2917828273","1964065170","1"
"1964065170","2917828488","1"
"2917828488","1964065170","1"
"1964065170","2918162907","1"
"2918162907","1964065170","1"
"1964065170","2944624239","1"
"2944624239","1964065170","1"
"1964065170","2969922459","1"
"2969922459","1964065170","1"
"1964065170","3007609365","1"
"3007609365","1964065170","1"
"1964065170","3019126871","1"
"3019126871","1964065170","1"
"1964065170","3019721143","1"
"3019721143","1964065170","1"
"1964065170","3020507090","1"
"3020507090","1964065170","1"
"1964065170","3026250372","1"
"3026250372","1964065170","1"
"1972400019","2018577811","1"
"2018577811","1972400019","1"
"1972400019","2048347411","1"
"2048347411","1972400019","1"
"1972400019","2106104238","1"
"2106104238","1972400019","1"
"1972400019","2107400629","1"
"2107400629","1972400019","1"
"1972400019","2107548953","1"
"2107548953","1972400019","1"
"1972400019","2123306026","1"
"2123306026","1972400019","1"
"1972400019","2127306253","1"
"2127306253","1972400019","1"
"1972400019","2143322304","1"
"2143322304","1972400019","1"
"1972400019","2155795628","1"
"2155795628","1972400019","1"
"1972400019","2162640907","1"
"2162640907","1972400019","1"
"1972400019","2204845382","1"
"2204845382","1972400019","1"
"1972400019","2306298031","1"
"2306298031","1972400019","1"
"1972400019","2312747001","1"
"2312747001","1972400019","1"
"1972400019","2345255011","1"
"2345255011","1972400019","1"
"1972400019","2473761245","1"
"2473761245","1972400019","1"
"1972400019","2629606914","1"
"2629606914","1972400019","1"
"1972400019","2631827756","1"
"2631827756","1972400019","1"
"1972400019","2713527658","1"
"2713527658","1972400019","1"
"1972400019","2778638486","1"
"2778638486","1972400019","1"
"1972400019","2805232815","1"
"2805232815","1972400019","1"
"1972400019","2915137979","1"
"2915137979","1972400019","1"
"1972400019","2915329382","1"
"2915329382","1972400019","1"
"1972400019","2916289386","1"
"2916289386","1972400019","1"
"1972400019","2917828273","1"
"2917828273","1972400019","1"
"1972400019","2917828488","1"
"2917828488","1972400019","1"
"1972400019","2918162907","1"
"2918162907","1972400019","1"
"1972400019","2944624239","1"
"2944624239","1972400019","1"
"1972400019","2969922459","1"
"2969922459","1972400019","1"
"1972400019","3007609365","1"
"3007609365","1972400019","1"
"1972400019","3019126871","1"
"3019126871","1972400019","1"
"1972400019","3019721143","1"
"3019721143","1972400019","1"
"1972400019","3020507090","1"
"3020507090","1972400019","1"
"1972400019","3026250372","1"
"3026250372","1972400019","1"
"1974447170","2048347411","1"
"2048347411","1974447170","1"
"1974447170","2107400629","1"
"2107400629","1974447170","1"
"1974447170","2107548953","1"
"2107548953","1974447170","1"
"1974447170","2123306026","1"
"2123306026","1974447170","1"
"1974447170","2204845382","1"
"2204845382","1974447170","1"
"1974447170","2306298031","1"
"2306298031","1974447170","1"
"1974447170","2312747001","1"
"2312747001","1974447170","1"
"1974447170","2345255011","1"
"2345255011","1974447170","1"
"1974447170","2473761245","1"
"2473761245","1974447170","1"
"1974447170","2629606914","1"
"2629606914","1974447170","1"
"1974447170","2631827756","1"
"2631827756","1974447170","1"
"1974447170","2778638486","1"
"2778638486","1974447170","1"
"1974447170","2805232815","1"
"2805232815","1974447170","1"
"1974447170","2915137979","1"
"2915137979","1974447170","1"
"1974447170","2915329382","1"
"2915329382","1974447170","1"
"1974447170","2916289386","1"
"2916289386","1974447170","1"
"1974447170","2917828273","1"
"2917828273","1974447170","1"
"1974447170","2917828488","1"
"2917828488","1974447170","1"
"1974447170","2918162907","1"
"2918162907","1974447170","1"
"1974447170","2944624239","1"
"2944624239","1974447170","1"
"1974447170","2969922459","1"
"2969922459","1974447170","1"
"1974447170","3007609365","1"
"3007609365","1974447170","1"
"1974447170","3020507090","1"
"3020507090","1974447170","1"
"1974447170","3026250372","1"
"3026250372","1974447170","1"
"2014955577","2048347411","1"
"2048347411","2014955577","1"
"2014955577","2107400629","1"
"2107400629","2014955577","1"
"2014955577","2107548953","1"
"2107548953","2014955577","1"
"2014955577","2123306026","1"
"2123306026","2014955577","1"
"2014955577","2204845382","1"
"2204845382","2014955577","1"
"2014955577","2306298031","1"
"2306298031","2014955577","1"
"2014955577","2312747001","1"
"2312747001","2014955577","1"
"2014955577","2345255011","1"
"2345255011","2014955577","1"
"2014955577","2473761245","1"
"2473761245","2014955577","1"
"2014955577","2629606914","1"
"2629606914","2014955577","1"
"2014955577","2631827756","1"
"2631827756","2014955577","1"
"2014955577","2778638486","1"
"2778638486","2014955577","1"
"2014955577","2805232815","1"
"2805232815","2014955577","1"
"2014955577","2915137979","1"
"2915137979","2014955577","1"
"2014955577","2915329382","1"
"2915329382","2014955577","1"
"2014955577","2916289386","1"
"2916289386","2014955577","1"
"2014955577","2917828273","1"
"2917828273","2014955577","1"
"2014955577","2917828488","1"
"2917828488","2014955577","1"
"2014955577","2918162907","1"
"2918162907","2014955577","1"
"2014955577","2944624239","1"
"2944624239","2014955577","1"
"2014955577","2969922459","1"
"2969922459","2014955577","1"
"2014955577","3007609365","1"
"3007609365","2014955577","1"
"2014955577","3020507090","1"
"3020507090","2014955577","1"
"2014955577","3026250372","1"
"3026250372","2014955577","1"
"2018577811","2048347411","1"
"2048347411","2018577811","1"
"2018577811","2058712428","1"
"2058712428","2018577811","1"
"2018577811","2071832794","1"
"2071832794","2018577811","1"
"2018577811","2107400629","1"
"2107400629","2018577811","1"
"2018577811","2107548953","1"
"2107548953","2018577811","1"
"2018577811","2123306026","1"
"2123306026","2018577811","1"
"2018577811","2148139912","1"
"2148139912","2018577811","1"
"2018577811","2204845382","1"
"2204845382","2018577811","1"
"2018577811","2311669925","1"
"2311669925","2018577811","1"
"2018577811","2312747001","1"
"2312747001","2018577811","1"
"2018577811","2345255011","1"
"2345255011","2018577811","1"
"2018577811","2473761245","1"
"2473761245","2018577811","1"
"2018577811","2629606914","1"
"2629606914","2018577811","1"
"2018577811","2631827756","1"
"2631827756","2018577811","1"
"2018577811","2778638486","1"
"2778638486","2018577811","1"
"2018577811","2805232815","1"
"2805232815","2018577811","1"
"2018577811","2915137979","1"
"2915137979","2018577811","1"
"2018577811","2915329382","1"
"2915329382","2018577811","1"
"2018577811","2916289386","1"
"2916289386","2018577811","1"
"2018577811","2917828273","1"
"2917828273","2018577811","1"
"2018577811","2917828488","1"
"2917828488","2018577811","1"
"2018577811","2918162907","1"
"2918162907","2018577811","1"
"2018577811","2944624239","1"
"2944624239","2018577811","1"
"2018577811","2969922459","1"
"2969922459","2018577811","1"
"2018577811","3007609365","1"
"3007609365","2018577811","1"
"2018577811","3020507090","1"
"3020507090","2018577811","1"
"2018577811","3026250372","1"
"3026250372","2018577811","1"
"2023722769","2048347411","1"
"2048347411","2023722769","1"
"2023722769","2107400629","1"
"2107400629","2023722769","1"
"2023722769","2107548953","1"
"2107548953","2023722769","1"
"2023722769","2123306026","1"
"2123306026","2023722769","1"
"2023722769","2204845382","1"
"2204845382","2023722769","1"
"2023722769","2306298031","1"
"2306298031","2023722769","1"
"2023722769","2312747001","1"
"2312747001","2023722769","1"
"2023722769","2345255011","1"
"2345255011","2023722769","1"
"2023722769","2473761245","1"
"2473761245","2023722769","1"
"2023722769","2629606914","1"
"2629606914","2023722769","1"
"2023722769","2631827756","1"
"2631827756","2023722769","1"
"2023722769","2778638486","1"
"2778638486","2023722769","1"
"2023722769","2805232815","1"
"2805232815","2023722769","1"
"2023722769","2915137979","1"
"2915137979","2023722769","1"
"2023722769","2915329382","1"
"2915329382","2023722769","1"
"2023722769","2916289386","1"
"2916289386","2023722769","1"
"2023722769","2917828273","1"
"2917828273","2023722769","1"
"2023722769","2917828488","1"
"2917828488","2023722769","1"
"2023722769","2918162907","1"
"2918162907","2023722769","1"
"2023722769","2944624239","1"
"2944624239","2023722769","1"
"2023722769","2969922459","1"
"2969922459","2023722769","1"
"2023722769","3007609365","1"
"3007609365","2023722769","1"
"2023722769","3020507090","1"
"3020507090","2023722769","1"
"2023722769","3026250372","1"
"3026250372","2023722769","1"
"2026322246","2048347411","1"
"2048347411","2026322246","1"
"2026322246","2107400629","1"
"2107400629","2026322246","1"
"2026322246","2107548953","1"
"2107548953","2026322246","1"
"2026322246","2123306026","1"
"2123306026","2026322246","1"
"2026322246","2204845382","1"
"2204845382","2026322246","1"
"2026322246","2306298031","1"
"2306298031","2026322246","1"
"2026322246","2312747001","1"
"2312747001","2026322246","1"
"2026322246","2345255011","1"
"2345255011","2026322246","1"
"2026322246","2473761245","1"
"2473761245","2026322246","1"
"2026322246","2629606914","1"
"2629606914","2026322246","1"
"2026322246","2631827756","1"
"2631827756","2026322246","1"
"2026322246","2778638486","1"
"2778638486","2026322246","1"
"2026322246","2805232815","1"
"2805232815","2026322246","1"
"2026322246","2915137979","1"
"2915137979","2026322246","1"
"2026322246","2915329382","1"
"2915329382","2026322246","1"
"2026322246","2916289386","1"
"2916289386","2026322246","1"
"2026322246","2917828273","1"
"2917828273","2026322246","1"
"2026322246","2917828488","1"
"2917828488","2026322246","1"
"2026322246","2918162907","1"
"2918162907","2026322246","1"
"2026322246","2944624239","1"
"2944624239","2026322246","1"
"2026322246","2969922459","1"
"2969922459","2026322246","1"
"2026322246","3007609365","1"
"3007609365","2026322246","1"
"2026322246","3020507090","1"
"3020507090","2026322246","1"
"2026322246","3026250372","1"
"3026250372","2026322246","1"
"2048347411","2048359599","1"
"2048359599","2048347411","1"
"2048347411","2058712428","1"
"2058712428","2048347411","1"
"2048347411","2071832794","1"
"2071832794","2048347411","1"
"2048347411","2106104238","1"
"2106104238","2048347411","1"
"2048347411","2107400629","1"
"2107400629","2048347411","1"
"2048347411","2107548953","1"
"2107548953","2048347411","1"
"2048347411","2113610622","1"
"2113610622","2048347411","1"
"2048347411","2115164898","1"
"2115164898","2048347411","1"
"2048347411","2123306026","1"
"2123306026","2048347411","1"
"2048347411","2127306253","1"
"2127306253","2048347411","1"
"2048347411","2139178187","1"
"2139178187","2048347411","1"
"2048347411","2143322304","1"
"2143322304","2048347411","1"
"2048347411","2148139912","1"
"2148139912","2048347411","1"
"2048347411","2152400496","1"
"2152400496","2048347411","1"
"2048347411","2155795628","1"
"2155795628","2048347411","1"
"2048347411","2162640907","1"
"2162640907","2048347411","1"
"2048347411","2171358266","1"
"2171358266","2048347411","1"
"2048347411","2204845382","1"
"2204845382","2048347411","1"
"2048347411","2279313141","1"
"2279313141","2048347411","1"
"2048347411","2306298031","1"
"2306298031","2048347411","1"
"2048347411","2307175527","1"
"2307175527","2048347411","1"
"2048347411","2311669925","1"
"2311669925","2048347411","1"
"2048347411","2312747001","1"
"2312747001","2048347411","1"
"2048347411","2345255011","1"
"2345255011","2048347411","1"
"2048347411","2462331337","1"
"2462331337","2048347411","1"
"2048347411","2465756847","1"
"2465756847","2048347411","1"
"2048347411","2473761245","1"
"2473761245","2048347411","1"
"2048347411","2599694473","1"
"2599694473","2048347411","1"
"2048347411","2629606914","1"
"2629606914","2048347411","1"
"2048347411","2631827756","1"
"2631827756","2048347411","1"
"2048347411","2713527658","1"
"2713527658","2048347411","1"
"2048347411","2778638486","1"
"2778638486","2048347411","1"
"2048347411","2805232815","1"
"2805232815","2048347411","1"
"2048347411","2915137979","1"
"2915137979","2048347411","1"
"2048347411","2915329382","1"
"2915329382","2048347411","1"
"2048347411","2916289386","1"
"2916289386","2048347411","1"
"2048347411","2917828273","1"
"2917828273","2048347411","1"
"2048347411","2917828488","1"
"2917828488","2048347411","1"
"2048347411","2918162907","1"
"2918162907","2048347411","1"
"2048347411","2944624239","1"
"2944624239","2048347411","1"
"2048347411","2969922459","1"
"2969922459","2048347411","1"
"2048347411","3007609365","1"
"3007609365","2048347411","1"
"2048347411","3019126871","1"
"3019126871","2048347411","1"
"2048347411","3019721143","1"
"3019721143","2048347411","1"
"2048347411","3020507090","1"
"3020507090","2048347411","1"
"2048347411","3026250372","1"
"3026250372","2048347411","1"
"2048359599","2107400629","1"
"2107400629","2048359599","1"
"2048359599","2107548953","1"
"2107548953","2048359599","1"
"2048359599","2123306026","1"
"2123306026","2048359599","1"
"2048359599","2204845382","1"
"2204845382","2048359599","1"
"2048359599","2306298031","1"
"2306298031","2048359599","1"
"2048359599","2312747001","1"
"2312747001","2048359599","1"
"2048359599","2345255011","1"
"2345255011","2048359599","1"
"2048359599","2473761245","1"
"2473761245","2048359599","1"
"2048359599","2629606914","1"
"2629606914","2048359599","1"
"2048359599","2631827756","1"
"2631827756","2048359599","1"
"2048359599","2778638486","1"
"2778638486","2048359599","1"
"2048359599","2805232815","1"
"2805232815","2048359599","1"
"2048359599","2915137979","1"
"2915137979","2048359599","1"
"2048359599","2915329382","1"
"2915329382","2048359599","1"
"2048359599","2916289386","1"
"2916289386","2048359599","1"
"2048359599","2917828273","1"
"2917828273","2048359599","1"
"2048359599","2917828488","1"
"2917828488","2048359599","1"
"2048359599","2918162907","1"
"2918162907","2048359599","1"
"2048359599","2944624239","1"
"2944624239","2048359599","1"
"2048359599","2969922459","1"
"2969922459","2048359599","1"
"2048359599","3007609365","1"
"3007609365","2048359599","1"
"2048359599","3020507090","1"
"3020507090","2048359599","1"
"2048359599","3026250372","1"
"3026250372","2048359599","1"
"2058712428","2106104238","1"
"2106104238","2058712428","1"
"2058712428","2107400629","1"
"2107400629","2058712428","1"
"2058712428","2107548953","1"
"2107548953","2058712428","1"
"2058712428","2123306026","1"
"2123306026","2058712428","1"
"2058712428","2127306253","1"
"2127306253","2058712428","1"
"2058712428","2143322304","1"
"2143322304","2058712428","1"
"2058712428","2155795628","1"
"2155795628","2058712428","1"
"2058712428","2162640907","1"
"2162640907","2058712428","1"
"2058712428","2204845382","1"
"2204845382","2058712428","1"
"2058712428","2306298031","1"
"2306298031","2058712428","1"
"2058712428","2312747001","1"
"2312747001","2058712428","1"
"2058712428","2345255011","1"
"2345255011","2058712428","1"
"2058712428","2473761245","1"
"2473761245","2058712428","1"
"2058712428","2629606914","1"
"2629606914","2058712428","1"
"2058712428","2631827756","1"
"2631827756","2058712428","1"
"2058712428","2713527658","1"
"2713527658","2058712428","1"
"2058712428","2778638486","1"
"2778638486","2058712428","1"
"2058712428","2805232815","1"
"2805232815","2058712428","1"
"2058712428","2915137979","1"
"2915137979","2058712428","1"
"2058712428","2915329382","1"
"2915329382","2058712428","1"
"2058712428","2916289386","1"
"2916289386","2058712428","1"
"2058712428","2917828273","1"
"2917828273","2058712428","1"
"2058712428","2917828488","1"
"2917828488","2058712428","1"
"2058712428","2918162907","1"
"2918162907","2058712428","1"
"2058712428","2944624239","1"
"2944624239","2058712428","1"
"2058712428","2969922459","1"
"2969922459","2058712428","1"
"2058712428","3007609365","1"
"3007609365","2058712428","1"
"2058712428","3019126871","1"
"3019126871","2058712428","1"
"2058712428","3019721143","1"
"3019721143","2058712428","1"
"2058712428","3020507090","1"
"3020507090","2058712428","1"
"2058712428","3026250372","1"
"3026250372","2058712428","1"
"2071832794","2106104238","1"
"2106104238","2071832794","1"
"2071832794","2107400629","1"
"2107400629","2071832794","1"
"2071832794","2107548953","1"
"2107548953","2071832794","1"
"2071832794","2123306026","1"
"2123306026","2071832794","1"
"2071832794","2127306253","1"
"2127306253","2071832794","1"
"2071832794","2143322304","1"
"2143322304","2071832794","1"
"2071832794","2155795628","1"
"2155795628","2071832794","1"
"2071832794","2162640907","1"
"2162640907","2071832794","1"
"2071832794","2204845382","1"
"2204845382","2071832794","1"
"2071832794","2306298031","1"
"2306298031","2071832794","1"
"2071832794","2312747001","1"
"2312747001","2071832794","1"
"2071832794","2345255011","1"
"2345255011","2071832794","1"
"2071832794","2473761245","1"
"2473761245","2071832794","1"
"2071832794","2629606914","1"
"2629606914","2071832794","1"
"2071832794","2631827756","1"
"2631827756","2071832794","1"
"2071832794","2713527658","1"
"2713527658","2071832794","1"
"2071832794","2778638486","1"
"2778638486","2071832794","1"
"2071832794","2805232815","1"
"2805232815","2071832794","1"
"2071832794","2915137979","1"
"2915137979","2071832794","1"
"2071832794","2915329382","1"
"2915329382","2071832794","1"
"2071832794","2916289386","1"
"2916289386","2071832794","1"
"2071832794","2917828273","1"
"2917828273","2071832794","1"
"2071832794","2917828488","1"
"2917828488","2071832794","1"
"2071832794","2918162907","1"
"2918162907","2071832794","1"
"2071832794","2944624239","1"
"2944624239","2071832794","1"
"2071832794","2969922459","1"
"2969922459","2071832794","1"
"2071832794","3007609365","1"
"3007609365","2071832794","1"
"2071832794","3019126871","1"
"3019126871","2071832794","1"
"2071832794","3019721143","1"
"3019721143","2071832794","1"
"2071832794","3020507090","1"
"3020507090","2071832794","1"
"2071832794","3026250372","1"
"3026250372","2071832794","1"
"2106104238","2107400629","1"
"2107400629","2106104238","1"
"2106104238","2107548953","1"
"2107548953","2106104238","1"
"2106104238","2123306026","1"
"2123306026","2106104238","1"
"2106104238","2148139912","1"
"2148139912","2106104238","1"
"2106104238","2204845382","1"
"2204845382","2106104238","1"
"2106104238","2306298031","1"
"2306298031","2106104238","1"
"2106104238","2311669925","1"
"2311669925","2106104238","1"
"2106104238","2345255011","1"
"2345255011","2106104238","1"
"2106104238","2629606914","1"
"2629606914","2106104238","1"
"2106104238","2631827756","1"
"2631827756","2106104238","1"
"2106104238","2778638486","1"
"2778638486","2106104238","1"
"2106104238","2805232815","1"
"2805232815","2106104238","1"
"2106104238","2915137979","1"
"2915137979","2106104238","1"
"2106104238","2915329382","1"
"2915329382","2106104238","1"
"2106104238","2916289386","1"
"2916289386","2106104238","1"
"2106104238","2917828273","1"
"2917828273","2106104238","1"
"2106104238","2917828488","1"
"2917828488","2106104238","1"
"2106104238","2918162907","1"
"2918162907","2106104238","1"
"2106104238","2944624239","1"
"2944624239","2106104238","1"
"2106104238","2969922459","1"
"2969922459","2106104238","1"
"2106104238","3007609365","1"
"3007609365","2106104238","1"
"2106104238","3020507090","1"
"3020507090","2106104238","1"
"2106104238","3026250372","1"
"3026250372","2106104238","1"
"2107400629","2107548953","1"
"2107548953","2107400629","1"
"2107400629","2113610622","1"
"2113610622","2107400629","1"
"2107400629","2115164898","1"
"2115164898","2107400629","1"
"2107400629","2123306026","1"
"2123306026","2107400629","1"
"2107400629","2127306253","1"
"2127306253","2107400629","1"
"2107400629","2139178187","1"
"2139178187","2107400629","1"
"2107400629","2143322304","1"
"2143322304","2107400629","1"
"2107400629","2148139912","1"
"2148139912","2107400629","1"
"2107400629","2152400496","1"
"2152400496","2107400629","1"
"2107400629","2155795628","1"
"2155795628","2107400629","1"
"2107400629","2162640907","1"
"2162640907","2107400629","1"
"2107400629","2171358266","1"
"2171358266","2107400629","1"
"2107400629","2204845382","1"
"2204845382","2107400629","1"
"2107400629","2279313141","1"
"2279313141","2107400629","1"
"2107400629","2306298031","1"
"2306298031","2107400629","1"
"2107400629","2307175527","1"
"2307175527","2107400629","1"
"2107400629","2311669925","1"
"2311669925","2107400629","1"
"2107400629","2312747001","1"
"2312747001","2107400629","1"
"2107400629","2345255011","1"
"2345255011","2107400629","1"
"2107400629","2462331337","1"
"2462331337","2107400629","1"
"2107400629","2465756847","1"
"2465756847","2107400629","1"
"2107400629","2473761245","1"
"2473761245","2107400629","1"
"2107400629","2599694473","1"
"2599694473","2107400629","1"
"2107400629","2629606914","1"
"2629606914","2107400629","1"
"2107400629","2631827756","1"
"2631827756","2107400629","1"
"2107400629","2713527658","1"
"2713527658","2107400629","1"
"2107400629","2778638486","1"
"2778638486","2107400629","1"
"2107400629","2805232815","1"
"2805232815","2107400629","1"
"2107400629","2915137979","1"
"2915137979","2107400629","1"
"2107400629","2915329382","1"
"2915329382","2107400629","1"
"2107400629","2916289386","1"
"2916289386","2107400629","1"
"2107400629","2917828273","1"
"2917828273","2107400629","1"
"2107400629","2917828488","1"
"2917828488","2107400629","1"
"2107400629","2918162907","1"
"2918162907","2107400629","1"
"2107400629","2944624239","1"
"2944624239","2107400629","1"
"2107400629","2969922459","1"
"2969922459","2107400629","1"
"2107400629","3007609365","1"
"3007609365","2107400629","1"
"2107400629","3019126871","1"
"3019126871","2107400629","1"
"2107400629","3019721143","1"
"3019721143","2107400629","1"
"2107400629","3020507090","1"
"3020507090","2107400629","1"
"2107400629","3026250372","1"
"3026250372","2107400629","1"
"2107548953","2113610622","1"
"2113610622","2107548953","1"
"2107548953","2115164898","1"
"2115164898","2107548953","1"
"2107548953","2123306026","1"
"2123306026","2107548953","1"
"2107548953","2127306253","1"
"2127306253","2107548953","1"
"2107548953","2139178187","1"
"2139178187","2107548953","1"
"2107548953","2143322304","1"
"2143322304","2107548953","1"
"2107548953","2148139912","1"
"2148139912","2107548953","1"
"2107548953","2152400496","1"
"2152400496","2107548953","1"
"2107548953","2155795628","1"
"2155795628","2107548953","1"
"2107548953","2162640907","1"
"2162640907","2107548953","1"
"2107548953","2171358266","1"
"2171358266","2107548953","1"
"2107548953","2204845382","1"
"2204845382","2107548953","1"
"2107548953","2279313141","1"
"2279313141","2107548953","1"
"2107548953","2306298031","1"
"2306298031","2107548953","1"
"2107548953","2307175527","1"
"2307175527","2107548953","1"
"2107548953","2311669925","1"
"2311669925","2107548953","1"
"2107548953","2312747001","1"
"2312747001","2107548953","1"
"2107548953","2345255011","1"
"2345255011","2107548953","1"
"2107548953","2462331337","1"
"2462331337","2107548953","1"
"2107548953","2465756847","1"
"2465756847","2107548953","1"
"2107548953","2473761245","1"
"2473761245","2107548953","1"
"2107548953","2599694473","1"
"2599694473","2107548953","1"
"2107548953","2629606914","1"
"2629606914","2107548953","1"
"2107548953","2631827756","1"
"2631827756","2107548953","1"
"2107548953","2713527658","1"
"2713527658","2107548953","1"
"2107548953","2778638486","1"
"2778638486","2107548953","1"
"2107548953","2805232815","1"
"2805232815","2107548953","1"
"2107548953","2915137979","1"
"2915137979","2107548953","1"
"2107548953","2915329382","1"
"2915329382","2107548953","1"
"2107548953","2916289386","1"
"2916289386","2107548953","1"
"2107548953","2917828273","1"
"2917828273","2107548953","1"
"2107548953","2917828488","1"
"2917828488","2107548953","1"
"2107548953","2918162907","1"
"2918162907","2107548953","1"
"2107548953","2944624239","1"
"2944624239","2107548953","1"
"2107548953","2969922459","1"
"2969922459","2107548953","1"
"2107548953","3007609365","1"
"3007609365","2107548953","1"
"2107548953","3019126871","1"
"3019126871","2107548953","1"
"2107548953","3019721143","1"
"3019721143","2107548953","1"
"2107548953","3020507090","1"
"3020507090","2107548953","1"
"2107548953","3026250372","1"
"3026250372","2107548953","1"
"2113610622","2123306026","1"
"2123306026","2113610622","1"
"2113610622","2204845382","1"
"2204845382","2113610622","1"
"2113610622","2306298031","1"
"2306298031","2113610622","1"
"2113610622","2312747001","1"
"2312747001","2113610622","1"
"2113610622","2345255011","1"
"2345255011","2113610622","1"
"2113610622","2629606914","1"
"2629606914","2113610622","1"
"2113610622","2631827756","1"
"2631827756","2113610622","1"
"2113610622","2778638486","1"
"2778638486","2113610622","1"
"2113610622","2805232815","1"
"2805232815","2113610622","1"
"2113610622","2915137979","1"
"2915137979","2113610622","1"
"2113610622","2915329382","1"
"2915329382","2113610622","1"
"2113610622","2916289386","1"
"2916289386","2113610622","1"
"2113610622","2917828273","1"
"2917828273","2113610622","1"
"2113610622","2917828488","1"
"2917828488","2113610622","1"
"2113610622","2918162907","1"
"2918162907","2113610622","1"
"2113610622","2944624239","1"
"2944624239","2113610622","1"
"2113610622","2969922459","1"
"2969922459","2113610622","1"
"2113610622","3007609365","1"
"3007609365","2113610622","1"
"2113610622","3020507090","1"
"3020507090","2113610622","1"
"2113610622","3026250372","1"
"3026250372","2113610622","1"
"2115164898","2123306026","1"
"2123306026","2115164898","1"
"2115164898","2204845382","1"
"2204845382","2115164898","1"
"2115164898","2306298031","1"
"2306298031","2115164898","1"
"2115164898","2312747001","1"
"2312747001","2115164898","1"
"2115164898","2345255011","1"
"2345255011","2115164898","1"
"2115164898","2473761245","1"
"2473761245","2115164898","1"
"2115164898","2629606914","1"
"2629606914","2115164898","1"
"2115164898","2631827756","1"
"2631827756","2115164898","1"
"2115164898","2778638486","1"
"2778638486","2115164898","1"
"2115164898","2805232815","1"
"2805232815","2115164898","1"
"2115164898","2915137979","1"
"2915137979","2115164898","1"
"2115164898","2915329382","1"
"2915329382","2115164898","1"
"2115164898","2916289386","1"
"2916289386","2115164898","1"
"2115164898","2917828273","1"
"2917828273","2115164898","1"
"2115164898","2917828488","1"
"2917828488","2115164898","1"
"2115164898","2918162907","1"
"2918162907","2115164898","1"
"2115164898","2944624239","1"
"2944624239","2115164898","1"
"2115164898","2969922459","1"
"2969922459","2115164898","1"
"2115164898","3007609365","1"
"3007609365","2115164898","1"
"2115164898","3020507090","1"
"3020507090","2115164898","1"
"2115164898","3026250372","1"
"3026250372","2115164898","1"
"2123306026","2127306253","1"
"2127306253","2123306026","1"
"2123306026","2139178187","1"
"2139178187","2123306026","1"
"2123306026","2143322304","1"
"2143322304","2123306026","1"
"2123306026","2148139912","1"
"2148139912","2123306026","1"
"2123306026","2152400496","1"
"2152400496","2123306026","1"
"2123306026","2155795628","1"
"2155795628","2123306026","1"
"2123306026","2162640907","1"
"2162640907","2123306026","1"
"2123306026","2171358266","1"
"2171358266","2123306026","1"
"2123306026","2204845382","1"
"2204845382","2123306026","1"
"2123306026","2279313141","1"
"2279313141","2123306026","1"
"2123306026","2306298031","1"
"2306298031","2123306026","1"
"2123306026","2307175527","1"
"2307175527","2123306026","1"
"2123306026","2311669925","1"
"2311669925","2123306026","1"
"2123306026","2312747001","1"
"2312747001","2123306026","1"
"2123306026","2345255011","1"
"2345255011","2123306026","1"
"2123306026","2462331337","1"
"2462331337","2123306026","1"
"2123306026","2465756847","1"
"2465756847","2123306026","1"
"2123306026","2473761245","1"
"2473761245","2123306026","1"
"2123306026","2599694473","1"
"2599694473","2123306026","1"
"2123306026","2629606914","1"
"2629606914","2123306026","1"
"2123306026","2631827756","1"
"2631827756","2123306026","1"
"2123306026","2713527658","1"
"2713527658","2123306026","1"
"2123306026","2778638486","1"
"2778638486","2123306026","1"
"2123306026","2805232815","1"
"2805232815","2123306026","1"
"2123306026","2915137979","1"
"2915137979","2123306026","1"
"2123306026","2915329382","1"
"2915329382","2123306026","1"
"2123306026","2916289386","1"
"2916289386","2123306026","1"
"2123306026","2917828273","1"
"2917828273","2123306026","1"
"2123306026","2917828488","1"
"2917828488","2123306026","1"
"2123306026","2918162907","1"
"2918162907","2123306026","1"
"2123306026","2944624239","1"
"2944624239","2123306026","1"
"2123306026","2969922459","1"
"2969922459","2123306026","1"
"2123306026","3007609365","1"
"3007609365","2123306026","1"
"2123306026","3019126871","1"
"3019126871","2123306026","1"
"2123306026","3019721143","1"
"3019721143","2123306026","1"
"2123306026","3020507090","1"
"3020507090","2123306026","1"
"2123306026","3026250372","1"
"3026250372","2123306026","1"
"2127306253","2148139912","1"
"2148139912","2127306253","1"
"2127306253","2204845382","1"
"2204845382","2127306253","1"
"2127306253","2306298031","1"
"2306298031","2127306253","1"
"2127306253","2311669925","1"
"2311669925","2127306253","1"
"2127306253","2312747001","1"
"2312747001","2127306253","1"
"2127306253","2345255011","1"
"2345255011","2127306253","1"
"2127306253","2473761245","1"
"2473761245","2127306253","1"
"2127306253","2629606914","1"
"2629606914","2127306253","1"
"2127306253","2631827756","1"
"2631827756","2127306253","1"
"2127306253","2778638486","1"
"2778638486","2127306253","1"
"2127306253","2805232815","1"
"2805232815","2127306253","1"
"2127306253","2915137979","1"
"2915137979","2127306253","1"
"2127306253","2915329382","1"
"2915329382","2127306253","1"
"2127306253","2916289386","1"
"2916289386","2127306253","1"
"2127306253","2917828273","1"
"2917828273","2127306253","1"
"2127306253","2917828488","1"
"2917828488","2127306253","1"
"2127306253","2918162907","1"
"2918162907","2127306253","1"
"2127306253","2944624239","1"
"2944624239","2127306253","1"
"2127306253","2969922459","1"
"2969922459","2127306253","1"
"2127306253","3007609365","1"
"3007609365","2127306253","1"
"2127306253","3020507090","1"
"3020507090","2127306253","1"
"2127306253","3026250372","1"
"3026250372","2127306253","1"
"2139178187","2204845382","1"
"2204845382","2139178187","1"
"2139178187","2306298031","1"
"2306298031","2139178187","1"
"2139178187","2312747001","1"
"2312747001","2139178187","1"
"2139178187","2345255011","1"
"2345255011","2139178187","1"
"2139178187","2473761245","1"
"2473761245","2139178187","1"
"2139178187","2629606914","1"
"2629606914","2139178187","1"
"2139178187","2631827756","1"
"2631827756","2139178187","1"
"2139178187","2778638486","1"
"2778638486","2139178187","1"
"2139178187","2805232815","1"
"2805232815","2139178187","1"
"2139178187","2915137979","1"
"2915137979","2139178187","1"
"2139178187","2915329382","1"
"2915329382","2139178187","1"
"2139178187","2916289386","1"
"2916289386","2139178187","1"
"2139178187","2917828273","1"
"2917828273","2139178187","1"
"2139178187","2917828488","1"
"2917828488","2139178187","1"
"2139178187","2918162907","1"
"2918162907","2139178187","1"
"2139178187","2944624239","1"
"2944624239","2139178187","1"
"2139178187","2969922459","1"
"2969922459","2139178187","1"
"2139178187","3007609365","1"
"3007609365","2139178187","1"
"2139178187","3020507090","1"
"3020507090","2139178187","1"
"2139178187","3026250372","1"
"3026250372","2139178187","1"
"2143322304","2148139912","1"
"2148139912","2143322304","1"
"2143322304","2204845382","1"
"2204845382","2143322304","1"
"2143322304","2306298031","1"
"2306298031","2143322304","1"
"2143322304","2311669925","1"
"2311669925","2143322304","1"
"2143322304","2312747001","1"
"2312747001","2143322304","1"
"2143322304","2345255011","1"
"2345255011","2143322304","1"
"2143322304","2473761245","1"
"2473761245","2143322304","1"
"2143322304","2629606914","1"
"2629606914","2143322304","1"
"2143322304","2631827756","1"
"2631827756","2143322304","1"
"2143322304","2778638486","1"
"2778638486","2143322304","1"
"2143322304","2805232815","1"
"2805232815","2143322304","1"
"2143322304","2915137979","1"
"2915137979","2143322304","1"
"2143322304","2915329382","1"
"2915329382","2143322304","1"
"2143322304","2916289386","1"
"2916289386","2143322304","1"
"2143322304","2917828273","1"
"2917828273","2143322304","1"
"2143322304","2917828488","1"
"2917828488","2143322304","1"
"2143322304","2918162907","1"
"2918162907","2143322304","1"
"2143322304","2944624239","1"
"2944624239","2143322304","1"
"2143322304","2969922459","1"
"2969922459","2143322304","1"
"2143322304","3007609365","1"
"3007609365","2143322304","1"
"2143322304","3020507090","1"
"3020507090","2143322304","1"
"2143322304","3026250372","1"
"3026250372","2143322304","1"
"2148139912","2155795628","1"
"2155795628","2148139912","1"
"2148139912","2162640907","1"
"2162640907","2148139912","1"
"2148139912","2204845382","1"
"2204845382","2148139912","1"
"2148139912","2306298031","1"
"2306298031","2148139912","1"
"2148139912","2312747001","1"
"2312747001","2148139912","1"
"2148139912","2345255011","1"
"2345255011","2148139912","1"
"2148139912","2473761245","1"
"2473761245","2148139912","1"
"2148139912","2629606914","1"
"2629606914","2148139912","1"
"2148139912","2631827756","1"
"2631827756","2148139912","1"
"2148139912","2713527658","1"
"2713527658","2148139912","1"
"2148139912","2778638486","1"
"2778638486","2148139912","1"
"2148139912","2805232815","1"
"2805232815","2148139912","1"
"2148139912","2915137979","1"
"2915137979","2148139912","1"
"2148139912","2915329382","1"
"2915329382","2148139912","1"
"2148139912","2916289386","1"
"2916289386","2148139912","1"
"2148139912","2917828273","1"
"2917828273","2148139912","1"
"2148139912","2917828488","1"
"2917828488","2148139912","1"
"2148139912","2918162907","1"
"2918162907","2148139912","1"
"2148139912","2944624239","1"
"2944624239","2148139912","1"
"2148139912","2969922459","1"
"2969922459","2148139912","1"
"2148139912","3007609365","1"
"3007609365","2148139912","1"
"2148139912","3019126871","1"
"3019126871","2148139912","1"
"2148139912","3019721143","1"
"3019721143","2148139912","1"
"2148139912","3020507090","1"
"3020507090","2148139912","1"
"2148139912","3026250372","1"
"3026250372","2148139912","1"
"2152400496","2204845382","1"
"2204845382","2152400496","1"
"2152400496","2306298031","3"
"2306298031","2152400496","3"
"2152400496","2312747001","1"
"2312747001","2152400496","1"
"2152400496","2345255011","1"
"2345255011","2152400496","1"
"2152400496","2473761245","1"
"2473761245","2152400496","1"
"2152400496","2629606914","1"
"2629606914","2152400496","1"
"2152400496","2631827756","1"
"2631827756","2152400496","1"
"2152400496","2778638486","1"
"2778638486","2152400496","1"
"2152400496","2805232815","1"
"2805232815","2152400496","1"
"2152400496","2915137979","1"
"2915137979","2152400496","1"
"2152400496","2915329382","1"
"2915329382","2152400496","1"
"2152400496","2916289386","1"
"2916289386","2152400496","1"
"2152400496","2917828273","1"
"2917828273","2152400496","1"
"2152400496","2917828488","1"
"2917828488","2152400496","1"
"2152400496","2918162907","1"
"2918162907","2152400496","1"
"2152400496","2944624239","1"
"2944624239","2152400496","1"
"2152400496","2969922459","1"
"2969922459","2152400496","1"
"2152400496","3007609365","1"
"3007609365","2152400496","1"
"2152400496","3020507090","1"
"3020507090","2152400496","1"
"2152400496","3026250372","1"
"3026250372","2152400496","1"
"2155795628","2204845382","1"
"2204845382","2155795628","1"
"2155795628","2306298031","1"
"2306298031","2155795628","1"
"2155795628","2311669925","1"
"2311669925","2155795628","1"
"2155795628","2312747001","1"
"2312747001","2155795628","1"
"2155795628","2345255011","1"
"2345255011","2155795628","1"
"2155795628","2473761245","1"
"2473761245","2155795628","1"
"2155795628","2629606914","1"
"2629606914","2155795628","1"
"2155795628","2631827756","1"
"2631827756","2155795628","1"
"2155795628","2778638486","1"
"2778638486","2155795628","1"
"2155795628","2805232815","1"
"2805232815","2155795628","1"
"2155795628","2915137979","1"
"2915137979","2155795628","1"
"2155795628","2915329382","1"
"2915329382","2155795628","1"
"2155795628","2916289386","1"
"2916289386","2155795628","1"
"2155795628","2917828273","1"
"2917828273","2155795628","1"
"2155795628","2917828488","1"
"2917828488","2155795628","1"
"2155795628","2918162907","1"
"2918162907","2155795628","1"
"2155795628","2944624239","1"
"2944624239","2155795628","1"
"2155795628","2969922459","1"
"2969922459","2155795628","1"
"2155795628","3007609365","1"
"3007609365","2155795628","1"
"2155795628","3020507090","1"
"3020507090","2155795628","1"
"2155795628","3026250372","1"
"3026250372","2155795628","1"
"2162640907","2204845382","1"
"2204845382","2162640907","1"
"2162640907","2306298031","1"
"2306298031","2162640907","1"
"2162640907","2311669925","1"
"2311669925","2162640907","1"
"2162640907","2312747001","1"
"2312747001","2162640907","1"
"2162640907","2345255011","1"
"2345255011","2162640907","1"
"2162640907","2473761245","1"
"2473761245","2162640907","1"
"2162640907","2629606914","1"
"2629606914","2162640907","1"
"2162640907","2631827756","1"
"2631827756","2162640907","1"
"2162640907","2778638486","1"
"2778638486","2162640907","1"
"2162640907","2805232815","1"
"2805232815","2162640907","1"
"2162640907","2915137979","1"
"2915137979","2162640907","1"
"2162640907","2915329382","1"
"2915329382","2162640907","1"
"2162640907","2916289386","1"
"2916289386","2162640907","1"
"2162640907","2917828273","1"
"2917828273","2162640907","1"
"2162640907","2917828488","1"
"2917828488","2162640907","1"
"2162640907","2918162907","1"
"2918162907","2162640907","1"
"2162640907","2944624239","1"
"2944624239","2162640907","1"
"2162640907","2969922459","1"
"2969922459","2162640907","1"
"2162640907","3007609365","1"
"3007609365","2162640907","1"
"2162640907","3020507090","1"
"3020507090","2162640907","1"
"2162640907","3026250372","1"
"3026250372","2162640907","1"
"2171358266","2204845382","1"
"2204845382","2171358266","1"
"2171358266","2306298031","1"
"2306298031","2171358266","1"
"2171358266","2312747001","1"
"2312747001","2171358266","1"
"2171358266","2345255011","1"
"2345255011","2171358266","1"
"2171358266","2473761245","1"
"2473761245","2171358266","1"
"2171358266","2629606914","1"
"2629606914","2171358266","1"
"2171358266","2631827756","1"
"2631827756","2171358266","1"
"2171358266","2778638486","1"
"2778638486","2171358266","1"
"2171358266","2805232815","1"
"2805232815","2171358266","1"
"2171358266","2915137979","1"
"2915137979","2171358266","1"
"2171358266","2915329382","1"
"2915329382","2171358266","1"
"2171358266","2916289386","1"
"2916289386","2171358266","1"
"2171358266","2917828273","1"
"2917828273","2171358266","1"
"2171358266","2917828488","1"
"2917828488","2171358266","1"
"2171358266","2918162907","1"
"2918162907","2171358266","1"
"2171358266","2944624239","1"
"2944624239","2171358266","1"
"2171358266","2969922459","1"
"2969922459","2171358266","1"
"2171358266","3007609365","1"
"3007609365","2171358266","1"
"2171358266","3020507090","1"
"3020507090","2171358266","1"
"2171358266","3026250372","1"
"3026250372","2171358266","1"
"2204845382","2279313141","1"
"2279313141","2204845382","1"
"2204845382","2306298031","1"
"2306298031","2204845382","1"
"2204845382","2307175527","1"
"2307175527","2204845382","1"
"2204845382","2311669925","1"
"2311669925","2204845382","1"
"2204845382","2312747001","1"
"2312747001","2204845382","1"
"2204845382","2345255011","1"
"2345255011","2204845382","1"
"2204845382","2462331337","1"
"2462331337","2204845382","1"
"2204845382","2465756847","1"
"2465756847","2204845382","1"
"2204845382","2473761245","1"
"2473761245","2204845382","1"
"2204845382","2599694473","1"
"2599694473","2204845382","1"
"2204845382","2629606914","1"
"2629606914","2204845382","1"
"2204845382","2631827756","1"
"2631827756","2204845382","1"
"2204845382","2713527658","1"
"2713527658","2204845382","1"
"2204845382","2778638486","1"
"2778638486","2204845382","1"
"2204845382","2805232815","1"
"2805232815","2204845382","1"
"2204845382","2915137979","1"
"2915137979","2204845382","1"
"2204845382","2915329382","1"
"2915329382","2204845382","1"
"2204845382","2916289386","1"
"2916289386","2204845382","1"
"2204845382","2917828273","1"
"2917828273","2204845382","1"
"2204845382","2917828488","1"
"2917828488","2204845382","1"
"2204845382","2918162907","1"
"2918162907","2204845382","1"
"2204845382","2944624239","1"
"2944624239","2204845382","1"
"2204845382","2969922459","1"
"2969922459","2204845382","1"
"2204845382","3007609365","1"
"3007609365","2204845382","1"
"2204845382","3019126871","1"
"3019126871","2204845382","1"
"2204845382","3019721143","1"
"3019721143","2204845382","1"
"2204845382","3020507090","1"
"3020507090","2204845382","1"
"2204845382","3026250372","1"
"3026250372","2204845382","1"
"2279313141","2312747001","1"
"2312747001","2279313141","1"
"2279313141","2345255011","1"
"2345255011","2279313141","1"
"2279313141","2473761245","1"
"2473761245","2279313141","1"
"2279313141","2629606914","1"
"2629606914","2279313141","1"
"2279313141","2631827756","1"
"2631827756","2279313141","1"
"2279313141","2778638486","1"
"2778638486","2279313141","1"
"2279313141","2805232815","1"
"2805232815","2279313141","1"
"2279313141","2915137979","1"
"2915137979","2279313141","1"
"2279313141","2915329382","1"
"2915329382","2279313141","1"
"2279313141","2916289386","1"
"2916289386","2279313141","1"
"2279313141","2917828273","1"
"2917828273","2279313141","1"
"2279313141","2917828488","1"
"2917828488","2279313141","1"
"2279313141","2918162907","1"
"2918162907","2279313141","1"
"2279313141","2944624239","1"
"2944624239","2279313141","1"
"2279313141","2969922459","1"
"2969922459","2279313141","1"
"2279313141","3007609365","1"
"3007609365","2279313141","1"
"2279313141","3020507090","1"
"3020507090","2279313141","1"
"2279313141","3026250372","1"
"3026250372","2279313141","1"
"2306298031","2307175527","1"
"2307175527","2306298031","1"
"2306298031","2311669925","1"
"2311669925","2306298031","1"
"2306298031","2312747001","1"
"2312747001","2306298031","1"
"2306298031","2345255011","1"
"2345255011","2306298031","1"
"2306298031","2462331337","1"
"2462331337","2306298031","1"
"2306298031","2465756847","1"
"2465756847","2306298031","1"
"2306298031","2473761245","1"
"2473761245","2306298031","1"
"2306298031","2599694473","1"
"2599694473","2306298031","1"
"2306298031","2629606914","1"
"2629606914","2306298031","1"
"2306298031","2631827756","1"
"2631827756","2306298031","1"
"2306298031","2713527658","1"
"2713527658","2306298031","1"
"2306298031","2778638486","1"
"2778638486","2306298031","1"
"2306298031","2805232815","1"
"2805232815","2306298031","1"
"2306298031","2915137979","1"
"2915137979","2306298031","1"
"2306298031","2915329382","1"
"2915329382","2306298031","1"
"2306298031","2916289386","1"
"2916289386","2306298031","1"
"2306298031","2917828273","1"
"2917828273","2306298031","1"
"2306298031","2917828488","1"
"2917828488","2306298031","1"
"2306298031","2918162907","1"
"2918162907","2306298031","1"
"2306298031","2944624239","1"
"2944624239","2306298031","1"
"2306298031","2969922459","1"
"2969922459","2306298031","1"
"2306298031","3007609365","1"
"3007609365","2306298031","1"
"2306298031","3019126871","1"
"3019126871","2306298031","1"
"2306298031","3019721143","1"
"3019721143","2306298031","1"
"2306298031","3020507090","1"
"3020507090","2306298031","1"
"2306298031","3026250372","1"
"3026250372","2306298031","1"
"2307175527","2312747001","1"
"2312747001","2307175527","1"
"2307175527","2345255011","1"
"2345255011","2307175527","1"
"2307175527","2473761245","1"
"2473761245","2307175527","1"
"2307175527","2629606914","1"
"2629606914","2307175527","1"
"2307175527","2631827756","1"
"2631827756","2307175527","1"
"2307175527","2778638486","1"
"2778638486","2307175527","1"
"2307175527","2805232815","1"
"2805232815","2307175527","1"
"2307175527","2915137979","1"
"2915137979","2307175527","1"
"2307175527","2915329382","1"
"2915329382","2307175527","1"
"2307175527","2916289386","1"
"2916289386","2307175527","1"
"2307175527","2917828273","1"
"2917828273","2307175527","1"
"2307175527","2917828488","1"
"2917828488","2307175527","1"
"2307175527","2918162907","1"
"2918162907","2307175527","1"
"2307175527","2944624239","1"
"2944624239","2307175527","1"
"2307175527","2969922459","1"
"2969922459","2307175527","1"
"2307175527","3007609365","1"
"3007609365","2307175527","1"
"2307175527","3020507090","1"
"3020507090","2307175527","1"
"2307175527","3026250372","1"
"3026250372","2307175527","1"
"2311669925","2312747001","1"
"2312747001","2311669925","1"
"2311669925","2345255011","1"
"2345255011","2311669925","1"
"2311669925","2473761245","1"
"2473761245","2311669925","1"
"2311669925","2629606914","1"
"2629606914","2311669925","1"
"2311669925","2631827756","1"
"2631827756","2311669925","1"
"2311669925","2713527658","1"
"2713527658","2311669925","1"
"2311669925","2778638486","1"
"2778638486","2311669925","1"
"2311669925","2805232815","1"
"2805232815","2311669925","1"
"2311669925","2915137979","1"
"2915137979","2311669925","1"
"2311669925","2915329382","1"
"2915329382","2311669925","1"
"2311669925","2916289386","1"
"2916289386","2311669925","1"
"2311669925","2917828273","1"
"2917828273","2311669925","1"
"2311669925","2917828488","1"
"2917828488","2311669925","1"
"2311669925","2918162907","1"
"2918162907","2311669925","1"
"2311669925","2944624239","1"
"2944624239","2311669925","1"
"2311669925","2969922459","1"
"2969922459","2311669925","1"
"2311669925","3007609365","1"
"3007609365","2311669925","1"
"2311669925","3019126871","1"
"3019126871","2311669925","1"
"2311669925","3019721143","1"
"3019721143","2311669925","1"
"2311669925","3020507090","1"
"3020507090","2311669925","1"
"2311669925","3026250372","1"
"3026250372","2311669925","1"
"2312747001","2345255011","1"
"2345255011","2312747001","1"
"2312747001","2462331337","1"
"2462331337","2312747001","1"
"2312747001","2465756847","1"
"2465756847","2312747001","1"
"2312747001","2473761245","1"
"2473761245","2312747001","1"
"2312747001","2599694473","1"
"2599694473","2312747001","1"
"2312747001","2629606914","1"
"2629606914","2312747001","1"
"2312747001","2631827756","1"
"2631827756","2312747001","1"
"2312747001","2713527658","1"
"2713527658","2312747001","1"
"2312747001","2778638486","1"
"2778638486","2312747001","1"
"2312747001","2805232815","1"
"2805232815","2312747001","1"
"2312747001","2915137979","1"
"2915137979","2312747001","1"
"2312747001","2915329382","1"
"2915329382","2312747001","1"
"2312747001","2916289386","1"
"2916289386","2312747001","1"
"2312747001","2917828273","1"
"2917828273","2312747001","1"
"2312747001","2917828488","1"
"2917828488","2312747001","1"
"2312747001","2918162907","1"
"2918162907","2312747001","1"
"2312747001","2944624239","1"
"2944624239","2312747001","1"
"2312747001","2969922459","1"
"2969922459","2312747001","1"
"2312747001","3007609365","1"
"3007609365","2312747001","1"
"2312747001","3019126871","1"
"3019126871","2312747001","1"
"2312747001","3019721143","1"
"3019721143","2312747001","1"
"2312747001","3020507090","1"
"3020507090","2312747001","1"
"2312747001","3026250372","1"
"3026250372","2312747001","1"
"2345255011","2462331337","1"
"2462331337","2345255011","1"
"2345255011","2465756847","1"
"2465756847","2345255011","1"
"2345255011","2473761245","1"
"2473761245","2345255011","1"
"2345255011","2599694473","1"
"2599694473","2345255011","1"
"2345255011","2629606914","1"
"2629606914","2345255011","1"
"2345255011","2631827756","1"
"2631827756","2345255011","1"
"2345255011","2713527658","1"
"2713527658","2345255011","1"
"2345255011","2778638486","1"
"2778638486","2345255011","1"
"2345255011","2805232815","1"
"2805232815","2345255011","1"
"2345255011","2915137979","1"
"2915137979","2345255011","1"
"2345255011","2915329382","1"
"2915329382","2345255011","1"
"2345255011","2916289386","1"
"2916289386","2345255011","1"
"2345255011","2917828273","1"
"2917828273","2345255011","1"
"2345255011","2917828488","1"
"2917828488","2345255011","1"
"2345255011","2918162907","1"
"2918162907","2345255011","1"
"2345255011","2944624239","1"
"2944624239","2345255011","1"
"2345255011","2969922459","1"
"2969922459","2345255011","1"
"2345255011","3007609365","1"
"3007609365","2345255011","1"
"2345255011","3019126871","1"
"3019126871","2345255011","1"
"2345255011","3019721143","1"
"3019721143","2345255011","1"
"2345255011","3020507090","1"
"3020507090","2345255011","1"
"2345255011","3026250372","1"
"3026250372","2345255011","1"
"2462331337","2473761245","1"
"2473761245","2462331337","1"
"2462331337","2629606914","1"
"2629606914","2462331337","1"
"2462331337","2631827756","1"
"2631827756","2462331337","1"
"2462331337","2778638486","1"
"2778638486","2462331337","1"
"2462331337","2805232815","1"
"2805232815","2462331337","1"
"2462331337","2915137979","1"
"2915137979","2462331337","1"
"2462331337","2915329382","1"
"2915329382","2462331337","1"
"2462331337","2916289386","1"
"2916289386","2462331337","1"
"2462331337","2917828273","1"
"2917828273","2462331337","1"
"2462331337","2917828488","1"
"2917828488","2462331337","1"
"2462331337","2918162907","1"
"2918162907","2462331337","1"
"2462331337","2944624239","1"
"2944624239","2462331337","1"
"2462331337","2969922459","1"
"2969922459","2462331337","1"
"2462331337","3007609365","1"
"3007609365","2462331337","1"
"2462331337","3020507090","1"
"3020507090","2462331337","1"
"2462331337","3026250372","1"
"3026250372","2462331337","1"
"2465756847","2473761245","1"
"2473761245","2465756847","1"
"2465756847","2629606914","1"
"2629606914","2465756847","1"
"2465756847","2631827756","1"
"2631827756","2465756847","1"
"2465756847","2778638486","1"
"2778638486","2465756847","1"
"2465756847","2805232815","1"
"2805232815","2465756847","1"
"2465756847","2915137979","1"
"2915137979","2465756847","1"
"2465756847","2915329382","1"
"2915329382","2465756847","1"
"2465756847","2916289386","1"
"2916289386","2465756847","1"
"2465756847","2917828273","1"
"2917828273","2465756847","1"
"2465756847","2917828488","1"
"2917828488","2465756847","1"
"2465756847","2918162907","1"
"2918162907","2465756847","1"
"2465756847","2944624239","1"
"2944624239","2465756847","1"
"2465756847","2969922459","1"
"2969922459","2465756847","1"
"2465756847","3007609365","1"
"3007609365","2465756847","1"
"2465756847","3020507090","1"
"3020507090","2465756847","1"
"2465756847","3026250372","1"
"3026250372","2465756847","1"
"2473761245","2599694473","1"
"2599694473","2473761245","1"
"2473761245","2629606914","1"
"2629606914","2473761245","1"
"2473761245","2631827756","1"
"2631827756","2473761245","1"
"2473761245","2713527658","1"
"2713527658","2473761245","1"
"2473761245","2778638486","1"
"2778638486","2473761245","1"
"2473761245","2805232815","1"
"2805232815","2473761245","1"
"2473761245","2915137979","1"
"2915137979","2473761245","1"
"2473761245","2915329382","1"
"2915329382","2473761245","1"
"2473761245","2916289386","1"
"2916289386","2473761245","1"
"2473761245","2917828273","1"
"2917828273","2473761245","1"
"2473761245","2917828488","1"
"2917828488","2473761245","1"
"2473761245","2918162907","1"
"2918162907","2473761245","1"
"2473761245","2944624239","1"
"2944624239","2473761245","1"
"2473761245","2969922459","1"
"2969922459","2473761245","1"
"2473761245","3007609365","1"
"3007609365","2473761245","1"
"2473761245","3019126871","1"
"3019126871","2473761245","1"
"2473761245","3019721143","1"
"3019721143","2473761245","1"
"2473761245","3020507090","1"
"3020507090","2473761245","1"
"2473761245","3026250372","1"
"3026250372","2473761245","1"
"2599694473","2629606914","1"
"2629606914","2599694473","1"
"2599694473","2631827756","1"
"2631827756","2599694473","1"
"2599694473","2778638486","1"
"2778638486","2599694473","1"
"2599694473","2805232815","1"
"2805232815","2599694473","1"
"2599694473","2915137979","1"
"2915137979","2599694473","1"
"2599694473","2915329382","1"
"2915329382","2599694473","1"
"2599694473","2916289386","1"
"2916289386","2599694473","1"
"2599694473","2917828273","1"
"2917828273","2599694473","1"
"2599694473","2917828488","1"
"2917828488","2599694473","1"
"2599694473","2918162907","1"
"2918162907","2599694473","1"
"2599694473","2944624239","1"
"2944624239","2599694473","1"
"2599694473","2969922459","1"
"2969922459","2599694473","1"
"2599694473","3007609365","1"
"3007609365","2599694473","1"
"2599694473","3020507090","1"
"3020507090","2599694473","1"
"2599694473","3026250372","1"
"3026250372","2599694473","1"
"2629606914","2631827756","1"
"2631827756","2629606914","1"
"2629606914","2713527658","1"
"2713527658","2629606914","1"
"2629606914","2778638486","1"
"2778638486","2629606914","1"
"2629606914","2805232815","1"
"2805232815","2629606914","1"
"2629606914","2915137979","1"
"2915137979","2629606914","1"
"2629606914","2915329382","1"
"2915329382","2629606914","1"
"2629606914","2916289386","1"
"2916289386","2629606914","1"
"2629606914","2917828273","1"
"2917828273","2629606914","1"
"2629606914","2917828488","1"
"2917828488","2629606914","1"
"2629606914","2918162907","1"
"2918162907","2629606914","1"
"2629606914","2944624239","1"
"2944624239","2629606914","1"
"2629606914","2969922459","1"
"2969922459","2629606914","1"
"2629606914","3007609365","1"
"3007609365","2629606914","1"
"2629606914","3019126871","1"
"3019126871","2629606914","1"
"2629606914","3019721143","1"
"3019721143","2629606914","1"
"2629606914","3020507090","1"
"3020507090","2629606914","1"
"2629606914","3026250372","1"
"3026250372","2629606914","1"
"2631827756","2713527658","1"
"2713527658","2631827756","1"
"2631827756","2778638486","1"
"2778638486","2631827756","1"
"2631827756","2805232815","1"
"2805232815","2631827756","1"
"2631827756","2915137979","1"
"2915137979","2631827756","1"
"2631827756","2915329382","1"
"2915329382","2631827756","1"
"2631827756","2916289386","1"
"2916289386","2631827756","1"
"2631827756","2917828273","1"
"2917828273","2631827756","1"
"2631827756","2917828488","1"
"2917828488","2631827756","1"
"2631827756","2918162907","1"
"2918162907","2631827756","1"
"2631827756","2944624239","1"
"2944624239","2631827756","1"
"2631827756","2969922459","1"
"2969922459","2631827756","1"
"2631827756","3007609365","1"
"3007609365","2631827756","1"
"2631827756","3019126871","1"
"3019126871","2631827756","1"
"2631827756","3019721143","1"
"3019721143","2631827756","1"
"2631827756","3020507090","1"
"3020507090","2631827756","1"
"2631827756","3026250372","1"
"3026250372","2631827756","1"
"2713527658","2778638486","1"
"2778638486","2713527658","1"
"2713527658","2805232815","1"
"2805232815","2713527658","1"
"2713527658","2915137979","1"
"2915137979","2713527658","1"
"2713527658","2915329382","1"
"2915329382","2713527658","1"
"2713527658","2916289386","1"
"2916289386","2713527658","1"
"2713527658","2917828273","1"
"2917828273","2713527658","1"
"2713527658","2917828488","1"
"2917828488","2713527658","1"
"2713527658","2918162907","1"
"2918162907","2713527658","1"
"2713527658","2944624239","1"
"2944624239","2713527658","1"
"2713527658","2969922459","1"
"2969922459","2713527658","1"
"2713527658","3007609365","1"
"3007609365","2713527658","1"
"2713527658","3020507090","1"
"3020507090","2713527658","1"
"2713527658","3026250372","1"
"3026250372","2713527658","1"
"2778638486","2805232815","1"
"2805232815","2778638486","1"
"2778638486","2915137979","1"
"2915137979","2778638486","1"
"2778638486","2915329382","1"
"2915329382","2778638486","1"
"2778638486","2916289386","1"
"2916289386","2778638486","1"
"2778638486","2917828273","1"
"2917828273","2778638486","1"
"2778638486","2917828488","1"
"2917828488","2778638486","1"
"2778638486","2918162907","1"
"2918162907","2778638486","1"
"2778638486","2944624239","1"
"2944624239","2778638486","1"
"2778638486","2969922459","1"
"2969922459","2778638486","1"
"2778638486","3007609365","1"
"3007609365","2778638486","1"
"2778638486","3019126871","1"
"3019126871","2778638486","1"
"2778638486","3019721143","1"
"3019721143","2778638486","1"
"2778638486","3020507090","1"
"3020507090","2778638486","1"
"2778638486","3026250372","1"
"3026250372","2778638486","1"
"2805232815","2915137979","1"
"2915137979","2805232815","1"
"2805232815","2915329382","1"
"2915329382","2805232815","1"
"2805232815","2916289386","1"
"2916289386","2805232815","1"
"2805232815","2917828273","1"
"2917828273","2805232815","1"
"2805232815","2917828488","1"
"2917828488","2805232815","1"
"2805232815","2918162907","1"
"2918162907","2805232815","1"
"2805232815","2944624239","1"
"2944624239","2805232815","1"
"2805232815","2969922459","1"
"2969922459","2805232815","1"
"2805232815","3007609365","1"
"3007609365","2805232815","1"
"2805232815","3019126871","1"
"3019126871","2805232815","1"
"2805232815","3019721143","1"
"3019721143","2805232815","1"
"2805232815","3020507090","1"
"3020507090","2805232815","1"
"2805232815","3026250372","1"
"3026250372","2805232815","1"
"2915137979","2915329382","1"
"2915329382","2915137979","1"
"2915137979","2916289386","1"
"2916289386","2915137979","1"
"2915137979","2917828273","1"
"2917828273","2915137979","1"
"2915137979","2917828488","1"
"2917828488","2915137979","1"
"2915137979","2918162907","1"
"2918162907","2915137979","1"
"2915137979","2944624239","1"
"2944624239","2915137979","1"
"2915137979","2969922459","1"
"2969922459","2915137979","1"
"2915137979","3007609365","1"
"3007609365","2915137979","1"
"2915137979","3019126871","1"
"3019126871","2915137979","1"
"2915137979","3019721143","1"
"3019721143","2915137979","1"
"2915137979","3020507090","1"
"3020507090","2915137979","1"
"2915137979","3026250372","1"
"3026250372","2915137979","1"
"2915329382","2916289386","1"
"2916289386","2915329382","1"
"2915329382","2917828273","1"
"2917828273","2915329382","1"
"2915329382","2917828488","1"
"2917828488","2915329382","1"
"2915329382","2918162907","1"
"2918162907","2915329382","1"
"2915329382","2944624239","1"
"2944624239","2915329382","1"
"2915329382","2969922459","1"
"2969922459","2915329382","1"
"2915329382","3007609365","1"
"3007609365","2915329382","1"
"2915329382","3019126871","1"
"3019126871","2915329382","1"
"2915329382","3019721143","1"
"3019721143","2915329382","1"
"2915329382","3020507090","1"
"3020507090","2915329382","1"
"2915329382","3026250372","1"
"3026250372","2915329382","1"
"2916289386","2917828273","1"
"2917828273","2916289386","1"
"2916289386","2917828488","1"
"2917828488","2916289386","1"
"2916289386","2918162907","1"
"2918162907","2916289386","1"
"2916289386","2944624239","1"
"2944624239","2916289386","1"
"2916289386","2969922459","1"
"2969922459","2916289386","1"
"2916289386","3007609365","1"
"3007609365","2916289386","1"
"2916289386","3019126871","1"
"3019126871","2916289386","1"
"2916289386","3019721143","1"
"3019721143","2916289386","1"
"2916289386","3020507090","1"
"3020507090","2916289386","1"
"2916289386","3026250372","1"
"3026250372","2916289386","1"
"2917828273","2917828488","1"
"2917828488","2917828273","1"
"2917828273","2918162907","1"
"2918162907","2917828273","1"
"2917828273","2944624239","1"
"2944624239","2917828273","1"
"2917828273","2969922459","1"
"2969922459","2917828273","1"
"2917828273","3007609365","1"
"3007609365","2917828273","1"
"2917828273","3019126871","1"
"3019126871","2917828273","1"
"2917828273","3019721143","1"
"3019721143","2917828273","1"
"2917828273","3020507090","1"
"3020507090","2917828273","1"
"2917828273","3026250372","1"
"3026250372","2917828273","1"
"2917828488","2918162907","1"
"2918162907","2917828488","1"
"2917828488","2944624239","1"
"2944624239","2917828488","1"
"2917828488","2969922459","1"
"2969922459","2917828488","1"
"2917828488","3007609365","1"
"3007609365","2917828488","1"
"2917828488","3019126871","1"
"3019126871","2917828488","1"
"2917828488","3019721143","1"
"3019721143","2917828488","1"
"2917828488","3020507090","1"
"3020507090","2917828488","1"
"2917828488","3026250372","1"
"3026250372","2917828488","1"
"2918162907","2944624239","1"
"2944624239","2918162907","1"
"2918162907","2969922459","1"
"2969922459","2918162907","1"
"2918162907","3007609365","1"
"3007609365","2918162907","1"
"2918162907","3019126871","1"
"3019126871","2918162907","1"
"2918162907","3019721143","1"
"3019721143","2918162907","1"
"2918162907","3020507090","1"
"3020507090","2918162907","1"
"2918162907","3026250372","1"
"3026250372","2918162907","1"
"2944624239","2969922459","1"
"2969922459","2944624239","1"
"2944624239","3007609365","1"
"3007609365","2944624239","1"
"2944624239","3019126871","1"
"3019126871","2944624239","1"
"2944624239","3019721143","1"
"3019721143","2944624239","1"
"2944624239","3020507090","1"
"3020507090","2944624239","1"
"2944624239","3026250372","1"
"3026250372","2944624239","1"
"2969922459","3007609365","1"
"3007609365","2969922459","1"
"2969922459","3019126871","1"
"3019126871","2969922459","1"
"2969922459","3019721143","1"
"3019721143","2969922459","1"
"2969922459","3020507090","1"
"3020507090","2969922459","1"
"2969922459","3026250372","1"
"3026250372","2969922459","1"
"3007609365","3019126871","1"
"3019126871","3007609365","1"
"3007609365","3019721143","1"
"3019721143","3007609365","1"
"3007609365","3020507090","1"
"3020507090","3007609365","1"
"3007609365","3026250372","1"
"3026250372","3007609365","1"
"3019126871","3020507090","1"
"3020507090","3019126871","1"
"3019126871","3026250372","1"
"3026250372","3019126871","1"
"3019721143","3020507090","1"
"3020507090","3019721143","1"
"3019721143","3026250372","1"
"3026250372","3019721143","1"
"3020507090","3026250372","1"
"3026250372","3020507090","1"
"2231373282","355373420","2"
"355373420","2231373282","2"
"2231373282","1966086035","2"
"1966086035","2231373282","2"
"2231373282","3014648461","1"
"3014648461","2231373282","1"
"2231373282","3026476063","2"
"3026476063","2231373282","2"
"355373420","1966086035","2"
"1966086035","355373420","2"
"355373420","2044761227","1"
"2044761227","355373420","1"
"355373420","2139049311","2"
"2139049311","355373420","2"
"355373420","2152400496","2"
"2152400496","355373420","2"
"355373420","2306298031","2"
"2306298031","355373420","2"
"355373420","3014648461","1"
"3014648461","355373420","1"
"355373420","3026476063","2"
"3026476063","355373420","2"
"1966086035","2044761227","1"
"2044761227","1966086035","1"
"1966086035","2139049311","2"
"2139049311","1966086035","2"
"1966086035","2152400496","2"
"2152400496","1966086035","2"
"1966086035","2306298031","2"
"2306298031","1966086035","2"
"1966086035","3014648461","1"
"3014648461","1966086035","1"
"1966086035","3026476063","2"
"3026476063","1966086035","2"
"2044761227","3014648461","1"
"3014648461","2044761227","1"
"2044761227","3026476063","1"
"3026476063","2044761227","1"
"2139049311","3014648461","1"
"3014648461","2139049311","1"
"2139049311","3026476063","2"
"3026476063","2139049311","2"
"2152400496","3014648461","1"
"3014648461","2152400496","1"
"2152400496","3026476063","2"
"3026476063","2152400496","2"
"2306298031","3014648461","1"
"3014648461","2306298031","1"
"2306298031","3026476063","2"
"3026476063","2306298031","2"
"3014648461","3026476063","1"
"3026476063","3014648461","1"
"2231373282","2962775400","1"
"2962775400","2231373282","1"
"2231373282","2963939654","1"
"2963939654","2231373282","1"
"355373420","2962775400","1"
"2962775400","355373420","1"
"355373420","2963939654","1"
"2963939654","355373420","1"
"1966086035","2962775400","1"
"2962775400","1966086035","1"
"1966086035","2963939654","1"
"2963939654","1966086035","1"
"2139049311","2962775400","1"
"2962775400","2139049311","1"
"2139049311","2963939654","1"
"2963939654","2139049311","1"
"2152400496","2962775400","1"
"2962775400","2152400496","1"
"2152400496","2963939654","1"
"2963939654","2152400496","1"
"2306298031","2962775400","1"
"2962775400","2306298031","1"
"2306298031","2963939654","1"
"2963939654","2306298031","1"
"2962775400","2963939654","1"
"2963939654","2962775400","1"
"2962775400","3026476063","1"
"3026476063","2962775400","1"
"2963939654","3026476063","1"
"3026476063","2963939654","1"
"2231373282","2032371399","1"
"2032371399","2231373282","1"
"2231373282","2982258172","1"
"2982258172","2231373282","1"
"1970939844","2032371399","1"
"2032371399","1970939844","1"
"1970939844","2139049311","1"
"2139049311","1970939844","1"
"1970939844","2982258172","1"
"2982258172","1970939844","1"
"2000595583","2032371399","1"
"2032371399","2000595583","1"
"2000595583","2139049311","1"
"2139049311","2000595583","1"
"2000595583","2982258172","1"
"2982258172","2000595583","1"
"2032371399","2139049311","1"
"2139049311","2032371399","1"
"2032371399","2982258172","1"
"2982258172","2032371399","1"
"2139049311","2982258172","1"
"2982258172","2139049311","1"
"2231373282","3005586966","1"
"3005586966","2231373282","1"
"2030435813","3005586966","1"
"3005586966","2030435813","1"
