"2005.iwslt-1.15","2006.iwslt-evaluation.14","0.934524"
"2006.iwslt-evaluation.14","2005.iwslt-1.15","0.934524"
"2005.iwslt-1.15","2008.iwslt-evaluation.13","1.51145"
"2008.iwslt-evaluation.13","2005.iwslt-1.15","1.51145"
"2005.iwslt-1.15","D07-1080","1.34478"
"D07-1080","2005.iwslt-1.15","1.34478"
"2005.iwslt-1.15","W06-3115","1.76786"
"W06-3115","2005.iwslt-1.15","1.76786"
"2006.iwslt-evaluation.14","2008.iwslt-evaluation.13","1.01786"
"2008.iwslt-evaluation.13","2006.iwslt-evaluation.14","1.01786"
"2006.iwslt-evaluation.14","D07-1080","1.55119"
"D07-1080","2006.iwslt-evaluation.14","1.55119"
"2006.iwslt-evaluation.14","W06-3115","1.46786"
"W06-3115","2006.iwslt-evaluation.14","1.46786"
"2008.iwslt-evaluation.13","D07-1080","1.34478"
"D07-1080","2008.iwslt-evaluation.13","1.34478"
"2008.iwslt-evaluation.13","W06-3115","0.684524"
"W06-3115","2008.iwslt-evaluation.13","0.684524"
"D07-1080","W06-3115","1.55119"
"W06-3115","D07-1080","1.55119"
"2005.iwslt-1.15","2007.iwslt-1.16","1.45192"
"2007.iwslt-1.16","2005.iwslt-1.15","1.45192"
"2005.iwslt-1.15","P06-1098","0.684524"
"P06-1098","2005.iwslt-1.15","0.684524"
"2006.iwslt-evaluation.14","2007.iwslt-1.16","2.49167"
"2007.iwslt-1.16","2006.iwslt-evaluation.14","2.49167"
"2006.iwslt-evaluation.14","P06-1098","1.88452"
"P06-1098","2006.iwslt-evaluation.14","1.88452"
"2007.iwslt-1.16","2008.iwslt-evaluation.13","1.78526"
"2008.iwslt-evaluation.13","2007.iwslt-1.16","1.78526"
"2007.iwslt-1.16","D07-1080","9.01859"
"D07-1080","2007.iwslt-1.16","9.01859"
"2007.iwslt-1.16","P06-1098","1.49167"
"P06-1098","2007.iwslt-1.16","1.49167"
"2007.iwslt-1.16","W06-3115","1.15833"
"W06-3115","2007.iwslt-1.16","1.15833"
"2008.iwslt-evaluation.13","P06-1098","0.434524"
"P06-1098","2008.iwslt-evaluation.13","0.434524"
"D07-1080","P06-1098","0.634524"
"P06-1098","D07-1080","0.634524"
"P06-1098","W06-3115","0.884524"
"W06-3115","P06-1098","0.884524"
"2005.iwslt-1.15","W10-1757","0.576923"
"W10-1757","2005.iwslt-1.15","0.576923"
"W06-3115","W10-1757","0.5"
"W10-1757","W06-3115","0.5"
"2005.iwslt-1.15","2009.iwslt-papers.3","0.84478"
"2009.iwslt-papers.3","2005.iwslt-1.15","0.84478"
"2005.iwslt-1.15","C04-1064","0.0769231"
"C04-1064","2005.iwslt-1.15","0.0769231"
"2005.iwslt-1.15","D10-1092","0.0769231"
"D10-1092","2005.iwslt-1.15","0.0769231"
"2005.iwslt-1.15","H05-1019","0.0769231"
"H05-1019","2005.iwslt-1.15","0.0769231"
"2005.iwslt-1.15","P09-1093","0.0769231"
"P09-1093","2005.iwslt-1.15","0.0769231"
"2005.iwslt-1.15","W04-1014","0.0769231"
"W04-1014","2005.iwslt-1.15","0.0769231"
"2005.iwslt-1.15","W10-1736","0.21978"
"W10-1736","2005.iwslt-1.15","0.21978"
"2005.iwslt-1.15","W14-3335","0.0769231"
"W14-3335","2005.iwslt-1.15","0.0769231"
"2005.iwslt-1.15","W15-3058","0.0769231"
"W15-3058","2005.iwslt-1.15","0.0769231"
"2007.iwslt-1.16","2009.iwslt-papers.3","2.68526"
"2009.iwslt-papers.3","2007.iwslt-1.16","2.68526"
"2007.iwslt-1.16","C04-1064","0.0769231"
"C04-1064","2007.iwslt-1.16","0.0769231"
"2007.iwslt-1.16","D10-1092","0.0769231"
"D10-1092","2007.iwslt-1.16","0.0769231"
"2007.iwslt-1.16","H05-1019","0.0769231"
"H05-1019","2007.iwslt-1.16","0.0769231"
"2007.iwslt-1.16","P09-1093","0.276923"
"P09-1093","2007.iwslt-1.16","0.276923"
"2007.iwslt-1.16","W04-1014","0.0769231"
"W04-1014","2007.iwslt-1.16","0.0769231"
"2007.iwslt-1.16","W10-1736","0.0769231"
"W10-1736","2007.iwslt-1.16","0.0769231"
"2007.iwslt-1.16","W10-1757","1.11026"
"W10-1757","2007.iwslt-1.16","1.11026"
"2007.iwslt-1.16","W14-3335","0.0769231"
"W14-3335","2007.iwslt-1.16","0.0769231"
"2007.iwslt-1.16","W15-3058","0.0769231"
"W15-3058","2007.iwslt-1.16","0.0769231"
"2008.iwslt-evaluation.13","2009.iwslt-papers.3","1.92811"
"2009.iwslt-papers.3","2008.iwslt-evaluation.13","1.92811"
"2008.iwslt-evaluation.13","C04-1064","0.0769231"
"C04-1064","2008.iwslt-evaluation.13","0.0769231"
"2008.iwslt-evaluation.13","D10-1092","0.0769231"
"D10-1092","2008.iwslt-evaluation.13","0.0769231"
"2008.iwslt-evaluation.13","H05-1019","0.0769231"
"H05-1019","2008.iwslt-evaluation.13","0.0769231"
"2008.iwslt-evaluation.13","P09-1093","0.0769231"
"P09-1093","2008.iwslt-evaluation.13","0.0769231"
"2008.iwslt-evaluation.13","W04-1014","0.0769231"
"W04-1014","2008.iwslt-evaluation.13","0.0769231"
"2008.iwslt-evaluation.13","W10-1736","0.21978"
"W10-1736","2008.iwslt-evaluation.13","0.21978"
"2008.iwslt-evaluation.13","W10-1757","2.41026"
"W10-1757","2008.iwslt-evaluation.13","2.41026"
"2008.iwslt-evaluation.13","W14-3335","0.0769231"
"W14-3335","2008.iwslt-evaluation.13","0.0769231"
"2008.iwslt-evaluation.13","W15-3058","0.0769231"
"W15-3058","2008.iwslt-evaluation.13","0.0769231"
"2009.iwslt-papers.3","C04-1064","0.0769231"
"C04-1064","2009.iwslt-papers.3","0.0769231"
"2009.iwslt-papers.3","D07-1080","1.49478"
"D07-1080","2009.iwslt-papers.3","1.49478"
"2009.iwslt-papers.3","D10-1092","0.0769231"
"D10-1092","2009.iwslt-papers.3","0.0769231"
"2009.iwslt-papers.3","H05-1019","0.0769231"
"H05-1019","2009.iwslt-papers.3","0.0769231"
"2009.iwslt-papers.3","P09-1093","0.276923"
"P09-1093","2009.iwslt-papers.3","0.276923"
"2009.iwslt-papers.3","W04-1014","0.0769231"
"W04-1014","2009.iwslt-papers.3","0.0769231"
"2009.iwslt-papers.3","W10-1736","1.21978"
"W10-1736","2009.iwslt-papers.3","1.21978"
"2009.iwslt-papers.3","W10-1757","1.61026"
"W10-1757","2009.iwslt-papers.3","1.61026"
"2009.iwslt-papers.3","W14-3335","0.0769231"
"W14-3335","2009.iwslt-papers.3","0.0769231"
"2009.iwslt-papers.3","W15-3058","0.0769231"
"W15-3058","2009.iwslt-papers.3","0.0769231"
"C04-1064","D07-1080","0.0769231"
"D07-1080","C04-1064","0.0769231"
"C04-1064","D10-1092","0.0769231"
"D10-1092","C04-1064","0.0769231"
"C04-1064","H05-1019","0.0769231"
"H05-1019","C04-1064","0.0769231"
"C04-1064","P09-1093","0.0769231"
"P09-1093","C04-1064","0.0769231"
"C04-1064","W04-1014","0.0769231"
"W04-1014","C04-1064","0.0769231"
"C04-1064","W10-1736","0.0769231"
"W10-1736","C04-1064","0.0769231"
"C04-1064","W10-1757","0.0769231"
"W10-1757","C04-1064","0.0769231"
"C04-1064","W14-3335","0.410256"
"W14-3335","C04-1064","0.410256"
"C04-1064","W15-3058","0.0769231"
"W15-3058","C04-1064","0.0769231"
"D07-1080","D10-1092","0.0769231"
"D10-1092","D07-1080","0.0769231"
"D07-1080","H05-1019","0.0769231"
"H05-1019","D07-1080","0.0769231"
"D07-1080","P09-1093","0.276923"
"P09-1093","D07-1080","0.276923"
"D07-1080","W04-1014","0.0769231"
"W04-1014","D07-1080","0.0769231"
"D07-1080","W10-1736","0.21978"
"W10-1736","D07-1080","0.21978"
"D07-1080","W10-1757","0.776923"
"W10-1757","D07-1080","0.776923"
"D07-1080","W14-3335","0.0769231"
"W14-3335","D07-1080","0.0769231"
"D07-1080","W15-3058","0.0769231"
"W15-3058","D07-1080","0.0769231"
"D10-1092","H05-1019","0.576923"
"H05-1019","D10-1092","0.576923"
"D10-1092","P09-1093","0.0769231"
"P09-1093","D10-1092","0.0769231"
"D10-1092","W04-1014","0.576923"
"W04-1014","D10-1092","0.576923"
"D10-1092","W10-1736","1.07692"
"W10-1736","D10-1092","1.07692"
"D10-1092","W10-1757","0.0769231"
"W10-1757","D10-1092","0.0769231"
"D10-1092","W14-3335","2.07692"
"W14-3335","D10-1092","2.07692"
"D10-1092","W15-3058","0.0769231"
"W15-3058","D10-1092","0.0769231"
"H05-1019","P09-1093","0.0769231"
"P09-1093","H05-1019","0.0769231"
"H05-1019","W04-1014","0.576923"
"W04-1014","H05-1019","0.576923"
"H05-1019","W10-1736","0.0769231"
"W10-1736","H05-1019","0.0769231"
"H05-1019","W10-1757","0.0769231"
"W10-1757","H05-1019","0.0769231"
"H05-1019","W14-3335","1.07692"
"W14-3335","H05-1019","1.07692"
"H05-1019","W15-3058","0.0769231"
"W15-3058","H05-1019","0.0769231"
"P09-1093","W04-1014","0.0769231"
"W04-1014","P09-1093","0.0769231"
"P09-1093","W10-1736","0.0769231"
"W10-1736","P09-1093","0.0769231"
"P09-1093","W10-1757","0.276923"
"W10-1757","P09-1093","0.276923"
"P09-1093","W14-3335","0.0769231"
"W14-3335","P09-1093","0.0769231"
"P09-1093","W15-3058","0.0769231"
"W15-3058","P09-1093","0.0769231"
"W04-1014","W10-1736","0.0769231"
"W10-1736","W04-1014","0.0769231"
"W04-1014","W10-1757","0.0769231"
"W10-1757","W04-1014","0.0769231"
"W04-1014","W14-3335","0.0769231"
"W14-3335","W04-1014","0.0769231"
"W04-1014","W15-3058","0.0769231"
"W15-3058","W04-1014","0.0769231"
"W10-1736","W10-1757","1.07692"
"W10-1757","W10-1736","1.07692"
"W10-1736","W14-3335","0.0769231"
"W14-3335","W10-1736","0.0769231"
"W10-1736","W15-3058","0.0769231"
"W15-3058","W10-1736","0.0769231"
"W10-1757","W14-3335","0.0769231"
"W14-3335","W10-1757","0.0769231"
"W10-1757","W15-3058","0.0769231"
"W15-3058","W10-1757","0.0769231"
"W14-3335","W15-3058","1.07692"
"W15-3058","W14-3335","1.07692"
"2006.iwslt-evaluation.14","2009.iwslt-papers.3","1.71786"
"2009.iwslt-papers.3","2006.iwslt-evaluation.14","1.71786"
"2009.iwslt-papers.3","P06-1098","1.71786"
"P06-1098","2009.iwslt-papers.3","1.71786"
"2009.iwslt-papers.3","W06-3115","0.717857"
"W06-3115","2009.iwslt-papers.3","0.717857"
"2006.iwslt-evaluation.14","W10-1736","0.142857"
"W10-1736","2006.iwslt-evaluation.14","0.142857"
"P06-1098","W10-1736","1.14286"
"W10-1736","P06-1098","1.14286"
"W06-3115","W10-1736","0.142857"
"W10-1736","W06-3115","0.142857"
"2005.iwslt-1.15","P06-1028","0.125"
"P06-1028","2005.iwslt-1.15","0.125"
"2006.iwslt-evaluation.14","P06-1028","0.125"
"P06-1028","2006.iwslt-evaluation.14","0.125"
"2007.iwslt-1.16","P06-1028","0.125"
"P06-1028","2007.iwslt-1.16","0.125"
"2008.iwslt-evaluation.13","P06-1028","0.125"
"P06-1028","2008.iwslt-evaluation.13","0.125"
"2009.iwslt-papers.3","P06-1028","0.125"
"P06-1028","2009.iwslt-papers.3","0.125"
"D07-1080","P06-1028","0.125"
"P06-1028","D07-1080","0.125"
"P06-1028","P06-1098","0.125"
"P06-1098","P06-1028","0.125"
"P06-1028","W06-3115","0.125"
"W06-3115","P06-1028","0.125"
"2006.iwslt-evaluation.14","C04-1040","0.333333"
"C04-1040","2006.iwslt-evaluation.14","0.333333"
"2006.iwslt-evaluation.14","P05-1024","0.333333"
"P05-1024","2006.iwslt-evaluation.14","0.333333"
"2007.iwslt-1.16","C04-1040","0.333333"
"C04-1040","2007.iwslt-1.16","0.333333"
"2007.iwslt-1.16","P05-1024","0.333333"
"P05-1024","2007.iwslt-1.16","0.333333"
"C04-1040","P05-1024","2.47619"
"P05-1024","C04-1040","2.47619"
"2007.iwslt-1.16","D09-1058","0.2"
"D09-1058","2007.iwslt-1.16","0.2"
"2009.iwslt-papers.3","D09-1058","0.2"
"D09-1058","2009.iwslt-papers.3","0.2"
"D07-1080","D09-1058","0.2"
"D09-1058","D07-1080","0.2"
"D09-1058","P09-1093","0.2"
"P09-1093","D09-1058","0.2"
"D09-1058","W10-1757","1.2"
"W10-1757","D09-1058","1.2"
"2009.iwslt-papers.3","C02-1053","1"
"C02-1053","2009.iwslt-papers.3","1"
"2012.iwslt-keynotes.1","W14-3335","1"
"W14-3335","2012.iwslt-keynotes.1","1"
"C02-1053","C02-1054","1.47619"
"C02-1054","C02-1053","1.47619"
"C02-1053","C04-1040","0.142857"
"C04-1040","C02-1053","0.142857"
"C02-1053","D07-1083","0.142857"
"D07-1083","C02-1053","0.142857"
"C02-1053","P05-1024","0.142857"
"P05-1024","C02-1053","0.142857"
"C02-1053","P06-1028","0.142857"
"P06-1028","C02-1053","0.142857"
"C02-1053","P08-1076","0.142857"
"P08-1076","C02-1053","0.142857"
"C02-1053","W03-1024","0.142857"
"W03-1024","C02-1053","0.142857"
"C02-1054","C04-1040","0.142857"
"C04-1040","C02-1054","0.142857"
"C02-1054","D07-1083","0.142857"
"D07-1083","C02-1054","0.142857"
"C02-1054","P05-1024","0.142857"
"P05-1024","C02-1054","0.142857"
"C02-1054","P06-1028","0.142857"
"P06-1028","C02-1054","0.142857"
"C02-1054","P08-1076","0.142857"
"P08-1076","C02-1054","0.142857"
"C02-1054","W03-1024","0.142857"
"W03-1024","C02-1054","0.142857"
"C04-1040","D07-1083","0.142857"
"D07-1083","C04-1040","0.142857"
"C04-1040","P06-1028","0.142857"
"P06-1028","C04-1040","0.142857"
"C04-1040","P08-1076","0.47619"
"P08-1076","C04-1040","0.47619"
"C04-1040","W03-1024","0.642857"
"W03-1024","C04-1040","0.642857"
"D07-1083","P05-1024","0.809524"
"P05-1024","D07-1083","0.809524"
"D07-1083","P06-1028","1.14286"
"P06-1028","D07-1083","1.14286"
"D07-1083","P08-1076","3.64286"
"P08-1076","D07-1083","3.64286"
"D07-1083","W03-1024","0.142857"
"W03-1024","D07-1083","0.142857"
"P05-1024","P06-1028","0.809524"
"P06-1028","P05-1024","0.809524"
"P05-1024","P08-1076","0.809524"
"P08-1076","P05-1024","0.809524"
"P05-1024","W03-1024","0.142857"
"W03-1024","P05-1024","0.142857"
"P06-1028","P08-1076","1.14286"
"P08-1076","P06-1028","1.14286"
"P06-1028","W03-1024","0.142857"
"W03-1024","P06-1028","0.142857"
"P08-1076","W03-1024","0.142857"
"W03-1024","P08-1076","0.142857"
"C02-1053","P01-1041","0.333333"
"P01-1041","C02-1053","0.333333"
"C02-1053","P06-1078","0.333333"
"P06-1078","C02-1053","0.333333"
"C02-1054","P01-1041","1.83333"
"P01-1041","C02-1054","1.83333"
"C02-1054","P06-1078","0.833333"
"P06-1078","C02-1054","0.833333"
"P01-1041","P06-1078","0.833333"
"P06-1078","P01-1041","0.833333"
"C04-1040","D09-1058","2.33333"
"D09-1058","C04-1040","2.33333"
"C04-1040","P06-1078","0.5"
"P06-1078","C04-1040","0.5"
"P06-1078","W03-1024","0.5"
"W03-1024","P06-1078","0.5"
"C04-1040","C04-1064","0.833333"
"C04-1064","C04-1040","0.833333"
"C04-1040","P04-1016","0.833333"
"P04-1016","C04-1040","0.833333"
"C04-1040","W14-3335","0.333333"
"W14-3335","C04-1040","0.333333"
"C04-1064","P04-1016","0.833333"
"P04-1016","C04-1064","0.833333"
"P04-1016","W14-3335","0.333333"
"W14-3335","P04-1016","0.333333"
"C04-1040","P11-2112","0.333333"
"P11-2112","C04-1040","0.333333"
"D09-1058","P08-1076","0.333333"
"P08-1076","D09-1058","0.333333"
"D09-1058","P11-2112","2.33333"
"P11-2112","D09-1058","2.33333"
"P08-1076","P11-2112","1.16667"
"P11-2112","P08-1076","1.16667"
"D07-1083","P06-1078","1"
"P06-1078","D07-1083","1"
"D07-1083","P11-2112","0.833333"
"P11-2112","D07-1083","0.833333"
"P06-1028","P11-2112","0.333333"
"P11-2112","P06-1028","0.333333"
"I08-1055","P07-2030","0.5"
"P07-2030","I08-1055","0.5"
"I08-1055","W03-1024","0.5"
"W03-1024","I08-1055","0.5"
"P07-2030","W03-1024","0.5"
"W03-1024","P07-2030","0.5"
"I08-2116","P06-1028","1"
"P06-1028","I08-2116","1"
"P05-1024","P09-1093","1"
"P09-1093","P05-1024","1"
"P06-1028","P06-1078","1"
"P06-1078","P06-1028","1"
"P11-2112","W10-1757","1"
"W10-1757","P11-2112","1"
