"2008.amta-papers.18","P11-1042","1.37562"
"P11-1042","2008.amta-papers.18","1.37562"
"2008.amta-papers.18","D09-1023","2.10181"
"D09-1023","2008.amta-papers.18","2.10181"
"2008.amta-papers.18","D11-1044","1.12013"
"D11-1044","2008.amta-papers.18","1.12013"
"2008.amta-papers.18","J14-2005","1.86372"
"J14-2005","2008.amta-papers.18","1.86372"
"2008.amta-papers.18","N12-1023","0.530386"
"N12-1023","2008.amta-papers.18","0.530386"
"2008.amta-papers.18","N13-1076","0.213287"
"N13-1076","2008.amta-papers.18","0.213287"
"2008.amta-papers.18","W08-0302","0.453463"
"W08-0302","2008.amta-papers.18","0.453463"
"2008.amta-papers.18","W10-2925","0.162338"
"W10-2925","2008.amta-papers.18","0.162338"
"2008.amta-papers.18","W11-2139","0.368049"
"W11-2139","2008.amta-papers.18","0.368049"
"2008.amta-papers.18","W11-2165","0.530386"
"W11-2165","2008.amta-papers.18","0.530386"
"2008.amta-papers.18","W19-4302","0.0909091"
"W19-4302","2008.amta-papers.18","0.0909091"
"D09-1023","D11-1044","3.44993"
"D11-1044","D09-1023","3.44993"
"D09-1023","J14-2005","5.66018"
"J14-2005","D09-1023","5.66018"
"D09-1023","N12-1023","2.37483"
"N12-1023","D09-1023","2.37483"
"D09-1023","N13-1076","0.574398"
"N13-1076","D09-1023","0.574398"
"D09-1023","P11-1042","1.37562"
"P11-1042","D09-1023","1.37562"
"D09-1023","W08-0302","1.01457"
"W08-0302","D09-1023","1.01457"
"D09-1023","W10-2925","0.362338"
"W10-2925","D09-1023","0.362338"
"D09-1023","W11-2139","1.51805"
"W11-2139","D09-1023","1.51805"
"D09-1023","W11-2165","1.95816"
"W11-2165","D09-1023","1.95816"
"D09-1023","W19-4302","0.0909091"
"W19-4302","D09-1023","0.0909091"
"D11-1044","J14-2005","10.7688"
"J14-2005","D11-1044","10.7688"
"D11-1044","N12-1023","1.59791"
"N12-1023","D11-1044","1.59791"
"D11-1044","N13-1076","0.247475"
"N13-1076","D11-1044","0.247475"
"D11-1044","P11-1042","0.727273"
"P11-1042","D11-1044","0.727273"
"D11-1044","W08-0302","0.764574"
"W08-0302","D11-1044","0.764574"
"D11-1044","W10-2925","0.120321"
"W10-2925","D11-1044","0.120321"
"D11-1044","W11-2139","1.7322"
"W11-2139","D11-1044","1.7322"
"D11-1044","W11-2165","2.41041"
"W11-2165","D11-1044","2.41041"
"D11-1044","W19-4302","0.0909091"
"W19-4302","D11-1044","0.0909091"
"J14-2005","N12-1023","1.97483"
"N12-1023","J14-2005","1.97483"
"J14-2005","N13-1076","1.11011"
"N13-1076","J14-2005","1.11011"
"J14-2005","P11-1042","1.08991"
"P11-1042","J14-2005","1.08991"
"J14-2005","W08-0302","0.814574"
"W08-0302","J14-2005","0.814574"
"J14-2005","W10-2925","0.120321"
"W10-2925","J14-2005","0.120321"
"J14-2005","W11-2139","2.64483"
"W11-2139","J14-2005","2.64483"
"J14-2005","W11-2165","4.03733"
"W11-2165","J14-2005","4.03733"
"J14-2005","W19-4302","0.0909091"
"W19-4302","J14-2005","0.0909091"
"N12-1023","N13-1076","0.324398"
"N13-1076","N12-1023","0.324398"
"N12-1023","P11-1042","1.3042"
"P11-1042","N12-1023","1.3042"
"N12-1023","W08-0302","0.764574"
"W08-0302","N12-1023","0.764574"
"N12-1023","W10-2925","0.290909"
"W10-2925","N12-1023","0.290909"
"N12-1023","W11-2139","4.24662"
"W11-2139","N12-1023","4.24662"
"N12-1023","W11-2165","2.95816"
"W11-2165","N12-1023","2.95816"
"N12-1023","W19-4302","0.0909091"
"W19-4302","N12-1023","0.0909091"
"N13-1076","P11-1042","0.999001"
"P11-1042","N13-1076","0.999001"
"N13-1076","W08-0302","0.497475"
"W08-0302","N13-1076","0.497475"
"N13-1076","W10-2925","0.233766"
"W10-2925","N13-1076","0.233766"
"N13-1076","W11-2139","0.356144"
"W11-2139","N13-1076","0.356144"
"N13-1076","W11-2165","0.324398"
"W11-2165","N13-1076","0.324398"
"N13-1076","W19-4302","0.0909091"
"W19-4302","N13-1076","0.0909091"
"P11-1042","W08-0302","0.227273"
"W08-0302","P11-1042","0.227273"
"P11-1042","W10-2925","1.66234"
"W10-2925","P11-1042","1.66234"
"P11-1042","W11-2139","2.59424"
"W11-2139","P11-1042","2.59424"
"P11-1042","W11-2165","0.304196"
"W11-2165","P11-1042","0.304196"
"P11-1042","W19-4302","0.0909091"
"W19-4302","P11-1042","0.0909091"
"W08-0302","W10-2925","0.0909091"
"W10-2925","W08-0302","0.0909091"
"W08-0302","W11-2139","0.219697"
"W11-2139","W08-0302","0.219697"
"W08-0302","W11-2165","0.764574"
"W11-2165","W08-0302","0.764574"
"W08-0302","W19-4302","0.0909091"
"W19-4302","W08-0302","0.0909091"
"W10-2925","W11-2139","0.862338"
"W11-2139","W10-2925","0.862338"
"W10-2925","W11-2165","0.290909"
"W11-2165","W10-2925","0.290909"
"W10-2925","W19-4302","0.290909"
"W19-4302","W10-2925","0.290909"
"W11-2139","W11-2165","1.89245"
"W11-2165","W11-2139","1.89245"
"W11-2139","W19-4302","0.20202"
"W19-4302","W11-2139","0.20202"
"W11-2165","W19-4302","0.0909091"
"W19-4302","W11-2165","0.0909091"
"2008.amta-papers.18","W12-3203","1.2"
"W12-3203","2008.amta-papers.18","1.2"
"2008.amta-papers.18","C10-1092","0.162338"
"C10-1092","2008.amta-papers.18","0.162338"
"2008.amta-papers.18","D07-1003","0.0714286"
"D07-1003","2008.amta-papers.18","0.0714286"
"2008.amta-papers.18","D13-1010","0.0714286"
"D13-1010","2008.amta-papers.18","0.0714286"
"2008.amta-papers.18","D13-1174","0.148352"
"D13-1174","2008.amta-papers.18","0.148352"
"2008.amta-papers.18","N12-1069","0.0714286"
"N12-1069","2008.amta-papers.18","0.0714286"
"2008.amta-papers.18","N13-1073","0.239261"
"N13-1073","2008.amta-papers.18","0.239261"
"2008.amta-papers.18","N13-1140","0.0714286"
"N13-1140","2008.amta-papers.18","0.0714286"
"2008.amta-papers.18","P06-1072","0.0714286"
"P06-1072","2008.amta-papers.18","0.0714286"
"2008.amta-papers.18","smith-jahr-2000-cairo","0.0714286"
"smith-jahr-2000-cairo","2008.amta-papers.18","0.0714286"
"2008.amta-papers.18","W04-3207","0.329004"
"W04-3207","2008.amta-papers.18","0.329004"
"C10-1092","D07-1003","0.0714286"
"D07-1003","C10-1092","0.0714286"
"C10-1092","D09-1023","0.273449"
"D09-1023","C10-1092","0.273449"
"C10-1092","D13-1010","0.0714286"
"D13-1010","C10-1092","0.0714286"
"C10-1092","D13-1174","0.214286"
"D13-1174","C10-1092","0.214286"
"C10-1092","N12-1069","0.0714286"
"N12-1069","C10-1092","0.0714286"
"C10-1092","N13-1073","0.662338"
"N13-1073","C10-1092","0.662338"
"C10-1092","N13-1140","2.04762"
"N13-1140","C10-1092","2.04762"
"C10-1092","P06-1072","0.0714286"
"P06-1072","C10-1092","0.0714286"
"C10-1092","P11-1042","0.662338"
"P11-1042","C10-1092","0.662338"
"C10-1092","smith-jahr-2000-cairo","0.0714286"
"smith-jahr-2000-cairo","C10-1092","0.0714286"
"C10-1092","W04-3207","0.162338"
"W04-3207","C10-1092","0.162338"
"C10-1092","W10-2925","0.0714286"
"W10-2925","C10-1092","0.0714286"
"C10-1092","W11-2139","0.404762"
"W11-2139","C10-1092","0.404762"
"D07-1003","D09-1023","1.22143"
"D09-1023","D07-1003","1.22143"
"D07-1003","D13-1010","0.0714286"
"D13-1010","D07-1003","0.0714286"
"D07-1003","D13-1174","0.0714286"
"D13-1174","D07-1003","0.0714286"
"D07-1003","N12-1069","0.0714286"
"N12-1069","D07-1003","0.0714286"
"D07-1003","N13-1073","0.0714286"
"N13-1073","D07-1003","0.0714286"
"D07-1003","N13-1140","0.0714286"
"N13-1140","D07-1003","0.0714286"
"D07-1003","P06-1072","0.177763"
"P06-1072","D07-1003","0.177763"
"D07-1003","P11-1042","0.0714286"
"P11-1042","D07-1003","0.0714286"
"D07-1003","smith-jahr-2000-cairo","0.0714286"
"smith-jahr-2000-cairo","D07-1003","0.0714286"
"D07-1003","W04-3207","1.4381"
"W04-3207","D07-1003","1.4381"
"D07-1003","W10-2925","0.10084"
"W10-2925","D07-1003","0.10084"
"D07-1003","W11-2139","0.271429"
"W11-2139","D07-1003","0.271429"
"D09-1023","D13-1010","0.0714286"
"D13-1010","D09-1023","0.0714286"
"D09-1023","D13-1174","0.815018"
"D13-1174","D09-1023","0.815018"
"D09-1023","N12-1069","0.162338"
"N12-1069","D09-1023","0.162338"
"D09-1023","N13-1073","0.239261"
"N13-1073","D09-1023","0.239261"
"D09-1023","N13-1140","0.0714286"
"N13-1140","D09-1023","0.0714286"
"D09-1023","P06-1072","0.662338"
"P06-1072","D09-1023","0.662338"
"D09-1023","smith-jahr-2000-cairo","0.0714286"
"smith-jahr-2000-cairo","D09-1023","0.0714286"
"D09-1023","W04-3207","1.49567"
"W04-3207","D09-1023","1.49567"
"D13-1010","D13-1174","0.0714286"
"D13-1174","D13-1010","0.0714286"
"D13-1010","N12-1069","0.0714286"
"N12-1069","D13-1010","0.0714286"
"D13-1010","N13-1073","0.0714286"
"N13-1073","D13-1010","0.0714286"
"D13-1010","N13-1140","0.0714286"
"N13-1140","D13-1010","0.0714286"
"D13-1010","P06-1072","0.0714286"
"P06-1072","D13-1010","0.0714286"
"D13-1010","P11-1042","0.0714286"
"P11-1042","D13-1010","0.0714286"
"D13-1010","smith-jahr-2000-cairo","0.0714286"
"smith-jahr-2000-cairo","D13-1010","0.0714286"
"D13-1010","W04-3207","0.0714286"
"W04-3207","D13-1010","0.0714286"
"D13-1010","W10-2925","0.0714286"
"W10-2925","D13-1010","0.0714286"
"D13-1010","W11-2139","0.0714286"
"W11-2139","D13-1010","0.0714286"
"D13-1174","N12-1069","0.0714286"
"N12-1069","D13-1174","0.0714286"
"D13-1174","N13-1073","0.148352"
"N13-1073","D13-1174","0.148352"
"D13-1174","N13-1140","6.13095"
"N13-1140","D13-1174","6.13095"
"D13-1174","P06-1072","0.0714286"
"P06-1072","D13-1174","0.0714286"
"D13-1174","P11-1042","0.957875"
"P11-1042","D13-1174","0.957875"
"D13-1174","smith-jahr-2000-cairo","0.0714286"
"smith-jahr-2000-cairo","D13-1174","0.0714286"
"D13-1174","W04-3207","0.0714286"
"W04-3207","D13-1174","0.0714286"
"D13-1174","W10-2925","0.0714286"
"W10-2925","D13-1174","0.0714286"
"D13-1174","W11-2139","0.457875"
"W11-2139","D13-1174","0.457875"
"N12-1069","N13-1073","0.0714286"
"N13-1073","N12-1069","0.0714286"
"N12-1069","N13-1140","0.0714286"
"N13-1140","N12-1069","0.0714286"
"N12-1069","P06-1072","0.229004"
"P06-1072","N12-1069","0.229004"
"N12-1069","P11-1042","0.214286"
"P11-1042","N12-1069","0.214286"
"N12-1069","smith-jahr-2000-cairo","0.0714286"
"smith-jahr-2000-cairo","N12-1069","0.0714286"
"N12-1069","W04-3207","0.0714286"
"W04-3207","N12-1069","0.0714286"
"N12-1069","W10-2925","0.0714286"
"W10-2925","N12-1069","0.0714286"
"N12-1069","W11-2139","0.0714286"
"W11-2139","N12-1069","0.0714286"
"N13-1073","N13-1140","0.571429"
"N13-1140","N13-1073","0.571429"
"N13-1073","P06-1072","0.0714286"
"P06-1072","N13-1073","0.0714286"
"N13-1073","P11-1042","1.23926"
"P11-1042","N13-1073","1.23926"
"N13-1073","smith-jahr-2000-cairo","0.0714286"
"smith-jahr-2000-cairo","N13-1073","0.0714286"
"N13-1073","W04-3207","0.162338"
"W04-3207","N13-1073","0.162338"
"N13-1073","W10-2925","0.0714286"
"W10-2925","N13-1073","0.0714286"
"N13-1073","W11-2139","0.148352"
"W11-2139","N13-1073","0.148352"
"N13-1140","P06-1072","0.0714286"
"P06-1072","N13-1140","0.0714286"
"N13-1140","P11-1042","1.57143"
"P11-1042","N13-1140","1.57143"
"N13-1140","smith-jahr-2000-cairo","0.0714286"
"smith-jahr-2000-cairo","N13-1140","0.0714286"
"N13-1140","W04-3207","0.0714286"
"W04-3207","N13-1140","0.0714286"
"N13-1140","W10-2925","0.0714286"
"W10-2925","N13-1140","0.0714286"
"N13-1140","W11-2139","0.0714286"
"W11-2139","N13-1140","0.0714286"
"P06-1072","P11-1042","0.171429"
"P11-1042","P06-1072","0.171429"
"P06-1072","smith-jahr-2000-cairo","0.0714286"
"smith-jahr-2000-cairo","P06-1072","0.0714286"
"P06-1072","W04-3207","0.196429"
"W04-3207","P06-1072","0.196429"
"P06-1072","W10-2925","0.10084"
"W10-2925","P06-1072","0.10084"
"P06-1072","W11-2139","0.214286"
"W11-2139","P06-1072","0.214286"
"P11-1042","smith-jahr-2000-cairo","0.0714286"
"smith-jahr-2000-cairo","P11-1042","0.0714286"
"P11-1042","W04-3207","0.162338"
"W04-3207","P11-1042","0.162338"
"smith-jahr-2000-cairo","W04-3207","0.0714286"
"W04-3207","smith-jahr-2000-cairo","0.0714286"
"smith-jahr-2000-cairo","W10-2925","0.0714286"
"W10-2925","smith-jahr-2000-cairo","0.0714286"
"smith-jahr-2000-cairo","W11-2139","0.0714286"
"W11-2139","smith-jahr-2000-cairo","0.0714286"
"W04-3207","W10-2925","0.0714286"
"W10-2925","W04-3207","0.0714286"
"W04-3207","W11-2139","0.0714286"
"W11-2139","W04-3207","0.0714286"
"2008.amta-papers.18","D07-1022","0.2"
"D07-1022","2008.amta-papers.18","0.2"
"2008.amta-papers.18","N15-1080","0.2"
"N15-1080","2008.amta-papers.18","0.2"
"2008.amta-papers.18","N16-1024","0.2"
"N16-1024","2008.amta-papers.18","0.2"
"2008.amta-papers.18","P09-2026","0.2"
"P09-2026","2008.amta-papers.18","0.2"
"D07-1022","N15-1080","0.727778"
"N15-1080","D07-1022","0.727778"
"D07-1022","N16-1024","0.45"
"N16-1024","D07-1022","0.45"
"D07-1022","P09-2026","0.2"
"P09-2026","D07-1022","0.2"
"D07-1022","W12-3203","0.2"
"W12-3203","D07-1022","0.2"
"N15-1080","N16-1024","1.45"
"N16-1024","N15-1080","1.45"
"N15-1080","P09-2026","0.2"
"P09-2026","N15-1080","0.2"
"N15-1080","W12-3203","0.2"
"W12-3203","N15-1080","0.2"
"N16-1024","P09-2026","0.2"
"P09-2026","N16-1024","0.2"
"N16-1024","W12-3203","0.2"
"W12-3203","N16-1024","0.2"
"P09-2026","W12-3203","0.2"
"W12-3203","P09-2026","0.2"
"2008.amta-papers.18","N09-1027","3.01523"
"N09-1027","2008.amta-papers.18","3.01523"
"D09-1023","N09-1027","1.04857"
"N09-1027","D09-1023","1.04857"
"D11-1044","N09-1027","1.63831"
"N09-1027","D11-1044","1.63831"
"J14-2005","N09-1027","1.51523"
"N09-1027","J14-2005","1.51523"
"N09-1027","N12-1023","0.515235"
"N12-1023","N09-1027","0.515235"
"N09-1027","W08-0302","0.271645"
"W08-0302","N09-1027","0.271645"
"N09-1027","W11-2165","0.681901"
"W11-2165","N09-1027","0.681901"
"2008.amta-papers.18","2021.acl-long.166","0.128788"
"2021.acl-long.166","2008.amta-papers.18","0.128788"
"2008.amta-papers.18","N10-1112","0.0833333"
"N10-1112","2008.amta-papers.18","0.0833333"
"2008.amta-papers.18","N16-1087","0.128788"
"N16-1087","2008.amta-papers.18","0.128788"
"2008.amta-papers.18","P11-2031","0.205711"
"P11-2031","2008.amta-papers.18","0.205711"
"2021.acl-long.166","D09-1023","0.128788"
"D09-1023","2021.acl-long.166","0.128788"
"2021.acl-long.166","D11-1044","0.128788"
"D11-1044","2021.acl-long.166","0.128788"
"2021.acl-long.166","J14-2005","0.128788"
"J14-2005","2021.acl-long.166","0.128788"
"2021.acl-long.166","N09-1027","0.128788"
"N09-1027","2021.acl-long.166","0.128788"
"2021.acl-long.166","N10-1112","0.0833333"
"N10-1112","2021.acl-long.166","0.0833333"
"2021.acl-long.166","N12-1023","0.128788"
"N12-1023","2021.acl-long.166","0.128788"
"2021.acl-long.166","N16-1087","0.128788"
"N16-1087","2021.acl-long.166","0.128788"
"2021.acl-long.166","P11-2031","0.128788"
"P11-2031","2021.acl-long.166","0.128788"
"2021.acl-long.166","W08-0302","0.128788"
"W08-0302","2021.acl-long.166","0.128788"
"2021.acl-long.166","W11-2139","0.128788"
"W11-2139","2021.acl-long.166","0.128788"
"2021.acl-long.166","W11-2165","0.128788"
"W11-2165","2021.acl-long.166","0.128788"
"D09-1023","N10-1112","0.283333"
"N10-1112","D09-1023","0.283333"
"D09-1023","N16-1087","0.239899"
"N16-1087","D09-1023","0.239899"
"D09-1023","P11-2031","0.766822"
"P11-2031","D09-1023","0.766822"
"D11-1044","N10-1112","0.283333"
"N10-1112","D11-1044","0.283333"
"D11-1044","N16-1087","0.739899"
"N16-1087","D11-1044","0.739899"
"D11-1044","P11-2031","0.239899"
"P11-2031","D11-1044","0.239899"
"J14-2005","N10-1112","0.333333"
"N10-1112","J14-2005","0.333333"
"J14-2005","N16-1087","0.882756"
"N16-1087","J14-2005","0.882756"
"J14-2005","P11-2031","0.709679"
"P11-2031","J14-2005","0.709679"
"N09-1027","N10-1112","0.0833333"
"N10-1112","N09-1027","0.0833333"
"N09-1027","N16-1087","0.128788"
"N16-1087","N09-1027","0.128788"
"N09-1027","P11-2031","0.205711"
"P11-2031","N09-1027","0.205711"
"N09-1027","W11-2139","1.07238"
"W11-2139","N09-1027","1.07238"
"N10-1112","N12-1023","1.21667"
"N12-1023","N10-1112","1.21667"
"N10-1112","N16-1087","0.183333"
"N16-1087","N10-1112","0.183333"
"N10-1112","P11-2031","0.333333"
"P11-2031","N10-1112","0.333333"
"N10-1112","W08-0302","0.533333"
"W08-0302","N10-1112","0.533333"
"N10-1112","W11-2139","0.583333"
"W11-2139","N10-1112","0.583333"
"N10-1112","W11-2165","0.283333"
"W11-2165","N10-1112","0.283333"
"N12-1023","N16-1087","0.339899"
"N16-1087","N12-1023","0.339899"
"N12-1023","P11-2031","3.01682"
"P11-2031","N12-1023","3.01682"
"N16-1087","P11-2031","0.382756"
"P11-2031","N16-1087","0.382756"
"N16-1087","W08-0302","0.239899"
"W08-0302","N16-1087","0.239899"
"N16-1087","W11-2139","0.271645"
"W11-2139","N16-1087","0.271645"
"N16-1087","W11-2165","0.239899"
"W11-2165","N16-1087","0.239899"
"P11-2031","W08-0302","0.739899"
"W08-0302","P11-2031","0.739899"
"P11-2031","W11-2139","1.8819"
"W11-2139","P11-2031","1.8819"
"P11-2031","W11-2165","0.516822"
"W11-2165","P11-2031","0.516822"
"2008.amta-papers.18","2020.acl-main.587","0.0454545"
"2020.acl-main.587","2008.amta-papers.18","0.0454545"
"2008.amta-papers.18","2020.findings-emnlp.418","0.0454545"
"2020.findings-emnlp.418","2008.amta-papers.18","0.0454545"
"2008.amta-papers.18","2021.emnlp-main.830","0.0454545"
"2021.emnlp-main.830","2008.amta-papers.18","0.0454545"
"2008.amta-papers.18","2021.findings-acl.82","0.0454545"
"2021.findings-acl.82","2008.amta-papers.18","0.0454545"
"2008.amta-papers.18","N10-1145","0.0454545"
"N10-1145","2008.amta-papers.18","0.0454545"
"2008.amta-papers.18","P09-1053","0.212121"
"P09-1053","2008.amta-papers.18","0.212121"
"2008.amta-papers.18","P19-1164","0.0454545"
"P19-1164","2008.amta-papers.18","0.0454545"
"2008.amta-papers.18","P19-1264","0.0454545"
"P19-1264","2008.amta-papers.18","0.0454545"
"2008.amta-papers.18","W10-0705","0.0454545"
"W10-0705","2008.amta-papers.18","0.0454545"
"2020.acl-main.587","2020.findings-emnlp.418","0.212121"
"2020.findings-emnlp.418","2020.acl-main.587","0.212121"
"2020.acl-main.587","2021.acl-long.166","0.0454545"
"2021.acl-long.166","2020.acl-main.587","0.0454545"
"2020.acl-main.587","2021.emnlp-main.830","0.811645"
"2021.emnlp-main.830","2020.acl-main.587","0.811645"
"2020.acl-main.587","2021.findings-acl.82","0.0854545"
"2021.findings-acl.82","2020.acl-main.587","0.0854545"
"2020.acl-main.587","D09-1023","0.0454545"
"D09-1023","2020.acl-main.587","0.0454545"
"2020.acl-main.587","D11-1044","0.0454545"
"D11-1044","2020.acl-main.587","0.0454545"
"2020.acl-main.587","J14-2005","0.0454545"
"J14-2005","2020.acl-main.587","0.0454545"
"2020.acl-main.587","N09-1027","0.0454545"
"N09-1027","2020.acl-main.587","0.0454545"
"2020.acl-main.587","N10-1145","0.0454545"
"N10-1145","2020.acl-main.587","0.0454545"
"2020.acl-main.587","N12-1023","0.0454545"
"N12-1023","2020.acl-main.587","0.0454545"
"2020.acl-main.587","N13-1076","0.0454545"
"N13-1076","2020.acl-main.587","0.0454545"
"2020.acl-main.587","N16-1087","0.0454545"
"N16-1087","2020.acl-main.587","0.0454545"
"2020.acl-main.587","P09-1053","0.0454545"
"P09-1053","2020.acl-main.587","0.0454545"
"2020.acl-main.587","P11-1042","0.0454545"
"P11-1042","2020.acl-main.587","0.0454545"
"2020.acl-main.587","P11-2031","0.0454545"
"P11-2031","2020.acl-main.587","0.0454545"
"2020.acl-main.587","P19-1164","0.378788"
"P19-1164","2020.acl-main.587","0.378788"
"2020.acl-main.587","P19-1264","1.10101"
"P19-1264","2020.acl-main.587","1.10101"
"2020.acl-main.587","W08-0302","0.0454545"
"W08-0302","2020.acl-main.587","0.0454545"
"2020.acl-main.587","W10-0705","0.0454545"
"W10-0705","2020.acl-main.587","0.0454545"
"2020.acl-main.587","W11-2139","0.0454545"
"W11-2139","2020.acl-main.587","0.0454545"
"2020.acl-main.587","W11-2165","0.0454545"
"W11-2165","2020.acl-main.587","0.0454545"
"2020.findings-emnlp.418","2021.acl-long.166","0.0454545"
"2021.acl-long.166","2020.findings-emnlp.418","0.0454545"
"2020.findings-emnlp.418","2021.emnlp-main.830","0.378788"
"2021.emnlp-main.830","2020.findings-emnlp.418","0.378788"
"2020.findings-emnlp.418","2021.findings-acl.82","0.378788"
"2021.findings-acl.82","2020.findings-emnlp.418","0.378788"
"2020.findings-emnlp.418","D09-1023","0.0454545"
"D09-1023","2020.findings-emnlp.418","0.0454545"
"2020.findings-emnlp.418","D11-1044","0.0454545"
"D11-1044","2020.findings-emnlp.418","0.0454545"
"2020.findings-emnlp.418","J14-2005","0.0454545"
"J14-2005","2020.findings-emnlp.418","0.0454545"
"2020.findings-emnlp.418","N09-1027","0.0454545"
"N09-1027","2020.findings-emnlp.418","0.0454545"
"2020.findings-emnlp.418","N10-1145","0.0454545"
"N10-1145","2020.findings-emnlp.418","0.0454545"
"2020.findings-emnlp.418","N12-1023","0.0454545"
"N12-1023","2020.findings-emnlp.418","0.0454545"
"2020.findings-emnlp.418","N13-1076","0.0454545"
"N13-1076","2020.findings-emnlp.418","0.0454545"
"2020.findings-emnlp.418","N16-1087","0.0454545"
"N16-1087","2020.findings-emnlp.418","0.0454545"
"2020.findings-emnlp.418","P09-1053","0.0454545"
"P09-1053","2020.findings-emnlp.418","0.0454545"
"2020.findings-emnlp.418","P11-1042","0.0454545"
"P11-1042","2020.findings-emnlp.418","0.0454545"
"2020.findings-emnlp.418","P11-2031","0.0454545"
"P11-2031","2020.findings-emnlp.418","0.0454545"
"2020.findings-emnlp.418","P19-1164","0.545455"
"P19-1164","2020.findings-emnlp.418","0.545455"
"2020.findings-emnlp.418","P19-1264","0.795455"
"P19-1264","2020.findings-emnlp.418","0.795455"
"2020.findings-emnlp.418","W08-0302","0.0454545"
"W08-0302","2020.findings-emnlp.418","0.0454545"
"2020.findings-emnlp.418","W10-0705","0.295455"
"W10-0705","2020.findings-emnlp.418","0.295455"
"2020.findings-emnlp.418","W11-2139","0.0454545"
"W11-2139","2020.findings-emnlp.418","0.0454545"
"2020.findings-emnlp.418","W11-2165","0.0454545"
"W11-2165","2020.findings-emnlp.418","0.0454545"
"2021.acl-long.166","2021.emnlp-main.830","0.0454545"
"2021.emnlp-main.830","2021.acl-long.166","0.0454545"
"2021.acl-long.166","2021.findings-acl.82","0.0454545"
"2021.findings-acl.82","2021.acl-long.166","0.0454545"
"2021.acl-long.166","N10-1145","0.0454545"
"N10-1145","2021.acl-long.166","0.0454545"
"2021.acl-long.166","N13-1076","0.0454545"
"N13-1076","2021.acl-long.166","0.0454545"
"2021.acl-long.166","P09-1053","0.0454545"
"P09-1053","2021.acl-long.166","0.0454545"
"2021.acl-long.166","P11-1042","0.0454545"
"P11-1042","2021.acl-long.166","0.0454545"
"2021.acl-long.166","P19-1164","0.0454545"
"P19-1164","2021.acl-long.166","0.0454545"
"2021.acl-long.166","P19-1264","0.0454545"
"P19-1264","2021.acl-long.166","0.0454545"
"2021.acl-long.166","W10-0705","0.0454545"
"W10-0705","2021.acl-long.166","0.0454545"
"2021.emnlp-main.830","2021.findings-acl.82","0.418788"
"2021.findings-acl.82","2021.emnlp-main.830","0.418788"
"2021.emnlp-main.830","D09-1023","0.0454545"
"D09-1023","2021.emnlp-main.830","0.0454545"
"2021.emnlp-main.830","D11-1044","0.0454545"
"D11-1044","2021.emnlp-main.830","0.0454545"
"2021.emnlp-main.830","J14-2005","0.0454545"
"J14-2005","2021.emnlp-main.830","0.0454545"
"2021.emnlp-main.830","N09-1027","0.0454545"
"N09-1027","2021.emnlp-main.830","0.0454545"
"2021.emnlp-main.830","N10-1145","0.0454545"
"N10-1145","2021.emnlp-main.830","0.0454545"
"2021.emnlp-main.830","N12-1023","0.0454545"
"N12-1023","2021.emnlp-main.830","0.0454545"
"2021.emnlp-main.830","N13-1076","0.0454545"
"N13-1076","2021.emnlp-main.830","0.0454545"
"2021.emnlp-main.830","N16-1087","0.0454545"
"N16-1087","2021.emnlp-main.830","0.0454545"
"2021.emnlp-main.830","P09-1053","0.0454545"
"P09-1053","2021.emnlp-main.830","0.0454545"
"2021.emnlp-main.830","P11-1042","0.0454545"
"P11-1042","2021.emnlp-main.830","0.0454545"
"2021.emnlp-main.830","P11-2031","0.0454545"
"P11-2031","2021.emnlp-main.830","0.0454545"
"2021.emnlp-main.830","P19-1164","0.378788"
"P19-1164","2021.emnlp-main.830","0.378788"
"2021.emnlp-main.830","P19-1264","0.0454545"
"P19-1264","2021.emnlp-main.830","0.0454545"
"2021.emnlp-main.830","W08-0302","0.0454545"
"W08-0302","2021.emnlp-main.830","0.0454545"
"2021.emnlp-main.830","W10-0705","0.0454545"
"W10-0705","2021.emnlp-main.830","0.0454545"
"2021.emnlp-main.830","W11-2139","0.0454545"
"W11-2139","2021.emnlp-main.830","0.0454545"
"2021.emnlp-main.830","W11-2165","0.0454545"
"W11-2165","2021.emnlp-main.830","0.0454545"
"2021.findings-acl.82","D09-1023","0.0454545"
"D09-1023","2021.findings-acl.82","0.0454545"
"2021.findings-acl.82","D11-1044","0.0454545"
"D11-1044","2021.findings-acl.82","0.0454545"
"2021.findings-acl.82","J14-2005","0.0454545"
"J14-2005","2021.findings-acl.82","0.0454545"
"2021.findings-acl.82","N09-1027","0.0454545"
"N09-1027","2021.findings-acl.82","0.0454545"
"2021.findings-acl.82","N10-1145","0.0454545"
"N10-1145","2021.findings-acl.82","0.0454545"
"2021.findings-acl.82","N12-1023","0.0454545"
"N12-1023","2021.findings-acl.82","0.0454545"
"2021.findings-acl.82","N13-1076","0.0454545"
"N13-1076","2021.findings-acl.82","0.0454545"
"2021.findings-acl.82","N16-1087","0.212121"
"N16-1087","2021.findings-acl.82","0.212121"
"2021.findings-acl.82","P09-1053","0.0454545"
"P09-1053","2021.findings-acl.82","0.0454545"
"2021.findings-acl.82","P11-1042","0.0454545"
"P11-1042","2021.findings-acl.82","0.0454545"
"2021.findings-acl.82","P11-2031","0.0454545"
"P11-2031","2021.findings-acl.82","0.0454545"
"2021.findings-acl.82","P19-1164","0.0454545"
"P19-1164","2021.findings-acl.82","0.0454545"
"2021.findings-acl.82","P19-1264","0.0454545"
"P19-1264","2021.findings-acl.82","0.0454545"
"2021.findings-acl.82","W08-0302","0.0454545"
"W08-0302","2021.findings-acl.82","0.0454545"
"2021.findings-acl.82","W10-0705","0.0454545"
"W10-0705","2021.findings-acl.82","0.0454545"
"2021.findings-acl.82","W11-2139","0.0454545"
"W11-2139","2021.findings-acl.82","0.0454545"
"2021.findings-acl.82","W11-2165","0.0454545"
"W11-2165","2021.findings-acl.82","0.0454545"
"D09-1023","N10-1145","0.656566"
"N10-1145","D09-1023","0.656566"
"D09-1023","P09-1053","0.573232"
"P09-1053","D09-1023","0.573232"
"D09-1023","P19-1164","0.0454545"
"P19-1164","D09-1023","0.0454545"
"D09-1023","P19-1264","0.295455"
"P19-1264","D09-1023","0.295455"
"D09-1023","W10-0705","0.0454545"
"W10-0705","D09-1023","0.0454545"
"D11-1044","N10-1145","0.767677"
"N10-1145","D11-1044","0.767677"
"D11-1044","P09-1053","0.573232"
"P09-1053","D11-1044","0.573232"
"D11-1044","P19-1164","0.0454545"
"P19-1164","D11-1044","0.0454545"
"D11-1044","P19-1264","0.0454545"
"P19-1264","D11-1044","0.0454545"
"D11-1044","W10-0705","0.0454545"
"W10-0705","D11-1044","0.0454545"
"J14-2005","N10-1145","1.10101"
"N10-1145","J14-2005","1.10101"
"J14-2005","P09-1053","0.573232"
"P09-1053","J14-2005","0.573232"
"J14-2005","P19-1164","0.0454545"
"P19-1164","J14-2005","0.0454545"
"J14-2005","P19-1264","0.0454545"
"P19-1264","J14-2005","0.0454545"
"J14-2005","W10-0705","0.0454545"
"W10-0705","J14-2005","0.0454545"
"N09-1027","N10-1145","0.0454545"
"N10-1145","N09-1027","0.0454545"
"N09-1027","N13-1076","0.122378"
"N13-1076","N09-1027","0.122378"
"N09-1027","P09-1053","0.0454545"
"P09-1053","N09-1027","0.0454545"
"N09-1027","P11-1042","0.289044"
"P11-1042","N09-1027","0.289044"
"N09-1027","P19-1164","0.0454545"
"P19-1164","N09-1027","0.0454545"
"N09-1027","P19-1264","0.0454545"
"P19-1264","N09-1027","0.0454545"
"N09-1027","W10-0705","0.0454545"
"W10-0705","N09-1027","0.0454545"
"N10-1145","N12-1023","0.0454545"
"N12-1023","N10-1145","0.0454545"
"N10-1145","N13-1076","0.0454545"
"N13-1076","N10-1145","0.0454545"
"N10-1145","N16-1087","0.0454545"
"N16-1087","N10-1145","0.0454545"
"N10-1145","P09-1053","2.82323"
"P09-1053","N10-1145","2.82323"
"N10-1145","P11-1042","0.0454545"
"P11-1042","N10-1145","0.0454545"
"N10-1145","P11-2031","0.0454545"
"P11-2031","N10-1145","0.0454545"
"N10-1145","P19-1164","0.0454545"
"P19-1164","N10-1145","0.0454545"
"N10-1145","P19-1264","0.0454545"
"P19-1264","N10-1145","0.0454545"
"N10-1145","W08-0302","0.0454545"
"W08-0302","N10-1145","0.0454545"
"N10-1145","W10-0705","0.0454545"
"W10-0705","N10-1145","0.0454545"
"N10-1145","W11-2139","0.0454545"
"W11-2139","N10-1145","0.0454545"
"N10-1145","W11-2165","0.0454545"
"W11-2165","N10-1145","0.0454545"
"N12-1023","P09-1053","0.295455"
"P09-1053","N12-1023","0.295455"
"N12-1023","P19-1164","0.0454545"
"P19-1164","N12-1023","0.0454545"
"N12-1023","P19-1264","0.0454545"
"P19-1264","N12-1023","0.0454545"
"N12-1023","W10-0705","0.0454545"
"W10-0705","N12-1023","0.0454545"
"N13-1076","N16-1087","0.299423"
"N16-1087","N13-1076","0.299423"
"N13-1076","P09-1053","0.0454545"
"P09-1053","N13-1076","0.0454545"
"N13-1076","P11-2031","1.12635"
"P11-2031","N13-1076","1.12635"
"N13-1076","P19-1164","0.0454545"
"P19-1164","N13-1076","0.0454545"
"N13-1076","P19-1264","0.295455"
"P19-1264","N13-1076","0.295455"
"N13-1076","W10-0705","0.0454545"
"W10-0705","N13-1076","0.0454545"
"N16-1087","P09-1053","0.0454545"
"P09-1053","N16-1087","0.0454545"
"N16-1087","P11-1042","0.188312"
"P11-1042","N16-1087","0.188312"
"N16-1087","P19-1164","0.0454545"
"P19-1164","N16-1087","0.0454545"
"N16-1087","P19-1264","0.0454545"
"P19-1264","N16-1087","0.0454545"
"N16-1087","W10-0705","0.712121"
"W10-0705","N16-1087","0.712121"
"P09-1053","P11-1042","0.0454545"
"P11-1042","P09-1053","0.0454545"
"P09-1053","P11-2031","0.0454545"
"P11-2031","P09-1053","0.0454545"
"P09-1053","P19-1164","0.0454545"
"P19-1164","P09-1053","0.0454545"
"P09-1053","P19-1264","0.0454545"
"P19-1264","P09-1053","0.0454545"
"P09-1053","W08-0302","0.0454545"
"W08-0302","P09-1053","0.0454545"
"P09-1053","W10-0705","0.0454545"
"W10-0705","P09-1053","0.0454545"
"P09-1053","W11-2139","0.0454545"
"W11-2139","P09-1053","0.0454545"
"P09-1053","W11-2165","0.295455"
"W11-2165","P09-1053","0.295455"
"P11-1042","P11-2031","1.26523"
"P11-2031","P11-1042","1.26523"
"P11-1042","P19-1164","0.0454545"
"P19-1164","P11-1042","0.0454545"
"P11-1042","P19-1264","0.0454545"
"P19-1264","P11-1042","0.0454545"
"P11-1042","W10-0705","0.0454545"
"W10-0705","P11-1042","0.0454545"
"P11-2031","P19-1164","0.0454545"
"P19-1164","P11-2031","0.0454545"
"P11-2031","P19-1264","0.295455"
"P19-1264","P11-2031","0.295455"
"P11-2031","W10-0705","0.0454545"
"W10-0705","P11-2031","0.0454545"
"P19-1164","P19-1264","0.0454545"
"P19-1264","P19-1164","0.0454545"
"P19-1164","W08-0302","0.0454545"
"W08-0302","P19-1164","0.0454545"
"P19-1164","W10-0705","0.0454545"
"W10-0705","P19-1164","0.0454545"
"P19-1164","W11-2139","0.0454545"
"W11-2139","P19-1164","0.0454545"
"P19-1164","W11-2165","0.0454545"
"W11-2165","P19-1164","0.0454545"
"P19-1264","W08-0302","0.295455"
"W08-0302","P19-1264","0.295455"
"P19-1264","W10-0705","0.295455"
"W10-0705","P19-1264","0.295455"
"P19-1264","W11-2139","0.0454545"
"W11-2139","P19-1264","0.0454545"
"P19-1264","W11-2165","0.0454545"
"W11-2165","P19-1264","0.0454545"
"W08-0302","W10-0705","0.0454545"
"W10-0705","W08-0302","0.0454545"
"W10-0705","W11-2139","0.0454545"
"W11-2139","W10-0705","0.0454545"
"W10-0705","W11-2165","0.0454545"
"W11-2165","W10-0705","0.0454545"
"2008.amta-papers.18","H05-1036","0.166667"
"H05-1036","2008.amta-papers.18","0.166667"
"2008.amta-papers.18","N09-1009","0.166667"
"N09-1009","2008.amta-papers.18","0.166667"
"2008.amta-papers.18","P04-3032","0.166667"
"P04-3032","2008.amta-papers.18","0.166667"
"H05-1036","J14-2005","1.64286"
"J14-2005","H05-1036","1.64286"
"H05-1036","N09-1009","0.477778"
"N09-1009","H05-1036","0.477778"
"H05-1036","P04-3032","2.22619"
"P04-3032","H05-1036","2.22619"
"H05-1036","P09-1053","0.333333"
"P09-1053","H05-1036","0.333333"
"H05-1036","W04-3207","0.791667"
"W04-3207","H05-1036","0.791667"
"J14-2005","N09-1009","0.740956"
"N09-1009","J14-2005","0.740956"
"J14-2005","P04-3032","0.166667"
"P04-3032","J14-2005","0.166667"
"J14-2005","W04-3207","7.17424"
"W04-3207","J14-2005","7.17424"
"N09-1009","P04-3032","0.166667"
"P04-3032","N09-1009","0.166667"
"N09-1009","P09-1053","0.277778"
"P09-1053","N09-1009","0.277778"
"N09-1009","W04-3207","0.166667"
"W04-3207","N09-1009","0.166667"
"P04-3032","P09-1053","0.166667"
"P09-1053","P04-3032","0.166667"
"P04-3032","W04-3207","0.166667"
"W04-3207","P04-3032","0.166667"
"P09-1053","W04-3207","0.166667"
"W04-3207","P09-1053","0.166667"
"2008.amta-papers.18","W11-2208","0.0909091"
"W11-2208","2008.amta-papers.18","0.0909091"
"C10-1092","D11-1044","0.20202"
"D11-1044","C10-1092","0.20202"
"C10-1092","J14-2005","0.70202"
"J14-2005","C10-1092","0.70202"
"C10-1092","N12-1023","0.20202"
"N12-1023","C10-1092","0.20202"
"C10-1092","W08-0302","0.20202"
"W08-0302","C10-1092","0.20202"
"C10-1092","W11-2165","0.20202"
"W11-2165","C10-1092","0.20202"
"C10-1092","W11-2208","0.790909"
"W11-2208","C10-1092","0.790909"
"D09-1023","W11-2208","0.0909091"
"W11-2208","D09-1023","0.0909091"
"D11-1044","N13-1073","0.0909091"
"N13-1073","D11-1044","0.0909091"
"D11-1044","W04-3207","0.0909091"
"W04-3207","D11-1044","0.0909091"
"D11-1044","W11-2208","0.191749"
"W11-2208","D11-1044","0.191749"
"J14-2005","N13-1073","0.167832"
"N13-1073","J14-2005","0.167832"
"J14-2005","W11-2208","0.734607"
"W11-2208","J14-2005","0.734607"
"N12-1023","N13-1073","0.167832"
"N13-1073","N12-1023","0.167832"
"N12-1023","W04-3207","0.0909091"
"W04-3207","N12-1023","0.0909091"
"N12-1023","W11-2208","0.0909091"
"W11-2208","N12-1023","0.0909091"
"N13-1073","W08-0302","0.0909091"
"W08-0302","N13-1073","0.0909091"
"N13-1073","W11-2165","0.167832"
"W11-2165","N13-1073","0.167832"
"N13-1073","W11-2208","0.0909091"
"W11-2208","N13-1073","0.0909091"
"P11-1042","W11-2208","0.333766"
"W11-2208","P11-1042","0.333766"
"W04-3207","W08-0302","0.290909"
"W08-0302","W04-3207","0.290909"
"W04-3207","W11-2165","0.0909091"
"W11-2165","W04-3207","0.0909091"
"W04-3207","W11-2208","0.0909091"
"W11-2208","W04-3207","0.0909091"
"W08-0302","W11-2208","0.0909091"
"W11-2208","W08-0302","0.0909091"
"W11-2165","W11-2208","0.0909091"
"W11-2208","W11-2165","0.0909091"
"2008.amta-papers.18","D11-1022","0.0769231"
"D11-1022","2008.amta-papers.18","0.0769231"
"2008.amta-papers.18","E09-1037","0.0769231"
"E09-1037","2008.amta-papers.18","0.0769231"
"D09-1023","D11-1022","0.0769231"
"D11-1022","D09-1023","0.0769231"
"D09-1023","E09-1037","1.86422"
"E09-1037","D09-1023","1.86422"
"D11-1022","D13-1174","0.188034"
"D13-1174","D11-1022","0.188034"
"D11-1022","E09-1037","0.354701"
"E09-1037","D11-1022","0.354701"
"D11-1022","J14-2005","0.592002"
"J14-2005","D11-1022","0.592002"
"D11-1022","N09-1027","0.0769231"
"N09-1027","D11-1022","0.0769231"
"D11-1022","N12-1023","0.0769231"
"N12-1023","D11-1022","0.0769231"
"D11-1022","N13-1073","0.0769231"
"N13-1073","D11-1022","0.0769231"
"D11-1022","N13-1076","0.0769231"
"N13-1076","D11-1022","0.0769231"
"D11-1022","P11-1042","0.0769231"
"P11-1042","D11-1022","0.0769231"
"D11-1022","P11-2031","0.0769231"
"P11-2031","D11-1022","0.0769231"
"D11-1022","W11-2139","0.0769231"
"W11-2139","D11-1022","0.0769231"
"D11-1022","W11-2165","0.0769231"
"W11-2165","D11-1022","0.0769231"
"D13-1174","E09-1037","0.24359"
"E09-1037","D13-1174","0.24359"
"D13-1174","J14-2005","0.830891"
"J14-2005","D13-1174","0.830891"
"D13-1174","N09-1027","0.24359"
"N09-1027","D13-1174","0.24359"
"D13-1174","N12-1023","0.74359"
"N12-1023","D13-1174","0.74359"
"D13-1174","N13-1076","0.362637"
"N13-1076","D13-1174","0.362637"
"D13-1174","P11-2031","0.21978"
"P11-2031","D13-1174","0.21978"
"D13-1174","W11-2165","0.0769231"
"W11-2165","D13-1174","0.0769231"
"E09-1037","J14-2005","1.0547"
"J14-2005","E09-1037","1.0547"
"E09-1037","N09-1027","0.576923"
"N09-1027","E09-1037","0.576923"
"E09-1037","N12-1023","0.576923"
"N12-1023","E09-1037","0.576923"
"E09-1037","N13-1073","0.0769231"
"N13-1073","E09-1037","0.0769231"
"E09-1037","N13-1076","0.0769231"
"N13-1076","E09-1037","0.0769231"
"E09-1037","P11-1042","0.576923"
"P11-1042","E09-1037","0.576923"
"E09-1037","P11-2031","0.0769231"
"P11-2031","E09-1037","0.0769231"
"E09-1037","W11-2139","0.24359"
"W11-2139","E09-1037","0.24359"
"E09-1037","W11-2165","0.410256"
"W11-2165","E09-1037","0.410256"
"N09-1027","N13-1073","0.0769231"
"N13-1073","N09-1027","0.0769231"
"N13-1073","N13-1076","0.0769231"
"N13-1076","N13-1073","0.0769231"
"N13-1073","P11-2031","0.0769231"
"P11-2031","N13-1073","0.0769231"
"2020.acl-main.270","2020.acl-main.587","1.26619"
"2020.acl-main.587","2020.acl-main.270","1.26619"
"2020.acl-main.270","2021.emnlp-main.133","0.5"
"2021.emnlp-main.133","2020.acl-main.270","0.5"
"2020.acl-main.587","2021.emnlp-main.133","0.5"
"2021.emnlp-main.133","2020.acl-main.587","0.5"
"2020.acl-main.270","2021.emnlp-main.830","2.01619"
"2021.emnlp-main.830","2020.acl-main.270","2.01619"
"2020.acl-main.270","2020.acl-main.593","0.04"
"2020.acl-main.593","2020.acl-main.270","0.04"
"2020.acl-main.270","2020.acl-main.740","0.04"
"2020.acl-main.740","2020.acl-main.270","0.04"
"2020.acl-main.270","2020.emnlp-main.369","0.04"
"2020.emnlp-main.369","2020.acl-main.270","0.04"
"2020.acl-main.270","2020.emnlp-main.407","0.04"
"2020.emnlp-main.407","2020.acl-main.270","0.04"
"2020.acl-main.270","2020.emnlp-main.746","0.04"
"2020.emnlp-main.746","2020.acl-main.270","0.04"
"2020.acl-main.270","2020.emnlp-main.96","0.682857"
"2020.emnlp-main.96","2020.acl-main.270","0.682857"
"2020.acl-main.270","2020.findings-emnlp.117","0.04"
"2020.findings-emnlp.117","2020.acl-main.270","0.04"
"2020.acl-main.270","2020.findings-emnlp.118","0.182857"
"2020.findings-emnlp.118","2020.acl-main.270","0.182857"
"2020.acl-main.270","2020.findings-emnlp.301","0.182857"
"2020.findings-emnlp.301","2020.acl-main.270","0.182857"
"2020.acl-main.270","2020.tacl-1.53","0.04"
"2020.tacl-1.53","2020.acl-main.270","0.04"
"2020.acl-main.270","2021.emnlp-main.137","0.04"
"2021.emnlp-main.137","2020.acl-main.270","0.04"
"2020.acl-main.270","2021.findings-acl.82","0.04"
"2021.findings-acl.82","2020.acl-main.270","0.04"
"2020.acl-main.270","2021.findings-emnlp.71","0.04"
"2021.findings-emnlp.71","2020.acl-main.270","0.04"
"2020.acl-main.270","2021.mrl-1.5","0.04"
"2021.mrl-1.5","2020.acl-main.270","0.04"
"2020.acl-main.270","2021.naacl-main.365","0.04"
"2021.naacl-main.365","2020.acl-main.270","0.04"
"2020.acl-main.270","D19-1005","0.182857"
"D19-1005","2020.acl-main.270","0.182857"
"2020.acl-main.270","D19-1110","0.04"
"D19-1110","2020.acl-main.270","0.04"
"2020.acl-main.270","D19-1159","0.04"
"D19-1159","2020.acl-main.270","0.04"
"2020.acl-main.270","D19-1224","0.04"
"D19-1224","2020.acl-main.270","0.04"
"2020.acl-main.270","D19-1606","0.04"
"D19-1606","2020.acl-main.270","0.04"
"2020.acl-main.270","K19-1029","0.04"
"K19-1029","2020.acl-main.270","0.04"
"2020.acl-main.270","N19-1112","0.04"
"N19-1112","2020.acl-main.270","0.04"
"2020.acl-main.270","P19-1590","0.04"
"P19-1590","2020.acl-main.270","0.04"
"2020.acl-main.587","2020.acl-main.593","1.09556"
"2020.acl-main.593","2020.acl-main.587","1.09556"
"2020.acl-main.587","2020.acl-main.740","0.04"
"2020.acl-main.740","2020.acl-main.587","0.04"
"2020.acl-main.587","2020.emnlp-main.369","0.04"
"2020.emnlp-main.369","2020.acl-main.587","0.04"
"2020.acl-main.587","2020.emnlp-main.407","0.04"
"2020.emnlp-main.407","2020.acl-main.587","0.04"
"2020.acl-main.587","2020.emnlp-main.746","0.206667"
"2020.emnlp-main.746","2020.acl-main.587","0.206667"
"2020.acl-main.587","2020.emnlp-main.96","0.488413"
"2020.emnlp-main.96","2020.acl-main.587","0.488413"
"2020.acl-main.587","2020.findings-emnlp.117","0.262222"
"2020.findings-emnlp.117","2020.acl-main.587","0.262222"
"2020.acl-main.587","2020.findings-emnlp.118","0.405079"
"2020.findings-emnlp.118","2020.acl-main.587","0.405079"
"2020.acl-main.587","2020.findings-emnlp.301","0.182857"
"2020.findings-emnlp.301","2020.acl-main.587","0.182857"
"2020.acl-main.587","2020.tacl-1.53","0.04"
"2020.tacl-1.53","2020.acl-main.587","0.04"
"2020.acl-main.587","2021.emnlp-main.137","0.0955556"
"2021.emnlp-main.137","2020.acl-main.587","0.0955556"
"2020.acl-main.587","2021.findings-emnlp.71","1.59556"
"2021.findings-emnlp.71","2020.acl-main.587","1.59556"
"2020.acl-main.587","2021.mrl-1.5","0.0955556"
"2021.mrl-1.5","2020.acl-main.587","0.0955556"
"2020.acl-main.587","2021.naacl-main.365","0.04"
"2021.naacl-main.365","2020.acl-main.587","0.04"
"2020.acl-main.587","D19-1005","0.238413"
"D19-1005","2020.acl-main.587","0.238413"
"2020.acl-main.587","D19-1110","0.04"
"D19-1110","2020.acl-main.587","0.04"
"2020.acl-main.587","D19-1159","0.04"
"D19-1159","2020.acl-main.587","0.04"
"2020.acl-main.587","D19-1224","0.0955556"
"D19-1224","2020.acl-main.587","0.0955556"
"2020.acl-main.587","D19-1606","0.04"
"D19-1606","2020.acl-main.587","0.04"
"2020.acl-main.587","K19-1029","1.09556"
"K19-1029","2020.acl-main.587","1.09556"
"2020.acl-main.587","N19-1112","0.0955556"
"N19-1112","2020.acl-main.587","0.0955556"
"2020.acl-main.587","P19-1590","0.04"
"P19-1590","2020.acl-main.587","0.04"
"2020.acl-main.593","2020.acl-main.740","0.64119"
"2020.acl-main.740","2020.acl-main.593","0.64119"
"2020.acl-main.593","2020.emnlp-main.369","0.282857"
