"2005.mtsummit-papers.4","2007.mtsummit-papers.41","2"
"2007.mtsummit-papers.41","2005.mtsummit-papers.4","2"
"2005.mtsummit-papers.41","2007.mtsummit-papers.52","0.535354"
"2007.mtsummit-papers.52","2005.mtsummit-papers.41","0.535354"
"2005.mtsummit-papers.41","C04-1005","0.535354"
"C04-1005","2005.mtsummit-papers.41","0.535354"
"2005.mtsummit-papers.41","I05-1041","0.535354"
"I05-1041","2005.mtsummit-papers.41","0.535354"
"2005.mtsummit-papers.41","P04-3002","0.535354"
"P04-3002","2005.mtsummit-papers.41","0.535354"
"2005.mtsummit-papers.41","P05-1058","0.535354"
"P05-1058","2005.mtsummit-papers.41","0.535354"
"2005.mtsummit-papers.41","wu-wang-2004-improving-domain","0.535354"
"wu-wang-2004-improving-domain","2005.mtsummit-papers.41","0.535354"
"2007.mtsummit-papers.52","C04-1005","0.626263"
"C04-1005","2007.mtsummit-papers.52","0.626263"
"2007.mtsummit-papers.52","I05-1041","0.876263"
"I05-1041","2007.mtsummit-papers.52","0.876263"
"2007.mtsummit-papers.52","P04-3002","0.876263"
"P04-3002","2007.mtsummit-papers.52","0.876263"
"2007.mtsummit-papers.52","P05-1058","1.12626"
"P05-1058","2007.mtsummit-papers.52","1.12626"
"2007.mtsummit-papers.52","wu-wang-2004-improving-domain","1.12626"
"wu-wang-2004-improving-domain","2007.mtsummit-papers.52","1.12626"
"C04-1005","I05-1041","2.43509"
"I05-1041","C04-1005","2.43509"
"C04-1005","P04-3002","0.935086"
"P04-3002","C04-1005","0.935086"
"C04-1005","P05-1058","0.935086"
"P05-1058","C04-1005","0.935086"
"C04-1005","wu-wang-2004-improving-domain","2.93509"
"wu-wang-2004-improving-domain","C04-1005","2.93509"
"I05-1041","P04-3002","0.935086"
"P04-3002","I05-1041","0.935086"
"I05-1041","P05-1058","2.18509"
"P05-1058","I05-1041","2.18509"
"I05-1041","wu-wang-2004-improving-domain","2.68509"
"wu-wang-2004-improving-domain","I05-1041","2.68509"
"P04-3002","P05-1058","1.51842"
"P05-1058","P04-3002","1.51842"
"P04-3002","wu-wang-2004-improving-domain","1.68509"
"wu-wang-2004-improving-domain","P04-3002","1.68509"
"P05-1058","wu-wang-2004-improving-domain","1.43509"
"wu-wang-2004-improving-domain","P05-1058","1.43509"
"2005.mtsummit-papers.41","P06-2112","0.20202"
"P06-2112","2005.mtsummit-papers.41","0.20202"
"2005.mtsummit-papers.41","P06-2117","0.20202"
"P06-2117","2005.mtsummit-papers.41","0.20202"
"2005.mtsummit-papers.41","P10-1085","0.20202"
"P10-1085","2005.mtsummit-papers.41","0.20202"
"2007.mtsummit-papers.52","P06-2112","1.04293"
"P06-2112","2007.mtsummit-papers.52","1.04293"
"2007.mtsummit-papers.52","P06-2117","0.792929"
"P06-2117","2007.mtsummit-papers.52","0.792929"
"2007.mtsummit-papers.52","P10-1085","0.908314"
"P10-1085","2007.mtsummit-papers.52","0.908314"
"C04-1005","P06-2112","0.351753"
"P06-2112","C04-1005","0.351753"
"C04-1005","P06-2117","0.351753"
"P06-2117","C04-1005","0.351753"
"C04-1005","P10-1085","0.851753"
"P10-1085","C04-1005","0.851753"
"I05-1041","P06-2112","0.351753"
"P06-2112","I05-1041","0.351753"
"I05-1041","P06-2117","0.351753"
"P06-2117","I05-1041","0.351753"
"I05-1041","P10-1085","0.351753"
"P10-1085","I05-1041","0.351753"
"P04-3002","P06-2112","0.601753"
"P06-2112","P04-3002","0.601753"
"P04-3002","P06-2117","0.351753"
"P06-2117","P04-3002","0.351753"
"P04-3002","P10-1085","0.351753"
"P10-1085","P04-3002","0.351753"
"P05-1058","P06-2112","0.601753"
"P06-2112","P05-1058","0.601753"
"P05-1058","P06-2117","0.351753"
"P06-2117","P05-1058","0.351753"
"P05-1058","P10-1085","0.351753"
"P10-1085","P05-1058","0.351753"
"P06-2112","P06-2117","2.05175"
"P06-2117","P06-2112","2.05175"
"P06-2112","P10-1085","0.551753"
"P10-1085","P06-2112","0.551753"
"P06-2112","wu-wang-2004-improving-domain","0.601753"
"wu-wang-2004-improving-domain","P06-2112","0.601753"
"P06-2117","P10-1085","0.551753"
"P10-1085","P06-2117","0.551753"
"P06-2117","wu-wang-2004-improving-domain","0.351753"
"wu-wang-2004-improving-domain","P06-2117","0.351753"
"P10-1085","wu-wang-2004-improving-domain","0.851753"
"wu-wang-2004-improving-domain","P10-1085","0.851753"
"2005.mtsummit-papers.41","2007.mtsummit-papers.41","0.0909091"
"2007.mtsummit-papers.41","2005.mtsummit-papers.41","0.0909091"
"2005.mtsummit-papers.41","P12-1103","0.0909091"
"P12-1103","2005.mtsummit-papers.41","0.0909091"
"2007.mtsummit-papers.41","2007.mtsummit-papers.52","0.37296"
"2007.mtsummit-papers.52","2007.mtsummit-papers.41","0.37296"
"2007.mtsummit-papers.41","C04-1005","0.0909091"
"C04-1005","2007.mtsummit-papers.41","0.0909091"
"2007.mtsummit-papers.41","I05-1041","0.0909091"
"I05-1041","2007.mtsummit-papers.41","0.0909091"
"2007.mtsummit-papers.41","P04-3002","0.0909091"
"P04-3002","2007.mtsummit-papers.41","0.0909091"
"2007.mtsummit-papers.41","P05-1058","0.0909091"
"P05-1058","2007.mtsummit-papers.41","0.0909091"
"2007.mtsummit-papers.41","P06-2112","0.590909"
"P06-2112","2007.mtsummit-papers.41","0.590909"
"2007.mtsummit-papers.41","P06-2117","0.0909091"
"P06-2117","2007.mtsummit-papers.41","0.0909091"
"2007.mtsummit-papers.41","P10-1085","0.206294"
"P10-1085","2007.mtsummit-papers.41","0.206294"
"2007.mtsummit-papers.41","P12-1103","0.206294"
"P12-1103","2007.mtsummit-papers.41","0.206294"
"2007.mtsummit-papers.41","wu-wang-2004-improving-domain","0.0909091"
"wu-wang-2004-improving-domain","2007.mtsummit-papers.41","0.0909091"
"2007.mtsummit-papers.52","P12-1103","0.206294"
"P12-1103","2007.mtsummit-papers.52","0.206294"
"C04-1005","P12-1103","0.0909091"
"P12-1103","C04-1005","0.0909091"
"I05-1041","P12-1103","0.0909091"
"P12-1103","I05-1041","0.0909091"
"P04-3002","P12-1103","0.0909091"
"P12-1103","P04-3002","0.0909091"
"P05-1058","P12-1103","0.0909091"
"P12-1103","P05-1058","0.0909091"
"P06-2112","P12-1103","0.0909091"
"P12-1103","P06-2112","0.0909091"
"P06-2117","P12-1103","0.0909091"
"P12-1103","P06-2117","0.0909091"
"P10-1085","P12-1103","1.06863"
"P12-1103","P10-1085","1.06863"
"P12-1103","wu-wang-2004-improving-domain","0.0909091"
"wu-wang-2004-improving-domain","P12-1103","0.0909091"
"2005.mtsummit-posters.7","2007.mtsummit-papers.41","0.0384615"
"2007.mtsummit-papers.41","2005.mtsummit-posters.7","0.0384615"
"2005.mtsummit-posters.7","2007.mtsummit-papers.52","0.0384615"
"2007.mtsummit-papers.52","2005.mtsummit-posters.7","0.0384615"
"2005.mtsummit-posters.7","2007.mtsummit-papers.67","0.0384615"
"2007.mtsummit-papers.67","2005.mtsummit-posters.7","0.0384615"
"2005.mtsummit-posters.7","2020.acl-main.98","0.0384615"
"2020.acl-main.98","2005.mtsummit-posters.7","0.0384615"
"2005.mtsummit-posters.7","2020.emnlp-main.178","0.0384615"
"2020.emnlp-main.178","2005.mtsummit-posters.7","0.0384615"
"2005.mtsummit-posters.7","2021.acl-long.136","0.0384615"
"2021.acl-long.136","2005.mtsummit-posters.7","0.0384615"
"2005.mtsummit-posters.7","2021.autosimtrans-1.6","0.0384615"
"2021.autosimtrans-1.6","2005.mtsummit-posters.7","0.0384615"
"2005.mtsummit-posters.7","2021.emnlp-main.356","0.0384615"
"2021.emnlp-main.356","2005.mtsummit-posters.7","0.0384615"
"2005.mtsummit-posters.7","C08-1125","0.0384615"
"C08-1125","2005.mtsummit-posters.7","0.0384615"
"2005.mtsummit-posters.7","D07-1030","0.0384615"
"D07-1030","2005.mtsummit-posters.7","0.0384615"
"2005.mtsummit-posters.7","D13-1050","0.0384615"
"D13-1050","2005.mtsummit-posters.7","0.0384615"
"2005.mtsummit-posters.7","D14-1016","0.0384615"
"D14-1016","2005.mtsummit-posters.7","0.0384615"
"2005.mtsummit-posters.7","D14-1174","0.0384615"
"D14-1174","2005.mtsummit-posters.7","0.0384615"
"2005.mtsummit-posters.7","D18-1036","0.0384615"
"D18-1036","2005.mtsummit-posters.7","0.0384615"
"2005.mtsummit-posters.7","D19-1187","0.0384615"
"D19-1187","2005.mtsummit-posters.7","0.0384615"
"2005.mtsummit-posters.7","P07-1108","0.0384615"
"P07-1108","2005.mtsummit-posters.7","0.0384615"
"2005.mtsummit-posters.7","P09-1018","0.0384615"
"P09-1018","2005.mtsummit-posters.7","0.0384615"
"2005.mtsummit-posters.7","P10-1085","0.0384615"
"P10-1085","2005.mtsummit-posters.7","0.0384615"
"2005.mtsummit-posters.7","P11-1104","0.0384615"
"P11-1104","2005.mtsummit-posters.7","0.0384615"
"2005.mtsummit-posters.7","P12-1048","0.0384615"
"P12-1048","2005.mtsummit-posters.7","0.0384615"
"2005.mtsummit-posters.7","P12-1103","0.0384615"
"P12-1103","2005.mtsummit-posters.7","0.0384615"
"2005.mtsummit-posters.7","P15-1166","0.0384615"
"P15-1166","2005.mtsummit-posters.7","0.0384615"
"2005.mtsummit-posters.7","P16-1159","0.0384615"
"P16-1159","2005.mtsummit-posters.7","0.0384615"
"2005.mtsummit-posters.7","P16-1185","0.0384615"
"P16-1185","2005.mtsummit-posters.7","0.0384615"
"2005.mtsummit-posters.7","P18-1178","0.0384615"
"P18-1178","2005.mtsummit-posters.7","0.0384615"
"2005.mtsummit-posters.7","W18-2605","0.0384615"
"W18-2605","2005.mtsummit-posters.7","0.0384615"
"2007.mtsummit-papers.41","2007.mtsummit-papers.67","0.205128"
"2007.mtsummit-papers.67","2007.mtsummit-papers.41","0.205128"
"2007.mtsummit-papers.41","2020.acl-main.98","0.0384615"
"2020.acl-main.98","2007.mtsummit-papers.41","0.0384615"
"2007.mtsummit-papers.41","2020.emnlp-main.178","0.0384615"
"2020.emnlp-main.178","2007.mtsummit-papers.41","0.0384615"
"2007.mtsummit-papers.41","2021.acl-long.136","0.0384615"
"2021.acl-long.136","2007.mtsummit-papers.41","0.0384615"
"2007.mtsummit-papers.41","2021.autosimtrans-1.6","0.0384615"
"2021.autosimtrans-1.6","2007.mtsummit-papers.41","0.0384615"
"2007.mtsummit-papers.41","2021.emnlp-main.356","0.0384615"
"2021.emnlp-main.356","2007.mtsummit-papers.41","0.0384615"
"2007.mtsummit-papers.41","C08-1125","0.115385"
"C08-1125","2007.mtsummit-papers.41","0.115385"
"2007.mtsummit-papers.41","D07-1030","2.53205"
"D07-1030","2007.mtsummit-papers.41","2.53205"
"2007.mtsummit-papers.41","D13-1050","0.0384615"
"D13-1050","2007.mtsummit-papers.41","0.0384615"
"2007.mtsummit-papers.41","D14-1016","0.365385"
"D14-1016","2007.mtsummit-papers.41","0.365385"
"2007.mtsummit-papers.41","D14-1174","0.0384615"
"D14-1174","2007.mtsummit-papers.41","0.0384615"
"2007.mtsummit-papers.41","D18-1036","0.0384615"
"D18-1036","2007.mtsummit-papers.41","0.0384615"
"2007.mtsummit-papers.41","D19-1187","0.0384615"
"D19-1187","2007.mtsummit-papers.41","0.0384615"
"2007.mtsummit-papers.41","P07-1108","1.53205"
"P07-1108","2007.mtsummit-papers.41","1.53205"
"2007.mtsummit-papers.41","P09-1018","0.115385"
"P09-1018","2007.mtsummit-papers.41","0.115385"
"2007.mtsummit-papers.41","P11-1104","0.115385"
"P11-1104","2007.mtsummit-papers.41","0.115385"
"2007.mtsummit-papers.41","P12-1048","0.288462"
"P12-1048","2007.mtsummit-papers.41","0.288462"
"2007.mtsummit-papers.41","P15-1166","0.205128"
"P15-1166","2007.mtsummit-papers.41","0.205128"
"2007.mtsummit-papers.41","P16-1159","0.115385"
"P16-1159","2007.mtsummit-papers.41","0.115385"
"2007.mtsummit-papers.41","P16-1185","0.115385"
"P16-1185","2007.mtsummit-papers.41","0.115385"
"2007.mtsummit-papers.41","P18-1178","0.0384615"
"P18-1178","2007.mtsummit-papers.41","0.0384615"
"2007.mtsummit-papers.41","W18-2605","0.0384615"
"W18-2605","2007.mtsummit-papers.41","0.0384615"
"2007.mtsummit-papers.52","2007.mtsummit-papers.67","0.705128"
"2007.mtsummit-papers.67","2007.mtsummit-papers.52","0.705128"
"2007.mtsummit-papers.52","2020.acl-main.98","0.0384615"
"2020.acl-main.98","2007.mtsummit-papers.52","0.0384615"
"2007.mtsummit-papers.52","2020.emnlp-main.178","0.0384615"
"2020.emnlp-main.178","2007.mtsummit-papers.52","0.0384615"
"2007.mtsummit-papers.52","2021.acl-long.136","0.0384615"
"2021.acl-long.136","2007.mtsummit-papers.52","0.0384615"
"2007.mtsummit-papers.52","2021.autosimtrans-1.6","0.0384615"
"2021.autosimtrans-1.6","2007.mtsummit-papers.52","0.0384615"
"2007.mtsummit-papers.52","2021.emnlp-main.356","0.0384615"
"2021.emnlp-main.356","2007.mtsummit-papers.52","0.0384615"
"2007.mtsummit-papers.52","C08-1125","0.115385"
"C08-1125","2007.mtsummit-papers.52","0.115385"
"2007.mtsummit-papers.52","D07-1030","0.37296"
"D07-1030","2007.mtsummit-papers.52","0.37296"
"2007.mtsummit-papers.52","D13-1050","0.0384615"
"D13-1050","2007.mtsummit-papers.52","0.0384615"
"2007.mtsummit-papers.52","D14-1016","1.61538"
"D14-1016","2007.mtsummit-papers.52","1.61538"
"2007.mtsummit-papers.52","D14-1174","0.0384615"
"D14-1174","2007.mtsummit-papers.52","0.0384615"
"2007.mtsummit-papers.52","D18-1036","0.0384615"
"D18-1036","2007.mtsummit-papers.52","0.0384615"
"2007.mtsummit-papers.52","D19-1187","0.0384615"
"D19-1187","2007.mtsummit-papers.52","0.0384615"
"2007.mtsummit-papers.52","P07-1108","0.87296"
"P07-1108","2007.mtsummit-papers.52","0.87296"
"2007.mtsummit-papers.52","P09-1018","0.115385"
"P09-1018","2007.mtsummit-papers.52","0.115385"
"2007.mtsummit-papers.52","P11-1104","0.206294"
"P11-1104","2007.mtsummit-papers.52","0.206294"
"2007.mtsummit-papers.52","P12-1048","0.0384615"
"P12-1048","2007.mtsummit-papers.52","0.0384615"
"2007.mtsummit-papers.52","P15-1166","0.205128"
"P15-1166","2007.mtsummit-papers.52","0.205128"
"2007.mtsummit-papers.52","P16-1159","0.115385"
"P16-1159","2007.mtsummit-papers.52","0.115385"
"2007.mtsummit-papers.52","P16-1185","0.115385"
"P16-1185","2007.mtsummit-papers.52","0.115385"
"2007.mtsummit-papers.52","P18-1178","0.0384615"
"P18-1178","2007.mtsummit-papers.52","0.0384615"
"2007.mtsummit-papers.52","W18-2605","0.0384615"
"W18-2605","2007.mtsummit-papers.52","0.0384615"
"2007.mtsummit-papers.67","2020.acl-main.98","0.0384615"
"2020.acl-main.98","2007.mtsummit-papers.67","0.0384615"
"2007.mtsummit-papers.67","2020.emnlp-main.178","0.0384615"
"2020.emnlp-main.178","2007.mtsummit-papers.67","0.0384615"
"2007.mtsummit-papers.67","2021.acl-long.136","0.0384615"
"2021.acl-long.136","2007.mtsummit-papers.67","0.0384615"
"2007.mtsummit-papers.67","2021.autosimtrans-1.6","0.0384615"
"2021.autosimtrans-1.6","2007.mtsummit-papers.67","0.0384615"
"2007.mtsummit-papers.67","2021.emnlp-main.356","0.0384615"
"2021.emnlp-main.356","2007.mtsummit-papers.67","0.0384615"
"2007.mtsummit-papers.67","C08-1125","0.371795"
"C08-1125","2007.mtsummit-papers.67","0.371795"
"2007.mtsummit-papers.67","D07-1030","0.752747"
"D07-1030","2007.mtsummit-papers.67","0.752747"
"2007.mtsummit-papers.67","D13-1050","0.443223"
"D13-1050","2007.mtsummit-papers.67","0.443223"
"2007.mtsummit-papers.67","D14-1016","0.252747"
"D14-1016","2007.mtsummit-papers.67","0.252747"
"2007.mtsummit-papers.67","D14-1174","0.443223"
"D14-1174","2007.mtsummit-papers.67","0.443223"
"2007.mtsummit-papers.67","D18-1036","0.0384615"
"D18-1036","2007.mtsummit-papers.67","0.0384615"
"2007.mtsummit-papers.67","D19-1187","0.0384615"
"D19-1187","2007.mtsummit-papers.67","0.0384615"
"2007.mtsummit-papers.67","P07-1108","1.58608"
"P07-1108","2007.mtsummit-papers.67","1.58608"
"2007.mtsummit-papers.67","P09-1018","0.10989"
"P09-1018","2007.mtsummit-papers.67","0.10989"
"2007.mtsummit-papers.67","P10-1085","1.10989"
"P10-1085","2007.mtsummit-papers.67","1.10989"
"2007.mtsummit-papers.67","P11-1104","0.252747"
"P11-1104","2007.mtsummit-papers.67","0.252747"
"2007.mtsummit-papers.67","P12-1048","1.10989"
"P12-1048","2007.mtsummit-papers.67","1.10989"
"2007.mtsummit-papers.67","P12-1103","0.252747"
"P12-1103","2007.mtsummit-papers.67","0.252747"
"2007.mtsummit-papers.67","P15-1166","0.205128"
"P15-1166","2007.mtsummit-papers.67","0.205128"
"2007.mtsummit-papers.67","P16-1159","0.252747"
"P16-1159","2007.mtsummit-papers.67","0.252747"
"2007.mtsummit-papers.67","P16-1185","0.252747"
"P16-1185","2007.mtsummit-papers.67","0.252747"
"2007.mtsummit-papers.67","P18-1178","0.0384615"
"P18-1178","2007.mtsummit-papers.67","0.0384615"
"2007.mtsummit-papers.67","W18-2605","0.0384615"
"W18-2605","2007.mtsummit-papers.67","0.0384615"
"2020.acl-main.98","2020.emnlp-main.178","0.0384615"
"2020.emnlp-main.178","2020.acl-main.98","0.0384615"
"2020.acl-main.98","2021.acl-long.136","0.881319"
"2021.acl-long.136","2020.acl-main.98","0.881319"
"2020.acl-main.98","2021.autosimtrans-1.6","0.0384615"
"2021.autosimtrans-1.6","2020.acl-main.98","0.0384615"
"2020.acl-main.98","2021.emnlp-main.356","2.68132"
"2021.emnlp-main.356","2020.acl-main.98","2.68132"
"2020.acl-main.98","C08-1125","0.0384615"
"C08-1125","2020.acl-main.98","0.0384615"
"2020.acl-main.98","D07-1030","0.0384615"
"D07-1030","2020.acl-main.98","0.0384615"
"2020.acl-main.98","D13-1050","0.0384615"
"D13-1050","2020.acl-main.98","0.0384615"
"2020.acl-main.98","D14-1016","0.0384615"
"D14-1016","2020.acl-main.98","0.0384615"
"2020.acl-main.98","D14-1174","0.0384615"
"D14-1174","2020.acl-main.98","0.0384615"
"2020.acl-main.98","D18-1036","0.0384615"
"D18-1036","2020.acl-main.98","0.0384615"
"2020.acl-main.98","D19-1187","0.238462"
"D19-1187","2020.acl-main.98","0.238462"
"2020.acl-main.98","P07-1108","0.0384615"
"P07-1108","2020.acl-main.98","0.0384615"
"2020.acl-main.98","P09-1018","0.0384615"
"P09-1018","2020.acl-main.98","0.0384615"
"2020.acl-main.98","P10-1085","0.0384615"
"P10-1085","2020.acl-main.98","0.0384615"
"2020.acl-main.98","P11-1104","0.0384615"
"P11-1104","2020.acl-main.98","0.0384615"
"2020.acl-main.98","P12-1048","0.0384615"
"P12-1048","2020.acl-main.98","0.0384615"
"2020.acl-main.98","P12-1103","0.0384615"
"P12-1103","2020.acl-main.98","0.0384615"
"2020.acl-main.98","P15-1166","0.0384615"
"P15-1166","2020.acl-main.98","0.0384615"
"2020.acl-main.98","P16-1159","0.0384615"
"P16-1159","2020.acl-main.98","0.0384615"
"2020.acl-main.98","P16-1185","0.0384615"
"P16-1185","2020.acl-main.98","0.0384615"
"2020.acl-main.98","P18-1178","0.0384615"
"P18-1178","2020.acl-main.98","0.0384615"
"2020.acl-main.98","W18-2605","0.0384615"
"W18-2605","2020.acl-main.98","0.0384615"
"2020.emnlp-main.178","2021.acl-long.136","0.0384615"
"2021.acl-long.136","2020.emnlp-main.178","0.0384615"
"2020.emnlp-main.178","2021.autosimtrans-1.6","1.03846"
"2021.autosimtrans-1.6","2020.emnlp-main.178","1.03846"
"2020.emnlp-main.178","2021.emnlp-main.356","0.0384615"
"2021.emnlp-main.356","2020.emnlp-main.178","0.0384615"
"2020.emnlp-main.178","C08-1125","0.0384615"
"C08-1125","2020.emnlp-main.178","0.0384615"
"2020.emnlp-main.178","D07-1030","0.0384615"
"D07-1030","2020.emnlp-main.178","0.0384615"
"2020.emnlp-main.178","D13-1050","0.0384615"
"D13-1050","2020.emnlp-main.178","0.0384615"
"2020.emnlp-main.178","D14-1016","0.0384615"
"D14-1016","2020.emnlp-main.178","0.0384615"
"2020.emnlp-main.178","D14-1174","0.0384615"
"D14-1174","2020.emnlp-main.178","0.0384615"
"2020.emnlp-main.178","D18-1036","0.238462"
"D18-1036","2020.emnlp-main.178","0.238462"
"2020.emnlp-main.178","D19-1187","0.0384615"
"D19-1187","2020.emnlp-main.178","0.0384615"
"2020.emnlp-main.178","P07-1108","0.0384615"
"P07-1108","2020.emnlp-main.178","0.0384615"
"2020.emnlp-main.178","P09-1018","0.0384615"
"P09-1018","2020.emnlp-main.178","0.0384615"
"2020.emnlp-main.178","P10-1085","0.0384615"
"P10-1085","2020.emnlp-main.178","0.0384615"
"2020.emnlp-main.178","P11-1104","0.0384615"
"P11-1104","2020.emnlp-main.178","0.0384615"
"2020.emnlp-main.178","P12-1048","0.0384615"
"P12-1048","2020.emnlp-main.178","0.0384615"
"2020.emnlp-main.178","P12-1103","0.0384615"
"P12-1103","2020.emnlp-main.178","0.0384615"
"2020.emnlp-main.178","P15-1166","0.0384615"
"P15-1166","2020.emnlp-main.178","0.0384615"
"2020.emnlp-main.178","P16-1159","0.0384615"
"P16-1159","2020.emnlp-main.178","0.0384615"
"2020.emnlp-main.178","P16-1185","0.0384615"
"P16-1185","2020.emnlp-main.178","0.0384615"
"2020.emnlp-main.178","P18-1178","0.0384615"
"P18-1178","2020.emnlp-main.178","0.0384615"
"2020.emnlp-main.178","W18-2605","0.0384615"
"W18-2605","2020.emnlp-main.178","0.0384615"
"2021.acl-long.136","2021.autosimtrans-1.6","0.0384615"
"2021.autosimtrans-1.6","2021.acl-long.136","0.0384615"
"2021.acl-long.136","2021.emnlp-main.356","0.681319"
"2021.emnlp-main.356","2021.acl-long.136","0.681319"
"2021.acl-long.136","C08-1125","0.0384615"
"C08-1125","2021.acl-long.136","0.0384615"
"2021.acl-long.136","D07-1030","0.0384615"
"D07-1030","2021.acl-long.136","0.0384615"
"2021.acl-long.136","D13-1050","0.0384615"
"D13-1050","2021.acl-long.136","0.0384615"
"2021.acl-long.136","D14-1016","0.0384615"
"D14-1016","2021.acl-long.136","0.0384615"
"2021.acl-long.136","D14-1174","0.0384615"
"D14-1174","2021.acl-long.136","0.0384615"
"2021.acl-long.136","D18-1036","0.0384615"
"D18-1036","2021.acl-long.136","0.0384615"
"2021.acl-long.136","D19-1187","0.488462"
"D19-1187","2021.acl-long.136","0.488462"
"2021.acl-long.136","P07-1108","0.0384615"
"P07-1108","2021.acl-long.136","0.0384615"
"2021.acl-long.136","P09-1018","0.0384615"
"P09-1018","2021.acl-long.136","0.0384615"
"2021.acl-long.136","P10-1085","0.0384615"
"P10-1085","2021.acl-long.136","0.0384615"
"2021.acl-long.136","P11-1104","0.0384615"
"P11-1104","2021.acl-long.136","0.0384615"
"2021.acl-long.136","P12-1048","0.0384615"
"P12-1048","2021.acl-long.136","0.0384615"
"2021.acl-long.136","P12-1103","0.0384615"
"P12-1103","2021.acl-long.136","0.0384615"
"2021.acl-long.136","P15-1166","0.0384615"
"P15-1166","2021.acl-long.136","0.0384615"
"2021.acl-long.136","P16-1159","0.0384615"
"P16-1159","2021.acl-long.136","0.0384615"
"2021.acl-long.136","P16-1185","0.0384615"
"P16-1185","2021.acl-long.136","0.0384615"
"2021.acl-long.136","P18-1178","0.0384615"
"P18-1178","2021.acl-long.136","0.0384615"
"2021.acl-long.136","W18-2605","0.0384615"
"W18-2605","2021.acl-long.136","0.0384615"
"2021.autosimtrans-1.6","2021.emnlp-main.356","0.0384615"
"2021.emnlp-main.356","2021.autosimtrans-1.6","0.0384615"
"2021.autosimtrans-1.6","C08-1125","0.0384615"
"C08-1125","2021.autosimtrans-1.6","0.0384615"
"2021.autosimtrans-1.6","D07-1030","0.0384615"
"D07-1030","2021.autosimtrans-1.6","0.0384615"
"2021.autosimtrans-1.6","D13-1050","0.0384615"
"D13-1050","2021.autosimtrans-1.6","0.0384615"
"2021.autosimtrans-1.6","D14-1016","0.0384615"
"D14-1016","2021.autosimtrans-1.6","0.0384615"
"2021.autosimtrans-1.6","D14-1174","0.0384615"
"D14-1174","2021.autosimtrans-1.6","0.0384615"
"2021.autosimtrans-1.6","D18-1036","1.03846"
"D18-1036","2021.autosimtrans-1.6","1.03846"
"2021.autosimtrans-1.6","D19-1187","0.0384615"
"D19-1187","2021.autosimtrans-1.6","0.0384615"
"2021.autosimtrans-1.6","P07-1108","0.0384615"
"P07-1108","2021.autosimtrans-1.6","0.0384615"
"2021.autosimtrans-1.6","P09-1018","0.0384615"
"P09-1018","2021.autosimtrans-1.6","0.0384615"
"2021.autosimtrans-1.6","P10-1085","0.0384615"
"P10-1085","2021.autosimtrans-1.6","0.0384615"
"2021.autosimtrans-1.6","P11-1104","0.0384615"
"P11-1104","2021.autosimtrans-1.6","0.0384615"
"2021.autosimtrans-1.6","P12-1048","0.0384615"
"P12-1048","2021.autosimtrans-1.6","0.0384615"
"2021.autosimtrans-1.6","P12-1103","0.0384615"
"P12-1103","2021.autosimtrans-1.6","0.0384615"
"2021.autosimtrans-1.6","P15-1166","0.0384615"
"P15-1166","2021.autosimtrans-1.6","0.0384615"
"2021.autosimtrans-1.6","P16-1159","0.0384615"
"P16-1159","2021.autosimtrans-1.6","0.0384615"
"2021.autosimtrans-1.6","P16-1185","0.0384615"
"P16-1185","2021.autosimtrans-1.6","0.0384615"
"2021.autosimtrans-1.6","P18-1178","0.0384615"
"P18-1178","2021.autosimtrans-1.6","0.0384615"
"2021.autosimtrans-1.6","W18-2605","0.0384615"
"W18-2605","2021.autosimtrans-1.6","0.0384615"
"2021.emnlp-main.356","C08-1125","0.0384615"
"C08-1125","2021.emnlp-main.356","0.0384615"
"2021.emnlp-main.356","D07-1030","0.0384615"
"D07-1030","2021.emnlp-main.356","0.0384615"
"2021.emnlp-main.356","D13-1050","0.0384615"
"D13-1050","2021.emnlp-main.356","0.0384615"
"2021.emnlp-main.356","D14-1016","0.0384615"
"D14-1016","2021.emnlp-main.356","0.0384615"
"2021.emnlp-main.356","D14-1174","0.0384615"
"D14-1174","2021.emnlp-main.356","0.0384615"
"2021.emnlp-main.356","D18-1036","0.0384615"
"D18-1036","2021.emnlp-main.356","0.0384615"
"2021.emnlp-main.356","D19-1187","0.0384615"
"D19-1187","2021.emnlp-main.356","0.0384615"
"2021.emnlp-main.356","P07-1108","0.0384615"
"P07-1108","2021.emnlp-main.356","0.0384615"
"2021.emnlp-main.356","P09-1018","0.0384615"
"P09-1018","2021.emnlp-main.356","0.0384615"
"2021.emnlp-main.356","P10-1085","0.0384615"
"P10-1085","2021.emnlp-main.356","0.0384615"
"2021.emnlp-main.356","P11-1104","0.0384615"
"P11-1104","2021.emnlp-main.356","0.0384615"
"2021.emnlp-main.356","P12-1048","0.0384615"
"P12-1048","2021.emnlp-main.356","0.0384615"
"2021.emnlp-main.356","P12-1103","0.0384615"
"P12-1103","2021.emnlp-main.356","0.0384615"
"2021.emnlp-main.356","P15-1166","0.0384615"
"P15-1166","2021.emnlp-main.356","0.0384615"
"2021.emnlp-main.356","P16-1159","0.0384615"
"P16-1159","2021.emnlp-main.356","0.0384615"
"2021.emnlp-main.356","P16-1185","0.0384615"
"P16-1185","2021.emnlp-main.356","0.0384615"
"2021.emnlp-main.356","P18-1178","0.0384615"
"P18-1178","2021.emnlp-main.356","0.0384615"
"2021.emnlp-main.356","W18-2605","0.0384615"
"W18-2605","2021.emnlp-main.356","0.0384615"
"C08-1125","D07-1030","0.507541"
"D07-1030","C08-1125","0.507541"
"C08-1125","D13-1050","0.129371"
"D13-1050","C08-1125","0.129371"
"C08-1125","D14-1016","0.265117"
"D14-1016","C08-1125","0.265117"
"C08-1125","D14-1174","0.129371"
"D14-1174","C08-1125","0.129371"
"C08-1125","D18-1036","0.0384615"
"D18-1036","C08-1125","0.0384615"
"C08-1125","D19-1187","0.0384615"
"D19-1187","C08-1125","0.0384615"
"C08-1125","P07-1108","0.507541"
"P07-1108","C08-1125","0.507541"
"C08-1125","P09-1018","0.206294"
"P09-1018","C08-1125","0.206294"
"C08-1125","P10-1085","0.265117"
"P10-1085","C08-1125","0.265117"
"C08-1125","P11-1104","0.265117"
"P11-1104","C08-1125","0.265117"
"C08-1125","P12-1048","3.12937"
"P12-1048","C08-1125","3.12937"
"C08-1125","P12-1103","0.206294"
"P12-1103","C08-1125","0.206294"
"C08-1125","P15-1166","0.0384615"
"P15-1166","C08-1125","0.0384615"
"C08-1125","P16-1159","0.174208"
"P16-1159","C08-1125","0.174208"
"C08-1125","P16-1185","1.26512"
"P16-1185","C08-1125","1.26512"
"C08-1125","P18-1178","0.0384615"
"P18-1178","C08-1125","0.0384615"
"C08-1125","W18-2605","0.0384615"
"W18-2605","C08-1125","0.0384615"
"D07-1030","D13-1050","0.10989"
"D13-1050","D07-1030","0.10989"
"D07-1030","D14-1016","0.638494"
"D14-1016","D07-1030","0.638494"
"D07-1030","D14-1174","0.10989"
"D14-1174","D07-1030","0.10989"
"D07-1030","D18-1036","0.0384615"
"D18-1036","D07-1030","0.0384615"
"D07-1030","D19-1187","0.0384615"
"D19-1187","D07-1030","0.0384615"
"D07-1030","P07-1108","3.2294"
"P07-1108","D07-1030","3.2294"
"D07-1030","P09-1018","0.186813"
"P09-1018","D07-1030","0.186813"
"D07-1030","P10-1085","0.336546"
"P10-1085","D07-1030","0.336546"
"D07-1030","P11-1104","0.479403"
"P11-1104","D07-1030","0.479403"
"D07-1030","P12-1048","0.35989"
"P12-1048","D07-1030","0.35989"
"D07-1030","P12-1103","0.32967"
"P12-1103","D07-1030","0.32967"
"D07-1030","P15-1166","0.205128"
"P15-1166","D07-1030","0.205128"
"D07-1030","P16-1159","0.388494"
"P16-1159","D07-1030","0.388494"
"D07-1030","P16-1185","0.388494"
"P16-1185","D07-1030","0.388494"
"D07-1030","P18-1178","0.0384615"
"P18-1178","D07-1030","0.0384615"
"D07-1030","W18-2605","0.0384615"
"W18-2605","D07-1030","0.0384615"
"D13-1050","D14-1016","1.2008"
"D14-1016","D13-1050","1.2008"
"D13-1050","D14-1174","6.81747"
"D14-1174","D13-1050","6.81747"
"D13-1050","D18-1036","0.0384615"
"D18-1036","D13-1050","0.0384615"
"D13-1050","D19-1187","0.0384615"
"D19-1187","D13-1050","0.0384615"
"D13-1050","P07-1108","0.776557"
"P07-1108","D13-1050","0.776557"
"D13-1050","P09-1018","1.28413"
"P09-1018","D13-1050","1.28413"
"D13-1050","P10-1085","0.400799"
"P10-1085","D13-1050","0.400799"
"D13-1050","P11-1104","0.400799"
"P11-1104","D13-1050","0.400799"
"D13-1050","P12-1048","0.400799"
"P12-1048","D13-1050","0.400799"
"D13-1050","P12-1103","0.400799"
"P12-1103","D13-1050","0.400799"
"D13-1050","P15-1166","0.288462"
"P15-1166","D13-1050","0.288462"
"D13-1050","P16-1159","0.10989"
"P16-1159","D13-1050","0.10989"
"D13-1050","P16-1185","0.200799"
"P16-1185","D13-1050","0.200799"
"D13-1050","P18-1178","0.0384615"
"P18-1178","D13-1050","0.0384615"
"D13-1050","W18-2605","0.0384615"
"W18-2605","D13-1050","0.0384615"
"D14-1016","D14-1174","0.200799"
"D14-1174","D14-1016","0.200799"
"D14-1016","D18-1036","0.0384615"
"D18-1036","D14-1016","0.0384615"
"D14-1016","D19-1187","0.0384615"
"D19-1187","D14-1016","0.0384615"
"D14-1016","P07-1108","0.638494"
"P07-1108","D14-1016","0.638494"
"D14-1016","P09-1018","0.277722"
"P09-1018","D14-1016","0.277722"
"D14-1016","P10-1085","0.836546"
"P10-1085","D14-1016","0.836546"
"D14-1016","P11-1104","0.479403"
"P11-1104","D14-1016","0.479403"
"D14-1016","P12-1048","1.4508"
"P12-1048","D14-1016","1.4508"
"D14-1016","P12-1103","0.420579"
"P12-1103","D14-1016","0.420579"
"D14-1016","P15-1166","0.0384615"
"P15-1166","D14-1016","0.0384615"
"D14-1016","P16-1159","0.388494"
"P16-1159","D14-1016","0.388494"
"D14-1016","P16-1185","0.479403"
"P16-1185","D14-1016","0.479403"
"D14-1016","P18-1178","0.0384615"
"P18-1178","D14-1016","0.0384615"
"D14-1016","W18-2605","0.0384615"
"W18-2605","D14-1016","0.0384615"
"D14-1174","D18-1036","0.0384615"
"D18-1036","D14-1174","0.0384615"
"D14-1174","D19-1187","0.0384615"
"D19-1187","D14-1174","0.0384615"
"D14-1174","P07-1108","0.776557"
"P07-1108","D14-1174","0.776557"
"D14-1174","P09-1018","2.78413"
"P09-1018","D14-1174","2.78413"
"D14-1174","P10-1085","0.400799"
"P10-1085","D14-1174","0.400799"
"D14-1174","P11-1104","0.400799"
"P11-1104","D14-1174","0.400799"
"D14-1174","P12-1048","0.400799"
"P12-1048","D14-1174","0.400799"
"D14-1174","P12-1103","0.400799"
"P12-1103","D14-1174","0.400799"
"D14-1174","P15-1166","0.788462"
"P15-1166","D14-1174","0.788462"
"D14-1174","P16-1159","0.10989"
"P16-1159","D14-1174","0.10989"
"D14-1174","P16-1185","0.200799"
"P16-1185","D14-1174","0.200799"
"D14-1174","P18-1178","0.0384615"
"P18-1178","D14-1174","0.0384615"
"D14-1174","W18-2605","0.0384615"
"W18-2605","D14-1174","0.0384615"
"D18-1036","D19-1187","0.0384615"
"D19-1187","D18-1036","0.0384615"
"D18-1036","P07-1108","0.0384615"
"P07-1108","D18-1036","0.0384615"
"D18-1036","P09-1018","0.0384615"
"P09-1018","D18-1036","0.0384615"
"D18-1036","P10-1085","0.0384615"
"P10-1085","D18-1036","0.0384615"
"D18-1036","P11-1104","0.0384615"
"P11-1104","D18-1036","0.0384615"
"D18-1036","P12-1048","0.538462"
"P12-1048","D18-1036","0.538462"
"D18-1036","P12-1103","0.0384615"
"P12-1103","D18-1036","0.0384615"
"D18-1036","P15-1166","0.0384615"
"P15-1166","D18-1036","0.0384615"
"D18-1036","P16-1159","2.53846"
"P16-1159","D18-1036","2.53846"
"D18-1036","P16-1185","0.538462"
"P16-1185","D18-1036","0.538462"
"D18-1036","P18-1178","0.0384615"
"P18-1178","D18-1036","0.0384615"
"D18-1036","W18-2605","0.0384615"
"W18-2605","D18-1036","0.0384615"
"D19-1187","P07-1108","0.0384615"
"P07-1108","D19-1187","0.0384615"
"D19-1187","P09-1018","0.0384615"
"P09-1018","D19-1187","0.0384615"
"D19-1187","P10-1085","0.0384615"
"P10-1085","D19-1187","0.0384615"
"D19-1187","P11-1104","0.0384615"
"P11-1104","D19-1187","0.0384615"
"D19-1187","P12-1048","0.0384615"
"P12-1048","D19-1187","0.0384615"
"D19-1187","P12-1103","0.0384615"
"P12-1103","D19-1187","0.0384615"
"D19-1187","P15-1166","0.0384615"
"P15-1166","D19-1187","0.0384615"
"D19-1187","P16-1159","0.538462"
"P16-1159","D19-1187","0.538462"
"D19-1187","P16-1185","0.0384615"
"P16-1185","D19-1187","0.0384615"
"D19-1187","P18-1178","0.0384615"
"P18-1178","D19-1187","0.0384615"
"D19-1187","W18-2605","0.538462"
"W18-2605","D19-1187","0.538462"
"P07-1108","P09-1018","0.520147"
"P09-1018","P07-1108","0.520147"
"P07-1108","P10-1085","0.336546"
"P10-1085","P07-1108","0.336546"
"P07-1108","P11-1104","0.479403"
"P11-1104","P07-1108","0.479403"
"P07-1108","P12-1048","0.35989"
"P12-1048","P07-1108","0.35989"
"P07-1108","P12-1103","1.32967"
"P12-1103","P07-1108","1.32967"
"P07-1108","P15-1166","0.205128"
"P15-1166","P07-1108","0.205128"
"P07-1108","P16-1159","0.388494"
"P16-1159","P07-1108","0.388494"
"P07-1108","P16-1185","0.388494"
"P16-1185","P07-1108","0.388494"
"P07-1108","P18-1178","0.0384615"
"P18-1178","P07-1108","0.0384615"
"P07-1108","W18-2605","0.0384615"
"W18-2605","P07-1108","0.0384615"
"P09-1018","P10-1085","0.277722"
"P10-1085","P09-1018","0.277722"
"P09-1018","P11-1104","0.277722"
"P11-1104","P09-1018","0.277722"
"P09-1018","P12-1048","0.200799"
"P12-1048","P09-1018","0.200799"
"P09-1018","P12-1103","0.277722"
"P12-1103","P09-1018","0.277722"
"P09-1018","P15-1166","0.788462"
"P15-1166","P09-1018","0.788462"
"P09-1018","P16-1159","0.186813"
"P16-1159","P09-1018","0.186813"
"P09-1018","P16-1185","0.277722"
"P16-1185","P09-1018","0.277722"
"P09-1018","P18-1178","0.0384615"
"P18-1178","P09-1018","0.0384615"
"P09-1018","W18-2605","0.0384615"
"W18-2605","P09-1018","0.0384615"
"P10-1085","P11-1104","3.32745"
"P11-1104","P10-1085","3.32745"
"P10-1085","P12-1048","1.6008"
"P12-1048","P10-1085","1.6008"
"P10-1085","P15-1166","0.0384615"
"P15-1166","P10-1085","0.0384615"
"P10-1085","P16-1159","0.245637"
"P16-1159","P10-1085","0.245637"
"P10-1085","P16-1185","0.336546"
"P16-1185","P10-1085","0.336546"
"P10-1085","P18-1178","0.0384615"
"P18-1178","P10-1085","0.0384615"
"P10-1085","W18-2605","0.0384615"
"W18-2605","P10-1085","0.0384615"
"P11-1104","P12-1048","0.600799"
"P12-1048","P11-1104","0.600799"
"P11-1104","P12-1103","1.12058"
"P12-1103","P11-1104","1.12058"
"P11-1104","P15-1166","0.0384615"
"P15-1166","P11-1104","0.0384615"
"P11-1104","P16-1159","0.388494"
"P16-1159","P11-1104","0.388494"
"P11-1104","P16-1185","0.479403"
"P16-1185","P11-1104","0.479403"
"P11-1104","P18-1178","0.0384615"
"P18-1178","P11-1104","0.0384615"
"P11-1104","W18-2605","0.0384615"
"W18-2605","P11-1104","0.0384615"
"P12-1048","P12-1103","0.400799"
"P12-1103","P12-1048","0.400799"
"P12-1048","P15-1166","0.0384615"
"P15-1166","P12-1048","0.0384615"
"P12-1048","P16-1159","0.10989"
"P16-1159","P12-1048","0.10989"
"P12-1048","P16-1185","1.2008"
"P16-1185","P12-1048","1.2008"
"P12-1048","P18-1178","0.0384615"
"P18-1178","P12-1048","0.0384615"
"P12-1048","W18-2605","0.0384615"
"W18-2605","P12-1048","0.0384615"
"P12-1103","P15-1166","0.0384615"
"P15-1166","P12-1103","0.0384615"
"P12-1103","P16-1159","0.32967"
"P16-1159","P12-1103","0.32967"
"P12-1103","P16-1185","0.420579"
"P16-1185","P12-1103","0.420579"
"P12-1103","P18-1178","0.0384615"
"P18-1178","P12-1103","0.0384615"
"P12-1103","W18-2605","0.0384615"
"W18-2605","P12-1103","0.0384615"
"P15-1166","P16-1159","1.03846"
"P16-1159","P15-1166","1.03846"
"P15-1166","P16-1185","0.871795"
"P16-1185","P15-1166","0.871795"
"P15-1166","P18-1178","0.0384615"
"P18-1178","P15-1166","0.0384615"
"P15-1166","W18-2605","0.0384615"
"W18-2605","P15-1166","0.0384615"
"P16-1159","P16-1185","2.38849"
"P16-1185","P16-1159","2.38849"
"P16-1159","P18-1178","0.0384615"
"P18-1178","P16-1159","0.0384615"
"P16-1159","W18-2605","0.538462"
"W18-2605","P16-1159","0.538462"
"P16-1185","P18-1178","0.0384615"
"P18-1178","P16-1185","0.0384615"
"P16-1185","W18-2605","0.0384615"
"W18-2605","P16-1185","0.0384615"
"P18-1178","W18-2605","0.871795"
"W18-2605","P18-1178","0.871795"
"2005.mtsummit-posters.7","P04-3002","0.5"
"P04-3002","2005.mtsummit-posters.7","0.5"
"2005.mtsummit-posters.7","wu-wang-2004-improving-domain","0.5"
"wu-wang-2004-improving-domain","2005.mtsummit-posters.7","0.5"
"2007.mtsummit-papers.41","P03-1016","1"
"P03-1016","2007.mtsummit-papers.41","1"
"2007.mtsummit-papers.41","2015.mtsummit-papers.23","0.666667"
"2015.mtsummit-papers.23","2007.mtsummit-papers.41","0.666667"
"2007.mtsummit-papers.52","2015.mtsummit-papers.23","0.166667"
"2015.mtsummit-papers.23","2007.mtsummit-papers.52","0.166667"
"2007.mtsummit-papers.67","2015.mtsummit-papers.23","0.238095"
"2015.mtsummit-papers.23","2007.mtsummit-papers.67","0.238095"
"2015.mtsummit-papers.23","D07-1030","0.296919"
"D07-1030","2015.mtsummit-papers.23","0.296919"
"2015.mtsummit-papers.23","P07-1108","0.796919"
"P07-1108","2015.mtsummit-papers.23","0.796919"
"2015.mtsummit-papers.23","P15-1166","1.5"
"P15-1166","2015.mtsummit-papers.23","1.5"
"2007.mtsummit-papers.41","2008.iwslt-evaluation.18","0.0769231"
"2008.iwslt-evaluation.18","2007.mtsummit-papers.41","0.0769231"
"2007.mtsummit-papers.41","D14-1015","0.0769231"
"D14-1015","2007.mtsummit-papers.41","0.0769231"
"2007.mtsummit-papers.52","2008.iwslt-evaluation.18","0.0769231"
"2008.iwslt-evaluation.18","2007.mtsummit-papers.52","0.0769231"
"2007.mtsummit-papers.52","D14-1015","0.0769231"
"D14-1015","2007.mtsummit-papers.52","0.0769231"
"2008.iwslt-evaluation.18","C08-1125","1.16783"
"C08-1125","2008.iwslt-evaluation.18","1.16783"
"2008.iwslt-evaluation.18","D07-1030","0.148352"
"D07-1030","2008.iwslt-evaluation.18","0.148352"
"2008.iwslt-evaluation.18","D14-1015","0.0769231"
"D14-1015","2008.iwslt-evaluation.18","0.0769231"
"2008.iwslt-evaluation.18","D14-1016","0.239261"
"D14-1016","2008.iwslt-evaluation.18","0.239261"
"2008.iwslt-evaluation.18","P07-1108","0.148352"
"P07-1108","2008.iwslt-evaluation.18","0.148352"
"2008.iwslt-evaluation.18","P09-1018","1.48926"
"P09-1018","2008.iwslt-evaluation.18","1.48926"
"2008.iwslt-evaluation.18","P10-1085","0.239261"
"P10-1085","2008.iwslt-evaluation.18","0.239261"
"2008.iwslt-evaluation.18","P11-1104","0.239261"
"P11-1104","2008.iwslt-evaluation.18","0.239261"
"2008.iwslt-evaluation.18","P12-1103","0.239261"
"P12-1103","2008.iwslt-evaluation.18","0.239261"
"2008.iwslt-evaluation.18","P16-1159","0.148352"
"P16-1159","2008.iwslt-evaluation.18","0.148352"
"2008.iwslt-evaluation.18","P16-1185","0.239261"
"P16-1185","2008.iwslt-evaluation.18","0.239261"
"C08-1125","D14-1015","0.0769231"
"D14-1015","C08-1125","0.0769231"
"D07-1030","D14-1015","0.0769231"
"D14-1015","D07-1030","0.0769231"
"D14-1015","D14-1016","0.0769231"
"D14-1016","D14-1015","0.0769231"
"D14-1015","P07-1108","0.0769231"
"P07-1108","D14-1015","0.0769231"
"D14-1015","P09-1018","0.0769231"
"P09-1018","D14-1015","0.0769231"
"D14-1015","P10-1085","0.276923"
"P10-1085","D14-1015","0.276923"
"D14-1015","P11-1104","0.276923"
"P11-1104","D14-1015","0.276923"
"D14-1015","P12-1103","0.0769231"
"P12-1103","D14-1015","0.0769231"
"D14-1015","P16-1159","0.576923"
"P16-1159","D14-1015","0.576923"
"D14-1015","P16-1185","0.0769231"
"P16-1185","D14-1015","0.0769231"
"P06-2112","P07-1108","4.64973"
"P07-1108","P06-2112","4.64973"
"2007.mtsummit-papers.52","P03-1016","0.25"
"P03-1016","2007.mtsummit-papers.52","0.25"
"I05-1041","P03-1016","0.308824"
"P03-1016","I05-1041","0.308824"
"P03-1016","P05-1058","0.308824"
"P05-1058","P03-1016","0.308824"
"P03-1016","wu-wang-2004-improving-domain","0.308824"
"wu-wang-2004-improving-domain","P03-1016","0.308824"
"C04-1005","D07-1030","0.149733"
"D07-1030","C04-1005","0.149733"
"C04-1005","P07-1108","0.149733"
"P07-1108","C04-1005","0.149733"
"C04-1005","P11-1104","0.149733"
"P11-1104","C04-1005","0.149733"
"D07-1030","I05-1041","0.149733"
"I05-1041","D07-1030","0.149733"
"D07-1030","P04-3002","0.149733"
"P04-3002","D07-1030","0.149733"
"D07-1030","P05-1058","0.149733"
"P05-1058","D07-1030","0.149733"
"D07-1030","P06-2112","0.149733"
"P06-2112","D07-1030","0.149733"
"D07-1030","P06-2117","0.149733"
"P06-2117","D07-1030","0.149733"
"D07-1030","wu-wang-2004-improving-domain","0.149733"
"wu-wang-2004-improving-domain","D07-1030","0.149733"
"I05-1041","P07-1108","0.149733"
"P07-1108","I05-1041","0.149733"
"I05-1041","P11-1104","0.149733"
"P11-1104","I05-1041","0.149733"
"P04-3002","P07-1108","0.149733"
"P07-1108","P04-3002","0.149733"
"P04-3002","P11-1104","0.149733"
"P11-1104","P04-3002","0.149733"
"P05-1058","P07-1108","0.149733"
"P07-1108","P05-1058","0.149733"
"P05-1058","P11-1104","0.149733"
"P11-1104","P05-1058","0.149733"
"P06-2112","P11-1104","0.349733"
"P11-1104","P06-2112","0.349733"
"P06-2117","P07-1108","0.149733"
"P07-1108","P06-2117","0.149733"
"P06-2117","P11-1104","0.349733"
"P11-1104","P06-2117","0.349733"
"P07-1108","wu-wang-2004-improving-domain","0.149733"
"wu-wang-2004-improving-domain","P07-1108","0.149733"
"P11-1104","wu-wang-2004-improving-domain","0.149733"
"wu-wang-2004-improving-domain","P11-1104","0.149733"
"2007.mtsummit-papers.67","D09-1051","0.333333"
"D09-1051","2007.mtsummit-papers.67","0.333333"
"2007.mtsummit-papers.67","P04-3002","0.333333"
"P04-3002","2007.mtsummit-papers.67","0.333333"
"2007.mtsummit-papers.67","P05-1058","0.333333"
"P05-1058","2007.mtsummit-papers.67","0.333333"
"D09-1051","P04-3002","0.392157"
