"2005.mtsummit-papers.41","2007.mtsummit-papers.52","0.527778"
"2007.mtsummit-papers.52","2005.mtsummit-papers.41","0.527778"
"2005.mtsummit-papers.41","C04-1005","0.527778"
"C04-1005","2005.mtsummit-papers.41","0.527778"
"2005.mtsummit-papers.41","I05-1041","0.527778"
"I05-1041","2005.mtsummit-papers.41","0.527778"
"2005.mtsummit-papers.41","P04-3002","0.527778"
"P04-3002","2005.mtsummit-papers.41","0.527778"
"2005.mtsummit-papers.41","P05-1058","0.527778"
"P05-1058","2005.mtsummit-papers.41","0.527778"
"2005.mtsummit-papers.41","wu-wang-2004-improving-domain","0.527778"
"wu-wang-2004-improving-domain","2005.mtsummit-papers.41","0.527778"
"2007.mtsummit-papers.52","C04-1005","0.618687"
"C04-1005","2007.mtsummit-papers.52","0.618687"
"2007.mtsummit-papers.52","I05-1041","0.95202"
"I05-1041","2007.mtsummit-papers.52","0.95202"
"2007.mtsummit-papers.52","P04-3002","0.868687"
"P04-3002","2007.mtsummit-papers.52","0.868687"
"2007.mtsummit-papers.52","P05-1058","1.20202"
"P05-1058","2007.mtsummit-papers.52","1.20202"
"2007.mtsummit-papers.52","wu-wang-2004-improving-domain","1.20202"
"wu-wang-2004-improving-domain","2007.mtsummit-papers.52","1.20202"
"C04-1005","I05-1041","2.43535"
"I05-1041","C04-1005","2.43535"
"C04-1005","P04-3002","0.935354"
"P04-3002","C04-1005","0.935354"
"C04-1005","P05-1058","0.935354"
"P05-1058","C04-1005","0.935354"
"C04-1005","wu-wang-2004-improving-domain","2.93535"
"wu-wang-2004-improving-domain","C04-1005","2.93535"
"I05-1041","P04-3002","0.935354"
"P04-3002","I05-1041","0.935354"
"I05-1041","P05-1058","2.26869"
"P05-1058","I05-1041","2.26869"
"I05-1041","wu-wang-2004-improving-domain","2.76869"
"wu-wang-2004-improving-domain","I05-1041","2.76869"
"P04-3002","P05-1058","1.51869"
"P05-1058","P04-3002","1.51869"
"P04-3002","wu-wang-2004-improving-domain","1.68535"
"wu-wang-2004-improving-domain","P04-3002","1.68535"
"P05-1058","wu-wang-2004-improving-domain","1.51869"
"wu-wang-2004-improving-domain","P05-1058","1.51869"
"2005.mtsummit-papers.41","P06-2112","0.194444"
"P06-2112","2005.mtsummit-papers.41","0.194444"
"2005.mtsummit-papers.41","P06-2117","0.194444"
"P06-2117","2005.mtsummit-papers.41","0.194444"
"2005.mtsummit-papers.41","P10-1085","0.194444"
"P10-1085","2005.mtsummit-papers.41","0.194444"
"2007.mtsummit-papers.52","P06-2112","1.03535"
"P06-2112","2007.mtsummit-papers.52","1.03535"
"2007.mtsummit-papers.52","P06-2117","0.785354"
"P06-2117","2007.mtsummit-papers.52","0.785354"
"2007.mtsummit-papers.52","P10-1085","0.899314"
"P10-1085","2007.mtsummit-papers.52","0.899314"
"C04-1005","P06-2112","0.35202"
"P06-2112","C04-1005","0.35202"
"C04-1005","P06-2117","0.35202"
"P06-2117","C04-1005","0.35202"
"C04-1005","P10-1085","0.85202"
"P10-1085","C04-1005","0.85202"
"I05-1041","P06-2112","0.35202"
"P06-2112","I05-1041","0.35202"
"I05-1041","P06-2117","0.35202"
"P06-2117","I05-1041","0.35202"
"I05-1041","P10-1085","0.35202"
"P10-1085","I05-1041","0.35202"
"P04-3002","P06-2112","0.60202"
"P06-2112","P04-3002","0.60202"
"P04-3002","P06-2117","0.35202"
"P06-2117","P04-3002","0.35202"
"P04-3002","P10-1085","0.35202"
"P10-1085","P04-3002","0.35202"
"P05-1058","P06-2112","0.60202"
"P06-2112","P05-1058","0.60202"
"P05-1058","P06-2117","0.35202"
"P06-2117","P05-1058","0.35202"
"P05-1058","P10-1085","0.35202"
"P10-1085","P05-1058","0.35202"
"P06-2112","P06-2117","2.01869"
"P06-2117","P06-2112","2.01869"
"P06-2112","P10-1085","0.518687"
"P10-1085","P06-2112","0.518687"
"P06-2112","wu-wang-2004-improving-domain","0.60202"
"wu-wang-2004-improving-domain","P06-2112","0.60202"
"P06-2117","P10-1085","0.518687"
"P10-1085","P06-2117","0.518687"
"P06-2117","wu-wang-2004-improving-domain","0.35202"
"wu-wang-2004-improving-domain","P06-2117","0.35202"
"P10-1085","wu-wang-2004-improving-domain","0.85202"
"wu-wang-2004-improving-domain","P10-1085","0.85202"
"2005.mtsummit-papers.41","C10-1149","0.0833333"
"C10-1149","2005.mtsummit-papers.41","0.0833333"
"2005.mtsummit-papers.41","P08-1089","0.0833333"
"P08-1089","2005.mtsummit-papers.41","0.0833333"
"2005.mtsummit-papers.41","P12-1103","0.0833333"
"P12-1103","2005.mtsummit-papers.41","0.0833333"
"2007.mtsummit-papers.52","C10-1149","0.287037"
"C10-1149","2007.mtsummit-papers.52","0.287037"
"2007.mtsummit-papers.52","P08-1089","0.0833333"
"P08-1089","2007.mtsummit-papers.52","0.0833333"
"2007.mtsummit-papers.52","P12-1103","0.197293"
"P12-1103","2007.mtsummit-papers.52","0.197293"
"C04-1005","C10-1149","0.0833333"
"C10-1149","C04-1005","0.0833333"
"C04-1005","P08-1089","0.0833333"
"P08-1089","C04-1005","0.0833333"
"C04-1005","P12-1103","0.0833333"
"P12-1103","C04-1005","0.0833333"
"C10-1149","I05-1041","0.0833333"
"I05-1041","C10-1149","0.0833333"
"C10-1149","P04-3002","0.0833333"
"P04-3002","C10-1149","0.0833333"
"C10-1149","P05-1058","0.0833333"
"P05-1058","C10-1149","0.0833333"
"C10-1149","P06-2112","0.0833333"
"P06-2112","C10-1149","0.0833333"
"C10-1149","P06-2117","0.0833333"
"P06-2117","C10-1149","0.0833333"
"C10-1149","P08-1089","2.52202"
"P08-1089","C10-1149","2.52202"
"C10-1149","P10-1085","0.18287"
"P10-1085","C10-1149","0.18287"
"C10-1149","P12-1103","0.325728"
"P12-1103","C10-1149","0.325728"
"C10-1149","wu-wang-2004-improving-domain","0.0833333"
"wu-wang-2004-improving-domain","C10-1149","0.0833333"
"I05-1041","P08-1089","0.0833333"
"P08-1089","I05-1041","0.0833333"
"I05-1041","P12-1103","0.0833333"
"P12-1103","I05-1041","0.0833333"
"P04-3002","P08-1089","0.0833333"
"P08-1089","P04-3002","0.0833333"
"P04-3002","P12-1103","0.0833333"
"P12-1103","P04-3002","0.0833333"
"P05-1058","P08-1089","0.0833333"
"P08-1089","P05-1058","0.0833333"
"P05-1058","P12-1103","0.0833333"
"P12-1103","P05-1058","0.0833333"
"P06-2112","P08-1089","0.0833333"
"P08-1089","P06-2112","0.0833333"
"P06-2112","P12-1103","0.0833333"
"P12-1103","P06-2112","0.0833333"
"P06-2117","P08-1089","0.0833333"
"P08-1089","P06-2117","0.0833333"
"P06-2117","P12-1103","0.0833333"
"P12-1103","P06-2117","0.0833333"
"P08-1089","P10-1085","0.479167"
"P10-1085","P08-1089","0.479167"
"P08-1089","P12-1103","0.622024"
"P12-1103","P08-1089","0.622024"
"P08-1089","wu-wang-2004-improving-domain","0.0833333"
"wu-wang-2004-improving-domain","P08-1089","0.0833333"
"P10-1085","P12-1103","0.850703"
"P12-1103","P10-1085","0.850703"
"P12-1103","wu-wang-2004-improving-domain","0.0833333"
"wu-wang-2004-improving-domain","P12-1103","0.0833333"
"2005.mtsummit-posters.7","2007.mtsummit-papers.52","0.037037"
"2007.mtsummit-papers.52","2005.mtsummit-posters.7","0.037037"
"2005.mtsummit-posters.7","2007.mtsummit-papers.67","0.037037"
"2007.mtsummit-papers.67","2005.mtsummit-posters.7","0.037037"
"2005.mtsummit-posters.7","2020.acl-main.98","0.037037"
"2020.acl-main.98","2005.mtsummit-posters.7","0.037037"
"2005.mtsummit-posters.7","2020.emnlp-main.178","0.037037"
"2020.emnlp-main.178","2005.mtsummit-posters.7","0.037037"
"2005.mtsummit-posters.7","2021.acl-long.136","0.037037"
"2021.acl-long.136","2005.mtsummit-posters.7","0.037037"
"2005.mtsummit-posters.7","2021.autosimtrans-1.6","0.037037"
"2021.autosimtrans-1.6","2005.mtsummit-posters.7","0.037037"
"2005.mtsummit-posters.7","2021.emnlp-main.356","0.037037"
"2021.emnlp-main.356","2005.mtsummit-posters.7","0.037037"
"2005.mtsummit-posters.7","C08-1038","0.037037"
"C08-1038","2005.mtsummit-posters.7","0.037037"
"2005.mtsummit-posters.7","C08-1125","0.037037"
"C08-1125","2005.mtsummit-posters.7","0.037037"
"2005.mtsummit-posters.7","C10-1149","0.037037"
"C10-1149","2005.mtsummit-posters.7","0.037037"
"2005.mtsummit-posters.7","D07-1030","0.037037"
"D07-1030","2005.mtsummit-posters.7","0.037037"
"2005.mtsummit-posters.7","D13-1050","0.037037"
"D13-1050","2005.mtsummit-posters.7","0.037037"
"2005.mtsummit-posters.7","D14-1016","0.037037"
"D14-1016","2005.mtsummit-posters.7","0.037037"
"2005.mtsummit-posters.7","D14-1174","0.037037"
"D14-1174","2005.mtsummit-posters.7","0.037037"
"2005.mtsummit-posters.7","D19-1187","0.037037"
"D19-1187","2005.mtsummit-posters.7","0.037037"
"2005.mtsummit-posters.7","I11-1090","0.037037"
"I11-1090","2005.mtsummit-posters.7","0.037037"
"2005.mtsummit-posters.7","P07-1108","0.037037"
"P07-1108","2005.mtsummit-posters.7","0.037037"
"2005.mtsummit-posters.7","P09-1018","0.037037"
"P09-1018","2005.mtsummit-posters.7","0.037037"
"2005.mtsummit-posters.7","P09-1091","0.037037"
"P09-1091","2005.mtsummit-posters.7","0.037037"
"2005.mtsummit-posters.7","P10-1085","0.037037"
"P10-1085","2005.mtsummit-posters.7","0.037037"
"2005.mtsummit-posters.7","P11-1104","0.037037"
"P11-1104","2005.mtsummit-posters.7","0.037037"
"2005.mtsummit-posters.7","P12-1048","0.037037"
"P12-1048","2005.mtsummit-posters.7","0.037037"
"2005.mtsummit-posters.7","P12-1103","0.037037"
"P12-1103","2005.mtsummit-posters.7","0.037037"
"2005.mtsummit-posters.7","P15-1166","0.037037"
"P15-1166","2005.mtsummit-posters.7","0.037037"
"2005.mtsummit-posters.7","P18-1178","0.037037"
"P18-1178","2005.mtsummit-posters.7","0.037037"
"2005.mtsummit-posters.7","W08-1112","0.037037"
"W08-1112","2005.mtsummit-posters.7","0.037037"
"2005.mtsummit-posters.7","W18-2605","0.037037"
"W18-2605","2005.mtsummit-posters.7","0.037037"
"2007.mtsummit-papers.52","2007.mtsummit-papers.67","0.703704"
"2007.mtsummit-papers.67","2007.mtsummit-papers.52","0.703704"
"2007.mtsummit-papers.52","2020.acl-main.98","0.037037"
"2020.acl-main.98","2007.mtsummit-papers.52","0.037037"
"2007.mtsummit-papers.52","2020.emnlp-main.178","0.037037"
"2020.emnlp-main.178","2007.mtsummit-papers.52","0.037037"
"2007.mtsummit-papers.52","2021.acl-long.136","0.037037"
"2021.acl-long.136","2007.mtsummit-papers.52","0.037037"
"2007.mtsummit-papers.52","2021.autosimtrans-1.6","0.037037"
"2021.autosimtrans-1.6","2007.mtsummit-papers.52","0.037037"
"2007.mtsummit-papers.52","2021.emnlp-main.356","0.037037"
"2021.emnlp-main.356","2007.mtsummit-papers.52","0.037037"
"2007.mtsummit-papers.52","C08-1038","0.11396"
"C08-1038","2007.mtsummit-papers.52","0.11396"
"2007.mtsummit-papers.52","C08-1125","0.11396"
"C08-1125","2007.mtsummit-papers.52","0.11396"
"2007.mtsummit-papers.52","D07-1030","0.371536"
"D07-1030","2007.mtsummit-papers.52","0.371536"
"2007.mtsummit-papers.52","D13-1050","0.037037"
"D13-1050","2007.mtsummit-papers.52","0.037037"
"2007.mtsummit-papers.52","D14-1016","1.61396"
"D14-1016","2007.mtsummit-papers.52","1.61396"
"2007.mtsummit-papers.52","D14-1174","0.037037"
"D14-1174","2007.mtsummit-papers.52","0.037037"
"2007.mtsummit-papers.52","D19-1187","0.037037"
"D19-1187","2007.mtsummit-papers.52","0.037037"
"2007.mtsummit-papers.52","I11-1090","0.11396"
"I11-1090","2007.mtsummit-papers.52","0.11396"
"2007.mtsummit-papers.52","P07-1108","0.871536"
"P07-1108","2007.mtsummit-papers.52","0.871536"
"2007.mtsummit-papers.52","P09-1018","0.11396"
"P09-1018","2007.mtsummit-papers.52","0.11396"
"2007.mtsummit-papers.52","P09-1091","0.11396"
"P09-1091","2007.mtsummit-papers.52","0.11396"
"2007.mtsummit-papers.52","P11-1104","0.204869"
"P11-1104","2007.mtsummit-papers.52","0.204869"
"2007.mtsummit-papers.52","P12-1048","0.037037"
"P12-1048","2007.mtsummit-papers.52","0.037037"
"2007.mtsummit-papers.52","P15-1166","0.203704"
"P15-1166","2007.mtsummit-papers.52","0.203704"
"2007.mtsummit-papers.52","P18-1178","0.037037"
"P18-1178","2007.mtsummit-papers.52","0.037037"
"2007.mtsummit-papers.52","W08-1112","0.037037"
"W08-1112","2007.mtsummit-papers.52","0.037037"
"2007.mtsummit-papers.52","W18-2605","0.037037"
"W18-2605","2007.mtsummit-papers.52","0.037037"
"2007.mtsummit-papers.67","2020.acl-main.98","0.037037"
"2020.acl-main.98","2007.mtsummit-papers.67","0.037037"
"2007.mtsummit-papers.67","2020.emnlp-main.178","0.037037"
"2020.emnlp-main.178","2007.mtsummit-papers.67","0.037037"
"2007.mtsummit-papers.67","2021.acl-long.136","0.037037"
"2021.acl-long.136","2007.mtsummit-papers.67","0.037037"
"2007.mtsummit-papers.67","2021.autosimtrans-1.6","0.037037"
"2021.autosimtrans-1.6","2007.mtsummit-papers.67","0.037037"
"2007.mtsummit-papers.67","2021.emnlp-main.356","0.037037"
"2021.emnlp-main.356","2007.mtsummit-papers.67","0.037037"
"2007.mtsummit-papers.67","C08-1038","0.037037"
"C08-1038","2007.mtsummit-papers.67","0.037037"
"2007.mtsummit-papers.67","C08-1125","0.37037"
"C08-1125","2007.mtsummit-papers.67","0.37037"
"2007.mtsummit-papers.67","C10-1149","0.266204"
"C10-1149","2007.mtsummit-papers.67","0.266204"
"2007.mtsummit-papers.67","D07-1030","0.799537"
"D07-1030","2007.mtsummit-papers.67","0.799537"
"2007.mtsummit-papers.67","D13-1050","0.43287"
"D13-1050","2007.mtsummit-papers.67","0.43287"
"2007.mtsummit-papers.67","D14-1016","0.299537"
"D14-1016","2007.mtsummit-papers.67","0.299537"
"2007.mtsummit-papers.67","D14-1174","0.43287"
"D14-1174","2007.mtsummit-papers.67","0.43287"
"2007.mtsummit-papers.67","D19-1187","0.037037"
"D19-1187","2007.mtsummit-papers.67","0.037037"
"2007.mtsummit-papers.67","I11-1090","0.099537"
"I11-1090","2007.mtsummit-papers.67","0.099537"
"2007.mtsummit-papers.67","P07-1108","1.63287"
"P07-1108","2007.mtsummit-papers.67","1.63287"
"2007.mtsummit-papers.67","P09-1018","0.099537"
"P09-1018","2007.mtsummit-papers.67","0.099537"
"2007.mtsummit-papers.67","P09-1091","0.037037"
"P09-1091","2007.mtsummit-papers.67","0.037037"
"2007.mtsummit-papers.67","P10-1085","1.09954"
"P10-1085","2007.mtsummit-papers.67","1.09954"
"2007.mtsummit-papers.67","P11-1104","0.299537"
"P11-1104","2007.mtsummit-papers.67","0.299537"
"2007.mtsummit-papers.67","P12-1048","1.09954"
"P12-1048","2007.mtsummit-papers.67","1.09954"
"2007.mtsummit-papers.67","P12-1103","0.299537"
"P12-1103","2007.mtsummit-papers.67","0.299537"
"2007.mtsummit-papers.67","P15-1166","0.203704"
"P15-1166","2007.mtsummit-papers.67","0.203704"
"2007.mtsummit-papers.67","P18-1178","0.037037"
"P18-1178","2007.mtsummit-papers.67","0.037037"
"2007.mtsummit-papers.67","W08-1112","0.037037"
"W08-1112","2007.mtsummit-papers.67","0.037037"
"2007.mtsummit-papers.67","W18-2605","0.037037"
"W18-2605","2007.mtsummit-papers.67","0.037037"
"2020.acl-main.98","2020.emnlp-main.178","0.037037"
"2020.emnlp-main.178","2020.acl-main.98","0.037037"
"2020.acl-main.98","2021.acl-long.136","0.903704"
"2021.acl-long.136","2020.acl-main.98","0.903704"
"2020.acl-main.98","2021.autosimtrans-1.6","0.037037"
"2021.autosimtrans-1.6","2020.acl-main.98","0.037037"
"2020.acl-main.98","2021.emnlp-main.356","2.7037"
"2021.emnlp-main.356","2020.acl-main.98","2.7037"
"2020.acl-main.98","C08-1038","0.037037"
"C08-1038","2020.acl-main.98","0.037037"
"2020.acl-main.98","C08-1125","0.037037"
"C08-1125","2020.acl-main.98","0.037037"
"2020.acl-main.98","C10-1149","0.037037"
"C10-1149","2020.acl-main.98","0.037037"
"2020.acl-main.98","D07-1030","0.037037"
"D07-1030","2020.acl-main.98","0.037037"
"2020.acl-main.98","D13-1050","0.037037"
"D13-1050","2020.acl-main.98","0.037037"
"2020.acl-main.98","D14-1016","0.037037"
"D14-1016","2020.acl-main.98","0.037037"
"2020.acl-main.98","D14-1174","0.037037"
"D14-1174","2020.acl-main.98","0.037037"
"2020.acl-main.98","D19-1187","0.237037"
"D19-1187","2020.acl-main.98","0.237037"
"2020.acl-main.98","I11-1090","0.037037"
"I11-1090","2020.acl-main.98","0.037037"
"2020.acl-main.98","P07-1108","0.037037"
"P07-1108","2020.acl-main.98","0.037037"
"2020.acl-main.98","P09-1018","0.037037"
"P09-1018","2020.acl-main.98","0.037037"
"2020.acl-main.98","P09-1091","0.037037"
"P09-1091","2020.acl-main.98","0.037037"
"2020.acl-main.98","P10-1085","0.037037"
"P10-1085","2020.acl-main.98","0.037037"
"2020.acl-main.98","P11-1104","0.037037"
"P11-1104","2020.acl-main.98","0.037037"
"2020.acl-main.98","P12-1048","0.037037"
"P12-1048","2020.acl-main.98","0.037037"
"2020.acl-main.98","P12-1103","0.037037"
"P12-1103","2020.acl-main.98","0.037037"
"2020.acl-main.98","P15-1166","0.037037"
"P15-1166","2020.acl-main.98","0.037037"
"2020.acl-main.98","P18-1178","0.037037"
"P18-1178","2020.acl-main.98","0.037037"
"2020.acl-main.98","W08-1112","0.037037"
"W08-1112","2020.acl-main.98","0.037037"
"2020.acl-main.98","W18-2605","0.037037"
"W18-2605","2020.acl-main.98","0.037037"
"2020.emnlp-main.178","2021.acl-long.136","0.037037"
"2021.acl-long.136","2020.emnlp-main.178","0.037037"
"2020.emnlp-main.178","2021.autosimtrans-1.6","1.03704"
"2021.autosimtrans-1.6","2020.emnlp-main.178","1.03704"
"2020.emnlp-main.178","2021.emnlp-main.356","0.037037"
"2021.emnlp-main.356","2020.emnlp-main.178","0.037037"
"2020.emnlp-main.178","C08-1038","0.037037"
"C08-1038","2020.emnlp-main.178","0.037037"
"2020.emnlp-main.178","C08-1125","0.037037"
"C08-1125","2020.emnlp-main.178","0.037037"
"2020.emnlp-main.178","C10-1149","0.037037"
"C10-1149","2020.emnlp-main.178","0.037037"
"2020.emnlp-main.178","D07-1030","0.037037"
"D07-1030","2020.emnlp-main.178","0.037037"
"2020.emnlp-main.178","D13-1050","0.037037"
"D13-1050","2020.emnlp-main.178","0.037037"
"2020.emnlp-main.178","D14-1016","0.037037"
"D14-1016","2020.emnlp-main.178","0.037037"
"2020.emnlp-main.178","D14-1174","0.037037"
"D14-1174","2020.emnlp-main.178","0.037037"
"2020.emnlp-main.178","D19-1187","0.037037"
"D19-1187","2020.emnlp-main.178","0.037037"
"2020.emnlp-main.178","I11-1090","0.037037"
"I11-1090","2020.emnlp-main.178","0.037037"
"2020.emnlp-main.178","P07-1108","0.037037"
"P07-1108","2020.emnlp-main.178","0.037037"
"2020.emnlp-main.178","P09-1018","0.037037"
"P09-1018","2020.emnlp-main.178","0.037037"
"2020.emnlp-main.178","P09-1091","0.037037"
"P09-1091","2020.emnlp-main.178","0.037037"
"2020.emnlp-main.178","P10-1085","0.037037"
"P10-1085","2020.emnlp-main.178","0.037037"
"2020.emnlp-main.178","P11-1104","0.037037"
"P11-1104","2020.emnlp-main.178","0.037037"
"2020.emnlp-main.178","P12-1048","0.037037"
"P12-1048","2020.emnlp-main.178","0.037037"
"2020.emnlp-main.178","P12-1103","0.037037"
"P12-1103","2020.emnlp-main.178","0.037037"
"2020.emnlp-main.178","P15-1166","0.037037"
"P15-1166","2020.emnlp-main.178","0.037037"
"2020.emnlp-main.178","P18-1178","0.037037"
"P18-1178","2020.emnlp-main.178","0.037037"
"2020.emnlp-main.178","W08-1112","0.037037"
"W08-1112","2020.emnlp-main.178","0.037037"
"2020.emnlp-main.178","W18-2605","0.037037"
"W18-2605","2020.emnlp-main.178","0.037037"
"2021.acl-long.136","2021.autosimtrans-1.6","0.037037"
"2021.autosimtrans-1.6","2021.acl-long.136","0.037037"
"2021.acl-long.136","2021.emnlp-main.356","0.703704"
"2021.emnlp-main.356","2021.acl-long.136","0.703704"
"2021.acl-long.136","C08-1038","0.037037"
"C08-1038","2021.acl-long.136","0.037037"
"2021.acl-long.136","C08-1125","0.037037"
"C08-1125","2021.acl-long.136","0.037037"
"2021.acl-long.136","C10-1149","0.037037"
"C10-1149","2021.acl-long.136","0.037037"
"2021.acl-long.136","D07-1030","0.037037"
"D07-1030","2021.acl-long.136","0.037037"
"2021.acl-long.136","D13-1050","0.037037"
"D13-1050","2021.acl-long.136","0.037037"
"2021.acl-long.136","D14-1016","0.037037"
"D14-1016","2021.acl-long.136","0.037037"
"2021.acl-long.136","D14-1174","0.037037"
"D14-1174","2021.acl-long.136","0.037037"
"2021.acl-long.136","D19-1187","0.737037"
"D19-1187","2021.acl-long.136","0.737037"
"2021.acl-long.136","I11-1090","0.037037"
"I11-1090","2021.acl-long.136","0.037037"
"2021.acl-long.136","P07-1108","0.037037"
"P07-1108","2021.acl-long.136","0.037037"
"2021.acl-long.136","P09-1018","0.037037"
"P09-1018","2021.acl-long.136","0.037037"
"2021.acl-long.136","P09-1091","0.037037"
"P09-1091","2021.acl-long.136","0.037037"
"2021.acl-long.136","P10-1085","0.037037"
"P10-1085","2021.acl-long.136","0.037037"
"2021.acl-long.136","P11-1104","0.037037"
"P11-1104","2021.acl-long.136","0.037037"
"2021.acl-long.136","P12-1048","0.037037"
"P12-1048","2021.acl-long.136","0.037037"
"2021.acl-long.136","P12-1103","0.037037"
"P12-1103","2021.acl-long.136","0.037037"
"2021.acl-long.136","P15-1166","0.037037"
"P15-1166","2021.acl-long.136","0.037037"
"2021.acl-long.136","P18-1178","0.037037"
"P18-1178","2021.acl-long.136","0.037037"
"2021.acl-long.136","W08-1112","0.037037"
"W08-1112","2021.acl-long.136","0.037037"
"2021.acl-long.136","W18-2605","0.037037"
"W18-2605","2021.acl-long.136","0.037037"
"2021.autosimtrans-1.6","2021.emnlp-main.356","0.037037"
"2021.emnlp-main.356","2021.autosimtrans-1.6","0.037037"
"2021.autosimtrans-1.6","C08-1038","0.037037"
"C08-1038","2021.autosimtrans-1.6","0.037037"
"2021.autosimtrans-1.6","C08-1125","0.037037"
"C08-1125","2021.autosimtrans-1.6","0.037037"
"2021.autosimtrans-1.6","C10-1149","0.037037"
"C10-1149","2021.autosimtrans-1.6","0.037037"
"2021.autosimtrans-1.6","D07-1030","0.037037"
"D07-1030","2021.autosimtrans-1.6","0.037037"
"2021.autosimtrans-1.6","D13-1050","0.037037"
"D13-1050","2021.autosimtrans-1.6","0.037037"
"2021.autosimtrans-1.6","D14-1016","0.037037"
"D14-1016","2021.autosimtrans-1.6","0.037037"
"2021.autosimtrans-1.6","D14-1174","0.037037"
"D14-1174","2021.autosimtrans-1.6","0.037037"
"2021.autosimtrans-1.6","D19-1187","0.037037"
"D19-1187","2021.autosimtrans-1.6","0.037037"
"2021.autosimtrans-1.6","I11-1090","0.037037"
"I11-1090","2021.autosimtrans-1.6","0.037037"
"2021.autosimtrans-1.6","P07-1108","0.037037"
"P07-1108","2021.autosimtrans-1.6","0.037037"
"2021.autosimtrans-1.6","P09-1018","0.037037"
"P09-1018","2021.autosimtrans-1.6","0.037037"
"2021.autosimtrans-1.6","P09-1091","0.037037"
"P09-1091","2021.autosimtrans-1.6","0.037037"
"2021.autosimtrans-1.6","P10-1085","0.037037"
"P10-1085","2021.autosimtrans-1.6","0.037037"
"2021.autosimtrans-1.6","P11-1104","0.037037"
"P11-1104","2021.autosimtrans-1.6","0.037037"
"2021.autosimtrans-1.6","P12-1048","0.037037"
"P12-1048","2021.autosimtrans-1.6","0.037037"
"2021.autosimtrans-1.6","P12-1103","0.037037"
"P12-1103","2021.autosimtrans-1.6","0.037037"
"2021.autosimtrans-1.6","P15-1166","0.037037"
"P15-1166","2021.autosimtrans-1.6","0.037037"
"2021.autosimtrans-1.6","P18-1178","0.037037"
"P18-1178","2021.autosimtrans-1.6","0.037037"
"2021.autosimtrans-1.6","W08-1112","0.037037"
"W08-1112","2021.autosimtrans-1.6","0.037037"
"2021.autosimtrans-1.6","W18-2605","0.037037"
"W18-2605","2021.autosimtrans-1.6","0.037037"
"2021.emnlp-main.356","C08-1038","0.037037"
"C08-1038","2021.emnlp-main.356","0.037037"
"2021.emnlp-main.356","C08-1125","0.037037"
"C08-1125","2021.emnlp-main.356","0.037037"
"2021.emnlp-main.356","C10-1149","0.037037"
"C10-1149","2021.emnlp-main.356","0.037037"
"2021.emnlp-main.356","D07-1030","0.037037"
"D07-1030","2021.emnlp-main.356","0.037037"
"2021.emnlp-main.356","D13-1050","0.037037"
"D13-1050","2021.emnlp-main.356","0.037037"
"2021.emnlp-main.356","D14-1016","0.037037"
"D14-1016","2021.emnlp-main.356","0.037037"
"2021.emnlp-main.356","D14-1174","0.037037"
"D14-1174","2021.emnlp-main.356","0.037037"
"2021.emnlp-main.356","D19-1187","0.037037"
"D19-1187","2021.emnlp-main.356","0.037037"
"2021.emnlp-main.356","I11-1090","0.037037"
"I11-1090","2021.emnlp-main.356","0.037037"
"2021.emnlp-main.356","P07-1108","0.037037"
"P07-1108","2021.emnlp-main.356","0.037037"
"2021.emnlp-main.356","P09-1018","0.037037"
"P09-1018","2021.emnlp-main.356","0.037037"
"2021.emnlp-main.356","P09-1091","0.037037"
"P09-1091","2021.emnlp-main.356","0.037037"
"2021.emnlp-main.356","P10-1085","0.037037"
"P10-1085","2021.emnlp-main.356","0.037037"
"2021.emnlp-main.356","P11-1104","0.037037"
"P11-1104","2021.emnlp-main.356","0.037037"
"2021.emnlp-main.356","P12-1048","0.037037"
"P12-1048","2021.emnlp-main.356","0.037037"
"2021.emnlp-main.356","P12-1103","0.037037"
"P12-1103","2021.emnlp-main.356","0.037037"
"2021.emnlp-main.356","P15-1166","0.037037"
"P15-1166","2021.emnlp-main.356","0.037037"
"2021.emnlp-main.356","P18-1178","0.037037"
"P18-1178","2021.emnlp-main.356","0.037037"
"2021.emnlp-main.356","W08-1112","0.037037"
"W08-1112","2021.emnlp-main.356","0.037037"
"2021.emnlp-main.356","W18-2605","0.037037"
"W18-2605","2021.emnlp-main.356","0.037037"
"C08-1038","C08-1125","0.11396"
"C08-1125","C08-1038","0.11396"
"C08-1038","C10-1149","0.037037"
"C10-1149","C08-1038","0.037037"
"C08-1038","D07-1030","0.11396"
"D07-1030","C08-1038","0.11396"
"C08-1038","D13-1050","0.037037"
"D13-1050","C08-1038","0.037037"
"C08-1038","D14-1016","0.11396"
"D14-1016","C08-1038","0.11396"
"C08-1038","D14-1174","0.037037"
"D14-1174","C08-1038","0.037037"
"C08-1038","D19-1187","0.037037"
"D19-1187","C08-1038","0.037037"
"C08-1038","I11-1090","0.11396"
"I11-1090","C08-1038","0.11396"
"C08-1038","P07-1108","0.11396"
"P07-1108","C08-1038","0.11396"
"C08-1038","P09-1018","0.11396"
"P09-1018","C08-1038","0.11396"
"C08-1038","P09-1091","6.61396"
"P09-1091","C08-1038","6.61396"
"C08-1038","P10-1085","0.11396"
"P10-1085","C08-1038","0.11396"
"C08-1038","P11-1104","0.11396"
"P11-1104","C08-1038","0.11396"
"C08-1038","P12-1048","0.037037"
"P12-1048","C08-1038","0.037037"
"C08-1038","P12-1103","0.11396"
"P12-1103","C08-1038","0.11396"
"C08-1038","P15-1166","0.037037"
"P15-1166","C08-1038","0.037037"
"C08-1038","P18-1178","0.037037"
"P18-1178","C08-1038","0.037037"
"C08-1038","W08-1112","5.53704"
"W08-1112","C08-1038","5.53704"
"C08-1038","W18-2605","0.037037"
"W18-2605","C08-1038","0.037037"
"C08-1125","C10-1149","2.53704"
"C10-1149","C08-1125","2.53704"
"C08-1125","D07-1030","0.51396"
"D07-1030","C08-1125","0.51396"
"C08-1125","D13-1050","0.127946"
"D13-1050","C08-1125","0.127946"
"C08-1125","D14-1016","0.271536"
"D14-1016","C08-1125","0.271536"
"C08-1125","D14-1174","0.127946"
"D14-1174","C08-1125","0.127946"
"C08-1125","D19-1187","0.037037"
"D19-1187","C08-1125","0.037037"
"C08-1125","I11-1090","0.204869"
"I11-1090","C08-1125","0.204869"
"C08-1125","P07-1108","0.51396"
"P07-1108","C08-1125","0.51396"
"C08-1125","P09-1018","0.204869"
"P09-1018","C08-1125","0.204869"
"C08-1125","P09-1091","0.11396"
"P09-1091","C08-1125","0.11396"
"C08-1125","P10-1085","0.271536"
"P10-1085","C08-1125","0.271536"
"C08-1125","P11-1104","0.271536"
"P11-1104","C08-1125","0.271536"
"C08-1125","P12-1048","3.12795"
"P12-1048","C08-1125","3.12795"
"C08-1125","P12-1103","0.204869"
"P12-1103","C08-1125","0.204869"
"C08-1125","P15-1166","0.037037"
"P15-1166","C08-1125","0.037037"
"C08-1125","P18-1178","0.037037"
"P18-1178","C08-1125","0.037037"
"C08-1125","W08-1112","0.037037"
"W08-1112","C08-1125","0.037037"
"C08-1125","W18-2605","0.037037"
"W18-2605","C08-1125","0.037037"
"C10-1149","D07-1030","0.266204"
"D07-1030","C10-1149","0.266204"
"C10-1149","D13-1050","0.299537"
"D13-1050","C10-1149","0.299537"
"C10-1149","D14-1016","0.099537"
"D14-1016","C10-1149","0.099537"
"C10-1149","D14-1174","0.099537"
"D14-1174","C10-1149","0.099537"
"C10-1149","D19-1187","0.037037"
"D19-1187","C10-1149","0.037037"
"C10-1149","I11-1090","0.942394"
"I11-1090","C10-1149","0.942394"
"C10-1149","P07-1108","0.409061"
"P07-1108","C10-1149","0.409061"
"C10-1149","P09-1018","0.099537"
"P09-1018","C10-1149","0.099537"
"C10-1149","P09-1091","0.037037"
"P09-1091","C10-1149","0.037037"
"C10-1149","P11-1104","0.099537"
"P11-1104","C10-1149","0.099537"
"C10-1149","P12-1048","0.099537"
"P12-1048","C10-1149","0.099537"
"C10-1149","P15-1166","0.203704"
"P15-1166","C10-1149","0.203704"
"C10-1149","P18-1178","0.037037"
"P18-1178","C10-1149","0.037037"
"C10-1149","W08-1112","0.037037"
"W08-1112","C10-1149","0.037037"
"C10-1149","W18-2605","0.037037"
"W18-2605","C10-1149","0.037037"
"D07-1030","D13-1050","0.099537"
"D13-1050","D07-1030","0.099537"
"D07-1030","D14-1016","0.77646"
"D14-1016","D07-1030","0.77646"
"D07-1030","D14-1174","0.099537"
"D14-1174","D07-1030","0.099537"
"D07-1030","D19-1187","0.037037"
"D19-1187","D07-1030","0.037037"
"D07-1030","I11-1090","0.17646"
"I11-1090","D07-1030","0.17646"
"D07-1030","P07-1108","3.36737"
"P07-1108","D07-1030","3.36737"
"D07-1030","P09-1018","0.17646"
"P09-1018","D07-1030","0.17646"
"D07-1030","P09-1091","0.11396"
"P09-1091","D07-1030","0.11396"
"D07-1030","P10-1085","0.334036"
"P10-1085","D07-1030","0.334036"
"D07-1030","P11-1104","0.534036"
"P11-1104","D07-1030","0.534036"
"D07-1030","P12-1048","0.43287"
"P12-1048","D07-1030","0.43287"
"D07-1030","P12-1103","0.37646"
"P12-1103","D07-1030","0.37646"
"D07-1030","P15-1166","0.203704"
"P15-1166","D07-1030","0.203704"
"D07-1030","P18-1178","0.037037"
"P18-1178","D07-1030","0.037037"
"D07-1030","W08-1112","0.037037"
"W08-1112","D07-1030","0.037037"
"D07-1030","W18-2605","0.037037"
"W18-2605","D07-1030","0.037037"
"D13-1050","D14-1016","1.19045"
"D14-1016","D13-1050","1.19045"
"D13-1050","D14-1174","6.77378"
"D14-1174","D13-1050","6.77378"
"D13-1050","D19-1187","0.037037"
"D19-1187","D13-1050","0.037037"
"D13-1050","I11-1090","0.557113"
"I11-1090","D13-1050","0.557113"
"D13-1050","P07-1108","0.766204"
"P07-1108","D13-1050","0.766204"
"D13-1050","P09-1018","1.27378"
"P09-1018","D13-1050","1.27378"
"D13-1050","P09-1091","0.037037"
"P09-1091","D13-1050","0.037037"
"D13-1050","P10-1085","0.357113"
"P10-1085","D13-1050","0.357113"
"D13-1050","P11-1104","0.357113"
"P11-1104","D13-1050","0.357113"
"D13-1050","P12-1048","0.357113"
"P12-1048","D13-1050","0.357113"
"D13-1050","P12-1103","0.357113"
"P12-1103","D13-1050","0.357113"
"D13-1050","P15-1166","0.287037"
"P15-1166","D13-1050","0.287037"
"D13-1050","P18-1178","0.037037"
"P18-1178","D13-1050","0.037037"
"D13-1050","W08-1112","0.037037"
"W08-1112","D13-1050","0.037037"
"D13-1050","W18-2605","0.037037"
"W18-2605","D13-1050","0.037037"
"D14-1016","D14-1174","0.190446"
"D14-1174","D14-1016","0.190446"
"D14-1016","D19-1187","0.037037"
"D19-1187","D14-1016","0.037037"
"D14-1016","I11-1090","0.267369"
"I11-1090","D14-1016","0.267369"
"D14-1016","P07-1108","0.77646"
"P07-1108","D14-1016","0.77646"
"D14-1016","P09-1018","0.267369"
"P09-1018","D14-1016","0.267369"
"D14-1016","P09-1091","0.11396"
"P09-1091","D14-1016","0.11396"
"D14-1016","P10-1085","0.834036"
"P10-1085","D14-1016","0.834036"
"D14-1016","P11-1104","0.534036"
"P11-1104","D14-1016","0.534036"
"D14-1016","P12-1048","1.52378"
"P12-1048","D14-1016","1.52378"
"D14-1016","P12-1103","0.467369"
"P12-1103","D14-1016","0.467369"
"D14-1016","P15-1166","0.037037"
"P15-1166","D14-1016","0.037037"
"D14-1016","P18-1178","0.037037"
"P18-1178","D14-1016","0.037037"
"D14-1016","W08-1112","0.037037"
"W08-1112","D14-1016","0.037037"
"D14-1016","W18-2605","0.037037"
"W18-2605","D14-1016","0.037037"
"D14-1174","D19-1187","0.037037"
"D19-1187","D14-1174","0.037037"
"D14-1174","I11-1090","0.357113"
"I11-1090","D14-1174","0.357113"
"D14-1174","P07-1108","0.766204"
"P07-1108","D14-1174","0.766204"
"D14-1174","P09-1018","2.77378"
"P09-1018","D14-1174","2.77378"
"D14-1174","P09-1091","0.037037"
"P09-1091","D14-1174","0.037037"
"D14-1174","P10-1085","0.357113"
"P10-1085","D14-1174","0.357113"
"D14-1174","P11-1104","0.357113"
"P11-1104","D14-1174","0.357113"
"D14-1174","P12-1048","0.357113"
"P12-1048","D14-1174","0.357113"
"D14-1174","P12-1103","0.357113"
"P12-1103","D14-1174","0.357113"
"D14-1174","P15-1166","0.787037"
"P15-1166","D14-1174","0.787037"
"D14-1174","P18-1178","0.037037"
"P18-1178","D14-1174","0.037037"
"D14-1174","W08-1112","0.037037"
"W08-1112","D14-1174","0.037037"
"D14-1174","W18-2605","0.037037"
"W18-2605","D14-1174","0.037037"
"D19-1187","I11-1090","0.037037"
"I11-1090","D19-1187","0.037037"
"D19-1187","P07-1108","0.037037"
"P07-1108","D19-1187","0.037037"
"D19-1187","P09-1018","0.037037"
"P09-1018","D19-1187","0.037037"
"D19-1187","P09-1091","0.037037"
"P09-1091","D19-1187","0.037037"
"D19-1187","P10-1085","0.037037"
"P10-1085","D19-1187","0.037037"
"D19-1187","P11-1104","0.037037"
"P11-1104","D19-1187","0.037037"
"D19-1187","P12-1048","0.037037"
"P12-1048","D19-1187","0.037037"
"D19-1187","P12-1103","0.037037"
"P12-1103","D19-1187","0.037037"
"D19-1187","P15-1166","0.037037"
"P15-1166","D19-1187","0.037037"
"D19-1187","P18-1178","0.037037"
"P18-1178","D19-1187","0.037037"
"D19-1187","W08-1112","0.037037"
"W08-1112","D19-1187","0.037037"
"D19-1187","W18-2605","1.03704"
"W18-2605","D19-1187","1.03704"
"I11-1090","P07-1108","0.319317"
"P07-1108","I11-1090","0.319317"
"I11-1090","P09-1018","0.267369"
"P09-1018","I11-1090","0.267369"
"I11-1090","P09-1091","0.11396"
"P09-1091","I11-1090","0.11396"
"I11-1090","P10-1085","0.434036"
"P10-1085","I11-1090","0.434036"
"I11-1090","P11-1104","0.434036"
"P11-1104","I11-1090","0.434036"
"I11-1090","P12-1048","0.357113"
"P12-1048","I11-1090","0.357113"
"I11-1090","P12-1103","3.41023"
"P12-1103","I11-1090","3.41023"
"I11-1090","P15-1166","0.037037"
"P15-1166","I11-1090","0.037037"
"I11-1090","P18-1178","0.037037"
"P18-1178","I11-1090","0.037037"
"I11-1090","W08-1112","0.037037"
"W08-1112","I11-1090","0.037037"
"I11-1090","W18-2605","0.037037"
"W18-2605","I11-1090","0.037037"
"P07-1108","P09-1018","0.509793"
"P09-1018","P07-1108","0.509793"
"P07-1108","P09-1091","0.11396"
"P09-1091","P07-1108","0.11396"
"P07-1108","P10-1085","0.334036"
"P10-1085","P07-1108","0.334036"
"P07-1108","P11-1104","0.534036"
"P11-1104","P07-1108","0.534036"
"P07-1108","P12-1048","0.43287"
"P12-1048","P07-1108","0.43287"
"P07-1108","P12-1103","0.519317"
"P12-1103","P07-1108","0.519317"
"P07-1108","P15-1166","0.203704"
"P15-1166","P07-1108","0.203704"
"P07-1108","P18-1178","0.037037"
"P18-1178","P07-1108","0.037037"
"P07-1108","W08-1112","0.037037"
"W08-1112","P07-1108","0.037037"
"P07-1108","W18-2605","0.037037"
"W18-2605","P07-1108","0.037037"
"P09-1018","P09-1091","0.11396"
"P09-1091","P09-1018","0.11396"
"P09-1018","P10-1085","0.267369"
"P10-1085","P09-1018","0.267369"
"P09-1018","P11-1104","0.267369"
"P11-1104","P09-1018","0.267369"
"P09-1018","P12-1048","0.190446"
"P12-1048","P09-1018","0.190446"
"P09-1018","P12-1103","0.267369"
"P12-1103","P09-1018","0.267369"
"P09-1018","P15-1166","0.787037"
"P15-1166","P09-1018","0.787037"
"P09-1018","P18-1178","0.037037"
"P18-1178","P09-1018","0.037037"
"P09-1018","W08-1112","0.037037"
"W08-1112","P09-1018","0.037037"
"P09-1018","W18-2605","0.037037"
"W18-2605","P09-1018","0.037037"
"P09-1091","P10-1085","0.11396"
"P10-1085","P09-1091","0.11396"
"P09-1091","P11-1104","0.11396"
"P11-1104","P09-1091","0.11396"
"P09-1091","P12-1048","0.037037"
"P12-1048","P09-1091","0.037037"
"P09-1091","P12-1103","0.11396"
"P12-1103","P09-1091","0.11396"
"P09-1091","P15-1166","0.037037"
"P15-1166","P09-1091","0.037037"
"P09-1091","P18-1178","0.037037"
"P18-1178","P09-1091","0.037037"
"P09-1091","W08-1112","4.53704"
"W08-1112","P09-1091","4.53704"
"P09-1091","W18-2605","0.037037"
"W18-2605","P09-1091","0.037037"
"P10-1085","P11-1104","3.09161"
"P11-1104","P10-1085","3.09161"
"P10-1085","P12-1048","1.52378"
"P12-1048","P10-1085","1.52378"
"P10-1085","P15-1166","0.037037"
"P15-1166","P10-1085","0.037037"
"P10-1085","P18-1178","0.037037"
"P18-1178","P10-1085","0.037037"
"P10-1085","W08-1112","0.037037"
"W08-1112","P10-1085","0.037037"
"P10-1085","W18-2605","0.037037"
"W18-2605","P10-1085","0.037037"
"P11-1104","P12-1048","0.523779"
"P12-1048","P11-1104","0.523779"
"P11-1104","P12-1103","0.967369"
"P12-1103","P11-1104","0.967369"
"P11-1104","P15-1166","0.037037"
"P15-1166","P11-1104","0.037037"
"P11-1104","P18-1178","0.037037"
"P18-1178","P11-1104","0.037037"
"P11-1104","W08-1112","0.037037"
"W08-1112","P11-1104","0.037037"
"P11-1104","W18-2605","0.037037"
"W18-2605","P11-1104","0.037037"
"P12-1048","P12-1103","0.357113"
"P12-1103","P12-1048","0.357113"
"P12-1048","P15-1166","0.037037"
"P15-1166","P12-1048","0.037037"
"P12-1048","P18-1178","0.037037"
"P18-1178","P12-1048","0.037037"
"P12-1048","W08-1112","0.037037"
"W08-1112","P12-1048","0.037037"
"P12-1048","W18-2605","0.037037"
"W18-2605","P12-1048","0.037037"
"P12-1103","P15-1166","0.037037"
"P15-1166","P12-1103","0.037037"
"P12-1103","P18-1178","0.037037"
"P18-1178","P12-1103","0.037037"
"P12-1103","W08-1112","0.037037"
"W08-1112","P12-1103","0.037037"
"P12-1103","W18-2605","0.037037"
"W18-2605","P12-1103","0.037037"
"P15-1166","P18-1178","0.037037"
"P18-1178","P15-1166","0.037037"
"P15-1166","W08-1112","0.037037"
"W08-1112","P15-1166","0.037037"
"P15-1166","W18-2605","0.037037"
"W18-2605","P15-1166","0.037037"
"P18-1178","W08-1112","0.037037"
"W08-1112","P18-1178","0.037037"
"P18-1178","W18-2605","1.2037"
"W18-2605","P18-1178","1.2037"
"W08-1112","W18-2605","0.037037"
"W18-2605","W08-1112","0.037037"
"2005.mtsummit-posters.7","P04-3002","0.5"
"P04-3002","2005.mtsummit-posters.7","0.5"
"2005.mtsummit-posters.7","wu-wang-2004-improving-domain","0.5"
"wu-wang-2004-improving-domain","2005.mtsummit-posters.7","0.5"
"2007.mtsummit-papers.52","2015.mtsummit-papers.23","0.166667"
"2015.mtsummit-papers.23","2007.mtsummit-papers.52","0.166667"
"2007.mtsummit-papers.67","2015.mtsummit-papers.23","0.229167"
"2015.mtsummit-papers.23","2007.mtsummit-papers.67","0.229167"
"2015.mtsummit-papers.23","C10-1149","0.229167"
"C10-1149","2015.mtsummit-papers.23","0.229167"
"2015.mtsummit-papers.23","D07-1030","0.295833"
"D07-1030","2015.mtsummit-papers.23","0.295833"
"2015.mtsummit-papers.23","P07-1108","0.795833"
"P07-1108","2015.mtsummit-papers.23","0.795833"
"2015.mtsummit-papers.23","P15-1166","2.16667"
"P15-1166","2015.mtsummit-papers.23","2.16667"
"2007.mtsummit-papers.52","2008.iwslt-evaluation.18","0.0769231"
"2008.iwslt-evaluation.18","2007.mtsummit-papers.52","0.0769231"
"2007.mtsummit-papers.52","D14-1015","0.0769231"
"D14-1015","2007.mtsummit-papers.52","0.0769231"
"2008.iwslt-evaluation.18","C08-1038","0.0769231"
"C08-1038","2008.iwslt-evaluation.18","0.0769231"
"2008.iwslt-evaluation.18","C08-1125","0.667832"
"C08-1125","2008.iwslt-evaluation.18","0.667832"
"2008.iwslt-evaluation.18","D07-1030","0.139423"
"D07-1030","2008.iwslt-evaluation.18","0.139423"
"2008.iwslt-evaluation.18","D14-1015","0.0769231"
"D14-1015","2008.iwslt-evaluation.18","0.0769231"
"2008.iwslt-evaluation.18","D14-1016","0.230332"
"D14-1016","2008.iwslt-evaluation.18","0.230332"
"2008.iwslt-evaluation.18","I11-1090","0.230332"
"I11-1090","2008.iwslt-evaluation.18","0.230332"
"2008.iwslt-evaluation.18","P07-1108","0.139423"
"P07-1108","2008.iwslt-evaluation.18","0.139423"
"2008.iwslt-evaluation.18","P09-1018","1.48033"
"P09-1018","2008.iwslt-evaluation.18","1.48033"
"2008.iwslt-evaluation.18","P09-1091","0.0769231"
"P09-1091","2008.iwslt-evaluation.18","0.0769231"
"2008.iwslt-evaluation.18","P10-1085","0.230332"
"P10-1085","2008.iwslt-evaluation.18","0.230332"
"2008.iwslt-evaluation.18","P11-1104","0.230332"
"P11-1104","2008.iwslt-evaluation.18","0.230332"
"2008.iwslt-evaluation.18","P12-1103","0.230332"
"P12-1103","2008.iwslt-evaluation.18","0.230332"
"C08-1038","D14-1015","0.0769231"
"D14-1015","C08-1038","0.0769231"
"C08-1125","D14-1015","0.0769231"
"D14-1015","C08-1125","0.0769231"
"D07-1030","D14-1015","0.0769231"
"D14-1015","D07-1030","0.0769231"
"D14-1015","D14-1016","0.0769231"
"D14-1016","D14-1015","0.0769231"
"D14-1015","I11-1090","0.0769231"
"I11-1090","D14-1015","0.0769231"
"D14-1015","P07-1108","0.0769231"
"P07-1108","D14-1015","0.0769231"
"D14-1015","P09-1018","0.0769231"
"P09-1018","D14-1015","0.0769231"
"D14-1015","P09-1091","0.0769231"
"P09-1091","D14-1015","0.0769231"
"D14-1015","P10-1085","0.24359"
"P10-1085","D14-1015","0.24359"
"D14-1015","P11-1104","0.24359"
"P11-1104","D14-1015","0.24359"
"D14-1015","P12-1103","0.0769231"
"P12-1103","D14-1015","0.0769231"
"C04-1005","D07-1030","0.157576"
"D07-1030","C04-1005","0.157576"
"C04-1005","P07-1108","0.157576"
"P07-1108","C04-1005","0.157576"
"C04-1005","P11-1104","0.157576"
"P11-1104","C04-1005","0.157576"
"D07-1030","I05-1041","0.157576"
"I05-1041","D07-1030","0.157576"
"D07-1030","P04-3002","0.157576"
"P04-3002","D07-1030","0.157576"
"D07-1030","P05-1058","0.157576"
"P05-1058","D07-1030","0.157576"
"D07-1030","P06-2112","0.157576"
"P06-2112","D07-1030","0.157576"
"D07-1030","P06-2117","0.157576"
"P06-2117","D07-1030","0.157576"
"D07-1030","wu-wang-2004-improving-domain","0.157576"
"wu-wang-2004-improving-domain","D07-1030","0.157576"
"I05-1041","P07-1108","0.157576"
"P07-1108","I05-1041","0.157576"
"I05-1041","P11-1104","0.157576"
"P11-1104","I05-1041","0.157576"
"P04-3002","P07-1108","0.157576"
"P07-1108","P04-3002","0.157576"
"P04-3002","P11-1104","0.157576"
"P11-1104","P04-3002","0.157576"
"P05-1058","P07-1108","0.157576"
"P07-1108","P05-1058","0.157576"
"P05-1058","P11-1104","0.157576"
"P11-1104","P05-1058","0.157576"
