"2002.tmi-papers.20","2003.mtsummit-papers.54","0.8"
"2003.mtsummit-papers.54","2002.tmi-papers.20","0.8"
"2002.tmi-papers.20","2009.iwslt-papers.3","0.05"
"2009.iwslt-papers.3","2002.tmi-papers.20","0.05"
"2002.tmi-papers.20","C02-1050","1.63333"
"C02-1050","2002.tmi-papers.20","1.63333"
"2002.tmi-papers.20","C02-1076","0.216667"
"C02-1076","2002.tmi-papers.20","0.216667"
"2002.tmi-papers.20","C02-1164","0.216667"
"C02-1164","2002.tmi-papers.20","0.216667"
"2002.tmi-papers.20","C04-1015","0.3"
"C04-1015","2002.tmi-papers.20","0.3"
"2002.tmi-papers.20","C04-1168","0.05"
"C04-1168","2002.tmi-papers.20","0.05"
"2002.tmi-papers.20","C16-1134","0.05"
"C16-1134","2002.tmi-papers.20","0.05"
"2002.tmi-papers.20","D14-1017","0.05"
"D14-1017","2002.tmi-papers.20","0.05"
"2002.tmi-papers.20","D15-1209","0.05"
"D15-1209","2002.tmi-papers.20","0.05"
"2002.tmi-papers.20","I05-1042","0.466667"
"I05-1042","2002.tmi-papers.20","0.466667"
"2002.tmi-papers.20","J16-1001","0.05"
"J16-1001","2002.tmi-papers.20","0.05"
"2002.tmi-papers.20","N12-1026","0.05"
"N12-1026","2002.tmi-papers.20","0.05"
"2002.tmi-papers.20","P03-1039","0.3"
"P03-1039","2002.tmi-papers.20","0.3"
"2002.tmi-papers.20","P06-1098","0.05"
"P06-1098","2002.tmi-papers.20","0.05"
"2002.tmi-papers.20","P11-1064","0.3"
"P11-1064","2002.tmi-papers.20","0.3"
"2002.tmi-papers.20","P12-1018","0.05"
"P12-1018","2002.tmi-papers.20","0.05"
"2002.tmi-papers.20","P13-1078","0.216667"
"P13-1078","2002.tmi-papers.20","0.216667"
"2002.tmi-papers.20","P14-1138","0.05"
"P14-1138","2002.tmi-papers.20","0.05"
"2002.tmi-papers.20","watanabe-etal-2002-statistical","0.383333"
"watanabe-etal-2002-statistical","2002.tmi-papers.20","0.383333"
"2003.mtsummit-papers.54","2009.iwslt-papers.3","0.161406"
"2009.iwslt-papers.3","2003.mtsummit-papers.54","0.161406"
"2003.mtsummit-papers.54","C02-1050","1.15"
"C02-1050","2003.mtsummit-papers.54","1.15"
"2003.mtsummit-papers.54","C02-1076","0.483333"
"C02-1076","2003.mtsummit-papers.54","0.483333"
"2003.mtsummit-papers.54","C02-1164","0.3"
"C02-1164","2003.mtsummit-papers.54","0.3"
"2003.mtsummit-papers.54","C04-1015","1.26782"
"C04-1015","2003.mtsummit-papers.54","1.26782"
"2003.mtsummit-papers.54","C04-1168","0.251149"
"C04-1168","2003.mtsummit-papers.54","0.251149"
"2003.mtsummit-papers.54","C16-1134","0.0844828"
"C16-1134","2003.mtsummit-papers.54","0.0844828"
"2003.mtsummit-papers.54","D14-1017","0.0844828"
"D14-1017","2003.mtsummit-papers.54","0.0844828"
"2003.mtsummit-papers.54","D15-1209","0.05"
"D15-1209","2003.mtsummit-papers.54","0.05"
"2003.mtsummit-papers.54","I05-1042","0.261406"
"I05-1042","2003.mtsummit-papers.54","0.261406"
"2003.mtsummit-papers.54","J16-1001","0.494739"
"J16-1001","2003.mtsummit-papers.54","0.494739"
"2003.mtsummit-papers.54","N12-1026","0.161406"
"N12-1026","2003.mtsummit-papers.54","0.161406"
"2003.mtsummit-papers.54","P03-1039","0.934483"
"P03-1039","2003.mtsummit-papers.54","0.934483"
"2003.mtsummit-papers.54","P06-1098","0.126923"
"P06-1098","2003.mtsummit-papers.54","0.126923"
"2003.mtsummit-papers.54","P11-1064","0.216667"
"P11-1064","2003.mtsummit-papers.54","0.216667"
"2003.mtsummit-papers.54","P12-1018","0.251149"
"P12-1018","2003.mtsummit-papers.54","0.251149"
"2003.mtsummit-papers.54","P13-1078","0.161406"
"P13-1078","2003.mtsummit-papers.54","0.161406"
"2003.mtsummit-papers.54","P14-1138","0.184483"
"P14-1138","2003.mtsummit-papers.54","0.184483"
"2003.mtsummit-papers.54","watanabe-etal-2002-statistical","0.3"
"watanabe-etal-2002-statistical","2003.mtsummit-papers.54","0.3"
"2009.iwslt-papers.3","C02-1050","0.05"
"C02-1050","2009.iwslt-papers.3","0.05"
"2009.iwslt-papers.3","C02-1076","0.05"
"C02-1076","2009.iwslt-papers.3","0.05"
"2009.iwslt-papers.3","C02-1164","0.05"
"C02-1164","2009.iwslt-papers.3","0.05"
"2009.iwslt-papers.3","C04-1015","0.132102"
"C04-1015","2009.iwslt-papers.3","0.132102"
"2009.iwslt-papers.3","C04-1168","0.17558"
"C04-1168","2009.iwslt-papers.3","0.17558"
"2009.iwslt-papers.3","C16-1134","0.673372"
"C16-1134","2009.iwslt-papers.3","0.673372"
"2009.iwslt-papers.3","D14-1017","0.187657"
"D14-1017","2009.iwslt-papers.3","0.187657"
"2009.iwslt-papers.3","D15-1209","0.446653"
"D15-1209","2009.iwslt-papers.3","0.446653"
"2009.iwslt-papers.3","I05-1042","0.161406"
"I05-1042","2009.iwslt-papers.3","0.161406"
"2009.iwslt-papers.3","J16-1001","3.27473"
"J16-1001","2009.iwslt-papers.3","3.27473"
"2009.iwslt-papers.3","N12-1026","1.19377"
"N12-1026","2009.iwslt-papers.3","1.19377"
"2009.iwslt-papers.3","P03-1039","0.0844828"
"P03-1039","2009.iwslt-papers.3","0.0844828"
"2009.iwslt-papers.3","P06-1098","0.31802"
"P06-1098","2009.iwslt-papers.3","0.31802"
"2009.iwslt-papers.3","P11-1064","0.305556"
"P11-1064","2009.iwslt-papers.3","0.305556"
"2009.iwslt-papers.3","P12-1018","0.382102"
"P12-1018","2009.iwslt-papers.3","0.382102"
"2009.iwslt-papers.3","P13-1078","0.46044"
"P13-1078","2009.iwslt-papers.3","0.46044"
"2009.iwslt-papers.3","P14-1138","0.231136"
"P14-1138","2009.iwslt-papers.3","0.231136"
"2009.iwslt-papers.3","watanabe-etal-2002-statistical","0.05"
"watanabe-etal-2002-statistical","2009.iwslt-papers.3","0.05"
"C02-1050","C02-1076","0.65"
"C02-1076","C02-1050","0.65"
"C02-1050","C02-1164","0.3"
"C02-1164","C02-1050","0.3"
"C02-1050","C04-1015","0.4"
"C04-1015","C02-1050","0.4"
"C02-1050","C04-1168","0.05"
"C04-1168","C02-1050","0.05"
"C02-1050","C16-1134","0.05"
"C16-1134","C02-1050","0.05"
"C02-1050","D14-1017","0.05"
"D14-1017","C02-1050","0.05"
"C02-1050","D15-1209","0.05"
"D15-1209","C02-1050","0.05"
"C02-1050","I05-1042","0.15"
"I05-1042","C02-1050","0.15"
"C02-1050","J16-1001","0.05"
"J16-1001","C02-1050","0.05"
"C02-1050","N12-1026","0.05"
"N12-1026","C02-1050","0.05"
"C02-1050","P03-1039","0.9"
"P03-1039","C02-1050","0.9"
"C02-1050","P06-1098","0.05"
"P06-1098","C02-1050","0.05"
"C02-1050","P11-1064","0.05"
"P11-1064","C02-1050","0.05"
"C02-1050","P12-1018","0.05"
"P12-1018","C02-1050","0.05"
"C02-1050","P13-1078","0.05"
"P13-1078","C02-1050","0.05"
"C02-1050","P14-1138","0.15"
"P14-1138","C02-1050","0.15"
"C02-1050","watanabe-etal-2002-statistical","0.633333"
"watanabe-etal-2002-statistical","C02-1050","0.633333"
"C02-1076","C02-1164","0.216667"
"C02-1164","C02-1076","0.216667"
"C02-1076","C04-1015","0.65"
"C04-1015","C02-1076","0.65"
"C02-1076","C04-1168","0.05"
"C04-1168","C02-1076","0.05"
"C02-1076","C16-1134","0.05"
"C16-1134","C02-1076","0.05"
"C02-1076","D14-1017","0.05"
"D14-1017","C02-1076","0.05"
"C02-1076","D15-1209","0.05"
"D15-1209","C02-1076","0.05"
"C02-1076","I05-1042","0.316667"
"I05-1042","C02-1076","0.316667"
"C02-1076","J16-1001","0.05"
"J16-1001","C02-1076","0.05"
"C02-1076","N12-1026","0.05"
"N12-1026","C02-1076","0.05"
"C02-1076","P03-1039","0.65"
"P03-1039","C02-1076","0.65"
"C02-1076","P06-1098","0.05"
"P06-1098","C02-1076","0.05"
"C02-1076","P11-1064","0.05"
"P11-1064","C02-1076","0.05"
"C02-1076","P12-1018","0.05"
"P12-1018","C02-1076","0.05"
"C02-1076","P13-1078","0.216667"
"P13-1078","C02-1076","0.216667"
"C02-1076","P14-1138","0.15"
"P14-1138","C02-1076","0.15"
"C02-1076","watanabe-etal-2002-statistical","0.05"
"watanabe-etal-2002-statistical","C02-1076","0.05"
"C02-1164","C04-1015","0.05"
"C04-1015","C02-1164","0.05"
"C02-1164","C04-1168","0.05"
"C04-1168","C02-1164","0.05"
"C02-1164","C16-1134","0.05"
"C16-1134","C02-1164","0.05"
"C02-1164","D14-1017","0.05"
"D14-1017","C02-1164","0.05"
"C02-1164","D15-1209","0.55"
"D15-1209","C02-1164","0.55"
"C02-1164","I05-1042","0.716667"
"I05-1042","C02-1164","0.716667"
"C02-1164","J16-1001","0.05"
"J16-1001","C02-1164","0.05"
"C02-1164","N12-1026","0.05"
"N12-1026","C02-1164","0.05"
"C02-1164","P03-1039","0.3"
"P03-1039","C02-1164","0.3"
"C02-1164","P06-1098","0.05"
"P06-1098","C02-1164","0.05"
"C02-1164","P11-1064","0.05"
"P11-1064","C02-1164","0.05"
"C02-1164","P12-1018","0.05"
"P12-1018","C02-1164","0.05"
"C02-1164","P13-1078","0.216667"
"P13-1078","C02-1164","0.216667"
"C02-1164","P14-1138","0.05"
"P14-1138","C02-1164","0.05"
"C02-1164","watanabe-etal-2002-statistical","0.3"
"watanabe-etal-2002-statistical","C02-1164","0.3"
"C04-1015","C04-1168","0.382102"
"C04-1168","C04-1015","0.382102"
"C04-1015","C16-1134","0.0844828"
"C16-1134","C04-1015","0.0844828"
"C04-1015","D14-1017","0.132102"
"D14-1017","C04-1015","0.132102"
"C04-1015","D15-1209","0.097619"
"D15-1209","C04-1015","0.097619"
"C04-1015","I05-1042","0.434483"
"I05-1042","C04-1015","0.434483"
"C04-1015","J16-1001","0.132102"
"J16-1001","C04-1015","0.132102"
"C04-1015","N12-1026","0.0844828"
"N12-1026","C04-1015","0.0844828"
"C04-1015","P03-1039","0.184483"
"P03-1039","C04-1015","0.184483"
"C04-1015","P06-1098","0.097619"
"P06-1098","C04-1015","0.097619"
"C04-1015","P11-1064","0.05"
"P11-1064","C04-1015","0.05"
"C04-1015","P12-1018","0.132102"
"P12-1018","C04-1015","0.132102"
"C04-1015","P13-1078","0.0844828"
"P13-1078","C04-1015","0.0844828"
"C04-1015","P14-1138","0.232102"
"P14-1138","C04-1015","0.232102"
"C04-1015","watanabe-etal-2002-statistical","0.05"
"watanabe-etal-2002-statistical","C04-1015","0.05"
"C04-1168","C16-1134","0.0844828"
"C16-1134","C04-1168","0.0844828"
"C04-1168","D14-1017","0.132102"
"D14-1017","C04-1168","0.132102"
"C04-1168","D15-1209","0.141097"
"D15-1209","C04-1168","0.141097"
"C04-1168","I05-1042","1.58448"
"I05-1042","C04-1168","1.58448"
"C04-1168","J16-1001","0.42558"
"J16-1001","C04-1168","0.42558"
"C04-1168","N12-1026","0.127961"
"N12-1026","C04-1168","0.127961"
"C04-1168","P03-1039","0.251149"
"P03-1039","C04-1168","0.251149"
"C04-1168","P06-1098","0.141097"
"P06-1098","C04-1168","0.141097"
"C04-1168","P11-1064","0.216667"
"P11-1064","C04-1168","0.216667"
"C04-1168","P12-1018","0.298768"
"P12-1018","C04-1168","0.298768"
"C04-1168","P13-1078","0.127961"
"P13-1078","C04-1168","0.127961"
"C04-1168","P14-1138","0.17558"
"P14-1138","C04-1168","0.17558"
"C04-1168","watanabe-etal-2002-statistical","0.05"
"watanabe-etal-2002-statistical","C04-1168","0.05"
"C16-1134","D14-1017","0.513372"
"D14-1017","C16-1134","0.513372"
"C16-1134","D15-1209","0.105556"
"D15-1209","C16-1134","0.105556"
"C16-1134","I05-1042","0.124483"
"I05-1042","C16-1134","0.124483"
"C16-1134","J16-1001","1.51337"
"J16-1001","C16-1134","1.51337"
"C16-1134","N12-1026","0.140038"
"N12-1026","C16-1134","0.140038"
"C16-1134","P03-1039","0.0844828"
"P03-1039","C16-1134","0.0844828"
"C16-1134","P06-1098","0.09"
"P06-1098","C16-1134","0.09"
"C16-1134","P11-1064","0.345556"
"P11-1064","C16-1134","0.345556"
"C16-1134","P12-1018","0.457816"
"P12-1018","C16-1134","0.457816"
"C16-1134","P13-1078","0.180038"
"P13-1078","C16-1134","0.180038"
"C16-1134","P14-1138","0.513372"
"P14-1138","C16-1134","0.513372"
"C16-1134","watanabe-etal-2002-statistical","0.05"
"watanabe-etal-2002-statistical","C16-1134","0.05"
"D14-1017","D15-1209","0.853175"
"D15-1209","D14-1017","0.853175"
"D14-1017","I05-1042","0.124483"
"I05-1042","D14-1017","0.124483"
"D14-1017","J16-1001","0.620515"
"J16-1001","D14-1017","0.620515"
"D14-1017","N12-1026","0.282895"
"N12-1026","D14-1017","0.282895"
"D14-1017","P03-1039","0.0844828"
"P03-1039","D14-1017","0.0844828"
"D14-1017","P06-1098","0.137619"
"P06-1098","D14-1017","0.137619"
"D14-1017","P11-1064","0.345556"
"P11-1064","D14-1017","0.345556"
"D14-1017","P12-1018","0.505435"
"P12-1018","D14-1017","0.505435"
"D14-1017","P13-1078","0.322895"
"P13-1078","D14-1017","0.322895"
"D14-1017","P14-1138","2.26099"
"P14-1138","D14-1017","2.26099"
"D14-1017","watanabe-etal-2002-statistical","0.05"
"watanabe-etal-2002-statistical","D14-1017","0.05"
"D15-1209","I05-1042","0.55"
"I05-1042","D15-1209","0.55"
"D15-1209","J16-1001","1.52999"
"J16-1001","D15-1209","1.52999"
"D15-1209","N12-1026","0.149034"
"N12-1026","D15-1209","0.149034"
"D15-1209","P03-1039","0.05"
"P03-1039","D15-1209","0.05"
"D15-1209","P06-1098","0.141097"
"P06-1098","D15-1209","0.141097"
"D15-1209","P11-1064","0.638889"
"P11-1064","D15-1209","0.638889"
"D15-1209","P12-1018","1.01429"
"P12-1018","D15-1209","1.01429"
"D15-1209","P13-1078","0.149034"
"P13-1078","D15-1209","0.149034"
"D15-1209","P14-1138","1.89665"
"P14-1138","D15-1209","1.89665"
"D15-1209","watanabe-etal-2002-statistical","0.05"
"watanabe-etal-2002-statistical","D15-1209","0.05"
"I05-1042","J16-1001","0.451406"
"J16-1001","I05-1042","0.451406"
"I05-1042","N12-1026","0.161406"
"N12-1026","I05-1042","0.161406"
"I05-1042","P03-1039","0.434483"
"P03-1039","I05-1042","0.434483"
"I05-1042","P06-1098","0.166923"
"P06-1098","I05-1042","0.166923"
"I05-1042","P11-1064","0.34"
"P11-1064","I05-1042","0.34"
"I05-1042","P12-1018","0.124483"
"P12-1018","I05-1042","0.124483"
"I05-1042","P13-1078","0.368073"
"P13-1078","I05-1042","0.368073"
"I05-1042","P14-1138","0.224483"
"P14-1138","I05-1042","0.224483"
"I05-1042","watanabe-etal-2002-statistical","0.05"
"watanabe-etal-2002-statistical","I05-1042","0.05"
"J16-1001","N12-1026","9.07949"
"N12-1026","J16-1001","9.07949"
"J16-1001","P03-1039","0.417816"
"P03-1039","J16-1001","0.417816"
"J16-1001","P06-1098","1.40088"
"P06-1098","J16-1001","1.40088"
"J16-1001","P11-1064","0.388413"
"P11-1064","J16-1001","0.388413"
"J16-1001","P12-1018","0.314959"
"P12-1018","J16-1001","0.314959"
"J16-1001","P13-1078","3.95282"
"P13-1078","J16-1001","3.95282"
"J16-1001","P14-1138","0.271136"
"P14-1138","J16-1001","0.271136"
"J16-1001","watanabe-etal-2002-statistical","0.05"
"watanabe-etal-2002-statistical","J16-1001","0.05"
"N12-1026","P03-1039","0.0844828"
"P03-1039","N12-1026","0.0844828"
"N12-1026","P06-1098","0.270401"
"P06-1098","N12-1026","0.270401"
"N12-1026","P11-1064","0.205556"
"P11-1064","N12-1026","0.205556"
"N12-1026","P12-1018","0.184483"
"P12-1018","N12-1026","0.184483"
"N12-1026","P13-1078","1.01282"
"P13-1078","N12-1026","1.01282"
"N12-1026","P14-1138","0.283517"
"P14-1138","N12-1026","0.283517"
"N12-1026","watanabe-etal-2002-statistical","0.05"
"watanabe-etal-2002-statistical","N12-1026","0.05"
"P03-1039","P06-1098","0.05"
"P06-1098","P03-1039","0.05"
"P03-1039","P11-1064","0.466667"
"P11-1064","P03-1039","0.466667"
"P03-1039","P12-1018","0.251149"
"P12-1018","P03-1039","0.251149"
"P03-1039","P13-1078","0.0844828"
"P13-1078","P03-1039","0.0844828"
"P03-1039","P14-1138","0.184483"
"P14-1138","P03-1039","0.184483"
"P03-1039","watanabe-etal-2002-statistical","0.3"
"watanabe-etal-2002-statistical","P03-1039","0.3"
"P06-1098","P11-1064","0.732857"
"P11-1064","P06-1098","0.732857"
"P06-1098","P12-1018","0.380476"
"P12-1018","P06-1098","0.380476"
"P06-1098","P13-1078","0.410401"
"P13-1078","P06-1098","0.410401"
"P06-1098","P14-1138","0.281097"
"P14-1138","P06-1098","0.281097"
"P06-1098","watanabe-etal-2002-statistical","0.05"
"watanabe-etal-2002-statistical","P06-1098","0.05"
"P11-1064","P12-1018","2.89952"
"P12-1018","P11-1064","2.89952"
"P11-1064","P13-1078","0.245556"
"P13-1078","P11-1064","0.245556"
"P11-1064","P14-1138","0.345556"
"P14-1138","P11-1064","0.345556"
"P11-1064","watanabe-etal-2002-statistical","0.05"
"watanabe-etal-2002-statistical","P11-1064","0.05"
"P12-1018","P13-1078","0.224483"
"P13-1078","P12-1018","0.224483"
"P12-1018","P14-1138","0.605435"
"P14-1138","P12-1018","0.605435"
"P12-1018","watanabe-etal-2002-statistical","0.05"
"watanabe-etal-2002-statistical","P12-1018","0.05"
"P13-1078","P14-1138","0.823517"
"P14-1138","P13-1078","0.823517"
"P13-1078","watanabe-etal-2002-statistical","0.05"
"watanabe-etal-2002-statistical","P13-1078","0.05"
"P14-1138","watanabe-etal-2002-statistical","0.05"
"watanabe-etal-2002-statistical","P14-1138","0.05"
"2002.tmi-papers.20","C04-1030","0.75"
"C04-1030","2002.tmi-papers.20","0.75"
"C02-1050","C04-1030","0.6"
"C04-1030","C02-1050","0.6"
"2002.tmi-papers.20","E03-1048","1.33333"
"E03-1048","2002.tmi-papers.20","1.33333"
"2002.tmi-papers.20","C12-2071","0.166667"
"C12-2071","2002.tmi-papers.20","0.166667"
"2002.tmi-papers.20","D12-1037","0.166667"
"D12-1037","2002.tmi-papers.20","0.166667"
"C02-1076","C12-2071","0.166667"
"C12-2071","C02-1076","0.166667"
"C02-1076","D12-1037","0.166667"
"D12-1037","C02-1076","0.166667"
"C02-1164","C12-2071","0.166667"
"C12-2071","C02-1164","0.166667"
"C02-1164","D12-1037","0.166667"
"D12-1037","C02-1164","0.166667"
"C12-2071","D12-1037","1.20685"
"D12-1037","C12-2071","1.20685"
"C12-2071","I05-1042","0.241149"
"I05-1042","C12-2071","0.241149"
"C12-2071","P13-1078","0.849707"
"P13-1078","C12-2071","0.849707"
"D12-1037","I05-1042","0.568072"
"I05-1042","D12-1037","0.568072"
"D12-1037","P13-1078","1.02663"
"P13-1078","D12-1037","1.02663"
"C04-1030","I05-1042","0.501406"
"I05-1042","C04-1030","0.501406"
"C04-1030","P03-1039","0.551149"
"P03-1039","C04-1030","0.551149"
"C04-1030","P11-1064","0.599524"
"P11-1064","C04-1030","0.599524"
"C02-1050","E03-1048","0.433333"
"E03-1048","C02-1050","0.433333"
"E03-1048","watanabe-etal-2002-statistical","0.833333"
"watanabe-etal-2002-statistical","E03-1048","0.833333"
"2002.tmi-papers.20","2004.iwslt-evaluation.2","0.25"
"2004.iwslt-evaluation.2","2002.tmi-papers.20","0.25"
"2003.mtsummit-papers.54","2004.iwslt-evaluation.2","1.49359"
"2004.iwslt-evaluation.2","2003.mtsummit-papers.54","1.49359"
"2004.iwslt-evaluation.2","C02-1050","0.25"
"C02-1050","2004.iwslt-evaluation.2","0.25"
"2004.iwslt-evaluation.2","C04-1015","3.88095"
"C04-1015","2004.iwslt-evaluation.2","3.88095"
"2003.mtsummit-papers.54","E03-1048","1.80115"
"E03-1048","2003.mtsummit-papers.54","1.80115"
"2004.iwslt-evaluation.2","E03-1048","4.66667"
"E03-1048","2004.iwslt-evaluation.2","4.66667"
"C04-1015","E03-1048","0.967816"
"E03-1048","C04-1015","0.967816"
"2003.mtsummit-papers.54","C04-1030","0.378073"
"C04-1030","2003.mtsummit-papers.54","0.378073"
"2003.mtsummit-papers.54","D15-1143","0.201149"
"D15-1143","2003.mtsummit-papers.54","0.201149"
"C04-1030","C04-1168","0.244628"
"C04-1168","C04-1030","0.244628"
"C04-1030","D15-1143","0.427485"
"D15-1143","C04-1030","0.427485"
"C04-1030","P12-1018","0.384007"
"P12-1018","C04-1030","0.384007"
"C04-1168","D15-1143","0.292247"
"D15-1143","C04-1168","0.292247"
"D15-1143","P03-1039","0.201149"
"P03-1039","D15-1143","0.201149"
"D15-1143","P11-1064","4.67175"
"P11-1064","D15-1143","4.67175"
"D15-1143","P12-1018","1.93163"
"P12-1018","D15-1143","1.93163"
"2003.mtsummit-papers.54","2005.iwslt-1.15","0.111406"
"2005.iwslt-1.15","2003.mtsummit-papers.54","0.111406"
"2003.mtsummit-papers.54","2006.iwslt-evaluation.14","0.176923"
"2006.iwslt-evaluation.14","2003.mtsummit-papers.54","0.176923"
"2003.mtsummit-papers.54","D12-1037","0.111406"
"D12-1037","2003.mtsummit-papers.54","0.111406"
"2003.mtsummit-papers.54","I13-1032","0.111406"
"I13-1032","2003.mtsummit-papers.54","0.111406"
"2003.mtsummit-papers.54","W06-3115","0.0769231"
"W06-3115","2003.mtsummit-papers.54","0.0769231"
"2004.iwslt-evaluation.2","2005.iwslt-1.15","0.95802"
"2005.iwslt-1.15","2004.iwslt-evaluation.2","0.95802"
"2004.iwslt-evaluation.2","2006.iwslt-evaluation.14","0.20802"
"2006.iwslt-evaluation.14","2004.iwslt-evaluation.2","0.20802"
"2004.iwslt-evaluation.2","2009.iwslt-papers.3","0.16802"
"2009.iwslt-papers.3","2004.iwslt-evaluation.2","0.16802"
"2004.iwslt-evaluation.2","C04-1030","0.660401"
"C04-1030","2004.iwslt-evaluation.2","0.660401"
"2004.iwslt-evaluation.2","D12-1037","0.410401"
"D12-1037","2004.iwslt-evaluation.2","0.410401"
"2004.iwslt-evaluation.2","I05-1042","0.616923"
"I05-1042","2004.iwslt-evaluation.2","0.616923"
"2004.iwslt-evaluation.2","I13-1032","0.120401"
"I13-1032","2004.iwslt-evaluation.2","0.120401"
"2004.iwslt-evaluation.2","J16-1001","0.45802"
"J16-1001","2004.iwslt-evaluation.2","0.45802"
"2004.iwslt-evaluation.2","N12-1026","0.120401"
"N12-1026","2004.iwslt-evaluation.2","0.120401"
"2004.iwslt-evaluation.2","P06-1098","0.20802"
"P06-1098","2004.iwslt-evaluation.2","0.20802"
"2004.iwslt-evaluation.2","P13-1078","0.160401"
"P13-1078","2004.iwslt-evaluation.2","0.160401"
"2004.iwslt-evaluation.2","W06-3115","0.20802"
"W06-3115","2004.iwslt-evaluation.2","0.20802"
"2005.iwslt-1.15","2006.iwslt-evaluation.14","0.374687"
"2006.iwslt-evaluation.14","2005.iwslt-1.15","0.374687"
"2005.iwslt-1.15","2009.iwslt-papers.3","0.452503"
"2009.iwslt-papers.3","2005.iwslt-1.15","0.452503"
"2005.iwslt-1.15","C04-1030","1.19488"
"C04-1030","2005.iwslt-1.15","1.19488"
"2005.iwslt-1.15","D12-1037","0.194884"
"D12-1037","2005.iwslt-1.15","0.194884"
"2005.iwslt-1.15","I05-1042","1.40141"
"I05-1042","2005.iwslt-1.15","1.40141"
"2005.iwslt-1.15","I13-1032","0.154884"
"I13-1032","2005.iwslt-1.15","0.154884"
"2005.iwslt-1.15","J16-1001","0.492503"
"J16-1001","2005.iwslt-1.15","0.492503"
"2005.iwslt-1.15","N12-1026","0.154884"
"N12-1026","2005.iwslt-1.15","0.154884"
"2005.iwslt-1.15","P06-1098","0.20802"
"P06-1098","2005.iwslt-1.15","0.20802"
"2005.iwslt-1.15","P13-1078","0.194884"
"P13-1078","2005.iwslt-1.15","0.194884"
"2005.iwslt-1.15","W06-3115","1.70802"
"W06-3115","2005.iwslt-1.15","1.70802"
"2006.iwslt-evaluation.14","2009.iwslt-papers.3","0.46802"
"2009.iwslt-papers.3","2006.iwslt-evaluation.14","0.46802"
"2006.iwslt-evaluation.14","C04-1030","0.260401"
"C04-1030","2006.iwslt-evaluation.14","0.260401"
"2006.iwslt-evaluation.14","D12-1037","0.260401"
"D12-1037","2006.iwslt-evaluation.14","0.260401"
"2006.iwslt-evaluation.14","I05-1042","0.216923"
"I05-1042","2006.iwslt-evaluation.14","0.216923"
"2006.iwslt-evaluation.14","I13-1032","0.220401"
"I13-1032","2006.iwslt-evaluation.14","0.220401"
"2006.iwslt-evaluation.14","J16-1001","0.20802"
"J16-1001","2006.iwslt-evaluation.14","0.20802"
"2006.iwslt-evaluation.14","N12-1026","0.120401"
"N12-1026","2006.iwslt-evaluation.14","0.120401"
"2006.iwslt-evaluation.14","P06-1098","1.30802"
"P06-1098","2006.iwslt-evaluation.14","1.30802"
"2006.iwslt-evaluation.14","P13-1078","0.260401"
"P13-1078","2006.iwslt-evaluation.14","0.260401"
"2006.iwslt-evaluation.14","W06-3115","0.80802"
"W06-3115","2006.iwslt-evaluation.14","0.80802"
"2009.iwslt-papers.3","C04-1030","0.154884"
"C04-1030","2009.iwslt-papers.3","0.154884"
"2009.iwslt-papers.3","D12-1037","0.743773"
"D12-1037","2009.iwslt-papers.3","0.743773"
"2009.iwslt-papers.3","I13-1032","0.854884"
"I13-1032","2009.iwslt-papers.3","0.854884"
"2009.iwslt-papers.3","W06-3115","0.26802"
"W06-3115","2009.iwslt-papers.3","0.26802"
"C04-1030","D12-1037","0.194884"
"D12-1037","C04-1030","0.194884"
"C04-1030","I13-1032","0.154884"
"I13-1032","C04-1030","0.154884"
"C04-1030","J16-1001","0.337741"
"J16-1001","C04-1030","0.337741"
"C04-1030","N12-1026","0.154884"
"N12-1026","C04-1030","0.154884"
"C04-1030","P06-1098","1.30326"
"P06-1098","C04-1030","1.30326"
"C04-1030","P13-1078","0.194884"
"P13-1078","C04-1030","0.194884"
"C04-1030","W06-3115","0.160401"
"W06-3115","C04-1030","0.160401"
"D12-1037","I13-1032","1.26441"
"I13-1032","D12-1037","1.26441"
"D12-1037","J16-1001","3.82663"
"J16-1001","D12-1037","3.82663"
"D12-1037","N12-1026","1.88663"
"N12-1026","D12-1037","1.88663"
"D12-1037","P06-1098","0.360401"
"P06-1098","D12-1037","0.360401"
"D12-1037","W06-3115","0.260401"
"W06-3115","D12-1037","0.260401"
"I05-1042","I13-1032","0.111406"
"I13-1032","I05-1042","0.111406"
"I05-1042","W06-3115","0.116923"
"W06-3115","I05-1042","0.116923"
"I13-1032","J16-1001","3.06441"
"J16-1001","I13-1032","3.06441"
"I13-1032","N12-1026","2.16441"
"N12-1026","I13-1032","2.16441"
"I13-1032","P06-1098","0.320401"
"P06-1098","I13-1032","0.320401"
"I13-1032","P13-1078","0.764408"
"P13-1078","I13-1032","0.764408"
"I13-1032","W06-3115","0.220401"
"W06-3115","I13-1032","0.220401"
"J16-1001","W06-3115","0.20802"
"W06-3115","J16-1001","0.20802"
"N12-1026","W06-3115","0.120401"
"W06-3115","N12-1026","0.120401"
"P06-1098","W06-3115","0.30802"
"W06-3115","P06-1098","0.30802"
"P13-1078","W06-3115","0.260401"
"W06-3115","P13-1078","0.260401"
"2003.mtsummit-papers.54","2007.iwslt-1.16","0.134483"
"2007.iwslt-1.16","2003.mtsummit-papers.54","0.134483"
"2003.mtsummit-papers.54","2008.iwslt-evaluation.13","0.0344828"
"2008.iwslt-evaluation.13","2003.mtsummit-papers.54","0.0344828"
"2003.mtsummit-papers.54","2021.acl-srw.33","0.0344828"
"2021.acl-srw.33","2003.mtsummit-papers.54","0.0344828"
"2003.mtsummit-papers.54","2021.eacl-main.323","0.0344828"
"2021.eacl-main.323","2003.mtsummit-papers.54","0.0344828"
"2003.mtsummit-papers.54","C12-2071","0.0344828"
"C12-2071","2003.mtsummit-papers.54","0.0344828"
"2003.mtsummit-papers.54","D07-1080","0.0344828"
"D07-1080","2003.mtsummit-papers.54","0.0344828"
"2003.mtsummit-papers.54","D12-1077","0.367816"
"D12-1077","2003.mtsummit-papers.54","0.367816"
"2003.mtsummit-papers.54","D14-1019","0.0344828"
"D14-1019","2003.mtsummit-papers.54","0.0344828"
"2003.mtsummit-papers.54","P11-1125","0.0344828"
"P11-1125","2003.mtsummit-papers.54","0.0344828"
"2003.mtsummit-papers.54","P13-1079","0.0344828"
"P13-1079","2003.mtsummit-papers.54","0.0344828"
"2003.mtsummit-papers.54","P13-1083","0.0344828"
"P13-1083","2003.mtsummit-papers.54","0.0344828"
"2005.iwslt-1.15","2007.iwslt-1.16","1.20129"
"2007.iwslt-1.16","2005.iwslt-1.15","1.20129"
"2005.iwslt-1.15","2008.iwslt-evaluation.13","1.08225"
"2008.iwslt-evaluation.13","2005.iwslt-1.15","1.08225"
"2005.iwslt-1.15","2021.acl-srw.33","0.0344828"
"2021.acl-srw.33","2005.iwslt-1.15","0.0344828"
"2005.iwslt-1.15","2021.eacl-main.323","0.0344828"
"2021.eacl-main.323","2005.iwslt-1.15","0.0344828"
"2005.iwslt-1.15","C04-1015","0.582102"
"C04-1015","2005.iwslt-1.15","0.582102"
"2005.iwslt-1.15","C04-1168","0.37558"
"C04-1168","2005.iwslt-1.15","0.37558"
"2005.iwslt-1.15","C12-2071","0.117961"
"C12-2071","2005.iwslt-1.15","0.117961"
"2005.iwslt-1.15","C16-1134","0.241149"
"C16-1134","2005.iwslt-1.15","0.241149"
"2005.iwslt-1.15","D07-1080","0.91558"
"D07-1080","2005.iwslt-1.15","0.91558"
"2005.iwslt-1.15","D12-1077","0.0744828"
"D12-1077","2005.iwslt-1.15","0.0744828"
"2005.iwslt-1.15","D14-1017","0.122102"
"D14-1017","2005.iwslt-1.15","0.122102"
"2005.iwslt-1.15","D14-1019","0.0744828"
"D14-1019","2005.iwslt-1.15","0.0744828"
"2005.iwslt-1.15","D15-1143","0.16558"
"D15-1143","2005.iwslt-1.15","0.16558"
"2005.iwslt-1.15","E03-1048","0.0344828"
"E03-1048","2005.iwslt-1.15","0.0344828"
"2005.iwslt-1.15","P03-1039","0.0344828"
"P03-1039","2005.iwslt-1.15","0.0344828"
"2005.iwslt-1.15","P11-1125","0.0821018"
"P11-1125","2005.iwslt-1.15","0.0821018"
"2005.iwslt-1.15","P12-1018","0.122102"
"P12-1018","2005.iwslt-1.15","0.122102"
"2005.iwslt-1.15","P13-1079","0.288768"
"P13-1079","2005.iwslt-1.15","0.288768"
"2005.iwslt-1.15","P13-1083","0.16558"
"P13-1083","2005.iwslt-1.15","0.16558"
"2005.iwslt-1.15","P14-1138","0.16558"
"P14-1138","2005.iwslt-1.15","0.16558"
"2007.iwslt-1.16","2008.iwslt-evaluation.13","1.16796"
"2008.iwslt-evaluation.13","2007.iwslt-1.16","1.16796"
"2007.iwslt-1.16","2009.iwslt-papers.3","1.47796"
"2009.iwslt-papers.3","2007.iwslt-1.16","1.47796"
"2007.iwslt-1.16","2021.acl-srw.33","0.0344828"
"2021.acl-srw.33","2007.iwslt-1.16","0.0344828"
"2007.iwslt-1.16","2021.eacl-main.323","0.0344828"
"2021.eacl-main.323","2007.iwslt-1.16","0.0344828"
"2007.iwslt-1.16","C04-1015","0.134483"
"C04-1015","2007.iwslt-1.16","0.134483"
"2007.iwslt-1.16","C04-1030","0.217961"
"C04-1030","2007.iwslt-1.16","0.217961"
"2007.iwslt-1.16","C04-1168","0.077961"
"C04-1168","2007.iwslt-1.16","0.077961"
"2007.iwslt-1.16","C12-2071","0.217961"
"C12-2071","2007.iwslt-1.16","0.217961"
"2007.iwslt-1.16","C16-1134","0.574483"
"C16-1134","2007.iwslt-1.16","0.574483"
"2007.iwslt-1.16","D07-1080","6.78463"
"D07-1080","2007.iwslt-1.16","6.78463"
"2007.iwslt-1.16","D12-1037","0.317961"
"D12-1037","2007.iwslt-1.16","0.317961"
"2007.iwslt-1.16","D12-1077","1.62448"
"D12-1077","2007.iwslt-1.16","1.62448"
"2007.iwslt-1.16","D14-1017","0.274483"
"D14-1017","2007.iwslt-1.16","0.274483"
"2007.iwslt-1.16","D14-1019","0.274483"
"D14-1019","2007.iwslt-1.16","0.274483"
"2007.iwslt-1.16","D15-1143","0.117961"
"D15-1143","2007.iwslt-1.16","0.117961"
"2007.iwslt-1.16","E03-1048","0.134483"
"E03-1048","2007.iwslt-1.16","0.134483"
"2007.iwslt-1.16","I05-1042","0.174483"
"I05-1042","2007.iwslt-1.16","0.174483"
"2007.iwslt-1.16","I13-1032","0.277961"
"I13-1032","2007.iwslt-1.16","0.277961"
"2007.iwslt-1.16","J16-1001","1.16796"
"J16-1001","2007.iwslt-1.16","1.16796"
"2007.iwslt-1.16","N12-1026","0.927961"
"N12-1026","2007.iwslt-1.16","0.927961"
"2007.iwslt-1.16","P03-1039","0.134483"
"P03-1039","2007.iwslt-1.16","0.134483"
"2007.iwslt-1.16","P11-1125","0.0344828"
"P11-1125","2007.iwslt-1.16","0.0344828"
"2007.iwslt-1.16","P12-1018","0.324483"
"P12-1018","2007.iwslt-1.16","0.324483"
"2007.iwslt-1.16","P13-1078","0.317961"
"P13-1078","2007.iwslt-1.16","0.317961"
"2007.iwslt-1.16","P13-1079","0.174483"
"P13-1079","2007.iwslt-1.16","0.174483"
"2007.iwslt-1.16","P13-1083","0.117961"
"P13-1083","2007.iwslt-1.16","0.117961"
"2007.iwslt-1.16","P14-1138","0.417961"
"P14-1138","2007.iwslt-1.16","0.417961"
"2008.iwslt-evaluation.13","2009.iwslt-papers.3","0.531136"
"2009.iwslt-papers.3","2008.iwslt-evaluation.13","0.531136"
"2008.iwslt-evaluation.13","2021.acl-srw.33","0.0344828"
"2021.acl-srw.33","2008.iwslt-evaluation.13","0.0344828"
"2008.iwslt-evaluation.13","2021.eacl-main.323","0.0344828"
"2021.eacl-main.323","2008.iwslt-evaluation.13","0.0344828"
"2008.iwslt-evaluation.13","C04-1015","0.0821018"
"C04-1015","2008.iwslt-evaluation.13","0.0821018"
"2008.iwslt-evaluation.13","C04-1030","0.117961"
"C04-1030","2008.iwslt-evaluation.13","0.117961"
"2008.iwslt-evaluation.13","C04-1168","0.12558"
"C04-1168","2008.iwslt-evaluation.13","0.12558"
"2008.iwslt-evaluation.13","C12-2071","0.273517"
"C12-2071","2008.iwslt-evaluation.13","0.273517"
"2008.iwslt-evaluation.13","C16-1134","0.296705"
"C16-1134","2008.iwslt-evaluation.13","0.296705"
"2008.iwslt-evaluation.13","D07-1080","0.782247"
"D07-1080","2008.iwslt-evaluation.13","0.782247"
"2008.iwslt-evaluation.13","D12-1037","0.273517"
"D12-1037","2008.iwslt-evaluation.13","0.273517"
"2008.iwslt-evaluation.13","D12-1077","0.530038"
"D12-1077","2008.iwslt-evaluation.13","0.530038"
"2008.iwslt-evaluation.13","D14-1017","0.177657"
"D14-1017","2008.iwslt-evaluation.13","0.177657"
"2008.iwslt-evaluation.13","D14-1019","0.430038"
"D14-1019","2008.iwslt-evaluation.13","0.430038"
"2008.iwslt-evaluation.13","D15-1143","0.321136"
"D15-1143","2008.iwslt-evaluation.13","0.321136"
"2008.iwslt-evaluation.13","E03-1048","0.0344828"
"E03-1048","2008.iwslt-evaluation.13","0.0344828"
"2008.iwslt-evaluation.13","I05-1042","0.0744828"
"I05-1042","2008.iwslt-evaluation.13","0.0744828"
"2008.iwslt-evaluation.13","I13-1032","0.177961"
"I13-1032","2008.iwslt-evaluation.13","0.177961"
"2008.iwslt-evaluation.13","J16-1001","0.421136"
"J16-1001","2008.iwslt-evaluation.13","0.421136"
"2008.iwslt-evaluation.13","N12-1026","0.333517"
"N12-1026","2008.iwslt-evaluation.13","0.333517"
"2008.iwslt-evaluation.13","P03-1039","0.0344828"
"P03-1039","2008.iwslt-evaluation.13","0.0344828"
"2008.iwslt-evaluation.13","P11-1125","0.182102"
"P11-1125","2008.iwslt-evaluation.13","0.182102"
"2008.iwslt-evaluation.13","P12-1018","0.122102"
"P12-1018","2008.iwslt-evaluation.13","0.122102"
"2008.iwslt-evaluation.13","P13-1078","0.373517"
"P13-1078","2008.iwslt-evaluation.13","0.373517"
"2008.iwslt-evaluation.13","P13-1079","0.344324"
"P13-1079","2008.iwslt-evaluation.13","0.344324"
"2008.iwslt-evaluation.13","P13-1083","0.221136"
"P13-1083","2008.iwslt-evaluation.13","0.221136"
"2008.iwslt-evaluation.13","P14-1138","0.221136"
"P14-1138","2008.iwslt-evaluation.13","0.221136"
"2009.iwslt-papers.3","2021.acl-srw.33","0.234483"
"2021.acl-srw.33","2009.iwslt-papers.3","0.234483"
"2009.iwslt-papers.3","2021.eacl-main.323","0.0344828"
"2021.eacl-main.323","2009.iwslt-papers.3","0.0344828"
"2009.iwslt-papers.3","C12-2071","0.56685"
"C12-2071","2009.iwslt-papers.3","0.56685"
"2009.iwslt-papers.3","D07-1080","1.17558"
"D07-1080","2009.iwslt-papers.3","1.17558"
"2009.iwslt-papers.3","D12-1077","0.390038"
"D12-1077","2009.iwslt-papers.3","0.390038"
"2009.iwslt-papers.3","D14-1019","0.0900383"
"D14-1019","2009.iwslt-papers.3","0.0900383"
"2009.iwslt-papers.3","D15-1143","0.181136"
"D15-1143","2009.iwslt-papers.3","0.181136"
"2009.iwslt-papers.3","E03-1048","0.0344828"
"E03-1048","2009.iwslt-papers.3","0.0344828"
"2009.iwslt-papers.3","P11-1125","0.0821018"
"P11-1125","2009.iwslt-papers.3","0.0821018"
"2009.iwslt-papers.3","P13-1079","0.237657"
"P13-1079","2009.iwslt-papers.3","0.237657"
"2009.iwslt-papers.3","P13-1083","1.18114"
"P13-1083","2009.iwslt-papers.3","1.18114"
"2021.acl-srw.33","2021.eacl-main.323","0.0344828"
"2021.eacl-main.323","2021.acl-srw.33","0.0344828"
"2021.acl-srw.33","C04-1015","0.0344828"
"C04-1015","2021.acl-srw.33","0.0344828"
"2021.acl-srw.33","C04-1030","0.0344828"
"C04-1030","2021.acl-srw.33","0.0344828"
"2021.acl-srw.33","C04-1168","0.0344828"
"C04-1168","2021.acl-srw.33","0.0344828"
"2021.acl-srw.33","C12-2071","0.0344828"
"C12-2071","2021.acl-srw.33","0.0344828"
"2021.acl-srw.33","C16-1134","0.234483"
"C16-1134","2021.acl-srw.33","0.234483"
"2021.acl-srw.33","D07-1080","0.0344828"
"D07-1080","2021.acl-srw.33","0.0344828"
"2021.acl-srw.33","D12-1037","0.0344828"
"D12-1037","2021.acl-srw.33","0.0344828"
"2021.acl-srw.33","D12-1077","0.567816"
"D12-1077","2021.acl-srw.33","0.567816"
"2021.acl-srw.33","D14-1017","0.0344828"
"D14-1017","2021.acl-srw.33","0.0344828"
"2021.acl-srw.33","D14-1019","0.367816"
"D14-1019","2021.acl-srw.33","0.367816"
"2021.acl-srw.33","D15-1143","0.0344828"
"D15-1143","2021.acl-srw.33","0.0344828"
"2021.acl-srw.33","E03-1048","0.0344828"
"E03-1048","2021.acl-srw.33","0.0344828"
"2021.acl-srw.33","I05-1042","0.0344828"
"I05-1042","2021.acl-srw.33","0.0344828"
"2021.acl-srw.33","I13-1032","0.0344828"
"I13-1032","2021.acl-srw.33","0.0344828"
"2021.acl-srw.33","J16-1001","0.0344828"
"J16-1001","2021.acl-srw.33","0.0344828"
"2021.acl-srw.33","N12-1026","0.0344828"
"N12-1026","2021.acl-srw.33","0.0344828"
"2021.acl-srw.33","P03-1039","0.0344828"
"P03-1039","2021.acl-srw.33","0.0344828"
"2021.acl-srw.33","P11-1125","0.0344828"
"P11-1125","2021.acl-srw.33","0.0344828"
"2021.acl-srw.33","P12-1018","0.0344828"
"P12-1018","2021.acl-srw.33","0.0344828"
"2021.acl-srw.33","P13-1078","0.0344828"
"P13-1078","2021.acl-srw.33","0.0344828"
"2021.acl-srw.33","P13-1079","0.0344828"
"P13-1079","2021.acl-srw.33","0.0344828"
"2021.acl-srw.33","P13-1083","0.0344828"
"P13-1083","2021.acl-srw.33","0.0344828"
"2021.acl-srw.33","P14-1138","0.0344828"
"P14-1138","2021.acl-srw.33","0.0344828"
"2021.eacl-main.323","C04-1015","0.0344828"
"C04-1015","2021.eacl-main.323","0.0344828"
"2021.eacl-main.323","C04-1030","0.0344828"
"C04-1030","2021.eacl-main.323","0.0344828"
"2021.eacl-main.323","C04-1168","0.0344828"
"C04-1168","2021.eacl-main.323","0.0344828"
"2021.eacl-main.323","C12-2071","0.0344828"
"C12-2071","2021.eacl-main.323","0.0344828"
"2021.eacl-main.323","C16-1134","0.0344828"
"C16-1134","2021.eacl-main.323","0.0344828"
"2021.eacl-main.323","D07-1080","0.0344828"
"D07-1080","2021.eacl-main.323","0.0344828"
"2021.eacl-main.323","D12-1037","0.0344828"
"D12-1037","2021.eacl-main.323","0.0344828"
"2021.eacl-main.323","D12-1077","0.0344828"
"D12-1077","2021.eacl-main.323","0.0344828"
"2021.eacl-main.323","D14-1017","0.0344828"
"D14-1017","2021.eacl-main.323","0.0344828"
"2021.eacl-main.323","D14-1019","0.0344828"
"D14-1019","2021.eacl-main.323","0.0344828"
"2021.eacl-main.323","D15-1143","0.0344828"
"D15-1143","2021.eacl-main.323","0.0344828"
"2021.eacl-main.323","E03-1048","0.0344828"
"E03-1048","2021.eacl-main.323","0.0344828"
"2021.eacl-main.323","I05-1042","0.0344828"
"I05-1042","2021.eacl-main.323","0.0344828"
"2021.eacl-main.323","I13-1032","0.0344828"
"I13-1032","2021.eacl-main.323","0.0344828"
"2021.eacl-main.323","J16-1001","0.0344828"
"J16-1001","2021.eacl-main.323","0.0344828"
"2021.eacl-main.323","N12-1026","0.0344828"
"N12-1026","2021.eacl-main.323","0.0344828"
"2021.eacl-main.323","P03-1039","0.0344828"
"P03-1039","2021.eacl-main.323","0.0344828"
"2021.eacl-main.323","P11-1125","0.0344828"
"P11-1125","2021.eacl-main.323","0.0344828"
"2021.eacl-main.323","P12-1018","0.0344828"
"P12-1018","2021.eacl-main.323","0.0344828"
"2021.eacl-main.323","P13-1078","0.0344828"
"P13-1078","2021.eacl-main.323","0.0344828"
"2021.eacl-main.323","P13-1079","0.0344828"
"P13-1079","2021.eacl-main.323","0.0344828"
"2021.eacl-main.323","P13-1083","0.0344828"
"P13-1083","2021.eacl-main.323","0.0344828"
"2021.eacl-main.323","P14-1138","0.0344828"
"P14-1138","2021.eacl-main.323","0.0344828"
"C04-1015","C04-1030","0.134483"
"C04-1030","C04-1015","0.134483"
"C04-1015","C12-2071","0.0344828"
"C12-2071","C04-1015","0.0344828"
"C04-1015","D07-1080","0.0821018"
"D07-1080","C04-1015","0.0821018"
"C04-1015","D12-1037","0.284483"
"D12-1037","C04-1015","0.284483"
"C04-1015","D12-1077","0.0344828"
"D12-1077","C04-1015","0.0344828"
"C04-1015","D14-1019","0.0344828"
"D14-1019","C04-1015","0.0344828"
"C04-1015","D15-1143","0.0821018"
"D15-1143","C04-1015","0.0821018"
"C04-1015","I13-1032","0.0344828"
"I13-1032","C04-1015","0.0344828"
"C04-1015","P11-1125","0.0821018"
"P11-1125","C04-1015","0.0821018"
"C04-1015","P13-1079","0.0821018"
"P13-1079","C04-1015","0.0821018"
"C04-1015","P13-1083","0.0821018"
"P13-1083","C04-1015","0.0821018"
"C04-1030","C12-2071","0.117961"
"C12-2071","C04-1030","0.117961"
"C04-1030","C16-1134","0.0744828"
"C16-1134","C04-1030","0.0744828"
"C04-1030","D07-1080","0.117961"
"D07-1080","C04-1030","0.117961"
"C04-1030","D12-1077","0.21734"
"D12-1077","C04-1030","0.21734"
"C04-1030","D14-1017","0.0744828"
"D14-1017","C04-1030","0.0744828"
"C04-1030","D14-1019","0.0744828"
"D14-1019","C04-1030","0.0744828"
"C04-1030","E03-1048","0.634483"
"E03-1048","C04-1030","0.634483"
"C04-1030","P11-1125","0.0344828"
"P11-1125","C04-1030","0.0344828"
"C04-1030","P13-1079","0.21734"
"P13-1079","C04-1030","0.21734"
"C04-1030","P13-1083","0.117961"
"P13-1083","C04-1030","0.117961"
"C04-1030","P14-1138","0.217961"
"P14-1138","C04-1030","0.217961"
"C04-1168","C12-2071","0.077961"
"C12-2071","C04-1168","0.077961"
"C04-1168","D07-1080","0.12558"
"D07-1080","C04-1168","0.12558"
"C04-1168","D12-1037","0.327961"
"D12-1037","C04-1168","0.327961"
"C04-1168","D12-1077","0.0344828"
"D12-1077","C04-1168","0.0344828"
"C04-1168","D14-1019","0.0344828"
"D14-1019","C04-1168","0.0344828"
"C04-1168","E03-1048","0.0344828"
"E03-1048","C04-1168","0.0344828"
"C04-1168","I13-1032","0.077961"
"I13-1032","C04-1168","0.077961"
"C04-1168","P11-1125","0.0821018"
"P11-1125","C04-1168","0.0821018"
"C04-1168","P13-1079","0.0821018"
"P13-1079","C04-1168","0.0821018"
"C04-1168","P13-1083","0.12558"
"P13-1083","C04-1168","0.12558"
"C12-2071","C16-1134","0.463372"
"C16-1134","C12-2071","0.463372"
"C12-2071","D07-1080","0.117961"
"D07-1080","C12-2071","0.117961"
"C12-2071","D12-1077","0.972895"
"D12-1077","C12-2071","0.972895"
"C12-2071","D14-1017","0.380038"
"D14-1017","C12-2071","0.380038"
"C12-2071","D14-1019","0.380038"
"D14-1019","C12-2071","0.380038"
"C12-2071","D15-1143","0.316374"
"D15-1143","C12-2071","0.316374"
"C12-2071","E03-1048","0.0344828"
"E03-1048","C12-2071","0.0344828"
"C12-2071","I13-1032","0.444628"
"I13-1032","C12-2071","0.444628"
"C12-2071","J16-1001","5.24971"
"J16-1001","C12-2071","5.24971"
"C12-2071","N12-1026","1.39304"
"N12-1026","C12-2071","1.39304"
"C12-2071","P03-1039","0.0344828"
"P03-1039","C12-2071","0.0344828"
"C12-2071","P11-1125","0.284483"
"P11-1125","C12-2071","0.284483"
"C12-2071","P12-1018","0.174483"
"P12-1018","C12-2071","0.174483"
"C12-2071","P13-1079","0.522895"
"P13-1079","C12-2071","0.522895"
"C12-2071","P13-1083","0.60685"
"P13-1083","C12-2071","0.60685"
"C12-2071","P14-1138","0.273517"
"P14-1138","C12-2071","0.273517"
"C16-1134","D07-1080","0.741149"
"D07-1080","C16-1134","0.741149"
"C16-1134","D12-1037","0.130038"
"D12-1037","C16-1134","0.130038"
"C16-1134","D12-1077","3.33004"
"D12-1077","C16-1134","3.33004"
"C16-1134","D14-1019","0.130038"
"D14-1019","C16-1134","0.130038"
"C16-1134","D15-1143","0.130038"
"D15-1143","C16-1134","0.130038"
"C16-1134","E03-1048","0.0344828"
"E03-1048","C16-1134","0.0344828"
"C16-1134","I13-1032","0.0344828"
