"2021.findings-acl.133","N19-1379","2"
"N19-1379","2021.findings-acl.133","2"
"C16-1038","C16-1193","3.31944"
"C16-1193","C16-1038","3.31944"
"C16-1038","D16-1222","0.569444"
"D16-1222","C16-1038","0.569444"
"C16-1038","N16-1032","0.708333"
"N16-1032","C16-1038","0.708333"
"C16-1038","P13-1090","0.166667"
"P13-1090","C16-1038","0.166667"
"C16-1038","P15-2032","0.444444"
"P15-2032","C16-1038","0.444444"
"C16-1038","P15-2132","0.402778"
"P15-2132","C16-1038","0.402778"
"C16-1193","D16-1222","0.569444"
"D16-1222","C16-1193","0.569444"
"C16-1193","N16-1032","0.708333"
"N16-1032","C16-1193","0.708333"
"C16-1193","P13-1090","0.166667"
"P13-1090","C16-1193","0.166667"
"C16-1193","P15-2032","0.444444"
"P15-2032","C16-1193","0.444444"
"C16-1193","P15-2132","0.402778"
"P15-2132","C16-1193","0.402778"
"D16-1222","N16-1032","0.458333"
"N16-1032","D16-1222","0.458333"
"D16-1222","P13-1090","0.166667"
"P13-1090","D16-1222","0.166667"
"D16-1222","P15-2032","0.587302"
"P15-2032","D16-1222","0.587302"
"D16-1222","P15-2132","0.545635"
"P15-2132","D16-1222","0.545635"
"N16-1032","P13-1090","0.166667"
"P13-1090","N16-1032","0.166667"
"N16-1032","P15-2032","1.83333"
"P15-2032","N16-1032","1.83333"
"N16-1032","P15-2132","0.291667"
"P15-2132","N16-1032","0.291667"
"P13-1090","P15-2032","0.166667"
"P15-2032","P13-1090","0.166667"
"P13-1090","P15-2132","0.166667"
"P15-2132","P13-1090","0.166667"
"P15-2032","P15-2132","1.42063"
"P15-2132","P15-2032","1.42063"
"C16-1038","D15-1150","0.402778"
"D15-1150","C16-1038","0.402778"
"C16-1038","N18-3003","0.236111"
"N18-3003","C16-1038","0.236111"
"C16-1038","P15-1046","0.111111"
"P15-1046","C16-1038","0.111111"
"C16-1038","P16-2002","0.652778"
"P16-2002","C16-1038","0.652778"
"C16-1038","P18-1206","0.236111"
"P18-1206","C16-1038","0.236111"
"C16-1193","D15-1150","0.736111"
"D15-1150","C16-1193","0.736111"
"C16-1193","N18-3003","0.236111"
"N18-3003","C16-1193","0.236111"
"C16-1193","P15-1046","1.11111"
"P15-1046","C16-1193","1.11111"
"C16-1193","P16-2002","0.652778"
"P16-2002","C16-1193","0.652778"
"C16-1193","P18-1206","0.236111"
"P18-1206","C16-1193","0.236111"
"D15-1150","D16-1222","0.545635"
"D16-1222","D15-1150","0.545635"
"D15-1150","N18-3003","0.378968"
"N18-3003","D15-1150","0.378968"
"D15-1150","P15-1046","2.11111"
"P15-1046","D15-1150","2.11111"
"D15-1150","P15-2032","1.42063"
"P15-2032","D15-1150","1.42063"
"D15-1150","P15-2132","0.878968"
"P15-2132","D15-1150","0.878968"
"D15-1150","P16-2002","1.04563"
"P16-2002","D15-1150","1.04563"
"D15-1150","P18-1206","0.378968"
"P18-1206","D15-1150","0.378968"
"D16-1222","N18-3003","0.378968"
"N18-3003","D16-1222","0.378968"
"D16-1222","P15-1046","0.111111"
"P15-1046","D16-1222","0.111111"
"D16-1222","P16-2002","0.545635"
"P16-2002","D16-1222","0.545635"
"D16-1222","P18-1206","0.378968"
"P18-1206","D16-1222","0.378968"
"N18-3003","P15-1046","0.111111"
"P15-1046","N18-3003","0.111111"
"N18-3003","P15-2032","0.253968"
"P15-2032","N18-3003","0.253968"
"N18-3003","P15-2132","0.378968"
"P15-2132","N18-3003","0.378968"
"N18-3003","P16-2002","0.378968"
"P16-2002","N18-3003","0.378968"
"N18-3003","P18-1206","1.7123"
"P18-1206","N18-3003","1.7123"
"P15-1046","P15-2032","0.611111"
"P15-2032","P15-1046","0.611111"
"P15-1046","P15-2132","0.111111"
"P15-2132","P15-1046","0.111111"
"P15-1046","P16-2002","0.111111"
"P16-2002","P15-1046","0.111111"
"P15-1046","P18-1206","0.111111"
"P18-1206","P15-1046","0.111111"
"P15-2032","P16-2002","0.420635"
"P16-2002","P15-2032","0.420635"
"P15-2032","P18-1206","0.253968"
"P18-1206","P15-2032","0.253968"
"P15-2132","P16-2002","0.878968"
"P16-2002","P15-2132","0.878968"
"P15-2132","P18-1206","0.378968"
"P18-1206","P15-2132","0.378968"
"P16-2002","P18-1206","0.378968"
"P18-1206","P16-2002","0.378968"
"D15-1150","N16-1032","1.29167"
"N16-1032","D15-1150","1.29167"
"N16-1032","P16-2002","0.541667"
"P16-2002","N16-1032","0.541667"
"N16-1032","N18-3003","0.125"
"N18-3003","N16-1032","0.125"
"N16-1032","P18-1206","0.125"
"P18-1206","N16-1032","0.125"
"C16-1038","N19-2002","0.75"
"N19-2002","C16-1038","0.75"
"C16-1193","N19-2002","0.75"
"N19-2002","C16-1193","0.75"
"N16-1032","N19-2002","0.25"
"N19-2002","N16-1032","0.25"
"N19-2002","P16-2002","0.25"
"P16-2002","N19-2002","0.25"
"C16-1193","D17-1302","0.333333"
"D17-1302","C16-1193","0.333333"
"C16-1193","N15-1009","0.333333"
"N15-1009","C16-1193","0.333333"
"D15-1150","D17-1302","1.47619"
"D17-1302","D15-1150","1.47619"
"D15-1150","N15-1009","2.33333"
"N15-1009","D15-1150","2.33333"
"D17-1302","N15-1009","0.333333"
"N15-1009","D17-1302","0.333333"
"N16-1032","P15-1046","0.5"
"P15-1046","N16-1032","0.5"
"D16-1222","D17-1302","0.142857"
"D17-1302","D16-1222","0.142857"
"D17-1302","N18-3003","1.47619"
"N18-3003","D17-1302","1.47619"
"D17-1302","P15-2032","0.142857"
"P15-2032","D17-1302","0.142857"
"D17-1302","P15-2132","0.142857"
"P15-2132","D17-1302","0.142857"
"D17-1302","P16-2002","0.142857"
"P16-2002","D17-1302","0.142857"
"D17-1302","P18-1206","0.47619"
"P18-1206","D17-1302","0.47619"
"D16-1222","N19-2002","1"
"N19-2002","D16-1222","1"
"D17-1302","N16-1032","1"
"N16-1032","D17-1302","1"
"D17-1302","N19-2002","0.333333"
"N19-2002","D17-1302","0.333333"
"N18-3003","N19-2002","0.833333"
"N19-2002","N18-3003","0.833333"
"N19-2002","P18-1206","0.833333"
"P18-1206","N19-2002","0.833333"
"N07-2037","P06-1073","1"
"P06-1073","N07-2037","1"
"N18-3003","N19-1379","0.5"
"N19-1379","N18-3003","0.5"
"N19-1379","P18-1206","0.5"
"P18-1206","N19-1379","0.5"
