"2020.acl-main.11","2020.findings-emnlp.196","2.52619"
"2020.findings-emnlp.196","2020.acl-main.11","2.52619"
"2020.acl-main.11","2020.nlp4convai-1.5","1.32619"
"2020.nlp4convai-1.5","2020.acl-main.11","1.32619"
"2020.acl-main.11","2021.naacl-main.264","0.384524"
"2021.naacl-main.264","2020.acl-main.11","0.384524"
"2020.acl-main.11","D19-3031","0.62619"
"D19-3031","2020.acl-main.11","0.62619"
"2020.acl-main.11","D19-5602","0.37619"
"D19-5602","2020.acl-main.11","0.37619"
"2020.acl-main.11","P19-1536","0.417857"
"P19-1536","2020.acl-main.11","0.417857"
"2020.acl-main.11","W19-4101","0.617857"
"W19-4101","2020.acl-main.11","0.617857"
"2020.findings-emnlp.196","2020.nlp4convai-1.5","2.10952"
"2020.nlp4convai-1.5","2020.findings-emnlp.196","2.10952"
"2020.findings-emnlp.196","2021.naacl-main.264","1.40952"
"2021.naacl-main.264","2020.findings-emnlp.196","1.40952"
"2020.findings-emnlp.196","D19-3031","0.969048"
"D19-3031","2020.findings-emnlp.196","0.969048"
"2020.findings-emnlp.196","D19-5602","1.57619"
"D19-5602","2020.findings-emnlp.196","1.57619"
"2020.findings-emnlp.196","P19-1536","6.0503"
"P19-1536","2020.findings-emnlp.196","6.0503"
"2020.findings-emnlp.196","W19-4101","5.21905"
"W19-4101","2020.findings-emnlp.196","5.21905"
"2020.nlp4convai-1.5","2021.naacl-main.264","0.384524"
"2021.naacl-main.264","2020.nlp4convai-1.5","0.384524"
"2020.nlp4convai-1.5","D19-3031","0.82619"
"D19-3031","2020.nlp4convai-1.5","0.82619"
"2020.nlp4convai-1.5","D19-5602","0.57619"
"D19-5602","2020.nlp4convai-1.5","0.57619"
"2020.nlp4convai-1.5","P19-1536","0.484524"
"P19-1536","2020.nlp4convai-1.5","0.484524"
"2020.nlp4convai-1.5","W19-4101","0.684524"
"W19-4101","2020.nlp4convai-1.5","0.684524"
"2021.naacl-main.264","D19-3031","0.342857"
"D19-3031","2021.naacl-main.264","0.342857"
"2021.naacl-main.264","D19-5602","0.342857"
"D19-5602","2021.naacl-main.264","0.342857"
"2021.naacl-main.264","P19-1536","0.309524"
"P19-1536","2021.naacl-main.264","0.309524"
"2021.naacl-main.264","W19-4101","0.309524"
"W19-4101","2021.naacl-main.264","0.309524"
"D19-3031","D19-5602","0.57619"
"D19-5602","D19-3031","0.57619"
"D19-3031","P19-1536","1.51905"
"P19-1536","D19-3031","1.51905"
"D19-3031","W19-4101","2.51905"
"W19-4101","D19-3031","2.51905"
"D19-5602","P19-1536","1.40952"
"P19-1536","D19-5602","1.40952"
"D19-5602","W19-4101","1.40952"
"W19-4101","D19-5602","1.40952"
"P19-1536","W19-4101","8.61905"
"W19-4101","P19-1536","8.61905"
"2020.acl-main.11","2020.emnlp-main.586","0.325"
"2020.emnlp-main.586","2020.acl-main.11","0.325"
"2020.acl-main.11","2021.emnlp-main.591","0.508333"
"2021.emnlp-main.591","2020.acl-main.11","0.508333"
"2020.acl-main.11","2021.emnlp-main.88","1.15"
"2021.emnlp-main.88","2020.acl-main.11","1.15"
"2020.emnlp-main.586","2020.findings-emnlp.196","0.325"
"2020.findings-emnlp.196","2020.emnlp-main.586","0.325"
"2020.emnlp-main.586","2021.emnlp-main.591","0.45"
"2021.emnlp-main.591","2020.emnlp-main.586","0.45"
"2020.emnlp-main.586","2021.emnlp-main.88","0.325"
"2021.emnlp-main.88","2020.emnlp-main.586","0.325"
"2020.emnlp-main.586","2021.naacl-main.264","0.290909"
"2021.naacl-main.264","2020.emnlp-main.586","0.290909"
"2020.findings-emnlp.196","2021.emnlp-main.591","0.958333"
"2021.emnlp-main.591","2020.findings-emnlp.196","0.958333"
"2020.findings-emnlp.196","2021.emnlp-main.88","2.66458"
"2021.emnlp-main.88","2020.findings-emnlp.196","2.66458"
"2021.emnlp-main.591","2021.emnlp-main.88","3.225"
"2021.emnlp-main.88","2021.emnlp-main.591","3.225"
"2021.emnlp-main.591","2021.naacl-main.264","0.775"
"2021.naacl-main.264","2021.emnlp-main.591","0.775"
"2021.emnlp-main.88","2021.naacl-main.264","1.475"
"2021.naacl-main.264","2021.emnlp-main.88","1.475"
"2020.acl-main.11","2020.cl-4.5","0.0416667"
"2020.cl-4.5","2020.acl-main.11","0.0416667"
"2020.acl-main.11","2020.coling-main.118","0.0416667"
"2020.coling-main.118","2020.acl-main.11","0.0416667"
"2020.acl-main.11","2020.coling-main.345","0.0416667"
"2020.coling-main.345","2020.acl-main.11","0.0416667"
"2020.acl-main.11","2020.coling-main.416","0.0416667"
"2020.coling-main.416","2020.acl-main.11","0.0416667"
"2020.acl-main.11","2020.coling-main.423","0.0416667"
"2020.coling-main.423","2020.acl-main.11","0.0416667"
"2020.acl-main.11","2020.emnlp-demos.7","0.0416667"
"2020.emnlp-demos.7","2020.acl-main.11","0.0416667"
"2020.acl-main.11","2020.emnlp-main.185","0.0416667"
"2020.emnlp-main.185","2020.acl-main.11","0.0416667"
"2020.acl-main.11","2020.emnlp-main.363","0.0416667"
"2020.emnlp-main.363","2020.acl-main.11","0.0416667"
"2020.acl-main.11","2020.emnlp-main.617","0.0416667"
"2020.emnlp-main.617","2020.acl-main.11","0.0416667"
"2020.acl-main.11","2020.semeval-1.3","0.0416667"
"2020.semeval-1.3","2020.acl-main.11","0.0416667"
"2020.acl-main.11","2021.acl-long.410","0.0416667"
"2021.acl-long.410","2020.acl-main.11","0.0416667"
"2020.acl-main.11","2021.conll-1.44","0.166667"
"2021.conll-1.44","2020.acl-main.11","0.166667"
"2020.acl-main.11","2021.eacl-main.270","0.166667"
"2021.eacl-main.270","2020.acl-main.11","0.166667"
"2020.acl-main.11","2021.emnlp-main.109","0.0416667"
"2021.emnlp-main.109","2020.acl-main.11","0.0416667"
"2020.acl-main.11","2021.emnlp-main.571","0.0416667"
"2021.emnlp-main.571","2020.acl-main.11","0.0416667"
"2020.acl-main.11","K19-1004","0.0416667"
"K19-1004","2020.acl-main.11","0.0416667"
"2020.acl-main.11","K19-1021","0.0416667"
"K19-1021","2020.acl-main.11","0.0416667"
"2020.cl-4.5","2020.coling-main.118","1.80733"
"2020.coling-main.118","2020.cl-4.5","1.80733"
"2020.cl-4.5","2020.coling-main.345","1.06944"
"2020.coling-main.345","2020.cl-4.5","1.06944"
"2020.cl-4.5","2020.coling-main.416","1.24369"
"2020.coling-main.416","2020.cl-4.5","1.24369"
"2020.cl-4.5","2020.coling-main.423","2.79329"
"2020.coling-main.423","2020.cl-4.5","2.79329"
"2020.cl-4.5","2020.emnlp-demos.7","0.556818"
"2020.emnlp-demos.7","2020.cl-4.5","0.556818"
"2020.cl-4.5","2020.emnlp-main.185","1.70126"
"2020.emnlp-main.185","2020.cl-4.5","1.70126"
"2020.cl-4.5","2020.emnlp-main.363","1.19557"
"2020.emnlp-main.363","2020.cl-4.5","1.19557"
"2020.cl-4.5","2020.emnlp-main.617","0.375"
"2020.emnlp-main.617","2020.cl-4.5","0.375"
"2020.cl-4.5","2020.findings-emnlp.196","0.0729167"
"2020.findings-emnlp.196","2020.cl-4.5","0.0729167"
"2020.cl-4.5","2020.nlp4convai-1.5","0.0416667"
"2020.nlp4convai-1.5","2020.cl-4.5","0.0416667"
"2020.cl-4.5","2020.semeval-1.3","1.10625"
"2020.semeval-1.3","2020.cl-4.5","1.10625"
"2020.cl-4.5","2021.acl-long.410","1.87816"
"2021.acl-long.410","2020.cl-4.5","1.87816"
"2020.cl-4.5","2021.conll-1.44","0.291667"
"2021.conll-1.44","2020.cl-4.5","0.291667"
"2020.cl-4.5","2021.eacl-main.270","0.977273"
"2021.eacl-main.270","2020.cl-4.5","0.977273"
"2020.cl-4.5","2021.emnlp-main.109","0.498611"
"2021.emnlp-main.109","2020.cl-4.5","0.498611"
"2020.cl-4.5","2021.emnlp-main.571","0.763763"
"2021.emnlp-main.571","2020.cl-4.5","0.763763"
"2020.cl-4.5","2021.emnlp-main.591","0.152778"
"2021.emnlp-main.591","2020.cl-4.5","0.152778"
"2020.cl-4.5","2021.emnlp-main.88","0.163826"
"2021.emnlp-main.88","2020.cl-4.5","0.163826"
"2020.cl-4.5","2021.naacl-main.264","0.132576"
"2021.naacl-main.264","2020.cl-4.5","0.132576"
"2020.cl-4.5","K19-1004","2.58565"
"K19-1004","2020.cl-4.5","2.58565"
"2020.cl-4.5","K19-1021","0.554894"
"K19-1021","2020.cl-4.5","0.554894"
"2020.cl-4.5","P19-1536","0.0729167"
"P19-1536","2020.cl-4.5","0.0729167"
"2020.cl-4.5","W19-4101","0.0416667"
"W19-4101","2020.cl-4.5","0.0416667"
"2020.coling-main.118","2020.coling-main.345","0.0416667"
"2020.coling-main.345","2020.coling-main.118","0.0416667"
"2020.coling-main.118","2020.coling-main.416","0.399242"
"2020.coling-main.416","2020.coling-main.118","0.399242"
"2020.coling-main.118","2020.coling-main.423","0.143287"
"2020.coling-main.423","2020.coling-main.118","0.143287"
"2020.coling-main.118","2020.emnlp-demos.7","3.42348"
"2020.emnlp-demos.7","2020.coling-main.118","3.42348"
"2020.coling-main.118","2020.emnlp-main.185","0.256818"
"2020.emnlp-main.185","2020.coling-main.118","0.256818"
"2020.coling-main.118","2020.emnlp-main.363","0.497159"
"2020.emnlp-main.363","2020.coling-main.118","0.497159"
"2020.coling-main.118","2020.emnlp-main.617","0.375"
"2020.emnlp-main.617","2020.coling-main.118","0.375"
"2020.coling-main.118","2020.findings-emnlp.196","0.0729167"
"2020.findings-emnlp.196","2020.coling-main.118","0.0729167"
"2020.coling-main.118","2020.nlp4convai-1.5","0.108333"
"2020.nlp4convai-1.5","2020.coling-main.118","0.108333"
"2020.coling-main.118","2020.semeval-1.3","0.172917"
"2020.semeval-1.3","2020.coling-main.118","0.172917"
"2020.coling-main.118","2021.acl-long.410","1.39142"
"2021.acl-long.410","2020.coling-main.118","1.39142"
"2020.coling-main.118","2021.conll-1.44","0.0416667"
"2021.conll-1.44","2020.coling-main.118","0.0416667"
"2020.coling-main.118","2021.eacl-main.270","0.790152"
"2021.eacl-main.270","2020.coling-main.118","0.790152"
"2020.coling-main.118","2021.emnlp-main.109","0.075"
"2021.emnlp-main.109","2020.coling-main.118","0.075"
"2020.coling-main.118","2021.emnlp-main.571","0.132576"
"2021.emnlp-main.571","2020.coling-main.118","0.132576"
"2020.coling-main.118","2021.emnlp-main.591","0.0416667"
"2021.emnlp-main.591","2020.coling-main.118","0.0416667"
"2020.coling-main.118","2021.emnlp-main.88","0.163826"
"2021.emnlp-main.88","2020.coling-main.118","0.163826"
"2020.coling-main.118","2021.naacl-main.264","0.132576"
"2021.naacl-main.264","2020.coling-main.118","0.132576"
"2020.coling-main.118","K19-1004","0.14537"
"K19-1004","2020.coling-main.118","0.14537"
"2020.coling-main.118","K19-1021","0.14537"
"K19-1021","2020.coling-main.118","0.14537"
"2020.coling-main.118","P19-1536","0.139583"
"P19-1536","2020.coling-main.118","0.139583"
"2020.coling-main.118","W19-4101","0.108333"
"W19-4101","2020.coling-main.118","0.108333"
"2020.coling-main.345","2020.coling-main.416","0.402778"
"2020.coling-main.416","2020.coling-main.345","0.402778"
"2020.coling-main.345","2020.coling-main.423","0.541667"
"2020.coling-main.423","2020.coling-main.345","0.541667"
"2020.coling-main.345","2020.emnlp-demos.7","0.0416667"
"2020.emnlp-demos.7","2020.coling-main.345","0.0416667"
"2020.coling-main.345","2020.emnlp-main.185","0.319444"
"2020.emnlp-main.185","2020.coling-main.345","0.319444"
"2020.coling-main.345","2020.emnlp-main.363","0.319444"
"2020.emnlp-main.363","2020.coling-main.345","0.319444"
"2020.coling-main.345","2020.emnlp-main.617","0.0416667"
"2020.emnlp-main.617","2020.coling-main.345","0.0416667"
"2020.coling-main.345","2020.findings-emnlp.196","0.0416667"
"2020.findings-emnlp.196","2020.coling-main.345","0.0416667"
"2020.coling-main.345","2020.nlp4convai-1.5","0.0416667"
"2020.nlp4convai-1.5","2020.coling-main.345","0.0416667"
"2020.coling-main.345","2020.semeval-1.3","0.0416667"
"2020.semeval-1.3","2020.coling-main.345","0.0416667"
"2020.coling-main.345","2021.acl-long.410","0.0416667"
"2021.acl-long.410","2020.coling-main.345","0.0416667"
"2020.coling-main.345","2021.conll-1.44","0.0416667"
"2021.conll-1.44","2020.coling-main.345","0.0416667"
"2020.coling-main.345","2021.eacl-main.270","0.375"
"2021.eacl-main.270","2020.coling-main.345","0.375"
"2020.coling-main.345","2021.emnlp-main.109","0.0416667"
"2021.emnlp-main.109","2020.coling-main.345","0.0416667"
"2020.coling-main.345","2021.emnlp-main.571","0.152778"
"2021.emnlp-main.571","2020.coling-main.345","0.152778"
"2020.coling-main.345","2021.emnlp-main.591","0.152778"
"2021.emnlp-main.591","2020.coling-main.345","0.152778"
"2020.coling-main.345","2021.emnlp-main.88","0.0416667"
"2021.emnlp-main.88","2020.coling-main.345","0.0416667"
"2020.coling-main.345","2021.naacl-main.264","0.0416667"
"2021.naacl-main.264","2020.coling-main.345","0.0416667"
"2020.coling-main.345","K19-1004","0.0416667"
"K19-1004","2020.coling-main.345","0.0416667"
"2020.coling-main.345","K19-1021","0.0416667"
"K19-1021","2020.coling-main.345","0.0416667"
"2020.coling-main.345","P19-1536","0.0416667"
"P19-1536","2020.coling-main.345","0.0416667"
"2020.coling-main.345","W19-4101","0.0416667"
"W19-4101","2020.coling-main.345","0.0416667"
"2020.coling-main.416","2020.coling-main.423","0.208333"
"2020.coling-main.423","2020.coling-main.416","0.208333"
"2020.coling-main.416","2020.emnlp-demos.7","0.532576"
"2020.emnlp-demos.7","2020.coling-main.416","0.532576"
"2020.coling-main.416","2020.emnlp-main.185","0.57702"
"2020.emnlp-main.185","2020.coling-main.416","0.57702"
"2020.coling-main.416","2020.emnlp-main.363","0.152778"
"2020.emnlp-main.363","2020.coling-main.416","0.152778"
"2020.coling-main.416","2020.emnlp-main.617","0.0416667"
"2020.emnlp-main.617","2020.coling-main.416","0.0416667"
"2020.coling-main.416","2020.findings-emnlp.196","0.0416667"
"2020.findings-emnlp.196","2020.coling-main.416","0.0416667"
"2020.coling-main.416","2020.nlp4convai-1.5","0.108333"
"2020.nlp4convai-1.5","2020.coling-main.416","0.108333"
"2020.coling-main.416","2020.semeval-1.3","0.108333"
"2020.semeval-1.3","2020.coling-main.416","0.108333"
"2020.coling-main.416","2021.acl-long.410","0.132576"
"2021.acl-long.410","2020.coling-main.416","0.132576"
"2020.coling-main.416","2021.conll-1.44","0.0416667"
"2021.conll-1.44","2020.coling-main.416","0.0416667"
"2020.coling-main.416","2021.eacl-main.270","0.449242"
"2021.eacl-main.270","2020.coling-main.416","0.449242"
"2020.coling-main.416","2021.emnlp-main.109","0.0416667"
"2021.emnlp-main.109","2020.coling-main.416","0.0416667"
"2020.coling-main.416","2021.emnlp-main.571","0.410354"
"2021.emnlp-main.571","2020.coling-main.416","0.410354"
"2020.coling-main.416","2021.emnlp-main.591","0.152778"
"2021.emnlp-main.591","2020.coling-main.416","0.152778"
"2020.coling-main.416","2021.emnlp-main.88","0.0416667"
"2021.emnlp-main.88","2020.coling-main.416","0.0416667"
"2020.coling-main.416","2021.naacl-main.264","0.132576"
"2021.naacl-main.264","2020.coling-main.416","0.132576"
"2020.coling-main.416","K19-1004","0.108333"
"K19-1004","2020.coling-main.416","0.108333"
"2020.coling-main.416","K19-1021","0.641667"
"K19-1021","2020.coling-main.416","0.641667"
"2020.coling-main.416","P19-1536","0.308333"
"P19-1536","2020.coling-main.416","0.308333"
"2020.coling-main.416","W19-4101","0.308333"
"W19-4101","2020.coling-main.416","0.308333"
"2020.coling-main.423","2020.emnlp-demos.7","0.0416667"
"2020.emnlp-demos.7","2020.coling-main.423","0.0416667"
"2020.coling-main.423","2020.emnlp-main.185","0.741667"
"2020.emnlp-main.185","2020.coling-main.423","0.741667"
"2020.coling-main.423","2020.emnlp-main.363","0.822917"
"2020.emnlp-main.363","2020.coling-main.423","0.822917"
"2020.coling-main.423","2020.emnlp-main.617","0.0416667"
"2020.emnlp-main.617","2020.coling-main.423","0.0416667"
"2020.coling-main.423","2020.findings-emnlp.196","0.0729167"
"2020.findings-emnlp.196","2020.coling-main.423","0.0729167"
"2020.coling-main.423","2020.nlp4convai-1.5","0.0416667"
"2020.nlp4convai-1.5","2020.coling-main.423","0.0416667"
"2020.coling-main.423","2020.semeval-1.3","0.272917"
"2020.semeval-1.3","2020.coling-main.423","0.272917"
"2020.coling-main.423","2021.acl-long.410","0.902111"
"2021.acl-long.410","2020.coling-main.423","0.902111"
"2020.coling-main.423","2021.conll-1.44","0.0416667"
"2021.conll-1.44","2020.coling-main.423","0.0416667"
"2020.coling-main.423","2021.eacl-main.270","0.291667"
"2021.eacl-main.270","2020.coling-main.423","0.291667"
"2020.coling-main.423","2021.emnlp-main.109","0.241667"
"2021.emnlp-main.109","2020.coling-main.423","0.241667"
"2020.coling-main.423","2021.emnlp-main.571","0.575"
"2021.emnlp-main.571","2020.coling-main.423","0.575"
"2020.coling-main.423","2021.emnlp-main.591","0.0416667"
"2021.emnlp-main.591","2020.coling-main.423","0.0416667"
"2020.coling-main.423","2021.emnlp-main.88","0.0729167"
"2021.emnlp-main.88","2020.coling-main.423","0.0729167"
"2020.coling-main.423","2021.naacl-main.264","0.0416667"
"2021.naacl-main.264","2020.coling-main.423","0.0416667"
"2020.coling-main.423","K19-1004","0.24537"
"K19-1004","2020.coling-main.423","0.24537"
"2020.coling-main.423","K19-1021","0.0787037"
"K19-1021","2020.coling-main.423","0.0787037"
"2020.coling-main.423","P19-1536","0.0729167"
"P19-1536","2020.coling-main.423","0.0729167"
"2020.coling-main.423","W19-4101","0.0416667"
"W19-4101","2020.coling-main.423","0.0416667"
"2020.emnlp-demos.7","2020.emnlp-main.185","0.556818"
"2020.emnlp-main.185","2020.emnlp-demos.7","0.556818"
"2020.emnlp-demos.7","2020.emnlp-main.363","1.13258"
"2020.emnlp-main.363","2020.emnlp-demos.7","1.13258"
"2020.emnlp-demos.7","2020.emnlp-main.617","0.708333"
"2020.emnlp-main.617","2020.emnlp-demos.7","0.708333"
"2020.emnlp-demos.7","2020.findings-emnlp.196","0.375"
"2020.findings-emnlp.196","2020.emnlp-demos.7","0.375"
"2020.emnlp-demos.7","2020.nlp4convai-1.5","1.70833"
"2020.nlp4convai-1.5","2020.emnlp-demos.7","1.70833"
"2020.emnlp-demos.7","2020.semeval-1.3","0.0416667"
"2020.semeval-1.3","2020.emnlp-demos.7","0.0416667"
"2020.emnlp-demos.7","2021.acl-long.410","0.132576"
"2021.acl-long.410","2020.emnlp-demos.7","0.132576"
"2020.emnlp-demos.7","2021.conll-1.44","0.0416667"
"2021.conll-1.44","2020.emnlp-demos.7","0.0416667"
"2020.emnlp-demos.7","2021.eacl-main.270","1.05682"
"2021.eacl-main.270","2020.emnlp-demos.7","1.05682"
"2020.emnlp-demos.7","2021.emnlp-main.109","0.0416667"
"2021.emnlp-main.109","2020.emnlp-demos.7","0.0416667"
"2020.emnlp-demos.7","2021.emnlp-main.571","0.132576"
"2021.emnlp-main.571","2020.emnlp-demos.7","0.132576"
"2020.emnlp-demos.7","2021.emnlp-main.591","0.375"
"2021.emnlp-main.591","2020.emnlp-demos.7","0.375"
"2020.emnlp-demos.7","2021.emnlp-main.88","1.13258"
"2021.emnlp-main.88","2020.emnlp-demos.7","1.13258"
"2020.emnlp-demos.7","2021.naacl-main.264","0.132576"
"2021.naacl-main.264","2020.emnlp-demos.7","0.132576"
"2020.emnlp-demos.7","K19-1004","0.0416667"
"K19-1004","2020.emnlp-demos.7","0.0416667"
"2020.emnlp-demos.7","K19-1021","0.0416667"
"K19-1021","2020.emnlp-demos.7","0.0416667"
"2020.emnlp-demos.7","P19-1536","0.241667"
"P19-1536","2020.emnlp-demos.7","0.241667"
"2020.emnlp-demos.7","W19-4101","0.241667"
"W19-4101","2020.emnlp-demos.7","0.241667"
"2020.emnlp-main.185","2020.emnlp-main.363","1.41035"
"2020.emnlp-main.363","2020.emnlp-main.185","1.41035"
"2020.emnlp-main.185","2020.emnlp-main.617","0.541667"
"2020.emnlp-main.617","2020.emnlp-main.185","0.541667"
"2020.emnlp-main.185","2020.findings-emnlp.196","0.0416667"
"2020.findings-emnlp.196","2020.emnlp-main.185","0.0416667"
"2020.emnlp-main.185","2020.nlp4convai-1.5","0.375"
"2020.nlp4convai-1.5","2020.emnlp-main.185","0.375"
"2020.emnlp-main.185","2020.semeval-1.3","0.241667"
"2020.semeval-1.3","2020.emnlp-main.185","0.241667"
"2020.emnlp-main.185","2021.acl-long.410","0.457576"
"2021.acl-long.410","2020.emnlp-main.185","0.457576"
"2020.emnlp-main.185","2021.conll-1.44","0.0416667"
"2021.conll-1.44","2020.emnlp-main.185","0.0416667"
"2020.emnlp-main.185","2021.eacl-main.270","1.68182"
"2021.eacl-main.270","2020.emnlp-main.185","1.68182"
"2020.emnlp-main.185","2021.emnlp-main.109","0.241667"
"2021.emnlp-main.109","2020.emnlp-main.185","0.241667"
"2020.emnlp-main.185","2021.emnlp-main.571","0.410354"
"2021.emnlp-main.571","2020.emnlp-main.185","0.410354"
"2020.emnlp-main.185","2021.emnlp-main.591","0.986111"
"2021.emnlp-main.591","2020.emnlp-main.185","0.986111"
"2020.emnlp-main.185","2021.emnlp-main.88","0.632576"
"2021.emnlp-main.88","2020.emnlp-main.185","0.632576"
"2020.emnlp-main.185","2021.naacl-main.264","0.132576"
"2021.naacl-main.264","2020.emnlp-main.185","0.132576"
"2020.emnlp-main.185","K19-1004","0.0416667"
"K19-1004","2020.emnlp-main.185","0.0416667"
"2020.emnlp-main.185","K19-1021","0.184524"
"K19-1021","2020.emnlp-main.185","0.184524"
"2020.emnlp-main.185","P19-1536","0.0416667"
"P19-1536","2020.emnlp-main.185","0.0416667"
"2020.emnlp-main.185","W19-4101","0.0416667"
"W19-4101","2020.emnlp-main.185","0.0416667"
"2020.emnlp-main.363","2020.emnlp-main.617","0.375"
"2020.emnlp-main.617","2020.emnlp-main.363","0.375"
"2020.emnlp-main.363","2020.findings-emnlp.196","0.40625"
"2020.findings-emnlp.196","2020.emnlp-main.363","0.40625"
"2020.emnlp-main.363","2020.nlp4convai-1.5","0.375"
"2020.nlp4convai-1.5","2020.emnlp-main.363","0.375"
"2020.emnlp-main.363","2020.semeval-1.3","0.0729167"
"2020.semeval-1.3","2020.emnlp-main.363","0.0729167"
"2020.emnlp-main.363","2021.acl-long.410","0.0729167"
"2021.acl-long.410","2020.emnlp-main.363","0.0729167"
"2020.emnlp-main.363","2021.conll-1.44","0.0416667"
"2021.conll-1.44","2020.emnlp-main.363","0.0416667"
"2020.emnlp-main.363","2021.eacl-main.270","0.715909"
"2021.eacl-main.270","2020.emnlp-main.363","0.715909"
"2020.emnlp-main.363","2021.emnlp-main.109","0.0416667"
"2021.emnlp-main.109","2020.emnlp-main.363","0.0416667"
"2020.emnlp-main.363","2021.emnlp-main.571","1.15278"
"2021.emnlp-main.571","2020.emnlp-main.363","1.15278"
"2020.emnlp-main.363","2021.emnlp-main.591","0.152778"
"2021.emnlp-main.591","2020.emnlp-main.363","0.152778"
"2020.emnlp-main.363","2021.emnlp-main.88","1.16383"
"2021.emnlp-main.88","2020.emnlp-main.363","1.16383"
"2020.emnlp-main.363","2021.naacl-main.264","0.0416667"
"2021.naacl-main.264","2020.emnlp-main.363","0.0416667"
"2020.emnlp-main.363","K19-1004","0.152778"
"K19-1004","2020.emnlp-main.363","0.152778"
"2020.emnlp-main.363","K19-1021","0.0416667"
"K19-1021","2020.emnlp-main.363","0.0416667"
"2020.emnlp-main.363","P19-1536","0.0729167"
"P19-1536","2020.emnlp-main.363","0.0729167"
"2020.emnlp-main.363","W19-4101","0.0416667"
"W19-4101","2020.emnlp-main.363","0.0416667"
"2020.emnlp-main.617","2020.findings-emnlp.196","0.291667"
"2020.findings-emnlp.196","2020.emnlp-main.617","0.291667"
"2020.emnlp-main.617","2020.nlp4convai-1.5","0.291667"
"2020.nlp4convai-1.5","2020.emnlp-main.617","0.291667"
"2020.emnlp-main.617","2020.semeval-1.3","0.0416667"
"2020.semeval-1.3","2020.emnlp-main.617","0.0416667"
"2020.emnlp-main.617","2021.acl-long.410","0.0416667"
"2021.acl-long.410","2020.emnlp-main.617","0.0416667"
"2020.emnlp-main.617","2021.conll-1.44","0.0416667"
"2021.conll-1.44","2020.emnlp-main.617","0.0416667"
"2020.emnlp-main.617","2021.eacl-main.270","0.541667"
"2021.eacl-main.270","2020.emnlp-main.617","0.541667"
"2020.emnlp-main.617","2021.emnlp-main.109","0.0416667"
"2021.emnlp-main.109","2020.emnlp-main.617","0.0416667"
"2020.emnlp-main.617","2021.emnlp-main.571","0.0416667"
"2021.emnlp-main.571","2020.emnlp-main.617","0.0416667"
"2020.emnlp-main.617","2021.emnlp-main.591","0.291667"
"2021.emnlp-main.591","2020.emnlp-main.617","0.291667"
"2020.emnlp-main.617","2021.emnlp-main.88","0.291667"
"2021.emnlp-main.88","2020.emnlp-main.617","0.291667"
"2020.emnlp-main.617","2021.naacl-main.264","0.0416667"
"2021.naacl-main.264","2020.emnlp-main.617","0.0416667"
"2020.emnlp-main.617","K19-1004","0.0416667"
"K19-1004","2020.emnlp-main.617","0.0416667"
"2020.emnlp-main.617","K19-1021","0.0416667"
"K19-1021","2020.emnlp-main.617","0.0416667"
"2020.emnlp-main.617","P19-1536","0.0416667"
"P19-1536","2020.emnlp-main.617","0.0416667"
"2020.emnlp-main.617","W19-4101","0.0416667"
"W19-4101","2020.emnlp-main.617","0.0416667"
"2020.findings-emnlp.196","2020.semeval-1.3","0.0729167"
"2020.semeval-1.3","2020.findings-emnlp.196","0.0729167"
"2020.findings-emnlp.196","2021.acl-long.410","0.272917"
"2021.acl-long.410","2020.findings-emnlp.196","0.272917"
"2020.findings-emnlp.196","2021.conll-1.44","0.166667"
"2021.conll-1.44","2020.findings-emnlp.196","0.166667"
"2020.findings-emnlp.196","2021.eacl-main.270","0.166667"
"2021.eacl-main.270","2020.findings-emnlp.196","0.166667"
"2020.findings-emnlp.196","2021.emnlp-main.109","0.241667"
"2021.emnlp-main.109","2020.findings-emnlp.196","0.241667"
"2020.findings-emnlp.196","2021.emnlp-main.571","0.0416667"
"2021.emnlp-main.571","2020.findings-emnlp.196","0.0416667"
"2020.findings-emnlp.196","K19-1004","0.0416667"
"K19-1004","2020.findings-emnlp.196","0.0416667"
"2020.findings-emnlp.196","K19-1021","0.0416667"
"K19-1021","2020.findings-emnlp.196","0.0416667"
"2020.nlp4convai-1.5","2020.semeval-1.3","0.108333"
"2020.semeval-1.3","2020.nlp4convai-1.5","0.108333"
"2020.nlp4convai-1.5","2021.acl-long.410","0.0416667"
"2021.acl-long.410","2020.nlp4convai-1.5","0.0416667"
"2020.nlp4convai-1.5","2021.conll-1.44","0.166667"
"2021.conll-1.44","2020.nlp4convai-1.5","0.166667"
"2020.nlp4convai-1.5","2021.eacl-main.270","0.233333"
"2021.eacl-main.270","2020.nlp4convai-1.5","0.233333"
"2020.nlp4convai-1.5","2021.emnlp-main.109","0.0416667"
"2021.emnlp-main.109","2020.nlp4convai-1.5","0.0416667"
"2020.nlp4convai-1.5","2021.emnlp-main.571","0.0416667"
"2021.emnlp-main.571","2020.nlp4convai-1.5","0.0416667"
"2020.nlp4convai-1.5","2021.emnlp-main.591","1.39167"
"2021.emnlp-main.591","2020.nlp4convai-1.5","1.39167"
"2020.nlp4convai-1.5","2021.emnlp-main.88","1.9"
"2021.emnlp-main.88","2020.nlp4convai-1.5","1.9"
"2020.nlp4convai-1.5","K19-1004","0.108333"
"K19-1004","2020.nlp4convai-1.5","0.108333"
"2020.nlp4convai-1.5","K19-1021","0.108333"
"K19-1021","2020.nlp4convai-1.5","0.108333"
"2020.semeval-1.3","2021.acl-long.410","0.272917"
"2021.acl-long.410","2020.semeval-1.3","0.272917"
"2020.semeval-1.3","2021.conll-1.44","2.54167"
"2021.conll-1.44","2020.semeval-1.3","2.54167"
"2020.semeval-1.3","2021.eacl-main.270","0.108333"
"2021.eacl-main.270","2020.semeval-1.3","0.108333"
"2020.semeval-1.3","2021.emnlp-main.109","0.241667"
"2021.emnlp-main.109","2020.semeval-1.3","0.241667"
"2020.semeval-1.3","2021.emnlp-main.571","0.708333"
"2021.emnlp-main.571","2020.semeval-1.3","0.708333"
"2020.semeval-1.3","2021.emnlp-main.591","0.0416667"
"2021.emnlp-main.591","2020.semeval-1.3","0.0416667"
"2020.semeval-1.3","2021.emnlp-main.88","0.0729167"
"2021.emnlp-main.88","2020.semeval-1.3","0.0729167"
"2020.semeval-1.3","2021.naacl-main.264","0.0416667"
"2021.naacl-main.264","2020.semeval-1.3","0.0416667"
"2020.semeval-1.3","K19-1004","0.608333"
"K19-1004","2020.semeval-1.3","0.608333"
"2020.semeval-1.3","K19-1021","1.10833"
"K19-1021","2020.semeval-1.3","1.10833"
"2020.semeval-1.3","P19-1536","0.139583"
"P19-1536","2020.semeval-1.3","0.139583"
"2020.semeval-1.3","W19-4101","0.108333"
"W19-4101","2020.semeval-1.3","0.108333"
"2021.acl-long.410","2021.conll-1.44","1.29167"
"2021.conll-1.44","2021.acl-long.410","1.29167"
"2021.acl-long.410","2021.eacl-main.270","0.132576"
"2021.eacl-main.270","2021.acl-long.410","0.132576"
"2021.acl-long.410","2021.emnlp-main.109","0.920833"
"2021.emnlp-main.109","2021.acl-long.410","0.920833"
"2021.acl-long.410","2021.emnlp-main.571","0.652651"
"2021.emnlp-main.571","2021.acl-long.410","0.652651"
"2021.acl-long.410","2021.emnlp-main.591","1.075"
"2021.emnlp-main.591","2021.acl-long.410","1.075"
"2021.acl-long.410","2021.emnlp-main.88","1.60625"
"2021.emnlp-main.88","2021.acl-long.410","1.60625"
"2021.acl-long.410","2021.naacl-main.264","0.665909"
"2021.naacl-main.264","2021.acl-long.410","0.665909"
"2021.acl-long.410","K19-1004","0.474537"
"K19-1004","2021.acl-long.410","0.474537"
"2021.acl-long.410","K19-1021","0.0787037"
"K19-1021","2021.acl-long.410","0.0787037"
"2021.acl-long.410","P19-1536","0.144345"
"P19-1536","2021.acl-long.410","0.144345"
"2021.acl-long.410","W19-4101","0.0416667"
"W19-4101","2021.acl-long.410","0.0416667"
"2021.conll-1.44","2021.eacl-main.270","0.166667"
"2021.eacl-main.270","2021.conll-1.44","0.166667"
"2021.conll-1.44","2021.emnlp-main.109","2.125"
"2021.emnlp-main.109","2021.conll-1.44","2.125"
"2021.conll-1.44","2021.emnlp-main.571","2.54167"
"2021.emnlp-main.571","2021.conll-1.44","2.54167"
"2021.conll-1.44","2021.emnlp-main.591","0.541667"
"2021.emnlp-main.591","2021.conll-1.44","0.541667"
"2021.conll-1.44","2021.emnlp-main.88","2"
"2021.emnlp-main.88","2021.conll-1.44","2"
"2021.conll-1.44","2021.naacl-main.264","0.0416667"
"2021.naacl-main.264","2021.conll-1.44","0.0416667"
"2021.conll-1.44","K19-1004","0.0416667"
"K19-1004","2021.conll-1.44","0.0416667"
"2021.conll-1.44","K19-1021","0.0416667"
"K19-1021","2021.conll-1.44","0.0416667"
"2021.conll-1.44","P19-1536","0.0416667"
"P19-1536","2021.conll-1.44","0.0416667"
"2021.conll-1.44","W19-4101","0.0416667"
"W19-4101","2021.conll-1.44","0.0416667"
"2021.eacl-main.270","2021.emnlp-main.109","0.0416667"
"2021.emnlp-main.109","2021.eacl-main.270","0.0416667"
"2021.eacl-main.270","2021.emnlp-main.571","0.382576"
"2021.emnlp-main.571","2021.eacl-main.270","0.382576"
"2021.eacl-main.270","2021.emnlp-main.591","0.291667"
"2021.emnlp-main.591","2021.eacl-main.270","0.291667"
"2021.eacl-main.270","2021.emnlp-main.88","0.257576"
"2021.emnlp-main.88","2021.eacl-main.270","0.257576"
"2021.eacl-main.270","2021.naacl-main.264","0.132576"
"2021.naacl-main.264","2021.eacl-main.270","0.132576"
"2021.eacl-main.270","K19-1004","0.108333"
"K19-1004","2021.eacl-main.270","0.108333"
"2021.eacl-main.270","K19-1021","0.108333"
"K19-1021","2021.eacl-main.270","0.108333"
"2021.eacl-main.270","P19-1536","0.108333"
"P19-1536","2021.eacl-main.270","0.108333"
"2021.eacl-main.270","W19-4101","0.108333"
"W19-4101","2021.eacl-main.270","0.108333"
"2021.emnlp-main.109","2021.emnlp-main.571","0.270833"
"2021.emnlp-main.571","2021.emnlp-main.109","0.270833"
"2021.emnlp-main.109","2021.emnlp-main.591","0.241667"
"2021.emnlp-main.591","2021.emnlp-main.109","0.241667"
"2021.emnlp-main.109","2021.emnlp-main.88","1.575"
"2021.emnlp-main.88","2021.emnlp-main.109","1.575"
"2021.emnlp-main.109","2021.naacl-main.264","0.241667"
"2021.naacl-main.264","2021.emnlp-main.109","0.241667"
"2021.emnlp-main.109","K19-1004","0.104167"
"K19-1004","2021.emnlp-main.109","0.104167"
"2021.emnlp-main.109","K19-1021","0.0416667"
"K19-1021","2021.emnlp-main.109","0.0416667"
"2021.emnlp-main.109","P19-1536","1.375"
"P19-1536","2021.emnlp-main.109","1.375"
"2021.emnlp-main.109","W19-4101","0.0416667"
"W19-4101","2021.emnlp-main.109","0.0416667"
"2021.emnlp-main.571","2021.emnlp-main.591","0.402778"
"2021.emnlp-main.591","2021.emnlp-main.571","0.402778"
"2021.emnlp-main.571","2021.emnlp-main.88","0.0416667"
"2021.emnlp-main.88","2021.emnlp-main.571","0.0416667"
"2021.emnlp-main.571","2021.naacl-main.264","0.132576"
"2021.naacl-main.264","2021.emnlp-main.571","0.132576"
"2021.emnlp-main.571","K19-1004","1.10417"
"K19-1004","2021.emnlp-main.571","1.10417"
"2021.emnlp-main.571","K19-1021","0.0416667"
"K19-1021","2021.emnlp-main.571","0.0416667"
"2021.emnlp-main.571","P19-1536","0.0416667"
"P19-1536","2021.emnlp-main.571","0.0416667"
"2021.emnlp-main.571","W19-4101","0.0416667"
"W19-4101","2021.emnlp-main.571","0.0416667"
"2021.emnlp-main.591","K19-1004","0.0416667"
"K19-1004","2021.emnlp-main.591","0.0416667"
"2021.emnlp-main.591","K19-1021","0.0416667"
"K19-1021","2021.emnlp-main.591","0.0416667"
"2021.emnlp-main.591","P19-1536","1.10833"
"P19-1536","2021.emnlp-main.591","1.10833"
"2021.emnlp-main.591","W19-4101","0.308333"
"W19-4101","2021.emnlp-main.591","0.308333"
"2021.emnlp-main.88","K19-1004","0.0416667"
"K19-1004","2021.emnlp-main.88","0.0416667"
"2021.emnlp-main.88","K19-1021","0.0416667"
"K19-1021","2021.emnlp-main.88","0.0416667"
"2021.emnlp-main.88","P19-1536","0.40625"
"P19-1536","2021.emnlp-main.88","0.40625"
"2021.emnlp-main.88","W19-4101","0.575"
"W19-4101","2021.emnlp-main.88","0.575"
"2021.naacl-main.264","K19-1004","0.0416667"
"K19-1004","2021.naacl-main.264","0.0416667"
"2021.naacl-main.264","K19-1021","0.0416667"
"K19-1021","2021.naacl-main.264","0.0416667"
"K19-1004","K19-1021","0.14537"
"K19-1021","K19-1004","0.14537"
"K19-1004","P19-1536","0.108333"
"P19-1536","K19-1004","0.108333"
"K19-1004","W19-4101","0.108333"
"W19-4101","K19-1004","0.108333"
"K19-1021","P19-1536","0.108333"
"P19-1536","K19-1021","0.108333"
"K19-1021","W19-4101","0.108333"
"W19-4101","K19-1021","0.108333"
"2021.emnlp-main.88","D19-3031","0.45"
"D19-3031","2021.emnlp-main.88","0.45"
"2020.acl-main.11","2021.acl-short.72","0.125"
"2021.acl-short.72","2020.acl-main.11","0.125"
"2020.acl-main.11","2021.findings-acl.431","0.125"
"2021.findings-acl.431","2020.acl-main.11","0.125"
"2020.emnlp-main.586","2020.nlp4convai-1.5","0.191667"
"2020.nlp4convai-1.5","2020.emnlp-main.586","0.191667"
"2020.emnlp-main.586","2021.acl-short.72","0.125"
"2021.acl-short.72","2020.emnlp-main.586","0.125"
"2020.emnlp-main.586","2021.conll-1.44","0.375"
"2021.conll-1.44","2020.emnlp-main.586","0.375"
"2020.emnlp-main.586","2021.eacl-main.270","3.53258"
"2021.eacl-main.270","2020.emnlp-main.586","3.53258"
"2020.emnlp-main.586","2021.findings-acl.431","0.125"
"2021.findings-acl.431","2020.emnlp-main.586","0.125"
"2020.findings-emnlp.196","2021.acl-short.72","0.125"
"2021.acl-short.72","2020.findings-emnlp.196","0.125"
"2020.findings-emnlp.196","2021.findings-acl.431","0.125"
"2021.findings-acl.431","2020.findings-emnlp.196","0.125"
"2020.nlp4convai-1.5","2021.acl-short.72","0.125"
"2021.acl-short.72","2020.nlp4convai-1.5","0.125"
"2020.nlp4convai-1.5","2021.findings-acl.431","0.125"
"2021.findings-acl.431","2020.nlp4convai-1.5","0.125"
"2021.acl-short.72","2021.conll-1.44","1.625"
"2021.conll-1.44","2021.acl-short.72","1.625"
"2021.acl-short.72","2021.eacl-main.270","0.125"
"2021.eacl-main.270","2021.acl-short.72","0.125"
"2021.acl-short.72","2021.emnlp-main.88","1.125"
"2021.emnlp-main.88","2021.acl-short.72","1.125"
"2021.acl-short.72","2021.findings-acl.431","0.125"
"2021.findings-acl.431","2021.acl-short.72","0.125"
"2021.conll-1.44","2021.findings-acl.431","0.125"
"2021.findings-acl.431","2021.conll-1.44","0.125"
"2021.eacl-main.270","2021.findings-acl.431","2.125"
"2021.findings-acl.431","2021.eacl-main.270","2.125"
"2021.emnlp-main.88","2021.findings-acl.431","0.125"
"2021.findings-acl.431","2021.emnlp-main.88","0.125"
"2020.acl-main.11","D18-1026","0.0666667"
"D18-1026","2020.acl-main.11","0.0666667"
"2020.acl-main.11","D19-1226","0.0666667"
"D19-1226","2020.acl-main.11","0.0666667"
"2020.acl-main.11","N18-1048","0.0666667"
"N18-1048","2020.acl-main.11","0.0666667"
"2020.acl-main.11","N18-6006","0.0666667"
"N18-6006","2020.acl-main.11","0.0666667"
"2020.acl-main.11","P17-1006","0.0666667"
"P17-1006","2020.acl-main.11","0.0666667"
"2020.acl-main.11","P18-1004","0.0666667"
"P18-1004","2020.acl-main.11","0.0666667"
"2020.acl-main.11","P18-2018","0.0666667"
"P18-2018","2020.acl-main.11","0.0666667"
"2020.acl-main.11","Q17-1022","0.0666667"
"Q17-1022","2020.acl-main.11","0.0666667"
"2020.findings-emnlp.196","D18-1026","0.222917"
"D18-1026","2020.findings-emnlp.196","0.222917"
"2020.findings-emnlp.196","D19-1226","0.0979167"
"D19-1226","2020.findings-emnlp.196","0.0979167"
"2020.findings-emnlp.196","N18-1048","0.365774"
"N18-1048","2020.findings-emnlp.196","0.365774"
"2020.findings-emnlp.196","N18-6006","0.240774"
"N18-6006","2020.findings-emnlp.196","0.240774"
"2020.findings-emnlp.196","P17-1006","0.365774"
"P17-1006","2020.findings-emnlp.196","0.365774"
"2020.findings-emnlp.196","P18-1004","0.222917"
"P18-1004","2020.findings-emnlp.196","0.222917"
"2020.findings-emnlp.196","P18-2018","0.0979167"
"P18-2018","2020.findings-emnlp.196","0.0979167"
"2020.findings-emnlp.196","Q17-1022","0.334524"
"Q17-1022","2020.findings-emnlp.196","0.334524"
"2020.nlp4convai-1.5","D18-1026","0.0666667"
"D18-1026","2020.nlp4convai-1.5","0.0666667"
"2020.nlp4convai-1.5","D19-1226","0.133333"
"D19-1226","2020.nlp4convai-1.5","0.133333"
"2020.nlp4convai-1.5","N18-1048","0.0666667"
"N18-1048","2020.nlp4convai-1.5","0.0666667"
"2020.nlp4convai-1.5","N18-6006","0.0666667"
"N18-6006","2020.nlp4convai-1.5","0.0666667"
"2020.nlp4convai-1.5","P17-1006","0.0666667"
"P17-1006","2020.nlp4convai-1.5","0.0666667"
"2020.nlp4convai-1.5","P18-1004","0.0666667"
"P18-1004","2020.nlp4convai-1.5","0.0666667"
"2020.nlp4convai-1.5","P18-2018","0.0666667"
"P18-2018","2020.nlp4convai-1.5","0.0666667"
"2020.nlp4convai-1.5","Q17-1022","0.0666667"
"Q17-1022","2020.nlp4convai-1.5","0.0666667"
"2021.emnlp-main.591","D18-1026","0.0666667"
"D18-1026","2021.emnlp-main.591","0.0666667"
"2021.emnlp-main.591","D19-1226","0.177778"
"D19-1226","2021.emnlp-main.591","0.177778"
"2021.emnlp-main.591","D19-3031","0.0666667"
"D19-3031","2021.emnlp-main.591","0.0666667"
"2021.emnlp-main.591","D19-5602","0.0666667"
"D19-5602","2021.emnlp-main.591","0.0666667"
"2021.emnlp-main.591","N18-1048","0.0666667"
"N18-1048","2021.emnlp-main.591","0.0666667"
"2021.emnlp-main.591","N18-6006","0.0666667"
"N18-6006","2021.emnlp-main.591","0.0666667"
"2021.emnlp-main.591","P17-1006","0.0666667"
"P17-1006","2021.emnlp-main.591","0.0666667"
"2021.emnlp-main.591","P18-1004","0.0666667"
"P18-1004","2021.emnlp-main.591","0.0666667"
"2021.emnlp-main.591","P18-2018","0.0666667"
"P18-2018","2021.emnlp-main.591","0.0666667"
"2021.emnlp-main.591","Q17-1022","0.0666667"
"Q17-1022","2021.emnlp-main.591","0.0666667"
"D18-1026","D19-1226","1.76079"
"D19-1226","D18-1026","1.76079"
"D18-1026","D19-3031","0.0666667"
"D19-3031","D18-1026","0.0666667"
"D18-1026","D19-5602","0.0666667"
"D19-5602","D18-1026","0.0666667"
"D18-1026","N18-1048","3.03653"
"N18-1048","D18-1026","3.03653"
"D18-1026","N18-6006","0.252679"
"N18-6006","D18-1026","0.252679"
"D18-1026","P17-1006","2.16565"
"P17-1006","D18-1026","2.16565"
"D18-1026","P18-1004","2.72939"
"P18-1004","D18-1026","2.72939"
"D18-1026","P18-2018","0.377679"
"P18-2018","D18-1026","0.377679"
"D18-1026","P19-1536","0.294345"
"P19-1536","D18-1026","0.294345"
"D18-1026","Q17-1022","1.97665"
"Q17-1022","D18-1026","1.97665"
"D18-1026","W19-4101","0.191667"
"W19-4101","D18-1026","0.191667"
"D19-1226","D19-3031","0.0666667"
"D19-3031","D19-1226","0.0666667"
"D19-1226","D19-5602","0.0666667"
"D19-5602","D19-1226","0.0666667"
"D19-1226","N18-1048","1.73579"
"N18-1048","D19-1226","1.73579"
"D19-1226","N18-6006","0.352679"
"N18-6006","D19-1226","0.352679"
"D19-1226","P17-1006","0.764914"
"P17-1006","D19-1226","0.764914"
"D19-1226","P18-1004","1.98579"
"P18-1004","D19-1226","1.98579"
"D19-1226","P18-2018","0.477679"
"P18-2018","D19-1226","0.477679"
"D19-1226","P19-1536","0.736012"
"P19-1536","D19-1226","0.736012"
"D19-1226","Q17-1022","1.17457"
"Q17-1022","D19-1226","1.17457"
"D19-1226","W19-4101","0.633333"
"W19-4101","D19-1226","0.633333"
"D19-3031","N18-1048","0.209524"
"N18-1048","D19-3031","0.209524"
"D19-3031","N18-6006","0.37619"
"N18-6006","D19-3031","0.37619"
"D19-3031","P17-1006","0.37619"
"P17-1006","D19-3031","0.37619"
"D19-3031","P18-1004","0.0666667"
"P18-1004","D19-3031","0.0666667"
"D19-3031","P18-2018","0.233333"
"P18-2018","D19-3031","0.233333"
"D19-3031","Q17-1022","0.37619"
"Q17-1022","D19-3031","0.37619"
"D19-5602","N18-1048","0.0666667"
"N18-1048","D19-5602","0.0666667"
"D19-5602","N18-6006","1.4"
"N18-6006","D19-5602","1.4"
"D19-5602","P17-1006","0.0666667"
"P17-1006","D19-5602","0.0666667"
"D19-5602","P18-1004","0.0666667"
"P18-1004","D19-5602","0.0666667"
"D19-5602","P18-2018","0.0666667"
"P18-2018","D19-5602","0.0666667"
"D19-5602","Q17-1022","0.0666667"
"Q17-1022","D19-5602","0.0666667"
"N18-1048","N18-6006","0.395536"
"N18-6006","N18-1048","0.395536"
"N18-1048","P17-1006","2.43351"
"P17-1006","N18-1048","2.43351"
"N18-1048","P18-1004","3.0655"
"P18-1004","N18-1048","3.0655"
"N18-1048","P18-2018","0.520536"
"P18-2018","N18-1048","0.520536"
"N18-1048","P19-1536","0.437202"
"P19-1536","N18-1048","0.437202"
"N18-1048","Q17-1022","2.1334"
"Q17-1022","N18-1048","2.1334"
"N18-1048","W19-4101","0.334524"
"W19-4101","N18-1048","0.334524"
"N18-6006","P17-1006","2.47887"
"P17-1006","N18-6006","2.47887"
"N18-6006","P18-1004","0.252679"
"P18-1004","N18-6006","0.252679"
"N18-6006","P18-2018","2.51935"
"P18-2018","N18-6006","2.51935"
"N18-6006","P19-1536","0.812202"
"P19-1536","N18-6006","0.812202"
"N18-6006","Q17-1022","0.547619"
"Q17-1022","N18-6006","0.547619"
"N18-6006","W19-4101","0.709524"
"W19-4101","N18-6006","0.709524"
"P17-1006","P18-1004","2.85851"
"P18-1004","P17-1006","2.85851"
"P17-1006","P18-2018","2.10387"
"P18-2018","P17-1006","2.10387"
"P17-1006","P19-1536","1.10387"
"P19-1536","P17-1006","1.10387"
"P17-1006","Q17-1022","3.45082"
"Q17-1022","P17-1006","3.45082"
"P17-1006","W19-4101","0.50119"
