"2020.acl-main.231","W15-2701","1"
"W15-2701","2020.acl-main.231","1"
"2020.conll-1.24","D14-1111","1.55357"
"D14-1111","2020.conll-1.24","1.55357"
"2020.conll-1.24","J16-4004","4.8869"
"J16-4004","2020.conll-1.24","4.8869"
"2020.conll-1.24","K15-1035","0.653571"
"K15-1035","2020.conll-1.24","0.653571"
"2020.conll-1.24","P15-2120","2.20119"
"P15-2120","2020.conll-1.24","2.20119"
"2020.conll-1.24","W14-1406","0.720238"
"W14-1406","2020.conll-1.24","0.720238"
"2020.conll-1.24","W14-1503","0.321429"
"W14-1503","2020.conll-1.24","0.321429"
"2020.conll-1.24","W15-2701","0.761905"
"W15-2701","2020.conll-1.24","0.761905"
"D14-1111","J16-4004","2.67024"
"J16-4004","D14-1111","2.67024"
"D14-1111","K15-1035","0.820238"
"K15-1035","D14-1111","0.820238"
"D14-1111","P15-2120","1.48452"
"P15-2120","D14-1111","1.48452"
"D14-1111","W14-1406","2.0869"
"W14-1406","D14-1111","2.0869"
"D14-1111","W14-1503","1.17857"
"W14-1503","D14-1111","1.17857"
"D14-1111","W15-2701","0.845238"
"W15-2701","D14-1111","0.845238"
"J16-4004","K15-1035","1.65357"
"K15-1035","J16-4004","1.65357"
"J16-4004","P15-2120","3.31786"
"P15-2120","J16-4004","3.31786"
"J16-4004","W14-1406","1.5869"
"W14-1406","J16-4004","1.5869"
"J16-4004","W14-1503","0.178571"
"W14-1503","J16-4004","0.178571"
"J16-4004","W15-2701","3.67857"
"W15-2701","J16-4004","3.67857"
"K15-1035","P15-2120","0.784524"
"P15-2120","K15-1035","0.784524"
"K15-1035","W14-1406","1.57024"
"W14-1406","K15-1035","1.57024"
"K15-1035","W14-1503","0.178571"
"W14-1503","K15-1035","0.178571"
"K15-1035","W15-2701","1.34524"
"W15-2701","K15-1035","1.34524"
"P15-2120","W14-1406","0.984524"
"W14-1406","P15-2120","0.984524"
"P15-2120","W14-1503","0.142857"
"W14-1503","P15-2120","0.142857"
"P15-2120","W15-2701","1.89286"
"W15-2701","P15-2120","1.89286"
"W14-1406","W14-1503","0.178571"
"W14-1503","W14-1406","0.178571"
"W14-1406","W15-2701","0.345238"
"W15-2701","W14-1406","0.345238"
"W14-1503","W15-2701","0.178571"
"W15-2701","W14-1503","0.178571"
"2020.conll-1.24","D13-1147","0.1"
"D13-1147","2020.conll-1.24","0.1"
"2020.conll-1.24","E14-1025","0.242857"
"E14-1025","2020.conll-1.24","0.242857"
"2020.conll-1.24","polajnar-etal-2014-evaluation","0.367857"
"polajnar-etal-2014-evaluation","2020.conll-1.24","0.367857"
"2020.conll-1.24","W11-0114","0.225"
"W11-0114","2020.conll-1.24","0.225"
"2020.conll-1.24","W13-3005","0.475"
"W13-3005","2020.conll-1.24","0.475"
"D13-1147","D14-1111","0.1"
"D14-1111","D13-1147","0.1"
"D13-1147","E14-1025","1.1"
"E14-1025","D13-1147","1.1"
"D13-1147","J16-4004","1.6"
"J16-4004","D13-1147","1.6"
"D13-1147","K15-1035","0.6"
"K15-1035","D13-1147","0.6"
"D13-1147","P15-2120","0.1"
"P15-2120","D13-1147","0.1"
"D13-1147","polajnar-etal-2014-evaluation","0.1"
"polajnar-etal-2014-evaluation","D13-1147","0.1"
"D13-1147","W11-0114","0.1"
"W11-0114","D13-1147","0.1"
"D13-1147","W13-3005","0.1"
"W13-3005","D13-1147","0.1"
"D13-1147","W14-1406","0.1"
"W14-1406","D13-1147","0.1"
"D14-1111","E14-1025","0.766667"
"E14-1025","D14-1111","0.766667"
"D14-1111","polajnar-etal-2014-evaluation","0.225"
"polajnar-etal-2014-evaluation","D14-1111","0.225"
"D14-1111","W11-0114","0.425"
"W11-0114","D14-1111","0.425"
"D14-1111","W13-3005","0.675"
"W13-3005","D14-1111","0.675"
"E14-1025","J16-4004","0.266667"
"J16-4004","E14-1025","0.266667"
"E14-1025","K15-1035","0.266667"
"K15-1035","E14-1025","0.266667"
"E14-1025","P15-2120","0.266667"
"P15-2120","E14-1025","0.266667"
"E14-1025","polajnar-etal-2014-evaluation","0.242857"
"polajnar-etal-2014-evaluation","E14-1025","0.242857"
"E14-1025","W11-0114","0.1"
"W11-0114","E14-1025","0.1"
"E14-1025","W13-3005","0.1"
"W13-3005","E14-1025","0.1"
"E14-1025","W14-1406","0.766667"
"W14-1406","E14-1025","0.766667"
"J16-4004","polajnar-etal-2014-evaluation","2.225"
"polajnar-etal-2014-evaluation","J16-4004","2.225"
"J16-4004","W11-0114","0.425"
"W11-0114","J16-4004","0.425"
"J16-4004","W13-3005","0.675"
"W13-3005","J16-4004","0.675"
"K15-1035","polajnar-etal-2014-evaluation","0.225"
"polajnar-etal-2014-evaluation","K15-1035","0.225"
"K15-1035","W11-0114","0.225"
"W11-0114","K15-1035","0.225"
"K15-1035","W13-3005","0.225"
"W13-3005","K15-1035","0.225"
"P15-2120","polajnar-etal-2014-evaluation","0.225"
"polajnar-etal-2014-evaluation","P15-2120","0.225"
"P15-2120","W11-0114","0.425"
"W11-0114","P15-2120","0.425"
"P15-2120","W13-3005","0.925"
"W13-3005","P15-2120","0.925"
"polajnar-etal-2014-evaluation","W11-0114","0.225"
"W11-0114","polajnar-etal-2014-evaluation","0.225"
"polajnar-etal-2014-evaluation","W13-3005","0.225"
"W13-3005","polajnar-etal-2014-evaluation","0.225"
"polajnar-etal-2014-evaluation","W14-1406","0.225"
"W14-1406","polajnar-etal-2014-evaluation","0.225"
"W11-0114","W13-3005","0.425"
"W13-3005","W11-0114","0.425"
"W11-0114","W14-1406","0.425"
"W14-1406","W11-0114","0.425"
"W13-3005","W14-1406","0.425"
"W14-1406","W13-3005","0.425"
"2020.conll-1.24","D16-1043","0.342857"
"D16-1043","2020.conll-1.24","0.342857"
"2020.conll-1.24","D17-1113","1.17857"
"D17-1113","2020.conll-1.24","1.17857"
"2020.conll-1.24","N16-1071","0.142857"
"N16-1071","2020.conll-1.24","0.142857"
"2020.conll-1.24","P14-2135","0.142857"
"P14-2135","2020.conll-1.24","0.142857"
"D16-1043","D17-1113","3.43452"
"D17-1113","D16-1043","3.43452"
"D16-1043","E14-1025","0.142857"
"E14-1025","D16-1043","0.142857"
"D16-1043","N16-1071","0.60119"
"N16-1071","D16-1043","0.60119"
"D16-1043","P14-2135","0.47619"
"P14-2135","D16-1043","0.47619"
"D16-1043","polajnar-etal-2014-evaluation","0.142857"
"polajnar-etal-2014-evaluation","D16-1043","0.142857"
"D16-1043","W14-1503","0.142857"
"W14-1503","D16-1043","0.142857"
"D17-1113","E14-1025","0.142857"
"E14-1025","D17-1113","0.142857"
"D17-1113","N16-1071","1.38452"
"N16-1071","D17-1113","1.38452"
"D17-1113","P14-2135","0.509524"
"P14-2135","D17-1113","0.509524"
"D17-1113","polajnar-etal-2014-evaluation","0.142857"
"polajnar-etal-2014-evaluation","D17-1113","0.142857"
"D17-1113","W14-1503","0.178571"
"W14-1503","D17-1113","0.178571"
"E14-1025","N16-1071","0.142857"
"N16-1071","E14-1025","0.142857"
"E14-1025","P14-2135","0.142857"
"P14-2135","E14-1025","0.142857"
"E14-1025","W14-1503","0.142857"
"W14-1503","E14-1025","0.142857"
"N16-1071","P14-2135","0.67619"
"P14-2135","N16-1071","0.67619"
"N16-1071","polajnar-etal-2014-evaluation","0.142857"
"polajnar-etal-2014-evaluation","N16-1071","0.142857"
"N16-1071","W14-1503","0.142857"
"W14-1503","N16-1071","0.142857"
"P14-2135","polajnar-etal-2014-evaluation","0.142857"
"polajnar-etal-2014-evaluation","P14-2135","0.142857"
"P14-2135","W14-1503","1.14286"
"W14-1503","P14-2135","1.14286"
"polajnar-etal-2014-evaluation","W14-1503","0.142857"
"W14-1503","polajnar-etal-2014-evaluation","0.142857"
"2020.conll-1.24","C10-2168","0.102381"
"C10-2168","2020.conll-1.24","0.102381"
"2020.conll-1.24","C12-1031","0.0357143"
"C12-1031","2020.conll-1.24","0.0357143"
"2020.conll-1.24","C12-1032","0.0357143"
"C12-1032","2020.conll-1.24","0.0357143"
"2020.conll-1.24","D08-1050","0.102381"
"D08-1050","2020.conll-1.24","0.102381"
"2020.conll-1.24","D09-1085","0.102381"
"D09-1085","2020.conll-1.24","0.102381"
"2020.conll-1.24","D11-1106","0.102381"
"D11-1106","2020.conll-1.24","0.102381"
"2020.conll-1.24","E12-1075","0.102381"
"E12-1075","2020.conll-1.24","0.102381"
"2020.conll-1.24","J11-1005","0.0357143"
"J11-1005","2020.conll-1.24","0.0357143"
"2020.conll-1.24","J14-2006","0.0357143"
"J14-2006","2020.conll-1.24","0.0357143"
"2020.conll-1.24","J15-3005","0.102381"
"J15-3005","2020.conll-1.24","0.102381"
"2020.conll-1.24","N10-1084","0.0357143"
"N10-1084","2020.conll-1.24","0.0357143"
"2020.conll-1.24","N16-1025","0.102381"
"N16-1025","2020.conll-1.24","0.102381"
"2020.conll-1.24","P09-2014","0.102381"
"P09-2014","2020.conll-1.24","0.102381"
"2020.conll-1.24","P10-1036","0.102381"
"P10-1036","2020.conll-1.24","0.102381"
"2020.conll-1.24","P11-1069","0.102381"
"P11-1069","2020.conll-1.24","0.102381"
"2020.conll-1.24","P14-1021","0.102381"
"P14-1021","2020.conll-1.24","0.102381"
"2020.conll-1.24","P15-2041","0.102381"
"P15-2041","2020.conll-1.24","0.102381"
"2020.conll-1.24","P19-1337","2.03571"
"P19-1337","2020.conll-1.24","2.03571"
"2020.conll-1.24","S10-1060","0.0357143"
"S10-1060","2020.conll-1.24","0.0357143"
"2020.conll-1.24","W08-1307","0.0357143"
"W08-1307","2020.conll-1.24","0.0357143"
"2020.conll-1.24","W09-3825","0.0357143"
"W09-3825","2020.conll-1.24","0.0357143"
"C10-2168","C12-1031","0.0357143"
"C12-1031","C10-2168","0.0357143"
"C10-2168","C12-1032","0.376623"
"C12-1032","C10-2168","0.376623"
"C10-2168","D08-1050","0.279304"
"D08-1050","C10-2168","0.279304"
"C10-2168","D09-1085","1.4793"
"D09-1085","C10-2168","1.4793"
"C10-2168","D11-1106","0.102381"
"D11-1106","C10-2168","0.102381"
"C10-2168","D14-1111","0.102381"
"D14-1111","C10-2168","0.102381"
"C10-2168","D17-1113","0.0357143"
"D17-1113","C10-2168","0.0357143"
"C10-2168","E12-1075","0.102381"
"E12-1075","C10-2168","0.102381"
"C10-2168","J11-1005","0.379304"
"J11-1005","C10-2168","0.379304"
"C10-2168","J14-2006","0.0357143"
"J14-2006","C10-2168","0.0357143"
"C10-2168","J15-3005","0.552381"
"J15-3005","C10-2168","0.552381"
"C10-2168","J16-4004","0.102381"
"J16-4004","C10-2168","0.102381"
"C10-2168","K15-1035","0.0357143"
"K15-1035","C10-2168","0.0357143"
"C10-2168","N10-1084","0.0357143"
"N10-1084","C10-2168","0.0357143"
"C10-2168","N16-1025","0.78956"
"N16-1025","C10-2168","0.78956"
"C10-2168","P09-2014","0.512637"
"P09-2014","C10-2168","0.512637"
"C10-2168","P10-1036","1.17289"
"P10-1036","C10-2168","1.17289"
"C10-2168","P11-1069","0.669048"
"P11-1069","C10-2168","0.669048"
"C10-2168","P14-1021","0.469048"
"P14-1021","C10-2168","0.469048"
"C10-2168","P15-2041","1.25623"
"P15-2041","C10-2168","1.25623"
"C10-2168","P19-1337","0.279304"
"P19-1337","C10-2168","0.279304"
"C10-2168","S10-1060","0.0357143"
"S10-1060","C10-2168","0.0357143"
"C10-2168","W08-1307","0.202381"
"W08-1307","C10-2168","0.202381"
"C10-2168","W09-3825","0.302381"
"W09-3825","C10-2168","0.302381"
"C10-2168","W14-1406","0.302381"
"W14-1406","C10-2168","0.302381"
"C10-2168","W14-1503","0.0357143"
"W14-1503","C10-2168","0.0357143"
"C10-2168","W15-2701","0.0357143"
"W15-2701","C10-2168","0.0357143"
"C12-1031","C12-1032","0.869048"
"C12-1032","C12-1031","0.869048"
"C12-1031","D08-1050","0.0357143"
"D08-1050","C12-1031","0.0357143"
"C12-1031","D09-1085","0.0357143"
"D09-1085","C12-1031","0.0357143"
"C12-1031","D11-1106","0.0357143"
"D11-1106","C12-1031","0.0357143"
"C12-1031","D14-1111","0.0357143"
"D14-1111","C12-1031","0.0357143"
"C12-1031","D17-1113","0.0357143"
"D17-1113","C12-1031","0.0357143"
"C12-1031","E12-1075","0.0357143"
"E12-1075","C12-1031","0.0357143"
"C12-1031","J11-1005","0.0357143"
"J11-1005","C12-1031","0.0357143"
"C12-1031","J14-2006","4.86905"
"J14-2006","C12-1031","4.86905"
"C12-1031","J15-3005","0.0357143"
"J15-3005","C12-1031","0.0357143"
"C12-1031","J16-4004","0.0357143"
"J16-4004","C12-1031","0.0357143"
"C12-1031","K15-1035","0.0357143"
"K15-1035","C12-1031","0.0357143"
"C12-1031","N10-1084","0.0357143"
"N10-1084","C12-1031","0.0357143"
"C12-1031","N16-1025","0.0357143"
"N16-1025","C12-1031","0.0357143"
"C12-1031","P09-2014","0.0357143"
"P09-2014","C12-1031","0.0357143"
"C12-1031","P10-1036","0.0357143"
"P10-1036","C12-1031","0.0357143"
"C12-1031","P11-1069","0.0357143"
"P11-1069","C12-1031","0.0357143"
"C12-1031","P14-1021","0.0357143"
"P14-1021","C12-1031","0.0357143"
"C12-1031","P15-2041","0.0357143"
"P15-2041","C12-1031","0.0357143"
"C12-1031","P19-1337","0.0357143"
"P19-1337","C12-1031","0.0357143"
"C12-1031","S10-1060","0.0357143"
"S10-1060","C12-1031","0.0357143"
"C12-1031","W08-1307","0.0357143"
"W08-1307","C12-1031","0.0357143"
"C12-1031","W09-3825","0.0357143"
"W09-3825","C12-1031","0.0357143"
"C12-1031","W14-1406","0.0357143"
"W14-1406","C12-1031","0.0357143"
"C12-1031","W14-1503","0.0357143"
"W14-1503","C12-1031","0.0357143"
"C12-1031","W15-2701","0.0357143"
"W15-2701","C12-1031","0.0357143"
"C12-1032","D08-1050","0.346825"
"D08-1050","C12-1032","0.346825"
"C12-1032","D09-1085","0.235714"
"D09-1085","C12-1032","0.235714"
"C12-1032","D11-1106","0.369048"
"D11-1106","C12-1032","0.369048"
"C12-1032","D14-1111","0.0357143"
"D14-1111","C12-1032","0.0357143"
"C12-1032","D17-1113","0.0357143"
"D17-1113","C12-1032","0.0357143"
"C12-1032","E12-1075","0.869048"
"E12-1075","C12-1032","0.869048"
"C12-1032","J11-1005","0.0357143"
"J11-1005","C12-1032","0.0357143"
"C12-1032","J14-2006","2.36905"
"J14-2006","C12-1032","2.36905"
"C12-1032","J15-3005","1.73016"
"J15-3005","C12-1032","1.73016"
"C12-1032","J16-4004","0.0357143"
"J16-4004","C12-1032","0.0357143"
"C12-1032","K15-1035","0.0357143"
"K15-1035","C12-1032","0.0357143"
"C12-1032","N10-1084","0.146825"
"N10-1084","C12-1032","0.146825"
"C12-1032","N16-1025","0.0357143"
"N16-1025","C12-1032","0.0357143"
"C12-1032","P09-2014","0.0357143"
"P09-2014","C12-1032","0.0357143"
"C12-1032","P10-1036","0.596825"
"P10-1036","C12-1032","0.596825"
"C12-1032","P11-1069","0.0357143"
"P11-1069","C12-1032","0.0357143"
"C12-1032","P14-1021","0.0357143"
"P14-1021","C12-1032","0.0357143"
"C12-1032","P15-2041","0.0357143"
"P15-2041","C12-1032","0.0357143"
"C12-1032","P19-1337","0.0357143"
"P19-1337","C12-1032","0.0357143"
"C12-1032","S10-1060","0.235714"
"S10-1060","C12-1032","0.235714"
"C12-1032","W08-1307","0.235714"
"W08-1307","C12-1032","0.235714"
"C12-1032","W09-3825","0.0357143"
"W09-3825","C12-1032","0.0357143"
"C12-1032","W14-1406","0.0357143"
"W14-1406","C12-1032","0.0357143"
"C12-1032","W14-1503","0.0357143"
"W14-1503","C12-1032","0.0357143"
"C12-1032","W15-2701","0.0357143"
"W15-2701","C12-1032","0.0357143"
"D08-1050","D09-1085","1.38571"
"D09-1085","D08-1050","1.38571"
"D08-1050","D11-1106","0.102381"
"D11-1106","D08-1050","0.102381"
"D08-1050","D14-1111","0.102381"
"D14-1111","D08-1050","0.102381"
"D08-1050","D17-1113","0.0357143"
"D17-1113","D08-1050","0.0357143"
"D08-1050","E12-1075","0.102381"
"E12-1075","D08-1050","0.102381"
"D08-1050","J11-1005","0.135714"
"J11-1005","D08-1050","0.135714"
"D08-1050","J14-2006","0.0357143"
"J14-2006","D08-1050","0.0357143"
"D08-1050","J15-3005","0.213492"
"J15-3005","D08-1050","0.213492"
"D08-1050","J16-4004","0.102381"
"J16-4004","D08-1050","0.102381"
"D08-1050","K15-1035","0.0357143"
"K15-1035","D08-1050","0.0357143"
"D08-1050","N10-1084","0.146825"
"N10-1084","D08-1050","0.146825"
"D08-1050","N16-1025","0.179304"
"N16-1025","D08-1050","0.179304"
"D08-1050","P09-2014","0.302381"
"P09-2014","D08-1050","0.302381"
"D08-1050","P10-1036","1.74042"
"P10-1036","D08-1050","1.74042"
"D08-1050","P11-1069","0.302381"
"P11-1069","D08-1050","0.302381"
"D08-1050","P14-1021","0.102381"
"P14-1021","D08-1050","0.102381"
"D08-1050","P15-2041","0.379304"
"P15-2041","D08-1050","0.379304"
"D08-1050","P19-1337","0.112637"
"P19-1337","D08-1050","0.112637"
"D08-1050","S10-1060","0.235714"
"S10-1060","D08-1050","0.235714"
"D08-1050","W08-1307","0.485714"
"W08-1307","D08-1050","0.485714"
"D08-1050","W09-3825","0.469048"
"W09-3825","D08-1050","0.469048"
"D08-1050","W14-1406","0.102381"
"W14-1406","D08-1050","0.102381"
"D08-1050","W14-1503","0.0357143"
"W14-1503","D08-1050","0.0357143"
"D08-1050","W15-2701","0.0357143"
"W15-2701","D08-1050","0.0357143"
"D09-1085","D11-1106","0.102381"
"D11-1106","D09-1085","0.102381"
"D09-1085","D14-1111","0.102381"
"D14-1111","D09-1085","0.102381"
"D09-1085","D17-1113","0.0357143"
"D17-1113","D09-1085","0.0357143"
"D09-1085","E12-1075","0.102381"
"E12-1075","D09-1085","0.102381"
"D09-1085","J11-1005","2.1293"
"J11-1005","D09-1085","2.1293"
"D09-1085","J14-2006","0.0357143"
"J14-2006","D09-1085","0.0357143"
"D09-1085","J15-3005","0.102381"
"J15-3005","D09-1085","0.102381"
"D09-1085","J16-4004","0.102381"
"J16-4004","D09-1085","0.102381"
"D09-1085","K15-1035","0.0357143"
"K15-1035","D09-1085","0.0357143"
"D09-1085","N10-1084","0.0357143"
"N10-1084","D09-1085","0.0357143"
"D09-1085","N16-1025","0.635714"
"N16-1025","D09-1085","0.635714"
"D09-1085","P09-2014","0.545971"
"P09-2014","D09-1085","0.545971"
"D09-1085","P10-1036","1.55238"
"P10-1036","D09-1085","1.55238"
"D09-1085","P11-1069","0.919048"
"P11-1069","D09-1085","0.919048"
"D09-1085","P14-1021","0.302381"
"P14-1021","D09-1085","0.302381"
"D09-1085","P15-2041","0.602381"
"P15-2041","D09-1085","0.602381"
"D09-1085","P19-1337","0.202381"
"P19-1337","D09-1085","0.202381"
"D09-1085","S10-1060","0.235714"
"S10-1060","D09-1085","0.235714"
"D09-1085","W08-1307","0.235714"
"W08-1307","D09-1085","0.235714"
"D09-1085","W09-3825","1.38571"
"W09-3825","D09-1085","1.38571"
"D09-1085","W14-1406","0.102381"
"W14-1406","D09-1085","0.102381"
"D09-1085","W14-1503","0.0357143"
"W14-1503","D09-1085","0.0357143"
"D09-1085","W15-2701","0.0357143"
"W15-2701","D09-1085","0.0357143"
"D11-1106","D14-1111","0.102381"
"D14-1111","D11-1106","0.102381"
"D11-1106","D17-1113","0.0357143"
"D17-1113","D11-1106","0.0357143"
"D11-1106","E12-1075","3.01905"
"E12-1075","D11-1106","3.01905"
"D11-1106","J11-1005","0.112637"
"J11-1005","D11-1106","0.112637"
"D11-1106","J14-2006","0.619048"
"J14-2006","D11-1106","0.619048"
"D11-1106","J15-3005","5.51905"
"J15-3005","D11-1106","5.51905"
"D11-1106","J16-4004","0.102381"
"J16-4004","D11-1106","0.102381"
"D11-1106","K15-1035","0.0357143"
"K15-1035","D11-1106","0.0357143"
"D11-1106","N10-1084","0.0357143"
"N10-1084","D11-1106","0.0357143"
"D11-1106","N16-1025","0.179304"
"N16-1025","D11-1106","0.179304"
"D11-1106","P09-2014","0.245238"
"P09-2014","D11-1106","0.245238"
"D11-1106","P10-1036","0.179304"
"P10-1036","D11-1106","0.179304"
"D11-1106","P11-1069","0.822161"
"P11-1069","D11-1106","0.822161"
"D11-1106","P14-1021","0.179304"
"P14-1021","D11-1106","0.179304"
"D11-1106","P15-2041","0.102381"
"P15-2041","D11-1106","0.102381"
"D11-1106","P19-1337","0.0357143"
"P19-1337","D11-1106","0.0357143"
"D11-1106","S10-1060","0.0357143"
"S10-1060","D11-1106","0.0357143"
"D11-1106","W08-1307","0.0357143"
"W08-1307","D11-1106","0.0357143"
"D11-1106","W09-3825","0.112637"
"W09-3825","D11-1106","0.112637"
"D11-1106","W14-1406","0.102381"
"W14-1406","D11-1106","0.102381"
"D11-1106","W14-1503","0.0357143"
"W14-1503","D11-1106","0.0357143"
"D11-1106","W15-2701","0.0357143"
"W15-2701","D11-1106","0.0357143"
"D14-1111","D17-1113","0.0357143"
"D17-1113","D14-1111","0.0357143"
"D14-1111","E12-1075","0.102381"
"E12-1075","D14-1111","0.102381"
"D14-1111","J11-1005","0.0357143"
"J11-1005","D14-1111","0.0357143"
"D14-1111","J14-2006","0.0357143"
"J14-2006","D14-1111","0.0357143"
"D14-1111","J15-3005","0.102381"
"J15-3005","D14-1111","0.102381"
"D14-1111","N10-1084","0.0357143"
"N10-1084","D14-1111","0.0357143"
"D14-1111","N16-1025","0.102381"
"N16-1025","D14-1111","0.102381"
"D14-1111","P09-2014","0.102381"
"P09-2014","D14-1111","0.102381"
"D14-1111","P10-1036","0.102381"
"P10-1036","D14-1111","0.102381"
"D14-1111","P11-1069","0.102381"
"P11-1069","D14-1111","0.102381"
"D14-1111","P14-1021","0.102381"
"P14-1021","D14-1111","0.102381"
"D14-1111","P15-2041","0.102381"
"P15-2041","D14-1111","0.102381"
"D14-1111","P19-1337","0.0357143"
"P19-1337","D14-1111","0.0357143"
"D14-1111","S10-1060","0.0357143"
"S10-1060","D14-1111","0.0357143"
"D14-1111","W08-1307","0.0357143"
"W08-1307","D14-1111","0.0357143"
"D14-1111","W09-3825","0.0357143"
"W09-3825","D14-1111","0.0357143"
"D17-1113","E12-1075","0.0357143"
"E12-1075","D17-1113","0.0357143"
"D17-1113","J11-1005","0.0357143"
"J11-1005","D17-1113","0.0357143"
"D17-1113","J14-2006","0.0357143"
"J14-2006","D17-1113","0.0357143"
"D17-1113","J15-3005","0.0357143"
"J15-3005","D17-1113","0.0357143"
"D17-1113","J16-4004","0.535714"
"J16-4004","D17-1113","0.535714"
"D17-1113","K15-1035","0.0357143"
"K15-1035","D17-1113","0.0357143"
"D17-1113","N10-1084","0.0357143"
"N10-1084","D17-1113","0.0357143"
"D17-1113","N16-1025","0.0357143"
"N16-1025","D17-1113","0.0357143"
"D17-1113","P09-2014","0.0357143"
"P09-2014","D17-1113","0.0357143"
"D17-1113","P10-1036","0.0357143"
"P10-1036","D17-1113","0.0357143"
"D17-1113","P11-1069","0.0357143"
"P11-1069","D17-1113","0.0357143"
"D17-1113","P14-1021","0.0357143"
"P14-1021","D17-1113","0.0357143"
"D17-1113","P15-2041","0.0357143"
"P15-2041","D17-1113","0.0357143"
"D17-1113","P19-1337","0.0357143"
"P19-1337","D17-1113","0.0357143"
"D17-1113","S10-1060","0.0357143"
"S10-1060","D17-1113","0.0357143"
"D17-1113","W08-1307","0.0357143"
"W08-1307","D17-1113","0.0357143"
"D17-1113","W09-3825","0.0357143"
"W09-3825","D17-1113","0.0357143"
"D17-1113","W14-1406","0.0357143"
"W14-1406","D17-1113","0.0357143"
"D17-1113","W15-2701","0.0357143"
"W15-2701","D17-1113","0.0357143"
"E12-1075","J11-1005","0.0357143"
"J11-1005","E12-1075","0.0357143"
"E12-1075","J14-2006","1.11905"
"J14-2006","E12-1075","1.11905"
"E12-1075","J15-3005","10.8524"
"J15-3005","E12-1075","10.8524"
"E12-1075","J16-4004","0.102381"
"J16-4004","E12-1075","0.102381"
"E12-1075","K15-1035","0.0357143"
"K15-1035","E12-1075","0.0357143"
"E12-1075","N10-1084","0.0357143"
"N10-1084","E12-1075","0.0357143"
"E12-1075","N16-1025","0.102381"
"N16-1025","E12-1075","0.102381"
"E12-1075","P09-2014","0.102381"
"P09-2014","E12-1075","0.102381"
"E12-1075","P10-1036","0.102381"
"P10-1036","E12-1075","0.102381"
"E12-1075","P11-1069","0.102381"
"P11-1069","E12-1075","0.102381"
"E12-1075","P14-1021","0.102381"
"P14-1021","E12-1075","0.102381"
"E12-1075","P15-2041","0.102381"
"P15-2041","E12-1075","0.102381"
"E12-1075","P19-1337","0.0357143"
"P19-1337","E12-1075","0.0357143"
"E12-1075","S10-1060","0.0357143"
"S10-1060","E12-1075","0.0357143"
"E12-1075","W08-1307","0.0357143"
"W08-1307","E12-1075","0.0357143"
"E12-1075","W09-3825","0.0357143"
"W09-3825","E12-1075","0.0357143"
"E12-1075","W14-1406","0.179304"
"W14-1406","E12-1075","0.179304"
"E12-1075","W14-1503","0.0357143"
"W14-1503","E12-1075","0.0357143"
"E12-1075","W15-2701","0.0357143"
"W15-2701","E12-1075","0.0357143"
"J11-1005","J14-2006","0.0357143"
"J14-2006","J11-1005","0.0357143"
"J11-1005","J15-3005","2.13571"
"J15-3005","J11-1005","2.13571"
"J11-1005","J16-4004","0.0357143"
"J16-4004","J11-1005","0.0357143"
"J11-1005","K15-1035","0.0357143"
"K15-1035","J11-1005","0.0357143"
"J11-1005","N10-1084","0.0357143"
"N10-1084","J11-1005","0.0357143"
"J11-1005","N16-1025","0.412637"
"N16-1025","J11-1005","0.412637"
"J11-1005","P09-2014","0.279304"
"P09-2014","J11-1005","0.279304"
"J11-1005","P10-1036","0.112637"
"P10-1036","J11-1005","0.112637"
"J11-1005","P11-1069","4.8293"
"P11-1069","J11-1005","4.8293"
"J11-1005","P14-1021","1.74597"
"P14-1021","J11-1005","1.74597"
"J11-1005","P15-2041","0.0357143"
"P15-2041","J11-1005","0.0357143"
"J11-1005","P19-1337","1.20238"
"P19-1337","J11-1005","1.20238"
"J11-1005","S10-1060","0.0357143"
"S10-1060","J11-1005","0.0357143"
"J11-1005","W08-1307","0.0357143"
"W08-1307","J11-1005","0.0357143"
"J11-1005","W09-3825","7.59597"
"W09-3825","J11-1005","7.59597"
"J11-1005","W14-1406","0.0357143"
"W14-1406","J11-1005","0.0357143"
"J11-1005","W14-1503","0.0357143"
"W14-1503","J11-1005","0.0357143"
"J11-1005","W15-2701","0.0357143"
"W15-2701","J11-1005","0.0357143"
"J14-2006","J15-3005","0.619048"
"J15-3005","J14-2006","0.619048"
"J14-2006","J16-4004","0.0357143"
"J16-4004","J14-2006","0.0357143"
"J14-2006","K15-1035","0.0357143"
"K15-1035","J14-2006","0.0357143"
"J14-2006","N10-1084","1.03571"
"N10-1084","J14-2006","1.03571"
"J14-2006","N16-1025","0.0357143"
"N16-1025","J14-2006","0.0357143"
"J14-2006","P09-2014","0.0357143"
"P09-2014","J14-2006","0.0357143"
"J14-2006","P10-1036","0.0357143"
"P10-1036","J14-2006","0.0357143"
"J14-2006","P11-1069","0.0357143"
"P11-1069","J14-2006","0.0357143"
"J14-2006","P14-1021","0.0357143"
"P14-1021","J14-2006","0.0357143"
"J14-2006","P15-2041","0.0357143"
"P15-2041","J14-2006","0.0357143"
"J14-2006","P19-1337","0.0357143"
"P19-1337","J14-2006","0.0357143"
"J14-2006","S10-1060","0.0357143"
"S10-1060","J14-2006","0.0357143"
"J14-2006","W08-1307","0.0357143"
"W08-1307","J14-2006","0.0357143"
"J14-2006","W09-3825","0.0357143"
"W09-3825","J14-2006","0.0357143"
"J14-2006","W14-1406","0.0357143"
"W14-1406","J14-2006","0.0357143"
"J14-2006","W14-1503","0.0357143"
"W14-1503","J14-2006","0.0357143"
"J14-2006","W15-2701","0.0357143"
"W15-2701","J14-2006","0.0357143"
"J15-3005","J16-4004","0.102381"
"J16-4004","J15-3005","0.102381"
"J15-3005","K15-1035","0.0357143"
"K15-1035","J15-3005","0.0357143"
"J15-3005","N10-1084","0.146825"
"N10-1084","J15-3005","0.146825"
"J15-3005","N16-1025","1.03571"
"N16-1025","J15-3005","1.03571"
"J15-3005","P09-2014","0.102381"
"P09-2014","J15-3005","0.102381"
"J15-3005","P10-1036","0.463492"
"P10-1036","J15-3005","0.463492"
"J15-3005","P11-1069","1.23571"
"P11-1069","J15-3005","1.23571"
"J15-3005","P14-1021","2.03571"
"P14-1021","J15-3005","2.03571"
"J15-3005","P15-2041","0.602381"
"P15-2041","J15-3005","0.602381"
"J15-3005","P19-1337","0.0357143"
"P19-1337","J15-3005","0.0357143"
"J15-3005","S10-1060","0.0357143"
"S10-1060","J15-3005","0.0357143"
"J15-3005","W08-1307","0.0357143"
"W08-1307","J15-3005","0.0357143"
"J15-3005","W09-3825","0.135714"
"W09-3825","J15-3005","0.135714"
"J15-3005","W14-1406","0.302381"
"W14-1406","J15-3005","0.302381"
"J15-3005","W14-1503","0.0357143"
"W14-1503","J15-3005","0.0357143"
"J15-3005","W15-2701","0.0357143"
"W15-2701","J15-3005","0.0357143"
"J16-4004","N10-1084","0.0357143"
"N10-1084","J16-4004","0.0357143"
"J16-4004","N16-1025","1.10238"
"N16-1025","J16-4004","1.10238"
"J16-4004","P09-2014","0.102381"
"P09-2014","J16-4004","0.102381"
"J16-4004","P10-1036","0.102381"
"P10-1036","J16-4004","0.102381"
"J16-4004","P11-1069","0.435714"
"P11-1069","J16-4004","0.435714"
"J16-4004","P14-1021","0.435714"
"P14-1021","J16-4004","0.435714"
"J16-4004","P15-2041","0.102381"
"P15-2041","J16-4004","0.102381"
"J16-4004","P19-1337","0.0357143"
"P19-1337","J16-4004","0.0357143"
"J16-4004","S10-1060","0.0357143"
"S10-1060","J16-4004","0.0357143"
"J16-4004","W08-1307","0.0357143"
"W08-1307","J16-4004","0.0357143"
"J16-4004","W09-3825","0.0357143"
"W09-3825","J16-4004","0.0357143"
"K15-1035","N10-1084","0.0357143"
"N10-1084","K15-1035","0.0357143"
"K15-1035","N16-1025","0.0357143"
"N16-1025","K15-1035","0.0357143"
"K15-1035","P09-2014","0.0357143"
"P09-2014","K15-1035","0.0357143"
"K15-1035","P10-1036","0.0357143"
"P10-1036","K15-1035","0.0357143"
"K15-1035","P11-1069","0.0357143"
"P11-1069","K15-1035","0.0357143"
"K15-1035","P14-1021","0.0357143"
"P14-1021","K15-1035","0.0357143"
"K15-1035","P15-2041","0.0357143"
"P15-2041","K15-1035","0.0357143"
"K15-1035","P19-1337","0.0357143"
"P19-1337","K15-1035","0.0357143"
"K15-1035","S10-1060","0.0357143"
"S10-1060","K15-1035","0.0357143"
"K15-1035","W08-1307","0.0357143"
"W08-1307","K15-1035","0.0357143"
"K15-1035","W09-3825","0.0357143"
"W09-3825","K15-1035","0.0357143"
"N10-1084","N16-1025","0.0357143"
"N16-1025","N10-1084","0.0357143"
"N10-1084","P09-2014","0.0357143"
"P09-2014","N10-1084","0.0357143"
"N10-1084","P10-1036","0.146825"
"P10-1036","N10-1084","0.146825"
"N10-1084","P11-1069","0.0357143"
"P11-1069","N10-1084","0.0357143"
"N10-1084","P14-1021","0.0357143"
"P14-1021","N10-1084","0.0357143"
"N10-1084","P15-2041","0.0357143"
"P15-2041","N10-1084","0.0357143"
"N10-1084","P19-1337","0.0357143"
"P19-1337","N10-1084","0.0357143"
"N10-1084","S10-1060","0.0357143"
"S10-1060","N10-1084","0.0357143"
"N10-1084","W08-1307","0.0357143"
"W08-1307","N10-1084","0.0357143"
"N10-1084","W09-3825","0.0357143"
"W09-3825","N10-1084","0.0357143"
"N10-1084","W14-1406","0.0357143"
"W14-1406","N10-1084","0.0357143"
"N10-1084","W14-1503","0.0357143"
"W14-1503","N10-1084","0.0357143"
"N10-1084","W15-2701","0.0357143"
"W15-2701","N10-1084","0.0357143"
"N16-1025","P09-2014","0.102381"
"P09-2014","N16-1025","0.102381"
"N16-1025","P10-1036","0.33315"
"P10-1036","N16-1025","0.33315"
"N16-1025","P11-1069","1.51264"
"P11-1069","N16-1025","1.51264"
"N16-1025","P14-1021","2.51264"
"P14-1021","N16-1025","2.51264"
"N16-1025","P15-2041","2.75623"
"P15-2041","N16-1025","2.75623"
"N16-1025","P19-1337","0.612637"
"P19-1337","N16-1025","0.612637"
"N16-1025","S10-1060","0.0357143"
"S10-1060","N16-1025","0.0357143"
"N16-1025","W08-1307","0.0357143"
"W08-1307","N16-1025","0.0357143"
"N16-1025","W09-3825","0.412637"
"W09-3825","N16-1025","0.412637"
"N16-1025","W14-1406","0.102381"
"W14-1406","N16-1025","0.102381"
"N16-1025","W14-1503","0.0357143"
"W14-1503","N16-1025","0.0357143"
"N16-1025","W15-2701","0.0357143"
"W15-2701","N16-1025","0.0357143"
"P09-2014","P10-1036","0.269048"
"P10-1036","P09-2014","0.269048"
"P09-2014","P11-1069","0.611905"
"P11-1069","P09-2014","0.611905"
"P09-2014","P14-1021","0.269048"
"P14-1021","P09-2014","0.269048"
"P09-2014","P15-2041","0.102381"
"P15-2041","P09-2014","0.102381"
"P09-2014","P19-1337","0.202381"
"P19-1337","P09-2014","0.202381"
"P09-2014","S10-1060","0.0357143"
"S10-1060","P09-2014","0.0357143"
"P09-2014","W08-1307","0.202381"
"W08-1307","P09-2014","0.202381"
"P09-2014","W09-3825","0.202381"
"W09-3825","P09-2014","0.202381"
"P09-2014","W14-1406","0.102381"
"W14-1406","P09-2014","0.102381"
"P09-2014","W14-1503","0.0357143"
"W14-1503","P09-2014","0.0357143"
"P09-2014","W15-2701","0.0357143"
"W15-2701","P09-2014","0.0357143"
"P10-1036","P11-1069","0.179304"
"P11-1069","P10-1036","0.179304"
"P10-1036","P14-1021","0.345971"
"P14-1021","P10-1036","0.345971"
"P10-1036","P15-2041","0.756227"
"P15-2041","P10-1036","0.756227"
"P10-1036","P19-1337","0.112637"
"P19-1337","P10-1036","0.112637"
"P10-1036","S10-1060","0.235714"
"S10-1060","P10-1036","0.235714"
"P10-1036","W08-1307","0.652381"
"W08-1307","P10-1036","0.652381"
"P10-1036","W09-3825","0.112637"
"W09-3825","P10-1036","0.112637"
"P10-1036","W14-1406","0.102381"
"W14-1406","P10-1036","0.102381"
"P10-1036","W14-1503","0.0357143"
"W14-1503","P10-1036","0.0357143"
"P10-1036","W15-2701","0.0357143"
"W15-2701","P10-1036","0.0357143"
"P11-1069","P14-1021","1.6793"
"P14-1021","P11-1069","1.6793"
"P11-1069","P15-2041","0.102381"
"P15-2041","P11-1069","0.102381"
"P11-1069","P19-1337","0.202381"
"P19-1337","P11-1069","0.202381"
"P11-1069","S10-1060","0.0357143"
"S10-1060","P11-1069","0.0357143"
"P11-1069","W08-1307","0.0357143"
"W08-1307","P11-1069","0.0357143"
"P11-1069","W09-3825","1.99597"
"W09-3825","P11-1069","1.99597"
"P11-1069","W14-1406","0.302381"
"W14-1406","P11-1069","0.302381"
"P11-1069","W14-1503","0.0357143"
"W14-1503","P11-1069","0.0357143"
"P11-1069","W15-2701","0.0357143"
"W15-2701","P11-1069","0.0357143"
"P14-1021","P15-2041","0.602381"
"P15-2041","P14-1021","0.602381"
"P14-1021","P19-1337","0.0357143"
"P19-1337","P14-1021","0.0357143"
"P14-1021","S10-1060","0.0357143"
"S10-1060","P14-1021","0.0357143"
"P14-1021","W08-1307","0.202381"
"W08-1307","P14-1021","0.202381"
"P14-1021","W09-3825","0.412637"
"W09-3825","P14-1021","0.412637"
"P14-1021","W14-1406","0.102381"
"W14-1406","P14-1021","0.102381"
"P14-1021","W14-1503","0.0357143"
"W14-1503","P14-1021","0.0357143"
"P14-1021","W15-2701","0.0357143"
"W15-2701","P14-1021","0.0357143"
"P15-2041","P19-1337","0.112637"
"P19-1337","P15-2041","0.112637"
"P15-2041","S10-1060","0.0357143"
"S10-1060","P15-2041","0.0357143"
"P15-2041","W08-1307","0.0357143"
"W08-1307","P15-2041","0.0357143"
"P15-2041","W09-3825","0.0357143"
"W09-3825","P15-2041","0.0357143"
"P15-2041","W14-1406","0.102381"
"W14-1406","P15-2041","0.102381"
"P15-2041","W14-1503","0.0357143"
"W14-1503","P15-2041","0.0357143"
"P15-2041","W15-2701","0.0357143"
"W15-2701","P15-2041","0.0357143"
"P19-1337","S10-1060","0.0357143"
"S10-1060","P19-1337","0.0357143"
"P19-1337","W08-1307","0.0357143"
"W08-1307","P19-1337","0.0357143"
"P19-1337","W09-3825","0.202381"
"W09-3825","P19-1337","0.202381"
"P19-1337","W14-1406","0.0357143"
"W14-1406","P19-1337","0.0357143"
"P19-1337","W14-1503","0.0357143"
"W14-1503","P19-1337","0.0357143"
"P19-1337","W15-2701","0.0357143"
"W15-2701","P19-1337","0.0357143"
"S10-1060","W08-1307","0.235714"
"W08-1307","S10-1060","0.235714"
"S10-1060","W09-3825","0.0357143"
"W09-3825","S10-1060","0.0357143"
"S10-1060","W14-1406","0.0357143"
"W14-1406","S10-1060","0.0357143"
"S10-1060","W14-1503","0.0357143"
"W14-1503","S10-1060","0.0357143"
"S10-1060","W15-2701","0.0357143"
"W15-2701","S10-1060","0.0357143"
"W08-1307","W09-3825","0.0357143"
"W09-3825","W08-1307","0.0357143"
"W08-1307","W14-1406","0.0357143"
"W14-1406","W08-1307","0.0357143"
"W08-1307","W14-1503","0.0357143"
"W14-1503","W08-1307","0.0357143"
"W08-1307","W15-2701","0.0357143"
"W15-2701","W08-1307","0.0357143"
"W09-3825","W14-1406","0.0357143"
"W14-1406","W09-3825","0.0357143"
"W09-3825","W14-1503","0.0357143"
"W14-1503","W09-3825","0.0357143"
"W09-3825","W15-2701","0.0357143"
"W15-2701","W09-3825","0.0357143"
"W13-3005","W15-2701","0.75"
"W15-2701","W13-3005","0.75"
"2020.conll-1.24","D15-1015","0.2"
"D15-1015","2020.conll-1.24","0.2"
"2020.conll-1.24","D15-1242","0.533333"
"D15-1242","2020.conll-1.24","0.533333"
"2020.conll-1.24","D15-1293","0.2"
"D15-1293","2020.conll-1.24","0.2"
"2020.conll-1.24","P15-2038","0.2"
"P15-2038","2020.conll-1.24","0.2"
"D15-1015","D15-1242","0.7"
"D15-1242","D15-1015","0.7"
"D15-1015","D15-1293","2.975"
"D15-1293","D15-1015","2.975"
"D15-1015","D16-1043","0.908333"
"D16-1043","D15-1015","0.908333"
"D15-1015","P15-2038","2.55833"
"P15-2038","D15-1015","2.55833"
"D15-1242","D15-1293","0.533333"
"D15-1293","D15-1242","0.533333"
"D15-1242","D16-1043","0.2"
"D16-1043","D15-1242","0.2"
"D15-1242","P15-2038","0.2"
"P15-2038","D15-1242","0.2"
"D15-1293","D16-1043","1.90833"
"D16-1043","D15-1293","1.90833"
"D15-1293","P15-2038","2.55833"
"P15-2038","D15-1293","2.55833"
"D16-1043","P15-2038","0.491667"
"P15-2038","D16-1043","0.491667"
"D14-1111","D15-1242","0.333333"
"D15-1242","D14-1111","0.333333"
"D15-1242","J16-4004","0.666667"
"J16-4004","D15-1242","0.666667"
"2020.conll-1.24","W18-2903","1"
"W18-2903","2020.conll-1.24","1"
"C00-1029","J02-2003","1.5"
"J02-2003","C00-1029","1.5"
"C00-1029","N01-1013","1.16667"
"N01-1013","C00-1029","1.16667"
"J02-2003","N01-1013","11.6667"
"N01-1013","J02-2003","11.6667"
"C00-1029","J07-4004","1.33333"
"J07-4004","C00-1029","1.33333"
"C00-1029","P02-1042","0.333333"
"P02-1042","C00-1029","0.333333"
"C00-1029","P04-1014","0.333333"
"P04-1014","C00-1029","0.333333"
"J07-4004","P02-1042","2.2641"
"P02-1042","J07-4004","2.2641"
"J07-4004","P04-1014","3.42095"
"P04-1014","J07-4004","3.42095"
"P02-1042","P04-1014","0.610256"
"P04-1014","P02-1042","0.610256"
"C00-1029","D08-1050","0.333333"
"D08-1050","C00-1029","0.333333"
"C00-1029","D09-1085","0.333333"
"D09-1085","C00-1029","0.333333"
"C00-1029","W09-3825","0.333333"
"W09-3825","C00-1029","0.333333"
"C00-1029","C12-1031","0.333333"
"C12-1031","C00-1029","0.333333"
"C00-1029","W99-0631","2"
"W99-0631","C00-1029","2"
"C12-1031","J02-2003","0.833333"
"J02-2003","C12-1031","0.833333"
"C12-1031","W99-0631","0.333333"
"W99-0631","C12-1031","0.333333"
"J02-2003","W99-0631","2"
"W99-0631","J02-2003","2"
"N01-1013","W99-0631","1.66667"
"W99-0631","N01-1013","1.66667"
"C04-1041","C10-2168","0.411422"
"C10-2168","C04-1041","0.411422"
"C04-1041","D08-1050","0.0769231"
"D08-1050","C04-1041","0.0769231"
"C04-1041","J07-4004","2.8392"
"J07-4004","C04-1041","2.8392"
"C04-1041","N16-1025","0.0769231"
"N16-1025","C04-1041","0.0769231"
"C04-1041","P02-1042","0.553846"
"P02-1042","C04-1041","0.553846"
"C04-1041","P06-1088","0.278943"
"P06-1088","C04-1041","0.278943"
"C04-1041","P10-1036","1.91026"
"P10-1036","C04-1041","1.91026"
"C04-1041","P15-2041","0.0769231"
"P15-2041","C04-1041","0.0769231"
"C04-1041","P19-1337","0.0769231"
"P19-1337","C04-1041","0.0769231"
"C04-1041","W02-2203","1.11026"
"W02-2203","C04-1041","1.11026"
"C04-1041","W04-3215","0.431624"
"W04-3215","C04-1041","0.431624"
"C04-1041","W07-1202","0.388034"
"W07-1202","C04-1041","0.388034"
"C04-1041","W07-2206","0.522533"
"W07-2206","C04-1041","0.522533"
"C10-2168","J07-4004","0.955012"
"J07-4004","C10-2168","0.955012"
"C10-2168","P02-1042","0.253846"
"P02-1042","C10-2168","0.253846"
"C10-2168","P06-1088","0.244755"
"P06-1088","C10-2168","0.244755"
"C10-2168","W02-2203","0.0769231"
"W02-2203","C10-2168","0.0769231"
"C10-2168","W04-3215","0.530769"
"W04-3215","C10-2168","0.530769"
"C10-2168","W07-1202","0.153846"
"W07-1202","C10-2168","0.153846"
"C10-2168","W07-2206","0.488345"
"W07-2206","C10-2168","0.488345"
"D08-1050","J07-4004","2.22137"
"J07-4004","D08-1050","2.22137"
"D08-1050","P02-1042","0.176923"
"P02-1042","D08-1050","0.176923"
"D08-1050","P06-1088","0.0769231"
"P06-1088","D08-1050","0.0769231"
"D08-1050","W02-2203","0.188034"
"W02-2203","D08-1050","0.188034"
"D08-1050","W04-3215","0.176923"
"W04-3215","D08-1050","0.176923"
"D08-1050","W07-1202","1.01026"
"W07-1202","D08-1050","1.01026"
"D08-1050","W07-2206","0.276923"
"W07-2206","D08-1050","0.276923"
"J07-4004","N16-1025","0.753846"
"N16-1025","J07-4004","0.753846"
"J07-4004","P06-1088","0.966123"
"P06-1088","J07-4004","0.966123"
"J07-4004","P10-1036","1.93162"
"P10-1036","J07-4004","1.93162"
"J07-4004","P15-2041","0.353846"
"P15-2041","J07-4004","0.353846"
"J07-4004","P19-1337","0.0769231"
"P19-1337","J07-4004","0.0769231"
"J07-4004","W02-2203","0.964957"
"W02-2203","J07-4004","0.964957"
"J07-4004","W04-3215","3.05214"
"W04-3215","J07-4004","3.05214"
"J07-4004","W07-1202","3.41807"
"W07-1202","J07-4004","3.41807"
"J07-4004","W07-2206","1.12638"
"W07-2206","J07-4004","1.12638"
"N16-1025","P02-1042","0.0769231"
"P02-1042","N16-1025","0.0769231"
"N16-1025","P06-1088","0.230769"
"P06-1088","N16-1025","0.230769"
"N16-1025","W02-2203","0.0769231"
"W02-2203","N16-1025","0.0769231"
"N16-1025","W04-3215","0.153846"
"W04-3215","N16-1025","0.153846"
"N16-1025","W07-1202","0.330769"
"W07-1202","N16-1025","0.330769"
"N16-1025","W07-2206","0.153846"
"W07-2206","N16-1025","0.153846"
"P02-1042","P06-1088","0.153846"
"P06-1088","P02-1042","0.153846"
"P02-1042","P10-1036","0.0769231"
"P10-1036","P02-1042","0.0769231"
"P02-1042","P15-2041","0.0769231"
"P15-2041","P02-1042","0.0769231"
"P02-1042","P19-1337","0.0769231"
"P19-1337","P02-1042","0.0769231"
"P02-1042","W02-2203","0.353846"
"W02-2203","P02-1042","0.353846"
"P02-1042","W04-3215","0.330769"
"W04-3215","P02-1042","0.330769"
"P02-1042","W07-1202","1.05385"
"W07-1202","P02-1042","1.05385"
"P02-1042","W07-2206","0.230769"
"W07-2206","P02-1042","0.230769"
"P06-1088","P10-1036","0.230769"
"P10-1036","P06-1088","0.230769"
"P06-1088","P15-2041","0.153846"
"P15-2041","P06-1088","0.153846"
"P06-1088","P19-1337","0.0769231"
"P19-1337","P06-1088","0.0769231"
"P06-1088","W02-2203","0.153846"
"W02-2203","P06-1088","0.153846"
"P06-1088","W04-3215","0.675214"
"W04-3215","P06-1088","0.675214"
"P06-1088","W07-1202","0.418803"
"W07-1202","P06-1088","0.418803"
"P06-1088","W07-2206","0.432789"
"W07-2206","P06-1088","0.432789"
"P10-1036","W02-2203","0.521368"
"W02-2203","P10-1036","0.521368"
"P10-1036","W04-3215","0.153846"
"W04-3215","P10-1036","0.153846"
"P10-1036","W07-1202","0.730769"
"W07-1202","P10-1036","0.730769"
"P10-1036","W07-2206","0.153846"
"W07-2206","P10-1036","0.153846"
"P15-2041","W02-2203","0.0769231"
"W02-2203","P15-2041","0.0769231"
"P15-2041","W04-3215","0.153846"
"W04-3215","P15-2041","0.153846"
"P15-2041","W07-1202","0.353846"
"W07-1202","P15-2041","0.353846"
"P15-2041","W07-2206","0.353846"
"W07-2206","P15-2041","0.353846"
"P19-1337","W02-2203","0.0769231"
"W02-2203","P19-1337","0.0769231"
"P19-1337","W04-3215","0.0769231"
"W04-3215","P19-1337","0.0769231"
"P19-1337","W07-1202","0.0769231"
"W07-1202","P19-1337","0.0769231"
"P19-1337","W07-2206","0.0769231"
"W07-2206","P19-1337","0.0769231"
"W02-2203","W04-3215","0.153846"
"W04-3215","W02-2203","0.153846"
"W02-2203","W07-1202","0.153846"
"W07-1202","W02-2203","0.153846"
"W02-2203","W07-2206","0.153846"
"W07-2206","W02-2203","0.153846"
"W04-3215","W07-1202","0.34188"
"W07-1202","W04-3215","0.34188"
"W04-3215","W07-2206","0.418803"
"W07-2206","W04-3215","0.418803"
"W07-1202","W07-2206","0.54188"
"W07-2206","W07-1202","0.54188"
"C04-1041","W03-0424","0.424242"
"W03-0424","C04-1041","0.424242"
"P10-1036","W03-0424","0.333333"
