"2020.emnlp-main.391","D09-1058","0.194444"
"D09-1058","2020.emnlp-main.391","0.194444"
"2020.emnlp-main.391","D15-1039","0.611111"
"D15-1039","2020.emnlp-main.391","0.611111"
"2020.emnlp-main.391","H05-1064","0.111111"
"H05-1064","2020.emnlp-main.391","0.111111"
"2020.emnlp-main.391","N13-4005","0.111111"
"N13-4005","2020.emnlp-main.391","0.111111"
"2020.emnlp-main.391","P08-1068","0.194444"
"P08-1068","2020.emnlp-main.391","0.194444"
"2020.emnlp-main.391","P15-1124","0.111111"
"P15-1124","2020.emnlp-main.391","0.111111"
"2020.emnlp-main.391","Q16-1018","2.61111"
"Q16-1018","2020.emnlp-main.391","2.61111"
"2020.emnlp-main.391","Q17-1020","0.253968"
"Q17-1020","2020.emnlp-main.391","0.253968"
"2020.emnlp-main.391","W15-1511","1.61111"
"W15-1511","2020.emnlp-main.391","1.61111"
"D09-1058","D15-1039","0.276111"
"D15-1039","D09-1058","0.276111"
"D09-1058","H05-1064","0.151111"
"H05-1064","D09-1058","0.151111"
"D09-1058","N13-4005","0.111111"
"N13-4005","D09-1058","0.111111"
"D09-1058","P08-1068","2.15944"
"P08-1068","D09-1058","2.15944"
"D09-1058","P15-1124","0.111111"
"P15-1124","D09-1058","0.111111"
"D09-1058","Q16-1018","0.111111"
"Q16-1018","D09-1058","0.111111"
"D09-1058","Q17-1020","0.111111"
"Q17-1020","D09-1058","0.111111"
"D09-1058","W15-1511","0.277778"
"W15-1511","D09-1058","0.277778"
"D15-1039","H05-1064","0.151111"
"H05-1064","D15-1039","0.151111"
"D15-1039","N13-4005","0.111111"
"N13-4005","D15-1039","0.111111"
"D15-1039","P08-1068","0.32373"
"P08-1068","D15-1039","0.32373"
"D15-1039","P15-1124","0.111111"
"P15-1124","D15-1039","0.111111"
"D15-1039","Q16-1018","0.444444"
"Q16-1018","D15-1039","0.444444"
"D15-1039","Q17-1020","9.69206"
"Q17-1020","D15-1039","9.69206"
"D15-1039","W15-1511","0.444444"
"W15-1511","D15-1039","0.444444"
"H05-1064","N13-4005","0.253968"
"N13-4005","H05-1064","0.253968"
"H05-1064","P08-1068","0.793968"
"P08-1068","H05-1064","0.793968"
"H05-1064","P15-1124","0.111111"
"P15-1124","H05-1064","0.111111"
"H05-1064","Q16-1018","0.111111"
"Q16-1018","H05-1064","0.111111"
"H05-1064","Q17-1020","0.111111"
"Q17-1020","H05-1064","0.111111"
"H05-1064","W15-1511","0.611111"
"W15-1511","H05-1064","0.611111"
"N13-4005","P08-1068","0.396825"
"P08-1068","N13-4005","0.396825"
"N13-4005","P15-1124","0.444444"
"P15-1124","N13-4005","0.444444"
"N13-4005","Q16-1018","0.111111"
"Q16-1018","N13-4005","0.111111"
"N13-4005","Q17-1020","0.111111"
"Q17-1020","N13-4005","0.111111"
"N13-4005","W15-1511","0.444444"
"W15-1511","N13-4005","0.444444"
"P08-1068","P15-1124","0.111111"
"P15-1124","P08-1068","0.111111"
"P08-1068","Q16-1018","0.111111"
"Q16-1018","P08-1068","0.111111"
"P08-1068","Q17-1020","0.65873"
"Q17-1020","P08-1068","0.65873"
"P08-1068","W15-1511","0.611111"
"W15-1511","P08-1068","0.611111"
"P15-1124","Q16-1018","0.111111"
"Q16-1018","P15-1124","0.111111"
"P15-1124","Q17-1020","0.111111"
"Q17-1020","P15-1124","0.111111"
"P15-1124","W15-1511","0.111111"
"W15-1511","P15-1124","0.111111"
"Q16-1018","Q17-1020","1.44444"
"Q17-1020","Q16-1018","1.44444"
"Q16-1018","W15-1511","6.44444"
"W15-1511","Q16-1018","6.44444"
"Q17-1020","W15-1511","0.444444"
"W15-1511","Q17-1020","0.444444"
"2020.emnlp-main.391","2020.tacl-1.30","0.5"
"2020.tacl-1.30","2020.emnlp-main.391","0.5"
"2020.emnlp-main.391","2021.deelio-1.3","0.5"
"2021.deelio-1.3","2020.emnlp-main.391","0.5"
"2020.tacl-1.30","2021.deelio-1.3","2.33333"
"2021.deelio-1.3","2020.tacl-1.30","2.33333"
"2020.emnlp-main.391","D13-1164","0.142857"
"D13-1164","2020.emnlp-main.391","0.142857"
"2020.emnlp-main.391","D15-1023","0.142857"
"D15-1023","2020.emnlp-main.391","0.142857"
"2020.emnlp-main.391","D16-1051","0.142857"
"D16-1051","2020.emnlp-main.391","0.142857"
"2020.emnlp-main.391","E14-4035","0.142857"
"E14-4035","2020.emnlp-main.391","0.142857"
"2020.emnlp-main.391","N19-1385","0.642857"
"N19-1385","2020.emnlp-main.391","0.642857"
"2020.emnlp-main.391","W06-1628","0.142857"
"W06-1628","2020.emnlp-main.391","0.142857"
"D13-1164","D15-1023","1.92619"
"D15-1023","D13-1164","1.92619"
"D13-1164","D16-1051","2.59286"
"D16-1051","D13-1164","2.59286"
"D13-1164","E14-4035","3.79286"
"E14-4035","D13-1164","3.79286"
"D13-1164","N19-1385","0.142857"
"N19-1385","D13-1164","0.142857"
"D13-1164","Q17-1020","0.142857"
"Q17-1020","D13-1164","0.142857"
"D13-1164","W06-1628","0.642857"
"W06-1628","D13-1164","0.642857"
"D15-1023","D16-1051","3.22619"
"D16-1051","D15-1023","3.22619"
"D15-1023","E14-4035","2.42619"
"E14-4035","D15-1023","2.42619"
"D15-1023","N19-1385","0.142857"
"N19-1385","D15-1023","0.142857"
"D15-1023","Q17-1020","0.142857"
"Q17-1020","D15-1023","0.142857"
"D15-1023","W06-1628","0.142857"
"W06-1628","D15-1023","0.142857"
"D16-1051","E14-4035","3.42619"
"E14-4035","D16-1051","3.42619"
"D16-1051","N19-1385","0.142857"
"N19-1385","D16-1051","0.142857"
"D16-1051","Q17-1020","0.142857"
"Q17-1020","D16-1051","0.142857"
"D16-1051","W06-1628","0.142857"
"W06-1628","D16-1051","0.142857"
"E14-4035","N19-1385","0.142857"
"N19-1385","E14-4035","0.142857"
"E14-4035","Q17-1020","0.142857"
"Q17-1020","E14-4035","0.142857"
"E14-4035","W06-1628","0.142857"
"W06-1628","E14-4035","0.142857"
"N19-1385","Q17-1020","12.6905"
"Q17-1020","N19-1385","12.6905"
"N19-1385","W06-1628","0.190476"
"W06-1628","N19-1385","0.190476"
"Q17-1020","W06-1628","0.390476"
"W06-1628","Q17-1020","0.390476"
"2020.emnlp-main.391","D12-1019","0.0833333"
"D12-1019","2020.emnlp-main.391","0.0833333"
"2020.emnlp-main.391","J03-4003","0.0833333"
"J03-4003","2020.emnlp-main.391","0.0833333"
"2020.emnlp-main.391","P02-1034","0.0833333"
"P02-1034","2020.emnlp-main.391","0.0833333"
"2020.emnlp-main.391","P02-1062","0.0833333"
"P02-1062","2020.emnlp-main.391","0.0833333"
"2020.emnlp-main.391","P10-1001","0.0833333"
"P10-1001","2020.emnlp-main.391","0.0833333"
"2020.emnlp-main.391","P96-1025","0.0833333"
"P96-1025","2020.emnlp-main.391","0.0833333"
"2020.emnlp-main.391","P97-1003","0.0833333"
"P97-1003","2020.emnlp-main.391","0.0833333"
"2020.emnlp-main.391","W02-1001","0.0833333"
"W02-1001","2020.emnlp-main.391","0.0833333"
"2020.emnlp-main.391","W02-2236","0.0833333"
"W02-2236","2020.emnlp-main.391","0.0833333"
"2020.emnlp-main.391","W98-1105","0.0833333"
"W98-1105","2020.emnlp-main.391","0.0833333"
"D09-1058","D12-1019","0.29"
"D12-1019","D09-1058","0.29"
"D09-1058","J03-4003","0.623333"
"J03-4003","D09-1058","0.623333"
"D09-1058","P02-1034","0.123333"
"P02-1034","D09-1058","0.123333"
"D09-1058","P02-1062","0.0833333"
"P02-1062","D09-1058","0.0833333"
"D09-1058","P10-1001","2.515"
"P10-1001","D09-1058","2.515"
"D09-1058","P96-1025","0.123333"
"P96-1025","D09-1058","0.123333"
"D09-1058","P97-1003","0.29"
"P97-1003","D09-1058","0.29"
"D09-1058","W02-1001","0.123333"
"W02-1001","D09-1058","0.123333"
"D09-1058","W02-2236","0.123333"
"W02-2236","D09-1058","0.123333"
"D09-1058","W98-1105","0.123333"
"W98-1105","D09-1058","0.123333"
"D12-1019","J03-4003","1.12333"
"J03-4003","D12-1019","1.12333"
"D12-1019","P02-1034","0.373333"
"P02-1034","D12-1019","0.373333"
"D12-1019","P02-1062","0.0833333"
"P02-1062","D12-1019","0.0833333"
"D12-1019","P08-1068","0.26619"
"P08-1068","D12-1019","0.26619"
"D12-1019","P10-1001","0.29"
"P10-1001","D12-1019","0.29"
"D12-1019","P96-1025","0.123333"
"P96-1025","D12-1019","0.123333"
"D12-1019","P97-1003","0.123333"
"P97-1003","D12-1019","0.123333"
"D12-1019","W02-1001","0.373333"
"W02-1001","D12-1019","0.373333"
"D12-1019","W02-2236","0.123333"
"W02-2236","D12-1019","0.123333"
"D12-1019","W98-1105","0.123333"
"W98-1105","D12-1019","0.123333"
"J03-4003","P02-1034","1.45667"
"P02-1034","J03-4003","1.45667"
"J03-4003","P02-1062","0.0833333"
"P02-1062","J03-4003","0.0833333"
"J03-4003","P08-1068","0.456667"
"P08-1068","J03-4003","0.456667"
"J03-4003","P10-1001","0.29"
"P10-1001","J03-4003","0.29"
"J03-4003","P96-1025","2.04"
"P96-1025","J03-4003","2.04"
"J03-4003","P97-1003","2.74"
"P97-1003","J03-4003","2.74"
"J03-4003","W02-1001","0.123333"
"W02-1001","J03-4003","0.123333"
"J03-4003","W02-2236","0.748333"
"W02-2236","J03-4003","0.748333"
"J03-4003","W98-1105","0.623333"
"W98-1105","J03-4003","0.623333"
"P02-1034","P02-1062","1.31277"
"P02-1062","P02-1034","1.31277"
"P02-1034","P08-1068","0.170952"
"P08-1068","P02-1034","0.170952"
"P02-1034","P10-1001","0.170952"
"P10-1001","P02-1034","0.170952"
"P02-1034","P96-1025","0.123333"
"P96-1025","P02-1034","0.123333"
"P02-1034","P97-1003","0.123333"
"P97-1003","P02-1034","0.123333"
"P02-1034","W02-1001","0.420952"
"W02-1001","P02-1034","0.420952"
"P02-1034","W02-2236","0.214242"
"W02-2236","P02-1034","0.214242"
"P02-1034","W98-1105","0.123333"
"W98-1105","P02-1034","0.123333"
"P02-1062","P08-1068","0.130952"
"P08-1068","P02-1062","0.130952"
"P02-1062","P10-1001","0.130952"
"P10-1001","P02-1062","0.130952"
"P02-1062","P96-1025","0.0833333"
"P96-1025","P02-1062","0.0833333"
"P02-1062","P97-1003","0.0833333"
"P97-1003","P02-1062","0.0833333"
"P02-1062","W02-1001","0.380952"
"W02-1001","P02-1062","0.380952"
"P02-1062","W02-2236","0.507576"
"W02-2236","P02-1062","0.507576"
"P02-1062","W98-1105","0.0833333"
"W98-1105","P02-1062","0.0833333"
"P08-1068","P10-1001","1.06262"
"P10-1001","P08-1068","1.06262"
"P08-1068","P96-1025","0.123333"
"P96-1025","P08-1068","0.123333"
"P08-1068","P97-1003","0.123333"
"P97-1003","P08-1068","0.123333"
"P08-1068","W02-1001","0.170952"
"W02-1001","P08-1068","0.170952"
"P08-1068","W02-2236","0.123333"
"W02-2236","P08-1068","0.123333"
"P08-1068","W98-1105","0.123333"
"W98-1105","P08-1068","0.123333"
"P10-1001","P96-1025","0.123333"
"P96-1025","P10-1001","0.123333"
"P10-1001","P97-1003","0.29"
"P97-1003","P10-1001","0.29"
"P10-1001","W02-1001","0.170952"
"W02-1001","P10-1001","0.170952"
"P10-1001","W02-2236","0.123333"
"W02-2236","P10-1001","0.123333"
"P10-1001","W98-1105","0.123333"
"W98-1105","P10-1001","0.123333"
"P96-1025","P97-1003","1.04"
"P97-1003","P96-1025","1.04"
"P96-1025","W02-1001","0.123333"
"W02-1001","P96-1025","0.123333"
"P96-1025","W02-2236","0.123333"
"W02-2236","P96-1025","0.123333"
"P96-1025","W98-1105","0.623333"
"W98-1105","P96-1025","0.623333"
"P97-1003","W02-1001","0.123333"
"W02-1001","P97-1003","0.123333"
"P97-1003","W02-2236","0.123333"
"W02-2236","P97-1003","0.123333"
"P97-1003","W98-1105","0.123333"
"W98-1105","P97-1003","0.123333"
"W02-1001","W02-2236","0.123333"
"W02-2236","W02-1001","0.123333"
"W02-1001","W98-1105","0.123333"
"W98-1105","W02-1001","0.123333"
"W02-2236","W98-1105","0.123333"
"W98-1105","W02-2236","0.123333"
"D15-1039","N19-1385","6.04762"
"N19-1385","D15-1039","6.04762"
"2020.tacl-1.30","Q19-1026","6.33333"
"Q19-1026","2020.tacl-1.30","6.33333"
"2021.deelio-1.3","Q19-1026","1"
"Q19-1026","2021.deelio-1.3","1"
"2020.tacl-1.30","N19-1300","4.16667"
"N19-1300","2020.tacl-1.30","4.16667"
"N19-1300","Q19-1026","5.33333"
"Q19-1026","N19-1300","5.33333"
"2020.tacl-1.30","P19-1620","0.666667"
"P19-1620","2020.tacl-1.30","0.666667"
"2021.deelio-1.3","N19-1300","0.833333"
"N19-1300","2021.deelio-1.3","0.833333"
"2021.deelio-1.3","P19-1620","0.333333"
"P19-1620","2021.deelio-1.3","0.333333"
"N19-1300","P19-1620","0.666667"
"P19-1620","N19-1300","0.666667"
"P19-1620","Q19-1026","0.333333"
"Q19-1026","P19-1620","0.333333"
"2021.deelio-1.3","Q16-1010","2"
"Q16-1010","2021.deelio-1.3","2"
"2021.deelio-1.3","P15-1124","1"
"P15-1124","2021.deelio-1.3","1"
"A00-1041","E14-1048","0.333333"
"E14-1048","A00-1041","0.333333"
"A00-1041","N13-4005","0.333333"
"N13-4005","A00-1041","0.333333"
"A00-1041","W15-1511","0.333333"
"W15-1511","A00-1041","0.333333"
"E14-1048","N13-4005","0.333333"
"N13-4005","E14-1048","0.333333"
"E14-1048","W15-1511","0.333333"
"W15-1511","E14-1048","0.333333"
"D07-1015","D09-1058","1.925"
"D09-1058","D07-1015","1.925"
"D07-1015","D10-1125","1.40595"
"D10-1125","D07-1015","1.40595"
"D07-1015","P08-1068","1.13929"
"P08-1068","D07-1015","1.13929"
"D07-1015","P10-1001","1.77262"
"P10-1001","D07-1015","1.77262"
"D07-1015","W08-2102","1.15519"
"W08-2102","D07-1015","1.15519"
"D09-1058","D10-1125","1.85833"
"D10-1125","D09-1058","1.85833"
"D09-1058","W08-2102","0.933333"
"W08-2102","D09-1058","0.933333"
"D10-1125","P08-1068","0.739286"
"P08-1068","D10-1125","0.739286"
"D10-1125","P10-1001","1.70595"
"P10-1001","D10-1125","1.70595"
"D10-1125","W08-2102","0.414286"
"W08-2102","D10-1125","0.414286"
"P08-1068","W08-2102","0.814286"
"W08-2102","P08-1068","0.814286"
"P10-1001","W08-2102","1.73095"
"W08-2102","P10-1001","1.73095"
"D07-1015","D09-1021","0.2"
"D09-1021","D07-1015","0.2"
"D09-1021","D09-1058","0.2"
"D09-1058","D09-1021","0.2"
"D09-1021","P08-1068","0.2"
"P08-1068","D09-1021","0.2"
"D09-1021","P10-1001","0.866667"
"P10-1001","D09-1021","0.866667"
"D09-1021","W08-2102","0.325"
"W08-2102","D09-1021","0.325"
"D07-1015","D10-1001","0.589286"
"D10-1001","D07-1015","0.589286"
"D07-1015","D12-1131","0.325"
"D12-1131","D07-1015","0.325"
"D07-1015","D15-1039","0.172619"
"D15-1039","D07-1015","0.172619"
"D07-1015","Q16-1010","0.172619"
"Q16-1010","D07-1015","0.172619"
"D09-1058","D10-1001","0.498333"
"D10-1001","D09-1058","0.498333"
"D09-1058","D12-1131","0.365"
"D12-1131","D09-1058","0.365"
"D09-1058","Q16-1010","0.125"
"Q16-1010","D09-1058","0.125"
"D10-1001","D10-1125","1.87262"
"D10-1125","D10-1001","1.87262"
"D10-1001","D12-1131","0.615"
"D12-1131","D10-1001","0.615"
"D10-1001","D15-1039","0.212619"
"D15-1039","D10-1001","0.212619"
"D10-1001","P08-1068","0.379286"
"P08-1068","D10-1001","0.379286"
"D10-1001","P10-1001","0.879286"
"P10-1001","D10-1001","0.879286"
"D10-1001","Q16-1010","0.172619"
"Q16-1010","D10-1001","0.172619"
"D10-1125","D12-1131","0.775"
"D12-1131","D10-1125","0.775"
"D10-1125","D15-1039","0.172619"
"D15-1039","D10-1125","0.172619"
"D10-1125","Q16-1010","0.172619"
"Q16-1010","D10-1125","0.172619"
"D12-1131","D15-1039","0.165"
"D15-1039","D12-1131","0.165"
"D12-1131","P08-1068","0.365"
"P08-1068","D12-1131","0.365"
"D12-1131","P10-1001","0.165"
"P10-1001","D12-1131","0.165"
"D12-1131","Q16-1010","0.125"
"Q16-1010","D12-1131","0.125"
"D15-1039","P10-1001","0.212619"
"P10-1001","D15-1039","0.212619"
"D15-1039","Q16-1010","0.172619"
"Q16-1010","D15-1039","0.172619"
"P08-1068","Q16-1010","0.172619"
"Q16-1010","P08-1068","0.172619"
"P10-1001","Q16-1010","0.172619"
"Q16-1010","P10-1001","0.172619"
"D07-1015","P15-1032","0.4"
"P15-1032","D07-1015","0.4"
"D09-1058","P15-1032","1.10667"
"P15-1032","D09-1058","1.10667"
"D10-1125","P15-1032","0.2"
"P15-1032","D10-1125","0.2"
"D12-1131","P15-1032","1.74"
"P15-1032","D12-1131","1.74"
"P08-1068","P15-1032","1.58286"
"P15-1032","P08-1068","1.58286"
"D10-1001","W08-2102","0.630952"
"W08-2102","D10-1001","0.630952"
"D07-1015","D07-1071","0.388528"
"D07-1071","D07-1015","0.388528"
"D07-1015","D07-1077","0.047619"
"D07-1077","D07-1015","0.047619"
"D07-1015","H05-1100","0.047619"
"H05-1100","D07-1015","0.047619"
"D07-1015","J05-1003","0.471861"
"J05-1003","D07-1015","0.471861"
"D07-1015","N19-1385","0.214286"
"N19-1385","D07-1015","0.214286"
"D07-1015","P02-1034","0.138528"
"P02-1034","D07-1015","0.138528"
"D07-1015","P02-1062","0.138528"
"P02-1062","D07-1015","0.138528"
"D07-1015","P04-1007","0.471861"
"P04-1007","D07-1015","0.471861"
"D07-1015","P04-1015","0.138528"
"P04-1015","D07-1015","0.138528"
"D07-1015","P05-1063","0.471861"
"P05-1063","D07-1015","0.471861"
"D07-1015","P09-1110","0.388528"
"P09-1110","D07-1015","0.388528"
"D07-1015","Q17-1020","0.047619"
"Q17-1020","D07-1015","0.047619"
"D07-1015","W02-1001","0.047619"
"W02-1001","D07-1015","0.047619"
"D07-1015","W06-1628","0.047619"
"W06-1628","D07-1015","0.047619"
"D07-1071","D07-1077","0.047619"
"D07-1077","D07-1071","0.047619"
"D07-1071","D10-1001","0.297619"
"D10-1001","D07-1071","0.297619"
"D07-1071","D10-1125","0.047619"
"D10-1125","D07-1071","0.047619"
"D07-1071","D15-1039","0.047619"
"D15-1039","D07-1071","0.047619"
"D07-1071","H05-1100","0.047619"
"H05-1100","D07-1071","0.047619"
"D07-1071","J05-1003","0.138528"
"J05-1003","D07-1071","0.138528"
"D07-1071","N19-1385","0.047619"
"N19-1385","D07-1071","0.047619"
"D07-1071","P02-1034","0.138528"
"P02-1034","D07-1071","0.138528"
"D07-1071","P02-1062","0.138528"
"P02-1062","D07-1071","0.138528"
"D07-1071","P04-1007","0.138528"
"P04-1007","D07-1071","0.138528"
"D07-1071","P04-1015","0.138528"
"P04-1015","D07-1071","0.138528"
"D07-1071","P05-1063","0.138528"
"P05-1063","D07-1071","0.138528"
"D07-1071","P08-1068","0.047619"
"P08-1068","D07-1071","0.047619"
"D07-1071","P09-1110","6.38853"
"P09-1110","D07-1071","6.38853"
"D07-1071","P10-1001","0.047619"
"P10-1001","D07-1071","0.047619"
"D07-1071","Q16-1010","1.54762"
"Q16-1010","D07-1071","1.54762"
"D07-1071","Q17-1020","0.047619"
"Q17-1020","D07-1071","0.047619"
"D07-1071","W02-1001","0.047619"
"W02-1001","D07-1071","0.047619"
"D07-1071","W06-1628","0.047619"
"W06-1628","D07-1071","0.047619"
"D07-1071","W08-2102","0.388528"
"W08-2102","D07-1071","0.388528"
"D07-1077","D10-1001","0.047619"
"D10-1001","D07-1077","0.047619"
"D07-1077","D10-1125","0.047619"
"D10-1125","D07-1077","0.047619"
"D07-1077","D15-1039","0.047619"
"D15-1039","D07-1077","0.047619"
"D07-1077","H05-1100","0.047619"
"H05-1100","D07-1077","0.047619"
"D07-1077","J05-1003","0.505952"
"J05-1003","D07-1077","0.505952"
"D07-1077","N19-1385","0.047619"
"N19-1385","D07-1077","0.047619"
"D07-1077","P02-1034","0.047619"
"P02-1034","D07-1077","0.047619"
"D07-1077","P02-1062","0.047619"
"P02-1062","D07-1077","0.047619"
"D07-1077","P04-1007","0.047619"
"P04-1007","D07-1077","0.047619"
"D07-1077","P04-1015","0.047619"
"P04-1015","D07-1077","0.047619"
"D07-1077","P05-1063","0.047619"
"P05-1063","D07-1077","0.047619"
"D07-1077","P08-1068","0.047619"
"P08-1068","D07-1077","0.047619"
"D07-1077","P09-1110","0.047619"
"P09-1110","D07-1077","0.047619"
"D07-1077","P10-1001","0.047619"
"P10-1001","D07-1077","0.047619"
"D07-1077","Q16-1010","0.047619"
"Q16-1010","D07-1077","0.047619"
"D07-1077","Q17-1020","0.247619"
"Q17-1020","D07-1077","0.247619"
"D07-1077","W02-1001","0.047619"
"W02-1001","D07-1077","0.047619"
"D07-1077","W06-1628","1.88095"
"W06-1628","D07-1077","1.88095"
"D07-1077","W08-2102","0.172619"
"W08-2102","D07-1077","0.172619"
"D10-1001","H05-1100","0.138528"
"H05-1100","D10-1001","0.138528"
"D10-1001","J05-1003","0.178528"
"J05-1003","D10-1001","0.178528"
"D10-1001","N19-1385","0.047619"
"N19-1385","D10-1001","0.047619"
"D10-1001","P02-1034","0.178528"
"P02-1034","D10-1001","0.178528"
"D10-1001","P02-1062","0.138528"
"P02-1062","D10-1001","0.138528"
"D10-1001","P04-1007","0.047619"
"P04-1007","D10-1001","0.047619"
"D10-1001","P04-1015","0.047619"
"P04-1015","D10-1001","0.047619"
"D10-1001","P05-1063","0.138528"
"P05-1063","D10-1001","0.138528"
"D10-1001","P09-1110","0.297619"
"P09-1110","D10-1001","0.297619"
"D10-1001","Q17-1020","0.047619"
"Q17-1020","D10-1001","0.047619"
"D10-1001","W02-1001","0.0876191"
"W02-1001","D10-1001","0.0876191"
"D10-1001","W06-1628","0.138528"
"W06-1628","D10-1001","0.138528"
"D10-1125","H05-1100","0.047619"
"H05-1100","D10-1125","0.047619"
"D10-1125","J05-1003","0.047619"
"J05-1003","D10-1125","0.047619"
"D10-1125","N19-1385","0.047619"
"N19-1385","D10-1125","0.047619"
"D10-1125","P02-1034","0.047619"
"P02-1034","D10-1125","0.047619"
"D10-1125","P02-1062","0.047619"
"P02-1062","D10-1125","0.047619"
"D10-1125","P04-1007","0.047619"
"P04-1007","D10-1125","0.047619"
"D10-1125","P04-1015","0.047619"
"P04-1015","D10-1125","0.047619"
"D10-1125","P05-1063","0.047619"
"P05-1063","D10-1125","0.047619"
"D10-1125","P09-1110","0.047619"
"P09-1110","D10-1125","0.047619"
"D10-1125","Q17-1020","0.047619"
"Q17-1020","D10-1125","0.047619"
"D10-1125","W02-1001","0.047619"
"W02-1001","D10-1125","0.047619"
"D10-1125","W06-1628","0.247619"
"W06-1628","D10-1125","0.247619"
"D15-1039","H05-1100","0.047619"
"H05-1100","D15-1039","0.047619"
"D15-1039","J05-1003","0.0876191"
"J05-1003","D15-1039","0.0876191"
"D15-1039","P02-1034","0.0876191"
"P02-1034","D15-1039","0.0876191"
"D15-1039","P02-1062","0.047619"
"P02-1062","D15-1039","0.047619"
"D15-1039","P04-1007","0.047619"
"P04-1007","D15-1039","0.047619"
"D15-1039","P04-1015","0.047619"
"P04-1015","D15-1039","0.047619"
"D15-1039","P05-1063","0.047619"
"P05-1063","D15-1039","0.047619"
"D15-1039","P09-1110","0.047619"
"P09-1110","D15-1039","0.047619"
"D15-1039","W02-1001","0.0876191"
"W02-1001","D15-1039","0.0876191"
"D15-1039","W06-1628","0.247619"
"W06-1628","D15-1039","0.247619"
"D15-1039","W08-2102","0.047619"
"W08-2102","D15-1039","0.047619"
"H05-1100","J05-1003","0.138528"
"J05-1003","H05-1100","0.138528"
"H05-1100","N19-1385","0.047619"
"N19-1385","H05-1100","0.047619"
"H05-1100","P02-1034","0.138528"
"P02-1034","H05-1100","0.138528"
"H05-1100","P02-1062","0.138528"
"P02-1062","H05-1100","0.138528"
"H05-1100","P04-1007","0.047619"
"P04-1007","H05-1100","0.047619"
"H05-1100","P04-1015","0.714286"
"P04-1015","H05-1100","0.714286"
"H05-1100","P05-1063","0.138528"
"P05-1063","H05-1100","0.138528"
"H05-1100","P08-1068","0.380952"
"P08-1068","H05-1100","0.380952"
"H05-1100","P09-1110","0.047619"
"P09-1110","H05-1100","0.047619"
"H05-1100","P10-1001","0.630952"
"P10-1001","H05-1100","0.630952"
"H05-1100","Q16-1010","0.047619"
"Q16-1010","H05-1100","0.047619"
"H05-1100","Q17-1020","0.047619"
"Q17-1020","H05-1100","0.047619"
"H05-1100","W02-1001","0.047619"
"W02-1001","H05-1100","0.047619"
"H05-1100","W06-1628","1.13853"
"W06-1628","H05-1100","1.13853"
"H05-1100","W08-2102","0.297619"
"W08-2102","H05-1100","0.297619"
"J05-1003","N19-1385","0.047619"
"N19-1385","J05-1003","0.047619"
"J05-1003","P02-1034","0.852771"
"P02-1034","J05-1003","0.852771"
"J05-1003","P02-1062","1.1461"
"P02-1062","J05-1003","1.1461"
"J05-1003","P04-1007","1.47186"
"P04-1007","J05-1003","1.47186"
"J05-1003","P04-1015","1.22186"
"P04-1015","J05-1003","1.22186"
"J05-1003","P05-1063","0.562771"
"P05-1063","J05-1003","0.562771"
"J05-1003","P08-1068","0.0876191"
"P08-1068","J05-1003","0.0876191"
"J05-1003","P09-1110","0.138528"
"P09-1110","J05-1003","0.138528"
"J05-1003","P10-1001","0.0876191"
"P10-1001","J05-1003","0.0876191"
"J05-1003","Q16-1010","0.047619"
"Q16-1010","J05-1003","0.047619"
"J05-1003","Q17-1020","0.047619"
"Q17-1020","J05-1003","0.047619"
"J05-1003","W02-1001","0.587619"
"W02-1001","J05-1003","0.587619"
"J05-1003","W06-1628","0.138528"
"W06-1628","J05-1003","0.138528"
"J05-1003","W08-2102","0.596861"
"W08-2102","J05-1003","0.596861"
"N19-1385","P02-1034","0.047619"
"P02-1034","N19-1385","0.047619"
"N19-1385","P02-1062","0.047619"
"P02-1062","N19-1385","0.047619"
"N19-1385","P04-1007","0.047619"
"P04-1007","N19-1385","0.047619"
"N19-1385","P04-1015","0.047619"
"P04-1015","N19-1385","0.047619"
"N19-1385","P05-1063","0.047619"
"P05-1063","N19-1385","0.047619"
"N19-1385","P08-1068","0.047619"
"P08-1068","N19-1385","0.047619"
"N19-1385","P09-1110","0.047619"
"P09-1110","N19-1385","0.047619"
"N19-1385","P10-1001","0.214286"
"P10-1001","N19-1385","0.214286"
"N19-1385","Q16-1010","0.047619"
"Q16-1010","N19-1385","0.047619"
"N19-1385","W02-1001","0.047619"
"W02-1001","N19-1385","0.047619"
"N19-1385","W08-2102","0.047619"
"W08-2102","N19-1385","0.047619"
"P02-1034","P04-1007","0.138528"
"P04-1007","P02-1034","0.138528"
"P02-1034","P04-1015","0.138528"
"P04-1015","P02-1034","0.138528"
"P02-1034","P05-1063","0.229437"
"P05-1063","P02-1034","0.229437"
"P02-1034","P09-1110","0.138528"
"P09-1110","P02-1034","0.138528"
"P02-1034","Q16-1010","0.047619"
"Q16-1010","P02-1034","0.047619"
"P02-1034","Q17-1020","0.047619"
"Q17-1020","P02-1034","0.047619"
"P02-1034","W06-1628","0.138528"
"W06-1628","P02-1034","0.138528"
"P02-1034","W08-2102","0.471861"
"W08-2102","P02-1034","0.471861"
"P02-1062","P04-1007","0.138528"
"P04-1007","P02-1062","0.138528"
"P02-1062","P04-1015","0.721861"
"P04-1015","P02-1062","0.721861"
"P02-1062","P05-1063","0.229437"
"P05-1063","P02-1062","0.229437"
"P02-1062","P09-1110","0.138528"
"P09-1110","P02-1062","0.138528"
"P02-1062","Q16-1010","0.047619"
"Q16-1010","P02-1062","0.047619"
"P02-1062","Q17-1020","0.047619"
"Q17-1020","P02-1062","0.047619"
"P02-1062","W06-1628","0.138528"
"W06-1628","P02-1062","0.138528"
"P02-1062","W08-2102","0.138528"
"W08-2102","P02-1062","0.138528"
"P04-1007","P04-1015","0.138528"
"P04-1015","P04-1007","0.138528"
"P04-1007","P05-1063","0.471861"
"P05-1063","P04-1007","0.471861"
"P04-1007","P08-1068","0.047619"
"P08-1068","P04-1007","0.047619"
"P04-1007","P09-1110","0.138528"
"P09-1110","P04-1007","0.138528"
"P04-1007","P10-1001","0.047619"
"P10-1001","P04-1007","0.047619"
"P04-1007","Q16-1010","0.047619"
"Q16-1010","P04-1007","0.047619"
"P04-1007","Q17-1020","0.047619"
"Q17-1020","P04-1007","0.047619"
"P04-1007","W02-1001","0.047619"
"W02-1001","P04-1007","0.047619"
"P04-1007","W06-1628","0.047619"
"W06-1628","P04-1007","0.047619"
"P04-1007","W08-2102","0.138528"
"W08-2102","P04-1007","0.138528"
"P04-1015","P05-1063","0.638528"
"P05-1063","P04-1015","0.638528"
"P04-1015","P08-1068","0.047619"
"P08-1068","P04-1015","0.047619"
"P04-1015","P09-1110","0.138528"
"P09-1110","P04-1015","0.138528"
"P04-1015","P10-1001","0.380952"
"P10-1001","P04-1015","0.380952"
"P04-1015","Q16-1010","0.047619"
"Q16-1010","P04-1015","0.047619"
"P04-1015","Q17-1020","0.047619"
"Q17-1020","P04-1015","0.047619"
"P04-1015","W02-1001","0.297619"
"W02-1001","P04-1015","0.297619"
"P04-1015","W06-1628","0.047619"
"W06-1628","P04-1015","0.047619"
"P04-1015","W08-2102","0.138528"
"W08-2102","P04-1015","0.138528"
"P05-1063","P08-1068","0.047619"
"P08-1068","P05-1063","0.047619"
"P05-1063","P09-1110","0.138528"
"P09-1110","P05-1063","0.138528"
"P05-1063","P10-1001","0.047619"
"P10-1001","P05-1063","0.047619"
"P05-1063","Q16-1010","0.047619"
"Q16-1010","P05-1063","0.047619"
"P05-1063","Q17-1020","0.047619"
"Q17-1020","P05-1063","0.047619"
"P05-1063","W02-1001","0.047619"
"W02-1001","P05-1063","0.047619"
"P05-1063","W06-1628","0.638528"
"W06-1628","P05-1063","0.638528"
"P05-1063","W08-2102","0.138528"
"W08-2102","P05-1063","0.138528"
"P08-1068","P09-1110","0.047619"
"P09-1110","P08-1068","0.047619"
"P08-1068","W06-1628","0.047619"
"W06-1628","P08-1068","0.047619"
"P09-1110","P10-1001","0.047619"
"P10-1001","P09-1110","0.047619"
"P09-1110","Q16-1010","1.54762"
"Q16-1010","P09-1110","1.54762"
"P09-1110","Q17-1020","0.047619"
"Q17-1020","P09-1110","0.047619"
"P09-1110","W02-1001","0.047619"
"W02-1001","P09-1110","0.047619"
"P09-1110","W06-1628","0.047619"
"W06-1628","P09-1110","0.047619"
"P09-1110","W08-2102","0.388528"
"W08-2102","P09-1110","0.388528"
"P10-1001","Q17-1020","0.047619"
"Q17-1020","P10-1001","0.047619"
"P10-1001","W06-1628","0.047619"
"W06-1628","P10-1001","0.047619"
"Q16-1010","Q17-1020","0.047619"
"Q17-1020","Q16-1010","0.047619"
"Q16-1010","W02-1001","0.047619"
"W02-1001","Q16-1010","0.047619"
"Q16-1010","W06-1628","0.047619"
"W06-1628","Q16-1010","0.047619"
"Q16-1010","W08-2102","0.047619"
"W08-2102","Q16-1010","0.047619"
"Q17-1020","W02-1001","0.047619"
"W02-1001","Q17-1020","0.047619"
"Q17-1020","W08-2102","0.047619"
"W08-2102","Q17-1020","0.047619"
"W02-1001","W06-1628","0.047619"
"W06-1628","W02-1001","0.047619"
"W02-1001","W08-2102","0.047619"
"W08-2102","W02-1001","0.047619"
"W06-1628","W08-2102","0.047619"
"W08-2102","W06-1628","0.047619"
"D07-1015","J03-4003","0.166667"
"J03-4003","D07-1015","0.166667"
"D07-1015","P97-1003","0.166667"
"P97-1003","D07-1015","0.166667"
"D07-1015","P99-1065","0.166667"
"P99-1065","D07-1015","0.166667"
"D09-1058","N19-1385","0.166667"
"N19-1385","D09-1058","0.166667"
"D09-1058","P99-1065","0.206667"
"P99-1065","D09-1058","0.206667"
"J03-4003","N19-1385","0.166667"
"N19-1385","J03-4003","0.166667"
"J03-4003","P99-1065","1.665"
"P99-1065","J03-4003","1.665"
"N19-1385","P97-1003","0.166667"
"P97-1003","N19-1385","0.166667"
"N19-1385","P99-1065","0.166667"
"P99-1065","N19-1385","0.166667"
"P10-1001","P99-1065","0.206667"
"P99-1065","P10-1001","0.206667"
"P97-1003","P99-1065","1.20667"
"P99-1065","P97-1003","1.20667"
"D07-1015","H05-1064","0.0909091"
"H05-1064","D07-1015","0.0909091"
"D07-1015","W01-1802","0.0909091"
"W01-1802","D07-1015","0.0909091"
"D07-1071","H05-1064","0.0909091"
"H05-1064","D07-1071","0.0909091"
"D07-1071","W01-1802","0.0909091"
"W01-1802","D07-1071","0.0909091"
"H05-1064","J05-1003","2.55515"
"J05-1003","H05-1064","2.55515"
"H05-1064","P02-1034","0.471818"
"P02-1034","H05-1064","0.471818"
"H05-1064","P02-1062","0.765152"
"P02-1062","H05-1064","0.765152"
"H05-1064","P04-1007","0.0909091"
"P04-1007","H05-1064","0.0909091"
"H05-1064","P04-1015","1.17424"
"P04-1015","H05-1064","1.17424"
"H05-1064","P05-1063","0.181818"
"P05-1063","H05-1064","0.181818"
"H05-1064","P09-1110","0.0909091"
"P09-1110","H05-1064","0.0909091"
"H05-1064","W01-1802","0.0909091"
"W01-1802","H05-1064","0.0909091"
"H05-1064","W08-2102","1.34091"
"W08-2102","H05-1064","1.34091"
"J05-1003","W01-1802","0.424242"
"W01-1802","J05-1003","0.424242"
"P02-1034","W01-1802","0.0909091"
"W01-1802","P02-1034","0.0909091"
"P02-1062","W01-1802","0.424242"
"W01-1802","P02-1062","0.424242"
"P04-1007","W01-1802","0.0909091"
"W01-1802","P04-1007","0.0909091"
"P04-1015","W01-1802","0.424242"
"W01-1802","P04-1015","0.424242"
"P05-1063","W01-1802","0.0909091"
"W01-1802","P05-1063","0.0909091"
"P09-1110","W01-1802","0.0909091"
"W01-1802","P09-1110","0.0909091"
"W01-1802","W08-2102","0.0909091"
"W08-2102","W01-1802","0.0909091"
"D07-1015","Q16-1018","0.5"
"Q16-1018","D07-1015","0.5"
"D07-1015","W15-1511","0.5"
"W15-1511","D07-1015","0.5"
"P10-1001","P15-1032","1.40667"
"P15-1032","P10-1001","1.40667"
"P15-1032","W08-2102","0.366667"
"W08-2102","P15-1032","0.366667"
"D07-1071","P97-1003","0.5"
"P97-1003","D07-1071","0.5"
"P09-1110","P97-1003","0.5"
"P97-1003","P09-1110","0.5"
"D07-1077","D18-1405","0.333333"
"D18-1405","D07-1077","0.333333"
"D07-1077","P05-1066","2.33333"
"P05-1066","D07-1077","2.33333"
"D18-1405","J05-1003","0.373333"
"J05-1003","D18-1405","0.373333"
"D18-1405","P05-1066","0.333333"
"P05-1066","D18-1405","0.333333"
"J05-1003","P05-1066","0.333333"
"P05-1066","J05-1003","0.333333"
"D07-1077","D09-1021","1.90833"
"D09-1021","D07-1077","1.90833"
"D07-1077","D13-1164","0.7"
"D13-1164","D07-1077","0.7"
"D07-1077","D16-1051","0.2"
"D16-1051","D07-1077","0.2"
"D07-1077","E14-4035","0.2"
"E14-4035","D07-1077","0.2"
"D07-1077","P11-1008","0.7"
"P11-1008","D07-1077","0.7"
"D09-1021","D13-1164","1.03333"
"D13-1164","D09-1021","1.03333"
"D09-1021","D16-1051","0.533333"
"D16-1051","D09-1021","0.533333"
"D09-1021","E14-4035","0.533333"
"E14-4035","D09-1021","0.533333"
"D09-1021","P11-1008","0.783333"
"P11-1008","D09-1021","0.783333"
"D13-1164","P11-1008","0.783333"
"P11-1008","D13-1164","0.783333"
"D16-1051","P11-1008","0.2"
"P11-1008","D16-1051","0.2"
"E14-4035","P11-1008","0.2"
"P11-1008","E14-4035","0.2"
"D09-1021","W06-1628","3.70952"
"W06-1628","D09-1021","3.70952"
"P11-1008","W06-1628","0.25"
"W06-1628","P11-1008","0.25"
"D07-1077","D11-1003","0.7"
"D11-1003","D07-1077","0.7"
"D07-1077","Q19-1026","0.25"
"Q19-1026","D07-1077","0.25"
"D09-1021","D11-1003","1.09286"
"D11-1003","D09-1021","1.09286"
"D09-1021","P05-1066","3.50952"
"P05-1066","D09-1021","3.50952"
"D09-1021","Q19-1026","0.25"
"Q19-1026","D09-1021","0.25"
"D11-1003","P05-1066","1.59286"
"P05-1066","D11-1003","1.59286"
"D11-1003","Q19-1026","0.25"
"Q19-1026","D11-1003","0.25"
"P05-1066","Q19-1026","0.25"
"Q19-1026","P05-1066","0.25"
"D07-1077","D17-1157","0.533333"
"D17-1157","D07-1077","0.533333"
"D09-1021","D17-1157","0.67619"
"D17-1157","D09-1021","0.67619"
"D17-1157","W06-1628","1.17619"
"W06-1628","D17-1157","1.17619"
"D07-1077","J03-4003","0.125"
"J03-4003","D07-1077","0.125"
"D07-1077","J99-3006","0.125"
"J99-3006","D07-1077","0.125"
"D07-1077","P12-1024","0.125"
"P12-1024","D07-1077","0.125"
"D07-1077","P99-1065","0.125"
"P99-1065","D07-1077","0.125"
"D07-1077","W02-2236","0.125"
"W02-2236","D07-1077","0.125"
"D09-1021","J03-4003","0.825"
"J03-4003","D09-1021","0.825"
"D09-1021","J05-1003","0.125"
"J05-1003","D09-1021","0.125"
"D09-1021","J99-3006","0.125"
"J99-3006","D09-1021","0.125"
"D09-1021","P12-1024","0.125"
"P12-1024","D09-1021","0.125"
"D09-1021","P99-1065","0.125"
"P99-1065","D09-1021","0.125"
"D09-1021","W02-2236","0.125"
"W02-2236","D09-1021","0.125"
"J03-4003","J05-1003","2.83167"
"J05-1003","J03-4003","2.83167"
"J03-4003","J99-3006","1.165"
"J99-3006","J03-4003","1.165"
"J03-4003","P12-1024","0.165"
"P12-1024","J03-4003","0.165"
"J03-4003","W08-2102","0.958333"
"W08-2102","J03-4003","0.958333"
"J05-1003","J99-3006","0.165"
"J99-3006","J05-1003","0.165"
"J05-1003","P12-1024","0.165"
"P12-1024","J05-1003","0.165"
"J05-1003","P99-1065","0.589242"
"P99-1065","J05-1003","0.589242"
"J05-1003","W02-2236","0.589242"
"W02-2236","J05-1003","0.589242"
"J99-3006","P12-1024","0.165"
"P12-1024","J99-3006","0.165"
"J99-3006","P99-1065","0.165"
"P99-1065","J99-3006","0.165"
"J99-3006","W02-2236","0.165"
"W02-2236","J99-3006","0.165"
"J99-3006","W08-2102","0.125"
"W08-2102","J99-3006","0.125"
"P12-1024","P99-1065","0.165"
"P99-1065","P12-1024","0.165"
"P12-1024","W02-2236","0.165"
"W02-2236","P12-1024","0.165"
"P12-1024","W08-2102","0.125"
"W08-2102","P12-1024","0.125"
"P99-1065","W02-2236","0.255909"
"W02-2236","P99-1065","0.255909"
"P99-1065","W08-2102","0.125"
"W08-2102","P99-1065","0.125"
"W02-2236","W08-2102","0.625"
"W08-2102","W02-2236","0.625"
"D07-1077","Q17-1005","2.45"
"Q17-1005","D07-1077","2.45"
"P05-1066","W06-1628","5.42619"
"W06-1628","P05-1066","5.42619"
"D13-1164","P05-1066","0.45"
"P05-1066","D13-1164","0.45"
"D07-1077","D13-1022","0.45"
"D13-1022","D07-1077","0.45"
"D11-1003","D13-1022","5.59286"
"D13-1022","D11-1003","5.59286"
"D11-1003","D17-1157","0.542857"
"D17-1157","D11-1003","0.542857"
"D11-1003","Q17-1005","1.09286"
"Q17-1005","D11-1003","1.09286"
"D11-1003","Q17-1020","0.4"
"Q17-1020","D11-1003","0.4"
"D13-1022","D17-1157","0.67619"
"D17-1157","D13-1022","0.67619"
"D13-1022","Q17-1005","2.42619"
"Q17-1005","D13-1022","2.42619"
"D13-1022","Q17-1020","0.2"
"Q17-1020","D13-1022","0.2"
"D17-1157","Q17-1005","1.17619"
"Q17-1005","D17-1157","1.17619"
"D17-1157","Q17-1020","0.4"
"Q17-1020","D17-1157","0.4"
"Q17-1005","Q17-1020","0.2"
"Q17-1020","Q17-1005","0.2"
"D11-1003","P11-1008","3.28333"
"P11-1008","D11-1003","3.28333"
"D13-1022","P11-1008","7.25"
"P11-1008","D13-1022","7.25"
"P11-1008","Q17-1005","0.25"
"Q17-1005","P11-1008","0.25"
"D09-1021","D10-1125","0.2"
"D10-1125","D09-1021","0.2"
"D09-1021","P97-1003","0.2"
"P97-1003","D09-1021","0.2"
"D10-1125","J03-4003","0.2"
"J03-4003","D10-1125","0.2"
"D10-1125","P05-1066","0.2"
"P05-1066","D10-1125","0.2"
"D10-1125","P97-1003","0.2"
"P97-1003","D10-1125","0.2"
"J03-4003","P05-1066","0.2"
"P05-1066","J03-4003","0.2"
"J03-4003","W06-1628","0.2"
"W06-1628","J03-4003","0.2"
"P05-1066","P97-1003","0.2"
"P97-1003","P05-1066","0.2"
"P97-1003","W06-1628","0.2"
"W06-1628","P97-1003","0.2"
"D09-1021","D10-1001","0.333333"
"D10-1001","D09-1021","0.333333"
"D09-1021","N13-1015","0.333333"
"N13-1015","D09-1021","0.333333"
"D10-1001","N13-1015","0.464242"
"N13-1015","D10-1001","0.464242"
"N13-1015","P10-1001","1.12333"
"P10-1001","N13-1015","1.12333"
"D09-1021","P05-1063","0.5"
"P05-1063","D09-1021","0.5"
"J03-4003","P05-1063","3"
"P05-1063","J03-4003","3"
"D13-1164","P10-1001","0.333333"
"P10-1001","D13-1164","0.333333"
"P10-1001","P11-1008","0.333333"
"P11-1008","P10-1001","0.333333"
"D09-1021","Q17-1005","0.47619"
"Q17-1005","D09-1021","0.47619"
"P05-1066","Q17-1005","0.47619"
"Q17-1005","P05-1066","0.47619"
"Q17-1005","W06-1628","0.97619"
"W06-1628","Q17-1005","0.97619"
"D09-1021","D13-1022","0.142857"
"D13-1022","D09-1021","0.142857"
"D09-1021","P14-1139","0.142857"
"P14-1139","D09-1021","0.142857"
"D11-1003","P14-1139","0.842857"
"P14-1139","D11-1003","0.842857"
"D11-1003","W06-1628","0.342857"
"W06-1628","D11-1003","0.342857"
"D13-1022","P05-1066","0.142857"
"P05-1066","D13-1022","0.142857"
"D13-1022","P14-1139","0.142857"
"P14-1139","D13-1022","0.142857"
"D13-1022","W06-1628","0.142857"
"W06-1628","D13-1022","0.142857"
"D17-1157","P05-1066","0.142857"
"P05-1066","D17-1157","0.142857"
"D17-1157","P14-1139","0.142857"
"P14-1139","D17-1157","0.142857"
"P05-1066","P14-1139","0.842857"
"P14-1139","P05-1066","0.842857"
"P14-1139","Q17-1005","0.142857"
"Q17-1005","P14-1139","0.142857"
"P14-1139","W06-1628","0.142857"
"W06-1628","P14-1139","0.142857"
"D16-1051","P05-1066","0.333333"
"P05-1066","D16-1051","0.333333"
"E14-4035","P05-1066","0.533333"
"P05-1066","E14-4035","0.533333"
"D09-1021","D15-1039","0.2"
"D15-1039","D09-1021","0.2"
"D09-1021","Q17-1020","0.2"
"Q17-1020","D09-1021","0.2"
"D11-1003","D15-1039","0.2"
"D15-1039","D11-1003","0.2"
"D15-1039","D17-1157","0.2"
"D17-1157","D15-1039","0.2"
"D09-1058","H05-1100","0.333333"
"H05-1100","D09-1058","0.333333"
"H05-1100","J03-4003","0.333333"
"J03-4003","H05-1100","0.333333"
"D10-1001","D12-1019","0.206667"
"D12-1019","D10-1001","0.206667"
"D10-1001","P15-1032","0.206667"
"P15-1032","D10-1001","0.206667"
"D10-1001","W15-1511","0.166667"
"W15-1511","D10-1001","0.166667"
"D12-1019","P15-1032","0.349524"
"P15-1032","D12-1019","0.349524"
"D12-1019","W08-2102","0.166667"
"W08-2102","D12-1019","0.166667"
"D12-1019","W15-1511","0.166667"
"W15-1511","D12-1019","0.166667"
"P10-1001","W15-1511","0.166667"
"W15-1511","P10-1001","0.166667"
"P15-1032","W15-1511","0.166667"
"W15-1511","P15-1032","0.166667"
"W08-2102","W15-1511","0.166667"
"W15-1511","W08-2102","0.166667"
"D09-1058","D18-1405","0.04"
"D18-1405","D09-1058","0.04"
"D09-1058","J05-1003","0.04"
"J05-1003","D09-1058","0.04"
"D09-1058","J99-3006","0.04"
"J99-3006","D09-1058","0.04"
"D09-1058","N13-1015","0.04"
"N13-1015","D09-1058","0.04"
"D09-1058","N13-1052","0.04"
"N13-1052","D09-1058","0.04"
"D09-1058","P12-1024","0.04"
"P12-1024","D09-1058","0.04"
"D09-1058","P14-1099","0.04"
"P14-1099","D09-1058","0.04"
"D09-1058","P16-1231","0.04"
"P16-1231","D09-1058","0.04"
"D09-1058","W95-0103","0.04"
"W95-0103","D09-1058","0.04"
"D10-1001","D18-1405","0.04"
"D18-1405","D10-1001","0.04"
"D10-1001","H05-1064","0.130909"
"H05-1064","D10-1001","0.130909"
"D10-1001","J03-4003","0.04"
"J03-4003","D10-1001","0.04"
"D10-1001","J99-3006","0.04"
"J99-3006","D10-1001","0.04"
"D10-1001","N13-1052","0.04"
"N13-1052","D10-1001","0.04"
"D10-1001","P12-1024","0.04"
"P12-1024","D10-1001","0.04"
"D10-1001","P14-1099","0.04"
"P14-1099","D10-1001","0.04"
"D10-1001","P16-1231","0.130909"
"P16-1231","D10-1001","0.130909"
"D10-1001","P96-1025","0.04"
"P96-1025","D10-1001","0.04"
"D10-1001","P97-1003","0.04"
"P97-1003","D10-1001","0.04"
"D10-1001","P99-1065","0.130909"
"P99-1065","D10-1001","0.130909"
"D10-1001","W02-2236","0.130909"
"W02-2236","D10-1001","0.130909"
"D10-1001","W95-0103","0.04"
"W95-0103","D10-1001","0.04"
"D10-1001","W98-1105","0.04"
"W98-1105","D10-1001","0.04"
"D12-1019","D12-1131","0.04"
"D12-1131","D12-1019","0.04"
"D12-1019","D15-1039","0.04"
"D15-1039","D12-1019","0.04"
"D12-1019","D18-1405","0.04"
"D18-1405","D12-1019","0.04"
"D12-1019","H05-1064","0.623333"
"H05-1064","D12-1019","0.623333"
"D12-1019","J05-1003","0.29"
"J05-1003","D12-1019","0.29"
"D12-1019","J99-3006","0.04"
"J99-3006","D12-1019","0.04"
"D12-1019","N13-1015","0.682857"
"N13-1015","D12-1019","0.682857"
"D12-1019","N13-1052","0.29"
"N13-1052","D12-1019","0.29"
"D12-1019","P12-1024","0.432857"
"P12-1024","D12-1019","0.432857"
"D12-1019","P14-1099","0.432857"
"P14-1099","D12-1019","0.432857"
"D12-1019","P16-1231","0.04"
"P16-1231","D12-1019","0.04"
"D12-1019","P99-1065","0.04"
"P99-1065","D12-1019","0.04"
"D12-1019","W95-0103","0.04"
"W95-0103","D12-1019","0.04"
"D12-1131","D18-1405","0.04"
"D18-1405","D12-1131","0.04"
"D12-1131","H05-1064","0.04"
"H05-1064","D12-1131","0.04"
"D12-1131","J03-4003","0.04"
"J03-4003","D12-1131","0.04"
"D12-1131","J05-1003","0.04"
"J05-1003","D12-1131","0.04"
"D12-1131","J99-3006","0.04"
"J99-3006","D12-1131","0.04"
"D12-1131","N13-1015","0.04"
"N13-1015","D12-1131","0.04"
"D12-1131","N13-1052","0.04"
"N13-1052","D12-1131","0.04"
"D12-1131","P02-1034","0.04"
"P02-1034","D12-1131","0.04"
"D12-1131","P12-1024","0.04"
"P12-1024","D12-1131","0.04"
