"2003.mtsummit-papers.53","D08-1041","0.644444"
"D08-1041","2003.mtsummit-papers.53","0.644444"
"2003.mtsummit-papers.53","H05-1055","1.33333"
"H05-1055","2003.mtsummit-papers.53","1.33333"
"2003.mtsummit-papers.53","H05-1061","0.533333"
"H05-1061","2003.mtsummit-papers.53","0.533333"
"D08-1041","H05-1055","0.833333"
"H05-1055","D08-1041","0.833333"
"D08-1041","H05-1061","0.333333"
"H05-1061","D08-1041","0.333333"
"H05-1055","H05-1061","1.33333"
"H05-1061","H05-1055","1.33333"
"2003.mtsummit-papers.53","C10-1056","0.811111"
"C10-1056","2003.mtsummit-papers.53","0.811111"
"2003.mtsummit-papers.53","E14-1001","0.4"
"E14-1001","2003.mtsummit-papers.53","0.4"
"2003.mtsummit-papers.53","P09-1105","0.511111"
"P09-1105","2003.mtsummit-papers.53","0.511111"
"2003.mtsummit-papers.53","W03-1502","1.4"
"W03-1502","2003.mtsummit-papers.53","1.4"
"C10-1056","E14-1001","1.2"
"E14-1001","C10-1056","1.2"
"C10-1056","H05-1061","0.2"
"H05-1061","C10-1056","0.2"
"C10-1056","P09-1105","1.31111"
"P09-1105","C10-1056","1.31111"
"C10-1056","W03-1502","0.2"
"W03-1502","C10-1056","0.2"
"E14-1001","H05-1061","0.2"
"H05-1061","E14-1001","0.2"
"E14-1001","P09-1105","0.4"
"P09-1105","E14-1001","0.4"
"E14-1001","W03-1502","0.4"
"W03-1502","E14-1001","0.4"
"H05-1061","P09-1105","0.2"
"P09-1105","H05-1061","0.2"
"H05-1061","W03-1502","0.2"
"W03-1502","H05-1061","0.2"
"P09-1105","W03-1502","0.4"
"W03-1502","P09-1105","0.4"
"2003.mtsummit-papers.53","P14-1081","0.2"
"P14-1081","2003.mtsummit-papers.53","0.2"
"D08-1041","E14-1001","0.2"
"E14-1001","D08-1041","0.2"
"D08-1041","P09-1105","0.894444"
"P09-1105","D08-1041","0.894444"
"D08-1041","P14-1081","0.45"
"P14-1081","D08-1041","0.45"
"D08-1041","W03-1502","0.7"
"W03-1502","D08-1041","0.7"
"E14-1001","P14-1081","0.2"
"P14-1081","E14-1001","0.2"
"P09-1105","P14-1081","1.78333"
"P14-1081","P09-1105","1.78333"
"P14-1081","W03-1502","0.2"
"W03-1502","P14-1081","0.2"
"2003.mtsummit-papers.53","2016.amta-researchers.8","0.111111"
"2016.amta-researchers.8","2003.mtsummit-papers.53","0.111111"
"2003.mtsummit-papers.53","2020.tacl-1.7","0.111111"
"2020.tacl-1.7","2003.mtsummit-papers.53","0.111111"
"2003.mtsummit-papers.53","D07-1029","0.111111"
"D07-1029","2003.mtsummit-papers.53","0.111111"
"2003.mtsummit-papers.53","D15-1254","0.111111"
"D15-1254","2003.mtsummit-papers.53","0.111111"
"2003.mtsummit-papers.53","K16-1031","0.111111"
"K16-1031","2003.mtsummit-papers.53","0.111111"
"2003.mtsummit-papers.53","P11-1022","0.111111"
"P11-1022","2003.mtsummit-papers.53","0.111111"
"2016.amta-researchers.8","2020.tacl-1.7","0.111111"
"2020.tacl-1.7","2016.amta-researchers.8","0.111111"
"2016.amta-researchers.8","C10-1056","0.111111"
"C10-1056","2016.amta-researchers.8","0.111111"
"2016.amta-researchers.8","D07-1029","0.111111"
"D07-1029","2016.amta-researchers.8","0.111111"
"2016.amta-researchers.8","D08-1041","0.111111"
"D08-1041","2016.amta-researchers.8","0.111111"
"2016.amta-researchers.8","D15-1254","0.111111"
"D15-1254","2016.amta-researchers.8","0.111111"
"2016.amta-researchers.8","K16-1031","10.6111"
"K16-1031","2016.amta-researchers.8","10.6111"
"2016.amta-researchers.8","P09-1105","0.111111"
"P09-1105","2016.amta-researchers.8","0.111111"
"2016.amta-researchers.8","P11-1022","0.111111"
"P11-1022","2016.amta-researchers.8","0.111111"
"2020.tacl-1.7","C10-1056","0.111111"
"C10-1056","2020.tacl-1.7","0.111111"
"2020.tacl-1.7","D07-1029","0.111111"
"D07-1029","2020.tacl-1.7","0.111111"
"2020.tacl-1.7","D08-1041","0.111111"
"D08-1041","2020.tacl-1.7","0.111111"
"2020.tacl-1.7","D15-1254","0.111111"
"D15-1254","2020.tacl-1.7","0.111111"
"2020.tacl-1.7","K16-1031","0.253968"
"K16-1031","2020.tacl-1.7","0.253968"
"2020.tacl-1.7","P09-1105","0.111111"
"P09-1105","2020.tacl-1.7","0.111111"
"2020.tacl-1.7","P11-1022","0.111111"
"P11-1022","2020.tacl-1.7","0.111111"
"C10-1056","D07-1029","1.11111"
"D07-1029","C10-1056","1.11111"
"C10-1056","D08-1041","0.111111"
"D08-1041","C10-1056","0.111111"
"C10-1056","D15-1254","0.111111"
"D15-1254","C10-1056","0.111111"
"C10-1056","K16-1031","0.111111"
"K16-1031","C10-1056","0.111111"
"C10-1056","P11-1022","0.611111"
"P11-1022","C10-1056","0.611111"
"D07-1029","D08-1041","0.694444"
"D08-1041","D07-1029","0.694444"
"D07-1029","D15-1254","0.111111"
"D15-1254","D07-1029","0.111111"
"D07-1029","K16-1031","0.111111"
"K16-1031","D07-1029","0.111111"
"D07-1029","P09-1105","1.69444"
"P09-1105","D07-1029","1.69444"
"D07-1029","P11-1022","0.361111"
"P11-1022","D07-1029","0.361111"
"D08-1041","D15-1254","0.111111"
"D15-1254","D08-1041","0.111111"
"D08-1041","K16-1031","0.111111"
"K16-1031","D08-1041","0.111111"
"D08-1041","P11-1022","0.361111"
"P11-1022","D08-1041","0.361111"
"D15-1254","K16-1031","0.111111"
"K16-1031","D15-1254","0.111111"
"D15-1254","P09-1105","0.111111"
"P09-1105","D15-1254","0.111111"
"D15-1254","P11-1022","1.11111"
"P11-1022","D15-1254","1.11111"
"K16-1031","P09-1105","0.111111"
"P09-1105","K16-1031","0.111111"
"K16-1031","P11-1022","1.11111"
"P11-1022","K16-1031","1.11111"
"P09-1105","P11-1022","1.69444"
"P11-1022","P09-1105","1.69444"
"2003.mtsummit-papers.53","P13-2069","0.5"
"P13-2069","2003.mtsummit-papers.53","0.5"
"C10-1056","P13-2069","3"
"P13-2069","C10-1056","3"
"2016.amta-researchers.8","2021.naacl-main.144","0.5"
"2021.naacl-main.144","2016.amta-researchers.8","0.5"
"2021.naacl-main.144","K16-1031","0.642857"
"K16-1031","2021.naacl-main.144","0.642857"
"2016.amta-researchers.8","E14-1001","0.5"
"E14-1001","2016.amta-researchers.8","0.5"
"E14-1001","K16-1031","0.5"
"K16-1031","E14-1001","0.5"
"2016.amta-researchers.8","P14-1081","0.5"
"P14-1081","2016.amta-researchers.8","0.5"
"K16-1031","P14-1081","2.5"
"P14-1081","K16-1031","2.5"
"2020.acl-main.304","2020.emnlp-main.485","1.45"
"2020.emnlp-main.485","2020.acl-main.304","1.45"
"2020.acl-main.304","2020.findings-emnlp.356","0.825"
"2020.findings-emnlp.356","2020.acl-main.304","0.825"
"2020.acl-main.304","2021.acl-long.206","2.14167"
"2021.acl-long.206","2020.acl-main.304","2.14167"
"2020.acl-main.304","2021.acl-long.46","3.01667"
"2021.acl-long.46","2020.acl-main.304","3.01667"
"2020.emnlp-main.485","2020.findings-emnlp.356","0.783333"
"2020.findings-emnlp.356","2020.emnlp-main.485","0.783333"
"2020.emnlp-main.485","2021.acl-long.206","0.45"
"2021.acl-long.206","2020.emnlp-main.485","0.45"
"2020.emnlp-main.485","2021.acl-long.46","1.78333"
"2021.acl-long.46","2020.emnlp-main.485","1.78333"
"2020.findings-emnlp.356","2021.acl-long.206","0.967857"
"2021.acl-long.206","2020.findings-emnlp.356","0.967857"
"2020.findings-emnlp.356","2021.acl-long.46","0.783333"
"2021.acl-long.46","2020.findings-emnlp.356","0.783333"
"2021.acl-long.206","2021.acl-long.46","2.01667"
"2021.acl-long.46","2021.acl-long.206","2.01667"
"2020.acl-main.304","2021.acl-long.380","2.65"
"2021.acl-long.380","2020.acl-main.304","2.65"
"2020.acl-main.304","2020.emnlp-main.700","0.191667"
"2020.emnlp-main.700","2020.acl-main.304","0.191667"
"2020.acl-main.304","2020.tacl-1.7","0.191667"
"2020.tacl-1.7","2020.acl-main.304","0.191667"
"2020.acl-main.304","2021.acl-long.142","1.225"
"2021.acl-long.142","2020.acl-main.304","1.225"
"2020.acl-main.304","2021.acl-short.111","0.191667"
"2021.acl-short.111","2020.acl-main.304","0.191667"
"2020.acl-main.304","2021.bionlp-1.20","0.191667"
"2021.bionlp-1.20","2020.acl-main.304","0.191667"
"2020.acl-main.304","2021.emnlp-main.232","0.191667"
"2021.emnlp-main.232","2020.acl-main.304","0.191667"
"2020.emnlp-main.700","2020.findings-emnlp.356","0.125"
"2020.findings-emnlp.356","2020.emnlp-main.700","0.125"
"2020.emnlp-main.700","2020.tacl-1.7","0.191667"
"2020.tacl-1.7","2020.emnlp-main.700","0.191667"
"2020.emnlp-main.700","2021.acl-long.142","1.44167"
"2021.acl-long.142","2020.emnlp-main.700","1.44167"
"2020.emnlp-main.700","2021.acl-long.206","0.191667"
"2021.acl-long.206","2020.emnlp-main.700","0.191667"
"2020.emnlp-main.700","2021.acl-short.111","0.191667"
"2021.acl-short.111","2020.emnlp-main.700","0.191667"
"2020.emnlp-main.700","2021.bionlp-1.20","0.191667"
"2021.bionlp-1.20","2020.emnlp-main.700","0.191667"
"2020.emnlp-main.700","2021.emnlp-main.232","0.191667"
"2021.emnlp-main.232","2020.emnlp-main.700","0.191667"
"2020.findings-emnlp.356","2020.tacl-1.7","0.267857"
"2020.tacl-1.7","2020.findings-emnlp.356","0.267857"
"2020.findings-emnlp.356","2021.acl-long.142","0.575"
"2021.acl-long.142","2020.findings-emnlp.356","0.575"
"2020.findings-emnlp.356","2021.acl-short.111","0.125"
"2021.acl-short.111","2020.findings-emnlp.356","0.125"
"2020.findings-emnlp.356","2021.bionlp-1.20","0.125"
"2021.bionlp-1.20","2020.findings-emnlp.356","0.125"
"2020.findings-emnlp.356","2021.emnlp-main.232","0.125"
"2021.emnlp-main.232","2020.findings-emnlp.356","0.125"
"2020.tacl-1.7","2021.acl-long.142","0.191667"
"2021.acl-long.142","2020.tacl-1.7","0.191667"
"2020.tacl-1.7","2021.acl-long.206","0.334524"
"2021.acl-long.206","2020.tacl-1.7","0.334524"
"2020.tacl-1.7","2021.acl-short.111","0.191667"
"2021.acl-short.111","2020.tacl-1.7","0.191667"
"2020.tacl-1.7","2021.bionlp-1.20","1.19167"
"2021.bionlp-1.20","2020.tacl-1.7","1.19167"
"2020.tacl-1.7","2021.emnlp-main.232","0.191667"
"2021.emnlp-main.232","2020.tacl-1.7","0.191667"
"2021.acl-long.142","2021.acl-long.206","3.89167"
"2021.acl-long.206","2021.acl-long.142","3.89167"
"2021.acl-long.142","2021.acl-short.111","0.191667"
"2021.acl-short.111","2021.acl-long.142","0.191667"
"2021.acl-long.142","2021.bionlp-1.20","0.191667"
"2021.bionlp-1.20","2021.acl-long.142","0.191667"
"2021.acl-long.142","2021.emnlp-main.232","0.191667"
"2021.emnlp-main.232","2021.acl-long.142","0.191667"
"2021.acl-long.206","2021.acl-short.111","0.191667"
"2021.acl-short.111","2021.acl-long.206","0.191667"
"2021.acl-long.206","2021.bionlp-1.20","0.191667"
"2021.bionlp-1.20","2021.acl-long.206","0.191667"
"2021.acl-long.206","2021.emnlp-main.232","0.191667"
"2021.emnlp-main.232","2021.acl-long.206","0.191667"
"2021.acl-short.111","2021.bionlp-1.20","0.191667"
"2021.bionlp-1.20","2021.acl-short.111","0.191667"
"2021.acl-short.111","2021.emnlp-main.232","0.191667"
"2021.emnlp-main.232","2021.acl-short.111","0.191667"
"2021.bionlp-1.20","2021.emnlp-main.232","0.191667"
"2021.emnlp-main.232","2021.bionlp-1.20","0.191667"
"2021.acl-long.380","2021.acl-long.46","2.4"
"2021.acl-long.46","2021.acl-long.380","2.4"
"2020.acl-main.304","2021.acl-long.207","1.83333"
"2021.acl-long.207","2020.acl-main.304","1.83333"
"2021.acl-long.207","2021.acl-long.380","6.66667"
"2021.acl-long.380","2021.acl-long.207","6.66667"
"2020.acl-main.304","2020.emnlp-main.288","0.25"
"2020.emnlp-main.288","2020.acl-main.304","0.25"
"2020.emnlp-main.288","2021.acl-long.142","0.25"
"2021.acl-long.142","2020.emnlp-main.288","0.25"
"2020.emnlp-main.288","2021.acl-long.206","2.39286"
"2021.acl-long.206","2020.emnlp-main.288","2.39286"
"2020.emnlp-main.288","2021.acl-long.380","0.25"
"2021.acl-long.380","2020.emnlp-main.288","0.25"
"2021.acl-long.142","2021.acl-long.380","2.48333"
"2021.acl-long.380","2021.acl-long.142","2.48333"
"2021.acl-long.206","2021.acl-long.380","0.816667"
"2021.acl-long.380","2021.acl-long.206","0.816667"
"2020.emnlp-main.485","2021.acl-long.142","0.2"
"2021.acl-long.142","2020.emnlp-main.485","0.2"
"2021.acl-long.142","2021.acl-long.46","2.6"
"2021.acl-long.46","2021.acl-long.142","2.6"
"2021.acl-long.142","2021.acl-long.207","1.16667"
"2021.acl-long.207","2021.acl-long.142","1.16667"
"2020.acl-main.304","2020.findings-emnlp.236","0.25"
"2020.findings-emnlp.236","2020.acl-main.304","0.25"
"2020.findings-emnlp.236","2020.findings-emnlp.356","0.25"
"2020.findings-emnlp.356","2020.findings-emnlp.236","0.25"
"2020.findings-emnlp.236","2021.acl-long.142","0.25"
"2021.acl-long.142","2020.findings-emnlp.236","0.25"
"2020.findings-emnlp.236","2021.acl-long.206","0.25"
"2021.acl-long.206","2020.findings-emnlp.236","0.25"
"2020.acl-main.304","2020.acl-main.713","0.0666667"
"2020.acl-main.713","2020.acl-main.304","0.0666667"
"2020.acl-main.304","2021.acl-long.493","0.0666667"
"2021.acl-long.493","2020.acl-main.304","0.0666667"
"2020.acl-main.304","2021.emnlp-main.185","0.0666667"
"2021.emnlp-main.185","2020.acl-main.304","0.0666667"
"2020.acl-main.304","2021.emnlp-main.338","0.0666667"
"2021.emnlp-main.338","2020.acl-main.304","0.0666667"
"2020.acl-main.304","2021.emnlp-main.749","0.0666667"
"2021.emnlp-main.749","2020.acl-main.304","0.0666667"
"2020.acl-main.304","2021.naacl-main.144","0.0666667"
"2021.naacl-main.144","2020.acl-main.304","0.0666667"
"2020.acl-main.713","2020.emnlp-main.700","0.0666667"
"2020.emnlp-main.700","2020.acl-main.713","0.0666667"
"2020.acl-main.713","2020.tacl-1.7","0.0666667"
"2020.tacl-1.7","2020.acl-main.713","0.0666667"
"2020.acl-main.713","2021.acl-long.142","0.0666667"
"2021.acl-long.142","2020.acl-main.713","0.0666667"
"2020.acl-main.713","2021.acl-long.206","0.0666667"
"2021.acl-long.206","2020.acl-main.713","0.0666667"
"2020.acl-main.713","2021.acl-long.380","0.0666667"
"2021.acl-long.380","2020.acl-main.713","0.0666667"
"2020.acl-main.713","2021.acl-long.46","0.0666667"
"2021.acl-long.46","2020.acl-main.713","0.0666667"
"2020.acl-main.713","2021.acl-long.493","0.0666667"
"2021.acl-long.493","2020.acl-main.713","0.0666667"
"2020.acl-main.713","2021.acl-short.111","0.0666667"
"2021.acl-short.111","2020.acl-main.713","0.0666667"
"2020.acl-main.713","2021.bionlp-1.20","0.0666667"
"2021.bionlp-1.20","2020.acl-main.713","0.0666667"
"2020.acl-main.713","2021.emnlp-main.185","0.0666667"
"2021.emnlp-main.185","2020.acl-main.713","0.0666667"
"2020.acl-main.713","2021.emnlp-main.232","0.0666667"
"2021.emnlp-main.232","2020.acl-main.713","0.0666667"
"2020.acl-main.713","2021.emnlp-main.338","0.0666667"
"2021.emnlp-main.338","2020.acl-main.713","0.0666667"
"2020.acl-main.713","2021.emnlp-main.749","0.0666667"
"2021.emnlp-main.749","2020.acl-main.713","0.0666667"
"2020.acl-main.713","2021.naacl-main.144","0.0666667"
"2021.naacl-main.144","2020.acl-main.713","0.0666667"
"2020.emnlp-main.700","2021.acl-long.380","0.0666667"
"2021.acl-long.380","2020.emnlp-main.700","0.0666667"
"2020.emnlp-main.700","2021.acl-long.46","0.0666667"
"2021.acl-long.46","2020.emnlp-main.700","0.0666667"
"2020.emnlp-main.700","2021.acl-long.493","1.31667"
"2021.acl-long.493","2020.emnlp-main.700","1.31667"
"2020.emnlp-main.700","2021.emnlp-main.185","0.0666667"
"2021.emnlp-main.185","2020.emnlp-main.700","0.0666667"
"2020.emnlp-main.700","2021.emnlp-main.338","0.0666667"
"2021.emnlp-main.338","2020.emnlp-main.700","0.0666667"
"2020.emnlp-main.700","2021.emnlp-main.749","0.0666667"
"2021.emnlp-main.749","2020.emnlp-main.700","0.0666667"
"2020.emnlp-main.700","2021.naacl-main.144","0.0666667"
"2021.naacl-main.144","2020.emnlp-main.700","0.0666667"
"2020.tacl-1.7","2021.acl-long.380","0.0666667"
"2021.acl-long.380","2020.tacl-1.7","0.0666667"
"2020.tacl-1.7","2021.acl-long.46","0.0666667"
"2021.acl-long.46","2020.tacl-1.7","0.0666667"
"2020.tacl-1.7","2021.acl-long.493","0.0666667"
"2021.acl-long.493","2020.tacl-1.7","0.0666667"
"2020.tacl-1.7","2021.emnlp-main.185","1.20952"
"2021.emnlp-main.185","2020.tacl-1.7","1.20952"
"2020.tacl-1.7","2021.emnlp-main.338","0.0666667"
"2021.emnlp-main.338","2020.tacl-1.7","0.0666667"
"2020.tacl-1.7","2021.emnlp-main.749","0.0666667"
"2021.emnlp-main.749","2020.tacl-1.7","0.0666667"
"2020.tacl-1.7","2021.naacl-main.144","0.209524"
"2021.naacl-main.144","2020.tacl-1.7","0.209524"
"2021.acl-long.142","2021.acl-long.493","0.316667"
"2021.acl-long.493","2021.acl-long.142","0.316667"
"2021.acl-long.142","2021.emnlp-main.185","0.0666667"
"2021.emnlp-main.185","2021.acl-long.142","0.0666667"
"2021.acl-long.142","2021.emnlp-main.338","0.0666667"
"2021.emnlp-main.338","2021.acl-long.142","0.0666667"
"2021.acl-long.142","2021.emnlp-main.749","0.0666667"
"2021.emnlp-main.749","2021.acl-long.142","0.0666667"
"2021.acl-long.142","2021.naacl-main.144","0.0666667"
"2021.naacl-main.144","2021.acl-long.142","0.0666667"
"2021.acl-long.206","2021.acl-long.493","0.0666667"
"2021.acl-long.493","2021.acl-long.206","0.0666667"
"2021.acl-long.206","2021.emnlp-main.185","0.209524"
"2021.emnlp-main.185","2021.acl-long.206","0.209524"
"2021.acl-long.206","2021.emnlp-main.338","0.0666667"
"2021.emnlp-main.338","2021.acl-long.206","0.0666667"
"2021.acl-long.206","2021.emnlp-main.749","0.0666667"
"2021.emnlp-main.749","2021.acl-long.206","0.0666667"
"2021.acl-long.206","2021.naacl-main.144","0.209524"
"2021.naacl-main.144","2021.acl-long.206","0.209524"
"2021.acl-long.380","2021.acl-long.493","0.0666667"
"2021.acl-long.493","2021.acl-long.380","0.0666667"
"2021.acl-long.380","2021.acl-short.111","0.0666667"
"2021.acl-short.111","2021.acl-long.380","0.0666667"
"2021.acl-long.380","2021.bionlp-1.20","0.0666667"
"2021.bionlp-1.20","2021.acl-long.380","0.0666667"
"2021.acl-long.380","2021.emnlp-main.185","0.0666667"
"2021.emnlp-main.185","2021.acl-long.380","0.0666667"
"2021.acl-long.380","2021.emnlp-main.232","0.0666667"
"2021.emnlp-main.232","2021.acl-long.380","0.0666667"
"2021.acl-long.380","2021.emnlp-main.338","1.06667"
"2021.emnlp-main.338","2021.acl-long.380","1.06667"
"2021.acl-long.380","2021.emnlp-main.749","0.0666667"
"2021.emnlp-main.749","2021.acl-long.380","0.0666667"
"2021.acl-long.380","2021.naacl-main.144","0.0666667"
"2021.naacl-main.144","2021.acl-long.380","0.0666667"
"2021.acl-long.46","2021.acl-long.493","0.0666667"
"2021.acl-long.493","2021.acl-long.46","0.0666667"
"2021.acl-long.46","2021.acl-short.111","0.0666667"
"2021.acl-short.111","2021.acl-long.46","0.0666667"
"2021.acl-long.46","2021.bionlp-1.20","0.0666667"
"2021.bionlp-1.20","2021.acl-long.46","0.0666667"
"2021.acl-long.46","2021.emnlp-main.185","0.0666667"
"2021.emnlp-main.185","2021.acl-long.46","0.0666667"
"2021.acl-long.46","2021.emnlp-main.232","0.0666667"
"2021.emnlp-main.232","2021.acl-long.46","0.0666667"
"2021.acl-long.46","2021.emnlp-main.338","0.0666667"
"2021.emnlp-main.338","2021.acl-long.46","0.0666667"
"2021.acl-long.46","2021.emnlp-main.749","0.0666667"
"2021.emnlp-main.749","2021.acl-long.46","0.0666667"
"2021.acl-long.46","2021.naacl-main.144","0.0666667"
"2021.naacl-main.144","2021.acl-long.46","0.0666667"
"2021.acl-long.493","2021.acl-short.111","0.0666667"
"2021.acl-short.111","2021.acl-long.493","0.0666667"
"2021.acl-long.493","2021.bionlp-1.20","0.0666667"
"2021.bionlp-1.20","2021.acl-long.493","0.0666667"
"2021.acl-long.493","2021.emnlp-main.185","0.0666667"
"2021.emnlp-main.185","2021.acl-long.493","0.0666667"
"2021.acl-long.493","2021.emnlp-main.232","0.0666667"
"2021.emnlp-main.232","2021.acl-long.493","0.0666667"
"2021.acl-long.493","2021.emnlp-main.338","0.0666667"
"2021.emnlp-main.338","2021.acl-long.493","0.0666667"
"2021.acl-long.493","2021.emnlp-main.749","0.0666667"
"2021.emnlp-main.749","2021.acl-long.493","0.0666667"
"2021.acl-long.493","2021.naacl-main.144","0.0666667"
"2021.naacl-main.144","2021.acl-long.493","0.0666667"
"2021.acl-short.111","2021.emnlp-main.185","0.0666667"
"2021.emnlp-main.185","2021.acl-short.111","0.0666667"
"2021.acl-short.111","2021.emnlp-main.338","0.0666667"
"2021.emnlp-main.338","2021.acl-short.111","0.0666667"
"2021.acl-short.111","2021.emnlp-main.749","0.0666667"
"2021.emnlp-main.749","2021.acl-short.111","0.0666667"
"2021.acl-short.111","2021.naacl-main.144","0.0666667"
"2021.naacl-main.144","2021.acl-short.111","0.0666667"
"2021.bionlp-1.20","2021.emnlp-main.185","0.0666667"
"2021.emnlp-main.185","2021.bionlp-1.20","0.0666667"
"2021.bionlp-1.20","2021.emnlp-main.338","0.0666667"
"2021.emnlp-main.338","2021.bionlp-1.20","0.0666667"
"2021.bionlp-1.20","2021.emnlp-main.749","0.0666667"
"2021.emnlp-main.749","2021.bionlp-1.20","0.0666667"
"2021.bionlp-1.20","2021.naacl-main.144","0.0666667"
"2021.naacl-main.144","2021.bionlp-1.20","0.0666667"
"2021.emnlp-main.185","2021.emnlp-main.232","0.0666667"
"2021.emnlp-main.232","2021.emnlp-main.185","0.0666667"
"2021.emnlp-main.185","2021.emnlp-main.338","0.0666667"
"2021.emnlp-main.338","2021.emnlp-main.185","0.0666667"
"2021.emnlp-main.185","2021.emnlp-main.749","0.0666667"
"2021.emnlp-main.749","2021.emnlp-main.185","0.0666667"
"2021.emnlp-main.185","2021.naacl-main.144","0.209524"
"2021.naacl-main.144","2021.emnlp-main.185","0.209524"
"2021.emnlp-main.232","2021.emnlp-main.338","0.0666667"
"2021.emnlp-main.338","2021.emnlp-main.232","0.0666667"
"2021.emnlp-main.232","2021.emnlp-main.749","0.0666667"
"2021.emnlp-main.749","2021.emnlp-main.232","0.0666667"
"2021.emnlp-main.232","2021.naacl-main.144","0.0666667"
"2021.naacl-main.144","2021.emnlp-main.232","0.0666667"
"2021.emnlp-main.338","2021.emnlp-main.749","0.0666667"
"2021.emnlp-main.749","2021.emnlp-main.338","0.0666667"
"2021.emnlp-main.338","2021.naacl-main.144","0.0666667"
"2021.naacl-main.144","2021.emnlp-main.338","0.0666667"
"2021.emnlp-main.749","2021.naacl-main.144","0.0666667"
"2021.naacl-main.144","2021.emnlp-main.749","0.0666667"
"2020.acl-main.713","2020.emnlp-demos.1","0.5"
"2020.emnlp-demos.1","2020.acl-main.713","0.5"
"2020.acl-main.713","K16-1031","0.5"
"K16-1031","2020.acl-main.713","0.5"
"2020.emnlp-demos.1","K16-1031","0.5"
"K16-1031","2020.emnlp-demos.1","0.5"
"2020.acl-main.713","2020.findings-emnlp.356","1"
"2020.findings-emnlp.356","2020.acl-main.713","1"
"2020.emnlp-demos.1","P10-1099","1"
"P10-1099","2020.emnlp-demos.1","1"
"2020.emnlp-main.288","D19-1436","1"
"D19-1436","2020.emnlp-main.288","1"
"2020.emnlp-main.288","2020.findings-emnlp.356","0.142857"
"2020.findings-emnlp.356","2020.emnlp-main.288","0.142857"
"2020.emnlp-main.288","2020.tacl-1.7","0.142857"
"2020.tacl-1.7","2020.emnlp-main.288","0.142857"
"2020.emnlp-main.288","2021.acl-long.237","0.142857"
"2021.acl-long.237","2020.emnlp-main.288","0.142857"
"2020.emnlp-main.288","2021.emnlp-main.185","0.142857"
"2021.emnlp-main.185","2020.emnlp-main.288","0.142857"
"2020.emnlp-main.288","2021.naacl-main.144","0.142857"
"2021.naacl-main.144","2020.emnlp-main.288","0.142857"
"2020.emnlp-main.288","K16-1031","0.142857"
"K16-1031","2020.emnlp-main.288","0.142857"
"2020.findings-emnlp.356","2021.acl-long.237","0.142857"
"2021.acl-long.237","2020.findings-emnlp.356","0.142857"
"2020.findings-emnlp.356","2021.emnlp-main.185","0.142857"
"2021.emnlp-main.185","2020.findings-emnlp.356","0.142857"
"2020.findings-emnlp.356","2021.naacl-main.144","0.142857"
"2021.naacl-main.144","2020.findings-emnlp.356","0.142857"
"2020.findings-emnlp.356","K16-1031","0.142857"
"K16-1031","2020.findings-emnlp.356","0.142857"
"2020.tacl-1.7","2021.acl-long.237","1.14286"
"2021.acl-long.237","2020.tacl-1.7","1.14286"
"2021.acl-long.206","2021.acl-long.237","0.142857"
"2021.acl-long.237","2021.acl-long.206","0.142857"
"2021.acl-long.206","K16-1031","0.142857"
"K16-1031","2021.acl-long.206","0.142857"
"2021.acl-long.237","2021.emnlp-main.185","1.14286"
"2021.emnlp-main.185","2021.acl-long.237","1.14286"
"2021.acl-long.237","2021.naacl-main.144","0.142857"
"2021.naacl-main.144","2021.acl-long.237","0.142857"
"2021.acl-long.237","K16-1031","0.142857"
"K16-1031","2021.acl-long.237","0.142857"
"2021.emnlp-main.185","K16-1031","0.142857"
"K16-1031","2021.emnlp-main.185","0.142857"
"2020.emnlp-main.485","2021.acl-long.308","0.333333"
"2021.acl-long.308","2020.emnlp-main.485","0.333333"
"2020.findings-emnlp.356","2021.acl-long.308","0.333333"
"2021.acl-long.308","2020.findings-emnlp.356","0.333333"
"2021.acl-long.308","2021.acl-long.46","0.333333"
"2021.acl-long.46","2021.acl-long.308","0.333333"
"2020.emnlp-main.700","C16-1054","1"
"C16-1054","2020.emnlp-main.700","1"
"2020.emnlp-main.700","2021.acl-long.42","0.25"
"2021.acl-long.42","2020.emnlp-main.700","0.25"
"2020.emnlp-main.700","2021.findings-acl.138","0.25"
"2021.findings-acl.138","2020.emnlp-main.700","0.25"
"2021.acl-long.142","2021.acl-long.42","0.25"
"2021.acl-long.42","2021.acl-long.142","0.25"
"2021.acl-long.142","2021.findings-acl.138","0.25"
"2021.findings-acl.138","2021.acl-long.142","0.25"
"2021.acl-long.42","2021.acl-long.493","0.25"
"2021.acl-long.493","2021.acl-long.42","0.25"
"2021.acl-long.42","2021.findings-acl.138","0.25"
"2021.findings-acl.138","2021.acl-long.42","0.25"
"2021.acl-long.493","2021.findings-acl.138","0.25"
"2021.findings-acl.138","2021.acl-long.493","0.25"
"2020.iwslt-1.1","2021.acl-long.308","1"
"2021.acl-long.308","2020.iwslt-1.1","1"
"2020.tacl-1.7","D19-1436","1"
"D19-1436","2020.tacl-1.7","1"
"2021.acl-long.206","2021.acl-long.207","1"
"2021.acl-long.207","2021.acl-long.206","1"
"2021.acl-long.207","2021.acl-long.46","1.33333"
"2021.acl-long.46","2021.acl-long.207","1.33333"
"2021.acl-long.142","2021.emnlp-main.205","1"
"2021.emnlp-main.205","2021.acl-long.142","1"
"2021.acl-long.237","2021.bionlp-1.20","1"
"2021.bionlp-1.20","2021.acl-long.237","1"
"2021.acl-long.380","J14-1004","1"
"J14-1004","2021.acl-long.380","1"
"2021.acl-long.42","2021.emnlp-main.749","1"
"2021.emnlp-main.749","2021.acl-long.42","1"
"2021.acl-long.42","2021.emnlp-main.232","1"
"2021.emnlp-main.232","2021.acl-long.42","1"
"2021.acl-long.46","2021.emnlp-main.339","1"
"2021.emnlp-main.339","2021.acl-long.46","1"
"2021.bionlp-1.20","D19-1436","1"
"D19-1436","2021.bionlp-1.20","1"
"2021.emnlp-main.749","D12-1120","0.2"
"D12-1120","2021.emnlp-main.749","0.2"
"2021.emnlp-main.749","J14-1004","0.2"
"J14-1004","2021.emnlp-main.749","0.2"
"2021.emnlp-main.749","P09-1056","0.2"
"P09-1056","2021.emnlp-main.749","0.2"
"2021.emnlp-main.749","W10-2604","0.2"
"W10-2604","2021.emnlp-main.749","0.2"
"2021.emnlp-main.749","W11-0315","0.2"
"W11-0315","2021.emnlp-main.749","0.2"
"D12-1120","J14-1004","7.93333"
"J14-1004","D12-1120","7.93333"
"D12-1120","P09-1056","0.4"
"P09-1056","D12-1120","0.4"
"D12-1120","W10-2604","0.933333"
"W10-2604","D12-1120","0.933333"
"D12-1120","W11-0315","4.1"
"W11-0315","D12-1120","4.1"
"J14-1004","P09-1056","4.73333"
"P09-1056","J14-1004","4.73333"
"J14-1004","W10-2604","4.26667"
"W10-2604","J14-1004","4.26667"
"J14-1004","W11-0315","14.9333"
"W11-0315","J14-1004","14.9333"
"P09-1056","W10-2604","3.73333"
"W10-2604","P09-1056","3.73333"
"P09-1056","W11-0315","1.23333"
"W11-0315","P09-1056","1.23333"
"W10-2604","W11-0315","1.43333"
"W11-0315","W10-2604","1.43333"
"2021.naacl-main.144","J14-1004","0.25"
"J14-1004","2021.naacl-main.144","0.25"
"2021.naacl-main.144","P09-1056","0.25"
"P09-1056","2021.naacl-main.144","0.25"
"2021.naacl-main.144","W10-2604","0.25"
"W10-2604","2021.naacl-main.144","0.25"
"2021.naacl-main.144","W11-0315","0.25"
"W11-0315","2021.naacl-main.144","0.25"
"D07-1029","P13-2069","0.833333"
"P13-2069","D07-1029","0.833333"
"E14-1001","P13-2069","0.5"
"P13-2069","E14-1001","0.5"
"P11-1022","P13-2069","1.83333"
"P13-2069","P11-1022","1.83333"
"D07-1029","E14-1001","0.5"
"E14-1001","D07-1029","0.5"
"D08-1041","P13-2069","0.333333"
"P13-2069","D08-1041","0.333333"
"P09-1105","P13-2069","0.666667"
"P13-2069","P09-1105","0.666667"
"D07-1029","P14-1081","1.25"
"P14-1081","D07-1029","1.25"
"P11-1022","P14-1081","4.58333"
"P14-1081","P11-1022","4.58333"
"H05-1055","W03-1502","0.5"
"W03-1502","H05-1055","0.5"
"D12-1120","P10-1099","1.23333"
"P10-1099","D12-1120","1.23333"
"J14-1004","P10-1099","3.48333"
"P10-1099","J14-1004","3.48333"
"P09-1056","P10-1099","0.45"
"P10-1099","P09-1056","0.45"
"P10-1099","W10-2604","1.98333"
"W10-2604","P10-1099","1.98333"
"P10-1099","W11-0315","0.65"
"W11-0315","P10-1099","0.65"
"D12-1120","W12-2014","0.2"
"W12-2014","D12-1120","0.2"
"J14-1004","W12-2014","0.2"
"W12-2014","J14-1004","0.2"
"P10-1099","W12-2014","0.2"
"W12-2014","P10-1099","0.2"
"W10-2604","W12-2014","0.2"
"W12-2014","W10-2604","0.2"
"W11-0315","W12-2014","0.2"
"W12-2014","W11-0315","0.2"
"P13-2069","P14-1081","1.33333"
"P14-1081","P13-2069","1.33333"
