"2020.acl-main.257","2020.cl-4.5","0.714217"
"2020.cl-4.5","2020.acl-main.257","0.714217"
"2020.acl-main.257","J15-4004","0.392157"
"J15-4004","2020.acl-main.257","0.392157"
"2020.acl-main.257","J17-4004","0.505252"
"J17-4004","2020.acl-main.257","0.505252"
"2020.cl-4.5","J15-4004","1.97549"
"J15-4004","2020.cl-4.5","1.97549"
"2020.cl-4.5","J17-4004","1.82455"
"J17-4004","2020.cl-4.5","1.82455"
"J15-4004","J17-4004","4.85882"
"J17-4004","J15-4004","4.85882"
"2020.acl-main.257","C10-1113","0.333333"
"C10-1113","2020.acl-main.257","0.333333"
"2020.acl-main.257","D09-1067","0.166667"
"D09-1067","2020.acl-main.257","0.166667"
"2020.acl-main.257","J13-2003","0.458333"
"J13-2003","2020.acl-main.257","0.458333"
"2020.acl-main.257","J14-3005","2.29167"
"J14-3005","2020.acl-main.257","2.29167"
"2020.acl-main.257","S12-1025","0.5"
"S12-1025","2020.acl-main.257","0.5"
"2020.acl-main.257","Y09-1003","0.166667"
"Y09-1003","2020.acl-main.257","0.166667"
"C10-1113","D09-1067","0.924675"
"D09-1067","C10-1113","0.924675"
"C10-1113","J13-2003","8.73717"
"J13-2003","C10-1113","8.73717"
"C10-1113","J14-3005","0.988095"
"J14-3005","C10-1113","0.988095"
"C10-1113","S12-1025","0.488095"
"S12-1025","C10-1113","0.488095"
"C10-1113","Y09-1003","0.516504"
"Y09-1003","C10-1113","0.516504"
"D09-1067","J13-2003","1.25801"
"J13-2003","D09-1067","1.25801"
"D09-1067","J14-3005","1.03095"
"J14-3005","D09-1067","1.03095"
"D09-1067","S12-1025","0.771429"
"S12-1025","D09-1067","0.771429"
"D09-1067","Y09-1003","2.35519"
"Y09-1003","D09-1067","2.35519"
"J13-2003","J14-3005","1.65595"
"J14-3005","J13-2003","1.65595"
"J13-2003","S12-1025","1.16429"
"S12-1025","J13-2003","1.16429"
"J13-2003","Y09-1003","0.391504"
"Y09-1003","J13-2003","0.391504"
"J14-3005","S12-1025","8.09048"
"S12-1025","J14-3005","8.09048"
"J14-3005","Y09-1003","0.959524"
"Y09-1003","J14-3005","0.959524"
"S12-1025","Y09-1003","0.366667"
"Y09-1003","S12-1025","0.366667"
"2020.acl-main.257","C16-1123","0.424242"
"C16-1123","2020.acl-main.257","0.424242"
"2020.acl-main.257","D18-1026","0.795169"
"D18-1026","2020.acl-main.257","0.795169"
"2020.acl-main.257","D19-1449","0.146465"
"D19-1449","2020.acl-main.257","0.146465"
"2020.acl-main.257","K17-1013","0.497947"
"K17-1013","2020.acl-main.257","0.497947"
"2020.acl-main.257","N18-1048","0.795169"
"N18-1048","2020.acl-main.257","0.795169"
"2020.acl-main.257","N19-1097","0.655393"
"N19-1097","2020.acl-main.257","0.655393"
"2020.acl-main.257","P16-1024","0.41759"
"P16-1024","2020.acl-main.257","0.41759"
"2020.acl-main.257","P16-2084","0.405685"
"P16-2084","2020.acl-main.257","0.405685"
"2020.acl-main.257","P17-1006","0.396756"
"P17-1006","2020.acl-main.257","0.396756"
"2020.acl-main.257","Q17-1022","0.334256"
"Q17-1022","2020.acl-main.257","0.334256"
"2020.cl-4.5","C16-1123","0.676874"
"C16-1123","2020.cl-4.5","0.676874"
"2020.cl-4.5","D18-1026","1.78351"
"D18-1026","2020.cl-4.5","1.78351"
"2020.cl-4.5","D19-1449","6.40404"
"D19-1449","2020.cl-4.5","6.40404"
"2020.cl-4.5","K17-1013","0.769626"
"K17-1013","2020.cl-4.5","0.769626"
"2020.cl-4.5","N18-1048","1.61685"
"N18-1048","2020.cl-4.5","1.61685"
"2020.cl-4.5","N19-1097","1.37563"
"N19-1097","2020.cl-4.5","1.37563"
"2020.cl-4.5","P16-1024","0.483066"
"P16-1024","2020.cl-4.5","0.483066"
"2020.cl-4.5","P16-2084","0.262828"
"P16-2084","2020.cl-4.5","0.262828"
"2020.cl-4.5","P17-1006","1.10296"
"P17-1006","2020.cl-4.5","1.10296"
"2020.cl-4.5","Q17-1022","1.56589"
"Q17-1022","2020.cl-4.5","1.56589"
"C16-1123","D18-1026","0.486398"
"D18-1026","C16-1123","0.486398"
"C16-1123","D19-1449","0.674242"
"D19-1449","C16-1123","0.674242"
"C16-1123","K17-1013","0.810207"
"K17-1013","C16-1123","0.810207"
"C16-1123","N18-1048","0.486398"
"N18-1048","C16-1123","0.486398"
"C16-1123","N19-1097","0.424242"
"N19-1097","C16-1123","0.424242"
"C16-1123","P16-1024","1.17424"
"P16-1024","C16-1123","1.17424"
"C16-1123","P16-2084","4.34091"
"P16-2084","C16-1123","4.34091"
"C16-1123","P17-1006","0.369731"
"P17-1006","C16-1123","0.369731"
"C16-1123","Q17-1022","1.8614"
"Q17-1022","C16-1123","1.8614"
"D18-1026","D19-1449","0.40404"
"D19-1449","D18-1026","0.40404"
"D18-1026","K17-1013","1.24546"
"K17-1013","D18-1026","1.24546"
"D18-1026","N18-1048","5.04311"
"N18-1048","D18-1026","5.04311"
"D18-1026","N19-1097","0.32206"
"N19-1097","D18-1026","0.32206"
"D18-1026","P16-1024","0.716832"
"P16-1024","D18-1026","0.716832"
"D18-1026","P16-2084","0.663261"
"P16-2084","D18-1026","0.663261"
"D18-1026","P17-1006","3.57803"
"P17-1006","D18-1026","3.57803"
"D18-1026","Q17-1022","3.57462"
"Q17-1022","D18-1026","3.57462"
"D19-1449","K17-1013","0.265152"
"K17-1013","D19-1449","0.265152"
"D19-1449","N18-1048","0.60404"
"N18-1048","D19-1449","0.60404"
"D19-1449","N19-1097","0.313131"
"N19-1097","D19-1449","0.313131"
"D19-1449","P16-1024","1.34848"
"P16-1024","D19-1449","1.34848"
"D19-1449","P16-2084","0.265152"
"P16-2084","D19-1449","0.265152"
"D19-1449","P17-1006","0.681818"
"P17-1006","D19-1449","0.681818"
"D19-1449","Q17-1022","2.0671"
"Q17-1022","D19-1449","2.0671"
"K17-1013","N18-1048","1.51331"
"N18-1048","K17-1013","1.51331"
"K17-1013","N19-1097","0.349838"
"N19-1097","K17-1013","0.349838"
"K17-1013","P16-1024","0.691832"
"P16-1024","K17-1013","0.691832"
"K17-1013","P16-2084","5.47159"
"P16-2084","K17-1013","5.47159"
"K17-1013","P17-1006","1.57879"
"P17-1006","K17-1013","1.57879"
"K17-1013","Q17-1022","1.50871"
"Q17-1022","K17-1013","1.50871"
"N18-1048","N19-1097","0.44706"
"N19-1097","N18-1048","0.44706"
"N18-1048","P16-1024","0.841832"
"P16-1024","N18-1048","0.841832"
"N18-1048","P16-2084","0.788261"
"P16-2084","N18-1048","0.788261"
"N18-1048","P17-1006","4.22089"
"P17-1006","N18-1048","4.22089"
"N18-1048","Q17-1022","3.88415"
"Q17-1022","N18-1048","3.88415"
"N19-1097","P16-1024","0.215909"
"P16-1024","N19-1097","0.215909"
"N19-1097","P16-2084","0.257576"
"P16-2084","N19-1097","0.257576"
"N19-1097","P17-1006","2.6415"
"P17-1006","N19-1097","2.6415"
"N19-1097","Q17-1022","0.454004"
"Q17-1022","N19-1097","0.454004"
"P16-1024","P16-2084","0.691832"
"P16-2084","P16-1024","0.691832"
"P16-1024","P17-1006","1.82398"
"P17-1006","P16-1024","1.82398"
"P16-1024","Q17-1022","3.39973"
"Q17-1022","P16-1024","3.39973"
"P16-2084","P17-1006","0.603737"
"P17-1006","P16-2084","0.603737"
"P16-2084","Q17-1022","0.512828"
"Q17-1022","P16-2084","0.512828"
"P17-1006","Q17-1022","6.51748"
"Q17-1022","P17-1006","6.51748"
"2020.acl-main.257","C12-1165","0.666667"
"C12-1165","2020.acl-main.257","0.666667"
"2020.acl-main.257","P13-1085","0.666667"
"P13-1085","2020.acl-main.257","0.666667"
"C12-1165","P13-1085","9.28636"
"P13-1085","C12-1165","9.28636"
"2020.acl-main.257","2020.acl-main.337","1.46726"
"2020.acl-main.337","2020.acl-main.257","1.46726"
"2020.acl-main.257","2020.coling-main.118","0.431151"
"2020.coling-main.118","2020.acl-main.257","0.431151"
"2020.acl-main.257","2020.coling-main.423","0.159722"
"2020.coling-main.423","2020.acl-main.257","0.159722"
"2020.acl-main.257","2020.emnlp-main.333","0.168651"
"2020.emnlp-main.333","2020.acl-main.257","0.168651"
"2020.acl-main.257","2020.emnlp-main.586","0.126984"
"2020.emnlp-main.586","2020.acl-main.257","0.126984"
"2020.acl-main.257","2020.lrec-1.705","0.361403"
"2020.lrec-1.705","2020.acl-main.257","0.361403"
"2020.acl-main.257","2020.semeval-1.2","0.359722"
"2020.semeval-1.2","2020.acl-main.257","0.359722"
"2020.acl-main.257","2021.acl-long.410","0.231151"
"2021.acl-long.410","2020.acl-main.257","0.231151"
"2020.acl-main.257","2021.acl-long.541","0.0555556"
"2021.acl-long.541","2020.acl-main.257","0.0555556"
"2020.acl-main.257","2021.eacl-main.76","0.0555556"
"2021.eacl-main.76","2020.acl-main.257","0.0555556"
"2020.acl-main.257","D19-1226","0.70426"
"D19-1226","2020.acl-main.257","0.70426"
"2020.acl-main.257","K19-1004","0.0555556"
"K19-1004","2020.acl-main.257","0.0555556"
"2020.acl-main.257","K19-1021","0.0555556"
"K19-1021","2020.acl-main.257","0.0555556"
"2020.acl-main.257","S19-1007","0.0555556"
"S19-1007","2020.acl-main.257","0.0555556"
"2020.cl-4.5","2020.coling-main.118","2.42664"
"2020.coling-main.118","2020.cl-4.5","2.42664"
"2020.cl-4.5","2020.coling-main.423","3.63472"
"2020.coling-main.423","2020.cl-4.5","3.63472"
"2020.cl-4.5","2020.emnlp-main.333","0.847222"
"2020.emnlp-main.333","2020.cl-4.5","0.847222"
"2020.cl-4.5","2020.emnlp-main.586","1.03932"
"2020.emnlp-main.586","2020.cl-4.5","1.03932"
"2020.cl-4.5","2020.lrec-1.705","1.70588"
"2020.lrec-1.705","2020.cl-4.5","1.70588"
"2020.cl-4.5","2020.semeval-1.2","5.2366"
"2020.semeval-1.2","2020.cl-4.5","5.2366"
"2020.cl-4.5","2021.acl-long.410","2.41755"
"2021.acl-long.410","2020.cl-4.5","2.41755"
"2020.cl-4.5","2021.acl-long.541","1.87266"
"2021.acl-long.541","2020.cl-4.5","1.87266"
"2020.cl-4.5","2021.eacl-main.76","0.0555556"
"2021.eacl-main.76","2020.cl-4.5","0.0555556"
"2020.cl-4.5","D19-1226","4.51685"
"D19-1226","2020.cl-4.5","4.51685"
"2020.cl-4.5","K19-1004","3.6298"
"K19-1004","2020.cl-4.5","3.6298"
"2020.cl-4.5","K19-1021","0.805556"
"K19-1021","2020.cl-4.5","0.805556"
"2020.cl-4.5","S19-1007","0.180556"
"S19-1007","2020.cl-4.5","0.180556"
"2020.coling-main.118","2020.coling-main.423","0.243056"
"2020.coling-main.423","2020.coling-main.118","0.243056"
"2020.coling-main.118","2020.emnlp-main.333","0.271465"
"2020.emnlp-main.333","2020.coling-main.118","0.271465"
"2020.coling-main.118","2020.emnlp-main.586","0.622655"
"2020.emnlp-main.586","2020.coling-main.118","0.622655"
"2020.coling-main.118","2020.lrec-1.705","0.231151"
"2020.lrec-1.705","2020.coling-main.118","0.231151"
"2020.coling-main.118","2020.semeval-1.2","2.84569"
"2020.semeval-1.2","2020.coling-main.118","2.84569"
"2020.coling-main.118","2021.acl-long.410","1.94331"
"2021.acl-long.410","2020.coling-main.118","1.94331"
"2020.coling-main.118","2021.acl-long.541","1.84286"
"2021.acl-long.541","2020.coling-main.118","1.84286"
"2020.coling-main.118","2021.eacl-main.76","0.0555556"
"2021.eacl-main.76","2020.coling-main.118","0.0555556"
"2020.coling-main.118","D18-1026","2.09727"
"D18-1026","2020.coling-main.118","2.09727"
"2020.coling-main.118","D19-1226","4.46318"
"D19-1226","2020.coling-main.118","4.46318"
"2020.coling-main.118","D19-1449","0.0555556"
"D19-1449","2020.coling-main.118","0.0555556"
"2020.coling-main.118","K19-1004","0.229798"
"K19-1004","2020.coling-main.118","0.229798"
"2020.coling-main.118","K19-1021","0.229798"
"K19-1021","2020.coling-main.118","0.229798"
"2020.coling-main.118","N18-1048","1.89727"
"N18-1048","2020.coling-main.118","1.89727"
"2020.coling-main.118","N19-1097","0.250631"
"N19-1097","2020.coling-main.118","0.250631"
"2020.coling-main.118","S19-1007","0.146465"
"S19-1007","2020.coling-main.118","0.146465"
"2020.coling-main.423","2020.emnlp-main.333","0.347222"
"2020.emnlp-main.333","2020.coling-main.423","0.347222"
"2020.coling-main.423","2020.emnlp-main.586","1.75556"
"2020.emnlp-main.586","2020.coling-main.423","1.75556"
"2020.coling-main.423","2020.lrec-1.705","2.57563"
"2020.lrec-1.705","2020.coling-main.423","2.57563"
"2020.coling-main.423","2020.semeval-1.2","0.250631"
"2020.semeval-1.2","2020.coling-main.423","0.250631"
"2020.coling-main.423","2021.acl-long.410","1.03396"
"2021.acl-long.410","2020.coling-main.423","1.03396"
"2020.coling-main.423","2021.acl-long.541","0.588889"
"2021.acl-long.541","2020.coling-main.423","0.588889"
"2020.coling-main.423","2021.eacl-main.76","0.0555556"
"2021.eacl-main.76","2020.coling-main.423","0.0555556"
"2020.coling-main.423","D18-1026","0.250631"
"D18-1026","2020.coling-main.423","0.250631"
"2020.coling-main.423","D19-1226","0.359722"
"D19-1226","2020.coling-main.423","0.359722"
"2020.coling-main.423","D19-1449","0.255556"
"D19-1449","2020.coling-main.423","0.255556"
"2020.coling-main.423","K19-1004","0.338889"
"K19-1004","2020.coling-main.423","0.338889"
"2020.coling-main.423","K19-1021","0.138889"
"K19-1021","2020.coling-main.423","0.138889"
"2020.coling-main.423","N18-1048","0.450631"
"N18-1048","2020.coling-main.423","0.450631"
"2020.coling-main.423","N19-1097","1.65972"
"N19-1097","2020.coling-main.423","1.65972"
"2020.coling-main.423","S19-1007","0.0555556"
"S19-1007","2020.coling-main.423","0.0555556"
"2020.emnlp-main.333","2020.emnlp-main.586","0.717893"
"2020.emnlp-main.586","2020.emnlp-main.333","0.717893"
"2020.emnlp-main.333","2020.lrec-1.705","0.168651"
"2020.lrec-1.705","2020.emnlp-main.333","0.168651"
"2020.emnlp-main.333","2020.semeval-1.2","0.0972222"
"2020.semeval-1.2","2020.emnlp-main.333","0.0972222"
"2020.emnlp-main.333","2021.acl-long.410","0.347222"
"2021.acl-long.410","2020.emnlp-main.333","0.347222"
"2020.emnlp-main.333","2021.acl-long.541","0.0555556"
"2021.acl-long.541","2020.emnlp-main.333","0.0555556"
"2020.emnlp-main.333","2021.eacl-main.76","0.0555556"
"2021.eacl-main.76","2020.emnlp-main.333","0.0555556"
"2020.emnlp-main.333","D18-1026","0.168651"
"D18-1026","2020.emnlp-main.333","0.168651"
"2020.emnlp-main.333","D19-1226","0.25956"
"D19-1226","2020.emnlp-main.333","0.25956"
"2020.emnlp-main.333","D19-1449","0.0555556"
"D19-1449","2020.emnlp-main.333","0.0555556"
"2020.emnlp-main.333","K19-1004","1.4798"
"K19-1004","2020.emnlp-main.333","1.4798"
"2020.emnlp-main.333","K19-1021","0.229798"
"K19-1021","2020.emnlp-main.333","0.229798"
"2020.emnlp-main.333","N18-1048","0.668651"
"N18-1048","2020.emnlp-main.333","0.668651"
"2020.emnlp-main.333","N19-1097","0.25956"
"N19-1097","2020.emnlp-main.333","0.25956"
"2020.emnlp-main.333","S19-1007","0.146465"
"S19-1007","2020.emnlp-main.333","0.146465"
"2020.emnlp-main.586","2020.lrec-1.705","0.126984"
"2020.lrec-1.705","2020.emnlp-main.586","0.126984"
"2020.emnlp-main.586","2020.semeval-1.2","0.146465"
"2020.semeval-1.2","2020.emnlp-main.586","0.146465"
"2020.emnlp-main.586","2021.acl-long.410","1.57266"
"2021.acl-long.410","2020.emnlp-main.586","1.57266"
"2020.emnlp-main.586","2021.acl-long.541","0.531746"
"2021.acl-long.541","2020.emnlp-main.586","0.531746"
"2020.emnlp-main.586","2021.eacl-main.76","0.198413"
"2021.eacl-main.76","2020.emnlp-main.586","0.198413"
"2020.emnlp-main.586","D18-1026","0.126984"
"D18-1026","2020.emnlp-main.586","0.126984"
"2020.emnlp-main.586","D19-1226","0.642136"
"D19-1226","2020.emnlp-main.586","0.642136"
"2020.emnlp-main.586","D19-1449","0.455988"
"D19-1449","2020.emnlp-main.586","0.455988"
"2020.emnlp-main.586","K19-1004","0.237374"
"K19-1004","2020.emnlp-main.586","0.237374"
"2020.emnlp-main.586","K19-1021","0.313131"
"K19-1021","2020.emnlp-main.586","0.313131"
"2020.emnlp-main.586","N18-1048","0.126984"
"N18-1048","2020.emnlp-main.586","0.126984"
"2020.emnlp-main.586","N19-1097","0.38456"
"N19-1097","2020.emnlp-main.586","0.38456"
"2020.emnlp-main.586","S19-1007","0.146465"
"S19-1007","2020.emnlp-main.586","0.146465"
"2020.lrec-1.705","2020.semeval-1.2","0.250631"
"2020.semeval-1.2","2020.lrec-1.705","0.250631"
"2020.lrec-1.705","2021.acl-long.410","0.32206"
"2021.acl-long.410","2020.lrec-1.705","0.32206"
"2020.lrec-1.705","2021.acl-long.541","0.146465"
"2021.acl-long.541","2020.lrec-1.705","0.146465"
"2020.lrec-1.705","2021.eacl-main.76","0.0555556"
"2021.eacl-main.76","2020.lrec-1.705","0.0555556"
"2020.lrec-1.705","D18-1026","0.452312"
"D18-1026","2020.lrec-1.705","0.452312"
"2020.lrec-1.705","D19-1226","0.361403"
"D19-1226","2020.lrec-1.705","0.361403"
"2020.lrec-1.705","D19-1449","0.0555556"
"D19-1449","2020.lrec-1.705","0.0555556"
"2020.lrec-1.705","K19-1004","0.0555556"
"K19-1004","2020.lrec-1.705","0.0555556"
"2020.lrec-1.705","K19-1021","0.555556"
"K19-1021","2020.lrec-1.705","0.555556"
"2020.lrec-1.705","N18-1048","0.452312"
"N18-1048","2020.lrec-1.705","0.452312"
"2020.lrec-1.705","N19-1097","0.481151"
"N19-1097","2020.lrec-1.705","0.481151"
"2020.lrec-1.705","S19-1007","0.0555556"
"S19-1007","2020.lrec-1.705","0.0555556"
"2020.semeval-1.2","2021.acl-long.410","1.52751"
"2021.acl-long.410","2020.semeval-1.2","1.52751"
"2020.semeval-1.2","2021.acl-long.541","1.50556"
"2021.acl-long.541","2020.semeval-1.2","1.50556"
"2020.semeval-1.2","2021.eacl-main.76","0.0555556"
"2021.eacl-main.76","2020.semeval-1.2","0.0555556"
"2020.semeval-1.2","D18-1026","0.703263"
"D18-1026","2020.semeval-1.2","0.703263"
"2020.semeval-1.2","D19-1226","1.35326"
"D19-1226","2020.semeval-1.2","1.35326"
"2020.semeval-1.2","D19-1449","0.646465"
"D19-1449","2020.semeval-1.2","0.646465"
"2020.semeval-1.2","K19-1004","1.84646"
"K19-1004","2020.semeval-1.2","1.84646"
"2020.semeval-1.2","K19-1021","0.0555556"
"K19-1021","2020.semeval-1.2","0.0555556"
"2020.semeval-1.2","N18-1048","1.62826"
"N18-1048","2020.semeval-1.2","1.62826"
"2020.semeval-1.2","N19-1097","0.284722"
"N19-1097","2020.semeval-1.2","0.284722"
"2020.semeval-1.2","S19-1007","0.0555556"
"S19-1007","2020.semeval-1.2","0.0555556"
"2021.acl-long.410","2021.acl-long.541","0.731746"
"2021.acl-long.541","2021.acl-long.410","0.731746"
"2021.acl-long.410","2021.eacl-main.76","0.0555556"
"2021.eacl-main.76","2021.acl-long.410","0.0555556"
"2021.acl-long.410","D18-1026","1.52469"
"D18-1026","2021.acl-long.410","1.52469"
"2021.acl-long.410","D19-1226","2.29969"
"D19-1226","2021.acl-long.410","2.29969"
"2021.acl-long.410","D19-1449","0.479798"
"D19-1449","2021.acl-long.410","0.479798"
"2021.acl-long.410","K19-1004","0.729798"
"K19-1004","2021.acl-long.410","0.729798"
"2021.acl-long.410","K19-1021","0.138889"
"K19-1021","2021.acl-long.410","0.138889"
"2021.acl-long.410","N18-1048","1.32469"
"N18-1048","2021.acl-long.410","1.32469"
"2021.acl-long.410","N19-1097","0.159722"
"N19-1097","2021.acl-long.410","0.159722"
"2021.acl-long.410","S19-1007","0.0555556"
"S19-1007","2021.acl-long.410","0.0555556"
"2021.acl-long.541","2021.eacl-main.76","0.0555556"
"2021.eacl-main.76","2021.acl-long.541","0.0555556"
"2021.acl-long.541","D18-1026","0.45"
"D18-1026","2021.acl-long.541","0.45"
"2021.acl-long.541","D19-1226","1.15"
"D19-1226","2021.acl-long.541","1.15"
"2021.acl-long.541","D19-1449","0.255556"
"D19-1449","2021.acl-long.541","0.255556"
"2021.acl-long.541","K19-1004","0.0555556"
"K19-1004","2021.acl-long.541","0.0555556"
"2021.acl-long.541","K19-1021","0.0555556"
"K19-1021","2021.acl-long.541","0.0555556"
"2021.acl-long.541","N18-1048","0.45"
"N18-1048","2021.acl-long.541","0.45"
"2021.acl-long.541","N19-1097","0.0555556"
"N19-1097","2021.acl-long.541","0.0555556"
"2021.acl-long.541","S19-1007","0.0555556"
"S19-1007","2021.acl-long.541","0.0555556"
"2021.eacl-main.76","D18-1026","0.0555556"
"D18-1026","2021.eacl-main.76","0.0555556"
"2021.eacl-main.76","D19-1226","0.0555556"
"D19-1226","2021.eacl-main.76","0.0555556"
"2021.eacl-main.76","D19-1449","0.198413"
"D19-1449","2021.eacl-main.76","0.198413"
"2021.eacl-main.76","K19-1004","0.0555556"
"K19-1004","2021.eacl-main.76","0.0555556"
"2021.eacl-main.76","K19-1021","0.0555556"
"K19-1021","2021.eacl-main.76","0.0555556"
"2021.eacl-main.76","N18-1048","0.0555556"
"N18-1048","2021.eacl-main.76","0.0555556"
"2021.eacl-main.76","N19-1097","0.0555556"
"N19-1097","2021.eacl-main.76","0.0555556"
"2021.eacl-main.76","S19-1007","0.0555556"
"S19-1007","2021.eacl-main.76","0.0555556"
"D18-1026","D19-1226","3.06205"
"D19-1226","D18-1026","3.06205"
"D18-1026","K19-1004","0.0555556"
"K19-1004","D18-1026","0.0555556"
"D18-1026","K19-1021","0.0555556"
"K19-1021","D18-1026","0.0555556"
"D18-1026","S19-1007","0.305556"
"S19-1007","D18-1026","0.305556"
"D19-1226","D19-1449","0.513131"
"D19-1449","D19-1226","0.513131"
"D19-1226","K19-1004","0.237374"
"K19-1004","D19-1226","0.237374"
"D19-1226","K19-1021","0.146465"
"K19-1021","D19-1226","0.146465"
"D19-1226","N18-1048","3.06205"
"N18-1048","D19-1226","3.06205"
"D19-1226","N19-1097","0.82206"
"N19-1097","D19-1226","0.82206"
"D19-1226","S19-1007","0.146465"
"S19-1007","D19-1226","0.146465"
"D19-1449","K19-1004","1.14646"
"K19-1004","D19-1449","1.14646"
"D19-1449","K19-1021","2.05556"
"K19-1021","D19-1449","2.05556"
"D19-1449","S19-1007","0.0555556"
"S19-1007","D19-1449","0.0555556"
"K19-1004","K19-1021","0.229798"
"K19-1021","K19-1004","0.229798"
"K19-1004","N18-1048","0.555556"
"N18-1048","K19-1004","0.555556"
"K19-1004","N19-1097","0.146465"
"N19-1097","K19-1004","0.146465"
"K19-1004","S19-1007","0.146465"
"S19-1007","K19-1004","0.146465"
"K19-1021","N18-1048","0.0555556"
"N18-1048","K19-1021","0.0555556"
"K19-1021","N19-1097","8.14646"
"N19-1097","K19-1021","8.14646"
"K19-1021","S19-1007","0.479798"
"S19-1007","K19-1021","0.479798"
"N18-1048","S19-1007","0.305556"
"S19-1007","N18-1048","0.305556"
"N19-1097","S19-1007","0.604798"
"S19-1007","N19-1097","0.604798"
"2020.acl-main.337","J14-3005","0.333333"
"J14-3005","2020.acl-main.337","0.333333"
"2020.acl-main.337","S12-1025","0.333333"
"S12-1025","2020.acl-main.337","0.333333"
"2020.acl-main.257","N13-1134","1.625"
"N13-1134","2020.acl-main.257","1.625"
"J14-3005","N13-1134","1.46786"
"N13-1134","J14-3005","1.46786"
"2020.acl-main.257","D16-1235","0.243347"
"D16-1235","2020.acl-main.257","0.243347"
"2020.acl-main.257","D17-1270","0.16299"
"D17-1270","2020.acl-main.257","0.16299"
"2020.acl-main.257","E17-1016","0.386204"
"E17-1016","2020.acl-main.257","0.386204"
"2020.acl-main.257","N19-1354","0.0588235"
"N19-1354","2020.acl-main.257","0.0588235"
"2020.acl-main.257","W16-2501","0.10049"
"W16-2501","2020.acl-main.257","0.10049"
"2020.cl-4.5","D16-1235","2.24165"
"D16-1235","2020.cl-4.5","2.24165"
"2020.cl-4.5","D17-1270","1.60653"
"D17-1270","2020.cl-4.5","1.60653"
"2020.cl-4.5","E17-1016","0.94955"
"E17-1016","2020.cl-4.5","0.94955"
"2020.cl-4.5","N19-1354","1.55882"
"N19-1354","2020.cl-4.5","1.55882"
"2020.cl-4.5","W16-2501","0.35049"
"W16-2501","2020.cl-4.5","0.35049"
"2020.lrec-1.705","D16-1235","1.25926"
"D16-1235","2020.lrec-1.705","1.25926"
"2020.lrec-1.705","D17-1270","1.14481"
"D17-1270","2020.lrec-1.705","1.14481"
"2020.lrec-1.705","E17-1016","1.93426"
"E17-1016","2020.lrec-1.705","1.93426"
"2020.lrec-1.705","J15-4004","0.95049"
"J15-4004","2020.lrec-1.705","0.95049"
"2020.lrec-1.705","J17-4004","4.48783"
"J17-4004","2020.lrec-1.705","4.48783"
"2020.lrec-1.705","K17-1013","0.364181"
"K17-1013","2020.lrec-1.705","0.364181"
"2020.lrec-1.705","N19-1354","0.0588235"
"N19-1354","2020.lrec-1.705","0.0588235"
"2020.lrec-1.705","P16-1024","0.158824"
"P16-1024","2020.lrec-1.705","0.158824"
"2020.lrec-1.705","P16-2084","0.271919"
"P16-2084","2020.lrec-1.705","0.271919"
"2020.lrec-1.705","P17-1006","0.646756"
"P17-1006","2020.lrec-1.705","0.646756"
"2020.lrec-1.705","Q17-1022","0.675166"
"Q17-1022","2020.lrec-1.705","0.675166"
"2020.lrec-1.705","W16-2501","0.392157"
"W16-2501","2020.lrec-1.705","0.392157"
"D16-1235","D17-1270","1.39522"
"D17-1270","D16-1235","1.39522"
"D16-1235","D18-1026","0.504312"
"D18-1026","D16-1235","0.504312"
"D16-1235","D19-1226","0.504312"
"D19-1226","D16-1235","0.504312"
"D16-1235","E17-1016","1.43765"
"E17-1016","D16-1235","1.43765"
"D16-1235","J15-4004","2.02549"
"J15-4004","D16-1235","2.02549"
"D16-1235","J17-4004","3.45907"
"J17-4004","D16-1235","3.45907"
"D16-1235","K17-1013","4.5805"
"K17-1013","D16-1235","4.5805"
"D16-1235","N18-1048","0.980503"
"N18-1048","D16-1235","0.980503"
"D16-1235","N19-1354","0.0588235"
"N19-1354","D16-1235","0.0588235"
"D16-1235","P16-1024","0.242157"
"P16-1024","D16-1235","0.242157"
"D16-1235","P16-2084","1.52192"
"P16-2084","D16-1235","1.52192"
"D16-1235","P17-1006","1.43884"
"P17-1006","D16-1235","1.43884"
"D16-1235","Q17-1022","1.9226"
"Q17-1022","D16-1235","1.9226"
"D16-1235","W16-2501","0.433824"
"W16-2501","D16-1235","0.433824"
"D17-1270","D18-1026","0.955773"
"D18-1026","D17-1270","0.955773"
"D17-1270","D19-1226","0.982288"
"D19-1226","D17-1270","0.982288"
"D17-1270","E17-1016","0.78494"
"E17-1016","D17-1270","0.78494"
"D17-1270","J15-4004","0.242157"
"J15-4004","D17-1270","0.242157"
"D17-1270","J17-4004","1.26113"
"J17-4004","D17-1270","1.26113"
"D17-1270","K17-1013","1.14939"
"K17-1013","D17-1270","1.14939"
"D17-1270","N18-1048","1.09863"
"N18-1048","D17-1270","1.09863"
"D17-1270","N19-1354","0.0588235"
"N19-1354","D17-1270","0.0588235"
"D17-1270","P16-1024","0.333066"
"P16-1024","D17-1270","0.333066"
"D17-1270","P16-2084","0.499733"
"P16-2084","D17-1270","0.499733"
"D17-1270","P17-1006","1.63196"
"P17-1006","D17-1270","1.63196"
"D17-1270","Q17-1022","1.86113"
"Q17-1022","D17-1270","1.86113"
"D17-1270","W16-2501","0.183824"
"W16-2501","D17-1270","0.183824"
"D18-1026","E17-1016","0.845654"
"E17-1016","D18-1026","0.845654"
"D18-1026","J15-4004","0.22549"
"J15-4004","D18-1026","0.22549"
"D18-1026","J17-4004","1.66867"
"J17-4004","D18-1026","1.66867"
"D18-1026","N19-1354","0.0588235"
"N19-1354","D18-1026","0.0588235"
"D18-1026","W16-2501","0.10049"
"W16-2501","D18-1026","0.10049"
"D19-1226","E17-1016","0.663836"
"E17-1016","D19-1226","0.663836"
"D19-1226","J15-4004","0.0588235"
"J15-4004","D19-1226","0.0588235"
"D19-1226","J17-4004","1.27852"
"J17-4004","D19-1226","1.27852"
"D19-1226","K17-1013","0.896971"
"K17-1013","D19-1226","0.896971"
"D19-1226","N19-1354","0.149733"
"N19-1354","D19-1226","0.149733"
"D19-1226","P16-1024","0.201681"
"P16-1024","D19-1226","0.201681"
"D19-1226","P16-2084","0.314776"
"P16-2084","D19-1226","0.314776"
"D19-1226","P17-1006","1.26364"
"P17-1006","D19-1226","1.26364"
"D19-1226","Q17-1022","1.85947"
"Q17-1022","D19-1226","1.85947"
"D19-1226","W16-2501","0.10049"
"W16-2501","D19-1226","0.10049"
"E17-1016","J15-4004","1.03382"
"J15-4004","E17-1016","1.03382"
"E17-1016","J17-4004","3.35637"
"J17-4004","E17-1016","3.35637"
"E17-1016","K17-1013","1.14641"
"K17-1013","E17-1016","1.14641"
"E17-1016","N18-1048","1.17899"
"N18-1048","E17-1016","1.17899"
"E17-1016","N19-1354","0.0588235"
"N19-1354","E17-1016","0.0588235"
"E17-1016","P16-1024","0.89259"
"P16-1024","E17-1016","0.89259"
"E17-1016","P16-2084","0.630685"
"P16-2084","E17-1016","0.630685"
"E17-1016","P17-1006","1.66113"
"P17-1006","E17-1016","1.66113"
"E17-1016","Q17-1022","1.57022"
"Q17-1022","E17-1016","1.57022"
"E17-1016","W16-2501","0.72549"
"W16-2501","E17-1016","0.72549"
"J15-4004","K17-1013","0.408824"
"K17-1013","J15-4004","0.408824"
"J15-4004","N18-1048","0.22549"
"N18-1048","J15-4004","0.22549"
"J15-4004","N19-1354","0.0588235"
"N19-1354","J15-4004","0.0588235"
"J15-4004","P16-1024","0.408824"
"P16-1024","J15-4004","0.408824"
"J15-4004","P16-2084","0.408824"
"P16-2084","J15-4004","0.408824"
"J15-4004","P17-1006","0.433824"
"P17-1006","J15-4004","0.433824"
"J15-4004","Q17-1022","0.308824"
"Q17-1022","J15-4004","0.308824"
"J15-4004","W16-2501","0.892157"
"W16-2501","J15-4004","0.892157"
"J17-4004","K17-1013","0.953951"
"K17-1013","J17-4004","0.953951"
"J17-4004","N18-1048","1.47819"
"N18-1048","J17-4004","1.47819"
"J17-4004","N19-1354","0.0588235"
"N19-1354","J17-4004","0.0588235"
"J17-4004","P16-1024","0.249733"
"P16-1024","J17-4004","0.249733"
"J17-4004","P16-2084","0.362828"
"P16-2084","J17-4004","0.362828"
"J17-4004","P17-1006","1.56986"
"P17-1006","J17-4004","1.56986"
"J17-4004","Q17-1022","3.17895"
"Q17-1022","J17-4004","3.17895"
"J17-4004","W16-2501","0.85049"
"W16-2501","J17-4004","0.85049"
"K17-1013","N19-1354","0.0588235"
"N19-1354","K17-1013","0.0588235"
"K17-1013","W16-2501","0.267157"
"W16-2501","K17-1013","0.267157"
"N18-1048","N19-1354","0.0588235"
"N19-1354","N18-1048","0.0588235"
"N18-1048","W16-2501","0.22549"
"W16-2501","N18-1048","0.22549"
"N19-1354","P16-1024","0.0588235"
"P16-1024","N19-1354","0.0588235"
"N19-1354","P16-2084","0.0588235"
"P16-2084","N19-1354","0.0588235"
"N19-1354","P17-1006","0.0588235"
"P17-1006","N19-1354","0.0588235"
"N19-1354","Q17-1022","0.0588235"
"Q17-1022","N19-1354","0.0588235"
"N19-1354","W16-2501","0.0588235"
"W16-2501","N19-1354","0.0588235"
"P16-1024","W16-2501","0.267157"
"W16-2501","P16-1024","0.267157"
"P16-2084","W16-2501","0.308824"
"W16-2501","P16-2084","0.308824"
"P17-1006","W16-2501","0.308824"
"W16-2501","P17-1006","0.308824"
"Q17-1022","W16-2501","0.183824"
"W16-2501","Q17-1022","0.183824"
"2020.acl-main.257","2020.emnlp-main.185","0.0416667"
"2020.emnlp-main.185","2020.acl-main.257","0.0416667"
"2020.acl-main.257","2021.emnlp-main.109","0.0416667"
"2021.emnlp-main.109","2020.acl-main.257","0.0416667"
"2020.acl-main.257","L18-1153","0.0416667"
"L18-1153","2020.acl-main.257","0.0416667"
"2020.acl-main.257","N16-1162","0.166667"
"N16-1162","2020.acl-main.257","0.166667"
"2020.acl-main.257","W16-2922","0.113095"
"W16-2922","2020.acl-main.257","0.113095"
"2020.cl-4.5","2020.emnlp-main.185","2.76786"
"2020.emnlp-main.185","2020.cl-4.5","2.76786"
"2020.cl-4.5","2021.emnlp-main.109","0.715909"
"2021.emnlp-main.109","2020.cl-4.5","0.715909"
"2020.cl-4.5","L18-1153","0.132576"
"L18-1153","2020.cl-4.5","0.132576"
"2020.cl-4.5","N16-1162","0.0416667"
"N16-1162","2020.cl-4.5","0.0416667"
"2020.cl-4.5","W16-2922","0.0416667"
"W16-2922","2020.cl-4.5","0.0416667"
"2020.coling-main.118","2020.emnlp-main.185","0.517857"
"2020.emnlp-main.185","2020.coling-main.118","0.517857"
"2020.coling-main.118","2021.emnlp-main.109","0.125"
"2021.emnlp-main.109","2020.coling-main.118","0.125"
"2020.coling-main.118","D16-1235","0.37406"
"D16-1235","2020.coling-main.118","0.37406"
"2020.coling-main.118","D17-1270","0.465132"
"D17-1270","2020.coling-main.118","0.465132"
"2020.coling-main.118","E17-1016","0.390727"
"E17-1016","2020.coling-main.118","0.390727"
"2020.coling-main.118","J17-4004","0.728028"
"J17-4004","2020.coling-main.118","0.728028"
"2020.coling-main.118","L18-1153","0.0416667"
"L18-1153","2020.coling-main.118","0.0416667"
"2020.coling-main.118","N16-1162","0.0416667"
"N16-1162","2020.coling-main.118","0.0416667"
"2020.coling-main.118","P16-2084","0.113095"
"P16-2084","2020.coling-main.118","0.113095"
"2020.coling-main.118","P17-1006","0.808386"
"P17-1006","2020.coling-main.118","0.808386"
"2020.coling-main.118","Q17-1022","1.37089"
"Q17-1022","2020.coling-main.118","1.37089"
"2020.coling-main.118","W16-2501","0.0416667"
"W16-2501","2020.coling-main.118","0.0416667"
"2020.coling-main.118","W16-2922","0.0416667"
"W16-2922","2020.coling-main.118","0.0416667"
"2020.coling-main.423","2020.emnlp-main.185","1.325"
"2020.emnlp-main.185","2020.coling-main.423","1.325"
"2020.coling-main.423","2021.emnlp-main.109","0.325"
"2021.emnlp-main.109","2020.coling-main.423","0.325"
"2020.coling-main.423","D16-1235","0.366667"
"D16-1235","2020.coling-main.423","0.366667"
"2020.coling-main.423","D17-1270","1.39508"
"D17-1270","2020.coling-main.423","1.39508"
"2020.coling-main.423","E17-1016","0.132576"
"E17-1016","2020.coling-main.423","0.132576"
"2020.coling-main.423","J17-4004","0.257576"
"J17-4004","2020.coling-main.423","0.257576"
"2020.coling-main.423","L18-1153","1.33258"
"L18-1153","2020.coling-main.423","1.33258"
"2020.coling-main.423","N16-1162","0.0416667"
"N16-1162","2020.coling-main.423","0.0416667"
"2020.coling-main.423","P16-2084","0.0416667"
"P16-2084","2020.coling-main.423","0.0416667"
"2020.coling-main.423","P17-1006","0.195076"
"P17-1006","2020.coling-main.423","0.195076"
"2020.coling-main.423","Q17-1022","0.132576"
"Q17-1022","2020.coling-main.423","0.132576"
"2020.coling-main.423","W16-2501","0.166667"
"W16-2501","2020.coling-main.423","0.166667"
"2020.coling-main.423","W16-2922","0.0416667"
"W16-2922","2020.coling-main.423","0.0416667"
"2020.emnlp-main.185","2020.emnlp-main.333","0.125"
"2020.emnlp-main.333","2020.emnlp-main.185","0.125"
"2020.emnlp-main.185","2020.lrec-1.705","0.0416667"
"2020.lrec-1.705","2020.emnlp-main.185","0.0416667"
"2020.emnlp-main.185","2020.semeval-1.2","0.541667"
"2020.semeval-1.2","2020.emnlp-main.185","0.541667"
"2020.emnlp-main.185","2021.acl-long.410","0.634524"
"2021.acl-long.410","2020.emnlp-main.185","0.634524"
"2020.emnlp-main.185","2021.emnlp-main.109","0.325"
"2021.emnlp-main.109","2020.emnlp-main.185","0.325"
"2020.emnlp-main.185","D16-1235","0.0416667"
"D16-1235","2020.emnlp-main.185","0.0416667"
"2020.emnlp-main.185","D17-1270","0.208333"
"D17-1270","2020.emnlp-main.185","0.208333"
"2020.emnlp-main.185","D18-1026","0.0416667"
"D18-1026","2020.emnlp-main.185","0.0416667"
"2020.emnlp-main.185","D19-1226","0.208333"
"D19-1226","2020.emnlp-main.185","0.208333"
"2020.emnlp-main.185","E17-1016","0.0416667"
"E17-1016","2020.emnlp-main.185","0.0416667"
"2020.emnlp-main.185","J17-4004","0.0416667"
"J17-4004","2020.emnlp-main.185","0.0416667"
"2020.emnlp-main.185","L18-1153","0.0416667"
"L18-1153","2020.emnlp-main.185","0.0416667"
"2020.emnlp-main.185","N16-1162","0.0416667"
"N16-1162","2020.emnlp-main.185","0.0416667"
"2020.emnlp-main.185","N18-1048","0.0416667"
"N18-1048","2020.emnlp-main.185","0.0416667"
"2020.emnlp-main.185","N19-1097","0.208333"
"N19-1097","2020.emnlp-main.185","0.208333"
"2020.emnlp-main.185","P16-2084","0.375"
"P16-2084","2020.emnlp-main.185","0.375"
"2020.emnlp-main.185","P17-1006","0.0416667"
"P17-1006","2020.emnlp-main.185","0.0416667"
"2020.emnlp-main.185","Q17-1022","0.0416667"
"Q17-1022","2020.emnlp-main.185","0.0416667"
"2020.emnlp-main.185","W16-2501","0.0416667"
"W16-2501","2020.emnlp-main.185","0.0416667"
"2020.emnlp-main.185","W16-2922","0.0416667"
"W16-2922","2020.emnlp-main.185","0.0416667"
"2020.emnlp-main.333","2021.emnlp-main.109","0.125"
"2021.emnlp-main.109","2020.emnlp-main.333","0.125"
"2020.emnlp-main.333","D16-1235","0.113095"
"D16-1235","2020.emnlp-main.333","0.113095"
"2020.emnlp-main.333","D17-1270","0.291667"
"D17-1270","2020.emnlp-main.333","0.291667"
"2020.emnlp-main.333","E17-1016","0.113095"
"E17-1016","2020.emnlp-main.333","0.113095"
"2020.emnlp-main.333","J17-4004","0.291667"
"J17-4004","2020.emnlp-main.333","0.291667"
"2020.emnlp-main.333","L18-1153","0.0416667"
"L18-1153","2020.emnlp-main.333","0.0416667"
"2020.emnlp-main.333","N16-1162","0.0416667"
"N16-1162","2020.emnlp-main.333","0.0416667"
"2020.emnlp-main.333","P16-2084","0.0416667"
"P16-2084","2020.emnlp-main.333","0.0416667"
"2020.emnlp-main.333","P17-1006","0.113095"
"P17-1006","2020.emnlp-main.333","0.113095"
"2020.emnlp-main.333","Q17-1022","0.113095"
"Q17-1022","2020.emnlp-main.333","0.113095"
"2020.emnlp-main.333","W16-2501","0.0416667"
"W16-2501","2020.emnlp-main.333","0.0416667"
"2020.emnlp-main.333","W16-2922","0.113095"
"W16-2922","2020.emnlp-main.333","0.113095"
"2020.lrec-1.705","2021.emnlp-main.109","0.0416667"
"2021.emnlp-main.109","2020.lrec-1.705","0.0416667"
"2020.lrec-1.705","L18-1153","0.723485"
"L18-1153","2020.lrec-1.705","0.723485"
"2020.lrec-1.705","N16-1162","0.141667"
"N16-1162","2020.lrec-1.705","0.141667"
"2020.lrec-1.705","W16-2922","0.113095"
"W16-2922","2020.lrec-1.705","0.113095"
"2020.semeval-1.2","2021.emnlp-main.109","1.08258"
"2021.emnlp-main.109","2020.semeval-1.2","1.08258"
"2020.semeval-1.2","D16-1235","0.0942982"
"D16-1235","2020.semeval-1.2","0.0942982"
"2020.semeval-1.2","D17-1270","0.447707"
"D17-1270","2020.semeval-1.2","0.447707"
"2020.semeval-1.2","E17-1016","0.185207"
"E17-1016","2020.semeval-1.2","0.185207"
"2020.semeval-1.2","J17-4004","11.1852"
"J17-4004","2020.semeval-1.2","11.1852"
"2020.semeval-1.2","L18-1153","0.132576"
"L18-1153","2020.semeval-1.2","0.132576"
"2020.semeval-1.2","N16-1162","0.166667"
"N16-1162","2020.semeval-1.2","0.166667"
"2020.semeval-1.2","P16-2084","0.166667"
"P16-2084","2020.semeval-1.2","0.166667"
"2020.semeval-1.2","P17-1006","0.447707"
"P17-1006","2020.semeval-1.2","0.447707"
"2020.semeval-1.2","Q17-1022","1.38521"
"Q17-1022","2020.semeval-1.2","1.38521"
"2020.semeval-1.2","W16-2501","0.166667"
"W16-2501","2020.semeval-1.2","0.166667"
"2020.semeval-1.2","W16-2922","0.166667"
"W16-2922","2020.semeval-1.2","0.166667"
"2021.acl-long.410","2021.emnlp-main.109","1.86591"
"2021.emnlp-main.109","2021.acl-long.410","1.86591"
"2021.acl-long.410","D16-1235","0.290727"
"D16-1235","2021.acl-long.410","0.290727"
"2021.acl-long.410","D17-1270","0.739374"
"D17-1270","2021.acl-long.410","0.739374"
"2021.acl-long.410","E17-1016","0.381636"
"E17-1016","2021.acl-long.410","0.381636"
"2021.acl-long.410","J17-4004","0.581636"
"J17-4004","2021.acl-long.410","0.581636"
"2021.acl-long.410","L18-1153","0.632576"
"L18-1153","2021.acl-long.410","0.632576"
"2021.acl-long.410","N16-1162","0.0416667"
"N16-1162","2021.acl-long.410","0.0416667"
"2021.acl-long.410","P16-2084","0.113095"
"P16-2084","2021.acl-long.410","0.113095"
"2021.acl-long.410","P17-1006","0.769136"
"P17-1006","2021.acl-long.410","0.769136"
"2021.acl-long.410","Q17-1022","0.906636"
"Q17-1022","2021.acl-long.410","0.906636"
"2021.acl-long.410","W16-2501","0.0416667"
"W16-2501","2021.acl-long.410","0.0416667"
"2021.acl-long.410","W16-2922","0.0416667"
"W16-2922","2021.acl-long.410","0.0416667"
"2021.emnlp-main.109","D16-1235","0.0416667"
"D16-1235","2021.emnlp-main.109","0.0416667"
"2021.emnlp-main.109","D17-1270","0.241667"
"D17-1270","2021.emnlp-main.109","0.241667"
"2021.emnlp-main.109","D18-1026","0.0416667"
"D18-1026","2021.emnlp-main.109","0.0416667"
"2021.emnlp-main.109","D19-1226","0.132576"
"D19-1226","2021.emnlp-main.109","0.132576"
"2021.emnlp-main.109","E17-1016","0.0416667"
"E17-1016","2021.emnlp-main.109","0.0416667"
"2021.emnlp-main.109","J17-4004","0.541667"
"J17-4004","2021.emnlp-main.109","0.541667"
"2021.emnlp-main.109","L18-1153","0.0416667"
"L18-1153","2021.emnlp-main.109","0.0416667"
"2021.emnlp-main.109","N16-1162","1.04167"
"N16-1162","2021.emnlp-main.109","1.04167"
"2021.emnlp-main.109","N18-1048","0.0416667"
"N18-1048","2021.emnlp-main.109","0.0416667"
"2021.emnlp-main.109","N19-1097","0.0416667"
"N19-1097","2021.emnlp-main.109","0.0416667"
"2021.emnlp-main.109","P16-2084","0.0416667"
"P16-2084","2021.emnlp-main.109","0.0416667"
"2021.emnlp-main.109","P17-1006","0.241667"
"P17-1006","2021.emnlp-main.109","0.241667"
"2021.emnlp-main.109","Q17-1022","0.241667"
"Q17-1022","2021.emnlp-main.109","0.241667"
"2021.emnlp-main.109","W16-2501","0.0416667"
"W16-2501","2021.emnlp-main.109","0.0416667"
"2021.emnlp-main.109","W16-2922","0.0416667"
"W16-2922","2021.emnlp-main.109","0.0416667"
"D16-1235","L18-1153","0.299242"
"L18-1153","D16-1235","0.299242"
"D16-1235","N16-1162","0.141667"
"N16-1162","D16-1235","0.141667"
"D16-1235","N19-1097","0.238095"
"N19-1097","D16-1235","0.238095"
"D16-1235","W16-2922","0.196429"
"W16-2922","D16-1235","0.196429"
"D17-1270","L18-1153","5.89015"
"L18-1153","D17-1270","5.89015"
"D17-1270","N16-1162","0.141667"
"N16-1162","D17-1270","0.141667"
"D17-1270","N19-1097","0.104167"
"N19-1097","D17-1270","0.104167"
"D17-1270","W16-2922","0.125"
"W16-2922","D17-1270","0.125"
"D18-1026","L18-1153","0.132576"
"L18-1153","D18-1026","0.132576"
"D18-1026","N16-1162","0.0416667"
"N16-1162","D18-1026","0.0416667"
"D18-1026","W16-2922","0.113095"
"W16-2922","D18-1026","0.113095"
"D19-1226","L18-1153","0.241667"
"L18-1153","D19-1226","0.241667"
"D19-1226","N16-1162","0.0416667"
"N16-1162","D19-1226","0.0416667"
"D19-1226","W16-2922","0.613095"
"W16-2922","D19-1226","0.613095"
"E17-1016","L18-1153","0.132576"
"L18-1153","E17-1016","0.132576"
"E17-1016","N16-1162","0.141667"
"N16-1162","E17-1016","0.141667"
"E17-1016","N19-1097","0.238095"
"N19-1097","E17-1016","0.238095"
"E17-1016","W16-2922","0.113095"
"W16-2922","E17-1016","0.113095"
"J17-4004","L18-1153","0.132576"
"L18-1153","J17-4004","0.132576"
"J17-4004","N16-1162","0.141667"
"N16-1162","J17-4004","0.141667"
"J17-4004","N19-1097","0.166667"
"N19-1097","J17-4004","0.166667"
"J17-4004","W16-2922","0.0416667"
"W16-2922","J17-4004","0.0416667"
"L18-1153","N16-1162","0.0416667"
"N16-1162","L18-1153","0.0416667"
"L18-1153","N18-1048","0.332576"
"N18-1048","L18-1153","0.332576"
"L18-1153","N19-1097","0.0416667"
"N19-1097","L18-1153","0.0416667"
"L18-1153","P16-2084","0.0416667"
"P16-2084","L18-1153","0.0416667"
"L18-1153","P17-1006","0.132576"
"P17-1006","L18-1153","0.132576"
"L18-1153","Q17-1022","0.223485"
"Q17-1022","L18-1153","0.223485"
"L18-1153","W16-2501","0.0416667"
"W16-2501","L18-1153","0.0416667"
"L18-1153","W16-2922","0.0416667"
"W16-2922","L18-1153","0.0416667"
"N16-1162","N18-1048","0.166667"
"N18-1048","N16-1162","0.166667"
"N16-1162","N19-1097","0.166667"
"N19-1097","N16-1162","0.166667"
"N16-1162","P16-2084","0.266667"
"P16-2084","N16-1162","0.266667"
"N16-1162","P17-1006","0.0416667"
"P17-1006","N16-1162","0.0416667"
