"2009.mtsummit-papers.5","C10-1040","2"
"C10-1040","2009.mtsummit-papers.5","2"
"2009.mtsummit-papers.5","2013.iwslt-evaluation.8","0.174242"
"2013.iwslt-evaluation.8","2009.mtsummit-papers.5","0.174242"
"2009.mtsummit-papers.5","2013.iwslt-papers.2","0.174242"
"2013.iwslt-papers.2","2009.mtsummit-papers.5","0.174242"
"2009.mtsummit-papers.5","2021.findings-acl.127","0.0909091"
"2021.findings-acl.127","2009.mtsummit-papers.5","0.0909091"
"2009.mtsummit-papers.5","abdelali-etal-2014-amara","0.174242"
"abdelali-etal-2014-amara","2009.mtsummit-papers.5","0.174242"
"2009.mtsummit-papers.5","C12-1063","2.17424"
"C12-1063","2009.mtsummit-papers.5","2.17424"
"2009.mtsummit-papers.5","C12-1121","0.174242"
"C12-1121","2009.mtsummit-papers.5","0.174242"
"2009.mtsummit-papers.5","J17-4001","0.0909091"
"J17-4001","2009.mtsummit-papers.5","0.0909091"
"2009.mtsummit-papers.5","K15-1007","0.174242"
"K15-1007","2009.mtsummit-papers.5","0.174242"
"2009.mtsummit-papers.5","P13-2003","0.174242"
"P13-2003","2009.mtsummit-papers.5","0.174242"
"2009.mtsummit-papers.5","R13-1066","0.174242"
"R13-1066","2009.mtsummit-papers.5","0.174242"
"2009.mtsummit-papers.5","W12-3136","0.174242"
"W12-3136","2009.mtsummit-papers.5","0.174242"
"2013.iwslt-evaluation.8","2013.iwslt-papers.2","2.17186"
"2013.iwslt-papers.2","2013.iwslt-evaluation.8","2.17186"
"2013.iwslt-evaluation.8","2021.findings-acl.127","0.0909091"
"2021.findings-acl.127","2013.iwslt-evaluation.8","0.0909091"
"2013.iwslt-evaluation.8","abdelali-etal-2014-amara","2.00519"
"abdelali-etal-2014-amara","2013.iwslt-evaluation.8","2.00519"
"2013.iwslt-evaluation.8","C12-1063","0.221861"
"C12-1063","2013.iwslt-evaluation.8","0.221861"
"2013.iwslt-evaluation.8","C12-1121","1.25519"
"C12-1121","2013.iwslt-evaluation.8","1.25519"
"2013.iwslt-evaluation.8","J17-4001","0.588528"
"J17-4001","2013.iwslt-evaluation.8","0.588528"
"2013.iwslt-evaluation.8","K15-1007","3.66353"
"K15-1007","2013.iwslt-evaluation.8","3.66353"
"2013.iwslt-evaluation.8","P13-2003","1.44924"
"P13-2003","2013.iwslt-evaluation.8","1.44924"
"2013.iwslt-evaluation.8","R13-1066","3.17186"
"R13-1066","2013.iwslt-evaluation.8","3.17186"
"2013.iwslt-evaluation.8","W12-3136","1.68019"
"W12-3136","2013.iwslt-evaluation.8","1.68019"
"2013.iwslt-papers.2","2021.findings-acl.127","0.0909091"
"2021.findings-acl.127","2013.iwslt-papers.2","0.0909091"
"2013.iwslt-papers.2","abdelali-etal-2014-amara","4.37186"
"abdelali-etal-2014-amara","2013.iwslt-papers.2","4.37186"
"2013.iwslt-papers.2","C12-1063","0.221861"
"C12-1063","2013.iwslt-papers.2","0.221861"
"2013.iwslt-papers.2","C12-1121","1.80519"
"C12-1121","2013.iwslt-papers.2","1.80519"
"2013.iwslt-papers.2","J17-4001","0.388528"
"J17-4001","2013.iwslt-papers.2","0.388528"
"2013.iwslt-papers.2","K15-1007","0.713528"
"K15-1007","2013.iwslt-papers.2","0.713528"
"2013.iwslt-papers.2","P13-2003","0.665909"
"P13-2003","2013.iwslt-papers.2","0.665909"
"2013.iwslt-papers.2","R13-1066","0.588528"
"R13-1066","2013.iwslt-papers.2","0.588528"
"2013.iwslt-papers.2","W12-3136","0.346861"
"W12-3136","2013.iwslt-papers.2","0.346861"
"2021.findings-acl.127","abdelali-etal-2014-amara","0.0909091"
"abdelali-etal-2014-amara","2021.findings-acl.127","0.0909091"
"2021.findings-acl.127","C12-1063","0.0909091"
"C12-1063","2021.findings-acl.127","0.0909091"
"2021.findings-acl.127","C12-1121","0.0909091"
"C12-1121","2021.findings-acl.127","0.0909091"
"2021.findings-acl.127","J17-4001","0.0909091"
"J17-4001","2021.findings-acl.127","0.0909091"
"2021.findings-acl.127","K15-1007","0.0909091"
"K15-1007","2021.findings-acl.127","0.0909091"
"2021.findings-acl.127","P13-2003","0.0909091"
"P13-2003","2021.findings-acl.127","0.0909091"
"2021.findings-acl.127","R13-1066","0.0909091"
"R13-1066","2021.findings-acl.127","0.0909091"
"2021.findings-acl.127","W12-3136","0.0909091"
"W12-3136","2021.findings-acl.127","0.0909091"
"abdelali-etal-2014-amara","C12-1063","0.221861"
"C12-1063","abdelali-etal-2014-amara","0.221861"
"abdelali-etal-2014-amara","C12-1121","0.805195"
"C12-1121","abdelali-etal-2014-amara","0.805195"
"abdelali-etal-2014-amara","J17-4001","0.388528"
"J17-4001","abdelali-etal-2014-amara","0.388528"
"abdelali-etal-2014-amara","K15-1007","1.21353"
"K15-1007","abdelali-etal-2014-amara","1.21353"
"abdelali-etal-2014-amara","P13-2003","0.999242"
"P13-2003","abdelali-etal-2014-amara","0.999242"
"abdelali-etal-2014-amara","R13-1066","0.588528"
"R13-1066","abdelali-etal-2014-amara","0.588528"
"abdelali-etal-2014-amara","W12-3136","0.680195"
"W12-3136","abdelali-etal-2014-amara","0.680195"
"C12-1063","C12-1121","0.274493"
"C12-1121","C12-1063","0.274493"
"C12-1063","J17-4001","0.44116"
"J17-4001","C12-1063","0.44116"
"C12-1063","K15-1007","0.274493"
"K15-1007","C12-1063","0.274493"
"C12-1063","P13-2003","0.174242"
"P13-2003","C12-1063","0.174242"
"C12-1063","R13-1066","0.274493"
"R13-1066","C12-1063","0.274493"
"C12-1063","W12-3136","0.274493"
"W12-3136","C12-1063","0.274493"
"C12-1121","J17-4001","1.04116"
"J17-4001","C12-1121","1.04116"
"C12-1121","K15-1007","4.08283"
"K15-1007","C12-1121","4.08283"
"C12-1121","P13-2003","3.48258"
"P13-2003","C12-1121","3.48258"
"C12-1121","R13-1066","2.35783"
"R13-1066","C12-1121","2.35783"
"C12-1121","W12-3136","0.399493"
"W12-3136","C12-1121","0.399493"
"J17-4001","K15-1007","2.41616"
"K15-1007","J17-4001","2.41616"
"J17-4001","P13-2003","0.815909"
"P13-2003","J17-4001","0.815909"
"J17-4001","R13-1066","0.19116"
"R13-1066","J17-4001","0.19116"
"J17-4001","W12-3136","0.31616"
"W12-3136","J17-4001","0.31616"
"K15-1007","P13-2003","8.34924"
"P13-2003","K15-1007","8.34924"
"K15-1007","R13-1066","2.22449"
"R13-1066","K15-1007","2.22449"
"K15-1007","W12-3136","0.274493"
"W12-3136","K15-1007","0.274493"
"P13-2003","R13-1066","1.62424"
"R13-1066","P13-2003","1.62424"
"P13-2003","W12-3136","0.507576"
"W12-3136","P13-2003","0.507576"
"R13-1066","W12-3136","0.274493"
"W12-3136","R13-1066","0.274493"
"2009.mtsummit-papers.5","D19-1632","0.0833333"
"D19-1632","2009.mtsummit-papers.5","0.0833333"
"2009.mtsummit-papers.5","W19-5404","0.0833333"
"W19-5404","2009.mtsummit-papers.5","0.0833333"
"2009.mtsummit-papers.5","W19-5435","0.0833333"
"W19-5435","2009.mtsummit-papers.5","0.0833333"
"2013.iwslt-evaluation.8","D19-1632","0.130952"
"D19-1632","2013.iwslt-evaluation.8","0.130952"
"2013.iwslt-evaluation.8","W19-5404","0.416667"
"W19-5404","2013.iwslt-evaluation.8","0.416667"
"2013.iwslt-evaluation.8","W19-5435","0.0833333"
"W19-5435","2013.iwslt-evaluation.8","0.0833333"
"2013.iwslt-papers.2","D19-1632","0.330952"
"D19-1632","2013.iwslt-papers.2","0.330952"
"2013.iwslt-papers.2","W19-5404","0.283333"
"W19-5404","2013.iwslt-papers.2","0.283333"
"2013.iwslt-papers.2","W19-5435","0.0833333"
"W19-5435","2013.iwslt-papers.2","0.0833333"
"abdelali-etal-2014-amara","D19-1632","0.330952"
"D19-1632","abdelali-etal-2014-amara","0.330952"
"abdelali-etal-2014-amara","W19-5404","0.283333"
"W19-5404","abdelali-etal-2014-amara","0.283333"
"abdelali-etal-2014-amara","W19-5435","0.0833333"
"W19-5435","abdelali-etal-2014-amara","0.0833333"
"C12-1063","D19-1632","0.130952"
"D19-1632","C12-1063","0.130952"
"C12-1063","W19-5404","0.0833333"
"W19-5404","C12-1063","0.0833333"
"C12-1063","W19-5435","0.0833333"
"W19-5435","C12-1063","0.0833333"
"C12-1121","D19-1632","0.130952"
"D19-1632","C12-1121","0.130952"
"C12-1121","W19-5404","0.0833333"
"W19-5404","C12-1121","0.0833333"
"C12-1121","W19-5435","0.0833333"
"W19-5435","C12-1121","0.0833333"
"D19-1632","K15-1007","0.130952"
"K15-1007","D19-1632","0.130952"
"D19-1632","P13-2003","0.0833333"
"P13-2003","D19-1632","0.0833333"
"D19-1632","R13-1066","0.130952"
"R13-1066","D19-1632","0.130952"
"D19-1632","W12-3136","0.130952"
"W12-3136","D19-1632","0.130952"
"D19-1632","W19-5404","1.30952"
"W19-5404","D19-1632","1.30952"
"D19-1632","W19-5435","0.659524"
"W19-5435","D19-1632","0.659524"
"K15-1007","W19-5404","0.0833333"
"W19-5404","K15-1007","0.0833333"
"K15-1007","W19-5435","0.0833333"
"W19-5435","K15-1007","0.0833333"
"P13-2003","W19-5404","0.0833333"
"W19-5404","P13-2003","0.0833333"
"P13-2003","W19-5435","0.0833333"
"W19-5435","P13-2003","0.0833333"
"R13-1066","W19-5404","0.416667"
"W19-5404","R13-1066","0.416667"
"R13-1066","W19-5435","0.0833333"
"W19-5435","R13-1066","0.0833333"
"W12-3136","W19-5404","0.0833333"
"W19-5404","W12-3136","0.0833333"
"W12-3136","W19-5435","0.0833333"
"W19-5435","W12-3136","0.0833333"
"W19-5404","W19-5435","2.74286"
"W19-5435","W19-5404","2.74286"
"C10-1040","C12-1063","2"
"C12-1063","C10-1040","2"
"2013.iwslt-evaluation.8","C16-1132","1.16667"
"C16-1132","2013.iwslt-evaluation.8","1.16667"
"2013.iwslt-evaluation.8","2021.emnlp-main.814","0.125"
"2021.emnlp-main.814","2013.iwslt-evaluation.8","0.125"
"2013.iwslt-evaluation.8","C10-1040","0.125"
"C10-1040","2013.iwslt-evaluation.8","0.125"
"2013.iwslt-evaluation.8","D16-1165","0.172619"
"D16-1165","2013.iwslt-evaluation.8","0.172619"
"2013.iwslt-papers.2","2021.emnlp-main.814","0.125"
"2021.emnlp-main.814","2013.iwslt-papers.2","0.125"
"2013.iwslt-papers.2","C10-1040","0.125"
"C10-1040","2013.iwslt-papers.2","0.125"
"2013.iwslt-papers.2","D16-1165","0.172619"
"D16-1165","2013.iwslt-papers.2","0.172619"
"2021.emnlp-main.814","abdelali-etal-2014-amara","0.125"
"abdelali-etal-2014-amara","2021.emnlp-main.814","0.125"
"2021.emnlp-main.814","C10-1040","0.125"
"C10-1040","2021.emnlp-main.814","0.125"
"2021.emnlp-main.814","C12-1121","0.125"
"C12-1121","2021.emnlp-main.814","0.125"
"2021.emnlp-main.814","D16-1165","0.125"
"D16-1165","2021.emnlp-main.814","0.125"
"2021.emnlp-main.814","J17-4001","0.125"
"J17-4001","2021.emnlp-main.814","0.125"
"2021.emnlp-main.814","W12-3136","0.125"
"W12-3136","2021.emnlp-main.814","0.125"
"abdelali-etal-2014-amara","C10-1040","0.125"
"C10-1040","abdelali-etal-2014-amara","0.125"
"abdelali-etal-2014-amara","D16-1165","0.172619"
"D16-1165","abdelali-etal-2014-amara","0.172619"
"C10-1040","C12-1121","0.125"
"C12-1121","C10-1040","0.125"
"C10-1040","D16-1165","0.125"
"D16-1165","C10-1040","0.125"
"C10-1040","J17-4001","0.125"
"J17-4001","C10-1040","0.125"
"C10-1040","W12-3136","0.125"
"W12-3136","C10-1040","0.125"
"C12-1121","D16-1165","0.225251"
"D16-1165","C12-1121","0.225251"
"D16-1165","J17-4001","0.475251"
"J17-4001","D16-1165","0.475251"
"D16-1165","W12-3136","0.225251"
"W12-3136","D16-1165","0.225251"
"2013.iwslt-evaluation.8","2020.acl-main.113","0.047619"
"2020.acl-main.113","2013.iwslt-evaluation.8","0.047619"
"2013.iwslt-evaluation.8","2020.wmt-1.4","0.047619"
"2020.wmt-1.4","2013.iwslt-evaluation.8","0.047619"
"2013.iwslt-evaluation.8","2021.findings-acl.120","0.047619"
"2021.findings-acl.120","2013.iwslt-evaluation.8","0.047619"
"2013.iwslt-evaluation.8","2021.findings-acl.415","0.047619"
"2021.findings-acl.415","2013.iwslt-evaluation.8","0.047619"
"2013.iwslt-evaluation.8","D14-1027","0.047619"
"D14-1027","2013.iwslt-evaluation.8","0.047619"
"2013.iwslt-evaluation.8","N16-1125","0.047619"
"N16-1125","2013.iwslt-evaluation.8","0.047619"
"2013.iwslt-evaluation.8","P14-1065","0.172619"
"P14-1065","2013.iwslt-evaluation.8","0.172619"
"2013.iwslt-evaluation.8","P15-1078","0.047619"
"P15-1078","2013.iwslt-evaluation.8","0.047619"
"2013.iwslt-evaluation.8","P16-2075","0.047619"
"P16-2075","2013.iwslt-evaluation.8","0.047619"
"2013.iwslt-evaluation.8","S16-1137","0.047619"
"S16-1137","2013.iwslt-evaluation.8","0.047619"
"2013.iwslt-evaluation.8","W14-3352","0.372619"
"W14-3352","2013.iwslt-evaluation.8","0.372619"
"2013.iwslt-papers.2","2020.acl-main.113","0.047619"
"2020.acl-main.113","2013.iwslt-papers.2","0.047619"
"2013.iwslt-papers.2","2020.wmt-1.4","0.047619"
"2020.wmt-1.4","2013.iwslt-papers.2","0.047619"
"2013.iwslt-papers.2","2021.findings-acl.120","0.047619"
"2021.findings-acl.120","2013.iwslt-papers.2","0.047619"
"2013.iwslt-papers.2","2021.findings-acl.415","0.047619"
"2021.findings-acl.415","2013.iwslt-papers.2","0.047619"
"2013.iwslt-papers.2","D14-1027","0.047619"
"D14-1027","2013.iwslt-papers.2","0.047619"
"2013.iwslt-papers.2","N16-1125","0.047619"
"N16-1125","2013.iwslt-papers.2","0.047619"
"2013.iwslt-papers.2","P14-1065","0.172619"
"P14-1065","2013.iwslt-papers.2","0.172619"
"2013.iwslt-papers.2","P15-1078","0.047619"
"P15-1078","2013.iwslt-papers.2","0.047619"
"2013.iwslt-papers.2","P16-2075","0.047619"
"P16-2075","2013.iwslt-papers.2","0.047619"
"2013.iwslt-papers.2","S16-1137","0.547619"
"S16-1137","2013.iwslt-papers.2","0.547619"
"2013.iwslt-papers.2","W14-3352","0.172619"
"W14-3352","2013.iwslt-papers.2","0.172619"
"2020.acl-main.113","2020.wmt-1.4","0.15873"
"2020.wmt-1.4","2020.acl-main.113","0.15873"
"2020.acl-main.113","2021.findings-acl.120","0.15873"
"2021.findings-acl.120","2020.acl-main.113","0.15873"
"2020.acl-main.113","2021.findings-acl.415","0.15873"
"2021.findings-acl.415","2020.acl-main.113","0.15873"
"2020.acl-main.113","abdelali-etal-2014-amara","0.047619"
"abdelali-etal-2014-amara","2020.acl-main.113","0.047619"
"2020.acl-main.113","C12-1063","0.047619"
"C12-1063","2020.acl-main.113","0.047619"
"2020.acl-main.113","C12-1121","0.047619"
"C12-1121","2020.acl-main.113","0.047619"
"2020.acl-main.113","D14-1027","0.047619"
"D14-1027","2020.acl-main.113","0.047619"
"2020.acl-main.113","D16-1165","0.047619"
"D16-1165","2020.acl-main.113","0.047619"
"2020.acl-main.113","D19-1632","0.547619"
"D19-1632","2020.acl-main.113","0.547619"
"2020.acl-main.113","J17-4001","0.047619"
"J17-4001","2020.acl-main.113","0.047619"
"2020.acl-main.113","K15-1007","0.047619"
"K15-1007","2020.acl-main.113","0.047619"
"2020.acl-main.113","N16-1125","0.047619"
"N16-1125","2020.acl-main.113","0.047619"
"2020.acl-main.113","P14-1065","0.047619"
"P14-1065","2020.acl-main.113","0.047619"
"2020.acl-main.113","P15-1078","0.047619"
"P15-1078","2020.acl-main.113","0.047619"
"2020.acl-main.113","P16-2075","0.047619"
"P16-2075","2020.acl-main.113","0.047619"
"2020.acl-main.113","R13-1066","0.047619"
"R13-1066","2020.acl-main.113","0.047619"
"2020.acl-main.113","S16-1137","0.047619"
"S16-1137","2020.acl-main.113","0.047619"
"2020.acl-main.113","W12-3136","0.047619"
"W12-3136","2020.acl-main.113","0.047619"
"2020.acl-main.113","W14-3352","0.047619"
"W14-3352","2020.acl-main.113","0.047619"
"2020.wmt-1.4","2021.findings-acl.120","2.13492"
"2021.findings-acl.120","2020.wmt-1.4","2.13492"
"2020.wmt-1.4","2021.findings-acl.415","1.15873"
"2021.findings-acl.415","2020.wmt-1.4","1.15873"
"2020.wmt-1.4","abdelali-etal-2014-amara","0.047619"
"abdelali-etal-2014-amara","2020.wmt-1.4","0.047619"
"2020.wmt-1.4","C12-1063","0.047619"
"C12-1063","2020.wmt-1.4","0.047619"
"2020.wmt-1.4","C12-1121","0.047619"
"C12-1121","2020.wmt-1.4","0.047619"
"2020.wmt-1.4","D14-1027","0.047619"
"D14-1027","2020.wmt-1.4","0.047619"
"2020.wmt-1.4","D16-1165","0.047619"
"D16-1165","2020.wmt-1.4","0.047619"
"2020.wmt-1.4","D19-1632","0.440476"
"D19-1632","2020.wmt-1.4","0.440476"
"2020.wmt-1.4","J17-4001","0.047619"
"J17-4001","2020.wmt-1.4","0.047619"
"2020.wmt-1.4","K15-1007","0.047619"
"K15-1007","2020.wmt-1.4","0.047619"
"2020.wmt-1.4","N16-1125","0.047619"
"N16-1125","2020.wmt-1.4","0.047619"
"2020.wmt-1.4","P14-1065","0.047619"
"P14-1065","2020.wmt-1.4","0.047619"
"2020.wmt-1.4","P15-1078","0.047619"
"P15-1078","2020.wmt-1.4","0.047619"
"2020.wmt-1.4","P16-2075","0.047619"
"P16-2075","2020.wmt-1.4","0.047619"
"2020.wmt-1.4","R13-1066","0.047619"
"R13-1066","2020.wmt-1.4","0.047619"
"2020.wmt-1.4","S16-1137","0.047619"
"S16-1137","2020.wmt-1.4","0.047619"
"2020.wmt-1.4","W12-3136","0.047619"
"W12-3136","2020.wmt-1.4","0.047619"
"2020.wmt-1.4","W14-3352","0.047619"
"W14-3352","2020.wmt-1.4","0.047619"
"2021.findings-acl.120","2021.findings-acl.415","0.15873"
"2021.findings-acl.415","2021.findings-acl.120","0.15873"
"2021.findings-acl.120","abdelali-etal-2014-amara","0.047619"
"abdelali-etal-2014-amara","2021.findings-acl.120","0.047619"
"2021.findings-acl.120","C12-1063","0.047619"
"C12-1063","2021.findings-acl.120","0.047619"
"2021.findings-acl.120","C12-1121","0.047619"
"C12-1121","2021.findings-acl.120","0.047619"
"2021.findings-acl.120","D14-1027","1.04762"
"D14-1027","2021.findings-acl.120","1.04762"
"2021.findings-acl.120","D16-1165","0.047619"
"D16-1165","2021.findings-acl.120","0.047619"
"2021.findings-acl.120","D19-1632","0.740476"
"D19-1632","2021.findings-acl.120","0.740476"
"2021.findings-acl.120","J17-4001","0.547619"
"J17-4001","2021.findings-acl.120","0.547619"
"2021.findings-acl.120","K15-1007","0.047619"
"K15-1007","2021.findings-acl.120","0.047619"
"2021.findings-acl.120","N16-1125","0.047619"
"N16-1125","2021.findings-acl.120","0.047619"
"2021.findings-acl.120","P14-1065","0.547619"
"P14-1065","2021.findings-acl.120","0.547619"
"2021.findings-acl.120","P15-1078","0.047619"
"P15-1078","2021.findings-acl.120","0.047619"
"2021.findings-acl.120","P16-2075","0.047619"
"P16-2075","2021.findings-acl.120","0.047619"
"2021.findings-acl.120","R13-1066","0.047619"
"R13-1066","2021.findings-acl.120","0.047619"
"2021.findings-acl.120","S16-1137","0.047619"
"S16-1137","2021.findings-acl.120","0.047619"
"2021.findings-acl.120","W12-3136","0.047619"
"W12-3136","2021.findings-acl.120","0.047619"
"2021.findings-acl.120","W14-3352","0.047619"
"W14-3352","2021.findings-acl.120","0.047619"
"2021.findings-acl.415","abdelali-etal-2014-amara","0.047619"
"abdelali-etal-2014-amara","2021.findings-acl.415","0.047619"
"2021.findings-acl.415","C12-1063","0.047619"
"C12-1063","2021.findings-acl.415","0.047619"
"2021.findings-acl.415","C12-1121","0.047619"
"C12-1121","2021.findings-acl.415","0.047619"
"2021.findings-acl.415","D14-1027","0.047619"
"D14-1027","2021.findings-acl.415","0.047619"
"2021.findings-acl.415","D16-1165","0.047619"
"D16-1165","2021.findings-acl.415","0.047619"
"2021.findings-acl.415","D19-1632","0.047619"
"D19-1632","2021.findings-acl.415","0.047619"
"2021.findings-acl.415","J17-4001","0.047619"
"J17-4001","2021.findings-acl.415","0.047619"
"2021.findings-acl.415","K15-1007","0.047619"
"K15-1007","2021.findings-acl.415","0.047619"
"2021.findings-acl.415","N16-1125","0.047619"
"N16-1125","2021.findings-acl.415","0.047619"
"2021.findings-acl.415","P14-1065","0.047619"
"P14-1065","2021.findings-acl.415","0.047619"
"2021.findings-acl.415","P15-1078","0.047619"
"P15-1078","2021.findings-acl.415","0.047619"
"2021.findings-acl.415","P16-2075","0.047619"
"P16-2075","2021.findings-acl.415","0.047619"
"2021.findings-acl.415","R13-1066","0.047619"
"R13-1066","2021.findings-acl.415","0.047619"
"2021.findings-acl.415","S16-1137","0.047619"
"S16-1137","2021.findings-acl.415","0.047619"
"2021.findings-acl.415","W12-3136","0.047619"
"W12-3136","2021.findings-acl.415","0.047619"
"2021.findings-acl.415","W14-3352","0.047619"
"W14-3352","2021.findings-acl.415","0.047619"
"abdelali-etal-2014-amara","D14-1027","0.047619"
"D14-1027","abdelali-etal-2014-amara","0.047619"
"abdelali-etal-2014-amara","N16-1125","0.547619"
"N16-1125","abdelali-etal-2014-amara","0.547619"
"abdelali-etal-2014-amara","P14-1065","0.172619"
"P14-1065","abdelali-etal-2014-amara","0.172619"
"abdelali-etal-2014-amara","P15-1078","0.047619"
"P15-1078","abdelali-etal-2014-amara","0.047619"
"abdelali-etal-2014-amara","P16-2075","0.047619"
"P16-2075","abdelali-etal-2014-amara","0.047619"
"abdelali-etal-2014-amara","S16-1137","0.547619"
"S16-1137","abdelali-etal-2014-amara","0.547619"
"abdelali-etal-2014-amara","W14-3352","0.172619"
"W14-3352","abdelali-etal-2014-amara","0.172619"
"C12-1063","D14-1027","0.100251"
"D14-1027","C12-1063","0.100251"
"C12-1063","D16-1165","0.100251"
"D16-1165","C12-1063","0.100251"
"C12-1063","N16-1125","0.100251"
"N16-1125","C12-1063","0.100251"
"C12-1063","P14-1065","0.350251"
"P14-1065","C12-1063","0.350251"
"C12-1063","P15-1078","0.350251"
"P15-1078","C12-1063","0.350251"
"C12-1063","P16-2075","0.100251"
"P16-2075","C12-1063","0.100251"
"C12-1063","S16-1137","0.100251"
"S16-1137","C12-1063","0.100251"
"C12-1063","W14-3352","0.100251"
"W14-3352","C12-1063","0.100251"
"C12-1121","D14-1027","0.100251"
"D14-1027","C12-1121","0.100251"
"C12-1121","N16-1125","0.100251"
"N16-1125","C12-1121","0.100251"
"C12-1121","P14-1065","0.625251"
"P14-1065","C12-1121","0.625251"
"C12-1121","P15-1078","0.100251"
"P15-1078","C12-1121","0.100251"
"C12-1121","P16-2075","0.100251"
"P16-2075","C12-1121","0.100251"
"C12-1121","S16-1137","0.100251"
"S16-1137","C12-1121","0.100251"
"C12-1121","W14-3352","0.825251"
"W14-3352","C12-1121","0.825251"
"D14-1027","D16-1165","0.100251"
"D16-1165","D14-1027","0.100251"
"D14-1027","D19-1632","0.047619"
"D19-1632","D14-1027","0.047619"
"D14-1027","J17-4001","3.38358"
"J17-4001","D14-1027","3.38358"
"D14-1027","K15-1007","0.100251"
"K15-1007","D14-1027","0.100251"
"D14-1027","N16-1125","0.516917"
"N16-1125","D14-1027","0.516917"
"D14-1027","P14-1065","4.18358"
"P14-1065","D14-1027","4.18358"
"D14-1027","P15-1078","5.05025"
"P15-1078","D14-1027","5.05025"
"D14-1027","P16-2075","0.100251"
"P16-2075","D14-1027","0.100251"
"D14-1027","R13-1066","0.100251"
"R13-1066","D14-1027","0.100251"
"D14-1027","S16-1137","0.100251"
"S16-1137","D14-1027","0.100251"
"D14-1027","W12-3136","0.100251"
"W12-3136","D14-1027","0.100251"
"D14-1027","W14-3352","1.13358"
"W14-3352","D14-1027","1.13358"
"D16-1165","D19-1632","0.047619"
"D19-1632","D16-1165","0.047619"
"D16-1165","K15-1007","0.100251"
"K15-1007","D16-1165","0.100251"
"D16-1165","N16-1125","0.100251"
"N16-1125","D16-1165","0.100251"
"D16-1165","P14-1065","0.100251"
"P14-1065","D16-1165","0.100251"
"D16-1165","P15-1078","0.683584"
"P15-1078","D16-1165","0.683584"
"D16-1165","P16-2075","8.93358"
"P16-2075","D16-1165","8.93358"
"D16-1165","R13-1066","0.100251"
"R13-1066","D16-1165","0.100251"
"D16-1165","S16-1137","9.43358"
"S16-1137","D16-1165","9.43358"
"D16-1165","W14-3352","0.100251"
"W14-3352","D16-1165","0.100251"
"D19-1632","J17-4001","0.047619"
"J17-4001","D19-1632","0.047619"
"D19-1632","N16-1125","0.547619"
"N16-1125","D19-1632","0.547619"
"D19-1632","P14-1065","0.047619"
"P14-1065","D19-1632","0.047619"
"D19-1632","P15-1078","0.047619"
"P15-1078","D19-1632","0.047619"
"D19-1632","P16-2075","0.047619"
"P16-2075","D19-1632","0.047619"
"D19-1632","S16-1137","0.047619"
"S16-1137","D19-1632","0.047619"
"D19-1632","W14-3352","0.047619"
"W14-3352","D19-1632","0.047619"
"J17-4001","N16-1125","0.516917"
"N16-1125","J17-4001","0.516917"
"J17-4001","P14-1065","12.4586"
"P14-1065","J17-4001","12.4586"
"J17-4001","P15-1078","6.30025"
"P15-1078","J17-4001","6.30025"
"J17-4001","P16-2075","0.350251"
"P16-2075","J17-4001","0.350251"
"J17-4001","S16-1137","0.350251"
"S16-1137","J17-4001","0.350251"
"J17-4001","W14-3352","6.35858"
"W14-3352","J17-4001","6.35858"
"K15-1007","N16-1125","0.100251"
"N16-1125","K15-1007","0.100251"
"K15-1007","P14-1065","2.12525"
"P14-1065","K15-1007","2.12525"
"K15-1007","P15-1078","0.100251"
"P15-1078","K15-1007","0.100251"
"K15-1007","P16-2075","0.100251"
"P16-2075","K15-1007","0.100251"
"K15-1007","S16-1137","0.100251"
"S16-1137","K15-1007","0.100251"
"K15-1007","W14-3352","0.825251"
"W14-3352","K15-1007","0.825251"
"N16-1125","P14-1065","0.266917"
"P14-1065","N16-1125","0.266917"
"N16-1125","P15-1078","0.516917"
"P15-1078","N16-1125","0.516917"
"N16-1125","P16-2075","0.100251"
"P16-2075","N16-1125","0.100251"
"N16-1125","R13-1066","0.100251"
"R13-1066","N16-1125","0.100251"
"N16-1125","S16-1137","0.100251"
"S16-1137","N16-1125","0.100251"
"N16-1125","W12-3136","0.100251"
"W12-3136","N16-1125","0.100251"
"N16-1125","W14-3352","0.100251"
"W14-3352","N16-1125","0.100251"
"P14-1065","P15-1078","2.60025"
"P15-1078","P14-1065","2.60025"
"P14-1065","P16-2075","0.100251"
"P16-2075","P14-1065","0.100251"
"P14-1065","R13-1066","0.100251"
"R13-1066","P14-1065","0.100251"
"P14-1065","S16-1137","0.100251"
"S16-1137","P14-1065","0.100251"
"P14-1065","W12-3136","0.100251"
"W12-3136","P14-1065","0.100251"
"P14-1065","W14-3352","1.45858"
"W14-3352","P14-1065","1.45858"
"P15-1078","P16-2075","0.683584"
"P16-2075","P15-1078","0.683584"
"P15-1078","R13-1066","0.100251"
"R13-1066","P15-1078","0.100251"
"P15-1078","S16-1137","0.683584"
"S16-1137","P15-1078","0.683584"
"P15-1078","W12-3136","0.100251"
"W12-3136","P15-1078","0.100251"
"P15-1078","W14-3352","0.800251"
"W14-3352","P15-1078","0.800251"
"P16-2075","R13-1066","0.100251"
"R13-1066","P16-2075","0.100251"
"P16-2075","S16-1137","5.93358"
"S16-1137","P16-2075","5.93358"
"P16-2075","W12-3136","0.100251"
"W12-3136","P16-2075","0.100251"
"P16-2075","W14-3352","0.100251"
"W14-3352","P16-2075","0.100251"
"R13-1066","S16-1137","0.100251"
"S16-1137","R13-1066","0.100251"
"R13-1066","W14-3352","0.100251"
"W14-3352","R13-1066","0.100251"
"S16-1137","W12-3136","0.100251"
"W12-3136","S16-1137","0.100251"
"S16-1137","W14-3352","0.100251"
"W14-3352","S16-1137","0.100251"
"W12-3136","W14-3352","0.100251"
"W14-3352","W12-3136","0.100251"
"P13-2003","P14-1065","0.525"
"P14-1065","P13-2003","0.525"
"P13-2003","W14-3352","0.725"
"W14-3352","P13-2003","0.725"
"2013.iwslt-papers.2","C16-1132","0.166667"
"C16-1132","2013.iwslt-papers.2","0.166667"
"abdelali-etal-2014-amara","C16-1132","0.166667"
"C16-1132","abdelali-etal-2014-amara","0.166667"
"C16-1132","K15-1007","0.219298"
"K15-1007","C16-1132","0.219298"
"C16-1132","P13-2003","0.166667"
"P13-2003","C16-1132","0.166667"
"C16-1132","R13-1066","0.219298"
"R13-1066","C16-1132","0.219298"
"2013.iwslt-evaluation.8","2020.wmt-1.78","0.333333"
"2020.wmt-1.78","2013.iwslt-evaluation.8","0.333333"
"2020.wmt-1.78","R13-1066","0.333333"
"R13-1066","2020.wmt-1.78","0.333333"
"2020.wmt-1.78","W19-5404","11.8"
"W19-5404","2020.wmt-1.78","11.8"
"2013.iwslt-papers.2","2021.acl-long.66","0.2"
"2021.acl-long.66","2013.iwslt-papers.2","0.2"
"2013.iwslt-papers.2","2021.eacl-main.115","0.2"
"2021.eacl-main.115","2013.iwslt-papers.2","0.2"
"2021.acl-long.66","2021.eacl-main.115","0.7"
"2021.eacl-main.115","2021.acl-long.66","0.7"
"2021.acl-long.66","abdelali-etal-2014-amara","1.2"
"abdelali-etal-2014-amara","2021.acl-long.66","1.2"
"2021.acl-long.66","D19-1632","1.7"
"D19-1632","2021.acl-long.66","1.7"
"2021.acl-long.66","W19-5404","1.2"
"W19-5404","2021.acl-long.66","1.2"
"2021.eacl-main.115","abdelali-etal-2014-amara","0.2"
"abdelali-etal-2014-amara","2021.eacl-main.115","0.2"
"2021.eacl-main.115","D19-1632","0.642857"
"D19-1632","2021.eacl-main.115","0.642857"
"2021.eacl-main.115","W19-5404","2.64286"
"W19-5404","2021.eacl-main.115","2.64286"
"2013.iwslt-papers.2","2020.wmt-1.78","0.5"
"2020.wmt-1.78","2013.iwslt-papers.2","0.5"
"2020.wmt-1.78","abdelali-etal-2014-amara","0.5"
"abdelali-etal-2014-amara","2020.wmt-1.78","0.5"
"2020.aacl-main.39","D19-1632","1"
"D19-1632","2020.aacl-main.39","1"
"2020.aacl-main.39","2020.acl-main.558","0.416667"
"2020.acl-main.558","2020.aacl-main.39","0.416667"
"2020.aacl-main.39","2020.wmt-1.79","1.58333"
"2020.wmt-1.79","2020.aacl-main.39","1.58333"
"2020.aacl-main.39","2021.eacl-main.50","0.75"
"2021.eacl-main.50","2020.aacl-main.39","0.75"
"2020.aacl-main.39","2021.emnlp-main.474","0.916667"
"2021.emnlp-main.474","2020.aacl-main.39","0.916667"
"2020.acl-main.558","2020.wmt-1.79","1.45"
"2020.wmt-1.79","2020.acl-main.558","1.45"
"2020.acl-main.558","2021.eacl-main.50","1.97882"
"2021.eacl-main.50","2020.acl-main.558","1.97882"
"2020.acl-main.558","2021.emnlp-main.474","0.892857"
"2021.emnlp-main.474","2020.acl-main.558","0.892857"
"2020.wmt-1.79","2021.eacl-main.50","0.883333"
"2021.eacl-main.50","2020.wmt-1.79","0.883333"
"2020.wmt-1.79","2021.emnlp-main.474","1.25"
"2021.emnlp-main.474","2020.wmt-1.79","1.25"
"2021.eacl-main.50","2021.emnlp-main.474","2.09286"
"2021.emnlp-main.474","2021.eacl-main.50","2.09286"
"2020.aacl-main.39","2020.tacl-1.35","1"
"2020.tacl-1.35","2020.aacl-main.39","1"
"2020.tacl-1.35","2020.wmt-1.79","0.744444"
"2020.wmt-1.79","2020.tacl-1.35","0.744444"
"2020.tacl-1.35","2021.eacl-main.50","5.16216"
"2021.eacl-main.50","2020.tacl-1.35","5.16216"
"2020.tacl-1.35","2021.emnlp-main.474","1.14286"
"2021.emnlp-main.474","2020.tacl-1.35","1.14286"
"2020.aacl-main.39","2020.wmt-1.116","0.166667"
"2020.wmt-1.116","2020.aacl-main.39","0.166667"
"2020.aacl-main.39","C12-1063","0.166667"
"C12-1063","2020.aacl-main.39","0.166667"
"2020.acl-main.558","2020.tacl-1.35","1.72882"
"2020.tacl-1.35","2020.acl-main.558","1.72882"
"2020.acl-main.558","2020.wmt-1.116","0.895489"
"2020.wmt-1.116","2020.acl-main.558","0.895489"
"2020.acl-main.558","C12-1063","0.219298"
"C12-1063","2020.acl-main.558","0.219298"
"2020.tacl-1.35","2020.wmt-1.116","2.89549"
"2020.wmt-1.116","2020.tacl-1.35","2.89549"
"2020.tacl-1.35","C12-1063","0.219298"
"C12-1063","2020.tacl-1.35","0.219298"
"2020.wmt-1.116","2021.eacl-main.50","0.895489"
"2021.eacl-main.50","2020.wmt-1.116","0.895489"
"2020.wmt-1.116","2021.emnlp-main.474","0.309524"
"2021.emnlp-main.474","2020.wmt-1.116","0.309524"
"2020.wmt-1.116","C12-1063","0.219298"
"C12-1063","2020.wmt-1.116","0.219298"
"2021.eacl-main.50","C12-1063","0.219298"
"C12-1063","2021.eacl-main.50","0.219298"
"2021.emnlp-main.474","C12-1063","0.166667"
"C12-1063","2021.emnlp-main.474","0.166667"
"2020.aacl-main.62","2020.emnlp-main.480","9.83333"
"2020.emnlp-main.480","2020.aacl-main.62","9.83333"
"2020.aacl-main.62","2021.eacl-main.50","0.333333"
"2021.eacl-main.50","2020.aacl-main.62","0.333333"
"2020.aacl-main.62","2021.emnlp-main.814","0.333333"
"2021.emnlp-main.814","2020.aacl-main.62","0.333333"
"2020.emnlp-main.480","2021.eacl-main.50","0.57619"
"2021.eacl-main.50","2020.emnlp-main.480","0.57619"
"2020.emnlp-main.480","2021.emnlp-main.814","0.333333"
"2021.emnlp-main.814","2020.emnlp-main.480","0.333333"
"2021.eacl-main.50","2021.emnlp-main.814","0.533333"
"2021.emnlp-main.814","2021.eacl-main.50","0.533333"
"2020.aacl-main.62","2020.wmt-1.78","1.5"
"2020.wmt-1.78","2020.aacl-main.62","1.5"
"2020.aacl-main.62","2021.eacl-main.115","2.66667"
"2021.eacl-main.115","2020.aacl-main.62","2.66667"
"2020.aacl-main.62","W19-5404","1"
"W19-5404","2020.aacl-main.62","1"
"2020.emnlp-main.480","2020.wmt-1.78","2.99444"
"2020.wmt-1.78","2020.emnlp-main.480","2.99444"
"2020.emnlp-main.480","2021.eacl-main.115","5.05"
"2021.eacl-main.115","2020.emnlp-main.480","5.05"
"2020.emnlp-main.480","W19-5404","1.3"
"W19-5404","2020.emnlp-main.480","1.3"
"2020.wmt-1.78","2021.eacl-main.115","2.08333"
"2021.eacl-main.115","2020.wmt-1.78","2.08333"
"2020.aacl-main.62","2020.acl-main.113","0.166667"
"2020.acl-main.113","2020.aacl-main.62","0.166667"
"2020.aacl-main.62","2020.tacl-1.35","0.166667"
"2020.tacl-1.35","2020.aacl-main.62","0.166667"
"2020.acl-main.113","2020.emnlp-main.480","0.277778"
"2020.emnlp-main.480","2020.acl-main.113","0.277778"
"2020.acl-main.113","2020.tacl-1.35","3.77778"
"2020.tacl-1.35","2020.acl-main.113","3.77778"
"2020.acl-main.113","2020.wmt-1.78","0.277778"
"2020.wmt-1.78","2020.acl-main.113","0.277778"
"2020.acl-main.113","2021.eacl-main.115","0.166667"
"2021.eacl-main.115","2020.acl-main.113","0.166667"
"2020.acl-main.113","W19-5404","0.166667"
"W19-5404","2020.acl-main.113","0.166667"
"2020.emnlp-main.480","2020.tacl-1.35","1.52063"
"2020.tacl-1.35","2020.emnlp-main.480","1.52063"
"2020.tacl-1.35","2020.wmt-1.78","1.37778"
"2020.wmt-1.78","2020.tacl-1.35","1.37778"
"2020.tacl-1.35","2021.eacl-main.115","0.266667"
"2021.eacl-main.115","2020.tacl-1.35","0.266667"
"2020.tacl-1.35","W19-5404","0.266667"
"W19-5404","2020.tacl-1.35","0.266667"
"2020.aacl-main.62","2020.acl-main.747","0.5"
"2020.acl-main.747","2020.aacl-main.62","0.5"
"2020.aacl-main.62","P15-1078","0.5"
"P15-1078","2020.aacl-main.62","0.5"
"2020.acl-main.747","P15-1078","0.5"
"P15-1078","2020.acl-main.747","0.5"
"2020.acl-main.113","2020.wmt-1.79","0.111111"
"2020.wmt-1.79","2020.acl-main.113","0.111111"
"2020.acl-main.113","2021.acl-long.66","0.111111"
"2021.acl-long.66","2020.acl-main.113","0.111111"
"2020.acl-main.113","W19-5435","0.111111"
"W19-5435","2020.acl-main.113","0.111111"
"2020.emnlp-main.480","2020.wmt-1.4","0.111111"
"2020.wmt-1.4","2020.emnlp-main.480","0.111111"
"2020.emnlp-main.480","2020.wmt-1.79","0.211111"
"2020.wmt-1.79","2020.emnlp-main.480","0.211111"
"2020.emnlp-main.480","2021.acl-long.66","0.611111"
"2021.acl-long.66","2020.emnlp-main.480","0.611111"
"2020.emnlp-main.480","2021.findings-acl.120","0.803968"
"2021.findings-acl.120","2020.emnlp-main.480","0.803968"
"2020.emnlp-main.480","2021.findings-acl.415","0.111111"
"2021.findings-acl.415","2020.emnlp-main.480","0.111111"
"2020.emnlp-main.480","W19-5435","0.794444"
"W19-5435","2020.emnlp-main.480","0.794444"
"2020.tacl-1.35","2020.wmt-1.4","0.111111"
"2020.wmt-1.4","2020.tacl-1.35","0.111111"
"2020.tacl-1.35","2021.acl-long.66","0.111111"
"2021.acl-long.66","2020.tacl-1.35","0.111111"
"2020.tacl-1.35","2021.findings-acl.120","0.553968"
"2021.findings-acl.120","2020.tacl-1.35","0.553968"
"2020.tacl-1.35","2021.findings-acl.415","0.111111"
"2021.findings-acl.415","2020.tacl-1.35","0.111111"
"2020.tacl-1.35","W19-5435","0.211111"
"W19-5435","2020.tacl-1.35","0.211111"
"2020.wmt-1.4","2020.wmt-1.78","1.11111"
"2020.wmt-1.78","2020.wmt-1.4","1.11111"
"2020.wmt-1.4","2020.wmt-1.79","0.111111"
"2020.wmt-1.79","2020.wmt-1.4","0.111111"
"2020.wmt-1.4","2021.acl-long.66","0.111111"
"2021.acl-long.66","2020.wmt-1.4","0.111111"
"2020.wmt-1.4","W19-5435","0.503968"
"W19-5435","2020.wmt-1.4","0.503968"
"2020.wmt-1.78","2020.wmt-1.79","0.211111"
"2020.wmt-1.79","2020.wmt-1.78","0.211111"
"2020.wmt-1.78","2021.acl-long.66","0.611111"
"2021.acl-long.66","2020.wmt-1.78","0.611111"
"2020.wmt-1.78","2021.findings-acl.120","2.16111"
"2021.findings-acl.120","2020.wmt-1.78","2.16111"
"2020.wmt-1.78","2021.findings-acl.415","0.111111"
"2021.findings-acl.415","2020.wmt-1.78","0.111111"
"2020.wmt-1.78","W19-5435","2.21111"
"W19-5435","2020.wmt-1.78","2.21111"
"2020.wmt-1.79","2021.acl-long.66","0.111111"
"2021.acl-long.66","2020.wmt-1.79","0.111111"
"2020.wmt-1.79","2021.findings-acl.120","0.411111"
"2021.findings-acl.120","2020.wmt-1.79","0.411111"
"2020.wmt-1.79","2021.findings-acl.415","0.611111"
"2021.findings-acl.415","2020.wmt-1.79","0.611111"
"2020.wmt-1.79","W19-5435","0.211111"
"W19-5435","2020.wmt-1.79","0.211111"
"2021.acl-long.66","2021.findings-acl.120","0.611111"
"2021.findings-acl.120","2021.acl-long.66","0.611111"
"2021.acl-long.66","2021.findings-acl.415","0.111111"
"2021.findings-acl.415","2021.acl-long.66","0.111111"
"2021.acl-long.66","W19-5435","1.11111"
"W19-5435","2021.acl-long.66","1.11111"
"2021.findings-acl.120","W19-5435","0.853968"
"W19-5435","2021.findings-acl.120","0.853968"
"2021.findings-acl.415","W19-5435","0.111111"
"W19-5435","2021.findings-acl.415","0.111111"
"2020.tacl-1.35","D19-1632","1.1"
"D19-1632","2020.tacl-1.35","1.1"
"2020.acl-main.558","2020.emnlp-main.480","0.142857"
"2020.emnlp-main.480","2020.acl-main.558","0.142857"
"2020.acl-main.558","2021.findings-acl.120","0.342857"
"2021.findings-acl.120","2020.acl-main.558","0.342857"
"2020.acl-main.558","2021.findings-emnlp.369","0.142857"
"2021.findings-emnlp.369","2020.acl-main.558","0.142857"
"2020.emnlp-main.480","2020.wmt-1.116","0.142857"
"2020.wmt-1.116","2020.emnlp-main.480","0.142857"
"2020.emnlp-main.480","2021.emnlp-main.474","0.142857"
"2021.emnlp-main.474","2020.emnlp-main.480","0.142857"
"2020.emnlp-main.480","2021.findings-emnlp.369","0.142857"
"2021.findings-emnlp.369","2020.emnlp-main.480","0.142857"
"2020.tacl-1.35","2021.findings-emnlp.369","0.142857"
"2021.findings-emnlp.369","2020.tacl-1.35","0.142857"
"2020.wmt-1.116","2021.findings-acl.120","0.842857"
"2021.findings-acl.120","2020.wmt-1.116","0.842857"
"2020.wmt-1.116","2021.findings-emnlp.369","0.142857"
"2021.findings-emnlp.369","2020.wmt-1.116","0.142857"
"2021.eacl-main.50","2021.findings-acl.120","1.44286"
"2021.findings-acl.120","2021.eacl-main.50","1.44286"
"2021.eacl-main.50","2021.findings-emnlp.369","0.142857"
"2021.findings-emnlp.369","2021.eacl-main.50","0.142857"
"2021.emnlp-main.474","2021.findings-acl.120","0.142857"
"2021.findings-acl.120","2021.emnlp-main.474","0.142857"
"2021.emnlp-main.474","2021.findings-emnlp.369","0.142857"
"2021.findings-emnlp.369","2021.emnlp-main.474","0.142857"
"2021.findings-acl.120","2021.findings-emnlp.369","0.142857"
"2021.findings-emnlp.369","2021.findings-acl.120","0.142857"
"2020.wmt-1.116","2020.wmt-1.79","0.2"
"2020.wmt-1.79","2020.wmt-1.116","0.2"
"2020.acl-main.558","C12-1121","0.0526316"
"C12-1121","2020.acl-main.558","0.0526316"
"2020.acl-main.558","C16-1132","0.0526316"
"C16-1132","2020.acl-main.558","0.0526316"
"2020.acl-main.558","D14-1027","0.0526316"
"D14-1027","2020.acl-main.558","0.0526316"
"2020.acl-main.558","D16-1165","0.0526316"
"D16-1165","2020.acl-main.558","0.0526316"
"2020.acl-main.558","J17-4001","0.0526316"
"J17-4001","2020.acl-main.558","0.0526316"
"2020.acl-main.558","K15-1007","0.0526316"
"K15-1007","2020.acl-main.558","0.0526316"
"2020.acl-main.558","N16-1125","0.0526316"
"N16-1125","2020.acl-main.558","0.0526316"
"2020.acl-main.558","P14-1065","0.0526316"
"P14-1065","2020.acl-main.558","0.0526316"
"2020.acl-main.558","P15-1078","0.0526316"
"P15-1078","2020.acl-main.558","0.0526316"
"2020.acl-main.558","P16-2075","0.0526316"
"P16-2075","2020.acl-main.558","0.0526316"
"2020.acl-main.558","R13-1066","0.0526316"
"R13-1066","2020.acl-main.558","0.0526316"
"2020.acl-main.558","S16-1137","0.0526316"
"S16-1137","2020.acl-main.558","0.0526316"
"2020.acl-main.558","W12-3136","0.0526316"
"W12-3136","2020.acl-main.558","0.0526316"
"2020.acl-main.558","W14-3352","0.0526316"
"W14-3352","2020.acl-main.558","0.0526316"
"2020.acl-main.558","W15-3059","0.0526316"
"W15-3059","2020.acl-main.558","0.0526316"
"2020.tacl-1.35","C12-1121","0.0526316"
"C12-1121","2020.tacl-1.35","0.0526316"
"2020.tacl-1.35","C16-1132","0.0526316"
"C16-1132","2020.tacl-1.35","0.0526316"
"2020.tacl-1.35","D14-1027","0.0526316"
"D14-1027","2020.tacl-1.35","0.0526316"
"2020.tacl-1.35","D16-1165","0.0526316"
"D16-1165","2020.tacl-1.35","0.0526316"
"2020.tacl-1.35","J17-4001","1.05263"
"J17-4001","2020.tacl-1.35","1.05263"
"2020.tacl-1.35","K15-1007","0.0526316"
"K15-1007","2020.tacl-1.35","0.0526316"
"2020.tacl-1.35","N16-1125","0.552632"
"N16-1125","2020.tacl-1.35","0.552632"
"2020.tacl-1.35","P14-1065","0.0526316"
"P14-1065","2020.tacl-1.35","0.0526316"
"2020.tacl-1.35","P15-1078","0.0526316"
"P15-1078","2020.tacl-1.35","0.0526316"
"2020.tacl-1.35","P16-2075","0.0526316"
"P16-2075","2020.tacl-1.35","0.0526316"
"2020.tacl-1.35","R13-1066","0.0526316"
"R13-1066","2020.tacl-1.35","0.0526316"
"2020.tacl-1.35","S16-1137","0.0526316"
"S16-1137","2020.tacl-1.35","0.0526316"
"2020.tacl-1.35","W12-3136","0.0526316"
"W12-3136","2020.tacl-1.35","0.0526316"
"2020.tacl-1.35","W14-3352","0.0526316"
"W14-3352","2020.tacl-1.35","0.0526316"
"2020.tacl-1.35","W15-3059","0.0526316"
"W15-3059","2020.tacl-1.35","0.0526316"
"2020.wmt-1.116","C12-1121","0.0526316"
"C12-1121","2020.wmt-1.116","0.0526316"
"2020.wmt-1.116","C16-1132","0.0526316"
"C16-1132","2020.wmt-1.116","0.0526316"
"2020.wmt-1.116","D14-1027","0.0526316"
"D14-1027","2020.wmt-1.116","0.0526316"
"2020.wmt-1.116","D16-1165","0.0526316"
"D16-1165","2020.wmt-1.116","0.0526316"
"2020.wmt-1.116","J17-4001","0.0526316"
"J17-4001","2020.wmt-1.116","0.0526316"
"2020.wmt-1.116","K15-1007","0.0526316"
"K15-1007","2020.wmt-1.116","0.0526316"
"2020.wmt-1.116","N16-1125","0.0526316"
"N16-1125","2020.wmt-1.116","0.0526316"
"2020.wmt-1.116","P14-1065","0.0526316"
"P14-1065","2020.wmt-1.116","0.0526316"
"2020.wmt-1.116","P15-1078","0.0526316"
"P15-1078","2020.wmt-1.116","0.0526316"
"2020.wmt-1.116","P16-2075","0.0526316"
"P16-2075","2020.wmt-1.116","0.0526316"
"2020.wmt-1.116","R13-1066","0.0526316"
"R13-1066","2020.wmt-1.116","0.0526316"
"2020.wmt-1.116","S16-1137","0.0526316"
"S16-1137","2020.wmt-1.116","0.0526316"
"2020.wmt-1.116","W12-3136","0.0526316"
"W12-3136","2020.wmt-1.116","0.0526316"
"2020.wmt-1.116","W14-3352","0.0526316"
"W14-3352","2020.wmt-1.116","0.0526316"
"2020.wmt-1.116","W15-3059","0.0526316"
"W15-3059","2020.wmt-1.116","0.0526316"
"2021.eacl-main.50","C12-1121","0.0526316"
