"2020.acl-main.375","2020.coling-main.375","0.533333"
"2020.coling-main.375","2020.acl-main.375","0.533333"
"2020.acl-main.375","D19-1149","0.333333"
"D19-1149","2020.acl-main.375","0.333333"
"2020.acl-main.375","R19-1136","0.333333"
"R19-1136","2020.acl-main.375","0.333333"
"2020.coling-main.375","D19-1149","3.28333"
"D19-1149","2020.coling-main.375","3.28333"
"2020.coling-main.375","R19-1136","5.03333"
"R19-1136","2020.coling-main.375","5.03333"
"D19-1149","R19-1136","4.45"
"R19-1136","D19-1149","4.45"
"2020.acl-main.375","2020.cl-4.3","1.39583"
"2020.cl-4.3","2020.acl-main.375","1.39583"
"2020.acl-main.375","K18-2001","1.0625"
"K18-2001","2020.acl-main.375","1.0625"
"2020.acl-main.375","2020.iwpt-1.25","0.2"
"2020.iwpt-1.25","2020.acl-main.375","0.2"
"2020.acl-main.375","2020.lrec-1.234","1.53333"
"2020.lrec-1.234","2020.acl-main.375","1.53333"
"2020.acl-main.375","2021.eacl-main.264","2.29586"
"2021.eacl-main.264","2020.acl-main.375","2.29586"
"2020.acl-main.375","D19-1277","1.57037"
"D19-1277","2020.acl-main.375","1.57037"
"2020.coling-main.375","2020.iwpt-1.25","0.2"
"2020.iwpt-1.25","2020.coling-main.375","0.2"
"2020.coling-main.375","2020.lrec-1.234","0.2"
"2020.lrec-1.234","2020.coling-main.375","0.2"
"2020.coling-main.375","2021.eacl-main.264","2.2"
"2021.eacl-main.264","2020.coling-main.375","2.2"
"2020.coling-main.375","D19-1277","0.2"
"D19-1277","2020.coling-main.375","0.2"
"2020.iwpt-1.25","2020.lrec-1.234","2.2"
"2020.lrec-1.234","2020.iwpt-1.25","2.2"
"2020.iwpt-1.25","2021.eacl-main.264","0.533333"
"2021.eacl-main.264","2020.iwpt-1.25","0.533333"
"2020.iwpt-1.25","D19-1277","0.42439"
"D19-1277","2020.iwpt-1.25","0.42439"
"2020.lrec-1.234","2021.eacl-main.264","0.2"
"2021.eacl-main.264","2020.lrec-1.234","0.2"
"2020.lrec-1.234","D19-1277","1.2625"
"D19-1277","2020.lrec-1.234","1.2625"
"2021.eacl-main.264","D19-1277","1.52704"
"D19-1277","2021.eacl-main.264","1.52704"
"2020.acl-main.375","E12-1006","0.0958606"
"E12-1006","2020.acl-main.375","0.0958606"
"2020.acl-main.375","E12-2012","0.0588235"
"E12-2012","2020.acl-main.375","0.0588235"
"2020.acl-main.375","K17-3022","0.121324"
"K17-3022","2020.acl-main.375","0.121324"
"2020.acl-main.375","P10-1151","0.0958606"
"P10-1151","2020.acl-main.375","0.0958606"
"2020.acl-main.375","P11-2033","0.0588235"
"P11-2033","2020.acl-main.375","0.0588235"
"2020.acl-main.375","W09-3807","0.0588235"
"W09-3807","2020.acl-main.375","0.0588235"
"2020.acl-main.375","W09-4631","0.0958606"
"W09-4631","2020.acl-main.375","0.0958606"
"2020.acl-main.375","W10-3802","0.0588235"
"W10-3802","2020.acl-main.375","0.0588235"
"2020.acl-main.375","W11-4602","0.0958606"
"W11-4602","2020.acl-main.375","0.0958606"
"2020.acl-main.375","W12-1010","0.0588235"
"W12-1010","2020.acl-main.375","0.0588235"
"2020.acl-main.375","W13-4902","0.0588235"
"W13-4902","2020.acl-main.375","0.0588235"
"2020.acl-main.375","W15-1820","0.0588235"
"W15-1820","2020.acl-main.375","0.0588235"
"2020.acl-main.375","W15-3706","0.0588235"
"W15-3706","2020.acl-main.375","0.0588235"
"2020.acl-main.375","W16-1202","0.0588235"
"W16-1202","2020.acl-main.375","0.0588235"
"2020.acl-main.375","W17-0203","0.121324"
"W17-0203","2020.acl-main.375","0.121324"
"2020.acl-main.375","W17-0411","0.121324"
"W17-0411","2020.acl-main.375","0.121324"
"2021.eacl-main.264","E12-1006","0.0958606"
"E12-1006","2021.eacl-main.264","0.0958606"
"2021.eacl-main.264","E12-2012","0.0588235"
"E12-2012","2021.eacl-main.264","0.0588235"
"2021.eacl-main.264","K17-3022","0.0588235"
"K17-3022","2021.eacl-main.264","0.0588235"
"2021.eacl-main.264","P10-1151","0.135861"
"P10-1151","2021.eacl-main.264","0.135861"
"2021.eacl-main.264","P11-2033","0.0988235"
"P11-2033","2021.eacl-main.264","0.0988235"
"2021.eacl-main.264","W09-3807","0.0588235"
"W09-3807","2021.eacl-main.264","0.0588235"
"2021.eacl-main.264","W09-4631","0.0958606"
"W09-4631","2021.eacl-main.264","0.0958606"
"2021.eacl-main.264","W10-3802","0.0588235"
"W10-3802","2021.eacl-main.264","0.0588235"
"2021.eacl-main.264","W11-4602","0.135861"
"W11-4602","2021.eacl-main.264","0.135861"
"2021.eacl-main.264","W12-1010","0.0588235"
"W12-1010","2021.eacl-main.264","0.0588235"
"2021.eacl-main.264","W13-4902","0.0588235"
"W13-4902","2021.eacl-main.264","0.0588235"
"2021.eacl-main.264","W15-1820","0.0588235"
"W15-1820","2021.eacl-main.264","0.0588235"
"2021.eacl-main.264","W15-3706","0.0588235"
"W15-3706","2021.eacl-main.264","0.0588235"
"2021.eacl-main.264","W16-1202","0.0588235"
"W16-1202","2021.eacl-main.264","0.0588235"
"2021.eacl-main.264","W17-0203","0.0588235"
"W17-0203","2021.eacl-main.264","0.0588235"
"2021.eacl-main.264","W17-0411","0.0588235"
"W17-0411","2021.eacl-main.264","0.0588235"
"E12-1006","E12-2012","0.110907"
"E12-2012","E12-1006","0.110907"
"E12-1006","K17-3022","0.0796569"
"K17-3022","E12-1006","0.0796569"
"E12-1006","P10-1151","0.147944"
"P10-1151","E12-1006","0.147944"
"E12-1006","P11-2033","0.390074"
"P11-2033","E12-1006","0.390074"
"E12-1006","W09-3807","0.0900735"
"W09-3807","E12-1006","0.0900735"
"E12-1006","W09-4631","0.147944"
"W09-4631","E12-1006","0.147944"
"E12-1006","W10-3802","0.0588235"
"W10-3802","E12-1006","0.0588235"
"E12-1006","W11-4602","0.558565"
"W11-4602","E12-1006","0.558565"
"E12-1006","W12-1010","0.423407"
"W12-1010","E12-1006","0.423407"
"E12-1006","W13-4902","0.149368"
"W13-4902","E12-1006","0.149368"
"E12-1006","W15-1820","0.0900735"
"W15-1820","E12-1006","0.0900735"
"E12-1006","W15-3706","0.0900735"
"W15-3706","E12-1006","0.0900735"
"E12-1006","W16-1202","0.0900735"
"W16-1202","E12-1006","0.0900735"
"E12-1006","W17-0203","0.178535"
"W17-0203","E12-1006","0.178535"
"E12-1006","W17-0411","0.110907"
"W17-0411","E12-1006","0.110907"
"E12-2012","K17-3022","0.115371"
"K17-3022","E12-2012","0.115371"
"E12-2012","P10-1151","0.21863"
"P10-1151","E12-2012","0.21863"
"E12-2012","P11-2033","0.0900735"
"P11-2033","E12-2012","0.0900735"
"E12-2012","W09-3807","0.150178"
"W09-3807","E12-2012","0.150178"
"E12-2012","W09-4631","0.135297"
"W09-4631","E12-2012","0.135297"
"E12-2012","W10-3802","0.0588235"
"W10-3802","E12-2012","0.0588235"
"E12-2012","W11-4602","0.133214"
"W11-4602","E12-2012","0.133214"
"E12-2012","W12-1010","0.0900735"
"W12-1010","E12-2012","0.0900735"
"E12-2012","W13-4902","0.254345"
"W13-4902","E12-2012","0.254345"
"E12-2012","W15-1820","0.0900735"
"W15-1820","E12-2012","0.0900735"
"E12-2012","W15-3706","0.0900735"
"W15-3706","E12-2012","0.0900735"
"E12-2012","W16-1202","0.0900735"
"W16-1202","E12-2012","0.0900735"
"E12-2012","W17-0203","0.0900735"
"W17-0203","E12-2012","0.0900735"
"E12-2012","W17-0411","0.253764"
"W17-0411","E12-2012","0.253764"
"K17-3022","P10-1151","0.115371"
"P10-1151","K17-3022","0.115371"
"K17-3022","P11-2033","0.0588235"
"P11-2033","K17-3022","0.0588235"
"K17-3022","W09-3807","0.0588235"
"W09-3807","K17-3022","0.0588235"
"K17-3022","W09-4631","0.0796569"
"W09-4631","K17-3022","0.0796569"
"K17-3022","W10-3802","0.0588235"
"W10-3802","K17-3022","0.0588235"
"K17-3022","W11-4602","0.0588235"
"W11-4602","K17-3022","0.0588235"
"K17-3022","W12-1010","0.0588235"
"W12-1010","K17-3022","0.0588235"
"K17-3022","W13-4902","0.115371"
"W13-4902","K17-3022","0.115371"
"K17-3022","W15-1820","0.0588235"
"W15-1820","K17-3022","0.0588235"
"K17-3022","W15-3706","0.0588235"
"W15-3706","K17-3022","0.0588235"
"K17-3022","W16-1202","0.0588235"
"W16-1202","K17-3022","0.0588235"
"K17-3022","W17-0203","0.28799"
"W17-0203","K17-3022","0.28799"
"K17-3022","W17-0411","0.142157"
"W17-0411","K17-3022","0.142157"
"P10-1151","P11-2033","0.460232"
"P11-2033","P10-1151","0.460232"
"P10-1151","W09-3807","0.157942"
"W09-3807","P10-1151","0.157942"
"P10-1151","W09-4631","0.172334"
"W09-4631","P10-1151","0.172334"
"P10-1151","W10-3802","0.0588235"
"W10-3802","P10-1151","0.0588235"
"P10-1151","W11-4602","0.665013"
"W11-4602","P10-1151","0.665013"
"P10-1151","W12-1010","0.0900735"
"W12-1010","P10-1151","0.0900735"
"P10-1151","W13-4902","0.266249"
"W13-4902","P10-1151","0.266249"
"P10-1151","W15-1820","0.0900735"
"W15-1820","P10-1151","0.0900735"
"P10-1151","W15-3706","0.0900735"
"W15-3706","P10-1151","0.0900735"
"P10-1151","W16-1202","0.0900735"
"W16-1202","P10-1151","0.0900735"
"P10-1151","W17-0203","0.0900735"
"W17-0203","P10-1151","0.0900735"
"P10-1151","W17-0411","0.110907"
"W17-0411","P10-1151","0.110907"
"P11-2033","W09-3807","0.0900735"
"W09-3807","P11-2033","0.0900735"
"P11-2033","W09-4631","0.0900735"
"W09-4631","P11-2033","0.0900735"
"P11-2033","W10-3802","0.0588235"
"W10-3802","P11-2033","0.0588235"
"P11-2033","W11-4602","0.620649"
"W11-4602","P11-2033","0.620649"
"P11-2033","W12-1010","0.0900735"
"W12-1010","P11-2033","0.0900735"
"P11-2033","W13-4902","0.137693"
"W13-4902","P11-2033","0.137693"
"P11-2033","W15-1820","0.0900735"
"W15-1820","P11-2033","0.0900735"
"P11-2033","W15-3706","0.0900735"
"W15-3706","P11-2033","0.0900735"
"P11-2033","W16-1202","0.13174"
"W16-1202","P11-2033","0.13174"
"P11-2033","W17-0203","0.140074"
"W17-0203","P11-2033","0.140074"
"P11-2033","W17-0411","0.0900735"
"W17-0411","P11-2033","0.0900735"
"W09-3807","W09-4631","0.114464"
"W09-4631","W09-3807","0.114464"
"W09-3807","W10-3802","0.0588235"
"W10-3802","W09-3807","0.0588235"
"W09-3807","W11-4602","0.0832138"
"W11-4602","W09-3807","0.0832138"
"W09-3807","W12-1010","0.0900735"
"W12-1010","W09-3807","0.0900735"
"W09-3807","W13-4902","0.150178"
"W13-4902","W09-3807","0.150178"
"W09-3807","W15-1820","0.0900735"
"W15-1820","W09-3807","0.0900735"
"W09-3807","W15-3706","0.0900735"
"W15-3706","W09-3807","0.0900735"
"W09-3807","W16-1202","0.0900735"
"W16-1202","W09-3807","0.0900735"
"W09-3807","W17-0203","0.0900735"
"W17-0203","W09-3807","0.0900735"
"W09-3807","W17-0411","0.0900735"
"W17-0411","W09-3807","0.0900735"
"W09-4631","W10-3802","0.0588235"
"W10-3802","W09-4631","0.0588235"
"W09-4631","W11-4602","0.491679"
"W11-4602","W09-4631","0.491679"
"W09-4631","W12-1010","0.0900735"
"W12-1010","W09-4631","0.0900735"
"W09-4631","W13-4902","0.135297"
"W13-4902","W09-4631","0.135297"
"W09-4631","W15-1820","0.0900735"
"W15-1820","W09-4631","0.0900735"
"W09-4631","W15-3706","0.0900735"
"W15-3706","W09-4631","0.0900735"
"W09-4631","W16-1202","0.0900735"
"W16-1202","W09-4631","0.0900735"
"W09-4631","W17-0203","0.0900735"
"W17-0203","W09-4631","0.0900735"
"W09-4631","W17-0411","0.110907"
"W17-0411","W09-4631","0.110907"
"W10-3802","W11-4602","0.0588235"
"W11-4602","W10-3802","0.0588235"
"W10-3802","W12-1010","0.0588235"
"W12-1010","W10-3802","0.0588235"
"W10-3802","W13-4902","0.0588235"
"W13-4902","W10-3802","0.0588235"
"W10-3802","W15-1820","0.0588235"
"W15-1820","W10-3802","0.0588235"
"W10-3802","W15-3706","0.0588235"
"W15-3706","W10-3802","0.0588235"
"W10-3802","W16-1202","0.0588235"
"W16-1202","W10-3802","0.0588235"
"W10-3802","W17-0203","0.0588235"
"W17-0203","W10-3802","0.0588235"
"W10-3802","W17-0411","0.0588235"
"W17-0411","W10-3802","0.0588235"
"W11-4602","W12-1010","0.0588235"
"W12-1010","W11-4602","0.0588235"
"W11-4602","W13-4902","0.121675"
"W13-4902","W11-4602","0.121675"
"W11-4602","W15-1820","0.0588235"
"W15-1820","W11-4602","0.0588235"
"W11-4602","W15-3706","0.0588235"
"W15-3706","W11-4602","0.0588235"
"W11-4602","W16-1202","0.0588235"
"W16-1202","W11-4602","0.0588235"
"W11-4602","W17-0203","0.0972851"
"W17-0203","W11-4602","0.0972851"
"W11-4602","W17-0411","0.0588235"
"W17-0411","W11-4602","0.0588235"
"W12-1010","W13-4902","0.0900735"
"W13-4902","W12-1010","0.0900735"
"W12-1010","W15-1820","1.34007"
"W15-1820","W12-1010","1.34007"
"W12-1010","W15-3706","0.340074"
"W15-3706","W12-1010","0.340074"
"W12-1010","W16-1202","0.0900735"
"W16-1202","W12-1010","0.0900735"
"W12-1010","W17-0203","0.0900735"
"W17-0203","W12-1010","0.0900735"
"W12-1010","W17-0411","0.0900735"
"W17-0411","W12-1010","0.0900735"
"W13-4902","W15-1820","0.0900735"
"W15-1820","W13-4902","0.0900735"
"W13-4902","W15-3706","0.0900735"
"W15-3706","W13-4902","0.0900735"
"W13-4902","W16-1202","0.0900735"
"W16-1202","W13-4902","0.0900735"
"W13-4902","W17-0203","0.128535"
"W17-0203","W13-4902","0.128535"
"W13-4902","W17-0411","0.110907"
"W17-0411","W13-4902","0.110907"
"W15-1820","W15-3706","0.340074"
"W15-3706","W15-1820","0.340074"
"W15-1820","W16-1202","0.0900735"
"W16-1202","W15-1820","0.0900735"
"W15-1820","W17-0203","0.0900735"
"W17-0203","W15-1820","0.0900735"
"W15-1820","W17-0411","0.0900735"
"W17-0411","W15-1820","0.0900735"
"W15-3706","W16-1202","0.0900735"
"W16-1202","W15-3706","0.0900735"
"W15-3706","W17-0203","0.0900735"
"W17-0203","W15-3706","0.0900735"
"W15-3706","W17-0411","0.0900735"
"W17-0411","W15-3706","0.0900735"
"W16-1202","W17-0203","0.0900735"
"W17-0203","W16-1202","0.0900735"
"W16-1202","W17-0411","0.232931"
"W17-0411","W16-1202","0.232931"
"W17-0203","W17-0411","0.152574"
"W17-0411","W17-0203","0.152574"
"2020.acl-main.375","D07-1013","0.037037"
"D07-1013","2020.acl-main.375","0.037037"
"2020.acl-main.375","D07-1096","0.037037"
"D07-1096","2020.acl-main.375","0.037037"
"2020.acl-main.375","D07-1097","0.037037"
"D07-1097","2020.acl-main.375","0.037037"
"2020.acl-main.375","D11-1002","0.037037"
"D11-1002","2020.acl-main.375","0.037037"
"2020.acl-main.375","E06-1010","0.037037"
"E06-1010","2020.acl-main.375","0.037037"
"2020.acl-main.375","I11-1143","0.037037"
"I11-1143","2020.acl-main.375","0.037037"
"2020.acl-main.375","J08-4003","0.037037"
"J08-4003","2020.acl-main.375","0.037037"
"2020.acl-main.375","J11-1007","0.037037"
"J11-1007","2020.acl-main.375","0.037037"
"2020.acl-main.375","J13-1002","0.037037"
"J13-1002","2020.acl-main.375","0.037037"
"2020.acl-main.375","N07-1050","0.037037"
"N07-1050","2020.acl-main.375","0.037037"
"2020.acl-main.375","N18-1105","0.099537"
"N18-1105","2020.acl-main.375","0.099537"
"2020.acl-main.375","P06-2066","0.037037"
"P06-2066","2020.acl-main.375","0.037037"
"2020.acl-main.375","P07-1122","0.037037"
"P07-1122","2020.acl-main.375","0.037037"
"2020.acl-main.375","P08-1108","0.037037"
"P08-1108","2020.acl-main.375","0.037037"
"2020.acl-main.375","P09-1040","0.037037"
"P09-1040","2020.acl-main.375","0.037037"
"2020.acl-main.375","W06-2933","0.037037"
"W06-2933","2020.acl-main.375","0.037037"
"2020.acl-main.375","W07-2220","0.037037"
"W07-2220","2020.acl-main.375","0.037037"
"2020.acl-main.375","W08-2121","0.037037"
"W08-2121","2020.acl-main.375","0.037037"
"2020.acl-main.375","W09-1201","0.037037"
"W09-1201","2020.acl-main.375","0.037037"
"2020.acl-main.375","W12-5205","0.037037"
"W12-5205","2020.acl-main.375","0.037037"
"2020.acl-main.375","W15-2133","0.037037"
"W15-2133","2020.acl-main.375","0.037037"
"2021.eacl-main.264","D07-1013","0.077037"
"D07-1013","2021.eacl-main.264","0.077037"
"2021.eacl-main.264","D07-1096","0.037037"
"D07-1096","2021.eacl-main.264","0.037037"
"2021.eacl-main.264","D07-1097","0.037037"
"D07-1097","2021.eacl-main.264","0.037037"
"2021.eacl-main.264","D11-1002","0.037037"
"D11-1002","2021.eacl-main.264","0.037037"
"2021.eacl-main.264","E06-1010","0.077037"
"E06-1010","2021.eacl-main.264","0.077037"
"2021.eacl-main.264","I11-1143","0.037037"
"I11-1143","2021.eacl-main.264","0.037037"
"2021.eacl-main.264","J08-4003","0.077037"
"J08-4003","2021.eacl-main.264","0.077037"
"2021.eacl-main.264","J11-1007","0.077037"
"J11-1007","2021.eacl-main.264","0.077037"
"2021.eacl-main.264","J13-1002","0.037037"
"J13-1002","2021.eacl-main.264","0.037037"
"2021.eacl-main.264","N07-1050","0.037037"
"N07-1050","2021.eacl-main.264","0.037037"
"2021.eacl-main.264","N18-1105","0.037037"
"N18-1105","2021.eacl-main.264","0.037037"
"2021.eacl-main.264","P06-2066","0.037037"
"P06-2066","2021.eacl-main.264","0.037037"
"2021.eacl-main.264","P07-1122","0.037037"
"P07-1122","2021.eacl-main.264","0.037037"
"2021.eacl-main.264","P08-1108","0.077037"
"P08-1108","2021.eacl-main.264","0.077037"
"2021.eacl-main.264","P09-1040","0.077037"
"P09-1040","2021.eacl-main.264","0.077037"
"2021.eacl-main.264","W06-2933","0.037037"
"W06-2933","2021.eacl-main.264","0.037037"
"2021.eacl-main.264","W07-2220","0.037037"
"W07-2220","2021.eacl-main.264","0.037037"
"2021.eacl-main.264","W08-2121","0.037037"
"W08-2121","2021.eacl-main.264","0.037037"
"2021.eacl-main.264","W09-1201","0.037037"
"W09-1201","2021.eacl-main.264","0.037037"
"2021.eacl-main.264","W12-5205","0.077037"
"W12-5205","2021.eacl-main.264","0.077037"
"2021.eacl-main.264","W15-2133","0.037037"
"W15-2133","2021.eacl-main.264","0.037037"
"D07-1013","D07-1096","0.129299"
"D07-1096","D07-1013","0.129299"
"D07-1013","D07-1097","0.237023"
"D07-1097","D07-1013","0.237023"
"D07-1013","D11-1002","0.0614273"
"D11-1002","D07-1013","0.0614273"
"D07-1013","D19-1277","0.339523"
"D19-1277","D07-1013","0.339523"
"D07-1013","E06-1010","0.362751"
"E06-1010","D07-1013","0.362751"
"D07-1013","E12-1006","0.0578704"
"E12-1006","D07-1013","0.0578704"
"D07-1013","I11-1143","0.132856"
"I11-1143","D07-1013","0.132856"
"D07-1013","J08-4003","0.268094"
"J08-4003","D07-1013","0.268094"
"D07-1013","J11-1007","1.08952"
"J11-1007","D07-1013","1.08952"
"D07-1013","J13-1002","0.117975"
"J13-1002","D07-1013","0.117975"
"D07-1013","N07-1050","0.453704"
"N07-1050","D07-1013","0.453704"
"D07-1013","N18-1105","0.037037"
"N18-1105","D07-1013","0.037037"
"D07-1013","P06-2066","0.347142"
"P06-2066","D07-1013","0.347142"
"D07-1013","P07-1122","0.203704"
"P07-1122","D07-1013","0.203704"
"D07-1013","P08-1108","0.803808"
"P08-1108","D07-1013","0.803808"
"D07-1013","P09-1040","0.493704"
"P09-1040","D07-1013","0.493704"
"D07-1013","P10-1151","0.455594"
"P10-1151","D07-1013","0.455594"
"D07-1013","W06-2933","0.0971416"
"W06-2933","D07-1013","0.0971416"
"D07-1013","W07-2220","0.189403"
"W07-2220","D07-1013","0.189403"
"D07-1013","W08-2121","0.0846561"
"W08-2121","D07-1013","0.0846561"
"D07-1013","W09-1201","0.037037"
"W09-1201","D07-1013","0.037037"
"D07-1013","W09-4631","0.153689"
"W09-4631","D07-1013","0.153689"
"D07-1013","W11-4602","0.422856"
"W11-4602","D07-1013","0.422856"
"D07-1013","W12-5205","0.122261"
"W12-5205","D07-1013","0.122261"
"D07-1013","W15-2133","0.037037"
"W15-2133","D07-1013","0.037037"
"D07-1096","D07-1097","0.480856"
"D07-1097","D07-1096","0.480856"
"D07-1096","D11-1002","0.126323"
"D11-1002","D07-1096","0.126323"
"D07-1096","D19-1277","0.572156"
"D19-1277","D07-1096","0.572156"
"D07-1096","E06-1010","0.0656085"
"E06-1010","D07-1096","0.0656085"
"D07-1096","E12-1006","0.0963319"
"E12-1006","D07-1096","0.0963319"
"D07-1096","I11-1143","0.216799"
"I11-1143","D07-1096","0.216799"
"D07-1096","J08-4003","1.38086"
"J08-4003","D07-1096","1.38086"
"D07-1096","J11-1007","2.25645"
"J11-1007","D07-1096","2.25645"
"D07-1096","J13-1002","0.162999"
"J13-1002","D07-1096","0.162999"
"D07-1096","N07-1050","0.234061"
"N07-1050","D07-1096","0.234061"
"D07-1096","N18-1105","0.0754986"
"N18-1105","D07-1096","0.0754986"
"D07-1096","P06-2066","0.0846561"
"P06-2066","D07-1096","0.0846561"
"D07-1096","P07-1122","0.167989"
"P07-1122","D07-1096","0.167989"
"D07-1096","P08-1108","1.69537"
"P08-1108","D07-1096","1.69537"
"D07-1096","P09-1040","0.334061"
"P09-1040","D07-1096","0.334061"
"D07-1096","P10-1151","0.0864418"
"P10-1151","D07-1096","0.0864418"
"D07-1096","W06-2933","0.213228"
"W06-2933","D07-1096","0.213228"
"D07-1096","W07-2220","2.43882"
"W07-2220","D07-1096","2.43882"
"D07-1096","W08-2121","0.371927"
"W08-2121","D07-1096","0.371927"
"D07-1096","W09-1201","0.200499"
"W09-1201","D07-1096","0.200499"
"D07-1096","W09-4631","0.195966"
"W09-4631","D07-1096","0.195966"
"D07-1096","W11-4602","0.473118"
"W11-4602","D07-1096","0.473118"
"D07-1096","W12-5205","0.0578704"
"W12-5205","D07-1096","0.0578704"
"D07-1096","W15-2133","0.037037"
"W15-2133","D07-1096","0.037037"
"D07-1097","D11-1002","0.103094"
"D11-1002","D07-1097","0.103094"
"D07-1097","D19-1277","0.442975"
"D19-1277","D07-1097","0.442975"
"D07-1097","E06-1010","0.101323"
"E06-1010","D07-1097","0.101323"
"D07-1097","E12-1006","0.0963319"
"E12-1006","D07-1097","0.0963319"
"D07-1097","I11-1143","0.374523"
"I11-1143","D07-1097","0.374523"
"D07-1097","J08-4003","0.850484"
"J08-4003","D07-1097","0.850484"
"D07-1097","J11-1007","0.824294"
"J11-1007","D07-1097","0.824294"
"D07-1097","J13-1002","0.192151"
"J13-1002","D07-1097","0.192151"
"D07-1097","N07-1050","0.369775"
"N07-1050","D07-1097","0.369775"
"D07-1097","N18-1105","0.0754986"
"N18-1105","D07-1097","0.0754986"
"D07-1097","P06-2066","0.0971416"
"P06-2066","D07-1097","0.0971416"
"D07-1097","P07-1122","0.141204"
"P07-1122","D07-1097","0.141204"
"D07-1097","P08-1108","0.307261"
"P08-1108","D07-1097","0.307261"
"D07-1097","P09-1040","0.312632"
"P09-1040","D07-1097","0.312632"
"D07-1097","P10-1151","0.194165"
"P10-1151","D07-1097","0.194165"
"D07-1097","W06-2933","0.325713"
"W06-2933","D07-1097","0.325713"
"D07-1097","W07-2220","0.295356"
"W07-2220","D07-1097","0.295356"
"D07-1097","W08-2121","0.33026"
"W08-2121","D07-1097","0.33026"
"D07-1097","W09-1201","0.111213"
"W09-1201","D07-1097","0.111213"
"D07-1097","W09-4631","0.353689"
"W09-4631","D07-1097","0.353689"
"D07-1097","W11-4602","0.399889"
"W11-4602","D07-1097","0.399889"
"D07-1097","W12-5205","0.0822606"
"W12-5205","D07-1097","0.0822606"
"D07-1097","W15-2133","0.037037"
"W15-2133","D07-1097","0.037037"
"D11-1002","D19-1277","0.150713"
"D19-1277","D11-1002","0.150713"
"D11-1002","E06-1010","0.037037"
"E06-1010","D11-1002","0.037037"
"D11-1002","E12-1006","0.037037"
"E12-1006","D11-1002","0.037037"
"D11-1002","I11-1143","0.103094"
"I11-1143","D11-1002","0.103094"
"D11-1002","J08-4003","0.200713"
"J08-4003","D11-1002","0.200713"
"D11-1002","J11-1007","0.150713"
"J11-1007","D11-1002","0.150713"
"D11-1002","J13-1002","0.111427"
"J13-1002","D11-1002","0.111427"
"D11-1002","N07-1050","0.0846561"
"N07-1050","D11-1002","0.0846561"
"D11-1002","N18-1105","0.537037"
"N18-1105","D11-1002","0.537037"
"D11-1002","P06-2066","0.109046"
"P06-2066","D11-1002","0.109046"
"D11-1002","P07-1122","0.0846561"
"P07-1122","D11-1002","0.0846561"
"D11-1002","P08-1108","0.103094"
"P08-1108","D11-1002","0.103094"
"D11-1002","P09-1040","0.134656"
"P09-1040","D11-1002","0.134656"
"D11-1002","P10-1151","0.394761"
"P10-1151","D11-1002","0.394761"
"D11-1002","W06-2933","0.109046"
"W06-2933","D11-1002","0.109046"
"D11-1002","W07-2220","0.150713"
"W07-2220","D11-1002","0.150713"
"D11-1002","W08-2121","0.037037"
"W08-2121","D11-1002","0.037037"
"D11-1002","W09-1201","0.037037"
"W09-1201","D11-1002","0.037037"
"D11-1002","W09-4631","0.0614273"
"W09-4631","D11-1002","0.0614273"
"D11-1002","W11-4602","0.44238"
"W11-4602","D11-1002","0.44238"
"D11-1002","W12-5205","0.111427"
"W12-5205","D11-1002","0.111427"
"D11-1002","W15-2133","0.037037"
"W15-2133","D11-1002","0.037037"
"D19-1277","E06-1010","0.141323"
"E06-1010","D19-1277","0.141323"
"D19-1277","E12-1006","0.0578704"
"E12-1006","D19-1277","0.0578704"
"D19-1277","I11-1143","0.324523"
"I11-1143","D19-1277","0.324523"
"D19-1277","J08-4003","0.448451"
"J08-4003","D19-1277","0.448451"
"D19-1277","J11-1007","1.44448"
"J11-1007","D19-1277","1.44448"
"D19-1277","J13-1002","0.153689"
"J13-1002","D19-1277","0.153689"
"D19-1277","N07-1050","0.379894"
"N07-1050","D19-1277","0.379894"
"D19-1277","N18-1105","0.537037"
"N18-1105","D19-1277","0.537037"
"D19-1277","P06-2066","0.207261"
"P06-2066","D19-1277","0.207261"
"D19-1277","P07-1122","0.251323"
"P07-1122","D19-1277","0.251323"
"D19-1277","P08-1108","0.783372"
"P08-1108","D19-1277","0.783372"
"D19-1277","P09-1040","0.778624"
"P09-1040","D19-1277","0.778624"
"D19-1277","P10-1151","0.455396"
"P10-1151","D19-1277","0.455396"
"D19-1277","W06-2933","0.273332"
"W06-2933","D19-1277","0.273332"
"D19-1277","W07-2220","0.530475"
"W07-2220","D19-1277","0.530475"
"D19-1277","W08-2121","0.273942"
"W08-2121","D19-1277","0.273942"
"D19-1277","W09-1201","0.197751"
"W09-1201","D19-1277","0.197751"
"D19-1277","W09-4631","0.253689"
"W09-4631","D19-1277","0.253689"
"D19-1277","W11-4602","1.01432"
"W11-4602","D19-1277","1.01432"
"D19-1277","W12-5205","0.172261"
"W12-5205","D19-1277","0.172261"
"D19-1277","W15-2133","0.237037"
"W15-2133","D19-1277","0.237037"
"E06-1010","E12-1006","0.037037"
"E12-1006","E06-1010","0.037037"
"E06-1010","I11-1143","0.037037"
"I11-1143","E06-1010","0.037037"
"E06-1010","J08-4003","0.184801"
"J08-4003","E06-1010","0.184801"
"E06-1010","J11-1007","0.434801"
"J11-1007","E06-1010","0.434801"
"E06-1010","J13-1002","0.0727513"
"J13-1002","E06-1010","0.0727513"
"E06-1010","N07-1050","0.478134"
"N07-1050","E06-1010","0.478134"
"E06-1010","N18-1105","1.2037"
"N18-1105","E06-1010","1.2037"
"E06-1010","P06-2066","0.56366"
"P06-2066","E06-1010","0.56366"
"E06-1010","P07-1122","0.940472"
"P07-1122","E06-1010","0.940472"
"E06-1010","P08-1108","0.149087"
"P08-1108","E06-1010","0.149087"
"E06-1010","P09-1040","0.518134"
"P09-1040","E06-1010","0.518134"
"E06-1010","P10-1151","0.518134"
"P10-1151","E06-1010","0.518134"
"E06-1010","W06-2933","0.144801"
"W06-2933","E06-1010","0.144801"
"E06-1010","W07-2220","0.101323"
"W07-2220","E06-1010","0.101323"
"E06-1010","W08-2121","0.0656085"
"W08-2121","E06-1010","0.0656085"
"E06-1010","W09-1201","0.037037"
"W09-1201","E06-1010","0.037037"
"E06-1010","W09-4631","0.037037"
"W09-4631","E06-1010","0.037037"
"E06-1010","W11-4602","0.355608"
"W11-4602","E06-1010","0.355608"
"E06-1010","W12-5205","0.077037"
"W12-5205","E06-1010","0.077037"
"E06-1010","W15-2133","0.037037"
"W15-2133","E06-1010","0.037037"
"E12-1006","I11-1143","0.318287"
"I11-1143","E12-1006","0.318287"
"E12-1006","J08-4003","0.0963319"
"J08-4003","E12-1006","0.0963319"
"E12-1006","J11-1007","0.0963319"
"J11-1007","E12-1006","0.0963319"
"E12-1006","J13-1002","0.177582"
"J13-1002","E12-1006","0.177582"
"E12-1006","N07-1050","0.0578704"
"N07-1050","E12-1006","0.0578704"
"E12-1006","N18-1105","0.575499"
"N18-1105","E12-1006","0.575499"
"E12-1006","P06-2066","0.037037"
"P06-2066","E12-1006","0.037037"
"E12-1006","P07-1122","0.148779"
"P07-1122","E12-1006","0.148779"
"E12-1006","P08-1108","0.0578704"
"P08-1108","E12-1006","0.0578704"
"E12-1006","P09-1040","0.0578704"
"P09-1040","E12-1006","0.0578704"
"E12-1006","W06-2933","0.068287"
"W06-2933","E12-1006","0.068287"
"E12-1006","W07-2220","0.0578704"
"W07-2220","E12-1006","0.0578704"
"E12-1006","W08-2121","0.325499"
"W08-2121","E12-1006","0.325499"
"E12-1006","W09-1201","0.0754986"
"W09-1201","E12-1006","0.0754986"
"E12-1006","W12-5205","0.0891204"
"W12-5205","E12-1006","0.0891204"
"E12-1006","W15-2133","0.068287"
"W15-2133","E12-1006","0.068287"
"I11-1143","J08-4003","0.169761"
"J08-4003","I11-1143","0.169761"
"I11-1143","J11-1007","0.841189"
"J11-1007","I11-1143","0.841189"
"I11-1143","J13-1002","0.159344"
"J13-1002","I11-1143","0.159344"
"I11-1143","N07-1050","0.037037"
"N07-1050","I11-1143","0.037037"
"I11-1143","N18-1105","0.037037"
"N18-1105","I11-1143","0.037037"
"I11-1143","P06-2066","0.0614273"
"P06-2066","I11-1143","0.0614273"
"I11-1143","P07-1122","0.037037"
"P07-1122","I11-1143","0.037037"
"I11-1143","P08-1108","0.241189"
"P08-1108","I11-1143","0.241189"
"I11-1143","P09-1040","0.137037"
"P09-1040","I11-1143","0.137037"
"I11-1143","P10-1151","0.0926773"
"P10-1151","I11-1143","0.0926773"
"I11-1143","W06-2933","0.0926773"
"W06-2933","I11-1143","0.0926773"
"I11-1143","W07-2220","0.241189"
"W07-2220","I11-1143","0.241189"
"I11-1143","W08-2121","0.037037"
"W08-2121","I11-1143","0.037037"
"I11-1143","W09-1201","0.037037"
"W09-1201","I11-1143","0.037037"
"I11-1143","W09-4631","0.530773"
"W09-4631","I11-1143","0.530773"
"I11-1143","W11-4602","0.732856"
"W11-4602","I11-1143","0.732856"
"I11-1143","W12-5205","0.142677"
"W12-5205","I11-1143","0.142677"
"I11-1143","W15-2133","0.068287"
"W15-2133","I11-1143","0.068287"
"J08-4003","J11-1007","0.923248"
"J11-1007","J08-4003","0.923248"
"J08-4003","J13-1002","0.273103"
"J13-1002","J08-4003","0.273103"
"J08-4003","N07-1050","0.423372"
"N07-1050","J08-4003","0.423372"
"J08-4003","N18-1105","0.0754986"
"N18-1105","J08-4003","0.0754986"
"J08-4003","P06-2066","0.207261"
"P06-2066","J08-4003","0.207261"
"J08-4003","P07-1122","0.294801"
"P07-1122","J08-4003","0.294801"
"J08-4003","P08-1108","0.558596"
"P08-1108","J08-4003","0.558596"
"J08-4003","P09-1040","0.639563"
"P09-1040","J08-4003","0.639563"
"J08-4003","P10-1151","0.340144"
"P10-1151","J08-4003","0.340144"
"J08-4003","W06-2933","0.483477"
"W06-2933","J08-4003","0.483477"
"J08-4003","W07-2220","0.364999"
"W07-2220","J08-4003","0.364999"
"J08-4003","W08-2121","0.151689"
"W08-2121","J08-4003","0.151689"
"J08-4003","W09-1201","0.0754986"
"W09-1201","J08-4003","0.0754986"
"J08-4003","W09-4631","0.148927"
"W09-4631","J08-4003","0.148927"
"J08-4003","W11-4602","0.216079"
"W11-4602","J08-4003","0.216079"
"J08-4003","W12-5205","0.172261"
"W12-5205","J08-4003","0.172261"
"J08-4003","W15-2133","0.037037"
"W15-2133","J08-4003","0.037037"
"J11-1007","J13-1002","0.258817"
"J13-1002","J11-1007","0.258817"
"J11-1007","N07-1050","0.423372"
"N07-1050","J11-1007","0.423372"
"J11-1007","N18-1105","0.0754986"
"N18-1105","J11-1007","0.0754986"
"J11-1007","P06-2066","0.207261"
"P06-2066","J11-1007","0.207261"
"J11-1007","P07-1122","0.409933"
"P07-1122","J11-1007","0.409933"
"J11-1007","P08-1108","6.92531"
"P08-1108","J11-1007","6.92531"
"J11-1007","P09-1040","1.16734"
"P09-1040","J11-1007","1.16734"
"J11-1007","P10-1151","0.760779"
"P10-1151","J11-1007","0.760779"
"J11-1007","W06-2933","0.369442"
"W06-2933","J11-1007","0.369442"
"J11-1007","W07-2220","1.26381"
"W07-2220","J11-1007","1.26381"
"J11-1007","W08-2121","0.365035"
"W08-2121","J11-1007","0.365035"
"J11-1007","W09-1201","0.236213"
"W09-1201","J11-1007","0.236213"
"J11-1007","W09-4631","0.520356"
"W09-4631","J11-1007","0.520356"
"J11-1007","W11-4602","1.83314"
"W11-4602","J11-1007","1.83314"
"J11-1007","W12-5205","0.172261"
"W12-5205","J11-1007","0.172261"
"J11-1007","W15-2133","0.037037"
"W15-2133","J11-1007","0.037037"
"J13-1002","N07-1050","0.0935847"
"N07-1050","J13-1002","0.0935847"
"J13-1002","N18-1105","0.0754986"
"N18-1105","J13-1002","0.0754986"
"J13-1002","P06-2066","0.0971416"
"P06-2066","J13-1002","0.0971416"
"J13-1002","P07-1122","0.0935847"
"P07-1122","J13-1002","0.0935847"
"J13-1002","P08-1108","0.184642"
"P08-1108","J13-1002","0.184642"
"J13-1002","P09-1040","0.143585"
"P09-1040","J13-1002","0.143585"
"J13-1002","P10-1151","0.149225"
"P10-1151","J13-1002","0.149225"
"J13-1002","W06-2933","0.128392"
"W06-2933","J13-1002","0.128392"
"J13-1002","W07-2220","0.220356"
"W07-2220","J13-1002","0.220356"
"J13-1002","W08-2121","0.111213"
"W08-2121","J13-1002","0.111213"
"J13-1002","W09-1201","0.111213"
"W09-1201","J13-1002","0.111213"
"J13-1002","W09-4631","0.180177"
"W09-4631","J13-1002","0.180177"
"J13-1002","W11-4602","0.0998888"
"W11-4602","J13-1002","0.0998888"
"J13-1002","W12-5205","0.163511"
"W12-5205","J13-1002","0.163511"
"J13-1002","W15-2133","0.068287"
"W15-2133","J13-1002","0.068287"
"N07-1050","N18-1105","0.037037"
"N18-1105","N07-1050","0.037037"
"N07-1050","P06-2066","0.537037"
"P06-2066","N07-1050","0.537037"
"N07-1050","P07-1122","0.794801"
"P07-1122","N07-1050","0.794801"
"N07-1050","P08-1108","0.240039"
"P08-1108","N07-1050","0.240039"
"N07-1050","P09-1040","1.32337"
"P09-1040","N07-1050","1.32337"
"N07-1050","P10-1151","1.37992"
"P10-1151","N07-1050","1.37992"
"N07-1050","W06-2933","1.22575"
"W06-2933","N07-1050","1.22575"
"N07-1050","W07-2220","0.169775"
"W07-2220","N07-1050","0.169775"
"N07-1050","W08-2121","0.113228"
"W08-2121","N07-1050","0.113228"
"N07-1050","W09-1201","0.037037"
"W09-1201","N07-1050","0.037037"
"N07-1050","W09-4631","0.0578704"
"W09-4631","N07-1050","0.0578704"
"N07-1050","W11-4602","0.279894"
"W11-4602","N07-1050","0.279894"
"N07-1050","W12-5205","0.0578704"
"W12-5205","N07-1050","0.0578704"
"N07-1050","W15-2133","0.037037"
"W15-2133","N07-1050","0.037037"
"N18-1105","P06-2066","0.037037"
"P06-2066","N18-1105","0.037037"
"N18-1105","P07-1122","0.37037"
"P07-1122","N18-1105","0.37037"
"N18-1105","P08-1108","0.037037"
"P08-1108","N18-1105","0.037037"
"N18-1105","P09-1040","0.037037"
"P09-1040","N18-1105","0.037037"
"N18-1105","P10-1151","0.037037"
"P10-1151","N18-1105","0.037037"
"N18-1105","W06-2933","0.037037"
"W06-2933","N18-1105","0.037037"
"N18-1105","W07-2220","0.037037"
"W07-2220","N18-1105","0.037037"
"N18-1105","W08-2121","0.0754986"
"W08-2121","N18-1105","0.0754986"
"N18-1105","W09-1201","0.0754986"
"W09-1201","N18-1105","0.0754986"
"N18-1105","W09-4631","0.037037"
"W09-4631","N18-1105","0.037037"
"N18-1105","W11-4602","0.0754986"
"W11-4602","N18-1105","0.0754986"
"N18-1105","W12-5205","0.037037"
"W12-5205","N18-1105","0.037037"
"N18-1105","W15-2133","0.037037"
"W15-2133","N18-1105","0.037037"
"P06-2066","P07-1122","0.777946"
"P07-1122","P06-2066","0.777946"
"P06-2066","P08-1108","0.123927"
"P08-1108","P06-2066","0.123927"
"P06-2066","P09-1040","0.537037"
"P09-1040","P06-2066","0.537037"
"P06-2066","P10-1151","0.742975"
"P10-1151","P06-2066","0.742975"
"P06-2066","W06-2933","0.511427"
"W06-2933","P06-2066","0.511427"
"P06-2066","W07-2220","0.207261"
"W07-2220","P06-2066","0.207261"
"P06-2066","W08-2121","0.037037"
"W08-2121","P06-2066","0.037037"
"P06-2066","W09-1201","0.037037"
"W09-1201","P06-2066","0.037037"
"P06-2066","W09-4631","0.0614273"
"W09-4631","P06-2066","0.0614273"
"P06-2066","W11-4602","0.275713"
"W11-4602","P06-2066","0.275713"
"P06-2066","W12-5205","0.0614273"
"W12-5205","P06-2066","0.0614273"
"P06-2066","W15-2133","0.037037"
"W15-2133","P06-2066","0.037037"
"P07-1122","P08-1108","0.326599"
"P08-1108","P07-1122","0.326599"
"P07-1122","P09-1040","0.461468"
"P09-1040","P07-1122","0.461468"
"P07-1122","P10-1151","0.184682"
"P10-1151","P07-1122","0.184682"
"P07-1122","W06-2933","0.71648"
"W06-2933","P07-1122","0.71648"
"P07-1122","W07-2220","0.141204"
"W07-2220","P07-1122","0.141204"
"P07-1122","W08-2121","0.137288"
"W08-2121","P07-1122","0.137288"
"P07-1122","W09-1201","0.037037"
"W09-1201","P07-1122","0.037037"
"P07-1122","W09-4631","0.0578704"
"W09-4631","P07-1122","0.0578704"
"P07-1122","W11-4602","0.342232"
"W11-4602","P07-1122","0.342232"
"P07-1122","W12-5205","0.0578704"
"W12-5205","P07-1122","0.0578704"
"P07-1122","W15-2133","0.037037"
"W15-2133","P07-1122","0.037037"
"P08-1108","P09-1040","0.84115"
"P09-1040","P08-1108","0.84115"
"P08-1108","P10-1151","0.582207"
"P10-1151","P08-1108","0.582207"
"P08-1108","W06-2933","0.186109"
"W06-2933","P08-1108","0.186109"
"P08-1108","W07-2220","1.05547"
"W07-2220","P08-1108","1.05547"
"P08-1108","W08-2121","0.201573"
"W08-2121","P08-1108","0.201573"
"P08-1108","W09-1201","0.0727513"
"W09-1201","P08-1108","0.0727513"
"P08-1108","W09-4631","0.220356"
"W09-4631","P08-1108","0.220356"
"P08-1108","W11-4602","0.201427"
"W11-4602","P08-1108","0.201427"
"P08-1108","W12-5205","0.122261"
"W12-5205","P08-1108","0.122261"
"P08-1108","W15-2133","0.037037"
"W15-2133","P08-1108","0.037037"
"P09-1040","P10-1151","2.91198"
"P10-1151","P09-1040","2.91198"
"P09-1040","W06-2933","0.359087"
"W06-2933","P09-1040","0.359087"
"P09-1040","W07-2220","0.169775"
"W07-2220","P09-1040","0.169775"
"P09-1040","W08-2121","0.113228"
"W08-2121","P09-1040","0.113228"
"P09-1040","W09-1201","0.037037"
"W09-1201","P09-1040","0.037037"
"P09-1040","W09-4631","0.15787"
"W09-4631","P09-1040","0.15787"
"P09-1040","W11-4602","0.419894"
"W11-4602","P09-1040","0.419894"
"P09-1040","W12-5205","0.14787"
"W12-5205","P09-1040","0.14787"
"P09-1040","W15-2133","0.037037"
"W15-2133","P09-1040","0.037037"
"P10-1151","W06-2933","0.867108"
"W06-2933","P10-1151","0.867108"
"P10-1151","W07-2220","0.209046"
"W07-2220","P10-1151","0.209046"
"P10-1151","W08-2121","0.113228"
"W08-2121","P10-1151","0.113228"
"P10-1151","W09-1201","0.037037"
"W09-1201","P10-1151","0.037037"
"P10-1151","W12-5205","0.153511"
"W12-5205","P10-1151","0.153511"
"P10-1151","W15-2133","0.068287"
"W15-2133","P10-1151","0.068287"
"W06-2933","W07-2220","0.173332"
"W07-2220","W06-2933","0.173332"
"W06-2933","W08-2121","0.11824"
"W08-2121","W06-2933","0.11824"
"W06-2933","W09-1201","0.037037"
"W09-1201","W06-2933","0.037037"
"W06-2933","W09-4631","0.0926773"
"W09-4631","W06-2933","0.0926773"
"W06-2933","W11-4602","0.304284"
"W11-4602","W06-2933","0.304284"
"W06-2933","W12-5205","0.0926773"
"W12-5205","W06-2933","0.0926773"
"W06-2933","W15-2133","0.068287"
"W15-2133","W06-2933","0.068287"
"W07-2220","W08-2121","0.226323"
"W08-2121","W07-2220","0.226323"
"W07-2220","W09-1201","0.197751"
"W09-1201","W07-2220","0.197751"
"W07-2220","W09-4631","0.220356"
"W09-4631","W07-2220","0.220356"
"W07-2220","W11-4602","0.209046"
"W11-4602","W07-2220","0.209046"
"W07-2220","W12-5205","0.0822606"
"W12-5205","W07-2220","0.0822606"
"W07-2220","W15-2133","0.037037"
"W15-2133","W07-2220","0.037037"
"W08-2121","W09-1201","1.73621"
"W09-1201","W08-2121","1.73621"
"W08-2121","W09-4631","1.03704"
"W09-4631","W08-2121","1.03704"
"W08-2121","W11-4602","0.10407"
"W11-4602","W08-2121","0.10407"
"W08-2121","W12-5205","0.037037"
"W12-5205","W08-2121","0.037037"
"W08-2121","W15-2133","0.037037"
"W15-2133","W08-2121","0.037037"
"W09-1201","W09-4631","1.03704"
"W09-4631","W09-1201","1.03704"
"W09-1201","W11-4602","0.0754986"
"W11-4602","W09-1201","0.0754986"
"W09-1201","W12-5205","0.037037"
"W12-5205","W09-1201","0.037037"
"W09-1201","W15-2133","0.037037"
"W15-2133","W09-1201","0.037037"
"W09-4631","W12-5205","0.113511"
"W12-5205","W09-4631","0.113511"
"W09-4631","W15-2133","0.068287"
"W15-2133","W09-4631","0.068287"
"W11-4602","W12-5205","0.151427"
"W12-5205","W11-4602","0.151427"
"W11-4602","W15-2133","0.037037"
"W15-2133","W11-4602","0.037037"
"W12-5205","W15-2133","0.512731"
"W15-2133","W12-5205","0.512731"
"2020.acl-main.375","2020.lrec-1.497","0.0625"
"2020.lrec-1.497","2020.acl-main.375","0.0625"
"2020.acl-main.375","2020.udw-1.20","0.0625"
"2020.udw-1.20","2020.acl-main.375","0.0625"
"2020.acl-main.375","2021.eacl-main.117","0.0625"
"2021.eacl-main.117","2020.acl-main.375","0.0625"
"2020.acl-main.375","I17-1018","0.0625"
"I17-1018","2020.acl-main.375","0.0625"
"2020.acl-main.375","K17-3001","0.0625"
"K17-3001","2020.acl-main.375","0.0625"
"2020.acl-main.375","L16-1248","0.0625"
"L16-1248","2020.acl-main.375","0.0625"
"2020.acl-main.375","P16-1016","0.0625"
"P16-1016","2020.acl-main.375","0.0625"
"2020.acl-main.375","Q18-1030","0.0625"
"Q18-1030","2020.acl-main.375","0.0625"
"2020.acl-main.375","W18-6003","0.0625"
"W18-6003","2020.acl-main.375","0.0625"
"2020.acl-main.375","W19-7713","0.0625"
"W19-7713","2020.acl-main.375","0.0625"
"2020.cl-4.3","2020.lrec-1.497","0.0625"
"2020.lrec-1.497","2020.cl-4.3","0.0625"
"2020.cl-4.3","2020.udw-1.20","0.0625"
"2020.udw-1.20","2020.cl-4.3","0.0625"
"2020.cl-4.3","2021.eacl-main.117","0.640278"
"2021.eacl-main.117","2020.cl-4.3","0.640278"
"2020.cl-4.3","I17-1018","0.0625"
"I17-1018","2020.cl-4.3","0.0625"
"2020.cl-4.3","K17-3001","0.0625"
"K17-3001","2020.cl-4.3","0.0625"
"2020.cl-4.3","K17-3022","0.273611"
"K17-3022","2020.cl-4.3","0.273611"
"2020.cl-4.3","K18-2001","0.229167"
"K18-2001","2020.cl-4.3","0.229167"
"2020.cl-4.3","L16-1248","0.0625"
"L16-1248","2020.cl-4.3","0.0625"
"2020.cl-4.3","N18-1105","0.0625"
"N18-1105","2020.cl-4.3","0.0625"
"2020.cl-4.3","P16-1016","0.110119"
"P16-1016","2020.cl-4.3","0.110119"
"2020.cl-4.3","Q18-1030","0.0625"
"Q18-1030","2020.cl-4.3","0.0625"
"2020.cl-4.3","W17-0203","0.0625"
"W17-0203","2020.cl-4.3","0.0625"
"2020.cl-4.3","W17-0411","0.0625"
"W17-0411","2020.cl-4.3","0.0625"
"2020.cl-4.3","W18-6003","0.0625"
"W18-6003","2020.cl-4.3","0.0625"
"2020.cl-4.3","W19-7713","0.329167"
"W19-7713","2020.cl-4.3","0.329167"
"2020.lrec-1.497","2020.udw-1.20","0.0625"
"2020.udw-1.20","2020.lrec-1.497","0.0625"
"2020.lrec-1.497","2021.eacl-main.117","0.0625"
"2021.eacl-main.117","2020.lrec-1.497","0.0625"
"2020.lrec-1.497","I17-1018","0.0625"
"I17-1018","2020.lrec-1.497","0.0625"
"2020.lrec-1.497","K17-3001","0.0625"
"K17-3001","2020.lrec-1.497","0.0625"
"2020.lrec-1.497","K17-3022","0.0625"
"K17-3022","2020.lrec-1.497","0.0625"
"2020.lrec-1.497","K18-2001","0.0625"
"K18-2001","2020.lrec-1.497","0.0625"
"2020.lrec-1.497","L16-1248","0.496266"
"L16-1248","2020.lrec-1.497","0.496266"
"2020.lrec-1.497","N18-1105","0.3125"
"N18-1105","2020.lrec-1.497","0.3125"
