"2007.sigdial-1.5","W16-0411","1"
"W16-0411","2007.sigdial-1.5","1"
"2007.sigdial-1.5","C08-1101","0.366667"
"C08-1101","2007.sigdial-1.5","0.366667"
"2007.sigdial-1.5","D09-1018","0.255556"
"D09-1018","2007.sigdial-1.5","0.255556"
"2007.sigdial-1.5","W08-0122","0.422222"
"W08-0122","2007.sigdial-1.5","0.422222"
"2007.sigdial-1.5","W09-3210","0.255556"
"W09-3210","2007.sigdial-1.5","0.255556"
"2007.sigdial-1.5","W10-0214","0.422222"
"W10-0214","2007.sigdial-1.5","0.422222"
"C08-1101","D09-1018","0.783333"
"D09-1018","C08-1101","0.783333"
"C08-1101","W08-0122","1.23333"
"W08-0122","C08-1101","1.23333"
"C08-1101","W09-3210","1.11667"
"W09-3210","C08-1101","1.11667"
"C08-1101","W10-0214","1.11667"
"W10-0214","C08-1101","1.11667"
"D09-1018","W08-0122","0.588889"
"W08-0122","D09-1018","0.588889"
"D09-1018","W09-3210","5.25556"
"W09-3210","D09-1018","5.25556"
"D09-1018","W10-0214","1.17222"
"W10-0214","D09-1018","1.17222"
"W08-0122","W09-3210","0.922222"
"W09-3210","W08-0122","0.922222"
"W08-0122","W10-0214","0.672222"
"W10-0214","W08-0122","0.672222"
"W09-3210","W10-0214","1.17222"
"W10-0214","W09-3210","1.17222"
"2007.sigdial-1.5","P13-2022","0.166667"
"P13-2022","2007.sigdial-1.5","0.166667"
"2007.sigdial-1.5","ruppenhofer-etal-2008-finding","0.166667"
"ruppenhofer-etal-2008-finding","2007.sigdial-1.5","0.166667"
"2007.sigdial-1.5","W06-0607","0.166667"
"W06-0607","2007.sigdial-1.5","0.166667"
"C08-1101","P13-2022","0.166667"
"P13-2022","C08-1101","0.166667"
"C08-1101","ruppenhofer-etal-2008-finding","0.5"
"ruppenhofer-etal-2008-finding","C08-1101","0.5"
"C08-1101","W06-0607","0.166667"
"W06-0607","C08-1101","0.166667"
"P13-2022","ruppenhofer-etal-2008-finding","0.166667"
"ruppenhofer-etal-2008-finding","P13-2022","0.166667"
"P13-2022","W06-0607","0.166667"
"W06-0607","P13-2022","0.166667"
"P13-2022","W08-0122","0.166667"
"W08-0122","P13-2022","0.166667"
"P13-2022","W10-0214","0.166667"
"W10-0214","P13-2022","0.166667"
"ruppenhofer-etal-2008-finding","W06-0607","0.166667"
"W06-0607","ruppenhofer-etal-2008-finding","0.166667"
"ruppenhofer-etal-2008-finding","W08-0122","1.25"
"W08-0122","ruppenhofer-etal-2008-finding","1.25"
"ruppenhofer-etal-2008-finding","W10-0214","0.166667"
"W10-0214","ruppenhofer-etal-2008-finding","0.166667"
"W06-0607","W08-0122","0.166667"
"W08-0122","W06-0607","0.166667"
"W06-0607","W10-0214","0.166667"
"W10-0214","W06-0607","0.166667"
"2007.sigdial-1.5","banea-etal-2008-bootstrapping","0.0555556"
"banea-etal-2008-bootstrapping","2007.sigdial-1.5","0.0555556"
"2007.sigdial-1.5","C14-1009","0.0555556"
"C14-1009","2007.sigdial-1.5","0.0555556"
"2007.sigdial-1.5","D09-1020","0.0555556"
"D09-1020","2007.sigdial-1.5","0.0555556"
"2007.sigdial-1.5","D14-1125","0.0555556"
"D14-1125","2007.sigdial-1.5","0.0555556"
"2007.sigdial-1.5","E14-1040","0.0555556"
"E14-1040","2007.sigdial-1.5","0.0555556"
"2007.sigdial-1.5","H05-2018","0.0555556"
"H05-2018","2007.sigdial-1.5","0.0555556"
"2007.sigdial-1.5","J09-3003","0.0555556"
"J09-3003","2007.sigdial-1.5","0.0555556"
"2007.sigdial-1.5","N09-1002","0.0555556"
"N09-1002","2007.sigdial-1.5","0.0555556"
"2007.sigdial-1.5","P07-1123","0.0555556"
"P07-1123","2007.sigdial-1.5","0.0555556"
"2007.sigdial-1.5","P09-1026","0.0555556"
"P09-1026","2007.sigdial-1.5","0.0555556"
"2007.sigdial-1.5","P15-5003","0.0555556"
"P15-5003","2007.sigdial-1.5","0.0555556"
"2007.sigdial-1.5","W06-2915","0.0555556"
"W06-2915","2007.sigdial-1.5","0.0555556"
"2007.sigdial-1.5","W11-0311","0.0555556"
"W11-0311","2007.sigdial-1.5","0.0555556"
"2007.sigdial-1.5","W12-3810","0.0555556"
"W12-3810","2007.sigdial-1.5","0.0555556"
"banea-etal-2008-bootstrapping","C14-1009","0.0555556"
"C14-1009","banea-etal-2008-bootstrapping","0.0555556"
"banea-etal-2008-bootstrapping","D09-1018","0.0555556"
"D09-1018","banea-etal-2008-bootstrapping","0.0555556"
"banea-etal-2008-bootstrapping","D09-1020","0.84057"
"D09-1020","banea-etal-2008-bootstrapping","0.84057"
"banea-etal-2008-bootstrapping","D14-1125","0.198413"
"D14-1125","banea-etal-2008-bootstrapping","0.198413"
"banea-etal-2008-bootstrapping","E14-1040","0.0555556"
"E14-1040","banea-etal-2008-bootstrapping","0.0555556"
"banea-etal-2008-bootstrapping","H05-2018","0.122222"
"H05-2018","banea-etal-2008-bootstrapping","0.122222"
"banea-etal-2008-bootstrapping","J09-3003","0.733427"
"J09-3003","banea-etal-2008-bootstrapping","0.733427"
"banea-etal-2008-bootstrapping","N09-1002","1.31676"
"N09-1002","banea-etal-2008-bootstrapping","1.31676"
"banea-etal-2008-bootstrapping","P07-1123","1.6739"
"P07-1123","banea-etal-2008-bootstrapping","1.6739"
"banea-etal-2008-bootstrapping","P09-1026","0.0555556"
"P09-1026","banea-etal-2008-bootstrapping","0.0555556"
"banea-etal-2008-bootstrapping","P15-5003","0.0555556"
"P15-5003","banea-etal-2008-bootstrapping","0.0555556"
"banea-etal-2008-bootstrapping","W06-2915","0.181046"
"W06-2915","banea-etal-2008-bootstrapping","0.181046"
"banea-etal-2008-bootstrapping","W08-0122","0.0555556"
"W08-0122","banea-etal-2008-bootstrapping","0.0555556"
"banea-etal-2008-bootstrapping","W09-3210","0.0555556"
"W09-3210","banea-etal-2008-bootstrapping","0.0555556"
"banea-etal-2008-bootstrapping","W10-0214","0.0555556"
"W10-0214","banea-etal-2008-bootstrapping","0.0555556"
"banea-etal-2008-bootstrapping","W11-0311","0.447712"
"W11-0311","banea-etal-2008-bootstrapping","0.447712"
"banea-etal-2008-bootstrapping","W12-3810","0.0555556"
"W12-3810","banea-etal-2008-bootstrapping","0.0555556"
"C14-1009","D09-1018","2.55556"
"D09-1018","C14-1009","2.55556"
"C14-1009","D09-1020","0.0555556"
"D09-1020","C14-1009","0.0555556"
"C14-1009","D14-1125","1.5"
"D14-1125","C14-1009","1.5"
"C14-1009","E14-1040","1.75"
"E14-1040","C14-1009","1.75"
"C14-1009","H05-2018","0.0555556"
"H05-2018","C14-1009","0.0555556"
"C14-1009","J09-3003","0.0555556"
"J09-3003","C14-1009","0.0555556"
"C14-1009","N09-1002","0.0555556"
"N09-1002","C14-1009","0.0555556"
"C14-1009","P07-1123","0.0555556"
"P07-1123","C14-1009","0.0555556"
"C14-1009","P09-1026","0.0555556"
"P09-1026","C14-1009","0.0555556"
"C14-1009","P15-5003","0.583333"
"P15-5003","C14-1009","0.583333"
"C14-1009","W06-2915","0.0555556"
"W06-2915","C14-1009","0.0555556"
"C14-1009","W08-0122","0.0555556"
"W08-0122","C14-1009","0.0555556"
"C14-1009","W09-3210","0.0555556"
"W09-3210","C14-1009","0.0555556"
"C14-1009","W10-0214","0.555556"
"W10-0214","C14-1009","0.555556"
"C14-1009","W11-0311","0.222222"
"W11-0311","C14-1009","0.222222"
"C14-1009","W12-3810","0.555556"
"W12-3810","C14-1009","0.555556"
"D09-1018","D09-1020","0.138889"
"D09-1020","D09-1018","0.138889"
"D09-1018","D14-1125","0.0555556"
"D14-1125","D09-1018","0.0555556"
"D09-1018","E14-1040","0.0555556"
"E14-1040","D09-1018","0.0555556"
"D09-1018","H05-2018","0.0555556"
"H05-2018","D09-1018","0.0555556"
"D09-1018","J09-3003","0.555556"
"J09-3003","D09-1018","0.555556"
"D09-1018","N09-1002","0.138889"
"N09-1002","D09-1018","0.138889"
"D09-1018","P07-1123","0.388889"
"P07-1123","D09-1018","0.388889"
"D09-1018","P09-1026","1.97222"
"P09-1026","D09-1018","1.97222"
"D09-1018","P15-5003","0.0555556"
"P15-5003","D09-1018","0.0555556"
"D09-1018","W06-2915","0.305556"
"W06-2915","D09-1018","0.305556"
"D09-1018","W11-0311","0.0555556"
"W11-0311","D09-1018","0.0555556"
"D09-1018","W12-3810","0.138889"
"W12-3810","D09-1018","0.138889"
"D09-1020","D14-1125","0.309524"
"D14-1125","D09-1020","0.309524"
"D09-1020","E14-1040","0.0555556"
"E14-1040","D09-1020","0.0555556"
"D09-1020","H05-2018","0.122222"
"H05-2018","D09-1020","0.122222"
"D09-1020","J09-3003","0.79259"
"J09-3003","D09-1020","0.79259"
"D09-1020","N09-1002","1.45926"
"N09-1002","D09-1020","1.45926"
"D09-1020","P07-1123","0.871955"
"P07-1123","D09-1020","0.871955"
"D09-1020","P09-1026","0.729798"
"P09-1026","D09-1020","0.729798"
"D09-1020","P15-5003","0.146465"
"P15-5003","D09-1020","0.146465"
"D09-1020","W06-2915","0.181046"
"W06-2915","D09-1020","0.181046"
"D09-1020","W08-0122","0.138889"
"W08-0122","D09-1020","0.138889"
"D09-1020","W09-3210","0.138889"
"W09-3210","D09-1020","0.138889"
"D09-1020","W10-0214","0.0555556"
"W10-0214","D09-1020","0.0555556"
"D09-1020","W11-0311","4.5664"
"W11-0311","D09-1020","4.5664"
"D09-1020","W12-3810","0.138889"
"W12-3810","D09-1020","0.138889"
"D14-1125","E14-1040","0.666667"
"E14-1040","D14-1125","0.666667"
"D14-1125","H05-2018","0.0555556"
"H05-2018","D14-1125","0.0555556"
"D14-1125","J09-3003","0.420635"
"J09-3003","D14-1125","0.420635"
"D14-1125","N09-1002","0.809524"
"N09-1002","D14-1125","0.809524"
"D14-1125","P07-1123","0.0555556"
"P07-1123","D14-1125","0.0555556"
"D14-1125","P09-1026","0.0555556"
"P09-1026","D14-1125","0.0555556"
"D14-1125","P15-5003","0.333333"
"P15-5003","D14-1125","0.333333"
"D14-1125","W06-2915","0.0555556"
"W06-2915","D14-1125","0.0555556"
"D14-1125","W08-0122","0.0555556"
"W08-0122","D14-1125","0.0555556"
"D14-1125","W09-3210","0.0555556"
"W09-3210","D14-1125","0.0555556"
"D14-1125","W10-0214","0.0555556"
"W10-0214","D14-1125","0.0555556"
"D14-1125","W11-0311","2.33333"
"W11-0311","D14-1125","2.33333"
"D14-1125","W12-3810","0.0555556"
"W12-3810","D14-1125","0.0555556"
"E14-1040","H05-2018","0.0555556"
"H05-2018","E14-1040","0.0555556"
"E14-1040","J09-3003","0.0555556"
"J09-3003","E14-1040","0.0555556"
"E14-1040","N09-1002","0.0555556"
"N09-1002","E14-1040","0.0555556"
"E14-1040","P07-1123","0.0555556"
"P07-1123","E14-1040","0.0555556"
"E14-1040","P09-1026","0.0555556"
"P09-1026","E14-1040","0.0555556"
"E14-1040","P15-5003","0.416667"
"P15-5003","E14-1040","0.416667"
"E14-1040","W06-2915","0.0555556"
"W06-2915","E14-1040","0.0555556"
"E14-1040","W08-0122","0.0555556"
"W08-0122","E14-1040","0.0555556"
"E14-1040","W09-3210","0.0555556"
"W09-3210","E14-1040","0.0555556"
"E14-1040","W10-0214","0.0555556"
"W10-0214","E14-1040","0.0555556"
"E14-1040","W11-0311","0.0555556"
"W11-0311","E14-1040","0.0555556"
"E14-1040","W12-3810","0.0555556"
"W12-3810","E14-1040","0.0555556"
"H05-2018","J09-3003","1.12222"
"J09-3003","H05-2018","1.12222"
"H05-2018","N09-1002","0.122222"
"N09-1002","H05-2018","0.122222"
"H05-2018","P07-1123","0.122222"
"P07-1123","H05-2018","0.122222"
"H05-2018","P09-1026","0.0555556"
"P09-1026","H05-2018","0.0555556"
"H05-2018","P15-5003","0.0555556"
"P15-5003","H05-2018","0.0555556"
"H05-2018","W06-2915","0.122222"
"W06-2915","H05-2018","0.122222"
"H05-2018","W08-0122","0.0555556"
"W08-0122","H05-2018","0.0555556"
"H05-2018","W09-3210","0.0555556"
"W09-3210","H05-2018","0.0555556"
"H05-2018","W10-0214","0.0555556"
"W10-0214","H05-2018","0.0555556"
"H05-2018","W11-0311","0.122222"
"W11-0311","H05-2018","0.122222"
"H05-2018","W12-3810","0.0555556"
"W12-3810","H05-2018","0.0555556"
"J09-3003","N09-1002","0.935447"
"N09-1002","J09-3003","0.935447"
"J09-3003","P07-1123","1.04259"
"P07-1123","J09-3003","1.04259"
"J09-3003","P09-1026","0.396465"
"P09-1026","J09-3003","0.396465"
"J09-3003","P15-5003","0.650433"
"P15-5003","J09-3003","0.650433"
"J09-3003","W06-2915","1.54216"
"W06-2915","J09-3003","1.54216"
"J09-3003","W08-0122","0.0555556"
"W08-0122","J09-3003","0.0555556"
"J09-3003","W09-3210","0.555556"
"W09-3210","J09-3003","0.555556"
"J09-3003","W10-0214","0.0555556"
"W10-0214","J09-3003","0.0555556"
"J09-3003","W11-0311","0.649733"
"W11-0311","J09-3003","0.649733"
"J09-3003","W12-3810","0.0555556"
"W12-3810","J09-3003","0.0555556"
"N09-1002","P07-1123","1.34815"
"P07-1123","N09-1002","1.34815"
"N09-1002","P09-1026","0.479798"
"P09-1026","N09-1002","0.479798"
"N09-1002","P15-5003","0.146465"
"P15-5003","N09-1002","0.146465"
"N09-1002","W06-2915","0.181046"
"W06-2915","N09-1002","0.181046"
"N09-1002","W08-0122","0.138889"
"W08-0122","N09-1002","0.138889"
"N09-1002","W09-3210","0.138889"
"W09-3210","N09-1002","0.138889"
"N09-1002","W10-0214","0.0555556"
"W10-0214","N09-1002","0.0555556"
"N09-1002","W11-0311","1.48307"
"W11-0311","N09-1002","1.48307"
"N09-1002","W12-3810","0.138889"
"W12-3810","N09-1002","0.138889"
"P07-1123","P09-1026","0.146465"
"P09-1026","P07-1123","0.146465"
"P07-1123","P15-5003","0.257576"
"P15-5003","P07-1123","0.257576"
"P07-1123","W06-2915","0.292157"
"W06-2915","P07-1123","0.292157"
"P07-1123","W08-0122","0.138889"
"W08-0122","P07-1123","0.138889"
"P07-1123","W09-3210","0.388889"
"W09-3210","P07-1123","0.388889"
"P07-1123","W10-0214","0.0555556"
"W10-0214","P07-1123","0.0555556"
"P07-1123","W11-0311","0.538621"
"W11-0311","P07-1123","0.538621"
"P07-1123","W12-3810","0.138889"
"W12-3810","P07-1123","0.138889"
"P09-1026","P15-5003","0.146465"
"P15-5003","P09-1026","0.146465"
"P09-1026","W06-2915","0.305556"
"W06-2915","P09-1026","0.305556"
"P09-1026","W08-0122","0.388889"
"W08-0122","P09-1026","0.388889"
"P09-1026","W09-3210","3.30556"
"W09-3210","P09-1026","3.30556"
"P09-1026","W10-0214","1.72222"
"W10-0214","P09-1026","1.72222"
"P09-1026","W11-0311","0.729798"
"W11-0311","P09-1026","0.729798"
"P09-1026","W12-3810","0.555556"
"W12-3810","P09-1026","0.555556"
"P15-5003","W06-2915","0.166667"
"W06-2915","P15-5003","0.166667"
"P15-5003","W08-0122","0.0555556"
"W08-0122","P15-5003","0.0555556"
"P15-5003","W09-3210","0.888889"
"W09-3210","P15-5003","0.888889"
"P15-5003","W10-0214","0.0555556"
"W10-0214","P15-5003","0.0555556"
"P15-5003","W11-0311","0.646465"
"W11-0311","P15-5003","0.646465"
"P15-5003","W12-3810","0.0555556"
"W12-3810","P15-5003","0.0555556"
"W06-2915","W08-0122","0.255556"
"W08-0122","W06-2915","0.255556"
"W06-2915","W09-3210","0.305556"
"W09-3210","W06-2915","0.305556"
"W06-2915","W10-0214","0.0555556"
"W10-0214","W06-2915","0.0555556"
"W06-2915","W11-0311","0.181046"
"W11-0311","W06-2915","0.181046"
"W06-2915","W12-3810","0.255556"
"W12-3810","W06-2915","0.255556"
"W08-0122","W11-0311","0.0555556"
"W11-0311","W08-0122","0.0555556"
"W08-0122","W12-3810","0.338889"
"W12-3810","W08-0122","0.338889"
"W09-3210","W11-0311","0.0555556"
"W11-0311","W09-3210","0.0555556"
"W09-3210","W12-3810","0.138889"
"W12-3810","W09-3210","0.138889"
"W10-0214","W11-0311","0.0555556"
"W11-0311","W10-0214","0.0555556"
"W10-0214","W12-3810","1.05556"
"W12-3810","W10-0214","1.05556"
"W11-0311","W12-3810","0.0555556"
"W12-3810","W11-0311","0.0555556"
"A97-1056","H94-1047","1.66667"
"H94-1047","A97-1056","1.66667"
"A97-1056","J99-2002","3.83333"
"J99-2002","A97-1056","3.83333"
"A97-1056","W98-1126","1.66667"
"W98-1126","A97-1056","1.66667"
"H94-1047","J99-2002","0.333333"
"J99-2002","H94-1047","0.333333"
"H94-1047","W98-1126","0.666667"
"W98-1126","H94-1047","0.666667"
"J99-2002","W98-1126","0.833333"
"W98-1126","J99-2002","0.833333"
"A97-1056","P94-1020","1.33333"
"P94-1020","A97-1056","1.33333"
"H94-1047","P94-1020","1.83333"
"P94-1020","H94-1047","1.83333"
"A97-1056","P06-1134","0.5"
"P06-1134","A97-1056","0.5"
"P06-1134","W98-1126","0.5"
"W98-1126","P06-1134","0.5"
"P94-1020","W98-1126","0.333333"
"W98-1126","P94-1020","0.333333"
"banea-etal-2008-bootstrapping","D08-1014","1.61835"
"D08-1014","banea-etal-2008-bootstrapping","1.61835"
"D08-1014","N09-1002","0.875923"
"N09-1002","D08-1014","0.875923"
"D08-1014","P07-1123","3.29259"
"P07-1123","D08-1014","3.29259"
"banea-etal-2008-bootstrapping","C10-1004","0.744538"
"C10-1004","banea-etal-2008-bootstrapping","0.744538"
"banea-etal-2008-bootstrapping","ruppenhofer-etal-2008-finding","0.27619"
"ruppenhofer-etal-2008-finding","banea-etal-2008-bootstrapping","0.27619"
"banea-etal-2008-bootstrapping","W11-3707","0.677871"
"W11-3707","banea-etal-2008-bootstrapping","0.677871"
"C10-1004","D08-1014","1.29259"
"D08-1014","C10-1004","1.29259"
"C10-1004","J09-3003","0.502114"
"J09-3003","C10-1004","0.502114"
"C10-1004","N09-1002","0.502114"
"N09-1002","C10-1004","0.502114"
"C10-1004","P07-1123","1.02592"
"P07-1123","C10-1004","1.02592"
"C10-1004","ruppenhofer-etal-2008-finding","0.209524"
"ruppenhofer-etal-2008-finding","C10-1004","0.209524"
"C10-1004","W11-3707","5.93545"
"W11-3707","C10-1004","5.93545"
"D08-1014","J09-3003","0.54259"
"J09-3003","D08-1014","0.54259"
"D08-1014","ruppenhofer-etal-2008-finding","0.142857"
"ruppenhofer-etal-2008-finding","D08-1014","0.142857"
"D08-1014","W11-3707","1.29259"
"W11-3707","D08-1014","1.29259"
"J09-3003","ruppenhofer-etal-2008-finding","0.637302"
"ruppenhofer-etal-2008-finding","J09-3003","0.637302"
"J09-3003","W11-3707","0.435447"
"W11-3707","J09-3003","0.435447"
"N09-1002","ruppenhofer-etal-2008-finding","0.859524"
"ruppenhofer-etal-2008-finding","N09-1002","0.859524"
"N09-1002","W11-3707","0.935447"
"W11-3707","N09-1002","0.935447"
"P07-1123","ruppenhofer-etal-2008-finding","0.359524"
"ruppenhofer-etal-2008-finding","P07-1123","0.359524"
"P07-1123","W11-3707","0.959256"
"W11-3707","P07-1123","0.959256"
"ruppenhofer-etal-2008-finding","W11-3707","0.642857"
"W11-3707","ruppenhofer-etal-2008-finding","0.642857"
"D08-1014","D09-1020","0.399733"
"D09-1020","D08-1014","0.399733"
"banea-etal-2008-bootstrapping","E14-1029","0.192157"
"E14-1029","banea-etal-2008-bootstrapping","0.192157"
"banea-etal-2008-bootstrapping","H05-1044","0.192157"
"H05-1044","banea-etal-2008-bootstrapping","0.192157"
"banea-etal-2008-bootstrapping","H05-1116","0.192157"
"H05-1116","banea-etal-2008-bootstrapping","0.192157"
"banea-etal-2008-bootstrapping","J04-3002","0.192157"
"J04-3002","banea-etal-2008-bootstrapping","0.192157"
"banea-etal-2008-bootstrapping","N15-1146","0.12549"
"N15-1146","banea-etal-2008-bootstrapping","0.12549"
"banea-etal-2008-bootstrapping","P06-1134","0.192157"
"P06-1134","banea-etal-2008-bootstrapping","0.192157"
"banea-etal-2008-bootstrapping","W05-0308","0.0588235"
"W05-0308","banea-etal-2008-bootstrapping","0.0588235"
"banea-etal-2008-bootstrapping","W06-1652","0.192157"
"W06-1652","banea-etal-2008-bootstrapping","0.192157"
"C10-1004","D09-1020","0.359256"
"D09-1020","C10-1004","0.359256"
"C10-1004","E14-1029","0.12549"
"E14-1029","C10-1004","0.12549"
"C10-1004","H05-1044","0.12549"
"H05-1044","C10-1004","0.12549"
"C10-1004","H05-1116","0.12549"
"H05-1116","C10-1004","0.12549"
"C10-1004","J04-3002","0.12549"
"J04-3002","C10-1004","0.12549"
"C10-1004","N15-1146","0.0588235"
"N15-1146","C10-1004","0.0588235"
"C10-1004","P06-1134","0.12549"
"P06-1134","C10-1004","0.12549"
"C10-1004","W05-0308","0.0588235"
"W05-0308","C10-1004","0.0588235"
"C10-1004","W06-1652","0.12549"
"W06-1652","C10-1004","0.12549"
"C10-1004","W06-2915","0.12549"
"W06-2915","C10-1004","0.12549"
"C10-1004","W11-0311","0.216399"
"W11-0311","C10-1004","0.216399"
"D08-1014","E14-1029","0.0588235"
"E14-1029","D08-1014","0.0588235"
"D08-1014","H05-1044","0.0588235"
"H05-1044","D08-1014","0.0588235"
"D08-1014","H05-1116","0.0588235"
"H05-1116","D08-1014","0.0588235"
"D08-1014","J04-3002","0.0588235"
"J04-3002","D08-1014","0.0588235"
"D08-1014","N15-1146","0.0588235"
"N15-1146","D08-1014","0.0588235"
"D08-1014","P06-1134","0.0588235"
"P06-1134","D08-1014","0.0588235"
"D08-1014","W05-0308","0.0588235"
"W05-0308","D08-1014","0.0588235"
"D08-1014","W06-1652","0.0588235"
"W06-1652","D08-1014","0.0588235"
"D08-1014","W06-2915","0.0588235"
"W06-2915","D08-1014","0.0588235"
"D08-1014","W11-0311","0.149733"
"W11-0311","D08-1014","0.149733"
"D09-1020","E14-1029","0.886601"
"E14-1029","D09-1020","0.886601"
"D09-1020","H05-1044","0.386601"
"H05-1044","D09-1020","0.386601"
"D09-1020","H05-1116","0.27549"
"H05-1116","D09-1020","0.27549"
"D09-1020","J04-3002","0.192157"
"J04-3002","D09-1020","0.192157"
"D09-1020","N15-1146","0.12549"
"N15-1146","D09-1020","0.12549"
"D09-1020","P06-1134","0.386601"
"P06-1134","D09-1020","0.386601"
"D09-1020","W05-0308","0.0588235"
"W05-0308","D09-1020","0.0588235"
"D09-1020","W06-1652","0.386601"
"W06-1652","D09-1020","0.386601"
"D09-1020","W11-3707","0.29259"
"W11-3707","D09-1020","0.29259"
"E14-1029","H05-1044","0.303268"
"H05-1044","E14-1029","0.303268"
"E14-1029","H05-1116","0.192157"
"H05-1116","E14-1029","0.192157"
"E14-1029","J04-3002","0.192157"
"J04-3002","E14-1029","0.192157"
"E14-1029","J09-3003","0.303268"
"J09-3003","E14-1029","0.303268"
"E14-1029","N09-1002","0.303268"
"N09-1002","E14-1029","0.303268"
"E14-1029","N15-1146","0.12549"
"N15-1146","E14-1029","0.12549"
"E14-1029","P06-1134","0.303268"
"P06-1134","E14-1029","0.303268"
"E14-1029","P07-1123","0.192157"
"P07-1123","E14-1029","0.192157"
"E14-1029","W05-0308","0.0588235"
"W05-0308","E14-1029","0.0588235"
"E14-1029","W06-1652","0.303268"
"W06-1652","E14-1029","0.303268"
"E14-1029","W06-2915","0.12549"
"W06-2915","E14-1029","0.12549"
"E14-1029","W11-0311","2.21993"
"W11-0311","E14-1029","2.21993"
"E14-1029","W11-3707","0.22549"
"W11-3707","E14-1029","0.22549"
"H05-1044","H05-1116","0.27549"
"H05-1116","H05-1044","0.27549"
"H05-1044","J04-3002","0.303268"
"J04-3002","H05-1044","0.303268"
"H05-1044","J09-3003","1.91438"
"J09-3003","H05-1044","1.91438"
"H05-1044","N09-1002","0.386601"
"N09-1002","H05-1044","0.386601"
"H05-1044","N15-1146","0.12549"
"N15-1146","H05-1044","0.12549"
"H05-1044","P06-1134","0.497712"
"P06-1134","H05-1044","0.497712"
"H05-1044","P07-1123","0.27549"
"P07-1123","H05-1044","0.27549"
"H05-1044","W05-0308","0.0588235"
"W05-0308","H05-1044","0.0588235"
"H05-1044","W06-1652","0.386601"
"W06-1652","H05-1044","0.386601"
"H05-1044","W06-2915","0.62549"
"W06-2915","H05-1044","0.62549"
"H05-1044","W11-0311","0.303268"
"W11-0311","H05-1044","0.303268"
"H05-1044","W11-3707","0.0588235"
"W11-3707","H05-1044","0.0588235"
"H05-1116","J04-3002","0.446125"
"J04-3002","H05-1116","0.446125"
"H05-1116","J09-3003","0.303268"
"J09-3003","H05-1116","0.303268"
"H05-1116","N09-1002","0.27549"
"N09-1002","H05-1116","0.27549"
"H05-1116","N15-1146","0.379458"
"N15-1146","H05-1116","0.379458"
"H05-1116","P06-1134","0.27549"
"P06-1134","H05-1116","0.27549"
"H05-1116","P07-1123","0.386601"
"P07-1123","H05-1116","0.386601"
"H05-1116","W05-0308","0.201681"
"W05-0308","H05-1116","0.201681"
"H05-1116","W06-1652","0.386601"
"W06-1652","H05-1116","0.386601"
"H05-1116","W06-2915","0.236601"
"W06-2915","H05-1116","0.236601"
"H05-1116","W11-0311","0.192157"
"W11-0311","H05-1116","0.192157"
"H05-1116","W11-3707","0.0588235"
"W11-3707","H05-1116","0.0588235"
"J04-3002","J09-3003","0.682236"
"J09-3003","J04-3002","0.682236"
"J04-3002","N09-1002","0.192157"
"N09-1002","J04-3002","0.192157"
"J04-3002","N15-1146","0.379458"
"N15-1146","J04-3002","0.379458"
"J04-3002","P06-1134","0.803268"
"P06-1134","J04-3002","0.803268"
"J04-3002","P07-1123","0.303268"
"P07-1123","J04-3002","0.303268"
"J04-3002","W05-0308","0.201681"
"W05-0308","J04-3002","0.201681"
"J04-3002","W06-1652","0.386601"
"W06-1652","J04-3002","0.386601"
"J04-3002","W06-2915","0.436601"
"W06-2915","J04-3002","0.436601"
"J04-3002","W11-0311","0.192157"
"W11-0311","J04-3002","0.192157"
"J04-3002","W11-3707","0.0588235"
"W11-3707","J04-3002","0.0588235"
"J09-3003","N15-1146","0.486601"
"N15-1146","J09-3003","0.486601"
"J09-3003","P06-1134","0.914379"
"P06-1134","J09-3003","0.914379"
"J09-3003","W05-0308","0.0588235"
"W05-0308","J09-3003","0.0588235"
"J09-3003","W06-1652","1.16438"
"W06-1652","J09-3003","1.16438"
"N09-1002","N15-1146","0.12549"
"N15-1146","N09-1002","0.12549"
"N09-1002","P06-1134","0.386601"
"P06-1134","N09-1002","0.386601"
"N09-1002","W05-0308","0.0588235"
"W05-0308","N09-1002","0.0588235"
"N09-1002","W06-1652","0.386601"
"W06-1652","N09-1002","0.386601"
"N15-1146","P06-1134","0.37549"
"P06-1134","N15-1146","0.37549"
"N15-1146","P07-1123","0.236601"
"P07-1123","N15-1146","0.236601"
"N15-1146","W05-0308","0.201681"
"W05-0308","N15-1146","0.201681"
"N15-1146","W06-1652","0.236601"
"W06-1652","N15-1146","0.236601"
"N15-1146","W06-2915","0.169935"
"W06-2915","N15-1146","0.169935"
"N15-1146","W11-0311","0.12549"
"W11-0311","N15-1146","0.12549"
"N15-1146","W11-3707","0.0588235"
"W11-3707","N15-1146","0.0588235"
"P06-1134","P07-1123","0.27549"
"P07-1123","P06-1134","0.27549"
"P06-1134","W05-0308","0.0588235"
"W05-0308","P06-1134","0.0588235"
"P06-1134","W06-1652","0.636601"
"W06-1652","P06-1134","0.636601"
"P06-1134","W06-2915","0.37549"
"W06-2915","P06-1134","0.37549"
"P06-1134","W11-0311","0.303268"
"W11-0311","P06-1134","0.303268"
"P06-1134","W11-3707","0.0588235"
"W11-3707","P06-1134","0.0588235"
"P07-1123","W05-0308","0.0588235"
"W05-0308","P07-1123","0.0588235"
"P07-1123","W06-1652","0.386601"
"W06-1652","P07-1123","0.386601"
"W05-0308","W06-1652","0.558824"
"W06-1652","W05-0308","0.558824"
"W05-0308","W06-2915","0.558824"
"W06-2915","W05-0308","0.558824"
"W05-0308","W11-0311","0.0588235"
"W11-0311","W05-0308","0.0588235"
"W05-0308","W11-3707","0.0588235"
"W11-3707","W05-0308","0.0588235"
"W06-1652","W06-2915","1.4866"
"W06-2915","W06-1652","1.4866"
"W06-1652","W11-0311","0.303268"
"W11-0311","W06-1652","0.303268"
"W06-1652","W11-3707","0.0588235"
"W11-3707","W06-1652","0.0588235"
"W06-2915","W11-3707","0.0588235"
"W11-3707","W06-2915","0.0588235"
"W11-0311","W11-3707","1.3164"
"W11-3707","W11-0311","1.3164"
"C10-1004","H05-2018","0.0666667"
"H05-2018","C10-1004","0.0666667"
"D09-1020","ruppenhofer-etal-2008-finding","0.466667"
"ruppenhofer-etal-2008-finding","D09-1020","0.466667"
"E14-1029","H05-2018","0.0666667"
"H05-2018","E14-1029","0.0666667"
"E14-1029","ruppenhofer-etal-2008-finding","0.383333"
"ruppenhofer-etal-2008-finding","E14-1029","0.383333"
"H05-1044","H05-2018","1.06667"
"H05-2018","H05-1044","1.06667"
"H05-1044","ruppenhofer-etal-2008-finding","0.327778"
"ruppenhofer-etal-2008-finding","H05-1044","0.327778"
"H05-1116","H05-2018","0.0666667"
"H05-2018","H05-1116","0.0666667"
"H05-1116","ruppenhofer-etal-2008-finding","0.216667"
"ruppenhofer-etal-2008-finding","H05-1116","0.216667"
"H05-2018","J04-3002","0.0666667"
"J04-3002","H05-2018","0.0666667"
"H05-2018","P06-1134","0.0666667"
"P06-1134","H05-2018","0.0666667"
"H05-2018","ruppenhofer-etal-2008-finding","0.0666667"
"ruppenhofer-etal-2008-finding","H05-2018","0.0666667"
"H05-2018","W06-1652","0.0666667"
"W06-1652","H05-2018","0.0666667"
"J04-3002","ruppenhofer-etal-2008-finding","0.244444"
"ruppenhofer-etal-2008-finding","J04-3002","0.244444"
"P06-1134","ruppenhofer-etal-2008-finding","0.577778"
"ruppenhofer-etal-2008-finding","P06-1134","0.577778"
"ruppenhofer-etal-2008-finding","W06-1652","0.466667"
"W06-1652","ruppenhofer-etal-2008-finding","0.466667"
"ruppenhofer-etal-2008-finding","W06-2915","0.316667"
"W06-2915","ruppenhofer-etal-2008-finding","0.316667"
"ruppenhofer-etal-2008-finding","W11-0311","0.383333"
"W11-0311","ruppenhofer-etal-2008-finding","0.383333"
"banea-etal-2008-bootstrapping","W03-0404","0.0666667"
"W03-0404","banea-etal-2008-bootstrapping","0.0666667"
"banea-etal-2008-bootstrapping","W03-1014","0.0666667"
"W03-1014","banea-etal-2008-bootstrapping","0.0666667"
"D09-1020","W03-0404","0.0666667"
"W03-0404","D09-1020","0.0666667"
"D09-1020","W03-1014","0.0666667"
"W03-1014","D09-1020","0.0666667"
"E14-1029","W03-0404","0.0666667"
"W03-0404","E14-1029","0.0666667"
"E14-1029","W03-1014","0.0666667"
"W03-1014","E14-1029","0.0666667"
"H05-1044","W03-0404","0.177778"
"W03-0404","H05-1044","0.177778"
"H05-1044","W03-1014","0.177778"
"W03-1014","H05-1044","0.177778"
"H05-1116","W03-0404","0.177778"
"W03-0404","H05-1116","0.177778"
"H05-1116","W03-1014","0.320635"
"W03-1014","H05-1116","0.320635"
"J04-3002","W03-0404","1.16389"
"W03-0404","J04-3002","1.16389"
"J04-3002","W03-1014","1.50675"
"W03-1014","J04-3002","1.50675"
"J09-3003","W03-0404","0.413889"
"W03-0404","J09-3003","0.413889"
"J09-3003","W03-1014","0.413889"
"W03-1014","J09-3003","0.413889"
"N09-1002","W03-0404","0.0666667"
"W03-0404","N09-1002","0.0666667"
"N09-1002","W03-1014","0.0666667"
"W03-1014","N09-1002","0.0666667"
"N15-1146","ruppenhofer-etal-2008-finding","0.0666667"
"ruppenhofer-etal-2008-finding","N15-1146","0.0666667"
"N15-1146","W03-0404","0.177778"
"W03-0404","N15-1146","0.177778"
"N15-1146","W03-1014","0.320635"
"W03-1014","N15-1146","0.320635"
"P06-1134","W03-0404","0.177778"
"W03-0404","P06-1134","0.177778"
"P06-1134","W03-1014","0.177778"
"W03-1014","P06-1134","0.177778"
"P07-1123","W03-0404","0.177778"
"W03-0404","P07-1123","0.177778"
"P07-1123","W03-1014","0.177778"
"W03-1014","P07-1123","0.177778"
"ruppenhofer-etal-2008-finding","W03-0404","0.677778"
"W03-0404","ruppenhofer-etal-2008-finding","0.677778"
"ruppenhofer-etal-2008-finding","W03-1014","0.677778"
"W03-1014","ruppenhofer-etal-2008-finding","0.677778"
"W03-0404","W03-1014","1.66389"
"W03-1014","W03-0404","1.66389"
"W03-0404","W06-1652","0.177778"
"W06-1652","W03-0404","0.177778"
"W03-0404","W11-0311","0.0666667"
"W11-0311","W03-0404","0.0666667"
"W03-1014","W06-1652","0.177778"
"W06-1652","W03-1014","0.177778"
"W03-1014","W11-0311","0.0666667"
"W11-0311","W03-1014","0.0666667"
"banea-etal-2008-bootstrapping","W14-2618","0.142857"
"W14-2618","banea-etal-2008-bootstrapping","0.142857"
"C10-1004","D14-1125","0.142857"
"D14-1125","C10-1004","0.142857"
"C10-1004","W14-2618","0.142857"
"W14-2618","C10-1004","0.142857"
"D09-1020","W14-2618","0.253968"
"W14-2618","D09-1020","0.253968"
"D14-1125","W11-3707","0.309524"
"W11-3707","D14-1125","0.309524"
"D14-1125","W14-2618","5.03175"
"W14-2618","D14-1125","5.03175"
"J09-3003","W14-2618","0.253968"
"W14-2618","J09-3003","0.253968"
"N09-1002","W14-2618","0.253968"
"W14-2618","N09-1002","0.253968"
"W11-3707","W14-2618","0.309524"
"W14-2618","W11-3707","0.309524"
"C00-1044","D14-1125","0.111111"
"D14-1125","C00-1044","0.111111"
"C00-1044","H05-1044","0.111111"
"H05-1044","C00-1044","0.111111"
"C00-1044","J04-3002","0.319444"
"J04-3002","C00-1044","0.319444"
"C00-1044","J09-3003","0.236111"
"J09-3003","C00-1044","0.236111"
"C00-1044","P06-1134","0.111111"
"P06-1134","C00-1044","0.111111"
"C00-1044","P99-1032","0.194444"
"P99-1032","C00-1044","0.194444"
"C00-1044","ruppenhofer-etal-2008-finding","0.111111"
"ruppenhofer-etal-2008-finding","C00-1044","0.111111"
"C00-1044","W03-0404","0.236111"
"W03-0404","C00-1044","0.236111"
"C00-1044","W03-1014","0.236111"
"W03-1014","C00-1044","0.236111"
"D14-1125","H05-1044","0.222222"
"H05-1044","D14-1125","0.222222"
"D14-1125","J04-3002","0.111111"
"J04-3002","D14-1125","0.111111"
"D14-1125","P06-1134","0.222222"
"P06-1134","D14-1125","0.222222"
"D14-1125","P99-1032","0.111111"
"P99-1032","D14-1125","0.111111"
"D14-1125","ruppenhofer-etal-2008-finding","0.111111"
"ruppenhofer-etal-2008-finding","D14-1125","0.111111"
"D14-1125","W03-0404","0.111111"
"W03-0404","D14-1125","0.111111"
"D14-1125","W03-1014","0.111111"
"W03-1014","D14-1125","0.111111"
"H05-1044","P99-1032","0.111111"
"P99-1032","H05-1044","0.111111"
"J04-3002","P99-1032","2.5373"
"P99-1032","J04-3002","2.5373"
"J09-3003","P99-1032","0.253968"
"P99-1032","J09-3003","0.253968"
"P06-1134","P99-1032","0.111111"
"P99-1032","P06-1134","0.111111"
"P99-1032","ruppenhofer-etal-2008-finding","0.111111"
"ruppenhofer-etal-2008-finding","P99-1032","0.111111"
"P99-1032","W03-0404","0.111111"
"W03-0404","P99-1032","0.111111"
"P99-1032","W03-1014","0.111111"
"W03-1014","P99-1032","0.111111"
"C00-1044","J09-2002","0.0833333"
"J09-2002","C00-1044","0.0833333"
"C00-1044","W01-1626","0.208333"
"W01-1626","C00-1044","0.208333"
"C00-1044","W03-0411","0.0833333"
"W03-0411","C00-1044","0.0833333"
"C00-1044","W03-2102","0.208333"
"W03-2102","C00-1044","0.208333"
"C00-1044","W06-1652","0.0833333"
"W06-1652","C00-1044","0.0833333"
"C00-1044","W07-1530","0.0833333"
"W07-1530","C00-1044","0.0833333"
"C00-1044","W96-0210","0.0833333"
"W96-0210","C00-1044","0.0833333"
"C00-1044","W97-0202","0.0833333"
"W97-0202","C00-1044","0.0833333"
"C00-1044","W98-1126","0.0833333"
"W98-1126","C00-1044","0.0833333"
"C00-1044","W98-1507","0.0833333"
"W98-1507","C00-1044","0.0833333"
"J04-3002","J09-2002","0.283333"
"J09-2002","J04-3002","0.283333"
"J04-3002","W01-1626","3.63452"
"W01-1626","J04-3002","3.63452"
"J04-3002","W03-0411","0.283333"
"W03-0411","J04-3002","0.283333"
"J04-3002","W03-2102","0.35119"
"W03-2102","J04-3002","0.35119"
"J04-3002","W07-1530","0.0833333"
"W07-1530","J04-3002","0.0833333"
"J04-3002","W96-0210","0.0833333"
"W96-0210","J04-3002","0.0833333"
"J04-3002","W97-0202","0.583333"
"W97-0202","J04-3002","0.583333"
"J04-3002","W98-1126","0.0833333"
"W98-1126","J04-3002","0.0833333"
"J04-3002","W98-1507","0.416667"
"W98-1507","J04-3002","0.416667"
"J09-2002","P99-1032","0.783333"
"P99-1032","J09-2002","0.783333"
"J09-2002","W01-1626","0.283333"
"W01-1626","J09-2002","0.283333"
"J09-2002","W03-0411","5.28333"
"W03-0411","J09-2002","5.28333"
"J09-2002","W03-2102","0.0833333"
"W03-2102","J09-2002","0.0833333"
"J09-2002","W06-1652","0.0833333"
"W06-1652","J09-2002","0.0833333"
"J09-2002","W07-1530","0.0833333"
"W07-1530","J09-2002","0.0833333"
"J09-2002","W96-0210","0.0833333"
"W96-0210","J09-2002","0.0833333"
"J09-2002","W97-0202","0.0833333"
"W97-0202","J09-2002","0.0833333"
"J09-2002","W98-1126","0.0833333"
"W98-1126","J09-2002","0.0833333"
"J09-2002","W98-1507","0.0833333"
"W98-1507","J09-2002","0.0833333"
"P99-1032","W01-1626","0.42619"
"W01-1626","P99-1032","0.42619"
"P99-1032","W03-0411","0.783333"
"W03-0411","P99-1032","0.783333"
"P99-1032","W03-2102","0.22619"
"W03-2102","P99-1032","0.22619"
"P99-1032","W06-1652","0.0833333"
"W06-1652","P99-1032","0.0833333"
"P99-1032","W07-1530","0.0833333"
"W07-1530","P99-1032","0.0833333"
"P99-1032","W96-0210","0.0833333"
"W96-0210","P99-1032","0.0833333"
"P99-1032","W97-0202","0.0833333"
"W97-0202","P99-1032","0.0833333"
"P99-1032","W98-1126","0.0833333"
"W98-1126","P99-1032","0.0833333"
"P99-1032","W98-1507","0.0833333"
"W98-1507","P99-1032","0.0833333"
"W01-1626","W03-0411","0.283333"
"W03-0411","W01-1626","0.283333"
"W01-1626","W03-2102","0.35119"
"W03-2102","W01-1626","0.35119"
"W01-1626","W06-1652","0.0833333"
"W06-1652","W01-1626","0.0833333"
"W01-1626","W07-1530","0.0833333"
"W07-1530","W01-1626","0.0833333"
"W01-1626","W96-0210","0.0833333"
"W96-0210","W01-1626","0.0833333"
"W01-1626","W97-0202","0.583333"
"W97-0202","W01-1626","0.583333"
"W01-1626","W98-1126","0.0833333"
"W98-1126","W01-1626","0.0833333"
"W01-1626","W98-1507","0.416667"
"W98-1507","W01-1626","0.416667"
"W03-0411","W03-2102","0.0833333"
"W03-2102","W03-0411","0.0833333"
"W03-0411","W06-1652","0.0833333"
"W06-1652","W03-0411","0.0833333"
"W03-0411","W07-1530","0.0833333"
"W07-1530","W03-0411","0.0833333"
"W03-0411","W96-0210","0.0833333"
"W96-0210","W03-0411","0.0833333"
"W03-0411","W97-0202","0.0833333"
"W97-0202","W03-0411","0.0833333"
"W03-0411","W98-1126","0.0833333"
"W98-1126","W03-0411","0.0833333"
"W03-0411","W98-1507","0.0833333"
"W98-1507","W03-0411","0.0833333"
"W03-2102","W06-1652","0.0833333"
"W06-1652","W03-2102","0.0833333"
"W03-2102","W07-1530","0.0833333"
"W07-1530","W03-2102","0.0833333"
"W03-2102","W96-0210","0.0833333"
"W96-0210","W03-2102","0.0833333"
"W03-2102","W97-0202","0.0833333"
"W97-0202","W03-2102","0.0833333"
"W03-2102","W98-1126","0.0833333"
"W98-1126","W03-2102","0.0833333"
"W03-2102","W98-1507","0.0833333"
"W98-1507","W03-2102","0.0833333"
"W06-1652","W07-1530","0.0833333"
"W07-1530","W06-1652","0.0833333"
"W06-1652","W96-0210","0.0833333"
"W96-0210","W06-1652","0.0833333"
"W06-1652","W97-0202","0.0833333"
"W97-0202","W06-1652","0.0833333"
"W06-1652","W98-1126","0.0833333"
"W98-1126","W06-1652","0.0833333"
"W06-1652","W98-1507","0.0833333"
"W98-1507","W06-1652","0.0833333"
"W07-1530","W96-0210","0.0833333"
"W96-0210","W07-1530","0.0833333"
"W07-1530","W97-0202","0.0833333"
"W97-0202","W07-1530","0.0833333"
"W07-1530","W98-1126","0.0833333"
"W98-1126","W07-1530","0.0833333"
"W07-1530","W98-1507","0.0833333"
"W98-1507","W07-1530","0.0833333"
"W96-0210","W97-0202","0.0833333"
"W97-0202","W96-0210","0.0833333"
"W96-0210","W98-1126","1.08333"
"W98-1126","W96-0210","1.08333"
"W96-0210","W98-1507","0.0833333"
"W98-1507","W96-0210","0.0833333"
"W97-0202","W98-1126","0.0833333"
"W98-1126","W97-0202","0.0833333"
"W97-0202","W98-1507","0.0833333"
"W98-1507","W97-0202","0.0833333"
"W98-1126","W98-1507","1.08333"
"W98-1507","W98-1126","1.08333"
"C00-1044","N03-4017","0.125"
"N03-4017","C00-1044","0.125"
"C00-1044","W02-2034","0.125"
"W02-2034","C00-1044","0.125"
"J04-3002","N03-4017","0.125"
"N03-4017","J04-3002","0.125"
"J04-3002","W02-2034","3.51786"
"W02-2034","J04-3002","3.51786"
"J09-3003","N03-4017","0.125"
"N03-4017","J09-3003","0.125"
"J09-3003","W01-1626","0.267857"
"W01-1626","J09-3003","0.267857"
"J09-3003","W02-2034","0.267857"
"W02-2034","J09-3003","0.267857"
"J09-3003","W03-2102","0.267857"
"W03-2102","J09-3003","0.267857"
"N03-4017","W01-1626","0.125"
"W01-1626","N03-4017","0.125"
"N03-4017","W02-2034","0.125"
"W02-2034","N03-4017","0.125"
"N03-4017","W03-0404","1.125"
"W03-0404","N03-4017","1.125"
"N03-4017","W03-1014","0.125"
"W03-1014","N03-4017","0.125"
"N03-4017","W03-2102","0.125"
"W03-2102","N03-4017","0.125"
"W01-1626","W02-2034","1.51786"
"W02-2034","W01-1626","1.51786"
"W01-1626","W03-0404","0.375"
"W03-0404","W01-1626","0.375"
"W01-1626","W03-1014","0.375"
"W03-1014","W01-1626","0.375"
"W02-2034","W03-0404","0.375"
"W03-0404","W02-2034","0.375"
"W02-2034","W03-1014","0.375"
"W03-1014","W02-2034","0.375"
"W02-2034","W03-2102","0.267857"
"W03-2102","W02-2034","0.267857"
"W03-0404","W03-2102","0.125"
"W03-2102","W03-0404","0.125"
"W03-1014","W03-2102","0.125"
"W03-2102","W03-1014","0.125"
"C08-1101","J09-3003","0.25"
"J09-3003","C08-1101","0.25"
"C08-1101","P06-1134","0.333333"
"P06-1134","C08-1101","0.333333"
"C08-1101","P09-1026","1.08333"
"P09-1026","C08-1101","1.08333"
"C08-1101","W06-1652","0.333333"
"W06-1652","C08-1101","0.333333"
"C08-1101","W06-2915","0.45"
"W06-2915","C08-1101","0.45"
"D09-1018","P06-1134","0.333333"
"P06-1134","D09-1018","0.333333"
"D09-1018","ruppenhofer-etal-2008-finding","1.33333"
"ruppenhofer-etal-2008-finding","D09-1018","1.33333"
"D09-1018","W06-1652","0.333333"
"W06-1652","D09-1018","0.333333"
"P06-1134","P09-1026","0.25"
"P09-1026","P06-1134","0.25"
"P06-1134","W09-3210","0.333333"
"W09-3210","P06-1134","0.333333"
"P09-1026","ruppenhofer-etal-2008-finding","0.5"
"ruppenhofer-etal-2008-finding","P09-1026","0.5"
"P09-1026","W06-1652","0.25"
"W06-1652","P09-1026","0.25"
"ruppenhofer-etal-2008-finding","W09-3210","0.833333"
"W09-3210","ruppenhofer-etal-2008-finding","0.833333"
"W06-1652","W09-3210","0.333333"
"W09-3210","W06-1652","0.333333"
"C08-1101","J04-3002","0.2"
"J04-3002","C08-1101","0.2"
"C08-1101","W03-1014","0.2"
"W03-1014","C08-1101","0.2"
"C08-1101","W12-3810","0.283333"
"W12-3810","C08-1101","0.283333"
"J04-3002","W08-0122","0.2"
"W08-0122","J04-3002","0.2"
"J04-3002","W12-3810","0.342857"
"W12-3810","J04-3002","0.342857"
"W03-1014","W06-2915","0.311111"
"W06-2915","W03-1014","0.311111"
"W03-1014","W08-0122","0.2"
"W08-0122","W03-1014","0.2"
"W03-1014","W12-3810","0.342857"
"W12-3810","W03-1014","0.342857"
"C08-1101","W16-0411","3"
"W16-0411","C08-1101","3"
"C08-1101","D09-1020","0.0833333"
"D09-1020","C08-1101","0.0833333"
"C08-1101","H05-1044","0.0833333"
"H05-1044","C08-1101","0.0833333"
"C08-1101","H05-1116","0.0833333"
"H05-1116","C08-1101","0.0833333"
"C08-1101","N09-1002","0.0833333"
"N09-1002","C08-1101","0.0833333"
"C08-1101","P07-1123","0.0833333"
"P07-1123","C08-1101","0.0833333"
"D09-1018","H05-1044","0.0833333"
"H05-1044","D09-1018","0.0833333"
"D09-1018","H05-1116","0.0833333"
"H05-1116","D09-1018","0.0833333"
"H05-1044","W08-0122","0.0833333"
"W08-0122","H05-1044","0.0833333"
"H05-1044","W09-3210","0.0833333"
"W09-3210","H05-1044","0.0833333"
"H05-1044","W12-3810","0.0833333"
"W12-3810","H05-1044","0.0833333"
"H05-1116","W08-0122","0.0833333"
"W08-0122","H05-1116","0.0833333"
"H05-1116","W09-3210","0.0833333"
"W09-3210","H05-1116","0.0833333"
"H05-1116","W12-3810","0.22619"
"W12-3810","H05-1116","0.22619"
"P06-1134","W08-0122","0.0833333"
"W08-0122","P06-1134","0.0833333"
"P06-1134","W12-3810","0.0833333"
"W12-3810","P06-1134","0.0833333"
"ruppenhofer-etal-2008-finding","W12-3810","0.0833333"
"W12-3810","ruppenhofer-etal-2008-finding","0.0833333"
"W06-1652","W08-0122","0.0833333"
"W08-0122","W06-1652","0.0833333"
"W06-1652","W12-3810","0.0833333"
"W12-3810","W06-1652","0.0833333"
"C10-1004","W14-2603","0.5"
"W14-2603","C10-1004","0.5"
"W11-3707","W14-2603","0.5"
"W14-2603","W11-3707","0.5"
"C10-1004","P09-1026","0.0909091"
