"2020.acl-main.178","2020.emnlp-main.58","0.5"
"2020.emnlp-main.58","2020.acl-main.178","0.5"
"2020.acl-main.178","D19-1509","0.5"
"D19-1509","2020.acl-main.178","0.5"
"2020.emnlp-main.58","D19-1509","2.40758"
"D19-1509","2020.emnlp-main.58","2.40758"
"2020.acl-main.486","2021.naacl-main.386","1"
"2021.naacl-main.386","2020.acl-main.486","1"
"2020.acl-main.486","D19-1509","0.25"
"D19-1509","2020.acl-main.486","0.25"
"2020.acl-main.486","P18-1152","0.25"
"P18-1152","2020.acl-main.486","0.25"
"2020.acl-main.486","P18-1213","0.25"
"P18-1213","2020.acl-main.486","0.25"
"2020.acl-main.486","P19-1539","0.25"
"P19-1539","2020.acl-main.486","0.25"
"D19-1509","P18-1152","0.388095"
"P18-1152","D19-1509","0.388095"
"D19-1509","P18-1213","0.412338"
"P18-1213","D19-1509","0.412338"
"D19-1509","P19-1539","0.39359"
"P19-1539","D19-1509","0.39359"
"P18-1152","P18-1213","1.72143"
"P18-1213","P18-1152","1.72143"
"P18-1152","P19-1539","1.31667"
"P19-1539","P18-1152","1.31667"
"P18-1213","P19-1539","0.25"
"P19-1539","P18-1213","0.25"
"2020.acl-main.486","D15-1189","0.5"
"D15-1189","2020.acl-main.486","0.5"
"2020.acl-main.486","P18-1043","1.08333"
"P18-1043","2020.acl-main.486","1.08333"
"D15-1189","P18-1043","0.5"
"P18-1043","D15-1189","0.5"
"2020.acl-main.486","2020.acl-tutorials.7","0.533333"
"2020.acl-tutorials.7","2020.acl-main.486","0.533333"
"2020.acl-main.486","2020.emnlp-main.48","0.333333"
"2020.emnlp-main.48","2020.acl-main.486","0.333333"
"2020.acl-main.486","2021.emnlp-main.54","0.533333"
"2021.emnlp-main.54","2020.acl-main.486","0.533333"
"2020.acl-tutorials.7","2020.emnlp-main.48","0.333333"
"2020.emnlp-main.48","2020.acl-tutorials.7","0.333333"
"2020.acl-tutorials.7","2021.emnlp-main.54","0.533333"
"2021.emnlp-main.54","2020.acl-tutorials.7","0.533333"
"2020.emnlp-main.48","2021.emnlp-main.54","0.533333"
"2021.emnlp-main.54","2020.emnlp-main.48","0.533333"
"2020.acl-main.486","2020.findings-emnlp.301","0.5"
"2020.findings-emnlp.301","2020.acl-main.486","0.5"
"2020.acl-main.486","2021.eacl-main.274","0.5"
"2021.eacl-main.274","2020.acl-main.486","0.5"
"2020.findings-emnlp.301","2021.eacl-main.274","1.7"
"2021.eacl-main.274","2020.findings-emnlp.301","1.7"
"2020.acl-main.486","2020.emnlp-main.602","0.25"
"2020.emnlp-main.602","2020.acl-main.486","0.25"
"2020.acl-main.486","2021.acl-long.158","0.25"
"2021.acl-long.158","2020.acl-main.486","0.25"
"2020.acl-main.486","D18-1009","0.25"
"D18-1009","2020.acl-main.486","0.25"
"2020.emnlp-main.602","2021.acl-long.158","0.7"
"2021.acl-long.158","2020.emnlp-main.602","0.7"
"2020.emnlp-main.602","D18-1009","0.321429"
"D18-1009","2020.emnlp-main.602","0.321429"
"2020.emnlp-main.602","P18-1043","1.5"
"P18-1043","2020.emnlp-main.602","1.5"
"2021.acl-long.158","D18-1009","0.25"
"D18-1009","2021.acl-long.158","0.25"
"2021.acl-long.158","P18-1043","0.5"
"P18-1043","2021.acl-long.158","0.5"
"D18-1009","P18-1043","1.2171"
"P18-1043","D18-1009","1.2171"
"2020.acl-main.486","2020.emnlp-main.373","0.533333"
"2020.emnlp-main.373","2020.acl-main.486","0.533333"
"2020.acl-main.486","2020.findings-emnlp.165","0.2"
"2020.findings-emnlp.165","2020.acl-main.486","0.2"
"2020.acl-main.486","D19-1243","0.2"
"D19-1243","2020.acl-main.486","0.2"
"2020.acl-tutorials.7","2020.emnlp-main.373","3.9"
"2020.emnlp-main.373","2020.acl-tutorials.7","3.9"
"2020.acl-tutorials.7","2020.findings-emnlp.165","0.525"
"2020.findings-emnlp.165","2020.acl-tutorials.7","0.525"
"2020.acl-tutorials.7","D19-1243","0.7"
"D19-1243","2020.acl-tutorials.7","0.7"
"2020.emnlp-main.373","2020.findings-emnlp.165","1.54286"
"2020.findings-emnlp.165","2020.emnlp-main.373","1.54286"
"2020.emnlp-main.373","2021.emnlp-main.54","0.4"
"2021.emnlp-main.54","2020.emnlp-main.373","0.4"
"2020.emnlp-main.373","D19-1243","0.842857"
"D19-1243","2020.emnlp-main.373","0.842857"
"2020.findings-emnlp.165","2021.emnlp-main.54","0.2"
"2021.emnlp-main.54","2020.findings-emnlp.165","0.2"
"2020.findings-emnlp.165","D19-1243","0.409524"
"D19-1243","2020.findings-emnlp.165","0.409524"
"2021.emnlp-main.54","D19-1243","0.2"
"D19-1243","2021.emnlp-main.54","0.2"
"2020.acl-main.486","D19-1454","0.333333"
"D19-1454","2020.acl-main.486","0.333333"
"2020.emnlp-main.373","D19-1454","0.753114"
"D19-1454","2020.emnlp-main.373","0.753114"
"2020.emnlp-main.373","P18-1043","0.424242"
"P18-1043","2020.emnlp-main.373","0.424242"
"D19-1454","P18-1043","0.833333"
"P18-1043","D19-1454","0.833333"
"2020.acl-tutorials.7","2021.findings-emnlp.184","0.142857"
"2021.findings-emnlp.184","2020.acl-tutorials.7","0.142857"
"2020.acl-tutorials.7","D18-1009","0.342857"
"D18-1009","2020.acl-tutorials.7","0.342857"
"2020.acl-tutorials.7","D18-1060","0.142857"
"D18-1060","2020.acl-tutorials.7","0.142857"
"2020.acl-tutorials.7","N19-1412","0.142857"
"N19-1412","2020.acl-tutorials.7","0.142857"
"2020.acl-tutorials.7","P19-1470","0.142857"
"P19-1470","2020.acl-tutorials.7","0.142857"
"2020.acl-tutorials.7","P19-1472","0.142857"
"P19-1472","2020.acl-tutorials.7","0.142857"
"2020.acl-tutorials.7","Q19-1014","0.142857"
"Q19-1014","2020.acl-tutorials.7","0.142857"
"2021.findings-emnlp.184","D18-1009","0.233766"
"D18-1009","2021.findings-emnlp.184","0.233766"
"2021.findings-emnlp.184","D18-1060","0.142857"
"D18-1060","2021.findings-emnlp.184","0.142857"
"2021.findings-emnlp.184","N19-1412","1.14286"
"N19-1412","2021.findings-emnlp.184","1.14286"
"2021.findings-emnlp.184","P19-1470","0.142857"
"P19-1470","2021.findings-emnlp.184","0.142857"
"2021.findings-emnlp.184","P19-1472","0.142857"
"P19-1472","2021.findings-emnlp.184","0.142857"
"2021.findings-emnlp.184","Q19-1014","0.392857"
"Q19-1014","2021.findings-emnlp.184","0.392857"
"D18-1009","D18-1060","0.214286"
"D18-1060","D18-1009","0.214286"
"D18-1009","N19-1412","0.214286"
"N19-1412","D18-1009","0.214286"
"D18-1009","P19-1470","0.547619"
"P19-1470","D18-1009","0.547619"
"D18-1009","P19-1472","3.24286"
"P19-1472","D18-1009","3.24286"
"D18-1009","Q19-1014","1.64286"
"Q19-1014","D18-1009","1.64286"
"D18-1060","N19-1412","0.214286"
"N19-1412","D18-1060","0.214286"
"D18-1060","P19-1470","0.214286"
"P19-1470","D18-1060","0.214286"
"D18-1060","P19-1472","0.142857"
"P19-1472","D18-1060","0.142857"
"D18-1060","Q19-1014","0.142857"
"Q19-1014","D18-1060","0.142857"
"N19-1412","P19-1470","0.214286"
"P19-1470","N19-1412","0.214286"
"N19-1412","P19-1472","1.28571"
"P19-1472","N19-1412","1.28571"
"N19-1412","Q19-1014","0.142857"
"Q19-1014","N19-1412","0.142857"
"P19-1470","P19-1472","0.142857"
"P19-1472","P19-1470","0.142857"
"P19-1470","Q19-1014","0.142857"
"Q19-1014","P19-1470","0.142857"
"P19-1472","Q19-1014","0.142857"
"Q19-1014","P19-1472","0.142857"
"2020.acl-tutorials.7","2020.findings-emnlp.90","0.525"
"2020.findings-emnlp.90","2020.acl-tutorials.7","0.525"
"2020.acl-tutorials.7","2021.emnlp-main.564","0.325"
"2021.emnlp-main.564","2020.acl-tutorials.7","0.325"
"2020.acl-tutorials.7","D19-1454","0.525"
"D19-1454","2020.acl-tutorials.7","0.525"
"2020.emnlp-main.373","2020.findings-emnlp.90","2.14359"
"2020.findings-emnlp.90","2020.emnlp-main.373","2.14359"
"2020.emnlp-main.373","2021.emnlp-main.564","0.2"
"2021.emnlp-main.564","2020.emnlp-main.373","0.2"
"2020.findings-emnlp.165","2020.findings-emnlp.90","1.325"
"2020.findings-emnlp.90","2020.findings-emnlp.165","1.325"
"2020.findings-emnlp.165","2021.emnlp-main.564","0.325"
"2021.emnlp-main.564","2020.findings-emnlp.165","0.325"
"2020.findings-emnlp.165","D19-1454","0.467857"
"D19-1454","2020.findings-emnlp.165","0.467857"
"2020.findings-emnlp.90","2021.emnlp-main.564","0.325"
"2021.emnlp-main.564","2020.findings-emnlp.90","0.325"
"2020.findings-emnlp.90","D19-1454","0.701923"
"D19-1454","2020.findings-emnlp.90","0.701923"
"2021.emnlp-main.564","D19-1454","0.325"
"D19-1454","2021.emnlp-main.564","0.325"
"2020.acl-tutorials.7","2020.emnlp-main.58","0.5"
"2020.emnlp-main.58","2020.acl-tutorials.7","0.5"
"2020.emnlp-main.58","D19-1243","0.566667"
"D19-1243","2020.emnlp-main.58","0.566667"
"2020.acl-tutorials.7","D19-1509","0.625"
"D19-1509","2020.acl-tutorials.7","0.625"
"2020.emnlp-main.373","D19-1509","0.810689"
"D19-1509","2020.emnlp-main.373","0.810689"
"2020.acl-tutorials.7","2021.eacl-main.274","0.2"
"2021.eacl-main.274","2020.acl-tutorials.7","0.2"
"2020.acl-tutorials.7","W17-0907","0.2"
"W17-0907","2020.acl-tutorials.7","0.2"
"2020.findings-emnlp.90","2021.eacl-main.274","0.466667"
"2021.eacl-main.274","2020.findings-emnlp.90","0.466667"
"2020.findings-emnlp.90","D18-1009","0.942857"
"D18-1009","2020.findings-emnlp.90","0.942857"
"2020.findings-emnlp.90","W17-0907","0.2"
"W17-0907","2020.findings-emnlp.90","0.2"
"2021.eacl-main.274","D18-1009","0.5"
"D18-1009","2021.eacl-main.274","0.5"
"2021.eacl-main.274","D19-1454","0.3"
"D19-1454","2021.eacl-main.274","0.3"
"2021.eacl-main.274","W17-0907","0.2"
"W17-0907","2021.eacl-main.274","0.2"
"D18-1009","D19-1454","2.3"
"D19-1454","D18-1009","2.3"
"D18-1009","W17-0907","0.290909"
"W17-0907","D18-1009","0.290909"
"D19-1454","W17-0907","0.2"
"W17-0907","D19-1454","0.2"
"2020.acl-tutorials.7","2020.findings-emnlp.253","0.125"
"2020.findings-emnlp.253","2020.acl-tutorials.7","0.125"
"2020.acl-tutorials.7","2021.acl-long.159","0.125"
"2021.acl-long.159","2020.acl-tutorials.7","0.125"
"2020.acl-tutorials.7","2021.naacl-main.386","0.125"
"2021.naacl-main.386","2020.acl-tutorials.7","0.125"
"2020.findings-emnlp.165","2020.findings-emnlp.253","0.958333"
"2020.findings-emnlp.253","2020.findings-emnlp.165","0.958333"
"2020.findings-emnlp.165","2021.acl-long.159","0.334524"
"2021.acl-long.159","2020.findings-emnlp.165","0.334524"
"2020.findings-emnlp.165","2021.naacl-main.386","0.125"
"2021.naacl-main.386","2020.findings-emnlp.165","0.125"
"2020.findings-emnlp.165","D19-1509","0.334524"
"D19-1509","2020.findings-emnlp.165","0.334524"
"2020.findings-emnlp.253","2020.findings-emnlp.90","0.367857"
"2020.findings-emnlp.90","2020.findings-emnlp.253","0.367857"
"2020.findings-emnlp.253","2021.acl-long.159","0.125"
"2021.acl-long.159","2020.findings-emnlp.253","0.125"
"2020.findings-emnlp.253","2021.emnlp-main.564","0.458333"
"2021.emnlp-main.564","2020.findings-emnlp.253","0.458333"
"2020.findings-emnlp.253","2021.naacl-main.386","0.225"
"2021.naacl-main.386","2020.findings-emnlp.253","0.225"
"2020.findings-emnlp.253","D19-1454","0.225"
"D19-1454","2020.findings-emnlp.253","0.225"
"2020.findings-emnlp.253","D19-1509","0.125"
"D19-1509","2020.findings-emnlp.253","0.125"
"2020.findings-emnlp.90","2021.acl-long.159","0.201923"
"2021.acl-long.159","2020.findings-emnlp.90","0.201923"
"2020.findings-emnlp.90","2021.naacl-main.386","0.225"
"2021.naacl-main.386","2020.findings-emnlp.90","0.225"
"2020.findings-emnlp.90","D19-1509","0.201923"
"D19-1509","2020.findings-emnlp.90","0.201923"
"2021.acl-long.159","2021.emnlp-main.564","0.125"
"2021.emnlp-main.564","2021.acl-long.159","0.125"
"2021.acl-long.159","2021.naacl-main.386","1.125"
"2021.naacl-main.386","2021.acl-long.159","1.125"
"2021.acl-long.159","D19-1454","0.34478"
"D19-1454","2021.acl-long.159","0.34478"
"2021.acl-long.159","D19-1509","0.411447"
"D19-1509","2021.acl-long.159","0.411447"
"2021.emnlp-main.564","2021.naacl-main.386","0.125"
"2021.naacl-main.386","2021.emnlp-main.564","0.125"
"2021.emnlp-main.564","D19-1509","0.125"
"D19-1509","2021.emnlp-main.564","0.125"
"2021.naacl-main.386","D19-1454","0.225"
"D19-1454","2021.naacl-main.386","0.225"
"2021.naacl-main.386","D19-1509","0.125"
"D19-1509","2021.naacl-main.386","0.125"
"D19-1454","D19-1509","0.34478"
"D19-1509","D19-1454","0.34478"
"2020.acl-tutorials.7","2021.findings-acl.42","1"
"2021.findings-acl.42","2020.acl-tutorials.7","1"
"2020.acl-tutorials.7","2021.acl-long.549","1"
"2021.acl-long.549","2020.acl-tutorials.7","1"
"2020.emnlp-main.349","2020.findings-emnlp.253","0.5"
"2020.findings-emnlp.253","2020.emnlp-main.349","0.5"
"2020.emnlp-main.349","2021.emnlp-main.54","0.5"
"2021.emnlp-main.54","2020.emnlp-main.349","0.5"
"2020.findings-emnlp.253","2021.emnlp-main.54","0.5"
"2021.emnlp-main.54","2020.findings-emnlp.253","0.5"
"2020.emnlp-main.349","2021.eacl-main.34","0.45"
"2021.eacl-main.34","2020.emnlp-main.349","0.45"
"2020.emnlp-main.349","2021.findings-emnlp.184","1.2"
"2021.findings-emnlp.184","2020.emnlp-main.349","1.2"
"2020.emnlp-main.349","N18-1016","0.2"
"N18-1016","2020.emnlp-main.349","0.2"
"2020.emnlp-main.349","P18-1152","0.2"
"P18-1152","2020.emnlp-main.349","0.2"
"2020.emnlp-main.349","P18-1213","0.2"
"P18-1213","2020.emnlp-main.349","0.2"
"2021.eacl-main.34","2021.findings-emnlp.184","0.276923"
"2021.findings-emnlp.184","2021.eacl-main.34","0.276923"
"2021.eacl-main.34","N18-1016","0.7"
"N18-1016","2021.eacl-main.34","0.7"
"2021.eacl-main.34","P18-1152","0.2"
"P18-1152","2021.eacl-main.34","0.2"
"2021.eacl-main.34","P18-1213","0.2"
"P18-1213","2021.eacl-main.34","0.2"
"2021.findings-emnlp.184","N18-1016","0.2"
"N18-1016","2021.findings-emnlp.184","0.2"
"2021.findings-emnlp.184","P18-1152","0.2"
"P18-1152","2021.findings-emnlp.184","0.2"
"2021.findings-emnlp.184","P18-1213","0.290909"
"P18-1213","2021.findings-emnlp.184","0.290909"
"N18-1016","P18-1152","0.6"
"P18-1152","N18-1016","0.6"
"N18-1016","P18-1213","0.2"
"P18-1213","N18-1016","0.2"
"2020.emnlp-main.349","2020.emnlp-main.58","0.25"
"2020.emnlp-main.58","2020.emnlp-main.349","0.25"
"2020.emnlp-main.349","2020.findings-emnlp.165","0.25"
"2020.findings-emnlp.165","2020.emnlp-main.349","0.25"
"2020.emnlp-main.349","P19-1539","0.25"
"P19-1539","2020.emnlp-main.349","0.25"
"2020.emnlp-main.58","2020.findings-emnlp.165","0.316667"
"2020.findings-emnlp.165","2020.emnlp-main.58","0.316667"
"2020.emnlp-main.58","2021.eacl-main.34","0.583333"
"2021.eacl-main.34","2020.emnlp-main.58","0.583333"
"2020.emnlp-main.58","P19-1539","0.316667"
"P19-1539","2020.emnlp-main.58","0.316667"
"2020.findings-emnlp.165","2021.eacl-main.34","0.5"
"2021.eacl-main.34","2020.findings-emnlp.165","0.5"
"2020.findings-emnlp.165","P19-1539","0.516667"
"P19-1539","2020.findings-emnlp.165","0.516667"
"2021.eacl-main.34","P19-1539","0.326923"
"P19-1539","2021.eacl-main.34","0.326923"
"2020.emnlp-main.373","2020.emnlp-main.58","0.290909"
"2020.emnlp-main.58","2020.emnlp-main.373","0.290909"
"2020.emnlp-main.373","2021.acl-long.114","0.2"
"2021.acl-long.114","2020.emnlp-main.373","0.2"
"2020.emnlp-main.373","2021.naacl-main.346","0.2"
"2021.naacl-main.346","2020.emnlp-main.373","0.2"
"2020.emnlp-main.58","2020.findings-emnlp.90","0.342857"
"2020.findings-emnlp.90","2020.emnlp-main.58","0.342857"
"2020.emnlp-main.58","2021.acl-long.114","1.2"
"2021.acl-long.114","2020.emnlp-main.58","1.2"
"2020.emnlp-main.58","2021.emnlp-main.54","0.2"
"2021.emnlp-main.54","2020.emnlp-main.58","0.2"
"2020.emnlp-main.58","2021.naacl-main.346","0.2"
"2021.naacl-main.346","2020.emnlp-main.58","0.2"
"2020.findings-emnlp.90","2021.acl-long.114","0.2"
"2021.acl-long.114","2020.findings-emnlp.90","0.2"
"2020.findings-emnlp.90","2021.emnlp-main.54","0.2"
"2021.emnlp-main.54","2020.findings-emnlp.90","0.2"
"2020.findings-emnlp.90","2021.naacl-main.346","0.2"
"2021.naacl-main.346","2020.findings-emnlp.90","0.2"
"2021.acl-long.114","2021.emnlp-main.54","0.2"
"2021.emnlp-main.54","2021.acl-long.114","0.2"
"2021.acl-long.114","2021.naacl-main.346","0.2"
"2021.naacl-main.346","2021.acl-long.114","0.2"
"2021.emnlp-main.54","2021.naacl-main.346","0.2"
"2021.naacl-main.346","2021.emnlp-main.54","0.2"
"2020.emnlp-main.373","2021.acl-long.549","0.834499"
"2021.acl-long.549","2020.emnlp-main.373","0.834499"
"2020.findings-emnlp.90","2021.acl-long.549","0.84359"
"2021.acl-long.549","2020.findings-emnlp.90","0.84359"
"2020.emnlp-main.373","2020.emnlp-main.746","0.24359"
"2020.emnlp-main.746","2020.emnlp-main.373","0.24359"
"2020.emnlp-main.373","2020.findings-emnlp.301","0.0769231"
"2020.findings-emnlp.301","2020.emnlp-main.373","0.0769231"
"2020.emnlp-main.373","2021.acl-long.159","0.21978"
"2021.acl-long.159","2020.emnlp-main.373","0.21978"
"2020.emnlp-main.373","2021.eacl-main.34","0.0769231"
"2021.eacl-main.34","2020.emnlp-main.373","0.0769231"
"2020.emnlp-main.373","2021.emnlp-main.588","0.0769231"
"2021.emnlp-main.588","2020.emnlp-main.373","0.0769231"
"2020.emnlp-main.373","2021.emnlp-main.595","0.0769231"
"2021.emnlp-main.595","2020.emnlp-main.373","0.0769231"
"2020.emnlp-main.373","2021.findings-emnlp.184","0.334499"
"2021.findings-emnlp.184","2020.emnlp-main.373","0.334499"
"2020.emnlp-main.373","D19-1159","0.0769231"
"D19-1159","2020.emnlp-main.373","0.0769231"
"2020.emnlp-main.373","P19-1539","0.0769231"
"P19-1539","2020.emnlp-main.373","0.0769231"
"2020.emnlp-main.746","2020.findings-emnlp.301","1.07692"
"2020.findings-emnlp.301","2020.emnlp-main.746","1.07692"
"2020.emnlp-main.746","2020.findings-emnlp.90","0.486447"
"2020.findings-emnlp.90","2020.emnlp-main.746","0.486447"
"2020.emnlp-main.746","2021.acl-long.159","0.0769231"
"2021.acl-long.159","2020.emnlp-main.746","0.0769231"
"2020.emnlp-main.746","2021.acl-long.549","0.34359"
"2021.acl-long.549","2020.emnlp-main.746","0.34359"
"2020.emnlp-main.746","2021.eacl-main.34","0.0769231"
"2021.eacl-main.34","2020.emnlp-main.746","0.0769231"
"2020.emnlp-main.746","2021.emnlp-main.588","0.0769231"
"2021.emnlp-main.588","2020.emnlp-main.746","0.0769231"
"2020.emnlp-main.746","2021.emnlp-main.595","0.0769231"
"2021.emnlp-main.595","2020.emnlp-main.746","0.0769231"
"2020.emnlp-main.746","2021.findings-emnlp.184","0.24359"
"2021.findings-emnlp.184","2020.emnlp-main.746","0.24359"
"2020.emnlp-main.746","D19-1159","0.0769231"
"D19-1159","2020.emnlp-main.746","0.0769231"
"2020.emnlp-main.746","D19-1454","0.176923"
"D19-1454","2020.emnlp-main.746","0.176923"
"2020.emnlp-main.746","D19-1509","0.0769231"
"D19-1509","2020.emnlp-main.746","0.0769231"
"2020.emnlp-main.746","P19-1539","0.0769231"
"P19-1539","2020.emnlp-main.746","0.0769231"
"2020.findings-emnlp.301","2020.findings-emnlp.90","1.07692"
"2020.findings-emnlp.90","2020.findings-emnlp.301","1.07692"
"2020.findings-emnlp.301","2021.acl-long.159","0.0769231"
"2021.acl-long.159","2020.findings-emnlp.301","0.0769231"
"2020.findings-emnlp.301","2021.acl-long.549","0.0769231"
"2021.acl-long.549","2020.findings-emnlp.301","0.0769231"
"2020.findings-emnlp.301","2021.eacl-main.34","0.576923"
"2021.eacl-main.34","2020.findings-emnlp.301","0.576923"
"2020.findings-emnlp.301","2021.emnlp-main.588","0.0769231"
"2021.emnlp-main.588","2020.findings-emnlp.301","0.0769231"
"2020.findings-emnlp.301","2021.emnlp-main.595","0.410256"
"2021.emnlp-main.595","2020.findings-emnlp.301","0.410256"
"2020.findings-emnlp.301","2021.findings-emnlp.184","0.0769231"
"2021.findings-emnlp.184","2020.findings-emnlp.301","0.0769231"
"2020.findings-emnlp.301","D19-1159","0.0769231"
"D19-1159","2020.findings-emnlp.301","0.0769231"
"2020.findings-emnlp.301","D19-1454","0.0769231"
"D19-1454","2020.findings-emnlp.301","0.0769231"
"2020.findings-emnlp.301","D19-1509","0.0769231"
"D19-1509","2020.findings-emnlp.301","0.0769231"
"2020.findings-emnlp.301","P19-1539","0.0769231"
"P19-1539","2020.findings-emnlp.301","0.0769231"
"2020.findings-emnlp.90","2021.eacl-main.34","0.0769231"
"2021.eacl-main.34","2020.findings-emnlp.90","0.0769231"
"2020.findings-emnlp.90","2021.emnlp-main.588","0.0769231"
"2021.emnlp-main.588","2020.findings-emnlp.90","0.0769231"
"2020.findings-emnlp.90","2021.emnlp-main.595","0.0769231"
"2021.emnlp-main.595","2020.findings-emnlp.90","0.0769231"
"2020.findings-emnlp.90","2021.findings-emnlp.184","0.24359"
"2021.findings-emnlp.184","2020.findings-emnlp.90","0.24359"
"2020.findings-emnlp.90","D19-1159","0.0769231"
"D19-1159","2020.findings-emnlp.90","0.0769231"
"2020.findings-emnlp.90","P19-1539","0.0769231"
"P19-1539","2020.findings-emnlp.90","0.0769231"
"2021.acl-long.159","2021.acl-long.549","0.0769231"
"2021.acl-long.549","2021.acl-long.159","0.0769231"
"2021.acl-long.159","2021.eacl-main.34","0.0769231"
"2021.eacl-main.34","2021.acl-long.159","0.0769231"
"2021.acl-long.159","2021.emnlp-main.588","0.0769231"
"2021.emnlp-main.588","2021.acl-long.159","0.0769231"
"2021.acl-long.159","2021.emnlp-main.595","0.14359"
"2021.emnlp-main.595","2021.acl-long.159","0.14359"
"2021.acl-long.159","2021.findings-emnlp.184","0.0769231"
"2021.findings-emnlp.184","2021.acl-long.159","0.0769231"
"2021.acl-long.159","D19-1159","0.0769231"
"D19-1159","2021.acl-long.159","0.0769231"
"2021.acl-long.159","P19-1539","0.14359"
"P19-1539","2021.acl-long.159","0.14359"
"2021.acl-long.549","2021.eacl-main.34","0.410256"
"2021.eacl-main.34","2021.acl-long.549","0.410256"
"2021.acl-long.549","2021.emnlp-main.588","0.0769231"
"2021.emnlp-main.588","2021.acl-long.549","0.0769231"
"2021.acl-long.549","2021.emnlp-main.595","0.0769231"
"2021.emnlp-main.595","2021.acl-long.549","0.0769231"
"2021.acl-long.549","2021.findings-emnlp.184","0.334499"
"2021.findings-emnlp.184","2021.acl-long.549","0.334499"
"2021.acl-long.549","D19-1159","0.0769231"
"D19-1159","2021.acl-long.549","0.0769231"
"2021.acl-long.549","D19-1454","0.176923"
"D19-1454","2021.acl-long.549","0.176923"
"2021.acl-long.549","D19-1509","0.167832"
"D19-1509","2021.acl-long.549","0.167832"
"2021.acl-long.549","P19-1539","0.0769231"
"P19-1539","2021.acl-long.549","0.0769231"
"2021.eacl-main.34","2021.emnlp-main.588","0.0769231"
"2021.emnlp-main.588","2021.eacl-main.34","0.0769231"
"2021.eacl-main.34","2021.emnlp-main.595","0.0769231"
"2021.emnlp-main.595","2021.eacl-main.34","0.0769231"
"2021.eacl-main.34","D19-1159","0.0769231"
"D19-1159","2021.eacl-main.34","0.0769231"
"2021.eacl-main.34","D19-1454","0.0769231"
"D19-1454","2021.eacl-main.34","0.0769231"
"2021.eacl-main.34","D19-1509","0.576923"
"D19-1509","2021.eacl-main.34","0.576923"
"2021.emnlp-main.588","2021.emnlp-main.595","0.0769231"
"2021.emnlp-main.595","2021.emnlp-main.588","0.0769231"
"2021.emnlp-main.588","2021.findings-emnlp.184","0.0769231"
"2021.findings-emnlp.184","2021.emnlp-main.588","0.0769231"
"2021.emnlp-main.588","D19-1159","0.0769231"
"D19-1159","2021.emnlp-main.588","0.0769231"
"2021.emnlp-main.588","D19-1454","0.0769231"
"D19-1454","2021.emnlp-main.588","0.0769231"
"2021.emnlp-main.588","D19-1509","0.0769231"
"D19-1509","2021.emnlp-main.588","0.0769231"
"2021.emnlp-main.588","P19-1539","0.0769231"
"P19-1539","2021.emnlp-main.588","0.0769231"
"2021.emnlp-main.595","2021.findings-emnlp.184","0.0769231"
"2021.findings-emnlp.184","2021.emnlp-main.595","0.0769231"
"2021.emnlp-main.595","D19-1159","0.0769231"
"D19-1159","2021.emnlp-main.595","0.0769231"
"2021.emnlp-main.595","D19-1454","0.0769231"
"D19-1454","2021.emnlp-main.595","0.0769231"
"2021.emnlp-main.595","D19-1509","0.14359"
"D19-1509","2021.emnlp-main.595","0.14359"
"2021.emnlp-main.595","P19-1539","0.14359"
"P19-1539","2021.emnlp-main.595","0.14359"
"2021.findings-emnlp.184","D19-1159","0.0769231"
"D19-1159","2021.findings-emnlp.184","0.0769231"
"2021.findings-emnlp.184","D19-1454","0.0769231"
"D19-1454","2021.findings-emnlp.184","0.0769231"
"2021.findings-emnlp.184","D19-1509","0.417832"
"D19-1509","2021.findings-emnlp.184","0.417832"
"2021.findings-emnlp.184","P19-1539","0.0769231"
"P19-1539","2021.findings-emnlp.184","0.0769231"
"D19-1159","D19-1454","0.0769231"
"D19-1454","D19-1159","0.0769231"
"D19-1159","D19-1509","0.148352"
"D19-1509","D19-1159","0.148352"
"D19-1159","P19-1539","0.0769231"
"P19-1539","D19-1159","0.0769231"
"D19-1454","P19-1539","0.0769231"
"P19-1539","D19-1454","0.0769231"
"2020.emnlp-main.373","2020.findings-emnlp.418","0.166667"
"2020.findings-emnlp.418","2020.emnlp-main.373","0.166667"
"2020.emnlp-main.373","2021.eacl-main.274","0.166667"
"2021.eacl-main.274","2020.emnlp-main.373","0.166667"
"2020.emnlp-main.746","2020.findings-emnlp.418","0.366667"
"2020.findings-emnlp.418","2020.emnlp-main.746","0.366667"
"2020.emnlp-main.746","2021.eacl-main.274","0.466667"
"2021.eacl-main.274","2020.emnlp-main.746","0.466667"
"2020.findings-emnlp.418","2020.findings-emnlp.90","0.166667"
"2020.findings-emnlp.90","2020.findings-emnlp.418","0.166667"
"2020.findings-emnlp.418","2021.acl-long.549","0.5"
"2021.acl-long.549","2020.findings-emnlp.418","0.5"
"2020.findings-emnlp.418","2021.eacl-main.274","0.366667"
"2021.eacl-main.274","2020.findings-emnlp.418","0.366667"
"2020.findings-emnlp.418","2021.findings-emnlp.184","1.16667"
"2021.findings-emnlp.184","2020.findings-emnlp.418","1.16667"
"2021.acl-long.549","2021.eacl-main.274","0.266667"
"2021.eacl-main.274","2021.acl-long.549","0.266667"
"2021.eacl-main.274","2021.findings-emnlp.184","0.166667"
"2021.findings-emnlp.184","2021.eacl-main.274","0.166667"
"2020.emnlp-main.373","Q19-1014","1.5"
"Q19-1014","2020.emnlp-main.373","1.5"
"2020.emnlp-main.373","D18-1241","2"
"D18-1241","2020.emnlp-main.373","2"
"2020.emnlp-main.373","N19-1412","0.142857"
"N19-1412","2020.emnlp-main.373","0.142857"
"2020.emnlp-main.373","P19-1472","0.142857"
"P19-1472","2020.emnlp-main.373","0.142857"
"2020.findings-emnlp.165","N19-1412","0.342857"
"N19-1412","2020.findings-emnlp.165","0.342857"
"2020.findings-emnlp.165","P19-1472","0.142857"
"P19-1472","2020.findings-emnlp.165","0.142857"
"2021.acl-long.159","D19-1243","0.209524"
"D19-1243","2021.acl-long.159","0.209524"
"2021.acl-long.159","N19-1412","0.142857"
"N19-1412","2021.acl-long.159","0.142857"
"2021.acl-long.159","P19-1472","0.142857"
"P19-1472","2021.acl-long.159","0.142857"
"D19-1243","D19-1454","1.74286"
"D19-1454","D19-1243","1.74286"
"D19-1243","D19-1509","0.209524"
"D19-1509","D19-1243","0.209524"
"D19-1243","N19-1412","0.142857"
"N19-1412","D19-1243","0.142857"
"D19-1243","P19-1472","0.242857"
"P19-1472","D19-1243","0.242857"
"D19-1454","N19-1412","0.142857"
"N19-1412","D19-1454","0.142857"
"D19-1454","P19-1472","0.242857"
"P19-1472","D19-1454","0.242857"
"D19-1509","N19-1412","0.214286"
"N19-1412","D19-1509","0.214286"
"D19-1509","P19-1472","0.142857"
"P19-1472","D19-1509","0.142857"
"2020.emnlp-main.373","2021.findings-acl.107","0.0909091"
"2021.findings-acl.107","2020.emnlp-main.373","0.0909091"
"2020.emnlp-main.373","D17-1195","0.0909091"
"D17-1195","2020.emnlp-main.373","0.0909091"
"2020.emnlp-main.373","D18-1009","0.0909091"
"D18-1009","2020.emnlp-main.373","0.0909091"
"2020.emnlp-main.373","K17-1004","0.0909091"
"K17-1004","2020.emnlp-main.373","0.0909091"
"2020.emnlp-main.373","P18-1213","0.0909091"
"P18-1213","2020.emnlp-main.373","0.0909091"
"2020.emnlp-main.373","W17-0907","0.0909091"
"W17-0907","2020.emnlp-main.373","0.0909091"
"2020.emnlp-main.58","2021.acl-long.549","1.42424"
"2021.acl-long.549","2020.emnlp-main.58","1.42424"
"2020.emnlp-main.58","2021.findings-acl.107","0.157576"
"2021.findings-acl.107","2020.emnlp-main.58","0.157576"
"2020.emnlp-main.58","2021.findings-emnlp.184","0.590909"
"2021.findings-emnlp.184","2020.emnlp-main.58","0.590909"
"2020.emnlp-main.58","D17-1195","0.340909"
"D17-1195","2020.emnlp-main.58","0.340909"
"2020.emnlp-main.58","D18-1009","0.233766"
"D18-1009","2020.emnlp-main.58","0.233766"
"2020.emnlp-main.58","K17-1004","0.233766"
"K17-1004","2020.emnlp-main.58","0.233766"
"2020.emnlp-main.58","P18-1043","0.233766"
"P18-1043","2020.emnlp-main.58","0.233766"
"2020.emnlp-main.58","P18-1213","0.424242"
"P18-1213","2020.emnlp-main.58","0.424242"
"2020.emnlp-main.58","W17-0907","0.0909091"
"W17-0907","2020.emnlp-main.58","0.0909091"
"2021.acl-long.549","2021.findings-acl.107","0.0909091"
"2021.findings-acl.107","2021.acl-long.549","0.0909091"
"2021.acl-long.549","D17-1195","0.0909091"
"D17-1195","2021.acl-long.549","0.0909091"
"2021.acl-long.549","D18-1009","0.190909"
"D18-1009","2021.acl-long.549","0.190909"
"2021.acl-long.549","K17-1004","0.0909091"
"K17-1004","2021.acl-long.549","0.0909091"
"2021.acl-long.549","P18-1043","0.0909091"
"P18-1043","2021.acl-long.549","0.0909091"
"2021.acl-long.549","P18-1213","0.0909091"
"P18-1213","2021.acl-long.549","0.0909091"
"2021.acl-long.549","W17-0907","0.0909091"
"W17-0907","2021.acl-long.549","0.0909091"
"2021.findings-acl.107","2021.findings-emnlp.184","0.0909091"
"2021.findings-emnlp.184","2021.findings-acl.107","0.0909091"
"2021.findings-acl.107","D17-1195","0.0909091"
"D17-1195","2021.findings-acl.107","0.0909091"
"2021.findings-acl.107","D18-1009","0.0909091"
"D18-1009","2021.findings-acl.107","0.0909091"
"2021.findings-acl.107","D19-1509","0.157576"
"D19-1509","2021.findings-acl.107","0.157576"
"2021.findings-acl.107","K17-1004","0.0909091"
"K17-1004","2021.findings-acl.107","0.0909091"
"2021.findings-acl.107","P18-1043","0.0909091"
"P18-1043","2021.findings-acl.107","0.0909091"
"2021.findings-acl.107","P18-1213","0.0909091"
"P18-1213","2021.findings-acl.107","0.0909091"
"2021.findings-acl.107","W17-0907","0.0909091"
"W17-0907","2021.findings-acl.107","0.0909091"
"2021.findings-emnlp.184","D17-1195","1.34091"
"D17-1195","2021.findings-emnlp.184","1.34091"
"2021.findings-emnlp.184","K17-1004","0.0909091"
"K17-1004","2021.findings-emnlp.184","0.0909091"
"2021.findings-emnlp.184","P18-1043","0.0909091"
"P18-1043","2021.findings-emnlp.184","0.0909091"
"2021.findings-emnlp.184","W17-0907","0.0909091"
"W17-0907","2021.findings-emnlp.184","0.0909091"
"D17-1195","D18-1009","0.162338"
"D18-1009","D17-1195","0.162338"
"D17-1195","D19-1509","0.162338"
"D19-1509","D17-1195","0.162338"
"D17-1195","K17-1004","0.290909"
"K17-1004","D17-1195","0.290909"
"D17-1195","P18-1043","0.0909091"
"P18-1043","D17-1195","0.0909091"
"D17-1195","P18-1213","0.362338"
"P18-1213","D17-1195","0.362338"
"D17-1195","W17-0907","0.290909"
"W17-0907","D17-1195","0.290909"
"D18-1009","D19-1509","0.162338"
"D19-1509","D18-1009","0.162338"
"D18-1009","K17-1004","1.73377"
"K17-1004","D18-1009","1.73377"
"D18-1009","P18-1213","0.162338"
"P18-1213","D18-1009","0.162338"
"D19-1509","K17-1004","0.0909091"
"K17-1004","D19-1509","0.0909091"
"D19-1509","P18-1043","0.0909091"
"P18-1043","D19-1509","0.0909091"
"D19-1509","W17-0907","0.0909091"
"W17-0907","D19-1509","0.0909091"
"K17-1004","P18-1043","0.233766"
"P18-1043","K17-1004","0.233766"
"K17-1004","P18-1213","1.29091"
"P18-1213","K17-1004","1.29091"
"K17-1004","W17-0907","4.29091"
"W17-0907","K17-1004","4.29091"
"P18-1043","P18-1213","2.09091"
"P18-1213","P18-1043","2.09091"
"P18-1043","W17-0907","0.0909091"
"W17-0907","P18-1043","0.0909091"
"P18-1213","W17-0907","0.290909"
"W17-0907","P18-1213","0.290909"
"D19-1243","Q19-1014","4.2"
"Q19-1014","D19-1243","4.2"
"2020.emnlp-main.48","2020.emnlp-main.602","0.2"
"2020.emnlp-main.602","2020.emnlp-main.48","0.2"
"2020.emnlp-main.48","2020.findings-emnlp.301","0.2"
"2020.findings-emnlp.301","2020.emnlp-main.48","0.2"
"2020.emnlp-main.48","2021.acl-long.158","0.2"
"2021.acl-long.158","2020.emnlp-main.48","0.2"
"2020.emnlp-main.48","2021.eacl-main.274","0.2"
"2021.eacl-main.274","2020.emnlp-main.48","0.2"
"2020.emnlp-main.602","2020.findings-emnlp.301","0.533333"
"2020.findings-emnlp.301","2020.emnlp-main.602","0.533333"
"2020.emnlp-main.602","2021.eacl-main.274","0.2"
"2021.eacl-main.274","2020.emnlp-main.602","0.2"
"2020.emnlp-main.602","2021.emnlp-main.54","0.2"
"2021.emnlp-main.54","2020.emnlp-main.602","0.2"
"2020.findings-emnlp.301","2021.acl-long.158","0.2"
"2021.acl-long.158","2020.findings-emnlp.301","0.2"
"2020.findings-emnlp.301","2021.emnlp-main.54","0.2"
"2021.emnlp-main.54","2020.findings-emnlp.301","0.2"
"2021.acl-long.158","2021.eacl-main.274","0.2"
"2021.eacl-main.274","2021.acl-long.158","0.2"
"2021.acl-long.158","2021.emnlp-main.54","0.2"
"2021.emnlp-main.54","2021.acl-long.158","0.2"
"2021.eacl-main.274","2021.emnlp-main.54","0.2"
"2021.emnlp-main.54","2021.eacl-main.274","0.2"
"2020.emnlp-main.48","P18-1043","1"
"P18-1043","2020.emnlp-main.48","1"
"2020.emnlp-main.48","2021.emnlp-main.564","1"
"2021.emnlp-main.564","2020.emnlp-main.48","1"
"2020.emnlp-main.58","2020.emnlp-main.602","0.833333"
"2020.emnlp-main.602","2020.emnlp-main.58","0.833333"
"2020.emnlp-main.58","2020.findings-emnlp.301","0.333333"
"2020.findings-emnlp.301","2020.emnlp-main.58","0.333333"
"2020.emnlp-main.602","P18-1213","0.404762"
"P18-1213","2020.emnlp-main.602","0.404762"
"2020.findings-emnlp.301","P18-1213","0.833333"
"P18-1213","2020.findings-emnlp.301","0.833333"
"2020.emnlp-main.58","2020.emnlp-main.746","0.142857"
"2020.emnlp-main.746","2020.emnlp-main.58","0.142857"
"2020.emnlp-main.58","2020.findings-emnlp.253","0.142857"
"2020.findings-emnlp.253","2020.emnlp-main.58","0.142857"
"2020.emnlp-main.58","P18-1152","0.209524"
"P18-1152","2020.emnlp-main.58","0.209524"
"2020.emnlp-main.746","2020.findings-emnlp.253","0.242857"
"2020.findings-emnlp.253","2020.emnlp-main.746","0.242857"
"2020.emnlp-main.746","D18-1009","1.94286"
"D18-1009","2020.emnlp-main.746","1.94286"
"2020.emnlp-main.746","K17-1004","0.142857"
"K17-1004","2020.emnlp-main.746","0.142857"
"2020.emnlp-main.746","P18-1043","0.142857"
"P18-1043","2020.emnlp-main.746","0.142857"
"2020.emnlp-main.746","P18-1152","0.342857"
"P18-1152","2020.emnlp-main.746","0.342857"
"2020.findings-emnlp.253","D18-1009","0.242857"
"D18-1009","2020.findings-emnlp.253","0.242857"
"2020.findings-emnlp.253","K17-1004","0.142857"
"K17-1004","2020.findings-emnlp.253","0.142857"
"2020.findings-emnlp.253","P18-1043","0.142857"
"P18-1043","2020.findings-emnlp.253","0.142857"
"2020.findings-emnlp.253","P18-1152","0.142857"
"P18-1152","2020.findings-emnlp.253","0.142857"
"2020.findings-emnlp.90","K17-1004","0.142857"
"K17-1004","2020.findings-emnlp.90","0.142857"
"2020.findings-emnlp.90","P18-1043","0.142857"
"P18-1043","2020.findings-emnlp.90","0.142857"
"2020.findings-emnlp.90","P18-1152","0.142857"
"P18-1152","2020.findings-emnlp.90","0.142857"
"D18-1009","P18-1152","1.41429"
"P18-1152","D18-1009","1.41429"
"K17-1004","P18-1152","0.342857"
"P18-1152","K17-1004","0.342857"
"P18-1043","P18-1152","0.642857"
"P18-1152","P18-1043","0.642857"
"2020.emnlp-main.58","P16-1167","0.5"
"P16-1167","2020.emnlp-main.58","0.5"
"2020.emnlp-main.58","Q19-1014","0.25"
"Q19-1014","2020.emnlp-main.58","0.25"
"2021.findings-emnlp.184","P16-1167","2"
"P16-1167","2021.findings-emnlp.184","2"
"D17-1195","P16-1167","0.25"
"P16-1167","D17-1195","0.25"
"D17-1195","Q19-1014","0.25"
"Q19-1014","D17-1195","0.25"
"P16-1167","Q19-1014","0.25"
"Q19-1014","P16-1167","0.25"
"2020.emnlp-main.602","D19-1509","0.571429"
"D19-1509","2020.emnlp-main.602","0.571429"
"2020.emnlp-main.58","2020.findings-emnlp.418","1.4"
"2020.findings-emnlp.418","2020.emnlp-main.58","1.4"
"2020.emnlp-main.58","2021.acl-long.159","0.0666667"
"2021.acl-long.159","2020.emnlp-main.58","0.0666667"
"2020.emnlp-main.58","2021.emnlp-main.595","0.0666667"
"2021.emnlp-main.595","2020.emnlp-main.58","0.0666667"
"2020.emnlp-main.58","N15-1053","0.0666667"
"N15-1053","2020.emnlp-main.58","0.0666667"
"2020.emnlp-main.58","N18-1016","0.0666667"
"N18-1016","2020.emnlp-main.58","0.0666667"
"2020.emnlp-main.58","P12-1038","0.0666667"
"P12-1038","2020.emnlp-main.58","0.0666667"
"2020.emnlp-main.58","P17-1014","0.0666667"
"P17-1014","2020.emnlp-main.58","0.0666667"
"2020.emnlp-main.58","Q14-1028","0.0666667"
"Q14-1028","2020.emnlp-main.58","0.0666667"
"2020.emnlp-main.58","W11-0326","0.0666667"
"W11-0326","2020.emnlp-main.58","0.0666667"
"2020.findings-emnlp.165","2020.findings-emnlp.418","0.316667"
"2020.findings-emnlp.418","2020.findings-emnlp.165","0.316667"
"2020.findings-emnlp.165","2021.emnlp-main.595","0.4"
"2021.emnlp-main.595","2020.findings-emnlp.165","0.4"
"2020.findings-emnlp.165","2021.findings-acl.107","0.316667"
"2021.findings-acl.107","2020.findings-emnlp.165","0.316667"
"2020.findings-emnlp.165","N15-1053","0.0666667"
"N15-1053","2020.findings-emnlp.165","0.0666667"
"2020.findings-emnlp.165","N18-1016","0.316667"
"N18-1016","2020.findings-emnlp.165","0.316667"
"2020.findings-emnlp.165","P12-1038","0.0666667"
"P12-1038","2020.findings-emnlp.165","0.0666667"
"2020.findings-emnlp.165","P17-1014","0.266667"
"P17-1014","2020.findings-emnlp.165","0.266667"
"2020.findings-emnlp.165","P18-1152","1.06667"
"P18-1152","2020.findings-emnlp.165","1.06667"
"2020.findings-emnlp.165","Q14-1028","0.0666667"
"Q14-1028","2020.findings-emnlp.165","0.0666667"
"2020.findings-emnlp.165","W11-0326","0.0666667"
"W11-0326","2020.findings-emnlp.165","0.0666667"
"2020.findings-emnlp.418","2021.acl-long.159","0.0666667"
"2021.acl-long.159","2020.findings-emnlp.418","0.0666667"
"2020.findings-emnlp.418","2021.emnlp-main.595","0.0666667"
"2021.emnlp-main.595","2020.findings-emnlp.418","0.0666667"
"2020.findings-emnlp.418","2021.findings-acl.107","0.316667"
"2021.findings-acl.107","2020.findings-emnlp.418","0.316667"
"2020.findings-emnlp.418","D19-1243","0.0666667"
"D19-1243","2020.findings-emnlp.418","0.0666667"
"2020.findings-emnlp.418","D19-1509","0.0666667"
"D19-1509","2020.findings-emnlp.418","0.0666667"
"2020.findings-emnlp.418","N15-1053","0.0666667"
"N15-1053","2020.findings-emnlp.418","0.0666667"
"2020.findings-emnlp.418","N18-1016","0.316667"
"N18-1016","2020.findings-emnlp.418","0.316667"
"2020.findings-emnlp.418","P12-1038","0.0666667"
"P12-1038","2020.findings-emnlp.418","0.0666667"
"2020.findings-emnlp.418","P17-1014","0.0666667"
"P17-1014","2020.findings-emnlp.418","0.0666667"
"2020.findings-emnlp.418","P18-1152","1.26667"
"P18-1152","2020.findings-emnlp.418","1.26667"
"2020.findings-emnlp.418","P19-1539","0.0666667"
"P19-1539","2020.findings-emnlp.418","0.0666667"
"2020.findings-emnlp.418","Q14-1028","0.0666667"
"Q14-1028","2020.findings-emnlp.418","0.0666667"
"2020.findings-emnlp.418","W11-0326","0.0666667"
"W11-0326","2020.findings-emnlp.418","0.0666667"
"2021.acl-long.159","2021.findings-acl.107","0.0666667"
"2021.findings-acl.107","2021.acl-long.159","0.0666667"
"2021.acl-long.159","N15-1053","0.0666667"
"N15-1053","2021.acl-long.159","0.0666667"
"2021.acl-long.159","N18-1016","0.0666667"
"N18-1016","2021.acl-long.159","0.0666667"
"2021.acl-long.159","P12-1038","0.0666667"
"P12-1038","2021.acl-long.159","0.0666667"
"2021.acl-long.159","P17-1014","0.0666667"
"P17-1014","2021.acl-long.159","0.0666667"
"2021.acl-long.159","P18-1152","0.0666667"
"P18-1152","2021.acl-long.159","0.0666667"
"2021.acl-long.159","Q14-1028","0.0666667"
"Q14-1028","2021.acl-long.159","0.0666667"
"2021.acl-long.159","W11-0326","0.0666667"
"W11-0326","2021.acl-long.159","0.0666667"
"2021.emnlp-main.595","2021.findings-acl.107","0.0666667"
"2021.findings-acl.107","2021.emnlp-main.595","0.0666667"
"2021.emnlp-main.595","D19-1243","0.0666667"
"D19-1243","2021.emnlp-main.595","0.0666667"
"2021.emnlp-main.595","N15-1053","0.0666667"
"N15-1053","2021.emnlp-main.595","0.0666667"
"2021.emnlp-main.595","N18-1016","0.0666667"
"N18-1016","2021.emnlp-main.595","0.0666667"
"2021.emnlp-main.595","P12-1038","0.0666667"
"P12-1038","2021.emnlp-main.595","0.0666667"
"2021.emnlp-main.595","P17-1014","0.0666667"
"P17-1014","2021.emnlp-main.595","0.0666667"
"2021.emnlp-main.595","P18-1152","0.0666667"
"P18-1152","2021.emnlp-main.595","0.0666667"
"2021.emnlp-main.595","Q14-1028","0.0666667"
"Q14-1028","2021.emnlp-main.595","0.0666667"
"2021.emnlp-main.595","W11-0326","0.0666667"
"W11-0326","2021.emnlp-main.595","0.0666667"
"2021.findings-acl.107","D19-1243","0.0666667"
"D19-1243","2021.findings-acl.107","0.0666667"
"2021.findings-acl.107","N15-1053","0.0666667"
"N15-1053","2021.findings-acl.107","0.0666667"
"2021.findings-acl.107","N18-1016","0.316667"
"N18-1016","2021.findings-acl.107","0.316667"
"2021.findings-acl.107","P12-1038","0.0666667"
"P12-1038","2021.findings-acl.107","0.0666667"
"2021.findings-acl.107","P17-1014","0.0666667"
"P17-1014","2021.findings-acl.107","0.0666667"
"2021.findings-acl.107","P18-1152","0.0666667"
"P18-1152","2021.findings-acl.107","0.0666667"
"2021.findings-acl.107","P19-1539","0.0666667"
"P19-1539","2021.findings-acl.107","0.0666667"
"2021.findings-acl.107","Q14-1028","0.0666667"
"Q14-1028","2021.findings-acl.107","0.0666667"
"2021.findings-acl.107","W11-0326","0.0666667"
"W11-0326","2021.findings-acl.107","0.0666667"
"D19-1243","N15-1053","0.0666667"
"N15-1053","D19-1243","0.0666667"
"D19-1243","N18-1016","0.0666667"
"N18-1016","D19-1243","0.0666667"
"D19-1243","P12-1038","0.0666667"
"P12-1038","D19-1243","0.0666667"
"D19-1243","P17-1014","0.0666667"
