"131967141","2004699875","0.715909"
"2004699875","131967141","0.715909"
"131967141","2043117781","0.858766"
"2043117781","131967141","0.858766"
"131967141","2088159747","0.681818"
"2088159747","131967141","0.681818"
"2004699875","2043117781","5.57897"
"2043117781","2004699875","5.57897"
"2004699875","2088159747","1.42821"
"2088159747","2004699875","1.42821"
"2043117781","2088159747","0.70202"
"2088159747","2043117781","0.70202"
"131967141","2054505740","0.233766"
"2054505740","131967141","0.233766"
"131967141","2065652560","0.267857"
"2065652560","131967141","0.267857"
"131967141","2249542348","0.324675"
"2249542348","131967141","0.324675"
"131967141","2411740706","0.358766"
"2411740706","131967141","0.358766"
"131967141","2440730883","0.358766"
"2440730883","131967141","0.358766"
"131967141","885593463","0.358766"
"885593463","131967141","0.358766"
"2043117781","2054505740","1.65996"
"2054505740","2043117781","1.65996"
"2043117781","2065652560","5.12738"
"2065652560","2043117781","5.12738"
"2043117781","2249542348","1.10996"
"2249542348","2043117781","1.10996"
"2043117781","2411740706","1.25877"
"2411740706","2043117781","1.25877"
"2043117781","2440730883","0.701623"
"2440730883","2043117781","0.701623"
"2043117781","885593463","0.775433"
"885593463","2043117781","0.775433"
"2054505740","2065652560","0.785714"
"2065652560","2054505740","0.785714"
"2054505740","2249542348","0.433766"
"2249542348","2054505740","0.433766"
"2054505740","2411740706","0.433766"
"2411740706","2054505740","0.433766"
"2054505740","2440730883","0.433766"
"2440730883","2054505740","0.433766"
"2054505740","885593463","0.233766"
"885593463","2054505740","0.233766"
"2065652560","2249542348","0.309524"
"2249542348","2065652560","0.309524"
"2065652560","2411740706","0.267857"
"2411740706","2065652560","0.267857"
"2065652560","2440730883","0.267857"
"2440730883","2065652560","0.267857"
"2065652560","885593463","0.267857"
"885593463","2065652560","0.267857"
"2249542348","2411740706","2.4671"
"2411740706","2249542348","2.4671"
"2249542348","2440730883","3.15996"
"2440730883","2249542348","3.15996"
"2249542348","885593463","0.983766"
"885593463","2249542348","0.983766"
"2411740706","2440730883","2.3921"
"2440730883","2411740706","2.3921"
"2411740706","885593463","0.9421"
"885593463","2411740706","0.9421"
"2440730883","885593463","0.9421"
"885593463","2440730883","0.9421"
"131967141","1484188777","0.257576"
"1484188777","131967141","0.257576"
"131967141","1975125888","0.306818"
"1975125888","131967141","0.306818"
"131967141","2145459259","0.473485"
"2145459259","131967141","0.473485"
"131967141","2615250133","0.0909091"
"2615250133","131967141","0.0909091"
"1484188777","1975125888","0.190909"
"1975125888","1484188777","0.190909"
"1484188777","2043117781","2.10758"
"2043117781","1484188777","2.10758"
"1484188777","2054505740","0.0909091"
"2054505740","1484188777","0.0909091"
"1484188777","2088159747","0.257576"
"2088159747","1484188777","0.257576"
"1484188777","2145459259","0.857576"
"2145459259","1484188777","0.857576"
"1484188777","2249542348","0.0909091"
"2249542348","1484188777","0.0909091"
"1484188777","2411740706","0.0909091"
"2411740706","1484188777","0.0909091"
"1484188777","2440730883","0.0909091"
"2440730883","1484188777","0.0909091"
"1484188777","2615250133","0.0909091"
"2615250133","1484188777","0.0909091"
"1484188777","885593463","0.0909091"
"885593463","1484188777","0.0909091"
"1975125888","2043117781","2.56988"
"2043117781","1975125888","2.56988"
"1975125888","2054505740","0.0909091"
"2054505740","1975125888","0.0909091"
"1975125888","2088159747","0.435786"
"2088159747","1975125888","0.435786"
"1975125888","2145459259","4.33698"
"2145459259","1975125888","4.33698"
"1975125888","2249542348","2.15801"
"2249542348","1975125888","2.15801"
"1975125888","2411740706","0.465909"
"2411740706","1975125888","0.465909"
"1975125888","2440730883","0.858766"
"2440730883","1975125888","0.858766"
"1975125888","2615250133","0.0909091"
"2615250133","1975125888","0.0909091"
"1975125888","885593463","0.382576"
"885593463","1975125888","0.382576"
"2043117781","2145459259","5.06988"
"2145459259","2043117781","5.06988"
"2043117781","2615250133","0.340909"
"2615250133","2043117781","0.340909"
"2054505740","2088159747","0.0909091"
"2088159747","2054505740","0.0909091"
"2054505740","2145459259","0.340909"
"2145459259","2054505740","0.340909"
"2054505740","2615250133","0.0909091"
"2615250133","2054505740","0.0909091"
"2088159747","2145459259","0.852453"
"2145459259","2088159747","0.852453"
"2088159747","2249542348","0.181818"
"2249542348","2088159747","0.181818"
"2088159747","2411740706","0.0909091"
"2411740706","2088159747","0.0909091"
"2088159747","2440730883","0.0909091"
"2440730883","2088159747","0.0909091"
"2088159747","2615250133","0.924242"
"2615250133","2088159747","0.924242"
"2088159747","885593463","0.924242"
"885593463","2088159747","0.924242"
"2145459259","2249542348","0.741342"
"2249542348","2145459259","0.741342"
"2145459259","2411740706","0.715909"
"2411740706","2145459259","0.715909"
"2145459259","2440730883","0.608766"
"2440730883","2145459259","0.608766"
"2145459259","2615250133","0.674242"
"2615250133","2145459259","0.674242"
"2145459259","885593463","0.465909"
"885593463","2145459259","0.465909"
"2249542348","2615250133","0.0909091"
"2615250133","2249542348","0.0909091"
"2411740706","2615250133","0.0909091"
"2615250133","2411740706","0.0909091"
"2440730883","2615250133","0.0909091"
"2615250133","2440730883","0.0909091"
"2615250133","885593463","1.17424"
"885593463","2615250133","1.17424"
"1975125888","2004699875","3.40321"
"2004699875","1975125888","3.40321"
"1975125888","2065652560","0.558333"
"2065652560","1975125888","0.558333"
"2004699875","2065652560","0.734524"
"2065652560","2004699875","0.734524"
"2004699875","2145459259","5.73654"
"2145459259","2004699875","5.73654"
"2004699875","2411740706","2.275"
"2411740706","2004699875","2.275"
"2004699875","2440730883","0.575"
"2440730883","2004699875","0.575"
"2004699875","885593463","1.875"
"885593463","2004699875","1.875"
"2065652560","2145459259","0.558333"
"2145459259","2065652560","0.558333"
"131967141","1649492015","0.0909091"
"1649492015","131967141","0.0909091"
"131967141","17135638","0.0909091"
"17135638","131967141","0.0909091"
"131967141","206006189","0.0909091"
"206006189","131967141","0.0909091"
"131967141","2081999619","0.0909091"
"2081999619","131967141","0.0909091"
"131967141","2163349727","0.0909091"
"2163349727","131967141","0.0909091"
"131967141","2164121405","0.257576"
"2164121405","131967141","0.257576"
"1649492015","17135638","0.20202"
"17135638","1649492015","0.20202"
"1649492015","1975125888","0.444877"
"1975125888","1649492015","0.444877"
"1649492015","2004699875","0.694877"
"2004699875","1649492015","0.694877"
"1649492015","206006189","0.20202"
"206006189","1649492015","0.20202"
"1649492015","2081999619","0.444877"
"2081999619","1649492015","0.444877"
"1649492015","2088159747","0.344877"
"2088159747","1649492015","0.344877"
"1649492015","2145459259","1.19488"
"2145459259","1649492015","1.19488"
"1649492015","2163349727","0.233766"
"2163349727","1649492015","0.233766"
"1649492015","2164121405","0.333766"
"2164121405","1649492015","0.333766"
"1649492015","2249542348","0.0909091"
"2249542348","1649492015","0.0909091"
"17135638","1975125888","0.30202"
"1975125888","17135638","0.30202"
"17135638","2004699875","0.885354"
"2004699875","17135638","0.885354"
"17135638","206006189","0.20202"
"206006189","17135638","0.20202"
"17135638","2081999619","0.20202"
"2081999619","17135638","0.20202"
"17135638","2088159747","0.20202"
"2088159747","17135638","0.20202"
"17135638","2145459259","0.885354"
"2145459259","17135638","0.885354"
"17135638","2163349727","0.190909"
"2163349727","17135638","0.190909"
"17135638","2164121405","0.340909"
"2164121405","17135638","0.340909"
"17135638","2249542348","0.0909091"
"2249542348","17135638","0.0909091"
"1975125888","206006189","0.568687"
"206006189","1975125888","0.568687"
"1975125888","2081999619","0.778211"
"2081999619","1975125888","0.778211"
"1975125888","2163349727","0.500433"
"2163349727","1975125888","0.500433"
"1975125888","2164121405","0.783766"
"2164121405","1975125888","0.783766"
"2004699875","206006189","0.368687"
"206006189","2004699875","0.368687"
"2004699875","2081999619","0.611544"
"2081999619","2004699875","0.611544"
"2004699875","2163349727","0.500433"
"2163349727","2004699875","0.500433"
"2004699875","2164121405","2.45043"
"2164121405","2004699875","2.45043"
"2004699875","2249542348","0.907576"
"2249542348","2004699875","0.907576"
"206006189","2081999619","0.368687"
"2081999619","206006189","0.368687"
"206006189","2088159747","0.20202"
"2088159747","206006189","0.20202"
"206006189","2145459259","0.568687"
"2145459259","206006189","0.568687"
"206006189","2163349727","0.0909091"
"2163349727","206006189","0.0909091"
"206006189","2164121405","0.0909091"
"2164121405","206006189","0.0909091"
"206006189","2249542348","0.0909091"
"2249542348","206006189","0.0909091"
"2081999619","2088159747","0.344877"
"2088159747","2081999619","0.344877"
"2081999619","2145459259","0.778211"
"2145459259","2081999619","0.778211"
"2081999619","2163349727","0.233766"
"2163349727","2081999619","0.233766"
"2081999619","2164121405","0.333766"
"2164121405","2081999619","0.333766"
"2081999619","2249542348","1.25758"
"2249542348","2081999619","1.25758"
"2088159747","2163349727","0.233766"
"2163349727","2088159747","0.233766"
"2088159747","2164121405","0.650433"
"2164121405","2088159747","0.650433"
"2145459259","2163349727","0.500433"
"2163349727","2145459259","0.500433"
"2145459259","2164121405","2.45043"
"2164121405","2145459259","2.45043"
"2163349727","2164121405","0.233766"
"2164121405","2163349727","0.233766"
"2163349727","2249542348","0.0909091"
"2249542348","2163349727","0.0909091"
"2164121405","2249542348","0.0909091"
"2249542348","2164121405","0.0909091"
"1484188777","2004699875","0.766667"
"2004699875","1484188777","0.766667"
"1484188777","2164121405","0.416667"
"2164121405","1484188777","0.416667"
"2043117781","2164121405","0.466667"
"2164121405","2043117781","0.466667"
"1482395559","1975125888","0.142857"
"1975125888","1482395559","0.142857"
"1482395559","2043117781","0.142857"
"2043117781","1482395559","0.142857"
"1482395559","2145459259","0.142857"
"2145459259","1482395559","0.142857"
"1482395559","2244913846","0.142857"
"2244913846","1482395559","0.142857"
"1482395559","2249542348","0.142857"
"2249542348","1482395559","0.142857"
"1482395559","2401643088","0.142857"
"2401643088","1482395559","0.142857"
"1482395559","2440730883","0.142857"
"2440730883","1482395559","0.142857"
"1975125888","2244913846","0.142857"
"2244913846","1975125888","0.142857"
"1975125888","2401643088","0.559524"
"2401643088","1975125888","0.559524"
"2043117781","2244913846","0.142857"
"2244913846","2043117781","0.142857"
"2043117781","2401643088","0.309524"
"2401643088","2043117781","0.309524"
"2145459259","2244913846","0.142857"
"2244913846","2145459259","0.142857"
"2145459259","2401643088","0.559524"
"2401643088","2145459259","0.559524"
"2244913846","2249542348","0.142857"
"2249542348","2244913846","0.142857"
"2244913846","2401643088","0.142857"
"2401643088","2244913846","0.142857"
"2244913846","2440730883","0.142857"
"2440730883","2244913846","0.142857"
"2249542348","2401643088","0.559524"
"2401643088","2249542348","0.559524"
"2401643088","2440730883","0.392857"
"2440730883","2401643088","0.392857"
"1484188777","3462311","2.1"
"3462311","1484188777","2.1"
"1484188777","17135638","0.35"
"17135638","1484188777","0.35"
"1484188777","1554442705","0.1"
"1554442705","1484188777","0.1"
"1484188777","2065652560","0.1"
"2065652560","1484188777","0.1"
"1484188777","2119436942","0.1"
"2119436942","1484188777","0.1"
"1484188777","2163349727","0.1"
"2163349727","1484188777","0.1"
"1554442705","17135638","0.1"
"17135638","1554442705","0.1"
"1554442705","1975125888","0.1"
"1975125888","1554442705","0.1"
"1554442705","2004699875","0.1"
"2004699875","1554442705","0.1"
"1554442705","2043117781","1.1"
"2043117781","1554442705","1.1"
"1554442705","2065652560","0.1"
"2065652560","1554442705","0.1"
"1554442705","2119436942","0.1"
"2119436942","1554442705","0.1"
"1554442705","2145459259","0.1"
"2145459259","1554442705","0.1"
"1554442705","2163349727","0.1"
"2163349727","1554442705","0.1"
"1554442705","3462311","0.1"
"3462311","1554442705","0.1"
"17135638","2043117781","0.211111"
"2043117781","17135638","0.211111"
"17135638","2065652560","0.1"
"2065652560","17135638","0.1"
"17135638","2119436942","0.1"
"2119436942","17135638","0.1"
"17135638","3462311","0.1"
"3462311","17135638","0.1"
"1975125888","2119436942","0.1"
"2119436942","1975125888","0.1"
"1975125888","3462311","0.1"
"3462311","1975125888","0.1"
"2004699875","2119436942","0.1"
"2119436942","2004699875","0.1"
"2004699875","3462311","0.1"
"3462311","2004699875","0.1"
"2043117781","2119436942","0.933333"
"2119436942","2043117781","0.933333"
"2043117781","2163349727","1.35"
"2163349727","2043117781","1.35"
"2043117781","3462311","1.26667"
"3462311","2043117781","1.26667"
"2065652560","2119436942","0.933333"
"2119436942","2065652560","0.933333"
"2065652560","2163349727","0.516667"
"2163349727","2065652560","0.516667"
"2065652560","3462311","0.766667"
"3462311","2065652560","0.766667"
"2119436942","2145459259","0.1"
"2145459259","2119436942","0.1"
"2119436942","2163349727","0.1"
"2163349727","2119436942","0.1"
"2119436942","3462311","0.433333"
"3462311","2119436942","0.433333"
"2145459259","3462311","0.1"
"3462311","2145459259","0.1"
"2163349727","3462311","0.1"
"3462311","2163349727","0.1"
"1484188777","1649492015","0.25"
"1649492015","1484188777","0.25"
"1649492015","2043117781","0.461111"
"2043117781","1649492015","0.461111"
"1484188777","1938446369","0.5"
"1938446369","1484188777","0.5"
"1938446369","3462311","0.5"
"3462311","1938446369","0.5"
"1487877548","1551778530","2.83333"
"1551778530","1487877548","2.83333"
"1487877548","2054505740","1.80952"
"2054505740","1487877548","1.80952"
"1551778530","2054505740","0.833333"
"2054505740","1551778530","0.833333"
"1487877548","1565830781","5.33333"
"1565830781","1487877548","5.33333"
"1487877548","2106619679","3.39286"
"2106619679","1487877548","3.39286"
"1565830781","2054505740","0.833333"
"2054505740","1565830781","0.833333"
"1565830781","2106619679","0.833333"
"2106619679","1565830781","0.833333"
"2054505740","2106619679","2.22619"
"2106619679","2054505740","2.22619"
"1487877548","2043117781","5.89286"
"2043117781","1487877548","5.89286"
"1487877548","2065652560","1.05952"
"2065652560","1487877548","1.05952"
"1487877548","3462311","0.333333"
"3462311","1487877548","0.333333"
"1487877548","1537272913","0.142857"
"1537272913","1487877548","0.142857"
"1487877548","2004699875","0.142857"
"2004699875","1487877548","0.142857"
"1487877548","2009390632","0.72619"
"2009390632","1487877548","0.72619"
"1537272913","2004699875","1.00952"
"2004699875","1537272913","1.00952"
"1537272913","2009390632","1.59286"
"2009390632","1537272913","1.59286"
"1537272913","2043117781","1.25952"
"2043117781","1537272913","1.25952"
"1537272913","2054505740","0.142857"
"2054505740","1537272913","0.142857"
"1537272913","2065652560","0.342857"
"2065652560","1537272913","0.342857"
"1537272913","2106619679","0.792857"
"2106619679","1537272913","0.792857"
"2004699875","2009390632","2.20952"
"2009390632","2004699875","2.20952"
"2004699875","2054505740","0.342857"
"2054505740","2004699875","0.342857"
"2004699875","2106619679","1.97619"
"2106619679","2004699875","1.97619"
"2009390632","2043117781","3.62619"
"2043117781","2009390632","3.62619"
"2009390632","2054505740","1.64286"
"2054505740","2009390632","1.64286"
"2009390632","2065652560","1.00952"
"2065652560","2009390632","1.00952"
"2009390632","2106619679","4.95952"
"2106619679","2009390632","4.95952"
"2043117781","2106619679","5.30952"
"2106619679","2043117781","5.30952"
"2065652560","2106619679","1.59286"
"2106619679","2065652560","1.59286"
"1487877548","2023463742","0.333333"
"2023463742","1487877548","0.333333"
"1551778530","2023463742","0.333333"
"2023463742","1551778530","0.333333"
"2023463742","2054505740","0.333333"
"2054505740","2023463742","0.333333"
"1537272913","2088159747","0.25"
"2088159747","1537272913","0.25"
"1537272913","2145459259","1.11667"
"2145459259","1537272913","1.11667"
"1537272913","2164121405","0.25"
"2164121405","1537272913","0.25"
"1537272913","1975125888","1.36667"
"1975125888","1537272913","1.36667"
"1537272913","206006189","0.366667"
"206006189","1537272913","0.366667"
"1537272913","2288986418","0.2"
"2288986418","1537272913","0.2"
"1975125888","2106619679","3.16667"
"2106619679","1975125888","3.16667"
"1975125888","2288986418","2.36667"
"2288986418","1975125888","2.36667"
"206006189","2106619679","0.2"
"2106619679","206006189","0.2"
"206006189","2288986418","0.2"
"2288986418","206006189","0.2"
"2106619679","2145459259","1.16667"
"2145459259","2106619679","1.16667"
"2106619679","2288986418","0.7"
"2288986418","2106619679","0.7"
"2145459259","2288986418","0.2"
"2288986418","2145459259","0.2"
"1537272913","2081999619","0.166667"
"2081999619","1537272913","0.166667"
"2043117781","206006189","0.277778"
"206006189","2043117781","0.277778"
"2043117781","2081999619","0.544444"
"2081999619","2043117781","0.544444"
"1649492015","1767517642","0.211111"
"1767517642","1649492015","0.211111"
"1649492015","1938446369","0.1"
"1938446369","1649492015","0.1"
"1649492015","2106619679","0.1"
"2106619679","1649492015","0.1"
"1649492015","87855037","0.1"
"87855037","1649492015","0.1"
"1767517642","1938446369","0.1"
"1938446369","1767517642","0.1"
"1767517642","1975125888","0.411111"
"1975125888","1767517642","0.411111"
"1767517642","2004699875","0.411111"
"2004699875","1767517642","0.411111"
"1767517642","2043117781","0.411111"
"2043117781","1767517642","0.411111"
"1767517642","2081999619","0.211111"
"2081999619","1767517642","0.211111"
"1767517642","2106619679","0.1"
"2106619679","1767517642","0.1"
"1767517642","2145459259","0.411111"
"2145459259","1767517642","0.411111"
"1767517642","2164121405","0.3"
"2164121405","1767517642","0.3"
"1767517642","87855037","0.1"
"87855037","1767517642","0.1"
"1938446369","1975125888","0.35"
"1975125888","1938446369","0.35"
"1938446369","2004699875","0.35"
"2004699875","1938446369","0.35"
"1938446369","2043117781","0.1"
"2043117781","1938446369","0.1"
"1938446369","2081999619","0.1"
"2081999619","1938446369","0.1"
"1938446369","2106619679","0.1"
"2106619679","1938446369","0.1"
"1938446369","2145459259","0.35"
"2145459259","1938446369","0.35"
"1938446369","2164121405","0.35"
"2164121405","1938446369","0.35"
"1938446369","87855037","0.1"
"87855037","1938446369","0.1"
"1975125888","87855037","0.1"
"87855037","1975125888","0.1"
"2004699875","87855037","0.1"
"87855037","2004699875","0.1"
"2043117781","87855037","0.1"
"87855037","2043117781","0.1"
"2081999619","2106619679","0.1"
"2106619679","2081999619","0.1"
"2081999619","87855037","0.1"
"87855037","2081999619","0.1"
"2106619679","2164121405","0.1"
"2164121405","2106619679","0.1"
"2106619679","87855037","0.1"
"87855037","2106619679","0.1"
"2145459259","87855037","0.1"
"87855037","2145459259","0.1"
"2164121405","87855037","0.1"
"87855037","2164121405","0.1"
"17135638","1767517642","0.111111"
"1767517642","17135638","0.111111"
"1767517642","206006189","0.111111"
"206006189","1767517642","0.111111"
"1767517642","2088159747","0.111111"
"2088159747","1767517642","0.111111"
"1649492015","2411740706","0.5"
"2411740706","1649492015","0.5"
"17135638","2615250133","0.333333"
"2615250133","17135638","0.333333"
"2004699875","2615250133","0.916667"
"2615250133","2004699875","0.916667"
"1975125888","2009390632","1.7"
"2009390632","1975125888","1.7"
"2009390632","2145459259","1.7"
"2145459259","2009390632","1.7"
"2043117781","2288986418","0.666667"
"2288986418","2043117781","0.666667"
"2065652560","2081999619","0.166667"
"2081999619","2065652560","0.166667"
"2065652560","2401643088","0.166667"
"2401643088","2065652560","0.166667"
"2081999619","2401643088","0.166667"
"2401643088","2081999619","0.166667"
"1975125888","869308005","0.166667"
"869308005","1975125888","0.166667"
"2004699875","2288986418","0.166667"
"2288986418","2004699875","0.166667"
"2004699875","869308005","0.366667"
"869308005","2004699875","0.366667"
"2043117781","869308005","0.366667"
"869308005","2043117781","0.366667"
"2249542348","2288986418","0.166667"
"2288986418","2249542348","0.166667"
"2249542348","869308005","0.866667"
"869308005","2249542348","0.866667"
"2288986418","869308005","0.166667"
"869308005","2288986418","0.166667"
"2288986418","885593463","0.166667"
"885593463","2288986418","0.166667"
"869308005","885593463","0.166667"
"885593463","869308005","0.166667"
"2009390632","2163349727","0.166667"
"2163349727","2009390632","0.166667"
"2106619679","2163349727","0.416667"
"2163349727","2106619679","0.416667"
"2004699875","2199057127","0.2"
"2199057127","2004699875","0.2"
"2043117781","2199057127","0.2"
"2199057127","2043117781","0.2"
"2199057127","2249542348","0.2"
"2249542348","2199057127","0.2"
"2199057127","2411740706","0.2"
"2411740706","2199057127","0.2"
"2199057127","869308005","0.2"
"869308005","2199057127","0.2"
"2411740706","869308005","0.2"
"869308005","2411740706","0.2"
"2009390632","2108439062","0.333333"
"2108439062","2009390632","0.333333"
"2054505740","2108439062","0.333333"
"2108439062","2054505740","0.333333"
"2106619679","2108439062","0.333333"
"2108439062","2106619679","0.333333"
"2009390632","2044738440","0.333333"
"2044738440","2009390632","0.333333"
"2044738440","2054505740","2.33333"
"2054505740","2044738440","2.33333"
"2044738440","2106619679","0.333333"
"2106619679","2044738440","0.333333"
"2028471130","2054505740","2"
"2054505740","2028471130","2"
"2054505740","2163349727","0.25"
"2163349727","2054505740","0.25"
"2088159747","2199057127","0.333333"
"2199057127","2088159747","0.333333"
"2088159747","3462311","0.333333"
"3462311","2088159747","0.333333"
"2088159747","35925755","0.333333"
"35925755","2088159747","0.333333"
"2199057127","3462311","0.333333"
"3462311","2199057127","0.333333"
"2199057127","35925755","1.33333"
"35925755","2199057127","1.33333"
"3462311","35925755","0.333333"
"35925755","3462311","0.333333"
"2240640875","2249542348","0.25"
"2249542348","2240640875","0.25"
"2240640875","2411740706","0.25"
"2411740706","2240640875","0.25"
"2240640875","2440730883","0.25"
"2440730883","2240640875","0.25"
"2240640875","885593463","0.25"
"885593463","2240640875","0.25"
"2440730883","869308005","0.5"
"869308005","2440730883","0.5"
