"1496970916","1723433588","5.5"
"1723433588","1496970916","5.5"
"1496970916","1539415901","2.95833"
"1539415901","1496970916","2.95833"
"1496970916","2009036829","0.125"
"2009036829","1496970916","0.125"
"1496970916","2102842495","0.125"
"2102842495","1496970916","0.125"
"1496970916","2108746909","0.125"
"2108746909","1496970916","0.125"
"1496970916","2123060058","2.625"
"2123060058","1496970916","2.625"
"1496970916","2123795321","0.125"
"2123795321","1496970916","0.125"
"1496970916","2127151074","0.125"
"2127151074","1496970916","0.125"
"1496970916","2171901130","0.125"
"2171901130","1496970916","0.125"
"1539415901","2009036829","0.125"
"2009036829","1539415901","0.125"
"1539415901","2102842495","0.125"
"2102842495","1539415901","0.125"
"1539415901","2108746909","1.125"
"2108746909","1539415901","1.125"
"1539415901","2123060058","1.075"
"2123060058","1539415901","1.075"
"1539415901","2123795321","0.325"
"2123795321","1539415901","0.325"
"1539415901","2127151074","0.325"
"2127151074","1539415901","0.325"
"1539415901","2171901130","0.325"
"2171901130","1539415901","0.325"
"2009036829","2102842495","0.191667"
"2102842495","2009036829","0.191667"
"2009036829","2108746909","0.125"
"2108746909","2009036829","0.125"
"2009036829","2123060058","3.79167"
"2123060058","2009036829","3.79167"
"2009036829","2123795321","0.125"
"2123795321","2009036829","0.125"
"2009036829","2127151074","0.191667"
"2127151074","2009036829","0.191667"
"2009036829","2171901130","0.191667"
"2171901130","2009036829","0.191667"
"2102842495","2108746909","0.125"
"2108746909","2102842495","0.125"
"2102842495","2123060058","0.575"
"2123060058","2102842495","0.575"
"2102842495","2123795321","0.658333"
"2123795321","2102842495","0.658333"
"2102842495","2127151074","15.8595"
"2127151074","2102842495","15.8595"
"2102842495","2171901130","39.2262"
"2171901130","2102842495","39.2262"
"2108746909","2123060058","0.125"
"2123060058","2108746909","0.125"
"2108746909","2123795321","0.125"
"2123795321","2108746909","0.125"
"2108746909","2127151074","0.125"
"2127151074","2108746909","0.125"
"2108746909","2171901130","0.125"
"2171901130","2108746909","0.125"
"2123060058","2123795321","0.525"
"2123795321","2123060058","0.525"
"2123060058","2127151074","1.025"
"2127151074","2123060058","1.025"
"2123060058","2171901130","1.525"
"2171901130","2123060058","1.525"
"2123795321","2127151074","0.858333"
"2127151074","2123795321","0.858333"
"2123795321","2171901130","0.858333"
"2171901130","2123795321","0.858333"
"2127151074","2171901130","14.1762"
"2171901130","2127151074","14.1762"
"1496970916","2062184932","0.5"
"2062184932","1496970916","0.5"
"1539415901","2062184932","1.5"
"2062184932","1539415901","1.5"
"1496970916","2112690629","0.5"
"2112690629","1496970916","0.5"
"1723433588","2112690629","0.5"
"2112690629","1723433588","0.5"
"1496970916","1566110908","1"
"1566110908","1496970916","1"
"1723433588","2123060058","18.3667"
"2123060058","1723433588","18.3667"
"1496970916","1931818007","0.5"
"1931818007","1496970916","0.5"
"1723433588","1931818007","3.23333"
"1931818007","1723433588","3.23333"
"1496970916","1993997820","1.33333"
"1993997820","1496970916","1.33333"
"1496970916","1990111898","0.333333"
"1990111898","1496970916","0.333333"
"1539415901","1990111898","0.783333"
"1990111898","1539415901","0.783333"
"1539415901","1993997820","0.333333"
"1993997820","1539415901","0.333333"
"1990111898","1993997820","6.05"
"1993997820","1990111898","6.05"
"1499645194","191222204","0.333333"
"191222204","1499645194","0.333333"
"1499645194","1973301025","0.333333"
"1973301025","1499645194","0.333333"
"1499645194","1990111898","0.333333"
"1990111898","1499645194","0.333333"
"191222204","1973301025","0.333333"
"1973301025","191222204","0.333333"
"191222204","1990111898","0.333333"
"1990111898","191222204","0.333333"
"1973301025","1990111898","4.72619"
"1990111898","1973301025","4.72619"
"1511170346","1931818007","0.5"
"1931818007","1511170346","0.5"
"1511170346","2062184932","1.83333"
"2062184932","1511170346","1.83333"
"1931818007","2062184932","10.2333"
"2062184932","1931818007","10.2333"
"1511170346","1566110908","2.33333"
"1566110908","1511170346","2.33333"
"1511170346","1975880767","0.333333"
"1975880767","1511170346","0.333333"
"1566110908","1975880767","4.18333"
"1975880767","1566110908","4.18333"
"1566110908","2062184932","3.31667"
"2062184932","1566110908","3.31667"
"1975880767","2062184932","0.9"
"2062184932","1975880767","0.9"
"1511170346","1993997820","3.5"
"1993997820","1511170346","3.5"
"1511170346","2009036829","0.5"
"2009036829","1511170346","0.5"
"1993997820","2009036829","4.56667"
"2009036829","1993997820","4.56667"
"1516936742","1520283191","7.58333"
"1520283191","1516936742","7.58333"
"1516936742","1990111898","32.4167"
"1990111898","1516936742","32.4167"
"1520283191","1990111898","2.58333"
"1990111898","1520283191","2.58333"
"1516936742","1723433588","4.83333"
"1723433588","1516936742","4.83333"
"1516936742","2062184932","0.25"
"2062184932","1516936742","0.25"
"1516936742","2123060058","4.08333"
"2123060058","1516936742","4.08333"
"1520283191","2062184932","0.25"
"2062184932","1520283191","0.25"
"1520283191","2123060058","1.41667"
"2123060058","1520283191","1.41667"
"1990111898","2062184932","2.06667"
"2062184932","1990111898","2.06667"
"1990111898","2123060058","50.1167"
"2123060058","1990111898","50.1167"
"2062184932","2123060058","1.5"
"2123060058","2062184932","1.5"
"1516936742","2065528935","0.333333"
"2065528935","1516936742","0.333333"
"1723433588","1990111898","41.4595"
"1990111898","1723433588","41.4595"
"1723433588","2065528935","13.2929"
"2065528935","1723433588","13.2929"
"1990111898","2065528935","18.3595"
"2065528935","1990111898","18.3595"
"1516936742","2123795321","0.5"
"2123795321","1516936742","0.5"
"1990111898","2123795321","0.7"
"2123795321","1990111898","0.7"
"1516936742","2110059191","2"
"2110059191","1516936742","2"
"1520283191","2110059191","1"
"2110059191","1520283191","1"
"1516936742","2171901130","1.5"
"2171901130","1516936742","1.5"
"1990111898","2110059191","5.33333"
"2110059191","1990111898","5.33333"
"1516936742","2102842495","0.5"
"2102842495","1516936742","0.5"
"1520283191","1566110908","1"
"1566110908","1520283191","1"
"1566110908","2123060058","3.25"
"2123060058","1566110908","3.25"
"1520283191","1973301025","1.58333"
"1973301025","1520283191","1.58333"
"1520283191","2132809168","1.25"
"2132809168","1520283191","1.25"
"1973301025","2132809168","2.5"
"2132809168","1973301025","2.5"
"1520283191","2085010747","0.416667"
"2085010747","1520283191","0.416667"
"1520283191","2102842495","0.166667"
"2102842495","1520283191","0.166667"
"1520283191","2127151074","0.166667"
"2127151074","1520283191","0.166667"
"1566110908","1973301025","1.41667"
"1973301025","1566110908","1.41667"
"1566110908","2085010747","0.916667"
"2085010747","1566110908","0.916667"
"1566110908","2102842495","0.483333"
"2102842495","1566110908","0.483333"
"1566110908","2127151074","0.483333"
"2127151074","1566110908","0.483333"
"1566110908","2132809168","1.06667"
"2132809168","1566110908","1.06667"
"1973301025","2085010747","1.91667"
"2085010747","1973301025","1.91667"
"1973301025","2102842495","0.559524"
"2102842495","1973301025","0.559524"
"1973301025","2127151074","0.809524"
"2127151074","1973301025","0.809524"
"2085010747","2102842495","1.375"
"2102842495","2085010747","1.375"
"2085010747","2127151074","0.791667"
"2127151074","2085010747","0.791667"
"2085010747","2132809168","1"
"2132809168","2085010747","1"
"2102842495","2132809168","2.18333"
"2132809168","2102842495","2.18333"
"2127151074","2132809168","2.18333"
"2132809168","2127151074","2.18333"
"1520283191","2008305564","1"
"2008305564","1520283191","1"
"1520283191","2141835599","0.25"
"2141835599","1520283191","0.25"
"1973301025","2141835599","1.5"
"2141835599","1973301025","1.5"
"2085010747","2141835599","6.125"
"2141835599","2085010747","6.125"
"2132809168","2141835599","0.833333"
"2141835599","2132809168","0.833333"
"1520283191","1976022204","0.333333"
"1976022204","1520283191","0.333333"
"1973301025","1976022204","0.333333"
"1976022204","1973301025","0.333333"
"1976022204","2132809168","0.333333"
"2132809168","1976022204","0.333333"
"1973301025","2123060058","1.33333"
"2123060058","1973301025","1.33333"
"1520283191","1993997820","1"
"1993997820","1520283191","1"
"1531046708","1566110908","1.06667"
"1566110908","1531046708","1.06667"
"1531046708","1723433588","0.0666667"
"1723433588","1531046708","0.0666667"
"1531046708","1931818007","0.0666667"
"1931818007","1531046708","0.0666667"
"1531046708","1975880767","0.0666667"
"1975880767","1531046708","0.0666667"
"1531046708","1990111898","0.0666667"
"1990111898","1531046708","0.0666667"
"1531046708","1993997820","0.0666667"
"1993997820","1531046708","0.0666667"
"1531046708","2009036829","0.0666667"
"2009036829","1531046708","0.0666667"
"1531046708","2062184932","0.0666667"
"2062184932","1531046708","0.0666667"
"1531046708","2065528935","0.0666667"
"2065528935","1531046708","0.0666667"
"1531046708","2102842495","0.0666667"
"2102842495","1531046708","0.0666667"
"1531046708","2122110860","0.0666667"
"2122110860","1531046708","0.0666667"
"1531046708","2127151074","0.0666667"
"2127151074","1531046708","0.0666667"
"1531046708","2127255002","0.0666667"
"2127255002","1531046708","0.0666667"
"1531046708","2132809168","0.0666667"
"2132809168","1531046708","0.0666667"
"1531046708","2171901130","0.0666667"
"2171901130","1531046708","0.0666667"
"1566110908","1723433588","2.15"
"1723433588","1566110908","2.15"
"1566110908","1931818007","0.516667"
"1931818007","1566110908","0.516667"
"1566110908","1990111898","3.9"
"1990111898","1566110908","3.9"
"1566110908","1993997820","5.91667"
"1993997820","1566110908","5.91667"
"1566110908","2009036829","0.233333"
"2009036829","1566110908","0.233333"
"1566110908","2065528935","0.133333"
"2065528935","1566110908","0.133333"
"1566110908","2122110860","0.133333"
"2122110860","1566110908","0.133333"
"1566110908","2127255002","1.1"
"2127255002","1566110908","1.1"
"1566110908","2171901130","0.75"
"2171901130","1566110908","0.75"
"1723433588","1975880767","0.959524"
"1975880767","1723433588","0.959524"
"1723433588","1993997820","0.65"
"1993997820","1723433588","0.65"
"1723433588","2009036829","0.0666667"
"2009036829","1723433588","0.0666667"
"1723433588","2062184932","3.31667"
"2062184932","1723433588","3.31667"
"1723433588","2102842495","0.409524"
"2102842495","1723433588","0.409524"
"1723433588","2122110860","0.0666667"
"2122110860","1723433588","0.0666667"
"1723433588","2127151074","0.409524"
"2127151074","1723433588","0.409524"
"1723433588","2127255002","0.65"
"2127255002","1723433588","0.65"
"1723433588","2132809168","0.0666667"
"2132809168","1723433588","0.0666667"
"1723433588","2171901130","1.57619"
"2171901130","1723433588","1.57619"
"1931818007","1975880767","0.683333"
"1975880767","1931818007","0.683333"
"1931818007","1990111898","2.98333"
"1990111898","1931818007","2.98333"
"1931818007","1993997820","0.416667"
"1993997820","1931818007","0.416667"
"1931818007","2009036829","0.0666667"
"2009036829","1931818007","0.0666667"
"1931818007","2065528935","0.3"
"2065528935","1931818007","0.3"
"1931818007","2102842495","0.316667"
"2102842495","1931818007","0.316667"
"1931818007","2122110860","0.133333"
"2122110860","1931818007","0.133333"
"1931818007","2127151074","0.816667"
"2127151074","1931818007","0.816667"
"1931818007","2127255002","0.433333"
"2127255002","1931818007","0.433333"
"1931818007","2132809168","0.233333"
"2132809168","1931818007","0.233333"
"1931818007","2171901130","1.91667"
"2171901130","1931818007","1.91667"
"1975880767","1990111898","2.70952"
"1990111898","1975880767","2.70952"
"1975880767","1993997820","2.5"
"1993997820","1975880767","2.5"
"1975880767","2009036829","0.233333"
"2009036829","1975880767","0.233333"
"1975880767","2065528935","0.77619"
"2065528935","1975880767","0.77619"
"1975880767","2102842495","0.459524"
"2102842495","1975880767","0.459524"
"1975880767","2122110860","0.133333"
"2122110860","1975880767","0.133333"
"1975880767","2127151074","0.459524"
"2127151074","1975880767","0.459524"
"1975880767","2127255002","1.35"
"2127255002","1975880767","1.35"
"1975880767","2132809168","0.4"
"2132809168","1975880767","0.4"
"1975880767","2171901130","0.892857"
"2171901130","1975880767","0.892857"
"1990111898","2009036829","0.4"
"2009036829","1990111898","0.4"
"1990111898","2102842495","2.45952"
"2102842495","1990111898","2.45952"
"1990111898","2122110860","0.133333"
"2122110860","1990111898","0.133333"
"1990111898","2127151074","1.40952"
"2127151074","1990111898","1.40952"
"1990111898","2127255002","1.31667"
"2127255002","1990111898","1.31667"
"1990111898","2132809168","1.73333"
"2132809168","1990111898","1.73333"
"1990111898","2171901130","15.4762"
"2171901130","1990111898","15.4762"
"1993997820","2062184932","0.0666667"
"2062184932","1993997820","0.0666667"
"1993997820","2065528935","1.46667"
"2065528935","1993997820","1.46667"
"1993997820","2102842495","0.216667"
"2102842495","1993997820","0.216667"
"1993997820","2122110860","0.133333"
"2122110860","1993997820","0.133333"
"1993997820","2127151074","0.466667"
"2127151074","1993997820","0.466667"
"1993997820","2127255002","0.916667"
"2127255002","1993997820","0.916667"
"1993997820","2132809168","0.3"
"2132809168","1993997820","0.3"
"1993997820","2171901130","1"
"2171901130","1993997820","1"
"2009036829","2062184932","0.0666667"
"2062184932","2009036829","0.0666667"
"2009036829","2065528935","0.4"
"2065528935","2009036829","0.4"
"2009036829","2122110860","0.0666667"
"2122110860","2009036829","0.0666667"
"2009036829","2127255002","0.0666667"
"2127255002","2009036829","0.0666667"
"2009036829","2132809168","0.733333"
"2132809168","2009036829","0.733333"
"2062184932","2065528935","0.233333"
"2065528935","2062184932","0.233333"
"2062184932","2102842495","0.0666667"
"2102842495","2062184932","0.0666667"
"2062184932","2122110860","0.0666667"
"2122110860","2062184932","0.0666667"
"2062184932","2127151074","0.0666667"
"2127151074","2062184932","0.0666667"
"2062184932","2127255002","0.4"
"2127255002","2062184932","0.4"
"2062184932","2132809168","0.0666667"
"2132809168","2062184932","0.0666667"
"2062184932","2171901130","0.0666667"
"2171901130","2062184932","0.0666667"
"2065528935","2102842495","0.27619"
"2102842495","2065528935","0.27619"
"2065528935","2122110860","0.133333"
"2122110860","2065528935","0.133333"
"2065528935","2127151074","0.27619"
"2127151074","2065528935","0.27619"
"2065528935","2127255002","0.133333"
"2127255002","2065528935","0.133333"
"2065528935","2132809168","4.63333"
"2132809168","2065528935","4.63333"
"2065528935","2171901130","0.77619"
"2171901130","2065528935","0.77619"
"2102842495","2122110860","0.133333"
"2122110860","2102842495","0.133333"
"2102842495","2127255002","0.358333"
"2127255002","2102842495","0.358333"
"2122110860","2127151074","0.133333"
"2127151074","2122110860","0.133333"
"2122110860","2127255002","0.133333"
"2127255002","2122110860","0.133333"
"2122110860","2132809168","4.13333"
"2132809168","2122110860","4.13333"
"2122110860","2171901130","1.13333"
"2171901130","2122110860","1.13333"
"2127151074","2127255002","0.358333"
"2127255002","2127151074","0.358333"
"2127255002","2132809168","0.233333"
"2132809168","2127255002","0.233333"
"2127255002","2171901130","0.791667"
"2171901130","2127255002","0.791667"
"2132809168","2171901130","0.466667"
"2171901130","2132809168","0.466667"
"1539415901","1723433588","1.75"
"1723433588","1539415901","1.75"
"1539415901","1931818007","2"
"1931818007","1539415901","2"
"1539415901","1566110908","2"
"1566110908","1539415901","2"
"1539415901","2065528935","0.25"
"2065528935","1539415901","0.25"
"2065528935","2123060058","2.08333"
"2123060058","2065528935","2.08333"
"1539415901","1973301025","1.25"
"1973301025","1539415901","1.25"
"1539415901","2085010747","0.25"
"2085010747","1539415901","0.25"
"1539415901","2132809168","0.25"
"2132809168","1539415901","0.25"
"1539415901","2141835599","0.25"
"2141835599","1539415901","0.25"
"1566110908","2008305564","1.65"
"2008305564","1566110908","1.65"
"1975880767","2008305564","1.15"
"2008305564","1975880767","1.15"
"1566110908","2141835599","0.75"
"2141835599","1566110908","0.75"
"1931818007","1973301025","1.75"
"1973301025","1931818007","1.75"
"1931818007","2008305564","0.316667"
"2008305564","1931818007","0.316667"
"1931818007","2085010747","0.25"
"2085010747","1931818007","0.25"
"1931818007","2141835599","0.25"
"2141835599","1931818007","0.25"
"1973301025","1975880767","0.559524"
"1975880767","1973301025","0.559524"
"1973301025","1993997820","3.31667"
"1993997820","1973301025","3.31667"
"1973301025","2008305564","0.15"
"2008305564","1973301025","0.15"
"1973301025","2065528935","0.209524"
"2065528935","1973301025","0.209524"
"1973301025","2122110860","0.0666667"
"2122110860","1973301025","0.0666667"
"1973301025","2127255002","0.166667"
"2127255002","1973301025","0.166667"
"1973301025","2171901130","0.292857"
"2171901130","1973301025","0.292857"
"1975880767","2085010747","0.25"
"2085010747","1975880767","0.25"
"1975880767","2141835599","0.25"
"2141835599","1975880767","0.25"
"1990111898","2008305564","2.31667"
"2008305564","1990111898","2.31667"
"1990111898","2085010747","0.25"
"2085010747","1990111898","0.25"
"1990111898","2141835599","1.25"
"2141835599","1990111898","1.25"
"1993997820","2008305564","5.98333"
"2008305564","1993997820","5.98333"
"1993997820","2085010747","0.15"
"2085010747","1993997820","0.15"
"1993997820","2141835599","0.15"
"2141835599","1993997820","0.15"
"2008305564","2065528935","0.566667"
"2065528935","2008305564","0.566667"
"2008305564","2085010747","0.15"
"2085010747","2008305564","0.15"
"2008305564","2102842495","0.15"
"2102842495","2008305564","0.15"
"2008305564","2122110860","0.0666667"
"2122110860","2008305564","0.0666667"
"2008305564","2127151074","0.15"
"2127151074","2008305564","0.15"
"2008305564","2127255002","0.0666667"
"2127255002","2008305564","0.0666667"
"2008305564","2132809168","0.0666667"
"2132809168","2008305564","0.0666667"
"2008305564","2141835599","0.15"
"2141835599","2008305564","0.15"
"2008305564","2171901130","0.15"
"2171901130","2008305564","0.15"
"2065528935","2085010747","0.0666667"
"2085010747","2065528935","0.0666667"
"2065528935","2141835599","0.0666667"
"2141835599","2065528935","0.0666667"
"2085010747","2122110860","0.0666667"
"2122110860","2085010747","0.0666667"
"2085010747","2127255002","0.291667"
"2127255002","2085010747","0.291667"
"2085010747","2171901130","0.275"
"2171901130","2085010747","0.275"
"2102842495","2141835599","0.708333"
"2141835599","2102842495","0.708333"
"2122110860","2141835599","0.0666667"
"2141835599","2122110860","0.0666667"
"2127151074","2141835599","0.375"
"2141835599","2127151074","0.375"
"2127255002","2141835599","0.291667"
"2141835599","2127255002","0.291667"
"2141835599","2171901130","0.275"
"2171901130","2141835599","0.275"
"1566110908","2115500858","0.166667"
"2115500858","1566110908","0.166667"
"1973301025","2009036829","0.666667"
"2009036829","1973301025","0.666667"
"1973301025","2115500858","0.166667"
"2115500858","1973301025","0.166667"
"1975880767","2115500858","0.166667"
"2115500858","1975880767","0.166667"
"1993997820","2115500858","4.83333"
"2115500858","1993997820","4.83333"
"2009036829","2115500858","8.5"
"2115500858","2009036829","8.5"
"2115500858","2132809168","0.866667"
"2132809168","2115500858","0.866667"
"1566110908","2032745789","0.166667"
"2032745789","1566110908","0.166667"
"1566110908","2140130703","0.166667"
"2140130703","1566110908","0.166667"
"1973301025","2032745789","0.416667"
"2032745789","1973301025","0.416667"
"1973301025","2140130703","0.666667"
"2140130703","1973301025","0.666667"
"2032745789","2085010747","0.416667"
"2085010747","2032745789","0.416667"
"2032745789","2132809168","0.166667"
"2132809168","2032745789","0.166667"
"2032745789","2140130703","0.416667"
"2140130703","2032745789","0.416667"
"2032745789","2141835599","0.166667"
"2141835599","2032745789","0.166667"
"2085010747","2140130703","3.29167"
"2140130703","2085010747","3.29167"
"2132809168","2140130703","1.16667"
"2140130703","2132809168","1.16667"
"2140130703","2141835599","1.04167"
"2141835599","2140130703","1.04167"
"1566110908","2093729646","0.0833333"
"2093729646","1566110908","0.0833333"
"1931818007","2093729646","0.0833333"
"2093729646","1931818007","0.0833333"
"1973301025","2093729646","0.0833333"
"2093729646","1973301025","0.0833333"
"1975880767","2093729646","0.0833333"
"2093729646","1975880767","0.0833333"
"1990111898","2093729646","1.33333"
"2093729646","1990111898","1.33333"
"1993997820","2093729646","0.0833333"
"2093729646","1993997820","0.0833333"
"2008305564","2093729646","0.0833333"
"2093729646","2008305564","0.0833333"
"2085010747","2093729646","0.0833333"
"2093729646","2085010747","0.0833333"
"2093729646","2102842495","2.2"
"2102842495","2093729646","2.2"
"2093729646","2127151074","2.2"
"2127151074","2093729646","2.2"
"2093729646","2141835599","0.0833333"
"2141835599","2093729646","0.0833333"
"2093729646","2171901130","5.58333"
"2171901130","2093729646","5.58333"
"1566110908","1587688492","0.333333"
"1587688492","1566110908","0.333333"
"1566110908","2111406286","0.333333"
"2111406286","1566110908","0.333333"
"1587688492","2111406286","0.333333"
"2111406286","1587688492","0.333333"
"1587688492","2132809168","0.583333"
"2132809168","1587688492","0.583333"
"2111406286","2132809168","0.333333"
"2132809168","2111406286","0.333333"
"1587688492","1976022204","1.33333"
"1976022204","1587688492","1.33333"
"1587688492","2085010747","1.66667"
"2085010747","1587688492","1.66667"
"1587688492","2141835599","2.16667"
"2141835599","1587688492","2.16667"
"1976022204","2085010747","0.666667"
"2085010747","1976022204","0.666667"
"1976022204","2141835599","1.66667"
"2141835599","1976022204","1.66667"
"1587688492","2093729646","0.25"
"2093729646","1587688492","0.25"
"1587688492","2102842495","1.33333"
"2102842495","1587688492","1.33333"
"1587688492","2127151074","0.5"
"2127151074","1587688492","0.5"
"1587688492","2171901130","0.25"
"2171901130","1587688492","0.25"
"1587688492","2437437591","0.25"
"2437437591","1587688492","0.25"
"2102842495","2437437591","0.7"
"2437437591","2102842495","0.7"
"2127151074","2437437591","0.7"
"2437437591","2127151074","0.7"
"2132809168","2437437591","0.95"
"2437437591","2132809168","0.95"
"1597494089","1990111898","1"
"1990111898","1597494089","1"
"1597494089","2123060058","1"
"2123060058","1597494089","1"
"1597494089","1973301025","1"
"1973301025","1597494089","1"
"1608699453","1990111898","1"
"1990111898","1608699453","1"
"1608699453","2123060058","1"
"2123060058","1608699453","1"
"1723433588","2067278345","1"
"2067278345","1723433588","1"
"1723433588","2008305564","0.166667"
"2008305564","1723433588","0.166667"
"2008305564","2062184932","0.166667"
"2062184932","2008305564","0.166667"
"1723433588","2115500858","1.33333"
"2115500858","1723433588","1.33333"
"1723433588","2110059191","1.33333"
"2110059191","1723433588","1.33333"
"2110059191","2171901130","1.33333"
"2171901130","2110059191","1.33333"
"1723433588","1973301025","0.642857"
"1973301025","1723433588","0.642857"
"1723433588","2123795321","0.2"
"2123795321","1723433588","0.2"
"1990111898","2115500858","1.16667"
"2115500858","1990111898","1.16667"
"2065528935","2115500858","13.6667"
"2115500858","2065528935","13.6667"
"1723433588","2111406286","1"
"2111406286","1723433588","1"
"1820714556","2112690629","1.5"
"2112690629","1820714556","1.5"
"1820714556","2067278345","0.5"
"2067278345","1820714556","0.5"
"2067278345","2112690629","0.5"
"2112690629","2067278345","0.5"
"1973301025","2167276918","0.25"
"2167276918","1973301025","0.25"
"2085010747","2167276918","1.20833"
"2167276918","2085010747","1.20833"
"2140130703","2167276918","0.375"
"2167276918","2140130703","0.375"
"2141835599","2167276918","3.20833"
"2167276918","2141835599","3.20833"
"2032745789","2127151074","0.25"
"2127151074","2032745789","0.25"
"2127151074","2140130703","0.375"
"2140130703","2127151074","0.375"
"1975880767","2123060058","0.5"
"2123060058","1975880767","0.5"
"1976022204","2167276918","0.333333"
"2167276918","1976022204","0.333333"
"2008305564","2123060058","1.5"
"2123060058","2008305564","1.5"
"1990111898","2108746909","0.5"
"2108746909","1990111898","0.5"
"2108746909","2127255002","0.5"
"2127255002","2108746909","0.5"
"1993997820","2123060058","5.41667"
"2123060058","1993997820","5.41667"
"2110059191","2123060058","1"
"2123060058","2110059191","1"
"1990111898","2036085124","1.5"
"2036085124","1990111898","1.5"
"2036085124","2171901130","0.5"
"2171901130","2036085124","0.5"
"2115500858","2123060058","9.16667"
"2123060058","2115500858","9.16667"
"1990111898","2023309578","0.5"
"2023309578","1990111898","0.5"
"2023309578","2065528935","0.5"
"2065528935","2023309578","0.5"
"1993997820","2110059191","1.83333"
"2110059191","1993997820","1.83333"
"2008305564","2110059191","0.5"
"2110059191","2008305564","0.5"
"1993997820","2111406286","1.33333"
"2111406286","1993997820","1.33333"
"2110059191","2111406286","0.333333"
"2111406286","2110059191","0.333333"
"2110059191","2115500858","0.333333"
"2115500858","2110059191","0.333333"
"2111406286","2115500858","0.333333"
"2115500858","2111406286","0.333333"
"2008305564","2009036829","3.5"
"2009036829","2008305564","3.5"
"1993997820","2023309578","1"
"2023309578","1993997820","1"
"2065528935","2159994629","1"
"2159994629","2065528935","1"
"2085010747","2302586452","0.125"
"2302586452","2085010747","0.125"
"2102842495","2140130703","0.125"
"2140130703","2102842495","0.125"
"2102842495","2167276918","0.125"
"2167276918","2102842495","0.125"
"2102842495","2302586452","0.125"
"2302586452","2102842495","0.125"
"2127151074","2167276918","0.125"
"2167276918","2127151074","0.125"
"2127151074","2302586452","0.125"
"2302586452","2127151074","0.125"
"2127255002","2140130703","0.125"
"2140130703","2127255002","0.125"
"2127255002","2167276918","0.125"
"2167276918","2127255002","0.125"
"2127255002","2302586452","0.125"
"2302586452","2127255002","0.125"
"2140130703","2171901130","0.125"
"2171901130","2140130703","0.125"
"2140130703","2302586452","0.125"
"2302586452","2140130703","0.125"
"2141835599","2302586452","0.125"
"2302586452","2141835599","0.125"
"2167276918","2171901130","0.125"
"2171901130","2167276918","0.125"
"2167276918","2302586452","0.125"
"2302586452","2167276918","0.125"
"2171901130","2302586452","0.125"
"2302586452","2171901130","0.125"
"2093729646","2115500858","1.61667"
"2115500858","2093729646","1.61667"
"2093729646","2437437591","0.95"
"2437437591","2093729646","0.95"
"2102842495","2115500858","1.61667"
"2115500858","2102842495","1.61667"
"2115500858","2127151074","1.61667"
"2127151074","2115500858","1.61667"
"2115500858","2437437591","0.45"
"2437437591","2115500858","0.45"
"2093729646","2132809168","1.2"
"2132809168","2093729646","1.2"
"2110059191","2122110860","1"
"2122110860","2110059191","1"
