"1491186246","1549505505","2.21035"
"1549505505","1491186246","2.21035"
"1491186246","1624902934","1.09924"
"1624902934","1491186246","1.09924"
"1491186246","1787583510","2.71035"
"1787583510","1491186246","2.71035"
"1491186246","1947903198","1.09924"
"1947903198","1491186246","1.09924"
"1491186246","2165597424","2.21035"
"2165597424","1491186246","2.21035"
"1549505505","1624902934","1.59924"
"1624902934","1549505505","1.59924"
"1549505505","1787583510","3.21035"
"1787583510","1549505505","3.21035"
"1549505505","1947903198","1.59924"
"1947903198","1549505505","1.59924"
"1549505505","2165597424","11.7104"
"2165597424","1549505505","11.7104"
"1624902934","1787583510","1.59924"
"1787583510","1624902934","1.59924"
"1624902934","1947903198","1.59924"
"1947903198","1624902934","1.59924"
"1624902934","2165597424","1.59924"
"2165597424","1624902934","1.59924"
"1787583510","1947903198","1.59924"
"1947903198","1787583510","1.59924"
"1787583510","2165597424","2.71035"
"2165597424","1787583510","2.71035"
"1947903198","2165597424","1.59924"
"2165597424","1947903198","1.59924"
"1491186246","2203481057","2.11035"
"2203481057","1491186246","2.11035"
"1787583510","2203481057","5.36035"
"2203481057","1787583510","5.36035"
"1491186246","1793560658","1.61035"
"1793560658","1491186246","1.61035"
"1491186246","1932462237","1.61035"
"1932462237","1491186246","1.61035"
"1549505505","1793560658","1.61035"
"1793560658","1549505505","1.61035"
"1549505505","1932462237","2.61035"
"1932462237","1549505505","2.61035"
"1549505505","2203481057","1.61035"
"2203481057","1549505505","1.61035"
"1787583510","1793560658","1.61035"
"1793560658","1787583510","1.61035"
"1787583510","1932462237","2.61035"
"1932462237","1787583510","2.61035"
"1793560658","1932462237","2.61035"
"1932462237","1793560658","2.61035"
"1793560658","2165597424","3.61035"
"2165597424","1793560658","3.61035"
"1793560658","2203481057","1.61035"
"2203481057","1793560658","1.61035"
"1932462237","2165597424","1.61035"
"2165597424","1932462237","1.61035"
"1932462237","2203481057","1.61035"
"2203481057","1932462237","1.61035"
"2165597424","2203481057","1.61035"
"2203481057","2165597424","1.61035"
"1624902934","1793560658","0.499242"
"1793560658","1624902934","0.499242"
"1624902934","1932462237","0.499242"
"1932462237","1624902934","0.499242"
"1624902934","2203481057","0.499242"
"2203481057","1624902934","0.499242"
"1793560658","1947903198","0.499242"
"1947903198","1793560658","0.499242"
"1932462237","1947903198","0.499242"
"1947903198","1932462237","0.499242"
"1947903198","2203481057","0.499242"
"2203481057","1947903198","0.499242"
"1491186246","1962487094","0.485354"
"1962487094","1491186246","0.485354"
"1491186246","2142610297","0.485354"
"2142610297","1491186246","0.485354"
"1491186246","2165433929","0.174242"
"2165433929","1491186246","0.174242"
"1549505505","1962487094","6.98535"
"1962487094","1549505505","6.98535"
"1549505505","2142610297","0.985354"
"2142610297","1549505505","0.985354"
"1549505505","2165433929","0.174242"
"2165433929","1549505505","0.174242"
"1624902934","1962487094","0.374242"
"1962487094","1624902934","0.374242"
"1624902934","2142610297","0.374242"
"2142610297","1624902934","0.374242"
"1624902934","2165433929","0.174242"
"2165433929","1624902934","0.174242"
"1787583510","1962487094","1.40202"
"1962487094","1787583510","1.40202"
"1787583510","2142610297","2.40202"
"2142610297","1787583510","2.40202"
"1787583510","2165433929","0.174242"
"2165433929","1787583510","0.174242"
"1793560658","1962487094","0.485354"
"1962487094","1793560658","0.485354"
"1793560658","2142610297","0.485354"
"2142610297","1793560658","0.485354"
"1793560658","2165433929","0.174242"
"2165433929","1793560658","0.174242"
"1932462237","1962487094","0.985354"
"1962487094","1932462237","0.985354"
"1932462237","2142610297","0.985354"
"2142610297","1932462237","0.985354"
"1932462237","2165433929","0.174242"
"2165433929","1932462237","0.174242"
"1947903198","1962487094","0.374242"
"1962487094","1947903198","0.374242"
"1947903198","2142610297","0.374242"
"2142610297","1947903198","0.374242"
"1947903198","2165433929","1.17424"
"2165433929","1947903198","1.17424"
"1962487094","2142610297","13.0687"
"2142610297","1962487094","13.0687"
"1962487094","2165433929","0.174242"
"2165433929","1962487094","0.174242"
"1962487094","2165597424","0.485354"
"2165597424","1962487094","0.485354"
"1962487094","2203481057","1.90202"
"2203481057","1962487094","1.90202"
"2142610297","2165433929","0.174242"
"2165433929","2142610297","0.174242"
"2142610297","2165597424","0.485354"
"2165597424","2142610297","0.485354"
"2142610297","2203481057","1.90202"
"2203481057","2142610297","1.90202"
"2165433929","2165597424","0.174242"
"2165597424","2165433929","0.174242"
"2165433929","2203481057","0.174242"
"2203481057","2165433929","0.174242"
"1491186246","2287956249","0.194444"
"2287956249","1491186246","0.194444"
"1549505505","2287956249","0.194444"
"2287956249","1549505505","0.194444"
"1787583510","2287956249","0.194444"
"2287956249","1787583510","0.194444"
"1793560658","2287956249","0.194444"
"2287956249","1793560658","0.194444"
"1932462237","2287956249","7.19444"
"2287956249","1932462237","7.19444"
"1962487094","2287956249","0.194444"
"2287956249","1962487094","0.194444"
"2142610297","2287956249","0.194444"
"2287956249","2142610297","0.194444"
"2165597424","2287956249","0.194444"
"2287956249","2165597424","0.194444"
"2203481057","2287956249","0.194444"
"2287956249","2203481057","0.194444"
"1624902934","2287956249","0.0833333"
"2287956249","1624902934","0.0833333"
"1947903198","2287956249","0.0833333"
"2287956249","1947903198","0.0833333"
"2165433929","2287956249","0.0833333"
"2287956249","2165433929","0.0833333"
"1538108985","1549505505","3.5"
"1549505505","1538108985","3.5"
"1538108985","1962487094","3.5"
"1962487094","1538108985","3.5"
"1624902934","2108166491","1"
"2108166491","1624902934","1"
"1777706729","1815589560","2.83333"
"1815589560","1777706729","2.83333"
"1777706729","1946571733","2.5"
"1946571733","1777706729","2.5"
"1815589560","1946571733","2.5"
"1946571733","1815589560","2.5"
"1777706729","2108166491","2.83333"
"2108166491","1777706729","2.83333"
"1815589560","2108166491","1.83333"
"2108166491","1815589560","1.83333"
"1946571733","2108166491","10.5"
"2108166491","1946571733","10.5"
"1777706729","1788135612","2.83333"
"1788135612","1777706729","2.83333"
"1788135612","1815589560","10.8333"
"1815589560","1788135612","10.8333"
"1788135612","1946571733","1.5"
"1946571733","1788135612","1.5"
"1788135612","2108166491","2.83333"
"2108166491","1788135612","2.83333"
"1777706729","1793560658","1"
"1793560658","1777706729","1"
"1787583510","2152122148","0.916667"
"2152122148","1787583510","0.916667"
"1962487094","2152122148","8.58333"
"2152122148","1962487094","8.58333"
"2142610297","2152122148","7.58333"
"2152122148","2142610297","7.58333"
"1787583510","2744967507","0.5"
"2744967507","1787583510","0.5"
"2142610297","2744967507","0.5"
"2744967507","2142610297","0.5"
"2152122148","2203481057","0.916667"
"2203481057","2152122148","0.916667"
"1788135612","1793560658","1"
"1793560658","1788135612","1"
"1815589560","1882050397","1.33333"
"1882050397","1815589560","1.33333"
"1815589560","1894872340","1.33333"
"1894872340","1815589560","1.33333"
"1815589560","2152122148","0.333333"
"2152122148","1815589560","0.333333"
"1882050397","1894872340","0.333333"
"1894872340","1882050397","0.333333"
"1882050397","2152122148","0.333333"
"2152122148","1882050397","0.333333"
"1894872340","2152122148","0.333333"
"2152122148","1894872340","0.333333"
"1815589560","1962487094","2.5"
"1962487094","1815589560","2.5"
"1815589560","2744967507","0.5"
"2744967507","1815589560","0.5"
"1962487094","2744967507","0.5"
"2744967507","1962487094","0.5"
"1859001703","2287956249","1"
"2287956249","1859001703","1"
"1859001703","2152122148","1"
"2152122148","1859001703","1"
"1859001703","1932462237","1"
"1932462237","1859001703","1"
"1962487094","2108166491","14"
"2108166491","1962487094","14"
