"1158253946","2110338707","3.59091"
"2110338707","1158253946","3.59091"
"1158253946","1567193470","0.5"
"1567193470","1158253946","0.5"
"1567193470","2110338707","5"
"2110338707","1567193470","5"
"1158253946","1536044028","0.0909091"
"1536044028","1158253946","0.0909091"
"1158253946","1537700677","0.0909091"
"1537700677","1158253946","0.0909091"
"1158253946","1545571974","0.0909091"
"1545571974","1158253946","0.0909091"
"1158253946","169522122","0.0909091"
"169522122","1158253946","0.0909091"
"1158253946","1810648047","0.0909091"
"1810648047","1158253946","0.0909091"
"1158253946","1879964002","0.0909091"
"1879964002","1158253946","0.0909091"
"1158253946","2037453514","0.0909091"
"2037453514","1158253946","0.0909091"
"1158253946","2078915921","0.0909091"
"2078915921","1158253946","0.0909091"
"1158253946","2108947685","0.0909091"
"2108947685","1158253946","0.0909091"
"1158253946","2153048723","0.0909091"
"2153048723","1158253946","0.0909091"
"1536044028","1537700677","0.340909"
"1537700677","1536044028","0.340909"
"1536044028","1545571974","0.840909"
"1545571974","1536044028","0.840909"
"1536044028","169522122","0.340909"
"169522122","1536044028","0.340909"
"1536044028","1810648047","0.590909"
"1810648047","1536044028","0.590909"
"1536044028","1879964002","0.0909091"
"1879964002","1536044028","0.0909091"
"1536044028","2037453514","0.0909091"
"2037453514","1536044028","0.0909091"
"1536044028","2078915921","0.0909091"
"2078915921","1536044028","0.0909091"
"1536044028","2108947685","0.0909091"
"2108947685","1536044028","0.0909091"
"1536044028","2110338707","3.34091"
"2110338707","1536044028","3.34091"
"1536044028","2153048723","0.0909091"
"2153048723","1536044028","0.0909091"
"1537700677","1545571974","0.340909"
"1545571974","1537700677","0.340909"
"1537700677","169522122","0.340909"
"169522122","1537700677","0.340909"
"1537700677","1810648047","0.382576"
"1810648047","1537700677","0.382576"
"1537700677","1879964002","0.382576"
"1879964002","1537700677","0.382576"
"1537700677","2037453514","0.0909091"
"2037453514","1537700677","0.0909091"
"1537700677","2078915921","0.382576"
"2078915921","1537700677","0.382576"
"1537700677","2108947685","0.0909091"
"2108947685","1537700677","0.0909091"
"1537700677","2110338707","1.63258"
"2110338707","1537700677","1.63258"
"1537700677","2153048723","0.0909091"
"2153048723","1537700677","0.0909091"
"1545571974","169522122","0.340909"
"169522122","1545571974","0.340909"
"1545571974","1810648047","0.340909"
"1810648047","1545571974","0.340909"
"1545571974","1879964002","0.0909091"
"1879964002","1545571974","0.0909091"
"1545571974","2037453514","0.0909091"
"2037453514","1545571974","0.0909091"
"1545571974","2078915921","0.0909091"
"2078915921","1545571974","0.0909091"
"1545571974","2108947685","0.0909091"
"2108947685","1545571974","0.0909091"
"1545571974","2110338707","13.0909"
"2110338707","1545571974","13.0909"
"1545571974","2153048723","1.09091"
"2153048723","1545571974","1.09091"
"169522122","1810648047","0.590909"
"1810648047","169522122","0.590909"
"169522122","1879964002","0.0909091"
"1879964002","169522122","0.0909091"
"169522122","2037453514","0.0909091"
"2037453514","169522122","0.0909091"
"169522122","2078915921","0.0909091"
"2078915921","169522122","0.0909091"
"169522122","2108947685","0.0909091"
"2108947685","169522122","0.0909091"
"169522122","2110338707","1.84091"
"2110338707","169522122","1.84091"
"169522122","2153048723","0.0909091"
"2153048723","169522122","0.0909091"
"1810648047","1879964002","0.382576"
"1879964002","1810648047","0.382576"
"1810648047","2037453514","0.0909091"
"2037453514","1810648047","0.0909091"
"1810648047","2078915921","0.382576"
"2078915921","1810648047","0.382576"
"1810648047","2108947685","1.67424"
"2108947685","1810648047","1.67424"
"1810648047","2110338707","1.63258"
"2110338707","1810648047","1.63258"
"1810648047","2153048723","0.590909"
"2153048723","1810648047","0.590909"
"1879964002","2037453514","1.25758"
"2037453514","1879964002","1.25758"
"1879964002","2078915921","2.04924"
"2078915921","1879964002","2.04924"
"1879964002","2108947685","0.0909091"
"2108947685","1879964002","0.0909091"
"1879964002","2110338707","11.7159"
"2110338707","1879964002","11.7159"
"1879964002","2153048723","0.0909091"
"2153048723","1879964002","0.0909091"
"2037453514","2078915921","1.42424"
"2078915921","2037453514","1.42424"
"2037453514","2108947685","0.0909091"
"2108947685","2037453514","0.0909091"
"2037453514","2110338707","5.59091"
"2110338707","2037453514","5.59091"
"2037453514","2153048723","0.0909091"
"2153048723","2037453514","0.0909091"
"2078915921","2108947685","0.0909091"
"2108947685","2078915921","0.0909091"
"2078915921","2110338707","6.88258"
"2110338707","2078915921","6.88258"
"2078915921","2153048723","0.0909091"
"2153048723","2078915921","0.0909091"
"2108947685","2110338707","0.590909"
"2110338707","2108947685","0.590909"
"2108947685","2153048723","0.590909"
"2153048723","2108947685","0.590909"
"2110338707","2153048723","0.0909091"
"2153048723","2110338707","0.0909091"
"1496976458","1539589351","1"
"1539589351","1496976458","1"
"1496976458","1532505284","1.83333"
"1532505284","1496976458","1.83333"
"1496976458","1517280188","0.333333"
"1517280188","1496976458","0.333333"
"1496976458","1556268779","0.333333"
"1556268779","1496976458","0.333333"
"1517280188","1532505284","2.33333"
"1532505284","1517280188","2.33333"
"1517280188","1556268779","0.833333"
"1556268779","1517280188","0.833333"
"1532505284","1556268779","4.16667"
"1556268779","1532505284","4.16667"
"1496976458","1592882519","0.5"
"1592882519","1496976458","0.5"
"1532505284","1592882519","1"
"1592882519","1532505284","1"
"1514938825","1584599437","1.11667"
"1584599437","1514938825","1.11667"
"1514938825","1810648047","0.916667"
"1810648047","1514938825","0.916667"
"1514938825","2913808291","1.11667"
"2913808291","1514938825","1.11667"
"1584599437","1810648047","1.04167"
"1810648047","1584599437","1.04167"
"1584599437","2913808291","4.74167"
"2913808291","1584599437","4.74167"
"1810648047","2913808291","2.29167"
"2913808291","1810648047","2.29167"
"1514938825","2108947685","0.45"
"2108947685","1514938825","0.45"
"1584599437","2108947685","0.45"
"2108947685","1584599437","0.45"
"2108947685","2913808291","1.45"
"2913808291","2108947685","1.45"
"1514938825","2041871643","0.2"
"2041871643","1514938825","0.2"
"1514938825","2055499407","0.2"
"2055499407","1514938825","0.2"
"1584599437","2041871643","0.325"
"2041871643","1584599437","0.325"
"1584599437","2055499407","0.2"
"2055499407","1584599437","0.2"
"2041871643","2055499407","0.2"
"2055499407","2041871643","0.2"
"2041871643","2108947685","0.533333"
"2108947685","2041871643","0.533333"
"2041871643","2913808291","0.325"
"2913808291","2041871643","0.325"
"2055499407","2108947685","0.2"
"2108947685","2055499407","0.2"
"2055499407","2913808291","0.2"
"2913808291","2055499407","0.2"
"1517280188","169522122","0.5"
"169522122","1517280188","0.5"
"1517280188","1810648047","0.5"
"1810648047","1517280188","0.5"
"1517280188","2110338707","0.5"
"2110338707","1517280188","0.5"
"1532505284","169522122","0.5"
"169522122","1532505284","0.5"
"1532505284","1810648047","0.5"
"1810648047","1532505284","0.5"
"1532505284","2110338707","0.833333"
"2110338707","1532505284","0.833333"
"1524215483","2110338707","2"
"2110338707","1524215483","2"
"1524215483","1588824543","1"
"1588824543","1524215483","1"
"1556268779","1592882519","0.5"
"1592882519","1556268779","0.5"
"1532505284","1539589351","0.833333"
"1539589351","1532505284","0.833333"
"1539589351","1556268779","1.83333"
"1556268779","1539589351","1.83333"
"1539589351","2110338707","0.666667"
"2110338707","1539589351","0.666667"
"1556268779","2110338707","0.333333"
"2110338707","1556268779","0.333333"
"1536044028","1792955578","1"
"1792955578","1536044028","1"
"1537700677","1584599437","0.125"
"1584599437","1537700677","0.125"
"1537700677","2041871643","0.291667"
"2041871643","1537700677","0.291667"
"1537700677","2913808291","0.125"
"2913808291","1537700677","0.125"
"1537700677","7085509","0.291667"
"7085509","1537700677","0.291667"
"1584599437","1879964002","0.125"
"1879964002","1584599437","0.125"
"1584599437","2078915921","0.125"
"2078915921","1584599437","0.125"
"1584599437","2110338707","0.625"
"2110338707","1584599437","0.625"
"1584599437","7085509","0.125"
"7085509","1584599437","0.125"
"1810648047","2041871643","2.625"
"2041871643","1810648047","2.625"
"1810648047","7085509","0.291667"
"7085509","1810648047","0.291667"
"1879964002","2041871643","0.291667"
"2041871643","1879964002","0.291667"
"1879964002","2913808291","0.125"
"2913808291","1879964002","0.125"
"1879964002","7085509","0.625"
"7085509","1879964002","0.625"
"2041871643","2078915921","0.291667"
"2078915921","2041871643","0.291667"
"2041871643","2110338707","0.625"
"2110338707","2041871643","0.625"
"2041871643","7085509","0.291667"
"7085509","2041871643","0.291667"
"2078915921","2913808291","0.125"
"2913808291","2078915921","0.125"
"2078915921","7085509","1.125"
"7085509","2078915921","1.125"
"2110338707","2913808291","0.875"
"2913808291","2110338707","0.875"
"2110338707","7085509","1.125"
"7085509","2110338707","1.125"
"2913808291","7085509","0.125"
"7085509","2913808291","0.125"
"1537933743","1879964002","2.16667"
"1879964002","1537933743","2.16667"
"1537933743","2037453514","0.666667"
"2037453514","1537933743","0.666667"
"1537933743","2110338707","5.16667"
"2110338707","1537933743","5.16667"
"1539589351","1564792002","0.333333"
"1564792002","1539589351","0.333333"
"1539589351","2041871643","0.333333"
"2041871643","1539589351","0.333333"
"1564792002","2041871643","1.33333"
"2041871643","1564792002","1.33333"
"1564792002","2110338707","0.333333"
"2110338707","1564792002","0.333333"
"1544249499","1810648047","0.833333"
"1810648047","1544249499","0.833333"
"1544249499","2041871643","0.833333"
"2041871643","1544249499","0.833333"
"1544249499","2108947685","0.333333"
"2108947685","1544249499","0.333333"
"1545571974","2913808291","0.25"
"2913808291","1545571974","0.25"
"1545571974","44857462","0.25"
"44857462","1545571974","0.25"
"1810648047","44857462","0.75"
"44857462","1810648047","0.75"
"2110338707","44857462","1.75"
"44857462","2110338707","1.75"
"2913808291","44857462","0.25"
"44857462","2913808291","0.25"
"1567193470","2252079059","1"
"2252079059","1567193470","1"
"1567193470","1879964002","0.5"
"1879964002","1567193470","0.5"
"158235474","2110338707","1.33333"
"2110338707","158235474","1.33333"
"158235474","2037453514","0.333333"
"2037453514","158235474","0.333333"
"158235474","2078915921","0.333333"
"2078915921","158235474","0.333333"
"1588824543","1601530196","1"
"1601530196","1588824543","1"
"1588824543","2041871643","1"
"2041871643","1588824543","1"
"1601530196","2041871643","2.5"
"2041871643","1601530196","2.5"
"1601530196","1879964002","0.5"
"1879964002","1601530196","0.5"
"1601530196","2110338707","1.5"
"2110338707","1601530196","1.5"
"1601530196","1810648047","1.5"
"1810648047","1601530196","1.5"
"1792955578","2252079059","7"
"2252079059","1792955578","7"
"2108947685","44857462","2"
"44857462","2108947685","2"
"1879964002","2110470974","0.333333"
"2110470974","1879964002","0.333333"
"2078915921","2110470974","0.333333"
"2110470974","2078915921","0.333333"
"2110338707","2110470974","3.33333"
"2110470974","2110338707","3.33333"
