"1499383969","1700635650","1.07692"
"1700635650","1499383969","1.07692"
"1499383969","1754018986","1.07692"
"1754018986","1499383969","1.07692"
"1499383969","1882528538","1"
"1882528538","1499383969","1"
"1700635650","1754018986","22.5769"
"1754018986","1700635650","22.5769"
"1700635650","1882528538","26.0667"
"1882528538","1700635650","26.0667"
"1754018986","1882528538","19.5"
"1882528538","1754018986","19.5"
"1499383969","1501868837","1.41026"
"1501868837","1499383969","1.41026"
"1499383969","1578511926","0.410256"
"1578511926","1499383969","0.410256"
"1499383969","1620576713","0.333333"
"1620576713","1499383969","0.333333"
"1499383969","1705874337","0.410256"
"1705874337","1499383969","0.410256"
"1499383969","1797143010","0.285714"
"1797143010","1499383969","0.285714"
"1499383969","1811867187","0.285714"
"1811867187","1499383969","0.285714"
"1499383969","1837889355","0.285714"
"1837889355","1499383969","0.285714"
"1499383969","1840209657","0.285714"
"1840209657","1499383969","0.285714"
"1499383969","1872334845","0.285714"
"1872334845","1499383969","0.285714"
"1499383969","1902773449","0.410256"
"1902773449","1499383969","0.410256"
"1499383969","1943054179","0.410256"
"1943054179","1499383969","0.410256"
"1499383969","1958159702","0.362637"
"1958159702","1499383969","0.362637"
"1499383969","2109997033","0.410256"
"2109997033","1499383969","0.410256"
"1499383969","2110167633","0.410256"
"2110167633","1499383969","0.410256"
"1499383969","2129406785","0.410256"
"2129406785","1499383969","0.410256"
"1499383969","2136540215","0.410256"
"2136540215","1499383969","0.410256"
"1499383969","2276536641","0.333333"
"2276536641","1499383969","0.333333"
"1499383969","983852357","0.410256"
"983852357","1499383969","0.410256"
"1501868837","1578511926","0.521368"
"1578511926","1501868837","0.521368"
"1501868837","1620576713","0.333333"
"1620576713","1501868837","0.333333"
"1501868837","1700635650","1.42137"
"1700635650","1501868837","1.42137"
"1501868837","1705874337","9.12137"
"1705874337","1501868837","9.12137"
"1501868837","1754018986","0.410256"
"1754018986","1501868837","0.410256"
"1501868837","1797143010","1.59683"
"1797143010","1501868837","1.59683"
"1501868837","1811867187","0.285714"
"1811867187","1501868837","0.285714"
"1501868837","1837889355","1.89683"
"1837889355","1501868837","1.89683"
"1501868837","1840209657","4.39683"
"1840209657","1501868837","4.39683"
"1501868837","1872334845","0.596825"
"1872334845","1501868837","0.596825"
"1501868837","1882528538","2.73333"
"1882528538","1501868837","2.73333"
"1501868837","1902773449","0.410256"
"1902773449","1501868837","0.410256"
"1501868837","1943054179","0.410256"
"1943054179","1501868837","0.410256"
"1501868837","1958159702","7.07375"
"1958159702","1501868837","7.07375"
"1501868837","2109997033","0.410256"
"2109997033","1501868837","0.410256"
"1501868837","2110167633","3.12137"
"2110167633","1501868837","3.12137"
"1501868837","2129406785","0.410256"
"2129406785","1501868837","0.410256"
"1501868837","2136540215","0.410256"
"2136540215","1501868837","0.410256"
"1501868837","2276536641","0.333333"
"2276536641","1501868837","0.333333"
"1501868837","983852357","0.910256"
"983852357","1501868837","0.910256"
"1578511926","1620576713","0.333333"
"1620576713","1578511926","0.333333"
"1578511926","1700635650","6.68803"
"1700635650","1578511926","6.68803"
"1578511926","1705874337","0.521368"
"1705874337","1578511926","0.521368"
"1578511926","1754018986","0.410256"
"1754018986","1578511926","0.410256"
"1578511926","1797143010","0.396825"
"1797143010","1578511926","0.396825"
"1578511926","1811867187","0.285714"
"1811867187","1578511926","0.285714"
"1578511926","1837889355","0.396825"
"1837889355","1578511926","0.396825"
"1578511926","1840209657","1.39683"
"1840209657","1578511926","1.39683"
"1578511926","1872334845","0.396825"
"1872334845","1578511926","0.396825"
"1578511926","1882528538","5.5"
"1882528538","1578511926","5.5"
"1578511926","1902773449","1.91026"
"1902773449","1578511926","1.91026"
"1578511926","1943054179","1.91026"
"1943054179","1578511926","1.91026"
"1578511926","1958159702","18.1404"
"1958159702","1578511926","18.1404"
"1578511926","2109997033","0.410256"
"2109997033","1578511926","0.410256"
"1578511926","2110167633","1.52137"
"2110167633","1578511926","1.52137"
"1578511926","2129406785","1.41026"
"2129406785","1578511926","1.41026"
"1578511926","2136540215","0.410256"
"2136540215","1578511926","0.410256"
"1578511926","2276536641","4.33333"
"2276536641","1578511926","4.33333"
"1578511926","983852357","0.410256"
"983852357","1578511926","0.410256"
"1620576713","1700635650","0.333333"
"1700635650","1620576713","0.333333"
"1620576713","1705874337","0.333333"
"1705874337","1620576713","0.333333"
"1620576713","1754018986","0.333333"
"1754018986","1620576713","0.333333"
"1620576713","1797143010","0.285714"
"1797143010","1620576713","0.285714"
"1620576713","1811867187","0.285714"
"1811867187","1620576713","0.285714"
"1620576713","1837889355","0.285714"
"1837889355","1620576713","0.285714"
"1620576713","1840209657","11.2857"
"1840209657","1620576713","11.2857"
"1620576713","1872334845","0.285714"
"1872334845","1620576713","0.285714"
"1620576713","1882528538","0.833333"
"1882528538","1620576713","0.833333"
"1620576713","1902773449","0.333333"
"1902773449","1620576713","0.333333"
"1620576713","1943054179","0.333333"
"1943054179","1620576713","0.333333"
"1620576713","1958159702","0.285714"
"1958159702","1620576713","0.285714"
"1620576713","2109997033","0.333333"
"2109997033","1620576713","0.333333"
"1620576713","2110167633","0.333333"
"2110167633","1620576713","0.333333"
"1620576713","2129406785","0.333333"
"2129406785","1620576713","0.333333"
"1620576713","2136540215","0.833333"
"2136540215","1620576713","0.833333"
"1620576713","2276536641","0.333333"
"2276536641","1620576713","0.333333"
"1620576713","983852357","0.333333"
"983852357","1620576713","0.333333"
"1700635650","1705874337","3.42137"
"1705874337","1700635650","3.42137"
"1700635650","1797143010","0.396825"
"1797143010","1700635650","0.396825"
"1700635650","1811867187","0.285714"
"1811867187","1700635650","0.285714"
"1700635650","1837889355","0.396825"
"1837889355","1700635650","0.396825"
"1700635650","1840209657","0.396825"
"1840209657","1700635650","0.396825"
"1700635650","1872334845","0.396825"
"1872334845","1700635650","0.396825"
"1700635650","1902773449","1.41026"
"1902773449","1700635650","1.41026"
"1700635650","1943054179","4.91026"
"1943054179","1700635650","4.91026"
"1700635650","1958159702","14.0404"
"1958159702","1700635650","14.0404"
"1700635650","2109997033","0.410256"
"2109997033","1700635650","0.410256"
"1700635650","2110167633","3.42137"
"2110167633","1700635650","3.42137"
"1700635650","2129406785","2.91026"
"2129406785","1700635650","2.91026"
"1700635650","2136540215","0.410256"
"2136540215","1700635650","0.410256"
"1700635650","2276536641","0.333333"
"2276536641","1700635650","0.333333"
"1700635650","983852357","0.410256"
"983852357","1700635650","0.410256"
"1705874337","1754018986","0.410256"
"1754018986","1705874337","0.410256"
"1705874337","1797143010","1.69683"
"1797143010","1705874337","1.69683"
"1705874337","1811867187","0.385714"
"1811867187","1705874337","0.385714"
"1705874337","1837889355","1.49683"
"1837889355","1705874337","1.49683"
"1705874337","1840209657","1.49683"
"1840209657","1705874337","1.49683"
"1705874337","1872334845","0.696825"
"1872334845","1705874337","0.696825"
"1705874337","1882528538","0.833333"
"1882528538","1705874337","0.833333"
"1705874337","1902773449","0.510256"
"1902773449","1705874337","0.510256"
"1705874337","1943054179","0.410256"
"1943054179","1705874337","0.410256"
"1705874337","1958159702","1.57375"
"1958159702","1705874337","1.57375"
"1705874337","2109997033","0.510256"
"2109997033","1705874337","0.510256"
"1705874337","2110167633","9.72137"
"2110167633","1705874337","9.72137"
"1705874337","2129406785","0.410256"
"2129406785","1705874337","0.410256"
"1705874337","2136540215","0.410256"
"2136540215","1705874337","0.410256"
"1705874337","2276536641","1.33333"
"2276536641","1705874337","1.33333"
"1705874337","983852357","0.910256"
"983852357","1705874337","0.910256"
"1754018986","1797143010","0.285714"
"1797143010","1754018986","0.285714"
"1754018986","1811867187","0.285714"
"1811867187","1754018986","0.285714"
"1754018986","1837889355","0.285714"
"1837889355","1754018986","0.285714"
"1754018986","1840209657","0.285714"
"1840209657","1754018986","0.285714"
"1754018986","1872334845","0.285714"
"1872334845","1754018986","0.285714"
"1754018986","1902773449","0.410256"
"1902773449","1754018986","0.410256"
"1754018986","1943054179","0.410256"
"1943054179","1754018986","0.410256"
"1754018986","1958159702","1.36264"
"1958159702","1754018986","1.36264"
"1754018986","2109997033","0.660256"
"2109997033","1754018986","0.660256"
"1754018986","2110167633","1.66026"
"2110167633","1754018986","1.66026"
"1754018986","2129406785","0.410256"
"2129406785","1754018986","0.410256"
"1754018986","2136540215","0.660256"
"2136540215","1754018986","0.660256"
"1754018986","2276536641","0.333333"
"2276536641","1754018986","0.333333"
"1754018986","983852357","0.660256"
"983852357","1754018986","0.660256"
"1797143010","1811867187","0.338095"
"1811867187","1797143010","0.338095"
"1797143010","1837889355","1.82421"
"1837889355","1797143010","1.82421"
"1797143010","1840209657","1.57421"
"1840209657","1797143010","1.57421"
"1797143010","1872334845","2.02421"
"1872334845","1797143010","2.02421"
"1797143010","1882528538","0.510714"
"1882528538","1797143010","0.510714"
"1797143010","1902773449","0.510714"
"1902773449","1797143010","0.510714"
"1797143010","1943054179","0.285714"
"1943054179","1797143010","0.285714"
"1797143010","1958159702","0.549206"
"1958159702","1797143010","0.549206"
"1797143010","2109997033","0.510714"
"2109997033","1797143010","0.510714"
"1797143010","2110167633","1.82183"
"2110167633","1797143010","1.82183"
"1797143010","2129406785","0.285714"
"2129406785","1797143010","0.285714"
"1797143010","2136540215","0.660714"
"2136540215","1797143010","0.660714"
"1797143010","2276536641","0.285714"
"2276536641","1797143010","0.285714"
"1797143010","983852357","0.285714"
"983852357","1797143010","0.285714"
"1811867187","1837889355","0.338095"
"1837889355","1811867187","0.338095"
"1811867187","1840209657","0.338095"
"1840209657","1811867187","0.338095"
"1811867187","1872334845","0.338095"
"1872334845","1811867187","0.338095"
"1811867187","1882528538","0.385714"
"1882528538","1811867187","0.385714"
"1811867187","1902773449","0.385714"
"1902773449","1811867187","0.385714"
"1811867187","1943054179","0.285714"
"1943054179","1811867187","0.285714"
"1811867187","1958159702","0.238095"
"1958159702","1811867187","0.238095"
"1811867187","2109997033","0.385714"
"2109997033","1811867187","0.385714"
"1811867187","2110167633","0.385714"
"2110167633","1811867187","0.385714"
"1811867187","2129406785","0.285714"
"2129406785","1811867187","0.285714"
"1811867187","2136540215","0.285714"
"2136540215","1811867187","0.285714"
"1811867187","2276536641","0.285714"
"2276536641","1811867187","0.285714"
"1811867187","983852357","0.285714"
"983852357","1811867187","0.285714"
"1837889355","1840209657","3.07421"
"1840209657","1837889355","3.07421"
"1837889355","1872334845","1.32421"
"1872334845","1837889355","1.32421"
"1837889355","1882528538","2.01071"
"1882528538","1837889355","2.01071"
"1837889355","1902773449","0.510714"
"1902773449","1837889355","0.510714"
"1837889355","1943054179","0.285714"
"1943054179","1837889355","0.285714"
"1837889355","1958159702","7.18254"
"1958159702","1837889355","7.18254"
"1837889355","2109997033","0.844048"
"2109997033","1837889355","0.844048"
"1837889355","2110167633","3.12183"
"2110167633","1837889355","3.12183"
"1837889355","2129406785","0.619048"
"2129406785","1837889355","0.619048"
"1837889355","2136540215","0.660714"
"2136540215","1837889355","0.660714"
"1837889355","2276536641","0.285714"
"2276536641","1837889355","0.285714"
"1837889355","983852357","0.285714"
"983852357","1837889355","0.285714"
"1840209657","1872334845","1.07421"
"1872334845","1840209657","1.07421"
"1840209657","1882528538","4.51071"
"1882528538","1840209657","4.51071"
"1840209657","1902773449","0.510714"
"1902773449","1840209657","0.510714"
"1840209657","1943054179","2.28571"
"1943054179","1840209657","2.28571"
"1840209657","1958159702","2.34921"
"1958159702","1840209657","2.34921"
"1840209657","2109997033","0.510714"
"2109997033","1840209657","0.510714"
"1840209657","2110167633","2.12183"
"2110167633","1840209657","2.12183"
"1840209657","2129406785","0.285714"
"2129406785","1840209657","0.285714"
"1840209657","2136540215","0.410714"
"2136540215","1840209657","0.410714"
"1840209657","2276536641","0.285714"
"2276536641","1840209657","0.285714"
"1840209657","983852357","0.285714"
"983852357","1840209657","0.285714"
"1872334845","1882528538","0.510714"
"1882528538","1872334845","0.510714"
"1872334845","1902773449","1.51071"
"1902773449","1872334845","1.51071"
"1872334845","1943054179","0.285714"
"1943054179","1872334845","0.285714"
"1872334845","1958159702","2.54921"
"1958159702","1872334845","2.54921"
"1872334845","2109997033","0.510714"
"2109997033","1872334845","0.510714"
"1872334845","2110167633","1.82183"
"2110167633","1872334845","1.82183"
"1872334845","2129406785","0.285714"
"2129406785","1872334845","0.285714"
"1872334845","2136540215","0.660714"
"2136540215","1872334845","0.660714"
"1872334845","2276536641","0.285714"
"2276536641","1872334845","0.285714"
"1872334845","983852357","0.285714"
"983852357","1872334845","0.285714"
"1882528538","1902773449","5.05833"
"1902773449","1882528538","5.05833"
"1882528538","1943054179","3.83333"
"1943054179","1882528538","3.83333"
"1882528538","1958159702","20.519"
"1958159702","1882528538","20.519"
"1882528538","2109997033","1.05833"
"2109997033","1882528538","1.05833"
"1882528538","2110167633","1.625"
"2110167633","1882528538","1.625"
"1882528538","2129406785","2.33333"
"2129406785","1882528538","2.33333"
"1882528538","2136540215","3.45833"
"2136540215","1882528538","3.45833"
"1882528538","2276536641","0.333333"
"2276536641","1882528538","0.333333"
"1882528538","983852357","1"
"983852357","1882528538","1"
"1902773449","1943054179","2.91026"
"1943054179","1902773449","2.91026"
"1902773449","1958159702","4.86264"
"1958159702","1902773449","4.86264"
"1902773449","2109997033","0.635256"
"2109997033","1902773449","0.635256"
"1902773449","2110167633","2.13526"
"2110167633","1902773449","2.13526"
"1902773449","2129406785","2.91026"
"2129406785","1902773449","2.91026"
"1902773449","2136540215","0.535256"
"2136540215","1902773449","0.535256"
"1902773449","2276536641","0.333333"
"2276536641","1902773449","0.333333"
"1902773449","983852357","0.410256"
"983852357","1902773449","0.410256"
"1943054179","1958159702","10.3626"
"1958159702","1943054179","10.3626"
"1943054179","2109997033","0.410256"
"2109997033","1943054179","0.410256"
"1943054179","2110167633","0.410256"
"2110167633","1943054179","0.410256"
"1943054179","2129406785","1.41026"
"2129406785","1943054179","1.41026"
"1943054179","2136540215","0.410256"
"2136540215","1943054179","0.410256"
"1943054179","2276536641","0.333333"
"2276536641","1943054179","0.333333"
"1943054179","983852357","0.410256"
"983852357","1943054179","0.410256"
"1958159702","2109997033","1.69597"
"2109997033","1958159702","1.69597"
"1958159702","2110167633","5.74042"
"2110167633","1958159702","5.74042"
"1958159702","2129406785","2.19597"
"2129406785","1958159702","2.19597"
"1958159702","2136540215","0.362637"
"2136540215","1958159702","0.362637"
"1958159702","2276536641","0.285714"
"2276536641","1958159702","0.285714"
"1958159702","983852357","2.0293"
"983852357","1958159702","2.0293"
"2109997033","2110167633","0.885256"
"2110167633","2109997033","0.885256"
"2109997033","2129406785","0.74359"
"2129406785","2109997033","0.74359"
"2109997033","2136540215","1.28526"
"2136540215","2109997033","1.28526"
"2109997033","2276536641","0.333333"
"2276536641","2109997033","0.333333"
"2109997033","983852357","0.660256"
"983852357","2109997033","0.660256"
"2110167633","2129406785","0.910256"
"2129406785","2110167633","0.910256"
"2110167633","2136540215","0.785256"
"2136540215","2110167633","0.785256"
"2110167633","2276536641","0.333333"
"2276536641","2110167633","0.333333"
"2110167633","983852357","1.32692"
"983852357","2110167633","1.32692"
"2129406785","2136540215","0.410256"
"2136540215","2129406785","0.410256"
"2129406785","2276536641","0.333333"
"2276536641","2129406785","0.333333"
"2129406785","983852357","0.410256"
"983852357","2129406785","0.410256"
"2136540215","2276536641","0.333333"
"2276536641","2136540215","0.333333"
"2136540215","983852357","0.660256"
"983852357","2136540215","0.660256"
"2276536641","983852357","0.333333"
"983852357","2276536641","0.333333"
"1499383969","1651243641","0.285714"
"1651243641","1499383969","0.285714"
"1501868837","1651243641","0.785714"
"1651243641","1501868837","0.785714"
"1578511926","1651243641","0.285714"
"1651243641","1578511926","0.285714"
"1620576713","1651243641","0.285714"
"1651243641","1620576713","0.285714"
"1651243641","1700635650","1.28571"
"1700635650","1651243641","1.28571"
"1651243641","1705874337","1.38571"
"1705874337","1651243641","1.38571"
"1651243641","1754018986","0.285714"
"1754018986","1651243641","0.285714"
"1651243641","1811867187","2.3381"
"1811867187","1651243641","2.3381"
"1651243641","1837889355","0.588095"
"1837889355","1651243641","0.588095"
"1651243641","1840209657","0.838095"
"1840209657","1651243641","0.838095"
"1651243641","1872334845","1.5881"
"1872334845","1651243641","1.5881"
"1651243641","1882528538","1.38571"
"1882528538","1651243641","1.38571"
"1651243641","1902773449","0.385714"
"1902773449","1651243641","0.385714"
"1651243641","1943054179","0.285714"
"1943054179","1651243641","0.285714"
"1651243641","1958159702","0.238095"
"1958159702","1651243641","0.238095"
"1651243641","2109997033","0.385714"
"2109997033","1651243641","0.385714"
"1651243641","2110167633","0.385714"
"2110167633","1651243641","0.385714"
"1651243641","2129406785","0.285714"
"2129406785","1651243641","0.285714"
"1651243641","2136540215","0.535714"
"2136540215","1651243641","0.535714"
"1651243641","2276536641","0.285714"
"2276536641","1651243641","0.285714"
"1651243641","983852357","0.285714"
"983852357","1651243641","0.285714"
"1651243641","1797143010","0.588095"
"1797143010","1651243641","0.588095"
