"13610973","1970053278","1.25"
"1970053278","13610973","1.25"
"13610973","1978077279","0.583333"
"1978077279","13610973","0.583333"
"13610973","2124666970","0.25"
"2124666970","13610973","0.25"
"13610973","91367923","0.25"
"91367923","13610973","0.25"
"1970053278","1978077279","2.25"
"1978077279","1970053278","2.25"
"1970053278","2124666970","1.5"
"2124666970","1970053278","1.5"
"1970053278","91367923","0.25"
"91367923","1970053278","0.25"
"1978077279","2124666970","1.25"
"2124666970","1978077279","1.25"
"1978077279","91367923","0.25"
"91367923","1978077279","0.25"
"2124666970","91367923","0.25"
"91367923","2124666970","0.25"
"13610973","1530001627","0.666667"
"1530001627","13610973","0.666667"
"13610973","1592852289","3.33333"
"1592852289","13610973","3.33333"
"13610973","1838830303","0.666667"
"1838830303","13610973","0.666667"
"1530001627","1592852289","0.333333"
"1592852289","1530001627","0.333333"
"1530001627","1838830303","2.75"
"1838830303","1530001627","2.75"
"1592852289","1838830303","0.333333"
"1838830303","1592852289","0.333333"
"1530001627","1978077279","2.33333"
"1978077279","1530001627","2.33333"
"1838830303","1978077279","0.333333"
"1978077279","1838830303","0.333333"
"138632912","2100142773","1.33333"
"2100142773","138632912","1.33333"
"138632912","2167917855","9.58333"
"2167917855","138632912","9.58333"
"138632912","1971511288","1.25"
"1971511288","138632912","1.25"
"138632912","1977063858","0.75"
"1977063858","138632912","0.75"
"138632912","2129069117","0.25"
"2129069117","138632912","0.25"
"1971511288","1977063858","24.0833"
"1977063858","1971511288","24.0833"
"1971511288","2129069117","0.25"
"2129069117","1971511288","0.25"
"1971511288","2167917855","2.75"
"2167917855","1971511288","2.75"
"1977063858","2129069117","0.25"
"2129069117","1977063858","0.25"
"1977063858","2167917855","0.25"
"2167917855","1977063858","0.25"
"2129069117","2167917855","4.25"
"2167917855","2129069117","4.25"
"138632912","2087235445","0.5"
"2087235445","138632912","0.5"
"2087235445","2167917855","0.5"
"2167917855","2087235445","0.5"
"138632912","2072289881","0.333333"
"2072289881","138632912","0.333333"
"2072289881","2100142773","0.333333"
"2100142773","2072289881","0.333333"
"2072289881","2167917855","0.333333"
"2167917855","2072289881","0.333333"
"2100142773","2167917855","1.33333"
"2167917855","2100142773","1.33333"
"1495116581","1606051903","0.333333"
"1606051903","1495116581","0.333333"
"1495116581","1838830303","0.333333"
"1838830303","1495116581","0.333333"
"1495116581","2011874581","0.333333"
"2011874581","1495116581","0.333333"
"1606051903","1838830303","0.866667"
"1838830303","1606051903","0.866667"
"1606051903","2011874581","0.866667"
"2011874581","1606051903","0.866667"
"1838830303","2011874581","0.866667"
"2011874581","1838830303","0.866667"
"1496140747","2007499762","1"
"2007499762","1496140747","1"
"1509958463","1565751952","1.2"
"1565751952","1509958463","1.2"
"1509958463","2145833990","1.75"
"2145833990","1509958463","1.75"
"1509958463","2158002657","0.25"
"2158002657","1509958463","0.25"
"1509958463","70353091","2.2"
"70353091","1509958463","2.2"
"1565751952","2145833990","0.25"
"2145833990","1565751952","0.25"
"1565751952","2158002657","0.25"
"2158002657","1565751952","0.25"
"1565751952","70353091","0.7"
"70353091","1565751952","0.7"
"2145833990","2158002657","0.25"
"2158002657","2145833990","0.25"
"2145833990","70353091","2.25"
"70353091","2145833990","2.25"
"2158002657","70353091","0.25"
"70353091","2158002657","0.25"
"1509958463","2115293423","0.75"
"2115293423","1509958463","0.75"
"2115293423","70353091","2.25"
"70353091","2115293423","2.25"
"1509958463","1606051903","0.533333"
"1606051903","1509958463","0.533333"
"1509958463","1838830303","1.86667"
"1838830303","1509958463","1.86667"
"1509958463","2011874581","0.783333"
"2011874581","1509958463","0.783333"
"1509958463","1530001627","0.833333"
"1530001627","1509958463","0.833333"
"1509958463","2124666970","0.333333"
"2124666970","1509958463","0.333333"
"1530001627","2124666970","1.58333"
"2124666970","1530001627","1.58333"
"1838830303","2124666970","0.583333"
"2124666970","1838830303","0.583333"
"1565751952","2011874581","0.95"
"2011874581","1565751952","0.95"
"1565751952","2115293423","0.75"
"2115293423","1565751952","0.75"
"2011874581","2115293423","0.75"
"2115293423","2011874581","0.75"
"2011874581","70353091","0.45"
"70353091","2011874581","0.45"
"1509958463","2111191448","0.5"
"2111191448","1509958463","0.5"
"2111191448","70353091","0.5"
"70353091","2111191448","0.5"
"1565751952","1606051903","0.2"
"1606051903","1565751952","0.2"
"1565751952","1838830303","0.7"
"1838830303","1565751952","0.7"
"1606051903","70353091","0.2"
"70353091","1606051903","0.2"
"1838830303","70353091","0.2"
"70353091","1838830303","0.2"
"1530001627","1970053278","1.75"
"1970053278","1530001627","1.75"
"1530001627","2027252586","0.5"
"2027252586","1530001627","0.5"
"1970053278","2027252586","0.5"
"2027252586","1970053278","0.5"
"1530001627","1559838239","0.25"
"1559838239","1530001627","0.25"
"1559838239","1838830303","0.25"
"1838830303","1559838239","0.25"
"1559838239","1970053278","5.25"
"1970053278","1559838239","5.25"
"1559838239","2124666970","1.25"
"2124666970","1559838239","1.25"
"1838830303","1970053278","0.25"
"1970053278","1838830303","0.25"
"1592852289","1978077279","5"
"1978077279","1592852289","5"
"159925378","1983025185","0.25"
"1983025185","159925378","0.25"
"159925378","2056197191","0.25"
"2056197191","159925378","0.25"
"159925378","2063919454","0.25"
"2063919454","159925378","0.25"
"159925378","2167917855","0.25"
"2167917855","159925378","0.25"
"1983025185","2056197191","0.25"
"2056197191","1983025185","0.25"
"1983025185","2063919454","0.25"
"2063919454","1983025185","0.25"
"1983025185","2167917855","0.25"
"2167917855","1983025185","0.25"
"2056197191","2063919454","2.25"
"2063919454","2056197191","2.25"
"2056197191","2167917855","0.25"
"2167917855","2056197191","0.25"
"2063919454","2167917855","1.25"
"2167917855","2063919454","1.25"
"1971511288","2032150764","20.8333"
"2032150764","1971511288","20.8333"
"1971511288","2056197191","1.33333"
"2056197191","1971511288","1.33333"
"2032150764","2056197191","2.33333"
"2056197191","2032150764","2.33333"
"1977063858","2032150764","14"
"2032150764","1977063858","14"
"1971511288","2294746603","2"
"2294746603","1971511288","2"
"1977063858","2294746603","3.16667"
"2294746603","1977063858","3.16667"
"2032150764","2294746603","1.16667"
"2294746603","2032150764","1.16667"
"1977063858","2056197191","0.333333"
"2056197191","1977063858","0.333333"
"1971511288","2063919454","0.5"
"2063919454","1971511288","0.5"
"1977063858","2063919454","0.666667"
"2063919454","1977063858","0.666667"
"1971511288","2154138844","1"
"2154138844","1971511288","1"
"1977063858","2013691418","0.166667"
"2013691418","1977063858","0.166667"
"1977063858","2087235445","0.166667"
"2087235445","1977063858","0.166667"
"1977063858","76894243","0.166667"
"76894243","1977063858","0.166667"
"2013691418","2032150764","0.166667"
"2032150764","2013691418","0.166667"
"2013691418","2063919454","0.166667"
"2063919454","2013691418","0.166667"
"2013691418","2087235445","1.16667"
"2087235445","2013691418","1.16667"
"2013691418","2294746603","0.166667"
"2294746603","2013691418","0.166667"
"2013691418","76894243","0.166667"
"76894243","2013691418","0.166667"
"2032150764","2063919454","0.166667"
"2063919454","2032150764","0.166667"
"2032150764","2087235445","0.166667"
"2087235445","2032150764","0.166667"
"2032150764","76894243","0.166667"
"76894243","2032150764","0.166667"
"2063919454","2087235445","0.166667"
"2087235445","2063919454","0.166667"
"2063919454","2294746603","0.166667"
"2294746603","2063919454","0.166667"
"2063919454","76894243","0.166667"
"76894243","2063919454","0.166667"
"2087235445","2294746603","0.166667"
"2294746603","2087235445","0.166667"
"2087235445","76894243","0.166667"
"76894243","2087235445","0.166667"
"2294746603","76894243","0.166667"
"76894243","2294746603","0.166667"
"2087235445","2154138844","2"
"2154138844","2087235445","2"
"2102703138","2158002657","1"
"2158002657","2102703138","1"
"2115293423","2145833990","2.5"
"2145833990","2115293423","2.5"
"2138773539","2154138844","1"
"2154138844","2138773539","1"
