"1567158872","1575830716","0.236111"
"1575830716","1567158872","0.236111"
"1567158872","1783793609","0.236111"
"1783793609","1567158872","0.236111"
"1567158872","1809594540","18.5949"
"1809594540","1567158872","18.5949"
"1567158872","1825651452","1.41111"
"1825651452","1567158872","1.41111"
"1567158872","1877461462","0.591667"
"1877461462","1567158872","0.591667"
"1567158872","1941002719","1.53611"
"1941002719","1567158872","1.53611"
"1567158872","2098562945","0.236111"
"2098562945","1567158872","0.236111"
"1567158872","2127854704","0.236111"
"2127854704","1567158872","0.236111"
"1567158872","2139653750","1.59493"
"2139653750","1567158872","1.59493"
"1575830716","1783793609","35.9519"
"1783793609","1575830716","35.9519"
"1575830716","1809594540","0.236111"
"1809594540","1575830716","0.236111"
"1575830716","1825651452","8.40068"
"1825651452","1575830716","8.40068"
"1575830716","1877461462","19.1407"
"1877461462","1575830716","19.1407"
"1575830716","1941002719","50.0352"
"1941002719","1575830716","50.0352"
"1575830716","2098562945","14.7757"
"2098562945","1575830716","14.7757"
"1575830716","2127854704","0.652778"
"2127854704","1575830716","0.652778"
"1575830716","2139653750","0.881349"
"2139653750","1575830716","0.881349"
"1783793609","1809594540","0.236111"
"1809594540","1783793609","0.236111"
"1783793609","1825651452","4.67211"
"1825651452","1783793609","4.67211"
"1783793609","1877461462","14.4638"
"1877461462","1783793609","14.4638"
"1783793609","1941002719","32.0352"
"1941002719","1783793609","32.0352"
"1783793609","2098562945","11.7971"
"2098562945","1783793609","11.7971"
"1783793609","2127854704","1.40278"
"2127854704","1783793609","1.40278"
"1783793609","2139653750","0.236111"
"2139653750","1783793609","0.236111"
"1809594540","1825651452","0.411111"
"1825651452","1809594540","0.411111"
"1809594540","1877461462","0.536111"
"1877461462","1809594540","0.536111"
"1809594540","1941002719","5.53611"
"1941002719","1809594540","5.53611"
"1809594540","2098562945","0.236111"
"2098562945","1809594540","0.236111"
"1809594540","2127854704","0.236111"
"2127854704","1809594540","0.236111"
"1809594540","2139653750","2.21557"
"2139653750","1809594540","2.21557"
"1825651452","1877461462","10.9626"
"1877461462","1825651452","10.9626"
"1825651452","1941002719","10.3888"
"1941002719","1825651452","10.3888"
"1825651452","2098562945","7.49592"
"2098562945","1825651452","7.49592"
"1825651452","2127854704","0.527778"
"2127854704","1825651452","0.527778"
"1825651452","2139653750","0.506349"
"2139653750","1825651452","0.506349"
"1877461462","1941002719","17.7556"
"1941002719","1877461462","17.7556"
"1877461462","2098562945","21.7572"
"2098562945","1877461462","21.7572"
"1877461462","2127854704","0.402778"
"2127854704","1877461462","0.402778"
"1877461462","2139653750","0.681349"
"2139653750","1877461462","0.681349"
"1941002719","2098562945","10.6848"
"2098562945","1941002719","10.6848"
"1941002719","2127854704","0.652778"
"2127854704","1941002719","0.652778"
"1941002719","2139653750","0.536111"
"2139653750","1941002719","0.536111"
"2098562945","2127854704","1.65278"
"2127854704","2098562945","1.65278"
"2098562945","2139653750","0.831349"
"2139653750","2098562945","0.831349"
"2127854704","2139653750","0.236111"
"2139653750","2127854704","0.236111"
"1567158872","1578312553","0.442157"
"1578312553","1567158872","0.442157"
"1567158872","1662479682","6.44216"
"1662479682","1567158872","6.44216"
"1567158872","1760900537","0.442157"
"1760900537","1567158872","0.442157"
"1567158872","1811515389","0.497712"
"1811515389","1567158872","0.497712"
"1567158872","1907719033","0.497712"
"1907719033","1567158872","0.497712"
"1567158872","1945999686","1.13552"
"1945999686","1567158872","1.13552"
"1567158872","2106197831","0.442157"
"2106197831","1567158872","0.442157"
"1567158872","2119147684","0.358824"
"2119147684","1567158872","0.358824"
"1567158872","2122192058","2.13552"
"2122192058","1567158872","2.13552"
"1567158872","2133392123","0.442157"
"2133392123","1567158872","0.442157"
"1567158872","2146575883","1.13552"
"2146575883","1567158872","1.13552"
"1567158872","2154549901","0.497712"
"2154549901","1567158872","0.497712"
"1567158872","2165737071","0.358824"
"2165737071","1567158872","0.358824"
"1567158872","2170714014","1.41438"
"2170714014","1567158872","1.41438"
"1567158872","2207899133","1.13552"
"2207899133","1567158872","1.13552"
"1578312553","1662479682","9.81767"
"1662479682","1578312553","9.81767"
"1578312553","1760900537","8.38211"
"1760900537","1578312553","8.38211"
"1578312553","1809594540","0.358824"
"1809594540","1578312553","0.358824"
"1578312553","1811515389","10.2677"
"1811515389","1578312553","10.2677"
"1578312553","1825651452","1.22723"
"1825651452","1578312553","1.22723"
"1578312553","1877461462","7.32387"
"1877461462","1578312553","7.32387"
"1578312553","1907719033","7.35492"
"1907719033","1578312553","7.35492"
"1578312553","1941002719","1.16473"
"1941002719","1578312553","1.16473"
"1578312553","1945999686","8.6701"
"1945999686","1578312553","8.6701"
"1578312553","2106197831","10.2537"
"2106197831","1578312553","10.2537"
"1578312553","2119147684","1.68754"
"2119147684","1578312553","1.68754"
"1578312553","2122192058","9.95174"
"2122192058","1578312553","9.95174"
"1578312553","2133392123","10.2726"
"2133392123","1578312553","10.2726"
"1578312553","2139653750","0.358824"
"2139653750","1578312553","0.358824"
"1578312553","2146575883","9.75174"
"2146575883","1578312553","9.75174"
"1578312553","2154549901","8.58211"
"2154549901","1578312553","8.58211"
"1578312553","2165737071","3.08489"
"2165737071","1578312553","3.08489"
"1578312553","2170714014","3.33013"
"2170714014","1578312553","3.33013"
"1578312553","2207899133","7.50235"
"2207899133","1578312553","7.50235"
"1662479682","1760900537","8.38211"
"1760900537","1662479682","8.38211"
"1662479682","1809594540","1.35882"
"1809594540","1662479682","1.35882"
"1662479682","1811515389","11.018"
"1811515389","1662479682","11.018"
"1662479682","1825651452","1.22723"
"1825651452","1662479682","1.22723"
"1662479682","1877461462","7.51021"
"1877461462","1662479682","7.51021"
"1662479682","1907719033","7.39839"
"1907719033","1662479682","7.39839"
"1662479682","1941002719","1.20821"
"1941002719","1662479682","1.20821"
"1662479682","1945999686","8.71358"
"1945999686","1662479682","8.71358"
"1662479682","2106197831","10.8177"
"2106197831","1662479682","10.8177"
"1662479682","2119147684","1.73102"
"2119147684","1662479682","1.73102"
"1662479682","2122192058","9.8092"
"2122192058","1662479682","9.8092"
"1662479682","2133392123","17.8461"
"2133392123","1662479682","17.8461"
"1662479682","2139653750","0.358824"
"2139653750","1662479682","0.358824"
"1662479682","2146575883","9.8092"
"2146575883","1662479682","9.8092"
"1662479682","2154549901","8.56845"
"2154549901","1662479682","8.56845"
"1662479682","2165737071","3.08489"
"2165737071","1662479682","3.08489"
"1662479682","2170714014","3.68313"
"2170714014","1662479682","3.68313"
"1662479682","2207899133","7.54583"
"2207899133","1662479682","7.54583"
"1760900537","1809594540","0.358824"
"1809594540","1760900537","0.358824"
"1760900537","1811515389","8.57259"
"1811515389","1760900537","8.57259"
"1760900537","1825651452","1.22723"
"1825651452","1760900537","1.22723"
"1760900537","1877461462","8.59768"
"1877461462","1760900537","8.59768"
"1760900537","1907719033","9.16828"
"1907719033","1760900537","9.16828"
"1760900537","1941002719","1.16473"
"1941002719","1760900537","1.16473"
"1760900537","1945999686","18.9789"
"1945999686","1760900537","18.9789"
"1760900537","2106197831","8.38211"
"2106197831","1760900537","8.38211"
"1760900537","2119147684","1.26482"
"2119147684","1760900537","1.26482"
"1760900537","2122192058","10.9081"
"2122192058","1760900537","10.9081"
"1760900537","2133392123","8.38211"
"2133392123","1760900537","8.38211"
"1760900537","2139653750","0.358824"
"2139653750","1760900537","0.358824"
"1760900537","2146575883","11.3003"
"2146575883","1760900537","11.3003"
"1760900537","2154549901","10.717"
"2154549901","1760900537","10.717"
"1760900537","2165737071","3.40867"
"2165737071","1760900537","3.40867"
"1760900537","2170714014","4.59684"
"2170714014","1760900537","4.59684"
"1760900537","2207899133","10.7817"
"2207899133","1760900537","10.7817"
"1809594540","1811515389","0.358824"
"1811515389","1809594540","0.358824"
"1809594540","1907719033","0.358824"
"1907719033","1809594540","0.358824"
"1809594540","1945999686","0.358824"
"1945999686","1809594540","0.358824"
"1809594540","2106197831","0.358824"
"2106197831","1809594540","0.358824"
"1809594540","2119147684","0.868347"
"2119147684","1809594540","0.868347"
"1809594540","2122192058","1.90724"
"2122192058","1809594540","1.90724"
"1809594540","2133392123","0.358824"
"2133392123","1809594540","0.358824"
"1809594540","2146575883","1.34057"
"2146575883","1809594540","1.34057"
"1809594540","2154549901","1.14057"
"2154549901","1809594540","1.14057"
"1809594540","2165737071","0.358824"
"2165737071","1809594540","0.358824"
"1809594540","2170714014","1.70724"
"2170714014","1809594540","1.70724"
"1809594540","2207899133","0.358824"
"2207899133","1809594540","0.358824"
"1811515389","1825651452","2.38005"
"1825651452","1811515389","2.38005"
"1811515389","1877461462","10.2213"
"1877461462","1811515389","10.2213"
"1811515389","1907719033","9.66145"
"1907719033","1811515389","9.66145"
"1811515389","1941002719","2.05999"
"1941002719","1811515389","2.05999"
"1811515389","1945999686","10.9766"
"1945999686","1811515389","10.9766"
"1811515389","2106197831","13.0343"
"2106197831","1811515389","13.0343"
"1811515389","2119147684","3.02582"
"2119147684","1811515389","3.02582"
"1811515389","2122192058","14.1132"
"2122192058","1811515389","14.1132"
"1811515389","2133392123","10.0961"
"2133392123","1811515389","10.0961"
"1811515389","2139653750","0.504062"
"2139653750","1811515389","0.504062"
"1811515389","2146575883","10.3161"
"2146575883","1811515389","10.3161"
"1811515389","2154549901","10.2753"
"2154549901","1811515389","10.2753"
"1811515389","2165737071","4.08489"
"2165737071","1811515389","4.08489"
"1811515389","2170714014","8.97043"
"2170714014","1811515389","8.97043"
"1811515389","2207899133","9.89979"
"2207899133","1811515389","9.89979"
"1825651452","1907719033","1.37247"
"1907719033","1825651452","1.37247"
"1825651452","1945999686","1.37247"
"1945999686","1825651452","1.37247"
"1825651452","2106197831","1.22723"
"2106197831","1825651452","1.22723"
"1825651452","2119147684","3.532"
"2119147684","1825651452","3.532"
"1825651452","2122192058","1.87291"
"2122192058","1825651452","1.87291"
"1825651452","2133392123","1.22723"
"2133392123","1825651452","1.22723"
"1825651452","2146575883","1.22723"
"2146575883","1825651452","1.22723"
"1825651452","2154549901","1.22723"
"2154549901","1825651452","1.22723"
"1825651452","2165737071","0.337037"
"2165737071","1825651452","0.337037"
"1825651452","2170714014","1.62291"
"2170714014","1825651452","1.62291"
"1825651452","2207899133","1.87291"
"2207899133","1825651452","1.87291"
"1877461462","1907719033","11.3764"
"1907719033","1877461462","11.3764"
"1877461462","1945999686","9.98754"
"1945999686","1877461462","9.98754"
"1877461462","2106197831","7.32387"
"2106197831","1877461462","7.32387"
"1877461462","2119147684","2.69329"
"2119147684","1877461462","2.69329"
"1877461462","2122192058","11.238"
"2122192058","1877461462","11.238"
"1877461462","2133392123","7.46673"
"2133392123","1877461462","7.46673"
"1877461462","2146575883","9.12425"
"2146575883","1877461462","9.12425"
"1877461462","2154549901","7.85044"
"2154549901","1877461462","7.85044"
"1877461462","2165737071","1.94331"
"2165737071","1877461462","1.94331"
"1877461462","2170714014","5.37764"
"2170714014","1877461462","5.37764"
"1877461462","2207899133","10.2935"
"2207899133","1877461462","10.2935"
"1907719033","1941002719","2.46908"
"1941002719","1907719033","2.46908"
"1907719033","1945999686","12.2685"
"1945999686","1907719033","12.2685"
"1907719033","2106197831","7.35492"
"2106197831","1907719033","7.35492"
"1907719033","2119147684","2.8776"
"2119147684","1907719033","2.8776"
"1907719033","2122192058","13.2977"
"2122192058","1907719033","13.2977"
"1907719033","2133392123","7.35492"
"2133392123","1907719033","7.35492"
"1907719033","2139653750","0.504062"
"2139653750","1907719033","0.504062"
"1907719033","2146575883","21.6779"
"2146575883","1907719033","21.6779"
"1907719033","2154549901","10.289"
"2154549901","1907719033","10.289"
"1907719033","2165737071","2.00214"
"2165737071","1907719033","2.00214"
"1907719033","2170714014","18.1703"
"2170714014","1907719033","18.1703"
"1907719033","2207899133","12.0174"
"2207899133","1907719033","12.0174"
"1941002719","1945999686","2.46908"
"1945999686","1941002719","2.46908"
"1941002719","2106197831","17.1647"
"2106197831","1941002719","17.1647"
"1941002719","2119147684","26.7625"
"2119147684","1941002719","26.7625"
"1941002719","2122192058","2.04094"
"2122192058","1941002719","2.04094"
"1941002719","2133392123","1.16473"
"2133392123","1941002719","1.16473"
"1941002719","2146575883","1.46908"
"2146575883","1941002719","1.46908"
"1941002719","2154549901","1.46908"
"2154549901","1941002719","1.46908"
"1941002719","2165737071","0.524537"
"2165737071","1941002719","0.524537"
"1941002719","2170714014","2.18678"
"2170714014","1941002719","2.18678"
"1941002719","2207899133","2.04094"
"2207899133","1941002719","2.04094"
"1945999686","2106197831","8.6701"
"2106197831","1945999686","8.6701"
"1945999686","2119147684","2.83553"
"2119147684","1945999686","2.83553"
"1945999686","2122192058","13.6286"
"2122192058","1945999686","13.6286"
"1945999686","2133392123","8.6076"
"2133392123","1945999686","8.6076"
"1945999686","2139653750","0.504062"
"2139653750","1945999686","0.504062"
"1945999686","2146575883","12.7646"
"2146575883","1945999686","12.7646"
"1945999686","2154549901","11.1483"
"2154549901","1945999686","11.1483"
"1945999686","2165737071","3.40867"
"2165737071","1945999686","3.40867"
"1945999686","2170714014","6.70724"
"2170714014","1945999686","6.70724"
"1945999686","2207899133","12.6625"
"2207899133","1945999686","12.6625"
"2106197831","2119147684","1.68754"
"2119147684","2106197831","1.68754"
"2106197831","2122192058","11.7017"
"2122192058","2106197831","11.7017"
"2106197831","2133392123","9.93924"
"2133392123","2106197831","9.93924"
"2106197831","2139653750","0.358824"
"2139653750","2106197831","0.358824"
"2106197831","2146575883","9.75174"
"2146575883","2106197831","9.75174"
"2106197831","2154549901","8.58211"
"2154549901","2106197831","8.58211"
"2106197831","2165737071","3.08489"
"2165737071","2106197831","3.08489"
"2106197831","2170714014","6.5968"
"2170714014","2106197831","6.5968"
"2106197831","2207899133","8.50235"
"2207899133","2106197831","8.50235"
"2119147684","2122192058","5.11374"
"2122192058","2119147684","5.11374"
"2119147684","2133392123","1.62504"
"2133392123","2119147684","1.62504"
"2119147684","2139653750","0.813585"
"2139653750","2119147684","0.813585"
"2119147684","2146575883","2.86677"
"2146575883","2119147684","2.86677"
"2119147684","2154549901","2.21529"
"2154549901","2119147684","2.21529"
"2119147684","2165737071","0.565795"
"2165737071","2119147684","0.565795"
"2119147684","2170714014","5.64875"
"2170714014","2119147684","5.64875"
"2119147684","2207899133","3.80954"
"2207899133","2119147684","3.80954"
"2122192058","2133392123","9.78015"
"2133392123","2122192058","9.78015"
"2122192058","2139653750","1.1247"
"2139653750","2122192058","1.1247"
"2122192058","2146575883","21.3554"
"2146575883","2122192058","21.3554"
"2122192058","2154549901","14.7809"
"2154549901","2122192058","14.7809"
"2122192058","2165737071","3.34984"
"2165737071","2122192058","3.34984"
"2122192058","2170714014","14.8289"
"2170714014","2122192058","14.8289"
"2122192058","2207899133","15.93"
"2207899133","2122192058","15.93"
"2133392123","2139653750","0.358824"
"2139653750","2133392123","0.358824"
"2133392123","2146575883","9.78015"
"2146575883","2133392123","9.78015"
"2133392123","2154549901","8.52497"
"2154549901","2133392123","8.52497"
"2133392123","2165737071","3.08489"
"2165737071","2133392123","3.08489"
"2133392123","2170714014","3.41049"
"2170714014","2133392123","3.41049"
"2133392123","2207899133","7.50235"
"2207899133","2133392123","7.50235"
"2139653750","2146575883","0.612792"
"2146575883","2139653750","0.612792"
"2139653750","2154549901","0.612792"
"2154549901","2139653750","0.612792"
"2139653750","2165737071","0.358824"
"2165737071","2139653750","0.358824"
"2139653750","2170714014","1.1247"
"2170714014","2139653750","1.1247"
"2139653750","2207899133","0.504062"
"2207899133","2139653750","0.504062"
"2146575883","2154549901","14.0147"
"2154549901","2146575883","14.0147"
"2146575883","2165737071","3.40867"
"2165737071","2146575883","3.40867"
"2146575883","2170714014","17.7385"
"2170714014","2146575883","17.7385"
"2146575883","2207899133","13.4136"
"2207899133","2146575883","13.4136"
"2154549901","2165737071","3.40867"
"2165737071","2154549901","3.40867"
"2154549901","2170714014","6.97986"
"2170714014","2154549901","6.97986"
"2154549901","2207899133","11.4703"
"2207899133","2154549901","11.4703"
"2165737071","2170714014","0.855388"
"2170714014","2165737071","0.855388"
"2165737071","2207899133","2.55669"
"2207899133","2165737071","2.55669"
"2170714014","2207899133","7.76666"
"2207899133","2170714014","7.76666"
"1567158872","1835066123","0.693362"
"1835066123","1567158872","0.693362"
"1567158872","1941609588","0.439394"
"1941609588","1567158872","0.439394"
"1567158872","2126081195","0.550505"
"2126081195","1567158872","0.550505"
"1567158872","2148309357","0.693362"
"2148309357","1567158872","0.693362"
"1567158872","2149870858","0.693362"
"2149870858","1567158872","0.693362"
"1835066123","1941609588","3.2232"
"1941609588","1835066123","3.2232"
"1835066123","1945999686","4.29225"
"1945999686","1835066123","4.29225"
"1835066123","2122192058","7.8657"
"2122192058","1835066123","7.8657"
"1835066123","2126081195","11.2579"
"2126081195","1835066123","11.2579"
"1835066123","2146575883","6.29953"
"2146575883","1835066123","6.29953"
"1835066123","2148309357","12.822"
"2148309357","1835066123","12.822"
"1835066123","2149870858","12.3507"
"2149870858","1835066123","12.3507"
"1835066123","2207899133","7.06738"
"2207899133","1835066123","7.06738"
"1941609588","1945999686","0.743742"
"1945999686","1941609588","0.743742"
"1941609588","2122192058","1.88987"
"2122192058","1941609588","1.88987"
"1941609588","2126081195","4.2232"
"2126081195","1941609588","4.2232"
"1941609588","2146575883","1.76487"
"2146575883","1941609588","1.76487"
"1941609588","2148309357","1.88987"
"2148309357","1941609588","1.88987"
"1941609588","2149870858","3.2232"
"2149870858","1941609588","3.2232"
"1941609588","2207899133","1.88987"
"2207899133","1941609588","1.88987"
"1945999686","2126081195","4.87663"
"2126081195","1945999686","4.87663"
"1945999686","2148309357","5.70211"
"2148309357","1945999686","5.70211"
"1945999686","2149870858","6.25561"
"2149870858","1945999686","6.25561"
"2122192058","2126081195","7.55325"
"2126081195","2122192058","7.55325"
"2122192058","2148309357","15.9241"
"2148309357","2122192058","15.9241"
"2122192058","2149870858","9.38426"
"2149870858","2122192058","9.38426"
"2126081195","2146575883","6.3339"
"2146575883","2126081195","6.3339"
"2126081195","2148309357","5.22913"
"2148309357","2126081195","5.22913"
"2126081195","2149870858","8.03827"
"2149870858","2126081195","8.03827"
"2126081195","2207899133","8.75494"
"2207899133","2126081195","8.75494"
"2146575883","2148309357","14.5916"
"2148309357","2146575883","14.5916"
"2146575883","2149870858","6.97896"
"2149870858","2146575883","6.97896"
"2148309357","2149870858","6.70079"
"2149870858","2148309357","6.70079"
"2148309357","2207899133","6.91147"
"2207899133","2148309357","6.91147"
"2149870858","2207899133","12.1339"
"2207899133","2149870858","12.1339"
"1567158872","1687637899","1.43939"
"1687637899","1567158872","1.43939"
"1687637899","1835066123","3.71189"
"1835066123","1687637899","3.71189"
"1687637899","1945999686","2.37974"
"1945999686","1687637899","2.37974"
"1687637899","2122192058","4.90886"
"2122192058","1687637899","4.90886"
"1687637899","2126081195","2.63451"
"2126081195","1687637899","2.63451"
"1687637899","2146575883","2.63451"
"2146575883","1687637899","2.63451"
"1687637899","2148309357","22.7481"
"2148309357","1687637899","22.7481"
"1687637899","2149870858","2.63451"
"2149870858","1687637899","2.63451"
"1687637899","2207899133","3.13451"
"2207899133","1687637899","3.13451"
"1567158872","1903081249","1.05556"
"1903081249","1567158872","1.05556"
"1567158872","1866128826","0.328283"
"1866128826","1567158872","0.328283"
"1687637899","1866128826","1.88941"
"1866128826","1687637899","1.88941"
"1687637899","1941609588","0.328283"
"1941609588","1687637899","0.328283"
"1835066123","1866128826","2.02882"
"1866128826","1835066123","2.02882"
"1866128826","1941609588","1.1359"
"1941609588","1866128826","1.1359"
"1866128826","1945999686","3.3872"
"1945999686","1866128826","3.3872"
"1866128826","2122192058","4.48619"
"2122192058","1866128826","4.48619"
"1866128826","2126081195","2.52956"
"2126081195","1866128826","2.52956"
"1866128826","2146575883","2.85654"
"2146575883","1866128826","2.85654"
"1866128826","2148309357","4.86015"
"2148309357","1866128826","4.86015"
"1866128826","2149870858","3.74725"
"2149870858","1866128826","3.74725"
"1866128826","2207899133","3.89047"
"2207899133","1866128826","3.89047"
"1567158872","2138688644","0.0555556"
"2138688644","1567158872","0.0555556"
"1687637899","1811515389","1.46627"
"1811515389","1687637899","1.46627"
"1687637899","1877461462","1.38889"
"1877461462","1687637899","1.38889"
"1687637899","1903081249","3.04234"
"1903081249","1687637899","3.04234"
"1687637899","1907719033","3.0143"
"1907719033","1687637899","3.0143"
"1687637899","2138688644","4.05835"
"2138688644","1687637899","4.05835"
"1687637899","2154549901","2.25067"
"2154549901","1687637899","2.25067"
"1687637899","2170714014","3.64169"
"2170714014","1687637899","3.64169"
"1811515389","1835066123","3.3553"
"1835066123","1811515389","3.3553"
"1811515389","1866128826","2.41203"
"1866128826","1811515389","2.41203"
"1811515389","1903081249","6.8391"
"1903081249","1811515389","6.8391"
"1811515389","1941609588","0.359903"
"1941609588","1811515389","0.359903"
"1811515389","2126081195","2.58254"
"2126081195","1811515389","2.58254"
"1811515389","2138688644","10.1546"
"2138688644","1811515389","10.1546"
"1811515389","2148309357","3.25363"
"2148309357","1811515389","3.25363"
"1811515389","2149870858","3.402"
"2149870858","1811515389","3.402"
"1835066123","1877461462","1.43863"
"1877461462","1835066123","1.43863"
"1835066123","1903081249","5.66183"
"1903081249","1835066123","5.66183"
"1835066123","1907719033","3.87792"
"1907719033","1835066123","3.87792"
"1835066123","2138688644","6.22191"
"2138688644","1835066123","6.22191"
"1835066123","2154549901","4.91172"
"2154549901","1835066123","4.91172"
"1835066123","2170714014","6.08629"
"2170714014","1835066123","6.08629"
"1866128826","1877461462","2.26917"
"1877461462","1866128826","2.26917"
"1866128826","1903081249","3.85151"
"1903081249","1866128826","3.85151"
"1866128826","1907719033","4.95262"
"1907719033","1866128826","4.95262"
"1866128826","2138688644","4.22934"
"2138688644","1866128826","4.22934"
"1866128826","2154549901","2.58381"
"2154549901","1866128826","2.58381"
"1866128826","2170714014","4.03816"
"2170714014","1866128826","4.03816"
"1877461462","1903081249","5.60232"
"1903081249","1877461462","5.60232"
"1877461462","1941609588","0.359903"
"1941609588","1877461462","0.359903"
"1877461462","2126081195","2.57539"
"2126081195","1877461462","2.57539"
"1877461462","2138688644","5.3591"
"2138688644","1877461462","5.3591"
"1877461462","2148309357","1.75097"
"2148309357","1877461462","1.75097"
"1877461462","2149870858","3.68789"
"2149870858","1877461462","3.68789"
"1903081249","1907719033","7.40626"
"1907719033","1903081249","7.40626"
"1903081249","1941609588","0.863171"
"1941609588","1903081249","0.863171"
"1903081249","1945999686","7.02994"
"1945999686","1903081249","7.02994"
"1903081249","2122192058","26.0446"
"2122192058","1903081249","26.0446"
"1903081249","2126081195","5.46128"
"2126081195","1903081249","5.46128"
"1903081249","2138688644","11.0199"
"2138688644","1903081249","11.0199"
"1903081249","2146575883","11.2202"
"2146575883","1903081249","11.2202"
"1903081249","2148309357","8.87942"
"2148309357","1903081249","8.87942"
"1903081249","2149870858","6.79009"
"2149870858","1903081249","6.79009"
"1903081249","2154549901","8.49505"
"2154549901","1903081249","8.49505"
"1903081249","2170714014","10.6365"
"2170714014","1903081249","10.6365"
"1903081249","2207899133","9.13295"
"2207899133","1903081249","9.13295"
"1907719033","1941609588","0.863171"
"1941609588","1907719033","0.863171"
"1907719033","2126081195","4.60516"
"2126081195","1907719033","4.60516"
"1907719033","2138688644","7.22853"
"2138688644","1907719033","7.22853"
"1907719033","2148309357","7.91898"
"2148309357","1907719033","7.91898"
"1907719033","2149870858","5.61052"
"2149870858","1907719033","5.61052"
"1941609588","2138688644","0.748792"
"2138688644","1941609588","0.748792"
"1941609588","2154549901","0.988171"
"2154549901","1941609588","0.988171"
"1941609588","2170714014","0.863171"
"2170714014","1941609588","0.863171"
"1945999686","2138688644","8.78628"
"2138688644","1945999686","8.78628"
"2122192058","2138688644","15.1423"
"2138688644","2122192058","15.1423"
"2126081195","2138688644","6.30232"
"2138688644","2126081195","6.30232"
"2126081195","2154549901","5.58895"
"2154549901","2126081195","5.58895"
"2126081195","2170714014","5.5167"
"2170714014","2126081195","5.5167"
"2138688644","2146575883","8.21854"
"2146575883","2138688644","8.21854"
"2138688644","2148309357","9.36837"
"2148309357","2138688644","9.36837"
"2138688644","2149870858","7.16446"
"2149870858","2138688644","7.16446"
"2138688644","2154549901","7.80563"
"2154549901","2138688644","7.80563"
"2138688644","2170714014","16.2411"
"2170714014","2138688644","16.2411"
"2138688644","2207899133","8.14158"
"2207899133","2138688644","8.14158"
"2148309357","2154549901","6.04331"
"2154549901","2148309357","6.04331"
"2148309357","2170714014","7.6618"
"2170714014","2148309357","7.6618"
"2149870858","2154549901","14.8412"
"2154549901","2149870858","14.8412"
"2149870858","2170714014","6.7955"
"2170714014","2149870858","6.7955"
"1575830716","2119147684","26.5201"
"2119147684","1575830716","26.5201"
"1783793609","2119147684","19.1582"
"2119147684","1783793609","19.1582"
"1575830716","1903081249","2.55743"
"1903081249","1575830716","2.55743"
"1575830716","1911635971","2.52009"
"1911635971","1575830716","2.52009"
"1575830716","2122192058","2.13435"
"2122192058","1575830716","2.13435"
"1575830716","2126081195","2.20819"
"2126081195","1575830716","2.20819"
"1575830716","2131115509","1.15819"
"2131115509","1575830716","1.15819"
"1575830716","2138688644","4.81933"
"2138688644","1575830716","4.81933"
"1575830716","2149870858","2.52009"
"2149870858","1575830716","2.52009"
"1575830716","2170714014","4.56933"
"2170714014","1575830716","4.56933"
"1575830716","2207899133","2.00935"
"2207899133","1575830716","2.00935"
"1783793609","1903081249","1.2491"
"1903081249","1783793609","1.2491"
"1783793609","1911635971","1.15819"
"1911635971","1783793609","1.15819"
"1783793609","2122192058","1.2491"
"2122192058","1783793609","1.2491"
"1783793609","2126081195","1.15819"
"2126081195","1783793609","1.15819"
"1783793609","2131115509","1.15819"
"2131115509","1783793609","1.15819"
"1783793609","2138688644","2.08243"
"2138688644","1783793609","2.08243"
"1783793609","2149870858","1.15819"
"2149870858","1783793609","1.15819"
"1783793609","2170714014","1.2491"
"2170714014","1783793609","1.2491"
"1783793609","2207899133","1.2491"
"2207899133","1783793609","1.2491"
"1825651452","1903081249","1.57291"
"1903081249","1825651452","1.57291"
"1825651452","1911635971","1.232"
"1911635971","1825651452","1.232"
"1825651452","2126081195","1.50343"
"2126081195","1825651452","1.50343"
"1825651452","2131115509","1.25343"
"2131115509","1825651452","1.25343"
"1825651452","2138688644","2.48957"
"2138688644","1825651452","2.48957"
"1825651452","2149870858","1.232"
"2149870858","1825651452","1.232"
"1877461462","1911635971","4.2387"
"1911635971","1877461462","4.2387"
"1877461462","2131115509","1.55777"
"2131115509","1877461462","1.55777"
"1903081249","1911635971","3.75211"
"1911635971","1903081249","3.75211"
"1903081249","1941002719","1.55344"
"1941002719","1903081249","1.55344"
"1903081249","2098562945","2.38665"
"2098562945","1903081249","2.38665"
"1903081249","2119147684","4.17088"
"2119147684","1903081249","4.17088"
"1903081249","2131115509","2.8041"
"2131115509","1903081249","2.8041"
"1911635971","1941002719","1.41906"
"1941002719","1911635971","1.41906"
"1911635971","2098562945","3.49287"
"2098562945","1911635971","3.49287"
"1911635971","2119147684","3.75211"
"2119147684","1911635971","3.75211"
"1911635971","2122192058","4.07543"
"2122192058","1911635971","4.07543"
"1911635971","2126081195","2.9483"
"2126081195","1911635971","2.9483"
"1911635971","2131115509","2.23546"
"2131115509","1911635971","2.23546"
"1911635971","2138688644","4.03773"
"2138688644","1911635971","4.03773"
"1911635971","2149870858","4.27711"
"2149870858","1911635971","4.27711"
"1911635971","2170714014","3.75211"
"2170714014","1911635971","3.75211"
"1911635971","2207899133","3.93223"
"2207899133","1911635971","3.93223"
"1941002719","2126081195","1.46253"
"2126081195","1941002719","1.46253"
"1941002719","2131115509","2.46253"
"2131115509","1941002719","2.46253"
"1941002719","2138688644","2.40761"
"2138688644","1941002719","2.40761"
"1941002719","2149870858","2.46253"
"2149870858","1941002719","2.46253"
"2098562945","2119147684","2.53634"
"2119147684","2098562945","2.53634"
"2098562945","2122192058","4.04249"
"2122192058","2098562945","4.04249"
"2098562945","2126081195","2.01269"
"2126081195","2098562945","2.01269"
"2098562945","2131115509","1.55777"
"2131115509","2098562945","1.55777"
"2098562945","2138688644","4.47106"
"2138688644","2098562945","4.47106"
"2098562945","2149870858","1.99127"
"2149870858","2098562945","1.99127"
"2098562945","2170714014","6.3044"
"2170714014","2098562945","6.3044"
"2098562945","2207899133","2.70916"
"2207899133","2098562945","2.70916"
"2119147684","2126081195","2.46678"
"2126081195","2119147684","2.46678"
"2119147684","2131115509","3.19232"
"2131115509","2119147684","3.19232"
"2119147684","2138688644","4.73745"
"2138688644","2119147684","4.73745"
"2119147684","2149870858","3.79559"
"2149870858","2119147684","3.79559"
"2122192058","2131115509","4.33168"
"2131115509","2122192058","4.33168"
"2126081195","2131115509","2.35469"
"2131115509","2126081195","2.35469"
"2131115509","2138688644","5.64587"
"2138688644","2131115509","5.64587"
"2131115509","2149870858","2.27893"
"2149870858","2131115509","2.27893"
"2131115509","2170714014","3.93929"
"2170714014","2131115509","3.93929"
"2131115509","2207899133","2.24358"
"2207899133","2131115509","2.24358"
"1575830716","1811515389","3.1534"
"1811515389","1575830716","3.1534"
"1575830716","1866128826","1.06264"
"1866128826","1575830716","1.06264"
"1575830716","1907719033","1.43749"
"1907719033","1575830716","1.43749"
"1575830716","1945999686","1.43749"
"1945999686","1575830716","1.43749"
"1575830716","1951130701","0.361905"
"1951130701","1575830716","0.361905"
"1575830716","2101008724","1.72005"
"2101008724","1575830716","1.72005"
"1575830716","2148309357","0.361905"
"2148309357","1575830716","0.361905"
"1575830716","2261308368","1.70581"
"2261308368","1575830716","1.70581"
"1575830716","328811196","0.361905"
"328811196","1575830716","0.361905"
"1811515389","1911635971","1.97203"
"1911635971","1811515389","1.97203"
"1811515389","1951130701","1.03393"
"1951130701","1811515389","1.03393"
"1811515389","2098562945","5.4663"
"2098562945","1811515389","5.4663"
"1811515389","2101008724","2.23212"
"2101008724","1811515389","2.23212"
"1811515389","2261308368","2.35624"
"2261308368","1811515389","2.35624"
"1811515389","328811196","1.03393"
"328811196","1811515389","1.03393"
"1825651452","1866128826","0.845977"
"1866128826","1825651452","0.845977"
"1825651452","1951130701","0.145238"
"1951130701","1825651452","0.145238"
"1825651452","2101008724","1.17005"
"2101008724","1825651452","1.17005"
"1825651452","2148309357","0.145238"
"2148309357","1825651452","0.145238"
"1825651452","2261308368","0.989139"
"2261308368","1825651452","0.989139"
"1825651452","328811196","0.145238"
"328811196","1825651452","0.145238"
"1866128826","1911635971","2.71133"
"1911635971","1866128826","2.71133"
"1866128826","1951130701","1.3536"
"1951130701","1866128826","1.3536"
"1866128826","2098562945","1.90032"
"2098562945","1866128826","1.90032"
"1866128826","2101008724","0.812644"
"2101008724","1866128826","0.812644"
"1866128826","2119147684","2.75481"
"2119147684","1866128826","2.75481"
"1866128826","2261308368","5.83627"
"2261308368","1866128826","5.83627"
"1866128826","328811196","1.3536"
"328811196","1866128826","1.3536"
"1877461462","1951130701","0.891071"
"1951130701","1877461462","0.891071"
"1877461462","2101008724","5.96545"
"2101008724","1877461462","5.96545"
"1877461462","2261308368","2.52291"
"2261308368","1877461462","2.52291"
"1877461462","328811196","0.891071"
"328811196","1877461462","0.891071"
"1903081249","1951130701","1.66471"
"1951130701","1903081249","1.66471"
"1903081249","2101008724","1.01913"
"2101008724","1903081249","1.01913"
"1903081249","2261308368","2.03658"
"2261308368","1903081249","2.03658"
"1903081249","328811196","1.66471"
"328811196","1903081249","1.66471"
"1907719033","1911635971","2.4753"
"1911635971","1907719033","2.4753"
"1907719033","1951130701","1.03393"
"1951130701","1907719033","1.03393"
"1907719033","2098562945","3.20873"
"2098562945","1907719033","3.20873"
"1907719033","2101008724","1.63212"
"2101008724","1907719033","1.63212"
"1907719033","2261308368","4.39356"
"2261308368","1907719033","4.39356"
"1907719033","328811196","1.03393"
"328811196","1907719033","1.03393"
"1911635971","1945999686","2.20079"
"1945999686","1911635971","2.20079"
"1911635971","1951130701","1.46471"
"1951130701","1911635971","1.46471"
"1911635971","2101008724","0.886718"
"2101008724","1911635971","0.886718"
"1911635971","2148309357","2.4967"
"2148309357","1911635971","2.4967"
"1911635971","2261308368","1.10164"
"2261308368","1911635971","1.10164"
"1911635971","328811196","1.46471"
"328811196","1911635971","1.46471"
"1945999686","1951130701","1.26269"
"1951130701","1945999686","1.26269"
"1945999686","2098562945","2.20873"
"2098562945","1945999686","2.20873"
"1945999686","2101008724","2.13212"
"2101008724","1945999686","2.13212"
"1945999686","2261308368","12.8299"
"2261308368","1945999686","12.8299"
"1945999686","328811196","1.26269"
"328811196","1945999686","1.26269"
"1951130701","2098562945","0.145238"
"2098562945","1951130701","0.145238"
"1951130701","2101008724","0.361905"
"2101008724","1951130701","0.361905"
"1951130701","2119147684","1.46471"
"2119147684","1951130701","1.46471"
"1951130701","2122192058","1.60588"
"2122192058","1951130701","1.60588"
"1951130701","2138688644","1.46471"
"2138688644","1951130701","1.46471"
"1951130701","2148309357","1.66471"
"2148309357","1951130701","1.66471"
"1951130701","2149870858","1.66471"
"2149870858","1951130701","1.66471"
"1951130701","2170714014","1.46471"
"2170714014","1951130701","1.46471"
"1951130701","2207899133","1.46269"
"2207899133","1951130701","1.46269"
"1951130701","2261308368","0.424405"
"2261308368","1951130701","0.424405"
"1951130701","328811196","2.66471"
"328811196","1951130701","2.66471"
"2098562945","2101008724","4.95831"
"2101008724","2098562945","4.95831"
"2098562945","2148309357","3.44959"
"2148309357","2098562945","3.44959"
"2098562945","2261308368","2.30337"
"2261308368","2098562945","2.30337"
"2098562945","328811196","0.145238"
"328811196","2098562945","0.145238"
"2101008724","2119147684","0.886718"
"2119147684","2101008724","0.886718"
"2101008724","2122192058","2.13212"
"2122192058","2101008724","2.13212"
"2101008724","2138688644","2.73212"
"2138688644","2101008724","2.73212"
"2101008724","2148309357","0.361905"
"2148309357","2101008724","0.361905"
"2101008724","2149870858","1.58212"
"2149870858","2101008724","1.58212"
"2101008724","2170714014","2.23212"
"2170714014","2101008724","2.23212"
"2101008724","2207899133","2.13212"
"2207899133","2101008724","2.13212"
"2101008724","2261308368","1.44142"
"2261308368","2101008724","1.44142"
"2101008724","328811196","0.361905"
"328811196","2101008724","0.361905"
"2119147684","2148309357","3.20952"
"2148309357","2119147684","3.20952"
"2119147684","2261308368","1.10164"
"2261308368","2119147684","1.10164"
"2119147684","328811196","1.46471"
"328811196","2119147684","1.46471"
"2122192058","2261308368","3.39356"
"2261308368","2122192058","3.39356"
"2122192058","328811196","1.60588"
"328811196","2122192058","1.60588"
"2138688644","2261308368","6.07164"
"2261308368","2138688644","6.07164"
"2138688644","328811196","1.46471"
"328811196","2138688644","1.46471"
"2148309357","2261308368","1.6522"
"2261308368","2148309357","1.6522"
"2148309357","328811196","1.66471"
"328811196","2148309357","1.66471"
"2149870858","2261308368","2.27051"
"2261308368","2149870858","2.27051"
"2149870858","328811196","1.66471"
"328811196","2149870858","1.66471"
"2170714014","2261308368","3.06797"
"2261308368","2170714014","3.06797"
"2170714014","328811196","1.46471"
"328811196","2170714014","1.46471"
"2207899133","2261308368","2.82992"
"2261308368","2207899133","2.82992"
"2207899133","328811196","1.46269"
"328811196","2207899133","1.46269"
"2261308368","328811196","0.424405"
"328811196","2261308368","0.424405"
"1941002719","2261308368","1.5314"
"2261308368","1941002719","1.5314"
"1575830716","1888275264","2.87931"
"1888275264","1575830716","2.87931"
"1783793609","1888275264","4.37931"
"1888275264","1783793609","4.37931"
"1575830716","1578312553","1.07559"
"1578312553","1575830716","1.07559"
"1575830716","1662479682","1.07559"
"1662479682","1575830716","1.07559"
"1575830716","1760900537","1.07559"
"1760900537","1575830716","1.07559"
"1575830716","2106197831","1.20059"
"2106197831","1575830716","1.20059"
"1575830716","2133392123","1.07559"
"2133392123","1575830716","1.07559"
"1575830716","2146575883","1.07559"
"2146575883","1575830716","1.07559"
"1575830716","2154549901","2.07559"
"2154549901","1575830716","2.07559"
"1578312553","1783793609","0.677235"
"1783793609","1578312553","0.677235"
"1578312553","1903081249","3.22096"
"1903081249","1578312553","3.22096"
"1578312553","1911635971","0.677235"
"1911635971","1578312553","0.677235"
"1578312553","2098562945","1.20359"
"2098562945","1578312553","1.20359"
"1578312553","2101008724","1.27021"
"2101008724","1578312553","1.27021"
"1578312553","2126081195","1.56549"
"2126081195","1578312553","1.56549"
"1578312553","2131115509","1.97543"
"2131115509","1578312553","1.97543"
"1578312553","2138688644","3.58367"
"2138688644","1578312553","3.58367"
"1578312553","2149870858","1.81769"
"2149870858","1578312553","1.81769"
"1578312553","2261308368","1.74136"
"2261308368","1578312553","1.74136"
"1662479682","1783793609","0.677235"
"1783793609","1662479682","0.677235"
"1662479682","1903081249","8.85419"
"1903081249","1662479682","8.85419"
"1662479682","1911635971","0.677235"
"1911635971","1662479682","0.677235"
"1662479682","2098562945","1.24706"
"2098562945","1662479682","1.24706"
"1662479682","2101008724","1.27021"
"2101008724","1662479682","1.27021"
"1662479682","2126081195","2.60897"
"2126081195","1662479682","2.60897"
"1662479682","2131115509","2.0329"
"2131115509","1662479682","2.0329"
"1662479682","2138688644","4.28399"
"2138688644","1662479682","4.28399"
"1662479682","2149870858","1.86117"
"2149870858","1662479682","1.86117"
"1662479682","2261308368","1.74136"
"2261308368","1662479682","1.74136"
"1760900537","1783793609","0.677235"
