"1021815331","2122482281","0.5"
"2122482281","1021815331","0.5"
"1021815331","2151871950","0.5"
"2151871950","1021815331","0.5"
"2122482281","2151871950","1.07692"
"2151871950","2122482281","1.07692"
"1469575666","1998052044","3.57692"
"1998052044","1469575666","3.57692"
"1469575666","2137003099","1.74359"
"2137003099","1469575666","1.74359"
"1469575666","1984970925","0.0769231"
"1984970925","1469575666","0.0769231"
"1469575666","1999230350","0.24359"
"1999230350","1469575666","0.24359"
"1469575666","2028643340","0.410256"
"2028643340","1469575666","0.410256"
"1469575666","2036469985","0.0769231"
"2036469985","1469575666","0.0769231"
"1469575666","2085828533","2.91026"
"2085828533","1469575666","2.91026"
"1469575666","2122482281","0.0769231"
"2122482281","1469575666","0.0769231"
"1469575666","2151871950","0.0769231"
"2151871950","1469575666","0.0769231"
"1469575666","2153012241","0.24359"
"2153012241","1469575666","0.24359"
"1469575666","2341596735","0.24359"
"2341596735","1469575666","0.24359"
"1469575666","2346919594","1.41026"
"2346919594","1469575666","1.41026"
"1469575666","2535168187","0.410256"
"2535168187","1469575666","0.410256"
"1984970925","1998052044","0.21978"
"1998052044","1984970925","0.21978"
"1984970925","1999230350","0.0769231"
"1999230350","1984970925","0.0769231"
"1984970925","2028643340","0.0769231"
"2028643340","1984970925","0.0769231"
"1984970925","2036469985","1.07692"
"2036469985","1984970925","1.07692"
"1984970925","2085828533","0.0769231"
"2085828533","1984970925","0.0769231"
"1984970925","2122482281","1.71978"
"2122482281","1984970925","1.71978"
"1984970925","2137003099","0.21978"
"2137003099","1984970925","0.21978"
"1984970925","2151871950","1.07692"
"2151871950","1984970925","1.07692"
"1984970925","2153012241","0.21978"
"2153012241","1984970925","0.21978"
"1984970925","2341596735","0.0769231"
"2341596735","1984970925","0.0769231"
"1984970925","2346919594","0.0769231"
"2346919594","1984970925","0.0769231"
"1984970925","2535168187","0.0769231"
"2535168187","1984970925","0.0769231"
"1998052044","1999230350","1.32692"
"1999230350","1998052044","1.32692"
"1998052044","2028643340","0.410256"
"2028643340","1998052044","0.410256"
"1998052044","2036469985","0.0769231"
"2036469985","1998052044","0.0769231"
"1998052044","2085828533","4.32692"
"2085828533","1998052044","4.32692"
"1998052044","2122482281","0.21978"
"2122482281","1998052044","0.21978"
"1998052044","2137003099","6.30311"
"2137003099","1998052044","6.30311"
"1998052044","2151871950","0.0769231"
"2151871950","1998052044","0.0769231"
"1998052044","2153012241","9.80311"
"2153012241","1998052044","9.80311"
"1998052044","2341596735","0.74359"
"2341596735","1998052044","0.74359"
"1998052044","2346919594","0.0769231"
"2346919594","1998052044","0.0769231"
"1998052044","2535168187","0.0769231"
"2535168187","1998052044","0.0769231"
"1999230350","2028643340","0.0769231"
"2028643340","1999230350","0.0769231"
"1999230350","2036469985","0.0769231"
"2036469985","1999230350","0.0769231"
"1999230350","2085828533","0.49359"
"2085828533","1999230350","0.49359"
"1999230350","2122482281","0.0769231"
"2122482281","1999230350","0.0769231"
"1999230350","2137003099","0.826923"
"2137003099","1999230350","0.826923"
"1999230350","2151871950","0.0769231"
"2151871950","1999230350","0.0769231"
"1999230350","2153012241","1.32692"
"2153012241","1999230350","1.32692"
"1999230350","2341596735","0.24359"
"2341596735","1999230350","0.24359"
"1999230350","2346919594","0.0769231"
"2346919594","1999230350","0.0769231"
"1999230350","2535168187","0.0769231"
"2535168187","1999230350","0.0769231"
"2028643340","2036469985","0.0769231"
"2036469985","2028643340","0.0769231"
"2028643340","2085828533","0.410256"
"2085828533","2028643340","0.410256"
"2028643340","2122482281","0.0769231"
"2122482281","2028643340","0.0769231"
"2028643340","2137003099","0.0769231"
"2137003099","2028643340","0.0769231"
"2028643340","2151871950","0.0769231"
"2151871950","2028643340","0.0769231"
"2028643340","2153012241","0.0769231"
"2153012241","2028643340","0.0769231"
"2028643340","2341596735","0.0769231"
"2341596735","2028643340","0.0769231"
"2028643340","2346919594","0.0769231"
"2346919594","2028643340","0.0769231"
"2028643340","2535168187","0.0769231"
"2535168187","2028643340","0.0769231"
"2036469985","2085828533","0.0769231"
"2085828533","2036469985","0.0769231"
"2036469985","2122482281","2.07692"
"2122482281","2036469985","2.07692"
"2036469985","2137003099","0.0769231"
"2137003099","2036469985","0.0769231"
"2036469985","2151871950","0.0769231"
"2151871950","2036469985","0.0769231"
"2036469985","2153012241","0.0769231"
"2153012241","2036469985","0.0769231"
"2036469985","2341596735","0.0769231"
"2341596735","2036469985","0.0769231"
"2036469985","2346919594","0.0769231"
"2346919594","2036469985","0.0769231"
"2036469985","2535168187","0.0769231"
"2535168187","2036469985","0.0769231"
"2085828533","2122482281","0.0769231"
"2122482281","2085828533","0.0769231"
"2085828533","2137003099","1.49359"
"2137003099","2085828533","1.49359"
"2085828533","2151871950","0.0769231"
"2151871950","2085828533","0.0769231"
"2085828533","2153012241","0.99359"
"2153012241","2085828533","0.99359"
"2085828533","2341596735","0.24359"
"2341596735","2085828533","0.24359"
"2085828533","2346919594","0.910256"
"2346919594","2085828533","0.910256"
"2085828533","2535168187","0.910256"
"2535168187","2085828533","0.910256"
"2122482281","2137003099","0.21978"
"2137003099","2122482281","0.21978"
"2122482281","2153012241","0.21978"
"2153012241","2122482281","0.21978"
"2122482281","2341596735","0.0769231"
"2341596735","2122482281","0.0769231"
"2122482281","2346919594","0.0769231"
"2346919594","2122482281","0.0769231"
"2122482281","2535168187","0.0769231"
"2535168187","2122482281","0.0769231"
"2137003099","2151871950","0.0769231"
"2151871950","2137003099","0.0769231"
"2137003099","2153012241","3.80311"
"2153012241","2137003099","3.80311"
"2137003099","2341596735","0.74359"
"2341596735","2137003099","0.74359"
"2137003099","2346919594","0.0769231"
"2346919594","2137003099","0.0769231"
"2137003099","2535168187","0.0769231"
"2535168187","2137003099","0.0769231"
"2151871950","2153012241","0.0769231"
"2153012241","2151871950","0.0769231"
"2151871950","2341596735","0.0769231"
"2341596735","2151871950","0.0769231"
"2151871950","2346919594","0.0769231"
"2346919594","2151871950","0.0769231"
"2151871950","2535168187","0.0769231"
"2535168187","2151871950","0.0769231"
"2153012241","2341596735","0.24359"
"2341596735","2153012241","0.24359"
"2153012241","2346919594","0.0769231"
"2346919594","2153012241","0.0769231"
"2153012241","2535168187","0.0769231"
"2535168187","2153012241","0.0769231"
"2341596735","2346919594","0.0769231"
"2346919594","2341596735","0.0769231"
"2341596735","2535168187","0.0769231"
"2535168187","2341596735","0.0769231"
"2346919594","2535168187","4.66026"
"2535168187","2346919594","4.66026"
"1469575666","30643259","0.5"
"30643259","1469575666","0.5"
"2137003099","30643259","0.5"
"30643259","2137003099","0.5"
"1530093105","1984970925","0.5"
"1984970925","1530093105","0.5"
"1530093105","2076291573","1.5"
"2076291573","1530093105","1.5"
"1984970925","2076291573","2.14286"
"2076291573","1984970925","2.14286"
"1530093105","2034684123","0.5"
"2034684123","1530093105","0.5"
"1530093105","2165748100","1.5"
"2165748100","1530093105","1.5"
"2034684123","2165748100","3.36667"
"2165748100","2034684123","3.36667"
"1530093105","2036469985","1"
"2036469985","1530093105","1"
"1530093105","2122482281","1"
"2122482281","1530093105","1"
"1544628572","2034684123","0.533333"
"2034684123","1544628572","0.533333"
"1544628572","2036469985","0.533333"
"2036469985","1544628572","0.533333"
"1544628572","2076291573","0.533333"
"2076291573","1544628572","0.533333"
"1544628572","2084172919","0.2"
"2084172919","1544628572","0.2"
"1544628572","2165748100","0.2"
"2165748100","1544628572","0.2"
"2034684123","2036469985","1.03333"
"2036469985","2034684123","1.03333"
"2034684123","2076291573","4.2"
"2076291573","2034684123","4.2"
"2034684123","2084172919","1.86667"
"2084172919","2034684123","1.86667"
"2036469985","2076291573","28.45"
"2076291573","2036469985","28.45"
"2036469985","2084172919","9.61667"
"2084172919","2036469985","9.61667"
"2036469985","2165748100","5.61667"
"2165748100","2036469985","5.61667"
"2076291573","2084172919","6.42619"
"2084172919","2076291573","6.42619"
"2076291573","2165748100","9.28333"
"2165748100","2076291573","9.28333"
"2084172919","2165748100","5.61667"
"2165748100","2084172919","5.61667"
"1602357152","2076291573","2.14286"
"2076291573","1602357152","2.14286"
"1602357152","1984970925","0.142857"
"1984970925","1602357152","0.142857"
"1602357152","1998052044","0.142857"
"1998052044","1602357152","0.142857"
"1602357152","2084172919","0.142857"
"2084172919","1602357152","0.142857"
"1602357152","2122482281","0.142857"
"2122482281","1602357152","0.142857"
"1602357152","2137003099","0.142857"
"2137003099","1602357152","0.142857"
"1602357152","2153012241","0.142857"
"2153012241","1602357152","0.142857"
"1984970925","2084172919","0.142857"
"2084172919","1984970925","0.142857"
"1998052044","2076291573","0.142857"
"2076291573","1998052044","0.142857"
"1998052044","2084172919","0.142857"
"2084172919","1998052044","0.142857"
"2076291573","2122482281","0.642857"
"2122482281","2076291573","0.642857"
"2076291573","2137003099","0.142857"
"2137003099","2076291573","0.142857"
"2076291573","2153012241","0.142857"
"2153012241","2076291573","0.142857"
"2084172919","2122482281","0.142857"
"2122482281","2084172919","0.142857"
"2084172919","2137003099","0.142857"
"2137003099","2084172919","0.142857"
"2084172919","2153012241","0.142857"
"2153012241","2084172919","0.142857"
"1842811854","1998052044","1.33333"
"1998052044","1842811854","1.33333"
"1842811854","2137003099","0.333333"
"2137003099","1842811854","0.333333"
"1842811854","2153012241","1.33333"
"2153012241","1842811854","1.33333"
"1966093576","2034684123","0.5"
"2034684123","1966093576","0.5"
"1966093576","2076291573","1.75"
"2076291573","1966093576","1.75"
"1966093576","94128116","2"
"94128116","1966093576","2"
"1966093576","2036469985","0.25"
"2036469985","1966093576","0.25"
"1966093576","2084172919","0.25"
"2084172919","1966093576","0.25"
"1966093576","2165748100","0.25"
"2165748100","1966093576","0.25"
"1984970925","2161980604","1"
"2161980604","1984970925","1"
"2013994772","2136027622","1.33333"
"2136027622","2013994772","1.33333"
"2013994772","2084172919","0.333333"
"2084172919","2013994772","0.333333"
"2013994772","2165748100","0.333333"
"2165748100","2013994772","0.333333"
"2084172919","2136027622","1.83333"
"2136027622","2084172919","1.83333"
"2136027622","2165748100","0.833333"
"2165748100","2136027622","0.833333"
"2030364429","2122482281","0.5"
"2122482281","2030364429","0.5"
"2030364429","2151871950","0.5"
"2151871950","2030364429","0.5"
"2030364429","2165748100","1"
"2165748100","2030364429","1"
"2030364429","2346919594","0.25"
"2346919594","2030364429","0.25"
"2030364429","2401840635","0.25"
"2401840635","2030364429","0.25"
"2030364429","2535168187","0.25"
"2535168187","2030364429","0.25"
"2030364429","30643259","0.25"
"30643259","2030364429","0.25"
"2346919594","2401840635","0.25"
"2401840635","2346919594","0.25"
"2346919594","30643259","3.25"
"30643259","2346919594","3.25"
"2401840635","2535168187","0.25"
"2535168187","2401840635","0.25"
"2401840635","30643259","0.25"
"30643259","2401840635","0.25"
"2535168187","30643259","0.25"
"30643259","2535168187","0.25"
"2030364429","2036469985","1"
"2036469985","2030364429","1"
"2036469985","2401840635","1"
"2401840635","2036469985","1"
"2036469985","2164180916","1"
"2164180916","2036469985","1"
"2036469985","2136027622","0.5"
"2136027622","2036469985","0.5"
"2076291573","94128116","3"
"94128116","2076291573","3"
"2076291573","2136027622","0.5"
"2136027622","2076291573","0.5"
"2076291573","38077678","1"
"38077678","2076291573","1"
"2076291573","2164180916","2"
"2164180916","2076291573","2"
"2076291573","2151871950","1"
"2151871950","2076291573","1"
"2076291573","2401840635","1"
"2401840635","2076291573","1"
"2346919594","2754783146","0.5"
"2754783146","2346919594","0.5"
"2535168187","2754783146","0.5"
"2754783146","2535168187","0.5"
