"1015165624","1934487908","1"
"1934487908","1015165624","1"
"1015165624","1855378774","4.5"
"1855378774","1015165624","4.5"
"1015165624","1887182460","4.83333"
"1887182460","1015165624","4.83333"
"1015165624","1949479954","5.33333"
"1949479954","1015165624","5.33333"
"1015165624","2135038098","5.33333"
"2135038098","1015165624","5.33333"
"1855378774","1887182460","5.5"
"1887182460","1855378774","5.5"
"1855378774","1949479954","5.5"
"1949479954","1855378774","5.5"
"1855378774","2135038098","11.5"
"2135038098","1855378774","11.5"
"1887182460","1949479954","6.33333"
"1949479954","1887182460","6.33333"
"1887182460","2135038098","8.43333"
"2135038098","1887182460","8.43333"
"1949479954","2135038098","8.83333"
"2135038098","1949479954","8.83333"
"1520903990","1543991793","3.87879"
"1543991793","1520903990","3.87879"
"1520903990","1668378475","3.54545"
"1668378475","1520903990","3.54545"
"1520903990","1876520455","3.87879"
"1876520455","1520903990","3.87879"
"1520903990","1910446335","10.4697"
"1910446335","1520903990","10.4697"
"1520903990","1946589444","3.54545"
"1946589444","1520903990","3.54545"
"1520903990","2005002734","5.4697"
"2005002734","1520903990","5.4697"
"1520903990","2066477464","9.4697"
"2066477464","1520903990","9.4697"
"1520903990","2197225075","7.13636"
"2197225075","1520903990","7.13636"
"1520903990","2199000587","3.9697"
"2199000587","1520903990","3.9697"
"1520903990","2217404323","3.54545"
"2217404323","1520903990","3.54545"
"1520903990","2226669316","3.54545"
"2226669316","1520903990","3.54545"
"1520903990","973888651","3.54545"
"973888651","1520903990","3.54545"
"1543991793","1668378475","3.82121"
"1668378475","1543991793","3.82121"
"1543991793","1876520455","4.15455"
"1876520455","1543991793","4.15455"
"1543991793","1910446335","3.54545"
"1910446335","1543991793","3.54545"
"1543991793","1946589444","3.82121"
"1946589444","1543991793","3.82121"
"1543991793","2005002734","4.04545"
"2005002734","1543991793","4.04545"
"1543991793","2066477464","4.24545"
"2066477464","1543991793","4.24545"
"1543991793","2197225075","3.71212"
"2197225075","1543991793","3.71212"
"1543991793","2199000587","3.54545"
"2199000587","1543991793","3.54545"
"1543991793","2217404323","3.45455"
"2217404323","1543991793","3.45455"
"1543991793","2226669316","4.32121"
"2226669316","1543991793","4.32121"
"1543991793","973888651","3.45455"
"973888651","1543991793","3.45455"
"1668378475","1876520455","3.82121"
"1876520455","1668378475","3.82121"
"1668378475","1910446335","3.54545"
"1910446335","1668378475","3.54545"
"1668378475","1946589444","3.82121"
"1946589444","1668378475","3.82121"
"1668378475","2005002734","3.54545"
"2005002734","1668378475","3.54545"
"1668378475","2066477464","3.91212"
"2066477464","1668378475","3.91212"
"1668378475","2197225075","3.71212"
"2197225075","1668378475","3.71212"
"1668378475","2199000587","3.54545"
"2199000587","1668378475","3.54545"
"1668378475","2217404323","3.45455"
"2217404323","1668378475","3.45455"
"1668378475","2226669316","3.82121"
"2226669316","1668378475","3.82121"
"1668378475","973888651","5.45455"
"973888651","1668378475","5.45455"
"1876520455","1910446335","3.87879"
"1910446335","1876520455","3.87879"
"1876520455","1946589444","3.82121"
"1946589444","1876520455","3.82121"
"1876520455","2005002734","3.54545"
"2005002734","1876520455","3.54545"
"1876520455","2066477464","4.57879"
"2066477464","1876520455","4.57879"
"1876520455","2197225075","3.71212"
"2197225075","1876520455","3.71212"
"1876520455","2199000587","3.54545"
"2199000587","1876520455","3.54545"
"1876520455","2217404323","3.78788"
"2217404323","1876520455","3.78788"
"1876520455","2226669316","3.82121"
"2226669316","1876520455","3.82121"
"1876520455","973888651","3.45455"
"973888651","1876520455","3.45455"
"1910446335","1946589444","3.54545"
"1946589444","1910446335","3.54545"
"1910446335","2005002734","6.9697"
"2005002734","1910446335","6.9697"
"1910446335","2066477464","5.4697"
"2066477464","1910446335","5.4697"
"1910446335","2197225075","3.63636"
"2197225075","1910446335","3.63636"
"1910446335","2199000587","3.9697"
"2199000587","1910446335","3.9697"
"1910446335","2217404323","3.87879"
"2217404323","1910446335","3.87879"
"1910446335","2226669316","5.54545"
"2226669316","1910446335","5.54545"
"1910446335","973888651","4.54545"
"973888651","1910446335","4.54545"
"1946589444","2005002734","3.54545"
"2005002734","1946589444","3.54545"
"1946589444","2066477464","3.91212"
"2066477464","1946589444","3.91212"
"1946589444","2197225075","3.71212"
"2197225075","1946589444","3.71212"
"1946589444","2199000587","3.54545"
"2199000587","1946589444","3.54545"
"1946589444","2217404323","3.45455"
"2217404323","1946589444","3.45455"
"1946589444","2226669316","6.82121"
"2226669316","1946589444","6.82121"
"1946589444","973888651","3.45455"
"973888651","1946589444","3.45455"
"2005002734","2066477464","7.13636"
"2066477464","2005002734","7.13636"
"2005002734","2197225075","4.63636"
"2197225075","2005002734","4.63636"
"2005002734","2199000587","4.9697"
"2199000587","2005002734","4.9697"
"2005002734","2217404323","3.54545"
"2217404323","2005002734","3.54545"
"2005002734","2226669316","4.04545"
"2226669316","2005002734","4.04545"
"2005002734","973888651","3.54545"
"973888651","2005002734","3.54545"
"2066477464","2197225075","8.30303"
"2197225075","2066477464","8.30303"
"2066477464","2199000587","3.63636"
"2199000587","2066477464","3.63636"
"2066477464","2217404323","3.87879"
"2217404323","2066477464","3.87879"
"2066477464","2226669316","3.91212"
"2226669316","2066477464","3.91212"
"2066477464","973888651","3.54545"
"973888651","2066477464","3.54545"
"2197225075","2199000587","3.63636"
"2199000587","2197225075","3.63636"
"2197225075","2217404323","3.54545"
"2217404323","2197225075","3.54545"
"2197225075","2226669316","3.71212"
"2226669316","2197225075","3.71212"
"2197225075","973888651","3.54545"
"973888651","2197225075","3.54545"
"2199000587","2217404323","3.54545"
"2217404323","2199000587","3.54545"
"2199000587","2226669316","3.54545"
"2226669316","2199000587","3.54545"
"2199000587","973888651","3.54545"
"973888651","2199000587","3.54545"
"2217404323","2226669316","3.45455"
"2226669316","2217404323","3.45455"
"2217404323","973888651","3.45455"
"973888651","2217404323","3.45455"
"2226669316","973888651","3.45455"
"973888651","2226669316","3.45455"
"1556284805","1887182460","1.1"
"1887182460","1556284805","1.1"
"1556284805","2113293976","0.85"
"2113293976","1556284805","0.85"
"1556284805","2135038098","1.1"
"2135038098","1556284805","1.1"
"1556284805","2266180346","1.1"
"2266180346","1556284805","1.1"
"1556284805","249607237","0.85"
"249607237","1556284805","0.85"
"1887182460","2113293976","0.85"
"2113293976","1887182460","0.85"
"1887182460","2266180346","1.1"
"2266180346","1887182460","1.1"
"1887182460","249607237","0.85"
"249607237","1887182460","0.85"
"2113293976","2135038098","0.85"
"2135038098","2113293976","0.85"
"2113293976","2266180346","0.85"
"2266180346","2113293976","0.85"
"2113293976","249607237","0.6"
"249607237","2113293976","0.6"
"2135038098","2266180346","1.1"
"2266180346","2135038098","1.1"
"2135038098","249607237","0.85"
"249607237","2135038098","0.85"
"2266180346","249607237","1.85"
"249607237","2266180346","1.85"
"1556284805","1934487908","8"
"1934487908","1556284805","8"
