"135267584","1486776102","6.075"
"1486776102","135267584","6.075"
"135267584","1677767588","2.03333"
"1677767588","135267584","2.03333"
"135267584","1983178058","2.65833"
"1983178058","135267584","2.65833"
"1486776102","1677767588","5.7"
"1677767588","1486776102","5.7"
"1486776102","1983178058","29.2364"
"1983178058","1486776102","29.2364"
"1677767588","1983178058","3.45"
"1983178058","1677767588","3.45"
"135267584","2050876821","0.916667"
"2050876821","135267584","0.916667"
"135267584","2126880670","2.83333"
"2126880670","135267584","2.83333"
"1677767588","2050876821","1.33333"
"2050876821","1677767588","1.33333"
"1677767588","2126880670","0.5"
"2126880670","1677767588","0.5"
"2050876821","2126880670","0.5"
"2126880670","2050876821","0.5"
"135267584","180519810","10.325"
"180519810","135267584","10.325"
"135267584","1555797260","0.2"
"1555797260","135267584","0.2"
"1486776102","1555797260","2.28333"
"1555797260","1486776102","2.28333"
"1486776102","180519810","1.775"
"180519810","1486776102","1.775"
"1555797260","1677767588","0.7"
"1677767588","1555797260","0.7"
"1555797260","180519810","0.2"
"180519810","1555797260","0.2"
"1555797260","1983178058","0.3"
"1983178058","1555797260","0.3"
"1677767588","180519810","1.45"
"180519810","1677767588","1.45"
"180519810","1983178058","2.025"
"1983178058","180519810","2.025"
"135267584","1969450725","2"
"1969450725","135267584","2"
"135267584","2100153179","6.41667"
"2100153179","135267584","6.41667"
"135267584","2166916904","0.25"
"2166916904","135267584","0.25"
"1983178058","2050876821","0.25"
"2050876821","1983178058","0.25"
"1983178058","2100153179","38.7019"
"2100153179","1983178058","38.7019"
"1983178058","2166916904","27.4448"
"2166916904","1983178058","27.4448"
"2050876821","2100153179","0.75"
"2100153179","2050876821","0.75"
"2050876821","2166916904","0.25"
"2166916904","2050876821","0.25"
"2100153179","2166916904","18.8448"
"2166916904","2100153179","18.8448"
"1486776102","2100153179","25.1781"
"2100153179","1486776102","25.1781"
"135267584","2088422262","1.95833"
"2088422262","135267584","1.95833"
"1677767588","2088422262","1.83333"
"2088422262","1677767588","1.83333"
"1677767588","2100153179","1.75"
"2100153179","1677767588","1.75"
"180519810","2088422262","0.575"
"2088422262","180519810","0.575"
"180519810","2100153179","3.5"
"2100153179","180519810","3.5"
"2088422262","2100153179","6.26667"
"2100153179","2088422262","6.26667"
"135267584","1992841511","2"
"1992841511","135267584","2"
"135267584","2132520482","1"
"2132520482","135267584","1"
"135267584","1899647947","0.375"
"1899647947","135267584","0.375"
"1486776102","1899647947","12.2872"
"1899647947","1486776102","12.2872"
"180519810","1899647947","0.375"
"1899647947","180519810","0.375"
"1899647947","2100153179","19.0853"
"2100153179","1899647947","19.0853"
"135267584","2030799370","1.58333"
"2030799370","135267584","1.58333"
"2030799370","2050876821","1.33333"
"2050876821","2030799370","1.33333"
"2030799370","2100153179","0.916667"
"2100153179","2030799370","0.916667"
"135267584","1555412276","0.125"
"1555412276","135267584","0.125"
"135267584","1590355100","0.125"
"1590355100","135267584","0.125"
"135267584","2144346642","0.125"
"2144346642","135267584","0.125"
"1486776102","1555412276","11.1769"
"1555412276","1486776102","11.1769"
"1486776102","1590355100","0.125"
"1590355100","1486776102","0.125"
"1486776102","2088422262","11.9179"
"2088422262","1486776102","11.9179"
"1486776102","2144346642","5.05311"
"2144346642","1486776102","5.05311"
"1555412276","1590355100","0.125"
"1590355100","1555412276","0.125"
"1555412276","180519810","0.125"
"180519810","1555412276","0.125"
"1555412276","1899647947","0.760256"
"1899647947","1555412276","0.760256"
"1555412276","1983178058","4.71026"
"1983178058","1555412276","4.71026"
"1555412276","2088422262","4.375"
"2088422262","1555412276","4.375"
"1555412276","2144346642","3.21026"
"2144346642","1555412276","3.21026"
"1590355100","180519810","0.125"
"180519810","1590355100","0.125"
"1590355100","1899647947","0.375"
"1899647947","1590355100","0.375"
"1590355100","1983178058","0.125"
"1983178058","1590355100","0.125"
"1590355100","2088422262","0.125"
"2088422262","1590355100","0.125"
"1590355100","2144346642","0.125"
"2144346642","1590355100","0.125"
"180519810","2144346642","0.125"
"2144346642","180519810","0.125"
"1899647947","1983178058","16.0436"
"1983178058","1899647947","16.0436"
"1899647947","2088422262","4.89167"
"2088422262","1899647947","4.89167"
"1899647947","2144346642","0.760256"
"2144346642","1899647947","0.760256"
"1983178058","2088422262","10.9512"
"2088422262","1983178058","10.9512"
"1983178058","2144346642","2.59359"
"2144346642","1983178058","2.59359"
"2088422262","2144346642","3.175"
"2144346642","2088422262","3.175"
"1677767588","2030799370","3.25"
"2030799370","1677767588","3.25"
"1983178058","2030799370","0.833333"
"2030799370","1983178058","0.833333"
"2030799370","2088422262","0.25"
"2088422262","2030799370","0.25"
"180519810","2126880670","0.7"
"2126880670","180519810","0.7"
"1482794078","1496528554","0.333333"
"1496528554","1482794078","0.333333"
"1482794078","1501265984","1"
"1501265984","1482794078","1"
"1482794078","2138618491","0.333333"
"2138618491","1482794078","0.333333"
"1496528554","1501265984","1.29286"
"1501265984","1496528554","1.29286"
"1496528554","2138618491","0.333333"
"2138618491","1496528554","0.333333"
"1501265984","2138618491","3.51667"
"2138618491","1501265984","3.51667"
"1482794078","1987873680","0.666667"
"1987873680","1482794078","0.666667"
"1482794078","2117849706","0.809524"
"2117849706","1482794078","0.809524"
"1501265984","1987873680","7.43333"
"1987873680","1501265984","7.43333"
"1501265984","2117849706","3.16667"
"2117849706","1501265984","3.16667"
"1987873680","2117849706","1.16667"
"2117849706","1987873680","1.16667"
"1482794078","1604305177","0.142857"
"1604305177","1482794078","0.142857"
"1482794078","1638026557","0.142857"
"1638026557","1482794078","0.142857"
"1482794078","1980039978","0.142857"
"1980039978","1482794078","0.142857"
"1482794078","2075476359","0.142857"
"2075476359","1482794078","0.142857"
"1482794078","2100674109","0.142857"
"2100674109","1482794078","0.142857"
"1482794078","2134356404","0.142857"
"2134356404","1482794078","0.142857"
"1604305177","1638026557","1.39286"
"1638026557","1604305177","1.39286"
"1604305177","1980039978","0.267857"
"1980039978","1604305177","0.267857"
"1604305177","2075476359","0.142857"
"2075476359","1604305177","0.142857"
"1604305177","2100674109","11.3012"
"2100674109","1604305177","11.3012"
"1604305177","2117849706","2.80119"
"2117849706","1604305177","2.80119"
"1604305177","2134356404","8.55119"
"2134356404","1604305177","8.55119"
"1638026557","1980039978","0.392857"
"1980039978","1638026557","0.392857"
"1638026557","2075476359","5.72619"
"2075476359","1638026557","5.72619"
"1638026557","2100674109","22.5762"
"2100674109","1638026557","22.5762"
"1638026557","2117849706","61.0429"
"2117849706","1638026557","61.0429"
"1638026557","2134356404","11.3262"
"2134356404","1638026557","11.3262"
"1980039978","2075476359","0.142857"
"2075476359","1980039978","0.142857"
"1980039978","2100674109","0.60119"
"2100674109","1980039978","0.60119"
"1980039978","2117849706","1.51786"
"2117849706","1980039978","1.51786"
"1980039978","2134356404","0.517857"
"2134356404","1980039978","0.517857"
"2075476359","2100674109","0.809524"
"2100674109","2075476359","0.809524"
"2075476359","2117849706","4.39286"
"2117849706","2075476359","4.39286"
"2075476359","2134356404","2.30952"
"2134356404","2075476359","2.30952"
"2100674109","2117849706","61.1679"
"2117849706","2100674109","61.1679"
"2100674109","2134356404","119.135"
"2134356404","2100674109","119.135"
"2117849706","2134356404","68.9179"
"2134356404","2117849706","68.9179"
"1486776102","2166916904","46.1876"
"2166916904","1486776102","46.1876"
"1486776102","2129035130","48.1614"
"2129035130","1486776102","48.1614"
"1486776102","2096219859","13.0543"
"2096219859","1486776102","13.0543"
"1486776102","2126880670","5.07619"
"2126880670","1486776102","5.07619"
"2096219859","2126880670","15.5929"
"2126880670","2096219859","15.5929"
"1486776102","2123561513","6.16667"
"2123561513","1486776102","6.16667"
"2100153179","2123561513","2.5"
"2123561513","2100153179","2.5"
"1486776102","2024797550","0.5"
"2024797550","1486776102","0.5"
"1983178058","2024797550","0.5"
"2024797550","1983178058","0.5"
"1983178058","2129035130","5.51859"
"2129035130","1983178058","5.51859"
"2129035130","2166916904","59.2448"
"2166916904","2129035130","59.2448"
"1555412276","2129035130","9.25192"
"2129035130","1555412276","9.25192"
"1486776102","2114830702","3.69359"
"2114830702","1486776102","3.69359"
"1983178058","2114830702","0.94359"
"2114830702","1983178058","0.94359"
"2088422262","2114830702","4.75"
"2114830702","2088422262","4.75"
"2088422262","2129035130","32.2"
"2129035130","2088422262","32.2"
"2088422262","2166916904","37.9095"
"2166916904","2088422262","37.9095"
"2114830702","2129035130","5.61026"
"2129035130","2114830702","5.61026"
"2114830702","2144346642","0.49359"
"2144346642","2114830702","0.49359"
"2114830702","2166916904","3.69359"
"2166916904","2114830702","3.69359"
"2129035130","2144346642","3.91145"
"2144346642","2129035130","3.91145"
"2144346642","2166916904","9.59478"
"2166916904","2144346642","9.59478"
"1486776102","2099708664","0.410256"
"2099708664","1486776102","0.410256"
"2096219859","2099708664","0.333333"
"2099708664","2096219859","0.333333"
"2096219859","2129035130","5.89478"
"2129035130","2096219859","5.89478"
"2099708664","2129035130","0.666667"
"2129035130","2099708664","0.666667"
"1486776102","1569403765","1.75"
"1569403765","1486776102","1.75"
"1486776102","1969450725","0.642857"
"1969450725","1486776102","0.642857"
"1569403765","1899647947","0.166667"
"1899647947","1569403765","0.166667"
"1569403765","1969450725","1.66667"
"1969450725","1569403765","1.66667"
"1569403765","1983178058","4.45"
"1983178058","1569403765","4.45"
"1569403765","2100153179","3.66667"
"2100153179","1569403765","3.66667"
"1569403765","2144346642","0.833333"
"2144346642","1569403765","0.833333"
"1899647947","1969450725","1.66667"
"1969450725","1899647947","1.66667"
"1969450725","1983178058","0.916667"
"1983178058","1969450725","0.916667"
"1969450725","2100153179","1.30952"
"2100153179","1969450725","1.30952"
"1969450725","2144346642","0.47619"
"2144346642","1969450725","0.47619"
"2100153179","2144346642","1.44478"
"2144346642","2100153179","1.44478"
"1569403765","2096219859","1.45"
"2096219859","1569403765","1.45"
"1569403765","2126880670","0.95"
"2126880670","1569403765","0.95"
"1569403765","2129035130","0.583333"
"2129035130","1569403765","0.583333"
"1569403765","2166916904","2.16667"
"2166916904","1569403765","2.16667"
"2096219859","2144346642","2.72811"
"2144346642","2096219859","2.72811"
"2096219859","2166916904","19.6376"
"2166916904","2096219859","19.6376"
"2126880670","2129035130","9.48333"
"2129035130","2126880670","9.48333"
"2126880670","2144346642","1.6"
"2144346642","2126880670","1.6"
"2126880670","2166916904","7.84286"
"2166916904","2126880670","7.84286"
"1486776102","1827414635","2.5"
"1827414635","1486776102","2.5"
"1486776102","2131165411","0.333333"
"2131165411","1486776102","0.333333"
"2100153179","2131165411","2.25"
"2131165411","2100153179","2.25"
"2131165411","2166916904","0.916667"
"2166916904","2131165411","0.916667"
"1899647947","2129035130","1.31859"
"2129035130","1899647947","1.31859"
"1899647947","2166916904","7.75192"
"2166916904","1899647947","7.75192"
"2100153179","2129035130","2.16145"
"2129035130","2100153179","2.16145"
"1555412276","2100153179","3.33526"
"2100153179","1555412276","3.33526"
"1555412276","2166916904","10.5519"
"2166916904","1555412276","10.5519"
"1486776102","1604305177","1"
"1604305177","1486776102","1"
"1486776102","2101620066","1.29167"
"2101620066","1486776102","1.29167"
"1486776102","2138195286","3"
"2138195286","1486776102","3"
"1486776102","2084119909","1"
"2084119909","1486776102","1"
"1486776102","1537976732","0.5"
"1537976732","1486776102","0.5"
"1537976732","2114830702","0.5"
"2114830702","1537976732","0.5"
"1486776102","1986319134","0.5"
"1986319134","1486776102","0.5"
"1486776102","2403180956","0.5"
"2403180956","1486776102","0.5"
"1986319134","2403180956","31.7742"
"2403180956","1986319134","31.7742"
"1486776102","2025721839","0.291667"
"2025721839","1486776102","0.291667"
"1486776102","2028818097","1.29167"
"2028818097","1486776102","1.29167"
"1486776102","2207067200","0.166667"
"2207067200","1486776102","0.166667"
"1486776102","97526424","0.291667"
"97526424","1486776102","0.291667"
"1969450725","2025721839","0.166667"
"2025721839","1969450725","0.166667"
"1969450725","2028818097","0.166667"
"2028818097","1969450725","0.166667"
"1969450725","2101620066","0.166667"
"2101620066","1969450725","0.166667"
"1969450725","2207067200","0.5"
"2207067200","1969450725","0.5"
"1969450725","97526424","0.166667"
"97526424","1969450725","0.166667"
"2025721839","2028818097","15.5417"
"2028818097","2025721839","15.5417"
"2025721839","2101620066","2.625"
"2101620066","2025721839","2.625"
"2025721839","2207067200","1.58333"
"2207067200","2025721839","1.58333"
"2025721839","97526424","2.625"
"97526424","2025721839","2.625"
"2028818097","2101620066","39.7083"
"2101620066","2028818097","39.7083"
"2028818097","2207067200","0.75"
"2207067200","2028818097","0.75"
"2028818097","97526424","0.291667"
"97526424","2028818097","0.291667"
"2101620066","2207067200","0.166667"
"2207067200","2101620066","0.166667"
"2101620066","97526424","0.291667"
"97526424","2101620066","0.291667"
"2207067200","97526424","1"
"97526424","2207067200","1"
"1486776102","2132520482","1.325"
"2132520482","1486776102","1.325"
"180519810","2132520482","0.2"
"2132520482","180519810","0.2"
"1983178058","2126880670","16.0929"
"2126880670","1983178058","16.0929"
"1983178058","2132520482","0.2"
"2132520482","1983178058","0.2"
"2088422262","2126880670","12.5095"
"2126880670","2088422262","12.5095"
"2088422262","2132520482","0.7"
"2132520482","2088422262","0.7"
"2126880670","2132520482","0.45"
"2132520482","2126880670","0.45"
"2088422262","2123561513","6.33333"
"2123561513","2088422262","6.33333"
"2123561513","2126880670","1.08333"
"2126880670","2123561513","1.08333"
"1486776102","1565494300","1.83333"
"1565494300","1486776102","1.83333"
"1565494300","2126880670","0.833333"
"2126880670","1565494300","0.833333"
"1486776102","2109402524","0.860256"
"2109402524","1486776102","0.860256"
"2096219859","2109402524","0.276923"
"2109402524","2096219859","0.276923"
"2096219859","2114830702","1.64359"
"2114830702","2096219859","1.64359"
"2109402524","2114830702","0.276923"
"2114830702","2109402524","0.276923"
"2109402524","2129035130","1.69359"
"2129035130","2109402524","1.69359"
"2109402524","2166916904","0.94359"
"2166916904","2109402524","0.94359"
"1486776102","1602423797","0.25"
"1602423797","1486776102","0.25"
"1486776102","2110849300","0.25"
"2110849300","1486776102","0.25"
"1486776102","2135252439","0.25"
"2135252439","1486776102","0.25"
"1602423797","2110849300","25.5333"
"2110849300","1602423797","25.5333"
"1602423797","2129035130","0.25"
"2129035130","1602423797","0.25"
"1602423797","2135252439","6.45"
"2135252439","1602423797","6.45"
"2110849300","2129035130","0.333333"
"2129035130","2110849300","0.333333"
"2110849300","2135252439","26.3944"
"2135252439","2110849300","26.3944"
"2129035130","2135252439","0.25"
"2135252439","2129035130","0.25"
"1486776102","1638026557","2.11667"
"1638026557","1486776102","2.11667"
"1638026557","1827414635","2.5"
"1827414635","1638026557","2.5"
"1486776102","2100674109","0.666667"
"2100674109","1486776102","0.666667"
"1486776102","2117849706","0.95"
"2117849706","1486776102","0.95"
"1486776102","1495986321","0.0769231"
"1495986321","1486776102","0.0769231"
"1486776102","1512675310","0.0769231"
"1512675310","1486776102","0.0769231"
"1486776102","1563265404","0.0769231"
"1563265404","1486776102","0.0769231"
"1486776102","1646696449","2.02692"
"1646696449","1486776102","2.02692"
"1486776102","2015180052","0.0769231"
"2015180052","1486776102","0.0769231"
"1486776102","2023977759","0.0769231"
"2023977759","1486776102","0.0769231"
"1486776102","2099395665","0.410256"
"2099395665","1486776102","0.410256"
"1486776102","2101207848","0.0769231"
"2101207848","1486776102","0.0769231"
"1486776102","2115613157","0.0769231"
"2115613157","1486776102","0.0769231"
"1486776102","2140102533","0.0769231"
"2140102533","1486776102","0.0769231"
"1486776102","2157022252","0.0769231"
"2157022252","1486776102","0.0769231"
"1495986321","1512675310","9.05394"
"1512675310","1495986321","9.05394"
"1495986321","1563265404","1.98526"
"1563265404","1495986321","1.98526"
"1495986321","1646696449","7.26228"
"1646696449","1495986321","7.26228"
"1495986321","1899647947","0.0769231"
"1899647947","1495986321","0.0769231"
"1495986321","2015180052","1.0845"
"2015180052","1495986321","1.0845"
"1495986321","2023977759","4.40117"
"2023977759","1495986321","4.40117"
"1495986321","2099395665","37.3226"
"2099395665","1495986321","37.3226"
"1495986321","2099708664","2.55311"
"2099708664","1495986321","2.55311"
"1495986321","2101207848","2.21069"
"2101207848","1495986321","2.21069"
"1495986321","2115613157","0.362277"
"2115613157","1495986321","0.362277"
"1495986321","2140102533","3.47894"
"2140102533","1495986321","3.47894"
"1495986321","2157022252","2.55311"
"2157022252","1495986321","2.55311"
"1512675310","1563265404","1.2793"
"1563265404","1512675310","1.2793"
"1512675310","1646696449","12.2563"
"1646696449","1512675310","12.2563"
"1512675310","1899647947","0.0769231"
"1899647947","1512675310","0.0769231"
"1512675310","2015180052","4.00117"
"2015180052","1512675310","4.00117"
"1512675310","2023977759","10.1285"
"2023977759","1512675310","10.1285"
"1512675310","2099395665","15.3142"
"2099395665","1512675310","15.3142"
"1512675310","2099708664","1.34478"
"2099708664","1512675310","1.34478"
"1512675310","2101207848","5.67974"
"2101207848","1512675310","5.67974"
"1512675310","2115613157","1.74799"
"2115613157","1512675310","1.74799"
"1512675310","2140102533","6.91585"
"2140102533","1512675310","6.91585"
"1512675310","2157022252","0.64359"
"2157022252","1512675310","0.64359"
"1563265404","1646696449","0.84478"
"1646696449","1563265404","0.84478"
"1563265404","1899647947","0.160256"
"1899647947","1563265404","0.160256"
"1563265404","2015180052","0.24359"
"2015180052","1563265404","0.24359"
"1563265404","2023977759","1.52097"
"2023977759","1563265404","1.52097"
"1563265404","2099395665","3.32256"
"2099395665","1563265404","3.32256"
"1563265404","2099708664","1.17811"
"2099708664","1563265404","1.17811"
"1563265404","2101207848","10.5904"
"2101207848","1563265404","10.5904"
"1563265404","2115613157","0.830891"
"2115613157","1563265404","0.830891"
"1563265404","2140102533","2.96542"
"2140102533","1563265404","2.96542"
"1563265404","2157022252","0.160256"
"2157022252","1563265404","0.160256"
"1646696449","1899647947","0.49359"
"1899647947","1646696449","0.49359"
"1646696449","2015180052","4.7345"
"2015180052","1646696449","4.7345"
"1646696449","2023977759","11.9274"
"2023977759","1646696449","11.9274"
"1646696449","2099395665","31.4047"
"2099395665","1646696449","31.4047"
"1646696449","2099708664","18.2198"
"2099708664","1646696449","18.2198"
"1646696449","2101207848","9.02855"
"2101207848","1646696449","9.02855"
"1646696449","2115613157","2.80632"
"2115613157","1646696449","2.80632"
"1646696449","2140102533","7.43966"
"2140102533","1646696449","7.43966"
"1646696449","2157022252","4.57692"
"2157022252","1646696449","4.57692"
"1899647947","2015180052","0.160256"
"2015180052","1899647947","0.160256"
"1899647947","2023977759","0.160256"
"2023977759","1899647947","0.160256"
"1899647947","2099395665","0.160256"
"2099395665","1899647947","0.160256"
"1899647947","2099708664","0.160256"
"2099708664","1899647947","0.160256"
"1899647947","2101207848","0.160256"
"2101207848","1899647947","0.160256"
"1899647947","2115613157","0.160256"
"2115613157","1899647947","0.160256"
"1899647947","2140102533","0.160256"
"2140102533","1899647947","0.160256"
"1899647947","2157022252","0.160256"
"2157022252","1899647947","0.160256"
"2015180052","2023977759","3.10117"
"2023977759","2015180052","3.10117"
"2015180052","2099395665","5.29359"
"2099395665","2015180052","5.29359"
"2015180052","2099708664","4.82692"
"2099708664","2015180052","4.82692"
"2015180052","2101207848","2.0345"
"2101207848","2015180052","2.0345"
"2015180052","2115613157","0.534499"
"2115613157","2015180052","0.534499"
"2015180052","2140102533","0.867832"
"2140102533","2015180052","0.867832"
"2015180052","2157022252","0.410256"
"2157022252","2015180052","0.410256"
"2023977759","2099395665","23.5531"
"2099395665","2023977759","23.5531"
"2023977759","2099708664","3.16145"
"2099708664","2023977759","3.16145"
"2023977759","2101207848","5.89521"
"2101207848","2023977759","5.89521"
"2023977759","2115613157","1.61069"
"2115613157","2023977759","1.61069"
"2023977759","2140102533","2.18688"
"2140102533","2023977759","2.18688"
"2023977759","2157022252","2.07692"
"2157022252","2023977759","2.07692"
"2099395665","2099708664","7.28645"
"2099708664","2099395665","7.28645"
"2099395665","2101207848","8.52375"
"2101207848","2099395665","8.52375"
"2099395665","2115613157","5.32415"
"2115613157","2099395665","5.32415"
"2099395665","2140102533","12.4587"
"2140102533","2099395665","12.4587"
"2099395665","2157022252","42.5698"
"2157022252","2099395665","42.5698"
"2099708664","2101207848","8.32097"
"2101207848","2099708664","8.32097"
"2099708664","2115613157","4.63645"
"2115613157","2099708664","4.63645"
"2099708664","2140102533","1.63645"
"2140102533","2099708664","1.63645"
"2099708664","2157022252","0.553114"
"2157022252","2099708664","0.553114"
"2101207848","2115613157","6.58966"
"2115613157","2101207848","6.58966"
"2101207848","2140102533","14.8492"
"2140102533","2101207848","14.8492"
"2101207848","2157022252","0.553114"
"2157022252","2101207848","0.553114"
"2115613157","2140102533","2.16744"
"2140102533","2115613157","2.16744"
"2115613157","2157022252","0.160256"
"2157022252","2115613157","0.160256"
"2140102533","2157022252","0.410256"
"2157022252","2140102533","0.410256"
"1486776102","1530637755","0.576923"
"1530637755","1486776102","0.576923"
"1530637755","1555412276","0.24359"
"1555412276","1530637755","0.24359"
"1530637755","2096219859","0.24359"
"2096219859","1530637755","0.24359"
"1530637755","2129035130","0.24359"
"2129035130","1530637755","0.24359"
"1530637755","2144346642","0.24359"
"2144346642","1530637755","0.24359"
"1530637755","2166916904","0.24359"
"2166916904","1530637755","0.24359"
"1555412276","2096219859","3.03526"
"2096219859","1555412276","3.03526"
"1555412276","2126880670","3.86667"
"2126880670","1555412276","3.86667"
"1530637755","1555797260","1.33333"
"1555797260","1530637755","1.33333"
"1530637755","2123561513","0.333333"
"2123561513","1530637755","0.333333"
"1555797260","2123561513","2.33333"
"2123561513","1555797260","2.33333"
"1486776102","2170551989","1"
"2170551989","1486776102","1"
"1555797260","2170551989","14.5595"
"2170551989","1555797260","14.5595"
"1555412276","2114830702","0.910256"
"2114830702","1555412276","0.910256"
"2088422262","2096219859","12.0762"
"2096219859","2088422262","12.0762"
"1486776102","1648759563","0.309524"
"1648759563","1486776102","0.309524"
"1648759563","1969450725","3.65952"
"1969450725","1648759563","3.65952"
"1648759563","2096219859","0.309524"
"2096219859","1648759563","0.309524"
"1648759563","2129035130","0.309524"
"2129035130","1648759563","0.309524"
"1648759563","2144346642","0.309524"
"2144346642","1648759563","0.309524"
"1648759563","2166916904","0.309524"
"2166916904","1648759563","0.309524"
"1969450725","2096219859","0.309524"
"2096219859","1969450725","0.309524"
"1969450725","2129035130","0.309524"
"2129035130","1969450725","0.309524"
"1969450725","2166916904","0.559524"
"2166916904","1969450725","0.559524"
"1486776102","2151575925","2"
"2151575925","1486776102","2"
"1646696449","2151575925","34.0583"
"2151575925","1646696449","34.0583"
"1486776102","1720961861","0.81978"
"1720961861","1486776102","0.81978"
"1555412276","1720961861","2.17692"
"1720961861","1555412276","2.17692"
"1720961861","1899647947","0.926923"
"1899647947","1720961861","0.926923"
"1720961861","1983178058","3.90311"
"1983178058","1720961861","3.90311"
"1720961861","2088422262","0.242857"
"2088422262","1720961861","0.242857"
"1720961861","2096219859","0.31978"
"2096219859","1720961861","0.31978"
"1720961861","2100153179","1.51026"
"2100153179","1720961861","1.51026"
"1720961861","2126880670","0.242857"
"2126880670","1720961861","0.242857"
"1720961861","2144346642","0.176923"
"2144346642","1720961861","0.176923"
"1720961861","2166916904","0.653114"
"2166916904","1720961861","0.653114"
"1899647947","2096219859","0.801923"
"2096219859","1899647947","0.801923"
"1899647947","2126880670","1.35"
"2126880670","1899647947","1.35"
"1983178058","2096219859","10.2281"
"2096219859","1983178058","10.2281"
"2096219859","2100153179","4.11145"
"2100153179","2096219859","4.11145"
"2100153179","2126880670","6.18333"
"2126880670","2100153179","6.18333"
"1648759563","2100153179","0.72619"
"2100153179","1648759563","0.72619"
"2100153179","2170551989","0.5"
"2170551989","2100153179","0.5"
"1646696449","2096219859","0.2"
"2096219859","1646696449","0.2"
"1646696449","2129035130","1.03333"
"2129035130","1646696449","1.03333"
"1646696449","2144346642","1.45"
"2144346642","1646696449","1.45"
"1646696449","2166916904","2.55"
"2166916904","1646696449","2.55"
"1486776102","1532909273","0.25"
"1532909273","1486776102","0.25"
"1486776102","2056947248","0.25"
"2056947248","1486776102","0.25"
"1532909273","1555797260","5"
"1555797260","1532909273","5"
"1532909273","2056947248","2.64167"
"2056947248","1532909273","2.64167"
"1532909273","2100153179","0.25"
"2100153179","1532909273","0.25"
"1555797260","2056947248","8.24286"
"2056947248","1555797260","8.24286"
"1555797260","2100153179","1.25"
"2100153179","1555797260","1.25"
"2056947248","2100153179","0.25"
"2100153179","2056947248","0.25"
"1569403765","2088422262","1.75"
"2088422262","1569403765","1.75"
"1569403765","2109402524","1.25"
"2109402524","1569403765","1.25"
"2088422262","2109402524","1.08333"
"2109402524","2088422262","1.08333"
"1486776102","2021914941","0.21978"
"2021914941","1486776102","0.21978"
"1530637755","1720961861","0.0769231"
"1720961861","1530637755","0.0769231"
"1530637755","1899647947","0.326923"
"1899647947","1530637755","0.326923"
"1530637755","1983178058","0.0769231"
"1983178058","1530637755","0.0769231"
"1530637755","2021914941","0.0769231"
"2021914941","1530637755","0.0769231"
"1530637755","2100153179","0.826923"
"2100153179","1530637755","0.826923"
"1530637755","2109402524","0.0769231"
"2109402524","1530637755","0.0769231"
"1530637755","2114830702","0.0769231"
"2114830702","1530637755","0.0769231"
"1555412276","2021914941","0.0769231"
"2021914941","1555412276","0.0769231"
"1555412276","2109402524","0.0769231"
"2109402524","1555412276","0.0769231"
"1720961861","2021914941","0.21978"
"2021914941","1720961861","0.21978"
"1720961861","2109402524","0.0769231"
"2109402524","1720961861","0.0769231"
"1720961861","2114830702","0.0769231"
"2114830702","1720961861","0.0769231"
"1720961861","2129035130","0.0769231"
"2129035130","1720961861","0.0769231"
"1899647947","2021914941","0.0769231"
"2021914941","1899647947","0.0769231"
"1899647947","2109402524","0.0769231"
"2109402524","1899647947","0.0769231"
"1899647947","2114830702","0.0769231"
"2114830702","1899647947","0.0769231"
"1983178058","2021914941","0.803114"
"2021914941","1983178058","0.803114"
"1983178058","2109402524","0.0769231"
"2109402524","1983178058","0.0769231"
"2021914941","2096219859","0.21978"
"2096219859","2021914941","0.21978"
"2021914941","2100153179","0.0769231"
"2100153179","2021914941","0.0769231"
"2021914941","2109402524","0.0769231"
"2109402524","2021914941","0.0769231"
"2021914941","2114830702","0.0769231"
"2114830702","2021914941","0.0769231"
"2021914941","2129035130","0.0769231"
"2129035130","2021914941","0.0769231"
"2021914941","2144346642","0.0769231"
"2144346642","2021914941","0.0769231"
"2021914941","2166916904","0.21978"
"2166916904","2021914941","0.21978"
"2100153179","2109402524","0.0769231"
"2109402524","2100153179","0.0769231"
"2100153179","2114830702","0.0769231"
"2114830702","2100153179","0.0769231"
"2109402524","2144346642","0.0769231"
"2144346642","2109402524","0.0769231"
"1555412276","1638026557","0.416667"
"1638026557","1555412276","0.416667"
"1555412276","2117849706","0.25"
"2117849706","1555412276","0.25"
"1638026557","2144346642","0.25"
"2144346642","1638026557","0.25"
"2117849706","2144346642","0.25"
"2144346642","2117849706","0.25"
"1638026557","1983178058","1.53333"
"1983178058","1638026557","1.53333"
"1638026557","2088422262","0.366667"
"2088422262","1638026557","0.366667"
"1638026557","2126880670","0.2"
"2126880670","1638026557","0.2"
"1983178058","2117849706","0.7"
"2117849706","1983178058","0.7"
"2088422262","2117849706","0.2"
"2117849706","2088422262","0.2"
"2117849706","2126880670","0.2"
"2126880670","2117849706","0.2"
"2021914941","2088422262","0.142857"
"2088422262","2021914941","0.142857"
"2021914941","2126880670","0.142857"
"2126880670","2021914941","0.142857"
"1565494300","2088422262","0.333333"
"2088422262","1565494300","0.333333"
"1486776102","2155094138","0.533333"
"2155094138","1486776102","0.533333"
"1486776102","2168009816","0.333333"
"2168009816","1486776102","0.333333"
"2088422262","2155094138","2.03333"
"2155094138","2088422262","2.03333"
"2088422262","2168009816","0.333333"
"2168009816","2088422262","0.333333"
"2155094138","2168009816","1.33333"
"2168009816","2155094138","1.33333"
"1486776102","1584070893","0.125"
"1584070893","1486776102","0.125"
"1486776102","2013666871","0.125"
"2013666871","1486776102","0.125"
"1486776102","2090111889","0.125"
"2090111889","1486776102","0.125"
"1584070893","2013666871","3.20833"
"2013666871","1584070893","3.20833"
"1584070893","2025721839","0.125"
"2025721839","1584070893","0.125"
"1584070893","2028818097","10.2083"
"2028818097","1584070893","10.2083"
"1584070893","2090111889","0.708333"
"2090111889","1584070893","0.708333"
"1584070893","2101620066","2.875"
"2101620066","1584070893","2.875"
"1584070893","2132520482","0.125"
"2132520482","1584070893","0.125"
"1584070893","97526424","0.125"
"97526424","1584070893","0.125"
"2013666871","2025721839","7.29167"
"2025721839","2013666871","7.29167"
"2013666871","2028818097","5.875"
"2028818097","2013666871","5.875"
"2013666871","2090111889","1.375"
"2090111889","2013666871","1.375"
"2013666871","2101620066","2.20833"
"2101620066","2013666871","2.20833"
"2013666871","2132520482","0.125"
"2132520482","2013666871","0.125"
"2013666871","97526424","0.125"
"97526424","2013666871","0.125"
"2025721839","2090111889","1.125"
"2090111889","2025721839","1.125"
"2025721839","2132520482","0.125"
"2132520482","2025721839","0.125"
"2028818097","2090111889","1.20833"
"2090111889","2028818097","1.20833"
"2028818097","2132520482","0.125"
"2132520482","2028818097","0.125"
"2090111889","2101620066","1.625"
"2101620066","2090111889","1.625"
"2090111889","2132520482","0.125"
"2132520482","2090111889","0.125"
"2090111889","97526424","0.125"
"97526424","2090111889","0.125"
"2101620066","2132520482","0.125"
"2132520482","2101620066","0.125"
"2132520482","97526424","0.125"
"97526424","2132520482","0.125"
"1555412276","1569403765","0.166667"
"1569403765","1555412276","0.166667"
"1555412276","2100674109","0.166667"
"2100674109","1555412276","0.166667"
"1569403765","1638026557","8.4"
"1638026557","1569403765","8.4"
"1569403765","2100674109","4.73333"
"2100674109","1569403765","4.73333"
"1638026557","2129035130","1.16667"
"2129035130","1638026557","1.16667"
"2088422262","2100674109","0.166667"
"2100674109","2088422262","0.166667"
"2100674109","2129035130","0.166667"
"2129035130","2100674109","0.166667"
"1486776102","1831560769","0.333333"
"1831560769","1486776102","0.333333"
"1831560769","2099395665","74.7762"
"2099395665","1831560769","74.7762"
"1831560769","2129035130","0.333333"
"2129035130","1831560769","0.333333"
"2099395665","2129035130","0.416667"
"2129035130","2099395665","0.416667"
"1486776102","2397617773","2"
"2397617773","1486776102","2"
"1486776102","2030799370","0.25"
"2030799370","1486776102","0.25"
"1555412276","2030799370","0.583333"
"2030799370","1555412276","0.583333"
"1555412276","2155094138","0.366667"
"2155094138","1555412276","0.366667"
"2126880670","2155094138","2.61667"
"2155094138","2126880670","2.61667"
"2155094138","2166916904","2.53333"
"2166916904","2155094138","2.53333"
"1492626646","1969450725","27.8845"
"1969450725","1492626646","27.8845"
"1492626646","2043489637","3.91667"
"2043489637","1492626646","3.91667"
"1969450725","2043489637","1.5"
"2043489637","1969450725","1.5"
"1492626646","1496528554","13.6345"
"1496528554","1492626646","13.6345"
"1492626646","1550995397","11.8845"
"1550995397","1492626646","11.8845"
"1492626646","2068535784","5.26667"
"2068535784","1492626646","5.26667"
"1496528554","1550995397","7.08571"
"1550995397","1496528554","7.08571"
"1496528554","2068535784","3.98333"
"2068535784","1496528554","3.98333"
"1550995397","2068535784","2.6"
"2068535784","1550995397","2.6"
"1492626646","1562083166","16.9845"
"1562083166","1492626646","16.9845"
"1492626646","1987873680","5.75"
"1987873680","1492626646","5.75"
"1562083166","1987873680","0.75"
"1987873680","1562083166","0.75"
"1492626646","1555797260","15.5762"
"1555797260","1492626646","15.5762"
"1492626646","2170551989","23.3345"
"2170551989","1492626646","23.3345"
"1550995397","1555797260","6.35"
"1555797260","1550995397","6.35"
"1550995397","2170551989","17.5345"
"2170551989","1550995397","17.5345"
"1492626646","1532909273","1.84167"
"1532909273","1492626646","1.84167"
"1492626646","1966276082","8.31905"
"1966276082","1492626646","8.31905"
"1496528554","1532909273","0.875"
"1532909273","1496528554","0.875"
"1496528554","1555797260","23.7"
"1555797260","1496528554","23.7"
"1496528554","1966276082","7.76071"
"1966276082","1496528554","7.76071"
"1496528554","2170551989","8.45833"
"2170551989","1496528554","8.45833"
"1532909273","1550995397","1.325"
"1550995397","1532909273","1.325"
"1532909273","1966276082","1.23333"
"1966276082","1532909273","1.23333"
"1532909273","2170551989","4.45833"
"2170551989","1532909273","4.45833"
"1550995397","1966276082","14.0774"
"1966276082","1550995397","14.0774"
"1555797260","1966276082","12.3095"
"1966276082","1555797260","12.3095"
"1966276082","2170551989","10.4929"
"2170551989","1966276082","10.4929"
"1492626646","2056947248","34.894"
"2056947248","1492626646","34.894"
"1555797260","1562083166","3.77619"
"1562083166","1555797260","3.77619"
"1562083166","2056947248","19.1774"
"2056947248","1562083166","19.1774"
"1492626646","1579790099","1.83333"
"1579790099","1492626646","1.83333"
"1579790099","1969450725","2.4"
"1969450725","1579790099","2.4"
"1579790099","2056947248","2.26667"
"2056947248","1579790099","2.26667"
"1969450725","2056947248","12.294"
"2056947248","1969450725","12.294"
"1496528554","1562083166","6.95833"
"1562083166","1496528554","6.95833"
"1496528554","1579790099","0.2"
"1579790099","1496528554","0.2"
"1496528554","1969450725","5.57619"
"1969450725","1496528554","5.57619"
"1562083166","1579790099","3.8"
"1579790099","1562083166","3.8"
"1562083166","1969450725","9.72738"
"1969450725","1562083166","9.72738"
"1562083166","2170551989","4.72738"
"2170551989","1562083166","4.72738"
"1579790099","2170551989","0.933333"
"2170551989","1579790099","0.933333"
"1969450725","2170551989","9.04405"
"2170551989","1969450725","9.04405"
"1492626646","1569403765","1.83333"
"1569403765","1492626646","1.83333"
"1492626646","2151775459","1.66667"
"2151775459","1492626646","1.66667"
"1555797260","1987873680","4.86667"
"1987873680","1555797260","4.86667"
"1555797260","2151775459","1.91667"
"2151775459","1555797260","1.91667"
"1987873680","2151775459","7.85"
"2151775459","1987873680","7.85"
"2068535784","2170551989","10.4167"
"2170551989","2068535784","10.4167"
"1492626646","1501265984","3.04286"
"1501265984","1492626646","3.04286"
"1501265984","1555797260","5.18333"
"1555797260","1501265984","5.18333"
"1501265984","1969450725","6.07619"
"1969450725","1501265984","6.07619"
"1501265984","2056947248","2.16905"
"2056947248","1501265984","2.16905"
"1555797260","1969450725","3.72619"
"1969450725","1555797260","3.72619"
"1492626646","2172104706","3.01786"
"2172104706","1492626646","3.01786"
"1501265984","2172104706","2.29286"
"2172104706","1501265984","2.29286"
"1969450725","2172104706","2.92738"
"2172104706","1969450725","2.92738"
"2056947248","2172104706","4.46071"
"2172104706","2056947248","4.46071"
"1492626646","2070979546","0.642857"
"2070979546","1492626646","0.642857"
"1492626646","2094867116","5.47619"
"2094867116","1492626646","5.47619"
"1496528554","2070979546","1.50952"
"2070979546","1496528554","1.50952"
"1496528554","2094867116","2.20952"
"2094867116","1496528554","2.20952"
"1501265984","1550995397","0.952381"
"1550995397","1501265984","0.952381"
"1501265984","2070979546","0.309524"
"2070979546","1501265984","0.309524"
"1501265984","2094867116","1.05952"
"2094867116","1501265984","1.05952"
"1501265984","2170551989","1.60952"
"2170551989","1501265984","1.60952"
"1550995397","2070979546","0.309524"
"2070979546","1550995397","0.309524"
"1550995397","2094867116","1.20952"
"2094867116","1550995397","1.20952"
"2070979546","2094867116","0.309524"
"2094867116","2070979546","0.309524"
"2070979546","2170551989","0.583333"
"2170551989","2070979546","0.583333"
"2094867116","2170551989","2.3"
"2170551989","2094867116","2.3"
"1492626646","2080621069","3.61667"
"2080621069","1492626646","3.61667"
"2056947248","2080621069","7.84286"
"2080621069","2056947248","7.84286"
"2056947248","2170551989","13.0274"
"2170551989","2056947248","13.0274"
"2080621069","2170551989","4.94286"
"2170551989","2080621069","4.94286"
"1562083166","2043489637","2"
"2043489637","1562083166","2"
"1492626646","1494307597","0.333333"
"1494307597","1492626646","0.333333"
"1492626646","1506194649","0.333333"
"1506194649","1492626646","0.333333"
"1494307597","1506194649","0.333333"
"1506194649","1494307597","0.333333"
"1494307597","1969450725","3.28333"
"1969450725","1494307597","3.28333"
"1506194649","1969450725","0.333333"
"1969450725","1506194649","0.333333"
"2170551989","2172104706","3.87738"
"2172104706","2170551989","3.87738"
"1496528554","2056947248","5.23452"
"2056947248","1496528554","5.23452"
"1496528554","2080621069","2.98333"
"2080621069","1496528554","2.98333"
"1562083166","2080621069","1.34286"
"2080621069","1562083166","1.34286"
"1969450725","2080621069","1.30952"
"2080621069","1969450725","1.30952"
"2043489637","2056947248","4.91667"
"2056947248","2043489637","4.91667"
"1501265984","1562083166","2.27619"
"1562083166","1501265984","2.27619"
"1562083166","2172104706","7.67738"
"2172104706","1562083166","7.67738"
"1492626646","2084119909","0.5"
"2084119909","1492626646","0.5"
"1501265984","2084119909","0.5"
"2084119909","1501265984","0.5"
"1555797260","2084119909","2"
"2084119909","1555797260","2"
"1969450725","2084119909","0.5"
"2084119909","1969450725","0.5"
"1501265984","1966276082","0.942857"
"1966276082","1501265984","0.942857"
"1966276082","2094867116","2.67619"
"2094867116","1966276082","2.67619"
"1492626646","2131165411","0.333333"
"2131165411","1492626646","0.333333"
"1492626646","2160825121","0.333333"
"2160825121","1492626646","0.333333"
"1969450725","2131165411","31.5"
"2131165411","1969450725","31.5"
"1969450725","2160825121","18.2167"
"2160825121","1969450725","18.2167"
"2131165411","2160825121","60.7778"
"2160825121","2131165411","60.7778"
"1562083166","1966276082","1.80952"
"1966276082","1562083166","1.80952"
"1492626646","2122211300","1.23333"
"2122211300","1492626646","1.23333"
"1966276082","2068535784","16.6667"
