"102254938","2116493296","1"
"2116493296","102254938","1"
"102254938","1548986531","1"
"1548986531","102254938","1"
"129414702","2042663418","1"
"2042663418","129414702","1"
"1506882104","2140430731","4.74286"
"2140430731","1506882104","4.74286"
"1506882104","1564015926","0.842857"
"1564015926","1506882104","0.842857"
"1506882104","1998783890","1.02857"
"1998783890","1506882104","1.02857"
"1564015926","1998783890","80.5387"
"1998783890","1564015926","80.5387"
"1506882104","2148706674","7.11905"
"2148706674","1506882104","7.11905"
"1506882104","1540340974","0.442857"
"1540340974","1506882104","0.442857"
"1506882104","2099132625","0.492857"
"2099132625","1506882104","0.492857"
"1506882104","2107443258","1.41905"
"2107443258","1506882104","1.41905"
"1506882104","2151335566","0.492857"
"2151335566","1506882104","0.492857"
"1506882104","2153511931","0.635714"
"2153511931","1506882104","0.635714"
"1540340974","1998783890","0.385714"
"1998783890","1540340974","0.385714"
"1540340974","2099132625","0.242857"
"2099132625","1540340974","0.242857"
"1540340974","2107443258","17.3119"
"2107443258","1540340974","17.3119"
"1540340974","2140430731","4.82309"
"2140430731","1540340974","4.82309"
"1540340974","2151335566","0.242857"
"2151335566","1540340974","0.242857"
"1540340974","2153511931","0.789755"
"2153511931","1540340974","0.789755"
"1998783890","2099132625","0.492857"
"2099132625","1998783890","0.492857"
"1998783890","2107443258","4.5244"
"2107443258","1998783890","4.5244"
"1998783890","2140430731","1.55536"
"2140430731","1998783890","1.55536"
"1998783890","2151335566","0.305357"
"2151335566","1998783890","0.305357"
"1998783890","2153511931","1.44821"
"2153511931","1998783890","1.44821"
"2099132625","2107443258","0.242857"
"2107443258","2099132625","0.242857"
"2099132625","2140430731","0.242857"
"2140430731","2099132625","0.242857"
"2099132625","2151335566","6.00238"
"2151335566","2099132625","6.00238"
"2099132625","2153511931","0.242857"
"2153511931","2099132625","0.242857"
"2107443258","2140430731","5.47202"
"2140430731","2107443258","5.47202"
"2107443258","2151335566","0.305357"
"2151335566","2107443258","0.305357"
"2107443258","2153511931","1.44821"
"2153511931","2107443258","1.44821"
"2140430731","2151335566","0.305357"
"2151335566","2140430731","0.305357"
"2140430731","2153511931","0.852255"
"2153511931","2140430731","0.852255"
"2151335566","2153511931","0.305357"
"2153511931","2151335566","0.305357"
"1506882104","2110557355","2.49286"
"2110557355","1506882104","2.49286"
"1506882104","2122731071","0.35"
"2122731071","1506882104","0.35"
"2110557355","2122731071","45.5554"
"2122731071","2110557355","45.5554"
"2110557355","2148706674","29.222"
"2148706674","2110557355","29.222"
"2110557355","2153511931","9.17917"
"2153511931","2110557355","9.17917"
"2122731071","2148706674","14.7458"
"2148706674","2122731071","14.7458"
"2122731071","2153511931","6.82917"
"2153511931","2122731071","6.82917"
"2148706674","2153511931","1.10225"
"2153511931","2148706674","1.10225"
"1506882104","2096768150","0.2"
"2096768150","1506882104","0.2"
"1506882104","2118382926","0.2"
"2118382926","1506882104","0.2"
"1506882104","2130304062","0.342857"
"2130304062","1506882104","0.342857"
"1506882104","2172007538","0.2"
"2172007538","1506882104","0.2"
"2096768150","2118382926","0.4"
"2118382926","2096768150","0.4"
"2096768150","2130304062","0.2"
"2130304062","2096768150","0.2"
"2096768150","2148706674","0.2"
"2148706674","2096768150","0.2"
"2096768150","2172007538","2.35"
"2172007538","2096768150","2.35"
"2118382926","2130304062","6.06667"
"2130304062","2118382926","6.06667"
"2118382926","2148706674","0.2625"
"2148706674","2118382926","0.2625"
"2118382926","2172007538","0.4625"
"2172007538","2118382926","0.4625"
"2130304062","2148706674","0.342857"
"2148706674","2130304062","0.342857"
"2130304062","2172007538","0.2"
"2172007538","2130304062","0.2"
"2148706674","2172007538","0.2625"
"2172007538","2148706674","0.2625"
"1506882104","2134743705","1.2"
"2134743705","1506882104","1.2"
"1506882104","1586825695","0.142857"
"1586825695","1506882104","0.142857"
"1506882104","1975887898","0.142857"
"1975887898","1506882104","0.142857"
"1506882104","2107683037","0.142857"
"2107683037","1506882104","0.142857"
"1506882104","2156664231","0.392857"
"2156664231","1506882104","0.392857"
"1586825695","1975887898","1.28571"
"1975887898","1586825695","1.28571"
"1586825695","1998783890","0.955357"
"1998783890","1586825695","0.955357"
"1586825695","2107683037","0.642857"
"2107683037","1586825695","0.642857"
"1586825695","2110557355","27.2482"
"2110557355","1586825695","27.2482"
"1586825695","2148706674","5.70536"
"2148706674","1586825695","5.70536"
"1586825695","2156664231","2.03571"
"2156664231","1586825695","2.03571"
"1975887898","1998783890","0.142857"
"1998783890","1975887898","0.142857"
"1975887898","2107683037","2.59286"
"2107683037","1975887898","2.59286"
"1975887898","2110557355","1.78571"
"2110557355","1975887898","1.78571"
"1975887898","2148706674","2.14286"
"2148706674","1975887898","2.14286"
"1975887898","2156664231","13.6857"
"2156664231","1975887898","13.6857"
"1998783890","2107683037","3.14286"
"2107683037","1998783890","3.14286"
"1998783890","2110557355","2.30536"
"2110557355","1998783890","2.30536"
"1998783890","2148706674","8.53155"
"2148706674","1998783890","8.53155"
"1998783890","2156664231","0.392857"
"2156664231","1998783890","0.392857"
"2107683037","2110557355","0.142857"
"2110557355","2107683037","0.142857"
"2107683037","2148706674","2.14286"
"2148706674","2107683037","2.14286"
"2107683037","2156664231","0.592857"
"2156664231","2107683037","0.592857"
"2110557355","2156664231","3.36905"
"2156664231","2110557355","3.36905"
"2148706674","2156664231","2.30952"
"2156664231","2148706674","2.30952"
"1506882104","2017616492","0.142857"
"2017616492","1506882104","0.142857"
"1564015926","2017616492","0.142857"
"2017616492","1564015926","0.142857"
"1564015926","2107443258","0.905357"
"2107443258","1564015926","0.905357"
"1564015926","2130304062","0.142857"
"2130304062","1564015926","0.142857"
"1564015926","2148706674","12.2387"
"2148706674","1564015926","12.2387"
"1564015926","2153511931","0.205357"
"2153511931","1564015926","0.205357"
"1998783890","2017616492","0.142857"
"2017616492","1998783890","0.142857"
"1998783890","2130304062","0.142857"
"2130304062","1998783890","0.142857"
"2017616492","2107443258","0.142857"
"2107443258","2017616492","0.142857"
"2017616492","2130304062","0.142857"
"2130304062","2017616492","0.142857"
"2017616492","2148706674","0.642857"
"2148706674","2017616492","0.642857"
"2017616492","2153511931","0.142857"
"2153511931","2017616492","0.142857"
"2107443258","2130304062","0.342857"
"2130304062","2107443258","0.342857"
"2107443258","2148706674","6.33869"
"2148706674","2107443258","6.33869"
"2130304062","2153511931","0.392857"
"2153511931","2130304062","0.392857"
"1506882104","166925878","0.5"
"166925878","1506882104","0.5"
"166925878","2140430731","0.5"
"2140430731","166925878","0.5"
"1540340974","1564015926","0.2"
"1564015926","1540340974","0.2"
"1540340974","2134743705","16.9231"
"2134743705","1540340974","16.9231"
"1540340974","2148706674","3.68023"
"2148706674","1540340974","3.68023"
"1564015926","2134743705","0.7"
"2134743705","1564015926","0.7"
"2107443258","2134743705","42.1762"
"2134743705","2107443258","42.1762"
"2134743705","2148706674","3.7469"
"2148706674","2134743705","3.7469"
"1506882104","2141192422","2.14286"
"2141192422","1506882104","2.14286"
"2140430731","2148706674","15.1261"
"2148706674","2140430731","15.1261"
"2099132625","2148706674","0.35"
"2148706674","2099132625","0.35"
"2099132625","2156664231","14.5929"
"2156664231","2099132625","14.5929"
"2148706674","2151335566","0.6625"
"2151335566","2148706674","0.6625"
"2151335566","2156664231","7.70952"
"2156664231","2151335566","7.70952"
"1506882104","1995328140","0.142857"
"1995328140","1506882104","0.142857"
"1506882104","2061030555","0.142857"
"2061030555","1506882104","0.142857"
"1506882104","2087167379","0.142857"
"2087167379","1506882104","0.142857"
"1506882104","2168632104","0.47619"
"2168632104","1506882104","0.47619"
"1506882104","2272117517","0.142857"
"2272117517","1506882104","0.142857"
"1506882104","2437544646","0.142857"
"2437544646","1506882104","0.142857"
"1995328140","2061030555","1.87309"
"2061030555","1995328140","1.87309"
"1995328140","2087167379","3.99214"
"2087167379","1995328140","3.99214"
"1995328140","2141192422","0.142857"
"2141192422","1995328140","0.142857"
"1995328140","2168632104","5.01594"
"2168632104","1995328140","5.01594"
"1995328140","2272117517","3.06753"
"2272117517","1995328140","3.06753"
"1995328140","2437544646","0.22619"
"2437544646","1995328140","0.22619"
"2061030555","2087167379","2.20642"
"2087167379","2061030555","2.20642"
"2061030555","2141192422","0.142857"
"2141192422","2061030555","0.142857"
"2061030555","2168632104","2.37309"
"2168632104","2061030555","2.37309"
"2061030555","2272117517","2.9842"
"2272117517","2061030555","2.9842"
"2061030555","2437544646","0.22619"
"2437544646","2061030555","0.22619"
"2087167379","2141192422","0.142857"
"2141192422","2087167379","0.142857"
"2087167379","2168632104","6.72547"
"2168632104","2087167379","6.72547"
"2087167379","2272117517","5.31753"
"2272117517","2087167379","5.31753"
"2087167379","2437544646","0.22619"
"2437544646","2087167379","0.22619"
"2141192422","2168632104","0.142857"
"2168632104","2141192422","0.142857"
"2141192422","2272117517","0.142857"
"2272117517","2141192422","0.142857"
"2141192422","2437544646","0.142857"
"2437544646","2141192422","0.142857"
"2168632104","2272117517","4.81753"
"2272117517","2168632104","4.81753"
"2168632104","2437544646","0.22619"
"2437544646","2168632104","0.22619"
"2272117517","2437544646","0.22619"
"2437544646","2272117517","0.22619"
"2107443258","2168632104","1.20238"
"2168632104","2107443258","1.20238"
"2148706674","2168632104","1.73737"
"2168632104","2148706674","1.73737"
"1540340974","2110557355","0.6"
"2110557355","1540340974","0.6"
"1540340974","2122731071","0.1"
"2122731071","1540340974","0.1"
"1998783890","2122731071","2.99583"
"2122731071","1998783890","2.99583"
"2099132625","2110557355","1.74286"
"2110557355","2099132625","1.74286"
"2099132625","2122731071","1.40952"
"2122731071","2099132625","1.40952"
"2107443258","2110557355","7.49583"
"2110557355","2107443258","7.49583"
"2107443258","2122731071","0.1625"
"2122731071","2107443258","0.1625"
"2110557355","2140430731","0.6625"
"2140430731","2110557355","0.6625"
"2110557355","2151335566","0.722024"
"2151335566","2110557355","0.722024"
"2122731071","2140430731","1.1625"
"2140430731","2122731071","1.1625"
"2122731071","2151335566","0.472024"
"2151335566","2122731071","0.472024"
"1540340974","1995437102","0.333333"
"1995437102","1540340974","0.333333"
"1995437102","2140430731","0.833333"
"2140430731","1995437102","0.833333"
"1995437102","2148706674","4.08333"
"2148706674","1995437102","4.08333"
"2134743705","2140430731","3.33023"
"2140430731","2134743705","3.33023"
"1540340974","2030868206","1.97309"
"2030868206","1540340974","1.97309"
"1540340974","2087167379","1.08261"
"2087167379","1540340974","1.08261"
"2030868206","2087167379","1.12309"
"2087167379","2030868206","1.12309"
"2030868206","2107443258","3.24286"
"2107443258","2030868206","3.24286"
"2030868206","2134743705","3.98975"
"2134743705","2030868206","3.98975"
"2087167379","2107443258","1.95238"
"2107443258","2087167379","1.95238"
"2087167379","2134743705","2.02309"
"2134743705","2087167379","2.02309"
"1540340974","2144550310","1"
"2144550310","1540340974","1"
"1540340974","1995328140","1.53261"
"1995328140","1540340974","1.53261"
"1540340974","2168632104","1.18975"
"2168632104","1540340974","1.18975"
"1995328140","1998783890","0.32619"
"1998783890","1995328140","0.32619"
"1995328140","2030868206","1.32309"
"2030868206","1995328140","1.32309"
"1995328140","2107443258","2.21905"
"2107443258","1995328140","2.21905"
"1995328140","2134743705","6.73975"
"2134743705","1995328140","6.73975"
"1998783890","2030868206","0.32619"
"2030868206","1998783890","0.32619"
"1998783890","2087167379","0.32619"
"2087167379","1998783890","0.32619"
"1998783890","2134743705","0.82619"
"2134743705","1998783890","0.82619"
"1998783890","2168632104","0.32619"
"2168632104","1998783890","0.32619"
"2030868206","2168632104","0.730231"
"2168632104","2030868206","0.730231"
"2134743705","2168632104","1.96356"
"2168632104","2134743705","1.96356"
"1540340974","2134537508","0.583333"
"2134537508","1540340974","0.583333"
"2030868206","2134537508","0.25"
"2134537508","2030868206","0.25"
"2107443258","2134537508","1.41667"
"2134537508","2107443258","1.41667"
"2134537508","2134743705","1.58333"
"2134743705","2134537508","1.58333"
"1540340974","2042663418","1"
"2042663418","1540340974","1"
"2042663418","2134743705","0.5"
"2134743705","2042663418","0.5"
"1540340974","2136575791","0.333333"
"2136575791","1540340974","0.333333"
"2107443258","2136575791","0.666667"
"2136575791","2107443258","0.666667"
"2134537508","2136575791","0.333333"
"2136575791","2134537508","0.333333"
"2042663418","2107443258","0.5"
"2107443258","2042663418","0.5"
"1540340974","2134414349","0.333333"
"2134414349","1540340974","0.333333"
"2134414349","2134743705","0.333333"
"2134743705","2134414349","0.333333"
"2134414349","2148706674","0.333333"
"2148706674","2134414349","0.333333"
"1995328140","2140430731","0.746898"
"2140430731","1995328140","0.746898"
"1995328140","2148706674","2.0469"
"2148706674","1995328140","2.0469"
"1995328140","2153511931","1.0469"
"2153511931","1995328140","1.0469"
"2030868206","2140430731","0.746898"
"2140430731","2030868206","0.746898"
"2030868206","2148706674","0.546898"
"2148706674","2030868206","0.546898"
"2030868206","2153511931","0.546898"
"2153511931","2030868206","0.546898"
"2087167379","2140430731","0.546898"
"2140430731","2087167379","0.546898"
"2087167379","2148706674","0.546898"
"2148706674","2087167379","0.546898"
"2087167379","2153511931","0.546898"
"2153511931","2087167379","0.546898"
"2134743705","2153511931","1.7969"
"2153511931","2134743705","1.7969"
"1540340974","257053926","0.2"
"257053926","1540340974","0.2"
"1995328140","257053926","0.2"
"257053926","1995328140","0.2"
"2030868206","257053926","0.2"
"257053926","2030868206","0.2"
"2134743705","257053926","0.2"
"257053926","2134743705","0.2"
"2140430731","257053926","0.2"
"257053926","2140430731","0.2"
"1540340974","2030587882","0.574675"
"2030587882","1540340974","0.574675"
"1540340974","2061030555","0.546898"
"2061030555","1540340974","0.546898"
"1540340974","2272117517","0.574675"
"2272117517","1540340974","0.574675"
"1995328140","2030587882","0.758009"
"2030587882","1995328140","0.758009"
"2030587882","2030868206","0.365152"
"2030868206","2030587882","0.365152"
"2030587882","2061030555","0.674675"
"2061030555","2030587882","0.674675"
"2030587882","2087167379","1.15087"
"2087167379","2030587882","1.15087"
"2030587882","2134743705","0.615152"
"2134743705","2030587882","0.615152"
"2030587882","2140430731","0.181818"
"2140430731","2030587882","0.181818"
"2030587882","2148706674","0.181818"
"2148706674","2030587882","0.181818"
"2030587882","2153511931","0.181818"
"2153511931","2030587882","0.181818"
"2030587882","2168632104","1.15087"
"2168632104","2030587882","1.15087"
"2030587882","2272117517","0.924675"
"2272117517","2030587882","0.924675"
"2030868206","2061030555","0.587374"
"2061030555","2030868206","0.587374"
"2030868206","2272117517","0.365152"
"2272117517","2030868206","0.365152"
"2061030555","2134743705","0.587374"
"2134743705","2061030555","0.587374"
"2061030555","2140430731","0.40404"
"2140430731","2061030555","0.40404"
"2061030555","2148706674","0.40404"
"2148706674","2061030555","0.40404"
"2061030555","2153511931","0.40404"
"2153511931","2061030555","0.40404"
"2134743705","2272117517","0.615152"
"2272117517","2134743705","0.615152"
"2140430731","2168632104","0.40404"
"2168632104","2140430731","0.40404"
"2140430731","2272117517","0.181818"
"2272117517","2140430731","0.181818"
"2148706674","2272117517","0.181818"
"2272117517","2148706674","0.181818"
"2153511931","2168632104","0.40404"
"2168632104","2153511931","0.40404"
"2153511931","2272117517","0.181818"
"2272117517","2153511931","0.181818"
"2030587882","2107443258","0.32619"
"2107443258","2030587882","0.32619"
"2061030555","2107443258","0.659524"
"2107443258","2061030555","0.659524"
"2107443258","2272117517","0.659524"
"2272117517","2107443258","0.659524"
"1548986531","1890223818","1"
"1890223818","1548986531","1"
"1548986531","1998783890","1"
"1998783890","1548986531","1"
"1548986531","2148706674","1.5"
"2148706674","1548986531","1.5"
"1548986531","2140430731","0.5"
"2140430731","1548986531","0.5"
"1548986531","2107683037","1"
"2107683037","1548986531","1"
"1564015926","1586825695","2.0625"
"1586825695","1564015926","2.0625"
"1564015926","1995437102","0.75"
"1995437102","1564015926","0.75"
"1564015926","2110557355","2.14583"
"2110557355","1564015926","2.14583"
"1586825695","1995437102","0.25"
"1995437102","1586825695","0.25"
"1995437102","2110557355","0.75"
"2110557355","1995437102","0.75"
"1564015926","2122731071","2.72917"
"2122731071","1564015926","2.72917"
"1564015926","1973266211","0.5"
"1973266211","1564015926","0.5"
"1973266211","1998783890","1.75"
"1998783890","1973266211","1.75"
"1564015926","2107683037","1"
"2107683037","1564015926","1"
"1564015926","2140430731","2.3125"
"2140430731","1564015926","2.3125"
"1586825695","2140430731","0.3125"
"2140430731","1586825695","0.3125"
"1564015926","2064383543","0.0625"
"2064383543","1564015926","0.0625"
"1564015926","2112056262","0.0625"
"2112056262","1564015926","0.0625"
"1564015926","2118382926","0.395833"
"2118382926","1564015926","0.395833"
"1564015926","2138551708","0.0625"
"2138551708","1564015926","0.0625"
"1564015926","2151335566","0.0625"
"2151335566","1564015926","0.0625"
"1564015926","2164363676","0.0625"
"2164363676","1564015926","0.0625"
"1564015926","2172007538","0.0625"
"2172007538","1564015926","0.0625"
"1564015926","31240896","0.5625"
"31240896","1564015926","0.5625"
"1586825695","2064383543","0.2625"
"2064383543","1586825695","0.2625"
"1586825695","2107443258","0.0625"
"2107443258","1586825695","0.0625"
"1586825695","2112056262","2.84583"
"2112056262","1586825695","2.84583"
"1586825695","2118382926","0.7125"
"2118382926","1586825695","0.7125"
"1586825695","2122731071","1.37202"
"2122731071","1586825695","1.37202"
"1586825695","2138551708","1.0625"
"2138551708","1586825695","1.0625"
"1586825695","2151335566","0.955357"
"2151335566","1586825695","0.955357"
"1586825695","2153511931","0.2625"
"2153511931","1586825695","0.2625"
"1586825695","2164363676","2.7125"
"2164363676","1586825695","2.7125"
"1586825695","2172007538","1.2625"
"2172007538","1586825695","1.2625"
"1586825695","31240896","0.0625"
"31240896","1586825695","0.0625"
"1998783890","2064383543","0.0625"
"2064383543","1998783890","0.0625"
"1998783890","2112056262","0.0625"
"2112056262","1998783890","0.0625"
"1998783890","2118382926","1.0625"
"2118382926","1998783890","1.0625"
"1998783890","2138551708","0.0625"
"2138551708","1998783890","0.0625"
"1998783890","2164363676","0.0625"
"2164363676","1998783890","0.0625"
"1998783890","2172007538","0.0625"
"2172007538","1998783890","0.0625"
"1998783890","31240896","0.5625"
"31240896","1998783890","0.5625"
"2064383543","2107443258","0.395833"
"2107443258","2064383543","0.395833"
"2064383543","2110557355","6.07917"
"2110557355","2064383543","6.07917"
"2064383543","2112056262","0.6625"
"2112056262","2064383543","0.6625"
"2064383543","2118382926","0.0625"
"2118382926","2064383543","0.0625"
"2064383543","2122731071","3.14583"
"2122731071","2064383543","3.14583"
"2064383543","2138551708","2.04583"
"2138551708","2064383543","2.04583"
"2064383543","2140430731","0.0625"
"2140430731","2064383543","0.0625"
"2064383543","2148706674","0.0625"
"2148706674","2064383543","0.0625"
"2064383543","2151335566","0.0625"
"2151335566","2064383543","0.0625"
"2064383543","2153511931","1.49583"
"2153511931","2064383543","1.49583"
"2064383543","2164363676","3.4125"
"2164363676","2064383543","3.4125"
"2064383543","2172007538","0.0625"
"2172007538","2064383543","0.0625"
"2064383543","31240896","0.0625"
"31240896","2064383543","0.0625"
"2107443258","2112056262","0.0625"
"2112056262","2107443258","0.0625"
"2107443258","2118382926","0.0625"
"2118382926","2107443258","0.0625"
"2107443258","2138551708","0.5625"
"2138551708","2107443258","0.5625"
"2107443258","2164363676","0.395833"
"2164363676","2107443258","0.395833"
"2107443258","2172007538","0.0625"
"2172007538","2107443258","0.0625"
"2107443258","31240896","0.0625"
"31240896","2107443258","0.0625"
"2110557355","2112056262","15.9125"
"2112056262","2110557355","15.9125"
"2110557355","2118382926","3.17917"
"2118382926","2110557355","3.17917"
"2110557355","2138551708","4.29583"
"2138551708","2110557355","4.29583"
"2110557355","2164363676","20.6125"
"2164363676","2110557355","20.6125"
"2110557355","2172007538","1.0625"
"2172007538","2110557355","1.0625"
"2110557355","31240896","1.0625"
"31240896","2110557355","1.0625"
"2112056262","2118382926","0.0625"
"2118382926","2112056262","0.0625"
"2112056262","2122731071","3.47917"
"2122731071","2112056262","3.47917"
"2112056262","2138551708","0.7125"
"2138551708","2112056262","0.7125"
"2112056262","2140430731","1.0625"
"2140430731","2112056262","1.0625"
"2112056262","2148706674","1.97917"
"2148706674","2112056262","1.97917"
"2112056262","2151335566","0.5625"
"2151335566","2112056262","0.5625"
"2112056262","2153511931","0.9125"
"2153511931","2112056262","0.9125"
"2112056262","2164363676","4.9125"
"2164363676","2112056262","4.9125"
"2112056262","2172007538","0.0625"
"2172007538","2112056262","0.0625"
"2112056262","31240896","0.0625"
"31240896","2112056262","0.0625"
"2118382926","2122731071","0.395833"
"2122731071","2118382926","0.395833"
"2118382926","2138551708","0.0625"
"2138551708","2118382926","0.0625"
"2118382926","2140430731","0.0625"
"2140430731","2118382926","0.0625"
"2118382926","2151335566","0.0625"
"2151335566","2118382926","0.0625"
"2118382926","2153511931","1.0625"
"2153511931","2118382926","1.0625"
"2118382926","2164363676","0.5125"
"2164363676","2118382926","0.5125"
"2118382926","31240896","0.0625"
"31240896","2118382926","0.0625"
"2122731071","2138551708","0.0625"
"2138551708","2122731071","0.0625"
"2122731071","2164363676","12.6458"
"2164363676","2122731071","12.6458"
"2122731071","2172007538","0.0625"
"2172007538","2122731071","0.0625"
"2122731071","31240896","0.0625"
"31240896","2122731071","0.0625"
"2138551708","2140430731","0.0625"
"2140430731","2138551708","0.0625"
"2138551708","2148706674","0.0625"
"2148706674","2138551708","0.0625"
"2138551708","2151335566","0.0625"
"2151335566","2138551708","0.0625"
"2138551708","2153511931","1.4625"
"2153511931","2138551708","1.4625"
"2138551708","2164363676","2.79583"
"2164363676","2138551708","2.79583"
"2138551708","2172007538","0.0625"
"2172007538","2138551708","0.0625"
"2138551708","31240896","0.0625"
"31240896","2138551708","0.0625"
"2140430731","2164363676","0.0625"
"2164363676","2140430731","0.0625"
"2140430731","2172007538","0.0625"
"2172007538","2140430731","0.0625"
"2140430731","31240896","0.0625"
"31240896","2140430731","0.0625"
"2148706674","2164363676","0.0625"
"2164363676","2148706674","0.0625"
"2148706674","31240896","0.0625"
"31240896","2148706674","0.0625"
"2151335566","2164363676","0.0625"
"2164363676","2151335566","0.0625"
"2151335566","2172007538","4.5125"
"2172007538","2151335566","4.5125"
"2151335566","31240896","0.0625"
"31240896","2151335566","0.0625"
"2153511931","2164363676","4.4125"
"2164363676","2153511931","4.4125"
"2153511931","2172007538","0.0625"
"2172007538","2153511931","0.0625"
"2153511931","31240896","0.0625"
"31240896","2153511931","0.0625"
"2164363676","2172007538","0.0625"
"2172007538","2164363676","0.0625"
"2164363676","31240896","0.0625"
"31240896","2164363676","0.0625"
"2172007538","31240896","0.0625"
"31240896","2172007538","0.0625"
"1564015926","2099132625","0.25"
"2099132625","1564015926","0.25"
"1564015926","2156664231","0.25"
"2156664231","1564015926","0.25"
"1564015926","2160923181","0.25"
"2160923181","1564015926","0.25"
"1998783890","2160923181","0.25"
"2160923181","1998783890","0.25"
"2099132625","2160923181","10.4262"
"2160923181","2099132625","10.4262"
"2156664231","2160923181","8.04286"
"2160923181","2156664231","8.04286"
"1564015926","2144550310","0.5"
"2144550310","1564015926","0.5"
"1998783890","2144550310","1.93333"
"2144550310","1998783890","1.93333"
"1566806312","1996186909","0.333333"
"1996186909","1566806312","0.333333"
"1566806312","2107683037","0.333333"
"2107683037","1566806312","0.333333"
"1566806312","2144550310","0.333333"
"2144550310","1566806312","0.333333"
"1996186909","2107683037","0.333333"
"2107683037","1996186909","0.333333"
"1996186909","2144550310","0.333333"
"2144550310","1996186909","0.333333"
"2107683037","2144550310","1.33333"
"2144550310","2107683037","1.33333"
"1586825695","2129524385","0.5"
"2129524385","1586825695","0.5"
"2107683037","2129524385","30"
"2129524385","2107683037","30"
"1586825695","2136575791","1"
"2136575791","1586825695","1"
"1586825695","1973266211","1.15"
"1973266211","1586825695","1.15"
"1586825695","2114157818","0.7"
"2114157818","1586825695","0.7"
"1586825695","23323356","0.5"
"23323356","1586825695","0.5"
"1973266211","2112056262","0.5"
"2112056262","1973266211","0.5"
"1973266211","2114157818","5.03333"
"2114157818","1973266211","5.03333"
"1973266211","23323356","4"
"23323356","1973266211","4"
"2112056262","2114157818","0.5"
"2114157818","2112056262","0.5"
"2112056262","23323356","0.5"
"23323356","2112056262","0.5"
"2114157818","23323356","3.25"
"23323356","2114157818","3.25"
"1973266211","2110557355","1.78333"
"2110557355","1973266211","1.78333"
"1973266211","2118382926","1.31667"
"2118382926","1973266211","1.31667"
"1973266211","2164363676","0.783333"
"2164363676","1973266211","0.783333"
"1586825695","2099132625","0.142857"
"2099132625","1586825695","0.142857"
"1586825695","2160923181","0.392857"
"2160923181","1586825695","0.392857"
"1975887898","2099132625","31.6762"
"2099132625","1975887898","31.6762"
"1975887898","2122731071","3.30952"
"2122731071","1975887898","3.30952"
"1975887898","2151335566","3.20952"
"2151335566","1975887898","3.20952"
"1975887898","2160923181","11.6262"
"2160923181","1975887898","11.6262"
"2110557355","2160923181","0.642857"
"2160923181","2110557355","0.642857"
"2122731071","2156664231","0.309524"
"2156664231","2122731071","0.309524"
"2122731071","2160923181","0.309524"
"2160923181","2122731071","0.309524"
"2151335566","2160923181","4.45952"
"2160923181","2151335566","4.45952"
"1586825695","2130304062","0.2"
"2130304062","1586825695","0.2"
"1973266211","2130304062","2.86667"
"2130304062","1973266211","2.86667"
"2110557355","2130304062","1.78333"
"2130304062","2110557355","1.78333"
"2130304062","2164363676","0.45"
"2164363676","2130304062","0.45"
"2112056262","2156664231","1.16667"
"2156664231","2112056262","1.16667"
"2112056262","2160923181","0.75"
"2160923181","2112056262","0.75"
"1586825695","2096768150","0.2"
"2096768150","1586825695","0.2"
"1973266211","2096768150","0.2"
"2096768150","1973266211","0.2"
"1973266211","2172007538","0.2"
"2172007538","1973266211","0.2"
"2096768150","2114157818","0.2"
"2114157818","2096768150","0.2"
"2114157818","2118382926","1.53333"
"2118382926","2114157818","1.53333"
"2114157818","2172007538","0.7"
"2172007538","2114157818","0.7"
"1586825695","1995328140","1"
"1995328140","1586825695","1"
"1890223818","2129524385","0.5"
"2129524385","1890223818","0.5"
"1890223818","2148706674","0.5"
"2148706674","1890223818","0.5"
"2129524385","2148706674","0.5"
"2148706674","2129524385","0.5"
"1966208416","2134537508","1"
"2134537508","1966208416","1"
"1966208416","2030587882","0.142857"
"2030587882","1966208416","0.142857"
"1966208416","2087167379","0.142857"
"2087167379","1966208416","0.142857"
"1966208416","2109377779","0.142857"
"2109377779","1966208416","0.142857"
"1966208416","2114725120","0.142857"
"2114725120","1966208416","0.142857"
"1966208416","2134414349","0.142857"
"2134414349","1966208416","0.142857"
"1966208416","2151234409","0.142857"
"2151234409","1966208416","0.142857"
"1966208416","2168632104","0.142857"
"2168632104","1966208416","0.142857"
"2030587882","2109377779","0.142857"
"2109377779","2030587882","0.142857"
"2030587882","2114725120","0.642857"
"2114725120","2030587882","0.642857"
"2030587882","2134414349","0.142857"
"2134414349","2030587882","0.142857"
"2030587882","2151234409","0.142857"
"2151234409","2030587882","0.142857"
"2087167379","2109377779","0.142857"
"2109377779","2087167379","0.142857"
"2087167379","2114725120","3.54286"
"2114725120","2087167379","3.54286"
"2087167379","2134414349","0.142857"
"2134414349","2087167379","0.142857"
"2087167379","2151234409","0.142857"
"2151234409","2087167379","0.142857"
"2109377779","2114725120","0.142857"
"2114725120","2109377779","0.142857"
"2109377779","2134414349","3.47619"
"2134414349","2109377779","3.47619"
"2109377779","2151234409","0.47619"
"2151234409","2109377779","0.47619"
"2109377779","2168632104","0.142857"
"2168632104","2109377779","0.142857"
"2114725120","2134414349","0.142857"
"2134414349","2114725120","0.142857"
"2114725120","2151234409","0.142857"
"2151234409","2114725120","0.142857"
"2114725120","2168632104","3.87619"
"2168632104","2114725120","3.87619"
"2134414349","2151234409","5.97619"
"2151234409","2134414349","5.97619"
"2134414349","2168632104","0.142857"
"2168632104","2134414349","0.142857"
"2151234409","2168632104","0.142857"
"2168632104","2151234409","0.142857"
"1966446553","2030587882","0.166667"
"2030587882","1966446553","0.166667"
"1966446553","2061030555","0.166667"
"2061030555","1966446553","0.166667"
"1966446553","2087167379","0.166667"
"2087167379","1966446553","0.166667"
"1966446553","2114725120","2"
"2114725120","1966446553","2"
"1966446553","2168632104","0.666667"
"2168632104","1966446553","0.666667"
"1966446553","2272117517","0.166667"
"2272117517","1966446553","0.166667"
"2061030555","2114725120","2.16667"
"2114725120","2061030555","2.16667"
"2114725120","2272117517","0.166667"
"2272117517","2114725120","0.166667"
"1966446553","1995328140","0.333333"
"1995328140","1966446553","0.333333"
"1966446553","2134743705","0.333333"
"2134743705","1966446553","0.333333"
"1995328140","2114725120","0.666667"
"2114725120","1995328140","0.666667"
"2114725120","2134743705","1.06667"
"2134743705","2114725120","1.06667"
"1966446553","2148706674","2"
"2148706674","1966446553","2"
"1966446553","2058432775","1"
"2058432775","1966446553","1"
"1973266211","2148706674","3.33333"
"2148706674","1973266211","3.33333"
"1973266211","2064383543","2.33333"
"2064383543","1973266211","2.33333"
"1973266211","2114725120","1"
"2114725120","1973266211","1"
"1973266211","2144550310","4.25"
"2144550310","1973266211","4.25"
"2144550310","23323356","10"
"23323356","2144550310","10"
"1973266211","2134743705","1.75"
"2134743705","1973266211","1.75"
"1973266211","2140430731","0.583333"
"2140430731","1973266211","0.583333"
"2114157818","2134743705","0.25"
"2134743705","2114157818","0.25"
"2114157818","2140430731","0.25"
"2140430731","2114157818","0.25"
"2114157818","2144550310","2.5"
"2144550310","2114157818","2.5"
"2134743705","2144550310","1.43333"
"2144550310","2134743705","1.43333"
"2140430731","2144550310","0.25"
"2144550310","2140430731","0.25"
"1973266211","2107443258","1.91667"
"2107443258","1973266211","1.91667"
"1998783890","23323356","0.25"
"23323356","1998783890","0.25"
"2107443258","2144550310","0.433333"
"2144550310","2107443258","0.433333"
"2107443258","23323356","0.25"
"23323356","2107443258","0.25"
"1973266211","2153511931","1"
"2153511931","1973266211","1"
"1973266211","2087167379","0.5"
"2087167379","1973266211","0.5"
"1973266211","1995437102","1"
"1995437102","1973266211","1"
"1973266211","2109377779","0.25"
"2109377779","1973266211","0.25"
"2109377779","2114157818","4.08333"
"2114157818","2109377779","4.08333"
"2109377779","2144550310","0.25"
"2144550310","2109377779","0.25"
"2109377779","23323356","0.25"
"23323356","2109377779","0.25"
"1973266211","1995328140","2"
"1995328140","1973266211","2"
"2114157818","2130304062","1.33333"
"2130304062","2114157818","1.33333"
"1973266211","2156664231","1"
"2156664231","1973266211","1"
"1975887898","2096768150","4.7"
"2096768150","1975887898","4.7"
"2096768150","2099132625","2.5"
"2099132625","2096768150","2.5"
"2096768150","2110557355","0.75"
"2110557355","2096768150","0.75"
"2096768150","2122731071","0.75"
"2122731071","2096768150","0.75"
"1975887898","2116493296","3"
"2116493296","1975887898","3"
"2096768150","2151335566","1.2"
"2151335566","2096768150","1.2"
"2096768150","2156664231","1.45"
"2156664231","2096768150","1.45"
"1975887898","2172007538","0.95"
"2172007538","1975887898","0.95"
"2096768150","2160923181","0.7"
"2160923181","2096768150","0.7"
"2156664231","2172007538","4.7"
"2172007538","2156664231","4.7"
"2160923181","2172007538","0.7"
"2172007538","2160923181","0.7"
"1975887898","2112056262","2.75"
"2112056262","1975887898","2.75"
"2099132625","2112056262","1.25"
"2112056262","2099132625","1.25"
"2099132625","2107683037","0.45"
"2107683037","2099132625","0.45"
"2107683037","2160923181","0.45"
"2160923181","2107683037","0.45"
"2107683037","2151335566","0.2"
"2151335566","2107683037","0.2"
"1982287794","2164965526","1"
"2164965526","1982287794","1"
"1982287794","2773199518","1"
"2773199518","1982287794","1"
"1995328140","2110557355","0.5"
"2110557355","1995328140","0.5"
"1995328140","2144550310","1.18333"
"2144550310","1995328140","1.18333"
"1995328140","2017616492","0.5"
"2017616492","1995328140","0.5"
"1998783890","2030587882","0.183333"
"2030587882","1998783890","0.183333"
"1998783890","2061030555","0.183333"
"2061030555","1998783890","0.183333"
"1998783890","2272117517","0.183333"
"2272117517","1998783890","0.183333"
"2030587882","2144550310","0.183333"
"2144550310","2030587882","0.183333"
"2030868206","2144550310","0.183333"
"2144550310","2030868206","0.183333"
"2061030555","2144550310","0.183333"
"2144550310","2061030555","0.183333"
"2087167379","2144550310","0.183333"
"2144550310","2087167379","0.183333"
"2144550310","2168632104","0.183333"
"2168632104","2144550310","0.183333"
"2144550310","2272117517","0.183333"
"2272117517","2144550310","0.183333"
"1995328140","2431915006","0.0833333"
"2431915006","1995328140","0.0833333"
"1998783890","2431915006","0.0833333"
"2431915006","1998783890","0.0833333"
"1998783890","2437544646","0.0833333"
"2437544646","1998783890","0.0833333"
"2030587882","2431915006","0.0833333"
"2431915006","2030587882","0.0833333"
"2030587882","2437544646","0.0833333"
"2437544646","2030587882","0.0833333"
"2030868206","2431915006","0.0833333"
"2431915006","2030868206","0.0833333"
"2030868206","2437544646","0.0833333"
"2437544646","2030868206","0.0833333"
"2061030555","2431915006","1.58333"
"2431915006","2061030555","1.58333"
"2087167379","2431915006","0.583333"
"2431915006","2087167379","0.583333"
"2107443258","2431915006","0.0833333"
"2431915006","2107443258","0.0833333"
"2107443258","2437544646","0.0833333"
"2437544646","2107443258","0.0833333"
"2134743705","2431915006","0.0833333"
"2431915006","2134743705","0.0833333"
"2134743705","2437544646","0.0833333"
"2437544646","2134743705","0.0833333"
"2144550310","2431915006","0.0833333"
"2431915006","2144550310","0.0833333"
"2144550310","2437544646","0.0833333"
"2437544646","2144550310","0.0833333"
"2168632104","2431915006","0.0833333"
"2431915006","2168632104","0.0833333"
"2272117517","2431915006","0.0833333"
"2431915006","2272117517","0.0833333"
"2431915006","2437544646","0.0833333"
"2437544646","2431915006","0.0833333"
"1995328140","2407135728","0.333333"
"2407135728","1995328140","0.333333"
"2168632104","2407135728","0.333333"
"2407135728","2168632104","0.333333"
"2272117517","2407135728","0.333333"
"2407135728","2272117517","0.333333"
"1995437102","2107443258","2.5"
"2107443258","1995437102","2.5"
"1995437102","2134743705","2"
"2134743705","1995437102","2"
"1995437102","2087167379","0.5"
"2087167379","1995437102","0.5"
"1995437102","2134537508","5"
"2134537508","1995437102","5"
"1996186909","2156664231","3"
"2156664231","1996186909","3"
"1996186909","2116493296","1"
"2116493296","1996186909","1"
"1998783890","2167216631","2"
"2167216631","1998783890","2"
"2017616492","2141192422","1"
"2141192422","2017616492","1"
"2030868206","2141192422","0.333333"
"2141192422","2030868206","0.333333"
"2107443258","2141192422","2.33333"
"2141192422","2107443258","2.33333"
"2134743705","2141192422","5.58333"
"2141192422","2134743705","5.58333"
"2049263029","2104213207","0.5"
"2104213207","2049263029","0.5"
"2049263029","2116493296","0.5"
"2116493296","2049263029","0.5"
"2104213207","2116493296","0.5"
"2116493296","2104213207","0.5"
"2049263029","2112056262","1"
"2112056262","2049263029","1"
"2058432775","2087167379","0.7"
"2087167379","2058432775","0.7"
"2058432775","2107443258","2.2"
"2107443258","2058432775","2.2"
"2058432775","2114725120","0.7"
"2114725120","2058432775","0.7"
"2058432775","2134743705","0.2"
"2134743705","2058432775","0.2"
"2058432775","2168632104","0.2"
"2168632104","2058432775","0.2"
"2107443258","2114725120","0.4"
"2114725120","2107443258","0.4"
"2061030555","2107683037","0.5"
"2107683037","2061030555","0.5"
"2107683037","2272117517","0.5"
"2272117517","2107683037","0.5"
"2064383543","2130304062","1.25"
"2130304062","2064383543","1.25"
"2064383543","2154900736","0.833333"
"2154900736","2064383543","0.833333"
"2154900736","2164363676","0.833333"
"2164363676","2154900736","0.833333"
"2064383543","2114157818","0.333333"
"2114157818","2064383543","0.333333"
"2114157818","2154900736","0.333333"
"2154900736","2114157818","0.333333"
"2114157818","2164363676","0.333333"
"2164363676","2114157818","0.333333"
"2064383543","2187584245","0.25"
"2187584245","2064383543","0.25"
"2110557355","2187584245","1.25"
"2187584245","2110557355","1.25"
"2122731071","2187584245","0.25"
"2187584245","2122731071","0.25"
"2164363676","2187584245","0.25"
"2187584245","2164363676","0.25"
"2087167379","2130304062","0.2"
"2130304062","2087167379","0.2"
"2114725120","2130304062","0.2"
"2130304062","2114725120","0.2"
"2130304062","2134743705","0.2"
"2134743705","2130304062","0.2"
"2130304062","2168632104","0.2"
"2168632104","2130304062","0.2"
"2087167379","2404829569","1"
"2404829569","2087167379","1"
"2168632104","2404829569","1"
"2404829569","2168632104","1"
"2099132625","2134170665","1"
"2134170665","2099132625","1"
"2099132625","2172007538","4.25"
"2172007538","2099132625","4.25"
"2099794518","2107683037","1"
"2107683037","2099794518","1"
"2099794518","2126632912","3"
"2126632912","2099794518","3"
"2110557355","2134537508","0.333333"
"2134537508","2110557355","0.333333"
"2110557355","2134743705","1.08333"
"2134743705","2110557355","1.08333"
"2107443258","2107683037","1"
"2107683037","2107443258","1"
"2134743705","2136575791","0.333333"
"2136575791","2134743705","0.333333"
"2136575791","2140430731","0.333333"
"2140430731","2136575791","0.333333"
"2134537508","2138551708","0.5"
"2138551708","2134537508","0.5"
"2107443258","2156664231","2"
"2156664231","2107443258","2"
"2107683037","2134170665","11"
"2134170665","2107683037","11"
"2107683037","2126632912","7.5"
"2126632912","2107683037","7.5"
"2107683037","3021423196","1"
"3021423196","2107683037","1"
"2126632912","3021423196","1"
"3021423196","2126632912","1"
"2107683037","2116493296","3.5"
"2116493296","2107683037","3.5"
"2107683037","2140430731","0.5"
"2140430731","2107683037","0.5"
"2129524385","2140430731","0.5"
"2140430731","2129524385","0.5"
"2116493296","2126632912","0.5"
"2126632912","2116493296","0.5"
"2109377779","2136575791","2"
"2136575791","2109377779","2"
"2134414349","2136575791","0.5"
"2136575791","2134414349","0.5"
"2114157818","2134414349","5.83333"
"2134414349","2114157818","5.83333"
"2109377779","2130304062","1"
"2130304062","2109377779","1"
