"1510395367","2125392790","4"
"2125392790","1510395367","4"
"1510395367","2107117110","1"
"2107117110","1510395367","1"
"2107117110","2125392790","5.5"
"2125392790","2107117110","5.5"
"1510874905","1513730131","0.105128"
"1513730131","1510874905","0.105128"
"1510874905","1521148341","0.163462"
"1521148341","1510874905","0.163462"
"1510874905","1565225458","0.315385"
"1565225458","1510874905","0.315385"
"1510874905","1600279663","0.0384615"
"1600279663","1510874905","0.0384615"
"1510874905","1997741691","0.434683"
"1997741691","1510874905","0.434683"
"1510874905","2017992824","0.78276"
"2017992824","1510874905","0.78276"
"1510874905","2053976518","0.0384615"
"2053976518","1510874905","0.0384615"
"1510874905","2075018787","2.40135"
"2075018787","1510874905","2.40135"
"1510874905","2096229429","1.60135"
"2096229429","1510874905","1.60135"
"1510874905","2103207352","0.168016"
"2103207352","1510874905","0.168016"
"1510874905","2110190729","0.0384615"
"2110190729","1510874905","0.0384615"
"1510874905","2113601246","0.759683"
"2113601246","1510874905","0.759683"
"1510874905","2113831242","0.163462"
"2113831242","1510874905","0.163462"
"1510874905","2125826941","0.0384615"
"2125826941","1510874905","0.0384615"
"1510874905","2126575032","0.448718"
"2126575032","1510874905","0.448718"
"1510874905","2128246354","0.0384615"
"2128246354","1510874905","0.0384615"
"1510874905","2142350712","0.359683"
"2142350712","1510874905","0.359683"
"1510874905","2151181047","0.52635"
"2151181047","1510874905","0.52635"
"1510874905","2155595639","2.70135"
"2155595639","1510874905","2.70135"
"1510874905","2157152633","0.0384615"
"2157152633","1510874905","0.0384615"
"1510874905","2166799477","0.0384615"
"2166799477","1510874905","0.0384615"
"1510874905","2167631575","2.43468"
"2167631575","1510874905","2.43468"
"1510874905","2170853664","0.168016"
"2170853664","1510874905","0.168016"
"1510874905","2179242664","0.0910931"
"2179242664","1510874905","0.0910931"
"1510874905","2182331413","0.0384615"
"2182331413","1510874905","0.0384615"
"1510874905","2295766156","1.31538"
"2295766156","1510874905","1.31538"
"1513730131","1521148341","0.181319"
"1521148341","1513730131","0.181319"
"1513730131","1565225458","0.0384615"
"1565225458","1513730131","0.0384615"
"1513730131","1600279663","0.0384615"
"1600279663","1513730131","0.0384615"
"1513730131","1997741691","0.105128"
"1997741691","1513730131","0.105128"
"1513730131","2017992824","0.105128"
"2017992824","1513730131","0.105128"
"1513730131","2053976518","0.0384615"
"2053976518","1513730131","0.0384615"
"1513730131","2075018787","0.0384615"
"2075018787","1513730131","0.0384615"
"1513730131","2096229429","0.105128"
"2096229429","1513730131","0.105128"
"1513730131","2103207352","0.0384615"
"2103207352","1513730131","0.0384615"
"1513730131","2110190729","0.0384615"
"2110190729","1513730131","0.0384615"
"1513730131","2113601246","0.105128"
"2113601246","1513730131","0.105128"
"1513730131","2113831242","0.181319"
"2113831242","1513730131","0.181319"
"1513730131","2125826941","0.0384615"
"2125826941","1513730131","0.0384615"
"1513730131","2126575032","0.0384615"
"2126575032","1513730131","0.0384615"
"1513730131","2128246354","0.0384615"
"2128246354","1513730131","0.0384615"
"1513730131","2142350712","0.105128"
"2142350712","1513730131","0.105128"
"1513730131","2151181047","0.105128"
"2151181047","1513730131","0.105128"
"1513730131","2155595639","0.0384615"
"2155595639","1513730131","0.0384615"
"1513730131","2157152633","0.0384615"
"2157152633","1513730131","0.0384615"
"1513730131","2166799477","0.0384615"
"2166799477","1513730131","0.0384615"
"1513730131","2167631575","0.247985"
"2167631575","1513730131","0.247985"
"1513730131","2170853664","0.181319"
"2170853664","1513730131","0.181319"
"1513730131","2179242664","0.0384615"
"2179242664","1513730131","0.0384615"
"1513730131","2182331413","0.0384615"
"2182331413","1513730131","0.0384615"
"1513730131","2295766156","0.0384615"
"2295766156","1513730131","0.0384615"
"1521148341","1565225458","2.95989"
"1565225458","1521148341","2.95989"
"1521148341","1600279663","0.0384615"
"1600279663","1521148341","0.0384615"
"1521148341","1997741691","0.10989"
"1997741691","1521148341","0.10989"
"1521148341","2017992824","1.62179"
"2017992824","1521148341","1.62179"
"1521148341","2053976518","0.0384615"
"2053976518","1521148341","0.0384615"
"1521148341","2075018787","2.86822"
"2075018787","1521148341","2.86822"
"1521148341","2096229429","0.53489"
"2096229429","1521148341","0.53489"
"1521148341","2103207352","3.95989"
"2103207352","1521148341","3.95989"
"1521148341","2110190729","0.0384615"
"2110190729","1521148341","0.0384615"
"1521148341","2113601246","2.58489"
"2113601246","1521148341","2.58489"
"1521148341","2113831242","8.40632"
"2113831242","1521148341","8.40632"
"1521148341","2125826941","0.0384615"
"2125826941","1521148341","0.0384615"
"1521148341","2126575032","0.10989"
"2126575032","1521148341","0.10989"
"1521148341","2128246354","0.0384615"
"2128246354","1521148341","0.0384615"
"1521148341","2142350712","1.35989"
"2142350712","1521148341","1.35989"
"1521148341","2151181047","0.53489"
"2151181047","1521148341","0.53489"
"1521148341","2155595639","0.53489"
"2155595639","1521148341","0.53489"
"1521148341","2157152633","0.0384615"
"2157152633","1521148341","0.0384615"
"1521148341","2166799477","0.0384615"
"2166799477","1521148341","0.0384615"
"1521148341","2167631575","3.34441"
"2167631575","1521148341","3.34441"
"1521148341","2170853664","1.41941"
"2170853664","1521148341","1.41941"
"1521148341","2179242664","0.0384615"
"2179242664","1521148341","0.0384615"
"1521148341","2182331413","3.28846"
"2182331413","1521148341","3.28846"
"1521148341","2295766156","0.10989"
"2295766156","1521148341","0.10989"
"1565225458","1600279663","0.0384615"
"1600279663","1565225458","0.0384615"
"1565225458","1997741691","0.186813"
"1997741691","1565225458","0.186813"
"1565225458","2017992824","0.0384615"
"2017992824","1565225458","0.0384615"
"1565225458","2053976518","0.181319"
"2053976518","1565225458","0.181319"
"1565225458","2075018787","3.06459"
"2075018787","1565225458","3.06459"
"1565225458","2096229429","1.41459"
"2096229429","1565225458","1.41459"
"1565225458","2103207352","3.77411"
"2103207352","1565225458","3.77411"
"1565225458","2110190729","0.0384615"
"2110190729","1565225458","0.0384615"
"1565225458","2113601246","4.87411"
"2113601246","1565225458","4.87411"
"1565225458","2113831242","0.138462"
"2113831242","1565225458","0.138462"
"1565225458","2125826941","0.0384615"
"2125826941","1565225458","0.0384615"
"1565225458","2126575032","1.18681"
"2126575032","1565225458","1.18681"
"1565225458","2128246354","0.597985"
"2128246354","1565225458","0.597985"
"1565225458","2142350712","0.436813"
"2142350712","1565225458","0.436813"
"1565225458","2151181047","0.564591"
"2151181047","1565225458","0.564591"
"1565225458","2155595639","0.564591"
"2155595639","1565225458","0.564591"
"1565225458","2157152633","0.0384615"
"2157152633","1565225458","0.0384615"
"1565225458","2166799477","0.0384615"
"2166799477","1565225458","0.0384615"
"1565225458","2167631575","4.61459"
"2167631575","1565225458","4.61459"
"1565225458","2170853664","0.636813"
"2170853664","1565225458","0.636813"
"1565225458","2179242664","0.0384615"
"2179242664","1565225458","0.0384615"
"1565225458","2182331413","0.0384615"
"2182331413","1565225458","0.0384615"
"1565225458","2295766156","2.78126"
"2295766156","1565225458","2.78126"
"1600279663","1997741691","0.0384615"
"1997741691","1600279663","0.0384615"
"1600279663","2017992824","0.0384615"
"2017992824","1600279663","0.0384615"
"1600279663","2053976518","0.0384615"
"2053976518","1600279663","0.0384615"
"1600279663","2075018787","0.0384615"
"2075018787","1600279663","0.0384615"
"1600279663","2096229429","1.23846"
"2096229429","1600279663","1.23846"
"1600279663","2103207352","0.0384615"
"2103207352","1600279663","0.0384615"
"1600279663","2110190729","0.0384615"
"2110190729","1600279663","0.0384615"
"1600279663","2113601246","0.0384615"
"2113601246","1600279663","0.0384615"
"1600279663","2113831242","0.0384615"
"2113831242","1600279663","0.0384615"
"1600279663","2125826941","1.23846"
"2125826941","1600279663","1.23846"
"1600279663","2126575032","0.0384615"
"2126575032","1600279663","0.0384615"
"1600279663","2128246354","0.0384615"
"2128246354","1600279663","0.0384615"
"1600279663","2142350712","0.0384615"
"2142350712","1600279663","0.0384615"
"1600279663","2151181047","0.0384615"
"2151181047","1600279663","0.0384615"
"1600279663","2155595639","0.0384615"
"2155595639","1600279663","0.0384615"
"1600279663","2157152633","0.871795"
"2157152633","1600279663","0.871795"
"1600279663","2166799477","5.07179"
"2166799477","1600279663","5.07179"
"1600279663","2167631575","0.238462"
"2167631575","1600279663","0.238462"
"1600279663","2170853664","0.0384615"
"2170853664","1600279663","0.0384615"
"1600279663","2179242664","0.0384615"
"2179242664","1600279663","0.0384615"
"1600279663","2182331413","0.0384615"
"2182331413","1600279663","0.0384615"
"1600279663","2295766156","0.0384615"
"2295766156","1600279663","0.0384615"
"1997741691","2017992824","0.248669"
"2017992824","1997741691","0.248669"
"1997741691","2053976518","0.0384615"
"2053976518","1997741691","0.0384615"
"1997741691","2075018787","0.675556"
"2075018787","1997741691","0.675556"
"1997741691","2096229429","0.542223"
"2096229429","1997741691","0.542223"
"1997741691","2103207352","0.239445"
"2103207352","1997741691","0.239445"
"1997741691","2110190729","0.0384615"
"2110190729","1997741691","0.0384615"
"1997741691","2113601246","0.617223"
"2113601246","1997741691","0.617223"
"1997741691","2113831242","0.0384615"
"2113831242","1997741691","0.0384615"
"1997741691","2125826941","0.0384615"
"2125826941","1997741691","0.0384615"
"1997741691","2126575032","0.186813"
"2126575032","1997741691","0.186813"
"1997741691","2128246354","0.0384615"
"2128246354","1997741691","0.0384615"
"1997741691","2142350712","0.397021"
"2142350712","1997741691","0.397021"
"1997741691","2151181047","0.799798"
"2151181047","1997741691","0.799798"
"1997741691","2155595639","0.675556"
"2155595639","1997741691","0.675556"
"1997741691","2157152633","0.0384615"
"2157152633","1997741691","0.0384615"
"1997741691","2166799477","0.0384615"
"2166799477","1997741691","0.0384615"
"1997741691","2167631575","0.799798"
"2167631575","1997741691","0.799798"
"1997741691","2170853664","0.497021"
"2170853664","1997741691","0.497021"
"1997741691","2179242664","0.0910931"
"2179242664","1997741691","0.0910931"
"1997741691","2182331413","0.0384615"
"2182331413","1997741691","0.0384615"
"1997741691","2295766156","0.497924"
"2295766156","1997741691","0.497924"
"2017992824","2053976518","0.0384615"
"2053976518","2017992824","0.0384615"
"2017992824","2075018787","0.702204"
"2075018787","2017992824","0.702204"
"2017992824","2096229429","0.449426"
"2096229429","2017992824","0.449426"
"2017992824","2103207352","0.327204"
"2103207352","2017992824","0.327204"
"2017992824","2110190729","0.0384615"
"2110190729","2017992824","0.0384615"
"2017992824","2113601246","0.393871"
"2113601246","2017992824","0.393871"
"2017992824","2113831242","0.0384615"
"2113831242","2017992824","0.0384615"
"2017992824","2125826941","0.0384615"
"2125826941","2017992824","0.0384615"
"2017992824","2126575032","0.0384615"
"2126575032","2017992824","0.0384615"
"2017992824","2128246354","0.0384615"
"2128246354","2017992824","0.0384615"
"2017992824","2142350712","1.62367"
"2142350712","2017992824","1.62367"
"2017992824","2151181047","0.748669"
"2151181047","2017992824","0.748669"
"2017992824","2155595639","1.11887"
"2155595639","2017992824","1.11887"
"2017992824","2157152633","0.0384615"
"2157152633","2017992824","0.0384615"
"2017992824","2166799477","0.0384615"
"2166799477","2017992824","0.0384615"
"2017992824","2167631575","2.94311"
"2167631575","2017992824","2.94311"
"2017992824","2170853664","1.182"
"2170853664","2017992824","1.182"
"2017992824","2179242664","0.0910931"
"2179242664","2017992824","0.0910931"
"2017992824","2182331413","0.288462"
"2182331413","2017992824","0.288462"
"2017992824","2295766156","0.0384615"
"2295766156","2017992824","0.0384615"
"2053976518","2075018787","0.0384615"
"2075018787","2053976518","0.0384615"
"2053976518","2096229429","0.0384615"
"2096229429","2053976518","0.0384615"
"2053976518","2103207352","0.181319"
"2103207352","2053976518","0.181319"
"2053976518","2110190729","0.0384615"
"2110190729","2053976518","0.0384615"
"2053976518","2113601246","0.181319"
"2113601246","2053976518","0.181319"
"2053976518","2113831242","0.0384615"
"2113831242","2053976518","0.0384615"
"2053976518","2125826941","0.0384615"
"2125826941","2053976518","0.0384615"
"2053976518","2126575032","0.538462"
"2126575032","2053976518","0.538462"
"2053976518","2128246354","1.18132"
"2128246354","2053976518","1.18132"
"2053976518","2142350712","0.0384615"
"2142350712","2053976518","0.0384615"
"2053976518","2151181047","0.0384615"
"2151181047","2053976518","0.0384615"
"2053976518","2155595639","0.0384615"
"2155595639","2053976518","0.0384615"
"2053976518","2157152633","0.0384615"
"2157152633","2053976518","0.0384615"
"2053976518","2166799477","0.0384615"
"2166799477","2053976518","0.0384615"
"2053976518","2167631575","0.0384615"
"2167631575","2053976518","0.0384615"
"2053976518","2170853664","0.0384615"
"2170853664","2053976518","0.0384615"
"2053976518","2179242664","0.0384615"
"2179242664","2053976518","0.0384615"
"2053976518","2182331413","0.0384615"
"2182331413","2053976518","0.0384615"
"2053976518","2295766156","0.0384615"
"2295766156","2053976518","0.0384615"
"2075018787","2096229429","6.62043"
"2096229429","2075018787","6.62043"
"2075018787","2103207352","5.67"
"2103207352","2075018787","5.67"
"2075018787","2110190729","0.0384615"
"2110190729","2075018787","0.0384615"
"2075018787","2113601246","3.6823"
"2113601246","2075018787","3.6823"
"2075018787","2113831242","0.263462"
"2113831242","2075018787","0.263462"
"2075018787","2125826941","0.0384615"
"2125826941","2075018787","0.0384615"
"2075018787","2126575032","0.520147"
"2126575032","2075018787","0.520147"
"2075018787","2128246354","0.455128"
"2128246354","2075018787","0.455128"
"2075018787","2142350712","1.40535"
"2142350712","2075018787","1.40535"
"2075018787","2151181047","4.83786"
"2151181047","2075018787","4.83786"
"2075018787","2155595639","10.6565"
"2155595639","2075018787","10.6565"
"2075018787","2157152633","0.0384615"
"2157152633","2075018787","0.0384615"
"2075018787","2166799477","0.0384615"
"2166799477","2075018787","0.0384615"
"2075018787","2167631575","11.4232"
"2167631575","2075018787","11.4232"
"2075018787","2170853664","2.00654"
"2170853664","2075018787","2.00654"
"2075018787","2179242664","0.0910931"
"2179242664","2075018787","0.0910931"
"2075018787","2182331413","0.288462"
"2182331413","2075018787","0.288462"
"2075018787","2295766156","1.15189"
"2295766156","2075018787","1.15189"
"2096229429","2103207352","1.56722"
"2103207352","2096229429","1.56722"
"2096229429","2110190729","0.0384615"
"2110190729","2096229429","0.0384615"
"2096229429","2113601246","2.07952"
"2113601246","2096229429","2.07952"
"2096229429","2113831242","0.263462"
"2113831242","2096229429","0.263462"
"2096229429","2125826941","0.238462"
"2125826941","2096229429","0.238462"
"2096229429","2126575032","0.436813"
"2126575032","2096229429","0.436813"
"2096229429","2128246354","0.455128"
"2128246354","2096229429","0.455128"
"2096229429","2142350712","1.43869"
"2142350712","2096229429","1.43869"
"2096229429","2151181047","3.62119"
"2151181047","2096229429","3.62119"
"2096229429","2155595639","7.27043"
"2155595639","2096229429","7.27043"
"2096229429","2157152633","0.0384615"
"2157152633","2096229429","0.0384615"
"2096229429","2166799477","0.238462"
"2166799477","2096229429","0.238462"
"2096229429","2167631575","14.9704"
"2167631575","2096229429","14.9704"
"2096229429","2170853664","0.663687"
"2170853664","2096229429","0.663687"
"2096229429","2179242664","0.0910931"
"2179242664","2096229429","0.0910931"
"2096229429","2182331413","0.0384615"
"2182331413","2096229429","0.0384615"
"2096229429","2295766156","0.918559"
"2295766156","2096229429","0.918559"
"2103207352","2110190729","0.0384615"
"2110190729","2103207352","0.0384615"
"2103207352","2113601246","16.4795"
"2113601246","2103207352","16.4795"
"2103207352","2113831242","0.471795"
"2113831242","2103207352","0.471795"
"2103207352","2125826941","0.0384615"
"2125826941","2103207352","0.0384615"
"2103207352","2126575032","0.436813"
"2126575032","2103207352","0.436813"
"2103207352","2128246354","0.181319"
"2128246354","2103207352","0.181319"
"2103207352","2142350712","0.239445"
"2142350712","2103207352","0.239445"
"2103207352","2151181047","1.78389"
"2151181047","2103207352","1.78389"
"2103207352","2155595639","1.35333"
"2155595639","2103207352","1.35333"
"2103207352","2157152633","0.0384615"
"2157152633","2103207352","0.0384615"
"2103207352","2166799477","0.0384615"
"2166799477","2103207352","0.0384615"
"2103207352","2167631575","3.30333"
"2167631575","2103207352","3.30333"
"2103207352","2170853664","8.32278"
"2170853664","2103207352","8.32278"
"2103207352","2179242664","0.591093"
"2179242664","2103207352","0.591093"
"2103207352","2182331413","0.0384615"
"2182331413","2103207352","0.0384615"
"2103207352","2295766156","1.04792"
"2295766156","2103207352","1.04792"
"2110190729","2113601246","0.0384615"
"2113601246","2110190729","0.0384615"
"2110190729","2113831242","0.0384615"
"2113831242","2110190729","0.0384615"
"2110190729","2125826941","0.0384615"
"2125826941","2110190729","0.0384615"
"2110190729","2126575032","0.0384615"
"2126575032","2110190729","0.0384615"
"2110190729","2128246354","1.53846"
"2128246354","2110190729","1.53846"
"2110190729","2142350712","0.0384615"
"2142350712","2110190729","0.0384615"
"2110190729","2151181047","0.0384615"
"2151181047","2110190729","0.0384615"
"2110190729","2155595639","0.0384615"
"2155595639","2110190729","0.0384615"
"2110190729","2157152633","0.0384615"
"2157152633","2110190729","0.0384615"
"2110190729","2166799477","0.0384615"
"2166799477","2110190729","0.0384615"
"2110190729","2167631575","0.538462"
"2167631575","2110190729","0.538462"
"2110190729","2170853664","0.0384615"
"2170853664","2110190729","0.0384615"
"2110190729","2179242664","0.0384615"
"2179242664","2110190729","0.0384615"
"2110190729","2182331413","0.0384615"
"2182331413","2110190729","0.0384615"
"2110190729","2295766156","0.0384615"
"2295766156","2110190729","0.0384615"
"2113601246","2113831242","0.596795"
"2113831242","2113601246","0.596795"
"2113601246","2125826941","0.0384615"
"2125826941","2113601246","0.0384615"
"2113601246","2126575032","0.436813"
"2126575032","2113601246","0.436813"
"2113601246","2128246354","0.181319"
"2128246354","2113601246","0.181319"
"2113601246","2142350712","0.306111"
"2142350712","2113601246","0.306111"
"2113601246","2151181047","1.22952"
"2151181047","2113601246","1.22952"
"2113601246","2155595639","1.59897"
"2155595639","2113601246","1.59897"
"2113601246","2157152633","0.0384615"
"2157152633","2113601246","0.0384615"
"2113601246","2166799477","0.0384615"
"2166799477","2113601246","0.0384615"
"2113601246","2167631575","4.51564"
"2167631575","2113601246","4.51564"
"2113601246","2170853664","4.02278"
"2170853664","2113601246","4.02278"
"2113601246","2179242664","0.591093"
"2179242664","2113601246","0.591093"
"2113601246","2182331413","0.0384615"
"2182331413","2113601246","0.0384615"
"2113601246","2295766156","2.40189"
"2295766156","2113601246","2.40189"
"2113831242","2125826941","0.0384615"
"2125826941","2113831242","0.0384615"
"2113831242","2126575032","0.0384615"
"2126575032","2113831242","0.0384615"
"2113831242","2128246354","0.0384615"
"2128246354","2113831242","0.0384615"
"2113831242","2142350712","0.0384615"
"2142350712","2113831242","0.0384615"
"2113831242","2151181047","0.263462"
"2151181047","2113831242","0.263462"
"2113831242","2155595639","0.263462"
"2155595639","2113831242","0.263462"
"2113831242","2157152633","0.0384615"
"2157152633","2113831242","0.0384615"
"2113831242","2166799477","0.0384615"
"2166799477","2113831242","0.0384615"
"2113831242","2167631575","0.406319"
"2167631575","2113831242","0.406319"
"2113831242","2170853664","0.514652"
"2170853664","2113831242","0.514652"
"2113831242","2179242664","0.0384615"
"2179242664","2113831242","0.0384615"
"2113831242","2182331413","0.0384615"
"2182331413","2113831242","0.0384615"
"2113831242","2295766156","0.0384615"
"2295766156","2113831242","0.0384615"
"2125826941","2126575032","0.0384615"
"2126575032","2125826941","0.0384615"
"2125826941","2128246354","0.0384615"
"2128246354","2125826941","0.0384615"
"2125826941","2142350712","0.0384615"
"2142350712","2125826941","0.0384615"
"2125826941","2151181047","0.0384615"
"2151181047","2125826941","0.0384615"
"2125826941","2155595639","0.0384615"
"2155595639","2125826941","0.0384615"
"2125826941","2157152633","3.03846"
"2157152633","2125826941","3.03846"
"2125826941","2166799477","2.23846"
"2166799477","2125826941","2.23846"
"2125826941","2167631575","0.238462"
"2167631575","2125826941","0.238462"
"2125826941","2170853664","0.0384615"
"2170853664","2125826941","0.0384615"
"2125826941","2179242664","0.0384615"
"2179242664","2125826941","0.0384615"
"2125826941","2182331413","0.0384615"
"2182331413","2125826941","0.0384615"
"2125826941","2295766156","0.0384615"
"2295766156","2125826941","0.0384615"
"2126575032","2128246354","0.0384615"
"2128246354","2126575032","0.0384615"
"2126575032","2142350712","0.186813"
"2142350712","2126575032","0.186813"
"2126575032","2151181047","0.186813"
"2151181047","2126575032","0.186813"
"2126575032","2155595639","0.520147"
"2155595639","2126575032","0.520147"
"2126575032","2157152633","0.0384615"
"2157152633","2126575032","0.0384615"
"2126575032","2166799477","0.0384615"
"2166799477","2126575032","0.0384615"
"2126575032","2167631575","0.436813"
"2167631575","2126575032","0.436813"
"2126575032","2170853664","0.186813"
"2170853664","2126575032","0.186813"
"2126575032","2179242664","0.0384615"
"2179242664","2126575032","0.0384615"
"2126575032","2182331413","0.0384615"
"2182331413","2126575032","0.0384615"
"2126575032","2295766156","0.186813"
"2295766156","2126575032","0.186813"
"2128246354","2142350712","0.0384615"
"2142350712","2128246354","0.0384615"
"2128246354","2151181047","0.205128"
"2151181047","2128246354","0.205128"
"2128246354","2155595639","0.205128"
"2155595639","2128246354","0.205128"
"2128246354","2157152633","0.0384615"
"2157152633","2128246354","0.0384615"
"2128246354","2166799477","0.0384615"
"2166799477","2128246354","0.0384615"
"2128246354","2167631575","2.95513"
"2167631575","2128246354","2.95513"
"2128246354","2170853664","0.0384615"
"2170853664","2128246354","0.0384615"
"2128246354","2179242664","0.0384615"
"2179242664","2128246354","0.0384615"
"2128246354","2182331413","0.0384615"
"2182331413","2128246354","0.0384615"
"2128246354","2295766156","0.0384615"
"2295766156","2128246354","0.0384615"
"2142350712","2151181047","1.01369"
"2151181047","2142350712","1.01369"
"2142350712","2155595639","1.90535"
"2155595639","2142350712","1.90535"
"2142350712","2157152633","0.0384615"
"2157152633","2142350712","0.0384615"
"2142350712","2166799477","0.0384615"
"2166799477","2142350712","0.0384615"
"2142350712","2167631575","0.979596"
"2167631575","2142350712","0.979596"
"2142350712","2170853664","0.921263"
"2170853664","2142350712","0.921263"
"2142350712","2179242664","0.0910931"
"2179242664","2142350712","0.0910931"
"2142350712","2182331413","0.288462"
"2182331413","2142350712","0.288462"
"2142350712","2295766156","0.186813"
"2295766156","2142350712","0.186813"
"2151181047","2155595639","4.83786"
"2155595639","2151181047","4.83786"
"2151181047","2157152633","0.0384615"
"2157152633","2151181047","0.0384615"
"2151181047","2166799477","0.0384615"
"2166799477","2151181047","0.0384615"
"2151181047","2167631575","4.1621"
"2167631575","2151181047","4.1621"
"2151181047","2170853664","0.663687"
"2170853664","2151181047","0.663687"
"2151181047","2179242664","0.0910931"
"2179242664","2151181047","0.0910931"
"2151181047","2182331413","0.0384615"
"2182331413","2151181047","0.0384615"
"2151181047","2295766156","0.718559"
"2295766156","2151181047","0.718559"
"2155595639","2157152633","0.0384615"
"2157152633","2155595639","0.0384615"
"2155595639","2166799477","0.0384615"
"2166799477","2155595639","0.0384615"
"2155595639","2167631575","9.28988"
"2167631575","2155595639","9.28988"
"2155595639","2170853664","2.66369"
"2170853664","2155595639","2.66369"
"2155595639","2179242664","0.0910931"
"2179242664","2155595639","0.0910931"
"2155595639","2182331413","0.0384615"
"2182331413","2155595639","0.0384615"
"2155595639","2295766156","0.918559"
"2295766156","2155595639","0.918559"
"2157152633","2166799477","1.37179"
"2166799477","2157152633","1.37179"
"2157152633","2167631575","0.0384615"
"2167631575","2157152633","0.0384615"
"2157152633","2170853664","0.0384615"
"2170853664","2157152633","0.0384615"
"2157152633","2179242664","0.0384615"
"2179242664","2157152633","0.0384615"
"2157152633","2182331413","0.0384615"
"2182331413","2157152633","0.0384615"
"2157152633","2295766156","0.0384615"
"2295766156","2157152633","0.0384615"
"2166799477","2167631575","0.238462"
"2167631575","2166799477","0.238462"
"2166799477","2170853664","0.0384615"
"2170853664","2166799477","0.0384615"
"2166799477","2179242664","0.0384615"
"2179242664","2166799477","0.0384615"
"2166799477","2182331413","0.0384615"
"2182331413","2166799477","0.0384615"
"2166799477","2295766156","0.0384615"
"2295766156","2166799477","0.0384615"
"2167631575","2170853664","6.26412"
"2170853664","2167631575","6.26412"
"2167631575","2179242664","0.0910931"
"2179242664","2167631575","0.0910931"
"2167631575","2182331413","0.0384615"
"2182331413","2167631575","0.0384615"
"2167631575","2295766156","1.61856"
"2295766156","2167631575","1.61856"
"2170853664","2179242664","0.0910931"
"2179242664","2170853664","0.0910931"
"2170853664","2182331413","0.0384615"
"2182331413","2170853664","0.0384615"
"2170853664","2295766156","0.636813"
"2295766156","2170853664","0.636813"
"2179242664","2182331413","0.0384615"
"2182331413","2179242664","0.0384615"
"2179242664","2295766156","0.0384615"
"2295766156","2179242664","0.0384615"
"2182331413","2295766156","0.0384615"
"2295766156","2182331413","0.0384615"
"1510874905","2153231238","0.410965"
"2153231238","1510874905","0.410965"
"2075018787","2153231238","1.98005"
"2153231238","2075018787","1.98005"
"2096229429","2153231238","2.26338"
"2153231238","2096229429","2.26338"
"2151181047","2153231238","3.91414"
"2153231238","2151181047","3.91414"
"2153231238","2155595639","2.98005"
"2155595639","2153231238","2.98005"
"2153231238","2167631575","2.38005"
"2167631575","2153231238","2.38005"
"1510874905","2163864652","0.625"
"2163864652","1510874905","0.625"
"2017992824","2153231238","0.910965"
"2153231238","2017992824","0.910965"
"2017992824","2163864652","1.125"
"2163864652","2017992824","1.125"
"2075018787","2163864652","1.325"
"2163864652","2075018787","1.325"
"2096229429","2163864652","0.658333"
"2163864652","2096229429","0.658333"
"2142350712","2153231238","1.0233"
"2153231238","2142350712","1.0233"
"2142350712","2163864652","0.458333"
"2163864652","2142350712","0.458333"
"2153231238","2163864652","0.625"
"2163864652","2153231238","0.625"
"2155595639","2163864652","1.15833"
"2163864652","2155595639","1.15833"
"2163864652","2167631575","0.325"
"2167631575","2163864652","0.325"
"1510874905","2064807820","0.0526316"
"2064807820","1510874905","0.0526316"
"1510874905","2262179892","0.119298"
"2262179892","1510874905","0.119298"
"1510874905","2424050798","0.119298"
"2424050798","1510874905","0.119298"
"1510874905","2431462601","0.0526316"
"2431462601","1510874905","0.0526316"
"1510874905","2435355301","0.0526316"
"2435355301","1510874905","0.0526316"
"1510874905","2513211580","0.0526316"
"2513211580","1510874905","0.0526316"
"1997741691","2064807820","0.0526316"
"2064807820","1997741691","0.0526316"
"1997741691","2153231238","0.426838"
"2153231238","1997741691","0.426838"
"1997741691","2262179892","0.119298"
"2262179892","1997741691","0.119298"
"1997741691","2424050798","0.210207"
"2424050798","1997741691","0.210207"
"1997741691","2431462601","0.0526316"
"2431462601","1997741691","0.0526316"
"1997741691","2435355301","0.0526316"
"2435355301","1997741691","0.0526316"
"1997741691","2513211580","4.2193"
"2513211580","1997741691","4.2193"
"2017992824","2064807820","0.0526316"
"2064807820","2017992824","0.0526316"
"2017992824","2262179892","0.119298"
"2262179892","2017992824","0.119298"
"2017992824","2424050798","0.210207"
"2424050798","2017992824","0.210207"
"2017992824","2431462601","0.0526316"
"2431462601","2017992824","0.0526316"
"2017992824","2435355301","0.288743"
"2435355301","2017992824","0.288743"
"2017992824","2513211580","0.0526316"
"2513211580","2017992824","0.0526316"
"2064807820","2075018787","1.15263"
"2075018787","2064807820","1.15263"
"2064807820","2096229429","0.152632"
"2096229429","2064807820","0.152632"
"2064807820","2103207352","4.15263"
"2103207352","2064807820","4.15263"
"2064807820","2113601246","1.15263"
"2113601246","2064807820","1.15263"
"2064807820","2142350712","0.0526316"
"2142350712","2064807820","0.0526316"
"2064807820","2151181047","0.152632"
"2151181047","2064807820","0.152632"
"2064807820","2153231238","0.0526316"
"2153231238","2064807820","0.0526316"
"2064807820","2155595639","0.152632"
"2155595639","2064807820","0.152632"
"2064807820","2167631575","0.152632"
"2167631575","2064807820","0.152632"
"2064807820","2170853664","0.0526316"
"2170853664","2064807820","0.0526316"
"2064807820","2179242664","1.05263"
"2179242664","2064807820","1.05263"
"2064807820","2262179892","0.0526316"
"2262179892","2064807820","0.0526316"
"2064807820","2424050798","0.0526316"
"2424050798","2064807820","0.0526316"
"2064807820","2431462601","0.0526316"
"2431462601","2064807820","0.0526316"
"2064807820","2435355301","0.0526316"
"2435355301","2064807820","0.0526316"
"2064807820","2513211580","0.0526316"
"2513211580","2064807820","0.0526316"
"2075018787","2262179892","0.143541"
"2262179892","2075018787","0.143541"
"2075018787","2424050798","0.286398"
"2424050798","2075018787","0.286398"
"2075018787","2431462601","0.143541"
"2431462601","2075018787","0.143541"
"2075018787","2435355301","0.488743"
"2435355301","2075018787","0.488743"
"2075018787","2513211580","0.143541"
"2513211580","2075018787","0.143541"
"2096229429","2262179892","0.210207"
"2262179892","2096229429","0.210207"
"2096229429","2424050798","0.210207"
"2424050798","2096229429","0.210207"
"2096229429","2431462601","0.143541"
"2431462601","2096229429","0.143541"
"2096229429","2435355301","0.0526316"
"2435355301","2096229429","0.0526316"
"2096229429","2513211580","0.143541"
"2513211580","2096229429","0.143541"
"2103207352","2153231238","0.235171"
"2153231238","2103207352","0.235171"
"2103207352","2262179892","0.0526316"
"2262179892","2103207352","0.0526316"
"2103207352","2424050798","0.0526316"
"2424050798","2103207352","0.0526316"
"2103207352","2431462601","0.0526316"
"2431462601","2103207352","0.0526316"
"2103207352","2435355301","0.488743"
"2435355301","2103207352","0.488743"
"2103207352","2513211580","0.0526316"
"2513211580","2103207352","0.0526316"
"2113601246","2153231238","0.555806"
"2153231238","2113601246","0.555806"
"2113601246","2262179892","0.119298"
"2262179892","2113601246","0.119298"
"2113601246","2424050798","0.119298"
"2424050798","2113601246","0.119298"
"2113601246","2431462601","0.0526316"
"2431462601","2113601246","0.0526316"
"2113601246","2435355301","0.488743"
"2435355301","2113601246","0.488743"
"2113601246","2513211580","0.0526316"
"2513211580","2113601246","0.0526316"
"2142350712","2262179892","0.210207"
"2262179892","2142350712","0.210207"
"2142350712","2424050798","0.301116"
"2424050798","2142350712","0.301116"
"2142350712","2431462601","0.143541"
"2431462601","2142350712","0.143541"
"2142350712","2435355301","0.0526316"
"2435355301","2142350712","0.0526316"
"2142350712","2513211580","0.393541"
"2513211580","2142350712","0.393541"
"2151181047","2262179892","0.119298"
"2262179892","2151181047","0.119298"
"2151181047","2424050798","0.210207"
"2424050798","2151181047","0.210207"
"2151181047","2431462601","0.0526316"
"2431462601","2151181047","0.0526316"
"2151181047","2435355301","0.0526316"
"2435355301","2151181047","0.0526316"
"2151181047","2513211580","0.0526316"
"2513211580","2151181047","0.0526316"
"2153231238","2170853664","0.548303"
"2170853664","2153231238","0.548303"
"2153231238","2179242664","0.0526316"
"2179242664","2153231238","0.0526316"
"2153231238","2262179892","0.210207"
"2262179892","2153231238","0.210207"
"2153231238","2424050798","0.210207"
"2424050798","2153231238","0.210207"
"2153231238","2431462601","0.143541"
"2431462601","2153231238","0.143541"
"2153231238","2435355301","0.0526316"
"2435355301","2153231238","0.0526316"
"2153231238","2513211580","0.143541"
"2513211580","2153231238","0.143541"
"2155595639","2262179892","0.143541"
"2262179892","2155595639","0.143541"
"2155595639","2424050798","0.143541"
"2424050798","2155595639","0.143541"
"2155595639","2431462601","1.14354"
"2431462601","2155595639","1.14354"
"2155595639","2435355301","0.288743"
"2435355301","2155595639","0.288743"
"2155595639","2513211580","0.143541"
"2513211580","2155595639","0.143541"
"2167631575","2262179892","0.210207"
"2262179892","2167631575","0.210207"
"2167631575","2424050798","0.301116"
"2424050798","2167631575","0.301116"
"2167631575","2431462601","0.143541"
"2431462601","2167631575","0.143541"
"2167631575","2435355301","0.288743"
"2435355301","2167631575","0.288743"
"2167631575","2513211580","0.143541"
"2513211580","2167631575","0.143541"
"2170853664","2262179892","0.143541"
"2262179892","2170853664","0.143541"
"2170853664","2424050798","0.377307"
"2424050798","2170853664","0.377307"
"2170853664","2431462601","0.143541"
"2431462601","2170853664","0.143541"
"2170853664","2435355301","0.0526316"
"2435355301","2170853664","0.0526316"
"2170853664","2513211580","0.143541"
"2513211580","2170853664","0.143541"
"2179242664","2262179892","0.0526316"
"2262179892","2179242664","0.0526316"
"2179242664","2424050798","0.0526316"
"2424050798","2179242664","0.0526316"
"2179242664","2431462601","0.0526316"
"2431462601","2179242664","0.0526316"
"2179242664","2435355301","0.0526316"
"2435355301","2179242664","0.0526316"
"2179242664","2513211580","0.0526316"
"2513211580","2179242664","0.0526316"
"2262179892","2424050798","0.210207"
"2424050798","2262179892","0.210207"
"2262179892","2431462601","0.143541"
"2431462601","2262179892","0.143541"
"2262179892","2435355301","0.0526316"
"2435355301","2262179892","0.0526316"
"2262179892","2513211580","0.143541"
"2513211580","2262179892","0.143541"
"2424050798","2431462601","0.143541"
"2431462601","2424050798","0.143541"
"2424050798","2435355301","0.0526316"
"2435355301","2424050798","0.0526316"
"2424050798","2513211580","0.143541"
"2513211580","2424050798","0.143541"
"2431462601","2435355301","0.0526316"
"2435355301","2431462601","0.0526316"
"2431462601","2513211580","0.143541"
"2513211580","2431462601","0.143541"
"2435355301","2513211580","0.0526316"
"2513211580","2435355301","0.0526316"
"1510874905","2259014610","0.0666667"
"2259014610","1510874905","0.0666667"
"1510874905","2605800201","0.0666667"
"2605800201","1510874905","0.0666667"
"1510874905","2605843372","0.0666667"
"2605843372","1510874905","0.0666667"
"1510874905","2680526834","0.0666667"
"2680526834","1510874905","0.0666667"
"1513730131","2153231238","0.0666667"
"2153231238","1513730131","0.0666667"
"1513730131","2259014610","0.209524"
"2259014610","1513730131","0.209524"
"1513730131","2262179892","0.0666667"
"2262179892","1513730131","0.0666667"
"1513730131","2424050798","0.0666667"
"2424050798","1513730131","0.0666667"
"1513730131","2605800201","0.0666667"
"2605800201","1513730131","0.0666667"
"1513730131","2605843372","1.56667"
"2605843372","1513730131","1.56667"
"1513730131","2680526834","0.0666667"
"2680526834","1513730131","0.0666667"
"1997741691","2259014610","0.449242"
"2259014610","1997741691","0.449242"
"1997741691","2605800201","0.990909"
"2605800201","1997741691","0.990909"
"1997741691","2605843372","0.233333"
"2605843372","1997741691","0.233333"
"1997741691","2680526834","0.157576"
"2680526834","1997741691","0.157576"
"2017992824","2259014610","0.560354"
"2259014610","2017992824","0.560354"
"2017992824","2605800201","0.157576"
"2605800201","2017992824","0.157576"
"2017992824","2605843372","0.677778"
"2605843372","2017992824","0.677778"
"2017992824","2680526834","0.157576"
"2680526834","2017992824","0.157576"
"2096229429","2259014610","0.358333"
"2259014610","2096229429","0.358333"
"2096229429","2605800201","0.157576"
"2605800201","2096229429","0.157576"
"2096229429","2605843372","0.0666667"
"2605843372","2096229429","0.0666667"
"2096229429","2680526834","0.0666667"
"2680526834","2096229429","0.0666667"
"2113601246","2259014610","2.50278"
"2259014610","2113601246","2.50278"
"2113601246","2605800201","0.209524"
"2605800201","2113601246","0.209524"
"2113601246","2605843372","0.320635"
"2605843372","2113601246","0.320635"
"2113601246","2680526834","0.0666667"
"2680526834","2113601246","0.0666667"
"2142350712","2259014610","0.157576"
"2259014610","2142350712","0.157576"
"2142350712","2605800201","0.248485"
"2605800201","2142350712","0.248485"
"2142350712","2605843372","0.566667"
"2605843372","2142350712","0.566667"
"2142350712","2680526834","0.157576"
"2680526834","2142350712","0.157576"
"2151181047","2259014610","0.449242"
"2259014610","2151181047","0.449242"
"2151181047","2605800201","0.324242"
"2605800201","2151181047","0.324242"
"2151181047","2605843372","0.233333"
"2605843372","2151181047","0.233333"
"2151181047","2680526834","0.157576"
"2680526834","2151181047","0.157576"
"2153231238","2259014610","0.358333"
"2259014610","2153231238","0.358333"
"2153231238","2605800201","0.157576"
"2605800201","2153231238","0.157576"
"2153231238","2605843372","0.0666667"
"2605843372","2153231238","0.0666667"
"2153231238","2680526834","0.0666667"
"2680526834","2153231238","0.0666667"
"2167631575","2259014610","1.82821"
"2259014610","2167631575","1.82821"
"2167631575","2605800201","0.415152"
"2605800201","2167631575","0.415152"
"2167631575","2605843372","0.344444"
"2605843372","2167631575","0.344444"
"2167631575","2680526834","0.157576"
"2680526834","2167631575","0.157576"
"2259014610","2262179892","0.0666667"
"2262179892","2259014610","0.0666667"
"2259014610","2424050798","0.300433"
"2424050798","2259014610","0.300433"
"2259014610","2605800201","2.55043"
"2605800201","2259014610","2.55043"
"2259014610","2605843372","0.344444"
"2605843372","2259014610","0.344444"
"2259014610","2680526834","0.300433"
"2680526834","2259014610","0.300433"
"2262179892","2605800201","0.157576"
"2605800201","2262179892","0.157576"
"2262179892","2605843372","0.0666667"
"2605843372","2262179892","0.0666667"
"2262179892","2680526834","0.0666667"
"2680526834","2262179892","0.0666667"
"2424050798","2605800201","0.391342"
"2605800201","2424050798","0.391342"
"2424050798","2605843372","0.0666667"
"2605843372","2424050798","0.0666667"
"2424050798","2680526834","0.300433"
"2680526834","2424050798","0.300433"
"2605800201","2605843372","0.37619"
"2605843372","2605800201","0.37619"
"2605800201","2680526834","0.300433"
"2680526834","2605800201","0.300433"
"2605843372","2680526834","0.0666667"
"2680526834","2605843372","0.0666667"
"1513730131","1890220130","0.642857"
"1890220130","1513730131","0.642857"
"1513730131","2344304035","0.142857"
"2344304035","1513730131","0.142857"
"1521148341","1890220130","0.142857"
"1890220130","1521148341","0.142857"
"1521148341","2259014610","0.142857"
"2259014610","1521148341","0.142857"
"1521148341","2344304035","0.142857"
"2344304035","1521148341","0.142857"
"1890220130","2113831242","1.47619"
"2113831242","1890220130","1.47619"
"1890220130","2167631575","0.142857"
