"1487093789","1784244685","1.15397"
"1784244685","1487093789","1.15397"
"1487093789","1822348499","3.57063"
"1822348499","1487093789","3.57063"
"1487093789","2005188603","3.52778"
"2005188603","1487093789","3.52778"
"1487093789","2020584928","1.90397"
"2020584928","1487093789","1.90397"
"1487093789","2091638028","1.73611"
"2091638028","1487093789","1.73611"
"1487093789","2147232895","0.736111"
"2147232895","1487093789","0.736111"
"1487093789","2161463763","1.70397"
"2161463763","1487093789","1.70397"
"1487093789","2171903035","10.3373"
"2171903035","1487093789","10.3373"
"1487093789","72853727","2.12064"
"72853727","1487093789","2.12064"
"1784244685","1822348499","15.6635"
"1822348499","1784244685","15.6635"
"1784244685","2005188603","7.61349"
"2005188603","1784244685","7.61349"
"1784244685","2020584928","30.3587"
"2020584928","1784244685","30.3587"
"1784244685","2091638028","4.81944"
"2091638028","1784244685","4.81944"
"1784244685","2147232895","7.41349"
"2147232895","1784244685","7.41349"
"1784244685","2161463763","7.08135"
"2161463763","1784244685","7.08135"
"1784244685","2171903035","21.8159"
"2171903035","1784244685","21.8159"
"1784244685","72853727","2.44802"
"72853727","1784244685","2.44802"
"1822348499","2005188603","47.6873"
"2005188603","1822348499","47.6873"
"1822348499","2020584928","18.7802"
"2020584928","1822348499","18.7802"
"1822348499","2091638028","10.3361"
"2091638028","1822348499","10.3361"
"1822348499","2147232895","5.2373"
"2147232895","1822348499","5.2373"
"1822348499","2161463763","21.4623"
"2161463763","1822348499","21.4623"
"1822348499","2171903035","68.4302"
"2171903035","1822348499","68.4302"
"1822348499","72853727","8.9623"
"72853727","1822348499","8.9623"
"2005188603","2020584928","13.9635"
"2020584928","2005188603","13.9635"
"2005188603","2091638028","10.7361"
"2091638028","2005188603","10.7361"
"2005188603","2147232895","8.28016"
"2147232895","2005188603","8.28016"
"2005188603","2161463763","11.4623"
"2161463763","2005188603","11.4623"
"2005188603","2171903035","67.4635"
"2171903035","2005188603","67.4635"
"2005188603","72853727","10.8456"
"72853727","2005188603","10.8456"
"2020584928","2091638028","3.13611"
"2091638028","2020584928","3.13611"
"2020584928","2147232895","19.0968"
"2147232895","2020584928","19.0968"
"2020584928","2161463763","11.2647"
"2161463763","2020584928","11.2647"
"2020584928","2171903035","34.3325"
"2171903035","2020584928","34.3325"
"2020584928","72853727","4.41468"
"72853727","2020584928","4.41468"
"2091638028","2147232895","5.76944"
"2147232895","2091638028","5.76944"
"2091638028","2161463763","8.50278"
"2161463763","2091638028","8.50278"
"2091638028","2171903035","17.8528"
"2171903035","2091638028","17.8528"
"2091638028","72853727","7.39444"
"72853727","2091638028","7.39444"
"2147232895","2161463763","7.67063"
"2161463763","2147232895","7.67063"
"2147232895","2171903035","12.4135"
"2171903035","2147232895","12.4135"
"2147232895","72853727","6.7123"
"72853727","2147232895","6.7123"
"2161463763","2171903035","32.0647"
"2171903035","2161463763","32.0647"
"2161463763","72853727","8.08135"
"72853727","2161463763","8.08135"
"2171903035","72853727","20.348"
"72853727","2171903035","20.348"
"1487093789","1992023276","2.23333"
"1992023276","1487093789","2.23333"
"1992023276","2020584928","10.5417"
"2020584928","1992023276","10.5417"
"1487093789","2199389590","4.34286"
"2199389590","1487093789","4.34286"
"1784244685","2199389590","17.1393"
"2199389590","1784244685","17.1393"
"1822348499","2199389590","5.81071"
"2199389590","1822348499","5.81071"
"2020584928","2199389590","36.4226"
"2199389590","2020584928","36.4226"
"2161463763","2199389590","7.82024"
"2199389590","2161463763","7.82024"
"2171903035","2199389590","6.59643"
"2199389590","2171903035","6.59643"
"2199389590","72853727","1.65357"
"72853727","2199389590","1.65357"
"1992023276","2091638028","4.7"
"2091638028","1992023276","4.7"
"1487093789","2139276812","0.725"
"2139276812","1487093789","0.725"
"1992023276","2005188603","7.575"
"2005188603","1992023276","7.575"
"1992023276","2139276812","1.60833"
"2139276812","1992023276","1.60833"
"1992023276","2171903035","13.9917"
"2171903035","1992023276","13.9917"
"2005188603","2139276812","5.35"
"2139276812","2005188603","5.35"
"2020584928","2139276812","19.8429"
"2139276812","2020584928","19.8429"
"2139276812","2171903035","6.35952"
"2171903035","2139276812","6.35952"
"1992023276","72853727","2.38333"
"72853727","1992023276","2.38333"
"1487093789","2114372843","0.125"
"2114372843","1487093789","0.125"
"1784244685","2114372843","14.4119"
"2114372843","1784244685","14.4119"
"1784244685","2139276812","6.84286"
"2139276812","1784244685","6.84286"
"1822348499","2114372843","5.47619"
"2114372843","1822348499","5.47619"
"1822348499","2139276812","10.7"
"2139276812","1822348499","10.7"
"2005188603","2114372843","2.20952"
"2114372843","2005188603","2.20952"
"2020584928","2114372843","11.1452"
"2114372843","2020584928","11.1452"
"2114372843","2139276812","3.22619"
"2139276812","2114372843","3.22619"
"2114372843","2161463763","4.81786"
"2161463763","2114372843","4.81786"
"2114372843","2171903035","8.98571"
"2171903035","2114372843","8.98571"
"2139276812","2161463763","1.55119"
"2161463763","2139276812","1.55119"
"1487093789","192214595","0.783333"
"192214595","1487093789","0.783333"
"192214595","2005188603","5.61667"
"2005188603","192214595","5.61667"
"192214595","2171903035","5.11667"
"2171903035","192214595","5.11667"
"192214595","2161463763","0.533333"
"2161463763","192214595","0.533333"
"192214595","72853727","0.366667"
"72853727","192214595","0.366667"
"1992023276","2199389590","5.23333"
"2199389590","1992023276","5.23333"
"2005188603","2199389590","3.96071"
"2199389590","2005188603","3.96071"
"2139276812","2199389590","25.2595"
"2199389590","2139276812","25.2595"
"1822348499","192214595","0.25"
"192214595","1822348499","0.25"
"1571066610","2020584928","13.5583"
"2020584928","1571066610","13.5583"
"1571066610","2005188603","0.375"
"2005188603","1571066610","0.375"
"1571066610","2139276812","6.125"
"2139276812","1571066610","6.125"
"1571066610","2147232895","1.03333"
"2147232895","1571066610","1.03333"
"2139276812","2147232895","4.28333"
"2147232895","2139276812","4.28333"
"1571066610","1784244685","3.225"
"1784244685","1571066610","3.225"
"1571066610","1822348499","0.458333"
"1822348499","1571066610","0.458333"
"1571066610","2114372843","0.858333"
"2114372843","1571066610","0.858333"
"1571066610","2161463763","0.783333"
"2161463763","1571066610","0.783333"
"1571066610","2171903035","1.19167"
"2171903035","1571066610","1.19167"
"1571066610","2199389590","3.03333"
"2199389590","1571066610","3.03333"
"1571066610","1992023276","0.458333"
"1992023276","1571066610","0.458333"
"1784244685","1992023276","2.075"
"1992023276","1784244685","2.075"
"1822348499","1992023276","5.975"
"1992023276","1822348499","5.975"
"1992023276","2114372843","0.575"
"2114372843","1992023276","0.575"
"2147232895","2199389590","8.16071"
"2199389590","2147232895","8.16071"
"1571066610","2091638028","1.9"
"2091638028","1571066610","1.9"
"2091638028","2114372843","3.71667"
"2114372843","2091638028","3.71667"
"1992023276","2147232895","4.15"
"2147232895","1992023276","4.15"
"1757653451","308942908","4.33333"
"308942908","1757653451","4.33333"
"1757653451","2171903035","0.333333"
"2171903035","1757653451","0.333333"
"1757653451","72853727","0.333333"
"72853727","1757653451","0.333333"
"2171903035","308942908","0.75"
"308942908","2171903035","0.75"
"308942908","72853727","0.75"
"72853727","308942908","0.75"
"1784244685","2152604168","25.7262"
"2152604168","1784244685","25.7262"
"2114372843","72853727","1.84286"
"72853727","2114372843","1.84286"
"1784244685","948942333","2.84286"
"948942333","1784244685","2.84286"
"2147232895","948942333","1"
"948942333","2147232895","1"
"2020584928","2152604168","0.72619"
"2152604168","2020584928","0.72619"
"2152604168","2199389590","0.72619"
"2199389590","2152604168","0.72619"
"2114372843","2199389590","6.82857"
"2199389590","2114372843","6.82857"
"1784244685","2400758157","1.39286"
"2400758157","1784244685","1.39286"
"2114372843","2147232895","3.20952"
"2147232895","2114372843","3.20952"
"1784244685","1943898111","0.142857"
"1943898111","1784244685","0.142857"
"1943898111","2020584928","0.142857"
"2020584928","1943898111","0.142857"
"1943898111","2114372843","0.142857"
"2114372843","1943898111","0.142857"
"1943898111","2152604168","2.39286"
"2152604168","1943898111","2.39286"
"1943898111","2199389590","0.142857"
"2199389590","1943898111","0.142857"
"1943898111","2400758157","0.392857"
"2400758157","1943898111","0.392857"
"1943898111","948942333","4.89286"
"948942333","1943898111","4.89286"
"2020584928","2400758157","2.39286"
"2400758157","2020584928","2.39286"
"2020584928","948942333","0.142857"
"948942333","2020584928","0.142857"
"2114372843","2152604168","0.142857"
"2152604168","2114372843","0.142857"
"2114372843","2400758157","0.142857"
"2400758157","2114372843","0.142857"
"2114372843","948942333","0.142857"
"948942333","2114372843","0.142857"
"2152604168","2400758157","2.64286"
"2400758157","2152604168","2.64286"
"2152604168","948942333","0.392857"
"948942333","2152604168","0.392857"
"2199389590","2400758157","0.892857"
"2400758157","2199389590","0.892857"
"2199389590","948942333","0.142857"
"948942333","2199389590","0.142857"
"2400758157","948942333","0.392857"
"948942333","2400758157","0.392857"
"1784244685","192214595","1.83333"
"192214595","1784244685","1.83333"
"2091638028","948942333","0.7"
"948942333","2091638028","0.7"
"192214595","1992023276","0.666667"
"1992023276","192214595","0.666667"
"2171903035","948942333","2.11667"
"948942333","2171903035","2.11667"
"2139276812","72853727","1.92619"
"72853727","2139276812","1.92619"
"1822348499","948942333","0.2"
"948942333","1822348499","0.2"
"2161463763","948942333","1.7"
"948942333","2161463763","1.7"
"1815438453","2114372843","1"
"2114372843","1815438453","1"
"192214595","308942908","0.166667"
"308942908","192214595","0.166667"
"192214595","948942333","0.166667"
"948942333","192214595","0.166667"
"1992023276","308942908","0.416667"
"308942908","1992023276","0.416667"
"1992023276","948942333","1.16667"
"948942333","1992023276","1.16667"
"2005188603","308942908","1.16667"
"308942908","2005188603","1.16667"
"2005188603","948942333","0.166667"
"948942333","2005188603","0.166667"
"308942908","948942333","0.416667"
"948942333","308942908","0.416667"
"72853727","948942333","0.416667"
"948942333","72853727","0.416667"
"192214595","2091638028","0.5"
"2091638028","192214595","0.5"
"192214595","2020584928","0.333333"
"2020584928","192214595","0.333333"
"192214595","2147232895","0.333333"
"2147232895","192214595","0.333333"
"192214595","2199389590","0.333333"
"2199389590","192214595","0.333333"
"1943898111","1992023276","1.25"
"1992023276","1943898111","1.25"
"1992023276","2152604168","0.75"
"2152604168","1992023276","0.75"
"1992023276","2400758157","0.25"
"2400758157","1992023276","0.25"
"1943898111","2161463763","0.5"
"2161463763","1943898111","0.5"
"2147232895","2152604168","0.5"
"2152604168","2147232895","0.5"
"2171903035","2400758157","1.5"
"2400758157","2171903035","1.5"
"2020584928","308942908","0.5"
"308942908","2020584928","0.5"
"2139276812","2400758157","0.5"
"2400758157","2139276812","0.5"
"2139276812","308942908","0.5"
"308942908","2139276812","0.5"
"2199389590","308942908","0.5"
"308942908","2199389590","0.5"
"2400758157","308942908","0.5"
"308942908","2400758157","0.5"
"2091638028","2199389590","1"
"2199389590","2091638028","1"
"2091638028","2139276812","0.2"
"2139276812","2091638028","0.2"
