"117089371","2024797550","0.5"
"2024797550","117089371","0.5"
"117089371","2143275903","0.5"
"2143275903","117089371","0.5"
"2024797550","2143275903","114.867"
"2143275903","2024797550","114.867"
"122233327","2123561513","1"
"2123561513","122233327","1"
"134467953","2030689196","0.5"
"2030689196","134467953","0.5"
"134467953","2048071586","1.5"
"2048071586","134467953","1.5"
"2030689196","2048071586","17"
"2048071586","2030689196","17"
"134467953","2005099092","3"
"2005099092","134467953","3"
"135913927","2053653724","1.33333"
"2053653724","135913927","1.33333"
"135913927","2039789840","0.333333"
"2039789840","135913927","0.333333"
"135913927","2040348939","1.33333"
"2040348939","135913927","1.33333"
"2039789840","2040348939","7.66667"
"2040348939","2039789840","7.66667"
"2039789840","2053653724","2.16667"
"2053653724","2039789840","2.16667"
"2040348939","2053653724","1.33333"
"2053653724","2040348939","1.33333"
"135913927","1974554406","0.5"
"1974554406","135913927","0.5"
"135913927","2123561513","0.5"
"2123561513","135913927","0.5"
"1974554406","2123561513","0.5"
"2123561513","1974554406","0.5"
"143108415","2102959828","2"
"2102959828","143108415","2"
"143195705","2104023883","1"
"2104023883","143195705","1"
"1480473678","2150721933","1"
"2150721933","1480473678","1"
"1480473678","2024797550","0.5"
"2024797550","1480473678","0.5"
"1480473678","2170188121","0.5"
"2170188121","1480473678","0.5"
"2024797550","2170188121","4.7"
"2170188121","2024797550","4.7"
"1482794078","2138618491","1"
"2138618491","1482794078","1"
"1482794078","2117849706","1.08333"
"2117849706","1482794078","1.08333"
"1482794078","2127484584","0.833333"
"2127484584","1482794078","0.833333"
"1482794078","2613214602","0.333333"
"2613214602","1482794078","0.333333"
"2117849706","2127484584","0.833333"
"2127484584","2117849706","0.833333"
"2117849706","2613214602","1.58333"
"2613214602","2117849706","1.58333"
"2127484584","2613214602","1.625"
"2613214602","2127484584","1.625"
"1482794078","1638026557","0.25"
"1638026557","1482794078","0.25"
"1482794078","2075476359","0.25"
"2075476359","1482794078","0.25"
"1482794078","2147100344","0.25"
"2147100344","1482794078","0.25"
"1638026557","2075476359","5.75"
"2075476359","1638026557","5.75"
"1638026557","2117849706","58.5429"
"2117849706","1638026557","58.5429"
"1638026557","2147100344","13.6263"
"2147100344","1638026557","13.6263"
"2075476359","2117849706","5.75"
"2117849706","2075476359","5.75"
"2075476359","2147100344","1.75"
"2147100344","2075476359","1.75"
"2117849706","2147100344","15.4953"
"2147100344","2117849706","15.4953"
"1487227972","2170188121","3.83333"
"2170188121","1487227972","3.83333"
"1487227972","1971652947","0.5"
"1971652947","1487227972","0.5"
"1487227972","2016892599","1"
"2016892599","1487227972","1"
"1971652947","2016892599","1.66667"
"2016892599","1971652947","1.66667"
"1487227972","2150721933","29.3333"
"2150721933","1487227972","29.3333"
"1487227972","2147100344","12.25"
"2147100344","1487227972","12.25"
"1487227972","1638026557","24.25"
"1638026557","1487227972","24.25"
"1487227972","1559648822","1"
"1559648822","1487227972","1"
"1487227972","2117849706","29.0833"
"2117849706","1487227972","29.0833"
"1487227972","1536700701","1"
"1536700701","1487227972","1"
"1487227972","2143275903","0.5"
"2143275903","1487227972","0.5"
"2117849706","2143275903","3.16667"
"2143275903","2117849706","3.16667"
"1487227972","1564059483","0.333333"
"1564059483","1487227972","0.333333"
"1487227972","2023657004","0.333333"
"2023657004","1487227972","0.333333"
"1564059483","1638026557","2.11667"
"1638026557","1564059483","2.11667"
"1564059483","2023657004","22.1861"
"2023657004","1564059483","22.1861"
"1638026557","2023657004","1.62424"
"2023657004","1638026557","1.62424"
"1638026557","2150721933","1.5"
"2150721933","1638026557","1.5"
"1487227972","2051228475","1.33333"
"2051228475","1487227972","1.33333"
"2051228475","2150721933","0.583333"
"2150721933","2051228475","0.583333"
"2051228475","2170188121","0.583333"
"2170188121","2051228475","0.583333"
"2150721933","2170188121","44.4861"
"2170188121","2150721933","44.4861"
"1487227972","2112719612","4.08333"
"2112719612","1487227972","4.08333"
"1638026557","2112719612","21.6929"
"2112719612","1638026557","21.6929"
"2112719612","2117849706","42.8286"
"2117849706","2112719612","42.8286"
"2112719612","2147100344","2.07864"
"2147100344","2112719612","2.07864"
"1487227972","2055958975","1.5"
"2055958975","1487227972","1.5"
"2055958975","2147100344","1"
"2147100344","2055958975","1"
"1487227972","1845137714","1"
"1845137714","1487227972","1"
"1845137714","2150721933","3.5"
"2150721933","1845137714","3.5"
"2147100344","2150721933","12"
"2150721933","2147100344","12"
"1487227972","1494307597","0.333333"
"1494307597","1487227972","0.333333"
"1487227972","1590355100","0.333333"
"1590355100","1487227972","0.333333"
"1487227972","2021914941","0.333333"
"2021914941","1487227972","0.333333"
"1494307597","1590355100","15.3048"
"1590355100","1494307597","15.3048"
"1494307597","2021914941","4.67619"
"2021914941","1494307597","4.67619"
"1590355100","2021914941","2.72619"
"2021914941","1590355100","2.72619"
"1487227972","2075476359","1"
"2075476359","1487227972","1"
"1487227972","2060579849","0.333333"
"2060579849","1487227972","0.333333"
"1487227972","2201622286","0.333333"
"2201622286","1487227972","0.333333"
"1638026557","2060579849","10.2429"
"2060579849","1638026557","10.2429"
"1638026557","2201622286","5.57626"
"2201622286","1638026557","5.57626"
"2060579849","2201622286","5.76793"
"2201622286","2060579849","5.76793"
"2016892599","2170188121","20.9338"
"2170188121","2016892599","20.9338"
"1487227972","2136377060","0.5"
"2136377060","1487227972","0.5"
"2136377060","2150721933","2.5"
"2150721933","2136377060","2.5"
"1487227972","2123561513","1"
"2123561513","1487227972","1"
"1487227972","1556731622","0.5"
"1556731622","1487227972","0.5"
"1487227972","2131165411","0.5"
"2131165411","1487227972","0.5"
"1556731622","2131165411","20.0429"
"2131165411","1556731622","20.0429"
"1487227972","1565494300","0.5"
"1565494300","1487227972","0.5"
"1565494300","2117849706","1.5"
"2117849706","1565494300","1.5"
"1487227972","2024797550","1"
"2024797550","1487227972","1"
"1487929601","2010454887","11.5"
"2010454887","1487929601","11.5"
"1487929601","2130610812","1.5"
"2130610812","1487929601","1.5"
"1487929601","1569403765","1"
"1569403765","1487929601","1"
"1569403765","2010454887","2"
"2010454887","1569403765","2"
"1487929601","2131165411","0.5"
"2131165411","1487929601","0.5"
"2010454887","2131165411","0.5"
"2131165411","2010454887","0.5"
"2010454887","2130610812","2.5"
"2130610812","2010454887","2.5"
"1487929601","2054311069","1.5"
"2054311069","1487929601","1.5"
"2010454887","2054311069","2.5"
"2054311069","2010454887","2.5"
"1494307597","2024797550","2.61667"
"2024797550","1494307597","2.61667"
"1494307597","2117849706","11.0119"
"2117849706","1494307597","11.0119"
"2024797550","2117849706","3.41667"
"2117849706","2024797550","3.41667"
"1494307597","2131165411","23.2548"
"2131165411","1494307597","23.2548"
"1494307597","2152389926","10.7548"
"2152389926","1494307597","10.7548"
"2131165411","2152389926","65.8714"
"2152389926","2131165411","65.8714"
"2117849706","2131165411","7.5119"
"2131165411","2117849706","7.5119"
"1494307597","2051228475","2.58333"
"2051228475","1494307597","2.58333"
"2051228475","2117849706","4.66667"
"2117849706","2051228475","4.66667"
"1494307597","1638026557","5.95"
"1638026557","1494307597","5.95"
"1590355100","1638026557","1.83333"
"1638026557","1590355100","1.83333"
"1494307597","1572120187","3.24524"
"1572120187","1494307597","3.24524"
"1572120187","1590355100","4.07857"
"1590355100","1572120187","4.07857"
"1572120187","2024797550","8.35"
"2024797550","1572120187","8.35"
"1572120187","2131165411","13.4369"
"2131165411","1572120187","13.4369"
"1572120187","2152389926","4.9119"
"2152389926","1572120187","4.9119"
"1590355100","2024797550","1.65"
"2024797550","1590355100","1.65"
"1590355100","2131165411","15.0381"
"2131165411","1590355100","15.0381"
"1590355100","2152389926","7.0881"
"2152389926","1590355100","7.0881"
"2024797550","2131165411","4.41667"
"2131165411","2024797550","4.41667"
"2024797550","2152389926","0.95"
"2152389926","2024797550","0.95"
"1494307597","204654470","0.25"
"204654470","1494307597","0.25"
"1494307597","2613214602","0.392857"
"2613214602","1494307597","0.392857"
"1590355100","204654470","0.25"
"204654470","1590355100","0.25"
"1590355100","2613214602","1.39286"
"2613214602","1590355100","1.39286"
"1638026557","204654470","0.25"
"204654470","1638026557","0.25"
"1638026557","2613214602","0.25"
"2613214602","1638026557","0.25"
"204654470","2613214602","2.75"
"2613214602","204654470","2.75"
"1494307597","1556731622","2.30952"
"1556731622","1494307597","2.30952"
"1556731622","1590355100","2.87619"
"1590355100","1556731622","2.87619"
"1494307597","2112719612","0.819048"
"2112719612","1494307597","0.819048"
"1494307597","2147100344","0.785714"
"2147100344","1494307597","0.785714"
"1572120187","2112719612","0.285714"
"2112719612","1572120187","0.285714"
"1572120187","2117849706","0.678571"
"2117849706","1572120187","0.678571"
"1572120187","2147100344","0.619048"
"2147100344","1572120187","0.619048"
"1590355100","2112719612","0.619048"
"2112719612","1590355100","0.619048"
"1590355100","2117849706","0.428571"
"2117849706","1590355100","0.428571"
"1590355100","2147100344","0.285714"
"2147100344","1590355100","0.285714"
"2112719612","2131165411","1.03571"
"2131165411","2112719612","1.03571"
"2112719612","2152389926","0.619048"
"2152389926","2112719612","0.619048"
"2117849706","2152389926","1.0119"
"2152389926","2117849706","1.0119"
"2131165411","2147100344","3.53571"
"2147100344","2131165411","3.53571"
"2147100344","2152389926","0.869048"
"2152389926","2147100344","0.869048"
"2021914941","2051228475","0.75"
"2051228475","2021914941","0.75"
"1494307597","2143275903","2.33333"
"2143275903","1494307597","2.33333"
"1572120187","2143275903","10.3667"
"2143275903","1572120187","10.3667"
"1494307597","1648759563","0.5"
"1648759563","1494307597","0.5"
"1638026557","1648759563","0.25"
"1648759563","1638026557","0.25"
"1638026557","2131165411","3.5"
"2131165411","1638026557","3.5"
"1638026557","2152389926","0.75"
"2152389926","1638026557","0.75"
"1648759563","2131165411","11.75"
"2131165411","1648759563","11.75"
"1648759563","2152389926","2.33333"
"2152389926","1648759563","2.33333"
"1494307597","1971652947","1"
"1971652947","1494307597","1"
"1494307597","1506194649","1"
"1506194649","1494307597","1"
"1494307597","2788939061","1"
"2788939061","1494307597","1"
"1494307597","2007842132","0.333333"
"2007842132","1494307597","0.333333"
"2007842132","2024797550","0.4"
"2024797550","2007842132","0.4"
"2007842132","2131165411","0.4"
"2131165411","2007842132","0.4"
"1494307597","2158447492","1.34286"
"2158447492","1494307597","1.34286"
"2131165411","2143275903","2.36667"
"2143275903","2131165411","2.36667"
"2131165411","2158447492","12.8774"
"2158447492","2131165411","12.8774"
"2143275903","2152389926","0.5"
"2152389926","2143275903","0.5"
"2143275903","2158447492","0.5"
"2158447492","2143275903","0.5"
"2152389926","2158447492","4.54286"
"2158447492","2152389926","4.54286"
"1494307597","1987272746","2.83333"
"1987272746","1494307597","2.83333"
"1494307597","2148003754","2.40238"
"2148003754","1494307597","2.40238"
"1590355100","2148003754","4.10238"
"2148003754","1590355100","4.10238"
"2131165411","2148003754","15.1619"
"2148003754","2131165411","15.1619"
"2148003754","2152389926","11.1024"
"2152389926","2148003754","11.1024"
"1494307597","1623511323","0.2"
"1623511323","1494307597","0.2"
"1572120187","1623511323","1.2"
"1623511323","1572120187","1.2"
"1572120187","2021914941","0.7"
"2021914941","1572120187","0.7"
"1623511323","2021914941","0.45"
"2021914941","1623511323","0.45"
"1623511323","2131165411","6.28333"
"2131165411","1623511323","6.28333"
"1623511323","2152389926","0.7"
"2152389926","1623511323","0.7"
"2021914941","2131165411","5.32619"
"2131165411","2021914941","5.32619"
"2021914941","2152389926","1.00952"
"2152389926","2021914941","1.00952"
"1556731622","2021914941","0.559524"
"2021914941","1556731622","0.559524"
"1556731622","2148003754","5.67619"
"2148003754","1556731622","5.67619"
"1556731622","2152389926","2.59286"
"2152389926","1556731622","2.59286"
"1556731622","2613214602","1.14286"
"2613214602","1556731622","1.14286"
"2021914941","2148003754","0.309524"
"2148003754","2021914941","0.309524"
"2021914941","2613214602","0.142857"
"2613214602","2021914941","0.142857"
"2131165411","2613214602","5.47619"
"2613214602","2131165411","5.47619"
"2148003754","2613214602","0.809524"
"2613214602","2148003754","0.809524"
"2152389926","2613214602","0.47619"
"2613214602","2152389926","0.47619"
"1987272746","2148003754","5.25"
"2148003754","1987272746","5.25"
"1494307597","1566984846","0.333333"
"1566984846","1494307597","0.333333"
"1566984846","1987272746","74.41"
"1987272746","1566984846","74.41"
"1566984846","2131165411","1.03333"
"2131165411","1566984846","1.03333"
"1987272746","2131165411","3.75"
"2131165411","1987272746","3.75"
"2021914941","2117849706","1.33333"
"2117849706","2021914941","1.33333"
"2021914941","2143275903","0.333333"
"2143275903","2021914941","0.333333"
"1494307597","1578269782","3.25"
"1578269782","1494307597","3.25"
"1590355100","2051228475","0.25"
"2051228475","1590355100","0.25"
"1638026557","2021914941","1.25"
"2021914941","1638026557","1.25"
"1638026557","2051228475","15"
"2051228475","1638026557","15"
"1494307597","2060579849","1.03333"
"2060579849","1494307597","1.03333"
"2051228475","2060579849","8.75"
"2060579849","2051228475","8.75"
"1572120187","2158447492","1.85119"
"2158447492","1572120187","1.85119"
"2021914941","2158447492","0.316667"
"2158447492","2021914941","0.316667"
"2051228475","2112719612","2.66667"
"2112719612","2051228475","2.66667"
"2060579849","2112719612","1.99293"
"2112719612","2060579849","1.99293"
"1590355100","2158447492","1.37619"
"2158447492","1590355100","1.37619"
"2148003754","2158447492","3.85238"
"2158447492","2148003754","3.85238"
"1494307597","1569403765","0.5"
"1569403765","1494307597","0.5"
"1494307597","2138618491","0.5"
"2138618491","1494307597","0.5"
"1569403765","2138618491","1.5"
"2138618491","1569403765","1.5"
"1494307597","1565494300","0.5"
"1565494300","1494307597","0.5"
"1494307597","1529264355","0.2"
"1529264355","1494307597","0.2"
"1494307597","2201622286","0.2"
"2201622286","1494307597","0.2"
"1529264355","1638026557","1.21515"
"1638026557","1529264355","1.21515"
"1529264355","2060579849","0.381818"
"2060579849","1529264355","0.381818"
"1529264355","2112719612","0.715151"
"2112719612","1529264355","0.715151"
"1529264355","2201622286","0.381818"
"2201622286","1529264355","0.381818"
"2112719612","2201622286","1.6596"
"2201622286","2112719612","1.6596"
"1572120187","1648759563","6.33333"
"1648759563","1572120187","6.33333"
"1648759563","2158447492","1.08333"
"2158447492","1648759563","1.08333"
"1494307597","1979117702","1"
"1979117702","1494307597","1"
"1494307597","2003262311","0.25"
"2003262311","1494307597","0.25"
"1578269782","2003262311","1.85119"
"2003262311","1578269782","1.85119"
"1578269782","2117849706","1.75"
"2117849706","1578269782","1.75"
"1578269782","2131165411","2.93452"
"2131165411","1578269782","2.93452"
"2003262311","2117849706","1.25"
"2117849706","2003262311","1.25"
"2003262311","2131165411","1.51786"
"2131165411","2003262311","1.51786"
"1572120187","2148003754","0.559524"
"2148003754","1572120187","0.559524"
"2117849706","2148003754","0.142857"
"2148003754","2117849706","0.142857"
"2117849706","2158447492","0.142857"
"2158447492","2117849706","0.142857"
"1495898622","1529264355","0.181818"
"1529264355","1495898622","0.181818"
"1495898622","1638026557","1.49293"
"1638026557","1495898622","1.49293"
"1495898622","1973097187","0.542929"
"1973097187","1495898622","0.542929"
"1495898622","2016892599","0.181818"
"2016892599","1495898622","0.181818"
"1495898622","2060579849","0.792929"
"2060579849","1495898622","0.792929"
"1495898622","2073788020","1.74293"
"2073788020","1495898622","1.74293"
"1495898622","2112719612","1.32626"
"2112719612","1495898622","1.32626"
"1495898622","2117849706","2.04293"
"2117849706","1495898622","2.04293"
"1495898622","2147100344","1.29293"
"2147100344","1495898622","1.29293"
"1495898622","2170188121","1.03535"
"2170188121","1495898622","1.03535"
"1495898622","2201622286","2.29293"
"2201622286","1495898622","2.29293"
"1529264355","1973097187","0.181818"
"1973097187","1529264355","0.181818"
"1529264355","2016892599","0.181818"
"2016892599","1529264355","0.181818"
"1529264355","2073788020","0.181818"
"2073788020","1529264355","0.181818"
"1529264355","2117849706","0.515152"
"2117849706","1529264355","0.515152"
"1529264355","2147100344","0.181818"
"2147100344","1529264355","0.181818"
"1529264355","2170188121","0.0909091"
"2170188121","1529264355","0.0909091"
"1638026557","1973097187","3.9596"
"1973097187","1638026557","3.9596"
"1638026557","2016892599","0.515152"
"2016892599","1638026557","0.515152"
"1638026557","2073788020","2.82626"
"2073788020","1638026557","2.82626"
"1638026557","2170188121","2.20202"
"2170188121","1638026557","2.20202"
"1973097187","2016892599","0.181818"
"2016892599","1973097187","0.181818"
"1973097187","2060579849","3.9596"
"2060579849","1973097187","3.9596"
"1973097187","2073788020","0.542929"
"2073788020","1973097187","0.542929"
"1973097187","2112719612","2.37626"
"2112719612","1973097187","2.37626"
"1973097187","2117849706","2.7096"
"2117849706","1973097187","2.7096"
"1973097187","2147100344","0.709596"
"2147100344","1973097187","0.709596"
"1973097187","2170188121","0.20202"
"2170188121","1973097187","0.20202"
"1973097187","2201622286","1.2096"
"2201622286","1973097187","1.2096"
"2016892599","2060579849","0.931818"
"2060579849","2016892599","0.931818"
"2016892599","2073788020","19.033"
"2073788020","2016892599","19.033"
"2016892599","2112719612","0.181818"
"2112719612","2016892599","0.181818"
"2016892599","2117849706","0.181818"
"2117849706","2016892599","0.181818"
"2016892599","2147100344","0.181818"
"2147100344","2016892599","0.181818"
"2016892599","2201622286","1.18182"
"2201622286","2016892599","1.18182"
"2060579849","2073788020","0.292929"
"2073788020","2060579849","0.292929"
"2060579849","2117849706","1.12626"
"2117849706","2060579849","1.12626"
"2060579849","2147100344","1.12626"
"2147100344","2060579849","1.12626"
"2060579849","2170188121","3.45202"
"2170188121","2060579849","3.45202"
"2073788020","2112719612","0.492929"
"2112719612","2073788020","0.492929"
"2073788020","2117849706","1.29293"
"2117849706","2073788020","1.29293"
"2073788020","2147100344","0.292929"
"2147100344","2073788020","0.292929"
"2073788020","2170188121","2.71988"
"2170188121","2073788020","2.71988"
"2073788020","2201622286","0.792929"
"2201622286","2073788020","0.792929"
"2112719612","2170188121","1.03535"
"2170188121","2112719612","1.03535"
"2117849706","2170188121","3.20202"
"2170188121","2117849706","3.20202"
"2117849706","2201622286","5.12626"
"2201622286","2117849706","5.12626"
"2147100344","2170188121","2.20202"
"2170188121","2147100344","2.20202"
"2147100344","2201622286","0.292929"
"2201622286","2147100344","0.292929"
"2170188121","2201622286","5.20202"
"2201622286","2170188121","5.20202"
"1495898622","1564059483","13.7"
"1564059483","1495898622","13.7"
"1495898622","2023657004","8.12424"
"2023657004","1495898622","8.12424"
"1495898622","1562973422","1"
"1562973422","1495898622","1"
"1495898622","2003262311","0.5"
"2003262311","1495898622","0.5"
"1495898622","2007842132","0.5"
"2007842132","1495898622","0.5"
"2003262311","2007842132","13.8333"
"2007842132","2003262311","13.8333"
"2023657004","2112719612","2.62424"
"2112719612","2023657004","2.62424"
"2023657004","2170188121","6.35516"
"2170188121","2023657004","6.35516"
"1495898622","2133585748","0.5"
"2133585748","1495898622","0.5"
"2023657004","2133585748","0.5"
"2133585748","2023657004","0.5"
"1495898622","1908963334","0.75"
"1908963334","1495898622","0.75"
"1564059483","1908963334","7.625"
"1908963334","1564059483","7.625"
"1564059483","2073788020","42.7417"
"2073788020","1564059483","42.7417"
"1908963334","2023657004","5.125"
"2023657004","1908963334","5.125"
"1908963334","2073788020","10.125"
"2073788020","1908963334","10.125"
"2023657004","2073788020","16.8921"
"2073788020","2023657004","16.8921"
"1495898622","2075476359","0.5"
"2075476359","1495898622","0.5"
"1495898622","2123457650","0.5"
"2123457650","1495898622","0.5"
"2075476359","2123457650","2.5"
"2123457650","2075476359","2.5"
"1495898622","2048071586","0.25"
"2048071586","1495898622","0.25"
"1495898622","2613214602","0.25"
"2613214602","1495898622","0.25"
"2023657004","2048071586","0.25"
"2048071586","2023657004","0.25"
"2023657004","2117849706","0.840909"
"2117849706","2023657004","0.840909"
"2023657004","2613214602","0.25"
"2613214602","2023657004","0.25"
"2048071586","2117849706","0.25"
"2117849706","2048071586","0.25"
"2048071586","2613214602","3.83333"
"2613214602","2048071586","3.83333"
"1564059483","2201622286","1.5"
"2201622286","1564059483","1.5"
"2023657004","2201622286","2.15758"
"2201622286","2023657004","2.15758"
"1973097187","2023657004","0.340909"
"2023657004","1973097187","0.340909"
"1495898622","1569403765","0.5"
"1569403765","1495898622","0.5"
"1569403765","2023657004","0.5"
"2023657004","1569403765","0.5"
"1529264355","2023657004","0.0909091"
"2023657004","1529264355","0.0909091"
"2016892599","2023657004","28.6921"
"2023657004","2016892599","28.6921"
"2023657004","2060579849","1.15758"
"2060579849","2023657004","1.15758"
"2023657004","2147100344","0.0909091"
"2147100344","2023657004","0.0909091"
"1564059483","2112719612","0.2"
"2112719612","1564059483","0.2"
"1496255159","1974554406","2.66786"
"1974554406","1496255159","2.66786"
"1496255159","2013922699","1.08452"
"2013922699","1496255159","1.08452"
"1496255159","2028818097","1.91786"
"2028818097","1496255159","1.91786"
"1496255159","2101620066","0.559524"
"2101620066","1496255159","0.559524"
"1974554406","2013922699","7.66786"
"2013922699","1974554406","7.66786"
"1974554406","2028818097","39.1679"
"2028818097","1974554406","39.1679"
"1974554406","2101620066","19.0262"
"2101620066","1974554406","19.0262"
"2013922699","2028818097","7.83452"
"2028818097","2013922699","7.83452"
"2013922699","2101620066","1.69286"
"2101620066","2013922699","1.69286"
"2028818097","2101620066","24.5262"
"2101620066","2028818097","24.5262"
"1496255159","2053653724","9.25119"
"2053653724","1496255159","9.25119"
"1974554406","2053653724","13.3845"
"2053653724","1974554406","13.3845"
"2028818097","2053653724","14.3012"
"2053653724","2028818097","14.3012"
"1496255159","1584070893","0.884524"
"1584070893","1496255159","0.884524"
"1496255159","1996376794","0.125"
"1996376794","1496255159","0.125"
"1496255159","2001977275","1.26786"
"2001977275","1496255159","1.26786"
"1496255159","2090111889","0.125"
"2090111889","1496255159","0.125"
"1584070893","1974554406","5.43452"
"1974554406","1584070893","5.43452"
"1584070893","1996376794","0.791667"
"1996376794","1584070893","0.791667"
"1584070893","2001977275","0.434524"
"2001977275","1584070893","0.434524"
"1584070893","2013922699","2.85119"
"2013922699","1584070893","2.85119"
"1584070893","2028818097","6.68452"
"2028818097","1584070893","6.68452"
"1584070893","2053653724","2.48452"
"2053653724","1584070893","2.48452"
"1584070893","2090111889","0.391667"
"2090111889","1584070893","0.391667"
"1974554406","1996376794","2.875"
"1996376794","1974554406","2.875"
"1974554406","2001977275","2.68452"
"2001977275","1974554406","2.68452"
"1974554406","2090111889","0.725"
"2090111889","1974554406","0.725"
"1996376794","2001977275","0.125"
"2001977275","1996376794","0.125"
"1996376794","2013922699","1.04167"
"2013922699","1996376794","1.04167"
"1996376794","2028818097","2.375"
"2028818097","1996376794","2.375"
"1996376794","2053653724","2.45833"
"2053653724","1996376794","2.45833"
"1996376794","2090111889","0.125"
"2090111889","1996376794","0.125"
"2001977275","2013922699","1.10119"
"2013922699","2001977275","1.10119"
"2001977275","2028818097","2.18452"
"2028818097","2001977275","2.18452"
"2001977275","2053653724","0.934524"
"2053653724","2001977275","0.934524"
"2001977275","2090111889","0.291667"
"2090111889","2001977275","0.291667"
"2013922699","2053653724","2.38452"
"2053653724","2013922699","2.38452"
"2013922699","2090111889","0.391667"
"2090111889","2013922699","0.391667"
"2028818097","2090111889","0.725"
"2090111889","2028818097","0.725"
"2053653724","2090111889","0.725"
"2090111889","2053653724","0.725"
"1496255159","2025721839","1.2"
"2025721839","1496255159","1.2"
"2025721839","2053653724","5.55"
"2053653724","2025721839","5.55"
"1584070893","2101620066","1.74286"
"2101620066","1584070893","1.74286"
"2053653724","2101620066","6.77619"
"2101620066","2053653724","6.77619"
"1496255159","2039789840","0.5"
"2039789840","1496255159","0.5"
"1496255159","2065758089","0.5"
"2065758089","1496255159","0.5"
"2039789840","2065758089","0.833333"
"2065758089","2039789840","0.833333"
"2001977275","2101620066","0.392857"
"2101620066","2001977275","0.392857"
"1496255159","782622320","0.25"
"782622320","1496255159","0.25"
"1584070893","782622320","0.8"
"782622320","1584070893","0.8"
"1974554406","782622320","9.58333"
"782622320","1974554406","9.58333"
"2053653724","782622320","1.13333"
"782622320","2053653724","1.13333"
"1974554406","2025721839","8.13333"
"2025721839","1974554406","8.13333"
"2013922699","2025721839","3.05"
"2025721839","2013922699","3.05"
"2025721839","2028818097","11.6333"
"2028818097","2025721839","11.6333"
"1496255159","2612964472","2.33333"
"2612964472","1496255159","2.33333"
"2053653724","2612964472","9.83333"
"2612964472","2053653724","9.83333"
"1496255159","1558712742","1"
"1558712742","1496255159","1"
"1496255159","2123561513","0.333333"
"2123561513","1496255159","0.333333"
"2053653724","2123561513","2.66667"
"2123561513","2053653724","2.66667"
"2123561513","2612964472","0.333333"
"2612964472","2123561513","0.333333"
"1499512641","2126356880","0.5"
"2126356880","1499512641","0.5"
"1499512641","2295683682","0.5"
"2295683682","1499512641","0.5"
"2126356880","2295683682","0.833333"
"2295683682","2126356880","0.833333"
"1499512641","2005099092","0.333333"
"2005099092","1499512641","0.333333"
"1499512641","2048071586","0.333333"
"2048071586","1499512641","0.333333"
"1499512641","2131165411","0.333333"
"2131165411","1499512641","0.333333"
"2005099092","2048071586","20.5"
"2048071586","2005099092","20.5"
"2005099092","2131165411","2"
"2131165411","2005099092","2"
"2048071586","2131165411","1.33333"
"2131165411","2048071586","1.33333"
"1499512641","2136390693","2.25"
"2136390693","1499512641","2.25"
"1499512641","204654470","1"
"204654470","1499512641","1"
"1499512641","2126113943","2"
"2126113943","1499512641","2"
"1499512641","2055958975","1"
"2055958975","1499512641","1"
"1499512641","1569403765","1"
"1569403765","1499512641","1"
"1499512641","2037289266","0.25"
"2037289266","1499512641","0.25"
"1499512641","2052628356","0.25"
"2052628356","1499512641","0.25"
"1499512641","2170188121","0.25"
"2170188121","1499512641","0.25"
"2037289266","2052628356","0.25"
"2052628356","2037289266","0.25"
"2037289266","2136390693","0.25"
"2136390693","2037289266","0.25"
"2037289266","2170188121","0.25"
"2170188121","2037289266","0.25"
"2052628356","2136390693","0.25"
"2136390693","2052628356","0.25"
"2052628356","2170188121","0.361111"
"2170188121","2052628356","0.361111"
"2136390693","2170188121","0.25"
"2170188121","2136390693","0.25"
"1506194649","2017666672","4.5"
"2017666672","1506194649","4.5"
"1506194649","2613214602","0.5"
"2613214602","1506194649","0.5"
"2017666672","2613214602","1.20833"
"2613214602","2017666672","1.20833"
"1506194649","1565494300","0.166667"
"1565494300","1506194649","0.166667"
"1506194649","1638026557","0.166667"
"1638026557","1506194649","0.166667"
"1506194649","2051228475","0.166667"
"2051228475","1506194649","0.166667"
"1506194649","2075476359","0.166667"
"2075476359","1506194649","0.166667"
"1506194649","2117849706","0.166667"
"2117849706","1506194649","0.166667"
"1506194649","2147100344","0.166667"
"2147100344","1506194649","0.166667"
"1565494300","1638026557","2.66667"
"1638026557","1565494300","2.66667"
"1565494300","2051228475","0.166667"
"2051228475","1565494300","0.166667"
"1565494300","2075476359","0.166667"
"2075476359","1565494300","0.166667"
"1565494300","2147100344","0.166667"
"2147100344","1565494300","0.166667"
"2051228475","2075476359","0.5"
"2075476359","2051228475","0.5"
"2051228475","2147100344","8"
"2147100344","2051228475","8"
"1510102075","2038378248","1"
"2038378248","1510102075","1"
"1529264355","2051228475","0.5"
"2051228475","1529264355","0.5"
"1536700701","2007842132","45.5"
"2007842132","1536700701","45.5"
"1536700701","1566984846","3.30119"
"1566984846","1536700701","3.30119"
"1536700701","1987272746","0.791667"
"1987272746","1536700701","0.791667"
"1536700701","2029500199","0.625"
"2029500199","1536700701","0.625"
"1536700701","2059387258","0.125"
"2059387258","1536700701","0.125"
"1536700701","2090360459","0.125"
"2090360459","1536700701","0.125"
"1536700701","2130610812","0.291667"
"2130610812","1536700701","0.291667"
"1536700701","2169189540","8.80119"
"2169189540","1536700701","8.80119"
"1536700701","2170188121","0.967857"
"2170188121","1536700701","0.967857"
"1566984846","2029500199","31.76"
"2029500199","1566984846","31.76"
"1566984846","2059387258","10.7004"
"2059387258","1566984846","10.7004"
"1566984846","2090360459","0.375"
"2090360459","1566984846","0.375"
"1566984846","2130610812","15.0159"
"2130610812","1566984846","15.0159"
"1566984846","2169189540","6.08496"
"2169189540","1566984846","6.08496"
"1566984846","2170188121","20.2119"
"2170188121","1566984846","20.2119"
"1987272746","2029500199","11.91"
"2029500199","1987272746","11.91"
"1987272746","2059387258","2.0171"
"2059387258","1987272746","2.0171"
"1987272746","2090360459","0.375"
"2090360459","1987272746","0.375"
"1987272746","2130610812","5.04924"
"2130610812","1987272746","5.04924"
"1987272746","2169189540","2.05877"
"2169189540","1987272746","2.05877"
"1987272746","2170188121","12.6524"
"2170188121","1987272746","12.6524"
"2029500199","2059387258","18.5338"
"2059387258","2029500199","18.5338"
"2029500199","2090360459","3.125"
"2090360459","2029500199","3.125"
"2029500199","2130610812","15.6492"
"2130610812","2029500199","15.6492"
"2029500199","2169189540","8.57543"
"2169189540","2029500199","8.57543"
"2029500199","2170188121","17.3357"
"2170188121","2029500199","17.3357"
"2059387258","2090360459","0.125"
"2090360459","2059387258","0.125"
"2059387258","2130610812","10.1826"
"2130610812","2059387258","10.1826"
"2059387258","2169189540","1.31591"
"2169189540","2059387258","1.31591"
"2059387258","2170188121","1.99286"
"2170188121","2059387258","1.99286"
"2090360459","2130610812","0.375"
"2130610812","2090360459","0.375"
"2090360459","2169189540","0.441667"
"2169189540","2090360459","0.441667"
"2090360459","2170188121","0.125"
"2170188121","2090360459","0.125"
"2130610812","2169189540","2.73258"
"2169189540","2130610812","2.73258"
"2130610812","2170188121","4.89167"
"2170188121","2130610812","4.89167"
"2169189540","2170188121","8.11071"
"2170188121","2169189540","8.11071"
"1536700701","2105533042","0.842857"
"2105533042","1536700701","0.842857"
"1566984846","2007842132","3.54167"
"2007842132","1566984846","3.54167"
"1566984846","2105533042","10.1838"
"2105533042","1566984846","10.1838"
"1987272746","2007842132","2.70833"
"2007842132","1987272746","2.70833"
"1987272746","2105533042","10.0076"
"2105533042","1987272746","10.0076"
"2007842132","2105533042","0.166667"
"2105533042","2007842132","0.166667"
"2007842132","2130610812","0.166667"
"2130610812","2007842132","0.166667"
"2007842132","2170188121","1.08333"
"2170188121","2007842132","1.08333"
"2105533042","2130610812","3.64091"
"2130610812","2105533042","3.64091"
"2105533042","2170188121","10.5429"
"2170188121","2105533042","10.5429"
"2007842132","2169189540","18.9"
"2169189540","2007842132","18.9"
"1536700701","2038378248","0.67619"
"2038378248","1536700701","0.67619"
"1566984846","2038378248","36.169"
"2038378248","1566984846","36.169"
"2038378248","2105533042","6.80952"
"2105533042","2038378248","6.80952"
"2038378248","2169189540","5.41905"
"2169189540","2038378248","5.41905"
"2038378248","2170188121","5.96071"
"2170188121","2038378248","5.96071"
"2105533042","2169189540","1.88377"
"2169189540","2105533042","1.88377"
"1536700701","2016892599","1.5"
"2016892599","1536700701","1.5"
"2007842132","2038378248","1.70833"
"2038378248","2007842132","1.70833"
"1536700701","2003262311","0.5"
"2003262311","1536700701","0.5"
"1536700701","2141359307","1.66667"
"2141359307","1536700701","1.66667"
"2007842132","2141359307","16.4167"
"2141359307","2007842132","16.4167"
"2141359307","2169189540","1.16667"
"2169189540","2141359307","1.16667"
"1536700701","1845137714","0.642857"
"1845137714","1536700701","0.642857"
"1536700701","2027807428","0.142857"
"2027807428","1536700701","0.142857"
"1566984846","1845137714","10.9512"
"1845137714","1566984846","10.9512"
"1566984846","2027807428","0.142857"
"2027807428","1566984846","0.142857"
"1845137714","2027807428","0.142857"
"2027807428","1845137714","0.142857"
"1845137714","2038378248","2.74286"
"2038378248","1845137714","2.74286"
"1845137714","2105533042","0.392857"
"2105533042","1845137714","0.392857"
"1845137714","2169189540","3.60952"
"2169189540","1845137714","3.60952"
"1845137714","2170188121","5.81786"
"2170188121","1845137714","5.81786"
"2027807428","2038378248","0.142857"
"2038378248","2027807428","0.142857"
"2027807428","2105533042","0.142857"
"2105533042","2027807428","0.142857"
"2027807428","2169189540","0.142857"
"2169189540","2027807428","0.142857"
"2027807428","2170188121","0.142857"
"2170188121","2027807428","0.142857"
"1536700701","2073788020","0.5"
"2073788020","1536700701","0.5"
"1537198575","2127484584","7.33333"
"2127484584","1537198575","7.33333"
"1537198575","2154703933","2"
"2154703933","1537198575","2"
"1537198575","2005099092","6.5"
"2005099092","1537198575","6.5"
"2005099092","2127484584","4.45833"
"2127484584","2005099092","4.45833"
"1537198575","2126356880","8.5"
"2126356880","1537198575","8.5"
"1537198575","2030689196","1.33333"
"2030689196","1537198575","1.33333"
"1537198575","2048071586","3"
"2048071586","1537198575","3"
"2048071586","2126356880","20"
"2126356880","2048071586","20"
"1537198575","176809997","0.5"
"176809997","1537198575","0.5"
"176809997","2005099092","1"
"2005099092","176809997","1"
"1537198575","204654470","0.333333"
"204654470","1537198575","0.333333"
"2030689196","204654470","3.41667"
"204654470","2030689196","3.41667"
"2030689196","2127484584","1.875"
"2127484584","2030689196","1.875"
"204654470","2127484584","0.916667"
"2127484584","204654470","0.916667"
"1537198575","1987272746","1"
"1987272746","1537198575","1"
"1537198575","2613214602","0.5"
"2613214602","1537198575","0.5"
"1545288376","1603638441","3.33333"
"1603638441","1545288376","3.33333"
"1545288376","2059387258","3.33333"
"2059387258","1545288376","3.33333"
"1545288376","2122416857","3.5"
"2122416857","1545288376","3.5"
"1603638441","2059387258","3.42424"
"2059387258","1603638441","3.42424"
"1603638441","2122416857","3.09091"
"2122416857","1603638441","3.09091"
"2059387258","2122416857","10.9409"
"2122416857","2059387258","10.9409"
"1545288376","2029500199","0.333333"
"2029500199","1545288376","0.333333"
"1603638441","2029500199","0.424242"
"2029500199","1603638441","0.424242"
"1545288376","2156543375","1"
"2156543375","1545288376","1"
"1545288376","2170188121","2"
"2170188121","1545288376","2"
"1545288376","1671881141","1"
"1671881141","1545288376","1"
"1545288376","2117849706","0.5"
"2117849706","1545288376","0.5"
"2117849706","2122416857","0.5"
"2122416857","2117849706","0.5"
"1545288376","2150721933","1"
"2150721933","1545288376","1"
"1552866552","2030689196","0.5"
"2030689196","1552866552","0.5"
"1552866552","2126356880","0.5"
"2126356880","1552866552","0.5"
"2030689196","2126356880","7.08333"
"2126356880","2030689196","7.08333"
"1552866552","1638026557","1"
"1638026557","1552866552","1"
"1552866552","204654470","1"
"204654470","1552866552","1"
"1552866552","2117849706","1"
"2117849706","1552866552","1"
"1552866552","1569403765","1"
"1569403765","1552866552","1"
"1556605707","1987272746","0.5"
"1987272746","1556605707","0.5"
"1556605707","2130610812","0.5"
"2130610812","1556605707","0.5"
"1556731622","2005099092","0.833333"
"2005099092","1556731622","0.833333"
"1556731622","2048071586","0.333333"
"2048071586","1556731622","0.333333"
"1556731622","2126356880","0.333333"
"2126356880","1556731622","0.333333"
"2005099092","2126356880","12.1667"
"2126356880","2005099092","12.1667"
"1556731622","1572120187","2.53333"
"1572120187","1556731622","2.53333"
"1556731622","2024797550","1.45"
"2024797550","1556731622","1.45"
"1556731622","2143275903","3.53333"
"2143275903","1556731622","3.53333"
"1590355100","2143275903","1.53333"
"2143275903","1590355100","1.53333"
"1556731622","2158447492","3.03333"
"2158447492","1556731622","3.03333"
"1556731622","1648759563","1.08333"
"1648759563","1556731622","1.08333"
"1556731622","2112719612","1"
"2112719612","1556731622","1"
"1556731622","1565494300","0.5"
"1565494300","1556731622","0.5"
"1565494300","2158447492","0.5"
"2158447492","1565494300","0.5"
"1556731622","2053508739","0.75"
"2053508739","1556731622","0.75"
"2053508739","2158447492","4.04286"
"2158447492","2053508739","4.04286"
"1556731622","1987272746","0.333333"
"1987272746","1556731622","0.333333"
"1556731622","2130610812","0.166667"
"2130610812","1556731622","0.166667"
"1987272746","2152389926","1"
"2152389926","1987272746","1"
"1987272746","2158447492","3.91667"
"2158447492","1987272746","3.91667"
"2130610812","2131165411","0.166667"
"2131165411","2130610812","0.166667"
"2130610812","2148003754","0.166667"
"2148003754","2130610812","0.166667"
"2130610812","2152389926","0.166667"
"2152389926","2130610812","0.166667"
"2130610812","2158447492","0.166667"
"2158447492","2130610812","0.166667"
"1556731622","1623511323","0.25"
"1623511323","1556731622","0.25"
"1623511323","2024797550","2.58333"
"2024797550","1623511323","2.58333"
"2021914941","2053508739","0.316667"
"2053508739","2021914941","0.316667"
"2053508739","2131165411","2.95952"
"2131165411","2053508739","2.95952"
"2053508739","2152389926","1.58333"
"2152389926","2053508739","1.58333"
"1556731622","2126113943","0.5"
"2126113943","1556731622","0.5"
"2126113943","2613214602","1.625"
"2613214602","2126113943","1.625"
"1556731622","1578269782","1"
"1578269782","1556731622","1"
"1556731622","1566984846","0.166667"
"1566984846","1556731622","0.166667"
"1556731622","2007842132","0.166667"
"2007842132","1556731622","0.166667"
"1556731622","2016892599","0.166667"
"2016892599","1556731622","0.166667"
"1556731622","2023657004","0.166667"
"2023657004","1556731622","0.166667"
"1566984846","1590355100","0.166667"
"1590355100","1566984846","0.166667"
"1566984846","2016892599","2.18452"
"2016892599","1566984846","2.18452"
"1566984846","2023657004","1.56905"
"2023657004","1566984846","1.56905"
"1590355100","1987272746","0.166667"
"1987272746","1590355100","0.166667"
"1590355100","2007842132","0.166667"
"2007842132","1590355100","0.166667"
"1590355100","2016892599","0.166667"
"2016892599","1590355100","0.166667"
"1590355100","2023657004","0.166667"
"2023657004","1590355100","0.166667"
"1987272746","2016892599","1.85119"
"2016892599","1987272746","1.85119"
"1987272746","2023657004","2.86905"
"2023657004","1987272746","2.86905"
"2007842132","2016892599","1.08333"
"2016892599","2007842132","1.08333"
"2007842132","2023657004","2.025"
"2023657004","2007842132","2.025"
"1558712742","2038378248","2"
"2038378248","1558712742","2"
"1559648822","1638026557","5"
"1638026557","1559648822","5"
