"137525769","1545155892","14.0833"
"1545155892","137525769","14.0833"
"137525769","1963979953","4.08333"
"1963979953","137525769","4.08333"
"137525769","2094711531","5.33333"
"2094711531","137525769","5.33333"
"137525769","2435606122","6.5"
"2435606122","137525769","6.5"
"1545155892","1963979953","43.0909"
"1963979953","1545155892","43.0909"
"1545155892","2094711531","11.9167"
"2094711531","1545155892","11.9167"
"1545155892","2435606122","85.6504"
"2435606122","1545155892","85.6504"
"1963979953","2094711531","18.4444"
"2094711531","1963979953","18.4444"
"1963979953","2435606122","13.2854"
"2435606122","1963979953","13.2854"
"2094711531","2435606122","4.19444"
"2435606122","2094711531","4.19444"
"137525769","1908837559","2"
"1908837559","137525769","2"
"137525769","2150581873","2"
"2150581873","137525769","2"
"1908837559","2150581873","2"
"2150581873","1908837559","2"
"137525769","2405208318","7.41667"
"2405208318","137525769","7.41667"
"137525769","2399922670","0.916667"
"2399922670","137525769","0.916667"
"1963979953","2399922670","0.333333"
"2399922670","1963979953","0.333333"
"1963979953","2405208318","0.583333"
"2405208318","1963979953","0.583333"
"2399922670","2405208318","0.916667"
"2405208318","2399922670","0.916667"
"1545155892","2405208318","4.75"
"2405208318","1545155892","4.75"
"137525769","1975814632","6.66667"
"1975814632","137525769","6.66667"
"1975814632","2399922670","0.583333"
"2399922670","1975814632","0.583333"
"1975814632","2405208318","2.83333"
"2405208318","1975814632","2.83333"
"137525769","2152812436","3.33333"
"2152812436","137525769","3.33333"
"137525769","191720996","0.25"
"191720996","137525769","0.25"
"137525769","2154474349","3.58333"
"2154474349","137525769","3.58333"
"1545155892","191720996","1.25"
"191720996","1545155892","1.25"
"1545155892","2154474349","5.08333"
"2154474349","1545155892","5.08333"
"191720996","2154474349","0.25"
"2154474349","191720996","0.25"
"191720996","2405208318","0.25"
"2405208318","191720996","0.25"
"2154474349","2405208318","2.25"
"2405208318","2154474349","2.25"
"137525769","2492759478","0.333333"
"2492759478","137525769","0.333333"
"2094711531","2154474349","2.33333"
"2154474349","2094711531","2.33333"
"2094711531","2492759478","0.333333"
"2492759478","2094711531","0.333333"
"2154474349","2492759478","0.333333"
"2492759478","2154474349","0.333333"
"1545155892","1975814632","4.83333"
"1975814632","1545155892","4.83333"
"1963979953","1975814632","0.25"
"1975814632","1963979953","0.25"
"1545155892","2399922670","0.25"
"2399922670","1545155892","0.25"
"137525769","1583120124","1"
"1583120124","137525769","1"
"137525769","1998688529","0.5"
"1998688529","137525769","0.5"
"1545155892","1998688529","5.66667"
"1998688529","1545155892","5.66667"
"1545155892","2152812436","37.9242"
"2152812436","1545155892","37.9242"
"1975814632","2152812436","1.33333"
"2152812436","1975814632","1.33333"
"1490551574","1718432802","2.27778"
"1718432802","1490551574","2.27778"
"1490551574","2024796520","2.17778"
"2024796520","1490551574","2.17778"
"1490551574","2078612625","0.95"
"2078612625","1490551574","0.95"
"1490551574","2131165032","1.79444"
"2131165032","1490551574","1.79444"
"1718432802","2024796520","6.77897"
"2024796520","1718432802","6.77897"
"1718432802","2078612625","0.75"
"2078612625","1718432802","0.75"
"1718432802","2131165032","4.1504"
"2131165032","1718432802","4.1504"
"2024796520","2078612625","2.45"
"2078612625","2024796520","2.45"
"2024796520","2131165032","7.97897"
"2131165032","2024796520","7.97897"
"2078612625","2131165032","2.45"
"2131165032","2078612625","2.45"
"1490551574","2067308467","0.35"
"2067308467","1490551574","0.35"
"1490551574","2108220079","0.361111"
"2108220079","1490551574","0.361111"
"1718432802","2067308467","3.88263"
"2067308467","1718432802","3.88263"
"1718432802","2108220079","4.33065"
"2108220079","1718432802","4.33065"
"2024796520","2067308467","6.81349"
"2067308467","2024796520","6.81349"
"2024796520","2108220079","1.17063"
"2108220079","2024796520","1.17063"
"2067308467","2108220079","1.27073"
"2108220079","2067308467","1.27073"
"1490551574","2101988878","0.866667"
"2101988878","1490551574","0.866667"
"1490551574","2125822162","2.41111"
"2125822162","1490551574","2.41111"
"1718432802","2101988878","6.05644"
"2101988878","1718432802","6.05644"
"1718432802","2125822162","9.65089"
"2125822162","1718432802","9.65089"
"2024796520","2101988878","0.842857"
"2101988878","2024796520","0.842857"
"2024796520","2125822162","29.5405"
"2125822162","2024796520","29.5405"
"2101988878","2125822162","4.30644"
"2125822162","2101988878","4.30644"
"2101988878","2131165032","1.35476"
"2131165032","2101988878","1.35476"
"2125822162","2131165032","3.3004"
"2131165032","2125822162","3.3004"
"1490551574","1505831819","0.411111"
"1505831819","1490551574","0.411111"
"1490551574","2048845959","0.2"
"2048845959","1490551574","0.2"
"1505831819","2024796520","1.07183"
"2024796520","1505831819","1.07183"
"1505831819","2048845959","0.2"
"2048845959","1505831819","0.2"
"1505831819","2125822162","2.91825"
"2125822162","1505831819","2.91825"
"1505831819","2131165032","1.23373"
"2131165032","1505831819","1.23373"
"2024796520","2048845959","0.290909"
"2048845959","2024796520","0.290909"
"2048845959","2125822162","2.18307"
"2125822162","2048845959","2.18307"
"2048845959","2131165032","0.2"
"2131165032","2048845959","0.2"
"1490551574","1494640588","0.1"
"1494640588","1490551574","0.1"
"1490551574","1792955578","0.1"
"1792955578","1490551574","0.1"
"1490551574","2008896880","0.577778"
"2008896880","1490551574","0.577778"
"1490551574","2037289266","0.1"
"2037289266","1490551574","0.1"
"1490551574","2155419928","0.211111"
"2155419928","1490551574","0.211111"
"1490551574","2155758146","0.1"
"2155758146","1490551574","0.1"
"1494640588","1505831819","2.28452"
"1505831819","1494640588","2.28452"
"1494640588","1718432802","1.28382"
"1718432802","1494640588","1.28382"
"1494640588","1792955578","0.158824"
"1792955578","1494640588","0.158824"
"1494640588","2008896880","42.866"
"2008896880","1494640588","42.866"
"1494640588","2024796520","3.85043"
"2024796520","1494640588","3.85043"
"1494640588","2037289266","0.1"
"2037289266","1494640588","0.1"
"1494640588","2067308467","22.9501"
"2067308467","1494640588","22.9501"
"1494640588","2155419928","0.52549"
"2155419928","1494640588","0.52549"
"1494640588","2155758146","4.31203"
"2155758146","1494640588","4.31203"
"1505831819","1718432802","2.34206"
"1718432802","1505831819","2.34206"
"1505831819","1792955578","0.171429"
"1792955578","1505831819","0.171429"
"1505831819","2008896880","1.84206"
"2008896880","1505831819","1.84206"
"1505831819","2037289266","0.171429"
"2037289266","1505831819","0.171429"
"1505831819","2067308467","1.79048"
"2067308467","1505831819","1.79048"
"1505831819","2155419928","0.40754"
"2155419928","1505831819","0.40754"
"1505831819","2155758146","0.629762"
"2155758146","1505831819","0.629762"
"1718432802","1792955578","0.230252"
"1792955578","1718432802","0.230252"
"1718432802","2008896880","2.88422"
"2008896880","1718432802","2.88422"
"1718432802","2037289266","0.171429"
"2037289266","1718432802","0.171429"
"1718432802","2155419928","1.16636"
"2155419928","1718432802","1.16636"
"1718432802","2155758146","3.14811"
"2155758146","1718432802","3.14811"
"1792955578","2008896880","0.730252"
"2008896880","1792955578","0.730252"
"1792955578","2024796520","0.1"
"2024796520","1792955578","0.1"
"1792955578","2037289266","0.171429"
"2037289266","1792955578","0.171429"
"1792955578","2067308467","0.230252"
"2067308467","1792955578","0.230252"
"1792955578","2155419928","0.230252"
"2155419928","1792955578","0.230252"
"1792955578","2155758146","0.230252"
"2155758146","1792955578","0.230252"
"2008896880","2024796520","46.3865"
"2024796520","2008896880","46.3865"
"2008896880","2037289266","4.40476"
"2037289266","2008896880","4.40476"
"2008896880","2067308467","50.2906"
"2067308467","2008896880","50.2906"
"2008896880","2155419928","9.0997"
"2155419928","2008896880","9.0997"
"2008896880","2155758146","12.9525"
"2155758146","2008896880","12.9525"
"2024796520","2037289266","0.3"
"2037289266","2024796520","0.3"
"2024796520","2155419928","10.7472"
"2155419928","2024796520","10.7472"
"2024796520","2155758146","14.2909"
"2155758146","2024796520","14.2909"
"2037289266","2067308467","0.171429"
"2067308467","2037289266","0.171429"
"2037289266","2155419928","0.371429"
"2155419928","2037289266","0.371429"
"2037289266","2155758146","0.171429"
"2155758146","2037289266","0.171429"
"2067308467","2155419928","3.9747"
"2155419928","2067308467","3.9747"
"2067308467","2155758146","10.9699"
"2155758146","2067308467","10.9699"
"2155419928","2155758146","3.53025"
"2155758146","2155419928","3.53025"
"1490551574","1800215808","0.2"
"1800215808","1490551574","0.2"
"1718432802","1800215808","0.985014"
"1800215808","1718432802","0.985014"
"1800215808","2008896880","16.695"
"2008896880","1800215808","16.695"
"1800215808","2024796520","2.99329"
"2024796520","1800215808","2.99329"
"1800215808","2125822162","7.86164"
"2125822162","1800215808","7.86164"
"2008896880","2125822162","64.7624"
"2125822162","2008896880","64.7624"
"1490551574","1563798137","0.111111"
"1563798137","1490551574","0.111111"
"1505831819","1563798137","0.569444"
"1563798137","1505831819","0.569444"
"1505831819","2108220079","2.04563"
"2108220079","1505831819","2.04563"
"1563798137","1718432802","0.628268"
"1718432802","1563798137","0.628268"
"1563798137","2008896880","1.97827"
"2008896880","1563798137","1.97827"
"1563798137","2024796520","0.461111"
"2024796520","1563798137","0.461111"
"1563798137","2108220079","0.378268"
"2108220079","1563798137","0.378268"
"1563798137","2125822162","2.62827"
"2125822162","1563798137","2.62827"
"1563798137","2131165032","0.194444"
"2131165032","1563798137","0.194444"
"1563798137","2155419928","0.269935"
"2155419928","1563798137","0.269935"
"2008896880","2108220079","1.36398"
"2108220079","2008896880","1.36398"
"2008896880","2131165032","5.09325"
"2131165032","2008896880","5.09325"
"2108220079","2125822162","9.47112"
"2125822162","2108220079","9.47112"
"2108220079","2131165032","0.837302"
"2131165032","2108220079","0.837302"
"2108220079","2155419928","0.336601"
"2155419928","2108220079","0.336601"
"2125822162","2155419928","9.47747"
"2155419928","2125822162","9.47747"
"2131165032","2155419928","0.80754"
"2155419928","2131165032","0.80754"
"1490551574","2077449561","0.366667"
"2077449561","1490551574","0.366667"
"2024796520","2077449561","5.60758"
"2077449561","2024796520","5.60758"
"2077449561","2078612625","2.2"
"2078612625","2077449561","2.2"
"2077449561","2125822162","0.849733"
"2125822162","2077449561","0.849733"
"2077449561","2131165032","0.2"
"2131165032","2077449561","0.2"
"2078612625","2125822162","0.2"
"2125822162","2078612625","0.2"
"1490551574","2040293060","0.166667"
"2040293060","1490551574","0.166667"
"1490551574","2069752306","0.166667"
"2069752306","1490551574","0.166667"
"2008896880","2040293060","4.5"
"2040293060","2008896880","4.5"
"2008896880","2069752306","3.10049"
"2069752306","2008896880","3.10049"
"2008896880","2077449561","2.2164"
"2077449561","2008896880","2.2164"
"2024796520","2040293060","2.5"
"2040293060","2024796520","2.5"
"2024796520","2069752306","8.66667"
"2069752306","2024796520","8.66667"
"2040293060","2069752306","0.916667"
"2069752306","2040293060","0.916667"
"2040293060","2077449561","3.66667"
"2077449561","2040293060","3.66667"
"2040293060","2125822162","1.08333"
"2125822162","2040293060","1.08333"
"2069752306","2077449561","1.22549"
"2077449561","2069752306","1.22549"
"2069752306","2125822162","3.93382"
"2125822162","2069752306","3.93382"
"1492100919","2008896880","1"
"2008896880","1492100919","1"
"1494640588","2125822162","27.4549"
"2125822162","1494640588","27.4549"
"1494640588","2069752306","0.767157"
"2069752306","1494640588","0.767157"
"1494640588","2139135093","19.4727"
"2139135093","1494640588","19.4727"
"2069752306","2139135093","0.583333"
"2139135093","2069752306","0.583333"
"1494640588","1575097497","3.76438"
"1575097497","1494640588","3.76438"
"1575097497","2008896880","45.5525"
"2008896880","1575097497","45.5525"
"1575097497","2067308467","3.38581"
"2067308467","1575097497","3.38581"
"1494640588","2167394053","7.00202"
"2167394053","1494640588","7.00202"
"2008896880","2167394053","6.83178"
"2167394053","2008896880","6.83178"
"2008896880","2139135093","532.913"
"2139135093","2008896880","532.913"
"2067308467","2125822162","44.3144"
"2125822162","2067308467","44.3144"
"2067308467","2139135093","48.0667"
"2139135093","2067308467","48.0667"
"2125822162","2139135093","24.1108"
"2139135093","2125822162","24.1108"
"1494640588","2108220079","0.467157"
"2108220079","1494640588","0.467157"
"2108220079","2139135093","1.73571"
"2139135093","2108220079","1.73571"
"1494640588","2101988878","0.892157"
"2101988878","1494640588","0.892157"
"1505831819","2101988878","1.38095"
"2101988878","1505831819","1.38095"
"2008896880","2101988878","3.21359"
"2101988878","2008896880","3.21359"
"2067308467","2101988878","0.606443"
"2101988878","2067308467","0.606443"
"2125822162","2155758146","15.7001"
"2155758146","2125822162","15.7001"
"1575097497","2125822162","3.85803"
"2125822162","1575097497","3.85803"
"1575097497","2139135093","10.9437"
"2139135093","1575097497","10.9437"
"1494640588","2108267498","5.15397"
"2108267498","1494640588","5.15397"
"2008896880","2108267498","106.556"
"2108267498","2008896880","106.556"
"2067308467","2108267498","7.05079"
"2108267498","2067308467","7.05079"
"2108267498","2125822162","6.44841"
"2125822162","2108267498","6.44841"
"2108267498","2139135093","68.3841"
"2139135093","2108267498","68.3841"
"1494640588","2027750453","1"
"2027750453","1494640588","1"
"1575097497","2027750453","1.5"
"2027750453","1575097497","1.5"
"2067308467","2167394053","2.48254"
"2167394053","2067308467","2.48254"
"2125822162","2167394053","1.36512"
"2167394053","2125822162","1.36512"
"2139135093","2155758146","4.05202"
"2155758146","2139135093","4.05202"
"2139135093","2167394053","2.62345"
"2167394053","2139135093","2.62345"
"2155758146","2167394053","1.24012"
"2167394053","2155758146","1.24012"
"1494640588","1800215808","1.93545"
"1800215808","1494640588","1.93545"
"2024796520","2167394053","3.18258"
"2167394053","2024796520","3.18258"
"1494640588","1563798137","1.03382"
"1563798137","1494640588","1.03382"
"1494640588","2048845959","0.960844"
"2048845959","1494640588","0.960844"
"1494640588","2077449561","0.149733"
"2077449561","1494640588","0.149733"
"1494640588","2128756076","0.0588235"
"2128756076","1494640588","0.0588235"
"1494640588","2169807577","0.849733"
"2169807577","1494640588","0.849733"
"1563798137","1575097497","0.0588235"
"1575097497","1563798137","0.0588235"
"1563798137","1792955578","0.0588235"
"1792955578","1563798137","0.0588235"
"1563798137","1800215808","2.22549"
"1800215808","1563798137","2.22549"
"1563798137","2048845959","1.22549"
"2048845959","1563798137","1.22549"
"1563798137","2067308467","0.892157"
"2067308467","1563798137","0.892157"
"1563798137","2069752306","0.267157"
"2069752306","1563798137","0.267157"
"1563798137","2077449561","0.0588235"
"2077449561","1563798137","0.0588235"
"1563798137","2101988878","0.0588235"
"2101988878","1563798137","0.0588235"
"1563798137","2128756076","0.0588235"
"2128756076","1563798137","0.0588235"
"1563798137","2155758146","0.367157"
"2155758146","1563798137","0.367157"
"1563798137","2169807577","0.158824"
"2169807577","1563798137","0.158824"
"1575097497","1718432802","0.130252"
"1718432802","1575097497","0.130252"
"1575097497","1792955578","0.130252"
"1792955578","1575097497","0.130252"
"1575097497","1800215808","0.0588235"
"1800215808","1575097497","0.0588235"
"1575097497","2048845959","0.369935"
"2048845959","1575097497","0.369935"
"1575097497","2069752306","0.0588235"
"2069752306","1575097497","0.0588235"
"1575097497","2077449561","0.0588235"
"2077449561","1575097497","0.0588235"
"1575097497","2101988878","0.130252"
"2101988878","1575097497","0.130252"
"1575097497","2108220079","0.0588235"
"2108220079","1575097497","0.0588235"
"1575097497","2128756076","0.0588235"
"2128756076","1575097497","0.0588235"
"1575097497","2155419928","0.130252"
"2155419928","1575097497","0.130252"
"1575097497","2155758146","2.40803"
"2155758146","1575097497","2.40803"
"1575097497","2169807577","0.642157"
"2169807577","1575097497","0.642157"
"1718432802","2048845959","0.0588235"
"2048845959","1718432802","0.0588235"
"1718432802","2069752306","0.267157"
"2069752306","1718432802","0.267157"
"1718432802","2077449561","0.0588235"
"2077449561","1718432802","0.0588235"
"1718432802","2128756076","0.0588235"
"2128756076","1718432802","0.0588235"
"1718432802","2169807577","0.0588235"
"2169807577","1718432802","0.0588235"
"1792955578","1800215808","0.0588235"
"1800215808","1792955578","0.0588235"
"1792955578","2048845959","0.0588235"
"2048845959","1792955578","0.0588235"
"1792955578","2069752306","0.0588235"
"2069752306","1792955578","0.0588235"
"1792955578","2077449561","0.0588235"
"2077449561","1792955578","0.0588235"
"1792955578","2101988878","0.130252"
"2101988878","1792955578","0.130252"
"1792955578","2108220079","0.0588235"
"2108220079","1792955578","0.0588235"
"1792955578","2125822162","0.130252"
"2125822162","1792955578","0.130252"
"1792955578","2128756076","0.0588235"
"2128756076","1792955578","0.0588235"
"1792955578","2169807577","0.0588235"
"2169807577","1792955578","0.0588235"
"1800215808","2048845959","1.8164"
"2048845959","1800215808","1.8164"
"1800215808","2067308467","7.46359"
"2067308467","1800215808","7.46359"
"1800215808","2069752306","0.0588235"
"2069752306","1800215808","0.0588235"
"1800215808","2077449561","0.149733"
"2077449561","1800215808","0.149733"
"1800215808","2101988878","0.201681"
"2101988878","1800215808","0.201681"
"1800215808","2108220079","0.344538"
"2108220079","1800215808","0.344538"
"1800215808","2128756076","0.0588235"
"2128756076","1800215808","0.0588235"
"1800215808","2155419928","1.22549"
"2155419928","1800215808","1.22549"
"1800215808","2155758146","0.435447"
"2155758146","1800215808","0.435447"
"1800215808","2169807577","0.29259"
"2169807577","1800215808","0.29259"
"2008896880","2048845959","3.59418"
"2048845959","2008896880","3.59418"
"2008896880","2128756076","2.64216"
"2128756076","2008896880","2.64216"
"2008896880","2169807577","26.8593"
"2169807577","2008896880","26.8593"
"2048845959","2067308467","0.669935"
"2067308467","2048845959","0.669935"
"2048845959","2069752306","0.0588235"
"2069752306","2048845959","0.0588235"
"2048845959","2077449561","0.149733"
"2077449561","2048845959","0.149733"
"2048845959","2101988878","0.0588235"
"2101988878","2048845959","0.0588235"
"2048845959","2108220079","0.558824"
"2108220079","2048845959","0.558824"
"2048845959","2128756076","0.0588235"
"2128756076","2048845959","0.0588235"
"2048845959","2155419928","0.0588235"
"2155419928","2048845959","0.0588235"
"2048845959","2155758146","0.149733"
"2155758146","2048845959","0.149733"
"2048845959","2169807577","0.149733"
"2169807577","2048845959","0.149733"
"2067308467","2069752306","0.0588235"
"2069752306","2067308467","0.0588235"
"2067308467","2077449561","0.258824"
"2077449561","2067308467","0.258824"
"2067308467","2128756076","1.30882"
"2128756076","2067308467","1.30882"
"2067308467","2169807577","2.27946"
"2169807577","2067308467","2.27946"
"2069752306","2101988878","0.0588235"
"2101988878","2069752306","0.0588235"
"2069752306","2108220079","0.267157"
"2108220079","2069752306","0.267157"
"2069752306","2128756076","0.0588235"
"2128756076","2069752306","0.0588235"
"2069752306","2155419928","0.0588235"
"2155419928","2069752306","0.0588235"
"2069752306","2155758146","0.60049"
"2155758146","2069752306","0.60049"
"2069752306","2169807577","0.0588235"
"2169807577","2069752306","0.0588235"
"2077449561","2101988878","0.558824"
"2101988878","2077449561","0.558824"
"2077449561","2108220079","0.22549"
"2108220079","2077449561","0.22549"
"2077449561","2128756076","0.0588235"
"2128756076","2077449561","0.0588235"
"2077449561","2155419928","2.30882"
"2155419928","2077449561","2.30882"
"2077449561","2155758146","0.349733"
"2155758146","2077449561","0.349733"
"2077449561","2169807577","2.3164"
"2169807577","2077449561","2.3164"
"2101988878","2108220079","3.11835"
"2108220079","2101988878","3.11835"
"2101988878","2128756076","0.0588235"
"2128756076","2101988878","0.0588235"
"2101988878","2155419928","0.880252"
"2155419928","2101988878","0.880252"
"2101988878","2155758146","3.88025"
"2155758146","2101988878","3.88025"
"2101988878","2169807577","0.308824"
"2169807577","2101988878","0.308824"
"2108220079","2128756076","0.0588235"
"2128756076","2108220079","0.0588235"
"2108220079","2155758146","2.21954"
"2155758146","2108220079","2.21954"
"2108220079","2169807577","0.368347"
"2169807577","2108220079","0.368347"
"2125822162","2128756076","0.0588235"
"2128756076","2125822162","0.0588235"
"2125822162","2169807577","2.02751"
"2169807577","2125822162","2.02751"
"2128756076","2155419928","0.0588235"
"2155419928","2128756076","0.0588235"
"2128756076","2155758146","0.0588235"
"2155758146","2128756076","0.0588235"
"2128756076","2169807577","0.0588235"
"2169807577","2128756076","0.0588235"
"2155419928","2169807577","1.61993"
"2169807577","2155419928","1.61993"
"2155758146","2169807577","0.49259"
"2169807577","2155758146","0.49259"
"1494640588","2066232799","0.640909"
"2066232799","1494640588","0.640909"
"2024796520","2066232799","0.390909"
"2066232799","2024796520","0.390909"
"2066232799","2067308467","1.8"
"2067308467","2066232799","1.8"
"2066232799","2125822162","0.640909"
"2125822162","2066232799","0.640909"
"2066232799","2155758146","0.640909"
"2155758146","2066232799","0.640909"
"1494640588","1586443163","0.333333"
"1586443163","1494640588","0.333333"
"1586443163","2024796520","0.833333"
"2024796520","1586443163","0.833333"
"1586443163","2167394053","0.333333"
"2167394053","1586443163","0.333333"
"2024796520","2108267498","5.26111"
"2108267498","2024796520","5.26111"
"2024796520","2169807577","5.81869"
"2169807577","2024796520","5.81869"
"2108267498","2169807577","5.05397"
"2169807577","2108267498","5.05397"
"1494640588","1974589023","0.166667"
"1974589023","1494640588","0.166667"
"1563798137","1974589023","0.166667"
"1974589023","1563798137","0.166667"
"1974589023","2008896880","0.166667"
"2008896880","1974589023","0.166667"
"1974589023","2048845959","0.166667"
"2048845959","1974589023","0.166667"
"1974589023","2067308467","0.166667"
"2067308467","1974589023","0.166667"
"1974589023","2125822162","0.166667"
"2125822162","1974589023","0.166667"
"1494640588","2090958287","0.416667"
"2090958287","1494640588","0.416667"
"2090958287","2125822162","5.85278"
"2125822162","2090958287","5.85278"
"2090958287","2155758146","1.28333"
"2155758146","2090958287","1.28333"
"1494640588","2168080006","0.5"
"2168080006","1494640588","0.5"
"2024796520","2168080006","1"
"2168080006","2024796520","1"
"1800215808","2108267498","1.53571"
"2108267498","1800215808","1.53571"
"1800215808","2139135093","10.46"
"2139135093","1800215808","10.46"
"2108267498","2155758146","1.62302"
"2155758146","2108267498","1.62302"
"1494640588","1573904235","0.111111"
"1573904235","1494640588","0.111111"
"1494640588","1993518363","0.111111"
"1993518363","1494640588","0.111111"
"1494640588","2064517210","0.311111"
"2064517210","1494640588","0.311111"
"1494640588","2073669509","0.111111"
"2073669509","1494640588","0.111111"
"1573904235","1575097497","0.111111"
"1575097497","1573904235","0.111111"
"1573904235","1993518363","0.111111"
"1993518363","1573904235","0.111111"
"1573904235","2008896880","3.61111"
"2008896880","1573904235","3.61111"
"1573904235","2048845959","3.61111"
"2048845959","1573904235","3.61111"
"1573904235","2064517210","7.61111"
"2064517210","1573904235","7.61111"
"1573904235","2067308467","1.61111"
"2067308467","1573904235","1.61111"
"1573904235","2073669509","0.111111"
"2073669509","1573904235","0.111111"
"1573904235","2139135093","0.611111"
"2139135093","1573904235","0.611111"
"1575097497","1993518363","0.111111"
"1993518363","1575097497","0.111111"
"1575097497","2064517210","0.311111"
"2064517210","1575097497","0.311111"
"1575097497","2073669509","0.111111"
"2073669509","1575097497","0.111111"
"1993518363","2008896880","0.111111"
"2008896880","1993518363","0.111111"
"1993518363","2048845959","0.111111"
"2048845959","1993518363","0.111111"
"1993518363","2064517210","0.20202"
"2064517210","1993518363","0.20202"
"1993518363","2067308467","0.111111"
"2067308467","1993518363","0.111111"
"1993518363","2073669509","0.611111"
"2073669509","1993518363","0.611111"
"1993518363","2139135093","0.111111"
"2139135093","1993518363","0.111111"
"2008896880","2064517210","0.111111"
"2064517210","2008896880","0.111111"
"2008896880","2073669509","0.111111"
"2073669509","2008896880","0.111111"
"2048845959","2064517210","3.14444"
"2064517210","2048845959","3.14444"
"2048845959","2073669509","0.111111"
"2073669509","2048845959","0.111111"
"2048845959","2139135093","2.23535"
"2139135093","2048845959","2.23535"
"2064517210","2067308467","0.111111"
"2067308467","2064517210","0.111111"
"2064517210","2073669509","0.111111"
"2073669509","2064517210","0.111111"
"2064517210","2139135093","0.811111"
"2139135093","2064517210","0.811111"
"2067308467","2073669509","0.111111"
"2073669509","2067308467","0.111111"
"2073669509","2139135093","0.111111"
"2139135093","2073669509","0.111111"
"1494640588","2071678949","0.333333"
"2071678949","1494640588","0.333333"
"1575097497","2071678949","0.333333"
"2071678949","1575097497","0.333333"
"2071678949","2125822162","0.333333"
"2125822162","2071678949","0.333333"
"2108267498","2155419928","3.74444"
"2155419928","2108267498","3.74444"
"1494640588","5685153","0.2"
"5685153","1494640588","0.2"
"1575097497","5685153","0.2"
"5685153","1575097497","0.2"
"2048845959","5685153","3.53333"
"5685153","2048845959","3.53333"
"2064517210","5685153","0.7"
"5685153","2064517210","0.7"
"2139135093","5685153","0.7"
"5685153","2139135093","0.7"
"1494640588","2002711156","0.1"
"2002711156","1494640588","0.1"
"1494640588","2100365109","0.1"
"2100365109","1494640588","0.1"
"1563798137","2002711156","0.1"
"2002711156","1563798137","0.1"
"1563798137","2100365109","0.1"
"2100365109","1563798137","0.1"
"1563798137","2108267498","0.183333"
"2108267498","1563798137","0.183333"
"1563798137","2139135093","1.18333"
"2139135093","1563798137","1.18333"
"2002711156","2008896880","0.433333"
"2008896880","2002711156","0.433333"
"2002711156","2024796520","3"
"2024796520","2002711156","3"
"2002711156","2100365109","0.1"
"2100365109","2002711156","0.1"
"2002711156","2108267498","0.1"
"2108267498","2002711156","0.1"
"2002711156","2139135093","0.3"
"2139135093","2002711156","0.3"
"2002711156","2155419928","1.46667"
"2155419928","2002711156","1.46667"
"2002711156","2155758146","1"
"2155758146","2002711156","1"
"2002711156","2169807577","0.1"
"2169807577","2002711156","0.1"
"2008896880","2100365109","7.38333"
"2100365109","2008896880","7.38333"
"2024796520","2100365109","0.3"
"2100365109","2024796520","0.3"
"2024796520","2139135093","8.53535"
"2139135093","2024796520","8.53535"
"2100365109","2108267498","3.05"
"2108267498","2100365109","3.05"
"2100365109","2139135093","5.21667"
"2139135093","2100365109","5.21667"
"2100365109","2155419928","0.1"
"2155419928","2100365109","0.1"
"2100365109","2155758146","0.1"
"2155758146","2100365109","0.1"
"2100365109","2169807577","2.85"
"2169807577","2100365109","2.85"
"2139135093","2155419928","1.83254"
"2155419928","2139135093","1.83254"
"2139135093","2169807577","13.5782"
"2169807577","2139135093","13.5782"
"1494640588","2131165032","1.22619"
"2131165032","1494640588","1.22619"
"1505831819","2069752306","0.208333"
"2069752306","1505831819","0.208333"
"1505831819","2090958287","0.208333"
"2090958287","1505831819","0.208333"
"1505831819","2108267498","0.0833333"
"2108267498","1505831819","0.0833333"
"1505831819","2139135093","0.154762"
"2139135093","1505831819","0.154762"
"1563798137","2090958287","0.0833333"
"2090958287","1563798137","0.0833333"
"1718432802","2090958287","0.208333"
"2090958287","1718432802","0.208333"
"1718432802","2108267498","0.22619"
"2108267498","1718432802","0.22619"
"1718432802","2139135093","0.497619"
"2139135093","1718432802","0.497619"
"2008896880","2090958287","0.708333"
"2090958287","2008896880","0.708333"
"2069752306","2090958287","0.0833333"
"2090958287","2069752306","0.0833333"
"2069752306","2108267498","0.0833333"
"2108267498","2069752306","0.0833333"
"2069752306","2131165032","0.0833333"
"2131165032","2069752306","0.0833333"
"2090958287","2108220079","0.0833333"
"2108220079","2090958287","0.0833333"
"2090958287","2108267498","0.194444"
"2108267498","2090958287","0.194444"
"2090958287","2131165032","0.208333"
"2131165032","2090958287","0.208333"
"2090958287","2139135093","1.19444"
"2139135093","2090958287","1.19444"
"2108220079","2108267498","0.369048"
"2108267498","2108220079","0.369048"
"2108267498","2131165032","0.892857"
"2131165032","2108267498","0.892857"
"2131165032","2139135093","2.29762"
"2139135093","2131165032","2.29762"
"2131165032","2155758146","0.547619"
"2155758146","2131165032","0.547619"
"1505831819","1800215808","0.285714"
"1800215808","1505831819","0.285714"
"1800215808","2131165032","0.142857"
"2131165032","1800215808","0.142857"
"2067308467","2131165032","1.94048"
"2131165032","2067308467","1.94048"
"1494640588","1532058300","0.166667"
"1532058300","1494640588","0.166667"
"1532058300","1563798137","0.166667"
"1563798137","1532058300","0.166667"
"1532058300","1800215808","0.166667"
"1800215808","1532058300","0.166667"
"1532058300","2008896880","1.41667"
"2008896880","1532058300","1.41667"
"1532058300","2067308467","1.75"
"2067308467","1532058300","1.75"
"1532058300","2125822162","0.166667"
"2125822162","1532058300","0.166667"
"1494640588","30253544","0.444444"
"30253544","1494640588","0.444444"
"1563798137","30253544","0.333333"
"30253544","1563798137","0.333333"
"2048845959","30253544","0.666667"
"30253544","2048845959","0.666667"
"1800215808","2066232799","0.0909091"
"2066232799","1800215808","0.0909091"
"1800215808","2167394053","0.340909"
"2167394053","1800215808","0.340909"
"2008896880","2066232799","0.440909"
"2066232799","2008896880","0.440909"
"2048845959","2066232799","0.0909091"
"2066232799","2048845959","0.0909091"
"2048845959","2167394053","0.0909091"
"2167394053","2048845959","0.0909091"
"2066232799","2077449561","0.0909091"
"2077449561","2066232799","0.0909091"
"2066232799","2139135093","0.190909"
"2139135093","2066232799","0.190909"
"2066232799","2167394053","0.190909"
"2167394053","2066232799","0.190909"
"2066232799","2169807577","0.190909"
"2169807577","2066232799","0.190909"
"2077449561","2139135093","0.657576"
"2139135093","2077449561","0.657576"
"2077449561","2167394053","0.0909091"
"2167394053","2077449561","0.0909091"
"2167394053","2169807577","0.690909"
"2169807577","2167394053","0.690909"
"2066232799","2155419928","0.1"
"2155419928","2066232799","0.1"
"2155419928","2167394053","0.296429"
"2167394053","2155419928","0.296429"
"1494640588","2023195086","0.333333"
"2023195086","1494640588","0.333333"
"2008896880","2023195086","2.53333"
"2023195086","2008896880","2.53333"
"2023195086","2024796520","0.833333"
"2024796520","2023195086","0.833333"
"1575097497","2108267498","4.11111"
"2108267498","1575097497","4.11111"
"1575097497","2167394053","0.515873"
"2167394053","1575097497","0.515873"
"1575097497","30253544","0.111111"
"30253544","1575097497","0.111111"
"2008896880","30253544","0.611111"
"30253544","2008896880","0.611111"
"2067308467","30253544","0.111111"
"30253544","2067308467","0.111111"
"2108267498","2167394053","0.944444"
"2167394053","2108267498","0.944444"
"2108267498","30253544","0.111111"
"30253544","2108267498","0.111111"
"2125822162","30253544","3.11111"
"30253544","2125822162","3.11111"
"2139135093","30253544","0.611111"
"30253544","2139135093","0.611111"
"2155758146","30253544","0.111111"
"30253544","2155758146","0.111111"
"2167394053","30253544","0.111111"
"30253544","2167394053","0.111111"
"1505177095","1792955578","2.14286"
"1792955578","1505177095","2.14286"
"1505177095","1545155892","6.14286"
"1545155892","1505177095","6.14286"
"1505177095","1566656512","0.142857"
"1566656512","1505177095","0.142857"
"1505177095","2023663289","0.142857"
"2023663289","1505177095","0.142857"
"1505177095","2071678949","0.142857"
"2071678949","1505177095","0.142857"
"1505177095","2435606122","0.142857"
"2435606122","1505177095","0.142857"
"1505177095","68021608","0.142857"
"68021608","1505177095","0.142857"
"1545155892","1566656512","0.642857"
"1566656512","1545155892","0.642857"
"1545155892","1792955578","0.142857"
"1792955578","1545155892","0.142857"
"1545155892","2023663289","2.14286"
"2023663289","1545155892","2.14286"
"1545155892","2071678949","0.142857"
"2071678949","1545155892","0.142857"
"1545155892","68021608","7.48377"
"68021608","1545155892","7.48377"
"1566656512","1792955578","0.142857"
"1792955578","1566656512","0.142857"
"1566656512","2023663289","74.8095"
"2023663289","1566656512","74.8095"
"1566656512","2071678949","14.8095"
"2071678949","1566656512","14.8095"
"1566656512","2435606122","0.142857"
"2435606122","1566656512","0.142857"
"1566656512","68021608","0.142857"
"68021608","1566656512","0.142857"
"1792955578","2023663289","0.142857"
"2023663289","1792955578","0.142857"
"1792955578","2071678949","0.142857"
"2071678949","1792955578","0.142857"
"1792955578","2435606122","0.142857"
"2435606122","1792955578","0.142857"
"1792955578","68021608","0.142857"
"68021608","1792955578","0.142857"
"2023663289","2071678949","41.3095"
"2071678949","2023663289","41.3095"
"2023663289","2435606122","0.142857"
"2435606122","2023663289","0.142857"
"2023663289","68021608","0.142857"
"68021608","2023663289","0.142857"
"2071678949","2435606122","0.142857"
"2435606122","2071678949","0.142857"
"2071678949","68021608","0.142857"
"68021608","2071678949","0.142857"
"2435606122","68021608","1.98377"
"68021608","2435606122","1.98377"
"1505177095","1964226105","0.2"
"1964226105","1505177095","0.2"
"1505177095","2030620388","0.2"
"2030620388","1505177095","0.2"
"1505177095","2064517210","0.2"
"2064517210","1505177095","0.2"
"1505177095","2150581873","0.2"
"2150581873","1505177095","0.2"
"1505177095","2252079059","1.2"
"2252079059","1505177095","1.2"
"1964226105","2030620388","0.2"
"2030620388","1964226105","0.2"
"1964226105","2064517210","0.2"
"2064517210","1964226105","0.2"
"1964226105","2150581873","0.2"
"2150581873","1964226105","0.2"
"1964226105","2252079059","0.2"
"2252079059","1964226105","0.2"
"2030620388","2064517210","0.2"
"2064517210","2030620388","0.2"
"2030620388","2150581873","0.2"
"2150581873","2030620388","0.2"
"2030620388","2252079059","0.2"
"2252079059","2030620388","0.2"
"2064517210","2150581873","0.290909"
"2150581873","2064517210","0.290909"
"2064517210","2252079059","0.2"
"2252079059","2064517210","0.2"
"2150581873","2252079059","0.2"
"2252079059","2150581873","0.2"
"1505177095","2400105477","3"
"2400105477","1505177095","3"
"1505177095","2037289266","1"
"2037289266","1505177095","1"
"1505177095","1517167465","1"
"1517167465","1505177095","1"
"1505177095","1573904235","2"
"1573904235","1505177095","2"
"1505177095","2027750453","3"
"2027750453","1505177095","3"
"1505177095","2094711531","2"
"2094711531","1505177095","2"
"1505177095","2033223918","1.5"
"2033223918","1505177095","1.5"
"1505177095","2073669509","1"
"2073669509","1505177095","1"
"1505177095","2125822162","1"
"2125822162","1505177095","1"
"1505177095","2023195086","0.5"
"2023195086","1505177095","0.5"
"2023195086","2033223918","1.94444"
"2033223918","2023195086","1.94444"
"1505831819","1573904235","2"
"1573904235","1505831819","2"
"1505831819","1586443163","0.25"
"1586443163","1505831819","0.25"
"1586443163","1718432802","0.25"
"1718432802","1586443163","0.25"
"1586443163","2125822162","0.75"
"2125822162","1586443163","0.75"
"1586443163","2131165032","0.25"
"2131165032","1586443163","0.25"
"1505831819","2167394053","0.196429"
"2167394053","1505831819","0.196429"
"1718432802","2167394053","0.196429"
"2167394053","1718432802","0.196429"
"2024796520","2090958287","8.51944"
"2090958287","2024796520","8.51944"
"2090958287","2155419928","13.6861"
"2155419928","2090958287","13.6861"
"2090958287","2167394053","0.125"
"2167394053","2090958287","0.125"
"2131165032","2167394053","0.529762"
"2167394053","2131165032","0.529762"
"1505831819","1575097497","0.0714286"
"1575097497","1505831819","0.0714286"
"1505831819","2064449851","0.0714286"
"2064449851","1505831819","0.0714286"
"1575097497","2037289266","2.07143"
"2037289266","1575097497","2.07143"
"1575097497","2064449851","0.0714286"
"2064449851","1575097497","0.0714286"
"1575097497","2131165032","0.0714286"
"2131165032","1575097497","0.0714286"
"1718432802","2064449851","0.0714286"
"2064449851","1718432802","0.0714286"
"1792955578","2064449851","0.0714286"
"2064449851","1792955578","0.0714286"
"1792955578","2131165032","0.0714286"
"2131165032","1792955578","0.0714286"
"1792955578","2139135093","0.0714286"
"2139135093","1792955578","0.0714286"
"1792955578","2167394053","0.0714286"
"2167394053","1792955578","0.0714286"
"2008896880","2064449851","2.07143"
"2064449851","2008896880","2.07143"
"2037289266","2064449851","0.0714286"
"2064449851","2037289266","0.0714286"
"2037289266","2101988878","0.0714286"
"2101988878","2037289266","0.0714286"
"2037289266","2125822162","0.0714286"
"2125822162","2037289266","0.0714286"
"2037289266","2131165032","0.0714286"
"2131165032","2037289266","0.0714286"
"2037289266","2139135093","0.471429"
"2139135093","2037289266","0.471429"
"2037289266","2167394053","0.0714286"
"2167394053","2037289266","0.0714286"
"2064449851","2067308467","0.0714286"
"2067308467","2064449851","0.0714286"
"2064449851","2101988878","0.0714286"
"2101988878","2064449851","0.0714286"
"2064449851","2125822162","0.0714286"
"2125822162","2064449851","0.0714286"
"2064449851","2131165032","0.0714286"
"2131165032","2064449851","0.0714286"
"2064449851","2139135093","0.0714286"
"2139135093","2064449851","0.0714286"
"2064449851","2155419928","0.0714286"
"2155419928","2064449851","0.0714286"
"2064449851","2155758146","0.0714286"
"2155758146","2064449851","0.0714286"
"2064449851","2167394053","0.0714286"
"2167394053","2064449851","0.0714286"
"2101988878","2139135093","0.321429"
"2139135093","2101988878","0.321429"
"2101988878","2167394053","0.0714286"
"2167394053","2101988878","0.0714286"
"1508485099","2139354505","3.75"
"2139354505","1508485099","3.75"
"1508485099","2002711156","1.25"
"2002711156","1508485099","1.25"
"1508485099","2069752306","1.75"
"2069752306","1508485099","1.75"
"2002711156","2069752306","2.25"
"2069752306","2002711156","2.25"
"1508485099","1586443163","1"
"1586443163","1508485099","1"
"1508485099","2040293060","0.25"
"2040293060","1508485099","0.25"
"2002711156","2040293060","4.75"
"2040293060","2002711156","4.75"
"2002711156","2139354505","0.75"
"2139354505","2002711156","0.75"
"2040293060","2139354505","0.5"
"2139354505","2040293060","0.5"
"2069752306","2139354505","2.75"
"2139354505","2069752306","2.75"
"1508485099","2024796520","1"
"2024796520","1508485099","1"
"1517167465","2150581873","1"
"2150581873","1517167465","1"
"1517167465","1545155892","1"
"1545155892","1517167465","1"
"1531263763","2031448219","12"
"2031448219","1531263763","12"
"1531263763","2027750453","5.25"
"2027750453","1531263763","5.25"
"1531263763","2028289124","1.25"
"2028289124","1531263763","1.25"
"2027750453","2028289124","49.3333"
"2028289124","2027750453","49.3333"
"1531263763","68021608","2"
"68021608","1531263763","2"
"1531263763","1545155892","1"
"1545155892","1531263763","1"
"1531263763","1575097497","0.5"
"1575097497","1531263763","0.5"
"1531263763","1963979953","1.5"
"1963979953","1531263763","1.5"
"1531263763","2023195086","1.5"
"2023195086","1531263763","1.5"
"1531263763","2024796520","0.5"
"2024796520","1531263763","0.5"
"1531263763","2033223918","1.5"
