"1502595312","1519695262","2"
"1519695262","1502595312","2"
"1561519956","2226926465","2"
"2226926465","1561519956","2"
"1577907343","2277777766","1"
"2277777766","1577907343","1"
"1772507087","2277777766","2"
"2277777766","1772507087","2"
"1792147977","2279123118","1"
"2279123118","1792147977","1"
"1908221710","2210204523","1"
"2210204523","1908221710","1"
