"1000849331","2035486345","0.333333"
"2035486345","1000849331","0.333333"
"1000849331","2043885422","0.333333"
"2043885422","1000849331","0.333333"
"1000849331","2212898584","0.333333"
"2212898584","1000849331","0.333333"
"2035486345","2043885422","0.833333"
"2043885422","2035486345","0.833333"
"2035486345","2212898584","0.333333"
"2212898584","2035486345","0.333333"
"2043885422","2212898584","0.333333"
"2212898584","2043885422","0.333333"
"1000849331","1926949488","1"
"1926949488","1000849331","1"
"1006168843","1509175288","1.06331"
"1509175288","1006168843","1.06331"
"1006168843","2409074239","1.5"
"2409074239","1006168843","1.5"
"1509175288","2409074239","2"
"2409074239","1509175288","2"
"1006168843","1559729415","6.30119"
"1559729415","1006168843","6.30119"
"1006168843","1551461997","2.76331"
"1551461997","1006168843","2.76331"
"1006168843","1576035775","0.563312"
"1576035775","1006168843","0.563312"
"1006168843","1851390469","1.35895"
"1851390469","1006168843","1.35895"
"1006168843","1997375126","0.125"
"1997375126","1006168843","0.125"
"1006168843","2122816893","0.531566"
"2122816893","1006168843","0.531566"
"1006168843","2133052202","0.208333"
"2133052202","1006168843","0.208333"
"1006168843","2148291485","0.605159"
"2148291485","1006168843","0.605159"
"1509175288","1551461997","1.89665"
"1551461997","1509175288","1.89665"
"1509175288","1576035775","2.18166"
"1576035775","1509175288","2.18166"
"1509175288","1851390469","1.0388"
"1851390469","1509175288","1.0388"
"1509175288","1997375126","0.85049"
"1997375126","1509175288","0.85049"
"1509175288","2122816893","1.06261"
"2122816893","1509175288","1.06261"
"1509175288","2133052202","0.183824"
"2133052202","1509175288","0.183824"
"1509175288","2148291485","0.326681"
"2148291485","1509175288","0.326681"
"1551461997","1576035775","0.424423"
"1576035775","1551461997","0.424423"
"1551461997","1851390469","0.549423"
"1851390469","1551461997","0.549423"
"1551461997","1997375126","0.236111"
"1997375126","1551461997","0.236111"
"1551461997","2122816893","0.406566"
"2122816893","1551461997","0.406566"
"1551461997","2133052202","0.125"
"2133052202","1551461997","0.125"
"1551461997","2148291485","0.503968"
"2148291485","1551461997","0.503968"
"1576035775","1851390469","19.8419"
"1851390469","1576035775","19.8419"
"1576035775","1997375126","11.7131"
"1997375126","1576035775","11.7131"
"1576035775","2122816893","15.7169"
"2122816893","1576035775","15.7169"
"1576035775","2133052202","1.25882"
"2133052202","1576035775","1.25882"
"1576035775","2148291485","13.8465"
"2148291485","1576035775","13.8465"
"1851390469","1997375126","15.5036"
"1997375126","1851390469","15.5036"
"1851390469","2122816893","57.5018"
"2122816893","1851390469","57.5018"
"1851390469","2133052202","0.92549"
"2133052202","1851390469","0.92549"
"1851390469","2148291485","42.1838"
"2148291485","1851390469","42.1838"
"1997375126","2122816893","29.4715"
"2122816893","1997375126","29.4715"
"1997375126","2133052202","7.00882"
"2133052202","1997375126","7.00882"
"1997375126","2148291485","14.0703"
"2148291485","1997375126","14.0703"
"2122816893","2133052202","1.47549"
"2133052202","2122816893","1.47549"
"2122816893","2148291485","26.7564"
"2148291485","2122816893","26.7564"
"2133052202","2148291485","1.09216"
"2148291485","2133052202","1.09216"
"1006168843","1957527547","1.21212"
"1957527547","1006168843","1.21212"
"1006168843","1560862172","4.31728"
"1560862172","1006168843","4.31728"
"1006168843","1844949470","1.37442"
"1844949470","1006168843","1.37442"
"1006168843","1964857063","0.111111"
"1964857063","1006168843","0.111111"
"1006168843","2142550009","0.111111"
"2142550009","1006168843","0.111111"
"1006168843","942791280","0.957756"
"942791280","1006168843","0.957756"
"1006168843","976026051","0.757756"
"976026051","1006168843","0.757756"
"1560862172","1844949470","7.66728"
"1844949470","1560862172","7.66728"
"1560862172","1851390469","3.42125"
"1851390469","1560862172","3.42125"
"1560862172","1964857063","0.111111"
"1964857063","1560862172","0.111111"
"1560862172","2122816893","1.26768"
"2122816893","1560862172","1.26768"
"1560862172","2142550009","0.111111"
"2142550009","1560862172","0.111111"
"1560862172","2148291485","2.05079"
"2148291485","1560862172","2.05079"
"1560862172","942791280","3.16728"
"942791280","1560862172","3.16728"
"1560862172","976026051","2.08395"
"976026051","1560862172","2.08395"
"1844949470","1851390469","2.35061"
"1851390469","1844949470","2.35061"
"1844949470","1964857063","0.111111"
"1964857063","1844949470","0.111111"
"1844949470","2122816893","0.156566"
"2122816893","1844949470","0.156566"
"1844949470","2142550009","0.111111"
"2142550009","1844949470","0.111111"
"1844949470","2148291485","0.930159"
"2148291485","1844949470","0.930159"
"1844949470","942791280","4.36728"
"942791280","1844949470","4.36728"
"1844949470","976026051","3.08395"
"976026051","1844949470","3.08395"
"1851390469","1964857063","2.59722"
"1964857063","1851390469","2.59722"
"1851390469","2142550009","3.54493"
"2142550009","1851390469","3.54493"
"1851390469","942791280","1.10061"
"942791280","1851390469","1.10061"
"1851390469","976026051","1.35061"
"976026051","1851390469","1.35061"
"1964857063","2122816893","4.64722"
"2122816893","1964857063","4.64722"
"1964857063","2142550009","2.56944"
"2142550009","1964857063","2.56944"
"1964857063","2148291485","1.56389"
"2148291485","1964857063","1.56389"
"1964857063","942791280","0.111111"
"942791280","1964857063","0.111111"
"1964857063","976026051","0.111111"
"976026051","1964857063","0.111111"
"2122816893","2142550009","6.87827"
"2142550009","2122816893","6.87827"
"2122816893","942791280","0.156566"
"942791280","2122816893","0.156566"
"2122816893","976026051","0.156566"
"976026051","2122816893","0.156566"
"2142550009","2148291485","2.29493"
"2148291485","2142550009","2.29493"
"2142550009","942791280","0.111111"
"942791280","2142550009","0.111111"
"2142550009","976026051","0.111111"
"976026051","2142550009","0.111111"
"2148291485","942791280","2.93016"
"942791280","2148291485","2.93016"
"2148291485","976026051","0.930159"
"976026051","2148291485","0.930159"
"942791280","976026051","2.83395"
"976026051","942791280","2.83395"
"1006168843","1529226136","0.533333"
"1529226136","1006168843","0.533333"
"1006168843","1746171598","1.15379"
"1746171598","1006168843","1.15379"
"1006168843","2043885422","2.61667"
"2043885422","1006168843","2.61667"
"1006168843","2244987098","2.32879"
"2244987098","1006168843","2.32879"
"1529226136","1551461997","2.28333"
"1551461997","1529226136","2.28333"
"1529226136","1746171598","1.95"
"1746171598","1529226136","1.95"
"1529226136","2043885422","3.78333"
"2043885422","1529226136","3.78333"
"1529226136","2244987098","3.28333"
"2244987098","1529226136","3.28333"
"1551461997","1746171598","1.99545"
"1746171598","1551461997","1.99545"
"1551461997","2043885422","2.28333"
"2043885422","1551461997","2.28333"
"1551461997","2244987098","2.32879"
"2244987098","1551461997","2.32879"
"1746171598","2043885422","2.36667"
"2043885422","1746171598","2.36667"
"1746171598","2244987098","6.41212"
"2244987098","1746171598","6.41212"
"2043885422","2244987098","3.31667"
"2244987098","2043885422","3.31667"
"1006168843","1638540206","1.17045"
"1638540206","1006168843","1.17045"
"1006168843","2407187628","0.912121"
"2407187628","1006168843","0.912121"
"1006168843","2411457633","1.83333"
"2411457633","1006168843","1.83333"
"1006168843","5013789","1.62879"
"5013789","1006168843","1.62879"
"1559729415","1560862172","8.14405"
"1560862172","1559729415","8.14405"
"1559729415","1638540206","2.88452"
"1638540206","1559729415","2.88452"
"1559729415","1746171598","39.275"
"1746171598","1559729415","39.275"
"1559729415","1844949470","3.31071"
"1844949470","1559729415","3.31071"
"1559729415","2043885422","0.759524"
"2043885422","1559729415","0.759524"
"1559729415","2244987098","1.16667"
"2244987098","1559729415","1.16667"
"1559729415","2407187628","2.25952"
"2407187628","1559729415","2.25952"
"1559729415","2411457633","3.42619"
"2411457633","1559729415","3.42619"
"1559729415","5013789","2.08333"
"5013789","1559729415","2.08333"
"1559729415","942791280","1.81071"
"942791280","1559729415","1.81071"
"1559729415","976026051","2.11071"
"976026051","1559729415","2.11071"
"1560862172","1638540206","0.703788"
"1638540206","1560862172","0.703788"
"1560862172","1746171598","4.83712"
"1746171598","1560862172","4.83712"
"1560862172","2043885422","0.816667"
"2043885422","1560862172","0.816667"
"1560862172","2244987098","4.16212"
"2244987098","1560862172","4.16212"
"1560862172","2407187628","1.58276"
"2407187628","1560862172","1.58276"
"1560862172","2411457633","0.816667"
"2411457633","1560862172","0.816667"
"1560862172","5013789","0.378788"
"5013789","1560862172","0.378788"
"1638540206","1746171598","4.33712"
"1746171598","1638540206","4.33712"
"1638540206","1844949470","1.12045"
"1844949470","1638540206","1.12045"
"1638540206","2043885422","6.39286"
"2043885422","1638540206","6.39286"
"1638540206","2244987098","3.87879"
"2244987098","1638540206","3.87879"
"1638540206","2407187628","1.62879"
"2407187628","1638540206","1.62879"
"1638540206","2411457633","0.642857"
"2411457633","1638540206","0.642857"
"1638540206","5013789","8.79545"
"5013789","1638540206","8.79545"
"1638540206","942791280","0.703788"
"942791280","1638540206","0.703788"
"1638540206","976026051","0.703788"
"976026051","1638540206","0.703788"
"1746171598","1844949470","1.12045"
"1844949470","1746171598","1.12045"
"1746171598","2407187628","0.912121"
"2407187628","1746171598","0.912121"
"1746171598","2411457633","0.583333"
"2411457633","1746171598","0.583333"
"1746171598","5013789","7.54545"
"5013789","1746171598","7.54545"
"1746171598","942791280","1.20379"
"942791280","1746171598","1.20379"
"1746171598","976026051","0.503788"
"976026051","1746171598","0.503788"
"1844949470","2043885422","1.83333"
"2043885422","1844949470","1.83333"
"1844949470","2244987098","1.21212"
"2244987098","1844949470","1.21212"
"1844949470","2407187628","1.83831"
"2407187628","1844949470","1.83831"
"1844949470","2411457633","1.5"
"2411457633","1844949470","1.5"
"1844949470","5013789","0.712121"
"5013789","1844949470","0.712121"
"2043885422","2407187628","0.416667"
"2407187628","2043885422","0.416667"
"2043885422","2411457633","20.5429"
"2411457633","2043885422","20.5429"
"2043885422","5013789","0.333333"
"5013789","2043885422","0.333333"
"2043885422","942791280","1.33333"
"942791280","2043885422","1.33333"
"2043885422","976026051","0.833333"
"976026051","2043885422","0.833333"
"2244987098","2407187628","0.878788"
"2407187628","2244987098","0.878788"
"2244987098","2411457633","3.03333"
"2411457633","2244987098","3.03333"
"2244987098","5013789","3.96212"
"5013789","2244987098","3.96212"
"2244987098","942791280","0.878788"
"942791280","2244987098","0.878788"
"2244987098","976026051","0.378788"
"976026051","2244987098","0.378788"
"2407187628","2411457633","0.416667"
"2411457633","2407187628","0.416667"
"2407187628","5013789","0.878788"
"5013789","2407187628","0.878788"
"2407187628","942791280","1.08831"
"942791280","2407187628","1.08831"
"2407187628","976026051","1.13831"
"976026051","2407187628","1.13831"
"2411457633","5013789","0.333333"
"5013789","2411457633","0.333333"
"2411457633","942791280","0.833333"
"942791280","2411457633","0.833333"
"2411457633","976026051","0.833333"
"976026051","2411457633","0.833333"
"5013789","942791280","0.378788"
"942791280","5013789","0.378788"
"5013789","976026051","0.378788"
"976026051","5013789","0.378788"
"1006168843","1926949488","0.188312"
"1926949488","1006168843","0.188312"
"1509175288","1560862172","0.854978"
"1560862172","1509175288","0.854978"
"1509175288","1926949488","3.58117"
"1926949488","1509175288","3.58117"
"1551461997","1560862172","0.499423"
"1560862172","1551461997","0.499423"
"1551461997","1926949488","1.14665"
"1926949488","1551461997","1.14665"
"1560862172","1576035775","0.382756"
"1576035775","1560862172","0.382756"
"1560862172","1926949488","0.854978"
"1926949488","1560862172","0.854978"
"1576035775","1926949488","1.29784"
"1926949488","1576035775","1.29784"
"1851390469","1926949488","1.27998"
"1926949488","1851390469","1.27998"
"1926949488","2148291485","0.367857"
"2148291485","1926949488","0.367857"
"1559729415","1851390469","1.31071"
"1851390469","1559729415","1.31071"
"1638540206","1851390469","0.170455"
"1851390469","1638540206","0.170455"
"1746171598","1851390469","0.953788"
"1851390469","1746171598","0.953788"
"1006168843","1596880543","0.166667"
"1596880543","1006168843","0.166667"
"1006168843","2099918651","0.212121"
"2099918651","1006168843","0.212121"
"1006168843","2105696761","0.166667"
"2105696761","1006168843","0.166667"
"1006168843","2118017131","0.166667"
"2118017131","1006168843","0.166667"
"1576035775","1596880543","0.166667"
"1596880543","1576035775","0.166667"
"1576035775","1957527547","0.212121"
"1957527547","1576035775","0.212121"
"1576035775","2099918651","12.2694"
"2099918651","1576035775","12.2694"
"1576035775","2105696761","0.916667"
"2105696761","1576035775","0.916667"
"1576035775","2118017131","0.166667"
"2118017131","1576035775","0.166667"
"1596880543","1957527547","0.166667"
"1957527547","1596880543","0.166667"
"1596880543","2099918651","0.166667"
"2099918651","1596880543","0.166667"
"1596880543","2105696761","0.166667"
"2105696761","1596880543","0.166667"
"1596880543","2118017131","0.166667"
"2118017131","1596880543","0.166667"
"1957527547","2099918651","0.212121"
"2099918651","1957527547","0.212121"
"1957527547","2105696761","0.166667"
"2105696761","1957527547","0.166667"
"1957527547","2118017131","1.83333"
"2118017131","1957527547","1.83333"
"2099918651","2105696761","0.166667"
"2105696761","2099918651","0.166667"
"2099918651","2118017131","0.166667"
"2118017131","2099918651","0.166667"
"2105696761","2118017131","0.166667"
"2118017131","2105696761","0.166667"
"1006168843","1554598706","0.0833333"
"1554598706","1006168843","0.0833333"
"1006168843","2083658889","0.128788"
"2083658889","1006168843","0.128788"
"1554598706","1559729415","1.83333"
"1559729415","1554598706","1.83333"
"1554598706","1560862172","0.0833333"
"1560862172","1554598706","0.0833333"
"1554598706","1576035775","0.0833333"
"1576035775","1554598706","0.0833333"
"1554598706","1746171598","0.0833333"
"1746171598","1554598706","0.0833333"
"1554598706","1851390469","0.0833333"
"1851390469","1554598706","0.0833333"
"1554598706","2043885422","3.08333"
"2043885422","1554598706","3.08333"
"1554598706","2083658889","0.0833333"
"2083658889","1554598706","0.0833333"
"1554598706","2133052202","0.0833333"
"2133052202","1554598706","0.0833333"
"1554598706","2148291485","0.0833333"
"2148291485","1554598706","0.0833333"
"1554598706","2407187628","0.0833333"
"2407187628","1554598706","0.0833333"
"1554598706","2411457633","0.333333"
"2411457633","1554598706","0.333333"
"1559729415","1576035775","0.22619"
"1576035775","1559729415","0.22619"
"1559729415","2083658889","0.0833333"
"2083658889","1559729415","0.0833333"
"1559729415","2133052202","0.0833333"
"2133052202","1559729415","0.0833333"
"1559729415","2148291485","0.985714"
"2148291485","1559729415","0.985714"
"1560862172","2083658889","0.462121"
"2083658889","1560862172","0.462121"
"1560862172","2133052202","0.0833333"
"2133052202","1560862172","0.0833333"
"1576035775","1746171598","0.128788"
"1746171598","1576035775","0.128788"
"1576035775","2043885422","3.3373"
"2043885422","1576035775","3.3373"
"1576035775","2083658889","4.96017"
"2083658889","1576035775","4.96017"
"1576035775","2407187628","0.239899"
"2407187628","1576035775","0.239899"
"1576035775","2411457633","0.72619"
"2411457633","1576035775","0.72619"
"1746171598","2083658889","0.462121"
"2083658889","1746171598","0.462121"
"1746171598","2133052202","0.0833333"
"2133052202","1746171598","0.0833333"
"1746171598","2148291485","0.283333"
"2148291485","1746171598","0.283333"
"1851390469","2043885422","5.16111"
"2043885422","1851390469","5.16111"
"1851390469","2083658889","7.91731"
"2083658889","1851390469","7.91731"
"1851390469","2407187628","0.999423"
"2407187628","1851390469","0.999423"
"1851390469","2411457633","0.816667"
"2411457633","1851390469","0.816667"
"2043885422","2083658889","0.194444"
"2083658889","2043885422","0.194444"
"2043885422","2133052202","0.283333"
"2133052202","2043885422","0.283333"
"2043885422","2148291485","2.79444"
"2148291485","2043885422","2.79444"
"2083658889","2133052202","0.467157"
"2133052202","2083658889","0.467157"
"2083658889","2148291485","7.88138"
"2148291485","2083658889","7.88138"
"2083658889","2407187628","0.128788"
"2407187628","2083658889","0.128788"
"2083658889","2411457633","0.583333"
"2411457633","2083658889","0.583333"
"2133052202","2407187628","0.0833333"
"2407187628","2133052202","0.0833333"
"2133052202","2411457633","0.0833333"
"2411457633","2133052202","0.0833333"
"2148291485","2407187628","0.703968"
"2407187628","2148291485","0.703968"
"2148291485","2411457633","0.283333"
"2411457633","2148291485","0.283333"
"1559729415","2122816893","0.45"
"2122816893","1559729415","0.45"
"1851390469","2244987098","0.495455"
"2244987098","1851390469","0.495455"
"2122816893","2244987098","0.295455"
"2244987098","2122816893","0.295455"
"1006168843","1486824273","0.0454545"
"1486824273","1006168843","0.0454545"
"1006168843","2139086573","0.0454545"
"2139086573","1006168843","0.0454545"
"1006168843","2167942260","0.0454545"
"2167942260","1006168843","0.0454545"
"1006168843","2398397611","0.0454545"
"2398397611","1006168843","0.0454545"
"1486824273","1509175288","0.0454545"
"1509175288","1486824273","0.0454545"
"1486824273","1551461997","0.0454545"
"1551461997","1486824273","0.0454545"
"1486824273","1560862172","0.0454545"
"1560862172","1486824273","0.0454545"
"1486824273","1576035775","0.0454545"
"1576035775","1486824273","0.0454545"
"1486824273","1638540206","0.545455"
"1638540206","1486824273","0.545455"
"1486824273","1746171598","0.0454545"
"1746171598","1486824273","0.0454545"
"1486824273","1844949470","0.545455"
"1844949470","1486824273","0.545455"
"1486824273","1851390469","0.0454545"
"1851390469","1486824273","0.0454545"
"1486824273","1926949488","0.0454545"
"1926949488","1486824273","0.0454545"
"1486824273","1957527547","0.0454545"
"1957527547","1486824273","0.0454545"
"1486824273","2083658889","0.0454545"
"2083658889","1486824273","0.0454545"
"1486824273","2099918651","0.0454545"
"2099918651","1486824273","0.0454545"
"1486824273","2122816893","0.545455"
"2122816893","1486824273","0.545455"
"1486824273","2139086573","2.71212"
"2139086573","1486824273","2.71212"
"1486824273","2167942260","0.545455"
"2167942260","1486824273","0.545455"
"1486824273","2244987098","0.0454545"
"2244987098","1486824273","0.0454545"
"1486824273","2398397611","20.7955"
"2398397611","1486824273","20.7955"
"1486824273","2407187628","1.04545"
"2407187628","1486824273","1.04545"
"1486824273","5013789","0.0454545"
"5013789","1486824273","0.0454545"
"1486824273","942791280","0.0454545"
"942791280","1486824273","0.0454545"
"1486824273","976026051","0.0454545"
"976026051","1486824273","0.0454545"
"1509175288","1638540206","1.43831"
"1638540206","1509175288","1.43831"
"1509175288","1746171598","0.0454545"
"1746171598","1509175288","0.0454545"
"1509175288","1844949470","0.0454545"
"1844949470","1509175288","0.0454545"
"1509175288","1957527547","0.378788"
"1957527547","1509175288","0.378788"
"1509175288","2083658889","0.104278"
"2083658889","1509175288","0.104278"
"1509175288","2099918651","0.104278"
"2099918651","1509175288","0.104278"
"1509175288","2139086573","0.104278"
"2139086573","1509175288","0.104278"
"1509175288","2167942260","0.104278"
"2167942260","1509175288","0.104278"
"1509175288","2244987098","0.0454545"
"2244987098","1509175288","0.0454545"
"1509175288","2398397611","0.0454545"
"2398397611","1509175288","0.0454545"
"1509175288","2407187628","0.0454545"
"2407187628","1509175288","0.0454545"
"1509175288","5013789","0.0454545"
"5013789","1509175288","0.0454545"
"1509175288","942791280","1.04545"
"942791280","1509175288","1.04545"
"1509175288","976026051","0.0454545"
"976026051","1509175288","0.0454545"
"1551461997","1638540206","0.0454545"
"1638540206","1551461997","0.0454545"
"1551461997","1844949470","0.245455"
"1844949470","1551461997","0.245455"
"1551461997","1957527547","0.378788"
"1957527547","1551461997","0.378788"
"1551461997","2083658889","0.188312"
"2083658889","1551461997","0.188312"
"1551461997","2099918651","0.281566"
"2099918651","1551461997","0.281566"
"1551461997","2139086573","0.188312"
"2139086573","1551461997","0.188312"
"1551461997","2167942260","0.0454545"
"2167942260","1551461997","0.0454545"
"1551461997","2398397611","0.0454545"
"2398397611","1551461997","0.0454545"
"1551461997","2407187628","0.356566"
"2407187628","1551461997","0.356566"
"1551461997","5013789","0.0454545"
"5013789","1551461997","0.0454545"
"1551461997","942791280","0.245455"
"942791280","1551461997","0.245455"
"1551461997","976026051","0.245455"
"976026051","1551461997","0.245455"
"1560862172","1957527547","2.21212"
"1957527547","1560862172","2.21212"
"1560862172","2099918651","0.156566"
"2099918651","1560862172","0.156566"
"1560862172","2139086573","0.0454545"
"2139086573","1560862172","0.0454545"
"1560862172","2167942260","0.0454545"
"2167942260","1560862172","0.0454545"
"1560862172","2398397611","0.0454545"
"2398397611","1560862172","0.0454545"
"1576035775","1638540206","0.854978"
"1638540206","1576035775","0.854978"
"1576035775","1844949470","0.0454545"
"1844949470","1576035775","0.0454545"
"1576035775","2139086573","0.837611"
"2139086573","1576035775","0.837611"
"1576035775","2167942260","1.53206"
"2167942260","1576035775","1.53206"
"1576035775","2244987098","0.0454545"
"2244987098","1576035775","0.0454545"
"1576035775","2398397611","0.0454545"
"2398397611","1576035775","0.0454545"
"1576035775","5013789","0.0454545"
"5013789","1576035775","0.0454545"
"1576035775","942791280","0.0454545"
"942791280","1576035775","0.0454545"
"1576035775","976026051","0.0454545"
"976026051","1576035775","0.0454545"
"1638540206","1926949488","1.43831"
"1926949488","1638540206","1.43831"
"1638540206","1957527547","0.0454545"
"1957527547","1638540206","0.0454545"
"1638540206","2083658889","0.0454545"
"2083658889","1638540206","0.0454545"
"1638540206","2099918651","0.0454545"
"2099918651","1638540206","0.0454545"
"1638540206","2122816893","0.212121"
"2122816893","1638540206","0.212121"
"1638540206","2139086573","0.0454545"
"2139086573","1638540206","0.0454545"
"1638540206","2167942260","0.545455"
"2167942260","1638540206","0.545455"
"1638540206","2398397611","0.0454545"
"2398397611","1638540206","0.0454545"
"1746171598","1926949488","0.0454545"
"1926949488","1746171598","0.0454545"
"1746171598","1957527547","2.21212"
"1957527547","1746171598","2.21212"
"1746171598","2099918651","0.0454545"
"2099918651","1746171598","0.0454545"
"1746171598","2122816893","1.74545"
"2122816893","1746171598","1.74545"
"1746171598","2139086573","0.0454545"
"2139086573","1746171598","0.0454545"
"1746171598","2167942260","0.0454545"
"2167942260","1746171598","0.0454545"
"1746171598","2398397611","0.0454545"
"2398397611","1746171598","0.0454545"
"1844949470","1926949488","0.0454545"
"1926949488","1844949470","0.0454545"
"1844949470","1957527547","0.0454545"
"1957527547","1844949470","0.0454545"
"1844949470","2083658889","0.0454545"
"2083658889","1844949470","0.0454545"
"1844949470","2099918651","0.0454545"
"2099918651","1844949470","0.0454545"
"1844949470","2139086573","0.0454545"
"2139086573","1844949470","0.0454545"
"1844949470","2167942260","0.0454545"
"2167942260","1844949470","0.0454545"
"1844949470","2398397611","0.0454545"
"2398397611","1844949470","0.0454545"
"1851390469","1957527547","0.0454545"
"1957527547","1851390469","0.0454545"
"1851390469","2099918651","6.84436"
"2099918651","1851390469","6.84436"
"1851390469","2139086573","4.75428"
"2139086573","1851390469","4.75428"
"1851390469","2167942260","1.07372"
"2167942260","1851390469","1.07372"
"1851390469","2398397611","0.0454545"
"2398397611","1851390469","0.0454545"
"1851390469","5013789","0.0454545"
"5013789","1851390469","0.0454545"
"1926949488","1957527547","0.378788"
"1957527547","1926949488","0.378788"
"1926949488","2083658889","1.04545"
"2083658889","1926949488","1.04545"
"1926949488","2099918651","0.270455"
"2099918651","1926949488","0.270455"
"1926949488","2122816893","1.30379"
"2122816893","1926949488","1.30379"
"1926949488","2139086573","0.0454545"
"2139086573","1926949488","0.0454545"
"1926949488","2167942260","1.04545"
"2167942260","1926949488","1.04545"
"1926949488","2244987098","0.0454545"
"2244987098","1926949488","0.0454545"
"1926949488","2398397611","0.0454545"
"2398397611","1926949488","0.0454545"
"1926949488","2407187628","0.0454545"
"2407187628","1926949488","0.0454545"
"1926949488","5013789","0.0454545"
"5013789","1926949488","0.0454545"
"1926949488","942791280","0.0454545"
"942791280","1926949488","0.0454545"
"1926949488","976026051","0.0454545"
"976026051","1926949488","0.0454545"
"1957527547","2083658889","0.0454545"
"2083658889","1957527547","0.0454545"
"1957527547","2122816893","0.0454545"
"2122816893","1957527547","0.0454545"
"1957527547","2139086573","0.0454545"
"2139086573","1957527547","0.0454545"
"1957527547","2167942260","0.0454545"
"2167942260","1957527547","0.0454545"
"1957527547","2244987098","0.0454545"
"2244987098","1957527547","0.0454545"
"1957527547","2398397611","0.0454545"
"2398397611","1957527547","0.0454545"
"1957527547","2407187628","0.0454545"
"2407187628","1957527547","0.0454545"
"1957527547","5013789","0.0454545"
"5013789","1957527547","0.0454545"
"1957527547","942791280","0.0454545"
"942791280","1957527547","0.0454545"
"1957527547","976026051","0.0454545"
"976026051","1957527547","0.0454545"
"2083658889","2099918651","2.33206"
"2099918651","2083658889","2.33206"
"2083658889","2122816893","6.41017"
"2122816893","2083658889","6.41017"
"2083658889","2139086573","1.18047"
"2139086573","2083658889","1.18047"
"2083658889","2167942260","0.865389"
"2167942260","2083658889","0.865389"
"2083658889","2244987098","0.878788"
"2244987098","2083658889","0.878788"
"2083658889","2398397611","0.0454545"
"2398397611","2083658889","0.0454545"
"2083658889","5013789","0.0454545"
"5013789","2083658889","0.0454545"
"2083658889","942791280","0.0454545"
"942791280","2083658889","0.0454545"
"2083658889","976026051","0.0454545"
"976026051","2083658889","0.0454545"
"2099918651","2122816893","13.5444"
"2122816893","2099918651","13.5444"
"2099918651","2139086573","0.304278"
"2139086573","2099918651","0.304278"
"2099918651","2167942260","0.465389"
"2167942260","2099918651","0.465389"
"2099918651","2244987098","0.0454545"
"2244987098","2099918651","0.0454545"
"2099918651","2398397611","0.0454545"
"2398397611","2099918651","0.0454545"
"2099918651","2407187628","0.156566"
"2407187628","2099918651","0.156566"
"2099918651","5013789","0.0454545"
"5013789","2099918651","0.0454545"
"2099918651","942791280","0.0454545"
"942791280","2099918651","0.0454545"
"2099918651","976026051","0.0454545"
"976026051","2099918651","0.0454545"
"2122816893","2139086573","8.12094"
"2139086573","2122816893","8.12094"
"2122816893","2167942260","5.65706"
"2167942260","2122816893","5.65706"
"2122816893","2398397611","0.0454545"
"2398397611","2122816893","0.0454545"
"2122816893","2407187628","0.356566"
"2407187628","2122816893","0.356566"
"2122816893","5013789","0.0454545"
"5013789","2122816893","0.0454545"
"2139086573","2167942260","0.104278"
"2167942260","2139086573","0.104278"
"2139086573","2244987098","0.0454545"
"2244987098","2139086573","0.0454545"
"2139086573","2398397611","2.71212"
"2398397611","2139086573","2.71212"
"2139086573","2407187628","0.0454545"
"2407187628","2139086573","0.0454545"
"2139086573","5013789","0.0454545"
"5013789","2139086573","0.0454545"
"2139086573","942791280","0.0454545"
"942791280","2139086573","0.0454545"
"2139086573","976026051","0.0454545"
"976026051","2139086573","0.0454545"
"2167942260","2244987098","0.0454545"
"2244987098","2167942260","0.0454545"
"2167942260","2398397611","0.0454545"
"2398397611","2167942260","0.0454545"
"2167942260","2407187628","0.0454545"
"2407187628","2167942260","0.0454545"
"2167942260","5013789","0.0454545"
"5013789","2167942260","0.0454545"
"2167942260","942791280","0.0454545"
"942791280","2167942260","0.0454545"
"2167942260","976026051","0.0454545"
"976026051","2167942260","0.0454545"
"2244987098","2398397611","0.0454545"
"2398397611","2244987098","0.0454545"
"2398397611","2407187628","0.0454545"
"2407187628","2398397611","0.0454545"
"2398397611","5013789","0.0454545"
"5013789","2398397611","0.0454545"
"2398397611","942791280","0.0454545"
"942791280","2398397611","0.0454545"
"2398397611","976026051","0.0454545"
"976026051","2398397611","0.0454545"
"1529226136","1560862172","0.333333"
"1560862172","1529226136","0.333333"
"1529226136","1851390469","0.333333"
"1851390469","1529226136","0.333333"
"1006168843","2273878128","0.5"
"2273878128","1006168843","0.5"
"1559729415","2273878128","0.5"
"2273878128","1559729415","0.5"
"1509175288","1559729415","0.892857"
"1559729415","1509175288","0.892857"
"1509175288","2411457633","0.392857"
"2411457633","1509175288","0.392857"
"1551461997","1559729415","0.25"
"1559729415","1551461997","0.25"
"1551461997","2411457633","0.25"
"2411457633","1551461997","0.25"
"1006168843","2212898584","1"
"2212898584","1006168843","1"
"1006168843","2046324801","0.166667"
"2046324801","1006168843","0.166667"
"1559729415","2046324801","0.166667"
"2046324801","1559729415","0.166667"
"1638540206","2046324801","0.166667"
"2046324801","1638540206","0.166667"
"1746171598","2046324801","0.166667"
"2046324801","1746171598","0.166667"
"1844949470","2046324801","0.166667"
"2046324801","1844949470","0.166667"
"2046324801","2411457633","0.166667"
"2411457633","2046324801","0.166667"
"1486824273","1554598706","2.25"
"1554598706","1486824273","2.25"
"1486824273","1559729415","0.75"
"1559729415","1486824273","0.75"
"1486824273","2118229812","0.25"
"2118229812","1486824273","0.25"
"1486824273","2411457633","1"
"2411457633","1486824273","1"
"1554598706","2118229812","3.58333"
"2118229812","1554598706","3.58333"
"1559729415","2118229812","0.25"
"2118229812","1559729415","0.25"
"2118229812","2411457633","0.583333"
"2411457633","2118229812","0.583333"
"1486824273","2043885422","0.75"
"2043885422","1486824273","0.75"
"1486824273","2169982181","1.08333"
"2169982181","1486824273","1.08333"
"2043885422","2169982181","2.98333"
"2169982181","2043885422","2.98333"
"2043885422","2398397611","0.25"
"2398397611","2043885422","0.25"
"2169982181","2398397611","0.783333"
"2398397611","2169982181","0.783333"
"2169982181","2411457633","0.45"
"2411457633","2169982181","0.45"
"2398397611","2411457633","0.25"
"2411457633","2398397611","0.25"
"1486824273","2118017131","0.5"
"2118017131","1486824273","0.5"
"1844949470","2118017131","0.5"
"2118017131","1844949470","0.5"
"2043885422","2118017131","0.5"
"2118017131","2043885422","0.5"
"2118017131","2411457633","0.5"
"2411457633","2118017131","0.5"
"1486824273","2148291485","2.66667"
"2148291485","1486824273","2.66667"
"2139086573","2148291485","6.75882"
"2148291485","2139086573","6.75882"
"2148291485","2398397611","2.66667"
"2398397611","2148291485","2.66667"
"1554598706","2398397611","0.833333"
"2398397611","1554598706","0.833333"
"1486824273","1964857063","0.5"
"1964857063","1486824273","0.5"
"1486824273","2152029707","0.5"
"2152029707","1486824273","0.5"
"1964857063","2152029707","10.65"
"2152029707","1964857063","10.65"
"1964857063","2169982181","16.5194"
"2169982181","1964857063","16.5194"
"2122816893","2152029707","3.36667"
"2152029707","2122816893","3.36667"
"2122816893","2169982181","2.03611"
"2169982181","2122816893","2.03611"
"2152029707","2169982181","16.3167"
"2169982181","2152029707","16.3167"
"1486824273","2078907037","0.333333"
"2078907037","1486824273","0.333333"
"2078907037","2169982181","25.4917"
"2169982181","2078907037","25.4917"
"2078907037","2398397611","0.533333"
"2398397611","2078907037","0.533333"
"1559729415","2409074239","0.5"
"2409074239","1559729415","0.5"
"1509175288","1596880543","0.666667"
"1596880543","1509175288","0.666667"
"1560862172","1596880543","0.666667"
"1596880543","1560862172","0.666667"
"1560862172","1997375126","0.777778"
"1997375126","1560862172","0.777778"
"1596880543","1851390469","0.666667"
"1851390469","1596880543","0.666667"
"1596880543","1926949488","0.666667"
"1926949488","1596880543","0.666667"
"1596880543","1997375126","0.666667"
"1997375126","1596880543","0.666667"
"1596880543","2122816893","0.666667"
"2122816893","1596880543","0.666667"
"1926949488","1997375126","0.966667"
"1997375126","1926949488","0.966667"
"1509175288","2108094106","0.618347"
"2108094106","1509175288","0.618347"
"1509175288","2118229812","0.0588235"
"2118229812","1509175288","0.0588235"
"1509175288","2119414841","0.0588235"
"2119414841","1509175288","0.0588235"
"1509175288","2142550009","0.392157"
"2142550009","1509175288","0.392157"
"1509175288","2165481122","0.0588235"
"2165481122","1509175288","0.0588235"
"1509175288","2296408038","0.0588235"
"2296408038","1509175288","0.0588235"
"1509175288","320896","0.0588235"
"320896","1509175288","0.0588235"
"1576035775","2108094106","12.835"
"2108094106","1576035775","12.835"
"1576035775","2118229812","1.41352"
"2118229812","1576035775","1.41352"
"1576035775","2119414841","2.68382"
"2119414841","1576035775","2.68382"
"1576035775","2142550009","1.72549"
"2142550009","1576035775","1.72549"
"1576035775","2165481122","5.71835"
"2165481122","1576035775","5.71835"
"1576035775","2296408038","3.36035"
"2296408038","1576035775","3.36035"
"1576035775","320896","0.169935"
"320896","1576035775","0.169935"
"1851390469","2108094106","5.26716"
"2108094106","1851390469","5.26716"
"1851390469","2118229812","7.35519"
"2118229812","1851390469","7.35519"
"1851390469","2119414841","0.183824"
"2119414841","1851390469","0.183824"
"1851390469","2165481122","19.2517"
"2165481122","1851390469","19.2517"
"1851390469","2296408038","9.19249"
"2296408038","1851390469","9.19249"
"1851390469","320896","1.3366"
"320896","1851390469","1.3366"
"1997375126","2083658889","2.16471"
"2083658889","1997375126","2.16471"
"1997375126","2099918651","14.6072"
"2099918651","1997375126","14.6072"
"1997375126","2108094106","6.04216"
"2108094106","1997375126","6.04216"
"1997375126","2118229812","0.446858"
"2118229812","1997375126","0.446858"
"1997375126","2119414841","1.68382"
"2119414841","1997375126","1.68382"
"1997375126","2139086573","0.258824"
"2139086573","1997375126","0.258824"
"1997375126","2142550009","1.80882"
"2142550009","1997375126","1.80882"
"1997375126","2165481122","5.61835"
"2165481122","1997375126","5.61835"
"1997375126","2167942260","2.15327"
"2167942260","1997375126","2.15327"
"1997375126","2296408038","2.26035"
"2296408038","1997375126","2.26035"
"1997375126","320896","0.169935"
"320896","1997375126","0.169935"
"2083658889","2108094106","0.892157"
"2108094106","2083658889","0.892157"
"2083658889","2118229812","0.135747"
"2118229812","2083658889","0.135747"
"2083658889","2119414841","0.183824"
"2119414841","2083658889","0.183824"
"2083658889","2142550009","0.0588235"
"2142550009","2083658889","0.0588235"
"2083658889","2165481122","1.20882"
"2165481122","2083658889","1.20882"
"2083658889","2296408038","1.58138"
"2296408038","2083658889","1.58138"
"2083658889","320896","0.558824"
"320896","2083658889","0.558824"
"2099918651","2108094106","3.35049"
"2108094106","2099918651","3.35049"
"2099918651","2118229812","0.258824"
"2118229812","2099918651","0.258824"
"2099918651","2119414841","0.0588235"
"2119414841","2099918651","0.0588235"
"2099918651","2133052202","1.09216"
"2133052202","2099918651","1.09216"
"2099918651","2142550009","0.0588235"
"2142550009","2099918651","0.0588235"
"2099918651","2148291485","2.72271"
"2148291485","2099918651","2.72271"
"2099918651","2165481122","0.901681"
"2165481122","2099918651","0.901681"
"2099918651","2296408038","1.46557"
"2296408038","2099918651","1.46557"
"2099918651","320896","0.558824"
"320896","2099918651","0.558824"
"2108094106","2118229812","0.0588235"
"2118229812","2108094106","0.0588235"
"2108094106","2119414841","0.0588235"
"2119414841","2108094106","0.0588235"
"2108094106","2122816893","4.65049"
"2122816893","2108094106","4.65049"
"2108094106","2133052202","0.0588235"
"2133052202","2108094106","0.0588235"
"2108094106","2139086573","0.0588235"
"2139086573","2108094106","0.0588235"
"2108094106","2142550009","0.558824"
"2142550009","2108094106","0.558824"
"2108094106","2148291485","2.45049"
"2148291485","2108094106","2.45049"
"2108094106","2165481122","1.80882"
"2165481122","2108094106","1.80882"
"2108094106","2167942260","0.392157"
"2167942260","2108094106","0.392157"
"2108094106","2296408038","1.00049"
"2296408038","2108094106","1.00049"
"2108094106","320896","0.558824"
"320896","2108094106","0.558824"
"2118229812","2119414841","0.0588235"
"2119414841","2118229812","0.0588235"
"2118229812","2122816893","0.571858"
"2122816893","2118229812","0.571858"
"2118229812","2133052202","0.258824"
"2133052202","2118229812","0.258824"
"2118229812","2139086573","0.258824"
"2139086573","2118229812","0.258824"
"2118229812","2142550009","2.51716"
"2142550009","2118229812","2.51716"
"2118229812","2148291485","3.85519"
"2148291485","2118229812","3.85519"
"2118229812","2165481122","0.0588235"
"2165481122","2118229812","0.0588235"
"2118229812","2167942260","0.183824"
"2167942260","2118229812","0.183824"
"2118229812","2296408038","0.46908"
"2296408038","2118229812","0.46908"
"2118229812","320896","0.169935"
"320896","2118229812","0.169935"
"2119414841","2122816893","0.183824"
"2122816893","2119414841","0.183824"
"2119414841","2133052202","0.183824"
"2133052202","2119414841","0.183824"
"2119414841","2139086573","0.0588235"
"2139086573","2119414841","0.0588235"
"2119414841","2142550009","0.0588235"
"2142550009","2119414841","0.0588235"
"2119414841","2148291485","1.18382"
"2148291485","2119414841","1.18382"
"2119414841","2165481122","0.0588235"
"2165481122","2119414841","0.0588235"
"2119414841","2167942260","0.0588235"
"2167942260","2119414841","0.0588235"
"2119414841","2296408038","0.183824"
"2296408038","2119414841","0.183824"
"2119414841","320896","0.0588235"
"320896","2119414841","0.0588235"
"2122816893","2165481122","14.9517"
"2165481122","2122816893","14.9517"
"2122816893","2296408038","11.877"
"2296408038","2122816893","11.877"
"2122816893","320896","5.16993"
"320896","2122816893","5.16993"
"2133052202","2139086573","0.258824"
"2139086573","2133052202","0.258824"
"2133052202","2142550009","0.0588235"
"2142550009","2133052202","0.0588235"
"2133052202","2165481122","0.0588235"
"2165481122","2133052202","0.0588235"
"2133052202","2167942260","0.0588235"
"2167942260","2133052202","0.0588235"
"2133052202","2296408038","0.183824"
"2296408038","2133052202","0.183824"
"2133052202","320896","0.0588235"
"320896","2133052202","0.0588235"
"2139086573","2142550009","1.05882"
"2142550009","2139086573","1.05882"
"2139086573","2165481122","2.37549"
"2165481122","2139086573","2.37549"
"2139086573","2296408038","0.0588235"
"2296408038","2139086573","0.0588235"
"2139086573","320896","0.0588235"
"320896","2139086573","0.0588235"
"2142550009","2165481122","0.308824"
"2165481122","2142550009","0.308824"
"2142550009","2167942260","0.183824"
"2167942260","2142550009","0.183824"
"2142550009","2296408038","1.39216"
"2296408038","2142550009","1.39216"
"2142550009","320896","1.05882"
"320896","2142550009","1.05882"
"2148291485","2165481122","2.45882"
"2165481122","2148291485","2.45882"
"2148291485","2167942260","2.72827"
"2167942260","2148291485","2.72827"
"2148291485","2296408038","5.22583"
"2296408038","2148291485","5.22583"
"2148291485","320896","3.66993"
"320896","2148291485","3.66993"
"2165481122","2167942260","0.258824"
"2167942260","2165481122","0.258824"
"2165481122","2296408038","2.06835"
"2296408038","2165481122","2.06835"
"2165481122","320896","0.22549"
