"116835015","18684298","0.333333"
"18684298","116835015","0.333333"
"116835015","1991199257","0.833333"
"1991199257","116835015","0.833333"
"116835015","2022843938","1.33333"
"2022843938","116835015","1.33333"
"18684298","1991199257","0.333333"
"1991199257","18684298","0.333333"
"18684298","2022843938","2.33333"
"2022843938","18684298","2.33333"
"1991199257","2022843938","7.86667"
"2022843938","1991199257","7.86667"
"116835015","2116436709","1"
"2116436709","116835015","1"
"116835015","2153329411","1.5"
"2153329411","116835015","1.5"
"2116436709","2153329411","91.7095"
"2153329411","2116436709","91.7095"
"2022843938","2153329411","8.5"
"2153329411","2022843938","8.5"
"1595151077","2172126130","10.5833"
"2172126130","1595151077","10.5833"
"1595151077","1991199257","13.5833"
"1991199257","1595151077","13.5833"
"1595151077","2093793584","1.33333"
"2093793584","1595151077","1.33333"
"1991199257","2093793584","10.1667"
"2093793584","1991199257","10.1667"
"1595151077","2022843938","20"
"2022843938","1595151077","20"
"1595151077","1981523076","1.33333"
"1981523076","1595151077","1.33333"
"1595151077","2116436709","4.91667"
"2116436709","1595151077","4.91667"
"1981523076","2116436709","92.9262"
"2116436709","1981523076","92.9262"
"1595151077","1970827137","1.58333"
"1970827137","1595151077","1.58333"
"1970827137","2022843938","2.58333"
"2022843938","1970827137","2.58333"
"1595151077","2153329411","3.16667"
"2153329411","1595151077","3.16667"
"2022843938","2116436709","20.95"
"2116436709","2022843938","20.95"
"2022843938","2172126130","4.03333"
"2172126130","2022843938","4.03333"
"2022843938","2093793584","5"
"2093793584","2022843938","5"
"1595151077","1601601009","1.08333"
"1601601009","1595151077","1.08333"
"1601601009","2022843938","1.58333"
"2022843938","1601601009","1.58333"
"1601601009","2116436709","1.08333"
"2116436709","1601601009","1.08333"
"1970827137","1991199257","40.3929"
"1991199257","1970827137","40.3929"
"1970827137","2116436709","13.3095"
"2116436709","1970827137","13.3095"
"1991199257","2116436709","70.0929"
"2116436709","1991199257","70.0929"
"1991199257","2153329411","17.1429"
"2153329411","1991199257","17.1429"
"1991199257","2172126130","69.2"
"2172126130","1991199257","69.2"
"2116436709","2172126130","36.6"
"2172126130","2116436709","36.6"
"2153329411","2172126130","4.4"
"2172126130","2153329411","4.4"
"1595151077","2031032746","0.583333"
"2031032746","1595151077","0.583333"
"2022843938","2031032746","4.36667"
"2031032746","2022843938","4.36667"
"2031032746","2116436709","37.7929"
"2116436709","2031032746","37.7929"
"2031032746","2153329411","4.84286"
"2153329411","2031032746","4.84286"
"1601601009","1970827137","0.25"
"1970827137","1601601009","0.25"
"2031032746","2172126130","151.317"
"2172126130","2031032746","151.317"
"1981523076","2093793584","3.86667"
"2093793584","1981523076","3.86667"
"2093793584","2116436709","36.2333"
"2116436709","2093793584","36.2333"
"1595151077","2084807986","0.333333"
"2084807986","1595151077","0.333333"
"2084807986","2116436709","8.47619"
"2116436709","2084807986","8.47619"
"2084807986","2153329411","4.80952"
"2153329411","2084807986","4.80952"
"1595151077","2054644843","0.5"
"2054644843","1595151077","0.5"
"2022843938","2054644843","0.5"
"2054644843","2022843938","0.5"
"1601601009","2153329411","0.5"
"2153329411","1601601009","0.5"
"1601601009","2093793584","0.5"
"2093793584","1601601009","0.5"
"1970827137","2031032746","2.97619"
"2031032746","1970827137","2.97619"
"1970827137","2054644843","3.25"
"2054644843","1970827137","3.25"
"1970827137","2084807986","1.89286"
"2084807986","1970827137","1.89286"
"1970827137","2093793584","3.08333"
"2093793584","1970827137","3.08333"
"1970827137","2172126130","4.5"
"2172126130","1970827137","4.5"
"1970827137","25162621","8.83333"
"25162621","1970827137","8.83333"
"1991199257","2031032746","34.4262"
"2031032746","1991199257","34.4262"
"1991199257","2054644843","23.0833"
"2054644843","1991199257","23.0833"
"1991199257","2084807986","2.47619"
"2084807986","1991199257","2.47619"
"1991199257","25162621","8.03333"
"25162621","1991199257","8.03333"
"2031032746","2054644843","1.75"
"2054644843","2031032746","1.75"
"2031032746","2084807986","1.89286"
"2084807986","2031032746","1.89286"
"2031032746","2093793584","6.45"
"2093793584","2031032746","6.45"
"2031032746","25162621","2.2"
"25162621","2031032746","2.2"
"2054644843","2084807986","1.5"
"2084807986","2054644843","1.5"
"2054644843","2093793584","1.83333"
"2093793584","2054644843","1.83333"
"2054644843","2116436709","1.5"
"2116436709","2054644843","1.5"
"2054644843","2172126130","3.58333"
"2172126130","2054644843","3.58333"
"2054644843","25162621","2.5"
"25162621","2054644843","2.5"
"2084807986","2093793584","8"
"2093793584","2084807986","8"
"2084807986","2172126130","3"
"2172126130","2084807986","3"
"2084807986","25162621","1.5"
"25162621","2084807986","1.5"
"2093793584","2172126130","7.56667"
"2172126130","2093793584","7.56667"
"2093793584","25162621","1.5"
"25162621","2093793584","1.5"
"2116436709","25162621","4.7"
"25162621","2116436709","4.7"
"2172126130","25162621","1.7"
"25162621","2172126130","1.7"
"1970827137","2153329411","1.30952"
"2153329411","1970827137","1.30952"
"2022843938","25162621","0.533333"
"25162621","2022843938","0.533333"
"1970827137","1981523076","0.892857"
"1981523076","1970827137","0.892857"
"1981523076","1991199257","6.47619"
"1991199257","1981523076","6.47619"
"1981523076","2031032746","4.55952"
"2031032746","1981523076","4.55952"
"1970827137","2025952212","0.142857"
"2025952212","1970827137","0.142857"
"1981523076","2025952212","1.50952"
"2025952212","1981523076","1.50952"
"1981523076","2084807986","2.30952"
"2084807986","1981523076","2.30952"
"1981523076","2153329411","14.9262"
"2153329411","1981523076","14.9262"
"1991199257","2025952212","2.89286"
"2025952212","1991199257","2.89286"
"2025952212","2031032746","0.842857"
"2031032746","2025952212","0.842857"
"2025952212","2084807986","2.30952"
"2084807986","2025952212","2.30952"
"2025952212","2116436709","9.37619"
"2116436709","2025952212","9.37619"
"2025952212","2153329411","19.9595"
"2153329411","2025952212","19.9595"
"1970827137","2133014505","1"
"2133014505","1970827137","1"
"1981523076","2086989441","0.5"
"2086989441","1981523076","0.5"
"2086989441","2116436709","1.33333"
"2116436709","2086989441","1.33333"
"1981523076","2172126130","1.78333"
"2172126130","1981523076","1.78333"
"1981523076","2022843938","1.41667"
"2022843938","1981523076","1.41667"
"2025952212","2172126130","1.73333"
"2172126130","2025952212","1.73333"
"1981523076","25162621","1.5"
"25162621","1981523076","1.5"
"2025952212","2093793584","6.4"
"2093793584","2025952212","6.4"
"2093793584","2153329411","19.2333"
"2153329411","2093793584","19.2333"
"1991199257","2133014505","1"
"2133014505","1991199257","1"
"2022843938","2025952212","5.5"
"2025952212","2022843938","5.5"
"2022843938","2084807986","0.5"
"2084807986","2022843938","0.5"
"2025952212","2086989441","0.333333"
"2086989441","2025952212","0.333333"
"2086989441","2093793584","0.833333"
"2093793584","2086989441","0.833333"
"2054644843","2153329411","3"
"2153329411","2054644843","3"
"2054644843","2133014505","5"
"2133014505","2054644843","5"
"2081646851","25162621","1"
"25162621","2081646851","1"
