"1488678234","2032521898","45.1202"
"2032521898","1488678234","45.1202"
"1488678234","2038230692","19.9857"
"2038230692","1488678234","19.9857"
"1488678234","2075440920","19.1202"
"2075440920","1488678234","19.1202"
"1488678234","62227241","10.5012"
"62227241","1488678234","10.5012"
"2032521898","2038230692","117.034"
"2038230692","2032521898","117.034"
"2032521898","2075440920","36.4714"
"2075440920","2032521898","36.4714"
"2032521898","62227241","11.8536"
"62227241","2032521898","11.8536"
"2038230692","2075440920","11.2119"
"2075440920","2038230692","11.2119"
"2038230692","62227241","6.94524"
"62227241","2038230692","6.94524"
"2075440920","62227241","4.52738"
"62227241","2075440920","4.52738"
"1488678234","1766171436","15.7702"
"1766171436","1488678234","15.7702"
"1488678234","2127211454","12.6345"
"2127211454","1488678234","12.6345"
"1766171436","2032521898","67.323"
"2032521898","1766171436","67.323"
"1766171436","2038230692","41.5802"
"2038230692","1766171436","41.5802"
"1766171436","2075440920","6.52024"
"2075440920","1766171436","6.52024"
"1766171436","2127211454","6.60952"
"2127211454","1766171436","6.60952"
"2032521898","2127211454","24.5798"
"2127211454","2032521898","24.5798"
"2038230692","2127211454","19.1298"
"2127211454","2038230692","19.1298"
"2075440920","2127211454","6.50238"
"2127211454","2075440920","6.50238"
"1488678234","2168582580","5.67619"
"2168582580","1488678234","5.67619"
"2032521898","2168582580","9.92857"
"2168582580","2032521898","9.92857"
"2038230692","2168582580","4.28571"
"2168582580","2038230692","4.28571"
"1488678234","1651273720","0.833333"
"1651273720","1488678234","0.833333"
"1488678234","2124199440","5.74167"
"2124199440","1488678234","5.74167"
"1651273720","2124199440","9.10952"
"2124199440","1651273720","9.10952"
"1488678234","2117750217","3.025"
"2117750217","1488678234","3.025"
"1766171436","2117750217","3.11111"
"2117750217","1766171436","3.11111"
"1488678234","2015612071","1.875"
"2015612071","1488678234","1.875"
"1651273720","2015612071","13.5524"
"2015612071","1651273720","13.5524"
"2015612071","2124199440","16.8345"
"2124199440","2015612071","16.8345"
"2032521898","2124199440","14.8345"
"2124199440","2032521898","14.8345"
"1488678234","2039975744","1.45833"
"2039975744","1488678234","1.45833"
"1488678234","1568752909","1.75"
"1568752909","1488678234","1.75"
"1568752909","2127211454","1.41667"
"2127211454","1568752909","1.41667"
"1488678234","1984525813","5.96786"
"1984525813","1488678234","5.96786"
"1488678234","2113250622","0.535714"
"2113250622","1488678234","0.535714"
"1984525813","2032521898","12.3036"
"2032521898","1984525813","12.3036"
"1984525813","2113250622","3.89286"
"2113250622","1984525813","3.89286"
"1984525813","62227241","4.94524"
"62227241","1984525813","4.94524"
"2032521898","2113250622","0.535714"
"2113250622","2032521898","0.535714"
"2113250622","62227241","1.64286"
"62227241","2113250622","1.64286"
"2075440920","2168582580","4.35238"
"2168582580","2075440920","4.35238"
"1488678234","1562735428","0.75"
"1562735428","1488678234","0.75"
"1562735428","1568752909","0.75"
"1568752909","1562735428","0.75"
"1562735428","2124199440","13.1262"
"2124199440","1562735428","13.1262"
"1568752909","2124199440","2.08333"
"2124199440","1568752909","2.08333"
"1488678234","2158688066","1.825"
"2158688066","1488678234","1.825"
"2032521898","2158688066","6.87897"
"2158688066","2032521898","6.87897"
"2038230692","2158688066","3.42063"
"2158688066","2038230692","3.42063"
"1984525813","2038230692","5.35357"
"2038230692","1984525813","5.35357"
"1984525813","2127211454","2.54405"
"2127211454","1984525813","2.54405"
"2127211454","62227241","1.84405"
"62227241","2127211454","1.84405"
"1568752909","2032521898","2.41667"
"2032521898","1568752909","2.41667"
"1766171436","2039975744","0.125"
"2039975744","1766171436","0.125"
"1766171436","2168582580","1.80119"
"2168582580","1766171436","1.80119"
"2032521898","2039975744","1.79167"
"2039975744","2032521898","1.79167"
"2032521898","2117750217","5.44563"
"2117750217","2032521898","5.44563"
"2038230692","2039975744","0.458333"
"2039975744","2038230692","0.458333"
"2038230692","2117750217","4.12064"
"2117750217","2038230692","4.12064"
"2039975744","2075440920","0.458333"
"2075440920","2039975744","0.458333"
"2039975744","2117750217","0.125"
"2117750217","2039975744","0.125"
"2039975744","2127211454","0.458333"
"2127211454","2039975744","0.458333"
"2039975744","2168582580","0.125"
"2168582580","2039975744","0.125"
"2075440920","2117750217","3.75952"
"2117750217","2075440920","3.75952"
"2117750217","2127211454","4.10119"
"2127211454","2117750217","4.10119"
"2117750217","2168582580","2.46786"
"2168582580","2117750217","2.46786"
"2127211454","2168582580","2.21905"
"2168582580","2127211454","2.21905"
"1766171436","62227241","1.95952"
"62227241","1766171436","1.95952"
"1488678234","2067309024","0.125"
"2067309024","1488678234","0.125"
"1984525813","2067309024","0.60119"
"2067309024","1984525813","0.60119"
"1984525813","2075440920","5.02738"
"2075440920","1984525813","5.02738"
"1984525813","2158688066","0.35119"
"2158688066","1984525813","0.35119"
"1984525813","2168582580","5.76071"
"2168582580","1984525813","5.76071"
"2032521898","2067309024","0.267857"
"2067309024","2032521898","0.267857"
"2038230692","2067309024","0.60119"
"2067309024","2038230692","0.60119"
"2067309024","2075440920","0.458333"
"2075440920","2067309024","0.458333"
"2067309024","2127211454","0.267857"
"2127211454","2067309024","0.267857"
"2067309024","2158688066","0.267857"
"2158688066","2067309024","0.267857"
"2067309024","2168582580","0.267857"
"2168582580","2067309024","0.267857"
"2075440920","2158688066","1.2"
"2158688066","2075440920","1.2"
"2127211454","2158688066","1.66786"
"2158688066","2127211454","1.66786"
"2158688066","2168582580","3.18452"
"2168582580","2158688066","3.18452"
"1488678234","2034235801","1.08333"
"2034235801","1488678234","1.08333"
"1766171436","2034235801","0.45"
"2034235801","1766171436","0.45"
"2034235801","2075440920","0.583333"
"2075440920","2034235801","0.583333"
"2034235801","62227241","1.2"
"62227241","2034235801","1.2"
"1488678234","1967500877","0.619048"
"1967500877","1488678234","0.619048"
"1967500877","2032521898","0.702381"
"2032521898","1967500877","0.702381"
"1967500877","2075440920","1.70238"
"2075440920","1967500877","1.70238"
"1488678234","1489285575","0.485714"
"1489285575","1488678234","0.485714"
"1488678234","2162074251","0.2"
"2162074251","1488678234","0.2"
"1489285575","1766171436","0.810714"
"1766171436","1489285575","0.810714"
"1489285575","2032521898","0.944048"
"2032521898","1489285575","0.944048"
"1489285575","2075440920","1.48571"
"2075440920","1489285575","1.48571"
"1489285575","2162074251","7.30119"
"2162074251","1489285575","7.30119"
"1766171436","2162074251","0.991667"
"2162074251","1766171436","0.991667"
"2032521898","2162074251","1.65833"
"2162074251","2032521898","1.65833"
"2075440920","2162074251","1.2"
"2162074251","2075440920","1.2"
"1488678234","2076395037","1.45833"
"2076395037","1488678234","1.45833"
"2075440920","2076395037","4.74167"
"2076395037","2075440920","4.74167"
"2076395037","2127211454","0.741667"
"2127211454","2076395037","0.741667"
"2117750217","2158688066","4.82778"
"2158688066","2117750217","4.82778"
"1488678234","257129114","0.666667"
"257129114","1488678234","0.666667"
"2038230692","257129114","0.333333"
"257129114","2038230692","0.333333"
"257129114","62227241","1.16667"
"62227241","257129114","1.16667"
"1488678234","1542046958","0.5"
"1542046958","1488678234","0.5"
"1542046958","2032521898","1.21944"
"2032521898","1542046958","1.21944"
"1489285575","1967500877","0.285714"
"1967500877","1489285575","0.285714"
"1489285575","2038230692","0.267857"
"2038230692","1489285575","0.267857"
"1489285575","2127211454","0.267857"
"2127211454","1489285575","0.267857"
"1766171436","1967500877","0.369048"
"1967500877","1766171436","0.369048"
"1967500877","2038230692","0.22619"
"2038230692","1967500877","0.22619"
"1967500877","2127211454","0.22619"
"2127211454","1967500877","0.22619"
"1488678234","1560538750","1.125"
"1560538750","1488678234","1.125"
"1560538750","2015612071","7.26071"
"2015612071","1560538750","7.26071"
"1560538750","2032521898","1.5373"
"2032521898","1560538750","1.5373"
"1560538750","2075440920","0.25"
"2075440920","1560538750","0.25"
"1560538750","2076395037","0.125"
"2076395037","1560538750","0.125"
"1560538750","2124199440","7.56786"
"2124199440","1560538750","7.56786"
"1560538750","2127211454","0.392857"
"2127211454","1560538750","0.392857"
"1560538750","62227241","0.125"
"62227241","1560538750","0.125"
"2015612071","2032521898","16.0179"
"2032521898","2015612071","16.0179"
"2015612071","2075440920","0.458333"
"2075440920","2015612071","0.458333"
"2015612071","2076395037","0.208333"
"2076395037","2015612071","0.208333"
"2015612071","2127211454","1.60119"
"2127211454","2015612071","1.60119"
"2015612071","62227241","0.125"
"62227241","2015612071","0.125"
"2032521898","2076395037","2.35833"
"2076395037","2032521898","2.35833"
"2075440920","2124199440","0.125"
"2124199440","2075440920","0.125"
"2076395037","2124199440","0.125"
"2124199440","2076395037","0.125"
"2076395037","62227241","0.375"
"62227241","2076395037","0.375"
"2124199440","2127211454","1.00119"
"2127211454","2124199440","1.00119"
"2124199440","62227241","0.125"
"62227241","2124199440","0.125"
"1562735428","1766171436","3.11111"
"1766171436","1562735428","3.11111"
"1562735428","2015612071","23.9024"
"2015612071","1562735428","23.9024"
"1562735428","2032521898","4.95397"
"2032521898","1562735428","4.95397"
"1562735428","2038230692","1.25397"
"2038230692","1562735428","1.25397"
"1568752909","1766171436","0.166667"
"1766171436","1568752909","0.166667"
"1568752909","2015612071","1.41667"
"2015612071","1568752909","1.41667"
"1568752909","2038230692","1.16667"
"2038230692","1568752909","1.16667"
"1766171436","2015612071","10.7833"
"2015612071","1766171436","10.7833"
"2015612071","2038230692","4.02619"
"2038230692","2015612071","4.02619"
"1766171436","1984525813","4.29286"
"1984525813","1766171436","4.29286"
"1766171436","2113250622","0.285714"
"2113250622","1766171436","0.285714"
"2038230692","2113250622","0.392857"
"2113250622","2038230692","0.392857"
"2075440920","2113250622","0.535714"
"2113250622","2075440920","0.535714"
"1488678234","2041085661","2"
"2041085661","1488678234","2"
"1489285575","2113250622","0.142857"
"2113250622","1489285575","0.142857"
"1489285575","2168582580","0.142857"
"2168582580","1489285575","0.142857"
"1967500877","2113250622","0.142857"
"2113250622","1967500877","0.142857"
"1967500877","2168582580","0.22619"
"2168582580","1967500877","0.22619"
"2113250622","2168582580","1.14286"
"2168582580","2113250622","1.14286"
"2032521898","2034235801","1.78333"
"2034235801","2032521898","1.78333"
"2032521898","257129114","2.16667"
"257129114","2032521898","2.16667"
"2158688066","257129114","0.333333"
"257129114","2158688066","0.333333"
"1766171436","2124199440","17.7333"
"2124199440","1766171436","17.7333"
"2038230692","2124199440","4.59286"
"2124199440","2038230692","4.59286"
"1488678234","2707509097","1"
"2707509097","1488678234","1"
"2707509097","62227241","1"
"62227241","2707509097","1"
"1488678234","1981930699","0.166667"
"1981930699","1488678234","0.166667"
"1981930699","1984525813","0.166667"
"1984525813","1981930699","0.166667"
"1981930699","2032521898","0.166667"
"2032521898","1981930699","0.166667"
"1981930699","2038230692","0.166667"
"2038230692","1981930699","0.166667"
"1981930699","2075440920","0.166667"
"2075440920","1981930699","0.166667"
"1981930699","62227241","0.166667"
"62227241","1981930699","0.166667"
"1488678234","20776297","1"
"20776297","1488678234","1"
"1489285575","2124199440","4.5"
"2124199440","1489285575","4.5"
"1489285575","1542046958","0.4"
"1542046958","1489285575","0.4"
"1489285575","1560538750","0.709524"
"1560538750","1489285575","0.709524"
"1489285575","2076587107","0.525"
"2076587107","1489285575","0.525"
"1489285575","2117750217","0.325"
"2117750217","1489285575","0.325"
"1489285575","2158688066","0.834524"
"2158688066","1489285575","0.834524"
"1542046958","1560538750","0.636111"
"1560538750","1542046958","0.636111"
"1542046958","2076587107","1.03611"
"2076587107","1542046958","1.03611"
"1542046958","2117750217","1.83611"
"2117750217","1542046958","1.83611"
"1542046958","2158688066","0.719444"
"2158688066","1542046958","0.719444"
"1560538750","2076587107","0.969444"
"2076587107","1560538750","0.969444"
"1560538750","2117750217","0.969444"
"2117750217","1560538750","0.969444"
"1560538750","2158688066","9.09563"
"2158688066","1560538750","9.09563"
"2076587107","2117750217","1.46111"
"2117750217","2076587107","1.46111"
"2076587107","2158688066","1.26111"
"2158688066","2076587107","1.26111"
"1489285575","1562735428","0.309524"
"1562735428","1489285575","0.309524"
"1489285575","1651273720","0.309524"
"1651273720","1489285575","0.309524"
"1489285575","2015612071","1.30952"
"2015612071","1489285575","1.30952"
"1560538750","1562735428","15.6302"
"1562735428","1560538750","15.6302"
"1560538750","1651273720","6.55238"
"1651273720","1560538750","6.55238"
"1562735428","1651273720","4.26905"
"1651273720","1562735428","4.26905"
"1562735428","2158688066","2.17063"
"2158688066","1562735428","2.17063"
"1651273720","2158688066","0.759524"
"2158688066","1651273720","0.759524"
"2015612071","2158688066","4.22619"
"2158688066","2015612071","4.22619"
"2124199440","2158688066","2.83333"
"2158688066","2124199440","2.83333"
"1766171436","2076587107","2.25278"
"2076587107","1766171436","2.25278"
"1766171436","2158688066","2.48611"
"2158688066","1766171436","2.48611"
"2032521898","2076587107","1.42778"
"2076587107","2032521898","1.42778"
"2038230692","2076587107","1.85278"
"2076587107","2038230692","1.85278"
"2038230692","2162074251","0.125"
"2162074251","2038230692","0.125"
"2076587107","2127211454","0.5"
"2127211454","2076587107","0.5"
"2076587107","2162074251","0.125"
"2162074251","2076587107","0.125"
"2117750217","2162074251","0.125"
"2162074251","2117750217","0.125"
"2127211454","2162074251","0.125"
"2162074251","2127211454","0.125"
"2158688066","2162074251","0.60119"
"2162074251","2158688066","0.60119"
"1542046958","1766171436","1.79444"
"1766171436","1542046958","1.79444"
"1560538750","1766171436","1.26111"
"1766171436","1560538750","1.26111"
"1489285575","2146168643","0.642857"
"2146168643","1489285575","0.642857"
"1560538750","2146168643","8.0623"
"2146168643","1560538750","8.0623"
"1560538750","2162074251","1.47619"
"2162074251","1560538750","1.47619"
"1562735428","2146168643","3.57063"
"2146168643","1562735428","3.57063"
"1562735428","2162074251","1.47619"
"2162074251","1562735428","1.47619"
"1651273720","2146168643","0.992857"
"2146168643","1651273720","0.992857"
"1651273720","2162074251","0.47619"
"2162074251","1651273720","0.47619"
"2015612071","2146168643","0.87619"
"2146168643","2015612071","0.87619"
"2015612071","2162074251","1.97619"
"2162074251","2015612071","1.97619"
"2146168643","2158688066","3.1623"
"2158688066","2146168643","3.1623"
"2146168643","2162074251","1.47619"
"2162074251","2146168643","1.47619"
"2124199440","2162074251","0.666667"
"2162074251","2124199440","0.666667"
"1542046958","1967500877","0.0833333"
"1967500877","1542046958","0.0833333"
"1542046958","1984525813","0.0833333"
"1984525813","1542046958","0.0833333"
"1542046958","2015612071","0.283333"
"2015612071","1542046958","0.283333"
"1542046958","2038230692","0.394444"
"2038230692","1542046958","0.394444"
"1542046958","2075440920","0.208333"
"2075440920","1542046958","0.208333"
"1542046958","2076395037","0.0833333"
"2076395037","1542046958","0.0833333"
"1542046958","2107624081","0.0833333"
"2107624081","1542046958","0.0833333"
"1542046958","2127211454","0.208333"
"2127211454","1542046958","0.208333"
"1542046958","2168582580","0.0833333"
"2168582580","1542046958","0.0833333"
"1766171436","2076395037","0.283333"
"2076395037","1766171436","0.283333"
"1766171436","2107624081","0.483333"
"2107624081","1766171436","0.483333"
"1967500877","1984525813","0.0833333"
"1984525813","1967500877","0.0833333"
"1967500877","2015612071","0.0833333"
"2015612071","1967500877","0.0833333"
"1967500877","2076395037","0.0833333"
"2076395037","1967500877","0.0833333"
"1967500877","2107624081","0.0833333"
"2107624081","1967500877","0.0833333"
"1967500877","2158688066","0.0833333"
"2158688066","1967500877","0.0833333"
"1984525813","2015612071","0.333333"
"2015612071","1984525813","0.333333"
"1984525813","2076395037","1.33333"
"2076395037","1984525813","1.33333"
"1984525813","2107624081","0.0833333"
"2107624081","1984525813","0.0833333"
"2015612071","2107624081","0.0833333"
"2107624081","2015612071","0.0833333"
"2015612071","2168582580","1.66667"
"2168582580","2015612071","1.66667"
"2032521898","2107624081","1.68333"
"2107624081","2032521898","1.68333"
"2038230692","2076395037","2.73333"
"2076395037","2038230692","2.73333"
"2038230692","2107624081","0.683333"
"2107624081","2038230692","0.683333"
"2075440920","2107624081","1.68333"
"2107624081","2075440920","1.68333"
"2076395037","2107624081","0.283333"
"2107624081","2076395037","0.283333"
"2076395037","2158688066","0.0833333"
"2158688066","2076395037","0.0833333"
"2076395037","2168582580","0.283333"
"2168582580","2076395037","0.283333"
"2107624081","2127211454","0.483333"
"2127211454","2107624081","0.483333"
"2107624081","2158688066","0.0833333"
"2158688066","2107624081","0.0833333"
"2107624081","2168582580","0.283333"
"2168582580","2107624081","0.283333"
"1542046958","2146168643","0.236111"
"2146168643","1542046958","0.236111"
"2032521898","2146168643","0.436111"
"2146168643","2032521898","0.436111"
"2075440920","2076587107","0.375"
"2076587107","2075440920","0.375"
"2075440920","2146168643","0.125"
"2146168643","2075440920","0.125"
"2076587107","2146168643","0.236111"
"2146168643","2076587107","0.236111"
"2117750217","2146168643","0.236111"
"2146168643","2117750217","0.236111"
"2127211454","2146168643","0.125"
"2146168643","2127211454","0.125"
"2015612071","2076587107","0.366667"
"2076587107","2015612071","0.366667"
"2015612071","2117750217","2.4"
"2117750217","2015612071","2.4"
"1542046958","1562735428","0.111111"
"1562735428","1542046958","0.111111"
"1560538750","2038230692","1.00397"
"2038230692","1560538750","1.00397"
"1562735428","2076587107","0.111111"
"2076587107","1562735428","0.111111"
"1562735428","2117750217","0.361111"
"2117750217","1562735428","0.361111"
"1766171436","2146168643","1.11111"
"2146168643","1766171436","1.11111"
"2038230692","2146168643","0.111111"
"2146168643","2038230692","0.111111"
"2124199440","2146168643","2.6"
"2146168643","2124199440","2.6"
"1560538750","2168582580","0.25"
"2168582580","1560538750","0.25"
"1562735428","2168582580","0.5"
"2168582580","1562735428","0.5"
"1651273720","2032521898","2.29286"
"2032521898","1651273720","2.29286"
"2117750217","2124199440","0.816667"
"2124199440","2117750217","0.816667"
"1562735428","2127211454","0.309524"
"2127211454","1562735428","0.309524"
"1651273720","2038230692","0.342857"
"2038230692","1651273720","0.342857"
"1651273720","2127211454","0.142857"
"2127211454","1651273720","0.142857"
"2124199440","2168582580","1.58333"
"2168582580","2124199440","1.58333"
"1562735428","2707509097","0.333333"
"2707509097","1562735428","0.333333"
"1651273720","2707509097","0.333333"
"2707509097","1651273720","0.333333"
"2015612071","2707509097","0.333333"
"2707509097","2015612071","0.333333"
"1568752909","2117750217","0.333333"
"2117750217","1568752909","0.333333"
"1568752909","2075440920","0.25"
"2075440920","1568752909","0.25"
"1568752909","2168582580","0.25"
"2168582580","1568752909","0.25"
"1568752909","2076395037","1"
"2076395037","1568752909","1"
"1605723650","2032521898","1"
"2032521898","1605723650","1"
"1651273720","1766171436","0.533333"
"1766171436","1651273720","0.533333"
"1651273720","20776297","0.5"
"20776297","1651273720","0.5"
"20776297","2124199440","15.8333"
"2124199440","20776297","15.8333"
"2076395037","2117750217","0.7"
"2117750217","2076395037","0.7"
"1984525813","2117750217","0.309524"
"2117750217","1984525813","0.309524"
"1984525813","2124199440","0.166667"
"2124199440","1984525813","0.166667"
"1984525813","2034235801","0.2"
"2034235801","1984525813","0.2"
"2034235801","2127211454","0.45"
"2127211454","2034235801","0.45"
"2067309024","62227241","0.142857"
"62227241","2067309024","0.142857"
"2158688066","62227241","0.642857"
"62227241","2158688066","0.642857"
"2168582580","62227241","0.485714"
"62227241","2168582580","0.485714"
"1984525813","1994531896","0.2"
"1994531896","1984525813","0.2"
"1994531896","2032521898","0.2"
"2032521898","1994531896","0.2"
"1994531896","2038230692","0.2"
"2038230692","1994531896","0.2"
"1994531896","2127211454","0.2"
"2127211454","1994531896","0.2"
"1994531896","2168582580","0.2"
"2168582580","1994531896","0.2"
"2117750217","62227241","0.142857"
"62227241","2117750217","0.142857"
"1984525813","2087341942","2"
"2087341942","1984525813","2"
"2087341942","62227241","1.5"
"62227241","2087341942","1.5"
"2087341942","2168582580","0.5"
"2168582580","2087341942","0.5"
"2032521898","20776297","0.333333"
"20776297","2032521898","0.333333"
"20776297","2168582580","0.333333"
"2168582580","20776297","0.333333"
"2034235801","2076587107","0.25"
"2076587107","2034235801","0.25"
"2076587107","62227241","0.25"
"62227241","2076587107","0.25"
"2032521898","2799833251","0.333333"
"2799833251","2032521898","0.333333"
"257129114","2799833251","0.333333"
"2799833251","257129114","0.333333"
"2799833251","62227241","0.333333"
"62227241","2799833251","0.333333"
"2113250622","2127211454","0.25"
"2127211454","2113250622","0.25"
"2041085661","2158688066","1"
"2158688066","2041085661","1"
"2075440920","2087341942","0.5"
"2087341942","2075440920","0.5"
"2087341942","2113250622","1.5"
"2113250622","2087341942","1.5"
"2113250622","2117750217","1"
"2117750217","2113250622","1"
"2113250622","2124199440","2"
"2124199440","2113250622","2"
