"144321000","1916873869","1.36667"
"1916873869","144321000","1.36667"
"144321000","1546563846","4.5"
"1546563846","144321000","4.5"
"144321000","1905006898","4.5"
"1905006898","144321000","4.5"
"1546563846","1905006898","4.5"
"1905006898","1546563846","4.5"
"144321000","1817831659","0.166667"
"1817831659","144321000","0.166667"
"144321000","1824350028","0.366667"
"1824350028","144321000","0.366667"
"144321000","1942430676","0.166667"
"1942430676","144321000","0.166667"
"144321000","2115606613","0.166667"
"2115606613","144321000","0.166667"
"144321000","2219439767","0.166667"
"2219439767","144321000","0.166667"
"1817831659","1824350028","3.47424"
"1824350028","1817831659","3.47424"
"1817831659","1916873869","4.22543"
"1916873869","1817831659","4.22543"
"1817831659","1942430676","1.03333"
"1942430676","1817831659","1.03333"
"1817831659","2115606613","0.566667"
"2115606613","1817831659","0.566667"
"1817831659","2219439767","2.21786"
"2219439767","1817831659","2.21786"
"1824350028","1916873869","13.5024"
"1916873869","1824350028","13.5024"
"1824350028","1942430676","3.50714"
"1942430676","1824350028","3.50714"
"1824350028","2115606613","0.934799"
"2115606613","1824350028","0.934799"
"1824350028","2219439767","9.02143"
"2219439767","1824350028","9.02143"
"1916873869","1942430676","4.69048"
"1942430676","1916873869","4.69048"
"1916873869","2115606613","3.04164"
"2115606613","1916873869","3.04164"
"1916873869","2219439767","1.88929"
"2219439767","1916873869","1.88929"
"1942430676","2115606613","0.566667"
"2115606613","1942430676","0.566667"
"1942430676","2219439767","0.704762"
"2219439767","1942430676","0.704762"
"2115606613","2219439767","0.566667"
"2219439767","2115606613","0.566667"
"144321000","1884466543","0.2"
"1884466543","144321000","0.2"
"144321000","1920450345","0.2"
"1920450345","144321000","0.2"
"144321000","998171480","0.2"
"998171480","144321000","0.2"
"1824350028","1884466543","0.533333"
"1884466543","1824350028","0.533333"
"1824350028","1920450345","3.61261"
"1920450345","1824350028","3.61261"
"1824350028","998171480","0.761111"
"998171480","1824350028","0.761111"
"1884466543","1916873869","0.866667"
"1916873869","1884466543","0.866667"
"1884466543","1920450345","1.2"
"1920450345","1884466543","1.2"
"1884466543","998171480","0.2"
"998171480","1884466543","0.2"
"1916873869","1920450345","68.3123"
"1920450345","1916873869","68.3123"
"1916873869","998171480","0.761111"
"998171480","1916873869","0.761111"
"1920450345","998171480","0.561111"
"998171480","1920450345","0.561111"
"1490538314","1557430458","2.02571"
"1557430458","1490538314","2.02571"
"1490538314","1574370827","0.142857"
"1574370827","1490538314","0.142857"
"1490538314","1749356136","0.434799"
"1749356136","1490538314","0.434799"
"1490538314","1779208579","0.668565"
"1779208579","1490538314","0.668565"
"1490538314","1824350028","0.434799"
"1824350028","1490538314","0.434799"
"1490538314","1896703187","0.668565"
"1896703187","1490538314","0.668565"
"1490538314","1897975632","0.525708"
"1897975632","1490538314","0.525708"
"1490538314","1916873869","0.591642"
"1916873869","1490538314","0.591642"
"1490538314","1918831814","0.225275"
"1918831814","1490538314","0.225275"
"1490538314","1920450345","0.668565"
"1920450345","1490538314","0.668565"
"1490538314","1960206217","1.16856"
"1960206217","1490538314","1.16856"
"1490538314","2096308935","1.35788"
"2096308935","1490538314","1.35788"
"1490538314","2105457381","0.668565"
"2105457381","1490538314","0.668565"
"1490538314","2151920798","0.525708"
"2151920798","1490538314","0.525708"
"1557430458","1574370827","0.142857"
"1574370827","1557430458","0.142857"
"1557430458","1749356136","0.434799"
"1749356136","1557430458","0.434799"
"1557430458","1779208579","1.52571"
"1779208579","1557430458","1.52571"
"1557430458","1824350028","0.434799"
"1824350028","1557430458","0.434799"
"1557430458","1896703187","0.525708"
"1896703187","1557430458","0.525708"
"1557430458","1897975632","0.525708"
"1897975632","1557430458","0.525708"
"1557430458","1916873869","5.94878"
"1916873869","1557430458","5.94878"
"1557430458","1918831814","0.225275"
"1918831814","1557430458","0.225275"
"1557430458","1920450345","3.52571"
"1920450345","1557430458","3.52571"
"1557430458","1960206217","0.525708"
"1960206217","1557430458","0.525708"
"1557430458","2096308935","0.357875"
"2096308935","1557430458","0.357875"
"1557430458","2105457381","0.525708"
"2105457381","1557430458","0.525708"
"1557430458","2151920798","0.525708"
"2151920798","1557430458","0.525708"
"1574370827","1749356136","0.142857"
"1749356136","1574370827","0.142857"
"1574370827","1779208579","0.142857"
"1779208579","1574370827","0.142857"
"1574370827","1824350028","0.142857"
"1824350028","1574370827","0.142857"
"1574370827","1896703187","0.142857"
"1896703187","1574370827","0.142857"
"1574370827","1897975632","0.142857"
"1897975632","1574370827","0.142857"
"1574370827","1916873869","0.97619"
"1916873869","1574370827","0.97619"
"1574370827","1918831814","0.0714286"
"1918831814","1574370827","0.0714286"
"1574370827","1920450345","1.64286"
"1920450345","1574370827","1.64286"
"1574370827","1960206217","0.142857"
"1960206217","1574370827","0.142857"
"1574370827","2096308935","0.142857"
"2096308935","1574370827","0.142857"
"1574370827","2105457381","0.642857"
"2105457381","1574370827","0.642857"
"1574370827","2151920798","0.142857"
"2151920798","1574370827","0.142857"
"1749356136","1779208579","1.38087"
"1779208579","1749356136","1.38087"
"1749356136","1824350028","6.49595"
"1824350028","1749356136","6.49595"
"1749356136","1896703187","0.601465"
"1896703187","1749356136","0.601465"
"1749356136","1897975632","2.26976"
"1897975632","1749356136","2.26976"
"1749356136","1916873869","3.48569"
"1916873869","1749356136","3.48569"
"1749356136","1918831814","0.225275"
"1918831814","1749356136","0.225275"
"1749356136","1920450345","2.91261"
"1920450345","1749356136","2.91261"
"1749356136","1960206217","1.49432"
"1960206217","1749356136","1.49432"
"1749356136","2096308935","0.757875"
"2096308935","1749356136","0.757875"
"1749356136","2105457381","1.10147"
"2105457381","1749356136","1.10147"
"1749356136","2151920798","6.21817"
"2151920798","1749356136","6.21817"
"1779208579","1824350028","1.88087"
"1824350028","1779208579","1.88087"
"1779208579","1896703187","1.22809"
"1896703187","1779208579","1.22809"
"1779208579","1897975632","2.83844"
"1897975632","1779208579","2.83844"
"1779208579","1916873869","8.7139"
"1916873869","1779208579","8.7139"
"1779208579","1918831814","0.225275"
"1918831814","1779208579","0.225275"
"1779208579","1920450345","5.87416"
"1920450345","1779208579","5.87416"
"1779208579","1960206217","2.57095"
"1960206217","1779208579","2.57095"
"1779208579","2096308935","0.357875"
"2096308935","1779208579","0.357875"
"1779208579","2105457381","2.17809"
"2105457381","1779208579","2.17809"
"1779208579","2151920798","1.50352"
"2151920798","1779208579","1.50352"
"1824350028","1896703187","1.10147"
"1896703187","1824350028","1.10147"
"1824350028","1897975632","4.46976"
"1897975632","1824350028","4.46976"
"1824350028","1918831814","0.225275"
"1918831814","1824350028","0.225275"
"1824350028","1960206217","1.49432"
"1960206217","1824350028","1.49432"
"1824350028","2096308935","0.924542"
"2096308935","1824350028","0.924542"
"1824350028","2105457381","7.9348"
"2105457381","1824350028","7.9348"
"1824350028","2151920798","8.32531"
"2151920798","1824350028","8.32531"
"1896703187","1897975632","0.811422"
"1897975632","1896703187","0.811422"
"1896703187","1916873869","1.31783"
"1916873869","1896703187","1.31783"
"1896703187","1918831814","0.734799"
"1918831814","1896703187","0.734799"
"1896703187","1920450345","1.73761"
"1920450345","1896703187","1.73761"
"1896703187","1960206217","0.978089"
"1960206217","1896703187","0.978089"
"1896703187","2096308935","0.357875"
"2096308935","1896703187","0.357875"
"1896703187","2105457381","1.22809"
"2105457381","1896703187","1.22809"
"1896703187","2151920798","3.83523"
"2151920798","1896703187","3.83523"
"1897975632","1916873869","6.35993"
"1916873869","1897975632","6.35993"
"1897975632","1918831814","0.368132"
"1918831814","1897975632","0.368132"
"1897975632","1920450345","6.29638"
"1920450345","1897975632","6.29638"
"1897975632","1960206217","1.03523"
"1960206217","1897975632","1.03523"
"1897975632","2096308935","0.357875"
"2096308935","1897975632","0.357875"
"1897975632","2105457381","2.31856"
"2105457381","1897975632","2.31856"
"1897975632","2151920798","3.24955"
"2151920798","1897975632","3.24955"
"1916873869","1918831814","0.148352"
"1918831814","1916873869","0.148352"
"1916873869","1960206217","2.74402"
"1960206217","1916873869","2.74402"
"1916873869","2096308935","0.715476"
"2096308935","1916873869","0.715476"
"1916873869","2105457381","26.6345"
"2105457381","1916873869","26.6345"
"1916873869","2151920798","6.95001"
"2151920798","1916873869","6.95001"
"1918831814","1920450345","0.984799"
"1920450345","1918831814","0.984799"
"1918831814","1960206217","0.225275"
"1960206217","1918831814","0.225275"
"1918831814","2096308935","0.148352"
"2096308935","1918831814","0.148352"
"1918831814","2105457381","0.225275"
"2105457381","1918831814","0.225275"
"1918831814","2151920798","0.391941"
"2151920798","1918831814","0.391941"
"1920450345","1960206217","2.57095"
"1960206217","1920450345","2.57095"
"1920450345","2096308935","0.357875"
"2096308935","1920450345","0.357875"
"1920450345","2105457381","4.46142"
"2105457381","1920450345","4.46142"
"1920450345","2151920798","3.55908"
"2151920798","1920450345","3.55908"
"1960206217","2096308935","0.357875"
"2096308935","1960206217","0.357875"
"1960206217","2105457381","1.67809"
"2105457381","1960206217","1.67809"
"1960206217","2151920798","1.72809"
"2151920798","1960206217","1.72809"
"2096308935","2105457381","0.357875"
"2105457381","2096308935","0.357875"
"2096308935","2151920798","1.1924"
"2151920798","2096308935","1.1924"
"2105457381","2151920798","2.5019"
"2151920798","2105457381","2.5019"
"1490538314","1942430676","0.138095"
"1942430676","1490538314","0.138095"
"1490538314","2219439767","0.138095"
"2219439767","1490538314","0.138095"
"1557430458","1942430676","0.138095"
"1942430676","1557430458","0.138095"
"1557430458","2219439767","0.138095"
"2219439767","1557430458","0.138095"
"1749356136","1942430676","1.90714"
"1942430676","1749356136","1.90714"
"1749356136","2219439767","0.538095"
"2219439767","1749356136","0.538095"
"1779208579","1942430676","0.447619"
"1942430676","1779208579","0.447619"
"1779208579","2219439767","0.388095"
"2219439767","1779208579","0.388095"
"1896703187","1942430676","0.304762"
"1942430676","1896703187","0.304762"
"1896703187","2219439767","2.6381"
"2219439767","1896703187","2.6381"
"1897975632","1942430676","1.14762"
"1942430676","1897975632","1.14762"
"1897975632","2219439767","0.138095"
"2219439767","1897975632","0.138095"
"1920450345","1942430676","1.09048"
"1942430676","1920450345","1.09048"
"1920450345","2219439767","0.888095"
"2219439767","1920450345","0.888095"
"1942430676","1960206217","0.864286"
"1960206217","1942430676","0.864286"
"1942430676","2096308935","0.138095"
"2096308935","1942430676","0.138095"
"1942430676","2105457381","2.30476"
"2105457381","1942430676","2.30476"
"1942430676","2151920798","1.43095"
"2151920798","1942430676","1.43095"
"1960206217","2219439767","0.388095"
"2219439767","1960206217","0.388095"
"2096308935","2219439767","0.972619"
"2219439767","2096308935","0.972619"
"2105457381","2219439767","0.138095"
"2219439767","2105457381","0.138095"
"2151920798","2219439767","10.306"
"2219439767","2151920798","10.306"
"1490538314","1920394932","0.590909"
"1920394932","1490538314","0.590909"
"1490538314","2115606613","0.959041"
"2115606613","1490538314","0.959041"
"1557430458","1920394932","1.09091"
"1920394932","1557430458","1.09091"
"1557430458","2115606613","0.316184"
"2115606613","1557430458","0.316184"
"1779208579","1920394932","0.917929"
"1920394932","1779208579","0.917929"
"1779208579","2115606613","1.01856"
"2115606613","1779208579","1.01856"
"1896703187","1920394932","0.600433"
"1920394932","1896703187","0.600433"
"1896703187","2115606613","0.625708"
"2115606613","1896703187","0.625708"
"1897975632","1920394932","0.838564"
"1920394932","1897975632","0.838564"
"1897975632","2115606613","1.40904"
"2115606613","1897975632","1.40904"
"1916873869","1920394932","1.6219"
"1920394932","1916873869","1.6219"
"1920394932","1920450345","1.45523"
"1920450345","1920394932","1.45523"
"1920394932","1960206217","1.09091"
"1960206217","1920394932","1.09091"
"1920394932","2105457381","0.0909091"
"2105457381","1920394932","0.0909091"
"1920394932","2115606613","0.0909091"
"2115606613","1920394932","0.0909091"
"1920394932","2151920798","1.14412"
"2151920798","1920394932","1.14412"
"1920450345","2115606613","2.3019"
"2115606613","1920450345","2.3019"
"1960206217","2115606613","4.12571"
"2115606613","1960206217","4.12571"
"2105457381","2115606613","4.40904"
"2115606613","2105457381","4.40904"
"2115606613","2151920798","0.459041"
"2151920798","2115606613","0.459041"
"1574370827","2115606613","0.0714286"
"2115606613","1574370827","0.0714286"
"1749356136","2115606613","0.368132"
"2115606613","1749356136","0.368132"
"2096308935","2115606613","0.148352"
"2115606613","2096308935","0.148352"
"1490538314","1817831659","0.0666667"
"1817831659","1490538314","0.0666667"
"1557430458","1817831659","1.06667"
"1817831659","1557430458","1.06667"
"1749356136","1817831659","3.1171"
"1817831659","1749356136","3.1171"
"1779208579","1817831659","0.268687"
"1817831659","1779208579","0.268687"
"1817831659","1896703187","0.57619"
"1896703187","1817831659","0.57619"
"1817831659","1897975632","0.883766"
"1897975632","1817831659","0.883766"
"1817831659","1920450345","2.50043"
"1920450345","1817831659","2.50043"
"1817831659","1960206217","0.0666667"
"1960206217","1817831659","0.0666667"
"1817831659","2096308935","0.90119"
"2096308935","1817831659","0.90119"
"1817831659","2105457381","0.0666667"
"2105457381","1817831659","0.0666667"
"1817831659","2151920798","7.54051"
"2151920798","1817831659","7.54051"
"1918831814","2115606613","0.153846"
"2115606613","1918831814","0.153846"
"1525590660","69725976","1"
"69725976","1525590660","1"
"1525590660","1779208579","0.333333"
"1779208579","1525590660","0.333333"
"1525590660","1884466543","0.333333"
"1884466543","1525590660","0.333333"
"1525590660","1897975632","0.333333"
"1897975632","1525590660","0.333333"
"1779208579","1884466543","0.333333"
"1884466543","1779208579","0.333333"
"1884466543","1897975632","0.333333"
"1897975632","1884466543","0.333333"
"1546563846","1824350028","1"
"1824350028","1546563846","1"
"1546563846","1896703187","1"
"1896703187","1546563846","1"
"1546563846","1817831659","0.267857"
"1817831659","1546563846","0.267857"
"1546563846","1916873869","0.267857"
"1916873869","1546563846","0.267857"
"1546563846","1920394932","1.14286"
"1920394932","1546563846","1.14286"
"1546563846","2096308935","0.767857"
"2096308935","1546563846","0.767857"
"1546563846","2113223230","0.267857"
"2113223230","1546563846","0.267857"
"1546563846","2151920798","0.267857"
"2151920798","1546563846","0.267857"
"1546563846","2219439767","0.267857"
"2219439767","1546563846","0.267857"
"1817831659","1920394932","1.74885"
"1920394932","1817831659","1.74885"
"1817831659","2113223230","1.92738"
"2113223230","1817831659","1.92738"
"1916873869","2113223230","0.517857"
"2113223230","1916873869","0.517857"
"1920394932","2096308935","0.142857"
"2096308935","1920394932","0.142857"
"1920394932","2113223230","0.142857"
"2113223230","1920394932","0.142857"
"1920394932","2219439767","0.142857"
"2219439767","1920394932","0.142857"
"2096308935","2113223230","0.267857"
"2113223230","2096308935","0.267857"
"2113223230","2151920798","1.72738"
"2151920798","2113223230","1.72738"
"2113223230","2219439767","1.51786"
"2219439767","2113223230","1.51786"
"1546563846","2159790971","0.625"
"2159790971","1546563846","0.625"
"1546563846","2272320835","0.125"
"2272320835","1546563846","0.125"
"1817831659","2159790971","0.486111"
"2159790971","1817831659","0.486111"
"1817831659","2272320835","7.125"
"2272320835","1817831659","7.125"
"1916873869","2159790971","0.486111"
"2159790971","1916873869","0.486111"
"1916873869","2272320835","0.125"
"2272320835","1916873869","0.125"
"2096308935","2159790971","0.625"
"2159790971","2096308935","0.625"
"2096308935","2272320835","0.125"
"2272320835","2096308935","0.125"
"2113223230","2159790971","0.125"
"2159790971","2113223230","0.125"
"2113223230","2272320835","0.125"
"2272320835","2113223230","0.125"
"2151920798","2159790971","1.48611"
"2159790971","2151920798","1.48611"
"2151920798","2272320835","1.125"
"2272320835","2151920798","1.125"
"2159790971","2219439767","0.125"
"2219439767","2159790971","0.125"
"2159790971","2272320835","0.125"
"2272320835","2159790971","0.125"
"2219439767","2272320835","0.125"
"2272320835","2219439767","0.125"
"1557430458","2211017102","3"
"2211017102","1557430458","3"
"1920450345","2211017102","3"
"2211017102","1920450345","3"
"1561911801","2231285779","2.83333"
"2231285779","1561911801","2.83333"
"1561911801","1960248304","0.833333"
"1960248304","1561911801","0.833333"
"1960248304","2231285779","5.83333"
"2231285779","1960248304","5.83333"
"1561911801","1938422805","0.333333"
"1938422805","1561911801","0.333333"
"1938422805","1960248304","0.333333"
"1960248304","1938422805","0.333333"
"1938422805","2231285779","0.333333"
"2231285779","1938422805","0.333333"
"1574370827","2272320835","1"
"2272320835","1574370827","1"
"1574370827","1942430676","0.5"
"1942430676","1574370827","0.5"
"1574370827","2103486194","0.333333"
"2103486194","1574370827","0.333333"
"1574370827","2250130521","0.333333"
"2250130521","1574370827","0.333333"
"1916873869","2103486194","3.28333"
"2103486194","1916873869","3.28333"
"1916873869","2250130521","1.33333"
"2250130521","1916873869","1.33333"
"2103486194","2250130521","0.333333"
"2250130521","2103486194","0.333333"
"1575735641","2204627048","1"
"2204627048","1575735641","1"
"1575735641","1869854669","3"
"1869854669","1575735641","3"
"1577612389","1749356136","1.5"
"1749356136","1577612389","1.5"
"1577612389","1920450345","0.5"
"1920450345","1577612389","0.5"
"1749356136","1920394932","1.13813"
"1920394932","1749356136","1.13813"
"1749356136","946528373","0.493687"
"946528373","1749356136","0.493687"
"1824350028","1920394932","0.604798"
"1920394932","1824350028","0.604798"
"1824350028","946528373","0.493687"
"946528373","1824350028","0.493687"
"1897975632","946528373","0.493687"
"946528373","1897975632","0.493687"
"1920394932","946528373","1.74369"
"946528373","1920394932","1.74369"
"1920450345","946528373","0.493687"
"946528373","1920450345","0.493687"
"2151920798","946528373","0.743687"
"946528373","2151920798","0.743687"
"1749356136","2113223230","1.24286"
"2113223230","1749356136","1.24286"
"1749356136","2211903376","0.953968"
"2211903376","1749356136","0.953968"
"1749356136","2250130521","0.842857"
"2250130521","1749356136","0.842857"
"1749356136","2300717089","0.842857"
"2300717089","1749356136","0.842857"
"1817831659","2211903376","1.37063"
"2211903376","1817831659","1.37063"
"1817831659","2250130521","1.25952"
"2250130521","1817831659","1.25952"
"1817831659","2300717089","1.25952"
"2300717089","1817831659","1.25952"
"2113223230","2211903376","1.00952"
"2211903376","2113223230","1.00952"
"2113223230","2250130521","2.00952"
"2250130521","2113223230","2.00952"
"2113223230","2300717089","1.00952"
"2300717089","2113223230","1.00952"
"2151920798","2211903376","1.8373"
"2211903376","2151920798","1.8373"
"2151920798","2250130521","1.72619"
"2250130521","2151920798","1.72619"
"2151920798","2300717089","1.55952"
"2300717089","2151920798","1.55952"
"2211903376","2250130521","1.92619"
"2250130521","2211903376","1.92619"
"2211903376","2300717089","1.25952"
"2300717089","2211903376","1.25952"
"2250130521","2300717089","1.25952"
"2300717089","2250130521","1.25952"
"1749356136","1865705435","0.642857"
"1865705435","1749356136","0.642857"
"1749356136","2261966492","0.142857"
"2261966492","1749356136","0.142857"
"1824350028","1865705435","3.00952"
"1865705435","1824350028","3.00952"
"1824350028","2261966492","0.509524"
"2261966492","1824350028","0.509524"
"1865705435","1897975632","0.509524"
"1897975632","1865705435","0.509524"
"1865705435","1916873869","1.84286"
"1916873869","1865705435","1.84286"
"1865705435","1920450345","0.309524"
"1920450345","1865705435","0.309524"
"1865705435","1942430676","1.67619"
"1942430676","1865705435","1.67619"
"1865705435","2261966492","0.842857"
"2261966492","1865705435","0.842857"
"1897975632","2261966492","0.509524"
"2261966492","1897975632","0.509524"
"1916873869","2261966492","1.84286"
"2261966492","1916873869","1.84286"
"1920450345","2261966492","0.309524"
"2261966492","1920450345","0.309524"
"1942430676","2261966492","0.842857"
"2261966492","1942430676","0.842857"
"1749356136","2147787965","0.455988"
"2147787965","1749356136","0.455988"
"1749356136","2151465180","0.20202"
"2151465180","1749356136","0.20202"
"1779208579","2147787965","0.20202"
"2147787965","1779208579","0.20202"
"1779208579","2151465180","0.535354"
"2151465180","1779208579","0.535354"
"1817831659","2147787965","0.622655"
"2147787965","1817831659","0.622655"
"1817831659","2151465180","0.20202"
"2151465180","1817831659","0.20202"
"1824350028","2147787965","0.313131"
"2147787965","1824350028","0.313131"
"1824350028","2151465180","0.20202"
"2151465180","1824350028","0.20202"
"1897975632","2147787965","0.313131"
"2147787965","1897975632","0.313131"
"1897975632","2151465180","0.20202"
"2151465180","1897975632","0.20202"
"1916873869","2147787965","1.06313"
"2147787965","1916873869","1.06313"
"1916873869","2151465180","0.535354"
"2151465180","1916873869","0.535354"
"1920394932","2147787965","1.06313"
"2147787965","1920394932","1.06313"
"1920394932","2151465180","0.20202"
"2151465180","1920394932","0.20202"
"1920450345","2147787965","2.31313"
"2147787965","1920450345","2.31313"
"1920450345","2151465180","0.535354"
"2151465180","1920450345","0.535354"
"2147787965","2151465180","0.20202"
"2151465180","2147787965","0.20202"
"2113223230","2147787965","0.309524"
"2147787965","2113223230","0.309524"
"2147787965","2151920798","0.761544"
"2151920798","2147787965","0.761544"
"2147787965","2211903376","0.309524"
"2211903376","2147787965","0.309524"
"2147787965","2250130521","0.309524"
"2250130521","2147787965","0.309524"
"2147787965","2300717089","0.309524"
"2300717089","2147787965","0.309524"
"1749356136","2159790971","0.361111"
"2159790971","1749356136","0.361111"
"1749356136","998171480","0.561111"
"998171480","1749356136","0.561111"
"1817831659","998171480","0.561111"
"998171480","1817831659","0.561111"
"1824350028","2159790971","0.361111"
"2159790971","1824350028","0.361111"
"1897975632","2159790971","0.361111"
"2159790971","1897975632","0.361111"
"1897975632","998171480","0.361111"
"998171480","1897975632","0.361111"
"1920450345","2159790971","0.361111"
"2159790971","1920450345","0.361111"
"2151920798","998171480","1.06111"
"998171480","2151920798","1.06111"
"2159790971","998171480","0.361111"
"998171480","2159790971","0.361111"
"1824350028","2113223230","0.4"
"2113223230","1824350028","0.4"
"1942430676","2113223230","0.4"
"2113223230","1942430676","0.4"
"1817831659","946528373","0.20202"
"946528373","1817831659","0.20202"
"1916873869","946528373","0.57702"
"946528373","1916873869","0.57702"
"2147787965","946528373","0.45202"
"946528373","2147787965","0.45202"
"1749356136","1946293477","0.533333"
"1946293477","1749356136","0.533333"
"1817831659","1946293477","0.533333"
"1946293477","1817831659","0.533333"
"1920394932","1946293477","0.533333"
"1946293477","1920394932","0.533333"
"1779208579","946528373","0.215909"
"946528373","1779208579","0.215909"
"2151465180","2151920798","0.0909091"
"2151920798","2151465180","0.0909091"
"2151465180","946528373","0.0909091"
"946528373","2151465180","0.0909091"
"1865705435","1896703187","0.166667"
"1896703187","1865705435","0.166667"
"1865705435","2151920798","0.666667"
"2151920798","1865705435","0.666667"
"1749356136","1935096412","0.2"
"1935096412","1749356136","0.2"
"1817831659","1935096412","0.2"
"1935096412","1817831659","0.2"
"1916873869","1935096412","0.2"
"1935096412","1916873869","0.2"
"1916873869","1946293477","0.2"
"1946293477","1916873869","0.2"
"1920394932","1935096412","0.2"
"1935096412","1920394932","0.2"
"1935096412","1946293477","0.2"
"1946293477","1935096412","0.2"
"1824350028","2211903376","0.111111"
"2211903376","1824350028","0.111111"
"1897975632","2211903376","0.111111"
"2211903376","1897975632","0.111111"
"1916873869","2211903376","0.111111"
"2211903376","1916873869","0.111111"
"1920450345","2211903376","0.111111"
"2211903376","1920450345","0.111111"
"2159790971","2211903376","0.111111"
"2211903376","2159790971","0.111111"
"2211903376","998171480","0.111111"
"998171480","2211903376","0.111111"
"1779208579","1935096412","1"
"1935096412","1779208579","1"
"1779208579","1924882904","0.25"
"1924882904","1779208579","0.25"
"1916873869","1924882904","0.25"
"1924882904","1916873869","0.25"
"1920450345","1924882904","0.25"
"1924882904","1920450345","0.25"
"1924882904","1960206217","0.25"
"1960206217","1924882904","0.25"
"1813074572","1824350028","0.333333"
"1824350028","1813074572","0.333333"
"1813074572","1869854669","0.333333"
"1869854669","1813074572","0.333333"
"1813074572","2204627048","2.83333"
"2204627048","1813074572","2.83333"
"1824350028","1869854669","0.333333"
"1869854669","1824350028","0.333333"
"1824350028","2204627048","1.33333"
"2204627048","1824350028","1.33333"
"1869854669","2204627048","0.333333"
"2204627048","1869854669","0.333333"
"1813074572","1817831659","0.759524"
"1817831659","1813074572","0.759524"
"1813074572","1896703187","0.509524"
"1896703187","1813074572","0.509524"
"1813074572","1897975632","0.142857"
"1897975632","1813074572","0.142857"
"1813074572","1918831814","0.759524"
"1918831814","1813074572","0.759524"
"1813074572","1920394932","0.759524"
"1920394932","1813074572","0.759524"
"1813074572","1920450345","0.759524"
"1920450345","1813074572","0.759524"
"1813074572","1930476151","0.142857"
"1930476151","1813074572","0.142857"
"1817831659","1918831814","0.759524"
"1918831814","1817831659","0.759524"
"1817831659","1930476151","0.142857"
"1930476151","1817831659","0.142857"
"1896703187","1930476151","0.142857"
"1930476151","1896703187","0.142857"
"1897975632","1930476151","1.14286"
"1930476151","1897975632","1.14286"
"1918831814","1920394932","0.759524"
"1920394932","1918831814","0.759524"
"1918831814","1930476151","0.142857"
"1930476151","1918831814","0.142857"
"1920394932","1930476151","0.142857"
"1930476151","1920394932","0.142857"
"1920450345","1930476151","1.14286"
"1930476151","1920450345","1.14286"
"1813074572","1946293477","0.5"
"1946293477","1813074572","0.5"
"1946293477","2204627048","0.5"
"2204627048","1946293477","0.5"
"1813074572","2151920798","0.166667"
"2151920798","1813074572","0.166667"
"1817831659","1884466543","0.333333"
"1884466543","1817831659","0.333333"
"1817831659","2204627048","0.333333"
"2204627048","1817831659","0.333333"
"1884466543","2204627048","0.333333"
"2204627048","1884466543","0.333333"
"1916873869","2204627048","0.333333"
"2204627048","1916873869","0.333333"
"1817831659","2103486194","0.166667"
"2103486194","1817831659","0.166667"
"1824350028","2103486194","1.25"
"2103486194","1824350028","1.25"
"2096308935","2103486194","0.166667"
"2103486194","2096308935","0.166667"
"2103486194","2151920798","0.75"
"2151920798","2103486194","0.75"
"2103486194","2219439767","0.416667"
"2219439767","2103486194","0.416667"
"1824350028","2260310987","1.83333"
"2260310987","1824350028","1.83333"
"2105457381","2260310987","1.83333"
"2260310987","2105457381","1.83333"
"1824350028","1905006898","0.333333"
"1905006898","1824350028","0.333333"
"1884466543","1905006898","0.333333"
"1905006898","1884466543","0.333333"
"1884466543","1942430676","0.833333"
"1942430676","1884466543","0.833333"
"1884466543","2105457381","0.333333"
"2105457381","1884466543","0.333333"
"1884466543","2260310987","0.833333"
"2260310987","1884466543","0.833333"
"1905006898","1916873869","0.333333"
"1916873869","1905006898","0.333333"
"1905006898","1942430676","0.333333"
"1942430676","1905006898","0.333333"
"1905006898","2105457381","2.83333"
"2105457381","1905006898","2.83333"
"1905006898","2260310987","0.333333"
"2260310987","1905006898","0.333333"
"1916873869","2260310987","1.33333"
"2260310987","1916873869","1.33333"
"1942430676","2260310987","0.833333"
"2260310987","1942430676","0.833333"
"1824350028","1866590543","1"
"1866590543","1824350028","1"
"1841517230","2151920798","0.5"
"2151920798","1841517230","0.5"
"1841517230","998171480","0.5"
"998171480","1841517230","0.5"
"1860254516","1924882904","2"
"1924882904","1860254516","2"
"1865705435","2105457381","0.333333"
"2105457381","1865705435","0.333333"
"1865705435","2304083575","1"
"2304083575","1865705435","1"
"1866590543","2113223230","1"
"2113223230","1866590543","1"
"1869854669","1946293477","2"
"1946293477","1869854669","2"
"1869854669","1935096412","1"
"1935096412","1869854669","1"
"1884466543","1930476151","1"
"1930476151","1884466543","1"
"1896703187","2300717089","1"
"2300717089","1896703187","1"
"1896703187","2211903376","0.333333"
"2211903376","1896703187","0.333333"
"1896703187","2250130521","0.333333"
"2250130521","1896703187","0.333333"
"1896703187","2159790971","0.5"
"2159790971","1896703187","0.5"
"1896703187","2272320835","1"
"2272320835","1896703187","1"
"1897975632","2103486194","0.2"
"2103486194","1897975632","0.2"
"1920450345","2103486194","0.7"
"2103486194","1920450345","0.7"
"2103486194","2105457381","0.2"
"2105457381","2103486194","0.2"
"2103486194","2115606613","0.2"
"2115606613","2103486194","0.2"
"1905006898","1920450345","1"
"1920450345","1905006898","1"
"1905006898","2151920798","1.5"
"2151920798","1905006898","1.5"
"1905006898","1929784934","0.5"
"1929784934","1905006898","0.5"
"1905006898","2115606613","0.5"
"2115606613","1905006898","0.5"
"1929784934","2115606613","0.5"
"2115606613","1929784934","0.5"
"1905006898","2219439767","1"
"2219439767","1905006898","1"
"1905006898","2163848800","2"
"2163848800","1905006898","2"
"1916873869","69725976","1"
"69725976","1916873869","1"
"1916873869","2300717089","0.5"
"2300717089","1916873869","0.5"
"1916873869","1930476151","3"
"1930476151","1916873869","3"
"1916873869","1981097903","1"
"1981097903","1916873869","1"
"1916873869","2268491099","1"
"2268491099","1916873869","1"
"1920450345","2116794167","2"
"2116794167","1920450345","2"
"1920450345","2268491099","1"
"2268491099","1920450345","1"
"1920450345","2113223230","1"
"2113223230","1920450345","1"
"1920450345","2260310987","0.5"
"2260310987","1920450345","0.5"
"2219439767","2260310987","0.5"
"2260310987","2219439767","0.5"
"1924882904","1929784934","3"
"1929784934","1924882904","3"
"1924882904","1994985619","1"
"1994985619","1924882904","1"
"1924882904","2115606613","2"
"2115606613","1924882904","2"
"1938422805","2151920798","0.5"
"2151920798","1938422805","0.5"
"1938422805","2159790971","0.5"
"2159790971","1938422805","0.5"
"1960206217","1981097903","8.5"
"1981097903","1960206217","8.5"
"1981097903","2115606613","0.5"
"2115606613","1981097903","0.5"
"1960248304","2261966492","1"
"2261966492","1960248304","1"
"1981097903","2116794167","5.5"
"2116794167","1981097903","5.5"
"1981097903","1994985619","0.5"
"1994985619","1981097903","0.5"
"1994985619","2116794167","0.5"
"2116794167","1994985619","0.5"
"1981097903","2151920798","1"
"2151920798","1981097903","1"
"2096308935","2304083575","2"
"2304083575","2096308935","2"
"2096308935","2231285779","1"
"2231285779","2096308935","1"
"2113223230","998171480","1"
"998171480","2113223230","1"
"2211903376","2219439767","1.33333"
"2219439767","2211903376","1.33333"
"2219439767","2250130521","0.333333"
"2250130521","2219439767","0.333333"
"2207719356","2219439767","1"
"2219439767","2207719356","1"
"2207719356","2304083575","1"
"2304083575","2207719356","1"
"2219439767","2304083575","1"
"2304083575","2219439767","1"
"2306505126","998171480","1"
"998171480","2306505126","1"
