"1531863592","1607492755","3.57692"
"1607492755","1531863592","3.57692"
"1531863592","1785680461","0.0769231"
"1785680461","1531863592","0.0769231"
"1531863592","1833712788","0.0769231"
"1833712788","1531863592","0.0769231"
"1531863592","1856876674","0.0769231"
"1856876674","1531863592","0.0769231"
"1531863592","1888451765","0.0769231"
"1888451765","1531863592","0.0769231"
"1531863592","1893998581","0.0769231"
"1893998581","1531863592","0.0769231"
"1531863592","1895443825","0.0769231"
"1895443825","1531863592","0.0769231"
"1531863592","1913615978","0.0769231"
"1913615978","1531863592","0.0769231"
"1531863592","1958943705","0.0769231"
"1958943705","1531863592","0.0769231"
"1531863592","2152445362","0.0769231"
"2152445362","1531863592","0.0769231"
"1531863592","2200400148","0.576923"
"2200400148","1531863592","0.576923"
"1531863592","2205842542","0.0769231"
"2205842542","1531863592","0.0769231"
"1531863592","2212802715","0.0769231"
"2212802715","1531863592","0.0769231"
"1607492755","1785680461","2.60748"
"1785680461","1607492755","2.60748"
"1607492755","1833712788","5.0206"
"1833712788","1607492755","5.0206"
"1607492755","1856876674","8.34004"
"1856876674","1607492755","8.34004"
"1607492755","1888451765","6.89837"
"1888451765","1607492755","6.89837"
"1607492755","1893998581","2.60748"
"1893998581","1607492755","2.60748"
"1607492755","1895443825","5.89837"
"1895443825","1607492755","5.89837"
"1607492755","1913615978","6.78726"
"1913615978","1607492755","6.78726"
"1607492755","1958943705","6.78052"
"1958943705","1607492755","6.78052"
"1607492755","2152445362","6.39837"
"2152445362","1607492755","6.39837"
"1607492755","2200400148","0.84359"
"2200400148","1607492755","0.84359"
"1607492755","2205842542","0.24359"
"2205842542","1607492755","0.24359"
"1607492755","2212802715","4.35748"
"2212802715","1607492755","4.35748"
"1785680461","1833712788","2.94081"
"1833712788","1785680461","2.94081"
"1785680461","1856876674","2.16026"
"1856876674","1785680461","2.16026"
"1785680461","1888451765","2.71859"
"1888451765","1785680461","2.71859"
"1785680461","1893998581","4.21859"
"1893998581","1785680461","4.21859"
"1785680461","1895443825","2.71859"
"1895443825","1785680461","2.71859"
"1785680461","1913615978","2.60748"
"1913615978","1785680461","2.60748"
"1785680461","1958943705","3.42692"
"1958943705","1785680461","3.42692"
"1785680461","2152445362","3.71859"
"2152445362","1785680461","3.71859"
"1785680461","2200400148","0.34359"
"2200400148","1785680461","0.34359"
"1785680461","2205842542","0.24359"
"2205842542","1785680461","0.24359"
"1785680461","2212802715","4.05192"
"2212802715","1785680461","4.05192"
"1833712788","1856876674","4.57337"
"1856876674","1833712788","4.57337"
"1833712788","1888451765","5.13171"
"1888451765","1833712788","5.13171"
"1833712788","1893998581","2.60748"
"1893998581","1833712788","2.60748"
"1833712788","1895443825","5.13171"
"1895443825","1833712788","5.13171"
"1833712788","1913615978","5.0206"
"1913615978","1833712788","5.0206"
"1833712788","1958943705","5.19718"
"1958943705","1833712788","5.19718"
"1833712788","2152445362","5.13171"
"2152445362","1833712788","5.13171"
"1833712788","2200400148","0.34359"
"2200400148","1833712788","0.34359"
"1833712788","2205842542","0.24359"
"2205842542","1833712788","0.24359"
"1833712788","2212802715","2.94081"
"2212802715","1833712788","2.94081"
"1856876674","1888451765","5.45115"
"1888451765","1856876674","5.45115"
"1856876674","1893998581","2.16026"
"1893998581","1856876674","2.16026"
"1856876674","1895443825","5.45115"
"1895443825","1856876674","5.45115"
"1856876674","1913615978","5.34004"
"1913615978","1856876674","5.34004"
"1856876674","1958943705","4.70829"
"1958943705","1856876674","4.70829"
"1856876674","2152445362","6.45115"
"2152445362","1856876674","6.45115"
"1856876674","2200400148","1.24359"
"2200400148","1856876674","1.24359"
"1856876674","2205842542","0.24359"
"2205842542","1856876674","0.24359"
"1856876674","2212802715","2.16026"
"2212802715","1856876674","2.16026"
"1888451765","1893998581","2.71859"
"1893998581","1888451765","2.71859"
"1888451765","1895443825","6.00948"
"1895443825","1888451765","6.00948"
"1888451765","1913615978","6.64837"
"1913615978","1888451765","6.64837"
"1888451765","1958943705","5.64163"
"1958943705","1888451765","5.64163"
"1888451765","2152445362","6.25948"
"2152445362","1888451765","6.25948"
"1888451765","2200400148","0.34359"
"2200400148","1888451765","0.34359"
"1888451765","2205842542","0.24359"
"2205842542","1888451765","0.24359"
"1888451765","2212802715","3.21859"
"2212802715","1888451765","3.21859"
"1893998581","1895443825","2.71859"
"1895443825","1893998581","2.71859"
"1893998581","1913615978","2.60748"
"1913615978","1893998581","2.60748"
"1893998581","1958943705","3.09359"
"1958943705","1893998581","3.09359"
"1893998581","2152445362","2.71859"
"2152445362","1893998581","2.71859"
"1893998581","2200400148","0.34359"
"2200400148","1893998581","0.34359"
"1893998581","2205842542","0.24359"
"2205842542","1893998581","0.24359"
"1893998581","2212802715","3.71859"
"2212802715","1893998581","3.71859"
"1895443825","1913615978","5.89837"
"1913615978","1895443825","5.89837"
"1895443825","1958943705","5.14163"
"1958943705","1895443825","5.14163"
"1895443825","2152445362","6.00948"
"2152445362","1895443825","6.00948"
"1895443825","2200400148","0.34359"
"2200400148","1895443825","0.34359"
"1895443825","2205842542","0.24359"
"2205842542","1895443825","0.24359"
"1895443825","2212802715","2.71859"
"2212802715","1895443825","2.71859"
"1913615978","1958943705","5.53052"
"1958943705","1913615978","5.53052"
"1913615978","2152445362","6.14837"
"2152445362","1913615978","6.14837"
"1913615978","2200400148","0.34359"
"2200400148","1913615978","0.34359"
"1913615978","2205842542","0.24359"
"2205842542","1913615978","0.24359"
"1913615978","2212802715","3.10748"
"2212802715","1913615978","3.10748"
"1958943705","2152445362","5.64163"
"2152445362","1958943705","5.64163"
"1958943705","2200400148","0.34359"
"2200400148","1958943705","0.34359"
"1958943705","2205842542","0.24359"
"2205842542","1958943705","0.24359"
"1958943705","2212802715","4.67692"
"2212802715","1958943705","4.67692"
"2152445362","2200400148","0.34359"
"2200400148","2152445362","0.34359"
"2152445362","2205842542","0.24359"
"2205842542","2152445362","0.24359"
"2152445362","2212802715","3.21859"
"2212802715","2152445362","3.21859"
"2200400148","2205842542","0.160256"
"2205842542","2200400148","0.160256"
"2200400148","2212802715","0.34359"
"2212802715","2200400148","0.34359"
"2205842542","2212802715","0.24359"
"2212802715","2205842542","0.24359"
"1531863592","1858842349","0.25"
"1858842349","1531863592","0.25"
"1531863592","2222542865","0.25"
"2222542865","1531863592","0.25"
"1531863592","2258384503","0.25"
"2258384503","1531863592","0.25"
"1531863592","954315783","0.25"
"954315783","1531863592","0.25"
"1858842349","2222542865","0.25"
"2222542865","1858842349","0.25"
"1858842349","2258384503","0.25"
"2258384503","1858842349","0.25"
"1858842349","954315783","0.25"
"954315783","1858842349","0.25"
"2222542865","2258384503","0.25"
"2258384503","2222542865","0.25"
"2222542865","954315783","0.25"
"954315783","2222542865","0.25"
"2258384503","954315783","0.25"
"954315783","2258384503","0.25"
"1607492755","1813457904","2.39923"
"1813457904","1607492755","2.39923"
"1607492755","1894592548","1.31824"
"1894592548","1607492755","1.31824"
"1607492755","2283818028","1.18415"
"2283818028","1607492755","1.18415"
"1607492755","2287867227","1.00233"
"2287867227","1607492755","1.00233"
"1607492755","986099045","1.10233"
"986099045","1607492755","1.10233"
"1813457904","1833712788","2.39923"
"1833712788","1813457904","2.39923"
"1813457904","1856876674","2.39923"
"1856876674","1813457904","2.39923"
"1813457904","1888451765","2.39923"
"1888451765","1813457904","2.39923"
"1813457904","1894592548","1.19324"
"1894592548","1813457904","1.19324"
"1813457904","1895443825","2.39923"
"1895443825","1813457904","2.39923"
"1813457904","1913615978","2.39923"
"1913615978","1813457904","2.39923"
"1813457904","1958943705","2.25637"
"1958943705","1813457904","2.25637"
"1813457904","2152445362","2.39923"
"2152445362","1813457904","2.39923"
"1813457904","2283818028","1.18415"
"2283818028","1813457904","1.18415"
"1813457904","2287867227","1.00233"
"2287867227","1813457904","1.00233"
"1813457904","986099045","1.10233"
"986099045","1813457904","1.10233"
"1833712788","1894592548","1.31824"
"1894592548","1833712788","1.31824"
"1833712788","2283818028","1.18415"
"2283818028","1833712788","1.18415"
"1833712788","2287867227","1.00233"
"2287867227","1833712788","1.00233"
"1833712788","986099045","1.10233"
"986099045","1833712788","1.10233"
"1856876674","1894592548","1.31824"
"1894592548","1856876674","1.31824"
"1856876674","2283818028","1.18415"
"2283818028","1856876674","1.18415"
"1856876674","2287867227","1.00233"
"2287867227","1856876674","1.00233"
"1856876674","986099045","1.10233"
"986099045","1856876674","1.10233"
"1888451765","1894592548","1.31824"
"1894592548","1888451765","1.31824"
"1888451765","2283818028","1.18415"
"2283818028","1888451765","1.18415"
"1888451765","2287867227","1.00233"
"2287867227","1888451765","1.00233"
"1888451765","986099045","1.10233"
"986099045","1888451765","1.10233"
"1894592548","1895443825","1.31824"
"1895443825","1894592548","1.31824"
"1894592548","1913615978","1.31824"
"1913615978","1894592548","1.31824"
"1894592548","1958943705","1.31824"
"1958943705","1894592548","1.31824"
"1894592548","2152445362","1.31824"
"2152445362","1894592548","1.31824"
"1894592548","2283818028","1.42657"
"2283818028","1894592548","1.42657"
"1894592548","2287867227","0.911422"
"2287867227","1894592548","0.911422"
"1894592548","986099045","1.34476"
"986099045","1894592548","1.34476"
"1895443825","2283818028","1.18415"
"2283818028","1895443825","1.18415"
"1895443825","2287867227","1.00233"
"2287867227","1895443825","1.00233"
"1895443825","986099045","1.10233"
"986099045","1895443825","1.10233"
"1913615978","2283818028","1.18415"
"2283818028","1913615978","1.18415"
"1913615978","2287867227","1.00233"
"2287867227","1913615978","1.00233"
"1913615978","986099045","1.10233"
"986099045","1913615978","1.10233"
"1958943705","2283818028","1.18415"
"2283818028","1958943705","1.18415"
"1958943705","2287867227","1.00233"
"2287867227","1958943705","1.00233"
"1958943705","986099045","1.10233"
"986099045","1958943705","1.10233"
"2152445362","2283818028","1.18415"
"2283818028","2152445362","1.18415"
"2152445362","2287867227","1.00233"
"2287867227","2152445362","1.00233"
"2152445362","986099045","1.10233"
"986099045","2152445362","1.10233"
"2283818028","2287867227","1.00233"
"2287867227","2283818028","1.00233"
"2283818028","986099045","1.33566"
"986099045","2283818028","1.33566"
"2287867227","986099045","0.911422"
"986099045","2287867227","0.911422"
"1607492755","2285160266","0.111111"
"2285160266","1607492755","0.111111"
"1813457904","2285160266","0.111111"
"2285160266","1813457904","0.111111"
"1833712788","2285160266","0.111111"
"2285160266","1833712788","0.111111"
"1856876674","2285160266","0.111111"
"2285160266","1856876674","0.111111"
"1888451765","2285160266","0.111111"
"2285160266","1888451765","0.111111"
"1895443825","2285160266","0.111111"
"2285160266","1895443825","0.111111"
"1913615978","2285160266","0.111111"
"2285160266","1913615978","0.111111"
"1958943705","2285160266","0.111111"
"2285160266","1958943705","0.111111"
"2152445362","2285160266","0.111111"
"2285160266","2152445362","0.111111"
"1607492755","2285430301","0.0769231"
"2285430301","1607492755","0.0769231"
"1813457904","2285430301","0.0769231"
"2285430301","1813457904","0.0769231"
"1833712788","2285430301","0.0769231"
"2285430301","1833712788","0.0769231"
"1856876674","2285430301","0.0769231"
"2285430301","1856876674","0.0769231"
"1888451765","2285430301","0.0769231"
"2285430301","1888451765","0.0769231"
"1894592548","2285430301","0.0769231"
"2285430301","1894592548","0.0769231"
"1895443825","2285430301","0.0769231"
"2285430301","1895443825","0.0769231"
"1913615978","2285430301","0.0769231"
"2285430301","1913615978","0.0769231"
"1958943705","2285430301","0.0769231"
"2285430301","1958943705","0.0769231"
"2152445362","2285430301","0.0769231"
"2285430301","2152445362","0.0769231"
"2283818028","2285430301","0.0769231"
"2285430301","2283818028","0.0769231"
"2285430301","2287867227","0.0769231"
"2287867227","2285430301","0.0769231"
"2285430301","986099045","0.0769231"
"986099045","2285430301","0.0769231"
"1607492755","2200953982","0.0833333"
"2200953982","1607492755","0.0833333"
"1785680461","2200953982","0.0833333"
"2200953982","1785680461","0.0833333"
"1833712788","2200953982","0.0833333"
"2200953982","1833712788","0.0833333"
"1856876674","2200953982","0.0833333"
"2200953982","1856876674","0.0833333"
"1888451765","2200953982","0.0833333"
"2200953982","1888451765","0.0833333"
"1893998581","2200953982","0.0833333"
"2200953982","1893998581","0.0833333"
"1895443825","2200953982","0.0833333"
"2200953982","1895443825","0.0833333"
"1913615978","2200953982","0.0833333"
"2200953982","1913615978","0.0833333"
"1958943705","2200953982","0.0833333"
"2200953982","1958943705","0.0833333"
"2152445362","2200953982","0.0833333"
"2200953982","2152445362","0.0833333"
"2200400148","2200953982","0.0833333"
"2200953982","2200400148","0.0833333"
"2200953982","2212802715","0.0833333"
"2212802715","2200953982","0.0833333"
"1607492755","1818766275","0.111111"
"1818766275","1607492755","0.111111"
"1813457904","1818766275","0.111111"
"1818766275","1813457904","0.111111"
"1818766275","1833712788","0.111111"
"1833712788","1818766275","0.111111"
"1818766275","1856876674","0.111111"
"1856876674","1818766275","0.111111"
"1818766275","1888451765","0.111111"
"1888451765","1818766275","0.111111"
"1818766275","1895443825","0.111111"
"1895443825","1818766275","0.111111"
"1818766275","1913615978","0.111111"
"1913615978","1818766275","0.111111"
"1818766275","1958943705","0.111111"
"1958943705","1818766275","0.111111"
"1818766275","2152445362","0.111111"
"2152445362","1818766275","0.111111"
"1607492755","1858842349","0.167832"
"1858842349","1607492755","0.167832"
"1813457904","1858842349","0.167832"
"1858842349","1813457904","0.167832"
"1833712788","1858842349","0.167832"
"1858842349","1833712788","0.167832"
"1856876674","1858842349","0.167832"
"1858842349","1856876674","0.167832"
"1858842349","1888451765","0.167832"
"1888451765","1858842349","0.167832"
"1858842349","1894592548","0.501166"
"1894592548","1858842349","0.501166"
"1858842349","1895443825","0.167832"
"1895443825","1858842349","0.167832"
"1858842349","1913615978","0.167832"
"1913615978","1858842349","0.167832"
"1858842349","1958943705","0.167832"
"1958943705","1858842349","0.167832"
"1858842349","2152445362","0.167832"
"2152445362","1858842349","0.167832"
"1858842349","2283818028","0.501166"
"2283818028","1858842349","0.501166"
"1858842349","2287867227","0.0769231"
"2287867227","1858842349","0.0769231"
"1858842349","986099045","0.410256"
"986099045","1858842349","0.410256"
"1607492755","2269551313","0.0833333"
"2269551313","1607492755","0.0833333"
"1785680461","2269551313","0.0833333"
"2269551313","1785680461","0.0833333"
"1833712788","2269551313","0.0833333"
"2269551313","1833712788","0.0833333"
"1856876674","2269551313","0.0833333"
"2269551313","1856876674","0.0833333"
"1888451765","2269551313","0.0833333"
"2269551313","1888451765","0.0833333"
"1893998581","2269551313","0.0833333"
"2269551313","1893998581","0.0833333"
"1895443825","2269551313","0.0833333"
"2269551313","1895443825","0.0833333"
"1913615978","2269551313","0.0833333"
"2269551313","1913615978","0.0833333"
"1958943705","2269551313","0.0833333"
"2269551313","1958943705","0.0833333"
"2152445362","2269551313","0.0833333"
"2269551313","2152445362","0.0833333"
"2205842542","2269551313","0.0833333"
"2269551313","2205842542","0.0833333"
"2212802715","2269551313","0.0833333"
"2269551313","2212802715","0.0833333"
"1833712788","2394929443","2"
"2394929443","1833712788","2"
"1888960123","2213004928","1"
"2213004928","1888960123","1"
"1888960123","2266264820","1"
"2266264820","1888960123","1"
"2213004928","2266264820","6"
"2266264820","2213004928","6"
"1888960123","2257121948","17"
"2257121948","1888960123","17"
"2213004928","2257121948","5"
"2257121948","2213004928","5"
"2257121948","2266264820","5"
"2266264820","2257121948","5"
