"1484405533","2122868005","3.24458"
"2122868005","1484405533","3.24458"
"1484405533","2140048308","9.80662"
"2140048308","1484405533","9.80662"
"1484405533","2150614537","8.44868"
"2150614537","1484405533","8.44868"
"2122868005","2140048308","27.9493"
"2140048308","2122868005","27.9493"
"2122868005","2150614537","3.55371"
"2150614537","2122868005","3.55371"
"2140048308","2150614537","7.4963"
"2150614537","2140048308","7.4963"
"1484405533","2167275936","7.5205"
"2167275936","1484405533","7.5205"
"2122868005","2167275936","9.12077"
"2167275936","2122868005","9.12077"
"2140048308","2167275936","52.3935"
"2167275936","2140048308","52.3935"
"2150614537","2167275936","7.38519"
"2167275936","2150614537","7.38519"
"1484405533","1716333758","0.246324"
"1716333758","1484405533","0.246324"
"1484405533","2071898519","1.48313"
"2071898519","1484405533","1.48313"
"1484405533","2100156887","0.736111"
"2100156887","1484405533","0.736111"
"1484405533","2155019111","2.69388"
"2155019111","1484405533","2.69388"
"1484405533","2165735734","2.77328"
"2165735734","1484405533","2.77328"
"1716333758","2071898519","0.497024"
"2071898519","1716333758","0.497024"
"1716333758","2100156887","0.325"
"2100156887","1716333758","0.325"
"1716333758","2122868005","0.697024"
"2122868005","1716333758","0.697024"
"1716333758","2140048308","5.00585"
"2140048308","1716333758","5.00585"
"1716333758","2155019111","0.61299"
"2155019111","1716333758","0.61299"
"1716333758","2165735734","1.50585"
"2165735734","1716333758","1.50585"
"1716333758","2167275936","2.99632"
"2167275936","1716333758","2.99632"
"2071898519","2100156887","2.9"
"2100156887","2071898519","2.9"
"2071898519","2122868005","4.8994"
"2122868005","2071898519","4.8994"
"2071898519","2140048308","18.2994"
"2140048308","2071898519","18.2994"
"2071898519","2155019111","2.78591"
"2155019111","2071898519","2.78591"
"2071898519","2165735734","5.88274"
"2165735734","2071898519","5.88274"
"2071898519","2167275936","13.572"
"2167275936","2071898519","13.572"
"2100156887","2122868005","9.19563"
"2122868005","2100156887","9.19563"
"2100156887","2140048308","42.2373"
"2140048308","2100156887","42.2373"
"2100156887","2155019111","8.90119"
"2155019111","2100156887","8.90119"
"2100156887","2165735734","28.4873"
"2165735734","2100156887","28.4873"
"2100156887","2167275936","6.32778"
"2167275936","2100156887","6.32778"
"2122868005","2155019111","10.9097"
"2155019111","2122868005","10.9097"
"2122868005","2165735734","15.5327"
"2165735734","2122868005","15.5327"
"2140048308","2155019111","22.9471"
"2155019111","2140048308","22.9471"
"2140048308","2165735734","59.1995"
"2165735734","2140048308","59.1995"
"2155019111","2165735734","14.2471"
"2165735734","2155019111","14.2471"
"2155019111","2167275936","7.95182"
"2167275936","2155019111","7.95182"
"2165735734","2167275936","15.7769"
"2167275936","2165735734","15.7769"
"1484405533","1971005684","0.46908"
"1971005684","1484405533","0.46908"
"1484405533","2101903378","1.16055"
"2101903378","1484405533","1.16055"
"1971005684","2101903378","0.611937"
"2101903378","1971005684","0.611937"
"1971005684","2140048308","3.4786"
"2140048308","1971005684","3.4786"
"1971005684","2150614537","0.385747"
"2150614537","1971005684","0.385747"
"2101903378","2140048308","5.89587"
"2140048308","2101903378","5.89587"
"2101903378","2150614537","1.22364"
"2150614537","2101903378","1.22364"
"1484405533","2035599448","1.19388"
"2035599448","1484405533","1.19388"
"2035599448","2140048308","7.90102"
"2140048308","2035599448","7.90102"
"2035599448","2150614537","1.10221"
"2150614537","2035599448","1.10221"
"2035599448","2155019111","1.07682"
"2155019111","2035599448","1.07682"
"2035599448","2167275936","4.22126"
"2167275936","2035599448","4.22126"
"2150614537","2155019111","1.50301"
"2155019111","2150614537","1.50301"
"1484405533","1875199223","2.81098"
"1875199223","1484405533","2.81098"
"1484405533","2107056341","1.37453"
"2107056341","1484405533","1.37453"
"1484405533","2147596559","0.316468"
"2147596559","1484405533","0.316468"
"1484405533","2395738520","0.256944"
"2395738520","1484405533","0.256944"
"1484405533","2431986789","2.43168"
"2431986789","1484405533","2.43168"
"1484405533","2434386361","1.29861"
"2434386361","1484405533","1.29861"
"1716333758","1875199223","0.121324"
"1875199223","1716333758","0.121324"
"1716333758","2035599448","0.264181"
"2035599448","1716333758","0.264181"
"1716333758","2101903378","0.264181"
"2101903378","1716333758","0.264181"
"1716333758","2107056341","1.59751"
"2107056341","1716333758","1.59751"
"1716333758","2147596559","0.3125"
"2147596559","1716333758","0.3125"
"1716333758","2150614537","0.121324"
"2150614537","1716333758","0.121324"
"1716333758","2395738520","0.0625"
"2395738520","1716333758","0.0625"
"1716333758","2431986789","0.121324"
"2431986789","1716333758","0.121324"
"1716333758","2434386361","0.0625"
"2434386361","1716333758","0.0625"
"1875199223","2035599448","0.851024"
"2035599448","1875199223","0.851024"
"1875199223","2071898519","4.11369"
"2071898519","1875199223","4.11369"
"1875199223","2101903378","0.353009"
"2101903378","1875199223","0.353009"
"1875199223","2107056341","1.68445"
"2107056341","1875199223","1.68445"
"1875199223","2122868005","5.65292"
"2122868005","1875199223","5.65292"
"1875199223","2140048308","19.3816"
"2140048308","1875199223","19.3816"
"1875199223","2147596559","0.522817"
"2147596559","1875199223","0.522817"
"1875199223","2150614537","1.47566"
"2150614537","1875199223","1.47566"
"1875199223","2155019111","6.05063"
"2155019111","1875199223","6.05063"
"1875199223","2165735734","17.1316"
"2165735734","1875199223","17.1316"
"1875199223","2167275936","12.2788"
"2167275936","1875199223","12.2788"
"1875199223","2395738520","0.893452"
"2395738520","1875199223","0.893452"
"1875199223","2431986789","1.42057"
"2431986789","1875199223","1.42057"
"1875199223","2434386361","0.0625"
"2434386361","1875199223","0.0625"
"2035599448","2071898519","0.959325"
"2071898519","2035599448","0.959325"
"2035599448","2101903378","3.92602"
"2101903378","2035599448","3.92602"
"2035599448","2107056341","2.2495"
"2107056341","2035599448","2.2495"
"2035599448","2122868005","1.92911"
"2122868005","2035599448","1.92911"
"2035599448","2147596559","2.88948"
"2147596559","2035599448","2.88948"
"2035599448","2165735734","9.95102"
"2165735734","2035599448","9.95102"
"2035599448","2395738520","0.822024"
"2395738520","2035599448","0.822024"
"2035599448","2431986789","0.357435"
"2431986789","2035599448","0.357435"
"2035599448","2434386361","0.798611"
"2434386361","2035599448","0.798611"
"2071898519","2101903378","1.49464"
"2101903378","2071898519","1.49464"
"2071898519","2107056341","0.820437"
"2107056341","2071898519","0.820437"
"2071898519","2147596559","0.587897"
"2147596559","2071898519","0.587897"
"2071898519","2150614537","1.84226"
"2150614537","2071898519","1.84226"
"2071898519","2395738520","0.606151"
"2395738520","2071898519","0.606151"
"2071898519","2431986789","0.1875"
"2431986789","2071898519","0.1875"
"2071898519","2434386361","0.1875"
"2434386361","2071898519","0.1875"
"2101903378","2107056341","1.63124"
"2107056341","2101903378","1.63124"
"2101903378","2122868005","1.36561"
"2122868005","2101903378","1.36561"
"2101903378","2147596559","2.82599"
"2147596559","2101903378","2.82599"
"2101903378","2155019111","1.42444"
"2155019111","2101903378","1.42444"
"2101903378","2165735734","7.06253"
"2165735734","2101903378","7.06253"
"2101903378","2167275936","1.40658"
"2167275936","2101903378","1.40658"
"2101903378","2395738520","0.943452"
"2395738520","2101903378","0.943452"
"2101903378","2431986789","0.357435"
"2431986789","2101903378","0.357435"
"2101903378","2434386361","0.548611"
"2434386361","2101903378","0.548611"
"2107056341","2122868005","1.21329"
"2122868005","2107056341","1.21329"
"2107056341","2140048308","3.34438"
"2140048308","2107056341","3.34438"
"2107056341","2147596559","1.61567"
"2147596559","2107056341","1.61567"
"2107056341","2150614537","1.82057"
"2150614537","2107056341","1.82057"
"2107056341","2155019111","1.41101"
"2155019111","2107056341","1.41101"
"2107056341","2165735734","3.34438"
"2165735734","2107056341","3.34438"
"2107056341","2167275936","2.77731"
"2167275936","2107056341","2.77731"
"2107056341","2395738520","0.516468"
"2395738520","2107056341","0.516468"
"2107056341","2431986789","1.43168"
"2431986789","2107056341","1.43168"
"2107056341","2434386361","0.173611"
"2434386361","2107056341","0.173611"
"2122868005","2147596559","1.05853"
"2147596559","2122868005","1.05853"
"2122868005","2395738520","0.800595"
"2395738520","2122868005","0.800595"
"2122868005","2431986789","0.0625"
"2431986789","2122868005","0.0625"
"2122868005","2434386361","0.0625"
"2434386361","2122868005","0.0625"
"2140048308","2147596559","3.97044"
"2147596559","2140048308","3.97044"
"2140048308","2395738520","5.06964"
"2395738520","2140048308","5.06964"
"2140048308","2431986789","2.69834"
"2431986789","2140048308","2.69834"
"2140048308","2434386361","0.9375"
"2434386361","2140048308","0.9375"
"2147596559","2150614537","0.24504"
"2150614537","2147596559","0.24504"
"2147596559","2155019111","1.09028"
"2155019111","2147596559","1.09028"
"2147596559","2165735734","4.05377"
"2165735734","2147596559","4.05377"
"2147596559","2167275936","2.08234"
"2167275936","2147596559","2.08234"
"2147596559","2395738520","0.92123"
"2395738520","2147596559","0.92123"
"2147596559","2431986789","0.423611"
"2431986789","2147596559","0.423611"
"2147596559","2434386361","3.67361"
"2434386361","2147596559","3.67361"
"2150614537","2165735734","2.0463"
"2165735734","2150614537","2.0463"
"2150614537","2395738520","0.133929"
"2395738520","2150614537","0.133929"
"2150614537","2431986789","1.64557"
"2431986789","2150614537","1.64557"
"2150614537","2434386361","0.298611"
"2434386361","2150614537","0.298611"
"2155019111","2395738520","1.53631"
"2395738520","2155019111","1.53631"
"2155019111","2431986789","0.121324"
"2431986789","2155019111","0.121324"
"2155019111","2434386361","0.0625"
"2434386361","2155019111","0.0625"
"2165735734","2395738520","3.65298"
"2395738520","2165735734","3.65298"
"2165735734","2431986789","0.448344"
"2431986789","2165735734","0.448344"
"2165735734","2434386361","0.4375"
"2434386361","2165735734","0.4375"
"2167275936","2395738520","0.893452"
"2395738520","2167275936","0.893452"
"2167275936","2431986789","2.74557"
"2431986789","2167275936","2.74557"
"2167275936","2434386361","0.8125"
"2434386361","2167275936","0.8125"
"2395738520","2431986789","0.0625"
"2431986789","2395738520","0.0625"
"2395738520","2434386361","0.0625"
"2434386361","2395738520","0.0625"
"2431986789","2434386361","1.54861"
"2434386361","2431986789","1.54861"
"1484405533","1994962537","5.10529"
"1994962537","1484405533","5.10529"
"1484405533","431230153","1.74924"
"431230153","1484405533","1.74924"
"1994962537","2122868005","0.5"
"2122868005","1994962537","0.5"
"1994962537","431230153","1.63813"
"431230153","1994962537","1.63813"
"2122868005","431230153","1.07143"
"431230153","2122868005","1.07143"
"1484405533","1490382064","1"
"1490382064","1484405533","1"
"1994962537","2071898519","0.333333"
"2071898519","1994962537","0.333333"
"1994962537","2167275936","1.57195"
"2167275936","1994962537","1.57195"
"1484405533","2126144529","0.160256"
"2126144529","1484405533","0.160256"
"1484405533","2440199141","1.36194"
"2440199141","1484405533","1.36194"
"1875199223","1971005684","1.30241"
"1971005684","1875199223","1.30241"
"1875199223","2126144529","0.410256"
"2126144529","1875199223","0.410256"
"1875199223","2440199141","0.778604"
"2440199141","1875199223","0.778604"
"1971005684","2035599448","0.361937"
"2035599448","1971005684","0.361937"
"1971005684","2122868005","0.553114"
"2122868005","1971005684","0.553114"
"1971005684","2126144529","0.160256"
"2126144529","1971005684","0.160256"
"1971005684","2155019111","3.56194"
"2155019111","1971005684","3.56194"
"1971005684","2165735734","1.31194"
"2165735734","1971005684","1.31194"
"1971005684","2167275936","3.31194"
"2167275936","1971005684","3.31194"
"1971005684","2395738520","0.0833333"
"2395738520","1971005684","0.0833333"
"1971005684","2440199141","0.71908"
"2440199141","1971005684","0.71908"
"2035599448","2126144529","0.160256"
"2126144529","2035599448","0.160256"
"2035599448","2440199141","0.82027"
"2440199141","2035599448","0.82027"
"2101903378","2126144529","0.160256"
"2126144529","2101903378","0.160256"
"2101903378","2440199141","0.82027"
"2440199141","2101903378","0.82027"
"2122868005","2126144529","0.160256"
"2126144529","2122868005","0.160256"
"2122868005","2440199141","0.553114"
"2440199141","2122868005","0.553114"
"2126144529","2140048308","1.91026"
"2140048308","2126144529","1.91026"
"2126144529","2155019111","0.160256"
"2155019111","2126144529","0.160256"
"2126144529","2165735734","0.410256"
"2165735734","2126144529","0.410256"
"2126144529","2167275936","0.410256"
"2167275936","2126144529","0.410256"
"2126144529","2395738520","1.58333"
"2395738520","2126144529","1.58333"
"2126144529","2440199141","0.160256"
"2440199141","2126144529","0.160256"
"2140048308","2440199141","2.21313"
"2440199141","2140048308","2.21313"
"2155019111","2440199141","0.635747"
"2440199141","2155019111","0.635747"
"2165735734","2440199141","1.54646"
"2440199141","2165735734","1.54646"
"2167275936","2440199141","2.29646"
"2440199141","2167275936","2.29646"
"2395738520","2440199141","0.0833333"
"2440199141","2395738520","0.0833333"
"1875199223","2100156887","10.3194"
"2100156887","1875199223","10.3194"
"2100156887","2395738520","0.404762"
"2395738520","2100156887","0.404762"
"1994962537","2150614537","1.51362"
"2150614537","1994962537","1.51362"
"1994962537","2431986789","1.22195"
"2431986789","1994962537","1.22195"
"2150614537","431230153","4.26908"
"431230153","2150614537","4.26908"
"2167275936","431230153","1.50519"
"431230153","2167275936","1.50519"
"2431986789","431230153","0.999242"
"431230153","2431986789","0.999242"
"1484405533","2963183288","2.21832"
"2963183288","1484405533","2.21832"
"2440199141","2963183288","0.96908"
"2963183288","2440199141","0.96908"
"1994962537","2140048308","0.566399"
"2140048308","1994962537","0.566399"
"2140048308","431230153","1.29131"
"431230153","2140048308","1.29131"
"2150614537","2440199141","1.21313"
"2440199141","2150614537","1.21313"
"2150614537","2963183288","1.68221"
"2963183288","2150614537","1.68221"
"1484405533","2556729111","0.111111"
"2556729111","1484405533","0.111111"
"1484405533","2612259229","0.111111"
"2612259229","1484405533","0.111111"
"2035599448","2556729111","0.111111"
"2556729111","2035599448","0.111111"
"2035599448","2612259229","0.111111"
"2612259229","2035599448","0.111111"
"2101903378","2556729111","0.111111"
"2556729111","2101903378","0.111111"
"2101903378","2612259229","0.111111"
"2612259229","2101903378","0.111111"
"2107056341","2556729111","0.111111"
"2556729111","2107056341","0.111111"
"2107056341","2612259229","0.111111"
"2612259229","2107056341","0.111111"
"2147596559","2556729111","0.111111"
"2556729111","2147596559","0.111111"
"2147596559","2612259229","0.111111"
"2612259229","2147596559","0.111111"
"2150614537","2556729111","0.111111"
"2556729111","2150614537","0.111111"
"2150614537","2612259229","0.111111"
"2612259229","2150614537","0.111111"
"2431986789","2556729111","0.111111"
"2556729111","2431986789","0.111111"
"2431986789","2612259229","0.111111"
"2612259229","2431986789","0.111111"
"2434386361","2556729111","0.111111"
"2556729111","2434386361","0.111111"
"2434386361","2612259229","0.111111"
"2612259229","2434386361","0.111111"
"2556729111","2612259229","0.111111"
"2612259229","2556729111","0.111111"
"1875199223","2963183288","1.30999"
"2963183288","1875199223","1.30999"
"1971005684","2963183288","0.135747"
"2963183288","1971005684","0.135747"
"2035599448","2963183288","0.135747"
"2963183288","2035599448","0.135747"
"2101903378","2963183288","0.135747"
"2963183288","2101903378","0.135747"
"2122868005","2963183288","0.0769231"
"2963183288","2122868005","0.0769231"
"2126144529","2150614537","0.0769231"
"2150614537","2126144529","0.0769231"
"2126144529","2963183288","0.0769231"
"2963183288","2126144529","0.0769231"
"2140048308","2963183288","0.587767"
"2963183288","2140048308","0.587767"
"2155019111","2963183288","0.385747"
"2963183288","2155019111","0.385747"
"2165735734","2963183288","0.587767"
"2963183288","2165735734","0.587767"
"2167275936","2963183288","2.18499"
"2963183288","2167275936","2.18499"
"1875199223","1994962537","1.99695"
"1994962537","1875199223","1.99695"
"1875199223","431230153","1.24567"
"431230153","1875199223","1.24567"
"1994962537","2963183288","1.39695"
"2963183288","1994962537","1.39695"
"2963183288","431230153","1.17424"
"431230153","2963183288","1.17424"
"1484405533","2095043406","0.858066"
"2095043406","1484405533","0.858066"
"1875199223","2095043406","1.16561"
"2095043406","1875199223","1.16561"
"2095043406","2107056341","3.32592"
"2107056341","2095043406","3.32592"
"2095043406","2140048308","0.586241"
"2140048308","2095043406","0.586241"
"2095043406","2165735734","1.25291"
"2165735734","2095043406","1.25291"
"2095043406","2167275936","1.54061"
"2167275936","2095043406","1.54061"
"2095043406","2431986789","1.05807"
"2431986789","2095043406","1.05807"
"2095043406","2963183288","1.18307"
"2963183288","2095043406","1.18307"
"2095043406","431230153","0.995671"
"431230153","2095043406","0.995671"
"2107056341","2963183288","1.38307"
"2963183288","2107056341","1.38307"
"2107056341","431230153","1.04924"
"431230153","2107056341","1.04924"
"2165735734","431230153","1.12464"
"431230153","2165735734","1.12464"
"2431986789","2963183288","1.25807"
"2963183288","2431986789","1.25807"
"1994962537","2095043406","0.946955"
"2095043406","1994962537","0.946955"
"1994962537","2107056341","2.14695"
"2107056341","1994962537","2.14695"
"2095043406","2150614537","1.14338"
"2150614537","2095043406","1.14338"
"1484405533","2429229938","0.0588235"
"2429229938","1484405533","0.0588235"
"1716333758","1971005684","0.0588235"
"1971005684","1716333758","0.0588235"
"1716333758","1994962537","0.0588235"
"1994962537","1716333758","0.0588235"
"1716333758","2095043406","0.392157"
"2095043406","1716333758","0.392157"
"1716333758","2429229938","0.0588235"
"2429229938","1716333758","0.0588235"
"1716333758","2440199141","0.0588235"
"2440199141","1716333758","0.0588235"
"1716333758","2963183288","0.0588235"
"2963183288","1716333758","0.0588235"
"1875199223","2429229938","0.0588235"
"2429229938","1875199223","0.0588235"
"1971005684","1994962537","0.0588235"
"1994962537","1971005684","0.0588235"
"1971005684","2095043406","0.0588235"
"2095043406","1971005684","0.0588235"
"1971005684","2107056341","0.0588235"
"2107056341","1971005684","0.0588235"
"1971005684","2429229938","0.0588235"
"2429229938","1971005684","0.0588235"
"1971005684","2431986789","0.0588235"
"2431986789","1971005684","0.0588235"
"1994962537","2035599448","0.0588235"
"2035599448","1994962537","0.0588235"
"1994962537","2101903378","0.0588235"
"2101903378","1994962537","0.0588235"
"1994962537","2155019111","1.05882"
"2155019111","1994962537","1.05882"
"1994962537","2165735734","0.149733"
"2165735734","1994962537","0.149733"
"1994962537","2429229938","0.0588235"
"2429229938","1994962537","0.0588235"
"1994962537","2440199141","0.308824"
"2440199141","1994962537","0.308824"
"2035599448","2095043406","0.368347"
"2095043406","2035599448","0.368347"
"2035599448","2429229938","0.308824"
"2429229938","2035599448","0.308824"
"2095043406","2101903378","0.439776"
"2101903378","2095043406","0.439776"
"2095043406","2155019111","0.38422"
"2155019111","2095043406","0.38422"
"2095043406","2429229938","0.0588235"
"2429229938","2095043406","0.0588235"
"2095043406","2440199141","0.0588235"
"2440199141","2095043406","0.0588235"
"2101903378","2429229938","0.308824"
"2429229938","2101903378","0.308824"
"2107056341","2429229938","0.0588235"
"2429229938","2107056341","0.0588235"
"2107056341","2440199141","0.183824"
"2440199141","2107056341","0.183824"
"2140048308","2429229938","0.308824"
"2429229938","2140048308","0.308824"
"2150614537","2429229938","1.05882"
"2429229938","2150614537","1.05882"
"2155019111","2429229938","0.0588235"
"2429229938","2155019111","0.0588235"
"2165735734","2429229938","0.0588235"
"2429229938","2165735734","0.0588235"
"2167275936","2429229938","0.0588235"
"2429229938","2167275936","0.0588235"
"2429229938","2431986789","0.0588235"
"2431986789","2429229938","0.0588235"
"2429229938","2440199141","0.0588235"
"2440199141","2429229938","0.0588235"
"2429229938","2963183288","0.0588235"
"2963183288","2429229938","0.0588235"
"2431986789","2440199141","0.0588235"
"2440199141","2431986789","0.0588235"
"1489928229","2100399041","0.2"
"2100399041","1489928229","0.2"
"1489928229","2105113802","0.2"
"2105113802","1489928229","0.2"
"1489928229","2145067130","0.2"
"2145067130","1489928229","0.2"
"1489928229","2146310406","0.2"
"2146310406","1489928229","0.2"
"1489928229","2162192988","0.2"
"2162192988","1489928229","0.2"
"2100399041","2105113802","0.45"
"2105113802","2100399041","0.45"
"2100399041","2145067130","0.45"
"2145067130","2100399041","0.45"
"2100399041","2146310406","0.45"
"2146310406","2100399041","0.45"
"2100399041","2162192988","0.45"
"2162192988","2100399041","0.45"
"2105113802","2145067130","28.45"
"2145067130","2105113802","28.45"
"2105113802","2146310406","0.95"
"2146310406","2105113802","0.95"
"2105113802","2162192988","0.95"
"2162192988","2105113802","0.95"
"2145067130","2146310406","0.45"
"2146310406","2145067130","0.45"
"2145067130","2162192988","0.95"
"2162192988","2145067130","0.95"
"2146310406","2162192988","0.45"
"2162192988","2146310406","0.45"
"1490382064","1508314812","1"
"1508314812","1490382064","1"
"1490382064","2071155420","0.25"
"2071155420","1490382064","0.25"
"1490382064","2140048308","0.25"
"2140048308","1490382064","0.25"
"1490382064","2150614537","0.25"
"2150614537","1490382064","0.25"
"1490382064","431230153","0.25"
"431230153","1490382064","0.25"
"2071155420","2140048308","2.40476"
"2140048308","2071155420","2.40476"
"2071155420","2150614537","0.321429"
"2150614537","2071155420","0.321429"
"2071155420","431230153","0.571429"
"431230153","2071155420","0.571429"
"1490382064","2431986789","2"
"2431986789","1490382064","2"
"1601597564","2140048308","1"
"2140048308","1601597564","1"
"1716333758","2539377436","0.5"
"2539377436","1716333758","0.5"
"2140048308","2539377436","0.5"
"2539377436","2140048308","0.5"
"1875199223","2071155420","0.0714286"
"2071155420","1875199223","0.0714286"
"2071155420","2071898519","0.0714286"
"2071898519","2071155420","0.0714286"
"2071155420","2095043406","0.0714286"
"2095043406","2071155420","0.0714286"
"2071155420","2100156887","0.0714286"
"2100156887","2071155420","0.0714286"
"2071155420","2101903378","0.0714286"
"2101903378","2071155420","0.0714286"
"2071155420","2122868005","0.654762"
"2122868005","2071155420","0.654762"
"2071155420","2147596559","0.0714286"
"2147596559","2071155420","0.0714286"
"2071155420","2155019111","0.821429"
"2155019111","2071155420","0.821429"
"2071155420","2165735734","1.90476"
"2165735734","2071155420","1.90476"
"2071155420","2167275936","0.0714286"
"2167275936","2071155420","0.0714286"
"2071155420","2395738520","0.0714286"
"2395738520","2071155420","0.0714286"
"2071898519","2095043406","0.0714286"
"2095043406","2071898519","0.0714286"
"2071898519","431230153","0.0714286"
"431230153","2071898519","0.0714286"
"2095043406","2100156887","0.18254"
"2100156887","2095043406","0.18254"
"2095043406","2122868005","0.18254"
"2122868005","2095043406","0.18254"
"2095043406","2147596559","0.492063"
"2147596559","2095043406","0.492063"
"2095043406","2395738520","0.18254"
"2395738520","2095043406","0.18254"
"2100156887","2101903378","0.614286"
"2101903378","2100156887","0.614286"
"2100156887","2147596559","2.55317"
"2147596559","2100156887","2.55317"
"2100156887","2150614537","0.521429"
"2150614537","2100156887","0.521429"
"2100156887","431230153","0.404762"
"431230153","2100156887","0.404762"
"2101903378","431230153","0.339286"
"431230153","2101903378","0.339286"
"2147596559","431230153","0.0714286"
"431230153","2147596559","0.0714286"
"2155019111","431230153","0.0714286"
"431230153","2155019111","0.0714286"
"2395738520","431230153","0.0714286"
"431230153","2395738520","0.0714286"
"1875199223","1890921491","0.142857"
"1890921491","1875199223","0.142857"
"1875199223","2041916017","0.142857"
"2041916017","1875199223","0.142857"
"1890921491","2041916017","0.142857"
"2041916017","1890921491","0.142857"
"1890921491","2140048308","0.97619"
"2140048308","1890921491","0.97619"
"1890921491","2155019111","0.142857"
"2155019111","1890921491","0.142857"
"1890921491","2165735734","0.47619"
"2165735734","1890921491","0.47619"
"1890921491","2167275936","0.642857"
"2167275936","1890921491","0.642857"
"1890921491","2395738520","0.142857"
"2395738520","1890921491","0.142857"
"2041916017","2140048308","0.392857"
"2140048308","2041916017","0.392857"
"2041916017","2155019111","0.392857"
"2155019111","2041916017","0.392857"
"2041916017","2165735734","0.392857"
"2165735734","2041916017","0.392857"
"2041916017","2167275936","0.142857"
"2167275936","2041916017","0.142857"
"2041916017","2395738520","0.142857"
"2395738520","2041916017","0.142857"
"2035599448","2100156887","1.05278"
"2100156887","2035599448","1.05278"
"2100156887","2107056341","0.565079"
"2107056341","2100156887","0.565079"
"1875199223","2107391785","1"
"2107391785","1875199223","1"
"1875199223","2898315966","0.125"
"2898315966","1875199223","0.125"
"1875199223","2959774563","0.125"
"2959774563","1875199223","0.125"
"2035599448","2898315966","2.875"
"2898315966","2035599448","2.875"
"2035599448","2959774563","0.125"
"2959774563","2035599448","0.125"
"2071898519","2898315966","0.125"
"2898315966","2071898519","0.125"
"2071898519","2959774563","0.125"
"2959774563","2071898519","0.125"
"2100156887","2898315966","0.125"
"2898315966","2100156887","0.125"
"2100156887","2959774563","0.125"
"2959774563","2100156887","0.125"
"2140048308","2898315966","0.875"
"2898315966","2140048308","0.875"
"2140048308","2959774563","0.125"
"2959774563","2140048308","0.125"
"2165735734","2898315966","0.875"
"2898315966","2165735734","0.875"
"2165735734","2959774563","0.125"
"2959774563","2165735734","0.125"
"2167275936","2898315966","0.875"
"2898315966","2167275936","0.875"
"2167275936","2959774563","0.125"
"2959774563","2167275936","0.125"
"2898315966","2959774563","0.125"
"2959774563","2898315966","0.125"
"1890921491","2101903378","0.333333"
"2101903378","1890921491","0.333333"
"1966540900","2105113802","4"
"2105113802","1966540900","4"
"1966540900","2145067130","4.5"
"2145067130","1966540900","4.5"
"1966540900","2107391785","1"
"2107391785","1966540900","1"
"1966540900","2146310406","0.5"
"2146310406","1966540900","0.5"
"1971005684","2100156887","0.7"
"2100156887","1971005684","0.7"
"1971005684","2071898519","1.5"
"2071898519","1971005684","1.5"
"1994962537","2434386361","0.25"
"2434386361","1994962537","0.25"
"2434386361","2440199141","0.25"
"2440199141","2434386361","0.25"
"2035599448","2071155420","0.25"
"2071155420","2035599448","0.25"
"2035599448","2548896705","0.25"
"2548896705","2035599448","0.25"
"2035599448","431230153","0.517857"
"431230153","2035599448","0.517857"
"2071155420","2548896705","0.25"
"2548896705","2071155420","0.25"
"2165735734","2548896705","0.25"
"2548896705","2165735734","0.25"
"2548896705","431230153","0.25"
"431230153","2548896705","0.25"
"2440199141","431230153","0.267857"
"431230153","2440199141","0.267857"
"2429229938","2434386361","0.25"
"2434386361","2429229938","0.25"
"2041916017","2100156887","0.25"
"2100156887","2041916017","0.25"
"2041916017","2126144529","2"
"2126144529","2041916017","2"
"2041916017","2147596559","1"
"2147596559","2041916017","1"
"2041916017","2107056341","1"
"2107056341","2041916017","1"
"2041916017","2101903378","1"
"2101903378","2041916017","1"
"2071898519","2440199141","0.583333"
"2440199141","2071898519","0.583333"
"2100156887","2434386361","1"
"2434386361","2100156887","1"
