"1500915726","2112474496","0.333333"
"2112474496","1500915726","0.333333"
"1500915726","2116023662","0.666667"
"2116023662","1500915726","0.666667"
"1500915726","2166859998","0.666667"
"2166859998","1500915726","0.666667"
"2112474496","2116023662","0.783333"
"2116023662","2112474496","0.783333"
"2112474496","2166859998","0.92619"
"2166859998","2112474496","0.92619"
"2116023662","2166859998","1.11667"
"2166859998","2116023662","1.11667"
"1500915726","2798717089","1"
"2798717089","1500915726","1"
"1500915726","2145020294","0.333333"
"2145020294","1500915726","0.333333"
"2116023662","2145020294","0.783333"
"2145020294","2116023662","0.783333"
"2145020294","2166859998","0.783333"
"2166859998","2145020294","0.783333"
"1563265404","2101207848","9.35"
"2101207848","1563265404","9.35"
"1563265404","2143452574","6.53333"
"2143452574","1563265404","6.53333"
"2101207848","2143452574","7.45"
"2143452574","2101207848","7.45"
"1563265404","2124298185","0.666667"
"2124298185","1563265404","0.666667"
"1563265404","2151575925","1.04167"
"2151575925","1563265404","1.04167"
"2101207848","2124298185","12.604"
"2124298185","2101207848","12.604"
"2101207848","2151575925","6.80119"
"2151575925","2101207848","6.80119"
"2124298185","2151575925","26.9262"
"2151575925","2124298185","26.9262"
"1563265404","1646696449","1.2"
"1646696449","1563265404","1.2"
"1563265404","2023977759","1.76667"
"2023977759","1563265404","1.76667"
"1563265404","2099395665","4.15"
"2099395665","1563265404","4.15"
"1563265404","2132520482","1.84167"
"2132520482","1563265404","1.84167"
"1563265404","2140102533","3.50833"
"2140102533","1563265404","3.50833"
"1646696449","2023977759","11.9833"
"2023977759","1646696449","11.9833"
"1646696449","2099395665","36.7278"
"2099395665","1646696449","36.7278"
"1646696449","2132520482","33.9361"
"2132520482","1646696449","33.9361"
"1646696449","2140102533","8.42778"
"2140102533","1646696449","8.42778"
"2023977759","2099395665","27.1333"
"2099395665","2023977759","27.1333"
"2023977759","2132520482","15.3917"
"2132520482","2023977759","15.3917"
"2023977759","2140102533","2.51667"
"2140102533","2023977759","2.51667"
"2099395665","2132520482","68.4278"
"2132520482","2099395665","68.4278"
"2099395665","2140102533","14.8694"
"2140102533","2099395665","14.8694"
"2132520482","2140102533","3.77778"
"2140102533","2132520482","3.77778"
"1563265404","2148646461","1"
"2148646461","1563265404","1"
"1563265404","1986319134","0.5"
"1986319134","1563265404","0.5"
"1646696449","1986319134","3.49167"
"1986319134","1646696449","3.49167"
"1563265404","2102018241","1"
"2102018241","1563265404","1"
"2099395665","2102018241","20.2694"
"2102018241","2099395665","20.2694"
"2102018241","2140102533","3.61111"
"2140102533","2102018241","3.61111"
"2101207848","2132520482","7.61111"
"2132520482","2101207848","7.61111"
"2132520482","2151575925","37.9083"
"2151575925","2132520482","37.9083"
"1563265404","2156720172","3.575"
"2156720172","1563265404","3.575"
"2101207848","2156720172","3.81111"
"2156720172","2101207848","3.81111"
"2143452574","2156720172","13.0167"
"2156720172","2143452574","13.0167"
"2099395665","2101207848","9.49444"
"2101207848","2099395665","9.49444"
"1563265404","2015180052","0.375"
"2015180052","1563265404","0.375"
"1563265404","2115613157","0.875"
"2115613157","1563265404","0.875"
"1646696449","2015180052","6.85833"
"2015180052","1646696449","6.85833"
"1646696449","2101207848","7.21944"
"2101207848","1646696449","7.21944"
"1646696449","2102018241","6.89444"
"2102018241","1646696449","6.89444"
"1646696449","2115613157","2.93611"
"2115613157","1646696449","2.93611"
"2015180052","2023977759","3.35833"
"2023977759","2015180052","3.35833"
"2015180052","2099395665","6.81667"
"2099395665","2015180052","6.81667"
"2015180052","2101207848","2.53333"
"2101207848","2015180052","2.53333"
"2015180052","2102018241","1.24167"
"2102018241","2015180052","1.24167"
"2015180052","2115613157","0.666667"
"2115613157","2015180052","0.666667"
"2015180052","2140102533","1.125"
"2140102533","2015180052","1.125"
"2023977759","2101207848","6.35119"
"2101207848","2023977759","6.35119"
"2023977759","2102018241","4.29286"
"2102018241","2023977759","4.29286"
"2023977759","2115613157","1.575"
"2115613157","2023977759","1.575"
"2099395665","2115613157","5.69444"
"2115613157","2099395665","5.69444"
"2101207848","2102018241","4.27897"
"2102018241","2101207848","4.27897"
"2101207848","2115613157","6.13611"
"2115613157","2101207848","6.13611"
"2101207848","2140102533","13.2778"
"2140102533","2101207848","13.2778"
"2102018241","2115613157","1.22778"
"2115613157","2102018241","1.22778"
"2115613157","2140102533","3.72778"
"2140102533","2115613157","3.72778"
"1563265404","2040428289","2.5"
"2040428289","1563265404","2.5"
"1646696449","2156720172","0.894444"
"2156720172","1646696449","0.894444"
"2015180052","2156720172","0.375"
"2156720172","2015180052","0.375"
"2023977759","2156720172","0.866667"
"2156720172","2023977759","0.866667"
"2099395665","2156720172","1.97778"
"2156720172","2099395665","1.97778"
"2102018241","2156720172","0.527778"
"2156720172","2102018241","0.527778"
"2115613157","2156720172","0.736111"
"2156720172","2115613157","0.736111"
"2140102533","2156720172","1.38611"
"2156720172","2140102533","1.38611"
"2124298185","2132520482","9.43611"
"2132520482","2124298185","9.43611"
"2124298185","2140102533","5.17778"
"2140102533","2124298185","5.17778"
"1563265404","2398660820","2"
"2398660820","1563265404","2"
"1563265404","2116023662","0.666667"
"2116023662","1563265404","0.666667"
"2116023662","2143452574","0.866667"
"2143452574","2116023662","0.866667"
"2116023662","2156720172","0.666667"
"2156720172","2116023662","0.666667"
"2040428289","2101207848","0.5"
"2101207848","2040428289","0.5"
"2099395665","2143452574","1.825"
"2143452574","2099395665","1.825"
"2099395665","2151575925","43.4917"
"2151575925","2099395665","43.4917"
"2115613157","2132520482","1.18611"
"2132520482","2115613157","1.18611"
"2115613157","2143452574","3.25"
"2143452574","2115613157","3.25"
"2115613157","2151575925","3.375"
"2151575925","2115613157","3.375"
"2132520482","2143452574","0.325"
"2143452574","2132520482","0.325"
"2132520482","2156720172","2.51944"
"2156720172","2132520482","2.51944"
"2140102533","2143452574","1.98333"
"2143452574","2140102533","1.98333"
"2140102533","2151575925","2.95833"
"2151575925","2140102533","2.95833"
"2143452574","2151575925","0.458333"
"2151575925","2143452574","0.458333"
"2151575925","2156720172","0.875"
"2156720172","2151575925","0.875"
"1563265404","2403180956","0.2"
"2403180956","1563265404","0.2"
"2023977759","2403180956","2.49167"
"2403180956","2023977759","2.49167"
"2101207848","2403180956","2.80833"
"2403180956","2101207848","2.80833"
"2132520482","2403180956","4.76667"
"2403180956","2132520482","4.76667"
"2140102533","2403180956","1.55833"
"2403180956","2140102533","1.55833"
"1563265404","1831560769","0.25"
"1831560769","1563265404","0.25"
"1831560769","2101207848","2.55952"
"2101207848","1831560769","2.55952"
"1831560769","2115613157","1.75"
"2115613157","1831560769","1.75"
"1831560769","2143452574","0.45"
"2143452574","1831560769","0.45"
"1646696449","2143452574","2.24167"
"2143452574","1646696449","2.24167"
"2023977759","2143452574","0.658333"
"2143452574","2023977759","0.658333"
"2102018241","2143452574","0.625"
"2143452574","2102018241","0.625"
"1582747324","1831560769","4.50952"
"1831560769","1582747324","4.50952"
"1582747324","2099395665","10.2"
"2099395665","1582747324","10.2"
"1831560769","2099395665","80.8833"
"2099395665","1831560769","80.8833"
"1582747324","2023977759","3.50952"
"2023977759","1582747324","3.50952"
"1582747324","2124298185","2.17619"
"2124298185","1582747324","2.17619"
"1582747324","2151575925","3.14286"
"2151575925","1582747324","3.14286"
"2023977759","2124298185","12.2929"
"2124298185","2023977759","12.2929"
"2023977759","2151575925","13.6762"
"2151575925","2023977759","13.6762"
"1582747324","2102018241","1.64286"
"2102018241","1582747324","1.64286"
"1582747324","2132520482","11.1667"
"2132520482","1582747324","11.1667"
"2102018241","2132520482","6.94444"
"2132520482","2102018241","6.94444"
"1582747324","1646696449","5.36667"
"1646696449","1582747324","5.36667"
"1582747324","2143452574","0.4"
"2143452574","1582747324","0.4"
"1582747324","2156720172","0.4"
"2156720172","1582747324","0.4"
"1646696449","1831560769","14.05"
"1831560769","1646696449","14.05"
"1831560769","2023977759","9.80952"
"2023977759","1831560769","9.80952"
"1831560769","2156720172","1.2"
"2156720172","1831560769","1.2"
"1582747324","2140102533","1.7"
"2140102533","1582747324","1.7"
"2099395665","2124298185","18.5028"
"2124298185","2099395665","18.5028"
"2124298185","2143452574","0.366667"
"2143452574","2124298185","0.366667"
"2124298185","2156720172","0.311111"
"2156720172","2124298185","0.311111"
"1582747324","2403180956","1.5"
"2403180956","1582747324","1.5"
"1582747324","2115613157","1.66667"
"2115613157","1582747324","1.66667"
"2099395665","2403180956","16.9262"
"2403180956","2099395665","16.9262"
"2115613157","2403180956","1.325"
"2403180956","2115613157","1.325"
"1582747324","2398660820","6.47619"
"2398660820","1582747324","6.47619"
"1582747324","2015180052","0.333333"
"2015180052","1582747324","0.333333"
"1582747324","2101207848","0.809524"
"2101207848","1582747324","0.809524"
"1582747324","2166859998","1"
"2166859998","1582747324","1"
"1831560769","2102018241","8.30952"
"2102018241","1831560769","8.30952"
"1831560769","2124298185","5.64286"
"2124298185","1831560769","5.64286"
"1831560769","2151575925","17.6929"
"2151575925","1831560769","17.6929"
"1831560769","2398660820","13.1762"
"2398660820","1831560769","13.1762"
"2023977759","2398660820","7.11786"
"2398660820","2023977759","7.11786"
"2101207848","2398660820","5.07897"
"2398660820","2101207848","5.07897"
"2102018241","2124298185","14.954"
"2124298185","2102018241","14.954"
"2102018241","2151575925","10.7262"
"2151575925","2102018241","10.7262"
"2102018241","2398660820","5.70397"
"2398660820","2102018241","5.70397"
"2124298185","2398660820","9.74564"
"2398660820","2124298185","9.74564"
"2151575925","2398660820","16.4929"
"2398660820","2151575925","16.4929"
"2124298185","2403180956","5.575"
"2403180956","2124298185","5.575"
"1831560769","2132520482","23.4667"
"2132520482","1831560769","23.4667"
"1646696449","2151575925","35.9167"
"2151575925","1646696449","35.9167"
"2099395665","2398660820","53.3861"
"2398660820","2099395665","53.3861"
"2132520482","2398660820","27.1361"
"2398660820","2132520482","27.1361"
"161094716","2040428289","0.25"
"2040428289","161094716","0.25"
"161094716","2294316975","2"
"2294316975","161094716","2"
"161094716","2295114861","0.25"
"2295114861","161094716","0.25"
"161094716","2616328094","0.5"
"2616328094","161094716","0.5"
"2040428289","2294316975","1.45"
"2294316975","2040428289","1.45"
"2040428289","2295114861","0.45"
"2295114861","2040428289","0.45"
"2040428289","2616328094","0.25"
"2616328094","2040428289","0.25"
"2294316975","2295114861","8.78333"
"2295114861","2294316975","8.78333"
"2294316975","2616328094","0.5"
"2616328094","2294316975","0.5"
"2295114861","2616328094","0.25"
"2616328094","2295114861","0.25"
"161094716","1834532152","1.5"
"1834532152","161094716","1.5"
"1834532152","2294316975","70.75"
"2294316975","1834532152","70.75"
"161094716","2112474496","0.25"
"2112474496","161094716","0.25"
"161094716","2970836712","0.25"
"2970836712","161094716","0.25"
"2112474496","2294316975","5.02778"
"2294316975","2112474496","5.02778"
"2112474496","2616328094","1.25"
"2616328094","2112474496","1.25"
"2112474496","2970836712","1.25"
"2970836712","2112474496","1.25"
"2294316975","2970836712","0.25"
"2970836712","2294316975","0.25"
"2616328094","2970836712","0.25"
"2970836712","2616328094","0.25"
"1646696449","2294316975","1"
"2294316975","1646696449","1"
"1646696449","2398660820","10.1361"
"2398660820","1646696449","10.1361"
"1646696449","99915623","0.25"
"99915623","1646696449","0.25"
"2132520482","99915623","1.41667"
"99915623","2132520482","1.41667"
"2151575925","99915623","0.833333"
"99915623","2151575925","0.833333"
"2398660820","99915623","0.5"
"99915623","2398660820","0.5"
"1646696449","2162060957","1.5"
"2162060957","1646696449","1.5"
"2023977759","2162060957","0.5"
"2162060957","2023977759","0.5"
"1646696449","2124298185","35.9444"
"2124298185","1646696449","35.9444"
"1646696449","2403180956","4.275"
"2403180956","1646696449","4.275"
"2151575925","2403180956","4.7"
"2403180956","2151575925","4.7"
"2115613157","2398660820","1.72778"
"2398660820","2115613157","1.72778"
"2143452574","2398660820","0.25"
"2398660820","2143452574","0.25"
"1986319134","2132520482","7.7"
"2132520482","1986319134","7.7"
"1986319134","2151575925","1.53333"
"2151575925","1986319134","1.53333"
"1986319134","2398660820","4.86667"
"2398660820","1986319134","4.86667"
"1986319134","2403180956","34.9417"
"2403180956","1986319134","34.9417"
"2398660820","2403180956","20.1167"
"2403180956","2398660820","20.1167"
"2015180052","2151575925","2.2"
"2151575925","2015180052","2.2"
"2015180052","2398660820","1.24167"
"2398660820","2015180052","1.24167"
"1831560769","2015180052","0.333333"
"2015180052","1831560769","0.333333"
"2115613157","2124298185","2.01944"
"2124298185","2115613157","2.01944"
"1986319134","2099395665","29.1167"
"2099395665","1986319134","29.1167"
"1646696449","1834532152","1.33333"
"1834532152","1646696449","1.33333"
"1831560769","1834532152","1.33333"
"1834532152","1831560769","1.33333"
"1986319134","2015180052","0.125"
"2015180052","1986319134","0.125"
"1986319134","2023977759","0.458333"
"2023977759","1986319134","0.458333"
"1986319134","2101207848","1.325"
"2101207848","1986319134","1.325"
"1986319134","2115613157","0.125"
"2115613157","1986319134","0.125"
"1986319134","2124298185","5.825"
"2124298185","1986319134","5.825"
"1986319134","2140102533","1.575"
"2140102533","1986319134","1.575"
"2015180052","2124298185","1.83333"
"2124298185","2015180052","1.83333"
"2015180052","2403180956","0.291667"
"2403180956","2015180052","0.291667"
"2015180052","2132520482","4.04167"
"2132520482","2015180052","4.04167"
"2140102533","2398660820","1.23611"
"2398660820","2140102533","1.23611"
"1831560769","1986319134","9"
"1986319134","1831560769","9"
"1646696449","1987362912","0.333333"
"1987362912","1646696449","0.333333"
"1646696449","2132145609","0.333333"
"2132145609","1646696449","0.333333"
"1987362912","2099395665","0.333333"
"2099395665","1987362912","0.333333"
"1987362912","2132145609","5.05397"
"2132145609","1987362912","5.05397"
"2099395665","2132145609","1.33333"
"2132145609","2099395665","1.33333"
"2156720172","2398660820","0.361111"
"2398660820","2156720172","0.361111"
"1834532152","1986319134","1.33333"
"1986319134","1834532152","1.33333"
"1646696449","1967155813","0.5"
"1967155813","1646696449","0.5"
"1967155813","2099395665","0.5"
"2099395665","1967155813","0.5"
"1646696449","2064366207","0.25"
"2064366207","1646696449","0.25"
"2064366207","2099395665","0.25"
"2099395665","2064366207","0.25"
"2064366207","2151575925","0.25"
"2151575925","2064366207","0.25"
"2064366207","2398660820","0.25"
"2398660820","2064366207","0.25"
"183144613","2964078792","1"
"2964078792","183144613","1"
"1831560769","2403180956","1.33333"
"2403180956","1831560769","1.33333"
"1831560769","2140102533","0.25"
"2140102533","1831560769","0.25"
"1831560769","2004261580","1"
"2004261580","1831560769","1"
"1834532152","2112474496","9.36667"
"2112474496","1834532152","9.36667"
"1834532152","2148646461","0.5"
"2148646461","1834532152","0.5"
"2148646461","2294316975","0.5"
"2294316975","2148646461","0.5"
"1834532152","2064366207","2.66667"
"2064366207","1834532152","2.66667"
"1834532152","2143452574","2.33333"
"2143452574","1834532152","2.33333"
"1834532152","2295114861","20.8333"
"2295114861","1834532152","20.8333"
"1834532152","2027720485","9.83333"
"2027720485","1834532152","9.83333"
"2027720485","2294316975","11.8333"
"2294316975","2027720485","11.8333"
"2027720485","2295114861","2.16667"
"2295114861","2027720485","2.16667"
"1834532152","2290659297","2.75"
"2290659297","1834532152","2.75"
"1834532152","2616328094","1.5"
"2616328094","1834532152","1.5"
"2290659297","2616328094","0.5"
"2616328094","2290659297","0.5"
"1834532152","2105551310","1"
"2105551310","1834532152","1"
"2105551310","2294316975","2.11111"
"2294316975","2105551310","2.11111"
"1834532152","2101207848","1"
"2101207848","1834532152","1"
"2112474496","2295114861","0.666667"
"2295114861","2112474496","0.666667"
"1834532152","2116023662","0.7"
"2116023662","1834532152","0.7"
"1834532152","2145020294","0.45"
"2145020294","1834532152","0.45"
"1834532152","2166859998","0.45"
"2166859998","1834532152","0.45"
"1834532152","2964078792","0.2"
"2964078792","1834532152","0.2"
"2112474496","2145020294","3.45"
"2145020294","2112474496","3.45"
"2112474496","2964078792","0.2"
"2964078792","2112474496","0.2"
"2116023662","2964078792","0.2"
"2964078792","2116023662","0.2"
"2145020294","2964078792","0.2"
"2964078792","2145020294","0.2"
"2166859998","2964078792","1.2"
"2964078792","2166859998","1.2"
"1834532152","2165844343","2.33333"
"2165844343","1834532152","2.33333"
"1834532152","2132520482","0.5"
"2132520482","1834532152","0.5"
"2027720485","2132520482","0.5"
"2132520482","2027720485","0.5"
"2027720485","2290659297","0.25"
"2290659297","2027720485","0.25"
"2132520482","2290659297","0.25"
"2290659297","2132520482","0.25"
"2132520482","2294316975","0.25"
"2294316975","2132520482","0.25"
"2290659297","2294316975","1.25"
"2294316975","2290659297","1.25"
"2064366207","2294316975","5.83333"
"2294316975","2064366207","5.83333"
"1834532152","2182901768","1.5"
"2182901768","1834532152","1.5"
"2027720485","2064366207","2.08333"
"2064366207","2027720485","2.08333"
"1834532152","2040428289","0.25"
"2040428289","1834532152","0.25"
"2027720485","2040428289","0.25"
"2040428289","2027720485","0.25"
"2027720485","2116023662","0.25"
"2116023662","2027720485","0.25"
"2040428289","2116023662","0.45"
"2116023662","2040428289","0.45"
"2040428289","2132520482","1.25"
"2132520482","2040428289","1.25"
"2116023662","2132520482","0.25"
"2132520482","2116023662","0.25"
"2027720485","2143452574","1.33333"
"2143452574","2027720485","1.33333"
"2143452574","2294316975","0.533333"
"2294316975","2143452574","0.533333"
"1834532152","2406516981","1.33333"
"2406516981","1834532152","1.33333"
"2064366207","2165844343","3.08333"
"2165844343","2064366207","3.08333"
"2064366207","2406516981","3.83333"
"2406516981","2064366207","3.83333"
"2165844343","2406516981","0.583333"
"2406516981","2165844343","0.583333"
"1834532152","2188062232","1.45"
"2188062232","1834532152","1.45"
"1834532152","2162060957","1"
"2162060957","1834532152","1"
"1834532152","2751839338","0.95"
"2751839338","1834532152","0.95"
"2112474496","2751839338","0.75"
"2751839338","2112474496","0.75"
"2112474496","2182901768","0.5"
"2182901768","2112474496","0.5"
"1834532152","2912823961","0.45"
"2912823961","1834532152","0.45"
"2112474496","2188062232","1.25"
"2188062232","2112474496","1.25"
"2112474496","2912823961","0.25"
"2912823961","2112474496","0.25"
"2188062232","2751839338","0.45"
"2751839338","2188062232","0.45"
"2188062232","2912823961","0.45"
"2912823961","2188062232","0.45"
"2751839338","2912823961","0.45"
"2912823961","2751839338","0.45"
"1834532152","2155006296","0.2"
"2155006296","1834532152","0.2"
"1834532152","2996376215","0.2"
"2996376215","1834532152","0.2"
"2155006296","2188062232","0.2"
"2188062232","2155006296","0.2"
"2155006296","2751839338","0.2"
"2751839338","2155006296","0.2"
"2155006296","2912823961","0.2"
"2912823961","2155006296","0.2"
"2155006296","2996376215","1.2"
"2996376215","2155006296","1.2"
"2188062232","2996376215","0.2"
"2996376215","2188062232","0.2"
"2751839338","2996376215","0.2"
"2996376215","2751839338","0.2"
"2912823961","2996376215","0.2"
"2996376215","2912823961","0.2"
"1967155813","2132520482","1"
"2132520482","1967155813","1"
"1986319134","2102018241","5.41667"
"2102018241","1986319134","5.41667"
"2102018241","2403180956","4.33333"
"2403180956","2102018241","4.33333"
"1986319134","99915623","0.333333"
"99915623","1986319134","0.333333"
"2140102533","99915623","0.333333"
"99915623","2140102533","0.333333"
"1986319134","2166859998","0.333333"
"2166859998","1986319134","0.333333"
"2099395665","2166859998","0.47619"
"2166859998","2099395665","0.47619"
"2132520482","2166859998","0.333333"
"2166859998","2132520482","0.333333"
"1986319134","2112474496","1"
"2112474496","1986319134","1"
"1987362912","2086395677","0.903968"
"2086395677","1987362912","0.903968"
"1987362912","2088266288","0.653968"
"2088266288","1987362912","0.653968"
"1987362912","2105551310","1.60397"
"2105551310","1987362912","1.60397"
"1987362912","2121324617","1.97063"
"2121324617","1987362912","1.97063"
"2086395677","2088266288","9.65397"
"2088266288","2086395677","9.65397"
"2086395677","2105551310","1.10397"
"2105551310","2086395677","1.10397"
"2086395677","2121324617","2.85397"
"2121324617","2086395677","2.85397"
"2086395677","2132145609","4.9373"
"2132145609","2086395677","4.9373"
"2088266288","2105551310","0.653968"
"2105551310","2088266288","0.653968"
"2088266288","2121324617","4.15397"
"2121324617","2088266288","4.15397"
"2088266288","2132145609","2.65397"
"2132145609","2088266288","2.65397"
"2105551310","2121324617","2.72063"
"2121324617","2105551310","2.72063"
"2105551310","2132145609","2.47063"
"2132145609","2105551310","2.47063"
"2121324617","2132145609","6.3373"
"2132145609","2121324617","6.3373"
"1987362912","2112474496","1.2373"
"2112474496","1987362912","1.2373"
"2086395677","2112474496","1.70397"
"2112474496","2086395677","1.70397"
"2105551310","2112474496","1.04683"
"2112474496","2105551310","1.04683"
"2112474496","2132145609","2.9373"
"2132145609","2112474496","2.9373"
"1987362912","2162060957","0.583333"
"2162060957","1987362912","0.583333"
"2121324617","2162060957","0.583333"
"2162060957","2121324617","0.583333"
"2132145609","2162060957","0.916667"
"2162060957","2132145609","0.916667"
"1987362912","2115459551","0.25"
"2115459551","1987362912","0.25"
"2115459551","2121324617","0.25"
"2121324617","2115459551","0.25"
"2115459551","2132145609","0.25"
"2132145609","2115459551","0.25"
"2115459551","2162060957","0.583333"
"2162060957","2115459551","0.583333"
"1987362912","2102018241","1.31111"
"2102018241","1987362912","1.31111"
"1987362912","3849000","0.511111"
"3849000","1987362912","0.511111"
"2102018241","2112474496","0.311111"
"2112474496","2102018241","0.311111"
"2102018241","2121324617","0.311111"
"2121324617","2102018241","0.311111"
"2102018241","2132145609","0.311111"
"2132145609","2102018241","0.311111"
"2102018241","3849000","0.311111"
"3849000","2102018241","0.311111"
"2112474496","2121324617","1.1873"
"2121324617","2112474496","1.1873"
"2112474496","3849000","5.54444"
"3849000","2112474496","5.54444"
"2121324617","3849000","2.37778"
"3849000","2121324617","2.37778"
"2132145609","3849000","1.87778"
"3849000","2132145609","1.87778"
"2105551310","3849000","1.17778"
"3849000","2105551310","1.17778"
"1987362912","2037759385","0.142857"
"2037759385","1987362912","0.142857"
"2037759385","2086395677","0.142857"
"2086395677","2037759385","0.142857"
"2037759385","2088266288","1.14286"
"2088266288","2037759385","1.14286"
"2037759385","2105551310","0.142857"
"2105551310","2037759385","0.142857"
"2037759385","2112474496","0.142857"
"2112474496","2037759385","0.142857"
"2037759385","2121324617","0.142857"
"2121324617","2037759385","0.142857"
"2037759385","2132145609","3.14286"
"2132145609","2037759385","3.14286"
"2088266288","2112474496","1.25397"
"2112474496","2088266288","1.25397"
"1987362912","2294316975","0.111111"
"2294316975","1987362912","0.111111"
"2086395677","2102018241","0.111111"
"2102018241","2086395677","0.111111"
"2086395677","2294316975","0.611111"
"2294316975","2086395677","0.611111"
"2086395677","3849000","0.311111"
"3849000","2086395677","0.311111"
"2088266288","2102018241","0.111111"
"2102018241","2088266288","0.111111"
"2088266288","2294316975","3.61111"
"2294316975","2088266288","3.61111"
"2088266288","3849000","0.111111"
"3849000","2088266288","0.111111"
"2102018241","2105551310","0.111111"
"2105551310","2102018241","0.111111"
"2102018241","2294316975","0.111111"
"2294316975","2102018241","0.111111"
"2121324617","2294316975","0.111111"
"2294316975","2121324617","0.111111"
"2132145609","2294316975","0.111111"
"2294316975","2132145609","0.111111"
"2294316975","3849000","2.11111"
"3849000","2294316975","2.11111"
"2004261580","2086395677","0.333333"
"2086395677","2004261580","0.333333"
"2004261580","2132145609","0.333333"
"2132145609","2004261580","0.333333"
"2004261580","2162060957","1.33333"
"2162060957","2004261580","1.33333"
"2086395677","2162060957","0.333333"
"2162060957","2086395677","0.333333"
"2015180052","99915623","0.25"
"99915623","2015180052","0.25"
"2023977759","99915623","0.25"
"99915623","2023977759","0.25"
"2099395665","99915623","0.833333"
"99915623","2099395665","0.833333"
"2019087599","2112474496","1"
"2112474496","2019087599","1"
"2027720485","2099395665","1"
"2099395665","2027720485","1"
"2027720485","2165844343","0.25"
"2165844343","2027720485","0.25"
"2027720485","2406516981","0.25"
"2406516981","2027720485","0.25"
"2165844343","2294316975","0.75"
"2294316975","2165844343","0.75"
"2294316975","2406516981","0.5"
"2406516981","2294316975","0.5"
"2037759385","2165844343","3"
"2165844343","2037759385","3"
"2037759385","2099395665","1"
"2099395665","2037759385","1"
"2040428289","2143452574","0.2"
"2143452574","2040428289","0.2"
"2040428289","2157429330","1.2"
"2157429330","2040428289","1.2"
"2116023662","2157429330","0.2"
"2157429330","2116023662","0.2"
"2116023662","2294316975","0.2"
"2294316975","2116023662","0.2"
"2116023662","2295114861","0.2"
"2295114861","2116023662","0.2"
"2143452574","2157429330","0.7"
"2157429330","2143452574","0.7"
"2143452574","2295114861","0.2"
"2295114861","2143452574","0.2"
"2157429330","2294316975","0.2"
"2294316975","2157429330","0.2"
"2157429330","2295114861","0.2"
"2295114861","2157429330","0.2"
"2040428289","2099395665","1"
"2099395665","2040428289","1"
"2045769029","2112474496","0.333333"
"2112474496","2045769029","0.333333"
"2045769029","2157429330","0.333333"
"2157429330","2045769029","0.333333"
"2045769029","3849000","0.333333"
"3849000","2045769029","0.333333"
"2112474496","2157429330","2.83333"
"2157429330","2112474496","2.83333"
"2157429330","3849000","1.33333"
"3849000","2157429330","1.33333"
"2055581337","2064171564","1.14286"
"2064171564","2055581337","1.14286"
"2055581337","2099395665","0.142857"
"2099395665","2055581337","0.142857"
"2055581337","2105551310","0.142857"
"2105551310","2055581337","0.142857"
"2055581337","2112474496","0.142857"
"2112474496","2055581337","0.142857"
"2055581337","2129147157","0.142857"
"2129147157","2055581337","0.142857"
"2055581337","2166859998","0.142857"
"2166859998","2055581337","0.142857"
"2055581337","2403180956","0.142857"
"2403180956","2055581337","0.142857"
"2064171564","2099395665","0.142857"
"2099395665","2064171564","0.142857"
"2064171564","2105551310","0.142857"
"2105551310","2064171564","0.142857"
"2064171564","2112474496","0.142857"
"2112474496","2064171564","0.142857"
"2064171564","2129147157","1.14286"
"2129147157","2064171564","1.14286"
"2064171564","2166859998","0.142857"
"2166859998","2064171564","0.142857"
"2064171564","2403180956","0.142857"
"2403180956","2064171564","0.142857"
"2099395665","2105551310","0.142857"
"2105551310","2099395665","0.142857"
"2099395665","2112474496","0.142857"
"2112474496","2099395665","0.142857"
"2099395665","2129147157","0.142857"
"2129147157","2099395665","0.142857"
"2105551310","2129147157","0.142857"
"2129147157","2105551310","0.142857"
"2105551310","2166859998","0.142857"
"2166859998","2105551310","0.142857"
"2105551310","2403180956","0.142857"
"2403180956","2105551310","0.142857"
"2112474496","2129147157","0.142857"
"2129147157","2112474496","0.142857"
"2112474496","2403180956","0.142857"
"2403180956","2112474496","0.142857"
"2129147157","2166859998","1.14286"
"2166859998","2129147157","1.14286"
"2129147157","2403180956","0.142857"
"2403180956","2129147157","0.142857"
"2166859998","2403180956","0.142857"
"2403180956","2166859998","0.142857"
"2062076732","2132520482","1"
"2132520482","2062076732","1"
"2064366207","2199096058","1"
"2199096058","2064366207","1"
"2064366207","2182901768","0.25"
"2182901768","2064366207","0.25"
"2064366207","2406561448","2.25"
"2406561448","2064366207","2.25"
"2182901768","2294316975","2.25"
"2294316975","2182901768","2.25"
"2182901768","2406516981","0.25"
"2406516981","2182901768","0.25"
"2182901768","2406561448","0.25"
"2406561448","2182901768","0.25"
"2294316975","2406561448","0.25"
"2406561448","2294316975","0.25"
"2406516981","2406561448","0.25"
"2406561448","2406516981","0.25"
"2086395677","2145020294","1"
"2145020294","2086395677","1"
"2088266288","2145020294","1"
"2145020294","2088266288","1"
"2099395665","2115459551","0.333333"
"2115459551","2099395665","0.333333"
"2099395665","2162060957","0.333333"
"2162060957","2099395665","0.333333"
"2115459551","2132520482","0.333333"
"2132520482","2115459551","0.333333"
"2132520482","2162060957","0.333333"
"2162060957","2132520482","0.333333"
"2099395665","2290659297","2"
"2290659297","2099395665","2"
"2101207848","2165844343","0.333333"
"2165844343","2101207848","0.333333"
"2101207848","2166859998","0.333333"
"2166859998","2101207848","0.333333"
"2101207848","3849000","0.333333"
"3849000","2101207848","0.333333"
"2165844343","2166859998","0.333333"
"2166859998","2165844343","0.333333"
"2165844343","3849000","1.83333"
"3849000","2165844343","1.83333"
"2166859998","3849000","0.333333"
"3849000","2166859998","0.333333"
"2112474496","2143452574","1"
"2143452574","2112474496","1"
"2143452574","3849000","0.5"
"3849000","2143452574","0.5"
"2112474496","2165844343","0.5"
"2165844343","2112474496","0.5"
"2132145609","2165844343","1"
"2165844343","2132145609","1"
"2115459551","2143452574","2"
"2143452574","2115459551","2"
"2115459551","2151575925","1"
"2151575925","2115459551","1"
"2140102533","2148646461","1"
"2148646461","2140102533","1"
"2143452574","2148646461","4.5"
"2148646461","2143452574","4.5"
"2148646461","2156720172","2"
"2156720172","2148646461","2"
"2143452574","2165844343","0.5"
"2165844343","2143452574","0.5"
"2156720172","2165844343","0.5"
"2165844343","2156720172","0.5"
"2143452574","2162060957","0.5"
"2162060957","2143452574","0.5"
"2156720172","2162060957","0.5"
"2162060957","2156720172","0.5"
"2143452574","2996376215","1"
"2996376215","2143452574","1"
"2148646461","2290659297","0.5"
"2290659297","2148646461","0.5"
"2156720172","2290659297","0.5"
"2290659297","2156720172","0.5"
"2155006296","2616328094","1"
"2616328094","2155006296","1"
"2166859998","2398660820","1"
"2398660820","2166859998","1"
"2294316975","2912823961","1"
"2912823961","2294316975","1"
