"1510315256","1841473781","1.57163"
"1841473781","1510315256","1.57163"
"1510315256","1931710365","2.22357"
"1931710365","1510315256","2.22357"
"1510315256","2135196620","2.11448"
"2135196620","1510315256","2.11448"
"1510315256","2202020343","2.02877"
"2202020343","1510315256","2.02877"
"1510315256","2215162934","1.32877"
"2215162934","1510315256","1.32877"
"1510315256","2218417320","1.61448"
"2218417320","1510315256","1.61448"
"1510315256","2236300343","1.61448"
"2236300343","1510315256","1.61448"
"1841473781","1931710365","3.48072"
"1931710365","1841473781","3.48072"
"1841473781","2135196620","1.57163"
"2135196620","1841473781","1.57163"
"1841473781","2202020343","1.42877"
"2202020343","1841473781","1.42877"
"1841473781","2215162934","3.32877"
"2215162934","1841473781","3.32877"
"1841473781","2218417320","1.07163"
"2218417320","1841473781","1.07163"
"1841473781","2236300343","1.07163"
"2236300343","1841473781","1.07163"
"1931710365","2135196620","2.22357"
"2135196620","1931710365","2.22357"
"1931710365","2202020343","3.13786"
"2202020343","1931710365","3.13786"
"1931710365","2215162934","13.7045"
"2215162934","1931710365","13.7045"
"1931710365","2218417320","2.22357"
"2218417320","1931710365","2.22357"
"1931710365","2236300343","3.72357"
"2236300343","1931710365","3.72357"
"2135196620","2202020343","2.02877"
"2202020343","2135196620","2.02877"
"2135196620","2215162934","1.32877"
"2215162934","2135196620","1.32877"
"2135196620","2218417320","2.61448"
"2218417320","2135196620","2.61448"
"2135196620","2236300343","1.61448"
"2236300343","2135196620","1.61448"
"2202020343","2215162934","2.18591"
"2215162934","2202020343","2.18591"
"2202020343","2218417320","1.52877"
"2218417320","2202020343","1.52877"
"2202020343","2236300343","1.52877"
"2236300343","2202020343","1.52877"
"2215162934","2218417320","0.828769"
"2218417320","2215162934","0.828769"
"2215162934","2236300343","0.828769"
"2236300343","2215162934","0.828769"
"2218417320","2236300343","1.61448"
"2236300343","2218417320","1.61448"
"1510315256","1646395693","1.67163"
"1646395693","1510315256","1.67163"
"1510315256","2109580030","1.11808"
"2109580030","1510315256","1.11808"
"1510315256","2112329895","0.493322"
"2112329895","1510315256","0.493322"
"1510315256","2286200686","0.308556"
"2286200686","1510315256","0.308556"
"1646395693","1841473781","0.928769"
"1841473781","1646395693","0.928769"
"1646395693","1931710365","1.78072"
"1931710365","1646395693","1.78072"
"1646395693","2109580030","0.61808"
"2109580030","1646395693","0.61808"
"1646395693","2112329895","0.493322"
"2112329895","1646395693","0.493322"
"1646395693","2135196620","1.67163"
"2135196620","1646395693","1.67163"
"1646395693","2202020343","1.58591"
"2202020343","1646395693","1.58591"
"1646395693","2218417320","1.67163"
"2218417320","1646395693","1.67163"
"1646395693","2236300343","1.67163"
"2236300343","1646395693","1.67163"
"1646395693","2286200686","0.308556"
"2286200686","1646395693","0.308556"
"1841473781","2109580030","10.9752"
"2109580030","1841473781","10.9752"
"1841473781","2112329895","2.49332"
"2112329895","1841473781","2.49332"
"1841473781","2286200686","0.308556"
"2286200686","1841473781","0.308556"
"1931710365","2109580030","139.077"
"2109580030","1931710365","139.077"
"1931710365","2112329895","29.0357"
"2112329895","1931710365","29.0357"
"1931710365","2286200686","0.808556"
"2286200686","1931710365","0.808556"
"2109580030","2112329895","30.9997"
"2112329895","2109580030","30.9997"
"2109580030","2135196620","1.11808"
"2135196620","2109580030","1.11808"
"2109580030","2202020343","0.975223"
"2202020343","2109580030","0.975223"
"2109580030","2218417320","1.11808"
"2218417320","2109580030","1.11808"
"2109580030","2236300343","0.61808"
"2236300343","2109580030","0.61808"
"2109580030","2286200686","1.38431"
"2286200686","2109580030","1.38431"
"2112329895","2135196620","0.493322"
"2135196620","2112329895","0.493322"
"2112329895","2202020343","0.493322"
"2202020343","2112329895","0.493322"
"2112329895","2218417320","0.493322"
"2218417320","2112329895","0.493322"
"2112329895","2236300343","0.826656"
"2236300343","2112329895","0.826656"
"2112329895","2286200686","0.32549"
"2286200686","2112329895","0.32549"
"2135196620","2286200686","0.308556"
"2286200686","2135196620","0.308556"
"2202020343","2286200686","0.308556"
"2286200686","2202020343","0.308556"
"2218417320","2286200686","0.308556"
"2286200686","2218417320","0.308556"
"2236300343","2286200686","0.308556"
"2286200686","2236300343","0.308556"
"1510315256","1519149153","0.135747"
"1519149153","1510315256","0.135747"
"1510315256","1583517611","0.550166"
"1583517611","1510315256","0.550166"
"1510315256","1937631605","0.19457"
"1937631605","1510315256","0.19457"
"1510315256","1949161667","0.0588235"
"1949161667","1510315256","0.0588235"
"1510315256","2242705929","0.0588235"
"2242705929","1510315256","0.0588235"
"1510315256","2279311894","0.149733"
"2279311894","1510315256","0.149733"
"1510315256","2399664595","0.316399"
"2399664595","1510315256","0.316399"
"1519149153","1583517611","0.0588235"
"1583517611","1519149153","0.0588235"
"1519149153","1646395693","0.135747"
"1646395693","1519149153","0.135747"
"1519149153","1841473781","0.135747"
"1841473781","1519149153","0.135747"
"1519149153","1931710365","0.135747"
"1931710365","1519149153","0.135747"
"1519149153","1937631605","0.135747"
"1937631605","1519149153","0.135747"
"1519149153","1949161667","0.0588235"
"1949161667","1519149153","0.0588235"
"1519149153","2109580030","1.05882"
"2109580030","1519149153","1.05882"
"1519149153","2135196620","0.135747"
"2135196620","1519149153","0.135747"
"1519149153","2202020343","0.135747"
"2202020343","1519149153","0.135747"
"1519149153","2215162934","0.135747"
"2215162934","1519149153","0.135747"
"1519149153","2218417320","0.135747"
"2218417320","1519149153","0.135747"
"1519149153","2236300343","0.135747"
"2236300343","1519149153","0.135747"
"1519149153","2242705929","0.0588235"
"2242705929","1519149153","0.0588235"
"1519149153","2279311894","0.0588235"
"2279311894","1519149153","0.0588235"
"1519149153","2286200686","0.0588235"
"2286200686","1519149153","0.0588235"
"1519149153","2399664595","0.0588235"
"2399664595","1519149153","0.0588235"
"1583517611","1646395693","0.550166"
"1646395693","1583517611","0.550166"
"1583517611","1841473781","2.40731"
"1841473781","1583517611","2.40731"
"1583517611","1931710365","5.09259"
"1931710365","1583517611","5.09259"
"1583517611","1937631605","0.0588235"
"1937631605","1583517611","0.0588235"
"1583517611","1949161667","1.22549"
"1949161667","1583517611","1.22549"
"1583517611","2109580030","9.34259"
"2109580030","1583517611","9.34259"
"1583517611","2135196620","0.550166"
"2135196620","1583517611","0.550166"
"1583517611","2202020343","0.407308"
"2202020343","1583517611","0.407308"
"1583517611","2215162934","4.79064"
"2215162934","1583517611","4.79064"
"1583517611","2218417320","0.550166"
"2218417320","1583517611","0.550166"
"1583517611","2236300343","0.550166"
"2236300343","1583517611","0.550166"
"1583517611","2242705929","0.0588235"
"2242705929","1583517611","0.0588235"
"1583517611","2279311894","0.149733"
"2279311894","1583517611","0.149733"
"1583517611","2286200686","0.149733"
"2286200686","1583517611","0.149733"
"1583517611","2399664595","4.94973"
"2399664595","1583517611","4.94973"
"1646395693","1937631605","0.19457"
"1937631605","1646395693","0.19457"
"1646395693","1949161667","0.0588235"
"1949161667","1646395693","0.0588235"
"1646395693","2215162934","0.685912"
"2215162934","1646395693","0.685912"
"1646395693","2242705929","0.0588235"
"2242705929","1646395693","0.0588235"
"1646395693","2279311894","0.149733"
"2279311894","1646395693","0.149733"
"1646395693","2399664595","0.316399"
"2399664595","1646395693","0.316399"
"1841473781","1937631605","0.19457"
"1937631605","1841473781","0.19457"
"1841473781","1949161667","0.0588235"
"1949161667","1841473781","0.0588235"
"1841473781","2242705929","0.0588235"
"2242705929","1841473781","0.0588235"
"1841473781","2279311894","0.149733"
"2279311894","1841473781","0.149733"
"1841473781","2399664595","2.3164"
"2399664595","1841473781","2.3164"
"1931710365","1937631605","1.44457"
"1937631605","1931710365","1.44457"
"1931710365","1949161667","1.22549"
"1949161667","1931710365","1.22549"
"1931710365","2242705929","0.0588235"
"2242705929","1931710365","0.0588235"
"1931710365","2279311894","1.14973"
"2279311894","1931710365","1.14973"
"1931710365","2399664595","6.35882"
"2399664595","1931710365","6.35882"
"1937631605","1949161667","0.0588235"
"1949161667","1937631605","0.0588235"
"1937631605","2109580030","2.36765"
"2109580030","1937631605","2.36765"
"1937631605","2135196620","0.19457"
"2135196620","1937631605","0.19457"
"1937631605","2202020343","0.19457"
"2202020343","1937631605","0.19457"
"1937631605","2215162934","2.7779"
"2215162934","1937631605","2.7779"
"1937631605","2218417320","0.19457"
"2218417320","1937631605","0.19457"
"1937631605","2236300343","0.19457"
"2236300343","1937631605","0.19457"
"1937631605","2242705929","0.0588235"
"2242705929","1937631605","0.0588235"
"1937631605","2279311894","0.0588235"
"2279311894","1937631605","0.0588235"
"1937631605","2286200686","0.117647"
"2286200686","1937631605","0.117647"
"1937631605","2399664595","0.0588235"
"2399664595","1937631605","0.0588235"
"1949161667","2109580030","1.22549"
"2109580030","1949161667","1.22549"
"1949161667","2135196620","0.0588235"
"2135196620","1949161667","0.0588235"
"1949161667","2202020343","0.0588235"
"2202020343","1949161667","0.0588235"
"1949161667","2215162934","1.22549"
"2215162934","1949161667","1.22549"
"1949161667","2218417320","0.0588235"
"2218417320","1949161667","0.0588235"
"1949161667","2236300343","0.0588235"
"2236300343","1949161667","0.0588235"
"1949161667","2242705929","0.0588235"
"2242705929","1949161667","0.0588235"
"1949161667","2279311894","0.0588235"
"2279311894","1949161667","0.0588235"
"1949161667","2286200686","0.0588235"
"2286200686","1949161667","0.0588235"
"1949161667","2399664595","1.22549"
"2399664595","1949161667","1.22549"
"2109580030","2215162934","10.6752"
"2215162934","2109580030","10.6752"
"2109580030","2242705929","0.0588235"
"2242705929","2109580030","0.0588235"
"2109580030","2279311894","2.25882"
"2279311894","2109580030","2.25882"
"2109580030","2399664595","5.94973"
"2399664595","2109580030","5.94973"
"2135196620","2242705929","0.0588235"
"2242705929","2135196620","0.0588235"
"2135196620","2279311894","0.149733"
"2279311894","2135196620","0.149733"
"2135196620","2399664595","0.316399"
"2399664595","2135196620","0.316399"
"2202020343","2242705929","0.0588235"
"2242705929","2202020343","0.0588235"
"2202020343","2279311894","0.149733"
"2279311894","2202020343","0.149733"
"2202020343","2399664595","0.316399"
"2399664595","2202020343","0.316399"
"2215162934","2242705929","0.0588235"
"2242705929","2215162934","0.0588235"
"2215162934","2279311894","0.149733"
"2279311894","2215162934","0.149733"
"2215162934","2286200686","0.708556"
"2286200686","2215162934","0.708556"
"2215162934","2399664595","5.19973"
"2399664595","2215162934","5.19973"
"2218417320","2242705929","0.0588235"
"2242705929","2218417320","0.0588235"
"2218417320","2279311894","0.149733"
"2279311894","2218417320","0.149733"
"2218417320","2399664595","0.316399"
"2399664595","2218417320","0.316399"
"2236300343","2242705929","0.0588235"
"2242705929","2236300343","0.0588235"
"2236300343","2279311894","0.149733"
"2279311894","2236300343","0.149733"
"2236300343","2399664595","0.316399"
"2399664595","2236300343","0.316399"
"2242705929","2279311894","0.0588235"
"2279311894","2242705929","0.0588235"
"2242705929","2286200686","0.0588235"
"2286200686","2242705929","0.0588235"
"2242705929","2399664595","0.0588235"
"2399664595","2242705929","0.0588235"
"2279311894","2286200686","0.149733"
"2286200686","2279311894","0.149733"
"2279311894","2399664595","0.0588235"
"2399664595","2279311894","0.0588235"
"2286200686","2399664595","0.0588235"
"2399664595","2286200686","0.0588235"
"1583517611","2112329895","4.89091"
"2112329895","1583517611","4.89091"
"2112329895","2215162934","5.77666"
"2215162934","2112329895","5.77666"
"2112329895","2399664595","5.64091"
"2399664595","2112329895","5.64091"
"1510315256","1533150457","0.0588235"
"1533150457","1510315256","0.0588235"
"1510315256","1934840533","0.135747"
"1934840533","1510315256","0.135747"
"1510315256","1962964287","0.0588235"
"1962964287","1510315256","0.0588235"
"1510315256","2095963344","0.135747"
"2095963344","1510315256","0.135747"
"1510315256","2159540844","0.0588235"
"2159540844","1510315256","0.0588235"
"1533150457","1646395693","0.0588235"
"1646395693","1533150457","0.0588235"
"1533150457","1841473781","0.0588235"
"1841473781","1533150457","0.0588235"
"1533150457","1931710365","0.0588235"
"1931710365","1533150457","0.0588235"
"1533150457","1934840533","0.258824"
"1934840533","1533150457","0.258824"
"1533150457","1937631605","0.0588235"
"1937631605","1533150457","0.0588235"
"1533150457","1962964287","0.0588235"
"1962964287","1533150457","0.0588235"
"1533150457","2095963344","0.258824"
"2095963344","1533150457","0.258824"
"1533150457","2109580030","1.25882"
"2109580030","1533150457","1.25882"
"1533150457","2112329895","0.258824"
"2112329895","1533150457","0.258824"
"1533150457","2135196620","0.0588235"
"2135196620","1533150457","0.0588235"
"1533150457","2159540844","0.0588235"
"2159540844","1533150457","0.0588235"
"1533150457","2202020343","0.0588235"
"2202020343","1533150457","0.0588235"
"1533150457","2215162934","0.0588235"
"2215162934","1533150457","0.0588235"
"1533150457","2218417320","0.0588235"
"2218417320","1533150457","0.0588235"
"1533150457","2236300343","0.0588235"
"2236300343","1533150457","0.0588235"
"1533150457","2286200686","0.0588235"
"2286200686","1533150457","0.0588235"
"1646395693","1934840533","0.135747"
"1934840533","1646395693","0.135747"
"1646395693","1962964287","0.0588235"
"1962964287","1646395693","0.0588235"
"1646395693","2095963344","0.135747"
"2095963344","1646395693","0.135747"
"1646395693","2159540844","0.0588235"
"2159540844","1646395693","0.0588235"
"1841473781","1934840533","0.135747"
"1934840533","1841473781","0.135747"
"1841473781","1962964287","0.0588235"
"1962964287","1841473781","0.0588235"
"1841473781","2095963344","0.135747"
"2095963344","1841473781","0.135747"
"1841473781","2159540844","0.0588235"
"2159540844","1841473781","0.0588235"
"1931710365","1934840533","0.302413"
"1934840533","1931710365","0.302413"
"1931710365","1962964287","0.22549"
"1962964287","1931710365","0.22549"
"1931710365","2095963344","0.46908"
"2095963344","1931710365","0.46908"
"1931710365","2159540844","0.22549"
"2159540844","1931710365","0.22549"
"1934840533","1937631605","0.135747"
"1937631605","1934840533","0.135747"
"1934840533","1962964287","0.258824"
"1962964287","1934840533","0.258824"
"1934840533","2095963344","2.28575"
"2095963344","1934840533","2.28575"
"1934840533","2109580030","0.842157"
"2109580030","1934840533","0.842157"
"1934840533","2112329895","1.45241"
"2112329895","1934840533","1.45241"
"1934840533","2135196620","0.135747"
"2135196620","1934840533","0.135747"
"1934840533","2159540844","0.22549"
"2159540844","1934840533","0.22549"
"1934840533","2202020343","0.135747"
"2202020343","1934840533","0.135747"
"1934840533","2215162934","0.302413"
"2215162934","1934840533","0.302413"
"1934840533","2218417320","0.135747"
"2218417320","1934840533","0.135747"
"1934840533","2236300343","0.46908"
"2236300343","1934840533","0.46908"
"1934840533","2286200686","0.22549"
"2286200686","1934840533","0.22549"
"1937631605","1962964287","0.0588235"
"1962964287","1937631605","0.0588235"
"1937631605","2095963344","0.135747"
"2095963344","1937631605","0.135747"
"1937631605","2112329895","1.05241"
"2112329895","1937631605","1.05241"
"1937631605","2159540844","0.0588235"
"2159540844","1937631605","0.0588235"
"1962964287","2095963344","0.258824"
"2095963344","1962964287","0.258824"
"1962964287","2109580030","0.0588235"
"2109580030","1962964287","0.0588235"
"1962964287","2112329895","0.42549"
"2112329895","1962964287","0.42549"
"1962964287","2135196620","0.0588235"
"2135196620","1962964287","0.0588235"
"1962964287","2159540844","0.22549"
"2159540844","1962964287","0.22549"
"1962964287","2202020343","0.0588235"
"2202020343","1962964287","0.0588235"
"1962964287","2215162934","0.22549"
"2215162934","1962964287","0.22549"
"1962964287","2218417320","0.0588235"
"2218417320","1962964287","0.0588235"
"1962964287","2236300343","0.0588235"
"2236300343","1962964287","0.0588235"
"1962964287","2286200686","0.0588235"
"2286200686","1962964287","0.0588235"
"2095963344","2109580030","3.00882"
"2109580030","2095963344","3.00882"
"2095963344","2112329895","2.61908"
"2112329895","2095963344","2.61908"
"2095963344","2135196620","0.135747"
"2135196620","2095963344","0.135747"
"2095963344","2159540844","0.22549"
"2159540844","2095963344","0.22549"
"2095963344","2202020343","0.135747"
"2202020343","2095963344","0.135747"
"2095963344","2215162934","0.135747"
"2215162934","2095963344","0.135747"
"2095963344","2218417320","0.135747"
"2218417320","2095963344","0.135747"
"2095963344","2236300343","0.46908"
"2236300343","2095963344","0.46908"
"2095963344","2286200686","0.22549"
"2286200686","2095963344","0.22549"
"2109580030","2159540844","2.22549"
"2159540844","2109580030","2.22549"
"2112329895","2159540844","0.392157"
"2159540844","2112329895","0.392157"
"2135196620","2159540844","0.0588235"
"2159540844","2135196620","0.0588235"
"2159540844","2202020343","0.0588235"
"2202020343","2159540844","0.0588235"
"2159540844","2215162934","0.22549"
"2215162934","2159540844","0.22549"
"2159540844","2218417320","0.0588235"
"2218417320","2159540844","0.0588235"
"2159540844","2236300343","0.0588235"
"2236300343","2159540844","0.0588235"
"2159540844","2286200686","0.22549"
"2286200686","2159540844","0.22549"
"1519149153","1934840533","0.0769231"
"1934840533","1519149153","0.0769231"
"1519149153","2095963344","0.0769231"
"2095963344","1519149153","0.0769231"
"1519149153","2112329895","0.0769231"
"2112329895","1519149153","0.0769231"
"1533150457","2279311894","0.2"
"2279311894","1533150457","0.2"
"1934840533","2279311894","0.4"
"2279311894","1934840533","0.4"
"2095963344","2279311894","0.4"
"2279311894","2095963344","0.4"
"2112329895","2279311894","0.4"
"2279311894","2112329895","0.4"
"1551880014","2267472783","2"
"2267472783","1551880014","2"
"1583517611","1934840533","0.416667"
"1934840533","1583517611","0.416667"
"1583517611","2095963344","0.25"
"2095963344","1583517611","0.25"
"1949161667","2112329895","1.16667"
"2112329895","1949161667","1.16667"
"1934840533","2399664595","0.166667"
"2399664595","1934840533","0.166667"
"1876763371","1931710365","0.166667"
"1931710365","1876763371","0.166667"
"1876763371","1962964287","0.366667"
"1962964287","1876763371","0.366667"
"1876763371","2112329895","0.366667"
"2112329895","1876763371","0.366667"
"1876763371","2159540844","0.166667"
"2159540844","1876763371","0.166667"
"1876763371","2215162934","0.166667"
"2215162934","1876763371","0.166667"
"1876763371","2267472783","1.16667"
"2267472783","1876763371","1.16667"
"1931710365","2267472783","0.166667"
"2267472783","1931710365","0.166667"
"1962964287","2267472783","0.166667"
"2267472783","1962964287","0.166667"
"2112329895","2267472783","9.33333"
"2267472783","2112329895","9.33333"
"2159540844","2267472783","0.333333"
"2267472783","2159540844","0.333333"
"2215162934","2267472783","0.166667"
"2267472783","2215162934","0.166667"
"1876763371","1934840533","0.2"
"1934840533","1876763371","0.2"
"1876763371","2095963344","0.2"
"2095963344","1876763371","0.2"
"1876763371","2279311894","0.2"
"2279311894","1876763371","0.2"
"1962964287","2279311894","0.2"
"2279311894","1962964287","0.2"
"1931710365","2232318980","0.5"
"2232318980","1931710365","0.5"
"2109580030","2232318980","0.5"
"2232318980","2109580030","0.5"
"1934840533","2267472783","0.166667"
"2267472783","1934840533","0.166667"
"2095963344","2267472783","0.166667"
"2267472783","2095963344","0.166667"
"2109580030","2267472783","1.16667"
"2267472783","2109580030","1.16667"
"2267472783","2286200686","0.166667"
"2286200686","2267472783","0.166667"
"2109580030","2852146696","1"
"2852146696","2109580030","1"
"2232318980","2279311894","1"
"2279311894","2232318980","1"
