"143081371","198479898","1"
"198479898","143081371","1"
"143081371","2034813907","2.58333"
"2034813907","143081371","2.58333"
"143081371","1522784375","0.25"
"1522784375","143081371","0.25"
"143081371","1971509121","0.25"
"1971509121","143081371","0.25"
"143081371","2435045476","0.583333"
"2435045476","143081371","0.583333"
"1522784375","1971509121","1.75"
"1971509121","1522784375","1.75"
"1522784375","2034813907","0.25"
"2034813907","1522784375","0.25"
"1522784375","2435045476","0.25"
"2435045476","1522784375","0.25"
"1971509121","2034813907","0.75"
"2034813907","1971509121","0.75"
"1971509121","2435045476","0.25"
"2435045476","1971509121","0.25"
"2034813907","2435045476","0.583333"
"2435045476","2034813907","0.583333"
"143081371","2012964802","0.333333"
"2012964802","143081371","0.333333"
"2012964802","2034813907","0.333333"
"2034813907","2012964802","0.333333"
"2012964802","2435045476","0.333333"
"2435045476","2012964802","0.333333"
"1484132276","1506080016","2.45"
"1506080016","1484132276","2.45"
"1484132276","1525922171","0.45"
"1525922171","1484132276","0.45"
"1484132276","2016768375","0.45"
"2016768375","1484132276","0.45"
"1484132276","2020112996","0.2"
"2020112996","1484132276","0.2"
"1484132276","2736306760","0.2"
"2736306760","1484132276","0.2"
"1506080016","1525922171","0.45"
"1525922171","1506080016","0.45"
"1506080016","2016768375","1.45"
"2016768375","1506080016","1.45"
"1506080016","2020112996","0.533333"
"2020112996","1506080016","0.533333"
"1506080016","2736306760","0.2"
"2736306760","1506080016","0.2"
"1525922171","2016768375","1.45"
"2016768375","1525922171","1.45"
"1525922171","2020112996","1.2"
"2020112996","1525922171","1.2"
"1525922171","2736306760","0.2"
"2736306760","1525922171","0.2"
"2016768375","2020112996","3.2"
"2020112996","2016768375","3.2"
"2016768375","2736306760","0.2"
"2736306760","2016768375","0.2"
"2020112996","2736306760","0.2"
"2736306760","2020112996","0.2"
"1484132276","2266360717","0.25"
"2266360717","1484132276","0.25"
"1506080016","2266360717","0.583333"
"2266360717","1506080016","0.583333"
"1525922171","2266360717","0.25"
"2266360717","1525922171","0.25"
"2016768375","2266360717","0.25"
"2266360717","2016768375","0.25"
"1484132276","1971509121","2"
"1971509121","1484132276","2"
"1484132276","1568351876","0.0555556"
"1568351876","1484132276","0.0555556"
"1484132276","1748952676","0.0555556"
"1748952676","1484132276","0.0555556"
"1484132276","1793882927","0.0555556"
"1793882927","1484132276","0.0555556"
"1484132276","1827136351","0.0555556"
"1827136351","1484132276","0.0555556"
"1484132276","1838736559","0.0555556"
"1838736559","1484132276","0.0555556"
"1484132276","1962050724","0.0555556"
"1962050724","1484132276","0.0555556"
"1484132276","1982583191","0.0555556"
"1982583191","1484132276","0.0555556"
"1484132276","1994036560","0.0555556"
"1994036560","1484132276","0.0555556"
"1484132276","2049795041","0.0555556"
"2049795041","1484132276","0.0555556"
"1484132276","2056256749","0.0555556"
"2056256749","1484132276","0.0555556"
"1484132276","2078783226","0.0555556"
"2078783226","1484132276","0.0555556"
"1484132276","2085546155","0.0555556"
"2085546155","1484132276","0.0555556"
"1484132276","2093807931","0.0555556"
"2093807931","1484132276","0.0555556"
"1484132276","2107760270","0.0555556"
"2107760270","1484132276","0.0555556"
"1484132276","2152236140","0.0555556"
"2152236140","1484132276","0.0555556"
"1484132276","2153626076","0.0555556"
"2153626076","1484132276","0.0555556"
"1484132276","2169523126","0.0555556"
"2169523126","1484132276","0.0555556"
"1484132276","2170634549","0.0555556"
"2170634549","1484132276","0.0555556"
"1568351876","1748952676","0.0555556"
"1748952676","1568351876","0.0555556"
"1568351876","1793882927","0.122222"
"1793882927","1568351876","0.122222"
"1568351876","1827136351","0.0555556"
"1827136351","1568351876","0.0555556"
"1568351876","1838736559","0.0555556"
"1838736559","1568351876","0.0555556"
"1568351876","1962050724","0.0555556"
"1962050724","1568351876","0.0555556"
"1568351876","1982583191","0.0555556"
"1982583191","1568351876","0.0555556"
"1568351876","1994036560","1.22222"
"1994036560","1568351876","1.22222"
"1568351876","2049795041","0.0555556"
"2049795041","1568351876","0.0555556"
"1568351876","2056256749","1.05556"
"2056256749","1568351876","1.05556"
"1568351876","2078783226","0.0555556"
"2078783226","1568351876","0.0555556"
"1568351876","2085546155","0.805556"
"2085546155","1568351876","0.805556"
"1568351876","2093807931","0.0555556"
"2093807931","1568351876","0.0555556"
"1568351876","2107760270","0.372222"
"2107760270","1568351876","0.372222"
"1568351876","2152236140","0.222222"
"2152236140","1568351876","0.222222"
"1568351876","2153626076","0.0555556"
"2153626076","1568351876","0.0555556"
"1568351876","2169523126","0.0555556"
"2169523126","1568351876","0.0555556"
"1568351876","2170634549","0.0555556"
"2170634549","1568351876","0.0555556"
"1748952676","1793882927","0.0555556"
"1793882927","1748952676","0.0555556"
"1748952676","1827136351","0.0555556"
"1827136351","1748952676","0.0555556"
"1748952676","1838736559","0.0555556"
"1838736559","1748952676","0.0555556"
"1748952676","1962050724","0.0555556"
"1962050724","1748952676","0.0555556"
"1748952676","1982583191","0.0555556"
"1982583191","1748952676","0.0555556"
"1748952676","1994036560","0.0555556"
"1994036560","1748952676","0.0555556"
"1748952676","2049795041","0.0555556"
"2049795041","1748952676","0.0555556"
"1748952676","2056256749","0.0555556"
"2056256749","1748952676","0.0555556"
"1748952676","2078783226","0.0555556"
"2078783226","1748952676","0.0555556"
"1748952676","2085546155","0.0555556"
"2085546155","1748952676","0.0555556"
"1748952676","2093807931","0.0555556"
"2093807931","1748952676","0.0555556"
"1748952676","2107760270","0.0555556"
"2107760270","1748952676","0.0555556"
"1748952676","2152236140","0.0555556"
"2152236140","1748952676","0.0555556"
"1748952676","2153626076","1.38889"
"2153626076","1748952676","1.38889"
"1748952676","2169523126","0.388889"
"2169523126","1748952676","0.388889"
"1748952676","2170634549","0.0555556"
"2170634549","1748952676","0.0555556"
"1793882927","1827136351","0.0555556"
"1827136351","1793882927","0.0555556"
"1793882927","1838736559","0.0555556"
"1838736559","1793882927","0.0555556"
"1793882927","1962050724","0.0555556"
"1962050724","1793882927","0.0555556"
"1793882927","1982583191","0.0555556"
"1982583191","1793882927","0.0555556"
"1793882927","1994036560","0.0555556"
"1994036560","1793882927","0.0555556"
"1793882927","2049795041","0.0555556"
"2049795041","1793882927","0.0555556"
"1793882927","2056256749","0.0555556"
"2056256749","1793882927","0.0555556"
"1793882927","2078783226","0.0555556"
"2078783226","1793882927","0.0555556"
"1793882927","2085546155","0.291667"
"2085546155","1793882927","0.291667"
"1793882927","2093807931","0.0555556"
"2093807931","1793882927","0.0555556"
"1793882927","2107760270","0.122222"
"2107760270","1793882927","0.122222"
"1793882927","2152236140","0.0555556"
"2152236140","1793882927","0.0555556"
"1793882927","2153626076","0.0555556"
"2153626076","1793882927","0.0555556"
"1793882927","2169523126","0.0555556"
"2169523126","1793882927","0.0555556"
"1793882927","2170634549","0.0555556"
"2170634549","1793882927","0.0555556"
"1827136351","1838736559","0.0555556"
"1838736559","1827136351","0.0555556"
"1827136351","1962050724","1.22222"
"1962050724","1827136351","1.22222"
"1827136351","1982583191","0.0555556"
"1982583191","1827136351","0.0555556"
"1827136351","1994036560","0.0555556"
"1994036560","1827136351","0.0555556"
"1827136351","2049795041","0.0555556"
"2049795041","1827136351","0.0555556"
"1827136351","2056256749","0.0555556"
"2056256749","1827136351","0.0555556"
"1827136351","2078783226","0.0555556"
"2078783226","1827136351","0.0555556"
"1827136351","2085546155","0.0555556"
"2085546155","1827136351","0.0555556"
"1827136351","2093807931","0.722222"
"2093807931","1827136351","0.722222"
"1827136351","2107760270","0.722222"
"2107760270","1827136351","0.722222"
"1827136351","2152236140","0.0555556"
"2152236140","1827136351","0.0555556"
"1827136351","2153626076","0.0555556"
"2153626076","1827136351","0.0555556"
"1827136351","2169523126","0.0555556"
"2169523126","1827136351","0.0555556"
"1827136351","2170634549","0.0555556"
"2170634549","1827136351","0.0555556"
"1838736559","1962050724","0.122222"
"1962050724","1838736559","0.122222"
"1838736559","1982583191","0.0555556"
"1982583191","1838736559","0.0555556"
"1838736559","1994036560","0.122222"
"1994036560","1838736559","0.122222"
"1838736559","2049795041","0.0555556"
"2049795041","1838736559","0.0555556"
"1838736559","2056256749","0.122222"
"2056256749","1838736559","0.122222"
"1838736559","2078783226","0.0555556"
"2078783226","1838736559","0.0555556"
"1838736559","2085546155","0.0555556"
"2085546155","1838736559","0.0555556"
"1838736559","2093807931","0.0555556"
"2093807931","1838736559","0.0555556"
"1838736559","2107760270","0.0555556"
"2107760270","1838736559","0.0555556"
"1838736559","2152236140","0.0555556"
"2152236140","1838736559","0.0555556"
"1838736559","2153626076","0.0555556"
"2153626076","1838736559","0.0555556"
"1838736559","2169523126","0.0555556"
"2169523126","1838736559","0.0555556"
"1838736559","2170634549","0.0555556"
"2170634549","1838736559","0.0555556"
"1962050724","1982583191","0.0555556"
"1982583191","1962050724","0.0555556"
"1962050724","1994036560","0.122222"
"1994036560","1962050724","0.122222"
"1962050724","2049795041","0.0555556"
"2049795041","1962050724","0.0555556"
"1962050724","2056256749","0.122222"
"2056256749","1962050724","0.122222"
"1962050724","2078783226","0.0555556"
"2078783226","1962050724","0.0555556"
"1962050724","2085546155","0.0555556"
"2085546155","1962050724","0.0555556"
"1962050724","2093807931","3.22222"
"2093807931","1962050724","3.22222"
"1962050724","2107760270","0.722222"
"2107760270","1962050724","0.722222"
"1962050724","2152236140","1.05556"
"2152236140","1962050724","1.05556"
"1962050724","2153626076","0.0555556"
"2153626076","1962050724","0.0555556"
"1962050724","2169523126","0.0555556"
"2169523126","1962050724","0.0555556"
"1962050724","2170634549","0.0555556"
"2170634549","1962050724","0.0555556"
"1982583191","1994036560","0.0555556"
"1994036560","1982583191","0.0555556"
"1982583191","2049795041","0.0555556"
"2049795041","1982583191","0.0555556"
"1982583191","2056256749","0.0555556"
"2056256749","1982583191","0.0555556"
"1982583191","2078783226","1.15556"
"2078783226","1982583191","1.15556"
"1982583191","2085546155","0.0555556"
"2085546155","1982583191","0.0555556"
"1982583191","2093807931","0.0555556"
"2093807931","1982583191","0.0555556"
"1982583191","2107760270","1.12222"
"2107760270","1982583191","1.12222"
"1982583191","2152236140","2.62222"
"2152236140","1982583191","2.62222"
"1982583191","2153626076","0.0555556"
"2153626076","1982583191","0.0555556"
"1982583191","2169523126","0.0555556"
"2169523126","1982583191","0.0555556"
"1982583191","2170634549","4.48889"
"2170634549","1982583191","4.48889"
"1994036560","2049795041","0.0555556"
"2049795041","1994036560","0.0555556"
"1994036560","2056256749","0.455556"
"2056256749","1994036560","0.455556"
"1994036560","2078783226","0.0555556"
"2078783226","1994036560","0.0555556"
"1994036560","2085546155","0.0555556"
"2085546155","1994036560","0.0555556"
"1994036560","2093807931","0.0555556"
"2093807931","1994036560","0.0555556"
"1994036560","2107760270","0.0555556"
"2107760270","1994036560","0.0555556"
"1994036560","2152236140","0.0555556"
"2152236140","1994036560","0.0555556"
"1994036560","2153626076","0.0555556"
"2153626076","1994036560","0.0555556"
"1994036560","2169523126","0.0555556"
"2169523126","1994036560","0.0555556"
"1994036560","2170634549","0.0555556"
"2170634549","1994036560","0.0555556"
"2049795041","2056256749","0.0555556"
"2056256749","2049795041","0.0555556"
"2049795041","2078783226","0.0555556"
"2078783226","2049795041","0.0555556"
"2049795041","2085546155","0.0555556"
"2085546155","2049795041","0.0555556"
"2049795041","2093807931","0.0555556"
"2093807931","2049795041","0.0555556"
"2049795041","2107760270","0.0555556"
"2107760270","2049795041","0.0555556"
"2049795041","2152236140","0.0555556"
"2152236140","2049795041","0.0555556"
"2049795041","2153626076","0.0555556"
"2153626076","2049795041","0.0555556"
"2049795041","2169523126","0.0555556"
"2169523126","2049795041","0.0555556"
"2049795041","2170634549","0.0555556"
"2170634549","2049795041","0.0555556"
"2056256749","2078783226","0.0555556"
"2078783226","2056256749","0.0555556"
"2056256749","2085546155","0.0555556"
"2085546155","2056256749","0.0555556"
"2056256749","2093807931","0.0555556"
"2093807931","2056256749","0.0555556"
"2056256749","2107760270","1.05556"
"2107760270","2056256749","1.05556"
"2056256749","2152236140","0.0555556"
"2152236140","2056256749","0.0555556"
"2056256749","2153626076","0.0555556"
"2153626076","2056256749","0.0555556"
"2056256749","2169523126","0.0555556"
"2169523126","2056256749","0.0555556"
"2056256749","2170634549","0.0555556"
"2170634549","2056256749","0.0555556"
"2078783226","2085546155","0.0555556"
"2085546155","2078783226","0.0555556"
"2078783226","2093807931","0.0555556"
"2093807931","2078783226","0.0555556"
"2078783226","2107760270","0.955556"
"2107760270","2078783226","0.955556"
"2078783226","2152236140","2.28889"
"2152236140","2078783226","2.28889"
"2078783226","2153626076","0.0555556"
"2153626076","2078783226","0.0555556"
"2078783226","2169523126","0.0555556"
"2169523126","2078783226","0.0555556"
"2078783226","2170634549","2.98889"
"2170634549","2078783226","2.98889"
"2085546155","2093807931","0.0555556"
"2093807931","2085546155","0.0555556"
"2085546155","2107760270","0.448413"
"2107760270","2085546155","0.448413"
"2085546155","2152236140","0.0555556"
"2152236140","2085546155","0.0555556"
"2085546155","2153626076","0.0555556"
"2153626076","2085546155","0.0555556"
"2085546155","2169523126","0.0555556"
"2169523126","2085546155","0.0555556"
"2085546155","2170634549","0.0555556"
"2170634549","2085546155","0.0555556"
"2093807931","2107760270","0.722222"
"2107760270","2093807931","0.722222"
"2093807931","2152236140","0.0555556"
"2152236140","2093807931","0.0555556"
"2093807931","2153626076","0.0555556"
"2153626076","2093807931","0.0555556"
"2093807931","2169523126","0.0555556"
"2169523126","2093807931","0.0555556"
"2093807931","2170634549","0.0555556"
"2170634549","2093807931","0.0555556"
"2107760270","2152236140","1.25556"
"2152236140","2107760270","1.25556"
"2107760270","2153626076","0.0555556"
"2153626076","2107760270","0.0555556"
"2107760270","2169523126","0.0555556"
"2169523126","2107760270","0.0555556"
"2107760270","2170634549","2.12222"
"2170634549","2107760270","2.12222"
"2152236140","2153626076","0.0555556"
"2153626076","2152236140","0.0555556"
"2152236140","2169523126","0.0555556"
"2169523126","2152236140","0.0555556"
"2152236140","2170634549","4.95556"
"2170634549","2152236140","4.95556"
"2153626076","2169523126","0.388889"
"2169523126","2153626076","0.388889"
"2153626076","2170634549","0.0555556"
"2170634549","2153626076","0.0555556"
"2169523126","2170634549","0.0555556"
"2170634549","2169523126","0.0555556"
"1503770809","2167075859","3.5"
"2167075859","1503770809","3.5"
"1503770809","2179375141","0.5"
"2179375141","1503770809","0.5"
"2167075859","2179375141","0.5"
"2179375141","2167075859","0.5"
"1503770809","1530466157","0.0666667"
"1530466157","1503770809","0.0666667"
"1503770809","1838736559","0.0666667"
"1838736559","1503770809","0.0666667"
"1503770809","1962050724","0.0666667"
"1962050724","1503770809","0.0666667"
"1503770809","1971509121","0.0666667"
"1971509121","1503770809","0.0666667"
"1503770809","1976137385","0.0666667"
"1976137385","1503770809","0.0666667"
"1503770809","1994036560","0.0666667"
"1994036560","1503770809","0.0666667"
"1503770809","2026863370","0.0666667"
"2026863370","1503770809","0.0666667"
"1503770809","2056256749","0.0666667"
"2056256749","1503770809","0.0666667"
"1503770809","2109807565","0.0666667"
"2109807565","1503770809","0.0666667"
"1503770809","2112238703","0.0666667"
"2112238703","1503770809","0.0666667"
"1503770809","2121382017","0.0666667"
"2121382017","1503770809","0.0666667"
"1503770809","2125054766","0.0666667"
"2125054766","1503770809","0.0666667"
"1503770809","2132224358","0.0666667"
"2132224358","1503770809","0.0666667"
"1503770809","2134282067","0.0666667"
"2134282067","1503770809","0.0666667"
"1503770809","2148007729","0.0666667"
"2148007729","1503770809","0.0666667"
"1530466157","1838736559","0.0666667"
"1838736559","1530466157","0.0666667"
"1530466157","1962050724","0.0666667"
"1962050724","1530466157","0.0666667"
"1530466157","1971509121","0.883333"
"1971509121","1530466157","0.883333"
"1530466157","1976137385","0.883333"
"1976137385","1530466157","0.883333"
"1530466157","1994036560","0.0666667"
"1994036560","1530466157","0.0666667"
"1530466157","2026863370","0.133333"
"2026863370","1530466157","0.133333"
"1530466157","2056256749","0.0666667"
"2056256749","1530466157","0.0666667"
"1530466157","2109807565","0.133333"
"2109807565","1530466157","0.133333"
"1530466157","2112238703","0.0666667"
"2112238703","1530466157","0.0666667"
"1530466157","2121382017","0.0666667"
"2121382017","1530466157","0.0666667"
"1530466157","2125054766","0.0666667"
"2125054766","1530466157","0.0666667"
"1530466157","2132224358","0.8"
"2132224358","1530466157","0.8"
"1530466157","2134282067","0.733333"
"2134282067","1530466157","0.733333"
"1530466157","2148007729","0.133333"
"2148007729","1530466157","0.133333"
"1838736559","1971509121","0.0666667"
"1971509121","1838736559","0.0666667"
"1838736559","1976137385","0.0666667"
"1976137385","1838736559","0.0666667"
"1838736559","2026863370","0.0666667"
"2026863370","1838736559","0.0666667"
"1838736559","2109807565","0.0666667"
"2109807565","1838736559","0.0666667"
"1838736559","2112238703","0.0666667"
"2112238703","1838736559","0.0666667"
"1838736559","2121382017","0.0666667"
"2121382017","1838736559","0.0666667"
"1838736559","2125054766","0.0666667"
"2125054766","1838736559","0.0666667"
"1838736559","2132224358","0.0666667"
"2132224358","1838736559","0.0666667"
"1838736559","2134282067","0.0666667"
"2134282067","1838736559","0.0666667"
"1838736559","2148007729","0.0666667"
"2148007729","1838736559","0.0666667"
"1962050724","1971509121","0.0666667"
"1971509121","1962050724","0.0666667"
"1962050724","1976137385","0.0666667"
"1976137385","1962050724","0.0666667"
"1962050724","2026863370","0.0666667"
"2026863370","1962050724","0.0666667"
"1962050724","2109807565","0.0666667"
"2109807565","1962050724","0.0666667"
"1962050724","2112238703","0.0666667"
"2112238703","1962050724","0.0666667"
"1962050724","2121382017","0.0666667"
"2121382017","1962050724","0.0666667"
"1962050724","2125054766","0.0666667"
"2125054766","1962050724","0.0666667"
"1962050724","2132224358","0.0666667"
"2132224358","1962050724","0.0666667"
"1962050724","2134282067","0.0666667"
"2134282067","1962050724","0.0666667"
"1962050724","2148007729","0.0666667"
"2148007729","1962050724","0.0666667"
"1971509121","1976137385","21.8833"
"1976137385","1971509121","21.8833"
"1971509121","1994036560","0.0666667"
"1994036560","1971509121","0.0666667"
"1971509121","2026863370","1.23333"
"2026863370","1971509121","1.23333"
"1971509121","2056256749","0.0666667"
"2056256749","1971509121","0.0666667"
"1971509121","2109807565","2.87778"
"2109807565","1971509121","2.87778"
"1971509121","2112238703","3.23333"
"2112238703","1971509121","3.23333"
"1971509121","2121382017","0.0666667"
"2121382017","1971509121","0.0666667"
"1971509121","2125054766","0.0666667"
"2125054766","1971509121","0.0666667"
"1971509121","2132224358","17.2762"
"2132224358","1971509121","17.2762"
"1971509121","2134282067","0.277778"
"2134282067","1971509121","0.277778"
"1971509121","2148007729","15.8"
"2148007729","1971509121","15.8"
"1976137385","1994036560","0.0666667"
"1994036560","1976137385","0.0666667"
"1976137385","2026863370","0.633333"
"2026863370","1976137385","0.633333"
"1976137385","2056256749","0.0666667"
"2056256749","1976137385","0.0666667"
"1976137385","2109807565","0.702778"
"2109807565","1976137385","0.702778"
"1976137385","2112238703","0.4"
"2112238703","1976137385","0.4"
"1976137385","2121382017","0.302778"
"2121382017","1976137385","0.302778"
"1976137385","2125054766","0.0666667"
"2125054766","1976137385","0.0666667"
"1976137385","2132224358","2.46667"
"2132224358","1976137385","2.46667"
"1976137385","2134282067","0.302778"
"2134282067","1976137385","0.302778"
"1976137385","2148007729","6.3"
"2148007729","1976137385","6.3"
"1994036560","2026863370","0.0666667"
"2026863370","1994036560","0.0666667"
"1994036560","2109807565","0.0666667"
"2109807565","1994036560","0.0666667"
"1994036560","2112238703","0.0666667"
"2112238703","1994036560","0.0666667"
"1994036560","2121382017","0.0666667"
"2121382017","1994036560","0.0666667"
"1994036560","2125054766","0.233333"
"2125054766","1994036560","0.233333"
"1994036560","2132224358","0.0666667"
"2132224358","1994036560","0.0666667"
"1994036560","2134282067","0.0666667"
"2134282067","1994036560","0.0666667"
"1994036560","2148007729","0.4"
"2148007729","1994036560","0.4"
"2026863370","2056256749","0.0666667"
"2056256749","2026863370","0.0666667"
"2026863370","2109807565","0.57619"
"2109807565","2026863370","0.57619"
"2026863370","2112238703","0.0666667"
"2112238703","2026863370","0.0666667"
"2026863370","2121382017","2.9"
"2121382017","2026863370","2.9"
"2026863370","2125054766","0.0666667"
"2125054766","2026863370","0.0666667"
"2026863370","2132224358","0.133333"
"2132224358","2026863370","0.133333"
"2026863370","2134282067","1.00952"
"2134282067","2026863370","1.00952"
"2026863370","2148007729","2.27619"
"2148007729","2026863370","2.27619"
"2056256749","2109807565","0.0666667"
"2109807565","2056256749","0.0666667"
"2056256749","2112238703","0.0666667"
"2112238703","2056256749","0.0666667"
"2056256749","2121382017","0.0666667"
"2121382017","2056256749","0.0666667"
"2056256749","2125054766","0.0666667"
"2125054766","2056256749","0.0666667"
"2056256749","2132224358","0.0666667"
"2132224358","2056256749","0.0666667"
"2056256749","2134282067","0.0666667"
"2134282067","2056256749","0.0666667"
"2056256749","2148007729","0.4"
"2148007729","2056256749","0.4"
"2109807565","2112238703","0.566667"
"2112238703","2109807565","0.566667"
"2109807565","2121382017","0.302778"
"2121382017","2109807565","0.302778"
"2109807565","2125054766","0.191667"
"2125054766","2109807565","0.191667"
"2109807565","2132224358","0.925"
"2132224358","2109807565","0.925"
"2109807565","2134282067","5.20675"
"2134282067","2109807565","5.20675"
"2109807565","2148007729","1.23452"
"2148007729","2109807565","1.23452"
"2112238703","2121382017","0.0666667"
"2121382017","2112238703","0.0666667"
"2112238703","2125054766","0.0666667"
"2125054766","2112238703","0.0666667"
"2112238703","2132224358","0.4"
"2132224358","2112238703","0.4"
"2112238703","2134282067","0.0666667"
"2134282067","2112238703","0.0666667"
"2112238703","2148007729","12.0667"
"2148007729","2112238703","12.0667"
"2121382017","2125054766","0.0666667"
"2125054766","2121382017","0.0666667"
"2121382017","2132224358","0.0666667"
"2132224358","2121382017","0.0666667"
"2121382017","2134282067","0.302778"
"2134282067","2121382017","0.302778"
"2121382017","2148007729","0.0666667"
"2148007729","2121382017","0.0666667"
"2125054766","2132224358","0.191667"
"2132224358","2125054766","0.191667"
"2125054766","2134282067","0.0666667"
"2134282067","2125054766","0.0666667"
"2125054766","2148007729","0.191667"
"2148007729","2125054766","0.191667"
"2132224358","2134282067","0.733333"
"2134282067","2132224358","0.733333"
"2132224358","2148007729","7.29167"
"2148007729","2132224358","7.29167"
"2134282067","2148007729","0.459524"
"2148007729","2134282067","0.459524"
"1506080016","1909595960","0.333333"
"1909595960","1506080016","0.333333"
"1909595960","2020112996","0.333333"
"2020112996","1909595960","0.333333"
"1909595960","2266360717","0.333333"
"2266360717","1909595960","0.333333"
"2020112996","2266360717","0.333333"
"2266360717","2020112996","0.333333"
"1519656996","1558794439","0.333333"
"1558794439","1519656996","0.333333"
"1519656996","1909595960","0.333333"
"1909595960","1519656996","0.333333"
"1519656996","1971509121","0.47619"
"1971509121","1519656996","0.47619"
"1519656996","2092704925","3.96905"
"2092704925","1519656996","3.96905"
"1519656996","2112238703","0.333333"
"2112238703","1519656996","0.333333"
"1519656996","2148007729","1.47619"
"2148007729","1519656996","1.47619"
"1558794439","1909595960","0.333333"
"1909595960","1558794439","0.333333"
"1558794439","1971509121","2.33333"
"1971509121","1558794439","2.33333"
"1558794439","2092704925","0.333333"
"2092704925","1558794439","0.333333"
"1558794439","2112238703","0.333333"
"2112238703","1558794439","0.333333"
"1558794439","2148007729","0.666667"
"2148007729","1558794439","0.666667"
"1909595960","1971509121","6.23333"
"1971509121","1909595960","6.23333"
"1909595960","2092704925","0.333333"
"2092704925","1909595960","0.333333"
"1909595960","2112238703","2.66667"
"2112238703","1909595960","2.66667"
"1909595960","2148007729","3.73333"
"2148007729","1909595960","3.73333"
"1971509121","2092704925","1.34286"
"2092704925","1971509121","1.34286"
"2092704925","2112238703","0.333333"
"2112238703","2092704925","0.333333"
"2092704925","2148007729","0.80119"
"2148007729","2092704925","0.80119"
"1519656996","2026863370","0.142857"
"2026863370","1519656996","0.142857"
"1519656996","2085546155","0.385714"
"2085546155","1519656996","0.385714"
"1519656996","2109807565","0.492857"
"2109807565","1519656996","0.492857"
"1519656996","2113798119","0.492857"
"2113798119","1519656996","0.492857"
"1519656996","2134282067","0.492857"
"2134282067","1519656996","0.492857"
"2026863370","2085546155","1.84286"
"2085546155","2026863370","1.84286"
"2026863370","2092704925","0.142857"
"2092704925","2026863370","0.142857"
"2026863370","2113798119","0.242857"
"2113798119","2026863370","0.242857"
"2085546155","2092704925","1.58571"
"2092704925","2085546155","1.58571"
"2085546155","2109807565","1.54563"
"2109807565","2085546155","1.54563"
"2085546155","2113798119","0.609524"
"2113798119","2085546155","0.609524"
"2085546155","2134282067","2.34563"
"2134282067","2085546155","2.34563"
"2085546155","2148007729","0.142857"
"2148007729","2085546155","0.142857"
"2092704925","2109807565","3.98452"
"2109807565","2092704925","3.98452"
"2092704925","2113798119","1.51786"
"2113798119","2092704925","1.51786"
"2092704925","2134282067","0.659524"
"2134282067","2092704925","0.659524"
"2109807565","2113798119","2.3623"
"2113798119","2109807565","2.3623"
"2113798119","2134282067","0.870635"
"2134282067","2113798119","0.870635"
"2113798119","2148007729","0.467857"
"2148007729","2113798119","0.467857"
"1519656996","1932171087","0.142857"
"1932171087","1519656996","0.142857"
"1519656996","1972976090","0.242857"
"1972976090","1519656996","0.242857"
"1519656996","2107760270","0.142857"
"2107760270","1519656996","0.142857"
"1519656996","2132224358","1.14286"
"2132224358","1519656996","1.14286"
"1932171087","1971509121","0.142857"
"1971509121","1932171087","0.142857"
"1932171087","1972976090","0.142857"
"1972976090","1932171087","0.142857"
"1932171087","2085546155","0.142857"
"2085546155","1932171087","0.142857"
"1932171087","2092704925","0.142857"
"2092704925","1932171087","0.142857"
"1932171087","2107760270","0.142857"
"2107760270","1932171087","0.142857"
"1932171087","2132224358","0.142857"
"2132224358","1932171087","0.142857"
"1971509121","1972976090","0.209524"
"1972976090","1971509121","0.209524"
"1971509121","2085546155","0.592857"
"2085546155","1971509121","0.592857"
"1971509121","2107760270","0.459524"
"2107760270","1971509121","0.459524"
"1972976090","2085546155","0.242857"
"2085546155","1972976090","0.242857"
"1972976090","2092704925","0.367857"
"2092704925","1972976090","0.367857"
"1972976090","2107760270","0.209524"
"2107760270","1972976090","0.209524"
"1972976090","2132224358","0.334524"
"2132224358","1972976090","0.334524"
"2085546155","2132224358","0.142857"
"2132224358","2085546155","0.142857"
"2092704925","2107760270","0.142857"
"2107760270","2092704925","0.142857"
"2092704925","2132224358","2.46786"
"2132224358","2092704925","2.46786"
"2107760270","2132224358","0.209524"
"2132224358","2107760270","0.209524"
"1519656996","2015175744","0.1"
"2015175744","1519656996","0.1"
"1519656996","2069078661","0.1"
"2069078661","1519656996","0.1"
"1519656996","2098169977","0.1"
"2098169977","1519656996","0.1"
"1519656996","2131229871","0.1"
"2131229871","1519656996","0.1"
"1972976090","2015175744","0.225"
"2015175744","1972976090","0.225"
"1972976090","2069078661","0.1"
"2069078661","1972976090","0.1"
"1972976090","2098169977","0.225"
"2098169977","1972976090","0.225"
"1972976090","2109807565","0.291667"
"2109807565","1972976090","0.291667"
"1972976090","2113798119","0.225"
"2113798119","1972976090","0.225"
"1972976090","2131229871","1.33333"
"2131229871","1972976090","1.33333"
"1972976090","2134282067","0.1"
"2134282067","1972976090","0.1"
"2015175744","2069078661","2.47778"
"2069078661","2015175744","2.47778"
"2015175744","2085546155","2.37778"
"2085546155","2015175744","2.37778"
"2015175744","2092704925","1.925"
"2092704925","2015175744","1.925"
"2015175744","2098169977","0.758333"
"2098169977","2015175744","0.758333"
"2015175744","2109807565","2.88056"
"2109807565","2015175744","2.88056"
"2015175744","2113798119","1.80278"
"2113798119","2015175744","1.80278"
"2015175744","2131229871","2.47778"
"2131229871","2015175744","2.47778"
"2015175744","2134282067","1.75556"
"2134282067","2015175744","1.75556"
"2069078661","2085546155","0.466667"
"2085546155","2069078661","0.466667"
"2069078661","2092704925","0.266667"
"2092704925","2069078661","0.266667"
"2069078661","2098169977","0.1"
"2098169977","2069078661","0.1"
"2069078661","2109807565","0.511111"
"2109807565","2069078661","0.511111"
"2069078661","2113798119","0.477778"
"2113798119","2069078661","0.477778"
"2069078661","2131229871","0.677778"
"2131229871","2069078661","0.677778"
"2069078661","2134282067","0.677778"
"2134282067","2069078661","0.677778"
"2085546155","2098169977","0.3"
"2098169977","2085546155","0.3"
"2085546155","2131229871","3.3"
"2131229871","2085546155","3.3"
"2092704925","2098169977","1.625"
"2098169977","2092704925","1.625"
"2092704925","2131229871","2.93333"
"2131229871","2092704925","2.93333"
"2098169977","2109807565","4.925"
"2109807565","2098169977","4.925"
"2098169977","2113798119","0.958333"
"2113798119","2098169977","0.958333"
"2098169977","2131229871","0.1"
"2131229871","2098169977","0.1"
"2098169977","2134282067","0.766667"
"2134282067","2098169977","0.766667"
"2109807565","2131229871","6.07778"
"2131229871","2109807565","6.07778"
"2113798119","2131229871","0.477778"
"2131229871","2113798119","0.477778"
"2131229871","2134282067","4.92778"
"2134282067","2131229871","4.92778"
"1522784375","2139815149","1"
"2139815149","1522784375","1"
"1522784375","2179375141","1"
"2179375141","1522784375","1"
"1522784375","2148007729","2.08333"
"2148007729","1522784375","2.08333"
"1522784375","1568351876","6.16667"
"1568351876","1522784375","6.16667"
"1522784375","1976137385","0.333333"
"1976137385","1522784375","0.333333"
"1522784375","2085546155","1.33333"
"2085546155","1522784375","1.33333"
"1522784375","2109807565","0.333333"
"2109807565","1522784375","0.333333"
"1976137385","2085546155","0.569444"
"2085546155","1976137385","0.569444"
"1522784375","1972976090","0.166667"
"1972976090","1522784375","0.166667"
"1522784375","198479898","0.166667"
"198479898","1522784375","0.166667"
"1522784375","1994036560","0.5"
"1994036560","1522784375","0.5"
"1522784375","2125054766","0.166667"
"2125054766","1522784375","0.166667"
"1522784375","2131229871","2.25"
"2131229871","1522784375","2.25"
"1568351876","1972976090","0.233333"
"1972976090","1568351876","0.233333"
"1568351876","198479898","1.66667"
"198479898","1568351876","1.66667"
"1568351876","2125054766","0.166667"
"2125054766","1568351876","0.166667"
"1568351876","2131229871","0.233333"
"2131229871","1568351876","0.233333"
"1972976090","198479898","0.166667"
"198479898","1972976090","0.166667"
"1972976090","1994036560","0.166667"
"1994036560","1972976090","0.166667"
"1972976090","2125054766","0.291667"
"2125054766","1972976090","0.291667"
"198479898","1994036560","0.166667"
"1994036560","198479898","0.166667"
"198479898","2125054766","0.166667"
"2125054766","198479898","0.166667"
"198479898","2131229871","0.166667"
"2131229871","198479898","0.166667"
"1994036560","2131229871","0.166667"
"2131229871","1994036560","0.166667"
"2125054766","2131229871","0.166667"
"2131229871","2125054766","0.166667"
"1522784375","2158275487","0.5"
"2158275487","1522784375","0.5"
"1568351876","2158275487","0.5"
"2158275487","1568351876","0.5"
"1522784375","2132224358","0.833333"
"2132224358","1522784375","0.833333"
"1522784375","2169076851","0.583333"
"2169076851","1522784375","0.583333"
"2131229871","2132224358","1.23333"
"2132224358","2131229871","1.23333"
"2131229871","2169076851","1.29444"
"2169076851","2131229871","1.29444"
"2132224358","2169076851","0.333333"
"2169076851","2132224358","0.333333"
"1522784375","2150375884","0.5"
"2150375884","1522784375","0.5"
"1568351876","2150375884","3.66667"
"2150375884","1568351876","3.66667"
"1522784375","2134282067","0.25"
"2134282067","1522784375","0.25"
"2131229871","2148007729","4.31667"
"2148007729","2131229871","4.31667"
"2134282067","2169076851","0.461111"
"2169076851","2134282067","0.461111"
"2148007729","2169076851","1.25"
"2169076851","2148007729","1.25"
"1522784375","2056256749","0.333333"
"2056256749","1522784375","0.333333"
"1525922171","2736168980","1"
"2736168980","1525922171","1"
"1530466157","2098169977","0.666667"
"2098169977","1530466157","0.666667"
"2098169977","2132224358","0.991667"
"2132224358","2098169977","0.991667"
"1530466157","1568351876","0.0666667"
"1568351876","1530466157","0.0666667"
"1530466157","1793882927","0.0666667"
"1793882927","1530466157","0.0666667"
"1530466157","1895120627","0.316667"
"1895120627","1530466157","0.316667"
"1530466157","1909595960","2.06667"
"1909595960","1530466157","2.06667"
"1530466157","1947291941","0.0666667"
"1947291941","1530466157","0.0666667"
"1530466157","1972976090","0.0666667"
"1972976090","1530466157","0.0666667"
"1530466157","1973648822","0.0666667"
"1973648822","1530466157","0.0666667"
"1530466157","2107760270","0.0666667"
"2107760270","1530466157","0.0666667"
"1530466157","2131229871","0.0666667"
"2131229871","1530466157","0.0666667"
"1568351876","1895120627","0.0666667"
"1895120627","1568351876","0.0666667"
"1568351876","1909595960","0.0666667"
"1909595960","1568351876","0.0666667"
"1568351876","1947291941","0.0666667"
"1947291941","1568351876","0.0666667"
"1568351876","1971509121","5.81667"
"1971509121","1568351876","5.81667"
"1568351876","1973648822","0.816667"
"1973648822","1568351876","0.816667"
"1568351876","1976137385","0.0666667"
"1976137385","1568351876","0.0666667"
"1568351876","2026863370","0.0666667"
"2026863370","1568351876","0.0666667"
"1568351876","2109807565","0.233333"
"2109807565","1568351876","0.233333"
"1568351876","2132224358","0.0666667"
"2132224358","1568351876","0.0666667"
"1568351876","2148007729","2.06667"
"2148007729","1568351876","2.06667"
"1793882927","1895120627","0.302778"
"1895120627","1793882927","0.302778"
"1793882927","1909595960","0.302778"
"1909595960","1793882927","0.302778"
"1793882927","1947291941","0.0666667"
"1947291941","1793882927","0.0666667"
"1793882927","1971509121","0.0666667"
"1971509121","1793882927","0.0666667"
"1793882927","1972976090","0.0666667"
"1972976090","1793882927","0.0666667"
"1793882927","1973648822","0.0666667"
"1973648822","1793882927","0.0666667"
"1793882927","1976137385","0.302778"
"1976137385","1793882927","0.302778"
"1793882927","2026863370","0.0666667"
"2026863370","1793882927","0.0666667"
"1793882927","2109807565","0.302778"
"2109807565","1793882927","0.302778"
"1793882927","2131229871","0.0666667"
"2131229871","1793882927","0.0666667"
"1793882927","2132224358","0.0666667"
"2132224358","1793882927","0.0666667"
"1793882927","2148007729","0.0666667"
"2148007729","1793882927","0.0666667"
"1895120627","1909595960","0.636111"
"1909595960","1895120627","0.636111"
"1895120627","1947291941","0.0666667"
"1947291941","1895120627","0.0666667"
"1895120627","1971509121","5.48333"
"1971509121","1895120627","5.48333"
"1895120627","1972976090","0.0666667"
"1972976090","1895120627","0.0666667"
"1895120627","1973648822","0.0666667"
"1973648822","1895120627","0.0666667"
"1895120627","1976137385","4.38611"
"1976137385","1895120627","4.38611"
"1895120627","2026863370","0.0666667"
"2026863370","1895120627","0.0666667"
"1895120627","2107760270","0.0666667"
"2107760270","1895120627","0.0666667"
"1895120627","2109807565","0.302778"
"2109807565","1895120627","0.302778"
"1895120627","2131229871","0.0666667"
"2131229871","1895120627","0.0666667"
"1895120627","2132224358","0.0666667"
"2132224358","1895120627","0.0666667"
"1895120627","2148007729","1.06667"
"2148007729","1895120627","1.06667"
"1909595960","1947291941","0.0666667"
"1947291941","1909595960","0.0666667"
"1909595960","1972976090","0.0666667"
"1972976090","1909595960","0.0666667"
"1909595960","1973648822","0.0666667"
"1973648822","1909595960","0.0666667"
"1909595960","1976137385","1.30278"
"1976137385","1909595960","1.30278"
"1909595960","2026863370","0.0666667"
"2026863370","1909595960","0.0666667"
"1909595960","2107760270","0.0666667"
"2107760270","1909595960","0.0666667"
"1909595960","2109807565","1.30278"
"2109807565","1909595960","1.30278"
"1909595960","2131229871","0.0666667"
"2131229871","1909595960","0.0666667"
"1909595960","2132224358","1.9"
"2132224358","1909595960","1.9"
"1947291941","1971509121","0.0666667"
"1971509121","1947291941","0.0666667"
"1947291941","1972976090","0.0666667"
"1972976090","1947291941","0.0666667"
"1947291941","1973648822","0.0666667"
"1973648822","1947291941","0.0666667"
"1947291941","1976137385","0.0666667"
"1976137385","1947291941","0.0666667"
"1947291941","2026863370","0.0666667"
"2026863370","1947291941","0.0666667"
"1947291941","2107760270","0.0666667"
"2107760270","1947291941","0.0666667"
"1947291941","2109807565","0.0666667"
"2109807565","1947291941","0.0666667"
"1947291941","2131229871","0.0666667"
"2131229871","1947291941","0.0666667"
"1947291941","2132224358","0.0666667"
"2132224358","1947291941","0.0666667"
"1947291941","2148007729","0.0666667"
"2148007729","1947291941","0.0666667"
"1971509121","1973648822","1.31667"
"1973648822","1971509121","1.31667"
"1971509121","2131229871","1.44444"
"2131229871","1971509121","1.44444"
"1972976090","1973648822","0.0666667"
"1973648822","1972976090","0.0666667"
"1972976090","1976137385","0.0666667"
"1976137385","1972976090","0.0666667"
"1972976090","2026863370","0.0666667"
"2026863370","1972976090","0.0666667"
"1972976090","2148007729","0.191667"
"2148007729","1972976090","0.191667"
"1973648822","1976137385","0.0666667"
"1976137385","1973648822","0.0666667"
"1973648822","2026863370","0.0666667"
"2026863370","1973648822","0.0666667"
"1973648822","2107760270","0.316667"
"2107760270","1973648822","0.316667"
"1973648822","2109807565","0.566667"
"2109807565","1973648822","0.566667"
"1973648822","2131229871","1.56667"
"2131229871","1973648822","1.56667"
"1973648822","2132224358","1.06667"
"2132224358","1973648822","1.06667"
"1973648822","2148007729","1.56667"
"2148007729","1973648822","1.56667"
"1976137385","2107760270","0.0666667"
"2107760270","1976137385","0.0666667"
"1976137385","2131229871","0.0666667"
"2131229871","1976137385","0.0666667"
"2026863370","2107760270","0.0666667"
"2107760270","2026863370","0.0666667"
"2026863370","2131229871","0.866667"
"2131229871","2026863370","0.866667"
"2107760270","2109807565","0.0666667"
"2109807565","2107760270","0.0666667"
"2107760270","2131229871","0.0666667"
"2131229871","2107760270","0.0666667"
