"1004695024","2144839430","1"
"2144839430","1004695024","1"
"1004695024","1587227579","11.25"
"1587227579","1004695024","11.25"
"1004695024","2125775320","3.75"
"2125775320","1004695024","3.75"
"1004695024","2123686039","1.25"
"2123686039","1004695024","1.25"
"1004695024","2005112390","0.25"
"2005112390","1004695024","0.25"
"1587227579","2005112390","0.25"
"2005112390","1587227579","0.25"
"1587227579","2123686039","0.25"
"2123686039","1587227579","0.25"
"1587227579","2125775320","5"
"2125775320","1587227579","5"
"2005112390","2123686039","41.2524"
"2123686039","2005112390","41.2524"
"2005112390","2125775320","10.2762"
"2125775320","2005112390","10.2762"
"2123686039","2125775320","4.52619"
"2125775320","2123686039","4.52619"
"1004695024","952480481","1"
"952480481","1004695024","1"
"1004695024","2551460235","0.5"
"2551460235","1004695024","0.5"
"1587227579","2551460235","1"
"2551460235","1587227579","1"
"1261868982","2125775320","20.8929"
"2125775320","1261868982","20.8929"
"1261868982","1577169013","10.5595"
"1577169013","1261868982","10.5595"
"1261868982","1791587242","4.89286"
"1791587242","1261868982","4.89286"
"1261868982","2114303224","14.3095"
"2114303224","1261868982","14.3095"
"1791587242","2114303224","25.0357"
"2114303224","1791587242","25.0357"
"2114303224","2125775320","174.269"
"2125775320","2114303224","174.269"
"1261868982","2115503987","0.97619"
"2115503987","1261868982","0.97619"
"2114303224","2115503987","11.819"
"2115503987","2114303224","11.819"
"2115503987","2125775320","10.2357"
"2125775320","2115503987","10.2357"
"1577169013","2115503987","5.14286"
"2115503987","1577169013","5.14286"
"1577169013","2114303224","12.9762"
"2114303224","1577169013","12.9762"
"1577169013","2125775320","7.53571"
"2125775320","1577169013","7.53571"
"1261868982","2138512691","0.166667"
"2138512691","1261868982","0.166667"
"1261868982","2144839430","0.166667"
"2144839430","1261868982","0.166667"
"1261868982","2149576945","0.166667"
"2149576945","1261868982","0.166667"
"1791587242","2125775320","20.6786"
"2125775320","1791587242","20.6786"
"1791587242","2138512691","35.5262"
"2138512691","1791587242","35.5262"
"1791587242","2144839430","37.469"
"2144839430","1791587242","37.469"
"1791587242","2149576945","3.64286"
"2149576945","1791587242","3.64286"
"2114303224","2138512691","2.01667"
"2138512691","2114303224","2.01667"
"2114303224","2144839430","5.02619"
"2144839430","2114303224","5.02619"
"2114303224","2149576945","4.50952"
"2149576945","2114303224","4.50952"
"2125775320","2138512691","3.85"
"2138512691","2125775320","3.85"
"2125775320","2144839430","5.94286"
"2144839430","2125775320","5.94286"
"2125775320","2149576945","10.1762"
"2149576945","2125775320","10.1762"
"2138512691","2144839430","11.2679"
"2144839430","2138512691","11.2679"
"2138512691","2149576945","1.7"
"2149576945","2138512691","1.7"
"2144839430","2149576945","1.47619"
"2149576945","2144839430","1.47619"
"1261868982","2159376715","2"
"2159376715","1261868982","2"
"1261868982","2005112390","2.41667"
"2005112390","1261868982","2.41667"
"1577169013","1791587242","28.0524"
"1791587242","1577169013","28.0524"
"1577169013","2005112390","7.14286"
"2005112390","1577169013","7.14286"
"1791587242","2005112390","76.4357"
"2005112390","1791587242","76.4357"
"2005112390","2114303224","9.96667"
"2114303224","2005112390","9.96667"
"1261868982","2085601491","1.66667"
"2085601491","1261868982","1.66667"
"1791587242","2085601491","34.2357"
"2085601491","1791587242","34.2357"
"2005112390","2085601491","15.5595"
"2085601491","2005112390","15.5595"
"2085601491","2125775320","11.3929"
"2125775320","2085601491","11.3929"
"1261868982","2137152505","0.892857"
"2137152505","1261868982","0.892857"
"1261868982","2140613126","0.25"
"2140613126","1261868982","0.25"
"1791587242","2137152505","11.7929"
"2137152505","1791587242","11.7929"
"1791587242","2140613126","37.1"
"2140613126","1791587242","37.1"
"2125775320","2137152505","9.80952"
"2137152505","2125775320","9.80952"
"2125775320","2140613126","14.4167"
"2140613126","2125775320","14.4167"
"2137152505","2140613126","40.275"
"2140613126","2137152505","40.275"
"1261868982","2049160854","2"
"2049160854","1261868982","2"
"2049160854","2114303224","8.73333"
"2114303224","2049160854","8.73333"
"2049160854","2125775320","15.4833"
"2125775320","2049160854","15.4833"
"2085601491","2114303224","6.22619"
"2114303224","2085601491","6.22619"
"1261868982","1514659981","0.25"
"1514659981","1261868982","0.25"
"1261868982","2123686039","0.25"
"2123686039","1261868982","0.25"
"1514659981","1791587242","16.8095"
"1791587242","1514659981","16.8095"
"1514659981","2005112390","13.4095"
"2005112390","1514659981","13.4095"
"1514659981","2123686039","18.3595"
"2123686039","1514659981","18.3595"
"1791587242","2123686039","116.786"
"2123686039","1791587242","116.786"
"1261868982","2062735494","1"
"2062735494","1261868982","1"
"1261868982","2060440895","1"
"2060440895","1261868982","1"
"1261868982","2150971115","0.142857"
"2150971115","1261868982","0.142857"
"1577169013","2137152505","1.30119"
"2137152505","1577169013","1.30119"
"1577169013","2150971115","0.142857"
"2150971115","1577169013","0.142857"
"1791587242","2115503987","9.28571"
"2115503987","1791587242","9.28571"
"1791587242","2150971115","0.142857"
"2150971115","1791587242","0.142857"
"2114303224","2137152505","2.39286"
"2137152505","2114303224","2.39286"
"2114303224","2150971115","0.142857"
"2150971115","2114303224","0.142857"
"2115503987","2137152505","2.64286"
"2137152505","2115503987","2.64286"
"2115503987","2150971115","13.3095"
"2150971115","2115503987","13.3095"
"2125775320","2150971115","0.47619"
"2150971115","2125775320","0.47619"
"2137152505","2150971115","0.142857"
"2150971115","2137152505","0.142857"
"1261868982","2155070484","1"
"2155070484","1261868982","1"
"1499327381","1791587242","2.23333"
"1791587242","1499327381","2.23333"
"1499327381","2140613126","7.15"
"2140613126","1499327381","7.15"
"1499327381","2005112390","0.5"
"2005112390","1499327381","0.5"
"1499327381","2293919922","0.9"
"2293919922","1499327381","0.9"
"2005112390","2140613126","7.16667"
"2140613126","2005112390","7.16667"
"2005112390","2293919922","0.333333"
"2293919922","2005112390","0.333333"
"2140613126","2293919922","65.8583"
"2293919922","2140613126","65.8583"
"1499327381","2137152505","3.56667"
"2137152505","1499327381","3.56667"
"1499327381","2123686039","1.06667"
"2123686039","1499327381","1.06667"
"1499327381","2144839430","0.833333"
"2144839430","1499327381","0.833333"
"2123686039","2140613126","6.55833"
"2140613126","2123686039","6.55833"
"2123686039","2144839430","28.2179"
"2144839430","2123686039","28.2179"
"2140613126","2144839430","3.325"
"2144839430","2140613126","3.325"
"1499327381","1514659981","0.166667"
"1514659981","1499327381","0.166667"
"1499327381","2099427938","0.416667"
"2099427938","1499327381","0.416667"
"1514659981","2099427938","1.25952"
"2099427938","1514659981","1.25952"
"1514659981","2144839430","4.40952"
"2144839430","1514659981","4.40952"
"1791587242","2099427938","13.0762"
"2099427938","1791587242","13.0762"
"2005112390","2099427938","3.37619"
"2099427938","2005112390","3.37619"
"2005112390","2144839430","19.5929"
"2144839430","2005112390","19.5929"
"2099427938","2123686039","5.66786"
"2123686039","2099427938","5.66786"
"2099427938","2144839430","2.05119"
"2144839430","2099427938","2.05119"
"1791587242","2293919922","4.9"
"2293919922","1791587242","4.9"
"2123686039","2137152505","6.60833"
"2137152505","2123686039","6.60833"
"2123686039","2293919922","3.35833"
"2293919922","2123686039","3.35833"
"2137152505","2293919922","48.3583"
"2293919922","2137152505","48.3583"
"1499327381","1966114193","0.166667"
"1966114193","1499327381","0.166667"
"1791587242","1966114193","0.166667"
"1966114193","1791587242","0.166667"
"1966114193","2137152505","0.416667"
"2137152505","1966114193","0.416667"
"1966114193","2140613126","1.41667"
"2140613126","1966114193","1.41667"
"1966114193","2144839430","0.166667"
"2144839430","1966114193","0.166667"
"1966114193","2293919922","3.41667"
"2293919922","1966114193","3.41667"
"2137152505","2144839430","1.125"
"2144839430","2137152505","1.125"
"2144839430","2293919922","0.291667"
"2293919922","2144839430","0.291667"
"1514659981","2085601491","6.10952"
"2085601491","1514659981","6.10952"
"1514659981","2138512691","4.24286"
"2138512691","1514659981","4.24286"
"2005112390","2138512691","19.3262"
"2138512691","2005112390","19.3262"
"2085601491","2123686039","13.4095"
"2123686039","2085601491","13.4095"
"2085601491","2138512691","2.90952"
"2138512691","2085601491","2.90952"
"2123686039","2138512691","27.1679"
"2138512691","2123686039","27.1679"
"1514659981","2140613126","0.95"
"2140613126","1514659981","0.95"
"2099427938","2138512691","3.16786"
"2138512691","2099427938","3.16786"
"2099427938","2140613126","7.075"
"2140613126","2099427938","7.075"
"2138512691","2140613126","1.625"
"2140613126","2138512691","1.625"
"2085601491","2144839430","9.76905"
"2144839430","2085601491","9.76905"
"2085601491","2099427938","1.09286"
"2099427938","2085601491","1.09286"
"1514659981","1577169013","0.5"
"1577169013","1514659981","0.5"
"1514659981","2114303224","0.75"
"2114303224","1514659981","0.75"
"1514659981","2125775320","0.583333"
"2125775320","1514659981","0.583333"
"2114303224","2123686039","7.05"
"2123686039","2114303224","7.05"
"1514659981","2117546628","0.2"
"2117546628","1514659981","0.2"
"1791587242","2117546628","19.7667"
"2117546628","1791587242","19.7667"
"2005112390","2117546628","11.1"
"2117546628","2005112390","11.1"
"2085601491","2117546628","5.01667"
"2117546628","2085601491","5.01667"
"2117546628","2123686039","15.6"
"2123686039","2117546628","15.6"
"1514659981","2137152505","1.5"
"2137152505","1514659981","1.5"
"1514659981","2293919922","0.5"
"2293919922","1514659981","0.5"
"1550275036","1577169013","4.36264"
"1577169013","1550275036","4.36264"
"1550275036","2060440895","13.9237"
"2060440895","1550275036","13.9237"
"1550275036","2155070484","5.30397"
"2155070484","1550275036","5.30397"
"1550275036","2159376715","3.21111"
"2159376715","1550275036","3.21111"
"1577169013","2060440895","30.0162"
"2060440895","1577169013","30.0162"
"1577169013","2155070484","53.3107"
"2155070484","1577169013","53.3107"
"1577169013","2159376715","25.4345"
"2159376715","1577169013","25.4345"
"2060440895","2155070484","41.4552"
"2155070484","2060440895","41.4552"
"2060440895","2159376715","17.7956"
"2159376715","2060440895","17.7956"
"2155070484","2159376715","12.5123"
"2159376715","2155070484","12.5123"
"1550275036","1814601622","5.19041"
"1814601622","1550275036","5.19041"
"1550275036","1988072050","2.10708"
"1988072050","1550275036","2.10708"
"1550275036","2054075931","2.31978"
"2054075931","1550275036","2.31978"
"1550275036","2189498447","2.08645"
"2189498447","1550275036","2.08645"
"1550275036","2399840233","2.14286"
"2399840233","1550275036","2.14286"
"1577169013","1814601622","7.87335"
"1814601622","1577169013","7.87335"
"1577169013","1988072050","3.02335"
"1988072050","1577169013","3.02335"
"1577169013","2054075931","45.7388"
"2054075931","1577169013","45.7388"
"1577169013","2189498447","2.39716"
"2189498447","1577169013","2.39716"
"1577169013","2399840233","0.142857"
"2399840233","1577169013","0.142857"
"1814601622","1988072050","1.75113"
"1988072050","1814601622","1.75113"
"1814601622","2054075931","9.18049"
"2054075931","1814601622","9.18049"
"1814601622","2060440895","10.1511"
"2060440895","1814601622","10.1511"
"1814601622","2189498447","1.41383"
"2189498447","1814601622","1.41383"
"1814601622","2399840233","0.142857"
"2399840233","1814601622","0.142857"
"1988072050","2054075931","1.13049"
"2054075931","1988072050","1.13049"
"1988072050","2060440895","4.88446"
"2060440895","1988072050","4.88446"
"1988072050","2189498447","2.44716"
"2189498447","1988072050","2.44716"
"1988072050","2399840233","0.142857"
"2399840233","1988072050","0.142857"
"2054075931","2060440895","16.1805"
"2060440895","2054075931","16.1805"
"2054075931","2189498447","1.69716"
"2189498447","2054075931","1.69716"
"2054075931","2399840233","0.142857"
"2399840233","2054075931","0.142857"
"2060440895","2189498447","5.43049"
"2189498447","2060440895","5.43049"
"2060440895","2399840233","0.142857"
"2399840233","2060440895","0.142857"
"2189498447","2399840233","0.142857"
"2399840233","2189498447","0.142857"
"1814601622","2155070484","7.3623"
"2155070484","1814601622","7.3623"
"2054075931","2155070484","37.7083"
"2155070484","2054075931","37.7083"
"1550275036","2133967560","2.53089"
"2133967560","1550275036","2.53089"
"1577169013","2133967560","11.9281"
"2133967560","1577169013","11.9281"
"1814601622","2133967560","4.40589"
"2133967560","1814601622","4.40589"
"1988072050","2133967560","2.18922"
"2133967560","1988072050","2.18922"
"1988072050","2155070484","1.74563"
"2155070484","1988072050","1.74563"
"2060440895","2133967560","12.3392"
"2133967560","2060440895","12.3392"
"2133967560","2155070484","7.44563"
"2155070484","2133967560","7.44563"
"2054075931","2133967560","6.05192"
"2133967560","2054075931","6.05192"
"2054075931","2159376715","19.2083"
"2159376715","2054075931","19.2083"
"2133967560","2159376715","7.88611"
"2159376715","2133967560","7.88611"
"1814601622","2159376715","8.13611"
"2159376715","1814601622","8.13611"
"2133967560","2189498447","3.93526"
"2189498447","2133967560","3.93526"
"2159376715","2189498447","1.40833"
"2189498447","2159376715","1.40833"
"1550275036","2149576945","0.5"
"2149576945","1550275036","0.5"
"2060440895","2149576945","1"
"2149576945","2060440895","1"
"1550275036","2265888380","2.1547"
"2265888380","1550275036","2.1547"
"1814601622","2265888380","3.0047"
"2265888380","1814601622","3.0047"
"2189498447","2265888380","0.776923"
"2265888380","2189498447","0.776923"
"1550275036","2585715281","3.14756"
"2585715281","1550275036","3.14756"
"1577169013","2265888380","1.81026"
"2265888380","1577169013","1.81026"
"1577169013","2585715281","1.11978"
"2585715281","1577169013","1.11978"
"1988072050","2265888380","0.754701"
"2265888380","1988072050","0.754701"
"1988072050","2585715281","2.14756"
"2585715281","1988072050","2.14756"
"2060440895","2265888380","1.87137"
"2265888380","2060440895","1.87137"
"2060440895","2585715281","2.09756"
"2585715281","2060440895","2.09756"
"2265888380","2585715281","0.554701"
"2585715281","2265888380","0.554701"
"1988072050","2159376715","1.01944"
"2159376715","1988072050","1.01944"
"2159376715","2265888380","0.761111"
"2265888380","2159376715","0.761111"
"1550275036","1791587242","0.844444"
"1791587242","1550275036","0.844444"
"1791587242","1814601622","0.677778"
"1814601622","1791587242","0.677778"
"1791587242","2054075931","7.03333"
"2054075931","1791587242","7.03333"
"1791587242","2155070484","25.2373"
"2155070484","1791587242","25.2373"
"1791587242","2265888380","0.511111"
"2265888380","1791587242","0.511111"
"2054075931","2265888380","2.01026"
"2265888380","2054075931","2.01026"
"2155070484","2265888380","2.62778"
"2265888380","2155070484","2.62778"
"1550275036","2443378670","1.41026"
"2443378670","1550275036","1.41026"
"2155070484","2443378670","2.25"
"2443378670","2155070484","2.25"
"2265888380","2443378670","0.410256"
"2443378670","2265888380","0.410256"
"1791587242","2060440895","2.7873"
"2060440895","1791587242","2.7873"
"1550275036","2584820231","0.333333"
"2584820231","1550275036","0.333333"
"2155070484","2584820231","0.333333"
"2584820231","2155070484","0.333333"
"2265888380","2584820231","0.333333"
"2584820231","2265888380","0.333333"
"1550275036","1986479133","0.0769231"
"1986479133","1550275036","0.0769231"
"1550275036","2067055328","0.0769231"
"2067055328","1550275036","0.0769231"
"1550275036","2402836473","0.0769231"
"2402836473","1550275036","0.0769231"
"1577169013","1986479133","0.576923"
"1986479133","1577169013","0.576923"
"1577169013","2067055328","0.529304"
"2067055328","1577169013","0.529304"
"1577169013","2402836473","1.64597"
"2402836473","1577169013","1.64597"
"1577169013","2443378670","0.99359"
"2443378670","1577169013","0.99359"
"1814601622","1986479133","0.0769231"
"1986479133","1814601622","0.0769231"
"1814601622","2067055328","0.362637"
"2067055328","1814601622","0.362637"
"1814601622","2402836473","0.945971"
"2402836473","1814601622","0.945971"
"1814601622","2443378670","0.410256"
"2443378670","1814601622","0.410256"
"1814601622","2585715281","0.330891"
"2585715281","1814601622","0.330891"
"1986479133","1988072050","0.0769231"
"1988072050","1986479133","0.0769231"
"1986479133","2054075931","0.0769231"
"2054075931","1986479133","0.0769231"
"1986479133","2060440895","2.07692"
"2060440895","1986479133","2.07692"
"1986479133","2067055328","0.0769231"
"2067055328","1986479133","0.0769231"
"1986479133","2133967560","0.0769231"
"2133967560","1986479133","0.0769231"
"1986479133","2189498447","0.0769231"
"2189498447","1986479133","0.0769231"
"1986479133","2265888380","0.0769231"
"2265888380","1986479133","0.0769231"
"1986479133","2402836473","0.0769231"
"2402836473","1986479133","0.0769231"
"1986479133","2443378670","0.576923"
"2443378670","1986479133","0.576923"
"1986479133","2585715281","0.0769231"
"2585715281","1986479133","0.0769231"
"1988072050","2067055328","0.695971"
"2067055328","1988072050","0.695971"
"1988072050","2402836473","0.612637"
"2402836473","1988072050","0.612637"
"1988072050","2443378670","0.0769231"
"2443378670","1988072050","0.0769231"
"2054075931","2067055328","0.529304"
"2067055328","2054075931","0.529304"
"2054075931","2402836473","1.14597"
"2402836473","2054075931","1.14597"
"2054075931","2443378670","1.57692"
"2443378670","2054075931","1.57692"
"2054075931","2585715281","2.07692"
"2585715281","2054075931","2.07692"
"2060440895","2067055328","1.86264"
"2067055328","2060440895","1.86264"
"2060440895","2402836473","0.945971"
"2402836473","2060440895","0.945971"
"2060440895","2443378670","1.16026"
"2443378670","2060440895","1.16026"
"2067055328","2133967560","0.576923"
"2133967560","2067055328","0.576923"
"2067055328","2189498447","1.36264"
"2189498447","2067055328","1.36264"
"2067055328","2265888380","0.0769231"
"2265888380","2067055328","0.0769231"
"2067055328","2402836473","0.362637"
"2402836473","2067055328","0.362637"
"2067055328","2443378670","0.0769231"
"2443378670","2067055328","0.0769231"
"2067055328","2585715281","0.0769231"
"2585715281","2067055328","0.0769231"
"2133967560","2265888380","0.188034"
"2265888380","2133967560","0.188034"
"2133967560","2402836473","0.860256"
"2402836473","2133967560","0.860256"
"2133967560","2443378670","0.826923"
"2443378670","2133967560","0.826923"
"2133967560","2585715281","0.780891"
"2585715281","2133967560","0.780891"
"2189498447","2402836473","0.612637"
"2402836473","2189498447","0.612637"
"2189498447","2443378670","0.0769231"
"2443378670","2189498447","0.0769231"
"2189498447","2585715281","0.94359"
"2585715281","2189498447","0.94359"
"2265888380","2402836473","0.0769231"
"2402836473","2265888380","0.0769231"
"2402836473","2443378670","0.0769231"
"2443378670","2402836473","0.0769231"
"2402836473","2585715281","0.0769231"
"2585715281","2402836473","0.0769231"
"2443378670","2585715281","0.0769231"
"2585715281","2443378670","0.0769231"
"2155070484","2189498447","1.24167"
"2189498447","2155070484","1.24167"
"2155070484","2585715281","0.870635"
"2585715281","2155070484","0.870635"
"1791587242","1988072050","0.111111"
"1988072050","1791587242","0.111111"
"1791587242","2133967560","1.14444"
"2133967560","1791587242","1.14444"
"1791587242","2159376715","2.12064"
"2159376715","1791587242","2.12064"
"1791587242","2585715281","0.111111"
"2585715281","1791587242","0.111111"
"2159376715","2585715281","0.311111"
"2585715281","2159376715","0.311111"
"1550275036","2888350430","0.2"
"2888350430","1550275036","0.2"
"2060440895","2888350430","0.2"
"2888350430","2060440895","0.2"
"2155070484","2888350430","0.2"
"2888350430","2155070484","0.2"
"2159376715","2888350430","0.2"
"2888350430","2159376715","0.2"
"2585715281","2888350430","0.2"
"2888350430","2585715281","0.2"
"1551118287","2149576945","7.16667"
"2149576945","1551118287","7.16667"
"1551118287","2115503987","8.16667"
"2115503987","1551118287","8.16667"
"1551118287","2150971115","1.66667"
"2150971115","1551118287","1.66667"
"2115503987","2149576945","385.343"
"2149576945","2115503987","385.343"
"2149576945","2150971115","13.1667"
"2150971115","2149576945","13.1667"
"1577169013","2085601491","2"
"2085601491","1577169013","2"
"1577169013","2123686039","8.83452"
"2123686039","1577169013","8.83452"
"1577169013","2144839430","4.725"
"2144839430","1577169013","4.725"
"1577169013","2099427938","1.15833"
"2099427938","1577169013","1.15833"
"1577169013","2138512691","3.99167"
"2138512691","1577169013","3.99167"
"1577169013","2140613126","2.95833"
"2140613126","1577169013","2.95833"
"2054075931","2123686039","2.725"
"2123686039","2054075931","2.725"
"2123686039","2155070484","4.94286"
"2155070484","2123686039","4.94286"
"2123686039","2159376715","1.50952"
"2159376715","2123686039","1.50952"
"2054075931","2125775320","0.7"
"2125775320","2054075931","0.7"
"1577169013","2149576945","5.7"
"2149576945","1577169013","5.7"
"2155070484","2402836473","0.95"
"2402836473","2155070484","0.95"
"2159376715","2402836473","0.533333"
"2402836473","2159376715","0.533333"
"2054075931","2138512691","3.575"
"2138512691","2054075931","3.575"
"1577169013","2100305431","0.75"
"2100305431","1577169013","0.75"
"2060440895","2100305431","2.5"
"2100305431","2060440895","2.5"
"2060440895","2114303224","1"
"2114303224","2060440895","1"
"2060440895","2125775320","1.97619"
"2125775320","2060440895","1.97619"
"1577169013","2049160854","1.53333"
"2049160854","1577169013","1.53333"
"2054075931","2114303224","4.2"
"2114303224","2054075931","4.2"
"1814601622","2005112390","0.416667"
"2005112390","1814601622","0.416667"
"1814601622","2085601491","0.75"
"2085601491","1814601622","0.75"
"2005112390","2054075931","4.15"
"2054075931","2005112390","4.15"
"2005112390","2155070484","3.69286"
"2155070484","2005112390","3.69286"
"2005112390","2159376715","0.72619"
"2159376715","2005112390","0.72619"
"2054075931","2085601491","1.15"
"2085601491","2054075931","1.15"
"2085601491","2155070484","2.75"
"2155070484","2085601491","2.75"
"2085601491","2159376715","1.25"
"2159376715","2085601491","1.25"
"1577169013","1813630675","0.7"
"1813630675","1577169013","0.7"
"1813630675","2125775320","1.45"
"2125775320","1813630675","1.45"
"2085601491","2137152505","1.28333"
"2137152505","2085601491","1.28333"
"2085601491","2149576945","0.842857"
"2149576945","2085601491","0.842857"
"2137152505","2138512691","0.575"
"2138512691","2137152505","0.575"
"2137152505","2149576945","2.7"
"2149576945","2137152505","2.7"
"2137152505","2155070484","1.2"
"2155070484","2137152505","1.2"
"2138512691","2155070484","1.83333"
"2155070484","2138512691","1.83333"
"2149576945","2155070484","6.53333"
"2155070484","2149576945","6.53333"
"1577169013","2016829627","0.333333"
"2016829627","1577169013","0.333333"
"2016829627","2114303224","5.25952"
"2114303224","2016829627","5.25952"
"2016829627","2125775320","21.2595"
"2125775320","2016829627","21.2595"
"1791587242","2049160854","1.28333"
"2049160854","1791587242","1.28333"
"2049160854","2123686039","0.2"
"2123686039","2049160854","0.2"
"2123686039","2149576945","2.5"
"2149576945","2123686039","2.5"
"2125775320","2155070484","3.65952"
"2155070484","2125775320","3.65952"
"1577169013","1956179383","0.1"
"1956179383","1577169013","0.1"
"1791587242","1956179383","0.433333"
"1956179383","1791587242","0.433333"
"1956179383","2005112390","0.433333"
"2005112390","1956179383","0.433333"
"1956179383","2085601491","0.433333"
"2085601491","1956179383","0.433333"
"1956179383","2114303224","0.1"
"2114303224","1956179383","0.1"
"1956179383","2123686039","0.1"
"2123686039","1956179383","0.1"
"1956179383","2125775320","0.1"
"2125775320","1956179383","0.1"
"1956179383","2138512691","0.1"
"2138512691","1956179383","0.1"
"1956179383","2144839430","0.1"
"2144839430","1956179383","0.1"
"1956179383","2155070484","0.1"
"2155070484","1956179383","0.1"
"2114303224","2155070484","5.18333"
"2155070484","2114303224","5.18333"
"2144839430","2155070484","3.6"
"2155070484","2144839430","3.6"
"2005112390","2060440895","0.142857"
"2060440895","2005112390","0.142857"
"2060440895","2123686039","0.142857"
"2123686039","2060440895","0.142857"
"2125775320","2159376715","0.142857"
"2159376715","2125775320","0.142857"
"1577169013","2293919922","2.375"
"2293919922","1577169013","2.375"
"2054075931","2099427938","0.125"
"2099427938","2054075931","0.125"
"2054075931","2137152505","0.625"
"2137152505","2054075931","0.625"
"2054075931","2140613126","0.375"
"2140613126","2054075931","0.375"
"2054075931","2144839430","1.375"
"2144839430","2054075931","1.375"
"2054075931","2293919922","0.125"
"2293919922","2054075931","0.125"
"2099427938","2137152505","2.625"
"2137152505","2099427938","2.625"
"2099427938","2293919922","0.375"
"2293919922","2099427938","0.375"
"2138512691","2293919922","0.125"
"2293919922","2138512691","0.125"
"2144839430","2159376715","0.166667"
"2159376715","2144839430","0.166667"
"1577169013","2117546628","0.5"
"2117546628","1577169013","0.5"
"1814601622","2117546628","0.166667"
"2117546628","1814601622","0.166667"
"2054075931","2117546628","2.36667"
"2117546628","2054075931","2.36667"
"2060440895","2117546628","0.166667"
"2117546628","2060440895","0.166667"
"2117546628","2155070484","2.33333"
"2155070484","2117546628","2.33333"
"1577169013","2011716962","0.833333"
"2011716962","1577169013","0.833333"
"2011716962","2114303224","1.33333"
"2114303224","2011716962","1.33333"
"1791587242","2189498447","0.2"
"2189498447","1791587242","0.2"
"1577169013","1997168731","1.25"
"1997168731","1577169013","1.25"
"2011716962","2144839430","0.333333"
"2144839430","2011716962","0.333333"
"1813630675","2054075931","0.2"
"2054075931","1813630675","0.2"
"1813630675","2085601491","0.2"
"2085601491","1813630675","0.2"
"1813630675","2114303224","0.2"
"2114303224","1813630675","0.2"
"1997168731","2114303224","2.25"
"2114303224","1997168731","2.25"
"1997168731","2140613126","0.916667"
"2140613126","1997168731","0.916667"
"1997168731","2293919922","0.25"
"2293919922","1997168731","0.25"
"2114303224","2140613126","7.75"
"2140613126","2114303224","7.75"
"2114303224","2293919922","3.33333"
"2293919922","2114303224","3.33333"
"2067055328","2155070484","0.166667"
"2155070484","2067055328","0.166667"
"2067055328","2159376715","0.166667"
"2159376715","2067055328","0.166667"
"2114303224","2117546628","2.75"
"2117546628","2114303224","2.75"
"2005112390","2049160854","1.08333"
"2049160854","2005112390","1.08333"
"1814601622","2100305431","0.25"
"2100305431","1814601622","0.25"
"2054075931","2100305431","0.25"
"2100305431","2054075931","0.25"
"2100305431","2155070484","0.25"
"2155070484","2100305431","0.25"
"1988072050","2149576945","0.333333"
"2149576945","1988072050","0.333333"
"2133967560","2149576945","0.333333"
"2149576945","2133967560","0.333333"
"2085601491","2133967560","0.5"
"2133967560","2085601491","0.5"
"1587227579","2016829627","4.75"
"2016829627","1587227579","4.75"
"1587227579","2115503987","1"
"2115503987","1587227579","1"
"1587227579","2293919922","1"
"2293919922","1587227579","1"
"1587227579","2114303224","2.25"
"2114303224","1587227579","2.25"
"1587227579","2140613126","1"
"2140613126","1587227579","1"
"2016829627","2551460235","0.5"
"2551460235","2016829627","0.5"
"1587227579","2155070484","1"
"2155070484","1587227579","1"
"1587227579","2133967560","1"
"2133967560","1587227579","1"
"1587227579","2049160854","0.25"
"2049160854","1587227579","0.25"
"2016829627","2049160854","1.61667"
"2049160854","2016829627","1.61667"
"1587227579","2137152505","1"
"2137152505","1587227579","1"
"2115503987","2123686039","2"
"2123686039","2115503987","2"
"2115503987","2140613126","3.5"
"2140613126","2115503987","3.5"
"1791587242","1813630675","0.5"
"1813630675","1791587242","0.5"
"2117546628","2138512691","1.33333"
"2138512691","2117546628","1.33333"
"2005112390","2115503987","1.83333"
"2115503987","2005112390","1.83333"
"2115503987","2138512691","0.5"
"2138512691","2115503987","0.5"
"1791587242","2016829627","2.05952"
"2016829627","1791587242","2.05952"
"2005112390","2016829627","0.583333"
"2016829627","2005112390","0.583333"
"2005112390","2149576945","0.666667"
"2149576945","2005112390","0.666667"
"1791587242","2010150096","2.33333"
"2010150096","1791587242","2.33333"
"2010150096","2117546628","2.33333"
"2117546628","2010150096","2.33333"
"2010150096","2144839430","0.833333"
"2144839430","2010150096","0.833333"
"2117546628","2144839430","7.03333"
"2144839430","2117546628","7.03333"
"2099427938","2114303224","1.08333"
"2114303224","2099427938","1.08333"
"2016829627","2085601491","0.892857"
"2085601491","2016829627","0.892857"
"2016829627","2115503987","1.00952"
"2115503987","2016829627","1.00952"
"2016829627","2144839430","0.309524"
"2144839430","2016829627","0.309524"
"2016829627","2149576945","1.00952"
"2149576945","2016829627","1.00952"
"2085601491","2115503987","0.809524"
"2115503987","2085601491","0.809524"
"2115503987","2144839430","1.80952"
"2144839430","2115503987","1.80952"
"2085601491","2140613126","1.5"
"2140613126","2085601491","1.5"
"1791587242","2011716962","1.5"
"2011716962","1791587242","1.5"
"2011716962","2123686039","0.5"
"2123686039","2011716962","0.5"
"2005112390","2137152505","2.58333"
"2137152505","2005112390","2.58333"
"2099427938","2155070484","0.7"
"2155070484","2099427938","0.7"
"2115503987","2155070484","4.33333"
"2155070484","2115503987","4.33333"
"1791587242","2265110944","0.25"
"2265110944","1791587242","0.25"
"2114303224","2265110944","1.25"
"2265110944","2114303224","1.25"
"2125775320","2265110944","1.75"
"2265110944","2125775320","1.75"
"2144839430","2265110944","0.25"
"2265110944","2144839430","0.25"
"1791587242","2062735494","0.333333"
"2062735494","1791587242","0.333333"
"2062735494","2114303224","0.333333"
"2114303224","2062735494","0.333333"
"2062735494","2117546628","0.333333"
"2117546628","2062735494","0.333333"
"2125775320","2293919922","17.5833"
"2293919922","2125775320","17.5833"
"2016829627","2123686039","0.5"
"2123686039","2016829627","0.5"
"1791587242","2434390175","1.5"
"2434390175","1791587242","1.5"
"2125775320","2434390175","2.5"
"2434390175","2125775320","2.5"
"1813630675","2140613126","1"
"2140613126","1813630675","1"
"1813630675","2049160854","0.25"
"2049160854","1813630675","0.25"
"1813630675","2062735494","0.25"
"2062735494","1813630675","0.25"
"1813630675","2115503987","0.25"
"2115503987","1813630675","0.25"
"2049160854","2062735494","0.75"
"2062735494","2049160854","0.75"
"2049160854","2115503987","0.95"
"2115503987","2049160854","0.95"
"2062735494","2115503987","39.25"
"2115503987","2062735494","39.25"
"2062735494","2125775320","0.25"
"2125775320","2062735494","0.25"
"1966114193","2099427938","0.25"
"2099427938","1966114193","0.25"
"1988072050","2115503987","0.5"
"2115503987","1988072050","0.5"
"2115503987","2189498447","0.5"
"2189498447","2115503987","0.5"
"1988072050","2971005438","0.25"
"2971005438","1988072050","0.25"
"2054075931","2971005438","0.25"
"2971005438","2054075931","0.25"
"2060440895","2971005438","1.25"
"2971005438","2060440895","1.25"
"2189498447","2971005438","0.25"
"2971005438","2189498447","0.25"
"1997168731","2099427938","0.666667"
"2099427938","1997168731","0.666667"
"1997168731","2123686039","0.666667"
"2123686039","1997168731","0.666667"
"1997168731","2054075931","0.5"
"2054075931","1997168731","0.5"
"1997168731","2137152505","0.5"
"2137152505","1997168731","0.5"
"2099427938","2125775320","1.83333"
"2125775320","2099427938","1.83333"
"2005112390","2150971115","0.333333"
"2150971115","2005112390","0.333333"
"2016829627","2150971115","0.333333"
"2150971115","2016829627","0.333333"
"2010150096","2011716962","5"
"2011716962","2010150096","5"
"2010150096","2114303224","3.5"
"2114303224","2010150096","3.5"
"2010150096","2099427938","1"
"2099427938","2010150096","1"
"2010150096","2125775320","4.5"
"2125775320","2010150096","4.5"
"2010150096","2434390175","0.5"
"2434390175","2010150096","0.5"
"2011716962","2434390175","6"
"2434390175","2011716962","6"
"2010150096","2085601491","0.5"
"2085601491","2010150096","0.5"
"2010150096","2016829627","0.5"
"2016829627","2010150096","0.5"
"2011716962","2016829627","1"
"2016829627","2011716962","1"
"2011716962","2125775320","3"
"2125775320","2011716962","3"
"2011716962","2155070484","0.5"
"2155070484","2011716962","0.5"
"2155070484","2434390175","0.5"
"2434390175","2155070484","0.5"
"2049160854","2149576945","0.7"
"2149576945","2049160854","0.7"
"2016829627","2155070484","0.583333"
"2155070484","2016829627","0.583333"
"2016829627","2117546628","1"
"2117546628","2016829627","1"
"2049160854","2085601491","2.75"
"2085601491","2049160854","2.75"
"2049160854","2155070484","0.25"
"2155070484","2049160854","0.25"
"2016829627","2265110944","0.5"
"2265110944","2016829627","0.5"
"2029432894","2133967560","1"
"2133967560","2029432894","1"
"2029432894","2114303224","1"
"2114303224","2029432894","1"
"2049160854","2144839430","0.333333"
"2144839430","2049160854","0.333333"
"2049160854","2140613126","0.833333"
"2140613126","2049160854","0.833333"
"2049160854","2293919922","1.91667"
"2293919922","2049160854","1.91667"
"2049160854","2137152505","1.08333"
"2137152505","2049160854","1.08333"
"2054075931","2115503987","1.5"
"2115503987","2054075931","1.5"
"2060440895","2115503987","0.5"
"2115503987","2060440895","0.5"
"2060440895","2144839430","1"
"2144839430","2060440895","1"
"2060440895","2137152505","2"
"2137152505","2060440895","2"
"2062735494","2149576945","56"
"2149576945","2062735494","56"
"2062735494","2150971115","8"
"2150971115","2062735494","8"
"2062735494","2485234578","0.5"
"2485234578","2062735494","0.5"
"2149576945","2485234578","2.83333"
"2485234578","2149576945","2.83333"
"2062735494","2293919922","1"
"2293919922","2062735494","1"
"2085601491","2293919922","1"
"2293919922","2085601491","1"
"2100305431","2117546628","1"
"2117546628","2100305431","1"
"2114303224","2159376715","1"
"2159376715","2114303224","1"
"2140613126","2149576945","3"
"2149576945","2140613126","3"
"2115503987","2485234578","1.33333"
"2485234578","2115503987","1.33333"
"2115503987","2159376715","0.5"
"2159376715","2115503987","0.5"
"2115503987","2443378670","2"
"2443378670","2115503987","2"
"2155070484","2485234578","0.333333"
"2485234578","2155070484","0.333333"
"2117546628","2125775320","1"
"2125775320","2117546628","1"
"2149576945","2501950802","1"
"2501950802","2149576945","1"
