"1487711277","1534151391","0.102632"
"1534151391","1487711277","0.102632"
"1487711277","1645312251","0.102632"
"1645312251","1487711277","0.102632"
"1487711277","1662289313","0.102632"
"1662289313","1487711277","0.102632"
"1487711277","1791205675","0.102632"
"1791205675","1487711277","0.102632"
"1487711277","1823703757","0.102632"
"1823703757","1487711277","0.102632"
"1487711277","1890178494","0.102632"
"1890178494","1487711277","0.102632"
"1487711277","1906478357","0.102632"
"1906478357","1487711277","0.102632"
"1487711277","1917761832","0.102632"
"1917761832","1487711277","0.102632"
"1487711277","1928589355","0.102632"
"1928589355","1487711277","0.102632"
"1487711277","2097805845","0.102632"
"2097805845","1487711277","0.102632"
"1487711277","2101611123","0.102632"
"2101611123","1487711277","0.102632"
"1487711277","2125607514","0.102632"
"2125607514","1487711277","0.102632"
"1487711277","2138479717","0.102632"
"2138479717","1487711277","0.102632"
"1487711277","2143457733","0.102632"
"2143457733","1487711277","0.102632"
"1487711277","2151465856","0.102632"
"2151465856","1487711277","0.102632"
"1487711277","2165140090","0.102632"
"2165140090","1487711277","0.102632"
"1487711277","2295149805","0.102632"
"2295149805","1487711277","0.102632"
"1487711277","948587229","0.102632"
"948587229","1487711277","0.102632"
"1487711277","970313960","0.102632"
"970313960","1487711277","0.102632"
"1534151391","1645312251","1.60112"
"1645312251","1534151391","1.60112"
"1534151391","1662289313","2.28521"
"1662289313","1534151391","2.28521"
"1534151391","1791205675","1.79755"
"1791205675","1534151391","1.79755"
"1534151391","1823703757","1.28997"
"1823703757","1534151391","1.28997"
"1534151391","1890178494","1.92255"
"1890178494","1534151391","1.92255"
"1534151391","1906478357","1.92255"
"1906478357","1534151391","1.92255"
"1534151391","1917761832","1.58164"
"1917761832","1534151391","1.58164"
"1534151391","1928589355","1.62612"
"1928589355","1534151391","1.62612"
"1534151391","2097805845","1.58164"
"2097805845","1534151391","1.58164"
"1534151391","2101611123","1.69755"
"2101611123","1534151391","1.69755"
"1534151391","2125607514","1.45664"
"2125607514","1534151391","1.45664"
"1534151391","2138479717","1.69755"
"2138479717","1534151391","1.69755"
"1534151391","2143457733","1.58164"
"2143457733","1534151391","1.58164"
"1534151391","2151465856","1.92255"
"2151465856","1534151391","1.92255"
"1534151391","2165140090","0.478607"
"2165140090","1534151391","0.478607"
"1534151391","2295149805","0.377485"
"2295149805","1534151391","0.377485"
"1534151391","948587229","0.586042"
"948587229","1534151391","0.586042"
"1534151391","970313960","1.69755"
"970313960","1534151391","1.69755"
"1645312251","1662289313","3.57215"
"1662289313","1645312251","3.57215"
"1645312251","1791205675","2.24054"
"1791205675","1645312251","2.24054"
"1645312251","1823703757","1.98297"
"1823703757","1645312251","1.98297"
"1645312251","1890178494","3.33448"
"1890178494","1645312251","3.33448"
"1645312251","1906478357","3.58448"
"1906478357","1645312251","3.58448"
"1645312251","1917761832","3.14357"
"1917761832","1645312251","3.14357"
"1645312251","1928589355","3.06305"
"1928589355","1645312251","3.06305"
"1645312251","2097805845","3.16665"
"2097805845","1645312251","3.16665"
"1645312251","2101611123","3.23448"
"2101611123","1645312251","3.23448"
"1645312251","2125607514","3.11857"
"2125607514","1645312251","3.11857"
"1645312251","2138479717","3.10948"
"2138479717","1645312251","3.10948"
"1645312251","2143457733","3.79715"
"2143457733","1645312251","3.79715"
"1645312251","2151465856","3.45948"
"2151465856","1645312251","3.45948"
"1645312251","2165140090","0.791107"
"2165140090","1645312251","0.791107"
"1645312251","2295149805","0.377485"
"2295149805","1645312251","0.377485"
"1645312251","948587229","1.14854"
"948587229","1645312251","1.14854"
"1645312251","970313960","2.14054"
"970313960","1645312251","2.14054"
"1662289313","1791205675","5.47714"
"1791205675","1662289313","5.47714"
"1662289313","1823703757","5.41047"
"1823703757","1662289313","5.41047"
"1662289313","1890178494","7.16473"
"1890178494","1662289313","7.16473"
"1662289313","1906478357","8.22028"
"1906478357","1662289313","8.22028"
"1662289313","1917761832","8.09251"
"1917761832","1662289313","8.09251"
"1662289313","1928589355","8.92187"
"1928589355","1662289313","8.92187"
"1662289313","2097805845","7.17114"
"2097805845","1662289313","7.17114"
"1662289313","2101611123","9.31155"
"2101611123","1662289313","9.31155"
"1662289313","2125607514","9.32941"
"2125607514","1662289313","9.32941"
"1662289313","2138479717","7.24806"
"2138479717","1662289313","7.24806"
"1662289313","2143457733","11.4068"
"2143457733","1662289313","11.4068"
"1662289313","2151465856","10.8671"
"2151465856","1662289313","10.8671"
"1662289313","2165140090","0.700198"
"2165140090","1662289313","0.700198"
"1662289313","2295149805","0.377485"
"2295149805","1662289313","0.377485"
"1662289313","948587229","1.05763"
"948587229","1662289313","1.05763"
"1662289313","970313960","5.47714"
"970313960","1662289313","5.47714"
"1791205675","1823703757","5.4819"
"1823703757","1791205675","5.4819"
"1791205675","1890178494","4.44979"
"1890178494","1791205675","4.44979"
"1791205675","1906478357","4.53313"
"1906478357","1791205675","4.53313"
"1791205675","1917761832","4.30333"
"1917761832","1791205675","4.30333"
"1791205675","1928589355","5.48471"
"1928589355","1791205675","5.48471"
"1791205675","2097805845","4.11529"
"2097805845","1791205675","4.11529"
"1791205675","2101611123","5.74662"
"2101611123","1791205675","5.74662"
"1791205675","2125607514","5.52357"
"2125607514","1791205675","5.52357"
"1791205675","2138479717","4.43313"
"2138479717","1791205675","4.43313"
"1791205675","2143457733","5.26761"
"2143457733","1791205675","5.26761"
"1791205675","2151465856","5.84662"
"2151465856","1791205675","5.84662"
"1791205675","2165140090","0.541107"
"2165140090","1791205675","0.541107"
"1791205675","2295149805","0.377485"
"2295149805","1791205675","0.377485"
"1791205675","948587229","0.648542"
"948587229","1791205675","0.648542"
"1791205675","970313960","5.88948"
"970313960","1791205675","5.88948"
"1823703757","1890178494","3.94222"
"1890178494","1823703757","3.94222"
"1823703757","1906478357","4.02555"
"1906478357","1823703757","4.02555"
"1823703757","1917761832","4.13666"
"1917761832","1823703757","4.13666"
"1823703757","1928589355","5.07714"
"1928589355","1823703757","5.07714"
"1823703757","2097805845","3.94863"
"2097805845","1823703757","3.94863"
"1823703757","2101611123","5.33904"
"2101611123","1823703757","5.33904"
"1823703757","2125607514","5.3569"
"2125607514","1823703757","5.3569"
"1823703757","2138479717","4.02555"
"2138479717","1823703757","4.02555"
"1823703757","2143457733","5.10095"
"2143457733","1823703757","5.10095"
"1823703757","2151465856","5.33904"
"2151465856","1823703757","5.33904"
"1823703757","2165140090","0.450198"
"2165140090","1823703757","0.450198"
"1823703757","2295149805","0.377485"
"2295149805","1823703757","0.377485"
"1823703757","948587229","0.557632"
"948587229","1823703757","0.557632"
"1823703757","970313960","5.4819"
"970313960","1823703757","5.4819"
"1890178494","1906478357","7.69095"
"1906478357","1890178494","7.69095"
"1890178494","1917761832","7.86116"
"1917761832","1890178494","7.86116"
"1890178494","1928589355","7.12786"
"1928589355","1890178494","7.12786"
"1890178494","2097805845","7.38423"
"2097805845","1890178494","7.38423"
"1890178494","2101611123","7.57707"
"2101611123","1890178494","7.57707"
"1890178494","2125607514","7.83616"
"2125607514","1890178494","7.83616"
"1890178494","2138479717","7.57707"
"2138479717","1890178494","7.57707"
"1890178494","2143457733","7.38973"
"2143457733","1890178494","7.38973"
"1890178494","2151465856","7.69095"
"2151465856","1890178494","7.69095"
"1890178494","2165140090","0.541107"
"2165140090","1890178494","0.541107"
"1890178494","2295149805","0.377485"
"2295149805","1890178494","0.377485"
"1890178494","948587229","0.648542"
"948587229","1890178494","0.648542"
"1890178494","970313960","4.34979"
"970313960","1890178494","4.34979"
"1906478357","1917761832","12.5"
"1917761832","1906478357","12.5"
"1906478357","1928589355","7.60008"
"1928589355","1906478357","7.60008"
"1906478357","2097805845","7.35646"
"2097805845","1906478357","7.35646"
"1906478357","2101611123","7.54929"
"2101611123","1906478357","7.54929"
"1906478357","2125607514","7.30838"
"2125607514","1906478357","7.30838"
"1906478357","2138479717","7.54929"
"2138479717","1906478357","7.54929"
"1906478357","2143457733","8.11195"
"2143457733","1906478357","8.11195"
"1906478357","2151465856","9.32984"
"2151465856","1906478357","9.32984"
"1906478357","2165140090","0.541107"
"2165140090","1906478357","0.541107"
"1906478357","2295149805","0.377485"
"2295149805","1906478357","0.377485"
"1906478357","948587229","0.898542"
"948587229","1906478357","0.898542"
"1906478357","970313960","4.43313"
"970313960","1906478357","4.43313"
"1917761832","1928589355","7.38139"
"1928589355","1917761832","7.38139"
"1917761832","2097805845","7.36757"
"2097805845","1917761832","7.36757"
"1917761832","2101611123","7.3306"
"2101611123","1917761832","7.3306"
"1917761832","2125607514","7.9306"
"2125607514","1917761832","7.9306"
"1917761832","2138479717","7.21949"
"2138479717","1917761832","7.21949"
"1917761832","2143457733","7.98417"
"2143457733","1917761832","7.98417"
"1917761832","2151465856","9.11116"
"2151465856","1917761832","9.11116"
"1917761832","2165140090","0.450198"
"2165140090","1917761832","0.450198"
"1917761832","2295149805","1.37749"
"2295149805","1917761832","1.37749"
"1917761832","948587229","0.557632"
"948587229","1917761832","0.557632"
"1917761832","970313960","4.20333"
"970313960","1917761832","4.20333"
"1928589355","2097805845","6.79336"
"2097805845","1928589355","6.79336"
"1928589355","2101611123","8.35802"
"2101611123","1928589355","8.35802"
"1928589355","2125607514","8.03497"
"2125607514","1928589355","8.03497"
"1928589355","2138479717","7.21119"
"2138479717","1928589355","7.21119"
"1928589355","2143457733","8.27901"
"2143457733","1928589355","8.27901"
"1928589355","2151465856","9.08024"
"2151465856","1928589355","9.08024"
"1928589355","2165140090","0.541107"
"2165140090","1928589355","0.541107"
"1928589355","2295149805","0.377485"
"2295149805","1928589355","0.377485"
"1928589355","948587229","0.648542"
"948587229","1928589355","0.648542"
"1928589355","970313960","5.48471"
"970313960","1928589355","5.48471"
"2097805845","2101611123","7.24257"
"2101611123","2097805845","7.24257"
"2097805845","2125607514","7.34257"
"2125607514","2097805845","7.34257"
"2097805845","2138479717","7.24257"
"2138479717","2097805845","7.24257"
"2097805845","2143457733","7.39614"
"2143457733","2097805845","7.39614"
"2097805845","2151465856","7.35646"
"2151465856","2097805845","7.35646"
"2097805845","2165140090","0.450198"
"2165140090","2097805845","0.450198"
"2097805845","2295149805","0.377485"
"2295149805","2097805845","0.377485"
"2097805845","948587229","0.557632"
"948587229","2097805845","0.557632"
"2097805845","970313960","4.01529"
"970313960","2097805845","4.01529"
"2101611123","2125607514","9.25798"
"2125607514","2101611123","9.25798"
"2101611123","2138479717","7.6604"
"2138479717","2101611123","7.6604"
"2101611123","2143457733","9.00203"
"2143457733","2101611123","9.00203"
"2101611123","2151465856","9.46992"
"2151465856","2101611123","9.46992"
"2101611123","2165140090","0.541107"
"2165140090","2101611123","0.541107"
"2101611123","2295149805","0.377485"
"2295149805","2101611123","0.377485"
"2101611123","948587229","0.648542"
"948587229","2101611123","0.648542"
"2101611123","970313960","5.74662"
"970313960","2101611123","5.74662"
"2125607514","2138479717","7.31949"
"2138479717","2125607514","7.31949"
"2125607514","2143457733","9.11989"
"2143457733","2125607514","9.11989"
"2125607514","2151465856","9.24687"
"2151465856","2125607514","9.24687"
"2125607514","2165140090","0.450198"
"2165140090","2125607514","0.450198"
"2125607514","2295149805","0.377485"
"2295149805","2125607514","0.377485"
"2125607514","948587229","0.557632"
"948587229","2125607514","0.557632"
"2125607514","970313960","5.42357"
"970313960","2125607514","5.42357"
"2138479717","2143457733","7.24806"
"2143457733","2138479717","7.24806"
"2138479717","2151465856","7.54929"
"2151465856","2138479717","7.54929"
"2138479717","2165140090","0.541107"
"2165140090","2138479717","0.541107"
"2138479717","2295149805","0.377485"
"2295149805","2138479717","0.377485"
"2138479717","948587229","0.648542"
"948587229","2138479717","0.648542"
"2138479717","970313960","4.43313"
"970313960","2138479717","4.43313"
"2143457733","2151465856","9.94925"
"2151465856","2143457733","9.94925"
"2143457733","2165140090","0.700198"
"2165140090","2143457733","0.700198"
"2143457733","2295149805","0.377485"
"2295149805","2143457733","0.377485"
"2143457733","948587229","1.05763"
"948587229","2143457733","1.05763"
"2143457733","970313960","5.16761"
"970313960","2143457733","5.16761"
"2151465856","2165140090","0.541107"
"2165140090","2151465856","0.541107"
"2151465856","2295149805","0.377485"
"2295149805","2151465856","0.377485"
"2151465856","948587229","0.648542"
"948587229","2151465856","0.648542"
"2151465856","970313960","5.74662"
"970313960","2151465856","5.74662"
"2165140090","2295149805","0.210819"
"2295149805","2165140090","0.210819"
"2165140090","948587229","0.673051"
"948587229","2165140090","0.673051"
"2165140090","970313960","0.541107"
"970313960","2165140090","0.541107"
"2295149805","948587229","0.32193"
"948587229","2295149805","0.32193"
"2295149805","970313960","0.377485"
"970313960","2295149805","0.377485"
"948587229","970313960","0.648542"
"970313960","948587229","0.648542"
"1487711277","1897900253","0.05"
"1897900253","1487711277","0.05"
"1534151391","1897900253","0.7934"
"1897900253","1534151391","0.7934"
"1645312251","1897900253","1.03149"
"1897900253","1645312251","1.03149"
"1662289313","1897900253","0.806495"
"1897900253","1662289313","0.806495"
"1791205675","1897900253","0.739828"
"1897900253","1791205675","0.739828"
"1823703757","1897900253","0.573161"
"1897900253","1823703757","0.573161"
"1890178494","1897900253","1.03149"
"1897900253","1890178494","1.03149"
"1897900253","1906478357","1.36483"
"1906478357","1897900253","1.36483"
"1897900253","1917761832","1.36483"
"1917761832","1897900253","1.36483"
"1897900253","1928589355","0.806495"
"1928589355","1897900253","0.806495"
"1897900253","2097805845","1.03149"
"2097805845","1897900253","1.03149"
"1897900253","2101611123","0.806495"
"2101611123","1897900253","0.806495"
"1897900253","2125607514","0.906495"
"2125607514","1897900253","0.906495"
"1897900253","2138479717","0.806495"
"2138479717","1897900253","0.806495"
"1897900253","2143457733","0.960066"
"2143457733","1897900253","0.960066"
"1897900253","2151465856","1.36483"
"2151465856","1897900253","1.36483"
"1897900253","2165140090","0.213743"
"2165140090","1897900253","0.213743"
"1897900253","2295149805","0.324854"
"2295149805","1897900253","0.324854"
"1897900253","948587229","0.383677"
"948587229","1897900253","0.383677"
"1897900253","970313960","0.639828"
"970313960","1897900253","0.639828"
