"144888112","1521479407","9.66667"
"1521479407","144888112","9.66667"
"144888112","1975637639","0.333333"
"1975637639","144888112","0.333333"
"144888112","2111586962","0.333333"
"2111586962","144888112","0.333333"
"1521479407","1975637639","0.666667"
"1975637639","1521479407","0.666667"
"1521479407","2111586962","0.666667"
"2111586962","1521479407","0.666667"
"1975637639","2111586962","16.75"
"2111586962","1975637639","16.75"
"144888112","1501548698","0.333333"
"1501548698","144888112","0.333333"
"144888112","2140646908","0.333333"
"2140646908","144888112","0.333333"
"1501548698","1521479407","7.33333"
"1521479407","1501548698","7.33333"
"1501548698","2140646908","18.5929"
"2140646908","1501548698","18.5929"
"1521479407","2140646908","2.83333"
"2140646908","1521479407","2.83333"
"1501548698","2111967617","70.95"
"2111967617","1501548698","70.95"
"2111967617","2140646908","98.1167"
"2140646908","2111967617","98.1167"
"1501548698","1791587242","13.5929"
"1791587242","1501548698","13.5929"
"1521479407","2111967617","2.5"
"2111967617","1521479407","2.5"
"1501548698","2155928473","5.92619"
"2155928473","1501548698","5.92619"
"1791587242","2111967617","19.3667"
"2111967617","1791587242","19.3667"
"1791587242","2155928473","2.75952"
"2155928473","1791587242","2.75952"
"2111967617","2155928473","12.1167"
"2155928473","2111967617","12.1167"
"1791587242","2140646908","10.9262"
"2140646908","1791587242","10.9262"
"1501548698","1967983783","3.84286"
"1967983783","1501548698","3.84286"
"1967983783","2111967617","22.3667"
"2111967617","1967983783","22.3667"
"1967983783","2140646908","2.59286"
"2140646908","1967983783","2.59286"
"1501548698","2117917070","0.809524"
"2117917070","1501548698","0.809524"
"2111967617","2117917070","2"
"2117917070","2111967617","2"
"1521479407","1791587242","3"
"1791587242","1521479407","3"
"1521479407","2155928473","1.25"
"2155928473","1521479407","1.25"
"2140646908","2155928473","5.34286"
"2155928473","2140646908","5.34286"
"1967983783","2155928473","5.17619"
"2155928473","1967983783","5.17619"
"1791587242","1967983783","2.84286"
"1967983783","1791587242","2.84286"
"1501548698","1996952974","0.309524"
"1996952974","1501548698","0.309524"
"1501548698","2156448604","0.309524"
"2156448604","1501548698","0.309524"
"1791587242","1996952974","1.14286"
"1996952974","1791587242","1.14286"
"1791587242","2117917070","13.9762"
"2117917070","1791587242","13.9762"
"1791587242","2156448604","4.64286"
"2156448604","1791587242","4.64286"
"1967983783","1996952974","0.309524"
"1996952974","1967983783","0.309524"
"1967983783","2117917070","0.309524"
"2117917070","1967983783","0.309524"
"1967983783","2156448604","0.309524"
"2156448604","1967983783","0.309524"
"1996952974","2117917070","119.31"
"2117917070","1996952974","119.31"
"1996952974","2140646908","0.309524"
"2140646908","1996952974","0.309524"
"1996952974","2155928473","0.309524"
"2155928473","1996952974","0.309524"
"1996952974","2156448604","1.30952"
"2156448604","1996952974","1.30952"
"2117917070","2140646908","0.809524"
"2140646908","2117917070","0.809524"
"2117917070","2155928473","0.559524"
"2155928473","2117917070","0.559524"
"2117917070","2156448604","1.80952"
"2156448604","2117917070","1.80952"
"2140646908","2156448604","0.309524"
"2156448604","2140646908","0.309524"
"2155928473","2156448604","0.309524"
"2156448604","2155928473","0.309524"
"1521479407","1967983783","0.25"
"1967983783","1521479407","0.25"
"1521479407","1996406244","0.5"
"1996406244","1521479407","0.5"
"1791587242","1996406244","8.83333"
"1996406244","1791587242","8.83333"
"1521479407","2117917070","2.83333"
"2117917070","1521479407","2.83333"
"1975637639","2117917070","19.6667"
"2117917070","1975637639","19.6667"
"2111586962","2117917070","129.667"
"2117917070","2111586962","129.667"
"1521479407","2097597441","0.5"
"2097597441","1521479407","0.5"
"2097597441","2117917070","16.75"
"2117917070","2097597441","16.75"
"1562976741","1975637639","1"
"1975637639","1562976741","1"
"1562976741","2156448604","1"
"2156448604","1562976741","1"
"1562976741","1665789430","1"
"1665789430","1562976741","1"
"1665789430","2117917070","3"
"2117917070","1665789430","3"
"1665789430","2111967617","1"
"2111967617","1665789430","1"
"1665789430","2054308357","1"
"2054308357","1665789430","1"
"1665789430","2156448604","1"
"2156448604","1665789430","1"
"1665789430","1975637639","1"
"1975637639","1665789430","1"
"1665789430","2111586962","1"
"2111586962","1665789430","1"
"1665789430","1791587242","1"
"1791587242","1665789430","1"
"1791587242","2111586962","5.83333"
"2111586962","1791587242","5.83333"
"1996406244","2111967617","0.333333"
"2111967617","1996406244","0.333333"
"1996406244","2140646908","0.833333"
"2140646908","1996406244","0.833333"
"1791587242","2111087864","3.25"
"2111087864","1791587242","3.25"
"1791587242","1975637639","2.5"
"1975637639","1791587242","2.5"
"1975637639","2140646908","0.5"
"2140646908","1975637639","0.5"
"1791587242","2054308357","3.25"
"2054308357","1791587242","3.25"
"1996406244","2117917070","3.5"
"2117917070","1996406244","3.5"
"1791587242","2119887456","2.08333"
"2119887456","1791587242","2.08333"
"2054308357","2111967617","1.75"
"2111967617","2054308357","1.75"
"2054308357","2117917070","5.5"
"2117917070","2054308357","5.5"
"2054308357","2119887456","0.25"
"2119887456","2054308357","0.25"
"2111967617","2119887456","0.25"
"2119887456","2111967617","0.25"
"2117917070","2119887456","43.6667"
"2119887456","2117917070","43.6667"
"2111586962","2156448604","2"
"2156448604","2111586962","2"
"2111586962","2119887456","10.9167"
"2119887456","2111586962","10.9167"
"2111087864","2111967617","0.25"
"2111967617","2111087864","0.25"
"2111087864","2140646908","0.25"
"2140646908","2111087864","0.25"
"2111087864","2155928473","0.25"
"2155928473","2111087864","0.25"
"1968658954","2054308357","0.25"
"2054308357","1968658954","0.25"
"1968658954","2111586962","1.91667"
"2111586962","1968658954","1.91667"
"1968658954","2117917070","21.5833"
"2117917070","1968658954","21.5833"
"1968658954","2140646908","0.25"
"2140646908","1968658954","0.25"
"2054308357","2111586962","0.25"
"2111586962","2054308357","0.25"
"2054308357","2140646908","0.75"
"2140646908","2054308357","0.75"
"2111586962","2140646908","0.25"
"2140646908","2111586962","0.25"
"1968658954","1996952974","16"
"1996952974","1968658954","16"
"1968658954","2119887456","4.66667"
"2119887456","1968658954","4.66667"
"1996952974","2119887456","18.1667"
"2119887456","1996952974","18.1667"
"1968658954","2097597441","4.08333"
"2097597441","1968658954","4.08333"
"1996952974","2097597441","12.5833"
"2097597441","1996952974","12.5833"
"2097597441","2119887456","3.41667"
"2119887456","2097597441","3.41667"
"1968658954","1975637639","0.25"
"1975637639","1968658954","0.25"
"1975637639","1996952974","2.75"
"1996952974","1975637639","2.75"
"1975637639","2119887456","1.33333"
"2119887456","1975637639","1.33333"
"1996952974","2111586962","24.5"
"2111586962","1996952974","24.5"
"1975637639","2054308357","1"
"2054308357","1975637639","1"
"1975637639","2111967617","1"
"2111967617","1975637639","1"
"1975637639","1997721055","1.25"
"1997721055","1975637639","1.25"
"1997721055","2111586962","0.25"
"2111586962","1997721055","0.25"
"1997721055","2117917070","0.25"
"2117917070","1997721055","0.25"
"1997721055","2119887456","0.25"
"2119887456","1997721055","0.25"
"2097597441","2111586962","0.666667"
"2111586962","2097597441","0.666667"
"2111087864","2111586962","1"
"2111586962","2111087864","1"
"2111087864","2117917070","1"
"2117917070","2111087864","1"
