"1018421184","1033437021","1"
"1033437021","1018421184","1"
"1019987293","1528826940","1.16071"
"1528826940","1019987293","1.16071"
"1019987293","1898875461","1.16071"
"1898875461","1019987293","1.16071"
"1019987293","1904004549","1.16071"
"1904004549","1019987293","1.16071"
"1019987293","1945161693","1.16071"
"1945161693","1019987293","1.16071"
"1019987293","2116668001","1.16071"
"2116668001","1019987293","1.16071"
"1019987293","279934077","1.16071"
"279934077","1019987293","1.16071"
"1019987293","944158140","8.51786"
"944158140","1019987293","8.51786"
"1528826940","1898875461","12.6036"
"1898875461","1528826940","12.6036"
"1528826940","1904004549","11.2036"
"1904004549","1528826940","11.2036"
"1528826940","1945161693","2.1369"
"1945161693","1528826940","2.1369"
"1528826940","2116668001","12.9369"
"2116668001","1528826940","12.9369"
"1528826940","279934077","12.9369"
"279934077","1528826940","12.9369"
"1528826940","944158140","1.01786"
"944158140","1528826940","1.01786"
"1898875461","1904004549","11.2036"
"1904004549","1898875461","11.2036"
"1898875461","1945161693","1.30357"
"1945161693","1898875461","1.30357"
"1898875461","2116668001","14.6036"
"2116668001","1898875461","14.6036"
"1898875461","279934077","12.6036"
"279934077","1898875461","12.6036"
"1898875461","944158140","1.01786"
"944158140","1898875461","1.01786"
"1904004549","1945161693","1.30357"
"1945161693","1904004549","1.30357"
"1904004549","2116668001","11.2036"
"2116668001","1904004549","11.2036"
"1904004549","279934077","14.5369"
"279934077","1904004549","14.5369"
"1904004549","944158140","1.01786"
"944158140","1904004549","1.01786"
"1945161693","2116668001","1.30357"
"2116668001","1945161693","1.30357"
"1945161693","279934077","1.30357"
"279934077","1945161693","1.30357"
"1945161693","944158140","1.01786"
"944158140","1945161693","1.01786"
"2116668001","279934077","12.9369"
"279934077","2116668001","12.9369"
"2116668001","944158140","1.01786"
"944158140","2116668001","1.01786"
"279934077","944158140","1.01786"
"944158140","279934077","1.01786"
"1019987293","2128748108","6.33333"
"2128748108","1019987293","6.33333"
"1019987293","2152178857","2.3"
"2152178857","1019987293","2.3"
"1019987293","2201880842","13.6667"
"2201880842","1019987293","13.6667"
"1019987293","2286023707","3.66667"
"2286023707","1019987293","3.66667"
"1019987293","2307831576","4.83333"
"2307831576","1019987293","4.83333"
"2128748108","2152178857","2.3"
"2152178857","2128748108","2.3"
"2128748108","2201880842","3.66667"
"2201880842","2128748108","3.66667"
"2128748108","2286023707","3.66667"
"2286023707","2128748108","3.66667"
"2128748108","2307831576","4.66667"
"2307831576","2128748108","4.66667"
"2152178857","2201880842","1.96667"
"2201880842","2152178857","1.96667"
"2152178857","2286023707","1.96667"
"2286023707","2152178857","1.96667"
"2152178857","2307831576","2.3"
"2307831576","2152178857","2.3"
"2201880842","2286023707","16.3333"
"2286023707","2201880842","16.3333"
"2201880842","2307831576","5.33333"
"2307831576","2201880842","5.33333"
"2286023707","2307831576","6.83333"
"2307831576","2286023707","6.83333"
"1019987293","267883764","0.583333"
"267883764","1019987293","0.583333"
"2128748108","267883764","0.333333"
"267883764","2128748108","0.333333"
"2307831576","267883764","0.333333"
"267883764","2307831576","0.333333"
"1019987293","1033437021","1.25"
"1033437021","1019987293","1.25"
"1019987293","2269380392","1.75"
"2269380392","1019987293","1.75"
"1019987293","952244574","1.25"
"952244574","1019987293","1.25"
"1033437021","2269380392","1.75"
"2269380392","1033437021","1.75"
"1033437021","267883764","0.25"
"267883764","1033437021","0.25"
"1033437021","952244574","2.75"
"952244574","1033437021","2.75"
"2269380392","267883764","0.25"
"267883764","2269380392","0.25"
"2269380392","952244574","6.75"
"952244574","2269380392","6.75"
"267883764","952244574","0.25"
"952244574","267883764","0.25"
"1019987293","313575455","1.01786"
"313575455","1019987293","1.01786"
"1528826940","313575455","12.794"
"313575455","1528826940","12.794"
"1898875461","313575455","12.4607"
"313575455","1898875461","12.4607"
"1904004549","313575455","11.0607"
"313575455","1904004549","11.0607"
"1945161693","313575455","1.16071"
"313575455","1945161693","1.16071"
"2116668001","313575455","12.794"
"313575455","2116668001","12.794"
"279934077","313575455","12.794"
"313575455","279934077","12.794"
"313575455","944158140","0.875"
"944158140","313575455","0.875"
"2269380392","944158140","0.5"
"944158140","2269380392","0.5"
"1019987293","1522702145","0.366667"
"1522702145","1019987293","0.366667"
"1522702145","2128748108","0.366667"
"2128748108","1522702145","0.366667"
"1522702145","2201880842","4.53333"
"2201880842","1522702145","4.53333"
"1522702145","2286023707","9.53333"
"2286023707","1522702145","9.53333"
"1522702145","2307831576","10.5333"
"2307831576","1522702145","10.5333"
"1019987293","970143846","1"
"970143846","1019987293","1"
"1019987293","2243060339","1"
"2243060339","1019987293","1"
"2243060339","2269380392","1"
"2269380392","2243060339","1"
"2307831576","944158140","0.5"
"944158140","2307831576","0.5"
"1019987293","2117628044","0.5"
"2117628044","1019987293","0.5"
"2117628044","944158140","0.5"
"944158140","2117628044","0.5"
"1522702145","2152178857","0.166667"
"2152178857","1522702145","0.166667"
"1033437021","2286023707","1"
"2286023707","1033437021","1"
"119263320","1522702145","0.5"
"1522702145","119263320","0.5"
"119263320","2286023707","1.5"
"2286023707","119263320","1.5"
"119263320","2117628044","1"
"2117628044","119263320","1"
"119263320","1528826940","0.142857"
"1528826940","119263320","0.142857"
"119263320","1898875461","0.142857"
"1898875461","119263320","0.142857"
"119263320","1904004549","0.142857"
"1904004549","119263320","0.142857"
"119263320","1945161693","0.142857"
"1945161693","119263320","0.142857"
"119263320","2116668001","0.142857"
"2116668001","119263320","0.142857"
"119263320","279934077","0.142857"
"279934077","119263320","0.142857"
"119263320","313575455","0.142857"
"313575455","119263320","0.142857"
"1528826940","2117628044","1.73333"
"2117628044","1528826940","1.73333"
"1898875461","2117628044","1.73333"
"2117628044","1898875461","1.73333"
"1904004549","2117628044","4.66667"
"2117628044","1904004549","4.66667"
"2116668001","2117628044","2.23333"
"2117628044","2116668001","2.23333"
"2117628044","279934077","3.56667"
"279934077","2117628044","3.56667"
"2117628044","313575455","1.73333"
"313575455","2117628044","1.73333"
"1528826940","2307831576","0.833333"
"2307831576","1528826940","0.833333"
"1945161693","2307831576","0.833333"
"2307831576","1945161693","0.833333"
"1528826940","2308839215","0.166667"
"2308839215","1528826940","0.166667"
"1898875461","2308839215","0.166667"
"2308839215","1898875461","0.166667"
"1904004549","2308839215","0.166667"
"2308839215","1904004549","0.166667"
"2116668001","2308839215","0.166667"
"2308839215","2116668001","0.166667"
"2308839215","279934077","0.166667"
"279934077","2308839215","0.166667"
"2308839215","313575455","0.166667"
"313575455","2308839215","0.166667"
"1528826940","2128748108","0.333333"
"2128748108","1528826940","0.333333"
"1945161693","2128748108","0.333333"
"2128748108","1945161693","0.333333"
"1897739272","2117628044","13"
"2117628044","1897739272","13"
"1897739272","2116668001","0.5"
"2116668001","1897739272","0.5"
"1897739272","279934077","0.5"
"279934077","1897739272","0.5"
"1904004549","2201880842","0.333333"
"2201880842","1904004549","0.333333"
"2117628044","2201880842","0.833333"
"2201880842","2117628044","0.833333"
"2201880842","279934077","0.333333"
"279934077","2201880842","0.333333"
"1945161693","2117628044","1"
"2117628044","1945161693","1"
"2117628044","2286023707","0.5"
"2286023707","2117628044","0.5"
