"102536876","1590360882","1.7"
"1590360882","102536876","1.7"
"102536876","1971864291","3.41667"
"1971864291","102536876","3.41667"
"102536876","1992752048","1.81667"
"1992752048","102536876","1.81667"
"102536876","2113056857","1.7"
"2113056857","102536876","1.7"
"102536876","2653473023","5.3"
"2653473023","102536876","5.3"
"1590360882","1971864291","4.30119"
"1971864291","1590360882","4.30119"
"1590360882","1992752048","0.533333"
"1992752048","1590360882","0.533333"
"1590360882","2113056857","12.5833"
"2113056857","1590360882","12.5833"
"1590360882","2653473023","0.825"
"2653473023","1590360882","0.825"
"1971864291","1992752048","7.2"
"1992752048","1971864291","7.2"
"1971864291","2113056857","27.6429"
"2113056857","1971864291","27.6429"
"1971864291","2653473023","8.49405"
"2653473023","1971864291","8.49405"
"1992752048","2113056857","2.25952"
"2113056857","1992752048","2.25952"
"1992752048","2653473023","4.72619"
"2653473023","1992752048","4.72619"
"2113056857","2653473023","15.6929"
"2653473023","2113056857","15.6929"
"102536876","2014846787","1.13333"
"2014846787","102536876","1.13333"
"102536876","2067481201","8.07424"
"2067481201","102536876","8.07424"
"1971864291","2014846787","3.77619"
"2014846787","1971864291","3.77619"
"1971864291","2067481201","30.7798"
"2067481201","1971864291","30.7798"
"2014846787","2067481201","11.1171"
"2067481201","2014846787","11.1171"
"102536876","1835623796","0.2"
"1835623796","102536876","0.2"
"102536876","2048715330","2.96667"
"2048715330","102536876","2.96667"
"1835623796","1971864291","3.63333"
"1971864291","1835623796","3.63333"
"1835623796","1992752048","0.2"
"1992752048","1835623796","0.2"
"1835623796","2048715330","0.766667"
"2048715330","1835623796","0.766667"
"1835623796","2067481201","3.48333"
"2067481201","1835623796","3.48333"
"1971864291","2048715330","9.82619"
"2048715330","1971864291","9.82619"
"1992752048","2048715330","3.42619"
"2048715330","1992752048","3.42619"
"1992752048","2067481201","3.90952"
"2067481201","1992752048","3.90952"
"2048715330","2067481201","26.094"
"2067481201","2048715330","26.094"
"102536876","2000616942","1.98333"
"2000616942","102536876","1.98333"
"102536876","2015516856","1.33333"
"2015516856","102536876","1.33333"
"2015516856","2113056857","2.15"
"2113056857","2015516856","2.15"
"102536876","2081284314","1.95"
"2081284314","102536876","1.95"
"2014846787","2081284314","2.11667"
"2081284314","2014846787","2.11667"
"2067481201","2081284314","10.4417"
"2081284314","2067481201","10.4417"
"102536876","2057647741","2.45"
"2057647741","102536876","2.45"
"2057647741","2067481201","24.3357"
"2067481201","2057647741","24.3357"
"2057647741","2653473023","75.444"
"2653473023","2057647741","75.444"
"2067481201","2653473023","45.8778"
"2653473023","2067481201","45.8778"
"102536876","2081832566","0.2"
"2081832566","102536876","0.2"
"1992752048","2000616942","0.842857"
"2000616942","1992752048","0.842857"
"1992752048","2081832566","0.283333"
"2081832566","1992752048","0.283333"
"2000616942","2067481201","24.619"
"2067481201","2000616942","24.619"
"2000616942","2081832566","1.53333"
"2081832566","2000616942","1.53333"
"2000616942","2653473023","6.29286"
"2653473023","2000616942","6.29286"
"2067481201","2081832566","4.92619"
"2081832566","2067481201","4.92619"
"2081832566","2653473023","0.842857"
"2653473023","2081832566","0.842857"
"102536876","10817470","0.0909091"
"10817470","102536876","0.0909091"
"102536876","1518738965","0.0909091"
"1518738965","102536876","0.0909091"
"102536876","1531918044","0.424242"
"1531918044","102536876","0.424242"
"102536876","1539870105","0.0909091"
"1539870105","102536876","0.0909091"
"102536876","1577743175","0.0909091"
"1577743175","102536876","0.0909091"
"102536876","1986739594","0.0909091"
"1986739594","102536876","0.0909091"
"102536876","1992732065","0.0909091"
"1992732065","102536876","0.0909091"
"102536876","2000290232","0.257576"
"2000290232","102536876","0.257576"
"102536876","2155643890","0.0909091"
"2155643890","102536876","0.0909091"
"102536876","80630407","0.0909091"
"80630407","102536876","0.0909091"
"10817470","1518738965","0.181818"
"1518738965","10817470","0.181818"
"10817470","1531918044","3.79293"
"1531918044","10817470","3.79293"
"10817470","1539870105","0.20202"
"1539870105","10817470","0.20202"
"10817470","1577743175","0.0909091"
"1577743175","10817470","0.0909091"
"10817470","1986739594","0.368687"
"1986739594","10817470","0.368687"
"10817470","1992732065","0.435786"
"1992732065","10817470","0.435786"
"10817470","2000290232","0.792929"
"2000290232","10817470","0.792929"
"10817470","2067481201","1.68579"
"2067481201","10817470","1.68579"
"10817470","2155643890","0.20202"
"2155643890","10817470","0.20202"
"10817470","80630407","11.8449"
"80630407","10817470","11.8449"
"1518738965","1531918044","0.431818"
"1531918044","1518738965","0.431818"
"1518738965","1539870105","0.0909091"
"1539870105","1518738965","0.0909091"
"1518738965","1577743175","0.590909"
"1577743175","1518738965","0.590909"
"1518738965","1986739594","0.840909"
"1986739594","1518738965","0.840909"
"1518738965","1992732065","0.431818"
"1992732065","1518738965","0.431818"
"1518738965","2000290232","0.765152"
"2000290232","1518738965","0.765152"
"1518738965","2067481201","0.681818"
"2067481201","1518738965","0.681818"
"1518738965","2155643890","0.340909"
"2155643890","1518738965","0.340909"
"1518738965","80630407","0.0909091"
"80630407","1518738965","0.0909091"
"1531918044","1539870105","1.34488"
"1539870105","1531918044","1.34488"
"1531918044","1577743175","3.45758"
"1577743175","1531918044","3.45758"
"1531918044","1986739594","5.28535"
"1986739594","1531918044","5.28535"
"1531918044","1992732065","6.42745"
"1992732065","1531918044","6.42745"
"1531918044","2000290232","4.53698"
"2000290232","1531918044","4.53698"
"1531918044","2067481201","10.6691"
"2067481201","1531918044","10.6691"
"1531918044","2155643890","1.71988"
"2155643890","1531918044","1.71988"
"1531918044","80630407","2.71035"
"80630407","1531918044","2.71035"
"1539870105","1577743175","0.424242"
"1577743175","1539870105","0.424242"
"1539870105","1986739594","0.20202"
"1986739594","1539870105","0.20202"
"1539870105","1992732065","0.344877"
"1992732065","1539870105","0.344877"
"1539870105","2000290232","0.344877"
"2000290232","1539870105","0.344877"
"1539870105","2067481201","0.20202"
"2067481201","1539870105","0.20202"
"1539870105","2155643890","0.344877"
"2155643890","1539870105","0.344877"
"1539870105","80630407","0.535354"
"80630407","1539870105","0.535354"
"1577743175","1986739594","3.32424"
"1986739594","1577743175","3.32424"
"1577743175","1992732065","2.73377"
"1992732065","1577743175","2.73377"
"1577743175","2000290232","1.67424"
"2000290232","1577743175","1.67424"
"1577743175","2067481201","2.73377"
"2067481201","1577743175","2.73377"
"1577743175","2155643890","1.09091"
"2155643890","1577743175","1.09091"
"1577743175","80630407","1.29091"
"80630407","1577743175","1.29091"
"1986739594","1992732065","1.48535"
"1992732065","1986739594","1.48535"
"1986739594","2000290232","0.743687"
"2000290232","1986739594","0.743687"
"1986739594","2067481201","3.82821"
"2067481201","1986739594","3.82821"
"1986739594","2155643890","0.594877"
"2155643890","1986739594","0.594877"
"1986739594","80630407","1.32702"
"80630407","1986739594","1.32702"
"1992732065","2000290232","4.08579"
"2000290232","1992732065","4.08579"
"1992732065","2067481201","6.48817"
"2067481201","1992732065","6.48817"
"1992732065","2155643890","0.469877"
"2155643890","1992732065","0.469877"
"1992732065","80630407","0.761544"
"80630407","1992732065","0.761544"
"2000290232","2067481201","4.12745"
"2067481201","2000290232","4.12745"
"2000290232","2155643890","3.59488"
"2155643890","2000290232","3.59488"
"2000290232","80630407","1.07702"
"80630407","2000290232","1.07702"
"2067481201","2155643890","0.594877"
"2155643890","2067481201","0.594877"
"2067481201","80630407","10.2199"
"80630407","2067481201","10.2199"
"2155643890","80630407","0.20202"
"80630407","2155643890","0.20202"
"102536876","2049202698","5.43333"
"2049202698","102536876","5.43333"
"102536876","2054736275","0.766667"
"2054736275","102536876","0.766667"
"102536876","2095171371","1.28333"
"2095171371","102536876","1.28333"
"2015516856","2054736275","0.25"
"2054736275","2015516856","0.25"
"2015516856","2067481201","2.90758"
"2067481201","2015516856","2.90758"
"2015516856","2095171371","0.25"
"2095171371","2015516856","0.25"
"2054736275","2067481201","10.9929"
"2067481201","2054736275","10.9929"
"2054736275","2095171371","0.916667"
"2095171371","2054736275","0.916667"
"2067481201","2095171371","12.6833"
"2095171371","2067481201","12.6833"
"2057647741","2081284314","3.58333"
"2081284314","2057647741","3.58333"
"2057647741","2095171371","1.73333"
"2095171371","2057647741","1.73333"
"2081284314","2095171371","0.904762"
"2095171371","2081284314","0.904762"
"2081284314","2653473023","6.44167"
"2653473023","2081284314","6.44167"
"2095171371","2653473023","4.56667"
"2653473023","2095171371","4.56667"
"2048715330","2054736275","1.225"
"2054736275","2048715330","1.225"
"2048715330","2057647741","3.36667"
"2057647741","2048715330","3.36667"
"2048715330","2095171371","2.78333"
"2095171371","2048715330","2.78333"
"2048715330","2653473023","7.08452"
"2653473023","2048715330","7.08452"
"2054736275","2057647741","3.61667"
"2057647741","2054736275","3.61667"
"2054736275","2653473023","8.575"
"2653473023","2054736275","8.575"
"1992752048","2057647741","0.95"
"2057647741","1992752048","0.95"
"2000616942","2015516856","3.83333"
"2015516856","2000616942","3.83333"
"1992752048","2014846787","0.633333"
"2014846787","1992752048","0.633333"
"1992752048","2081284314","0.4"
"2081284314","1992752048","0.4"
"2014846787","2653473023","6.57424"
"2653473023","2014846787","6.57424"
"1992752048","2095171371","3.11667"
"2095171371","1992752048","3.11667"
"2000616942","2057647741","1.53333"
"2057647741","2000616942","1.53333"
"2000616942","2095171371","4.35476"
"2095171371","2000616942","4.35476"
"102536876","1979795383","0.85"
"1979795383","102536876","0.85"
"102536876","2095303876","0.266667"
"2095303876","102536876","0.266667"
"102536876","2102023823","0.1"
"2102023823","102536876","0.1"
"1971864291","1979795383","16.869"
"1979795383","1971864291","16.869"
"1971864291","2049202698","3.23095"
"2049202698","1971864291","3.23095"
"1971864291","2054736275","2.48452"
"2054736275","1971864291","2.48452"
"1971864291","2095303876","2.94524"
"2095303876","1971864291","2.94524"
"1971864291","2102023823","3.29286"
"2102023823","1971864291","3.29286"
"1979795383","1992752048","0.32619"
"1992752048","1979795383","0.32619"
"1979795383","2014846787","0.1"
"2014846787","1979795383","0.1"
"1979795383","2048715330","1.49286"
"2048715330","1979795383","1.49286"
"1979795383","2049202698","0.35"
"2049202698","1979795383","0.35"
"1979795383","2054736275","1.1"
"2054736275","1979795383","1.1"
"1979795383","2067481201","12.569"
"2067481201","1979795383","12.569"
"1979795383","2095303876","0.385714"
"2095303876","1979795383","0.385714"
"1979795383","2102023823","2.00952"
"2102023823","1979795383","2.00952"
"1992752048","2049202698","0.1"
"2049202698","1992752048","0.1"
"1992752048","2054736275","0.6"
"2054736275","1992752048","0.6"
"1992752048","2095303876","0.57619"
"2095303876","1992752048","0.57619"
"1992752048","2102023823","1.1"
"2102023823","1992752048","1.1"
"2014846787","2048715330","0.85"
"2048715330","2014846787","0.85"
"2014846787","2049202698","0.242857"
"2049202698","2014846787","0.242857"
"2014846787","2054736275","2.57619"
"2054736275","2014846787","2.57619"
"2014846787","2095303876","0.742857"
"2095303876","2014846787","0.742857"
"2014846787","2102023823","0.3"
"2102023823","2014846787","0.3"
"2048715330","2049202698","2.39167"
"2049202698","2048715330","2.39167"
"2048715330","2095303876","3.05238"
"2095303876","2048715330","3.05238"
"2048715330","2102023823","0.466667"
"2102023823","2048715330","0.466667"
"2049202698","2054736275","0.367857"
"2054736275","2049202698","0.367857"
"2049202698","2067481201","7.11786"
"2067481201","2049202698","7.11786"
"2049202698","2095303876","0.242857"
"2095303876","2049202698","0.242857"
"2049202698","2102023823","0.6"
"2102023823","2049202698","0.6"
"2054736275","2095303876","0.57619"
"2095303876","2054736275","0.57619"
"2054736275","2102023823","0.683333"
"2102023823","2054736275","0.683333"
"2067481201","2095303876","4.8381"
"2095303876","2067481201","4.8381"
"2067481201","2102023823","5.5"
"2102023823","2067481201","5.5"
"2095303876","2102023823","0.1"
"2102023823","2095303876","0.1"
"1531918044","1971864291","19.9762"
"1971864291","1531918044","19.9762"
"1531918044","2113056857","6.71667"
"2113056857","1531918044","6.71667"
"1979795383","2113056857","5.51905"
"2113056857","1979795383","5.51905"
"102536876","2166093864","0.166667"
"2166093864","102536876","0.166667"
"2000290232","2014846787","0.257576"
"2014846787","2000290232","0.257576"
"2000290232","2081284314","0.166667"
"2081284314","2000290232","0.166667"
"2000290232","2095303876","1.16667"
"2095303876","2000290232","1.16667"
"2000290232","2113056857","4.08333"
"2113056857","2000290232","4.08333"
"2000290232","2166093864","1.00758"
"2166093864","2000290232","1.00758"
"2014846787","2113056857","3.2"
"2113056857","2014846787","3.2"
"2014846787","2166093864","0.924242"
"2166093864","2014846787","0.924242"
"2081284314","2095303876","0.166667"
"2095303876","2081284314","0.166667"
"2081284314","2113056857","1.66667"
"2113056857","2081284314","1.66667"
"2081284314","2166093864","0.166667"
"2166093864","2081284314","0.166667"
"2095303876","2113056857","0.309524"
"2113056857","2095303876","0.309524"
"2095303876","2166093864","0.166667"
"2166093864","2095303876","0.166667"
"2113056857","2166093864","2.6"
"2166093864","2113056857","2.6"
"1971864291","2081284314","3.02143"
"2081284314","1971864291","3.02143"
"1971864291","2015516856","5.98333"
"2015516856","1971864291","5.98333"
"1979795383","2015516856","1.83333"
"2015516856","1979795383","1.83333"
"102536876","2004851292","0.5"
"2004851292","102536876","0.5"
"2004851292","2081284314","1.125"
"2081284314","2004851292","1.125"
"103774965","2000616942","0.5"
"2000616942","103774965","0.5"
"103774965","2015516856","1"
"2015516856","103774965","1"
"103774965","1539870105","0.333333"
"1539870105","103774965","0.333333"
"103774965","1577743175","0.666667"
"1577743175","103774965","0.666667"
"103774965","80630407","2.16667"
"80630407","103774965","2.16667"
"103774965","1531918044","0.333333"
"1531918044","103774965","0.333333"
"103774965","1590360882","0.0833333"
"1590360882","103774965","0.0833333"
"103774965","1971864291","0.0833333"
"1971864291","103774965","0.0833333"
"103774965","1979795383","0.0833333"
"1979795383","103774965","0.0833333"
"103774965","2004851292","0.0833333"
"2004851292","103774965","0.0833333"
"103774965","2048715330","0.0833333"
"2048715330","103774965","0.0833333"
"103774965","2057647741","0.0833333"
"2057647741","103774965","0.0833333"
"103774965","2067481201","0.583333"
"2067481201","103774965","0.583333"
"103774965","2095171371","0.0833333"
"2095171371","103774965","0.0833333"
"103774965","2653473023","0.0833333"
"2653473023","103774965","0.0833333"
"1531918044","1590360882","4.56786"
"1590360882","1531918044","4.56786"
"1531918044","1979795383","2.43333"
"1979795383","1531918044","2.43333"
"1531918044","2004851292","9.78377"
"2004851292","1531918044","9.78377"
"1531918044","2048715330","4.29167"
"2048715330","1531918044","4.29167"
"1531918044","2057647741","0.741667"
"2057647741","1531918044","0.741667"
"1531918044","2095171371","1.36667"
"2095171371","1531918044","1.36667"
"1531918044","2653473023","3.87424"
"2653473023","1531918044","3.87424"
"1577743175","1590360882","1.5"
"1590360882","1577743175","1.5"
"1577743175","1971864291","8.00952"
"1971864291","1577743175","8.00952"
"1577743175","1979795383","1.25"
"1979795383","1577743175","1.25"
"1577743175","2004851292","2.95"
"2004851292","1577743175","2.95"
"1577743175","2048715330","2.05952"
"2048715330","1577743175","2.05952"
"1577743175","2057647741","0.95"
"2057647741","1577743175","0.95"
"1577743175","2095171371","0.0833333"
"2095171371","1577743175","0.0833333"
"1577743175","2653473023","0.95"
"2653473023","1577743175","0.95"
"1590360882","1979795383","0.183333"
"1979795383","1590360882","0.183333"
"1590360882","2004851292","3.3"
"2004851292","1590360882","3.3"
"1590360882","2048715330","1.18333"
"2048715330","1590360882","1.18333"
"1590360882","2057647741","1.45833"
"2057647741","1590360882","1.45833"
"1590360882","2067481201","2.05"
"2067481201","1590360882","2.05"
"1590360882","2095171371","0.0833333"
"2095171371","1590360882","0.0833333"
"1590360882","80630407","0.333333"
"80630407","1590360882","0.333333"
"1971864291","2004851292","14.6845"
"2004851292","1971864291","14.6845"
"1971864291","2057647741","4.72738"
"2057647741","1971864291","4.72738"
"1971864291","2095171371","2.57143"
"2095171371","1971864291","2.57143"
"1971864291","80630407","2.36786"
"80630407","1971864291","2.36786"
"1979795383","2004851292","4.38333"
"2004851292","1979795383","4.38333"
"1979795383","2057647741","0.892857"
"2057647741","1979795383","0.892857"
"1979795383","2095171371","0.416667"
"2095171371","1979795383","0.416667"
"1979795383","2653473023","1.28571"
"2653473023","1979795383","1.28571"
"1979795383","80630407","1.21667"
"80630407","1979795383","1.21667"
"2004851292","2048715330","3.84167"
"2048715330","2004851292","3.84167"
"2004851292","2057647741","2.00952"
"2057647741","2004851292","2.00952"
"2004851292","2067481201","9.04329"
"2067481201","2004851292","9.04329"
"2004851292","2095171371","0.416667"
"2095171371","2004851292","0.416667"
"2004851292","2653473023","7.1421"
"2653473023","2004851292","7.1421"
"2004851292","80630407","1.01786"
"80630407","2004851292","1.01786"
"2048715330","80630407","1.2"
"80630407","2048715330","1.2"
"2057647741","80630407","0.22619"
"80630407","2057647741","0.22619"
"2095171371","80630407","0.7"
"80630407","2095171371","0.7"
"2653473023","80630407","0.392857"
"80630407","2653473023","0.392857"
"103774965","2125317812","0.25"
"2125317812","103774965","0.25"
"1531918044","2125317812","3.59167"
"2125317812","1531918044","3.59167"
"1577743175","2125317812","0.616667"
"2125317812","1577743175","0.616667"
"2125317812","80630407","0.9"
"80630407","2125317812","0.9"
"103774965","10817470","0.5"
"10817470","103774965","0.5"
"105526681","2015516856","0.5"
"2015516856","105526681","0.5"
"105526681","2084749812","0.5"
"2084749812","105526681","0.5"
"2015516856","2084749812","0.5"
"2084749812","2015516856","0.5"
"10817470","1971864291","2.14286"
"1971864291","10817470","2.14286"
"10817470","2113056857","0.916667"
"2113056857","10817470","0.916667"
"2113056857","80630407","2.21667"
"80630407","2113056857","2.21667"
"10817470","2004851292","0.233766"
"2004851292","10817470","0.233766"
"10817470","2057647741","0.142857"
"2057647741","10817470","0.142857"
"10817470","2653473023","0.233766"
"2653473023","10817470","0.233766"
"1971864291","1992732065","9.26309"
"1992732065","1971864291","9.26309"
"1992732065","2004851292","7.13377"
"2004851292","1992732065","7.13377"
"1992732065","2057647741","2.11071"
"2057647741","1992732065","2.11071"
"1992732065","2653473023","5.28496"
"2653473023","1992732065","5.28496"
"10817470","1590360882","0.25"
"1590360882","10817470","0.25"
"10817470","2000616942","0.5"
"2000616942","10817470","0.5"
"1590360882","2000616942","2.16667"
"2000616942","1590360882","2.16667"
"2000616942","2113056857","6.64286"
"2113056857","2000616942","6.64286"
"2000616942","80630407","1.45"
"80630407","2000616942","1.45"
"10817470","2030738730","0.111111"
"2030738730","10817470","0.111111"
"1531918044","2030738730","2.42063"
"2030738730","1531918044","2.42063"
"1539870105","2030738730","0.253968"
"2030738730","1539870105","0.253968"
"1986739594","2030738730","0.111111"
"2030738730","1986739594","0.111111"
"1992732065","2030738730","0.587302"
"2030738730","1992732065","0.587302"
"2000290232","2030738730","0.253968"
"2030738730","2000290232","0.253968"
"2030738730","2067481201","1.52778"
"2067481201","2030738730","1.52778"
"2030738730","2155643890","0.670635"
"2155643890","2030738730","0.670635"
"2030738730","80630407","0.277778"
"80630407","2030738730","0.277778"
"10817470","2153471319","0.166667"
"2153471319","10817470","0.166667"
"10817470","2166093864","0.257576"
"2166093864","10817470","0.257576"
"1531918044","2153471319","4.13333"
"2153471319","1531918044","4.13333"
"1531918044","2166093864","2.44091"
"2166093864","1531918044","2.44091"
"1986739594","2113056857","0.9"
"2113056857","1986739594","0.9"
"1986739594","2153471319","0.633333"
"2153471319","1986739594","0.633333"
"1986739594","2166093864","1.01667"
"2166093864","1986739594","1.01667"
"2113056857","2153471319","5.21667"
"2153471319","2113056857","5.21667"
"2153471319","2166093864","0.25"
"2166093864","2153471319","0.25"
"2153471319","80630407","0.466667"
"80630407","2153471319","0.466667"
"2166093864","80630407","1.25"
"80630407","2166093864","1.25"
"10817470","2095171371","0.25"
"2095171371","10817470","0.25"
"10817470","2048715330","0.333333"
"2048715330","10817470","0.333333"
"10817470","2014846787","0.0909091"
"2014846787","10817470","0.0909091"
"10817470","2015516856","0.0909091"
"2015516856","10817470","0.0909091"
"10817470","2111216087","0.0909091"
"2111216087","10817470","0.0909091"
"1518738965","2004851292","0.924242"
"2004851292","1518738965","0.924242"
"1518738965","2014846787","0.0909091"
"2014846787","1518738965","0.0909091"
"1518738965","2015516856","0.0909091"
"2015516856","1518738965","0.0909091"
"1518738965","2111216087","0.0909091"
"2111216087","1518738965","0.0909091"
"1518738965","2166093864","0.424242"
"2166093864","1518738965","0.424242"
"1518738965","2653473023","0.340909"
"2653473023","1518738965","0.340909"
"1531918044","2014846787","2.09091"
"2014846787","1531918044","2.09091"
"1531918044","2015516856","0.0909091"
"2015516856","1531918044","0.0909091"
"1531918044","2111216087","1.12424"
"2111216087","1531918044","1.12424"
"1992732065","2014846787","0.0909091"
"2014846787","1992732065","0.0909091"
"1992732065","2015516856","0.0909091"
"2015516856","1992732065","0.0909091"
"1992732065","2111216087","0.257576"
"2111216087","1992732065","0.257576"
"1992732065","2166093864","0.0909091"
"2166093864","1992732065","0.0909091"
"2000290232","2004851292","3.22543"
"2004851292","2000290232","3.22543"
"2000290232","2015516856","0.424242"
"2015516856","2000290232","0.424242"
"2000290232","2111216087","0.0909091"
"2111216087","2000290232","0.0909091"
"2000290232","2653473023","0.790909"
"2653473023","2000290232","0.790909"
"2004851292","2014846787","0.0909091"
"2014846787","2004851292","0.0909091"
"2004851292","2015516856","0.0909091"
"2015516856","2004851292","0.0909091"
"2004851292","2111216087","0.0909091"
"2111216087","2004851292","0.0909091"
"2004851292","2166093864","1.60758"
"2166093864","2004851292","1.60758"
"2014846787","2015516856","0.340909"
"2015516856","2014846787","0.340909"
"2014846787","2111216087","0.0909091"
"2111216087","2014846787","0.0909091"
"2015516856","2111216087","0.0909091"
"2111216087","2015516856","0.0909091"
"2015516856","2166093864","0.0909091"
"2166093864","2015516856","0.0909091"
"2015516856","2653473023","1.12424"
"2653473023","2015516856","1.12424"
"2067481201","2111216087","5.54091"
"2111216087","2067481201","5.54091"
"2067481201","2166093864","2.52424"
"2166093864","2067481201","2.52424"
"2111216087","2166093864","0.0909091"
"2166093864","2111216087","0.0909091"
"2111216087","2653473023","0.590909"
"2653473023","2111216087","0.590909"
"2166093864","2653473023","0.257576"
"2653473023","2166093864","0.257576"
"132565862","1531918044","0.366667"
"1531918044","132565862","0.366667"
"132565862","1979795383","0.366667"
"1979795383","132565862","0.366667"
"132565862","1986739594","0.366667"
"1986739594","132565862","0.366667"
"132565862","2102023823","0.366667"
"2102023823","132565862","0.366667"
"132565862","2125317812","0.366667"
"2125317812","132565862","0.366667"
"1531918044","2102023823","1.45"
"2102023823","1531918044","1.45"
"1979795383","1986739594","1.1"
"1986739594","1979795383","1.1"
"1979795383","2125317812","1.75"
"2125317812","1979795383","1.75"
"1986739594","2102023823","1.11667"
"2102023823","1986739594","1.11667"
"1986739594","2125317812","2.16667"
"2125317812","1986739594","2.16667"
"2102023823","2125317812","4.93333"
"2125317812","2102023823","4.93333"
"132565862","1577743175","0.166667"
"1577743175","132565862","0.166667"
"1577743175","2102023823","0.416667"
"2102023823","1577743175","0.416667"
"1492100919","2337004731","3"
"2337004731","1492100919","3"
"1518738965","1971864291","1"
"1971864291","1518738965","1"
"1518738965","2113056857","0.25"
"2113056857","1518738965","0.25"
"1992732065","2113056857","6.68333"
"2113056857","1992732065","6.68333"
"2067481201","2113056857","12.1429"
"2113056857","2067481201","12.1429"
"1518738965","2233272635","0.5"
"2233272635","1518738965","0.5"
"1971864291","2233272635","1.5"
"2233272635","1971864291","1.5"
"1518738965","2000616942","1.25"
"2000616942","1518738965","1.25"
"1518738965","2057647741","0.25"
"2057647741","1518738965","0.25"
"1518738965","1964930029","0.25"
"1964930029","1518738965","0.25"
"1531918044","1964930029","2.5"
"1964930029","1531918044","2.5"
"1964930029","1986739594","0.5"
"1986739594","1964930029","0.5"
"1964930029","2155643890","0.25"
"2155643890","1964930029","0.25"
"1531918044","1835623796","1.65"
"1835623796","1531918044","1.65"
"1590360882","1835623796","0.2"
"1835623796","1590360882","0.2"
"1590360882","2153471319","2.78333"
"2153471319","1590360882","2.78333"
"1835623796","2113056857","0.366667"
"2113056857","1835623796","0.366667"
"1835623796","2153471319","0.2"
"2153471319","1835623796","0.2"
"1971864291","2153471319","2.81667"
"2153471319","1971864291","2.81667"
"2095171371","2111216087","1.11667"
"2111216087","2095171371","1.11667"
"2095171371","2113056857","0.783333"
"2113056857","2095171371","0.783333"
"2111216087","2113056857","1.61667"
"2113056857","2111216087","1.61667"
"2111216087","80630407","1.28333"
"80630407","2111216087","1.28333"
"1531918044","2129688845","0.5"
"2129688845","1531918044","0.5"
"2129688845","2166093864","0.5"
"2166093864","2129688845","0.5"
"1531918044","2132496728","0.5"
"2132496728","1531918044","0.5"
"1531918044","2155018912","5"
"2155018912","1531918044","5"
"1971864291","2132496728","0.5"
"2132496728","1971864291","0.5"
"1971864291","2155018912","0.5"
"2155018912","1971864291","0.5"
"2113056857","2132496728","0.25"
"2132496728","2113056857","0.25"
"2113056857","2155018912","0.25"
"2155018912","2113056857","0.25"
"2132496728","2155018912","2.83333"
"2155018912","2132496728","2.83333"
"1531918044","1590026725","0.909524"
"1590026725","1531918044","0.909524"
"1531918044","2004136730","0.166667"
"2004136730","1531918044","0.166667"
"1531918044","2035786766","0.642857"
"2035786766","1531918044","0.642857"
"1531918044","2059471791","0.166667"
"2059471791","1531918044","0.166667"
"1590026725","1986739594","0.266667"
"1986739594","1590026725","0.266667"
"1590026725","2004136730","0.166667"
"2004136730","1590026725","0.166667"
"1590026725","2035786766","5.72619"
"2035786766","1590026725","5.72619"
"1590026725","2059471791","0.75"
"2059471791","1590026725","0.75"
"1590026725","2153471319","7.76667"
"2153471319","1590026725","7.76667"
"1986739594","2004136730","0.166667"
"2004136730","1986739594","0.166667"
"1986739594","2035786766","0.166667"
"2035786766","1986739594","0.166667"
"1986739594","2059471791","0.5"
"2059471791","1986739594","0.5"
"2004136730","2035786766","0.166667"
"2035786766","2004136730","0.166667"
"2004136730","2059471791","0.166667"
"2059471791","2004136730","0.166667"
"2004136730","2153471319","0.166667"
"2153471319","2004136730","0.166667"
"2035786766","2059471791","2.25"
"2059471791","2035786766","2.25"
"2035786766","2153471319","1.75"
"2153471319","2035786766","1.75"
"2059471791","2153471319","0.166667"
"2153471319","2059471791","0.166667"
"1531918044","1551792408","2.5"
"1551792408","1531918044","2.5"
"1531918044","1938372097","0.5"
"1938372097","1531918044","0.5"
"1531918044","990430764","0.5"
"990430764","1531918044","0.5"
"1938372097","990430764","8.5"
"990430764","1938372097","8.5"
"1577743175","1964930029","0.25"
"1964930029","1577743175","0.25"
"1964930029","2067481201","0.25"
"2067481201","1964930029","0.25"
"1531918044","171028393","0.666667"
"171028393","1531918044","0.666667"
"1577743175","171028393","0.75"
"171028393","1577743175","0.75"
"171028393","1992732065","0.166667"
"1992732065","171028393","0.166667"
"171028393","2004851292","0.416667"
"2004851292","171028393","0.416667"
"171028393","2057647741","0.166667"
"2057647741","171028393","0.166667"
"171028393","2653473023","0.166667"
"2653473023","171028393","0.166667"
"1577743175","2113056857","2.75"
"2113056857","1577743175","2.75"
"2004851292","2030738730","1.41667"
"2030738730","2004851292","1.41667"
"2030738730","2166093864","0.416667"
"2166093864","2030738730","0.416667"
"1531918044","2000616942","2.08333"
"2000616942","1531918044","2.08333"
"1979795383","2000616942","2.67619"
"2000616942","1979795383","2.67619"
"2000616942","2004851292","4.11667"
"2004851292","2000616942","4.11667"
"2004851292","2102023823","2.03333"
"2102023823","2004851292","2.03333"
"2102023823","2653473023","0.7"
"2653473023","2102023823","0.7"
"1971864291","2166093864","1.85"
"2166093864","1971864291","1.85"
"1979795383","2166093864","0.35"
"2166093864","1979795383","0.35"
"2004851292","2113056857","6.71667"
"2113056857","2004851292","6.71667"
"2048715330","2113056857","9.95952"
"2113056857","2048715330","9.95952"
"2048715330","2166093864","0.516667"
"2166093864","2048715330","0.516667"
"1539870105","1590360882","0.142857"
"1590360882","1539870105","0.142857"
"1539870105","1971864291","0.142857"
"1971864291","1539870105","0.142857"
"1590360882","1992732065","0.634524"
"1992732065","1590360882","0.634524"
"1590360882","2000290232","2.84286"
"2000290232","1590360882","2.84286"
"1590360882","2030738730","0.142857"
"2030738730","1590360882","0.142857"
"1590360882","2155643890","0.934524"
"2155643890","1590360882","0.934524"
"1971864291","2000290232","15.8845"
"2000290232","1971864291","15.8845"
"1971864291","2030738730","2.78095"
"2030738730","1971864291","2.78095"
"1971864291","2155643890","4.82738"
"2155643890","1971864291","4.82738"
"1531918044","2103064203","1.43333"
"2103064203","1531918044","1.43333"
"1531918044","2106125778","0.35"
"2106125778","1531918044","0.35"
"1531918044","2623452873","0.1"
"2623452873","1531918044","0.1"
"1590026725","1979795383","0.1"
"1979795383","1590026725","0.1"
"1590026725","2067481201","0.242857"
"2067481201","1590026725","0.242857"
"1590026725","2103064203","0.1"
"2103064203","1590026725","0.1"
"1590026725","2106125778","0.1"
"2106125778","1590026725","0.1"
"1590026725","2113056857","0.266667"
"2113056857","1590026725","0.266667"
"1590026725","2623452873","0.1"
"2623452873","1590026725","0.1"
"1590026725","80630407","0.1"
"80630407","1590026725","0.1"
"1979795383","2103064203","0.183333"
"2103064203","1979795383","0.183333"
"1979795383","2106125778","0.242857"
"2106125778","1979795383","0.242857"
"1979795383","2153471319","0.183333"
"2153471319","1979795383","0.183333"
"1979795383","2623452873","0.1"
"2623452873","1979795383","0.1"
"1986739594","2103064203","0.1"
"2103064203","1986739594","0.1"
"1986739594","2106125778","0.1"
"2106125778","1986739594","0.1"
"1986739594","2623452873","0.1"
"2623452873","1986739594","0.1"
"2067481201","2103064203","0.183333"
"2103064203","2067481201","0.183333"
"2067481201","2106125778","1.1"
"2106125778","2067481201","1.1"
"2067481201","2153471319","0.183333"
"2153471319","2067481201","0.183333"
"2067481201","2623452873","0.242857"
"2623452873","2067481201","0.242857"
"2103064203","2106125778","2.1"
"2106125778","2103064203","2.1"
"2103064203","2113056857","0.683333"
"2113056857","2103064203","0.683333"
"2103064203","2153471319","0.183333"
"2153471319","2103064203","0.183333"
"2103064203","2623452873","0.1"
"2623452873","2103064203","0.1"
"2103064203","80630407","0.6"
"80630407","2103064203","0.6"
"2106125778","2113056857","1.74286"
"2113056857","2106125778","1.74286"
"2106125778","2153471319","0.1"
"2153471319","2106125778","0.1"
"2106125778","2623452873","0.1"
"2623452873","2106125778","0.1"
"2106125778","80630407","0.1"
"80630407","2106125778","0.1"
"2113056857","2623452873","0.1"
"2623452873","2113056857","0.1"
"2153471319","2623452873","0.1"
"2623452873","2153471319","0.1"
"2623452873","80630407","0.1"
"80630407","2623452873","0.1"
"2004851292","2155643890","1.08333"
"2155643890","2004851292","1.08333"
"1971864291","2000616942","11.731"
"2000616942","1971864291","11.731"
"2000616942","2132496728","0.25"
"2132496728","2000616942","0.25"
"2000616942","2155018912","0.25"
"2155018912","2000616942","0.25"
"1531918044","2154644815","2.08333"
"2154644815","1531918044","2.08333"
"1531918044","1994878915","0.72619"
"1994878915","1531918044","0.72619"
"1994878915","2111216087","1.08333"
"2111216087","1994878915","1.08333"
"1994878915","2153471319","1.08333"
"2153471319","1994878915","1.08333"
"2111216087","2153471319","1.08333"
"2153471319","2111216087","1.08333"
"1531918044","2095303876","0.833333"
"2095303876","1531918044","0.833333"
"1551792408","2095303876","0.833333"
"2095303876","1551792408","0.833333"
"1531918044","2140422321","1.2"
"2140422321","1531918044","1.2"
"2067481201","2140422321","4.5"
"2140422321","2067481201","4.5"
"1531918044","1989703244","0.375"
"1989703244","1531918044","0.375"
"1590360882","1989703244","0.125"
"1989703244","1590360882","0.125"
"1590360882","2125317812","0.558333"
"2125317812","1590360882","0.558333"
"1971864291","1989703244","1.375"
"1989703244","1971864291","1.375"
"1971864291","2125317812","7.20833"
"2125317812","1971864291","7.20833"
"1989703244","1992732065","1.125"
"1992732065","1989703244","1.125"
"1989703244","2057647741","0.125"
"2057647741","1989703244","0.125"
"1989703244","2125317812","14.4083"
"2125317812","1989703244","14.4083"
"1989703244","2155643890","0.325"
"2155643890","1989703244","0.325"
"1989703244","2653473023","0.125"
"2653473023","1989703244","0.125"
"1992732065","2125317812","1.875"
"2125317812","1992732065","1.875"
"2057647741","2125317812","0.125"
"2125317812","2057647741","0.125"
"2057647741","2155643890","0.375"
"2155643890","2057647741","0.375"
"2125317812","2155643890","0.325"
"2155643890","2125317812","0.325"
"2125317812","2653473023","0.625"
"2653473023","2125317812","0.625"
"2155643890","2653473023","0.375"
"2653473023","2155643890","0.375"
"1986739594","2048715330","2.74167"
"2048715330","1986739594","2.74167"
"1986739594","2140422321","0.2"
"2140422321","1986739594","0.2"
"1992732065","2048715330","4.32619"
"2048715330","1992732065","4.32619"
"1992732065","2140422321","1.2"
"2140422321","1992732065","1.2"
"2048715330","2140422321","0.866667"
"2140422321","2048715330","0.866667"
"2113056857","2140422321","0.509524"
"2140422321","2113056857","0.509524"
"2000290232","2103064203","0.333333"
"2103064203","2000290232","0.333333"
"2004851292","2103064203","0.25"
"2103064203","2004851292","0.25"
"2103064203","2155643890","0.75"
"2155643890","2103064203","0.75"
"1531918044","1589080315","0.97619"
"1589080315","1531918044","0.97619"
"1531918044","2140431256","0.333333"
"2140431256","1531918044","0.333333"
"1589080315","2140431256","0.5"
"2140431256","1589080315","0.5"
"1589080315","2153471319","1.16667"
"2153471319","1589080315","1.16667"
"2140431256","2153471319","1.25"
"2153471319","2140431256","1.25"
"1589080315","1590026725","0.642857"
"1590026725","1589080315","0.642857"
"1589080315","1994878915","0.142857"
"1994878915","1589080315","0.142857"
"1589080315","2000290232","0.142857"
"2000290232","1589080315","0.142857"
"1589080315","2004851292","0.142857"
"2004851292","1589080315","0.142857"
"1589080315","2035786766","1.47619"
"2035786766","1589080315","1.47619"
"1589080315","2067481201","0.47619"
"2067481201","1589080315","0.47619"
"1590026725","1994878915","0.142857"
"1994878915","1590026725","0.142857"
"1590026725","2000290232","0.142857"
"2000290232","1590026725","0.142857"
"1590026725","2004851292","1.22619"
"2004851292","1590026725","1.22619"
"1994878915","2000290232","0.142857"
"2000290232","1994878915","0.142857"
"1994878915","2004851292","0.142857"
"2004851292","1994878915","0.142857"
"1994878915","2035786766","0.142857"
"2035786766","1994878915","0.142857"
"1994878915","2067481201","0.142857"
"2067481201","1994878915","0.142857"
"2000290232","2035786766","0.142857"
"2035786766","2000290232","0.142857"
"2004851292","2035786766","1.05952"
"2035786766","2004851292","1.05952"
"2035786766","2067481201","0.142857"
"2067481201","2035786766","0.142857"
"1994878915","2113056857","0.25"
"2113056857","1994878915","0.25"
"2102023823","2113056857","3.12619"
"2113056857","2102023823","3.12619"
"2113056857","2125317812","1.63333"
"2125317812","2113056857","1.63333"
"1577743175","2166093864","1.33333"
"2166093864","1577743175","1.33333"
"171028393","2102023823","0.25"
"2102023823","171028393","0.25"
"171028393","2166093864","0.25"
"2166093864","171028393","0.25"
"2102023823","2166093864","0.5"
"2166093864","2102023823","0.5"
"2095303876","2125317812","0.333333"
"2125317812","2095303876","0.333333"
"1531918044","1971602700","0.708333"
"1971602700","1531918044","0.708333"
"1971602700","2102023823","0.783333"
"2102023823","1971602700","0.783333"
"1971602700","2125317812","0.45"
"2125317812","1971602700","0.45"
"1971602700","2166093864","0.25"
"2166093864","1971602700","0.25"
"2125317812","2166093864","0.433333"
"2166093864","2125317812","0.433333"
"1590360882","1986739594","0.6"
"1986739594","1590360882","0.6"
"1590360882","2166093864","0.35"
"2166093864","1590360882","0.35"
"1971864291","1986739594","1.55119"
"1986739594","1971864291","1.55119"
"1986739594","2004851292","0.966667"
"2004851292","1986739594","0.966667"
"2004851292","2125317812","0.35"
"2125317812","2004851292","0.35"
"2048715330","2125317812","0.35"
"2125317812","2048715330","0.35"
"2067481201","2125317812","2.1"
"2125317812","2067481201","2.1"
"1531918044","2081832566","1.75"
"2081832566","1531918044","1.75"
"2000290232","2081832566","1"
"2081832566","2000290232","1"
"1590360882","2106125778","0.25"
"2106125778","1590360882","0.25"
"1971864291","2106125778","2.39286"
"2106125778","1971864291","2.39286"
"2106125778","2166093864","0.25"
"2166093864","2106125778","0.25"
"1531918044","1992752048","0.416667"
"1992752048","1531918044","0.416667"
"1835623796","1979795383","1.03333"
"1979795383","1835623796","1.03333"
"1835623796","1986739594","0.2"
"1986739594","1835623796","0.2"
"1986739594","2057647741","0.2"
"2057647741","1986739594","0.2"
"1986739594","2653473023","0.325"
"2653473023","1986739594","0.325"
"1971602700","1971864291","2.20833"
"1971864291","1971602700","2.20833"
"1971602700","2004851292","2.65833"
"2004851292","1971602700","2.65833"
"1531918044","2081284314","0.625"
"2081284314","1531918044","0.625"
"1531918044","2048573274","0.5"
"2048573274","1531918044","0.5"
"2048573274","2155018912","14.3333"
"2155018912","2048573274","14.3333"
"2004851292","2154644815","2.2"
"2154644815","2004851292","2.2"
"1590026725","1590360882","0.166667"
"1590360882","1590026725","0.166667"
"1590026725","2154644815","0.166667"
"2154644815","1590026725","0.166667"
"1590360882","2154644815","0.166667"
"2154644815","1590360882","0.166667"
"2004851292","2153471319","1.41667"
"2153471319","2004851292","1.41667"
"2113056857","2154644815","0.533333"
"2154644815","2113056857","0.533333"
"2153471319","2154644815","0.166667"
"2154644815","2153471319","0.166667"
"1531918044","2054736275","0.25"
"2054736275","1531918044","0.25"
"1971602700","1986739594","0.291667"
"1986739594","1971602700","0.291667"
"1971602700","2000290232","0.708333"
"2000290232","1971602700","0.708333"
"1971602700","2054736275","0.125"
"2054736275","1971602700","0.125"
