"126394981","2006307108","2"
"2006307108","126394981","2"
"1539585011","2108572131","15.2211"
"2108572131","1539585011","15.2211"
"1539585011","2118302148","6.46154"
"2118302148","1539585011","6.46154"
"2108572131","2118302148","48.5782"
"2118302148","2108572131","48.5782"
"1539585011","2098388305","76.9961"
"2098388305","1539585011","76.9961"
"1539585011","2148942721","45.9127"
"2148942721","1539585011","45.9127"
"1539585011","2221389368","2.49167"
"2221389368","1539585011","2.49167"
"2098388305","2108572131","52.5044"
"2108572131","2098388305","52.5044"
"2098388305","2148942721","234.896"
"2148942721","2098388305","234.896"
"2098388305","2221389368","4.99167"
"2221389368","2098388305","4.99167"
"2108572131","2148942721","24.3711"
"2148942721","2108572131","24.3711"
"2108572131","2221389368","1.5"
"2221389368","2108572131","1.5"
"2148942721","2221389368","3.49167"
"2221389368","2148942721","3.49167"
"1539585011","2154794267","5.30952"
"2154794267","1539585011","5.30952"
"2098388305","2154794267","4.80952"
"2154794267","2098388305","4.80952"
"2108572131","2154794267","6.64286"
"2154794267","2108572131","6.64286"
"2098388305","2118302148","17.9615"
"2118302148","2098388305","17.9615"
"2118302148","2148942721","14.8282"
"2148942721","2118302148","14.8282"
"1539585011","2070032453","14.5429"
"2070032453","1539585011","14.5429"
"1539585011","1986029135","7.17821"
"1986029135","1539585011","7.17821"
"1539585011","1601749143","0.20202"
"1601749143","1539585011","0.20202"
"1539585011","1964013940","0.20202"
"1964013940","1539585011","0.20202"
"1539585011","1981387614","0.20202"
"1981387614","1539585011","0.20202"
"1539585011","2110918591","0.20202"
"2110918591","1539585011","0.20202"
"1601749143","1964013940","0.20202"
"1964013940","1601749143","0.20202"
"1601749143","1981387614","0.20202"
"1981387614","1601749143","0.20202"
"1601749143","1986029135","0.20202"
"1986029135","1601749143","0.20202"
"1601749143","2098388305","0.20202"
"2098388305","1601749143","0.20202"
"1601749143","2108572131","0.20202"
"2108572131","1601749143","0.20202"
"1601749143","2110918591","0.20202"
"2110918591","1601749143","0.20202"
"1601749143","2118302148","0.20202"
"2118302148","1601749143","0.20202"
"1601749143","2148942721","0.20202"
"2148942721","1601749143","0.20202"
"1964013940","1981387614","0.20202"
"1981387614","1964013940","0.20202"
"1964013940","1986029135","0.20202"
"1986029135","1964013940","0.20202"
"1964013940","2098388305","0.20202"
"2098388305","1964013940","0.20202"
"1964013940","2108572131","0.20202"
"2108572131","1964013940","0.20202"
"1964013940","2110918591","0.20202"
"2110918591","1964013940","0.20202"
"1964013940","2118302148","0.20202"
"2118302148","1964013940","0.20202"
"1964013940","2148942721","0.20202"
"2148942721","1964013940","0.20202"
"1981387614","1986029135","0.20202"
"1986029135","1981387614","0.20202"
"1981387614","2098388305","0.20202"
"2098388305","1981387614","0.20202"
"1981387614","2108572131","0.20202"
"2108572131","1981387614","0.20202"
"1981387614","2110918591","0.20202"
"2110918591","1981387614","0.20202"
"1981387614","2118302148","0.20202"
"2118302148","1981387614","0.20202"
"1981387614","2148942721","0.20202"
"2148942721","1981387614","0.20202"
"1986029135","2098388305","5.79488"
"2098388305","1986029135","5.79488"
"1986029135","2108572131","2.37821"
"2108572131","1986029135","2.37821"
"1986029135","2110918591","0.20202"
"2110918591","1986029135","0.20202"
"1986029135","2118302148","0.45202"
"2118302148","1986029135","0.45202"
"1986029135","2148942721","5.71154"
"2148942721","1986029135","5.71154"
"2098388305","2110918591","1.20202"
"2110918591","2098388305","1.20202"
"2108572131","2110918591","0.20202"
"2110918591","2108572131","0.20202"
"2110918591","2118302148","0.20202"
"2118302148","2110918591","0.20202"
"2110918591","2148942721","0.20202"
"2148942721","2110918591","0.20202"
"1539585011","1971676915","8.15"
"1971676915","1539585011","8.15"
"1971676915","2098388305","4.06667"
"2098388305","1971676915","4.06667"
"1971676915","2108572131","1.56667"
"2108572131","1971676915","1.56667"
"2070032453","2098388305","11.2929"
"2098388305","2070032453","11.2929"
"2070032453","2108572131","1.59286"
"2108572131","2070032453","1.59286"
"2070032453","2154794267","0.892857"
"2154794267","2070032453","0.892857"
"1539585011","2153487405","2.40833"
"2153487405","1539585011","2.40833"
"2098388305","2153487405","3.49167"
"2153487405","2098388305","3.49167"
"2070032453","2148942721","11.7095"
"2148942721","2070032453","11.7095"
"1539585011","1971640526","0.267857"
"1971640526","1539585011","0.267857"
"1539585011","2096898303","1.14286"
"2096898303","1539585011","1.14286"
"1539585011","2148792468","5.34286"
"2148792468","1539585011","5.34286"
"1971640526","2096898303","0.142857"
"2096898303","1971640526","0.142857"
"1971640526","2098388305","0.267857"
"2098388305","1971640526","0.267857"
"1971640526","2108572131","0.142857"
"2108572131","1971640526","0.142857"
"1971640526","2118302148","0.142857"
"2118302148","1971640526","0.142857"
"1971640526","2148792468","0.142857"
"2148792468","1971640526","0.142857"
"1971640526","2148942721","0.267857"
"2148942721","1971640526","0.267857"
"2096898303","2098388305","2.59286"
"2098388305","2096898303","2.59286"
"2096898303","2108572131","1.14286"
"2108572131","2096898303","1.14286"
"2096898303","2118302148","1.89286"
"2118302148","2096898303","1.89286"
"2096898303","2148792468","16.8095"
"2148792468","2096898303","16.8095"
"2096898303","2148942721","2.25952"
"2148942721","2096898303","2.25952"
"2098388305","2148792468","12.4262"
"2148792468","2098388305","12.4262"
"2108572131","2148792468","1.72619"
"2148792468","2108572131","1.72619"
"2118302148","2148792468","0.642857"
"2148792468","2118302148","0.642857"
"2148792468","2148942721","8.59286"
"2148942721","2148792468","8.59286"
"2070032453","2148792468","0.2"
"2148792468","2070032453","0.2"
"2070032453","2221389368","1.2"
"2221389368","2070032453","1.2"
"2148792468","2221389368","4.7"
"2221389368","2148792468","4.7"
"1539585011","2006307108","3.58452"
"2006307108","1539585011","3.58452"
"1986029135","2006307108","0.142857"
"2006307108","1986029135","0.142857"
"1986029135","2070032453","0.809524"
"2070032453","1986029135","0.809524"
"1986029135","2154794267","0.642857"
"2154794267","1986029135","0.642857"
"2006307108","2070032453","0.509524"
"2070032453","2006307108","0.509524"
"2006307108","2098388305","12.6679"
"2098388305","2006307108","12.6679"
"2006307108","2108572131","1.90952"
"2108572131","2006307108","1.90952"
"2006307108","2148942721","3.03452"
"2148942721","2006307108","3.03452"
"2006307108","2154794267","0.309524"
"2154794267","2006307108","0.309524"
"2148942721","2154794267","1.97619"
"2154794267","2148942721","1.97619"
"1539585011","2026495853","3.41667"
"2026495853","1539585011","3.41667"
"1539585011","2402569267","1.25"
"2402569267","1539585011","1.25"
"1971676915","2026495853","2.61667"
"2026495853","1971676915","2.61667"
"1971676915","2070032453","1.33333"
"2070032453","1971676915","1.33333"
"1971676915","2402569267","1.25"
"2402569267","1971676915","1.25"
"2026495853","2070032453","0.583333"
"2070032453","2026495853","0.583333"
"2026495853","2402569267","0.25"
"2402569267","2026495853","0.25"
"2070032453","2402569267","0.25"
"2402569267","2070032453","0.25"
"1539585011","2145343070","0.5"
"2145343070","1539585011","0.5"
"2096898303","2145343070","0.5"
"2145343070","2096898303","0.5"
"2070032453","2118302148","1.41667"
"2118302148","2070032453","1.41667"
"1539585011","2399548505","0.45"
"2399548505","1539585011","0.45"
"1539585011","2401687514","0.783333"
"2401687514","1539585011","0.783333"
"1971676915","2148942721","2.26667"
"2148942721","1971676915","2.26667"
"1971676915","2399548505","0.2"
"2399548505","1971676915","0.2"
"1971676915","2401687514","0.2"
"2401687514","1971676915","0.2"
"2098388305","2399548505","0.45"
"2399548505","2098388305","0.45"
"2098388305","2401687514","0.783333"
"2401687514","2098388305","0.783333"
"2148942721","2399548505","0.45"
"2399548505","2148942721","0.45"
"2148942721","2401687514","1.11667"
"2401687514","2148942721","1.11667"
"2399548505","2401687514","0.45"
"2401687514","2399548505","0.45"
"2096898303","2153487405","11.3667"
"2153487405","2096898303","11.3667"
"2148942721","2153487405","1.99167"
"2153487405","2148942721","1.99167"
"2026495853","2098388305","0.533333"
"2098388305","2026495853","0.533333"
"1539585011","2023790387","0.874242"
"2023790387","1539585011","0.874242"
"1971676915","1986029135","0.45"
"1986029135","1971676915","0.45"
"1971676915","2023790387","1.15"
"2023790387","1971676915","1.15"
"1986029135","2023790387","0.340909"
"2023790387","1986029135","0.340909"
"2023790387","2098388305","1.67424"
"2098388305","2023790387","1.67424"
"1971676915","2096898303","0.25"
"2096898303","1971676915","0.25"
"1539585011","2116936708","0.625"
"2116936708","1539585011","0.625"
"2098388305","2116936708","1.70833"
"2116936708","2098388305","1.70833"
"1539585011","2136121557","1.99167"
"2136121557","1539585011","1.99167"
"2098388305","2136121557","10.4917"
"2136121557","2098388305","10.4917"
"2136121557","2148942721","7.99167"
"2148942721","2136121557","7.99167"
"2006307108","2118302148","0.816667"
"2118302148","2006307108","0.816667"
"2118302148","2154794267","1.41667"
"2154794267","2118302148","1.41667"
"2148792468","2154794267","0.5"
"2154794267","2148792468","0.5"
"2154794267","2221389368","0.5"
"2221389368","2154794267","0.5"
"2023790387","2148942721","0.624242"
"2148942721","2023790387","0.624242"
"1539585011","2131083144","0.0909091"
"2131083144","1539585011","0.0909091"
"1601749143","2023790387","0.0909091"
"2023790387","1601749143","0.0909091"
"1601749143","2131083144","1.09091"
"2131083144","1601749143","1.09091"
"1964013940","2023790387","0.0909091"
"2023790387","1964013940","0.0909091"
"1964013940","2131083144","0.0909091"
"2131083144","1964013940","0.0909091"
"1981387614","2023790387","0.0909091"
"2023790387","1981387614","0.0909091"
"1981387614","2131083144","0.0909091"
"2131083144","1981387614","0.0909091"
"1986029135","2131083144","0.0909091"
"2131083144","1986029135","0.0909091"
"2023790387","2108572131","0.290909"
"2108572131","2023790387","0.290909"
"2023790387","2110918591","0.0909091"
"2110918591","2023790387","0.0909091"
"2023790387","2118302148","3.29091"
"2118302148","2023790387","3.29091"
"2023790387","2131083144","0.0909091"
"2131083144","2023790387","0.0909091"
"2098388305","2131083144","0.0909091"
"2131083144","2098388305","0.0909091"
"2108572131","2131083144","0.0909091"
"2131083144","2108572131","0.0909091"
"2110918591","2131083144","0.0909091"
"2131083144","2110918591","0.0909091"
"2118302148","2131083144","0.0909091"
"2131083144","2118302148","0.0909091"
"2131083144","2148942721","0.0909091"
"2148942721","2131083144","0.0909091"
"1971640526","2006307108","1.125"
"2006307108","1971640526","1.125"
"1971640526","2116936708","10.4583"
"2116936708","1971640526","10.4583"
"1971640526","2136121557","0.125"
"2136121557","1971640526","0.125"
"1971640526","2153487405","3.45833"
"2153487405","1971640526","3.45833"
"1971640526","2221389368","17.4583"
"2221389368","1971640526","17.4583"
"2006307108","2116936708","0.125"
"2116936708","2006307108","0.125"
"2006307108","2136121557","0.625"
"2136121557","2006307108","0.625"
"2006307108","2153487405","0.125"
"2153487405","2006307108","0.125"
"2006307108","2221389368","1.625"
"2221389368","2006307108","1.625"
"2116936708","2136121557","0.125"
"2136121557","2116936708","0.125"
"2116936708","2148942721","1.20833"
"2148942721","2116936708","1.20833"
"2116936708","2153487405","0.958333"
"2153487405","2116936708","0.958333"
"2116936708","2221389368","24.2083"
"2221389368","2116936708","24.2083"
"2136121557","2153487405","1.19167"
"2153487405","2136121557","1.19167"
"2136121557","2221389368","0.625"
"2221389368","2136121557","0.625"
"2153487405","2221389368","3.45833"
"2221389368","2153487405","3.45833"
"1539585011","2128763366","0.2"
"2128763366","1539585011","0.2"
"1971676915","2128763366","0.2"
"2128763366","1971676915","0.2"
"1971676915","2136121557","0.7"
"2136121557","1971676915","0.7"
"1971676915","2153487405","0.2"
"2153487405","1971676915","0.2"
"2023790387","2128763366","0.2"
"2128763366","2023790387","0.2"
"2023790387","2136121557","0.7"
"2136121557","2023790387","0.7"
"2023790387","2153487405","0.2"
"2153487405","2023790387","0.2"
"2128763366","2136121557","0.2"
"2136121557","2128763366","0.2"
"2128763366","2153487405","0.2"
"2153487405","2128763366","0.2"
"1968843209","2106889129","2.83333"
"2106889129","1968843209","2.83333"
"1968843209","2148942721","3.83333"
"2148942721","1968843209","3.83333"
"1968843209","2401687514","0.333333"
"2401687514","1968843209","0.333333"
"2106889129","2148942721","3.83333"
"2148942721","2106889129","3.83333"
"2106889129","2401687514","0.333333"
"2401687514","2106889129","0.333333"
"1968843209","2098388305","1"
"2098388305","1968843209","1"
"1986029135","2026495853","0.2"
"2026495853","1986029135","0.2"
"2026495853","2108572131","0.2"
"2108572131","2026495853","0.2"
"2026495853","2148942721","0.2"
"2148942721","2026495853","0.2"
"1971676915","2006307108","0.2"
"2006307108","1971676915","0.2"
"1971676915","2118302148","0.2"
"2118302148","1971676915","0.2"
"2006307108","2023790387","0.2"
"2023790387","2006307108","0.2"
"1986029135","2221389368","1"
"2221389368","1986029135","1"
"1986029135","2148792468","1"
"2148792468","1986029135","1"
"2001098927","2030619821","1"
"2030619821","2001098927","1"
"2006307108","2612205558","1"
"2612205558","2006307108","1"
"2006307108","2401687514","1"
"2401687514","2006307108","1"
"2018598050","2116936708","1.5"
"2116936708","2018598050","1.5"
"2018598050","2221389368","0.5"
"2221389368","2018598050","0.5"
"2018598050","2136121557","1"
"2136121557","2018598050","1"
"2018598050","2148792468","2"
"2148792468","2018598050","2"
"2136121557","2148792468","13.1667"
"2148792468","2136121557","13.1667"
"2051400856","2096898303","0.2"
"2096898303","2051400856","0.2"
"2051400856","2098388305","0.7"
"2098388305","2051400856","0.7"
"2051400856","2136121557","0.2"
"2136121557","2051400856","0.2"
"2051400856","2148942721","0.2"
"2148942721","2051400856","0.2"
"2051400856","2153487405","0.2"
"2153487405","2051400856","0.2"
"2096898303","2136121557","5.2"
"2136121557","2096898303","5.2"
"2051400856","2148792468","0.5"
"2148792468","2051400856","0.5"
"2070032453","2136121557","4.33333"
"2136121557","2070032453","4.33333"
"2070032453","2145343070","0.333333"
"2145343070","2070032453","0.333333"
"2136121557","2145343070","0.333333"
"2145343070","2136121557","0.333333"
"2145343070","2148942721","0.333333"
"2148942721","2145343070","0.333333"
"2148792468","2153487405","2"
"2153487405","2148792468","2"
"2118302148","2153487405","0.75"
"2153487405","2118302148","0.75"
"2096898303","2116936708","0.5"
"2116936708","2096898303","0.5"
"2108572131","2116936708","0.333333"
"2116936708","2108572131","0.333333"
"2118302148","2221389368","0.25"
"2221389368","2118302148","0.25"
"2098388305","2145343070","7"
"2145343070","2098388305","7"
"2098388305","2186447827","0.5"
"2186447827","2098388305","0.5"
"2148942721","2186447827","0.5"
"2186447827","2148942721","0.5"
"2098388305","2408102637","0.5"
"2408102637","2098388305","0.5"
"2148942721","2408102637","0.5"
"2408102637","2148942721","0.5"
"2116936708","2148792468","3.25"
"2148792468","2116936708","3.25"
"2622176595","2752302728","0.333333"
"2752302728","2622176595","0.333333"
"2622176595","2764414857","0.333333"
"2764414857","2622176595","0.333333"
"2622176595","2798536345","0.333333"
"2798536345","2622176595","0.333333"
"2752302728","2764414857","0.333333"
"2764414857","2752302728","0.333333"
"2752302728","2798536345","0.333333"
"2798536345","2752302728","0.333333"
"2764414857","2798536345","0.333333"
"2798536345","2764414857","0.333333"
