"1030795525","2177858235","2.28333"
"2177858235","1030795525","2.28333"
"1030795525","2142325778","3.28333"
"2142325778","1030795525","3.28333"
"1030795525","2148127212","1.33333"
"2148127212","1030795525","1.33333"
"2142325778","2148127212","1.33333"
"2148127212","2142325778","1.33333"
"2142325778","2177858235","3.1818"
"2177858235","2142325778","3.1818"
"2148127212","2177858235","0.333333"
"2177858235","2148127212","0.333333"
"1030795525","2917219581","3.95"
"2917219581","1030795525","3.95"
"2142325778","2917219581","2.14846"
"2917219581","2142325778","2.14846"
"1030795525","2054234413","1"
"2054234413","1030795525","1"
"1030795525","2916333596","2.2"
"2916333596","1030795525","2.2"
"2916333596","2917219581","3.19013"
"2917219581","2916333596","3.19013"
"1030795525","2117285963","0.45"
"2117285963","1030795525","0.45"
"2117285963","2142325778","4.94286"
"2142325778","2117285963","4.94286"
"2117285963","2177858235","1.53333"
"2177858235","2117285963","1.53333"
"2117285963","2916333596","0.2"
"2916333596","2117285963","0.2"
"2117285963","2917219581","1.53333"
"2917219581","2117285963","1.53333"
"2142325778","2916333596","0.426243"
"2916333596","2142325778","0.426243"
"2177858235","2916333596","1.69013"
"2916333596","2177858235","1.69013"
"2177858235","2917219581","2.60039"
"2917219581","2177858235","2.60039"
"1030795525","2900105250","1"
"2900105250","1030795525","1"
"1030795525","2809148388","0.5"
"2809148388","1030795525","0.5"
"2809148388","2916333596","1.79861"
"2916333596","2809148388","1.79861"
"1530858411","2120675233","2.5"
"2120675233","1530858411","2.5"
"1530858411","2024993557","1.5"
"2024993557","1530858411","1.5"
"2024993557","2120675233","3.5"
"2120675233","2024993557","3.5"
"1530858411","1800460040","0.2"
"1800460040","1530858411","0.2"
"1530858411","1821692587","0.2"
"1821692587","1530858411","0.2"
"1530858411","2057835785","0.2"
"2057835785","1530858411","0.2"
"1530858411","2145102078","0.2"
"2145102078","1530858411","0.2"
"1530858411","2278422430","0.2"
"2278422430","1530858411","0.2"
"1800460040","1821692587","0.733333"
"1821692587","1800460040","0.733333"
"1800460040","2057835785","0.2"
"2057835785","1800460040","0.2"
"1800460040","2145102078","0.933333"
"2145102078","1800460040","0.933333"
"1800460040","2278422430","0.2"
"2278422430","1800460040","0.2"
"1821692587","2057835785","0.7"
"2057835785","1821692587","0.7"
"1821692587","2145102078","16.873"
"2145102078","1821692587","16.873"
"1821692587","2278422430","1.51185"
"2278422430","1821692587","1.51185"
"2057835785","2145102078","0.7"
"2145102078","2057835785","0.7"
"2057835785","2278422430","0.2"
"2278422430","2057835785","0.2"
"2145102078","2278422430","1.67852"
"2278422430","2145102078","1.67852"
"1555591231","2059191708","5.75445"
"2059191708","1555591231","5.75445"
"1555591231","2117275119","3.53778"
"2117275119","1555591231","3.53778"
"1555591231","1965043778","0.294128"
"1965043778","1555591231","0.294128"
"1555591231","1986946228","8.28778"
"1986946228","1555591231","8.28778"
"1555591231","1987312753","2.87111"
"1987312753","1555591231","2.87111"
"1555591231","1987565626","0.283017"
"1987565626","1555591231","0.283017"
"1555591231","1989610576","0.370318"
"1989610576","1555591231","0.370318"
"1555591231","1992285698","0.921112"
"1992285698","1555591231","0.921112"
"1555591231","1992467826","0.421112"
"1992467826","1555591231","0.421112"
"1555591231","2009187268","0.421112"
"2009187268","1555591231","0.421112"
"1555591231","2058352226","1.75445"
"2058352226","1555591231","1.75445"
"1555591231","2075147750","3.12111"
"2075147750","1555591231","3.12111"
"1555591231","2100965672","4.67111"
"2100965672","1555591231","4.67111"
"1555591231","2104977949","0.227461"
"2104977949","1555591231","0.227461"
"1555591231","2121317109","1.42111"
"2121317109","1555591231","1.42111"
"1555591231","2127695972","0.283017"
"2127695972","1555591231","0.283017"
"1555591231","2128145072","2.87111"
"2128145072","1555591231","2.87111"
"1555591231","2136135933","0.283017"
"2136135933","1555591231","0.283017"
"1555591231","2146518596","0.421112"
"2146518596","1555591231","0.421112"
"1555591231","2149135960","2.42111"
"2149135960","1555591231","2.42111"
"1555591231","2164656033","0.283017"
"2164656033","1555591231","0.283017"
"1555591231","2167367619","0.179842"
"2167367619","1555591231","0.179842"
"1965043778","1986946228","2.11123"
"1986946228","1965043778","2.11123"
"1965043778","1987312753","0.627461"
"1987312753","1965043778","0.627461"
"1965043778","1987565626","2.22746"
"1987565626","1965043778","2.22746"
"1965043778","1989610576","1.88504"
"1989610576","1965043778","1.88504"
"1965043778","1992285698","0.294128"
"1992285698","1965043778","0.294128"
"1965043778","1992467826","0.294128"
"1992467826","1965043778","0.294128"
"1965043778","2009187268","0.294128"
"2009187268","1965043778","0.294128"
"1965043778","2058352226","0.294128"
"2058352226","1965043778","0.294128"
"1965043778","2059191708","0.294128"
"2059191708","1965043778","0.294128"
"1965043778","2075147750","0.294128"
"2075147750","1965043778","0.294128"
"1965043778","2100965672","0.960794"
"2100965672","1965043778","0.960794"
"1965043778","2104977949","3.75706"
"2104977949","1965043778","3.75706"
"1965043778","2117275119","0.385037"
"2117275119","1965043778","0.385037"
"1965043778","2121317109","0.294128"
"2121317109","1965043778","0.294128"
"1965043778","2127695972","0.227461"
"2127695972","1965043778","0.227461"
"1965043778","2128145072","0.385037"
"2128145072","1965043778","0.385037"
"1965043778","2136135933","0.38087"
"2136135933","1965043778","0.38087"
"1965043778","2146518596","1.08504"
"2146518596","1965043778","1.08504"
"1965043778","2149135960","0.294128"
"2149135960","1965043778","0.294128"
"1965043778","2164656033","2.53279"
"2164656033","1965043778","2.53279"
"1965043778","2167367619","0.846509"
"2167367619","1965043778","0.846509"
"1986946228","1987312753","5.82111"
"1987312753","1986946228","5.82111"
"1986946228","1987565626","0.283017"
"1987565626","1986946228","0.283017"
"1986946228","1989610576","0.31837"
"1989610576","1986946228","0.31837"
"1986946228","1992285698","0.421112"
"1992285698","1986946228","0.421112"
"1986946228","1992467826","0.621112"
"1992467826","1986946228","0.621112"
"1986946228","2009187268","2.12111"
"2009187268","1986946228","2.12111"
"1986946228","2058352226","1.75445"
"2058352226","1986946228","1.75445"
"1986946228","2059191708","2.12111"
"2059191708","1986946228","2.12111"
"1986946228","2075147750","2.45445"
"2075147750","1986946228","2.45445"
"1986946228","2100965672","7.75445"
"2100965672","1986946228","7.75445"
"1986946228","2104977949","2.60408"
"2104977949","1986946228","2.60408"
"1986946228","2117275119","0.821112"
"2117275119","1986946228","0.821112"
"1986946228","2121317109","0.421112"
"2121317109","1986946228","0.421112"
"1986946228","2127695972","0.283017"
"2127695972","1986946228","0.283017"
"1986946228","2128145072","7.04535"
"2128145072","1986946228","7.04535"
"1986946228","2136135933","0.373926"
"2136135933","1986946228","0.373926"
"1986946228","2146518596","2.54535"
"2146518596","1986946228","2.54535"
"1986946228","2149135960","0.754445"
"2149135960","1986946228","0.754445"
"1986946228","2164656033","2.60012"
"2164656033","1986946228","2.60012"
"1986946228","2167367619","0.179842"
"2167367619","1986946228","0.179842"
"1987312753","1987565626","0.283017"
"1987565626","1987312753","0.283017"
"1987312753","1989610576","0.227461"
"1989610576","1987312753","0.227461"
"1987312753","1992285698","0.421112"
"1992285698","1987312753","0.421112"
"1987312753","1992467826","0.621112"
"1992467826","1987312753","0.621112"
"1987312753","2009187268","3.12111"
"2009187268","1987312753","3.12111"
"1987312753","2058352226","0.421112"
"2058352226","1987312753","0.421112"
"1987312753","2059191708","0.621112"
"2059191708","1987312753","0.621112"
"1987312753","2075147750","2.23778"
"2075147750","1987312753","2.23778"
"1987312753","2100965672","1.67111"
"2100965672","1987312753","1.67111"
"1987312753","2104977949","1.67746"
"2104977949","1987312753","1.67746"
"1987312753","2117275119","4.48778"
"2117275119","1987312753","4.48778"
"1987312753","2121317109","0.421112"
"2121317109","1987312753","0.421112"
"1987312753","2127695972","0.283017"
"2127695972","1987312753","0.283017"
"1987312753","2128145072","8.62111"
"2128145072","1987312753","8.62111"
"1987312753","2136135933","0.483016"
"2136135933","1987312753","0.483016"
"1987312753","2146518596","2.65445"
"2146518596","1987312753","2.65445"
"1987312753","2149135960","0.421112"
"2149135960","1987312753","0.421112"
"1987312753","2164656033","0.283017"
"2164656033","1987312753","0.283017"
"1987312753","2167367619","0.179842"
"2167367619","1987312753","0.179842"
"1987565626","1989610576","1.22746"
"1989610576","1987565626","1.22746"
"1987565626","1992285698","0.283017"
"1992285698","1987565626","0.283017"
"1987565626","1992467826","0.283017"
"1992467826","1987565626","0.283017"
"1987565626","2009187268","0.283017"
"2009187268","1987565626","0.283017"
"1987565626","2058352226","1.28302"
"2058352226","1987565626","1.28302"
"1987565626","2059191708","0.283017"
"2059191708","1987565626","0.283017"
"1987565626","2075147750","0.283017"
"2075147750","1987565626","0.283017"
"1987565626","2100965672","0.283017"
"2100965672","1987565626","0.283017"
"1987565626","2104977949","0.227461"
"2104977949","1987565626","0.227461"
"1987565626","2117275119","0.283017"
"2117275119","1987565626","0.283017"
"1987565626","2121317109","0.283017"
"2121317109","1987565626","0.283017"
"1987565626","2127695972","0.283017"
"2127695972","1987565626","0.283017"
"1987565626","2128145072","0.283017"
"2128145072","1987565626","0.283017"
"1987565626","2136135933","0.283017"
"2136135933","1987565626","0.283017"
"1987565626","2146518596","0.283017"
"2146518596","1987565626","0.283017"
"1987565626","2149135960","0.283017"
"2149135960","1987565626","0.283017"
"1987565626","2164656033","1.28302"
"2164656033","1987565626","1.28302"
"1987565626","2167367619","0.179842"
"2167367619","1987565626","0.179842"
"1989610576","1992285698","0.227461"
"1992285698","1989610576","0.227461"
"1989610576","1992467826","0.227461"
"1992467826","1989610576","0.227461"
"1989610576","2009187268","0.227461"
"2009187268","1989610576","0.227461"
"1989610576","2058352226","0.227461"
"2058352226","1989610576","0.227461"
"1989610576","2059191708","0.227461"
"2059191708","1989610576","0.227461"
"1989610576","2075147750","0.227461"
"2075147750","1989610576","0.227461"
"1989610576","2100965672","0.227461"
"2100965672","1989610576","0.227461"
"1989610576","2104977949","2.91837"
"2104977949","1989610576","2.91837"
"1989610576","2117275119","1.72746"
"2117275119","1989610576","1.72746"
"1989610576","2121317109","0.227461"
"2121317109","1989610576","0.227461"
"1989610576","2127695972","0.227461"
"2127695972","1989610576","0.227461"
"1989610576","2128145072","0.31837"
"2128145072","1989610576","0.31837"
"1989610576","2136135933","2.81837"
"2136135933","1989610576","2.81837"
"1989610576","2146518596","1.31837"
"2146518596","1989610576","1.31837"
"1989610576","2149135960","0.727461"
"2149135960","1989610576","0.727461"
"1989610576","2164656033","0.827894"
"2164656033","1989610576","0.827894"
"1989610576","2167367619","0.179842"
"2167367619","1989610576","0.179842"
"1992285698","1992467826","0.421112"
"1992467826","1992285698","0.421112"
"1992285698","2009187268","0.421112"
"2009187268","1992285698","0.421112"
"1992285698","2058352226","0.421112"
"2058352226","1992285698","0.421112"
"1992285698","2059191708","5.92111"
"2059191708","1992285698","5.92111"
"1992285698","2075147750","0.421112"
"2075147750","1992285698","0.421112"
"1992285698","2100965672","0.921112"
"2100965672","1992285698","0.921112"
"1992285698","2104977949","0.227461"
"2104977949","1992285698","0.227461"
"1992285698","2117275119","0.421112"
"2117275119","1992285698","0.421112"
"1992285698","2121317109","0.421112"
"2121317109","1992285698","0.421112"
"1992285698","2127695972","0.283017"
"2127695972","1992285698","0.283017"
"1992285698","2128145072","0.421112"
"2128145072","1992285698","0.421112"
"1992285698","2136135933","0.283017"
"2136135933","1992285698","0.283017"
"1992285698","2146518596","0.421112"
"2146518596","1992285698","0.421112"
"1992285698","2149135960","3.92111"
"2149135960","1992285698","3.92111"
"1992285698","2164656033","0.283017"
"2164656033","1992285698","0.283017"
"1992285698","2167367619","0.179842"
"2167367619","1992285698","0.179842"
"1992467826","2009187268","0.621112"
"2009187268","1992467826","0.621112"
"1992467826","2058352226","0.421112"
"2058352226","1992467826","0.421112"
"1992467826","2059191708","0.621112"
"2059191708","1992467826","0.621112"
"1992467826","2075147750","0.421112"
"2075147750","1992467826","0.421112"
"1992467826","2100965672","0.421112"
"2100965672","1992467826","0.421112"
"1992467826","2104977949","0.227461"
"2104977949","1992467826","0.227461"
"1992467826","2117275119","0.421112"
"2117275119","1992467826","0.421112"
"1992467826","2121317109","0.421112"
"2121317109","1992467826","0.421112"
"1992467826","2127695972","0.283017"
"2127695972","1992467826","0.283017"
"1992467826","2128145072","0.421112"
"2128145072","1992467826","0.421112"
"1992467826","2136135933","0.283017"
"2136135933","1992467826","0.283017"
"1992467826","2146518596","0.621112"
"2146518596","1992467826","0.621112"
"1992467826","2149135960","0.421112"
"2149135960","1992467826","0.421112"
"1992467826","2164656033","0.283017"
"2164656033","1992467826","0.283017"
"1992467826","2167367619","0.179842"
"2167367619","1992467826","0.179842"
"2009187268","2058352226","0.421112"
"2058352226","2009187268","0.421112"
"2009187268","2059191708","0.621112"
"2059191708","2009187268","0.621112"
"2009187268","2075147750","1.17111"
"2075147750","2009187268","1.17111"
"2009187268","2100965672","0.421112"
"2100965672","2009187268","0.421112"
"2009187268","2104977949","0.227461"
"2104977949","2009187268","0.227461"
"2009187268","2117275119","0.671112"
"2117275119","2009187268","0.671112"
"2009187268","2121317109","0.421112"
"2121317109","2009187268","0.421112"
"2009187268","2127695972","0.283017"
"2127695972","2009187268","0.283017"
"2009187268","2128145072","0.671112"
"2128145072","2009187268","0.671112"
"2009187268","2136135933","0.283017"
"2136135933","2009187268","0.283017"
"2009187268","2146518596","0.621112"
"2146518596","2009187268","0.621112"
"2009187268","2149135960","0.421112"
"2149135960","2009187268","0.421112"
"2009187268","2164656033","0.283017"
"2164656033","2009187268","0.283017"
"2009187268","2167367619","0.179842"
"2167367619","2009187268","0.179842"
"2058352226","2059191708","1.75445"
"2059191708","2058352226","1.75445"
"2058352226","2075147750","0.421112"
"2075147750","2058352226","0.421112"
"2058352226","2100965672","0.421112"
"2100965672","2058352226","0.421112"
"2058352226","2104977949","0.227461"
"2104977949","2058352226","0.227461"
"2058352226","2117275119","0.421112"
"2117275119","2058352226","0.421112"
"2058352226","2121317109","0.421112"
"2121317109","2058352226","0.421112"
"2058352226","2127695972","0.283017"
"2127695972","2058352226","0.283017"
"2058352226","2128145072","0.421112"
"2128145072","2058352226","0.421112"
"2058352226","2136135933","0.283017"
"2136135933","2058352226","0.283017"
"2058352226","2146518596","1.42111"
"2146518596","2058352226","1.42111"
"2058352226","2149135960","1.42111"
"2149135960","2058352226","1.42111"
"2058352226","2164656033","0.783017"
"2164656033","2058352226","0.783017"
"2058352226","2167367619","0.179842"
"2167367619","2058352226","0.179842"
"2059191708","2075147750","0.421112"
"2075147750","2059191708","0.421112"
"2059191708","2100965672","0.921112"
"2100965672","2059191708","0.921112"
"2059191708","2104977949","0.227461"
"2104977949","2059191708","0.227461"
"2059191708","2117275119","1.42111"
"2117275119","2059191708","1.42111"
"2059191708","2121317109","0.421112"
"2121317109","2059191708","0.421112"
"2059191708","2127695972","0.283017"
"2127695972","2059191708","0.283017"
"2059191708","2128145072","2.75445"
"2128145072","2059191708","2.75445"
"2059191708","2136135933","0.283017"
"2136135933","2059191708","0.283017"
"2059191708","2146518596","1.28778"
"2146518596","2059191708","1.28778"
"2059191708","2149135960","3.58778"
"2149135960","2059191708","3.58778"
"2059191708","2164656033","0.283017"
"2164656033","2059191708","0.283017"
"2059191708","2167367619","0.179842"
"2167367619","2059191708","0.179842"
"2075147750","2100965672","0.754445"
"2100965672","2075147750","0.754445"
"2075147750","2104977949","0.427461"
"2104977949","2075147750","0.427461"
"2075147750","2117275119","1.73778"
"2117275119","2075147750","1.73778"
"2075147750","2121317109","0.421112"
"2121317109","2075147750","0.421112"
"2075147750","2127695972","0.283017"
"2127695972","2075147750","0.283017"
"2075147750","2128145072","3.87111"
"2128145072","2075147750","3.87111"
"2075147750","2136135933","0.483016"
"2136135933","2075147750","0.483016"
"2075147750","2146518596","1.62111"
"2146518596","2075147750","1.62111"
"2075147750","2149135960","0.421112"
"2149135960","2075147750","0.421112"
"2075147750","2164656033","0.283017"
"2164656033","2075147750","0.283017"
"2075147750","2167367619","0.179842"
"2167367619","2075147750","0.179842"
"2100965672","2104977949","0.227461"
"2104977949","2100965672","0.227461"
"2100965672","2117275119","0.671112"
"2117275119","2100965672","0.671112"
"2100965672","2121317109","0.421112"
"2121317109","2100965672","0.421112"
"2100965672","2127695972","0.283017"
"2127695972","2100965672","0.283017"
"2100965672","2128145072","1.00445"
"2128145072","2100965672","1.00445"
"2100965672","2136135933","0.283017"
"2136135933","2100965672","0.283017"
"2100965672","2146518596","0.421112"
"2146518596","2100965672","0.421112"
"2100965672","2149135960","0.421112"
"2149135960","2100965672","0.421112"
"2100965672","2164656033","0.283017"
"2164656033","2100965672","0.283017"
"2100965672","2167367619","0.846509"
"2167367619","2100965672","0.846509"
"2104977949","2117275119","0.927461"
"2117275119","2104977949","0.927461"
"2104977949","2121317109","0.227461"
"2121317109","2104977949","0.227461"
"2104977949","2127695972","0.227461"
"2127695972","2104977949","0.227461"
"2104977949","2128145072","1.48504"
"2128145072","2104977949","1.48504"
"2104977949","2136135933","0.747537"
"2136135933","2104977949","0.747537"
"2104977949","2146518596","5.46837"
"2146518596","2104977949","5.46837"
"2104977949","2149135960","0.727461"
"2149135960","2104977949","0.727461"
"2104977949","2164656033","6.80706"
"2164656033","2104977949","6.80706"
"2104977949","2167367619","0.179842"
"2167367619","2104977949","0.179842"
"2117275119","2121317109","0.421112"
"2121317109","2117275119","0.421112"
"2117275119","2127695972","0.283017"
"2127695972","2117275119","0.283017"
"2117275119","2128145072","3.78778"
"2128145072","2117275119","3.78778"
"2117275119","2136135933","0.483016"
"2136135933","2117275119","0.483016"
"2117275119","2146518596","0.954445"
"2146518596","2117275119","0.954445"
"2117275119","2149135960","0.421112"
"2149135960","2117275119","0.421112"
"2117275119","2164656033","1.28302"
"2164656033","2117275119","1.28302"
"2117275119","2167367619","0.179842"
"2167367619","2117275119","0.179842"
"2121317109","2127695972","0.283017"
"2127695972","2121317109","0.283017"
"2121317109","2128145072","0.421112"
"2128145072","2121317109","0.421112"
"2121317109","2136135933","0.283017"
"2136135933","2121317109","0.283017"
"2121317109","2146518596","0.421112"
"2146518596","2121317109","0.421112"
"2121317109","2149135960","0.421112"
"2149135960","2121317109","0.421112"
"2121317109","2164656033","0.283017"
"2164656033","2121317109","0.283017"
"2121317109","2167367619","0.179842"
"2167367619","2121317109","0.179842"
"2127695972","2128145072","0.283017"
"2128145072","2127695972","0.283017"
"2127695972","2136135933","0.283017"
"2136135933","2127695972","0.283017"
"2127695972","2146518596","0.283017"
"2146518596","2127695972","0.283017"
"2127695972","2149135960","0.283017"
"2149135960","2127695972","0.283017"
"2127695972","2164656033","0.283017"
"2164656033","2127695972","0.283017"
"2127695972","2167367619","0.179842"
"2167367619","2127695972","0.179842"
"2128145072","2136135933","0.373926"
"2136135933","2128145072","0.373926"
"2128145072","2146518596","3.17869"
"2146518596","2128145072","3.17869"
"2128145072","2149135960","0.421112"
"2149135960","2128145072","0.421112"
"2128145072","2164656033","0.373926"
"2164656033","2128145072","0.373926"
"2128145072","2167367619","0.179842"
"2167367619","2128145072","0.179842"
"2136135933","2146518596","0.573926"
"2146518596","2136135933","0.573926"
"2136135933","2149135960","0.283017"
"2149135960","2136135933","0.283017"
"2136135933","2164656033","0.603092"
"2164656033","2136135933","0.603092"
"2136135933","2167367619","0.179842"
"2167367619","2136135933","0.179842"
"2146518596","2149135960","0.754445"
"2149135960","2146518596","0.754445"
"2146518596","2164656033","1.12393"
"2164656033","2146518596","1.12393"
"2146518596","2167367619","0.179842"
"2167367619","2146518596","0.179842"
"2149135960","2164656033","0.283017"
"2164656033","2149135960","0.283017"
"2149135960","2167367619","0.179842"
"2167367619","2149135960","0.179842"
"2164656033","2167367619","0.179842"
"2167367619","2164656033","0.179842"
"1555591231","2153848235","0.0434783"
"2153848235","1555591231","0.0434783"
"1965043778","2153848235","0.0434783"
"2153848235","1965043778","0.0434783"
"1986946228","2153848235","0.0434783"
"2153848235","1986946228","0.0434783"
"1987312753","2153848235","0.0434783"
"2153848235","1987312753","0.0434783"
"1987565626","2153848235","0.0434783"
"2153848235","1987565626","0.0434783"
"1989610576","2153848235","0.776812"
"2153848235","1989610576","0.776812"
"1992285698","2153848235","0.0434783"
"2153848235","1992285698","0.0434783"
"1992467826","2153848235","0.0434783"
"2153848235","1992467826","0.0434783"
"2009187268","2153848235","0.0434783"
"2153848235","2009187268","0.0434783"
"2058352226","2153848235","0.0434783"
"2153848235","2058352226","0.0434783"
"2059191708","2153848235","0.376812"
"2153848235","2059191708","0.376812"
"2075147750","2153848235","0.0434783"
"2153848235","2075147750","0.0434783"
"2100965672","2153848235","0.0434783"
"2153848235","2100965672","0.0434783"
"2104977949","2153848235","0.776812"
"2153848235","2104977949","0.776812"
"2117275119","2153848235","0.0434783"
"2153848235","2117275119","0.0434783"
"2121317109","2153848235","0.0434783"
"2153848235","2121317109","0.0434783"
"2127695972","2153848235","0.0434783"
"2153848235","2127695972","0.0434783"
"2128145072","2153848235","0.0434783"
"2153848235","2128145072","0.0434783"
"2136135933","2153848235","0.0434783"
"2153848235","2136135933","0.0434783"
"2146518596","2153848235","0.0434783"
"2153848235","2146518596","0.0434783"
"2149135960","2153848235","1.87681"
"2153848235","2149135960","1.87681"
"2153848235","2164656033","0.0434783"
"2164656033","2153848235","0.0434783"
"2153848235","2167367619","0.0434783"
"2167367619","2153848235","0.0434783"
"1555591231","1983745035","0.142857"
"1983745035","1555591231","0.142857"
"1555591231","2044655473","0.142857"
"2044655473","1555591231","0.142857"
"1555591231","2097421050","0.142857"
"2097421050","1555591231","0.142857"
"1555591231","2104537415","0.142857"
"2104537415","1555591231","0.142857"
"1555591231","2117285963","0.142857"
"2117285963","1555591231","0.142857"
"1555591231","2168682990","0.142857"
"2168682990","1555591231","0.142857"
"1983745035","1989610576","0.142857"
"1989610576","1983745035","0.142857"
"1983745035","2044655473","1.20536"
"2044655473","1983745035","1.20536"
"1983745035","2097421050","1.45536"
"2097421050","1983745035","1.45536"
"1983745035","2104537415","1.20536"
"2104537415","1983745035","1.20536"
"1983745035","2117285963","0.205357"
"2117285963","1983745035","0.205357"
"1983745035","2168682990","0.205357"
"2168682990","1983745035","0.205357"
"1989610576","2044655473","0.342857"
"2044655473","1989610576","0.342857"
"1989610576","2097421050","0.7671"
"2097421050","1989610576","0.7671"
"1989610576","2104537415","2.55996"
"2104537415","1989610576","2.55996"
"1989610576","2117285963","10.81"
"2117285963","1989610576","10.81"
"1989610576","2168682990","0.952381"
"2168682990","1989610576","0.952381"
"2044655473","2097421050","0.405357"
"2097421050","2044655473","0.405357"
"2044655473","2104537415","0.605357"
"2104537415","2044655473","0.605357"
"2044655473","2117285963","0.348214"
"2117285963","2044655473","0.348214"
"2044655473","2168682990","0.205357"
"2168682990","2044655473","0.205357"
"2097421050","2104537415","12.5331"
"2104537415","2097421050","12.5331"
"2097421050","2117285963","0.772457"
"2117285963","2097421050","0.772457"
"2097421050","2168682990","0.348214"
"2168682990","2097421050","0.348214"
"2104537415","2117285963","1.74865"
"2117285963","2104537415","1.74865"
"2104537415","2168682990","0.491071"
"2168682990","2104537415","0.491071"
"2117285963","2168682990","2.9244"
"2168682990","2117285963","2.9244"
"1800460040","1965043778","0.4"
"1965043778","1800460040","0.4"
"1800460040","2092577038","0.2"
"2092577038","1800460040","0.2"
"1800460040","2118705596","1.4"
"2118705596","1800460040","1.4"
"1821692587","1965043778","1.6095"
"1965043778","1821692587","1.6095"
"1821692587","2092577038","5.869"
"2092577038","1821692587","5.869"
"1821692587","2118705596","3.019"
"2118705596","1821692587","3.019"
"1965043778","2092577038","3.49283"
"2092577038","1965043778","3.49283"
"1965043778","2118705596","3.45533"
"2118705596","1965043778","3.45533"
"1965043778","2145102078","1.6095"
"2145102078","1965043778","1.6095"
"2092577038","2118705596","3.569"
"2118705596","2092577038","3.569"
"2092577038","2145102078","6.819"
"2145102078","2092577038","6.819"
"2118705596","2145102078","6.93566"
"2145102078","2118705596","6.93566"
"1800460040","2146518596","0.833333"
"2146518596","1800460040","0.833333"
"1821692587","2146518596","0.333333"
"2146518596","1821692587","0.333333"
"2145102078","2146518596","0.583333"
"2146518596","2145102078","0.583333"
"1800460040","2120675233","4.2"
"2120675233","1800460040","4.2"
"2120675233","2146518596","0.5"
"2146518596","2120675233","0.5"
"1800460040","1977600242","0.2"
"1977600242","1800460040","0.2"
"1800460040","2024993557","0.2"
"2024993557","1800460040","0.2"
"1800460040","2097421050","0.2"
"2097421050","1800460040","0.2"
"1800460040","2104537415","0.2"
"2104537415","1800460040","0.2"
"1977600242","2024993557","0.2"
"2024993557","1977600242","0.2"
"1977600242","2097421050","1.08182"
"2097421050","1977600242","1.08182"
"1977600242","2104537415","2.03182"
"2104537415","1977600242","2.03182"
"1977600242","2145102078","1.29091"
"2145102078","1977600242","1.29091"
"2024993557","2097421050","0.2625"
"2097421050","2024993557","0.2625"
"2024993557","2104537415","0.2625"
"2104537415","2024993557","0.2625"
"2024993557","2145102078","0.7"
"2145102078","2024993557","0.7"
"2097421050","2145102078","1.61066"
"2145102078","2097421050","1.61066"
"2104537415","2145102078","2.62019"
"2145102078","2104537415","2.62019"
"1800460040","2561848258","1"
"2561848258","1800460040","1"
"1800460040","2739486908","0.2"
"2739486908","1800460040","0.2"
"1800460040","2916857260","0.2"
"2916857260","1800460040","0.2"
"1965043778","2120675233","0.2"
"2120675233","1965043778","0.2"
"1965043778","2739486908","0.45"
"2739486908","1965043778","0.45"
"1965043778","2916857260","0.7"
"2916857260","1965043778","0.7"
"2118705596","2120675233","0.2"
"2120675233","2118705596","0.2"
"2118705596","2739486908","0.367832"
"2739486908","2118705596","0.367832"
"2118705596","2916857260","2.56783"
"2916857260","2118705596","2.56783"
"2120675233","2739486908","0.2"
"2739486908","2120675233","0.2"
"2120675233","2916857260","0.2"
"2916857260","2120675233","0.2"
"2739486908","2916857260","0.566297"
"2916857260","2739486908","0.566297"
"1800460040","2164656033","0.5"
"2164656033","1800460040","0.5"
"2120675233","2164656033","1.5"
"2164656033","2120675233","1.5"
"1821692587","2097421050","1.41066"
"2097421050","1821692587","1.41066"
"1821692587","2104537415","1.75352"
"2104537415","1821692587","1.75352"
"1821692587","2164656033","0.84478"
"2164656033","1821692587","0.84478"
"1821692587","2177858235","0.201923"
"2177858235","1821692587","0.201923"
"1965043778","2097421050","2.94624"
"2097421050","1965043778","2.94624"
"1965043778","2104537415","1.84624"
"2104537415","1965043778","1.84624"
"1965043778","2177858235","0.201923"
"2177858235","1965043778","0.201923"
"2092577038","2097421050","1.66066"
"2097421050","2092577038","1.66066"
"2092577038","2104537415","1.91066"
"2104537415","2092577038","1.91066"
"2092577038","2164656033","0.201923"
"2164656033","2092577038","0.201923"
"2092577038","2177858235","0.201923"
"2177858235","2092577038","0.201923"
"2097421050","2118705596","3.23269"
"2118705596","2097421050","3.23269"
"2097421050","2164656033","0.748189"
"2164656033","2097421050","0.748189"
"2097421050","2177858235","0.201923"
"2177858235","2097421050","0.201923"
"2104537415","2118705596","2.93269"
"2118705596","2104537415","2.93269"
"2104537415","2164656033","1.14105"
"2164656033","2104537415","1.14105"
"2104537415","2177858235","0.201923"
"2177858235","2104537415","0.201923"
"2118705596","2164656033","0.65728"
"2164656033","2118705596","0.65728"
"2118705596","2177858235","0.201923"
"2177858235","2118705596","0.201923"
"2145102078","2164656033","1.09478"
"2164656033","2145102078","1.09478"
"2145102078","2177858235","0.201923"
"2177858235","2145102078","0.201923"
"2164656033","2177858235","0.201923"
"2177858235","2164656033","0.201923"
"1821692587","1982358968","0.333333"
"1982358968","1821692587","0.333333"
"1982358968","2104537415","3.22917"
"2104537415","1982358968","3.22917"
"1982358968","2118705596","0.979167"
"2118705596","1982358968","0.979167"
"1821692587","1997853995","0.625"
"1997853995","1821692587","0.625"
"1997853995","2145102078","0.625"
"2145102078","1997853995","0.625"
"1821692587","1989610576","0.592857"
"1989610576","1821692587","0.592857"
"1989610576","2118705596","3.06667"
"2118705596","1989610576","3.06667"
"1989610576","2145102078","0.792857"
"2145102078","1989610576","0.792857"
"1821692587","1977600242","0.840909"
"1977600242","1821692587","0.840909"
"1989610576","2092577038","0.783333"
"2092577038","1989610576","0.783333"
"1821692587","2117275119","0.0909091"
"2117275119","1821692587","0.0909091"
"1821692587","2492139674","0.335664"
"2492139674","1821692587","0.335664"
"1821692587","2518166949","1.55233"
"2518166949","1821692587","1.55233"
"1965043778","1977600242","0.881818"
"1977600242","1965043778","0.881818"
"1965043778","2278422430","1.16783"
"2278422430","1965043778","1.16783"
"1965043778","2492139674","0.167832"
"2492139674","1965043778","0.167832"
"1965043778","2518166949","0.667832"
"2518166949","1965043778","0.667832"
"1977600242","2092577038","0.0909091"
"2092577038","1977600242","0.0909091"
"1977600242","2117275119","2.04091"
"2117275119","1977600242","2.04091"
"1977600242","2118705596","0.590909"
"2118705596","1977600242","0.590909"
"1977600242","2278422430","0.0909091"
"2278422430","1977600242","0.0909091"
"1977600242","2492139674","0.0909091"
"2492139674","1977600242","0.0909091"
"1977600242","2518166949","0.340909"
"2518166949","1977600242","0.340909"
"2092577038","2117275119","0.0909091"
"2117275119","2092577038","0.0909091"
"2092577038","2278422430","0.835664"
"2278422430","2092577038","0.835664"
"2092577038","2492139674","0.335664"
"2492139674","2092577038","0.335664"
"2092577038","2518166949","0.335664"
"2518166949","2092577038","0.335664"
"2097421050","2117275119","0.290909"
"2117275119","2097421050","0.290909"
"2097421050","2278422430","1.33566"
"2278422430","2097421050","1.33566"
"2097421050","2492139674","0.335664"
"2492139674","2097421050","0.335664"
"2097421050","2518166949","0.785664"
"2518166949","2097421050","0.785664"
"2104537415","2117275119","0.540909"
"2117275119","2104537415","0.540909"
"2104537415","2278422430","0.478521"
"2278422430","2104537415","0.478521"
"2104537415","2492139674","0.335664"
"2492139674","2104537415","0.335664"
"2104537415","2518166949","1.119"
"2518166949","2104537415","1.119"
"2117275119","2118705596","0.590909"
"2118705596","2117275119","0.590909"
"2117275119","2145102078","0.0909091"
"2145102078","2117275119","0.0909091"
"2117275119","2278422430","0.0909091"
"2278422430","2117275119","0.0909091"
"2117275119","2492139674","0.0909091"
"2492139674","2117275119","0.0909091"
"2117275119","2518166949","0.340909"
"2518166949","2117275119","0.340909"
"2118705596","2278422430","0.335664"
"2278422430","2118705596","0.335664"
"2118705596","2492139674","0.835664"
"2492139674","2118705596","0.835664"
"2118705596","2518166949","1.03566"
"2518166949","2118705596","1.03566"
"2145102078","2492139674","0.335664"
"2492139674","2145102078","0.335664"
"2145102078","2518166949","1.85233"
"2518166949","2145102078","1.85233"
"2278422430","2492139674","0.984129"
"2492139674","2278422430","0.984129"
"2278422430","2518166949","0.585664"
"2518166949","2278422430","0.585664"
"2492139674","2518166949","1.08566"
"2518166949","2492139674","1.08566"
"1821692587","2024993557","1.5"
"2024993557","1821692587","1.5"
"1821692587","1987312753","0.25"
"1987312753","1821692587","0.25"
"1821692587","2104977949","0.25"
"2104977949","1821692587","0.25"
"1977600242","1987312753","1.25"
"1987312753","1977600242","1.25"
"1977600242","2104977949","4.19091"
"2104977949","1977600242","4.19091"
"1987312753","2145102078","0.25"
"2145102078","1987312753","0.25"
"2104977949","2145102078","0.5"
"2145102078","2104977949","0.5"
"1821692587","2145331246","0.25"
"2145331246","1821692587","0.25"
"2097421050","2145331246","0.3125"
"2145331246","2097421050","0.3125"
"2145102078","2145331246","0.75"
"2145331246","2145102078","0.75"
"2145331246","2518166949","0.583333"
"2518166949","2145331246","0.583333"
"1821692587","2117285963","0.242857"
"2117285963","1821692587","0.242857"
"1821692587","2168682990","0.242857"
"2168682990","1821692587","0.242857"
"1989610576","2278422430","0.142857"
"2278422430","1989610576","0.142857"
"2117285963","2145102078","0.242857"
"2145102078","2117285963","0.242857"
"2117285963","2164656033","1.13912"
"2164656033","2117285963","1.13912"
"2117285963","2278422430","0.22619"
"2278422430","2117285963","0.22619"
"2145102078","2168682990","0.242857"
"2168682990","2145102078","0.242857"
"2164656033","2168682990","0.348214"
"2168682990","2164656033","0.348214"
"2164656033","2278422430","0.21978"
"2278422430","2164656033","0.21978"
"2168682990","2278422430","0.142857"
"2278422430","2168682990","0.142857"
"1821692587","2336275496","0.166667"
"2336275496","1821692587","0.166667"
"1821692587","2383800869","0.166667"
"2383800869","1821692587","0.166667"
"1821692587","2510636540","0.166667"
"2510636540","1821692587","0.166667"
"1821692587","2916857260","1.36783"
"2916857260","1821692587","1.36783"
"2145102078","2336275496","0.166667"
"2336275496","2145102078","0.166667"
"2145102078","2383800869","1.16667"
"2383800869","2145102078","1.16667"
"2145102078","2510636540","0.166667"
"2510636540","2145102078","0.166667"
"2145102078","2916857260","0.834499"
"2916857260","2145102078","0.834499"
"2336275496","2383800869","0.416667"
"2383800869","2336275496","0.416667"
"2336275496","2510636540","0.166667"
"2510636540","2336275496","0.166667"
"2336275496","2518166949","0.75"
"2518166949","2336275496","0.75"
"2336275496","2916857260","0.166667"
"2916857260","2336275496","0.166667"
"2383800869","2510636540","0.166667"
"2510636540","2383800869","0.166667"
"2383800869","2518166949","0.416667"
"2518166949","2383800869","0.416667"
"2383800869","2916857260","0.166667"
"2916857260","2383800869","0.166667"
"2510636540","2518166949","0.166667"
"2518166949","2510636540","0.166667"
"2510636540","2916857260","0.166667"
"2916857260","2510636540","0.166667"
"2518166949","2916857260","1.0345"
"2916857260","2518166949","1.0345"
"1821692587","1987565626","1"
"1987565626","1821692587","1"
"1821692587","1986946228","0.333333"
"1986946228","1821692587","0.333333"
"1986946228","2278422430","0.333333"
"2278422430","1986946228","0.333333"
"1986946228","2916857260","0.333333"
"2916857260","1986946228","0.333333"
"2278422430","2916857260","4.44963"
"2916857260","2278422430","4.44963"
"1821692587","2561848258","0.792832"
"2561848258","1821692587","0.792832"
"2518166949","2561848258","1.16783"
"2561848258","2518166949","1.16783"
"1821692587","2763886648","0.5"
"2763886648","1821692587","0.5"
"2145102078","2763886648","0.5"
"2763886648","2145102078","0.5"
"1821692587","2739486908","0.417832"
"2739486908","1821692587","0.417832"
"1821692587","2915632761","1.43803"
"2915632761","1821692587","1.43803"
"1965043778","2915632761","1.25"
"2915632761","1965043778","1.25"
"2145102078","2739486908","0.917832"
"2739486908","2145102078","0.917832"
"2145102078","2915632761","0.438034"
"2915632761","2145102078","0.438034"
"2739486908","2915632761","0.442055"
"2915632761","2739486908","0.442055"
"1821692587","2883389483","0.413034"
"2883389483","1821692587","0.413034"
"2092577038","2561848258","0.292832"
"2561848258","2092577038","0.292832"
"2092577038","2739486908","0.167832"
"2739486908","2092577038","0.167832"
"2092577038","2883389483","0.201923"
"2883389483","2092577038","0.201923"
"2092577038","2915632761","0.0769231"
"2915632761","2092577038","0.0769231"
"2092577038","2916857260","0.667832"
"2916857260","2092577038","0.667832"
"2097421050","2561848258","0.167832"
"2561848258","2097421050","0.167832"
"2097421050","2739486908","0.167832"
"2739486908","2097421050","0.167832"
"2097421050","2883389483","0.0769231"
"2883389483","2097421050","0.0769231"
"2097421050","2915632761","0.0769231"
"2915632761","2097421050","0.0769231"
"2097421050","2916857260","0.367832"
"2916857260","2097421050","0.367832"
"2104537415","2561848258","0.167832"
"2561848258","2104537415","0.167832"
"2104537415","2739486908","0.167832"
"2739486908","2104537415","0.167832"
"2104537415","2883389483","0.0769231"
"2883389483","2104537415","0.0769231"
"2104537415","2915632761","0.326923"
"2915632761","2104537415","0.326923"
"2104537415","2916857260","0.367832"
"2916857260","2104537415","0.367832"
"2118705596","2561848258","0.292832"
"2561848258","2118705596","0.292832"
"2118705596","2883389483","0.201923"
"2883389483","2118705596","0.201923"
"2118705596","2915632761","0.0769231"
"2915632761","2118705596","0.0769231"
"2145102078","2561848258","0.292832"
"2561848258","2145102078","0.292832"
"2145102078","2883389483","0.413034"
"2883389483","2145102078","0.413034"
"2278422430","2561848258","0.417832"
"2561848258","2278422430","0.417832"
"2278422430","2739486908","0.366297"
"2739486908","2278422430","0.366297"
"2278422430","2883389483","0.192055"
"2883389483","2278422430","0.192055"
"2278422430","2915632761","1.19205"
"2915632761","2278422430","1.19205"
"2492139674","2561848258","0.167832"
"2561848258","2492139674","0.167832"
"2492139674","2739486908","0.366297"
"2739486908","2492139674","0.366297"
"2492139674","2883389483","0.192055"
"2883389483","2492139674","0.192055"
"2492139674","2915632761","0.192055"
"2915632761","2492139674","0.192055"
"2492139674","2916857260","0.366297"
"2916857260","2492139674","0.366297"
"2518166949","2739486908","0.167832"
"2739486908","2518166949","0.167832"
"2518166949","2883389483","0.176923"
"2883389483","2518166949","0.176923"
"2518166949","2915632761","0.326923"
"2915632761","2518166949","0.326923"
"2561848258","2739486908","0.167832"
"2739486908","2561848258","0.167832"
"2561848258","2883389483","0.201923"
"2883389483","2561848258","0.201923"
"2561848258","2915632761","0.576923"
"2915632761","2561848258","0.576923"
"2561848258","2916857260","1.41783"
"2916857260","2561848258","1.41783"
"2739486908","2883389483","0.442055"
"2883389483","2739486908","0.442055"
"2883389483","2915632761","0.303166"
"2915632761","2883389483","0.303166"
"2883389483","2916857260","0.192055"
"2916857260","2883389483","0.192055"
"2915632761","2916857260","1.19205"
