"129374938","61870854","1.91667"
"61870854","129374938","1.91667"
"129374938","1857363238","0.375"
"1857363238","129374938","0.375"
"129374938","2103868445","0.25"
"2103868445","129374938","0.25"
"129374938","2110232288","0.375"
"2110232288","129374938","0.375"
"1857363238","2103868445","0.75"
"2103868445","1857363238","0.75"
"1857363238","2110232288","2.375"
"2110232288","1857363238","2.375"
"1857363238","61870854","0.25"
"61870854","1857363238","0.25"
"2103868445","2110232288","5.58333"
"2110232288","2103868445","5.58333"
"2103868445","61870854","0.25"
"61870854","2103868445","0.25"
"2110232288","61870854","0.75"
"61870854","2110232288","0.75"
"129374938","2098881061","0.333333"
"2098881061","129374938","0.333333"
"129374938","2131850594","0.333333"
"2131850594","129374938","0.333333"
"2098881061","2131850594","0.533333"
"2131850594","2098881061","0.533333"
"2098881061","61870854","0.333333"
"61870854","2098881061","0.333333"
"2131850594","61870854","0.333333"
"61870854","2131850594","0.333333"
"129374938","1961232073","0.291667"
"1961232073","129374938","0.291667"
"129374938","2049583853","0.291667"
"2049583853","129374938","0.291667"
"129374938","2065035950","3.29167"
"2065035950","129374938","3.29167"
"129374938","2112734010","0.291667"
"2112734010","129374938","0.291667"
"129374938","2146301186","0.125"
"2146301186","129374938","0.125"
"129374938","3014961667","0.125"
"3014961667","129374938","0.125"
"1857363238","1961232073","0.325"
"1961232073","1857363238","0.325"
"1857363238","2049583853","0.125"
"2049583853","1857363238","0.125"
"1857363238","2065035950","1.825"
"2065035950","1857363238","1.825"
"1857363238","2112734010","0.325"
"2112734010","1857363238","0.325"
"1857363238","2146301186","1.625"
"2146301186","1857363238","1.625"
"1857363238","3014961667","0.125"
"3014961667","1857363238","0.125"
"1961232073","2049583853","20.0333"
"2049583853","1961232073","20.0333"
"1961232073","2065035950","1.36667"
"2065035950","1961232073","1.36667"
"1961232073","2110232288","0.916667"
"2110232288","1961232073","0.916667"
"1961232073","2112734010","2.86667"
"2112734010","1961232073","2.86667"
"1961232073","2146301186","1.04167"
"2146301186","1961232073","1.04167"
"1961232073","3014961667","1.99167"
"3014961667","1961232073","1.99167"
"2049583853","2065035950","0.916667"
"2065035950","2049583853","0.916667"
"2049583853","2110232288","0.25"
"2110232288","2049583853","0.25"
"2049583853","2112734010","2"
"2112734010","2049583853","2"
"2049583853","2146301186","0.125"
"2146301186","2049583853","0.125"
"2049583853","3014961667","3.65833"
"3014961667","2049583853","3.65833"
"2065035950","2110232288","0.25"
"2110232288","2065035950","0.25"
"2065035950","2112734010","1.61667"
"2112734010","2065035950","1.61667"
"2065035950","2146301186","0.375"
"2146301186","2065035950","0.375"
"2065035950","3014961667","0.125"
"3014961667","2065035950","0.125"
"2110232288","2112734010","2.91667"
"2112734010","2110232288","2.91667"
"2110232288","2146301186","23.125"
"2146301186","2110232288","23.125"
"2110232288","3014961667","1.125"
"3014961667","2110232288","1.125"
"2112734010","2146301186","10.7917"
"2146301186","2112734010","10.7917"
"2112734010","3014961667","1.20833"
"3014961667","2112734010","1.20833"
"2146301186","3014961667","0.125"
"3014961667","2146301186","0.125"
"129374938","1522931342","0.333333"
"1522931342","129374938","0.333333"
"129374938","2121409173","0.333333"
"2121409173","129374938","0.333333"
"1522931342","2121409173","0.333333"
"2121409173","1522931342","0.333333"
"1522931342","61870854","0.333333"
"61870854","1522931342","0.333333"
"2121409173","61870854","1.33333"
"61870854","2121409173","1.33333"
"129374938","2089624648","1.16667"
"2089624648","129374938","1.16667"
"129374938","1512793002","0.166667"
"1512793002","129374938","0.166667"
"1512793002","1961232073","1.325"
"1961232073","1512793002","1.325"
"1512793002","2049583853","1.45833"
"2049583853","1512793002","1.45833"
"1512793002","2065035950","1.49167"
"2065035950","1512793002","1.49167"
"1512793002","2089624648","3.625"
"2089624648","1512793002","3.625"
"1512793002","2112734010","4.325"
"2112734010","1512793002","4.325"
"1961232073","2089624648","0.958333"
"2089624648","1961232073","0.958333"
"2049583853","2089624648","0.625"
"2089624648","2049583853","0.625"
"2065035950","2089624648","0.291667"
"2089624648","2065035950","0.291667"
"2089624648","2112734010","0.291667"
"2112734010","2089624648","0.291667"
"1512793002","1598711931","1.33333"
"1598711931","1512793002","1.33333"
"1512793002","2169450010","1.16667"
"2169450010","1512793002","1.16667"
"1598711931","2049583853","0.666667"
"2049583853","1598711931","0.666667"
"1598711931","2169450010","0.666667"
"2169450010","1598711931","0.666667"
"2049583853","2169450010","2.78333"
"2169450010","2049583853","2.78333"
"1512793002","1522931342","0.5"
"1522931342","1512793002","0.5"
"1522931342","2169450010","3.41667"
"2169450010","1522931342","3.41667"
"1512793002","2146301186","1"
"2146301186","1512793002","1"
"1512793002","2091917454","1.125"
"2091917454","1512793002","1.125"
"1512793002","2110232288","0.125"
"2110232288","1512793002","0.125"
"1512793002","2150250966","1.15833"
"2150250966","1512793002","1.15833"
"1961232073","2091917454","15.2417"
"2091917454","1961232073","15.2417"
"1961232073","2150250966","0.325"
"2150250966","1961232073","0.325"
"2049583853","2091917454","9.24167"
"2091917454","2049583853","9.24167"
"2049583853","2150250966","0.125"
"2150250966","2049583853","0.125"
"2065035950","2091917454","0.125"
"2091917454","2065035950","0.125"
"2065035950","2150250966","0.825"
"2150250966","2065035950","0.825"
"2089624648","2091917454","1.29167"
"2091917454","2089624648","1.29167"
"2089624648","2110232288","0.625"
"2110232288","2089624648","0.625"
"2089624648","2150250966","0.125"
"2150250966","2089624648","0.125"
"2091917454","2110232288","0.125"
"2110232288","2091917454","0.125"
"2091917454","2112734010","4.625"
"2112734010","2091917454","4.625"
"2091917454","2150250966","1.125"
"2150250966","2091917454","1.125"
"2110232288","2150250966","1.125"
"2150250966","2110232288","1.125"
"2112734010","2150250966","2.15833"
"2150250966","2112734010","2.15833"
"1512793002","1857363238","0.2"
"1857363238","1512793002","0.2"
"1857363238","2150250966","0.7"
"2150250966","1857363238","0.7"
"1598711931","1961232073","0.333333"
"1961232073","1598711931","0.333333"
"1598711931","2089624648","0.833333"
"2089624648","1598711931","0.833333"
"1598711931","2112734010","2.16667"
"2112734010","1598711931","2.16667"
"1598711931","2150250966","0.333333"
"2150250966","1598711931","0.333333"
"1522931342","1961232073","0.833333"
"1961232073","1522931342","0.833333"
"1522931342","2049583853","1.5"
"2049583853","1522931342","1.5"
"1522931342","2091917454","0.583333"
"2091917454","1522931342","0.583333"
"1522931342","3014961667","5.25"
"3014961667","1522931342","5.25"
"2169450010","3014961667","11.2"
"3014961667","2169450010","11.2"
"1522931342","2111580856","1.25"
"2111580856","1522931342","1.25"
"1961232073","2111580856","3.23333"
"2111580856","1961232073","3.23333"
"2049583853","2111580856","1.03333"
"2111580856","2049583853","1.03333"
"2111580856","3014961667","2.86667"
"3014961667","2111580856","2.86667"
"1522931342","2089624648","1"
"2089624648","1522931342","1"
"2089624648","3014961667","7.33333"
"3014961667","2089624648","7.33333"
"2111580856","2169450010","2.03333"
"2169450010","2111580856","2.03333"
"1522931342","1598711931","0.833333"
"1598711931","1522931342","0.833333"
"1522931342","2112734010","1.83333"
"2112734010","1522931342","1.83333"
"1598711931","3014961667","0.333333"
"3014961667","1598711931","0.333333"
"1961232073","2169450010","1.45"
"2169450010","1961232073","1.45"
"2091917454","2169450010","1.45"
"2169450010","2091917454","1.45"
"1531353833","2112734010","1"
"2112734010","1531353833","1"
"1598711931","1857363238","1"
"1857363238","1598711931","1"
"1598711931","2110232288","2"
"2110232288","1598711931","2"
"1598711931","2146301186","1.5"
"2146301186","1598711931","1.5"
"1598711931","2098881061","1"
"2098881061","1598711931","1"
"1857363238","2121409173","1"
"2121409173","1857363238","1"
"1857363238","2131850594","1"
"2131850594","1857363238","1"
"1961232073","2098881061","0.95"
"2098881061","1961232073","0.95"
"1961232073","2121409173","5.45"
"2121409173","1961232073","5.45"
"1961232073","2155511297","0.366667"
"2155511297","1961232073","0.366667"
"2098881061","2110232288","0.666667"
"2110232288","2098881061","0.666667"
"2098881061","2112734010","1.66667"
"2112734010","2098881061","1.66667"
"2098881061","2121409173","0.616667"
"2121409173","2098881061","0.616667"
"2098881061","2146301186","0.916667"
"2146301186","2098881061","0.916667"
"2098881061","2155511297","0.866667"
"2155511297","2098881061","0.866667"
"2110232288","2121409173","1"
"2121409173","2110232288","1"
"2110232288","2155511297","3.66667"
"2155511297","2110232288","3.66667"
"2112734010","2121409173","1"
"2121409173","2112734010","1"
"2112734010","2155511297","1.16667"
"2155511297","2112734010","1.16667"
"2121409173","2146301186","11.25"
"2146301186","2121409173","11.25"
"2121409173","2155511297","0.366667"
"2155511297","2121409173","0.366667"
"2146301186","2155511297","0.666667"
"2155511297","2146301186","0.666667"
"2091917454","2111580856","1.2"
"2111580856","2091917454","1.2"
"2091917454","3014961667","1.2"
"3014961667","2091917454","1.2"
"2065035950","2098881061","0.25"
"2098881061","2065035950","0.25"
"2065035950","2121409173","0.25"
"2121409173","2065035950","0.25"
"2111580856","2112734010","0.25"
"2112734010","2111580856","0.25"
"1961232073","2103868445","0.5"
"2103868445","1961232073","0.5"
"2049583853","2098881061","0.333333"
"2098881061","2049583853","0.333333"
"2098881061","3014961667","1.33333"
"3014961667","2098881061","1.33333"
"2049583853","2121409173","0.333333"
"2121409173","2049583853","0.333333"
"1961232073","2131850594","0.2"
"2131850594","1961232073","0.2"
"2098881061","2111580856","0.2"
"2111580856","2098881061","0.2"
"2111580856","2121409173","0.2"
"2121409173","2111580856","0.2"
"2111580856","2131850594","0.2"
"2131850594","2111580856","0.2"
"2111580856","2155511297","0.2"
"2155511297","2111580856","0.2"
"2121409173","2131850594","0.2"
"2131850594","2121409173","0.2"
"2131850594","2155511297","0.2"
"2155511297","2131850594","0.2"
"1975540032","2089624648","0.333333"
"2089624648","1975540032","0.333333"
"1975540032","2091917454","0.333333"
"2091917454","1975540032","0.333333"
"1975540032","2107818727","0.333333"
"2107818727","1975540032","0.333333"
"2089624648","2107818727","0.333333"
"2107818727","2089624648","0.333333"
"2091917454","2107818727","0.333333"
"2107818727","2091917454","0.333333"
"2049583853","2131850594","1.5"
"2131850594","2049583853","1.5"
"2112734010","2131850594","0.5"
"2131850594","2112734010","0.5"
"2089624648","2111580856","0.333333"
"2111580856","2089624648","0.333333"
"2089624648","2169450010","1.83333"
"2169450010","2089624648","1.83333"
"2089624648","2146301186","1"
"2146301186","2089624648","1"
"2091917454","2098881061","1"
"2098881061","2091917454","1"
"2091917454","2146301186","0.5"
"2146301186","2091917454","0.5"
"2091917454","2155511297","0.5"
"2155511297","2091917454","0.5"
"2103868445","2121409173","0.333333"
"2121409173","2103868445","0.333333"
"2103868445","2146301186","0.333333"
"2146301186","2103868445","0.333333"
"2146301186","61870854","0.5"
"61870854","2146301186","0.5"
"2110232288","2125803941","1"
"2125803941","2110232288","1"
