"103922014","2162946535","2.5"
"2162946535","103922014","2.5"
"103922014","1987820042","0.5"
"1987820042","103922014","0.5"
"1987820042","2162946535","3.5"
"2162946535","1987820042","3.5"
"103922014","1584689009","1"
"1584689009","103922014","1"
"1480085931","1491658408","1"
"1491658408","1480085931","1"
"1483763945","2090682579","10.2293"
"2090682579","1483763945","10.2293"
"1483763945","1603805323","15.0293"
"1603805323","1483763945","15.0293"
"1483763945","2137523786","6.94597"
"2137523786","1483763945","6.94597"
"1603805323","2137523786","1.56264"
"2137523786","1603805323","1.56264"
"1483763945","1535279741","28.1936"
"1535279741","1483763945","28.1936"
"1535279741","1603805323","3.82692"
"1603805323","1535279741","3.82692"
"1483763945","2037481598","0.333333"
"2037481598","1483763945","0.333333"
"1483763945","2104165400","3.74359"
"2104165400","1483763945","3.74359"
"1483763945","2570614548","1.44597"
"2570614548","1483763945","1.44597"
"2037481598","2104165400","0.333333"
"2104165400","2037481598","0.333333"
"2037481598","2570614548","0.666667"
"2570614548","2037481598","0.666667"
"2104165400","2570614548","0.410256"
"2570614548","2104165400","0.410256"
"1483763945","2148792468","2.83333"
"2148792468","1483763945","2.83333"
"1535279741","2148792468","7.83333"
"2148792468","1535279741","7.83333"
"1483763945","1489759386","0.392857"
"1489759386","1483763945","0.392857"
"1483763945","1532944600","1.14286"
"1532944600","1483763945","1.14286"
"1483763945","2143631345","0.285714"
"2143631345","1483763945","0.285714"
"1489759386","1532944600","0.142857"
"1532944600","1489759386","0.142857"
"1489759386","1603805323","0.642857"
"1603805323","1489759386","0.642857"
"1489759386","2090682579","0.142857"
"2090682579","1489759386","0.142857"
"1489759386","2137523786","0.142857"
"2137523786","1489759386","0.142857"
"1489759386","2143631345","0.142857"
"2143631345","1489759386","0.142857"
"1489759386","2570614548","0.142857"
"2570614548","1489759386","0.142857"
"1532944600","1603805323","3.14286"
"1603805323","1532944600","3.14286"
"1532944600","2090682579","0.142857"
"2090682579","1532944600","0.142857"
"1532944600","2137523786","0.642857"
"2137523786","1532944600","0.642857"
"1532944600","2143631345","0.142857"
"2143631345","1532944600","0.142857"
"1532944600","2570614548","3.14286"
"2570614548","1532944600","3.14286"
"1603805323","2090682579","0.362637"
"2090682579","1603805323","0.362637"
"1603805323","2143631345","0.985714"
"2143631345","1603805323","0.985714"
"1603805323","2570614548","4.14597"
"2570614548","1603805323","4.14597"
"2090682579","2137523786","9.57097"
"2137523786","2090682579","9.57097"
"2090682579","2143631345","0.285714"
"2143631345","2090682579","0.285714"
"2090682579","2570614548","0.362637"
"2570614548","2090682579","0.362637"
"2137523786","2143631345","0.485714"
"2143631345","2137523786","0.485714"
"2137523786","2570614548","0.562637"
"2570614548","2137523786","0.562637"
"2143631345","2570614548","0.985714"
"2570614548","2143631345","0.985714"
"1483763945","2097045073","1"
"2097045073","1483763945","1"
"1483763945","2160305607","3.45"
"2160305607","1483763945","3.45"
"1535279741","2090682579","24.4019"
"2090682579","1535279741","24.4019"
"1483763945","2170766963","3.2"
"2170766963","1483763945","3.2"
"1483763945","1993786250","0.75"
"1993786250","1483763945","0.75"
"1483763945","2136121557","0.45"
"2136121557","1483763945","0.45"
"1535279741","1993786250","0.25"
"1993786250","1535279741","0.25"
"1535279741","2136121557","3.42619"
"2136121557","1535279741","3.42619"
"1535279741","2160305607","4.45"
"2160305607","1535279741","4.45"
"1993786250","2136121557","0.416667"
"2136121557","1993786250","0.416667"
"1993786250","2160305607","0.25"
"2160305607","1993786250","0.25"
"2136121557","2160305607","0.45"
"2160305607","2136121557","0.45"
"1483763945","2168550698","0.5"
"2168550698","1483763945","0.5"
"1603805323","2168550698","0.5"
"2168550698","1603805323","0.5"
"1483763945","1719848100","0.75"
"1719848100","1483763945","0.75"
"1489759386","1719848100","0.25"
"1719848100","1489759386","0.25"
"1489759386","2104165400","0.25"
"2104165400","1489759386","0.25"
"1603805323","1719848100","0.75"
"1719848100","1603805323","0.75"
"1603805323","2104165400","3.99359"
"2104165400","1603805323","3.99359"
"1719848100","2104165400","0.25"
"2104165400","1719848100","0.25"
"1535279741","2137523786","6.42811"
"2137523786","1535279741","6.42811"
"2104165400","2137523786","0.826923"
"2137523786","2104165400","0.826923"
"1483763945","2161371090","0.5"
"2161371090","1483763945","0.5"
"1603805323","2161371090","0.833333"
"2161371090","1603805323","0.833333"
"1535279741","2104165400","0.326923"
"2104165400","1535279741","0.326923"
"2104165400","2148792468","0.25"
"2148792468","2104165400","0.25"
"2137523786","2148792468","1.08333"
"2148792468","2137523786","1.08333"
"1535279741","2170766963","4.59286"
"2170766963","1535279741","4.59286"
"2090682579","2136121557","0.7"
"2136121557","2090682579","0.7"
"2090682579","2160305607","4.2"
"2160305607","2090682579","4.2"
"2090682579","2170766963","1.45"
"2170766963","2090682579","1.45"
"2136121557","2170766963","1.48571"
"2170766963","2136121557","1.48571"
"2160305607","2170766963","1.2"
"2170766963","2160305607","1.2"
"1483763945","2109128729","2"
"2109128729","1483763945","2"
"1483763945","2128375099","1"
"2128375099","1483763945","1"
"1535279741","2570614548","0.326923"
"2570614548","1535279741","0.326923"
"1603805323","2148792468","0.25"
"2148792468","1603805323","0.25"
"2148792468","2570614548","0.25"
"2570614548","2148792468","0.25"
"1483763945","2132476584","0.71978"
"2132476584","1483763945","0.71978"
"1603805323","2132476584","5.75311"
"2132476584","1603805323","5.75311"
"1483763945","1491206589","0.0769231"
"1491206589","1483763945","0.0769231"
"1483763945","2043035982","0.0769231"
"2043035982","1483763945","0.0769231"
"1483763945","2101282805","0.0769231"
"2101282805","1483763945","0.0769231"
"1483763945","2101302356","0.553114"
"2101302356","1483763945","0.553114"
"1483763945","2138540053","0.0769231"
"2138540053","1483763945","0.0769231"
"1483763945","2155228754","0.410256"
"2155228754","1483763945","0.410256"
"1491206589","1535279741","0.201923"
"1535279741","1491206589","0.201923"
"1491206589","1603805323","0.0769231"
"1603805323","1491206589","0.0769231"
"1491206589","2043035982","0.0769231"
"2043035982","1491206589","0.0769231"
"1491206589","2090682579","0.201923"
"2090682579","1491206589","0.201923"
"1491206589","2101282805","0.0769231"
"2101282805","1491206589","0.0769231"
"1491206589","2101302356","0.0769231"
"2101302356","1491206589","0.0769231"
"1491206589","2104165400","0.0769231"
"2104165400","1491206589","0.0769231"
"1491206589","2132476584","0.576923"
"2132476584","1491206589","0.576923"
"1491206589","2137523786","4.23526"
"2137523786","1491206589","4.23526"
"1491206589","2138540053","0.535256"
"2138540053","1491206589","0.535256"
"1491206589","2155228754","1.40192"
"2155228754","1491206589","1.40192"
"1491206589","2570614548","0.0769231"
"2570614548","1491206589","0.0769231"
"1535279741","2043035982","0.0769231"
"2043035982","1535279741","0.0769231"
"1535279741","2101282805","0.410256"
"2101282805","1535279741","0.410256"
"1535279741","2101302356","0.410256"
"2101302356","1535279741","0.410256"
"1535279741","2132476584","0.0769231"
"2132476584","1535279741","0.0769231"
"1535279741","2138540053","1.45192"
"2138540053","1535279741","1.45192"
"1535279741","2155228754","2.09478"
"2155228754","1535279741","2.09478"
"1603805323","2043035982","0.0769231"
"2043035982","1603805323","0.0769231"
"1603805323","2101282805","0.0769231"
"2101282805","1603805323","0.0769231"
"1603805323","2101302356","3.05311"
"2101302356","1603805323","3.05311"
"1603805323","2138540053","0.0769231"
"2138540053","1603805323","0.0769231"
"1603805323","2155228754","0.410256"
"2155228754","1603805323","0.410256"
"2043035982","2090682579","0.0769231"
"2090682579","2043035982","0.0769231"
"2043035982","2101282805","0.0769231"
"2101282805","2043035982","0.0769231"
"2043035982","2101302356","0.0769231"
"2101302356","2043035982","0.0769231"
"2043035982","2104165400","0.0769231"
"2104165400","2043035982","0.0769231"
"2043035982","2132476584","0.0769231"
"2132476584","2043035982","0.0769231"
"2043035982","2137523786","0.0769231"
"2137523786","2043035982","0.0769231"
"2043035982","2138540053","1.41026"
"2138540053","2043035982","1.41026"
"2043035982","2155228754","0.0769231"
"2155228754","2043035982","0.0769231"
"2043035982","2570614548","0.0769231"
"2570614548","2043035982","0.0769231"
"2090682579","2101282805","0.0769231"
"2101282805","2090682579","0.0769231"
"2090682579","2101302356","0.21978"
"2101302356","2090682579","0.21978"
"2090682579","2104165400","0.0769231"
"2104165400","2090682579","0.0769231"
"2090682579","2132476584","0.21978"
"2132476584","2090682579","0.21978"
"2090682579","2138540053","0.36859"
"2138540053","2090682579","0.36859"
"2090682579","2155228754","1.03526"
"2155228754","2090682579","1.03526"
"2101282805","2101302356","0.0769231"
"2101302356","2101282805","0.0769231"
"2101282805","2104165400","0.0769231"
"2104165400","2101282805","0.0769231"
"2101282805","2132476584","0.0769231"
"2132476584","2101282805","0.0769231"
"2101282805","2137523786","0.0769231"
"2137523786","2101282805","0.0769231"
"2101282805","2138540053","0.0769231"
"2138540053","2101282805","0.0769231"
"2101282805","2155228754","0.0769231"
"2155228754","2101282805","0.0769231"
"2101282805","2570614548","0.0769231"
"2570614548","2101282805","0.0769231"
"2101302356","2104165400","0.74359"
"2104165400","2101302356","0.74359"
"2101302356","2132476584","1.05311"
"2132476584","2101302356","1.05311"
"2101302356","2137523786","0.21978"
"2137523786","2101302356","0.21978"
"2101302356","2138540053","0.0769231"
"2138540053","2101302356","0.0769231"
"2101302356","2155228754","0.0769231"
"2155228754","2101302356","0.0769231"
"2101302356","2570614548","1.05311"
"2570614548","2101302356","1.05311"
"2104165400","2132476584","1.07692"
"2132476584","2104165400","1.07692"
"2104165400","2138540053","0.0769231"
"2138540053","2104165400","0.0769231"
"2104165400","2155228754","0.0769231"
"2155228754","2104165400","0.0769231"
"2132476584","2137523786","0.91978"
"2137523786","2132476584","0.91978"
"2132476584","2138540053","0.0769231"
"2138540053","2132476584","0.0769231"
"2132476584","2155228754","0.0769231"
"2155228754","2132476584","0.0769231"
"2132476584","2570614548","1.08645"
"2570614548","2132476584","1.08645"
"2137523786","2138540053","1.70192"
"2138540053","2137523786","1.70192"
"2137523786","2155228754","4.02097"
"2155228754","2137523786","4.02097"
"2138540053","2155228754","1.70192"
"2155228754","2138540053","1.70192"
"2138540053","2570614548","0.0769231"
"2570614548","2138540053","0.0769231"
"2155228754","2570614548","0.0769231"
"2570614548","2155228754","0.0769231"
"1483763945","2294626234","0.333333"
"2294626234","1483763945","0.333333"
"1603805323","2294626234","0.333333"
"2294626234","1603805323","0.333333"
"2155228754","2294626234","11.9524"
"2294626234","2155228754","11.9524"
"2090682579","2148792468","0.5"
"2148792468","2090682579","0.5"
"2101302356","2143631345","0.642857"
"2143631345","2101302356","0.642857"
"2132476584","2143631345","0.842857"
"2143631345","2132476584","0.842857"
"1483763945","2089247435","0.5"
"2089247435","1483763945","0.5"
"1993786250","2089247435","59.7"
"2089247435","1993786250","59.7"
"1483763945","1991571419","1"
"1991571419","1483763945","1"
"1485653296","1997506570","4.5"
"1997506570","1485653296","4.5"
"1485653296","1555508210","0.5"
"1555508210","1485653296","0.5"
"1555508210","1997506570","4"
"1997506570","1555508210","4"
"1489759386","1513057195","0.75"
"1513057195","1489759386","0.75"
"1489759386","2037481598","0.75"
"2037481598","1489759386","0.75"
"1513057195","2037481598","1.25"
"2037481598","1513057195","1.25"
"1489759386","2156448604","0.25"
"2156448604","1489759386","0.25"
"1513057195","1603805323","0.75"
"1603805323","1513057195","0.75"
"1513057195","2156448604","2.5"
"2156448604","1513057195","2.5"
"1603805323","2037481598","1.08333"
"2037481598","1603805323","1.08333"
"1603805323","2156448604","0.25"
"2156448604","1603805323","0.25"
"2037481598","2156448604","0.25"
"2156448604","2037481598","0.25"
"1491206589","2124770891","1.125"
"2124770891","1491206589","1.125"
"2124770891","2137523786","3.95833"
"2137523786","2124770891","3.95833"
"1491206589","1538246304","4"
"1538246304","1491206589","4"
"1538246304","2132476584","1.5"
"2132476584","1538246304","1.5"
"1491206589","2165657574","1.5"
"2165657574","1491206589","1.5"
"1538246304","2165657574","0.5"
"2165657574","1538246304","0.5"
"1491206589","1967053016","0.2"
"1967053016","1491206589","0.2"
"1491206589","2006149654","0.2"
"2006149654","1491206589","0.2"
"1491206589","2089247435","1.4"
"2089247435","1491206589","1.4"
"1491206589","2100408869","3.6"
"2100408869","1491206589","3.6"
"1491206589","2130878769","0.9"
"2130878769","1491206589","0.9"
"1967053016","2006149654","0.533333"
"2006149654","1967053016","0.533333"
"1967053016","2089247435","1.2"
"2089247435","1967053016","1.2"
"1967053016","2100408869","16.7833"
"2100408869","1967053016","16.7833"
"1967053016","2130878769","0.2"
"2130878769","1967053016","0.2"
"2006149654","2089247435","0.533333"
"2089247435","2006149654","0.533333"
"2006149654","2100408869","3.53333"
"2100408869","2006149654","3.53333"
"2006149654","2130878769","0.7"
"2130878769","2006149654","0.7"
"2089247435","2100408869","7.68333"
"2100408869","2089247435","7.68333"
"2089247435","2130878769","2.23333"
"2130878769","2089247435","2.23333"
"2100408869","2130878769","5.73333"
"2130878769","2100408869","5.73333"
"1491206589","2148792468","2"
"2148792468","1491206589","2"
"1491206589","1605111658","3"
"1605111658","1491206589","3"
"1538246304","2137523786","5.25"
"2137523786","1538246304","5.25"
"1491206589","2082626166","0.833333"
"2082626166","1491206589","0.833333"
"1491206589","2294626234","0.333333"
"2294626234","1491206589","0.333333"
"2082626166","2137523786","1.81905"
"2137523786","2082626166","1.81905"
"2082626166","2294626234","9.70238"
"2294626234","2082626166","9.70238"
"2137523786","2294626234","2.20238"
"2294626234","2137523786","2.20238"
"1491206589","2150379958","0.7"
"2150379958","1491206589","0.7"
"1491206589","70368085","0.7"
"70368085","1491206589","0.7"
"2100408869","2137523786","0.733333"
"2137523786","2100408869","0.733333"
"2100408869","2150379958","1.36667"
"2150379958","2100408869","1.36667"
"2100408869","2155228754","1.11667"
"2155228754","2100408869","1.11667"
"2100408869","70368085","3.45"
"70368085","2100408869","3.45"
"2137523786","2150379958","0.2"
"2150379958","2137523786","0.2"
"2137523786","70368085","0.2"
"70368085","2137523786","0.2"
"2150379958","2155228754","0.533333"
"2155228754","2150379958","0.533333"
"2150379958","70368085","0.7"
"70368085","2150379958","0.7"
"2155228754","70368085","0.2"
"70368085","2155228754","0.2"
"1491206589","1553945535","1"
"1553945535","1491206589","1"
"1491206589","1604098248","0.2"
"1604098248","1491206589","0.2"
"1491206589","2136121557","0.366667"
"2136121557","1491206589","0.366667"
"1604098248","2089247435","6.4"
"2089247435","1604098248","6.4"
"1604098248","2100408869","1.48333"
"2100408869","1604098248","1.48333"
"1604098248","2130878769","1.45"
"2130878769","1604098248","1.45"
"1604098248","2136121557","0.45"
"2136121557","1604098248","0.45"
"2089247435","2136121557","0.7"
"2136121557","2089247435","0.7"
"2100408869","2136121557","2.95"
"2136121557","2100408869","2.95"
"2130878769","2136121557","0.783333"
"2136121557","2130878769","0.783333"
"1491206589","2128375099","0.125"
"2128375099","1491206589","0.125"
"1491206589","2163360598","2.45833"
"2163360598","1491206589","2.45833"
"1535279741","2124770891","1.575"
"2124770891","1535279741","1.575"
"1535279741","2128375099","0.125"
"2128375099","1535279741","0.125"
"1535279741","2163360598","0.325"
"2163360598","1535279741","0.325"
"2090682579","2124770891","0.125"
"2124770891","2090682579","0.125"
"2090682579","2128375099","0.625"
"2128375099","2090682579","0.625"
"2090682579","2163360598","0.291667"
"2163360598","2090682579","0.291667"
"2124770891","2128375099","0.125"
"2128375099","2124770891","0.125"
"2124770891","2138540053","3.95833"
"2138540053","2124770891","3.95833"
"2124770891","2155228754","0.625"
"2155228754","2124770891","0.625"
"2124770891","2163360598","2.825"
"2163360598","2124770891","2.825"
"2128375099","2137523786","0.125"
"2137523786","2128375099","0.125"
"2128375099","2138540053","0.125"
"2138540053","2128375099","0.125"
"2128375099","2155228754","0.125"
"2155228754","2128375099","0.125"
"2128375099","2163360598","0.125"
"2163360598","2128375099","0.125"
"2137523786","2163360598","0.434524"
"2163360598","2137523786","0.434524"
"2138540053","2163360598","1.625"
"2163360598","2138540053","1.625"
"2155228754","2163360598","0.267857"
"2163360598","2155228754","0.267857"
"1491206589","2170766963","0.333333"
"2170766963","1491206589","0.333333"
"2138540053","2170766963","2.33333"
"2170766963","2138540053","2.33333"
"2163360598","2170766963","1.47619"
"2170766963","2163360598","1.47619"
"1491206589","2091181883","0.166667"
"2091181883","1491206589","0.166667"
"1491206589","2168931213","0.166667"
"2168931213","1491206589","0.166667"
"2091181883","2100408869","0.416667"
"2100408869","2091181883","0.416667"
"2091181883","2136121557","0.166667"
"2136121557","2091181883","0.166667"
"2091181883","2150379958","0.166667"
"2150379958","2091181883","0.166667"
"2091181883","2168931213","0.166667"
"2168931213","2091181883","0.166667"
"2091181883","70368085","5.75"
"70368085","2091181883","5.75"
"2100408869","2168931213","0.666667"
"2168931213","2100408869","0.666667"
"2136121557","2150379958","0.166667"
"2150379958","2136121557","0.166667"
"2136121557","2168931213","0.166667"
"2168931213","2136121557","0.166667"
"2136121557","70368085","0.166667"
"70368085","2136121557","0.166667"
"2150379958","2168931213","0.166667"
"2168931213","2150379958","0.166667"
"2168931213","70368085","0.166667"
"70368085","2168931213","0.166667"
"1491658408","1535279741","3.53333"
"1535279741","1491658408","3.53333"
"1491658408","1603805323","1.53333"
"1603805323","1491658408","1.53333"
"1491658408","2101302356","0.666667"
"2101302356","1491658408","0.666667"
"1491658408","2104165400","0.333333"
"2104165400","1491658408","0.333333"
"1491658408","1553945535","0.2"
"1553945535","1491658408","0.2"
"1491658408","2124770891","0.2"
"2124770891","1491658408","0.2"
"1491658408","2163360598","0.2"
"2163360598","1491658408","0.2"
"1491658408","2165657574","0.2"
"2165657574","1491658408","0.2"
"1535279741","1553945535","0.2"
"1553945535","1535279741","0.2"
"1535279741","2165657574","0.2"
"2165657574","1535279741","0.2"
"1553945535","2124770891","2.86667"
"2124770891","1553945535","2.86667"
"1553945535","2163360598","0.2"
"2163360598","1553945535","0.2"
"1553945535","2165657574","0.533333"
"2165657574","1553945535","0.533333"
"2124770891","2165657574","0.533333"
"2165657574","2124770891","0.533333"
"2163360598","2165657574","0.2"
"2165657574","2163360598","0.2"
"1491658408","2151586109","0.333333"
"2151586109","1491658408","0.333333"
"1535279741","2151586109","0.333333"
"2151586109","1535279741","0.333333"
"2101302356","2151586109","0.333333"
"2151586109","2101302356","0.333333"
"1491658408","2132476584","0.2"
"2132476584","1491658408","0.2"
"1491658408","2137523786","0.2"
"2137523786","1491658408","0.2"
"1491658408","2143631345","0.2"
"2143631345","1491658408","0.2"
"1491658408","2570614548","0.2"
"2570614548","1491658408","0.2"
"1494147055","1538246304","2.5"
"1538246304","1494147055","2.5"
"1494147055","2107778970","0.5"
"2107778970","1494147055","0.5"
"1538246304","2107778970","1.66667"
"2107778970","1538246304","1.66667"
"1494147055","2163360598","1"
"2163360598","1494147055","1"
"1498065375","1544142967","0.2"
"1544142967","1498065375","0.2"
"1498065375","2044555065","6.38526"
"2044555065","1498065375","6.38526"
"1498065375","2103711687","0.726923"
"2103711687","1498065375","0.726923"
"1498065375","2106768428","0.726923"
"2106768428","1498065375","0.726923"
"1498065375","35152802","2.44167"
"35152802","1498065375","2.44167"
"1544142967","2044555065","0.2"
"2044555065","1544142967","0.2"
"1544142967","2103711687","1.2"
"2103711687","1544142967","1.2"
"1544142967","2106768428","0.2"
"2106768428","1544142967","0.2"
"1544142967","35152802","0.2"
"35152802","1544142967","0.2"
"2044555065","2103711687","1.97692"
"2103711687","2044555065","1.97692"
"2044555065","2106768428","4.06026"
"2106768428","2044555065","4.06026"
"2044555065","35152802","13.525"
"35152802","2044555065","13.525"
"2103711687","2106768428","5.86026"
"2106768428","2103711687","5.86026"
"2103711687","35152802","1.86667"
"35152802","2103711687","1.86667"
"2106768428","35152802","0.9"
"35152802","2106768428","0.9"
"1498065375","2077122164","1.11026"
"2077122164","1498065375","1.11026"
"1498065375","2147162701","0.658333"
"2147162701","1498065375","0.658333"
"1498065375","2157988385","0.476923"
"2157988385","1498065375","0.476923"
"2044555065","2077122164","4.36026"
"2077122164","2044555065","4.36026"
"2044555065","2147162701","9.24167"
"2147162701","2044555065","9.24167"
"2044555065","2157988385","4.09359"
"2157988385","2044555065","4.09359"
"2077122164","2103711687","0.94359"
"2103711687","2077122164","0.94359"
"2077122164","2147162701","0.95"
"2147162701","2077122164","0.95"
"2077122164","2157988385","0.69359"
"2157988385","2077122164","0.69359"
"2103711687","2147162701","0.45"
"2147162701","2103711687","0.45"
"2103711687","2157988385","1.02692"
"2157988385","2103711687","1.02692"
"2147162701","2157988385","1.61667"
"2157988385","2147162701","1.61667"
"1498065375","1570448592","3.91667"
"1570448592","1498065375","3.91667"
"1498065375","2054308357","0.583333"
"2054308357","1498065375","0.583333"
"2044555065","2054308357","1.58333"
"2054308357","2044555065","1.58333"
"2054308357","2077122164","0.833333"
"2077122164","2054308357","0.833333"
"2054308357","35152802","0.25"
"35152802","2054308357","0.25"
"2077122164","35152802","1.58333"
"35152802","2077122164","1.58333"
"1498065375","1527756448","8.45192"
"1527756448","1498065375","8.45192"
"1498065375","196035924","0.708333"
"196035924","1498065375","0.708333"
"1527756448","196035924","2.40833"
"196035924","1527756448","2.40833"
"1527756448","2044555065","11.1519"
"2044555065","1527756448","11.1519"
"196035924","2044555065","6.65833"
"2044555065","196035924","6.65833"
"1498065375","2082626166","0.5"
"2082626166","1498065375","0.5"
"1498065375","2155228754","0.5"
"2155228754","1498065375","0.5"
"2082626166","2155228754","7.53571"
"2155228754","2082626166","7.53571"
"1498065375","1511843856","0.201923"
"1511843856","1498065375","0.201923"
"1498065375","1991571419","0.0769231"
"1991571419","1498065375","0.0769231"
"1498065375","1997506570","0.0769231"
"1997506570","1498065375","0.0769231"
"1498065375","2050398833","0.0769231"
"2050398833","1498065375","0.0769231"
"1498065375","2070668231","0.410256"
"2070668231","1498065375","0.410256"
"1498065375","2106523682","0.201923"
"2106523682","1498065375","0.201923"
"1498065375","3576907","0.0769231"
"3576907","1498065375","0.0769231"
"1511843856","1527756448","0.201923"
"1527756448","1511843856","0.201923"
"1511843856","1991571419","3.1047"
"1991571419","1511843856","3.1047"
"1511843856","1997506570","0.0769231"
"1997506570","1511843856","0.0769231"
"1511843856","2044555065","0.701923"
"2044555065","1511843856","0.701923"
"1511843856","2050398833","0.0769231"
"2050398833","1511843856","0.0769231"
"1511843856","2070668231","0.0769231"
"2070668231","1511843856","0.0769231"
"1511843856","2077122164","0.326923"
"2077122164","1511843856","0.326923"
"1511843856","2103711687","0.576923"
"2103711687","1511843856","0.576923"
"1511843856","2106523682","5.39637"
"2106523682","1511843856","5.39637"
"1511843856","2106768428","0.0769231"
"2106768428","1511843856","0.0769231"
"1511843856","2157988385","0.0769231"
"2157988385","1511843856","0.0769231"
"1511843856","3576907","0.0769231"
"3576907","1511843856","0.0769231"
"1527756448","1991571419","0.0769231"
"1991571419","1527756448","0.0769231"
"1527756448","1997506570","0.0769231"
"1997506570","1527756448","0.0769231"
"1527756448","2050398833","0.24359"
"2050398833","1527756448","0.24359"
"1527756448","2070668231","1.57692"
"2070668231","1527756448","1.57692"
"1527756448","2077122164","0.410256"
"2077122164","1527756448","0.410256"
"1527756448","2103711687","0.24359"
"2103711687","1527756448","0.24359"
"1527756448","2106523682","0.401923"
"2106523682","1527756448","0.401923"
"1527756448","2106768428","0.74359"
"2106768428","1527756448","0.74359"
"1527756448","2157988385","0.776923"
"2157988385","1527756448","0.776923"
"1527756448","3576907","0.410256"
"3576907","1527756448","0.410256"
"1991571419","1997506570","1.32692"
"1997506570","1991571419","1.32692"
"1991571419","2044555065","0.576923"
"2044555065","1991571419","0.576923"
"1991571419","2050398833","1.07692"
"2050398833","1991571419","1.07692"
"1991571419","2070668231","0.0769231"
"2070668231","1991571419","0.0769231"
"1991571419","2077122164","0.0769231"
"2077122164","1991571419","0.0769231"
"1991571419","2103711687","0.0769231"
"2103711687","1991571419","0.0769231"
"1991571419","2106523682","2.02137"
"2106523682","1991571419","2.02137"
"1991571419","2106768428","0.0769231"
"2106768428","1991571419","0.0769231"
"1991571419","2157988385","0.0769231"
"2157988385","1991571419","0.0769231"
"1991571419","3576907","0.0769231"
"3576907","1991571419","0.0769231"
"1997506570","2044555065","0.0769231"
"2044555065","1997506570","0.0769231"
"1997506570","2050398833","0.24359"
"2050398833","1997506570","0.24359"
"1997506570","2070668231","0.0769231"
"2070668231","1997506570","0.0769231"
"1997506570","2077122164","0.0769231"
"2077122164","1997506570","0.0769231"
"1997506570","2103711687","0.0769231"
"2103711687","1997506570","0.0769231"
"1997506570","2106523682","0.0769231"
"2106523682","1997506570","0.0769231"
"1997506570","2106768428","0.0769231"
"2106768428","1997506570","0.0769231"
"1997506570","2157988385","0.0769231"
"2157988385","1997506570","0.0769231"
"1997506570","3576907","0.0769231"
"3576907","1997506570","0.0769231"
"2044555065","2050398833","2.49359"
"2050398833","2044555065","2.49359"
"2044555065","2070668231","5.41026"
"2070668231","2044555065","5.41026"
"2044555065","2106523682","0.401923"
"2106523682","2044555065","0.401923"
"2044555065","3576907","0.826923"
"3576907","2044555065","0.826923"
"2050398833","2070668231","0.910256"
"2070668231","2050398833","0.910256"
"2050398833","2077122164","0.24359"
"2077122164","2050398833","0.24359"
"2050398833","2103711687","2.74359"
"2103711687","2050398833","2.74359"
"2050398833","2106523682","0.0769231"
"2106523682","2050398833","0.0769231"
"2050398833","2106768428","0.24359"
"2106768428","2050398833","0.24359"
"2050398833","2157988385","0.410256"
"2157988385","2050398833","0.410256"
"2050398833","3576907","0.49359"
"3576907","2050398833","0.49359"
"2070668231","2077122164","1.24359"
"2077122164","2070668231","1.24359"
"2070668231","2103711687","0.910256"
"2103711687","2070668231","0.910256"
"2070668231","2106523682","0.0769231"
"2106523682","2070668231","0.0769231"
"2070668231","2106768428","0.910256"
"2106768428","2070668231","0.910256"
"2070668231","2157988385","0.410256"
"2157988385","2070668231","0.410256"
"2070668231","3576907","0.0769231"
"3576907","2070668231","0.0769231"
"2077122164","2106523682","0.326923"
"2106523682","2077122164","0.326923"
"2077122164","2106768428","0.826923"
"2106768428","2077122164","0.826923"
"2077122164","3576907","0.0769231"
"3576907","2077122164","0.0769231"
"2103711687","2106523682","0.0769231"
"2106523682","2103711687","0.0769231"
"2103711687","3576907","0.576923"
"3576907","2103711687","0.576923"
"2106523682","2106768428","0.0769231"
"2106768428","2106523682","0.0769231"
"2106523682","2157988385","0.276923"
"2157988385","2106523682","0.276923"
"2106523682","3576907","0.0769231"
"3576907","2106523682","0.0769231"
"2106768428","2157988385","0.776923"
"2157988385","2106768428","0.776923"
"2106768428","3576907","0.576923"
"3576907","2106768428","0.576923"
"2157988385","3576907","0.576923"
"3576907","2157988385","0.576923"
"1527756448","2147162701","2.625"
"2147162701","1527756448","2.625"
"1527756448","35152802","2.45833"
"35152802","1527756448","2.45833"
"2147162701","35152802","0.958333"
"35152802","2147162701","0.958333"
"1527756448","1570448592","1.41667"
"1570448592","1527756448","1.41667"
"1498065375","2135658482","0.5"
"2135658482","1498065375","0.5"
"1527756448","2135658482","1.7"
"2135658482","1527756448","1.7"
"2044555065","2135658482","1.03333"
"2135658482","2044555065","1.03333"
"1498065375","1589002194","0.458333"
"1589002194","1498065375","0.458333"
"1511843856","1589002194","0.125"
"1589002194","1511843856","0.125"
"1511843856","196035924","0.125"
"196035924","1511843856","0.125"
"1511843856","2147162701","0.125"
"2147162701","1511843856","0.125"
"1511843856","35152802","0.125"
"35152802","1511843856","0.125"
"1527756448","1589002194","0.791667"
"1589002194","1527756448","0.791667"
"1589002194","196035924","0.125"
"196035924","1589002194","0.125"
"1589002194","2044555065","1.125"
"2044555065","1589002194","1.125"
"1589002194","2106523682","0.125"
"2106523682","1589002194","0.125"
"1589002194","2147162701","0.125"
"2147162701","1589002194","0.125"
"1589002194","35152802","0.458333"
"35152802","1589002194","0.458333"
"196035924","2106523682","0.325"
"2106523682","196035924","0.325"
"196035924","2147162701","0.125"
"2147162701","196035924","0.125"
"196035924","35152802","0.875"
"35152802","196035924","0.875"
"2106523682","2147162701","0.125"
"2147162701","2106523682","0.125"
"2106523682","35152802","0.125"
"35152802","2106523682","0.125"
"1498065375","2085666943","0.2"
"2085666943","1498065375","0.2"
"2044555065","2085666943","0.2"
"2085666943","2044555065","0.2"
"2085666943","2106768428","0.2"
"2106768428","2085666943","0.2"
"2085666943","2157988385","0.2"
"2157988385","2085666943","0.2"
"2085666943","35152802","0.2"
"35152802","2085666943","0.2"
"2157988385","35152802","0.866667"
"35152802","2157988385","0.866667"
"1498065375","1535697236","0.166667"
"1535697236","1498065375","0.166667"
"1498065375","1680399761","0.166667"
"1680399761","1498065375","0.166667"
"1527756448","1535697236","0.166667"
"1535697236","1527756448","0.166667"
"1527756448","1680399761","0.666667"
"1680399761","1527756448","0.666667"
"1535697236","1570448592","0.166667"
"1570448592","1535697236","0.166667"
"1535697236","1680399761","0.166667"
"1680399761","1535697236","0.166667"
"1535697236","2044555065","0.166667"
"2044555065","1535697236","0.166667"
"1535697236","2135658482","0.166667"
"2135658482","1535697236","0.166667"
"1570448592","1680399761","1"
"1680399761","1570448592","1"
"1570448592","2044555065","0.75"
"2044555065","1570448592","0.75"
"1570448592","2135658482","0.5"
"2135658482","1570448592","0.5"
"1680399761","2044555065","0.5"
"2044555065","1680399761","0.5"
"1680399761","2135658482","0.833333"
"2135658482","1680399761","0.833333"
"2070668231","35152802","2.5"
"35152802","2070668231","2.5"
"1498065375","1603054734","0.5"
"1603054734","1498065375","0.5"
"1498065375","1665789430","0.5"
"1665789430","1498065375","0.5"
"1603054734","1665789430","0.5"
"1665789430","1603054734","0.5"
"1570448592","196035924","0.25"
"196035924","1570448592","0.25"
"1499082572","1980092576","1"
"1980092576","1499082572","1"
"1511843856","2099023682","6.66667"
"2099023682","1511843856","6.66667"
"1991571419","2099023682","6.7"
"2099023682","1991571419","6.7"
"2099023682","2106523682","2.33333"
"2106523682","2099023682","2.33333"
"1511843856","2128563350","1.25"
"2128563350","1511843856","1.25"
"2106523682","2128563350","1.25"
"2128563350","2106523682","1.25"
"1511843856","2054308357","0.611111"
"2054308357","1511843856","0.611111"
"2054308357","2106523682","0.361111"
"2106523682","2054308357","0.361111"
"2054308357","2128563350","0.25"
"2128563350","2054308357","0.25"
"2077122164","2128563350","0.25"
"2128563350","2077122164","0.25"
"1511843856","1570896006","0.611111"
"1570896006","1511843856","0.611111"
"1511843856","2148577665","0.5"
"2148577665","1511843856","0.5"
"1570896006","2148577665","0.5"
"2148577665","1570896006","0.5"
"1511843856","2085666943","0.611111"
"2085666943","1511843856","0.611111"
"2085666943","2103711687","0.5"
"2103711687","2085666943","0.5"
"1511843856","1581684468","0.111111"
"1581684468","1511843856","0.111111"
"1511843856","1603054734","0.111111"
"1603054734","1511843856","0.111111"
"1511843856","2126187992","0.111111"
"2126187992","1511843856","0.111111"
"1511843856","2162946535","0.111111"
"2162946535","1511843856","0.111111"
"1570896006","1581684468","0.111111"
"1581684468","1570896006","0.111111"
"1570896006","1603054734","4.31111"
"1603054734","1570896006","4.31111"
"1570896006","1991571419","3.81111"
"1991571419","1570896006","3.81111"
"1570896006","2054308357","3.31111"
"2054308357","1570896006","3.31111"
"1570896006","2085666943","1.31111"
"2085666943","1570896006","1.31111"
"1570896006","2106523682","0.111111"
"2106523682","1570896006","0.111111"
"1570896006","2126187992","0.111111"
"2126187992","1570896006","0.111111"
"1570896006","2162946535","0.111111"
"2162946535","1570896006","0.111111"
"1581684468","1603054734","0.111111"
"1603054734","1581684468","0.111111"
"1581684468","1991571419","0.361111"
"1991571419","1581684468","0.361111"
"1581684468","2054308357","0.111111"
"2054308357","1581684468","0.111111"
"1581684468","2085666943","0.111111"
"2085666943","1581684468","0.111111"
"1581684468","2106523682","0.111111"
"2106523682","1581684468","0.111111"
"1581684468","2126187992","8.44444"
"2126187992","1581684468","8.44444"
"1581684468","2162946535","0.111111"
"2162946535","1581684468","0.111111"
"1603054734","1991571419","6.14444"
"1991571419","1603054734","6.14444"
"1603054734","2054308357","1.31111"
"2054308357","1603054734","1.31111"
"1603054734","2085666943","1.31111"
"2085666943","1603054734","1.31111"
"1603054734","2106523682","0.111111"
"2106523682","1603054734","0.111111"
"1603054734","2126187992","0.111111"
"2126187992","1603054734","0.111111"
"1603054734","2162946535","0.111111"
"2162946535","1603054734","0.111111"
"1991571419","2054308357","10.9778"
"2054308357","1991571419","10.9778"
"1991571419","2085666943","1.64444"
"2085666943","1991571419","1.64444"
"1991571419","2126187992","0.111111"
"2126187992","1991571419","0.111111"
"1991571419","2162946535","0.111111"
"2162946535","1991571419","0.111111"
"2054308357","2085666943","1.14444"
"2085666943","2054308357","1.14444"
"2054308357","2126187992","0.111111"
"2126187992","2054308357","0.111111"
"2054308357","2162946535","0.111111"
"2162946535","2054308357","0.111111"
"2085666943","2106523682","0.111111"
"2106523682","2085666943","0.111111"
"2085666943","2126187992","0.111111"
"2126187992","2085666943","0.111111"
"2085666943","2162946535","0.111111"
"2162946535","2085666943","0.111111"
"2106523682","2126187992","0.111111"
"2126187992","2106523682","0.111111"
"2106523682","2162946535","0.111111"
"2162946535","2106523682","0.111111"
"2126187992","2162946535","0.111111"
"2162946535","2126187992","0.111111"
"1511843856","1942362233","1"
"1942362233","1511843856","1"
"1511843856","1576116911","0.25"
"1576116911","1511843856","0.25"
"1511843856","2168550698","0.25"
"2168550698","1511843856","0.25"
"1576116911","1991571419","1.16667"
"1991571419","1576116911","1.16667"
"1576116911","2054308357","1.16667"
"2054308357","1576116911","1.16667"
"1576116911","2168550698","0.25"
"2168550698","1576116911","0.25"
"1991571419","2168550698","1.25"
"2168550698","1991571419","1.25"
"2054308357","2168550698","1.75"
"2168550698","2054308357","1.75"
"1511843856","1569974523","0.333333"
"1569974523","1511843856","0.333333"
"1569974523","1991571419","2.83333"
"1991571419","1569974523","2.83333"
"1569974523","2099023682","3.83333"
"2099023682","1569974523","3.83333"
"1513057195","1775601170","1.25"
"1775601170","1513057195","1.25"
"1513057195","2126940099","0.25"
"2126940099","1513057195","0.25"
"1513057195","70368085","0.25"
"70368085","1513057195","0.25"
"1775601170","2126940099","0.25"
"2126940099","1775601170","0.25"
"1775601170","2156448604","0.25"
"2156448604","1775601170","0.25"
"1775601170","70368085","0.25"
"70368085","1775601170","0.25"
"2126940099","2156448604","0.25"
"2156448604","2126940099","0.25"
"2126940099","70368085","0.25"
"70368085","2126940099","0.25"
"2156448604","70368085","0.25"
"70368085","2156448604","0.25"
"1513057195","1535279741","1"
"1535279741","1513057195","1"
"1513057195","2091181883","1"
"2091181883","1513057195","1"
"1775601170","2091181883","1"
"2091181883","1775601170","1"
"1519440323","2037289266","1"
"2037289266","1519440323","1"
"196035924","2135658482","0.2"
"2135658482","196035924","0.2"
"196035924","2157988385","0.2"
"2157988385","196035924","0.2"
"2106523682","2135658482","0.2"
"2135658482","2106523682","0.2"
"2135658482","2157988385","0.2"
"2157988385","2135658482","0.2"
"35152802","3576907","0.583333"
"3576907","35152802","0.583333"
"2050398833","2147162701","0.166667"
"2147162701","2050398833","0.166667"
"2050398833","35152802","9.91667"
"35152802","2050398833","9.91667"
"1530834279","2124770891","1.75"
"2124770891","1530834279","1.75"
"1530834279","2163360598","0.5"
"2163360598","1530834279","0.5"
"1530834279","1535279741","0.25"
"1535279741","1530834279","0.25"
"1530834279","1603054734","0.25"
"1603054734","1530834279","0.25"
"1530834279","2148792468","0.25"
"2148792468","1530834279","0.25"
"1535279741","1603054734","0.5"
"1603054734","1535279741","0.5"
"1603054734","2124770891","0.25"
"2124770891","1603054734","0.25"
"1603054734","2148792468","0.5"
"2148792468","1603054734","0.5"
"2124770891","2148792468","0.583333"
"2148792468","2124770891","0.583333"
"1530834279","2137523786","3"
"2137523786","1530834279","3"
"1532508861","2099023682","1"
"2099023682","1532508861","1"
"1532944600","2138540053","0.5"
"2138540053","1532944600","0.5"
"1535279741","1538246304","4.33333"
"1538246304","1535279741","4.33333"
"1538246304","2138540053","3.91667"
"2138540053","1538246304","3.91667"
"1535279741","1557978295","0.333333"
"1557978295","1535279741","0.333333"
"1538246304","1557978295","0.5"
"1557978295","1538246304","0.5"
"1538246304","2101282805","0.333333"
"2101282805","1538246304","0.333333"
"1557978295","2101282805","0.333333"
"2101282805","1557978295","0.333333"
"1535279741","2135402295","0.333333"
"2135402295","1535279741","0.333333"
"1535279741","2156448604","0.333333"
"2156448604","1535279741","0.333333"
"2090682579","2135402295","0.333333"
"2135402295","2090682579","0.333333"
"2090682579","2156448604","0.333333"
"2156448604","2090682579","0.333333"
"2135402295","2156448604","0.333333"
"2156448604","2135402295","0.333333"
"1535279741","1986905831","0.142857"
"1986905831","1535279741","0.142857"
"1535279741","2082626166","0.142857"
"2082626166","1535279741","0.142857"
"1535279741","2294626234","3.14286"
"2294626234","1535279741","3.14286"
"1986905831","2082626166","1.64286"
"2082626166","1986905831","1.64286"
"1986905831","2136121557","0.142857"
"2136121557","1986905831","0.142857"
"1986905831","2137523786","0.142857"
"2137523786","1986905831","0.142857"
"1986905831","2155228754","0.47619"
"2155228754","1986905831","0.47619"
"1986905831","2170766963","0.97619"
"2170766963","1986905831","0.97619"
"1986905831","2294626234","0.142857"
"2294626234","1986905831","0.142857"
"2082626166","2136121557","0.285714"
"2136121557","2082626166","0.285714"
"2082626166","2170766963","1.11905"
"2170766963","2082626166","1.11905"
"2136121557","2137523786","1.28571"
"2137523786","2136121557","1.28571"
"2136121557","2155228754","0.452381"
"2155228754","2136121557","0.452381"
"2136121557","2294626234","1.61905"
"2294626234","2136121557","1.61905"
"2137523786","2170766963","5.03571"
"2170766963","2137523786","5.03571"
