"1575830716","1877461462","26.1885"
"1877461462","1575830716","26.1885"
"1575830716","1941002719","102.326"
"1941002719","1575830716","102.326"
"1575830716","2098562945","20.7262"
"2098562945","1575830716","20.7262"
"1575830716","2127854704","1.08333"
"2127854704","1575830716","1.08333"
"1877461462","1941002719","26.7048"
"1941002719","1877461462","26.7048"
"1877461462","2098562945","29.1162"
"2098562945","1877461462","29.1162"
"1877461462","2127854704","0.75"
"2127854704","1877461462","0.75"
"1941002719","2098562945","16.4429"
"2098562945","1941002719","16.4429"
"1941002719","2127854704","1.08333"
"2127854704","1941002719","1.08333"
"2098562945","2127854704","2.08333"
"2127854704","2098562945","2.08333"
"1575830716","2131115509","3.4"
"2131115509","1575830716","3.4"
"1575830716","2138688644","9.65278"
"2138688644","1575830716","9.65278"
"1877461462","2131115509","4.77424"
"2131115509","1877461462","4.77424"
"1877461462","2138688644","19.1725"
"2138688644","1877461462","19.1725"
"1941002719","2131115509","5.76667"
"2131115509","1941002719","5.76667"
"1941002719","2138688644","6.22857"
"2138688644","1941002719","6.22857"
"2098562945","2131115509","4.76667"
"2131115509","2098562945","4.76667"
"2098562945","2138688644","12.39"
"2138688644","2098562945","12.39"
"2131115509","2138688644","22.4116"
"2138688644","2131115509","22.4116"
"1575830716","2285488321","3.73016"
"2285488321","1575830716","3.73016"
"1575830716","1811515389","6.62897"
"1811515389","1575830716","6.62897"
"1811515389","1877461462","31.4987"
"1877461462","1811515389","31.4987"
"1811515389","2098562945","9.97335"
"2098562945","1811515389","9.97335"
"1811515389","2138688644","28.671"
"2138688644","1811515389","28.671"
"1575830716","1578312553","2.77897"
"1578312553","1575830716","2.77897"
"1575830716","1662479682","2.77897"
"1662479682","1575830716","2.77897"
"1575830716","2106197831","3.02897"
"2106197831","1575830716","3.02897"
"1575830716","2133392123","2.77897"
"2133392123","1575830716","2.77897"
"1578312553","1662479682","23.5722"
"1662479682","1578312553","23.5722"
"1578312553","1811515389","24.1555"
"1811515389","1578312553","24.1555"
"1578312553","1877461462","18.1654"
"1877461462","1578312553","18.1654"
"1578312553","1941002719","3.32857"
"1941002719","1578312553","3.32857"
"1578312553","2098562945","2.84002"
"2098562945","1578312553","2.84002"
"1578312553","2106197831","24.1417"
"2106197831","1578312553","24.1417"
"1578312553","2131115509","3.78106"
"2131115509","1578312553","3.78106"
"1578312553","2133392123","24.6333"
"2133392123","1578312553","24.6333"
"1578312553","2138688644","7.37935"
"2138688644","1578312553","7.37935"
"1662479682","1811515389","24.9528"
"1811515389","1662479682","24.9528"
"1662479682","1877461462","18.5321"
"1877461462","1662479682","18.5321"
"1662479682","1941002719","3.49524"
"1941002719","1662479682","3.49524"
"1662479682","2098562945","3.00669"
"2098562945","1662479682","3.00669"
"1662479682","2106197831","24.5722"
"2106197831","1662479682","24.5722"
"1662479682","2131115509","3.96162"
"2131115509","1662479682","3.96162"
"1662479682","2133392123","31.5972"
"2133392123","1662479682","31.5972"
"1662479682","2138688644","8.75991"
"2138688644","1662479682","8.75991"
"1811515389","1941002719","5.89524"
"1941002719","1811515389","5.89524"
"1811515389","2106197831","29.85"
"2106197831","1811515389","29.85"
"1811515389","2131115509","6.41162"
"2131115509","1811515389","6.41162"
"1811515389","2133392123","23.8472"
"2133392123","1811515389","23.8472"
"1877461462","2106197831","18.1654"
"2106197831","1877461462","18.1654"
"1877461462","2133392123","18.3654"
"2133392123","1877461462","18.3654"
"1941002719","2106197831","19.3286"
"2106197831","1941002719","19.3286"
"1941002719","2133392123","3.32857"
"2133392123","1941002719","3.32857"
"2098562945","2106197831","2.84002"
"2106197831","2098562945","2.84002"
"2098562945","2133392123","2.84002"
"2133392123","2098562945","2.84002"
"2106197831","2131115509","3.78106"
"2131115509","2106197831","3.78106"
"2106197831","2133392123","23.6333"
"2133392123","2106197831","23.6333"
"2106197831","2138688644","14.0738"
"2138688644","2106197831","14.0738"
"2131115509","2133392123","3.80606"
"2133392123","2131115509","3.80606"
"2133392123","2138688644","8.10435"
"2138688644","2133392123","8.10435"
"1575830716","2097946932","2.46944"
"2097946932","1575830716","2.46944"
"1811515389","2097946932","9.59043"
"2097946932","1811515389","9.59043"
"2097946932","2106197831","7.19043"
"2106197831","2097946932","7.19043"
"2097946932","2138688644","11.7571"
"2138688644","2097946932","11.7571"
"1575830716","2134459275","0.142857"
"2134459275","1575830716","0.142857"
"1575830716","2285044785","0.142857"
"2285044785","1575830716","0.142857"
"1575830716","2286758649","0.142857"
"2286758649","1575830716","0.142857"
"1877461462","2134459275","1.15147"
"2134459275","1877461462","1.15147"
"1877461462","2285044785","1.4848"
"2285044785","1877461462","1.4848"
"1877461462","2285488321","3.23877"
"2285488321","1877461462","3.23877"
"1877461462","2286758649","1.07454"
"2286758649","1877461462","1.07454"
"1941002719","2134459275","0.142857"
"2134459275","1941002719","0.142857"
"1941002719","2285044785","0.142857"
"2285044785","1941002719","0.142857"
"1941002719","2285488321","0.142857"
"2285488321","1941002719","0.142857"
"1941002719","2286758649","0.142857"
"2286758649","1941002719","0.142857"
"2098562945","2134459275","0.791209"
"2134459275","2098562945","0.791209"
"2098562945","2285044785","1.12454"
"2285044785","2098562945","1.12454"
"2098562945","2285488321","1.12454"
"2285488321","2098562945","1.12454"
"2098562945","2286758649","0.714286"
"2286758649","2098562945","0.714286"
"2134459275","2285044785","1.26258"
"2285044785","2134459275","1.26258"
"2134459275","2285488321","1.38758"
"2285488321","2134459275","1.38758"
"2134459275","2286758649","1.31065"
"2286758649","2134459275","1.31065"
"2285044785","2285488321","1.72091"
"2285488321","2285044785","1.72091"
"2285044785","2286758649","1.31065"
"2286758649","2285044785","1.31065"
"2285488321","2286758649","1.43565"
"2286758649","2285488321","1.43565"
"1877461462","2097946932","3.15305"
"2097946932","1877461462","3.15305"
"2097946932","2098562945","1.42335"
"2098562945","2097946932","1.42335"
"1578312553","2097946932","2.99598"
"2097946932","1578312553","2.99598"
"1578312553","2285488321","1.76258"
"2285488321","1578312553","1.76258"
"1662479682","2097946932","2.99598"
"2097946932","1662479682","2.99598"
"1662479682","2285488321","1.76258"
"2285488321","1662479682","1.76258"
"1811515389","2285488321","2.12369"
"2285488321","1811515389","2.12369"
"2097946932","2133392123","2.89598"
"2133392123","2097946932","2.89598"
"2097946932","2285488321","1.61416"
"2285488321","2097946932","1.61416"
"2106197831","2285488321","2.12369"
"2285488321","2106197831","2.12369"
"2133392123","2285488321","1.76258"
"2285488321","2133392123","1.76258"
"2138688644","2285488321","1.61416"
"2285488321","2138688644","1.61416"
"1578312553","2156117657","2.23384"
"2156117657","1578312553","2.23384"
"1578312553","2170580483","2.48384"
"2170580483","1578312553","2.48384"
"1662479682","2156117657","3.24773"
"2156117657","1662479682","3.24773"
"1662479682","2170580483","2.44773"
"2170580483","1662479682","2.44773"
"1811515389","2156117657","2.24773"
"2156117657","1811515389","2.24773"
"1811515389","2170580483","2.69773"
"2170580483","1811515389","2.69773"
"2097946932","2131115509","4.4096"
"2131115509","2097946932","4.4096"
"2097946932","2156117657","0.659596"
"2156117657","2097946932","0.659596"
"2097946932","2170580483","0.659596"
"2170580483","2097946932","0.659596"
"2106197831","2156117657","2.23384"
"2156117657","2106197831","2.23384"
"2106197831","2170580483","2.48384"
"2170580483","2106197831","2.48384"
"2131115509","2156117657","1.88106"
"2156117657","2131115509","1.88106"
"2131115509","2170580483","1.88106"
"2170580483","2131115509","1.88106"
"2133392123","2156117657","2.05884"
"2156117657","2133392123","2.05884"
"2133392123","2170580483","3.00884"
"2170580483","2133392123","3.00884"
"2138688644","2156117657","1.88106"
"2156117657","2138688644","1.88106"
"2138688644","2170580483","4.58106"
"2170580483","2138688644","4.58106"
"2156117657","2170580483","2.23384"
"2170580483","2156117657","2.23384"
"1578312553","1693246050","1.39495"
"1693246050","1578312553","1.39495"
"1578312553","2267472750","1.83662"
"2267472750","1578312553","1.83662"
"1693246050","1811515389","1.28384"
"1811515389","1693246050","1.28384"
"1693246050","2106197831","1.39495"
"2106197831","1693246050","1.39495"
"1693246050","2131115509","1.28384"
"2131115509","1693246050","1.28384"
"1693246050","2133392123","1.29495"
"2133392123","1693246050","1.29495"
"1693246050","2138688644","2.28384"
"2138688644","1693246050","2.28384"
"1693246050","2156117657","1.39495"
"2156117657","1693246050","1.39495"
"1693246050","2170580483","1.39495"
"2170580483","1693246050","1.39495"
"1693246050","2267472750","1.18384"
"2267472750","1693246050","1.18384"
"1811515389","2267472750","1.8505"
"2267472750","1811515389","1.8505"
"2106197831","2267472750","1.83662"
"2267472750","2106197831","1.83662"
"2131115509","2267472750","1.68384"
"2267472750","2131115509","1.68384"
"2133392123","2267472750","1.86162"
"2267472750","2133392123","1.86162"
"2138688644","2267472750","1.8505"
"2267472750","2138688644","1.8505"
"2156117657","2267472750","1.66995"
"2267472750","2156117657","1.66995"
"2170580483","2267472750","1.66995"
"2267472750","2170580483","1.66995"
"1662479682","1693246050","1.28384"
"1693246050","1662479682","1.28384"
"1662479682","2267472750","2.85051"
"2267472750","1662479682","2.85051"
"1578312553","1836080070","0.333333"
"1836080070","1578312553","0.333333"
"1811515389","1836080070","0.333333"
"1836080070","1811515389","0.333333"
"1836080070","2106197831","0.333333"
"2106197831","1836080070","0.333333"
"1578312553","2088881535","1.30861"
"2088881535","1578312553","1.30861"
"1662479682","2088881535","1.30861"
"2088881535","1662479682","1.30861"
"1811515389","2088881535","1.91972"
"2088881535","1811515389","1.91972"
"1877461462","2088881535","4.30861"
"2088881535","1877461462","4.30861"
"2088881535","2097946932","1.91972"
"2097946932","2088881535","1.91972"
"2088881535","2106197831","1.91972"
"2106197831","2088881535","1.91972"
"2088881535","2133392123","1.30861"
"2133392123","2088881535","1.30861"
"2088881535","2138688644","1.91972"
"2138688644","2088881535","1.91972"
"1693246050","1877461462","0.257576"
"1877461462","1693246050","0.257576"
"1693246050","2097946932","0.548485"
"2097946932","1693246050","0.548485"
"1877461462","2156117657","0.257576"
"2156117657","1877461462","0.257576"
"1877461462","2170580483","0.457576"
"2170580483","1877461462","0.457576"
"1877461462","2267472750","0.257576"
"2267472750","1877461462","0.257576"
"2097946932","2267472750","0.448485"
"2267472750","2097946932","0.448485"
"1578312553","2134459275","1.00861"
"2134459275","1578312553","1.00861"
"1578312553","2285044785","1.00861"
"2285044785","1578312553","1.00861"
"1578312553","2286758649","0.931685"
"2286758649","1578312553","0.931685"
"1662479682","2134459275","1.00861"
"2134459275","1662479682","1.00861"
"1662479682","2285044785","1.00861"
"2285044785","1662479682","1.00861"
"1662479682","2286758649","0.931685"
"2286758649","1662479682","0.931685"
"1811515389","2134459275","1.24472"
"2134459275","1811515389","1.24472"
"1811515389","2285044785","1.24472"
"2285044785","1811515389","1.24472"
"1811515389","2286758649","1.2928"
"2286758649","1811515389","1.2928"
"2088881535","2134459275","1.04472"
"2134459275","2088881535","1.04472"
"2088881535","2285044785","1.04472"
"2285044785","2088881535","1.04472"
"2088881535","2285488321","1.16972"
"2285488321","2088881535","1.16972"
"2088881535","2286758649","1.0928"
"2286758649","2088881535","1.0928"
"2097946932","2134459275","1.04472"
"2134459275","2097946932","1.04472"
"2097946932","2285044785","1.04472"
"2285044785","2097946932","1.04472"
"2097946932","2286758649","1.0928"
"2286758649","2097946932","1.0928"
"2106197831","2134459275","1.24472"
"2134459275","2106197831","1.24472"
"2106197831","2285044785","1.24472"
"2285044785","2106197831","1.24472"
"2106197831","2286758649","1.2928"
"2286758649","2106197831","1.2928"
"2133392123","2134459275","1.00861"
"2134459275","2133392123","1.00861"
"2133392123","2285044785","1.00861"
"2285044785","2133392123","1.00861"
"2133392123","2286758649","0.931685"
"2286758649","2133392123","0.931685"
"2134459275","2138688644","1.04472"
"2138688644","2134459275","1.04472"
"2138688644","2285044785","1.04472"
"2285044785","2138688644","1.04472"
"2138688644","2286758649","1.0928"
"2286758649","2138688644","1.0928"
"1578312553","2183126266","0.925275"
"2183126266","1578312553","0.925275"
"1662479682","2183126266","0.925275"
"2183126266","1662479682","0.925275"
"1811515389","2183126266","1.28639"
"2183126266","1811515389","1.28639"
"1877461462","2183126266","0.925275"
"2183126266","1877461462","0.925275"
"2088881535","2098562945","0.648352"
"2098562945","2088881535","0.648352"
"2088881535","2183126266","1.08639"
"2183126266","2088881535","1.08639"
"2097946932","2183126266","1.08639"
"2183126266","2097946932","1.08639"
"2098562945","2183126266","0.648352"
"2183126266","2098562945","0.648352"
"2106197831","2183126266","1.28639"
"2183126266","2106197831","1.28639"
"2133392123","2183126266","0.925275"
"2183126266","2133392123","0.925275"
"2134459275","2183126266","1.16139"
"2183126266","2134459275","1.16139"
"2138688644","2183126266","1.08639"
"2183126266","2138688644","1.08639"
"2183126266","2285044785","1.16139"
"2285044785","2183126266","1.16139"
"2183126266","2285488321","1.28639"
"2285488321","2183126266","1.28639"
"2183126266","2286758649","1.20946"
"2286758649","2183126266","1.20946"
"1836080070","1888443444","8"
"1888443444","1836080070","8"
"1836080070","2138688644","1"
"2138688644","1836080070","1"
"1888443444","2138688644","1"
"2138688644","1888443444","1"
"1941002719","2097946932","5"
"2097946932","1941002719","5"
"1941002719","2170580483","0.5"
"2170580483","1941002719","0.5"
"2098562945","2170580483","0.5"
"2170580483","2098562945","0.5"
