"10164545","1820462258","2.14444"
"1820462258","10164545","2.14444"
"10164545","1999065587","2.16667"
"1999065587","10164545","2.16667"
"10164545","2001058023","0.166667"
"2001058023","10164545","0.166667"
"10164545","2032443667","0.5"
"2032443667","10164545","0.5"
"10164545","2054811895","0.811111"
"2054811895","10164545","0.811111"
"10164545","2083173018","0.277778"
"2083173018","10164545","0.277778"
"1820462258","1999065587","0.541667"
"1999065587","1820462258","0.541667"
"1820462258","2001058023","1.04167"
"2001058023","1820462258","1.04167"
"1820462258","2032443667","2.96944"
"2032443667","1820462258","2.96944"
"1820462258","2054811895","8.14008"
"2054811895","1820462258","8.14008"
"1820462258","2083173018","2.58056"
"2083173018","1820462258","2.58056"
"1999065587","2001058023","0.541667"
"2001058023","1999065587","0.541667"
"1999065587","2032443667","1.625"
"2032443667","1999065587","1.625"
"1999065587","2054811895","0.291667"
"2054811895","1999065587","0.291667"
"1999065587","2083173018","0.541667"
"2083173018","1999065587","0.541667"
"2001058023","2032443667","4.74167"
"2032443667","2001058023","4.74167"
"2001058023","2054811895","1.99167"
"2054811895","2001058023","1.99167"
"2001058023","2083173018","0.541667"
"2083173018","2001058023","0.541667"
"2032443667","2054811895","6.27897"
"2054811895","2032443667","6.27897"
"2032443667","2083173018","1.69563"
"2083173018","2032443667","1.69563"
"2054811895","2083173018","1.19008"
"2083173018","2054811895","1.19008"
"10164545","2083036673","4.97778"
"2083036673","10164545","4.97778"
"10164545","2119783318","1.14444"
"2119783318","10164545","1.14444"
"1820462258","2083036673","11.7278"
"2083036673","1820462258","11.7278"
"1820462258","2119783318","11.2817"
"2119783318","1820462258","11.2817"
"2083036673","2119783318","10.4778"
"2119783318","2083036673","10.4778"
"10164545","1981653080","0.666667"
"1981653080","10164545","0.666667"
"1820462258","1981653080","0.583333"
"1981653080","1820462258","0.583333"
"1981653080","2032443667","1.58333"
"2032443667","1981653080","1.58333"
"10164545","1946667270","0.311111"
"1946667270","10164545","0.311111"
"1820462258","1946667270","3.28889"
"1946667270","1820462258","3.28889"
"1946667270","2054811895","4.17222"
"2054811895","1946667270","4.17222"
"1946667270","2083036673","2.89444"
"2083036673","1946667270","2.89444"
"1946667270","2119783318","2.03889"
"2119783318","1946667270","2.03889"
"2054811895","2083036673","5.56111"
"2083036673","2054811895","5.56111"
"2054811895","2119783318","2.3246"
"2119783318","2054811895","2.3246"
"10164545","1972400734","0.277778"
"1972400734","10164545","0.277778"
"10164545","1975528008","0.277778"
"1975528008","10164545","0.277778"
"10164545","2115447249","0.666667"
"2115447249","10164545","0.666667"
"1820462258","1972400734","1.73611"
"1972400734","1820462258","1.73611"
"1820462258","1975528008","0.277778"
"1975528008","1820462258","0.277778"
"1820462258","2115447249","1.66667"
"2115447249","1820462258","1.66667"
"1972400734","1975528008","0.277778"
"1975528008","1972400734","0.277778"
"1972400734","2083036673","0.277778"
"2083036673","1972400734","0.277778"
"1972400734","2115447249","0.166667"
"2115447249","1972400734","0.166667"
"1972400734","2119783318","0.777778"
"2119783318","1972400734","0.777778"
"1975528008","2083036673","0.277778"
"2083036673","1975528008","0.277778"
"1975528008","2115447249","0.166667"
"2115447249","1975528008","0.166667"
"1975528008","2119783318","0.277778"
"2119783318","1975528008","0.277778"
"2083036673","2115447249","3.16667"
"2115447249","2083036673","3.16667"
"2115447249","2119783318","1.16667"
"2119783318","2115447249","1.16667"
"10164545","2164538027","1"
"2164538027","10164545","1"
"10164545","2161286483","0.5"
"2161286483","10164545","0.5"
"2115447249","2161286483","1.5"
"2161286483","2115447249","1.5"
"10164545","1978370926","0.111111"
"1978370926","10164545","0.111111"
"1820462258","1978370926","1.00397"
"1978370926","1820462258","1.00397"
"1946667270","1972400734","0.111111"
"1972400734","1946667270","0.111111"
"1946667270","1975528008","0.111111"
"1975528008","1946667270","0.111111"
"1946667270","1978370926","0.111111"
"1978370926","1946667270","0.111111"
"1946667270","2083173018","0.555556"
"2083173018","1946667270","0.555556"
"1972400734","1978370926","0.861111"
"1978370926","1972400734","0.861111"
"1972400734","2054811895","1.81944"
"2054811895","1972400734","1.81944"
"1972400734","2083173018","0.486111"
"2083173018","1972400734","0.486111"
"1975528008","1978370926","0.111111"
"1978370926","1975528008","0.111111"
"1975528008","2054811895","1.11111"
"2054811895","1975528008","1.11111"
"1975528008","2083173018","0.111111"
"2083173018","1975528008","0.111111"
"1978370926","2054811895","2.70397"
"2054811895","1978370926","2.70397"
"1978370926","2083036673","0.111111"
"2083036673","1978370926","0.111111"
"1978370926","2083173018","0.111111"
"2083173018","1978370926","0.111111"
"1978370926","2119783318","0.253968"
"2119783318","1978370926","0.253968"
"2083036673","2083173018","0.111111"
"2083173018","2083036673","0.111111"
"2083173018","2119783318","0.765079"
"2119783318","2083173018","0.765079"
"10164545","110596363","4"
"110596363","10164545","4"
"1981653080","2054811895","0.333333"
"2054811895","1981653080","0.333333"
"1981653080","2083036673","0.333333"
"2083036673","1981653080","0.333333"
"110596363","1537552784","0.333333"
"1537552784","110596363","0.333333"
"110596363","1999065587","0.333333"
"1999065587","110596363","0.333333"
"110596363","2032443667","0.47619"
"2032443667","110596363","0.47619"
"1537552784","1999065587","0.458333"
"1999065587","1537552784","0.458333"
"1537552784","2032443667","0.708333"
"2032443667","1537552784","0.708333"
"110596363","2083036673","1"
"2083036673","110596363","1"
"110596363","1978370926","0.642857"
"1978370926","110596363","0.642857"
"110596363","2468147513","0.785714"
"2468147513","110596363","0.785714"
"1978370926","2468147513","1.14286"
"2468147513","1978370926","1.14286"
"110596363","2054811895","0.285714"
"2054811895","110596363","0.285714"
"110596363","2083173018","0.142857"
"2083173018","110596363","0.142857"
"110596363","2119783318","0.285714"
"2119783318","110596363","0.285714"
"110596363","2246624197","0.142857"
"2246624197","110596363","0.142857"
"110596363","2760053143","0.285714"
"2760053143","110596363","0.285714"
"2032443667","2119783318","3.15397"
"2119783318","2032443667","3.15397"
"2032443667","2246624197","2.47619"
"2246624197","2032443667","2.47619"
"2032443667","2468147513","0.142857"
"2468147513","2032443667","0.142857"
"2032443667","2760053143","1.14286"
"2760053143","2032443667","1.14286"
"2054811895","2246624197","0.142857"
"2246624197","2054811895","0.142857"
"2054811895","2468147513","0.785714"
"2468147513","2054811895","0.785714"
"2054811895","2760053143","0.285714"
"2760053143","2054811895","0.285714"
"2083173018","2246624197","0.142857"
"2246624197","2083173018","0.142857"
"2083173018","2468147513","0.142857"
"2468147513","2083173018","0.142857"
"2083173018","2760053143","0.142857"
"2760053143","2083173018","0.142857"
"2119783318","2246624197","0.142857"
"2246624197","2119783318","0.142857"
"2119783318","2468147513","2.28571"
"2468147513","2119783318","2.28571"
"2119783318","2760053143","0.285714"
"2760053143","2119783318","0.285714"
"2246624197","2468147513","0.142857"
"2468147513","2246624197","0.142857"
"2246624197","2760053143","0.142857"
"2760053143","2246624197","0.142857"
"2468147513","2760053143","0.285714"
"2760053143","2468147513","0.285714"
"110596363","1820462258","0.642857"
"1820462258","110596363","0.642857"
"110596363","2469197205","0.142857"
"2469197205","110596363","0.142857"
"1820462258","2468147513","0.142857"
"2468147513","1820462258","0.142857"
"1820462258","2469197205","0.142857"
"2469197205","1820462258","0.142857"
"1820462258","2760053143","0.142857"
"2760053143","1820462258","0.142857"
"1978370926","2469197205","0.47619"
"2469197205","1978370926","0.47619"
"1978370926","2760053143","0.142857"
"2760053143","1978370926","0.142857"
"2054811895","2469197205","0.142857"
"2469197205","2054811895","0.142857"
"2119783318","2469197205","0.142857"
"2469197205","2119783318","0.142857"
"2468147513","2469197205","0.142857"
"2469197205","2468147513","0.142857"
"2469197205","2760053143","0.142857"
"2760053143","2469197205","0.142857"
"110596363","1508231923","0.5"
"1508231923","110596363","0.5"
"1508231923","1820462258","4.35"
"1820462258","1508231923","4.35"
"124420614","1820462258","0.844444"
"1820462258","124420614","0.844444"
"124420614","2032443667","0.311111"
"2032443667","124420614","0.311111"
"124420614","2071183204","0.644444"
"2071183204","124420614","0.644444"
"124420614","2083173018","0.644444"
"2083173018","124420614","0.644444"
"124420614","2119783318","0.511111"
"2119783318","124420614","0.511111"
"1820462258","2071183204","1.10278"
"2071183204","1820462258","1.10278"
"2032443667","2071183204","0.436111"
"2071183204","2032443667","0.436111"
"2071183204","2083173018","0.769444"
"2083173018","2071183204","0.769444"
"2071183204","2119783318","0.311111"
"2119783318","2071183204","0.311111"
"124420614","1504259892","0.311111"
"1504259892","124420614","0.311111"
"124420614","1668461706","0.111111"
"1668461706","124420614","0.111111"
"124420614","1946667270","0.311111"
"1946667270","124420614","0.311111"
"124420614","2054811895","0.111111"
"2054811895","124420614","0.111111"
"1504259892","1668461706","0.111111"
"1668461706","1504259892","0.111111"
"1504259892","1820462258","3.09444"
"1820462258","1504259892","3.09444"
"1504259892","1946667270","0.311111"
"1946667270","1504259892","0.311111"
"1504259892","2032443667","0.111111"
"2032443667","1504259892","0.111111"
"1504259892","2054811895","0.111111"
"2054811895","1504259892","0.111111"
"1504259892","2071183204","0.444444"
"2071183204","1504259892","0.444444"
"1504259892","2083173018","0.111111"
"2083173018","1504259892","0.111111"
"1504259892","2119783318","1.76111"
"2119783318","1504259892","1.76111"
"1668461706","1820462258","0.611111"
"1820462258","1668461706","0.611111"
"1668461706","1946667270","0.611111"
"1946667270","1668461706","0.611111"
"1668461706","2032443667","0.111111"
"2032443667","1668461706","0.111111"
"1668461706","2054811895","1.61111"
"2054811895","1668461706","1.61111"
"1668461706","2071183204","0.111111"
"2071183204","1668461706","0.111111"
"1668461706","2083173018","0.111111"
"2083173018","1668461706","0.111111"
"1668461706","2119783318","0.111111"
"2119783318","1668461706","0.111111"
"1946667270","2032443667","0.111111"
"2032443667","1946667270","0.111111"
"1946667270","2071183204","0.111111"
"2071183204","1946667270","0.111111"
"2054811895","2071183204","0.236111"
"2071183204","2054811895","0.236111"
"124420614","1508231923","0.2"
"1508231923","124420614","0.2"
"1504259892","1508231923","2.15"
"1508231923","1504259892","2.15"
"1508231923","1946667270","0.2"
"1946667270","1508231923","0.2"
"1508231923","2119783318","3.85"
"2119783318","1508231923","3.85"
"124420614","1981653080","1"
"1981653080","124420614","1"
"1504259892","2083036673","0.75"
"2083036673","1504259892","0.75"
"1508231923","2083036673","2.75"
"2083036673","1508231923","2.75"
"1504259892","2124539672","0.2"
"2124539672","1504259892","0.2"
"1504259892","2164538027","0.2"
"2164538027","1504259892","0.2"
"1508231923","2124539672","0.2"
"2124539672","1508231923","0.2"
"1508231923","2164538027","0.2"
"2164538027","1508231923","0.2"
"1820462258","2124539672","0.2"
"2124539672","1820462258","0.2"
"1820462258","2164538027","0.7"
"2164538027","1820462258","0.7"
"2119783318","2124539672","0.2"
"2124539672","2119783318","0.2"
"2119783318","2164538027","0.2"
"2164538027","2119783318","0.2"
"2124539672","2164538027","0.2"
"2164538027","2124539672","0.2"
"1504259892","1537552784","0.333333"
"1537552784","1504259892","0.333333"
"1537552784","1820462258","0.708333"
"1820462258","1537552784","0.708333"
"1537552784","2071183204","0.458333"
"2071183204","1537552784","0.458333"
"1508231923","2167659805","2"
"2167659805","1508231923","2"
"1508231923","2032443667","0.2"
"2032443667","1508231923","0.2"
"1508231923","2054811895","0.2"
"2054811895","1508231923","0.2"
"1508231923","2083173018","0.2"
"2083173018","1508231923","0.2"
"1508231923","2140396310","1"
"2140396310","1508231923","1"
"1525153585","1975528008","1"
"1975528008","1525153585","1"
"1525153585","2054811895","1"
"2054811895","1525153585","1"
"1537552784","1668461706","0.5"
"1668461706","1537552784","0.5"
"1537552784","2054811895","0.625"
"2054811895","1537552784","0.625"
"1537552784","1981653080","0.25"
"1981653080","1537552784","0.25"
"1537552784","2083173018","0.375"
"2083173018","1537552784","0.375"
"1981653080","2083173018","0.25"
"2083173018","1981653080","0.25"
"1537552784","1972400734","0.125"
"1972400734","1537552784","0.125"
"1537552784","2001058023","0.125"
"2001058023","1537552784","0.125"
"1972400734","1999065587","0.375"
"1999065587","1972400734","0.375"
"1972400734","2001058023","0.375"
"2001058023","1972400734","0.375"
"1972400734","2032443667","1.20833"
"2032443667","1972400734","1.20833"
"1972400734","2071183204","0.125"
"2071183204","1972400734","0.125"
"1999065587","2071183204","0.125"
"2071183204","1999065587","0.125"
"2001058023","2071183204","0.125"
"2071183204","2001058023","0.125"
"1538655963","1820462258","1.5"
"1820462258","1538655963","1.5"
"1538655963","2125317170","0.5"
"2125317170","1538655963","0.5"
"1820462258","2125317170","0.5"
"2125317170","1820462258","0.5"
"1538655963","2083036673","5.75"
"2083036673","1538655963","5.75"
"1538655963","1882378584","1.33333"
"1882378584","1538655963","1.33333"
"1538655963","2054811895","1.58333"
"2054811895","1538655963","1.58333"
"1538655963","2085662671","0.333333"
"2085662671","1538655963","0.333333"
"1882378584","2054811895","0.333333"
"2054811895","1882378584","0.333333"
"1882378584","2085662671","0.333333"
"2085662671","1882378584","0.333333"
"2054811895","2085662671","0.333333"
"2085662671","2054811895","0.333333"
"1538655963","2119783318","1.75"
"2119783318","1538655963","1.75"
"1538655963","1946667270","0.25"
"1946667270","1538655963","0.25"
"1538655963","2071183204","2"
"2071183204","1538655963","2"
"1584510792","2032443667","1.7"
"2032443667","1584510792","1.7"
"1584510792","2054811895","0.45"
"2054811895","1584510792","0.45"
"1584510792","2083986600","0.25"
"2083986600","1584510792","0.25"
"1584510792","2161286483","1.03333"
"2161286483","1584510792","1.03333"
"2032443667","2083986600","1.08333"
"2083986600","2032443667","1.08333"
"2032443667","2161286483","2.36667"
"2161286483","2032443667","2.36667"
"2054811895","2083986600","0.25"
"2083986600","2054811895","0.25"
"2054811895","2161286483","1.11667"
"2161286483","2054811895","1.11667"
"2083986600","2161286483","0.75"
"2161286483","2083986600","0.75"
"1584510792","1978370926","1.2"
"1978370926","1584510792","1.2"
"1584510792","2001058023","0.45"
"2001058023","1584510792","0.45"
"1978370926","2001058023","0.533333"
"2001058023","1978370926","0.533333"
"1978370926","2032443667","4.45"
"2032443667","1978370926","4.45"
"1978370926","2161286483","0.2"
"2161286483","1978370926","0.2"
"2001058023","2161286483","1.11667"
"2161286483","2001058023","1.11667"
"1584510792","2083036673","0.583333"
"2083036673","1584510792","0.583333"
"1584510792","2135958929","0.333333"
"2135958929","1584510792","0.333333"
"2083036673","2135958929","0.333333"
"2135958929","2083036673","0.333333"
"2083036673","2161286483","1.08333"
"2161286483","2083036673","1.08333"
"2135958929","2161286483","0.333333"
"2161286483","2135958929","0.333333"
"2001058023","2083036673","1.25"
"2083036673","2001058023","1.25"
"2032443667","2083036673","5.25"
"2083036673","2032443667","5.25"
"2054811895","2115447249","3.5"
"2115447249","2054811895","3.5"
"1820462258","2167659805","0.833333"
"2167659805","1820462258","0.833333"
"2083036673","2167659805","0.833333"
"2167659805","2083036673","0.833333"
"1820462258","2549885109","0.333333"
"2549885109","1820462258","0.333333"
"1820462258","78997228","0.333333"
"78997228","1820462258","0.333333"
"2167659805","2549885109","0.333333"
"2549885109","2167659805","0.333333"
"2167659805","78997228","0.333333"
"78997228","2167659805","0.333333"
"2549885109","78997228","0.333333"
"78997228","2549885109","0.333333"
"1820462258","1882378584","0.5"
"1882378584","1820462258","0.5"
"1882378584","2119783318","0.5"
"2119783318","1882378584","0.5"
"2054811895","2164538027","1.5"
"2164538027","2054811895","1.5"
"1820462258","2161286483","0.166667"
"2161286483","1820462258","0.166667"
"1820462258","2318396789","0.166667"
"2318396789","1820462258","0.166667"
"2001058023","2318396789","1.66667"
"2318396789","2001058023","1.66667"
"2032443667","2318396789","0.666667"
"2318396789","2032443667","0.666667"
"2054811895","2318396789","0.666667"
"2318396789","2054811895","0.666667"
"2083036673","2318396789","0.166667"
"2318396789","2083036673","0.166667"
"2161286483","2318396789","0.666667"
"2318396789","2161286483","0.666667"
"1882378584","1946667270","1"
"1946667270","1882378584","1"
"1946667270","2085662671","0.5"
"2085662671","1946667270","0.5"
"2085662671","2119783318","0.5"
"2119783318","2085662671","0.5"
"1973548654","2083036673","1"
"2083036673","1973548654","1"
"1978370926","2115447249","0.833333"
"2115447249","1978370926","0.833333"
"2032443667","2115447249","0.833333"
"2115447249","2032443667","0.833333"
"1978370926","2246624197","0.333333"
"2246624197","1978370926","0.333333"
"2032443667","2469197205","0.333333"
"2469197205","2032443667","0.333333"
"2246624197","2469197205","0.333333"
"2469197205","2246624197","0.333333"
"2001058023","2115447249","0.333333"
"2115447249","2001058023","0.333333"
"1978370926","2083986600","0.333333"
"2083986600","1978370926","0.333333"
"1978370926","2140396310","0.333333"
"2140396310","1978370926","0.333333"
"2032443667","2140396310","0.333333"
"2140396310","2032443667","0.333333"
"2083986600","2140396310","0.333333"
"2140396310","2083986600","0.333333"
"2119783318","2161286483","0.5"
"2161286483","2119783318","0.5"
"2076426020","2083036673","1"
"2083036673","2076426020","1"
"2083036673","2164538027","0.333333"
"2164538027","2083036673","0.333333"
"2161286483","2164538027","0.333333"
"2164538027","2161286483","0.333333"
"2161286483","2167659805","0.333333"
"2167659805","2161286483","0.333333"
"2164538027","2167659805","0.333333"
"2167659805","2164538027","0.333333"
