"1488270696","1792200245","2.5"
"1792200245","1488270696","2.5"
"1488270696","223553533","0.5"
"223553533","1488270696","0.5"
"1792200245","223553533","0.5"
"223553533","1792200245","0.5"
"1501015543","2163400588","0.583333"
"2163400588","1501015543","0.583333"
"1501015543","2163779888","2.75"
"2163779888","1501015543","2.75"
"1501015543","2170155158","0.583333"
"2170155158","1501015543","0.583333"
"1501015543","61559612","0.75"
"61559612","1501015543","0.75"
"2163400588","2163779888","0.25"
"2163779888","2163400588","0.25"
"2163400588","2170155158","6.30952"
"2170155158","2163400588","6.30952"
"2163400588","61559612","2.47619"
"61559612","2163400588","2.47619"
"2163779888","2170155158","0.25"
"2170155158","2163779888","0.25"
"2163779888","61559612","0.25"
"61559612","2163779888","0.25"
"2170155158","61559612","1.47619"
"61559612","2170155158","1.47619"
"1501015543","2145646226","0.5"
"2145646226","1501015543","0.5"
"2145646226","2163779888","0.5"
"2163779888","2145646226","0.5"
"1501015543","2133127450","0.5"
"2133127450","1501015543","0.5"
"2133127450","61559612","0.5"
"61559612","2133127450","0.5"
"1501015543","2136866764","1"
"2136866764","1501015543","1"
"1501015543","186225336","0.333333"
"186225336","1501015543","0.333333"
"186225336","2163400588","0.666667"
"2163400588","186225336","0.666667"
"186225336","2170155158","0.333333"
"2170155158","186225336","0.333333"
"1534587918","1687586285","0.333333"
"1687586285","1534587918","0.333333"
"1534587918","186225336","0.333333"
"186225336","1534587918","0.333333"
"1534587918","2163400588","0.333333"
"2163400588","1534587918","0.333333"
"1687586285","186225336","0.333333"
"186225336","1687586285","0.333333"
"1687586285","2163400588","0.833333"
"2163400588","1687586285","0.833333"
"1534587918","2170155158","1"
"2170155158","1534587918","1"
"1539001404","1548530135","0.25"
"1548530135","1539001404","0.25"
"1539001404","1766112065","0.25"
"1766112065","1539001404","0.25"
"1539001404","1792200245","1.58333"
"1792200245","1539001404","1.58333"
"1539001404","1836553318","0.583333"
"1836553318","1539001404","0.583333"
"1539001404","1908459193","1.58333"
"1908459193","1539001404","1.58333"
"1539001404","207234881","0.25"
"207234881","1539001404","0.25"
"1539001404","2280262477","0.25"
"2280262477","1539001404","0.25"
"1539001404","2286790517","0.25"
"2286790517","1539001404","0.25"
"1539001404","2296992237","0.25"
"2296992237","1539001404","0.25"
"1539001404","2299510651","0.25"
"2299510651","1539001404","0.25"
"1539001404","2333832846","0.25"
"2333832846","1539001404","0.25"
"1539001404","982799530","0.25"
"982799530","1539001404","0.25"
"1548530135","1766112065","1.39286"
"1766112065","1548530135","1.39286"
"1548530135","1792200245","0.25"
"1792200245","1548530135","0.25"
"1548530135","1836553318","0.25"
"1836553318","1548530135","0.25"
"1548530135","1908459193","1.64286"
"1908459193","1548530135","1.64286"
"1548530135","207234881","0.25"
"207234881","1548530135","0.25"
"1548530135","2280262477","1.39286"
"2280262477","1548530135","1.39286"
"1548530135","2286790517","0.25"
"2286790517","1548530135","0.25"
"1548530135","2296992237","0.25"
"2296992237","1548530135","0.25"
"1548530135","2299510651","0.25"
"2299510651","1548530135","0.25"
"1548530135","2333832846","2.39286"
"2333832846","1548530135","2.39286"
"1548530135","982799530","0.25"
"982799530","1548530135","0.25"
"1766112065","1792200245","0.25"
"1792200245","1766112065","0.25"
"1766112065","1836553318","0.25"
"1836553318","1766112065","0.25"
"1766112065","1908459193","0.392857"
"1908459193","1766112065","0.392857"
"1766112065","207234881","0.25"
"207234881","1766112065","0.25"
"1766112065","2280262477","0.392857"
"2280262477","1766112065","0.392857"
"1766112065","2286790517","0.25"
"2286790517","1766112065","0.25"
"1766112065","2296992237","0.25"
"2296992237","1766112065","0.25"
"1766112065","2299510651","0.25"
"2299510651","1766112065","0.25"
"1766112065","2333832846","0.392857"
"2333832846","1766112065","0.392857"
"1766112065","982799530","0.25"
"982799530","1766112065","0.25"
"1792200245","1836553318","1.08333"
"1836553318","1792200245","1.08333"
"1792200245","1908459193","0.583333"
"1908459193","1792200245","0.583333"
"1792200245","207234881","0.25"
"207234881","1792200245","0.25"
"1792200245","2280262477","0.25"
"2280262477","1792200245","0.25"
"1792200245","2286790517","0.25"
"2286790517","1792200245","0.25"
"1792200245","2296992237","0.25"
"2296992237","1792200245","0.25"
"1792200245","2299510651","0.25"
"2299510651","1792200245","0.25"
"1792200245","2333832846","0.25"
"2333832846","1792200245","0.25"
"1792200245","982799530","0.25"
"982799530","1792200245","0.25"
"1836553318","1908459193","4.08333"
"1908459193","1836553318","4.08333"
"1836553318","207234881","0.25"
"207234881","1836553318","0.25"
"1836553318","2280262477","0.25"
"2280262477","1836553318","0.25"
"1836553318","2286790517","0.25"
"2286790517","1836553318","0.25"
"1836553318","2296992237","0.25"
"2296992237","1836553318","0.25"
"1836553318","2299510651","0.25"
"2299510651","1836553318","0.25"
"1836553318","2333832846","0.25"
"2333832846","1836553318","0.25"
"1836553318","982799530","3.75"
"982799530","1836553318","3.75"
"1908459193","207234881","0.25"
"207234881","1908459193","0.25"
"1908459193","2280262477","0.392857"
"2280262477","1908459193","0.392857"
"1908459193","2286790517","0.25"
"2286790517","1908459193","0.25"
"1908459193","2296992237","0.25"
"2296992237","1908459193","0.25"
"1908459193","2299510651","4.25"
"2299510651","1908459193","4.25"
"1908459193","2333832846","0.392857"
"2333832846","1908459193","0.392857"
"1908459193","982799530","1.75"
"982799530","1908459193","1.75"
"207234881","2280262477","0.25"
"2280262477","207234881","0.25"
"207234881","2286790517","1.25"
"2286790517","207234881","1.25"
"207234881","2296992237","0.25"
"2296992237","207234881","0.25"
"207234881","2299510651","0.25"
"2299510651","207234881","0.25"
"207234881","2333832846","0.25"
"2333832846","207234881","0.25"
"207234881","982799530","0.25"
"982799530","207234881","0.25"
"2280262477","2286790517","0.25"
"2286790517","2280262477","0.25"
"2280262477","2296992237","0.25"
"2296992237","2280262477","0.25"
"2280262477","2299510651","0.25"
"2299510651","2280262477","0.25"
"2280262477","2333832846","0.392857"
"2333832846","2280262477","0.392857"
"2280262477","982799530","0.25"
"982799530","2280262477","0.25"
"2286790517","2296992237","0.25"
"2296992237","2286790517","0.25"
"2286790517","2299510651","0.25"
"2299510651","2286790517","0.25"
"2286790517","2333832846","0.25"
"2333832846","2286790517","0.25"
"2286790517","982799530","0.25"
"982799530","2286790517","0.25"
"2296992237","2299510651","0.25"
"2299510651","2296992237","0.25"
"2296992237","2333832846","0.25"
"2333832846","2296992237","0.25"
"2296992237","982799530","0.25"
"982799530","2296992237","0.25"
"2299510651","2333832846","0.25"
"2333832846","2299510651","0.25"
"2299510651","982799530","0.25"
"982799530","2299510651","0.25"
"2333832846","982799530","0.25"
"982799530","2333832846","0.25"
"1548530135","2163400588","0.392857"
"2163400588","1548530135","0.392857"
"1548530135","2170155158","0.392857"
"2170155158","1548530135","0.392857"
"1548530135","61559612","0.392857"
"61559612","1548530135","0.392857"
"1766112065","2163400588","0.142857"
"2163400588","1766112065","0.142857"
"1766112065","2170155158","0.142857"
"2170155158","1766112065","0.142857"
"1766112065","61559612","0.142857"
"61559612","1766112065","0.142857"
"1908459193","2163400588","1.39286"
"2163400588","1908459193","1.39286"
"1908459193","2170155158","0.392857"
"2170155158","1908459193","0.392857"
"1908459193","61559612","1.39286"
"61559612","1908459193","1.39286"
"2163400588","2280262477","0.142857"
"2280262477","2163400588","0.142857"
"2163400588","2333832846","0.142857"
"2333832846","2163400588","0.142857"
"2170155158","2280262477","0.142857"
"2280262477","2170155158","0.142857"
"2170155158","2333832846","0.142857"
"2333832846","2170155158","0.142857"
"2280262477","61559612","0.142857"
"61559612","2280262477","0.142857"
"2333832846","61559612","0.142857"
"61559612","2333832846","0.142857"
"1687586285","2170155158","1.5"
"2170155158","1687586285","1.5"
"1792200245","2136866764","0.5"
"2136866764","1792200245","0.5"
"1836553318","2136866764","4.5"
"2136866764","1836553318","4.5"
"2016926105","2119724750","0.25"
"2119724750","2016926105","0.25"
"2016926105","2133127450","0.25"
"2133127450","2016926105","0.25"
"2016926105","2145646226","0.25"
"2145646226","2016926105","0.25"
"2016926105","2154703933","2.25"
"2154703933","2016926105","2.25"
"2119724750","2133127450","0.25"
"2133127450","2119724750","0.25"
"2119724750","2145646226","0.25"
"2145646226","2119724750","0.25"
"2119724750","2154703933","0.25"
"2154703933","2119724750","0.25"
"2133127450","2145646226","1.25"
"2145646226","2133127450","1.25"
"2133127450","2154703933","0.25"
"2154703933","2133127450","0.25"
"2145646226","2154703933","0.25"
"2154703933","2145646226","0.25"
"2133127450","2476370533","1"
"2476370533","2133127450","1"
"2136866764","2476370533","1"
"2476370533","2136866764","1"
"2136866764","2163400588","2"
"2163400588","2136866764","2"
"2136866764","2163779888","1"
"2163779888","2136866764","1"
"2154703933","23425755","2"
"23425755","2154703933","2"
"2163400588","96204249","2"
"96204249","2163400588","2"
"2163400588","56398976","0.333333"
"56398976","2163400588","0.333333"
"2170155158","56398976","0.333333"
"56398976","2170155158","0.333333"
"56398976","61559612","1.33333"
"61559612","56398976","1.33333"
"2163400588","2992220183","1"
"2992220183","2163400588","1"
"2170155158","2992220183","16"
"2992220183","2170155158","16"
