"100318565","2108908993","0.5"
"2108908993","100318565","0.5"
"100318565","2154322583","0.5"
"2154322583","100318565","0.5"
"2108908993","2154322583","7.78333"
"2154322583","2108908993","7.78333"
"1481450833","1963674762","0.6"
"1963674762","1481450833","0.6"
"1481450833","1987844293","0.1"
"1987844293","1481450833","0.1"
"1481450833","2125391023","0.1"
"2125391023","1481450833","0.1"
"1481450833","2136813418","0.1"
"2136813418","1481450833","0.1"
"1481450833","2148998558","0.1"
"2148998558","1481450833","0.1"
"1481450833","2153546617","0.1"
"2153546617","1481450833","0.1"
"1481450833","2154322583","0.1"
"2154322583","1481450833","0.1"
"1481450833","2165620568","0.1"
"2165620568","1481450833","0.1"
"1481450833","2172207436","0.1"
"2172207436","1481450833","0.1"
"1481450833","2181961186","0.1"
"2181961186","1481450833","0.1"
"1963674762","1987844293","5.28391"
"1987844293","1963674762","5.28391"
"1963674762","2125391023","6.92677"
"2125391023","1963674762","6.92677"
"1963674762","2136813418","16.425"
"2136813418","1963674762","16.425"
"1963674762","2148998558","0.134483"
"2148998558","1963674762","0.134483"
"1963674762","2153546617","3.45058"
"2153546617","1963674762","3.45058"
"1963674762","2154322583","1.29286"
"2154322583","1963674762","1.29286"
"1963674762","2165620568","0.9"
"2165620568","1963674762","0.9"
"1963674762","2172207436","3.29286"
"2172207436","1963674762","3.29286"
"1963674762","2181961186","10.45"
"2181961186","1963674762","10.45"
"1987844293","2125391023","0.95058"
"2125391023","1987844293","0.95058"
"1987844293","2136813418","0.865435"
"2136813418","1987844293","0.865435"
"1987844293","2148998558","0.134483"
"2148998558","1987844293","0.134483"
"1987844293","2153546617","1.61725"
"2153546617","1987844293","1.61725"
"1987844293","2154322583","0.1"
"2154322583","1987844293","0.1"
"1987844293","2165620568","0.1"
"2165620568","1987844293","0.1"
"1987844293","2172207436","0.1"
"2172207436","1987844293","0.1"
"1987844293","2181961186","1.2"
"2181961186","1987844293","1.2"
"2125391023","2136813418","1.50829"
"2136813418","2125391023","1.50829"
"2125391023","2148998558","2.30115"
"2148998558","2125391023","2.30115"
"2125391023","2153546617","22.6942"
"2153546617","2125391023","22.6942"
"2125391023","2154322583","0.242857"
"2154322583","2125391023","0.242857"
"2125391023","2165620568","0.1"
"2165620568","2125391023","0.1"
"2125391023","2172207436","0.242857"
"2172207436","2125391023","0.242857"
"2125391023","2181961186","1.53333"
"2181961186","2125391023","1.53333"
"2136813418","2148998558","0.134483"
"2148998558","2136813418","0.134483"
"2136813418","2153546617","0.865435"
"2153546617","2136813418","0.865435"
"2136813418","2154322583","0.242857"
"2154322583","2136813418","0.242857"
"2136813418","2165620568","0.1"
"2165620568","2136813418","0.1"
"2136813418","2172207436","0.242857"
"2172207436","2136813418","0.242857"
"2136813418","2181961186","1.78333"
"2181961186","2136813418","1.78333"
"2148998558","2153546617","9.63448"
"2153546617","2148998558","9.63448"
"2148998558","2154322583","0.1"
"2154322583","2148998558","0.1"
"2148998558","2165620568","0.1"
"2165620568","2148998558","0.1"
"2148998558","2172207436","0.1"
"2172207436","2148998558","0.1"
"2148998558","2181961186","0.766667"
"2181961186","2148998558","0.766667"
"2153546617","2154322583","0.1"
"2154322583","2153546617","0.1"
"2153546617","2165620568","0.1"
"2165620568","2153546617","0.1"
"2153546617","2172207436","0.1"
"2172207436","2153546617","0.1"
"2153546617","2181961186","1.36667"
"2181961186","2153546617","1.36667"
"2154322583","2165620568","2.96111"
"2165620568","2154322583","2.96111"
"2154322583","2172207436","5.64564"
"2172207436","2154322583","5.64564"
"2154322583","2181961186","0.1"
"2181961186","2154322583","0.1"
"2165620568","2172207436","4.46111"
"2172207436","2165620568","4.46111"
"2165620568","2181961186","0.1"
"2181961186","2165620568","0.1"
"2172207436","2181961186","0.1"
"2181961186","2172207436","0.1"
"1481450833","2044015456","0.5"
"2044015456","1481450833","0.5"
"1963674762","2044015456","1.5"
"2044015456","1963674762","1.5"
"1485575178","1841686968","6.01667"
"1841686968","1485575178","6.01667"
"1485575178","1905376493","30.5167"
"1905376493","1485575178","30.5167"
"1841686968","1905376493","10.1833"
"1905376493","1841686968","10.1833"
"1485575178","2218129360","3.26667"
"2218129360","1485575178","3.26667"
"1485575178","1575338486","4"
"1575338486","1485575178","4"
"1485575178","2113830987","2.33333"
"2113830987","1485575178","2.33333"
"1485575178","2206824928","0.333333"
"2206824928","1485575178","0.333333"
"1841686968","2113830987","0.333333"
"2113830987","1841686968","0.333333"
"1841686968","2206824928","0.333333"
"2206824928","1841686968","0.333333"
"2113830987","2206824928","0.333333"
"2206824928","2113830987","0.333333"
"1905376493","2218129360","5.51084"
"2218129360","1905376493","5.51084"
"1485575178","1485653296","1.85"
"1485653296","1485575178","1.85"
"1485575178","2119934859","0.6"
"2119934859","1485575178","0.6"
"1485653296","1841686968","2.35"
"1841686968","1485653296","2.35"
"1485653296","1905376493","5.35"
"1905376493","1485653296","5.35"
"1485653296","2119934859","1.68333"
"2119934859","1485653296","1.68333"
"1485653296","2218129360","0.6"
"2218129360","1485653296","0.6"
"1841686968","2119934859","0.6"
"2119934859","1841686968","0.6"
"1841686968","2218129360","0.933333"
"2218129360","1841686968","0.933333"
"1905376493","2119934859","0.6"
"2119934859","1905376493","0.6"
"2119934859","2218129360","0.6"
"2218129360","2119934859","0.6"
"1905376493","2113830987","2.66725"
"2113830987","1905376493","2.66725"
"1485575178","2163969616","0.25"
"2163969616","1485575178","0.25"
"1485653296","2163969616","1.25"
"2163969616","1485653296","1.25"
"1841686968","2163969616","0.25"
"2163969616","1841686968","0.25"
"1905376493","2163969616","0.25"
"2163969616","1905376493","0.25"
"1485575178","1571432445","0.333333"
"1571432445","1485575178","0.333333"
"1571432445","1905376493","0.577503"
"1905376493","1571432445","0.577503"
"1571432445","2218129360","0.577503"
"2218129360","1571432445","0.577503"
"1485575178","2101534400","0.5"
"2101534400","1485575178","0.5"
"1905376493","2101534400","0.5"
"2101534400","1905376493","0.5"
"1485653296","1997506570","1.11667"
"1997506570","1485653296","1.11667"
"1485653296","2132707431","4.61667"
"2132707431","1485653296","4.61667"
"1485653296","2153777232","1.03333"
"2153777232","1485653296","1.03333"
"1485653296","2267414881","4.2"
"2267414881","1485653296","4.2"
"1485653296","978724463","0.2"
"978724463","1485653296","0.2"
"1997506570","2132707431","6.29286"
"2132707431","1997506570","6.29286"
"1997506570","2153777232","2.09286"
"2153777232","1997506570","2.09286"
"1997506570","2267414881","0.7"
"2267414881","1997506570","0.7"
"1997506570","978724463","0.2"
"978724463","1997506570","0.2"
"2132707431","2153777232","2.29286"
"2153777232","2132707431","2.29286"
"2132707431","2267414881","4.2"
"2267414881","2132707431","4.2"
"2132707431","978724463","0.2"
"978724463","2132707431","0.2"
"2153777232","2267414881","0.7"
"2267414881","2153777232","0.7"
"2153777232","978724463","0.2"
"978724463","2153777232","0.2"
"2267414881","978724463","0.2"
"978724463","2267414881","0.2"
"1485653296","1555508210","0.0833333"
"1555508210","1485653296","0.0833333"
"1485653296","1571432445","0.333333"
"1571432445","1485653296","0.333333"
"1485653296","1866901121","0.333333"
"1866901121","1485653296","0.333333"
"1485653296","1972121352","0.333333"
"1972121352","1485653296","0.333333"
"1485653296","1991767575","0.0833333"
"1991767575","1485653296","0.0833333"
"1485653296","2113603603","0.0833333"
"2113603603","1485653296","0.0833333"
"1485653296","2113830987","1.08333"
"2113830987","1485653296","1.08333"
"1485653296","2168262126","0.0833333"
"2168262126","1485653296","0.0833333"
"1485653296","2212026723","0.0833333"
"2212026723","1485653296","0.0833333"
"1555508210","1571432445","0.0833333"
"1571432445","1555508210","0.0833333"
"1555508210","1866901121","0.22619"
"1866901121","1555508210","0.22619"
"1555508210","1972121352","0.22619"
"1972121352","1555508210","0.22619"
"1555508210","1991767575","0.483333"
"1991767575","1555508210","0.483333"
"1555508210","1997506570","1.62619"
"1997506570","1555508210","1.62619"
"1555508210","2113603603","0.0833333"
"2113603603","1555508210","0.0833333"
"1555508210","2113830987","0.0833333"
"2113830987","1555508210","0.0833333"
"1555508210","2119934859","0.0833333"
"2119934859","1555508210","0.0833333"
"1555508210","2132707431","1.22619"
"2132707431","1555508210","1.22619"
"1555508210","2168262126","0.0833333"
"2168262126","1555508210","0.0833333"
"1555508210","2212026723","0.22619"
"2212026723","1555508210","0.22619"
"1571432445","1866901121","5.8275"
"1866901121","1571432445","5.8275"
"1571432445","1972121352","5.03448"
"1972121352","1571432445","5.03448"
"1571432445","1991767575","0.0833333"
"1991767575","1571432445","0.0833333"
"1571432445","1997506570","2.33333"
"1997506570","1571432445","2.33333"
"1571432445","2113603603","1.61782"
"2113603603","1571432445","1.61782"
"1571432445","2113830987","0.25058"
"2113830987","1571432445","0.25058"
"1571432445","2119934859","0.583333"
"2119934859","1571432445","0.583333"
"1571432445","2132707431","0.666667"
"2132707431","1571432445","0.666667"
"1571432445","2168262126","4.99417"
"2168262126","1571432445","4.99417"
"1571432445","2212026723","0.833333"
"2212026723","1571432445","0.833333"
"1866901121","1972121352","2.04401"
"1972121352","1866901121","2.04401"
"1866901121","1991767575","0.583333"
"1991767575","1866901121","0.583333"
"1866901121","1997506570","4.09286"
"1997506570","1866901121","4.09286"
"1866901121","2113603603","1.61782"
"2113603603","1866901121","1.61782"
"1866901121","2113830987","0.25058"
"2113830987","1866901121","0.25058"
"1866901121","2119934859","0.583333"
"2119934859","1866901121","0.583333"
"1866901121","2132707431","2.42619"
"2132707431","1866901121","2.42619"
"1866901121","2168262126","0.99417"
"2168262126","1866901121","0.99417"
"1866901121","2212026723","0.842857"
"2212026723","1866901121","0.842857"
"1972121352","1991767575","0.183333"
"1991767575","1972121352","0.183333"
"1972121352","1997506570","1.35952"
"1997506570","1972121352","1.35952"
"1972121352","2113603603","0.117816"
"2113603603","1972121352","0.117816"
"1972121352","2113830987","0.117816"
"2113830987","1972121352","0.117816"
"1972121352","2119934859","1.18333"
"2119934859","1972121352","1.18333"
"1972121352","2132707431","1.09286"
"2132707431","1972121352","1.09286"
"1972121352","2168262126","0.884483"
"2168262126","1972121352","0.884483"
"1972121352","2212026723","2.09286"
"2212026723","1972121352","2.09286"
"1991767575","1997506570","3.58333"
"1997506570","1991767575","3.58333"
"1991767575","2113603603","0.583333"
"2113603603","1991767575","0.583333"
"1991767575","2113830987","0.0833333"
"2113830987","1991767575","0.0833333"
"1991767575","2119934859","0.183333"
"2119934859","1991767575","0.183333"
"1991767575","2132707431","0.283333"
"2132707431","1991767575","0.283333"
"1991767575","2168262126","0.183333"
"2168262126","1991767575","0.183333"
"1991767575","2212026723","0.0833333"
"2212026723","1991767575","0.0833333"
"1997506570","2113603603","0.0833333"
"2113603603","1997506570","0.0833333"
"1997506570","2113830987","0.0833333"
"2113830987","1997506570","0.0833333"
"1997506570","2119934859","0.183333"
"2119934859","1997506570","0.183333"
"1997506570","2168262126","0.35"
"2168262126","1997506570","0.35"
"1997506570","2212026723","1.84286"
"2212026723","1997506570","1.84286"
"2113603603","2113830987","0.117816"
"2113830987","2113603603","0.117816"
"2113603603","2119934859","0.0833333"
"2119934859","2113603603","0.0833333"
"2113603603","2132707431","0.0833333"
"2132707431","2113603603","0.0833333"
"2113603603","2168262126","1.28448"
"2168262126","2113603603","1.28448"
"2113603603","2212026723","0.0833333"
"2212026723","2113603603","0.0833333"
"2113830987","2119934859","0.0833333"
"2119934859","2113830987","0.0833333"
"2113830987","2132707431","0.0833333"
"2132707431","2113830987","0.0833333"
"2113830987","2168262126","0.25058"
"2168262126","2113830987","0.25058"
"2113830987","2212026723","0.0833333"
"2212026723","2113830987","0.0833333"
"2119934859","2132707431","0.0833333"
"2132707431","2119934859","0.0833333"
"2119934859","2168262126","0.183333"
"2168262126","2119934859","0.183333"
"2119934859","2212026723","0.0833333"
"2212026723","2119934859","0.0833333"
"2132707431","2168262126","0.0833333"
"2168262126","2132707431","0.0833333"
"2132707431","2212026723","0.842857"
"2212026723","2132707431","0.842857"
"2168262126","2212026723","0.0833333"
"2212026723","2168262126","0.0833333"
"1485653296","1698229348","0.25"
"1698229348","1485653296","0.25"
"1571432445","1698229348","0.25"
"1698229348","1571432445","0.25"
"1698229348","1866901121","0.25"
"1866901121","1698229348","0.25"
"1698229348","1972121352","0.25"
"1972121352","1698229348","0.25"
"1485653296","2167113304","2"
"2167113304","1485653296","2"
"1485653296","1502978042","0.333333"
"1502978042","1485653296","0.333333"
"1485653296","1963674762","0.333333"
"1963674762","1485653296","0.333333"
"1485653296","2285489236","0.333333"
"2285489236","1485653296","0.333333"
"1502978042","1963674762","2.00058"
"1963674762","1502978042","2.00058"
"1502978042","2285489236","2.36667"
"2285489236","1502978042","2.36667"
"1963674762","2285489236","1.83333"
"2285489236","1963674762","1.83333"
"1502978042","2113830987","1.66725"
"2113830987","1502978042","1.66725"
"1502978042","1571432445","0.24417"
"1571432445","1502978042","0.24417"
"1502978042","1866901121","0.24417"
"1866901121","1502978042","0.24417"
"1502978042","1905376493","0.24417"
"1905376493","1502978042","0.24417"
"1502978042","2081912596","0.24417"
"2081912596","1502978042","0.24417"
"1502978042","2110965035","0.24417"
"2110965035","1502978042","0.24417"
"1502978042","2125391023","0.24417"
"2125391023","1502978042","0.24417"
"1502978042","2153546617","0.24417"
"2153546617","1502978042","0.24417"
"1502978042","2156855209","0.24417"
"2156855209","1502978042","0.24417"
"1502978042","2167113304","0.111406"
"2167113304","1502978042","0.111406"
"1502978042","2168262126","0.24417"
"2168262126","1502978042","0.24417"
"1502978042","2200593589","0.24417"
"2200593589","1502978042","0.24417"
"1502978042","2218129360","0.24417"
"2218129360","1502978042","0.24417"
"1502978042","2953266679","0.24417"
"2953266679","1502978042","0.24417"
"1571432445","2081912596","0.910836"
"2081912596","1571432445","0.910836"
"1571432445","2110965035","0.24417"
"2110965035","1571432445","0.24417"
"1571432445","2125391023","0.24417"
"2125391023","1571432445","0.24417"
"1571432445","2153546617","0.24417"
"2153546617","1571432445","0.24417"
"1571432445","2156855209","0.24417"
"2156855209","1571432445","0.24417"
"1571432445","2167113304","0.111406"
"2167113304","1571432445","0.111406"
"1571432445","2200593589","0.24417"
"2200593589","1571432445","0.24417"
"1571432445","2953266679","0.24417"
"2953266679","1571432445","0.24417"
"1866901121","1905376493","0.44417"
"1905376493","1866901121","0.44417"
"1866901121","2081912596","0.410836"
"2081912596","1866901121","0.410836"
"1866901121","2110965035","0.24417"
"2110965035","1866901121","0.24417"
"1866901121","2125391023","0.24417"
"2125391023","1866901121","0.24417"
"1866901121","2153546617","0.24417"
"2153546617","1866901121","0.24417"
"1866901121","2156855209","0.24417"
"2156855209","1866901121","0.24417"
"1866901121","2167113304","0.111406"
"2167113304","1866901121","0.111406"
"1866901121","2200593589","0.24417"
"2200593589","1866901121","0.24417"
"1866901121","2218129360","0.24417"
"2218129360","1866901121","0.24417"
"1866901121","2953266679","0.24417"
"2953266679","1866901121","0.24417"
"1905376493","2081912596","0.24417"
"2081912596","1905376493","0.24417"
"1905376493","2110965035","0.24417"
"2110965035","1905376493","0.24417"
"1905376493","2125391023","0.24417"
"2125391023","1905376493","0.24417"
"1905376493","2153546617","0.24417"
"2153546617","1905376493","0.24417"
"1905376493","2156855209","0.24417"
"2156855209","1905376493","0.24417"
"1905376493","2167113304","0.111406"
"2167113304","1905376493","0.111406"
"1905376493","2168262126","0.24417"
"2168262126","1905376493","0.24417"
"1905376493","2200593589","0.24417"
"2200593589","1905376493","0.24417"
"1905376493","2953266679","0.24417"
"2953266679","1905376493","0.24417"
"2081912596","2110965035","0.24417"
"2110965035","2081912596","0.24417"
"2081912596","2125391023","0.24417"
"2125391023","2081912596","0.24417"
"2081912596","2153546617","0.24417"
"2153546617","2081912596","0.24417"
"2081912596","2156855209","0.910836"
"2156855209","2081912596","0.910836"
"2081912596","2167113304","0.111406"
"2167113304","2081912596","0.111406"
"2081912596","2168262126","4.1275"
"2168262126","2081912596","4.1275"
"2081912596","2200593589","0.24417"
"2200593589","2081912596","0.24417"
"2081912596","2218129360","0.24417"
"2218129360","2081912596","0.24417"
"2081912596","2953266679","0.24417"
"2953266679","2081912596","0.24417"
"2110965035","2125391023","0.24417"
"2125391023","2110965035","0.24417"
"2110965035","2153546617","0.24417"
"2153546617","2110965035","0.24417"
"2110965035","2156855209","0.24417"
"2156855209","2110965035","0.24417"
"2110965035","2167113304","1.54474"
"2167113304","2110965035","1.54474"
"2110965035","2168262126","0.24417"
"2168262126","2110965035","0.24417"
"2110965035","2200593589","0.24417"
"2200593589","2110965035","0.24417"
"2110965035","2218129360","0.24417"
"2218129360","2110965035","0.24417"
"2110965035","2953266679","0.24417"
"2953266679","2110965035","0.24417"
"2125391023","2156855209","0.24417"
"2156855209","2125391023","0.24417"
"2125391023","2167113304","0.111406"
"2167113304","2125391023","0.111406"
"2125391023","2168262126","0.74417"
"2168262126","2125391023","0.74417"
"2125391023","2200593589","0.84417"
"2200593589","2125391023","0.84417"
"2125391023","2218129360","0.24417"
"2218129360","2125391023","0.24417"
"2125391023","2953266679","0.24417"
"2953266679","2125391023","0.24417"
"2153546617","2156855209","0.24417"
"2156855209","2153546617","0.24417"
"2153546617","2167113304","0.111406"
"2167113304","2153546617","0.111406"
"2153546617","2168262126","0.74417"
"2168262126","2153546617","0.74417"
"2153546617","2200593589","1.84417"
"2200593589","2153546617","1.84417"
"2153546617","2218129360","0.24417"
"2218129360","2153546617","0.24417"
"2153546617","2953266679","0.24417"
"2953266679","2153546617","0.24417"
"2156855209","2167113304","0.111406"
"2167113304","2156855209","0.111406"
"2156855209","2168262126","1.01084"
"2168262126","2156855209","1.01084"
"2156855209","2200593589","0.24417"
"2200593589","2156855209","0.24417"
"2156855209","2218129360","0.24417"
"2218129360","2156855209","0.24417"
"2156855209","2953266679","0.24417"
"2953266679","2156855209","0.24417"
"2167113304","2168262126","0.111406"
"2168262126","2167113304","0.111406"
"2167113304","2200593589","0.111406"
"2200593589","2167113304","0.111406"
"2167113304","2218129360","0.111406"
"2218129360","2167113304","0.111406"
"2167113304","2953266679","0.111406"
"2953266679","2167113304","0.111406"
"2168262126","2200593589","0.24417"
"2200593589","2168262126","0.24417"
"2168262126","2218129360","0.24417"
"2218129360","2168262126","0.24417"
"2168262126","2953266679","0.24417"
"2953266679","2168262126","0.24417"
"2200593589","2218129360","0.24417"
"2218129360","2200593589","0.24417"
"2200593589","2953266679","0.24417"
"2953266679","2200593589","0.24417"
"2218129360","2953266679","0.24417"
"2953266679","2218129360","0.24417"
"1502978042","1525537725","0.533333"
"1525537725","1502978042","0.533333"
"1502978042","1575338486","0.333333"
"1575338486","1502978042","0.333333"
"1502978042","1600313589","4.03333"
"1600313589","1502978042","4.03333"
"1502978042","1908837559","1.70058"
"1908837559","1502978042","1.70058"
"1502978042","2167350691","0.70058"
"2167350691","1502978042","0.70058"
"1525537725","1575338486","0.333333"
"1575338486","1525537725","0.333333"
"1525537725","1600313589","0.533333"
"1600313589","1525537725","0.533333"
"1525537725","1908837559","0.533333"
"1908837559","1525537725","0.533333"
"1525537725","2167350691","0.533333"
"2167350691","1525537725","0.533333"
"1525537725","2285489236","0.533333"
"2285489236","1525537725","0.533333"
"1575338486","1600313589","5.83333"
"1600313589","1575338486","5.83333"
"1575338486","1908837559","19.3333"
"1908837559","1575338486","19.3333"
"1575338486","2167350691","0.333333"
"2167350691","1575338486","0.333333"
"1575338486","2285489236","0.333333"
"2285489236","1575338486","0.333333"
"1600313589","1908837559","1.53333"
"1908837559","1600313589","1.53333"
"1600313589","2167350691","0.533333"
"2167350691","1600313589","0.533333"
"1600313589","2285489236","0.533333"
"2285489236","1600313589","0.533333"
"1908837559","2167350691","0.70058"
"2167350691","1908837559","0.70058"
"1908837559","2285489236","0.533333"
"2285489236","1908837559","0.533333"
"2167350691","2285489236","0.533333"
"2285489236","2167350691","0.533333"
"1502978042","1543912966","1.16725"
"1543912966","1502978042","1.16725"
"1502978042","1987844293","0.167247"
"1987844293","1502978042","0.167247"
"1502978042","2116137265","0.167247"
"2116137265","1502978042","0.167247"
"1502978042","2136813418","0.0821018"
"2136813418","1502978042","0.0821018"
"1502978042","2276534156","1.16725"
"2276534156","1502978042","1.16725"
"1543912966","1571432445","0.167247"
"1571432445","1543912966","0.167247"
"1543912966","1866901121","0.167247"
"1866901121","1543912966","0.167247"
"1543912966","1905376493","0.167247"
"1905376493","1543912966","0.167247"
"1543912966","1908837559","0.167247"
"1908837559","1543912966","0.167247"
"1543912966","1963674762","0.267247"
"1963674762","1543912966","0.267247"
"1543912966","1987844293","0.267247"
"1987844293","1543912966","0.267247"
"1543912966","2081912596","0.167247"
"2081912596","1543912966","0.167247"
"1543912966","2110965035","0.167247"
"2110965035","1543912966","0.167247"
"1543912966","2113830987","0.167247"
"2113830987","1543912966","0.167247"
"1543912966","2116137265","0.167247"
"2116137265","1543912966","0.167247"
"1543912966","2125391023","0.267247"
"2125391023","1543912966","0.267247"
"1543912966","2136813418","0.182102"
"2136813418","1543912966","0.182102"
"1543912966","2153546617","0.267247"
"2153546617","1543912966","0.267247"
"1543912966","2156855209","0.167247"
"2156855209","1543912966","0.167247"
"1543912966","2167350691","0.167247"
"2167350691","1543912966","0.167247"
"1543912966","2168262126","0.167247"
"2168262126","1543912966","0.167247"
"1543912966","2200593589","0.267247"
"2200593589","1543912966","0.267247"
"1543912966","2218129360","0.167247"
"2218129360","1543912966","0.167247"
"1543912966","2276534156","0.167247"
"2276534156","1543912966","0.167247"
"1543912966","2953266679","0.167247"
"2953266679","1543912966","0.167247"
"1571432445","1908837559","0.167247"
"1908837559","1571432445","0.167247"
"1571432445","1963674762","0.167247"
"1963674762","1571432445","0.167247"
"1571432445","1987844293","0.167247"
"1987844293","1571432445","0.167247"
"1571432445","2116137265","3.16725"
"2116137265","1571432445","3.16725"
"1571432445","2136813418","0.0821018"
"2136813418","1571432445","0.0821018"
"1571432445","2167350691","0.167247"
"2167350691","1571432445","0.167247"
"1571432445","2276534156","0.167247"
"2276534156","1571432445","0.167247"
"1866901121","1908837559","0.167247"
"1908837559","1866901121","0.167247"
"1866901121","1963674762","0.167247"
"1963674762","1866901121","0.167247"
"1866901121","1987844293","0.167247"
"1987844293","1866901121","0.167247"
"1866901121","2116137265","0.167247"
"2116137265","1866901121","0.167247"
"1866901121","2136813418","0.0821018"
"2136813418","1866901121","0.0821018"
"1866901121","2167350691","0.167247"
"2167350691","1866901121","0.167247"
"1866901121","2276534156","0.167247"
"2276534156","1866901121","0.167247"
"1905376493","1908837559","1.66725"
"1908837559","1905376493","1.66725"
"1905376493","1963674762","0.167247"
"1963674762","1905376493","0.167247"
"1905376493","1987844293","0.167247"
"1987844293","1905376493","0.167247"
"1905376493","2116137265","0.167247"
"2116137265","1905376493","0.167247"
"1905376493","2136813418","0.0821018"
"2136813418","1905376493","0.0821018"
"1905376493","2167350691","0.167247"
"2167350691","1905376493","0.167247"
"1905376493","2276534156","0.167247"
"2276534156","1905376493","0.167247"
"1908837559","1963674762","0.167247"
"1963674762","1908837559","0.167247"
"1908837559","1987844293","1.16725"
"1987844293","1908837559","1.16725"
"1908837559","2081912596","0.167247"
"2081912596","1908837559","0.167247"
"1908837559","2110965035","0.167247"
"2110965035","1908837559","0.167247"
"1908837559","2113830987","8.16725"
"2113830987","1908837559","8.16725"
"1908837559","2116137265","0.167247"
"2116137265","1908837559","0.167247"
"1908837559","2125391023","0.167247"
"2125391023","1908837559","0.167247"
"1908837559","2136813418","0.0821018"
"2136813418","1908837559","0.0821018"
"1908837559","2153546617","0.167247"
"2153546617","1908837559","0.167247"
"1908837559","2156855209","0.167247"
"2156855209","1908837559","0.167247"
"1908837559","2168262126","0.167247"
"2168262126","1908837559","0.167247"
"1908837559","2200593589","0.167247"
"2200593589","1908837559","0.167247"
"1908837559","2218129360","0.167247"
"2218129360","1908837559","0.167247"
"1908837559","2276534156","0.167247"
"2276534156","1908837559","0.167247"
"1908837559","2953266679","0.167247"
"2953266679","1908837559","0.167247"
"1963674762","2081912596","1.96725"
"2081912596","1963674762","1.96725"
"1963674762","2110965035","0.167247"
"2110965035","1963674762","0.167247"
"1963674762","2113830987","0.167247"
"2113830987","1963674762","0.167247"
"1963674762","2116137265","1.21725"
"2116137265","1963674762","1.21725"
"1963674762","2156855209","0.167247"
"2156855209","1963674762","0.167247"
"1963674762","2167350691","3.21725"
"2167350691","1963674762","3.21725"
"1963674762","2168262126","0.967247"
"2168262126","1963674762","0.967247"
"1963674762","2200593589","0.433913"
"2200593589","1963674762","0.433913"
"1963674762","2218129360","0.167247"
"2218129360","1963674762","0.167247"
"1963674762","2276534156","0.167247"
"2276534156","1963674762","0.167247"
"1963674762","2953266679","0.167247"
"2953266679","1963674762","0.167247"
"1987844293","2081912596","0.417247"
"2081912596","1987844293","0.417247"
"1987844293","2110965035","0.167247"
"2110965035","1987844293","0.167247"
"1987844293","2113830987","0.167247"
"2113830987","1987844293","0.167247"
"1987844293","2116137265","0.167247"
"2116137265","1987844293","0.167247"
"1987844293","2156855209","0.167247"
"2156855209","1987844293","0.167247"
"1987844293","2167350691","1.16725"
"2167350691","1987844293","1.16725"
"1987844293","2168262126","0.417247"
"2168262126","1987844293","0.417247"
"1987844293","2200593589","0.267247"
"2200593589","1987844293","0.267247"
"1987844293","2218129360","0.167247"
"2218129360","1987844293","0.167247"
"1987844293","2276534156","0.167247"
"2276534156","1987844293","0.167247"
"1987844293","2953266679","0.167247"
"2953266679","1987844293","0.167247"
"2081912596","2113830987","0.167247"
"2113830987","2081912596","0.167247"
"2081912596","2116137265","1.46725"
"2116137265","2081912596","1.46725"
"2081912596","2136813418","0.0821018"
"2136813418","2081912596","0.0821018"
"2081912596","2167350691","1.17836"
"2167350691","2081912596","1.17836"
"2081912596","2276534156","0.167247"
"2276534156","2081912596","0.167247"
"2110965035","2113830987","0.167247"
"2113830987","2110965035","0.167247"
"2110965035","2116137265","0.167247"
"2116137265","2110965035","0.167247"
"2110965035","2136813418","0.0821018"
"2136813418","2110965035","0.0821018"
"2110965035","2167350691","0.167247"
"2167350691","2110965035","0.167247"
"2110965035","2276534156","0.167247"
"2276534156","2110965035","0.167247"
"2113830987","2116137265","0.167247"
"2116137265","2113830987","0.167247"
"2113830987","2125391023","0.167247"
"2125391023","2113830987","0.167247"
"2113830987","2136813418","0.0821018"
"2136813418","2113830987","0.0821018"
"2113830987","2153546617","0.167247"
"2153546617","2113830987","0.167247"
"2113830987","2156855209","0.167247"
"2156855209","2113830987","0.167247"
"2113830987","2167350691","0.167247"
"2167350691","2113830987","0.167247"
"2113830987","2200593589","0.167247"
"2200593589","2113830987","0.167247"
"2113830987","2218129360","0.167247"
"2218129360","2113830987","0.167247"
"2113830987","2276534156","0.167247"
"2276534156","2113830987","0.167247"
"2113830987","2953266679","0.167247"
"2953266679","2113830987","0.167247"
"2116137265","2125391023","0.667247"
"2125391023","2116137265","0.667247"
"2116137265","2136813418","0.332102"
"2136813418","2116137265","0.332102"
"2116137265","2153546617","0.667247"
"2153546617","2116137265","0.667247"
"2116137265","2156855209","0.267247"
"2156855209","2116137265","0.267247"
"2116137265","2167350691","0.967247"
"2167350691","2116137265","0.967247"
"2116137265","2168262126","1.06725"
"2168262126","2116137265","1.06725"
"2116137265","2200593589","0.167247"
"2200593589","2116137265","0.167247"
"2116137265","2218129360","0.167247"
"2218129360","2116137265","0.167247"
"2116137265","2276534156","0.167247"
"2276534156","2116137265","0.167247"
"2116137265","2953266679","0.167247"
"2953266679","2116137265","0.167247"
"2125391023","2167350691","0.167247"
"2167350691","2125391023","0.167247"
"2125391023","2276534156","0.167247"
"2276534156","2125391023","0.167247"
"2136813418","2156855209","0.0821018"
"2156855209","2136813418","0.0821018"
"2136813418","2167350691","0.0821018"
"2167350691","2136813418","0.0821018"
"2136813418","2168262126","0.0821018"
"2168262126","2136813418","0.0821018"
"2136813418","2200593589","0.182102"
"2200593589","2136813418","0.182102"
"2136813418","2218129360","0.0821018"
"2218129360","2136813418","0.0821018"
"2136813418","2276534156","0.0821018"
"2276534156","2136813418","0.0821018"
"2136813418","2953266679","0.0821018"
"2953266679","2136813418","0.0821018"
"2153546617","2167350691","0.167247"
"2167350691","2153546617","0.167247"
"2153546617","2276534156","0.167247"
"2276534156","2153546617","0.167247"
"2156855209","2167350691","0.167247"
"2167350691","2156855209","0.167247"
"2156855209","2276534156","0.167247"
"2276534156","2156855209","0.167247"
"2167350691","2168262126","0.967247"
"2168262126","2167350691","0.967247"
"2167350691","2200593589","0.167247"
"2200593589","2167350691","0.167247"
"2167350691","2218129360","0.167247"
"2218129360","2167350691","0.167247"
"2167350691","2276534156","0.167247"
"2276534156","2167350691","0.167247"
"2167350691","2953266679","0.167247"
"2953266679","2167350691","0.167247"
"2168262126","2276534156","0.167247"
"2276534156","2168262126","0.167247"
"2200593589","2276534156","0.167247"
"2276534156","2200593589","0.167247"
"2218129360","2276534156","0.167247"
"2276534156","2218129360","0.167247"
"2276534156","2953266679","0.167247"
"2953266679","2276534156","0.167247"
"1600313589","2113830987","0.5"
"2113830987","1600313589","0.5"
"1502978042","1790298588","0.119628"
"1790298588","1502978042","0.119628"
"1502978042","2018470393","0.119628"
"2018470393","1502978042","0.119628"
"1502978042","2307582423","0.0761494"
"2307582423","1502978042","0.0761494"
"1502978042","2336086217","0.119628"
"2336086217","1502978042","0.119628"
"1543912966","1790298588","0.219628"
"1790298588","1543912966","0.219628"
"1543912966","2018470393","0.219628"
"2018470393","1543912966","0.219628"
"1543912966","2307582423","0.0761494"
"2307582423","1543912966","0.0761494"
"1543912966","2336086217","0.119628"
"2336086217","1543912966","0.119628"
"1571432445","1790298588","0.119628"
"1790298588","1571432445","0.119628"
"1571432445","2018470393","0.119628"
"2018470393","1571432445","0.119628"
"1571432445","2307582423","0.0761494"
"2307582423","1571432445","0.0761494"
"1571432445","2336086217","0.119628"
"2336086217","1571432445","0.119628"
"1790298588","1866901121","0.119628"
"1866901121","1790298588","0.119628"
"1790298588","1905376493","0.119628"
"1905376493","1790298588","0.119628"
"1790298588","1908837559","0.119628"
"1908837559","1790298588","0.119628"
"1790298588","1963674762","4.71963"
"1963674762","1790298588","4.71963"
"1790298588","1987844293","0.219628"
"1987844293","1790298588","0.219628"
"1790298588","2018470393","0.552961"
"2018470393","1790298588","0.552961"
"1790298588","2081912596","0.119628"
"2081912596","1790298588","0.119628"
"1790298588","2110965035","0.119628"
"2110965035","1790298588","0.119628"
"1790298588","2113830987","0.119628"
"2113830987","1790298588","0.119628"
"1790298588","2116137265","0.119628"
"2116137265","1790298588","0.119628"
"1790298588","2125391023","0.219628"
"2125391023","1790298588","0.219628"
"1790298588","2153546617","0.219628"
"2153546617","1790298588","0.219628"
"1790298588","2156855209","0.119628"
"2156855209","1790298588","0.119628"
"1790298588","2167350691","0.119628"
"2167350691","1790298588","0.119628"
"1790298588","2168262126","0.119628"
"2168262126","1790298588","0.119628"
"1790298588","2200593589","2.71963"
"2200593589","1790298588","2.71963"
"1790298588","2218129360","0.119628"
"2218129360","1790298588","0.119628"
"1790298588","2276534156","0.119628"
"2276534156","1790298588","0.119628"
"1790298588","2307582423","1.57615"
"2307582423","1790298588","1.57615"
"1790298588","2336086217","1.95296"
"2336086217","1790298588","1.95296"
"1790298588","2953266679","0.119628"
"2953266679","1790298588","0.119628"
"1866901121","2018470393","0.119628"
"2018470393","1866901121","0.119628"
"1866901121","2307582423","0.0761494"
"2307582423","1866901121","0.0761494"
"1866901121","2336086217","0.119628"
"2336086217","1866901121","0.119628"
"1905376493","2018470393","0.119628"
"2018470393","1905376493","0.119628"
"1905376493","2307582423","0.0761494"
"2307582423","1905376493","0.0761494"
"1905376493","2336086217","0.119628"
"2336086217","1905376493","0.119628"
"1908837559","2018470393","0.119628"
"2018470393","1908837559","0.119628"
"1908837559","2307582423","0.0761494"
"2307582423","1908837559","0.0761494"
"1908837559","2336086217","0.119628"
"2336086217","1908837559","0.119628"
"1963674762","2018470393","4.80296"
"2018470393","1963674762","4.80296"
"1963674762","2307582423","1.57615"
"2307582423","1963674762","1.57615"
"1963674762","2336086217","1.61963"
"2336086217","1963674762","1.61963"
"1987844293","2018470393","0.552961"
"2018470393","1987844293","0.552961"
"1987844293","2307582423","0.0761494"
"2307582423","1987844293","0.0761494"
"1987844293","2336086217","0.119628"
"2336086217","1987844293","0.119628"
"2018470393","2081912596","0.119628"
"2081912596","2018470393","0.119628"
"2018470393","2110965035","0.119628"
"2110965035","2018470393","0.119628"
"2018470393","2113830987","0.119628"
"2113830987","2018470393","0.119628"
"2018470393","2116137265","0.369628"
"2116137265","2018470393","0.369628"
"2018470393","2125391023","0.219628"
"2125391023","2018470393","0.219628"
"2018470393","2153546617","0.219628"
"2153546617","2018470393","0.219628"
"2018470393","2156855209","0.119628"
"2156855209","2018470393","0.119628"
"2018470393","2167350691","0.119628"
"2167350691","2018470393","0.119628"
"2018470393","2168262126","0.119628"
"2168262126","2018470393","0.119628"
"2018470393","2200593589","0.552961"
"2200593589","2018470393","0.552961"
"2018470393","2218129360","0.119628"
"2218129360","2018470393","0.119628"
"2018470393","2276534156","0.119628"
"2276534156","2018470393","0.119628"
"2018470393","2307582423","0.0761494"
"2307582423","2018470393","0.0761494"
"2018470393","2336086217","0.452961"
"2336086217","2018470393","0.452961"
"2018470393","2953266679","0.119628"
"2953266679","2018470393","0.119628"
"2081912596","2307582423","0.0761494"
"2307582423","2081912596","0.0761494"
"2081912596","2336086217","0.119628"
"2336086217","2081912596","0.119628"
"2110965035","2307582423","0.0761494"
"2307582423","2110965035","0.0761494"
"2110965035","2336086217","0.119628"
"2336086217","2110965035","0.119628"
"2113830987","2307582423","0.0761494"
"2307582423","2113830987","0.0761494"
"2113830987","2336086217","0.119628"
"2336086217","2113830987","0.119628"
"2116137265","2307582423","0.0761494"
"2307582423","2116137265","0.0761494"
"2116137265","2336086217","0.119628"
"2336086217","2116137265","0.119628"
"2125391023","2307582423","0.576149"
"2307582423","2125391023","0.576149"
"2125391023","2336086217","0.619628"
"2336086217","2125391023","0.619628"
"2153546617","2307582423","0.0761494"
"2307582423","2153546617","0.0761494"
"2153546617","2336086217","0.119628"
"2336086217","2153546617","0.119628"
"2156855209","2307582423","0.0761494"
"2307582423","2156855209","0.0761494"
"2156855209","2336086217","0.119628"
"2336086217","2156855209","0.119628"
"2167350691","2307582423","0.0761494"
"2307582423","2167350691","0.0761494"
"2167350691","2336086217","0.119628"
"2336086217","2167350691","0.119628"
"2168262126","2307582423","0.0761494"
"2307582423","2168262126","0.0761494"
"2168262126","2336086217","0.119628"
"2336086217","2168262126","0.119628"
"2200593589","2307582423","0.242816"
"2307582423","2200593589","0.242816"
"2200593589","2336086217","0.619628"
"2336086217","2200593589","0.619628"
"2218129360","2307582423","0.0761494"
"2307582423","2218129360","0.0761494"
"2218129360","2336086217","0.119628"
"2336086217","2218129360","0.119628"
"2276534156","2307582423","0.0761494"
"2307582423","2276534156","0.0761494"
"2276534156","2336086217","0.119628"
"2336086217","2276534156","0.119628"
"2307582423","2336086217","2.57615"
"2336086217","2307582423","2.57615"
"2307582423","2953266679","0.0761494"
"2953266679","2307582423","0.0761494"
"2336086217","2953266679","0.119628"
"2953266679","2336086217","0.119628"
"1502978042","2206824928","1"
"2206824928","1502978042","1"
"1502978042","1972121352","0.0344828"
"1972121352","1502978042","0.0344828"
"1502978042","2113603603","0.0344828"
"2113603603","1502978042","0.0344828"
"1502978042","2148998558","0.0344828"
"2148998558","1502978042","0.0344828"
"1543912966","1972121352","0.0344828"
"1972121352","1543912966","0.0344828"
"1543912966","2113603603","0.0344828"
"2113603603","1543912966","0.0344828"
"1543912966","2148998558","0.0344828"
"2148998558","1543912966","0.0344828"
"1543912966","2167113304","0.0344828"
"2167113304","1543912966","0.0344828"
"1571432445","2148998558","0.0344828"
"2148998558","1571432445","0.0344828"
"1790298588","1972121352","0.0344828"
"1972121352","1790298588","0.0344828"
"1790298588","2113603603","0.0344828"
"2113603603","1790298588","0.0344828"
"1790298588","2136813418","0.134483"
"2136813418","1790298588","0.134483"
"1790298588","2148998558","0.0344828"
"2148998558","1790298588","0.0344828"
"1790298588","2167113304","0.0344828"
"2167113304","1790298588","0.0344828"
"1866901121","2148998558","0.0344828"
"2148998558","1866901121","0.0344828"
"1905376493","1972121352","0.234483"
"1972121352","1905376493","0.234483"
"1905376493","2113603603","0.0344828"
"2113603603","1905376493","0.0344828"
"1905376493","2148998558","0.0344828"
"2148998558","1905376493","0.0344828"
"1908837559","1972121352","0.0344828"
"1972121352","1908837559","0.0344828"
"1908837559","2113603603","0.0344828"
"2113603603","1908837559","0.0344828"
"1908837559","2148998558","0.0344828"
"2148998558","1908837559","0.0344828"
"1908837559","2167113304","0.0344828"
"2167113304","1908837559","0.0344828"
"1963674762","1972121352","0.0344828"
"1972121352","1963674762","0.0344828"
"1963674762","2113603603","0.0344828"
"2113603603","1963674762","0.0344828"
"1963674762","2167113304","0.0344828"
"2167113304","1963674762","0.0344828"
"1972121352","1987844293","0.0344828"
"1987844293","1972121352","0.0344828"
"1972121352","2018470393","0.0344828"
"2018470393","1972121352","0.0344828"
"1972121352","2081912596","0.201149"
"2081912596","1972121352","0.201149"
"1972121352","2110965035","0.0344828"
"2110965035","1972121352","0.0344828"
