"1531863592","1607492755","3.5625"
"1607492755","1531863592","3.5625"
"1531863592","1543260149","0.0625"
"1543260149","1531863592","0.0625"
"1531863592","1785680461","0.0625"
"1785680461","1531863592","0.0625"
"1531863592","1833712788","0.0625"
"1833712788","1531863592","0.0625"
"1531863592","1856876674","0.0625"
"1856876674","1531863592","0.0625"
"1531863592","1888451765","0.0625"
"1888451765","1531863592","0.0625"
"1531863592","1893998581","0.0625"
"1893998581","1531863592","0.0625"
"1531863592","1895443825","0.0625"
"1895443825","1531863592","0.0625"
"1531863592","1913615978","0.0625"
"1913615978","1531863592","0.0625"
"1531863592","1958943705","0.0625"
"1958943705","1531863592","0.0625"
"1531863592","2152445362","0.0625"
"2152445362","1531863592","0.0625"
"1531863592","2200400148","0.5625"
"2200400148","1531863592","0.5625"
"1531863592","2200659648","0.0625"
"2200659648","1531863592","0.0625"
"1531863592","2205842542","0.0625"
"2205842542","1531863592","0.0625"
"1531863592","2212802715","0.0625"
"2212802715","1531863592","0.0625"
"1531863592","2257440441","0.0625"
"2257440441","1531863592","0.0625"
"1543260149","1607492755","3.47148"
"1607492755","1543260149","3.47148"
"1543260149","1785680461","4.09529"
"1785680461","1543260149","4.09529"
"1543260149","1833712788","2.49529"
"1833712788","1543260149","2.49529"
"1543260149","1856876674","1.86751"
"1856876674","1543260149","1.86751"
"1543260149","1888451765","2.68815"
"1888451765","1543260149","2.68815"
"1543260149","1893998581","4.34529"
"1893998581","1543260149","4.34529"
"1543260149","1895443825","2.34529"
"1895443825","1543260149","2.34529"
"1543260149","1913615978","3.58815"
"1913615978","1543260149","3.58815"
"1543260149","1958943705","4.02704"
"1958943705","1543260149","4.02704"
"1543260149","2152445362","3.24529"
"2152445362","1543260149","3.24529"
"1543260149","2200400148","0.279167"
"2200400148","1543260149","0.279167"
"1543260149","2200659648","1.80279"
"2200659648","1543260149","1.80279"
"1543260149","2205842542","0.195833"
"2205842542","1543260149","0.195833"
"1543260149","2212802715","4.47148"
"2212802715","1543260149","4.47148"
"1543260149","2257440441","0.886126"
"2257440441","1543260149","0.886126"
"1607492755","1785680461","2.26196"
"1785680461","1607492755","2.26196"
"1607492755","1833712788","4.68618"
"1833712788","1607492755","4.68618"
"1607492755","1856876674","8.07507"
"1856876674","1607492755","8.07507"
"1607492755","1888451765","6.39571"
"1888451765","1607492755","6.39571"
"1607492755","1893998581","2.26196"
"1893998581","1607492755","2.26196"
"1607492755","1895443825","5.55285"
"1895443825","1607492755","5.55285"
"1607492755","1913615978","6.29571"
"1913615978","1607492755","6.29571"
"1607492755","1958943705","5.90841"
"1958943705","1607492755","5.90841"
"1607492755","2152445362","5.95285"
"2152445362","1607492755","5.95285"
"1607492755","2200400148","0.779167"
"2200400148","1607492755","0.779167"
"1607492755","2200659648","0.71946"
"2200659648","1607492755","0.71946"
"1607492755","2205842542","0.195833"
"2205842542","1607492755","0.195833"
"1607492755","2212802715","3.47148"
"2212802715","1607492755","3.47148"
"1607492755","2257440441","0.802793"
"2257440441","1607492755","0.802793"
"1785680461","1833712788","2.49529"
"1833712788","1785680461","2.49529"
"1785680461","1856876674","1.86751"
"1856876674","1785680461","1.86751"
"1785680461","1888451765","2.34529"
"1888451765","1785680461","2.34529"
"1785680461","1893998581","3.34529"
"1893998581","1785680461","3.34529"
"1785680461","1895443825","2.34529"
"1895443825","1785680461","2.34529"
"1785680461","1913615978","2.24529"
"1913615978","1785680461","2.24529"
"1785680461","1958943705","2.81751"
"1958943705","1785680461","2.81751"
"1785680461","2152445362","2.84529"
"2152445362","1785680461","2.84529"
"1785680461","2200400148","0.279167"
"2200400148","1785680461","0.279167"
"1785680461","2200659648","0.659936"
"2200659648","1785680461","0.659936"
"1785680461","2205842542","0.195833"
"2205842542","1785680461","0.195833"
"1785680461","2212802715","3.26196"
"2212802715","1785680461","3.26196"
"1785680461","2257440441","0.743269"
"2257440441","1785680461","0.743269"
"1833712788","1856876674","4.29174"
"1856876674","1833712788","4.29174"
"1833712788","1888451765","4.76952"
"1888451765","1833712788","4.76952"
"1833712788","1893998581","2.24529"
"1893998581","1833712788","2.24529"
"1833712788","1895443825","4.76952"
"1895443825","1833712788","4.76952"
"1833712788","1913615978","4.66952"
"1913615978","1833712788","4.66952"
"1833712788","1958943705","4.76555"
"1958943705","1833712788","4.76555"
"1833712788","2152445362","4.76952"
"2152445362","1833712788","4.76952"
"1833712788","2200400148","0.279167"
"2200400148","1833712788","0.279167"
"1833712788","2200659648","0.659936"
"2200659648","1833712788","0.659936"
"1833712788","2205842542","0.195833"
"2205842542","1833712788","0.195833"
"1833712788","2212802715","2.49529"
"2212802715","1833712788","2.49529"
"1833712788","2257440441","1.74327"
"2257440441","1833712788","1.74327"
"1856876674","1888451765","5.15841"
"1888451765","1856876674","5.15841"
"1856876674","1893998581","1.86751"
"1893998581","1856876674","1.86751"
"1856876674","1895443825","5.15841"
"1895443825","1856876674","5.15841"
"1856876674","1913615978","5.05841"
"1913615978","1856876674","5.05841"
"1856876674","1958943705","4.41555"
"1958943705","1856876674","4.41555"
"1856876674","2152445362","6.15841"
"2152445362","1856876674","6.15841"
"1856876674","2200400148","1.19583"
"2200400148","1856876674","1.19583"
"1856876674","2200659648","0.576603"
"2200659648","1856876674","0.576603"
"1856876674","2205842542","0.195833"
"2205842542","1856876674","0.195833"
"1856876674","2212802715","1.86751"
"2212802715","1856876674","1.86751"
"1856876674","2257440441","0.576603"
"2257440441","1856876674","0.576603"
"1888451765","1893998581","2.34529"
"1893998581","1888451765","2.34529"
"1888451765","1895443825","5.63618"
"1895443825","1888451765","5.63618"
"1888451765","1913615978","6.17904"
"1913615978","1888451765","6.17904"
"1888451765","1958943705","5.12507"
"1958943705","1888451765","5.12507"
"1888451765","2152445362","5.83618"
"2152445362","1888451765","5.83618"
"1888451765","2200400148","0.279167"
"2200400148","1888451765","0.279167"
"1888451765","2200659648","0.802793"
"2200659648","1888451765","0.802793"
"1888451765","2205842542","0.195833"
"2205842542","1888451765","0.195833"
"1888451765","2212802715","2.68815"
"2212802715","1888451765","2.68815"
"1888451765","2257440441","0.886126"
"2257440441","1888451765","0.886126"
"1893998581","1895443825","2.34529"
"1895443825","1893998581","2.34529"
"1893998581","1913615978","2.24529"
"1913615978","1893998581","2.24529"
"1893998581","1958943705","2.56751"
"1958943705","1893998581","2.56751"
"1893998581","2152445362","2.34529"
"2152445362","1893998581","2.34529"
"1893998581","2200400148","0.279167"
"2200400148","1893998581","0.279167"
"1893998581","2200659648","0.659936"
"2200659648","1893998581","0.659936"
"1893998581","2205842542","0.195833"
"2205842542","1893998581","0.195833"
"1893998581","2212802715","3.01196"
"2212802715","1893998581","3.01196"
"1893998581","2257440441","0.743269"
"2257440441","1893998581","0.743269"
"1895443825","1913615978","5.53618"
"1913615978","1895443825","5.53618"
"1895443825","1958943705","4.78222"
"1958943705","1895443825","4.78222"
"1895443825","2152445362","5.63618"
"2152445362","1895443825","5.63618"
"1895443825","2200400148","0.279167"
"2200400148","1895443825","0.279167"
"1895443825","2200659648","0.659936"
"2200659648","1895443825","0.659936"
"1895443825","2205842542","0.195833"
"2205842542","1895443825","0.195833"
"1895443825","2212802715","2.34529"
"2212802715","1895443825","2.34529"
"1895443825","2257440441","0.743269"
"2257440441","1895443825","0.743269"
"1913615978","1958943705","5.02507"
"1958943705","1913615978","5.02507"
"1913615978","2152445362","5.73618"
"2152445362","1913615978","5.73618"
"1913615978","2200400148","0.279167"
"2200400148","1913615978","0.279167"
"1913615978","2200659648","1.80279"
"2200659648","1913615978","1.80279"
"1913615978","2205842542","0.195833"
"2205842542","1913615978","0.195833"
"1913615978","2212802715","2.58815"
"2212802715","1913615978","2.58815"
"1913615978","2257440441","0.886126"
"2257440441","1913615978","0.886126"
"1958943705","2152445362","5.18222"
"2152445362","1958943705","5.18222"
"1958943705","2200400148","0.279167"
"2200400148","1958943705","0.279167"
"1958943705","2200659648","0.802793"
"2200659648","1958943705","0.802793"
"1958943705","2205842542","0.195833"
"2205842542","1958943705","0.195833"
"1958943705","2212802715","3.6937"
"2212802715","1958943705","3.6937"
"1958943705","2257440441","0.886126"
"2257440441","1958943705","0.886126"
"2152445362","2200400148","0.279167"
"2200400148","2152445362","0.279167"
"2152445362","2200659648","0.659936"
"2200659648","2152445362","0.659936"
"2152445362","2205842542","0.195833"
"2205842542","2152445362","0.195833"
"2152445362","2212802715","2.74529"
"2212802715","2152445362","2.74529"
"2152445362","2257440441","0.743269"
"2257440441","2152445362","0.743269"
"2200400148","2200659648","0.195833"
"2200659648","2200400148","0.195833"
"2200400148","2205842542","0.129167"
"2205842542","2200400148","0.129167"
"2200400148","2212802715","0.279167"
"2212802715","2200400148","0.279167"
"2200400148","2257440441","0.279167"
"2257440441","2200400148","0.279167"
"2200659648","2205842542","0.195833"
"2205842542","2200659648","0.195833"
"2200659648","2212802715","0.802793"
"2212802715","2200659648","0.802793"
"2200659648","2257440441","1.80279"
"2257440441","2200659648","1.80279"
"2205842542","2212802715","0.195833"
"2212802715","2205842542","0.195833"
"2205842542","2257440441","0.195833"
"2257440441","2205842542","0.195833"
"2212802715","2257440441","0.886126"
"2257440441","2212802715","0.886126"
"1531863592","1858842349","0.25"
"1858842349","1531863592","0.25"
"1531863592","2222542865","0.25"
"2222542865","1531863592","0.25"
"1531863592","2258384503","0.25"
"2258384503","1531863592","0.25"
"1531863592","954315783","0.25"
"954315783","1531863592","0.25"
"1858842349","2222542865","0.25"
"2222542865","1858842349","0.25"
"1858842349","2258384503","0.25"
"2258384503","1858842349","0.25"
"1858842349","954315783","0.25"
"954315783","1858842349","0.25"
"2222542865","2258384503","0.25"
"2258384503","2222542865","0.25"
"2222542865","954315783","0.25"
"954315783","2222542865","0.25"
"2258384503","954315783","0.25"
"954315783","2258384503","0.25"
"1543260149","2200953982","0.0666667"
"2200953982","1543260149","0.0666667"
"1607492755","2200953982","0.0666667"
"2200953982","1607492755","0.0666667"
"1785680461","2200953982","0.0666667"
"2200953982","1785680461","0.0666667"
"1833712788","2200953982","0.0666667"
"2200953982","1833712788","0.0666667"
"1856876674","2200953982","0.0666667"
"2200953982","1856876674","0.0666667"
"1888451765","2200953982","0.0666667"
"2200953982","1888451765","0.0666667"
"1893998581","2200953982","0.0666667"
"2200953982","1893998581","0.0666667"
"1895443825","2200953982","0.0666667"
"2200953982","1895443825","0.0666667"
"1913615978","2200953982","0.0666667"
"2200953982","1913615978","0.0666667"
"1958943705","2200953982","0.0666667"
"2200953982","1958943705","0.0666667"
"2152445362","2200953982","0.0666667"
"2200953982","2152445362","0.0666667"
"2200400148","2200953982","0.0666667"
"2200953982","2200400148","0.0666667"
"2200659648","2200953982","0.0666667"
"2200953982","2200659648","0.0666667"
"2200953982","2212802715","0.0666667"
"2212802715","2200953982","0.0666667"
"2200953982","2257440441","0.0666667"
"2257440441","2200953982","0.0666667"
"1543260149","2269551313","0.0666667"
"2269551313","1543260149","0.0666667"
"1607492755","2269551313","0.0666667"
"2269551313","1607492755","0.0666667"
"1785680461","2269551313","0.0666667"
"2269551313","1785680461","0.0666667"
"1833712788","2269551313","0.0666667"
"2269551313","1833712788","0.0666667"
"1856876674","2269551313","0.0666667"
"2269551313","1856876674","0.0666667"
"1888451765","2269551313","0.0666667"
"2269551313","1888451765","0.0666667"
"1893998581","2269551313","0.0666667"
"2269551313","1893998581","0.0666667"
"1895443825","2269551313","0.0666667"
"2269551313","1895443825","0.0666667"
"1913615978","2269551313","0.0666667"
"2269551313","1913615978","0.0666667"
"1958943705","2269551313","0.0666667"
"2269551313","1958943705","0.0666667"
"2152445362","2269551313","0.0666667"
"2269551313","2152445362","0.0666667"
"2200659648","2269551313","0.0666667"
"2269551313","2200659648","0.0666667"
"2205842542","2269551313","0.0666667"
"2269551313","2205842542","0.0666667"
"2212802715","2269551313","0.0666667"
"2269551313","2212802715","0.0666667"
"2257440441","2269551313","0.0666667"
"2269551313","2257440441","0.0666667"
"1607492755","1813457904","2.39923"
"1813457904","1607492755","2.39923"
"1607492755","1894592548","1.31824"
"1894592548","1607492755","1.31824"
"1607492755","2283818028","1.18415"
"2283818028","1607492755","1.18415"
"1607492755","2287867227","1.00233"
"2287867227","1607492755","1.00233"
"1607492755","986099045","1.10233"
"986099045","1607492755","1.10233"
"1813457904","1833712788","2.39923"
"1833712788","1813457904","2.39923"
"1813457904","1856876674","2.39923"
"1856876674","1813457904","2.39923"
"1813457904","1888451765","2.39923"
"1888451765","1813457904","2.39923"
"1813457904","1894592548","1.19324"
"1894592548","1813457904","1.19324"
"1813457904","1895443825","2.39923"
"1895443825","1813457904","2.39923"
"1813457904","1913615978","2.39923"
"1913615978","1813457904","2.39923"
"1813457904","1958943705","2.25637"
"1958943705","1813457904","2.25637"
"1813457904","2152445362","2.39923"
"2152445362","1813457904","2.39923"
"1813457904","2283818028","1.18415"
"2283818028","1813457904","1.18415"
"1813457904","2287867227","1.00233"
"2287867227","1813457904","1.00233"
"1813457904","986099045","1.10233"
"986099045","1813457904","1.10233"
"1833712788","1894592548","1.31824"
"1894592548","1833712788","1.31824"
"1833712788","2283818028","1.18415"
"2283818028","1833712788","1.18415"
"1833712788","2287867227","1.00233"
"2287867227","1833712788","1.00233"
"1833712788","986099045","1.10233"
"986099045","1833712788","1.10233"
"1856876674","1894592548","1.31824"
"1894592548","1856876674","1.31824"
"1856876674","2283818028","1.18415"
"2283818028","1856876674","1.18415"
"1856876674","2287867227","1.00233"
"2287867227","1856876674","1.00233"
"1856876674","986099045","1.10233"
"986099045","1856876674","1.10233"
"1888451765","1894592548","1.31824"
"1894592548","1888451765","1.31824"
"1888451765","2283818028","1.18415"
"2283818028","1888451765","1.18415"
"1888451765","2287867227","1.00233"
"2287867227","1888451765","1.00233"
"1888451765","986099045","1.10233"
"986099045","1888451765","1.10233"
"1894592548","1895443825","1.31824"
"1895443825","1894592548","1.31824"
"1894592548","1913615978","1.31824"
"1913615978","1894592548","1.31824"
"1894592548","1958943705","1.31824"
"1958943705","1894592548","1.31824"
"1894592548","2152445362","1.31824"
"2152445362","1894592548","1.31824"
"1894592548","2283818028","1.42657"
"2283818028","1894592548","1.42657"
"1894592548","2287867227","0.911422"
"2287867227","1894592548","0.911422"
"1894592548","986099045","1.34476"
"986099045","1894592548","1.34476"
"1895443825","2283818028","1.18415"
"2283818028","1895443825","1.18415"
"1895443825","2287867227","1.00233"
"2287867227","1895443825","1.00233"
"1895443825","986099045","1.10233"
"986099045","1895443825","1.10233"
"1913615978","2283818028","1.18415"
"2283818028","1913615978","1.18415"
"1913615978","2287867227","1.00233"
"2287867227","1913615978","1.00233"
"1913615978","986099045","1.10233"
"986099045","1913615978","1.10233"
"1958943705","2283818028","1.18415"
"2283818028","1958943705","1.18415"
"1958943705","2287867227","1.00233"
"2287867227","1958943705","1.00233"
"1958943705","986099045","1.10233"
"986099045","1958943705","1.10233"
"2152445362","2283818028","1.18415"
"2283818028","2152445362","1.18415"
"2152445362","2287867227","1.00233"
"2287867227","2152445362","1.00233"
"2152445362","986099045","1.10233"
"986099045","2152445362","1.10233"
"2283818028","2287867227","1.00233"
"2287867227","2283818028","1.00233"
"2283818028","986099045","1.33566"
"986099045","2283818028","1.33566"
"2287867227","986099045","0.911422"
"986099045","2287867227","0.911422"
"1607492755","2285160266","0.111111"
"2285160266","1607492755","0.111111"
"1813457904","2285160266","0.111111"
"2285160266","1813457904","0.111111"
"1833712788","2285160266","0.111111"
"2285160266","1833712788","0.111111"
"1856876674","2285160266","0.111111"
"2285160266","1856876674","0.111111"
"1888451765","2285160266","0.111111"
"2285160266","1888451765","0.111111"
"1895443825","2285160266","0.111111"
"2285160266","1895443825","0.111111"
"1913615978","2285160266","0.111111"
"2285160266","1913615978","0.111111"
"1958943705","2285160266","0.111111"
"2285160266","1958943705","0.111111"
"2152445362","2285160266","0.111111"
"2285160266","2152445362","0.111111"
"1607492755","2285430301","0.0769231"
"2285430301","1607492755","0.0769231"
"1813457904","2285430301","0.0769231"
"2285430301","1813457904","0.0769231"
"1833712788","2285430301","0.0769231"
"2285430301","1833712788","0.0769231"
"1856876674","2285430301","0.0769231"
"2285430301","1856876674","0.0769231"
"1888451765","2285430301","0.0769231"
"2285430301","1888451765","0.0769231"
"1894592548","2285430301","0.0769231"
"2285430301","1894592548","0.0769231"
"1895443825","2285430301","0.0769231"
"2285430301","1895443825","0.0769231"
"1913615978","2285430301","0.0769231"
"2285430301","1913615978","0.0769231"
"1958943705","2285430301","0.0769231"
"2285430301","1958943705","0.0769231"
"2152445362","2285430301","0.0769231"
"2285430301","2152445362","0.0769231"
"2283818028","2285430301","0.0769231"
"2285430301","2283818028","0.0769231"
"2285430301","2287867227","0.0769231"
"2287867227","2285430301","0.0769231"
"2285430301","986099045","0.0769231"
"986099045","2285430301","0.0769231"
"1607492755","1818766275","0.111111"
"1818766275","1607492755","0.111111"
"1813457904","1818766275","0.111111"
"1818766275","1813457904","0.111111"
"1818766275","1833712788","0.111111"
"1833712788","1818766275","0.111111"
"1818766275","1856876674","0.111111"
"1856876674","1818766275","0.111111"
"1818766275","1888451765","0.111111"
"1888451765","1818766275","0.111111"
"1818766275","1895443825","0.111111"
"1895443825","1818766275","0.111111"
"1818766275","1913615978","0.111111"
"1913615978","1818766275","0.111111"
"1818766275","1958943705","0.111111"
"1958943705","1818766275","0.111111"
"1818766275","2152445362","0.111111"
"2152445362","1818766275","0.111111"
"1607492755","1858842349","0.167832"
"1858842349","1607492755","0.167832"
"1813457904","1858842349","0.167832"
"1858842349","1813457904","0.167832"
"1833712788","1858842349","0.167832"
"1858842349","1833712788","0.167832"
"1856876674","1858842349","0.167832"
"1858842349","1856876674","0.167832"
"1858842349","1888451765","0.167832"
"1888451765","1858842349","0.167832"
"1858842349","1894592548","0.501166"
"1894592548","1858842349","0.501166"
"1858842349","1895443825","0.167832"
"1895443825","1858842349","0.167832"
"1858842349","1913615978","0.167832"
"1913615978","1858842349","0.167832"
"1858842349","1958943705","0.167832"
"1958943705","1858842349","0.167832"
"1858842349","2152445362","0.167832"
"2152445362","1858842349","0.167832"
"1858842349","2283818028","0.501166"
"2283818028","1858842349","0.501166"
"1858842349","2287867227","0.0769231"
"2287867227","1858842349","0.0769231"
"1858842349","986099045","0.410256"
"986099045","1858842349","0.410256"
"1833712788","2394929443","2"
"2394929443","1833712788","2"
"1913615978","2281858180","1"
"2281858180","1913615978","1"
