"102383941","2046020929","3.33333"
"2046020929","102383941","3.33333"
"102383941","2153508518","1.25"
"2153508518","102383941","1.25"
"102383941","2171262729","2.95"
"2171262729","102383941","2.95"
"102383941","343945789","1.41667"
"343945789","102383941","1.41667"
"2153508518","2171262729","28.8718"
"2171262729","2153508518","28.8718"
"2153508518","343945789","5.88609"
"343945789","2153508518","5.88609"
"2171262729","343945789","13.4491"
"343945789","2171262729","13.4491"
"2046020929","2153508518","3.97619"
"2153508518","2046020929","3.97619"
"2046020929","2171262729","2.91667"
"2171262729","2046020929","2.91667"
"102383941","1982124942","1.5"
"1982124942","102383941","1.5"
"102383941","69282509","1.5"
"69282509","102383941","1.5"
"1982124942","69282509","0.5"
"69282509","1982124942","0.5"
"102383941","2093189534","2"
"2093189534","102383941","2"
"102383941","2069897123","0.7"
"2069897123","102383941","0.7"
"102383941","2295108729","0.7"
"2295108729","102383941","0.7"
"2069897123","2171262729","12.2658"
"2171262729","2069897123","12.2658"
"2069897123","2295108729","5.69399"
"2295108729","2069897123","5.69399"
"2069897123","343945789","19.5646"
"343945789","2069897123","19.5646"
"2171262729","2295108729","7.2099"
"2295108729","2171262729","7.2099"
"2295108729","343945789","5.26823"
"343945789","2295108729","5.26823"
"102383941","1969621019","0.4"
"1969621019","102383941","0.4"
"102383941","2092364718","1.4"
"2092364718","102383941","1.4"
"102383941","2108223890","0.4"
"2108223890","102383941","0.4"
"102383941","2140116426","0.4"
"2140116426","102383941","0.4"
"102383941","2140602286","0.7"
"2140602286","102383941","0.7"
"1969621019","2092364718","12.2214"
"2092364718","1969621019","12.2214"
"1969621019","2108223890","15.8048"
"2108223890","1969621019","15.8048"
"1969621019","2140116426","11.5333"
"2140116426","1969621019","11.5333"
"1969621019","2140602286","3.57143"
"2140602286","1969621019","3.57143"
"2092364718","2108223890","70.9976"
"2108223890","2092364718","70.9976"
"2092364718","2140116426","13.8"
"2140116426","2092364718","13.8"
"2092364718","2140602286","10.4214"
"2140602286","2092364718","10.4214"
"2108223890","2140116426","27.4861"
"2140116426","2108223890","27.4861"
"2108223890","2140602286","33.9087"
"2140602286","2108223890","33.9087"
"2140116426","2140602286","9.54444"
"2140602286","2140116426","9.54444"
"102383941","2059268928","0.95"
"2059268928","102383941","0.95"
"2059268928","2153508518","17.4361"
"2153508518","2059268928","17.4361"
"2059268928","2171262729","26.8963"
"2171262729","2059268928","26.8963"
"2059268928","343945789","25.1392"
"343945789","2059268928","25.1392"
"102383941","2151803977","0.2"
"2151803977","102383941","0.2"
"1969621019","2151803977","0.866667"
"2151803977","1969621019","0.866667"
"2092364718","2151803977","4.36667"
"2151803977","2092364718","4.36667"
"2108223890","2151803977","8.075"
"2151803977","2108223890","8.075"
"2140116426","2151803977","1.24167"
"2151803977","2140116426","1.24167"
"102383941","2030530147","0.2"
"2030530147","102383941","0.2"
"2030530147","2059268928","12.7603"
"2059268928","2030530147","12.7603"
"2030530147","2069897123","1.81026"
"2069897123","2030530147","1.81026"
"2030530147","2171262729","0.810256"
"2171262729","2030530147","0.810256"
"2030530147","2295108729","5.37619"
"2295108729","2030530147","5.37619"
"2059268928","2069897123","26.7392"
"2069897123","2059268928","26.7392"
"2059268928","2295108729","32.5452"
"2295108729","2059268928","32.5452"
"2059268928","2140602286","0.714286"
"2140602286","2059268928","0.714286"
"110811278","2068306568","4"
"2068306568","110811278","4"
"121558789","2059268928","3.28645"
"2059268928","121558789","3.28645"
"121558789","2098866858","0.333333"
"2098866858","121558789","0.333333"
"121558789","2142151675","1.00311"
"2142151675","121558789","1.00311"
"2059268928","2098866858","0.5"
"2098866858","2059268928","0.5"
"2059268928","2142151675","14.823"
"2142151675","2059268928","14.823"
"2098866858","2142151675","0.333333"
"2142151675","2098866858","0.333333"
"121558789","2046020929","0.75"
"2046020929","121558789","0.75"
"2046020929","2059268928","5.03333"
"2059268928","2046020929","5.03333"
"121558789","2119240138","1"
"2119240138","121558789","1"
"121558789","205525098","0.583333"
"205525098","121558789","0.583333"
"121558789","2069897123","1.11026"
"2069897123","121558789","1.11026"
"121558789","2171262729","0.753114"
"2171262729","121558789","0.753114"
"205525098","2069897123","1.73773"
"2069897123","205525098","1.73773"
"205525098","2171262729","1.17821"
"2171262729","205525098","1.17821"
"121558789","1480810164","1.61026"
"1480810164","121558789","1.61026"
"121558789","2152191782","1.08645"
"2152191782","121558789","1.08645"
"121558789","2172059872","0.41978"
"2172059872","121558789","0.41978"
"1480810164","2059268928","4.77692"
"2059268928","1480810164","4.77692"
"1480810164","2142151675","2.02692"
"2142151675","1480810164","2.02692"
"1480810164","2152191782","3.51026"
"2152191782","1480810164","3.51026"
"1480810164","2172059872","2.86783"
"2172059872","1480810164","2.86783"
"2059268928","2152191782","12.9845"
"2152191782","2059268928","12.9845"
"2059268928","2172059872","1.2467"
"2172059872","2059268928","1.2467"
"2142151675","2152191782","27.2849"
"2152191782","2142151675","27.2849"
"2142151675","2172059872","4.16978"
"2172059872","2142151675","4.16978"
"2152191782","2172059872","11.7864"
"2172059872","2152191782","11.7864"
"121558789","2030530147","0.25"
"2030530147","121558789","0.25"
"121558789","2074922014","0.25"
"2074922014","121558789","0.25"
"121558789","2295108729","0.66978"
"2295108729","121558789","0.66978"
"121558789","2398093188","0.25"
"2398093188","121558789","0.25"
"2030530147","2074922014","0.25"
"2074922014","2030530147","0.25"
"2030530147","2398093188","0.25"
"2398093188","2030530147","0.25"
"2074922014","2295108729","0.25"
"2295108729","2074922014","0.25"
"2074922014","2398093188","1.25"
"2398093188","2074922014","1.25"
"2295108729","2398093188","0.25"
"2398093188","2295108729","0.25"
"121558789","2050789550","0.142857"
"2050789550","121558789","0.142857"
"121558789","2108223890","0.47619"
"2108223890","121558789","0.47619"
"121558789","2137435551","0.142857"
"2137435551","121558789","0.142857"
"121558789","2150365753","0.47619"
"2150365753","121558789","0.47619"
"121558789","2153508518","0.21978"
"2153508518","121558789","0.21978"
"2050789550","2108223890","1.24286"
"2108223890","2050789550","1.24286"
"2050789550","2137435551","0.142857"
"2137435551","2050789550","0.142857"
"2050789550","2150365753","2.02619"
"2150365753","2050789550","2.02619"
"2050789550","2153508518","0.309524"
"2153508518","2050789550","0.309524"
"2050789550","2171262729","0.67619"
"2171262729","2050789550","0.67619"
"2050789550","2295108729","0.142857"
"2295108729","2050789550","0.142857"
"2108223890","2137435551","3.38452"
"2137435551","2108223890","3.38452"
"2108223890","2150365753","3.89756"
"2150365753","2108223890","3.89756"
"2108223890","2153508518","1.65714"
"2153508518","2108223890","1.65714"
"2108223890","2171262729","4.80073"
"2171262729","2108223890","4.80073"
"2108223890","2295108729","0.966667"
"2295108729","2108223890","0.966667"
"2137435551","2150365753","0.142857"
"2150365753","2137435551","0.142857"
"2137435551","2153508518","0.592857"
"2153508518","2137435551","0.592857"
"2137435551","2171262729","1.67619"
"2171262729","2137435551","1.67619"
"2137435551","2295108729","0.142857"
"2295108729","2137435551","0.142857"
"2150365753","2153508518","6.77064"
"2153508518","2150365753","6.77064"
"2150365753","2171262729","7.33291"
"2171262729","2150365753","7.33291"
"2150365753","2295108729","0.802453"
"2295108729","2150365753","0.802453"
"2153508518","2295108729","3.95351"
"2295108729","2153508518","3.95351"
"121558789","2108267498","0.333333"
"2108267498","121558789","0.333333"
"2108267498","2150365753","52.8124"
"2150365753","2108267498","52.8124"
"2108267498","2152191782","6.75758"
"2152191782","2108267498","6.75758"
"2150365753","2152191782","20.6826"
"2152191782","2150365753","20.6826"
"121558789","343945789","0.46978"
"343945789","121558789","0.46978"
"2046020929","205525098","5.97619"
"205525098","2046020929","5.97619"
"2046020929","2142151675","3.05952"
"2142151675","2046020929","3.05952"
"2046020929","343945789","6.98333"
"343945789","2046020929","6.98333"
"205525098","2142151675","2.07107"
"2142151675","205525098","2.07107"
"205525098","343945789","2.59488"
"343945789","205525098","2.59488"
"2142151675","343945789","17.1246"
"343945789","2142151675","17.1246"
"121558789","2156346468","0.21978"
"2156346468","121558789","0.21978"
"121558789","2166916904","1.21978"
"2166916904","121558789","1.21978"
"2059268928","2156346468","3.00311"
"2156346468","2059268928","3.00311"
"2059268928","2166916904","1.4217"
"2166916904","2059268928","1.4217"
"2142151675","2156346468","19.369"
"2156346468","2142151675","19.369"
"2142151675","2166916904","11.5876"
"2166916904","2142151675","11.5876"
"2152191782","2156346468","7.86069"
"2156346468","2152191782","7.86069"
"2152191782","2166916904","7.27811"
"2166916904","2152191782","7.27811"
"2152191782","343945789","3.73331"
"343945789","2152191782","3.73331"
"2156346468","2166916904","0.503114"
"2166916904","2156346468","0.503114"
"2156346468","2172059872","2.63645"
"2172059872","2156346468","2.63645"
"2156346468","343945789","1.25311"
"343945789","2156346468","1.25311"
"2166916904","2172059872","1.2967"
"2172059872","2166916904","1.2967"
"2166916904","343945789","2.6717"
"343945789","2166916904","2.6717"
"2172059872","343945789","0.554279"
"343945789","2172059872","0.554279"
"121558789","69282509","0.2"
"69282509","121558789","0.2"
"2059268928","69282509","1.23333"
"69282509","2059268928","1.23333"
"2069897123","69282509","1.23333"
"69282509","2069897123","1.23333"
"2171262729","69282509","0.2"
"69282509","2171262729","0.2"
"2295108729","69282509","0.2"
"69282509","2295108729","0.2"
"121558789","1969621019","0.333333"
"1969621019","121558789","0.333333"
"121558789","2092364718","0.333333"
"2092364718","121558789","0.333333"
"121558789","72943092","0.0769231"
"72943092","121558789","0.0769231"
"1480810164","2069897123","0.0769231"
"2069897123","1480810164","0.0769231"
"1480810164","2153508518","0.0769231"
"2153508518","1480810164","0.0769231"
"1480810164","2156346468","0.49359"
"2156346468","1480810164","0.49359"
"1480810164","2166916904","0.826923"
"2166916904","1480810164","0.826923"
"1480810164","2171262729","0.0769231"
"2171262729","1480810164","0.0769231"
"1480810164","2295108729","0.334499"
"2295108729","1480810164","0.334499"
"1480810164","343945789","0.834499"
"343945789","1480810164","0.834499"
"1480810164","72943092","1.43803"
"72943092","1480810164","1.43803"
"2059268928","72943092","1.28526"
"72943092","2059268928","1.28526"
"2069897123","2142151675","3.24124"
"2142151675","2069897123","3.24124"
"2069897123","2152191782","2.54878"
"2152191782","2069897123","2.54878"
"2069897123","2153508518","8.89442"
"2153508518","2069897123","8.89442"
"2069897123","2156346468","0.510256"
"2156346468","2069897123","0.510256"
"2069897123","2166916904","3.15385"
"2166916904","2069897123","3.15385"
"2069897123","2172059872","0.737179"
"2172059872","2069897123","0.737179"
"2069897123","72943092","0.451923"
"72943092","2069897123","0.451923"
"2142151675","2153508518","12.0801"
"2153508518","2142151675","12.0801"
"2142151675","2171262729","12.206"
"2171262729","2142151675","12.206"
"2142151675","2295108729","3.10632"
"2295108729","2142151675","3.10632"
"2142151675","72943092","1.23526"
"72943092","2142151675","1.23526"
"2152191782","2153508518","7.10712"
"2153508518","2152191782","7.10712"
"2152191782","2171262729","5.91469"
"2171262729","2152191782","5.91469"
"2152191782","2295108729","1.69045"
"2295108729","2152191782","1.69045"
"2152191782","72943092","0.910256"
"72943092","2152191782","0.910256"
"2153508518","2156346468","2.81859"
"2156346468","2153508518","2.81859"
"2153508518","2166916904","17.3281"
"2166916904","2153508518","17.3281"
"2153508518","2172059872","0.46978"
"2172059872","2153508518","0.46978"
"2153508518","72943092","1.79478"
"72943092","2153508518","1.79478"
"2156346468","2171262729","1.3345"
"2171262729","2156346468","1.3345"
"2156346468","2295108729","0.584499"
"2295108729","2156346468","0.584499"
"2156346468","72943092","0.910256"
"72943092","2156346468","0.910256"
"2166916904","2171262729","1.72885"
"2171262729","2166916904","1.72885"
"2166916904","2295108729","0.21978"
"2295108729","2166916904","0.21978"
"2166916904","72943092","0.0769231"
"72943092","2166916904","0.0769231"
"2171262729","2172059872","0.737179"
"2172059872","2171262729","0.737179"
"2171262729","72943092","0.84478"
"72943092","2171262729","0.84478"
"2172059872","2295108729","0.334499"
"2295108729","2172059872","0.334499"
"2172059872","72943092","0.24359"
"72943092","2172059872","0.24359"
"2295108729","72943092","0.201923"
"72943092","2295108729","0.201923"
"343945789","72943092","1.12811"
"72943092","343945789","1.12811"
"1480810164","2113970290","4.65758"
"2113970290","1480810164","4.65758"
"2113970290","2166916904","9.65192"
"2166916904","2113970290","9.65192"
"1480810164","1507576981","1.83333"
"1507576981","1480810164","1.83333"
"1480810164","1560604137","1.17424"
"1560604137","1480810164","1.17424"
"1480810164","2150365753","10.602"
"2150365753","1480810164","10.602"
"1480810164","7903462","0.366667"
"7903462","1480810164","0.366667"
"1507576981","1560604137","0.166667"
"1560604137","1507576981","0.166667"
"1507576981","2113970290","0.166667"
"2113970290","1507576981","0.166667"
"1507576981","2150365753","1.83333"
"2150365753","1507576981","1.83333"
"1507576981","2152191782","0.166667"
"2152191782","1507576981","0.166667"
"1507576981","7903462","0.166667"
"7903462","1507576981","0.166667"
"1560604137","2113970290","24.7242"
"2113970290","1560604137","24.7242"
"1560604137","2150365753","7.56591"
"2150365753","1560604137","7.56591"
"1560604137","2152191782","22.2167"
"2152191782","1560604137","22.2167"
"1560604137","7903462","0.5"
"7903462","1560604137","0.5"
"2113970290","2150365753","10.0428"
"2150365753","2113970290","10.0428"
"2113970290","2152191782","39.8083"
"2152191782","2113970290","39.8083"
"2113970290","7903462","0.95"
"7903462","2113970290","0.95"
"2150365753","7903462","0.616667"
"7903462","2150365753","0.616667"
"2152191782","7903462","1.28333"
"7903462","2152191782","1.28333"
"1480810164","2137833366","0.2"
"2137833366","1480810164","0.2"
"2113970290","2137833366","1.03333"
"2137833366","2113970290","1.03333"
"2137833366","2150365753","0.7"
"2150365753","2137833366","0.7"
"2137833366","2152191782","6.36667"
"2152191782","2137833366","6.36667"
"2137833366","7903462","0.2"
"7903462","2137833366","0.2"
"1480810164","2020694521","1.25"
"2020694521","1480810164","1.25"
"1480810164","78752944","3.66667"
"78752944","1480810164","3.66667"
"2150365753","78752944","1.66667"
"78752944","2150365753","1.66667"
"1480810164","2108267498","4.11869"
"2108267498","1480810164","4.11869"
"1480810164","2030530147","1"
"2030530147","1480810164","1"
"2030530147","78752944","1"
"78752944","2030530147","1"
"1480810164","2138356326","0.624242"
"2138356326","1480810164","0.624242"
"2113970290","2138356326","12.0909"
"2138356326","2113970290","12.0909"
"2113970290","2172059872","41.7012"
"2172059872","2113970290","41.7012"
"2138356326","2172059872","12.9576"
"2172059872","2138356326","12.9576"
"1480810164","2068306568","0.45"
"2068306568","1480810164","0.45"
"2068306568","2113970290","0.45"
"2113970290","2068306568","0.45"
"2068306568","2150365753","0.533333"
"2150365753","2068306568","0.533333"
"2068306568","2152191782","2.7"
"2152191782","2068306568","2.7"
"1480810164","2097989803","0.416667"
"2097989803","1480810164","0.416667"
"1560604137","2097989803","6.15119"
"2097989803","1560604137","6.15119"
"1560604137","2172059872","20.1004"
"2172059872","1560604137","20.1004"
"1560604137","2295108729","0.482576"
"2295108729","1560604137","0.482576"
"1560604137","343945789","1.20043"
"343945789","1560604137","1.20043"
"2097989803","2152191782","108.483"
"2152191782","2097989803","108.483"
"2097989803","2172059872","2.42619"
"2172059872","2097989803","2.42619"
"2097989803","2295108729","0.482576"
"2295108729","2097989803","0.482576"
"2097989803","343945789","0.366667"
"343945789","2097989803","0.366667"
"1560604137","2142151675","8.175"
"2142151675","1560604137","8.175"
"1560604137","2156346468","2.63333"
"2156346468","1560604137","2.63333"
"1480810164","1988944970","0.166667"
"1988944970","1480810164","0.166667"
"1480810164","2171104838","1.08333"
"2171104838","1480810164","1.08333"
"1988944970","2059268928","0.333333"
"2059268928","1988944970","0.333333"
"1988944970","2108267498","0.166667"
"2108267498","1988944970","0.166667"
"1988944970","2150365753","0.166667"
"2150365753","1988944970","0.166667"
"1988944970","2156346468","0.166667"
"2156346468","1988944970","0.166667"
"1988944970","2171104838","0.166667"
"2171104838","1988944970","0.166667"
"2059268928","2108267498","5.92619"
"2108267498","2059268928","5.92619"
"2059268928","2150365753","6.59637"
"2150365753","2059268928","6.59637"
"2059268928","2171104838","1"
"2171104838","2059268928","1"
"2108267498","2156346468","2.52424"
"2156346468","2108267498","2.52424"
"2108267498","2171104838","2.95"
"2171104838","2108267498","2.95"
"2150365753","2156346468","3.23258"
"2156346468","2150365753","3.23258"
"2150365753","2171104838","6.86667"
"2171104838","2150365753","6.86667"
"2156346468","2171104838","0.25"
"2171104838","2156346468","0.25"
"1480810164","2046020929","1.02778"
"2046020929","1480810164","1.02778"
"1480810164","2110686900","1.59091"
"2110686900","1480810164","1.59091"
"2152191782","2171104838","3.53333"
"2171104838","2152191782","3.53333"
"2020694521","2108267498","10.0417"
"2108267498","2020694521","10.0417"
"2020694521","2110686900","19.4083"
"2110686900","2020694521","19.4083"
"2020694521","2150365753","32.2583"
"2150365753","2020694521","32.2583"
"2108267498","2110686900","26.7354"
"2110686900","2108267498","26.7354"
"2110686900","2150365753","59.727"
"2150365753","2110686900","59.727"
"1480810164","2138105615","1"
"2138105615","1480810164","1"
"2108267498","72943092","5.0373"
"72943092","2108267498","5.0373"
"2110686900","72943092","29.5417"
"72943092","2110686900","29.5417"
"2150365753","72943092","15.0944"
"72943092","2150365753","15.0944"
"1480810164","205525098","0.25"
"205525098","1480810164","0.25"
"1480810164","2129035130","0.25"
"2129035130","1480810164","0.25"
"2046020929","2129035130","2.08333"
"2129035130","2046020929","2.08333"
"2046020929","2166916904","1.30952"
"2166916904","2046020929","1.30952"
"205525098","2129035130","0.25"
"2129035130","205525098","0.25"
"205525098","2166916904","0.392857"
"2166916904","205525098","0.392857"
"2129035130","2166916904","85.8167"
"2166916904","2129035130","85.8167"
"2068306568","2138356326","0.866667"
"2138356326","2068306568","0.866667"
"2138356326","2150365753","2.79091"
"2150365753","2138356326","2.79091"
"2138356326","2152191782","6.225"
"2152191782","2138356326","6.225"
"1480810164","2406662928","1"
"2406662928","1480810164","1"
"1507576981","2142151675","0.5"
"2142151675","1507576981","0.5"
"1480810164","2108223890","0.111111"
"2108223890","1480810164","0.111111"
"1480810164","2135767707","0.111111"
"2135767707","1480810164","0.111111"
"1480810164","2140116426","0.111111"
"2140116426","1480810164","0.111111"
"1480810164","2140602286","0.111111"
"2140602286","1480810164","0.111111"
"1480810164","2148738951","0.111111"
"2148738951","1480810164","0.111111"
"2046020929","2108223890","1.69444"
"2108223890","2046020929","1.69444"
"2046020929","2108267498","2.15397"
"2108267498","2046020929","2.15397"
"2046020929","2135767707","0.861111"
"2135767707","2046020929","0.861111"
"2046020929","2140116426","1.52778"
"2140116426","2046020929","1.52778"
"2046020929","2140602286","1.11111"
"2140602286","2046020929","1.11111"
"2046020929","2148738951","1.11111"
"2148738951","2046020929","1.11111"
"2046020929","2150365753","5.51111"
"2150365753","2046020929","5.51111"
"2046020929","72943092","2.11111"
"72943092","2046020929","2.11111"
"2108223890","2108267498","4.64444"
"2108267498","2108223890","4.64444"
"2108223890","2135767707","25.6742"
"2135767707","2108223890","25.6742"
"2108223890","2148738951","10.2357"
"2148738951","2108223890","10.2357"
"2108223890","72943092","0.277778"
"72943092","2108223890","0.277778"
"2108267498","2135767707","0.111111"
"2135767707","2108267498","0.111111"
"2108267498","2140116426","3.32063"
"2140116426","2108267498","3.32063"
"2108267498","2140602286","2.06111"
"2140602286","2108267498","2.06111"
"2108267498","2148738951","3.66508"
"2148738951","2108267498","3.66508"
"2135767707","2140116426","7.45278"
"2140116426","2135767707","7.45278"
"2135767707","2140602286","9.73254"
"2140602286","2135767707","9.73254"
"2135767707","2148738951","5.09921"
"2148738951","2135767707","5.09921"
"2135767707","2150365753","0.611111"
"2150365753","2135767707","0.611111"
"2135767707","72943092","0.111111"
"72943092","2135767707","0.111111"
"2140116426","2148738951","2.61111"
"2148738951","2140116426","2.61111"
"2140116426","2150365753","2.84444"
"2150365753","2140116426","2.84444"
"2140116426","72943092","0.111111"
"72943092","2140116426","0.111111"
"2140602286","2148738951","3.89921"
"2148738951","2140602286","3.89921"
"2140602286","2150365753","2.94444"
"2150365753","2140602286","2.94444"
"2140602286","72943092","0.361111"
"72943092","2140602286","0.361111"
"2148738951","2150365753","5.63248"
"2150365753","2148738951","5.63248"
"2148738951","72943092","0.753968"
"72943092","2148738951","0.753968"
"1560604137","2108267498","8.4171"
"2108267498","1560604137","8.4171"
"1480810164","2092833514","0.25"
"2092833514","1480810164","0.25"
"2092833514","2097989803","3.80758"
"2097989803","2092833514","3.80758"
"2092833514","2113970290","3.05"
"2113970290","2092833514","3.05"
"2092833514","2152191782","11.9652"
"2152191782","2092833514","11.9652"
"2097989803","2113970290","8.38333"
"2113970290","2097989803","8.38333"
"1480810164","2098082683","0.0909091"
"2098082683","1480810164","0.0909091"
"1480810164","2117079821","0.0909091"
"2117079821","1480810164","0.0909091"
"1560604137","2098082683","0.174242"
"2098082683","1560604137","0.174242"
"1560604137","2110686900","4.69091"
"2110686900","1560604137","4.69091"
"1560604137","2117079821","1.17424"
"2117079821","1560604137","1.17424"
"1560604137","2138356326","5.86591"
"2138356326","1560604137","5.86591"
"2098082683","2108267498","0.507576"
"2108267498","2098082683","0.507576"
"2098082683","2110686900","0.0909091"
"2110686900","2098082683","0.0909091"
"2098082683","2113970290","0.790909"
"2113970290","2098082683","0.790909"
"2098082683","2117079821","0.0909091"
"2117079821","2098082683","0.0909091"
"2098082683","2138356326","0.0909091"
"2138356326","2098082683","0.0909091"
"2098082683","2150365753","2.50758"
"2150365753","2098082683","2.50758"
"2098082683","2172059872","0.590909"
"2172059872","2098082683","0.590909"
"2098082683","2295108729","0.0909091"
"2295108729","2098082683","0.0909091"
"2098082683","343945789","0.424242"
"343945789","2098082683","0.424242"
"2108267498","2113970290","1.50758"
"2113970290","2108267498","1.50758"
"2108267498","2117079821","0.424242"
"2117079821","2108267498","0.424242"
"2108267498","2138356326","4.09091"
"2138356326","2108267498","4.09091"
"2108267498","2172059872","4.75758"
"2172059872","2108267498","4.75758"
"2108267498","2295108729","0.824675"
"2295108729","2108267498","0.824675"
"2108267498","343945789","8.97107"
"343945789","2108267498","8.97107"
"2110686900","2113970290","3.09091"
"2113970290","2110686900","3.09091"
"2110686900","2117079821","0.0909091"
"2117079821","2110686900","0.0909091"
"2110686900","2138356326","1.09091"
"2138356326","2110686900","1.09091"
"2110686900","2172059872","1.50758"
"2172059872","2110686900","1.50758"
"2110686900","2295108729","0.215909"
"2295108729","2110686900","0.215909"
"2110686900","343945789","2.45202"
"343945789","2110686900","2.45202"
"2113970290","2117079821","0.340909"
"2117079821","2113970290","0.340909"
"2113970290","2295108729","0.0909091"
"2295108729","2113970290","0.0909091"
"2113970290","343945789","2.44283"
"343945789","2113970290","2.44283"
"2117079821","2138356326","1.09091"
"2138356326","2117079821","1.09091"
"2117079821","2150365753","0.340909"
"2150365753","2117079821","0.340909"
"2117079821","2172059872","2.59091"
"2172059872","2117079821","2.59091"
"2117079821","2295108729","0.0909091"
"2295108729","2117079821","0.0909091"
"2117079821","343945789","0.0909091"
"343945789","2117079821","0.0909091"
"2138356326","2295108729","0.682576"
"2295108729","2138356326","0.682576"
"2138356326","343945789","0.257576"
"343945789","2138356326","0.257576"
"2150365753","2172059872","3.3345"
"2172059872","2150365753","3.3345"
"2150365753","343945789","5.60672"
"343945789","2150365753","5.60672"
"1480810164","1495309735","0.166667"
"1495309735","1480810164","0.166667"
"1480810164","1977786400","0.166667"
"1977786400","1480810164","0.166667"
"1495309735","1507576981","0.166667"
"1507576981","1495309735","0.166667"
"1495309735","1977786400","0.166667"
"1977786400","1495309735","0.166667"
"1495309735","2150365753","0.166667"
"2150365753","1495309735","0.166667"
"1495309735","2171104838","0.166667"
"2171104838","1495309735","0.166667"
"1495309735","78752944","0.166667"
"78752944","1495309735","0.166667"
"1507576981","1977786400","0.166667"
"1977786400","1507576981","0.166667"
"1507576981","2171104838","0.166667"
"2171104838","1507576981","0.166667"
"1507576981","78752944","3.16667"
"78752944","1507576981","3.16667"
"1977786400","2150365753","0.166667"
"2150365753","1977786400","0.166667"
"1977786400","2171104838","0.166667"
"2171104838","1977786400","0.166667"
"1977786400","78752944","0.166667"
"78752944","1977786400","0.166667"
"2171104838","78752944","0.166667"
"78752944","2171104838","0.166667"
"2046020929","2113970290","0.833333"
"2113970290","2046020929","0.833333"
"2046020929","2152191782","2.25"
"2152191782","2046020929","2.25"
"2059268928","2113970290","5.02692"
"2113970290","2059268928","5.02692"
"1507267714","2068306568","2.66667"
"2068306568","1507267714","2.66667"
"1507267714","2294548604","0.7"
"2294548604","1507267714","0.7"
"2068306568","2294548604","1.5"
"2294548604","2068306568","1.5"
"1507267714","1977786400","0.583333"
"1977786400","1507267714","0.583333"
"1507267714","2097989803","1.75"
"2097989803","1507267714","1.75"
"1507267714","2152191782","2.03333"
"2152191782","1507267714","2.03333"
"1977786400","2097989803","8.25"
"2097989803","1977786400","8.25"
"1977786400","2152191782","34.75"
"2152191782","1977786400","34.75"
"1507267714","2137833366","2.5"
"2137833366","1507267714","2.5"
"1507267714","1519205554","0.166667"
"1519205554","1507267714","0.166667"
"1507267714","1560604137","0.75"
"1560604137","1507267714","0.75"
"1507267714","2138356326","0.166667"
"2138356326","1507267714","0.166667"
"1519205554","1560604137","3"
"1560604137","1519205554","3"
"1519205554","2068306568","0.166667"
"2068306568","1519205554","0.166667"
"1519205554","2097989803","0.590909"
"2097989803","1519205554","0.590909"
"1519205554","2138356326","2.41667"
"2138356326","1519205554","2.41667"
"1519205554","2152191782","3.17424"
"2152191782","1519205554","3.17424"
"1560604137","2068306568","0.583333"
"2068306568","1560604137","0.583333"
"2068306568","2097989803","2.25"
"2097989803","2068306568","2.25"
"2097989803","2138356326","3.19167"
"2138356326","2097989803","3.19167"
"1507267714","2172059872","1.25"
"2172059872","1507267714","1.25"
"1507267714","2092833514","0.2"
"2092833514","1507267714","0.2"
"1507267714","2113970290","0.45"
"2113970290","1507267714","0.45"
"1507267714","2150365753","0.45"
"2150365753","1507267714","0.45"
"2092833514","2150365753","18.7326"
"2150365753","2092833514","18.7326"
"2092833514","2294548604","0.2"
"2294548604","2092833514","0.2"
"2113970290","2294548604","1.27692"
"2294548604","2113970290","1.27692"
"2150365753","2294548604","2.77692"
"2294548604","2150365753","2.77692"
"2152191782","2294548604","4.2"
"2294548604","2152191782","4.2"
"1507267714","7903462","0.333333"
"7903462","1507267714","0.333333"
"2068306568","2137833366","1"
"2137833366","2068306568","1"
"1977786400","2172059872","0.416667"
"2172059872","1977786400","0.416667"
"1507576981","2108267498","1"
"2108267498","1507576981","1"
"1507576981","2020694521","0.5"
"2020694521","1507576981","0.5"
"1513728926","2059268928","2.41667"
"2059268928","1513728926","2.41667"
"1513728926","2069897123","0.611111"
"2069897123","1513728926","0.611111"
"1513728926","2142151675","0.527778"
"2142151675","1513728926","0.527778"
"1513728926","2171262729","0.611111"
"2171262729","1513728926","0.611111"
"1513728926","2295108729","0.166667"
"2295108729","1513728926","0.166667"
"1513728926","343945789","2.36111"
"343945789","1513728926","2.36111"
"1513728926","1617966546","0.5"
"1617966546","1513728926","0.5"
"1617966546","343945789","3.20833"
"343945789","1617966546","3.20833"
"1513728926","2126880670","0.25"
"2126880670","1513728926","0.25"
"2059268928","2126880670","0.25"
"2126880670","2059268928","0.25"
"2126880670","2142151675","4.06667"
"2142151675","2126880670","4.06667"
"2126880670","343945789","0.25"
"343945789","2126880670","0.25"
"1513728926","2108267498","0.111111"
"2108267498","1513728926","0.111111"
"1513728926","2110686900","0.111111"
"2110686900","1513728926","0.111111"
"1513728926","2138105615","0.111111"
"2138105615","1513728926","0.111111"
"1513728926","2148738951","0.111111"
"2148738951","1513728926","0.111111"
"1513728926","2150365753","0.111111"
"2150365753","1513728926","0.111111"
"2069897123","2108267498","1.8873"
"2108267498","2069897123","1.8873"
"2069897123","2110686900","1.31111"
"2110686900","2069897123","1.31111"
"2069897123","2138105615","1.29124"
"2138105615","2069897123","1.29124"
"2069897123","2148738951","1.79399"
"2148738951","2069897123","1.79399"
"2069897123","2150365753","5.85748"
"2150365753","2069897123","5.85748"
"2108267498","2138105615","21.252"
"2138105615","2108267498","21.252"
"2108267498","2142151675","3.91988"
"2142151675","2108267498","3.91988"
"2108267498","2171262729","7.82107"
"2171262729","2108267498","7.82107"
"2110686900","2138105615","32.2444"
"2138105615","2110686900","32.2444"
"2110686900","2142151675","7.15278"
"2142151675","2110686900","7.15278"
"2110686900","2148738951","1.08611"
"2148738951","2110686900","1.08611"
"2110686900","2171262729","1.76111"
"2171262729","2110686900","1.76111"
"2138105615","2142151675","18.4219"
"2142151675","2138105615","18.4219"
"2138105615","2148738951","0.413034"
"2148738951","2138105615","0.413034"
"2138105615","2150365753","32.5901"
"2150365753","2138105615","32.5901"
"2138105615","2171262729","6.03096"
"2171262729","2138105615","6.03096"
"2138105615","343945789","6.18172"
"343945789","2138105615","6.18172"
"2142151675","2148738951","1.16111"
"2148738951","2142151675","1.16111"
"2142151675","2150365753","8.71313"
"2150365753","2142151675","8.71313"
"2148738951","2171262729","4.41184"
"2171262729","2148738951","4.41184"
"2148738951","343945789","20.319"
"343945789","2148738951","20.319"
"1519205554","2113970290","14.0833"
"2113970290","1519205554","14.0833"
"1519205554","2172059872","6.58333"
"2172059872","1519205554","6.58333"
"1519205554","1977786400","2.33333"
"1977786400","1519205554","2.33333"
"1519205554","2142151675","3.09091"
"2142151675","1519205554","3.09091"
"1519205554","2119240138","0.5"
"2119240138","1519205554","0.5"
"1560604137","2119240138","0.5"
"2119240138","1560604137","0.5"
"1519205554","343945789","1"
"343945789","1519205554","1"
"1519205554","2129035130","0.666667"
"2129035130","1519205554","0.666667"
"1519205554","2166916904","0.666667"
"2166916904","1519205554","0.666667"
"2113970290","2129035130","1.2"
"2129035130","2113970290","1.2"
"1519205554","2137833366","0.333333"
"2137833366","1519205554","0.333333"
"1519205554","2020694521","0.5"
"2020694521","1519205554","0.5"
"2020694521","2172059872","1.75"
"2172059872","2020694521","1.75"
"1519205554","2092833514","0.0909091"
"2092833514","1519205554","0.0909091"
"1519205554","2108267498","0.0909091"
"2108267498","1519205554","0.0909091"
"1519205554","2138105615","0.0909091"
"2138105615","1519205554","0.0909091"
"1519205554","2150365753","0.0909091"
"2150365753","1519205554","0.0909091"
"1519205554","2155758146","0.0909091"
"2155758146","1519205554","0.0909091"
"1519205554","2156346468","0.0909091"
"2156346468","1519205554","0.0909091"
"1519205554","2171262729","0.0909091"
"2171262729","1519205554","0.0909091"
"1519205554","2295108729","0.0909091"
"2295108729","1519205554","0.0909091"
"2092833514","2108267498","3.24924"
"2108267498","2092833514","3.24924"
"2092833514","2138105615","3.97348"
"2138105615","2092833514","3.97348"
"2092833514","2142151675","0.848485"
"2142151675","2092833514","0.848485"
"2092833514","2155758146","13.3068"
"2155758146","2092833514","13.3068"
"2092833514","2156346468","2.48258"
"2156346468","2092833514","2.48258"
"2092833514","2171262729","1.11515"
"2171262729","2092833514","1.11515"
"2092833514","2295108729","0.0909091"
"2295108729","2092833514","0.0909091"
"2097989803","2108267498","0.507576"
"2108267498","2097989803","0.507576"
"2097989803","2138105615","0.233766"
"2138105615","2097989803","0.233766"
"2097989803","2142151675","6.67424"
"2142151675","2097989803","6.67424"
"2097989803","2150365753","2.17424"
"2150365753","2097989803","2.17424"
"2097989803","2155758146","4.00758"
"2155758146","2097989803","4.00758"
"2097989803","2156346468","0.774242"
"2156346468","2097989803","0.774242"
"2097989803","2171262729","1.83258"
"2171262729","2097989803","1.83258"
"2108267498","2155758146","2.67424"
"2155758146","2108267498","2.67424"
"2138105615","2152191782","8.80682"
"2152191782","2138105615","8.80682"
"2138105615","2155758146","1.81515"
"2155758146","2138105615","1.81515"
"2138105615","2156346468","3.14091"
"2156346468","2138105615","3.14091"
"2138105615","2295108729","1.54488"
"2295108729","2138105615","1.54488"
"2142151675","2155758146","1.11515"
"2155758146","2142151675","1.11515"
"2150365753","2155758146","1.17424"
"2155758146","2150365753","1.17424"
"2152191782","2155758146","4.10682"
"2155758146","2152191782","4.10682"
"2155758146","2156346468","0.940909"
"2156346468","2155758146","0.940909"
"2155758146","2171262729","1.50682"
"2171262729","2155758146","1.50682"
"2155758146","2295108729","0.0909091"
"2295108729","2155758146","0.0909091"
"1560604137","2155758146","15.1417"
"2155758146","1560604137","15.1417"
"2110686900","2155758146","4.55"
"2155758146","2110686900","4.55"
"1560604137","2017740323","2.20119"
"2017740323","1560604137","2.20119"
"2017740323","2113970290","3"
"2113970290","2017740323","3"
"2017740323","2152191782","27.2012"
"2152191782","2017740323","27.2012"
"1560604137","2092833514","16.8"
"2092833514","1560604137","16.8"
"1560604137","72943092","1.34286"
"72943092","1560604137","1.34286"
"1560604137","2153508518","2.77738"
"2153508518","1560604137","2.77738"
"1560604137","1970591376","0.833333"
"1970591376","1560604137","0.833333"
"1970591376","2142151675","1.375"
"2142151675","1970591376","1.375"
"1970591376","2150365753","2.61667"
"2150365753","1970591376","2.61667"
"1970591376","2155758146","1.49167"
"2155758146","1970591376","1.49167"
"1560604137","2138105615","4.15952"
"2138105615","1560604137","4.15952"
"1560604137","2171262729","3.39286"
"2171262729","1560604137","3.39286"
"2092833514","2110686900","2.90833"
"2110686900","2092833514","2.90833"
"2092833514","2153508518","0.790909"
"2153508518","2092833514","0.790909"
"2108267498","2153508518","6.1369"
"2153508518","2108267498","6.1369"
"2110686900","2153508518","4.45833"
"2153508518","2110686900","4.45833"
"2138105615","2153508518","5.26154"
"2153508518","2138105615","5.26154"
"2097989803","2153508518","2.09286"
"2153508518","2097989803","2.09286"
"2097989803","72943092","0.366667"
"72943092","2097989803","0.366667"
"2153508518","2155758146","0.540909"
"2155758146","2153508518","0.540909"
"2155758146","343945789","0.724242"
"343945789","2155758146","0.724242"
"2155758146","72943092","1.9"
"72943092","2155758146","1.9"
"1560604137","2037289266","0.525"
"2037289266","1560604137","0.525"
"2037289266","2092833514","0.466667"
"2092833514","2037289266","0.466667"
"2037289266","2097989803","0.525"
"2097989803","2037289266","0.525"
"2037289266","2152191782","0.667857"
"2152191782","2037289266","0.667857"
"2037289266","2155758146","0.3"
"2155758146","2037289266","0.3"
"1560604137","2137833366","0.5"
"2137833366","1560604137","0.5"
"1560604137","1977786400","0.833333"
"1977786400","1560604137","0.833333"
"1977786400","2092833514","1.33333"
"2092833514","1977786400","1.33333"
"1977786400","72943092","0.5"
"72943092","1977786400","0.5"
"2092833514","2172059872","2.16667"
"2172059872","2092833514","2.16667"
"2092833514","72943092","1.53333"
"72943092","2092833514","1.53333"
"2017740323","2097989803","5.20119"
"2097989803","2017740323","5.20119"
"2113970290","2142151675","4.61667"
"2142151675","2113970290","4.61667"
"2113970290","2155758146","2.85"
"2155758146","2113970290","2.85"
"1560604137","2059268928","0.825"
"2059268928","1560604137","0.825"
"2059268928","2092833514","5.10758"
"2092833514","2059268928","5.10758"
"2059268928","2155758146","0.857576"
"2155758146","2059268928","0.857576"
"1560604137","2046020929","0.0833333"
"2046020929","1560604137","0.0833333"
"1560604137","2166916904","0.408333"
"2166916904","1560604137","0.408333"
"1560604137","2171104838","0.166667"
"2171104838","1560604137","0.166667"
"2046020929","2068306568","0.0833333"
"2068306568","2046020929","0.0833333"
"2046020929","2092833514","0.0833333"
"2092833514","2046020929","0.0833333"
"2046020929","2097989803","0.416667"
"2097989803","2046020929","0.416667"
"2046020929","2098082683","0.0833333"
"2098082683","2046020929","0.0833333"
"2046020929","2156346468","0.25"
"2156346468","2046020929","0.25"
"2046020929","2171104838","1.08333"
"2171104838","2046020929","1.08333"
"2059268928","2068306568","0.583333"
"2068306568","2059268928","0.583333"
"2059268928","2097989803","1.325"
"2097989803","2059268928","1.325"
"2059268928","2098082683","0.783333"
"2098082683","2059268928","0.783333"
"2068306568","2092833514","0.0833333"
"2092833514","2068306568","0.0833333"
"2068306568","2098082683","2.08333"
"2098082683","2068306568","2.08333"
"2068306568","2108267498","0.416667"
"2108267498","2068306568","0.416667"
"2068306568","2156346468","0.583333"
"2156346468","2068306568","0.583333"
"2068306568","2166916904","0.0833333"
"2166916904","2068306568","0.0833333"
"2068306568","2171104838","0.0833333"
"2171104838","2068306568","0.0833333"
"2092833514","2098082683","0.0833333"
"2098082683","2092833514","0.0833333"
"2092833514","2166916904","0.0833333"
"2166916904","2092833514","0.0833333"
"2092833514","2171104838","0.366667"
"2171104838","2092833514","0.366667"
"2097989803","2098082683","0.0833333"
"2098082683","2097989803","0.0833333"
"2097989803","2166916904","0.333333"
"2166916904","2097989803","0.333333"
"2097989803","2171104838","1.16667"
"2171104838","2097989803","1.16667"
"2098082683","2152191782","5.08333"
"2152191782","2098082683","5.08333"
"2098082683","2156346468","2.08333"
"2156346468","2098082683","2.08333"
"2098082683","2166916904","1.08333"
"2166916904","2098082683","1.08333"
"2098082683","2171104838","0.0833333"
"2171104838","2098082683","0.0833333"
"2108267498","2166916904","3.22619"
"2166916904","2108267498","3.22619"
"2150365753","2166916904","2.57692"
"2166916904","2150365753","2.57692"
"2166916904","2171104838","0.25"
"2171104838","2166916904","0.25"
"1560604137","2129035130","0.410714"
"2129035130","1560604137","0.410714"
"1560604137","2148738951","0.242857"
"2148738951","1560604137","0.242857"
"2108267498","2129035130","0.434524"
"2129035130","2108267498","0.434524"
"2129035130","2148738951","0.267857"
"2148738951","2129035130","0.267857"
"2129035130","2153508518","17.3107"
