"1161092233","2006008271","1"
"2006008271","1161092233","1"
"1161092233","2017369298","0.5"
"2017369298","1161092233","0.5"
"1161092233","2548100623","0.5"
"2548100623","1161092233","0.5"
"2017369298","2548100623","1.5"
"2548100623","2017369298","1.5"
"1161092233","1791587242","0.5"
"1791587242","1161092233","0.5"
"1161092233","2114303224","1.5"
"2114303224","1161092233","1.5"
"1791587242","2114303224","30.8357"
"2114303224","1791587242","30.8357"
"1161092233","2010801412","1"
"2010801412","1161092233","1"
"1161092233","2574839832","1"
"2574839832","1161092233","1"
"1161092233","2257756289","1"
"2257756289","1161092233","1"
"1161092233","2140613126","1"
"2140613126","1161092233","1"
"1499327381","1791587242","2.48333"
"1791587242","1499327381","2.48333"
"1499327381","2140613126","7.45"
"2140613126","1499327381","7.45"
"1791587242","2140613126","39.7667"
"2140613126","1791587242","39.7667"
"1499327381","2005112390","0.7"
"2005112390","1499327381","0.7"
"2005112390","2140613126","7.53333"
"2140613126","2005112390","7.53333"
"1499327381","2137152505","3.7"
"2137152505","1499327381","3.7"
"1499327381","2123686039","1.28333"
"2123686039","1499327381","1.28333"
"1499327381","2144839430","0.983333"
"2144839430","1499327381","0.983333"
"1791587242","2123686039","119.737"
"2123686039","1791587242","119.737"
"1791587242","2144839430","41.2778"
"2144839430","1791587242","41.2778"
"2123686039","2140613126","8.4"
"2140613126","2123686039","8.4"
"2123686039","2144839430","28.7778"
"2144839430","2123686039","28.7778"
"2140613126","2144839430","3.65"
"2144839430","2140613126","3.65"
"1499327381","1514659981","0.2"
"1514659981","1499327381","0.2"
"1514659981","1791587242","17.8762"
"1791587242","1514659981","17.8762"
"1514659981","2005112390","15.7333"
"2005112390","1514659981","15.7333"
"1514659981","2123686039","18.9595"
"2123686039","1514659981","18.9595"
"1514659981","2144839430","5.06667"
"2144839430","1514659981","5.06667"
"1791587242","2005112390","83.4484"
"2005112390","1791587242","83.4484"
"2005112390","2123686039","43.8111"
"2123686039","2005112390","43.8111"
"2005112390","2144839430","21.0778"
"2144839430","2005112390","21.0778"
"1791587242","2137152505","13.05"
"2137152505","1791587242","13.05"
"2123686039","2137152505","7.08333"
"2137152505","2123686039","7.08333"
"2137152505","2140613126","55.6167"
"2140613126","2137152505","55.6167"
"1499327381","2133741724","0.2"
"2133741724","1499327381","0.2"
"1791587242","2133741724","13.6357"
"2133741724","1791587242","13.6357"
"2133741724","2137152505","3.36667"
"2137152505","2133741724","3.36667"
"2133741724","2140613126","2.53333"
"2140613126","2133741724","2.53333"
"2133741724","2144839430","1.11667"
"2144839430","2133741724","1.11667"
"2137152505","2144839430","1.86667"
"2144839430","2137152505","1.86667"
"1514659981","2138512691","4.86667"
"2138512691","1514659981","4.86667"
"1791587242","2138512691","36.2944"
"2138512691","1791587242","36.2944"
"2005112390","2138512691","19.9611"
"2138512691","2005112390","19.9611"
"2123686039","2138512691","27.9333"
"2138512691","2123686039","27.9333"
"1514659981","2140613126","1.58333"
"2140613126","1514659981","1.58333"
"2138512691","2140613126","1.78333"
"2140613126","2138512691","1.78333"
"2138512691","2144839430","11.4"
"2144839430","2138512691","11.4"
"1514659981","1577169013","0.5"
"1577169013","1514659981","0.5"
"1577169013","1791587242","26.6079"
"1791587242","1577169013","26.6079"
"1514659981","2017052417","0.142857"
"2017052417","1514659981","0.142857"
"1514659981","2111687586","0.142857"
"2111687586","1514659981","0.142857"
"1514659981","2114303224","0.642857"
"2114303224","1514659981","0.642857"
"1514659981","2130925186","0.142857"
"2130925186","1514659981","0.142857"
"1514659981","2139238024","0.142857"
"2139238024","1514659981","0.142857"
"1791587242","2017052417","1.75952"
"2017052417","1791587242","1.75952"
"1791587242","2111687586","0.342857"
"2111687586","1791587242","0.342857"
"1791587242","2130925186","2.98571"
"2130925186","1791587242","2.98571"
"1791587242","2139238024","0.47619"
"2139238024","1791587242","0.47619"
"2017052417","2111687586","6.92619"
"2111687586","2017052417","6.92619"
"2017052417","2114303224","1.22619"
"2114303224","2017052417","1.22619"
"2017052417","2123686039","1.25952"
"2123686039","2017052417","1.25952"
"2017052417","2130925186","1.14286"
"2130925186","2017052417","1.14286"
"2017052417","2139238024","0.642857"
"2139238024","2017052417","0.642857"
"2111687586","2114303224","0.142857"
"2114303224","2111687586","0.142857"
"2111687586","2123686039","0.342857"
"2123686039","2111687586","0.342857"
"2111687586","2130925186","0.142857"
"2130925186","2111687586","0.142857"
"2111687586","2139238024","0.142857"
"2139238024","2111687586","0.142857"
"2114303224","2123686039","8.34286"
"2123686039","2114303224","8.34286"
"2114303224","2130925186","0.142857"
"2130925186","2114303224","0.142857"
"2114303224","2139238024","0.142857"
"2139238024","2114303224","0.142857"
"2123686039","2130925186","0.142857"
"2130925186","2123686039","0.142857"
"2123686039","2139238024","0.47619"
"2139238024","2123686039","0.47619"
"2130925186","2139238024","0.142857"
"2139238024","2130925186","0.142857"
"2005112390","2114303224","13.3429"
"2114303224","2005112390","13.3429"
"1514659981","2010801412","0.5"
"2010801412","1514659981","0.5"
"2010801412","2123686039","2.33333"
"2123686039","2010801412","2.33333"
"1514659981","2137152505","1.5"
"2137152505","1514659981","1.5"
"1518617389","2153259545","4.73333"
"2153259545","1518617389","4.73333"
"1518617389","2154721480","11.25"
"2154721480","1518617389","11.25"
"1518617389","2161569281","1.5"
"2161569281","1518617389","1.5"
"1518617389","2097995023","0.583333"
"2097995023","1518617389","0.583333"
"1518617389","2169593628","1.98333"
"2169593628","1518617389","1.98333"
"2097995023","2153259545","85.2167"
"2153259545","2097995023","85.2167"
"2097995023","2169593628","12.65"
"2169593628","2097995023","12.65"
"2153259545","2169593628","48.1"
"2169593628","2153259545","48.1"
"1518617389","1551118287","0.983333"
"1551118287","1518617389","0.983333"
"1518617389","2010801412","0.533333"
"2010801412","1518617389","0.533333"
"1518617389","2060190002","3.4"
"2060190002","1518617389","3.4"
"1551118287","2010801412","1.61667"
"2010801412","1551118287","1.61667"
"1551118287","2060190002","0.733333"
"2060190002","1551118287","0.733333"
"1551118287","2153259545","26.4333"
"2153259545","1551118287","26.4333"
"1551118287","2169593628","2.51667"
"2169593628","1551118287","2.51667"
"2010801412","2060190002","0.533333"
"2060190002","2010801412","0.533333"
"2010801412","2153259545","5.86667"
"2153259545","2010801412","5.86667"
"2010801412","2169593628","15.9833"
"2169593628","2010801412","15.9833"
"2060190002","2153259545","2.65"
"2153259545","2060190002","2.65"
"2060190002","2169593628","9.15"
"2169593628","2060190002","9.15"
"1518617389","2162228985","0.5"
"2162228985","1518617389","0.5"
"2161569281","2162228985","15.75"
"2162228985","2161569281","15.75"
"1551118287","2097995023","20.7833"
"2097995023","1551118287","20.7833"
"1551118287","2154721480","50.6667"
"2154721480","1551118287","50.6667"
"2097995023","2154721480","93.4833"
"2154721480","2097995023","93.4833"
"2154721480","2169593628","27.2667"
"2169593628","2154721480","27.2667"
"1518617389","1598010510","0.166667"
"1598010510","1518617389","0.166667"
"1551118287","1598010510","0.166667"
"1598010510","1551118287","0.166667"
"1598010510","2010801412","0.166667"
"2010801412","1598010510","0.166667"
"1598010510","2060190002","0.166667"
"2060190002","1598010510","0.166667"
"1598010510","2153259545","1.66667"
"2153259545","1598010510","1.66667"
"1598010510","2169593628","0.166667"
"2169593628","1598010510","0.166667"
"1518617389","2126333155","0.2"
"2126333155","1518617389","0.2"
"1551118287","2126333155","6.06667"
"2126333155","1551118287","6.06667"
"2060190002","2126333155","0.45"
"2126333155","2060190002","0.45"
"2126333155","2153259545","16.45"
"2153259545","2126333155","16.45"
"2126333155","2169593628","1.38333"
"2169593628","2126333155","1.38333"
"1518617389","1978933387","0.166667"
"1978933387","1518617389","0.166667"
"1551118287","1978933387","1.41667"
"1978933387","1551118287","1.41667"
"1978933387","2010801412","1.75"
"2010801412","1978933387","1.75"
"1978933387","2060190002","0.166667"
"2060190002","1978933387","0.166667"
"1978933387","2153259545","5.81667"
"2153259545","1978933387","5.81667"
"1978933387","2169593628","0.566667"
"2169593628","1978933387","0.566667"
"1542658975","1577169013","0.9"
"1577169013","1542658975","0.9"
"1542658975","1745268285","0.2"
"1745268285","1542658975","0.2"
"1542658975","2054075931","0.977778"
"2054075931","1542658975","0.977778"
"1542658975","2133741724","0.844444"
"2133741724","1542658975","0.844444"
"1542658975","2159376715","0.644444"
"2159376715","1542658975","0.644444"
"1577169013","1745268285","5.56111"
"1745268285","1577169013","5.56111"
"1577169013","2054075931","44.0873"
"2054075931","1577169013","44.0873"
"1577169013","2133741724","23.5063"
"2133741724","1577169013","23.5063"
"1577169013","2159376715","25.1913"
"2159376715","1577169013","25.1913"
"1745268285","2054075931","3.31111"
"2054075931","1745268285","3.31111"
"1745268285","2133741724","1.39444"
"2133741724","1745268285","1.39444"
"1745268285","2159376715","0.311111"
"2159376715","1745268285","0.311111"
"2054075931","2133741724","13.5484"
"2133741724","2054075931","13.5484"
"2054075931","2159376715","16.9984"
"2159376715","2054075931","16.9984"
"2133741724","2159376715","21.5484"
"2159376715","2133741724","21.5484"
"1542658975","2071414195","0.477778"
"2071414195","1542658975","0.477778"
"1542658975","2141710443","0.277778"
"2141710443","1542658975","0.277778"
"1542658975","2155070484","0.477778"
"2155070484","1542658975","0.477778"
"1577169013","2071414195","12.9111"
"2071414195","1577169013","12.9111"
"1577169013","2141710443","31.5563"
"2141710443","1577169013","31.5563"
"1577169013","2155070484","47.7524"
"2155070484","1577169013","47.7524"
"2054075931","2071414195","10.1222"
"2071414195","2054075931","10.1222"
"2054075931","2141710443","24.3484"
"2141710443","2054075931","24.3484"
"2054075931","2155070484","30.4222"
"2155070484","2054075931","30.4222"
"2071414195","2133741724","2.58889"
"2133741724","2071414195","2.58889"
"2071414195","2141710443","12.4889"
"2141710443","2071414195","12.4889"
"2071414195","2155070484","13.6556"
"2155070484","2071414195","13.6556"
"2133741724","2141710443","12.7913"
"2141710443","2133741724","12.7913"
"2133741724","2155070484","24.7413"
"2155070484","2133741724","24.7413"
"2141710443","2155070484","31.4651"
"2155070484","2141710443","31.4651"
"1542658975","2151449617","0.477778"
"2151449617","1542658975","0.477778"
"1577169013","2151449617","2.11667"
"2151449617","1577169013","2.11667"
"2071414195","2151449617","0.811111"
"2151449617","2071414195","0.811111"
"2133741724","2151449617","8.97778"
"2151449617","2133741724","8.97778"
"2151449617","2155070484","3.39444"
"2155070484","2151449617","3.39444"
"1542658975","2006008271","0.277778"
"2006008271","1542658975","0.277778"
"1542658975","2137152505","0.166667"
"2137152505","1542658975","0.166667"
"1542658975","47136562","0.166667"
"47136562","1542658975","0.166667"
"2006008271","2054075931","0.777778"
"2054075931","2006008271","0.777778"
"2006008271","2133741724","18.4444"
"2133741724","2006008271","18.4444"
"2006008271","2137152505","0.166667"
"2137152505","2006008271","0.166667"
"2006008271","2151449617","0.277778"
"2151449617","2006008271","0.277778"
"2006008271","47136562","0.166667"
"47136562","2006008271","0.166667"
"2054075931","2137152505","0.333333"
"2137152505","2054075931","0.333333"
"2054075931","2151449617","1.61111"
"2151449617","2054075931","1.61111"
"2054075931","47136562","3.5"
"47136562","2054075931","3.5"
"2133741724","47136562","16.1667"
"47136562","2133741724","16.1667"
"2137152505","2151449617","0.166667"
"2151449617","2137152505","0.166667"
"2137152505","47136562","0.166667"
"47136562","2137152505","0.166667"
"2151449617","47136562","17.7833"
"47136562","2151449617","17.7833"
"1542658975","2039910065","0.111111"
"2039910065","1542658975","0.111111"
"2006008271","2039910065","0.111111"
"2039910065","2006008271","0.111111"
"2006008271","2071414195","0.444444"
"2071414195","2006008271","0.444444"
"2006008271","2141710443","0.444444"
"2141710443","2006008271","0.444444"
"2006008271","2155070484","0.444444"
"2155070484","2006008271","0.444444"
"2006008271","2159376715","0.777778"
"2159376715","2006008271","0.777778"
"2039910065","2054075931","6.31508"
"2054075931","2039910065","6.31508"
"2039910065","2071414195","2.33889"
"2071414195","2039910065","2.33889"
"2039910065","2133741724","7.76508"
"2133741724","2039910065","7.76508"
"2039910065","2141710443","4.43175"
"2141710443","2039910065","4.43175"
"2039910065","2151449617","0.111111"
"2151449617","2039910065","0.111111"
"2039910065","2155070484","16.0167"
"2155070484","2039910065","16.0167"
"2039910065","2159376715","2.59286"
"2159376715","2039910065","2.59286"
"2071414195","2159376715","3.08889"
"2159376715","2071414195","3.08889"
"2141710443","2151449617","1.11111"
"2151449617","2141710443","1.11111"
"2141710443","2159376715","11.5746"
"2159376715","2141710443","11.5746"
"2151449617","2159376715","0.277778"
"2159376715","2151449617","0.277778"
"2155070484","2159376715","12.95"
"2159376715","2155070484","12.95"
"1544010666","1577169013","2.80952"
"1577169013","1544010666","2.80952"
"1544010666","2250570571","5.83333"
"2250570571","1544010666","5.83333"
"1544010666","47136562","17.3333"
"47136562","1544010666","17.3333"
"2250570571","47136562","7.5"
"47136562","2250570571","7.5"
"1544010666","2133741724","9.30952"
"2133741724","1544010666","9.30952"
"1544010666","1791587242","0.309524"
"1791587242","1544010666","0.309524"
"1544010666","2054075931","0.666667"
"2054075931","1544010666","0.666667"
"1544010666","2123686039","0.166667"
"2123686039","1544010666","0.166667"
"1544010666","2155070484","2.30952"
"2155070484","1544010666","2.30952"
"1544010666","2159376715","2.16667"
"2159376715","1544010666","2.16667"
"1577169013","2123686039","8.87778"
"2123686039","1577169013","8.87778"
"1791587242","2054075931","6.24286"
"2054075931","1791587242","6.24286"
"1791587242","2155070484","18.5317"
"2155070484","1791587242","18.5317"
"1791587242","2159376715","1.87063"
"2159376715","1791587242","1.87063"
"2054075931","2123686039","2.73333"
"2123686039","2054075931","2.73333"
"2123686039","2155070484","5.36111"
"2155070484","2123686039","5.36111"
"2123686039","2159376715","1.94444"
"2159376715","2123686039","1.94444"
"1544010666","2151449617","6.66667"
"2151449617","1544010666","6.66667"
"1544010666","2017369298","1"
"2017369298","1544010666","1"
"1544010666","2114303224","0.642857"
"2114303224","1544010666","0.642857"
"2114303224","2155070484","5.72619"
"2155070484","2114303224","5.72619"
"1544010666","2140613126","0.333333"
"2140613126","1544010666","0.333333"
"2133741724","2250570571","0.833333"
"2250570571","2133741724","0.833333"
"2140613126","2250570571","0.333333"
"2250570571","2140613126","0.333333"
"1544010666","2070317073","0.333333"
"2070317073","1544010666","0.333333"
"1544010666","2296750577","0.833333"
"2296750577","1544010666","0.833333"
"2070317073","2151449617","4.5"
"2151449617","2070317073","4.5"
"2070317073","2296750577","18"
"2296750577","2070317073","18"
"2151449617","2296750577","7.41667"
"2296750577","2151449617","7.41667"
"1544010666","2039910065","0.5"
"2039910065","1544010666","0.5"
"1544010666","2132793058","2.5"
"2132793058","1544010666","2.5"
"1544010666","2005112390","0.142857"
"2005112390","1544010666","0.142857"
"1544010666","2293005924","0.142857"
"2293005924","1544010666","0.142857"
"1577169013","2005112390","7.09286"
"2005112390","1577169013","7.09286"
"1577169013","2114303224","16.2762"
"2114303224","1577169013","16.2762"
"1577169013","2293005924","0.642857"
"2293005924","1577169013","0.642857"
"1791587242","2293005924","0.142857"
"2293005924","1791587242","0.142857"
"2005112390","2133741724","0.920635"
"2133741724","2005112390","0.920635"
"2005112390","2155070484","3.39286"
"2155070484","2005112390","3.39286"
"2005112390","2293005924","0.142857"
"2293005924","2005112390","0.142857"
"2114303224","2133741724","4.67619"
"2133741724","2114303224","4.67619"
"2114303224","2293005924","0.142857"
"2293005924","2114303224","0.142857"
"2133741724","2293005924","0.142857"
"2293005924","2133741724","0.142857"
"2155070484","2293005924","0.142857"
"2293005924","2155070484","0.142857"
"2054075931","2250570571","1.5"
"2250570571","2054075931","1.5"
"2132793058","2250570571","0.5"
"2250570571","2132793058","0.5"
"1544010666","1970165929","0.25"
"1970165929","1544010666","0.25"
"1544010666","2069171862","0.25"
"2069171862","1544010666","0.25"
"1544010666","2148167495","0.25"
"2148167495","1544010666","0.25"
"1544010666","2399620389","0.25"
"2399620389","1544010666","0.25"
"1970165929","2069171862","7.59286"
"2069171862","1970165929","7.59286"
"1970165929","2148167495","3.42063"
"2148167495","1970165929","3.42063"
"1970165929","2399620389","3.17063"
"2399620389","1970165929","3.17063"
"2069171862","2148167495","1.80952"
"2148167495","2069171862","1.80952"
"2069171862","2399620389","2.36905"
"2399620389","2069171862","2.36905"
"2148167495","2399620389","0.837302"
"2399620389","2148167495","0.837302"
"1546421159","2145492473","6.53333"
"2145492473","1546421159","6.53333"
"1546421159","1551839888","1.53333"
"1551839888","1546421159","1.53333"
"1546421159","2068645020","0.533333"
"2068645020","1546421159","0.533333"
"1551839888","2068645020","8.03333"
"2068645020","1551839888","8.03333"
"1551839888","2145492473","45.2833"
"2145492473","1551839888","45.2833"
"2068645020","2145492473","11.8667"
"2145492473","2068645020","11.8667"
"1546421159","1813736802","0.7"
"1813736802","1546421159","0.7"
"1546421159","2116832440","0.2"
"2116832440","1546421159","0.2"
"1551839888","1813736802","15.15"
"1813736802","1551839888","15.15"
"1551839888","2116832440","0.2"
"2116832440","1551839888","0.2"
"1813736802","2068645020","4.53333"
"2068645020","1813736802","4.53333"
"1813736802","2116832440","0.2"
"2116832440","1813736802","0.2"
"1813736802","2145492473","22.2333"
"2145492473","1813736802","22.2333"
"2068645020","2116832440","0.2"
"2116832440","2068645020","0.2"
"2116832440","2145492473","0.2"
"2145492473","2116832440","0.2"
"1546421159","2292361954","2"
"2292361954","1546421159","2"
"1546421159","2131565021","0.5"
"2131565021","1546421159","0.5"
"2131565021","2145492473","6"
"2145492473","2131565021","6"
"1551118287","2109067452","1.58333"
"2109067452","1551118287","1.58333"
"2097995023","2109067452","29.1667"
"2109067452","2097995023","29.1667"
"2097995023","2126333155","23.2167"
"2126333155","2097995023","23.2167"
"2109067452","2126333155","4.2"
"2126333155","2109067452","4.2"
"2109067452","2153259545","6.18333"
"2153259545","2109067452","6.18333"
"2153259545","2154721480","69.9833"
"2154721480","2153259545","69.9833"
"1551118287","2106028863","0.5"
"2106028863","1551118287","0.5"
"2106028863","2154721480","2.91667"
"2154721480","2106028863","2.91667"
"1551118287","2116832440","2"
"2116832440","1551118287","2"
"2097995023","2116832440","25.1"
"2116832440","2097995023","25.1"
"1551118287","2161569281","3.08333"
"2161569281","1551118287","3.08333"
"1551118287","2135499008","3.86667"
"2135499008","1551118287","3.86667"
"1551118287","2123714476","1"
"2123714476","1551118287","1"
"2123714476","2154721480","5"
"2154721480","2123714476","5"
"2097995023","2135499008","13.2"
"2135499008","2097995023","13.2"
"2135499008","2154721480","11.2333"
"2154721480","2135499008","11.2333"
"2116832440","2154721480","12.8333"
"2154721480","2116832440","12.8333"
"2010801412","2161569281","181.45"
"2161569281","2010801412","181.45"
"1978933387","2097995023","21.1167"
"2097995023","1978933387","21.1167"
"1978933387","2109067452","6.45"
"2109067452","1978933387","6.45"
"1978933387","2154721480","13.0333"
"2154721480","1978933387","13.0333"
"2109067452","2154721480","5.45"
"2154721480","2109067452","5.45"
"1551118287","2150971115","1.75"
"2150971115","1551118287","1.75"
"2150971115","2153259545","4.3"
"2153259545","2150971115","4.3"
"1551118287","2008333370","0.333333"
"2008333370","1551118287","0.333333"
"2008333370","2153259545","0.916667"
"2153259545","2008333370","0.916667"
"2008333370","2161569281","14.6667"
"2161569281","2008333370","14.6667"
"2153259545","2161569281","30.1167"
"2161569281","2153259545","30.1167"
"2010801412","2150971115","1.7"
"2150971115","2010801412","1.7"
"2010801412","2154721480","17.3667"
"2154721480","2010801412","17.3667"
"2150971115","2154721480","11.4667"
"2154721480","2150971115","11.4667"
"2150971115","2161569281","9.91667"
"2161569281","2150971115","9.91667"
"2154721480","2161569281","28.5"
"2161569281","2154721480","28.5"
"2123714476","2153259545","0.5"
"2153259545","2123714476","0.5"
"2135499008","2153259545","19.8"
"2153259545","2135499008","19.8"
"1551118287","2144973160","0.25"
"2144973160","1551118287","0.25"
"1551118287","2613751718","0.25"
"2613751718","1551118287","0.25"
"2097995023","2144973160","0.25"
"2144973160","2097995023","0.25"
"2097995023","2613751718","0.25"
"2613751718","2097995023","0.25"
"2144973160","2154721480","0.25"
"2154721480","2144973160","0.25"
"2144973160","2613751718","0.25"
"2613751718","2144973160","0.25"
"2154721480","2613751718","0.25"
"2613751718","2154721480","0.25"
"2126333155","2135499008","3.78333"
"2135499008","2126333155","3.78333"
"2135499008","2169593628","60"
"2169593628","2135499008","60"
"1551839888","2131565021","0.5"
"2131565021","1551839888","0.5"
"1551839888","1684311429","1"
"1684311429","1551839888","1"
"1551839888","2065663378","0.5"
"2065663378","1551839888","0.5"
"1551839888","2130925186","0.5"
"2130925186","1551839888","0.5"
"2065663378","2130925186","0.5"
"2130925186","2065663378","0.5"
"1551839888","1791587242","0.2"
"1791587242","1551839888","0.2"
"1551839888","2043097023","0.2"
"2043097023","1551839888","0.2"
"1551839888","2406267662","0.2"
"2406267662","1551839888","0.2"
"1551839888","2963434618","0.2"
"2963434618","1551839888","0.2"
"1551839888","47136562","0.2"
"47136562","1551839888","0.2"
"1791587242","2043097023","1.7"
"2043097023","1791587242","1.7"
"1791587242","2406267662","1.06111"
"2406267662","1791587242","1.06111"
"1791587242","2963434618","2.03333"
"2963434618","1791587242","2.03333"
"1791587242","47136562","0.95"
"47136562","1791587242","0.95"
"2043097023","2406267662","0.2"
"2406267662","2043097023","0.2"
"2043097023","2963434618","0.2"
"2963434618","2043097023","0.2"
"2043097023","47136562","0.2"
"47136562","2043097023","0.2"
"2406267662","2963434618","0.2"
"2963434618","2406267662","0.2"
"2406267662","47136562","0.2"
"47136562","2406267662","0.2"
"2963434618","47136562","0.2"
"47136562","2963434618","0.2"
"1551839888","2292361954","3.95"
"2292361954","1551839888","3.95"
"1813736802","2292361954","6.23333"
"2292361954","1813736802","6.23333"
"2145492473","2292361954","8.53333"
"2292361954","2145492473","8.53333"
"1551839888","1976732638","0.25"
"1976732638","1551839888","0.25"
"1813736802","1976732638","0.25"
"1976732638","1813736802","0.25"
"1976732638","2145492473","0.75"
"2145492473","1976732638","0.75"
"1976732638","2292361954","1.66667"
"2292361954","1976732638","1.66667"
"1551839888","2260378577","0.2"
"2260378577","1551839888","0.2"
"1551839888","2585438896","0.2"
"2585438896","1551839888","0.2"
"1551839888","2613536717","0.2"
"2613536717","1551839888","0.2"
"1813736802","2260378577","0.2"
"2260378577","1813736802","0.2"
"1813736802","2585438896","0.2"
"2585438896","1813736802","0.2"
"1813736802","2613536717","0.2"
"2613536717","1813736802","0.2"
"2260378577","2292361954","0.2"
"2292361954","2260378577","0.2"
"2260378577","2585438896","2.7"
"2585438896","2260378577","2.7"
"2260378577","2613536717","1.7"
"2613536717","2260378577","1.7"
"2292361954","2585438896","0.2"
"2585438896","2292361954","0.2"
"2292361954","2613536717","0.2"
"2613536717","2292361954","0.2"
"2585438896","2613536717","6.7"
"2613536717","2585438896","6.7"
"1551839888","2169593628","0.5"
"2169593628","1551839888","0.5"
"2145492473","2169593628","0.5"
"2169593628","2145492473","0.5"
"1577169013","2039910065","10.5817"
"2039910065","1577169013","10.5817"
"1577169013","2144839430","4.14444"
"2144839430","1577169013","4.14444"
"1577169013","2187014882","0.561111"
"2187014882","1577169013","0.561111"
"1791587242","2187014882","1.56111"
"2187014882","1791587242","1.56111"
"2123686039","2187014882","0.811111"
"2187014882","2123686039","0.811111"
"2144839430","2187014882","0.811111"
"2187014882","2144839430","0.811111"
"1577169013","2138512691","4.09444"
"2138512691","1577169013","4.09444"
"1577169013","2140613126","3.2"
"2140613126","1577169013","3.2"
"1577169013","2130925186","0.67619"
"2130925186","1577169013","0.67619"
"1791587242","2039910065","20.0706"
"2039910065","1791587242","20.0706"
"1791587242","2141710443","1.47619"
"2141710443","1791587242","1.47619"
"2039910065","2130925186","2.64286"
"2130925186","2039910065","2.64286"
"2054075931","2130925186","0.342857"
"2130925186","2054075931","0.342857"
"2130925186","2133741724","3.17619"
"2133741724","2130925186","3.17619"
"2130925186","2141710443","0.142857"
"2141710443","2130925186","0.142857"
"2130925186","2159376715","0.342857"
"2159376715","2130925186","0.342857"
"1577169013","2963434618","1.58333"
"2963434618","1577169013","1.58333"
"2155070484","2963434618","1.58333"
"2963434618","2155070484","1.58333"
"1577169013","2010801412","1.2"
"2010801412","1577169013","1.2"
"1577169013","2161569281","0.933333"
"2161569281","1577169013","0.933333"
"1577169013","47136562","2.91667"
"47136562","1577169013","2.91667"
"1577169013","2135499008","0.833333"
"2135499008","1577169013","0.833333"
"2054075931","2135499008","0.333333"
"2135499008","2054075931","0.333333"
"2135499008","2159376715","0.333333"
"2159376715","2135499008","0.333333"
"1745268285","2155070484","4.44444"
"2155070484","1745268285","4.44444"
"1577169013","2160723116","8.45"
"2160723116","1577169013","8.45"
"1577169013","2070317073","0.75"
"2070317073","1577169013","0.75"
"1577169013","1998472299","0.7"
"1998472299","1577169013","0.7"
"1998472299","2071414195","0.7"
"2071414195","1998472299","0.7"
"2039910065","2114303224","2.36667"
"2114303224","2039910065","2.36667"
"2054075931","2138512691","3.61667"
"2138512691","2054075931","3.61667"
"1577169013","2006008271","1.83333"
"2006008271","1577169013","1.83333"
"2159376715","2160723116","1.25"
"2160723116","2159376715","1.25"
"2054075931","2114303224","4.33333"
"2114303224","2054075931","4.33333"
"1745268285","2005112390","0.111111"
"2005112390","1745268285","0.111111"
"1745268285","2039910065","0.111111"
"2039910065","1745268285","0.111111"
"1745268285","2071414195","0.361111"
"2071414195","1745268285","0.361111"
"1745268285","2141710443","1.86111"
"2141710443","1745268285","1.86111"
"2005112390","2039910065","8.55556"
"2039910065","2005112390","8.55556"
"2005112390","2054075931","4.39444"
"2054075931","2005112390","4.39444"
"2005112390","2071414195","0.361111"
"2071414195","2005112390","0.361111"
"2005112390","2141710443","0.111111"
"2141710443","2005112390","0.111111"
"2005112390","2159376715","0.888889"
"2159376715","2005112390","0.888889"
"1577169013","2137152505","1.3"
"2137152505","1577169013","1.3"
"1577169013","2026427349","0.333333"
"2026427349","1577169013","0.333333"
"1791587242","2026427349","5.03333"
"2026427349","1791587242","5.03333"
"2005112390","2026427349","0.533333"
"2026427349","2005112390","0.533333"
"2026427349","2114303224","19.6667"
"2114303224","2026427349","19.6667"
"1791587242","2160723116","2.08333"
"2160723116","1791587242","2.08333"
"1577169013","2017369298","2.7"
"2017369298","1577169013","2.7"
"2017369298","2039910065","0.45"
"2039910065","2017369298","0.45"
"2017369298","2137152505","0.2"
"2137152505","2017369298","0.2"
"2017369298","2138512691","0.45"
"2138512691","2017369298","0.45"
"2017369298","2155070484","4.7"
"2155070484","2017369298","4.7"
"2039910065","2137152505","2.2"
"2137152505","2039910065","2.2"
"2039910065","2138512691","1.7"
"2138512691","2039910065","1.7"
"2137152505","2138512691","0.616667"
"2138512691","2137152505","0.616667"
"2137152505","2155070484","1.2"
"2155070484","2137152505","1.2"
"2138512691","2155070484","1.72778"
"2155070484","2138512691","1.72778"
"2010801412","2135499008","31.95"
"2135499008","2010801412","31.95"
"2010801412","2144839430","1.25"
"2144839430","2010801412","1.25"
"2123686039","2135499008","1.5"
"2135499008","2123686039","1.5"
"2135499008","2144839430","0.5"
"2144839430","2135499008","0.5"
"1577169013","2132793058","1.33333"
"2132793058","1577169013","1.33333"
"1577169013","2154721480","1.63333"
"2154721480","1577169013","1.63333"
"1791587242","2132793058","0.833333"
"2132793058","1791587242","0.833333"
"1791587242","2154721480","2.88333"
"2154721480","1791587242","2.88333"
"2132793058","2154721480","0.333333"
"2154721480","2132793058","0.333333"
"2039910065","2123686039","9.72778"
"2123686039","2039910065","9.72778"
"2039910065","2144839430","8.72778"
"2144839430","2039910065","8.72778"
"2039910065","2187014882","12.3111"
"2187014882","2039910065","12.3111"
"1577169013","2139238024","0.333333"
"2139238024","1577169013","0.333333"
"2070317073","2133741724","1.83333"
"2133741724","2070317073","1.83333"
"2070317073","2155070484","0.25"
"2155070484","2070317073","0.25"
"1577169013","2017052417","0.0833333"
"2017052417","1577169013","0.0833333"
"2005112390","2017052417","0.783333"
"2017052417","2005112390","0.783333"
"2005112390","2963434618","0.416667"
"2963434618","2005112390","0.416667"
"2017052417","2026427349","0.616667"
"2026427349","2017052417","0.616667"
"2017052417","2039910065","1.58333"
"2039910065","2017052417","1.58333"
"2017052417","2133741724","1.58333"
"2133741724","2017052417","1.58333"
"2017052417","2138512691","0.0833333"
"2138512691","2017052417","0.0833333"
"2017052417","2144839430","0.0833333"
"2144839430","2017052417","0.0833333"
"2017052417","2155070484","0.0833333"
"2155070484","2017052417","0.0833333"
"2017052417","2963434618","0.0833333"
"2963434618","2017052417","0.0833333"
"2026427349","2039910065","0.0833333"
"2039910065","2026427349","0.0833333"
"2026427349","2123686039","1.28333"
"2123686039","2026427349","1.28333"
"2026427349","2133741724","0.0833333"
"2133741724","2026427349","0.0833333"
"2026427349","2138512691","0.0833333"
"2138512691","2026427349","0.0833333"
"2026427349","2144839430","0.583333"
"2144839430","2026427349","0.583333"
"2026427349","2155070484","0.0833333"
"2155070484","2026427349","0.0833333"
"2026427349","2963434618","0.0833333"
"2963434618","2026427349","0.0833333"
"2039910065","2963434618","1.66667"
"2963434618","2039910065","1.66667"
"2114303224","2138512691","3.75"
"2138512691","2114303224","3.75"
"2114303224","2144839430","5.95"
"2144839430","2114303224","5.95"
"2114303224","2963434618","1.08333"
"2963434618","2114303224","1.08333"
"2123686039","2133741724","0.333333"
"2133741724","2123686039","0.333333"
"2123686039","2963434618","0.0833333"
"2963434618","2123686039","0.0833333"
"2133741724","2138512691","0.0833333"
"2138512691","2133741724","0.0833333"
"2133741724","2963434618","0.0833333"
"2963434618","2133741724","0.0833333"
"2138512691","2963434618","1.41667"
"2963434618","2138512691","1.41667"
"2144839430","2155070484","1.77778"
"2155070484","2144839430","1.77778"
"2144839430","2963434618","0.0833333"
"2963434618","2144839430","0.0833333"
"2054075931","2140613126","0.366667"
"2140613126","2054075931","0.366667"
"2054075931","2144839430","0.916667"
"2144839430","2054075931","0.916667"
"2017369298","2114303224","3.83333"
"2114303224","2017369298","3.83333"
"2054075931","2160723116","1"
"2160723116","2054075931","1"
"1577169013","2096080665","1"
"2096080665","1577169013","1"
"1745268285","2096080665","16.8333"
"2096080665","1745268285","16.8333"
"2054075931","2154721480","0.2"
"2154721480","2054075931","0.2"
"2123686039","2154721480","0.533333"
"2154721480","2123686039","0.533333"
"2140613126","2154721480","2.36667"
"2154721480","2140613126","2.36667"
"1577169013","2008333370","1.33333"
"2008333370","1577169013","1.33333"
"1998472299","2054075931","0.2"
"2054075931","1998472299","0.2"
"1998472299","2141710443","0.2"
"2141710443","1998472299","0.2"
"1998472299","2159376715","0.2"
"2159376715","1998472299","0.2"
"2133741724","2160723116","0.25"
"2160723116","2133741724","0.25"
"2160723116","47136562","1.25"
"47136562","2160723116","1.25"
"1577169013","2101000001","3.2873"
"2101000001","1577169013","3.2873"
"1577169013","2952580730","1.88016"
"2952580730","1577169013","1.88016"
"2054075931","2101000001","0.25"
"2101000001","2054075931","0.25"
"2054075931","2952580730","0.25"
"2952580730","2054075931","0.25"
"2101000001","2141710443","1.67619"
"2141710443","2101000001","1.67619"
"2101000001","2952580730","18.0706"
"2952580730","2101000001","18.0706"
"2141710443","2952580730","1.76905"
"2952580730","2141710443","1.76905"
"1577169013","2406267662","0.111111"
"2406267662","1577169013","0.111111"
"2005112390","2187014882","0.611111"
"2187014882","2005112390","0.611111"
"2005112390","2406267662","0.111111"
"2406267662","2005112390","0.111111"
"2039910065","2406267662","6.27778"
"2406267662","2039910065","6.27778"
"2123686039","2406267662","0.111111"
"2406267662","2123686039","0.111111"
"2144839430","2159376715","0.111111"
"2159376715","2144839430","0.111111"
"2144839430","2406267662","1.69444"
"2406267662","2144839430","1.69444"
"2155070484","2187014882","0.111111"
"2187014882","2155070484","0.111111"
"2155070484","2406267662","2.77778"
"2406267662","2155070484","2.77778"
"2159376715","2187014882","0.111111"
"2187014882","2159376715","0.111111"
"2159376715","2406267662","0.111111"
"2406267662","2159376715","0.111111"
"2187014882","2406267662","0.111111"
"2406267662","2187014882","0.111111"
"2101000001","2133741724","1.72619"
"2133741724","2101000001","1.72619"
"2101000001","2151449617","0.166667"
"2151449617","2101000001","0.166667"
"2101000001","2159376715","0.333333"
"2159376715","2101000001","0.333333"
"2101000001","47136562","0.166667"
"47136562","2101000001","0.166667"
"2133741724","2952580730","1.47619"
"2952580730","2133741724","1.47619"
"2151449617","2952580730","0.166667"
"2952580730","2151449617","0.166667"
"2159376715","2952580730","0.47619"
"2952580730","2159376715","0.47619"
"2159376715","47136562","0.166667"
"47136562","2159376715","0.166667"
"2952580730","47136562","0.166667"
"47136562","2952580730","0.166667"
"2071414195","2101000001","0.366667"
"2101000001","2071414195","0.366667"
"2071414195","2952580730","0.566667"
"2952580730","2071414195","0.566667"
"2101000001","2155070484","1.5373"
"2155070484","2101000001","1.5373"
"2155070484","2952580730","1.4873"
"2952580730","2155070484","1.4873"
"1577169013","2069171862","1.28571"
"2069171862","1577169013","1.28571"
"1577169013","2399620389","0.646825"
"2399620389","1577169013","0.646825"
"2069171862","2101000001","5.67619"
"2101000001","2069171862","5.67619"
"2069171862","2133741724","0.142857"
"2133741724","2069171862","0.142857"
"2069171862","2141710443","0.785714"
"2141710443","2069171862","0.785714"
"2069171862","2155070484","0.142857"
"2155070484","2069171862","0.142857"
"2069171862","2952580730","1.98571"
"2952580730","2069171862","1.98571"
"2101000001","2399620389","1.0873"
"2399620389","2101000001","1.0873"
"2133741724","2399620389","0.142857"
"2399620389","2133741724","0.142857"
"2141710443","2399620389","0.535714"
"2399620389","2141710443","0.535714"
"2155070484","2399620389","0.503968"
"2399620389","2155070484","0.503968"
"2399620389","2952580730","0.730159"
"2952580730","2399620389","0.730159"
"2054075931","2399620389","0.25"
"2399620389","2054075931","0.25"
"1791587242","2071414195","2.25"
"2071414195","1791587242","2.25"
"2071414195","2160723116","0.25"
"2160723116","2071414195","0.25"
"2155070484","47136562","3.33333"
"47136562","2155070484","3.33333"
"1577169013","2063364984","0.583333"
"2063364984","1577169013","0.583333"
"2054075931","2063364984","0.333333"
"2063364984","2054075931","0.333333"
"2063364984","2114303224","6.58333"
"2114303224","2063364984","6.58333"
"2039910065","2101000001","0.166667"
"2101000001","2039910065","0.166667"
"2039910065","2952580730","0.366667"
"2952580730","2039910065","0.366667"
"1577169013","2144973160","3"
"2144973160","1577169013","3"
"2071414195","2144973160","1.25"
"2144973160","2071414195","1.25"
"2114303224","2140613126","10.5"
"2140613126","2114303224","10.5"
"1577169013","2250570571","0.5"
"2250570571","1577169013","0.5"
"2141710443","2250570571","1"
"2250570571","2141710443","1"
"1577169013","1970165929","0.253968"
"1970165929","1577169013","0.253968"
"1577169013","2148167495","0.253968"
"2148167495","1577169013","0.253968"
"1791587242","1970165929","0.611111"
"1970165929","1791587242","0.611111"
"1791587242","2101000001","0.111111"
"2101000001","1791587242","0.111111"
"1791587242","2148167495","0.111111"
"2148167495","1791587242","0.111111"
"1791587242","2399620389","0.111111"
"2399620389","1791587242","0.111111"
"1791587242","2952580730","0.111111"
"2952580730","1791587242","0.111111"
"1970165929","2005112390","0.111111"
"2005112390","1970165929","0.111111"
"1970165929","2101000001","2.47778"
"2101000001","1970165929","2.47778"
"1970165929","2138512691","0.111111"
"2138512691","1970165929","0.111111"
"1970165929","2155070484","0.111111"
"2155070484","1970165929","0.111111"
"1970165929","2952580730","2.2873"
"2952580730","1970165929","2.2873"
"2005112390","2101000001","0.111111"
"2101000001","2005112390","0.111111"
"2005112390","2148167495","0.111111"
"2148167495","2005112390","0.111111"
"2005112390","2399620389","0.111111"
"2399620389","2005112390","0.111111"
"2005112390","2952580730","0.111111"
"2952580730","2005112390","0.111111"
"2101000001","2138512691","0.111111"
"2138512691","2101000001","0.111111"
"2101000001","2148167495","1.86111"
"2148167495","2101000001","1.86111"
"2138512691","2148167495","0.111111"
"2148167495","2138512691","0.111111"
"2138512691","2399620389","0.111111"
"2399620389","2138512691","0.111111"
"2138512691","2952580730","0.111111"
"2952580730","2138512691","0.111111"
"2148167495","2155070484","0.277778"
"2155070484","2148167495","0.277778"
"2148167495","2952580730","1.17063"
"2952580730","2148167495","1.17063"
"1970165929","2141710443","0.142857"
"2141710443","1970165929","0.142857"
"1970165929","2159376715","0.142857"
"2159376715","1970165929","0.142857"
"2069171862","2159376715","0.142857"
"2159376715","2069171862","0.142857"
"2141710443","2148167495","0.309524"
"2148167495","2141710443","0.309524"
"2148167495","2159376715","0.309524"
"2159376715","2148167495","0.309524"
"2159376715","2399620389","0.142857"
"2399620389","2159376715","0.142857"
"1577169013","2548100623","0.2"
"2548100623","1577169013","0.2"
"1791587242","2548100623","2.61667"
"2548100623","1791587242","2.61667"
"2039910065","2548100623","0.45"
"2548100623","2039910065","0.45"
"2114303224","2548100623","0.2"
"2548100623","2114303224","0.2"
"2133741724","2548100623","0.2"
"2548100623","2133741724","0.2"
"1577169013","2134204499","0.25"
"2134204499","1577169013","0.25"
"1577169013","2141742398","0.35"
"2141742398","1577169013","0.35"
"2063364984","2133741724","0.25"
"2133741724","2063364984","0.25"
"2063364984","2134204499","2.25"
"2134204499","2063364984","2.25"
"2063364984","2141742398","0.25"
"2141742398","2063364984","0.25"
"2133741724","2134204499","1.25"
"2134204499","2133741724","1.25"
"2133741724","2141742398","0.25"
"2141742398","2133741724","0.25"
"2134204499","2141742398","0.25"
"2141742398","2134204499","0.25"
"2130925186","2155070484","0.333333"
"2155070484","2130925186","0.333333"
"2008333370","2159376715","0.333333"
"2159376715","2008333370","0.333333"
"2159376715","2161569281","0.333333"
"2161569281","2159376715","0.333333"
"1577169013","2047182010","0.2"
"2047182010","1577169013","0.2"
"1577169013","2257756289","0.2"
