"1492792622","1504571330","2.72736"
"1504571330","1492792622","2.72736"
"1492792622","1550671309","1.91783"
"1550671309","1492792622","1.91783"
"1492792622","1841473781","1.00025"
"1841473781","1492792622","1.00025"
"1492792622","1903986978","2.72736"
"1903986978","1492792622","2.72736"
"1492792622","1907751946","2.41783"
"1907751946","1492792622","2.41783"
"1492792622","1931710365","2.44853"
"1931710365","1492792622","2.44853"
"1492792622","2099296691","1.91783"
"2099296691","1492792622","1.91783"
"1492792622","2101648855","2.89402"
"2101648855","1492792622","2.89402"
"1492792622","2102555944","3.14402"
"2102555944","1492792622","3.14402"
"1492792622","2109580030","4.14402"
"2109580030","1492792622","4.14402"
"1492792622","2163645740","2.50117"
"2163645740","1492792622","2.50117"
"1492792622","2205535200","2.06069"
"2205535200","1492792622","2.06069"
"1492792622","2215162934","1.91783"
"2215162934","1492792622","1.91783"
"1492792622","2399664595","2.06069"
"2399664595","1492792622","2.06069"
"1504571330","1550671309","1.91783"
"1550671309","1504571330","1.91783"
"1504571330","1841473781","1.00025"
"1841473781","1504571330","1.00025"
"1504571330","1903986978","2.89402"
"1903986978","1504571330","2.89402"
"1504571330","1907751946","2.41783"
"1907751946","1504571330","2.41783"
"1504571330","1931710365","2.5652"
"1931710365","1504571330","2.5652"
"1504571330","2099296691","1.91783"
"2099296691","1504571330","1.91783"
"1504571330","2101648855","4.09402"
"2101648855","1504571330","4.09402"
"1504571330","2102555944","3.06069"
"2102555944","1504571330","3.06069"
"1504571330","2109580030","3.26069"
"2109580030","1504571330","3.26069"
"1504571330","2163645740","2.61783"
"2163645740","1504571330","2.61783"
"1504571330","2205535200","2.26069"
"2205535200","1504571330","2.26069"
"1504571330","2215162934","1.91783"
"2215162934","1504571330","1.91783"
"1504571330","2399664595","2.06069"
"2399664595","1504571330","2.06069"
"1550671309","1841473781","1.08358"
"1841473781","1550671309","1.08358"
"1550671309","1903986978","2.91783"
"1903986978","1550671309","2.91783"
"1550671309","1907751946","2.00117"
"1907751946","1550671309","2.00117"
"1550671309","1931710365","1.94853"
"1931710365","1550671309","1.94853"
"1550671309","2099296691","1.91783"
"2099296691","1550671309","1.91783"
"1550671309","2101648855","2.91783"
"2101648855","1550671309","2.91783"
"1550671309","2102555944","2.91783"
"2102555944","1550671309","2.91783"
"1550671309","2109580030","1.91783"
"2109580030","1550671309","1.91783"
"1550671309","2163645740","1.91783"
"2163645740","1550671309","1.91783"
"1550671309","2205535200","1.91783"
"2205535200","1550671309","1.91783"
"1550671309","2215162934","2.00117"
"2215162934","1550671309","2.00117"
"1550671309","2399664595","1.91783"
"2399664595","1550671309","1.91783"
"1841473781","1903986978","1.00025"
"1903986978","1841473781","1.00025"
"1841473781","1907751946","1.30581"
"1907751946","1841473781","1.30581"
"1841473781","1931710365","2.15117"
"1931710365","1841473781","2.15117"
"1841473781","2099296691","1.16051"
"2099296691","1841473781","1.16051"
"1841473781","2101648855","1.00025"
"2101648855","1841473781","1.00025"
"1841473781","2102555944","1.08358"
"2102555944","1841473781","1.08358"
"1841473781","2109580030","9.724"
"2109580030","1841473781","9.724"
"1841473781","2163645740","1.11136"
"2163645740","1841473781","1.11136"
"1841473781","2205535200","1.08358"
"2205535200","1841473781","1.08358"
"1841473781","2215162934","2.00178"
"2215162934","1841473781","2.00178"
"1841473781","2399664595","1.07717"
"2399664595","1841473781","1.07717"
"1903986978","1907751946","2.5845"
"1907751946","1903986978","2.5845"
"1903986978","1931710365","3.5652"
"1931710365","1903986978","3.5652"
"1903986978","2099296691","1.91783"
"2099296691","1903986978","1.91783"
"1903986978","2101648855","4.26069"
"2101648855","1903986978","4.26069"
"1903986978","2102555944","4.22736"
"2102555944","1903986978","4.22736"
"1903986978","2109580030","4.09402"
"2109580030","1903986978","4.09402"
"1903986978","2163645740","2.95117"
"2163645740","1903986978","2.95117"
"1903986978","2205535200","2.42736"
"2205535200","1903986978","2.42736"
"1903986978","2215162934","1.91783"
"2215162934","1903986978","1.91783"
"1903986978","2399664595","2.22736"
"2399664595","1903986978","2.22736"
"1907751946","1931710365","5.53861"
"1931710365","1907751946","5.53861"
"1907751946","2099296691","2.79283"
"2099296691","1907751946","2.79283"
"1907751946","2101648855","3.5845"
"2101648855","1907751946","3.5845"
"1907751946","2102555944","106.626"
"2102555944","1907751946","106.626"
"1907751946","2109580030","113.643"
"2109580030","1907751946","113.643"
"1907751946","2163645740","8.8095"
"2163645740","1907751946","8.8095"
"1907751946","2205535200","3.14283"
"2205535200","1907751946","3.14283"
"1907751946","2215162934","3.54839"
"2215162934","1907751946","3.54839"
"1907751946","2399664595","2.2095"
"2399664595","1907751946","2.2095"
"1931710365","2099296691","3.82665"
"2099296691","1931710365","3.82665"
"1931710365","2101648855","2.93187"
"2101648855","1931710365","2.93187"
"1931710365","2102555944","7.46639"
"2102555944","1931710365","7.46639"
"1931710365","2109580030","79.4163"
"2109580030","1931710365","79.4163"
"1931710365","2163645740","58.9942"
"2163645740","1931710365","58.9942"
"1931710365","2205535200","10.2402"
"2205535200","1931710365","10.2402"
"1931710365","2215162934","10.0584"
"2215162934","1931710365","10.0584"
"1931710365","2399664595","3.37665"
"2399664595","1931710365","3.37665"
"2099296691","2101648855","1.91783"
"2101648855","2099296691","1.91783"
"2099296691","2102555944","2.18569"
"2102555944","2099296691","2.18569"
"2099296691","2109580030","3.59595"
"2109580030","2099296691","3.59595"
"2099296691","2163645740","2.87617"
"2163645740","2099296691","2.87617"
"2099296691","2205535200","2.37617"
"2205535200","2099296691","2.37617"
"2099296691","2215162934","2.40309"
"2215162934","2099296691","2.40309"
"2099296691","2399664595","2.26261"
"2399664595","2099296691","2.26261"
"2101648855","2102555944","4.72736"
"2102555944","2101648855","4.72736"
"2101648855","2109580030","6.12736"
"2109580030","2101648855","6.12736"
"2101648855","2163645740","2.81783"
"2163645740","2101648855","2.81783"
"2101648855","2205535200","3.12736"
"2205535200","2101648855","3.12736"
"2101648855","2215162934","3.5845"
"2215162934","2101648855","3.5845"
"2101648855","2399664595","2.22736"
"2399664595","2101648855","2.22736"
"2102555944","2109580030","148.495"
"2109580030","2102555944","148.495"
"2102555944","2163645740","7.4595"
"2163645740","2102555944","7.4595"
"2102555944","2205535200","5.10236"
"2205535200","2102555944","5.10236"
"2102555944","2215162934","2.4595"
"2215162934","2102555944","2.4595"
"2102555944","2399664595","2.49521"
"2399664595","2102555944","2.49521"
"2109580030","2163645740","68.2135"
"2163645740","2109580030","68.2135"
"2109580030","2205535200","12.8524"
"2205535200","2109580030","12.8524"
"2109580030","2215162934","5.85547"
"2215162934","2109580030","5.85547"
"2109580030","2399664595","2.7388"
"2399664595","2109580030","2.7388"
"2163645740","2205535200","9.04283"
"2205535200","2163645740","9.04283"
"2163645740","2215162934","3.57617"
"2215162934","2163645740","3.57617"
"2163645740","2399664595","2.37617"
"2399664595","2163645740","2.37617"
"2205535200","2215162934","3.1595"
"2215162934","2205535200","3.1595"
"2205535200","2399664595","2.35236"
"2399664595","2205535200","2.35236"
"2215162934","2399664595","2.45309"
"2399664595","2215162934","2.45309"
"1492792622","2141422547","0.138095"
"2141422547","1492792622","0.138095"
"1504571330","2141422547","0.138095"
"2141422547","1504571330","0.138095"
"1550671309","2141422547","0.138095"
"2141422547","1550671309","0.138095"
"1841473781","2141422547","0.0666667"
"2141422547","1841473781","0.0666667"
"1903986978","2141422547","0.138095"
"2141422547","1903986978","0.138095"
"1907751946","2141422547","0.138095"
"2141422547","1907751946","0.138095"
"1931710365","2141422547","1.1381"
"2141422547","1931710365","1.1381"
"2099296691","2141422547","0.138095"
"2141422547","2099296691","0.138095"
"2101648855","2141422547","0.138095"
"2141422547","2101648855","0.138095"
"2102555944","2141422547","0.138095"
"2141422547","2102555944","0.138095"
"2109580030","2141422547","0.138095"
"2141422547","2109580030","0.138095"
"2141422547","2163645740","0.138095"
"2163645740","2141422547","0.138095"
"2141422547","2205535200","0.138095"
"2205535200","2141422547","0.138095"
"2141422547","2215162934","0.138095"
"2215162934","2141422547","0.138095"
"2141422547","2399664595","0.138095"
"2399664595","2141422547","0.138095"
"1492792622","1510315256","0.14787"
"1510315256","1492792622","0.14787"
"1492792622","1646395693","0.14787"
"1646395693","1492792622","0.14787"
"1492792622","2135196620","0.14787"
"2135196620","1492792622","0.14787"
"1492792622","2202020343","0.14787"
"2202020343","1492792622","0.14787"
"1492792622","2218417320","0.14787"
"2218417320","1492792622","0.14787"
"1492792622","2236300343","0.14787"
"2236300343","1492792622","0.14787"
"1504571330","1510315256","0.14787"
"1510315256","1504571330","0.14787"
"1504571330","1646395693","0.14787"
"1646395693","1504571330","0.14787"
"1504571330","2135196620","0.14787"
"2135196620","1504571330","0.14787"
"1504571330","2202020343","0.14787"
"2202020343","1504571330","0.14787"
"1504571330","2218417320","0.14787"
"2218417320","1504571330","0.14787"
"1504571330","2236300343","0.14787"
"2236300343","1504571330","0.14787"
"1510315256","1550671309","0.231203"
"1550671309","1510315256","0.231203"
"1510315256","1646395693","1.53078"
"1646395693","1510315256","1.53078"
"1510315256","1841473781","1.35142"
"1841473781","1510315256","1.35142"
"1510315256","1903986978","0.14787"
"1903986978","1510315256","0.14787"
"1510315256","1907751946","0.453425"
"1907751946","1510315256","0.453425"
"1510315256","2099296691","0.308126"
"2099296691","1510315256","0.308126"
"1510315256","2101648855","0.14787"
"2101648855","1510315256","0.14787"
"1510315256","2102555944","0.231203"
"2102555944","1510315256","0.231203"
"1510315256","2109580030","1.01448"
"2109580030","1510315256","1.01448"
"1510315256","2135196620","1.89427"
"2135196620","1510315256","1.89427"
"1510315256","2163645740","0.401838"
"2163645740","1510315256","0.401838"
"1510315256","2202020343","1.8403"
"2202020343","1510315256","1.8403"
"1510315256","2205535200","0.231203"
"2205535200","1510315256","0.231203"
"1510315256","2215162934","1.1494"
"2215162934","1510315256","1.1494"
"1510315256","2218417320","1.44189"
"2218417320","1510315256","1.44189"
"1510315256","2236300343","1.44189"
"2236300343","1510315256","1.44189"
"1510315256","2399664595","0.224793"
"2399664595","1510315256","0.224793"
"1550671309","1646395693","0.231203"
"1646395693","1550671309","0.231203"
"1550671309","2135196620","0.231203"
"2135196620","1550671309","0.231203"
"1550671309","2202020343","0.231203"
"2202020343","1550671309","0.231203"
"1550671309","2218417320","0.231203"
"2218417320","1550671309","0.231203"
"1550671309","2236300343","0.231203"
"2236300343","1550671309","0.231203"
"1646395693","1841473781","0.787924"
"1841473781","1646395693","0.787924"
"1646395693","1903986978","0.14787"
"1903986978","1646395693","0.14787"
"1646395693","1907751946","0.485171"
"1907751946","1646395693","0.485171"
"1646395693","2099296691","0.308126"
"2099296691","1646395693","0.308126"
"1646395693","2101648855","0.14787"
"2101648855","1646395693","0.14787"
"1646395693","2102555944","0.231203"
"2102555944","1646395693","0.231203"
"1646395693","2109580030","0.562094"
"2109580030","1646395693","0.562094"
"1646395693","2135196620","1.47364"
"2135196620","1646395693","1.47364"
"1646395693","2163645740","0.401838"
"2163645740","1646395693","0.401838"
"1646395693","2202020343","1.41967"
"2202020343","1646395693","1.41967"
"1646395693","2205535200","0.231203"
"2205535200","1646395693","0.231203"
"1646395693","2215162934","0.585904"
"2215162934","1646395693","0.585904"
"1646395693","2218417320","1.47364"
"2218417320","1646395693","1.47364"
"1646395693","2236300343","1.47364"
"2236300343","1646395693","1.47364"
"1646395693","2399664595","0.224793"
"2399664595","1646395693","0.224793"
"1841473781","2135196620","1.35142"
"2135196620","1841473781","1.35142"
"1841473781","2202020343","1.24031"
"2202020343","1841473781","1.24031"
"1841473781","2218417320","0.899035"
"2218417320","1841473781","0.899035"
"1841473781","2236300343","0.899035"
"2236300343","1841473781","0.899035"
"1903986978","2135196620","0.14787"
"2135196620","1903986978","0.14787"
"1903986978","2202020343","0.14787"
"2202020343","1903986978","0.14787"
"1903986978","2218417320","0.14787"
"2218417320","1903986978","0.14787"
"1903986978","2236300343","0.14787"
"2236300343","1903986978","0.14787"
"1907751946","2135196620","0.596282"
"2135196620","1907751946","0.596282"
"1907751946","2202020343","0.485171"
"2202020343","1907751946","0.485171"
"1907751946","2218417320","0.596282"
"2218417320","1907751946","0.596282"
"1907751946","2236300343","1.09628"
"2236300343","1907751946","1.09628"
"2099296691","2135196620","0.308126"
"2135196620","2099296691","0.308126"
"2099296691","2202020343","0.308126"
"2202020343","2099296691","0.308126"
"2099296691","2218417320","0.308126"
"2218417320","2099296691","0.308126"
"2099296691","2236300343","0.308126"
"2236300343","2099296691","0.308126"
"2101648855","2135196620","0.14787"
"2135196620","2101648855","0.14787"
"2101648855","2202020343","0.14787"
"2202020343","2101648855","0.14787"
"2101648855","2218417320","0.14787"
"2218417320","2101648855","0.14787"
"2101648855","2236300343","0.14787"
"2236300343","2101648855","0.14787"
"2102555944","2135196620","0.231203"
"2135196620","2102555944","0.231203"
"2102555944","2202020343","0.564536"
"2202020343","2102555944","0.564536"
"2102555944","2218417320","0.231203"
"2218417320","2102555944","0.231203"
"2102555944","2236300343","0.231203"
"2236300343","2102555944","0.231203"
"2109580030","2135196620","1.01448"
"2135196620","2109580030","1.01448"
"2109580030","2202020343","0.871618"
"2202020343","2109580030","0.871618"
"2109580030","2218417320","0.895428"
"2218417320","2109580030","0.895428"
"2109580030","2236300343","0.562094"
"2236300343","2109580030","0.562094"
"2135196620","2163645740","0.401838"
"2163645740","2135196620","0.401838"
"2135196620","2202020343","1.78316"
"2202020343","2135196620","1.78316"
"2135196620","2205535200","0.231203"
"2205535200","2135196620","0.231203"
"2135196620","2215162934","1.1494"
"2215162934","2135196620","1.1494"
"2135196620","2218417320","2.38475"
"2218417320","2135196620","2.38475"
"2135196620","2236300343","1.38475"
"2236300343","2135196620","1.38475"
"2135196620","2399664595","0.224793"
"2399664595","2135196620","0.224793"
"2163645740","2202020343","0.258981"
"2202020343","2163645740","0.258981"
"2163645740","2218417320","0.401838"
"2218417320","2163645740","0.401838"
"2163645740","2236300343","0.401838"
"2236300343","2163645740","0.401838"
"2202020343","2205535200","0.231203"
"2205535200","2202020343","0.231203"
"2202020343","2215162934","1.37162"
"2215162934","2202020343","1.37162"
"2202020343","2218417320","1.33078"
"2218417320","2202020343","1.33078"
"2202020343","2236300343","1.33078"
"2236300343","2202020343","1.33078"
"2202020343","2399664595","0.224793"
"2399664595","2202020343","0.224793"
"2205535200","2218417320","0.231203"
"2218417320","2205535200","0.231203"
"2205535200","2236300343","0.231203"
"2236300343","2205535200","0.231203"
"2215162934","2218417320","0.697015"
"2218417320","2215162934","0.697015"
"2215162934","2236300343","0.697015"
"2236300343","2215162934","0.697015"
"2218417320","2236300343","1.38475"
"2236300343","2218417320","1.38475"
"2218417320","2399664595","0.224793"
"2399664595","2218417320","0.224793"
"2236300343","2399664595","0.224793"
"2399664595","2236300343","0.224793"
"1492792622","955792647","0.0952381"
"955792647","1492792622","0.0952381"
"1504571330","955792647","0.0952381"
"955792647","1504571330","0.0952381"
"1510315256","1931710365","2.04164"
"1931710365","1510315256","2.04164"
"1510315256","955792647","0.735292"
"955792647","1510315256","0.735292"
"1550671309","955792647","0.178571"
"955792647","1550671309","0.178571"
"1646395693","1931710365","1.62101"
"1931710365","1646395693","1.62101"
"1646395693","955792647","0.767039"
"955792647","1646395693","0.767039"
"1841473781","955792647","0.735292"
"955792647","1841473781","0.735292"
"1903986978","955792647","0.0952381"
"955792647","1903986978","0.0952381"
"1907751946","955792647","1.54365"
"955792647","1907751946","1.54365"
"1931710365","2135196620","1.9845"
"2135196620","1931710365","1.9845"
"1931710365","2202020343","2.26386"
"2202020343","1931710365","2.26386"
"1931710365","2218417320","1.86545"
"2218417320","1931710365","1.86545"
"1931710365","2236300343","3.03212"
"2236300343","1931710365","3.03212"
"1931710365","955792647","2.22101"
"955792647","1931710365","2.22101"
"2099296691","955792647","0.931685"
"955792647","2099296691","0.931685"
"2101648855","955792647","1.09524"
"955792647","2101648855","1.09524"
"2102555944","955792647","0.654762"
"955792647","2102555944","0.654762"
"2109580030","955792647","2.73168"
"955792647","2109580030","2.73168"
"2135196620","955792647","0.87815"
"955792647","2135196620","0.87815"
"2163645740","955792647","0.0952381"
"955792647","2163645740","0.0952381"
"2202020343","955792647","1.10037"
"955792647","2202020343","1.10037"
"2205535200","955792647","0.511905"
"955792647","2205535200","0.511905"
"2215162934","955792647","1.67772"
"955792647","2215162934","1.67772"
"2218417320","955792647","1.21148"
"955792647","2218417320","1.21148"
"2236300343","955792647","0.87815"
"955792647","2236300343","0.87815"
"2399664595","955792647","0.315018"
"955792647","2399664595","0.315018"
"1504571330","1526561284","0.166667"
"1526561284","1504571330","0.166667"
"1526561284","1903986978","0.166667"
"1903986978","1526561284","0.166667"
"1526561284","1931710365","0.900433"
"1931710365","1526561284","0.900433"
"1526561284","2102555944","0.309524"
"2102555944","1526561284","0.309524"
"1526561284","2109580030","1.80952"
"2109580030","1526561284","1.80952"
"1526561284","2163645740","1.66667"
"2163645740","1526561284","1.66667"
"1510315256","1937631605","0.24359"
"1937631605","1510315256","0.24359"
"1646395693","1937631605","0.24359"
"1937631605","1646395693","0.24359"
"1841473781","1937631605","0.24359"
"1937631605","1841473781","0.24359"
"1931710365","1937631605","1.14359"
"1937631605","1931710365","1.14359"
"1937631605","2099296691","0.0769231"
"2099296691","1937631605","0.0769231"
"1937631605","2109580030","1.56026"
"2109580030","1937631605","1.56026"
"1937631605","2135196620","0.24359"
"2135196620","1937631605","0.24359"
"1937631605","2202020343","0.24359"
"2202020343","1937631605","0.24359"
"1937631605","2215162934","2.24359"
"2215162934","1937631605","2.24359"
"1937631605","2218417320","0.24359"
"2218417320","1937631605","0.24359"
"1937631605","2236300343","0.24359"
"2236300343","1937631605","0.24359"
"1937631605","2399664595","0.0769231"
"2399664595","1937631605","0.0769231"
"1937631605","955792647","0.74359"
"955792647","1937631605","0.74359"
"1510315256","1526561284","0.0909091"
"1526561284","1510315256","0.0909091"
"1510315256","1929818228","0.459957"
"1929818228","1510315256","0.459957"
"1510315256","979341595","0.0909091"
"979341595","1510315256","0.0909091"
"1526561284","1646395693","0.0909091"
"1646395693","1526561284","0.0909091"
"1526561284","1841473781","0.0909091"
"1841473781","1526561284","0.0909091"
"1526561284","1929818228","0.0909091"
"1929818228","1526561284","0.0909091"
"1526561284","2135196620","0.0909091"
"2135196620","1526561284","0.0909091"
"1526561284","2202020343","0.0909091"
"2202020343","1526561284","0.0909091"
"1526561284","2218417320","0.0909091"
"2218417320","1526561284","0.0909091"
"1526561284","2236300343","0.0909091"
"2236300343","1526561284","0.0909091"
"1526561284","955792647","0.233766"
"955792647","1526561284","0.233766"
"1526561284","979341595","0.0909091"
"979341595","1526561284","0.0909091"
"1646395693","1929818228","0.174242"
"1929818228","1646395693","0.174242"
"1646395693","979341595","0.0909091"
"979341595","1646395693","0.0909091"
"1841473781","1929818228","0.459957"
"1929818228","1841473781","0.459957"
"1841473781","979341595","0.0909091"
"979341595","1841473781","0.0909091"
"1929818228","1931710365","1.15996"
"1931710365","1929818228","1.15996"
"1929818228","2135196620","1.45996"
"2135196620","1929818228","1.45996"
"1929818228","2202020343","0.79329"
"2202020343","1929818228","0.79329"
"1929818228","2218417320","0.174242"
"2218417320","1929818228","0.174242"
"1929818228","2236300343","0.174242"
"2236300343","1929818228","0.174242"
"1929818228","955792647","1.70758"
"955792647","1929818228","1.70758"
"1929818228","979341595","8.12424"
"979341595","1929818228","8.12424"
"1931710365","979341595","0.290909"
"979341595","1931710365","0.290909"
"2135196620","979341595","0.0909091"
"979341595","2135196620","0.0909091"
"2202020343","979341595","0.0909091"
"979341595","2202020343","0.0909091"
"2218417320","979341595","0.0909091"
"979341595","2218417320","0.0909091"
"2236300343","979341595","0.0909091"
"979341595","2236300343","0.0909091"
"955792647","979341595","1.62424"
"979341595","955792647","1.62424"
"1937631605","2102555944","0.583333"
"2102555944","1937631605","0.583333"
"1550671309","1937631605","0.0833333"
"1937631605","1550671309","0.0833333"
"1907751946","1937631605","0.483333"
"1937631605","1907751946","0.483333"
"1929818228","2099296691","1.11667"
"2099296691","1929818228","1.11667"
"1929818228","2205535200","0.0833333"
"2205535200","1929818228","0.0833333"
"1929818228","2215162934","1.56905"
"2215162934","1929818228","1.56905"
"1929818228","2109580030","0.952381"
"2109580030","1929818228","0.952381"
"1526561284","2094504503","0.309524"
"2094504503","1526561284","0.309524"
"1526561284","2205535200","0.166667"
"2205535200","1526561284","0.166667"
"1526561284","2215162934","0.166667"
"2215162934","1526561284","0.166667"
"1931710365","2094504503","1.80952"
"2094504503","1931710365","1.80952"
"2094504503","2109580030","1.80952"
"2109580030","2094504503","1.80952"
"2094504503","2163645740","0.666667"
"2163645740","2094504503","0.666667"
"2094504503","2205535200","0.166667"
"2205535200","2094504503","0.166667"
"2094504503","2215162934","0.5"
"2215162934","2094504503","0.5"
"1526561284","229608226","1"
"229608226","1526561284","1"
"1526561284","2099296691","0.142857"
"2099296691","1526561284","0.142857"
"1526561284","2399664595","0.142857"
"2399664595","1526561284","0.142857"
"2094504503","2099296691","0.142857"
"2099296691","2094504503","0.142857"
"2094504503","2102555944","0.142857"
"2102555944","2094504503","0.142857"
"2094504503","2399664595","0.142857"
"2399664595","2094504503","0.142857"
"2094504503","955792647","1.14286"
"955792647","2094504503","1.14286"
"1937631605","2163645740","0.9"
"2163645740","1937631605","0.9"
"1937631605","2205535200","0.4"
"2205535200","1937631605","0.4"
"1907751946","1929818228","0.5"
"1929818228","1907751946","0.5"
"2099296691","979341595","0.533333"
"979341595","2099296691","0.533333"
"1929818228","2094504503","0.833333"
"2094504503","1929818228","0.833333"
"1929818228","2101648855","0.666667"
"2101648855","1929818228","0.666667"
"2094504503","2202020343","0.333333"
"2202020343","2094504503","0.333333"
"1929818228","2570114201","0.5"
"2570114201","1929818228","0.5"
"2570114201","979341595","0.5"
"979341595","2570114201","0.5"
"2215162934","979341595","0.2"
"979341595","2215162934","0.2"
"2094504503","2101648855","1"
"2101648855","2094504503","1"
"2094504503","979341595","1"
"979341595","2094504503","1"
"2101648855","979341595","1"
"979341595","2101648855","1"
"2109580030","979341595","2"
"979341595","2109580030","2"
"2094504503","2218417320","2"
"2218417320","2094504503","2"
"2109580030","2852146696","1"
"2852146696","2109580030","1"
