"1487711277","1534151391","0.117647"
"1534151391","1487711277","0.117647"
"1487711277","1645312251","0.117647"
"1645312251","1487711277","0.117647"
"1487711277","1662289313","0.117647"
"1662289313","1487711277","0.117647"
"1487711277","1791205675","0.117647"
"1791205675","1487711277","0.117647"
"1487711277","1823703757","0.117647"
"1823703757","1487711277","0.117647"
"1487711277","1890178494","0.117647"
"1890178494","1487711277","0.117647"
"1487711277","1928589355","0.117647"
"1928589355","1487711277","0.117647"
"1487711277","2097805845","0.117647"
"2097805845","1487711277","0.117647"
"1487711277","2101611123","0.117647"
"2101611123","1487711277","0.117647"
"1487711277","2125607514","0.117647"
"2125607514","1487711277","0.117647"
"1487711277","2138479717","0.117647"
"2138479717","1487711277","0.117647"
"1487711277","2143457733","0.117647"
"2143457733","1487711277","0.117647"
"1487711277","2151465856","0.117647"
"2151465856","1487711277","0.117647"
"1487711277","2165140090","0.117647"
"2165140090","1487711277","0.117647"
"1487711277","2295149805","0.117647"
"2295149805","1487711277","0.117647"
"1487711277","948587229","0.117647"
"948587229","1487711277","0.117647"
"1487711277","970313960","0.117647"
"970313960","1487711277","0.117647"
"1534151391","1645312251","1.95432"
"1645312251","1534151391","1.95432"
"1534151391","1662289313","2.51147"
"1662289313","1534151391","2.51147"
"1534151391","1791205675","2.12337"
"1791205675","1534151391","2.12337"
"1534151391","1823703757","1.51147"
"1823703757","1534151391","1.51147"
"1534151391","1890178494","2.32337"
"1890178494","1534151391","2.32337"
"1534151391","1928589355","1.89718"
"1928589355","1534151391","1.89718"
"1534151391","2097805845","1.93766"
"2097805845","1534151391","1.93766"
"1534151391","2101611123","1.98051"
"2101611123","1534151391","1.98051"
"1534151391","2125607514","1.73766"
"2125607514","1534151391","1.73766"
"1534151391","2138479717","1.98051"
"2138479717","1534151391","1.98051"
"1534151391","2143457733","1.93766"
"2143457733","1534151391","1.93766"
"1534151391","2151465856","2.32337"
"2151465856","1534151391","2.32337"
"1534151391","2165140090","0.551576"
"2165140090","1534151391","0.551576"
"1534151391","2295149805","0.446814"
"2295149805","1534151391","0.446814"
"1534151391","948587229","0.684909"
"948587229","1534151391","0.684909"
"1534151391","970313960","1.98051"
"970313960","1534151391","1.98051"
"1645312251","1662289313","4.23693"
"1662289313","1645312251","4.23693"
"1645312251","1791205675","2.63257"
"1791205675","1645312251","2.63257"
"1645312251","1823703757","2.30638"
"1823703757","1645312251","2.30638"
"1645312251","1890178494","4.05479"
"1890178494","1645312251","4.05479"
"1645312251","1928589355","3.6286"
"1928589355","1645312251","3.6286"
"1645312251","2097805845","3.86388"
"2097805845","1645312251","3.86388"
"1645312251","2101611123","3.83693"
"2101611123","1645312251","3.83693"
"1645312251","2125607514","3.75479"
"2125607514","1645312251","3.75479"
"1645312251","2138479717","3.71193"
"2138479717","1645312251","3.71193"
"1645312251","2143457733","4.57222"
"2143457733","1645312251","4.57222"
"1645312251","2151465856","4.17979"
"2151465856","1645312251","4.17979"
"1645312251","2165140090","0.873004"
"2165140090","1645312251","0.873004"
"1645312251","2295149805","0.446814"
"2295149805","1645312251","0.446814"
"1645312251","948587229","1.33967"
"948587229","1645312251","1.33967"
"1645312251","970313960","2.48971"
"970313960","1645312251","2.48971"
"1662289313","1791205675","6.21677"
"1791205675","1662289313","6.21677"
"1662289313","1823703757","6.13344"
"1823703757","1662289313","6.13344"
"1662289313","1890178494","8.65447"
"1890178494","1662289313","8.65447"
"1662289313","1928589355","10.3402"
"1928589355","1662289313","10.3402"
"1662289313","2097805845","8.66356"
"2097805845","1662289313","8.66356"
"1662289313","2101611123","10.8318"
"2101611123","1662289313","10.8318"
"1662289313","2125607514","10.8497"
"2125607514","1662289313","10.8497"
"1662289313","2138479717","8.75447"
"2138479717","1662289313","8.75447"
"1662289313","2143457733","13.4909"
"2143457733","1662289313","13.4909"
"1662289313","2151465856","13.5223"
"2151465856","1662289313","13.5223"
"1662289313","2165140090","0.773004"
"2165140090","1662289313","0.773004"
"1662289313","2295149805","0.446814"
"2295149805","1662289313","0.446814"
"1662289313","948587229","1.23967"
"948587229","1662289313","1.23967"
"1662289313","970313960","6.21677"
"970313960","1662289313","6.21677"
"1791205675","1823703757","6.21677"
"1823703757","1791205675","6.21677"
"1791205675","1890178494","5.25844"
"1890178494","1791205675","5.25844"
"1791205675","1928589355","6.23582"
"1928589355","1791205675","6.23582"
"1791205675","2097805845","4.88181"
"2097805845","1791205675","4.88181"
"1791205675","2101611123","6.54296"
"2101611123","1791205675","6.54296"
"1791205675","2125607514","6.31796"
"2125607514","1791205675","6.31796"
"1791205675","2138479717","5.21558"
"2138479717","1791205675","5.21558"
"1791205675","2143457733","6.04253"
"2143457733","1791205675","6.04253"
"1791205675","2151465856","6.68582"
"2151465856","1791205675","6.68582"
"1791205675","2165140090","0.623004"
"2165140090","1791205675","0.623004"
"1791205675","2295149805","0.446814"
"2295149805","1791205675","0.446814"
"1791205675","948587229","0.756338"
"948587229","1791205675","0.756338"
"1791205675","970313960","6.68582"
"970313960","1791205675","6.68582"
"1823703757","1890178494","4.64653"
"1890178494","1823703757","4.64653"
"1823703757","1928589355","5.76677"
"1928589355","1823703757","5.76677"
"1823703757","2097805845","4.65562"
"2097805845","1823703757","4.65562"
"1823703757","2101611123","6.07391"
"2101611123","1823703757","6.07391"
"1823703757","2125607514","6.09177"
"2125607514","1823703757","6.09177"
"1823703757","2138479717","4.74653"
"2138479717","1823703757","4.74653"
"1823703757","2143457733","5.81634"
"2143457733","1823703757","5.81634"
"1823703757","2151465856","6.07391"
"2151465856","1823703757","6.07391"
"1823703757","2165140090","0.523004"
"2165140090","1823703757","0.523004"
"1823703757","2295149805","0.446814"
"2295149805","1823703757","0.446814"
"1823703757","948587229","0.656338"
"948587229","1823703757","0.656338"
"1823703757","970313960","6.21677"
"970313960","1823703757","6.21677"
"1890178494","1928589355","8.57232"
"1928589355","1890178494","8.57232"
"1890178494","2097805845","8.98975"
"2097805845","1890178494","8.98975"
"1890178494","2101611123","9.12352"
"2101611123","1890178494","9.12352"
"1890178494","2125607514","9.88066"
"2125607514","1890178494","9.88066"
"1890178494","2138479717","9.12352"
"2138479717","1890178494","9.12352"
"1890178494","2143457733","8.98975"
"2143457733","1890178494","8.98975"
"1890178494","2151465856","9.32351"
"2151465856","1890178494","9.32351"
"1890178494","2165140090","0.623004"
"2165140090","1890178494","0.623004"
"1890178494","2295149805","0.446814"
"2295149805","1890178494","0.446814"
"1890178494","948587229","0.756338"
"948587229","1890178494","0.756338"
"1890178494","970313960","5.11558"
"970313960","1890178494","5.11558"
"1928589355","2097805845","8.1957"
"2097805845","1928589355","8.1957"
"1928589355","2101611123","9.83304"
"2101611123","1928589355","9.83304"
"1928589355","2125607514","9.46518"
"2125607514","1928589355","9.46518"
"1928589355","2138479717","8.67232"
"2138479717","1928589355","8.67232"
"1928589355","2143457733","9.68975"
"2143457733","1928589355","9.68975"
"1928589355","2151465856","10.5235"
"2151465856","1928589355","10.5235"
"1928589355","2165140090","0.623004"
"2165140090","1928589355","0.623004"
"1928589355","2295149805","0.446814"
"2295149805","1928589355","0.446814"
"1928589355","948587229","0.756338"
"948587229","1928589355","0.756338"
"1928589355","970313960","6.23582"
"970313960","1928589355","6.23582"
"2097805845","2101611123","8.74689"
"2101611123","2097805845","8.74689"
"2097805845","2125607514","8.88975"
"2125607514","2097805845","8.88975"
"2097805845","2138479717","8.74689"
"2138479717","2097805845","8.74689"
"2097805845","2143457733","8.99884"
"2143457733","2097805845","8.99884"
"2097805845","2151465856","8.94689"
"2151465856","2097805845","8.94689"
"2097805845","2165140090","0.523004"
"2165140090","2097805845","0.523004"
"2097805845","2295149805","0.446814"
"2295149805","2097805845","0.446814"
"2097805845","948587229","0.656338"
"948587229","2097805845","0.656338"
"2097805845","970313960","4.73896"
"970313960","2097805845","4.73896"
"2101611123","2125607514","10.7902"
"2125607514","2101611123","10.7902"
"2101611123","2138479717","9.22351"
"2138479717","2101611123","9.22351"
"2101611123","2143457733","10.5147"
"2143457733","2101611123","10.5147"
"2101611123","2151465856","11.0152"
"2151465856","2101611123","11.0152"
"2101611123","2165140090","0.623004"
"2165140090","2101611123","0.623004"
"2101611123","2295149805","0.446814"
"2295149805","2101611123","0.446814"
"2101611123","948587229","0.756338"
"948587229","2101611123","0.756338"
"2101611123","970313960","6.54296"
"970313960","2101611123","6.54296"
"2125607514","2138479717","8.8378"
"2138479717","2125607514","8.8378"
"2125607514","2143457733","10.6755"
"2143457733","2125607514","10.6755"
"2125607514","2151465856","10.7902"
"2151465856","2125607514","10.7902"
"2125607514","2165140090","0.523004"
"2165140090","2125607514","0.523004"
"2125607514","2295149805","0.446814"
"2295149805","2125607514","0.446814"
"2125607514","948587229","0.656338"
"948587229","2125607514","0.656338"
"2125607514","970313960","6.1751"
"970313960","2125607514","6.1751"
"2138479717","2143457733","8.74689"
"2143457733","2138479717","8.74689"
"2138479717","2151465856","9.08066"
"2151465856","2138479717","9.08066"
"2138479717","2165140090","0.623004"
"2165140090","2138479717","0.623004"
"2138479717","2295149805","0.446814"
"2295149805","2138479717","0.446814"
"2138479717","948587229","0.756338"
"948587229","2138479717","0.756338"
"2138479717","970313960","5.21558"
"970313960","2138479717","5.21558"
"2143457733","2151465856","12.0481"
"2151465856","2143457733","12.0481"
"2143457733","2165140090","0.773004"
"2165140090","2143457733","0.773004"
"2143457733","2295149805","0.446814"
"2295149805","2143457733","0.446814"
"2143457733","948587229","1.23967"
"948587229","2143457733","1.23967"
"2143457733","970313960","5.89967"
"970313960","2143457733","5.89967"
"2151465856","2165140090","0.623004"
"2165140090","2151465856","0.623004"
"2151465856","2295149805","0.446814"
"2295149805","2151465856","0.446814"
"2151465856","948587229","0.756338"
"948587229","2151465856","0.756338"
"2151465856","970313960","6.54296"
"970313960","2151465856","6.54296"
"2165140090","2295149805","0.246814"
"2295149805","2165140090","0.246814"
"2165140090","948587229","0.734909"
"948587229","2165140090","0.734909"
"2165140090","970313960","0.623004"
"970313960","2165140090","0.623004"
"2295149805","948587229","0.380147"
"948587229","2295149805","0.380147"
"2295149805","970313960","0.446814"
"970313960","2295149805","0.446814"
"948587229","970313960","0.756338"
"970313960","948587229","0.756338"
