"1516526996","2078212354","2.16667"
"2078212354","1516526996","2.16667"
"1516526996","2149545836","1.25556"
"2149545836","1516526996","1.25556"
"2078212354","2149545836","10.8524"
"2149545836","2078212354","10.8524"
"1516526996","2123779242","1.08889"
"2123779242","1516526996","1.08889"
"2078212354","2123779242","7.99286"
"2123779242","2078212354","7.99286"
"1516526996","2022542865","2.19167"
"2022542865","1516526996","2.19167"
"1516526996","2100761657","0.125"
"2100761657","1516526996","0.125"
"1516526996","2125678004","0.380556"
"2125678004","1516526996","0.380556"
"1516526996","2132768130","0.913889"
"2132768130","1516526996","0.913889"
"1516526996","2165157425","1.325"
"2165157425","1516526996","1.325"
"1516526996","2236011587","0.180556"
"2236011587","1516526996","0.180556"
"1516526996","2421389337","0.325"
"2421389337","1516526996","0.325"
"1516526996","889496518","0.380556"
"889496518","1516526996","0.380556"
"2022542865","2100761657","2.51786"
"2100761657","2022542865","2.51786"
"2022542865","2125678004","2.99167"
"2125678004","2022542865","2.99167"
"2022542865","2132768130","11.9012"
"2132768130","2022542865","11.9012"
"2022542865","2165157425","15.075"
"2165157425","2022542865","15.075"
"2022542865","2236011587","3.375"
"2236011587","2022542865","3.375"
"2022542865","2421389337","2.65833"
"2421389337","2022542865","2.65833"
"2022542865","889496518","8.65833"
"889496518","2022542865","8.65833"
"2100761657","2125678004","0.791667"
"2125678004","2100761657","0.791667"
"2100761657","2132768130","1.41071"
"2132768130","2100761657","1.41071"
"2100761657","2165157425","7.40833"
"2165157425","2100761657","7.40833"
"2100761657","2236011587","2.075"
"2236011587","2100761657","2.075"
"2100761657","2421389337","0.125"
"2421389337","2100761657","0.125"
"2100761657","889496518","0.791667"
"889496518","2100761657","0.791667"
"2125678004","2132768130","0.380556"
"2132768130","2125678004","0.380556"
"2125678004","2165157425","1.65833"
"2165157425","2125678004","1.65833"
"2125678004","2236011587","1.34722"
"2236011587","2125678004","1.34722"
"2125678004","2421389337","2.125"
"2421389337","2125678004","2.125"
"2125678004","889496518","0.380556"
"889496518","2125678004","0.380556"
"2132768130","2165157425","4.825"
"2165157425","2132768130","4.825"
"2132768130","2236011587","1.18056"
"2236011587","2132768130","1.18056"
"2132768130","2421389337","0.825"
"2421389337","2132768130","0.825"
"2132768130","889496518","4.38056"
"889496518","2132768130","4.38056"
"2165157425","2236011587","6.90833"
"2236011587","2165157425","6.90833"
"2165157425","2421389337","0.125"
"2421389337","2165157425","0.125"
"2165157425","889496518","5.15833"
"889496518","2165157425","5.15833"
"2236011587","2421389337","1.125"
"2421389337","2236011587","1.125"
"2236011587","889496518","2.51389"
"889496518","2236011587","2.51389"
"2421389337","889496518","0.125"
"889496518","2421389337","0.125"
"2022542865","2078212354","6.67619"
"2078212354","2022542865","6.67619"
"2078212354","2132768130","5.18571"
"2132768130","2078212354","5.18571"
"1516526996","1950199196","0.0555556"
"1950199196","1516526996","0.0555556"
"1516526996","1987480024","0.0555556"
"1987480024","1516526996","0.0555556"
"1516526996","2037963635","0.0555556"
"2037963635","1516526996","0.0555556"
"1516526996","2050940312","0.0555556"
"2050940312","1516526996","0.0555556"
"1516526996","2066513365","0.0555556"
"2066513365","1516526996","0.0555556"
"1516526996","2107056341","0.0555556"
"2107056341","1516526996","0.0555556"
"1516526996","2109642764","0.0555556"
"2109642764","1516526996","0.0555556"
"1516526996","2162379889","0.0555556"
"2162379889","1516526996","0.0555556"
"1516526996","2209014286","0.0555556"
"2209014286","1516526996","0.0555556"
"1516526996","2341808083","0.0555556"
"2341808083","1516526996","0.0555556"
"1516526996","2576295605","0.0555556"
"2576295605","1516526996","0.0555556"
"1516526996","2616666333","0.0555556"
"2616666333","1516526996","0.0555556"
"1950199196","1987480024","0.0555556"
"1987480024","1950199196","0.0555556"
"1950199196","2037963635","2.05556"
"2037963635","1950199196","2.05556"
"1950199196","2050940312","0.0555556"
"2050940312","1950199196","0.0555556"
"1950199196","2066513365","0.0555556"
"2066513365","1950199196","0.0555556"
"1950199196","2107056341","0.0555556"
"2107056341","1950199196","0.0555556"
"1950199196","2109642764","0.0555556"
"2109642764","1950199196","0.0555556"
"1950199196","2123779242","0.0555556"
"2123779242","1950199196","0.0555556"
"1950199196","2125678004","0.0555556"
"2125678004","1950199196","0.0555556"
"1950199196","2132768130","0.0555556"
"2132768130","1950199196","0.0555556"
"1950199196","2149545836","0.0555556"
"2149545836","1950199196","0.0555556"
"1950199196","2162379889","0.0555556"
"2162379889","1950199196","0.0555556"
"1950199196","2209014286","0.0555556"
"2209014286","1950199196","0.0555556"
"1950199196","2236011587","0.0555556"
"2236011587","1950199196","0.0555556"
"1950199196","2341808083","0.0555556"
"2341808083","1950199196","0.0555556"
"1950199196","2576295605","0.0555556"
"2576295605","1950199196","0.0555556"
"1950199196","2616666333","0.0555556"
"2616666333","1950199196","0.0555556"
"1950199196","889496518","0.0555556"
"889496518","1950199196","0.0555556"
"1987480024","2037963635","0.0555556"
"2037963635","1987480024","0.0555556"
"1987480024","2050940312","0.0555556"
"2050940312","1987480024","0.0555556"
"1987480024","2066513365","0.0555556"
"2066513365","1987480024","0.0555556"
"1987480024","2107056341","2.05556"
"2107056341","1987480024","2.05556"
"1987480024","2109642764","0.0555556"
"2109642764","1987480024","0.0555556"
"1987480024","2123779242","0.0555556"
"2123779242","1987480024","0.0555556"
"1987480024","2125678004","0.0555556"
"2125678004","1987480024","0.0555556"
"1987480024","2132768130","0.0555556"
"2132768130","1987480024","0.0555556"
"1987480024","2149545836","0.0555556"
"2149545836","1987480024","0.0555556"
"1987480024","2162379889","0.0555556"
"2162379889","1987480024","0.0555556"
"1987480024","2209014286","0.0555556"
"2209014286","1987480024","0.0555556"
"1987480024","2236011587","0.0555556"
"2236011587","1987480024","0.0555556"
"1987480024","2341808083","0.0555556"
"2341808083","1987480024","0.0555556"
"1987480024","2576295605","0.0555556"
"2576295605","1987480024","0.0555556"
"1987480024","2616666333","0.0555556"
"2616666333","1987480024","0.0555556"
"1987480024","889496518","0.0555556"
"889496518","1987480024","0.0555556"
"2037963635","2050940312","0.0555556"
"2050940312","2037963635","0.0555556"
"2037963635","2066513365","0.0555556"
"2066513365","2037963635","0.0555556"
"2037963635","2107056341","0.0555556"
"2107056341","2037963635","0.0555556"
"2037963635","2109642764","0.0555556"
"2109642764","2037963635","0.0555556"
"2037963635","2123779242","0.0555556"
"2123779242","2037963635","0.0555556"
"2037963635","2125678004","0.0555556"
"2125678004","2037963635","0.0555556"
"2037963635","2132768130","0.0555556"
"2132768130","2037963635","0.0555556"
"2037963635","2149545836","0.0555556"
"2149545836","2037963635","0.0555556"
"2037963635","2162379889","0.0555556"
"2162379889","2037963635","0.0555556"
"2037963635","2209014286","0.0555556"
"2209014286","2037963635","0.0555556"
"2037963635","2236011587","0.0555556"
"2236011587","2037963635","0.0555556"
"2037963635","2341808083","0.0555556"
"2341808083","2037963635","0.0555556"
"2037963635","2576295605","0.555556"
"2576295605","2037963635","0.555556"
"2037963635","2616666333","0.0555556"
"2616666333","2037963635","0.0555556"
"2037963635","889496518","0.0555556"
"889496518","2037963635","0.0555556"
"2050940312","2066513365","0.0555556"
"2066513365","2050940312","0.0555556"
"2050940312","2107056341","0.0555556"
"2107056341","2050940312","0.0555556"
"2050940312","2109642764","0.0555556"
"2109642764","2050940312","0.0555556"
"2050940312","2123779242","0.0555556"
"2123779242","2050940312","0.0555556"
"2050940312","2125678004","0.0555556"
"2125678004","2050940312","0.0555556"
"2050940312","2132768130","0.0555556"
"2132768130","2050940312","0.0555556"
"2050940312","2149545836","0.0555556"
"2149545836","2050940312","0.0555556"
"2050940312","2162379889","0.0555556"
"2162379889","2050940312","0.0555556"
"2050940312","2209014286","0.0555556"
"2209014286","2050940312","0.0555556"
"2050940312","2236011587","0.0555556"
"2236011587","2050940312","0.0555556"
"2050940312","2341808083","0.0555556"
"2341808083","2050940312","0.0555556"
"2050940312","2576295605","0.0555556"
"2576295605","2050940312","0.0555556"
"2050940312","2616666333","0.0555556"
"2616666333","2050940312","0.0555556"
"2050940312","889496518","0.0555556"
"889496518","2050940312","0.0555556"
"2066513365","2107056341","0.0555556"
"2107056341","2066513365","0.0555556"
"2066513365","2109642764","0.0555556"
"2109642764","2066513365","0.0555556"
"2066513365","2123779242","0.0555556"
"2123779242","2066513365","0.0555556"
"2066513365","2125678004","0.0555556"
"2125678004","2066513365","0.0555556"
"2066513365","2132768130","0.0555556"
"2132768130","2066513365","0.0555556"
"2066513365","2149545836","0.0555556"
"2149545836","2066513365","0.0555556"
"2066513365","2162379889","0.0555556"
"2162379889","2066513365","0.0555556"
"2066513365","2209014286","0.0555556"
"2209014286","2066513365","0.0555556"
"2066513365","2236011587","0.0555556"
"2236011587","2066513365","0.0555556"
"2066513365","2341808083","0.0555556"
"2341808083","2066513365","0.0555556"
"2066513365","2576295605","0.0555556"
"2576295605","2066513365","0.0555556"
"2066513365","2616666333","0.0555556"
"2616666333","2066513365","0.0555556"
"2066513365","889496518","0.0555556"
"889496518","2066513365","0.0555556"
"2107056341","2109642764","0.0555556"
"2109642764","2107056341","0.0555556"
"2107056341","2123779242","0.0555556"
"2123779242","2107056341","0.0555556"
"2107056341","2125678004","0.0555556"
"2125678004","2107056341","0.0555556"
"2107056341","2132768130","0.0555556"
"2132768130","2107056341","0.0555556"
"2107056341","2149545836","0.388889"
"2149545836","2107056341","0.388889"
"2107056341","2162379889","0.0555556"
"2162379889","2107056341","0.0555556"
"2107056341","2209014286","0.0555556"
"2209014286","2107056341","0.0555556"
"2107056341","2236011587","0.0555556"
"2236011587","2107056341","0.0555556"
"2107056341","2341808083","0.0555556"
"2341808083","2107056341","0.0555556"
"2107056341","2576295605","0.0555556"
"2576295605","2107056341","0.0555556"
"2107056341","2616666333","0.0555556"
"2616666333","2107056341","0.0555556"
"2107056341","889496518","0.0555556"
"889496518","2107056341","0.0555556"
"2109642764","2123779242","0.255556"
"2123779242","2109642764","0.255556"
"2109642764","2125678004","0.0555556"
"2125678004","2109642764","0.0555556"
"2109642764","2132768130","0.54127"
"2132768130","2109642764","0.54127"
"2109642764","2149545836","1.04127"
"2149545836","2109642764","1.04127"
"2109642764","2162379889","0.198413"
"2162379889","2109642764","0.198413"
"2109642764","2209014286","0.0555556"
"2209014286","2109642764","0.0555556"
"2109642764","2236011587","0.305556"
"2236011587","2109642764","0.305556"
"2109642764","2341808083","0.0555556"
"2341808083","2109642764","0.0555556"
"2109642764","2576295605","0.0555556"
"2576295605","2109642764","0.0555556"
"2109642764","2616666333","0.0555556"
"2616666333","2109642764","0.0555556"
"2109642764","889496518","0.0555556"
"889496518","2109642764","0.0555556"
"2123779242","2125678004","2.05556"
"2125678004","2123779242","2.05556"
"2123779242","2132768130","9.71508"
"2132768130","2123779242","9.71508"
"2123779242","2149545836","9.91508"
"2149545836","2123779242","9.91508"
"2123779242","2162379889","1.93175"
"2162379889","2123779242","1.93175"
"2123779242","2209014286","0.0555556"
"2209014286","2123779242","0.0555556"
"2123779242","2236011587","0.255556"
"2236011587","2123779242","0.255556"
"2123779242","2341808083","0.0555556"
"2341808083","2123779242","0.0555556"
"2123779242","2576295605","0.0555556"
"2576295605","2123779242","0.0555556"
"2123779242","2616666333","0.0555556"
"2616666333","2123779242","0.0555556"
"2123779242","889496518","3.88889"
"889496518","2123779242","3.88889"
"2125678004","2149545836","0.0555556"
"2149545836","2125678004","0.0555556"
"2125678004","2162379889","0.0555556"
"2162379889","2125678004","0.0555556"
"2125678004","2209014286","0.0555556"
"2209014286","2125678004","0.0555556"
"2125678004","2341808083","0.0555556"
"2341808083","2125678004","0.0555556"
"2125678004","2576295605","0.0555556"
"2576295605","2125678004","0.0555556"
"2125678004","2616666333","0.555556"
"2616666333","2125678004","0.555556"
"2132768130","2149545836","16.3341"
"2149545836","2132768130","16.3341"
"2132768130","2162379889","4.1246"
"2162379889","2132768130","4.1246"
"2132768130","2209014286","0.0555556"
"2209014286","2132768130","0.0555556"
"2132768130","2341808083","0.0555556"
"2341808083","2132768130","0.0555556"
"2132768130","2576295605","0.0555556"
"2576295605","2132768130","0.0555556"
"2132768130","2616666333","0.555556"
"2616666333","2132768130","0.555556"
"2149545836","2162379889","7.3746"
"2162379889","2149545836","7.3746"
"2149545836","2209014286","0.0555556"
"2209014286","2149545836","0.0555556"
"2149545836","2236011587","2.38889"
"2236011587","2149545836","2.38889"
"2149545836","2341808083","0.0555556"
"2341808083","2149545836","0.0555556"
"2149545836","2576295605","0.0555556"
"2576295605","2149545836","0.0555556"
"2149545836","2616666333","0.388889"
"2616666333","2149545836","0.388889"
"2149545836","889496518","1.72222"
"889496518","2149545836","1.72222"
"2162379889","2209014286","0.0555556"
"2209014286","2162379889","0.0555556"
"2162379889","2236011587","0.255556"
"2236011587","2162379889","0.255556"
"2162379889","2341808083","0.0555556"
"2341808083","2162379889","0.0555556"
"2162379889","2576295605","0.0555556"
"2576295605","2162379889","0.0555556"
"2162379889","2616666333","0.0555556"
"2616666333","2162379889","0.0555556"
"2162379889","889496518","0.722222"
"889496518","2162379889","0.722222"
"2209014286","2236011587","0.0555556"
"2236011587","2209014286","0.0555556"
"2209014286","2341808083","1.05556"
"2341808083","2209014286","1.05556"
"2209014286","2576295605","0.0555556"
"2576295605","2209014286","0.0555556"
"2209014286","2616666333","0.0555556"
"2616666333","2209014286","0.0555556"
"2209014286","889496518","0.0555556"
"889496518","2209014286","0.0555556"
"2236011587","2341808083","0.0555556"
"2341808083","2236011587","0.0555556"
"2236011587","2576295605","0.0555556"
"2576295605","2236011587","0.0555556"
"2236011587","2616666333","3.88889"
"2616666333","2236011587","3.88889"
"2341808083","2576295605","1.05556"
"2576295605","2341808083","1.05556"
"2341808083","2616666333","0.0555556"
"2616666333","2341808083","0.0555556"
"2341808083","889496518","0.0555556"
"889496518","2341808083","0.0555556"
"2576295605","2616666333","0.0555556"
"2616666333","2576295605","0.0555556"
"2576295605","889496518","0.0555556"
"889496518","2576295605","0.0555556"
"2616666333","889496518","2.05556"
"889496518","2616666333","2.05556"
"2022542865","2123779242","8.20952"
"2123779242","2022542865","8.20952"
"2022542865","2149545836","7.04286"
"2149545836","2022542865","7.04286"
"2123779242","2421389337","0.2"
"2421389337","2123779242","0.2"
"2149545836","2421389337","2.2"
"2421389337","2149545836","2.2"
"1560221996","2097583584","0.833333"
"2097583584","1560221996","0.833333"
"1560221996","2132768130","0.333333"
"2132768130","1560221996","0.333333"
"1560221996","2149545836","1.53333"
"2149545836","1560221996","1.53333"
"2097583584","2132768130","0.47619"
"2132768130","2097583584","0.47619"
"2097583584","2149545836","1.30952"
"2149545836","2097583584","1.30952"
"1560221996","2161195135","2"
"2161195135","1560221996","2"
"1560221996","2049359028","1.2"
"2049359028","1560221996","1.2"
"1560221996","2107885921","0.2"
"2107885921","1560221996","0.2"
"1560221996","2107927452","0.2"
"2107927452","1560221996","0.2"
"1560221996","2132678785","0.2"
"2132678785","1560221996","0.2"
"2049359028","2107885921","0.533333"
"2107885921","2049359028","0.533333"
"2049359028","2107927452","18.5667"
"2107927452","2049359028","18.5667"
"2049359028","2132678785","7.38333"
"2132678785","2049359028","7.38333"
"2049359028","2149545836","0.4"
"2149545836","2049359028","0.4"
"2107885921","2107927452","4.15"
"2107927452","2107885921","4.15"
"2107885921","2132678785","9.45952"
"2132678785","2107885921","9.45952"
"2107885921","2149545836","0.342857"
"2149545836","2107885921","0.342857"
"2107927452","2132678785","78.8929"
"2132678785","2107927452","78.8929"
"2107927452","2149545836","3.59286"
"2149545836","2107927452","3.59286"
"2132678785","2149545836","2.98571"
"2149545836","2132678785","2.98571"
"1560221996","2123779242","0.5"
"2123779242","1560221996","0.5"
"1968868556","2163882872","2.9"
"2163882872","1968868556","2.9"
"1968868556","1979005794","2.75"
"1979005794","1968868556","2.75"
"1968868556","2107927452","12.9833"
"2107927452","1968868556","12.9833"
"1968868556","2108405327","0.65"
"2108405327","1968868556","0.65"
"1968868556","2132678785","4.14286"
"2132678785","1968868556","4.14286"
"1979005794","2107927452","123.276"
"2107927452","1979005794","123.276"
"1979005794","2108405327","0.95"
"2108405327","1979005794","0.95"
"1979005794","2132678785","61.5262"
"2132678785","1979005794","61.5262"
"2107927452","2108405327","0.85"
"2108405327","2107927452","0.85"
"2108405327","2132678785","0.95"
"2132678785","2108405327","0.95"
"1968868556","1984237017","0.75"
"1984237017","1968868556","0.75"
"1984237017","2132678785","2.7"
"2132678785","1984237017","2.7"
"1968868556","2049359028","0.733333"
"2049359028","1968868556","0.733333"
"1968868556","2132768130","0.47619"
"2132768130","1968868556","0.47619"
"2049359028","2132768130","1.28333"
"2132768130","2049359028","1.28333"
"2107927452","2132768130","3.75952"
"2132768130","2107927452","3.75952"
"1968868556","2078212354","0.142857"
"2078212354","1968868556","0.142857"
"1968868556","2107885921","0.392857"
"2107885921","1968868556","0.392857"
"1968868556","2109642764","2.04286"
"2109642764","1968868556","2.04286"
"1968868556","2149545836","0.392857"
"2149545836","1968868556","0.392857"
"1968868556","2162379889","0.142857"
"2162379889","1968868556","0.142857"
"2078212354","2107885921","0.142857"
"2107885921","2078212354","0.142857"
"2078212354","2109642764","0.142857"
"2109642764","2078212354","0.142857"
"2078212354","2132678785","1.47619"
"2132678785","2078212354","1.47619"
"2078212354","2162379889","4.01905"
"2162379889","2078212354","4.01905"
"2107885921","2109642764","0.142857"
"2109642764","2107885921","0.142857"
"2107885921","2132768130","0.142857"
"2132768130","2107885921","0.142857"
"2107885921","2162379889","0.142857"
"2162379889","2107885921","0.142857"
"2109642764","2132678785","4.48571"
"2132678785","2109642764","4.48571"
"2132678785","2132768130","0.952381"
"2132768130","2132678785","0.952381"
"2132678785","2162379889","2.14286"
"2162379889","2132678785","2.14286"
"2107927452","2109642764","4.44286"
"2109642764","2107927452","4.44286"
"1979005794","1984237017","1.78333"
"1984237017","1979005794","1.78333"
"1979005794","2149545836","3.42619"
"2149545836","1979005794","3.42619"
"1984237017","2107927452","6.86667"
"2107927452","1984237017","6.86667"
"1984237017","2149545836","2.08333"
"2149545836","1984237017","2.08333"
"1979005794","2107885921","3.95"
"2107885921","1979005794","3.95"
"2049359028","2108405327","0.6"
"2108405327","2049359028","0.6"
"2049359028","2109642764","3"
"2109642764","2049359028","3"
"2049359028","2163882872","2.5"
"2163882872","2049359028","2.5"
"2107927452","2163882872","22.8667"
"2163882872","2107927452","22.8667"
"2108405327","2109642764","0.4"
"2109642764","2108405327","0.4"
"2108405327","2163882872","0.6"
"2163882872","2108405327","0.6"
"2109642764","2163882872","1.1"
"2163882872","2109642764","1.1"
"1968868556","2022542865","0.5"
"2022542865","1968868556","0.5"
"2022542865","2107927452","2.53333"
"2107927452","2022542865","2.53333"
"1968868556","2165157425","1"
"2165157425","1968868556","1"
"1968868556","1988287322","0.5"
"1988287322","1968868556","0.5"
"1968868556","889496518","0.5"
"889496518","1968868556","0.5"
"1988287322","889496518","0.5"
"889496518","1988287322","0.5"
"1974753421","1979005794","0.666667"
"1979005794","1974753421","0.666667"
"1974753421","1988287322","0.333333"
"1988287322","1974753421","0.333333"
"1974753421","2163882872","0.333333"
"2163882872","1974753421","0.333333"
"1979005794","1988287322","2.53333"
"1988287322","1979005794","2.53333"
"1979005794","2163882872","22.2167"
"2163882872","1979005794","22.2167"
"1988287322","2163882872","1.03333"
"2163882872","1988287322","1.03333"
"1974753421","2151700547","1"
"2151700547","1974753421","1"
"1974753421","2131103246","3"
"2131103246","1974753421","3"
"1974753421","2037963635","2.5"
"2037963635","1974753421","2.5"
"1974753421","2107927452","0.333333"
"2107927452","1974753421","0.333333"
"1974753421","2165157425","0.333333"
"2165157425","1974753421","0.333333"
"1979005794","2165157425","2.33333"
"2165157425","1979005794","2.33333"
"2107927452","2165157425","1.16667"
"2165157425","2107927452","1.16667"
"1974753421","2576295605","0.5"
"2576295605","1974753421","0.5"
"1974753421","2037403365","0.333333"
"2037403365","1974753421","0.333333"
"1974753421","2050940312","0.333333"
"2050940312","1974753421","0.333333"
"1974753421","2126840151","0.333333"
"2126840151","1974753421","0.333333"
"2037403365","2050940312","0.333333"
"2050940312","2037403365","0.333333"
"2037403365","2126840151","0.333333"
"2126840151","2037403365","0.333333"
"2050940312","2126840151","6.16667"
"2126840151","2050940312","6.16667"
"2132678785","2163882872","12.8833"
"2163882872","2132678785","12.8833"
"1979005794","2056789511","1"
"2056789511","1979005794","1"
"2056789511","2107927452","2"
"2107927452","2056789511","2"
"1979005794","2132768130","1.39286"
"2132768130","1979005794","1.39286"
"1979005794","2049359028","9.05"
"2049359028","1979005794","9.05"
"1988287322","2049359028","0.2"
"2049359028","1988287322","0.2"
"1988287322","2107927452","4.2"
"2107927452","1988287322","4.2"
"1988287322","2132678785","3.53333"
"2132678785","1988287322","3.53333"
"1979005794","2097583584","3.47619"
"2097583584","1979005794","3.47619"
"1979005794","2109642764","4.20952"
"2109642764","1979005794","4.20952"
"2097583584","2109642764","0.809524"
"2109642764","2097583584","0.809524"
"2097583584","2132678785","2.47619"
"2132678785","2097583584","2.47619"
"1979005794","2123779242","0.45"
"2123779242","1979005794","0.45"
"1979005794","2161195135","0.783333"
"2161195135","1979005794","0.783333"
"2049359028","2123779242","0.533333"
"2123779242","2049359028","0.533333"
"2049359028","2161195135","0.4"
"2161195135","2049359028","0.4"
"2109642764","2161195135","0.9"
"2161195135","2109642764","0.9"
"2123779242","2161195135","3.28333"
"2161195135","2123779242","3.28333"
"2149545836","2161195135","7.78333"
"2161195135","2149545836","7.78333"
"1979005794","2104536218","2.5"
"2104536218","1979005794","2.5"
"2104536218","2132678785","0.5"
"2132678785","2104536218","0.5"
"1979005794","2006691510","0.833333"
"2006691510","1979005794","0.833333"
"2006691510","2107927452","1.33333"
"2107927452","2006691510","1.33333"
"2006691510","2132678785","1.16667"
"2132678785","2006691510","1.16667"
"2107885921","2163882872","0.7"
"2163882872","2107885921","0.7"
"1979005794","2116950384","1"
"2116950384","1979005794","1"
"1979005794","2100761657","0.142857"
"2100761657","1979005794","0.142857"
"2097583584","2100761657","0.142857"
"2100761657","2097583584","0.142857"
"2097583584","2107927452","6.30952"
"2107927452","2097583584","6.30952"
"2100761657","2107927452","0.142857"
"2107927452","2100761657","0.142857"
"2100761657","2109642764","0.392857"
"2109642764","2100761657","0.392857"
"2100761657","2132678785","0.142857"
"2132678785","2100761657","0.142857"
"2100761657","2149545836","1.28571"
"2149545836","2100761657","1.28571"
"1979005794","2162379889","2"
"2162379889","1979005794","2"
"2049359028","2097583584","0.833333"
"2097583584","2049359028","0.833333"
"1979005794","2078212354","0.25"
"2078212354","1979005794","0.25"
"2078212354","2161195135","2"
"2161195135","2078212354","2"
"2132768130","2161195135","2.7"
"2161195135","2132768130","2.7"
"1984237017","2107885921","0.2"
"2107885921","1984237017","0.2"
"1984237017","2163882872","0.45"
"2163882872","1984237017","0.45"
"2163882872","2165157425","0.5"
"2165157425","2163882872","0.5"
"1979005794","2236011587","0.5"
"2236011587","1979005794","0.5"
"1979005794","889496518","0.5"
"889496518","1979005794","0.5"
"2149545836","2165157425","7.33333"
"2165157425","2149545836","7.33333"
"1979005794","2022542865","2"
"2022542865","1979005794","2"
"1979005794","2421389337","0.5"
"2421389337","1979005794","0.5"
"2109642764","2421389337","0.833333"
"2421389337","2109642764","0.833333"
"2107927452","2161195135","2.86667"
"2161195135","2107927452","2.86667"
"2161195135","2163882872","0.333333"
"2163882872","2161195135","0.333333"
"1982768666","2108009586","9"
"2108009586","1982768666","9"
"1982768666","2131103246","2.5"
"2131103246","1982768666","2.5"
"2108009586","2131103246","6.5"
"2131103246","2108009586","6.5"
"1982768666","2151700547","3"
"2151700547","1982768666","3"
"1982768666","2163882872","0.5"
"2163882872","1982768666","0.5"
"2108009586","2163882872","0.5"
"2163882872","2108009586","0.5"
"1982768666","2126840151","1.5"
"2126840151","1982768666","1.5"
"1982768666","2081118310","1"
"2081118310","1982768666","1"
"1982768666","2050940312","0.5"
"2050940312","1982768666","0.5"
"1984237017","2049359028","0.583333"
"2049359028","1984237017","0.583333"
"1984237017","2132768130","0.25"
"2132768130","1984237017","0.25"
"2132768130","2163882872","1.08333"
"2163882872","2132768130","1.08333"
"1984237017","2123779242","0.833333"
"2123779242","1984237017","0.833333"
"2107927452","2123779242","0.333333"
"2123779242","2107927452","0.333333"
"1984237017","2161195135","0.5"
"2161195135","1984237017","0.5"
"1987480024","2037403365","3.5"
"2037403365","1987480024","3.5"
"1987480024","2041916017","0.5"
"2041916017","1987480024","0.5"
"2037403365","2041916017","4.5"
"2041916017","2037403365","4.5"
"1988287322","2022542865","1.67619"
"2022542865","1988287322","1.67619"
"1988287322","2078212354","1.79286"
"2078212354","1988287322","1.79286"
"1988287322","2100761657","0.142857"
"2100761657","1988287322","0.142857"
"1988287322","2123779242","1.04286"
"2123779242","1988287322","1.04286"
"1988287322","2132768130","4.04286"
"2132768130","1988287322","4.04286"
"1988287322","2149545836","0.792857"
"2149545836","1988287322","0.792857"
"1988287322","2162379889","0.592857"
"2162379889","1988287322","0.592857"
"2022542865","2162379889","4.14286"
"2162379889","2022542865","4.14286"
"2078212354","2100761657","1.75952"
"2100761657","2078212354","1.75952"
"2100761657","2123779242","1.09286"
"2123779242","2100761657","1.09286"
"2100761657","2162379889","11.2595"
"2162379889","2100761657","11.2595"
"1988287322","2108405327","1"
"2108405327","1988287322","1"
"1988287322","2161195135","0.25"
"2161195135","1988287322","0.25"
"1988287322","2006691510","0.833333"
"2006691510","1988287322","0.833333"
"2006691510","2022542865","0.333333"
"2022542865","2006691510","0.333333"
"2022542865","2132678785","1"
"2132678785","2022542865","1"
"1988287322","2063695313","0.5"
"2063695313","1988287322","0.5"
"2006691510","2063695313","1.5"
"2063695313","2006691510","1.5"
"1988287322","2165157425","5"
"2165157425","1988287322","5"
"1988287322","2125678004","0.5"
"2125678004","1988287322","0.5"
"2107927452","2125678004","0.5"
"2125678004","2107927452","0.5"
"1988287322","2616666333","1"
"2616666333","1988287322","1"
"1988287322","2236011587","1"
"2236011587","1988287322","1"
"2006691510","2123779242","1"
"2123779242","2006691510","1"
"2013702766","2066513365","2"
"2066513365","2013702766","2"
"2013702766","2037963635","1"
"2037963635","2013702766","1"
"2022542865","2097583584","0.333333"
"2097583584","2022542865","0.333333"
"2078212354","2097583584","2.66667"
"2097583584","2078212354","2.66667"
"2022542865","2049359028","0.2"
"2049359028","2022542865","0.2"
"2022542865","2109642764","1.78333"
"2109642764","2022542865","1.78333"
"2022542865","2161195135","3.86667"
"2161195135","2022542865","3.86667"
"2022542865","2107056341","0.333333"
"2107056341","2022542865","0.333333"
"2078212354","2107056341","0.333333"
"2107056341","2078212354","0.333333"
"2123779242","2165157425","6.2"
"2165157425","2123779242","6.2"
"2161195135","889496518","1.16667"
"889496518","2161195135","1.16667"
"2161195135","2162379889","1.25"
"2162379889","2161195135","1.25"
"2162379889","2165157425","8.7"
"2165157425","2162379889","8.7"
"2132678785","2421389337","0.333333"
"2421389337","2132678785","0.333333"
"2109642764","2165157425","0.25"
"2165157425","2109642764","0.25"
"2037403365","2107056341","2"
"2107056341","2037403365","2"
"2037403365","2564443285","7"
"2564443285","2037403365","7"
"2041916017","2564443285","2"
"2564443285","2041916017","2"
"2037403365","2794474861","1"
"2794474861","2037403365","1"
"2037403365","2151700547","1"
"2151700547","2037403365","1"
"2041916017","2050940312","0.5"
"2050940312","2041916017","0.5"
"2041916017","2126840151","0.833333"
"2126840151","2041916017","0.833333"
"2041916017","2063695313","0.333333"
"2063695313","2041916017","0.333333"
"2041916017","2440826945","0.333333"
"2440826945","2041916017","0.333333"
"2063695313","2126840151","0.666667"
"2126840151","2063695313","0.666667"
"2063695313","2440826945","1.66667"
"2440826945","2063695313","1.66667"
"2126840151","2440826945","0.666667"
"2440826945","2126840151","0.666667"
"2041916017","2107056341","1"
"2107056341","2041916017","1"
"2050940312","2151700547","0.5"
"2151700547","2050940312","0.5"
"2126840151","2151700547","0.5"
"2151700547","2126840151","0.5"
"2050940312","2063695313","0.333333"
"2063695313","2050940312","0.333333"
"2050940312","2440826945","0.333333"
"2440826945","2050940312","0.333333"
"2050940312","2438218466","1"
"2438218466","2050940312","1"
"2055483934","2107056341","1"
"2107056341","2055483934","1"
"2063695313","889496518","1"
"889496518","2063695313","1"
"2063695313","2132768130","0.333333"
"2132768130","2063695313","0.333333"
"2063695313","2162379889","0.333333"
"2162379889","2063695313","0.333333"
"2063695313","2165157425","0.333333"
"2165157425","2063695313","0.333333"
"2078212354","2165157425","2.03333"
"2165157425","2078212354","2.03333"
"2097583584","2123779242","0.333333"
"2123779242","2097583584","0.333333"
"2078212354","2125678004","0.666667"
"2125678004","2078212354","0.666667"
"2078212354","2107927452","0.5"
"2107927452","2078212354","0.5"
"2078212354","2236011587","0.2"
"2236011587","2078212354","0.2"
"2100761657","2161195135","0.25"
"2161195135","2100761657","0.25"
"2088483327","2116950384","5.5"
"2116950384","2088483327","5.5"
"2088483327","2161195135","2.5"
"2161195135","2088483327","2.5"
"2116950384","2161195135","0.833333"
"2161195135","2116950384","0.833333"
"2088483327","2132678785","1"
"2132678785","2088483327","1"
"2095043406","2107056341","14.5"
"2107056341","2095043406","14.5"
"2095043406","2564443285","0.5"
"2564443285","2095043406","0.5"
"2107056341","2564443285","0.5"
"2564443285","2107056341","0.5"
"2097583584","2163882872","2.5"
"2163882872","2097583584","2.5"
"2097583584","2107885921","0.5"
"2107885921","2097583584","0.5"
"2097583584","2165157425","1"
"2165157425","2097583584","1"
"2103895255","2108009586","4"
"2108009586","2103895255","4"
"2104536218","2107885921","1"
"2107885921","2104536218","1"
"2104536218","2107927452","1"
"2107927452","2104536218","1"
"2107056341","2438218466","3"
"2438218466","2107056341","3"
"2107927452","2108009586","1"
"2108009586","2107927452","1"
"2107927452","2116950384","3.33333"
"2116950384","2107927452","3.33333"
"2116950384","2149545836","0.333333"
"2149545836","2116950384","0.333333"
"2116950384","2132678785","1"
"2132678785","2116950384","1"
"2123779242","2132678785","1.33333"
"2132678785","2123779242","1.33333"
"2132678785","2161195135","1.33333"
"2161195135","2132678785","1.33333"
"2131103246","2163882872","1"
"2163882872","2131103246","1"
"2132678785","889496518","1"
"889496518","2132678785","1"
"2421389337","2616666333","1.5"
"2616666333","2421389337","1.5"
"2165157425","2616666333","0.333333"
"2616666333","2165157425","0.333333"
"2151700547","2438218466","1"
"2438218466","2151700547","1"
"2161195135","2165157425","1"
"2165157425","2161195135","1"
"2209014286","2765827685","1"
"2765827685","2209014286","1"
"2438218466","2564443285","1"
"2564443285","2438218466","1"
"2794474861","2889201824","2"
"2889201824","2794474861","2"
