"1494439078","2108958132","1"
"2108958132","1494439078","1"
"1515121425","1559068944","0.75"
"1559068944","1515121425","0.75"
"1515121425","2105347536","3.08333"
"2105347536","1515121425","3.08333"
"1559068944","2105347536","3.83333"
"2105347536","1559068944","3.83333"
"1515121425","155192273","0.25"
"155192273","1515121425","0.25"
"1515121425","18036528","1.04167"
"18036528","1515121425","1.04167"
"1515121425","2006981561","0.375"
"2006981561","1515121425","0.375"
"1515121425","2116316066","1.375"
"2116316066","1515121425","1.375"
"155192273","18036528","2.33333"
"18036528","155192273","2.33333"
"155192273","2006981561","0.833333"
"2006981561","155192273","0.833333"
"155192273","2116316066","1.08333"
"2116316066","155192273","1.08333"
"18036528","2006981561","0.625"
"2006981561","18036528","0.625"
"18036528","2116316066","8.79167"
"2116316066","18036528","8.79167"
"2006981561","2116316066","1.20833"
"2116316066","2006981561","1.20833"
"1515121425","1579524345","2.45833"
"1579524345","1515121425","2.45833"
"1515121425","2150433972","1.29167"
"2150433972","1515121425","1.29167"
"1579524345","2116316066","0.958333"
"2116316066","1579524345","0.958333"
"1579524345","2150433972","0.458333"
"2150433972","1579524345","0.458333"
"2116316066","2150433972","12.4917"
"2150433972","2116316066","12.4917"
"1515121425","2067393160","1.08333"
"2067393160","1515121425","1.08333"
"2067393160","2105347536","0.75"
"2105347536","2067393160","0.75"
"1515121425","1985543266","0.375"
"1985543266","1515121425","0.375"
"1515121425","2068214909","0.375"
"2068214909","1515121425","0.375"
"1515121425","27140714","1.04167"
"27140714","1515121425","1.04167"
"1579524345","18036528","1.625"
"18036528","1579524345","1.625"
"1579524345","1985543266","0.125"
"1985543266","1579524345","0.125"
"1579524345","2006981561","0.125"
"2006981561","1579524345","0.125"
"1579524345","2068214909","0.125"
"2068214909","1579524345","0.125"
"1579524345","27140714","1.125"
"27140714","1579524345","1.125"
"18036528","1985543266","0.125"
"1985543266","18036528","0.125"
"18036528","2068214909","0.625"
"2068214909","18036528","0.625"
"18036528","2150433972","2.625"
"2150433972","18036528","2.625"
"18036528","27140714","3.20833"
"27140714","18036528","3.20833"
"1985543266","2006981561","0.125"
"2006981561","1985543266","0.125"
"1985543266","2068214909","1.65833"
"2068214909","1985543266","1.65833"
"1985543266","2116316066","2.15833"
"2116316066","1985543266","2.15833"
"1985543266","2150433972","1.45833"
"2150433972","1985543266","1.45833"
"1985543266","27140714","0.625"
"27140714","1985543266","0.625"
"2006981561","2068214909","0.125"
"2068214909","2006981561","0.125"
"2006981561","2150433972","0.125"
"2150433972","2006981561","0.125"
"2006981561","27140714","2.20833"
"27140714","2006981561","2.20833"
"2068214909","2116316066","1.40833"
"2116316066","2068214909","1.40833"
"2068214909","2150433972","0.625"
"2150433972","2068214909","0.625"
"2068214909","27140714","0.875"
"27140714","2068214909","0.875"
"2116316066","27140714","5.95833"
"27140714","2116316066","5.95833"
"2150433972","27140714","3.95833"
"27140714","2150433972","3.95833"
"1515121425","2066070009","1.58333"
"2066070009","1515121425","1.58333"
"1515121425","256194962","0.583333"
"256194962","1515121425","0.583333"
"2066070009","2150433972","1.08333"
"2150433972","2066070009","1.08333"
"2066070009","256194962","1.91667"
"256194962","2066070009","1.91667"
"2150433972","256194962","0.583333"
"256194962","2150433972","0.583333"
"1515121425","2395766643","1.58333"
"2395766643","1515121425","1.58333"
"2066070009","2395766643","0.25"
"2395766643","2066070009","0.25"
"2150433972","2395766643","0.583333"
"2395766643","2150433972","0.583333"
"2395766643","256194962","0.25"
"256194962","2395766643","0.25"
"1515121425","1604571563","0.583333"
"1604571563","1515121425","0.583333"
"1559068944","1604571563","0.25"
"1604571563","1559068944","0.25"
"1559068944","2067393160","0.25"
"2067393160","1559068944","0.25"
"1604571563","2067393160","0.25"
"2067393160","1604571563","0.25"
"1604571563","2105347536","0.583333"
"2105347536","1604571563","0.583333"
"1515121425","2297609079","0.333333"
"2297609079","1515121425","0.333333"
"2067393160","2297609079","0.333333"
"2297609079","2067393160","0.333333"
"2067393160","2395766643","0.333333"
"2395766643","2067393160","0.333333"
"2297609079","2395766643","0.333333"
"2395766643","2297609079","0.333333"
"1515121425","2590683580","0.833333"
"2590683580","1515121425","0.833333"
"2105347536","2590683580","0.833333"
"2590683580","2105347536","0.833333"
"1604571563","2590683580","0.333333"
"2590683580","1604571563","0.333333"
"155192273","1579524345","4"
"1579524345","155192273","4"
"155192273","2079695515","0.333333"
"2079695515","155192273","0.333333"
"155192273","27140714","1.58333"
"27140714","155192273","1.58333"
"2006981561","2079695515","1.75"
"2079695515","2006981561","1.75"
"2079695515","27140714","0.333333"
"27140714","2079695515","0.333333"
"155192273","2068214909","0.5"
"2068214909","155192273","0.5"
"155192273","2086997861","0.25"
"2086997861","155192273","0.25"
"2068214909","2086997861","0.75"
"2086997861","2068214909","0.75"
"2086997861","2116316066","1.33333"
"2116316066","2086997861","1.33333"
"2086997861","27140714","0.583333"
"27140714","2086997861","0.583333"
"155192273","1985543266","0.25"
"1985543266","155192273","0.25"
"155192273","2150433972","0.583333"
"2150433972","155192273","0.583333"
"1559068944","18036528","0.5"
"18036528","1559068944","0.5"
"18036528","2105347536","1.5"
"2105347536","18036528","1.5"
"1559068944","2140755893","0.25"
"2140755893","1559068944","0.25"
"1559068944","2150433972","0.25"
"2150433972","1559068944","0.25"
"1559068944","2151827974","0.25"
"2151827974","1559068944","0.25"
"2105347536","2140755893","0.45"
"2140755893","2105347536","0.45"
"2105347536","2150433972","6.78333"
"2150433972","2105347536","6.78333"
"2105347536","2151827974","4.95"
"2151827974","2105347536","4.95"
"2140755893","2150433972","1.78333"
"2150433972","2140755893","1.78333"
"2140755893","2151827974","0.45"
"2151827974","2140755893","0.45"
"2150433972","2151827974","2.95"
"2151827974","2150433972","2.95"
"1559068944","2006981561","0.333333"
"2006981561","1559068944","0.333333"
"1559068944","2116316066","0.333333"
"2116316066","1559068944","0.333333"
"2006981561","2105347536","0.583333"
"2105347536","2006981561","0.583333"
"2105347536","2116316066","5.11667"
"2116316066","2105347536","5.11667"
"1579524345","2105347536","1"
"2105347536","1579524345","1"
"1604571563","2066070009","0.333333"
"2066070009","1604571563","0.333333"
"1604571563","256194962","0.333333"
"256194962","1604571563","0.333333"
"1604571563","27140714","0.333333"
"27140714","1604571563","0.333333"
"2066070009","27140714","1.33333"
"27140714","2066070009","1.33333"
"256194962","27140714","0.333333"
"27140714","256194962","0.333333"
"1604571563","2519502568","1.5"
"2519502568","1604571563","1.5"
"1604571563","2048452064","0.5"
"2048452064","1604571563","0.5"
"2048452064","2519502568","0.75"
"2519502568","2048452064","0.75"
"18036528","2086997861","3"
"2086997861","18036528","3"
"18036528","2048452064","0.5"
"2048452064","18036528","0.5"
"2048452064","2086997861","1.66667"
"2086997861","2048452064","1.66667"
"18036528","2066070009","1"
"2066070009","18036528","1"
"18036528","2293843830","0.5"
"2293843830","18036528","0.5"
"2116316066","2293843830","1.5"
"2293843830","2116316066","1.5"
"1985543266","2048032757","0.533333"
"2048032757","1985543266","0.533333"
"1985543266","2151827974","0.2"
"2151827974","1985543266","0.2"
"1985543266","2163966399","0.533333"
"2163966399","1985543266","0.533333"
"2048032757","2068214909","0.2"
"2068214909","2048032757","0.2"
"2048032757","2116316066","0.4"
"2116316066","2048032757","0.4"
"2048032757","2151827974","1.4"
"2151827974","2048032757","1.4"
"2048032757","2163966399","0.2"
"2163966399","2048032757","0.2"
"2068214909","2151827974","0.2"
"2151827974","2068214909","0.2"
"2068214909","2163966399","0.533333"
"2163966399","2068214909","0.533333"
"2116316066","2151827974","0.4"
"2151827974","2116316066","0.4"
"2116316066","2163966399","1.36667"
"2163966399","2116316066","1.36667"
"2151827974","2163966399","0.2"
"2163966399","2151827974","0.2"
"1985543266","2140755893","0.333333"
"2140755893","1985543266","0.333333"
"2048032757","2140755893","0.533333"
"2140755893","2048032757","0.533333"
"2048032757","2150433972","0.533333"
"2150433972","2048032757","0.533333"
"1985543266","2086997861","0.5"
"2086997861","1985543266","0.5"
"2006981561","2048452064","1.16667"
"2048452064","2006981561","1.16667"
"2006981561","2086997861","1.66667"
"2086997861","2006981561","1.66667"
"2048452064","2105347536","0.25"
"2105347536","2048452064","0.25"
"2048452064","2116316066","0.25"
"2116316066","2048452064","0.25"
"2086997861","2105347536","0.25"
"2105347536","2086997861","0.25"
"2079695515","2086997861","1.41667"
"2086997861","2079695515","1.41667"
"2006981561","2395766643","0.5"
"2395766643","2006981561","0.5"
"2395766643","27140714","1.16667"
"27140714","2395766643","1.16667"
"2006981561","2519502568","0.25"
"2519502568","2006981561","0.25"
"2048452064","2079695515","0.916667"
"2079695515","2048452064","0.916667"
"2079695515","2519502568","0.25"
"2519502568","2079695515","0.25"
"2086997861","2519502568","0.25"
"2519502568","2086997861","0.25"
"2048032757","2105347536","0.2"
"2105347536","2048032757","0.2"
"2116316066","2140755893","0.2"
"2140755893","2116316066","0.2"
"2048452064","2293843830","1"
"2293843830","2048452064","1"
"2066070009","2067393160","1"
"2067393160","2066070009","1"
"2067393160","256194962","1"
"256194962","2067393160","1"
"2066070009","2116316066","0.5"
"2116316066","2066070009","0.5"
"2079695515","2150433972","1.33333"
"2150433972","2079695515","1.33333"
"2079695515","2293843830","0.333333"
"2293843830","2079695515","0.333333"
"2079695515","2297609079","0.333333"
"2297609079","2079695515","0.333333"
"2150433972","2293843830","0.333333"
"2293843830","2150433972","0.333333"
"2150433972","2297609079","0.333333"
"2297609079","2150433972","0.333333"
"2293843830","2297609079","0.333333"
"2297609079","2293843830","0.333333"
"2086997861","2150433972","0.333333"
"2150433972","2086997861","0.333333"
"2105347536","2163966399","0.5"
"2163966399","2105347536","0.5"
"2105347536","2132677764","1.83333"
"2132677764","2105347536","1.83333"
"2132677764","2150433972","10.3333"
"2150433972","2132677764","10.3333"
"2116316066","2132677764","0.833333"
"2132677764","2116316066","0.833333"
"2105347536","27140714","2.5"
"27140714","2105347536","2.5"
"2105347536","2395766643","1"
"2395766643","2105347536","1"
"2105347536","2297609079","0.5"
"2297609079","2105347536","0.5"
"2297609079","27140714","1.5"
"27140714","2297609079","1.5"
"2105347536","2804675504","0.5"
"2804675504","2105347536","0.5"
"2116316066","2804675504","0.833333"
"2804675504","2116316066","0.833333"
"2116316066","2395766643","0.666667"
"2395766643","2116316066","0.666667"
"2163966399","2395766643","0.333333"
"2395766643","2163966399","0.333333"
"2163966399","27140714","0.333333"
"27140714","2163966399","0.333333"
"2116316066","2763290980","0.833333"
"2763290980","2116316066","0.833333"
"2150433972","2763290980","1.33333"
"2763290980","2150433972","1.33333"
"2150433972","2804675504","0.833333"
"2804675504","2150433972","0.833333"
"2763290980","2804675504","1.33333"
"2804675504","2763290980","1.33333"
"2293843830","2763290980","1"
"2763290980","2293843830","1"
"2293843830","2804675504","0.5"
"2804675504","2293843830","0.5"
"2293843830","2900718729","0.5"
"2900718729","2293843830","0.5"
"2763290980","2900718729","0.5"
"2900718729","2763290980","0.5"
"2590683580","2900718729","1"
"2900718729","2590683580","1"
