"132218996","2123645388","1.95"
"2123645388","132218996","1.95"
"132218996","2170016254","1.45"
"2170016254","132218996","1.45"
"2123645388","2170016254","17.8092"
"2170016254","2123645388","17.8092"
"132218996","1969621165","0.65"
"1969621165","132218996","0.65"
"132218996","2096338898","0.4"
"2096338898","132218996","0.4"
"132218996","2112866468","0.85"
"2112866468","132218996","0.85"
"132218996","2131323387","2.1"
"2131323387","132218996","2.1"
"132218996","2964122061","0.65"
"2964122061","132218996","0.65"
"1969621165","2096338898","1.4"
"2096338898","1969621165","1.4"
"1969621165","2112866468","6.50714"
"2112866468","1969621165","6.50714"
"1969621165","2131323387","1.62381"
"2131323387","1969621165","1.62381"
"1969621165","2964122061","0.983333"
"2964122061","1969621165","0.983333"
"2096338898","2112866468","0.9"
"2112866468","2096338898","0.9"
"2096338898","2131323387","4.12424"
"2131323387","2096338898","4.12424"
"2096338898","2964122061","0.4"
"2964122061","2096338898","0.4"
"2112866468","2131323387","3.67381"
"2131323387","2112866468","3.67381"
"2112866468","2964122061","0.65"
"2964122061","2112866468","0.65"
"2131323387","2964122061","0.4"
"2964122061","2131323387","0.4"
"132218996","2106244069","0.7"
"2106244069","132218996","0.7"
"2106244069","2170016254","1.38333"
"2170016254","2106244069","1.38333"
"132218996","2148462213","0.2"
"2148462213","132218996","0.2"
"132218996","2161225124","0.4"
"2161225124","132218996","0.4"
"2106244069","2112866468","0.2"
"2112866468","2106244069","0.2"
"2106244069","2148462213","0.2"
"2148462213","2106244069","0.2"
"2106244069","2161225124","0.383333"
"2161225124","2106244069","0.383333"
"2112866468","2148462213","1.24762"
"2148462213","2112866468","1.24762"
"2112866468","2161225124","0.247619"
"2161225124","2112866468","0.247619"
"2112866468","2170016254","0.580952"
"2170016254","2112866468","0.580952"
"2148462213","2161225124","2.77186"
"2161225124","2148462213","2.77186"
"2148462213","2170016254","9.58297"
"2170016254","2148462213","9.58297"
"2161225124","2170016254","24.4814"
"2170016254","2161225124","24.4814"
"132218996","2009448490","0.5"
"2009448490","132218996","0.5"
"2009448490","2131323387","4.64048"
"2131323387","2009448490","4.64048"
"132218996","1522042692","0.25"
"1522042692","132218996","0.25"
"1522042692","1969621165","5.22619"
"1969621165","1522042692","5.22619"
"1522042692","2112866468","2.72619"
"2112866468","1522042692","2.72619"
"1522042692","2964122061","1.58333"
"2964122061","1522042692","1.58333"
"132218996","2096660972","0.25"
"2096660972","132218996","0.25"
"132218996","2137924956","0.25"
"2137924956","132218996","0.25"
"2096660972","2123645388","5.01825"
"2123645388","2096660972","5.01825"
"2096660972","2137924956","1.50159"
"2137924956","2096660972","1.50159"
"2096660972","2170016254","10.5349"
"2170016254","2096660972","10.5349"
"2123645388","2137924956","23.3258"
"2137924956","2123645388","23.3258"
"2137924956","2170016254","16.2758"
"2170016254","2137924956","16.2758"
"132218996","206482712","0.2"
"206482712","132218996","0.2"
"132218996","2115051573","0.2"
"2115051573","132218996","0.2"
"206482712","2115051573","1.39206"
"2115051573","206482712","1.39206"
"206482712","2123645388","3.80916"
"2123645388","206482712","3.80916"
"206482712","2131323387","4.81869"
"2131323387","206482712","4.81869"
"206482712","2161225124","2.98139"
"2161225124","206482712","2.98139"
"2115051573","2123645388","1.0254"
"2123645388","2115051573","1.0254"
"2115051573","2131323387","5.39206"
"2131323387","2115051573","5.39206"
"2115051573","2161225124","0.530952"
"2161225124","2115051573","0.530952"
"2123645388","2131323387","17.6258"
"2131323387","2123645388","17.6258"
"2123645388","2161225124","50.3147"
"2161225124","2123645388","50.3147"
"2131323387","2161225124","9.59805"
"2161225124","2131323387","9.59805"
"1504215023","1522042692","0.333333"
"1522042692","1504215023","0.333333"
"1504215023","1969621165","0.333333"
"1969621165","1504215023","0.333333"
"1504215023","2007074710","0.333333"
"2007074710","1504215023","0.333333"
"1522042692","2007074710","1"
"2007074710","1522042692","1"
"1969621165","2007074710","1.5"
"2007074710","1969621165","1.5"
"1522042692","206482712","0.47619"
"206482712","1522042692","0.47619"
"1522042692","2131323387","0.47619"
"2131323387","1522042692","0.47619"
"1969621165","206482712","0.52381"
"206482712","1969621165","0.52381"
"1522042692","2018169156","1.97619"
"2018169156","1522042692","1.97619"
"1969621165","2018169156","2.47619"
"2018169156","1969621165","2.47619"
"1522042692","2137924956","0.666667"
"2137924956","1522042692","0.666667"
"1969621165","2137924956","0.714286"
"2137924956","1969621165","0.714286"
"2112866468","2137924956","0.714286"
"2137924956","2112866468","0.714286"
"2018169156","2112866468","0.97619"
"2112866468","2018169156","0.97619"
"1522042692","1965240889","1"
"1965240889","1522042692","1"
"1965240889","2018169156","1"
"2018169156","1965240889","1"
"2007074710","2964122061","0.333333"
"2964122061","2007074710","0.333333"
"1522042692","2120060475","1"
"2120060475","1522042692","1"
"1522042692","2009448490","0.142857"
"2009448490","1522042692","0.142857"
"1522042692","2072145531","0.142857"
"2072145531","1522042692","0.142857"
"1969621165","2009448490","0.52381"
"2009448490","1969621165","0.52381"
"1969621165","2072145531","0.72381"
"2072145531","1969621165","0.72381"
"2009448490","2018169156","0.142857"
"2018169156","2009448490","0.142857"
"2009448490","206482712","0.390476"
"206482712","2009448490","0.390476"
"2009448490","2072145531","0.87381"
"2072145531","2009448490","0.87381"
"2009448490","2112866468","0.77381"
"2112866468","2009448490","0.77381"
"2018169156","206482712","0.142857"
"206482712","2018169156","0.142857"
"2018169156","2072145531","0.142857"
"2072145531","2018169156","0.142857"
"2018169156","2131323387","0.142857"
"2131323387","2018169156","0.142857"
"206482712","2072145531","2.33492"
"2072145531","206482712","2.33492"
"206482712","2112866468","0.190476"
"2112866468","206482712","0.190476"
"2072145531","2112866468","1.77381"
"2112866468","2072145531","1.77381"
"2072145531","2131323387","7.06825"
"2131323387","2072145531","7.06825"
"2007074710","2112866468","1.33333"
"2112866468","2007074710","1.33333"
"1522720832","2562285643","3"
"2562285643","1522720832","3"
"1522720832","1591685427","1"
"1591685427","1522720832","1"
"1539789790","2798612262","1"
"2798612262","1539789790","1"
"1539789790","2064693822","1"
"2064693822","1539789790","1"
"1539789790","2123645388","1"
"2123645388","1539789790","1"
"1552735106","2137924956","0.590909"
"2137924956","1552735106","0.590909"
"1552735106","2170016254","0.590909"
"2170016254","1552735106","0.590909"
"1552735106","1562890779","0.0909091"
"1562890779","1552735106","0.0909091"
"1552735106","206482712","0.0909091"
"206482712","1552735106","0.0909091"
"1552735106","2096338898","0.0909091"
"2096338898","1552735106","0.0909091"
"1552735106","2123645388","0.0909091"
"2123645388","1552735106","0.0909091"
"1552735106","2131323387","0.0909091"
"2131323387","1552735106","0.0909091"
"1552735106","2148462213","0.0909091"
"2148462213","1552735106","0.0909091"
"1552735106","2161225124","0.0909091"
"2161225124","1552735106","0.0909091"
"1552735106","2562285643","0.0909091"
"2562285643","1552735106","0.0909091"
"1552735106","2569217547","0.0909091"
"2569217547","1552735106","0.0909091"
"1562890779","206482712","0.892496"
"206482712","1562890779","0.892496"
"1562890779","2096338898","0.274242"
"2096338898","1562890779","0.274242"
"1562890779","2123645388","3.35916"
"2123645388","1562890779","3.35916"
"1562890779","2131323387","1.22583"
"2131323387","1562890779","1.22583"
"1562890779","2137924956","0.77583"
"2137924956","1562890779","0.77583"
"1562890779","2148462213","0.349639"
"2148462213","1562890779","0.349639"
"1562890779","2161225124","1.78139"
"2161225124","1562890779","1.78139"
"1562890779","2170016254","1.4425"
"2170016254","1562890779","1.4425"
"1562890779","2562285643","0.0909091"
"2562285643","1562890779","0.0909091"
"1562890779","2569217547","0.540909"
"2569217547","1562890779","0.540909"
"206482712","2096338898","0.440909"
"2096338898","206482712","0.440909"
"206482712","2137924956","1.1925"
"2137924956","206482712","1.1925"
"206482712","2148462213","0.599639"
"2148462213","206482712","0.599639"
"206482712","2170016254","4.85916"
"2170016254","206482712","4.85916"
"206482712","2562285643","0.0909091"
"2562285643","206482712","0.0909091"
"206482712","2569217547","0.540909"
"2569217547","206482712","0.540909"
"2096338898","2123645388","1.29091"
"2123645388","2096338898","1.29091"
"2096338898","2137924956","0.774242"
"2137924956","2096338898","0.774242"
"2096338898","2148462213","1.09091"
"2148462213","2096338898","1.09091"
"2096338898","2161225124","1.72424"
"2161225124","2096338898","1.72424"
"2096338898","2170016254","5.55758"
"2170016254","2096338898","5.55758"
"2096338898","2562285643","0.0909091"
"2562285643","2096338898","0.0909091"
"2096338898","2569217547","0.0909091"
"2569217547","2096338898","0.0909091"
"2123645388","2148462213","5.46631"
"2148462213","2123645388","5.46631"
"2123645388","2562285643","0.757576"
"2562285643","2123645388","0.757576"
"2123645388","2569217547","2.29091"
"2569217547","2123645388","2.29091"
"2131323387","2137924956","7.77583"
"2137924956","2131323387","7.77583"
"2131323387","2148462213","1.46631"
"2148462213","2131323387","1.46631"
"2131323387","2170016254","23.3758"
"2170016254","2131323387","23.3758"
"2131323387","2562285643","0.424242"
"2562285643","2131323387","0.424242"
"2131323387","2569217547","1.54091"
"2569217547","2131323387","1.54091"
"2137924956","2148462213","1.59964"
"2148462213","2137924956","1.59964"
"2137924956","2161225124","11.9147"
"2161225124","2137924956","11.9147"
"2137924956","2562285643","0.424242"
"2562285643","2137924956","0.424242"
"2137924956","2569217547","0.840909"
"2569217547","2137924956","0.840909"
"2148462213","2562285643","0.0909091"
"2562285643","2148462213","0.0909091"
"2148462213","2569217547","1.34091"
"2569217547","2148462213","1.34091"
"2161225124","2562285643","0.757576"
"2562285643","2161225124","0.757576"
"2161225124","2569217547","2.04091"
"2569217547","2161225124","2.04091"
"2170016254","2562285643","1.09091"
"2562285643","2170016254","1.09091"
"2170016254","2569217547","1.59091"
"2569217547","2170016254","1.59091"
"2562285643","2569217547","0.0909091"
"2569217547","2562285643","0.0909091"
"1562890779","1629953792","0.330952"
"1629953792","1562890779","0.330952"
"1562890779","2072145531","0.35873"
"2072145531","1562890779","0.35873"
"1562890779","2096660972","0.918254"
"2096660972","1562890779","0.918254"
"1562890779","2115051573","0.442063"
"2115051573","1562890779","0.442063"
"1629953792","206482712","0.747619"
"206482712","1629953792","0.747619"
"1629953792","2072145531","0.347619"
"2072145531","1629953792","0.347619"
"1629953792","2096338898","0.183333"
"2096338898","1629953792","0.183333"
"1629953792","2096660972","0.230952"
"2096660972","1629953792","0.230952"
"1629953792","2115051573","0.664286"
"2115051573","1629953792","0.664286"
"1629953792","2131323387","0.864286"
"2131323387","1629953792","0.864286"
"1629953792","2137924956","0.664286"
"2137924956","1629953792","0.664286"
"1629953792","2161225124","0.330952"
"2161225124","1629953792","0.330952"
"1629953792","2170016254","1.03095"
"2170016254","1629953792","1.03095"
"206482712","2096660972","0.751587"
"2096660972","206482712","0.751587"
"2072145531","2096338898","0.1"
"2096338898","2072145531","0.1"
"2072145531","2096660972","1.64206"
"2096660972","2072145531","1.64206"
"2072145531","2115051573","1.34206"
"2115051573","2072145531","1.34206"
"2072145531","2137924956","0.35873"
"2137924956","2072145531","0.35873"
"2072145531","2161225124","1.41429"
"2161225124","2072145531","1.41429"
"2072145531","2170016254","1.84206"
"2170016254","2072145531","1.84206"
"2096338898","2096660972","0.433333"
"2096660972","2096338898","0.433333"
"2096338898","2115051573","0.183333"
"2115051573","2096338898","0.183333"
"2096660972","2115051573","0.925397"
"2115051573","2096660972","0.925397"
"2096660972","2131323387","4.61825"
"2131323387","2096660972","4.61825"
"2096660972","2161225124","4.39048"
"2161225124","2096660972","4.39048"
"2115051573","2137924956","1.2754"
"2137924956","2115051573","1.2754"
"2115051573","2170016254","1.44206"
"2170016254","2115051573","1.44206"
"1562890779","2106244069","0.183333"
"2106244069","1562890779","0.183333"
"1562890779","2115471901","0.130952"
"2115471901","1562890779","0.130952"
"1562890779","2120060475","0.130952"
"2120060475","1562890779","0.130952"
"1629953792","2106244069","0.183333"
"2106244069","1629953792","0.183333"
"1629953792","2115471901","0.130952"
"2115471901","1629953792","0.130952"
"1629953792","2120060475","0.130952"
"2120060475","1629953792","0.130952"
"1629953792","2123645388","0.130952"
"2123645388","1629953792","0.130952"
"2096338898","2106244069","0.0833333"
"2106244069","2096338898","0.0833333"
"2096338898","2115471901","0.0833333"
"2115471901","2096338898","0.0833333"
"2096338898","2120060475","0.0833333"
"2120060475","2096338898","0.0833333"
"2096660972","2106244069","0.0833333"
"2106244069","2096660972","0.0833333"
"2096660972","2115471901","0.130952"
"2115471901","2096660972","0.130952"
"2096660972","2120060475","0.380952"
"2120060475","2096660972","0.380952"
"2106244069","2115051573","0.183333"
"2115051573","2106244069","0.183333"
"2106244069","2115471901","0.0833333"
"2115471901","2106244069","0.0833333"
"2106244069","2120060475","0.0833333"
"2120060475","2106244069","0.0833333"
"2106244069","2123645388","0.0833333"
"2123645388","2106244069","0.0833333"
"2106244069","2131323387","0.183333"
"2131323387","2106244069","0.183333"
"2106244069","2137924956","0.683333"
"2137924956","2106244069","0.683333"
"2115051573","2115471901","0.130952"
"2115471901","2115051573","0.130952"
"2115051573","2120060475","0.130952"
"2120060475","2115051573","0.130952"
"2115471901","2120060475","0.630952"
"2120060475","2115471901","0.630952"
"2115471901","2123645388","0.130952"
"2123645388","2115471901","0.130952"
"2115471901","2131323387","1.13095"
"2131323387","2115471901","1.13095"
"2115471901","2137924956","0.630952"
"2137924956","2115471901","0.630952"
"2115471901","2161225124","0.630952"
"2161225124","2115471901","0.630952"
"2115471901","2170016254","2.63095"
"2170016254","2115471901","2.63095"
"2120060475","2123645388","0.130952"
"2123645388","2120060475","0.130952"
"2120060475","2131323387","0.630952"
"2131323387","2120060475","0.630952"
"2120060475","2137924956","1.13095"
"2137924956","2120060475","1.13095"
"2120060475","2161225124","0.880952"
"2161225124","2120060475","0.880952"
"2120060475","2170016254","0.880952"
"2170016254","2120060475","0.880952"
"2072145531","2123645388","2.8754"
"2123645388","2072145531","2.8754"
"2072145531","2148462213","1.8754"
"2148462213","2072145531","1.8754"
"2096660972","2148462213","0.70873"
"2148462213","2096660972","0.70873"
"2115051573","2148462213","0.15873"
"2148462213","2115051573","0.15873"
"1562890779","2009448490","0.247619"
"2009448490","1562890779","0.247619"
"1562890779","2159245346","0.147619"
"2159245346","1562890779","0.147619"
"1629953792","2009448490","0.147619"
"2009448490","1629953792","0.147619"
"1629953792","2159245346","0.147619"
"2159245346","1629953792","0.147619"
"2009448490","2106244069","0.1"
"2106244069","2009448490","0.1"
"2009448490","2115051573","0.147619"
"2115051573","2009448490","0.147619"
"2009448490","2137924956","0.247619"
"2137924956","2009448490","0.247619"
"2009448490","2159245346","0.147619"
"2159245346","2009448490","0.147619"
"2009448490","2161225124","0.247619"
"2161225124","2009448490","0.247619"
"2009448490","2170016254","0.247619"
"2170016254","2009448490","0.247619"
"206482712","2106244069","0.1"
"2106244069","206482712","0.1"
"206482712","2159245346","0.147619"
"2159245346","206482712","0.147619"
"2106244069","2159245346","0.1"
"2159245346","2106244069","0.1"
"2115051573","2159245346","0.147619"
"2159245346","2115051573","0.147619"
"2131323387","2159245346","0.147619"
"2159245346","2131323387","0.147619"
"2137924956","2159245346","0.147619"
"2159245346","2137924956","0.147619"
"2159245346","2161225124","0.647619"
"2161225124","2159245346","0.647619"
"2159245346","2170016254","0.647619"
"2170016254","2159245346","0.647619"
"1562890779","1965240889","0.047619"
"1965240889","1562890779","0.047619"
"1562890779","1969621165","0.047619"
"1969621165","1562890779","0.047619"
"1562890779","2019063938","0.047619"
"2019063938","1562890779","0.047619"
"1562890779","2088306184","0.047619"
"2088306184","1562890779","0.047619"
"1562890779","2112866468","0.047619"
"2112866468","1562890779","0.047619"
"1562890779","2115557724","0.047619"
"2115557724","1562890779","0.047619"
"1629953792","1965240889","0.247619"
"1965240889","1629953792","0.247619"
"1629953792","1969621165","0.247619"
"1969621165","1629953792","0.247619"
"1629953792","2019063938","0.047619"
"2019063938","1629953792","0.047619"
"1629953792","2088306184","0.047619"
"2088306184","1629953792","0.047619"
"1629953792","2112866468","1.04762"
"2112866468","1629953792","1.04762"
"1629953792","2115557724","0.047619"
"2115557724","1629953792","0.047619"
"1629953792","2148462213","0.047619"
"2148462213","1629953792","0.047619"
"1965240889","1969621165","1.24762"
"1969621165","1965240889","1.24762"
"1965240889","2009448490","0.297619"
"2009448490","1965240889","0.297619"
"1965240889","2019063938","0.047619"
"2019063938","1965240889","0.047619"
"1965240889","206482712","0.047619"
"206482712","1965240889","0.047619"
"1965240889","2072145531","0.497619"
"2072145531","1965240889","0.497619"
"1965240889","2088306184","0.047619"
"2088306184","1965240889","0.047619"
"1965240889","2096660972","0.047619"
"2096660972","1965240889","0.047619"
"1965240889","2112866468","2.29762"
"2112866468","1965240889","2.29762"
"1965240889","2115051573","0.047619"
"2115051573","1965240889","0.047619"
"1965240889","2115471901","0.047619"
"2115471901","1965240889","0.047619"
"1965240889","2115557724","0.047619"
"2115557724","1965240889","0.047619"
"1965240889","2120060475","0.047619"
"2120060475","1965240889","0.047619"
"1965240889","2123645388","0.047619"
"2123645388","1965240889","0.047619"
"1965240889","2131323387","0.497619"
"2131323387","1965240889","0.497619"
"1965240889","2137924956","0.047619"
"2137924956","1965240889","0.047619"
"1965240889","2148462213","0.047619"
"2148462213","1965240889","0.047619"
"1965240889","2159245346","0.047619"
"2159245346","1965240889","0.047619"
"1965240889","2161225124","0.047619"
"2161225124","1965240889","0.047619"
"1965240889","2170016254","0.247619"
"2170016254","1965240889","0.247619"
"1969621165","2019063938","0.047619"
"2019063938","1969621165","0.047619"
"1969621165","2088306184","0.047619"
"2088306184","1969621165","0.047619"
"1969621165","2096660972","0.047619"
"2096660972","1969621165","0.047619"
"1969621165","2115051573","0.047619"
"2115051573","1969621165","0.047619"
"1969621165","2115471901","0.047619"
"2115471901","1969621165","0.047619"
"1969621165","2115557724","0.047619"
"2115557724","1969621165","0.047619"
"1969621165","2120060475","0.047619"
"2120060475","1969621165","0.047619"
"1969621165","2123645388","0.047619"
"2123645388","1969621165","0.047619"
"1969621165","2148462213","0.047619"
"2148462213","1969621165","0.047619"
"1969621165","2159245346","0.047619"
"2159245346","1969621165","0.047619"
"1969621165","2161225124","0.047619"
"2161225124","1969621165","0.047619"
"1969621165","2170016254","0.247619"
"2170016254","1969621165","0.247619"
"2009448490","2019063938","0.047619"
"2019063938","2009448490","0.047619"
"2009448490","2088306184","0.047619"
"2088306184","2009448490","0.047619"
"2009448490","2096660972","0.147619"
"2096660972","2009448490","0.147619"
"2009448490","2115471901","0.047619"
"2115471901","2009448490","0.047619"
"2009448490","2115557724","0.047619"
"2115557724","2009448490","0.047619"
"2009448490","2120060475","0.047619"
"2120060475","2009448490","0.047619"
"2009448490","2123645388","0.147619"
"2123645388","2009448490","0.147619"
"2009448490","2148462213","0.147619"
"2148462213","2009448490","0.147619"
"2019063938","206482712","0.047619"
"206482712","2019063938","0.047619"
"2019063938","2072145531","0.547619"
"2072145531","2019063938","0.547619"
"2019063938","2088306184","0.047619"
"2088306184","2019063938","0.047619"
"2019063938","2096660972","0.047619"
"2096660972","2019063938","0.047619"
"2019063938","2112866468","0.047619"
"2112866468","2019063938","0.047619"
"2019063938","2115051573","0.047619"
"2115051573","2019063938","0.047619"
"2019063938","2115471901","0.047619"
"2115471901","2019063938","0.047619"
"2019063938","2115557724","0.047619"
"2115557724","2019063938","0.047619"
"2019063938","2120060475","0.047619"
"2120060475","2019063938","0.047619"
"2019063938","2123645388","0.047619"
"2123645388","2019063938","0.047619"
"2019063938","2131323387","0.047619"
"2131323387","2019063938","0.047619"
"2019063938","2137924956","0.047619"
"2137924956","2019063938","0.047619"
"2019063938","2148462213","0.047619"
"2148462213","2019063938","0.047619"
"2019063938","2159245346","0.047619"
"2159245346","2019063938","0.047619"
"2019063938","2161225124","0.047619"
"2161225124","2019063938","0.047619"
"2019063938","2170016254","0.047619"
"2170016254","2019063938","0.047619"
"206482712","2088306184","0.047619"
"2088306184","206482712","0.047619"
"206482712","2115471901","0.047619"
"2115471901","206482712","0.047619"
"206482712","2115557724","0.047619"
"2115557724","206482712","0.047619"
"206482712","2120060475","0.047619"
"2120060475","206482712","0.047619"
"2072145531","2088306184","0.047619"
"2088306184","2072145531","0.047619"
"2072145531","2115471901","0.047619"
"2115471901","2072145531","0.047619"
"2072145531","2115557724","0.047619"
"2115557724","2072145531","0.047619"
"2072145531","2120060475","0.047619"
"2120060475","2072145531","0.047619"
"2072145531","2159245346","0.047619"
"2159245346","2072145531","0.047619"
"2088306184","2096660972","0.047619"
"2096660972","2088306184","0.047619"
"2088306184","2112866468","0.047619"
"2112866468","2088306184","0.047619"
"2088306184","2115051573","0.047619"
"2115051573","2088306184","0.047619"
"2088306184","2115471901","0.047619"
"2115471901","2088306184","0.047619"
"2088306184","2115557724","0.047619"
"2115557724","2088306184","0.047619"
"2088306184","2120060475","0.047619"
"2120060475","2088306184","0.047619"
"2088306184","2123645388","0.047619"
"2123645388","2088306184","0.047619"
"2088306184","2131323387","0.047619"
"2131323387","2088306184","0.047619"
"2088306184","2137924956","1.04762"
"2137924956","2088306184","1.04762"
"2088306184","2148462213","0.547619"
"2148462213","2088306184","0.547619"
"2088306184","2159245346","0.047619"
"2159245346","2088306184","0.047619"
"2088306184","2161225124","0.047619"
"2161225124","2088306184","0.047619"
"2088306184","2170016254","0.547619"
"2170016254","2088306184","0.547619"
"2096660972","2112866468","0.047619"
"2112866468","2096660972","0.047619"
"2096660972","2115557724","0.047619"
"2115557724","2096660972","0.047619"
"2096660972","2159245346","0.047619"
"2159245346","2096660972","0.047619"
"2112866468","2115051573","0.047619"
"2115051573","2112866468","0.047619"
"2112866468","2115471901","0.047619"
"2115471901","2112866468","0.047619"
"2112866468","2115557724","0.047619"
"2115557724","2112866468","0.047619"
"2112866468","2120060475","0.047619"
"2120060475","2112866468","0.047619"
"2112866468","2123645388","0.380952"
"2123645388","2112866468","0.380952"
"2112866468","2159245346","0.047619"
"2159245346","2112866468","0.047619"
"2115051573","2115557724","0.047619"
"2115557724","2115051573","0.047619"
"2115471901","2115557724","0.047619"
"2115557724","2115471901","0.047619"
"2115471901","2148462213","0.047619"
"2148462213","2115471901","0.047619"
"2115471901","2159245346","0.047619"
"2159245346","2115471901","0.047619"
"2115557724","2120060475","0.047619"
"2120060475","2115557724","0.047619"
"2115557724","2123645388","0.747619"
"2123645388","2115557724","0.747619"
"2115557724","2131323387","0.247619"
"2131323387","2115557724","0.247619"
"2115557724","2137924956","0.047619"
"2137924956","2115557724","0.047619"
"2115557724","2148462213","0.047619"
"2148462213","2115557724","0.047619"
"2115557724","2159245346","0.047619"
"2159245346","2115557724","0.047619"
"2115557724","2161225124","0.247619"
"2161225124","2115557724","0.247619"
"2115557724","2170016254","0.747619"
"2170016254","2115557724","0.747619"
"2120060475","2148462213","0.297619"
"2148462213","2120060475","0.297619"
"2120060475","2159245346","0.047619"
"2159245346","2120060475","0.047619"
"2123645388","2159245346","1.04762"
"2159245346","2123645388","1.04762"
"2148462213","2159245346","0.547619"
"2159245346","2148462213","0.547619"
"1964770056","2001808951","1"
"2001808951","1964770056","1"
"1964770056","2257436084","1"
"2257436084","1964770056","1"
"1969621165","2562285643","1.5"
"2562285643","1969621165","1.5"
"2112866468","2562285643","2.5"
"2562285643","2112866468","2.5"
"2007074710","2096338898","0.5"
"2096338898","2007074710","0.5"
"2001808951","2019063938","0.5"
"2019063938","2001808951","0.5"
"2001808951","2072145531","0.5"
"2072145531","2001808951","0.5"
"2007074710","2807229384","1"
"2807229384","2007074710","1"
"2009448490","2096338898","0.5"
"2096338898","2009448490","0.5"
"2064693822","2798612262","2"
"2798612262","2064693822","2"
"2064693822","2123645388","2"
"2123645388","2064693822","2"
"2064693822","2159245346","1.5"
"2159245346","2064693822","1.5"
"2064693822","2170016254","0.5"
"2170016254","2064693822","0.5"
"2096338898","2115557724","0.2"
"2115557724","2096338898","0.2"
"2137924956","2798612262","0.333333"
"2798612262","2137924956","0.333333"
"2148462213","2798612262","0.333333"
"2798612262","2148462213","0.333333"
"2170016254","2798612262","0.333333"
"2798612262","2170016254","0.333333"
