"112652389","1412717641","0.0434783"
"1412717641","112652389","0.0434783"
"112652389","1488087612","0.582169"
"1488087612","112652389","0.582169"
"112652389","1488801314","0.0434783"
"1488801314","112652389","0.0434783"
"112652389","1522684812","0.248835"
"1522684812","112652389","0.248835"
"112652389","1544041297","0.105978"
"1544041297","112652389","0.105978"
"112652389","1561451644","0.105978"
"1561451644","112652389","0.105978"
"112652389","1562508052","1.01967"
"1562508052","112652389","1.01967"
"112652389","1578843769","0.0434783"
"1578843769","112652389","0.0434783"
"112652389","1792116406","0.293478"
"1792116406","112652389","0.293478"
"112652389","1852114920","0.248835"
"1852114920","112652389","0.248835"
"112652389","1979795350","0.105978"
"1979795350","112652389","0.105978"
"112652389","2040875784","0.0434783"
"2040875784","112652389","0.0434783"
"112652389","2045369135","0.105978"
"2045369135","112652389","0.105978"
"112652389","2062987034","2.6655"
"2062987034","112652389","2.6655"
"112652389","2065128106","0.0434783"
"2065128106","112652389","0.0434783"
"112652389","2081933034","0.105978"
"2081933034","112652389","0.105978"
"112652389","2115914638","0.582169"
"2115914638","112652389","0.582169"
"112652389","2124790586","0.105978"
"2124790586","112652389","0.105978"
"112652389","2130891285","1.58217"
"2130891285","112652389","1.58217"
"112652389","2396312509","0.0434783"
"2396312509","112652389","0.0434783"
"112652389","2404514611","0.0434783"
"2404514611","112652389","0.0434783"
"112652389","2909858351","0.0434783"
"2909858351","112652389","0.0434783"
"112652389","5555932","0.0434783"
"5555932","112652389","0.0434783"
"1412717641","1488087612","0.0434783"
"1488087612","1412717641","0.0434783"
"1412717641","1488801314","0.0889328"
"1488801314","1412717641","0.0889328"
"1412717641","1522684812","0.588933"
"1522684812","1412717641","0.588933"
"1412717641","1544041297","2.36671"
"1544041297","1412717641","2.36671"
"1412717641","1561451644","0.463933"
"1561451644","1412717641","0.463933"
"1412717641","1562508052","0.0434783"
"1562508052","1412717641","0.0434783"
"1412717641","1578843769","0.213933"
"1578843769","1412717641","0.213933"
"1412717641","1792116406","2.62227"
"1792116406","1412717641","2.62227"
"1412717641","1852114920","0.0434783"
"1852114920","1412717641","0.0434783"
"1412717641","1979795350","0.0889328"
"1979795350","1412717641","0.0889328"
"1412717641","2040875784","0.413933"
"2040875784","1412717641","0.413933"
"1412717641","2045369135","1.04727"
"2045369135","1412717641","1.04727"
"1412717641","2062987034","0.0434783"
"2062987034","1412717641","0.0434783"
"1412717641","2065128106","0.297266"
"2065128106","1412717641","0.297266"
"1412717641","2081933034","0.747266"
"2081933034","1412717641","0.747266"
"1412717641","2115914638","0.0434783"
"2115914638","1412717641","0.0434783"
"1412717641","2124790586","0.422266"
"2124790586","1412717641","0.422266"
"1412717641","2130891285","0.0434783"
"2130891285","1412717641","0.0434783"
"1412717641","2396312509","0.0434783"
"2396312509","1412717641","0.0434783"
"1412717641","2404514611","0.0434783"
"2404514611","1412717641","0.0434783"
"1412717641","2909858351","0.743478"
"2909858351","1412717641","0.743478"
"1412717641","5555932","0.288933"
"5555932","1412717641","0.288933"
"1488087612","1488801314","0.0434783"
"1488801314","1488087612","0.0434783"
"1488087612","1522684812","1.59884"
"1522684812","1488087612","1.59884"
"1488087612","1544041297","0.205978"
"1544041297","1488087612","0.205978"
"1488087612","1561451644","0.105978"
"1561451644","1488087612","0.105978"
"1488087612","1562508052","2.39467"
"1562508052","1488087612","2.39467"
"1488087612","1578843769","0.143478"
"1578843769","1488087612","0.143478"
"1488087612","1792116406","0.168478"
"1792116406","1488087612","0.168478"
"1488087612","1852114920","0.473835"
"1852114920","1488087612","0.473835"
"1488087612","1979795350","0.205978"
"1979795350","1488087612","0.205978"
"1488087612","2040875784","0.0434783"
"2040875784","1488087612","0.0434783"
"1488087612","2045369135","0.105978"
"2045369135","1488087612","0.105978"
"1488087612","2062987034","2.83217"
"2062987034","1488087612","2.83217"
"1488087612","2065128106","0.143478"
"2065128106","1488087612","0.143478"
"1488087612","2081933034","0.205978"
"2081933034","1488087612","0.205978"
"1488087612","2115914638","0.640502"
"2115914638","1488087612","0.640502"
"1488087612","2124790586","0.105978"
"2124790586","1488087612","0.105978"
"1488087612","2130891285","1.22384"
"2130891285","1488087612","1.22384"
"1488087612","2396312509","0.0434783"
"2396312509","1488087612","0.0434783"
"1488087612","2404514611","0.0434783"
"2404514611","1488087612","0.0434783"
"1488087612","2909858351","0.168478"
"2909858351","1488087612","0.168478"
"1488087612","5555932","0.0434783"
"5555932","1488087612","0.0434783"
"1488801314","1522684812","0.255599"
"1522684812","1488801314","0.255599"
"1488801314","1544041297","0.0889328"
"1544041297","1488801314","0.0889328"
"1488801314","1561451644","0.0889328"
"1561451644","1488801314","0.0889328"
"1488801314","1562508052","0.0434783"
"1562508052","1488801314","0.0434783"
"1488801314","1578843769","0.0889328"
"1578843769","1488801314","0.0889328"
"1488801314","1792116406","0.0889328"
"1792116406","1488801314","0.0889328"
"1488801314","1852114920","0.0434783"
"1852114920","1488801314","0.0434783"
"1488801314","1979795350","0.255599"
"1979795350","1488801314","0.255599"
"1488801314","2040875784","0.255599"
"2040875784","1488801314","0.255599"
"1488801314","2045369135","0.0889328"
"2045369135","1488801314","0.0889328"
"1488801314","2062987034","0.0434783"
"2062987034","1488801314","0.0434783"
"1488801314","2065128106","0.0889328"
"2065128106","1488801314","0.0889328"
"1488801314","2081933034","0.0889328"
"2081933034","1488801314","0.0889328"
"1488801314","2115914638","0.0434783"
"2115914638","1488801314","0.0434783"
"1488801314","2124790586","0.0889328"
"2124790586","1488801314","0.0889328"
"1488801314","2130891285","1.04348"
"2130891285","1488801314","1.04348"
"1488801314","2396312509","0.0434783"
"2396312509","1488801314","0.0434783"
"1488801314","2404514611","0.0434783"
"2404514611","1488801314","0.0434783"
"1488801314","2909858351","0.210145"
"2909858351","1488801314","0.210145"
"1488801314","5555932","0.0889328"
"5555932","1488801314","0.0889328"
"1522684812","1544041297","0.251433"
"1544041297","1522684812","0.251433"
"1522684812","1561451644","0.54429"
"1561451644","1522684812","0.54429"
"1522684812","1562508052","0.686335"
"1562508052","1522684812","0.686335"
"1522684812","1578843769","1.16512"
"1578843769","1522684812","1.16512"
"1522684812","1792116406","0.0889328"
"1792116406","1522684812","0.0889328"
"1522684812","1852114920","0.348835"
"1852114920","1522684812","0.348835"
"1522684812","1979795350","0.560957"
"1979795350","1522684812","0.560957"
"1522684812","2040875784","1.23179"
"2040875784","1522684812","1.23179"
"1522684812","2045369135","0.29429"
"2045369135","1522684812","0.29429"
"1522684812","2062987034","0.498835"
"2062987034","1522684812","0.498835"
"1522684812","2065128106","0.665123"
"2065128106","1522684812","0.665123"
"1522684812","2081933034","3.25143"
"2081933034","1522684812","3.25143"
"1522684812","2115914638","0.348835"
"2115914638","1522684812","0.348835"
"1522684812","2124790586","0.151433"
"2124790586","1522684812","0.151433"
"1522684812","2130891285","0.848835"
"2130891285","1522684812","0.848835"
"1522684812","2396312509","0.0434783"
"2396312509","1522684812","0.0434783"
"1522684812","2404514611","0.0434783"
"2404514611","1522684812","0.0434783"
"1522684812","2909858351","1.71014"
"2909858351","1522684812","1.71014"
"1522684812","5555932","0.0889328"
"5555932","1522684812","0.0889328"
"1544041297","1561451644","0.401433"
"1561451644","1544041297","0.401433"
"1544041297","1562508052","0.0434783"
"1562508052","1544041297","0.0434783"
"1544041297","1578843769","0.288933"
"1578843769","1544041297","0.288933"
"1544041297","1792116406","0.0889328"
"1792116406","1544041297","0.0889328"
"1544041297","1852114920","0.205978"
"1852114920","1544041297","0.205978"
"1544041297","1979795350","1.68477"
"1979795350","1544041297","1.68477"
"1544041297","2040875784","0.522266"
"2040875784","1544041297","0.522266"
"1544041297","2045369135","0.484766"
"2045369135","1544041297","0.484766"
"1544041297","2062987034","0.105978"
"2062987034","1544041297","0.105978"
"1544041297","2065128106","0.372266"
"2065128106","1544041297","0.372266"
"1544041297","2081933034","0.251433"
"2081933034","1544041297","0.251433"
"1544041297","2115914638","0.205978"
"2115914638","1544041297","0.205978"
"1544041297","2124790586","0.151433"
"2124790586","1544041297","0.151433"
"1544041297","2130891285","0.205978"
"2130891285","1544041297","0.205978"
"1544041297","2396312509","0.0434783"
"2396312509","1544041297","0.0434783"
"1544041297","2404514611","0.0434783"
"2404514611","1544041297","0.0434783"
"1544041297","2909858351","0.0434783"
"2909858351","1544041297","0.0434783"
"1544041297","5555932","0.0889328"
"5555932","1544041297","0.0889328"
"1561451644","1562508052","0.626812"
"1562508052","1561451644","0.626812"
"1561451644","1578843769","0.35679"
"1578843769","1561451644","0.35679"
"1561451644","1792116406","1.08893"
"1792116406","1561451644","1.08893"
"1561451644","1852114920","0.105978"
"1852114920","1561451644","0.105978"
"1561451644","1979795350","0.54429"
"1979795350","1561451644","0.54429"
"1561451644","2040875784","1.60679"
"2040875784","1561451644","1.60679"
"1561451644","2045369135","3.33596"
"2045369135","1561451644","3.33596"
"1561451644","2062987034","0.105978"
"2062987034","1561451644","0.105978"
"1561451644","2065128106","0.35679"
"2065128106","1561451644","0.35679"
"1561451644","2081933034","0.276433"
"2081933034","1561451644","0.276433"
"1561451644","2115914638","0.105978"
"2115914638","1561451644","0.105978"
"1561451644","2124790586","0.151433"
"2124790586","1561451644","0.151433"
"1561451644","2130891285","0.689312"
"2130891285","1561451644","0.689312"
"1561451644","2396312509","0.0434783"
"2396312509","1561451644","0.0434783"
"1561451644","2404514611","0.0434783"
"2404514611","1561451644","0.0434783"
"1561451644","2909858351","0.0434783"
"2909858351","1561451644","0.0434783"
"1561451644","5555932","0.338933"
"5555932","1561451644","0.338933"
"1562508052","1578843769","0.0434783"
"1578843769","1562508052","0.0434783"
"1562508052","1792116406","0.168478"
"1792116406","1562508052","0.168478"
"1562508052","1852114920","1.31134"
"1852114920","1562508052","1.31134"
"1562508052","1979795350","0.0434783"
"1979795350","1562508052","0.0434783"
"1562508052","2040875784","0.543478"
"2040875784","1562508052","0.543478"
"1562508052","2045369135","0.0434783"
"2045369135","1562508052","0.0434783"
"1562508052","2062987034","3.26967"
"2062987034","1562508052","3.26967"
"1562508052","2065128106","0.0434783"
"2065128106","1562508052","0.0434783"
"1562508052","2081933034","0.376812"
"2081933034","1562508052","0.376812"
"1562508052","2115914638","0.978002"
"2115914638","1562508052","0.978002"
"1562508052","2124790586","0.0434783"
"2124790586","1562508052","0.0434783"
"1562508052","2130891285","3.64467"
"2130891285","1562508052","3.64467"
"1562508052","2396312509","0.0434783"
"2396312509","1562508052","0.0434783"
"1562508052","2404514611","0.0434783"
"2404514611","1562508052","0.0434783"
"1562508052","2909858351","0.501812"
"2909858351","1562508052","0.501812"
"1562508052","5555932","0.0434783"
"5555932","1562508052","0.0434783"
"1578843769","1792116406","0.338933"
"1792116406","1578843769","0.338933"
"1578843769","1852114920","0.143478"
"1852114920","1578843769","0.143478"
"1578843769","1979795350","0.574647"
"1979795350","1578843769","0.574647"
"1578843769","2040875784","3.29965"
"2040875784","1578843769","3.29965"
"1578843769","2045369135","0.80679"
"2045369135","1578843769","0.80679"
"1578843769","2062987034","0.0434783"
"2062987034","1578843769","0.0434783"
"1578843769","2065128106","3.39965"
"2065128106","1578843769","3.39965"
"1578843769","2081933034","1.14727"
"2081933034","1578843769","1.14727"
"1578843769","2115914638","0.143478"
"2115914638","1578843769","0.143478"
"1578843769","2124790586","0.0889328"
"2124790586","1578843769","0.0889328"
"1578843769","2130891285","0.143478"
"2130891285","1578843769","0.143478"
"1578843769","2396312509","0.0434783"
"2396312509","1578843769","0.0434783"
"1578843769","2404514611","0.0434783"
"2404514611","1578843769","0.0434783"
"1578843769","2909858351","0.0434783"
"2909858351","1578843769","0.0434783"
"1578843769","5555932","0.23179"
"5555932","1578843769","0.23179"
"1792116406","1852114920","0.168478"
"1852114920","1792116406","0.168478"
"1792116406","1979795350","0.0889328"
"1979795350","1792116406","0.0889328"
"1792116406","2040875784","0.538933"
"2040875784","1792116406","0.538933"
"1792116406","2045369135","1.83893"
"2045369135","1792116406","1.83893"
"1792116406","2062987034","0.293478"
"2062987034","1792116406","0.293478"
"1792116406","2065128106","0.588933"
"2065128106","1792116406","0.588933"
"1792116406","2081933034","0.622266"
"2081933034","1792116406","0.622266"
"1792116406","2115914638","0.168478"
"2115914638","1792116406","0.168478"
"1792116406","2124790586","1.33893"
"2124790586","1792116406","1.33893"
"1792116406","2130891285","0.418478"
"2130891285","1792116406","0.418478"
"1792116406","2396312509","0.0434783"
"2396312509","1792116406","0.0434783"
"1792116406","2404514611","0.0434783"
"2404514611","1792116406","0.0434783"
"1792116406","2909858351","0.368478"
"2909858351","1792116406","0.368478"
"1792116406","5555932","0.288933"
"5555932","1792116406","0.288933"
"1852114920","1979795350","0.205978"
"1979795350","1852114920","0.205978"
"1852114920","2040875784","0.0434783"
"2040875784","1852114920","0.0434783"
"1852114920","2045369135","0.105978"
"2045369135","1852114920","0.105978"
"1852114920","2062987034","0.248835"
"2062987034","1852114920","0.248835"
"1852114920","2065128106","0.143478"
"2065128106","1852114920","0.143478"
"1852114920","2081933034","0.705978"
"2081933034","1852114920","0.705978"
"1852114920","2115914638","0.473835"
"2115914638","1852114920","0.473835"
"1852114920","2124790586","0.605978"
"2124790586","1852114920","0.605978"
"1852114920","2130891285","0.473835"
"2130891285","1852114920","0.473835"
"1852114920","2396312509","0.0434783"
"2396312509","1852114920","0.0434783"
"1852114920","2404514611","0.0434783"
"2404514611","1852114920","0.0434783"
"1852114920","2909858351","0.168478"
"2909858351","1852114920","0.168478"
"1852114920","5555932","0.0434783"
"5555932","1852114920","0.0434783"
"1979795350","2040875784","3.30798"
"2040875784","1979795350","3.30798"
"1979795350","2045369135","0.29429"
"2045369135","1979795350","0.29429"
"1979795350","2062987034","0.355978"
"2062987034","1979795350","0.355978"
"1979795350","2065128106","0.574647"
"2065128106","1979795350","0.574647"
"1979795350","2081933034","0.251433"
"2081933034","1979795350","0.251433"
"1979795350","2115914638","0.455978"
"2115914638","1979795350","0.455978"
"1979795350","2124790586","0.151433"
"2124790586","1979795350","0.151433"
"1979795350","2130891285","0.455978"
"2130891285","1979795350","0.455978"
"1979795350","2396312509","0.0434783"
"2396312509","1979795350","0.0434783"
"1979795350","2404514611","0.0434783"
"2404514611","1979795350","0.0434783"
"1979795350","2909858351","0.210145"
"2909858351","1979795350","0.210145"
"1979795350","5555932","0.815123"
"5555932","1979795350","0.815123"
"2040875784","2045369135","1.05679"
"2045369135","2040875784","1.05679"
"2040875784","2062987034","0.293478"
"2062987034","2040875784","0.293478"
"2040875784","2065128106","3.29965"
"2065128106","2040875784","3.29965"
"2040875784","2081933034","0.747266"
"2081933034","2040875784","0.747266"
"2040875784","2115914638","0.293478"
"2115914638","2040875784","0.293478"
"2040875784","2124790586","0.338933"
"2124790586","2040875784","0.338933"
"2040875784","2130891285","1.04348"
"2130891285","2040875784","1.04348"
"2040875784","2396312509","0.0434783"
"2396312509","2040875784","0.0434783"
"2040875784","2404514611","0.0434783"
"2404514611","2040875784","0.0434783"
"2040875784","2909858351","0.910145"
"2909858351","2040875784","0.910145"
"2040875784","5555932","1.01512"
"5555932","2040875784","1.01512"
"2045369135","2062987034","0.105978"
"2062987034","2045369135","0.105978"
"2045369135","2065128106","2.14012"
"2065128106","2045369135","2.14012"
"2045369135","2081933034","0.276433"
"2081933034","2045369135","0.276433"
"2045369135","2115914638","0.105978"
"2115914638","2045369135","0.105978"
"2045369135","2124790586","0.151433"
"2124790586","2045369135","0.151433"
"2045369135","2130891285","1.10598"
"2130891285","2045369135","1.10598"
"2045369135","2396312509","0.0434783"
"2396312509","2045369135","0.0434783"
"2045369135","2404514611","0.0434783"
"2404514611","2045369135","0.0434783"
"2045369135","2909858351","0.0434783"
"2909858351","2045369135","0.0434783"
"2045369135","5555932","0.0889328"
"5555932","2045369135","0.0889328"
"2062987034","2065128106","0.0434783"
"2065128106","2062987034","0.0434783"
"2062987034","2081933034","0.105978"
"2081933034","2062987034","0.105978"
"2062987034","2115914638","0.998835"
"2115914638","2062987034","0.998835"
"2062987034","2124790586","0.105978"
"2124790586","2062987034","0.105978"
"2062987034","2130891285","3.08217"
"2130891285","2062987034","3.08217"
"2062987034","2396312509","0.0434783"
"2396312509","2062987034","0.0434783"
"2062987034","2404514611","0.0434783"
"2404514611","2062987034","0.0434783"
"2062987034","2909858351","0.0434783"
"2909858351","2062987034","0.0434783"
"2062987034","5555932","0.0434783"
"5555932","2062987034","0.0434783"
"2065128106","2081933034","2.14727"
"2081933034","2065128106","2.14727"
"2065128106","2115914638","0.643478"
"2115914638","2065128106","0.643478"
"2065128106","2124790586","0.0889328"
"2124790586","2065128106","0.0889328"
"2065128106","2130891285","0.643478"
"2130891285","2065128106","0.643478"
"2065128106","2396312509","0.0434783"
"2396312509","2065128106","0.0434783"
"2065128106","2404514611","0.0434783"
"2404514611","2065128106","0.0434783"
"2065128106","2909858351","0.0434783"
"2909858351","2065128106","0.0434783"
"2065128106","5555932","0.23179"
"5555932","2065128106","0.23179"
"2081933034","2115914638","0.205978"
"2115914638","2081933034","0.205978"
"2081933034","2124790586","0.651433"
"2124790586","2081933034","0.651433"
"2081933034","2130891285","0.205978"
"2130891285","2081933034","0.205978"
"2081933034","2396312509","0.543478"
"2396312509","2081933034","0.543478"
"2081933034","2404514611","0.543478"
"2404514611","2081933034","0.543478"
"2081933034","2909858351","0.576812"
"2909858351","2081933034","0.576812"
"2081933034","5555932","0.288933"
"5555932","2081933034","0.288933"
"2115914638","2124790586","0.105978"
"2124790586","2115914638","0.105978"
"2115914638","2130891285","4.05717"
"2130891285","2115914638","4.05717"
"2115914638","2396312509","0.0434783"
"2396312509","2115914638","0.0434783"
"2115914638","2404514611","0.0434783"
"2404514611","2115914638","0.0434783"
"2115914638","2909858351","0.168478"
"2909858351","2115914638","0.168478"
"2115914638","5555932","0.0434783"
"5555932","2115914638","0.0434783"
"2124790586","2130891285","1.35598"
"2130891285","2124790586","1.35598"
"2124790586","2396312509","0.0434783"
"2396312509","2124790586","0.0434783"
"2124790586","2404514611","0.0434783"
"2404514611","2124790586","0.0434783"
"2124790586","2909858351","0.0434783"
"2909858351","2124790586","0.0434783"
"2124790586","5555932","0.0889328"
"5555932","2124790586","0.0889328"
"2130891285","2396312509","0.0434783"
"2396312509","2130891285","0.0434783"
"2130891285","2404514611","0.0434783"
"2404514611","2130891285","0.0434783"
"2130891285","2909858351","0.168478"
"2909858351","2130891285","0.168478"
"2130891285","5555932","0.0434783"
"5555932","2130891285","0.0434783"
"2396312509","2404514611","3.87681"
"2404514611","2396312509","3.87681"
"2396312509","2909858351","0.0434783"
"2909858351","2396312509","0.0434783"
"2396312509","5555932","0.0434783"
"5555932","2396312509","0.0434783"
"2404514611","2909858351","0.0434783"
"2909858351","2404514611","0.0434783"
"2404514611","5555932","0.0434783"
"5555932","2404514611","0.0434783"
"2909858351","5555932","0.243478"
"5555932","2909858351","0.243478"
"112652389","1533474900","0.3125"
"1533474900","112652389","0.3125"
"112652389","2037960054","0.25"
"2037960054","112652389","0.25"
"1533474900","1792116406","0.375"
"1792116406","1533474900","0.375"
"1533474900","2037960054","6.54167"
"2037960054","1533474900","6.54167"
"1533474900","2062987034","0.479167"
"2062987034","1533474900","0.479167"
"1792116406","2037960054","0.375"
"2037960054","1792116406","0.375"
"2037960054","2062987034","0.916667"
"2062987034","2037960054","0.916667"
"112652389","2025372140","0.0625"
"2025372140","112652389","0.0625"
"112652389","2051177937","0.0625"
"2051177937","112652389","0.0625"
"112652389","2055666124","0.0625"
"2055666124","112652389","0.0625"
"1488087612","1533474900","0.354167"
"1533474900","1488087612","0.354167"
"1488087612","2025372140","0.0625"
"2025372140","1488087612","0.0625"
"1488087612","2051177937","0.0625"
"2051177937","1488087612","0.0625"
"1488087612","2055666124","0.0625"
"2055666124","1488087612","0.0625"
"1522684812","1533474900","0.0625"
"1533474900","1522684812","0.0625"
"1522684812","2025372140","0.107955"
"2025372140","1522684812","0.107955"
"1522684812","2051177937","0.0625"
"2051177937","1522684812","0.0625"
"1522684812","2055666124","0.0625"
"2055666124","1522684812","0.0625"
"1533474900","1544041297","0.0625"
"1544041297","1533474900","0.0625"
"1533474900","1561451644","0.395833"
"1561451644","1533474900","0.395833"
"1533474900","1852114920","0.1875"
"1852114920","1533474900","0.1875"
"1533474900","1979795350","0.0625"
"1979795350","1533474900","0.0625"
"1533474900","2025372140","0.0625"
"2025372140","1533474900","0.0625"
"1533474900","2045369135","0.0625"
"2045369135","1533474900","0.0625"
"1533474900","2051177937","0.0625"
"2051177937","1533474900","0.0625"
"1533474900","2055666124","0.0625"
"2055666124","1533474900","0.0625"
"1533474900","2081933034","0.395833"
"2081933034","1533474900","0.395833"
"1533474900","2115914638","0.854167"
"2115914638","1533474900","0.854167"
"1533474900","2124790586","0.0625"
"2124790586","1533474900","0.0625"
"1533474900","2130891285","1.1875"
"2130891285","1533474900","1.1875"
"1544041297","2025372140","0.207955"
"2025372140","1544041297","0.207955"
"1544041297","2051177937","0.0625"
"2051177937","1544041297","0.0625"
"1544041297","2055666124","0.173611"
"2055666124","1544041297","0.173611"
"1561451644","2025372140","1.77462"
"2025372140","1561451644","1.77462"
"1561451644","2051177937","0.0625"
"2051177937","1561451644","0.0625"
"1561451644","2055666124","0.0625"
"2055666124","1561451644","0.0625"
"1852114920","2025372140","0.0625"
"2025372140","1852114920","0.0625"
"1852114920","2051177937","0.0625"
"2051177937","1852114920","0.0625"
"1852114920","2055666124","0.0625"
"2055666124","1852114920","0.0625"
"1979795350","2025372140","0.207955"
"2025372140","1979795350","0.207955"
"1979795350","2051177937","0.0625"
"2051177937","1979795350","0.0625"
"1979795350","2055666124","0.0625"
"2055666124","1979795350","0.0625"
"2025372140","2045369135","1.77462"
"2045369135","2025372140","1.77462"
"2025372140","2051177937","0.0625"
"2051177937","2025372140","0.0625"
"2025372140","2055666124","0.0625"
"2055666124","2025372140","0.0625"
"2025372140","2062987034","0.0625"
"2062987034","2025372140","0.0625"
"2025372140","2081933034","1.10795"
"2081933034","2025372140","1.10795"
"2025372140","2115914638","0.0625"
"2115914638","2025372140","0.0625"
"2025372140","2124790586","0.107955"
"2124790586","2025372140","0.107955"
"2025372140","2130891285","0.0625"
"2130891285","2025372140","0.0625"
"2045369135","2051177937","0.0625"
"2051177937","2045369135","0.0625"
"2045369135","2055666124","0.0625"
"2055666124","2045369135","0.0625"
"2051177937","2055666124","7.4625"
"2055666124","2051177937","7.4625"
"2051177937","2062987034","0.0625"
"2062987034","2051177937","0.0625"
"2051177937","2081933034","0.0625"
"2081933034","2051177937","0.0625"
"2051177937","2115914638","0.0625"
"2115914638","2051177937","0.0625"
"2051177937","2124790586","0.0625"
"2124790586","2051177937","0.0625"
"2051177937","2130891285","0.0625"
"2130891285","2051177937","0.0625"
"2055666124","2062987034","0.0625"
"2062987034","2055666124","0.0625"
"2055666124","2081933034","0.0625"
"2081933034","2055666124","0.0625"
"2055666124","2115914638","0.0625"
"2115914638","2055666124","0.0625"
"2055666124","2124790586","1.0625"
"2124790586","2055666124","1.0625"
"2055666124","2130891285","0.0625"
"2130891285","2055666124","0.0625"
"1412717641","2056990296","5.46609"
"2056990296","1412717641","5.46609"
"1792116406","2056990296","0.378788"
"2056990296","1792116406","0.378788"
"2056990296","2081933034","0.378788"
"2081933034","2056990296","0.378788"
"1412717641","2047297846","3.39444"
"2047297846","1412717641","3.39444"
"1412717641","1991989865","4.02165"
"1991989865","1412717641","4.02165"
"1412717641","196941318","2.81111"
"196941318","1412717641","2.81111"
"1412717641","2055666124","1.89444"
"2055666124","1412717641","1.89444"
"196941318","2055666124","2.84444"
"2055666124","196941318","2.84444"
"196941318","2056990296","0.611111"
"2056990296","196941318","0.611111"
"1412717641","2100231298","2.02778"
"2100231298","1412717641","2.02778"
"1991989865","2100231298","0.583333"
"2100231298","1991989865","0.583333"
"1412717641","1493355142","0.878788"
"1493355142","1412717641","0.878788"
"1412717641","2102350408","0.632756"
"2102350408","1412717641","0.632756"
"1412717641","2106736171","0.712302"
"2106736171","1412717641","0.712302"
"1493355142","2047297846","0.25"
"2047297846","1493355142","0.25"
"1493355142","2102350408","0.378788"
"2102350408","1493355142","0.378788"
"1493355142","2106736171","0.333333"
"2106736171","1493355142","0.333333"
"2047297846","2102350408","0.361111"
"2102350408","2047297846","0.361111"
"2047297846","2106736171","0.861111"
"2106736171","2047297846","0.861111"
"2102350408","2106736171","1.8373"
"2106736171","2102350408","1.8373"
"1412717641","2162671037","0.694444"
"2162671037","1412717641","0.694444"
"1544041297","196941318","0.444444"
"196941318","1544041297","0.444444"
"1544041297","2047297846","0.444444"
"2047297846","1544041297","0.444444"
"1544041297","2056990296","0.156566"
"2056990296","1544041297","0.156566"
"1544041297","2100231298","1.02778"
"2100231298","1544041297","1.02778"
"1544041297","2102350408","0.489899"
"2102350408","1544041297","0.489899"
"1544041297","2106736171","0.444444"
"2106736171","1544041297","0.444444"
"1544041297","2162671037","0.794444"
"2162671037","1544041297","0.794444"
"196941318","2047297846","2.17778"
"2047297846","196941318","2.17778"
"196941318","2100231298","0.194444"
"2100231298","196941318","0.194444"
"196941318","2102350408","0.944444"
"2102350408","196941318","0.944444"
"196941318","2106736171","2.19444"
"2106736171","196941318","2.19444"
"196941318","2162671037","0.194444"
"2162671037","196941318","0.194444"
"2047297846","2055666124","1.51111"
"2055666124","2047297846","1.51111"
"2047297846","2056990296","0.111111"
"2056990296","2047297846","0.111111"
"2047297846","2100231298","0.444444"
"2100231298","2047297846","0.444444"
"2047297846","2162671037","0.111111"
"2162671037","2047297846","0.111111"
"2055666124","2056990296","0.111111"
"2056990296","2055666124","0.111111"
"2055666124","2100231298","0.111111"
"2100231298","2055666124","0.111111"
"2055666124","2102350408","0.611111"
"2102350408","2055666124","0.611111"
"2055666124","2106736171","1.36111"
"2106736171","2055666124","1.36111"
"2055666124","2162671037","0.111111"
"2162671037","2055666124","0.111111"
"2056990296","2100231298","0.111111"
"2100231298","2056990296","0.111111"
"2056990296","2102350408","0.299423"
"2102350408","2056990296","0.299423"
"2056990296","2106736171","0.253968"
"2106736171","2056990296","0.253968"
"2056990296","2162671037","0.111111"
"2162671037","2056990296","0.111111"
"2100231298","2102350408","0.194444"
"2102350408","2100231298","0.194444"
"2100231298","2106736171","0.194444"
"2106736171","2100231298","0.194444"
"2100231298","2162671037","0.694444"
"2162671037","2100231298","0.694444"
"2102350408","2162671037","0.194444"
"2162671037","2102350408","0.194444"
"2106736171","2162671037","0.194444"
"2162671037","2106736171","0.194444"
"1412717641","2089585678","0.47619"
"2089585678","1412717641","0.47619"
"2056990296","2089585678","0.47619"
"2089585678","2056990296","0.47619"
"2056990296","2124790586","0.378788"
"2124790586","2056990296","0.378788"
"2089585678","2124790586","0.333333"
"2124790586","2089585678","0.333333"
"1412717641","1579739532","0.333333"
"1579739532","1412717641","0.333333"
"1579739532","2047297846","0.533333"
"2047297846","1579739532","0.533333"
"1579739532","2055666124","0.533333"
"2055666124","1579739532","0.533333"
"1412717641","2097935678","2.25952"
"2097935678","1412717641","2.25952"
"196941318","2097935678","4.23333"
"2097935678","196941318","4.23333"
"2047297846","2097935678","3.73333"
"2097935678","2047297846","3.73333"
"1412717641","2051177937","0.95"
"2051177937","1412717641","0.95"
"196941318","2051177937","1.73333"
"2051177937","196941318","1.73333"
"2051177937","2097935678","1.9"
"2097935678","2051177937","1.9"
"2055666124","2097935678","2.4"
"2097935678","2055666124","2.4"
"1412717641","2405899951","0.0833333"
"2405899951","1412717641","0.0833333"
"1412717641","85571814","0.253788"
"85571814","1412717641","0.253788"
"1493355142","1544041297","0.128788"
"1544041297","1493355142","0.128788"
"1493355142","196941318","0.0833333"
"196941318","1493355142","0.0833333"
"1493355142","1991989865","0.628788"
"1991989865","1493355142","0.628788"
"1493355142","2045369135","0.128788"
"2045369135","1493355142","0.128788"
"1493355142","2065128106","0.128788"
"2065128106","1493355142","0.128788"
"1493355142","2100231298","0.0833333"
"2100231298","1493355142","0.0833333"
"1493355142","2162671037","0.0833333"
"2162671037","1493355142","0.0833333"
"1493355142","2405899951","0.0833333"
"2405899951","1493355142","0.0833333"
"1493355142","85571814","0.128788"
"85571814","1493355142","0.128788"
"1544041297","1991989865","2.07879"
"1991989865","1544041297","2.07879"
"1544041297","2405899951","0.0833333"
"2405899951","1544041297","0.0833333"
"1544041297","85571814","0.378788"
"85571814","1544041297","0.378788"
"196941318","1991989865","0.0833333"
"1991989865","196941318","0.0833333"
"196941318","2045369135","0.0833333"
"2045369135","196941318","0.0833333"
"196941318","2065128106","0.0833333"
"2065128106","196941318","0.0833333"
"196941318","2405899951","0.0833333"
"2405899951","196941318","0.0833333"
"196941318","85571814","0.333333"
"85571814","196941318","0.333333"
"1991989865","2045369135","1.22164"
"2045369135","1991989865","1.22164"
"1991989865","2065128106","0.814502"
"2065128106","1991989865","0.814502"
"1991989865","2102350408","0.271645"
"2102350408","1991989865","0.271645"
"1991989865","2106736171","0.22619"
"2106736171","1991989865","0.22619"
"1991989865","2162671037","0.683333"
"2162671037","1991989865","0.683333"
"1991989865","2405899951","0.0833333"
"2405899951","1991989865","0.0833333"
"1991989865","85571814","0.628788"
"85571814","1991989865","0.628788"
"2045369135","2100231298","0.0833333"
"2100231298","2045369135","0.0833333"
"2045369135","2102350408","0.128788"
"2102350408","2045369135","0.128788"
"2045369135","2106736171","0.208333"
"2106736171","2045369135","0.208333"
"2045369135","2162671037","0.0833333"
"2162671037","2045369135","0.0833333"
"2045369135","2405899951","0.0833333"
"2405899951","2045369135","0.0833333"
"2045369135","85571814","0.503788"
"85571814","2045369135","0.503788"
"2065128106","2100231298","0.0833333"
"2100231298","2065128106","0.0833333"
"2065128106","2102350408","0.128788"
"2102350408","2065128106","0.128788"
"2065128106","2106736171","0.208333"
"2106736171","2065128106","0.208333"
"2065128106","2162671037","0.183333"
"2162671037","2065128106","0.183333"
"2065128106","2405899951","0.0833333"
"2405899951","2065128106","0.0833333"
"2065128106","85571814","0.253788"
"85571814","2065128106","0.253788"
"2100231298","2405899951","0.0833333"
"2405899951","2100231298","0.0833333"
"2100231298","85571814","0.0833333"
"85571814","2100231298","0.0833333"
"2102350408","2405899951","0.0833333"
"2405899951","2102350408","0.0833333"
"2102350408","85571814","0.378788"
"85571814","2102350408","0.378788"
"2106736171","2405899951","0.0833333"
"2405899951","2106736171","0.0833333"
"2106736171","85571814","1.45833"
"85571814","2106736171","1.45833"
"2162671037","2405899951","0.0833333"
"2405899951","2162671037","0.0833333"
"2162671037","85571814","0.0833333"
"85571814","2162671037","0.0833333"
"2405899951","85571814","0.0833333"
"85571814","2405899951","0.0833333"
"2047297846","2051177937","1.06667"
"2051177937","2047297846","1.06667"
"1412717641","2025372140","1.18831"
"2025372140","1412717641","1.18831"
"1412717641","2098022467","0.0454545"
"2098022467","1412717641","0.0454545"
"1412717641","2896330230","0.0454545"
"2896330230","1412717641","0.0454545"
"1412717641","64142282","0.0454545"
"64142282","1412717641","0.0454545"
"1488801314","1493355142","0.212121"
"1493355142","1488801314","0.212121"
"1488801314","1991989865","0.0454545"
"1991989865","1488801314","0.0454545"
"1488801314","2025372140","0.0454545"
"2025372140","1488801314","0.0454545"
"1488801314","2056990296","0.0454545"
"2056990296","1488801314","0.0454545"
"1488801314","2098022467","0.212121"
"2098022467","1488801314","0.212121"
"1488801314","2102350408","0.0454545"
"2102350408","1488801314","0.0454545"
"1488801314","2896330230","0.0454545"
"2896330230","1488801314","0.0454545"
"1488801314","64142282","0.0454545"
"64142282","1488801314","0.0454545"
"1488801314","85571814","0.0454545"
"85571814","1488801314","0.0454545"
"1493355142","1522684812","0.212121"
"1522684812","1493355142","0.212121"
"1493355142","1561451644","0.0454545"
"1561451644","1493355142","0.0454545"
"1493355142","1578843769","0.0454545"
"1578843769","1493355142","0.0454545"
"1493355142","1792116406","0.0454545"
"1792116406","1493355142","0.0454545"
"1493355142","1979795350","1.21212"
"1979795350","1493355142","1.21212"
"1493355142","2025372140","0.0454545"
"2025372140","1493355142","0.0454545"
"1493355142","2040875784","0.212121"
"2040875784","1493355142","0.212121"
"1493355142","2056990296","0.0454545"
"2056990296","1493355142","0.0454545"
"1493355142","2081933034","0.0454545"
"2081933034","1493355142","0.0454545"
"1493355142","2098022467","0.212121"
"2098022467","1493355142","0.212121"
"1493355142","2124790586","0.0454545"
"2124790586","1493355142","0.0454545"
"1493355142","2896330230","0.0454545"
"2896330230","1493355142","0.0454545"
"1493355142","5555932","0.0454545"
"5555932","1493355142","0.0454545"
"1493355142","64142282","0.0454545"
"64142282","1493355142","0.0454545"
"1522684812","1991989865","0.288312"
"1991989865","1522684812","0.288312"
"1522684812","2056990296","0.0454545"
"2056990296","1522684812","0.0454545"
"1522684812","2098022467","0.712121"
"2098022467","1522684812","0.712121"
"1522684812","2102350408","0.0454545"
"2102350408","1522684812","0.0454545"
"1522684812","2896330230","0.0454545"
"2896330230","1522684812","0.0454545"
"1522684812","64142282","0.0454545"
"64142282","1522684812","0.0454545"
"1522684812","85571814","0.545455"
"85571814","1522684812","0.545455"
"1544041297","2098022467","0.478788"
"2098022467","1544041297","0.478788"
"1544041297","2896330230","0.0454545"
"2896330230","1544041297","0.0454545"
"1544041297","64142282","0.145455"
"64142282","1544041297","0.145455"
"1561451644","1991989865","0.438312"
"1991989865","1561451644","0.438312"
"1561451644","2056990296","0.0454545"
"2056990296","1561451644","0.0454545"
"1561451644","2098022467","0.0454545"
"2098022467","1561451644","0.0454545"
"1561451644","2102350408","0.0454545"
"2102350408","1561451644","0.0454545"
"1561451644","2896330230","0.0454545"
"2896330230","1561451644","0.0454545"
"1561451644","64142282","0.295455"
"64142282","1561451644","0.295455"
"1561451644","85571814","0.170455"
"85571814","1561451644","0.170455"
"1578843769","1991989865","1.23117"
"1991989865","1578843769","1.23117"
"1578843769","2025372140","0.645455"
"2025372140","1578843769","0.645455"
"1578843769","2056990296","0.0454545"
"2056990296","1578843769","0.0454545"
"1578843769","2098022467","0.488312"
"2098022467","1578843769","0.488312"
"1578843769","2102350408","0.0454545"
"2102350408","1578843769","0.0454545"
"1578843769","2896330230","0.0454545"
"2896330230","1578843769","0.0454545"
"1578843769","64142282","0.288312"
"64142282","1578843769","0.288312"
"1578843769","85571814","2.92045"
"85571814","1578843769","2.92045"
"1792116406","1991989865","0.0454545"
"1991989865","1792116406","0.0454545"
"1792116406","2025372140","0.0454545"
"2025372140","1792116406","0.0454545"
"1792116406","2098022467","0.0454545"
"2098022467","1792116406","0.0454545"
"1792116406","2102350408","0.0454545"
"2102350408","1792116406","0.0454545"
"1792116406","2896330230","0.0454545"
"2896330230","1792116406","0.0454545"
"1792116406","64142282","0.0454545"
"64142282","1792116406","0.0454545"
"1792116406","85571814","0.545455"
"85571814","1792116406","0.545455"
"1979795350","1991989865","1.03117"
"1991989865","1979795350","1.03117"
"1979795350","2056990296","0.0454545"
"2056990296","1979795350","0.0454545"
"1979795350","2098022467","0.788312"
"2098022467","1979795350","0.788312"
"1979795350","2102350408","0.0454545"
"2102350408","1979795350","0.0454545"
"1979795350","2896330230","0.0454545"
"2896330230","1979795350","0.0454545"
"1979795350","64142282","0.871645"
"64142282","1979795350","0.871645"
"1979795350","85571814","0.0454545"
"85571814","1979795350","0.0454545"
"1991989865","2025372140","0.288312"
"2025372140","1991989865","0.288312"
"1991989865","2040875784","1.13117"
"2040875784","1991989865","1.13117"
"1991989865","2056990296","0.188312"
"2056990296","1991989865","0.188312"
"1991989865","2081933034","0.145455"
"2081933034","1991989865","0.145455"
"1991989865","2098022467","0.488312"
"2098022467","1991989865","0.488312"
"1991989865","2124790586","0.0454545"
"2124790586","1991989865","0.0454545"
"1991989865","2896330230","0.0454545"
"2896330230","1991989865","0.0454545"
"1991989865","5555932","0.188312"
"5555932","1991989865","0.188312"
"1991989865","64142282","0.288312"
"64142282","1991989865","0.288312"
"2025372140","2040875784","0.145455"
"2040875784","2025372140","0.145455"
"2025372140","2056990296","0.188312"
"2056990296","2025372140","0.188312"
"2025372140","2065128106","0.145455"
"2065128106","2025372140","0.145455"
"2025372140","2098022467","0.145455"
"2098022467","2025372140","0.145455"
"2025372140","2102350408","0.188312"
"2102350408","2025372140","0.188312"
"2025372140","2896330230","0.0454545"
"2896330230","2025372140","0.0454545"
"2025372140","5555932","0.0454545"
"5555932","2025372140","0.0454545"
"2025372140","64142282","0.145455"
"64142282","2025372140","0.145455"
"2025372140","85571814","0.0454545"
"85571814","2025372140","0.0454545"
"2040875784","2056990296","0.0454545"
"2056990296","2040875784","0.0454545"
"2040875784","2098022467","0.988312"
"2098022467","2040875784","0.988312"
"2040875784","2102350408","0.0454545"
"2102350408","2040875784","0.0454545"
"2040875784","2896330230","0.0454545"
"2896330230","2040875784","0.0454545"
"2040875784","64142282","0.871645"
"64142282","2040875784","0.871645"
"2040875784","85571814","0.920455"
"85571814","2040875784","0.920455"
"2045369135","2056990296","0.0454545"
"2056990296","2045369135","0.0454545"
"2045369135","2098022467","0.245455"
"2098022467","2045369135","0.245455"
"2045369135","2896330230","0.0454545"
"2896330230","2045369135","0.0454545"
"2045369135","64142282","0.0454545"
"64142282","2045369135","0.0454545"
