"1495712891","2015984367","16"
"2015984367","1495712891","16"
"1495712891","1971875656","0.5"
"1971875656","1495712891","0.5"
"1971875656","2015984367","0.5"
"2015984367","1971875656","0.5"
"1495712891","2158326792","0.5"
"2158326792","1495712891","0.5"
"2015984367","2158326792","0.5"
"2158326792","2015984367","0.5"
"1498121772","1535733884","0.166667"
"1535733884","1498121772","0.166667"
"1498121772","1590783861","0.642857"
"1590783861","1498121772","0.642857"
"1498121772","1602780605","1.22619"
"1602780605","1498121772","1.22619"
"1498121772","1753159665","0.309524"
"1753159665","1498121772","0.309524"
"1498121772","2045428791","1.22619"
"2045428791","1498121772","1.22619"
"1498121772","2054865498","0.642857"
"2054865498","1498121772","0.642857"
"1535733884","1590783861","0.309524"
"1590783861","1535733884","0.309524"
"1535733884","1602780605","0.309524"
"1602780605","1535733884","0.309524"
"1535733884","1753159665","0.416667"
"1753159665","1535733884","0.416667"
"1535733884","2045428791","0.309524"
"2045428791","1535733884","0.309524"
"1535733884","2054865498","0.309524"
"2054865498","1535733884","0.309524"
"1590783861","1602780605","0.702381"
"1602780605","1590783861","0.702381"
"1590783861","1753159665","1.22619"
"1753159665","1590783861","1.22619"
"1590783861","2045428791","0.702381"
"2045428791","1590783861","0.702381"
"1590783861","2054865498","1.78571"
"2054865498","1590783861","1.78571"
"1602780605","1753159665","0.509524"
"1753159665","1602780605","0.509524"
"1602780605","2045428791","2.65238"
"2045428791","1602780605","2.65238"
"1602780605","2054865498","0.702381"
"2054865498","1602780605","0.702381"
"1753159665","2045428791","0.509524"
"2045428791","1753159665","0.509524"
"1753159665","2054865498","0.759524"
"2054865498","1753159665","0.759524"
"2045428791","2054865498","0.702381"
"2054865498","2045428791","0.702381"
"1498121772","2098391686","0.809524"
"2098391686","1498121772","0.809524"
"1602780605","2098391686","1.98571"
"2098391686","1602780605","1.98571"
"2045428791","2098391686","1.98571"
"2098391686","2045428791","1.98571"
"1498121772","1887091600","0.333333"
"1887091600","1498121772","0.333333"
"1590783861","1887091600","2"
"1887091600","1590783861","2"
"1887091600","2054865498","0.833333"
"2054865498","1887091600","0.833333"
"1498121772","1548761283","1.14286"
"1548761283","1498121772","1.14286"
"1498121772","1971875656","0.5"
"1971875656","1498121772","0.5"
"1548761283","1971875656","3.5"
"1971875656","1548761283","3.5"
"1498121772","1595003735","0.25"
"1595003735","1498121772","0.25"
"1498121772","2158326792","1.75"
"2158326792","1498121772","1.75"
"1595003735","1602780605","0.592857"
"1602780605","1595003735","0.592857"
"1595003735","2045428791","0.592857"
"2045428791","1595003735","0.592857"
"1595003735","2158326792","0.25"
"2158326792","1595003735","0.25"
"1602780605","2158326792","0.583333"
"2158326792","1602780605","0.583333"
"2045428791","2158326792","0.583333"
"2158326792","2045428791","0.583333"
"1548761283","1590783861","0.142857"
"1590783861","1548761283","0.142857"
"1548761283","1602780605","0.142857"
"1602780605","1548761283","0.142857"
"1548761283","1753159665","0.92619"
"1753159665","1548761283","0.92619"
"1548761283","2045428791","0.142857"
"2045428791","1548761283","0.142857"
"1548761283","2054865498","0.342857"
"2054865498","1548761283","0.342857"
"1548761283","2098391686","0.92619"
"2098391686","1548761283","0.92619"
"1590783861","2098391686","0.285714"
"2098391686","1590783861","0.285714"
"1753159665","2098391686","1.79286"
"2098391686","1753159665","1.79286"
"2054865498","2098391686","0.485714"
"2098391686","2054865498","0.485714"
"1548761283","2158326792","2.36667"
"2158326792","1548761283","2.36667"
"1535733884","2158326792","9.5"
"2158326792","1535733884","9.5"
"1535733884","1548761283","0.25"
"1548761283","1535733884","0.25"
"1535733884","2066154464","1.89286"
"2066154464","1535733884","1.89286"
"1535733884","2098391686","0.392857"
"2098391686","1535733884","0.392857"
"1548761283","2066154464","1.11667"
"2066154464","1548761283","1.11667"
"1753159665","2066154464","0.983333"
"2066154464","1753159665","0.983333"
"2066154464","2098391686","1.12619"
"2098391686","2066154464","1.12619"
"2066154464","2158326792","2.36667"
"2158326792","2066154464","2.36667"
"1535733884","1595003735","0.142857"
"1595003735","1535733884","0.142857"
"1590783861","1595003735","3.05952"
"1595003735","1590783861","3.05952"
"1590783861","2066154464","0.142857"
"2066154464","1590783861","0.142857"
"1595003735","2054865498","2.89286"
"2054865498","1595003735","2.89286"
"1595003735","2066154464","0.342857"
"2066154464","1595003735","0.342857"
"1595003735","2098391686","0.342857"
"2098391686","1595003735","0.342857"
"1602780605","2066154464","0.342857"
"2066154464","1602780605","0.342857"
"2045428791","2066154464","0.342857"
"2066154464","2045428791","0.342857"
"2054865498","2066154464","0.342857"
"2066154464","2054865498","0.342857"
"1539158637","2146453177","1.5"
"2146453177","1539158637","1.5"
"1539158637","2963916358","0.5"
"2963916358","1539158637","0.5"
"2146453177","2963916358","0.5"
"2963916358","2146453177","0.5"
"1544470269","2139133440","0.611111"
"2139133440","1544470269","0.611111"
"1544470269","2164425715","0.5"
"2164425715","1544470269","0.5"
"2139133440","2164425715","2.91667"
"2164425715","2139133440","2.91667"
"1544470269","2963620568","0.5"
"2963620568","1544470269","0.5"
"1544470269","2967549915","0.5"
"2967549915","1544470269","0.5"
"2963620568","2967549915","0.842857"
"2967549915","2963620568","0.842857"
"1544470269","1567738769","0.111111"
"1567738769","1544470269","0.111111"
"1544470269","1595003735","0.111111"
"1595003735","1544470269","0.111111"
"1544470269","1971875656","0.111111"
"1971875656","1544470269","0.111111"
"1544470269","1990789740","0.111111"
"1990789740","1544470269","0.111111"
"1544470269","2104118430","0.111111"
"2104118430","1544470269","0.111111"
"1544470269","2106529066","0.111111"
"2106529066","1544470269","0.111111"
"1544470269","2114607467","0.111111"
"2114607467","1544470269","0.111111"
"1544470269","2580444977","0.111111"
"2580444977","1544470269","0.111111"
"1567738769","1595003735","0.111111"
"1595003735","1567738769","0.111111"
"1567738769","1971875656","0.111111"
"1971875656","1567738769","0.111111"
"1567738769","1990789740","0.111111"
"1990789740","1567738769","0.111111"
"1567738769","2104118430","0.694444"
"2104118430","1567738769","0.694444"
"1567738769","2106529066","3.44444"
"2106529066","1567738769","3.44444"
"1567738769","2114607467","6.11111"
"2114607467","1567738769","6.11111"
"1567738769","2139133440","0.694444"
"2139133440","1567738769","0.694444"
"1567738769","2580444977","0.361111"
"2580444977","1567738769","0.361111"
"1595003735","1971875656","0.111111"
"1971875656","1595003735","0.111111"
"1595003735","1990789740","0.111111"
"1990789740","1595003735","0.111111"
"1595003735","2104118430","0.111111"
"2104118430","1595003735","0.111111"
"1595003735","2106529066","0.111111"
"2106529066","1595003735","0.111111"
"1595003735","2114607467","0.111111"
"2114607467","1595003735","0.111111"
"1595003735","2139133440","0.111111"
"2139133440","1595003735","0.111111"
"1595003735","2580444977","0.111111"
"2580444977","1595003735","0.111111"
"1971875656","1990789740","0.111111"
"1990789740","1971875656","0.111111"
"1971875656","2104118430","0.611111"
"2104118430","1971875656","0.611111"
"1971875656","2106529066","0.111111"
"2106529066","1971875656","0.111111"
"1971875656","2114607467","0.111111"
"2114607467","1971875656","0.111111"
"1971875656","2139133440","0.611111"
"2139133440","1971875656","0.611111"
"1971875656","2580444977","2.11111"
"2580444977","1971875656","2.11111"
"1990789740","2104118430","0.111111"
"2104118430","1990789740","0.111111"
"1990789740","2106529066","0.111111"
"2106529066","1990789740","0.111111"
"1990789740","2114607467","0.611111"
"2114607467","1990789740","0.611111"
"1990789740","2139133440","0.111111"
"2139133440","1990789740","0.111111"
"1990789740","2580444977","0.111111"
"2580444977","1990789740","0.111111"
"2104118430","2106529066","0.444444"
"2106529066","2104118430","0.444444"
"2104118430","2114607467","0.611111"
"2114607467","2104118430","0.611111"
"2104118430","2139133440","3.36111"
"2139133440","2104118430","3.36111"
"2104118430","2580444977","3.52778"
"2580444977","2104118430","3.52778"
"2106529066","2114607467","3.11111"
"2114607467","2106529066","3.11111"
"2106529066","2139133440","0.444444"
"2139133440","2106529066","0.444444"
"2106529066","2580444977","0.111111"
"2580444977","2106529066","0.111111"
"2114607467","2139133440","0.111111"
"2139133440","2114607467","0.111111"
"2114607467","2580444977","0.111111"
"2580444977","2114607467","0.111111"
"2139133440","2580444977","2.69444"
"2580444977","2139133440","2.69444"
"1544470269","2158326792","1"
"2158326792","1544470269","1"
"1753159665","2158326792","1.53333"
"2158326792","1753159665","1.53333"
"2054865498","2158326792","0.2"
"2158326792","2054865498","0.2"
"2098391686","2158326792","0.866667"
"2158326792","2098391686","0.866667"
"1548761283","2153442222","1"
"2153442222","1548761283","1"
"1549283351","2010872735","2.5"
"2010872735","1549283351","2.5"
"1549283351","2048381541","4.5"
"2048381541","1549283351","4.5"
"2010872735","2048381541","6.83333"
"2048381541","2010872735","6.83333"
"1549283351","2094159315","0.333333"
"2094159315","1549283351","0.333333"
"1549283351","2796272424","0.333333"
"2796272424","1549283351","0.333333"
"1549283351","2963916358","0.333333"
"2963916358","1549283351","0.333333"
"2094159315","2796272424","0.333333"
"2796272424","2094159315","0.333333"
"2094159315","2963916358","0.333333"
"2963916358","2094159315","0.333333"
"2796272424","2963916358","9"
"2963916358","2796272424","9"
"1567738769","2164425715","0.25"
"2164425715","1567738769","0.25"
"2104118430","2164425715","8.41667"
"2164425715","2104118430","8.41667"
"2164425715","2580444977","2.08333"
"2580444977","2164425715","2.08333"
"1602780605","1887091600","0.25"
"1887091600","1602780605","0.25"
"1887091600","2045428791","0.25"
"2045428791","1887091600","0.25"
"1595003735","1887091600","1.41667"
"1887091600","1595003735","1.41667"
"1595003735","1753159665","1.11667"
"1753159665","1595003735","1.11667"
"1753159665","1887091600","0.916667"
"1887091600","1753159665","0.916667"
"1753159665","2114607467","0.5"
"2114607467","1753159665","0.5"
"1753159665","2168551673","0.5"
"2168551673","1753159665","0.5"
"2114607467","2168551673","2.5"
"2168551673","2114607467","2.5"
"1971875656","2607195573","3"
"2607195573","1971875656","3"
"1980461916","2104118430","0.333333"
"2104118430","1980461916","0.333333"
"1980461916","2139133440","0.333333"
"2139133440","1980461916","0.333333"
"1980461916","2164425715","0.333333"
"2164425715","1980461916","0.333333"
"1990789740","2164425715","0.5"
"2164425715","1990789740","0.5"
"2114607467","2164425715","1"
"2164425715","2114607467","1"
"1990789740","2084426817","1"
"2084426817","1990789740","1"
"1990789740","2101912966","1"
"2101912966","1990789740","1"
"2005066456","2082741432","2"
"2082741432","2005066456","2"
"2010872735","2796272424","0.333333"
"2796272424","2010872735","0.333333"
"2010872735","2963916358","0.333333"
"2963916358","2010872735","0.333333"
"2048381541","2796272424","0.333333"
"2796272424","2048381541","0.333333"
"2048381541","2963916358","0.333333"
"2963916358","2048381541","0.333333"
"2015741287","77416112","1"
"77416112","2015741287","1"
"2015984367","2164425715","1"
"2164425715","2015984367","1"
"2084426817","2909884700","1"
"2909884700","2084426817","1"
"2084426817","2114607467","1"
"2114607467","2084426817","1"
"2094159315","2991011299","1"
"2991011299","2094159315","1"
"2104118430","2796272424","0.333333"
"2796272424","2104118430","0.333333"
"2104118430","2963916358","0.333333"
"2963916358","2104118430","0.333333"
"2580444977","2796272424","0.333333"
"2796272424","2580444977","0.333333"
"2580444977","2963916358","0.333333"
"2963916358","2580444977","0.333333"
"2290552355","2921013737","0.333333"
"2921013737","2290552355","0.333333"
"2290552355","2946160002","0.333333"
"2946160002","2290552355","0.333333"
"2290552355","2963620568","0.333333"
"2963620568","2290552355","0.333333"
"2921013737","2946160002","11.8762"
"2946160002","2921013737","11.8762"
"2921013737","2963620568","11.5429"
"2963620568","2921013737","11.5429"
"2946160002","2963620568","14.3762"
"2963620568","2946160002","14.3762"
"2607195573","2946160002","2"
"2946160002","2607195573","2"
"2764019102","2884133983","0.67619"
"2884133983","2764019102","0.67619"
"2764019102","2909884700","0.342857"
"2909884700","2764019102","0.342857"
"2764019102","2921013737","1.84286"
"2921013737","2764019102","1.84286"
"2764019102","2946160002","2.17619"
"2946160002","2764019102","2.17619"
"2764019102","2963620568","4.67619"
"2963620568","2764019102","4.67619"
"2884133983","2909884700","1.17619"
"2909884700","2884133983","1.17619"
"2884133983","2921013737","2.70952"
"2921013737","2884133983","2.70952"
"2884133983","2946160002","4.87619"
"2946160002","2884133983","4.87619"
"2884133983","2963620568","3.54286"
"2963620568","2884133983","3.54286"
"2909884700","2921013737","3.34286"
"2921013737","2909884700","3.34286"
"2909884700","2946160002","2.67619"
"2946160002","2909884700","2.67619"
"2909884700","2963620568","0.842857"
"2963620568","2909884700","0.842857"
"2764019102","2956710901","0.142857"
"2956710901","2764019102","0.142857"
"2764019102","2967549915","0.142857"
"2967549915","2764019102","0.142857"
"2884133983","2956710901","0.67619"
"2956710901","2884133983","0.67619"
"2884133983","2967549915","0.342857"
"2967549915","2884133983","0.342857"
"2909884700","2956710901","1.97619"
"2956710901","2909884700","1.97619"
"2909884700","2967549915","0.642857"
"2967549915","2909884700","0.642857"
"2921013737","2956710901","0.67619"
"2956710901","2921013737","0.67619"
"2921013737","2967549915","0.67619"
"2967549915","2921013737","0.67619"
"2946160002","2956710901","2.00952"
"2956710901","2946160002","2.00952"
"2946160002","2967549915","1.67619"
"2967549915","2946160002","1.67619"
"2956710901","2963620568","0.342857"
"2963620568","2956710901","0.342857"
"2956710901","2967549915","12.1762"
"2967549915","2956710901","12.1762"
