"135716783","2037797197","1"
"2037797197","135716783","1"
"135716783","2171383742","1"
"2171383742","135716783","1"
"135716783","1529558096","0.25"
"1529558096","135716783","0.25"
"135716783","1593631129","0.25"
"1593631129","135716783","0.25"
"135716783","159465820","0.25"
"159465820","135716783","0.25"
"135716783","2148554434","0.25"
"2148554434","135716783","0.25"
"1529558096","1593631129","0.361111"
"1593631129","1529558096","0.361111"
"1529558096","159465820","0.361111"
"159465820","1529558096","0.361111"
"1529558096","2148554434","0.361111"
"2148554434","1529558096","0.361111"
"1593631129","159465820","10.3675"
"159465820","1593631129","10.3675"
"1593631129","2148554434","16.8175"
"2148554434","1593631129","16.8175"
"159465820","2148554434","15.6175"
"2148554434","159465820","15.6175"
"135716783","2036629691","0.333333"
"2036629691","135716783","0.333333"
"135716783","2046546118","0.333333"
"2046546118","135716783","0.333333"
"135716783","2116458080","0.333333"
"2116458080","135716783","0.333333"
"2036629691","2046546118","3.19444"
"2046546118","2036629691","3.19444"
"2036629691","2116458080","1.08333"
"2116458080","2036629691","1.08333"
"2046546118","2116458080","1.08333"
"2116458080","2046546118","1.08333"
"135716783","1989933134","0.75"
"1989933134","135716783","0.75"
"135716783","2113628515","0.5"
"2113628515","135716783","0.5"
"1989933134","2113628515","0.791667"
"2113628515","1989933134","0.791667"
"135716783","2121668868","1"
"2121668868","135716783","1"
"135716783","1727846408","0.25"
"1727846408","135716783","0.25"
"135716783","1974250849","0.25"
"1974250849","135716783","0.25"
"135716783","2141171328","0.25"
"2141171328","135716783","0.25"
"1727846408","1974250849","0.75"
"1974250849","1727846408","0.75"
"1727846408","1989933134","0.416667"
"1989933134","1727846408","0.416667"
"1727846408","2141171328","0.25"
"2141171328","1727846408","0.25"
"1974250849","1989933134","1.29167"
"1989933134","1974250849","1.29167"
"1974250849","2141171328","0.25"
"2141171328","1974250849","0.25"
"1989933134","2141171328","0.25"
"2141171328","1989933134","0.25"
"1481814428","2911719692","3"
"2911719692","1481814428","3"
"1481814428","2239505015","1.83333"
"2239505015","1481814428","1.83333"
"1481814428","2963748706","0.833333"
"2963748706","1481814428","0.833333"
"2239505015","2963748706","4.91667"
"2963748706","2239505015","4.91667"
"1481814428","2028922494","0.333333"
"2028922494","1481814428","0.333333"
"2028922494","2239505015","1.91667"
"2239505015","2028922494","1.91667"
"2028922494","2963748706","3.58333"
"2963748706","2028922494","3.58333"
"1529558096","1570488811","0.166667"
"1570488811","1529558096","0.166667"
"1529558096","1612578519","0.166667"
"1612578519","1529558096","0.166667"
"1529558096","2037797197","0.444444"
"2037797197","1529558096","0.444444"
"1529558096","2113628515","0.166667"
"2113628515","1529558096","0.166667"
"1529558096","2121668868","2.44444"
"2121668868","1529558096","2.44444"
"1529558096","2132322116","0.166667"
"2132322116","1529558096","0.166667"
"1570488811","1612578519","0.611111"
"1612578519","1570488811","0.611111"
"1570488811","2037797197","0.166667"
"2037797197","1570488811","0.166667"
"1570488811","2113628515","2.29563"
"2113628515","1570488811","2.29563"
"1570488811","2121668868","0.277778"
"2121668868","1570488811","0.277778"
"1570488811","2132322116","0.291667"
"2132322116","1570488811","0.291667"
"1612578519","2037797197","0.166667"
"2037797197","1612578519","0.166667"
"1612578519","2113628515","0.611111"
"2113628515","1612578519","0.611111"
"1612578519","2121668868","0.277778"
"2121668868","1612578519","0.277778"
"1612578519","2132322116","0.5"
"2132322116","1612578519","0.5"
"2037797197","2113628515","0.166667"
"2113628515","2037797197","0.166667"
"2037797197","2121668868","3.44444"
"2121668868","2037797197","3.44444"
"2037797197","2132322116","2.16667"
"2132322116","2037797197","2.16667"
"2113628515","2121668868","0.277778"
"2121668868","2113628515","0.277778"
"2113628515","2132322116","0.291667"
"2132322116","2113628515","0.291667"
"2121668868","2132322116","0.166667"
"2132322116","2121668868","0.166667"
"1529558096","174804080","1.11111"
"174804080","1529558096","1.11111"
"1529558096","1792657299","0.111111"
"1792657299","1529558096","0.111111"
"1529558096","202426616","0.111111"
"202426616","1529558096","0.111111"
"1529558096","2160410485","0.111111"
"2160410485","1529558096","0.111111"
"1593631129","174804080","0.111111"
"174804080","1593631129","0.111111"
"1593631129","1792657299","0.111111"
"1792657299","1593631129","0.111111"
"1593631129","202426616","0.111111"
"202426616","1593631129","0.111111"
"1593631129","2037797197","0.111111"
"2037797197","1593631129","0.111111"
"1593631129","2121668868","0.111111"
"2121668868","1593631129","0.111111"
"1593631129","2160410485","0.111111"
"2160410485","1593631129","0.111111"
"159465820","174804080","0.111111"
"174804080","159465820","0.111111"
"159465820","1792657299","0.111111"
"1792657299","159465820","0.111111"
"159465820","202426616","0.111111"
"202426616","159465820","0.111111"
"159465820","2037797197","0.361111"
"2037797197","159465820","0.361111"
"159465820","2121668868","0.222222"
"2121668868","159465820","0.222222"
"159465820","2160410485","0.111111"
"2160410485","159465820","0.111111"
"174804080","1792657299","0.111111"
"1792657299","174804080","0.111111"
"174804080","202426616","0.111111"
"202426616","174804080","0.111111"
"174804080","2037797197","0.111111"
"2037797197","174804080","0.111111"
"174804080","2121668868","0.111111"
"2121668868","174804080","0.111111"
"174804080","2148554434","0.111111"
"2148554434","174804080","0.111111"
"174804080","2160410485","1.11111"
"2160410485","174804080","1.11111"
"1792657299","202426616","0.111111"
"202426616","1792657299","0.111111"
"1792657299","2037797197","0.111111"
"2037797197","1792657299","0.111111"
"1792657299","2121668868","0.111111"
"2121668868","1792657299","0.111111"
"1792657299","2148554434","0.111111"
"2148554434","1792657299","0.111111"
"1792657299","2160410485","1.11111"
"2160410485","1792657299","1.11111"
"202426616","2037797197","0.111111"
"2037797197","202426616","0.111111"
"202426616","2121668868","0.111111"
"2121668868","202426616","0.111111"
"202426616","2148554434","0.111111"
"2148554434","202426616","0.111111"
"202426616","2160410485","0.111111"
"2160410485","202426616","0.111111"
"2037797197","2148554434","0.361111"
"2148554434","2037797197","0.361111"
"2037797197","2160410485","0.611111"
"2160410485","2037797197","0.611111"
"2121668868","2148554434","0.111111"
"2148554434","2121668868","0.111111"
"2121668868","2160410485","0.444444"
"2160410485","2121668868","0.444444"
"2148554434","2160410485","0.111111"
"2160410485","2148554434","0.111111"
"1529558096","157531742","0.166667"
"157531742","1529558096","0.166667"
"1529558096","1974250849","0.166667"
"1974250849","1529558096","0.166667"
"1529558096","2050628572","0.166667"
"2050628572","1529558096","0.166667"
"1529558096","2171383742","0.166667"
"2171383742","1529558096","0.166667"
"157531742","1974250849","22.9647"
"1974250849","157531742","22.9647"
"157531742","2037797197","1.11667"
"2037797197","157531742","1.11667"
"157531742","2050628572","1.64286"
"2050628572","157531742","1.64286"
"157531742","2121668868","0.833333"
"2121668868","157531742","0.833333"
"157531742","2171383742","18.0385"
"2171383742","157531742","18.0385"
"1974250849","2037797197","1.61667"
"2037797197","1974250849","1.61667"
"1974250849","2050628572","0.642857"
"2050628572","1974250849","0.642857"
"1974250849","2121668868","0.833333"
"2121668868","1974250849","0.833333"
"1974250849","2171383742","19.5385"
"2171383742","1974250849","19.5385"
"2037797197","2050628572","0.666667"
"2050628572","2037797197","0.666667"
"2037797197","2171383742","0.866667"
"2171383742","2037797197","0.866667"
"2050628572","2121668868","0.166667"
"2121668868","2050628572","0.166667"
"2050628572","2171383742","1"
"2171383742","2050628572","1"
"2121668868","2171383742","1.27778"
"2171383742","2121668868","1.27778"
"1531213241","1974250849","1"
"1974250849","1531213241","1"
"1531213241","2911719692","1"
"2911719692","1531213241","1"
"1531213241","2036629691","0.5"
"2036629691","1531213241","0.5"
"1531213241","2046546118","0.5"
"2046546118","1531213241","0.5"
"1531213241","2908719541","1"
"2908719541","1531213241","1"
"1561018095","157531742","0.142857"
"157531742","1561018095","0.142857"
"1561018095","1593631129","0.142857"
"1593631129","1561018095","0.142857"
"1561018095","159465820","0.142857"
"159465820","1561018095","0.142857"
"1561018095","1974250849","0.142857"
"1974250849","1561018095","0.142857"
"1561018095","2132322116","0.142857"
"2132322116","1561018095","0.142857"
"1561018095","2148554434","0.142857"
"2148554434","1561018095","0.142857"
"1561018095","2171383742","0.142857"
"2171383742","1561018095","0.142857"
"157531742","1593631129","1.72302"
"1593631129","157531742","1.72302"
"157531742","159465820","1.47302"
"159465820","157531742","1.47302"
"157531742","2132322116","0.85119"
"2132322116","157531742","0.85119"
"157531742","2148554434","2.22302"
"2148554434","157531742","2.22302"
"1593631129","1974250849","1.72302"
"1974250849","1593631129","1.72302"
"1593631129","2132322116","0.142857"
"2132322116","1593631129","0.142857"
"1593631129","2171383742","1.38016"
"2171383742","1593631129","1.38016"
"159465820","1974250849","1.47302"
"1974250849","159465820","1.47302"
"159465820","2132322116","0.142857"
"2132322116","159465820","0.142857"
"159465820","2171383742","1.74127"
"2171383742","159465820","1.74127"
"1974250849","2132322116","0.85119"
"2132322116","1974250849","0.85119"
"1974250849","2148554434","2.22302"
"2148554434","1974250849","2.22302"
"2132322116","2148554434","0.142857"
"2148554434","2132322116","0.142857"
"2132322116","2171383742","0.85119"
"2171383742","2132322116","0.85119"
"2148554434","2171383742","1.38016"
"2171383742","2148554434","1.38016"
"1570488811","2171383742","2.62897"
"2171383742","1570488811","2.62897"
"1570488811","157531742","0.684524"
"157531742","1570488811","0.684524"
"1570488811","1974250849","0.684524"
"1974250849","1570488811","0.684524"
"1570488811","1989933134","0.291667"
"1989933134","1570488811","0.291667"
"1570488811","2558703078","0.791667"
"2558703078","1570488811","0.791667"
"157531742","1989933134","2.54167"
"1989933134","157531742","2.54167"
"157531742","2113628515","1.74563"
"2113628515","157531742","1.74563"
"157531742","2558703078","2.125"
"2558703078","157531742","2.125"
"1974250849","2113628515","3.57897"
"2113628515","1974250849","3.57897"
"1974250849","2558703078","1.79167"
"2558703078","1974250849","1.79167"
"1989933134","2171383742","0.958333"
"2171383742","1989933134","0.958333"
"1989933134","2558703078","0.291667"
"2558703078","1989933134","0.291667"
"2113628515","2171383742","3.15675"
"2171383742","2113628515","3.15675"
"2113628515","2558703078","0.625"
"2558703078","2113628515","0.625"
"2171383742","2558703078","1.95833"
"2558703078","2171383742","1.95833"
"1570488811","2911719692","1.23611"
"2911719692","1570488811","1.23611"
"157531742","2911719692","3.37897"
"2911719692","157531742","3.37897"
"1974250849","2911719692","3.37897"
"2911719692","1974250849","3.37897"
"1989933134","2132322116","1.125"
"2132322116","1989933134","1.125"
"1989933134","2911719692","0.875"
"2911719692","1989933134","0.875"
"2113628515","2911719692","0.347222"
"2911719692","2113628515","0.347222"
"2132322116","2558703078","1.125"
"2558703078","2132322116","1.125"
"2132322116","2911719692","0.708333"
"2911719692","2132322116","0.708333"
"2171383742","2911719692","2.59722"
"2911719692","2171383742","2.59722"
"2558703078","2911719692","4.45833"
"2911719692","2558703078","4.45833"
"1612578519","2171383742","0.694444"
"2171383742","1612578519","0.694444"
"1570488811","159465820","0.253968"
"159465820","1570488811","0.253968"
"1570488811","2046546118","0.111111"
"2046546118","1570488811","0.111111"
"1570488811","2141171328","0.111111"
"2141171328","1570488811","0.111111"
"1570488811","85025737","0.111111"
"85025737","1570488811","0.111111"
"159465820","1612578519","0.253968"
"1612578519","159465820","0.253968"
"159465820","2046546118","0.222222"
"2046546118","159465820","0.222222"
"159465820","2113628515","0.731746"
"2113628515","159465820","0.731746"
"159465820","2141171328","0.644444"
"2141171328","159465820","0.644444"
"159465820","2911719692","2.31508"
"2911719692","159465820","2.31508"
"159465820","85025737","0.111111"
"85025737","159465820","0.111111"
"1612578519","2046546118","0.361111"
"2046546118","1612578519","0.361111"
"1612578519","2141171328","0.861111"
"2141171328","1612578519","0.861111"
"1612578519","2911719692","3.42063"
"2911719692","1612578519","3.42063"
"1612578519","85025737","3.27778"
"85025737","1612578519","3.27778"
"2046546118","2113628515","0.222222"
"2113628515","2046546118","0.222222"
"2046546118","2121668868","0.111111"
"2121668868","2046546118","0.111111"
"2046546118","2141171328","0.111111"
"2141171328","2046546118","0.111111"
"2046546118","2171383742","0.222222"
"2171383742","2046546118","0.222222"
"2046546118","2911719692","0.472222"
"2911719692","2046546118","0.472222"
"2046546118","85025737","0.111111"
"85025737","2046546118","0.111111"
"2113628515","2141171328","0.111111"
"2141171328","2113628515","0.111111"
"2113628515","85025737","0.694444"
"85025737","2113628515","0.694444"
"2121668868","2141171328","0.111111"
"2141171328","2121668868","0.111111"
"2121668868","2911719692","7.11111"
"2911719692","2121668868","7.11111"
"2121668868","85025737","0.444444"
"85025737","2121668868","0.444444"
"2141171328","2171383742","0.444444"
"2171383742","2141171328","0.444444"
"2141171328","2911719692","6.59444"
"2911719692","2141171328","6.59444"
"2141171328","85025737","1.06111"
"85025737","2141171328","1.06111"
"2171383742","85025737","3.14444"
"85025737","2171383742","3.14444"
"2911719692","85025737","2.89444"
"85025737","2911719692","2.89444"
"1570488811","1593631129","0.142857"
"1593631129","1570488811","0.142857"
"1570488811","2148554434","0.142857"
"2148554434","1570488811","0.142857"
"1593631129","2113628515","0.620635"
"2113628515","1593631129","0.620635"
"2113628515","2148554434","0.620635"
"2148554434","2113628515","0.620635"
"157531742","85025737","2.86667"
"85025737","157531742","2.86667"
"1974250849","85025737","2.7"
"85025737","1974250849","2.7"
"157531742","2036629691","0.111111"
"2036629691","157531742","0.111111"
"157531742","2046546118","0.111111"
"2046546118","157531742","0.111111"
"1593631129","2036629691","0.111111"
"2036629691","1593631129","0.111111"
"1593631129","2046546118","0.111111"
"2046546118","1593631129","0.111111"
"1593631129","2911719692","0.653968"
"2911719692","1593631129","0.653968"
"159465820","2036629691","0.111111"
"2036629691","159465820","0.111111"
"1974250849","2036629691","0.111111"
"2036629691","1974250849","0.111111"
"1974250849","2046546118","0.111111"
"2046546118","1974250849","0.111111"
"2036629691","2113628515","1.11111"
"2113628515","2036629691","1.11111"
"2036629691","2148554434","0.111111"
"2148554434","2036629691","0.111111"
"2036629691","2171383742","0.611111"
"2171383742","2036629691","0.611111"
"2036629691","2911719692","1.36111"
"2911719692","2036629691","1.36111"
"2046546118","2148554434","0.111111"
"2148554434","2046546118","0.111111"
"2148554434","2911719692","1.90397"
"2911719692","2148554434","1.90397"
"157531742","20531755","0.2"
"20531755","157531742","0.2"
"1974250849","20531755","0.2"
"20531755","1974250849","0.2"
"2037797197","20531755","0.2"
"20531755","2037797197","0.2"
"2037797197","85025737","0.2"
"85025737","2037797197","0.2"
"20531755","2171383742","0.2"
"2171383742","20531755","0.2"
"20531755","85025737","0.2"
"85025737","20531755","0.2"
"2037797197","2558703078","0.5"
"2558703078","2037797197","0.5"
"157531742","1612578519","1.39286"
"1612578519","157531742","1.39286"
"1612578519","1974250849","0.392857"
"1974250849","1612578519","0.392857"
"157531742","2095121032","0.333333"
"2095121032","157531742","0.333333"
"1974250849","2095121032","0.333333"
"2095121032","1974250849","0.333333"
"2095121032","2171383742","0.333333"
"2171383742","2095121032","0.333333"
"157531742","1727846408","0.833333"
"1727846408","157531742","0.833333"
"1727846408","85025737","6.83333"
"85025737","1727846408","6.83333"
"157531742","2088406728","0.166667"
"2088406728","157531742","0.166667"
"1593631129","2088406728","0.366667"
"2088406728","1593631129","0.366667"
"159465820","2088406728","0.366667"
"2088406728","159465820","0.366667"
"1974250849","2088406728","0.166667"
"2088406728","1974250849","0.166667"
"2088406728","2148554434","0.366667"
"2148554434","2088406728","0.366667"
"2088406728","2171383742","0.166667"
"2171383742","2088406728","0.166667"
"1727846408","2171383742","1.5"
"2171383742","1727846408","1.5"
"1727846408","2911719692","0.166667"
"2911719692","1727846408","0.166667"
"1989933134","85025737","0.166667"
"85025737","1989933134","0.166667"
"1593631129","1612578519","0.142857"
"1612578519","1593631129","0.142857"
"1593631129","2050628572","0.142857"
"2050628572","1593631129","0.142857"
"159465820","2050628572","0.142857"
"2050628572","159465820","0.142857"
"1612578519","2050628572","0.142857"
"2050628572","1612578519","0.142857"
"1612578519","2148554434","0.142857"
"2148554434","1612578519","0.142857"
"2050628572","2148554434","0.142857"
"2148554434","2050628572","0.142857"
"2050628572","2911719692","1.47619"
"2911719692","2050628572","1.47619"
"2050628572","2113628515","3.83333"
"2113628515","2050628572","3.83333"
"1989933134","2037797197","1.25"
"2037797197","1989933134","1.25"
"2037797197","2911719692","2"
"2911719692","2037797197","2"
"157531742","2160410485","0.333333"
"2160410485","157531742","0.333333"
"1974250849","2160410485","0.333333"
"2160410485","1974250849","0.333333"
"1593631129","2141171328","0.733333"
"2141171328","1593631129","0.733333"
"2141171328","2148554434","0.733333"
"2148554434","2141171328","0.733333"
"2088406728","2141171328","0.2"
"2141171328","2088406728","0.2"
"2088406728","2911719692","1.7"
"2911719692","2088406728","1.7"
"1593631129","2963748706","0.2"
"2963748706","1593631129","0.2"
"1593631129","85025737","0.2"
"85025737","1593631129","0.2"
"2141171328","2963748706","0.2"
"2963748706","2141171328","0.2"
"2148554434","2963748706","0.2"
"2963748706","2148554434","0.2"
"2148554434","85025737","0.2"
"85025737","2148554434","0.2"
"2911719692","2963748706","0.2"
"2963748706","2911719692","0.2"
"2963748706","85025737","0.2"
"85025737","2963748706","0.2"
"159465820","2029847562","0.25"
"2029847562","159465820","0.25"
"2029847562","2037797197","0.25"
"2037797197","2029847562","0.25"
"2029847562","2148554434","0.25"
"2148554434","2029847562","0.25"
"2029847562","2911719692","0.25"
"2911719692","2029847562","0.25"
"1612578519","2059489342","0.25"
"2059489342","1612578519","0.25"
"2059489342","2141171328","0.25"
"2141171328","2059489342","0.25"
"2059489342","2911719692","1.25"
"2911719692","2059489342","1.25"
"2059489342","85025737","0.25"
"85025737","2059489342","0.25"
"1612578519","2558703078","1.33333"
"2558703078","1612578519","1.33333"
"1612578519","2036629691","0.75"
"2036629691","1612578519","0.75"
"1612578519","2116458080","0.25"
"2116458080","1612578519","0.25"
"2116458080","2911719692","0.25"
"2911719692","2116458080","0.25"
"1612578519","2800881716","1"
"2800881716","1612578519","1"
"2558703078","85025737","2"
"85025737","2558703078","2"
"1612578519","1727846408","1"
"1727846408","1612578519","1"
"2132322116","85025737","0.333333"
"85025737","2132322116","0.333333"
"1727846408","2760615478","3"
"2760615478","1727846408","3"
"2760615478","85025737","1.5"
"85025737","2760615478","1.5"
"1727846408","2088406728","2"
"2088406728","1727846408","2"
"1727846408","2107297967","0.5"
"2107297967","1727846408","0.5"
"1727846408","2558703078","0.5"
"2558703078","1727846408","0.5"
"2107297967","2558703078","0.5"
"2558703078","2107297967","0.5"
"174804080","2046546118","1"
"2046546118","174804080","1"
"1895121916","2963748706","1"
"2963748706","1895121916","1"
"1895121916","2028922494","0.5"
"2028922494","1895121916","0.5"
"1895121916","2565788456","0.5"
"2565788456","1895121916","0.5"
"2028922494","2565788456","1.08333"
"2565788456","2028922494","1.08333"
"1974250849","2060537934","0.5"
"2060537934","1974250849","0.5"
"2060537934","2113628515","0.5"
"2113628515","2060537934","0.5"
"1989933134","2036629691","0.5"
"2036629691","1989933134","0.5"
"1989933134","2046546118","0.5"
"2046546118","1989933134","0.5"
"2010311372","2116559530","8.75"
"2116559530","2010311372","8.75"
"2010311372","2904040126","0.75"
"2904040126","2010311372","0.75"
"2116559530","2904040126","0.75"
"2904040126","2116559530","0.75"
"2010311372","2059489342","0.25"
"2059489342","2010311372","0.25"
"2010311372","2150556298","0.25"
"2150556298","2010311372","0.25"
"2059489342","2116559530","0.25"
"2116559530","2059489342","0.25"
"2059489342","2150556298","0.25"
"2150556298","2059489342","0.25"
"2059489342","2904040126","0.25"
"2904040126","2059489342","0.25"
"2116559530","2150556298","0.25"
"2150556298","2116559530","0.25"
"2150556298","2904040126","0.25"
"2904040126","2150556298","0.25"
"2028922494","2603712331","0.583333"
"2603712331","2028922494","0.583333"
"2239505015","2565788456","1.91667"
"2565788456","2239505015","1.91667"
"2239505015","2603712331","2.41667"
"2603712331","2239505015","2.41667"
"2565788456","2603712331","5.83333"
"2603712331","2565788456","5.83333"
"2565788456","2963748706","4.5"
"2963748706","2565788456","4.5"
"2603712331","2963748706","8.33333"
"2963748706","2603712331","8.33333"
"2036629691","2141171328","0.5"
"2141171328","2036629691","0.5"
"2036629691","85025737","0.5"
"85025737","2036629691","0.5"
"2160410485","2171383742","0.5"
"2171383742","2160410485","0.5"
"2037797197","2141171328","0.5"
"2141171328","2037797197","0.5"
"2050628572","2141171328","0.833333"
"2141171328","2050628572","0.833333"
"2037797197","2041823351","1"
"2041823351","2037797197","1"
"2037797197","2088406728","0.5"
"2088406728","2037797197","0.5"
"2041823351","2911719692","1"
"2911719692","2041823351","1"
"2059489342","2239505015","1"
"2239505015","2059489342","1"
"2107297967","2911719692","3"
"2911719692","2107297967","3"
"2116559530","2963748706","1"
"2963748706","2116559530","1"
"2116559530","2558703078","1"
"2558703078","2116559530","1"
"2116559530","2239505015","1"
"2239505015","2116559530","1"
"2171383742","2760615478","0.5"
"2760615478","2171383742","0.5"
"2239505015","2954043978","1"
"2954043978","2239505015","1"
"2239505015","2908719541","1"
"2908719541","2239505015","1"
"2565788456","2963923573","0.916667"
"2963923573","2565788456","0.916667"
"2603712331","2963923573","1.25"
"2963923573","2603712331","1.25"
"2963748706","2963923573","2.41667"
"2963923573","2963748706","2.41667"
"2565788456","2801591443","0.25"
"2801591443","2565788456","0.25"
"2603712331","2801591443","0.583333"
"2801591443","2603712331","0.583333"
"2801591443","2963748706","2.41667"
"2963748706","2801591443","2.41667"
"2801591443","2963923573","4.41667"
"2963923573","2801591443","4.41667"
"2800881716","2911719692","1"
"2911719692","2800881716","1"
"2801591443","2911719692","1"
"2911719692","2801591443","1"
"2801591443","2921999452","1.33333"
"2921999452","2801591443","1.33333"
"2921999452","2963923573","3.66667"
"2963923573","2921999452","3.66667"
"2921999452","2963748706","0.666667"
"2963748706","2921999452","0.666667"
"2904040126","2963748706","1"
"2963748706","2904040126","1"
"2904040126","2962426767","1"
"2962426767","2904040126","1"
"2911719692","2954043978","1"
"2954043978","2911719692","1"
"2921999452","2954043978","2.33333"
"2954043978","2921999452","2.33333"
"2954043978","2963748706","0.333333"
"2963748706","2954043978","0.333333"
"2954043978","2963923573","0.333333"
"2963923573","2954043978","0.333333"
