"111028592","1585597514","0.679976"
"1585597514","111028592","0.679976"
"111028592","1687508979","0.69707"
"1687508979","111028592","0.69707"
"111028592","2022933093","0.772161"
"2022933093","111028592","0.772161"
"111028592","2045591981","2.82601"
"2045591981","111028592","2.82601"
"111028592","2118230874","0.521734"
"2118230874","111028592","0.521734"
"111028592","2133824053","0.407814"
"2133824053","111028592","0.407814"
"111028592","2165364732","0.377289"
"2165364732","111028592","0.377289"
"1585597514","1687508979","1.16145"
"1687508979","1585597514","1.16145"
"1585597514","2022933093","0.400816"
"2022933093","1585597514","0.400816"
"1585597514","2045591981","0.88547"
"2045591981","1585597514","0.88547"
"1585597514","2118230874","0.50711"
"2118230874","1585597514","0.50711"
"1585597514","2133824053","1.19587"
"2133824053","1585597514","1.19587"
"1585597514","2165364732","0.689566"
"2165364732","1585597514","0.689566"
"1687508979","2022933093","0.584577"
"2022933093","1687508979","0.584577"
"1687508979","2045591981","0.845421"
"2045591981","1687508979","0.845421"
"1687508979","2118230874","0.845999"
"2118230874","1687508979","0.845999"
"1687508979","2133824053","0.769375"
"2133824053","1687508979","0.769375"
"1687508979","2165364732","0.346404"
"2165364732","1687508979","0.346404"
"2022933093","2045591981","0.772161"
"2045591981","2022933093","0.772161"
"2022933093","2118230874","1.06355"
"2118230874","2022933093","1.06355"
"2022933093","2133824053","0.515102"
"2133824053","2022933093","0.515102"
"2022933093","2165364732","1.30037"
"2165364732","2022933093","1.30037"
"2045591981","2118230874","0.68199"
"2118230874","2045591981","0.68199"
"2045591981","2133824053","0.684738"
"2133824053","2045591981","0.684738"
"2045591981","2165364732","0.777289"
"2165364732","2045591981","0.777289"
"2118230874","2133824053","0.71382"
"2133824053","2118230874","0.71382"
"2118230874","2165364732","0.44561"
"2165364732","2118230874","0.44561"
"2133824053","2165364732","0.562943"
"2165364732","2133824053","0.562943"
"111028592","1755288386","0.238462"
"1755288386","111028592","0.238462"
"111028592","2066330121","0.556227"
"2066330121","111028592","0.556227"
"111028592","2105324142","1.04316"
"2105324142","111028592","1.04316"
"111028592","2167840324","0.2"
"2167840324","111028592","0.2"
"1755288386","2045591981","0.571795"
"2045591981","1755288386","0.571795"
"1755288386","2066330121","0.658032"
"2066330121","1755288386","0.658032"
"1755288386","2105324142","0.217544"
"2105324142","1755288386","0.217544"
"1755288386","2167840324","1.5779"
"2167840324","1755288386","1.5779"
"2045591981","2066330121","1.96648"
"2066330121","2045591981","1.96648"
"2045591981","2105324142","2.11459"
"2105324142","2045591981","2.11459"
"2045591981","2167840324","0.533333"
"2167840324","2045591981","0.533333"
"2066330121","2105324142","0.432135"
"2105324142","2066330121","0.432135"
"2066330121","2167840324","0.577904"
"2167840324","2066330121","0.577904"
"2105324142","2167840324","0.217544"
"2167840324","2105324142","0.217544"
"111028592","1489930749","0.219048"
"1489930749","111028592","0.219048"
"111028592","1542821961","0.34359"
"1542821961","111028592","0.34359"
"111028592","1983723499","0.554212"
"1983723499","111028592","0.554212"
"111028592","2092431575","0.477595"
"2092431575","111028592","0.477595"
"111028592","2134716336","0.383272"
"2134716336","111028592","0.383272"
"111028592","2140146215","0.471795"
"2140146215","111028592","0.471795"
"1489930749","1542821961","0.711623"
"1542821961","1489930749","0.711623"
"1489930749","1585597514","0.271945"
"1585597514","1489930749","0.271945"
"1489930749","1687508979","0.410834"
"1687508979","1489930749","0.410834"
"1489930749","1983723499","0.319925"
"1983723499","1489930749","0.319925"
"1489930749","2022933093","1.01159"
"2022933093","1489930749","1.01159"
"1489930749","2045591981","0.302381"
"2045591981","1489930749","0.302381"
"1489930749","2092431575","0.547305"
"2092431575","1489930749","0.547305"
"1489930749","2134716336","0.618781"
"2134716336","1489930749","0.618781"
"1489930749","2140146215","0.402865"
"2140146215","1489930749","0.402865"
"1542821961","1585597514","0.977295"
"1585597514","1542821961","0.977295"
"1542821961","1687508979","0.622594"
"1687508979","1542821961","0.622594"
"1542821961","1983723499","0.674542"
"1983723499","1542821961","0.674542"
"1542821961","2022933093","0.409524"
"2022933093","1542821961","0.409524"
"1542821961","2045591981","0.415018"
"2045591981","1542821961","0.415018"
"1542821961","2092431575","3.62218"
"2092431575","1542821961","3.62218"
"1542821961","2134716336","0.199206"
"2134716336","1542821961","0.199206"
"1542821961","2140146215","0.315909"
"2140146215","1542821961","0.315909"
"1585597514","1983723499","1.17011"
"1983723499","1585597514","1.17011"
"1585597514","2092431575","2.38556"
"2092431575","1585597514","2.38556"
"1585597514","2134716336","0.549168"
"2134716336","1585597514","0.549168"
"1585597514","2140146215","0.183783"
"2140146215","1585597514","0.183783"
"1687508979","1983723499","6.09749"
"1983723499","1687508979","6.09749"
"1687508979","2092431575","1.65907"
"2092431575","1687508979","1.65907"
"1687508979","2134716336","0.807929"
"2134716336","1687508979","0.807929"
"1687508979","2140146215","0.117544"
"2140146215","1687508979","0.117544"
"1983723499","2022933093","0.584577"
"2022933093","1983723499","0.584577"
"1983723499","2045591981","0.702564"
"2045591981","1983723499","0.702564"
"1983723499","2092431575","2.95344"
"2092431575","1983723499","2.95344"
"1983723499","2134716336","1.05793"
"2134716336","1983723499","1.05793"
"1983723499","2140146215","0.400877"
"2140146215","1983723499","0.400877"
"2022933093","2092431575","0.650816"
"2092431575","2022933093","0.650816"
"2022933093","2134716336","0.582959"
"2134716336","2022933093","0.582959"
"2022933093","2140146215","0.489339"
"2140146215","2022933093","0.489339"
"2045591981","2092431575","0.825946"
"2092431575","2045591981","0.825946"
"2045591981","2134716336","0.4721"
"2134716336","2045591981","0.4721"
"2045591981","2140146215","0.471795"
"2140146215","2045591981","0.471795"
"2092431575","2134716336","0.406311"
"2134716336","2092431575","0.406311"
"2092431575","2140146215","0.26545"
"2140146215","2092431575","0.26545"
"2134716336","2140146215","0.213195"
"2140146215","2134716336","0.213195"
"111028592","13740236","0.195971"
"13740236","111028592","0.195971"
"111028592","145342711","0.0384615"
"145342711","111028592","0.0384615"
"111028592","1512743766","0.0384615"
"1512743766","111028592","0.0384615"
"111028592","157569049","0.0769231"
"157569049","111028592","0.0769231"
"111028592","187486543","0.104701"
"187486543","111028592","0.104701"
"111028592","1964199256","0.301954"
"1964199256","111028592","0.301954"
"111028592","1990989132","0.209402"
"1990989132","111028592","0.209402"
"111028592","199837923","0.140415"
"199837923","111028592","0.140415"
"111028592","20243165","0.195971"
"20243165","111028592","0.195971"
"111028592","2078887420","0.0769231"
"2078887420","111028592","0.0769231"
"111028592","2131120494","0.18956"
"2131120494","111028592","0.18956"
"111028592","2137113495","0.188034"
"2137113495","111028592","0.188034"
"111028592","2162366870","0.576007"
"2162366870","111028592","0.576007"
"111028592","2169780404","0.445971"
"2169780404","111028592","0.445971"
"111028592","26194406","0.178877"
"26194406","111028592","0.178877"
"111028592","2798729639","0.209402"
"2798729639","111028592","0.209402"
"13740236","145342711","0.289699"
"145342711","13740236","0.289699"
"13740236","1512743766","0.0854172"
"1512743766","13740236","0.0854172"
"13740236","157569049","0.583763"
"157569049","13740236","0.583763"
"13740236","1585597514","0.396054"
"1585597514","13740236","0.396054"
"13740236","1755288386","0.124699"
"1755288386","13740236","0.124699"
"13740236","187486543","0.284506"
"187486543","13740236","0.284506"
"13740236","1964199256","1.17268"
"1964199256","13740236","1.17268"
"13740236","1990989132","1.06956"
"1990989132","13740236","1.06956"
"13740236","199837923","0.477371"
"199837923","13740236","0.477371"
"13740236","2022933093","0.213515"
"2022933093","13740236","0.213515"
"13740236","20243165","14.2437"
"20243165","13740236","14.2437"
"13740236","2045591981","0.49359"
"2045591981","13740236","0.49359"
"13740236","2066330121","0.589715"
"2066330121","13740236","0.589715"
"13740236","2078887420","0.694874"
"2078887420","13740236","0.694874"
"13740236","2092431575","1.50475"
"2092431575","13740236","1.50475"
"13740236","2131120494","0.210743"
"2131120494","13740236","0.210743"
"13740236","2133824053","0.455578"
"2133824053","13740236","0.455578"
"13740236","2134716336","0.467133"
"2134716336","13740236","0.467133"
"13740236","2137113495","0.38768"
"2137113495","13740236","0.38768"
"13740236","2140146215","0.662755"
"2140146215","13740236","0.662755"
"13740236","2162366870","1.39098"
"2162366870","13740236","1.39098"
"13740236","2165364732","0.228938"
"2165364732","13740236","0.228938"
"13740236","2169780404","0.868659"
"2169780404","13740236","0.868659"
"13740236","26194406","0.200059"
"26194406","13740236","0.200059"
"13740236","2798729639","0.569557"
"2798729639","13740236","0.569557"
"145342711","1512743766","0.0560054"
"1512743766","145342711","0.0560054"
"145342711","157569049","0.123032"
"157569049","145342711","0.123032"
"145342711","1585597514","0.222672"
"1585597514","145342711","0.222672"
"145342711","1755288386","0.0830324"
"1755288386","145342711","0.0830324"
"145342711","187486543","0.232155"
"187486543","145342711","0.232155"
"145342711","1964199256","0.0960054"
"1964199256","145342711","0.0960054"
"145342711","1990989132","0.249699"
"1990989132","145342711","0.249699"
"145342711","199837923","0.262672"
"199837923","145342711","0.262672"
"145342711","2022933093","0.0560054"
"2022933093","145342711","0.0560054"
"145342711","20243165","0.289699"
"20243165","145342711","0.289699"
"145342711","2045591981","0.0384615"
"2045591981","145342711","0.0384615"
"145342711","2066330121","0.123032"
"2066330121","145342711","0.123032"
"145342711","2078887420","0.123032"
"2078887420","145342711","0.123032"
"145342711","2092431575","0.456366"
"2092431575","145342711","0.456366"
"145342711","2131120494","0.0654886"
"2131120494","145342711","0.0654886"
"145342711","2133824053","0.222672"
"2133824053","145342711","0.222672"
"145342711","2134716336","0.0560054"
"2134716336","145342711","0.0560054"
"145342711","2137113495","0.0654886"
"2137113495","145342711","0.0654886"
"145342711","2140146215","0.0960054"
"2140146215","145342711","0.0960054"
"145342711","2162366870","0.222672"
"2162366870","145342711","0.222672"
"145342711","2165364732","0.0384615"
"2165364732","145342711","0.0384615"
"145342711","2169780404","3.2897"
"2169780404","145342711","3.2897"
"145342711","26194406","0.0654886"
"26194406","145342711","0.0654886"
"145342711","2798729639","0.249699"
"2798729639","145342711","0.249699"
"1512743766","157569049","0.0854172"
"157569049","1512743766","0.0854172"
"1512743766","1585597514","0.0560054"
"1585597514","1512743766","0.0560054"
"1512743766","1755288386","0.0560054"
"1755288386","1512743766","0.0560054"
"1512743766","187486543","0.0384615"
"187486543","1512743766","0.0384615"
"1512743766","1964199256","0.0854172"
"1964199256","1512743766","0.0854172"
"1512743766","1990989132","0.0854172"
"1990989132","1512743766","0.0854172"
"1512743766","199837923","0.0854172"
"199837923","1512743766","0.0854172"
"1512743766","2022933093","0.0560054"
"2022933093","1512743766","0.0560054"
"1512743766","20243165","4.58542"
"20243165","1512743766","4.58542"
"1512743766","2045591981","0.0384615"
"2045591981","1512743766","0.0384615"
"1512743766","2066330121","0.0854172"
"2066330121","1512743766","0.0854172"
"1512743766","2078887420","0.0854172"
"2078887420","1512743766","0.0854172"
"1512743766","2092431575","0.0560054"
"2092431575","1512743766","0.0560054"
"1512743766","2131120494","0.0678733"
"2131120494","1512743766","0.0678733"
"1512743766","2133824053","0.0560054"
"2133824053","1512743766","0.0560054"
"1512743766","2134716336","0.0854172"
"2134716336","1512743766","0.0854172"
"1512743766","2137113495","0.0384615"
"2137113495","1512743766","0.0384615"
"1512743766","2140146215","0.0854172"
"2140146215","1512743766","0.0854172"
"1512743766","2162366870","0.0854172"
"2162366870","1512743766","0.0854172"
"1512743766","2165364732","0.0384615"
"2165364732","1512743766","0.0384615"
"1512743766","2169780404","0.0854172"
"2169780404","1512743766","0.0854172"
"1512743766","26194406","0.0678733"
"26194406","1512743766","0.0678733"
"1512743766","2798729639","0.0854172"
"2798729639","1512743766","0.0854172"
"157569049","1585597514","0.256805"
"1585597514","157569049","0.256805"
"157569049","1755288386","0.224699"
"1755288386","157569049","0.224699"
"157569049","187486543","0.736526"
"187486543","157569049","0.736526"
"157569049","1964199256","0.125417"
"1964199256","157569049","0.125417"
"157569049","1990989132","1.22158"
"1990989132","157569049","1.22158"
"157569049","199837923","0.163879"
"199837923","157569049","0.163879"
"157569049","2022933093","0.0944669"
"2022933093","157569049","0.0944669"
"157569049","20243165","1.08376"
"20243165","157569049","1.08376"
"157569049","2045591981","0.431685"
"2045591981","157569049","0.431685"
"157569049","2066330121","0.304001"
"2066330121","157569049","0.304001"
"157569049","2078887420","11.2247"
"2078887420","157569049","11.2247"
"157569049","2092431575","1.13216"
"2092431575","157569049","1.13216"
"157569049","2131120494","0.175029"
"2131120494","157569049","0.175029"
"157569049","2133824053","0.0944669"
"2133824053","157569049","0.0944669"
"157569049","2134716336","0.403641"
"2134716336","157569049","0.403641"
"157569049","2137113495","0.317045"
"2137113495","157569049","0.317045"
"157569049","2140146215","0.238512"
"2140146215","157569049","0.238512"
"157569049","2162366870","0.786216"
"2162366870","157569049","0.786216"
"157569049","2165364732","0.30989"
"2165364732","157569049","0.30989"
"157569049","2169780404","0.561577"
"2169780404","157569049","0.561577"
"157569049","26194406","0.136567"
"26194406","157569049","0.136567"
"157569049","2798729639","1.02158"
"2798729639","157569049","1.02158"
"1585597514","1755288386","0.132928"
"1755288386","1585597514","0.132928"
"1585597514","187486543","0.19561"
"187486543","1585597514","0.19561"
"1585597514","1964199256","0.119497"
"1964199256","1585597514","0.119497"
"1585597514","1990989132","0.339222"
"1990989132","1585597514","0.339222"
"1585597514","199837923","0.324626"
"199837923","1585597514","0.324626"
"1585597514","20243165","0.396054"
"20243165","1585597514","0.396054"
"1585597514","2066330121","0.311805"
"2066330121","1585597514","0.311805"
"1585597514","2078887420","0.256805"
"2078887420","1585597514","0.256805"
"1585597514","2131120494","0.357393"
"2131120494","1585597514","0.357393"
"1585597514","2137113495","0.176129"
"2137113495","1585597514","0.176129"
"1585597514","2162366870","1.92726"
"2162366870","1585597514","1.92726"
"1585597514","2169780404","0.320297"
"2169780404","1585597514","0.320297"
"1585597514","26194406","0.346709"
"26194406","1585597514","0.346709"
"1585597514","2798729639","0.339222"
"2798729639","1585597514","0.339222"
"1755288386","187486543","0.107155"
"187486543","1755288386","0.107155"
"1755288386","1964199256","0.0560054"
"1964199256","1755288386","0.0560054"
"1755288386","1990989132","0.124699"
"1990989132","1755288386","0.124699"
"1755288386","199837923","0.0560054"
"199837923","1755288386","0.0560054"
"1755288386","2022933093","0.0560054"
"2022933093","1755288386","0.0560054"
"1755288386","20243165","0.124699"
"20243165","1755288386","0.124699"
"1755288386","2078887420","0.224699"
"2078887420","1755288386","0.224699"
"1755288386","2092431575","0.801622"
"2092431575","1755288386","0.801622"
"1755288386","2131120494","0.107155"
"2131120494","1755288386","0.107155"
"1755288386","2133824053","0.132928"
"2133824053","1755288386","0.132928"
"1755288386","2134716336","0.0560054"
"2134716336","1755288386","0.0560054"
"1755288386","2137113495","0.207155"
"2137113495","1755288386","0.207155"
"1755288386","2140146215","0.0976721"
"2140146215","1755288386","0.0976721"
"1755288386","2162366870","0.0976721"
"2162366870","1755288386","0.0976721"
"1755288386","2165364732","0.115385"
"2165364732","1755288386","0.115385"
"1755288386","2169780404","0.124699"
"2169780404","1755288386","0.124699"
"1755288386","26194406","0.107155"
"26194406","1755288386","0.107155"
"1755288386","2798729639","0.124699"
"2798729639","1755288386","0.124699"
"187486543","1964199256","0.0662393"
"1964199256","187486543","0.0662393"
"187486543","1990989132","0.569859"
"1990989132","187486543","0.569859"
"187486543","199837923","0.104701"
"199837923","187486543","0.104701"
"187486543","2022933093","0.104701"
"2022933093","187486543","0.104701"
"187486543","20243165","0.284506"
"20243165","187486543","0.284506"
"187486543","2045591981","0.104701"
"2045591981","187486543","0.104701"
"187486543","2066330121","0.173395"
"2066330121","187486543","0.173395"
"187486543","2078887420","0.847637"
"2078887420","187486543","0.847637"
"187486543","2092431575","1.59764"
"2092431575","187486543","1.59764"
"187486543","2131120494","0.145617"
"2131120494","187486543","0.145617"
"187486543","2133824053","0.104701"
"2133824053","187486543","0.104701"
"187486543","2134716336","0.104701"
"2134716336","187486543","0.104701"
"187486543","2137113495","0.173395"
"2137113495","187486543","0.173395"
"187486543","2140146215","0.107906"
"2140146215","187486543","0.107906"
"187486543","2162366870","0.403943"
"2162366870","187486543","0.403943"
"187486543","2165364732","0.0662393"
"2165364732","187486543","0.0662393"
"187486543","2169780404","0.542081"
"2169780404","187486543","0.542081"
"187486543","26194406","0.134933"
"26194406","187486543","0.134933"
"187486543","2798729639","0.569859"
"2798729639","187486543","0.569859"
"1964199256","1990989132","0.0854172"
"1990989132","1964199256","0.0854172"
"1964199256","199837923","0.188909"
"199837923","1964199256","0.188909"
"1964199256","2022933093","0.119497"
"2022933093","1964199256","0.119497"
"1964199256","20243165","0.756009"
"20243165","1964199256","0.756009"
"1964199256","2045591981","0.301954"
"2045591981","1964199256","0.301954"
"1964199256","2066330121","0.188909"
"2066330121","1964199256","0.188909"
"1964199256","2078887420","0.125417"
"2078887420","1964199256","0.125417"
"1964199256","2092431575","0.159497"
"2092431575","1964199256","0.159497"
"1964199256","2131120494","0.103588"
"2131120494","1964199256","0.103588"
"1964199256","2133824053","0.0837832"
"2133824053","1964199256","0.0837832"
"1964199256","2134716336","0.148909"
"2134716336","1964199256","0.148909"
"1964199256","2137113495","0.0662393"
"2137113495","1964199256","0.0662393"
"1964199256","2140146215","0.244104"
"2140146215","1964199256","0.244104"
"1964199256","2162366870","0.239818"
"2162366870","1964199256","0.239818"
"1964199256","2165364732","0.101954"
"2165364732","1964199256","0.101954"
"1964199256","2169780404","1.27982"
"2169780404","1964199256","1.27982"
"1964199256","26194406","0.131365"
"26194406","1964199256","0.131365"
"1964199256","2798729639","0.0854172"
"2798729639","1964199256","0.0854172"
"1990989132","199837923","0.207212"
"199837923","1990989132","0.207212"
"1990989132","2022933093","0.150022"
"2022933093","1990989132","0.150022"
"1990989132","20243165","1.23622"
"20243165","1990989132","1.23622"
"1990989132","2045591981","0.486325"
"2045591981","1990989132","0.486325"
"1990989132","2066330121","0.473403"
"2066330121","1990989132","0.473403"
"1990989132","2078887420","1.22158"
"2078887420","1990989132","1.22158"
"1990989132","2092431575","2.07458"
"2092431575","1990989132","2.07458"
"1990989132","2131120494","0.328875"
"2131120494","1990989132","0.328875"
"1990989132","2133824053","0.17139"
"2133824053","1990989132","0.17139"
"1990989132","2134716336","0.200802"
"2134716336","1990989132","0.200802"
"1990989132","2137113495","0.145617"
"2137113495","1990989132","0.145617"
"1990989132","2140146215","0.337401"
"2140146215","1990989132","0.337401"
"1990989132","2162366870","0.882523"
"2162366870","1990989132","0.882523"
"1990989132","2165364732","0.365446"
"2165364732","1990989132","0.365446"
"1990989132","2169780404","0.67237"
"2169780404","1990989132","0.67237"
"1990989132","26194406","0.290413"
"26194406","1990989132","0.290413"
"1990989132","2798729639","8.14764"
"2798729639","1990989132","8.14764"
"199837923","2022933093","0.691292"
"2022933093","199837923","0.691292"
"199837923","20243165","0.477371"
"20243165","199837923","0.477371"
"199837923","2045591981","0.140415"
"2045591981","199837923","0.140415"
"199837923","2066330121","0.227371"
"2066330121","199837923","0.227371"
"199837923","2078887420","0.163879"
"2078887420","199837923","0.163879"
"199837923","2092431575","1.19796"
"2092431575","199837923","1.19796"
"199837923","2131120494","0.142049"
"2131120494","199837923","0.142049"
"199837923","2133824053","0.288911"
"2133824053","199837923","0.288911"
"199837923","2134716336","0.187371"
"2134716336","199837923","0.187371"
"199837923","2137113495","0.604701"
"2137113495","199837923","0.604701"
"199837923","2140146215","0.236528"
"2140146215","199837923","0.236528"
"199837923","2162366870","0.470704"
"2162366870","199837923","0.470704"
"199837923","2165364732","0.101954"
"2165364732","199837923","0.101954"
"199837923","2169780404","0.760704"
"2169780404","199837923","0.760704"
"199837923","26194406","0.131365"
"26194406","199837923","0.131365"
"199837923","2798729639","0.207212"
"2798729639","199837923","0.207212"
"2022933093","20243165","0.213515"
"20243165","2022933093","0.213515"
"2022933093","2066330121","0.296848"
"2066330121","2022933093","0.296848"
"2022933093","2078887420","0.0944669"
"2078887420","2022933093","0.0944669"
"2022933093","2131120494","0.112637"
"2131120494","2022933093","0.112637"
"2022933093","2137113495","0.455891"
"2137113495","2022933093","0.455891"
"2022933093","2162366870","1.73851"
"2162366870","2022933093","1.73851"
"2022933093","2169780404","4.57185"
"2169780404","2022933093","4.57185"
"2022933093","26194406","0.101954"
"26194406","2022933093","0.101954"
"2022933093","2798729639","0.150022"
"2798729639","2022933093","0.150022"
"20243165","2045591981","0.49359"
"2045591981","20243165","0.49359"
"20243165","2066330121","0.423049"
"2066330121","20243165","0.423049"
"20243165","2078887420","1.19487"
"2078887420","20243165","1.19487"
"20243165","2092431575","0.704748"
"2092431575","20243165","0.704748"
"20243165","2131120494","0.210743"
"2131120494","20243165","0.210743"
"20243165","2133824053","0.288911"
"2133824053","20243165","0.288911"
"20243165","2134716336","0.467133"
"2134716336","20243165","0.467133"
"20243165","2137113495","0.38768"
"2137113495","20243165","0.38768"
"20243165","2140146215","0.496088"
"2140146215","20243165","0.496088"
"20243165","2162366870","2.55764"
"2162366870","20243165","2.55764"
"20243165","2165364732","0.228938"
"2165364732","20243165","0.228938"
"20243165","2169780404","1.03533"
"2169780404","20243165","1.03533"
"20243165","26194406","0.400059"
"26194406","20243165","0.400059"
"20243165","2798729639","0.736223"
"2798729639","20243165","0.736223"
"2045591981","2078887420","0.431685"
"2078887420","2045591981","0.431685"
"2045591981","2131120494","0.266484"
"2131120494","2045591981","0.266484"
"2045591981","2137113495","1.25946"
"2137113495","2045591981","1.25946"
"2045591981","2162366870","2.00769"
"2162366870","2045591981","2.00769"
"2045591981","2169780404","0.517399"
"2169780404","2045591981","0.517399"
"2045591981","26194406","0.2558"
"26194406","2045591981","0.2558"
"2045591981","2798729639","0.286325"
"2798729639","2045591981","0.286325"
"2066330121","2078887420","0.304001"
"2078887420","2066330121","0.304001"
"2066330121","2092431575","0.503832"
"2092431575","2066330121","0.503832"
"2066330121","2131120494","0.614589"
"2131120494","2066330121","0.614589"
"2066330121","2133824053","0.449168"
"2133824053","2066330121","0.449168"
"2066330121","2134716336","0.264294"
"2134716336","2066330121","0.264294"
"2066330121","2137113495","1.25673"
"2137113495","2066330121","1.25673"
"2066330121","2140146215","2.48851"
"2140146215","2066330121","2.48851"
"2066330121","2162366870","0.521773"
"2162366870","2066330121","0.521773"
"2066330121","2165364732","0.228938"
"2165364732","2066330121","0.228938"
"2066330121","2169780404","0.35162"
"2169780404","2066330121","0.35162"
"2066330121","26194406","0.603905"
"26194406","2066330121","0.603905"
"2066330121","2798729639","0.473403"
"2798729639","2066330121","0.473403"
"2078887420","2092431575","1.13216"
"2092431575","2078887420","1.13216"
"2078887420","2131120494","1.17503"
"2131120494","2078887420","1.17503"
"2078887420","2133824053","0.0944669"
"2133824053","2078887420","0.0944669"
"2078887420","2134716336","0.403641"
"2134716336","2078887420","0.403641"
"2078887420","2137113495","0.317045"
"2137113495","2078887420","0.317045"
"2078887420","2140146215","0.238512"
"2140146215","2078887420","0.238512"
"2078887420","2162366870","0.786216"
"2162366870","2078887420","0.786216"
"2078887420","2165364732","0.30989"
"2165364732","2078887420","0.30989"
"2078887420","2169780404","0.672688"
"2169780404","2078887420","0.672688"
"2078887420","26194406","0.136567"
"26194406","2078887420","0.136567"
"2078887420","2798729639","1.02158"
"2798729639","2078887420","1.02158"
"2092431575","2131120494","0.426086"
"2131120494","2092431575","0.426086"
"2092431575","2133824053","2.80301"
"2133824053","2092431575","2.80301"
"2092431575","2137113495","0.571014"
"2137113495","2092431575","0.571014"
"2092431575","2162366870","3.19273"
"2162366870","2092431575","3.19273"
"2092431575","2165364732","0.546709"
"2165364732","2092431575","0.546709"
"2092431575","2169780404","0.92899"
"2169780404","2092431575","0.92899"
"2092431575","26194406","0.615403"
"26194406","2092431575","0.615403"
"2092431575","2798729639","1.57458"
"2798729639","2092431575","1.57458"
"2131120494","2133824053","0.153846"
"2133824053","2131120494","0.153846"
"2131120494","2134716336","0.218972"
"2134716336","2131120494","0.218972"
"2131120494","2137113495","0.145617"
"2137113495","2131120494","0.145617"
"2131120494","2140146215","0.442873"
"2140146215","2131120494","0.442873"
"2131120494","2162366870","0.337562"
"2162366870","2131120494","0.337562"
"2131120494","2165364732","0.165085"
"2165364732","2131120494","0.165085"
"2131120494","2169780404","0.210743"
"2169780404","2131120494","0.210743"
"2131120494","26194406","16.0004"
"26194406","2131120494","16.0004"
"2131120494","2798729639","0.328875"
"2798729639","2131120494","0.328875"
"2133824053","2134716336","0.199168"
"2134716336","2133824053","0.199168"
"2133824053","2137113495","0.188034"
"2137113495","2133824053","0.188034"
"2133824053","2140146215","0.25045"
"2140146215","2133824053","0.25045"
"2133824053","2162366870","0.892758"
"2162366870","2133824053","0.892758"
"2133824053","2169780404","0.288911"
"2169780404","2133824053","0.288911"
"2133824053","26194406","0.143162"
"26194406","2133824053","0.143162"
"2133824053","2798729639","0.17139"
"2798729639","2133824053","0.17139"
"2134716336","2137113495","0.301129"
"2137113495","2134716336","0.301129"
"2134716336","2162366870","3.96191"
"2162366870","2134716336","3.96191"
"2134716336","2165364732","0.101954"
"2165364732","2134716336","0.101954"
"2134716336","2169780404","0.583799"
"2169780404","2134716336","0.583799"
"2134716336","26194406","0.208288"
"26194406","2134716336","0.208288"
"2134716336","2798729639","0.200802"
"2798729639","2134716336","0.200802"
"2137113495","2140146215","0.107906"
"2140146215","2137113495","0.107906"
"2137113495","2162366870","0.568987"
"2162366870","2137113495","0.568987"
"2137113495","2165364732","0.0662393"
"2165364732","2137113495","0.0662393"
"2137113495","2169780404","0.369823"
"2169780404","2137113495","0.369823"
"2137113495","26194406","0.134933"
"26194406","2137113495","0.134933"
"2137113495","2798729639","0.145617"
"2798729639","2137113495","0.145617"
"2140146215","2162366870","0.58466"
"2162366870","2140146215","0.58466"
"2140146215","2165364732","0.193223"
"2165364732","2140146215","0.193223"
"2140146215","2169780404","1.59133"
"2169780404","2140146215","1.59133"
"2140146215","26194406","0.470651"
"26194406","2140146215","0.470651"
"2140146215","2798729639","0.337401"
"2798729639","2140146215","0.337401"
"2162366870","2165364732","0.434432"
"2165364732","2162366870","0.434432"
"2162366870","2169780404","2.14617"
"2169780404","2162366870","2.14617"
"2162366870","26194406","0.526878"
"26194406","2162366870","0.526878"
"2162366870","2798729639","0.882523"
"2798729639","2162366870","0.882523"
"2165364732","2169780404","0.157509"
"2169780404","2165364732","0.157509"
"2165364732","26194406","0.192863"
"26194406","2165364732","0.192863"
"2165364732","2798729639","0.165446"
"2798729639","2165364732","0.165446"
"2169780404","26194406","0.200059"
"26194406","2169780404","0.200059"
"2169780404","2798729639","0.67237"
"2798729639","2169780404","0.67237"
"26194406","2798729639","0.290413"
"2798729639","26194406","0.290413"
"111028592","1971656484","0.198413"
"1971656484","111028592","0.198413"
"111028592","2883438944","0.198413"
"2883438944","111028592","0.198413"
"1585597514","1971656484","0.237324"
"1971656484","1585597514","0.237324"
"1585597514","2883438944","0.237324"
"2883438944","1585597514","0.237324"
"1687508979","1971656484","0.160401"
"1971656484","1687508979","0.160401"
"1687508979","2162366870","5.92173"
"2162366870","1687508979","5.92173"
"1687508979","2883438944","0.160401"
"2883438944","1687508979","0.160401"
"1971656484","1983723499","0.160401"
"1983723499","1971656484","0.160401"
"1971656484","2134716336","0.160401"
"2134716336","1971656484","0.160401"
"1971656484","2162366870","0.215957"
"2162366870","1971656484","0.215957"
"1971656484","2883438944","2.57066"
"2883438944","1971656484","2.57066"
"1983723499","2162366870","13.5308"
"2162366870","1983723499","13.5308"
"1983723499","2883438944","0.160401"
"2883438944","1983723499","0.160401"
"2134716336","2883438944","1.18981"
"2883438944","2134716336","1.18981"
"2162366870","2883438944","0.245368"
"2883438944","2162366870","0.245368"
"111028592","1996073671","0.304701"
"1996073671","111028592","0.304701"
"1964199256","1996073671","0.245322"
"1996073671","1964199256","0.245322"
"1964199256","2105324142","0.245322"
"2105324142","1964199256","0.245322"
"1964199256","2118230874","0.281036"
"2118230874","1964199256","0.281036"
"1996073671","2045591981","0.304701"
"2045591981","1996073671","0.304701"
"1996073671","2105324142","1.56034"
"2105324142","1996073671","1.56034"
"1996073671","2118230874","4.82893"
"2118230874","1996073671","4.82893"
"2105324142","2118230874","1.83257"
"2118230874","2105324142","1.83257"
"111028592","2055665491","0.26221"
"2055665491","111028592","0.26221"
"111028592","2115518421","0.26221"
"2115518421","111028592","0.26221"
"1542821961","1996073671","0.348291"
"1996073671","1542821961","0.348291"
"1542821961","2055665491","0.759506"
"2055665491","1542821961","0.759506"
"1542821961","2115518421","0.759506"
"2115518421","1542821961","0.759506"
"1542821961","2118230874","0.324481"
"2118230874","1542821961","0.324481"
"1542821961","2133824053","1.09829"
"2133824053","1542821961","1.09829"
"1542821961","2162366870","1.15517"
"2162366870","1542821961","1.15517"
"1542821961","2165364732","0.237179"
"2165364732","1542821961","0.237179"
"1585597514","1996073671","0.122245"
"1996073671","1585597514","0.122245"
"1585597514","2055665491","0.196421"
"2055665491","1585597514","0.196421"
"1585597514","2115518421","0.196421"
"2115518421","1585597514","0.196421"
"1687508979","1996073671","0.419467"
"1996073671","1687508979","0.419467"
"1687508979","2055665491","0.904357"
"2055665491","1687508979","0.904357"
"1687508979","2115518421","0.904357"
"2115518421","1687508979","0.904357"
"1983723499","1996073671","0.7028"
"1996073671","1983723499","0.7028"
"1983723499","2055665491","1.48769"
"2055665491","1983723499","1.48769"
"1983723499","2115518421","1.48769"
"2115518421","1983723499","1.48769"
"1983723499","2118230874","1.03842"
"2118230874","1983723499","1.03842"
"1983723499","2133824053","0.626518"
"2133824053","1983723499","0.626518"
"1983723499","2165364732","0.112637"
"2165364732","1983723499","0.112637"
"1996073671","2055665491","0.122245"
"2055665491","1996073671","0.122245"
"1996073671","2092431575","0.122245"
"2092431575","1996073671","0.122245"
"1996073671","2115518421","0.122245"
"2115518421","1996073671","0.122245"
"1996073671","2133824053","0.122245"
"2133824053","1996073671","0.122245"
"1996073671","2162366870","1.30558"
"2162366870","1996073671","1.30558"
"1996073671","2165364732","0.176129"
"2165364732","1996073671","0.176129"
"2045591981","2055665491","0.9884"
"2055665491","2045591981","0.9884"
"2045591981","2115518421","0.9884"
"2115518421","2045591981","0.9884"
"2055665491","2092431575","1.57345"
"2092431575","2055665491","1.57345"
"2055665491","2115518421","11.8369"
"2115518421","2055665491","11.8369"
"2055665491","2118230874","0.279754"
"2118230874","2055665491","0.279754"
"2055665491","2133824053","0.24404"
"2133824053","2055665491","0.24404"
"2055665491","2162366870","1.76547"
"2162366870","2055665491","1.76547"
"2055665491","2165364732","0.140415"
"2165364732","2055665491","0.140415"
"2092431575","2115518421","2.57345"
"2115518421","2092431575","2.57345"
"2092431575","2118230874","0.673777"
"2118230874","2092431575","0.673777"
"2115518421","2118230874","0.279754"
"2118230874","2115518421","0.279754"
"2115518421","2133824053","0.24404"
"2133824053","2115518421","0.24404"
"2115518421","2162366870","1.76547"
"2162366870","2115518421","1.76547"
"2115518421","2165364732","0.140415"
"2165364732","2115518421","0.140415"
"2118230874","2162366870","1.99834"
"2162366870","2118230874","1.99834"
"111028592","2140808147","0.0769231"
"2140808147","111028592","0.0769231"
"1585597514","2105324142","0.323044"
"2105324142","1585597514","0.323044"
"1585597514","2140808147","0.17139"
"2140808147","1585597514","0.17139"
"1687508979","1990989132","0.300761"
"1990989132","1687508979","0.300761"
"1687508979","2066330121","0.328899"
"2066330121","1687508979","0.328899"
"1687508979","2105324142","0.628599"
"2105324142","1687508979","0.628599"
"1687508979","2131120494","0.318931"
"2131120494","1687508979","0.318931"
"1687508979","2140808147","0.0944669"
"2140808147","1687508979","0.0944669"
"1687508979","26194406","0.48047"
"26194406","1687508979","0.48047"
"1687508979","2798729639","0.300761"
"2798729639","1687508979","0.300761"
"1983723499","1990989132","0.293185"
"1990989132","1983723499","0.293185"
"1983723499","2066330121","0.328899"
"2066330121","1983723499","0.328899"
"1983723499","2105324142","0.680548"
"2105324142","1983723499","0.680548"
"1983723499","2131120494","0.228022"
"2131120494","1983723499","0.228022"
"1983723499","2140808147","0.0944669"
"2140808147","1983723499","0.0944669"
"1983723499","26194406","0.38956"
"26194406","1983723499","0.38956"
"1983723499","2798729639","0.293185"
"2798729639","1983723499","0.293185"
"1990989132","2105324142","0.204357"
"2105324142","1990989132","0.204357"
"1990989132","2140808147","0.163161"
"2140808147","1990989132","0.163161"
"2045591981","2140808147","0.0769231"
"2140808147","2045591981","0.0769231"
"2066330121","2140808147","0.163161"
"2140808147","2066330121","0.163161"
"2092431575","2105324142","0.632568"
"2105324142","2092431575","0.632568"
"2092431575","2140808147","0.740084"
"2140808147","2092431575","0.740084"
"2105324142","2131120494","0.206294"
"2131120494","2105324142","0.206294"
"2105324142","2140808147","0.0944669"
"2140808147","2105324142","0.0944669"
"2105324142","2162366870","0.398802"
"2162366870","2105324142","0.398802"
"2105324142","26194406","0.19561"
"26194406","2105324142","0.19561"
"2105324142","2798729639","0.204357"
"2798729639","2105324142","0.204357"
"2131120494","2140808147","0.145617"
"2140808147","2131120494","0.145617"
"2140808147","2162366870","0.136134"
"2162366870","2140808147","0.136134"
"2140808147","26194406","0.145617"
"26194406","2140808147","0.145617"
"2140808147","2798729639","0.163161"
"2798729639","2140808147","0.163161"
"111028592","2045345923","0.0555556"
"2045345923","111028592","0.0555556"
"111028592","2118407361","0.0833333"
"2118407361","111028592","0.0833333"
"111028592","2417219265","0.121795"
"2417219265","111028592","0.121795"
"13740236","1489930749","1.06005"
"1489930749","13740236","1.06005"
"13740236","1542821961","0.502399"
"1542821961","13740236","0.502399"
"13740236","1971656484","0.0730994"
"1971656484","13740236","0.0730994"
"13740236","2045345923","0.0972222"
"2045345923","13740236","0.0972222"
"13740236","2118407361","0.225877"
"2118407361","13740236","0.225877"
"13740236","2417219265","0.622224"
"2417219265","13740236","0.622224"
"13740236","2883438944","0.206461"
"2883438944","13740236","0.206461"
"1489930749","1971656484","0.0730994"
"1971656484","1489930749","0.0730994"
"1489930749","1990989132","0.262114"
"1990989132","1489930749","0.262114"
"1489930749","20243165","0.56005"
"20243165","1489930749","0.56005"
"1489930749","2045345923","0.0972222"
"2045345923","1489930749","0.0972222"
"1489930749","2066330121","0.60803"
"2066330121","1489930749","0.60803"
"1489930749","2118407361","0.350877"
"2118407361","1489930749","0.350877"
"1489930749","2162366870","1.24782"
"2162366870","1489930749","1.24782"
"1489930749","2165364732","0.119048"
"2165364732","1489930749","0.119048"
"1489930749","2169780404","2.50929"
"2169780404","1489930749","2.50929"
"1489930749","2417219265","0.197316"
"2417219265","1489930749","0.197316"
"1489930749","2798729639","0.262114"
"2798729639","1489930749","0.262114"
"1489930749","2883438944","0.129538"
"2883438944","1489930749","0.129538"
"1542821961","1971656484","0.132479"
"1971656484","1542821961","0.132479"
"1542821961","1990989132","0.715158"
"1990989132","1542821961","0.715158"
"1542821961","20243165","0.502399"
"20243165","1542821961","0.502399"
"1542821961","2045345923","0.0972222"
"2045345923","1542821961","0.0972222"
"1542821961","2066330121","0.23536"
"2066330121","1542821961","0.23536"
"1542821961","2118407361","0.125"
"2118407361","1542821961","0.125"
"1542821961","2169780404","1.75997"
"2169780404","1542821961","1.75997"
"1542821961","2417219265","0.264207"
"2417219265","1542821961","0.264207"
"1542821961","2798729639","0.715158"
"2798729639","1542821961","0.715158"
"1542821961","2883438944","0.336429"
"2883438944","1542821961","0.336429"
"1971656484","1990989132","0.0730994"
"1990989132","1971656484","0.0730994"
"1971656484","2022933093","0.0730994"
"2022933093","1971656484","0.0730994"
"1971656484","20243165","0.0730994"
"20243165","1971656484","0.0730994"
"1971656484","2045345923","0.114379"
"2045345923","1971656484","0.114379"
"1971656484","2045591981","0.0555556"
"2045591981","1971656484","0.0555556"
"1971656484","2066330121","0.0730994"
"2066330121","1971656484","0.0730994"
"1971656484","2118407361","0.0730994"
"2118407361","1971656484","0.0730994"
"1971656484","2140146215","0.0730994"
"2140146215","1971656484","0.0730994"
"1971656484","2165364732","0.132479"
"2165364732","1971656484","0.132479"
"1971656484","2169780404","0.0730994"
"2169780404","1971656484","0.0730994"
"1971656484","2417219265","1.31996"
"2417219265","1971656484","1.31996"
"1971656484","2798729639","0.0730994"
"2798729639","1971656484","0.0730994"
"1990989132","2045345923","0.0972222"
"2045345923","1990989132","0.0972222"
"1990989132","2118407361","0.364766"
"2118407361","1990989132","0.364766"
"1990989132","2417219265","0.418"
"2417219265","1990989132","0.418"
"1990989132","2883438944","0.379538"
"2883438944","1990989132","0.379538"
"2022933093","2045345923","0.0555556"
"2045345923","2022933093","0.0555556"
"2022933093","2118407361","0.225877"
"2118407361","2022933093","0.225877"
"2022933093","2417219265","0.139339"
"2417219265","2022933093","0.139339"
