"109031910","1606433013","5.26293"
"1606433013","109031910","5.26293"
"109031910","2057622944","1.17083"
"2057622944","109031910","1.17083"
"109031910","2077090091","3.34702"
"2077090091","109031910","3.34702"
"109031910","2159682002","1.97841"
"2159682002","109031910","1.97841"
"109031910","2187879783","0.624242"
"2187879783","109031910","0.624242"
"1606433013","2057622944","1.42083"
"2057622944","1606433013","1.42083"
"1606433013","2077090091","26.247"
"2077090091","1606433013","26.247"
"1606433013","2159682002","1.59508"
"2159682002","1606433013","1.59508"
"1606433013","2187879783","0.990909"
"2187879783","1606433013","0.990909"
"2057622944","2077090091","1.09583"
"2077090091","2057622944","1.09583"
"2057622944","2159682002","0.3875"
"2159682002","2057622944","0.3875"
"2057622944","2187879783","0.2"
"2187879783","2057622944","0.2"
"2077090091","2159682002","0.7125"
"2159682002","2077090091","0.7125"
"2077090091","2187879783","0.4"
"2187879783","2077090091","0.4"
"2159682002","2187879783","6.88535"
"2187879783","2159682002","6.88535"
"109031910","1700302626","5.09508"
"1700302626","109031910","5.09508"
"109031910","1506513518","1.15341"
"1506513518","109031910","1.15341"
"109031910","1834910155","0.278409"
"1834910155","109031910","0.278409"
"109031910","1851187944","0.7625"
"1851187944","109031910","0.7625"
"109031910","1972095388","0.1875"
"1972095388","109031910","0.1875"
"109031910","1985483076","0.929167"
"1985483076","109031910","0.929167"
"109031910","2010755259","0.330357"
"2010755259","109031910","0.330357"
"109031910","2054114610","0.354167"
"2054114610","109031910","0.354167"
"109031910","2126430355","0.546266"
"2126430355","109031910","0.546266"
"109031910","2140565032","0.278409"
"2140565032","109031910","0.278409"
"109031910","2183345120","0.395833"
"2183345120","109031910","0.395833"
"109031910","2913960762","1.62127"
"2913960762","109031910","1.62127"
"1506513518","1606433013","0.936742"
"1606433013","1506513518","0.936742"
"1506513518","1700302626","1.12841"
"1700302626","1506513518","1.12841"
"1506513518","1834910155","0.278409"
"1834910155","1506513518","0.278409"
"1506513518","1851187944","0.5625"
"1851187944","1506513518","0.5625"
"1506513518","1972095388","0.0625"
"1972095388","1506513518","0.0625"
"1506513518","1985483076","0.498611"
"1985483076","1506513518","0.498611"
"1506513518","2010755259","0.0625"
"2010755259","1506513518","0.0625"
"1506513518","2054114610","0.173611"
"2054114610","1506513518","0.173611"
"1506513518","2057622944","2.64583"
"2057622944","1506513518","2.64583"
"1506513518","2077090091","0.845833"
"2077090091","1506513518","0.845833"
"1506513518","2126430355","0.153409"
"2126430355","1506513518","0.153409"
"1506513518","2140565032","0.278409"
"2140565032","1506513518","0.278409"
"1506513518","2159682002","1.98952"
"2159682002","1506513518","1.98952"
"1506513518","2183345120","0.873611"
"2183345120","1506513518","0.873611"
"1506513518","2913960762","0.38952"
"2913960762","1506513518","0.38952"
"1606433013","1700302626","4.71174"
"1700302626","1606433013","4.71174"
"1606433013","1834910155","1.56174"
"1834910155","1606433013","1.56174"
"1606433013","1851187944","0.5125"
"1851187944","1606433013","0.5125"
"1606433013","1972095388","0.520833"
"1972095388","1606433013","0.520833"
"1606433013","1985483076","3.0125"
"1985483076","1606433013","3.0125"
"1606433013","2010755259","0.330357"
"2010755259","1606433013","0.330357"
"1606433013","2054114610","1.10417"
"2054114610","1606433013","1.10417"
"1606433013","2126430355","2.66293"
"2126430355","1606433013","2.66293"
"1606433013","2140565032","0.278409"
"2140565032","1606433013","0.278409"
"1606433013","2183345120","0.0625"
"2183345120","1606433013","0.0625"
"1606433013","2913960762","2.4046"
"2913960762","1606433013","2.4046"
"1700302626","1834910155","0.278409"
"1834910155","1700302626","0.278409"
"1700302626","1851187944","1.7625"
"1851187944","1700302626","1.7625"
"1700302626","1972095388","0.0625"
"1972095388","1700302626","0.0625"
"1700302626","1985483076","2.55417"
"1985483076","1700302626","2.55417"
"1700302626","2010755259","0.0625"
"2010755259","1700302626","0.0625"
"1700302626","2054114610","0.229167"
"2054114610","1700302626","0.229167"
"1700302626","2057622944","0.720833"
"2057622944","1700302626","0.720833"
"1700302626","2077090091","3.29583"
"2077090091","1700302626","3.29583"
"1700302626","2126430355","0.278409"
"2126430355","1700302626","0.278409"
"1700302626","2140565032","0.278409"
"2140565032","1700302626","0.278409"
"1700302626","2159682002","1.42008"
"2159682002","1700302626","1.42008"
"1700302626","2183345120","0.2625"
"2183345120","1700302626","0.2625"
"1700302626","2913960762","0.403409"
"2913960762","1700302626","0.403409"
"1834910155","1851187944","0.0625"
"1851187944","1834910155","0.0625"
"1834910155","1972095388","0.1875"
"1972095388","1834910155","0.1875"
"1834910155","1985483076","0.1875"
"1985483076","1834910155","0.1875"
"1834910155","2010755259","0.1875"
"2010755259","1834910155","0.1875"
"1834910155","2054114610","0.1875"
"2054114610","1834910155","0.1875"
"1834910155","2057622944","0.3125"
"2057622944","1834910155","0.3125"
"1834910155","2077090091","1.80417"
"2077090091","1834910155","1.80417"
"1834910155","2126430355","9.89508"
"2126430355","1834910155","9.89508"
"1834910155","2140565032","0.986742"
"2140565032","1834910155","0.986742"
"1834910155","2159682002","0.528409"
"2159682002","1834910155","0.528409"
"1834910155","2183345120","0.0625"
"2183345120","1834910155","0.0625"
"1834910155","2913960762","1.06174"
"2913960762","1834910155","1.06174"
"1851187944","1972095388","0.0625"
"1972095388","1851187944","0.0625"
"1851187944","1985483076","0.0625"
"1985483076","1851187944","0.0625"
"1851187944","2010755259","0.0625"
"2010755259","1851187944","0.0625"
"1851187944","2054114610","0.0625"
"2054114610","1851187944","0.0625"
"1851187944","2057622944","0.2625"
"2057622944","1851187944","0.2625"
"1851187944","2077090091","0.3125"
"2077090091","1851187944","0.3125"
"1851187944","2126430355","0.0625"
"2126430355","1851187944","0.0625"
"1851187944","2140565032","0.0625"
"2140565032","1851187944","0.0625"
"1851187944","2159682002","0.0625"
"2159682002","1851187944","0.0625"
"1851187944","2183345120","0.0625"
"2183345120","1851187944","0.0625"
"1851187944","2913960762","0.0625"
"2913960762","1851187944","0.0625"
"1972095388","1985483076","0.395833"
"1985483076","1972095388","0.395833"
"1972095388","2010755259","0.1875"
"2010755259","1972095388","0.1875"
"1972095388","2054114610","0.1875"
"2054114610","1972095388","0.1875"
"1972095388","2057622944","0.0625"
"2057622944","1972095388","0.0625"
"1972095388","2077090091","0.1875"
"2077090091","1972095388","0.1875"
"1972095388","2126430355","0.520833"
"2126430355","1972095388","0.520833"
"1972095388","2140565032","0.1875"
"2140565032","1972095388","0.1875"
"1972095388","2159682002","0.0625"
"2159682002","1972095388","0.0625"
"1972095388","2183345120","0.0625"
"2183345120","1972095388","0.0625"
"1972095388","2913960762","0.0625"
"2913960762","1972095388","0.0625"
"1985483076","2010755259","0.2625"
"2010755259","1985483076","0.2625"
"1985483076","2054114610","0.423611"
"2054114610","1985483076","0.423611"
"1985483076","2057622944","0.0625"
"2057622944","1985483076","0.0625"
"1985483076","2077090091","0.845833"
"2077090091","1985483076","0.845833"
"1985483076","2126430355","0.595833"
"2126430355","1985483076","0.595833"
"1985483076","2140565032","0.1875"
"2140565032","1985483076","0.1875"
"1985483076","2159682002","0.498611"
"2159682002","1985483076","0.498611"
"1985483076","2183345120","0.373611"
"2183345120","1985483076","0.373611"
"1985483076","2913960762","0.698611"
"2913960762","1985483076","0.698611"
"2010755259","2054114610","0.1875"
"2054114610","2010755259","0.1875"
"2010755259","2057622944","0.0625"
"2057622944","2010755259","0.0625"
"2010755259","2077090091","0.330357"
"2077090091","2010755259","0.330357"
"2010755259","2126430355","0.530357"
"2126430355","2010755259","0.530357"
"2010755259","2140565032","0.1875"
"2140565032","2010755259","0.1875"
"2010755259","2159682002","0.0625"
"2159682002","2010755259","0.0625"
"2010755259","2183345120","0.0625"
"2183345120","2010755259","0.0625"
"2010755259","2913960762","0.405357"
"2913960762","2010755259","0.405357"
"2054114610","2057622944","0.0625"
"2057622944","2054114610","0.0625"
"2054114610","2077090091","0.4375"
"2077090091","2054114610","0.4375"
"2054114610","2126430355","0.1875"
"2126430355","2054114610","0.1875"
"2054114610","2140565032","0.1875"
"2140565032","2054114610","0.1875"
"2054114610","2159682002","0.340278"
"2159682002","2054114610","0.340278"
"2054114610","2183345120","0.173611"
"2183345120","2054114610","0.173611"
"2054114610","2913960762","0.173611"
"2913960762","2054114610","0.173611"
"2057622944","2126430355","0.4375"
"2126430355","2057622944","0.4375"
"2057622944","2140565032","0.0625"
"2140565032","2057622944","0.0625"
"2057622944","2183345120","0.0625"
"2183345120","2057622944","0.0625"
"2057622944","2913960762","0.1875"
"2913960762","2057622944","0.1875"
"2077090091","2126430355","2.11369"
"2126430355","2077090091","2.11369"
"2077090091","2140565032","0.1875"
"2140565032","2077090091","0.1875"
"2077090091","2183345120","0.0625"
"2183345120","2077090091","0.0625"
"2077090091","2913960762","3.18869"
"2913960762","2077090091","3.18869"
"2126430355","2140565032","0.861742"
"2140565032","2126430355","0.861742"
"2126430355","2159682002","0.528409"
"2159682002","2126430355","0.528409"
"2126430355","2183345120","0.0625"
"2183345120","2126430355","0.0625"
"2126430355","2913960762","2.4046"
"2913960762","2126430355","2.4046"
"2140565032","2159682002","0.278409"
"2159682002","2140565032","0.278409"
"2140565032","2183345120","0.0625"
"2183345120","2140565032","0.0625"
"2140565032","2913960762","0.278409"
"2913960762","2140565032","0.278409"
"2159682002","2183345120","6.70694"
"2183345120","2159682002","6.70694"
"2159682002","2913960762","0.51452"
"2913960762","2159682002","0.51452"
"2183345120","2913960762","0.173611"
"2913960762","2183345120","0.173611"
"109031910","2108321362","1.05877"
"2108321362","109031910","1.05877"
"1606433013","2108321362","2.72543"
"2108321362","1606433013","2.72543"
"1985483076","2108321362","1.64444"
"2108321362","1985483076","1.64444"
"2077090091","2108321362","2.34286"
"2108321362","2077090091","2.34286"
"2108321362","2913960762","0.669877"
"2913960762","2108321362","0.669877"
"109031910","1600337181","2.61667"
"1600337181","109031910","2.61667"
"109031910","47873199","0.25"
"47873199","109031910","0.25"
"1506513518","1600337181","0.25"
"1600337181","1506513518","0.25"
"1506513518","47873199","0.25"
"47873199","1506513518","0.25"
"1600337181","1700302626","1.7"
"1700302626","1600337181","1.7"
"1600337181","47873199","0.25"
"47873199","1600337181","0.25"
"1700302626","47873199","0.25"
"47873199","1700302626","0.25"
"109031910","2013055403","0.2"
"2013055403","109031910","0.2"
"1600337181","1606433013","0.866667"
"1606433013","1600337181","0.866667"
"1600337181","2013055403","0.783333"
"2013055403","1600337181","0.783333"
"1600337181","2077090091","0.7"
"2077090091","1600337181","0.7"
"1606433013","2013055403","0.45"
"2013055403","1606433013","0.45"
"1700302626","2013055403","0.783333"
"2013055403","1700302626","0.783333"
"2013055403","2077090091","0.45"
"2077090091","2013055403","0.45"
"109031910","2045749853","0.80119"
"2045749853","109031910","0.80119"
"1606433013","2045749853","0.634524"
"2045749853","1606433013","0.634524"
"1700302626","2045749853","0.525"
"2045749853","1700302626","0.525"
"1851187944","2045749853","0.533333"
"2045749853","1851187944","0.533333"
"2045749853","2057622944","0.325"
"2057622944","2045749853","0.325"
"1600337181","2054114610","0.166667"
"2054114610","1600337181","0.166667"
"1600337181","2108321362","0.666667"
"2108321362","1600337181","0.666667"
"1600337181","2159682002","0.166667"
"2159682002","1600337181","0.166667"
"1700302626","2108321362","3.04924"
"2108321362","1700302626","3.04924"
"2054114610","2108321362","0.277778"
"2108321362","2054114610","0.277778"
"2108321362","2159682002","0.743687"
"2159682002","2108321362","0.743687"
"109031910","2012785914","0.424242"
"2012785914","109031910","0.424242"
"1506513518","2012785914","0.290909"
"2012785914","1506513518","0.290909"
"1506513518","2108321362","0.20202"
"2108321362","1506513518","0.20202"
"1506513518","2187879783","1.10202"
"2187879783","1506513518","1.10202"
"1606433013","2012785914","0.257576"
"2012785914","1606433013","0.257576"
"1700302626","2012785914","0.957576"
"2012785914","1700302626","0.957576"
"1700302626","2187879783","0.490909"
"2187879783","1700302626","0.490909"
"1834910155","2012785914","0.257576"
"2012785914","1834910155","0.257576"
"1834910155","2108321362","0.0909091"
"2108321362","1834910155","0.0909091"
"1834910155","2187879783","0.340909"
"2187879783","1834910155","0.340909"
"2012785914","2108321362","0.0909091"
"2108321362","2012785914","0.0909091"
"2012785914","2126430355","0.257576"
"2126430355","2012785914","0.257576"
"2012785914","2140565032","0.0909091"
"2140565032","2012785914","0.0909091"
"2012785914","2159682002","0.290909"
"2159682002","2012785914","0.290909"
"2012785914","2187879783","0.0909091"
"2187879783","2012785914","0.0909091"
"2012785914","2913960762","1.25758"
"2913960762","2012785914","1.25758"
"2108321362","2126430355","0.358766"
"2126430355","2108321362","0.358766"
"2108321362","2140565032","0.0909091"
"2140565032","2108321362","0.0909091"
"2108321362","2187879783","0.20202"
"2187879783","2108321362","0.20202"
"2126430355","2187879783","0.340909"
"2187879783","2126430355","0.340909"
"2140565032","2187879783","0.0909091"
"2187879783","2140565032","0.0909091"
"2187879783","2913960762","0.20202"
"2913960762","2187879783","0.20202"
"109031910","2064125159","0.333333"
"2064125159","109031910","0.333333"
"1606433013","2064125159","1.61667"
"2064125159","1606433013","1.61667"
"2064125159","2077090091","1.45"
"2077090091","2064125159","1.45"
"1985483076","2045749853","1.53333"
"2045749853","1985483076","1.53333"
"2045749853","2108321362","0.60119"
"2108321362","2045749853","0.60119"
"2010755259","2045749853","0.342857"
"2045749853","2010755259","0.342857"
"2010755259","2108321362","0.142857"
"2108321362","2010755259","0.142857"
"2045749853","2077090091","0.642857"
"2077090091","2045749853","0.642857"
"2045749853","2126430355","0.884524"
"2126430355","2045749853","0.884524"
"2045749853","2913960762","0.634524"
"2913960762","2045749853","0.634524"
"2012785914","2057622944","0.333333"
"2057622944","2012785914","0.333333"
"2183345120","2187879783","1.14444"
"2187879783","2183345120","1.14444"
"2045749853","2159682002","0.325"
"2159682002","2045749853","0.325"
"2057622944","2108321362","0.125"
"2108321362","2057622944","0.125"
"1506513518","2045749853","0.2"
"2045749853","1506513518","0.2"
"1506513518","2064125159","0.436111"
"2064125159","1506513518","0.436111"
"1700302626","2064125159","0.325"
"2064125159","1700302626","0.325"
"2012785914","2045749853","0.2"
"2045749853","2012785914","0.2"
"2012785914","2064125159","0.366667"
"2064125159","2012785914","0.366667"
"2045749853","2064125159","2.15"
"2064125159","2045749853","2.15"
"2064125159","2159682002","0.686111"
"2159682002","2064125159","0.686111"
"1506513518","1978696706","0.125"
"1978696706","1506513518","0.125"
"1700302626","1978696706","0.375"
"1978696706","1700302626","0.375"
"1834910155","1978696706","0.125"
"1978696706","1834910155","0.125"
"1834910155","2064125159","3.075"
"2064125159","1834910155","3.075"
"1978696706","1985483076","0.125"
"1985483076","1978696706","0.125"
"1978696706","2064125159","0.125"
"2064125159","1978696706","0.125"
"1978696706","2140565032","0.125"
"2140565032","1978696706","0.125"
"1978696706","2159682002","0.125"
"2159682002","1978696706","0.125"
"1978696706","2913960762","0.125"
"2913960762","1978696706","0.125"
"1985483076","2064125159","0.436111"
"2064125159","1985483076","0.436111"
"2064125159","2140565032","1.70833"
"2140565032","2064125159","1.70833"
"2064125159","2913960762","0.969444"
"2913960762","2064125159","0.969444"
"1985483076","2187879783","0.311111"
"2187879783","1985483076","0.311111"
"1506513518","2051709416","0.111111"
"2051709416","1506513518","0.111111"
"1985483076","2051709416","0.111111"
"2051709416","1985483076","0.111111"
"2051709416","2054114610","0.111111"
"2054114610","2051709416","0.111111"
"2051709416","2064125159","0.111111"
"2064125159","2051709416","0.111111"
"2051709416","2108321362","0.111111"
"2108321362","2051709416","0.111111"
"2051709416","2159682002","0.111111"
"2159682002","2051709416","0.111111"
"2051709416","2183345120","0.111111"
"2183345120","2051709416","0.111111"
"2051709416","2187879783","0.111111"
"2187879783","2051709416","0.111111"
"2051709416","2913960762","0.111111"
"2913960762","2051709416","0.111111"
"2054114610","2064125159","0.611111"
"2064125159","2054114610","0.611111"
"2054114610","2187879783","1.11111"
"2187879783","2054114610","1.11111"
"2064125159","2108321362","0.111111"
"2108321362","2064125159","0.111111"
"2064125159","2183345120","0.111111"
"2183345120","2064125159","0.111111"
"2064125159","2187879783","0.361111"
"2187879783","2064125159","0.361111"
"2108321362","2183345120","0.111111"
"2183345120","2108321362","0.111111"
"1600337181","2012785914","0.333333"
"2012785914","1600337181","0.333333"
"2012785914","2013055403","0.333333"
"2013055403","2012785914","0.333333"
"1600337181","1851187944","1.25"
"1851187944","1600337181","1.25"
"1600337181","1978696706","0.25"
"1978696706","1600337181","0.25"
"1851187944","1978696706","0.583333"
"1978696706","1851187944","0.583333"
"1851187944","2013055403","0.583333"
"2013055403","1851187944","0.583333"
"1978696706","2013055403","0.583333"
"2013055403","1978696706","0.583333"
"1606433013","2034731048","0.5"
"2034731048","1606433013","0.5"
"2034731048","2077090091","0.5"
"2077090091","2034731048","0.5"
"1606433013","47873199","0.333333"
"47873199","1606433013","0.333333"
"2077090091","47873199","0.333333"
"47873199","2077090091","0.333333"
"2108321362","47873199","0.333333"
"47873199","2108321362","0.333333"
"2064125159","2126430355","3.31667"
"2126430355","2064125159","3.31667"
"1834910155","2045749853","1.75"
"2045749853","1834910155","1.75"
"1985483076","2013055403","0.25"
"2013055403","1985483076","0.25"
"2013055403","2054114610","0.25"
"2054114610","2013055403","0.25"
"1851187944","2108321362","0.25"
"2108321362","1851187944","0.25"
"2012785914","2077090091","0.166667"
"2077090091","2012785914","0.166667"
"1834910155","2034731048","0.5"
"2034731048","1834910155","0.5"
"2034731048","2064125159","0.5"
"2064125159","2034731048","0.5"
"2045749853","2140565032","0.25"
"2140565032","2045749853","0.25"
"1978696706","2045749853","1.33333"
"2045749853","1978696706","1.33333"
"2013055403","2045749853","0.333333"
"2045749853","2013055403","0.333333"
"2010755259","2064125159","0.2"
"2064125159","2010755259","0.2"
