"1495257946","1701070467","1.5"
"1701070467","1495257946","1.5"
"1495257946","2115463344","0.5"
"2115463344","1495257946","0.5"
"1701070467","2115463344","0.5"
"2115463344","1701070467","0.5"
"1534047092","193086582","2.33333"
"193086582","1534047092","2.33333"
"1534047092","2085762136","1.36667"
"2085762136","1534047092","1.36667"
"193086582","2085762136","3.41026"
"2085762136","193086582","3.41026"
"1534047092","1797181448","3.86667"
"1797181448","1534047092","3.86667"
"1534047092","2100208579","0.5"
"2100208579","1534047092","0.5"
"1797181448","2100208579","0.5"
"2100208579","1797181448","0.5"
"1797181448","193086582","0.910256"
"193086582","1797181448","0.910256"
"1797181448","2085762136","0.94359"
"2085762136","1797181448","0.94359"
"1534047092","2798885640","0.533333"
"2798885640","1534047092","0.533333"
"1797181448","2798885640","0.610256"
"2798885640","1797181448","0.610256"
"2085762136","2798885640","2.02692"
"2798885640","2085762136","2.02692"
"1534047092","1744877291","0.2"
"1744877291","1534047092","0.2"
"1534047092","1934695463","0.2"
"1934695463","1534047092","0.2"
"1744877291","1797181448","0.276923"
"1797181448","1744877291","0.276923"
"1744877291","1934695463","0.44359"
"1934695463","1744877291","0.44359"
"1744877291","2085762136","0.69359"
"2085762136","1744877291","0.69359"
"1744877291","2798885640","1.19359"
"2798885640","1744877291","1.19359"
"1797181448","1934695463","0.276923"
"1934695463","1797181448","0.276923"
"1934695463","2085762136","1.69359"
"2085762136","1934695463","1.69359"
"1934695463","2798885640","0.44359"
"2798885640","1934695463","0.44359"
"162698121","1661099910","0.5"
"1661099910","162698121","0.5"
"162698121","1701070467","0.5"
"1701070467","162698121","0.5"
"1661099910","1701070467","1"
"1701070467","1661099910","1"
"1661099910","39452523","0.5"
"39452523","1661099910","0.5"
"1701070467","39452523","0.5"
"39452523","1701070467","0.5"
"1661099910","2248954145","2"
"2248954145","1661099910","2"
"1744877291","2163901664","0.5"
"2163901664","1744877291","0.5"
"1744877291","2768496044","0.5"
"2768496044","1744877291","0.5"
"2163901664","2768496044","0.5"
"2768496044","2163901664","0.5"
"1744877291","1801372943","0.5"
"1801372943","1744877291","0.5"
"1744877291","2156048883","1.16667"
"2156048883","1744877291","1.16667"
"1801372943","2156048883","1.5"
"2156048883","1801372943","1.5"
"1744877291","2464619463","3.41026"
"2464619463","1744877291","3.41026"
"2464619463","2798885640","1.02692"
"2798885640","2464619463","1.02692"
"1744877291","1829700043","1.83333"
"1829700043","1744877291","1.83333"
"1744877291","2115463344","0.576923"
"2115463344","1744877291","0.576923"
"2115463344","2464619463","0.776923"
"2464619463","2115463344","0.776923"
"1744877291","1917403811","0.0769231"
"1917403811","1744877291","0.0769231"
"1744877291","193086582","0.326923"
"193086582","1744877291","0.326923"
"1744877291","2034363435","0.0769231"
"2034363435","1744877291","0.0769231"
"1744877291","2050258249","0.49359"
"2050258249","1744877291","0.49359"
"1744877291","2058148552","2.07692"
"2058148552","1744877291","2.07692"
"1744877291","2109270018","0.0769231"
"2109270018","1744877291","0.0769231"
"1744877291","2761417117","0.0769231"
"2761417117","1744877291","0.0769231"
"1797181448","1917403811","0.0769231"
"1917403811","1797181448","0.0769231"
"1797181448","2034363435","0.0769231"
"2034363435","1797181448","0.0769231"
"1797181448","2050258249","0.0769231"
"2050258249","1797181448","0.0769231"
"1797181448","2058148552","0.0769231"
"2058148552","1797181448","0.0769231"
"1797181448","2109270018","0.0769231"
"2109270018","1797181448","0.0769231"
"1797181448","2115463344","0.0769231"
"2115463344","1797181448","0.0769231"
"1797181448","2464619463","0.0769231"
"2464619463","1797181448","0.0769231"
"1797181448","2761417117","0.0769231"
"2761417117","1797181448","0.0769231"
"1917403811","193086582","0.0769231"
"193086582","1917403811","0.0769231"
"1917403811","1934695463","0.0769231"
"1934695463","1917403811","0.0769231"
"1917403811","2034363435","0.576923"
"2034363435","1917403811","0.576923"
"1917403811","2050258249","0.576923"
"2050258249","1917403811","0.576923"
"1917403811","2058148552","0.0769231"
"2058148552","1917403811","0.0769231"
"1917403811","2085762136","0.0769231"
"2085762136","1917403811","0.0769231"
"1917403811","2109270018","0.0769231"
"2109270018","1917403811","0.0769231"
"1917403811","2115463344","0.0769231"
"2115463344","1917403811","0.0769231"
"1917403811","2464619463","0.0769231"
"2464619463","1917403811","0.0769231"
"1917403811","2761417117","0.0769231"
"2761417117","1917403811","0.0769231"
"1917403811","2798885640","0.0769231"
"2798885640","1917403811","0.0769231"
"193086582","1934695463","0.326923"
"1934695463","193086582","0.326923"
"193086582","2034363435","0.0769231"
"2034363435","193086582","0.0769231"
"193086582","2050258249","0.326923"
"2050258249","193086582","0.326923"
"193086582","2058148552","0.0769231"
"2058148552","193086582","0.0769231"
"193086582","2109270018","0.326923"
"2109270018","193086582","0.326923"
"193086582","2115463344","0.326923"
"2115463344","193086582","0.326923"
"193086582","2464619463","0.0769231"
"2464619463","193086582","0.0769231"
"193086582","2761417117","0.0769231"
"2761417117","193086582","0.0769231"
"193086582","2798885640","0.326923"
"2798885640","193086582","0.326923"
"1934695463","2034363435","0.0769231"
"2034363435","1934695463","0.0769231"
"1934695463","2050258249","0.24359"
"2050258249","1934695463","0.24359"
"1934695463","2058148552","0.0769231"
"2058148552","1934695463","0.0769231"
"1934695463","2109270018","0.326923"
"2109270018","1934695463","0.326923"
"1934695463","2115463344","0.326923"
"2115463344","1934695463","0.326923"
"1934695463","2464619463","0.0769231"
"2464619463","1934695463","0.0769231"
"1934695463","2761417117","0.0769231"
"2761417117","1934695463","0.0769231"
"2034363435","2050258249","0.576923"
"2050258249","2034363435","0.576923"
"2034363435","2058148552","0.0769231"
"2058148552","2034363435","0.0769231"
"2034363435","2085762136","0.0769231"
"2085762136","2034363435","0.0769231"
"2034363435","2109270018","0.0769231"
"2109270018","2034363435","0.0769231"
"2034363435","2115463344","0.0769231"
"2115463344","2034363435","0.0769231"
"2034363435","2464619463","0.0769231"
"2464619463","2034363435","0.0769231"
"2034363435","2761417117","0.0769231"
"2761417117","2034363435","0.0769231"
"2034363435","2798885640","0.0769231"
"2798885640","2034363435","0.0769231"
"2050258249","2058148552","0.0769231"
"2058148552","2050258249","0.0769231"
"2050258249","2085762136","0.49359"
"2085762136","2050258249","0.49359"
"2050258249","2109270018","0.0769231"
"2109270018","2050258249","0.0769231"
"2050258249","2115463344","0.0769231"
"2115463344","2050258249","0.0769231"
"2050258249","2464619463","0.276923"
"2464619463","2050258249","0.276923"
"2050258249","2761417117","0.0769231"
"2761417117","2050258249","0.0769231"
"2050258249","2798885640","2.19359"
"2798885640","2050258249","2.19359"
"2058148552","2085762136","0.0769231"
"2085762136","2058148552","0.0769231"
"2058148552","2109270018","0.0769231"
"2109270018","2058148552","0.0769231"
"2058148552","2115463344","0.0769231"
"2115463344","2058148552","0.0769231"
"2058148552","2464619463","0.0769231"
"2464619463","2058148552","0.0769231"
"2058148552","2761417117","0.0769231"
"2761417117","2058148552","0.0769231"
"2058148552","2798885640","0.0769231"
"2798885640","2058148552","0.0769231"
"2085762136","2109270018","0.326923"
"2109270018","2085762136","0.326923"
"2085762136","2115463344","1.32692"
"2115463344","2085762136","1.32692"
"2085762136","2464619463","0.0769231"
"2464619463","2085762136","0.0769231"
"2085762136","2761417117","0.0769231"
"2761417117","2085762136","0.0769231"
"2109270018","2115463344","7.52692"
"2115463344","2109270018","7.52692"
"2109270018","2464619463","0.276923"
"2464619463","2109270018","0.276923"
"2109270018","2761417117","0.0769231"
"2761417117","2109270018","0.0769231"
"2109270018","2798885640","0.0769231"
"2798885640","2109270018","0.0769231"
"2115463344","2761417117","0.0769231"
"2761417117","2115463344","0.0769231"
"2115463344","2798885640","0.0769231"
"2798885640","2115463344","0.0769231"
"2464619463","2761417117","0.0769231"
"2761417117","2464619463","0.0769231"
"2761417117","2798885640","0.0769231"
"2798885640","2761417117","0.0769231"
"1744877291","2104356362","0.5"
"2104356362","1744877291","0.5"
"1829700043","2104356362","0.533333"
"2104356362","1829700043","0.533333"
"1829700043","2464619463","1.98333"
"2464619463","1829700043","1.98333"
"2104356362","2464619463","1.03333"
"2464619463","2104356362","1.03333"
"1934695463","2104356362","0.166667"
"2104356362","1934695463","0.166667"
"1934695463","2156048883","0.166667"
"2156048883","1934695463","0.166667"
"2050258249","2104356362","0.866667"
"2104356362","2050258249","0.866667"
"2050258249","2156048883","0.366667"
"2156048883","2050258249","0.366667"
"2085762136","2104356362","0.166667"
"2104356362","2085762136","0.166667"
"2085762136","2156048883","0.166667"
"2156048883","2085762136","0.166667"
"2104356362","2156048883","0.366667"
"2156048883","2104356362","0.366667"
"2104356362","2798885640","0.866667"
"2798885640","2104356362","0.866667"
"2156048883","2798885640","0.616667"
"2798885640","2156048883","0.616667"
"1829700043","2156048883","4.95"
"2156048883","1829700043","4.95"
"1801372943","1829700043","1.2"
"1829700043","1801372943","1.2"
"1801372943","2104356362","1.5"
"2104356362","1801372943","1.5"
"1801372943","2464619463","0.7"
"2464619463","1801372943","0.7"
"1801372943","2109270018","0.2"
"2109270018","1801372943","0.2"
"1801372943","2115463344","0.2"
"2115463344","1801372943","0.2"
"1801372943","2768496044","0.2"
"2768496044","1801372943","0.2"
"1829700043","2109270018","0.2"
"2109270018","1829700043","0.2"
"1829700043","2115463344","0.2"
"2115463344","1829700043","0.2"
"1829700043","2768496044","0.45"
"2768496044","1829700043","0.45"
"2109270018","2768496044","0.2"
"2768496044","2109270018","0.2"
"2115463344","2768496044","0.2"
"2768496044","2115463344","0.2"
"2464619463","2768496044","0.45"
"2768496044","2464619463","0.45"
"1829700043","2798885640","0.45"
"2798885640","1829700043","0.45"
"2156048883","2464619463","0.45"
"2464619463","2156048883","0.45"
"2156048883","2768496044","0.25"
"2768496044","2156048883","0.25"
"2768496044","2798885640","0.25"
"2798885640","2768496044","0.25"
"1829700043","2050258249","1.2"
"2050258249","1829700043","1.2"
"1934695463","1996368911","2"
"1996368911","1934695463","2"
"1934695463","2768496044","1"
"2768496044","1934695463","1"
"2034363435","39452523","1"
"39452523","2034363435","1"
"2058148552","2104356362","1"
"2104356362","2058148552","1"
"2100208579","2768496044","1"
"2768496044","2100208579","1"
