"1434821547","2095719978","0.5"
"2095719978","1434821547","0.5"
"1434821547","2104487064","0.5"
"2104487064","1434821547","0.5"
"2095719978","2104487064","0.5"
"2104487064","2095719978","0.5"
"1434821547","2011315508","2"
"2011315508","1434821547","2"
"1434821547","28649307","4"
"28649307","1434821547","4"
"2011315508","28649307","1"
"28649307","2011315508","1"
"1434821547","161777127","2.16667"
"161777127","1434821547","2.16667"
"1434821547","2112533109","1.5"
"2112533109","1434821547","1.5"
"1434821547","2135810082","0.833333"
"2135810082","1434821547","0.833333"
"1434821547","2149058489","0.833333"
"2149058489","1434821547","0.833333"
"161777127","2112533109","6.36667"
"2112533109","161777127","6.36667"
"161777127","2135810082","4.49167"
"2135810082","161777127","4.49167"
"161777127","2149058489","3.24167"
"2149058489","161777127","3.24167"
"2112533109","2135810082","2.36667"
"2135810082","2112533109","2.36667"
"2112533109","2149058489","1.78333"
"2149058489","2112533109","1.78333"
"2135810082","2149058489","2.15833"
"2149058489","2135810082","2.15833"
"1434821547","191168329","1.75"
"191168329","1434821547","1.75"
"1434821547","2100310705","2.08333"
"2100310705","1434821547","2.08333"
"191168329","2100310705","0.833333"
"2100310705","191168329","0.833333"
"1434821547","1998292552","1"
"1998292552","1434821547","1"
"1434821547","2105889333","1.58333"
"2105889333","1434821547","1.58333"
"1434821547","2110851276","0.25"
"2110851276","1434821547","0.25"
"191168329","2105889333","0.333333"
"2105889333","191168329","0.333333"
"191168329","2110851276","0.708333"
"2110851276","191168329","0.708333"
"2100310705","2105889333","0.916667"
"2105889333","2100310705","0.916667"
"2100310705","2110851276","2.08333"
"2110851276","2100310705","2.08333"
"2105889333","2110851276","2.53333"
"2110851276","2105889333","2.53333"
"2100310705","2112533109","3.91667"
"2112533109","2100310705","3.91667"
"2105889333","2112533109","1.36667"
"2112533109","2105889333","1.36667"
"1483912892","2100310705","0.333333"
"2100310705","1483912892","0.333333"
"1483912892","2105889333","0.333333"
"2105889333","1483912892","0.333333"
"1483912892","2110851276","1.33333"
"2110851276","1483912892","1.33333"
"1483912892","2115685157","0.333333"
"2115685157","1483912892","0.333333"
"2100310705","2115685157","0.333333"
"2115685157","2100310705","0.333333"
"2105889333","2115685157","0.333333"
"2115685157","2105889333","0.333333"
"2110851276","2115685157","0.708333"
"2115685157","2110851276","0.708333"
"1483912892","1935843737","0.333333"
"1935843737","1483912892","0.333333"
"1483912892","2151965495","0.583333"
"2151965495","1483912892","0.583333"
"1483912892","2168972892","0.333333"
"2168972892","1483912892","0.333333"
"1935843737","2151965495","0.833333"
"2151965495","1935843737","0.833333"
"1935843737","2168972892","1.83333"
"2168972892","1935843737","1.83333"
"2151965495","2168972892","6.41667"
"2168972892","2151965495","6.41667"
"1483912892","1972028939","0.583333"
"1972028939","1483912892","0.583333"
"1483912892","2084979378","0.583333"
"2084979378","1483912892","0.583333"
"1483912892","2140946067","0.25"
"2140946067","1483912892","0.25"
"1972028939","2084979378","1.33333"
"2084979378","1972028939","1.33333"
"1972028939","2140946067","0.25"
"2140946067","1972028939","0.25"
"1972028939","2151965495","2.5"
"2151965495","1972028939","2.5"
"2084979378","2140946067","0.75"
"2140946067","2084979378","0.75"
"2084979378","2151965495","0.833333"
"2151965495","2084979378","0.833333"
"2140946067","2151965495","0.25"
"2151965495","2140946067","0.25"
"1483912892","161777127","0.0833333"
"161777127","1483912892","0.0833333"
"1483912892","191168329","0.0833333"
"191168329","1483912892","0.0833333"
"1483912892","192258672","0.0833333"
"192258672","1483912892","0.0833333"
"1483912892","2112533109","0.0833333"
"2112533109","1483912892","0.0833333"
"1483912892","2135810082","0.0833333"
"2135810082","1483912892","0.0833333"
"1483912892","2149058489","0.0833333"
"2149058489","1483912892","0.0833333"
"1483912892","2163328366","0.0833333"
"2163328366","1483912892","0.0833333"
"1483912892","28649307","0.0833333"
"28649307","1483912892","0.0833333"
"161777127","191168329","0.208333"
"191168329","161777127","0.208333"
"161777127","192258672","0.0833333"
"192258672","161777127","0.0833333"
"161777127","2100310705","0.416667"
"2100310705","161777127","0.416667"
"161777127","2105889333","2.53333"
"2105889333","161777127","2.53333"
"161777127","2110851276","0.658333"
"2110851276","161777127","0.658333"
"161777127","2115685157","0.208333"
"2115685157","161777127","0.208333"
"161777127","2163328366","0.208333"
"2163328366","161777127","0.208333"
"161777127","28649307","0.208333"
"28649307","161777127","0.208333"
"191168329","192258672","0.0833333"
"192258672","191168329","0.0833333"
"191168329","2112533109","0.0833333"
"2112533109","191168329","0.0833333"
"191168329","2115685157","0.458333"
"2115685157","191168329","0.458333"
"191168329","2135810082","0.458333"
"2135810082","191168329","0.458333"
"191168329","2149058489","0.458333"
"2149058489","191168329","0.458333"
"191168329","2163328366","0.208333"
"2163328366","191168329","0.208333"
"191168329","28649307","0.208333"
"28649307","191168329","0.208333"
"192258672","2100310705","0.0833333"
"2100310705","192258672","0.0833333"
"192258672","2105889333","0.583333"
"2105889333","192258672","0.583333"
"192258672","2110851276","0.0833333"
"2110851276","192258672","0.0833333"
"192258672","2112533109","0.0833333"
"2112533109","192258672","0.0833333"
"192258672","2115685157","0.0833333"
"2115685157","192258672","0.0833333"
"192258672","2135810082","0.0833333"
"2135810082","192258672","0.0833333"
"192258672","2149058489","0.0833333"
"2149058489","192258672","0.0833333"
"192258672","2163328366","2.58333"
"2163328366","192258672","2.58333"
"192258672","28649307","0.0833333"
"28649307","192258672","0.0833333"
"2100310705","2135810082","1.41667"
"2135810082","2100310705","1.41667"
"2100310705","2149058489","0.416667"
"2149058489","2100310705","0.416667"
"2100310705","2163328366","0.0833333"
"2163328366","2100310705","0.0833333"
"2100310705","28649307","0.0833333"
"28649307","2100310705","0.0833333"
"2105889333","2135810082","0.533333"
"2135810082","2105889333","0.533333"
"2105889333","2149058489","1.28333"
"2149058489","2105889333","1.28333"
"2105889333","2163328366","0.583333"
"2163328366","2105889333","0.583333"
"2105889333","28649307","0.0833333"
"28649307","2105889333","0.0833333"
"2110851276","2112533109","1.86667"
"2112533109","2110851276","1.86667"
"2110851276","2135810082","1.24167"
"2135810082","2110851276","1.24167"
"2110851276","2149058489","0.658333"
"2149058489","2110851276","0.658333"
"2110851276","2163328366","0.208333"
"2163328366","2110851276","0.208333"
"2110851276","28649307","0.208333"
"28649307","2110851276","0.208333"
"2112533109","2115685157","0.0833333"
"2115685157","2112533109","0.0833333"
"2112533109","2163328366","0.0833333"
"2163328366","2112533109","0.0833333"
"2112533109","28649307","0.0833333"
"28649307","2112533109","0.0833333"
"2115685157","2135810082","0.458333"
"2135810082","2115685157","0.458333"
"2115685157","2149058489","1.45833"
"2149058489","2115685157","1.45833"
"2115685157","2163328366","1.20833"
"2163328366","2115685157","1.20833"
"2115685157","28649307","0.208333"
"28649307","2115685157","0.208333"
"2135810082","2163328366","0.208333"
"2163328366","2135810082","0.208333"
"2135810082","28649307","0.208333"
"28649307","2135810082","0.208333"
"2149058489","2163328366","0.208333"
"2163328366","2149058489","0.208333"
"2149058489","28649307","0.208333"
"28649307","2149058489","0.208333"
"2163328366","28649307","0.208333"
"28649307","2163328366","0.208333"
"1483912892","2151563464","0.333333"
"2151563464","1483912892","0.333333"
"1972028939","2151563464","0.333333"
"2151563464","1972028939","0.333333"
"2084979378","2151563464","0.333333"
"2151563464","2084979378","0.333333"
"161777127","2151563464","0.125"
"2151563464","161777127","0.125"
"191168329","2151563464","0.125"
"2151563464","191168329","0.125"
"2110851276","2151563464","0.125"
"2151563464","2110851276","0.125"
"2115685157","2151563464","0.125"
"2151563464","2115685157","0.125"
"2135810082","2151563464","0.125"
"2151563464","2135810082","0.125"
"2149058489","2151563464","0.125"
"2151563464","2149058489","0.125"
"2151563464","2163328366","0.125"
"2163328366","2151563464","0.125"
"2151563464","28649307","0.125"
"28649307","2151563464","0.125"
"1666171885","2140700833","1.33333"
"2140700833","1666171885","1.33333"
"1666171885","2168972892","0.5"
"2168972892","1666171885","0.5"
"2140700833","2168972892","0.5"
"2168972892","2140700833","0.5"
"1666171885","2095719978","1.83333"
"2095719978","1666171885","1.83333"
"2095719978","2140700833","0.833333"
"2140700833","2095719978","0.833333"
"1666171885","2313854349","0.333333"
"2313854349","1666171885","0.333333"
"2095719978","2313854349","0.333333"
"2313854349","2095719978","0.333333"
"2140700833","2313854349","0.333333"
"2313854349","2140700833","0.333333"
"191168329","2327325926","0.5"
"2327325926","191168329","0.5"
"191168329","2769257947","0.5"
"2769257947","191168329","0.5"
"2327325926","2769257947","4.5"
"2769257947","2327325926","4.5"
"1935843737","2084979378","1"
"2084979378","1935843737","1"
"1972028939","2313854349","2"
"2313854349","1972028939","2"
"1972028939","2131316297","0.25"
"2131316297","1972028939","0.25"
"1972028939","2168972892","0.25"
"2168972892","1972028939","0.25"
"2084979378","2131316297","0.583333"
"2131316297","2084979378","0.583333"
"2084979378","2168972892","1.58333"
"2168972892","2084979378","1.58333"
"2131316297","2151965495","0.583333"
"2151965495","2131316297","0.583333"
"2131316297","2168972892","0.583333"
"2168972892","2131316297","0.583333"
"2151965495","2313854349","1"
"2313854349","2151965495","1"
"1972028939","2095719978","0.5"
"2095719978","1972028939","0.5"
"2084979378","2095719978","0.5"
"2095719978","2084979378","0.5"
"1992706013","2590040183","5.5"
"2590040183","1992706013","5.5"
"1992706013","2163328366","0.5"
"2163328366","1992706013","0.5"
"2163328366","2590040183","0.5"
"2590040183","2163328366","0.5"
"2011315508","2953917756","1"
"2953917756","2011315508","1"
"2014446749","2621400263","4.83333"
"2621400263","2014446749","4.83333"
"2014446749","53786381","4.33333"
"53786381","2014446749","4.33333"
"2014446749","2399304921","1.83333"
"2399304921","2014446749","1.83333"
"2399304921","53786381","1.33333"
"53786381","2399304921","1.33333"
"2621400263","53786381","2.33333"
"53786381","2621400263","2.33333"
"2399304921","2621400263","11.8333"
"2621400263","2399304921","11.8333"
"2079970618","2084979378","0.5"
"2084979378","2079970618","0.5"
"2079970618","2105889333","0.5"
"2105889333","2079970618","0.5"
"2084979378","2105889333","0.5"
"2105889333","2084979378","0.5"
"2084979378","2140700833","0.5"
"2140700833","2084979378","0.5"
"2140700833","2140946067","0.5"
"2140946067","2140700833","0.5"
"2084979378","2110851276","0.333333"
"2110851276","2084979378","0.333333"
"2084979378","2112533109","0.333333"
"2112533109","2084979378","0.333333"
"2084979378","2135810082","0.333333"
"2135810082","2084979378","0.333333"
"2084979378","2115685157","1"
"2115685157","2084979378","1"
"2096960709","3009853975","13"
"3009853975","2096960709","13"
"2097223308","2294525553","0.5"
"2294525553","2097223308","0.5"
"2097223308","2953917756","1.5"
"2953917756","2097223308","1.5"
"2294525553","2953917756","1.5"
"2953917756","2294525553","1.5"
"2112533109","2953917756","1"
"2953917756","2112533109","1"
"2140700833","2188020578","1"
"2188020578","2140700833","1"
"2140946067","2188020578","1"
"2188020578","2140946067","1"
"2156602151","2765927952","1"
"2765927952","2156602151","1"
"2808372290","2892077113","3"
"2892077113","2808372290","3"
"28649307","2953917756","1"
"2953917756","28649307","1"
