"1217150984","1572170533","0.166667"
"1572170533","1217150984","0.166667"
"1217150984","2050278100","0.166667"
"2050278100","1217150984","0.166667"
"1217150984","2147760025","0.166667"
"2147760025","1217150984","0.166667"
"1217150984","2164498278","0.166667"
"2164498278","1217150984","0.166667"
"1217150984","37197520","0.166667"
"37197520","1217150984","0.166667"
"1217150984","607802502","0.166667"
"607802502","1217150984","0.166667"
"1572170533","2050278100","4.16667"
"2050278100","1572170533","4.16667"
"1572170533","2147760025","0.666667"
"2147760025","1572170533","0.666667"
"1572170533","2164498278","0.166667"
"2164498278","1572170533","0.166667"
"1572170533","37197520","0.166667"
"37197520","1572170533","0.166667"
"1572170533","607802502","0.166667"
"607802502","1572170533","0.166667"
"2050278100","2147760025","0.166667"
"2147760025","2050278100","0.166667"
"2050278100","2164498278","0.166667"
"2164498278","2050278100","0.166667"
"2050278100","37197520","0.166667"
"37197520","2050278100","0.166667"
"2050278100","607802502","0.166667"
"607802502","2050278100","0.166667"
"2147760025","2164498278","2"
"2164498278","2147760025","2"
"2147760025","37197520","1.5"
"37197520","2147760025","1.5"
"2147760025","607802502","0.5"
"607802502","2147760025","0.5"
"2164498278","37197520","4.5"
"37197520","2164498278","4.5"
"2164498278","607802502","0.5"
"607802502","2164498278","0.5"
"37197520","607802502","3"
"607802502","37197520","3"
"1217150984","2495165322","1"
"2495165322","1217150984","1"
"1217150984","2093495548","1"
"2093495548","1217150984","1"
"1217150984","2102722395","1"
"2102722395","1217150984","1"
"1493587633","1576487409","6.42549"
"1576487409","1493587633","6.42549"
"1493587633","2142062816","9.00882"
"2142062816","1493587633","9.00882"
"1493587633","2010326847","0.333333"
"2010326847","1493587633","0.333333"
"1576487409","2010326847","0.333333"
"2010326847","1576487409","0.333333"
"1576487409","2142062816","3.25882"
"2142062816","1576487409","3.25882"
"2010326847","2142062816","0.333333"
"2142062816","2010326847","0.333333"
"1493587633","2055900537","2.42549"
"2055900537","1493587633","2.42549"
"1576487409","2055900537","2.25882"
"2055900537","1576487409","2.25882"
"2055900537","2142062816","23.4255"
"2142062816","2055900537","23.4255"
"1493587633","2107402751","1.39216"
"2107402751","1493587633","1.39216"
"1576487409","2107402751","0.392157"
"2107402751","1576487409","0.392157"
"2055900537","2107402751","0.392157"
"2107402751","2055900537","0.392157"
"1493587633","2095897469","2.09216"
"2095897469","1493587633","2.09216"
"2055900537","2095897469","2.25882"
"2095897469","2055900537","2.25882"
"2095897469","2142062816","2.25882"
"2142062816","2095897469","2.25882"
"1493587633","2140251122","1.09216"
"2140251122","1493587633","1.09216"
"1576487409","2095897469","1.75882"
"2095897469","1576487409","1.75882"
"1576487409","2140251122","0.758824"
"2140251122","1576487409","0.758824"
"2055900537","2140251122","1.09216"
"2140251122","2055900537","1.09216"
"2095897469","2140251122","0.758824"
"2140251122","2095897469","0.758824"
"2140251122","2142062816","1.09216"
"2142062816","2140251122","1.09216"
"1493587633","226740783","1"
"226740783","1493587633","1"
"1493587633","1602329828","0.25"
"1602329828","1493587633","0.25"
"1493587633","2109631046","1.58333"
"2109631046","1493587633","1.58333"
"1493587633","2147760025","0.583333"
"2147760025","1493587633","0.583333"
"1602329828","2109631046","9.58333"
"2109631046","1602329828","9.58333"
"1602329828","2142062816","0.25"
"2142062816","1602329828","0.25"
"1602329828","2147760025","0.25"
"2147760025","1602329828","0.25"
"2109631046","2142062816","0.583333"
"2142062816","2109631046","0.583333"
"2109631046","2147760025","0.916667"
"2147760025","2109631046","0.916667"
"2142062816","2147760025","0.583333"
"2147760025","2142062816","0.583333"
"1493587633","1563472814","0.0588235"
"1563472814","1493587633","0.0588235"
"1493587633","1603724724","0.0588235"
"1603724724","1493587633","0.0588235"
"1493587633","1660946466","0.0588235"
"1660946466","1493587633","0.0588235"
"1493587633","1784784601","0.0588235"
"1784784601","1493587633","0.0588235"
"1493587633","2006116191","0.0588235"
"2006116191","1493587633","0.0588235"
"1493587633","2012647312","0.0588235"
"2012647312","1493587633","0.0588235"
"1493587633","2050278100","0.0588235"
"2050278100","1493587633","0.0588235"
"1493587633","2063194998","0.0588235"
"2063194998","1493587633","0.0588235"
"1493587633","2137956676","0.0588235"
"2137956676","1493587633","0.0588235"
"1493587633","2150889907","0.0588235"
"2150889907","1493587633","0.0588235"
"1493587633","2799072993","0.0588235"
"2799072993","1493587633","0.0588235"
"1563472814","1576487409","0.0588235"
"1576487409","1563472814","0.0588235"
"1563472814","1603724724","0.387828"
"1603724724","1563472814","0.387828"
"1563472814","1660946466","1.2112"
"1660946466","1563472814","1.2112"
"1563472814","1784784601","0.877871"
"1784784601","1563472814","0.877871"
"1563472814","2006116191","30.3331"
"2006116191","1563472814","30.3331"
"1563472814","2012647312","0.0588235"
"2012647312","1563472814","0.0588235"
"1563472814","2050278100","0.0588235"
"2050278100","1563472814","0.0588235"
"1563472814","2055900537","0.0588235"
"2055900537","1563472814","0.0588235"
"1563472814","2063194998","1.06402"
"2063194998","1563472814","1.06402"
"1563472814","2095897469","0.0588235"
"2095897469","1563472814","0.0588235"
"1563472814","2107402751","0.0588235"
"2107402751","1563472814","0.0588235"
"1563472814","2137956676","1.2112"
"2137956676","1563472814","1.2112"
"1563472814","2140251122","16.0164"
"2140251122","1563472814","16.0164"
"1563472814","2142062816","0.0588235"
"2142062816","1563472814","0.0588235"
"1563472814","2150889907","1.70688"
"2150889907","1563472814","1.70688"
"1563472814","2799072993","3.1414"
"2799072993","1563472814","3.1414"
"1576487409","1603724724","0.0588235"
"1603724724","1576487409","0.0588235"
"1576487409","1660946466","0.0588235"
"1660946466","1576487409","0.0588235"
"1576487409","1784784601","0.0588235"
"1784784601","1576487409","0.0588235"
"1576487409","2006116191","0.0588235"
"2006116191","1576487409","0.0588235"
"1576487409","2012647312","0.0588235"
"2012647312","1576487409","0.0588235"
"1576487409","2050278100","0.0588235"
"2050278100","1576487409","0.0588235"
"1576487409","2063194998","0.0588235"
"2063194998","1576487409","0.0588235"
"1576487409","2137956676","0.0588235"
"2137956676","1576487409","0.0588235"
"1576487409","2150889907","0.0588235"
"2150889907","1576487409","0.0588235"
"1576487409","2799072993","0.0588235"
"2799072993","1576487409","0.0588235"
"1603724724","1660946466","0.503268"
"1660946466","1603724724","0.503268"
"1603724724","1784784601","0.22549"
"1784784601","1603724724","0.22549"
"1603724724","2006116191","0.387828"
"2006116191","1603724724","0.387828"
"1603724724","2012647312","0.0588235"
"2012647312","1603724724","0.0588235"
"1603724724","2050278100","0.0588235"
"2050278100","1603724724","0.0588235"
"1603724724","2055900537","0.0588235"
"2055900537","1603724724","0.0588235"
"1603724724","2063194998","0.832272"
"2063194998","1603724724","0.832272"
"1603724724","2095897469","0.0588235"
"2095897469","1603724724","0.0588235"
"1603724724","2107402751","0.0588235"
"2107402751","1603724724","0.0588235"
"1603724724","2137956676","0.503268"
"2137956676","1603724724","0.503268"
"1603724724","2140251122","0.221161"
"2140251122","1603724724","0.221161"
"1603724724","2142062816","0.0588235"
"2142062816","1603724724","0.0588235"
"1603724724","2150889907","0.998939"
"2150889907","1603724724","0.998939"
"1603724724","2799072993","0.149733"
"2799072993","1603724724","0.149733"
"1660946466","1784784601","5.38739"
"1784784601","1660946466","5.38739"
"1660946466","2006116191","1.2112"
"2006116191","1660946466","1.2112"
"1660946466","2012647312","0.0588235"
"2012647312","1660946466","0.0588235"
"1660946466","2050278100","0.0588235"
"2050278100","1660946466","0.0588235"
"1660946466","2055900537","0.0588235"
"2055900537","1660946466","0.0588235"
"1660946466","2063194998","1.62232"
"2063194998","1660946466","1.62232"
"1660946466","2095897469","0.0588235"
"2095897469","1660946466","0.0588235"
"1660946466","2107402751","0.201681"
"2107402751","1660946466","0.201681"
"1660946466","2137956676","18.8914"
"2137956676","1660946466","18.8914"
"1660946466","2140251122","0.904062"
"2140251122","1660946466","0.904062"
"1660946466","2142062816","0.558824"
"2142062816","1660946466","0.558824"
"1660946466","2150889907","2.20565"
"2150889907","1660946466","2.20565"
"1660946466","2799072993","0.368347"
"2799072993","1660946466","0.368347"
"1784784601","2006116191","0.877871"
"2006116191","1784784601","0.877871"
"1784784601","2012647312","0.0588235"
"2012647312","1784784601","0.0588235"
"1784784601","2050278100","0.0588235"
"2050278100","1784784601","0.0588235"
"1784784601","2055900537","0.0588235"
"2055900537","1784784601","0.0588235"
"1784784601","2063194998","0.511204"
"2063194998","1784784601","0.511204"
"1784784601","2095897469","0.0588235"
"2095897469","1784784601","0.0588235"
"1784784601","2107402751","0.0588235"
"2107402751","1784784601","0.0588235"
"1784784601","2137956676","3.22073"
"2137956676","1784784601","3.22073"
"1784784601","2140251122","0.511204"
"2140251122","1784784601","0.511204"
"1784784601","2142062816","0.0588235"
"2142062816","1784784601","0.0588235"
"1784784601","2150889907","0.677871"
"2150889907","1784784601","0.677871"
"1784784601","2799072993","0.22549"
"2799072993","1784784601","0.22549"
"2006116191","2012647312","0.0588235"
"2012647312","2006116191","0.0588235"
"2006116191","2050278100","0.0588235"
"2050278100","2006116191","0.0588235"
"2006116191","2055900537","0.0588235"
"2055900537","2006116191","0.0588235"
"2006116191","2063194998","1.06402"
"2063194998","2006116191","1.06402"
"2006116191","2095897469","0.0588235"
"2095897469","2006116191","0.0588235"
"2006116191","2107402751","0.0588235"
"2107402751","2006116191","0.0588235"
"2006116191","2137956676","1.2112"
"2137956676","2006116191","1.2112"
"2006116191","2140251122","13.9331"
"2140251122","2006116191","13.9331"
"2006116191","2142062816","0.0588235"
"2142062816","2006116191","0.0588235"
"2006116191","2150889907","1.70688"
"2150889907","2006116191","1.70688"
"2006116191","2799072993","3.1414"
"2799072993","2006116191","3.1414"
"2012647312","2050278100","0.0588235"
"2050278100","2012647312","0.0588235"
"2012647312","2055900537","0.0588235"
"2055900537","2012647312","0.0588235"
"2012647312","2063194998","0.0588235"
"2063194998","2012647312","0.0588235"
"2012647312","2095897469","0.0588235"
"2095897469","2012647312","0.0588235"
"2012647312","2107402751","0.0588235"
"2107402751","2012647312","0.0588235"
"2012647312","2137956676","0.0588235"
"2137956676","2012647312","0.0588235"
"2012647312","2140251122","0.0588235"
"2140251122","2012647312","0.0588235"
"2012647312","2142062816","0.0588235"
"2142062816","2012647312","0.0588235"
"2012647312","2150889907","0.0588235"
"2150889907","2012647312","0.0588235"
"2012647312","2799072993","0.0588235"
"2799072993","2012647312","0.0588235"
"2050278100","2055900537","0.0588235"
"2055900537","2050278100","0.0588235"
"2050278100","2063194998","0.0588235"
"2063194998","2050278100","0.0588235"
"2050278100","2095897469","0.0588235"
"2095897469","2050278100","0.0588235"
"2050278100","2107402751","0.0588235"
"2107402751","2050278100","0.0588235"
"2050278100","2137956676","0.0588235"
"2137956676","2050278100","0.0588235"
"2050278100","2140251122","0.0588235"
"2140251122","2050278100","0.0588235"
"2050278100","2142062816","0.0588235"
"2142062816","2050278100","0.0588235"
"2050278100","2150889907","0.0588235"
"2150889907","2050278100","0.0588235"
"2050278100","2799072993","0.0588235"
"2799072993","2050278100","0.0588235"
"2055900537","2063194998","0.308824"
"2063194998","2055900537","0.308824"
"2055900537","2137956676","0.0588235"
"2137956676","2055900537","0.0588235"
"2055900537","2150889907","0.308824"
"2150889907","2055900537","0.308824"
"2055900537","2799072993","0.0588235"
"2799072993","2055900537","0.0588235"
"2063194998","2095897469","0.0588235"
"2095897469","2063194998","0.0588235"
"2063194998","2107402751","0.0588235"
"2107402751","2063194998","0.0588235"
"2063194998","2137956676","0.955649"
"2137956676","2063194998","0.955649"
"2063194998","2140251122","1.06402"
"2140251122","2063194998","1.06402"
"2063194998","2142062816","0.0588235"
"2142062816","2063194998","0.0588235"
"2063194998","2150889907","10.818"
"2150889907","2063194998","10.818"
"2063194998","2799072993","0.149733"
"2799072993","2063194998","0.149733"
"2095897469","2107402751","0.0588235"
"2107402751","2095897469","0.0588235"
"2095897469","2137956676","0.0588235"
"2137956676","2095897469","0.0588235"
"2095897469","2150889907","0.0588235"
"2150889907","2095897469","0.0588235"
"2095897469","2799072993","0.0588235"
"2799072993","2095897469","0.0588235"
"2107402751","2137956676","0.201681"
"2137956676","2107402751","0.201681"
"2107402751","2140251122","0.201681"
"2140251122","2107402751","0.201681"
"2107402751","2142062816","1.05882"
"2142062816","2107402751","1.05882"
"2107402751","2150889907","0.0588235"
"2150889907","2107402751","0.0588235"
"2107402751","2799072993","0.201681"
"2799072993","2107402751","0.201681"
"2137956676","2140251122","0.654062"
"2140251122","2137956676","0.654062"
"2137956676","2142062816","0.558824"
"2142062816","2137956676","0.558824"
"2137956676","2150889907","2.28898"
"2150889907","2137956676","2.28898"
"2137956676","2799072993","0.368347"
"2799072993","2137956676","0.368347"
"2140251122","2150889907","2.12354"
"2150889907","2140251122","2.12354"
"2140251122","2799072993","2.08426"
"2799072993","2140251122","2.08426"
"2142062816","2150889907","0.0588235"
"2150889907","2142062816","0.0588235"
"2142062816","2799072993","0.0588235"
"2799072993","2142062816","0.0588235"
"2150889907","2799072993","0.274733"
"2799072993","2150889907","0.274733"
"1493587633","2146082668","0.166667"
"2146082668","1493587633","0.166667"
"1576487409","2146082668","0.166667"
"2146082668","1576487409","0.166667"
"2055900537","2146082668","0.416667"
"2146082668","2055900537","0.416667"
"2095897469","2146082668","0.166667"
"2146082668","2095897469","0.166667"
"2140251122","2146082668","1.73972"
"2146082668","2140251122","1.73972"
"2142062816","2146082668","0.166667"
"2146082668","2142062816","0.166667"
"1496475045","2107402751","0.333333"
"2107402751","1496475045","0.333333"
"1496475045","2109631046","0.333333"
"2109631046","1496475045","0.333333"
"1496475045","2147760025","0.333333"
"2147760025","1496475045","0.333333"
"2107402751","2109631046","1.83333"
"2109631046","2107402751","1.83333"
"2107402751","2147760025","0.333333"
"2147760025","2107402751","0.333333"
"1509098671","2093495548","1.5"
"2093495548","1509098671","1.5"
"1509098671","2131342887","2.25"
"2131342887","1509098671","2.25"
"2093495548","2131342887","2.25"
"2131342887","2093495548","2.25"
"1509098671","2167258982","0.95"
"2167258982","1509098671","0.95"
"2131342887","2167258982","1.75"
"2167258982","2131342887","1.75"
"1509098671","1562325975","0.2"
"1562325975","1509098671","0.2"
"1509098671","2054649044","0.2"
"2054649044","1509098671","0.2"
"1509098671","2124250900","0.2"
"2124250900","1509098671","0.2"
"1509098671","37197520","0.45"
"37197520","1509098671","0.45"
"1562325975","2054649044","0.2"
"2054649044","1562325975","0.2"
"1562325975","2124250900","0.2"
"2124250900","1562325975","0.2"
"1562325975","2167258982","0.2"
"2167258982","1562325975","0.2"
"1562325975","37197520","0.2"
"37197520","1562325975","0.2"
"2054649044","2124250900","0.2"
"2124250900","2054649044","0.2"
"2054649044","2167258982","0.2"
"2167258982","2054649044","0.2"
"2054649044","37197520","0.2"
"37197520","2054649044","0.2"
"2124250900","2167258982","0.2"
"2167258982","2124250900","0.2"
"2124250900","37197520","1.2"
"37197520","2124250900","1.2"
"2167258982","37197520","1.45"
"37197520","2167258982","1.45"
"1509098671","2893203399","0.25"
"2893203399","1509098671","0.25"
"2131342887","2893203399","0.25"
"2893203399","2131342887","0.25"
"2131342887","37197520","0.25"
"37197520","2131342887","0.25"
"2167258982","2893203399","0.25"
"2893203399","2167258982","0.25"
"2893203399","37197520","0.25"
"37197520","2893203399","0.25"
"1509098671","2018648477","1"
"2018648477","1509098671","1"
"1535752867","1563472814","0.537338"
"1563472814","1535752867","0.537338"
"1535752867","2027232485","0.446429"
"2027232485","1535752867","0.446429"
"1535752867","2140251122","0.680195"
"2140251122","1535752867","0.680195"
"1535752867","2146082668","0.846861"
"2146082668","1535752867","0.846861"
"1563472814","2027232485","0.589286"
"2027232485","1563472814","0.589286"
"1563472814","2146082668","0.930195"
"2146082668","1563472814","0.930195"
"2027232485","2140251122","0.922619"
"2140251122","2027232485","0.922619"
"2027232485","2146082668","0.446429"
"2146082668","2027232485","0.446429"
"1535752867","1660946466","0.309524"
"1660946466","1535752867","0.309524"
"1535752867","1784784601","0.166667"
"1784784601","1535752867","0.166667"
"1535752867","2096331040","0.596861"
"2096331040","1535752867","0.596861"
"1535752867","2137956676","0.309524"
"2137956676","1535752867","0.309524"
"1535752867","2150889907","0.454004"
"2150889907","1535752867","0.454004"
"1660946466","2096331040","0.509524"
"2096331040","1660946466","0.509524"
"1660946466","2146082668","0.652381"
"2146082668","1660946466","0.652381"
"1784784601","2096331040","0.366667"
"2096331040","1784784601","0.366667"
"1784784601","2146082668","0.509524"
"2146082668","1784784601","0.509524"
"2096331040","2137956676","0.509524"
"2137956676","2096331040","0.509524"
"2096331040","2146082668","10.7969"
"2146082668","2096331040","10.7969"
"2096331040","2150889907","1.09686"
"2150889907","2096331040","1.09686"
"2137956676","2146082668","0.652381"
"2146082668","2137956676","0.652381"
"2146082668","2150889907","0.704004"
"2150889907","2146082668","0.704004"
"1535752867","1686742681","0.287338"
"1686742681","1535752867","0.287338"
"1535752867","2006116191","0.287338"
"2006116191","1535752867","0.287338"
"1563472814","1686742681","2.21353"
"1686742681","1563472814","2.21353"
"1563472814","2096331040","0.763528"
"2096331040","1563472814","0.763528"
"1686742681","2006116191","2.21353"
"2006116191","1686742681","2.21353"
"1686742681","2027232485","1.67659"
"2027232485","1686742681","1.67659"
"1686742681","2096331040","0.963528"
"2096331040","1686742681","0.963528"
"1686742681","2140251122","2.13019"
"2140251122","1686742681","2.13019"
"1686742681","2146082668","0.737338"
"2146082668","1686742681","0.737338"
"1686742681","2150889907","2.13416"
"2150889907","1686742681","2.13416"
"2006116191","2027232485","0.339286"
"2027232485","2006116191","0.339286"
"2006116191","2096331040","0.430195"
"2096331040","2006116191","0.430195"
"2006116191","2146082668","1.18019"
"2146082668","2006116191","1.18019"
"2027232485","2096331040","0.672619"
"2096331040","2027232485","0.672619"
"2027232485","2150889907","1.09325"
"2150889907","2027232485","1.09325"
"2096331040","2140251122","0.906385"
"2140251122","2096331040","0.906385"
"1535752867","1603724724","0.162338"
"1603724724","1535752867","0.162338"
"1535752867","2018648477","0.0909091"
"2018648477","1535752867","0.0909091"
"1535752867","2063194998","0.162338"
"2063194998","1535752867","0.162338"
"1535752867","2799072993","0.233766"
"2799072993","1535752867","0.233766"
"1563472814","2018648477","0.358766"
"2018648477","1563472814","0.358766"
"1603724724","1686742681","0.606782"
"1686742681","1603724724","0.606782"
"1603724724","2018648477","0.0909091"
"2018648477","1603724724","0.0909091"
"1603724724","2096331040","0.162338"
"2096331040","1603724724","0.162338"
"1603724724","2146082668","1.16234"
"2146082668","1603724724","1.16234"
"1686742681","2018648477","3.8171"
"2018648477","1686742681","3.8171"
"1686742681","2063194998","0.949639"
"2063194998","1686742681","0.949639"
"1686742681","2799072993","0.0909091"
"2799072993","1686742681","0.0909091"
"2006116191","2018648477","0.358766"
"2018648477","2006116191","0.358766"
"2018648477","2063194998","0.0909091"
"2063194998","2018648477","0.0909091"
"2018648477","2096331040","0.233766"
"2096331040","2018648477","0.233766"
"2018648477","2140251122","0.358766"
"2140251122","2018648477","0.358766"
"2018648477","2146082668","0.0909091"
"2146082668","2018648477","0.0909091"
"2018648477","2150889907","0.358766"
"2150889907","2018648477","0.358766"
"2018648477","2799072993","0.215909"
"2799072993","2018648477","0.215909"
"2063194998","2096331040","0.662338"
"2096331040","2063194998","0.662338"
"2063194998","2146082668","0.412338"
"2146082668","2063194998","0.412338"
"2096331040","2799072993","0.233766"
"2799072993","2096331040","0.233766"
"2146082668","2799072993","0.233766"
"2799072993","2146082668","0.233766"
"1535752867","2107402751","0.142857"
"2107402751","1535752867","0.142857"
"2096331040","2107402751","0.142857"
"2107402751","2096331040","0.142857"
"2107402751","2146082668","0.142857"
"2146082668","2107402751","0.142857"
"1535752867","1772460583","1.07143"
"1772460583","1535752867","1.07143"
"1535752867","2086404636","0.0714286"
"2086404636","1535752867","0.0714286"
"1535752867","2169778121","0.0714286"
"2169778121","1535752867","0.0714286"
"1535752867","634622481","0.0714286"
"634622481","1535752867","0.0714286"
"1563472814","1772460583","0.321429"
"1772460583","1563472814","0.321429"
"1563472814","2086404636","0.271429"
"2086404636","1563472814","0.271429"
"1563472814","2169778121","0.0714286"
"2169778121","1563472814","0.0714286"
"1563472814","634622481","0.0714286"
"634622481","1563472814","0.0714286"
"1603724724","1772460583","0.0714286"
"1772460583","1603724724","0.0714286"
"1603724724","2027232485","0.349206"
"2027232485","1603724724","0.349206"
"1603724724","2086404636","0.18254"
"2086404636","1603724724","0.18254"
"1603724724","2169778121","2.18254"
"2169778121","1603724724","2.18254"
"1603724724","634622481","0.0714286"
"634622481","1603724724","0.0714286"
"1686742681","1772460583","0.0714286"
"1772460583","1686742681","0.0714286"
"1686742681","2086404636","0.18254"
"2086404636","1686742681","0.18254"
"1686742681","2169778121","0.515873"
"2169778121","1686742681","0.515873"
"1686742681","634622481","0.0714286"
"634622481","1686742681","0.0714286"
"1772460583","2006116191","0.321429"
"2006116191","1772460583","0.321429"
"1772460583","2027232485","0.0714286"
"2027232485","1772460583","0.0714286"
"1772460583","2063194998","0.571429"
"2063194998","1772460583","0.571429"
"1772460583","2086404636","0.0714286"
"2086404636","1772460583","0.0714286"
"1772460583","2096331040","0.0714286"
"2096331040","1772460583","0.0714286"
"1772460583","2140251122","0.321429"
"2140251122","1772460583","0.321429"
"1772460583","2146082668","0.404762"
"2146082668","1772460583","0.404762"
"1772460583","2150889907","0.821429"
"2150889907","1772460583","0.821429"
"1772460583","2169778121","0.0714286"
"2169778121","1772460583","0.0714286"
"1772460583","634622481","0.0714286"
"634622481","1772460583","0.0714286"
"2006116191","2086404636","0.271429"
"2086404636","2006116191","0.271429"
"2006116191","2169778121","0.0714286"
"2169778121","2006116191","0.0714286"
"2006116191","634622481","0.0714286"
"634622481","2006116191","0.0714286"
"2027232485","2063194998","0.65873"
"2063194998","2027232485","0.65873"
"2027232485","2086404636","0.18254"
"2086404636","2027232485","0.18254"
"2027232485","2169778121","0.18254"
"2169778121","2027232485","0.18254"
"2027232485","634622481","0.0714286"
"634622481","2027232485","0.0714286"
"2063194998","2086404636","0.18254"
"2086404636","2063194998","0.18254"
"2063194998","2169778121","0.43254"
"2169778121","2063194998","0.43254"
"2063194998","634622481","0.0714286"
"634622481","2063194998","0.0714286"
"2086404636","2096331040","0.0714286"
"2096331040","2086404636","0.0714286"
"2086404636","2140251122","0.0714286"
"2140251122","2086404636","0.0714286"
"2086404636","2146082668","0.0714286"
"2146082668","2086404636","0.0714286"
"2086404636","2150889907","0.18254"
"2150889907","2086404636","0.18254"
"2086404636","2169778121","0.18254"
"2169778121","2086404636","0.18254"
"2086404636","634622481","0.0714286"
"634622481","2086404636","0.0714286"
"2096331040","2169778121","0.404762"
"2169778121","2096331040","0.404762"
"2096331040","634622481","0.0714286"
"634622481","2096331040","0.0714286"
"2140251122","2169778121","0.0714286"
"2169778121","2140251122","0.0714286"
"2140251122","634622481","0.0714286"
"634622481","2140251122","0.0714286"
"2146082668","2169778121","0.0714286"
"2169778121","2146082668","0.0714286"
"2146082668","634622481","0.0714286"
"634622481","2146082668","0.0714286"
"2150889907","2169778121","0.43254"
"2169778121","2150889907","0.43254"
"2150889907","634622481","0.0714286"
"634622481","2150889907","0.0714286"
"2169778121","634622481","0.0714286"
"634622481","2169778121","0.0714286"
"1538639988","37197520","1"
"37197520","1538639988","1"
"1563472814","37197520","0.958333"
"37197520","1563472814","0.958333"
"2006116191","37197520","0.958333"
"37197520","2006116191","0.958333"
"1563472814","2042884733","1.54167"
"2042884733","1563472814","1.54167"
"2006116191","2042884733","0.541667"
"2042884733","2006116191","0.541667"
"2042884733","2140251122","0.541667"
"2140251122","2042884733","0.541667"
"2042884733","2799072993","0.375"
"2799072993","2042884733","0.375"
"1563472814","2142486130","0.5"
"2142486130","1563472814","0.5"
"1563472814","2361155686","0.5"
"2361155686","1563472814","0.5"
"2142486130","2361155686","32.9167"
"2361155686","2142486130","32.9167"
"1563472814","622683200","0.333333"
"622683200","1563472814","0.333333"
"2096331040","622683200","0.333333"
"622683200","2096331040","0.333333"
"2140251122","622683200","0.5"
"622683200","2140251122","0.5"
"1563472814","2109631046","0.5"
"2109631046","1563472814","0.5"
"2006116191","2109631046","0.5"
"2109631046","2006116191","0.5"
"1563472814","1976376620","0.142857"
"1976376620","1563472814","0.142857"
"1660946466","1976376620","0.142857"
"1976376620","1660946466","0.142857"
"1784784601","1976376620","0.142857"
"1976376620","1784784601","0.142857"
"1976376620","2006116191","0.142857"
"2006116191","1976376620","0.142857"
"1976376620","2137956676","0.142857"
"2137956676","1976376620","0.142857"
"1976376620","2140251122","1.14286"
"2140251122","1976376620","1.14286"
"1976376620","2146082668","0.142857"
"2146082668","1976376620","0.142857"
"1660946466","2086404636","0.311111"
"2086404636","1660946466","0.311111"
"1784784601","2086404636","0.2"
"2086404636","1784784601","0.2"
"2086404636","2137956676","0.311111"
"2137956676","2086404636","0.311111"
"1563472814","2104798834","0.366667"
"2104798834","1563472814","0.366667"
"1563472814","2142168034","0.366667"
"2142168034","1563472814","0.366667"
"1563472814","2163638787","0.366667"
"2163638787","1563472814","0.366667"
"2006116191","2104798834","0.366667"
"2104798834","2006116191","0.366667"
"2006116191","2142168034","0.366667"
"2142168034","2006116191","0.366667"
"2006116191","2163638787","0.366667"
"2163638787","2006116191","0.366667"
"2042884733","2104798834","0.166667"
"2104798834","2042884733","0.166667"
"2042884733","2142168034","0.166667"
"2142168034","2042884733","0.166667"
"2042884733","2163638787","0.166667"
"2163638787","2042884733","0.166667"
"2104798834","2140251122","1.5"
"2140251122","2104798834","1.5"
"2104798834","2142168034","10.0333"
"2142168034","2104798834","10.0333"
"2104798834","2163638787","4.03333"
"2163638787","2104798834","4.03333"
"2140251122","2142168034","1.5"
"2142168034","2140251122","1.5"
"2140251122","2163638787","1"
"2163638787","2140251122","1"
"2142168034","2163638787","3.03333"
"2163638787","2142168034","3.03333"
"1563472814","1979472178","0.125"
"1979472178","1563472814","0.125"
"1979472178","2006116191","0.125"
"2006116191","1979472178","0.125"
"1979472178","2018648477","0.375"
"2018648477","1979472178","0.375"
"1979472178","2042884733","0.125"
"2042884733","1979472178","0.125"
"1979472178","2140251122","0.458333"
"2140251122","1979472178","0.458333"
"1979472178","2150889907","0.236111"
"2150889907","1979472178","0.236111"
"1979472178","2799072993","0.125"
"2799072993","1979472178","0.125"
"1979472178","37197520","0.125"
"37197520","1979472178","0.125"
"2018648477","2042884733","0.125"
"2042884733","2018648477","0.125"
"2018648477","37197520","0.125"
"37197520","2018648477","0.125"
"2042884733","2150889907","0.125"
"2150889907","2042884733","0.125"
"2042884733","37197520","0.125"
"37197520","2042884733","0.125"
"2140251122","37197520","0.791667"
"37197520","2140251122","0.791667"
"2150889907","37197520","0.375"
"37197520","2150889907","0.375"
"2799072993","37197520","0.125"
"37197520","2799072993","0.125"
"2104798834","2799072993","0.2"
"2799072993","2104798834","0.2"
"2142168034","2799072993","0.2"
"2799072993","2142168034","0.2"
"2163638787","2799072993","0.2"
"2799072993","2163638787","0.2"
"2018648477","2027232485","0.142857"
"2027232485","2018648477","0.142857"
"1563472814","2081017800","0.25"
"2081017800","1563472814","0.25"
"2006116191","2081017800","0.25"
"2081017800","2006116191","0.25"
"2081017800","2140251122","0.25"
"2140251122","2081017800","0.25"
"2081017800","2799072993","0.25"
"2799072993","2081017800","0.25"
"1563472814","2122602260","0.5"
"2122602260","1563472814","0.5"
"2122602260","2140251122","0.5"
"2140251122","2122602260","0.5"
"1660946466","1686742681","2.7873"
"1686742681","1660946466","2.7873"
"1686742681","1784784601","1.00952"
"1784784601","1686742681","1.00952"
"1686742681","2137956676","2.37064"
"2137956676","1686742681","2.37064"
"1572170533","2093495548","1.5"
"2093495548","1572170533","1.5"
"2093495548","2147760025","0.5"
"2147760025","2093495548","0.5"
"1572170533","2103746998","1"
"2103746998","1572170533","1"
"2050278100","2103746998","1.33333"
"2103746998","2050278100","1.33333"
"1602329828","2047916222","0.333333"
"2047916222","1602329828","0.333333"
"1602329828","2103746998","0.333333"
"2103746998","1602329828","0.333333"
"1602329828","2140251122","0.333333"
"2140251122","1602329828","0.333333"
"2047916222","2103746998","0.333333"
"2103746998","2047916222","0.333333"
"2047916222","2140251122","1.25"
"2140251122","2047916222","1.25"
"2103746998","2140251122","0.333333"
"2140251122","2103746998","0.333333"
"1602329828","1660946466","0.333333"
"1660946466","1602329828","0.333333"
"1602329828","2137956676","0.333333"
"2137956676","1602329828","0.333333"
"1660946466","2109631046","0.833333"
"2109631046","1660946466","0.833333"
"2109631046","2137956676","0.833333"
"2137956676","2109631046","0.833333"
"1603724724","2047916222","0.166667"
"2047916222","1603724724","0.166667"
"1660946466","2027232485","1.00397"
"2027232485","1660946466","1.00397"
"1660946466","2047916222","1.14286"
"2047916222","1660946466","1.14286"
"1686742681","2047916222","1.14286"
"2047916222","1686742681","1.14286"
"2027232485","2047916222","0.892857"
"2047916222","2027232485","0.892857"
"2027232485","2137956676","0.837302"
"2137956676","2027232485","0.837302"
"2047916222","2137956676","0.72619"
"2137956676","2047916222","0.72619"
"2047916222","2150889907","2.39286"
"2150889907","2047916222","2.39286"
"1603724724","1979472178","0.111111"
"1979472178","1603724724","0.111111"
"1660946466","1979472178","0.111111"
"1979472178","1660946466","0.111111"
"1660946466","2169778121","0.111111"
"2169778121","1660946466","0.111111"
"1686742681","1979472178","0.694444"
"1979472178","1686742681","0.694444"
"1979472178","2027232485","0.444444"
"2027232485","1979472178","0.444444"
"1979472178","2063194998","0.111111"
"2063194998","1979472178","0.111111"
"1979472178","2086404636","0.111111"
"2086404636","1979472178","0.111111"
"1979472178","2137956676","0.111111"
"2137956676","1979472178","0.111111"
"1979472178","2169778121","0.111111"
"2169778121","1979472178","0.111111"
"2137956676","2169778121","0.111111"
"2169778121","2137956676","0.111111"
"1784784601","2027232485","0.309524"
"2027232485","1784784601","0.309524"
"1784784601","2047916222","0.309524"
"2047916222","1784784601","0.309524"
"2047916222","2063194998","0.809524"
"2063194998","2047916222","0.809524"
"1660946466","2018648477","0.333333"
"2018648477","1660946466","0.333333"
"2018648477","2137956676","0.333333"
"2137956676","2018648477","0.333333"
"1686742681","2122253789","0.5"
"2122253789","1686742681","0.5"
"1686742681","226740783","0.5"
"226740783","1686742681","0.5"
"2122253789","226740783","2.83333"
"226740783","2122253789","2.83333"
"1686742681","2093495548","0.583333"
"2093495548","1686742681","0.583333"
"2093495548","2096331040","0.333333"
"2096331040","2093495548","0.333333"
"2093495548","2169778121","0.333333"
"2169778121","2093495548","0.333333"
"1686742681","2167258982","0.25"
"2167258982","1686742681","0.25"
"1979472178","2093495548","0.25"
"2093495548","1979472178","0.25"
"1979472178","2167258982","0.25"
"2167258982","1979472178","0.25"
"2018648477","2093495548","0.25"
"2093495548","2018648477","0.25"
"2018648477","2167258982","0.25"
"2167258982","2018648477","0.25"
"2093495548","2167258982","5.45"
"2167258982","2093495548","5.45"
"1686742681","622683200","1"
"622683200","1686742681","1"
"1686742681","2103746998","0.5"
"2103746998","1686742681","0.5"
"2103746998","2150889907","1.5"
"2150889907","2103746998","1.5"
"1772460583","2081017800","0.333333"
"2081017800","1772460583","0.333333"
"1772460583","37197520","0.333333"
"37197520","1772460583","0.333333"
"2081017800","2146082668","0.333333"
"2146082668","2081017800","0.333333"
"2081017800","37197520","0.333333"
"37197520","2081017800","0.333333"
"2146082668","37197520","0.583333"
"37197520","2146082668","0.583333"
"1976376620","2033406822","0.25"
"2033406822","1976376620","0.25"
"1976376620","2042884733","0.583333"
"2042884733","1976376620","0.583333"
"1976376620","2131342887","0.25"
"2131342887","1976376620","0.25"
"1976376620","2311071759","0.25"
"2311071759","1976376620","0.25"
"2033406822","2042884733","0.25"
"2042884733","2033406822","0.25"
"2033406822","2131342887","0.25"
"2131342887","2033406822","0.25"
"2033406822","2311071759","33.8333"
"2311071759","2033406822","33.8333"
"2042884733","2131342887","0.25"
"2131342887","2042884733","0.25"
"2042884733","2311071759","0.25"
"2311071759","2042884733","0.25"
"2131342887","2311071759","0.25"
"2311071759","2131342887","0.25"
"1976376620","2027232485","0.333333"
"2027232485","1976376620","0.333333"
"1976376620","2096331040","0.333333"
"2096331040","1976376620","0.333333"
"2027232485","2042884733","0.333333"
"2042884733","2027232485","0.333333"
"2042884733","2096331040","0.333333"
"2096331040","2042884733","0.333333"
"1976376620","2093495548","0.2"
"2093495548","1976376620","0.2"
"1976376620","2103746998","0.2"
"2103746998","1976376620","0.2"
"1976376620","2141760389","0.2"
"2141760389","1976376620","0.2"
"1976376620","2150797121","0.2"
"2150797121","1976376620","0.2"
"1976376620","2167258982","0.2"
"2167258982","1976376620","0.2"
"2093495548","2103746998","6.78333"
"2103746998","2093495548","6.78333"
"2093495548","2141760389","1.03333"
"2141760389","2093495548","1.03333"
"2093495548","2150797121","5.2"
"2150797121","2093495548","5.2"
"2103746998","2141760389","0.533333"
"2141760389","2103746998","0.533333"
"2103746998","2150797121","0.2"
"2150797121","2103746998","0.2"
"2103746998","2167258982","0.2"
"2167258982","2103746998","0.2"
"2141760389","2150797121","0.2"
"2150797121","2141760389","0.2"
"2141760389","2167258982","0.2"
"2167258982","2141760389","0.2"
"2150797121","2167258982","0.2"
"2167258982","2150797121","0.2"
"1976376620","2109631046","0.2"
"2109631046","1976376620","0.2"
"1976376620","2122602260","0.2"
"2122602260","1976376620","0.2"
"1976376620","2163638787","0.2"
"2163638787","1976376620","0.2"
"1976376620","2495165322","0.2"
"2495165322","1976376620","0.2"
"1976376620","622683200","0.2"
"622683200","1976376620","0.2"
"2109631046","2122602260","0.2"
"2122602260","2109631046","0.2"
"2109631046","2163638787","0.2"
"2163638787","2109631046","0.2"
"2109631046","2495165322","0.2"
"2495165322","2109631046","0.2"
"2109631046","622683200","0.2"
"622683200","2109631046","0.2"
"2122602260","2163638787","0.2"
"2163638787","2122602260","0.2"
"2122602260","2495165322","0.2"
"2495165322","2122602260","0.2"
"2122602260","622683200","0.2"
"622683200","2122602260","0.2"
"2163638787","2495165322","0.2"
"2495165322","2163638787","0.2"
"2163638787","622683200","0.366667"
"622683200","2163638787","0.366667"
"2495165322","622683200","0.2"
"622683200","2495165322","0.2"
"1981665310","2147760025","0.333333"
"2147760025","1981665310","0.333333"
"1981665310","2495165322","1.33333"
"2495165322","1981665310","1.33333"
"1981665310","2863082033","0.333333"
"2863082033","1981665310","0.333333"
"2147760025","2495165322","1.33333"
"2495165322","2147760025","1.33333"
"2147760025","2863082033","0.333333"
"2863082033","2147760025","0.333333"
"2495165322","2863082033","0.333333"
"2863082033","2495165322","0.333333"
"2006116191","2047916222","0.5"
"2047916222","2006116191","0.5"
"2011851251","2086404636","0.333333"
"2086404636","2011851251","0.333333"
"2011851251","2122253789","0.333333"
"2122253789","2011851251","0.333333"
"2011851251","226740783","0.333333"
"226740783","2011851251","0.333333"
"2086404636","2122253789","0.333333"
"2122253789","2086404636","0.333333"
"2086404636","226740783","0.333333"
"226740783","2086404636","0.333333"
"2011851251","2047916222","0.333333"
"2047916222","2011851251","0.333333"
"2011851251","2063194998","0.333333"
"2063194998","2011851251","0.333333"
"2011851251","2150889907","0.333333"
"2150889907","2011851251","0.333333"
"2033406822","2142486130","4.66667"
"2142486130","2033406822","4.66667"
"2033406822","2361155686","2.41667"
"2361155686","2033406822","2.41667"
"2033406822","2783187656","1.58333"
"2783187656","2033406822","1.58333"
"2142486130","2783187656","3.58333"
"2783187656","2142486130","3.58333"
"2361155686","2783187656","3.58333"
"2783187656","2361155686","3.58333"
"2142486130","2311071759","2.08333"
"2311071759","2142486130","2.08333"
"2311071759","2361155686","2.08333"
"2361155686","2311071759","2.08333"
"2311071759","2783187656","1.25"
"2783187656","2311071759","1.25"
"2033406822","2063194998","0.25"
"2063194998","2033406822","0.25"
"2033406822","2150889907","0.25"
"2150889907","2033406822","0.25"
"2033406822","2169778121","0.25"
"2169778121","2033406822","0.25"
"2063194998","2142486130","0.25"
"2142486130","2063194998","0.25"
"2142486130","2150889907","0.25"
"2150889907","2142486130","0.25"
"2142486130","2169778121","0.25"
"2169778121","2142486130","0.25"
"2034750619","2124250900","1"
"2124250900","2034750619","1"
"2034750619","2103746998","1.25"
"2103746998","2034750619","1.25"
"2034750619","2102722395","1.25"
"2102722395","2034750619","1.25"
"2034750619","2093495548","1.25"
"2093495548","2034750619","1.25"
"2034750619","2131342887","0.25"
"2131342887","2034750619","0.25"
"2093495548","2102722395","0.25"
"2102722395","2093495548","0.25"
"2102722395","2103746998","0.25"
"2103746998","2102722395","0.25"
"2102722395","2131342887","0.25"
"2131342887","2102722395","0.25"
"2103746998","2131342887","2.25"
"2131342887","2103746998","2.25"
"2042884733","2122253789","1"
"2122253789","2042884733","1"
"2047916222","2104798834","0.166667"
"2104798834","2047916222","0.166667"
"2047916222","2142168034","0.166667"
"2142168034","2047916222","0.166667"
"2047916222","2163638787","0.166667"
"2163638787","2047916222","0.166667"
"2047916222","622683200","0.166667"
"622683200","2047916222","0.166667"
"2104798834","2150889907","0.166667"
"2150889907","2104798834","0.166667"
"2104798834","622683200","0.166667"
"622683200","2104798834","0.166667"
"2142168034","2150889907","0.166667"
"2150889907","2142168034","0.166667"
"2142168034","622683200","0.166667"
"622683200","2142168034","0.166667"
"2150889907","2163638787","0.166667"
"2163638787","2150889907","0.166667"
"2150889907","622683200","0.166667"
"622683200","2150889907","0.166667"
"2050278100","2093495548","11.3333"
