"11453436","2013700847","3.35758"
"2013700847","11453436","3.35758"
"11453436","1980251751","0.799733"
"1980251751","11453436","0.799733"
"11453436","1994259405","0.666399"
"1994259405","11453436","0.666399"
"11453436","1997091008","0.607576"
"1997091008","11453436","0.607576"
"11453436","2133590642","0.716399"
"2133590642","11453436","0.716399"
"1980251751","1994259405","1.27398"
"1994259405","1980251751","1.27398"
"1980251751","1997091008","1.40874"
"1997091008","1980251751","1.40874"
"1980251751","2133590642","1.9759"
"2133590642","1980251751","1.9759"
"1994259405","1997091008","1.3096"
"1997091008","1994259405","1.3096"
"1994259405","2133590642","0.751753"
"2133590642","1994259405","0.751753"
"1997091008","2133590642","0.886519"
"2133590642","1997091008","0.886519"
"11453436","2085996072","1.2"
"2085996072","11453436","1.2"
"2013700847","2085996072","2"
"2085996072","2013700847","2"
"11453436","151476557","0.399733"
"151476557","11453436","0.399733"
"11453436","1972368519","0.0588235"
"1972368519","11453436","0.0588235"
"11453436","1994603746","0.32549"
"1994603746","11453436","0.32549"
"11453436","2039165049","0.216399"
"2039165049","11453436","0.216399"
"11453436","2047828528","0.12549"
"2047828528","11453436","0.12549"
"11453436","2059821166","0.258824"
"2059821166","11453436","0.258824"
"11453436","2152022744","0.22549"
"2152022744","11453436","0.22549"
"11453436","2157960915","0.149733"
"2157960915","11453436","0.149733"
"11453436","2296164881","0.216399"
"2296164881","11453436","0.216399"
"11453436","2341131237","0.416399"
"2341131237","11453436","0.416399"
"11453436","2553688218","0.216399"
"2553688218","11453436","0.216399"
"11453436","2571343521","0.0588235"
"2571343521","11453436","0.0588235"
"11453436","2617730062","0.292157"
"2617730062","11453436","0.292157"
"11453436","2794883202","0.37549"
"2794883202","11453436","0.37549"
"151476557","1972368519","0.0588235"
"1972368519","151476557","0.0588235"
"151476557","1980251751","2.19256"
"1980251751","151476557","2.19256"
"151476557","1994259405","1.18509"
"1994259405","151476557","1.18509"
"151476557","1994603746","0.309989"
"1994603746","151476557","0.309989"
"151476557","2039165049","0.601753"
"2039165049","151476557","0.601753"
"151476557","2047828528","0.142157"
"2047828528","151476557","0.142157"
"151476557","2059821166","0.0588235"
"2059821166","151476557","0.0588235"
"151476557","2133590642","1.58701"
"2133590642","151476557","1.58701"
"151476557","2152022744","0.0588235"
"2152022744","151476557","0.0588235"
"151476557","2157960915","1.17034"
"2157960915","151476557","1.17034"
"151476557","2296164881","2.30923"
"2296164881","151476557","2.30923"
"151476557","2341131237","0.4211"
"2341131237","151476557","0.4211"
"151476557","2553688218","0.149733"
"2553688218","151476557","0.149733"
"151476557","2571343521","0.260747"
"2571343521","151476557","0.260747"
"151476557","2617730062","0.760844"
"2617730062","151476557","0.760844"
"151476557","2794883202","1.30882"
"2794883202","151476557","1.30882"
"1972368519","1980251751","0.0588235"
"1980251751","1972368519","0.0588235"
"1972368519","1994259405","0.0588235"
"1994259405","1972368519","0.0588235"
"1972368519","1994603746","0.0588235"
"1994603746","1972368519","0.0588235"
"1972368519","2039165049","0.0588235"
"2039165049","1972368519","0.0588235"
"1972368519","2047828528","0.0588235"
"2047828528","1972368519","0.0588235"
"1972368519","2059821166","0.0588235"
"2059821166","1972368519","0.0588235"
"1972368519","2133590642","0.0588235"
"2133590642","1972368519","0.0588235"
"1972368519","2152022744","0.0588235"
"2152022744","1972368519","0.0588235"
"1972368519","2157960915","0.0588235"
"2157960915","1972368519","0.0588235"
"1972368519","2296164881","0.0588235"
"2296164881","1972368519","0.0588235"
"1972368519","2341131237","0.0588235"
"2341131237","1972368519","0.0588235"
"1972368519","2553688218","0.0588235"
"2553688218","1972368519","0.0588235"
"1972368519","2571343521","0.0588235"
"2571343521","1972368519","0.0588235"
"1972368519","2617730062","0.0588235"
"2617730062","1972368519","0.0588235"
"1972368519","2794883202","0.0588235"
"2794883202","1972368519","0.0588235"
"1980251751","1994603746","1.00999"
"1994603746","1980251751","1.00999"
"1980251751","2039165049","0.490642"
"2039165049","1980251751","0.490642"
"1980251751","2047828528","0.142157"
"2047828528","1980251751","0.142157"
"1980251751","2059821166","0.258824"
"2059821166","1980251751","0.258824"
"1980251751","2152022744","0.0588235"
"2152022744","1980251751","0.0588235"
"1980251751","2157960915","2.55923"
"2157960915","1980251751","2.55923"
"1980251751","2296164881","4.35923"
"2296164881","1980251751","4.35923"
"1980251751","2341131237","0.676656"
"2341131237","1980251751","0.676656"
"1980251751","2553688218","0.816399"
"2553688218","1980251751","0.816399"
"1980251751","2571343521","0.260747"
"2571343521","1980251751","0.260747"
"1980251751","2617730062","1.64973"
"2617730062","1980251751","1.64973"
"1980251751","2794883202","0.0588235"
"2794883202","1980251751","0.0588235"
"1994259405","1994603746","0.299733"
"1994603746","1994259405","0.299733"
"1994259405","2039165049","0.668419"
"2039165049","1994259405","0.668419"
"1994259405","2047828528","0.208824"
"2047828528","1994259405","0.208824"
"1994259405","2059821166","0.0588235"
"2059821166","1994259405","0.0588235"
"1994259405","2152022744","0.0588235"
"2152022744","1994259405","0.0588235"
"1994259405","2157960915","0.435086"
"2157960915","1994259405","0.435086"
"1994259405","2296164881","0.890642"
"2296164881","1994259405","0.890642"
"1994259405","2341131237","0.660844"
"2341131237","1994259405","0.660844"
"1994259405","2553688218","0.466399"
"2553688218","1994259405","0.466399"
"1994259405","2571343521","0.0588235"
"2571343521","1994259405","0.0588235"
"1994259405","2617730062","0.32751"
"2617730062","1994259405","0.32751"
"1994259405","2794883202","0.12549"
"2794883202","1994259405","0.12549"
"1994603746","2039165049","0.216399"
"2039165049","1994603746","0.216399"
"1994603746","2047828528","0.208824"
"2047828528","1994603746","0.208824"
"1994603746","2059821166","0.258824"
"2059821166","1994603746","0.258824"
"1994603746","2133590642","2.04332"
"2133590642","1994603746","2.04332"
"1994603746","2152022744","0.0588235"
"2152022744","1994603746","0.0588235"
"1994603746","2157960915","0.843322"
"2157960915","1994603746","0.843322"
"1994603746","2296164881","0.909989"
"2296164881","1994603746","0.909989"
"1994603746","2341131237","0.652413"
"2341131237","1994603746","0.652413"
"1994603746","2553688218","0.492157"
"2553688218","1994603746","0.492157"
"1994603746","2571343521","0.135747"
"2571343521","1994603746","0.135747"
"1994603746","2617730062","0.883066"
"2617730062","1994603746","0.883066"
"1994603746","2794883202","0.12549"
"2794883202","1994603746","0.12549"
"2039165049","2047828528","0.268347"
"2047828528","2039165049","0.268347"
"2039165049","2059821166","0.0588235"
"2059821166","2039165049","0.0588235"
"2039165049","2133590642","0.418419"
"2133590642","2039165049","0.418419"
"2039165049","2152022744","0.0588235"
"2152022744","2039165049","0.0588235"
"2039165049","2157960915","0.49461"
"2157960915","2039165049","0.49461"
"2039165049","2296164881","0.450166"
"2296164881","2039165049","0.450166"
"2039165049","2341131237","0.32751"
"2341131237","2039165049","0.32751"
"2039165049","2553688218","0.216399"
"2553688218","2039165049","0.216399"
"2039165049","2571343521","0.0588235"
"2571343521","2039165049","0.0588235"
"2039165049","2617730062","0.32751"
"2617730062","2039165049","0.32751"
"2039165049","2794883202","0.12549"
"2794883202","2039165049","0.12549"
"2047828528","2059821166","1.05882"
"2059821166","2047828528","1.05882"
"2047828528","2133590642","0.208824"
"2133590642","2047828528","0.208824"
"2047828528","2152022744","0.0588235"
"2152022744","2047828528","0.0588235"
"2047828528","2157960915","0.285014"
"2157960915","2047828528","0.285014"
"2047828528","2296164881","0.351681"
"2296164881","2047828528","0.351681"
"2047828528","2341131237","0.208824"
"2341131237","2047828528","0.208824"
"2047828528","2553688218","0.12549"
"2553688218","2047828528","0.12549"
"2047828528","2571343521","0.0588235"
"2571343521","2047828528","0.0588235"
"2047828528","2617730062","1.12549"
"2617730062","2047828528","1.12549"
"2047828528","2794883202","0.12549"
"2794883202","2047828528","0.12549"
"2059821166","2133590642","0.0588235"
"2133590642","2059821166","0.0588235"
"2059821166","2152022744","0.0588235"
"2152022744","2059821166","0.0588235"
"2059821166","2157960915","0.0588235"
"2157960915","2059821166","0.0588235"
"2059821166","2296164881","0.558824"
"2296164881","2059821166","0.558824"
"2059821166","2341131237","0.758824"
"2341131237","2059821166","0.758824"
"2059821166","2553688218","0.0588235"
"2553688218","2059821166","0.0588235"
"2059821166","2571343521","0.0588235"
"2571343521","2059821166","0.0588235"
"2059821166","2617730062","0.558824"
"2617730062","2059821166","0.558824"
"2059821166","2794883202","2.05882"
"2794883202","2059821166","2.05882"
"2133590642","2152022744","0.0588235"
"2152022744","2133590642","0.0588235"
"2133590642","2157960915","2.87034"
"2157960915","2133590642","2.87034"
"2133590642","2296164881","2.1259"
"2296164881","2133590642","2.1259"
"2133590642","2341131237","0.854433"
"2341131237","2133590642","0.854433"
"2133590642","2553688218","0.583066"
"2553688218","2133590642","0.583066"
"2133590642","2571343521","0.260747"
"2571343521","2133590642","0.260747"
"2133590642","2617730062","2.19418"
"2617730062","2133590642","2.19418"
"2133590642","2794883202","0.57549"
"2794883202","2133590642","0.57549"
"2152022744","2157960915","0.0588235"
"2157960915","2152022744","0.0588235"
"2152022744","2296164881","0.0588235"
"2296164881","2152022744","0.0588235"
"2152022744","2341131237","0.0588235"
"2341131237","2152022744","0.0588235"
"2152022744","2553688218","0.0588235"
"2553688218","2152022744","0.0588235"
"2152022744","2571343521","1.05882"
"2571343521","2152022744","1.05882"
"2152022744","2617730062","0.22549"
"2617730062","2152022744","0.22549"
"2152022744","2794883202","0.0588235"
"2794883202","2152022744","0.0588235"
"2157960915","2296164881","5.90209"
"2296164881","2157960915","5.90209"
"2157960915","2341131237","0.587767"
"2341131237","2157960915","0.587767"
"2157960915","2553688218","1.18307"
"2553688218","2157960915","1.18307"
"2157960915","2571343521","0.260747"
"2571343521","2157960915","0.260747"
"2157960915","2617730062","0.594177"
"2617730062","2157960915","0.594177"
"2157960915","2794883202","0.0588235"
"2794883202","2157960915","0.0588235"
"2296164881","2341131237","3.29332"
"2341131237","2296164881","3.29332"
"2296164881","2553688218","1.99973"
"2553688218","2296164881","1.99973"
"2296164881","2571343521","0.260747"
"2571343521","2296164881","0.260747"
"2296164881","2617730062","0.549733"
"2617730062","2296164881","0.549733"
"2296164881","2794883202","0.12549"
"2794883202","2296164881","0.12549"
"2341131237","2553688218","1.1664"
"2553688218","2341131237","1.1664"
"2341131237","2571343521","0.135747"
"2571343521","2341131237","0.135747"
"2341131237","2617730062","0.769935"
"2617730062","2341131237","0.769935"
"2341131237","2794883202","0.492157"
"2794883202","2341131237","0.492157"
"2553688218","2571343521","0.0588235"
"2571343521","2553688218","0.0588235"
"2553688218","2617730062","0.658824"
"2617730062","2553688218","0.658824"
"2553688218","2794883202","0.492157"
"2794883202","2553688218","0.492157"
"2571343521","2617730062","0.0588235"
"2617730062","2571343521","0.0588235"
"2571343521","2794883202","0.0588235"
"2794883202","2571343521","0.0588235"
"2617730062","2794883202","0.492157"
"2794883202","2617730062","0.492157"
"11453436","1993186225","0.166667"
"1993186225","11453436","0.166667"
"11453436","2007368762","0.166667"
"2007368762","11453436","0.166667"
"11453436","2040515813","0.416667"
"2040515813","11453436","0.416667"
"11453436","2062213563","0.166667"
"2062213563","11453436","0.166667"
"1993186225","2007368762","0.166667"
"2007368762","1993186225","0.166667"
"1993186225","2040515813","0.166667"
"2040515813","1993186225","0.166667"
"1993186225","2062213563","0.166667"
"2062213563","1993186225","0.166667"
"1993186225","2152022744","0.166667"
"2152022744","1993186225","0.166667"
"1993186225","2617730062","0.166667"
"2617730062","1993186225","0.166667"
"2007368762","2040515813","0.166667"
"2040515813","2007368762","0.166667"
"2007368762","2062213563","0.666667"
"2062213563","2007368762","0.666667"
"2007368762","2152022744","1.66667"
"2152022744","2007368762","1.66667"
"2007368762","2617730062","0.166667"
"2617730062","2007368762","0.166667"
"2040515813","2062213563","0.166667"
"2062213563","2040515813","0.166667"
"2040515813","2152022744","0.166667"
"2152022744","2040515813","0.166667"
"2040515813","2617730062","0.166667"
"2617730062","2040515813","0.166667"
"2062213563","2152022744","0.666667"
"2152022744","2062213563","0.666667"
"2062213563","2617730062","0.166667"
"2617730062","2062213563","0.166667"
"151476557","1997091008","0.369852"
"1997091008","151476557","0.369852"
"151476557","2013700847","1.46591"
"2013700847","151476557","1.46591"
"1980251751","2013700847","1.16591"
"2013700847","1980251751","1.16591"
"1994259405","2013700847","0.740909"
"2013700847","1994259405","0.740909"
"1997091008","2013700847","0.800433"
"2013700847","1997091008","0.800433"
"1997091008","2039165049","0.502453"
"2039165049","1997091008","0.502453"
"1997091008","2157960915","0.91271"
"2157960915","1997091008","0.91271"
"1997091008","2296164881","0.668265"
"2296164881","1997091008","0.668265"
"1997091008","2341131237","0.34561"
"2341131237","1997091008","0.34561"
"1997091008","2553688218","0.357576"
"2553688218","1997091008","0.357576"
"2013700847","2039165049","0.300433"
"2039165049","2013700847","0.300433"
"2013700847","2133590642","0.365909"
"2133590642","2013700847","0.365909"
"2013700847","2157960915","0.4421"
"2157960915","2013700847","0.4421"
"2013700847","2296164881","0.508766"
"2296164881","2013700847","0.508766"
"2013700847","2341131237","0.440909"
"2341131237","2013700847","0.440909"
"2013700847","2553688218","0.157576"
"2553688218","2013700847","0.157576"
"151476557","2040515813","0.326923"
"2040515813","151476557","0.326923"
"2040515813","2133590642","0.326923"
"2133590642","2040515813","0.326923"
"2040515813","2794883202","0.25"
"2794883202","2040515813","0.25"
"11453436","2071604149","0.2"
"2071604149","11453436","0.2"
"1980251751","2071604149","2.19283"
"2071604149","1980251751","2.19283"
"1980251751","2085996072","0.2"
"2085996072","1980251751","0.2"
"1994259405","2071604149","0.735354"
"2071604149","1994259405","0.735354"
"1994259405","2085996072","0.2"
"2085996072","1994259405","0.2"
"1997091008","2071604149","0.8218"
"2071604149","1997091008","0.8218"
"1997091008","2085996072","0.2"
"2085996072","1997091008","0.2"
"2071604149","2085996072","0.2"
"2085996072","2071604149","0.2"
"1994603746","2013700847","0.35"
"2013700847","1994603746","0.35"
"2013700847","2059821166","0.2"
"2059821166","2013700847","0.2"
"11453436","1989074328","0.0666667"
"1989074328","11453436","0.0666667"
"11453436","2492718535","0.0666667"
"2492718535","11453436","0.0666667"
"11453436","2649501556","0.0666667"
"2649501556","11453436","0.0666667"
"1989074328","1994259405","0.0666667"
"1994259405","1989074328","0.0666667"
"1989074328","1994603746","2.06667"
"1994603746","1989074328","2.06667"
"1989074328","1997091008","0.0666667"
"1997091008","1989074328","0.0666667"
"1989074328","2013700847","0.0666667"
"2013700847","1989074328","0.0666667"
"1989074328","2039165049","0.0666667"
"2039165049","1989074328","0.0666667"
"1989074328","2047828528","0.0666667"
"2047828528","1989074328","0.0666667"
"1989074328","2133590642","0.266667"
"2133590642","1989074328","0.266667"
"1989074328","2296164881","1.06667"
"2296164881","1989074328","1.06667"
"1989074328","2341131237","1.26667"
"2341131237","1989074328","1.26667"
"1989074328","2492718535","0.0666667"
"2492718535","1989074328","0.0666667"
"1989074328","2553688218","1.26667"
"2553688218","1989074328","1.26667"
"1989074328","2617730062","1.76667"
"2617730062","1989074328","1.76667"
"1989074328","2649501556","0.0666667"
"2649501556","1989074328","0.0666667"
"1989074328","2794883202","0.266667"
"2794883202","1989074328","0.266667"
"1994259405","2492718535","0.316667"
"2492718535","1994259405","0.316667"
"1994259405","2649501556","0.177778"
"2649501556","1994259405","0.177778"
"1994603746","1997091008","0.434499"
"1997091008","1994603746","0.434499"
"1994603746","2492718535","0.233333"
"2492718535","1994603746","0.233333"
"1994603746","2649501556","0.0666667"
"2649501556","1994603746","0.0666667"
"1997091008","2047828528","0.209524"
"2047828528","1997091008","0.209524"
"1997091008","2492718535","0.0666667"
"2492718535","1997091008","0.0666667"
"1997091008","2617730062","0.268687"
"2617730062","1997091008","0.268687"
"1997091008","2649501556","0.177778"
"2649501556","1997091008","0.177778"
"1997091008","2794883202","0.0666667"
"2794883202","1997091008","0.0666667"
"2013700847","2047828528","0.292857"
"2047828528","2013700847","0.292857"
"2013700847","2492718535","0.0666667"
"2492718535","2013700847","0.0666667"
"2013700847","2617730062","0.0666667"
"2617730062","2013700847","0.0666667"
"2013700847","2649501556","0.0666667"
"2649501556","2013700847","0.0666667"
"2013700847","2794883202","0.0666667"
"2794883202","2013700847","0.0666667"
"2039165049","2492718535","0.0666667"
"2492718535","2039165049","0.0666667"
"2039165049","2649501556","0.177778"
"2649501556","2039165049","0.177778"
"2047828528","2492718535","0.0666667"
"2492718535","2047828528","0.0666667"
"2047828528","2649501556","0.0666667"
"2649501556","2047828528","0.0666667"
"2133590642","2492718535","0.233333"
"2492718535","2133590642","0.233333"
"2133590642","2649501556","0.177778"
"2649501556","2133590642","0.177778"
"2296164881","2492718535","0.65"
"2492718535","2296164881","0.65"
"2296164881","2649501556","0.0666667"
"2649501556","2296164881","0.0666667"
"2341131237","2492718535","0.816667"
"2492718535","2341131237","0.816667"
"2341131237","2649501556","0.344444"
"2649501556","2341131237","0.344444"
"2492718535","2553688218","1.15"
"2553688218","2492718535","1.15"
"2492718535","2617730062","0.4"
"2617730062","2492718535","0.4"
"2492718535","2649501556","0.233333"
"2649501556","2492718535","0.233333"
"2492718535","2794883202","0.233333"
"2794883202","2492718535","0.233333"
"2553688218","2649501556","0.233333"
"2649501556","2553688218","0.233333"
"2617730062","2649501556","0.344444"
"2649501556","2617730062","0.344444"
"2649501556","2794883202","0.233333"
"2794883202","2649501556","0.233333"
"151476557","2160608820","1.99359"
"2160608820","151476557","1.99359"
"151476557","2047480079","4.24283"
"2047480079","151476557","4.24283"
"151476557","2071604149","1.35394"
"2071604149","151476557","1.35394"
"2047480079","2071604149","1.33569"
"2071604149","2047480079","1.33569"
"2047480079","2133590642","1.77617"
"2133590642","2047480079","1.77617"
"2047480079","2157960915","0.919023"
"2157960915","2047480079","0.919023"
"2047480079","2296164881","1.96902"
"2296164881","2047480079","1.96902"
"2071604149","2133590642","1.13728"
"2133590642","2071604149","1.13728"
"2071604149","2157960915","2.03013"
"2157960915","2071604149","2.03013"
"2071604149","2296164881","0.969023"
"2296164881","2071604149","0.969023"
"151476557","2884512787","0.5"
"2884512787","151476557","0.5"
"1980251751","2884512787","0.666667"
"2884512787","1980251751","0.666667"
"2047480079","2160608820","0.74359"
"2160608820","2047480079","0.74359"
"2133590642","2160608820","0.326923"
"2160608820","2133590642","0.326923"
"2160608820","2296164881","0.576923"
"2296164881","2160608820","0.576923"
"151476557","2163099472","0.326923"
"2163099472","151476557","0.326923"
"1980251751","2047480079","1.49283"
"2047480079","1980251751","1.49283"
"1980251751","2160608820","0.99359"
"2160608820","1980251751","0.99359"
"1980251751","2163099472","0.99359"
"2163099472","1980251751","0.99359"
"2013700847","2047480079","0.517857"
"2047480079","2013700847","0.517857"
"2013700847","2071604149","0.517857"
"2071604149","2013700847","0.517857"
"2013700847","2160608820","0.666667"
"2160608820","2013700847","0.666667"
"2013700847","2163099472","0.25"
"2163099472","2013700847","0.25"
"2047480079","2163099472","0.326923"
"2163099472","2047480079","0.326923"
"2071604149","2160608820","1.49359"
"2160608820","2071604149","1.49359"
"2071604149","2163099472","0.326923"
"2163099472","2071604149","0.326923"
"2160608820","2163099472","0.24359"
"2163099472","2160608820","0.24359"
"1994259405","2160608820","0.5"
"2160608820","1994259405","0.5"
"151476557","2649501556","0.111111"
"2649501556","151476557","0.111111"
"2039165049","2071604149","0.344877"
"2071604149","2039165049","0.344877"
"2071604149","2341131237","0.271368"
"2341131237","2071604149","0.271368"
"2071604149","2617730062","0.20202"
"2617730062","2071604149","0.20202"
"2071604149","2649501556","0.111111"
"2649501556","2071604149","0.111111"
"2157960915","2649501556","0.111111"
"2649501556","2157960915","0.111111"
"1994259405","2047480079","0.674242"
"2047480079","1994259405","0.674242"
"1980251751","2040515813","0.0769231"
"2040515813","1980251751","0.0769231"
"1994603746","2040515813","0.0769231"
"2040515813","1994603746","0.0769231"
"1994603746","2047480079","0.251166"
"2047480079","1994603746","0.251166"
"1994603746","2071604149","0.251166"
"2071604149","1994603746","0.251166"
"1994603746","2160608820","0.0769231"
"2160608820","1994603746","0.0769231"
"1994603746","2163099472","0.360256"
"2163099472","1994603746","0.360256"
"1997091008","2040515813","0.0769231"
"2040515813","1997091008","0.0769231"
"1997091008","2047480079","1.01069"
"2047480079","1997091008","1.01069"
"1997091008","2160608820","0.0769231"
"2160608820","1997091008","0.0769231"
"1997091008","2163099472","0.276923"
"2163099472","1997091008","0.276923"
"1997091008","2571343521","0.0769231"
"2571343521","1997091008","0.0769231"
"2040515813","2047480079","0.0769231"
"2047480079","2040515813","0.0769231"
"2040515813","2071604149","0.0769231"
"2071604149","2040515813","0.0769231"
"2040515813","2157960915","0.0769231"
"2157960915","2040515813","0.0769231"
"2040515813","2160608820","0.0769231"
"2160608820","2040515813","0.0769231"
"2040515813","2163099472","0.0769231"
"2163099472","2040515813","0.0769231"
"2040515813","2296164881","0.0769231"
"2296164881","2040515813","0.0769231"
"2040515813","2341131237","0.0769231"
"2341131237","2040515813","0.0769231"
"2040515813","2571343521","0.0769231"
"2571343521","2040515813","0.0769231"
"2047480079","2341131237","0.160256"
"2341131237","2047480079","0.160256"
"2047480079","2571343521","0.201923"
"2571343521","2047480079","0.201923"
"2071604149","2571343521","0.201923"
"2571343521","2071604149","0.201923"
"2133590642","2163099472","0.160256"
"2163099472","2133590642","0.160256"
"2157960915","2160608820","0.0769231"
"2160608820","2157960915","0.0769231"
"2157960915","2163099472","0.526923"
"2163099472","2157960915","0.526923"
"2160608820","2341131237","0.0769231"
"2341131237","2160608820","0.0769231"
"2160608820","2571343521","0.0769231"
"2571343521","2160608820","0.0769231"
"2163099472","2296164881","0.526923"
"2296164881","2163099472","0.526923"
"2163099472","2341131237","0.160256"
"2341131237","2163099472","0.160256"
"2163099472","2571343521","0.0769231"
"2571343521","2163099472","0.0769231"
"2039165049","2047480079","0.483766"
"2047480079","2039165049","0.483766"
"151476557","2085996072","0.333333"
"2085996072","151476557","0.333333"
"2085996072","2157960915","0.833333"
"2157960915","2085996072","0.833333"
"2085996072","2296164881","1.33333"
"2296164881","2085996072","1.33333"
"2013700847","2571343521","0.125"
"2571343521","2013700847","0.125"
"2047480079","2617730062","0.590909"
"2617730062","2047480079","0.590909"
"1994259405","2163099472","0.0833333"
"2163099472","1994259405","0.0833333"
"2047480079","2047828528","0.22619"
"2047828528","2047480079","0.22619"
"2047828528","2071604149","0.22619"
"2071604149","2047828528","0.22619"
"2047828528","2163099472","0.0833333"
"2163099472","2047828528","0.0833333"
"1968899842","2117763996","15.5"
"2117763996","1968899842","15.5"
"1968899842","2617730062","1"
"2617730062","1968899842","1"
"1968899842","2040515813","0.5"
"2040515813","1968899842","0.5"
"2040515813","2117763996","0.5"
"2117763996","2040515813","0.5"
"1980251751","2492718535","0.166667"
"2492718535","1980251751","0.166667"
"2157960915","2492718535","0.333333"
"2492718535","2157960915","0.333333"
"2157960915","2884512787","0.166667"
"2884512787","2157960915","0.166667"
"2163099472","2492718535","0.166667"
"2492718535","2163099472","0.166667"
"2163099472","2553688218","0.866667"
"2553688218","2163099472","0.866667"
"2163099472","2884512787","0.166667"
"2884512787","2163099472","0.166667"
"2296164881","2884512787","1.16667"
"2884512787","2296164881","1.16667"
"2492718535","2884512787","0.333333"
"2884512787","2492718535","0.333333"
"2553688218","2884512787","2.33333"
"2884512787","2553688218","2.33333"
"1989074328","2059821166","1.5"
"2059821166","1989074328","1.5"
"1989074328","2884512787","1"
"2884512787","1989074328","1"
"2023595141","2884512787","1"
"2884512787","2023595141","1"
"2059821166","2884512787","1"
"2884512787","2059821166","1"
"2085996072","2553688218","0.5"
"2553688218","2085996072","0.5"
"2341131237","2565516451","4.33333"
"2565516451","2341131237","4.33333"
"2492718535","2565516451","0.333333"
"2565516451","2492718535","0.333333"
"2553688218","2565516451","1.33333"
"2565516451","2553688218","1.33333"
"2341131237","2611190712","0.5"
"2611190712","2341131237","0.5"
"2341131237","2963329584","0.5"
"2963329584","2341131237","0.5"
"2611190712","2963329584","19"
"2963329584","2611190712","19"
"2341131237","2884512787","0.166667"
"2884512787","2341131237","0.166667"
"2617730062","2884512787","2.16667"
"2884512787","2617730062","2.16667"
"2649501556","2884512787","0.166667"
"2884512787","2649501556","0.166667"
"2794883202","2884512787","0.166667"
"2884512787","2794883202","0.166667"
"2565516451","2963329584","1"
"2963329584","2565516451","1"
"2611190712","2617730062","0.5"
"2617730062","2611190712","0.5"
"2617730062","2963329584","0.5"
"2963329584","2617730062","0.5"
