"1502053085","2159067573","1.09091"
"2159067573","1502053085","1.09091"
"1502053085","1535458435","1.17424"
"1535458435","1502053085","1.17424"
"1502053085","2130080305","0.833333"
"2130080305","1502053085","0.833333"
"1502053085","67639576","1.42424"
"67639576","1502053085","1.42424"
"1535458435","2130080305","0.833333"
"2130080305","1535458435","0.833333"
"1535458435","67639576","9.84055"
"67639576","1535458435","9.84055"
"2130080305","67639576","0.333333"
"67639576","2130080305","0.333333"
"1502053085","202601836","1.09091"
"202601836","1502053085","1.09091"
"1502053085","1641220309","0.0909091"
"1641220309","1502053085","0.0909091"
"1502053085","1775494436","0.340909"
"1775494436","1502053085","0.340909"
"1502053085","1980079693","0.0909091"
"1980079693","1502053085","0.0909091"
"1502053085","2118084379","0.340909"
"2118084379","1502053085","0.340909"
"1502053085","2131077449","0.0909091"
"2131077449","1502053085","0.0909091"
"1502053085","2138876988","0.0909091"
"2138876988","1502053085","0.0909091"
"1502053085","2182858283","0.0909091"
"2182858283","1502053085","0.0909091"
"1535458435","1641220309","1.54131"
"1641220309","1535458435","1.54131"
"1535458435","1775494436","1.63222"
"1775494436","1535458435","1.63222"
"1535458435","1980079693","1.25325"
"1980079693","1535458435","1.25325"
"1535458435","202601836","1.44012"
"202601836","1535458435","1.44012"
"1535458435","2118084379","2.4596"
"2118084379","1535458435","2.4596"
"1535458435","2131077449","1.0211"
"2131077449","1535458435","1.0211"
"1535458435","2138876988","0.919913"
"2138876988","1535458435","0.919913"
"1535458435","2159067573","1.18182"
"2159067573","1535458435","1.18182"
"1535458435","2182858283","1.50325"
"2182858283","1535458435","1.50325"
"1641220309","1775494436","8.27464"
"1775494436","1641220309","8.27464"
"1641220309","1980079693","0.162338"
"1980079693","1641220309","0.162338"
"1641220309","202601836","0.440115"
"202601836","1641220309","0.440115"
"1641220309","2118084379","0.20202"
"2118084379","1641220309","0.20202"
"1641220309","2131077449","1.43019"
"2131077449","1641220309","1.43019"
"1641220309","2138876988","0.162338"
"2138876988","1641220309","0.162338"
"1641220309","2159067573","0.290909"
"2159067573","1641220309","0.290909"
"1641220309","2182858283","1.06234"
"2182858283","1641220309","1.06234"
"1641220309","67639576","0.582973"
"67639576","1641220309","0.582973"
"1775494436","1980079693","0.253247"
"1980079693","1775494436","0.253247"
"1775494436","202601836","0.273449"
"202601836","1775494436","0.273449"
"1775494436","2118084379","0.292929"
"2118084379","1775494436","0.292929"
"1775494436","2131077449","0.521104"
"2131077449","1775494436","0.521104"
"1775494436","2138876988","0.253247"
"2138876988","1775494436","0.253247"
"1775494436","2159067573","0.381818"
"2159067573","1775494436","0.381818"
"1775494436","2182858283","0.453247"
"2182858283","1775494436","0.453247"
"1775494436","67639576","0.757215"
"67639576","1775494436","0.757215"
"1980079693","202601836","1.66234"
"202601836","1980079693","1.66234"
"1980079693","2118084379","0.348485"
"2118084379","1980079693","0.348485"
"1980079693","2131077449","0.753247"
"2131077449","1980079693","0.753247"
"1980079693","2138876988","7.00325"
"2138876988","1980079693","7.00325"
"1980079693","2159067573","1.18182"
"2159067573","1980079693","1.18182"
"1980079693","2182858283","0.83658"
"2182858283","1980079693","0.83658"
"1980079693","67639576","0.919913"
"67639576","1980079693","0.919913"
"202601836","2118084379","0.368687"
"2118084379","202601836","0.368687"
"202601836","2131077449","0.662338"
"2131077449","202601836","0.662338"
"202601836","2138876988","1.329"
"2138876988","202601836","1.329"
"202601836","2159067573","0.0909091"
"2159067573","202601836","0.0909091"
"202601836","2182858283","1.829"
"2182858283","202601836","1.829"
"202601836","67639576","0.773449"
"67639576","202601836","0.773449"
"2118084379","2131077449","0.181818"
"2131077449","2118084379","0.181818"
"2118084379","2138876988","0.348485"
"2138876988","2118084379","0.348485"
"2118084379","2159067573","0.181818"
"2159067573","2118084379","0.181818"
"2118084379","2182858283","0.431818"
"2182858283","2118084379","0.431818"
"2118084379","67639576","1.4596"
"67639576","2118084379","1.4596"
"2131077449","2138876988","0.419913"
"2138876988","2131077449","0.419913"
"2131077449","2159067573","0.181818"
"2159067573","2131077449","0.181818"
"2131077449","2182858283","0.253247"
"2182858283","2131077449","0.253247"
"2131077449","67639576","0.562771"
"67639576","2131077449","0.562771"
"2138876988","2159067573","0.181818"
"2159067573","2138876988","0.181818"
"2138876988","2182858283","0.83658"
"2182858283","2138876988","0.83658"
"2138876988","67639576","0.919913"
"67639576","2138876988","0.919913"
"2159067573","2182858283","1.30606"
"2182858283","2159067573","1.30606"
"2159067573","67639576","0.181818"
"67639576","2159067573","0.181818"
"2182858283","67639576","1.50325"
"67639576","2182858283","1.50325"
"1502053085","1552595334","0.25"
"1552595334","1502053085","0.25"
"1535458435","1552595334","0.523449"
"1552595334","1535458435","0.523449"
"1552595334","2118084379","0.45202"
"2118084379","1552595334","0.45202"
"1552595334","67639576","1.52345"
"67639576","1552595334","1.52345"
"1502053085","1969400696","0.25"
"1969400696","1502053085","0.25"
"1502053085","2085987080","0.25"
"2085987080","1502053085","0.25"
"1775494436","1969400696","0.25"
"1969400696","1775494436","0.25"
"1775494436","2085987080","0.375"
"2085987080","1775494436","0.375"
"1969400696","2085987080","0.45"
"2085987080","1969400696","0.45"
"1969400696","67639576","0.25"
"67639576","1969400696","0.25"
"2085987080","67639576","0.25"
"67639576","2085987080","0.25"
"1502053085","2134315588","0.5"
"2134315588","1502053085","0.5"
"2134315588","67639576","0.75"
"67639576","2134315588","0.75"
"1535458435","180420618","0.253968"
"180420618","1535458435","0.253968"
"1535458435","2135077872","0.267857"
"2135077872","1535458435","0.267857"
"1535458435","2999795274","0.309524"
"2999795274","1535458435","0.309524"
"1641220309","180420618","1.25397"
"180420618","1641220309","1.25397"
"1641220309","2135077872","6.80119"
"2135077872","1641220309","6.80119"
"1641220309","2999795274","0.842857"
"2999795274","1641220309","0.842857"
"1775494436","180420618","0.253968"
"180420618","1775494436","0.253968"
"1775494436","2135077872","4.80119"
"2135077872","1775494436","4.80119"
"1775494436","2999795274","0.47619"
"2999795274","1775494436","0.47619"
"180420618","2131077449","0.142857"
"2131077449","180420618","0.142857"
"180420618","2135077872","0.142857"
"2135077872","180420618","0.142857"
"180420618","2999795274","1.23377"
"2999795274","180420618","1.23377"
"180420618","67639576","0.253968"
"67639576","180420618","0.253968"
"2131077449","2135077872","0.267857"
"2135077872","2131077449","0.267857"
"2131077449","2999795274","0.142857"
"2999795274","2131077449","0.142857"
"2135077872","2999795274","0.47619"
"2999795274","2135077872","0.47619"
"2135077872","67639576","0.142857"
"67639576","2135077872","0.142857"
"2999795274","67639576","0.309524"
"67639576","2999795274","0.309524"
"1535458435","2166099324","0.620671"
"2166099324","1535458435","0.620671"
"1980079693","2166099324","0.745671"
"2166099324","1980079693","0.745671"
"202601836","2166099324","0.404762"
"2166099324","202601836","0.404762"
"2131077449","2166099324","0.454004"
"2166099324","2131077449","0.454004"
"2138876988","2166099324","0.745671"
"2166099324","2138876988","0.745671"
"2166099324","67639576","0.495671"
"67639576","2166099324","0.495671"
"1535458435","2118352281","0.404762"
"2118352281","1535458435","0.404762"
"1535458435","2128362967","0.0714286"
"2128362967","1535458435","0.0714286"
"1535458435","2171110938","0.30754"
"2171110938","1535458435","0.30754"
"1535458435","6736699","0.273449"
"6736699","1535458435","0.273449"
"1552595334","1641220309","1.38254"
"1641220309","1552595334","1.38254"
"1552595334","1775494436","1.47345"
"1775494436","1552595334","1.47345"
"1552595334","1980079693","0.162338"
"1980079693","1552595334","0.162338"
"1552595334","202601836","0.68254"
"202601836","1552595334","0.68254"
"1552595334","2118352281","0.0714286"
"2118352281","1552595334","0.0714286"
"1552595334","2128362967","0.0714286"
"2128362967","1552595334","0.0714286"
"1552595334","2131077449","0.162338"
"2131077449","1552595334","0.162338"
"1552595334","2138876988","0.162338"
"2138876988","1552595334","0.162338"
"1552595334","2166099324","0.162338"
"2166099324","1552595334","0.162338"
"1552595334","2171110938","1.51587"
"2171110938","1552595334","1.51587"
"1552595334","2182858283","1.19567"
"2182858283","1552595334","1.19567"
"1552595334","6736699","0.273449"
"6736699","1552595334","0.273449"
"1641220309","2118352281","0.604762"
"2118352281","1641220309","0.604762"
"1641220309","2128362967","0.0714286"
"2128362967","1641220309","0.0714286"
"1641220309","2166099324","0.196429"
"2166099324","1641220309","0.196429"
"1641220309","2171110938","0.30754"
"2171110938","1641220309","0.30754"
"1641220309","6736699","0.18254"
"6736699","1641220309","0.18254"
"1775494436","2118352281","0.0714286"
"2118352281","1775494436","0.0714286"
"1775494436","2128362967","0.0714286"
"2128362967","1775494436","0.0714286"
"1775494436","2166099324","0.287338"
"2166099324","1775494436","0.287338"
"1775494436","2171110938","0.30754"
"2171110938","1775494436","0.30754"
"1775494436","6736699","0.273449"
"6736699","1775494436","0.273449"
"1980079693","2118352281","0.321429"
"2118352281","1980079693","0.321429"
"1980079693","2128362967","0.0714286"
"2128362967","1980079693","0.0714286"
"1980079693","2171110938","0.0714286"
"2171110938","1980079693","0.0714286"
"1980079693","6736699","0.162338"
"6736699","1980079693","0.162338"
"202601836","2118352281","0.0714286"
"2118352281","202601836","0.0714286"
"202601836","2128362967","0.0714286"
"2128362967","202601836","0.0714286"
"202601836","2171110938","0.18254"
"2171110938","202601836","0.18254"
"202601836","6736699","0.18254"
"6736699","202601836","0.18254"
"2118352281","2128362967","0.0714286"
"2128362967","2118352281","0.0714286"
"2118352281","2131077449","0.0714286"
"2131077449","2118352281","0.0714286"
"2118352281","2138876988","0.321429"
"2138876988","2118352281","0.321429"
"2118352281","2166099324","0.321429"
"2166099324","2118352281","0.321429"
"2118352281","2171110938","0.0714286"
"2171110938","2118352281","0.0714286"
"2118352281","2182858283","0.854762"
"2182858283","2118352281","0.854762"
"2118352281","6736699","0.0714286"
"6736699","2118352281","0.0714286"
"2118352281","67639576","0.0714286"
"67639576","2118352281","0.0714286"
"2128362967","2131077449","0.0714286"
"2131077449","2128362967","0.0714286"
"2128362967","2138876988","0.0714286"
"2138876988","2128362967","0.0714286"
"2128362967","2166099324","0.0714286"
"2166099324","2128362967","0.0714286"
"2128362967","2171110938","0.0714286"
"2171110938","2128362967","0.0714286"
"2128362967","2182858283","2.329"
"2182858283","2128362967","2.329"
"2128362967","6736699","0.0714286"
"6736699","2128362967","0.0714286"
"2128362967","67639576","0.0714286"
"67639576","2128362967","0.0714286"
"2131077449","2171110938","0.196429"
"2171110938","2131077449","0.196429"
"2131077449","6736699","2.16234"
"6736699","2131077449","2.16234"
"2138876988","2171110938","0.0714286"
"2171110938","2138876988","0.0714286"
"2138876988","6736699","0.162338"
"6736699","2138876988","0.162338"
"2166099324","2171110938","0.196429"
"2171110938","2166099324","0.196429"
"2166099324","2182858283","1.41234"
"2182858283","2166099324","1.41234"
"2166099324","6736699","0.162338"
"6736699","2166099324","0.162338"
"2171110938","2182858283","0.404762"
"2182858283","2171110938","0.404762"
"2171110938","6736699","1.51587"
"6736699","2171110938","1.51587"
"2171110938","67639576","0.18254"
"67639576","2171110938","0.18254"
"2182858283","6736699","1.16234"
"6736699","2182858283","1.16234"
"6736699","67639576","0.273449"
"67639576","6736699","0.273449"
"1552595334","180420618","0.111111"
"180420618","1552595334","0.111111"
"180420618","202601836","0.111111"
"202601836","180420618","0.111111"
"180420618","2118084379","0.111111"
"2118084379","180420618","0.111111"
"180420618","2171110938","0.111111"
"2171110938","180420618","0.111111"
"180420618","6736699","0.111111"
"6736699","180420618","0.111111"
"2118084379","2171110938","0.361111"
"2171110938","2118084379","0.361111"
"2118084379","6736699","0.20202"
"6736699","2118084379","0.20202"
"1535458435","2166994924","0.166667"
"2166994924","1535458435","0.166667"
"1641220309","2166994924","0.666667"
"2166994924","1641220309","0.666667"
"202601836","2166994924","0.166667"
"2166994924","202601836","0.166667"
"202601836","2999795274","0.166667"
"2999795274","202601836","0.166667"
"2166994924","2182858283","1.53333"
"2182858283","2166994924","1.53333"
"2166994924","2999795274","0.166667"
"2999795274","2166994924","0.166667"
"2166994924","67639576","0.166667"
"67639576","2166994924","0.166667"
"2182858283","2999795274","0.457576"
"2999795274","2182858283","0.457576"
"1535458435","2008181255","1"
"2008181255","1535458435","1"
"1535458435","2134315588","0.25"
"2134315588","1535458435","0.25"
"2118084379","2134315588","0.25"
"2134315588","2118084379","0.25"
"2134315588","2182858283","3.54091"
"2182858283","2134315588","3.54091"
"2118084379","2166099324","0.257576"
"2166099324","2118084379","0.257576"
"1535458435","1598251436","0.625"
"1598251436","1535458435","0.625"
"1598251436","1775494436","0.625"
"1775494436","1598251436","0.625"
"1535458435","2790436343","1"
"2790436343","1535458435","1"
"1535458435","2085987080","0.125"
"2085987080","1535458435","0.125"
"1598251436","1641220309","0.125"
"1641220309","1598251436","0.125"
"1598251436","2085987080","0.382576"
"2085987080","1598251436","0.382576"
"1598251436","2131077449","1.125"
"2131077449","1598251436","1.125"
"1598251436","2135077872","0.125"
"2135077872","1598251436","0.125"
"1598251436","2166099324","0.125"
"2166099324","1598251436","0.125"
"1598251436","2171110938","0.125"
"2171110938","1598251436","0.125"
"1641220309","2085987080","0.325"
"2085987080","1641220309","0.325"
"2085987080","2131077449","0.125"
"2131077449","2085987080","0.125"
"2085987080","2135077872","0.125"
"2135077872","2085987080","0.125"
"2085987080","2166099324","0.125"
"2166099324","2085987080","0.125"
"2085987080","2171110938","0.375"
"2171110938","2085987080","0.375"
"2135077872","2166099324","0.125"
"2166099324","2135077872","0.125"
"2135077872","2171110938","0.125"
"2171110938","2135077872","0.125"
"1552595334","2159067573","0.290909"
"2159067573","1552595334","0.290909"
"2159067573","2166099324","0.0909091"
"2166099324","2159067573","0.0909091"
"2159067573","6736699","0.0909091"
"6736699","2159067573","0.0909091"
"1552595334","2790436343","0.333333"
"2790436343","1552595334","0.333333"
"2171110938","2790436343","0.333333"
"2790436343","2171110938","0.333333"
"2182858283","2790436343","2"
"2790436343","2182858283","2"
"1552595334","2135077872","1"
"2135077872","1552595334","1"
"1552595334","2134315588","0.2"
"2134315588","1552595334","0.2"
"1641220309","2134315588","0.2"
"2134315588","1641220309","0.2"
"1775494436","2134315588","0.2"
"2134315588","1775494436","0.2"
"2134315588","2159067573","0.290909"
"2159067573","2134315588","0.290909"
"1598251436","1763131060","0.0909091"
"1763131060","1598251436","0.0909091"
"1598251436","180420618","0.0909091"
"180420618","1598251436","0.0909091"
"1598251436","1915345137","0.0909091"
"1915345137","1598251436","0.0909091"
"1598251436","2119275152","0.0909091"
"2119275152","1598251436","0.0909091"
"1598251436","2128362967","0.257576"
"2128362967","1598251436","0.257576"
"1598251436","2130080305","0.257576"
"2130080305","1598251436","0.257576"
"1598251436","2134315588","0.0909091"
"2134315588","1598251436","0.0909091"
"1598251436","2159067573","0.0909091"
"2159067573","1598251436","0.0909091"
"1598251436","2182858283","0.257576"
"2182858283","1598251436","0.257576"
"1598251436","2999795274","0.0909091"
"2999795274","1598251436","0.0909091"
"1763131060","180420618","0.590909"
"180420618","1763131060","0.590909"
"1763131060","1915345137","0.424242"
"1915345137","1763131060","0.424242"
"1763131060","2085987080","0.0909091"
"2085987080","1763131060","0.0909091"
"1763131060","2119275152","0.0909091"
"2119275152","1763131060","0.0909091"
"1763131060","2128362967","0.924242"
"2128362967","1763131060","0.924242"
"1763131060","2130080305","0.0909091"
"2130080305","1763131060","0.0909091"
"1763131060","2134315588","2.42424"
"2134315588","1763131060","2.42424"
"1763131060","2159067573","0.0909091"
"2159067573","1763131060","0.0909091"
"1763131060","2182858283","2.09091"
"2182858283","1763131060","2.09091"
"1763131060","2999795274","0.0909091"
"2999795274","1763131060","0.0909091"
"180420618","1915345137","0.0909091"
"1915345137","180420618","0.0909091"
"180420618","2085987080","0.0909091"
"2085987080","180420618","0.0909091"
"180420618","2119275152","0.0909091"
"2119275152","180420618","0.0909091"
"180420618","2128362967","0.0909091"
"2128362967","180420618","0.0909091"
"180420618","2130080305","1.59091"
"2130080305","180420618","1.59091"
"180420618","2134315588","0.590909"
"2134315588","180420618","0.590909"
"180420618","2159067573","0.0909091"
"2159067573","180420618","0.0909091"
"180420618","2182858283","0.590909"
"2182858283","180420618","0.590909"
"1915345137","2085987080","2.29091"
"2085987080","1915345137","2.29091"
"1915345137","2119275152","0.0909091"
"2119275152","1915345137","0.0909091"
"1915345137","2128362967","0.757576"
"2128362967","1915345137","0.757576"
"1915345137","2130080305","0.0909091"
"2130080305","1915345137","0.0909091"
"1915345137","2134315588","0.757576"
"2134315588","1915345137","0.757576"
"1915345137","2159067573","1.09091"
"2159067573","1915345137","1.09091"
"1915345137","2182858283","0.290909"
"2182858283","1915345137","0.290909"
"1915345137","2999795274","0.790909"
"2999795274","1915345137","0.790909"
"2085987080","2119275152","0.0909091"
"2119275152","2085987080","0.0909091"
"2085987080","2128362967","0.257576"
"2128362967","2085987080","0.257576"
"2085987080","2130080305","0.257576"
"2130080305","2085987080","0.257576"
"2085987080","2134315588","0.0909091"
"2134315588","2085987080","0.0909091"
"2085987080","2159067573","0.0909091"
"2159067573","2085987080","0.0909091"
"2085987080","2182858283","0.457576"
"2182858283","2085987080","0.457576"
"2085987080","2999795274","0.290909"
"2999795274","2085987080","0.290909"
"2119275152","2128362967","0.0909091"
"2128362967","2119275152","0.0909091"
"2119275152","2130080305","0.424242"
"2130080305","2119275152","0.424242"
"2119275152","2134315588","0.0909091"
"2134315588","2119275152","0.0909091"
"2119275152","2159067573","0.424242"
"2159067573","2119275152","0.424242"
"2119275152","2182858283","0.424242"
"2182858283","2119275152","0.424242"
"2119275152","2999795274","0.0909091"
"2999795274","2119275152","0.0909091"
"2128362967","2130080305","1.25758"
"2130080305","2128362967","1.25758"
"2128362967","2134315588","5.25758"
"2134315588","2128362967","5.25758"
"2128362967","2159067573","1.09091"
"2159067573","2128362967","1.09091"
"2128362967","2999795274","0.0909091"
"2999795274","2128362967","0.0909091"
"2130080305","2134315588","0.0909091"
"2134315588","2130080305","0.0909091"
"2130080305","2159067573","0.424242"
"2159067573","2130080305","0.424242"
"2130080305","2182858283","2.29091"
"2182858283","2130080305","2.29091"
"2130080305","2999795274","0.0909091"
"2999795274","2130080305","0.0909091"
"2134315588","2999795274","1.09091"
"2999795274","2134315588","1.09091"
"2159067573","2999795274","0.0909091"
"2999795274","2159067573","0.0909091"
"1598251436","2164900099","0.166667"
"2164900099","1598251436","0.166667"
"1598251436","2790436343","0.166667"
"2790436343","1598251436","0.166667"
"2085987080","2164900099","0.166667"
"2164900099","2085987080","0.166667"
"2085987080","2790436343","0.166667"
"2790436343","2085987080","0.166667"
"2128362967","2164900099","0.166667"
"2164900099","2128362967","0.166667"
"2128362967","2790436343","0.666667"
"2790436343","2128362967","0.666667"
"2130080305","2164900099","0.166667"
"2164900099","2130080305","0.166667"
"2130080305","2790436343","2.16667"
"2790436343","2130080305","2.16667"
"2164900099","2182858283","0.166667"
"2182858283","2164900099","0.166667"
"2164900099","2790436343","0.166667"
"2790436343","2164900099","0.166667"
"1641220309","2008181255","2.2"
"2008181255","1641220309","2.2"
"1775494436","2008181255","1.2"
"2008181255","1775494436","1.2"
"2008181255","2135077872","1.2"
"2135077872","2008181255","1.2"
"1641220309","1915345137","0.4"
"1915345137","1641220309","0.4"
"1641220309","2010059328","0.2"
"2010059328","1641220309","0.2"
"1775494436","1915345137","0.2"
"1915345137","1775494436","0.2"
"1775494436","2010059328","0.2"
"2010059328","1775494436","0.2"
"1915345137","2008181255","0.7"
"2008181255","1915345137","0.7"
"1915345137","2010059328","1.78333"
"2010059328","1915345137","1.78333"
"1915345137","2135077872","0.2"
"2135077872","1915345137","0.2"
"2008181255","2010059328","0.2"
"2010059328","2008181255","0.2"
"2010059328","2135077872","0.2"
"2135077872","2010059328","0.2"
"1775494436","2166994924","0.5"
"2166994924","1775494436","0.5"
"1915345137","2118352281","2.7"
"2118352281","1915345137","2.7"
"2085987080","2118352281","0.2"
"2118352281","2085987080","0.2"
"2118352281","2999795274","1.7"
"2999795274","2118352281","1.7"
"1685332795","2010059328","2.58333"
"2010059328","1685332795","2.58333"
"1685332795","2335946015","2.58333"
"2335946015","1685332795","2.58333"
"2010059328","2335946015","11.3333"
"2335946015","2010059328","11.3333"
"1685332795","2077334468","0.75"
"2077334468","1685332795","0.75"
"1685332795","2121283433","1.58333"
"2121283433","1685332795","1.58333"
"2010059328","2077334468","2.5"
"2077334468","2010059328","2.5"
"2010059328","2121283433","5.5"
"2121283433","2010059328","5.5"
"2077334468","2121283433","3.16667"
"2121283433","2077334468","3.16667"
"2077334468","2335946015","14"
"2335946015","2077334468","14"
"2121283433","2335946015","10"
"2335946015","2121283433","10"
"1685332795","2166099324","0.25"
"2166099324","1685332795","0.25"
"2010059328","2166099324","0.25"
"2166099324","2010059328","0.25"
"2121283433","2166099324","0.25"
"2166099324","2121283433","0.25"
"2166099324","2335946015","0.25"
"2335946015","2166099324","0.25"
"1685332795","2790436343","0.25"
"2790436343","1685332795","0.25"
"2010059328","2790436343","0.25"
"2790436343","2010059328","0.25"
"2121283433","2790436343","0.25"
"2790436343","2121283433","0.25"
"2335946015","2790436343","0.25"
"2790436343","2335946015","0.25"
"1700981332","2085987080","1"
"2085987080","1700981332","1"
"1700981332","1915345137","0.333333"
"1915345137","1700981332","0.333333"
"1700981332","2128362967","0.333333"
"2128362967","1700981332","0.333333"
"1700981332","2134315588","0.333333"
"2134315588","1700981332","0.333333"
"1885148506","2134608453","1.53333"
"2134608453","1885148506","1.53333"
"1885148506","2166994924","1.45"
"2166994924","1885148506","1.45"
"2134608453","2166994924","3.36667"
"2166994924","2134608453","3.36667"
"1885148506","1987789050","1.03333"
"1987789050","1885148506","1.03333"
"1987789050","2166994924","1.03333"
"2166994924","1987789050","1.03333"
"1885148506","2130080305","0.2"
"2130080305","1885148506","0.2"
"1885148506","2182858283","1.03333"
"2182858283","1885148506","1.03333"
"1987789050","2130080305","0.2"
"2130080305","1987789050","0.2"
"1987789050","2134608453","0.866667"
"2134608453","1987789050","0.866667"
"1987789050","2182858283","0.866667"
"2182858283","1987789050","0.866667"
"2130080305","2134608453","0.2"
"2134608453","2130080305","0.2"
"2130080305","2166994924","0.2"
"2166994924","2130080305","0.2"
"2134608453","2182858283","1.7"
"2182858283","2134608453","1.7"
"1885148506","2085987080","0.25"
"2085987080","1885148506","0.25"
"1885148506","2118084379","0.25"
"2118084379","1885148506","0.25"
"1885148506","2171110938","0.25"
"2171110938","1885148506","0.25"
"2085987080","2118084379","0.25"
"2118084379","2085987080","0.25"
"2085987080","2166994924","0.45"
"2166994924","2085987080","0.45"
"2118084379","2166994924","0.25"
"2166994924","2118084379","0.25"
"2166994924","2171110938","0.583333"
"2171110938","2166994924","0.583333"
"1915345137","2131077449","1"
"2131077449","1915345137","1"
"1915345137","2077334468","0.583333"
"2077334468","1915345137","0.583333"
"1915345137","2121283433","0.25"
"2121283433","1915345137","0.25"
"1915345137","2335946015","0.583333"
"2335946015","1915345137","0.583333"
"1915345137","2134608453","0.5"
"2134608453","1915345137","0.5"
"2008181255","2134608453","0.833333"
"2134608453","2008181255","0.833333"
"1969400696","2106039493","11.7"
"2106039493","1969400696","11.7"
"1969400696","2119275152","2"
"2119275152","1969400696","2"
"1969400696","2133250276","1.2"
"2133250276","1969400696","1.2"
"1969400696","2999795274","0.5"
"2999795274","1969400696","0.5"
"2106039493","2999795274","0.5"
"2999795274","2106039493","0.5"
"1969400696","2166994924","0.533333"
"2166994924","1969400696","0.533333"
"1969400696","2171110938","0.333333"
"2171110938","1969400696","0.333333"
"1969400696","6736699","0.333333"
"6736699","1969400696","0.333333"
"2166994924","6736699","0.333333"
"6736699","2166994924","0.333333"
"1969400696","2139329762","0.2"
"2139329762","1969400696","0.2"
"2085987080","2106039493","0.2"
"2106039493","2085987080","0.2"
"2085987080","2133250276","0.2"
"2133250276","2085987080","0.2"
"2085987080","2139329762","0.2"
"2139329762","2085987080","0.2"
"2106039493","2133250276","0.2"
"2133250276","2106039493","0.2"
"2106039493","2139329762","0.2"
"2139329762","2106039493","0.2"
"2106039493","2166994924","0.2"
"2166994924","2106039493","0.2"
"2133250276","2139329762","0.2"
"2139329762","2133250276","0.2"
"2133250276","2166994924","0.2"
"2166994924","2133250276","0.2"
"2139329762","2166994924","0.2"
"2166994924","2139329762","0.2"
"2008181255","2166994924","2.83333"
"2166994924","2008181255","2.83333"
"2008181255","2182858283","2.33333"
"2182858283","2008181255","2.33333"
"2008181255","2118084379","1"
"2118084379","2008181255","1"
"2008181255","2159067573","0.5"
"2159067573","2008181255","0.5"
"2119275152","2166994924","1"
"2166994924","2119275152","1"
"2128362967","2335946015","0.5"
"2335946015","2128362967","0.5"
"2182858283","2335946015","0.5"
"2335946015","2182858283","0.5"
