"1208749","1530262066","0.142157"
"1530262066","1208749","0.142157"
"1208749","1541252023","0.142157"
"1541252023","1208749","0.142157"
"1208749","1573302638","0.0833333"
"1573302638","1208749","0.0833333"
"1208749","2033018395","0.0833333"
"2033018395","1208749","0.0833333"
"1208749","2059973553","0.125"
"2059973553","1208749","0.125"
"1208749","2082452829","0.0833333"
"2082452829","1208749","0.0833333"
"1208749","2111489854","0.125"
"2111489854","1208749","0.125"
"1208749","2127458318","0.767157"
"2127458318","1208749","0.767157"
"1208749","2130222136","0.0833333"
"2130222136","1208749","0.0833333"
"1208749","2470719833","0.183824"
"2470719833","1208749","0.183824"
"1208749","2883798117","0.0833333"
"2883798117","1208749","0.0833333"
"1208749","64495454","0.267157"
"64495454","1208749","0.267157"
"1530262066","1541252023","0.142157"
"1541252023","1530262066","0.142157"
"1530262066","1573302638","0.0833333"
"1573302638","1530262066","0.0833333"
"1530262066","2033018395","4.03333"
"2033018395","1530262066","4.03333"
"1530262066","2059973553","0.0833333"
"2059973553","1530262066","0.0833333"
"1530262066","2082452829","0.0833333"
"2082452829","1530262066","0.0833333"
"1530262066","2111489854","0.0833333"
"2111489854","1530262066","0.0833333"
"1530262066","2127458318","0.142157"
"2127458318","1530262066","0.142157"
"1530262066","2130222136","0.833333"
"2130222136","1530262066","0.833333"
"1530262066","2470719833","0.342157"
"2470719833","1530262066","0.342157"
"1530262066","2883798117","0.0833333"
"2883798117","1530262066","0.0833333"
"1530262066","64495454","0.142157"
"64495454","1530262066","0.142157"
"1541252023","1573302638","0.0833333"
"1573302638","1541252023","0.0833333"
"1541252023","2033018395","0.25"
"2033018395","1541252023","0.25"
"1541252023","2059973553","0.0833333"
"2059973553","1541252023","0.0833333"
"1541252023","2082452829","0.0833333"
"2082452829","1541252023","0.0833333"
"1541252023","2111489854","0.0833333"
"2111489854","1541252023","0.0833333"
"1541252023","2127458318","1.14216"
"2127458318","1541252023","1.14216"
"1541252023","2130222136","0.0833333"
"2130222136","1541252023","0.0833333"
"1541252023","2470719833","0.385747"
"2470719833","1541252023","0.385747"
"1541252023","2883798117","0.0833333"
"2883798117","1541252023","0.0833333"
"1541252023","64495454","0.385747"
"64495454","1541252023","0.385747"
"1573302638","2033018395","0.0833333"
"2033018395","1573302638","0.0833333"
"1573302638","2059973553","0.82076"
"2059973553","1573302638","0.82076"
"1573302638","2082452829","0.0833333"
"2082452829","1573302638","0.0833333"
"1573302638","2111489854","0.109649"
"2111489854","1573302638","0.109649"
"1573302638","2127458318","0.0833333"
"2127458318","1573302638","0.0833333"
"1573302638","2130222136","0.0833333"
"2130222136","1573302638","0.0833333"
"1573302638","2470719833","0.911669"
"2470719833","1573302638","0.911669"
"1573302638","2883798117","0.109649"
"2883798117","1573302638","0.109649"
"1573302638","64495454","0.859649"
"64495454","1573302638","0.859649"
"2033018395","2059973553","0.0833333"
"2059973553","2033018395","0.0833333"
"2033018395","2082452829","0.0833333"
"2082452829","2033018395","0.0833333"
"2033018395","2111489854","0.0833333"
"2111489854","2033018395","0.0833333"
"2033018395","2127458318","0.333333"
"2127458318","2033018395","0.333333"
"2033018395","2130222136","0.833333"
"2130222136","2033018395","0.833333"
"2033018395","2470719833","0.45"
"2470719833","2033018395","0.45"
"2033018395","2883798117","0.0833333"
"2883798117","2033018395","0.0833333"
"2033018395","64495454","0.25"
"64495454","2033018395","0.25"
"2059973553","2082452829","0.257576"
"2082452829","2059973553","0.257576"
"2059973553","2111489854","0.642658"
"2111489854","2059973553","0.642658"
"2059973553","2127458318","0.375"
"2127458318","2059973553","0.375"
"2059973553","2130222136","0.333333"
"2130222136","2059973553","0.333333"
"2059973553","2470719833","3.79022"
"2470719833","2059973553","3.79022"
"2059973553","2883798117","0.526316"
"2883798117","2059973553","0.526316"
"2059973553","64495454","0.809324"
"64495454","2059973553","0.809324"
"2082452829","2111489854","0.5171"
"2111489854","2082452829","0.5171"
"2082452829","2127458318","0.0833333"
"2127458318","2082452829","0.0833333"
"2082452829","2130222136","1.08333"
"2130222136","2082452829","1.08333"
"2082452829","2470719833","0.840909"
"2470719833","2082452829","0.840909"
"2082452829","2883798117","1.43611"
"2883798117","2082452829","1.43611"
"2082452829","64495454","0.549242"
"64495454","2082452829","0.549242"
"2111489854","2127458318","0.177632"
"2127458318","2111489854","0.177632"
"2111489854","2130222136","0.0833333"
"2130222136","2111489854","0.0833333"
"2111489854","2470719833","0.767658"
"2470719833","2111489854","0.767658"
"2111489854","2883798117","0.109649"
"2883798117","2111489854","0.109649"
"2111489854","64495454","2.15362"
"64495454","2111489854","2.15362"
"2127458318","2130222136","0.333333"
"2130222136","2127458318","0.333333"
"2127458318","2470719833","0.55049"
"2470719833","2127458318","0.55049"
"2127458318","2883798117","0.0833333"
"2883798117","2127458318","0.0833333"
"2127458318","64495454","0.686455"
"64495454","2127458318","0.686455"
"2130222136","2470719833","0.0833333"
"2470719833","2130222136","0.0833333"
"2130222136","2883798117","0.0833333"
"2883798117","2130222136","0.0833333"
"2130222136","64495454","0.0833333"
"64495454","2130222136","0.0833333"
"2470719833","2883798117","0.776316"
"2883798117","2470719833","0.776316"
"2470719833","64495454","4.23674"
"64495454","2470719833","4.23674"
"2883798117","64495454","0.658892"
"64495454","2883798117","0.658892"
"1208749","2138809437","0.5"
"2138809437","1208749","0.5"
"2127458318","2138809437","0.5"
"2138809437","2127458318","0.5"
"1208749","1569579226","0.0416667"
"1569579226","1208749","0.0416667"
"1208749","1835134252","0.0416667"
"1835134252","1208749","0.0416667"
"1208749","2026652746","0.0416667"
"2026652746","1208749","0.0416667"
"1208749","2045250915","0.125"
"2045250915","1208749","0.125"
"1208749","2063102387","0.0416667"
"2063102387","1208749","0.0416667"
"1208749","2099186112","0.125"
"2099186112","1208749","0.125"
"1208749","2106112636","0.0416667"
"2106112636","1208749","0.0416667"
"1208749","2133385231","0.125"
"2133385231","1208749","0.125"
"1208749","2154276565","0.125"
"2154276565","1208749","0.125"
"1208749","2162541975","0.125"
"2162541975","1208749","0.125"
"1208749","2165818101","0.0416667"
"2165818101","1208749","0.0416667"
"1208749","2521955291","0.0416667"
"2521955291","1208749","0.0416667"
"1208749","2528336828","0.10049"
"2528336828","1208749","0.10049"
"1208749","2528453367","0.0416667"
"2528453367","1208749","0.0416667"
"1208749","2529802478","0.0416667"
"2529802478","1208749","0.0416667"
"1208749","2577590554","0.183824"
"2577590554","1208749","0.183824"
"1208749","2612267306","0.0416667"
"2612267306","1208749","0.0416667"
"1208749","2616572999","0.0416667"
"2616572999","1208749","0.0416667"
"1208749","2978187656","0.10049"
"2978187656","1208749","0.10049"
"1569579226","1835134252","0.294298"
"1835134252","1569579226","0.294298"
"1569579226","2026652746","0.260965"
"2026652746","1569579226","0.260965"
"1569579226","2045250915","0.385207"
"2045250915","1569579226","0.385207"
"1569579226","2059973553","0.686544"
"2059973553","1569579226","0.686544"
"1569579226","2063102387","0.152778"
"2063102387","1569579226","0.152778"
"1569579226","2099186112","0.205409"
"2099186112","1569579226","0.205409"
"1569579226","2106112636","0.0942982"
"2106112636","1569579226","0.0942982"
"1569579226","2111489854","1.67687"
"2111489854","1569579226","1.67687"
"1569579226","2127458318","0.0942982"
"2127458318","1569579226","0.0942982"
"1569579226","2133385231","1.45541"
"2133385231","1569579226","1.45541"
"1569579226","2154276565","0.580409"
"2154276565","1569579226","0.580409"
"1569579226","2162541975","0.205409"
"2162541975","1569579226","0.205409"
"1569579226","2165818101","0.185207"
"2165818101","1569579226","0.185207"
"1569579226","2470719833","2.26912"
"2470719833","1569579226","2.26912"
"1569579226","2521955291","1.4421"
"2521955291","1569579226","1.4421"
"1569579226","2528336828","1.31786"
"2528336828","1569579226","1.31786"
"1569579226","2528453367","0.499242"
"2528453367","1569579226","0.499242"
"1569579226","2529802478","0.132576"
"2529802478","1569579226","0.132576"
"1569579226","2577590554","0.566667"
"2577590554","1569579226","0.566667"
"1569579226","2612267306","1.81897"
"2612267306","1569579226","1.81897"
"1569579226","2616572999","0.395635"
"2616572999","1569579226","0.395635"
"1569579226","2978187656","0.956818"
"2978187656","1569579226","0.956818"
"1569579226","64495454","1.37687"
"64495454","1569579226","1.37687"
"1835134252","2026652746","0.197537"
"2026652746","1835134252","0.197537"
"1835134252","2045250915","0.531725"
"2045250915","1835134252","0.531725"
"1835134252","2059973553","0.251316"
"2059973553","1835134252","0.251316"
"1835134252","2063102387","0.0679825"
"2063102387","1835134252","0.0679825"
"1835134252","2099186112","0.565058"
"2099186112","1835134252","0.565058"
"1835134252","2106112636","0.231725"
"2106112636","1835134252","0.231725"
"1835134252","2111489854","0.231725"
"2111489854","1835134252","0.231725"
"1835134252","2127458318","0.0942982"
"2127458318","1835134252","0.0942982"
"1835134252","2133385231","0.671221"
"2133385231","1835134252","0.671221"
"1835134252","2154276565","0.422634"
"2154276565","1835134252","0.422634"
"1835134252","2162541975","0.0942982"
"2162541975","1835134252","0.0942982"
"1835134252","2165818101","0.899557"
"2165818101","1835134252","0.899557"
"1835134252","2470719833","0.428239"
"2470719833","1835134252","0.428239"
"1835134252","2521955291","0.167982"
"2521955291","1835134252","0.167982"
"1835134252","2528336828","0.834649"
"2528336828","1835134252","0.834649"
"1835134252","2528453367","0.401316"
"2528453367","1835134252","0.401316"
"1835134252","2529802478","0.151316"
"2529802478","1835134252","0.151316"
"1835134252","2577590554","0.125"
"2577590554","1835134252","0.125"
"1835134252","2612267306","0.703947"
"2612267306","1835134252","0.703947"
"1835134252","2616572999","1.125"
"2616572999","1835134252","1.125"
"1835134252","2978187656","0.251316"
"2978187656","1835134252","0.251316"
"1835134252","64495454","0.388446"
"64495454","1835134252","0.388446"
"2026652746","2045250915","0.120614"
"2045250915","2026652746","0.120614"
"2026652746","2059973553","0.0679825"
"2059973553","2026652746","0.0679825"
"2026652746","2063102387","0.234649"
"2063102387","2026652746","0.234649"
"2026652746","2099186112","0.263471"
"2099186112","2026652746","0.263471"
"2026652746","2106112636","0.120614"
"2106112636","2026652746","0.120614"
"2026652746","2111489854","0.287281"
"2111489854","2026652746","0.287281"
"2026652746","2127458318","0.294298"
"2127458318","2026652746","0.294298"
"2026652746","2133385231","0.371221"
"2133385231","2026652746","0.371221"
"2026652746","2154276565","0.263471"
"2154276565","2026652746","0.263471"
"2026652746","2162541975","0.0942982"
"2162541975","2026652746","0.0942982"
"2026652746","2165818101","0.340394"
"2165818101","2026652746","0.340394"
"2026652746","2470719833","1.48776"
"2470719833","2026652746","1.48776"
"2026652746","2521955291","0.502506"
"2521955291","2026652746","0.502506"
"2026652746","2528336828","0.192982"
"2528336828","2026652746","0.192982"
"2026652746","2528453367","0.502506"
"2528453367","2026652746","0.502506"
"2026652746","2529802478","0.0679825"
"2529802478","2026652746","0.0679825"
"2026652746","2577590554","0.333333"
"2577590554","2026652746","0.333333"
"2026652746","2612267306","0.287281"
"2612267306","2026652746","0.287281"
"2026652746","2616572999","0.0416667"
"2616572999","2026652746","0.0416667"
"2026652746","2978187656","0.33584"
"2978187656","2026652746","0.33584"
"2026652746","64495454","0.397537"
"64495454","2026652746","0.397537"
"2045250915","2059973553","0.249801"
"2059973553","2045250915","0.249801"
"2045250915","2063102387","0.0679825"
"2063102387","2045250915","0.0679825"
"2045250915","2099186112","0.315058"
"2099186112","2045250915","0.315058"
"2045250915","2106112636","0.231725"
"2106112636","2045250915","0.231725"
"2045250915","2111489854","0.413543"
"2111489854","2045250915","0.413543"
"2045250915","2127458318","0.177632"
"2127458318","2045250915","0.177632"
"2045250915","2133385231","0.177632"
"2133385231","2045250915","0.177632"
"2045250915","2154276565","0.581725"
"2154276565","2045250915","0.581725"
"2045250915","2162541975","0.177632"
"2162541975","2045250915","0.177632"
"2045250915","2165818101","0.489301"
"2165818101","2045250915","0.489301"
"2045250915","2470719833","1.51647"
"2470719833","2045250915","1.51647"
"2045250915","2521955291","0.158892"
"2521955291","2045250915","0.158892"
"2045250915","2528336828","0.0679825"
"2528336828","2045250915","0.0679825"
"2045250915","2528453367","0.158892"
"2528453367","2045250915","0.158892"
"2045250915","2529802478","0.158892"
"2529802478","2045250915","0.158892"
"2045250915","2577590554","0.125"
"2577590554","2045250915","0.125"
"2045250915","2612267306","0.211523"
"2612267306","2045250915","0.211523"
"2045250915","2616572999","0.0416667"
"2616572999","2045250915","0.0416667"
"2045250915","2978187656","0.249801"
"2978187656","2045250915","0.249801"
"2045250915","64495454","1.15243"
"64495454","2045250915","1.15243"
"2059973553","2063102387","0.0679825"
"2063102387","2059973553","0.0679825"
"2059973553","2099186112","0.144906"
"2099186112","2059973553","0.144906"
"2059973553","2106112636","0.0679825"
"2106112636","2059973553","0.0679825"
"2059973553","2133385231","0.208333"
"2133385231","2059973553","0.208333"
"2059973553","2154276565","1.42268"
"2154276565","2059973553","1.42268"
"2059973553","2162541975","0.375"
"2162541975","2059973553","0.375"
"2059973553","2165818101","0.301749"
"2165818101","2059973553","0.301749"
"2059973553","2521955291","1.07867"
"2521955291","2059973553","1.07867"
"2059973553","2528336828","2.11084"
"2528336828","2059973553","2.11084"
"2059973553","2528453367","0.158892"
"2528453367","2059973553","0.158892"
"2059973553","2529802478","0.242225"
"2529802478","2059973553","0.242225"
"2059973553","2577590554","0.267857"
"2577590554","2059973553","0.267857"
"2059973553","2612267306","1.10175"
"2612267306","2059973553","1.10175"
"2059973553","2616572999","0.645635"
"2616572999","2059973553","0.645635"
"2059973553","2978187656","1.0498"
"2978187656","2059973553","1.0498"
"2063102387","2099186112","0.479094"
"2099186112","2063102387","0.479094"
"2063102387","2106112636","0.0679825"
"2106112636","2063102387","0.0679825"
"2063102387","2111489854","0.0679825"
"2111489854","2063102387","0.0679825"
"2063102387","2127458318","0.0416667"
"2127458318","2063102387","0.0416667"
"2063102387","2133385231","0.519444"
"2133385231","2063102387","0.519444"
"2063102387","2154276565","0.167982"
"2154276565","2063102387","0.167982"
"2063102387","2162541975","0.352778"
"2162541975","2063102387","0.352778"
"2063102387","2165818101","0.167982"
"2165818101","2063102387","0.167982"
"2063102387","2470719833","0.401316"
"2470719833","2063102387","0.401316"
"2063102387","2521955291","0.0679825"
"2521955291","2063102387","0.0679825"
"2063102387","2528336828","0.0679825"
"2528336828","2063102387","0.0679825"
"2063102387","2528453367","0.0679825"
"2528453367","2063102387","0.0679825"
"2063102387","2529802478","0.0679825"
"2529802478","2063102387","0.0679825"
"2063102387","2577590554","0.208333"
"2577590554","2063102387","0.208333"
"2063102387","2612267306","0.0679825"
"2612267306","2063102387","0.0679825"
"2063102387","2616572999","0.0416667"
"2616572999","2063102387","0.0416667"
"2063102387","2978187656","0.167982"
"2978187656","2063102387","0.167982"
"2063102387","64495454","0.167982"
"64495454","2063102387","0.167982"
"2099186112","2106112636","0.231725"
"2106112636","2099186112","0.231725"
"2099186112","2111489854","0.574582"
"2111489854","2099186112","0.574582"
"2099186112","2127458318","0.344298"
"2127458318","2099186112","0.344298"
"2099186112","2133385231","1.6316"
"2133385231","2099186112","1.6316"
"2099186112","2154276565","1.50151"
"2154276565","2099186112","1.50151"
"2099186112","2162541975","0.738743"
"2162541975","2099186112","0.738743"
"2099186112","2165818101","1.00792"
"2165818101","2099186112","1.00792"
"2099186112","2470719833","0.287763"
"2470719833","2099186112","0.287763"
"2099186112","2521955291","0.144906"
"2521955291","2099186112","0.144906"
"2099186112","2528336828","0.267982"
"2528336828","2099186112","0.267982"
"2099186112","2528453367","0.0679825"
"2528453367","2099186112","0.0679825"
"2099186112","2529802478","0.0679825"
"2529802478","2099186112","0.0679825"
"2099186112","2577590554","0.375"
"2577590554","2099186112","0.375"
"2099186112","2612267306","0.120614"
"2612267306","2099186112","0.120614"
"2099186112","2616572999","0.0416667"
"2616572999","2099186112","0.0416667"
"2099186112","2978187656","0.167982"
"2978187656","2099186112","0.167982"
"2099186112","64495454","0.920614"
"64495454","2099186112","0.920614"
"2106112636","2111489854","0.231725"
"2111489854","2106112636","0.231725"
"2106112636","2127458318","0.0942982"
"2127458318","2106112636","0.0942982"
"2106112636","2133385231","0.0942982"
"2133385231","2106112636","0.0942982"
"2106112636","2154276565","0.231725"
"2154276565","2106112636","0.231725"
"2106112636","2162541975","0.0942982"
"2162541975","2106112636","0.0942982"
"2106112636","2165818101","1.23173"
"2165818101","2106112636","1.23173"
"2106112636","2470719833","0.0679825"
"2470719833","2106112636","0.0679825"
"2106112636","2521955291","0.0679825"
"2521955291","2106112636","0.0679825"
"2106112636","2528336828","0.567982"
"2528336828","2106112636","0.567982"
"2106112636","2528453367","0.0679825"
"2528453367","2106112636","0.0679825"
"2106112636","2529802478","0.0679825"
"2529802478","2106112636","0.0679825"
"2106112636","2577590554","0.0416667"
"2577590554","2106112636","0.0416667"
"2106112636","2612267306","0.120614"
"2612267306","2106112636","0.120614"
"2106112636","2616572999","0.0416667"
"2616572999","2106112636","0.0416667"
"2106112636","2978187656","0.567982"
"2978187656","2106112636","0.567982"
"2106112636","64495454","0.120614"
"64495454","2106112636","0.120614"
"2111489854","2133385231","0.403822"
"2133385231","2111489854","0.403822"
"2111489854","2154276565","0.866249"
"2154276565","2111489854","0.866249"
"2111489854","2162541975","0.0942982"
"2162541975","2111489854","0.0942982"
"2111489854","2165818101","0.465491"
"2165818101","2111489854","0.465491"
"2111489854","2521955291","0.525558"
"2521955291","2111489854","0.525558"
"2111489854","2528336828","0.567982"
"2528336828","2111489854","0.567982"
"2111489854","2528453367","0.525558"
"2528453367","2111489854","0.525558"
"2111489854","2529802478","0.158892"
"2529802478","2111489854","0.158892"
"2111489854","2577590554","0.309524"
"2577590554","2111489854","0.309524"
"2111489854","2612267306","0.57819"
"2612267306","2111489854","0.57819"
"2111489854","2616572999","0.0416667"
"2616572999","2111489854","0.0416667"
"2111489854","2978187656","0.249801"
"2978187656","2111489854","0.249801"
"2127458318","2133385231","1.0443"
"2133385231","2127458318","1.0443"
"2127458318","2154276565","0.677632"
"2154276565","2127458318","0.677632"
"2127458318","2162541975","0.177632"
"2162541975","2127458318","0.177632"
"2127458318","2165818101","0.0942982"
"2165818101","2127458318","0.0942982"
"2127458318","2521955291","0.0416667"
"2521955291","2127458318","0.0416667"
"2127458318","2528336828","0.10049"
"2528336828","2127458318","0.10049"
"2127458318","2528453367","0.291667"
"2528453367","2127458318","0.291667"
"2127458318","2529802478","0.0416667"
"2529802478","2127458318","0.0416667"
"2127458318","2577590554","0.433824"
"2577590554","2127458318","0.433824"
"2127458318","2612267306","0.0942982"
"2612267306","2127458318","0.0942982"
"2127458318","2616572999","0.0416667"
"2616572999","2127458318","0.0416667"
"2127458318","2978187656","0.35049"
"2978187656","2127458318","0.35049"
"2133385231","2154276565","1.98716"
"2154276565","2133385231","1.98716"
"2133385231","2162541975","0.488743"
"2162541975","2133385231","0.488743"
"2133385231","2165818101","0.671221"
"2165818101","2133385231","0.671221"
"2133385231","2470719833","0.651923"
"2470719833","2133385231","0.651923"
"2133385231","2521955291","0.0416667"
"2521955291","2133385231","0.0416667"
"2133385231","2528336828","0.0416667"
"2528336828","2133385231","0.0416667"
"2133385231","2528453367","0.0416667"
"2528453367","2133385231","0.0416667"
"2133385231","2529802478","0.0416667"
"2529802478","2133385231","0.0416667"
"2133385231","2577590554","0.125"
"2577590554","2133385231","0.125"
"2133385231","2612267306","0.344298"
"2612267306","2133385231","0.344298"
"2133385231","2616572999","0.0416667"
"2616572999","2133385231","0.0416667"
"2133385231","2978187656","0.0416667"
"2978187656","2133385231","0.0416667"
"2133385231","64495454","0.621221"
"64495454","2133385231","0.621221"
"2154276565","2162541975","0.177632"
"2162541975","2154276565","0.177632"
"2154276565","2165818101","0.589301"
"2165818101","2154276565","0.589301"
"2154276565","2470719833","0.81435"
"2470719833","2154276565","0.81435"
"2154276565","2521955291","0.287763"
"2521955291","2154276565","0.287763"
"2154276565","2528336828","0.401316"
"2528336828","2154276565","0.401316"
"2154276565","2528453367","0.21084"
"2528453367","2154276565","0.21084"
"2154276565","2529802478","0.0679825"
"2529802478","2154276565","0.0679825"
"2154276565","2577590554","0.25"
"2577590554","2154276565","0.25"
"2154276565","2612267306","0.370614"
"2612267306","2154276565","0.370614"
"2154276565","2616572999","0.152778"
"2616572999","2154276565","0.152778"
"2154276565","2978187656","0.644173"
"2978187656","2154276565","0.644173"
"2154276565","64495454","1.20319"
"64495454","2154276565","1.20319"
"2162541975","2165818101","0.0942982"
"2165818101","2162541975","0.0942982"
"2162541975","2470719833","0.0416667"
"2470719833","2162541975","0.0416667"
"2162541975","2521955291","0.0416667"
"2521955291","2162541975","0.0416667"
"2162541975","2528336828","0.375"
"2528336828","2162541975","0.375"
"2162541975","2528453367","0.0416667"
"2528453367","2162541975","0.0416667"
"2162541975","2529802478","0.0416667"
"2529802478","2162541975","0.0416667"
"2162541975","2577590554","0.375"
"2577590554","2162541975","0.375"
"2162541975","2612267306","0.0942982"
"2612267306","2162541975","0.0942982"
"2162541975","2616572999","0.0416667"
"2616572999","2162541975","0.0416667"
"2162541975","2978187656","0.0416667"
"2978187656","2162541975","0.0416667"
"2162541975","64495454","0.177632"
"64495454","2162541975","0.177632"
"2165818101","2470719833","1.52153"
"2470719833","2165818101","1.52153"
"2165818101","2521955291","0.0679825"
"2521955291","2165818101","0.0679825"
"2165818101","2528336828","0.267982"
"2528336828","2165818101","0.267982"
"2165818101","2528453367","0.158892"
"2528453367","2165818101","0.158892"
"2165818101","2529802478","0.0679825"
"2529802478","2165818101","0.0679825"
"2165818101","2577590554","0.184524"
"2577590554","2165818101","0.184524"
"2165818101","2612267306","0.211523"
"2612267306","2165818101","0.211523"
"2165818101","2616572999","0.0416667"
"2616572999","2165818101","0.0416667"
"2165818101","2978187656","0.258892"
"2978187656","2165818101","0.258892"
"2165818101","64495454","1.82221"
"64495454","2165818101","1.82221"
"2470719833","2521955291","1.38549"
"2521955291","2470719833","1.38549"
"2470719833","2528336828","2.75224"
"2528336828","2470719833","2.75224"
"2470719833","2528453367","1.5748"
"2528453367","2470719833","1.5748"
"2470719833","2529802478","0.999043"
"2529802478","2470719833","0.999043"
"2470719833","2577590554","1.15168"
"2577590554","2470719833","1.15168"
"2470719833","2612267306","2.91766"
"2612267306","2470719833","2.91766"
"2470719833","2616572999","0.986544"
"2616572999","2470719833","0.986544"
"2470719833","2978187656","2.53211"
"2978187656","2470719833","2.53211"
"2521955291","2528336828","0.951749"
"2528336828","2521955291","0.951749"
"2521955291","2528453367","1.08508"
"2528453367","2521955291","1.08508"
"2521955291","2529802478","0.91571"
"2529802478","2521955291","0.91571"
"2521955291","2577590554","0.5"
"2577590554","2521955291","0.5"
"2521955291","2612267306","4.16008"
"2612267306","2521955291","4.16008"
"2521955291","2616572999","0.625433"
"2616572999","2521955291","0.625433"
"2521955291","2978187656","6.93357"
"2978187656","2521955291","6.93357"
"2521955291","64495454","0.158892"
"64495454","2521955291","0.158892"
"2528336828","2528453367","2.64222"
"2528453367","2528336828","2.64222"
"2528336828","2529802478","0.483892"
"2529802478","2528336828","0.483892"
"2528336828","2577590554","1.47549"
"2577590554","2528336828","1.47549"
"2528336828","2612267306","3.23584"
"2612267306","2528336828","3.23584"
"2528336828","2616572999","0.575433"
"2616572999","2528336828","0.575433"
"2528336828","2978187656","4.08438"
"2978187656","2528336828","4.08438"
"2528336828","64495454","0.576806"
"64495454","2528336828","0.576806"
"2528453367","2529802478","1.98389"
"2529802478","2528453367","1.98389"
"2528453367","2577590554","0.416667"
"2577590554","2528453367","0.416667"
"2528453367","2612267306","5.58389"
"2612267306","2528453367","5.58389"
"2528453367","2616572999","0.532576"
"2616572999","2528453367","0.532576"
"2528453367","2978187656","5.20932"
"2978187656","2528453367","5.20932"
"2528453367","64495454","0.158892"
"64495454","2528453367","0.158892"
"2529802478","2577590554","0.125"
"2577590554","2529802478","0.125"
"2529802478","2612267306","1.18389"
"2612267306","2529802478","1.18389"
"2529802478","2616572999","0.215909"
"2616572999","2529802478","0.215909"
"2529802478","2978187656","0.749043"
"2978187656","2529802478","0.749043"
"2529802478","64495454","0.158892"
"64495454","2529802478","0.158892"
"2577590554","2612267306","1.49167"
"2612267306","2577590554","1.49167"
"2577590554","2616572999","0.625"
"2616572999","2577590554","0.625"
"2577590554","2978187656","0.47549"
"2978187656","2577590554","0.47549"
"2577590554","64495454","1.01835"
"64495454","2577590554","1.01835"
"2612267306","2616572999","0.85119"
"2616572999","2612267306","0.85119"
"2612267306","2978187656","7.94147"
"2978187656","2612267306","7.94147"
"2612267306","64495454","0.411523"
"64495454","2612267306","0.411523"
"2616572999","2978187656","0.782576"
"2978187656","2616572999","0.782576"
"2616572999","64495454","0.0416667"
"64495454","2616572999","0.0416667"
"2978187656","64495454","0.825291"
"64495454","2978187656","0.825291"
"1208749","1542720467","0.0588235"
"1542720467","1208749","0.0588235"
"1208749","1670203616","0.0588235"
"1670203616","1208749","0.0588235"
"1208749","1764236772","0.0588235"
"1764236772","1208749","0.0588235"
"1208749","1989740268","0.0588235"
"1989740268","1208749","0.0588235"
"1208749","2100638355","0.142157"
"2100638355","1208749","0.142157"
"1208749","2104093259","0.142157"
"2104093259","1208749","0.142157"
"1208749","2109223287","0.0588235"
"2109223287","1208749","0.0588235"
"1208749","2138282870","0.142157"
"2138282870","1208749","0.142157"
"1208749","2978897778","0.0588235"
"2978897778","1208749","0.0588235"
"1530262066","1542720467","0.258824"
"1542720467","1530262066","0.258824"
"1530262066","1670203616","0.0588235"
"1670203616","1530262066","0.0588235"
"1530262066","1764236772","0.0588235"
"1764236772","1530262066","0.0588235"
"1530262066","1989740268","0.0588235"
"1989740268","1530262066","0.0588235"
"1530262066","2100638355","0.0588235"
"2100638355","1530262066","0.0588235"
"1530262066","2104093259","0.0588235"
"2104093259","1530262066","0.0588235"
"1530262066","2109223287","0.0588235"
"2109223287","1530262066","0.0588235"
"1530262066","2138282870","0.308824"
"2138282870","1530262066","0.308824"
"1530262066","2528336828","0.392157"
"2528336828","1530262066","0.392157"
"1530262066","2577590554","0.0588235"
"2577590554","1530262066","0.0588235"
"1530262066","2978187656","0.258824"
"2978187656","1530262066","0.258824"
"1530262066","2978897778","0.0588235"
"2978897778","1530262066","0.0588235"
"1541252023","1542720467","0.0588235"
"1542720467","1541252023","0.0588235"
"1541252023","1670203616","0.135747"
"1670203616","1541252023","0.135747"
"1541252023","1764236772","0.135747"
"1764236772","1541252023","0.135747"
"1541252023","1989740268","0.135747"
"1989740268","1541252023","0.135747"
"1541252023","2100638355","0.0588235"
"2100638355","1541252023","0.0588235"
"1541252023","2104093259","0.0588235"
"2104093259","1541252023","0.0588235"
"1541252023","2109223287","0.0588235"
"2109223287","1541252023","0.0588235"
"1541252023","2138282870","0.0588235"
"2138282870","1541252023","0.0588235"
"1541252023","2528336828","0.0588235"
"2528336828","1541252023","0.0588235"
"1541252023","2577590554","0.0588235"
"2577590554","1541252023","0.0588235"
"1541252023","2978187656","0.0588235"
"2978187656","1541252023","0.0588235"
"1541252023","2978897778","0.0588235"
"2978897778","1541252023","0.0588235"
"1542720467","1670203616","0.0588235"
"1670203616","1542720467","0.0588235"
"1542720467","1764236772","0.392157"
"1764236772","1542720467","0.392157"
"1542720467","1989740268","0.0588235"
"1989740268","1542720467","0.0588235"
"1542720467","2100638355","0.0588235"
"2100638355","1542720467","0.0588235"
"1542720467","2104093259","0.392157"
"2104093259","1542720467","0.392157"
"1542720467","2109223287","0.0588235"
"2109223287","1542720467","0.0588235"
"1542720467","2127458318","0.0588235"
"2127458318","1542720467","0.0588235"
"1542720467","2138282870","0.0588235"
"2138282870","1542720467","0.0588235"
"1542720467","2470719833","0.258824"
"2470719833","1542720467","0.258824"
"1542720467","2528336828","0.0588235"
"2528336828","1542720467","0.0588235"
"1542720467","2577590554","0.0588235"
"2577590554","1542720467","0.0588235"
"1542720467","2978187656","0.258824"
"2978187656","1542720467","0.258824"
"1542720467","2978897778","0.0588235"
"2978897778","1542720467","0.0588235"
"1542720467","64495454","0.0588235"
"64495454","1542720467","0.0588235"
"1670203616","1764236772","0.46908"
"1764236772","1670203616","0.46908"
"1670203616","1989740268","0.214694"
"1989740268","1670203616","0.214694"
"1670203616","2100638355","0.210139"
"2100638355","1670203616","0.210139"
"1670203616","2104093259","0.0851393"
"2104093259","1670203616","0.0851393"
"1670203616","2109223287","0.0588235"
"2109223287","1670203616","0.0588235"
"1670203616","2127458318","0.311455"
"2127458318","1670203616","0.311455"
"1670203616","2138282870","0.0588235"
"2138282870","1670203616","0.0588235"
"1670203616","2470719833","1.61206"
"2470719833","1670203616","1.61206"
"1670203616","2528336828","0.285139"
"2528336828","1670203616","0.285139"
"1670203616","2577590554","0.0588235"
"2577590554","1670203616","0.0588235"
"1670203616","2978187656","0.185139"
"2978187656","1670203616","0.185139"
"1670203616","2978897778","0.0588235"
"2978897778","1670203616","0.0588235"
"1670203616","64495454","7.67303"
"64495454","1670203616","7.67303"
"1764236772","1989740268","0.135747"
"1989740268","1764236772","0.135747"
"1764236772","2100638355","0.0588235"
"2100638355","1764236772","0.0588235"
"1764236772","2104093259","0.392157"
"2104093259","1764236772","0.392157"
"1764236772","2109223287","0.0588235"
"2109223287","1764236772","0.0588235"
"1764236772","2127458318","0.0588235"
"2127458318","1764236772","0.0588235"
"1764236772","2138282870","0.0588235"
"2138282870","1764236772","0.0588235"
"1764236772","2470719833","0.135747"
"2470719833","1764236772","0.135747"
"1764236772","2528336828","0.0588235"
"2528336828","1764236772","0.0588235"
"1764236772","2577590554","0.558824"
"2577590554","1764236772","0.558824"
"1764236772","2978187656","0.0588235"
"2978187656","1764236772","0.0588235"
"1764236772","2978897778","0.0588235"
"2978897778","1764236772","0.0588235"
"1764236772","64495454","0.135747"
"64495454","1764236772","0.135747"
"1989740268","2100638355","0.162062"
"2100638355","1989740268","0.162062"
"1989740268","2104093259","0.0851393"
"2104093259","1989740268","0.0851393"
"1989740268","2109223287","0.0588235"
"2109223287","1989740268","0.0588235"
"1989740268","2127458318","0.111455"
"2127458318","1989740268","0.111455"
"1989740268","2138282870","0.0588235"
"2138282870","1989740268","0.0588235"
"1989740268","2470719833","1.24137"
"2470719833","1989740268","1.24137"
"1989740268","2528336828","1.96966"
"2528336828","1989740268","1.96966"
"1989740268","2577590554","0.467157"
"2577590554","1989740268","0.467157"
"1989740268","2978187656","1.28633"
"2978187656","1989740268","1.28633"
"1989740268","2978897778","0.183824"
"2978897778","1989740268","0.183824"
"1989740268","64495454","0.855603"
"64495454","1989740268","0.855603"
"2100638355","2104093259","0.835139"
"2104093259","2100638355","0.835139"
"2100638355","2109223287","0.0588235"
"2109223287","2100638355","0.0588235"
"2100638355","2127458318","1.64216"
"2127458318","2100638355","1.64216"
"2100638355","2138282870","0.142157"
"2138282870","2100638355","0.142157"
"2100638355","2470719833","0.995396"
"2470719833","2100638355","0.995396"
"2100638355","2528336828","0.0851393"
"2528336828","2100638355","0.0851393"
"2100638355","2577590554","1.30882"
"2577590554","2100638355","1.30882"
"2100638355","2978187656","0.251806"
"2978187656","2100638355","0.251806"
"2100638355","2978897778","0.258824"
"2978897778","2100638355","0.258824"
"2100638355","64495454","0.460139"
"64495454","2100638355","0.460139"
"2104093259","2109223287","0.0588235"
"2109223287","2104093259","0.0588235"
"2104093259","2127458318","0.308824"
"2127458318","2104093259","0.308824"
"2104093259","2138282870","0.392157"
"2138282870","2104093259","0.392157"
"2104093259","2470719833","1.41847"
"2470719833","2104093259","1.41847"
"2104093259","2528336828","0.0851393"
"2528336828","2104093259","0.0851393"
"2104093259","2577590554","1.05882"
"2577590554","2104093259","1.05882"
"2104093259","2978187656","0.251806"
"2978187656","2104093259","0.251806"
"2104093259","2978897778","0.0588235"
"2978897778","2104093259","0.0588235"
"2104093259","64495454","0.335139"
"64495454","2104093259","0.335139"
"2109223287","2127458318","0.308824"
"2127458318","2109223287","0.308824"
"2109223287","2138282870","0.0588235"
"2138282870","2109223287","0.0588235"
"2109223287","2470719833","0.0588235"
"2470719833","2109223287","0.0588235"
"2109223287","2528336828","0.0588235"
"2528336828","2109223287","0.0588235"
"2109223287","2577590554","0.0588235"
"2577590554","2109223287","0.0588235"
"2109223287","2978187656","0.308824"
"2978187656","2109223287","0.308824"
"2109223287","2978897778","0.0588235"
"2978897778","2109223287","0.0588235"
"2109223287","64495454","0.0588235"
"64495454","2109223287","0.0588235"
"2127458318","2138282870","0.142157"
"2138282870","2127458318","0.142157"
"2127458318","2978897778","0.308824"
"2978897778","2127458318","0.308824"
"2138282870","2470719833","0.0588235"
"2470719833","2138282870","0.0588235"
"2138282870","2528336828","0.0588235"
"2528336828","2138282870","0.0588235"
"2138282870","2577590554","0.392157"
"2577590554","2138282870","0.392157"
"2138282870","2978187656","0.0588235"
"2978187656","2138282870","0.0588235"
"2138282870","2978897778","0.0588235"
"2978897778","2138282870","0.0588235"
"2138282870","64495454","0.142157"
"64495454","2138282870","0.142157"
"2470719833","2978897778","0.149733"
"2978897778","2470719833","0.149733"
"2528336828","2978897778","0.183824"
"2978897778","2528336828","0.183824"
"2577590554","2978897778","0.60049"
"2978897778","2577590554","0.60049"
"2978187656","2978897778","13.6081"
"2978897778","2978187656","13.6081"
"2978897778","64495454","0.0588235"
"64495454","2978897778","0.0588235"
"1208749","2555811577","0.0833333"
"2555811577","1208749","0.0833333"
"2045250915","2100638355","0.109649"
"2100638355","2045250915","0.109649"
"2045250915","2104093259","0.22076"
"2104093259","2045250915","0.22076"
"2045250915","2138282870","0.0833333"
"2138282870","2045250915","0.0833333"
"2045250915","2555811577","0.109649"
"2555811577","2045250915","0.109649"
"2099186112","2100638355","0.186572"
"2100638355","2099186112","0.186572"
"2099186112","2104093259","0.47076"
"2104093259","2099186112","0.47076"
"2099186112","2138282870","0.333333"
"2138282870","2099186112","0.333333"
"2099186112","2555811577","0.186572"
"2555811577","2099186112","0.186572"
"2100638355","2133385231","1.75"
"2133385231","2100638355","1.75"
"2100638355","2154276565","1.85324"
"2154276565","2100638355","1.85324"
"2100638355","2162541975","0.583333"
"2162541975","2100638355","0.583333"
"2100638355","2555811577","0.853239"
"2555811577","2100638355","0.853239"
"2104093259","2133385231","0.25"
"2133385231","2104093259","0.25"
"2104093259","2154276565","0.554094"
"2154276565","2104093259","0.554094"
"2104093259","2162541975","0.333333"
"2162541975","2104093259","0.333333"
"2104093259","2555811577","0.609649"
"2555811577","2104093259","0.609649"
"2127458318","2555811577","0.25"
"2555811577","2127458318","0.25"
"2133385231","2138282870","0.583333"
"2138282870","2133385231","0.583333"
"2133385231","2555811577","0.416667"
"2555811577","2133385231","0.416667"
"2138282870","2154276565","0.0833333"
"2154276565","2138282870","0.0833333"
"2138282870","2162541975","0.333333"
"2162541975","2138282870","0.333333"
"2138282870","2555811577","0.0833333"
"2555811577","2138282870","0.0833333"
"2154276565","2555811577","0.519906"
"2555811577","2154276565","0.519906"
"2162541975","2555811577","0.0833333"
"2555811577","2162541975","0.0833333"
"2555811577","2577590554","0.0833333"
"2577590554","2555811577","0.0833333"
"2555811577","64495454","0.109649"
"64495454","2555811577","0.109649"
"136640012","2082452829","2.2"
"2082452829","136640012","2.2"
"136640012","2883798117","1.53333"
"2883798117","136640012","1.53333"
"136640012","94149199","1.33333"
"94149199","136640012","1.33333"
"2082452829","94149199","0.569444"
"94149199","2082452829","0.569444"
"2883798117","94149199","2.90278"
"94149199","2883798117","2.90278"
"136640012","1493899432","0.5"
"1493899432","136640012","0.5"
"1493899432","94149199","0.611111"
"94149199","1493899432","0.611111"
"136640012","2564757807","3.86667"
"2564757807","136640012","3.86667"
"2082452829","2564757807","4.39369"
"2564757807","2082452829","4.39369"
"136640012","1569579226","1.2"
"1569579226","136640012","1.2"
"136640012","2138809437","0.2"
"2138809437","136640012","0.2"
"1569579226","2082452829","0.311111"
"2082452829","1569579226","0.311111"
"1569579226","2138809437","0.311111"
"2138809437","1569579226","0.311111"
"1569579226","2564757807","0.676874"
"2564757807","1569579226","0.676874"
"1569579226","2883798117","0.2"
"2883798117","1569579226","0.2"
"2082452829","2138809437","2.34841"
"2138809437","2082452829","2.34841"
"2138809437","2564757807","1.39444"
"2564757807","2138809437","1.39444"
"2138809437","2883798117","0.311111"
"2883798117","2138809437","0.311111"
"2564757807","2883798117","2.72"
"2883798117","2564757807","2.72"
"136640012","1670203616","0.5"
"1670203616","136640012","0.5"
"136640012","1764236772","0.166667"
"1764236772","136640012","0.166667"
"136640012","1848718052","1.16667"
"1848718052","136640012","1.16667"
"136640012","2133385231","0.366667"
"2133385231","136640012","0.366667"
"136640012","2759567812","0.166667"
"2759567812","136640012","0.166667"
"1670203616","1848718052","0.166667"
"1848718052","1670203616","0.166667"
"1670203616","2133385231","0.662888"
"2133385231","1670203616","0.662888"
"1670203616","2759567812","0.192982"
"2759567812","1670203616","0.192982"
"1670203616","94149199","0.625"
"94149199","1670203616","0.625"
"1764236772","1848718052","0.166667"
"1848718052","1764236772","0.166667"
"1764236772","2133385231","0.410256"
"2133385231","1764236772","0.410256"
"1764236772","2759567812","0.166667"
"2759567812","1764236772","0.166667"
"1764236772","94149199","0.166667"
"94149199","1764236772","0.166667"
"1848718052","2133385231","0.72619"
"2133385231","1848718052","0.72619"
