"1422649590","2150230300","22.23"
"2150230300","1422649590","22.23"
"1422649590","1508660681","0.267857"
"1508660681","1422649590","0.267857"
"1422649590","1548426638","0.313312"
"1548426638","1422649590","0.313312"
"1422649590","2065365769","0.392857"
"2065365769","1422649590","0.392857"
"1422649590","2072518957","0.313312"
"2072518957","1422649590","0.313312"
"1422649590","2148305550","0.313312"
"2148305550","1422649590","0.313312"
"1422649590","2165448973","0.267857"
"2165448973","1422649590","0.267857"
"1508660681","1548426638","0.267857"
"1548426638","1508660681","0.267857"
"1508660681","2065365769","0.142857"
"2065365769","1508660681","0.142857"
"1508660681","2072518957","0.267857"
"2072518957","1508660681","0.267857"
"1508660681","2148305550","0.267857"
"2148305550","1508660681","0.267857"
"1508660681","2150230300","0.267857"
"2150230300","1508660681","0.267857"
"1508660681","2165448973","0.267857"
"2165448973","1508660681","0.267857"
"1548426638","2065365769","0.142857"
"2065365769","1548426638","0.142857"
"1548426638","2072518957","6.13831"
"2072518957","1548426638","6.13831"
"1548426638","2148305550","0.313312"
"2148305550","1548426638","0.313312"
"1548426638","2150230300","0.313312"
"2150230300","1548426638","0.313312"
"1548426638","2165448973","0.467857"
"2165448973","1548426638","0.467857"
"2065365769","2072518957","0.142857"
"2072518957","2065365769","0.142857"
"2065365769","2148305550","0.142857"
"2148305550","2065365769","0.142857"
"2065365769","2150230300","0.392857"
"2150230300","2065365769","0.392857"
"2065365769","2165448973","0.142857"
"2165448973","2065365769","0.142857"
"2072518957","2148305550","0.313312"
"2148305550","2072518957","0.313312"
"2072518957","2150230300","0.313312"
"2150230300","2072518957","0.313312"
"2072518957","2165448973","0.467857"
"2165448973","2072518957","0.467857"
"2148305550","2150230300","0.313312"
"2150230300","2148305550","0.313312"
"2148305550","2165448973","3.26786"
"2165448973","2148305550","3.26786"
"2150230300","2165448973","0.267857"
"2165448973","2150230300","0.267857"
"1422649590","2089632471","2.83712"
"2089632471","1422649590","2.83712"
"2089632471","2150230300","2.83712"
"2150230300","2089632471","2.83712"
"1422649590","1563923074","1.29545"
"1563923074","1422649590","1.29545"
"1422649590","575472869","0.295455"
"575472869","1422649590","0.295455"
"1563923074","2089632471","0.688312"
"2089632471","1563923074","0.688312"
"1563923074","2150230300","2.29545"
"2150230300","1563923074","2.29545"
"1563923074","575472869","0.295455"
"575472869","1563923074","0.295455"
"2089632471","575472869","0.795455"
"575472869","2089632471","0.795455"
"2150230300","575472869","0.295455"
"575472869","2150230300","0.295455"
"1422649590","2588272864","1.21212"
"2588272864","1422649590","1.21212"
"2089632471","2588272864","7.10498"
"2588272864","2089632471","7.10498"
"2150230300","2588272864","1.21212"
"2588272864","2150230300","1.21212"
"1563923074","2065365769","0.392857"
"2065365769","1563923074","0.392857"
"1563923074","2588272864","0.688312"
"2588272864","1563923074","0.688312"
"2065365769","2588272864","0.392857"
"2588272864","2065365769","0.392857"
"1422649590","2001334794","1"
"2001334794","1422649590","1"
"2001334794","2150230300","1"
"2150230300","2001334794","1"
"1422649590","1737238207","0.0454545"
"1737238207","1422649590","0.0454545"
"1422649590","2045926147","0.170455"
"2045926147","1422649590","0.170455"
"1422649590","2052612052","0.0454545"
"2052612052","1422649590","0.0454545"
"1422649590","2062973095","0.0454545"
"2062973095","1422649590","0.0454545"
"1422649590","2072025944","0.0454545"
"2072025944","1422649590","0.0454545"
"1422649590","2081757705","0.0454545"
"2081757705","1422649590","0.0454545"
"1422649590","2114926976","0.0454545"
"2114926976","1422649590","0.0454545"
"1422649590","2119493660","0.0454545"
"2119493660","1422649590","0.0454545"
"1422649590","2130191210","0.0454545"
"2130191210","1422649590","0.0454545"
"1422649590","2148576927","0.0454545"
"2148576927","1422649590","0.0454545"
"1422649590","2152591762","0.0454545"
"2152591762","1422649590","0.0454545"
"1422649590","2164660463","0.0454545"
"2164660463","1422649590","0.0454545"
"1422649590","623714281","0.0454545"
"623714281","1422649590","0.0454545"
"1422649590","78665","0.0454545"
"78665","1422649590","0.0454545"
"1548426638","1563923074","0.313312"
"1563923074","1548426638","0.313312"
"1548426638","1737238207","0.620455"
"1737238207","1548426638","0.620455"
"1548426638","2045926147","0.170455"
"2045926147","1548426638","0.170455"
"1548426638","2052612052","0.670455"
"2052612052","1548426638","0.670455"
"1548426638","2062973095","0.188312"
"2062973095","1548426638","0.188312"
"1548426638","2072025944","0.313312"
"2072025944","1548426638","0.313312"
"1548426638","2081757705","0.620455"
"2081757705","1548426638","0.620455"
"1548426638","2089632471","0.170455"
"2089632471","1548426638","0.170455"
"1548426638","2114926976","0.0454545"
"2114926976","1548426638","0.0454545"
"1548426638","2119493660","4.93831"
"2119493660","1548426638","4.93831"
"1548426638","2130191210","0.370455"
"2130191210","1548426638","0.370455"
"1548426638","2148576927","3.54545"
"2148576927","1548426638","3.54545"
"1548426638","2152591762","0.0454545"
"2152591762","1548426638","0.0454545"
"1548426638","2164660463","0.170455"
"2164660463","1548426638","0.170455"
"1548426638","2588272864","0.0454545"
"2588272864","1548426638","0.0454545"
"1548426638","575472869","0.0454545"
"575472869","1548426638","0.0454545"
"1548426638","623714281","0.188312"
"623714281","1548426638","0.188312"
"1548426638","78665","0.188312"
"78665","1548426638","0.188312"
"1563923074","1737238207","1.67045"
"1737238207","1563923074","1.67045"
"1563923074","2045926147","0.0454545"
"2045926147","1563923074","0.0454545"
"1563923074","2052612052","0.170455"
"2052612052","1563923074","0.170455"
"1563923074","2062973095","2.78117"
"2062973095","1563923074","2.78117"
"1563923074","2072025944","0.513312"
"2072025944","1563923074","0.513312"
"1563923074","2072518957","0.170455"
"2072518957","1563923074","0.170455"
"1563923074","2081757705","1.67045"
"2081757705","1563923074","1.67045"
"1563923074","2114926976","0.0454545"
"2114926976","1563923074","0.0454545"
"1563923074","2119493660","0.388312"
"2119493660","1563923074","0.388312"
"1563923074","2130191210","1.67045"
"2130191210","1563923074","1.67045"
"1563923074","2148305550","0.0454545"
"2148305550","1563923074","0.0454545"
"1563923074","2148576927","0.245455"
"2148576927","1563923074","0.245455"
"1563923074","2152591762","0.0454545"
"2152591762","1563923074","0.0454545"
"1563923074","2164660463","0.370455"
"2164660463","1563923074","0.370455"
"1563923074","623714281","2.78117"
"623714281","1563923074","2.78117"
"1563923074","78665","0.388312"
"78665","1563923074","0.388312"
"1737238207","2045926147","0.0454545"
"2045926147","1737238207","0.0454545"
"1737238207","2052612052","0.170455"
"2052612052","1737238207","0.170455"
"1737238207","2062973095","0.212121"
"2062973095","1737238207","0.212121"
"1737238207","2072025944","1.17045"
"2072025944","1737238207","1.17045"
"1737238207","2072518957","0.370455"
"2072518957","1737238207","0.370455"
"1737238207","2081757705","6.95379"
"2081757705","1737238207","6.95379"
"1737238207","2089632471","0.0454545"
"2089632471","1737238207","0.0454545"
"1737238207","2114926976","0.0454545"
"2114926976","1737238207","0.0454545"
"1737238207","2119493660","0.295455"
"2119493660","1737238207","0.295455"
"1737238207","2130191210","5.87045"
"2130191210","1737238207","5.87045"
"1737238207","2148305550","0.0454545"
"2148305550","1737238207","0.0454545"
"1737238207","2148576927","0.0454545"
"2148576927","1737238207","0.0454545"
"1737238207","2150230300","0.0454545"
"2150230300","1737238207","0.0454545"
"1737238207","2152591762","0.0454545"
"2152591762","1737238207","0.0454545"
"1737238207","2164660463","1.50379"
"2164660463","1737238207","1.50379"
"1737238207","2588272864","0.0454545"
"2588272864","1737238207","0.0454545"
"1737238207","575472869","0.0454545"
"575472869","1737238207","0.0454545"
"1737238207","623714281","0.212121"
"623714281","1737238207","0.212121"
"1737238207","78665","0.0454545"
"78665","1737238207","0.0454545"
"2045926147","2052612052","0.0454545"
"2052612052","2045926147","0.0454545"
"2045926147","2062973095","0.0454545"
"2062973095","2045926147","0.0454545"
"2045926147","2072025944","0.0454545"
"2072025944","2045926147","0.0454545"
"2045926147","2072518957","0.170455"
"2072518957","2045926147","0.170455"
"2045926147","2081757705","0.0454545"
"2081757705","2045926147","0.0454545"
"2045926147","2089632471","0.170455"
"2089632471","2045926147","0.170455"
"2045926147","2114926976","0.378788"
"2114926976","2045926147","0.378788"
"2045926147","2119493660","0.0454545"
"2119493660","2045926147","0.0454545"
"2045926147","2130191210","0.0454545"
"2130191210","2045926147","0.0454545"
"2045926147","2148305550","0.170455"
"2148305550","2045926147","0.170455"
"2045926147","2148576927","0.0454545"
"2148576927","2045926147","0.0454545"
"2045926147","2150230300","0.170455"
"2150230300","2045926147","0.170455"
"2045926147","2152591762","0.878788"
"2152591762","2045926147","0.878788"
"2045926147","2164660463","0.0454545"
"2164660463","2045926147","0.0454545"
"2045926147","2588272864","0.0454545"
"2588272864","2045926147","0.0454545"
"2045926147","575472869","0.878788"
"575472869","2045926147","0.878788"
"2045926147","623714281","0.0454545"
"623714281","2045926147","0.0454545"
"2045926147","78665","0.0454545"
"78665","2045926147","0.0454545"
"2052612052","2062973095","0.0454545"
"2062973095","2052612052","0.0454545"
"2052612052","2072025944","0.170455"
"2072025944","2052612052","0.170455"
"2052612052","2072518957","1.00379"
"2072518957","2052612052","1.00379"
"2052612052","2081757705","0.170455"
"2081757705","2052612052","0.170455"
"2052612052","2089632471","0.0454545"
"2089632471","2052612052","0.0454545"
"2052612052","2114926976","0.0454545"
"2114926976","2052612052","0.0454545"
"2052612052","2119493660","1.37879"
"2119493660","2052612052","1.37879"
"2052612052","2130191210","0.170455"
"2130191210","2052612052","0.170455"
"2052612052","2148305550","0.0454545"
"2148305550","2052612052","0.0454545"
"2052612052","2148576927","1.71212"
"2148576927","2052612052","1.71212"
"2052612052","2150230300","0.0454545"
"2150230300","2052612052","0.0454545"
"2052612052","2152591762","0.0454545"
"2152591762","2052612052","0.0454545"
"2052612052","2164660463","0.170455"
"2164660463","2052612052","0.170455"
"2052612052","2588272864","0.0454545"
"2588272864","2052612052","0.0454545"
"2052612052","575472869","0.0454545"
"575472869","2052612052","0.0454545"
"2052612052","623714281","0.0454545"
"623714281","2052612052","0.0454545"
"2052612052","78665","0.378788"
"78665","2052612052","0.378788"
"2062973095","2072025944","0.188312"
"2072025944","2062973095","0.188312"
"2062973095","2072518957","0.0454545"
"2072518957","2062973095","0.0454545"
"2062973095","2081757705","0.212121"
"2081757705","2062973095","0.212121"
"2062973095","2089632471","0.188312"
"2089632471","2062973095","0.188312"
"2062973095","2114926976","0.0454545"
"2114926976","2062973095","0.0454545"
"2062973095","2119493660","0.188312"
"2119493660","2062973095","0.188312"
"2062973095","2130191210","0.212121"
"2130191210","2062973095","0.212121"
"2062973095","2148305550","0.0454545"
"2148305550","2062973095","0.0454545"
"2062973095","2148576927","0.0454545"
"2148576927","2062973095","0.0454545"
"2062973095","2150230300","0.0454545"
"2150230300","2062973095","0.0454545"
"2062973095","2152591762","0.0454545"
"2152591762","2062973095","0.0454545"
"2062973095","2164660463","0.0454545"
"2164660463","2062973095","0.0454545"
"2062973095","2588272864","0.188312"
"2588272864","2062973095","0.188312"
"2062973095","575472869","0.0454545"
"575472869","2062973095","0.0454545"
"2062973095","623714281","24.2812"
"623714281","2062973095","24.2812"
"2062973095","78665","0.388312"
"78665","2062973095","0.388312"
"2072025944","2072518957","0.170455"
"2072518957","2072025944","0.170455"
"2072025944","2081757705","1.17045"
"2081757705","2072025944","1.17045"
"2072025944","2089632471","0.0454545"
"2089632471","2072025944","0.0454545"
"2072025944","2114926976","0.0454545"
"2114926976","2072025944","0.0454545"
"2072025944","2119493660","1.38831"
"2119493660","2072025944","1.38831"
"2072025944","2130191210","1.83712"
"2130191210","2072025944","1.83712"
"2072025944","2148305550","0.0454545"
"2148305550","2072025944","0.0454545"
"2072025944","2148576927","0.912121"
"2148576927","2072025944","0.912121"
"2072025944","2150230300","0.0454545"
"2150230300","2072025944","0.0454545"
"2072025944","2152591762","0.0454545"
"2152591762","2072025944","0.0454545"
"2072025944","2164660463","2.53712"
"2164660463","2072025944","2.53712"
"2072025944","2588272864","0.0454545"
"2588272864","2072025944","0.0454545"
"2072025944","575472869","0.0454545"
"575472869","2072025944","0.0454545"
"2072025944","623714281","0.188312"
"623714281","2072025944","0.188312"
"2072025944","78665","0.854978"
"78665","2072025944","0.854978"
"2072518957","2081757705","0.370455"
"2081757705","2072518957","0.370455"
"2072518957","2089632471","0.170455"
"2089632471","2072518957","0.170455"
"2072518957","2114926976","0.0454545"
"2114926976","2072518957","0.0454545"
"2072518957","2119493660","3.87879"
"2119493660","2072518957","3.87879"
"2072518957","2130191210","0.370455"
"2130191210","2072518957","0.370455"
"2072518957","2148576927","3.87879"
"2148576927","2072518957","3.87879"
"2072518957","2152591762","0.0454545"
"2152591762","2072518957","0.0454545"
"2072518957","2164660463","0.170455"
"2164660463","2072518957","0.170455"
"2072518957","2588272864","0.0454545"
"2588272864","2072518957","0.0454545"
"2072518957","575472869","0.0454545"
"575472869","2072518957","0.0454545"
"2072518957","623714281","0.0454545"
"623714281","2072518957","0.0454545"
"2072518957","78665","0.0454545"
"78665","2072518957","0.0454545"
"2081757705","2089632471","0.0454545"
"2089632471","2081757705","0.0454545"
"2081757705","2114926976","0.0454545"
"2114926976","2081757705","0.0454545"
"2081757705","2119493660","0.295455"
"2119493660","2081757705","0.295455"
"2081757705","2130191210","9.37045"
"2130191210","2081757705","9.37045"
"2081757705","2148305550","0.0454545"
"2148305550","2081757705","0.0454545"
"2081757705","2148576927","0.0454545"
"2148576927","2081757705","0.0454545"
"2081757705","2150230300","0.0454545"
"2150230300","2081757705","0.0454545"
"2081757705","2152591762","0.0454545"
"2152591762","2081757705","0.0454545"
"2081757705","2164660463","1.50379"
"2164660463","2081757705","1.50379"
"2081757705","2588272864","0.0454545"
"2588272864","2081757705","0.0454545"
"2081757705","575472869","0.0454545"
"575472869","2081757705","0.0454545"
"2081757705","623714281","0.212121"
"623714281","2081757705","0.212121"
"2081757705","78665","0.0454545"
"78665","2081757705","0.0454545"
"2089632471","2114926976","0.0454545"
"2114926976","2089632471","0.0454545"
"2089632471","2119493660","0.0454545"
"2119493660","2089632471","0.0454545"
"2089632471","2130191210","0.0454545"
"2130191210","2089632471","0.0454545"
"2089632471","2148305550","0.170455"
"2148305550","2089632471","0.170455"
"2089632471","2148576927","0.0454545"
"2148576927","2089632471","0.0454545"
"2089632471","2152591762","0.0454545"
"2152591762","2089632471","0.0454545"
"2089632471","2164660463","0.0454545"
"2164660463","2089632471","0.0454545"
"2089632471","623714281","0.188312"
"623714281","2089632471","0.188312"
"2089632471","78665","0.0454545"
"78665","2089632471","0.0454545"
"2114926976","2119493660","0.0454545"
"2119493660","2114926976","0.0454545"
"2114926976","2130191210","0.0454545"
"2130191210","2114926976","0.0454545"
"2114926976","2148305550","0.0454545"
"2148305550","2114926976","0.0454545"
"2114926976","2148576927","0.0454545"
"2148576927","2114926976","0.0454545"
"2114926976","2150230300","0.0454545"
"2150230300","2114926976","0.0454545"
"2114926976","2152591762","3.87879"
"2152591762","2114926976","3.87879"
"2114926976","2164660463","0.0454545"
"2164660463","2114926976","0.0454545"
"2114926976","2588272864","0.0454545"
"2588272864","2114926976","0.0454545"
"2114926976","575472869","4.37879"
"575472869","2114926976","4.37879"
"2114926976","623714281","0.0454545"
"623714281","2114926976","0.0454545"
"2114926976","78665","0.0454545"
"78665","2114926976","0.0454545"
"2119493660","2130191210","0.0454545"
"2130191210","2119493660","0.0454545"
"2119493660","2148305550","0.0454545"
"2148305550","2119493660","0.0454545"
"2119493660","2148576927","19.2455"
"2148576927","2119493660","19.2455"
"2119493660","2150230300","0.0454545"
"2150230300","2119493660","0.0454545"
"2119493660","2152591762","0.0454545"
"2152591762","2119493660","0.0454545"
"2119493660","2164660463","0.578788"
"2164660463","2119493660","0.578788"
"2119493660","2588272864","0.0454545"
"2588272864","2119493660","0.0454545"
"2119493660","575472869","0.0454545"
"575472869","2119493660","0.0454545"
"2119493660","623714281","0.188312"
"623714281","2119493660","0.188312"
"2119493660","78665","0.854978"
"78665","2119493660","0.854978"
"2130191210","2148305550","0.0454545"
"2148305550","2130191210","0.0454545"
"2130191210","2148576927","0.0454545"
"2148576927","2130191210","0.0454545"
"2130191210","2150230300","0.0454545"
"2150230300","2130191210","0.0454545"
"2130191210","2152591762","0.0454545"
"2152591762","2130191210","0.0454545"
"2130191210","2164660463","0.670455"
"2164660463","2130191210","0.670455"
"2130191210","2588272864","0.0454545"
"2588272864","2130191210","0.0454545"
"2130191210","575472869","0.0454545"
"575472869","2130191210","0.0454545"
"2130191210","623714281","0.212121"
"623714281","2130191210","0.212121"
"2130191210","78665","0.0454545"
"78665","2130191210","0.0454545"
"2148305550","2148576927","0.0454545"
"2148576927","2148305550","0.0454545"
"2148305550","2152591762","0.0454545"
"2152591762","2148305550","0.0454545"
"2148305550","2164660463","0.0454545"
"2164660463","2148305550","0.0454545"
"2148305550","2588272864","0.0454545"
"2588272864","2148305550","0.0454545"
"2148305550","575472869","0.0454545"
"575472869","2148305550","0.0454545"
"2148305550","623714281","0.0454545"
"623714281","2148305550","0.0454545"
"2148305550","78665","0.0454545"
"78665","2148305550","0.0454545"
"2148576927","2150230300","0.0454545"
"2150230300","2148576927","0.0454545"
"2148576927","2152591762","0.0454545"
"2152591762","2148576927","0.0454545"
"2148576927","2164660463","0.245455"
"2164660463","2148576927","0.245455"
"2148576927","2588272864","0.0454545"
"2588272864","2148576927","0.0454545"
"2148576927","575472869","0.0454545"
"575472869","2148576927","0.0454545"
"2148576927","623714281","0.0454545"
"623714281","2148576927","0.0454545"
"2148576927","78665","1.04545"
"78665","2148576927","1.04545"
"2150230300","2152591762","0.0454545"
"2152591762","2150230300","0.0454545"
"2150230300","2164660463","0.0454545"
"2164660463","2150230300","0.0454545"
"2150230300","623714281","0.0454545"
"623714281","2150230300","0.0454545"
"2150230300","78665","0.0454545"
"78665","2150230300","0.0454545"
"2152591762","2164660463","0.0454545"
"2164660463","2152591762","0.0454545"
"2152591762","2588272864","0.0454545"
"2588272864","2152591762","0.0454545"
"2152591762","575472869","12.3788"
"575472869","2152591762","12.3788"
"2152591762","623714281","0.0454545"
"623714281","2152591762","0.0454545"
"2152591762","78665","0.0454545"
"78665","2152591762","0.0454545"
"2164660463","2588272864","0.0454545"
"2588272864","2164660463","0.0454545"
"2164660463","575472869","0.0454545"
"575472869","2164660463","0.0454545"
"2164660463","623714281","0.0454545"
"623714281","2164660463","0.0454545"
"2164660463","78665","0.0454545"
"78665","2164660463","0.0454545"
"2588272864","575472869","0.0454545"
"575472869","2588272864","0.0454545"
"2588272864","623714281","0.188312"
"623714281","2588272864","0.188312"
"2588272864","78665","0.0454545"
"78665","2588272864","0.0454545"
"575472869","623714281","0.0454545"
"623714281","575472869","0.0454545"
"575472869","78665","0.0454545"
"78665","575472869","0.0454545"
"623714281","78665","0.388312"
"78665","623714281","0.388312"
"1422649590","2029753690","1.5"
"2029753690","1422649590","1.5"
"2029753690","2150230300","1.5"
"2150230300","2029753690","1.5"
"1508660681","2045926147","1.125"
"2045926147","1508660681","1.125"
"1508660681","2089632471","0.125"
"2089632471","1508660681","0.125"
"2045926147","2165448973","0.125"
"2165448973","2045926147","0.125"
"2089632471","2165448973","0.125"
"2165448973","2089632471","0.125"
"1508660681","2076667322","1"
"2076667322","1508660681","1"
"1508660681","2039574476","1"
"2039574476","1508660681","1"
"1508660681","2001334794","1"
"2001334794","1508660681","1"
"1508660681","1616782664","0.5"
"1616782664","1508660681","0.5"
"1508660681","2131441032","0.5"
"2131441032","1508660681","0.5"
"1616782664","2131441032","0.5"
"2131441032","1616782664","0.5"
"1548426638","6806504","0.142857"
"6806504","1548426638","0.142857"
"1563923074","6806504","7.65238"
"6806504","1563923074","7.65238"
"2062973095","6806504","1.15238"
"6806504","2062973095","1.15238"
"2072025944","6806504","0.142857"
"6806504","2072025944","0.142857"
"2119493660","6806504","0.142857"
"6806504","2119493660","0.142857"
"623714281","6806504","1.15238"
"6806504","623714281","1.15238"
"6806504","78665","0.342857"
"78665","6806504","0.342857"
"1548426638","2029753690","1"
"2029753690","1548426638","1"
"1548426638","1979545399","0.25"
"1979545399","1548426638","0.25"
"1737238207","1979545399","0.25"
"1979545399","1737238207","0.25"
"1979545399","2081757705","0.25"
"2081757705","1979545399","0.25"
"1979545399","2119493660","0.25"
"2119493660","1979545399","0.25"
"1737238207","2165448973","0.2"
"2165448973","1737238207","0.2"
"2081757705","2165448973","0.2"
"2165448973","2081757705","0.2"
"2130191210","2165448973","0.2"
"2165448973","2130191210","0.2"
"1737238207","6806504","0.5"
"6806504","1737238207","0.5"
"2081757705","6806504","0.5"
"6806504","2081757705","0.5"
"2130191210","6806504","0.5"
"6806504","2130191210","0.5"
"1563923074","2407618208","0.592857"
"2407618208","1563923074","0.592857"
"2072025944","2407618208","0.533333"
"2407618208","2072025944","0.533333"
"2119493660","2407618208","0.533333"
"2407618208","2119493660","0.533333"
"2148576927","2407618208","0.2"
"2407618208","2148576927","0.2"
"2164660463","2407618208","0.533333"
"2407618208","2164660463","0.533333"
"1563923074","1979545399","0.783333"
"1979545399","1563923074","0.783333"
"1979545399","2062973095","1.78333"
"2062973095","1979545399","1.78333"
"1979545399","623714281","1.78333"
"623714281","1979545399","1.78333"
"1979545399","6806504","2.2"
"6806504","1979545399","2.2"
"1979545399","78665","0.533333"
"78665","1979545399","0.533333"
"2062973095","2065365769","0.142857"
"2065365769","2062973095","0.142857"
"2062973095","2407618208","0.392857"
"2407618208","2062973095","0.392857"
"2065365769","2089632471","0.142857"
"2089632471","2065365769","0.142857"
"2065365769","2407618208","0.142857"
"2407618208","2065365769","0.142857"
"2065365769","623714281","0.142857"
"623714281","2065365769","0.142857"
"2065365769","6806504","0.142857"
"6806504","2065365769","0.142857"
"2089632471","2407618208","0.142857"
"2407618208","2089632471","0.142857"
"2089632471","6806504","0.142857"
"6806504","2089632471","0.142857"
"2407618208","2588272864","0.142857"
"2588272864","2407618208","0.142857"
"2407618208","623714281","3.39286"
"623714281","2407618208","3.39286"
"2407618208","6806504","2.14286"
"6806504","2407618208","2.14286"
"2588272864","6806504","0.142857"
"6806504","2588272864","0.142857"
"1979545399","2407618208","0.75"
"2407618208","1979545399","0.75"
"1616782664","2039574476","0.833333"
"2039574476","1616782664","0.833333"
"1616782664","2076667322","0.833333"
"2076667322","1616782664","0.833333"
"2039574476","2076667322","5.33333"
"2076667322","2039574476","5.33333"
"1616782664","2152591762","2"
"2152591762","1616782664","2"
"1616782664","2299011318","0.333333"
"2299011318","1616782664","0.333333"
"2039574476","2299011318","0.833333"
"2299011318","2039574476","0.833333"
"2076667322","2299011318","0.833333"
"2299011318","2076667322","0.833333"
"1616782664","169211938","0.5"
"169211938","1616782664","0.5"
"1616782664","2081757705","0.5"
"2081757705","1616782664","0.5"
"169211938","2081757705","0.5"
"2081757705","169211938","0.5"
"1649645444","1737238207","0.166667"
"1737238207","1649645444","0.166667"
"1649645444","2072025944","0.166667"
"2072025944","1649645444","0.166667"
"1649645444","2076667322","0.166667"
"2076667322","1649645444","0.166667"
"1649645444","2081757705","0.166667"
"2081757705","1649645444","0.166667"
"1649645444","2130191210","0.166667"
"2130191210","1649645444","0.166667"
"1649645444","36653339","0.166667"
"36653339","1649645444","0.166667"
"1737238207","2076667322","0.166667"
"2076667322","1737238207","0.166667"
"1737238207","36653339","0.166667"
"36653339","1737238207","0.166667"
"2072025944","2076667322","0.166667"
"2076667322","2072025944","0.166667"
"2072025944","36653339","0.166667"
"36653339","2072025944","0.166667"
"2076667322","2081757705","0.666667"
"2081757705","2076667322","0.666667"
"2076667322","2130191210","0.666667"
"2130191210","2076667322","0.666667"
"2076667322","36653339","0.166667"
"36653339","2076667322","0.166667"
"2081757705","36653339","0.166667"
"36653339","2081757705","0.166667"
"2130191210","36653339","0.166667"
"36653339","2130191210","0.166667"
"169211938","2076667322","1"
"2076667322","169211938","1"
"1979545399","2089632471","1"
"2089632471","1979545399","1"
"1979545399","2164660463","1"
"2164660463","1979545399","1"
"1979545399","2065365769","1"
"2065365769","1979545399","1"
"1979545399","2052612052","0.333333"
"2052612052","1979545399","0.333333"
"1979545399","2148576927","0.333333"
"2148576927","1979545399","0.333333"
"1979545399","2045926147","0.5"
"2045926147","1979545399","0.5"
"2045926147","2407618208","0.5"
"2407618208","2045926147","0.5"
"2029753690","2089632471","0.5"
"2089632471","2029753690","0.5"
"2029753690","575472869","0.5"
"575472869","2029753690","0.5"
"2076667322","2152591762","2"
"2152591762","2076667322","2"
"2114926976","36653339","0.5"
"36653339","2114926976","0.5"
"36653339","575472869","0.5"
"575472869","36653339","0.5"
"2131441032","2152591762","1"
"2152591762","2131441032","1"
