"1184933348","2127268074","1"
"2127268074","1184933348","1"
"1521914248","2103945238","1.33333"
"2103945238","1521914248","1.33333"
"1521914248","214369255","1.33333"
"214369255","1521914248","1.33333"
"2103945238","214369255","7.58333"
"214369255","2103945238","7.58333"
"1521914248","1602019723","0.333333"
"1602019723","1521914248","0.333333"
"1521914248","1986901285","0.333333"
"1986901285","1521914248","0.333333"
"1521914248","2037967057","0.333333"
"2037967057","1521914248","0.333333"
"1602019723","1986901285","3.58333"
"1986901285","1602019723","3.58333"
"1602019723","2037967057","3.41667"
"2037967057","1602019723","3.41667"
"1986901285","2037967057","1.58333"
"2037967057","1986901285","1.58333"
"1521914248","2166979455","0.333333"
"2166979455","1521914248","0.333333"
"2103945238","2166979455","5.66667"
"2166979455","2103945238","5.66667"
"214369255","2166979455","2.33333"
"2166979455","214369255","2.33333"
"1602019723","2103945238","1.08333"
"2103945238","1602019723","1.08333"
"1602019723","214369255","0.75"
"214369255","1602019723","0.75"
"1602019723","2166979455","0.833333"
"2166979455","1602019723","0.833333"
"2037967057","2103945238","1.08333"
"2103945238","2037967057","1.08333"
"2037967057","214369255","0.75"
"214369255","2037967057","0.75"
"2037967057","2166979455","0.833333"
"2166979455","2037967057","0.833333"
"1986901285","2103945238","0.25"
"2103945238","1986901285","0.25"
"1986901285","214369255","0.25"
"214369255","1986901285","0.25"
"1986901285","2127268074","0.25"
"2127268074","1986901285","0.25"
"1986901285","274352358","0.25"
"274352358","1986901285","0.25"
"1986901285","74238060","0.25"
"74238060","1986901285","0.25"
"1986901285","856823805","0.25"
"856823805","1986901285","0.25"
"2127268074","274352358","3.25"
"274352358","2127268074","3.25"
"2127268074","74238060","2.5"
"74238060","2127268074","2.5"
"2127268074","856823805","1.5"
"856823805","2127268074","1.5"
"274352358","74238060","0.25"
"74238060","274352358","0.25"
"274352358","856823805","0.25"
"856823805","274352358","0.25"
"74238060","856823805","1.5"
"856823805","74238060","1.5"
"2050820470","2117509383","12.25"
"2117509383","2050820470","12.25"
"2050820470","274352358","3"
"274352358","2050820470","3"
"2117509383","274352358","1"
"274352358","2117509383","1"
"2050820470","2127268074","0.25"
"2127268074","2050820470","0.25"
"2050820470","74238060","0.25"
"74238060","2050820470","0.25"
"2050820470","856823805","0.25"
"856823805","2050820470","0.25"
"2117509383","2127268074","0.25"
"2127268074","2117509383","0.25"
"2117509383","74238060","0.25"
"74238060","2117509383","0.25"
"2117509383","856823805","0.25"
"856823805","2117509383","0.25"
