"137957752","1556258870","0.368347"
"1556258870","137957752","0.368347"
"137957752","1590891817","0.642857"
"1590891817","137957752","0.642857"
"137957752","2013281770","0.201681"
"2013281770","137957752","0.201681"
"137957752","2138664750","2.16279"
"2138664750","137957752","2.16279"
"137957752","2266581756","0.492857"
"2266581756","137957752","0.492857"
"137957752","2548930627","0.642857"
"2548930627","137957752","0.642857"
"137957752","2624618266","5.24613"
"2624618266","137957752","5.24613"
"1556258870","1590891817","0.309524"
"1590891817","1556258870","0.309524"
"1556258870","2013281770","0.201681"
"2013281770","1556258870","0.201681"
"1556258870","2138664750","0.368347"
"2138664750","1556258870","0.368347"
"1556258870","2266581756","0.142857"
"2266581756","1556258870","0.142857"
"1556258870","2548930627","0.309524"
"2548930627","1556258870","0.309524"
"1556258870","2624618266","0.701681"
"2624618266","1556258870","0.701681"
"1590891817","2013281770","0.142857"
"2013281770","1590891817","0.142857"
"1590891817","2138664750","0.309524"
"2138664750","1590891817","0.309524"
"1590891817","2266581756","0.142857"
"2266581756","1590891817","0.142857"
"1590891817","2548930627","0.642857"
"2548930627","1590891817","0.642857"
"1590891817","2624618266","0.642857"
"2624618266","1590891817","0.642857"
"2013281770","2138664750","0.201681"
"2138664750","2013281770","0.201681"
"2013281770","2266581756","0.142857"
"2266581756","2013281770","0.142857"
"2013281770","2548930627","0.142857"
"2548930627","2013281770","0.142857"
"2013281770","2624618266","0.201681"
"2624618266","2013281770","0.201681"
"2138664750","2266581756","0.492857"
"2266581756","2138664750","0.492857"
"2138664750","2548930627","0.309524"
"2548930627","2138664750","0.309524"
"2138664750","2624618266","1.91279"
"2624618266","2138664750","1.91279"
"2266581756","2548930627","0.142857"
"2548930627","2266581756","0.142857"
"2266581756","2624618266","0.242857"
"2624618266","2266581756","0.242857"
"2548930627","2624618266","0.642857"
"2624618266","2548930627","0.642857"
"137957752","2340517214","2.66993"
"2340517214","137957752","2.66993"
"2340517214","2624618266","9.66993"
"2624618266","2340517214","9.66993"
"137957752","2398380785","1.51993"
"2398380785","137957752","1.51993"
"137957752","1556082038","0.0588235"
"1556082038","137957752","0.0588235"
"137957752","1669736958","0.269935"
"1669736958","137957752","0.269935"
"137957752","1836127283","0.658824"
"1836127283","137957752","0.658824"
"137957752","2065128106","0.669935"
"2065128106","137957752","0.669935"
"137957752","2119299360","0.269935"
"2119299360","137957752","0.269935"
"137957752","2135301395","0.158824"
"2135301395","137957752","0.158824"
"137957752","2153823842","0.0588235"
"2153823842","137957752","0.0588235"
"137957752","2163357399","1.16993"
"2163357399","137957752","1.16993"
"137957752","2165808003","0.169935"
"2165808003","137957752","0.169935"
"137957752","2394891317","0.0588235"
"2394891317","137957752","0.0588235"
"137957752","2765946082","0.158824"
"2765946082","137957752","0.158824"
"1556082038","1556258870","0.392157"
"1556258870","1556082038","0.392157"
"1556082038","1669736958","0.592157"
"1669736958","1556082038","0.592157"
"1556082038","1836127283","0.258824"
"1836127283","1556082038","0.258824"
"1556082038","2013281770","0.0588235"
"2013281770","1556082038","0.0588235"
"1556082038","2065128106","1.42549"
"2065128106","1556082038","1.42549"
"1556082038","2119299360","0.392157"
"2119299360","1556082038","0.392157"
"1556082038","2135301395","0.258824"
"2135301395","1556082038","0.258824"
"1556082038","2138664750","0.0588235"
"2138664750","1556082038","0.0588235"
"1556082038","2153823842","0.0588235"
"2153823842","1556082038","0.0588235"
"1556082038","2163357399","0.458824"
"2163357399","1556082038","0.458824"
"1556082038","2165808003","1.29216"
"2165808003","1556082038","1.29216"
"1556082038","2340517214","0.258824"
"2340517214","1556082038","0.258824"
"1556082038","2394891317","0.0588235"
"2394891317","1556082038","0.0588235"
"1556082038","2398380785","0.0588235"
"2398380785","1556082038","0.0588235"
"1556082038","2624618266","0.258824"
"2624618266","1556082038","0.258824"
"1556082038","2765946082","0.0588235"
"2765946082","1556082038","0.0588235"
"1556258870","1669736958","0.0588235"
"1669736958","1556258870","0.0588235"
"1556258870","1836127283","0.0588235"
"1836127283","1556258870","0.0588235"
"1556258870","2065128106","0.72549"
"2065128106","1556258870","0.72549"
"1556258870","2119299360","0.0588235"
"2119299360","1556258870","0.0588235"
"1556258870","2135301395","0.0588235"
"2135301395","1556258870","0.0588235"
"1556258870","2153823842","0.0588235"
"2153823842","1556258870","0.0588235"
"1556258870","2163357399","1.39216"
"2163357399","1556258870","1.39216"
"1556258870","2165808003","0.392157"
"2165808003","1556258870","0.392157"
"1556258870","2340517214","0.22549"
"2340517214","1556258870","0.22549"
"1556258870","2394891317","0.0588235"
"2394891317","1556258870","0.0588235"
"1556258870","2398380785","0.0588235"
"2398380785","1556258870","0.0588235"
"1556258870","2765946082","0.0588235"
"2765946082","1556258870","0.0588235"
"1669736958","1836127283","0.158824"
"1836127283","1669736958","0.158824"
"1669736958","2013281770","1.05882"
"2013281770","1669736958","1.05882"
"1669736958","2065128106","0.869935"
"2065128106","1669736958","0.869935"
"1669736958","2119299360","6.76993"
"2119299360","1669736958","6.76993"
"1669736958","2135301395","0.658824"
"2135301395","1669736958","0.658824"
"1669736958","2138664750","0.269935"
"2138664750","1669736958","0.269935"
"1669736958","2153823842","0.0588235"
"2153823842","1669736958","0.0588235"
"1669736958","2163357399","0.536601"
"2163357399","1669736958","0.536601"
"1669736958","2165808003","1.0366"
"2165808003","1669736958","1.0366"
"1669736958","2340517214","0.336601"
"2340517214","1669736958","0.336601"
"1669736958","2394891317","0.0588235"
"2394891317","1669736958","0.0588235"
"1669736958","2398380785","0.269935"
"2398380785","1669736958","0.269935"
"1669736958","2624618266","0.636601"
"2624618266","1669736958","0.636601"
"1669736958","2765946082","0.158824"
"2765946082","1669736958","0.158824"
"1836127283","2013281770","0.0588235"
"2013281770","1836127283","0.0588235"
"1836127283","2065128106","0.0588235"
"2065128106","1836127283","0.0588235"
"1836127283","2119299360","0.158824"
"2119299360","1836127283","0.158824"
"1836127283","2135301395","0.358824"
"2135301395","1836127283","0.358824"
"1836127283","2138664750","0.158824"
"2138664750","1836127283","0.158824"
"1836127283","2153823842","0.0588235"
"2153823842","1836127283","0.0588235"
"1836127283","2163357399","0.258824"
"2163357399","1836127283","0.258824"
"1836127283","2165808003","0.258824"
"2165808003","1836127283","0.258824"
"1836127283","2340517214","0.758824"
"2340517214","1836127283","0.758824"
"1836127283","2394891317","0.0588235"
"2394891317","1836127283","0.0588235"
"1836127283","2398380785","0.158824"
"2398380785","1836127283","0.158824"
"1836127283","2624618266","9.15882"
"2624618266","1836127283","9.15882"
"1836127283","2765946082","0.158824"
"2765946082","1836127283","0.158824"
"2013281770","2065128106","0.0588235"
"2065128106","2013281770","0.0588235"
"2013281770","2119299360","3.05882"
"2119299360","2013281770","3.05882"
"2013281770","2135301395","0.0588235"
"2135301395","2013281770","0.0588235"
"2013281770","2153823842","0.0588235"
"2153823842","2013281770","0.0588235"
"2013281770","2163357399","0.0588235"
"2163357399","2013281770","0.0588235"
"2013281770","2165808003","0.0588235"
"2165808003","2013281770","0.0588235"
"2013281770","2340517214","1.05882"
"2340517214","2013281770","1.05882"
"2013281770","2394891317","0.0588235"
"2394891317","2013281770","0.0588235"
"2013281770","2398380785","0.0588235"
"2398380785","2013281770","0.0588235"
"2013281770","2765946082","0.0588235"
"2765946082","2013281770","0.0588235"
"2065128106","2119299360","0.669935"
"2119299360","2065128106","0.669935"
"2065128106","2135301395","0.0588235"
"2135301395","2065128106","0.0588235"
"2065128106","2138664750","1.16993"
"2138664750","2065128106","1.16993"
"2065128106","2153823842","0.558824"
"2153823842","2065128106","0.558824"
"2065128106","2163357399","0.869935"
"2163357399","2065128106","0.869935"
"2065128106","2165808003","1.36993"
"2165808003","2065128106","1.36993"
"2065128106","2340517214","2.3366"
"2340517214","2065128106","2.3366"
"2065128106","2394891317","0.0588235"
"2394891317","2065128106","0.0588235"
"2065128106","2398380785","0.169935"
"2398380785","2065128106","0.169935"
"2065128106","2624618266","5.36993"
"2624618266","2065128106","5.36993"
"2065128106","2765946082","0.0588235"
"2765946082","2065128106","0.0588235"
"2119299360","2135301395","0.158824"
"2135301395","2119299360","0.158824"
"2119299360","2138664750","0.269935"
"2138664750","2119299360","0.269935"
"2119299360","2153823842","0.0588235"
"2153823842","2119299360","0.0588235"
"2119299360","2163357399","0.336601"
"2163357399","2119299360","0.336601"
"2119299360","2165808003","0.336601"
"2165808003","2119299360","0.336601"
"2119299360","2340517214","0.336601"
"2340517214","2119299360","0.336601"
"2119299360","2394891317","0.0588235"
"2394891317","2119299360","0.0588235"
"2119299360","2398380785","0.269935"
"2398380785","2119299360","0.269935"
"2119299360","2624618266","1.4366"
"2624618266","2119299360","1.4366"
"2119299360","2765946082","0.158824"
"2765946082","2119299360","0.158824"
"2135301395","2138664750","0.158824"
"2138664750","2135301395","0.158824"
"2135301395","2153823842","0.558824"
"2153823842","2135301395","0.558824"
"2135301395","2163357399","0.258824"
"2163357399","2135301395","0.258824"
"2135301395","2165808003","0.758824"
"2165808003","2135301395","0.758824"
"2135301395","2340517214","0.592157"
"2340517214","2135301395","0.592157"
"2135301395","2394891317","0.0588235"
"2394891317","2135301395","0.0588235"
"2135301395","2398380785","0.158824"
"2398380785","2135301395","0.158824"
"2135301395","2624618266","0.492157"
"2624618266","2135301395","0.492157"
"2135301395","2765946082","0.158824"
"2765946082","2135301395","0.158824"
"2138664750","2153823842","0.0588235"
"2153823842","2138664750","0.0588235"
"2138664750","2163357399","0.669935"
"2163357399","2138664750","0.669935"
"2138664750","2165808003","0.169935"
"2165808003","2138664750","0.169935"
"2138664750","2340517214","2.16993"
"2340517214","2138664750","2.16993"
"2138664750","2394891317","0.0588235"
"2394891317","2138664750","0.0588235"
"2138664750","2398380785","2.51993"
"2398380785","2138664750","2.51993"
"2138664750","2765946082","1.15882"
"2765946082","2138664750","1.15882"
"2153823842","2163357399","0.0588235"
"2163357399","2153823842","0.0588235"
"2153823842","2165808003","0.0588235"
"2165808003","2153823842","0.0588235"
"2153823842","2340517214","0.0588235"
"2340517214","2153823842","0.0588235"
"2153823842","2394891317","0.0588235"
"2394891317","2153823842","0.0588235"
"2153823842","2398380785","0.0588235"
"2398380785","2153823842","0.0588235"
"2153823842","2624618266","0.392157"
"2624618266","2153823842","0.392157"
"2153823842","2765946082","0.0588235"
"2765946082","2153823842","0.0588235"
"2163357399","2165808003","0.736601"
"2165808003","2163357399","0.736601"
"2163357399","2340517214","1.0366"
"2340517214","2163357399","1.0366"
"2163357399","2394891317","0.0588235"
"2394891317","2163357399","0.0588235"
"2163357399","2398380785","0.169935"
"2398380785","2163357399","0.169935"
"2163357399","2624618266","0.869935"
"2624618266","2163357399","0.869935"
"2163357399","2765946082","0.0588235"
"2765946082","2163357399","0.0588235"
"2165808003","2340517214","0.536601"
"2340517214","2165808003","0.536601"
"2165808003","2394891317","0.0588235"
"2394891317","2165808003","0.0588235"
"2165808003","2398380785","0.169935"
"2398380785","2165808003","0.169935"
"2165808003","2624618266","0.536601"
"2624618266","2165808003","0.536601"
"2165808003","2765946082","0.0588235"
"2765946082","2165808003","0.0588235"
"2340517214","2394891317","1.05882"
"2394891317","2340517214","1.05882"
"2340517214","2398380785","0.169935"
"2398380785","2340517214","0.169935"
"2340517214","2765946082","0.0588235"
"2765946082","2340517214","0.0588235"
"2394891317","2398380785","0.0588235"
"2398380785","2394891317","0.0588235"
"2394891317","2624618266","0.0588235"
"2624618266","2394891317","0.0588235"
"2394891317","2765946082","0.0588235"
"2765946082","2394891317","0.0588235"
"2398380785","2624618266","0.269935"
"2624618266","2398380785","0.269935"
"2398380785","2765946082","0.158824"
"2765946082","2398380785","0.158824"
"2624618266","2765946082","2.15882"
"2765946082","2624618266","2.15882"
"1590891817","2340517214","0.166667"
"2340517214","1590891817","0.166667"
"2340517214","2548930627","0.166667"
"2548930627","2340517214","0.166667"
"137957752","2164124508","1"
"2164124508","137957752","1"
"137957752","2123836538","0.35"
"2123836538","137957752","0.35"
"1669736958","2123836538","0.1"
"2123836538","1669736958","0.1"
"1669736958","2266581756","0.1"
"2266581756","1669736958","0.1"
"1836127283","2123836538","0.1"
"2123836538","1836127283","0.1"
"1836127283","2266581756","0.1"
"2266581756","1836127283","0.1"
"2119299360","2123836538","0.1"
"2123836538","2119299360","0.1"
"2119299360","2266581756","0.1"
"2266581756","2119299360","0.1"
"2123836538","2135301395","0.6"
"2135301395","2123836538","0.6"
"2123836538","2138664750","0.35"
"2138664750","2123836538","0.35"
"2123836538","2266581756","0.35"
"2266581756","2123836538","0.35"
"2123836538","2398380785","0.35"
"2398380785","2123836538","0.35"
"2123836538","2624618266","0.433333"
"2624618266","2123836538","0.433333"
"2123836538","2765946082","0.1"
"2765946082","2123836538","0.1"
"2135301395","2266581756","0.1"
"2266581756","2135301395","0.1"
"2266581756","2398380785","0.35"
"2398380785","2266581756","0.35"
"2266581756","2765946082","0.1"
"2765946082","2266581756","0.1"
"1551549980","2153823842","1.83333"
"2153823842","1551549980","1.83333"
"1551549980","2123836538","5.83333"
"2123836538","1551549980","5.83333"
"1551549980","2624618266","0.666667"
"2624618266","1551549980","0.666667"
"2123836538","2153823842","7.83333"
"2153823842","2123836538","7.83333"
"1551549980","2135301395","2.33333"
"2135301395","1551549980","2.33333"
"1551549980","2340517214","0.333333"
"2340517214","1551549980","0.333333"
"1669736958","2548930627","1"
"2548930627","1669736958","1"
"2065128106","2123836538","0.5"
"2123836538","2065128106","0.5"
