"106880945","1479972092","0.415909"
"1479972092","106880945","0.415909"
"106880945","1490800269","0.915909"
"1490800269","106880945","0.915909"
"106880945","1500066768","1.94924"
"1500066768","106880945","1.94924"
"106880945","154628993","0.0909091"
"154628993","106880945","0.0909091"
"106880945","1608021225","2.78258"
"1608021225","106880945","2.78258"
"106880945","162330271","0.415909"
"162330271","106880945","0.415909"
"106880945","1897586680","0.215909"
"1897586680","106880945","0.215909"
"106880945","2112748741","0.790909"
"2112748741","106880945","0.790909"
"106880945","2134320606","0.590909"
"2134320606","106880945","0.590909"
"106880945","306443774","2.11591"
"306443774","106880945","2.11591"
"106880945","54185166","0.0909091"
"54185166","106880945","0.0909091"
"1479972092","1490800269","0.215909"
"1490800269","1479972092","0.215909"
"1479972092","1500066768","0.749242"
"1500066768","1479972092","0.749242"
"1479972092","154628993","0.233766"
"154628993","1479972092","0.233766"
"1479972092","1608021225","0.415909"
"1608021225","1479972092","0.415909"
"1479972092","162330271","0.6921"
"162330271","1479972092","0.6921"
"1479972092","1897586680","0.465909"
"1897586680","1479972092","0.465909"
"1479972092","2112748741","0.7671"
"2112748741","1479972092","0.7671"
"1479972092","2134320606","0.0909091"
"2134320606","1479972092","0.0909091"
"1479972092","306443774","0.749242"
"306443774","1479972092","0.749242"
"1479972092","54185166","0.0909091"
"54185166","1479972092","0.0909091"
"1490800269","1500066768","3.41591"
"1500066768","1490800269","3.41591"
"1490800269","154628993","0.0909091"
"154628993","1490800269","0.0909091"
"1490800269","1608021225","0.749242"
"1608021225","1490800269","0.749242"
"1490800269","162330271","0.415909"
"162330271","1490800269","0.415909"
"1490800269","1897586680","0.215909"
"1897586680","1490800269","0.215909"
"1490800269","2112748741","0.257576"
"2112748741","1490800269","0.257576"
"1490800269","2134320606","0.257576"
"2134320606","1490800269","0.257576"
"1490800269","306443774","1.08258"
"306443774","1490800269","1.08258"
"1490800269","54185166","0.0909091"
"54185166","1490800269","0.0909091"
"1500066768","154628993","0.0909091"
"154628993","1500066768","0.0909091"
"1500066768","1608021225","1.28258"
"1608021225","1500066768","1.28258"
"1500066768","162330271","0.915909"
"162330271","1500066768","0.915909"
"1500066768","1897586680","0.215909"
"1897586680","1500066768","0.215909"
"1500066768","2112748741","2.12424"
"2112748741","1500066768","2.12424"
"1500066768","2134320606","0.590909"
"2134320606","1500066768","0.590909"
"1500066768","306443774","2.94924"
"306443774","1500066768","2.94924"
"1500066768","54185166","0.0909091"
"54185166","1500066768","0.0909091"
"154628993","1608021225","0.0909091"
"1608021225","154628993","0.0909091"
"154628993","162330271","0.233766"
"162330271","154628993","0.233766"
"154628993","1897586680","0.0909091"
"1897586680","154628993","0.0909091"
"154628993","2112748741","0.233766"
"2112748741","154628993","0.233766"
"154628993","2134320606","0.0909091"
"2134320606","154628993","0.0909091"
"154628993","306443774","0.0909091"
"306443774","154628993","0.0909091"
"154628993","54185166","0.0909091"
"54185166","154628993","0.0909091"
"1608021225","162330271","0.415909"
"162330271","1608021225","0.415909"
"1608021225","1897586680","0.215909"
"1897586680","1608021225","0.215909"
"1608021225","2112748741","1.62424"
"2112748741","1608021225","1.62424"
"1608021225","2134320606","0.424242"
"2134320606","1608021225","0.424242"
"1608021225","306443774","1.44924"
"306443774","1608021225","1.44924"
"1608021225","54185166","0.0909091"
"54185166","1608021225","0.0909091"
"162330271","1897586680","0.215909"
"1897586680","162330271","0.215909"
"162330271","2112748741","0.233766"
"2112748741","162330271","0.233766"
"162330271","2134320606","0.0909091"
"2134320606","162330271","0.0909091"
"162330271","306443774","0.415909"
"306443774","162330271","0.415909"
"162330271","54185166","0.0909091"
"54185166","162330271","0.0909091"
"1897586680","2112748741","0.0909091"
"2112748741","1897586680","0.0909091"
"1897586680","2134320606","0.0909091"
"2134320606","1897586680","0.0909091"
"1897586680","306443774","0.215909"
"306443774","1897586680","0.215909"
"1897586680","54185166","0.0909091"
"54185166","1897586680","0.0909091"
"2112748741","2134320606","0.590909"
"2134320606","2112748741","0.590909"
"2112748741","306443774","5.12424"
"306443774","2112748741","5.12424"
"2112748741","54185166","0.0909091"
"54185166","2112748741","0.0909091"
"2134320606","306443774","2.59091"
"306443774","2134320606","2.59091"
"2134320606","54185166","0.0909091"
"54185166","2134320606","0.0909091"
"306443774","54185166","0.0909091"
"54185166","306443774","0.0909091"
"106880945","1755386400","0.125"
"1755386400","106880945","0.125"
"1479972092","1755386400","0.85119"
"1755386400","1479972092","0.85119"
"1490800269","1755386400","0.125"
"1755386400","1490800269","0.125"
"1500066768","1755386400","0.125"
"1755386400","1500066768","0.125"
"1608021225","1755386400","0.125"
"1755386400","1608021225","0.125"
"162330271","1755386400","0.60119"
"1755386400","162330271","0.60119"
"1755386400","1897586680","0.375"
"1897586680","1755386400","0.375"
"1755386400","306443774","0.125"
"306443774","1755386400","0.125"
"106880945","1501409973","0.166667"
"1501409973","106880945","0.166667"
"1500066768","1501409973","0.166667"
"1501409973","1500066768","0.166667"
"1501409973","1608021225","0.166667"
"1608021225","1501409973","0.166667"
"1501409973","2112748741","2.66667"
"2112748741","1501409973","2.66667"
"1501409973","2134320606","0.166667"
"2134320606","1501409973","0.166667"
"1501409973","306443774","0.166667"
"306443774","1501409973","0.166667"
"106880945","1983686037","0.333333"
"1983686037","106880945","0.333333"
"1490800269","1983686037","0.166667"
"1983686037","1490800269","0.166667"
"1500066768","1983686037","0.333333"
"1983686037","1500066768","0.333333"
"1983686037","2112748741","0.333333"
"2112748741","1983686037","0.333333"
"1983686037","2134320606","1.33333"
"2134320606","1983686037","1.33333"
"1983686037","306443774","0.333333"
"306443774","1983686037","0.333333"
"1608021225","1983686037","0.166667"
"1983686037","1608021225","0.166667"
"121471679","1755386400","0.47619"
"1755386400","121471679","0.47619"
"121471679","1983686037","1.66667"
"1983686037","121471679","1.66667"
"121471679","2039437390","0.47619"
"2039437390","121471679","0.47619"
"1755386400","1983686037","0.333333"
"1983686037","1755386400","0.333333"
"1755386400","2039437390","0.47619"
"2039437390","1755386400","0.47619"
"1983686037","2039437390","3.08333"
"2039437390","1983686037","3.08333"
"121471679","2067756294","2"
"2067756294","121471679","2"
"121471679","54185166","1"
"54185166","121471679","1"
"121471679","1479972092","0.47619"
"1479972092","121471679","0.47619"
"121471679","1521274513","0.142857"
"1521274513","121471679","0.142857"
"121471679","154628993","0.142857"
"154628993","121471679","0.142857"
"121471679","162330271","0.142857"
"162330271","121471679","0.142857"
"121471679","2112748741","0.142857"
"2112748741","121471679","0.142857"
"1479972092","1521274513","0.142857"
"1521274513","1479972092","0.142857"
"1479972092","2039437390","0.142857"
"2039437390","1479972092","0.142857"
"1521274513","154628993","0.142857"
"154628993","1521274513","0.142857"
"1521274513","162330271","0.142857"
"162330271","1521274513","0.142857"
"1521274513","1755386400","0.142857"
"1755386400","1521274513","0.142857"
"1521274513","2039437390","0.142857"
"2039437390","1521274513","0.142857"
"1521274513","2112748741","0.142857"
"2112748741","1521274513","0.142857"
"154628993","1755386400","0.142857"
"1755386400","154628993","0.142857"
"154628993","2039437390","0.892857"
"2039437390","154628993","0.892857"
"162330271","2039437390","0.142857"
"2039437390","162330271","0.142857"
"1755386400","2112748741","0.142857"
"2112748741","1755386400","0.142857"
"2039437390","2112748741","0.642857"
"2112748741","2039437390","0.642857"
"121471679","306443774","1"
"306443774","121471679","1"
"121471679","1897858235","0.333333"
"1897858235","121471679","0.333333"
"1479972092","1897858235","0.666667"
"1897858235","1479972092","0.666667"
"1479972092","1983686037","1.33333"
"1983686037","1479972092","1.33333"
"1897858235","1983686037","0.333333"
"1983686037","1897858235","0.333333"
"135150506","154628993","0.25"
"154628993","135150506","0.25"
"135150506","1983686037","0.25"
"1983686037","135150506","0.25"
"135150506","2039437390","0.25"
"2039437390","135150506","0.25"
"135150506","55901728","8.75"
"55901728","135150506","8.75"
"154628993","1983686037","2.75"
"1983686037","154628993","2.75"
"154628993","55901728","0.25"
"55901728","154628993","0.25"
"1983686037","55901728","0.25"
"55901728","1983686037","0.25"
"2039437390","55901728","0.25"
"55901728","2039437390","0.25"
"135150506","2067756294","0.5"
"2067756294","135150506","0.5"
"2067756294","55901728","0.5"
"55901728","2067756294","0.5"
"135150506","2202397486","1.25"
"2202397486","135150506","1.25"
"135150506","2395861693","0.75"
"2395861693","135150506","0.75"
"2202397486","2395861693","13.75"
"2395861693","2202397486","13.75"
"2202397486","55901728","0.75"
"55901728","2202397486","0.75"
"135150506","1521274513","0.25"
"1521274513","135150506","0.25"
"1521274513","2202397486","0.75"
"2202397486","1521274513","0.75"
"1521274513","2395861693","0.75"
"2395861693","1521274513","0.75"
"1521274513","55901728","0.25"
"55901728","1521274513","0.25"
"2395861693","55901728","0.25"
"55901728","2395861693","0.25"
"135150506","1479972092","0.25"
"1479972092","135150506","0.25"
"135150506","1755386400","0.25"
"1755386400","135150506","0.25"
"135150506","1897586680","0.25"
"1897586680","135150506","0.25"
"1479972092","55901728","0.25"
"55901728","1479972092","0.25"
"1755386400","55901728","0.25"
"55901728","1755386400","0.25"
"1897586680","55901728","0.25"
"55901728","1897586680","0.25"
"162330271","1897858235","0.333333"
"1897858235","162330271","0.333333"
"1755386400","1897858235","0.333333"
"1897858235","1755386400","0.333333"
"1500066768","1897858235","0.5"
"1897858235","1500066768","0.5"
"1897858235","306443774","0.5"
"306443774","1897858235","0.5"
"1500066768","2067756294","0.5"
"2067756294","1500066768","0.5"
"162330271","2067756294","0.5"
"2067756294","162330271","0.5"
"1501409973","2039437390","2"
"2039437390","1501409973","2"
"1501409973","1897858235","0.5"
"1897858235","1501409973","0.5"
"1897858235","2039437390","0.5"
"2039437390","1897858235","0.5"
"1599075295","185032413","1"
"185032413","1599075295","1"
"1599075295","2149129030","2.33333"
"2149129030","1599075295","2.33333"
"185032413","2149129030","2"
"2149129030","185032413","2"
"1599075295","2153204881","3.33333"
"2153204881","1599075295","3.33333"
"1599075295","2914441927","0.333333"
"2914441927","1599075295","0.333333"
"2149129030","2153204881","0.833333"
"2153204881","2149129030","0.833333"
"2149129030","2914441927","0.333333"
"2914441927","2149129030","0.333333"
"2153204881","2914441927","3.66667"
"2914441927","2153204881","3.66667"
"1599075295","2159029283","1"
"2159029283","1599075295","1"
"185032413","1983686037","0.5"
"1983686037","185032413","0.5"
"1983686037","2149129030","0.5"
"2149129030","1983686037","0.5"
"185032413","2153204881","4.5"
"2153204881","185032413","4.5"
"1897586680","1897858235","0.833333"
"1897858235","1897586680","0.833333"
"1897586680","2153204881","0.833333"
"2153204881","1897586680","0.833333"
"1897858235","2153204881","0.833333"
"2153204881","1897858235","0.833333"
"1897586680","1983686037","1"
"1983686037","1897586680","1"
"1897586680","2914441927","0.333333"
"2914441927","1897586680","0.333333"
"1897858235","2914441927","0.333333"
"2914441927","1897858235","0.333333"
"1897858235","2202397486","0.5"
"2202397486","1897858235","0.5"
"1897858235","2395861693","0.5"
"2395861693","1897858235","0.5"
"1983686037","2159029283","1"
"2159029283","1983686037","1"
"1994085988","2067756294","2"
"2067756294","1994085988","2"
"2039437390","54185166","1"
"54185166","2039437390","1"
"2039437390","2202397486","1"
"2202397486","2039437390","1"
"2134320606","2914441927","1"
"2914441927","2134320606","1"
