"118364509","1996779159","2.30952"
"1996779159","118364509","2.30952"
"118364509","129232826","0.309524"
"129232826","118364509","0.309524"
"118364509","1510533482","0.142857"
"1510533482","118364509","0.142857"
"118364509","1512763026","0.142857"
"1512763026","118364509","0.142857"
"118364509","184944961","0.309524"
"184944961","118364509","0.309524"
"118364509","1992761000","0.47619"
"1992761000","118364509","0.47619"
"118364509","205875543","0.309524"
"205875543","118364509","0.309524"
"129232826","1510533482","0.142857"
"1510533482","129232826","0.142857"
"129232826","1512763026","0.142857"
"1512763026","129232826","0.142857"
"129232826","184944961","5.26349"
"184944961","129232826","5.26349"
"129232826","1992761000","1.28571"
"1992761000","129232826","1.28571"
"129232826","1996779159","0.620635"
"1996779159","129232826","0.620635"
"129232826","205875543","0.563492"
"205875543","129232826","0.563492"
"1510533482","1512763026","0.142857"
"1512763026","1510533482","0.142857"
"1510533482","184944961","0.285714"
"184944961","1510533482","0.285714"
"1510533482","1992761000","0.285714"
"1992761000","1510533482","0.285714"
"1510533482","1996779159","0.142857"
"1996779159","1510533482","0.142857"
"1510533482","205875543","0.142857"
"205875543","1510533482","0.142857"
"1512763026","184944961","0.142857"
"184944961","1512763026","0.142857"
"1512763026","1992761000","0.142857"
"1992761000","1512763026","0.142857"
"1512763026","1996779159","1.14286"
"1996779159","1512763026","1.14286"
"1512763026","205875543","0.142857"
"205875543","1512763026","0.142857"
"184944961","1992761000","1.09524"
"1992761000","184944961","1.09524"
"184944961","1996779159","0.620635"
"1996779159","184944961","0.620635"
"184944961","205875543","0.563492"
"205875543","184944961","0.563492"
"1992761000","1996779159","1.14286"
"1996779159","1992761000","1.14286"
"1992761000","205875543","0.535714"
"205875543","1992761000","0.535714"
"1996779159","205875543","1.92063"
"205875543","1996779159","1.92063"
"118364509","1489832161","0.166667"
"1489832161","118364509","0.166667"
"118364509","2133241651","0.166667"
"2133241651","118364509","0.166667"
"129232826","1489832161","0.166667"
"1489832161","129232826","0.166667"
"129232826","2133241651","0.977778"
"2133241651","129232826","0.977778"
"1489832161","184944961","1.16667"
"184944961","1489832161","1.16667"
"1489832161","1996779159","1.16667"
"1996779159","1489832161","1.16667"
"1489832161","205875543","0.166667"
"205875543","1489832161","0.166667"
"1489832161","2133241651","0.416667"
"2133241651","1489832161","0.416667"
"184944961","2133241651","1.2873"
"2133241651","184944961","1.2873"
"1996779159","2133241651","2.47778"
"2133241651","1996779159","2.47778"
"205875543","2133241651","1.77778"
"2133241651","205875543","1.77778"
"118364509","151515532","0.333333"
"151515532","118364509","0.333333"
"118364509","2130166159","0.333333"
"2130166159","118364509","0.333333"
"151515532","1992761000","0.533333"
"1992761000","151515532","0.533333"
"151515532","2130166159","1.83333"
"2130166159","151515532","1.83333"
"1992761000","2130166159","0.333333"
"2130166159","1992761000","0.333333"
"120836258","2096580990","1.5"
"2096580990","120836258","1.5"
"120836258","1992761000","2.5"
"1992761000","120836258","2.5"
"120836258","129232826","0.311111"
"129232826","120836258","0.311111"
"120836258","184944961","0.311111"
"184944961","120836258","0.311111"
"120836258","1952332000","0.111111"
"1952332000","120836258","0.111111"
"120836258","1989642178","0.111111"
"1989642178","120836258","0.111111"
"120836258","1996779159","1.31111"
"1996779159","120836258","1.31111"
"120836258","205875543","0.111111"
"205875543","120836258","0.111111"
"120836258","2133241651","0.311111"
"2133241651","120836258","0.311111"
"120836258","2184223096","0.111111"
"2184223096","120836258","0.111111"
"120836258","2399452250","0.111111"
"2399452250","120836258","0.111111"
"129232826","1952332000","0.253968"
"1952332000","129232826","0.253968"
"129232826","1989642178","0.111111"
"1989642178","129232826","0.111111"
"129232826","2184223096","0.111111"
"2184223096","129232826","0.111111"
"129232826","2399452250","0.111111"
"2399452250","129232826","0.111111"
"184944961","1952332000","1.06349"
"1952332000","184944961","1.06349"
"184944961","1989642178","0.111111"
"1989642178","184944961","0.111111"
"184944961","2184223096","0.111111"
"2184223096","184944961","0.111111"
"184944961","2399452250","0.111111"
"2399452250","184944961","0.111111"
"1952332000","1989642178","0.111111"
"1989642178","1952332000","0.111111"
"1952332000","1996779159","0.611111"
"1996779159","1952332000","0.611111"
"1952332000","205875543","1.25397"
"205875543","1952332000","1.25397"
"1952332000","2133241651","5.20397"
"2133241651","1952332000","5.20397"
"1952332000","2184223096","1.14444"
"2184223096","1952332000","1.14444"
"1952332000","2399452250","2.14444"
"2399452250","1952332000","2.14444"
"1989642178","1996779159","0.111111"
"1996779159","1989642178","0.111111"
"1989642178","205875543","0.111111"
"205875543","1989642178","0.111111"
"1989642178","2133241651","0.111111"
"2133241651","1989642178","0.111111"
"1989642178","2184223096","0.111111"
"2184223096","1989642178","0.111111"
"1989642178","2399452250","1.11111"
"2399452250","1989642178","1.11111"
"1996779159","2184223096","0.111111"
"2184223096","1996779159","0.111111"
"1996779159","2399452250","0.111111"
"2399452250","1996779159","0.111111"
"205875543","2184223096","0.111111"
"2184223096","205875543","0.111111"
"205875543","2399452250","0.361111"
"2399452250","205875543","0.361111"
"2133241651","2184223096","0.111111"
"2184223096","2133241651","0.111111"
"2133241651","2399452250","0.611111"
"2399452250","2133241651","0.611111"
"2184223096","2399452250","0.644444"
"2399452250","2184223096","0.644444"
"1992761000","2096580990","2.67619"
"2096580990","1992761000","2.67619"
"120836258","2043767259","1"
"2043767259","120836258","1"
"120836258","2119038704","0.2"
"2119038704","120836258","0.2"
"129232826","2119038704","0.342857"
"2119038704","129232826","0.342857"
"184944961","2119038704","0.652381"
"2119038704","184944961","0.652381"
"1996779159","2119038704","0.7"
"2119038704","1996779159","0.7"
"2119038704","2133241651","1.54286"
"2133241651","2119038704","1.54286"
"1992761000","2133241651","2.67619"
"2133241651","1992761000","2.67619"
"129232826","2043767259","0.142857"
"2043767259","129232826","0.142857"
"129232826","2096580990","0.142857"
"2096580990","129232826","0.142857"
"184944961","2043767259","0.309524"
"2043767259","184944961","0.309524"
"184944961","2096580990","0.309524"
"2096580990","184944961","0.309524"
"1952332000","1992761000","4.68571"
"1992761000","1952332000","4.68571"
"1952332000","2043767259","1.00952"
"2043767259","1952332000","1.00952"
"1952332000","2096580990","1.09286"
"2096580990","1952332000","1.09286"
"1952332000","2119038704","0.652381"
"2119038704","1952332000","0.652381"
"1992761000","2043767259","0.509524"
"2043767259","1992761000","0.509524"
"1992761000","2119038704","5.23571"
"2119038704","1992761000","5.23571"
"2043767259","205875543","0.142857"
"205875543","2043767259","0.142857"
"2043767259","2096580990","1.30952"
"2096580990","2043767259","1.30952"
"2043767259","2119038704","0.309524"
"2119038704","2043767259","0.309524"
"205875543","2096580990","0.142857"
"2096580990","205875543","0.142857"
"205875543","2119038704","0.392857"
"2119038704","205875543","0.392857"
"2096580990","2119038704","0.842857"
"2119038704","2096580990","0.842857"
"1489832161","1952332000","0.25"
"1952332000","1489832161","0.25"
"1489832161","2096580990","0.25"
"2096580990","1489832161","0.25"
"1489832161","80315056","0.25"
"80315056","1489832161","0.25"
"1952332000","80315056","0.392857"
"80315056","1952332000","0.392857"
"2096580990","2133241651","1.78333"
"2133241651","2096580990","1.78333"
"2096580990","80315056","0.75"
"80315056","2096580990","0.75"
"2133241651","80315056","0.892857"
"80315056","2133241651","0.892857"
"1510533482","1952332000","0.142857"
"1952332000","1510533482","0.142857"
"1510533482","2077232322","1.14286"
"2077232322","1510533482","1.14286"
"1510533482","2119038704","0.142857"
"2119038704","1510533482","0.142857"
"1510533482","2133241651","0.142857"
"2133241651","1510533482","0.142857"
"1510533482","80315056","0.142857"
"80315056","1510533482","0.142857"
"184944961","2077232322","0.142857"
"2077232322","184944961","0.142857"
"184944961","80315056","0.142857"
"80315056","184944961","0.142857"
"1952332000","2077232322","0.642857"
"2077232322","1952332000","0.642857"
"1992761000","2077232322","0.642857"
"2077232322","1992761000","0.642857"
"1992761000","80315056","0.142857"
"80315056","1992761000","0.142857"
"2077232322","2119038704","1.14286"
"2119038704","2077232322","1.14286"
"2077232322","2133241651","0.142857"
"2133241651","2077232322","0.142857"
"2077232322","80315056","0.142857"
"80315056","2077232322","0.142857"
"2119038704","80315056","0.142857"
"80315056","2119038704","0.142857"
"1510533482","1970350336","1"
"1970350336","1510533482","1"
"1510533482","2096580990","1"
"2096580990","1510533482","1"
"1510533482","2043720977","1"
"2043720977","1510533482","1"
"1512763026","1989642178","0.583333"
"1989642178","1512763026","0.583333"
"1512763026","2077232322","0.25"
"2077232322","1512763026","0.25"
"1512763026","2092711259","0.25"
"2092711259","1512763026","0.25"
"1512763026","2913134911","0.25"
"2913134911","1512763026","0.25"
"1989642178","2077232322","1.5"
"2077232322","1989642178","1.5"
"1989642178","2092711259","0.833333"
"2092711259","1989642178","0.833333"
"1989642178","2913134911","1.25"
"2913134911","1989642178","1.25"
"2077232322","2092711259","0.833333"
"2092711259","2077232322","0.833333"
"2077232322","2913134911","0.75"
"2913134911","2077232322","0.75"
"2092711259","2913134911","1.25"
"2913134911","2092711259","1.25"
"1512763026","1970350336","0.333333"
"1970350336","1512763026","0.333333"
"1512763026","2087582772","0.333333"
"2087582772","1512763026","0.333333"
"1970350336","1989642178","1.75"
"1989642178","1970350336","1.75"
"1970350336","2087582772","6.98333"
"2087582772","1970350336","6.98333"
"1989642178","2087582772","1.41667"
"2087582772","1989642178","1.41667"
"151515532","1952332000","0.7"
"1952332000","151515532","0.7"
"151515532","2043767259","0.2"
"2043767259","151515532","0.2"
"151515532","2184223096","0.2"
"2184223096","151515532","0.2"
"151515532","2399452250","0.2"
"2399452250","151515532","0.2"
"1992761000","2184223096","1.7"
"2184223096","1992761000","1.7"
"1992761000","2399452250","2.95"
"2399452250","1992761000","2.95"
"2043767259","2184223096","0.2"
"2184223096","2043767259","0.2"
"2043767259","2399452250","0.2"
"2399452250","2043767259","0.2"
"1952332000","2130166159","0.5"
"2130166159","1952332000","0.5"
"1517699105","1996779159","0.5"
"1996779159","1517699105","0.5"
"1517699105","2119038704","0.5"
"2119038704","1517699105","0.5"
"2043767259","2133241651","3.16667"
"2133241651","2043767259","3.16667"
"1952332000","2098070877","0.833333"
"2098070877","1952332000","0.833333"
"2043767259","2098070877","0.5"
"2098070877","2043767259","0.5"
"1952332000","1998996764","0.2"
"1998996764","1952332000","0.2"
"1992761000","1998996764","0.7"
"1998996764","1992761000","0.7"
"1998996764","2096580990","0.2"
"2096580990","1998996764","0.2"
"1998996764","2119038704","5.7"
"2119038704","1998996764","5.7"
"1998996764","2133241651","0.2"
"2133241651","1998996764","0.2"
"2098070877","2184223096","0.333333"
"2184223096","2098070877","0.333333"
"2098070877","2399452250","0.583333"
"2399452250","2098070877","0.583333"
"1961356389","2295222596","0.95"
"2295222596","1961356389","0.95"
"1961356389","2624241723","0.75"
"2624241723","1961356389","0.75"
"2295222596","2624241723","6.83333"
"2624241723","2295222596","6.83333"
"1961356389","1970350336","0.45"
"1970350336","1961356389","0.45"
"1961356389","2891938362","0.583333"
"2891938362","1961356389","0.583333"
"1970350336","2295222596","1.28333"
"2295222596","1970350336","1.28333"
"1970350336","2624241723","0.75"
"2624241723","1970350336","0.75"
"1970350336","2891938362","3.45"
"2891938362","1970350336","3.45"
"2295222596","2891938362","0.25"
"2891938362","2295222596","0.25"
"2624241723","2891938362","0.25"
"2891938362","2624241723","0.25"
"1961356389","2077232322","0.5"
"2077232322","1961356389","0.5"
"1961356389","2913134911","1.03333"
"2913134911","1961356389","1.03333"
"1961356389","2955478761","0.5"
"2955478761","1961356389","0.5"
"1961356389","2981251027","0.5"
"2981251027","1961356389","0.5"
"2955478761","2981251027","28.7833"
"2981251027","2955478761","28.7833"
"1961356389","2092711259","0.333333"
"2092711259","1961356389","0.333333"
"2092711259","2891938362","0.333333"
"2891938362","2092711259","0.333333"
"2891938362","2913134911","1.53333"
"2913134911","2891938362","1.53333"
"1961356389","2003115510","0.2"
"2003115510","1961356389","0.2"
"1961356389","2087582772","0.2"
"2087582772","1961356389","0.2"
"1970350336","2003115510","1.23333"
"2003115510","1970350336","1.23333"
"1970350336","2913134911","1.06667"
"2913134911","1970350336","1.06667"
"2003115510","2087582772","0.4"
"2087582772","2003115510","0.4"
"2003115510","2295222596","0.2"
"2295222596","2003115510","0.2"
"2003115510","2913134911","0.4"
"2913134911","2003115510","0.4"
"2087582772","2295222596","1.03333"
"2295222596","2087582772","1.03333"
"2087582772","2913134911","1.06667"
"2913134911","2087582772","1.06667"
"2295222596","2913134911","0.866667"
"2913134911","2295222596","0.866667"
"1970350336","2092711259","1.41667"
"2092711259","1970350336","1.41667"
"2087582772","2092711259","1.08333"
"2092711259","2087582772","1.08333"
"2087582772","2624241723","0.5"
"2624241723","2087582772","0.5"
"2092711259","2295222596","1.83333"
"2295222596","2092711259","1.83333"
"2092711259","2624241723","1.83333"
"2624241723","2092711259","1.83333"
"1970350336","1978830087","0.7"
"1978830087","1970350336","0.7"
"1978830087","2003115510","3.03333"
"2003115510","1978830087","3.03333"
"1970350336","2077232322","0.916667"
"2077232322","1970350336","0.916667"
"2077232322","2087582772","0.583333"
"2087582772","2077232322","0.583333"
"1970350336","2955478761","0.333333"
"2955478761","1970350336","0.333333"
"1970350336","2981251027","0.333333"
"2981251027","1970350336","0.333333"
"2003115510","2955478761","0.533333"
"2955478761","2003115510","0.533333"
"2003115510","2981251027","0.533333"
"2981251027","2003115510","0.533333"
"1978830087","2087582772","0.2"
"2087582772","1978830087","0.2"
"1978830087","2891938362","0.7"
"2891938362","1978830087","0.7"
"1978830087","2913134911","0.2"
"2913134911","1978830087","0.2"
"2003115510","2891938362","0.7"
"2891938362","2003115510","0.7"
"2087582772","2891938362","0.2"
"2891938362","2087582772","0.2"
"1978830087","1989642178","0.833333"
"1989642178","1978830087","0.833333"
"1989642178","2003115510","1.03333"
"2003115510","1989642178","1.03333"
"1978830087","2077232322","0.333333"
"2077232322","1978830087","0.333333"
"2003115510","2077232322","1.33333"
"2077232322","2003115510","1.33333"
"1989642178","1992761000","1.5"
"1992761000","1989642178","1.5"
"1989642178","2119038704","0.5"
"2119038704","1989642178","0.5"
"1989642178","2811138176","0.2"
"2811138176","1989642178","0.2"
"1989642178","2955478761","0.2"
"2955478761","1989642178","0.2"
"1989642178","2981251027","0.2"
"2981251027","1989642178","0.2"
"1989642178","3012848202","0.2"
"3012848202","1989642178","0.2"
"2003115510","2811138176","0.2"
"2811138176","2003115510","0.2"
"2003115510","3012848202","0.2"
"3012848202","2003115510","0.2"
"2811138176","2955478761","7.7"
"2955478761","2811138176","7.7"
"2811138176","2981251027","7.7"
"2981251027","2811138176","7.7"
"2811138176","3012848202","7.86667"
"3012848202","2811138176","7.86667"
"2955478761","3012848202","3.11667"
"3012848202","2955478761","3.11667"
"2981251027","3012848202","3.11667"
"3012848202","2981251027","3.11667"
"1992761000","2098070877","0.25"
"2098070877","1992761000","0.25"
"205875543","2098070877","0.25"
"2098070877","205875543","0.25"
"2098070877","2119038704","0.25"
"2119038704","2098070877","0.25"
"2119038704","2399452250","0.75"
"2399452250","2119038704","0.75"
"2043720977","205875543","1"
"205875543","2043720977","1"
"2077232322","2096580990","1"
"2096580990","2077232322","1"
"2077232322","2955478761","0.5"
"2955478761","2077232322","0.5"
"2077232322","2981251027","0.5"
"2981251027","2077232322","0.5"
"2624241723","2913134911","1.33333"
"2913134911","2624241723","1.33333"
"2096580990","2399452250","1"
"2399452250","2096580990","1"
"2295222596","2955478761","0.25"
"2955478761","2295222596","0.25"
"2295222596","2981251027","0.25"
"2981251027","2295222596","0.25"
"2295222596","3012848202","0.25"
"3012848202","2295222596","0.25"
"2624241723","2955478761","0.25"
"2955478761","2624241723","0.25"
"2624241723","2981251027","0.25"
"2981251027","2624241723","0.25"
"2624241723","3012848202","0.25"
"3012848202","2624241723","0.25"
"2782347812","2811138176","4.33333"
"2811138176","2782347812","4.33333"
"2782347812","3012848202","1"
"3012848202","2782347812","1"
"2782347812","2955478761","0.833333"
"2955478761","2782347812","0.833333"
"2782347812","2981251027","0.833333"
"2981251027","2782347812","0.833333"
"2811138176","2913134911","1"
"2913134911","2811138176","1"
