"1496330239","1571092498","4.11111"
"1571092498","1496330239","4.11111"
"1496330239","1570499854","1.11111"
"1570499854","1496330239","1.11111"
"1496330239","2153322883","0.444444"
"2153322883","1496330239","0.444444"
"1570499854","1571092498","2.61111"
"1571092498","1570499854","2.61111"
"1570499854","2153322883","0.444444"
"2153322883","1570499854","0.444444"
"1571092498","2153322883","0.944444"
"2153322883","1571092498","0.944444"
"1496330239","2073757704","0.777778"
"2073757704","1496330239","0.777778"
"1570499854","2073757704","2.77778"
"2073757704","1570499854","2.77778"
"1571092498","2073757704","1.27778"
"2073757704","1571092498","1.27778"
"1496330239","1510888899","0.111111"
"1510888899","1496330239","0.111111"
"1496330239","1520779134","0.111111"
"1520779134","1496330239","0.111111"
"1496330239","2076112456","0.111111"
"2076112456","1496330239","0.111111"
"1496330239","2103839338","0.111111"
"2103839338","1496330239","0.111111"
"1496330239","2168366350","0.111111"
"2168366350","1496330239","0.111111"
"1510888899","1520779134","0.861111"
"1520779134","1510888899","0.861111"
"1510888899","1570499854","0.111111"
"1570499854","1510888899","0.111111"
"1510888899","1571092498","0.111111"
"1571092498","1510888899","0.111111"
"1510888899","2073757704","0.111111"
"2073757704","1510888899","0.111111"
"1510888899","2076112456","0.361111"
"2076112456","1510888899","0.361111"
"1510888899","2103839338","0.111111"
"2103839338","1510888899","0.111111"
"1510888899","2153322883","0.111111"
"2153322883","1510888899","0.111111"
"1510888899","2168366350","0.361111"
"2168366350","1510888899","0.361111"
"1520779134","1570499854","0.111111"
"1570499854","1520779134","0.111111"
"1520779134","1571092498","0.111111"
"1571092498","1520779134","0.111111"
"1520779134","2073757704","0.111111"
"2073757704","1520779134","0.111111"
"1520779134","2076112456","2.56111"
"2076112456","1520779134","2.56111"
"1520779134","2103839338","0.111111"
"2103839338","1520779134","0.111111"
"1520779134","2153322883","0.111111"
"2153322883","1520779134","0.111111"
"1520779134","2168366350","0.861111"
"2168366350","1520779134","0.861111"
"1570499854","2076112456","0.111111"
"2076112456","1570499854","0.111111"
"1570499854","2103839338","0.111111"
"2103839338","1570499854","0.111111"
"1570499854","2168366350","0.111111"
"2168366350","1570499854","0.111111"
"1571092498","2076112456","0.111111"
"2076112456","1571092498","0.111111"
"1571092498","2103839338","0.111111"
"2103839338","1571092498","0.111111"
"1571092498","2168366350","0.111111"
"2168366350","1571092498","0.111111"
"2073757704","2076112456","0.111111"
"2076112456","2073757704","0.111111"
"2073757704","2103839338","0.111111"
"2103839338","2073757704","0.111111"
"2073757704","2153322883","1.61111"
"2153322883","2073757704","1.61111"
"2073757704","2168366350","0.111111"
"2168366350","2073757704","0.111111"
"2076112456","2103839338","0.277778"
"2103839338","2076112456","0.277778"
"2076112456","2153322883","0.111111"
"2153322883","2076112456","0.111111"
"2076112456","2168366350","1.3373"
"2168366350","2076112456","1.3373"
"2103839338","2153322883","0.111111"
"2153322883","2103839338","0.111111"
"2103839338","2168366350","1.27778"
"2168366350","2103839338","1.27778"
"2153322883","2168366350","0.111111"
"2168366350","2153322883","0.111111"
"1503429812","1588122731","1.86667"
"1588122731","1503429812","1.86667"
"1503429812","2035438947","1.2"
"2035438947","1503429812","1.2"
"1503429812","2076112456","0.366667"
"2076112456","1503429812","0.366667"
"1503429812","2103839338","3.5"
"2103839338","1503429812","3.5"
"1503429812","2107114959","1.5"
"2107114959","1503429812","1.5"
"1503429812","2168366350","0.666667"
"2168366350","1503429812","0.666667"
"1588122731","2035438947","2.86667"
"2035438947","1588122731","2.86667"
"1588122731","2076112456","2.36667"
"2076112456","1588122731","2.36667"
"1588122731","2103839338","0.166667"
"2103839338","1588122731","0.166667"
"1588122731","2107114959","0.666667"
"2107114959","1588122731","0.666667"
"1588122731","2168366350","0.166667"
"2168366350","1588122731","0.166667"
"2035438947","2076112456","1.25952"
"2076112456","2035438947","1.25952"
"2035438947","2103839338","0.5"
"2103839338","2035438947","0.5"
"2035438947","2107114959","1.39286"
"2107114959","2035438947","1.39286"
"2035438947","2168366350","2.05952"
"2168366350","2035438947","2.05952"
"2076112456","2107114959","2.05952"
"2107114959","2076112456","2.05952"
"2103839338","2107114959","0.5"
"2107114959","2103839338","0.5"
"2107114959","2168366350","1.72619"
"2168366350","2107114959","1.72619"
"1503429812","2073757704","0.333333"
"2073757704","1503429812","0.333333"
"1503429812","2131209722","0.833333"
"2131209722","1503429812","0.833333"
"1503429812","2784770265","1.03333"
"2784770265","1503429812","1.03333"
"2073757704","2131209722","0.333333"
"2131209722","2073757704","0.333333"
"2073757704","2784770265","0.333333"
"2784770265","2073757704","0.333333"
"2131209722","2784770265","1.16667"
"2784770265","2131209722","1.16667"
"1503429812","1520779134","0.7"
"1520779134","1503429812","0.7"
"1520779134","1588122731","0.7"
"1588122731","1520779134","0.7"
"1520779134","2035438947","5.28333"
"2035438947","1520779134","5.28333"
"1520779134","2784770265","0.533333"
"2784770265","1520779134","0.533333"
"1588122731","2784770265","0.2"
"2784770265","1588122731","0.2"
"2035438947","2784770265","0.92619"
"2784770265","2035438947","0.92619"
"2076112456","2784770265","2.59286"
"2784770265","2076112456","2.59286"
"1503429812","1965205899","0.5"
"1965205899","1503429812","0.5"
"1588122731","1965205899","0.5"
"1965205899","1588122731","0.5"
"1503429812","2161256170","0.5"
"2161256170","1503429812","0.5"
"1520779134","2161256170","2.33333"
"2161256170","1520779134","2.33333"
"1510888899","2740870864","1"
"2740870864","1510888899","1"
"1510888899","2035438947","0.75"
"2035438947","1510888899","0.75"
"1520779134","2107114959","0.5"
"2107114959","1520779134","0.5"
"2035438947","2161256170","2.72619"
"2161256170","2035438947","2.72619"
"1520779134","2903504866","0.5"
"2903504866","1520779134","0.5"
"2161256170","2903504866","0.5"
"2903504866","2161256170","0.5"
"1520779134","1700315721","0.5"
"1700315721","1520779134","0.5"
"1700315721","2161256170","0.5"
"2161256170","1700315721","0.5"
"2161256170","2784770265","0.72619"
"2784770265","2161256170","0.72619"
"1570499854","1570950753","0.5"
"1570950753","1570499854","0.5"
"1570950753","1571092498","0.5"
"1571092498","1570950753","0.5"
"1570950753","2073757704","0.5"
"2073757704","1570950753","0.5"
"1570950753","2153322883","1.5"
"2153322883","1570950753","1.5"
"1588122731","2161256170","0.5"
"2161256170","1588122731","0.5"
"1588122731","2153322883","1"
"2153322883","1588122731","1"
"1965205899","2073757704","0.5"
"2073757704","1965205899","0.5"
"1965205899","2153322883","0.5"
"2153322883","1965205899","0.5"
"2035438947","2625495766","0.392857"
"2625495766","2035438947","0.392857"
"2035438947","2747146354","0.142857"
"2747146354","2035438947","0.142857"
"2076112456","2161256170","0.392857"
"2161256170","2076112456","0.392857"
"2076112456","2625495766","2.39286"
"2625495766","2076112456","2.39286"
"2076112456","2747146354","1.47619"
"2747146354","2076112456","1.47619"
"2107114959","2161256170","0.142857"
"2161256170","2107114959","0.142857"
"2107114959","2625495766","1.39286"
"2625495766","2107114959","1.39286"
"2107114959","2747146354","0.309524"
"2747146354","2107114959","0.309524"
"2107114959","2784770265","1.14286"
"2784770265","2107114959","1.14286"
"2161256170","2168366350","0.392857"
"2168366350","2161256170","0.392857"
"2161256170","2625495766","0.142857"
"2625495766","2161256170","0.142857"
"2161256170","2747146354","0.142857"
"2747146354","2161256170","0.142857"
"2168366350","2625495766","0.559524"
"2625495766","2168366350","0.559524"
"2168366350","2747146354","0.309524"
"2747146354","2168366350","0.309524"
"2168366350","2784770265","0.559524"
"2784770265","2168366350","0.559524"
"2625495766","2747146354","1.47619"
"2747146354","2625495766","1.47619"
"2625495766","2784770265","12.6429"
"2784770265","2625495766","12.6429"
"2747146354","2784770265","2.47619"
"2784770265","2747146354","2.47619"
"2035438947","2740870864","0.5"
"2740870864","2035438947","0.5"
"2107114959","2740870864","0.666667"
"2740870864","2107114959","0.666667"
"2076112456","2131209722","2.33333"
"2131209722","2076112456","2.33333"
"2131209722","2625495766","1.83333"
"2625495766","2131209722","1.83333"
"2076112456","2903504866","1.5"
"2903504866","2076112456","1.5"
"2625495766","2903504866","2"
"2903504866","2625495766","2"
"2076112456","2740870864","0.166667"
"2740870864","2076112456","0.166667"
"2168366350","2740870864","0.166667"
"2740870864","2168366350","0.166667"
"2625495766","2740870864","0.166667"
"2740870864","2625495766","0.166667"
"2740870864","2747146354","0.166667"
"2747146354","2740870864","0.166667"
"2740870864","2784770265","0.166667"
"2784770265","2740870864","0.166667"
"2103839338","2131209722","2"
"2131209722","2103839338","2"
"2131209722","2747146354","0.5"
"2747146354","2131209722","0.5"
"2784770265","2903504866","1.5"
"2903504866","2784770265","1.5"
