"138143801","182987280","0.236111"
"182987280","138143801","0.236111"
"138143801","2072624535","0.111111"
"2072624535","138143801","0.111111"
"138143801","2135606712","0.111111"
"2135606712","138143801","0.111111"
"138143801","2141739729","0.402778"
"2141739729","138143801","0.402778"
"138143801","2142924370","0.777778"
"2142924370","138143801","0.777778"
"138143801","2160996543","0.402778"
"2160996543","138143801","0.402778"
"138143801","2161291631","0.402778"
"2161291631","138143801","0.402778"
"138143801","2161778800","0.402778"
"2161778800","138143801","0.402778"
"138143801","78987262","0.277778"
"78987262","138143801","0.277778"
"182987280","2072624535","1.54444"
"2072624535","182987280","1.54444"
"182987280","2135606712","1.49444"
"2135606712","182987280","1.49444"
"182987280","2141739729","1.25278"
"2141739729","182987280","1.25278"
"182987280","2142924370","0.111111"
"2142924370","182987280","0.111111"
"182987280","2160996543","8.68611"
"2160996543","182987280","8.68611"
"182987280","2161291631","1.16944"
"2161291631","182987280","1.16944"
"182987280","2161778800","1.86944"
"2161778800","182987280","1.86944"
"182987280","78987262","0.111111"
"78987262","182987280","0.111111"
"2072624535","2135606712","3.62778"
"2135606712","2072624535","3.62778"
"2072624535","2141739729","2.08611"
"2141739729","2072624535","2.08611"
"2072624535","2142924370","0.436111"
"2142924370","2072624535","0.436111"
"2072624535","2160996543","2.52778"
"2160996543","2072624535","2.52778"
"2072624535","2161291631","5.16944"
"2161291631","2072624535","5.16944"
"2072624535","2161778800","6.83611"
"2161778800","2072624535","6.83611"
"2072624535","78987262","0.111111"
"78987262","2072624535","0.111111"
"2135606712","2141739729","1.12778"
"2141739729","2135606712","1.12778"
"2135606712","2142924370","0.111111"
"2142924370","2135606712","0.111111"
"2135606712","2160996543","0.477778"
"2160996543","2135606712","0.477778"
"2135606712","2161291631","2.87778"
"2161291631","2135606712","2.87778"
"2135606712","2161778800","1.99444"
"2161778800","2135606712","1.99444"
"2135606712","78987262","0.111111"
"78987262","2135606712","0.111111"
"2141739729","2142924370","0.402778"
"2142924370","2141739729","0.402778"
"2141739729","2160996543","0.402778"
"2160996543","2141739729","0.402778"
"2141739729","2161291631","1.62778"
"2161291631","2141739729","1.62778"
"2141739729","2161778800","3.37778"
"2161778800","2141739729","3.37778"
"2141739729","78987262","0.277778"
"78987262","2141739729","0.277778"
"2142924370","2160996543","0.777778"
"2160996543","2142924370","0.777778"
"2142924370","2161291631","0.402778"
"2161291631","2142924370","0.402778"
"2142924370","2161778800","0.736111"
"2161778800","2142924370","0.736111"
"2142924370","78987262","8.31111"
"78987262","2142924370","8.31111"
"2160996543","2161291631","0.569444"
"2161291631","2160996543","0.569444"
"2160996543","2161778800","1.01944"
"2161778800","2160996543","1.01944"
"2160996543","78987262","0.777778"
"78987262","2160996543","0.777778"
"2161291631","2161778800","3.62778"
"2161778800","2161291631","3.62778"
"2161291631","78987262","0.277778"
"78987262","2161291631","0.277778"
"2161778800","78987262","0.611111"
"78987262","2161778800","0.611111"
"138143801","1539419865","0.625"
"1539419865","138143801","0.625"
"138143801","2155633087","0.5"
"2155633087","138143801","0.5"
"1539419865","2155633087","7.81667"
"2155633087","1539419865","7.81667"
"138143801","1588931194","0.125"
"1588931194","138143801","0.125"
"138143801","2112779472","0.125"
"2112779472","138143801","0.125"
"1539419865","1588931194","1.20833"
"1588931194","1539419865","1.20833"
"1539419865","182987280","0.375"
"182987280","1539419865","0.375"
"1539419865","2112779472","6.65833"
"2112779472","1539419865","6.65833"
"1539419865","2141739729","0.25"
"2141739729","1539419865","0.25"
"1539419865","2160996543","0.125"
"2160996543","1539419865","0.125"
"1539419865","2161291631","0.25"
"2161291631","1539419865","0.25"
"1539419865","2161778800","0.25"
"2161778800","1539419865","0.25"
"1588931194","182987280","0.825"
"182987280","1588931194","0.825"
"1588931194","2112779472","1.20833"
"2112779472","1588931194","1.20833"
"1588931194","2141739729","0.125"
"2141739729","1588931194","0.125"
"1588931194","2160996543","0.825"
"2160996543","1588931194","0.825"
"1588931194","2161291631","0.291667"
"2161291631","1588931194","0.291667"
"1588931194","2161778800","0.491667"
"2161778800","1588931194","0.491667"
"182987280","2112779472","0.375"
"2112779472","182987280","0.375"
"2112779472","2141739729","0.125"
"2141739729","2112779472","0.125"
"2112779472","2160996543","0.125"
"2160996543","2112779472","0.125"
"2112779472","2161291631","0.125"
"2161291631","2112779472","0.125"
"2112779472","2161778800","0.125"
"2161778800","2112779472","0.125"
"138143801","1484958293","1.5"
"1484958293","138143801","1.5"
"1484958293","2142924370","0.625"
"2142924370","1484958293","0.625"
"1484958293","1588931194","0.5"
"1588931194","1484958293","0.5"
"1484958293","93133084","0.625"
"93133084","1484958293","0.625"
"1588931194","93133084","1"
"93133084","1588931194","1"
"1484958293","1539419865","0.125"
"1539419865","1484958293","0.125"
"1484958293","2072624535","0.125"
"2072624535","1484958293","0.125"
"1484958293","2138578191","0.125"
"2138578191","1484958293","0.125"
"1484958293","2141739729","0.125"
"2141739729","1484958293","0.125"
"1484958293","2161291631","0.125"
"2161291631","1484958293","0.125"
"1484958293","2161778800","0.125"
"2161778800","1484958293","0.125"
"1539419865","2072624535","1.325"
"2072624535","1539419865","1.325"
"1539419865","2138578191","1.125"
"2138578191","1539419865","1.125"
"1539419865","2142924370","0.125"
"2142924370","1539419865","0.125"
"1539419865","93133084","0.125"
"93133084","1539419865","0.125"
"2072624535","2138578191","2.875"
"2138578191","2072624535","2.875"
"2072624535","93133084","0.125"
"93133084","2072624535","0.125"
"2138578191","2141739729","0.291667"
"2141739729","2138578191","0.291667"
"2138578191","2142924370","0.125"
"2142924370","2138578191","0.125"
"2138578191","2161291631","0.625"
"2161291631","2138578191","0.625"
"2138578191","2161778800","1.075"
"2161778800","2138578191","1.075"
"2138578191","93133084","0.125"
"93133084","2138578191","0.125"
"2141739729","93133084","0.125"
"93133084","2141739729","0.125"
"2142924370","93133084","0.325"
"93133084","2142924370","0.325"
"2161291631","93133084","0.125"
"93133084","2161291631","0.125"
"2161778800","93133084","0.125"
"93133084","2161778800","0.125"
"1523367029","2100854474","1.33333"
"2100854474","1523367029","1.33333"
"1523367029","1588931194","0.5"
"1588931194","1523367029","0.5"
"1523367029","93133084","3.83333"
"93133084","1523367029","3.83333"
"1523367029","2112779472","0.333333"
"2112779472","1523367029","0.333333"
"2100854474","2112779472","0.333333"
"2112779472","2100854474","0.333333"
"2100854474","93133084","0.333333"
"93133084","2100854474","0.333333"
"2112779472","93133084","0.333333"
"93133084","2112779472","0.333333"
"1539419865","2031991544","2.23333"
"2031991544","1539419865","2.23333"
"1539419865","2102167746","2.98333"
"2102167746","1539419865","2.98333"
"2031991544","2072624535","0.566667"
"2072624535","2031991544","0.566667"
"2031991544","2102167746","2.68333"
"2102167746","2031991544","2.68333"
"2031991544","2112779472","1.7"
"2112779472","2031991544","1.7"
"2031991544","2155633087","3.85"
"2155633087","2031991544","3.85"
"2072624535","2102167746","0.4"
"2102167746","2072624535","0.4"
"2072624535","2112779472","0.866667"
"2112779472","2072624535","0.866667"
"2072624535","2155633087","1.06667"
"2155633087","2072624535","1.06667"
"2102167746","2112779472","3.45"
"2112779472","2102167746","3.45"
"2102167746","2155633087","1.68333"
"2155633087","2102167746","1.68333"
"2112779472","2155633087","0.783333"
"2155633087","2112779472","0.783333"
"1539419865","2039857999","0.5"
"2039857999","1539419865","0.5"
"2031991544","2039857999","2.48333"
"2039857999","2031991544","2.48333"
"2039857999","2102167746","0.783333"
"2102167746","2039857999","0.783333"
"1539419865","2106173266","1.53333"
"2106173266","1539419865","1.53333"
"182987280","2106173266","0.25"
"2106173266","182987280","0.25"
"182987280","2155633087","0.25"
"2155633087","182987280","0.25"
"2106173266","2112779472","1"
"2112779472","2106173266","1"
"2106173266","2155633087","0.783333"
"2155633087","2106173266","0.783333"
"2072624535","2106173266","0.333333"
"2106173266","2072624535","0.333333"
"1588931194","2102167746","0.416667"
"2102167746","1588931194","0.416667"
"1588931194","2106173266","0.416667"
"2106173266","1588931194","0.416667"
"2102167746","2106173266","1.95"
"2106173266","2102167746","1.95"
"1539419865","2042589205","1.36667"
"2042589205","1539419865","1.36667"
"2031991544","2042589205","8.73333"
"2042589205","2031991544","8.73333"
"2042589205","2112779472","1.16667"
"2112779472","2042589205","1.16667"
"1588931194","2031991544","0.333333"
"2031991544","1588931194","0.333333"
"1588931194","2039857999","0.166667"
"2039857999","1588931194","0.166667"
"1588931194","2042589205","0.333333"
"2042589205","1588931194","0.333333"
"1588931194","2072624535","0.333333"
"2072624535","1588931194","0.333333"
"2039857999","2042589205","0.7"
"2042589205","2039857999","0.7"
"2039857999","2072624535","0.366667"
"2072624535","2039857999","0.366667"
"2039857999","2112779472","0.166667"
"2112779472","2039857999","0.166667"
"2042589205","2072624535","0.166667"
"2072624535","2042589205","0.166667"
"2031991544","2106173266","0.366667"
"2106173266","2031991544","0.366667"
"2042589205","2102167746","0.866667"
"2102167746","2042589205","0.866667"
"2042589205","2106173266","0.366667"
"2106173266","2042589205","0.366667"
"2042589205","2155633087","1.03333"
"2155633087","2042589205","1.03333"
"1588931194","2135606712","0.366667"
"2135606712","1588931194","0.366667"
"1588931194","2138578191","0.533333"
"2138578191","1588931194","0.533333"
"182987280","2138578191","4.45"
"2138578191","182987280","4.45"
"2138578191","2160996543","4.28333"
"2160996543","2138578191","4.28333"
"2135606712","2138578191","0.366667"
"2138578191","2135606712","0.366667"
"1588931194","2100854474","1"
"2100854474","1588931194","1"
"2031991544","2142924370","1.73333"
"2142924370","2031991544","1.73333"
"2042589205","2142924370","0.533333"
"2142924370","2042589205","0.533333"
"2142924370","2155633087","0.866667"
"2155633087","2142924370","0.866667"
"2031991544","2135606712","0.333333"
"2135606712","2031991544","0.333333"
"2102167746","2135606712","0.333333"
"2135606712","2102167746","0.333333"
"2135606712","2155633087","1.66667"
"2155633087","2135606712","1.66667"
"2031991544","93133084","0.533333"
"93133084","2031991544","0.533333"
"2039857999","93133084","0.533333"
"93133084","2039857999","0.533333"
"2042589205","93133084","0.533333"
"93133084","2042589205","0.533333"
"2031991544","2783438224","0.25"
"2783438224","2031991544","0.25"
"2039857999","2155633087","0.45"
"2155633087","2039857999","0.45"
"2039857999","2783438224","0.25"
"2783438224","2039857999","0.25"
"2102167746","2783438224","0.25"
"2783438224","2102167746","0.25"
"2155633087","2783438224","0.25"
"2783438224","2155633087","0.25"
"2039857999","2142924370","0.4"
"2142924370","2039857999","0.4"
"2102167746","2142924370","0.2"
"2142924370","2102167746","0.2"
"2031991544","78987262","0.2"
"78987262","2031991544","0.2"
"2039857999","78987262","0.2"
"78987262","2039857999","0.2"
"2042589205","78987262","0.2"
"78987262","2042589205","0.2"
"78987262","93133084","0.2"
"93133084","78987262","0.2"
"2155633087","2161291631","0.333333"
"2161291631","2155633087","0.333333"
"2100854474","2142924370","1.5"
"2142924370","2100854474","1.5"
"2100854474","78987262","0.5"
"78987262","2100854474","0.5"
"2112779472","2142924370","1.5"
"2142924370","2112779472","1.5"
"2112779472","78987262","0.5"
"78987262","2112779472","0.5"
"2112779472","2138578191","1"
"2138578191","2112779472","1"
"2155633087","2161778800","0.333333"
"2161778800","2155633087","0.333333"
"2155633087","78987262","0.333333"
"78987262","2155633087","0.333333"
