"114620707","1499043038","1"
"1499043038","114620707","1"
"114620707","2020204834","0.5"
"2020204834","114620707","0.5"
"114620707","2525510252","0.5"
"2525510252","114620707","0.5"
"2020204834","2525510252","8.58333"
"2525510252","2020204834","8.58333"
"122905894","1592117089","0.142857"
"1592117089","122905894","0.142857"
"122905894","1597843978","0.142857"
"1597843978","122905894","0.142857"
"122905894","1930171792","0.142857"
"1930171792","122905894","0.142857"
"122905894","1993760384","1.14286"
"1993760384","122905894","1.14286"
"122905894","2111369881","0.142857"
"2111369881","122905894","0.142857"
"122905894","2523651536","0.142857"
"2523651536","122905894","0.142857"
"122905894","2524508598","0.142857"
"2524508598","122905894","0.142857"
"1592117089","1597843978","0.142857"
"1597843978","1592117089","0.142857"
"1592117089","1930171792","1.14286"
"1930171792","1592117089","1.14286"
"1592117089","1993760384","0.142857"
"1993760384","1592117089","0.142857"
"1592117089","2111369881","0.142857"
"2111369881","1592117089","0.142857"
"1592117089","2523651536","0.47619"
"2523651536","1592117089","0.47619"
"1592117089","2524508598","0.142857"
"2524508598","1592117089","0.142857"
"1597843978","1930171792","0.142857"
"1930171792","1597843978","0.142857"
"1597843978","1993760384","7.14286"
"1993760384","1597843978","7.14286"
"1597843978","2111369881","0.142857"
"2111369881","1597843978","0.142857"
"1597843978","2523651536","0.142857"
"2523651536","1597843978","0.142857"
"1597843978","2524508598","0.142857"
"2524508598","1597843978","0.142857"
"1930171792","1993760384","0.142857"
"1993760384","1930171792","0.142857"
"1930171792","2111369881","0.142857"
"2111369881","1930171792","0.142857"
"1930171792","2523651536","0.142857"
"2523651536","1930171792","0.142857"
"1930171792","2524508598","0.142857"
"2524508598","1930171792","0.142857"
"1993760384","2111369881","0.142857"
"2111369881","1993760384","0.142857"
"1993760384","2523651536","0.142857"
"2523651536","1993760384","0.142857"
"1993760384","2524508598","0.142857"
"2524508598","1993760384","0.142857"
"2111369881","2523651536","0.142857"
"2523651536","2111369881","0.142857"
"2111369881","2524508598","0.142857"
"2524508598","2111369881","0.142857"
"2523651536","2524508598","0.142857"
"2524508598","2523651536","0.142857"
"1499043038","2523878704","2.66667"
"2523878704","1499043038","2.66667"
"1499043038","1592117089","0.333333"
"1592117089","1499043038","0.333333"
"1499043038","2523651536","0.333333"
"2523651536","1499043038","0.333333"
"1592117089","2523878704","0.333333"
"2523878704","1592117089","0.333333"
"2523651536","2523878704","0.333333"
"2523878704","2523651536","0.333333"
"1499043038","1586351676","0.333333"
"1586351676","1499043038","0.333333"
"1499043038","2020204834","0.333333"
"2020204834","1499043038","0.333333"
"1499043038","2525510252","0.333333"
"2525510252","1499043038","0.333333"
"1586351676","2020204834","5.83333"
"2020204834","1586351676","5.83333"
"1586351676","2525510252","7.83333"
"2525510252","1586351676","7.83333"
"1499043038","1502693849","0.333333"
"1502693849","1499043038","0.333333"
"1499043038","2019268196","0.333333"
"2019268196","1499043038","0.333333"
"1502693849","2019268196","2"
"2019268196","1502693849","2"
"1502693849","2523878704","0.333333"
"2523878704","1502693849","0.333333"
"2019268196","2523878704","0.333333"
"2523878704","2019268196","0.333333"
"1502693849","2111369881","1.66667"
"2111369881","1502693849","1.66667"
"1502693849","2520509908","1.66667"
"2520509908","1502693849","1.66667"
"2019268196","2111369881","2.16667"
"2111369881","2019268196","2.16667"
"2019268196","2520509908","2.66667"
"2520509908","2019268196","2.66667"
"2111369881","2520509908","1.16667"
"2520509908","2111369881","1.16667"
"155346371","2019268196","0.5"
"2019268196","155346371","0.5"
"155346371","2520509908","0.5"
"2520509908","155346371","0.5"
"155346371","2525510252","1"
"2525510252","155346371","1"
"155346371","2111369881","1"
"2111369881","155346371","1"
"1573427321","2004516816","3.16667"
"2004516816","1573427321","3.16667"
"1573427321","2521265604","4.41667"
"2521265604","1573427321","4.41667"
"1573427321","2526167531","10.9167"
"2526167531","1573427321","10.9167"
"2004516816","2521265604","1.66667"
"2521265604","2004516816","1.66667"
"2004516816","2526167531","2.16667"
"2526167531","2004516816","2.16667"
"2521265604","2526167531","4.41667"
"2526167531","2521265604","4.41667"
"1573427321","2020204834","0.25"
"2020204834","1573427321","0.25"
"1573427321","2525510252","0.25"
"2525510252","1573427321","0.25"
"2020204834","2521265604","0.25"
"2521265604","2020204834","0.25"
"2020204834","2526167531","0.25"
"2526167531","2020204834","0.25"
"2521265604","2525510252","0.25"
"2525510252","2521265604","0.25"
"2525510252","2526167531","0.25"
"2526167531","2525510252","0.25"
"1993760384","2520509908","1"
"2520509908","1993760384","1"
"2004516816","2019268196","1"
"2019268196","2004516816","1"
"2019268196","2523651536","1"
"2523651536","2019268196","1"
"2072626153","2522077433","0.5"
"2522077433","2072626153","0.5"
"2072626153","2525510252","0.5"
"2525510252","2072626153","0.5"
"2522077433","2525510252","0.5"
"2525510252","2522077433","0.5"
"2141743375","2168535908","1"
"2168535908","2141743375","1"
