"102605238","2132883508","1"
"2132883508","102605238","1"
"102605238","152251507","1"
"152251507","102605238","1"
"102605238","2023924228","0.5"
"2023924228","102605238","0.5"
"102605238","83822164","0.5"
"83822164","102605238","0.5"
"2023924228","83822164","0.5"
"83822164","2023924228","0.5"
"106698730","2043379020","3.45833"
"2043379020","106698730","3.45833"
"106698730","2002348053","0.125"
"2002348053","106698730","0.125"
"106698730","2023924228","0.125"
"2023924228","106698730","0.125"
"106698730","2055140257","0.125"
"2055140257","106698730","0.125"
"106698730","2086963443","0.125"
"2086963443","106698730","0.125"
"106698730","2114783408","0.125"
"2114783408","106698730","0.125"
"106698730","2124185425","0.125"
"2124185425","106698730","0.125"
"106698730","2134176028","0.125"
"2134176028","106698730","0.125"
"2002348053","2023924228","0.482143"
"2023924228","2002348053","0.482143"
"2002348053","2043379020","1.29563"
"2043379020","2002348053","1.29563"
"2002348053","2055140257","0.866064"
"2055140257","2002348053","0.866064"
"2002348053","2086963443","1.89781"
"2086963443","2002348053","1.89781"
"2002348053","2114783408","4.47565"
"2114783408","2002348053","4.47565"
"2002348053","2124185425","0.663684"
"2124185425","2002348053","0.663684"
"2002348053","2134176028","0.360931"
"2134176028","2002348053","0.360931"
"2023924228","2043379020","0.60119"
"2043379020","2023924228","0.60119"
"2023924228","2055140257","0.125"
"2055140257","2023924228","0.125"
"2023924228","2086963443","0.458333"
"2086963443","2023924228","0.458333"
"2023924228","2114783408","0.505952"
"2114783408","2023924228","0.505952"
"2023924228","2124185425","0.630952"
"2124185425","2023924228","0.630952"
"2023924228","2134176028","0.172619"
"2134176028","2023924228","0.172619"
"2043379020","2055140257","0.236111"
"2055140257","2043379020","0.236111"
"2043379020","2086963443","0.541667"
"2086963443","2043379020","0.541667"
"2043379020","2114783408","1.04167"
"2114783408","2043379020","1.04167"
"2043379020","2124185425","0.402778"
"2124185425","2043379020","0.402778"
"2043379020","2134176028","0.125"
"2134176028","2043379020","0.125"
"2055140257","2086963443","0.338287"
"2086963443","2055140257","0.338287"
"2055140257","2114783408","0.511364"
"2114783408","2055140257","0.511364"
"2055140257","2124185425","0.816064"
"2124185425","2055140257","0.816064"
"2055140257","2134176028","0.170455"
"2134176028","2055140257","0.170455"
"2086963443","2114783408","0.844697"
"2114783408","2086963443","0.844697"
"2086963443","2124185425","0.67162"
"2124185425","2086963443","0.67162"
"2086963443","2134176028","0.313312"
"2134176028","2086963443","0.313312"
"2114783408","2124185425","0.642316"
"2124185425","2114783408","0.642316"
"2114783408","2134176028","0.218074"
"2134176028","2114783408","0.218074"
"2124185425","2134176028","0.218074"
"2134176028","2124185425","0.218074"
"106698730","2000299697","0.333333"
"2000299697","106698730","0.333333"
"106698730","2132326801","0.333333"
"2132326801","106698730","0.333333"
"2000299697","2043379020","0.333333"
"2043379020","2000299697","0.333333"
"2000299697","2132326801","8.16667"
"2132326801","2000299697","8.16667"
"2043379020","2132326801","0.533333"
"2132326801","2043379020","0.533333"
"107509723","1851334974","0.630952"
"1851334974","107509723","0.630952"
"107509723","1974628685","1.50974"
"1974628685","107509723","1.50974"
"107509723","2133551175","0.674242"
"2133551175","107509723","0.674242"
"107509723","96339654","0.497619"
"96339654","107509723","0.497619"
"1851334974","1974628685","0.964286"
"1974628685","1851334974","0.964286"
"1851334974","2133551175","1.33333"
"2133551175","1851334974","1.33333"
"1851334974","96339654","3.71429"
"96339654","1851334974","3.71429"
"1974628685","2133551175","2.75"
"2133551175","1974628685","2.75"
"1974628685","96339654","0.714286"
"96339654","1974628685","0.714286"
"2133551175","96339654","0.75"
"96339654","2133551175","0.75"
"107509723","2032788810","0.0909091"
"2032788810","107509723","0.0909091"
"107509723","2126809928","0.0909091"
"2126809928","107509723","0.0909091"
"107509723","2132326801","0.0909091"
"2132326801","107509723","0.0909091"
"107509723","2134176028","0.183983"
"2134176028","107509723","0.183983"
"107509723","23971949","0.0909091"
"23971949","107509723","0.0909091"
"107509723","2883630197","0.0909091"
"2883630197","107509723","0.0909091"
"107509723","2893541723","0.0909091"
"2893541723","107509723","0.0909091"
"107509723","2982331193","0.0909091"
"2982331193","107509723","0.0909091"
"107509723","3015039074","0.0909091"
"3015039074","107509723","0.0909091"
"107509723","3026776739","0.0909091"
"3026776739","107509723","0.0909091"
"2032788810","2126809928","0.0909091"
"2126809928","2032788810","0.0909091"
"2032788810","2132326801","0.190909"
"2132326801","2032788810","0.190909"
"2032788810","2133551175","1.19091"
"2133551175","2032788810","1.19091"
"2032788810","2134176028","0.590909"
"2134176028","2032788810","0.590909"
"2032788810","23971949","0.0909091"
"23971949","2032788810","0.0909091"
"2032788810","2883630197","0.0909091"
"2883630197","2032788810","0.0909091"
"2032788810","2893541723","0.190909"
"2893541723","2032788810","0.190909"
"2032788810","2982331193","0.0909091"
"2982331193","2032788810","0.0909091"
"2032788810","3015039074","0.0909091"
"3015039074","2032788810","0.0909091"
"2032788810","3026776739","0.0909091"
"3026776739","2032788810","0.0909091"
"2126809928","2132326801","0.424242"
"2132326801","2126809928","0.424242"
"2126809928","2133551175","0.0909091"
"2133551175","2126809928","0.0909091"
"2126809928","2134176028","0.0909091"
"2134176028","2126809928","0.0909091"
"2126809928","23971949","0.0909091"
"23971949","2126809928","0.0909091"
"2126809928","2883630197","0.340909"
"2883630197","2126809928","0.340909"
"2126809928","2893541723","1.34091"
"2893541723","2126809928","1.34091"
"2126809928","2982331193","0.0909091"
"2982331193","2126809928","0.0909091"
"2126809928","3015039074","0.0909091"
"3015039074","2126809928","0.0909091"
"2126809928","3026776739","0.0909091"
"3026776739","2126809928","0.0909091"
"2132326801","2133551175","0.190909"
"2133551175","2132326801","0.190909"
"2132326801","2134176028","0.0909091"
"2134176028","2132326801","0.0909091"
"2132326801","23971949","0.290909"
"23971949","2132326801","0.290909"
"2132326801","2883630197","0.257576"
"2883630197","2132326801","0.257576"
"2132326801","2893541723","1.55758"
"2893541723","2132326801","1.55758"
"2132326801","2982331193","0.0909091"
"2982331193","2132326801","0.0909091"
"2132326801","3015039074","0.257576"
"3015039074","2132326801","0.257576"
"2132326801","3026776739","0.257576"
"3026776739","2132326801","0.257576"
"2133551175","2134176028","0.0909091"
"2134176028","2133551175","0.0909091"
"2133551175","23971949","0.0909091"
"23971949","2133551175","0.0909091"
"2133551175","2883630197","0.0909091"
"2883630197","2133551175","0.0909091"
"2133551175","2893541723","0.190909"
"2893541723","2133551175","0.190909"
"2133551175","2982331193","0.0909091"
"2982331193","2133551175","0.0909091"
"2133551175","3015039074","0.0909091"
"3015039074","2133551175","0.0909091"
"2133551175","3026776739","0.0909091"
"3026776739","2133551175","0.0909091"
"2134176028","23971949","0.757576"
"23971949","2134176028","0.757576"
"2134176028","2883630197","0.0909091"
"2883630197","2134176028","0.0909091"
"2134176028","2893541723","0.0909091"
"2893541723","2134176028","0.0909091"
"2134176028","2982331193","0.0909091"
"2982331193","2134176028","0.0909091"
"2134176028","3015039074","0.0909091"
"3015039074","2134176028","0.0909091"
"2134176028","3026776739","0.0909091"
"3026776739","2134176028","0.0909091"
"23971949","2883630197","0.0909091"
"2883630197","23971949","0.0909091"
"23971949","2893541723","0.290909"
"2893541723","23971949","0.290909"
"23971949","2982331193","0.0909091"
"2982331193","23971949","0.0909091"
"23971949","3015039074","0.0909091"
"3015039074","23971949","0.0909091"
"23971949","3026776739","0.0909091"
"3026776739","23971949","0.0909091"
"2883630197","2893541723","1.00758"
"2893541723","2883630197","1.00758"
"2883630197","2982331193","1.42424"
"2982331193","2883630197","1.42424"
"2883630197","3015039074","2.42424"
"3015039074","2883630197","2.42424"
"2883630197","3026776739","16.5909"
"3026776739","2883630197","16.5909"
"2893541723","2982331193","0.340909"
"2982331193","2893541723","0.340909"
"2893541723","3015039074","0.507576"
"3015039074","2893541723","0.507576"
"2893541723","3026776739","1.00758"
"3026776739","2893541723","1.00758"
"2982331193","3015039074","0.674242"
"3015039074","2982331193","0.674242"
"2982331193","3026776739","2.67424"
"3026776739","2982331193","2.67424"
"3015039074","3026776739","2.34091"
"3026776739","3015039074","2.34091"
"107509723","1522891798","0.745455"
"1522891798","107509723","0.745455"
"107509723","88833250","0.927572"
"88833250","107509723","0.927572"
"1522891798","88833250","0.712121"
"88833250","1522891798","0.712121"
"107509723","157475239","0.427572"
"157475239","107509723","0.427572"
"107509723","2072943890","0.760906"
"2072943890","107509723","0.760906"
"107509723","2086963443","0.379953"
"2086963443","107509723","0.379953"
"107509723","2124185425","1.12757"
"2124185425","107509723","1.12757"
"157475239","1974628685","1.12641"
"1974628685","157475239","1.12641"
"157475239","2072943890","3.83868"
"2072943890","157475239","3.83868"
"157475239","2086963443","0.879953"
"2086963443","157475239","0.879953"
"157475239","2124185425","1.73868"
"2124185425","157475239","1.73868"
"157475239","88833250","0.427572"
"88833250","157475239","0.427572"
"1974628685","2072943890","1.12641"
"2072943890","1974628685","1.12641"
"1974628685","2086963443","0.212121"
"2086963443","1974628685","0.212121"
"1974628685","2124185425","0.626407"
"2124185425","1974628685","0.626407"
"1974628685","88833250","0.25974"
"88833250","1974628685","0.25974"
"2072943890","2086963443","0.522811"
"2086963443","2072943890","0.522811"
"2072943890","2124185425","5.07202"
"2124185425","2072943890","5.07202"
"2072943890","88833250","16.8442"
"88833250","2072943890","16.8442"
"2086963443","88833250","0.379953"
"88833250","2086963443","0.379953"
"2124185425","88833250","0.594239"
"88833250","2124185425","0.594239"
"107509723","2050024206","1.04545"
"2050024206","107509723","1.04545"
"107509723","2030930088","3.46091"
"2030930088","107509723","3.46091"
"107509723","2055140257","0.413287"
"2055140257","107509723","0.413287"
"1522891798","2030930088","0.828788"
"2030930088","1522891798","0.828788"
"1522891798","2055140257","0.523232"
"2055140257","1522891798","0.523232"
"1522891798","2124185425","0.689899"
"2124185425","1522891798","0.689899"
"1522891798","96339654","0.2"
"96339654","1522891798","0.2"
"2030930088","2055140257","0.413287"
"2055140257","2030930088","0.413287"
"2030930088","2124185425","2.78591"
"2124185425","2030930088","2.78591"
"2030930088","96339654","0.247619"
"96339654","2030930088","0.247619"
"2055140257","96339654","0.2"
"96339654","2055140257","0.2"
"2124185425","96339654","0.247619"
"96339654","2124185425","0.247619"
"107509723","1531342202","0.0930736"
"1531342202","107509723","0.0930736"
"107509723","165003494","0.0930736"
"165003494","107509723","0.0930736"
"107509723","2002348053","0.260906"
"2002348053","107509723","0.260906"
"107509723","2087536704","0.0454545"
"2087536704","107509723","0.0454545"
"107509723","2095264244","0.0454545"
"2095264244","107509723","0.0454545"
"107509723","2096580990","0.955711"
"2096580990","107509723","0.955711"
"107509723","2110112855","1.42641"
"2110112855","107509723","1.42641"
"107509723","2113499494","0.136364"
"2113499494","107509723","0.136364"
"107509723","2114783408","0.183983"
"2114783408","107509723","0.183983"
"107509723","69988278","0.183983"
"69988278","107509723","0.183983"
"107509723","83822164","0.122378"
"83822164","107509723","0.122378"
"1522891798","1531342202","0.0454545"
"1531342202","1522891798","0.0454545"
"1522891798","157475239","1.07323"
"157475239","1522891798","1.07323"
"1522891798","165003494","0.295455"
"165003494","1522891798","0.295455"
"1522891798","1974628685","0.378788"
"1974628685","1522891798","0.378788"
"1522891798","2002348053","0.466089"
"2002348053","1522891798","0.466089"
"1522891798","2050024206","0.545455"
"2050024206","1522891798","0.545455"
"1522891798","2072943890","2.04942"
"2072943890","1522891798","2.04942"
"1522891798","2086963443","0.688312"
"2086963443","1522891798","0.688312"
"1522891798","2087536704","0.295455"
"2087536704","1522891798","0.295455"
"1522891798","2095264244","0.989899"
"2095264244","1522891798","0.989899"
"1522891798","2096580990","0.0454545"
"2096580990","1522891798","0.0454545"
"1522891798","2110112855","0.438312"
"2110112855","1522891798","0.438312"
"1522891798","2113499494","0.545455"
"2113499494","1522891798","0.545455"
"1522891798","2114783408","0.545455"
"2114783408","1522891798","0.545455"
"1522891798","2134176028","3.35498"
"2134176028","1522891798","3.35498"
"1522891798","69988278","0.0454545"
"69988278","1522891798","0.0454545"
"1522891798","83822164","0.188312"
"83822164","1522891798","0.188312"
"1531342202","157475239","0.25974"
"157475239","1531342202","0.25974"
"1531342202","165003494","0.0930736"
"165003494","1531342202","0.0930736"
"1531342202","1974628685","0.25974"
"1974628685","1531342202","0.25974"
"1531342202","2002348053","0.485931"
"2002348053","1531342202","0.485931"
"1531342202","2030930088","0.402597"
"2030930088","1531342202","0.402597"
"1531342202","2050024206","0.0454545"
"2050024206","1531342202","0.0454545"
"1531342202","2055140257","0.0454545"
"2055140257","1531342202","0.0454545"
"1531342202","2072943890","0.25974"
"2072943890","1531342202","0.25974"
"1531342202","2086963443","0.295455"
"2086963443","1531342202","0.295455"
"1531342202","2087536704","0.0454545"
"2087536704","1531342202","0.0454545"
"1531342202","2095264244","0.0454545"
"2095264244","1531342202","0.0454545"
"1531342202","2096580990","0.0454545"
"2096580990","1531342202","0.0454545"
"1531342202","2110112855","0.0930736"
"2110112855","1531342202","0.0930736"
"1531342202","2113499494","0.188312"
"2113499494","1531342202","0.188312"
"1531342202","2114783408","0.50974"
"2114783408","1531342202","0.50974"
"1531342202","2124185425","0.25974"
"2124185425","1531342202","0.25974"
"1531342202","2134176028","0.0930736"
"2134176028","1531342202","0.0930736"
"1531342202","69988278","0.0930736"
"69988278","1531342202","0.0930736"
"1531342202","83822164","0.0454545"
"83822164","1531342202","0.0454545"
"1531342202","88833250","0.0930736"
"88833250","1531342202","0.0930736"
"157475239","165003494","0.343074"
"165003494","157475239","0.343074"
"157475239","2002348053","0.70535"
"2002348053","157475239","0.70535"
"157475239","2030930088","1.46091"
"2030930088","157475239","1.46091"
"157475239","2050024206","0.145455"
"2050024206","157475239","0.145455"
"157475239","2055140257","0.491064"
"2055140257","157475239","0.491064"
"157475239","2087536704","0.0454545"
"2087536704","157475239","0.0454545"
"157475239","2095264244","0.156566"
"2095264244","157475239","0.156566"
"157475239","2096580990","0.122378"
"2096580990","157475239","0.122378"
"157475239","2110112855","0.593074"
"2110112855","157475239","0.593074"
"157475239","2113499494","0.469697"
"2113499494","157475239","0.469697"
"157475239","2114783408","0.767316"
"2114783408","157475239","0.767316"
"157475239","2134176028","0.0930736"
"2134176028","157475239","0.0930736"
"157475239","69988278","0.350649"
"69988278","157475239","0.350649"
"157475239","83822164","0.955711"
"83822164","157475239","0.955711"
"165003494","1974628685","0.0930736"
"1974628685","165003494","0.0930736"
"165003494","2002348053","0.0930736"
"2002348053","165003494","0.0930736"
"165003494","2030930088","0.218074"
"2030930088","165003494","0.218074"
"165003494","2050024206","0.0454545"
"2050024206","165003494","0.0454545"
"165003494","2055140257","0.0454545"
"2055140257","165003494","0.0454545"
"165003494","2072943890","0.0930736"
"2072943890","165003494","0.0930736"
"165003494","2086963443","0.0454545"
"2086963443","165003494","0.0454545"
"165003494","2087536704","0.0454545"
"2087536704","165003494","0.0454545"
"165003494","2095264244","0.0454545"
"2095264244","165003494","0.0454545"
"165003494","2096580990","0.170455"
"2096580990","165003494","0.170455"
"165003494","2110112855","0.0930736"
"2110112855","165003494","0.0930736"
"165003494","2113499494","0.0454545"
"2113499494","165003494","0.0454545"
"165003494","2114783408","0.343074"
"2114783408","165003494","0.343074"
"165003494","2124185425","0.218074"
"2124185425","165003494","0.218074"
"165003494","2134176028","0.0930736"
"2134176028","165003494","0.0930736"
"165003494","69988278","0.0930736"
"69988278","165003494","0.0930736"
"165003494","83822164","0.0454545"
"83822164","165003494","0.0454545"
"165003494","88833250","0.0930736"
"88833250","165003494","0.0930736"
"1974628685","2002348053","0.343074"
"2002348053","1974628685","0.343074"
"1974628685","2030930088","0.45974"
"2030930088","1974628685","0.45974"
"1974628685","2050024206","0.0454545"
"2050024206","1974628685","0.0454545"
"1974628685","2055140257","0.0454545"
"2055140257","1974628685","0.0454545"
"1974628685","2087536704","0.462121"
"2087536704","1974628685","0.462121"
"1974628685","2095264244","0.378788"
"2095264244","1974628685","0.378788"
"1974628685","2096580990","0.0454545"
"2096580990","1974628685","0.0454545"
"1974628685","2110112855","0.0930736"
"2110112855","1974628685","0.0930736"
"1974628685","2113499494","0.295455"
"2113499494","1974628685","0.295455"
"1974628685","2114783408","0.25974"
"2114783408","1974628685","0.25974"
"1974628685","2134176028","0.0930736"
"2134176028","1974628685","0.0930736"
"1974628685","69988278","0.0930736"
"69988278","1974628685","0.0930736"
"1974628685","83822164","0.0454545"
"83822164","1974628685","0.0454545"
"2002348053","2030930088","0.903763"
"2030930088","2002348053","0.903763"
"2002348053","2050024206","0.0454545"
"2050024206","2002348053","0.0454545"
"2002348053","2072943890","1.18154"
"2072943890","2002348053","1.18154"
"2002348053","2087536704","0.0454545"
"2087536704","2002348053","0.0454545"
"2002348053","2095264244","0.156566"
"2095264244","2002348053","0.156566"
"2002348053","2096580990","0.122378"
"2096580990","2002348053","0.122378"
"2002348053","2110112855","0.235931"
"2110112855","2002348053","0.235931"
"2002348053","2113499494","0.529221"
"2113499494","2002348053","0.529221"
"2002348053","69988278","0.350649"
"69988278","2002348053","0.350649"
"2002348053","83822164","0.265235"
"83822164","2002348053","0.265235"
"2002348053","88833250","0.510906"
"88833250","2002348053","0.510906"
"2030930088","2050024206","0.212121"
"2050024206","2030930088","0.212121"
"2030930088","2072943890","2.29424"
"2072943890","2030930088","2.29424"
"2030930088","2086963443","0.379953"
"2086963443","2030930088","0.379953"
"2030930088","2087536704","0.0454545"
"2087536704","2030930088","0.0454545"
"2030930088","2095264244","0.295455"
"2095264244","2030930088","0.295455"
"2030930088","2096580990","0.247378"
"2096580990","2030930088","0.247378"
"2030930088","2110112855","0.50974"
"2110112855","2030930088","0.50974"
"2030930088","2113499494","0.612554"
"2113499494","2030930088","0.612554"
"2030930088","2114783408","1.26732"
"2114783408","2030930088","1.26732"
"2030930088","2134176028","0.25974"
"2134176028","2030930088","0.25974"
"2030930088","69988278","0.183983"
"69988278","2030930088","0.183983"
"2030930088","83822164","1.12238"
"83822164","2030930088","1.12238"
"2030930088","88833250","0.927572"
"88833250","2030930088","0.927572"
"2050024206","2055140257","0.0454545"
"2055140257","2050024206","0.0454545"
"2050024206","2072943890","0.312121"
"2072943890","2050024206","0.312121"
"2050024206","2086963443","0.0454545"
"2086963443","2050024206","0.0454545"
"2050024206","2087536704","0.0454545"
"2087536704","2050024206","0.0454545"
"2050024206","2095264244","0.0454545"
"2095264244","2050024206","0.0454545"
"2050024206","2096580990","0.0454545"
"2096580990","2050024206","0.0454545"
"2050024206","2110112855","0.0454545"
"2110112855","2050024206","0.0454545"
"2050024206","2113499494","0.0454545"
"2113499494","2050024206","0.0454545"
"2050024206","2114783408","0.0454545"
"2114783408","2050024206","0.0454545"
"2050024206","2124185425","0.0454545"
"2124185425","2050024206","0.0454545"
"2050024206","2134176028","0.212121"
"2134176028","2050024206","0.212121"
"2050024206","69988278","0.0454545"
"69988278","2050024206","0.0454545"
"2050024206","83822164","0.0454545"
"83822164","2050024206","0.0454545"
"2050024206","88833250","0.0454545"
"88833250","2050024206","0.0454545"
"2055140257","2072943890","1.74106"
"2072943890","2055140257","1.74106"
"2055140257","2087536704","0.0454545"
"2087536704","2055140257","0.0454545"
"2055140257","2095264244","0.156566"
"2095264244","2055140257","0.156566"
"2055140257","2096580990","0.122378"
"2096580990","2055140257","0.122378"
"2055140257","2110112855","0.0454545"
"2110112855","2055140257","0.0454545"
"2055140257","2113499494","0.136364"
"2113499494","2055140257","0.136364"
"2055140257","69988278","0.136364"
"69988278","2055140257","0.136364"
"2055140257","83822164","0.122378"
"83822164","2055140257","0.122378"
"2055140257","88833250","0.463287"
"88833250","2055140257","0.463287"
"2072943890","2087536704","0.545455"
"2087536704","2072943890","0.545455"
"2072943890","2095264244","0.406566"
"2095264244","2072943890","0.406566"
"2072943890","2096580990","3.45571"
"2096580990","2072943890","3.45571"
"2072943890","2110112855","0.569264"
"2110112855","2072943890","0.569264"
"2072943890","2113499494","0.719697"
"2113499494","2072943890","0.719697"
"2072943890","2114783408","0.600649"
"2114783408","2072943890","0.600649"
"2072943890","2134176028","0.402597"
"2134176028","2072943890","0.402597"
"2072943890","69988278","0.517316"
"69988278","2072943890","0.517316"
"2072943890","83822164","0.598568"
"83822164","2072943890","0.598568"
"2086963443","2087536704","0.0454545"
"2087536704","2086963443","0.0454545"
"2086963443","2095264244","0.0454545"
"2095264244","2086963443","0.0454545"
"2086963443","2096580990","0.122378"
"2096580990","2086963443","0.122378"
"2086963443","2110112855","0.354978"
"2110112855","2086963443","0.354978"
"2086963443","2113499494","0.636364"
"2113499494","2086963443","0.636364"
"2086963443","69988278","0.30303"
"69988278","2086963443","0.30303"
"2086963443","83822164","0.265235"
"83822164","2086963443","0.265235"
"2087536704","2095264244","0.295455"
"2095264244","2087536704","0.295455"
"2087536704","2096580990","0.0454545"
"2096580990","2087536704","0.0454545"
"2087536704","2110112855","0.0454545"
"2110112855","2087536704","0.0454545"
"2087536704","2113499494","0.0454545"
"2113499494","2087536704","0.0454545"
"2087536704","2114783408","0.0454545"
"2114783408","2087536704","0.0454545"
"2087536704","2124185425","0.0454545"
"2124185425","2087536704","0.0454545"
"2087536704","2134176028","0.0454545"
"2134176028","2087536704","0.0454545"
"2087536704","69988278","0.0454545"
"69988278","2087536704","0.0454545"
"2087536704","83822164","0.0454545"
"83822164","2087536704","0.0454545"
"2087536704","88833250","0.0454545"
"88833250","2087536704","0.0454545"
"2095264244","2096580990","0.0454545"
"2096580990","2095264244","0.0454545"
"2095264244","2110112855","0.295455"
"2110112855","2095264244","0.295455"
"2095264244","2113499494","0.0454545"
"2113499494","2095264244","0.0454545"
"2095264244","2114783408","0.295455"
"2114783408","2095264244","0.295455"
"2095264244","2124185425","0.156566"
"2124185425","2095264244","0.156566"
"2095264244","2134176028","0.545455"
"2134176028","2095264244","0.545455"
"2095264244","69988278","0.0454545"
"69988278","2095264244","0.0454545"
"2095264244","83822164","0.0454545"
"83822164","2095264244","0.0454545"
"2095264244","88833250","0.0454545"
"88833250","2095264244","0.0454545"
"2096580990","2110112855","0.712121"
"2110112855","2096580990","0.712121"
"2096580990","2113499494","0.0454545"
"2113499494","2096580990","0.0454545"
"2096580990","2114783408","0.0454545"
"2114783408","2096580990","0.0454545"
"2096580990","2124185425","2.08071"
"2124185425","2096580990","2.08071"
"2096580990","2134176028","0.0454545"
"2134176028","2096580990","0.0454545"
"2096580990","69988278","0.0454545"
"69988278","2096580990","0.0454545"
"2096580990","83822164","0.122378"
"83822164","2096580990","0.122378"
"2096580990","88833250","0.622378"
"88833250","2096580990","0.622378"
"2110112855","2113499494","1.04545"
"2113499494","2110112855","1.04545"
"2110112855","2114783408","0.50974"
"2114783408","2110112855","0.50974"
"2110112855","2124185425","0.593074"
"2124185425","2110112855","0.593074"
"2110112855","2134176028","0.235931"
"2134176028","2110112855","0.235931"
"2110112855","69988278","0.0930736"
"69988278","2110112855","0.0930736"
"2110112855","83822164","0.188312"
"83822164","2110112855","0.188312"
"2110112855","88833250","0.0930736"
"88833250","2110112855","0.0930736"
"2113499494","2114783408","0.136364"
"2114783408","2113499494","0.136364"
"2113499494","2124185425","0.136364"
"2124185425","2113499494","0.136364"
"2113499494","2134176028","0.0454545"
"2134176028","2113499494","0.0454545"
"2113499494","69988278","0.136364"
"69988278","2113499494","0.136364"
"2113499494","83822164","0.0454545"
"83822164","2113499494","0.0454545"
"2113499494","88833250","0.136364"
"88833250","2113499494","0.136364"
"2114783408","69988278","0.350649"
"69988278","2114783408","0.350649"
"2114783408","83822164","0.0454545"
"83822164","2114783408","0.0454545"
"2114783408","88833250","0.433983"
"88833250","2114783408","0.433983"
"2124185425","69988278","2.51732"
"69988278","2124185425","2.51732"
"2124185425","83822164","0.122378"
"83822164","2124185425","0.122378"
"2134176028","69988278","0.0930736"
"69988278","2134176028","0.0930736"
"2134176028","83822164","0.188312"
"83822164","2134176028","0.188312"
"2134176028","88833250","0.0930736"
"88833250","2134176028","0.0930736"
"69988278","83822164","0.0454545"
"83822164","69988278","0.0454545"
"69988278","88833250","0.183983"
"88833250","69988278","0.183983"
"83822164","88833250","0.122378"
"88833250","83822164","0.122378"
"107509723","1572787140","0.047619"
"1572787140","107509723","0.047619"
"107509723","2011563808","0.047619"
"2011563808","107509723","0.047619"
"107509723","2023924228","0.047619"
"2023924228","107509723","0.047619"
"107509723","2154832486","0.047619"
"2154832486","107509723","0.047619"
"107509723","2156802490","0.124542"
"2156802490","107509723","0.124542"
"107509723","21575602","0.124542"
"21575602","107509723","0.124542"
"1531342202","1572787140","0.190476"
"1572787140","1531342202","0.190476"
"1531342202","1851334974","0.047619"
"1851334974","1531342202","0.047619"
"1531342202","2011563808","0.047619"
"2011563808","1531342202","0.047619"
"1531342202","2023924228","0.190476"
"2023924228","1531342202","0.190476"
"1531342202","2154832486","0.047619"
"2154832486","1531342202","0.047619"
"1531342202","2156802490","0.047619"
"2156802490","1531342202","0.047619"
"1531342202","21575602","0.047619"
"21575602","1531342202","0.047619"
"1531342202","96339654","0.047619"
"96339654","1531342202","0.047619"
"1572787140","157475239","0.797619"
"157475239","1572787140","0.797619"
"1572787140","165003494","0.755952"
"165003494","1572787140","0.755952"
"1572787140","1851334974","0.047619"
"1851334974","1572787140","0.047619"
"1572787140","1974628685","0.047619"
"1974628685","1572787140","0.047619"
"1572787140","2002348053","0.190476"
"2002348053","1572787140","0.190476"
"1572787140","2011563808","0.047619"
"2011563808","1572787140","0.047619"
"1572787140","2023924228","4.14881"
"2023924228","1572787140","4.14881"
"1572787140","2030930088","0.315476"
"2030930088","1572787140","0.315476"
"1572787140","2072943890","0.047619"
"2072943890","1572787140","0.047619"
"1572787140","2110112855","0.047619"
"2110112855","1572787140","0.047619"
"1572787140","2114783408","0.297619"
"2114783408","1572787140","0.297619"
"1572787140","2124185425","0.339286"
"2124185425","1572787140","0.339286"
"1572787140","2134176028","0.047619"
"2134176028","1572787140","0.047619"
"1572787140","2154832486","0.047619"
"2154832486","1572787140","0.047619"
"1572787140","2156802490","0.047619"
"2156802490","1572787140","0.047619"
"1572787140","21575602","0.214286"
"21575602","1572787140","0.214286"
"1572787140","69988278","0.047619"
"69988278","1572787140","0.047619"
"1572787140","88833250","0.047619"
"88833250","1572787140","0.047619"
"1572787140","96339654","0.047619"
"96339654","1572787140","0.047619"
"157475239","1851334974","1.04762"
"1851334974","157475239","1.04762"
"157475239","2011563808","0.047619"
"2011563808","157475239","0.047619"
"157475239","2023924228","0.714286"
"2023924228","157475239","0.714286"
"157475239","2154832486","0.380952"
"2154832486","157475239","0.380952"
"157475239","2156802490","0.791209"
"2156802490","157475239","0.791209"
"157475239","21575602","0.40232"
"21575602","157475239","0.40232"
"157475239","96339654","0.380952"
"96339654","157475239","0.380952"
"165003494","1851334974","0.047619"
"1851334974","165003494","0.047619"
"165003494","2011563808","0.047619"
"2011563808","165003494","0.047619"
"165003494","2023924228","0.505952"
"2023924228","165003494","0.505952"
"165003494","2154832486","0.047619"
"2154832486","165003494","0.047619"
"165003494","2156802490","0.047619"
"2156802490","165003494","0.047619"
"165003494","21575602","0.047619"
"21575602","165003494","0.047619"
"165003494","96339654","0.047619"
"96339654","165003494","0.047619"
"1851334974","2002348053","0.047619"
"2002348053","1851334974","0.047619"
"1851334974","2011563808","0.047619"
"2011563808","1851334974","0.047619"
"1851334974","2023924228","0.047619"
"2023924228","1851334974","0.047619"
"1851334974","2030930088","0.047619"
"2030930088","1851334974","0.047619"
"1851334974","2072943890","0.797619"
"2072943890","1851334974","0.797619"
"1851334974","2110112855","0.047619"
"2110112855","1851334974","0.047619"
"1851334974","2114783408","0.047619"
"2114783408","1851334974","0.047619"
"1851334974","2124185425","0.547619"
"2124185425","1851334974","0.547619"
"1851334974","2134176028","0.047619"
"2134176028","1851334974","0.047619"
"1851334974","2154832486","0.047619"
"2154832486","1851334974","0.047619"
"1851334974","2156802490","0.047619"
"2156802490","1851334974","0.047619"
"1851334974","21575602","0.047619"
"21575602","1851334974","0.047619"
"1851334974","69988278","0.047619"
"69988278","1851334974","0.047619"
"1851334974","88833250","0.047619"
"88833250","1851334974","0.047619"
"1974628685","2011563808","0.047619"
"2011563808","1974628685","0.047619"
"1974628685","2023924228","0.047619"
"2023924228","1974628685","0.047619"
"1974628685","2154832486","0.047619"
"2154832486","1974628685","0.047619"
"1974628685","2156802490","0.547619"
"2156802490","1974628685","0.547619"
"1974628685","21575602","0.047619"
"21575602","1974628685","0.047619"
"2002348053","2011563808","0.047619"
"2011563808","2002348053","0.047619"
"2002348053","2154832486","0.047619"
"2154832486","2002348053","0.047619"
"2002348053","2156802490","0.291209"
"2156802490","2002348053","0.291209"
"2002348053","21575602","0.235653"
"21575602","2002348053","0.235653"
"2002348053","96339654","0.047619"
"96339654","2002348053","0.047619"
"2011563808","2023924228","0.047619"
"2023924228","2011563808","0.047619"
"2011563808","2030930088","0.214286"
"2030930088","2011563808","0.214286"
"2011563808","2072943890","0.214286"
"2072943890","2011563808","0.214286"
"2011563808","2110112855","0.047619"
"2110112855","2011563808","0.047619"
"2011563808","2114783408","0.047619"
"2114783408","2011563808","0.047619"
"2011563808","2124185425","0.047619"
"2124185425","2011563808","0.047619"
"2011563808","2134176028","0.214286"
"2134176028","2011563808","0.214286"
"2011563808","2154832486","0.047619"
"2154832486","2011563808","0.047619"
"2011563808","2156802490","0.047619"
"2156802490","2011563808","0.047619"
"2011563808","21575602","0.047619"
"21575602","2011563808","0.047619"
"2011563808","69988278","0.047619"
"69988278","2011563808","0.047619"
"2011563808","88833250","0.047619"
"88833250","2011563808","0.047619"
"2011563808","96339654","0.047619"
"96339654","2011563808","0.047619"
"2023924228","2030930088","0.482143"
"2030930088","2023924228","0.482143"
"2023924228","2072943890","0.047619"
"2072943890","2023924228","0.047619"
"2023924228","2110112855","0.214286"
"2110112855","2023924228","0.214286"
"2023924228","2154832486","0.047619"
"2154832486","2023924228","0.047619"
"2023924228","2156802490","0.047619"
"2156802490","2023924228","0.047619"
"2023924228","21575602","0.214286"
"21575602","2023924228","0.214286"
"2023924228","69988278","0.214286"
"69988278","2023924228","0.214286"
"2023924228","88833250","0.047619"
"88833250","2023924228","0.047619"
"2023924228","96339654","0.047619"
"96339654","2023924228","0.047619"
"2030930088","2154832486","0.047619"
"2154832486","2030930088","0.047619"
"2030930088","2156802490","0.291209"
"2156802490","2030930088","0.291209"
"2030930088","21575602","0.624542"
"21575602","2030930088","0.624542"
"2072943890","2154832486","0.047619"
"2154832486","2072943890","0.047619"
"2072943890","2156802490","0.707875"
"2156802490","2072943890","0.707875"
"2072943890","21575602","0.235653"
"21575602","2072943890","0.235653"
"2072943890","96339654","0.047619"
"96339654","2072943890","0.047619"
"2110112855","2154832486","0.047619"
"2154832486","2110112855","0.047619"
"2110112855","2156802490","0.047619"
"2156802490","2110112855","0.047619"
"2110112855","21575602","0.380952"
"21575602","2110112855","0.380952"
"2110112855","96339654","0.047619"
"96339654","2110112855","0.047619"
"2114783408","2154832486","0.047619"
"2154832486","2114783408","0.047619"
"2114783408","2156802490","0.047619"
"2156802490","2114783408","0.047619"
"2114783408","21575602","0.047619"
"21575602","2114783408","0.047619"
"2114783408","96339654","0.047619"
"96339654","2114783408","0.047619"
"2124185425","2154832486","1.04762"
"2154832486","2124185425","1.04762"
"2124185425","2156802490","0.457875"
"2156802490","2124185425","0.457875"
"2124185425","21575602","0.735653"
"21575602","2124185425","0.735653"
"2134176028","2154832486","0.047619"
"2154832486","2134176028","0.047619"
"2134176028","2156802490","0.047619"
"2156802490","2134176028","0.047619"
"2134176028","21575602","0.047619"
"21575602","2134176028","0.047619"
"2134176028","96339654","0.047619"
"96339654","2134176028","0.047619"
"2154832486","2156802490","0.047619"
"2156802490","2154832486","0.047619"
"2154832486","21575602","0.047619"
"21575602","2154832486","0.047619"
"2154832486","69988278","0.047619"
"69988278","2154832486","0.047619"
"2154832486","88833250","0.047619"
"88833250","2154832486","0.047619"
"2154832486","96339654","0.380952"
"96339654","2154832486","0.380952"
"2156802490","21575602","0.124542"
"21575602","2156802490","0.124542"
"2156802490","69988278","0.047619"
"69988278","2156802490","0.047619"
"2156802490","88833250","0.291209"
"88833250","2156802490","0.291209"
"2156802490","96339654","0.047619"
"96339654","2156802490","0.047619"
"21575602","69988278","0.047619"
"69988278","21575602","0.047619"
"21575602","88833250","0.124542"
"88833250","21575602","0.124542"
"21575602","96339654","0.047619"
"96339654","21575602","0.047619"
"69988278","96339654","0.047619"
"96339654","69988278","0.047619"
"88833250","96339654","0.047619"
"96339654","88833250","0.047619"
"107509723","2399657775","0.410256"
"2399657775","107509723","0.410256"
"157475239","2399657775","0.0769231"
"2399657775","157475239","0.0769231"
"2002348053","2399657775","0.0769231"
"2399657775","2002348053","0.0769231"
"2030930088","2399657775","0.0769231"
"2399657775","2030930088","0.0769231"
"2055140257","2156802490","0.24359"
"2156802490","2055140257","0.24359"
"2055140257","21575602","0.188034"
"21575602","2055140257","0.188034"
"2055140257","2399657775","0.0769231"
"2399657775","2055140257","0.0769231"
"2072943890","2399657775","1.07692"
"2399657775","2072943890","1.07692"
"2086963443","2156802490","0.0769231"
"2156802490","2086963443","0.0769231"
"2086963443","21575602","0.0769231"
"21575602","2086963443","0.0769231"
"2086963443","2399657775","0.0769231"
"2399657775","2086963443","0.0769231"
"2096580990","2156802490","0.0769231"
"2156802490","2096580990","0.0769231"
"2096580990","21575602","0.410256"
"21575602","2096580990","0.410256"
"2096580990","2399657775","0.0769231"
"2399657775","2096580990","0.0769231"
"2124185425","2399657775","0.0769231"
"2399657775","2124185425","0.0769231"
"2156802490","2399657775","0.0769231"
"2399657775","2156802490","0.0769231"
"2156802490","83822164","0.0769231"
"83822164","2156802490","0.0769231"
"21575602","2399657775","0.0769231"
"2399657775","21575602","0.0769231"
"21575602","83822164","0.576923"
"83822164","21575602","0.576923"
"2399657775","83822164","0.0769231"
"83822164","2399657775","0.0769231"
"2399657775","88833250","0.576923"
"88833250","2399657775","0.576923"
"1851334974","2399657775","7.25"
"2399657775","1851334974","7.25"
"2133551175","2399657775","0.833333"
"2399657775","2133551175","0.833333"
"1522463929","2000299697","1"
"2000299697","1522463929","1"
"1522463929","2132326801","1"
"2132326801","1522463929","1"
"1522463929","2620253241","1"
"2620253241","1522463929","1"
"1522463929","2893541723","0.25"
"2893541723","1522463929","0.25"
"1522463929","2982331193","0.25"
"2982331193","1522463929","0.25"
"1522463929","3015039074","0.25"
"3015039074","1522463929","0.25"
"1522463929","3026776739","0.25"
"3026776739","1522463929","0.25"
"1522463929","2087536704","1"
"2087536704","1522463929","1"
"152251507","2151206729","1"
"2151206729","152251507","1"
"1522891798","2156802490","0.583333"
"2156802490","1522891798","0.583333"
"2087536704","2156802490","0.25"
"2156802490","2087536704","0.25"
"2095264244","2156802490","0.25"
"2156802490","2095264244","0.25"
"1522891798","23971949","0.666667"
"23971949","1522891798","0.666667"
"1522891798","2013471244","1.33333"
"2013471244","1522891798","1.33333"
"2013471244","2134176028","2.5"
"2134176028","2013471244","2.5"
"1522891798","2132883508","0.5"
"2132883508","1522891798","0.5"
"2030930088","2132883508","0.291667"
"2132883508","2030930088","0.291667"
"2072943890","2132883508","0.5"
"2132883508","2072943890","0.5"
"2124185425","2132883508","0.625"
"2132883508","2124185425","0.625"
"2132883508","2156802490","0.166667"
"2156802490","2132883508","0.166667"
"2132883508","88833250","0.166667"
"88833250","2132883508","0.166667"
"1522891798","2011563808","0.5"
"2011563808","1522891798","0.5"
"2011563808","2050024206","0.5"
"2050024206","2011563808","0.5"
"2011563808","23971949","0.366667"
"23971949","2011563808","0.366667"
"2030930088","23971949","0.166667"
"23971949","2030930088","0.166667"
"2050024206","23971949","0.166667"
"23971949","2050024206","0.166667"
"2072943890","23971949","0.166667"
"23971949","2072943890","0.166667"
"1522891798","2060152739","0.142857"
"2060152739","1522891798","0.142857"
"2002348053","2060152739","0.142857"
"2060152739","2002348053","0.142857"
"2060152739","2072943890","0.142857"
"2072943890","2060152739","0.142857"
"2060152739","2086963443","0.142857"
"2086963443","2060152739","0.142857"
"2060152739","2110112855","0.142857"
"2110112855","2060152739","0.142857"
"2060152739","2134176028","0.142857"
"2134176028","2060152739","0.142857"
"2060152739","83822164","0.142857"
"83822164","2060152739","0.142857"
"1522891798","2032788810","0.5"
"2032788810","1522891798","0.5"
"1522891798","1851334974","0.5"
"1851334974","1522891798","0.5"
"1522891798","2043379020","0.111111"
"2043379020","1522891798","0.111111"
"1522891798","2112021951","0.111111"
"2112021951","1522891798","0.111111"
"1522891798","21575602","0.111111"
"21575602","1522891798","0.111111"
"157475239","2043379020","0.444444"
"2043379020","157475239","0.444444"
"157475239","2112021951","1.41111"
"2112021951","157475239","1.41111"
"2002348053","2112021951","0.253968"
"2112021951","2002348053","0.253968"
