"1503437659","2106956101","3.81859"
"2106956101","1503437659","3.81859"
"1503437659","2168130919","3.70192"
"2168130919","1503437659","3.70192"
"1503437659","2170644407","1.44359"
"2170644407","1503437659","1.44359"
"2106956101","2168130919","8.96859"
"2168130919","2106956101","8.96859"
"2106956101","2170644407","9.93526"
"2170644407","2106956101","9.93526"
"2168130919","2170644407","5.05192"
"2170644407","2168130919","5.05192"
"1503437659","2118328848","1.02692"
"2118328848","1503437659","1.02692"
"2106956101","2118328848","0.89359"
"2118328848","2106956101","0.89359"
"2118328848","2168130919","0.59359"
"2168130919","2118328848","0.59359"
"2118328848","2170644407","1.22692"
"2170644407","2118328848","1.22692"
"1503437659","1964386935","2.57692"
"1964386935","1503437659","2.57692"
"1503437659","2146152432","0.25"
"2146152432","1503437659","0.25"
"1503437659","2811455890","1.57692"
"2811455890","1503437659","1.57692"
"2106956101","2146152432","1.25"
"2146152432","2106956101","1.25"
"2106956101","2811455890","1.48526"
"2811455890","2106956101","1.48526"
"2146152432","2168130919","0.75"
"2168130919","2146152432","0.75"
"2146152432","2811455890","0.916667"
"2811455890","2146152432","0.916667"
"2168130919","2811455890","1.55192"
"2811455890","2168130919","1.55192"
"1503437659","2169516024","0.875"
"2169516024","1503437659","0.875"
"2118328848","2169516024","0.75"
"2169516024","2118328848","0.75"
"1503437659","1976097180","0.735256"
"1976097180","1503437659","0.735256"
"1503437659","2018718238","0.783333"
"2018718238","1503437659","0.783333"
"1503437659","2403692218","0.25"
"2403692218","1503437659","0.25"
"1964386935","1976097180","3.53526"
"1976097180","1964386935","3.53526"
"1964386935","2018718238","0.75"
"2018718238","1964386935","0.75"
"1964386935","2106956101","0.451923"
"2106956101","1964386935","0.451923"
"1964386935","2168130919","0.36859"
"2168130919","1964386935","0.36859"
"1964386935","2170644407","0.49359"
"2170644407","1964386935","0.49359"
"1964386935","2403692218","0.25"
"2403692218","1964386935","0.25"
"1964386935","2811455890","2.32692"
"2811455890","1964386935","2.32692"
"1976097180","2018718238","0.658333"
"2018718238","1976097180","0.658333"
"1976097180","2106956101","0.501923"
"2106956101","1976097180","0.501923"
"1976097180","2168130919","0.535256"
"2168130919","1976097180","0.535256"
"1976097180","2170644407","0.501923"
"2170644407","1976097180","0.501923"
"1976097180","2403692218","0.125"
"2403692218","1976097180","0.125"
"1976097180","2811455890","1.13526"
"2811455890","1976097180","1.13526"
"2018718238","2106956101","0.325"
"2106956101","2018718238","0.325"
"2018718238","2168130919","0.791667"
"2168130919","2018718238","0.791667"
"2018718238","2170644407","1.45"
"2170644407","2018718238","1.45"
"2018718238","2403692218","0.25"
"2403692218","2018718238","0.25"
"2018718238","2811455890","0.75"
"2811455890","2018718238","0.75"
"2106956101","2403692218","0.125"
"2403692218","2106956101","0.125"
"2168130919","2403692218","0.458333"
"2403692218","2168130919","0.458333"
"2170644407","2403692218","0.75"
"2403692218","2170644407","0.75"
"2170644407","2811455890","1.02692"
"2811455890","2170644407","1.02692"
"2403692218","2811455890","0.583333"
"2811455890","2403692218","0.583333"
"1503437659","1997783710","0.326923"
"1997783710","1503437659","0.326923"
"1964386935","1997783710","0.326923"
"1997783710","1964386935","0.326923"
"1964386935","2169516024","0.625"
"2169516024","1964386935","0.625"
"1997783710","2106956101","0.69359"
"2106956101","1997783710","0.69359"
"1997783710","2169516024","0.25"
"2169516024","1997783710","0.25"
"2106956101","2169516024","0.583333"
"2169516024","2106956101","0.583333"
"1503437659","2032860265","0.0769231"
"2032860265","1503437659","0.0769231"
"1503437659","2095188403","0.201923"
"2095188403","1503437659","0.201923"
"1503437659","2127424608","0.0769231"
"2127424608","1503437659","0.0769231"
"1503437659","2159715729","0.0769231"
"2159715729","1503437659","0.0769231"
"1503437659","2404884678","0.0769231"
"2404884678","1503437659","0.0769231"
"1964386935","2032860265","0.326923"
"2032860265","1964386935","0.326923"
"1964386935","2095188403","0.451923"
"2095188403","1964386935","0.451923"
"1964386935","2118328848","0.326923"
"2118328848","1964386935","0.326923"
"1964386935","2127424608","0.576923"
"2127424608","1964386935","0.576923"
"1964386935","2159715729","0.0769231"
"2159715729","1964386935","0.0769231"
"1964386935","2404884678","0.0769231"
"2404884678","1964386935","0.0769231"
"1976097180","1997783710","0.176923"
"1997783710","1976097180","0.176923"
"1976097180","2032860265","0.176923"
"2032860265","1976097180","0.176923"
"1976097180","2095188403","0.176923"
"2095188403","1976097180","0.176923"
"1976097180","2118328848","0.376923"
"2118328848","1976097180","0.376923"
"1976097180","2127424608","0.910256"
"2127424608","1976097180","0.910256"
"1976097180","2159715729","0.0769231"
"2159715729","1976097180","0.0769231"
"1976097180","2404884678","3.17692"
"2404884678","1976097180","3.17692"
"1997783710","2032860265","0.276923"
"2032860265","1997783710","0.276923"
"1997783710","2095188403","0.276923"
"2095188403","1997783710","0.276923"
"1997783710","2118328848","0.44359"
"2118328848","1997783710","0.44359"
"1997783710","2127424608","1.57692"
"2127424608","1997783710","1.57692"
"1997783710","2159715729","0.74359"
"2159715729","1997783710","0.74359"
"1997783710","2168130919","3.01026"
"2168130919","1997783710","3.01026"
"1997783710","2170644407","0.276923"
"2170644407","1997783710","0.276923"
"1997783710","2404884678","2.01026"
"2404884678","1997783710","2.01026"
"1997783710","2811455890","2.61026"
"2811455890","1997783710","2.61026"
"2032860265","2095188403","1.52692"
"2095188403","2032860265","1.52692"
"2032860265","2106956101","0.276923"
"2106956101","2032860265","0.276923"
"2032860265","2118328848","0.526923"
"2118328848","2032860265","0.526923"
"2032860265","2127424608","0.0769231"
"2127424608","2032860265","0.0769231"
"2032860265","2159715729","0.0769231"
"2159715729","2032860265","0.0769231"
"2032860265","2168130919","0.176923"
"2168130919","2032860265","0.176923"
"2032860265","2170644407","0.276923"
"2170644407","2032860265","0.276923"
"2032860265","2404884678","0.176923"
"2404884678","2032860265","0.176923"
"2032860265","2811455890","0.276923"
"2811455890","2032860265","0.276923"
"2095188403","2106956101","0.276923"
"2106956101","2095188403","0.276923"
"2095188403","2118328848","1.52692"
"2118328848","2095188403","1.52692"
"2095188403","2127424608","0.0769231"
"2127424608","2095188403","0.0769231"
"2095188403","2159715729","0.0769231"
"2159715729","2095188403","0.0769231"
"2095188403","2168130919","0.176923"
"2168130919","2095188403","0.176923"
"2095188403","2170644407","0.401923"
"2170644407","2095188403","0.401923"
"2095188403","2404884678","0.176923"
"2404884678","2095188403","0.176923"
"2095188403","2811455890","0.401923"
"2811455890","2095188403","0.401923"
"2106956101","2127424608","0.576923"
"2127424608","2106956101","0.576923"
"2106956101","2159715729","0.24359"
"2159715729","2106956101","0.24359"
"2106956101","2404884678","0.176923"
"2404884678","2106956101","0.176923"
"2118328848","2127424608","0.24359"
"2127424608","2118328848","0.24359"
"2118328848","2159715729","0.74359"
"2159715729","2118328848","0.74359"
"2118328848","2404884678","0.176923"
"2404884678","2118328848","0.176923"
"2118328848","2811455890","0.276923"
"2811455890","2118328848","0.276923"
"2127424608","2159715729","0.24359"
"2159715729","2127424608","0.24359"
"2127424608","2168130919","3.41026"
"2168130919","2127424608","3.41026"
"2127424608","2170644407","1.07692"
"2170644407","2127424608","1.07692"
"2127424608","2404884678","0.410256"
"2404884678","2127424608","0.410256"
"2127424608","2811455890","1.07692"
"2811455890","2127424608","1.07692"
"2159715729","2168130919","1.24359"
"2168130919","2159715729","1.24359"
"2159715729","2170644407","0.576923"
"2170644407","2159715729","0.576923"
"2159715729","2404884678","0.576923"
"2404884678","2159715729","0.576923"
"2159715729","2811455890","0.0769231"
"2811455890","2159715729","0.0769231"
"2168130919","2404884678","1.41026"
"2404884678","2168130919","1.41026"
"2170644407","2404884678","0.176923"
"2404884678","2170644407","0.176923"
"2404884678","2811455890","0.176923"
"2811455890","2404884678","0.176923"
"2018718238","2118328848","0.2"
"2118328848","2018718238","0.2"
"1503437659","1989121265","0.125"
"1989121265","1503437659","0.125"
"1964386935","1989121265","0.125"
"1989121265","1964386935","0.125"
"1989121265","2018718238","0.125"
"2018718238","1989121265","0.125"
"1989121265","2095188403","0.225"
"2095188403","1989121265","0.225"
"1989121265","2169516024","0.125"
"2169516024","1989121265","0.125"
"1989121265","2170644407","1.55833"
"2170644407","1989121265","1.55833"
"1989121265","2403692218","0.125"
"2403692218","1989121265","0.125"
"1989121265","2811455890","0.225"
"2811455890","1989121265","0.225"
"2018718238","2095188403","0.125"
"2095188403","2018718238","0.125"
"2018718238","2169516024","0.125"
"2169516024","2018718238","0.125"
"2095188403","2169516024","1.375"
"2169516024","2095188403","1.375"
"2095188403","2403692218","0.625"
"2403692218","2095188403","0.625"
"2169516024","2170644407","0.458333"
"2170644407","2169516024","0.458333"
"2169516024","2403692218","0.125"
"2403692218","2169516024","0.125"
"2169516024","2811455890","0.458333"
"2811455890","2169516024","0.458333"
"1574526857","2404884678","1"
"2404884678","1574526857","1"
"1598710332","1980822729","2.04167"
"1980822729","1598710332","2.04167"
"1598710332","2010800736","1.875"
"2010800736","1598710332","1.875"
"1598710332","2029975502","4.20833"
"2029975502","1598710332","4.20833"
"1598710332","2613029015","0.375"
"2613029015","1598710332","0.375"
"1980822729","2010800736","2.125"
"2010800736","1980822729","2.125"
"1980822729","2029975502","2.20833"
"2029975502","1980822729","2.20833"
"1980822729","2613029015","0.375"
"2613029015","1980822729","0.375"
"2010800736","2029975502","1.375"
"2029975502","2010800736","1.375"
"2010800736","2613029015","0.875"
"2613029015","2010800736","0.875"
"2029975502","2613029015","0.375"
"2613029015","2029975502","0.375"
"1598710332","1997783710","0.583333"
"1997783710","1598710332","0.583333"
"1980822729","1997783710","0.583333"
"1997783710","1980822729","0.583333"
"1997783710","2010800736","1.75"
"2010800736","1997783710","1.75"
"1997783710","2029975502","0.25"
"2029975502","1997783710","0.25"
"1598710332","2111018329","1.41667"
"2111018329","1598710332","1.41667"
"1980822729","2111018329","1.41667"
"2111018329","1980822729","1.41667"
"2010800736","2111018329","0.75"
"2111018329","2010800736","0.75"
"2029975502","2111018329","1.08333"
"2111018329","2029975502","1.08333"
"1997783710","2111018329","0.333333"
"2111018329","1997783710","0.333333"
"1598710332","2038143507","0.125"
"2038143507","1598710332","0.125"
"1598710332","2118856938","0.125"
"2118856938","1598710332","0.125"
"1598710332","2121438416","0.125"
"2121438416","1598710332","0.125"
"1598710332","2142241041","0.125"
"2142241041","1598710332","0.125"
"1980822729","2038143507","0.125"
"2038143507","1980822729","0.125"
"1980822729","2118856938","0.125"
"2118856938","1980822729","0.125"
"1980822729","2121438416","0.125"
"2121438416","1980822729","0.125"
"1980822729","2142241041","0.125"
"2142241041","1980822729","0.125"
"2010800736","2038143507","0.125"
"2038143507","2010800736","0.125"
"2010800736","2118856938","0.125"
"2118856938","2010800736","0.125"
"2010800736","2121438416","0.625"
"2121438416","2010800736","0.625"
"2010800736","2142241041","0.125"
"2142241041","2010800736","0.125"
"2029975502","2038143507","0.125"
"2038143507","2029975502","0.125"
"2029975502","2118856938","0.125"
"2118856938","2029975502","0.125"
"2029975502","2121438416","0.125"
"2121438416","2029975502","0.125"
"2029975502","2142241041","0.125"
"2142241041","2029975502","0.125"
"2038143507","2118856938","2.79167"
"2118856938","2038143507","2.79167"
"2038143507","2121438416","0.458333"
"2121438416","2038143507","0.458333"
"2038143507","2142241041","0.125"
"2142241041","2038143507","0.125"
"2038143507","2613029015","0.458333"
"2613029015","2038143507","0.458333"
"2118856938","2121438416","0.458333"
"2121438416","2118856938","0.458333"
"2118856938","2142241041","0.125"
"2142241041","2118856938","0.125"
"2118856938","2613029015","0.458333"
"2613029015","2118856938","0.458333"
"2121438416","2142241041","0.125"
"2142241041","2121438416","0.125"
"2121438416","2613029015","1.08333"
"2613029015","2121438416","1.08333"
"2142241041","2613029015","0.125"
"2613029015","2142241041","0.125"
"1964386935","1987265329","0.166667"
"1987265329","1964386935","0.166667"
"1964386935","2146152432","0.166667"
"2146152432","1964386935","0.166667"
"1987265329","2127424608","0.166667"
"2127424608","1987265329","0.166667"
"1987265329","2146152432","0.166667"
"2146152432","1987265329","0.166667"
"1987265329","2168130919","0.166667"
"2168130919","1987265329","0.166667"
"1987265329","2170644407","0.166667"
"2170644407","1987265329","0.166667"
"1987265329","2811455890","0.166667"
"2811455890","1987265329","0.166667"
"2127424608","2146152432","2.5"
"2146152432","2127424608","2.5"
"2146152432","2170644407","1.66667"
"2170644407","2146152432","1.66667"
"2032860265","2169516024","0.25"
"2169516024","2032860265","0.25"
"1968933922","2104429069","1.33333"
"2104429069","1968933922","1.33333"
"1968933922","2121438416","0.5"
"2121438416","1968933922","0.5"
"1968933922","2613029015","0.833333"
"2613029015","1968933922","0.833333"
"1968933922","1987265329","0.333333"
"1987265329","1968933922","0.333333"
"1987265329","2104429069","0.333333"
"2104429069","1987265329","0.333333"
"1987265329","2613029015","0.666667"
"2613029015","1987265329","0.666667"
"2104429069","2613029015","0.333333"
"2613029015","2104429069","0.333333"
"1976097180","2007087314","0.1"
"2007087314","1976097180","0.1"
"1976097180","2142241041","0.1"
"2142241041","1976097180","0.1"
"1997783710","2007087314","0.2"
"2007087314","1997783710","0.2"
"1997783710","2142241041","0.1"
"2142241041","1997783710","0.1"
"2007087314","2032860265","0.2"
"2032860265","2007087314","0.2"
"2007087314","2095188403","0.2"
"2095188403","2007087314","0.2"
"2007087314","2106956101","0.2"
"2106956101","2007087314","0.2"
"2007087314","2118328848","0.2"
"2118328848","2007087314","0.2"
"2007087314","2142241041","0.1"
"2142241041","2007087314","0.1"
"2007087314","2170644407","0.533333"
"2170644407","2007087314","0.533333"
"2007087314","2404884678","0.1"
"2404884678","2007087314","0.1"
"2007087314","2811455890","0.2"
"2811455890","2007087314","0.2"
"2032860265","2142241041","0.1"
"2142241041","2032860265","0.1"
"2095188403","2142241041","0.1"
"2142241041","2095188403","0.1"
"2106956101","2142241041","0.1"
"2142241041","2106956101","0.1"
"2118328848","2142241041","0.1"
"2142241041","2118328848","0.1"
"2142241041","2170644407","0.1"
"2170644407","2142241041","0.1"
"2142241041","2404884678","0.1"
"2404884678","2142241041","0.1"
"2142241041","2811455890","0.1"
"2811455890","2142241041","0.1"
"1980822729","2105301285","0.25"
"2105301285","1980822729","0.25"
"1980822729","2106956101","0.25"
"2106956101","1980822729","0.25"
"1980822729","2170644407","0.25"
"2170644407","1980822729","0.25"
"2010800736","2105301285","5.25"
"2105301285","2010800736","5.25"
"2010800736","2106956101","1.25"
"2106956101","2010800736","1.25"
"2010800736","2170644407","0.25"
"2170644407","2010800736","0.25"
"2105301285","2106956101","0.25"
"2106956101","2105301285","0.25"
"2105301285","2170644407","0.25"
"2170644407","2105301285","0.25"
"1984609985","2096132547","0.125"
"2096132547","1984609985","0.125"
"1984609985","2113950443","0.125"
"2113950443","1984609985","0.125"
"1984609985","2120876973","0.125"
"2120876973","1984609985","0.125"
"1984609985","2121438416","0.625"
"2121438416","1984609985","0.625"
"1984609985","2128064723","0.125"
"2128064723","1984609985","0.125"
"1984609985","2142425794","0.125"
"2142425794","1984609985","0.125"
"1984609985","2165454541","0.125"
"2165454541","1984609985","0.125"
"1984609985","2613029015","0.125"
"2613029015","1984609985","0.125"
"2096132547","2113950443","4.125"
"2113950443","2096132547","4.125"
"2096132547","2120876973","0.458333"
"2120876973","2096132547","0.458333"
"2096132547","2121438416","0.791667"
"2121438416","2096132547","0.791667"
"2096132547","2128064723","0.791667"
"2128064723","2096132547","0.791667"
"2096132547","2142425794","0.125"
"2142425794","2096132547","0.125"
"2096132547","2165454541","2.45833"
"2165454541","2096132547","2.45833"
"2096132547","2613029015","0.125"
"2613029015","2096132547","0.125"
"2113950443","2120876973","0.125"
"2120876973","2113950443","0.125"
"2113950443","2121438416","0.458333"
"2121438416","2113950443","0.458333"
"2113950443","2128064723","0.791667"
"2128064723","2113950443","0.791667"
"2113950443","2142425794","0.125"
"2142425794","2113950443","0.125"
"2113950443","2165454541","2.125"
"2165454541","2113950443","2.125"
"2113950443","2613029015","0.125"
"2613029015","2113950443","0.125"
"2120876973","2121438416","0.708333"
"2121438416","2120876973","0.708333"
"2120876973","2128064723","0.375"
"2128064723","2120876973","0.375"
"2120876973","2142425794","0.125"
"2142425794","2120876973","0.125"
"2120876973","2165454541","0.458333"
"2165454541","2120876973","0.458333"
"2120876973","2613029015","0.125"
"2613029015","2120876973","0.125"
"2121438416","2128064723","0.375"
"2128064723","2121438416","0.375"
"2121438416","2142425794","0.125"
"2142425794","2121438416","0.125"
"2121438416","2165454541","0.791667"
"2165454541","2121438416","0.791667"
"2128064723","2142425794","1.125"
"2142425794","2128064723","1.125"
"2128064723","2165454541","0.791667"
"2165454541","2128064723","0.791667"
"2128064723","2613029015","0.125"
"2613029015","2128064723","0.125"
"2142425794","2165454541","0.125"
"2165454541","2142425794","0.125"
"2142425794","2613029015","0.125"
"2613029015","2142425794","0.125"
"2165454541","2613029015","0.125"
"2613029015","2165454541","0.125"
"1984609985","2104429069","1.5"
"2104429069","1984609985","1.5"
"2104429069","2121438416","2.5"
"2121438416","2104429069","2.5"
"1987265329","2121438416","2.25"
"2121438416","1987265329","2.25"
"1987265329","1997783710","1.33333"
"1997783710","1987265329","1.33333"
"1987265329","2403692218","0.333333"
"2403692218","1987265329","0.333333"
"1997783710","2403692218","1.66667"
"2403692218","1997783710","1.66667"
"1997783710","2613029015","0.833333"
"2613029015","1997783710","0.833333"
"2403692218","2613029015","0.833333"
"2613029015","2403692218","0.833333"
"1987265329","2118328848","0.25"
"2118328848","1987265329","0.25"
"1987265329","2120876973","0.25"
"2120876973","1987265329","0.25"
"1987265329","2128064723","0.25"
"2128064723","1987265329","0.25"
"2118328848","2120876973","0.25"
"2120876973","2118328848","0.25"
"2118328848","2121438416","0.25"
"2121438416","2118328848","0.25"
"2118328848","2128064723","0.25"
"2128064723","2118328848","0.25"
"1989121265","2007087314","6.43333"
"2007087314","1989121265","6.43333"
"1989121265","2168130919","0.6"
"2168130919","1989121265","0.6"
"2007087314","2168130919","0.433333"
"2168130919","2007087314","0.433333"
"1989121265","1997783710","0.266667"
"1997783710","1989121265","0.266667"
"1989121265","2032860265","0.1"
"2032860265","1989121265","0.1"
"1989121265","2038143507","0.1"
"2038143507","1989121265","0.1"
"1989121265","2106956101","0.266667"
"2106956101","1989121265","0.266667"
"1989121265","2118328848","0.266667"
"2118328848","1989121265","0.266667"
"1997783710","2038143507","0.1"
"2038143507","1997783710","0.1"
"2007087314","2038143507","0.1"
"2038143507","2007087314","0.1"
"2032860265","2038143507","0.1"
"2038143507","2032860265","0.1"
"2038143507","2095188403","0.1"
"2095188403","2038143507","0.1"
"2038143507","2106956101","0.1"
"2106956101","2038143507","0.1"
"2038143507","2118328848","0.1"
"2118328848","2038143507","0.1"
"2038143507","2168130919","0.433333"
"2168130919","2038143507","0.433333"
"2038143507","2170644407","0.1"
"2170644407","2038143507","0.1"
"2038143507","2811455890","0.1"
"2811455890","2038143507","0.1"
"1989121265","2127424608","0.166667"
"2127424608","1989121265","0.166667"
"1989121265","2159715729","0.166667"
"2159715729","1989121265","0.166667"
"1990249448","2038143507","0.333333"
"2038143507","1990249448","0.333333"
"1990249448","2118856938","0.333333"
"2118856938","1990249448","0.333333"
"1990249448","2168130919","0.833333"
"2168130919","1990249448","0.833333"
"2118856938","2168130919","0.333333"
"2168130919","2118856938","0.333333"
"1990249448","2811455890","0.5"
"2811455890","1990249448","0.5"
"2010800736","2054356341","1"
"2054356341","2010800736","1"
"2010800736","2403692218","1"
"2403692218","2010800736","1"
"2010800736","2811455890","0.5"
"2811455890","2010800736","0.5"
"2121438416","2811455890","1.5"
"2811455890","2121438416","1.5"
"2018718238","2127424608","0.333333"
"2127424608","2018718238","0.333333"
"2018718238","2146152432","0.333333"
"2146152432","2018718238","0.333333"
"2018718238","2159715729","2"
"2159715729","2018718238","2"
"2095188403","2613029015","0.5"
"2613029015","2095188403","0.5"
"2127424608","2403692218","0.5"
"2403692218","2127424608","0.5"
"2146152432","2403692218","1"
"2403692218","2146152432","1"
"2331160315","2597413919","1"
"2597413919","2331160315","1"
"2404884678","2613029015","2"
"2613029015","2404884678","2"
