"1504189414","1548821389","0.733766"
"1548821389","1504189414","0.733766"
"1504189414","1952332000","0.51452"
"1952332000","1504189414","0.51452"
"1504189414","1992761000","0.847854"
"1992761000","1504189414","0.847854"
"1504189414","207221873","0.298611"
"207221873","1504189414","0.298611"
"1504189414","2078105379","1.25877"
"2078105379","1504189414","1.25877"
"1504189414","2116595917","1.43535"
"2116595917","1504189414","1.43535"
"1504189414","2133241651","0.465278"
"2133241651","1504189414","0.465278"
"1504189414","2187724284","0.594877"
"2187724284","1504189414","0.594877"
"1548821389","1952332000","0.721999"
"1952332000","1548821389","0.721999"
"1548821389","1992761000","1.27841"
"1992761000","1548821389","1.27841"
"1548821389","207221873","0.764423"
"207221873","1548821389","0.764423"
"1548821389","2078105379","0.810689"
"2078105379","1548821389","0.810689"
"1548821389","2116595917","0.867832"
"2116595917","1548821389","0.867832"
"1548821389","2133241651","0.43109"
"2133241651","1548821389","0.43109"
"1548821389","2187724284","0.594877"
"2187724284","1548821389","0.594877"
"1952332000","1992761000","4.48535"
"1992761000","1952332000","4.48535"
"1952332000","207221873","0.542201"
"207221873","1952332000","0.542201"
"1952332000","2078105379","0.591443"
"2078105379","1952332000","0.591443"
"1952332000","2116595917","1.74422"
"2116595917","1952332000","1.74422"
"1952332000","2133241651","4.4922"
"2133241651","1952332000","4.4922"
"1952332000","2187724284","0.667298"
"2187724284","1952332000","0.667298"
"1992761000","207221873","1.23611"
"207221873","1992761000","1.23611"
"1992761000","2078105379","0.603409"
"2078105379","1992761000","0.603409"
"1992761000","2116595917","0.88952"
"2116595917","1992761000","0.88952"
"1992761000","2133241651","3.43611"
"2133241651","1992761000","3.43611"
"1992761000","2187724284","0.756187"
"2187724284","1992761000","0.756187"
"207221873","2078105379","0.264423"
"2078105379","207221873","0.264423"
"207221873","2116595917","0.518391"
"2116595917","207221873","0.518391"
"207221873","2133241651","2.68506"
"2133241651","207221873","2.68506"
"207221873","2187724284","1.94147"
"2187724284","207221873","1.94147"
"2078105379","2116595917","1.67894"
"2116595917","2078105379","1.67894"
"2078105379","2133241651","0.464423"
"2133241651","2078105379","0.464423"
"2078105379","2187724284","2.29488"
"2187724284","2078105379","2.29488"
"2116595917","2133241651","0.685058"
"2133241651","2116595917","0.685058"
"2116595917","2187724284","1.37266"
"2187724284","2116595917","1.37266"
"2133241651","2187724284","0.608135"
"2187724284","2133241651","0.608135"
"1504189414","1979026050","1.36293"
"1979026050","1504189414","1.36293"
"1979026050","1992761000","1.18674"
"1992761000","1979026050","1.18674"
"1979026050","2116595917","2.49785"
"2116595917","1979026050","2.49785"
"1504189414","1964701653","0.25"
"1964701653","1504189414","0.25"
"1504189414","198941471","0.1875"
"198941471","1504189414","0.1875"
"1504189414","2037041261","0.1875"
"2037041261","1504189414","0.1875"
"1504189414","2097341407","0.634524"
"2097341407","1504189414","0.634524"
"1504189414","2167162001","0.53869"
"2167162001","1504189414","0.53869"
"1504189414","2181797502","0.869877"
"2181797502","1504189414","0.869877"
"1504189414","2399452250","0.458333"
"2399452250","1504189414","0.458333"
"1504189414","2605179791","0.0625"
"2605179791","1504189414","0.0625"
"1504189414","2734432974","0.0625"
"2734432974","1504189414","0.0625"
"1504189414","2763667918","0.153409"
"2763667918","1504189414","0.153409"
"1548821389","1964701653","0.701923"
"1964701653","1548821389","0.701923"
"1548821389","1979026050","0.296266"
"1979026050","1548821389","0.296266"
"1548821389","198941471","0.540278"
"198941471","1548821389","0.540278"
"1548821389","2037041261","2.25053"
"2037041261","1548821389","2.25053"
"1548821389","2097341407","0.634524"
"2097341407","1548821389","0.634524"
"1548821389","2167162001","0.405357"
"2167162001","1548821389","0.405357"
"1548821389","2181797502","2.4468"
"2181797502","1548821389","2.4468"
"1548821389","2399452250","0.125"
"2399452250","1548821389","0.125"
"1548821389","2605179791","0.2625"
"2605179791","1548821389","0.2625"
"1548821389","2734432974","0.389423"
"2734432974","1548821389","0.389423"
"1548821389","2763667918","0.76452"
"2763667918","1548821389","0.76452"
"1964701653","1979026050","0.173611"
"1979026050","1964701653","0.173611"
"1964701653","198941471","1.13194"
"198941471","1964701653","1.13194"
"1964701653","1992761000","0.720833"
"1992761000","1964701653","0.720833"
"1964701653","2037041261","17.2422"
"2037041261","1964701653","17.2422"
"1964701653","2078105379","0.438034"
"2078105379","1964701653","0.438034"
"1964701653","2097341407","0.125"
"2097341407","1964701653","0.125"
"1964701653","2116595917","0.313034"
"2116595917","1964701653","0.313034"
"1964701653","2167162001","0.173611"
"2167162001","1964701653","0.173611"
"1964701653","2181797502","0.646368"
"2181797502","1964701653","0.646368"
"1964701653","2187724284","0.236111"
"2187724284","1964701653","0.236111"
"1964701653","2399452250","0.125"
"2399452250","1964701653","0.125"
"1964701653","2605179791","0.0625"
"2605179791","1964701653","0.0625"
"1964701653","2734432974","0.472756"
"2734432974","1964701653","0.472756"
"1964701653","2763667918","1.22917"
"2763667918","1964701653","1.22917"
"1979026050","198941471","0.173611"
"198941471","1979026050","0.173611"
"1979026050","2037041261","0.173611"
"2037041261","1979026050","0.173611"
"1979026050","2078105379","2.20738"
"2078105379","1979026050","2.20738"
"1979026050","2097341407","0.605357"
"2097341407","1979026050","0.605357"
"1979026050","2167162001","5.18314"
"2167162001","1979026050","5.18314"
"1979026050","2181797502","1.55738"
"2181797502","1979026050","1.55738"
"1979026050","2187724284","2.10738"
"2187724284","1979026050","2.10738"
"1979026050","2399452250","1.14583"
"2399452250","1979026050","1.14583"
"1979026050","2605179791","0.0625"
"2605179791","1979026050","0.0625"
"1979026050","2734432974","0.0625"
"2734432974","1979026050","0.0625"
"1979026050","2763667918","0.353409"
"2763667918","1979026050","0.353409"
"198941471","1992761000","3.6875"
"1992761000","198941471","3.6875"
"198941471","2037041261","1.24306"
"2037041261","198941471","1.24306"
"198941471","2078105379","1.29861"
"2078105379","198941471","1.29861"
"198941471","2097341407","1.92917"
"2097341407","198941471","1.92917"
"198941471","2116595917","0.373611"
"2116595917","198941471","0.373611"
"198941471","2167162001","0.373611"
"2167162001","198941471","0.373611"
"198941471","2181797502","0.651389"
"2181797502","198941471","0.651389"
"198941471","2187724284","1.28472"
"2187724284","198941471","1.28472"
"198941471","2399452250","0.0625"
"2399452250","198941471","0.0625"
"198941471","2605179791","0.0625"
"2605179791","198941471","0.0625"
"198941471","2734432974","0.0625"
"2734432974","198941471","0.0625"
"198941471","2763667918","0.173611"
"2763667918","198941471","0.173611"
"1992761000","2037041261","0.720833"
"2037041261","1992761000","0.720833"
"1992761000","2097341407","1.7625"
"2097341407","1992761000","1.7625"
"1992761000","2167162001","0.2625"
"2167162001","1992761000","0.2625"
"1992761000","2181797502","3.79785"
"2181797502","1992761000","3.79785"
"1992761000","2399452250","2.72917"
"2399452250","1992761000","2.72917"
"1992761000","2605179791","0.229167"
"2605179791","1992761000","0.229167"
"1992761000","2734432974","0.0625"
"2734432974","1992761000","0.0625"
"1992761000","2763667918","0.153409"
"2763667918","1992761000","0.153409"
"2037041261","2078105379","0.375534"
"2078105379","2037041261","0.375534"
"2037041261","2097341407","0.0625"
"2097341407","2037041261","0.0625"
"2037041261","2116595917","0.250534"
"2116595917","2037041261","0.250534"
"2037041261","2167162001","0.173611"
"2167162001","2037041261","0.173611"
"2037041261","2181797502","0.944979"
"2181797502","2037041261","0.944979"
"2037041261","2187724284","0.284722"
"2187724284","2037041261","0.284722"
"2037041261","2399452250","0.0625"
"2399452250","2037041261","0.0625"
"2037041261","2605179791","0.0625"
"2605179791","2037041261","0.0625"
"2037041261","2734432974","0.472756"
"2734432974","2037041261","0.472756"
"2037041261","2763667918","2.34028"
"2763667918","2037041261","2.34028"
"2078105379","2097341407","0.667857"
"2097341407","2078105379","0.667857"
"2078105379","2167162001","1.01647"
"2167162001","2078105379","1.01647"
"2078105379","2181797502","1.1968"
"2181797502","2078105379","1.1968"
"2078105379","2399452250","0.125"
"2399452250","2078105379","0.125"
"2078105379","2605179791","0.0625"
"2605179791","2078105379","0.0625"
"2078105379","2734432974","0.389423"
"2734432974","2078105379","0.389423"
"2078105379","2763667918","0.603409"
"2763667918","2078105379","0.603409"
"2097341407","2116595917","0.525"
"2116595917","2097341407","0.525"
"2097341407","2167162001","0.605357"
"2167162001","2097341407","0.605357"
"2097341407","2181797502","0.834524"
"2181797502","2097341407","0.834524"
"2097341407","2187724284","0.967857"
"2187724284","2097341407","0.967857"
"2097341407","2399452250","0.291667"
"2399452250","2097341407","0.291667"
"2097341407","2605179791","0.229167"
"2605179791","2097341407","0.229167"
"2097341407","2734432974","0.0625"
"2734432974","2097341407","0.0625"
"2097341407","2763667918","0.0625"
"2763667918","2097341407","0.0625"
"2116595917","2167162001","0.373611"
"2167162001","2116595917","0.373611"
"2116595917","2181797502","2.25791"
"2181797502","2116595917","2.25791"
"2116595917","2399452250","0.125"
"2399452250","2116595917","0.125"
"2116595917","2605179791","0.0625"
"2605179791","2116595917","0.0625"
"2116595917","2734432974","0.139423"
"2734432974","2116595917","0.139423"
"2116595917","2763667918","0.296266"
"2763667918","2116595917","0.296266"
"2167162001","2181797502","1.01647"
"2181797502","2167162001","1.01647"
"2167162001","2187724284","0.516468"
"2187724284","2167162001","0.516468"
"2167162001","2399452250","0.395833"
"2399452250","2167162001","0.395833"
"2167162001","2605179791","0.0625"
"2605179791","2167162001","0.0625"
"2167162001","2734432974","0.0625"
"2734432974","2167162001","0.0625"
"2167162001","2763667918","0.0625"
"2763667918","2167162001","0.0625"
"2181797502","2187724284","0.834957"
"2187724284","2181797502","0.834957"
"2181797502","2399452250","1.375"
"2399452250","2181797502","1.375"
"2181797502","2605179791","0.2625"
"2605179791","2181797502","0.2625"
"2181797502","2734432974","0.389423"
"2734432974","2181797502","0.389423"
"2181797502","2763667918","0.657377"
"2763667918","2181797502","0.657377"
"2187724284","2399452250","0.125"
"2399452250","2187724284","0.125"
"2187724284","2605179791","0.0625"
"2605179791","2187724284","0.0625"
"2187724284","2734432974","0.0625"
"2734432974","2187724284","0.0625"
"2187724284","2763667918","0.407377"
"2763667918","2187724284","0.407377"
"2399452250","2605179791","0.229167"
"2605179791","2399452250","0.229167"
"2399452250","2734432974","0.0625"
"2734432974","2399452250","0.0625"
"2399452250","2763667918","0.0625"
"2763667918","2399452250","0.0625"
"2605179791","2734432974","0.0625"
"2734432974","2605179791","0.0625"
"2605179791","2763667918","0.229167"
"2763667918","2605179791","0.229167"
"2734432974","2763667918","2.64583"
"2763667918","2734432974","2.64583"
"1504189414","2405882834","0.804167"
"2405882834","1504189414","0.804167"
"1979026050","2405882834","0.2"
"2405882834","1979026050","0.2"
"2078105379","2405882834","0.714423"
"2405882834","2078105379","0.714423"
"2116595917","2405882834","0.73228"
"2405882834","2116595917","0.73228"
"2181797502","2405882834","0.68228"
"2405882834","2181797502","0.68228"
"1504189414","2096580990","0.20202"
"2096580990","1504189414","0.20202"
"1504189414","2614016445","0.20202"
"2614016445","1504189414","0.20202"
"1952332000","2096580990","0.64561"
"2096580990","1952332000","0.64561"
"1952332000","2181797502","1.56922"
"2181797502","1952332000","1.56922"
"1952332000","2614016445","0.64561"
"2614016445","1952332000","0.64561"
"1992761000","2096580990","1.90202"
"2096580990","1992761000","1.90202"
"1992761000","2614016445","1.90202"
"2614016445","1992761000","1.90202"
"207221873","2096580990","1.18803"
"2096580990","207221873","1.18803"
"207221873","2181797502","1.89339"
"2181797502","207221873","1.89339"
"207221873","2614016445","0.188034"
"2614016445","207221873","0.188034"
"2096580990","2116595917","1.44561"
"2116595917","2096580990","1.44561"
"2096580990","2133241651","1.08803"
"2133241651","2096580990","1.08803"
"2096580990","2181797502","1.22894"
"2181797502","2096580990","1.22894"
"2096580990","2187724284","0.368687"
"2187724284","2096580990","0.368687"
"2096580990","2614016445","8.92894"
"2614016445","2096580990","8.92894"
"2116595917","2614016445","0.44561"
"2614016445","2116595917","0.44561"
"2133241651","2181797502","5.51006"
"2181797502","2133241651","5.51006"
"2133241651","2614016445","1.08803"
"2614016445","2133241651","1.08803"
"2181797502","2614016445","1.22894"
"2614016445","2181797502","1.22894"
"2187724284","2614016445","0.368687"
"2614016445","2187724284","0.368687"
"1504189414","2058334867","0.229167"
"2058334867","1504189414","0.229167"
"1504189414","2067602035","0.0625"
"2067602035","1504189414","0.0625"
"1504189414","2084653156","0.354167"
"2084653156","1504189414","0.354167"
"1504189414","2167253332","0.229167"
"2167253332","1504189414","0.229167"
"1548821389","2058334867","1.99028"
"2058334867","1548821389","1.99028"
"1548821389","2067602035","0.0625"
"2067602035","1548821389","0.0625"
"1548821389","2084653156","0.789423"
"2084653156","1548821389","0.789423"
"1548821389","2167253332","0.173611"
"2167253332","1548821389","0.173611"
"1548821389","2405882834","5.87276"
"2405882834","1548821389","5.87276"
"1952332000","1964701653","0.375534"
"1964701653","1952332000","0.375534"
"1952332000","2058334867","0.7625"
"2058334867","1952332000","0.7625"
"1952332000","2067602035","0.0625"
"2067602035","1952332000","0.0625"
"1952332000","2084653156","0.464423"
"2084653156","1952332000","0.464423"
"1952332000","2097341407","0.895833"
"2097341407","1952332000","0.895833"
"1952332000","2167253332","0.0625"
"2167253332","1952332000","0.0625"
"1952332000","2399452250","2.47917"
"2399452250","1952332000","2.47917"
"1952332000","2405882834","0.63109"
"2405882834","1952332000","0.63109"
"1964701653","2058334867","1.7625"
"2058334867","1964701653","1.7625"
"1964701653","2067602035","0.0625"
"2067602035","1964701653","0.0625"
"1964701653","207221873","0.139423"
"207221873","1964701653","0.139423"
"1964701653","2084653156","0.464423"
"2084653156","1964701653","0.464423"
"1964701653","2133241651","0.139423"
"2133241651","1964701653","0.139423"
"1964701653","2167253332","0.0625"
"2167253332","1964701653","0.0625"
"1964701653","2405882834","0.264423"
"2405882834","1964701653","0.264423"
"2058334867","2067602035","0.0625"
"2067602035","2058334867","0.0625"
"2058334867","207221873","0.395833"
"207221873","2058334867","0.395833"
"2058334867","2078105379","0.0625"
"2078105379","2058334867","0.0625"
"2058334867","2084653156","2.07917"
"2084653156","2058334867","2.07917"
"2058334867","2097341407","0.729167"
"2097341407","2058334867","0.729167"
"2058334867","2116595917","0.0625"
"2116595917","2058334867","0.0625"
"2058334867","2133241651","0.229167"
"2133241651","2058334867","0.229167"
"2058334867","2167253332","0.340278"
"2167253332","2058334867","0.340278"
"2058334867","2181797502","0.706944"
"2181797502","2058334867","0.706944"
"2058334867","2187724284","0.173611"
"2187724284","2058334867","0.173611"
"2058334867","2399452250","0.0625"
"2399452250","2058334867","0.0625"
"2058334867","2405882834","4.2125"
"2405882834","2058334867","4.2125"
"2067602035","207221873","0.0625"
"207221873","2067602035","0.0625"
"2067602035","2078105379","0.0625"
"2078105379","2067602035","0.0625"
"2067602035","2084653156","0.0625"
"2084653156","2067602035","0.0625"
"2067602035","2097341407","0.0625"
"2097341407","2067602035","0.0625"
"2067602035","2116595917","0.0625"
"2116595917","2067602035","0.0625"
"2067602035","2133241651","0.0625"
"2133241651","2067602035","0.0625"
"2067602035","2167253332","0.0625"
"2167253332","2067602035","0.0625"
"2067602035","2181797502","0.0625"
"2181797502","2067602035","0.0625"
"2067602035","2187724284","0.0625"
"2187724284","2067602035","0.0625"
"2067602035","2399452250","0.0625"
"2399452250","2067602035","0.0625"
"2067602035","2405882834","0.0625"
"2405882834","2067602035","0.0625"
"207221873","2084653156","0.139423"
"2084653156","207221873","0.139423"
"207221873","2097341407","0.229167"
"2097341407","207221873","0.229167"
"207221873","2167253332","0.0625"
"2167253332","207221873","0.0625"
"207221873","2399452250","0.0625"
"2399452250","207221873","0.0625"
"207221873","2405882834","0.28228"
"2405882834","207221873","0.28228"
"2078105379","2084653156","0.264423"
"2084653156","2078105379","0.264423"
"2078105379","2167253332","0.5625"
"2167253332","2078105379","0.5625"
"2084653156","2097341407","0.5625"
"2097341407","2084653156","0.5625"
"2084653156","2116595917","0.139423"
"2116595917","2084653156","0.139423"
"2084653156","2133241651","0.30609"
"2133241651","2084653156","0.30609"
"2084653156","2167253332","0.5625"
"2167253332","2084653156","0.5625"
"2084653156","2181797502","0.589423"
"2181797502","2084653156","0.589423"
"2084653156","2187724284","0.0625"
"2187724284","2084653156","0.0625"
"2084653156","2399452250","0.0625"
"2399452250","2084653156","0.0625"
"2084653156","2405882834","3.58109"
"2405882834","2084653156","3.58109"
"2097341407","2133241651","0.395833"
"2133241651","2097341407","0.395833"
"2097341407","2167253332","0.5625"
"2167253332","2097341407","0.5625"
"2097341407","2405882834","1.39583"
"2405882834","2097341407","1.39583"
"2116595917","2167253332","0.0625"
"2167253332","2116595917","0.0625"
"2133241651","2167253332","0.229167"
"2167253332","2133241651","0.229167"
"2133241651","2399452250","0.3125"
"2399452250","2133241651","0.3125"
"2133241651","2405882834","0.448947"
"2405882834","2133241651","0.448947"
"2167253332","2181797502","0.173611"
"2181797502","2167253332","0.173611"
"2167253332","2187724284","0.173611"
"2187724284","2167253332","0.173611"
"2167253332","2399452250","0.0625"
"2399452250","2167253332","0.0625"
"2167253332","2405882834","0.229167"
"2405882834","2167253332","0.229167"
"2187724284","2405882834","0.205357"
"2405882834","2187724284","0.205357"
"2399452250","2405882834","0.229167"
"2405882834","2399452250","0.229167"
"1952332000","198941471","0.402778"
"198941471","1952332000","0.402778"
"1952332000","2037041261","0.313034"
"2037041261","1952332000","0.313034"
"198941471","2084653156","0.125"
"2084653156","198941471","0.125"
"198941471","2405882834","0.125"
"2405882834","198941471","0.125"
"1992761000","2084653156","1.15833"
"2084653156","1992761000","1.15833"
"1992761000","2405882834","0.291667"
"2405882834","1992761000","0.291667"
"2037041261","2084653156","0.651923"
"2084653156","2037041261","0.651923"
"2037041261","2405882834","0.201923"
"2405882834","2037041261","0.201923"
"1548821389","2096580990","0.167832"
"2096580990","1548821389","0.167832"
"1548821389","2614016445","0.167832"
"2614016445","1548821389","0.167832"
"1952332000","1979026050","0.785354"
"1979026050","1952332000","0.785354"
"1952332000","2763667918","0.0909091"
"2763667918","1952332000","0.0909091"
"1979026050","2096580990","1.29091"
"2096580990","1979026050","1.29091"
"1979026050","2614016445","0.290909"
"2614016445","1979026050","0.290909"
"2078105379","2096580990","0.367832"
"2096580990","2078105379","0.367832"
"2078105379","2614016445","0.367832"
"2614016445","2078105379","0.367832"
"2096580990","2763667918","0.290909"
"2763667918","2096580990","0.290909"
"2614016445","2763667918","0.290909"
"2763667918","2614016445","0.290909"
"1548821389","2761037827","0.533333"
"2761037827","1548821389","0.533333"
"1952332000","2761037827","0.2"
"2761037827","1952332000","0.2"
"2058334867","2761037827","0.533333"
"2761037827","2058334867","0.533333"
"2084653156","2761037827","0.533333"
"2761037827","2084653156","0.533333"
"2405882834","2761037827","1.03333"
"2761037827","2405882834","1.03333"
"198941471","207221873","0.166667"
"207221873","198941471","0.166667"
"198941471","2133241651","0.166667"
"2133241651","198941471","0.166667"
"2058334867","2605179791","0.2"
"2605179791","2058334867","0.2"
"2084653156","2605179791","0.533333"
"2605179791","2084653156","0.533333"
"2405882834","2605179791","0.366667"
"2605179791","2405882834","0.366667"
"1548821389","2973298739","0.111111"
"2973298739","1548821389","0.111111"
"1548821389","880065844","0.111111"
"880065844","1548821389","0.111111"
"198941471","2058334867","0.944444"
"2058334867","198941471","0.944444"
"198941471","2167253332","0.611111"
"2167253332","198941471","0.611111"
"198941471","2973298739","0.111111"
"2973298739","198941471","0.111111"
"198941471","880065844","0.111111"
"880065844","198941471","0.111111"
"2037041261","2058334867","1.81111"
"2058334867","2037041261","1.81111"
"2037041261","2167253332","0.111111"
"2167253332","2037041261","0.111111"
"2037041261","2973298739","0.111111"
"2973298739","2037041261","0.111111"
"2037041261","880065844","1.14444"
"880065844","2037041261","1.14444"
"2058334867","2763667918","0.444444"
"2763667918","2058334867","0.444444"
"2058334867","2973298739","0.111111"
"2973298739","2058334867","0.111111"
"2058334867","880065844","0.644444"
"880065844","2058334867","0.644444"
"2167253332","2763667918","0.111111"
"2763667918","2167253332","0.111111"
"2167253332","2973298739","0.111111"
"2973298739","2167253332","0.111111"
"2167253332","880065844","0.111111"
"880065844","2167253332","0.111111"
"2181797502","2973298739","0.111111"
"2973298739","2181797502","0.111111"
"2181797502","880065844","0.503968"
"880065844","2181797502","0.503968"
"2187724284","2973298739","0.111111"
"2973298739","2187724284","0.111111"
"2187724284","880065844","0.753968"
"880065844","2187724284","0.753968"
"2763667918","2973298739","0.277778"
"2973298739","2763667918","0.277778"
"2763667918","880065844","1.00397"
"880065844","2763667918","1.00397"
"2973298739","880065844","0.111111"
"880065844","2973298739","0.111111"
"1952332000","2734432974","0.0769231"
"2734432974","1952332000","0.0769231"
"1964701653","2096580990","0.0769231"
"2096580990","1964701653","0.0769231"
"1964701653","2614016445","0.0769231"
"2614016445","1964701653","0.0769231"
"2037041261","207221873","0.0769231"
"207221873","2037041261","0.0769231"
"2037041261","2096580990","0.326923"
"2096580990","2037041261","0.326923"
"2037041261","2133241651","0.0769231"
"2133241651","2037041261","0.0769231"
"2037041261","2614016445","0.326923"
"2614016445","2037041261","0.326923"
"207221873","2734432974","0.0769231"
"2734432974","207221873","0.0769231"
"2084653156","2096580990","0.326923"
"2096580990","2084653156","0.326923"
"2084653156","2614016445","0.326923"
"2614016445","2084653156","0.326923"
"2084653156","2734432974","0.326923"
"2734432974","2084653156","0.326923"
"2096580990","2405882834","0.0769231"
"2405882834","2096580990","0.0769231"
"2096580990","2734432974","0.0769231"
"2734432974","2096580990","0.0769231"
"2133241651","2734432974","0.0769231"
"2734432974","2133241651","0.0769231"
"2405882834","2614016445","0.0769231"
"2614016445","2405882834","0.0769231"
"2405882834","2734432974","0.326923"
"2734432974","2405882834","0.326923"
"2614016445","2734432974","0.0769231"
"2734432974","2614016445","0.0769231"
"2058334867","2734432974","1.25"
"2734432974","2058334867","1.25"
"1952332000","2351759765","0.166667"
"2351759765","1952332000","0.166667"
"1952332000","2605179791","0.166667"
"2605179791","1952332000","0.166667"
"1992761000","2351759765","0.166667"
"2351759765","1992761000","0.166667"
"2097341407","2351759765","0.166667"
"2351759765","2097341407","0.166667"
"2351759765","2399452250","0.166667"
"2399452250","2351759765","0.166667"
"2351759765","2405882834","0.166667"
"2405882834","2351759765","0.166667"
"2351759765","2605179791","1.5"
"2605179791","2351759765","1.5"
"1952332000","2167162001","0.444444"
"2167162001","1952332000","0.444444"
"1979026050","2133241651","0.783333"
"2133241651","1979026050","0.783333"
"2133241651","2167162001","0.333333"
"2167162001","2133241651","0.333333"
"1964701653","880065844","0.533333"
"880065844","1964701653","0.533333"
"1992761000","2058334867","2.2"
"2058334867","1992761000","2.2"
"1992761000","880065844","0.2"
"880065844","1992761000","0.2"
"2084653156","880065844","0.2"
"880065844","2084653156","0.2"
"1979026050","207221873","0.5"
"207221873","1979026050","0.5"
"2133241651","2763667918","0.342857"
"2763667918","2133241651","0.342857"
"1992761000","2167253332","0.333333"
"2167253332","1992761000","0.333333"
"207221873","2763667918","0.142857"
"2763667918","207221873","0.142857"
"207221873","880065844","0.142857"
"880065844","207221873","0.142857"
"2116595917","880065844","0.642857"
"880065844","2116595917","0.642857"
"2133241651","880065844","0.142857"
"880065844","2133241651","0.142857"
"2405882834","2763667918","0.642857"
"2763667918","2405882834","0.642857"
"2405882834","880065844","0.142857"
"880065844","2405882834","0.142857"
"2078105379","880065844","0.25"
"880065844","2078105379","0.25"
"2734432974","880065844","0.25"
"880065844","2734432974","0.25"
"2084653156","2351759765","0.333333"
"2351759765","2084653156","0.333333"
"2351759765","2761037827","0.333333"
"2761037827","2351759765","0.333333"
"2605179791","2761037827","0.333333"
"2761037827","2605179791","0.333333"
"2096580990","2399452250","1"
"2399452250","2096580990","1"
"2761037827","2763667918","0.5"
"2763667918","2761037827","0.5"
"2604155913","2605179791","0.166667"
"2605179791","2604155913","0.166667"
"2604155913","2763667918","0.166667"
"2763667918","2604155913","0.166667"
"2604155913","2763878836","0.166667"
"2763878836","2604155913","0.166667"
"2604155913","2772500033","0.166667"
"2772500033","2604155913","0.166667"
"2604155913","2973298739","0.166667"
"2973298739","2604155913","0.166667"
"2604155913","2992690391","0.166667"
"2992690391","2604155913","0.166667"
"2605179791","2763878836","0.166667"
"2763878836","2605179791","0.166667"
"2605179791","2772500033","0.166667"
"2772500033","2605179791","0.166667"
"2605179791","2973298739","0.166667"
"2973298739","2605179791","0.166667"
"2605179791","2992690391","0.166667"
"2992690391","2605179791","0.166667"
"2763667918","2763878836","0.166667"
"2763878836","2763667918","0.166667"
"2763667918","2772500033","0.166667"
"2772500033","2763667918","0.166667"
"2763667918","2992690391","0.166667"
"2992690391","2763667918","0.166667"
"2763878836","2772500033","4.75"
"2772500033","2763878836","4.75"
"2763878836","2973298739","1.25"
"2973298739","2763878836","1.25"
"2763878836","2992690391","0.166667"
"2992690391","2763878836","0.166667"
"2772500033","2973298739","1.75"
"2973298739","2772500033","1.75"
"2772500033","2992690391","0.5"
"2992690391","2772500033","0.5"
"2973298739","2992690391","0.166667"
"2992690391","2973298739","0.166667"
"2725385766","2763878836","6.91667"
"2763878836","2725385766","6.91667"
"2725385766","2922432571","2.08333"
"2922432571","2725385766","2.08333"
"2725385766","2974296476","0.333333"
"2974296476","2725385766","0.333333"
"2763878836","2922432571","5.58333"
"2922432571","2763878836","5.58333"
"2763878836","2974296476","0.833333"
"2974296476","2763878836","0.833333"
"2922432571","2974296476","2.16667"
"2974296476","2922432571","2.16667"
"2725385766","2772500033","2.58333"
"2772500033","2725385766","2.58333"
"2725385766","2973298739","1.08333"
"2973298739","2725385766","1.08333"
"2772500033","2922432571","3.58333"
"2922432571","2772500033","3.58333"
"2922432571","2973298739","1.75"
"2973298739","2922432571","1.75"
"2772500033","2974296476","0.333333"
"2974296476","2772500033","0.333333"
"2922432571","2992690391","0.833333"
"2992690391","2922432571","0.833333"
"2974296476","2992690391","0.833333"
"2992690391","2974296476","0.833333"
"2973298739","2974296476","1.5"
"2974296476","2973298739","1.5"
"2981952245","2992723486","17.5"
"2992723486","2981952245","17.5"
"2981952245","880065844","0.5"
"880065844","2981952245","0.5"
"2992723486","880065844","0.5"
"880065844","2992723486","0.5"
