"130464738","1516014997","0.177778"
"1516014997","130464738","0.177778"
"130464738","1832968370","0.386111"
"1832968370","130464738","0.386111"
"130464738","1974967044","0.344444"
"1974967044","130464738","0.344444"
"130464738","1990498840","0.261111"
"1990498840","130464738","0.261111"
"130464738","2000777458","0.275"
"2000777458","130464738","0.275"
"130464738","2022390635","0.233333"
"2022390635","130464738","0.233333"
"130464738","2067636065","0.15"
"2067636065","130464738","0.15"
"130464738","2105302686","0.441667"
"2105302686","130464738","0.441667"
"130464738","2118989541","0.316667"
"2118989541","130464738","0.316667"
"130464738","2123876406","2.23333"
"2123876406","130464738","2.23333"
"130464738","2130049164","0.233333"
"2130049164","130464738","0.233333"
"130464738","2142733008","0.15"
"2142733008","130464738","0.15"
"130464738","2241014381","0.15"
"2241014381","130464738","0.15"
"130464738","2408283050","0.0666667"
"2408283050","130464738","0.0666667"
"130464738","43612388","0.261111"
"43612388","130464738","0.261111"
"1516014997","1832968370","0.302778"
"1832968370","1516014997","0.302778"
"1516014997","1974967044","0.177778"
"1974967044","1516014997","0.177778"
"1516014997","1990498840","0.377778"
"1990498840","1516014997","0.377778"
"1516014997","2000777458","0.0666667"
"2000777458","1516014997","0.0666667"
"1516014997","2022390635","0.191667"
"2022390635","1516014997","0.191667"
"1516014997","2067636065","0.0666667"
"2067636065","1516014997","0.0666667"
"1516014997","2105302686","0.191667"
"2105302686","1516014997","0.191667"
"1516014997","2118989541","0.0666667"
"2118989541","1516014997","0.0666667"
"1516014997","2123876406","0.266667"
"2123876406","1516014997","0.266667"
"1516014997","2130049164","1.59167"
"2130049164","1516014997","1.59167"
"1516014997","2142733008","2.26667"
"2142733008","1516014997","2.26667"
"1516014997","2241014381","0.191667"
"2241014381","1516014997","0.191667"
"1516014997","2408283050","0.766667"
"2408283050","1516014997","0.766667"
"1516014997","43612388","1.20278"
"43612388","1516014997","1.20278"
"1832968370","1974967044","0.302778"
"1974967044","1832968370","0.302778"
"1832968370","1990498840","0.288889"
"1990498840","1832968370","0.288889"
"1832968370","2000777458","0.525"
"2000777458","1832968370","0.525"
"1832968370","2022390635","0.4"
"2022390635","1832968370","0.4"
"1832968370","2067636065","0.191667"
"2067636065","1832968370","0.191667"
"1832968370","2105302686","1.13611"
"2105302686","1832968370","1.13611"
"1832968370","2118989541","0.275"
"2118989541","1832968370","0.275"
"1832968370","2123876406","0.15"
"2123876406","1832968370","0.15"
"1832968370","2130049164","0.386111"
"2130049164","1832968370","0.386111"
"1832968370","2142733008","0.177778"
"2142733008","1832968370","0.177778"
"1832968370","2241014381","0.275"
"2241014381","1832968370","0.275"
"1832968370","2408283050","0.0666667"
"2408283050","1832968370","0.0666667"
"1832968370","43612388","0.427778"
"43612388","1832968370","0.427778"
"1974967044","1990498840","0.177778"
"1990498840","1974967044","0.177778"
"1974967044","2000777458","0.0666667"
"2000777458","1974967044","0.0666667"
"1974967044","2022390635","0.525"
"2022390635","1974967044","0.525"
"1974967044","2067636065","0.191667"
"2067636065","1974967044","0.191667"
"1974967044","2105302686","0.358333"
"2105302686","1974967044","0.358333"
"1974967044","2118989541","0.358333"
"2118989541","1974967044","0.358333"
"1974967044","2123876406","0.0666667"
"2123876406","1974967044","0.0666667"
"1974967044","2130049164","0.4"
"2130049164","1974967044","0.4"
"1974967044","2142733008","0.0666667"
"2142733008","1974967044","0.0666667"
"1974967044","2241014381","0.0666667"
"2241014381","1974967044","0.0666667"
"1974967044","2408283050","0.0666667"
"2408283050","1974967044","0.0666667"
"1974967044","43612388","0.302778"
"43612388","1974967044","0.302778"
"1990498840","2000777458","0.0666667"
"2000777458","1990498840","0.0666667"
"1990498840","2022390635","2.38571"
"2022390635","1990498840","2.38571"
"1990498840","2067636065","1.26905"
"2067636065","1990498840","1.26905"
"1990498840","2105302686","0.177778"
"2105302686","1990498840","0.177778"
"1990498840","2118989541","0.0666667"
"2118989541","1990498840","0.0666667"
"1990498840","2123876406","0.725"
"2123876406","1990498840","0.725"
"1990498840","2130049164","2.03016"
"2130049164","1990498840","2.03016"
"1990498840","2142733008","0.427778"
"2142733008","1990498840","0.427778"
"1990498840","2241014381","1.11786"
"2241014381","1990498840","1.11786"
"1990498840","2408283050","0.233333"
"2408283050","1990498840","0.233333"
"1990498840","43612388","3.11349"
"43612388","1990498840","3.11349"
"2000777458","2022390635","0.15"
"2022390635","2000777458","0.15"
"2000777458","2067636065","0.0666667"
"2067636065","2000777458","0.0666667"
"2000777458","2105302686","2.025"
"2105302686","2000777458","2.025"
"2000777458","2118989541","0.4"
"2118989541","2000777458","0.4"
"2000777458","2123876406","0.15"
"2123876406","2000777458","0.15"
"2000777458","2130049164","0.15"
"2130049164","2000777458","0.15"
"2000777458","2142733008","0.0666667"
"2142733008","2000777458","0.0666667"
"2000777458","2241014381","0.15"
"2241014381","2000777458","0.15"
"2000777458","2408283050","0.0666667"
"2408283050","2000777458","0.0666667"
"2000777458","43612388","0.0666667"
"43612388","2000777458","0.0666667"
"2022390635","2067636065","1.89405"
"2067636065","2022390635","1.89405"
"2022390635","2105302686","0.566667"
"2105302686","2022390635","0.566667"
"2022390635","2118989541","0.275"
"2118989541","2022390635","0.275"
"2022390635","2123876406","0.608333"
"2123876406","2022390635","0.608333"
"2022390635","2130049164","8.17738"
"2130049164","2022390635","8.17738"
"2022390635","2142733008","0.733333"
"2142733008","2022390635","0.733333"
"2022390635","2241014381","6.57619"
"2241014381","2022390635","6.57619"
"2022390635","2408283050","0.233333"
"2408283050","2022390635","0.233333"
"2022390635","43612388","4.55238"
"43612388","2022390635","4.55238"
"2067636065","2105302686","0.191667"
"2105302686","2067636065","0.191667"
"2067636065","2118989541","0.191667"
"2118989541","2067636065","0.191667"
"2067636065","2123876406","0.525"
"2123876406","2067636065","0.525"
"2067636065","2130049164","1.68571"
"2130049164","2067636065","1.68571"
"2067636065","2142733008","0.15"
"2142733008","2067636065","0.15"
"2067636065","2241014381","0.584524"
"2241014381","2067636065","0.584524"
"2067636065","2408283050","0.0666667"
"2408283050","2067636065","0.0666667"
"2067636065","43612388","3.22738"
"43612388","2067636065","3.22738"
"2105302686","2118989541","2.025"
"2118989541","2105302686","2.025"
"2105302686","2123876406","0.15"
"2123876406","2105302686","0.15"
"2105302686","2130049164","0.552778"
"2130049164","2105302686","0.552778"
"2105302686","2142733008","0.344444"
"2142733008","2105302686","0.344444"
"2105302686","2241014381","0.275"
"2241014381","2105302686","0.275"
"2105302686","2408283050","0.0666667"
"2408283050","2105302686","0.0666667"
"2105302686","43612388","0.816667"
"43612388","2105302686","0.816667"
"2118989541","2123876406","1.15"
"2123876406","2118989541","1.15"
"2118989541","2130049164","0.15"
"2130049164","2118989541","0.15"
"2118989541","2142733008","0.0666667"
"2142733008","2118989541","0.0666667"
"2118989541","2241014381","0.15"
"2241014381","2118989541","0.15"
"2118989541","2408283050","0.0666667"
"2408283050","2118989541","0.0666667"
"2118989541","43612388","0.525"
"43612388","2118989541","0.525"
"2123876406","2130049164","0.558333"
"2130049164","2123876406","0.558333"
"2123876406","2142733008","0.15"
"2142733008","2123876406","0.15"
"2123876406","2241014381","0.275"
"2241014381","2123876406","0.275"
"2123876406","2408283050","0.0666667"
"2408283050","2123876406","0.0666667"
"2123876406","43612388","0.725"
"43612388","2123876406","0.725"
"2130049164","2142733008","1.71111"
"2142733008","2130049164","1.71111"
"2130049164","2241014381","13.2429"
"2241014381","2130049164","13.2429"
"2130049164","2408283050","0.266667"
"2408283050","2130049164","0.266667"
"2130049164","43612388","4.82738"
"43612388","2130049164","4.82738"
"2142733008","2241014381","0.65"
"2241014381","2142733008","0.65"
"2142733008","2408283050","1.93333"
"2408283050","2142733008","1.93333"
"2142733008","43612388","1.43333"
"43612388","2142733008","1.43333"
"2241014381","2408283050","0.0666667"
"2408283050","2241014381","0.0666667"
"2241014381","43612388","1.90952"
"43612388","2241014381","1.90952"
"2408283050","43612388","0.433333"
"43612388","2408283050","0.433333"
"130464738","1543664658","0.902778"
"1543664658","130464738","0.902778"
"130464738","1834346533","0.166667"
"1834346533","130464738","0.166667"
"130464738","2161475255","0.194444"
"2161475255","130464738","0.194444"
"130464738","2744029588","0.0833333"
"2744029588","130464738","0.0833333"
"130464738","936358545","0.166667"
"936358545","130464738","0.166667"
"1543664658","1834346533","0.166667"
"1834346533","1543664658","0.166667"
"1543664658","1990498840","0.448413"
"1990498840","1543664658","0.448413"
"1543664658","2022390635","0.642857"
"2022390635","1543664658","0.642857"
"1543664658","2067636065","1.47619"
"2067636065","1543664658","1.47619"
"1543664658","2123876406","0.166667"
"2123876406","1543664658","0.166667"
"1543664658","2130049164","1.00397"
"2130049164","1543664658","1.00397"
"1543664658","2142733008","0.194444"
"2142733008","1543664658","0.194444"
"1543664658","2161475255","0.194444"
"2161475255","1543664658","0.194444"
"1543664658","2744029588","0.194444"
"2744029588","1543664658","0.194444"
"1543664658","43612388","0.587302"
"43612388","1543664658","0.587302"
"1543664658","936358545","0.166667"
"936358545","1543664658","0.166667"
"1834346533","1990498840","0.208333"
"1990498840","1834346533","0.208333"
"1834346533","2022390635","0.291667"
"2022390635","1834346533","0.291667"
"1834346533","2067636065","0.208333"
"2067636065","1834346533","0.208333"
"1834346533","2123876406","0.291667"
"2123876406","1834346533","0.291667"
"1834346533","2130049164","0.291667"
"2130049164","1834346533","0.291667"
"1834346533","2142733008","0.583333"
"2142733008","1834346533","0.583333"
"1834346533","2161475255","0.0833333"
"2161475255","1834346533","0.0833333"
"1834346533","2744029588","0.208333"
"2744029588","1834346533","0.208333"
"1834346533","43612388","0.208333"
"43612388","1834346533","0.208333"
"1834346533","936358545","0.166667"
"936358545","1834346533","0.166667"
"1990498840","2161475255","1.77897"
"2161475255","1990498840","1.77897"
"1990498840","2744029588","1.3373"
"2744029588","1990498840","1.3373"
"1990498840","936358545","0.0833333"
"936358545","1990498840","0.0833333"
"2022390635","2161475255","0.884524"
"2161475255","2022390635","0.884524"
"2022390635","2744029588","1.68452"
"2744029588","2022390635","1.68452"
"2022390635","936358545","0.166667"
"936358545","2022390635","0.166667"
"2067636065","2161475255","0.684524"
"2161475255","2067636065","0.684524"
"2067636065","2744029588","0.47619"
"2744029588","2067636065","0.47619"
"2067636065","936358545","0.0833333"
"936358545","2067636065","0.0833333"
"2123876406","2161475255","0.283333"
"2161475255","2123876406","0.283333"
"2123876406","2744029588","0.208333"
"2744029588","2123876406","0.208333"
"2123876406","936358545","0.166667"
"936358545","2123876406","0.166667"
"2130049164","2161475255","1.16786"
"2161475255","2130049164","1.16786"
"2130049164","2744029588","3.24564"
"2744029588","2130049164","3.24564"
"2130049164","936358545","0.166667"
"936358545","2130049164","0.166667"
"2142733008","2161475255","0.25"
"2161475255","2142733008","0.25"
"2142733008","2744029588","1.39444"
"2744029588","2142733008","1.39444"
"2142733008","936358545","0.0833333"
"936358545","2142733008","0.0833333"
"2161475255","2744029588","0.934524"
"2744029588","2161475255","0.934524"
"2161475255","43612388","1.77897"
"43612388","2161475255","1.77897"
"2161475255","936358545","0.0833333"
"936358545","2161475255","0.0833333"
"2744029588","43612388","1.63452"
"43612388","2744029588","1.63452"
"2744029588","936358545","0.0833333"
"936358545","2744029588","0.0833333"
"43612388","936358545","0.0833333"
"936358545","43612388","0.0833333"
"130464738","2013732044","0.5"
"2013732044","130464738","0.5"
"130464738","2061429070","0.791667"
"2061429070","130464738","0.791667"
"2013732044","2061429070","0.5"
"2061429070","2013732044","0.5"
"130464738","2108934288","0.819444"
"2108934288","130464738","0.819444"
"1543664658","2108934288","1.32341"
"2108934288","1543664658","1.32341"
"130464738","2010619212","0.166667"
"2010619212","130464738","0.166667"
"130464738","2061188221","0.277778"
"2061188221","130464738","0.277778"
"1974967044","2010619212","0.166667"
"2010619212","1974967044","0.166667"
"1974967044","2061188221","0.402778"
"2061188221","1974967044","0.402778"
"1974967044","2061429070","0.166667"
"2061429070","1974967044","0.166667"
"2010619212","2061188221","0.166667"
"2061188221","2010619212","0.166667"
"2010619212","2061429070","1.69444"
"2061429070","2010619212","1.69444"
"2010619212","2105302686","2.06944"
"2105302686","2010619212","2.06944"
"2010619212","2118989541","1.16667"
"2118989541","2010619212","1.16667"
"2061188221","2061429070","0.166667"
"2061429070","2061188221","0.166667"
"2061188221","2105302686","0.625"
"2105302686","2061188221","0.625"
"2061188221","2118989541","0.625"
"2118989541","2061188221","0.625"
"2061429070","2105302686","1.06944"
"2105302686","2061429070","1.06944"
"2061429070","2118989541","0.416667"
"2118989541","2061429070","0.416667"
"1543664658","1832968370","0.680556"
"1832968370","1543664658","0.680556"
"1543664658","2000777458","0.458333"
"2000777458","1543664658","0.458333"
"1543664658","2105302686","0.819444"
"2105302686","1543664658","0.819444"
"1543664658","2118989541","0.333333"
"2118989541","1543664658","0.333333"
"1543664658","2241014381","0.0833333"
"2241014381","1543664658","0.0833333"
"1832968370","1834346533","0.0833333"
"1834346533","1832968370","0.0833333"
"1832968370","2108934288","0.805556"
"2108934288","1832968370","0.805556"
"1832968370","936358545","0.0833333"
"936358545","1832968370","0.0833333"
"1834346533","2000777458","0.0833333"
"2000777458","1834346533","0.0833333"
"1834346533","2105302686","0.0833333"
"2105302686","1834346533","0.0833333"
"1834346533","2108934288","0.0833333"
"2108934288","1834346533","0.0833333"
"1834346533","2118989541","0.0833333"
"2118989541","1834346533","0.0833333"
"1834346533","2241014381","0.208333"
"2241014381","1834346533","0.208333"
"2000777458","2108934288","0.458333"
"2108934288","2000777458","0.458333"
"2000777458","936358545","0.0833333"
"936358545","2000777458","0.0833333"
"2022390635","2108934288","1.05952"
"2108934288","2022390635","1.05952"
"2105302686","2108934288","0.944444"
"2108934288","2105302686","0.944444"
"2105302686","936358545","0.0833333"
"936358545","2105302686","0.0833333"
"2108934288","2118989541","0.208333"
"2118989541","2108934288","0.208333"
"2108934288","2123876406","0.0833333"
"2123876406","2108934288","0.0833333"
"2108934288","2130049164","0.712302"
"2130049164","2108934288","0.712302"
"2108934288","2241014381","0.0833333"
"2241014381","2108934288","0.0833333"
"2108934288","936358545","0.0833333"
"936358545","2108934288","0.0833333"
"2118989541","936358545","0.0833333"
"936358545","2118989541","0.0833333"
"2241014381","936358545","0.0833333"
"936358545","2241014381","0.0833333"
"130464738","2078418213","0.125"
"2078418213","130464738","0.125"
"130464738","2097426122","0.125"
"2097426122","130464738","0.125"
"1543664658","2061429070","0.486111"
"2061429070","1543664658","0.486111"
"1543664658","2078418213","0.125"
"2078418213","1543664658","0.125"
"1543664658","2097426122","0.125"
"2097426122","1543664658","0.125"
"1832968370","2061429070","0.986111"
"2061429070","1832968370","0.986111"
"1832968370","2078418213","0.125"
"2078418213","1832968370","0.125"
"1832968370","2097426122","0.125"
"2097426122","1832968370","0.125"
"2000777458","2061429070","6.125"
"2061429070","2000777458","6.125"
"2000777458","2078418213","0.125"
"2078418213","2000777458","0.125"
"2000777458","2097426122","0.375"
"2097426122","2000777458","0.375"
"2061429070","2078418213","0.125"
"2078418213","2061429070","0.125"
"2061429070","2097426122","0.125"
"2097426122","2061429070","0.125"
"2061429070","2108934288","0.236111"
"2108934288","2061429070","0.236111"
"2078418213","2097426122","6.20833"
"2097426122","2078418213","6.20833"
"2078418213","2105302686","0.125"
"2105302686","2078418213","0.125"
"2078418213","2108934288","0.125"
"2108934288","2078418213","0.125"
"2097426122","2105302686","0.375"
"2105302686","2097426122","0.375"
"2097426122","2108934288","0.375"
"2108934288","2097426122","0.375"
"1516014997","1543664658","0.111111"
"1543664658","1516014997","0.111111"
"1516014997","2061188221","0.111111"
"2061188221","1516014997","0.111111"
"1516014997","2108934288","0.111111"
"2108934288","1516014997","0.111111"
"1516014997","2161475255","0.311111"
"2161475255","1516014997","0.311111"
"1543664658","1974967044","0.444444"
"1974967044","1543664658","0.444444"
"1543664658","2061188221","0.111111"
"2061188221","1543664658","0.111111"
"1832968370","2061188221","0.236111"
"2061188221","1832968370","0.236111"
"1832968370","2161475255","0.111111"
"2161475255","1832968370","0.111111"
"1974967044","2108934288","0.236111"
"2108934288","1974967044","0.236111"
"1974967044","2161475255","0.111111"
"2161475255","1974967044","0.111111"
"1990498840","2061188221","0.111111"
"2061188221","1990498840","0.111111"
"1990498840","2108934288","0.490079"
"2108934288","1990498840","0.490079"
"2061188221","2108934288","0.236111"
"2108934288","2061188221","0.236111"
"2061188221","2161475255","0.111111"
"2161475255","2061188221","0.111111"
"2061188221","43612388","0.569444"
"43612388","2061188221","0.569444"
"2108934288","2161475255","0.236111"
"2161475255","2108934288","0.236111"
"2108934288","43612388","0.837302"
"43612388","2108934288","0.837302"
"1516014997","2744029588","0.325"
"2744029588","1516014997","0.325"
"2408283050","2744029588","0.366667"
"2744029588","2408283050","0.366667"
"1516014997","2010619212","0.125"
"2010619212","1516014997","0.125"
"1832968370","2010619212","1.23611"
"2010619212","1832968370","1.23611"
"1832968370","2744029588","0.236111"
"2744029588","1832968370","0.236111"
"2010619212","2022390635","0.767857"
"2022390635","2010619212","0.767857"
"2010619212","2130049164","1.12897"
"2130049164","2010619212","1.12897"
"2010619212","2241014381","1.45833"
"2241014381","2010619212","1.45833"
"2010619212","2744029588","0.236111"
"2744029588","2010619212","0.236111"
"2010619212","43612388","0.684524"
"43612388","2010619212","0.684524"
"2105302686","2744029588","0.236111"
"2744029588","2105302686","0.236111"
"2241014381","2744029588","1.97619"
"2744029588","2241014381","1.97619"
"1543664658","2010619212","0.753968"
"2010619212","1543664658","0.753968"
"2010619212","2067636065","0.392857"
"2067636065","2010619212","0.392857"
"1990498840","2010619212","0.253968"
"2010619212","1990498840","0.253968"
"1990498840","2061429070","0.111111"
"2061429070","1990498840","0.111111"
"2010619212","2108934288","0.503968"
"2108934288","2010619212","0.503968"
"2010619212","2142733008","0.277778"
"2142733008","2010619212","0.277778"
"2061429070","2130049164","0.611111"
"2130049164","2061429070","0.611111"
"2061429070","2142733008","0.277778"
"2142733008","2061429070","0.277778"
"2061429070","2744029588","0.111111"
"2744029588","2061429070","0.111111"
"2108934288","2142733008","0.111111"
"2142733008","2108934288","0.111111"
"2108934288","2744029588","0.236111"
"2744029588","2108934288","0.236111"
"2067636065","2108934288","0.72619"
"2108934288","2067636065","0.72619"
"1557455626","2015873350","1"
"2015873350","1557455626","1"
"2000777458","2010619212","0.75"
"2010619212","2000777458","0.75"
"2022390635","2061188221","0.125"
"2061188221","2022390635","0.125"
"2061188221","2067636065","0.125"
"2067636065","2061188221","0.125"
"1834346533","2013732044","2"
"2013732044","1834346533","2"
"1834346533","26753364","0.5"
"26753364","1834346533","0.5"
"2142733008","26753364","0.5"
"26753364","2142733008","0.5"
"184319914","26753364","4.33333"
"26753364","184319914","4.33333"
"184319914","2060209358","0.333333"
"2060209358","184319914","0.333333"
"184319914","2080845566","0.333333"
"2080845566","184319914","0.333333"
"2060209358","2080845566","0.333333"
"2080845566","2060209358","0.333333"
"2060209358","26753364","0.333333"
"26753364","2060209358","0.333333"
"2080845566","26753364","0.333333"
"26753364","2080845566","0.333333"
"1982369213","2097267020","1.41667"
"2097267020","1982369213","1.41667"
"1982369213","2122837998","6"
"2122837998","1982369213","6"
"1982369213","2153177359","1.91667"
"2153177359","1982369213","1.91667"
"2122837998","2153177359","1.16667"
"2153177359","2122837998","1.16667"
"1982369213","2148214075","1.41667"
"2148214075","1982369213","1.41667"
"2122837998","2148214075","1.16667"
"2148214075","2122837998","1.16667"
"1982369213","2078418213","0.583333"
"2078418213","1982369213","0.583333"
"1982369213","2097426122","0.333333"
"2097426122","1982369213","0.333333"
"2078418213","2122837998","0.333333"
"2122837998","2078418213","0.333333"
"2097426122","2122837998","0.333333"
"2122837998","2097426122","0.333333"
"1982369213","2113382045","1.16667"
"2113382045","1982369213","1.16667"
"2078418213","2113382045","0.25"
"2113382045","2078418213","0.25"
"2078418213","2148214075","0.25"
"2148214075","2078418213","0.25"
"2078418213","2153177359","0.25"
"2153177359","2078418213","0.25"
"2113382045","2148214075","1.66667"
"2148214075","2113382045","1.66667"
"2113382045","2153177359","2.16667"
"2153177359","2113382045","2.16667"
"2148214075","2153177359","7.91667"
"2153177359","2148214075","7.91667"
"2097267020","2122837998","0.416667"
"2122837998","2097267020","0.416667"
"2097267020","2148214075","1.41667"
"2148214075","2097267020","1.41667"
"2097267020","2153177359","1.41667"
"2153177359","2097267020","1.41667"
"1982369213","2084220477","0.166667"
"2084220477","1982369213","0.166667"
"2084220477","2097267020","0.166667"
"2097267020","2084220477","0.166667"
"2084220477","2113382045","0.166667"
"2113382045","2084220477","0.166667"
"2084220477","2122837998","0.166667"
"2122837998","2084220477","0.166667"
"2084220477","2148214075","0.166667"
"2148214075","2084220477","0.166667"
"2084220477","2153177359","0.166667"
"2153177359","2084220477","0.166667"
"2097267020","2113382045","1.16667"
"2113382045","2097267020","1.16667"
"2113382045","2122837998","0.416667"
"2122837998","2113382045","0.416667"
"2161475255","2241014381","0.509524"
"2241014381","2161475255","0.509524"
"2161475255","2408283050","0.166667"
"2408283050","2161475255","0.166667"
"1990498840","2043829019","0.166667"
"2043829019","1990498840","0.166667"
"1990498840","2060209358","0.166667"
"2060209358","1990498840","0.166667"
"2022390635","2043829019","0.166667"
"2043829019","2022390635","0.166667"
"2022390635","2060209358","0.416667"
"2060209358","2022390635","0.416667"
"2043829019","2060209358","2.16667"
"2060209358","2043829019","2.16667"
"2043829019","2130049164","0.166667"
"2130049164","2043829019","0.166667"
"2043829019","2241014381","0.166667"
"2241014381","2043829019","0.166667"
"2043829019","2744029588","0.166667"
"2744029588","2043829019","0.166667"
"2060209358","2130049164","0.416667"
"2130049164","2060209358","0.416667"
"2060209358","2241014381","0.166667"
"2241014381","2060209358","0.166667"
"2060209358","2744029588","0.166667"
"2744029588","2060209358","0.166667"
"1990498840","2080845566","0.125"
"2080845566","1990498840","0.125"
"2022390635","2080845566","1.04167"
"2080845566","2022390635","1.04167"
"2067636065","2080845566","0.875"
"2080845566","2067636065","0.875"
"2080845566","2108934288","0.125"
"2108934288","2080845566","0.125"
"2080845566","2130049164","3.875"
"2130049164","2080845566","3.875"
"2080845566","2161475255","0.125"
"2161475255","2080845566","0.125"
"2080845566","2744029588","0.458333"
"2744029588","2080845566","0.458333"
"2080845566","43612388","0.125"
"43612388","2080845566","0.125"
"2000777458","2013732044","0.25"
"2013732044","2000777458","0.25"
"2013732044","2097426122","0.25"
"2097426122","2013732044","0.25"
"2013732044","2105302686","0.25"
"2105302686","2013732044","0.25"
"2013732044","2108934288","0.25"
"2108934288","2013732044","0.25"
"2022390635","2061429070","0.5"
"2061429070","2022390635","0.5"
"2061429070","43612388","0.166667"
"43612388","2061429070","0.166667"
"2015873350","2097267020","1"
"2097267020","2015873350","1"
"2015873350","2148214075","1"
"2148214075","2015873350","1"
"2061429070","2241014381","0.333333"
"2241014381","2061429070","0.333333"
"2080845566","2241014381","1.25"
"2241014381","2080845566","1.25"
"2022390635","2077858674","0.25"
"2077858674","2022390635","0.25"
"2060209358","2077858674","0.25"
"2077858674","2060209358","0.25"
"2060209358","2108934288","0.25"
"2108934288","2060209358","0.25"
"2077858674","2108934288","0.25"
"2108934288","2077858674","0.25"
"2077858674","2130049164","0.25"
"2130049164","2077858674","0.25"
"2022390635","2078418213","0.25"
"2078418213","2022390635","0.25"
"2022390635","2097426122","0.25"
"2097426122","2022390635","0.25"
"2067636065","2078418213","0.25"
"2078418213","2067636065","0.25"
"2067636065","2097426122","0.25"
"2097426122","2067636065","0.25"
"2078418213","43612388","0.25"
"43612388","2078418213","0.25"
"2097426122","43612388","0.25"
"43612388","2097426122","0.25"
"2055920771","2061429070","1"
"2061429070","2055920771","1"
"2078418213","2097267020","0.5"
"2097267020","2078418213","0.5"
"2097267020","2097426122","0.5"
"2097426122","2097267020","0.5"
"26753364","936358545","2"
"936358545","26753364","2"
