"110401871","2070535525","3.11111"
"2070535525","110401871","3.11111"
"110401871","2129667725","3.11111"
"2129667725","110401871","3.11111"
"2070535525","2129667725","6.06111"
"2129667725","2070535525","6.06111"
"110401871","2162895392","1.11111"
"2162895392","110401871","1.11111"
"2070535525","2162895392","2.98611"
"2162895392","2070535525","2.98611"
"2129667725","2162895392","2.86111"
"2162895392","2129667725","2.86111"
"110401871","1709835359","0.111111"
"1709835359","110401871","0.111111"
"110401871","1976688112","0.111111"
"1976688112","110401871","0.111111"
"110401871","1989257516","0.111111"
"1989257516","110401871","0.111111"
"110401871","2009373533","0.111111"
"2009373533","110401871","0.111111"
"110401871","2102933636","0.111111"
"2102933636","110401871","0.111111"
"110401871","2151850737","0.111111"
"2151850737","110401871","0.111111"
"1709835359","1976688112","0.444444"
"1976688112","1709835359","0.444444"
"1709835359","1989257516","0.111111"
"1989257516","1709835359","0.111111"
"1709835359","2009373533","0.111111"
"2009373533","1709835359","0.111111"
"1709835359","2070535525","0.111111"
"2070535525","1709835359","0.111111"
"1709835359","2102933636","1.11111"
"2102933636","1709835359","1.11111"
"1709835359","2129667725","0.111111"
"2129667725","1709835359","0.111111"
"1709835359","2151850737","0.111111"
"2151850737","1709835359","0.111111"
"1709835359","2162895392","0.111111"
"2162895392","1709835359","0.111111"
"1976688112","1989257516","0.111111"
"1989257516","1976688112","0.111111"
"1976688112","2009373533","0.111111"
"2009373533","1976688112","0.111111"
"1976688112","2070535525","0.111111"
"2070535525","1976688112","0.111111"
"1976688112","2102933636","1.11111"
"2102933636","1976688112","1.11111"
"1976688112","2129667725","0.111111"
"2129667725","1976688112","0.111111"
"1976688112","2151850737","0.111111"
"2151850737","1976688112","0.111111"
"1976688112","2162895392","0.111111"
"2162895392","1976688112","0.111111"
"1989257516","2009373533","0.419935"
"2009373533","1989257516","0.419935"
"1989257516","2070535525","0.361111"
"2070535525","1989257516","0.361111"
"1989257516","2102933636","0.111111"
"2102933636","1989257516","0.111111"
"1989257516","2129667725","0.111111"
"2129667725","1989257516","0.111111"
"1989257516","2151850737","0.111111"
"2151850737","1989257516","0.111111"
"1989257516","2162895392","1.11111"
"2162895392","1989257516","1.11111"
"2009373533","2070535525","0.811111"
"2070535525","2009373533","0.811111"
"2009373533","2102933636","0.111111"
"2102933636","2009373533","0.111111"
"2009373533","2129667725","0.561111"
"2129667725","2009373533","0.561111"
"2009373533","2151850737","3.56111"
"2151850737","2009373533","3.56111"
"2009373533","2162895392","0.561111"
"2162895392","2009373533","0.561111"
"2070535525","2102933636","0.111111"
"2102933636","2070535525","0.111111"
"2070535525","2151850737","0.561111"
"2151850737","2070535525","0.561111"
"2102933636","2129667725","0.111111"
"2129667725","2102933636","0.111111"
"2102933636","2151850737","0.111111"
"2151850737","2102933636","0.111111"
"2102933636","2162895392","0.111111"
"2162895392","2102933636","0.111111"
"2129667725","2151850737","0.561111"
"2151850737","2129667725","0.561111"
"2151850737","2162895392","1.36111"
"2162895392","2151850737","1.36111"
"11049922","1964416677","0.333333"
"1964416677","11049922","0.333333"
"11049922","2101391179","0.333333"
"2101391179","11049922","0.333333"
"11049922","2165782110","0.333333"
"2165782110","11049922","0.333333"
"1964416677","2101391179","0.333333"
"2101391179","1964416677","0.333333"
"1964416677","2165782110","1.33333"
"2165782110","1964416677","1.33333"
"2101391179","2165782110","0.802413"
"2165782110","2101391179","0.802413"
"11049922","3005611719","1"
"3005611719","11049922","1"
"112499930","1481082344","0.333333"
"1481082344","112499930","0.333333"
"112499930","1830466989","0.809524"
"1830466989","112499930","0.809524"
"112499930","1996908530","12"
"1996908530","112499930","12"
"1481082344","1830466989","0.333333"
"1830466989","1481082344","0.333333"
"1481082344","1996908530","2.53333"
"1996908530","1481082344","2.53333"
"1830466989","1996908530","1.66667"
"1996908530","1830466989","1.66667"
"112499930","2000037545","0.72619"
"2000037545","112499930","0.72619"
"112499930","2052632834","1.05952"
"2052632834","112499930","1.05952"
"1996908530","2000037545","1.15"
"2000037545","1996908530","1.15"
"1996908530","2052632834","1.23333"
"2052632834","1996908530","1.23333"
"2000037545","2052632834","5.30238"
"2052632834","2000037545","5.30238"
"112499930","1987263667","0.142857"
"1987263667","112499930","0.142857"
"112499930","2101596246","0.392857"
"2101596246","112499930","0.392857"
"112499930","2147733013","0.142857"
"2147733013","112499930","0.142857"
"112499930","2485054598","0.392857"
"2485054598","112499930","0.392857"
"1830466989","1987263667","0.285714"
"1987263667","1830466989","0.285714"
"1830466989","2000037545","0.285714"
"2000037545","1830466989","0.285714"
"1830466989","2052632834","0.619048"
"2052632834","1830466989","0.619048"
"1830466989","2101596246","0.142857"
"2101596246","1830466989","0.142857"
"1830466989","2147733013","0.285714"
"2147733013","1830466989","0.285714"
"1830466989","2485054598","0.285714"
"2485054598","1830466989","0.285714"
"1987263667","2000037545","2.26905"
"2000037545","1987263667","2.26905"
"1987263667","2052632834","1.18571"
"2052632834","1987263667","1.18571"
"1987263667","2101596246","2.29286"
"2101596246","1987263667","2.29286"
"1987263667","2147733013","2.06905"
"2147733013","1987263667","2.06905"
"1987263667","2485054598","0.485714"
"2485054598","1987263667","0.485714"
"2000037545","2101596246","3.04286"
"2101596246","2000037545","3.04286"
"2000037545","2147733013","3.06905"
"2147733013","2000037545","3.06905"
"2000037545","2485054598","1.93571"
"2485054598","2000037545","1.93571"
"2052632834","2101596246","1.95952"
"2101596246","2052632834","1.95952"
"2052632834","2147733013","1.48571"
"2147733013","2052632834","1.48571"
"2052632834","2485054598","5.43571"
"2485054598","2052632834","5.43571"
"2101596246","2147733013","1.59286"
"2147733013","2101596246","1.59286"
"2101596246","2485054598","0.592857"
"2485054598","2101596246","0.592857"
"2147733013","2485054598","0.285714"
"2485054598","2147733013","0.285714"
"116507225","2098349477","21"
"2098349477","116507225","21"
"116507225","2171481701","0.833333"
"2171481701","116507225","0.833333"
"116507225","2499118288","1.16667"
"2499118288","116507225","1.16667"
"2098349477","2171481701","0.333333"
"2171481701","2098349477","0.333333"
"2098349477","2499118288","0.666667"
"2499118288","2098349477","0.666667"
"2171481701","2499118288","5.83333"
"2499118288","2171481701","5.83333"
"116507225","2501021679","0.333333"
"2501021679","116507225","0.333333"
"2098349477","2501021679","1.33333"
"2501021679","2098349477","1.33333"
"2499118288","2501021679","2.33333"
"2501021679","2499118288","2.33333"
"116507225","1962825766","0.333333"
"1962825766","116507225","0.333333"
"116507225","2038055389","0.333333"
"2038055389","116507225","0.333333"
"1962825766","2038055389","1.33333"
"2038055389","1962825766","1.33333"
"1962825766","2098349477","0.333333"
"2098349477","1962825766","0.333333"
"2038055389","2098349477","0.333333"
"2098349477","2038055389","0.333333"
"1479856095","1539513769","1.33333"
"1539513769","1479856095","1.33333"
"1479856095","1560257649","1.33333"
"1560257649","1479856095","1.33333"
"1539513769","1560257649","3.83333"
"1560257649","1539513769","3.83333"
"1479856095","1533907056","1.83333"
"1533907056","1479856095","1.83333"
"1533907056","1539513769","2.83333"
"1539513769","1533907056","2.83333"
"1533907056","1560257649","1.83333"
"1560257649","1533907056","1.83333"
"1479856095","2130174211","0.5"
"2130174211","1479856095","0.5"
"1533907056","2130174211","0.5"
"2130174211","1533907056","0.5"
"1481082344","2000037545","0.2"
"2000037545","1481082344","0.2"
"1481082344","2052632834","0.2"
"2052632834","1481082344","0.2"
"1481082344","2130174211","0.2"
"2130174211","1481082344","0.2"
"1481082344","2485054598","0.2"
"2485054598","1481082344","0.2"
"1996908530","2130174211","0.2"
"2130174211","1996908530","0.2"
"1996908530","2485054598","1.4"
"2485054598","1996908530","1.4"
"2000037545","2130174211","0.2"
"2130174211","2000037545","0.2"
"2052632834","2130174211","0.2"
"2130174211","2052632834","0.2"
"2130174211","2485054598","0.2"
"2485054598","2130174211","0.2"
"1481082344","2171680969","0.625"
"2171680969","1481082344","0.625"
"1481082344","96317830","0.875"
"96317830","1481082344","0.875"
"2171680969","96317830","0.625"
"96317830","2171680969","0.625"
"1481082344","1517810665","1"
"1517810665","1481082344","1"
"1481082344","1515164281","0.708333"
"1515164281","1481082344","0.708333"
"1481082344","1600382838","0.708333"
"1600382838","1481082344","0.708333"
"1481082344","2137902257","0.375"
"2137902257","1481082344","0.375"
"1515164281","1600382838","3.125"
"1600382838","1515164281","3.125"
"1515164281","2137902257","0.958333"
"2137902257","1515164281","0.958333"
"1515164281","96317830","2.20833"
"96317830","1515164281","2.20833"
"1600382838","2137902257","1.45833"
"2137902257","1600382838","1.45833"
"1600382838","96317830","1.70833"
"96317830","1600382838","1.70833"
"2137902257","96317830","0.375"
"96317830","2137902257","0.375"
"1481082344","1976688112","1"
"1976688112","1481082344","1"
"1481082344","2136403483","0.125"
"2136403483","1481082344","0.125"
"1481082344","2145082964","0.458333"
"2145082964","1481082344","0.458333"
"1481082344","76480700","0.125"
"76480700","1481082344","0.125"
"1515164281","2136403483","0.625"
"2136403483","1515164281","0.625"
"1515164281","2145082964","0.458333"
"2145082964","1515164281","0.458333"
"1515164281","2171680969","0.125"
"2171680969","1515164281","0.125"
"1515164281","76480700","5.04167"
"76480700","1515164281","5.04167"
"1600382838","2136403483","0.125"
"2136403483","1600382838","0.125"
"1600382838","2145082964","0.458333"
"2145082964","1600382838","0.458333"
"1600382838","2171680969","0.125"
"2171680969","1600382838","0.125"
"1600382838","76480700","2.54167"
"76480700","1600382838","2.54167"
"2136403483","2137902257","0.125"
"2137902257","2136403483","0.125"
"2136403483","2145082964","0.125"
"2145082964","2136403483","0.125"
"2136403483","2171680969","0.125"
"2171680969","2136403483","0.125"
"2136403483","76480700","0.625"
"76480700","2136403483","0.625"
"2136403483","96317830","0.125"
"96317830","2136403483","0.125"
"2137902257","2145082964","0.125"
"2145082964","2137902257","0.125"
"2137902257","2171680969","0.125"
"2171680969","2137902257","0.125"
"2137902257","76480700","0.708333"
"76480700","2137902257","0.708333"
"2145082964","2171680969","1.125"
"2171680969","2145082964","1.125"
"2145082964","76480700","0.125"
"76480700","2145082964","0.125"
"2145082964","96317830","0.125"
"96317830","2145082964","0.125"
"2171680969","76480700","0.125"
"76480700","2171680969","0.125"
"76480700","96317830","0.958333"
"96317830","76480700","0.958333"
"1481782925","1539507428","1.61912"
"1539507428","1481782925","1.61912"
"1481782925","154313989","1.51128"
"154313989","1481782925","1.51128"
"1481782925","1883353142","0.806818"
"1883353142","1481782925","0.806818"
"1481782925","2129048730","1.17794"
"2129048730","1481782925","1.17794"
"1481782925","2129056090","0.125"
"2129056090","1481782925","0.125"
"1481782925","2147521717","1.20175"
"2147521717","1481782925","1.20175"
"1481782925","2157005407","0.325"
"2157005407","1481782925","0.325"
"1481782925","249560940","1.2335"
"249560940","1481782925","1.2335"
"1539507428","154313989","1.87779"
"154313989","1539507428","1.87779"
"1539507428","1883353142","0.990152"
"1883353142","1539507428","0.990152"
"1539507428","2129048730","1.49327"
"2129048730","1539507428","1.49327"
"1539507428","2129056090","0.201923"
"2129056090","1539507428","0.201923"
"1539507428","2147521717","3.0813"
"2147521717","1539507428","3.0813"
"1539507428","2157005407","0.125"
"2157005407","1539507428","0.125"
"1539507428","249560940","1.93334"
"249560940","1539507428","1.93334"
"154313989","1883353142","0.99412"
"1883353142","154313989","0.99412"
"154313989","2129048730","1.79217"
"2129048730","154313989","1.79217"
"154313989","2129056090","0.201923"
"2129056090","154313989","0.201923"
"154313989","2147521717","2.35328"
"2147521717","154313989","2.35328"
"154313989","2157005407","0.125"
"2157005407","154313989","0.125"
"154313989","249560940","4.21439"
"249560940","154313989","4.21439"
"1883353142","2129048730","1.05364"
"2129048730","1883353142","1.05364"
"1883353142","2129056090","0.125"
"2129056090","1883353142","0.125"
"1883353142","2147521717","4.87031"
"2147521717","1883353142","4.87031"
"1883353142","2157005407","0.125"
"2157005407","1883353142","0.125"
"1883353142","249560940","0.767929"
"249560940","1883353142","0.767929"
"2129048730","2129056090","0.201923"
"2129056090","2129048730","0.201923"
"2129048730","2147521717","2.19495"
"2147521717","2129048730","2.19495"
"2129048730","2157005407","0.125"
"2157005407","2129048730","0.125"
"2129048730","249560940","1.70487"
"249560940","2129048730","1.70487"
"2129056090","2147521717","1.45192"
"2147521717","2129056090","1.45192"
"2129056090","2157005407","0.125"
"2157005407","2129056090","0.125"
"2129056090","249560940","0.201923"
"249560940","2129056090","0.201923"
"2147521717","2157005407","1.225"
"2157005407","2147521717","1.225"
"2147521717","249560940","1.84931"
"249560940","2147521717","1.84931"
"2157005407","249560940","0.125"
"249560940","2157005407","0.125"
"1481782925","2021015049","0.707308"
"2021015049","1481782925","0.707308"
"1481782925","2101583071","0.1"
"2101583071","1481782925","0.1"
"1481782925","2107988350","0.451753"
"2107988350","1481782925","0.451753"
"1481782925","2156556217","1.05294"
"2156556217","1481782925","1.05294"
"1481782925","2505816031","0.833766"
"2505816031","1481782925","0.833766"
"1539507428","2021015049","3.34049"
"2021015049","1539507428","3.34049"
"1539507428","2101583071","0.1"
"2101583071","1539507428","0.1"
"1539507428","2107988350","2.89519"
"2107988350","1539507428","2.89519"
"1539507428","2156556217","2.28612"
"2156556217","1539507428","2.28612"
"1539507428","2505816031","0.892435"
"2505816031","1539507428","0.892435"
"154313989","2021015049","1.20017"
"2021015049","154313989","1.20017"
"154313989","2101583071","0.211111"
"2101583071","154313989","0.211111"
"154313989","2107988350","1.2882"
"2107988350","154313989","1.2882"
"154313989","2156556217","1.78939"
"2156556217","154313989","1.78939"
"154313989","2505816031","0.837734"
"2505816031","154313989","0.837734"
"2021015049","2101583071","0.711111"
"2101583071","2021015049","0.711111"
"2021015049","2107988350","4.21042"
"2107988350","2021015049","4.21042"
"2021015049","2129048730","0.857308"
"2129048730","2021015049","0.857308"
"2021015049","2147521717","3.72153"
"2147521717","2021015049","3.72153"
"2021015049","2156556217","0.789054"
"2156556217","2021015049","0.789054"
"2021015049","249560940","1.20017"
"249560940","2021015049","1.20017"
"2021015049","2505816031","2.46069"
"2505816031","2021015049","2.46069"
"2101583071","2107988350","0.211111"
"2107988350","2101583071","0.211111"
"2101583071","2129048730","0.211111"
"2129048730","2101583071","0.211111"
"2101583071","2147521717","1.41111"
"2147521717","2101583071","1.41111"
"2101583071","2156556217","0.1"
"2156556217","2101583071","0.1"
"2101583071","249560940","0.211111"
"249560940","2101583071","0.211111"
"2101583071","2505816031","0.211111"
"2505816031","2101583071","0.211111"
"2107988350","2129048730","1.76439"
"2129048730","2107988350","1.76439"
"2107988350","2147521717","3.00242"
"2147521717","2107988350","3.00242"
"2107988350","2156556217","1.07709"
"2156556217","2107988350","1.07709"
"2107988350","249560940","1.17709"
"249560940","2107988350","1.17709"
"2107988350","2505816031","1.7464"
"2505816031","2107988350","1.7464"
"2129048730","2156556217","1.3132"
"2156556217","2129048730","1.3132"
"2129048730","2505816031","1.98059"
"2505816031","2129048730","1.98059"
"2147521717","2156556217","1.92431"
"2156556217","2147521717","1.92431"
"2147521717","2505816031","6.32577"
"2505816031","2147521717","6.32577"
"2156556217","249560940","1.67828"
"249560940","2156556217","1.67828"
"2156556217","2505816031","0.726623"
"2505816031","2156556217","0.726623"
"249560940","2505816031","0.837734"
"2505816031","249560940","0.837734"
"1481782925","1551314574","0.169935"
"1551314574","1481782925","0.169935"
"1481782925","2009457315","0.260844"
"2009457315","1481782925","0.260844"
"1481782925","2127423654","2.10446"
"2127423654","1481782925","2.10446"
"1539507428","1551314574","0.56859"
"1551314574","1539507428","0.56859"
"1539507428","2009457315","0.811422"
"2009457315","1539507428","0.811422"
"1539507428","2127423654","2.10311"
"2127423654","1539507428","2.10311"
"154313989","1551314574","0.302413"
"1551314574","154313989","0.302413"
"154313989","2009457315","0.704434"
"2009457315","154313989","0.704434"
"154313989","2127423654","1.12509"
"2127423654","154313989","1.12509"
"1551314574","2009457315","1.4786"
"2009457315","1551314574","1.4786"
"1551314574","2107988350","0.44527"
"2107988350","1551314574","0.44527"
"1551314574","2127423654","0.35049"
"2127423654","1551314574","0.35049"
"1551314574","2129048730","0.57027"
"2129048730","1551314574","0.57027"
"1551314574","2147521717","0.371858"
"2147521717","1551314574","0.371858"
"1551314574","2156556217","0.302413"
"2156556217","1551314574","0.302413"
"2009457315","2107988350","1.16707"
"2107988350","2009457315","1.16707"
"2009457315","2127423654","0.856382"
"2127423654","2009457315","0.856382"
"2009457315","2129048730","2.49015"
"2129048730","2009457315","2.49015"
"2009457315","2147521717","2.16866"
"2147521717","2009457315","2.16866"
"2009457315","2156556217","0.493322"
"2156556217","2009457315","0.493322"
"2107988350","2127423654","2.35638"
"2127423654","2107988350","2.35638"
"2127423654","2129048730","1.72628"
"2129048730","2127423654","1.72628"
"2127423654","2147521717","4.53813"
"2147521717","2127423654","4.53813"
"2127423654","2156556217","0.871125"
"2156556217","2127423654","0.871125"
"1481782925","2009373533","0.258824"
"2009373533","1481782925","0.258824"
"1481782925","2156740384","0.366667"
"2156740384","1481782925","0.366667"
"1481782925","2162895392","0.533333"
"2162895392","1481782925","0.533333"
"2009373533","2021015049","0.785747"
"2021015049","2009373533","0.785747"
"2009373533","2156740384","0.2"
"2156740384","2009373533","0.2"
"2009373533","2157005407","0.2"
"2157005407","2009373533","0.2"
"2021015049","2156740384","0.283333"
"2156740384","2021015049","0.283333"
"2021015049","2157005407","0.3"
"2157005407","2021015049","0.3"
"2021015049","2162895392","0.7"
"2162895392","2021015049","0.7"
"2156740384","2157005407","0.2"
"2157005407","2156740384","0.2"
"2156740384","2162895392","0.2"
"2162895392","2156740384","0.2"
"2157005407","2162895392","0.2"
"2162895392","2157005407","0.2"
"1481782925","1971445417","0.681818"
"1971445417","1481782925","0.681818"
"1883353142","1971445417","36.412"
"1971445417","1883353142","36.412"
"1971445417","2147521717","3.74531"
"2147521717","1971445417","3.74531"
"2127423654","2505816031","1.50708"
"2505816031","2127423654","1.50708"
"1539507428","1971445417","0.531818"
"1971445417","1539507428","0.531818"
"1539507428","2156740384","0.25"
"2156740384","1539507428","0.25"
"1883353142","2156740384","0.25"
"2156740384","1883353142","0.25"
"1971445417","2129048730","0.928644"
"2129048730","1971445417","0.928644"
"1971445417","2156740384","0.25"
"2156740384","1971445417","0.25"
"1971445417","249560940","0.642929"
"249560940","1971445417","0.642929"
"2129048730","2156740384","0.25"
"2156740384","2129048730","0.25"
"2156740384","249560940","0.25"
"249560940","2156740384","0.25"
"2127423654","249560940","0.871125"
"249560940","2127423654","0.871125"
"1481782925","96317830","0.5"
"96317830","1481782925","0.5"
"154313989","2162895392","0.333333"
"2162895392","154313989","0.333333"
"154313989","96317830","0.694444"
"96317830","154313989","0.694444"
"2162895392","96317830","0.333333"
"96317830","2162895392","0.333333"
"1481782925","2102933636","0.5"
"2102933636","1481782925","0.5"
"1539507428","2102933636","0.933333"
"2102933636","1539507428","0.933333"
"2021015049","96317830","0.25"
"96317830","2021015049","0.25"
"2129048730","96317830","0.361111"
"96317830","2129048730","0.361111"
"2156556217","96317830","0.361111"
"96317830","2156556217","0.361111"
"249560940","96317830","0.361111"
"96317830","249560940","0.361111"
"154313989","1971445417","0.86912"
"1971445417","154313989","0.86912"
"1883353142","2009457315","0.533766"
"2009457315","1883353142","0.533766"
"1883353142","2021015049","1.06515"
"2021015049","1883353142","1.06515"
"1883353142","2107988350","0.508009"
"2107988350","1883353142","0.508009"
"1883353142","2156556217","0.709596"
"2156556217","1883353142","0.709596"
"1971445417","2009457315","0.533766"
"2009457315","1971445417","0.533766"
"1971445417","2021015049","1.06515"
"2021015049","1971445417","1.06515"
"1971445417","2107988350","0.508009"
"2107988350","1971445417","0.508009"
"1971445417","2156556217","0.376263"
"2156556217","1971445417","0.376263"
"2009457315","2021015049","2.79332"
"2021015049","2009457315","2.79332"
"2009457315","249560940","0.593322"
"249560940","2009457315","0.593322"
"1883353142","2505816031","0.761544"
"2505816031","1883353142","0.761544"
"1971445417","2505816031","0.761544"
"2505816031","1971445417","0.761544"
"1481782925","1709835359","0.125"
"1709835359","1481782925","0.125"
"1539507428","1709835359","0.125"
"1709835359","1539507428","0.125"
"154313989","1709835359","0.125"
"1709835359","154313989","0.125"
"1709835359","2127423654","0.125"
"2127423654","1709835359","0.125"
"1709835359","2129048730","0.125"
"2129048730","1709835359","0.125"
"1709835359","2147521717","0.125"
"2147521717","1709835359","0.125"
"1709835359","2156556217","0.125"
"2156556217","1709835359","0.125"
"1709835359","249560940","0.125"
"249560940","1709835359","0.125"
"1481782925","1574878151","0.0588235"
"1574878151","1481782925","0.0588235"
"1481782925","1989257516","0.0588235"
"1989257516","1481782925","0.0588235"
"1481782925","2009767031","0.0588235"
"2009767031","1481782925","0.0588235"
"1481782925","2099621320","0.0588235"
"2099621320","1481782925","0.0588235"
"1481782925","2101391179","0.0588235"
"2101391179","1481782925","0.0588235"
"1481782925","2165782110","0.0588235"
"2165782110","1481782925","0.0588235"
"154313989","1574878151","0.114379"
"1574878151","154313989","0.114379"
"154313989","1989257516","0.235747"
"1989257516","154313989","0.235747"
"154313989","2009373533","0.0588235"
"2009373533","154313989","0.0588235"
"154313989","2009767031","0.0588235"
"2009767031","154313989","0.0588235"
"154313989","2099621320","0.135747"
"2099621320","154313989","0.135747"
"154313989","2101391179","0.0588235"
"2101391179","154313989","0.0588235"
"154313989","2165782110","0.114379"
"2165782110","154313989","0.114379"
"1551314574","1574878151","0.114379"
"1574878151","1551314574","0.114379"
"1551314574","1989257516","0.585747"
"1989257516","1551314574","0.585747"
"1551314574","2009373533","0.308824"
"2009373533","1551314574","0.308824"
"1551314574","2009767031","0.0588235"
"2009767031","1551314574","0.0588235"
"1551314574","2021015049","0.564379"
"2021015049","1551314574","0.564379"
"1551314574","2099621320","0.135747"
"2099621320","1551314574","0.135747"
"1551314574","2101391179","0.0588235"
"2101391179","1551314574","0.0588235"
"1551314574","2165782110","0.114379"
"2165782110","1551314574","0.114379"
"1551314574","249560940","0.191302"
"249560940","1551314574","0.191302"
"1574878151","1989257516","0.0588235"
"1989257516","1574878151","0.0588235"
"1574878151","2009373533","0.385747"
"2009373533","1574878151","0.385747"
"1574878151","2009457315","0.191302"
"2009457315","1574878151","0.191302"
"1574878151","2009767031","0.135747"
"2009767031","1574878151","0.135747"
"1574878151","2021015049","3.02464"
"2021015049","1574878151","3.02464"
"1574878151","2099621320","0.47549"
"2099621320","1574878151","0.47549"
"1574878151","2101391179","0.135747"
"2101391179","1574878151","0.135747"
"1574878151","2107988350","0.191302"
"2107988350","1574878151","0.191302"
"1574878151","2127423654","0.357969"
"2127423654","1574878151","0.357969"
"1574878151","2129048730","0.114379"
"2129048730","1574878151","0.114379"
"1574878151","2147521717","0.46908"
"2147521717","1574878151","0.46908"
"1574878151","2156556217","0.114379"
"2156556217","1574878151","0.114379"
"1574878151","2165782110","0.191302"
"2165782110","1574878151","0.191302"
"1574878151","249560940","0.114379"
"249560940","1574878151","0.114379"
"1989257516","2009457315","3.76908"
"2009457315","1989257516","3.76908"
"1989257516","2009767031","0.0588235"
"2009767031","1989257516","0.0588235"
"1989257516","2021015049","0.608824"
"2021015049","1989257516","0.608824"
"1989257516","2099621320","2.63575"
"2099621320","1989257516","2.63575"
"1989257516","2101391179","0.0588235"
"2101391179","1989257516","0.0588235"
"1989257516","2107988350","0.235747"
"2107988350","1989257516","0.235747"
"1989257516","2127423654","0.0588235"
"2127423654","1989257516","0.0588235"
"1989257516","2129048730","0.235747"
"2129048730","1989257516","0.235747"
"1989257516","2147521717","0.235747"
"2147521717","1989257516","0.235747"
"1989257516","2156556217","0.135747"
"2156556217","1989257516","0.135747"
"1989257516","2165782110","0.0588235"
"2165782110","1989257516","0.0588235"
"1989257516","249560940","0.235747"
"249560940","1989257516","0.235747"
"2009373533","2009457315","0.135747"
"2009457315","2009373533","0.135747"
"2009373533","2009767031","0.135747"
"2009767031","2009373533","0.135747"
"2009373533","2099621320","0.0588235"
"2099621320","2009373533","0.0588235"
"2009373533","2101391179","0.135747"
"2101391179","2009373533","0.135747"
"2009373533","2107988350","0.135747"
"2107988350","2009373533","0.135747"
"2009373533","2127423654","0.135747"
"2127423654","2009373533","0.135747"
"2009373533","2129048730","0.0588235"
"2129048730","2009373533","0.0588235"
"2009373533","2147521717","0.135747"
"2147521717","2009373533","0.135747"
"2009373533","2156556217","0.0588235"
"2156556217","2009373533","0.0588235"
"2009373533","2165782110","0.135747"
"2165782110","2009373533","0.135747"
"2009373533","249560940","0.0588235"
"249560940","2009373533","0.0588235"
"2009457315","2009767031","0.46908"
"2009767031","2009457315","0.46908"
"2009457315","2099621320","1.73575"
"2099621320","2009457315","1.73575"
"2009457315","2101391179","0.46908"
"2101391179","2009457315","0.46908"
"2009457315","2165782110","0.524635"
"2165782110","2009457315","0.524635"
"2009767031","2021015049","0.135747"
"2021015049","2009767031","0.135747"
"2009767031","2099621320","0.0588235"
"2099621320","2009767031","0.0588235"
"2009767031","2101391179","6.46908"
"2101391179","2009767031","6.46908"
"2009767031","2107988350","0.135747"
"2107988350","2009767031","0.135747"
"2009767031","2127423654","0.135747"
"2127423654","2009767031","0.135747"
"2009767031","2129048730","0.0588235"
"2129048730","2009767031","0.0588235"
"2009767031","2147521717","0.135747"
"2147521717","2009767031","0.135747"
"2009767031","2156556217","0.0588235"
"2156556217","2009767031","0.0588235"
"2009767031","2165782110","0.46908"
"2165782110","2009767031","0.46908"
"2009767031","249560940","0.0588235"
"249560940","2009767031","0.0588235"
"2021015049","2099621320","0.158824"
"2099621320","2021015049","0.158824"
"2021015049","2101391179","0.135747"
"2101391179","2021015049","0.135747"
"2021015049","2127423654","2.03575"
"2127423654","2021015049","2.03575"
"2021015049","2165782110","0.191302"
"2165782110","2021015049","0.191302"
"2099621320","2101391179","0.0588235"
"2101391179","2099621320","0.0588235"
"2099621320","2107988350","0.235747"
"2107988350","2099621320","0.235747"
"2099621320","2127423654","0.22549"
"2127423654","2099621320","0.22549"
"2099621320","2129048730","0.135747"
"2129048730","2099621320","0.135747"
"2099621320","2147521717","0.235747"
"2147521717","2099621320","0.235747"
"2099621320","2156556217","0.135747"
"2156556217","2099621320","0.135747"
"2099621320","2165782110","0.0588235"
"2165782110","2099621320","0.0588235"
"2099621320","249560940","0.135747"
"249560940","2099621320","0.135747"
"2101391179","2107988350","0.135747"
"2107988350","2101391179","0.135747"
"2101391179","2127423654","0.135747"
"2127423654","2101391179","0.135747"
"2101391179","2129048730","0.0588235"
"2129048730","2101391179","0.0588235"
"2101391179","2147521717","0.135747"
"2147521717","2101391179","0.135747"
"2101391179","2156556217","0.0588235"
"2156556217","2101391179","0.0588235"
"2101391179","249560940","0.0588235"
"249560940","2101391179","0.0588235"
"2107988350","2165782110","0.191302"
"2165782110","2107988350","0.191302"
"2127423654","2165782110","0.191302"
"2165782110","2127423654","0.191302"
"2129048730","2165782110","0.114379"
"2165782110","2129048730","0.114379"
"2147521717","2165782110","0.135747"
"2165782110","2147521717","0.135747"
"2156556217","2165782110","0.114379"
"2165782110","2156556217","0.114379"
"2165782110","249560940","0.114379"
"249560940","2165782110","0.114379"
"1488102468","1549559975","0.1"
"1549559975","1488102468","0.1"
"1488102468","1551314574","0.1"
"1551314574","1488102468","0.1"
"1488102468","1608928901","0.1"
"1608928901","1488102468","0.1"
"1488102468","1976688112","0.1"
"1976688112","1488102468","0.1"
"1488102468","1996908530","0.1"
"1996908530","1488102468","0.1"
"1488102468","2003869977","0.1"
"2003869977","1488102468","0.1"
"1488102468","2035439081","0.1"
"2035439081","1488102468","0.1"
"1488102468","2109146148","3.93333"
"2109146148","1488102468","3.93333"
"1488102468","2147733013","0.3"
"2147733013","1488102468","0.3"
"1488102468","55008176","0.1"
"55008176","1488102468","0.1"
"1549559975","1551314574","0.1"
"1551314574","1549559975","0.1"
"1549559975","1608928901","0.1"
"1608928901","1549559975","0.1"
"1549559975","1976688112","0.1"
"1976688112","1549559975","0.1"
"1549559975","1996908530","0.1"
"1996908530","1549559975","0.1"
"1549559975","2003869977","0.433333"
"2003869977","1549559975","0.433333"
"1549559975","2035439081","0.433333"
"2035439081","1549559975","0.433333"
"1549559975","2109146148","0.6"
"2109146148","1549559975","0.6"
"1549559975","2147733013","0.1"
"2147733013","1549559975","0.1"
"1549559975","55008176","0.1"
"55008176","1549559975","0.1"
"1551314574","1608928901","0.558333"
"1608928901","1551314574","0.558333"
"1551314574","1976688112","0.1"
"1976688112","1551314574","0.1"
"1551314574","1996908530","0.1"
"1996908530","1551314574","0.1"
"1551314574","2003869977","0.1"
"2003869977","1551314574","0.1"
"1551314574","2035439081","0.1"
"2035439081","1551314574","0.1"
"1551314574","2109146148","0.1"
"2109146148","1551314574","0.1"
"1551314574","2147733013","0.1"
"2147733013","1551314574","0.1"
"1551314574","55008176","0.1"
"55008176","1551314574","0.1"
"1608928901","1976688112","0.1"
"1976688112","1608928901","0.1"
"1608928901","1996908530","0.1"
"1996908530","1608928901","0.1"
"1608928901","2003869977","0.1"
"2003869977","1608928901","0.1"
"1608928901","2035439081","0.1"
"2035439081","1608928901","0.1"
"1608928901","2109146148","0.1"
"2109146148","1608928901","0.1"
"1608928901","2147733013","0.1"
"2147733013","1608928901","0.1"
"1608928901","55008176","0.1"
"55008176","1608928901","0.1"
"1976688112","1996908530","0.1"
"1996908530","1976688112","0.1"
"1976688112","2003869977","0.1"
"2003869977","1976688112","0.1"
"1976688112","2035439081","0.1"
"2035439081","1976688112","0.1"
"1976688112","2109146148","0.1"
"2109146148","1976688112","0.1"
"1976688112","2147733013","0.1"
"2147733013","1976688112","0.1"
"1976688112","55008176","0.1"
"55008176","1976688112","0.1"
"1996908530","2003869977","0.1"
"2003869977","1996908530","0.1"
"1996908530","2035439081","0.1"
"2035439081","1996908530","0.1"
"1996908530","2109146148","0.1"
"2109146148","1996908530","0.1"
"1996908530","2147733013","0.516667"
"2147733013","1996908530","0.516667"
"1996908530","55008176","0.1"
"55008176","1996908530","0.1"
"2003869977","2035439081","26.1"
"2035439081","2003869977","26.1"
"2003869977","2109146148","0.433333"
"2109146148","2003869977","0.433333"
"2003869977","2147733013","0.1"
"2147733013","2003869977","0.1"
"2003869977","55008176","0.1"
"55008176","2003869977","0.1"
"2035439081","2109146148","0.433333"
"2109146148","2035439081","0.433333"
"2035439081","2147733013","0.1"
"2147733013","2035439081","0.1"
"2035439081","55008176","0.1"
"55008176","2035439081","0.1"
"2109146148","2147733013","0.1"
"2147733013","2109146148","0.1"
"2109146148","55008176","0.1"
"55008176","2109146148","0.1"
"2147733013","55008176","0.1"
"55008176","2147733013","0.1"
"1488102468","1987263667","0.2"
"1987263667","1488102468","0.2"
"1488102468","2000037545","0.2"
"2000037545","1488102468","0.2"
"1488102468","2052632834","0.2"
"2052632834","1488102468","0.2"
"1488102468","2101596246","0.2"
"2101596246","1488102468","0.2"
"1488102468","1830466989","0.833333"
"1830466989","1488102468","0.833333"
"1830466989","2109146148","3.33333"
"2109146148","1830466989","3.33333"
"1488102468","2331532662","0.333333"
"2331532662","1488102468","0.333333"
"1830466989","2331532662","6.47619"
"2331532662","1830466989","6.47619"
"2109146148","2331532662","2.83333"
"2331532662","2109146148","2.83333"
"1488102468","1622283315","1"
"1622283315","1488102468","1"
"1515164281","1968056213","0.5"
"1968056213","1515164281","0.5"
"1968056213","76480700","0.5"
"76480700","1968056213","0.5"
"1515164281","2244690396","0.25"
"2244690396","1515164281","0.25"
"1600382838","2244690396","0.25"
"2244690396","1600382838","0.25"
"2137902257","2244690396","0.416667"
"2244690396","2137902257","0.416667"
"2244690396","76480700","0.25"
"76480700","2244690396","0.25"
"1529498990","1574878151","0.25"
"1574878151","1529498990","0.25"
"1529498990","1883353142","0.25"
"1883353142","1529498990","0.25"
"1529498990","1971445417","0.25"
"1971445417","1529498990","0.25"
"1529498990","2099621320","0.25"
"2099621320","1529498990","0.25"
"1574878151","1883353142","0.25"
"1883353142","1574878151","0.25"
"1574878151","1971445417","0.25"
"1971445417","1574878151","0.25"
"1883353142","2099621320","0.25"
"2099621320","1883353142","0.25"
"1971445417","2099621320","0.25"
"2099621320","1971445417","0.25"
"1539507428","1855219947","0.2"
"1855219947","1539507428","0.2"
"154313989","1855219947","0.45"
"1855219947","154313989","0.45"
"1855219947","2021015049","1.03333"
"2021015049","1855219947","1.03333"
"1855219947","2147521717","2.75"
"2147521717","1855219947","2.75"
"1855219947","249560940","0.2"
"249560940","1855219947","0.2"
"1539507428","1989257516","0.376923"
"1989257516","1539507428","0.376923"
"1539507428","2479754761","0.255556"
"2479754761","1539507428","0.255556"
"1551314574","2479754761","0.398413"
"2479754761","1551314574","0.398413"
"1989257516","2479754761","0.2"
"2479754761","1989257516","0.2"
"2009457315","2479754761","0.498413"
"2479754761","2009457315","0.498413"
"2021015049","2479754761","0.355556"
"2479754761","2021015049","0.355556"
"1539507428","1608928901","0.125"
"1608928901","1539507428","0.125"
"1539507428","2070535525","0.125"
"2070535525","1539507428","0.125"
"1539507428","2145082964","0.125"
"2145082964","1539507428","0.125"
"1539507428","2162895392","0.125"
"2162895392","1539507428","0.125"
"1551314574","2070535525","0.375"
"2070535525","1551314574","0.375"
"1551314574","2145082964","0.125"
"2145082964","1551314574","0.125"
"1551314574","2162895392","0.125"
"2162895392","1551314574","0.125"
"1608928901","2070535525","0.125"
"2070535525","1608928901","0.125"
"1608928901","2127423654","0.267857"
"2127423654","1608928901","0.267857"
"1608928901","2129048730","0.267857"
"2129048730","1608928901","0.267857"
"1608928901","2145082964","0.125"
"2145082964","1608928901","0.125"
"1608928901","2147521717","0.267857"
"2147521717","1608928901","0.267857"
"1608928901","2162895392","0.958333"
"2162895392","1608928901","0.958333"
"2070535525","2127423654","0.125"
"2127423654","2070535525","0.125"
"2070535525","2129048730","0.125"
"2129048730","2070535525","0.125"
"2070535525","2145082964","0.125"
"2145082964","2070535525","0.125"
"2070535525","2147521717","0.125"
"2147521717","2070535525","0.125"
"2127423654","2145082964","0.125"
"2145082964","2127423654","0.125"
"2127423654","2162895392","0.125"
"2162895392","2127423654","0.125"
"2129048730","2145082964","0.125"
"2145082964","2129048730","0.125"
"2129048730","2162895392","0.125"
"2162895392","2129048730","0.125"
"2145082964","2147521717","0.125"
"2147521717","2145082964","0.125"
"2145082964","2162895392","0.125"
"2162895392","2145082964","0.125"
"2147521717","2162895392","0.125"
"2162895392","2147521717","0.125"
"1539507428","1574878151","0.132479"
"1574878151","1539507428","0.132479"
"1539507428","1600382838","0.132479"
"1600382838","1539507428","0.132479"
"1539507428","2119714794","0.0555556"
"2119714794","1539507428","0.0555556"
"1539507428","2165782110","0.132479"
"2165782110","1539507428","0.132479"
"1539507428","2290904312","0.0555556"
"2290904312","1539507428","0.0555556"
"1539507428","2406710005","0.155556"
"2406710005","1539507428","0.155556"
"1539507428","2507008604","0.132479"
"2507008604","1539507428","0.132479"
"154313989","1600382838","0.0555556"
"1600382838","154313989","0.0555556"
"154313989","2119714794","0.0555556"
"2119714794","154313989","0.0555556"
"154313989","2290904312","0.0555556"
"2290904312","154313989","0.0555556"
"154313989","2406710005","0.155556"
"2406710005","154313989","0.155556"
"154313989","2479754761","0.198413"
"2479754761","154313989","0.198413"
"154313989","2507008604","0.132479"
"2507008604","154313989","0.132479"
"1551314574","1600382838","0.0555556"
"1600382838","1551314574","0.0555556"
"1551314574","2119714794","0.0555556"
"2119714794","1551314574","0.0555556"
"1551314574","2290904312","0.0555556"
"2290904312","1551314574","0.0555556"
"1551314574","2406710005","0.0555556"
"2406710005","1551314574","0.0555556"
"1551314574","2505816031","0.198413"
"2505816031","1551314574","0.198413"
"1551314574","2507008604","0.132479"
"2507008604","1551314574","0.132479"
"1574878151","1600382838","0.132479"
"1600382838","1574878151","0.132479"
"1574878151","2119714794","0.0555556"
"2119714794","1574878151","0.0555556"
"1574878151","2290904312","0.0555556"
"2290904312","1574878151","0.0555556"
"1574878151","2406710005","0.0555556"
"2406710005","1574878151","0.0555556"
"1574878151","2479754761","0.0555556"
"2479754761","1574878151","0.0555556"
"1574878151","2505816031","0.549145"
"2505816031","1574878151","0.549145"
"1574878151","2507008604","2.30556"
"2507008604","1574878151","2.30556"
"1600382838","2009457315","0.132479"
"2009457315","1600382838","0.132479"
"1600382838","2021015049","0.132479"
"2021015049","1600382838","0.132479"
"1600382838","2107988350","0.132479"
"2107988350","1600382838","0.132479"
"1600382838","2119714794","0.0555556"
"2119714794","1600382838","0.0555556"
"1600382838","2127423654","0.132479"
"2127423654","1600382838","0.132479"
"1600382838","2129048730","0.0555556"
"2129048730","1600382838","0.0555556"
"1600382838","2156556217","0.0555556"
"2156556217","1600382838","0.0555556"
"1600382838","2165782110","0.132479"
"2165782110","1600382838","0.132479"
"1600382838","2290904312","0.0555556"
"2290904312","1600382838","0.0555556"
"1600382838","2406710005","0.0555556"
"2406710005","1600382838","0.0555556"
"1600382838","2479754761","0.0555556"
"2479754761","1600382838","0.0555556"
"1600382838","249560940","0.0555556"
"249560940","1600382838","0.0555556"
"1600382838","2505816031","0.132479"
"2505816031","1600382838","0.132479"
"1600382838","2507008604","0.0555556"
"2507008604","1600382838","0.0555556"
"2009457315","2119714794","0.0555556"
"2119714794","2009457315","0.0555556"
"2009457315","2290904312","0.0555556"
"2290904312","2009457315","0.0555556"
"2009457315","2406710005","0.155556"
"2406710005","2009457315","0.155556"
