"100386184","2303436702","11.8667"
"2303436702","100386184","11.8667"
"100386184","2156659486","2.53333"
"2156659486","100386184","2.53333"
"2156659486","2303436702","1.53333"
"2303436702","2156659486","1.53333"
"100386184","2123235031","2.86667"
"2123235031","100386184","2.86667"
"2123235031","2303436702","1.86667"
"2303436702","2123235031","1.86667"
"100386184","2133157311","1.2"
"2133157311","100386184","1.2"
"100386184","2106635117","0.2"
"2106635117","100386184","0.2"
"2106635117","2123235031","0.2"
"2123235031","2106635117","0.2"
"2106635117","2133157311","2.54216"
"2133157311","2106635117","2.54216"
"2106635117","2156659486","0.2"
"2156659486","2106635117","0.2"
"2106635117","2303436702","0.2"
"2303436702","2106635117","0.2"
"2123235031","2133157311","0.2"
"2133157311","2123235031","0.2"
"2123235031","2156659486","0.533333"
"2156659486","2123235031","0.533333"
"2133157311","2156659486","0.2"
"2156659486","2133157311","0.2"
"2133157311","2303436702","0.2"
"2303436702","2133157311","0.2"
"100386184","1973519892","0.333333"
"1973519892","100386184","0.333333"
"1973519892","2123235031","0.333333"
"2123235031","1973519892","0.333333"
"1973519892","2303436702","0.333333"
"2303436702","1973519892","0.333333"
"1184135120","2050820470","4.23333"
"2050820470","1184135120","4.23333"
"1184135120","2106635117","0.2"
"2106635117","1184135120","0.2"
"1184135120","2110120645","0.2"
"2110120645","1184135120","0.2"
"1184135120","2128509098","0.45"
"2128509098","1184135120","0.45"
"1184135120","2133157311","0.4"
"2133157311","1184135120","0.4"
"2050820470","2106635117","0.2"
"2106635117","2050820470","0.2"
"2050820470","2110120645","0.2"
"2110120645","2050820470","0.2"
"2050820470","2128509098","0.45"
"2128509098","2050820470","0.45"
"2050820470","2133157311","0.4"
"2133157311","2050820470","0.4"
"2106635117","2110120645","2.50882"
"2110120645","2106635117","2.50882"
"2106635117","2128509098","0.258824"
"2128509098","2106635117","0.258824"
"2110120645","2128509098","0.258824"
"2128509098","2110120645","0.258824"
"2110120645","2133157311","5.51001"
"2133157311","2110120645","5.51001"
"2128509098","2133157311","0.258824"
"2133157311","2128509098","0.258824"
"1184135120","2117509383","3.03333"
"2117509383","1184135120","3.03333"
"2050820470","2117509383","9.03333"
"2117509383","2050820470","9.03333"
"1184135120","2125362362","0.783333"
"2125362362","1184135120","0.783333"
"2050820470","2125362362","0.783333"
"2125362362","2050820470","0.783333"
"2117509383","2125362362","0.783333"
"2125362362","2117509383","0.783333"
"1184135120","2143542317","0.45"
"2143542317","1184135120","0.45"
"2050820470","2143542317","0.45"
"2143542317","2050820470","0.45"
"2117509383","2133157311","0.2"
"2133157311","2117509383","0.2"
"2117509383","2143542317","0.45"
"2143542317","2117509383","0.45"
"2125362362","2133157311","0.258824"
"2133157311","2125362362","0.258824"
"2125362362","2143542317","0.2"
"2143542317","2125362362","0.2"
"2133157311","2143542317","0.2"
"2143542317","2133157311","0.2"
"2117509383","2128509098","0.25"
"2128509098","2117509383","0.25"
"2128509098","2143542317","0.25"
"2143542317","2128509098","0.25"
"1184135120","2120113302","0.25"
"2120113302","1184135120","0.25"
"2050820470","2120113302","0.25"
"2120113302","2050820470","0.25"
"2117509383","2120113302","0.25"
"2120113302","2117509383","0.25"
"2120113302","2125362362","0.308824"
"2125362362","2120113302","0.308824"
"1461307285","1692158061","0.25"
"1692158061","1461307285","0.25"
"1461307285","1987076101","0.25"
"1987076101","1461307285","0.25"
"1461307285","2030397980","0.25"
"2030397980","1461307285","0.25"
"1461307285","2980457559","0.25"
"2980457559","1461307285","0.25"
"1692158061","1987076101","12.7255"
"1987076101","1692158061","12.7255"
"1692158061","2030397980","0.308824"
"2030397980","1692158061","0.308824"
"1692158061","2980457559","0.25"
"2980457559","1692158061","0.25"
"1987076101","2030397980","0.308824"
"2030397980","1987076101","0.308824"
"1987076101","2980457559","0.25"
"2980457559","1987076101","0.25"
"2030397980","2980457559","0.25"
"2980457559","2030397980","0.25"
"1461307285","186283528","3.5"
"186283528","1461307285","3.5"
"1461307285","2937858627","0.5"
"2937858627","1461307285","0.5"
"186283528","2937858627","0.5"
"2937858627","186283528","0.5"
"1461307285","2144604577","3"
"2144604577","1461307285","3"
"1485662295","1692158061","0.308824"
"1692158061","1485662295","0.308824"
"1485662295","1987076101","0.308824"
"1987076101","1485662295","0.308824"
"1485662295","2117899164","4.5112"
"2117899164","1485662295","4.5112"
"1485662295","2133157311","0.618347"
"2133157311","1485662295","0.618347"
"1692158061","2117899164","0.47549"
"2117899164","1692158061","0.47549"
"1692158061","2133157311","0.47549"
"2133157311","1692158061","0.47549"
"1987076101","2117899164","0.47549"
"2117899164","1987076101","0.47549"
"1987076101","2133157311","0.47549"
"2133157311","1987076101","0.47549"
"2117899164","2133157311","6.24335"
"2133157311","2117899164","6.24335"
"1485662295","2119665585","0.558824"
"2119665585","1485662295","0.558824"
"2117899164","2119665585","0.558824"
"2119665585","2117899164","0.558824"
"1485662295","158607790","0.368347"
"158607790","1485662295","0.368347"
"1485662295","186283528","0.702381"
"186283528","1485662295","0.702381"
"1485662295","1975675278","0.702381"
"1975675278","1485662295","0.702381"
"1485662295","2156104468","0.368347"
"2156104468","1485662295","0.368347"
"158607790","186283528","0.884524"
"186283528","158607790","0.884524"
"158607790","1975675278","0.509524"
"1975675278","158607790","0.509524"
"158607790","2117899164","1.99335"
"2117899164","158607790","1.99335"
"158607790","2133157311","3.41716"
"2133157311","158607790","3.41716"
"158607790","2156104468","9.94335"
"2156104468","158607790","9.94335"
"186283528","1975675278","0.902381"
"1975675278","186283528","0.902381"
"186283528","2117899164","1.91071"
"2117899164","186283528","1.91071"
"186283528","2133157311","1.51786"
"2133157311","186283528","1.51786"
"186283528","2156104468","0.634524"
"2156104468","186283528","0.634524"
"1975675278","2117899164","0.702381"
"2117899164","1975675278","0.702381"
"1975675278","2133157311","0.309524"
"2133157311","1975675278","0.309524"
"1975675278","2156104468","0.509524"
"2156104468","1975675278","0.509524"
"2117899164","2156104468","0.743347"
"2156104468","2117899164","0.743347"
"2133157311","2156104468","0.60049"
"2156104468","2133157311","0.60049"
"1485662295","1986521450","2.39286"
"1986521450","1485662295","2.39286"
"1485662295","2168996729","0.142857"
"2168996729","1485662295","0.142857"
"158607790","1986521450","0.342857"
"1986521450","158607790","0.342857"
"158607790","2168996729","6.28452"
"2168996729","158607790","6.28452"
"186283528","1986521450","2.09286"
"1986521450","186283528","2.09286"
"186283528","2168996729","0.467857"
"2168996729","186283528","0.467857"
"1975675278","1986521450","4.59286"
"1986521450","1975675278","4.59286"
"1975675278","2168996729","0.342857"
"2168996729","1975675278","0.342857"
"1986521450","2117899164","1.05952"
"2117899164","1986521450","1.05952"
"1986521450","2156104468","0.342857"
"2156104468","1986521450","0.342857"
"1986521450","2168996729","0.842857"
"2168996729","1986521450","0.842857"
"2117899164","2168996729","0.517857"
"2168996729","2117899164","0.517857"
"2156104468","2168996729","0.717857"
"2168996729","2156104468","0.717857"
"1485662295","2006865036","0.0588235"
"2006865036","1485662295","0.0588235"
"1485662295","2030397980","0.0588235"
"2030397980","1485662295","0.0588235"
"1485662295","2106635117","0.392157"
"2106635117","1485662295","0.392157"
"1485662295","2110120645","0.535014"
"2110120645","1485662295","0.535014"
"1485662295","2120113302","0.535014"
"2120113302","1485662295","0.535014"
"1485662295","2125362362","0.0588235"
"2125362362","1485662295","0.0588235"
"1485662295","2128509098","1.05882"
"2128509098","1485662295","1.05882"
"1485662295","2130952061","0.0588235"
"2130952061","1485662295","0.0588235"
"1485662295","2135138402","0.0588235"
"2135138402","1485662295","0.0588235"
"1485662295","2169721776","0.0588235"
"2169721776","1485662295","0.0588235"
"158607790","1692158061","0.0588235"
"1692158061","158607790","0.0588235"
"158607790","1987076101","0.0588235"
"1987076101","158607790","0.0588235"
"158607790","2006865036","0.0588235"
"2006865036","158607790","0.0588235"
"158607790","2030397980","0.0588235"
"2030397980","158607790","0.0588235"
"158607790","2106635117","0.22549"
"2106635117","158607790","0.22549"
"158607790","2110120645","1.25049"
"2110120645","158607790","1.25049"
"158607790","2119665585","0.0588235"
"2119665585","158607790","0.0588235"
"158607790","2120113302","1.25049"
"2120113302","158607790","1.25049"
"158607790","2125362362","0.0588235"
"2125362362","158607790","0.0588235"
"158607790","2128509098","0.0588235"
"2128509098","158607790","0.0588235"
"158607790","2130952061","0.0588235"
"2130952061","158607790","0.0588235"
"158607790","2135138402","0.0588235"
"2135138402","158607790","0.0588235"
"158607790","2169721776","0.0588235"
"2169721776","158607790","0.0588235"
"1692158061","2006865036","0.72549"
"2006865036","1692158061","0.72549"
"1692158061","2106635117","0.0588235"
"2106635117","1692158061","0.0588235"
"1692158061","2110120645","0.22549"
"2110120645","1692158061","0.22549"
"1692158061","2119665585","0.0588235"
"2119665585","1692158061","0.0588235"
"1692158061","2120113302","0.22549"
"2120113302","1692158061","0.22549"
"1692158061","2125362362","0.0588235"
"2125362362","1692158061","0.0588235"
"1692158061","2128509098","0.0588235"
"2128509098","1692158061","0.0588235"
"1692158061","2130952061","0.0588235"
"2130952061","1692158061","0.0588235"
"1692158061","2135138402","0.0588235"
"2135138402","1692158061","0.0588235"
"1692158061","2156104468","0.0588235"
"2156104468","1692158061","0.0588235"
"1692158061","2169721776","0.0588235"
"2169721776","1692158061","0.0588235"
"1987076101","2006865036","0.72549"
"2006865036","1987076101","0.72549"
"1987076101","2106635117","0.0588235"
"2106635117","1987076101","0.0588235"
"1987076101","2110120645","0.22549"
"2110120645","1987076101","0.22549"
"1987076101","2119665585","0.0588235"
"2119665585","1987076101","0.0588235"
"1987076101","2120113302","0.22549"
"2120113302","1987076101","0.22549"
"1987076101","2125362362","0.0588235"
"2125362362","1987076101","0.0588235"
"1987076101","2128509098","0.0588235"
"2128509098","1987076101","0.0588235"
"1987076101","2130952061","0.0588235"
"2130952061","1987076101","0.0588235"
"1987076101","2135138402","0.0588235"
"2135138402","1987076101","0.0588235"
"1987076101","2156104468","0.0588235"
"2156104468","1987076101","0.0588235"
"1987076101","2169721776","0.0588235"
"2169721776","1987076101","0.0588235"
"2006865036","2030397980","0.0588235"
"2030397980","2006865036","0.0588235"
"2006865036","2106635117","0.0588235"
"2106635117","2006865036","0.0588235"
"2006865036","2110120645","0.22549"
"2110120645","2006865036","0.22549"
"2006865036","2117899164","0.22549"
"2117899164","2006865036","0.22549"
"2006865036","2119665585","0.0588235"
"2119665585","2006865036","0.0588235"
"2006865036","2120113302","0.22549"
"2120113302","2006865036","0.22549"
"2006865036","2125362362","0.0588235"
"2125362362","2006865036","0.0588235"
"2006865036","2128509098","0.0588235"
"2128509098","2006865036","0.0588235"
"2006865036","2130952061","0.0588235"
"2130952061","2006865036","0.0588235"
"2006865036","2133157311","0.22549"
"2133157311","2006865036","0.22549"
"2006865036","2135138402","0.0588235"
"2135138402","2006865036","0.0588235"
"2006865036","2156104468","0.0588235"
"2156104468","2006865036","0.0588235"
"2006865036","2169721776","0.0588235"
"2169721776","2006865036","0.0588235"
"2030397980","2106635117","0.0588235"
"2106635117","2030397980","0.0588235"
"2030397980","2110120645","0.0588235"
"2110120645","2030397980","0.0588235"
"2030397980","2117899164","0.0588235"
"2117899164","2030397980","0.0588235"
"2030397980","2119665585","0.392157"
"2119665585","2030397980","0.392157"
"2030397980","2120113302","0.0588235"
"2120113302","2030397980","0.0588235"
"2030397980","2125362362","0.0588235"
"2125362362","2030397980","0.0588235"
"2030397980","2128509098","1.39216"
"2128509098","2030397980","1.39216"
"2030397980","2130952061","0.392157"
"2130952061","2030397980","0.392157"
"2030397980","2133157311","0.0588235"
"2133157311","2030397980","0.0588235"
"2030397980","2135138402","0.892157"
"2135138402","2030397980","0.892157"
"2030397980","2156104468","0.0588235"
"2156104468","2030397980","0.0588235"
"2030397980","2169721776","0.0588235"
"2169721776","2030397980","0.0588235"
"2106635117","2117899164","0.0588235"
"2117899164","2106635117","0.0588235"
"2106635117","2119665585","0.0588235"
"2119665585","2106635117","0.0588235"
"2106635117","2120113302","2.05882"
"2120113302","2106635117","2.05882"
"2106635117","2125362362","0.0588235"
"2125362362","2106635117","0.0588235"
"2106635117","2130952061","0.0588235"
"2130952061","2106635117","0.0588235"
"2106635117","2135138402","0.0588235"
"2135138402","2106635117","0.0588235"
"2106635117","2156104468","0.558824"
"2156104468","2106635117","0.558824"
"2106635117","2169721776","0.0588235"
"2169721776","2106635117","0.0588235"
"2110120645","2117899164","0.493347"
"2117899164","2110120645","0.493347"
"2110120645","2119665585","0.0588235"
"2119665585","2110120645","0.0588235"
"2110120645","2120113302","6.22668"
"2120113302","2110120645","6.22668"
"2110120645","2125362362","0.0588235"
"2125362362","2110120645","0.0588235"
"2110120645","2130952061","0.392157"
"2130952061","2110120645","0.392157"
"2110120645","2135138402","0.0588235"
"2135138402","2110120645","0.0588235"
"2110120645","2156104468","0.183824"
"2156104468","2110120645","0.183824"
"2110120645","2169721776","0.0588235"
"2169721776","2110120645","0.0588235"
"2117899164","2120113302","0.493347"
"2120113302","2117899164","0.493347"
"2117899164","2125362362","0.0588235"
"2125362362","2117899164","0.0588235"
"2117899164","2128509098","0.0588235"
"2128509098","2117899164","0.0588235"
"2117899164","2130952061","0.0588235"
"2130952061","2117899164","0.0588235"
"2117899164","2135138402","0.0588235"
"2135138402","2117899164","0.0588235"
"2117899164","2169721776","0.0588235"
"2169721776","2117899164","0.0588235"
"2119665585","2120113302","0.0588235"
"2120113302","2119665585","0.0588235"
"2119665585","2125362362","0.0588235"
"2125362362","2119665585","0.0588235"
"2119665585","2128509098","0.392157"
"2128509098","2119665585","0.392157"
"2119665585","2130952061","0.392157"
"2130952061","2119665585","0.392157"
"2119665585","2133157311","0.0588235"
"2133157311","2119665585","0.0588235"
"2119665585","2135138402","0.0588235"
"2135138402","2119665585","0.0588235"
"2119665585","2156104468","0.0588235"
"2156104468","2119665585","0.0588235"
"2119665585","2169721776","0.0588235"
"2169721776","2119665585","0.0588235"
"2120113302","2128509098","0.0588235"
"2128509098","2120113302","0.0588235"
"2120113302","2130952061","0.392157"
"2130952061","2120113302","0.392157"
"2120113302","2133157311","4.06001"
"2133157311","2120113302","4.06001"
"2120113302","2135138402","0.0588235"
"2135138402","2120113302","0.0588235"
"2120113302","2156104468","0.183824"
"2156104468","2120113302","0.183824"
"2120113302","2169721776","0.0588235"
"2169721776","2120113302","0.0588235"
"2125362362","2128509098","0.0588235"
"2128509098","2125362362","0.0588235"
"2125362362","2130952061","0.0588235"
"2130952061","2125362362","0.0588235"
"2125362362","2135138402","0.0588235"
"2135138402","2125362362","0.0588235"
"2125362362","2156104468","0.0588235"
"2156104468","2125362362","0.0588235"
"2125362362","2169721776","0.558824"
"2169721776","2125362362","0.558824"
"2128509098","2130952061","0.392157"
"2130952061","2128509098","0.392157"
"2128509098","2135138402","5.55882"
"2135138402","2128509098","5.55882"
"2128509098","2156104468","0.0588235"
"2156104468","2128509098","0.0588235"
"2128509098","2169721776","0.0588235"
"2169721776","2128509098","0.0588235"
"2130952061","2133157311","0.392157"
"2133157311","2130952061","0.392157"
"2130952061","2135138402","4.05882"
"2135138402","2130952061","4.05882"
"2130952061","2156104468","0.0588235"
"2156104468","2130952061","0.0588235"
"2130952061","2169721776","0.0588235"
"2169721776","2130952061","0.0588235"
"2133157311","2135138402","0.0588235"
"2135138402","2133157311","0.0588235"
"2133157311","2169721776","0.0588235"
"2169721776","2133157311","0.0588235"
"2135138402","2156104468","0.0588235"
"2156104468","2135138402","0.0588235"
"2135138402","2169721776","0.0588235"
"2169721776","2135138402","0.0588235"
"2156104468","2169721776","0.0588235"
"2169721776","2156104468","0.0588235"
"1485662295","1973519892","0.142857"
"1973519892","1485662295","0.142857"
"186283528","1973519892","0.47619"
"1973519892","186283528","0.47619"
"186283528","2110120645","0.267857"
"2110120645","186283528","0.267857"
"186283528","2120113302","0.267857"
"2120113302","186283528","0.267857"
"1973519892","1975675278","0.142857"
"1975675278","1973519892","0.142857"
"1973519892","2110120645","0.392857"
"2110120645","1973519892","0.392857"
"1973519892","2117899164","2.14286"
"2117899164","1973519892","2.14286"
"1973519892","2120113302","0.142857"
"2120113302","1973519892","0.142857"
"1973519892","2133157311","0.72619"
"2133157311","1973519892","0.72619"
"1975675278","2110120645","0.142857"
"2110120645","1975675278","0.142857"
"1975675278","2120113302","0.142857"
"2120113302","1975675278","0.142857"
"1485662295","2038453701","0.5"
"2038453701","1485662295","0.5"
"1485662295","2136027791","0.5"
"2136027791","1485662295","0.5"
"2038453701","2136027791","0.5"
"2136027791","2038453701","0.5"
"158607790","2128017182","6.94167"
"2128017182","158607790","6.94167"
"2128017182","2133157311","7.19167"
"2133157311","2128017182","7.19167"
"2128017182","2168996729","4.69167"
"2168996729","2128017182","4.69167"
"2133157311","2168996729","1.94167"
"2168996729","2133157311","1.94167"
"2110120645","2128017182","2.44167"
"2128017182","2110120645","2.44167"
"2120113302","2128017182","1.19167"
"2128017182","2120113302","1.19167"
"186283528","2128017182","0.375"
"2128017182","186283528","0.375"
"2110120645","2168996729","1.525"
"2168996729","2110120645","1.525"
"2117899164","2128017182","0.375"
"2128017182","2117899164","0.375"
"2120113302","2168996729","1.025"
"2168996729","2120113302","1.025"
"2128017182","2156104468","2.625"
"2156104468","2128017182","2.625"
"2106635117","2128017182","0.916667"
"2128017182","2106635117","0.916667"
"2106635117","2168996729","0.5"
"2168996729","2106635117","0.5"
"1692158061","2038453701","0.5"
"2038453701","1692158061","0.5"
"1987076101","2038453701","0.5"
"2038453701","1987076101","0.5"
"186283528","2030397980","0.333333"
"2030397980","186283528","0.333333"
"186283528","2537604366","1.83333"
"2537604366","186283528","1.83333"
"186283528","2762598525","0.333333"
"2762598525","186283528","0.333333"
"2030397980","2537604366","0.333333"
"2537604366","2030397980","0.333333"
"2030397980","2762598525","0.333333"
"2762598525","2030397980","0.333333"
"2537604366","2762598525","0.333333"
"2762598525","2537604366","0.333333"
"1986521450","2537604366","0.5"
"2537604366","1986521450","0.5"
"1973519892","2527465645","10.1667"
"2527465645","1973519892","10.1667"
"1973519892","1986521450","1.16667"
"1986521450","1973519892","1.16667"
"1986521450","2527465645","1.16667"
"2527465645","1986521450","1.16667"
"2117899164","2527465645","0.666667"
"2527465645","2117899164","0.666667"
"1973519892","2106635117","0.25"
"2106635117","1973519892","0.25"
"1973519892","2128017182","0.25"
"2128017182","1973519892","0.25"
"1975675278","2762598525","1"
"2762598525","1975675278","1"
"1975675278","2991300318","0.5"
"2991300318","1975675278","0.5"
"1986521450","2991300318","0.5"
"2991300318","1986521450","0.5"
"1975675278","2144604577","1.5"
"2144604577","1975675278","1.5"
"1986521450","2144604577","0.5"
"2144604577","1986521450","0.5"
"1986521450","2110120645","0.5"
"2110120645","1986521450","0.5"
"2022507817","2030397980","0.333333"
"2030397980","2022507817","0.333333"
"2022507817","2135138402","0.333333"
"2135138402","2022507817","0.333333"
"2022507817","2937858627","0.333333"
"2937858627","2022507817","0.333333"
"2030397980","2937858627","0.333333"
"2937858627","2030397980","0.333333"
"2135138402","2937858627","0.333333"
"2937858627","2135138402","0.333333"
"2030397980","2066253558","0.5"
"2066253558","2030397980","0.5"
"2066253558","2135138402","3"
"2135138402","2066253558","3"
"2036230658","2130952061","0.5"
"2130952061","2036230658","0.5"
"2036230658","2143542317","0.5"
"2143542317","2036230658","0.5"
"2130952061","2143542317","4"
"2143542317","2130952061","4"
"2038453701","2110120645","1"
"2110120645","2038453701","1"
"2038453701","2119665585","1"
"2119665585","2038453701","1"
"2050820470","2136027791","1"
"2136027791","2050820470","1"
"2066253558","2130952061","1"
"2130952061","2066253558","1"
"2066253558","2128509098","0.5"
"2128509098","2066253558","0.5"
"2067534682","2144604577","2"
"2144604577","2067534682","2"
"2067534682","2166563018","0.5"
"2166563018","2067534682","0.5"
"2067534682","2186249388","0.5"
"2186249388","2067534682","0.5"
"2166563018","2186249388","7.33333"
"2186249388","2166563018","7.33333"
"2117509383","2130952061","0.5"
"2130952061","2117509383","0.5"
"2117509383","2135138402","0.5"
"2135138402","2117509383","0.5"
"2118513488","2144604577","2.33333"
"2144604577","2118513488","2.33333"
"2118513488","2166563018","0.833333"
"2166563018","2118513488","0.833333"
"2118513488","2186249388","0.833333"
"2186249388","2118513488","0.833333"
"2144604577","2166563018","1.33333"
"2166563018","2144604577","1.33333"
"2144604577","2186249388","1.33333"
"2186249388","2144604577","1.33333"
"2118513488","2937858627","1"
"2937858627","2118513488","1"
"2119665585","2130287281","0.5"
"2130287281","2119665585","0.5"
"2119665585","2136027791","0.5"
"2136027791","2119665585","0.5"
"2130287281","2136027791","0.5"
"2136027791","2130287281","0.5"
"2119665585","239617010","1"
"239617010","2119665585","1"
"2125362362","2130287281","1.5"
"2130287281","2125362362","1.5"
"2130287281","2169721776","0.5"
"2169721776","2130287281","0.5"
"2135138402","2143542317","0.5"
"2143542317","2135138402","0.5"
"2143542317","2168996729","0.5"
"2168996729","2143542317","0.5"
"2143542317","2762598525","1.5"
"2762598525","2143542317","1.5"
"2168996729","2762598525","0.5"
"2762598525","2168996729","0.5"
"2537604366","2937858627","7.5"
"2937858627","2537604366","7.5"
"2537604366","2980457559","0.5"
"2980457559","2537604366","0.5"
"2937858627","2980457559","6"
"2980457559","2937858627","6"
"2937858627","2991300318","1.5"
"2991300318","2937858627","1.5"
"2980457559","2991300318","0.5"
"2991300318","2980457559","0.5"
