"1540986113","1565485019","0.0714286"
"1565485019","1540986113","0.0714286"
"1540986113","1855073618","0.0714286"
"1855073618","1540986113","0.0714286"
"1540986113","1969105901","0.0714286"
"1969105901","1540986113","0.0714286"
"1540986113","1980948047","0.238095"
"1980948047","1540986113","0.238095"
"1540986113","2023736291","0.0714286"
"2023736291","1540986113","0.0714286"
"1540986113","2029476822","0.238095"
"2029476822","1540986113","0.238095"
"1540986113","2067921841","0.0714286"
"2067921841","1540986113","0.0714286"
"1540986113","2124520719","0.0714286"
"2124520719","1540986113","0.0714286"
"1540986113","2125443691","0.0714286"
"2125443691","1540986113","0.0714286"
"1540986113","2150614697","0.0714286"
"2150614697","1540986113","0.0714286"
"1540986113","2769438202","0.0714286"
"2769438202","1540986113","0.0714286"
"1540986113","59628020","0.0714286"
"59628020","1540986113","0.0714286"
"1540986113","71859342","0.238095"
"71859342","1540986113","0.238095"
"1540986113","93597058","0.0714286"
"93597058","1540986113","0.0714286"
"1565485019","1855073618","0.133929"
"1855073618","1565485019","0.133929"
"1565485019","1969105901","0.0714286"
"1969105901","1565485019","0.0714286"
"1565485019","1980948047","0.210852"
"1980948047","1565485019","0.210852"
"1565485019","2023736291","0.621108"
"2023736291","1565485019","0.621108"
"1565485019","2029476822","0.259463"
"2029476822","1565485019","0.259463"
"1565485019","2067921841","0.398886"
"2067921841","1565485019","0.398886"
"1565485019","2124520719","0.259463"
"2124520719","1565485019","0.259463"
"1565485019","2125443691","0.0714286"
"2125443691","1565485019","0.0714286"
"1565485019","2150614697","0.148352"
"2150614697","1565485019","0.148352"
"1565485019","2769438202","0.148352"
"2769438202","1565485019","0.148352"
"1565485019","59628020","0.507555"
"59628020","1565485019","0.507555"
"1565485019","71859342","0.0714286"
"71859342","1565485019","0.0714286"
"1565485019","93597058","0.430632"
"93597058","1565485019","0.430632"
"1855073618","1969105901","0.0714286"
"1969105901","1855073618","0.0714286"
"1855073618","1980948047","1.27679"
"1980948047","1855073618","1.27679"
"1855073618","2023736291","0.467262"
"2023736291","1855073618","0.467262"
"1855073618","2029476822","0.404762"
"2029476822","1855073618","0.404762"
"1855073618","2067921841","0.133929"
"2067921841","1855073618","0.133929"
"1855073618","2124520719","0.0714286"
"2124520719","1855073618","0.0714286"
"1855073618","2125443691","0.404762"
"2125443691","1855073618","0.404762"
"1855073618","2150614697","0.404762"
"2150614697","1855073618","0.404762"
"1855073618","2769438202","0.0714286"
"2769438202","1855073618","0.0714286"
"1855073618","59628020","0.133929"
"59628020","1855073618","0.133929"
"1855073618","71859342","0.0714286"
"71859342","1855073618","0.0714286"
"1855073618","93597058","0.133929"
"93597058","1855073618","0.133929"
"1969105901","1980948047","0.404762"
"1980948047","1969105901","0.404762"
"1969105901","2023736291","0.0714286"
"2023736291","1969105901","0.0714286"
"1969105901","2029476822","0.404762"
"2029476822","1969105901","0.404762"
"1969105901","2067921841","0.0714286"
"2067921841","1969105901","0.0714286"
"1969105901","2124520719","1.07143"
"2124520719","1969105901","1.07143"
"1969105901","2125443691","0.0714286"
"2125443691","1969105901","0.0714286"
"1969105901","2150614697","0.0714286"
"2150614697","1969105901","0.0714286"
"1969105901","2769438202","0.404762"
"2769438202","1969105901","0.404762"
"1969105901","59628020","0.571429"
"59628020","1969105901","0.571429"
"1969105901","71859342","0.0714286"
"71859342","1969105901","0.0714286"
"1969105901","93597058","0.0714286"
"93597058","1969105901","0.0714286"
"1980948047","2023736291","0.467262"
"2023736291","1980948047","0.467262"
"1980948047","2029476822","0.648352"
"2029476822","1980948047","0.648352"
"1980948047","2067921841","0.210852"
"2067921841","1980948047","0.210852"
"1980948047","2124520719","0.348352"
"2124520719","1980948047","0.348352"
"1980948047","2125443691","0.0714286"
"2125443691","1980948047","0.0714286"
"1980948047","2150614697","1.68168"
"2150614697","1980948047","1.68168"
"1980948047","2769438202","0.481685"
"2769438202","1980948047","0.481685"
"1980948047","59628020","0.410852"
"59628020","1980948047","0.410852"
"1980948047","71859342","0.238095"
"71859342","1980948047","0.238095"
"1980948047","93597058","0.133929"
"93597058","1980948047","0.133929"
"2023736291","2029476822","0.271429"
"2029476822","2023736291","0.271429"
"2023736291","2067921841","0.210852"
"2067921841","2023736291","0.210852"
"2023736291","2124520719","0.271429"
"2124520719","2023736291","0.271429"
"2023736291","2125443691","0.0714286"
"2125443691","2023736291","0.0714286"
"2023736291","2150614697","2.40476"
"2150614697","2023736291","2.40476"
"2023736291","2769438202","0.0714286"
"2769438202","2023736291","0.0714286"
"2023736291","59628020","0.487775"
"59628020","2023736291","0.487775"
"2023736291","71859342","0.0714286"
"71859342","2023736291","0.0714286"
"2023736291","93597058","0.287775"
"93597058","2023736291","0.287775"
"2029476822","2067921841","0.759463"
"2067921841","2029476822","0.759463"
"2029476822","2124520719","0.459463"
"2124520719","2029476822","0.459463"
"2029476822","2125443691","0.404762"
"2125443691","2029476822","0.404762"
"2029476822","2150614697","0.148352"
"2150614697","2029476822","0.148352"
"2029476822","2769438202","1.98168"
"2769438202","2029476822","1.98168"
"2029476822","59628020","0.348352"
"59628020","2029476822","0.348352"
"2029476822","71859342","1.2381"
"71859342","2029476822","1.2381"
"2029476822","93597058","0.0714286"
"93597058","2029476822","0.0714286"
"2067921841","2124520719","0.592796"
"2124520719","2067921841","0.592796"
"2067921841","2125443691","0.0714286"
"2125443691","2067921841","0.0714286"
"2067921841","2150614697","0.481685"
"2150614697","2067921841","0.481685"
"2067921841","2769438202","0.648352"
"2769438202","2067921841","0.648352"
"2067921841","59628020","0.287775"
"59628020","2067921841","0.287775"
"2067921841","71859342","0.0714286"
"71859342","2067921841","0.0714286"
"2067921841","93597058","0.544185"
"93597058","2067921841","0.544185"
"2124520719","2125443691","0.0714286"
"2125443691","2124520719","0.0714286"
"2124520719","2150614697","0.348352"
"2150614697","2124520719","0.348352"
"2124520719","2769438202","0.148352"
"2769438202","2124520719","0.148352"
"2124520719","59628020","0.548352"
"59628020","2124520719","0.548352"
"2124520719","71859342","0.0714286"
"71859342","2124520719","0.0714286"
"2124520719","93597058","0.404762"
"93597058","2124520719","0.404762"
"2125443691","2150614697","0.0714286"
"2150614697","2125443691","0.0714286"
"2125443691","2769438202","0.0714286"
"2769438202","2125443691","0.0714286"
"2125443691","59628020","0.0714286"
"59628020","2125443691","0.0714286"
"2125443691","71859342","0.0714286"
"71859342","2125443691","0.0714286"
"2125443691","93597058","0.0714286"
"93597058","2125443691","0.0714286"
"2150614697","2769438202","0.148352"
"2769438202","2150614697","0.148352"
"2150614697","59628020","0.348352"
"59628020","2150614697","0.348352"
"2150614697","71859342","0.0714286"
"71859342","2150614697","0.0714286"
"2150614697","93597058","0.571429"
"93597058","2150614697","0.571429"
"2769438202","59628020","0.148352"
"59628020","2769438202","0.148352"
"2769438202","71859342","0.0714286"
"71859342","2769438202","0.0714286"
"2769438202","93597058","0.0714286"
"93597058","2769438202","0.0714286"
"59628020","71859342","0.0714286"
"71859342","59628020","0.0714286"
"59628020","93597058","0.430632"
"93597058","59628020","0.430632"
"71859342","93597058","0.0714286"
"93597058","71859342","0.0714286"
"1540986113","1980712434","0.166667"
"1980712434","1540986113","0.166667"
"1540986113","2104003693","0.166667"
"2104003693","1540986113","0.166667"
"1540986113","2129663874","0.166667"
"2129663874","1540986113","0.166667"
"1980712434","1980948047","0.44359"
"1980948047","1980712434","0.44359"
"1980712434","2029476822","0.554701"
"2029476822","1980712434","0.554701"
"1980712434","2104003693","0.5"
"2104003693","1980712434","0.5"
"1980712434","2129663874","0.166667"
"2129663874","1980712434","0.166667"
"1980712434","71859342","0.166667"
"71859342","1980712434","0.166667"
"1980948047","2104003693","1.53869"
"2104003693","1980948047","1.53869"
"1980948047","2129663874","0.53869"
"2129663874","1980948047","0.53869"
"2029476822","2104003693","1.5"
"2104003693","2029476822","1.5"
"2029476822","2129663874","0.166667"
"2129663874","2029476822","0.166667"
"2104003693","2129663874","0.53869"
"2129663874","2104003693","0.53869"
"2104003693","71859342","0.166667"
"71859342","2104003693","0.166667"
"2129663874","71859342","0.166667"
"71859342","2129663874","0.166667"
"1565485019","1977000031","0.153846"
"1977000031","1565485019","0.153846"
"1565485019","2007413935","0.40438"
"2007413935","1565485019","0.40438"
"1565485019","2007617450","0.0769231"
"2007617450","1565485019","0.0769231"
"1565485019","2064205471","0.34188"
"2064205471","1565485019","0.34188"
"1565485019","2065638493","0.296703"
"2065638493","1565485019","0.296703"
"1565485019","2075380802","0.359203"
"2075380802","1565485019","0.359203"
"1565485019","2104632901","0.692537"
"2104632901","1565485019","0.692537"
"1565485019","2107252161","0.484737"
"2107252161","1565485019","0.484737"
"1565485019","2135573625","0.296703"
"2135573625","1565485019","0.296703"
"1977000031","2007413935","0.153846"
"2007413935","1977000031","0.153846"
"1977000031","2007617450","0.0769231"
"2007617450","1977000031","0.0769231"
"1977000031","2023736291","0.153846"
"2023736291","1977000031","0.153846"
"1977000031","2064205471","0.153846"
"2064205471","1977000031","0.153846"
"1977000031","2065638493","0.153846"
"2065638493","1977000031","0.153846"
"1977000031","2067921841","0.0769231"
"2067921841","1977000031","0.0769231"
"1977000031","2075380802","0.153846"
"2075380802","1977000031","0.153846"
"1977000031","2104632901","0.153846"
"2104632901","1977000031","0.153846"
"1977000031","2107252161","0.153846"
"2107252161","1977000031","0.153846"
"1977000031","2135573625","0.153846"
"2135573625","1977000031","0.153846"
"1977000031","59628020","0.153846"
"59628020","1977000031","0.153846"
"1977000031","93597058","0.153846"
"93597058","1977000031","0.153846"
"2007413935","2007617450","0.0769231"
"2007617450","2007413935","0.0769231"
"2007413935","2023736291","0.216346"
"2023736291","2007413935","0.216346"
"2007413935","2064205471","0.34188"
"2064205471","2007413935","0.34188"
"2007413935","2065638493","1.15385"
"2065638493","2007413935","1.15385"
"2007413935","2067921841","0.327457"
"2067921841","2007413935","0.327457"
"2007413935","2075380802","0.216346"
"2075380802","2007413935","0.216346"
"2007413935","2104632901","0.216346"
"2104632901","2007413935","0.216346"
"2007413935","2107252161","0.34188"
"2107252161","2007413935","0.34188"
"2007413935","2135573625","0.153846"
"2135573625","2007413935","0.153846"
"2007413935","59628020","0.293269"
"59628020","2007413935","0.293269"
"2007413935","93597058","0.216346"
"93597058","2007413935","0.216346"
"2007617450","2023736291","0.0769231"
"2023736291","2007617450","0.0769231"
"2007617450","2064205471","0.0769231"
"2064205471","2007617450","0.0769231"
"2007617450","2065638493","1.74359"
"2065638493","2007617450","1.74359"
"2007617450","2067921841","0.0769231"
"2067921841","2007617450","0.0769231"
"2007617450","2075380802","0.0769231"
"2075380802","2007617450","0.0769231"
"2007617450","2104632901","0.0769231"
"2104632901","2007617450","0.0769231"
"2007617450","2107252161","0.0769231"
"2107252161","2007617450","0.0769231"
"2007617450","2135573625","0.0769231"
"2135573625","2007617450","0.0769231"
"2007617450","59628020","0.0769231"
"59628020","2007617450","0.0769231"
"2007617450","93597058","0.410256"
"93597058","2007617450","0.410256"
"2023736291","2064205471","0.153846"
"2064205471","2023736291","0.153846"
"2023736291","2065638493","0.153846"
"2065638493","2023736291","0.153846"
"2023736291","2075380802","0.216346"
"2075380802","2023736291","0.216346"
"2023736291","2104632901","0.549679"
"2104632901","2023736291","0.549679"
"2023736291","2107252161","0.153846"
"2107252161","2023736291","0.153846"
"2023736291","2135573625","0.153846"
"2135573625","2023736291","0.153846"
"2064205471","2065638493","0.153846"
"2065638493","2064205471","0.153846"
"2064205471","2067921841","0.264957"
"2067921841","2064205471","0.264957"
"2064205471","2075380802","0.403846"
"2075380802","2064205471","0.403846"
"2064205471","2104632901","0.153846"
"2104632901","2064205471","0.153846"
"2064205471","2107252161","0.59188"
"2107252161","2064205471","0.59188"
"2064205471","2135573625","0.153846"
"2135573625","2064205471","0.153846"
"2064205471","59628020","0.230769"
"59628020","2064205471","0.230769"
"2064205471","93597058","0.153846"
"93597058","2064205471","0.153846"
"2065638493","2067921841","0.0769231"
"2067921841","2065638493","0.0769231"
"2065638493","2075380802","0.796703"
"2075380802","2065638493","0.796703"
"2065638493","2104632901","0.93956"
"2104632901","2065638493","0.93956"
"2065638493","2107252161","0.296703"
"2107252161","2065638493","0.296703"
"2065638493","2135573625","2.10623"
"2135573625","2065638493","2.10623"
"2065638493","59628020","0.296703"
"59628020","2065638493","0.296703"
"2065638493","93597058","3.13004"
"93597058","2065638493","3.13004"
"2067921841","2075380802","0.139423"
"2075380802","2067921841","0.139423"
"2067921841","2104632901","0.139423"
"2104632901","2067921841","0.139423"
"2067921841","2107252161","0.264957"
"2107252161","2067921841","0.264957"
"2067921841","2135573625","0.0769231"
"2135573625","2067921841","0.0769231"
"2075380802","2104632901","0.359203"
"2104632901","2075380802","0.359203"
"2075380802","2107252161","0.546703"
"2107252161","2075380802","0.546703"
"2075380802","2135573625","0.296703"
"2135573625","2075380802","0.296703"
"2075380802","59628020","0.359203"
"59628020","2075380802","0.359203"
"2075380802","93597058","0.859203"
"93597058","2075380802","0.859203"
"2104632901","2107252161","0.296703"
"2107252161","2104632901","0.296703"
"2104632901","2135573625","0.93956"
"2135573625","2104632901","0.93956"
"2104632901","59628020","0.359203"
"59628020","2104632901","0.359203"
"2104632901","93597058","0.359203"
"93597058","2104632901","0.359203"
"2107252161","2135573625","0.296703"
"2135573625","2107252161","0.296703"
"2107252161","59628020","0.373626"
"59628020","2107252161","0.373626"
"2107252161","93597058","0.296703"
"93597058","2107252161","0.296703"
"2135573625","59628020","0.296703"
"59628020","2135573625","0.296703"
"2135573625","93597058","0.296703"
"93597058","2135573625","0.296703"
"1565485019","2093993276","0.472756"
"2093993276","1565485019","0.472756"
"1565485019","2104003693","0.0625"
"2104003693","1565485019","0.0625"
"1565485019","2129349435","0.0625"
"2129349435","1565485019","0.0625"
"1565485019","2129663874","0.0625"
"2129663874","1565485019","0.0625"
"1565485019","2150164276","0.0625"
"2150164276","1565485019","0.0625"
"1565485019","2476516136","0.0625"
"2476516136","1565485019","0.0625"
"1565485019","2888001232","0.0625"
"2888001232","1565485019","0.0625"
"1855073618","2007413935","0.0625"
"2007413935","1855073618","0.0625"
"1855073618","2075380802","0.0625"
"2075380802","1855073618","0.0625"
"1855073618","2093993276","0.0625"
"2093993276","1855073618","0.0625"
"1855073618","2104003693","0.372024"
"2104003693","1855073618","0.372024"
"1855073618","2104632901","0.205357"
"2104632901","1855073618","0.205357"
"1855073618","2129349435","0.705357"
"2129349435","1855073618","0.705357"
"1855073618","2129663874","0.372024"
"2129663874","1855073618","0.372024"
"1855073618","2150164276","0.0625"
"2150164276","1855073618","0.0625"
"1855073618","2476516136","0.0625"
"2476516136","1855073618","0.0625"
"1855073618","2888001232","0.0625"
"2888001232","1855073618","0.0625"
"1980948047","2007413935","0.139423"
"2007413935","1980948047","0.139423"
"1980948047","2075380802","0.0625"
"2075380802","1980948047","0.0625"
"1980948047","2093993276","0.0625"
"2093993276","1980948047","0.0625"
"1980948047","2104632901","0.205357"
"2104632901","1980948047","0.205357"
"1980948047","2129349435","1.37202"
"2129349435","1980948047","1.37202"
"1980948047","2150164276","0.0625"
"2150164276","1980948047","0.0625"
"1980948047","2476516136","0.0625"
"2476516136","1980948047","0.0625"
"1980948047","2888001232","0.0625"
"2888001232","1980948047","0.0625"
"2007413935","2093993276","0.139423"
"2093993276","2007413935","0.139423"
"2007413935","2104003693","0.0625"
"2104003693","2007413935","0.0625"
"2007413935","2129349435","0.0625"
"2129349435","2007413935","0.0625"
"2007413935","2129663874","0.0625"
"2129663874","2007413935","0.0625"
"2007413935","2150164276","0.0625"
"2150164276","2007413935","0.0625"
"2007413935","2476516136","0.0625"
"2476516136","2007413935","0.0625"
"2007413935","2888001232","0.0625"
"2888001232","2007413935","0.0625"
"2023736291","2093993276","0.472756"
"2093993276","2023736291","0.472756"
"2023736291","2104003693","0.0625"
"2104003693","2023736291","0.0625"
"2023736291","2129349435","0.0625"
"2129349435","2023736291","0.0625"
"2023736291","2129663874","0.0625"
"2129663874","2023736291","0.0625"
"2023736291","2150164276","0.0625"
"2150164276","2023736291","0.0625"
"2023736291","2476516136","0.0625"
"2476516136","2023736291","0.0625"
"2023736291","2888001232","0.0625"
"2888001232","2023736291","0.0625"
"2067921841","2093993276","0.0625"
"2093993276","2067921841","0.0625"
"2067921841","2104003693","0.395833"
"2104003693","2067921841","0.395833"
"2067921841","2129349435","0.0625"
"2129349435","2067921841","0.0625"
"2067921841","2129663874","0.0625"
"2129663874","2067921841","0.0625"
"2067921841","2150164276","0.5625"
"2150164276","2067921841","0.5625"
"2067921841","2476516136","0.0625"
"2476516136","2067921841","0.0625"
"2067921841","2888001232","0.5625"
"2888001232","2067921841","0.5625"
"2075380802","2093993276","0.139423"
"2093993276","2075380802","0.139423"
"2075380802","2104003693","0.0625"
"2104003693","2075380802","0.0625"
"2075380802","2129349435","0.3125"
"2129349435","2075380802","0.3125"
"2075380802","2129663874","0.0625"
"2129663874","2075380802","0.0625"
"2075380802","2150164276","0.0625"
"2150164276","2075380802","0.0625"
"2075380802","2476516136","0.0625"
"2476516136","2075380802","0.0625"
"2075380802","2888001232","0.0625"
"2888001232","2075380802","0.0625"
"2093993276","2104003693","0.0625"
"2104003693","2093993276","0.0625"
"2093993276","2104632901","0.472756"
"2104632901","2093993276","0.472756"
"2093993276","2129349435","0.0625"
"2129349435","2093993276","0.0625"
"2093993276","2129663874","0.0625"
"2129663874","2093993276","0.0625"
"2093993276","2150164276","0.0625"
"2150164276","2093993276","0.0625"
"2093993276","2476516136","0.0625"
"2476516136","2093993276","0.0625"
"2093993276","2888001232","0.0625"
"2888001232","2093993276","0.0625"
"2093993276","59628020","0.139423"
"59628020","2093993276","0.139423"
"2093993276","93597058","0.139423"
"93597058","2093993276","0.139423"
"2104003693","2104632901","0.205357"
"2104632901","2104003693","0.205357"
"2104003693","2129349435","0.372024"
"2129349435","2104003693","0.372024"
"2104003693","2150164276","0.0625"
"2150164276","2104003693","0.0625"
"2104003693","2476516136","0.395833"
"2476516136","2104003693","0.395833"
"2104003693","2888001232","0.0625"
"2888001232","2104003693","0.0625"
"2104003693","59628020","0.0625"
"59628020","2104003693","0.0625"
"2104003693","93597058","0.0625"
"93597058","2104003693","0.0625"
"2104632901","2129349435","0.205357"
"2129349435","2104632901","0.205357"
"2104632901","2129663874","0.205357"
"2129663874","2104632901","0.205357"
"2104632901","2150164276","0.0625"
"2150164276","2104632901","0.0625"
"2104632901","2476516136","0.0625"
"2476516136","2104632901","0.0625"
"2104632901","2888001232","0.0625"
"2888001232","2104632901","0.0625"
"2129349435","2129663874","0.372024"
"2129663874","2129349435","0.372024"
"2129349435","2150164276","0.0625"
"2150164276","2129349435","0.0625"
"2129349435","2476516136","0.0625"
"2476516136","2129349435","0.0625"
"2129349435","2888001232","0.0625"
"2888001232","2129349435","0.0625"
"2129349435","59628020","0.0625"
"59628020","2129349435","0.0625"
"2129349435","93597058","0.5625"
"93597058","2129349435","0.5625"
"2129663874","2150164276","0.0625"
"2150164276","2129663874","0.0625"
"2129663874","2476516136","0.0625"
"2476516136","2129663874","0.0625"
"2129663874","2888001232","0.0625"
"2888001232","2129663874","0.0625"
"2129663874","59628020","0.0625"
"59628020","2129663874","0.0625"
"2129663874","93597058","0.0625"
"93597058","2129663874","0.0625"
"2150164276","2476516136","0.0625"
"2476516136","2150164276","0.0625"
"2150164276","2888001232","1.89583"
"2888001232","2150164276","1.89583"
"2150164276","59628020","0.0625"
"59628020","2150164276","0.0625"
"2150164276","93597058","0.0625"
"93597058","2150164276","0.0625"
"2476516136","2888001232","0.0625"
"2888001232","2476516136","0.0625"
"2476516136","59628020","0.0625"
"59628020","2476516136","0.0625"
"2476516136","93597058","0.0625"
"93597058","2476516136","0.0625"
"2888001232","59628020","0.0625"
"59628020","2888001232","0.0625"
"2888001232","93597058","0.0625"
"93597058","2888001232","0.0625"
"1565485019","1980712434","0.188034"
"1980712434","1565485019","0.188034"
"1565485019","2024092488","0.0769231"
"2024092488","1565485019","0.0769231"
"1565485019","2915205990","0.188034"
"2915205990","1565485019","0.188034"
"1980712434","2007413935","0.188034"
"2007413935","1980712434","0.188034"
"1980712434","2024092488","0.0769231"
"2024092488","1980712434","0.0769231"
"1980712434","2064205471","0.188034"
"2064205471","1980712434","0.188034"
"1980712434","2067921841","0.854701"
"2067921841","1980712434","0.854701"
"1980712434","2107252161","0.188034"
"2107252161","1980712434","0.188034"
"1980712434","2124520719","1.92137"
"2124520719","1980712434","1.92137"
"1980712434","2150614697","0.610256"
"2150614697","1980712434","0.610256"
"1980712434","2769438202","1.07692"
"2769438202","1980712434","1.07692"
"1980712434","2915205990","0.388034"
"2915205990","1980712434","0.388034"
"1980712434","59628020","0.976923"
"59628020","1980712434","0.976923"
"1980948047","2024092488","0.0769231"
"2024092488","1980948047","0.0769231"
"1980948047","2064205471","0.0769231"
"2064205471","1980948047","0.0769231"
"1980948047","2107252161","0.0769231"
"2107252161","1980948047","0.0769231"
"1980948047","2915205990","0.276923"
"2915205990","1980948047","0.276923"
"2007413935","2024092488","0.0769231"
"2024092488","2007413935","0.0769231"
"2007413935","2029476822","0.188034"
"2029476822","2007413935","0.188034"
"2007413935","2124520719","0.188034"
"2124520719","2007413935","0.188034"
"2007413935","2150614697","0.0769231"
"2150614697","2007413935","0.0769231"
"2007413935","2769438202","0.0769231"
"2769438202","2007413935","0.0769231"
"2007413935","2915205990","0.188034"
"2915205990","2007413935","0.188034"
"2024092488","2029476822","0.0769231"
"2029476822","2024092488","0.0769231"
"2024092488","2064205471","0.0769231"
"2064205471","2024092488","0.0769231"
"2024092488","2067921841","0.0769231"
"2067921841","2024092488","0.0769231"
"2024092488","2107252161","0.0769231"
"2107252161","2024092488","0.0769231"
"2024092488","2124520719","0.0769231"
"2124520719","2024092488","0.0769231"
"2024092488","2150614697","0.0769231"
"2150614697","2024092488","0.0769231"
"2024092488","2769438202","0.0769231"
"2769438202","2024092488","0.0769231"
"2024092488","2915205990","0.0769231"
"2915205990","2024092488","0.0769231"
"2024092488","59628020","0.0769231"
"59628020","2024092488","0.0769231"
"2029476822","2064205471","0.188034"
"2064205471","2029476822","0.188034"
"2029476822","2107252161","0.188034"
"2107252161","2029476822","0.188034"
"2029476822","2915205990","0.188034"
"2915205990","2029476822","0.188034"
"2064205471","2124520719","0.188034"
"2124520719","2064205471","0.188034"
"2064205471","2150614697","0.0769231"
"2150614697","2064205471","0.0769231"
"2064205471","2769438202","0.0769231"
"2769438202","2064205471","0.0769231"
"2064205471","2915205990","0.188034"
"2915205990","2064205471","0.188034"
"2067921841","2915205990","0.188034"
"2915205990","2067921841","0.188034"
"2107252161","2124520719","0.188034"
"2124520719","2107252161","0.188034"
"2107252161","2150614697","0.0769231"
"2150614697","2107252161","0.0769231"
"2107252161","2769438202","0.0769231"
"2769438202","2107252161","0.0769231"
"2107252161","2915205990","0.188034"
"2915205990","2107252161","0.188034"
"2124520719","2915205990","0.388034"
"2915205990","2124520719","0.388034"
"2150614697","2915205990","0.276923"
"2915205990","2150614697","0.276923"
"2769438202","2915205990","0.0769231"
"2915205990","2769438202","0.0769231"
"2915205990","59628020","0.276923"
"59628020","2915205990","0.276923"
"1565485019","2169715913","0.0769231"
"2169715913","1565485019","0.0769231"
"1977000031","2093993276","1.07692"
"2093993276","1977000031","1.07692"
"1977000031","2169715913","0.0769231"
"2169715913","1977000031","0.0769231"
"2007413935","2169715913","0.0769231"
"2169715913","2007413935","0.0769231"
"2023736291","2169715913","0.0769231"
"2169715913","2023736291","0.0769231"
"2064205471","2093993276","0.0769231"
"2093993276","2064205471","0.0769231"
"2064205471","2169715913","0.0769231"
"2169715913","2064205471","0.0769231"
"2065638493","2093993276","0.0769231"
"2093993276","2065638493","0.0769231"
"2065638493","2169715913","0.0769231"
"2169715913","2065638493","0.0769231"
"2075380802","2169715913","0.0769231"
"2169715913","2075380802","0.0769231"
"2093993276","2107252161","0.0769231"
"2107252161","2093993276","0.0769231"
"2093993276","2135573625","0.0769231"
"2135573625","2093993276","0.0769231"
"2093993276","2169715913","0.0769231"
"2169715913","2093993276","0.0769231"
"2104632901","2169715913","0.0769231"
"2169715913","2104632901","0.0769231"
"2107252161","2169715913","0.0769231"
"2169715913","2107252161","0.0769231"
"2135573625","2169715913","0.0769231"
"2169715913","2135573625","0.0769231"
"2169715913","59628020","0.0769231"
"59628020","2169715913","0.0769231"
"2169715913","93597058","0.0769231"
"93597058","2169715913","0.0769231"
"1565485019","2151367237","0.111111"
"2151367237","1565485019","0.111111"
"1980712434","2151367237","0.111111"
"2151367237","1980712434","0.111111"
"2007413935","2151367237","0.111111"
"2151367237","2007413935","0.111111"
"2029476822","2151367237","0.111111"
"2151367237","2029476822","0.111111"
"2064205471","2151367237","0.361111"
"2151367237","2064205471","0.361111"
"2067921841","2151367237","0.111111"
"2151367237","2067921841","0.111111"
"2107252161","2151367237","0.361111"
"2151367237","2107252161","0.361111"
"2124520719","2151367237","0.111111"
"2151367237","2124520719","0.111111"
"2151367237","2915205990","0.111111"
"2915205990","2151367237","0.111111"
"2029476822","2129349435","0.333333"
"2129349435","2029476822","0.333333"
"2125443691","2129349435","0.333333"
"2129349435","2125443691","0.333333"
"1855073618","2065638493","0.809524"
"2065638493","1855073618","0.809524"
"1980948047","2065638493","0.809524"
"2065638493","1980948047","0.809524"
"1855073618","2135573625","0.309524"
"2135573625","1855073618","0.309524"
"1980948047","2135573625","0.309524"
"2135573625","1980948047","0.309524"
"2065638493","2104003693","0.309524"
"2104003693","2065638493","0.309524"
"2065638493","2129349435","0.309524"
"2129349435","2065638493","0.309524"
"2065638493","2129663874","0.309524"
"2129663874","2065638493","0.309524"
"2104003693","2135573625","0.309524"
"2135573625","2104003693","0.309524"
"2129349435","2135573625","0.309524"
"2135573625","2129349435","0.309524"
"2129663874","2135573625","0.309524"
"2135573625","2129663874","0.309524"
"1969105901","1980712434","0.5"
"1980712434","1969105901","0.5"
"1980712434","2023736291","0.2"
"2023736291","1980712434","0.2"
"1980712434","2151955281","0.2"
"2151955281","1980712434","0.2"
"2023736291","2151955281","0.2"
"2151955281","2023736291","0.2"
"2029476822","2151955281","0.2"
"2151955281","2029476822","0.2"
"2124520719","2151955281","0.2"
"2151955281","2124520719","0.2"
"2151955281","59628020","0.2"
"59628020","2151955281","0.2"
"2104003693","2150614697","0.333333"
"2150614697","2104003693","0.333333"
"1980712434","93597058","0.333333"
"93597058","1980712434","0.333333"
"2007617450","2086783470","2.33333"
"2086783470","2007617450","2.33333"
"2065638493","2086783470","1.33333"
"2086783470","2065638493","1.33333"
"2086783470","93597058","0.333333"
"93597058","2086783470","0.333333"
"2007617450","2029476822","0.333333"
"2029476822","2007617450","0.333333"
"2007617450","2104003693","0.333333"
"2104003693","2007617450","0.333333"
"2007617450","2476516136","0.333333"
"2476516136","2007617450","0.333333"
"2029476822","2476516136","0.333333"
"2476516136","2029476822","0.333333"
"2007617450","2150164276","0.333333"
"2150164276","2007617450","0.333333"
"2007617450","2888001232","0.333333"
"2888001232","2007617450","0.333333"
"2065638493","2150164276","0.333333"
"2150164276","2065638493","0.333333"
"2065638493","2888001232","0.333333"
"2888001232","2065638493","0.333333"
"2009933822","2186392820","7.33333"
"2186392820","2009933822","7.33333"
"2009933822","59628020","1"
"59628020","2009933822","1"
"2186392820","59628020","1"
"59628020","2186392820","1"
"2009933822","2129349435","0.333333"
"2129349435","2009933822","0.333333"
"2009933822","2151955281","0.333333"
"2151955281","2009933822","0.333333"
"2129349435","2151955281","0.333333"
"2151955281","2129349435","0.333333"
"2129349435","2186392820","0.333333"
"2186392820","2129349435","0.333333"
"2151955281","2186392820","0.333333"
"2186392820","2151955281","0.333333"
"2023736291","2086783470","1"
"2086783470","2023736291","1"
"2064205471","2129349435","0.25"
"2129349435","2064205471","0.25"
"2075380802","2151367237","0.25"
"2151367237","2075380802","0.25"
"2107252161","2129349435","0.25"
"2129349435","2107252161","0.25"
"2129349435","2151367237","0.25"
"2151367237","2129349435","0.25"
"2065638493","2915205990","2"
"2915205990","2065638493","2"
"2067921841","2086783470","0.5"
"2086783470","2067921841","0.5"
"2067921841","2169715913","0.5"
"2169715913","2067921841","0.5"
"2086783470","2169715913","3.5"
"2169715913","2086783470","3.5"
"2070091762","2093993276","0.5"
"2093993276","2070091762","0.5"
"2070091762","2769438202","0.5"
"2769438202","2070091762","0.5"
"2093993276","2769438202","0.5"
"2769438202","2093993276","0.5"
"2075380802","2124520719","1"
"2124520719","2075380802","1"
"2124520719","2129349435","1"
"2129349435","2124520719","1"
"2129349435","2150614697","0.5"
"2150614697","2129349435","0.5"
