"1508296082","2028406056","0.566667"
"2028406056","1508296082","0.566667"
"1508296082","2043241467","0.566667"
"2043241467","1508296082","0.566667"
"1508296082","2045748729","0.566667"
"2045748729","1508296082","0.566667"
"1508296082","2145400454","0.566667"
"2145400454","1508296082","0.566667"
"2028406056","2043241467","2.06667"
"2043241467","2028406056","2.06667"
"2028406056","2045748729","1.06667"
"2045748729","2028406056","1.06667"
"2028406056","2145400454","1.56667"
"2145400454","2028406056","1.56667"
"2043241467","2045748729","1.90952"
"2045748729","2043241467","1.90952"
"2043241467","2145400454","0.566667"
"2145400454","2043241467","0.566667"
"2045748729","2145400454","2.81667"
"2145400454","2045748729","2.81667"
"1508296082","1597906974","0.0666667"
"1597906974","1508296082","0.0666667"
"1508296082","1981038094","0.0666667"
"1981038094","1508296082","0.0666667"
"1508296082","1983465789","0.0666667"
"1983465789","1508296082","0.0666667"
"1508296082","1986512389","0.0666667"
"1986512389","1508296082","0.0666667"
"1508296082","2003395552","0.0666667"
"2003395552","1508296082","0.0666667"
"1508296082","2020114747","0.0666667"
"2020114747","1508296082","0.0666667"
"1508296082","2108688365","0.0666667"
"2108688365","1508296082","0.0666667"
"1508296082","2125163045","0.0666667"
"2125163045","1508296082","0.0666667"
"1508296082","2165411481","0.0666667"
"2165411481","1508296082","0.0666667"
"1508296082","2483923720","0.0666667"
"2483923720","1508296082","0.0666667"
"1508296082","2533031113","0.0666667"
"2533031113","1508296082","0.0666667"
"1597906974","1981038094","0.0666667"
"1981038094","1597906974","0.0666667"
"1597906974","1983465789","0.0666667"
"1983465789","1597906974","0.0666667"
"1597906974","1986512389","0.0666667"
"1986512389","1597906974","0.0666667"
"1597906974","2003395552","0.0666667"
"2003395552","1597906974","0.0666667"
"1597906974","2020114747","0.0666667"
"2020114747","1597906974","0.0666667"
"1597906974","2028406056","0.0666667"
"2028406056","1597906974","0.0666667"
"1597906974","2043241467","0.0666667"
"2043241467","1597906974","0.0666667"
"1597906974","2045748729","0.0666667"
"2045748729","1597906974","0.0666667"
"1597906974","2108688365","0.0666667"
"2108688365","1597906974","0.0666667"
"1597906974","2125163045","0.0666667"
"2125163045","1597906974","0.0666667"
"1597906974","2145400454","0.0666667"
"2145400454","1597906974","0.0666667"
"1597906974","2165411481","0.0666667"
"2165411481","1597906974","0.0666667"
"1597906974","2483923720","2.4"
"2483923720","1597906974","2.4"
"1597906974","2533031113","0.0666667"
"2533031113","1597906974","0.0666667"
"1981038094","1983465789","0.0666667"
"1983465789","1981038094","0.0666667"
"1981038094","1986512389","0.0666667"
"1986512389","1981038094","0.0666667"
"1981038094","2003395552","0.0666667"
"2003395552","1981038094","0.0666667"
"1981038094","2020114747","0.0666667"
"2020114747","1981038094","0.0666667"
"1981038094","2028406056","0.0666667"
"2028406056","1981038094","0.0666667"
"1981038094","2043241467","1.06667"
"2043241467","1981038094","1.06667"
"1981038094","2045748729","0.0666667"
"2045748729","1981038094","0.0666667"
"1981038094","2108688365","0.0666667"
"2108688365","1981038094","0.0666667"
"1981038094","2125163045","0.0666667"
"2125163045","1981038094","0.0666667"
"1981038094","2145400454","0.0666667"
"2145400454","1981038094","0.0666667"
"1981038094","2165411481","0.0666667"
"2165411481","1981038094","0.0666667"
"1981038094","2483923720","0.0666667"
"2483923720","1981038094","0.0666667"
"1981038094","2533031113","0.0666667"
"2533031113","1981038094","0.0666667"
"1983465789","1986512389","0.65"
"1986512389","1983465789","0.65"
"1983465789","2003395552","0.209524"
"2003395552","1983465789","0.209524"
"1983465789","2020114747","0.0666667"
"2020114747","1983465789","0.0666667"
"1983465789","2028406056","0.0666667"
"2028406056","1983465789","0.0666667"
"1983465789","2043241467","0.209524"
"2043241467","1983465789","0.209524"
"1983465789","2045748729","0.742857"
"2045748729","1983465789","0.742857"
"1983465789","2108688365","0.4"
"2108688365","1983465789","0.4"
"1983465789","2125163045","0.266667"
"2125163045","1983465789","0.266667"
"1983465789","2145400454","0.266667"
"2145400454","1983465789","0.266667"
"1983465789","2165411481","0.609524"
"2165411481","1983465789","0.609524"
"1983465789","2483923720","0.0666667"
"2483923720","1983465789","0.0666667"
"1983465789","2533031113","0.0666667"
"2533031113","1983465789","0.0666667"
"1986512389","2003395552","0.0666667"
"2003395552","1986512389","0.0666667"
"1986512389","2020114747","0.0666667"
"2020114747","1986512389","0.0666667"
"1986512389","2028406056","0.0666667"
"2028406056","1986512389","0.0666667"
"1986512389","2043241467","0.0666667"
"2043241467","1986512389","0.0666667"
"1986512389","2045748729","0.0666667"
"2045748729","1986512389","0.0666667"
"1986512389","2108688365","0.4"
"2108688365","1986512389","0.4"
"1986512389","2125163045","0.0666667"
"2125163045","1986512389","0.0666667"
"1986512389","2145400454","0.566667"
"2145400454","1986512389","0.566667"
"1986512389","2165411481","0.0666667"
"2165411481","1986512389","0.0666667"
"1986512389","2483923720","0.0666667"
"2483923720","1986512389","0.0666667"
"1986512389","2533031113","0.0666667"
"2533031113","1986512389","0.0666667"
"2003395552","2020114747","0.0666667"
"2020114747","2003395552","0.0666667"
"2003395552","2028406056","0.0666667"
"2028406056","2003395552","0.0666667"
"2003395552","2043241467","0.209524"
"2043241467","2003395552","0.209524"
"2003395552","2045748729","0.209524"
"2045748729","2003395552","0.209524"
"2003395552","2108688365","0.0666667"
"2108688365","2003395552","0.0666667"
"2003395552","2125163045","0.0666667"
"2125163045","2003395552","0.0666667"
"2003395552","2145400454","0.316667"
"2145400454","2003395552","0.316667"
"2003395552","2165411481","1.29286"
"2165411481","2003395552","1.29286"
"2003395552","2483923720","0.0666667"
"2483923720","2003395552","0.0666667"
"2003395552","2533031113","0.0666667"
"2533031113","2003395552","0.0666667"
"2020114747","2028406056","0.0666667"
"2028406056","2020114747","0.0666667"
"2020114747","2043241467","0.266667"
"2043241467","2020114747","0.266667"
"2020114747","2045748729","0.266667"
"2045748729","2020114747","0.266667"
"2020114747","2108688365","0.0666667"
"2108688365","2020114747","0.0666667"
"2020114747","2125163045","0.0666667"
"2125163045","2020114747","0.0666667"
"2020114747","2145400454","0.0666667"
"2145400454","2020114747","0.0666667"
"2020114747","2165411481","0.0666667"
"2165411481","2020114747","0.0666667"
"2020114747","2483923720","0.0666667"
"2483923720","2020114747","0.0666667"
"2020114747","2533031113","0.266667"
"2533031113","2020114747","0.266667"
"2028406056","2108688365","0.0666667"
"2108688365","2028406056","0.0666667"
"2028406056","2125163045","0.0666667"
"2125163045","2028406056","0.0666667"
"2028406056","2165411481","0.0666667"
"2165411481","2028406056","0.0666667"
"2028406056","2483923720","0.0666667"
"2483923720","2028406056","0.0666667"
"2028406056","2533031113","1.06667"
"2533031113","2028406056","1.06667"
"2043241467","2108688365","0.0666667"
"2108688365","2043241467","0.0666667"
"2043241467","2125163045","0.0666667"
"2125163045","2043241467","0.0666667"
"2043241467","2165411481","0.209524"
"2165411481","2043241467","0.209524"
"2043241467","2483923720","0.0666667"
"2483923720","2043241467","0.0666667"
"2043241467","2533031113","0.266667"
"2533031113","2043241467","0.266667"
"2045748729","2108688365","0.0666667"
"2108688365","2045748729","0.0666667"
"2045748729","2125163045","0.316667"
"2125163045","2045748729","0.316667"
"2045748729","2165411481","1.40952"
"2165411481","2045748729","1.40952"
"2045748729","2483923720","0.316667"
"2483923720","2045748729","0.316667"
"2045748729","2533031113","3.26667"
"2533031113","2045748729","3.26667"
"2108688365","2125163045","0.0666667"
"2125163045","2108688365","0.0666667"
"2108688365","2145400454","0.0666667"
"2145400454","2108688365","0.0666667"
"2108688365","2165411481","0.0666667"
"2165411481","2108688365","0.0666667"
"2108688365","2483923720","0.0666667"
"2483923720","2108688365","0.0666667"
"2108688365","2533031113","0.0666667"
"2533031113","2108688365","0.0666667"
"2125163045","2145400454","0.516667"
"2145400454","2125163045","0.516667"
"2125163045","2165411481","0.266667"
"2165411481","2125163045","0.266667"
"2125163045","2483923720","0.316667"
"2483923720","2125163045","0.316667"
"2125163045","2533031113","0.0666667"
"2533031113","2125163045","0.0666667"
"2145400454","2165411481","3.76667"
"2165411481","2145400454","3.76667"
"2145400454","2483923720","0.316667"
"2483923720","2145400454","0.316667"
"2145400454","2533031113","1.06667"
"2533031113","2145400454","1.06667"
"2165411481","2483923720","0.0666667"
"2483923720","2165411481","0.0666667"
"2165411481","2533031113","0.0666667"
"2533031113","2165411481","0.0666667"
"2483923720","2533031113","0.0666667"
"2533031113","2483923720","0.0666667"
"1508296082","2001111660","1"
"2001111660","1508296082","1"
"1569371383","1790390042","2.91667"
"1790390042","1569371383","2.91667"
"1569371383","2068258563","0.916667"
"2068258563","1569371383","0.916667"
"1569371383","2165411481","9.59286"
"2165411481","1569371383","9.59286"
"1790390042","2068258563","0.666667"
"2068258563","1790390042","0.666667"
"1790390042","2165411481","12.2"
"2165411481","1790390042","12.2"
"2068258563","2165411481","0.666667"
"2165411481","2068258563","0.666667"
"1569371383","2039681720","1.33333"
"2039681720","1569371383","1.33333"
"1569371383","170053026","0.642857"
"170053026","1569371383","0.642857"
"1569371383","2145400454","4.25"
"2145400454","1569371383","4.25"
"170053026","1790390042","1.53333"
"1790390042","170053026","1.53333"
"170053026","2145400454","4.95"
"2145400454","170053026","4.95"
"170053026","2165411481","13.2095"
"2165411481","170053026","13.2095"
"1790390042","2145400454","0.75"
"2145400454","1790390042","0.75"
"1569371383","1983465789","0.342857"
"1983465789","1569371383","0.342857"
"1569371383","2045748729","0.342857"
"2045748729","1569371383","0.342857"
"1569371383","2074951879","0.45"
"2074951879","1569371383","0.45"
"1569371383","2167893474","0.2"
"2167893474","1569371383","0.2"
"1983465789","2074951879","0.2"
"2074951879","1983465789","0.2"
"1983465789","2167893474","0.4"
"2167893474","1983465789","0.4"
"2045748729","2074951879","0.2"
"2074951879","2045748729","0.2"
"2045748729","2167893474","0.2"
"2167893474","2045748729","0.2"
"2074951879","2165411481","1.53333"
"2165411481","2074951879","1.53333"
"2074951879","2167893474","2.03333"
"2167893474","2074951879","2.03333"
"2165411481","2167893474","8.51667"
"2167893474","2165411481","8.51667"
"1569371383","2003395552","0.97619"
"2003395552","1569371383","0.97619"
"1569371383","2043241467","0.142857"
"2043241467","1569371383","0.142857"
"1569371383","2146091938","0.142857"
"2146091938","1569371383","0.142857"
"170053026","1983465789","0.67619"
"1983465789","170053026","0.67619"
"170053026","2003395552","0.642857"
"2003395552","170053026","0.642857"
"170053026","2043241467","0.142857"
"2043241467","170053026","0.142857"
"170053026","2045748729","0.47619"
"2045748729","170053026","0.47619"
"170053026","2146091938","0.142857"
"2146091938","170053026","0.142857"
"1983465789","2146091938","0.142857"
"2146091938","1983465789","0.142857"
"2003395552","2146091938","0.142857"
"2146091938","2003395552","0.142857"
"2043241467","2146091938","0.842857"
"2146091938","2043241467","0.842857"
"2045748729","2146091938","1.84286"
"2146091938","2045748729","1.84286"
"2146091938","2165411481","0.142857"
"2165411481","2146091938","0.142857"
"1569371383","2153654970","0.5"
"2153654970","1569371383","0.5"
"2153654970","2165411481","2.28333"
"2165411481","2153654970","2.28333"
"2003395552","2039681720","1.08333"
"2039681720","2003395552","1.08333"
"2039681720","2165411481","2.11667"
"2165411481","2039681720","2.11667"
"1569371383","1986512389","0.25"
"1986512389","1569371383","0.25"
"170053026","1986512389","0.25"
"1986512389","170053026","0.25"
"170053026","2068258563","0.25"
"2068258563","170053026","0.25"
"170053026","2074951879","1.25"
"2074951879","170053026","1.25"
"1986512389","2068258563","0.25"
"2068258563","1986512389","0.25"
"1986512389","2074951879","0.25"
"2074951879","1986512389","0.25"
"2068258563","2074951879","0.25"
"2074951879","2068258563","0.25"
"1597906974","2146091938","1.33333"
"2146091938","1597906974","1.33333"
"2146091938","2483923720","1.33333"
"2483923720","2146091938","1.33333"
"1597906974","2112755559","0.333333"
"2112755559","1597906974","0.333333"
"2112755559","2146091938","1.33333"
"2146091938","2112755559","1.33333"
"2112755559","2483923720","0.333333"
"2483923720","2112755559","0.333333"
"170053026","2167893474","4.98333"
"2167893474","170053026","4.98333"
"170053026","2039681720","1.36667"
"2039681720","170053026","1.36667"
"1790390042","2039681720","5.53333"
"2039681720","1790390042","5.53333"
"1983465789","2039681720","0.333333"
"2039681720","1983465789","0.333333"
"2039681720","2045748729","0.333333"
"2045748729","2039681720","0.333333"
"170053026","2125163045","0.2"
"2125163045","170053026","0.2"
"2125163045","2167893474","0.2"
"2167893474","2125163045","0.2"
"2145400454","2167893474","0.533333"
"2167893474","2145400454","0.533333"
"170053026","2153654970","4.28333"
"2153654970","170053026","4.28333"
"1790390042","2153654970","0.45"
"2153654970","1790390042","0.45"
"1790390042","2167893474","0.95"
"2167893474","1790390042","0.95"
"2153654970","2167893474","1.78333"
"2167893474","2153654970","1.78333"
"170053026","2169032508","1"
"2169032508","170053026","1"
"2039681720","2153654970","0.2"
"2153654970","2039681720","0.2"
"2039681720","2167893474","0.2"
"2167893474","2039681720","0.2"
"1790390042","2003395552","2"
"2003395552","1790390042","2"
"1971022877","2028406056","1"
"2028406056","1971022877","1"
"1971022877","1983465789","0.25"
"1983465789","1971022877","0.25"
"1971022877","1986512389","0.25"
"1986512389","1971022877","0.25"
"1971022877","2085578976","2.75"
"2085578976","1971022877","2.75"
"1971022877","2123804261","0.75"
"2123804261","1971022877","0.75"
"1983465789","2085578976","0.25"
"2085578976","1983465789","0.25"
"1983465789","2123804261","0.25"
"2123804261","1983465789","0.25"
"1986512389","2085578976","0.25"
"2085578976","1986512389","0.25"
"1986512389","2123804261","0.25"
"2123804261","1986512389","0.25"
"2085578976","2123804261","0.75"
"2123804261","2085578976","0.75"
"1971022877","2146091938","1"
"2146091938","1971022877","1"
"1983465789","2147406496","0.333333"
"2147406496","1983465789","0.333333"
"1986512389","2147406496","0.333333"
"2147406496","1986512389","0.333333"
"2108688365","2147406496","0.333333"
"2147406496","2108688365","0.333333"
"1986512389","2001111660","0.5"
"2001111660","1986512389","0.5"
"2001111660","2145400454","2.33333"
"2145400454","2001111660","2.33333"
"2001111660","2045748729","1.25"
"2045748729","2001111660","1.25"
"2001111660","2125163045","0.25"
"2125163045","2001111660","0.25"
"2001111660","2483923720","0.25"
"2483923720","2001111660","0.25"
"2001111660","2068258563","0.333333"
"2068258563","2001111660","0.333333"
"2001111660","2167893474","0.333333"
"2167893474","2001111660","0.333333"
"2068258563","2145400454","0.333333"
"2145400454","2068258563","0.333333"
"2068258563","2167893474","0.333333"
"2167893474","2068258563","0.333333"
"2001111660","2070421057","0.833333"
"2070421057","2001111660","0.833333"
"2001111660","2135273415","0.833333"
"2135273415","2001111660","0.833333"
"2070421057","2135273415","6.33333"
"2135273415","2070421057","6.33333"
"2001111660","2084957643","0.333333"
"2084957643","2001111660","0.333333"
"2070421057","2084957643","0.333333"
"2084957643","2070421057","0.333333"
"2084957643","2135273415","0.333333"
"2135273415","2084957643","0.333333"
"2001111660","2003395552","0.25"
"2003395552","2001111660","0.25"
"2001111660","2039681720","0.25"
"2039681720","2001111660","0.25"
"2001111660","2165411481","0.25"
"2165411481","2001111660","0.25"
"2039681720","2145400454","0.25"
"2145400454","2039681720","0.25"
"2001111660","2104160874","1"
"2104160874","2001111660","1"
"2002088121","2145400454","1"
"2145400454","2002088121","1"
"2006710575","2165373258","2"
"2165373258","2006710575","2"
"2020114747","2129701956","0.2"
"2129701956","2020114747","0.2"
"2020114747","2146091938","0.2"
"2146091938","2020114747","0.2"
"2043241467","2129701956","0.2"
"2129701956","2043241467","0.2"
"2045748729","2129701956","0.2"
"2129701956","2045748729","0.2"
"2129701956","2146091938","0.2"
"2146091938","2129701956","0.2"
"2129701956","2533031113","0.2"
"2533031113","2129701956","0.2"
"2146091938","2533031113","0.2"
"2533031113","2146091938","0.2"
"2070421057","2145400454","0.5"
"2145400454","2070421057","0.5"
"2135273415","2145400454","0.5"
"2145400454","2135273415","0.5"
"2074951879","2153654970","0.5"
"2153654970","2074951879","0.5"
"2074951879","2169032508","0.333333"
"2169032508","2074951879","0.333333"
"2165411481","2169032508","0.333333"
"2169032508","2165411481","0.333333"
"2167893474","2169032508","0.333333"
"2169032508","2167893474","0.333333"
"2089776224","2132168953","1"
"2132168953","2089776224","1"
"2104160874","2147406496","1"
"2147406496","2104160874","1"
"2125163045","2129701956","1"
"2129701956","2125163045","1"
