"1541996231","2052060673","2.54524"
"2052060673","1541996231","2.54524"
"1541996231","2153204881","1.20238"
"2153204881","1541996231","1.20238"
"2052060673","2153204881","3.11905"
"2153204881","2052060673","3.11905"
"1541996231","2142693631","3.0119"
"2142693631","1541996231","3.0119"
"1541996231","2167935884","2.04524"
"2167935884","1541996231","2.04524"
"2142693631","2167935884","9.79524"
"2167935884","2142693631","9.79524"
"1541996231","2086471785","3.37857"
"2086471785","1541996231","3.37857"
"1541996231","2468139351","2.23571"
"2468139351","1541996231","2.23571"
"2086471785","2468139351","10.6857"
"2468139351","2086471785","10.6857"
"1541996231","1599408865","5.12857"
"1599408865","1541996231","5.12857"
"1541996231","1822069111","0.583333"
"1822069111","1541996231","0.583333"
"1541996231","2161353020","0.583333"
"2161353020","1541996231","0.583333"
"1822069111","2052060673","0.75"
"2052060673","1822069111","0.75"
"1822069111","2161353020","9.75"
"2161353020","1822069111","9.75"
"2052060673","2161353020","0.75"
"2161353020","2052060673","0.75"
"1599408865","2052060673","1.79524"
"2052060673","1599408865","1.79524"
"1599408865","2086471785","2.04524"
"2086471785","1599408865","2.04524"
"1599408865","2153204881","0.619048"
"2153204881","1599408865","0.619048"
"1599408865","2167935884","1.9619"
"2167935884","1599408865","1.9619"
"1599408865","2468139351","1.90238"
"2468139351","1599408865","1.90238"
"2052060673","2086471785","1.87857"
"2086471785","2052060673","1.87857"
"2052060673","2167935884","2.4619"
"2167935884","2052060673","2.4619"
"2052060673","2468139351","1.73571"
"2468139351","2052060673","1.73571"
"2086471785","2153204881","1.11905"
"2153204881","2086471785","1.11905"
"2086471785","2167935884","2.6619"
"2167935884","2086471785","2.6619"
"2153204881","2167935884","0.869048"
"2167935884","2153204881","0.869048"
"2153204881","2468139351","1.11905"
"2468139351","2153204881","1.11905"
"2167935884","2468139351","2.01905"
"2468139351","2167935884","2.01905"
"2086471785","2142693631","3.04524"
"2142693631","2086471785","3.04524"
"2142693631","2153204881","3.28571"
"2153204881","2142693631","3.28571"
"2142693631","2468139351","3.40238"
"2468139351","2142693631","3.40238"
"1822069111","2167935884","0.25"
"2167935884","1822069111","0.25"
"2161353020","2167935884","0.25"
"2167935884","2161353020","0.25"
"1599408865","2142693631","0.928571"
"2142693631","1599408865","0.928571"
"2052060673","2142693631","3.17857"
"2142693631","2052060673","3.17857"
"1541996231","1971328935","0.142857"
"1971328935","1541996231","0.142857"
"1541996231","1998690172","0.142857"
"1998690172","1541996231","0.142857"
"1599408865","1971328935","0.892857"
"1971328935","1599408865","0.892857"
"1599408865","1998690172","0.892857"
"1998690172","1599408865","0.892857"
"1971328935","1998690172","13.5929"
"1998690172","1971328935","13.5929"
"1971328935","2052060673","0.142857"
"2052060673","1971328935","0.142857"
"1971328935","2086471785","0.592857"
"2086471785","1971328935","0.592857"
"1971328935","2142693631","0.342857"
"2142693631","1971328935","0.342857"
"1971328935","2167935884","0.842857"
"2167935884","1971328935","0.842857"
"1998690172","2052060673","0.142857"
"2052060673","1998690172","0.142857"
"1998690172","2086471785","0.592857"
"2086471785","1998690172","0.592857"
"1998690172","2142693631","0.342857"
"2142693631","1998690172","0.342857"
"1998690172","2167935884","0.842857"
"2167935884","1998690172","0.842857"
"1971328935","2468139351","0.45"
"2468139351","1971328935","0.45"
"1998690172","2468139351","0.45"
"2468139351","1998690172","0.45"
"1599408865","1822069111","0.166667"
"1822069111","1599408865","0.166667"
"1599408865","2069543304","0.166667"
"2069543304","1599408865","0.166667"
"1599408865","2081205016","0.166667"
"2081205016","1599408865","0.166667"
"1599408865","2159029283","0.166667"
"2159029283","1599408865","0.166667"
"1599408865","2161353020","0.166667"
"2161353020","1599408865","0.166667"
"1822069111","2069543304","1"
"2069543304","1822069111","1"
"1822069111","2081205016","1"
"2081205016","1822069111","1"
"1822069111","2159029283","0.5"
"2159029283","1822069111","0.5"
"2052060673","2069543304","0.166667"
"2069543304","2052060673","0.166667"
"2052060673","2081205016","0.166667"
"2081205016","2052060673","0.166667"
"2052060673","2159029283","0.166667"
"2159029283","2052060673","0.166667"
"2069543304","2081205016","17.8333"
"2081205016","2069543304","17.8333"
"2069543304","2159029283","0.5"
"2159029283","2069543304","0.5"
"2069543304","2161353020","0.166667"
"2161353020","2069543304","0.166667"
"2081205016","2159029283","0.5"
"2159029283","2081205016","0.5"
"2081205016","2161353020","0.166667"
"2161353020","2081205016","0.166667"
"2159029283","2161353020","1.16667"
"2161353020","2159029283","1.16667"
"184464456","2067756294","3.08333"
"2067756294","184464456","3.08333"
"184464456","2427738745","1.58333"
"2427738745","184464456","1.58333"
"184464456","2949757080","1.25"
"2949757080","184464456","1.25"
"2427738745","2949757080","26.8333"
"2949757080","2427738745","26.8333"
"184464456","6688141","2.08333"
"6688141","184464456","2.08333"
"2067756294","6688141","1.66667"
"6688141","2067756294","1.66667"
"2067756294","2427738745","1.16667"
"2427738745","2067756294","1.16667"
"2067756294","2949757080","0.833333"
"2949757080","2067756294","0.833333"
"2427738745","6688141","2.16667"
"6688141","2427738745","2.16667"
"2949757080","6688141","1.33333"
"6688141","2949757080","1.33333"
"1971328935","2153204881","1"
"2153204881","1971328935","1"
"1998690172","2153204881","1"
"2153204881","1998690172","1"
"2067756294","2170807076","0.25"
"2170807076","2067756294","0.25"
"2170807076","2427738745","1.25"
"2427738745","2170807076","1.25"
"2170807076","2949757080","0.75"
"2949757080","2170807076","0.75"
"2170807076","6688141","3.25"
"6688141","2170807076","3.25"
"2069543304","2170807076","3.5"
"2170807076","2069543304","3.5"
"2081205016","2170807076","2"
"2170807076","2081205016","2"
"2069543304","2142693631","0.833333"
"2142693631","2069543304","0.833333"
"2081205016","2142693631","0.833333"
"2142693631","2081205016","0.833333"
"2069543304","6688141","0.5"
"6688141","2069543304","0.5"
"2069543304","2153204881","0.333333"
"2153204881","2069543304","0.333333"
"2081205016","2153204881","0.333333"
"2153204881","2081205016","0.333333"
"2142693631","2159029283","2"
"2159029283","2142693631","2"
