"1488725643","1537441574","1.56392"
"1537441574","1488725643","1.56392"
"1488725643","1732834088","0.952814"
"1732834088","1488725643","0.952814"
"1488725643","1818301358","0.15"
"1818301358","1488725643","0.15"
"1488725643","2030852377","1.32781"
"2030852377","1488725643","1.32781"
"1488725643","2087102461","1.79607"
"2087102461","1488725643","1.79607"
"1488725643","2098503353","0.435354"
"2098503353","1488725643","0.435354"
"1488725643","2110313295","0.4671"
"2110313295","1488725643","0.4671"
"1488725643","2120695302","0.47702"
"2120695302","1488725643","0.47702"
"1488725643","2129262727","0.703211"
"2129262727","1488725643","0.703211"
"1488725643","2133685729","2.73892"
"2133685729","1488725643","2.73892"
"1488725643","2144182322","0.403968"
"2144182322","1488725643","0.403968"
"1488725643","2162363818","0.703211"
"2162363818","1488725643","0.703211"
"1537441574","1732834088","1.36234"
"1732834088","1537441574","1.36234"
"1537441574","1818301358","0.72619"
"1818301358","1537441574","0.72619"
"1537441574","2030852377","1.529"
"2030852377","1537441574","1.529"
"1537441574","2087102461","1.2544"
"2087102461","1537441574","1.2544"
"1537441574","2098503353","0.844877"
"2098503353","1537441574","0.844877"
"1537441574","2110313295","0.633766"
"2110313295","1537441574","0.633766"
"1537441574","2120695302","0.761544"
"2120695302","1537441574","0.761544"
"1537441574","2129262727","0.911544"
"2129262727","1537441574","0.911544"
"1537441574","2133685729","1.53059"
"2133685729","1537441574","1.53059"
"1537441574","2144182322","0.503968"
"2144182322","1537441574","0.503968"
"1537441574","2162363818","2.91154"
"2162363818","1537441574","2.91154"
"1732834088","1818301358","3.55952"
"1818301358","1732834088","3.55952"
"1732834088","2030852377","4.19567"
"2030852377","1732834088","4.19567"
"1732834088","2087102461","3.47662"
"2087102461","1732834088","3.47662"
"1732834088","2098503353","0.5671"
"2098503353","1732834088","0.5671"
"1732834088","2110313295","0.633766"
"2110313295","1732834088","0.633766"
"1732834088","2120695302","0.483766"
"2120695302","1732834088","0.483766"
"1732834088","2129262727","0.633766"
"2129262727","1732834088","0.633766"
"1732834088","2133685729","0.919481"
"2133685729","1732834088","0.919481"
"1732834088","2144182322","0.392857"
"2144182322","1732834088","0.392857"
"1732834088","2162363818","0.4671"
"2162363818","1732834088","0.4671"
"1818301358","2030852377","1.72619"
"2030852377","1818301358","1.72619"
"1818301358","2087102461","2.48333"
"2087102461","1818301358","2.48333"
"1818301358","2098503353","3.59286"
"2098503353","1818301358","3.59286"
"1818301358","2110313295","0.316667"
"2110313295","1818301358","0.316667"
"1818301358","2120695302","2.75952"
"2120695302","1818301358","2.75952"
"1818301358","2129262727","0.316667"
"2129262727","1818301358","0.316667"
"1818301358","2133685729","0.316667"
"2133685729","1818301358","0.316667"
"1818301358","2144182322","0.616667"
"2144182322","1818301358","0.616667"
"1818301358","2162363818","0.316667"
"2162363818","1818301358","0.316667"
"2030852377","2087102461","4.85162"
"2087102461","2030852377","4.85162"
"2030852377","2098503353","1.90043"
"2098503353","2030852377","1.90043"
"2030852377","2110313295","0.4671"
"2110313295","2030852377","0.4671"
"2030852377","2120695302","3.1921"
"2120695302","2030852377","3.1921"
"2030852377","2129262727","1.00877"
"2129262727","2030852377","1.00877"
"2030852377","2133685729","1.12781"
"2133685729","2030852377","1.12781"
"2030852377","2144182322","0.809524"
"2144182322","2030852377","0.809524"
"2030852377","2162363818","0.925433"
"2162363818","2030852377","0.925433"
"2087102461","2098503353","0.435354"
"2098503353","2087102461","0.435354"
"2087102461","2110313295","0.490909"
"2110313295","2087102461","0.490909"
"2087102461","2120695302","0.643687"
"2120695302","2087102461","0.643687"
"2087102461","2129262727","0.72702"
"2129262727","2087102461","0.72702"
"2087102461","2133685729","1.76273"
"2133685729","2087102461","1.76273"
"2087102461","2144182322","0.403968"
"2144182322","2087102461","0.403968"
"2087102461","2162363818","0.869877"
"2162363818","2087102461","0.869877"
"2098503353","2110313295","0.324242"
"2110313295","2098503353","0.324242"
"2098503353","2120695302","3.29488"
"2120695302","2098503353","3.29488"
"2098503353","2129262727","1.60202"
"2129262727","2098503353","1.60202"
"2098503353","2133685729","0.435354"
"2133685729","2098503353","0.435354"
"2098503353","2144182322","1.22778"
"2144182322","2098503353","1.22778"
"2098503353","2162363818","0.60202"
"2162363818","2098503353","0.60202"
"2110313295","2120695302","0.240909"
"2120695302","2110313295","0.240909"
"2110313295","2129262727","0.633766"
"2129262727","2110313295","0.633766"
"2110313295","2133685729","0.633766"
"2133685729","2110313295","0.633766"
"2110313295","2144182322","0.15"
"2144182322","2110313295","0.15"
"2110313295","2162363818","0.324242"
"2162363818","2110313295","0.324242"
"2120695302","2129262727","0.72702"
"2129262727","2120695302","0.72702"
"2120695302","2133685729","0.47702"
"2133685729","2120695302","0.47702"
"2120695302","2144182322","1.47778"
"2144182322","2120695302","1.47778"
"2120695302","2162363818","0.643687"
"2162363818","2120695302","0.643687"
"2129262727","2133685729","0.869877"
"2133685729","2129262727","0.869877"
"2129262727","2144182322","0.511111"
"2144182322","2129262727","0.511111"
"2129262727","2162363818","0.72702"
"2162363818","2129262727","0.72702"
"2133685729","2144182322","0.403968"
"2144182322","2133685729","0.403968"
"2133685729","2162363818","0.703211"
"2162363818","2133685729","0.703211"
"2144182322","2162363818","0.261111"
"2162363818","2144182322","0.261111"
"1488725643","2037589876","1.24448"
"2037589876","1488725643","1.24448"
"1537441574","2037589876","1.279"
"2037589876","1537441574","1.279"
"1732834088","2037589876","1.61234"
"2037589876","1732834088","1.61234"
"2030852377","2037589876","3.154"
"2037589876","2030852377","3.154"
"2037589876","2087102461","1.26829"
"2087102461","2037589876","1.26829"
"2037589876","2133685729","1.04448"
"2133685729","2037589876","1.04448"
"2037589876","2162363818","0.675433"
"2162363818","2037589876","0.675433"
"2037589876","2110313295","0.383766"
"2110313295","2037589876","0.383766"
"2037589876","2129262727","0.508766"
"2129262727","2037589876","0.508766"
"2037589876","2144182322","0.309524"
"2144182322","2037589876","0.309524"
"1488725643","1910675754","0.275"
"1910675754","1488725643","0.275"
"1910675754","2030852377","0.541667"
"2030852377","1910675754","0.541667"
"1910675754","2037589876","0.375"
"2037589876","1910675754","0.375"
"1910675754","2087102461","0.275"
"2087102461","1910675754","0.275"
"1910675754","2120695302","0.658333"
"2120695302","1910675754","0.658333"
"1910675754","2129262727","0.275"
"2129262727","1910675754","0.275"
"1910675754","2133685729","0.275"
"2133685729","1910675754","0.275"
"1910675754","2162363818","0.275"
"2162363818","1910675754","0.275"
"2037589876","2120695302","0.6921"
"2120695302","2037589876","0.6921"
"2037589876","2098503353","0.483766"
"2098503353","2037589876","0.483766"
"1488725643","2119530634","0.5"
"2119530634","1488725643","0.5"
"2119530634","2133685729","0.5"
"2133685729","2119530634","0.5"
"1488725643","2139898208","0.261111"
"2139898208","1488725643","0.261111"
"1537441574","2139898208","0.670635"
"2139898208","1537441574","0.670635"
"2087102461","2139898208","0.261111"
"2139898208","2087102461","0.261111"
"2098503353","2139898208","2.0373"
"2139898208","2098503353","2.0373"
"2120695302","2139898208","1.0373"
"2139898208","2120695302","1.0373"
"2129262727","2139898208","0.677778"
"2139898208","2129262727","0.677778"
"2133685729","2139898208","0.261111"
"2139898208","2133685729","0.261111"
"2139898208","2144182322","0.894444"
"2144182322","2139898208","0.894444"
"2139898208","2162363818","0.427778"
"2162363818","2139898208","0.427778"
"1537441574","1910675754","0.25"
"1910675754","1537441574","0.25"
"1732834088","1910675754","0.25"
"1910675754","1732834088","0.25"
"1732834088","2139898208","0.392857"
"2139898208","1732834088","0.392857"
"1910675754","2098503353","0.616667"
"2098503353","1910675754","0.616667"
"1910675754","2110313295","0.15"
"2110313295","1910675754","0.15"
"1910675754","2139898208","3.61667"
"2139898208","1910675754","3.61667"
"2030852377","2139898208","0.97619"
"2139898208","2030852377","0.97619"
"2037589876","2139898208","0.392857"
"2139898208","2037589876","0.392857"
"2110313295","2139898208","0.15"
"2139898208","2110313295","0.15"
"1818301358","1910675754","0.533333"
"1910675754","1818301358","0.533333"
"1818301358","2037589876","0.47619"
"2037589876","1818301358","0.47619"
"1818301358","2139898208","0.67619"
"2139898208","1818301358","0.67619"
"1910675754","2144182322","0.533333"
"2144182322","1910675754","0.533333"
"1537441574","2130287281","0.166667"
"2130287281","1537441574","0.166667"
"2030852377","2130287281","0.166667"
"2130287281","2030852377","0.166667"
"2098503353","2130287281","0.166667"
"2130287281","2098503353","0.166667"
"2129262727","2130287281","0.166667"
"2130287281","2129262727","0.166667"
"2130287281","2139898208","0.166667"
"2139898208","2130287281","0.166667"
"2130287281","2162363818","0.166667"
"2162363818","2130287281","0.166667"
"1537441574","2135650453","0.1"
"2135650453","1537441574","0.1"
"1732834088","2135650453","0.1"
"2135650453","1732834088","0.1"
"1818301358","2135650453","0.433333"
"2135650453","1818301358","0.433333"
"1910675754","2135650453","0.1"
"2135650453","1910675754","0.1"
"2030852377","2135650453","0.1"
"2135650453","2030852377","0.1"
"2037589876","2135650453","0.1"
"2135650453","2037589876","0.1"
"2098503353","2135650453","0.433333"
"2135650453","2098503353","0.433333"
"2120695302","2135650453","0.433333"
"2135650453","2120695302","0.433333"
"2135650453","2139898208","2.1"
"2139898208","2135650453","2.1"
"2135650453","2144182322","0.1"
"2144182322","2135650453","0.1"
"1620674178","1945261405","2.16667"
"1945261405","1620674178","2.16667"
"1620674178","2161288176","0.666667"
"2161288176","1620674178","0.666667"
"1620674178","2163742024","0.666667"
"2163742024","1620674178","0.666667"
"1945261405","2161288176","1.91667"
"2161288176","1945261405","1.91667"
"1945261405","2163742024","1.91667"
"2163742024","1945261405","1.91667"
"2161288176","2163742024","7.25"
"2163742024","2161288176","7.25"
"1620674178","2126498907","1"
"2126498907","1620674178","1"
"1620674178","2102276911","0.5"
"2102276911","1620674178","0.5"
"1945261405","2102276911","2.25"
"2102276911","1945261405","2.25"
"1732834088","2106092133","0.5"
"2106092133","1732834088","0.5"
"1732834088","2119530634","0.5"
"2119530634","1732834088","0.5"
"2106092133","2119530634","0.5"
"2119530634","2106092133","0.5"
"1945261405","2126498907","1.25"
"2126498907","1945261405","1.25"
"2126498907","2161288176","2.08333"
"2161288176","2126498907","2.08333"
"2126498907","2163742024","3.08333"
"2163742024","2126498907","3.08333"
"2102276911","2126498907","0.583333"
"2126498907","2102276911","0.583333"
"2102276911","2161288176","0.583333"
"2161288176","2102276911","0.583333"
"2102276911","2163742024","0.583333"
"2163742024","2102276911","0.583333"
"1945261405","2135650453","0.5"
"2135650453","1945261405","0.5"
"2102276911","2135650453","0.5"
"2135650453","2102276911","0.5"
"2161288176","2205264635","0.5"
"2205264635","2161288176","0.5"
"2163742024","2205264635","0.5"
"2205264635","2163742024","0.5"
