"11453436","2013700847","2.43452"
"2013700847","11453436","2.43452"
"11453436","2145813135","0.833333"
"2145813135","11453436","0.833333"
"2013700847","2145813135","0.5"
"2145813135","2013700847","0.5"
"11453436","1980251751","1.11905"
"1980251751","11453436","1.11905"
"11453436","1983807865","0.666667"
"1983807865","11453436","0.666667"
"11453436","1997091008","0.809524"
"1997091008","11453436","0.809524"
"1980251751","1983807865","0.333333"
"1983807865","1980251751","0.333333"
"1980251751","1997091008","1.27183"
"1997091008","1980251751","1.27183"
"1983807865","1997091008","0.333333"
"1997091008","1983807865","0.333333"
"11453436","2756989338","3.33333"
"2756989338","11453436","3.33333"
"11453436","1839118838","0.125"
"1839118838","11453436","0.125"
"11453436","2005569040","0.267857"
"2005569040","11453436","0.267857"
"11453436","2085421499","0.125"
"2085421499","11453436","0.125"
"11453436","2085996072","0.410714"
"2085996072","11453436","0.410714"
"11453436","2600688832","0.125"
"2600688832","11453436","0.125"
"11453436","2795266985","0.125"
"2795266985","11453436","0.125"
"11453436","2955226868","0.125"
"2955226868","11453436","0.125"
"1839118838","2005569040","1.4954"
"2005569040","1839118838","1.4954"
"1839118838","2013700847","0.168478"
"2013700847","1839118838","0.168478"
"1839118838","2085421499","0.388258"
"2085421499","1839118838","0.388258"
"1839118838","2085996072","0.451923"
"2085996072","1839118838","0.451923"
"1839118838","2600688832","0.125"
"2600688832","1839118838","0.125"
"1839118838","2795266985","0.245401"
"2795266985","1839118838","0.245401"
"1839118838","2955226868","0.168478"
"2955226868","1839118838","0.168478"
"2005569040","2013700847","0.454193"
"2013700847","2005569040","0.454193"
"2005569040","2085421499","0.745401"
"2085421499","2005569040","0.745401"
"2005569040","2085996072","2.72097"
"2085996072","2005569040","2.72097"
"2005569040","2600688832","0.125"
"2600688832","2005569040","0.125"
"2005569040","2795266985","4.54778"
"2795266985","2005569040","4.54778"
"2005569040","2955226868","0.644669"
"2955226868","2005569040","0.644669"
"2013700847","2085421499","0.168478"
"2085421499","2013700847","0.168478"
"2013700847","2085996072","1.26786"
"2085996072","2013700847","1.26786"
"2013700847","2600688832","0.125"
"2600688832","2013700847","0.125"
"2013700847","2795266985","0.311335"
"2795266985","2013700847","0.311335"
"2013700847","2955226868","0.311335"
"2955226868","2013700847","0.311335"
"2085421499","2085996072","1.45192"
"2085996072","2085421499","1.45192"
"2085421499","2600688832","0.125"
"2600688832","2085421499","0.125"
"2085421499","2795266985","0.495401"
"2795266985","2085421499","0.495401"
"2085421499","2955226868","0.168478"
"2955226868","2085421499","0.168478"
"2085996072","2600688832","0.125"
"2600688832","2085996072","0.125"
"2085996072","2795266985","1.07811"
"2795266985","2085996072","1.07811"
"2085996072","2955226868","0.208333"
"2955226868","2085996072","0.208333"
"2600688832","2795266985","0.125"
"2795266985","2600688832","0.125"
"2600688832","2955226868","0.125"
"2955226868","2600688832","0.125"
"2795266985","2955226868","0.894669"
"2955226868","2795266985","0.894669"
"11453436","151476557","0.47619"
"151476557","11453436","0.47619"
"11453436","1994603746","0.642857"
"1994603746","11453436","0.642857"
"11453436","2047828528","0.309524"
"2047828528","11453436","0.309524"
"11453436","2126597018","0.142857"
"2126597018","11453436","0.142857"
"11453436","2157960915","0.309524"
"2157960915","11453436","0.309524"
"11453436","2296164881","0.47619"
"2296164881","11453436","0.47619"
"151476557","1980251751","2.18435"
"1980251751","151476557","2.18435"
"151476557","1994603746","0.521825"
"1994603746","151476557","0.521825"
"151476557","2047828528","0.267857"
"2047828528","151476557","0.267857"
"151476557","2126597018","0.142857"
"2126597018","151476557","0.142857"
"151476557","2157960915","1.43135"
"2157960915","151476557","1.43135"
"151476557","2296164881","2.21468"
"2296164881","151476557","2.21468"
"1980251751","1994603746","2.18849"
"1994603746","1980251751","2.18849"
"1980251751","2047828528","0.267857"
"2047828528","1980251751","0.267857"
"1980251751","2126597018","0.142857"
"2126597018","1980251751","0.142857"
"1980251751","2157960915","2.91468"
"2157960915","1980251751","2.91468"
"1980251751","2296164881","3.39087"
"2296164881","1980251751","3.39087"
"1994603746","2047828528","0.434524"
"2047828528","1994603746","0.434524"
"1994603746","2126597018","0.142857"
"2126597018","1994603746","0.142857"
"1994603746","2157960915","1.52183"
"2157960915","1994603746","1.52183"
"1994603746","2296164881","1.68849"
"2296164881","1994603746","1.68849"
"2047828528","2126597018","0.142857"
"2126597018","2047828528","0.142857"
"2047828528","2157960915","0.434524"
"2157960915","2047828528","0.434524"
"2047828528","2296164881","0.60119"
"2296164881","2047828528","0.60119"
"2126597018","2157960915","0.142857"
"2157960915","2126597018","0.142857"
"2126597018","2296164881","0.142857"
"2296164881","2126597018","0.142857"
"2157960915","2296164881","6.51468"
"2296164881","2157960915","6.51468"
"11453436","1997784518","1.14286"
"1997784518","11453436","1.14286"
"11453436","2030979424","0.424242"
"2030979424","11453436","0.424242"
"11453436","2970998487","0.424242"
"2970998487","11453436","0.424242"
"2030979424","2145813135","0.333333"
"2145813135","2030979424","0.333333"
"2030979424","2970998487","1.42424"
"2970998487","2030979424","1.42424"
"2145813135","2970998487","0.333333"
"2970998487","2145813135","0.333333"
"11453436","1977289808","0.0909091"
"1977289808","11453436","0.0909091"
"11453436","1993186225","0.0909091"
"1993186225","11453436","0.0909091"
"11453436","2015792225","0.0909091"
"2015792225","11453436","0.0909091"
"11453436","2040515813","0.257576"
"2040515813","11453436","0.257576"
"11453436","2062213563","0.0909091"
"2062213563","11453436","0.0909091"
"11453436","2103660088","0.400433"
"2103660088","11453436","0.400433"
"11453436","2122399740","0.257576"
"2122399740","11453436","0.257576"
"11453436","2127626360","0.257576"
"2127626360","11453436","0.257576"
"11453436","2290629081","0.233766"
"2290629081","11453436","0.233766"
"1977289808","1993186225","0.0909091"
"1993186225","1977289808","0.0909091"
"1977289808","2015792225","1.23377"
"2015792225","1977289808","1.23377"
"1977289808","2030979424","0.0909091"
"2030979424","1977289808","0.0909091"
"1977289808","2040515813","0.0909091"
"2040515813","1977289808","0.0909091"
"1977289808","2062213563","0.0909091"
"2062213563","1977289808","0.0909091"
"1977289808","2103660088","0.8171"
"2103660088","1977289808","0.8171"
"1977289808","2122399740","0.233766"
"2122399740","1977289808","0.233766"
"1977289808","2127626360","0.233766"
"2127626360","1977289808","0.233766"
"1977289808","2290629081","0.340909"
"2290629081","1977289808","0.340909"
"1977289808","2970998487","0.924242"
"2970998487","1977289808","0.924242"
"1993186225","2015792225","0.0909091"
"2015792225","1993186225","0.0909091"
"1993186225","2030979424","0.0909091"
"2030979424","1993186225","0.0909091"
"1993186225","2040515813","0.0909091"
"2040515813","1993186225","0.0909091"
"1993186225","2062213563","0.0909091"
"2062213563","1993186225","0.0909091"
"1993186225","2103660088","0.0909091"
"2103660088","1993186225","0.0909091"
"1993186225","2122399740","0.0909091"
"2122399740","1993186225","0.0909091"
"1993186225","2127626360","0.0909091"
"2127626360","1993186225","0.0909091"
"1993186225","2290629081","0.0909091"
"2290629081","1993186225","0.0909091"
"1993186225","2970998487","0.0909091"
"2970998487","1993186225","0.0909091"
"2015792225","2030979424","0.0909091"
"2030979424","2015792225","0.0909091"
"2015792225","2040515813","0.0909091"
"2040515813","2015792225","0.0909091"
"2015792225","2062213563","0.0909091"
"2062213563","2015792225","0.0909091"
"2015792225","2103660088","2.05043"
"2103660088","2015792225","2.05043"
"2015792225","2122399740","0.300433"
"2122399740","2015792225","0.300433"
"2015792225","2127626360","0.300433"
"2127626360","2015792225","0.300433"
"2015792225","2290629081","0.0909091"
"2290629081","2015792225","0.0909091"
"2015792225","2970998487","0.840909"
"2970998487","2015792225","0.840909"
"2030979424","2040515813","0.0909091"
"2040515813","2030979424","0.0909091"
"2030979424","2062213563","1.09091"
"2062213563","2030979424","1.09091"
"2030979424","2103660088","0.0909091"
"2103660088","2030979424","0.0909091"
"2030979424","2122399740","0.0909091"
"2122399740","2030979424","0.0909091"
"2030979424","2127626360","0.0909091"
"2127626360","2030979424","0.0909091"
"2030979424","2290629081","0.0909091"
"2290629081","2030979424","0.0909091"
"2040515813","2062213563","0.0909091"
"2062213563","2040515813","0.0909091"
"2040515813","2103660088","0.257576"
"2103660088","2040515813","0.257576"
"2040515813","2122399740","0.257576"
"2122399740","2040515813","0.257576"
"2040515813","2127626360","0.257576"
"2127626360","2040515813","0.257576"
"2040515813","2290629081","0.0909091"
"2290629081","2040515813","0.0909091"
"2040515813","2970998487","0.0909091"
"2970998487","2040515813","0.0909091"
"2062213563","2103660088","0.0909091"
"2103660088","2062213563","0.0909091"
"2062213563","2122399740","0.0909091"
"2122399740","2062213563","0.0909091"
"2062213563","2127626360","0.0909091"
"2127626360","2062213563","0.0909091"
"2062213563","2290629081","0.0909091"
"2290629081","2062213563","0.0909091"
"2062213563","2970998487","0.0909091"
"2970998487","2062213563","0.0909091"
"2103660088","2122399740","0.800433"
"2122399740","2103660088","0.800433"
"2103660088","2127626360","3.80043"
"2127626360","2103660088","3.80043"
"2103660088","2290629081","0.483766"
"2290629081","2103660088","0.483766"
"2103660088","2970998487","0.674242"
"2970998487","2103660088","0.674242"
"2122399740","2127626360","10.5504"
"2127626360","2122399740","10.5504"
"2122399740","2290629081","0.0909091"
"2290629081","2122399740","0.0909091"
"2122399740","2970998487","0.0909091"
"2970998487","2122399740","0.0909091"
"2127626360","2290629081","0.0909091"
"2290629081","2127626360","0.0909091"
"2127626360","2970998487","0.0909091"
"2970998487","2127626360","0.0909091"
"2290629081","2970998487","0.483766"
"2970998487","2290629081","0.483766"
"151476557","1997091008","0.753968"
"1997091008","151476557","0.753968"
"151476557","2013700847","1.478"
"2013700847","151476557","1.478"
"1980251751","2013700847","1.31134"
"2013700847","1980251751","1.31134"
"1997091008","2013700847","1.5"
"2013700847","1997091008","1.5"
"1997091008","2157960915","1.3373"
"2157960915","1997091008","1.3373"
"1997091008","2296164881","0.920635"
"2296164881","1997091008","0.920635"
"2013700847","2157960915","0.60119"
"2157960915","2013700847","0.60119"
"2013700847","2296164881","0.767857"
"2296164881","2013700847","0.767857"
"11453436","2094542151","1"
"2094542151","11453436","1"
"11453436","2102936662","0.142857"
"2102936662","11453436","0.142857"
"11453436","2166086478","0.142857"
"2166086478","11453436","0.142857"
"11453436","2395560004","0.142857"
"2395560004","11453436","0.142857"
"1997784518","2005569040","1.98571"
"2005569040","1997784518","1.98571"
"1997784518","2013700847","0.142857"
"2013700847","1997784518","0.142857"
"1997784518","2085996072","0.285714"
"2085996072","1997784518","0.285714"
"1997784518","2102936662","1.28571"
"2102936662","1997784518","1.28571"
"1997784518","2166086478","0.619048"
"2166086478","1997784518","0.619048"
"1997784518","2395560004","2.64286"
"2395560004","1997784518","2.64286"
"2005569040","2102936662","1.76905"
"2102936662","2005569040","1.76905"
"2005569040","2166086478","0.619048"
"2166086478","2005569040","0.619048"
"2005569040","2395560004","2.22619"
"2395560004","2005569040","2.22619"
"2013700847","2102936662","0.142857"
"2102936662","2013700847","0.142857"
"2013700847","2166086478","0.142857"
"2166086478","2013700847","0.142857"
"2013700847","2395560004","0.142857"
"2395560004","2013700847","0.142857"
"2085996072","2102936662","0.935714"
"2102936662","2085996072","0.935714"
"2085996072","2166086478","0.285714"
"2166086478","2085996072","0.285714"
"2085996072","2395560004","0.22619"
"2395560004","2085996072","0.22619"
"2102936662","2166086478","1.61905"
"2166086478","2102936662","1.61905"
"2102936662","2395560004","0.22619"
"2395560004","2102936662","0.22619"
"2166086478","2395560004","0.142857"
"2395560004","2166086478","0.142857"
"11453436","1991389134","0.166667"
"1991389134","11453436","0.166667"
"151476557","1991389134","0.166667"
"1991389134","151476557","0.166667"
"151476557","2040515813","0.277778"
"2040515813","151476557","0.277778"
"151476557","2103660088","2.12619"
"2103660088","151476557","2.12619"
"151476557","2122399740","0.62619"
"2122399740","151476557","0.62619"
"151476557","2127626360","0.62619"
"2127626360","151476557","0.62619"
"1991389134","2040515813","0.166667"
"2040515813","1991389134","0.166667"
"1991389134","2103660088","0.166667"
"2103660088","1991389134","0.166667"
"1991389134","2122399740","0.166667"
"2122399740","1991389134","0.166667"
"1991389134","2127626360","0.166667"
"2127626360","1991389134","0.166667"
"11453436","2071604149","0.142857"
"2071604149","11453436","0.142857"
"11453436","2122987719","0.142857"
"2122987719","11453436","0.142857"
"1980251751","2071604149","2.29149"
"2071604149","1980251751","2.29149"
"1980251751","2085996072","0.142857"
"2085996072","1980251751","0.142857"
"1980251751","2103660088","0.285714"
"2103660088","1980251751","0.285714"
"1980251751","2122987719","1.32919"
"2122987719","1980251751","1.32919"
"1980251751","2290629081","0.142857"
"2290629081","1980251751","0.142857"
"1997091008","2071604149","1.14683"
"2071604149","1997091008","1.14683"
"1997091008","2085996072","0.142857"
"2085996072","1997091008","0.142857"
"1997091008","2103660088","0.142857"
"2103660088","1997091008","0.142857"
"1997091008","2122987719","0.309524"
"2122987719","1997091008","0.309524"
"1997091008","2290629081","0.142857"
"2290629081","1997091008","0.142857"
"2071604149","2085996072","0.142857"
"2085996072","2071604149","0.142857"
"2071604149","2103660088","0.142857"
"2103660088","2071604149","0.142857"
"2071604149","2122987719","0.186335"
"2122987719","2071604149","0.186335"
"2071604149","2290629081","0.142857"
"2290629081","2071604149","0.142857"
"2085996072","2103660088","1.24286"
"2103660088","2085996072","1.24286"
"2085996072","2122987719","0.636447"
"2122987719","2085996072","0.636447"
"2085996072","2290629081","0.392857"
"2290629081","2085996072","0.392857"
"2103660088","2122987719","0.22619"
"2122987719","2103660088","0.22619"
"2122987719","2290629081","0.142857"
"2290629081","2122987719","0.142857"
"11453436","1989534721","0.333333"
"1989534721","11453436","0.333333"
"1983807865","1989534721","0.333333"
"1989534721","1983807865","0.333333"
"1983807865","2756989338","0.333333"
"2756989338","1983807865","0.333333"
"1989534721","2756989338","0.333333"
"2756989338","1989534721","0.333333"
"1994603746","2013700847","0.625"
"2013700847","1994603746","0.625"
"11453436","1898623755","0.166667"
"1898623755","11453436","0.166667"
"1898623755","1994603746","0.166667"
"1994603746","1898623755","0.166667"
"1898623755","1997091008","0.166667"
"1997091008","1898623755","0.166667"
"1898623755","2013700847","0.353002"
"2013700847","1898623755","0.353002"
"1898623755","2047828528","0.166667"
"2047828528","1898623755","0.166667"
"1898623755","2296164881","1.72619"
"2296164881","1898623755","1.72619"
"1994603746","1997091008","0.587302"
"1997091008","1994603746","0.587302"
"1997091008","2047828528","0.333333"
"2047828528","1997091008","0.333333"
"2013700847","2047828528","0.458333"
"2047828528","2013700847","0.458333"
"1487731568","1980251751","0.293478"
"1980251751","1487731568","0.293478"
"1487731568","2015792225","0.566667"
"2015792225","1487731568","0.566667"
"1487731568","2157960915","0.316667"
"2157960915","1487731568","0.316667"
"1487731568","2760730809","0.25"
"2760730809","1487731568","0.25"
"1980251751","2015792225","0.392857"
"2015792225","1980251751","0.392857"
"1980251751","2760730809","0.25"
"2760730809","1980251751","0.25"
"2015792225","2157960915","0.316667"
"2157960915","2015792225","0.316667"
"2015792225","2760730809","0.45"
"2760730809","2015792225","0.45"
"2157960915","2760730809","0.25"
"2760730809","2157960915","0.25"
"1487731568","2127626360","1.56667"
"2127626360","1487731568","1.56667"
"1487731568","2103660088","0.316667"
"2103660088","1487731568","0.316667"
"1487731568","2142809450","1.20373"
"2142809450","1487731568","1.20373"
"1487731568","2970998487","0.293478"
"2970998487","1487731568","0.293478"
"2015792225","2142809450","0.25"
"2142809450","2015792225","0.25"
"2103660088","2142809450","4.08333"
"2142809450","2103660088","4.08333"
"2142809450","2970998487","0.418478"
"2970998487","2142809450","0.418478"
"1487731568","2108155297","1.18707"
"2108155297","1487731568","1.18707"
"1487731568","2122399740","0.566667"
"2122399740","1487731568","0.566667"
"1487731568","1973223562","0.953735"
"1973223562","1487731568","0.953735"
"1973223562","2142809450","7.1204"
"2142809450","1973223562","7.1204"
"1487731568","151476557","0.443478"
"151476557","1487731568","0.443478"
"1487731568","1839118838","1.1204"
"1839118838","1487731568","1.1204"
"1487731568","1898623755","0.187068"
"1898623755","1487731568","0.187068"
"1487731568","1992978257","0.110145"
"1992978257","1487731568","0.110145"
"1487731568","2005569040","0.187068"
"2005569040","1487731568","0.187068"
"1487731568","2013700847","0.0434783"
"2013700847","1487731568","0.0434783"
"1487731568","2047480079","0.0434783"
"2047480079","1487731568","0.0434783"
"1487731568","2071604149","0.0434783"
"2071604149","1487731568","0.0434783"
"1487731568","2085421499","0.120401"
"2085421499","1487731568","0.120401"
"1487731568","2095983867","0.0434783"
"2095983867","1487731568","0.0434783"
"1487731568","2103699027","0.120401"
"2103699027","1487731568","0.120401"
"1487731568","2106857811","0.110145"
"2106857811","1487731568","0.110145"
"1487731568","2122987719","0.120401"
"2122987719","1487731568","0.120401"
"1487731568","2137966454","0.0434783"
"2137966454","1487731568","0.0434783"
"1487731568","2160608820","0.0434783"
"2160608820","1487731568","0.0434783"
"1487731568","2172101296","0.120401"
"2172101296","1487731568","0.120401"
"1487731568","2795266985","0.187068"
"2795266985","1487731568","0.187068"
"1487731568","2955226868","0.0434783"
"2955226868","1487731568","0.0434783"
"151476557","1839118838","0.0434783"
"1839118838","151476557","0.0434783"
"151476557","1898623755","0.760145"
"1898623755","151476557","0.760145"
"151476557","1973223562","0.376812"
"1973223562","151476557","0.376812"
"151476557","1992978257","0.110145"
"1992978257","151476557","0.110145"
"151476557","2005569040","0.110145"
"2005569040","151476557","0.110145"
"151476557","2047480079","4.29864"
"2047480079","151476557","4.29864"
"151476557","2071604149","1.63197"
"2071604149","151476557","1.63197"
"151476557","2085421499","0.0434783"
"2085421499","151476557","0.0434783"
"151476557","2095983867","0.0434783"
"2095983867","151476557","0.0434783"
"151476557","2103699027","0.0434783"
"2103699027","151476557","0.0434783"
"151476557","2106857811","0.110145"
"2106857811","151476557","0.110145"
"151476557","2108155297","0.253002"
"2108155297","151476557","0.253002"
"151476557","2122987719","0.0434783"
"2122987719","151476557","0.0434783"
"151476557","2137966454","0.0434783"
"2137966454","151476557","0.0434783"
"151476557","2142809450","0.710145"
"2142809450","151476557","0.710145"
"151476557","2160608820","2.07126"
"2160608820","151476557","2.07126"
"151476557","2172101296","0.0434783"
"2172101296","151476557","0.0434783"
"151476557","2795266985","0.110145"
"2795266985","151476557","0.110145"
"151476557","2955226868","0.0434783"
"2955226868","151476557","0.0434783"
"151476557","2970998487","0.386335"
"2970998487","151476557","0.386335"
"1839118838","1898623755","0.263258"
"1898623755","1839118838","0.263258"
"1839118838","1973223562","0.453735"
"1973223562","1839118838","0.453735"
"1839118838","1980251751","0.186335"
"1980251751","1839118838","0.186335"
"1839118838","1992978257","0.0434783"
"1992978257","1839118838","0.0434783"
"1839118838","2047480079","0.0434783"
"2047480079","1839118838","0.0434783"
"1839118838","2071604149","0.0434783"
"2071604149","1839118838","0.0434783"
"1839118838","2095983867","0.0434783"
"2095983867","1839118838","0.0434783"
"1839118838","2103699027","0.120401"
"2103699027","1839118838","0.120401"
"1839118838","2106857811","0.186335"
"2106857811","1839118838","0.186335"
"1839118838","2108155297","0.120401"
"2108155297","1839118838","0.120401"
"1839118838","2122987719","0.263258"
"2122987719","1839118838","0.263258"
"1839118838","2137966454","0.436335"
"2137966454","1839118838","0.436335"
"1839118838","2142809450","0.453735"
"2142809450","1839118838","0.453735"
"1839118838","2160608820","0.0434783"
"2160608820","1839118838","0.0434783"
"1839118838","2172101296","0.453735"
"2172101296","1839118838","0.453735"
"1839118838","2970998487","0.0434783"
"2970998487","1839118838","0.0434783"
"1898623755","1973223562","0.120401"
"1973223562","1898623755","0.120401"
"1898623755","1980251751","0.186335"
"1980251751","1898623755","0.186335"
"1898623755","1992978257","0.960145"
"1992978257","1898623755","0.960145"
"1898623755","2005569040","1.36326"
"2005569040","1898623755","1.36326"
"1898623755","2047480079","1.19348"
"2047480079","1898623755","1.19348"
"1898623755","2071604149","0.443478"
"2071604149","1898623755","0.443478"
"1898623755","2085421499","0.263258"
"2085421499","1898623755","0.263258"
"1898623755","2095983867","0.293478"
"2095983867","1898623755","0.293478"
"1898623755","2103699027","0.406116"
"2103699027","1898623755","0.406116"
"1898623755","2106857811","0.903002"
"2106857811","1898623755","0.903002"
"1898623755","2108155297","0.387068"
"2108155297","1898623755","0.387068"
"1898623755","2122987719","0.796592"
"2122987719","1898623755","0.796592"
"1898623755","2137966454","0.186335"
"2137966454","1898623755","0.186335"
"1898623755","2142809450","0.120401"
"2142809450","1898623755","0.120401"
"1898623755","2160608820","0.293478"
"2160608820","1898623755","0.293478"
"1898623755","2172101296","0.120401"
"2172101296","1898623755","0.120401"
"1898623755","2795266985","1.00612"
"2795266985","1898623755","1.00612"
"1898623755","2955226868","0.186335"
"2955226868","1898623755","0.186335"
"1898623755","2970998487","0.386335"
"2970998487","1898623755","0.386335"
"1973223562","1980251751","0.0434783"
"1980251751","1973223562","0.0434783"
"1973223562","1992978257","0.0434783"
"1992978257","1973223562","0.0434783"
"1973223562","2005569040","0.120401"
"2005569040","1973223562","0.120401"
"1973223562","2013700847","0.0434783"
"2013700847","1973223562","0.0434783"
"1973223562","2047480079","0.0434783"
"2047480079","1973223562","0.0434783"
"1973223562","2071604149","0.0434783"
"2071604149","1973223562","0.0434783"
"1973223562","2085421499","0.120401"
"2085421499","1973223562","0.120401"
"1973223562","2095983867","0.0434783"
"2095983867","1973223562","0.0434783"
"1973223562","2103699027","0.120401"
"2103699027","1973223562","0.120401"
"1973223562","2106857811","0.0434783"
"2106857811","1973223562","0.0434783"
"1973223562","2108155297","0.120401"
"2108155297","1973223562","0.120401"
"1973223562","2122987719","0.120401"
"2122987719","1973223562","0.120401"
"1973223562","2137966454","0.0434783"
"2137966454","1973223562","0.0434783"
"1973223562","2160608820","0.0434783"
"2160608820","1973223562","0.0434783"
"1973223562","2172101296","4.28707"
"2172101296","1973223562","4.28707"
"1973223562","2795266985","0.120401"
"2795266985","1973223562","0.120401"
"1973223562","2955226868","0.0434783"
"2955226868","1973223562","0.0434783"
"1973223562","2970998487","0.0434783"
"2970998487","1973223562","0.0434783"
"1980251751","1992978257","0.751812"
"1992978257","1980251751","0.751812"
"1980251751","2005569040","1.50181"
"2005569040","1980251751","1.50181"
"1980251751","2047480079","1.4403"
"2047480079","1980251751","1.4403"
"1980251751","2085421499","0.186335"
"2085421499","1980251751","0.186335"
"1980251751","2095983867","0.168478"
"2095983867","1980251751","0.168478"
"1980251751","2103699027","0.0434783"
"2103699027","1980251751","0.0434783"
"1980251751","2106857811","0.894669"
"2106857811","1980251751","0.894669"
"1980251751","2108155297","0.186335"
"2108155297","1980251751","0.186335"
"1980251751","2137966454","0.186335"
"2137966454","1980251751","0.186335"
"1980251751","2142809450","1.00181"
"2142809450","1980251751","1.00181"
"1980251751","2160608820","0.987923"
"2160608820","1980251751","0.987923"
"1980251751","2172101296","0.0434783"
"2172101296","1980251751","0.0434783"
"1980251751","2795266985","0.0434783"
"2795266985","1980251751","0.0434783"
"1980251751","2955226868","0.0434783"
"2955226868","1980251751","0.0434783"
"1980251751","2970998487","0.311335"
"2970998487","1980251751","0.311335"
"1992978257","2005569040","2.01848"
"2005569040","1992978257","2.01848"
"1992978257","2013700847","0.0434783"
"2013700847","1992978257","0.0434783"
"1992978257","2047480079","0.168478"
"2047480079","1992978257","0.168478"
"1992978257","2071604149","0.0434783"
"2071604149","1992978257","0.0434783"
"1992978257","2085421499","0.293478"
"2085421499","1992978257","0.293478"
"1992978257","2095983867","1.25181"
"2095983867","1992978257","1.25181"
"1992978257","2103699027","0.293478"
"2103699027","1992978257","0.293478"
"1992978257","2106857811","3.21848"
"2106857811","1992978257","3.21848"
"1992978257","2108155297","0.310145"
"2108155297","1992978257","0.310145"
"1992978257","2122987719","0.243478"
"2122987719","1992978257","0.243478"
"1992978257","2137966454","0.0434783"
"2137966454","1992978257","0.0434783"
"1992978257","2142809450","0.168478"
"2142809450","1992978257","0.168478"
"1992978257","2160608820","0.0434783"
"2160608820","1992978257","0.0434783"
"1992978257","2172101296","0.0434783"
"2172101296","1992978257","0.0434783"
"1992978257","2795266985","0.310145"
"2795266985","1992978257","0.310145"
"1992978257","2955226868","0.0434783"
"2955226868","1992978257","0.0434783"
"1992978257","2970998487","0.168478"
"2970998487","1992978257","0.168478"
"2005569040","2047480079","0.168478"
"2047480079","2005569040","0.168478"
"2005569040","2071604149","0.0434783"
"2071604149","2005569040","0.0434783"
"2005569040","2095983867","0.644669"
"2095983867","2005569040","0.644669"
"2005569040","2103699027","2.76326"
"2103699027","2005569040","2.76326"
"2005569040","2106857811","1.81848"
"2106857811","2005569040","1.81848"
"2005569040","2108155297","0.270401"
"2108155297","2005569040","0.270401"
"2005569040","2122987719","1.8704"
"2122987719","2005569040","1.8704"
"2005569040","2137966454","0.293478"
"2137966454","2005569040","0.293478"
"2005569040","2142809450","0.578735"
"2142809450","2005569040","0.578735"
"2005569040","2160608820","0.0434783"
"2160608820","2005569040","0.0434783"
"2005569040","2172101296","0.120401"
"2172101296","2005569040","0.120401"
"2005569040","2970998487","0.418478"
"2970998487","2005569040","0.418478"
"2013700847","2047480079","0.478002"
"2047480079","2013700847","0.478002"
"2013700847","2071604149","0.478002"
"2071604149","2013700847","0.478002"
"2013700847","2095983867","0.0434783"
"2095983867","2013700847","0.0434783"
"2013700847","2103699027","0.186335"
"2103699027","2013700847","0.186335"
"2013700847","2106857811","0.0434783"
"2106857811","2013700847","0.0434783"
"2013700847","2108155297","0.0434783"
"2108155297","2013700847","0.0434783"
"2013700847","2122987719","0.0434783"
"2122987719","2013700847","0.0434783"
"2013700847","2137966454","0.0434783"
"2137966454","2013700847","0.0434783"
"2013700847","2142809450","0.0434783"
"2142809450","2013700847","0.0434783"
"2013700847","2160608820","0.543478"
"2160608820","2013700847","0.543478"
"2013700847","2172101296","0.0434783"
"2172101296","2013700847","0.0434783"
"2013700847","2970998487","0.519669"
"2970998487","2013700847","0.519669"
"2047480079","2071604149","1.38197"
"2071604149","2047480079","1.38197"
"2047480079","2085421499","0.0434783"
"2085421499","2047480079","0.0434783"
"2047480079","2095983867","0.168478"
"2095983867","2047480079","0.168478"
"2047480079","2103699027","0.0434783"
"2103699027","2047480079","0.0434783"
"2047480079","2106857811","0.168478"
"2106857811","2047480079","0.168478"
"2047480079","2108155297","0.0434783"
"2108155297","2047480079","0.0434783"
"2047480079","2122987719","0.0434783"
"2122987719","2047480079","0.0434783"
"2047480079","2137966454","0.0434783"
"2137966454","2047480079","0.0434783"
"2047480079","2142809450","0.168478"
"2142809450","2047480079","0.168478"
"2047480079","2160608820","0.737923"
"2160608820","2047480079","0.737923"
"2047480079","2172101296","0.0434783"
"2172101296","2047480079","0.0434783"
"2047480079","2795266985","0.0434783"
"2795266985","2047480079","0.0434783"
"2047480079","2955226868","0.0434783"
"2955226868","2047480079","0.0434783"
"2047480079","2970998487","0.511335"
"2970998487","2047480079","0.511335"
"2071604149","2085421499","0.0434783"
"2085421499","2071604149","0.0434783"
"2071604149","2095983867","0.0434783"
"2095983867","2071604149","0.0434783"
"2071604149","2103699027","0.0434783"
"2103699027","2071604149","0.0434783"
"2071604149","2106857811","0.0434783"
"2106857811","2071604149","0.0434783"
"2071604149","2108155297","0.0434783"
"2108155297","2071604149","0.0434783"
"2071604149","2137966454","0.0434783"
"2137966454","2071604149","0.0434783"
"2071604149","2142809450","0.0434783"
"2142809450","2071604149","0.0434783"
"2071604149","2160608820","1.48792"
"2160608820","2071604149","1.48792"
"2071604149","2172101296","0.0434783"
"2172101296","2071604149","0.0434783"
"2071604149","2795266985","0.0434783"
"2795266985","2071604149","0.0434783"
"2071604149","2955226868","0.0434783"
"2955226868","2071604149","0.0434783"
"2071604149","2970998487","0.386335"
"2970998487","2071604149","0.386335"
"2085421499","2095983867","0.0434783"
"2095983867","2085421499","0.0434783"
"2085421499","2103699027","0.370401"
"2103699027","2085421499","0.370401"
"2085421499","2106857811","0.436335"
"2106857811","2085421499","0.436335"
"2085421499","2108155297","0.120401"
"2108155297","2085421499","0.120401"
"2085421499","2122987719","0.263258"
"2122987719","2085421499","0.263258"
"2085421499","2137966454","0.186335"
"2137966454","2085421499","0.186335"
"2085421499","2142809450","0.120401"
"2142809450","2085421499","0.120401"
"2085421499","2160608820","0.0434783"
"2160608820","2085421499","0.0434783"
"2085421499","2172101296","0.120401"
"2172101296","2085421499","0.120401"
"2085421499","2970998487","0.0434783"
"2970998487","2085421499","0.0434783"
"2095983867","2103699027","0.0434783"
"2103699027","2095983867","0.0434783"
"2095983867","2106857811","0.418478"
"2106857811","2095983867","0.418478"
"2095983867","2108155297","0.0434783"
"2108155297","2095983867","0.0434783"
"2095983867","2122987719","0.0434783"
"2122987719","2095983867","0.0434783"
"2095983867","2137966454","0.0434783"
"2137966454","2095983867","0.0434783"
"2095983867","2142809450","0.168478"
"2142809450","2095983867","0.168478"
"2095983867","2160608820","0.0434783"
"2160608820","2095983867","0.0434783"
"2095983867","2172101296","0.0434783"
"2172101296","2095983867","0.0434783"
"2095983867","2795266985","0.186335"
"2795266985","2095983867","0.186335"
"2095983867","2955226868","0.0434783"
"2955226868","2095983867","0.0434783"
"2095983867","2970998487","0.168478"
"2970998487","2095983867","0.168478"
"2103699027","2106857811","0.293478"
"2106857811","2103699027","0.293478"
"2103699027","2108155297","0.120401"
"2108155297","2103699027","0.120401"
"2103699027","2122987719","0.453735"
"2122987719","2103699027","0.453735"
"2103699027","2137966454","0.0434783"
"2137966454","2103699027","0.0434783"
"2103699027","2142809450","0.120401"
"2142809450","2103699027","0.120401"
"2103699027","2160608820","0.0434783"
"2160608820","2103699027","0.0434783"
"2103699027","2172101296","0.120401"
"2172101296","2103699027","0.120401"
"2103699027","2795266985","0.406116"
"2795266985","2103699027","0.406116"
"2103699027","2955226868","0.436335"
"2955226868","2103699027","0.436335"
"2103699027","2970998487","0.436335"
"2970998487","2103699027","0.436335"
"2106857811","2108155297","0.310145"
"2108155297","2106857811","0.310145"
"2106857811","2122987719","1.38634"
"2122987719","2106857811","1.38634"
"2106857811","2137966454","0.186335"
"2137966454","2106857811","0.186335"
"2106857811","2142809450","0.168478"
"2142809450","2106857811","0.168478"
"2106857811","2160608820","0.0434783"
"2160608820","2106857811","0.0434783"
"2106857811","2172101296","0.0434783"
"2172101296","2106857811","0.0434783"
"2106857811","2795266985","0.110145"
"2795266985","2106857811","0.110145"
"2106857811","2955226868","0.0434783"
"2955226868","2106857811","0.0434783"
"2106857811","2970998487","0.168478"
"2970998487","2106857811","0.168478"
"2108155297","2122987719","0.453735"
"2122987719","2108155297","0.453735"
"2108155297","2137966454","0.0434783"
"2137966454","2108155297","0.0434783"
"2108155297","2142809450","0.120401"
"2142809450","2108155297","0.120401"
"2108155297","2160608820","0.0434783"
"2160608820","2108155297","0.0434783"
"2108155297","2172101296","0.120401"
"2172101296","2108155297","0.120401"
"2108155297","2795266985","0.270401"
"2795266985","2108155297","0.270401"
"2108155297","2955226868","0.126812"
"2955226868","2108155297","0.126812"
"2108155297","2970998487","0.0434783"
"2970998487","2108155297","0.0434783"
"2122987719","2137966454","0.186335"
"2137966454","2122987719","0.186335"
"2122987719","2142809450","0.120401"
"2142809450","2122987719","0.120401"
"2122987719","2160608820","0.0434783"
"2160608820","2122987719","0.0434783"
"2122987719","2172101296","0.120401"
"2172101296","2122987719","0.120401"
"2122987719","2795266985","0.870401"
"2795266985","2122987719","0.870401"
"2122987719","2955226868","0.126812"
"2955226868","2122987719","0.126812"
"2122987719","2970998487","0.0434783"
"2970998487","2122987719","0.0434783"
"2137966454","2142809450","0.0434783"
"2142809450","2137966454","0.0434783"
"2137966454","2160608820","0.0434783"
"2160608820","2137966454","0.0434783"
"2137966454","2172101296","0.0434783"
"2172101296","2137966454","0.0434783"
"2137966454","2795266985","0.0434783"
"2795266985","2137966454","0.0434783"
"2137966454","2955226868","0.0434783"
"2955226868","2137966454","0.0434783"
"2137966454","2970998487","0.0434783"
"2970998487","2137966454","0.0434783"
"2142809450","2160608820","0.0434783"
"2160608820","2142809450","0.0434783"
"2142809450","2172101296","2.28707"
"2172101296","2142809450","2.28707"
"2142809450","2795266985","0.120401"
"2795266985","2142809450","0.120401"
"2142809450","2955226868","0.0434783"
"2955226868","2142809450","0.0434783"
"2160608820","2172101296","0.0434783"
"2172101296","2160608820","0.0434783"
"2160608820","2795266985","0.0434783"
"2795266985","2160608820","0.0434783"
"2160608820","2955226868","0.0434783"
"2955226868","2160608820","0.0434783"
"2160608820","2970998487","0.0434783"
"2970998487","2160608820","0.0434783"
"2172101296","2795266985","0.120401"
"2795266985","2172101296","0.120401"
"2172101296","2955226868","0.0434783"
"2955226868","2172101296","0.0434783"
"2172101296","2970998487","0.0434783"
"2970998487","2172101296","0.0434783"
"2795266985","2970998487","0.186335"
"2970998487","2795266985","0.186335"
"2955226868","2970998487","1.04348"
"2970998487","2955226868","1.04348"
"1487731568","2085996072","0.14359"
"2085996072","1487731568","0.14359"
"1487731568","2102936662","0.0666667"
"2102936662","1487731568","0.0666667"
"1487731568","2296164881","0.0666667"
"2296164881","1487731568","0.0666667"
"151476557","2015792225","1.20952"
"2015792225","151476557","1.20952"
"151476557","2085996072","0.0666667"
"2085996072","151476557","0.0666667"
"151476557","2102936662","0.0666667"
"2102936662","151476557","0.0666667"
"1898623755","2015792225","0.266667"
"2015792225","1898623755","0.266667"
"1898623755","2085996072","0.34359"
"2085996072","1898623755","0.34359"
"1898623755","2102936662","0.0666667"
"2102936662","1898623755","0.0666667"
"1898623755","2103660088","0.266667"
"2103660088","1898623755","0.266667"
"1898623755","2122399740","0.0666667"
"2122399740","1898623755","0.0666667"
"1898623755","2127626360","0.0666667"
"2127626360","1898623755","0.0666667"
"1898623755","2157960915","0.266667"
"2157960915","1898623755","0.266667"
"1992978257","2015792225","0.266667"
"2015792225","1992978257","0.266667"
"1992978257","2085996072","0.766667"
"2085996072","1992978257","0.766667"
"1992978257","2102936662","0.566667"
"2102936662","1992978257","0.566667"
"1992978257","2103660088","0.266667"
"2103660088","1992978257","0.266667"
"1992978257","2122399740","0.0666667"
"2122399740","1992978257","0.0666667"
"1992978257","2127626360","0.0666667"
"2127626360","1992978257","0.0666667"
"1992978257","2157960915","0.316667"
"2157960915","1992978257","0.316667"
"1992978257","2296164881","0.516667"
"2296164881","1992978257","0.516667"
"2005569040","2015792225","0.0666667"
"2015792225","2005569040","0.0666667"
"2005569040","2103660088","0.4"
"2103660088","2005569040","0.4"
"2005569040","2122399740","0.15"
"2122399740","2005569040","0.15"
"2005569040","2127626360","0.15"
"2127626360","2005569040","0.15"
"2005569040","2157960915","0.209524"
"2157960915","2005569040","0.209524"
"2005569040","2296164881","0.683333"
"2296164881","2005569040","0.683333"
"2015792225","2085996072","0.0666667"
"2085996072","2015792225","0.0666667"
"2015792225","2102936662","0.566667"
"2102936662","2015792225","0.566667"
"2015792225","2106857811","0.266667"
"2106857811","2015792225","0.266667"
"2015792225","2108155297","0.209524"
"2108155297","2015792225","0.209524"
"2015792225","2296164881","0.0666667"
"2296164881","2015792225","0.0666667"
"2015792225","2795266985","0.0666667"
"2795266985","2015792225","0.0666667"
"2085996072","2106857811","0.766667"
"2106857811","2085996072","0.766667"
"2085996072","2108155297","0.426923"
"2108155297","2085996072","0.426923"
"2085996072","2122399740","0.15"
"2122399740","2085996072","0.15"
"2085996072","2127626360","0.15"
"2127626360","2085996072","0.15"
"2085996072","2157960915","0.209524"
"2157960915","2085996072","0.209524"
"2085996072","2296164881","0.15"
"2296164881","2085996072","0.15"
"2102936662","2103660088","0.15"
"2103660088","2102936662","0.15"
"2102936662","2106857811","1.06667"
"2106857811","2102936662","1.06667"
"2102936662","2108155297","0.15"
"2108155297","2102936662","0.15"
"2102936662","2122399740","0.15"
"2122399740","2102936662","0.15"
"2102936662","2127626360","0.15"
"2127626360","2102936662","0.15"
"2102936662","2157960915","0.209524"
"2157960915","2102936662","0.209524"
"2102936662","2296164881","0.15"
"2296164881","2102936662","0.15"
"2102936662","2795266985","0.292857"
"2795266985","2102936662","0.292857"
"2103660088","2106857811","0.266667"
"2106857811","2103660088","0.266667"
"2103660088","2108155297","1.49286"
"2108155297","2103660088","1.49286"
"2103660088","2157960915","0.0666667"
"2157960915","2103660088","0.0666667"
"2103660088","2296164881","0.15"
"2296164881","2103660088","0.15"
"2103660088","2795266985","0.15"
"2795266985","2103660088","0.15"
"2106857811","2122399740","0.0666667"
"2122399740","2106857811","0.0666667"
"2106857811","2127626360","0.0666667"
"2127626360","2106857811","0.0666667"
"2106857811","2157960915","0.316667"
"2157960915","2106857811","0.316667"
"2106857811","2296164881","0.459524"
"2296164881","2106857811","0.459524"
"2108155297","2122399740","0.542857"
"2122399740","2108155297","0.542857"
"2108155297","2127626360","0.542857"
"2127626360","2108155297","0.542857"
"2108155297","2157960915","0.0666667"
"2157960915","2108155297","0.0666667"
"2108155297","2296164881","0.4"
"2296164881","2108155297","0.4"
"2122399740","2157960915","0.0666667"
"2157960915","2122399740","0.0666667"
"2122399740","2296164881","0.4"
"2296164881","2122399740","0.4"
"2122399740","2795266985","0.15"
