"123987416","2009266454","5.53333"
"2009266454","123987416","5.53333"
"123987416","2024920013","1.45"
"2024920013","123987416","1.45"
"123987416","1491385855","1.58333"
"1491385855","123987416","1.58333"
"123987416","2108136658","1.7"
"2108136658","123987416","1.7"
"1491385855","2108136658","0.5"
"2108136658","1491385855","0.5"
"123987416","2087141922","1.45"
"2087141922","123987416","1.45"
"123987416","1681037500","0.683766"
"1681037500","123987416","0.683766"
"123987416","2014442085","0.342857"
"2014442085","123987416","0.342857"
"123987416","2040911247","0.45"
"2040911247","123987416","0.45"
"123987416","2277389365","3.49091"
"2277389365","123987416","3.49091"
"1681037500","2014442085","0.842857"
"2014442085","1681037500","0.842857"
"1681037500","2024920013","0.7"
"2024920013","1681037500","0.7"
"1681037500","2040911247","3.825"
"2040911247","1681037500","3.825"
"1681037500","2277389365","1.04091"
"2277389365","1681037500","1.04091"
"2014442085","2024920013","0.2"
"2024920013","2014442085","0.2"
"2014442085","2040911247","1.2"
"2040911247","2014442085","1.2"
"2014442085","2277389365","0.7"
"2277389365","2014442085","0.7"
"2024920013","2040911247","0.95"
"2040911247","2024920013","0.95"
"2024920013","2277389365","0.2"
"2277389365","2024920013","0.2"
"2040911247","2277389365","0.2"
"2277389365","2040911247","0.2"
"123987416","1964546727","0.340909"
"1964546727","123987416","0.340909"
"123987416","2103889774","1.25"
"2103889774","123987416","1.25"
"1681037500","1964546727","0.465909"
"1964546727","1681037500","0.465909"
"1681037500","2103889774","0.25"
"2103889774","1681037500","0.25"
"1964546727","2103889774","0.25"
"2103889774","1964546727","0.25"
"1964546727","2277389365","0.340909"
"2277389365","1964546727","0.340909"
"2103889774","2277389365","0.25"
"2277389365","2103889774","0.25"
"123987416","1821552239","0.340909"
"1821552239","123987416","0.340909"
"123987416","2207975160","0.483766"
"2207975160","123987416","0.483766"
"1821552239","2024920013","0.45"
"2024920013","1821552239","0.45"
"1821552239","2040911247","1.25"
"2040911247","1821552239","1.25"
"1821552239","2207975160","0.983766"
"2207975160","1821552239","0.983766"
"2024920013","2207975160","0.25"
"2207975160","2024920013","0.25"
"2040911247","2207975160","0.25"
"2207975160","2040911247","0.25"
"123987416","1974601537","0.0909091"
"1974601537","123987416","0.0909091"
"123987416","2004177659","0.0909091"
"2004177659","123987416","0.0909091"
"123987416","2019899976","0.233766"
"2019899976","123987416","0.233766"
"123987416","2083965535","0.0909091"
"2083965535","123987416","0.0909091"
"123987416","2261567462","0.0909091"
"2261567462","123987416","0.0909091"
"123987416","2580564703","0.0909091"
"2580564703","123987416","0.0909091"
"1681037500","1821552239","0.0909091"
"1821552239","1681037500","0.0909091"
"1681037500","1974601537","0.715909"
"1974601537","1681037500","0.715909"
"1681037500","2004177659","0.215909"
"2004177659","1681037500","0.215909"
"1681037500","2019899976","0.233766"
"2019899976","1681037500","0.233766"
"1681037500","2083965535","0.924242"
"2083965535","1681037500","0.924242"
"1681037500","2207975160","0.233766"
"2207975160","1681037500","0.233766"
"1681037500","2261567462","0.215909"
"2261567462","1681037500","0.215909"
"1681037500","2580564703","0.0909091"
"2580564703","1681037500","0.0909091"
"1821552239","1964546727","0.0909091"
"1964546727","1821552239","0.0909091"
"1821552239","1974601537","1.72424"
"1974601537","1821552239","1.72424"
"1821552239","2004177659","1.57424"
"2004177659","1821552239","1.57424"
"1821552239","2019899976","1.23377"
"2019899976","1821552239","1.23377"
"1821552239","2083965535","0.940909"
"2083965535","1821552239","0.940909"
"1821552239","2261567462","0.340909"
"2261567462","1821552239","0.340909"
"1821552239","2277389365","0.0909091"
"2277389365","1821552239","0.0909091"
"1821552239","2580564703","0.233766"
"2580564703","1821552239","0.233766"
"1964546727","1974601537","0.775433"
"1974601537","1964546727","0.775433"
"1964546727","2004177659","2.10877"
"2004177659","1964546727","2.10877"
"1964546727","2019899976","0.233766"
"2019899976","1964546727","0.233766"
"1964546727","2083965535","0.400433"
"2083965535","1964546727","0.400433"
"1964546727","2207975160","0.0909091"
"2207975160","1964546727","0.0909091"
"1964546727","2261567462","0.215909"
"2261567462","1964546727","0.215909"
"1964546727","2580564703","0.0909091"
"2580564703","1964546727","0.0909091"
"1974601537","2004177659","4.0921"
"2004177659","1974601537","4.0921"
"1974601537","2019899976","0.233766"
"2019899976","1974601537","0.233766"
"1974601537","2083965535","2.9171"
"2083965535","1974601537","2.9171"
"1974601537","2207975160","0.0909091"
"2207975160","1974601537","0.0909091"
"1974601537","2261567462","0.215909"
"2261567462","1974601537","0.215909"
"1974601537","2277389365","0.0909091"
"2277389365","1974601537","0.0909091"
"1974601537","2580564703","0.0909091"
"2580564703","1974601537","0.0909091"
"2004177659","2019899976","0.233766"
"2019899976","2004177659","0.233766"
"2004177659","2083965535","1.68377"
"2083965535","2004177659","1.68377"
"2004177659","2207975160","0.0909091"
"2207975160","2004177659","0.0909091"
"2004177659","2261567462","0.215909"
"2261567462","2004177659","0.215909"
"2004177659","2277389365","0.0909091"
"2277389365","2004177659","0.0909091"
"2004177659","2580564703","0.0909091"
"2580564703","2004177659","0.0909091"
"2019899976","2083965535","0.233766"
"2083965535","2019899976","0.233766"
"2019899976","2207975160","0.876623"
"2207975160","2019899976","0.876623"
"2019899976","2261567462","0.0909091"
"2261567462","2019899976","0.0909091"
"2019899976","2277389365","0.0909091"
"2277389365","2019899976","0.0909091"
"2019899976","2580564703","0.233766"
"2580564703","2019899976","0.233766"
"2083965535","2207975160","0.0909091"
"2207975160","2083965535","0.0909091"
"2083965535","2261567462","0.0909091"
"2261567462","2083965535","0.0909091"
"2083965535","2277389365","0.0909091"
"2277389365","2083965535","0.0909091"
"2083965535","2580564703","0.0909091"
"2580564703","2083965535","0.0909091"
"2207975160","2261567462","0.590909"
"2261567462","2207975160","0.590909"
"2207975160","2277389365","0.0909091"
"2277389365","2207975160","0.0909091"
"2207975160","2580564703","0.233766"
"2580564703","2207975160","0.233766"
"2261567462","2277389365","0.0909091"
"2277389365","2261567462","0.0909091"
"2261567462","2580564703","0.0909091"
"2580564703","2261567462","0.0909091"
"2277389365","2580564703","0.0909091"
"2580564703","2277389365","0.0909091"
"1491385855","2009266454","1.83333"
"2009266454","1491385855","1.83333"
"123987416","2040832044","0.333333"
"2040832044","123987416","0.333333"
"1491385855","2040832044","0.333333"
"2040832044","1491385855","0.333333"
"2009266454","2040832044","0.333333"
"2040832044","2009266454","0.333333"
"123987416","2093815579","0.142857"
"2093815579","123987416","0.142857"
"123987416","2394665457","0.142857"
"2394665457","123987416","0.142857"
"123987416","2411532167","0.142857"
"2411532167","123987416","0.142857"
"1681037500","2093815579","0.142857"
"2093815579","1681037500","0.142857"
"1681037500","2394665457","0.642857"
"2394665457","1681037500","0.642857"
"1681037500","2411532167","0.142857"
"2411532167","1681037500","0.142857"
"2014442085","2019899976","0.142857"
"2019899976","2014442085","0.142857"
"2014442085","2093815579","0.142857"
"2093815579","2014442085","0.142857"
"2014442085","2207975160","0.142857"
"2207975160","2014442085","0.142857"
"2014442085","2394665457","0.142857"
"2394665457","2014442085","0.142857"
"2014442085","2411532167","0.142857"
"2411532167","2014442085","0.142857"
"2019899976","2093815579","0.428571"
"2093815579","2019899976","0.428571"
"2019899976","2394665457","0.785714"
"2394665457","2019899976","0.785714"
"2019899976","2411532167","0.142857"
"2411532167","2019899976","0.142857"
"2093815579","2207975160","0.285714"
"2207975160","2093815579","0.285714"
"2093815579","2394665457","0.285714"
"2394665457","2093815579","0.285714"
"2093815579","2411532167","0.142857"
"2411532167","2093815579","0.142857"
"2207975160","2394665457","0.285714"
"2394665457","2207975160","0.285714"
"2207975160","2411532167","0.47619"
"2411532167","2207975160","0.47619"
"2394665457","2411532167","0.392857"
"2411532167","2394665457","0.392857"
"2009266454","2277389365","0.7"
"2277389365","2009266454","0.7"
"123987416","1995935620","0.45"
"1995935620","123987416","0.45"
"1491385855","1995935620","0.25"
"1995935620","1491385855","0.25"
"1491385855","2087141922","0.25"
"2087141922","1491385855","0.25"
"1491385855","2277389365","0.25"
"2277389365","1491385855","0.25"
"1995935620","2087141922","0.45"
"2087141922","1995935620","0.45"
"1995935620","2277389365","0.45"
"2277389365","1995935620","0.45"
"2087141922","2277389365","0.45"
"2277389365","2087141922","0.45"
"1995935620","2009266454","0.7"
"2009266454","1995935620","0.7"
"1995935620","2108136658","0.2"
"2108136658","1995935620","0.2"
"2009266454","2087141922","1.2"
"2087141922","2009266454","1.2"
"2009266454","2108136658","1.2"
"2108136658","2009266454","1.2"
"2087141922","2108136658","0.2"
"2108136658","2087141922","0.2"
"2108136658","2277389365","0.2"
"2277389365","2108136658","0.2"
"1505003449","1975822511","1"
"1975822511","1505003449","1"
"1681037500","2040832044","0.958333"
"2040832044","1681037500","0.958333"
"2040832044","2083965535","8.87619"
"2083965535","2040832044","8.87619"
"1681037500","1995935620","0.5"
"1995935620","1681037500","0.5"
"1681037500","2009266454","0.5"
"2009266454","1681037500","0.5"
"1974601537","2394665457","2.23333"
"2394665457","1974601537","2.23333"
"1681037500","2066899450","0.458333"
"2066899450","1681037500","0.458333"
"1681037500","2266864370","0.125"
"2266864370","1681037500","0.125"
"1964546727","2040832044","0.434524"
"2040832044","1964546727","0.434524"
"1964546727","2040911247","0.125"
"2040911247","1964546727","0.125"
"1964546727","2066899450","2.01786"
"2066899450","1964546727","2.01786"
"1964546727","2266864370","0.125"
"2266864370","1964546727","0.125"
"1974601537","2040832044","2.11786"
"2040832044","1974601537","2.11786"
"1974601537","2040911247","0.125"
"2040911247","1974601537","0.125"
"1974601537","2066899450","2.00119"
"2066899450","1974601537","2.00119"
"1974601537","2266864370","0.125"
"2266864370","1974601537","0.125"
"2004177659","2040832044","1.08452"
"2040832044","2004177659","1.08452"
"2004177659","2040911247","0.125"
"2040911247","2004177659","0.125"
"2004177659","2066899450","4.13452"
"2066899450","2004177659","4.13452"
"2004177659","2266864370","0.125"
"2266864370","2004177659","0.125"
"2040832044","2040911247","0.125"
"2040911247","2040832044","0.125"
"2040832044","2066899450","2.16786"
"2066899450","2040832044","2.16786"
"2040832044","2261567462","0.125"
"2261567462","2040832044","0.125"
"2040832044","2266864370","0.125"
"2266864370","2040832044","0.125"
"2040911247","2066899450","0.125"
"2066899450","2040911247","0.125"
"2040911247","2261567462","0.125"
"2261567462","2040911247","0.125"
"2040911247","2266864370","0.125"
"2266864370","2040911247","0.125"
"2066899450","2261567462","0.125"
"2261567462","2066899450","0.125"
"2066899450","2266864370","0.125"
"2266864370","2066899450","0.125"
"2261567462","2266864370","0.125"
"2266864370","2261567462","0.125"
"2066899450","2083965535","4.37619"
"2083965535","2066899450","4.37619"
"1802781472","2108136658","2"
"2108136658","1802781472","2"
"1821552239","2394665457","5.04286"
"2394665457","1821552239","5.04286"
"1821552239","2559209039","2.34286"
"2559209039","1821552239","2.34286"
"1974601537","2559209039","0.45"
"2559209039","1974601537","0.45"
"2004177659","2394665457","1.08333"
"2394665457","2004177659","1.08333"
"2004177659","2559209039","0.25"
"2559209039","2004177659","0.25"
"2394665457","2559209039","1.34286"
"2559209039","2394665457","1.34286"
"1821552239","2066899450","1.98333"
"2066899450","1821552239","1.98333"
"1821552239","2411532167","0.25"
"2411532167","1821552239","0.25"
"2261567462","2394665457","0.25"
"2394665457","2261567462","0.25"
"2261567462","2411532167","0.583333"
"2411532167","2261567462","0.583333"
"2261567462","2559209039","1.08333"
"2559209039","2261567462","1.08333"
"2411532167","2559209039","4.91667"
"2559209039","2411532167","4.91667"
"1821552239","2040832044","1.35"
"2040832044","1821552239","1.35"
"2040832044","2394665457","0.783333"
"2394665457","2040832044","0.783333"
"2066899450","2394665457","1.03333"
"2394665457","2066899450","1.03333"
"2083965535","2394665457","1.48333"
"2394665457","2083965535","1.48333"
"1821552239","2964247905","0.9"
"2964247905","1821552239","0.9"
"1974601537","2964247905","0.4"
"2964247905","1974601537","0.4"
"2083965535","2559209039","1.2"
"2559209039","2083965535","1.2"
"2083965535","2964247905","0.2"
"2964247905","2083965535","0.2"
"2394665457","2964247905","0.2"
"2964247905","2394665457","0.2"
"2559209039","2964247905","0.2"
"2964247905","2559209039","0.2"
"1821552239","2093815579","0.142857"
"2093815579","1821552239","0.142857"
"1821552239","2156008046","0.142857"
"2156008046","1821552239","0.142857"
"2019899976","2156008046","0.142857"
"2156008046","2019899976","0.142857"
"2019899976","2559209039","0.142857"
"2559209039","2019899976","0.142857"
"2093815579","2156008046","0.142857"
"2156008046","2093815579","0.142857"
"2093815579","2559209039","0.142857"
"2559209039","2093815579","0.142857"
"2093815579","2580564703","0.142857"
"2580564703","2093815579","0.142857"
"2156008046","2207975160","0.142857"
"2207975160","2156008046","0.142857"
"2156008046","2394665457","0.142857"
"2394665457","2156008046","0.142857"
"2156008046","2559209039","0.142857"
"2559209039","2156008046","0.142857"
"2156008046","2580564703","0.142857"
"2580564703","2156008046","0.142857"
"2207975160","2559209039","2.97619"
"2559209039","2207975160","2.97619"
"2394665457","2580564703","0.142857"
"2580564703","2394665457","0.142857"
"2559209039","2580564703","0.142857"
"2580564703","2559209039","0.142857"
"1974601537","2024920013","0.2"
"2024920013","1974601537","0.2"
"2004177659","2024920013","0.2"
"2024920013","2004177659","0.2"
"2004177659","2964247905","0.2"
"2964247905","2004177659","0.2"
"2024920013","2040832044","1.2"
"2040832044","2024920013","1.2"
"2024920013","2964247905","0.2"
"2964247905","2024920013","0.2"
"2040832044","2964247905","0.2"
"2964247905","2040832044","0.2"
"1821552239","2299155167","1"
"2299155167","1821552239","1"
"1821552239","2924977003","0.5"
"2924977003","1821552239","0.5"
"2924977003","2964247905","5.5"
"2964247905","2924977003","5.5"
"1964546727","2394665457","2.58333"
"2394665457","1964546727","2.58333"
"1964546727","2156008046","0.166667"
"2156008046","1964546727","0.166667"
"1974601537","2156008046","0.166667"
"2156008046","1974601537","0.166667"
"2004177659","2156008046","0.166667"
"2156008046","2004177659","0.166667"
"2040832044","2156008046","0.166667"
"2156008046","2040832044","0.166667"
"2066899450","2156008046","0.166667"
"2156008046","2066899450","0.166667"
"2083965535","2156008046","0.166667"
"2156008046","2083965535","0.166667"
"1964546727","2093815579","0.142857"
"2093815579","1964546727","0.142857"
"1974601537","2093815579","0.142857"
"2093815579","1974601537","0.142857"
"2004177659","2093815579","0.142857"
"2093815579","2004177659","0.142857"
"2019899976","2040832044","1.14286"
"2040832044","2019899976","1.14286"
"2019899976","2066899450","0.142857"
"2066899450","2019899976","0.142857"
"2040832044","2093815579","0.142857"
"2093815579","2040832044","0.142857"
"2066899450","2093815579","0.142857"
"2093815579","2066899450","0.142857"
"2083965535","2093815579","1.14286"
"2093815579","2083965535","1.14286"
"1975822511","2147734352","19"
"2147734352","1975822511","19"
"1995935620","2014442085","1"
"2014442085","1995935620","1"
"2009266454","2024920013","1"
"2024920013","2009266454","1"
"2103889774","2147734352","2"
"2147734352","2103889774","2"
"2103889774","2964247905","2"
"2964247905","2103889774","2"
"2108136658","2740557169","1"
"2740557169","2108136658","1"
"2156008046","2411532167","1"
"2411532167","2156008046","1"
"2207975160","2924977003","1.33333"
"2924977003","2207975160","1.33333"
"2411532167","2924977003","0.666667"
"2924977003","2411532167","0.666667"
"2559209039","2924977003","0.666667"
"2924977003","2559209039","0.666667"
"2261567462","2924977003","0.333333"
"2924977003","2261567462","0.333333"
