"10158986","1528009162","4.10952"
"1528009162","10158986","4.10952"
"10158986","12531639","1.68333"
"12531639","10158986","1.68333"
"10158986","133244914","0.984524"
"133244914","10158986","0.984524"
"10158986","140089693","0.433333"
"140089693","10158986","0.433333"
"10158986","140409672","0.683333"
"140409672","10158986","0.683333"
"10158986","1535798460","1.36667"
"1535798460","10158986","1.36667"
"10158986","2155810445","2.65"
"2155810445","10158986","2.65"
"10158986","2182961133","2.68333"
"2182961133","10158986","2.68333"
"10158986","2538572465","1.725"
"2538572465","10158986","1.725"
"10158986","2928736370","0.8"
"2928736370","10158986","0.8"
"12531639","133244914","0.183333"
"133244914","12531639","0.183333"
"12531639","140089693","0.683333"
"140089693","12531639","0.683333"
"12531639","140409672","0.1"
"140409672","12531639","0.1"
"12531639","1528009162","0.35"
"1528009162","12531639","0.35"
"12531639","1535798460","0.35"
"1535798460","12531639","0.35"
"12531639","2155810445","2.43333"
"2155810445","12531639","2.43333"
"12531639","2182961133","0.475"
"2182961133","12531639","0.475"
"12531639","2538572465","0.1"
"2538572465","12531639","0.1"
"12531639","2928736370","0.475"
"2928736370","12531639","0.475"
"133244914","140089693","0.35"
"140089693","133244914","0.35"
"133244914","140409672","0.433333"
"140409672","133244914","0.433333"
"133244914","1528009162","2.48452"
"1528009162","133244914","2.48452"
"133244914","1535798460","1.76667"
"1535798460","133244914","1.76667"
"133244914","2155810445","1.71667"
"2155810445","133244914","1.71667"
"133244914","2182961133","1.39167"
"2182961133","133244914","1.39167"
"133244914","2538572465","0.1"
"2538572465","133244914","0.1"
"133244914","2928736370","0.633333"
"2928736370","133244914","0.633333"
"140089693","140409672","0.1"
"140409672","140089693","0.1"
"140089693","1528009162","0.616667"
"1528009162","140089693","0.616667"
"140089693","1535798460","0.366667"
"1535798460","140089693","0.366667"
"140089693","2155810445","0.783333"
"2155810445","140089693","0.783333"
"140089693","2182961133","0.225"
"2182961133","140089693","0.225"
"140089693","2538572465","0.1"
"2538572465","140089693","0.1"
"140089693","2928736370","0.225"
"2928736370","140089693","0.225"
"140409672","1528009162","0.308333"
"1528009162","140409672","0.308333"
"140409672","1535798460","0.633333"
"1535798460","140409672","0.633333"
"140409672","2155810445","2.38333"
"2155810445","140409672","2.38333"
"140409672","2182961133","0.308333"
"2182961133","140409672","0.308333"
"140409672","2538572465","0.225"
"2538572465","140409672","0.225"
"140409672","2928736370","0.35"
"2928736370","140409672","0.35"
"1528009162","1535798460","4.575"
"1535798460","1528009162","4.575"
"1528009162","2155810445","1.35833"
"2155810445","1528009162","1.35833"
"1528009162","2182961133","0.516667"
"2182961133","1528009162","0.516667"
"1528009162","2538572465","0.1"
"2538572465","1528009162","0.1"
"1528009162","2928736370","0.383333"
"2928736370","1528009162","0.383333"
"1535798460","2155810445","5.08333"
"2155810445","1535798460","5.08333"
"1535798460","2182961133","0.391667"
"2182961133","1535798460","0.391667"
"1535798460","2538572465","0.225"
"2538572465","1535798460","0.225"
"1535798460","2928736370","0.183333"
"2928736370","1535798460","0.183333"
"2155810445","2182961133","0.641667"
"2182961133","2155810445","0.641667"
"2155810445","2538572465","0.225"
"2538572465","2155810445","0.225"
"2155810445","2928736370","1.75833"
"2928736370","2155810445","1.75833"
"2182961133","2538572465","0.6"
"2538572465","2182961133","0.6"
"2182961133","2928736370","0.35"
"2928736370","2182961133","0.35"
"2538572465","2928736370","2.1"
"2928736370","2538572465","2.1"
"10158986","1601305762","1.57619"
"1601305762","10158986","1.57619"
"10158986","2167177208","0.166667"
"2167177208","10158986","0.166667"
"10158986","2515061898","1.25952"
"2515061898","10158986","1.25952"
"10158986","2740225106","1.57619"
"2740225106","10158986","1.57619"
"10158986","99218589","0.875"
"99218589","10158986","0.875"
"12531639","1601305762","0.833333"
"1601305762","12531639","0.833333"
"12531639","2167177208","0.708333"
"2167177208","12531639","0.708333"
"12531639","2515061898","2.16667"
"2515061898","12531639","2.16667"
"12531639","2740225106","0.833333"
"2740225106","12531639","0.833333"
"12531639","99218589","0.833333"
"99218589","12531639","0.833333"
"133244914","1601305762","0.434524"
"1601305762","133244914","0.434524"
"133244914","2167177208","0.166667"
"2167177208","133244914","0.166667"
"133244914","2515061898","1.88452"
"2515061898","133244914","1.88452"
"133244914","2740225106","0.434524"
"2740225106","133244914","0.434524"
"133244914","99218589","0.166667"
"99218589","133244914","0.166667"
"1528009162","1601305762","1.03452"
"1601305762","1528009162","1.03452"
"1528009162","2167177208","0.266667"
"2167177208","1528009162","0.266667"
"1528009162","2515061898","1.27619"
"2515061898","1528009162","1.27619"
"1528009162","2740225106","1.03452"
"2740225106","1528009162","1.03452"
"1528009162","99218589","0.516667"
"99218589","1528009162","0.516667"
"1535798460","1601305762","1.10833"
"1601305762","1535798460","1.10833"
"1535798460","2167177208","0.266667"
"2167177208","1535798460","0.266667"
"1535798460","2515061898","0.558333"
"2515061898","1535798460","0.558333"
"1535798460","2740225106","1.10833"
"2740225106","1535798460","1.10833"
"1535798460","99218589","0.758333"
"99218589","1535798460","0.758333"
"1601305762","2155810445","1.94167"
"2155810445","1601305762","1.94167"
"1601305762","2167177208","2.05833"
"2167177208","1601305762","2.05833"
"1601305762","2182961133","0.416667"
"2182961133","1601305762","0.416667"
"1601305762","2515061898","1.28452"
"2515061898","1601305762","1.28452"
"1601305762","2740225106","28.0762"
"2740225106","1601305762","28.0762"
"1601305762","2928736370","0.208333"
"2928736370","1601305762","0.208333"
"1601305762","99218589","10.7917"
"99218589","1601305762","10.7917"
"2155810445","2167177208","0.391667"
"2167177208","2155810445","0.391667"
"2155810445","2515061898","3.34167"
"2515061898","2155810445","3.34167"
"2155810445","2740225106","1.94167"
"2740225106","2155810445","1.94167"
"2155810445","99218589","2.25833"
"99218589","2155810445","2.25833"
"2167177208","2182961133","0.166667"
"2182961133","2167177208","0.166667"
"2167177208","2515061898","0.391667"
"2515061898","2167177208","0.391667"
"2167177208","2740225106","2.05833"
"2740225106","2167177208","2.05833"
"2167177208","2928736370","0.208333"
"2928736370","2167177208","0.208333"
"2167177208","99218589","5.05833"
"99218589","2167177208","5.05833"
"2182961133","2515061898","1.70833"
"2515061898","2182961133","1.70833"
"2182961133","2740225106","0.416667"
"2740225106","2182961133","0.416667"
"2182961133","99218589","0.291667"
"99218589","2182961133","0.291667"
"2515061898","2740225106","1.28452"
"2740225106","2515061898","1.28452"
"2515061898","2928736370","0.575"
"2928736370","2515061898","0.575"
"2515061898","99218589","2.01667"
"99218589","2515061898","2.01667"
"2740225106","2928736370","0.208333"
"2928736370","2740225106","0.208333"
"2740225106","99218589","10.7917"
"99218589","2740225106","10.7917"
"2928736370","99218589","0.208333"
"99218589","2928736370","0.208333"
"140089693","2515061898","0.933333"
"2515061898","140089693","0.933333"
"10158986","1969998742","5.08333"
"1969998742","10158986","5.08333"
"10158986","2908595623","0.97619"
"2908595623","10158986","0.97619"
"140409672","1969998742","0.125"
"1969998742","140409672","0.125"
"140409672","2515061898","0.708333"
"2515061898","140409672","0.708333"
"140409672","2908595623","0.333333"
"2908595623","140409672","0.333333"
"1528009162","1969998742","1.25"
"1969998742","1528009162","1.25"
"1528009162","2908595623","0.867857"
"2908595623","1528009162","0.867857"
"1535798460","1969998742","0.125"
"1969998742","1535798460","0.125"
"1535798460","2908595623","0.933333"
"2908595623","1535798460","0.933333"
"1969998742","2155810445","0.125"
"2155810445","1969998742","0.125"
"1969998742","2182961133","0.75"
"2182961133","1969998742","0.75"
"1969998742","2515061898","0.25"
"2515061898","1969998742","0.25"
"1969998742","2908595623","0.125"
"2908595623","1969998742","0.125"
"2155810445","2908595623","2.725"
"2908595623","2155810445","2.725"
"2182961133","2908595623","0.833333"
"2908595623","2182961133","0.833333"
"2515061898","2908595623","2.82619"
"2908595623","2515061898","2.82619"
"10158986","1499785856","2.68452"
"1499785856","10158986","2.68452"
"10158986","1505749296","0.75"
"1505749296","10158986","0.75"
"10158986","2054010387","0.35"
"2054010387","10158986","0.35"
"1499785856","1505749296","4.25"
"1505749296","1499785856","4.25"
"1499785856","2054010387","3.97619"
"2054010387","1499785856","3.97619"
"1499785856","2155810445","1.64286"
"2155810445","1499785856","1.64286"
"1505749296","2054010387","4.16667"
"2054010387","1505749296","4.16667"
"1505749296","2155810445","1.875"
"2155810445","1505749296","1.875"
"2054010387","2155810445","0.992857"
"2155810445","2054010387","0.992857"
"10158986","2153326881","0.25"
"2153326881","10158986","0.25"
"1499785856","1535798460","3.25"
"1535798460","1499785856","3.25"
"1499785856","2153326881","2.41667"
"2153326881","1499785856","2.41667"
"1535798460","2153326881","0.25"
"2153326881","1535798460","0.25"
"2153326881","2155810445","0.416667"
"2155810445","2153326881","0.416667"
"10158986","2809037290","0.166667"
"2809037290","10158986","0.166667"
"12531639","2809037290","0.166667"
"2809037290","12531639","0.166667"
"12531639","2908595623","5.625"
"2908595623","12531639","5.625"
"2182961133","2809037290","0.166667"
"2809037290","2182961133","0.166667"
"2515061898","2809037290","0.166667"
"2809037290","2515061898","0.166667"
"2809037290","2908595623","0.166667"
"2908595623","2809037290","0.166667"
"2809037290","2928736370","0.166667"
"2928736370","2809037290","0.166667"
"2908595623","2928736370","0.166667"
"2928736370","2908595623","0.166667"
"140409672","1601305762","0.408333"
"1601305762","140409672","0.408333"
"140409672","2740225106","0.408333"
"2740225106","140409672","0.408333"
"140409672","99218589","0.408333"
"99218589","140409672","0.408333"
"1601305762","2538572465","0.125"
"2538572465","1601305762","0.125"
"1601305762","2908595623","0.742857"
"2908595623","1601305762","0.742857"
"2538572465","2740225106","0.125"
"2740225106","2538572465","0.125"
"2538572465","2908595623","0.125"
"2908595623","2538572465","0.125"
"2538572465","99218589","0.125"
"99218589","2538572465","0.125"
"2740225106","2908595623","0.742857"
"2908595623","2740225106","0.742857"
"2908595623","99218589","0.6"
"99218589","2908595623","0.6"
"133244914","2908595623","0.47619"
"2908595623","133244914","0.47619"
"140409672","2167177208","0.0833333"
"2167177208","140409672","0.0833333"
"2167177208","2908595623","0.683333"
"2908595623","2167177208","0.683333"
"1499785856","1601305762","2.80119"
"1601305762","1499785856","2.80119"
"1499785856","2740225106","1.80119"
"2740225106","1499785856","1.80119"
"133244914","1499785856","0.267857"
"1499785856","133244914","0.267857"
"133244914","1969998742","0.125"
"1969998742","133244914","0.125"
"1499785856","1528009162","0.267857"
"1528009162","1499785856","0.267857"
"1499785856","1969998742","1.45833"
"1969998742","1499785856","1.45833"
"1499785856","2182961133","0.125"
"2182961133","1499785856","0.125"
"1499785856","2515061898","0.767857"
"2515061898","1499785856","0.767857"
"1601305762","1969998742","0.125"
"1969998742","1601305762","0.125"
"1969998742","2740225106","0.125"
"2740225106","1969998742","0.125"
"10158986","106091957","0.0833333"
"106091957","10158986","0.0833333"
"10158986","1489698281","0.0833333"
"1489698281","10158986","0.0833333"
"10158986","1845347606","0.0833333"
"1845347606","10158986","0.0833333"
"10158986","2046746789","0.183333"
"2046746789","10158986","0.183333"
"10158986","2104363101","0.0833333"
"2104363101","10158986","0.0833333"
"10158986","2287942516","0.0833333"
"2287942516","10158986","0.0833333"
"10158986","34298273","0.183333"
"34298273","10158986","0.183333"
"106091957","1489698281","0.208333"
"1489698281","106091957","0.208333"
"106091957","1528009162","0.0833333"
"1528009162","106091957","0.0833333"
"106091957","1601305762","0.0833333"
"1601305762","106091957","0.0833333"
"106091957","1845347606","0.458333"
"1845347606","106091957","0.458333"
"106091957","2046746789","0.458333"
"2046746789","106091957","0.458333"
"106091957","2104363101","4.04167"
"2104363101","106091957","4.04167"
"106091957","2155810445","0.208333"
"2155810445","106091957","0.208333"
"106091957","2287942516","0.0833333"
"2287942516","106091957","0.0833333"
"106091957","2740225106","0.0833333"
"2740225106","106091957","0.0833333"
"106091957","34298273","0.0833333"
"34298273","106091957","0.0833333"
"106091957","99218589","0.0833333"
"99218589","106091957","0.0833333"
"1489698281","1528009162","0.183333"
"1528009162","1489698281","0.183333"
"1489698281","1601305762","0.516667"
"1601305762","1489698281","0.516667"
"1489698281","1845347606","0.275"
"1845347606","1489698281","0.275"
"1489698281","2046746789","1.275"
"2046746789","1489698281","1.275"
"1489698281","2104363101","0.708333"
"2104363101","1489698281","0.708333"
"1489698281","2155810445","1.875"
"2155810445","1489698281","1.875"
"1489698281","2287942516","0.566667"
"2287942516","1489698281","0.566667"
"1489698281","2740225106","0.516667"
"2740225106","1489698281","0.516667"
"1489698281","34298273","0.4"
"34298273","1489698281","0.4"
"1489698281","99218589","0.183333"
"99218589","1489698281","0.183333"
"1528009162","1845347606","0.0833333"
"1845347606","1528009162","0.0833333"
"1528009162","2046746789","0.0833333"
"2046746789","1528009162","0.0833333"
"1528009162","2104363101","0.0833333"
"2104363101","1528009162","0.0833333"
"1528009162","2287942516","0.0833333"
"2287942516","1528009162","0.0833333"
"1528009162","34298273","0.0833333"
"34298273","1528009162","0.0833333"
"1601305762","1845347606","0.283333"
"1845347606","1601305762","0.283333"
"1601305762","2046746789","0.183333"
"2046746789","1601305762","0.183333"
"1601305762","2104363101","0.0833333"
"2104363101","1601305762","0.0833333"
"1601305762","2287942516","0.0833333"
"2287942516","1601305762","0.0833333"
"1601305762","34298273","0.183333"
"34298273","1601305762","0.183333"
"1845347606","2046746789","0.525"
"2046746789","1845347606","0.525"
"1845347606","2104363101","0.208333"
"2104363101","1845347606","0.208333"
"1845347606","2155810445","1.44167"
"2155810445","1845347606","1.44167"
"1845347606","2287942516","0.15"
"2287942516","1845347606","0.15"
"1845347606","2740225106","0.283333"
"2740225106","1845347606","0.283333"
"1845347606","34298273","0.15"
"34298273","1845347606","0.15"
"1845347606","99218589","0.283333"
"99218589","1845347606","0.283333"
"2046746789","2104363101","0.541667"
"2104363101","2046746789","0.541667"
"2046746789","2155810445","0.808333"
"2155810445","2046746789","0.808333"
"2046746789","2287942516","0.15"
"2287942516","2046746789","0.15"
"2046746789","2740225106","0.183333"
"2740225106","2046746789","0.183333"
"2046746789","34298273","0.35"
"34298273","2046746789","0.35"
"2046746789","99218589","0.0833333"
"99218589","2046746789","0.0833333"
"2104363101","2155810445","0.541667"
"2155810445","2104363101","0.541667"
"2104363101","2287942516","0.0833333"
"2287942516","2104363101","0.0833333"
"2104363101","2740225106","0.0833333"
"2740225106","2104363101","0.0833333"
"2104363101","34298273","0.0833333"
"34298273","2104363101","0.0833333"
"2104363101","99218589","0.0833333"
"99218589","2104363101","0.0833333"
"2155810445","2287942516","0.459524"
"2287942516","2155810445","0.459524"
"2155810445","34298273","0.492857"
"34298273","2155810445","0.492857"
"2287942516","2740225106","0.0833333"
"2740225106","2287942516","0.0833333"
"2287942516","34298273","0.542857"
"34298273","2287942516","0.542857"
"2287942516","99218589","0.0833333"
"99218589","2287942516","0.0833333"
"2740225106","34298273","0.183333"
"34298273","2740225106","0.183333"
"34298273","99218589","0.0833333"
"99218589","34298273","0.0833333"
"1499785856","2908595623","0.142857"
"2908595623","1499785856","0.142857"
"10158986","2130830674","0.583333"
"2130830674","10158986","0.583333"
"1499785856","2130830674","4.52619"
"2130830674","1499785856","4.52619"
"1969998742","2130830674","0.333333"
"2130830674","1969998742","0.333333"
"10158986","148514298","1.35"
"148514298","10158986","1.35"
"140089693","1601305762","0.683333"
"1601305762","140089693","0.683333"
"140089693","2740225106","0.683333"
"2740225106","140089693","0.683333"
"140089693","99218589","1.68333"
"99218589","140089693","1.68333"
"10158986","1985688307","0.1"
"1985688307","10158986","0.1"
"10158986","2038430085","0.35"
"2038430085","10158986","0.35"
"148514298","1535798460","0.1"
"1535798460","148514298","0.1"
"148514298","1601305762","0.1"
"1601305762","148514298","0.1"
"148514298","1985688307","2.8"
"1985688307","148514298","2.8"
"148514298","2038430085","0.516667"
"2038430085","148514298","0.516667"
"148514298","2046746789","0.266667"
"2046746789","148514298","0.266667"
"148514298","2054010387","1.01667"
"2054010387","148514298","1.01667"
"148514298","2155810445","0.266667"
"2155810445","148514298","0.266667"
"148514298","2740225106","0.1"
"2740225106","148514298","0.1"
"148514298","34298273","0.266667"
"34298273","148514298","0.266667"
"1535798460","1985688307","0.1"
"1985688307","1535798460","0.1"
"1535798460","2038430085","0.1"
"2038430085","1535798460","0.1"
"1535798460","2046746789","0.1"
"2046746789","1535798460","0.1"
"1535798460","2054010387","0.1"
"2054010387","1535798460","0.1"
"1535798460","34298273","0.1"
"34298273","1535798460","0.1"
"1601305762","1985688307","0.1"
"1985688307","1601305762","0.1"
"1601305762","2038430085","0.1"
"2038430085","1601305762","0.1"
"1601305762","2054010387","0.1"
"2054010387","1601305762","0.1"
"1985688307","2038430085","0.266667"
"2038430085","1985688307","0.266667"
"1985688307","2046746789","0.266667"
"2046746789","1985688307","0.266667"
"1985688307","2054010387","0.6"
"2054010387","1985688307","0.6"
"1985688307","2155810445","0.266667"
"2155810445","1985688307","0.266667"
"1985688307","2740225106","0.1"
"2740225106","1985688307","0.1"
"1985688307","34298273","1.26667"
"34298273","1985688307","1.26667"
"2038430085","2046746789","0.266667"
"2046746789","2038430085","0.266667"
"2038430085","2054010387","11.4095"
"2054010387","2038430085","11.4095"
"2038430085","2155810445","0.742857"
"2155810445","2038430085","0.742857"
"2038430085","2740225106","0.1"
"2740225106","2038430085","0.1"
"2038430085","34298273","1.24286"
"34298273","2038430085","1.24286"
"2046746789","2054010387","0.266667"
"2054010387","2046746789","0.266667"
"2054010387","2740225106","0.1"
"2740225106","2054010387","0.1"
"2054010387","34298273","3.24286"
"34298273","2054010387","3.24286"
"148514298","1499785856","2.45"
"1499785856","148514298","2.45"
"148514298","2130830674","0.516667"
"2130830674","148514298","0.516667"
"1499785856","2038430085","2.64286"
"2038430085","1499785856","2.64286"
"2038430085","2130830674","1.29286"
"2130830674","2038430085","1.29286"
"106091957","130987204","0.875"
"130987204","106091957","0.875"
"130987204","2104363101","0.625"
"2104363101","130987204","0.625"
"106091957","1505749296","0.375"
"1505749296","106091957","0.375"
"106091957","2182961133","0.458333"
"2182961133","106091957","0.458333"
"130987204","1489698281","0.191667"
"1489698281","130987204","0.191667"
"130987204","1505749296","0.441667"
"1505749296","130987204","0.441667"
"130987204","1845347606","0.441667"
"1845347606","130987204","0.441667"
"130987204","2046746789","0.941667"
"2046746789","130987204","0.941667"
"130987204","2155810445","0.191667"
"2155810445","130987204","0.191667"
"130987204","2182961133","0.125"
"2182961133","130987204","0.125"
"1489698281","1505749296","0.941667"
"1505749296","1489698281","0.941667"
"1489698281","2182961133","0.125"
"2182961133","1489698281","0.125"
"1505749296","1845347606","1.85833"
"1845347606","1505749296","1.85833"
"1505749296","2046746789","0.541667"
"2046746789","1505749296","0.541667"
"1505749296","2104363101","0.625"
"2104363101","1505749296","0.625"
"1505749296","2182961133","0.125"
"2182961133","1505749296","0.125"
"1845347606","2182961133","0.125"
"2182961133","1845347606","0.125"
"2046746789","2182961133","0.125"
"2182961133","2046746789","0.125"
"2104363101","2182961133","0.458333"
"2182961133","2104363101","0.458333"
"106091957","140409672","1"
"140409672","106091957","1"
"106091957","2908595623","0.333333"
"2908595623","106091957","0.333333"
"2104363101","2908595623","0.666667"
"2908595623","2104363101","0.666667"
"140089693","2167177208","0.225"
"2167177208","140089693","0.225"
"140089693","2908595623","0.475"
"2908595623","140089693","0.475"
"12531639","1969998742","1"
"1969998742","12531639","1"
"130987204","148514298","0.0666667"
"148514298","130987204","0.0666667"
"130987204","1499785856","0.0666667"
"1499785856","130987204","0.0666667"
"130987204","1536699160","0.0666667"
"1536699160","130987204","0.0666667"
"130987204","1985688307","0.0666667"
"1985688307","130987204","0.0666667"
"130987204","2038430085","0.0666667"
"2038430085","130987204","0.0666667"
"130987204","2054010387","0.0666667"
"2054010387","130987204","0.0666667"
"130987204","2130830674","0.0666667"
"2130830674","130987204","0.0666667"
"130987204","2153326881","0.0666667"
"2153326881","130987204","0.0666667"
"130987204","2287942516","0.0666667"
"2287942516","130987204","0.0666667"
"130987204","34298273","0.0666667"
"34298273","130987204","0.0666667"
"148514298","1489698281","0.0666667"
"1489698281","148514298","0.0666667"
"148514298","1505749296","0.75"
"1505749296","148514298","0.75"
"148514298","1536699160","0.616667"
"1536699160","148514298","0.616667"
"148514298","1845347606","0.516667"
"1845347606","148514298","0.516667"
"148514298","2153326881","0.666667"
"2153326881","148514298","0.666667"
"148514298","2287942516","0.0666667"
"2287942516","148514298","0.0666667"
"1489698281","1499785856","0.233333"
"1499785856","1489698281","0.233333"
"1489698281","1536699160","0.233333"
"1536699160","1489698281","0.233333"
"1489698281","1985688307","0.0666667"
"1985688307","1489698281","0.0666667"
"1489698281","2038430085","0.233333"
"2038430085","1489698281","0.233333"
"1489698281","2054010387","0.233333"
"2054010387","1489698281","0.233333"
"1489698281","2130830674","0.316667"
"2130830674","1489698281","0.316667"
"1489698281","2153326881","0.0666667"
"2153326881","1489698281","0.0666667"
"1499785856","1536699160","3.42619"
"1536699160","1499785856","3.42619"
"1499785856","1845347606","2.63333"
"1845347606","1499785856","2.63333"
"1499785856","1985688307","2.03333"
"1985688307","1499785856","2.03333"
"1499785856","2046746789","1.16667"
"2046746789","1499785856","1.16667"
"1499785856","2287942516","1.62619"
"2287942516","1499785856","1.62619"
"1499785856","34298273","1.14286"
"34298273","1499785856","1.14286"
"1505749296","1536699160","0.583333"
"1536699160","1505749296","0.583333"
"1505749296","1985688307","0.833333"
"1985688307","1505749296","0.833333"
"1505749296","2038430085","0.833333"
"2038430085","1505749296","0.833333"
"1505749296","2130830674","0.483333"
"2130830674","1505749296","0.483333"
"1505749296","2153326881","0.166667"
"2153326881","1505749296","0.166667"
"1505749296","2287942516","0.316667"
"2287942516","1505749296","0.316667"
"1505749296","34298273","2.41667"
"34298273","1505749296","2.41667"
"1536699160","1845347606","0.933333"
"1845347606","1536699160","0.933333"
"1536699160","1985688307","1.36667"
"1985688307","1536699160","1.36667"
"1536699160","2038430085","2.97619"
"2038430085","1536699160","2.97619"
"1536699160","2046746789","0.166667"
"2046746789","1536699160","0.166667"
"1536699160","2054010387","3.72619"
"2054010387","1536699160","3.72619"
"1536699160","2130830674","1.24286"
"2130830674","1536699160","1.24286"
"1536699160","2153326881","0.416667"
"2153326881","1536699160","0.416667"
"1536699160","2155810445","0.642857"
"2155810445","1536699160","0.642857"
"1536699160","2287942516","2.62619"
"2287942516","1536699160","2.62619"
"1536699160","34298273","0.642857"
"34298273","1536699160","0.642857"
"1845347606","1985688307","0.266667"
"1985688307","1845347606","0.266667"
"1845347606","2038430085","0.483333"
"2038430085","1845347606","0.483333"
"1845347606","2054010387","0.733333"
"2054010387","1845347606","0.733333"
"1845347606","2130830674","0.466667"
"2130830674","1845347606","0.466667"
"1845347606","2153326881","0.316667"
"2153326881","1845347606","0.316667"
"1985688307","2130830674","0.266667"
"2130830674","1985688307","0.266667"
"1985688307","2153326881","0.166667"
"2153326881","1985688307","0.166667"
"1985688307","2287942516","0.0666667"
"2287942516","1985688307","0.0666667"
"2038430085","2153326881","0.916667"
"2153326881","2038430085","0.916667"
"2038430085","2287942516","1.12619"
"2287942516","2038430085","1.12619"
"2046746789","2130830674","0.0666667"
"2130830674","2046746789","0.0666667"
"2046746789","2153326881","0.166667"
"2153326881","2046746789","0.166667"
"2054010387","2130830674","1.04286"
"2130830674","2054010387","1.04286"
"2054010387","2153326881","1.41667"
"2153326881","2054010387","1.41667"
"2054010387","2287942516","1.12619"
"2287942516","2054010387","1.12619"
"2130830674","2153326881","1.06667"
"2153326881","2130830674","1.06667"
"2130830674","2155810445","0.37619"
"2155810445","2130830674","0.37619"
"2130830674","2287942516","0.459524"
"2287942516","2130830674","0.459524"
"2130830674","34298273","1.62619"
"34298273","2130830674","1.62619"
"2153326881","2287942516","0.0666667"
"2287942516","2153326881","0.0666667"
"2153326881","34298273","1.16667"
"34298273","2153326881","1.16667"
"130987204","1994179928","1"
"1994179928","130987204","1"
"130987204","2908595623","0.5"
"2908595623","130987204","0.5"
"2046746789","2908595623","0.833333"
"2908595623","2046746789","0.833333"
"140089693","1489698281","0.1"
"1489698281","140089693","0.1"
"1489698281","1535798460","0.1"
"1535798460","1489698281","0.1"
"1489698281","2167177208","0.1"
"2167177208","1489698281","0.1"
"1489698281","2515061898","0.1"
"2515061898","1489698281","0.1"
"1489698281","2908595623","0.1"
"2908595623","1489698281","0.1"
"140089693","1536699160","0.333333"
"1536699160","140089693","0.333333"
"140089693","2038430085","0.333333"
"2038430085","140089693","0.333333"
"140089693","2054010387","0.333333"
"2054010387","140089693","0.333333"
"140089693","1505749296","0.166667"
"1505749296","140089693","0.166667"
"140089693","2130830674","0.166667"
"2130830674","140089693","0.166667"
"1505749296","1601305762","0.166667"
"1601305762","1505749296","0.166667"
"1505749296","2740225106","0.166667"
"2740225106","1505749296","0.166667"
"1505749296","99218589","0.166667"
"99218589","1505749296","0.166667"
"1601305762","2130830674","0.366667"
"2130830674","1601305762","0.366667"
"2130830674","2740225106","0.366667"
"2740225106","2130830674","0.366667"
"2130830674","99218589","1.36667"
"99218589","2130830674","1.36667"
"140409672","2104363101","1"
"2104363101","140409672","1"
"148514298","2515061898","0.5"
"2515061898","148514298","0.5"
"1499785856","2928736370","2"
"2928736370","1499785856","2"
"1499785856","2538572465","1"
"2538572465","1499785856","1"
"1499785856","99218589","0.2"
"99218589","1499785856","0.2"
"1994179928","2153326881","1"
"2153326881","1994179928","1"
"2054010387","2515061898","1"
"2515061898","2054010387","1"
