"100693564","2092431575","5"
"2092431575","100693564","5"
"100693564","1986050151","3.36667"
"1986050151","100693564","3.36667"
"100693564","2133824053","0.833333"
"2133824053","100693564","0.833333"
"1986050151","2092431575","4.01786"
"2092431575","1986050151","4.01786"
"1986050151","2133824053","2.85119"
"2133824053","1986050151","2.85119"
"2092431575","2133824053","6.51786"
"2133824053","2092431575","6.51786"
"100693564","1530162330","0.5"
"1530162330","100693564","0.5"
"1530162330","1986050151","1.18452"
"1986050151","1530162330","1.18452"
"1530162330","2133824053","2.68452"
"2133824053","1530162330","2.68452"
"100693564","178588303","1.2"
"178588303","100693564","1.2"
"100693564","243271803","1.33333"
"243271803","100693564","1.33333"
"100693564","2474047797","0.333333"
"2474047797","100693564","0.333333"
"1986050151","243271803","0.666667"
"243271803","1986050151","0.666667"
"1986050151","2474047797","2.83333"
"2474047797","1986050151","2.83333"
"243271803","2474047797","0.333333"
"2474047797","243271803","0.333333"
"100693564","1972083912","0.366667"
"1972083912","100693564","0.366667"
"100693564","2152952812","0.166667"
"2152952812","100693564","0.166667"
"1530162330","1972083912","0.434524"
"1972083912","1530162330","0.434524"
"1530162330","2092431575","1.85119"
"2092431575","1530162330","1.85119"
"1530162330","2152952812","2.60119"
"2152952812","1530162330","2.60119"
"1972083912","1986050151","1.81071"
"1986050151","1972083912","1.81071"
"1972083912","2092431575","0.934524"
"2092431575","1972083912","0.934524"
"1972083912","2133824053","0.434524"
"2133824053","1972083912","0.434524"
"1972083912","2152952812","4.77738"
"2152952812","1972083912","4.77738"
"1986050151","2152952812","8.09881"
"2152952812","1986050151","8.09881"
"2092431575","2152952812","2.85119"
"2152952812","2092431575","2.85119"
"2133824053","2152952812","0.85119"
"2152952812","2133824053","0.85119"
"100693564","1988950031","0.2"
"1988950031","100693564","0.2"
"100693564","2036039337","0.2"
"2036039337","100693564","0.2"
"178588303","1972083912","0.4"
"1972083912","178588303","0.4"
"178588303","1986050151","0.9"
"1986050151","178588303","0.9"
"178588303","1988950031","0.2"
"1988950031","178588303","0.2"
"178588303","2036039337","0.4"
"2036039337","178588303","0.4"
"1972083912","1988950031","2.27738"
"1988950031","1972083912","2.27738"
"1972083912","2036039337","1.50119"
"2036039337","1972083912","1.50119"
"1986050151","1988950031","5.43214"
"1988950031","1986050151","5.43214"
"1986050151","2036039337","0.667857"
"2036039337","1986050151","0.667857"
"1988950031","2036039337","1.30119"
"2036039337","1988950031","1.30119"
"100693564","2049229947","0.5"
"2049229947","100693564","0.5"
"2049229947","2092431575","2.33333"
"2092431575","2049229947","2.33333"
"1497410485","2566530979","2.15833"
"2566530979","1497410485","2.15833"
"1497410485","2124324682","1.49167"
"2124324682","1497410485","1.49167"
"1497410485","2127594560","0.325"
"2127594560","1497410485","0.325"
"1497410485","2159329317","1.65833"
"2159329317","1497410485","1.65833"
"1497410485","79547568","1.325"
"79547568","1497410485","1.325"
"2124324682","2127594560","3.44167"
"2127594560","2124324682","3.44167"
"2124324682","2159329317","1.78929"
"2159329317","2124324682","1.78929"
"2124324682","2566530979","8.92976"
"2566530979","2124324682","8.92976"
"2124324682","79547568","1.46786"
"79547568","2124324682","1.46786"
"2127594560","2159329317","0.325"
"2159329317","2127594560","0.325"
"2127594560","2566530979","3.19167"
"2566530979","2127594560","3.19167"
"2127594560","79547568","0.658333"
"79547568","2127594560","0.658333"
"2159329317","2566530979","1.09643"
"2566530979","2159329317","1.09643"
"2159329317","79547568","2.96786"
"79547568","2159329317","2.96786"
"2566530979","79547568","0.325"
"79547568","2566530979","0.325"
"1497410485","2026414324","2.29167"
"2026414324","1497410485","2.29167"
"2026414324","2124324682","4.42262"
"2124324682","2026414324","4.42262"
"2026414324","2566530979","1.02976"
"2566530979","2026414324","1.02976"
"2026414324","79547568","2.93452"
"79547568","2026414324","2.93452"
"1497410485","2059538265","1"
"2059538265","1497410485","1"
"1497410485","2062930058","0.5"
"2062930058","1497410485","0.5"
"2026414324","2062930058","0.833333"
"2062930058","2026414324","0.833333"
"1497410485","2117329005","0.666667"
"2117329005","1497410485","0.666667"
"1497410485","2135295137","0.333333"
"2135295137","1497410485","0.333333"
"2117329005","2124324682","3.05952"
"2124324682","2117329005","3.05952"
"2117329005","2135295137","0.583333"
"2135295137","2117329005","0.583333"
"2124324682","2135295137","0.833333"
"2135295137","2124324682","0.833333"
"1497410485","2144551764","0.125"
"2144551764","1497410485","0.125"
"1497410485","2480923101","0.125"
"2480923101","1497410485","0.125"
"2026414324","2127594560","0.125"
"2127594560","2026414324","0.125"
"2026414324","2144551764","0.196429"
"2144551764","2026414324","0.196429"
"2026414324","2159329317","1.92262"
"2159329317","2026414324","1.92262"
"2026414324","2480923101","0.196429"
"2480923101","2026414324","0.196429"
"2124324682","2144551764","1.14643"
"2144551764","2124324682","1.14643"
"2124324682","2480923101","2.44643"
"2480923101","2124324682","2.44643"
"2127594560","2144551764","0.575"
"2144551764","2127594560","0.575"
"2127594560","2480923101","1.04167"
"2480923101","2127594560","1.04167"
"2144551764","2159329317","0.196429"
"2159329317","2144551764","0.196429"
"2144551764","2480923101","0.446429"
"2480923101","2144551764","0.446429"
"2144551764","2566530979","4.47976"
"2566530979","2144551764","4.47976"
"2144551764","79547568","0.125"
"79547568","2144551764","0.125"
"2159329317","2480923101","1.19643"
"2480923101","2159329317","1.19643"
"2480923101","2566530979","2.19643"
"2566530979","2480923101","2.19643"
"2480923101","79547568","0.125"
"79547568","2480923101","0.125"
"2026414324","2117329005","3.72619"
"2117329005","2026414324","3.72619"
"2117329005","2159329317","3.42619"
"2159329317","2117329005","3.42619"
"1530162330","178588303","0.25"
"178588303","1530162330","0.25"
"1530162330","2117329005","0.25"
"2117329005","1530162330","0.25"
"1530162330","2169786268","0.25"
"2169786268","1530162330","0.25"
"178588303","2117329005","0.25"
"2117329005","178588303","0.25"
"178588303","2152952812","0.45"
"2152952812","178588303","0.45"
"178588303","2169786268","0.95"
"2169786268","178588303","0.95"
"2117329005","2152952812","0.25"
"2152952812","2117329005","0.25"
"2117329005","2169786268","0.25"
"2169786268","2117329005","0.25"
"2152952812","2169786268","2.49762"
"2169786268","2152952812","2.49762"
"1530162330","1988950031","0.434524"
"1988950031","1530162330","0.434524"
"1530162330","2036039337","0.267857"
"2036039337","1530162330","0.267857"
"1988950031","2092431575","0.434524"
"2092431575","1988950031","0.434524"
"1988950031","2133824053","0.434524"
"2133824053","1988950031","0.434524"
"1988950031","2152952812","6.73214"
"2152952812","1988950031","6.73214"
"2036039337","2092431575","0.267857"
"2092431575","2036039337","0.267857"
"2036039337","2133824053","0.267857"
"2133824053","2036039337","0.267857"
"2036039337","2152952812","0.80119"
"2152952812","2036039337","0.80119"
"1530162330","79547568","0.166667"
"79547568","1530162330","0.166667"
"1986050151","79547568","0.166667"
"79547568","1986050151","0.166667"
"1988950031","79547568","0.166667"
"79547568","1988950031","0.166667"
"2092431575","79547568","0.166667"
"79547568","2092431575","0.166667"
"2133824053","79547568","0.166667"
"79547568","2133824053","0.166667"
"2152952812","79547568","0.166667"
"79547568","2152952812","0.166667"
"1530162330","2188164228","0.125"
"2188164228","1530162330","0.125"
"1972083912","2188164228","0.125"
"2188164228","1972083912","0.125"
"1986050151","2188164228","0.529762"
"2188164228","1986050151","0.529762"
"1988950031","2188164228","0.196429"
"2188164228","1988950031","0.196429"
"2036039337","2188164228","0.125"
"2188164228","2036039337","0.125"
"2092431575","2188164228","0.125"
"2188164228","2092431575","0.125"
"2133824053","2188164228","0.125"
"2188164228","2133824053","0.125"
"2152952812","2188164228","0.196429"
"2188164228","2152952812","0.196429"
"1972083912","2169786268","0.842857"
"2169786268","1972083912","0.842857"
"1986050151","2169786268","3.66429"
"2169786268","1986050151","3.66429"
"2036039337","2169786268","0.2"
"2169786268","2036039337","0.2"
"18377976","243271803","1"
"243271803","18377976","1"
"18377976","2188164228","3.9881"
"2188164228","18377976","3.9881"
"18377976","1986050151","1.40476"
"1986050151","18377976","1.40476"
"18377976","2135849570","0.333333"
"2135849570","18377976","0.333333"
"1986050151","2135849570","3.16667"
"2135849570","1986050151","3.16667"
"2135849570","2188164228","0.333333"
"2188164228","2135849570","0.333333"
"18377976","2124324682","0.321429"
"2124324682","18377976","0.321429"
"18377976","2144551764","0.321429"
"2144551764","18377976","0.321429"
"18377976","2566530979","0.321429"
"2566530979","18377976","0.321429"
"2124324682","2188164228","1.96429"
"2188164228","2124324682","1.96429"
"2144551764","2188164228","0.321429"
"2188164228","2144551764","0.321429"
"2188164228","2566530979","0.821429"
"2566530979","2188164228","0.821429"
"18377976","2127594560","0.333333"
"2127594560","18377976","0.333333"
"18377976","79547568","0.833333"
"79547568","18377976","0.833333"
"2127594560","2188164228","0.333333"
"2188164228","2127594560","0.333333"
"2188164228","79547568","0.97619"
"79547568","2188164228","0.97619"
"18377976","1988950031","0.0714286"
"1988950031","18377976","0.0714286"
"18377976","2026414324","0.0714286"
"2026414324","18377976","0.0714286"
"18377976","2090855673","0.0714286"
"2090855673","18377976","0.0714286"
"18377976","2123159404","0.0714286"
"2123159404","18377976","0.0714286"
"18377976","2152952812","0.0714286"
"2152952812","18377976","0.0714286"
"18377976","2159329317","0.571429"
"2159329317","18377976","0.571429"
"18377976","2169786268","0.0714286"
"2169786268","18377976","0.0714286"
"18377976","2171038787","0.0714286"
"2171038787","18377976","0.0714286"
"18377976","2480923101","0.0714286"
"2480923101","18377976","0.0714286"
"1986050151","2026414324","0.571429"
"2026414324","1986050151","0.571429"
"1986050151","2090855673","0.571429"
"2090855673","1986050151","0.571429"
"1986050151","2123159404","1.04762"
"2123159404","1986050151","1.04762"
"1986050151","2124324682","0.0714286"
"2124324682","1986050151","0.0714286"
"1986050151","2144551764","0.404762"
"2144551764","1986050151","0.404762"
"1986050151","2159329317","0.0714286"
"2159329317","1986050151","0.0714286"
"1986050151","2171038787","3.46429"
"2171038787","1986050151","3.46429"
"1986050151","2480923101","0.0714286"
"2480923101","1986050151","0.0714286"
"1986050151","2566530979","0.404762"
"2566530979","1986050151","0.404762"
"1988950031","2026414324","0.0714286"
"2026414324","1988950031","0.0714286"
"1988950031","2090855673","0.0714286"
"2090855673","1988950031","0.0714286"
"1988950031","2123159404","0.464286"
"2123159404","1988950031","0.464286"
"1988950031","2124324682","0.0714286"
"2124324682","1988950031","0.0714286"
"1988950031","2144551764","0.0714286"
"2144551764","1988950031","0.0714286"
"1988950031","2159329317","0.0714286"
"2159329317","1988950031","0.0714286"
"1988950031","2169786268","1.96429"
"2169786268","1988950031","1.96429"
"1988950031","2171038787","1.54762"
"2171038787","1988950031","1.54762"
"1988950031","2480923101","0.0714286"
"2480923101","1988950031","0.0714286"
"1988950031","2566530979","0.0714286"
"2566530979","1988950031","0.0714286"
"2026414324","2090855673","0.0714286"
"2090855673","2026414324","0.0714286"
"2026414324","2123159404","0.0714286"
"2123159404","2026414324","0.0714286"
"2026414324","2152952812","0.0714286"
"2152952812","2026414324","0.0714286"
"2026414324","2169786268","0.0714286"
"2169786268","2026414324","0.0714286"
"2026414324","2171038787","0.0714286"
"2171038787","2026414324","0.0714286"
"2026414324","2188164228","2.21429"
"2188164228","2026414324","2.21429"
"2090855673","2123159404","0.654762"
"2123159404","2090855673","0.654762"
"2090855673","2124324682","0.0714286"
"2124324682","2090855673","0.0714286"
"2090855673","2144551764","0.0714286"
"2144551764","2090855673","0.0714286"
"2090855673","2152952812","0.654762"
"2152952812","2090855673","0.654762"
"2090855673","2159329317","0.0714286"
"2159329317","2090855673","0.0714286"
"2090855673","2169786268","4.57143"
"2169786268","2090855673","4.57143"
"2090855673","2171038787","0.321429"
"2171038787","2090855673","0.321429"
"2090855673","2188164228","0.0714286"
"2188164228","2090855673","0.0714286"
"2090855673","2480923101","0.0714286"
"2480923101","2090855673","0.0714286"
"2090855673","2566530979","0.0714286"
"2566530979","2090855673","0.0714286"
"2123159404","2124324682","0.0714286"
"2124324682","2123159404","0.0714286"
"2123159404","2144551764","0.0714286"
"2144551764","2123159404","0.0714286"
"2123159404","2152952812","2.38095"
"2152952812","2123159404","2.38095"
"2123159404","2159329317","0.0714286"
"2159329317","2123159404","0.0714286"
"2123159404","2169786268","2.38095"
"2169786268","2123159404","2.38095"
"2123159404","2171038787","3.54762"
"2171038787","2123159404","3.54762"
"2123159404","2188164228","0.0714286"
"2188164228","2123159404","0.0714286"
"2123159404","2480923101","0.0714286"
"2480923101","2123159404","0.0714286"
"2123159404","2566530979","0.0714286"
"2566530979","2123159404","0.0714286"
"2124324682","2152952812","0.0714286"
"2152952812","2124324682","0.0714286"
"2124324682","2169786268","0.0714286"
"2169786268","2124324682","0.0714286"
"2124324682","2171038787","0.0714286"
"2171038787","2124324682","0.0714286"
"2144551764","2152952812","0.0714286"
"2152952812","2144551764","0.0714286"
"2144551764","2169786268","0.0714286"
"2169786268","2144551764","0.0714286"
"2144551764","2171038787","0.0714286"
"2171038787","2144551764","0.0714286"
"2152952812","2159329317","0.0714286"
"2159329317","2152952812","0.0714286"
"2152952812","2171038787","2.54762"
"2171038787","2152952812","2.54762"
"2152952812","2480923101","0.0714286"
"2480923101","2152952812","0.0714286"
"2152952812","2566530979","0.0714286"
"2566530979","2152952812","0.0714286"
"2159329317","2169786268","0.0714286"
"2169786268","2159329317","0.0714286"
"2159329317","2171038787","0.0714286"
"2171038787","2159329317","0.0714286"
"2159329317","2188164228","2.21429"
"2188164228","2159329317","2.21429"
"2169786268","2171038787","8.79762"
"2171038787","2169786268","8.79762"
"2169786268","2188164228","0.0714286"
"2188164228","2169786268","0.0714286"
"2169786268","2480923101","0.0714286"
"2480923101","2169786268","0.0714286"
"2169786268","2566530979","0.0714286"
"2566530979","2169786268","0.0714286"
"2171038787","2188164228","1.07143"
"2188164228","2171038787","1.07143"
"2171038787","2480923101","0.0714286"
"2480923101","2171038787","0.0714286"
"2171038787","2566530979","0.0714286"
"2566530979","2171038787","0.0714286"
"2188164228","2480923101","0.0714286"
"2480923101","2188164228","0.0714286"
"18377976","2474047797","1"
"2474047797","18377976","1"
"195640198","2188164228","2"
"2188164228","195640198","2"
"195640198","2049229947","1"
"2049229947","195640198","1"
"195640198","1986050151","0.333333"
"1986050151","195640198","0.333333"
"195640198","2135849570","0.333333"
"2135849570","195640198","0.333333"
"195640198","243271803","0.533333"
"243271803","195640198","0.533333"
"2135849570","243271803","1.33333"
"243271803","2135849570","1.33333"
"195640198","1988950031","0.5"
"1988950031","195640198","0.5"
"195640198","2169786268","0.5"
"2169786268","195640198","0.5"
"195640198","206057248","0.2"
"206057248","195640198","0.2"
"195640198","2117329005","0.2"
"2117329005","195640198","0.2"
"195640198","2159329317","0.2"
"2159329317","195640198","0.2"
"195640198","2566530979","0.2"
"2566530979","195640198","0.2"
"206057248","2117329005","0.2"
"2117329005","206057248","0.2"
"206057248","2159329317","0.2"
"2159329317","206057248","0.2"
"206057248","243271803","0.7"
"243271803","206057248","0.7"
"206057248","2566530979","0.2"
"2566530979","206057248","0.2"
"2117329005","243271803","0.342857"
"243271803","2117329005","0.342857"
"2117329005","2566530979","1.03333"
"2566530979","2117329005","1.03333"
"2159329317","243271803","0.342857"
"243271803","2159329317","0.342857"
"243271803","2566530979","0.2"
"2566530979","243271803","0.2"
"1970360315","2070738506","11.6167"
"2070738506","1970360315","11.6167"
"1970360315","2059538265","2.28333"
"2059538265","1970360315","2.28333"
"2059538265","2070738506","4.28333"
"2070738506","2059538265","4.28333"
"1970360315","2188164228","0.333333"
"2188164228","1970360315","0.333333"
"2059538265","2188164228","0.47619"
"2188164228","2059538265","0.47619"
"2070738506","2188164228","0.333333"
"2188164228","2070738506","0.333333"
"1970360315","2026414324","0.333333"
"2026414324","1970360315","0.333333"
"1970360315","79547568","0.333333"
"79547568","1970360315","0.333333"
"2026414324","2070738506","0.333333"
"2070738506","2026414324","0.333333"
"2070738506","79547568","0.333333"
"79547568","2070738506","0.333333"
"1970360315","2062930058","0.45"
"2062930058","1970360315","0.45"
"1970360315","2156586513","0.45"
"2156586513","1970360315","0.45"
"2059538265","2062930058","6.28333"
"2062930058","2059538265","6.28333"
"2059538265","2156586513","2.28333"
"2156586513","2059538265","2.28333"
"2062930058","2070738506","0.45"
"2070738506","2062930058","0.45"
"2062930058","2156586513","5.11667"
"2156586513","2062930058","5.11667"
"2070738506","2156586513","0.45"
"2156586513","2070738506","0.45"
"1970360315","2135295137","0.2"
"2135295137","1970360315","0.2"
"2059538265","2135295137","0.45"
"2135295137","2059538265","0.45"
"2062930058","2135295137","0.2"
"2135295137","2062930058","0.2"
"2070738506","2135295137","0.2"
"2135295137","2070738506","0.2"
"2135295137","2156586513","0.2"
"2156586513","2135295137","0.2"
"1972083912","2123159404","0.47619"
"2123159404","1972083912","0.47619"
"1972083912","2104602739","0.309524"
"2104602739","1972083912","0.309524"
"1972083912","2171038787","0.309524"
"2171038787","1972083912","0.309524"
"1986050151","2104602739","3.30952"
"2104602739","1986050151","3.30952"
"1988950031","2104602739","1.14286"
"2104602739","1988950031","1.14286"
"2104602739","2152952812","1.14286"
"2152952812","2104602739","1.14286"
"2104602739","2169786268","2.30952"
"2169786268","2104602739","2.30952"
"2104602739","2171038787","1.64286"
"2171038787","2104602739","1.64286"
"2104602739","2123159404","0.142857"
"2123159404","2104602739","0.142857"
"1986050151","2135295137","0.333333"
"2135295137","1986050151","0.333333"
"2135295137","2144551764","1.83333"
"2144551764","2135295137","1.83333"
"2135295137","2566530979","1.83333"
"2566530979","2135295137","1.83333"
"1986050151","2108626321","1"
"2108626321","1986050151","1"
"2026414324","2092431575","0.5"
"2092431575","2026414324","0.5"
"1986050151","2049229947","0.333333"
"2049229947","1986050151","0.333333"
"2049229947","2133824053","0.833333"
"2133824053","2049229947","0.833333"
"2135849570","2474047797","8.5"
"2474047797","2135849570","8.5"
"1986050151","2127594560","0.25"
"2127594560","1986050151","0.25"
"2090855673","2127594560","0.25"
"2127594560","2090855673","0.25"
"2127594560","2169786268","0.25"
"2169786268","2127594560","0.25"
"2127594560","2171038787","0.25"
"2171038787","2127594560","0.25"
"2026414324","2135295137","0.25"
"2135295137","2026414324","0.25"
"2135295137","2159329317","0.25"
"2159329317","2135295137","0.25"
"2026414324","2059538265","0.142857"
"2059538265","2026414324","0.142857"
"2026414324","243271803","0.142857"
"243271803","2026414324","0.142857"
"2059538265","2117329005","0.142857"
"2117329005","2059538265","0.142857"
"2059538265","2124324682","0.342857"
"2124324682","2059538265","0.342857"
"2059538265","2159329317","0.142857"
"2159329317","2059538265","0.142857"
"2059538265","243271803","0.142857"
"243271803","2059538265","0.142857"
"2059538265","79547568","0.142857"
"79547568","2059538265","0.142857"
"2117329005","2188164228","0.642857"
"2188164228","2117329005","0.642857"
"2117329005","79547568","0.642857"
"79547568","2117329005","0.642857"
"2124324682","243271803","0.142857"
"243271803","2124324682","0.142857"
"2188164228","243271803","0.142857"
"243271803","2188164228","0.142857"
"243271803","79547568","0.142857"
"79547568","243271803","0.142857"
"2026414324","2156586513","0.333333"
"2156586513","2026414324","0.333333"
"2062930058","79547568","0.333333"
"79547568","2062930058","0.333333"
"2156586513","79547568","0.333333"
"79547568","2156586513","0.333333"
"2026414324","206057248","1"
"206057248","2026414324","1"
"2049229947","206057248","0.5"
"206057248","2049229947","0.5"
"2049229947","243271803","0.5"
"243271803","2049229947","0.5"
"2059538265","2099525451","0.45"
"2099525451","2059538265","0.45"
"2059538265","2127594560","0.2"
"2127594560","2059538265","0.2"
"2059538265","2144551764","0.45"
"2144551764","2059538265","0.45"
"2059538265","2566530979","1.45"
"2566530979","2059538265","1.45"
"2099525451","2124324682","0.7"
"2124324682","2099525451","0.7"
"2099525451","2127594560","0.45"
"2127594560","2099525451","0.45"
"2099525451","2144551764","0.95"
"2144551764","2099525451","0.95"
"2099525451","2566530979","0.7"
"2566530979","2099525451","0.7"
"2099525451","2135295137","0.5"
"2135295137","2099525451","0.5"
"2059538265","2140425780","0.333333"
"2140425780","2059538265","0.333333"
"2062930058","2140425780","0.333333"
"2140425780","2062930058","0.333333"
"2140425780","2156586513","0.333333"
"2156586513","2140425780","0.333333"
"2062930058","2117329005","1"
"2117329005","2062930058","1"
"2062930058","2188164228","1.5"
"2188164228","2062930058","1.5"
"2156586513","2188164228","0.5"
"2188164228","2156586513","0.5"
"2062930058","2099525451","1"
"2099525451","2062930058","1"
"2090855673","2108626321","0.333333"
"2108626321","2090855673","0.333333"
"2108626321","2123159404","0.333333"
"2123159404","2108626321","0.333333"
"2108626321","2152952812","0.333333"
"2152952812","2108626321","0.333333"
"2092431575","2474047797","1"
"2474047797","2092431575","1"
"2099525451","2480923101","0.25"
"2480923101","2099525451","0.25"
"2104602739","2474047797","1"
"2474047797","2104602739","1"
"2108626321","2169786268","1"
"2169786268","2108626321","1"
"2108626321","2171038787","1"
"2171038787","2108626321","1"
"2117329005","2480923101","0.333333"
"2480923101","2117329005","0.333333"
"2135295137","2188164228","1"
"2188164228","2135295137","1"
"2135295137","2169786268","1"
"2169786268","2135295137","1"
