"116240008","128098030","0.0555556"
"128098030","116240008","0.0555556"
"116240008","1508255000","0.432367"
"1508255000","116240008","0.432367"
"116240008","1511027217","0.388889"
"1511027217","116240008","0.388889"
"116240008","1593935454","0.0555556"
"1593935454","116240008","0.0555556"
"116240008","1607655600","0.0555556"
"1607655600","116240008","0.0555556"
"116240008","1851334974","0.599034"
"1851334974","116240008","0.599034"
"116240008","1991160424","0.0990338"
"1991160424","116240008","0.0990338"
"116240008","2023396576","0.0990338"
"2023396576","116240008","0.0990338"
"116240008","2034590381","0.241891"
"2034590381","116240008","0.241891"
"116240008","2056291812","0.241891"
"2056291812","116240008","0.241891"
"116240008","2130253908","0.0990338"
"2130253908","116240008","0.0990338"
"116240008","2137991883","0.531746"
"2137991883","116240008","0.531746"
"116240008","2154440636","0.241891"
"2154440636","116240008","0.241891"
"116240008","2163400443","0.241891"
"2163400443","116240008","0.241891"
"116240008","2401457234","0.0990338"
"2401457234","116240008","0.0990338"
"116240008","2625818122","0.0990338"
"2625818122","116240008","0.0990338"
"116240008","38209798","0.198413"
"38209798","116240008","0.198413"
"116240008","96339654","0.241891"
"96339654","116240008","0.241891"
"128098030","1508255000","0.126984"
"1508255000","128098030","0.126984"
"128098030","1511027217","0.0555556"
"1511027217","128098030","0.0555556"
"128098030","1593935454","5.04365"
"1593935454","128098030","5.04365"
"128098030","1607655600","0.293651"
"1607655600","128098030","0.293651"
"128098030","1851334974","0.0555556"
"1851334974","128098030","0.0555556"
"128098030","1991160424","0.0555556"
"1991160424","128098030","0.0555556"
"128098030","2023396576","0.0555556"
"2023396576","128098030","0.0555556"
"128098030","2034590381","0.0555556"
"2034590381","128098030","0.0555556"
"128098030","2056291812","0.0555556"
"2056291812","128098030","0.0555556"
"128098030","2130253908","0.0555556"
"2130253908","128098030","0.0555556"
"128098030","2137991883","0.388889"
"2137991883","128098030","0.388889"
"128098030","2154440636","0.0555556"
"2154440636","128098030","0.0555556"
"128098030","2163400443","0.388889"
"2163400443","128098030","0.388889"
"128098030","2401457234","0.376984"
"2401457234","128098030","0.376984"
"128098030","2625818122","0.0555556"
"2625818122","128098030","0.0555556"
"128098030","38209798","1.62698"
"38209798","128098030","1.62698"
"128098030","96339654","0.0555556"
"96339654","128098030","0.0555556"
"1508255000","1511027217","1.95034"
"1511027217","1508255000","1.95034"
"1508255000","1593935454","0.731746"
"1593935454","1508255000","0.731746"
"1508255000","1607655600","1.35079"
"1607655600","1508255000","1.35079"
"1508255000","1851334974","0.557367"
"1851334974","1508255000","0.557367"
"1508255000","1991160424","0.175957"
"1991160424","1508255000","0.175957"
"1508255000","2023396576","0.965701"
"2023396576","1508255000","0.965701"
"1508255000","2034590381","0.170462"
"2034590381","1508255000","0.170462"
"1508255000","2056291812","0.170462"
"2056291812","1508255000","0.170462"
"1508255000","2130253908","0.41332"
"2130253908","1508255000","0.41332"
"1508255000","2137991883","3.1801"
"2137991883","1508255000","3.1801"
"1508255000","2154440636","3.13237"
"2154440636","1508255000","3.13237"
"1508255000","2163400443","0.709748"
"2163400443","1508255000","0.709748"
"1508255000","2401457234","1.92165"
"2401457234","1508255000","1.92165"
"1508255000","2625818122","0.318814"
"2625818122","1508255000","0.318814"
"1508255000","38209798","1.7377"
"38209798","1508255000","1.7377"
"1508255000","96339654","0.332367"
"96339654","1508255000","0.332367"
"1511027217","1593935454","0.346465"
"1593935454","1511027217","0.346465"
"1511027217","1607655600","0.388889"
"1607655600","1511027217","0.388889"
"1511027217","1851334974","0.704798"
"1851334974","1511027217","0.704798"
"1511027217","1991160424","0.132479"
"1991160424","1511027217","0.132479"
"1511027217","2023396576","0.213131"
"2023396576","1511027217","0.213131"
"1511027217","2034590381","0.0555556"
"2034590381","1511027217","0.0555556"
"1511027217","2056291812","0.222222"
"2056291812","1511027217","0.222222"
"1511027217","2130253908","0.0555556"
"2130253908","1511027217","0.0555556"
"1511027217","2137991883","10.4496"
"2137991883","1511027217","10.4496"
"1511027217","2154440636","0.813131"
"2154440636","1511027217","0.813131"
"1511027217","2163400443","0.655988"
"2163400443","1511027217","0.655988"
"1511027217","2401457234","0.905556"
"2401457234","1511027217","0.905556"
"1511027217","2625818122","0.275336"
"2625818122","1511027217","0.275336"
"1511027217","38209798","0.755556"
"38209798","1511027217","0.755556"
"1511027217","96339654","0.213131"
"96339654","1511027217","0.213131"
"1593935454","1607655600","0.565079"
"1607655600","1593935454","0.565079"
"1593935454","1851334974","0.346465"
"1851334974","1593935454","0.346465"
"1593935454","1991160424","0.0555556"
"1991160424","1593935454","0.0555556"
"1593935454","2023396576","0.146465"
"2023396576","1593935454","0.146465"
"1593935454","2034590381","0.126984"
"2034590381","1593935454","0.126984"
"1593935454","2056291812","0.126984"
"2056291812","1593935454","0.126984"
"1593935454","2130253908","0.126984"
"2130253908","1593935454","0.126984"
"1593935454","2137991883","0.751227"
"2137991883","1593935454","0.751227"
"1593935454","2154440636","0.146465"
"2154440636","1593935454","0.146465"
"1593935454","2163400443","0.679798"
"2163400443","1593935454","0.679798"
"1593935454","2401457234","0.448413"
"2401457234","1593935454","0.448413"
"1593935454","2625818122","0.0555556"
"2625818122","1593935454","0.0555556"
"1593935454","38209798","1.77698"
"38209798","1593935454","1.77698"
"1593935454","96339654","0.146465"
"96339654","1593935454","0.146465"
"1607655600","1851334974","0.0555556"
"1851334974","1607655600","0.0555556"
"1607655600","1991160424","0.0555556"
"1991160424","1607655600","0.0555556"
"1607655600","2023396576","0.0555556"
"2023396576","1607655600","0.0555556"
"1607655600","2034590381","0.126984"
"2034590381","1607655600","0.126984"
"1607655600","2056291812","0.126984"
"2056291812","1607655600","0.126984"
"1607655600","2130253908","0.269841"
"2130253908","1607655600","0.269841"
"1607655600","2137991883","0.460317"
"2137991883","1607655600","0.460317"
"1607655600","2154440636","0.0555556"
"2154440636","1607655600","0.0555556"
"1607655600","2163400443","0.698413"
"2163400443","1607655600","0.698413"
"1607655600","2401457234","0.650794"
"2401457234","1607655600","0.650794"
"1607655600","2625818122","0.0555556"
"2625818122","1607655600","0.0555556"
"1607655600","38209798","4.05317"
"38209798","1607655600","4.05317"
"1607655600","96339654","0.0555556"
"96339654","1607655600","0.0555556"
"1851334974","1991160424","0.0990338"
"1991160424","1851334974","0.0990338"
"1851334974","2023396576","0.35661"
"2023396576","1851334974","0.35661"
"1851334974","2034590381","0.0990338"
"2034590381","1851334974","0.0990338"
"1851334974","2056291812","0.2657"
"2056291812","1851334974","0.2657"
"1851334974","2130253908","0.199034"
"2130253908","1851334974","0.199034"
"1851334974","2137991883","0.579798"
"2137991883","1851334974","0.579798"
"1851334974","2154440636","0.523276"
"2154440636","1851334974","0.523276"
"1851334974","2163400443","0.55661"
"2163400443","1851334974","0.55661"
"1851334974","2401457234","0.2657"
"2401457234","1851334974","0.2657"
"1851334974","2625818122","0.0990338"
"2625818122","1851334974","0.0990338"
"1851334974","38209798","0.755556"
"38209798","1851334974","0.755556"
"1851334974","96339654","4.25661"
"96339654","1851334974","4.25661"
"1991160424","2023396576","0.0990338"
"2023396576","1991160424","0.0990338"
"1991160424","2034590381","0.724034"
"2034590381","1991160424","0.724034"
"1991160424","2056291812","0.224034"
"2056291812","1991160424","0.224034"
"1991160424","2130253908","2.22403"
"2130253908","1991160424","2.22403"
"1991160424","2137991883","1.09081"
"2137991883","1991160424","1.09081"
"1991160424","2154440636","0.0990338"
"2154440636","1991160424","0.0990338"
"1991160424","2163400443","0.0990338"
"2163400443","1991160424","0.0990338"
"1991160424","2401457234","0.0990338"
"2401457234","1991160424","0.0990338"
"1991160424","2625818122","0.175957"
"2625818122","1991160424","0.175957"
"1991160424","38209798","0.0555556"
"38209798","1991160424","0.0555556"
"1991160424","96339654","0.0990338"
"96339654","1991160424","0.0990338"
"2023396576","2034590381","0.0990338"
"2034590381","2023396576","0.0990338"
"2023396576","2056291812","0.0990338"
"2056291812","2023396576","0.0990338"
"2023396576","2130253908","0.199034"
"2130253908","2023396576","0.199034"
"2023396576","2137991883","1.41313"
"2137991883","2023396576","1.41313"
"2023396576","2154440636","0.189943"
"2154440636","2023396576","0.189943"
"2023396576","2163400443","0.723276"
"2163400443","2023396576","0.723276"
"2023396576","2401457234","0.799034"
"2401457234","2023396576","0.799034"
"2023396576","2625818122","0.0990338"
"2625818122","2023396576","0.0990338"
"2023396576","38209798","0.0555556"
"38209798","2023396576","0.0555556"
"2023396576","96339654","0.25661"
"96339654","2023396576","0.25661"
"2034590381","2056291812","0.581177"
"2056291812","2034590381","0.581177"
"2034590381","2130253908","0.295462"
"2130253908","2034590381","0.295462"
"2034590381","2137991883","0.894841"
"2137991883","2034590381","0.894841"
"2034590381","2154440636","0.384748"
"2154440636","2034590381","0.384748"
"2034590381","2163400443","0.241891"
"2163400443","2034590381","0.241891"
"2034590381","2401457234","0.31332"
"2401457234","2034590381","0.31332"
"2034590381","2625818122","0.0990338"
"2625818122","2034590381","0.0990338"
"2034590381","38209798","0.198413"
"38209798","2034590381","0.198413"
"2034590381","96339654","0.241891"
"96339654","2034590381","0.241891"
"2056291812","2130253908","0.295462"
"2130253908","2056291812","0.295462"
"2056291812","2137991883","0.561508"
"2137991883","2056291812","0.561508"
"2056291812","2154440636","0.551415"
"2154440636","2056291812","0.551415"
"2056291812","2163400443","0.408558"
"2163400443","2056291812","0.408558"
"2056291812","2401457234","0.56332"
"2401457234","2056291812","0.56332"
"2056291812","2625818122","0.0990338"
"2625818122","2056291812","0.0990338"
"2056291812","38209798","0.615079"
"38209798","2056291812","0.615079"
"2056291812","96339654","0.241891"
"96339654","2056291812","0.241891"
"2130253908","2137991883","0.251984"
"2137991883","2130253908","0.251984"
"2130253908","2154440636","0.0990338"
"2154440636","2130253908","0.0990338"
"2130253908","2163400443","1.09903"
"2163400443","2130253908","1.09903"
"2130253908","2401457234","0.41332"
"2401457234","2130253908","0.41332"
"2130253908","2625818122","0.0990338"
"2625818122","2130253908","0.0990338"
"2130253908","38209798","0.0555556"
"38209798","2130253908","0.0555556"
"2130253908","96339654","0.0990338"
"96339654","2130253908","0.0990338"
"2137991883","2154440636","3.70599"
"2154440636","2137991883","3.70599"
"2137991883","2163400443","2.33218"
"2163400443","2137991883","2.33218"
"2137991883","2401457234","1.63532"
"2401457234","2137991883","1.63532"
"2137991883","2625818122","0.275336"
"2625818122","2137991883","0.275336"
"2137991883","38209798","0.898413"
"38209798","2137991883","0.898413"
"2137991883","96339654","0.355988"
"96339654","2137991883","0.355988"
"2154440636","2163400443","0.499467"
"2163400443","2154440636","0.499467"
"2154440636","2401457234","0.575224"
"2401457234","2154440636","0.575224"
"2154440636","2625818122","0.0990338"
"2625818122","2154440636","0.0990338"
"2154440636","38209798","0.365079"
"38209798","2154440636","0.365079"
"2154440636","96339654","0.499467"
"96339654","2154440636","0.499467"
"2163400443","2401457234","0.566891"
"2401457234","2163400443","0.566891"
"2163400443","2625818122","0.241891"
"2625818122","2163400443","0.241891"
"2163400443","38209798","2.9996"
"38209798","2163400443","2.9996"
"2163400443","96339654","0.3328"
"96339654","2163400443","0.3328"
"2401457234","2625818122","0.0990338"
"2625818122","2401457234","0.0990338"
"2401457234","38209798","0.787698"
"38209798","2401457234","0.787698"
"2401457234","96339654","0.1657"
"96339654","2401457234","0.1657"
"2625818122","38209798","0.0555556"
"38209798","2625818122","0.0555556"
"2625818122","96339654","0.0990338"
"96339654","2625818122","0.0990338"
"38209798","96339654","0.531746"
"96339654","38209798","0.531746"
"116240008","15333973","0.0434783"
"15333973","116240008","0.0434783"
"116240008","1538590846","0.0434783"
"1538590846","116240008","0.0434783"
"116240008","16144255","0.0434783"
"16144255","116240008","0.0434783"
"116240008","1797502670","0.0434783"
"1797502670","116240008","0.0434783"
"116240008","1952332000","0.0434783"
"1952332000","116240008","0.0434783"
"116240008","2018955953","0.0434783"
"2018955953","116240008","0.0434783"
"116240008","2035156626","0.0434783"
"2035156626","116240008","0.0434783"
"116240008","2064301045","0.0434783"
"2064301045","116240008","0.0434783"
"116240008","2394866990","1.87681"
"2394866990","116240008","1.87681"
"116240008","2399452250","0.0434783"
"2399452250","116240008","0.0434783"
"116240008","2898315309","0.0434783"
"2898315309","116240008","0.0434783"
"1508255000","15333973","0.187068"
"15333973","1508255000","0.187068"
"1508255000","1538590846","1.01207"
"1538590846","1508255000","1.01207"
"1508255000","16144255","2.60493"
"16144255","1508255000","2.60493"
"1508255000","1797502670","2.6085"
"1797502670","1508255000","2.6085"
"1508255000","1952332000","0.467288"
"1952332000","1508255000","0.467288"
"1508255000","2018955953","0.688258"
"2018955953","1508255000","0.688258"
"1508255000","2035156626","1.56848"
"2035156626","1508255000","1.56848"
"1508255000","2064301045","0.235145"
"2064301045","1508255000","0.235145"
"1508255000","2394866990","0.311335"
"2394866990","1508255000","0.311335"
"1508255000","2399452250","0.214907"
"2399452250","1508255000","0.214907"
"1508255000","2898315309","0.168478"
"2898315309","1508255000","0.168478"
"15333973","1538590846","2.43707"
"1538590846","15333973","2.43707"
"15333973","16144255","0.187068"
"16144255","15333973","0.187068"
"15333973","1797502670","0.120401"
"1797502670","15333973","0.120401"
"15333973","1851334974","0.110145"
"1851334974","15333973","0.110145"
"15333973","1952332000","0.110145"
"1952332000","15333973","0.110145"
"15333973","1991160424","0.120401"
"1991160424","15333973","0.120401"
"15333973","2018955953","0.120401"
"2018955953","15333973","0.120401"
"15333973","2023396576","0.110145"
"2023396576","15333973","0.110145"
"15333973","2034590381","0.0434783"
"2034590381","15333973","0.0434783"
"15333973","2035156626","0.0434783"
"2035156626","15333973","0.0434783"
"15333973","2056291812","0.0434783"
"2056291812","15333973","0.0434783"
"15333973","2064301045","0.860145"
"2064301045","15333973","0.860145"
"15333973","2130253908","0.0434783"
"2130253908","15333973","0.0434783"
"15333973","2154440636","0.0434783"
"2154440636","15333973","0.0434783"
"15333973","2163400443","0.0434783"
"2163400443","15333973","0.0434783"
"15333973","2394866990","0.0434783"
"2394866990","15333973","0.0434783"
"15333973","2399452250","0.0434783"
"2399452250","15333973","0.0434783"
"15333973","2401457234","0.110145"
"2401457234","15333973","0.110145"
"15333973","2625818122","0.120401"
"2625818122","15333973","0.120401"
"15333973","2898315309","0.0434783"
"2898315309","15333973","0.0434783"
"15333973","96339654","0.110145"
"96339654","15333973","0.110145"
"1538590846","16144255","0.312068"
"16144255","1538590846","0.312068"
"1538590846","1797502670","0.120401"
"1797502670","1538590846","0.120401"
"1538590846","1851334974","0.235145"
"1851334974","1538590846","0.235145"
"1538590846","1952332000","0.110145"
"1952332000","1538590846","0.110145"
"1538590846","1991160424","0.120401"
"1991160424","1538590846","0.120401"
"1538590846","2018955953","0.320401"
"2018955953","1538590846","0.320401"
"1538590846","2023396576","0.110145"
"2023396576","1538590846","0.110145"
"1538590846","2034590381","0.0434783"
"2034590381","1538590846","0.0434783"
"1538590846","2035156626","0.0434783"
"2035156626","1538590846","0.0434783"
"1538590846","2056291812","0.0434783"
"2056291812","1538590846","0.0434783"
"1538590846","2064301045","0.985145"
"2064301045","1538590846","0.985145"
"1538590846","2130253908","0.0434783"
"2130253908","1538590846","0.0434783"
"1538590846","2154440636","0.0434783"
"2154440636","1538590846","0.0434783"
"1538590846","2163400443","0.0434783"
"2163400443","1538590846","0.0434783"
"1538590846","2394866990","0.0434783"
"2394866990","1538590846","0.0434783"
"1538590846","2399452250","0.0434783"
"2399452250","1538590846","0.0434783"
"1538590846","2401457234","0.110145"
"2401457234","1538590846","0.110145"
"1538590846","2625818122","0.120401"
"2625818122","1538590846","0.120401"
"1538590846","2898315309","0.0434783"
"2898315309","1538590846","0.0434783"
"1538590846","96339654","0.110145"
"96339654","1538590846","0.110145"
"16144255","1797502670","0.263258"
"1797502670","16144255","0.263258"
"16144255","1851334974","0.492721"
"1851334974","16144255","0.492721"
"16144255","1952332000","0.253002"
"1952332000","16144255","0.253002"
"16144255","1991160424","0.245401"
"1991160424","16144255","0.245401"
"16144255","2018955953","0.245401"
"2018955953","16144255","0.245401"
"16144255","2023396576","0.201054"
"2023396576","16144255","0.201054"
"16144255","2034590381","0.168478"
"2034590381","16144255","0.168478"
"16144255","2035156626","2.78439"
"2035156626","16144255","2.78439"
"16144255","2056291812","0.168478"
"2056291812","16144255","0.168478"
"16144255","2064301045","0.235145"
"2064301045","16144255","0.235145"
"16144255","2130253908","0.168478"
"2130253908","16144255","0.168478"
"16144255","2154440636","3.58439"
"2154440636","16144255","3.58439"
"16144255","2163400443","0.134387"
"2163400443","16144255","0.134387"
"16144255","2394866990","0.0434783"
"2394866990","16144255","0.0434783"
"16144255","2399452250","0.0434783"
"2399452250","16144255","0.0434783"
"16144255","2401457234","1.11967"
"2401457234","16144255","1.11967"
"16144255","2625818122","0.120401"
"2625818122","16144255","0.120401"
"16144255","2898315309","0.0434783"
"2898315309","16144255","0.0434783"
"16144255","96339654","0.367721"
"96339654","16144255","0.367721"
"1797502670","1851334974","0.143478"
"1851334974","1797502670","0.143478"
"1797502670","1952332000","1.80895"
"1952332000","1797502670","1.80895"
"1797502670","1991160424","0.120401"
"1991160424","1797502670","0.120401"
"1797502670","2018955953","0.345401"
"2018955953","1797502670","0.345401"
"1797502670","2023396576","0.676812"
"2023396576","1797502670","0.676812"
"1797502670","2034590381","0.114907"
"2034590381","1797502670","0.114907"
"1797502670","2035156626","0.210145"
"2035156626","1797502670","0.210145"
"1797502670","2056291812","0.364907"
"2056291812","1797502670","0.364907"
"1797502670","2064301045","0.0434783"
"2064301045","1797502670","0.0434783"
"1797502670","2130253908","0.214907"
"2130253908","1797502670","0.214907"
"1797502670","2154440636","0.0434783"
"2154440636","1797502670","0.0434783"
"1797502670","2163400443","0.553002"
"2163400443","1797502670","0.553002"
"1797502670","2394866990","0.0434783"
"2394866990","1797502670","0.0434783"
"1797502670","2399452250","0.214907"
"2399452250","1797502670","0.214907"
"1797502670","2401457234","6.40657"
"2401457234","1797502670","6.40657"
"1797502670","2625818122","0.120401"
"2625818122","1797502670","0.120401"
"1797502670","2898315309","0.210145"
"2898315309","1797502670","0.210145"
"1797502670","96339654","0.0434783"
"96339654","1797502670","0.0434783"
"1851334974","1952332000","0.110145"
"1952332000","1851334974","0.110145"
"1851334974","2018955953","0.143478"
"2018955953","1851334974","0.143478"
"1851334974","2035156626","0.301054"
"2035156626","1851334974","0.301054"
"1851334974","2064301045","0.735145"
"2064301045","1851334974","0.735145"
"1851334974","2394866990","0.0434783"
"2394866990","1851334974","0.0434783"
"1851334974","2399452250","0.143478"
"2399452250","1851334974","0.143478"
"1851334974","2898315309","0.0434783"
"2898315309","1851334974","0.0434783"
"1952332000","1991160424","0.0434783"
"1991160424","1952332000","0.0434783"
"1952332000","2018955953","0.501812"
"2018955953","1952332000","0.501812"
"1952332000","2023396576","1.44348"
"2023396576","1952332000","1.44348"
"1952332000","2034590381","0.186335"
"2034590381","1952332000","0.186335"
"1952332000","2035156626","0.210145"
"2035156626","1952332000","0.210145"
"1952332000","2056291812","0.436335"
"2056291812","1952332000","0.436335"
"1952332000","2064301045","0.110145"
"2064301045","1952332000","0.110145"
"1952332000","2130253908","1.04348"
"2130253908","1952332000","1.04348"
"1952332000","2154440636","0.686335"
"2154440636","1952332000","0.686335"
"1952332000","2163400443","0.710145"
"2163400443","1952332000","0.710145"
"1952332000","2394866990","0.0434783"
"2394866990","1952332000","0.0434783"
"1952332000","2399452250","1.44824"
"2399452250","1952332000","1.44824"
"1952332000","2401457234","2.10181"
"2401457234","1952332000","2.10181"
"1952332000","2625818122","0.0434783"
"2625818122","1952332000","0.0434783"
"1952332000","2898315309","0.210145"
"2898315309","1952332000","0.210145"
"1952332000","96339654","0.110145"
"96339654","1952332000","0.110145"
"1991160424","2018955953","0.578735"
"2018955953","1991160424","0.578735"
"1991160424","2035156626","0.0434783"
"2035156626","1991160424","0.0434783"
"1991160424","2064301045","0.0434783"
"2064301045","1991160424","0.0434783"
"1991160424","2394866990","0.0434783"
"2394866990","1991160424","0.0434783"
"1991160424","2399452250","0.0434783"
"2399452250","1991160424","0.0434783"
"1991160424","2898315309","0.0434783"
"2898315309","1991160424","0.0434783"
"2018955953","2023396576","0.143478"
"2023396576","2018955953","0.143478"
"2018955953","2034590381","0.168478"
"2034590381","2018955953","0.168478"
"2018955953","2035156626","0.168478"
"2035156626","2018955953","0.168478"
"2018955953","2056291812","0.168478"
"2056291812","2018955953","0.168478"
"2018955953","2064301045","0.0434783"
"2064301045","2018955953","0.0434783"
"2018955953","2130253908","0.268478"
"2130253908","2018955953","0.268478"
"2018955953","2154440636","0.0434783"
"2154440636","2018955953","0.0434783"
"2018955953","2163400443","0.311335"
"2163400443","2018955953","0.311335"
"2018955953","2394866990","0.311335"
"2394866990","2018955953","0.311335"
"2018955953","2399452250","0.476812"
"2399452250","2018955953","0.476812"
"2018955953","2401457234","0.393478"
"2401457234","2018955953","0.393478"
"2018955953","2625818122","0.263258"
"2625818122","2018955953","0.263258"
"2018955953","2898315309","0.168478"
"2898315309","2018955953","0.168478"
"2018955953","96339654","0.0434783"
"96339654","2018955953","0.0434783"
"2023396576","2035156626","0.134387"
"2035156626","2023396576","0.134387"
"2023396576","2064301045","0.110145"
"2064301045","2023396576","0.110145"
"2023396576","2394866990","0.0434783"
"2394866990","2023396576","0.0434783"
"2023396576","2399452250","0.143478"
"2399452250","2023396576","0.143478"
"2023396576","2898315309","0.0434783"
"2898315309","2023396576","0.0434783"
"2034590381","2035156626","0.0434783"
"2035156626","2034590381","0.0434783"
"2034590381","2064301045","0.0434783"
"2064301045","2034590381","0.0434783"
"2034590381","2394866990","0.0434783"
"2394866990","2034590381","0.0434783"
"2034590381","2399452250","0.0434783"
"2399452250","2034590381","0.0434783"
"2034590381","2898315309","0.0434783"
"2898315309","2034590381","0.0434783"
"2035156626","2056291812","0.0434783"
"2056291812","2035156626","0.0434783"
"2035156626","2064301045","0.0434783"
"2064301045","2035156626","0.0434783"
"2035156626","2130253908","0.0434783"
"2130253908","2035156626","0.0434783"
"2035156626","2154440636","1.83439"
"2154440636","2035156626","1.83439"
"2035156626","2163400443","0.426054"
"2163400443","2035156626","0.426054"
"2035156626","2394866990","0.168478"
"2394866990","2035156626","0.168478"
"2035156626","2399452250","0.0434783"
"2399452250","2035156626","0.0434783"
"2035156626","2401457234","0.368478"
"2401457234","2035156626","0.368478"
"2035156626","2625818122","0.0434783"
"2625818122","2035156626","0.0434783"
"2035156626","2898315309","0.335145"
"2898315309","2035156626","0.335145"
"2035156626","96339654","0.301054"
"96339654","2035156626","0.301054"
"2056291812","2064301045","0.0434783"
"2064301045","2056291812","0.0434783"
"2056291812","2394866990","0.0434783"
"2394866990","2056291812","0.0434783"
"2056291812","2399452250","0.0434783"
"2399452250","2056291812","0.0434783"
"2056291812","2898315309","0.0434783"
"2898315309","2056291812","0.0434783"
"2064301045","2130253908","0.0434783"
"2130253908","2064301045","0.0434783"
"2064301045","2154440636","0.0434783"
"2154440636","2064301045","0.0434783"
"2064301045","2163400443","0.0434783"
"2163400443","2064301045","0.0434783"
"2064301045","2394866990","0.0434783"
"2394866990","2064301045","0.0434783"
"2064301045","2399452250","0.0434783"
"2399452250","2064301045","0.0434783"
"2064301045","2401457234","0.110145"
"2401457234","2064301045","0.110145"
"2064301045","2625818122","0.0434783"
"2625818122","2064301045","0.0434783"
"2064301045","2898315309","0.0434783"
"2898315309","2064301045","0.0434783"
"2064301045","96339654","0.610145"
"96339654","2064301045","0.610145"
"2130253908","2394866990","0.0434783"
"2394866990","2130253908","0.0434783"
"2130253908","2399452250","0.643478"
"2399452250","2130253908","0.643478"
"2130253908","2898315309","0.0434783"
"2898315309","2130253908","0.0434783"
"2154440636","2394866990","0.0434783"
"2394866990","2154440636","0.0434783"
"2154440636","2399452250","0.543478"
"2399452250","2154440636","0.543478"
"2154440636","2898315309","0.0434783"
"2898315309","2154440636","0.0434783"
"2163400443","2394866990","0.311335"
"2394866990","2163400443","0.311335"
"2163400443","2399452250","0.0434783"
"2399452250","2163400443","0.0434783"
"2163400443","2898315309","0.335145"
"2898315309","2163400443","0.335145"
"2394866990","2399452250","0.0434783"
"2399452250","2394866990","0.0434783"
"2394866990","2401457234","0.168478"
"2401457234","2394866990","0.168478"
"2394866990","2625818122","0.186335"
"2625818122","2394866990","0.186335"
"2394866990","2898315309","0.168478"
"2898315309","2394866990","0.168478"
"2394866990","96339654","0.0434783"
"96339654","2394866990","0.0434783"
"2399452250","2401457234","0.214907"
"2401457234","2399452250","0.214907"
"2399452250","2625818122","0.0434783"
"2625818122","2399452250","0.0434783"
"2399452250","2898315309","0.0434783"
"2898315309","2399452250","0.0434783"
"2399452250","96339654","0.0434783"
"96339654","2399452250","0.0434783"
"2401457234","2898315309","0.168478"
"2898315309","2401457234","0.168478"
"2625818122","2898315309","0.0434783"
"2898315309","2625818122","0.0434783"
"2898315309","96339654","0.0434783"
"96339654","2898315309","0.0434783"
"116240008","2199528993","1.33333"
"2199528993","116240008","1.33333"
"116240008","2017115426","1.08333"
"2017115426","116240008","1.08333"
"116240008","2394516198","1.08333"
"2394516198","116240008","1.08333"
"2017115426","2394516198","10.0833"
"2394516198","2017115426","10.0833"
"116240008","1573079087","1"
"1573079087","116240008","1"
"1573079087","2394866990","0.5"
"2394866990","1573079087","0.5"
"1573079087","1851334974","0.691667"
"1851334974","1573079087","0.691667"
"116240008","219599384","1.58333"
"219599384","116240008","1.58333"
"116240008","350706983","1.58333"
"350706983","116240008","1.58333"
"2017115426","219599384","1.58333"
"219599384","2017115426","1.58333"
"2017115426","350706983","2.25"
"350706983","2017115426","2.25"
"219599384","2394516198","2.58333"
"2394516198","219599384","2.58333"
"219599384","350706983","3.25"
"350706983","219599384","3.25"
"2394516198","350706983","3.25"
"350706983","2394516198","3.25"
"2199528993","2394866990","0.333333"
"2394866990","2199528993","0.333333"
"2199528993","350706983","0.333333"
"350706983","2199528993","0.333333"
"2394866990","350706983","1.33333"
"350706983","2394866990","1.33333"
"128098030","66148405","0.5"
"66148405","128098030","0.5"
"1593935454","66148405","2.90476"
"66148405","1593935454","2.90476"
"128098030","1797502670","0.321429"
"1797502670","128098030","0.321429"
"128098030","2742388525","0.654762"
"2742388525","128098030","0.654762"
"1593935454","1797502670","0.592857"
"1797502670","1593935454","0.592857"
"1593935454","2742388525","0.654762"
"2742388525","1593935454","0.654762"
"1797502670","2742388525","0.607143"
"2742388525","1797502670","0.607143"
"2401457234","2742388525","0.607143"
"2742388525","2401457234","0.607143"
"128098030","2031722751","0.333333"
"2031722751","128098030","0.333333"
"128098030","2117084784","0.404762"
"2117084784","128098030","0.404762"
"1593935454","2031722751","0.333333"
"2031722751","1593935454","0.333333"
"1593935454","2117084784","1.47619"
"2117084784","1593935454","1.47619"
"2031722751","2117084784","0.333333"
"2117084784","2031722751","0.333333"
"128098030","186586245","0.0714286"
"186586245","128098030","0.0714286"
"128098030","1952332000","0.0714286"
"1952332000","128098030","0.0714286"
"128098030","2093808077","0.0714286"
"2093808077","128098030","0.0714286"
"128098030","2133241651","0.238095"
"2133241651","128098030","0.238095"
"128098030","2155984350","0.238095"
"2155984350","128098030","0.238095"
"128098030","2399452250","0.0714286"
"2399452250","128098030","0.0714286"
"1508255000","186586245","1.21429"
"186586245","1508255000","1.21429"
"1508255000","2093808077","0.428571"
"2093808077","1508255000","0.428571"
"1508255000","2117084784","0.452381"
"2117084784","1508255000","0.452381"
"1508255000","2133241651","0.452381"
"2133241651","1508255000","0.452381"
"1508255000","2155984350","0.428571"
"2155984350","1508255000","0.428571"
"1508255000","2742388525","0.357143"
"2742388525","1508255000","0.357143"
"1593935454","186586245","0.0714286"
"186586245","1593935454","0.0714286"
"1593935454","1952332000","0.0714286"
"1952332000","1593935454","0.0714286"
"1593935454","2093808077","0.142857"
"2093808077","1593935454","0.142857"
"1593935454","2133241651","0.559524"
"2133241651","1593935454","0.559524"
"1593935454","2155984350","0.309524"
"2155984350","1593935454","0.309524"
"1593935454","2399452250","0.0714286"
"2399452250","1593935454","0.0714286"
"1607655600","1797502670","0.652381"
"1797502670","1607655600","0.652381"
"1607655600","186586245","0.404762"
"186586245","1607655600","0.404762"
"1607655600","1952332000","1.82143"
"1952332000","1607655600","1.82143"
"1607655600","2093808077","0.285714"
"2093808077","1607655600","0.285714"
"1607655600","2117084784","0.952381"
"2117084784","1607655600","0.952381"
"1607655600","2133241651","1.22619"
"2133241651","1607655600","1.22619"
"1607655600","2155984350","0.702381"
"2155984350","1607655600","0.702381"
"1607655600","2399452250","0.0714286"
"2399452250","1607655600","0.0714286"
"1607655600","2742388525","3.46429"
"2742388525","1607655600","3.46429"
"1797502670","186586245","0.464286"
"186586245","1797502670","0.464286"
"1797502670","2093808077","0.285714"
"2093808077","1797502670","0.285714"
"1797502670","2117084784","0.309524"
"2117084784","1797502670","0.309524"
"1797502670","2133241651","1.02738"
"2133241651","1797502670","1.02738"
"1797502670","2155984350","0.610714"
"2155984350","1797502670","0.610714"
"1797502670","38209798","0.97381"
"38209798","1797502670","0.97381"
"186586245","1952332000","0.214286"
"1952332000","186586245","0.214286"
"186586245","2093808077","0.0714286"
"2093808077","186586245","0.0714286"
"186586245","2117084784","0.571429"
"2117084784","186586245","0.571429"
"186586245","2133241651","0.321429"
"2133241651","186586245","0.321429"
"186586245","2155984350","0.571429"
"2155984350","186586245","0.571429"
"186586245","2399452250","0.571429"
"2399452250","186586245","0.571429"
"186586245","2401457234","0.464286"
"2401457234","186586245","0.464286"
"186586245","2742388525","0.214286"
"2742388525","186586245","0.214286"
"186586245","38209798","0.547619"
"38209798","186586245","0.547619"
"1952332000","2093808077","0.357143"
"2093808077","1952332000","0.357143"
"1952332000","2117084784","0.571429"
"2117084784","1952332000","0.571429"
"1952332000","2133241651","3.76548"
"2133241651","1952332000","3.76548"
"1952332000","2155984350","2.28929"
"2155984350","1952332000","2.28929"
"1952332000","2742388525","0.214286"
"2742388525","1952332000","0.214286"
"1952332000","38209798","1.13095"
"38209798","1952332000","1.13095"
"2093808077","2117084784","0.285714"
"2117084784","2093808077","0.285714"
"2093808077","2133241651","0.428571"
"2133241651","2093808077","0.428571"
"2093808077","2155984350","0.428571"
"2155984350","2093808077","0.428571"
"2093808077","2399452250","0.0714286"
"2399452250","2093808077","0.0714286"
"2093808077","2401457234","0.571429"
"2401457234","2093808077","0.571429"
"2093808077","2742388525","0.0714286"
"2742388525","2093808077","0.0714286"
"2093808077","38209798","0.0714286"
"38209798","2093808077","0.0714286"
"2117084784","2133241651","1.64286"
"2133241651","2117084784","1.64286"
"2117084784","2155984350","2.61905"
"2155984350","2117084784","2.61905"
"2117084784","2399452250","0.0714286"
"2399452250","2117084784","0.0714286"
"2117084784","2401457234","0.702381"
"2401457234","2117084784","0.702381"
"2117084784","2742388525","0.0714286"
"2742388525","2117084784","0.0714286"
"2117084784","38209798","0.571429"
"38209798","2117084784","0.571429"
"2133241651","2155984350","3.69405"
"2155984350","2133241651","3.69405"
"2133241651","2399452250","0.404762"
"2399452250","2133241651","0.404762"
"2133241651","2401457234","1.75357"
"2401457234","2133241651","1.75357"
"2133241651","2742388525","0.0714286"
"2742388525","2133241651","0.0714286"
"2133241651","38209798","0.488095"
"38209798","2133241651","0.488095"
"2155984350","2399452250","0.0714286"
"2399452250","2155984350","0.0714286"
"2155984350","2401457234","1.3369"
"2401457234","2155984350","1.3369"
"2155984350","2742388525","0.0714286"
"2742388525","2155984350","0.0714286"
"2155984350","38209798","0.238095"
"38209798","2155984350","0.238095"
"2399452250","2742388525","0.0714286"
"2742388525","2399452250","0.0714286"
"2399452250","38209798","0.0714286"
"38209798","2399452250","0.0714286"
"2742388525","38209798","1.27381"
"38209798","2742388525","1.27381"
"128098030","2085387718","0.166667"
"2085387718","128098030","0.166667"
"1593935454","2085387718","0.75"
"2085387718","1593935454","0.75"
"1607655600","2085387718","0.75"
"2085387718","1607655600","0.75"
"2085387718","2133241651","0.416667"
"2133241651","2085387718","0.416667"
"2085387718","2155984350","0.166667"
"2155984350","2085387718","0.166667"
"2085387718","38209798","1.33333"
"38209798","2085387718","1.33333"
"1508255000","1573079087","0.26859"
"1573079087","1508255000","0.26859"
"1508255000","1988314227","0.0769231"
"1988314227","1508255000","0.0769231"
"1508255000","2150852758","0.726923"
"2150852758","1508255000","0.726923"
"1508255000","2405467939","0.14359"
"2405467939","1508255000","0.14359"
"1511027217","15333973","0.14359"
"15333973","1511027217","0.14359"
"1511027217","1538590846","0.46859"
"1538590846","1511027217","0.46859"
"1511027217","1573079087","0.26859"
"1573079087","1511027217","0.26859"
"1511027217","16144255","0.892832"
"16144255","1511027217","0.892832"
"1511027217","1797502670","0.326923"
"1797502670","1511027217","0.326923"
"1511027217","1988314227","0.0769231"
"1988314227","1511027217","0.0769231"
"1511027217","2018955953","0.41978"
"2018955953","1511027217","0.41978"
"1511027217","2150852758","0.276923"
"2150852758","1511027217","0.276923"
"1511027217","2405467939","0.234499"
"2405467939","1511027217","0.234499"
"15333973","1573079087","0.64359"
"1573079087","15333973","0.64359"
"15333973","1988314227","0.0769231"
"1988314227","15333973","0.0769231"
"15333973","2137991883","0.14359"
"2137991883","15333973","0.14359"
"15333973","2150852758","0.0769231"
"2150852758","15333973","0.0769231"
"15333973","2405467939","0.39359"
"2405467939","15333973","0.39359"
"1538590846","1573079087","0.76859"
"1573079087","1538590846","0.76859"
"1538590846","1988314227","0.0769231"
"1988314227","1538590846","0.0769231"
"1538590846","2137991883","0.34359"
"2137991883","1538590846","0.34359"
"1538590846","2150852758","0.276923"
"2150852758","1538590846","0.276923"
"1538590846","2405467939","0.89359"
"2405467939","1538590846","0.89359"
"1573079087","16144255","0.39359"
"16144255","1573079087","0.39359"
"1573079087","1797502670","0.0769231"
"1797502670","1573079087","0.0769231"
"1573079087","1988314227","0.0769231"
"1988314227","1573079087","0.0769231"
"1573079087","1991160424","0.535256"
"1991160424","1573079087","0.535256"
"1573079087","2018955953","0.535256"
"2018955953","1573079087","0.535256"
"1573079087","2137991883","2.60192"
"2137991883","1573079087","2.60192"
"1573079087","2150852758","0.0769231"
"2150852758","1573079087","0.0769231"
"1573079087","2405467939","0.26859"
"2405467939","1573079087","0.26859"
"1573079087","2625818122","0.0769231"
"2625818122","1573079087","0.0769231"
"16144255","1988314227","0.0769231"
"1988314227","16144255","0.0769231"
"16144255","2137991883","1.5595"
"2137991883","16144255","1.5595"
"16144255","2150852758","0.276923"
"2150852758","16144255","0.276923"
"16144255","2405467939","0.359499"
"2405467939","16144255","0.359499"
"1797502670","1988314227","0.0769231"
"1988314227","1797502670","0.0769231"
"1797502670","2137991883","1.05668"
"2137991883","1797502670","1.05668"
"1797502670","2150852758","0.0769231"
"2150852758","1797502670","0.0769231"
"1797502670","2405467939","0.0769231"
"2405467939","1797502670","0.0769231"
"1988314227","1991160424","0.0769231"
"1991160424","1988314227","0.0769231"
"1988314227","2018955953","0.0769231"
"2018955953","1988314227","0.0769231"
"1988314227","2137991883","0.0769231"
"2137991883","1988314227","0.0769231"
"1988314227","2150852758","0.0769231"
"2150852758","1988314227","0.0769231"
"1988314227","2405467939","0.0769231"
"2405467939","1988314227","0.0769231"
"1988314227","2625818122","0.0769231"
"2625818122","1988314227","0.0769231"
"1991160424","2150852758","0.0769231"
"2150852758","1991160424","0.0769231"
"1991160424","2405467939","0.201923"
"2405467939","1991160424","0.201923"
"2018955953","2137991883","1.00311"
"2137991883","2018955953","1.00311"
"2018955953","2150852758","0.276923"
"2150852758","2018955953","0.276923"
"2018955953","2405467939","0.201923"
"2405467939","2018955953","0.201923"
"2137991883","2150852758","0.526923"
"2150852758","2137991883","0.526923"
"2137991883","2405467939","0.359499"
"2405467939","2137991883","0.359499"
"2150852758","2405467939","0.0769231"
"2405467939","2150852758","0.0769231"
"2150852758","2625818122","0.0769231"
"2625818122","2150852758","0.0769231"
"2405467939","2625818122","0.0769231"
"2625818122","2405467939","0.0769231"
"1508255000","1966160664","0.7"
"1966160664","1508255000","0.7"
"1593935454","1966160664","0.2"
"1966160664","1593935454","0.2"
"1607655600","1966160664","1.2"
"1966160664","1607655600","1.2"
"1797502670","1966160664","0.2"
"1966160664","1797502670","0.2"
"1966160664","38209798","0.2"
"38209798","1966160664","0.2"
"1508255000","2042697476","0.191667"
"2042697476","1508255000","0.191667"
"1508255000","2168043778","0.559524"
"2168043778","1508255000","0.559524"
"1511027217","1952332000","0.0666667"
"1952332000","1511027217","0.0666667"
"1511027217","2042697476","0.191667"
"2042697476","1511027217","0.191667"
"1511027217","2064301045","0.191667"
"2064301045","1511027217","0.191667"
"1511027217","2168043778","0.425433"
"2168043778","1511027217","0.425433"
"15333973","2042697476","0.0666667"
"2042697476","15333973","0.0666667"
"15333973","2168043778","0.0666667"
"2168043778","15333973","0.0666667"
"1538590846","2042697476","0.191667"
"2042697476","1538590846","0.191667"
"1538590846","2168043778","0.191667"
"2168043778","1538590846","0.191667"
