"1495145607","1982802163","1.25397"
"1982802163","1495145607","1.25397"
"1495145607","2083211814","2.5"
"2083211814","1495145607","2.5"
"1495145607","1941007816","0.142857"
"1941007816","1495145607","0.142857"
"1495145607","1943883986","1.14286"
"1943883986","1495145607","1.14286"
"1495145607","2002885593","0.253968"
"2002885593","1495145607","0.253968"
"1495145607","2125777058","0.142857"
"2125777058","1495145607","0.142857"
"1495145607","2482834328","0.253968"
"2482834328","1495145607","0.253968"
"1495145607","2766011979","0.253968"
"2766011979","1495145607","0.253968"
"1941007816","1943883986","3.54286"
"1943883986","1941007816","3.54286"
"1941007816","1982802163","0.542857"
"1982802163","1941007816","0.542857"
"1941007816","2002885593","0.642857"
"2002885593","1941007816","0.642857"
"1941007816","2125777058","1.34286"
"2125777058","1941007816","1.34286"
"1941007816","2482834328","0.142857"
"2482834328","1941007816","0.142857"
"1941007816","2766011979","0.142857"
"2766011979","1941007816","0.142857"
"1943883986","1982802163","1.54286"
"1982802163","1943883986","1.54286"
"1943883986","2002885593","0.142857"
"2002885593","1943883986","0.142857"
"1943883986","2125777058","1.09286"
"2125777058","1943883986","1.09286"
"1943883986","2482834328","1.14286"
"2482834328","1943883986","1.14286"
"1943883986","2766011979","0.392857"
"2766011979","1943883986","0.392857"
"1982802163","2002885593","0.678211"
"2002885593","1982802163","0.678211"
"1982802163","2125777058","1.13377"
"2125777058","1982802163","1.13377"
"1982802163","2482834328","1.34488"
"2482834328","1982802163","1.34488"
"1982802163","2766011979","0.587302"
"2766011979","1982802163","0.587302"
"2002885593","2125777058","1.0671"
"2125777058","2002885593","1.0671"
"2002885593","2482834328","0.344877"
"2482834328","2002885593","0.344877"
"2002885593","2766011979","1.92063"
"2766011979","2002885593","1.92063"
"2125777058","2482834328","0.233766"
"2482834328","2125777058","0.233766"
"2125777058","2766011979","0.72619"
"2766011979","2125777058","0.72619"
"2482834328","2766011979","0.253968"
"2766011979","2482834328","0.253968"
"1495145607","2037454480","0.611111"
"2037454480","1495145607","0.611111"
"2037454480","2083211814","1"
"2083211814","2037454480","1"
"1495145607","2009730797","0.111111"
"2009730797","1495145607","0.111111"
"1495145607","2064734252","0.111111"
"2064734252","1495145607","0.111111"
"1495145607","2180810038","0.111111"
"2180810038","1495145607","0.111111"
"1495145607","2766637780","0.111111"
"2766637780","1495145607","0.111111"
"1982802163","2009730797","0.503968"
"2009730797","1982802163","0.503968"
"1982802163","2037454480","6.57821"
"2037454480","1982802163","6.57821"
"1982802163","2064734252","0.111111"
"2064734252","1982802163","0.111111"
"1982802163","2180810038","3.49488"
"2180810038","1982802163","3.49488"
"1982802163","2766637780","0.40202"
"2766637780","1982802163","0.40202"
"2002885593","2009730797","0.111111"
"2009730797","2002885593","0.111111"
"2002885593","2037454480","0.20202"
"2037454480","2002885593","0.20202"
"2002885593","2064734252","1.44444"
"2064734252","2002885593","1.44444"
"2002885593","2180810038","0.20202"
"2180810038","2002885593","0.20202"
"2002885593","2766637780","0.20202"
"2766637780","2002885593","0.20202"
"2009730797","2037454480","0.503968"
"2037454480","2009730797","0.503968"
"2009730797","2064734252","0.111111"
"2064734252","2009730797","0.111111"
"2009730797","2180810038","0.503968"
"2180810038","2009730797","0.503968"
"2009730797","2482834328","0.111111"
"2482834328","2009730797","0.111111"
"2009730797","2766011979","0.111111"
"2766011979","2009730797","0.111111"
"2009730797","2766637780","0.111111"
"2766637780","2009730797","0.111111"
"2037454480","2064734252","0.111111"
"2064734252","2037454480","0.111111"
"2037454480","2180810038","1.24488"
"2180810038","2037454480","1.24488"
"2037454480","2482834328","0.20202"
"2482834328","2037454480","0.20202"
"2037454480","2766011979","0.111111"
"2766011979","2037454480","0.111111"
"2037454480","2766637780","0.40202"
"2766637780","2037454480","0.40202"
"2064734252","2180810038","0.111111"
"2180810038","2064734252","0.111111"
"2064734252","2482834328","0.111111"
"2482834328","2064734252","0.111111"
"2064734252","2766011979","0.444444"
"2766011979","2064734252","0.444444"
"2064734252","2766637780","0.111111"
"2766637780","2064734252","0.111111"
"2180810038","2482834328","0.20202"
"2482834328","2180810038","0.20202"
"2180810038","2766011979","0.111111"
"2766011979","2180810038","0.111111"
"2180810038","2766637780","0.40202"
"2766637780","2180810038","0.40202"
"2482834328","2766637780","0.20202"
"2766637780","2482834328","0.20202"
"2766011979","2766637780","0.611111"
"2766637780","2766011979","0.611111"
"1558035628","2219281331","0.5"
"2219281331","1558035628","0.5"
"1558035628","2482834328","0.590909"
"2482834328","1558035628","0.590909"
"2219281331","2482834328","19.5"
"2482834328","2219281331","19.5"
"1558035628","1941007816","0.2"
"1941007816","1558035628","0.2"
"1558035628","1943883986","0.2"
"1943883986","1558035628","0.2"
"1558035628","1982802163","1.07424"
"1982802163","1558035628","1.07424"
"1558035628","2037454480","1.07424"
"2037454480","1558035628","1.07424"
"1558035628","2180810038","0.740909"
"2180810038","1558035628","0.740909"
"1941007816","2037454480","1.7"
"2037454480","1941007816","1.7"
"1941007816","2180810038","0.2"
"2180810038","1941007816","0.2"
"1943883986","2037454480","1.7"
"2037454480","1943883986","1.7"
"1943883986","2180810038","1.2"
"2180810038","1943883986","1.2"
"1558035628","1559254853","0.424242"
"1559254853","1558035628","0.424242"
"1559254853","1982802163","1.93377"
"1982802163","1559254853","1.93377"
"1559254853","2037454480","0.5671"
"2037454480","1559254853","0.5671"
"1558035628","2125777058","0.540909"
"2125777058","1558035628","0.540909"
"2037454480","2125777058","0.790909"
"2125777058","2037454480","0.790909"
"2125777058","2180810038","0.790909"
"2180810038","2125777058","0.790909"
"1558035628","2002885593","0.0909091"
"2002885593","1558035628","0.0909091"
"1558035628","2073890703","0.0909091"
"2073890703","1558035628","0.0909091"
"1558035628","2106642272","0.0909091"
"2106642272","1558035628","0.0909091"
"1558035628","2766637780","0.290909"
"2766637780","1558035628","0.290909"
"1558035628","30038149","0.0909091"
"30038149","1558035628","0.0909091"
"1559254853","2002885593","0.0909091"
"2002885593","1559254853","0.0909091"
"1559254853","2073890703","1.34091"
"2073890703","1559254853","1.34091"
"1559254853","2106642272","10.6004"
"2106642272","1559254853","10.6004"
"1559254853","2125777058","0.290909"
"2125777058","1559254853","0.290909"
"1559254853","2180810038","1.48377"
"2180810038","1559254853","1.48377"
"1559254853","2482834328","0.0909091"
"2482834328","1559254853","0.0909091"
"1559254853","2766637780","0.0909091"
"2766637780","1559254853","0.0909091"
"1559254853","30038149","0.340909"
"30038149","1559254853","0.340909"
"1982802163","2073890703","0.340909"
"2073890703","1982802163","0.340909"
"1982802163","2106642272","1.60043"
"2106642272","1982802163","1.60043"
"1982802163","30038149","0.340909"
"30038149","1982802163","0.340909"
"2002885593","2073890703","0.0909091"
"2073890703","2002885593","0.0909091"
"2002885593","2106642272","0.0909091"
"2106642272","2002885593","0.0909091"
"2002885593","30038149","0.0909091"
"30038149","2002885593","0.0909091"
"2037454480","2073890703","0.0909091"
"2073890703","2037454480","0.0909091"
"2037454480","2106642272","0.233766"
"2106642272","2037454480","0.233766"
"2037454480","30038149","0.0909091"
"30038149","2037454480","0.0909091"
"2073890703","2106642272","1.34091"
"2106642272","2073890703","1.34091"
"2073890703","2125777058","0.0909091"
"2125777058","2073890703","0.0909091"
"2073890703","2180810038","0.0909091"
"2180810038","2073890703","0.0909091"
"2073890703","2482834328","0.0909091"
"2482834328","2073890703","0.0909091"
"2073890703","2766637780","0.0909091"
"2766637780","2073890703","0.0909091"
"2073890703","30038149","2.34091"
"30038149","2073890703","2.34091"
"2106642272","2125777058","0.290909"
"2125777058","2106642272","0.290909"
"2106642272","2180810038","0.483766"
"2180810038","2106642272","0.483766"
"2106642272","2482834328","0.0909091"
"2482834328","2106642272","0.0909091"
"2106642272","2766637780","0.0909091"
"2766637780","2106642272","0.0909091"
"2106642272","30038149","0.340909"
"30038149","2106642272","0.340909"
"2125777058","2766637780","0.290909"
"2766637780","2125777058","0.290909"
"2125777058","30038149","0.0909091"
"30038149","2125777058","0.0909091"
"2180810038","30038149","0.0909091"
"30038149","2180810038","0.0909091"
"2482834328","30038149","0.0909091"
"30038149","2482834328","0.0909091"
"2766637780","30038149","0.0909091"
"30038149","2766637780","0.0909091"
"1559254853","2148133885","0.72619"
"2148133885","1559254853","0.72619"
"1982802163","2148133885","5.72619"
"2148133885","1982802163","5.72619"
"2106642272","2148133885","0.72619"
"2148133885","2106642272","0.72619"
"1559254853","2009730797","0.142857"
"2009730797","1559254853","0.142857"
"1559254853","2114447611","1.47619"
"2114447611","1559254853","1.47619"
"1982802163","2114447611","0.47619"
"2114447611","1982802163","0.47619"
"2009730797","2106642272","0.142857"
"2106642272","2009730797","0.142857"
"2009730797","2114447611","0.142857"
"2114447611","2009730797","0.142857"
"2009730797","2148133885","0.142857"
"2148133885","2009730797","0.142857"
"2037454480","2114447611","0.142857"
"2114447611","2037454480","0.142857"
"2037454480","2148133885","0.142857"
"2148133885","2037454480","0.142857"
"2106642272","2114447611","0.47619"
"2114447611","2106642272","0.47619"
"2114447611","2148133885","0.142857"
"2148133885","2114447611","0.142857"
"2114447611","2180810038","0.142857"
"2180810038","2114447611","0.142857"
"2148133885","2180810038","0.392857"
"2180810038","2148133885","0.392857"
"1559254853","1941007816","0.2"
"1941007816","1559254853","0.2"
"1559254853","1943883986","0.2"
"1943883986","1559254853","0.2"
"1941007816","2106642272","0.2"
"2106642272","1941007816","0.2"
"1943883986","2106642272","0.2"
"2106642272","1943883986","0.2"
"1593013674","2114447611","1"
"2114447611","1593013674","1"
"1739896082","1982802163","4.33333"
"1982802163","1739896082","4.33333"
"1739896082","2037454480","0.5"
"2037454480","1739896082","0.5"
"1739896082","2083211814","0.5"
"2083211814","1739896082","0.5"
"1739896082","2002885593","0.333333"
"2002885593","1739896082","0.333333"
"1739896082","2766011979","0.333333"
"2766011979","1739896082","0.333333"
"1941007816","2766637780","0.5"
"2766637780","1941007816","0.5"
"1943883986","2766637780","0.5"
"2766637780","1943883986","0.5"
"1941007816","2990806790","1.5"
"2990806790","1941007816","1.5"
"2125777058","2990806790","1.41667"
"2990806790","2125777058","1.41667"
"1943883986","2990806790","1.25"
"2990806790","1943883986","1.25"
"1943883986","2083211814","0.75"
"2083211814","1943883986","0.75"
"2083211814","2125777058","9.91667"
"2125777058","2083211814","9.91667"
"2083211814","2766011979","0.25"
"2766011979","2083211814","0.25"
"2083211814","2990806790","0.916667"
"2990806790","2083211814","0.916667"
"2766011979","2990806790","1.75"
"2990806790","2766011979","1.75"
"1943883986","2604454603","1"
"2604454603","1943883986","1"
"2009730797","2125777058","0.25"
"2125777058","2009730797","0.25"
"1982802163","2083211814","1"
"2083211814","1982802163","1"
"1982802163","2604454603","1"
"2604454603","1982802163","1"
"2064734252","2125777058","0.333333"
"2125777058","2064734252","0.333333"
"2064734252","2083211814","1.5"
"2083211814","2064734252","1.5"
"2064734252","2604454603","0.5"
"2604454603","2064734252","0.5"
"2083211814","2604454603","1.66667"
"2604454603","2083211814","1.66667"
"2125777058","2604454603","1.16667"
"2604454603","2125777058","1.16667"
"2604454603","2990806790","2.66667"
"2990806790","2604454603","2.66667"
"2147658363","2148133885","1"
"2148133885","2147658363","1"
"2147658363","2180810038","1"
"2180810038","2147658363","1"
"2766637780","2990806790","1.5"
"2990806790","2766637780","1.5"
