"123017498","1596874371","6.53934"
"1596874371","123017498","6.53934"
"123017498","1759523828","6.2021"
"1759523828","123017498","6.2021"
"123017498","1810267808","4.90671"
"1810267808","123017498","4.90671"
"123017498","1924419716","4.76443"
"1924419716","123017498","4.76443"
"123017498","1931774304","4.92469"
"1931774304","123017498","4.92469"
"123017498","1933833582","7.40647"
"1933833582","123017498","7.40647"
"123017498","1937139362","6.46519"
"1937139362","123017498","6.46519"
"123017498","2108896348","7.19219"
"2108896348","123017498","7.19219"
"123017498","2211746270","5.89178"
"2211746270","123017498","5.89178"
"123017498","2216176276","3.1133"
"2216176276","123017498","3.1133"
"123017498","2222175018","6.66519"
"2222175018","123017498","6.66519"
"123017498","2227156432","6.31084"
"2227156432","123017498","6.31084"
"123017498","2258805867","7.19695"
"2258805867","123017498","7.19695"
"1596874371","1759523828","6.24178"
"1759523828","1596874371","6.24178"
"1596874371","1810267808","5.8706"
"1810267808","1596874371","5.8706"
"1596874371","1924419716","5.77078"
"1924419716","1596874371","5.77078"
"1596874371","1931774304","4.81992"
"1931774304","1596874371","4.81992"
"1596874371","1933833582","7.08378"
"1933833582","1596874371","7.08378"
"1596874371","1937139362","5.79806"
"1937139362","1596874371","5.79806"
"1596874371","2108896348","6.42505"
"2108896348","1596874371","6.42505"
"1596874371","2211746270","5.87742"
"2211746270","1596874371","5.87742"
"1596874371","2216176276","3.4133"
"2216176276","1596874371","3.4133"
"1596874371","2222175018","6.09806"
"2222175018","1596874371","6.09806"
"1596874371","2227156432","6.7187"
"2227156432","1596874371","6.7187"
"1596874371","2258805867","6.54093"
"2258805867","1596874371","6.54093"
"1759523828","1810267808","4.5706"
"1810267808","1759523828","4.5706"
"1759523828","1924419716","5.86806"
"1924419716","1759523828","5.86806"
"1759523828","1931774304","5.91721"
"1931774304","1759523828","5.91721"
"1759523828","1933833582","6.47988"
"1933833582","1759523828","6.47988"
"1759523828","1937139362","5.52867"
"1937139362","1759523828","5.52867"
"1759523828","2108896348","5.964"
"2108896348","1759523828","5.964"
"1759523828","2211746270","5.45526"
"2211746270","1759523828","5.45526"
"1759523828","2216176276","2.4713"
"2216176276","1759523828","2.4713"
"1759523828","2222175018","5.51915"
"2222175018","1759523828","5.51915"
"1759523828","2227156432","6.39654"
"2227156432","1759523828","6.39654"
"1759523828","2258805867","6.07988"
"2258805867","1759523828","6.07988"
"1810267808","1924419716","19.7986"
"1924419716","1810267808","19.7986"
"1810267808","1931774304","3.01443"
"1931774304","1810267808","3.01443"
"1810267808","1933833582","5.51782"
"1933833582","1810267808","5.51782"
"1810267808","1937139362","5.0932"
"1937139362","1810267808","5.0932"
"1810267808","2108896348","4.83528"
"2108896348","1810267808","4.83528"
"1810267808","2211746270","4.52931"
"2211746270","1810267808","4.52931"
"1810267808","2216176276","1.99511"
"2216176276","1810267808","1.99511"
"1810267808","2222175018","4.95987"
"2222175018","1810267808","4.95987"
"1810267808","2227156432","4.8706"
"2227156432","1810267808","4.8706"
"1810267808","2258805867","4.95115"
"2258805867","1810267808","4.95115"
"1924419716","1931774304","6.79419"
"1931774304","1924419716","6.79419"
"1924419716","1933833582","4.80887"
"1933833582","1924419716","4.80887"
"1924419716","1937139362","4.45767"
"1937139362","1924419716","4.45767"
"1924419716","2108896348","4.72157"
"2108896348","1924419716","4.72157"
"1924419716","2211746270","3.48585"
"2211746270","1924419716","3.48585"
"1924419716","2216176276","3.18162"
"2216176276","1924419716","3.18162"
"1924419716","2222175018","4.45841"
"2222175018","1924419716","4.45841"
"1924419716","2227156432","4.16046"
"2227156432","1924419716","4.16046"
"1924419716","2258805867","4.59935"
"2258805867","1924419716","4.59935"
"1931774304","1933833582","5.02469"
"1933833582","1931774304","5.02469"
"1931774304","1937139362","4.7846"
"1937139362","1931774304","4.7846"
"1931774304","2108896348","4.8104"
"2108896348","1931774304","4.8104"
"1931774304","2211746270","3.53499"
"2211746270","1931774304","3.53499"
"1931774304","2216176276","3.4133"
"2216176276","1931774304","3.4133"
"1931774304","2222175018","4.54174"
"2222175018","1931774304","4.54174"
"1931774304","2227156432","4.20961"
"2227156432","1931774304","4.20961"
"1931774304","2258805867","4.6485"
"2258805867","1931774304","4.6485"
"1933833582","1937139362","6.96519"
"1937139362","1933833582","6.96519"
"1933833582","2108896348","7.29219"
"2108896348","1933833582","7.29219"
"1933833582","2211746270","6.58622"
"2211746270","1933833582","6.58622"
"1933833582","2216176276","3.2133"
"2216176276","1933833582","3.2133"
"1933833582","2222175018","7.09853"
"2222175018","1933833582","7.09853"
"1933833582","2227156432","7.10528"
"2227156432","1933833582","7.10528"
"1933833582","2258805867","7.40806"
"2258805867","1933833582","7.40806"
"1937139362","2108896348","6.41757"
"2108896348","1937139362","6.41757"
"1937139362","2211746270","6.59178"
"2211746270","1937139362","6.59178"
"1937139362","2216176276","2.86495"
"2216176276","1937139362","2.86495"
"1937139362","2222175018","7.45851"
"2222175018","1937139362","7.45851"
"1937139362","2227156432","5.36956"
"2227156432","1937139362","5.36956"
"1937139362","2258805867","6.25567"
"2258805867","1937139362","6.25567"
"2108896348","2211746270","5.98702"
"2211746270","2108896348","5.98702"
"2108896348","2216176276","2.99902"
"2216176276","2108896348","2.99902"
"2108896348","2222175018","6.55091"
"2222175018","2108896348","6.55091"
"2108896348","2227156432","6.33941"
"2227156432","2108896348","6.33941"
"2108896348","2258805867","7.22552"
"2258805867","2108896348","7.22552"
"2211746270","2216176276","2.29987"
"2216176276","2211746270","2.29987"
"2211746270","2222175018","5.97676"
"2222175018","2211746270","5.97676"
"2211746270","2227156432","6.264"
"2227156432","2211746270","6.264"
"2211746270","2258805867","5.93622"
"2258805867","2211746270","5.93622"
"2216176276","2222175018","3.26495"
"2222175018","2216176276","3.26495"
"2216176276","2227156432","2.64823"
"2227156432","2216176276","2.64823"
"2216176276","2258805867","3.00378"
"2258805867","2216176276","3.00378"
"2222175018","2227156432","5.66956"
"2227156432","2222175018","5.66956"
"2222175018","2258805867","6.55567"
"2258805867","2222175018","6.55567"
"2227156432","2258805867","6.45528"
"2258805867","2227156432","6.45528"
"123017498","1926796804","5.59334"
"1926796804","123017498","5.59334"
"123017498","2222187549","4.91863"
"2222187549","123017498","4.91863"
"1596874371","1926796804","4.65953"
"1926796804","1596874371","4.65953"
"1596874371","2222187549","4.41261"
"2222187549","1596874371","4.41261"
"1759523828","1926796804","6.05523"
"1926796804","1759523828","6.05523"
"1759523828","2222187549","6.19164"
"2222187549","1759523828","6.19164"
"1810267808","1926796804","4.28643"
"1926796804","1810267808","4.28643"
"1810267808","2222187549","3.87283"
"2222187549","1810267808","3.87283"
"1926796804","1933833582","5.69334"
"1933833582","1926796804","5.69334"
"1926796804","1937139362","6.19618"
"1937139362","1926796804","6.19618"
"1926796804","2108896348","5.45524"
"2108896348","1926796804","5.45524"
"1926796804","2211746270","6.55332"
"2211746270","1926796804","6.55332"
"1926796804","2222175018","5.98665"
"2222175018","1926796804","5.98665"
"1926796804","2222187549","8.05199"
"2222187549","1926796804","8.05199"
"1926796804","2227156432","4.99611"
"2227156432","1926796804","4.99611"
"1926796804","2258805867","5.46"
"2258805867","1926796804","5.46"
"1933833582","2222187549","5.61308"
"2222187549","1933833582","5.61308"
"1937139362","2222187549","5.97891"
"2222187549","1937139362","5.97891"
"2108896348","2222187549","4.91863"
"2222187549","2108896348","4.91863"
"2211746270","2222187549","6.86383"
"2222187549","2211746270","6.86383"
"2222175018","2222187549","5.09796"
"2222187549","2222175018","5.09796"
"2222187549","2227156432","4.91585"
"2227156432","2222187549","4.91585"
"2222187549","2258805867","4.86308"
"2258805867","2222187549","4.86308"
"123017498","2298945609","3.98153"
"2298945609","123017498","3.98153"
"1596874371","2298945609","3.84495"
"2298945609","1596874371","3.84495"
"1759523828","2298945609","5.33423"
"2298945609","1759523828","5.33423"
"1810267808","2298945609","7.07059"
"2298945609","1810267808","7.07059"
"1926796804","2298945609","6.83155"
"2298945609","1926796804","6.83155"
"1933833582","2298945609","4.08153"
"2298945609","1933833582","4.08153"
"1937139362","2298945609","4.41013"
"2298945609","1937139362","4.41013"
"2108896348","2298945609","4.0101"
"2298945609","2108896348","4.0101"
"2211746270","2298945609","5.34227"
"2298945609","2211746270","5.34227"
"2222175018","2298945609","5.44895"
"2298945609","2222175018","5.44895"
"2222187549","2298945609","6.7262"
"2298945609","2222187549","6.7262"
"2227156432","2298945609","4.0982"
"2298945609","2227156432","4.0982"
"2258805867","2298945609","4.01486"
"2298945609","2258805867","4.01486"
"123017498","2273781933","4.92732"
"2273781933","123017498","4.92732"
"1596874371","2273781933","4.88519"
"2273781933","1596874371","4.88519"
"1759523828","2273781933","6.72447"
"2273781933","1759523828","6.72447"
"1810267808","2273781933","3.85686"
"2273781933","1810267808","3.85686"
"1924419716","1926796804","4.31274"
"1926796804","1924419716","4.31274"
"1924419716","2222187549","4.25391"
"2222187549","1924419716","4.25391"
"1924419716","2273781933","4.88198"
"2273781933","1924419716","4.88198"
"1924419716","2298945609","3.68149"
"2298945609","1924419716","3.68149"
"1926796804","1931774304","4.55633"
"1931774304","1926796804","4.55633"
"1926796804","2273781933","7.44199"
"2273781933","1926796804","7.44199"
"1931774304","2222187549","4.23804"
"2222187549","1931774304","4.23804"
"1931774304","2273781933","5.01446"
"2273781933","1931774304","5.01446"
"1931774304","2298945609","3.75292"
"2298945609","1931774304","3.75292"
"1933833582","2273781933","5.62177"
"2273781933","1933833582","5.62177"
"1937139362","2273781933","5.36415"
"2273781933","1937139362","5.36415"
"2108896348","2273781933","4.85589"
"2273781933","2108896348","4.85589"
"2211746270","2273781933","7.82408"
"2273781933","2211746270","7.82408"
"2222175018","2273781933","4.64914"
"2273781933","2222175018","4.64914"
"2222187549","2273781933","8.23866"
"2273781933","2222187549","8.23866"
"2227156432","2273781933","5.47177"
"2273781933","2227156432","5.47177"
"2258805867","2273781933","4.8051"
"2273781933","2258805867","4.8051"
"2273781933","2298945609","7.20195"
"2298945609","2273781933","7.20195"
"1926796804","2216176276","1.87002"
"2216176276","1926796804","1.87002"
"2216176276","2222187549","0.84415"
"2222187549","2216176276","0.84415"
"2216176276","2273781933","1.23522"
"2273781933","2216176276","1.23522"
"2216176276","2298945609","1.16855"
"2298945609","2216176276","1.16855"
