"1497001898","1516109531","1.83333"
"1516109531","1497001898","1.83333"
"1497001898","1557206058","7.30952"
"1557206058","1497001898","7.30952"
"1497001898","647683616","3.83333"
"647683616","1497001898","3.83333"
"1497001898","2119210004","1.5"
"2119210004","1497001898","1.5"
"1557206058","2119210004","0.5"
"2119210004","1557206058","0.5"
"1497001898","1526438684","0.47619"
"1526438684","1497001898","0.47619"
"1497001898","1526607080","0.333333"
"1526607080","1497001898","0.333333"
"1526438684","1526607080","0.333333"
"1526607080","1526438684","0.333333"
"1526438684","647683616","0.333333"
"647683616","1526438684","0.333333"
"1526607080","647683616","0.333333"
"647683616","1526607080","0.333333"
"1497001898","1583815090","3.47619"
"1583815090","1497001898","3.47619"
"1497001898","1521925456","0.666667"
"1521925456","1497001898","0.666667"
"1516109531","1521925456","0.642857"
"1521925456","1516109531","0.642857"
"1497001898","2143753066","0.47619"
"2143753066","1497001898","0.47619"
"1583815090","2119210004","2"
"2119210004","1583815090","2"
"1583815090","2143753066","2.11905"
"2143753066","1583815090","2.11905"
"2119210004","2143753066","0.333333"
"2143753066","2119210004","0.333333"
"1497001898","2107808851","0.333333"
"2107808851","1497001898","0.333333"
"1557206058","2107808851","0.533333"
"2107808851","1557206058","0.533333"
"1557206058","647683616","0.333333"
"647683616","1557206058","0.333333"
"2107808851","647683616","1.33333"
"647683616","2107808851","1.33333"
"1497001898","2101107197","0.5"
"2101107197","1497001898","0.5"
"1497001898","2133631536","0.5"
"2133631536","1497001898","0.5"
"2101107197","2133631536","8.45"
"2133631536","2101107197","8.45"
"1497001898","2146613276","0.166667"
"2146613276","1497001898","0.166667"
"1497001898","620090276","1.16667"
"620090276","1497001898","1.16667"
"1521925456","1583815090","0.309524"
"1583815090","1521925456","0.309524"
"1521925456","2119210004","0.166667"
"2119210004","1521925456","0.166667"
"1521925456","2146613276","0.166667"
"2146613276","1521925456","0.166667"
"1521925456","620090276","0.309524"
"620090276","1521925456","0.309524"
"1521925456","647683616","0.166667"
"647683616","1521925456","0.166667"
"1583815090","2146613276","0.166667"
"2146613276","1583815090","0.166667"
"1583815090","620090276","0.309524"
"620090276","1583815090","0.309524"
"1583815090","647683616","0.166667"
"647683616","1583815090","0.166667"
"2119210004","2146613276","0.166667"
"2146613276","2119210004","0.166667"
"2119210004","620090276","0.416667"
"620090276","2119210004","0.416667"
"2119210004","647683616","0.166667"
"647683616","2119210004","0.166667"
"2146613276","620090276","0.166667"
"620090276","2146613276","0.166667"
"2146613276","647683616","0.166667"
"647683616","2146613276","0.166667"
"620090276","647683616","0.166667"
"647683616","620090276","0.166667"
"1516109531","1557206058","0.333333"
"1557206058","1516109531","0.333333"
"1516109531","1583815090","2.47619"
"1583815090","1516109531","2.47619"
"1557206058","1583815090","0.47619"
"1583815090","1557206058","0.47619"
"1497001898","1961804769","0.142857"
"1961804769","1497001898","0.142857"
"1497001898","2127300475","0.142857"
"2127300475","1497001898","0.142857"
"1497001898","2146722006","0.142857"
"2146722006","1497001898","0.142857"
"1526438684","1557206058","0.342857"
"1557206058","1526438684","0.342857"
"1526438684","1583815090","0.142857"
"1583815090","1526438684","0.142857"
"1526438684","1961804769","0.142857"
"1961804769","1526438684","0.142857"
"1526438684","2127300475","0.842857"
"2127300475","1526438684","0.842857"
"1526438684","2143753066","0.842857"
"2143753066","1526438684","0.842857"
"1526438684","2146722006","0.142857"
"2146722006","1526438684","0.142857"
"1557206058","1961804769","1.72619"
"1961804769","1557206058","1.72619"
"1557206058","2127300475","0.592857"
"2127300475","1557206058","0.592857"
"1557206058","2143753066","0.342857"
"2143753066","1557206058","0.342857"
"1557206058","2146722006","0.72619"
"2146722006","1557206058","0.72619"
"1583815090","1961804769","0.142857"
"1961804769","1583815090","0.142857"
"1583815090","2127300475","0.142857"
"2127300475","1583815090","0.142857"
"1583815090","2146722006","0.285714"
"2146722006","1583815090","0.285714"
"1961804769","2127300475","0.392857"
"2127300475","1961804769","0.392857"
"1961804769","2143753066","0.142857"
"2143753066","1961804769","0.142857"
"1961804769","2146722006","8.72619"
"2146722006","1961804769","8.72619"
"2127300475","2143753066","2.84286"
"2143753066","2127300475","2.84286"
"2127300475","2146722006","0.592857"
"2146722006","2127300475","0.592857"
"2143753066","2146722006","0.285714"
"2146722006","2143753066","0.285714"
"1510008846","1526438684","0.25"
"1526438684","1510008846","0.25"
"1510008846","1536215966","0.25"
"1536215966","1510008846","0.25"
"1510008846","2105977099","0.25"
"2105977099","1510008846","0.25"
"1510008846","2221490407","0.25"
"2221490407","1510008846","0.25"
"1526438684","1536215966","0.25"
"1536215966","1526438684","0.25"
"1526438684","2105977099","0.25"
"2105977099","1526438684","0.25"
"1526438684","2221490407","0.25"
"2221490407","1526438684","0.25"
"1536215966","2105977099","0.25"
"2105977099","1536215966","0.25"
"1536215966","2221490407","0.25"
"2221490407","1536215966","0.25"
"2105977099","2221490407","0.25"
"2221490407","2105977099","0.25"
"1516109531","1961804769","0.25"
"1961804769","1516109531","0.25"
"1516109531","2119210004","0.25"
"2119210004","1516109531","0.25"
"1516109531","2146722006","0.392857"
"2146722006","1516109531","0.392857"
"1516109531","620090276","0.392857"
"620090276","1516109531","0.392857"
"1961804769","2119210004","0.25"
"2119210004","1961804769","0.25"
"1961804769","620090276","0.25"
"620090276","1961804769","0.25"
"2119210004","2146722006","1.25"
"2146722006","2119210004","1.25"
"2146722006","620090276","1.59286"
"620090276","2146722006","1.59286"
"1516109531","1526607080","0.142857"
"1526607080","1516109531","0.142857"
"1516109531","2107808851","0.142857"
"2107808851","1516109531","0.142857"
"1516109531","2143753066","0.142857"
"2143753066","1516109531","0.142857"
"1521925456","1526607080","0.142857"
"1526607080","1521925456","0.142857"
"1521925456","2107808851","0.142857"
"2107808851","1521925456","0.142857"
"1521925456","2143753066","0.142857"
"2143753066","1521925456","0.142857"
"1521925456","2146722006","0.97619"
"2146722006","1521925456","0.97619"
"1526607080","1583815090","0.142857"
"1583815090","1526607080","0.142857"
"1526607080","2107808851","0.142857"
"2107808851","1526607080","0.142857"
"1526607080","2143753066","0.142857"
"2143753066","1526607080","0.142857"
"1526607080","2146722006","4.59286"
"2146722006","1526607080","4.59286"
"1526607080","620090276","0.342857"
"620090276","1526607080","0.342857"
"1583815090","2107808851","0.642857"
"2107808851","1583815090","0.642857"
"2107808851","2143753066","1.17619"
"2143753066","2107808851","1.17619"
"2107808851","2146722006","0.47619"
"2146722006","2107808851","0.47619"
"2107808851","620090276","0.142857"
"620090276","2107808851","0.142857"
"2143753066","620090276","0.142857"
"620090276","2143753066","0.142857"
"1521925456","1557206058","0.333333"
"1557206058","1521925456","0.333333"
"1521925456","1961804769","0.833333"
"1961804769","1521925456","0.833333"
"1526438684","2101107197","0.2"
"2101107197","1526438684","0.2"
"1526438684","2107808851","0.2"
"2107808851","1526438684","0.2"
"1557206058","2101107197","0.45"
"2101107197","1557206058","0.45"
"2101107197","2107808851","0.2"
"2107808851","2101107197","0.2"
"2101107197","2127300475","1.65"
"2127300475","2101107197","1.65"
"2101107197","2143753066","0.2"
"2143753066","2101107197","0.2"
"2107808851","2127300475","3.7"
"2127300475","2107808851","3.7"
"1526607080","2101107197","1.95"
"2101107197","1526607080","1.95"
"2101107197","2146722006","2.2"
"2146722006","2101107197","2.2"
"1526607080","1565132002","0.45"
"1565132002","1526607080","0.45"
"1526607080","1937259999","0.783333"
"1937259999","1526607080","0.783333"
"1526607080","2146567607","2.28333"
"2146567607","1526607080","2.28333"
"1526607080","2146613276","1.28333"
"2146613276","1526607080","1.28333"
"1565132002","1937259999","3.11667"
"1937259999","1565132002","3.11667"
"1565132002","2146567607","3.36667"
"2146567607","1565132002","3.36667"
"1565132002","2146613276","1.45"
"2146613276","1565132002","1.45"
"1937259999","2146567607","2.11667"
"2146567607","1937259999","2.11667"
"1937259999","2146613276","1.11667"
"2146613276","1937259999","1.11667"
"2146567607","2146613276","1.28333"
"2146613276","2146567607","1.28333"
"1526607080","2127300475","0.2"
"2127300475","1526607080","0.2"
"1526607080","2133631536","1.95"
"2133631536","1526607080","1.95"
"2101107197","620090276","3.2"
"620090276","2101107197","3.2"
"2127300475","2133631536","1.2"
"2133631536","2127300475","1.2"
"2127300475","620090276","0.2"
"620090276","2127300475","0.2"
"2133631536","2146722006","1.95"
"2146722006","2133631536","1.95"
"2133631536","620090276","2.2"
"620090276","2133631536","2.2"
"1526607080","1551356221","2.2"
"1551356221","1526607080","2.2"
"1551356221","1565132002","0.7"
"1565132002","1551356221","0.7"
"1551356221","1937259999","0.2"
"1937259999","1551356221","0.2"
"1551356221","2146567607","0.2"
"2146567607","1551356221","0.2"
"1551356221","2146613276","0.2"
"2146613276","1551356221","0.2"
"1526607080","1961804769","0.25"
"1961804769","1526607080","0.25"
"1961804769","2101107197","0.5"
"2101107197","1961804769","0.5"
"1961804769","2133631536","0.25"
"2133631536","1961804769","0.25"
"1531869632","1565132002","0.833333"
"1565132002","1531869632","0.833333"
"1531869632","2107808851","1.33333"
"2107808851","1531869632","1.33333"
"1531869632","2146722006","2.33333"
"2146722006","1531869632","2.33333"
"1565132002","2107808851","1.16667"
"2107808851","1565132002","1.16667"
"1565132002","2146722006","0.333333"
"2146722006","1565132002","0.333333"
"1531869632","2127300475","1.5"
"2127300475","1531869632","1.5"
"1536215966","1565132002","0.25"
"1565132002","1536215966","0.25"
"1536215966","1573508230","0.25"
"1573508230","1536215966","0.25"
"1536215966","2101107197","0.25"
"2101107197","1536215966","0.25"
"1536215966","2146567607","0.25"
"2146567607","1536215966","0.25"
"1565132002","1573508230","0.25"
"1573508230","1565132002","0.25"
"1565132002","2101107197","0.916667"
"2101107197","1565132002","0.916667"
"1573508230","2101107197","0.25"
"2101107197","1573508230","0.25"
"1573508230","2146567607","0.25"
"2146567607","1573508230","0.25"
"2101107197","2146567607","0.916667"
"2146567607","2101107197","0.916667"
"1551356221","2107808851","1"
"2107808851","1551356221","1"
"1551356221","2221490407","0.5"
"2221490407","1551356221","0.5"
"1565132002","2221490407","0.5"
"2221490407","1565132002","0.5"
"1557206058","2133631536","1"
"2133631536","1557206058","1"
"1565132002","1941890857","0.333333"
"1941890857","1565132002","0.333333"
"1941890857","2101107197","1.33333"
"2101107197","1941890857","1.33333"
"1941890857","2146567607","0.333333"
"2146567607","1941890857","0.333333"
"1565132002","1598405639","0.333333"
"1598405639","1565132002","0.333333"
"1565132002","2143753066","0.333333"
"2143753066","1565132002","0.333333"
"1598405639","2107808851","0.333333"
"2107808851","1598405639","0.333333"
"1598405639","2143753066","0.333333"
"2143753066","1598405639","0.333333"
"1565132002","1858065959","0.333333"
"1858065959","1565132002","0.333333"
"1565132002","586476696","0.333333"
"586476696","1565132002","0.333333"
"1858065959","1937259999","1.16667"
"1937259999","1858065959","1.16667"
"1858065959","586476696","29.9167"
"586476696","1858065959","29.9167"
"1937259999","586476696","1.16667"
"586476696","1937259999","1.16667"
"1937259999","2101107197","0.333333"
"2101107197","1937259999","0.333333"
"1573508230","2105977099","1"
"2105977099","1573508230","1"
"1598405639","2127300475","1"
"2127300475","1598405639","1"
"1598405639","2101107197","0.5"
"2101107197","1598405639","0.5"
"1598405639","2133631536","0.5"
"2133631536","1598405639","0.5"
"1858065959","1941890857","0.25"
"1941890857","1858065959","0.25"
"1858065959","2221490407","0.25"
"2221490407","1858065959","0.25"
"1858065959","832025121","0.25"
"832025121","1858065959","0.25"
"1941890857","2221490407","0.25"
"2221490407","1941890857","0.25"
"1941890857","586476696","0.25"
"586476696","1941890857","0.25"
"1941890857","832025121","0.25"
"832025121","1941890857","0.25"
"2221490407","586476696","0.25"
"586476696","2221490407","0.25"
"2221490407","832025121","0.25"
"832025121","2221490407","0.25"
"586476696","832025121","0.25"
"832025121","586476696","0.25"
"1858065959","2146613276","0.333333"
"2146613276","1858065959","0.333333"
"2146613276","586476696","0.333333"
"586476696","2146613276","0.333333"
"1858065959","2115685105","1.5"
"2115685105","1858065959","1.5"
"2115685105","586476696","0.5"
"586476696","2115685105","0.5"
"1879415878","2143753066","1"
"2143753066","1879415878","1"
"1941890857","2133631536","1"
"2133631536","1941890857","1"
"2105977099","825387168","1"
"825387168","2105977099","1"
"2127300475","2146613276","1"
"2146613276","2127300475","1"
"2133631536","647683616","1"
"647683616","2133631536","1"
