"1490878083","2111250043","1.33333"
"2111250043","1490878083","1.33333"
"1490878083","1885561873","1.29286"
"1885561873","1490878083","1.29286"
"1490878083","2157663777","1.09286"
"2157663777","1490878083","1.09286"
"1885561873","2157663777","6.87619"
"2157663777","1885561873","6.87619"
"1490878083","1494911636","0.592857"
"1494911636","1490878083","0.592857"
"1490878083","1777576722","0.792857"
"1777576722","1490878083","0.792857"
"1490878083","2032863222","0.592857"
"2032863222","1490878083","0.592857"
"1490878083","2060208597","0.592857"
"2060208597","1490878083","0.592857"
"1490878083","2115534035","0.72619"
"2115534035","1490878083","0.72619"
"1494911636","1777576722","0.792857"
"1777576722","1494911636","0.792857"
"1494911636","1885561873","0.792857"
"1885561873","1494911636","0.792857"
"1494911636","2032863222","0.392857"
"2032863222","1494911636","0.392857"
"1494911636","2060208597","0.592857"
"2060208597","1494911636","0.592857"
"1494911636","2115534035","0.592857"
"2115534035","1494911636","0.592857"
"1494911636","2157663777","0.792857"
"2157663777","1494911636","0.792857"
"1777576722","1885561873","2.99286"
"1885561873","1777576722","2.99286"
"1777576722","2032863222","0.592857"
"2032863222","1777576722","0.592857"
"1777576722","2060208597","0.792857"
"2060208597","1777576722","0.792857"
"1777576722","2115534035","0.592857"
"2115534035","1777576722","0.592857"
"1777576722","2157663777","1.79286"
"2157663777","1777576722","1.79286"
"1885561873","2032863222","0.592857"
"2032863222","1885561873","0.592857"
"1885561873","2060208597","1.29286"
"2060208597","1885561873","1.29286"
"1885561873","2115534035","1.09286"
"2115534035","1885561873","1.09286"
"2032863222","2060208597","1.09286"
"2060208597","2032863222","1.09286"
"2032863222","2115534035","0.392857"
"2115534035","2032863222","0.392857"
"2032863222","2157663777","0.392857"
"2157663777","2032863222","0.392857"
"2060208597","2115534035","1.09286"
"2115534035","2060208597","1.09286"
"2060208597","2157663777","0.592857"
"2157663777","2060208597","0.592857"
"2115534035","2157663777","0.592857"
"2157663777","2115534035","0.592857"
"1490878083","2611856473","0.45"
"2611856473","1490878083","0.45"
"1494911636","2611856473","0.25"
"2611856473","1494911636","0.25"
"1777576722","2611856473","0.45"
"2611856473","1777576722","0.45"
"1885561873","2611856473","0.45"
"2611856473","1885561873","0.45"
"2032863222","2611856473","1.61667"
"2611856473","2032863222","1.61667"
"2060208597","2611856473","0.616667"
"2611856473","2060208597","0.616667"
"2115534035","2611856473","0.25"
"2611856473","2115534035","0.25"
"2157663777","2611856473","0.25"
"2611856473","2157663777","0.25"
"1490878083","2083318874","1"
"2083318874","1490878083","1"
"1490878083","1550431237","3.33333"
"1550431237","1490878083","3.33333"
"1550431237","2111250043","0.333333"
"2111250043","1550431237","0.333333"
"1550431237","2115534035","0.333333"
"2115534035","1550431237","0.333333"
"2111250043","2115534035","0.333333"
"2115534035","2111250043","0.333333"
"1490878083","2164307646","0.2"
"2164307646","1490878083","0.2"
"1494911636","2164307646","0.2"
"2164307646","1494911636","0.2"
"1777576722","2164307646","0.2"
"2164307646","1777576722","0.2"
"1885561873","2164307646","0.2"
"2164307646","1885561873","0.2"
"2157663777","2164307646","0.2"
"2164307646","2157663777","0.2"
"1490878083","2148350542","1"
"2148350542","1490878083","1"
"1494911636","1550431237","1"
"1550431237","1494911636","1"
"1533471782","1885561873","0.333333"
"1885561873","1533471782","0.333333"
"1533471782","2058636546","6.5"
"2058636546","1533471782","6.5"
"1533471782","2157663777","0.333333"
"2157663777","1533471782","0.333333"
"1885561873","2058636546","0.583333"
"2058636546","1885561873","0.583333"
"2058636546","2157663777","0.583333"
"2157663777","2058636546","0.583333"
"1533471782","2148350542","0.333333"
"2148350542","1533471782","0.333333"
"1533471782","2504514184","4.66667"
"2504514184","1533471782","4.66667"
"2058636546","2148350542","1.58333"
"2148350542","2058636546","1.58333"
"2058636546","2504514184","5.16667"
"2504514184","2058636546","5.16667"
"2148350542","2504514184","0.333333"
"2504514184","2148350542","0.333333"
"1533471782","2120779835","1"
"2120779835","1533471782","1"
"2058636546","2120779835","4.5"
"2120779835","2058636546","4.5"
"2120779835","2504514184","5.5"
"2504514184","2120779835","5.5"
"1533471782","2105541105","1.83333"
"2105541105","1533471782","1.83333"
"2058636546","2105541105","1.83333"
"2105541105","2058636546","1.83333"
"1533471782","2083318874","1"
"2083318874","1533471782","1"
"2105541105","2504514184","0.333333"
"2504514184","2105541105","0.333333"
"1550431237","1885561873","0.25"
"1885561873","1550431237","0.25"
"1550431237","2058636546","0.25"
"2058636546","1550431237","0.25"
"1550431237","2148350542","0.25"
"2148350542","1550431237","0.25"
"1550431237","2157663777","0.25"
"2157663777","1550431237","0.25"
"1885561873","2148350542","0.25"
"2148350542","1885561873","0.25"
"2148350542","2157663777","0.25"
"2157663777","2148350542","0.25"
"184810129","2022792112","19"
"2022792112","184810129","19"
"184810129","2096286719","10.8333"
"2096286719","184810129","10.8333"
"184810129","2148350542","0.25"
"2148350542","184810129","0.25"
"184810129","2159766480","2.58333"
"2159766480","184810129","2.58333"
"2022792112","2096286719","7.83333"
"2096286719","2022792112","7.83333"
"2022792112","2148350542","0.25"
"2148350542","2022792112","0.25"
"2022792112","2159766480","2.58333"
"2159766480","2022792112","2.58333"
"2096286719","2148350542","0.25"
"2148350542","2096286719","0.25"
"2096286719","2159766480","2.58333"
"2159766480","2096286719","2.58333"
"2148350542","2159766480","0.75"
"2159766480","2148350542","0.75"
"184810129","2060208597","1.16667"
"2060208597","184810129","1.16667"
"2022792112","2060208597","1.16667"
"2060208597","2022792112","1.16667"
"184810129","2032863222","0.166667"
"2032863222","184810129","0.166667"
"184810129","2058094761","0.166667"
"2058094761","184810129","0.166667"
"184810129","2164307646","0.416667"
"2164307646","184810129","0.416667"
"184810129","2611856473","0.416667"
"2611856473","184810129","0.416667"
"2022792112","2032863222","0.166667"
"2032863222","2022792112","0.166667"
"2022792112","2058094761","0.166667"
"2058094761","2022792112","0.166667"
"2022792112","2164307646","0.416667"
"2164307646","2022792112","0.416667"
"2022792112","2611856473","2.41667"
"2611856473","2022792112","2.41667"
"2032863222","2058094761","1.5"
"2058094761","2032863222","1.5"
"2032863222","2164307646","2.5"
"2164307646","2032863222","2.5"
"2058094761","2060208597","0.5"
"2060208597","2058094761","0.5"
"2058094761","2164307646","0.5"
"2164307646","2058094761","0.5"
"2058094761","2611856473","0.166667"
"2611856473","2058094761","0.166667"
"2060208597","2164307646","1.5"
"2164307646","2060208597","1.5"
"2164307646","2611856473","0.416667"
"2611856473","2164307646","0.416667"
"2096286719","2164307646","0.25"
"2164307646","2096286719","0.25"
"2096286719","2611856473","0.25"
"2611856473","2096286719","0.25"
"2032863222","2083318874","0.5"
"2083318874","2032863222","0.5"
"2032863222","2148350542","0.5"
"2148350542","2032863222","0.5"
"2083318874","2148350542","0.5"
"2148350542","2083318874","0.5"
"2058094761","2058636546","1.5"
"2058636546","2058094761","1.5"
"2058094761","2159766480","0.5"
"2159766480","2058094761","0.5"
"2058636546","2159766480","0.5"
"2159766480","2058636546","0.5"
"2097223308","2148350542","1"
"2148350542","2097223308","1"
"2097223308","2294525553","0.5"
"2294525553","2097223308","0.5"
"2097223308","2953917756","1.5"
"2953917756","2097223308","1.5"
"2294525553","2953917756","1.5"
"2953917756","2294525553","1.5"
"2148350542","2157411243","14.5"
"2157411243","2148350542","14.5"
"2157411243","2159766480","0.5"
"2159766480","2157411243","0.5"
