"110994464","1460153029","1"
"1460153029","110994464","1"
"1198114755","1460153029","0.642857"
"1460153029","1198114755","0.642857"
"1198114755","3014410422","0.642857"
"3014410422","1198114755","0.642857"
"1460153029","3014410422","1.90952"
"3014410422","1460153029","1.90952"
"1198114755","1969556886","0.142857"
"1969556886","1198114755","0.142857"
"1198114755","1980209008","0.142857"
"1980209008","1198114755","0.142857"
"1198114755","1982511049","0.142857"
"1982511049","1198114755","0.142857"
"1198114755","2043061519","0.142857"
"2043061519","1198114755","0.142857"
"1198114755","2103973065","0.142857"
"2103973065","1198114755","0.142857"
"1460153029","1969556886","5.52619"
"1969556886","1460153029","5.52619"
"1460153029","1980209008","3.44286"
"1980209008","1460153029","3.44286"
"1460153029","1982511049","2.16905"
"1982511049","1460153029","2.16905"
"1460153029","2043061519","7.52619"
"2043061519","1460153029","7.52619"
"1460153029","2103973065","1.86905"
"2103973065","1460153029","1.86905"
"1969556886","1980209008","0.242857"
"1980209008","1969556886","0.242857"
"1969556886","1982511049","2.07619"
"1982511049","1969556886","2.07619"
"1969556886","2043061519","2.15952"
"2043061519","1969556886","2.15952"
"1969556886","2103973065","1.77619"
"2103973065","1969556886","1.77619"
"1969556886","3014410422","1.32619"
"3014410422","1969556886","1.32619"
"1980209008","1982511049","0.692857"
"1982511049","1980209008","0.692857"
"1980209008","2043061519","0.942857"
"2043061519","1980209008","0.942857"
"1980209008","2103973065","0.692857"
"2103973065","1980209008","0.692857"
"1980209008","3014410422","1.24286"
"3014410422","1980209008","1.24286"
"1982511049","2043061519","0.77619"
"2043061519","1982511049","0.77619"
"1982511049","2103973065","7.33571"
"2103973065","1982511049","7.33571"
"1982511049","3014410422","0.242857"
"3014410422","1982511049","0.242857"
"2043061519","2103973065","0.77619"
"2103973065","2043061519","0.77619"
"2043061519","3014410422","1.65952"
"3014410422","2043061519","1.65952"
"2103973065","3014410422","0.242857"
"3014410422","2103973065","0.242857"
"1460153029","15261961","0.392857"
"15261961","1460153029","0.392857"
"1460153029","2165094929","0.392857"
"2165094929","1460153029","0.392857"
"1460153029","2614037100","0.392857"
"2614037100","1460153029","0.392857"
"15261961","1980209008","0.583333"
"1980209008","15261961","0.583333"
"15261961","2165094929","1.22619"
"2165094929","15261961","1.22619"
"15261961","2614037100","5.72619"
"2614037100","15261961","5.72619"
"1980209008","2165094929","0.583333"
"2165094929","1980209008","0.583333"
"1980209008","2614037100","0.583333"
"2614037100","1980209008","0.583333"
"2165094929","2614037100","2.22619"
"2614037100","2165094929","2.22619"
"1460153029","1510812491","5"
"1510812491","1460153029","5"
"1460153029","2023799988","1.69286"
"2023799988","1460153029","1.69286"
"1460153029","2070811025","0.609524"
"2070811025","1460153029","0.609524"
"1510812491","1969556886","1.05"
"1969556886","1510812491","1.05"
"1510812491","2023799988","0.716667"
"2023799988","1510812491","0.716667"
"1510812491","2070811025","0.466667"
"2070811025","1510812491","0.466667"
"1510812491","2103973065","0.666667"
"2103973065","1510812491","0.666667"
"1969556886","2023799988","0.966667"
"2023799988","1969556886","0.966667"
"1969556886","2070811025","5.13333"
"2070811025","1969556886","5.13333"
"2023799988","2070811025","0.609524"
"2070811025","2023799988","0.609524"
"2023799988","2103973065","0.942857"
"2103973065","2023799988","0.942857"
"2070811025","2103973065","1.27619"
"2103973065","2070811025","1.27619"
"1510812491","1980209008","0.3"
"1980209008","1510812491","0.3"
"1510812491","1982511049","0.466667"
"1982511049","1510812491","0.466667"
"1510812491","2043061519","1.38333"
"2043061519","1510812491","1.38333"
"1460153029","2125898011","6.43333"
"2125898011","1460153029","6.43333"
"1510812491","2125898011","0.35"
"2125898011","1510812491","0.35"
"1510812491","3014410422","0.6"
"3014410422","1510812491","0.6"
"2023799988","2125898011","1.35"
"2125898011","2023799988","1.35"
"2023799988","3014410422","0.35"
"3014410422","2023799988","0.35"
"2125898011","3014410422","0.683333"
"3014410422","2125898011","0.683333"
"1980209008","2125898011","0.35"
"2125898011","1980209008","0.35"
"1982511049","2125898011","0.35"
"2125898011","1982511049","0.35"
"2103973065","2125898011","1.35"
"2125898011","2103973065","1.35"
"2043061519","2125898011","0.433333"
"2125898011","2043061519","0.433333"
"1460153029","2666936580","1"
"2666936580","1460153029","1"
"1969556886","2125898011","0.6"
"2125898011","1969556886","0.6"
"1980209008","2023799988","1.1"
"2023799988","1980209008","1.1"
"1980209008","2070811025","0.1"
"2070811025","1980209008","0.1"
"1982511049","2023799988","0.742857"
"2023799988","1982511049","0.742857"
"1982511049","2070811025","1.07619"
"2070811025","1982511049","1.07619"
"2023799988","2043061519","0.1"
"2043061519","2023799988","0.1"
"2043061519","2070811025","0.1"
"2070811025","2043061519","0.1"
"2070811025","2125898011","0.1"
"2125898011","2070811025","0.1"
"2070811025","3014410422","0.1"
"3014410422","2070811025","0.1"
"15261961","1982511049","0.142857"
"1982511049","15261961","0.142857"
"15261961","2023799988","0.142857"
"2023799988","15261961","0.142857"
"15261961","2070811025","0.642857"
"2070811025","15261961","0.642857"
"15261961","2103973065","0.142857"
"2103973065","15261961","0.142857"
"1982511049","2165094929","0.142857"
"2165094929","1982511049","0.142857"
"1982511049","2614037100","0.142857"
"2614037100","1982511049","0.142857"
"2023799988","2165094929","0.142857"
"2165094929","2023799988","0.142857"
"2023799988","2614037100","0.142857"
"2614037100","2023799988","0.142857"
"2070811025","2165094929","0.142857"
"2165094929","2070811025","0.142857"
"2070811025","2614037100","0.642857"
"2614037100","2070811025","0.642857"
"2103973065","2165094929","0.142857"
"2165094929","2103973065","0.142857"
"2103973065","2614037100","0.142857"
"2614037100","2103973065","0.142857"
"1982511049","2976500773","0.5"
"2976500773","1982511049","0.5"
"2103973065","2976500773","0.5"
"2976500773","2103973065","0.5"
"2125898011","2165094929","1"
"2165094929","2125898011","1"
"2888463767","2889254835","1.5"
"2889254835","2888463767","1.5"
"2888463767","2976500773","0.5"
"2976500773","2888463767","0.5"
"2889254835","2976500773","0.5"
"2976500773","2889254835","0.5"
