"113976528","1831125051","0.410256"
"1831125051","113976528","0.410256"
"113976528","2404647912","0.333333"
"2404647912","113976528","0.333333"
"113976528","569600335","0.68254"
"569600335","113976528","0.68254"
"1831125051","2404647912","0.333333"
"2404647912","1831125051","0.333333"
"1831125051","569600335","0.333333"
"569600335","1831125051","0.333333"
"2404647912","569600335","0.833333"
"569600335","2404647912","0.833333"
"113976528","2478430333","0.934066"
"2478430333","113976528","0.934066"
"113976528","37132737","5.8928"
"37132737","113976528","5.8928"
"2478430333","37132737","1.31264"
"37132737","2478430333","1.31264"
"113976528","2006276117","1.78803"
"2006276117","113976528","1.78803"
"113976528","2067245789","3.12137"
"2067245789","113976528","3.12137"
"2006276117","2067245789","2.03803"
"2067245789","2006276117","2.03803"
"113976528","2064055356","0.571429"
"2064055356","113976528","0.571429"
"113976528","2120441996","2.76422"
"2120441996","113976528","2.76422"
"113976528","2664876604","0.534066"
"2664876604","113976528","0.534066"
"113976528","2990633755","1.28327"
"2990633755","113976528","1.28327"
"2006276117","2064055356","0.428571"
"2064055356","2006276117","0.428571"
"2006276117","2120441996","1.28803"
"2120441996","2006276117","1.28803"
"2006276117","2664876604","0.541209"
"2664876604","2006276117","0.541209"
"2006276117","2990633755","1.05708"
"2990633755","2006276117","1.05708"
"2006276117","37132737","1.14994"
"37132737","2006276117","1.14994"
"2064055356","2067245789","0.428571"
"2067245789","2064055356","0.428571"
"2064055356","2120441996","0.571429"
"2120441996","2064055356","0.571429"
"2064055356","2664876604","0.285714"
"2664876604","2064055356","0.285714"
"2064055356","2990633755","0.428571"
"2990633755","2064055356","0.428571"
"2064055356","37132737","0.571429"
"37132737","2064055356","0.571429"
"2067245789","2120441996","1.62137"
"2120441996","2067245789","1.62137"
"2067245789","2664876604","0.541209"
"2664876604","2067245789","0.541209"
"2067245789","2990633755","1.39042"
"2990633755","2067245789","1.39042"
"2067245789","37132737","2.14994"
"37132737","2067245789","2.14994"
"2120441996","2664876604","0.434066"
"2664876604","2120441996","0.434066"
"2120441996","2990633755","2.28327"
"2990633755","2120441996","2.28327"
"2120441996","37132737","1.45946"
"37132737","2120441996","1.45946"
"2664876604","2990633755","2.19597"
"2990633755","2664876604","2.19597"
"2664876604","37132737","1.74597"
"37132737","2664876604","1.74597"
"2990633755","37132737","2.03327"
"37132737","2990633755","2.03327"
"113976528","2315610102","1.14042"
"2315610102","113976528","1.14042"
"2064055356","2315610102","0.285714"
"2315610102","2064055356","0.285714"
"2064055356","2478430333","0.285714"
"2478430333","2064055356","0.285714"
"2120441996","2315610102","0.640415"
"2315610102","2120441996","0.640415"
"2120441996","2478430333","0.434066"
"2478430333","2120441996","0.434066"
"2315610102","2478430333","0.66978"
"2478430333","2315610102","0.66978"
"2315610102","2664876604","1.50311"
"2664876604","2315610102","1.50311"
"2315610102","2990633755","1.72375"
"2990633755","2315610102","1.72375"
"2315610102","37132737","1.92375"
"37132737","2315610102","1.92375"
"2478430333","2664876604","4.74121"
"2664876604","2478430333","4.74121"
"2478430333","2990633755","1.46978"
"2990633755","2478430333","1.46978"
"2006276117","2315610102","0.497558"
"2315610102","2006276117","0.497558"
"2067245789","2315610102","0.997558"
"2315610102","2067245789","0.997558"
"113976528","1989996840","0.420635"
"1989996840","113976528","0.420635"
"1989996840","2006276117","0.653968"
"2006276117","1989996840","0.653968"
"1989996840","2064055356","0.142857"
"2064055356","1989996840","0.142857"
"1989996840","2067245789","0.320635"
"2067245789","1989996840","0.320635"
"1989996840","2120441996","1.82063"
"2120441996","1989996840","1.82063"
"1989996840","2478430333","0.47619"
"2478430333","1989996840","0.47619"
"1989996840","37132737","0.520635"
"37132737","1989996840","0.520635"
"2006276117","2478430333","0.624542"
"2478430333","2006276117","0.624542"
"2067245789","2478430333","0.291209"
"2478430333","2067245789","0.291209"
"113976528","610081231","0.515873"
"610081231","113976528","0.515873"
"1989996840","2315610102","0.111111"
"2315610102","1989996840","0.111111"
"1989996840","2990633755","0.111111"
"2990633755","1989996840","0.111111"
"1989996840","569600335","1.44444"
"569600335","1989996840","1.44444"
"1989996840","610081231","2.44444"
"610081231","1989996840","2.44444"
"2006276117","569600335","0.249206"
"569600335","2006276117","0.249206"
"2006276117","610081231","1.74921"
"610081231","2006276117","1.74921"
"2067245789","569600335","1.24921"
"569600335","2067245789","1.24921"
"2067245789","610081231","0.749206"
"610081231","2067245789","0.749206"
"2120441996","569600335","0.415873"
"569600335","2120441996","0.415873"
"2120441996","610081231","0.749206"
"610081231","2120441996","0.749206"
"2315610102","569600335","0.111111"
"569600335","2315610102","0.111111"
"2315610102","610081231","0.111111"
"610081231","2315610102","0.111111"
"2990633755","569600335","0.111111"
"569600335","2990633755","0.111111"
"2990633755","610081231","0.277778"
"610081231","2990633755","0.277778"
"37132737","569600335","0.377778"
"569600335","37132737","0.377778"
"37132737","610081231","0.377778"
"610081231","37132737","0.377778"
"569600335","610081231","0.349206"
"610081231","569600335","0.349206"
"113976528","131636447","0.138095"
"131636447","113976528","0.138095"
"113976528","1998865653","0.515018"
"1998865653","113976528","0.515018"
"113976528","2086452170","0.0666667"
"2086452170","113976528","0.0666667"
"113976528","2101751963","0.34359"
"2101751963","113976528","0.34359"
"113976528","2107794889","0.638095"
"2107794889","113976528","0.638095"
"113976528","2125898011","0.166667"
"2125898011","113976528","0.166667"
"113976528","2132365807","0.238095"
"2132365807","113976528","0.238095"
"113976528","2310113666","0.0666667"
"2310113666","113976528","0.0666667"
"113976528","69866679","0.0666667"
"69866679","113976528","0.0666667"
"131636447","1989996840","0.233333"
"1989996840","131636447","0.233333"
"131636447","1998865653","0.138095"
"1998865653","131636447","0.138095"
"131636447","2006276117","0.138095"
"2006276117","131636447","0.138095"
"131636447","2067245789","0.138095"
"2067245789","131636447","0.138095"
"131636447","2086452170","0.0666667"
"2086452170","131636447","0.0666667"
"131636447","2101751963","2.06667"
"2101751963","131636447","2.06667"
"131636447","2107794889","10.6381"
"2107794889","131636447","10.6381"
"131636447","2120441996","0.138095"
"2120441996","131636447","0.138095"
"131636447","2125898011","1.9"
"2125898011","131636447","1.9"
"131636447","2132365807","0.304762"
"2132365807","131636447","0.304762"
"131636447","2310113666","0.0666667"
"2310113666","131636447","0.0666667"
"131636447","569600335","0.138095"
"569600335","131636447","0.138095"
"131636447","610081231","0.138095"
"610081231","131636447","0.138095"
"131636447","69866679","0.0666667"
"69866679","131636447","0.0666667"
"1989996840","1998865653","4.16667"
"1998865653","1989996840","4.16667"
"1989996840","2086452170","0.0666667"
"2086452170","1989996840","0.0666667"
"1989996840","2101751963","0.233333"
"2101751963","1989996840","0.233333"
"1989996840","2107794889","0.233333"
"2107794889","1989996840","0.233333"
"1989996840","2125898011","0.333333"
"2125898011","1989996840","0.333333"
"1989996840","2132365807","1"
"2132365807","1989996840","1"
"1989996840","2310113666","1.56667"
"2310113666","1989996840","1.56667"
"1989996840","69866679","0.0666667"
"69866679","1989996840","0.0666667"
"1998865653","2006276117","0.215018"
"2006276117","1998865653","0.215018"
"1998865653","2067245789","0.215018"
"2067245789","1998865653","0.215018"
"1998865653","2086452170","3.06667"
"2086452170","1998865653","3.06667"
"1998865653","2101751963","0.34359"
"2101751963","1998865653","0.34359"
"1998865653","2107794889","0.138095"
"2107794889","1998865653","0.138095"
"1998865653","2120441996","1.21502"
"2120441996","1998865653","1.21502"
"1998865653","2125898011","0.333333"
"2125898011","1998865653","0.333333"
"1998865653","2132365807","0.904762"
"2132365807","1998865653","0.904762"
"1998865653","2310113666","3.56667"
"2310113666","1998865653","3.56667"
"1998865653","569600335","0.404762"
"569600335","1998865653","0.404762"
"1998865653","610081231","3.07143"
"610081231","1998865653","3.07143"
"1998865653","69866679","0.0666667"
"69866679","1998865653","0.0666667"
"2006276117","2086452170","0.0666667"
"2086452170","2006276117","0.0666667"
"2006276117","2101751963","0.14359"
"2101751963","2006276117","0.14359"
"2006276117","2107794889","0.138095"
"2107794889","2006276117","0.138095"
"2006276117","2125898011","0.0666667"
"2125898011","2006276117","0.0666667"
"2006276117","2132365807","0.138095"
"2132365807","2006276117","0.138095"
"2006276117","2310113666","0.0666667"
"2310113666","2006276117","0.0666667"
"2006276117","69866679","0.0666667"
"69866679","2006276117","0.0666667"
"2067245789","2086452170","0.316667"
"2086452170","2067245789","0.316667"
"2067245789","2101751963","0.14359"
"2101751963","2067245789","0.14359"
"2067245789","2107794889","0.138095"
"2107794889","2067245789","0.138095"
"2067245789","2125898011","0.0666667"
"2125898011","2067245789","0.0666667"
"2067245789","2132365807","0.138095"
"2132365807","2067245789","0.138095"
"2067245789","2310113666","0.983333"
"2310113666","2067245789","0.983333"
"2067245789","69866679","0.566667"
"69866679","2067245789","0.566667"
"2086452170","2101751963","0.0666667"
"2101751963","2086452170","0.0666667"
"2086452170","2107794889","0.0666667"
"2107794889","2086452170","0.0666667"
"2086452170","2120441996","0.0666667"
"2120441996","2086452170","0.0666667"
"2086452170","2125898011","0.0666667"
"2125898011","2086452170","0.0666667"
"2086452170","2132365807","0.0666667"
"2132365807","2086452170","0.0666667"
"2086452170","2310113666","8.4"
"2310113666","2086452170","8.4"
"2086452170","569600335","0.0666667"
"569600335","2086452170","0.0666667"
"2086452170","610081231","0.0666667"
"610081231","2086452170","0.0666667"
"2086452170","69866679","0.0666667"
"69866679","2086452170","0.0666667"
"2101751963","2107794889","2.56667"
"2107794889","2101751963","2.56667"
"2101751963","2120441996","0.14359"
"2120441996","2101751963","0.14359"
"2101751963","2125898011","3.4"
"2125898011","2101751963","3.4"
"2101751963","2132365807","0.233333"
"2132365807","2101751963","0.233333"
"2101751963","2310113666","0.0666667"
"2310113666","2101751963","0.0666667"
"2101751963","569600335","0.0666667"
"569600335","2101751963","0.0666667"
"2101751963","610081231","0.0666667"
"610081231","2101751963","0.0666667"
"2101751963","69866679","0.0666667"
"69866679","2101751963","0.0666667"
"2107794889","2120441996","0.138095"
"2120441996","2107794889","0.138095"
"2107794889","2125898011","2.9"
"2125898011","2107794889","2.9"
"2107794889","2132365807","0.304762"
"2132365807","2107794889","0.304762"
"2107794889","2310113666","0.0666667"
"2310113666","2107794889","0.0666667"
"2107794889","569600335","0.138095"
"569600335","2107794889","0.138095"
"2107794889","610081231","0.138095"
"610081231","2107794889","0.138095"
"2107794889","69866679","0.0666667"
"69866679","2107794889","0.0666667"
"2120441996","2125898011","0.233333"
"2125898011","2120441996","0.233333"
"2120441996","2132365807","0.304762"
"2132365807","2120441996","0.304762"
"2120441996","2310113666","0.0666667"
"2310113666","2120441996","0.0666667"
"2120441996","69866679","0.0666667"
"69866679","2120441996","0.0666667"
"2125898011","2132365807","0.333333"
"2132365807","2125898011","0.333333"
"2125898011","2310113666","0.0666667"
"2310113666","2125898011","0.0666667"
"2125898011","569600335","0.333333"
"569600335","2125898011","0.333333"
"2125898011","610081231","0.166667"
"610081231","2125898011","0.166667"
"2125898011","69866679","0.0666667"
"69866679","2125898011","0.0666667"
"2132365807","2310113666","0.0666667"
"2310113666","2132365807","0.0666667"
"2132365807","569600335","1.40476"
"569600335","2132365807","1.40476"
"2132365807","610081231","0.238095"
"610081231","2132365807","0.238095"
"2132365807","69866679","0.566667"
"69866679","2132365807","0.566667"
"2310113666","569600335","0.9"
"569600335","2310113666","0.9"
"2310113666","610081231","0.4"
"610081231","2310113666","0.4"
"2310113666","69866679","0.566667"
"69866679","2310113666","0.566667"
"569600335","69866679","0.0666667"
"69866679","569600335","0.0666667"
"610081231","69866679","0.0666667"
"69866679","610081231","0.0666667"
"2107794889","37132737","0.5"
"37132737","2107794889","0.5"
"113976528","1504425036","0.876923"
"1504425036","113976528","0.876923"
"113976528","2161132558","0.171429"
"2161132558","113976528","0.171429"
"1504425036","1989996840","0.6"
"1989996840","1504425036","0.6"
"1504425036","1998865653","0.176923"
"1998865653","1504425036","0.176923"
"1504425036","2125898011","0.1"
"2125898011","1504425036","0.1"
"1504425036","2132365807","1.6"
"2132365807","1504425036","1.6"
"1504425036","2161132558","0.6"
"2161132558","1504425036","0.6"
"1504425036","2664876604","0.176923"
"2664876604","1504425036","0.176923"
"1504425036","37132737","0.876923"
"37132737","1504425036","0.876923"
"1504425036","569600335","0.1"
"569600335","1504425036","0.1"
"1504425036","610081231","0.1"
"610081231","1504425036","0.1"
"1989996840","2161132558","1.26667"
"2161132558","1989996840","1.26667"
"1989996840","2664876604","0.266667"
"2664876604","1989996840","0.266667"
"1998865653","2161132558","1.17143"
"2161132558","1998865653","1.17143"
"1998865653","2664876604","0.248352"
"2664876604","1998865653","0.248352"
"1998865653","37132737","0.34359"
"37132737","1998865653","0.34359"
"2125898011","2161132558","0.1"
"2161132558","2125898011","0.1"
"2125898011","2664876604","0.1"
"2664876604","2125898011","0.1"
"2125898011","37132737","0.266667"
"37132737","2125898011","0.266667"
"2132365807","2161132558","0.838095"
"2161132558","2132365807","0.838095"
"2132365807","2664876604","0.338095"
"2664876604","2132365807","0.338095"
"2132365807","37132737","0.266667"
"37132737","2132365807","0.266667"
"2161132558","2664876604","0.338095"
"2664876604","2161132558","0.338095"
"2161132558","37132737","0.1"
"37132737","2161132558","0.1"
"2161132558","569600335","0.171429"
"569600335","2161132558","0.171429"
"2161132558","610081231","0.171429"
"610081231","2161132558","0.171429"
"2664876604","569600335","0.171429"
"569600335","2664876604","0.171429"
"2664876604","610081231","0.171429"
"610081231","2664876604","0.171429"
"113976528","2002190357","0.2"
"2002190357","113976528","0.2"
"113976528","2807277878","0.2"
"2807277878","113976528","0.2"
"113976528","2949781324","0.276923"
"2949781324","113976528","0.276923"
"1998865653","2002190357","0.2"
"2002190357","1998865653","0.2"
"1998865653","2807277878","0.2"
"2807277878","1998865653","0.2"
"1998865653","2949781324","0.276923"
"2949781324","1998865653","0.276923"
"2002190357","2101751963","0.2"
"2101751963","2002190357","0.2"
"2002190357","2807277878","0.2"
"2807277878","2002190357","0.2"
"2002190357","2949781324","0.2"
"2949781324","2002190357","0.2"
"2101751963","2807277878","0.2"
"2807277878","2101751963","0.2"
"2101751963","2949781324","2.77692"
"2949781324","2101751963","2.77692"
"2807277878","2949781324","0.2"
"2949781324","2807277878","0.2"
"1504425036","2006276117","0.276923"
"2006276117","1504425036","0.276923"
"1504425036","2067245789","0.276923"
"2067245789","1504425036","0.276923"
"1504425036","2120441996","0.776923"
"2120441996","1504425036","0.776923"
"1504425036","1831125051","1.07692"
"1831125051","1504425036","1.07692"
"1504425036","2101751963","0.0769231"
"2101751963","1504425036","0.0769231"
"1504425036","2315610102","0.0769231"
"2315610102","1504425036","0.0769231"
"1504425036","2478430333","0.0769231"
"2478430333","1504425036","0.0769231"
"1504425036","2949781324","0.0769231"
"2949781324","1504425036","0.0769231"
"1504425036","2990633755","0.0769231"
"2990633755","1504425036","0.0769231"
"1831125051","1998865653","0.326923"
"1998865653","1831125051","0.326923"
"1831125051","2006276117","0.0769231"
"2006276117","1831125051","0.0769231"
"1831125051","2067245789","0.0769231"
"2067245789","1831125051","0.0769231"
"1831125051","2101751963","0.0769231"
"2101751963","1831125051","0.0769231"
"1831125051","2120441996","0.0769231"
"2120441996","1831125051","0.0769231"
"1831125051","2315610102","0.0769231"
"2315610102","1831125051","0.0769231"
"1831125051","2478430333","0.0769231"
"2478430333","1831125051","0.0769231"
"1831125051","2664876604","0.0769231"
"2664876604","1831125051","0.0769231"
"1831125051","2949781324","0.0769231"
"2949781324","1831125051","0.0769231"
"1831125051","2990633755","0.0769231"
"2990633755","1831125051","0.0769231"
"1831125051","37132737","0.0769231"
"37132737","1831125051","0.0769231"
"1998865653","2315610102","0.0769231"
"2315610102","1998865653","0.0769231"
"1998865653","2478430333","0.648352"
"2478430333","1998865653","0.648352"
"1998865653","2990633755","0.0769231"
"2990633755","1998865653","0.0769231"
"2006276117","2949781324","0.0769231"
"2949781324","2006276117","0.0769231"
"2067245789","2949781324","0.0769231"
"2949781324","2067245789","0.0769231"
"2101751963","2315610102","0.0769231"
"2315610102","2101751963","0.0769231"
"2101751963","2478430333","0.0769231"
"2478430333","2101751963","0.0769231"
"2101751963","2664876604","0.24359"
"2664876604","2101751963","0.24359"
"2101751963","2990633755","0.0769231"
"2990633755","2101751963","0.0769231"
"2101751963","37132737","0.0769231"
"37132737","2101751963","0.0769231"
"2120441996","2949781324","0.0769231"
"2949781324","2120441996","0.0769231"
"2315610102","2949781324","0.0769231"
"2949781324","2315610102","0.0769231"
"2478430333","2949781324","0.0769231"
"2949781324","2478430333","0.0769231"
"2664876604","2949781324","0.0769231"
"2949781324","2664876604","0.0769231"
"2949781324","2990633755","0.0769231"
"2990633755","2949781324","0.0769231"
"2949781324","37132737","0.0769231"
"37132737","2949781324","0.0769231"
"113976528","2063860676","0.5"
"2063860676","113976528","0.5"
"2063860676","37132737","0.5"
"37132737","2063860676","0.5"
"113976528","2399230249","0.0714286"
"2399230249","113976528","0.0714286"
"113976528","2463902528","0.0714286"
"2463902528","113976528","0.0714286"
"131636447","2161132558","0.238095"
"2161132558","131636447","0.238095"
"131636447","2399230249","0.0714286"
"2399230249","131636447","0.0714286"
"131636447","2463902528","0.0714286"
"2463902528","131636447","0.0714286"
"131636447","2478430333","0.0714286"
"2478430333","131636447","0.0714286"
"131636447","2664876604","0.238095"
"2664876604","131636447","0.238095"
"1998865653","2399230249","0.0714286"
"2399230249","1998865653","0.0714286"
"1998865653","2463902528","0.0714286"
"2463902528","1998865653","0.0714286"
"2006276117","2161132558","0.0714286"
"2161132558","2006276117","0.0714286"
"2006276117","2399230249","0.0714286"
"2399230249","2006276117","0.0714286"
"2006276117","2463902528","0.0714286"
"2463902528","2006276117","0.0714286"
"2067245789","2161132558","0.0714286"
"2161132558","2067245789","0.0714286"
"2067245789","2399230249","0.0714286"
"2399230249","2067245789","0.0714286"
"2067245789","2463902528","0.0714286"
"2463902528","2067245789","0.0714286"
"2107794889","2161132558","0.238095"
"2161132558","2107794889","0.238095"
"2107794889","2399230249","0.0714286"
"2399230249","2107794889","0.0714286"
"2107794889","2463902528","0.0714286"
"2463902528","2107794889","0.0714286"
"2107794889","2478430333","0.0714286"
"2478430333","2107794889","0.0714286"
"2107794889","2664876604","0.238095"
"2664876604","2107794889","0.238095"
"2120441996","2161132558","0.0714286"
"2161132558","2120441996","0.0714286"
"2120441996","2399230249","0.0714286"
"2399230249","2120441996","0.0714286"
"2120441996","2463902528","0.0714286"
"2463902528","2120441996","0.0714286"
"2132365807","2399230249","0.0714286"
"2399230249","2132365807","0.0714286"
"2132365807","2463902528","0.0714286"
"2463902528","2132365807","0.0714286"
"2132365807","2478430333","0.0714286"
"2478430333","2132365807","0.0714286"
"2161132558","2399230249","0.0714286"
"2399230249","2161132558","0.0714286"
"2161132558","2463902528","0.0714286"
"2463902528","2161132558","0.0714286"
"2161132558","2478430333","0.0714286"
"2478430333","2161132558","0.0714286"
"2399230249","2463902528","0.571429"
"2463902528","2399230249","0.571429"
"2399230249","2478430333","0.271429"
"2478430333","2399230249","0.271429"
"2399230249","2664876604","0.271429"
"2664876604","2399230249","0.271429"
"2399230249","569600335","0.0714286"
"569600335","2399230249","0.0714286"
"2399230249","610081231","0.0714286"
"610081231","2399230249","0.0714286"
"2463902528","2478430333","0.0714286"
"2478430333","2463902528","0.0714286"
"2463902528","2664876604","0.0714286"
"2664876604","2463902528","0.0714286"
"2463902528","569600335","0.0714286"
"569600335","2463902528","0.0714286"
"2463902528","610081231","0.0714286"
"610081231","2463902528","0.0714286"
"2478430333","569600335","0.571429"
"569600335","2478430333","0.571429"
"2478430333","610081231","0.404762"
"610081231","2478430333","0.404762"
"131636447","2949781324","1"
"2949781324","131636447","1"
"2107794889","2949781324","1.5"
"2949781324","2107794889","1.5"
"2125898011","2949781324","1"
"2949781324","2125898011","1"
"2101751963","2161132558","0.166667"
"2161132558","2101751963","0.166667"
"1504425036","69866679","1"
"69866679","1504425036","1"
"1504425036","2002190357","0.5"
"2002190357","1504425036","0.5"
"1504425036","2310113666","0.5"
"2310113666","1504425036","0.5"
"2002190357","2310113666","3.83333"
"2310113666","2002190357","3.83333"
"1575907844","2095825264","3.08333"
"2095825264","1575907844","3.08333"
"1575907844","2086452170","2.08333"
"2086452170","1575907844","2.08333"
"1575907844","2310113666","5.58333"
"2310113666","1575907844","5.58333"
"1575907844","1998865653","0.5"
"1998865653","1575907844","0.5"
"1998865653","2095825264","0.25"
"2095825264","1998865653","0.25"
"2086452170","2095825264","0.583333"
"2095825264","2086452170","0.583333"
"2095825264","2310113666","2.08333"
"2310113666","2095825264","2.08333"
"1575907844","2002190357","0.25"
"2002190357","1575907844","0.25"
"1575907844","2181979539","0.25"
"2181979539","1575907844","0.25"
"2002190357","2086452170","0.5"
"2086452170","2002190357","0.5"
"2002190357","2181979539","0.5"
"2181979539","2002190357","0.5"
"2086452170","2181979539","2"
"2181979539","2086452170","2"
"2181979539","2310113666","2.33333"
"2310113666","2181979539","2.33333"
"1575907844","1831125051","0.25"
"1831125051","1575907844","0.25"
"1831125051","2086452170","0.25"
"2086452170","1831125051","0.25"
"1831125051","2310113666","0.75"
"2310113666","1831125051","0.75"
"1831125051","2807277878","0.5"
"2807277878","1831125051","0.5"
"2310113666","2807277878","0.833333"
"2807277878","2310113666","0.833333"
"1831450731","2310113666","1"
"2310113666","1831450731","1"
"1977200413","2404647912","0.5"
"2404647912","1977200413","0.5"
"1977200413","2478430333","0.5"
"2478430333","1977200413","0.5"
"2404647912","2478430333","0.5"
"2478430333","2404647912","0.5"
"1977200413","2463902528","1.25"
"2463902528","1977200413","1.25"
"1977200413","2028194488","0.25"
"2028194488","1977200413","0.25"
"1977200413","2399230249","0.25"
"2399230249","1977200413","0.25"
"1977200413","2498495432","0.25"
"2498495432","1977200413","0.25"
"2028194488","2399230249","15.7"
"2399230249","2028194488","15.7"
"2028194488","2463902528","0.833333"
"2463902528","2028194488","0.833333"
"2028194488","2498495432","1.33333"
"2498495432","2028194488","1.33333"
"2399230249","2498495432","1"
"2498495432","2399230249","1"
"2463902528","2498495432","1.83333"
"2498495432","2463902528","1.83333"
"1977405000","2132365807","4"
"2132365807","1977405000","4"
"1989996840","2396654317","0.5"
"2396654317","1989996840","0.5"
"2310113666","2396654317","2.5"
"2396654317","2310113666","2.5"
"2310113666","2478430333","0.5"
"2478430333","2310113666","0.5"
"2002190357","2478430333","0.5"
"2478430333","2002190357","0.5"
"2002190357","569600335","0.5"
"569600335","2002190357","0.5"
"2002190357","2067245789","0.583333"
"2067245789","2002190357","0.583333"
"2067245789","2181979539","0.25"
"2181979539","2067245789","0.25"
"2002190357","69866679","6"
"69866679","2002190357","6"
"2002190357","2396654317","2"
"2396654317","2002190357","2"
"2002190357","610081231","0.333333"
"610081231","2002190357","0.333333"
"2002190357","2132365807","0.5"
"2132365807","2002190357","0.5"
"2006276117","2028194488","0.25"
"2028194488","2006276117","0.25"
"2028194488","2067245789","0.25"
"2067245789","2028194488","0.25"
"2028194488","2664876604","0.45"
"2664876604","2028194488","0.45"
"2028194488","2990633755","0.25"
"2990633755","2028194488","0.25"
"2028194488","2315610102","0.2"
"2315610102","2028194488","0.2"
"2028194488","2478430333","0.2"
"2478430333","2028194488","0.2"
"2028194488","37132737","0.2"
"37132737","2028194488","0.2"
"2315610102","2399230249","0.2"
"2399230249","2315610102","0.2"
"2399230249","37132737","0.2"
"37132737","2399230249","0.2"
"2028194488","2404647912","0.583333"
"2404647912","2028194488","0.583333"
"2399230249","2404647912","0.25"
"2404647912","2399230249","0.25"
"2404647912","2463902528","2.58333"
"2463902528","2404647912","2.58333"
"2404647912","2498495432","1.58333"
"2498495432","2404647912","1.58333"
"2028194488","2396654317","0.5"
"2396654317","2028194488","0.5"
"2396654317","2399230249","0.5"
"2399230249","2396654317","0.5"
"2067245789","2807277878","0.333333"
"2807277878","2067245789","0.333333"
"2067245789","2895632355","0.333333"
"2895632355","2067245789","0.333333"
"2310113666","2895632355","0.666667"
"2895632355","2310113666","0.666667"
"2807277878","2895632355","0.333333"
"2895632355","2807277878","0.333333"
"2315610102","69866679","0.5"
"69866679","2315610102","0.5"
"2086452170","2396654317","1"
"2396654317","2086452170","1"
"2181979539","2895632355","0.333333"
"2895632355","2181979539","0.333333"
"2181979539","569600335","0.333333"
"569600335","2181979539","0.333333"
"2895632355","569600335","0.333333"
"569600335","2895632355","0.333333"
"2310113666","37132737","1"
"37132737","2310113666","1"
"2310113666","2315610102","1"
"2315610102","2310113666","1"
"2310113666","2404647912","0.5"
"2404647912","2310113666","0.5"
"2396654317","2895632355","1"
"2895632355","2396654317","1"
"2463902528","2807277878","1"
"2807277878","2463902528","1"
