"1484517492","1484986590","1.33333"
"1484986590","1484517492","1.33333"
"1484517492","1542297676","0.5"
"1542297676","1484517492","0.5"
"1484517492","1569709141","0.5"
"1569709141","1484517492","0.5"
"1484986590","1542297676","0.868347"
"1542297676","1484986590","0.868347"
"1484986590","1569709141","0.97619"
"1569709141","1484986590","0.97619"
"1542297676","1569709141","1.64286"
"1569709141","1542297676","1.64286"
"1484517492","169395794","0.2"
"169395794","1484517492","0.2"
"1484517492","2140788126","0.7"
"2140788126","1484517492","0.7"
"1484517492","2147294340","0.2"
"2147294340","1484517492","0.2"
"1484517492","2171943957","0.7"
"2171943957","1484517492","0.7"
"1484517492","57306654","0.2"
"57306654","1484517492","0.2"
"169395794","2140788126","1.35556"
"2140788126","169395794","1.35556"
"169395794","2147294340","0.95"
"2147294340","169395794","0.95"
"169395794","2171943957","0.2"
"2171943957","169395794","0.2"
"169395794","57306654","9.58105"
"57306654","169395794","9.58105"
"2140788126","2147294340","2.45026"
"2147294340","2140788126","2.45026"
"2140788126","2171943957","0.806667"
"2171943957","2140788126","0.806667"
"2140788126","57306654","2.71222"
"57306654","2140788126","2.71222"
"2147294340","2171943957","0.24"
"2171943957","2147294340","0.24"
"2147294340","57306654","1.74"
"57306654","2147294340","1.74"
"2171943957","57306654","0.61619"
"57306654","2171943957","0.61619"
"1484517492","1730390606","0.5"
"1730390606","1484517492","0.5"
"1484517492","2028368146","0.833333"
"2028368146","1484517492","0.833333"
"1730390606","2028368146","4.04167"
"2028368146","1730390606","4.04167"
"1484517492","2178626132","1"
"2178626132","1484517492","1"
"1484517492","97793617","1"
"97793617","1484517492","1"
"1484517492","2395771899","1"
"2395771899","1484517492","1"
"1484517492","1514601010","0.333333"
"1514601010","1484517492","0.333333"
"1484517492","2152389824","0.333333"
"2152389824","1484517492","0.333333"
"1514601010","2028368146","0.333333"
"2028368146","1514601010","0.333333"
"1514601010","2152389824","0.432157"
"2152389824","1514601010","0.432157"
"2028368146","2152389824","0.333333"
"2152389824","2028368146","0.333333"
"1484517492","2137021170","1"
"2137021170","1484517492","1"
"1484517492","1512023337","0.166667"
"1512023337","1484517492","0.166667"
"1484517492","1633224144","0.166667"
"1633224144","1484517492","0.166667"
"1484517492","2095800439","0.166667"
"2095800439","1484517492","0.166667"
"1484517492","2215484971","0.166667"
"2215484971","1484517492","0.166667"
"1512023337","1542297676","0.309524"
"1542297676","1512023337","0.309524"
"1512023337","1569709141","5.82571"
"1569709141","1512023337","5.82571"
"1512023337","1633224144","0.206667"
"1633224144","1512023337","0.206667"
"1512023337","2095800439","0.41619"
"2095800439","1512023337","0.41619"
"1512023337","2215484971","0.666667"
"2215484971","1512023337","0.666667"
"1542297676","1633224144","1.35311"
"1633224144","1542297676","1.35311"
"1542297676","2095800439","0.166667"
"2095800439","1542297676","0.166667"
"1542297676","2215484971","0.166667"
"2215484971","1542297676","0.166667"
"1569709141","1633224144","0.54"
"1633224144","1569709141","0.54"
"1569709141","2095800439","0.849524"
"2095800439","1569709141","0.849524"
"1569709141","2215484971","0.166667"
"2215484971","1569709141","0.166667"
"1633224144","2095800439","0.206667"
"2095800439","1633224144","0.206667"
"1633224144","2215484971","0.166667"
"2215484971","1633224144","0.166667"
"2095800439","2215484971","0.166667"
"2215484971","2095800439","0.166667"
"1484517492","2146889789","1"
"2146889789","1484517492","1"
"1484986590","2124789704","6.70833"
"2124789704","1484986590","6.70833"
"1484986590","2028368146","1.90952"
"2028368146","1484986590","1.90952"
"1484986590","2164288868","1.53333"
"2164288868","1484986590","1.53333"
"2028368146","2164288868","20.4929"
"2164288868","2028368146","20.4929"
"1484986590","152833010","3.59167"
"152833010","1484986590","3.59167"
"1484986590","1574784938","1.23382"
"1574784938","1484986590","1.23382"
"1484986590","2112901970","7.3"
"2112901970","1484986590","7.3"
"1484986590","2138961726","4.625"
"2138961726","1484986590","4.625"
"152833010","1574784938","0.325"
"1574784938","152833010","0.325"
"152833010","2112901970","5.13333"
"2112901970","152833010","5.13333"
"152833010","2124789704","0.325"
"2124789704","152833010","0.325"
"152833010","2138961726","1.49167"
"2138961726","152833010","1.49167"
"1574784938","2112901970","0.2"
"2112901970","1574784938","0.2"
"1574784938","2124789704","2.925"
"2124789704","1574784938","2.925"
"1574784938","2138961726","0.675"
"2138961726","1574784938","0.675"
"2112901970","2124789704","0.2"
"2124789704","2112901970","0.2"
"2112901970","2138961726","4.7"
"2138961726","2112901970","4.7"
"2124789704","2138961726","1.125"
"2138961726","2124789704","1.125"
"1484986590","24737845","2.61716"
"24737845","1484986590","2.61716"
"1484986590","1512023337","0.309524"
"1512023337","1484986590","0.309524"
"1484986590","1514601010","0.22549"
"1514601010","1484986590","0.22549"
"1484986590","2171943957","1.16667"
"2171943957","1484986590","1.16667"
"1484986590","2395771899","0.166667"
"2395771899","1484986590","0.166667"
"1484986590","57306654","1.35049"
"57306654","1484986590","1.35049"
"1512023337","1514601010","0.349524"
"1514601010","1512023337","0.349524"
"1512023337","2171943957","0.916191"
"2171943957","1512023337","0.916191"
"1512023337","2395771899","3.16667"
"2395771899","1512023337","3.16667"
"1512023337","57306654","0.41619"
"57306654","1512023337","0.41619"
"1514601010","1569709141","0.349524"
"1569709141","1514601010","0.349524"
"1514601010","2171943957","0.349524"
"2171943957","1514601010","0.349524"
"1514601010","2395771899","0.166667"
"2395771899","1514601010","0.166667"
"1514601010","57306654","0.575014"
"57306654","1514601010","0.575014"
"1569709141","2171943957","0.849524"
"2171943957","1569709141","0.849524"
"1569709141","2395771899","2.16667"
"2395771899","1569709141","2.16667"
"1569709141","57306654","0.349524"
"57306654","1569709141","0.349524"
"2171943957","2395771899","0.666667"
"2395771899","2171943957","0.666667"
"2395771899","57306654","0.166667"
"57306654","2395771899","0.166667"
"1484986590","2117004622","0.392157"
"2117004622","1484986590","0.392157"
"1542297676","2117004622","1.08501"
"2117004622","1542297676","1.08501"
"1542297676","24737845","3.61194"
"24737845","1542297676","3.61194"
"2117004622","24737845","1.30835"
"24737845","2117004622","1.30835"
"1484986590","1546190145","2.32549"
"1546190145","1484986590","2.32549"
"1484986590","1554784415","0.408824"
"1554784415","1484986590","0.408824"
"1484986590","169395794","0.0588235"
"169395794","1484986590","0.0588235"
"1484986590","1875221664","0.0588235"
"1875221664","1484986590","0.0588235"
"1484986590","1885460766","0.0588235"
"1885460766","1484986590","0.0588235"
"1484986590","1996368911","0.32549"
"1996368911","1484986590","0.32549"
"1484986590","2024925644","0.0588235"
"2024925644","1484986590","0.0588235"
"1484986590","2139184206","0.0588235"
"2139184206","1484986590","0.0588235"
"1484986590","2152389824","0.0588235"
"2152389824","1484986590","0.0588235"
"1484986590","2157829203","1.43382"
"2157829203","1484986590","1.43382"
"1484986590","68482525","0.158824"
"68482525","1484986590","0.158824"
"1514601010","1542297676","0.135747"
"1542297676","1514601010","0.135747"
"1514601010","1546190145","0.0588235"
"1546190145","1514601010","0.0588235"
"1514601010","1554784415","0.26549"
"1554784415","1514601010","0.26549"
"1514601010","1574784938","0.46549"
"1574784938","1514601010","0.46549"
"1514601010","169395794","0.22549"
"169395794","1514601010","0.22549"
"1514601010","1875221664","0.0588235"
"1875221664","1514601010","0.0588235"
"1514601010","1885460766","0.0988235"
"1885460766","1514601010","0.0988235"
"1514601010","1996368911","0.432157"
"1996368911","1514601010","0.432157"
"1514601010","2024925644","0.0588235"
"2024925644","1514601010","0.0588235"
"1514601010","2117004622","0.0988235"
"2117004622","1514601010","0.0988235"
"1514601010","2139184206","0.518604"
"2139184206","1514601010","0.518604"
"1514601010","2157829203","0.241681"
"2157829203","1514601010","0.241681"
"1514601010","24737845","0.48527"
"24737845","1514601010","0.48527"
"1514601010","68482525","0.651937"
"68482525","1514601010","0.651937"
"1542297676","1546190145","0.0588235"
"1546190145","1542297676","0.0588235"
"1542297676","1554784415","0.201681"
"1554784415","1542297676","0.201681"
"1542297676","1574784938","1.58501"
"1574784938","1542297676","1.58501"
"1542297676","169395794","0.0588235"
"169395794","1542297676","0.0588235"
"1542297676","1875221664","0.0588235"
"1875221664","1542297676","0.0588235"
"1542297676","1885460766","0.0588235"
"1885460766","1542297676","0.0588235"
"1542297676","1996368911","0.0588235"
"1996368911","1542297676","0.0588235"
"1542297676","2024925644","0.0588235"
"2024925644","1542297676","0.0588235"
"1542297676","2139184206","0.935747"
"2139184206","1542297676","0.935747"
"1542297676","2152389824","0.0588235"
"2152389824","1542297676","0.0588235"
"1542297676","2157829203","0.97549"
"2157829203","1542297676","0.97549"
"1542297676","57306654","1.55882"
"57306654","1542297676","1.55882"
"1542297676","68482525","1.10241"
"68482525","1542297676","1.10241"
"1546190145","1554784415","1.15882"
"1554784415","1546190145","1.15882"
"1546190145","1574784938","0.658824"
"1574784938","1546190145","0.658824"
"1546190145","169395794","0.0588235"
"169395794","1546190145","0.0588235"
"1546190145","1875221664","0.0588235"
"1875221664","1546190145","0.0588235"
"1546190145","1885460766","0.0588235"
"1885460766","1546190145","0.0588235"
"1546190145","1996368911","0.0588235"
"1996368911","1546190145","0.0588235"
"1546190145","2024925644","0.0588235"
"2024925644","1546190145","0.0588235"
"1546190145","2117004622","0.0588235"
"2117004622","1546190145","0.0588235"
"1546190145","2139184206","0.0588235"
"2139184206","1546190145","0.0588235"
"1546190145","2152389824","0.201681"
"2152389824","1546190145","0.201681"
"1546190145","2157829203","0.22549"
"2157829203","1546190145","0.22549"
"1546190145","24737845","1.15882"
"24737845","1546190145","1.15882"
"1546190145","57306654","0.0588235"
"57306654","1546190145","0.0588235"
"1546190145","68482525","0.558824"
"68482525","1546190145","0.558824"
"1554784415","1574784938","0.88057"
"1574784938","1554784415","0.88057"
"1554784415","169395794","0.281046"
"169395794","1554784415","0.281046"
"1554784415","1875221664","0.0588235"
"1875221664","1554784415","0.0588235"
"1554784415","1885460766","0.221046"
"1885460766","1554784415","0.221046"
"1554784415","1996368911","0.154379"
"1996368911","1554784415","0.154379"
"1554784415","2024925644","0.181046"
"2024925644","1554784415","0.181046"
"1554784415","2117004622","0.241681"
"2117004622","1554784415","0.241681"
"1554784415","2139184206","0.0988235"
"2139184206","1554784415","0.0988235"
"1554784415","2152389824","0.221046"
"2152389824","1554784415","0.221046"
"1554784415","2157829203","0.471046"
"2157829203","1554784415","0.471046"
"1554784415","24737845","0.508347"
"24737845","1554784415","0.508347"
"1554784415","57306654","0.387712"
"57306654","1554784415","0.387712"
"1554784415","68482525","0.154379"
"68482525","1554784415","0.154379"
"1574784938","169395794","0.631046"
"169395794","1574784938","0.631046"
"1574784938","1875221664","0.0588235"
"1875221664","1574784938","0.0588235"
"1574784938","1885460766","0.221046"
"1885460766","1574784938","0.221046"
"1574784938","1996368911","0.154379"
"1996368911","1574784938","0.154379"
"1574784938","2024925644","0.181046"
"2024925644","1574784938","0.181046"
"1574784938","2117004622","0.391681"
"2117004622","1574784938","0.391681"
"1574784938","2139184206","0.86549"
"2139184206","1574784938","0.86549"
"1574784938","2152389824","0.387712"
"2152389824","1574784938","0.387712"
"1574784938","2157829203","0.646046"
"2157829203","1574784938","0.646046"
"1574784938","24737845","1.11668"
"24737845","1574784938","1.11668"
"1574784938","57306654","0.612712"
"57306654","1574784938","0.612712"
"1574784938","68482525","0.204379"
"68482525","1574784938","0.204379"
"169395794","1875221664","0.0588235"
"1875221664","169395794","0.0588235"
"169395794","1885460766","0.114379"
"1885460766","169395794","0.114379"
"169395794","1996368911","0.114379"
"1996368911","169395794","0.114379"
"169395794","2024925644","0.114379"
"2024925644","169395794","0.114379"
"169395794","2117004622","0.158824"
"2117004622","169395794","0.158824"
"169395794","2139184206","0.408824"
"2139184206","169395794","0.408824"
"169395794","2152389824","0.114379"
"2152389824","169395794","0.114379"
"169395794","2157829203","0.114379"
"2157829203","169395794","0.114379"
"169395794","24737845","0.32549"
"24737845","169395794","0.32549"
"169395794","68482525","1.11438"
"68482525","169395794","1.11438"
"1875221664","1885460766","0.22549"
"1885460766","1875221664","0.22549"
"1875221664","1996368911","0.183824"
"1996368911","1875221664","0.183824"
"1875221664","2024925644","0.0588235"
"2024925644","1875221664","0.0588235"
"1875221664","2117004622","0.0588235"
"2117004622","1875221664","0.0588235"
"1875221664","2139184206","0.22549"
"2139184206","1875221664","0.22549"
"1875221664","2152389824","0.22549"
"2152389824","1875221664","0.22549"
"1875221664","2157829203","0.683824"
"2157829203","1875221664","0.683824"
"1875221664","24737845","0.0588235"
"24737845","1875221664","0.0588235"
"1875221664","57306654","0.808824"
"57306654","1875221664","0.808824"
"1875221664","68482525","0.267157"
"68482525","1875221664","0.267157"
"1885460766","1996368911","0.154379"
"1996368911","1885460766","0.154379"
"1885460766","2024925644","3.18105"
"2024925644","1885460766","3.18105"
"1885460766","2117004622","0.0988235"
"2117004622","1885460766","0.0988235"
"1885460766","2139184206","0.46549"
"2139184206","1885460766","0.46549"
"1885460766","2152389824","0.387712"
"2152389824","1885460766","0.387712"
"1885460766","2157829203","0.221046"
"2157829203","1885460766","0.221046"
"1885460766","24737845","0.0988235"
"24737845","1885460766","0.0988235"
"1885460766","57306654","0.221046"
"57306654","1885460766","0.221046"
"1885460766","68482525","0.154379"
"68482525","1885460766","0.154379"
"1996368911","2024925644","0.114379"
"2024925644","1996368911","0.114379"
"1996368911","2117004622","0.0988235"
"2117004622","1996368911","0.0988235"
"1996368911","2139184206","0.0988235"
"2139184206","1996368911","0.0988235"
"1996368911","2152389824","0.154379"
"2152389824","1996368911","0.154379"
"1996368911","2157829203","0.297236"
"2157829203","1996368911","0.297236"
"1996368911","24737845","0.0988235"
"24737845","1996368911","0.0988235"
"1996368911","57306654","2.15438"
"57306654","1996368911","2.15438"
"1996368911","68482525","0.712712"
"68482525","1996368911","0.712712"
"2024925644","2117004622","0.0588235"
"2117004622","2024925644","0.0588235"
"2024925644","2139184206","0.0588235"
"2139184206","2024925644","0.0588235"
"2024925644","2152389824","0.181046"
"2152389824","2024925644","0.181046"
"2024925644","2157829203","0.181046"
"2157829203","2024925644","0.181046"
"2024925644","24737845","0.0588235"
"24737845","2024925644","0.0588235"
"2024925644","57306654","0.181046"
"57306654","2024925644","0.181046"
"2024925644","68482525","0.114379"
"68482525","2024925644","0.114379"
"2117004622","2139184206","0.498824"
"2139184206","2117004622","0.498824"
"2117004622","2152389824","0.0988235"
"2152389824","2117004622","0.0988235"
"2117004622","2157829203","0.31549"
"2157829203","2117004622","0.31549"
"2117004622","57306654","0.448824"
"57306654","2117004622","0.448824"
"2117004622","68482525","0.148824"
"68482525","2117004622","0.148824"
"2139184206","2152389824","0.432157"
"2152389824","2139184206","0.432157"
"2139184206","2157829203","1.12501"
"2157829203","2139184206","1.12501"
"2139184206","24737845","0.801937"
"24737845","2139184206","0.801937"
"2139184206","57306654","1.69882"
"57306654","2139184206","1.69882"
"2139184206","68482525","0.618604"
"68482525","2139184206","0.618604"
"2152389824","2157829203","0.221046"
"2157829203","2152389824","0.221046"
"2152389824","24737845","0.0988235"
"24737845","2152389824","0.0988235"
"2152389824","57306654","0.221046"
"57306654","2152389824","0.221046"
"2152389824","68482525","0.154379"
"68482525","2152389824","0.154379"
"2157829203","24737845","0.616681"
"24737845","2157829203","0.616681"
"2157829203","57306654","0.929379"
"57306654","2157829203","0.929379"
"2157829203","68482525","0.597236"
"68482525","2157829203","0.597236"
"24737845","57306654","1.07382"
"57306654","24737845","1.07382"
"24737845","68482525","0.451937"
"68482525","24737845","0.451937"
"57306654","68482525","1.15438"
"68482525","57306654","1.15438"
"1484986590","1493481799","0.142857"
"1493481799","1484986590","0.142857"
"1484986590","2178626132","0.142857"
"2178626132","1484986590","0.142857"
"1484986590","328246027","0.142857"
"328246027","1484986590","0.142857"
"1493481799","1512023337","1.91619"
"1512023337","1493481799","1.91619"
"1493481799","1542297676","0.142857"
"1542297676","1493481799","0.142857"
"1493481799","1569709141","3.34952"
"1569709141","1493481799","3.34952"
"1493481799","2028368146","0.142857"
"2028368146","1493481799","0.142857"
"1493481799","2178626132","1.74952"
"2178626132","1493481799","1.74952"
"1493481799","328246027","0.142857"
"328246027","1493481799","0.142857"
"1512023337","2028368146","0.142857"
"2028368146","1512023337","0.142857"
"1512023337","2178626132","0.749524"
"2178626132","1512023337","0.749524"
"1512023337","328246027","0.142857"
"328246027","1512023337","0.142857"
"1542297676","2028368146","0.22619"
"2028368146","1542297676","0.22619"
"1542297676","2178626132","0.142857"
"2178626132","1542297676","0.142857"
"1542297676","328246027","0.142857"
"328246027","1542297676","0.142857"
"1569709141","2028368146","0.642857"
"2028368146","1569709141","0.642857"
"1569709141","2178626132","1.18286"
"2178626132","1569709141","1.18286"
"1569709141","328246027","0.142857"
"328246027","1569709141","0.142857"
"2028368146","2178626132","1.64286"
"2178626132","2028368146","1.64286"
"2028368146","328246027","0.142857"
"328246027","2028368146","0.142857"
"2178626132","328246027","0.142857"
"328246027","2178626132","0.142857"
"1484986590","1874117913","0.1"
"1874117913","1484986590","0.1"
"1484986590","2110355854","0.266667"
"2110355854","1484986590","0.266667"
"1484986590","2157460746","0.266667"
"2157460746","1484986590","0.266667"
"1484986590","68682647","0.1"
"68682647","1484986590","0.1"
"152833010","1874117913","0.308333"
"1874117913","152833010","0.308333"
"152833010","1996368911","2.1"
"1996368911","152833010","2.1"
"152833010","2028368146","1.05833"
"2028368146","152833010","1.05833"
"152833010","2110355854","2.1"
"2110355854","152833010","2.1"
"152833010","2157460746","0.1"
"2157460746","152833010","0.1"
"152833010","2164288868","0.683333"
"2164288868","152833010","0.683333"
"152833010","68482525","0.516667"
"68482525","152833010","0.516667"
"152833010","68682647","0.1"
"68682647","152833010","0.1"
"1874117913","1996368911","0.225"
"1996368911","1874117913","0.225"
"1874117913","2028368146","0.766667"
"2028368146","1874117913","0.766667"
"1874117913","2110355854","2.43333"
"2110355854","1874117913","2.43333"
"1874117913","2112901970","0.1"
"2112901970","1874117913","0.1"
"1874117913","2157460746","0.225"
"2157460746","1874117913","0.225"
"1874117913","2164288868","0.183333"
"2164288868","1874117913","0.183333"
"1874117913","68482525","0.641667"
"68482525","1874117913","0.641667"
"1874117913","68682647","0.1"
"68682647","1874117913","0.1"
"1996368911","2028368146","0.734524"
"2028368146","1996368911","0.734524"
"1996368911","2110355854","0.609524"
"2110355854","1996368911","0.609524"
"1996368911","2112901970","0.1"
"2112901970","1996368911","0.1"
"1996368911","2157460746","0.534524"
"2157460746","1996368911","0.534524"
"1996368911","2164288868","0.242857"
"2164288868","1996368911","0.242857"
"1996368911","68682647","0.242857"
"68682647","1996368911","0.242857"
"2028368146","2110355854","0.942857"
"2110355854","2028368146","0.942857"
"2028368146","2112901970","0.1"
"2112901970","2028368146","0.1"
"2028368146","2157460746","2.86786"
"2157460746","2028368146","2.86786"
"2028368146","68482525","3.05833"
"68482525","2028368146","3.05833"
"2028368146","68682647","0.659524"
"68682647","2028368146","0.659524"
"2110355854","2112901970","0.1"
"2112901970","2110355854","0.1"
"2110355854","2157460746","0.409524"
"2157460746","2110355854","0.409524"
"2110355854","2164288868","0.742857"
"2164288868","2110355854","0.742857"
"2110355854","68482525","0.1"
"68482525","2110355854","0.1"
"2110355854","68682647","0.242857"
"68682647","2110355854","0.242857"
"2112901970","2157460746","0.1"
"2157460746","2112901970","0.1"
"2112901970","2164288868","0.933333"
"2164288868","2112901970","0.933333"
"2112901970","68482525","1.26667"
"68482525","2112901970","1.26667"
"2112901970","68682647","0.1"
"68682647","2112901970","0.1"
"2157460746","2164288868","0.242857"
"2164288868","2157460746","0.242857"
"2157460746","68482525","0.558333"
"68482525","2157460746","0.558333"
"2157460746","68682647","0.57619"
"68682647","2157460746","0.57619"
"2164288868","68482525","0.433333"
"68482525","2164288868","0.433333"
"2164288868","68682647","0.32619"
"68682647","2164288868","0.32619"
"68482525","68682647","3.14359"
"68682647","68482525","3.14359"
"1546190145","2124789704","0.85"
"2124789704","1546190145","0.85"
"1484986590","1633224144","1.33333"
"1633224144","1484986590","1.33333"
"1569709141","2124789704","0.333333"
"2124789704","1569709141","0.333333"
"1633224144","2124789704","0.333333"
"2124789704","1633224144","0.333333"
"1484986590","1837355579","0.8"
"1837355579","1484986590","0.8"
"1484986590","1998576645","2.49167"
"1998576645","1484986590","2.49167"
"1546190145","1837355579","0.516667"
"1837355579","1546190145","0.516667"
"1546190145","1998576645","0.166667"
"1998576645","1546190145","0.166667"
"1546190145","2112901970","0.166667"
"2112901970","1546190145","0.166667"
"1546190145","2138961726","0.766667"
"2138961726","1546190145","0.766667"
"1837355579","1998576645","0.616667"
"1998576645","1837355579","0.616667"
"1837355579","2112901970","0.333333"
"2112901970","1837355579","0.333333"
"1837355579","2138961726","6.25"
"2138961726","1837355579","6.25"
"1837355579","2157829203","0.483333"
"2157829203","1837355579","0.483333"
"1998576645","2112901970","0.5"
"2112901970","1998576645","0.5"
"1998576645","2138961726","2.275"
"2138961726","1998576645","2.275"
"1998576645","2157829203","0.508333"
"2157829203","1998576645","0.508333"
"2112901970","2157829203","0.833333"
"2157829203","2112901970","0.833333"
"2138961726","2157829203","0.958333"
"2157829203","2138961726","0.958333"
"1484986590","2147923757","1.1"
"2147923757","1484986590","1.1"
"1484986590","2165484897","0.5"
"2165484897","1484986590","0.5"
"2157829203","2165484897","1.62341"
"2165484897","2157829203","1.62341"
"1484986590","1986429088","0.866667"
"1986429088","1484986590","0.866667"
"1837355579","1986429088","6.17692"
"1986429088","1837355579","6.17692"
"1837355579","2124789704","1.05"
"2124789704","1837355579","1.05"
"1986429088","1998576645","0.25"
"1998576645","1986429088","0.25"
"1986429088","2124789704","0.7"
"2124789704","1986429088","0.7"
"1986429088","2138961726","3.95"
"2138961726","1986429088","3.95"
"1998576645","2124789704","0.658333"
"2124789704","1998576645","0.658333"
"1484986590","1730390606","0.166667"
"1730390606","1484986590","0.166667"
"1484986590","97793617","0.166667"
"97793617","1484986590","0.166667"
"1730390606","1996368911","0.347222"
"1996368911","1730390606","0.347222"
"1730390606","2110355854","1.83333"
"2110355854","1730390606","1.83333"
"1730390606","2157460746","1.29167"
"2157460746","1730390606","1.29167"
"1730390606","97793617","1.16667"
"97793617","1730390606","1.16667"
"1996368911","97793617","0.366667"
"97793617","1996368911","0.366667"
"2028368146","97793617","5.2"
"97793617","2028368146","5.2"
"2110355854","97793617","5.36667"
"97793617","2110355854","5.36667"
"2157460746","97793617","0.166667"
"97793617","2157460746","0.166667"
"1484986590","1550240235","0.1"
"1550240235","1484986590","0.1"
"1546190145","1550240235","0.35"
"1550240235","1546190145","0.35"
"1546190145","2147923757","0.1"
"2147923757","1546190145","0.1"
"1546190145","2164288868","0.35"
"2164288868","1546190145","0.35"
"1550240235","1554784415","0.1"
"1554784415","1550240235","0.1"
"1550240235","1574784938","0.1"
"1574784938","1550240235","0.1"
"1550240235","1837355579","1.38333"
"1837355579","1550240235","1.38333"
"1550240235","2124789704","0.6"
"2124789704","1550240235","0.6"
"1550240235","2138961726","3.13333"
"2138961726","1550240235","3.13333"
"1550240235","2147923757","0.1"
"2147923757","1550240235","0.1"
"1550240235","2164288868","3.88333"
"2164288868","1550240235","3.88333"
"1550240235","24737845","0.1"
"24737845","1550240235","0.1"
"1554784415","1837355579","0.166667"
"1837355579","1554784415","0.166667"
"1554784415","2124789704","1.68333"
"2124789704","1554784415","1.68333"
"1554784415","2138961726","0.433333"
"2138961726","1554784415","0.433333"
"1554784415","2147923757","0.433333"
"2147923757","1554784415","0.433333"
"1554784415","2164288868","0.1"
"2164288868","1554784415","0.1"
"1574784938","1837355579","0.466667"
"1837355579","1574784938","0.466667"
"1574784938","2147923757","0.1"
"2147923757","1574784938","0.1"
"1574784938","2164288868","0.1"
"2164288868","1574784938","0.1"
"1837355579","2147923757","0.1"
"2147923757","1837355579","0.1"
"1837355579","2164288868","1.3"
"2164288868","1837355579","1.3"
"1837355579","24737845","0.510256"
"24737845","1837355579","0.510256"
"2124789704","2147923757","1.43333"
"2147923757","2124789704","1.43333"
"2124789704","2164288868","0.35"
"2164288868","2124789704","0.35"
"2124789704","24737845","1.225"
"24737845","2124789704","1.225"
"2138961726","2147923757","0.1"
"2147923757","2138961726","0.1"
"2138961726","2164288868","1.05"
"2164288868","2138961726","1.05"
"2138961726","24737845","0.225"
"24737845","2138961726","0.225"
"2147923757","2164288868","0.1"
"2164288868","2147923757","0.1"
"2147923757","24737845","0.1"
"24737845","2147923757","0.1"
"2164288868","24737845","0.183333"
"24737845","2164288868","0.183333"
"1986429088","2157829203","0.45"
"2157829203","1986429088","0.45"
"2124789704","2157829203","0.375"
"2157829203","2124789704","0.375"
"152833010","1998576645","0.291667"
"1998576645","152833010","0.291667"
"152833010","2157829203","1.33333"
"2157829203","152833010","1.33333"
"152833010","24737845","0.125"
"24737845","152833010","0.125"
"152833010","57306654","0.125"
"57306654","152833010","0.125"
"1574784938","1998576645","0.175"
"1998576645","1574784938","0.175"
"1998576645","24737845","0.175"
"24737845","1998576645","0.175"
"1998576645","57306654","0.125"
"57306654","1998576645","0.125"
"2124789704","57306654","0.125"
"57306654","2124789704","0.125"
"2138961726","57306654","0.125"
"57306654","2138961726","0.125"
"152833010","1837355579","0.5"
"1837355579","152833010","0.5"
"152833010","1986429088","0.333333"
"1986429088","152833010","0.333333"
"1484986590","2215484971","1"
"2215484971","1484986590","1"
"1493481799","1554784415","0.106667"
"1554784415","1493481799","0.106667"
"1493481799","1574784938","0.106667"
"1574784938","1493481799","0.106667"
"1493481799","1837355579","0.0666667"
"1837355579","1493481799","0.0666667"
"1493481799","1885460766","0.106667"
"1885460766","1493481799","0.106667"
"1493481799","1986228381","0.106667"
"1986228381","1493481799","0.106667"
"1493481799","1986429088","0.0666667"
"1986429088","1493481799","0.0666667"
"1493481799","2024925644","0.0666667"
"2024925644","1493481799","0.0666667"
"1493481799","2095800439","0.106667"
"2095800439","1493481799","0.106667"
"1493481799","2140788126","0.106667"
"2140788126","1493481799","0.106667"
"1493481799","2152389824","0.106667"
"2152389824","1493481799","0.106667"
"1493481799","2157829203","0.106667"
"2157829203","1493481799","0.106667"
"1493481799","2171943957","0.106667"
"2171943957","1493481799","0.106667"
"1493481799","57306654","0.106667"
"57306654","1493481799","0.106667"
"1512023337","1554784415","0.106667"
"1554784415","1512023337","0.106667"
"1512023337","1574784938","0.106667"
"1574784938","1512023337","0.106667"
"1512023337","1837355579","0.0666667"
"1837355579","1512023337","0.0666667"
"1512023337","1885460766","0.106667"
"1885460766","1512023337","0.106667"
"1512023337","1986228381","0.106667"
"1986228381","1512023337","0.106667"
"1512023337","1986429088","0.0666667"
"1986429088","1512023337","0.0666667"
"1512023337","2024925644","0.0666667"
"2024925644","1512023337","0.0666667"
"1512023337","2140788126","0.106667"
"2140788126","1512023337","0.106667"
"1512023337","2152389824","0.106667"
"2152389824","1512023337","0.106667"
"1512023337","2157829203","0.106667"
"2157829203","1512023337","0.106667"
"1554784415","1986228381","0.305079"
"1986228381","1554784415","0.305079"
"1554784415","1986429088","0.0666667"
"1986429088","1554784415","0.0666667"
"1554784415","2095800439","0.106667"
"2095800439","1554784415","0.106667"
"1554784415","2140788126","0.328889"
"2140788126","1554784415","0.328889"
"1554784415","2171943957","0.106667"
"2171943957","1554784415","0.106667"
"1554784415","2178626132","0.106667"
"2178626132","1554784415","0.106667"
"1574784938","1986228381","1.57175"
"1986228381","1574784938","1.57175"
"1574784938","1986429088","0.366667"
"1986429088","1574784938","0.366667"
"1574784938","2095800439","0.106667"
"2095800439","1574784938","0.106667"
"1574784938","2140788126","1.47889"
"2140788126","1574784938","1.47889"
"1574784938","2171943957","0.273333"
"2171943957","1574784938","0.273333"
"1574784938","2178626132","0.106667"
"2178626132","1574784938","0.106667"
"1837355579","1885460766","0.266667"
"1885460766","1837355579","0.266667"
"1837355579","1986228381","0.476923"
"1986228381","1837355579","0.476923"
"1837355579","2024925644","0.0666667"
"2024925644","1837355579","0.0666667"
"1837355579","2095800439","0.0666667"
"2095800439","1837355579","0.0666667"
"1837355579","2140788126","0.39359"
"2140788126","1837355579","0.39359"
"1837355579","2152389824","0.0666667"
"2152389824","1837355579","0.0666667"
"1837355579","2171943957","0.0666667"
"2171943957","1837355579","0.0666667"
"1837355579","2178626132","0.0666667"
"2178626132","1837355579","0.0666667"
"1837355579","57306654","0.0666667"
"57306654","1837355579","0.0666667"
"1885460766","1986228381","0.162222"
"1986228381","1885460766","0.162222"
"1885460766","1986429088","0.266667"
"1986429088","1885460766","0.266667"
"1885460766","2095800439","0.106667"
"2095800439","1885460766","0.106667"
"1885460766","2140788126","1.32889"
"2140788126","1885460766","1.32889"
"1885460766","2171943957","0.106667"
"2171943957","1885460766","0.106667"
"1885460766","2178626132","0.106667"
"2178626132","1885460766","0.106667"
"1986228381","1986429088","0.19359"
"1986429088","1986228381","0.19359"
"1986228381","2024925644","0.122222"
"2024925644","1986228381","0.122222"
"1986228381","2095800439","0.606667"
"2095800439","1986228381","0.606667"
"1986228381","2140788126","3.92248"
"2140788126","1986228381","3.92248"
"1986228381","2152389824","0.328889"
"2152389824","1986228381","0.328889"
"1986228381","2157829203","1.30508"
"2157829203","1986228381","1.30508"
"1986228381","2171943957","0.273333"
"2171943957","1986228381","0.273333"
"1986228381","2178626132","0.106667"
"2178626132","1986228381","0.106667"
"1986228381","57306654","2.42889"
"57306654","1986228381","2.42889"
"1986429088","2024925644","0.0666667"
"2024925644","1986429088","0.0666667"
"1986429088","2095800439","0.0666667"
"2095800439","1986429088","0.0666667"
"1986429088","2140788126","0.19359"
"2140788126","1986429088","0.19359"
"1986429088","2152389824","0.0666667"
"2152389824","1986429088","0.0666667"
"1986429088","2171943957","0.0666667"
"2171943957","1986429088","0.0666667"
"1986429088","2178626132","0.0666667"
"2178626132","1986429088","0.0666667"
"1986429088","57306654","0.0666667"
"57306654","1986429088","0.0666667"
"2024925644","2095800439","0.0666667"
"2095800439","2024925644","0.0666667"
"2024925644","2140788126","1.12222"
"2140788126","2024925644","1.12222"
"2024925644","2171943957","0.0666667"
"2171943957","2024925644","0.0666667"
"2024925644","2178626132","0.0666667"
"2178626132","2024925644","0.0666667"
"2095800439","2140788126","1.60667"
"2140788126","2095800439","1.60667"
"2095800439","2152389824","0.106667"
"2152389824","2095800439","0.106667"
"2095800439","2157829203","0.106667"
"2157829203","2095800439","0.106667"
"2095800439","2171943957","0.749524"
"2171943957","2095800439","0.749524"
"2095800439","2178626132","0.106667"
"2178626132","2095800439","0.106667"
"2095800439","57306654","0.249524"
"57306654","2095800439","0.249524"
"2140788126","2152389824","0.471746"
"2152389824","2140788126","0.471746"
"2140788126","2157829203","1.16222"
"2157829203","2140788126","1.16222"
"2140788126","2178626132","0.106667"
"2178626132","2140788126","0.106667"
"2152389824","2171943957","0.273333"
"2171943957","2152389824","0.273333"
"2152389824","2178626132","0.106667"
"2178626132","2152389824","0.106667"
"2157829203","2171943957","0.106667"
"2171943957","2157829203","0.106667"
"2157829203","2178626132","0.106667"
"2178626132","2157829203","0.106667"
"2171943957","2178626132","0.106667"
"2178626132","2171943957","0.106667"
"2178626132","57306654","0.106667"
"57306654","2178626132","0.106667"
"1493481799","2032425810","1"
"2032425810","1493481799","1"
"1493481799","2047539323","0.373333"
"2047539323","1493481799","0.373333"
"1512023337","2047539323","0.373333"
"2047539323","1512023337","0.373333"
"1569709141","2047539323","0.373333"
"2047539323","1569709141","0.373333"
"1493481799","1514601010","0.04"
"1514601010","1493481799","0.04"
"1493481799","1633224144","0.04"
"1633224144","1493481799","0.04"
"1493481799","1819317392","0.04"
"1819317392","1493481799","0.04"
"1493481799","1996368911","0.04"
"1996368911","1493481799","0.04"
"1493481799","2002179467","0.04"
"2002179467","1493481799","0.04"
"1493481799","2109350694","0.04"
"2109350694","1493481799","0.04"
"1493481799","2117004622","0.04"
"2117004622","1493481799","0.04"
"1493481799","2139184206","0.04"
"2139184206","1493481799","0.04"
"1493481799","2147294340","0.04"
"2147294340","1493481799","0.04"
"1493481799","24737845","0.04"
"24737845","1493481799","0.04"
"1493481799","68482525","0.04"
"68482525","1493481799","0.04"
"1512023337","1819317392","0.04"
"1819317392","1512023337","0.04"
"1512023337","1996368911","0.04"
"1996368911","1512023337","0.04"
"1512023337","2002179467","0.04"
"2002179467","1512023337","0.04"
"1512023337","2109350694","0.04"
"2109350694","1512023337","0.04"
"1512023337","2117004622","0.04"
"2117004622","1512023337","0.04"
"1512023337","2139184206","0.04"
"2139184206","1512023337","0.04"
"1512023337","2147294340","0.54"
"2147294340","1512023337","0.54"
"1512023337","24737845","0.04"
"24737845","1512023337","0.04"
"1512023337","68482525","0.54"
"68482525","1512023337","0.54"
"1514601010","1633224144","0.25978"
"1633224144","1514601010","0.25978"
"1514601010","1819317392","0.04"
"1819317392","1514601010","0.04"
"1514601010","1986228381","0.45978"
"1986228381","1514601010","0.45978"
"1514601010","2002179467","0.04"
"2002179467","1514601010","0.04"
"1514601010","2047539323","0.04"
"2047539323","1514601010","0.04"
"1514601010","2095800439","0.182857"
"2095800439","1514601010","0.182857"
"1514601010","2109350694","0.04"
"2109350694","1514601010","0.04"
"1514601010","2140788126","1.61692"
"2140788126","1514601010","1.61692"
"1514601010","2147294340","0.116923"
"2147294340","1514601010","0.116923"
"1514601010","2178626132","0.04"
"2178626132","1514601010","0.04"
"1554784415","1569709141","0.04"
"1569709141","1554784415","0.04"
"1554784415","1633224144","0.238413"
"1633224144","1554784415","0.238413"
"1554784415","1819317392","0.04"
"1819317392","1554784415","0.04"
"1554784415","2002179467","0.04"
"2002179467","1554784415","0.04"
"1554784415","2047539323","0.0955556"
"2047539323","1554784415","0.0955556"
"1554784415","2109350694","0.04"
"2109350694","1554784415","0.04"
"1554784415","2147294340","0.04"
"2147294340","1554784415","0.04"
"1569709141","1574784938","0.04"
"1574784938","1569709141","0.04"
"1569709141","1819317392","0.04"
"1819317392","1569709141","0.04"
"1569709141","1885460766","0.04"
"1885460766","1569709141","0.04"
"1569709141","1986228381","0.04"
"1986228381","1569709141","0.04"
"1569709141","1996368911","0.04"
"1996368911","1569709141","0.04"
"1569709141","2002179467","0.04"
"2002179467","1569709141","0.04"
"1569709141","2109350694","0.04"
"2109350694","1569709141","0.04"
"1569709141","2117004622","0.04"
"2117004622","1569709141","0.04"
"1569709141","2139184206","0.04"
"2139184206","1569709141","0.04"
"1569709141","2140788126","0.04"
"2140788126","1569709141","0.04"
"1569709141","2147294340","1.04"
"2147294340","1569709141","1.04"
"1569709141","2152389824","0.04"
"2152389824","1569709141","0.04"
"1569709141","2157829203","0.54"
"2157829203","1569709141","0.54"
"1569709141","24737845","0.04"
"24737845","1569709141","0.04"
"1569709141","68482525","0.04"
"68482525","1569709141","0.04"
"1574784938","1633224144","0.721746"
"1633224144","1574784938","0.721746"
"1574784938","1819317392","0.04"
"1819317392","1574784938","0.04"
"1574784938","2002179467","0.04"
"2002179467","1574784938","0.04"
"1574784938","2047539323","0.0955556"
"2047539323","1574784938","0.0955556"
"1574784938","2109350694","0.706667"
"2109350694","1574784938","0.706667"
"1574784938","2147294340","0.09"
"2147294340","1574784938","0.09"
"1633224144","1819317392","0.04"
"1819317392","1633224144","0.04"
"1633224144","1885460766","0.0955556"
"1885460766","1633224144","0.0955556"
"1633224144","1986228381","0.691526"
"1986228381","1633224144","0.691526"
"1633224144","1996368911","0.0955556"
"1996368911","1633224144","0.0955556"
"1633224144","2002179467","0.04"
"2002179467","1633224144","0.04"
"1633224144","2047539323","0.0955556"
"2047539323","1633224144","0.0955556"
"1633224144","2109350694","0.04"
"2109350694","1633224144","0.04"
"1633224144","2117004622","0.916191"
"2117004622","1633224144","0.916191"
"1633224144","2139184206","0.90978"
"2139184206","1633224144","0.90978"
"1633224144","2140788126","0.322479"
"2140788126","1633224144","0.322479"
"1633224144","2147294340","0.250256"
"2147294340","1633224144","0.250256"
"1633224144","2152389824","0.0955556"
"2152389824","1633224144","0.0955556"
"1633224144","2157829203","0.455079"
"2157829203","1633224144","0.455079"
"1633224144","2171943957","0.04"
"2171943957","1633224144","0.04"
"1633224144","2178626132","0.04"
"2178626132","1633224144","0.04"
"1633224144","24737845","1.55264"
"24737845","1633224144","1.55264"
"1633224144","57306654","0.445556"
"57306654","1633224144","0.445556"
"1633224144","68482525","0.615336"
"68482525","1633224144","0.615336"
"1819317392","1885460766","0.04"
"1885460766","1819317392","0.04"
"1819317392","1986228381","0.04"
"1986228381","1819317392","0.04"
"1819317392","1996368911","0.04"
"1996368911","1819317392","0.04"
"1819317392","2002179467","0.04"
"2002179467","1819317392","0.04"
"1819317392","2047539323","1.37333"
"2047539323","1819317392","1.37333"
"1819317392","2095800439","0.04"
"2095800439","1819317392","0.04"
"1819317392","2109350694","0.04"
"2109350694","1819317392","0.04"
"1819317392","2117004622","0.04"
"2117004622","1819317392","0.04"
"1819317392","2139184206","0.04"
"2139184206","1819317392","0.04"
"1819317392","2140788126","1.37333"
"2140788126","1819317392","1.37333"
"1819317392","2147294340","0.373333"
"2147294340","1819317392","0.373333"
"1819317392","2152389824","0.04"
"2152389824","1819317392","0.04"
"1819317392","2157829203","0.04"
"2157829203","1819317392","0.04"
"1819317392","2171943957","0.04"
"2171943957","1819317392","0.04"
"1819317392","2178626132","0.04"
"2178626132","1819317392","0.04"
"1819317392","24737845","0.04"
