"1502158446","2001111660","1.11111"
"2001111660","1502158446","1.11111"
"1502158446","2145400454","7.44444"
"2145400454","1502158446","7.44444"
"1502158446","1569371383","2.31111"
"1569371383","1502158446","2.31111"
"1502158446","2165411481","6.86111"
"2165411481","1502158446","6.86111"
"1569371383","2165411481","9.77778"
"2165411481","1569371383","9.77778"
"1502158446","2044942462","1.25"
"2044942462","1502158446","1.25"
"1502158446","2118569497","1.80556"
"2118569497","1502158446","1.80556"
"1502158446","2123526833","0.672222"
"2123526833","1502158446","0.672222"
"2044942462","2118569497","0.25"
"2118569497","2044942462","0.25"
"2044942462","2123526833","0.25"
"2123526833","2044942462","0.25"
"2044942462","2145400454","0.25"
"2145400454","2044942462","0.25"
"2118569497","2123526833","0.722222"
"2123526833","2118569497","0.722222"
"2118569497","2145400454","6.44444"
"2145400454","2118569497","6.44444"
"2123526833","2145400454","1.11111"
"2145400454","2123526833","1.11111"
"1502158446","1607728122","8.83333"
"1607728122","1502158446","8.83333"
"1607728122","2165411481","1.33333"
"2165411481","1607728122","1.33333"
"1502158446","2018092628","1.11111"
"2018092628","1502158446","1.11111"
"1502158446","2068258563","0.422222"
"2068258563","1502158446","0.422222"
"1502158446","2140697933","0.611111"
"2140697933","1502158446","0.611111"
"1502158446","2166673115","0.111111"
"2166673115","1502158446","0.111111"
"1502158446","2186755424","0.111111"
"2186755424","1502158446","0.111111"
"1502158446","2538891445","0.311111"
"2538891445","1502158446","0.311111"
"2001111660","2068258563","0.111111"
"2068258563","2001111660","0.111111"
"2001111660","2118569497","0.361111"
"2118569497","2001111660","0.361111"
"2001111660","2123526833","0.861111"
"2123526833","2001111660","0.861111"
"2001111660","2140697933","1.11111"
"2140697933","2001111660","1.11111"
"2001111660","2145400454","2.19444"
"2145400454","2001111660","2.19444"
"2001111660","2166673115","0.111111"
"2166673115","2001111660","0.111111"
"2001111660","2186755424","0.111111"
"2186755424","2001111660","0.111111"
"2001111660","2538891445","1.11111"
"2538891445","2001111660","1.11111"
"2068258563","2118569497","0.222222"
"2118569497","2068258563","0.222222"
"2068258563","2123526833","0.422222"
"2123526833","2068258563","0.422222"
"2068258563","2140697933","0.111111"
"2140697933","2068258563","0.111111"
"2068258563","2145400454","0.111111"
"2145400454","2068258563","0.111111"
"2068258563","2166673115","0.111111"
"2166673115","2068258563","0.111111"
"2068258563","2186755424","0.111111"
"2186755424","2068258563","0.111111"
"2068258563","2538891445","0.311111"
"2538891445","2068258563","0.311111"
"2118569497","2140697933","0.611111"
"2140697933","2118569497","0.611111"
"2118569497","2166673115","0.111111"
"2166673115","2118569497","0.111111"
"2118569497","2186755424","0.111111"
"2186755424","2118569497","0.111111"
"2118569497","2538891445","0.111111"
"2538891445","2118569497","0.111111"
"2123526833","2140697933","0.111111"
"2140697933","2123526833","0.111111"
"2123526833","2166673115","0.111111"
"2166673115","2123526833","0.111111"
"2123526833","2186755424","0.111111"
"2186755424","2123526833","0.111111"
"2123526833","2538891445","0.311111"
"2538891445","2123526833","0.311111"
"2140697933","2145400454","0.111111"
"2145400454","2140697933","0.111111"
"2140697933","2166673115","0.111111"
"2166673115","2140697933","0.111111"
"2140697933","2186755424","0.111111"
"2186755424","2140697933","0.111111"
"2140697933","2538891445","0.111111"
"2538891445","2140697933","0.111111"
"2145400454","2166673115","0.111111"
"2166673115","2145400454","0.111111"
"2145400454","2186755424","0.111111"
"2186755424","2145400454","0.111111"
"2145400454","2538891445","0.111111"
"2538891445","2145400454","0.111111"
"2166673115","2186755424","0.111111"
"2186755424","2166673115","0.111111"
"2166673115","2538891445","0.111111"
"2538891445","2166673115","0.111111"
"2186755424","2538891445","0.111111"
"2538891445","2186755424","0.111111"
"1502158446","1552848817","4.27778"
"1552848817","1502158446","4.27778"
"1502158446","1539259566","2.19444"
"1539259566","1502158446","2.19444"
"1502158446","2097611699","0.361111"
"2097611699","1502158446","0.361111"
"1539259566","1552848817","0.444444"
"1552848817","1539259566","0.444444"
"1539259566","1569371383","0.444444"
"1569371383","1539259566","0.444444"
"1539259566","2018092628","0.111111"
"2018092628","1539259566","0.111111"
"1539259566","2068258563","0.111111"
"2068258563","1539259566","0.111111"
"1539259566","2097611699","0.361111"
"2097611699","1539259566","0.361111"
"1539259566","2118569497","0.444444"
"2118569497","1539259566","0.444444"
"1539259566","2123526833","1.11111"
"2123526833","1539259566","1.11111"
"1539259566","2165411481","1.69444"
"2165411481","1539259566","1.69444"
"1552848817","1569371383","0.444444"
"1569371383","1552848817","0.444444"
"1552848817","2018092628","0.111111"
"2018092628","1552848817","0.111111"
"1552848817","2068258563","0.111111"
"2068258563","1552848817","0.111111"
"1552848817","2097611699","0.111111"
"2097611699","1552848817","0.111111"
"1552848817","2118569497","0.444444"
"2118569497","1552848817","0.444444"
"1552848817","2123526833","0.111111"
"2123526833","1552848817","0.111111"
"1552848817","2165411481","0.444444"
"2165411481","1552848817","0.444444"
"1569371383","2018092628","0.111111"
"2018092628","1569371383","0.111111"
"1569371383","2068258563","0.811111"
"2068258563","1569371383","0.811111"
"1569371383","2097611699","0.111111"
"2097611699","1569371383","0.111111"
"1569371383","2118569497","2.94444"
"2118569497","1569371383","2.94444"
"1569371383","2123526833","0.311111"
"2123526833","1569371383","0.311111"
"2018092628","2068258563","0.111111"
"2068258563","2018092628","0.111111"
"2018092628","2097611699","3.11111"
"2097611699","2018092628","3.11111"
"2018092628","2118569497","0.111111"
"2118569497","2018092628","0.111111"
"2018092628","2123526833","0.111111"
"2123526833","2018092628","0.111111"
"2018092628","2165411481","0.111111"
"2165411481","2018092628","0.111111"
"2068258563","2097611699","0.111111"
"2097611699","2068258563","0.111111"
"2068258563","2165411481","0.611111"
"2165411481","2068258563","0.611111"
"2097611699","2118569497","0.111111"
"2118569497","2097611699","0.111111"
"2097611699","2123526833","0.111111"
"2123526833","2097611699","0.111111"
"2097611699","2165411481","0.361111"
"2165411481","2097611699","0.361111"
"2118569497","2165411481","6.69444"
"2165411481","2118569497","6.69444"
"2123526833","2165411481","0.361111"
"2165411481","2123526833","0.361111"
"1569371383","1607728122","0.333333"
"1607728122","1569371383","0.333333"
"1552848817","1607728122","0.5"
"1607728122","1552848817","0.5"
"1539259566","2145400454","2.08333"
"2145400454","1539259566","2.08333"
"2097611699","2145400454","0.583333"
"2145400454","2097611699","0.583333"
"2145400454","2165411481","3.66667"
"2165411481","2145400454","3.66667"
"1502158446","2070421057","0.333333"
"2070421057","1502158446","0.333333"
"1502158446","2178315283","0.333333"
"2178315283","1502158446","0.333333"
"2070421057","2145400454","0.333333"
"2145400454","2070421057","0.333333"
"2070421057","2178315283","0.333333"
"2178315283","2070421057","0.333333"
"2145400454","2178315283","1.83333"
"2178315283","2145400454","1.83333"
"1502158446","2057412652","1.33333"
"2057412652","1502158446","1.33333"
"1569371383","2057412652","0.333333"
"2057412652","1569371383","0.333333"
"2057412652","2165411481","0.333333"
"2165411481","2057412652","0.333333"
"1502158446","1986512389","0.2"
"1986512389","1502158446","0.2"
"1569371383","1986512389","0.2"
"1986512389","1569371383","0.2"
"1569371383","2538891445","0.2"
"2538891445","1569371383","0.2"
"1986512389","2068258563","0.2"
"2068258563","1986512389","0.2"
"1986512389","2123526833","0.2"
"2123526833","1986512389","0.2"
"1986512389","2538891445","0.2"
"2538891445","1986512389","0.2"
"1569371383","2145400454","3.16667"
"2145400454","1569371383","3.16667"
"1552848817","2145400454","1"
"2145400454","1552848817","1"
"1569371383","2178315283","0.5"
"2178315283","1569371383","0.5"
"1968137197","1986090683","2.5"
"1986090683","1968137197","2.5"
"1968137197","2001111660","0.5"
"2001111660","1968137197","0.5"
"1986090683","2001111660","0.5"
"2001111660","1986090683","0.5"
"1986090683","2145400454","2.5"
"2145400454","1986090683","2.5"
"1986090683","2118569497","0.5"
"2118569497","1986090683","0.5"
"1986512389","2057412652","1"
"2057412652","1986512389","1"
"1986512389","2001111660","0.333333"
"2001111660","1986512389","0.333333"
"1986512389","2097611699","0.333333"
"2097611699","1986512389","0.333333"
"1986512389","2145400454","0.833333"
"2145400454","1986512389","0.833333"
"2001111660","2097611699","0.333333"
"2097611699","2001111660","0.333333"
"1986512389","2165411481","0.5"
"2165411481","1986512389","0.5"
"2001111660","2070421057","2"
"2070421057","2001111660","2"
"2001111660","2136293626","1"
"2136293626","2001111660","1"
"2001111660","2165411481","0.25"
"2165411481","2001111660","0.25"
"2018092628","2140697933","2"
"2140697933","2018092628","2"
"2057412652","2145400454","1"
"2145400454","2057412652","1"
"2079918866","2141714549","1.25"
"2141714549","2079918866","1.25"
"2079918866","2142486130","0.25"
"2142486130","2079918866","0.25"
"2079918866","2237544177","0.25"
"2237544177","2079918866","0.25"
"2079918866","2361155686","0.25"
"2361155686","2079918866","0.25"
"2141714549","2142486130","0.25"
"2142486130","2141714549","0.25"
"2141714549","2237544177","0.25"
"2237544177","2141714549","0.25"
"2141714549","2361155686","0.25"
"2361155686","2141714549","0.25"
"2142486130","2237544177","14.75"
"2237544177","2142486130","14.75"
"2142486130","2361155686","36.75"
"2361155686","2142486130","36.75"
"2237544177","2361155686","4.75"
"2361155686","2237544177","4.75"
"2097611699","2136293626","1"
"2136293626","2097611699","1"
"2140697933","2146292355","1"
"2146292355","2140697933","1"
