"1483187238","1493451144","0.166667"
"1493451144","1483187238","0.166667"
"1483187238","1935292005","5.08333"
"1935292005","1483187238","5.08333"
"1483187238","2008505195","0.166667"
"2008505195","1483187238","0.166667"
"1483187238","2045895677","1.16667"
"2045895677","1483187238","1.16667"
"1483187238","2137220903","13.4167"
"2137220903","1483187238","13.4167"
"1483187238","890903380","1.58333"
"890903380","1483187238","1.58333"
"1493451144","1935292005","0.416667"
"1935292005","1493451144","0.416667"
"1493451144","2008505195","0.166667"
"2008505195","1493451144","0.166667"
"1493451144","2045895677","0.416667"
"2045895677","1493451144","0.416667"
"1493451144","2137220903","0.416667"
"2137220903","1493451144","0.416667"
"1493451144","890903380","1.16667"
"890903380","1493451144","1.16667"
"1935292005","2008505195","0.166667"
"2008505195","1935292005","0.166667"
"1935292005","2045895677","2.41667"
"2045895677","1935292005","2.41667"
"1935292005","2137220903","4.33333"
"2137220903","1935292005","4.33333"
"1935292005","890903380","1.58333"
"890903380","1935292005","1.58333"
"2008505195","2045895677","0.822222"
"2045895677","2008505195","0.822222"
"2008505195","2137220903","0.166667"
"2137220903","2008505195","0.166667"
"2008505195","890903380","0.555556"
"890903380","2008505195","0.555556"
"2045895677","2137220903","1.41667"
"2137220903","2045895677","1.41667"
"2045895677","890903380","1.88889"
"890903380","2045895677","1.88889"
"2137220903","890903380","1.58333"
"890903380","2137220903","1.58333"
"1483187238","1606747527","0.333333"
"1606747527","1483187238","0.333333"
"1483187238","2167576818","0.333333"
"2167576818","1483187238","0.333333"
"1606747527","2137220903","0.333333"
"2137220903","1606747527","0.333333"
"1606747527","2167576818","3.82222"
"2167576818","1606747527","3.82222"
"2137220903","2167576818","0.333333"
"2167576818","2137220903","0.333333"
"1483187238","1564424419","0.25"
"1564424419","1483187238","0.25"
"1483187238","3011637770","0.25"
"3011637770","1483187238","0.25"
"1564424419","1935292005","0.75"
"1935292005","1564424419","0.75"
"1564424419","2137220903","0.25"
"2137220903","1564424419","0.25"
"1564424419","3011637770","2"
"3011637770","1564424419","2"
"1935292005","3011637770","0.25"
"3011637770","1935292005","0.25"
"2137220903","3011637770","0.25"
"3011637770","2137220903","0.25"
"1483187238","1499659938","0.25"
"1499659938","1483187238","0.25"
"1499659938","1935292005","0.25"
"1935292005","1499659938","0.25"
"1499659938","2045895677","2.55556"
"2045895677","1499659938","2.55556"
"1499659938","2137220903","0.25"
"2137220903","1499659938","0.25"
"1485685820","2091274580","0.47619"
"2091274580","1485685820","0.47619"
"1485685820","2120613146","3.55952"
"2120613146","1485685820","3.55952"
"1485685820","2130607723","0.809524"
"2130607723","1485685820","0.809524"
"2091274580","2120613146","3.26508"
"2120613146","2091274580","3.26508"
"2091274580","2130607723","1.26508"
"2130607723","2091274580","1.26508"
"2120613146","2130607723","2.93175"
"2130607723","2120613146","2.93175"
"1485685820","2082399615","0.642857"
"2082399615","1485685820","0.642857"
"1485685820","2106122990","0.47619"
"2106122990","1485685820","0.47619"
"1485685820","2130493984","0.142857"
"2130493984","1485685820","0.142857"
"1485685820","3011637770","1.39286"
"3011637770","1485685820","1.39286"
"2082399615","2091274580","0.842857"
"2091274580","2082399615","0.842857"
"2082399615","2106122990","6.84286"
"2106122990","2082399615","6.84286"
"2082399615","2120613146","5.84286"
"2120613146","2082399615","5.84286"
"2082399615","2130493984","0.309524"
"2130493984","2082399615","0.309524"
"2082399615","2130607723","1.84286"
"2130607723","2082399615","1.84286"
"2082399615","3011637770","0.142857"
"3011637770","2082399615","0.142857"
"2091274580","2106122990","0.342857"
"2106122990","2091274580","0.342857"
"2091274580","2130493984","0.731746"
"2130493984","2091274580","0.731746"
"2091274580","3011637770","0.198413"
"3011637770","2091274580","0.198413"
"2106122990","2120613146","2.50952"
"2120613146","2106122990","2.50952"
"2106122990","2130493984","0.309524"
"2130493984","2106122990","0.309524"
"2106122990","2130607723","4.00952"
"2130607723","2106122990","4.00952"
"2106122990","3011637770","0.142857"
"3011637770","2106122990","0.142857"
"2120613146","2130493984","2.89841"
"2130493984","2120613146","2.89841"
"2120613146","3011637770","0.948413"
"3011637770","2120613146","0.948413"
"2130493984","2130607723","0.898413"
"2130607723","2130493984","0.898413"
"2130493984","3011637770","0.365079"
"3011637770","2130493984","0.365079"
"2130607723","3011637770","0.198413"
"3011637770","2130607723","0.198413"
"1485685820","1564424419","0.25"
"1564424419","1485685820","0.25"
"1485685820","1923740273","0.25"
"1923740273","1485685820","0.25"
"1564424419","1923740273","1.25"
"1923740273","1564424419","1.25"
"1564424419","2120613146","3.61667"
"2120613146","1564424419","3.61667"
"1923740273","2120613146","0.305556"
"2120613146","1923740273","0.305556"
"1923740273","3011637770","9.65556"
"3011637770","1923740273","9.65556"
"1493451144","1594447683","0.75"
"1594447683","1493451144","0.75"
"1594447683","1935292005","0.25"
"1935292005","1594447683","0.25"
"1594447683","2045895677","0.25"
"2045895677","1594447683","0.25"
"1594447683","2137220903","0.25"
"2137220903","1594447683","0.25"
"1594447683","890903380","5.5"
"890903380","1594447683","5.5"
"1493451144","3011637770","0.5"
"3011637770","1493451144","0.5"
"3011637770","890903380","1.22222"
"890903380","3011637770","1.22222"
"1499659938","2027515180","0.25"
"2027515180","1499659938","0.25"
"1499659938","2171359189","0.305556"
"2171359189","1499659938","0.305556"
"1499659938","890903380","0.305556"
"890903380","1499659938","0.305556"
"2027515180","2045895677","0.25"
"2045895677","2027515180","0.25"
"2027515180","2171359189","0.25"
"2171359189","2027515180","0.25"
"2027515180","890903380","0.25"
"890903380","2027515180","0.25"
"2045895677","2171359189","2.15556"
"2171359189","2045895677","2.15556"
"2171359189","890903380","0.472222"
"890903380","2171359189","0.472222"
"1499659938","1606747527","0.0555556"
"1606747527","1499659938","0.0555556"
"1499659938","165568438","0.0555556"
"165568438","1499659938","0.0555556"
"1499659938","1887272959","0.0555556"
"1887272959","1499659938","0.0555556"
"1499659938","1923740273","0.0555556"
"1923740273","1499659938","0.0555556"
"1499659938","2008505195","0.0555556"
"2008505195","1499659938","0.0555556"
"1499659938","2091274580","0.0555556"
"2091274580","1499659938","0.0555556"
"1499659938","2107662595","0.0555556"
"2107662595","1499659938","0.0555556"
"1499659938","2114053589","0.0555556"
"2114053589","1499659938","0.0555556"
"1499659938","2120613146","0.0555556"
"2120613146","1499659938","0.0555556"
"1499659938","2130493984","0.0555556"
"2130493984","1499659938","0.0555556"
"1499659938","2130607723","0.0555556"
"2130607723","1499659938","0.0555556"
"1499659938","2160107280","0.0555556"
"2160107280","1499659938","0.0555556"
"1499659938","2164835933","0.0555556"
"2164835933","1499659938","0.0555556"
"1499659938","2167576818","0.0555556"
"2167576818","1499659938","0.0555556"
"1499659938","3011637770","1.05556"
"3011637770","1499659938","1.05556"
"1606747527","165568438","0.0555556"
"165568438","1606747527","0.0555556"
"1606747527","1887272959","0.155556"
"1887272959","1606747527","0.155556"
"1606747527","1923740273","0.488889"
"1923740273","1606747527","0.488889"
"1606747527","2008505195","0.155556"
"2008505195","1606747527","0.155556"
"1606747527","2045895677","0.488889"
"2045895677","1606747527","0.488889"
"1606747527","2091274580","0.0555556"
"2091274580","1606747527","0.0555556"
"1606747527","2107662595","0.0555556"
"2107662595","1606747527","0.0555556"
"1606747527","2114053589","0.155556"
"2114053589","1606747527","0.155556"
"1606747527","2120613146","0.0555556"
"2120613146","1606747527","0.0555556"
"1606747527","2130493984","0.0555556"
"2130493984","1606747527","0.0555556"
"1606747527","2130607723","0.0555556"
"2130607723","1606747527","0.0555556"
"1606747527","2160107280","0.0555556"
"2160107280","1606747527","0.0555556"
"1606747527","2164835933","0.155556"
"2164835933","1606747527","0.155556"
"1606747527","2171359189","0.155556"
"2171359189","1606747527","0.155556"
"1606747527","3011637770","0.488889"
"3011637770","1606747527","0.488889"
"1606747527","890903380","0.388889"
"890903380","1606747527","0.388889"
"165568438","1887272959","0.0555556"
"1887272959","165568438","0.0555556"
"165568438","1923740273","0.222222"
"1923740273","165568438","0.222222"
"165568438","2008505195","0.0555556"
"2008505195","165568438","0.0555556"
"165568438","2045895677","0.0555556"
"2045895677","165568438","0.0555556"
"165568438","2091274580","0.0555556"
"2091274580","165568438","0.0555556"
"165568438","2107662595","0.222222"
"2107662595","165568438","0.222222"
"165568438","2114053589","0.0555556"
"2114053589","165568438","0.0555556"
"165568438","2120613146","0.0555556"
"2120613146","165568438","0.0555556"
"165568438","2130493984","0.222222"
"2130493984","165568438","0.222222"
"165568438","2130607723","0.0555556"
"2130607723","165568438","0.0555556"
"165568438","2160107280","0.0555556"
"2160107280","165568438","0.0555556"
"165568438","2164835933","0.0555556"
"2164835933","165568438","0.0555556"
"165568438","2167576818","0.0555556"
"2167576818","165568438","0.0555556"
"165568438","2171359189","0.222222"
"2171359189","165568438","0.222222"
"165568438","3011637770","0.222222"
"3011637770","165568438","0.222222"
"165568438","890903380","0.222222"
"890903380","165568438","0.222222"
"1887272959","1923740273","0.155556"
"1923740273","1887272959","0.155556"
"1887272959","2008505195","0.155556"
"2008505195","1887272959","0.155556"
"1887272959","2045895677","0.155556"
"2045895677","1887272959","0.155556"
"1887272959","2091274580","0.0555556"
"2091274580","1887272959","0.0555556"
"1887272959","2107662595","0.0555556"
"2107662595","1887272959","0.0555556"
"1887272959","2114053589","0.155556"
"2114053589","1887272959","0.155556"
"1887272959","2120613146","0.0555556"
"2120613146","1887272959","0.0555556"
"1887272959","2130493984","0.0555556"
"2130493984","1887272959","0.0555556"
"1887272959","2130607723","0.0555556"
"2130607723","1887272959","0.0555556"
"1887272959","2160107280","0.0555556"
"2160107280","1887272959","0.0555556"
"1887272959","2164835933","0.155556"
"2164835933","1887272959","0.155556"
"1887272959","2167576818","0.155556"
"2167576818","1887272959","0.155556"
"1887272959","2171359189","0.155556"
"2171359189","1887272959","0.155556"
"1887272959","3011637770","0.155556"
"3011637770","1887272959","0.155556"
"1887272959","890903380","0.0555556"
"890903380","1887272959","0.0555556"
"1923740273","2008505195","1.15556"
"2008505195","1923740273","1.15556"
"1923740273","2045895677","0.405556"
"2045895677","1923740273","0.405556"
"1923740273","2091274580","0.0555556"
"2091274580","1923740273","0.0555556"
"1923740273","2107662595","0.222222"
"2107662595","1923740273","0.222222"
"1923740273","2114053589","0.155556"
"2114053589","1923740273","0.155556"
"1923740273","2130493984","0.222222"
"2130493984","1923740273","0.222222"
"1923740273","2130607723","0.0555556"
"2130607723","1923740273","0.0555556"
"1923740273","2160107280","0.0555556"
"2160107280","1923740273","0.0555556"
"1923740273","2164835933","0.155556"
"2164835933","1923740273","0.155556"
"1923740273","2167576818","0.488889"
"2167576818","1923740273","0.488889"
"1923740273","2171359189","2.57222"
"2171359189","1923740273","2.57222"
"1923740273","890903380","0.722222"
"890903380","1923740273","0.722222"
"2008505195","2091274580","0.0555556"
"2091274580","2008505195","0.0555556"
"2008505195","2107662595","0.0555556"
"2107662595","2008505195","0.0555556"
"2008505195","2114053589","2.98889"
"2114053589","2008505195","2.98889"
"2008505195","2120613146","0.0555556"
"2120613146","2008505195","0.0555556"
"2008505195","2130493984","0.888889"
"2130493984","2008505195","0.888889"
"2008505195","2130607723","0.0555556"
"2130607723","2008505195","0.0555556"
"2008505195","2160107280","0.0555556"
"2160107280","2008505195","0.0555556"
"2008505195","2164835933","0.155556"
"2164835933","2008505195","0.155556"
"2008505195","2167576818","0.155556"
"2167576818","2008505195","0.155556"
"2008505195","2171359189","2.15556"
"2171359189","2008505195","2.15556"
"2008505195","3011637770","0.655556"
"3011637770","2008505195","0.655556"
"2045895677","2091274580","0.255556"
"2091274580","2045895677","0.255556"
"2045895677","2107662595","0.255556"
"2107662595","2045895677","0.255556"
"2045895677","2114053589","1.15556"
"2114053589","2045895677","1.15556"
"2045895677","2120613146","1.25556"
"2120613146","2045895677","1.25556"
"2045895677","2130493984","1.92222"
"2130493984","2045895677","1.92222"
"2045895677","2130607723","0.422222"
"2130607723","2045895677","0.422222"
"2045895677","2160107280","0.0555556"
"2160107280","2045895677","0.0555556"
"2045895677","2164835933","0.155556"
"2164835933","2045895677","0.155556"
"2045895677","2167576818","0.155556"
"2167576818","2045895677","0.155556"
"2045895677","3011637770","0.905556"
"3011637770","2045895677","0.905556"
"2091274580","2107662595","0.755556"
"2107662595","2091274580","0.755556"
"2091274580","2114053589","0.0555556"
"2114053589","2091274580","0.0555556"
"2091274580","2160107280","0.0555556"
"2160107280","2091274580","0.0555556"
"2091274580","2164835933","0.0555556"
"2164835933","2091274580","0.0555556"
"2091274580","2167576818","0.0555556"
"2167576818","2091274580","0.0555556"
"2091274580","2171359189","0.0555556"
"2171359189","2091274580","0.0555556"
"2091274580","890903380","0.0555556"
"890903380","2091274580","0.0555556"
"2107662595","2114053589","0.0555556"
"2114053589","2107662595","0.0555556"
"2107662595","2120613146","3.75556"
"2120613146","2107662595","3.75556"
"2107662595","2130493984","1.42222"
"2130493984","2107662595","1.42222"
"2107662595","2130607723","0.255556"
"2130607723","2107662595","0.255556"
"2107662595","2160107280","0.0555556"
"2160107280","2107662595","0.0555556"
"2107662595","2164835933","0.0555556"
"2164835933","2107662595","0.0555556"
"2107662595","2167576818","0.0555556"
"2167576818","2107662595","0.0555556"
"2107662595","2171359189","0.222222"
"2171359189","2107662595","0.222222"
"2107662595","3011637770","0.222222"
"3011637770","2107662595","0.222222"
"2107662595","890903380","0.222222"
"890903380","2107662595","0.222222"
"2114053589","2120613146","0.0555556"
"2120613146","2114053589","0.0555556"
"2114053589","2130493984","2.38889"
"2130493984","2114053589","2.38889"
"2114053589","2130607723","0.0555556"
"2130607723","2114053589","0.0555556"
"2114053589","2160107280","0.0555556"
"2160107280","2114053589","0.0555556"
"2114053589","2164835933","0.155556"
"2164835933","2114053589","0.155556"
"2114053589","2167576818","0.155556"
"2167576818","2114053589","0.155556"
"2114053589","2171359189","0.655556"
"2171359189","2114053589","0.655556"
"2114053589","3011637770","0.155556"
"3011637770","2114053589","0.155556"
"2114053589","890903380","1.38889"
"890903380","2114053589","1.38889"
"2120613146","2160107280","0.0555556"
"2160107280","2120613146","0.0555556"
"2120613146","2164835933","0.0555556"
"2164835933","2120613146","0.0555556"
"2120613146","2167576818","0.0555556"
"2167576818","2120613146","0.0555556"
"2120613146","2171359189","0.0555556"
"2171359189","2120613146","0.0555556"
"2120613146","890903380","0.722222"
"890903380","2120613146","0.722222"
"2130493984","2160107280","0.0555556"
"2160107280","2130493984","0.0555556"
"2130493984","2164835933","0.0555556"
"2164835933","2130493984","0.0555556"
"2130493984","2167576818","0.0555556"
"2167576818","2130493984","0.0555556"
"2130493984","2171359189","0.222222"
"2171359189","2130493984","0.222222"
"2130493984","890903380","1.55556"
"890903380","2130493984","1.55556"
"2130607723","2160107280","0.0555556"
"2160107280","2130607723","0.0555556"
"2130607723","2164835933","0.0555556"
"2164835933","2130607723","0.0555556"
"2130607723","2167576818","0.0555556"
"2167576818","2130607723","0.0555556"
"2130607723","2171359189","0.0555556"
"2171359189","2130607723","0.0555556"
"2130607723","890903380","0.388889"
"890903380","2130607723","0.388889"
"2160107280","2164835933","0.0555556"
"2164835933","2160107280","0.0555556"
"2160107280","2167576818","0.0555556"
"2167576818","2160107280","0.0555556"
"2160107280","2171359189","0.0555556"
"2171359189","2160107280","0.0555556"
"2160107280","3011637770","0.0555556"
"3011637770","2160107280","0.0555556"
"2160107280","890903380","0.0555556"
"890903380","2160107280","0.0555556"
"2164835933","2167576818","0.155556"
"2167576818","2164835933","0.155556"
"2164835933","2171359189","0.155556"
"2171359189","2164835933","0.155556"
"2164835933","3011637770","0.155556"
"3011637770","2164835933","0.155556"
"2164835933","890903380","1.05556"
"890903380","2164835933","1.05556"
"2167576818","2171359189","0.155556"
"2171359189","2167576818","0.155556"
"2167576818","3011637770","0.488889"
"3011637770","2167576818","0.488889"
"2167576818","890903380","1.05556"
"890903380","2167576818","1.05556"
"2171359189","3011637770","4.57222"
"3011637770","2171359189","4.57222"
"1503880027","2082399615","1"
"2082399615","1503880027","1"
"1503880027","1579016796","2"
"1579016796","1503880027","2"
"1503880027","1526124439","1"
"1526124439","1503880027","1"
"1503880027","2045895677","0.5"
"2045895677","1503880027","0.5"
"1503880027","2120613146","0.5"
"2120613146","1503880027","0.5"
"1550667289","1606747527","0.1"
"1606747527","1550667289","0.1"
"1550667289","1887272959","0.1"
"1887272959","1550667289","0.1"
"1550667289","1923740273","0.1"
"1923740273","1550667289","0.1"
"1550667289","2008505195","0.1"
"2008505195","1550667289","0.1"
"1550667289","2045895677","0.1"
"2045895677","1550667289","0.1"
"1550667289","2114053589","0.1"
"2114053589","1550667289","0.1"
"1550667289","2164835933","0.1"
"2164835933","1550667289","0.1"
"1550667289","2167576818","0.1"
"2167576818","1550667289","0.1"
"1550667289","2171359189","0.1"
"2171359189","1550667289","0.1"
"1550667289","3011637770","0.1"
"3011637770","1550667289","0.1"
"1564424419","2130493984","1.66667"
"2130493984","1564424419","1.66667"
"1935292005","2130493984","0.5"
"2130493984","1935292005","0.5"
"1564424419","2114053589","1"
"2114053589","1564424419","1"
"1564424419","1606747527","0.333333"
"1606747527","1564424419","0.333333"
"1564424419","2045895677","0.5"
"2045895677","1564424419","0.5"
"1564424419","890903380","0.333333"
"890903380","1564424419","0.333333"
"1564424419","2107662595","0.5"
"2107662595","1564424419","0.5"
"1564424419","2082399615","0.366667"
"2082399615","1564424419","0.366667"
"1564424419","2106122990","0.366667"
"2106122990","1564424419","0.366667"
"1564424419","2130607723","0.366667"
"2130607723","1564424419","0.366667"
"2045895677","2082399615","0.166667"
"2082399615","2045895677","0.166667"
"2045895677","2106122990","0.166667"
"2106122990","2045895677","0.166667"
"1564424419","2091274580","0.2"
"2091274580","1564424419","0.2"
"1579016796","2120613146","1.33333"
"2120613146","1579016796","1.33333"
"1579016796","2130493984","1"
"2130493984","1579016796","1"
"1579016796","2045895677","0.333333"
"2045895677","1579016796","0.333333"
"1579016796","890903380","0.333333"
"890903380","1579016796","0.333333"
"1594447683","1923740273","1"
"1923740273","1594447683","1"
"1923740273","2474232396","1.25"
"2474232396","1923740273","1.25"
"2045895677","2474232396","0.25"
"2474232396","2045895677","0.25"
"2171359189","2474232396","0.25"
"2474232396","2171359189","0.25"
"2474232396","3011637770","0.25"
"3011637770","2474232396","0.25"
"1935292005","2027515180","1"
"2027515180","1935292005","1"
"2027515180","57923730","1"
"57923730","2027515180","1"
"2063113736","890903380","1"
"890903380","2063113736","1"
"2063113736","2120613146","1"
"2120613146","2063113736","1"
"2082399615","2107662595","2"
"2107662595","2082399615","2"
"2106122990","2107662595","0.5"
"2107662595","2106122990","0.5"
"2106122990","890903380","0.333333"
"890903380","2106122990","0.333333"
"2107662595","2474232396","1"
"2474232396","2107662595","1"
"2144505296","57923730","1"
"57923730","2144505296","1"
"2474232396","2725954158","1"
"2725954158","2474232396","1"
"2725954158","3011637770","1"
"3011637770","2725954158","1"
