"110899468","2105603754","1.25"
"2105603754","110899468","1.25"
"110899468","2144537873","0.25"
"2144537873","110899468","0.25"
"110899468","22382262","0.25"
"22382262","110899468","0.25"
"110899468","2254617057","0.25"
"2254617057","110899468","0.25"
"2105603754","2144537873","1.25"
"2144537873","2105603754","1.25"
"2105603754","22382262","2.7"
"22382262","2105603754","2.7"
"2105603754","2254617057","0.25"
"2254617057","2105603754","0.25"
"2144537873","22382262","0.25"
"22382262","2144537873","0.25"
"2144537873","2254617057","0.25"
"2254617057","2144537873","0.25"
"22382262","2254617057","0.25"
"2254617057","22382262","0.25"
"110899468","2267026621","1"
"2267026621","110899468","1"
"123739746","2109420119","8.5873"
"2109420119","123739746","8.5873"
"123739746","57725852","1.33333"
"57725852","123739746","1.33333"
"2109420119","57725852","0.833333"
"57725852","2109420119","0.833333"
"123739746","1567236103","0.833333"
"1567236103","123739746","0.833333"
"1567236103","57725852","1.83333"
"57725852","1567236103","1.83333"
"123739746","2744304403","0.5"
"2744304403","123739746","0.5"
"2109420119","2744304403","0.5"
"2744304403","2109420119","0.5"
"1567236103","2109420119","0.333333"
"2109420119","1567236103","0.333333"
"123739746","125815732","0.111111"
"125815732","123739746","0.111111"
"123739746","2099511793","0.111111"
"2099511793","123739746","0.111111"
"123739746","2105603754","0.420635"
"2105603754","123739746","0.420635"
"123739746","2107436187","0.111111"
"2107436187","123739746","0.111111"
"123739746","2117870171","0.111111"
"2117870171","123739746","0.111111"
"123739746","2133978627","0.420635"
"2133978627","123739746","0.420635"
"123739746","2142635600","0.111111"
"2142635600","123739746","0.111111"
"123739746","2146816609","0.111111"
"2146816609","123739746","0.111111"
"125815732","2099511793","0.111111"
"2099511793","125815732","0.111111"
"125815732","2105603754","0.569444"
"2105603754","125815732","0.569444"
"125815732","2107436187","0.111111"
"2107436187","125815732","0.111111"
"125815732","2109420119","1.11111"
"2109420119","125815732","1.11111"
"125815732","2117870171","1.44444"
"2117870171","125815732","1.44444"
"125815732","2133978627","0.444444"
"2133978627","125815732","0.444444"
"125815732","2142635600","0.111111"
"2142635600","125815732","0.111111"
"125815732","2146816609","0.236111"
"2146816609","125815732","0.236111"
"2099511793","2105603754","1.89444"
"2105603754","2099511793","1.89444"
"2099511793","2107436187","0.111111"
"2107436187","2099511793","0.111111"
"2099511793","2109420119","0.111111"
"2109420119","2099511793","0.111111"
"2099511793","2117870171","1.14444"
"2117870171","2099511793","1.14444"
"2099511793","2133978627","0.444444"
"2133978627","2099511793","0.444444"
"2099511793","2142635600","0.311111"
"2142635600","2099511793","0.311111"
"2099511793","2146816609","0.111111"
"2146816609","2099511793","0.111111"
"2105603754","2107436187","0.811111"
"2107436187","2105603754","0.811111"
"2105603754","2109420119","1.0873"
"2109420119","2105603754","1.0873"
"2105603754","2117870171","6.84444"
"2117870171","2105603754","6.84444"
"2105603754","2133978627","1.62063"
"2133978627","2105603754","1.62063"
"2105603754","2142635600","1.51111"
"2142635600","2105603754","1.51111"
"2105603754","2146816609","0.236111"
"2146816609","2105603754","0.236111"
"2107436187","2109420119","0.111111"
"2109420119","2107436187","0.111111"
"2107436187","2117870171","0.311111"
"2117870171","2107436187","0.311111"
"2107436187","2133978627","0.311111"
"2133978627","2107436187","0.311111"
"2107436187","2142635600","0.311111"
"2142635600","2107436187","0.311111"
"2107436187","2146816609","0.111111"
"2146816609","2107436187","0.111111"
"2109420119","2117870171","0.944444"
"2117870171","2109420119","0.944444"
"2109420119","2133978627","0.587302"
"2133978627","2109420119","0.587302"
"2109420119","2142635600","0.111111"
"2142635600","2109420119","0.111111"
"2109420119","2146816609","0.111111"
"2146816609","2109420119","0.111111"
"2117870171","2133978627","4.31111"
"2133978627","2117870171","4.31111"
"2117870171","2142635600","0.511111"
"2142635600","2117870171","0.511111"
"2117870171","2146816609","0.111111"
"2146816609","2117870171","0.111111"
"2133978627","2142635600","0.311111"
"2142635600","2133978627","0.311111"
"2133978627","2146816609","0.111111"
"2146816609","2133978627","0.111111"
"2142635600","2146816609","0.111111"
"2146816609","2142635600","0.111111"
"123739746","1588328537","0.309524"
"1588328537","123739746","0.309524"
"123739746","1588451645","0.309524"
"1588451645","123739746","0.309524"
"123739746","2157855401","0.309524"
"2157855401","123739746","0.309524"
"123739746","2530381857","0.309524"
"2530381857","123739746","0.309524"
"1588328537","1588451645","5.80952"
"1588451645","1588328537","5.80952"
"1588328537","2105603754","0.642857"
"2105603754","1588328537","0.642857"
"1588328537","2133978627","0.309524"
"2133978627","1588328537","0.309524"
"1588328537","2157855401","0.809524"
"2157855401","1588328537","0.809524"
"1588328537","2530381857","2.64286"
"2530381857","1588328537","2.64286"
"1588451645","2105603754","1.80952"
"2105603754","1588451645","1.80952"
"1588451645","2133978627","0.642857"
"2133978627","1588451645","0.642857"
"1588451645","2157855401","0.809524"
"2157855401","1588451645","0.809524"
"1588451645","2530381857","5.64286"
"2530381857","1588451645","5.64286"
"2105603754","2157855401","0.309524"
"2157855401","2105603754","0.309524"
"2105603754","2530381857","1.64286"
"2530381857","2105603754","1.64286"
"2133978627","2157855401","0.309524"
"2157855401","2133978627","0.309524"
"2133978627","2530381857","0.642857"
"2530381857","2133978627","0.642857"
"2157855401","2530381857","0.809524"
"2530381857","2157855401","0.809524"
"1588328537","2109420119","0.142857"
"2109420119","1588328537","0.142857"
"1588451645","2109420119","0.142857"
"2109420119","1588451645","0.142857"
"2109420119","2157855401","0.142857"
"2157855401","2109420119","0.142857"
"2109420119","2530381857","0.142857"
"2530381857","2109420119","0.142857"
"125815732","16439851","0.125"
"16439851","125815732","0.125"
"125815732","2033406822","0.125"
"2033406822","125815732","0.125"
"125815732","2150034772","0.125"
"2150034772","125815732","0.125"
"125815732","2221991655","0.125"
"2221991655","125815732","0.125"
"125815732","2311071759","0.125"
"2311071759","125815732","0.125"
"125815732","2529689355","0.125"
"2529689355","125815732","0.125"
"16439851","2033406822","0.625"
"2033406822","16439851","0.625"
"16439851","2105603754","0.125"
"2105603754","16439851","0.125"
"16439851","2146816609","0.125"
"2146816609","16439851","0.125"
"16439851","2150034772","0.125"
"2150034772","16439851","0.125"
"16439851","2221991655","1.45833"
"2221991655","16439851","1.45833"
"16439851","2311071759","0.625"
"2311071759","16439851","0.625"
"16439851","2529689355","0.125"
"2529689355","16439851","0.125"
"2033406822","2105603754","0.125"
"2105603754","2033406822","0.125"
"2033406822","2146816609","0.125"
"2146816609","2033406822","0.125"
"2033406822","2150034772","0.125"
"2150034772","2033406822","0.125"
"2033406822","2221991655","0.125"
"2221991655","2033406822","0.125"
"2033406822","2311071759","35.9583"
"2311071759","2033406822","35.9583"
"2033406822","2529689355","0.458333"
"2529689355","2033406822","0.458333"
"2105603754","2150034772","0.125"
"2150034772","2105603754","0.125"
"2105603754","2221991655","0.125"
"2221991655","2105603754","0.125"
"2105603754","2311071759","0.125"
"2311071759","2105603754","0.125"
"2105603754","2529689355","0.125"
"2529689355","2105603754","0.125"
"2146816609","2150034772","0.125"
"2150034772","2146816609","0.125"
"2146816609","2221991655","0.125"
"2221991655","2146816609","0.125"
"2146816609","2311071759","0.125"
"2311071759","2146816609","0.125"
"2146816609","2529689355","0.125"
"2529689355","2146816609","0.125"
"2150034772","2221991655","0.125"
"2221991655","2150034772","0.125"
"2150034772","2311071759","0.125"
"2311071759","2150034772","0.125"
"2150034772","2529689355","1.125"
"2529689355","2150034772","1.125"
"2221991655","2311071759","0.125"
"2311071759","2221991655","0.125"
"2221991655","2529689355","0.125"
"2529689355","2221991655","0.125"
"2311071759","2529689355","0.458333"
"2529689355","2311071759","0.458333"
"125815732","1516477661","0.333333"
"1516477661","125815732","0.333333"
"125815732","2054097655","0.333333"
"2054097655","125815732","0.333333"
"125815732","2144537873","0.333333"
"2144537873","125815732","0.333333"
"1516477661","2054097655","0.333333"
"2054097655","1516477661","0.333333"
"1516477661","2144537873","0.833333"
"2144537873","1516477661","0.833333"
"2054097655","2144537873","0.333333"
"2144537873","2054097655","0.333333"
"1493731268","2142635600","1"
"2142635600","1493731268","1"
"1493731268","22382262","1"
"22382262","1493731268","1"
"1493731268","38524544","8.33333"
"38524544","1493731268","8.33333"
"1493731268","2149370496","0.333333"
"2149370496","1493731268","0.333333"
"1493731268","2170911126","0.333333"
"2170911126","1493731268","0.333333"
"2149370496","2170911126","4.83333"
"2170911126","2149370496","4.83333"
"2149370496","38524544","0.333333"
"38524544","2149370496","0.333333"
"2170911126","38524544","0.333333"
"38524544","2170911126","0.333333"
"1493731268","1516477661","0.25"
"1516477661","1493731268","0.25"
"1493731268","2115863220","0.25"
"2115863220","1493731268","0.25"
"1493731268","2117870171","0.25"
"2117870171","1493731268","0.25"
"1493731268","2254617057","0.25"
"2254617057","1493731268","0.25"
"1516477661","2115863220","0.5"
"2115863220","1516477661","0.5"
"1516477661","2117870171","0.25"
"2117870171","1516477661","0.25"
"1516477661","2254617057","0.25"
"2254617057","1516477661","0.25"
"2115863220","2117870171","0.45"
"2117870171","2115863220","0.45"
"2115863220","2254617057","0.25"
"2254617057","2115863220","0.25"
"2117870171","2254617057","0.25"
"2254617057","2117870171","0.25"
"1516477661","2149370496","0.5"
"2149370496","1516477661","0.5"
"2144537873","2149370496","1.5"
"2149370496","2144537873","1.5"
"1516477661","22382262","1.25"
"22382262","1516477661","1.25"
"1516477661","2099511793","0.25"
"2099511793","1516477661","0.25"
"1516477661","2105603754","0.25"
"2105603754","1516477661","0.25"
"2099511793","2115863220","0.783333"
"2115863220","2099511793","0.783333"
"2099511793","22382262","0.783333"
"22382262","2099511793","0.783333"
"2105603754","2115863220","0.45"
"2115863220","2105603754","0.45"
"2115863220","22382262","0.783333"
"22382262","2115863220","0.783333"
"1537585402","1605178129","1"
"1605178129","1537585402","1"
"1546115725","16439851","1"
"16439851","1546115725","1"
"1546115725","2149096642","1"
"2149096642","1546115725","1"
"1588328537","2117870171","0.333333"
"2117870171","1588328537","0.333333"
"2117870171","2530381857","0.333333"
"2530381857","2117870171","0.333333"
"1588451645","2117870171","0.5"
"2117870171","1588451645","0.5"
"1588451645","2267026621","0.333333"
"2267026621","1588451645","0.333333"
"2133978627","2267026621","0.333333"
"2267026621","2133978627","0.333333"
"2267026621","2530381857","0.333333"
"2530381857","2267026621","0.333333"
"1605178129","2300872589","3"
"2300872589","1605178129","3"
"1605178129","16439851","1"
"16439851","1605178129","1"
"16439851","2054405381","0.333333"
"2054405381","16439851","0.333333"
"16439851","72675563","0.333333"
"72675563","16439851","0.333333"
"2054405381","2221991655","0.333333"
"2221991655","2054405381","0.333333"
"2054405381","72675563","0.333333"
"72675563","2054405381","0.333333"
"2221991655","72675563","0.333333"
"72675563","2221991655","0.333333"
"2005881298","2112250882","1"
"2112250882","2005881298","1"
"2029003616","2221991655","1"
"2221991655","2029003616","1"
"2033406822","2039765020","0.833333"
"2039765020","2033406822","0.833333"
"2039765020","2311071759","0.833333"
"2311071759","2039765020","0.833333"
"2039765020","2529689355","0.333333"
"2529689355","2039765020","0.333333"
"2033406822","2109420119","0.5"
"2109420119","2033406822","0.5"
"2109420119","2311071759","0.5"
"2311071759","2109420119","0.5"
"2054097655","2133978627","1"
"2133978627","2054097655","1"
"2054097655","2099511793","0.833333"
"2099511793","2054097655","0.833333"
"2054097655","2117870171","0.5"
"2117870171","2054097655","0.5"
"2054097655","2105603754","3"
"2105603754","2054097655","3"
"2054097655","22382262","1.33333"
"22382262","2054097655","1.33333"
"2054097655","2115863220","0.333333"
"2115863220","2054097655","0.333333"
"2115863220","2142635600","0.2"
"2142635600","2115863220","0.2"
"2117870171","22382262","0.2"
"22382262","2117870171","0.2"
"2142635600","22382262","0.2"
"22382262","2142635600","0.2"
"2102258855","2107436187","1"
"2107436187","2102258855","1"
"2105603754","2149370496","0.5"
"2149370496","2105603754","0.5"
"2105603754","2170911126","0.5"
"2170911126","2105603754","0.5"
"2105603754","2157354395","0.7"
"2157354395","2105603754","0.7"
"2107436187","2157354395","6.7"
"2157354395","2107436187","6.7"
"2117870171","2157354395","0.2"
"2157354395","2117870171","0.2"
"2133978627","2157354395","0.2"
"2157354395","2133978627","0.2"
"2142635600","2157354395","0.2"
"2157354395","2142635600","0.2"
"2107436187","2170911126","1"
"2170911126","2107436187","1"
"2112250882","2151190073","4.5"
"2151190073","2112250882","4.5"
"2112250882","2168107658","0.5"
"2168107658","2112250882","0.5"
"2151190073","2168107658","6.5"
"2168107658","2151190073","6.5"
"2117870171","2157855401","1"
"2157855401","2117870171","1"
"2117870171","2144537873","1"
"2144537873","2117870171","1"
"2144537873","2170911126","1"
"2170911126","2144537873","1"
"2157855401","2744304403","0.5"
"2744304403","2157855401","0.5"
"2530381857","2744304403","0.5"
"2744304403","2530381857","0.5"
"2285671522","87572175","1"
"87572175","2285671522","1"
