"146122600","2138168547","0.5"
"2138168547","146122600","0.5"
"146122600","2170094900","0.5"
"2170094900","146122600","0.5"
"2138168547","2170094900","2.27692"
"2170094900","2138168547","2.27692"
"1488787274","2059416033","3.18803"
"2059416033","1488787274","3.18803"
"1488787274","1553330106","0.330891"
"1553330106","1488787274","0.330891"
"1488787274","2049897862","1.08089"
"2049897862","1488787274","1.08089"
"1488787274","2170094900","0.688034"
"2170094900","1488787274","0.688034"
"1488787274","2197455072","0.438034"
"2197455072","1488787274","0.438034"
"1488787274","27161215","0.361111"
"27161215","1488787274","0.361111"
"1488787274","2737074162","0.861111"
"2737074162","1488787274","0.861111"
"1488787274","53025076","0.111111"
"53025076","1488787274","0.111111"
"1488787274","57540032","2.33089"
"57540032","1488787274","2.33089"
"1553330106","2049897862","0.330891"
"2049897862","1553330106","0.330891"
"1553330106","2059416033","0.188034"
"2059416033","1553330106","0.188034"
"1553330106","2170094900","0.188034"
"2170094900","1553330106","0.188034"
"1553330106","2197455072","0.688034"
"2197455072","1553330106","0.688034"
"1553330106","27161215","0.611111"
"27161215","1553330106","0.611111"
"1553330106","2737074162","0.111111"
"2737074162","1553330106","0.111111"
"1553330106","53025076","0.111111"
"53025076","1553330106","0.111111"
"1553330106","57540032","0.330891"
"57540032","1553330106","0.330891"
"2049897862","2059416033","0.354701"
"2059416033","2049897862","0.354701"
"2049897862","2170094900","0.188034"
"2170094900","2049897862","0.188034"
"2049897862","2197455072","1.68803"
"2197455072","2049897862","1.68803"
"2049897862","27161215","1.27778"
"27161215","2049897862","1.27778"
"2049897862","2737074162","2.61111"
"2737074162","2049897862","2.61111"
"2049897862","53025076","0.277778"
"53025076","2049897862","0.277778"
"2049897862","57540032","0.830891"
"57540032","2049897862","0.830891"
"2059416033","2170094900","0.188034"
"2170094900","2059416033","0.188034"
"2059416033","2197455072","1.18803"
"2197455072","2059416033","1.18803"
"2059416033","27161215","0.277778"
"27161215","2059416033","0.277778"
"2059416033","2737074162","0.611111"
"2737074162","2059416033","0.611111"
"2059416033","53025076","0.277778"
"53025076","2059416033","0.277778"
"2059416033","57540032","1.18803"
"57540032","2059416033","1.18803"
"2170094900","2197455072","0.188034"
"2197455072","2170094900","0.188034"
"2170094900","27161215","0.111111"
"27161215","2170094900","0.111111"
"2170094900","2737074162","1.31111"
"2737074162","2170094900","1.31111"
"2170094900","53025076","0.311111"
"53025076","2170094900","0.311111"
"2170094900","57540032","2.38803"
"57540032","2170094900","2.38803"
"2197455072","27161215","2.77778"
"27161215","2197455072","2.77778"
"2197455072","2737074162","5.44444"
"2737074162","2197455072","5.44444"
"2197455072","53025076","0.277778"
"53025076","2197455072","0.277778"
"2197455072","57540032","2.18803"
"57540032","2197455072","2.18803"
"27161215","2737074162","8.61111"
"2737074162","27161215","8.61111"
"27161215","53025076","0.277778"
"53025076","27161215","0.277778"
"27161215","57540032","0.277778"
"57540032","27161215","0.277778"
"2737074162","53025076","0.311111"
"53025076","2737074162","0.311111"
"2737074162","57540032","7.89444"
"57540032","2737074162","7.89444"
"53025076","57540032","0.477778"
"57540032","53025076","0.477778"
"1488787274","1993704418","0.576923"
"1993704418","1488787274","0.576923"
"1993704418","2170094900","1.07692"
"2170094900","1993704418","1.07692"
"1488787274","2138168547","1.21978"
"2138168547","1488787274","1.21978"
"1488787274","190184792","0.21978"
"190184792","1488787274","0.21978"
"1488787274","1977405000","0.71978"
"1977405000","1488787274","0.71978"
"1488787274","2141946737","0.21978"
"2141946737","1488787274","0.21978"
"1553330106","190184792","0.21978"
"190184792","1553330106","0.21978"
"1553330106","1977405000","0.21978"
"1977405000","1553330106","0.21978"
"1553330106","2138168547","0.21978"
"2138168547","1553330106","0.21978"
"1553330106","2141946737","0.21978"
"2141946737","1553330106","0.21978"
"190184792","1977405000","1.01145"
"1977405000","190184792","1.01145"
"190184792","2049897862","11.1781"
"2049897862","190184792","11.1781"
"190184792","2138168547","0.34478"
"2138168547","190184792","0.34478"
"190184792","2141946737","1.51145"
"2141946737","190184792","1.51145"
"190184792","57540032","0.96978"
"57540032","190184792","0.96978"
"1977405000","2049897862","2.71145"
"2049897862","1977405000","2.71145"
"1977405000","2138168547","0.34478"
"2138168547","1977405000","0.34478"
"1977405000","2141946737","0.711447"
"2141946737","1977405000","0.711447"
"1977405000","57540032","0.21978"
"57540032","1977405000","0.21978"
"2049897862","2138168547","0.34478"
"2138168547","2049897862","0.34478"
"2049897862","2141946737","8.04478"
"2141946737","2049897862","8.04478"
"2138168547","2141946737","0.34478"
"2141946737","2138168547","0.34478"
"2138168547","57540032","1.25311"
"57540032","2138168547","1.25311"
"2141946737","57540032","0.553114"
"57540032","2141946737","0.553114"
"1488787274","2405796986","1"
"2405796986","1488787274","1"
"1488787274","2085616072","0.5"
"2085616072","1488787274","0.5"
"2085616072","57540032","0.5"
"57540032","2085616072","0.5"
"1488787274","1976268337","0.0769231"
"1976268337","1488787274","0.0769231"
"1488787274","2132365807","0.0769231"
"2132365807","1488787274","0.0769231"
"1553330106","1976268337","0.0769231"
"1976268337","1553330106","0.0769231"
"1553330106","1993704418","0.0769231"
"1993704418","1553330106","0.0769231"
"1553330106","2132365807","0.0769231"
"2132365807","1553330106","0.0769231"
"190184792","1976268337","0.326923"
"1976268337","190184792","0.326923"
"190184792","1993704418","0.451923"
"1993704418","190184792","0.451923"
"190184792","2059416033","0.0769231"
"2059416033","190184792","0.0769231"
"190184792","2132365807","7.86859"
"2132365807","190184792","7.86859"
"190184792","2170094900","0.0769231"
"2170094900","190184792","0.0769231"
"190184792","2197455072","0.0769231"
"2197455072","190184792","0.0769231"
"1976268337","1977405000","0.0769231"
"1977405000","1976268337","0.0769231"
"1976268337","1993704418","0.326923"
"1993704418","1976268337","0.326923"
"1976268337","2049897862","0.0769231"
"2049897862","1976268337","0.0769231"
"1976268337","2059416033","0.0769231"
"2059416033","1976268337","0.0769231"
"1976268337","2132365807","0.0769231"
"2132365807","1976268337","0.0769231"
"1976268337","2138168547","0.276923"
"2138168547","1976268337","0.276923"
"1976268337","2141946737","0.0769231"
"2141946737","1976268337","0.0769231"
"1976268337","2170094900","0.276923"
"2170094900","1976268337","0.276923"
"1976268337","2197455072","0.0769231"
"2197455072","1976268337","0.0769231"
"1976268337","57540032","1.02692"
"57540032","1976268337","1.02692"
"1977405000","1993704418","0.201923"
"1993704418","1977405000","0.201923"
"1977405000","2059416033","0.0769231"
"2059416033","1977405000","0.0769231"
"1977405000","2132365807","0.56859"
"2132365807","1977405000","0.56859"
"1977405000","2170094900","0.0769231"
"2170094900","1977405000","0.0769231"
"1977405000","2197455072","0.0769231"
"2197455072","1977405000","0.0769231"
"1993704418","2049897862","1.20192"
"2049897862","1993704418","1.20192"
"1993704418","2059416033","0.576923"
"2059416033","1993704418","0.576923"
"1993704418","2132365807","0.201923"
"2132365807","1993704418","0.201923"
"1993704418","2138168547","1.20192"
"2138168547","1993704418","1.20192"
"1993704418","2141946737","0.201923"
"2141946737","1993704418","0.201923"
"1993704418","2197455072","0.0769231"
"2197455072","1993704418","0.0769231"
"1993704418","57540032","1.82692"
"57540032","1993704418","1.82692"
"2049897862","2132365807","2.06859"
"2132365807","2049897862","2.06859"
"2059416033","2132365807","0.0769231"
"2132365807","2059416033","0.0769231"
"2059416033","2138168547","0.410256"
"2138168547","2059416033","0.410256"
"2059416033","2141946737","0.0769231"
"2141946737","2059416033","0.0769231"
"2132365807","2138168547","1.20192"
"2138168547","2132365807","1.20192"
"2132365807","2141946737","0.56859"
"2141946737","2132365807","0.56859"
"2132365807","2170094900","0.0769231"
"2170094900","2132365807","0.0769231"
"2132365807","2197455072","0.0769231"
"2197455072","2132365807","0.0769231"
"2132365807","57540032","0.576923"
"57540032","2132365807","0.576923"
"2138168547","2197455072","0.410256"
"2197455072","2138168547","0.410256"
"2141946737","2170094900","0.0769231"
"2170094900","2141946737","0.0769231"
"2141946737","2197455072","0.0769231"
"2197455072","2141946737","0.0769231"
"1553330106","2405796986","8"
"2405796986","1553330106","8"
"190184792","1999947948","1.125"
"1999947948","190184792","1.125"
"190184792","2560008379","3.95833"
"2560008379","190184792","3.95833"
"1977405000","1999947948","0.491667"
"1999947948","1977405000","0.491667"
"1977405000","2560008379","0.491667"
"2560008379","1977405000","0.491667"
"1993704418","1999947948","0.125"
"1999947948","1993704418","0.125"
"1993704418","2560008379","0.125"
"2560008379","1993704418","0.125"
"1999947948","2049897862","0.825"
"2049897862","1999947948","0.825"
"1999947948","2132365807","0.491667"
"2132365807","1999947948","0.491667"
"1999947948","2138168547","0.125"
"2138168547","1999947948","0.125"
"1999947948","2141946737","1.49167"
"2141946737","1999947948","1.49167"
"1999947948","2560008379","8.825"
"2560008379","1999947948","8.825"
"2049897862","2560008379","3.15833"
"2560008379","2049897862","3.15833"
"2132365807","2560008379","0.991667"
"2560008379","2132365807","0.991667"
"2138168547","2560008379","0.125"
"2560008379","2138168547","0.125"
"2141946737","2560008379","0.491667"
"2560008379","2141946737","0.491667"
"190184792","2580630723","0.333333"
"2580630723","190184792","0.333333"
"2049897862","2580630723","0.333333"
"2580630723","2049897862","0.333333"
"2560008379","2580630723","0.833333"
"2580630723","2560008379","0.833333"
"190184792","2737074162","0.25"
"2737074162","190184792","0.25"
"1976268337","2737074162","1.95"
"2737074162","1976268337","1.95"
"1993704418","2737074162","0.75"
"2737074162","1993704418","0.75"
"190184792","2085616072","1"
"2085616072","190184792","1"
"1976268337","53025076","0.2"
"53025076","1976268337","0.2"
"2138168547","2737074162","0.2"
"2737074162","2138168547","0.2"
"2138168547","53025076","0.2"
"53025076","2138168547","0.2"
"1976682726","2147661904","1"
"2147661904","1976682726","1"
"1999947948","2580630723","0.5"
"2580630723","1999947948","0.5"
"2005462719","2049897862","0.833333"
"2049897862","2005462719","0.833333"
"2005462719","2197455072","3"
"2197455072","2005462719","3"
"2005462719","2737074162","3.16667"
"2737074162","2005462719","3.16667"
"2005462719","2085616072","0.333333"
"2085616072","2005462719","0.333333"
"2049897862","2085616072","0.583333"
"2085616072","2049897862","0.583333"
"2085616072","2737074162","0.583333"
"2737074162","2085616072","0.583333"
"2005462719","2059416033","0.166667"
"2059416033","2005462719","0.166667"
"2005462719","27161215","0.166667"
"27161215","2005462719","0.166667"
"2005462719","53025076","0.166667"
"53025076","2005462719","0.166667"
"2005462719","57540032","1.16667"
"57540032","2005462719","1.16667"
"2085616072","2197455072","0.75"
"2197455072","2085616072","0.75"
"2085616072","27161215","1.25"
"27161215","2085616072","1.25"
"2141946737","2737074162","0.333333"
"2737074162","2141946737","0.333333"
"2085616072","2560008379","0.5"
"2560008379","2085616072","0.5"
"2197455072","2560008379","0.5"
"2560008379","2197455072","0.5"
"2132365807","53025076","1"
"53025076","2132365807","1"
"2138168547","27161215","1"
"27161215","2138168547","1"
"2470898514","2580630723","1"
"2580630723","2470898514","1"
