"126646603","2153759057","2"
"2153759057","126646603","2"
"133670602","1969593469","0.5"
"1969593469","133670602","0.5"
"133670602","2153759057","0.5"
"2153759057","133670602","0.5"
"1969593469","2153759057","0.5"
"2153759057","1969593469","0.5"
"133670602","2050629843","2"
"2050629843","133670602","2"
"1428154031","2551905807","6.78571"
"2551905807","1428154031","6.78571"
"1428154031","2301873223","1.91071"
"2301873223","1428154031","1.91071"
"1428154031","2399562897","1"
"2399562897","1428154031","1"
"2301873223","2399562897","0.5"
"2399562897","2301873223","0.5"
"2301873223","2551905807","1.41071"
"2551905807","2301873223","1.41071"
"1428154031","2804829706","1.5"
"2804829706","1428154031","1.5"
"1428154031","1977603982","0.910714"
"1977603982","1428154031","0.910714"
"1428154031","2835181743","1.11905"
"2835181743","1428154031","1.11905"
"1428154031","2883478128","0.535714"
"2883478128","1428154031","0.535714"
"1428154031","2949310225","0.994048"
"2949310225","1428154031","0.994048"
"1428154031","2950479995","0.267857"
"2950479995","1428154031","0.267857"
"1977603982","2301873223","1.82738"
"2301873223","1977603982","1.82738"
"1977603982","2551905807","1.91071"
"2551905807","1977603982","1.91071"
"1977603982","2804829706","0.125"
"2804829706","1977603982","0.125"
"1977603982","2835181743","1.28496"
"2835181743","1977603982","1.28496"
"1977603982","2883478128","2.16071"
"2883478128","1977603982","2.16071"
"1977603982","2949310225","0.951623"
"2949310225","1977603982","0.951623"
"1977603982","2950479995","0.267857"
"2950479995","1977603982","0.267857"
"2301873223","2804829706","1.125"
"2804829706","2301873223","1.125"
"2301873223","2835181743","1.99405"
"2835181743","2301873223","1.99405"
"2301873223","2883478128","1.66071"
"2883478128","2301873223","1.66071"
"2301873223","2949310225","1.66071"
"2949310225","2301873223","1.66071"
"2301873223","2950479995","0.267857"
"2950479995","2301873223","0.267857"
"2551905807","2804829706","0.5"
"2804829706","2551905807","0.5"
"2551905807","2835181743","1.28571"
"2835181743","2551905807","1.28571"
"2551905807","2883478128","1.03571"
"2883478128","2551905807","1.03571"
"2551905807","2949310225","0.660714"
"2949310225","2551905807","0.660714"
"2551905807","2950479995","0.767857"
"2950479995","2551905807","0.767857"
"2804829706","2835181743","0.5"
"2835181743","2804829706","0.5"
"2804829706","2883478128","0.25"
"2883478128","2804829706","0.25"
"2804829706","2949310225","0.375"
"2949310225","2804829706","0.375"
"2804829706","2950479995","0.125"
"2950479995","2804829706","0.125"
"2835181743","2883478128","2.14683"
"2883478128","2835181743","2.14683"
"2835181743","2949310225","12.785"
"2949310225","2835181743","12.785"
"2835181743","2950479995","0.628968"
"2950479995","2835181743","0.628968"
"2883478128","2949310225","1.41071"
"2949310225","2883478128","1.41071"
"2883478128","2950479995","8.9123"
"2950479995","2883478128","8.9123"
"2949310225","2950479995","0.517857"
"2950479995","2949310225","0.517857"
"1428154031","2295373235","0.333333"
"2295373235","1428154031","0.333333"
"2295373235","2835181743","0.583333"
"2835181743","2295373235","0.583333"
"2295373235","2949310225","0.333333"
"2949310225","2295373235","0.333333"
"1428154031","2867528916","0.5"
"2867528916","1428154031","0.5"
"1428154031","2889496106","0.5"
"2889496106","1428154031","0.5"
"2867528916","2889496106","10.5"
"2889496106","2867528916","10.5"
"1428154031","2332929663","0.142857"
"2332929663","1428154031","0.142857"
"1977603982","2332929663","0.142857"
"2332929663","1977603982","0.142857"
"2301873223","2332929663","3.64286"
"2332929663","2301873223","3.64286"
"2332929663","2551905807","0.142857"
"2551905807","2332929663","0.142857"
"2332929663","2835181743","0.892857"
"2835181743","2332929663","0.892857"
"2332929663","2883478128","0.892857"
"2883478128","2332929663","0.892857"
"2332929663","2949310225","0.892857"
"2949310225","2332929663","0.892857"
"1428154031","2760242056","0.125"
"2760242056","1428154031","0.125"
"1428154031","2883684507","0.125"
"2883684507","1428154031","0.125"
"1428154031","2884676962","1.125"
"2884676962","1428154031","1.125"
"1428154031","3015905887","1.125"
"3015905887","1428154031","1.125"
"2551905807","2760242056","0.625"
"2760242056","2551905807","0.625"
"2551905807","2883684507","0.458333"
"2883684507","2551905807","0.458333"
"2551905807","2884676962","0.125"
"2884676962","2551905807","0.125"
"2551905807","3015905887","0.125"
"3015905887","2551905807","0.125"
"2760242056","2804829706","0.125"
"2804829706","2760242056","0.125"
"2760242056","2835181743","1.20833"
"2835181743","2760242056","1.20833"
"2760242056","2883478128","0.125"
"2883478128","2760242056","0.125"
"2760242056","2883684507","0.125"
"2883684507","2760242056","0.125"
"2760242056","2884676962","0.125"
"2884676962","2760242056","0.125"
"2760242056","3015905887","0.469877"
"3015905887","2760242056","0.469877"
"2804829706","2883684507","0.125"
"2883684507","2804829706","0.125"
"2804829706","2884676962","0.125"
"2884676962","2804829706","0.125"
"2804829706","3015905887","1.125"
"3015905887","2804829706","1.125"
"2835181743","2883684507","0.82702"
"2883684507","2835181743","0.82702"
"2835181743","2884676962","0.32702"
"2884676962","2835181743","0.32702"
"2835181743","3015905887","1.65833"
"3015905887","2835181743","1.65833"
"2883478128","2883684507","4.01944"
"2883684507","2883478128","4.01944"
"2883478128","2884676962","1.18611"
"2884676962","2883478128","1.18611"
"2883478128","3015905887","2.90833"
"3015905887","2883478128","2.90833"
"2883684507","2884676962","2.27702"
"2884676962","2883684507","2.27702"
"2883684507","3015905887","16.6583"
"3015905887","2883684507","16.6583"
"2884676962","3015905887","2.15833"
"3015905887","2884676962","2.15833"
"2399562897","2551905807","0.5"
"2551905807","2399562897","0.5"
"1428154031","2795252046","1"
"2795252046","1428154031","1"
"1428154031","2482484941","1"
"2482484941","1428154031","1"
"1570229432","2100131446","8.82662"
"2100131446","1570229432","8.82662"
"1570229432","1744606427","0.25"
"1744606427","1570229432","0.25"
"1570229432","1979351689","1.20996"
"1979351689","1570229432","1.20996"
"1570229432","2184100576","1.87662"
"2184100576","1570229432","1.87662"
"1570229432","2294255467","0.45"
"2294255467","1570229432","0.45"
"1744606427","1979351689","0.25"
"1979351689","1744606427","0.25"
"1744606427","2184100576","0.25"
"2184100576","1744606427","0.25"
"1744606427","2294255467","1.25"
"2294255467","1744606427","1.25"
"1979351689","2184100576","5.50162"
"2184100576","1979351689","5.50162"
"1979351689","2294255467","0.25"
"2294255467","1979351689","0.25"
"2184100576","2294255467","0.25"
"2294255467","2184100576","0.25"
"1570229432","2012600829","12.2671"
"2012600829","1570229432","12.2671"
"2012600829","2100131446","4.1421"
"2100131446","2012600829","4.1421"
"1570229432","2049482281","1.33333"
"2049482281","1570229432","1.33333"
"1570229432","2253351249","1.87424"
"2253351249","1570229432","1.87424"
"2049482281","2100131446","4.58333"
"2100131446","2049482281","4.58333"
"2049482281","2253351249","6.58333"
"2253351249","2049482281","6.58333"
"2100131446","2253351249","1.37424"
"2253351249","2100131446","1.37424"
"1570229432","1585014875","0.709957"
"1585014875","1570229432","0.709957"
"1570229432","1608682798","1.15996"
"1608682798","1570229432","1.15996"
"1570229432","2138848067","1.70996"
"2138848067","1570229432","1.70996"
"1585014875","1608682798","0.959957"
"1608682798","1585014875","0.959957"
"1585014875","1979351689","1.33496"
"1979351689","1585014875","1.33496"
"1585014875","2012600829","0.358766"
"2012600829","1585014875","0.358766"
"1585014875","2100131446","0.501623"
"2100131446","1585014875","0.501623"
"1585014875","2138848067","0.751623"
"2138848067","1585014875","0.751623"
"1585014875","2184100576","1.00162"
"2184100576","1585014875","1.00162"
"1608682798","1979351689","0.709957"
"1979351689","1608682798","0.709957"
"1608682798","2012600829","0.683766"
"2012600829","1608682798","0.683766"
"1608682798","2100131446","0.826623"
"2100131446","1608682798","0.826623"
"1608682798","2138848067","2.62662"
"2138848067","1608682798","2.62662"
"1608682798","2184100576","0.376623"
"2184100576","1608682798","0.376623"
"1979351689","2012600829","0.608766"
"2012600829","1979351689","0.608766"
"1979351689","2100131446","0.501623"
"2100131446","1979351689","0.501623"
"1979351689","2138848067","1.00162"
"2138848067","1979351689","1.00162"
"2012600829","2138848067","1.1921"
"2138848067","2012600829","1.1921"
"2012600829","2184100576","1.10877"
"2184100576","2012600829","1.10877"
"2100131446","2138848067","1.83496"
"2138848067","2100131446","1.83496"
"2100131446","2184100576","0.501623"
"2184100576","2100131446","0.501623"
"2138848067","2184100576","1.00162"
"2184100576","2138848067","1.00162"
"1570229432","2101077949","1.40043"
"2101077949","1570229432","1.40043"
"2012600829","2101077949","1.38258"
"2101077949","2012600829","1.38258"
"1570229432","2114952996","0.0909091"
"2114952996","1570229432","0.0909091"
"1570229432","2141436530","1.00758"
"2141436530","1570229432","1.00758"
"1585014875","2101077949","0.358766"
"2101077949","1585014875","0.358766"
"1585014875","2114952996","0.0909091"
"2114952996","1585014875","0.0909091"
"1585014875","2141436530","0.0909091"
"2141436530","1585014875","0.0909091"
"1585014875","2253351249","0.0909091"
"2253351249","1585014875","0.0909091"
"1608682798","2101077949","0.233766"
"2101077949","1608682798","0.233766"
"1608682798","2114952996","0.0909091"
"2114952996","1608682798","0.0909091"
"1608682798","2141436530","0.0909091"
"2141436530","1608682798","0.0909091"
"1608682798","2253351249","0.290909"
"2253351249","1608682798","0.290909"
"1979351689","2101077949","0.358766"
"2101077949","1979351689","0.358766"
"1979351689","2114952996","0.0909091"
"2114952996","1979351689","0.0909091"
"1979351689","2141436530","0.0909091"
"2141436530","1979351689","0.0909091"
"1979351689","2253351249","0.340909"
"2253351249","1979351689","0.340909"
"2012600829","2114952996","0.0909091"
"2114952996","2012600829","0.0909091"
"2012600829","2141436530","0.757576"
"2141436530","2012600829","0.757576"
"2012600829","2253351249","0.957576"
"2253351249","2012600829","0.957576"
"2100131446","2101077949","1.02543"
"2101077949","2100131446","1.02543"
"2100131446","2114952996","1.09091"
"2114952996","2100131446","1.09091"
"2100131446","2141436530","0.757576"
"2141436530","2100131446","0.757576"
"2101077949","2114952996","0.0909091"
"2114952996","2101077949","0.0909091"
"2101077949","2138848067","1.35877"
"2138848067","2101077949","1.35877"
"2101077949","2141436530","0.257576"
"2141436530","2101077949","0.257576"
"2101077949","2184100576","0.358766"
"2184100576","2101077949","0.358766"
"2101077949","2253351249","0.757576"
"2253351249","2101077949","0.757576"
"2114952996","2138848067","0.0909091"
"2138848067","2114952996","0.0909091"
"2114952996","2141436530","0.0909091"
"2141436530","2114952996","0.0909091"
"2114952996","2184100576","0.0909091"
"2184100576","2114952996","0.0909091"
"2114952996","2253351249","0.0909091"
"2253351249","2114952996","0.0909091"
"2138848067","2141436530","1.09091"
"2141436530","2138848067","1.09091"
"2138848067","2253351249","0.0909091"
"2253351249","2138848067","0.0909091"
"2141436530","2184100576","0.0909091"
"2184100576","2141436530","0.0909091"
"2141436530","2253351249","0.757576"
"2253351249","2141436530","0.757576"
"2184100576","2253351249","0.340909"
"2253351249","2184100576","0.340909"
"1608682798","2294255467","0.45"
"2294255467","1608682798","0.45"
"2012600829","2294255467","0.2"
"2294255467","2012600829","0.2"
"2100131446","2294255467","0.2"
"2294255467","2100131446","0.2"
"2253351249","2294255467","0.2"
"2294255467","2253351249","0.2"
"1570229432","2036212408","0.333333"
"2036212408","1570229432","0.333333"
"2012600829","2036212408","0.333333"
"2036212408","2012600829","0.333333"
"2036212408","2100131446","0.333333"
"2100131446","2036212408","0.333333"
"2012600829","2049482281","0.416667"
"2049482281","2012600829","0.416667"
"2049482281","2101077949","1.16667"
"2101077949","2049482281","1.16667"
"2049482281","2141436530","0.666667"
"2141436530","2049482281","0.666667"
"1570229432","2158564933","0.5"
"2158564933","1570229432","0.5"
"1608682798","2158564933","0.25"
"2158564933","1608682798","0.25"
"2012600829","2158564933","0.25"
"2158564933","2012600829","0.25"
"2100131446","2158564933","0.25"
"2158564933","2100131446","0.25"
"2049482281","2158564933","0.25"
"2158564933","2049482281","0.25"
"2141436530","2158564933","0.25"
"2158564933","2141436530","0.25"
"2158564933","2253351249","0.25"
"2253351249","2158564933","0.25"
"1585014875","2036212408","0.25"
"2036212408","1585014875","0.25"
"1585014875","2294255467","0.25"
"2294255467","1585014875","0.25"
"1608682798","2036212408","0.25"
"2036212408","1608682798","0.25"
"2036212408","2138848067","0.25"
"2138848067","2036212408","0.25"
"2036212408","2294255467","0.25"
"2294255467","2036212408","0.25"
"2138848067","2294255467","0.25"
"2294255467","2138848067","0.25"
"1585014875","1969593469","0.125"
"1969593469","1585014875","0.125"
"1585014875","2917263721","0.125"
"2917263721","1585014875","0.125"
"1969593469","1979351689","0.125"
"1979351689","1969593469","0.125"
"1969593469","2012600829","0.125"
"2012600829","1969593469","0.125"
"1969593469","2100131446","0.125"
"2100131446","1969593469","0.125"
"1969593469","2101077949","0.125"
"2101077949","1969593469","0.125"
"1969593469","2138848067","0.125"
"2138848067","1969593469","0.125"
"1969593469","2184100576","0.125"
"2184100576","1969593469","0.125"
"1969593469","2917263721","0.125"
"2917263721","1969593469","0.125"
"1979351689","2917263721","0.125"
"2917263721","1979351689","0.125"
"2012600829","2917263721","0.125"
"2917263721","2012600829","0.125"
"2100131446","2917263721","0.125"
"2917263721","2100131446","0.125"
"2101077949","2917263721","0.125"
"2917263721","2101077949","0.125"
"2138848067","2917263721","0.125"
"2917263721","2138848067","0.125"
"2184100576","2917263721","0.125"
"2917263721","2184100576","0.125"
"1967899462","1983631607","6.79091"
"1983631607","1967899462","6.79091"
"1967899462","1983830972","0.415909"
"1983830972","1967899462","0.415909"
"1967899462","2034109986","0.415909"
"2034109986","1967899462","0.415909"
"1967899462","2084278640","0.415909"
"2084278640","1967899462","0.415909"
"1967899462","2091979577","0.315909"
"2091979577","1967899462","0.315909"
"1967899462","2109554916","2.91591"
"2109554916","1967899462","2.91591"
"1967899462","2118719784","0.415909"
"2118719784","1967899462","0.415909"
"1967899462","2136430857","0.190909"
"2136430857","1967899462","0.190909"
"1967899462","2295373235","0.190909"
"2295373235","1967899462","0.190909"
"1967899462","2778005203","0.190909"
"2778005203","1967899462","0.190909"
"1967899462","3013019166","0.315909"
"3013019166","1967899462","0.315909"
"1983631607","1983830972","0.433766"
"1983830972","1983631607","0.433766"
"1983631607","2034109986","1.43377"
"2034109986","1983631607","1.43377"
"1983631607","2084278640","0.433766"
"2084278640","1983631607","0.433766"
"1983631607","2091979577","0.357576"
"2091979577","1983631607","0.357576"
"1983631607","2109554916","2.79091"
"2109554916","1983631607","2.79091"
"1983631607","2118719784","0.691342"
"2118719784","1983631607","0.691342"
"1983631607","2136430857","0.333766"
"2136430857","1983631607","0.333766"
"1983631607","2295373235","0.333766"
"2295373235","1983631607","0.333766"
"1983631607","2778005203","0.333766"
"2778005203","1983631607","0.333766"
"1983631607","3013019166","0.357576"
"3013019166","1983631607","0.357576"
"1983830972","2034109986","3.26872"
"2034109986","1983830972","3.26872"
"1983830972","2084278640","3.71317"
"2084278640","1983830972","3.71317"
"1983830972","2091979577","1.91273"
"2091979577","1983830972","1.91273"
"1983830972","2109554916","0.415909"
"2109554916","1983830972","0.415909"
"1983830972","2118719784","3.03496"
"2118719784","1983830972","3.03496"
"1983830972","2136430857","1.00996"
"2136430857","1983830972","1.00996"
"1983830972","2295373235","0.333766"
"2295373235","1983830972","0.333766"
"1983830972","2778005203","1.01198"
"2778005203","1983830972","1.01198"
"1983830972","3013019166","3.33698"
"3013019166","1983830972","3.33698"
"2034109986","2084278640","1.93539"
"2084278640","2034109986","1.93539"
"2034109986","2091979577","0.934957"
"2091979577","2034109986","0.934957"
"2034109986","2109554916","0.415909"
"2109554916","2034109986","0.415909"
"2034109986","2118719784","1.78496"
"2118719784","2034109986","1.78496"
"2034109986","2136430857","1.55996"
"2136430857","2034109986","1.55996"
"2034109986","2295373235","0.333766"
"2295373235","2034109986","0.333766"
"2034109986","2778005203","2.4842"
"2778005203","2034109986","2.4842"
"2034109986","3013019166","1.3592"
"3013019166","2034109986","1.3592"
"2084278640","2091979577","1.54607"
"2091979577","2084278640","1.54607"
"2084278640","2109554916","0.415909"
"2109554916","2084278640","0.415909"
"2084278640","2118719784","2.03496"
"2118719784","2084278640","2.03496"
"2084278640","2136430857","0.476623"
"2136430857","2084278640","0.476623"
"2084278640","2295373235","0.333766"
"2295373235","2084278640","0.333766"
"2084278640","2778005203","1.01198"
"2778005203","2084278640","1.01198"
"2084278640","3013019166","1.63698"
"3013019166","2084278640","1.63698"
"2091979577","2109554916","0.315909"
"2109554916","2091979577","0.315909"
"2091979577","2118719784","1.12543"
"2118719784","2091979577","1.12543"
"2091979577","2136430857","0.909957"
"2136430857","2091979577","0.909957"
"2091979577","2295373235","0.0909091"
"2295373235","2091979577","0.0909091"
"2091979577","2778005203","2.1544"
"2778005203","2091979577","2.1544"
"2091979577","3013019166","43.1723"
"3013019166","2091979577","43.1723"
"2109554916","2118719784","0.415909"
"2118719784","2109554916","0.415909"
"2109554916","2136430857","0.190909"
"2136430857","2109554916","0.190909"
"2109554916","2295373235","0.190909"
"2295373235","2109554916","0.190909"
"2109554916","2778005203","0.190909"
"2778005203","2109554916","0.190909"
"2109554916","3013019166","0.315909"
"3013019166","2109554916","0.315909"
"2118719784","2136430857","0.583766"
"2136430857","2118719784","0.583766"
"2118719784","2295373235","0.333766"
"2295373235","2118719784","0.333766"
"2118719784","2778005203","0.750433"
"2778005203","2118719784","0.750433"
"2118719784","3013019166","1.12543"
"3013019166","2118719784","1.12543"
"2136430857","2295373235","0.333766"
"2295373235","2136430857","0.333766"
"2136430857","2778005203","1.20281"
"2778005203","2136430857","1.20281"
"2136430857","3013019166","1.57662"
"3013019166","2136430857","1.57662"
"2295373235","2778005203","0.583766"
"2778005203","2295373235","0.583766"
"2295373235","3013019166","0.0909091"
"3013019166","2295373235","0.0909091"
"2778005203","3013019166","4.24531"
"3013019166","2778005203","4.24531"
"1967899462","1994660945","0.1"
"1994660945","1967899462","0.1"
"1967899462","2064161267","0.1"
"2064161267","1967899462","0.1"
"1983631607","1994660945","0.190909"
"1994660945","1983631607","0.190909"
"1983631607","2064161267","0.266667"
"2064161267","1983631607","0.266667"
"1983830972","1994660945","0.1"
"1994660945","1983830972","0.1"
"1983830972","2064161267","0.978211"
"2064161267","1983830972","0.978211"
"1994660945","2034109986","0.1"
"2034109986","1994660945","0.1"
"1994660945","2064161267","1.1"
"2064161267","1994660945","1.1"
"1994660945","2084278640","0.1"
"2084278640","1994660945","0.1"
"1994660945","2091979577","0.1"
"2091979577","1994660945","0.1"
"1994660945","2109554916","0.1"
"2109554916","1994660945","0.1"
"1994660945","2118719784","0.190909"
"2118719784","1994660945","0.190909"
"1994660945","3013019166","0.1"
"3013019166","1994660945","0.1"
"2034109986","2064161267","1.00043"
"2064161267","2034109986","1.00043"
"2064161267","2084278640","1.11154"
"2084278640","2064161267","1.11154"
"2064161267","2091979577","11.4802"
"2091979577","2064161267","11.4802"
"2064161267","2109554916","0.1"
"2109554916","2064161267","0.1"
"2064161267","2118719784","0.742857"
"2118719784","2064161267","0.742857"
"2064161267","3013019166","11.9044"
"3013019166","2064161267","11.9044"
"1967899462","2158685633","0.125"
"2158685633","1967899462","0.125"
"1983830972","2158685633","0.402778"
"2158685633","1983830972","0.402778"
"2034109986","2158685633","0.291667"
"2158685633","2034109986","0.291667"
"2084278640","2158685633","0.402778"
"2158685633","2084278640","0.402778"
"2091979577","2158685633","1.06944"
"2158685633","2091979577","1.06944"
"2109554916","2158685633","0.125"
"2158685633","2109554916","0.125"
"2118719784","2158685633","0.125"
"2158685633","2118719784","0.125"
"2158685633","3013019166","1.90278"
"3013019166","2158685633","1.90278"
"1967899462","2944078752","0.1"
"2944078752","1967899462","0.1"
"1983631607","2944078752","0.190909"
"2944078752","1983631607","0.190909"
"1983830972","2944078752","0.609524"
"2944078752","1983830972","0.609524"
"2034109986","2944078752","0.992857"
"2944078752","2034109986","0.992857"
"2084278640","2944078752","0.409524"
"2944078752","2084278640","0.409524"
"2109554916","2944078752","0.1"
"2944078752","2109554916","0.1"
"2118719784","2944078752","0.440909"
"2944078752","2118719784","0.440909"
"2136430857","2944078752","0.835714"
"2944078752","2136430857","0.835714"
"2295373235","2944078752","0.35"
"2944078752","2295373235","0.35"
"2778005203","2944078752","5.83016"
"2944078752","2778005203","5.83016"
"1977603982","1983631607","0.0909091"
"1983631607","1977603982","0.0909091"
"1977603982","1994660945","0.0909091"
"1994660945","1977603982","0.0909091"
"1977603982","2118719784","0.0909091"
"2118719784","1977603982","0.0909091"
"1977603982","2482484941","0.290909"
"2482484941","1977603982","0.290909"
"1977603982","2883684507","0.0909091"
"2883684507","1977603982","0.0909091"
"1977603982","2884676962","0.0909091"
"2884676962","1977603982","0.0909091"
"1977603982","2889496106","0.181818"
"2889496106","1977603982","0.181818"
"1977603982","2944078752","0.424242"
"2944078752","1977603982","0.424242"
"1977603982","2952674689","0.0909091"
"2952674689","1977603982","0.0909091"
"1983631607","2482484941","0.0909091"
"2482484941","1983631607","0.0909091"
"1983631607","2835181743","0.0909091"
"2835181743","1983631607","0.0909091"
"1983631607","2883684507","0.257576"
"2883684507","1983631607","0.257576"
"1983631607","2884676962","0.0909091"
"2884676962","1983631607","0.0909091"
"1983631607","2889496106","0.0909091"
"2889496106","1983631607","0.0909091"
"1983631607","2949310225","0.0909091"
"2949310225","1983631607","0.0909091"
"1983631607","2952674689","0.0909091"
"2952674689","1983631607","0.0909091"
"1994660945","2482484941","0.0909091"
"2482484941","1994660945","0.0909091"
"1994660945","2835181743","0.340909"
"2835181743","1994660945","0.340909"
"1994660945","2883684507","0.0909091"
"2883684507","1994660945","0.0909091"
"1994660945","2884676962","0.0909091"
"2884676962","1994660945","0.0909091"
"1994660945","2889496106","0.340909"
"2889496106","1994660945","0.340909"
"1994660945","2944078752","0.0909091"
"2944078752","1994660945","0.0909091"
"1994660945","2949310225","0.0909091"
"2949310225","1994660945","0.0909091"
"1994660945","2952674689","0.0909091"
"2952674689","1994660945","0.0909091"
"2118719784","2482484941","0.0909091"
"2482484941","2118719784","0.0909091"
"2118719784","2835181743","0.0909091"
"2835181743","2118719784","0.0909091"
"2118719784","2883684507","0.257576"
"2883684507","2118719784","0.257576"
"2118719784","2884676962","0.0909091"
"2884676962","2118719784","0.0909091"
"2118719784","2889496106","0.0909091"
"2889496106","2118719784","0.0909091"
"2118719784","2949310225","0.0909091"
"2949310225","2118719784","0.0909091"
"2118719784","2952674689","0.0909091"
"2952674689","2118719784","0.0909091"
"2482484941","2835181743","0.40202"
"2835181743","2482484941","0.40202"
"2482484941","2883684507","0.20202"
"2883684507","2482484941","0.20202"
"2482484941","2884676962","0.20202"
"2884676962","2482484941","0.20202"
"2482484941","2889496106","0.20202"
"2889496106","2482484941","0.20202"
"2482484941","2944078752","0.20202"
"2944078752","2482484941","0.20202"
"2482484941","2949310225","0.290909"
"2949310225","2482484941","0.290909"
"2482484941","2952674689","0.20202"
"2952674689","2482484941","0.20202"
"2835181743","2889496106","1.70202"
"2889496106","2835181743","1.70202"
"2835181743","2944078752","0.20202"
"2944078752","2835181743","0.20202"
"2835181743","2952674689","0.20202"
"2952674689","2835181743","0.20202"
"2883684507","2889496106","0.70202"
"2889496106","2883684507","0.70202"
"2883684507","2944078752","0.20202"
"2944078752","2883684507","0.20202"
"2883684507","2949310225","0.0909091"
"2949310225","2883684507","0.0909091"
"2883684507","2952674689","1.15202"
"2952674689","2883684507","1.15202"
"2884676962","2889496106","0.20202"
"2889496106","2884676962","0.20202"
"2884676962","2944078752","0.20202"
"2944078752","2884676962","0.20202"
"2884676962","2949310225","0.0909091"
"2949310225","2884676962","0.0909091"
"2884676962","2952674689","7.98535"
"2952674689","2884676962","7.98535"
"2889496106","2944078752","0.20202"
"2944078752","2889496106","0.20202"
"2889496106","2949310225","0.0909091"
"2949310225","2889496106","0.0909091"
"2889496106","2952674689","0.20202"
"2952674689","2889496106","0.20202"
"2944078752","2949310225","0.0909091"
"2949310225","2944078752","0.0909091"
"2944078752","2952674689","0.20202"
"2952674689","2944078752","0.20202"
"2949310225","2952674689","0.0909091"
"2952674689","2949310225","0.0909091"
"1977603982","2091979577","0.333333"
"2091979577","1977603982","0.333333"
"1977603982","3013019166","0.424242"
"3013019166","1977603982","0.424242"
"2091979577","2944078752","1.15238"
"2944078752","2091979577","1.15238"
"2944078752","3013019166","1.15238"
"3013019166","2944078752","1.15238"
"1977603982","2621351305","1.09091"
"2621351305","1977603982","1.09091"
"1977603982","2155338656","0.2"
"2155338656","1977603982","0.2"
"1977603982","3015905887","0.290909"
"3015905887","1977603982","0.290909"
"2155338656","2482484941","0.2"
"2482484941","2155338656","0.2"
"2155338656","2835181743","0.2"
"2835181743","2155338656","0.2"
"2155338656","2949310225","0.2"
"2949310225","2155338656","0.2"
"2155338656","3015905887","0.733333"
"3015905887","2155338656","0.733333"
"2482484941","3015905887","0.2"
"3015905887","2482484941","0.2"
"2949310225","3015905887","0.2"
"3015905887","2949310225","0.2"
"1977603982","2760242056","1.75758"
"2760242056","1977603982","1.75758"
"2301873223","2760242056","0.666667"
"2760242056","2301873223","0.666667"
"1977603982","1983830972","0.0909091"
"1983830972","1977603982","0.0909091"
"1977603982","2034109986","0.0909091"
"2034109986","1977603982","0.0909091"
"1977603982","2064161267","0.0909091"
"2064161267","1977603982","0.0909091"
"1977603982","2084278640","0.0909091"
"2084278640","1977603982","0.0909091"
"1977603982","2127424938","0.424242"
"2127424938","1977603982","0.424242"
"1977603982","2778005203","0.0909091"
"2778005203","1977603982","0.0909091"
"1983830972","2127424938","0.0909091"
"2127424938","1983830972","0.0909091"
"1983830972","2621351305","0.0909091"
"2621351305","1983830972","0.0909091"
"1983830972","2760242056","0.20202"
"2760242056","1983830972","0.20202"
"1983830972","2889496106","0.0909091"
"2889496106","1983830972","0.0909091"
"1983830972","3015905887","0.844877"
"3015905887","1983830972","0.844877"
"2034109986","2127424938","0.0909091"
"2127424938","2034109986","0.0909091"
"2034109986","2621351305","0.0909091"
"2621351305","2034109986","0.0909091"
"2034109986","2760242056","0.0909091"
"2760242056","2034109986","0.0909091"
"2034109986","2889496106","0.0909091"
"2889496106","2034109986","0.0909091"
"2034109986","3015905887","0.233766"
"3015905887","2034109986","0.233766"
"2064161267","2127424938","0.290909"
"2127424938","2064161267","0.290909"
"2064161267","2621351305","0.0909091"
"2621351305","2064161267","0.0909091"
"2064161267","2760242056","1.01154"
"2760242056","2064161267","1.01154"
"2064161267","2778005203","2.51154"
"2778005203","2064161267","2.51154"
"2064161267","2889496106","0.0909091"
"2889496106","2064161267","0.0909091"
"2064161267","3015905887","2.6044"
"3015905887","2064161267","2.6044"
"2084278640","2127424938","0.0909091"
"2127424938","2084278640","0.0909091"
"2084278640","2621351305","0.0909091"
"2621351305","2084278640","0.0909091"
"2084278640","2760242056","0.20202"
"2760242056","2084278640","0.20202"
"2084278640","2889496106","0.0909091"
"2889496106","2084278640","0.0909091"
"2084278640","3015905887","0.344877"
"3015905887","2084278640","0.344877"
"2127424938","2621351305","0.0909091"
"2621351305","2127424938","0.0909091"
"2127424938","2760242056","0.424242"
"2760242056","2127424938","0.424242"
"2127424938","2778005203","0.0909091"
"2778005203","2127424938","0.0909091"
"2127424938","2889496106","0.0909091"
"2889496106","2127424938","0.0909091"
"2127424938","3013019166","0.290909"
"3013019166","2127424938","0.290909"
"2127424938","3015905887","1.62424"
"3015905887","2127424938","1.62424"
"2621351305","2760242056","0.0909091"
"2760242056","2621351305","0.0909091"
"2621351305","2778005203","0.0909091"
"2778005203","2621351305","0.0909091"
"2621351305","2889496106","0.0909091"
"2889496106","2621351305","0.0909091"
"2621351305","3013019166","0.0909091"
"3013019166","2621351305","0.0909091"
"2621351305","3015905887","0.0909091"
"3015905887","2621351305","0.0909091"
"2760242056","2778005203","0.344877"
"2778005203","2760242056","0.344877"
"2760242056","2889496106","0.340909"
"2889496106","2760242056","0.340909"
"2760242056","3013019166","1.51154"
"3013019166","2760242056","1.51154"
"2778005203","2889496106","0.20202"
"2889496106","2778005203","0.20202"
"2778005203","3015905887","1.76154"
"3015905887","2778005203","1.76154"
"2889496106","3013019166","0.0909091"
"3013019166","2889496106","0.0909091"
"2889496106","3015905887","1.42424"
"3015905887","2889496106","1.42424"
"3013019166","3015905887","1.93773"
"3015905887","3013019166","1.93773"
"2127424938","2301873223","0.333333"
"2301873223","2127424938","0.333333"
"1979351689","2158564933","0.5"
"2158564933","1979351689","0.5"
"2138848067","2158564933","1.5"
"2158564933","2138848067","1.5"
"1983631607","3015905887","0.166667"
"3015905887","1983631607","0.166667"
"2064161267","2883684507","0.166667"
"2883684507","2064161267","0.166667"
"2091979577","2883684507","0.666667"
"2883684507","2091979577","0.666667"
"2091979577","3015905887","1.51349"
"3015905887","2091979577","1.51349"
"2118719784","3015905887","0.309524"
"3015905887","2118719784","0.309524"
"2883684507","3013019166","0.666667"
"3013019166","2883684507","0.666667"
"1983830972","2155338656","0.5"
"2155338656","1983830972","0.5"
"1983830972","2804829706","0.5"
"2804829706","1983830972","0.5"
"2155338656","2804829706","0.5"
"2804829706","2155338656","0.5"
"2064161267","2944078752","0.67619"
"2944078752","2064161267","0.67619"
"1983830972","2125733548","0.111111"
"2125733548","1983830972","0.111111"
"2064161267","2125733548","0.611111"
"2125733548","2064161267","0.611111"
"2064161267","2158685633","0.444444"
"2158685633","2064161267","0.444444"
"2084278640","2125733548","0.111111"
"2125733548","2084278640","0.111111"
"2091979577","2125733548","0.944444"
"2125733548","2091979577","0.944444"
"2091979577","2760242056","1.42063"
"2760242056","2091979577","1.42063"
"2125733548","2158685633","2.11111"
"2158685633","2125733548","2.11111"
"2125733548","2760242056","0.111111"
"2760242056","2125733548","0.111111"
"2125733548","2778005203","0.944444"
"2778005203","2125733548","0.944444"
"2125733548","3013019166","2.11111"
"3013019166","2125733548","2.11111"
"2125733548","3015905887","1.11111"
"3015905887","2125733548","1.11111"
"2158685633","2760242056","0.111111"
"2760242056","2158685633","0.111111"
"2158685633","2778005203","0.611111"
"2778005203","2158685633","0.611111"
"2158685633","3015905887","0.111111"
"3015905887","2158685633","0.111111"
"2064161267","2136430857","0.842857"
"2136430857","2064161267","0.842857"
"1983830972","2883684507","0.5"
"2883684507","1983830972","0.5"
"1985112672","2153759057","3"
"2153759057","1985112672","3"
"1994660945","2125733548","0.25"
"2125733548","1994660945","0.25"
"1994660945","2295373235","0.25"
"2295373235","1994660945","0.25"
"2125733548","2295373235","0.25"
"2295373235","2125733548","0.25"
"2125733548","2835181743","0.25"
"2835181743","2125733548","0.25"
"2125733548","2889496106","0.25"
"2889496106","2125733548","0.25"
"2295373235","2889496106","0.583333"
"2889496106","2295373235","0.583333"
"1994660945","2022788640","0.5"
"2022788640","1994660945","0.5"
"1994660945","2621351305","0.5"
"2621351305","1994660945","0.5"
"2022788640","2621351305","0.5"
"2621351305","2022788640","0.5"
"2050629843","2114952996","0.5"
"2114952996","2050629843","0.5"
"2050629843","2153759057","0.5"
"2153759057","2050629843","0.5"
"2114952996","2153759057","0.5"
"2153759057","2114952996","0.5"
"2064161267","2795252046","0.25"
"2795252046","2064161267","0.25"
"2091979577","2795252046","0.416667"
"2795252046","2091979577","0.416667"
"2795252046","3013019166","1.41667"
"3013019166","2795252046","1.41667"
"2795252046","3015905887","2.75"
"3015905887","2795252046","2.75"
"2125733548","2944078752","0.166667"
"2944078752","2125733548","0.166667"
"2158685633","2944078752","0.166667"
"2944078752","2158685633","0.166667"
"2064161267","2155338656","0.2"
"2155338656","2064161267","0.2"
"2091979577","2127424938","0.2"
"2127424938","2091979577","0.2"
"2091979577","2155338656","0.2"
"2155338656","2091979577","0.2"
"2127424938","2155338656","15.0333"
"2155338656","2127424938","15.0333"
"2155338656","3013019166","0.2"
"3013019166","2155338656","0.2"
"2136430857","2760242056","0.142857"
"2760242056","2136430857","0.142857"
"2136430857","3015905887","0.142857"
"3015905887","2136430857","0.142857"
"2760242056","2944078752","0.142857"
"2944078752","2760242056","0.142857"
"2944078752","3015905887","1.39286"
"3015905887","2944078752","1.39286"
"2064161267","2835181743","0.333333"
"2835181743","2064161267","0.333333"
"2778005203","2835181743","0.444444"
"2835181743","2778005203","0.444444"
"2125733548","2136430857","2.66667"
"2136430857","2125733548","2.66667"
"2091979577","2551905807","0.333333"
"2551905807","2091979577","0.333333"
"2551905807","3013019166","0.333333"
"3013019166","2551905807","0.333333"
"2091979577","2884676962","0.166667"
"2884676962","2091979577","0.166667"
"2091979577","2952674689","0.166667"
"2952674689","2091979577","0.166667"
"2795252046","2883684507","0.166667"
"2883684507","2795252046","0.166667"
"2795252046","2884676962","0.5"
"2884676962","2795252046","0.5"
"2795252046","2952674689","0.5"
"2952674689","2795252046","0.5"
"2884676962","3013019166","0.166667"
"3013019166","2884676962","0.166667"
"2952674689","3013019166","0.166667"
"3013019166","2952674689","0.166667"
"2952674689","3015905887","1.53333"
"3015905887","2952674689","1.53333"
"2101077949","2146343279","1"
"2146343279","2101077949","1"
"2110472757","2146343279","0.5"
"2146343279","2110472757","0.5"
"2110472757","2155338656","0.5"
"2155338656","2110472757","0.5"
"2146343279","2155338656","0.5"
"2155338656","2146343279","0.5"
"2110472757","2114952996","1"
"2114952996","2110472757","1"
"2114952996","2804829706","1"
"2804829706","2114952996","1"
"2127424938","2883478128","0.5"
"2883478128","2127424938","0.5"
"2155338656","2883478128","0.5"
"2883478128","2155338656","0.5"
"2127424938","2883684507","0.333333"
"2883684507","2127424938","0.333333"
"2155338656","2883684507","0.333333"
"2883684507","2155338656","0.333333"
"2146343279","2944078752","1"
"2944078752","2146343279","1"
"2295373235","2883684507","1"
"2883684507","2295373235","1"
"2295373235","3015905887","1.58333"
"3015905887","2295373235","1.58333"
"2295373235","2794319255","0.333333"
"2794319255","2295373235","0.333333"
"2794319255","2889496106","3.08333"
"2889496106","2794319255","3.08333"
"2794319255","3015905887","0.333333"
"3015905887","2794319255","0.333333"
"2295373235","2883478128","0.25"
"2883478128","2295373235","0.25"
"2778005203","2883478128","0.361111"
"2883478128","2778005203","0.361111"
"2883478128","2944078752","0.361111"
"2944078752","2883478128","0.361111"
"2295373235","2795252046","1"
"2795252046","2295373235","1"
"2332929663","2795252046","1"
"2795252046","2332929663","1"
"2332929663","2950479995","0.25"
"2950479995","2332929663","0.25"
"2482484941","2778005203","0.111111"
"2778005203","2482484941","0.111111"
"2482484941","2883478128","0.111111"
"2883478128","2482484941","0.111111"
"2482484941","2950479995","0.111111"
"2950479995","2482484941","0.111111"
"2778005203","2883684507","0.111111"
"2883684507","2778005203","0.111111"
"2778005203","2884676962","0.111111"
"2884676962","2778005203","0.111111"
"2778005203","2950479995","0.111111"
"2950479995","2778005203","0.111111"
"2778005203","2952674689","0.111111"
"2952674689","2778005203","0.111111"
"2883478128","2889496106","0.111111"
"2889496106","2883478128","0.111111"
"2883478128","2952674689","0.561111"
"2952674689","2883478128","0.561111"
"2883684507","2950479995","0.894444"
"2950479995","2883684507","0.894444"
"2884676962","2950479995","0.561111"
"2950479995","2884676962","0.561111"
"2889496106","2950479995","0.111111"
"2950479995","2889496106","0.111111"
"2944078752","2950479995","0.111111"
"2950479995","2944078752","0.111111"
"2950479995","2952674689","0.561111"
"2952674689","2950479995","0.561111"
"2760242056","2794319255","0.25"
"2794319255","2760242056","0.25"
"2760242056","2795252046","0.25"
"2795252046","2760242056","0.25"
"2794319255","2795252046","0.25"
"2795252046","2794319255","0.25"
"2794319255","2835181743","0.25"
"2835181743","2794319255","0.25"
"2795252046","2835181743","0.25"
"2835181743","2795252046","0.25"
"2795252046","2889496106","0.25"
"2889496106","2795252046","0.25"
"2794319255","2867528916","0.5"
"2867528916","2794319255","0.5"
"2795252046","2804829706","1"
"2804829706","2795252046","1"
"2867528916","2883684507","0.5"
"2883684507","2867528916","0.5"
"2950479995","3015905887","0.533333"
"3015905887","2950479995","0.533333"
