"104468089","2061493612","4.5631"
"2061493612","104468089","4.5631"
"104468089","2082298790","0.5"
"2082298790","104468089","0.5"
"104468089","2142165782","0.5"
"2142165782","104468089","0.5"
"2082298790","2142165782","0.5"
"2142165782","2082298790","0.5"
"104468089","13626619","0.238095"
"13626619","104468089","0.238095"
"104468089","1622091876","0.238095"
"1622091876","104468089","0.238095"
"104468089","2036983256","0.238095"
"2036983256","104468089","0.238095"
"104468089","2512604959","0.166667"
"2512604959","104468089","0.166667"
"104468089","51320379","0.238095"
"51320379","104468089","0.238095"
"13626619","1622091876","7.62589"
"1622091876","13626619","7.62589"
"13626619","2036983256","10.5247"
"2036983256","13626619","10.5247"
"13626619","2061493612","0.238095"
"2061493612","13626619","0.238095"
"13626619","2512604959","0.194444"
"2512604959","13626619","0.194444"
"13626619","51320379","7.29256"
"51320379","13626619","7.29256"
"1622091876","2036983256","8.70208"
"2036983256","1622091876","8.70208"
"1622091876","2061493612","0.238095"
"2061493612","1622091876","0.238095"
"1622091876","2512604959","0.256944"
"2512604959","1622091876","0.256944"
"1622091876","51320379","26.0324"
"51320379","1622091876","26.0324"
"2036983256","2061493612","0.238095"
"2061493612","2036983256","0.238095"
"2036983256","2512604959","0.194444"
"2512604959","2036983256","0.194444"
"2036983256","51320379","8.36875"
"51320379","2036983256","8.36875"
"2061493612","2512604959","0.166667"
"2512604959","2061493612","0.166667"
"2061493612","51320379","0.238095"
"51320379","2061493612","0.238095"
"2512604959","51320379","0.256944"
"51320379","2512604959","0.256944"
"104468089","1884187725","0.0714286"
"1884187725","104468089","0.0714286"
"104468089","1978916961","0.0714286"
"1978916961","104468089","0.0714286"
"104468089","2007736891","0.0714286"
"2007736891","104468089","0.0714286"
"104468089","2023632444","0.0714286"
"2023632444","104468089","0.0714286"
"104468089","2080218133","0.271429"
"2080218133","104468089","0.271429"
"104468089","2082303393","0.196429"
"2082303393","104468089","0.196429"
"104468089","2147704287","0.271429"
"2147704287","104468089","0.271429"
"104468089","2157799830","0.0714286"
"2157799830","104468089","0.0714286"
"104468089","2161087525","0.571429"
"2161087525","104468089","0.571429"
"13626619","1884187725","0.305195"
"1884187725","13626619","0.305195"
"13626619","1978916961","0.214286"
"1978916961","13626619","0.214286"
"13626619","2007736891","0.0714286"
"2007736891","13626619","0.0714286"
"13626619","2023632444","0.214286"
"2023632444","13626619","0.214286"
"13626619","2080218133","0.0714286"
"2080218133","13626619","0.0714286"
"13626619","2082303393","5.26518"
"2082303393","13626619","5.26518"
"13626619","2147704287","0.347744"
"2147704287","13626619","0.347744"
"13626619","2157799830","0.714286"
"2157799830","13626619","0.714286"
"13626619","2161087525","0.162338"
"2161087525","13626619","0.162338"
"1622091876","1884187725","0.471861"
"1884187725","1622091876","0.471861"
"1622091876","1978916961","0.214286"
"1978916961","1622091876","0.214286"
"1622091876","2007736891","0.0714286"
"2007736891","1622091876","0.0714286"
"1622091876","2023632444","0.214286"
"2023632444","1622091876","0.214286"
"1622091876","2080218133","0.133929"
"2080218133","1622091876","0.133929"
"1622091876","2082303393","4.50923"
"2082303393","1622091876","4.50923"
"1622091876","2147704287","0.410244"
"2147704287","1622091876","0.410244"
"1622091876","2157799830","0.814286"
"2157799830","1622091876","0.814286"
"1622091876","2161087525","0.204004"
"2161087525","1622091876","0.204004"
"1884187725","1978916961","0.0714286"
"1978916961","1884187725","0.0714286"
"1884187725","2007736891","0.196429"
"2007736891","1884187725","0.196429"
"1884187725","2023632444","0.196429"
"2023632444","1884187725","0.196429"
"1884187725","2036983256","0.805195"
"2036983256","1884187725","0.805195"
"1884187725","2061493612","0.0714286"
"2061493612","1884187725","0.0714286"
"1884187725","2080218133","0.171429"
"2080218133","1884187725","0.171429"
"1884187725","2082303393","0.783983"
"2082303393","1884187725","0.783983"
"1884187725","2147704287","0.0714286"
"2147704287","1884187725","0.0714286"
"1884187725","2157799830","0.0714286"
"2157799830","1884187725","0.0714286"
"1884187725","2161087525","0.162338"
"2161087525","1884187725","0.162338"
"1884187725","51320379","0.805195"
"51320379","1884187725","0.805195"
"1978916961","2007736891","0.0714286"
"2007736891","1978916961","0.0714286"
"1978916961","2023632444","0.0714286"
"2023632444","1978916961","0.0714286"
"1978916961","2036983256","0.0714286"
"2036983256","1978916961","0.0714286"
"1978916961","2061493612","0.0714286"
"2061493612","1978916961","0.0714286"
"1978916961","2080218133","0.0714286"
"2080218133","1978916961","0.0714286"
"1978916961","2082303393","0.0714286"
"2082303393","1978916961","0.0714286"
"1978916961","2147704287","0.0714286"
"2147704287","1978916961","0.0714286"
"1978916961","2157799830","0.0714286"
"2157799830","1978916961","0.0714286"
"1978916961","2161087525","0.0714286"
"2161087525","1978916961","0.0714286"
"1978916961","51320379","0.214286"
"51320379","1978916961","0.214286"
"2007736891","2023632444","3.22976"
"2023632444","2007736891","3.22976"
"2007736891","2036983256","0.0714286"
"2036983256","2007736891","0.0714286"
"2007736891","2061493612","0.0714286"
"2061493612","2007736891","0.0714286"
"2007736891","2080218133","0.104762"
"2080218133","2007736891","0.104762"
"2007736891","2082303393","0.0714286"
"2082303393","2007736891","0.0714286"
"2007736891","2147704287","0.104762"
"2147704287","2007736891","0.104762"
"2007736891","2157799830","0.0714286"
"2157799830","2007736891","0.0714286"
"2007736891","2161087525","0.0714286"
"2161087525","2007736891","0.0714286"
"2007736891","51320379","0.0714286"
"51320379","2007736891","0.0714286"
"2023632444","2036983256","0.214286"
"2036983256","2023632444","0.214286"
"2023632444","2061493612","0.0714286"
"2061493612","2023632444","0.0714286"
"2023632444","2080218133","0.247619"
"2080218133","2023632444","0.247619"
"2023632444","2082303393","0.0714286"
"2082303393","2023632444","0.0714286"
"2023632444","2147704287","0.247619"
"2147704287","2023632444","0.247619"
"2023632444","2157799830","0.0714286"
"2157799830","2023632444","0.0714286"
"2023632444","2161087525","0.0714286"
"2161087525","2023632444","0.0714286"
"2023632444","51320379","0.214286"
"51320379","2023632444","0.214286"
"2036983256","2080218133","0.0714286"
"2080218133","2036983256","0.0714286"
"2036983256","2082303393","5.21756"
"2082303393","2036983256","5.21756"
"2036983256","2147704287","0.222744"
"2147704287","2036983256","0.222744"
"2036983256","2157799830","0.814286"
"2157799830","2036983256","0.814286"
"2036983256","2161087525","0.204004"
"2161087525","2036983256","0.204004"
"2061493612","2080218133","0.271429"
"2080218133","2061493612","0.271429"
"2061493612","2082303393","0.196429"
"2082303393","2061493612","0.196429"
"2061493612","2147704287","0.271429"
"2147704287","2061493612","0.271429"
"2061493612","2157799830","0.0714286"
"2157799830","2061493612","0.0714286"
"2061493612","2161087525","0.0714286"
"2161087525","2061493612","0.0714286"
"2080218133","2082303393","0.171429"
"2082303393","2080218133","0.171429"
"2080218133","2147704287","1.86131"
"2147704287","2080218133","1.86131"
"2080218133","2157799830","0.339286"
"2157799830","2080218133","0.339286"
"2080218133","2161087525","0.0714286"
"2161087525","2080218133","0.0714286"
"2080218133","51320379","0.133929"
"51320379","2080218133","0.133929"
"2082303393","2147704287","0.333855"
"2147704287","2082303393","0.333855"
"2082303393","2157799830","1.03929"
"2157799830","2082303393","1.03929"
"2082303393","2161087525","0.162338"
"2161087525","2082303393","0.162338"
"2082303393","51320379","3.81875"
"51320379","2082303393","3.81875"
"2147704287","2157799830","0.339286"
"2157799830","2147704287","0.339286"
"2147704287","2161087525","0.0714286"
"2161087525","2147704287","0.0714286"
"2147704287","51320379","0.410244"
"51320379","2147704287","0.410244"
"2157799830","2161087525","0.0714286"
"2161087525","2157799830","0.0714286"
"2157799830","51320379","0.814286"
"51320379","2157799830","0.814286"
"2161087525","51320379","0.204004"
"51320379","2161087525","0.204004"
"104468089","1557641222","0.125"
"1557641222","104468089","0.125"
"104468089","1569242436","0.125"
"1569242436","104468089","0.125"
"104468089","2123760353","0.125"
"2123760353","104468089","0.125"
"104468089","2125846141","0.125"
"2125846141","104468089","0.125"
"104468089","2126801635","0.125"
"2126801635","104468089","0.125"
"104468089","2134062730","0.125"
"2134062730","104468089","0.125"
"1557641222","1569242436","0.160714"
"1569242436","1557641222","0.160714"
"1557641222","2061493612","0.125"
"2061493612","1557641222","0.125"
"1557641222","2082303393","0.501526"
"2082303393","1557641222","0.501526"
"1557641222","2123760353","1.15278"
"2123760353","1557641222","1.15278"
"1557641222","2125846141","0.160714"
"2125846141","1557641222","0.160714"
"1557641222","2126801635","0.125"
"2126801635","1557641222","0.125"
"1557641222","2134062730","0.125"
"2134062730","1557641222","0.125"
"1569242436","2061493612","0.125"
"2061493612","1569242436","0.125"
"1569242436","2082303393","0.549151"
"2082303393","1569242436","0.549151"
"1569242436","2123760353","0.125"
"2123760353","1569242436","0.125"
"1569242436","2125846141","1.87284"
"2125846141","1569242436","1.87284"
"1569242436","2126801635","0.875"
"2126801635","1569242436","0.875"
"1569242436","2134062730","0.875"
"2134062730","1569242436","0.875"
"2061493612","2123760353","0.125"
"2123760353","2061493612","0.125"
"2061493612","2125846141","0.125"
"2125846141","2061493612","0.125"
"2061493612","2126801635","0.125"
"2126801635","2061493612","0.125"
"2061493612","2134062730","0.125"
"2134062730","2061493612","0.125"
"2082303393","2123760353","0.152778"
"2123760353","2082303393","0.152778"
"2082303393","2125846141","0.206169"
"2125846141","2082303393","0.206169"
"2082303393","2126801635","0.81859"
"2126801635","2082303393","0.81859"
"2082303393","2134062730","0.741667"
"2134062730","2082303393","0.741667"
"2123760353","2125846141","0.125"
"2125846141","2123760353","0.125"
"2123760353","2126801635","0.125"
"2126801635","2123760353","0.125"
"2123760353","2134062730","0.125"
"2134062730","2123760353","0.125"
"2125846141","2126801635","0.125"
"2126801635","2125846141","0.125"
"2125846141","2134062730","0.125"
"2134062730","2125846141","0.125"
"2126801635","2134062730","6.06667"
"2134062730","2126801635","6.06667"
"104468089","35540748","0.5"
"35540748","104468089","0.5"
"2161087525","35540748","0.5"
"35540748","2161087525","0.5"
"104468089","1970799501","0.2"
"1970799501","104468089","0.2"
"104468089","2088383138","0.2"
"2088383138","104468089","0.2"
"1970799501","2061493612","0.2"
"2061493612","1970799501","0.2"
"1970799501","2080218133","2.28988"
"2080218133","1970799501","2.28988"
"1970799501","2088383138","5.71317"
"2088383138","1970799501","5.71317"
"1970799501","2147704287","2.87731"
"2147704287","1970799501","2.87731"
"2061493612","2088383138","0.2"
"2088383138","2061493612","0.2"
"2080218133","2088383138","1.25655"
"2088383138","2080218133","1.25655"
"2088383138","2147704287","2.19266"
"2147704287","2088383138","2.19266"
"105161789","1492986554","0.245455"
"1492986554","105161789","0.245455"
"105161789","2056871911","0.850613"
"2056871911","105161789","0.850613"
"105161789","2083622444","0.555159"
"2083622444","105161789","0.555159"
"105161789","2084933403","0.578788"
"2084933403","105161789","0.578788"
"105161789","2117101918","0.2"
"2117101918","105161789","0.2"
"1492986554","2056871911","0.245455"
"2056871911","1492986554","0.245455"
"1492986554","2083622444","0.352778"
"2083622444","1492986554","0.352778"
"1492986554","2084933403","16.9578"
"2084933403","1492986554","16.9578"
"1492986554","2117101918","0.2"
"2117101918","1492986554","0.2"
"2056871911","2083622444","0.555159"
"2083622444","2056871911","0.555159"
"2056871911","2084933403","0.245455"
"2084933403","2056871911","0.245455"
"2056871911","2117101918","0.2"
"2117101918","2056871911","0.2"
"2083622444","2084933403","0.45"
"2084933403","2083622444","0.45"
"2083622444","2117101918","0.2"
"2117101918","2083622444","0.2"
"2084933403","2117101918","0.2"
"2117101918","2084933403","0.2"
"105161789","13626619","0.170635"
"13626619","105161789","0.170635"
"105161789","1622091876","0.206349"
"1622091876","105161789","0.206349"
"105161789","2036983256","0.206349"
"2036983256","105161789","0.206349"
"105161789","2082303393","0.251804"
"2082303393","105161789","0.251804"
"105161789","2157799830","0.142857"
"2157799830","105161789","0.142857"
"105161789","2549584805","0.142857"
"2549584805","105161789","0.142857"
"105161789","51320379","0.206349"
"51320379","105161789","0.206349"
"13626619","2549584805","0.834524"
"2549584805","13626619","0.834524"
"1622091876","2549584805","1.20952"
"2549584805","1622091876","1.20952"
"2036983256","2549584805","1.58452"
"2549584805","2036983256","1.58452"
"2082303393","2549584805","0.67619"
"2549584805","2082303393","0.67619"
"2157799830","2549584805","0.142857"
"2549584805","2157799830","0.142857"
"2549584805","51320379","1.20952"
"51320379","2549584805","1.20952"
"105161789","2106528343","1.06349"
"2106528343","105161789","1.06349"
"105161789","2078286324","1.3768"
"2078286324","105161789","1.3768"
"105161789","1503936823","0.108947"
"1503936823","105161789","0.108947"
"105161789","1528727301","0.194444"
"1528727301","105161789","0.194444"
"105161789","1557641222","0.0634921"
"1557641222","105161789","0.0634921"
"105161789","1573669857","0.0277778"
"1573669857","105161789","0.0277778"
"105161789","1808400401","0.54347"
"1808400401","105161789","0.54347"
"105161789","1889178203","0.194444"
"1889178203","105161789","0.194444"
"105161789","2023261331","0.0277778"
"2023261331","105161789","0.0277778"
"105161789","2039571961","0.0277778"
"2039571961","105161789","0.0277778"
"105161789","2039864583","0.0634921"
"2039864583","105161789","0.0634921"
"105161789","2048782116","0.0277778"
"2048782116","105161789","0.0277778"
"105161789","2075085194","0.0277778"
"2075085194","105161789","0.0277778"
"105161789","2083367095","0.376804"
"2083367095","105161789","0.376804"
"105161789","2091449474","0.0277778"
"2091449474","105161789","0.0277778"
"105161789","2095939012","0.0277778"
"2095939012","105161789","0.0277778"
"105161789","2099129927","0.0634921"
"2099129927","105161789","0.0634921"
"105161789","2121394299","0.0277778"
"2121394299","105161789","0.0277778"
"105161789","2123760353","0.0277778"
"2123760353","105161789","0.0277778"
"105161789","2132411436","0.108947"
"2132411436","105161789","0.108947"
"105161789","2142165782","0.0277778"
"2142165782","105161789","0.0277778"
"105161789","2153998517","0.0277778"
"2153998517","105161789","0.0277778"
"105161789","2166420142","0.0277778"
"2166420142","105161789","0.0277778"
"105161789","2167676352","0.0634921"
"2167676352","105161789","0.0634921"
"105161789","2179276056","0.194444"
"2179276056","105161789","0.194444"
"105161789","2188031138","0.0277778"
"2188031138","105161789","0.0277778"
"105161789","2495165322","0.0277778"
"2495165322","105161789","0.0277778"
"105161789","2512604959","0.0277778"
"2512604959","105161789","0.0277778"
"105161789","806306405","0.233947"
"806306405","105161789","0.233947"
"13626619","1503936823","0.0540936"
"1503936823","13626619","0.0540936"
"13626619","1528727301","0.0277778"
"1528727301","13626619","0.0277778"
"13626619","1557641222","0.0277778"
"1557641222","13626619","0.0277778"
"13626619","1573669857","0.0277778"
"1573669857","13626619","0.0277778"
"13626619","1808400401","0.0277778"
"1808400401","13626619","0.0277778"
"13626619","1889178203","0.0277778"
"1889178203","13626619","0.0277778"
"13626619","2023261331","0.0277778"
"2023261331","13626619","0.0277778"
"13626619","2039571961","0.0540936"
"2039571961","13626619","0.0540936"
"13626619","2039864583","0.0540936"
"2039864583","13626619","0.0540936"
"13626619","2048782116","0.0277778"
"2048782116","13626619","0.0277778"
"13626619","2056871911","0.0540936"
"2056871911","13626619","0.0540936"
"13626619","2075085194","0.0277778"
"2075085194","13626619","0.0277778"
"13626619","2078286324","0.0277778"
"2078286324","13626619","0.0277778"
"13626619","2083367095","0.0277778"
"2083367095","13626619","0.0277778"
"13626619","2083622444","0.277778"
"2083622444","13626619","0.277778"
"13626619","2091449474","0.281746"
"2091449474","13626619","0.281746"
"13626619","2095939012","0.304094"
"2095939012","13626619","0.304094"
"13626619","2099129927","0.170635"
"2099129927","13626619","0.170635"
"13626619","2106528343","0.0277778"
"2106528343","13626619","0.0277778"
"13626619","2121394299","0.438034"
"2121394299","13626619","0.438034"
"13626619","2123760353","0.0277778"
"2123760353","13626619","0.0277778"
"13626619","2132411436","0.0540936"
"2132411436","13626619","0.0540936"
"13626619","2142165782","0.152778"
"2142165782","13626619","0.152778"
"13626619","2153998517","0.0277778"
"2153998517","13626619","0.0277778"
"13626619","2166420142","0.0540936"
"2166420142","13626619","0.0540936"
"13626619","2167676352","0.46435"
"2167676352","13626619","0.46435"
"13626619","2179276056","0.0277778"
"2179276056","13626619","0.0277778"
"13626619","2188031138","0.152778"
"2188031138","13626619","0.152778"
"13626619","2495165322","0.527778"
"2495165322","13626619","0.527778"
"13626619","806306405","0.0277778"
"806306405","13626619","0.0277778"
"1503936823","1528727301","0.0694444"
"1528727301","1503936823","0.0694444"
"1503936823","1557641222","0.188492"
"1557641222","1503936823","0.188492"
"1503936823","1573669857","0.243056"
"1573669857","1503936823","0.243056"
"1503936823","1622091876","0.193975"
"1622091876","1503936823","0.193975"
"1503936823","1808400401","1.66847"
"1808400401","1503936823","1.66847"
"1503936823","1889178203","0.277778"
"1889178203","1503936823","0.277778"
"1503936823","2023261331","0.0694444"
"2023261331","1503936823","0.0694444"
"1503936823","2036983256","0.131475"
"2036983256","1503936823","0.131475"
"1503936823","2039571961","0.196951"
"2039571961","1503936823","0.196951"
"1503936823","2039864583","1.31897"
"2039864583","1503936823","1.31897"
"1503936823","2048782116","0.138889"
"2048782116","1503936823","0.138889"
"1503936823","2056871911","0.260262"
"2056871911","1503936823","0.260262"
"1503936823","2075085194","0.201389"
"2075085194","1503936823","0.201389"
"1503936823","2078286324","1.66847"
"2078286324","1503936823","1.66847"
"1503936823","2082303393","2.95868"
"2082303393","1503936823","2.95868"
"1503936823","2083367095","0.108947"
"2083367095","1503936823","0.108947"
"1503936823","2083622444","0.560516"
"2083622444","1503936823","0.560516"
"1503936823","2091449474","0.527778"
"2091449474","1503936823","0.527778"
"1503936823","2095939012","0.317982"
"2095939012","1503936823","0.317982"
"1503936823","2099129927","0.105159"
"2099129927","1503936823","0.105159"
"1503936823","2106528343","0.667659"
"2106528343","1503936823","0.667659"
"1503936823","2121394299","0.138889"
"2121394299","1503936823","0.138889"
"1503936823","2123760353","0.0277778"
"2123760353","1503936823","0.0277778"
"1503936823","2132411436","0.176929"
"2132411436","1503936823","0.176929"
"1503936823","2142165782","0.298611"
"2142165782","1503936823","0.298611"
"1503936823","2153998517","0.0277778"
"2153998517","1503936823","0.0277778"
"1503936823","2166420142","0.415205"
"2166420142","1503936823","0.415205"
"1503936823","2167676352","0.305086"
"2167676352","1503936823","0.305086"
"1503936823","2179276056","0.277778"
"2179276056","1503936823","0.277778"
"1503936823","2188031138","0.298611"
"2188031138","1503936823","0.298611"
"1503936823","2495165322","0.0277778"
"2495165322","1503936823","0.0277778"
"1503936823","2512604959","0.451389"
"2512604959","1503936823","0.451389"
"1503936823","51320379","0.336832"
"51320379","1503936823","0.336832"
"1503936823","806306405","0.275613"
"806306405","1503936823","0.275613"
"1528727301","1557641222","0.0277778"
"1557641222","1528727301","0.0277778"
"1528727301","1573669857","0.0694444"
"1573669857","1528727301","0.0694444"
"1528727301","1622091876","0.0694444"
"1622091876","1528727301","0.0694444"
"1528727301","1808400401","0.594444"
"1808400401","1528727301","0.594444"
"1528727301","1889178203","0.586111"
"1889178203","1528727301","0.586111"
"1528727301","2023261331","0.0694444"
"2023261331","1528727301","0.0694444"
"1528727301","2036983256","0.0694444"
"2036983256","1528727301","0.0694444"
"1528727301","2039571961","0.0277778"
"2039571961","1528727301","0.0277778"
"1528727301","2039864583","0.402778"
"2039864583","1528727301","0.402778"
"1528727301","2048782116","0.0277778"
"2048782116","1528727301","0.0277778"
"1528727301","2056871911","0.194444"
"2056871911","1528727301","0.194444"
"1528727301","2075085194","0.0277778"
"2075085194","1528727301","0.0277778"
"1528727301","2078286324","0.0944444"
"2078286324","1528727301","0.0944444"
"1528727301","2082303393","0.0944444"
"2082303393","1528727301","0.0944444"
"1528727301","2083367095","0.0944444"
"2083367095","1528727301","0.0944444"
"1528727301","2083622444","0.627778"
"2083622444","1528727301","0.627778"
"1528727301","2091449474","0.152778"
"2091449474","1528727301","0.152778"
"1528727301","2095939012","0.0694444"
"2095939012","1528727301","0.0694444"
"1528727301","2099129927","0.0694444"
"2099129927","1528727301","0.0694444"
"1528727301","2106528343","0.0694444"
"2106528343","1528727301","0.0694444"
"1528727301","2121394299","0.0277778"
"2121394299","1528727301","0.0277778"
"1528727301","2123760353","0.0277778"
"2123760353","1528727301","0.0277778"
"1528727301","2132411436","0.402778"
"2132411436","1528727301","0.402778"
"1528727301","2142165782","0.0694444"
"2142165782","1528727301","0.0694444"
"1528727301","2153998517","0.152778"
"2153998517","1528727301","0.152778"
"1528727301","2166420142","0.0277778"
"2166420142","1528727301","0.0277778"
"1528727301","2167676352","0.386111"
"2167676352","1528727301","0.386111"
"1528727301","2179276056","0.836111"
"2179276056","1528727301","0.836111"
"1528727301","2188031138","0.0694444"
"2188031138","1528727301","0.0694444"
"1528727301","2495165322","0.0277778"
"2495165322","1528727301","0.0277778"
"1528727301","2512604959","0.0277778"
"2512604959","1528727301","0.0277778"
"1528727301","51320379","0.0694444"
"51320379","1528727301","0.0694444"
"1528727301","806306405","0.0277778"
"806306405","1528727301","0.0277778"
"1557641222","1573669857","0.0611111"
"1573669857","1557641222","0.0611111"
"1557641222","1622091876","0.0634921"
"1622091876","1557641222","0.0634921"
"1557641222","1808400401","0.0634921"
"1808400401","1557641222","0.0634921"
"1557641222","1889178203","0.0277778"
"1889178203","1557641222","0.0277778"
"1557641222","2023261331","0.0277778"
"2023261331","1557641222","0.0277778"
"1557641222","2036983256","0.0634921"
"2036983256","1557641222","0.0634921"
"1557641222","2039571961","0.0611111"
"2039571961","1557641222","0.0611111"
"1557641222","2039864583","0.331349"
"2039864583","1557641222","0.331349"
"1557641222","2048782116","0.0277778"
"2048782116","1557641222","0.0277778"
"1557641222","2056871911","0.188492"
"2056871911","1557641222","0.188492"
"1557641222","2075085194","0.138889"
"2075085194","1557641222","0.138889"
"1557641222","2078286324","0.0634921"
"2078286324","1557641222","0.0634921"
"1557641222","2083367095","0.0634921"
"2083367095","1557641222","0.0634921"
"1557641222","2083622444","0.751526"
"2083622444","1557641222","0.751526"
"1557641222","2091449474","0.0277778"
"2091449474","1557641222","0.0277778"
"1557641222","2095939012","0.249145"
"2095939012","1557641222","0.249145"
"1557641222","2099129927","1.01349"
"2099129927","1557641222","1.01349"
"1557641222","2106528343","0.239683"
"2106528343","1557641222","0.239683"
"1557641222","2121394299","0.0277778"
"2121394299","1557641222","0.0277778"
"1557641222","2132411436","0.283272"
"2132411436","1557641222","0.283272"
"1557641222","2142165782","0.215812"
"2142165782","1557641222","0.215812"
"1557641222","2153998517","0.0277778"
"2153998517","1557641222","0.0277778"
"1557641222","2166420142","0.0611111"
"2166420142","1557641222","0.0611111"
"1557641222","2167676352","0.316606"
"2167676352","1557641222","0.316606"
"1557641222","2179276056","0.527778"
"2179276056","1557641222","0.527778"
"1557641222","2188031138","0.0277778"
"2188031138","1557641222","0.0277778"
"1557641222","2495165322","0.215812"
"2495165322","1557641222","0.215812"
"1557641222","2512604959","0.0277778"
"2512604959","1557641222","0.0277778"
"1557641222","51320379","0.0634921"
"51320379","1557641222","0.0634921"
"1557641222","806306405","0.0968254"
"806306405","1557641222","0.0968254"
"1573669857","1622091876","0.131944"
"1622091876","1573669857","0.131944"
"1573669857","1808400401","0.227778"
"1808400401","1573669857","0.227778"
"1573669857","1889178203","0.0277778"
"1889178203","1573669857","0.0277778"
"1573669857","2023261331","0.0694444"
"2023261331","1573669857","0.0694444"
"1573669857","2036983256","0.0694444"
"2036983256","1573669857","0.0694444"
"1573669857","2039571961","0.172222"
"2039571961","1573669857","0.172222"
"1573669857","2039864583","0.131944"
"2039864583","1573669857","0.131944"
"1573669857","2048782116","0.0277778"
"2048782116","1573669857","0.0277778"
"1573669857","2056871911","0.0277778"
"2056871911","1573669857","0.0277778"
"1573669857","2075085194","0.201389"
"2075085194","1573669857","0.201389"
"1573669857","2078286324","0.227778"
"2078286324","1573669857","0.227778"
"1573669857","2082303393","0.138889"
"2082303393","1573669857","0.138889"
"1573669857","2083367095","0.227778"
"2083367095","1573669857","0.227778"
"1573669857","2083622444","0.131944"
"2083622444","1573669857","0.131944"
"1573669857","2091449474","0.0277778"
"2091449474","1573669857","0.0277778"
"1573669857","2095939012","0.325"
"2095939012","1573669857","0.325"
"1573669857","2099129927","0.102778"
"2099129927","1573669857","0.102778"
"1573669857","2106528343","0.276389"
"2106528343","1573669857","0.276389"
"1573669857","2121394299","0.0277778"
"2121394299","1573669857","0.0277778"
"1573669857","2123760353","0.0277778"
"2123760353","1573669857","0.0277778"
"1573669857","2132411436","0.0694444"
"2132411436","1573669857","0.0694444"
"1573669857","2142165782","0.131944"
"2142165782","1573669857","0.131944"
"1573669857","2153998517","0.0277778"
"2153998517","1573669857","0.0277778"
"1573669857","2166420142","0.172222"
"2166420142","1573669857","0.172222"
"1573669857","2167676352","0.526389"
"2167676352","1573669857","0.526389"
"1573669857","2179276056","0.0277778"
"2179276056","1573669857","0.0277778"
"1573669857","2188031138","0.131944"
"2188031138","1573669857","0.131944"
"1573669857","2495165322","0.0277778"
"2495165322","1573669857","0.0277778"
"1573669857","2512604959","0.201389"
"2512604959","1573669857","0.201389"
"1573669857","51320379","0.131944"
"51320379","1573669857","0.131944"
"1573669857","806306405","0.311111"
"806306405","1573669857","0.311111"
"1622091876","1808400401","0.0634921"
"1808400401","1622091876","0.0634921"
"1622091876","1889178203","0.0277778"
"1889178203","1622091876","0.0277778"
"1622091876","2023261331","0.0694444"
"2023261331","1622091876","0.0694444"
"1622091876","2039571961","0.0540936"
"2039571961","1622091876","0.0540936"
"1622091876","2039864583","0.193975"
"2039864583","1622091876","0.193975"
"1622091876","2048782116","0.127778"
"2048782116","1622091876","0.127778"
"1622091876","2056871911","0.0898079"
"2056871911","1622091876","0.0898079"
"1622091876","2075085194","0.0902778"
"2075085194","1622091876","0.0902778"
"1622091876","2078286324","0.0634921"
"2078286324","1622091876","0.0634921"
"1622091876","2083367095","0.0634921"
"2083367095","1622091876","0.0634921"
"1622091876","2083622444","0.500992"
"2083622444","1622091876","0.500992"
"1622091876","2091449474","0.531746"
"2091449474","1622091876","0.531746"
"1622091876","2095939012","0.0957602"
"2095939012","1622091876","0.0957602"
"1622091876","2099129927","0.248016"
"2099129927","1622091876","0.248016"
"1622091876","2106528343","0.167659"
"2106528343","1622091876","0.167659"
"1622091876","2121394299","0.204701"
"2121394299","1622091876","0.204701"
"1622091876","2123760353","0.0277778"
"2123760353","1622091876","0.0277778"
"1622091876","2132411436","0.131475"
"2132411436","1622091876","0.131475"
"1622091876","2142165782","0.965278"
"2142165782","1622091876","0.965278"
"1622091876","2153998517","0.0277778"
"2153998517","1622091876","0.0277778"
"1622091876","2166420142","0.0540936"
"2166420142","1622091876","0.0540936"
"1622091876","2167676352","0.270898"
"2167676352","1622091876","0.270898"
"1622091876","2179276056","0.0277778"
"2179276056","1622091876","0.0277778"
"1622091876","2188031138","0.381944"
"2188031138","1622091876","0.381944"
"1622091876","2495165322","0.861111"
"2495165322","1622091876","0.861111"
"1622091876","806306405","0.0634921"
"806306405","1622091876","0.0634921"
"1808400401","1889178203","0.261111"
"1889178203","1808400401","0.261111"
"1808400401","2023261331","0.0277778"
"2023261331","1808400401","0.0277778"
"1808400401","2036983256","0.0634921"
"2036983256","1808400401","0.0634921"
"1808400401","2039571961","0.0277778"
"2039571961","1808400401","0.0277778"
"1808400401","2039864583","2.07504"
"2039864583","1808400401","2.07504"
"1808400401","2048782116","0.0277778"
"2048782116","1808400401","0.0277778"
"1808400401","2056871911","0.491522"
"2056871911","1808400401","0.491522"
"1808400401","2075085194","0.0277778"
"2075085194","1808400401","0.0277778"
"1808400401","2078286324","5.88121"
"2078286324","1808400401","5.88121"
"1808400401","2082303393","0.175613"
"2082303393","1808400401","0.175613"
"1808400401","2083367095","2.32168"
"2083367095","1808400401","2.32168"
"1808400401","2083622444","0.421825"
"2083622444","1808400401","0.421825"
"1808400401","2091449474","0.0277778"
"2091449474","1808400401","0.0277778"
"1808400401","2095939012","0.0277778"
"2095939012","1808400401","0.0277778"
"1808400401","2099129927","0.0634921"
"2099129927","1808400401","0.0634921"
"1808400401","2106528343","0.0634921"
"2106528343","1808400401","0.0634921"
"1808400401","2121394299","0.0277778"
"2121394299","1808400401","0.0277778"
"1808400401","2123760353","0.0277778"
"2123760353","1808400401","0.0277778"
"1808400401","2132411436","0.44228"
"2132411436","1808400401","0.44228"
"1808400401","2142165782","0.0277778"
"2142165782","1808400401","0.0277778"
"1808400401","2153998517","0.0277778"
"2153998517","1808400401","0.0277778"
"1808400401","2166420142","0.0277778"
"2166420142","1808400401","0.0277778"
"1808400401","2167676352","0.130159"
"2167676352","1808400401","0.130159"
"1808400401","2179276056","0.372222"
"2179276056","1808400401","0.372222"
"1808400401","2188031138","0.0277778"
"2188031138","1808400401","0.0277778"
"1808400401","2495165322","0.0277778"
"2495165322","1808400401","0.0277778"
"1808400401","2512604959","0.0277778"
"2512604959","1808400401","0.0277778"
"1808400401","51320379","0.0634921"
"51320379","1808400401","0.0634921"
"1808400401","806306405","0.602633"
"806306405","1808400401","0.602633"
"1889178203","2023261331","0.0277778"
"2023261331","1889178203","0.0277778"
"1889178203","2036983256","0.0277778"
"2036983256","1889178203","0.0277778"
"1889178203","2039571961","0.0277778"
"2039571961","1889178203","0.0277778"
"1889178203","2039864583","0.0277778"
"2039864583","1889178203","0.0277778"
"1889178203","2048782116","0.0277778"
"2048782116","1889178203","0.0277778"
"1889178203","2056871911","0.194444"
"2056871911","1889178203","0.194444"
"1889178203","2075085194","0.0277778"
"2075085194","1889178203","0.0277778"
"1889178203","2078286324","0.0944444"
"2078286324","1889178203","0.0944444"
"1889178203","2082303393","0.344444"
"2082303393","1889178203","0.344444"
"1889178203","2083367095","0.0944444"
"2083367095","1889178203","0.0944444"
"1889178203","2083622444","1.83611"
"2083622444","1889178203","1.83611"
"1889178203","2091449474","0.152778"
"2091449474","1889178203","0.152778"
"1889178203","2095939012","0.0277778"
"2095939012","1889178203","0.0277778"
"1889178203","2099129927","0.0277778"
"2099129927","1889178203","0.0277778"
"1889178203","2106528343","0.0277778"
"2106528343","1889178203","0.0277778"
"1889178203","2121394299","0.0277778"
"2121394299","1889178203","0.0277778"
"1889178203","2123760353","0.0277778"
"2123760353","1889178203","0.0277778"
"1889178203","2132411436","0.0277778"
"2132411436","1889178203","0.0277778"
"1889178203","2142165782","0.0277778"
"2142165782","1889178203","0.0277778"
"1889178203","2153998517","0.152778"
"2153998517","1889178203","0.152778"
"1889178203","2166420142","0.0277778"
"2166420142","1889178203","0.0277778"
"1889178203","2167676352","0.0944444"
"2167676352","1889178203","0.0944444"
"1889178203","2179276056","1.83611"
"2179276056","1889178203","1.83611"
"1889178203","2188031138","0.0277778"
"2188031138","1889178203","0.0277778"
"1889178203","2495165322","0.0277778"
"2495165322","1889178203","0.0277778"
"1889178203","2512604959","0.0277778"
"2512604959","1889178203","0.0277778"
"1889178203","51320379","0.0277778"
"51320379","1889178203","0.0277778"
"1889178203","806306405","0.0277778"
"806306405","1889178203","0.0277778"
"2023261331","2036983256","0.0694444"
"2036983256","2023261331","0.0694444"
"2023261331","2039571961","0.0277778"
"2039571961","2023261331","0.0277778"
"2023261331","2039864583","0.0694444"
"2039864583","2023261331","0.0694444"
"2023261331","2048782116","0.0277778"
"2048782116","2023261331","0.0277778"
"2023261331","2056871911","0.0277778"
"2056871911","2023261331","0.0277778"
"2023261331","2075085194","0.0277778"
"2075085194","2023261331","0.0277778"
"2023261331","2078286324","0.0277778"
"2078286324","2023261331","0.0277778"
"2023261331","2082303393","0.0277778"
"2082303393","2023261331","0.0277778"
"2023261331","2083367095","0.0277778"
"2083367095","2023261331","0.0277778"
"2023261331","2083622444","0.0694444"
"2083622444","2023261331","0.0694444"
"2023261331","2091449474","0.0277778"
"2091449474","2023261331","0.0277778"
"2023261331","2095939012","0.0694444"
"2095939012","2023261331","0.0694444"
"2023261331","2099129927","0.0694444"
"2099129927","2023261331","0.0694444"
"2023261331","2106528343","0.0694444"
"2106528343","2023261331","0.0694444"
"2023261331","2121394299","0.0277778"
"2121394299","2023261331","0.0277778"
"2023261331","2123760353","0.0277778"
"2123760353","2023261331","0.0277778"
"2023261331","2132411436","0.0694444"
"2132411436","2023261331","0.0694444"
"2023261331","2142165782","0.0694444"
"2142165782","2023261331","0.0694444"
"2023261331","2153998517","0.0277778"
"2153998517","2023261331","0.0277778"
"2023261331","2166420142","0.0277778"
"2166420142","2023261331","0.0277778"
"2023261331","2167676352","0.0694444"
"2167676352","2023261331","0.0694444"
"2023261331","2179276056","0.0277778"
"2179276056","2023261331","0.0277778"
"2023261331","2188031138","0.0694444"
"2188031138","2023261331","0.0694444"
"2023261331","2495165322","0.0277778"
"2495165322","2023261331","0.0277778"
"2023261331","2512604959","0.0277778"
"2512604959","2023261331","0.0277778"
"2023261331","51320379","0.0694444"
"51320379","2023261331","0.0694444"
"2023261331","806306405","0.0277778"
"806306405","2023261331","0.0277778"
"2036983256","2039571961","0.22076"
"2039571961","2036983256","0.22076"
"2036983256","2039864583","0.131475"
"2039864583","2036983256","0.131475"
"2036983256","2048782116","0.127778"
"2048782116","2036983256","0.127778"
"2036983256","2056871911","0.0898079"
"2056871911","2036983256","0.0898079"
"2036983256","2075085194","0.0277778"
"2075085194","2036983256","0.0277778"
"2036983256","2078286324","0.0634921"
"2078286324","2036983256","0.0634921"
"2036983256","2083367095","0.0634921"
"2083367095","2036983256","0.0634921"
"2036983256","2083622444","0.355159"
"2083622444","2036983256","0.355159"
"2036983256","2091449474","0.138889"
"2091449474","2036983256","0.138889"
"2036983256","2095939012","0.34576"
"2095939012","2036983256","0.34576"
"2036983256","2099129927","0.105159"
"2099129927","2036983256","0.105159"
"2036983256","2106528343","0.105159"
"2106528343","2036983256","0.105159"
"2036983256","2121394299","0.371368"
"2121394299","2036983256","0.371368"
"2036983256","2123760353","0.0277778"
"2123760353","2036983256","0.0277778"
"2036983256","2132411436","0.131475"
"2132411436","2036983256","0.131475"
"2036983256","2142165782","0.0694444"
"2142165782","2036983256","0.0694444"
"2036983256","2153998517","0.0277778"
"2153998517","2036983256","0.0277778"
"2036983256","2166420142","0.0540936"
"2166420142","2036983256","0.0540936"
"2036983256","2167676352","0.375064"
"2167676352","2036983256","0.375064"
"2036983256","2179276056","0.0277778"
"2179276056","2036983256","0.0277778"
"2036983256","2188031138","0.0694444"
"2188031138","2036983256","0.0694444"
"2036983256","2495165322","0.861111"
"2495165322","2036983256","0.861111"
"2036983256","806306405","0.0634921"
"806306405","2036983256","0.0634921"
"2039571961","2039864583","0.0540936"
"2039864583","2039571961","0.0540936"
"2039571961","2048782116","0.127778"
"2048782116","2039571961","0.127778"
"2039571961","2056871911","0.0540936"
"2056871911","2039571961","0.0540936"
"2039571961","2075085194","0.0277778"
"2075085194","2039571961","0.0277778"
"2039571961","2078286324","0.0277778"
"2078286324","2039571961","0.0277778"
"2039571961","2082303393","1.46362"
"2082303393","2039571961","1.46362"
"2039571961","2083367095","0.0277778"
"2083367095","2039571961","0.0277778"
"2039571961","2083622444","0.170635"
"2083622444","2039571961","0.170635"
"2039571961","2091449474","0.0277778"
"2091449474","2039571961","0.0277778"
"2039571961","2095939012","0.531871"
"2095939012","2039571961","0.531871"
"2039571961","2099129927","0.0611111"
"2099129927","2039571961","0.0611111"
"2039571961","2106528343","0.172222"
"2106528343","2039571961","0.172222"
"2039571961","2121394299","0.294444"
"2121394299","2039571961","0.294444"
"2039571961","2123760353","0.0277778"
"2123760353","2039571961","0.0277778"
"2039571961","2132411436","0.0540936"
"2132411436","2039571961","0.0540936"
"2039571961","2142165782","0.0277778"
"2142165782","2039571961","0.0277778"
"2039571961","2153998517","0.0277778"
"2153998517","2039571961","0.0277778"
"2039571961","2166420142","0.0874269"
"2166420142","2039571961","0.0874269"
"2039571961","2167676352","0.365205"
"2167676352","2039571961","0.365205"
"2039571961","2179276056","0.0277778"
"2179276056","2039571961","0.0277778"
"2039571961","2188031138","0.0277778"
"2188031138","2039571961","0.0277778"
"2039571961","2495165322","0.0277778"
"2495165322","2039571961","0.0277778"
"2039571961","2512604959","0.0277778"
"2512604959","2039571961","0.0277778"
"2039571961","51320379","0.196951"
"51320379","2039571961","0.196951"
"2039571961","806306405","0.0611111"
"806306405","2039571961","0.0611111"
"2039864583","2048782116","0.0277778"
"2048782116","2039864583","0.0277778"
"2039864583","2056871911","0.305717"
"2056871911","2039864583","0.305717"
"2039864583","2075085194","0.0902778"
"2075085194","2039864583","0.0902778"
"2039864583","2078286324","0.741703"
"2078286324","2039864583","0.741703"
"2039864583","2082303393","0.214808"
"2082303393","2039864583","0.214808"
"2039864583","2083367095","0.741703"
"2083367095","2039864583","0.741703"
"2039864583","2083622444","0.167659"
"2083622444","2039864583","0.167659"
"2039864583","2091449474","0.0277778"
"2091449474","2039864583","0.0277778"
"2039864583","2095939012","0.0957602"
"2095939012","2039864583","0.0957602"
"2039864583","2099129927","0.105159"
"2099129927","2039864583","0.105159"
"2039864583","2106528343","0.310516"
"2106528343","2039864583","0.310516"
"2039864583","2121394299","0.0277778"
"2121394299","2039864583","0.0277778"
"2039864583","2123760353","0.0277778"
"2123760353","2039864583","0.0277778"
"2039864583","2132411436","0.607665"
"2132411436","2039864583","0.607665"
