"1451201927","1495498564","9.86315"
"1495498564","1451201927","9.86315"
"1451201927","1500581803","2.47191"
"1500581803","1451201927","2.47191"
"1451201927","2053327450","4.82719"
"2053327450","1451201927","4.82719"
"1451201927","2072325005","10.4989"
"2072325005","1451201927","10.4989"
"1451201927","2121771606","6.10317"
"2121771606","1451201927","6.10317"
"1451201927","2146146776","1.9167"
"2146146776","1451201927","1.9167"
"1451201927","2146579247","0.988146"
"2146579247","1451201927","0.988146"
"1451201927","2243281098","0.625"
"2243281098","1451201927","0.625"
"1495498564","1500581803","0.869459"
"1500581803","1495498564","0.869459"
"1495498564","2053327450","1.7961"
"2053327450","1495498564","1.7961"
"1495498564","2072325005","3.74562"
"2072325005","1495498564","3.74562"
"1495498564","2121771606","1.37367"
"2121771606","1495498564","1.37367"
"1495498564","2146146776","0.561801"
"2146146776","1495498564","0.561801"
"1495498564","2146579247","0.488146"
"2146579247","1495498564","0.488146"
"1495498564","2243281098","0.125"
"2243281098","1495498564","0.125"
"1500581803","2053327450","1.53231"
"2053327450","1500581803","1.53231"
"1500581803","2072325005","3.51477"
"2072325005","1500581803","3.51477"
"1500581803","2121771606","4.27976"
"2121771606","1500581803","4.27976"
"1500581803","2146146776","0.85912"
"2146146776","1500581803","0.85912"
"1500581803","2146579247","0.452792"
"2146579247","1500581803","0.452792"
"1500581803","2243281098","0.125"
"2243281098","1500581803","0.125"
"2053327450","2072325005","2.36681"
"2072325005","2053327450","2.36681"
"2053327450","2121771606","2.52987"
"2121771606","2053327450","2.52987"
"2053327450","2146146776","3.30798"
"2146146776","2053327450","3.30798"
"2053327450","2146579247","0.385844"
"2146579247","2053327450","0.385844"
"2053327450","2243281098","0.625"
"2243281098","2053327450","0.625"
"2072325005","2121771606","2.62612"
"2121771606","2072325005","2.62612"
"2072325005","2146146776","2.86029"
"2146146776","2072325005","2.86029"
"2072325005","2146579247","1.0437"
"2146579247","2072325005","1.0437"
"2072325005","2243281098","0.125"
"2243281098","2072325005","0.125"
"2121771606","2146146776","2.17722"
"2146146776","2121771606","2.17722"
"2121771606","2146579247","0.75508"
"2146579247","2121771606","0.75508"
"2121771606","2243281098","0.125"
"2243281098","2121771606","0.125"
"2146146776","2146579247","0.734878"
"2146579247","2146146776","0.734878"
"2146146776","2243281098","0.125"
"2243281098","2146146776","0.125"
"2146579247","2243281098","0.125"
"2243281098","2146579247","0.125"
"1451201927","2069920427","3.55882"
"2069920427","1451201927","3.55882"
"1451201927","1579590865","0.35557"
"1579590865","1451201927","0.35557"
"1451201927","170845318","0.35557"
"170845318","1451201927","0.35557"
"1451201927","1972626867","0.38008"
"1972626867","1451201927","0.38008"
"1451201927","2048580982","3.57148"
"2048580982","1451201927","3.57148"
"1451201927","2065646798","3.57545"
"2065646798","1451201927","3.57545"
"1451201927","2138622732","1.10627"
"2138622732","1451201927","1.10627"
"1451201927","2153690411","2.75203"
"2153690411","1451201927","2.75203"
"1451201927","2171002355","2.70115"
"2171002355","1451201927","2.70115"
"1451201927","2402856556","0.0588235"
"2402856556","1451201927","0.0588235"
"1451201927","70959085","3.21434"
"70959085","1451201927","3.21434"
"1451201927","81420581","0.633348"
"81420581","1451201927","0.633348"
"1495498564","1579590865","0.161125"
"1579590865","1495498564","0.161125"
"1495498564","170845318","0.161125"
"170845318","1495498564","0.161125"
"1495498564","1972626867","0.179225"
"1972626867","1495498564","0.179225"
"1495498564","2048580982","2.14724"
"2048580982","1495498564","2.14724"
"1495498564","2065646798","0.543701"
"2065646798","1495498564","0.543701"
"1495498564","2069920427","4.64216"
"2069920427","1495498564","4.64216"
"1495498564","2138622732","0.179225"
"2138622732","1495498564","0.179225"
"1495498564","2153690411","0.411125"
"2153690411","1495498564","0.411125"
"1495498564","2171002355","0.512558"
"2171002355","1495498564","0.512558"
"1495498564","2402856556","1.55882"
"2402856556","1495498564","1.55882"
"1495498564","70959085","0.543701"
"70959085","1495498564","0.543701"
"1495498564","81420581","0.238048"
"81420581","1495498564","0.238048"
"1500581803","1579590865","0.244459"
"1579590865","1500581803","0.244459"
"1500581803","170845318","0.244459"
"170845318","1500581803","0.244459"
"1500581803","1972626867","0.411826"
"1972626867","1500581803","0.411826"
"1500581803","2048580982","0.868701"
"2048580982","1500581803","0.868701"
"1500581803","2065646798","1.54128"
"2065646798","1500581803","1.54128"
"1500581803","2069920427","0.308824"
"2069920427","1500581803","0.308824"
"1500581803","2138622732","0.471349"
"2138622732","1500581803","0.471349"
"1500581803","2153690411","0.902034"
"2153690411","1500581803","0.902034"
"1500581803","2171002355","2.51385"
"2171002355","1500581803","2.51385"
"1500581803","2402856556","0.0588235"
"2402856556","1500581803","0.0588235"
"1500581803","70959085","1.58176"
"70959085","1500581803","1.58176"
"1500581803","81420581","0.415094"
"81420581","1500581803","0.415094"
"1579590865","170845318","0.466681"
"170845318","1579590865","0.466681"
"1579590865","1972626867","0.607857"
"1972626867","1579590865","0.607857"
"1579590865","2048580982","0.161125"
"2048580982","1579590865","0.161125"
"1579590865","2065646798","1.36668"
"2065646798","1579590865","1.36668"
"1579590865","2069920427","0.0588235"
"2069920427","1579590865","0.0588235"
"1579590865","2072325005","0.666681"
"2072325005","1579590865","0.666681"
"1579590865","2138622732","0.607857"
"2138622732","1579590865","0.607857"
"1579590865","2146146776","0.102302"
"2146146776","1579590865","0.102302"
"1579590865","2146579247","0.244459"
"2146579247","1579590865","0.244459"
"1579590865","2153690411","0.244459"
"2153690411","1579590865","0.244459"
"1579590865","2171002355","0.546746"
"2171002355","1579590865","0.546746"
"1579590865","2402856556","0.0588235"
"2402856556","1579590865","0.0588235"
"1579590865","70959085","1.92224"
"70959085","1579590865","1.92224"
"1579590865","81420581","0.950014"
"81420581","1579590865","0.950014"
"170845318","1972626867","1.40786"
"1972626867","170845318","1.40786"
"170845318","2048580982","0.161125"
"2048580982","170845318","0.161125"
"170845318","2065646798","0.466681"
"2065646798","170845318","0.466681"
"170845318","2069920427","0.0588235"
"2069920427","170845318","0.0588235"
"170845318","2072325005","0.466681"
"2072325005","170845318","0.466681"
"170845318","2138622732","0.907857"
"2138622732","170845318","0.907857"
"170845318","2146146776","0.102302"
"2146146776","170845318","0.102302"
"170845318","2146579247","0.244459"
"2146579247","170845318","0.244459"
"170845318","2153690411","0.244459"
"2153690411","170845318","0.244459"
"170845318","2171002355","0.213413"
"2171002355","170845318","0.213413"
"170845318","2402856556","0.0588235"
"2402856556","170845318","0.0588235"
"170845318","70959085","0.35557"
"70959085","170845318","0.35557"
"170845318","81420581","0.383348"
"81420581","170845318","0.383348"
"1972626867","2048580982","0.185635"
"2048580982","1972626867","0.185635"
"1972626867","2065646798","1.36738"
"2065646798","1972626867","1.36738"
"1972626867","2069920427","0.0588235"
"2069920427","1972626867","0.0588235"
"1972626867","2072325005","1.27764"
"2072325005","1972626867","1.27764"
"1972626867","2138622732","2.0443"
"2138622732","1972626867","2.0443"
"1972626867","2146146776","0.262558"
"2146146776","1972626867","0.262558"
"1972626867","2146579247","0.268968"
"2146579247","1972626867","0.268968"
"1972626867","2153690411","0.185635"
"2153690411","1972626867","0.185635"
"1972626867","2171002355","0.540336"
"2171002355","1972626867","0.540336"
"1972626867","2402856556","0.0588235"
"2402856556","1972626867","0.0588235"
"1972626867","70959085","0.946746"
"70959085","1972626867","0.946746"
"1972626867","81420581","1.16097"
"81420581","1972626867","1.16097"
"2048580982","2065646798","0.286125"
"2065646798","2048580982","0.286125"
"2048580982","2069920427","0.72549"
"2069920427","2048580982","0.72549"
"2048580982","2072325005","2.91037"
"2072325005","2048580982","2.91037"
"2048580982","2138622732","0.102302"
"2138622732","2048580982","0.102302"
"2048580982","2146146776","0.443211"
"2146146776","2048580982","0.443211"
"2048580982","2146579247","0.35557"
"2146579247","2048580982","0.35557"
"2048580982","2153690411","0.618701"
"2153690411","2048580982","0.618701"
"2048580982","2171002355","1.43564"
"2171002355","2048580982","1.43564"
"2048580982","2402856556","0.0588235"
"2402856556","2048580982","0.0588235"
"2048580982","70959085","0.369459"
"70959085","2048580982","0.369459"
"2048580982","81420581","0.161125"
"81420581","2048580982","0.161125"
"2065646798","2069920427","0.0588235"
"2069920427","2065646798","0.0588235"
"2065646798","2072325005","7.59608"
"2072325005","2065646798","7.59608"
"2065646798","2138622732","5.51024"
"2138622732","2065646798","5.51024"
"2065646798","2146146776","2.17654"
"2146146776","2065646798","2.17654"
"2065646798","2146579247","0.335368"
"2146579247","2065646798","0.335368"
"2065646798","2153690411","1.11113"
"2153690411","2065646798","1.11113"
"2065646798","2171002355","2.78405"
"2171002355","2065646798","2.78405"
"2065646798","2402856556","0.0588235"
"2402856556","2065646798","0.0588235"
"2065646798","70959085","37.3754"
"70959085","2065646798","37.3754"
"2065646798","81420581","11.2373"
"81420581","2065646798","11.2373"
"2069920427","2072325005","0.72549"
"2072325005","2069920427","0.72549"
"2069920427","2138622732","0.0588235"
"2138622732","2069920427","0.0588235"
"2069920427","2146146776","0.0588235"
"2146146776","2069920427","0.0588235"
"2069920427","2146579247","0.0588235"
"2146579247","2069920427","0.0588235"
"2069920427","2153690411","0.22549"
"2153690411","2069920427","0.22549"
"2069920427","2171002355","0.0588235"
"2171002355","2069920427","0.0588235"
"2069920427","2402856556","1.05882"
"2402856556","2069920427","1.05882"
"2069920427","70959085","0.0588235"
"70959085","2069920427","0.0588235"
"2069920427","81420581","0.0588235"
"81420581","2069920427","0.0588235"
"2072325005","2138622732","1.43716"
"2138622732","2072325005","1.43716"
"2072325005","2153690411","3.15203"
"2153690411","2072325005","3.15203"
"2072325005","2171002355","3.50188"
"2171002355","2072325005","3.50188"
"2072325005","2402856556","0.558824"
"2402856556","2072325005","0.558824"
"2072325005","70959085","4.22545"
"70959085","2072325005","4.22545"
"2072325005","81420581","1.66424"
"81420581","2072325005","1.66424"
"2138622732","2146146776","0.629225"
"2146146776","2138622732","0.629225"
"2138622732","2146579247","0.185635"
"2146579247","2138622732","0.185635"
"2138622732","2153690411","0.185635"
"2153690411","2138622732","0.185635"
"2138622732","2171002355","1.68319"
"2171002355","2138622732","1.68319"
"2138622732","2402856556","0.0588235"
"2402856556","2138622732","0.0588235"
"2138622732","70959085","6.8396"
"70959085","2138622732","6.8396"
"2138622732","81420581","4.4443"
"81420581","2138622732","4.4443"
"2146146776","2153690411","0.559878"
"2153690411","2146146776","0.559878"
"2146146776","2171002355","2.1368"
"2171002355","2146146776","2.1368"
"2146146776","2402856556","0.0588235"
"2402856556","2146146776","0.0588235"
"2146146776","70959085","1.64321"
"70959085","2146146776","1.64321"
"2146146776","81420581","0.379225"
"81420581","2146146776","0.379225"
"2146579247","2153690411","0.244459"
"2153690411","2146579247","0.244459"
"2146579247","2171002355","0.102302"
"2171002355","2146579247","0.102302"
"2146579247","2402856556","0.0588235"
"2402856556","2146579247","0.0588235"
"2146579247","70959085","0.418701"
"70959085","2146579247","0.418701"
"2146579247","81420581","0.161125"
"81420581","2146579247","0.161125"
"2153690411","2171002355","0.468968"
"2171002355","2153690411","0.468968"
"2153690411","2402856556","0.0588235"
"2402856556","2153690411","0.0588235"
"2153690411","70959085","0.577792"
"70959085","2153690411","0.577792"
"2153690411","81420581","0.161125"
"81420581","2153690411","0.161125"
"2171002355","2402856556","0.0588235"
"2402856556","2171002355","0.0588235"
"2171002355","70959085","1.60627"
"70959085","2171002355","1.60627"
"2171002355","81420581","0.651447"
"81420581","2171002355","0.651447"
"2402856556","70959085","0.0588235"
"70959085","2402856556","0.0588235"
"2402856556","81420581","0.0588235"
"81420581","2402856556","0.0588235"
"70959085","81420581","9.56668"
"81420581","70959085","9.56668"
"1451201927","1979836908","0.674242"
"1979836908","1451201927","0.674242"
"1451201927","1987225105","0.881818"
"1987225105","1451201927","0.881818"
"1451201927","2103779463","0.632576"
"2103779463","1451201927","0.632576"
"1451201927","2612079653","0.387655"
"2612079653","1451201927","0.387655"
"1495498564","1979836908","0.0909091"
"1979836908","1495498564","0.0909091"
"1495498564","1987225105","0.0909091"
"1987225105","1495498564","0.0909091"
"1495498564","2103779463","2.88258"
"2103779463","1495498564","2.88258"
"1495498564","2612079653","0.304322"
"2612079653","1495498564","0.304322"
"1979836908","1987225105","0.340909"
"1987225105","1979836908","0.340909"
"1979836908","2053327450","9.67424"
"2053327450","1979836908","9.67424"
"1979836908","2065646798","0.290909"
"2065646798","1979836908","0.290909"
"1979836908","2072325005","0.174242"
"2072325005","1979836908","0.174242"
"1979836908","2103779463","0.0909091"
"2103779463","1979836908","0.0909091"
"1979836908","2146146776","0.174242"
"2146146776","1979836908","0.174242"
"1979836908","2146579247","0.174242"
"2146579247","1979836908","0.174242"
"1979836908","2612079653","0.174242"
"2612079653","1979836908","0.174242"
"1979836908","70959085","1.67424"
"70959085","1979836908","1.67424"
"1987225105","2053327450","1.43182"
"2053327450","1987225105","1.43182"
"1987225105","2065646798","0.0909091"
"2065646798","1987225105","0.0909091"
"1987225105","2072325005","0.381818"
"2072325005","1987225105","0.381818"
"1987225105","2103779463","0.0909091"
"2103779463","1987225105","0.0909091"
"1987225105","2146146776","0.181818"
"2146146776","1987225105","0.181818"
"1987225105","2146579247","0.0909091"
"2146579247","1987225105","0.0909091"
"1987225105","2612079653","0.0909091"
"2612079653","1987225105","0.0909091"
"1987225105","70959085","0.0909091"
"70959085","1987225105","0.0909091"
"2053327450","2065646798","1.14973"
"2065646798","2053327450","1.14973"
"2053327450","2103779463","0.0909091"
"2103779463","2053327450","0.0909091"
"2053327450","2612079653","0.260844"
"2612079653","2053327450","0.260844"
"2053327450","70959085","0.316399"
"70959085","2053327450","0.316399"
"2065646798","2103779463","0.215909"
"2103779463","2065646798","0.215909"
"2065646798","2612079653","0.193211"
"2612079653","2065646798","0.193211"
"2072325005","2103779463","0.465909"
"2103779463","2072325005","0.465909"
"2072325005","2612079653","0.776544"
"2612079653","2072325005","0.776544"
"2103779463","2146146776","0.0909091"
"2146146776","2103779463","0.0909091"
"2103779463","2146579247","0.0909091"
"2146579247","2103779463","0.0909091"
"2103779463","2612079653","0.0909091"
"2612079653","2103779463","0.0909091"
"2103779463","70959085","0.215909"
"70959085","2103779463","0.215909"
"2146146776","2612079653","0.217721"
"2612079653","2146146776","0.217721"
"2146579247","2612079653","6.88766"
"2612079653","2146579247","6.88766"
"2612079653","70959085","0.276544"
"70959085","2612079653","0.276544"
"1451201927","2003113483","6.3171"
"2003113483","1451201927","6.3171"
"2003113483","2121771606","1.93377"
"2121771606","2003113483","1.93377"
"2003113483","2171002355","1.5671"
"2171002355","2003113483","1.5671"
"2121771606","2171002355","2.21925"
"2171002355","2121771606","2.21925"
"1451201927","2009200860","5.63634"
"2009200860","1451201927","5.63634"
"2003113483","2009200860","5.05952"
"2009200860","2003113483","5.05952"
"1451201927","2125934571","0.845231"
"2125934571","1451201927","0.845231"
"1451201927","2612167438","0.845231"
"2612167438","1451201927","0.845231"
"1987225105","2003113483","1"
"2003113483","1987225105","1"
"1987225105","2121771606","0.457576"
"2121771606","1987225105","0.457576"
"1987225105","2125934571","0.707576"
"2125934571","1987225105","0.707576"
"1987225105","2612167438","0.707576"
"2612167438","1987225105","0.707576"
"2003113483","2053327450","3.90043"
"2053327450","2003113483","3.90043"
"2003113483","2125934571","0.257576"
"2125934571","2003113483","0.257576"
"2003113483","2612167438","0.257576"
"2612167438","2003113483","0.257576"
"2053327450","2125934571","3.17868"
"2125934571","2053327450","3.17868"
"2053327450","2612167438","3.17868"
"2612167438","2053327450","3.17868"
"2121771606","2125934571","0.838821"
"2125934571","2121771606","0.838821"
"2121771606","2612167438","0.838821"
"2612167438","2121771606","0.838821"
"2125934571","2612167438","12.3999"
"2612167438","2125934571","12.3999"
"1451201927","2109692881","1.42175"
"2109692881","1451201927","1.42175"
"1495498564","2109692881","0.304225"
"2109692881","1495498564","0.304225"
"1495498564","2125934571","0.290336"
"2125934571","1495498564","0.290336"
"1495498564","2612167438","0.290336"
"2612167438","1495498564","0.290336"
"1500581803","2109692881","1.29675"
"2109692881","1500581803","1.29675"
"1500581803","2125934571","0.900787"
"2125934571","1500581803","0.900787"
"1500581803","2612079653","0.185635"
"2612079653","1500581803","0.185635"
"1500581803","2612167438","0.900787"
"2612167438","1500581803","0.900787"
"1579590865","2053327450","0.0588235"
"2053327450","1579590865","0.0588235"
"1579590865","2109692881","0.802302"
"2109692881","1579590865","0.802302"
"1579590865","2121771606","0.213413"
"2121771606","1579590865","0.213413"
"1579590865","2125934571","0.296746"
"2125934571","1579590865","0.296746"
"1579590865","2612079653","0.102302"
"2612079653","1579590865","0.102302"
"1579590865","2612167438","0.296746"
"2612167438","1579590865","0.296746"
"170845318","2053327450","0.0588235"
"2053327450","170845318","0.0588235"
"170845318","2109692881","0.102302"
"2109692881","170845318","0.102302"
"170845318","2121771606","0.213413"
"2121771606","170845318","0.213413"
"170845318","2125934571","0.796746"
"2125934571","170845318","0.796746"
"170845318","2612079653","0.102302"
"2612079653","170845318","0.102302"
"170845318","2612167438","0.296746"
"2612167438","170845318","0.296746"
"2048580982","2053327450","0.760844"
"2053327450","2048580982","0.760844"
"2048580982","2109692881","0.310635"
"2109692881","2048580982","0.310635"
"2048580982","2121771606","1.04599"
"2121771606","2048580982","1.04599"
"2048580982","2125934571","0.304322"
"2125934571","2048580982","0.304322"
"2048580982","2612079653","0.296746"
"2612079653","2048580982","0.296746"
"2048580982","2612167438","0.304322"
"2612167438","2048580982","0.304322"
"2053327450","2109692881","0.46908"
"2109692881","2053327450","0.46908"
"2053327450","2153690411","0.316399"
"2153690411","2053327450","0.316399"
"2053327450","81420581","0.135747"
"81420581","2053327450","0.135747"
"2065646798","2109692881","8.35508"
"2109692881","2065646798","8.35508"
"2065646798","2121771606","1.67571"
"2121771606","2065646798","1.67571"
"2065646798","2125934571","1.24675"
"2125934571","2065646798","1.24675"
"2065646798","2612167438","1.44675"
"2612167438","2065646798","1.44675"
"2072325005","2109692881","3.032"
"2109692881","2072325005","3.032"
"2072325005","2125934571","0.755488"
"2125934571","2072325005","0.755488"
"2072325005","2612167438","0.955487"
"2612167438","2072325005","0.955487"
"2109692881","2121771606","0.832003"
"2121771606","2109692881","0.832003"
"2109692881","2125934571","0.429225"
"2125934571","2109692881","0.429225"
"2109692881","2146579247","0.185635"
"2146579247","2109692881","0.185635"
"2109692881","2153690411","1.1023"
"2153690411","2109692881","1.1023"
"2109692881","2612079653","0.185635"
"2612079653","2109692881","0.185635"
"2109692881","2612167438","0.629225"
"2612167438","2109692881","0.629225"
"2109692881","70959085","8.68841"
"70959085","2109692881","8.68841"
"2109692881","81420581","1.357"
"81420581","2109692881","1.357"
"2121771606","2153690411","0.726544"
"2153690411","2121771606","0.726544"
"2121771606","2612079653","0.296746"
"2612079653","2121771606","0.296746"
"2121771606","70959085","1.64794"
"70959085","2121771606","1.64794"
"2121771606","81420581","0.651447"
"81420581","2121771606","0.651447"
"2125934571","2146579247","0.296746"
"2146579247","2125934571","0.296746"
"2125934571","2153690411","0.276544"
"2153690411","2125934571","0.276544"
"2125934571","2612079653","0.213413"
"2612079653","2125934571","0.213413"
"2125934571","70959085","0.546746"
"70959085","2125934571","0.546746"
"2125934571","81420581","0.290336"
"81420581","2125934571","0.290336"
"2146579247","2612167438","0.296746"
"2612167438","2146579247","0.296746"
"2153690411","2612079653","0.102302"
"2612079653","2153690411","0.102302"
"2153690411","2612167438","0.276544"
"2612167438","2153690411","0.276544"
"2612079653","2612167438","0.213413"
"2612167438","2612079653","0.213413"
"2612079653","81420581","0.102302"
"81420581","2612079653","0.102302"
"2612167438","70959085","0.746746"
"70959085","2612167438","0.746746"
"2612167438","81420581","0.290336"
"81420581","2612167438","0.290336"
"2003113483","2072325005","0.874242"
"2072325005","2003113483","0.874242"
"1451201927","177465909","1.21014"
"177465909","1451201927","1.21014"
"1451201927","2183388804","1.22222"
"2183388804","1451201927","1.22222"
"177465909","2048580982","2.54348"
"2048580982","177465909","2.54348"
"177465909","2072325005","3.62681"
"2072325005","177465909","3.62681"
"177465909","2183388804","1"
"2183388804","177465909","1"
"2048580982","2183388804","2.94444"
"2183388804","2048580982","2.94444"
"2072325005","2183388804","0.861111"
"2183388804","2072325005","0.861111"
"1451201927","2954449296","1.33333"
"2954449296","1451201927","1.33333"
"2121771606","2138622732","0.62437"
"2138622732","2121771606","0.62437"
"1495498564","177465909","0.293478"
"177465909","1495498564","0.293478"
"1495498564","2183388804","1.36111"
"2183388804","1495498564","1.36111"
"2009200860","2048580982","1.04348"
"2048580982","2009200860","1.04348"
"2009200860","2183388804","0.833333"
"2183388804","2009200860","0.833333"
"1451201927","2597891906","2.02468"
"2597891906","1451201927","2.02468"
"1451201927","2729989068","0.533333"
"2729989068","1451201927","0.533333"
"1451201927","2901317285","1.0171"
"2901317285","1451201927","1.0171"
"2009200860","2053327450","2.41978"
"2053327450","2009200860","2.41978"
"2009200860","2597891906","6.34286"
"2597891906","2009200860","6.34286"
"2009200860","2729989068","3.53333"
"2729989068","2009200860","3.53333"
"2009200860","2901317285","1.50952"
"2901317285","2009200860","1.50952"
"2053327450","2597891906","2.35801"
"2597891906","2053327450","2.35801"
"2053327450","2729989068","0.45"
"2729989068","2053327450","0.45"
"2053327450","2901317285","0.7671"
"2901317285","2053327450","0.7671"
"2597891906","2729989068","3.53333"
"2729989068","2597891906","3.53333"
"2597891906","2901317285","4.85043"
"2901317285","2597891906","4.85043"
"2729989068","2901317285","0.366667"
"2901317285","2729989068","0.366667"
"2003113483","2597891906","2.8171"
"2597891906","2003113483","2.8171"
"1495498564","2009200860","2.8704"
"2009200860","1495498564","2.8704"
"1495498564","2597891906","0.5"
"2597891906","1495498564","0.5"
"1495498564","2729989068","0.166667"
"2729989068","1495498564","0.166667"
"1495498564","2901317285","0.166667"
"2901317285","1495498564","0.166667"
"2009200860","2103779463","0.75"
"2103779463","2009200860","0.75"
"2103779463","2597891906","0.75"
"2597891906","2103779463","0.75"
"2103779463","2729989068","0.416667"
"2729989068","2103779463","0.416667"
"2103779463","2901317285","0.166667"
"2901317285","2103779463","0.166667"
"2003113483","2901317285","1.15043"
"2901317285","2003113483","1.15043"
"2053327450","2171002355","1.81069"
"2171002355","2053327450","1.81069"
"1972626867","2125934571","0.314846"
"2125934571","1972626867","0.314846"
"1972626867","2612167438","0.514846"
"2612167438","1972626867","0.514846"
"2125934571","2138622732","0.814846"
"2138622732","2125934571","0.814846"
"2138622732","2612167438","0.314846"
"2612167438","2138622732","0.314846"
"2053327450","2183388804","0.111111"
"2183388804","2053327450","0.111111"
"2121771606","2183388804","0.222222"
"2183388804","2121771606","0.222222"
"2125934571","2183388804","0.111111"
"2183388804","2125934571","0.111111"
"2146579247","2183388804","0.111111"
"2183388804","2146579247","0.111111"
"2183388804","2612079653","0.111111"
"2612079653","2183388804","0.111111"
"2183388804","2612167438","0.111111"
"2612167438","2183388804","0.111111"
"1451201927","188814577","0.210145"
"188814577","1451201927","0.210145"
"1495498564","188814577","0.0434783"
"188814577","1495498564","0.0434783"
"1500581803","177465909","0.0434783"
"177465909","1500581803","0.0434783"
"1500581803","188814577","0.186335"
"188814577","1500581803","0.186335"
"1500581803","2009200860","0.0434783"
"2009200860","1500581803","0.0434783"
"1579590865","177465909","0.0434783"
"177465909","1579590865","0.0434783"
"1579590865","188814577","0.210145"
"188814577","1579590865","0.210145"
"1579590865","2009200860","0.0434783"
"2009200860","1579590865","0.0434783"
"170845318","177465909","0.0434783"
"177465909","170845318","0.0434783"
"170845318","188814577","0.0434783"
"188814577","170845318","0.0434783"
"170845318","2009200860","0.0434783"
"2009200860","170845318","0.0434783"
"177465909","188814577","0.0434783"
"188814577","177465909","0.0434783"
"177465909","1972626867","0.0434783"
"1972626867","177465909","0.0434783"
"177465909","2009200860","0.543478"
"2009200860","177465909","0.543478"
"177465909","2065646798","0.376812"
"2065646798","177465909","0.376812"
"177465909","2109692881","0.0434783"
"2109692881","177465909","0.0434783"
"177465909","2121771606","0.0434783"
"2121771606","177465909","0.0434783"
"177465909","2125934571","0.0434783"
"2125934571","177465909","0.0434783"
"177465909","2138622732","0.0434783"
"2138622732","177465909","0.0434783"
"177465909","2146146776","0.0434783"
"2146146776","177465909","0.0434783"
"177465909","2146579247","0.0434783"
"2146579247","177465909","0.0434783"
"177465909","2153690411","0.210145"
"2153690411","177465909","0.210145"
"177465909","2171002355","0.376812"
"2171002355","177465909","0.376812"
"177465909","2612079653","0.0434783"
"2612079653","177465909","0.0434783"
"177465909","2612167438","0.0434783"
"2612167438","177465909","0.0434783"
"177465909","70959085","0.0434783"
"70959085","177465909","0.0434783"
"177465909","81420581","0.0434783"
"81420581","177465909","0.0434783"
"188814577","1972626867","0.353002"
"1972626867","188814577","0.353002"
"188814577","2009200860","0.0434783"
"2009200860","188814577","0.0434783"
"188814577","2048580982","0.0434783"
"2048580982","188814577","0.0434783"
"188814577","2065646798","1.103"
"2065646798","188814577","1.103"
"188814577","2072325005","0.519669"
"2072325005","188814577","0.519669"
"188814577","2109692881","0.626812"
"2109692881","188814577","0.626812"
"188814577","2121771606","0.0434783"
"2121771606","188814577","0.0434783"
"188814577","2125934571","0.0434783"
"2125934571","188814577","0.0434783"
"188814577","2138622732","0.686335"
"2138622732","188814577","0.686335"
"188814577","2146146776","0.293478"
"2146146776","188814577","0.293478"
"188814577","2146579247","0.0434783"
"2146579247","188814577","0.0434783"
"188814577","2153690411","0.0434783"
"2153690411","188814577","0.0434783"
"188814577","2171002355","0.293478"
"2171002355","188814577","0.293478"
"188814577","2612079653","0.0434783"
"2612079653","188814577","0.0434783"
"188814577","2612167438","0.0434783"
"2612167438","188814577","0.0434783"
"188814577","70959085","1.54348"
"70959085","188814577","1.54348"
"188814577","81420581","0.936335"
"81420581","188814577","0.936335"
"1972626867","2009200860","0.120401"
"2009200860","1972626867","0.120401"
"1972626867","2109692881","0.403735"
"2109692881","1972626867","0.403735"
"1972626867","2121771606","0.314846"
"2121771606","1972626867","0.314846"
"1972626867","2612079653","0.126812"
"2612079653","1972626867","0.126812"
"2009200860","2065646798","0.376812"
"2065646798","2009200860","0.376812"
"2009200860","2072325005","0.537068"
"2072325005","2009200860","0.537068"
"2009200860","2109692881","0.370401"
"2109692881","2009200860","0.370401"
"2009200860","2121771606","0.596592"
"2121771606","2009200860","0.596592"
"2009200860","2125934571","0.120401"
"2125934571","2009200860","0.120401"
"2009200860","2138622732","0.120401"
"2138622732","2009200860","0.120401"
"2009200860","2146146776","1.8704"
"2146146776","2009200860","1.8704"
"2009200860","2146579247","0.0434783"
"2146579247","2009200860","0.0434783"
"2009200860","2153690411","0.293478"
"2153690411","2009200860","0.293478"
"2009200860","2171002355","0.513258"
"2171002355","2009200860","0.513258"
"2009200860","2612079653","0.0434783"
"2612079653","2009200860","0.0434783"
"2009200860","2612167438","0.120401"
"2612167438","2009200860","0.120401"
"2009200860","70959085","0.376812"
"70959085","2009200860","0.376812"
"2009200860","81420581","0.120401"
"81420581","2009200860","0.120401"
"2109692881","2138622732","1.0204"
"2138622732","2109692881","1.0204"
"2109692881","2146146776","1.5704"
"2146146776","2109692881","1.5704"
"2109692881","2171002355","2.56485"
"2171002355","2109692881","2.56485"
"2125934571","2146146776","0.30222"
"2146146776","2125934571","0.30222"
"2125934571","2171002355","0.744644"
"2171002355","2125934571","0.744644"
"2138622732","2612079653","0.0434783"
"2612079653","2138622732","0.0434783"
"2146146776","2612167438","0.30222"
"2612167438","2146146776","0.30222"
"2171002355","2612079653","0.0434783"
"2612079653","2171002355","0.0434783"
"2171002355","2612167438","0.744644"
"2612167438","2171002355","0.744644"
"2121771606","2597891906","0.658009"
"2597891906","2121771606","0.658009"
"2121771606","2901317285","0.400433"
"2901317285","2121771606","0.400433"
"2171002355","2597891906","0.233766"
"2597891906","2171002355","0.233766"
"2171002355","2901317285","0.483766"
"2901317285","2171002355","0.483766"
"1451201927","2954839330","0.0833333"
"2954839330","1451201927","0.0833333"
"1500581803","1979836908","0.783333"
"1979836908","1500581803","0.783333"
"1500581803","2954839330","0.0833333"
"2954839330","1500581803","0.0833333"
"1972626867","1979836908","0.0833333"
"1979836908","1972626867","0.0833333"
"1972626867","2954839330","0.0833333"
"2954839330","1972626867","0.0833333"
"1979836908","2048580982","0.0833333"
"2048580982","1979836908","0.0833333"
"1979836908","2109692881","0.0833333"
"2109692881","1979836908","0.0833333"
"1979836908","2121771606","0.0833333"
"2121771606","1979836908","0.0833333"
"1979836908","2954839330","0.0833333"
"2954839330","1979836908","0.0833333"
"2048580982","2954839330","0.0833333"
"2954839330","2048580982","0.0833333"
"2072325005","2954839330","0.0833333"
"2954839330","2072325005","0.0833333"
"2109692881","2954839330","0.0833333"
"2954839330","2109692881","0.0833333"
"2121771606","2954839330","0.0833333"
"2954839330","2121771606","0.0833333"
"2146146776","2954839330","0.0833333"
"2954839330","2146146776","0.0833333"
"2146579247","2954839330","0.0833333"
"2954839330","2146579247","0.0833333"
"2612079653","2954839330","0.0833333"
"2954839330","2612079653","0.0833333"
"2954839330","70959085","0.0833333"
"70959085","2954839330","0.0833333"
"2048580982","2103779463","0.625"
"2103779463","2048580982","0.625"
"2103779463","2109692881","0.125"
"2109692881","2103779463","0.125"
"2103779463","2121771606","0.125"
"2121771606","2103779463","0.125"
"1500581803","2003113483","0.290909"
"2003113483","1500581803","0.290909"
"1500581803","2597891906","0.181818"
"2597891906","1500581803","0.181818"
"1500581803","2901317285","0.0909091"
"2901317285","1500581803","0.0909091"
"2003113483","2146146776","2.59091"
"2146146776","2003113483","2.59091"
"2072325005","2597891906","0.181818"
"2597891906","2072325005","0.181818"
"2072325005","2901317285","0.0909091"
"2901317285","2072325005","0.0909091"
"2125934571","2597891906","0.181818"
"2597891906","2125934571","0.181818"
"2125934571","2901317285","0.0909091"
"2901317285","2125934571","0.0909091"
"2146146776","2597891906","2.18182"
"2597891906","2146146776","2.18182"
"2146146776","2901317285","0.507576"
"2901317285","2146146776","0.507576"
"2597891906","2612167438","0.181818"
"2612167438","2597891906","0.181818"
"2612167438","2901317285","0.0909091"
"2901317285","2612167438","0.0909091"
"1495498564","2954449296","0.333333"
"2954449296","1495498564","0.333333"
"2048580982","2954449296","0.333333"
"2954449296","2048580982","0.333333"
"1495498564","2003113483","0.833333"
"2003113483","1495498564","0.833333"
"2003113483","2069920427","0.583333"
"2069920427","2003113483","0.583333"
"2003113483","2729989068","0.416667"
"2729989068","2003113483","0.416667"
"2121771606","2729989068","0.166667"
"2729989068","2121771606","0.166667"
"2146146776","2729989068","0.166667"
"2729989068","2146146776","0.166667"
"1451201927","58726672","0.166667"
"58726672","1451201927","0.166667"
"188814577","58726672","0.892857"
"58726672","188814577","0.892857"
"2065646798","58726672","1.14286"
"58726672","2065646798","1.14286"
"2072325005","58726672","0.71978"
"58726672","2072325005","0.71978"
"2138622732","58726672","2.80311"
"58726672","2138622732","2.80311"
"58726672","70959085","3.83333"
"70959085","58726672","3.83333"
"2003113483","2048580982","0.366667"
"2048580982","2003113483","0.366667"
"2048580982","2597891906","0.257576"
"2597891906","2048580982","0.257576"
"2003113483","2103779463","0.25"
"2103779463","2003113483","0.25"
"2069920427","2103779463","4.25"
"2103779463","2069920427","4.25"
"177465909","2069920427","0.166667"
"2069920427","177465909","0.166667"
"2069920427","2183388804","0.166667"
"2183388804","2069920427","0.166667"
"2153690411","2183388804","0.166667"
"2183388804","2153690411","0.166667"
"1500581803","2183388804","0.111111"
"2183388804","1500581803","0.111111"
"2065646798","2183388804","0.111111"
"2183388804","2065646798","0.111111"
"2109692881","2183388804","0.111111"
"2183388804","2109692881","0.111111"
"2171002355","2183388804","0.111111"
"2183388804","2171002355","0.111111"
"2183388804","70959085","1.11111"
"70959085","2183388804","1.11111"
"2183388804","81420581","0.111111"
"81420581","2183388804","0.111111"
"1500581803","1987225105","0.0909091"
"1987225105","1500581803","0.0909091"
"1987225105","2048580982","0.0909091"
"2048580982","1987225105","0.0909091"
"1987225105","2153690411","0.0909091"
"2153690411","1987225105","0.0909091"
"1987225105","2597891906","0.0909091"
"2597891906","1987225105","0.0909091"
"2153690411","2597891906","0.0909091"
"2597891906","2153690411","0.0909091"
"1495498564","58726672","0.0769231"
"58726672","1495498564","0.0769231"
"1972626867","2053327450","1.07692"
"2053327450","1972626867","1.07692"
"1972626867","58726672","0.21978"
"58726672","1972626867","0.21978"
"2009200860","58726672","0.0769231"
"58726672","2009200860","0.0769231"
"2053327450","2138622732","0.0769231"
"2138622732","2053327450","0.0769231"
"2053327450","58726672","0.0769231"
"58726672","2053327450","0.0769231"
"2109692881","58726672","1.24359"
"58726672","2109692881","1.24359"
"2121771606","58726672","0.0769231"
"58726672","2121771606","0.0769231"
"2125934571","58726672","0.0769231"
"58726672","2125934571","0.0769231"
"2146146776","58726672","0.326923"
"58726672","2146146776","0.326923"
"2171002355","58726672","0.576923"
"58726672","2171002355","0.576923"
"2612167438","58726672","0.0769231"
"58726672","2612167438","0.0769231"
"58726672","81420581","1.30311"
"81420581","58726672","1.30311"
"1979836908","2125934571","3.78333"
"2125934571","1979836908","3.78333"
"1979836908","2171002355","0.2"
"2171002355","1979836908","0.2"
"1979836908","2612167438","3.78333"
"2612167438","1979836908","3.78333"
"1500581803","58726672","0.142857"
"58726672","1500581803","0.142857"
"2003113483","2153690411","0.2"
"2153690411","2003113483","0.2"
"1579590865","58726672","0.166667"
"58726672","1579590865","0.166667"
"188814577","2597891906","0.333333"
"2597891906","188814577","0.333333"
"188814577","2901317285","0.333333"
"2901317285","188814577","0.333333"
"2597891906","70959085","0.5"
"70959085","2597891906","0.5"
"2901317285","70959085","1.5"
"70959085","2901317285","1.5"
"1979836908","2028735428","0.5"
"2028735428","1979836908","0.5"
"2028735428","2053327450","0.5"
"2053327450","2028735428","0.5"
"2003113483","2065646798","0.166667"
"2065646798","2003113483","0.166667"
"2003113483","70959085","0.166667"
"70959085","2003113483","0.166667"
"2065646798","2597891906","0.166667"
"2597891906","2065646798","0.166667"
"2065646798","2901317285","0.166667"
"2901317285","2065646798","0.166667"
"2009200860","2402856556","0.833333"
"2402856556","2009200860","0.833333"
"2103779463","2402856556","0.333333"
"2402856556","2103779463","0.333333"
"2402856556","2597891906","0.333333"
"2597891906","2402856556","0.333333"
"2109692881","2901317285","0.25"
"2901317285","2109692881","0.25"
"2009200860","2954839330","0.75"
"2954839330","2009200860","0.75"
"2402856556","2954839330","0.5"
"2954839330","2402856556","0.5"
"2103779463","2954839330","0.25"
"2954839330","2103779463","0.25"
"2597891906","2954839330","1.25"
"2954839330","2597891906","1.25"
"2729989068","2954839330","0.25"
"2954839330","2729989068","0.25"
"2028735428","2950205687","1"
"2950205687","2028735428","1"
"2053327450","2092388562","3.5"
"2092388562","2053327450","3.5"
"2053327450","777131852","0.5"
"777131852","2053327450","0.5"
"2092388562","777131852","0.5"
"777131852","2092388562","0.5"
"2065646798","2243281098","0.333333"
"2243281098","2065646798","0.333333"
"2243281098","70959085","0.333333"
"70959085","2243281098","0.333333"
"2243281098","81420581","0.333333"
"81420581","2243281098","0.333333"
"2069920427","2954839330","1"
"2954839330","2069920427","1"
"2092388562","2125934571","2.5"
"2125934571","2092388562","2.5"
"2092388562","2612167438","2.5"
"2612167438","2092388562","2.5"
"2092388562","2243281098","1"
"2243281098","2092388562","1"
"2103779463","2954449296","1"
"2954449296","2103779463","1"
"2954449296","2954839330","3"
"2954839330","2954449296","3"
