"1496838008","1689870062","0.49359"
"1689870062","1496838008","0.49359"
"1496838008","1886625064","0.49359"
"1886625064","1496838008","0.49359"
"1496838008","2134066998","0.49359"
"2134066998","1496838008","0.49359"
"1689870062","1886625064","0.49359"
"1886625064","1689870062","0.49359"
"1689870062","2134066998","0.49359"
"2134066998","1689870062","0.49359"
"1886625064","2134066998","17.6864"
"2134066998","1886625064","17.6864"
"1496838008","1525022364","0.410256"
"1525022364","1496838008","0.410256"
"1496838008","2134091519","0.410256"
"2134091519","1496838008","0.410256"
"1496838008","2145367887","0.410256"
"2145367887","1496838008","0.410256"
"1496838008","2166065240","0.410256"
"2166065240","1496838008","0.410256"
"1525022364","2134091519","0.651923"
"2134091519","1525022364","0.651923"
"1525022364","2145367887","12.8519"
"2145367887","1525022364","12.8519"
"1525022364","2166065240","0.610256"
"2166065240","1525022364","0.610256"
"2134091519","2145367887","0.651923"
"2145367887","2134091519","0.651923"
"2134091519","2166065240","1.57692"
"2166065240","2134091519","1.57692"
"2145367887","2166065240","1.24622"
"2166065240","2145367887","1.24622"
"1496838008","2127045627","1"
"2127045627","1496838008","1"
"1496838008","2163308664","1"
"2163308664","1496838008","1"
"2127045627","2163308664","6.5"
"2163308664","2127045627","6.5"
"1496838008","2143082089","0.5"
"2143082089","1496838008","0.5"
"1496838008","9052664","0.576923"
"9052664","1496838008","0.576923"
"2143082089","9052664","5.53333"
"9052664","2143082089","5.53333"
"1496838008","2044396529","0.160256"
"2044396529","1496838008","0.160256"
"1496838008","2070873282","0.160256"
"2070873282","1496838008","0.160256"
"1496838008","2101341488","0.0769231"
"2101341488","1496838008","0.0769231"
"1496838008","2114839529","0.160256"
"2114839529","1496838008","0.160256"
"1496838008","2150395559","0.160256"
"2150395559","1496838008","0.160256"
"1525022364","1689870062","0.24359"
"1689870062","1525022364","0.24359"
"1525022364","1886625064","0.160256"
"1886625064","1525022364","0.160256"
"1525022364","2044396529","0.285256"
"2044396529","1525022364","0.285256"
"1525022364","2070873282","0.201923"
"2070873282","1525022364","0.201923"
"1525022364","2101341488","0.160256"
"2101341488","1525022364","0.160256"
"1525022364","2114839529","0.24359"
"2114839529","1525022364","0.24359"
"1525022364","2134066998","0.160256"
"2134066998","1525022364","0.160256"
"1525022364","2150395559","0.201923"
"2150395559","1525022364","0.201923"
"1525022364","9052664","0.0769231"
"9052664","1525022364","0.0769231"
"1689870062","2044396529","0.326923"
"2044396529","1689870062","0.326923"
"1689870062","2070873282","0.160256"
"2070873282","1689870062","0.160256"
"1689870062","2101341488","2.82692"
"2101341488","1689870062","2.82692"
"1689870062","2114839529","0.326923"
"2114839529","1689870062","0.326923"
"1689870062","2134091519","0.326923"
"2134091519","1689870062","0.326923"
"1689870062","2145367887","0.24359"
"2145367887","1689870062","0.24359"
"1689870062","2150395559","0.160256"
"2150395559","1689870062","0.160256"
"1689870062","2166065240","0.326923"
"2166065240","1689870062","0.326923"
"1689870062","9052664","0.0769231"
"9052664","1689870062","0.0769231"
"1886625064","2044396529","0.260256"
"2044396529","1886625064","0.260256"
"1886625064","2070873282","0.160256"
"2070873282","1886625064","0.160256"
"1886625064","2101341488","0.376923"
"2101341488","1886625064","0.376923"
"1886625064","2114839529","0.260256"
"2114839529","1886625064","0.260256"
"1886625064","2134091519","0.260256"
"2134091519","1886625064","0.260256"
"1886625064","2145367887","0.160256"
"2145367887","1886625064","0.160256"
"1886625064","2150395559","0.160256"
"2150395559","1886625064","0.160256"
"1886625064","2166065240","0.160256"
"2166065240","1886625064","0.160256"
"1886625064","9052664","0.0769231"
"9052664","1886625064","0.0769231"
"2044396529","2070873282","0.264423"
"2070873282","2044396529","0.264423"
"2044396529","2101341488","0.54359"
"2101341488","2044396529","0.54359"
"2044396529","2114839529","3.15575"
"2114839529","2044396529","3.15575"
"2044396529","2134066998","0.260256"
"2134066998","2044396529","0.260256"
"2044396529","2134091519","3.62395"
"2134091519","2044396529","3.62395"
"2044396529","2145367887","0.587888"
"2145367887","2044396529","0.587888"
"2044396529","2150395559","0.201923"
"2150395559","2044396529","0.201923"
"2044396529","2166065240","0.629555"
"2166065240","2044396529","0.629555"
"2044396529","9052664","0.0769231"
"9052664","2044396529","0.0769231"
"2070873282","2101341488","0.0769231"
"2101341488","2070873282","0.0769231"
"2070873282","2114839529","0.160256"
"2114839529","2070873282","0.160256"
"2070873282","2134066998","0.979304"
"2134066998","2070873282","0.979304"
"2070873282","2134091519","0.264423"
"2134091519","2070873282","0.264423"
"2070873282","2145367887","0.313034"
"2145367887","2070873282","0.313034"
"2070873282","2150395559","7.01542"
"2150395559","2070873282","7.01542"
"2070873282","2166065240","0.160256"
"2166065240","2070873282","0.160256"
"2070873282","9052664","0.326923"
"9052664","2070873282","0.326923"
"2101341488","2114839529","0.54359"
"2114839529","2101341488","0.54359"
"2101341488","2134066998","0.376923"
"2134066998","2101341488","0.376923"
"2101341488","2134091519","0.54359"
"2134091519","2101341488","0.54359"
"2101341488","2145367887","0.160256"
"2145367887","2101341488","0.160256"
"2101341488","2150395559","0.0769231"
"2150395559","2101341488","0.0769231"
"2101341488","2166065240","0.24359"
"2166065240","2101341488","0.24359"
"2101341488","9052664","0.0769231"
"9052664","2101341488","0.0769231"
"2114839529","2134066998","0.260256"
"2134066998","2114839529","0.260256"
"2114839529","2134091519","3.26978"
"2134091519","2114839529","3.26978"
"2114839529","2145367887","0.712888"
"2145367887","2114839529","0.712888"
"2114839529","2150395559","0.160256"
"2150395559","2114839529","0.160256"
"2114839529","2166065240","0.796221"
"2166065240","2114839529","0.796221"
"2114839529","9052664","0.0769231"
"9052664","2114839529","0.0769231"
"2134066998","2134091519","0.260256"
"2134091519","2134066998","0.260256"
"2134066998","2145367887","0.160256"
"2145367887","2134066998","0.160256"
"2134066998","2150395559","0.445971"
"2150395559","2134066998","0.445971"
"2134066998","2166065240","0.160256"
"2166065240","2134066998","0.160256"
"2134066998","9052664","0.0769231"
"9052664","2134066998","0.0769231"
"2134091519","2150395559","0.201923"
"2150395559","2134091519","0.201923"
"2134091519","9052664","0.0769231"
"9052664","2134091519","0.0769231"
"2145367887","2150395559","0.313034"
"2150395559","2145367887","0.313034"
"2145367887","9052664","0.0769231"
"9052664","2145367887","0.0769231"
"2150395559","2166065240","0.160256"
"2166065240","2150395559","0.160256"
"2150395559","9052664","0.0769231"
"9052664","2150395559","0.0769231"
"2166065240","9052664","0.0769231"
"9052664","2166065240","0.0769231"
"1496838008","2110307645","0.0833333"
"2110307645","1496838008","0.0833333"
"1525022364","2110307645","0.741667"
"2110307645","1525022364","0.741667"
"1689870062","2110307645","0.333333"
"2110307645","1689870062","0.333333"
"1886625064","2110307645","0.35"
"2110307645","1886625064","0.35"
"2044396529","2110307645","0.560965"
"2110307645","2044396529","0.560965"
"2070873282","2110307645","0.625"
"2110307645","2070873282","0.625"
"2110307645","2114839529","0.519298"
"2114839529","2110307645","0.519298"
"2110307645","2134066998","0.35"
"2134066998","2110307645","0.35"
"2110307645","2134091519","0.825"
"2134091519","2110307645","0.825"
"2110307645","2145367887","0.794298"
"2145367887","2110307645","0.794298"
"2110307645","2150395559","0.625"
"2150395559","2110307645","0.625"
"2110307645","2166065240","0.385965"
"2166065240","2110307645","0.385965"
"1525022364","2150786161","1.24167"
"2150786161","1525022364","1.24167"
"1525022364","2161538570","0.241667"
"2161538570","1525022364","0.241667"
"1525022364","2991645263","0.283333"
"2991645263","1525022364","0.283333"
"2145367887","2150786161","1.07208"
"2150786161","2145367887","1.07208"
"2145367887","2161538570","1.01944"
"2161538570","2145367887","1.01944"
"2145367887","2991645263","0.45"
"2991645263","2145367887","0.45"
"2150786161","2161538570","0.352778"
"2161538570","2150786161","0.352778"
"2150786161","2166065240","0.752632"
"2166065240","2150786161","0.752632"
"2150786161","2991645263","0.366667"
"2991645263","2150786161","0.366667"
"2161538570","2166065240","0.366667"
"2166065240","2161538570","0.366667"
"2161538570","2991645263","0.2"
"2991645263","2161538570","0.2"
"2166065240","2991645263","0.366667"
"2991645263","2166065240","0.366667"
"1525022364","2052776473","0.125"
"2052776473","1525022364","0.125"
"1525022364","2098975596","0.0833333"
"2098975596","1525022364","0.0833333"
"1525022364","2102772625","0.541667"
"2102772625","1525022364","0.541667"
"1525022364","2123313328","0.408333"
"2123313328","1525022364","0.408333"
"1525022364","2143528108","0.0833333"
"2143528108","1525022364","0.0833333"
"1525022364","2143728276","0.541667"
"2143728276","1525022364","0.541667"
"1525022364","2144528247","0.0833333"
"2144528247","1525022364","0.0833333"
"1525022364","90309185","1.70833"
"90309185","1525022364","1.70833"
"1689870062","2052776473","0.0833333"
"2052776473","1689870062","0.0833333"
"1689870062","2098975596","0.25"
"2098975596","1689870062","0.25"
"1689870062","2102772625","0.45"
"2102772625","1689870062","0.45"
"1689870062","2123313328","0.0833333"
"2123313328","1689870062","0.0833333"
"1689870062","2143528108","0.0833333"
"2143528108","1689870062","0.0833333"
"1689870062","2143728276","0.75"
"2143728276","1689870062","0.75"
"1689870062","2144528247","0.0833333"
"2144528247","1689870062","0.0833333"
"1689870062","90309185","0.616667"
"90309185","1689870062","0.616667"
"2052776473","2098975596","0.0833333"
"2098975596","2052776473","0.0833333"
"2052776473","2101341488","0.0833333"
"2101341488","2052776473","0.0833333"
"2052776473","2102772625","1.125"
"2102772625","2052776473","1.125"
"2052776473","2110307645","0.125"
"2110307645","2052776473","0.125"
"2052776473","2123313328","0.125"
"2123313328","2052776473","0.125"
"2052776473","2143528108","0.583333"
"2143528108","2052776473","0.583333"
"2052776473","2143728276","0.125"
"2143728276","2052776473","0.125"
"2052776473","2144528247","1.93016"
"2144528247","2052776473","1.93016"
"2052776473","2145367887","0.125"
"2145367887","2052776473","0.125"
"2052776473","90309185","0.125"
"90309185","2052776473","0.125"
"2098975596","2101341488","0.183333"
"2101341488","2098975596","0.183333"
"2098975596","2102772625","3.57763"
"2102772625","2098975596","3.57763"
"2098975596","2110307645","1.93596"
"2110307645","2098975596","1.93596"
"2098975596","2123313328","0.0833333"
"2123313328","2098975596","0.0833333"
"2098975596","2143528108","0.0833333"
"2143528108","2098975596","0.0833333"
"2098975596","2143728276","3.0443"
"2143728276","2098975596","3.0443"
"2098975596","2144528247","0.0833333"
"2144528247","2098975596","0.0833333"
"2098975596","2145367887","0.302632"
"2145367887","2098975596","0.302632"
"2098975596","90309185","0.760965"
"90309185","2098975596","0.760965"
"2101341488","2102772625","0.0833333"
"2102772625","2101341488","0.0833333"
"2101341488","2110307645","0.383333"
"2110307645","2101341488","0.383333"
"2101341488","2123313328","0.283333"
"2123313328","2101341488","0.283333"
"2101341488","2143528108","0.283333"
"2143528108","2101341488","0.283333"
"2101341488","2143728276","0.583333"
"2143728276","2101341488","0.583333"
"2101341488","2144528247","0.0833333"
"2144528247","2101341488","0.0833333"
"2101341488","90309185","0.25"
"90309185","2101341488","0.25"
"2102772625","2110307645","2.21096"
"2110307645","2102772625","2.21096"
"2102772625","2123313328","0.208333"
"2123313328","2102772625","0.208333"
"2102772625","2143528108","0.0833333"
"2143528108","2102772625","0.0833333"
"2102772625","2143728276","10.4193"
"2143728276","2102772625","10.4193"
"2102772625","2144528247","0.416667"
"2144528247","2102772625","0.416667"
"2102772625","2145367887","0.760965"
"2145367887","2102772625","0.760965"
"2102772625","90309185","1.4193"
"90309185","2102772625","1.4193"
"2110307645","2123313328","1.40833"
"2123313328","2110307645","1.40833"
"2110307645","2143528108","0.583333"
"2143528108","2110307645","0.583333"
"2110307645","2143728276","0.677632"
"2143728276","2110307645","0.677632"
"2110307645","2144528247","0.0833333"
"2144528247","2110307645","0.0833333"
"2110307645","90309185","1.01096"
"90309185","2110307645","1.01096"
"2123313328","2143528108","1.28333"
"2143528108","2123313328","1.28333"
"2123313328","2143728276","0.208333"
"2143728276","2123313328","0.208333"
"2123313328","2144528247","0.0833333"
"2144528247","2123313328","0.0833333"
"2123313328","2145367887","0.408333"
"2145367887","2123313328","0.408333"
"2123313328","90309185","0.208333"
"90309185","2123313328","0.208333"
"2143528108","2143728276","0.0833333"
"2143728276","2143528108","0.0833333"
"2143528108","2144528247","0.0833333"
"2144528247","2143528108","0.0833333"
"2143528108","2145367887","0.0833333"
"2145367887","2143528108","0.0833333"
"2143528108","90309185","0.0833333"
"90309185","2143528108","0.0833333"
"2143728276","2144528247","0.0833333"
"2144528247","2143728276","0.0833333"
"2143728276","2145367887","1.26096"
"2145367887","2143728276","1.26096"
"2143728276","90309185","0.885965"
"90309185","2143728276","0.885965"
"2144528247","2145367887","0.0833333"
"2145367887","2144528247","0.0833333"
"2144528247","90309185","0.0833333"
"90309185","2144528247","0.0833333"
"2145367887","90309185","2.01096"
"90309185","2145367887","2.01096"
"1525022364","2019257047","1.04167"
"2019257047","1525022364","1.04167"
"1525022364","2066687630","1.2"
"2066687630","1525022364","1.2"
"2066687630","2110307645","0.6"
"2110307645","2066687630","0.6"
"2066687630","2123313328","0.2"
"2123313328","2066687630","0.2"
"2066687630","2134091519","0.2625"
"2134091519","2066687630","0.2625"
"2066687630","2145367887","0.2"
"2145367887","2066687630","0.2"
"2123313328","2134091519","0.241667"
"2134091519","2123313328","0.241667"
"1525022364","1981075560","0.541667"
"1981075560","1525022364","0.541667"
"1981075560","2150786161","0.927632"
"2150786161","1981075560","0.927632"
"1525022364","2081326554","0.125"
"2081326554","1525022364","0.125"
"1525022364","2097625504","0.0833333"
"2097625504","1525022364","0.0833333"
"1525022364","2136112704","0.0833333"
"2136112704","1525022364","0.0833333"
"2044396529","2081326554","0.377632"
"2081326554","2044396529","0.377632"
"2044396529","2097625504","0.135965"
"2097625504","2044396529","0.135965"
"2044396529","2102772625","0.377632"
"2102772625","2044396529","0.377632"
"2044396529","2123313328","0.125"
"2123313328","2044396529","0.125"
"2044396529","2136112704","0.0833333"
"2136112704","2044396529","0.0833333"
"2044396529","2143728276","0.177632"
"2143728276","2044396529","0.177632"
"2044396529","2991645263","0.0833333"
"2991645263","2044396529","0.0833333"
"2044396529","90309185","0.594298"
"90309185","2044396529","0.594298"
"2081326554","2097625504","0.135965"
"2097625504","2081326554","0.135965"
"2081326554","2102772625","1.63596"
"2102772625","2081326554","1.63596"
"2081326554","2110307645","1.37763"
"2110307645","2081326554","1.37763"
"2081326554","2114839529","0.335965"
"2114839529","2081326554","0.335965"
"2081326554","2123313328","0.125"
"2123313328","2081326554","0.125"
"2081326554","2136112704","0.208333"
"2136112704","2081326554","0.208333"
"2081326554","2143728276","1.63596"
"2143728276","2081326554","1.63596"
"2081326554","2145367887","0.177632"
"2145367887","2081326554","0.177632"
"2081326554","2991645263","0.0833333"
"2991645263","2081326554","0.0833333"
"2081326554","90309185","0.302632"
"90309185","2081326554","0.302632"
"2097625504","2102772625","1.13596"
"2102772625","2097625504","1.13596"
"2097625504","2110307645","0.135965"
"2110307645","2097625504","0.135965"
"2097625504","2114839529","0.135965"
"2114839529","2097625504","0.135965"
"2097625504","2123313328","0.0833333"
"2123313328","2097625504","0.0833333"
"2097625504","2136112704","0.0833333"
"2136112704","2097625504","0.0833333"
"2097625504","2143728276","0.469298"
"2143728276","2097625504","0.469298"
"2097625504","2145367887","0.302632"
"2145367887","2097625504","0.302632"
"2097625504","2991645263","0.25"
"2991645263","2097625504","0.25"
"2097625504","90309185","0.469298"
"90309185","2097625504","0.469298"
"2102772625","2114839529","0.302632"
"2114839529","2102772625","0.302632"
"2102772625","2136112704","0.991667"
"2136112704","2102772625","0.991667"
"2102772625","2991645263","0.533333"
"2991645263","2102772625","0.533333"
"2110307645","2136112704","0.0833333"
"2136112704","2110307645","0.0833333"
"2110307645","2991645263","0.0833333"
"2991645263","2110307645","0.0833333"
"2114839529","2123313328","0.0833333"
"2123313328","2114839529","0.0833333"
"2114839529","2136112704","0.0833333"
"2136112704","2114839529","0.0833333"
"2114839529","2143728276","0.302632"
"2143728276","2114839529","0.302632"
"2114839529","2991645263","0.0833333"
"2991645263","2114839529","0.0833333"
"2114839529","90309185","0.552632"
"90309185","2114839529","0.552632"
"2123313328","2136112704","0.0833333"
"2136112704","2123313328","0.0833333"
"2123313328","2991645263","0.0833333"
"2991645263","2123313328","0.0833333"
"2136112704","2143728276","0.658333"
"2143728276","2136112704","0.658333"
"2136112704","2145367887","0.0833333"
"2145367887","2136112704","0.0833333"
"2136112704","2991645263","1.03333"
"2991645263","2136112704","1.03333"
"2136112704","90309185","0.541667"
"90309185","2136112704","0.541667"
"2143728276","2991645263","0.533333"
"2991645263","2143728276","0.533333"
"2991645263","90309185","0.0833333"
"90309185","2991645263","0.0833333"
"2110307645","2150786161","0.344298"
"2150786161","2110307645","0.344298"
"2150786161","90309185","0.594298"
"90309185","2150786161","0.594298"
"1525022364","2035835786","0.0416667"
"2035835786","1525022364","0.0416667"
"1525022364","2042600809","0.0416667"
"2042600809","1525022364","0.0416667"
"1525022364","2087515886","0.0416667"
"2087515886","1525022364","0.0416667"
"1525022364","2098046929","0.0416667"
"2098046929","1525022364","0.0416667"
"1525022364","2108769867","0.0416667"
"2108769867","1525022364","0.0416667"
"1525022364","2133464983","0.291667"
"2133464983","1525022364","0.291667"
"1525022364","2147386665","0.0416667"
"2147386665","1525022364","0.0416667"
"1525022364","2530824252","0.0416667"
"2530824252","1525022364","0.0416667"
"1981075560","2019257047","2.33299"
"2019257047","1981075560","2.33299"
"1981075560","2035835786","0.756798"
"2035835786","1981075560","0.756798"
"1981075560","2042600809","0.184524"
"2042600809","1981075560","0.184524"
"1981075560","2044396529","0.399655"
"2044396529","1981075560","0.399655"
"1981075560","2052776473","0.152778"
"2052776473","1981075560","0.152778"
"1981075560","2070873282","0.104167"
"2070873282","1981075560","0.104167"
"1981075560","2081326554","0.0942982"
"2081326554","1981075560","0.0942982"
"1981075560","2087515886","0.458333"
"2087515886","1981075560","0.458333"
"1981075560","2098046929","0.701243"
"2098046929","1981075560","0.701243"
"1981075560","2102772625","0.0942982"
"2102772625","1981075560","0.0942982"
"1981075560","2108769867","2.08036"
"2108769867","1981075560","2.08036"
"1981075560","2110307645","0.810965"
"2110307645","1981075560","0.810965"
"1981075560","2123313328","0.0416667"
"2123313328","1981075560","0.0416667"
"1981075560","2133464983","0.0942982"
"2133464983","1981075560","0.0942982"
"1981075560","2134091519","0.347024"
"2134091519","1981075560","0.347024"
"1981075560","2143728276","0.0942982"
"2143728276","1981075560","0.0942982"
"1981075560","2145367887","0.0942982"
"2145367887","1981075560","0.0942982"
"1981075560","2147386665","2.66369"
"2147386665","1981075560","2.66369"
"1981075560","2150395559","0.0416667"
"2150395559","1981075560","0.0416667"
"1981075560","2161538570","0.0416667"
"2161538570","1981075560","0.0416667"
"1981075560","2530824252","0.656798"
"2530824252","1981075560","0.656798"
"1981075560","90309185","0.0942982"
"90309185","1981075560","0.0942982"
"2019257047","2035835786","0.756798"
"2035835786","2019257047","0.756798"
"2019257047","2042600809","6.41071"
"2042600809","2019257047","6.41071"
"2019257047","2044396529","0.299655"
"2044396529","2019257047","0.299655"
"2019257047","2052776473","0.0416667"
"2052776473","2019257047","0.0416667"
"2019257047","2070873282","0.215278"
"2070873282","2019257047","0.215278"
"2019257047","2081326554","0.570489"
"2081326554","2019257047","0.570489"
"2019257047","2087515886","0.0416667"
"2087515886","2019257047","0.0416667"
"2019257047","2098046929","0.423465"
"2098046929","2019257047","0.423465"
"2019257047","2102772625","0.0942982"
"2102772625","2019257047","0.0942982"
"2019257047","2108769867","12.5343"
"2108769867","2019257047","12.5343"
"2019257047","2110307645","0.294298"
"2110307645","2019257047","0.294298"
"2019257047","2123313328","0.0416667"
"2123313328","2019257047","0.0416667"
"2019257047","2133464983","0.0942982"
"2133464983","2019257047","0.0942982"
"2019257047","2134091519","0.247024"
"2134091519","2019257047","0.247024"
"2019257047","2143728276","0.0942982"
"2143728276","2019257047","0.0942982"
"2019257047","2145367887","0.205409"
"2145367887","2019257047","0.205409"
"2019257047","2147386665","2.78433"
"2147386665","2019257047","2.78433"
"2019257047","2150395559","0.152778"
"2150395559","2019257047","0.152778"
"2019257047","2150786161","0.205409"
"2150786161","2019257047","0.205409"
"2019257047","2161538570","0.152778"
"2161538570","2019257047","0.152778"
"2019257047","2530824252","1.44013"
"2530824252","2019257047","1.44013"
"2019257047","90309185","0.0942982"
"90309185","2019257047","0.0942982"
"2035835786","2042600809","0.0416667"
"2042600809","2035835786","0.0416667"
"2035835786","2044396529","0.406798"
"2044396529","2035835786","0.406798"
"2035835786","2052776473","0.0416667"
"2052776473","2035835786","0.0416667"
"2035835786","2070873282","0.104167"
"2070873282","2035835786","0.104167"
"2035835786","2081326554","0.0942982"
"2081326554","2035835786","0.0942982"
"2035835786","2087515886","0.0416667"
"2087515886","2035835786","0.0416667"
"2035835786","2098046929","29.4068"
"2098046929","2035835786","29.4068"
"2035835786","2102772625","0.794298"
"2102772625","2035835786","0.794298"
"2035835786","2108769867","0.370833"
"2108769867","2035835786","0.370833"
"2035835786","2110307645","0.294298"
"2110307645","2035835786","0.294298"
"2035835786","2123313328","0.0416667"
"2123313328","2035835786","0.0416667"
"2035835786","2133464983","0.0942982"
"2133464983","2035835786","0.0942982"
"2035835786","2134091519","1.3875"
"2134091519","2035835786","1.3875"
"2035835786","2143728276","0.0942982"
"2143728276","2035835786","0.0942982"
"2035835786","2145367887","0.260965"
"2145367887","2035835786","0.260965"
"2035835786","2147386665","1.4875"
"2147386665","2035835786","1.4875"
"2035835786","2150395559","0.0416667"
"2150395559","2035835786","0.0416667"
"2035835786","2150786161","0.594298"
"2150786161","2035835786","0.594298"
"2035835786","2161538570","0.541667"
"2161538570","2035835786","0.541667"
"2035835786","2530824252","1.4568"
"2530824252","2035835786","1.4568"
"2035835786","90309185","0.294298"
"90309185","2035835786","0.294298"
"2042600809","2044396529","0.184524"
"2044396529","2042600809","0.184524"
"2042600809","2052776473","0.0416667"
"2052776473","2042600809","0.0416667"
"2042600809","2070873282","0.0416667"
"2070873282","2042600809","0.0416667"
"2042600809","2081326554","0.0416667"
"2081326554","2042600809","0.0416667"
"2042600809","2087515886","0.0416667"
"2087515886","2042600809","0.0416667"
"2042600809","2098046929","0.0416667"
"2098046929","2042600809","0.0416667"
"2042600809","2102772625","0.0416667"
"2102772625","2042600809","0.0416667"
"2042600809","2108769867","3.26786"
"2108769867","2042600809","3.26786"
"2042600809","2110307645","0.0416667"
"2110307645","2042600809","0.0416667"
"2042600809","2123313328","0.0416667"
"2123313328","2042600809","0.0416667"
"2042600809","2133464983","0.0416667"
"2133464983","2042600809","0.0416667"
"2042600809","2134091519","0.184524"
"2134091519","2042600809","0.184524"
"2042600809","2143728276","0.0416667"
"2143728276","2042600809","0.0416667"
"2042600809","2145367887","0.0416667"
"2145367887","2042600809","0.0416667"
"2042600809","2147386665","0.184524"
"2147386665","2042600809","0.184524"
"2042600809","2150395559","0.0416667"
"2150395559","2042600809","0.0416667"
"2042600809","2150786161","0.0416667"
"2150786161","2042600809","0.0416667"
"2042600809","2161538570","0.0416667"
"2161538570","2042600809","0.0416667"
"2042600809","2530824252","0.0416667"
"2530824252","2042600809","0.0416667"
"2042600809","90309185","0.0416667"
"90309185","2042600809","0.0416667"
"2044396529","2052776473","0.0416667"
"2052776473","2044396529","0.0416667"
"2044396529","2087515886","0.0416667"
"2087515886","2044396529","0.0416667"
"2044396529","2098046929","0.406798"
"2098046929","2044396529","0.406798"
"2044396529","2108769867","0.104167"
"2108769867","2044396529","0.104167"
"2044396529","2133464983","0.594298"
"2133464983","2044396529","0.594298"
"2044396529","2147386665","0.354167"
"2147386665","2044396529","0.354167"
"2044396529","2150786161","0.0942982"
"2150786161","2044396529","0.0942982"
"2044396529","2161538570","0.241667"
"2161538570","2044396529","0.241667"
"2044396529","2530824252","1.6568"
"2530824252","2044396529","1.6568"
"2052776473","2070873282","2.36071"
"2070873282","2052776473","2.36071"
"2052776473","2081326554","0.0416667"
"2081326554","2052776473","0.0416667"
"2052776473","2087515886","0.0416667"
"2087515886","2052776473","0.0416667"
"2052776473","2098046929","0.352778"
"2098046929","2052776473","0.352778"
"2052776473","2108769867","0.0416667"
"2108769867","2052776473","0.0416667"
"2052776473","2133464983","0.0416667"
"2133464983","2052776473","0.0416667"
"2052776473","2134091519","0.291667"
"2134091519","2052776473","0.291667"
"2052776473","2147386665","0.0416667"
"2147386665","2052776473","0.0416667"
"2052776473","2150395559","1.41071"
"2150395559","2052776473","1.41071"
"2052776473","2150786161","0.0416667"
"2150786161","2052776473","0.0416667"
"2052776473","2161538570","0.0416667"
"2161538570","2052776473","0.0416667"
"2052776473","2530824252","0.0416667"
"2530824252","2052776473","0.0416667"
"2070873282","2081326554","0.0416667"
"2081326554","2070873282","0.0416667"
"2070873282","2087515886","0.0416667"
"2087515886","2070873282","0.0416667"
"2070873282","2098046929","0.104167"
"2098046929","2070873282","0.104167"
"2070873282","2102772625","0.0416667"
"2102772625","2070873282","0.0416667"
"2070873282","2108769867","0.215278"
"2108769867","2070873282","0.215278"
"2070873282","2123313328","0.0416667"
"2123313328","2070873282","0.0416667"
"2070873282","2133464983","0.0416667"
"2133464983","2070873282","0.0416667"
"2070873282","2143728276","0.0416667"
"2143728276","2070873282","0.0416667"
"2070873282","2147386665","0.215278"
"2147386665","2070873282","0.215278"
"2070873282","2150786161","0.152778"
"2150786161","2070873282","0.152778"
"2070873282","2161538570","0.152778"
"2161538570","2070873282","0.152778"
"2070873282","2530824252","0.104167"
"2530824252","2070873282","0.104167"
"2070873282","90309185","0.0416667"
"90309185","2070873282","0.0416667"
"2081326554","2087515886","0.0416667"
"2087515886","2081326554","0.0416667"
"2081326554","2098046929","0.0942982"
"2098046929","2081326554","0.0942982"
"2081326554","2108769867","0.517857"
"2108769867","2081326554","0.517857"
"2081326554","2133464983","0.594298"
"2133464983","2081326554","0.594298"
"2081326554","2134091519","0.241667"
"2134091519","2081326554","0.241667"
"2081326554","2147386665","0.184524"
"2147386665","2081326554","0.184524"
"2081326554","2150395559","0.0416667"
"2150395559","2081326554","0.0416667"
"2081326554","2150786161","0.0942982"
"2150786161","2081326554","0.0942982"
"2081326554","2161538570","0.0416667"
"2161538570","2081326554","0.0416667"
"2081326554","2530824252","1.7193"
"2530824252","2081326554","1.7193"
"2087515886","2098046929","0.0416667"
"2098046929","2087515886","0.0416667"
"2087515886","2102772625","0.0416667"
"2102772625","2087515886","0.0416667"
"2087515886","2108769867","0.208333"
"2108769867","2087515886","0.208333"
"2087515886","2110307645","0.291667"
"2110307645","2087515886","0.291667"
"2087515886","2123313328","0.0416667"
"2123313328","2087515886","0.0416667"
"2087515886","2133464983","0.0416667"
"2133464983","2087515886","0.0416667"
"2087515886","2134091519","0.0416667"
"2134091519","2087515886","0.0416667"
"2087515886","2143728276","0.0416667"
"2143728276","2087515886","0.0416667"
"2087515886","2145367887","0.0416667"
"2145367887","2087515886","0.0416667"
"2087515886","2147386665","0.458333"
"2147386665","2087515886","0.458333"
"2087515886","2150395559","0.0416667"
"2150395559","2087515886","0.0416667"
"2087515886","2150786161","0.0416667"
"2150786161","2087515886","0.0416667"
"2087515886","2161538570","0.0416667"
"2161538570","2087515886","0.0416667"
"2087515886","2530824252","0.375"
"2530824252","2087515886","0.375"
"2087515886","90309185","0.0416667"
"90309185","2087515886","0.0416667"
"2098046929","2102772625","0.994298"
"2102772625","2098046929","0.994298"
"2098046929","2108769867","0.370833"
"2108769867","2098046929","0.370833"
"2098046929","2110307645","0.494298"
"2110307645","2098046929","0.494298"
"2098046929","2123313328","0.0416667"
"2123313328","2098046929","0.0416667"
"2098046929","2133464983","0.294298"
"2133464983","2098046929","0.294298"
"2098046929","2134091519","1.3875"
"2134091519","2098046929","1.3875"
"2098046929","2143728276","0.0942982"
"2143728276","2098046929","0.0942982"
"2098046929","2145367887","0.260965"
"2145367887","2098046929","0.260965"
"2098046929","2147386665","2.4875"
"2147386665","2098046929","2.4875"
"2098046929","2150395559","0.0416667"
"2150395559","2098046929","0.0416667"
"2098046929","2150786161","0.594298"
"2150786161","2098046929","0.594298"
"2098046929","2161538570","0.541667"
"2161538570","2098046929","0.541667"
"2098046929","2530824252","1.4568"
"2530824252","2098046929","1.4568"
"2098046929","90309185","0.294298"
"90309185","2098046929","0.294298"
"2102772625","2108769867","0.0416667"
"2108769867","2102772625","0.0416667"
"2102772625","2133464983","0.544298"
"2133464983","2102772625","0.544298"
"2102772625","2134091519","0.0416667"
"2134091519","2102772625","0.0416667"
"2102772625","2147386665","0.0416667"
"2147386665","2102772625","0.0416667"
"2102772625","2150395559","0.0416667"
"2150395559","2102772625","0.0416667"
"2102772625","2150786161","0.0942982"
"2150786161","2102772625","0.0942982"
"2102772625","2161538570","1.075"
"2161538570","2102772625","1.075"
"2102772625","2530824252","0.419298"
"2530824252","2102772625","0.419298"
"2108769867","2110307645","0.0416667"
"2110307645","2108769867","0.0416667"
"2108769867","2123313328","0.0416667"
"2123313328","2108769867","0.0416667"
"2108769867","2133464983","0.0416667"
"2133464983","2108769867","0.0416667"
"2108769867","2134091519","0.104167"
"2134091519","2108769867","0.104167"
"2108769867","2143728276","0.0416667"
"2143728276","2108769867","0.0416667"
"2108769867","2145367887","0.152778"
"2145367887","2108769867","0.152778"
"2108769867","2147386665","3.39385"
"2147386665","2108769867","3.39385"
"2108769867","2150395559","0.152778"
"2150395559","2108769867","0.152778"
"2108769867","2150786161","0.152778"
"2150786161","2108769867","0.152778"
"2108769867","2161538570","0.152778"
"2161538570","2108769867","0.152778"
"2108769867","2530824252","1.3875"
"2530824252","2108769867","1.3875"
"2108769867","90309185","0.0416667"
"90309185","2108769867","0.0416667"
"2110307645","2133464983","1.32763"
"2133464983","2110307645","1.32763"
"2110307645","2147386665","1.225"
"2147386665","2110307645","1.225"
"2110307645","2161538570","0.208333"
"2161538570","2110307645","0.208333"
"2110307645","2530824252","1.3443"
"2530824252","2110307645","1.3443"
"2123313328","2133464983","0.0416667"
"2133464983","2123313328","0.0416667"
"2123313328","2147386665","0.0416667"
"2147386665","2123313328","0.0416667"
"2123313328","2150395559","0.0416667"
"2150395559","2123313328","0.0416667"
"2123313328","2150786161","0.0416667"
"2150786161","2123313328","0.0416667"
"2123313328","2161538570","0.0416667"
"2161538570","2123313328","0.0416667"
"2123313328","2530824252","0.0416667"
"2530824252","2123313328","0.0416667"
"2133464983","2134091519","0.0416667"
"2134091519","2133464983","0.0416667"
"2133464983","2143728276","0.344298"
"2143728276","2133464983","0.344298"
"2133464983","2145367887","0.344298"
"2145367887","2133464983","0.344298"
"2133464983","2147386665","1.10833"
"2147386665","2133464983","1.10833"
"2133464983","2150395559","0.0416667"
"2150395559","2133464983","0.0416667"
"2133464983","2150786161","0.344298"
"2150786161","2133464983","0.344298"
"2133464983","2161538570","0.0416667"
"2161538570","2133464983","0.0416667"
"2133464983","2530824252","0.844298"
"2530824252","2133464983","0.844298"
"2133464983","90309185","0.344298"
"90309185","2133464983","0.344298"
"2134091519","2143728276","0.0416667"
"2143728276","2134091519","0.0416667"
"2134091519","2147386665","0.8875"
"2147386665","2134091519","0.8875"
"2134091519","2150786161","0.0416667"
"2150786161","2134091519","0.0416667"
"2134091519","2161538570","0.0416667"
"2161538570","2134091519","0.0416667"
"2134091519","2530824252","0.104167"
"2530824252","2134091519","0.104167"
"2134091519","90309185","0.208333"
"90309185","2134091519","0.208333"
"2143728276","2147386665","0.0416667"
"2147386665","2143728276","0.0416667"
"2143728276","2150395559","0.0416667"
"2150395559","2143728276","0.0416667"
"2143728276","2150786161","0.0942982"
"2150786161","2143728276","0.0942982"
"2143728276","2161538570","1.70833"
"2161538570","2143728276","1.70833"
"2143728276","2530824252","0.219298"
"2530824252","2143728276","0.219298"
"2145367887","2147386665","0.152778"
"2147386665","2145367887","0.152778"
"2145367887","2530824252","0.0942982"
"2530824252","2145367887","0.0942982"
"2147386665","2150395559","0.152778"
"2150395559","2147386665","0.152778"
"2147386665","2150786161","1.48611"
"2150786161","2147386665","1.48611"
"2147386665","2161538570","1.15278"
"2161538570","2147386665","1.15278"
"2147386665","2530824252","3.35417"
"2530824252","2147386665","3.35417"
"2147386665","90309185","0.0416667"
"90309185","2147386665","0.0416667"
"2150395559","2150786161","0.152778"
"2150786161","2150395559","0.152778"
"2150395559","2161538570","0.152778"
"2161538570","2150395559","0.152778"
"2150395559","2530824252","0.0416667"
"2530824252","2150395559","0.0416667"
"2150395559","90309185","0.0416667"
"90309185","2150395559","0.0416667"
"2150786161","2530824252","0.0942982"
"2530824252","2150786161","0.0942982"
"2161538570","2530824252","0.0416667"
"2530824252","2161538570","0.0416667"
"2161538570","90309185","0.541667"
"90309185","2161538570","0.541667"
"2530824252","90309185","0.419298"
"90309185","2530824252","0.419298"
"2166065240","90309185","0.594298"
"90309185","2166065240","0.594298"
"1689870062","2161538570","0.166667"
"2161538570","1689870062","0.166667"
"2098975596","2161538570","0.333333"
"2161538570","2098975596","0.333333"
"1689870062","2015025073","0.2"
"2015025073","1689870062","0.2"
"1689870062","2073102918","0.2"
"2073102918","1689870062","0.2"
"1689870062","2084043558","0.2"
"2084043558","1689870062","0.2"
"1689870062","2146690509","0.2"
"2146690509","1689870062","0.2"
"1689870062","2991645263","0.2"
"2991645263","1689870062","0.2"
"2015025073","2073102918","0.2"
"2073102918","2015025073","0.2"
"2015025073","2084043558","0.2"
"2084043558","2015025073","0.2"
"2015025073","2146690509","0.2"
"2146690509","2015025073","0.2"
"2015025073","2991645263","1.2"
"2991645263","2015025073","1.2"
"2073102918","2084043558","0.2"
"2084043558","2073102918","0.2"
"2073102918","2146690509","0.2"
"2146690509","2073102918","0.2"
"2073102918","2991645263","0.2"
"2991645263","2073102918","0.2"
"2084043558","2146690509","14.95"
"2146690509","2084043558","14.95"
"2084043558","2991645263","0.2"
"2991645263","2084043558","0.2"
"2146690509","2991645263","0.2"
"2991645263","2146690509","0.2"
"1689870062","2035835786","0.2"
"2035835786","1689870062","0.2"
"1689870062","2098046929","0.2"
"2098046929","1689870062","0.2"
"1689870062","2530824252","0.2"
"2530824252","1689870062","0.2"
"1830156926","2344540174","6"
"2344540174","1830156926","6"
"1886625064","1981075560","1.69286"
"1981075560","1886625064","1.69286"
"1886625064","2023019272","0.25"
"2023019272","1886625064","0.25"
"1886625064","2154071459","0.25"
"2154071459","1886625064","0.25"
"1981075560","2023019272","0.25"
"2023019272","1981075560","0.25"
"1981075560","2134066998","3.69286"
"2134066998","1981075560","3.69286"
"1981075560","2154071459","2.8125"
"2154071459","1981075560","2.8125"
"2023019272","2134066998","0.25"
"2134066998","2023019272","0.25"
"2023019272","2154071459","5.25"
"2154071459","2023019272","5.25"
"2134066998","2154071459","0.25"
"2154071459","2134066998","0.25"
"1886625064","2073102918","0.142857"
"2073102918","1886625064","0.142857"
"1886625064","2108769867","0.142857"
"2108769867","1886625064","0.142857"
"1886625064","2110915013","0.142857"
"2110915013","1886625064","0.142857"
"1886625064","2147386665","0.142857"
"2147386665","1886625064","0.142857"
"1886625064","2150733339","0.142857"
"2150733339","1886625064","0.142857"
"1981075560","2073102918","1.56751"
"2073102918","1981075560","1.56751"
"1981075560","2110915013","3.91647"
"2110915013","1981075560","3.91647"
"1981075560","2150733339","4.03869"
"2150733339","1981075560","4.03869"
"2073102918","2108769867","1.01488"
"2108769867","2073102918","1.01488"
"2073102918","2110915013","1.20536"
"2110915013","2073102918","1.20536"
"2073102918","2134066998","0.142857"
"2134066998","2073102918","0.142857"
"2073102918","2147386665","1.21488"
"2147386665","2073102918","1.21488"
"2073102918","2150733339","0.681548"
"2150733339","2073102918","0.681548"
"2108769867","2110915013","0.749802"
"2110915013","2108769867","0.749802"
"2108769867","2134066998","0.142857"
"2134066998","2108769867","0.142857"
"2108769867","2150733339","1.29107"
"2150733339","2108769867","1.29107"
"2110915013","2134066998","0.142857"
"2134066998","2110915013","0.142857"
"2110915013","2147386665","4.1498"
"2147386665","2110915013","4.1498"
"2110915013","2150733339","2.33869"
"2150733339","2110915013","2.33869"
"2134066998","2147386665","0.142857"
"2147386665","2134066998","0.142857"
"2134066998","2150733339","0.142857"
"2150733339","2134066998","0.142857"
"2147386665","2150733339","2.8244"
"2150733339","2147386665","2.8244"
"1886625064","2098975596","0.1"
"2098975596","1886625064","0.1"
"1886625064","2117508687","0.466667"
"2117508687","1886625064","0.466667"
"1886625064","2119531903","0.8"
"2119531903","1886625064","0.8"
"1981075560","2098975596","0.152632"
"2098975596","1981075560","0.152632"
"1981075560","2101341488","0.3"
"2101341488","1981075560","0.3"
"1981075560","2114839529","0.295489"
"2114839529","1981075560","0.295489"
"1981075560","2117508687","0.966667"
"2117508687","1981075560","0.966667"
"1981075560","2119531903","1.9"
"2119531903","1981075560","1.9"
"2044396529","2098975596","0.152632"
"2098975596","2044396529","0.152632"
"2044396529","2117508687","0.1"
"2117508687","2044396529","0.1"
"2044396529","2119531903","0.6"
"2119531903","2044396529","0.6"
"2098975596","2114839529","0.319298"
"2114839529","2098975596","0.319298"
"2098975596","2117508687","0.1"
"2117508687","2098975596","0.1"
"2098975596","2119531903","0.1"
"2119531903","2098975596","0.1"
"2098975596","2134066998","0.1"
"2134066998","2098975596","0.1"
"2098975596","2134091519","0.1"
"2134091519","2098975596","0.1"
"2101341488","2117508687","1.58333"
"2117508687","2101341488","1.58333"
"2101341488","2119531903","2.08333"
