"127197129","1483013903","0.369048"
"1483013903","127197129","0.369048"
"127197129","1488510756","0.047619"
"1488510756","127197129","0.047619"
"127197129","1513577925","0.297619"
"1513577925","127197129","0.297619"
"127197129","153735669","0.047619"
"153735669","127197129","0.047619"
"127197129","1561770124","0.047619"
"1561770124","127197129","0.047619"
"127197129","1865229926","0.047619"
"1865229926","127197129","0.047619"
"127197129","1887280917","0.047619"
"1887280917","127197129","0.047619"
"127197129","2048649020","0.119048"
"2048649020","127197129","0.119048"
"127197129","2048985494","0.380952"
"2048985494","127197129","0.380952"
"127197129","2081933034","4.63095"
"2081933034","127197129","4.63095"
"127197129","2095933800","0.047619"
"2095933800","127197129","0.047619"
"127197129","2103123591","0.047619"
"2103123591","127197129","0.047619"
"127197129","2112759797","0.047619"
"2112759797","127197129","0.047619"
"127197129","2115753371","0.047619"
"2115753371","127197129","0.047619"
"127197129","2117363856","0.047619"
"2117363856","127197129","0.047619"
"127197129","2147047717","0.047619"
"2147047717","127197129","0.047619"
"127197129","2188855843","1.38095"
"2188855843","127197129","1.38095"
"127197129","2394790698","0.047619"
"2394790698","127197129","0.047619"
"127197129","2765554703","0.047619"
"2765554703","127197129","0.047619"
"127197129","466220","0.297619"
"466220","127197129","0.297619"
"127197129","72621801","0.047619"
"72621801","127197129","0.047619"
"1483013903","1488510756","0.047619"
"1488510756","1483013903","0.047619"
"1483013903","1513577925","0.297619"
"1513577925","1483013903","0.297619"
"1483013903","153735669","0.15873"
"153735669","1483013903","0.15873"
"1483013903","1561770124","0.047619"
"1561770124","1483013903","0.047619"
"1483013903","1865229926","0.15873"
"1865229926","1483013903","0.15873"
"1483013903","1887280917","0.047619"
"1887280917","1483013903","0.047619"
"1483013903","2048649020","0.119048"
"2048649020","1483013903","0.119048"
"1483013903","2048985494","0.15873"
"2048985494","1483013903","0.15873"
"1483013903","2081933034","2.79762"
"2081933034","1483013903","2.79762"
"1483013903","2095933800","0.15873"
"2095933800","1483013903","0.15873"
"1483013903","2103123591","0.047619"
"2103123591","1483013903","0.047619"
"1483013903","2112759797","0.047619"
"2112759797","1483013903","0.047619"
"1483013903","2115753371","0.047619"
"2115753371","1483013903","0.047619"
"1483013903","2117363856","0.047619"
"2117363856","1483013903","0.047619"
"1483013903","2147047717","0.047619"
"2147047717","1483013903","0.047619"
"1483013903","2188855843","0.301587"
"2188855843","1483013903","0.301587"
"1483013903","2394790698","0.047619"
"2394790698","1483013903","0.047619"
"1483013903","2765554703","0.047619"
"2765554703","1483013903","0.047619"
"1483013903","466220","0.297619"
"466220","1483013903","0.297619"
"1483013903","72621801","0.047619"
"72621801","1483013903","0.047619"
"1488510756","1513577925","0.497619"
"1513577925","1488510756","0.497619"
"1488510756","153735669","0.047619"
"153735669","1488510756","0.047619"
"1488510756","1561770124","0.047619"
"1561770124","1488510756","0.047619"
"1488510756","1865229926","0.380952"
"1865229926","1488510756","0.380952"
"1488510756","1887280917","0.106443"
"1887280917","1488510756","0.106443"
"1488510756","2048649020","0.356443"
"2048649020","1488510756","0.356443"
"1488510756","2048985494","0.047619"
"2048985494","1488510756","0.047619"
"1488510756","2081933034","0.997619"
"2081933034","1488510756","0.997619"
"1488510756","2095933800","0.247619"
"2095933800","1488510756","0.247619"
"1488510756","2103123591","0.047619"
"2103123591","1488510756","0.047619"
"1488510756","2112759797","0.047619"
"2112759797","1488510756","0.047619"
"1488510756","2115753371","1.24762"
"2115753371","1488510756","1.24762"
"1488510756","2117363856","0.547619"
"2117363856","1488510756","0.547619"
"1488510756","2147047717","0.106443"
"2147047717","1488510756","0.106443"
"1488510756","2188855843","0.047619"
"2188855843","1488510756","0.047619"
"1488510756","2394790698","0.297619"
"2394790698","1488510756","0.297619"
"1488510756","2765554703","0.047619"
"2765554703","1488510756","0.047619"
"1488510756","466220","0.047619"
"466220","1488510756","0.047619"
"1488510756","72621801","0.047619"
"72621801","1488510756","0.047619"
"1513577925","153735669","0.047619"
"153735669","1513577925","0.047619"
"1513577925","1561770124","0.047619"
"1561770124","1513577925","0.047619"
"1513577925","1865229926","0.047619"
"1865229926","1513577925","0.047619"
"1513577925","1887280917","0.047619"
"1887280917","1513577925","0.047619"
"1513577925","2048649020","0.047619"
"2048649020","1513577925","0.047619"
"1513577925","2048985494","0.047619"
"2048985494","1513577925","0.047619"
"1513577925","2081933034","1.58095"
"2081933034","1513577925","1.58095"
"1513577925","2095933800","0.247619"
"2095933800","1513577925","0.247619"
"1513577925","2103123591","0.547619"
"2103123591","1513577925","0.547619"
"1513577925","2112759797","0.547619"
"2112759797","1513577925","0.547619"
"1513577925","2115753371","0.247619"
"2115753371","1513577925","0.247619"
"1513577925","2117363856","0.047619"
"2117363856","1513577925","0.047619"
"1513577925","2147047717","0.047619"
"2147047717","1513577925","0.047619"
"1513577925","2188855843","0.047619"
"2188855843","1513577925","0.047619"
"1513577925","2394790698","0.297619"
"2394790698","1513577925","0.297619"
"1513577925","2765554703","0.047619"
"2765554703","1513577925","0.047619"
"1513577925","466220","1.63095"
"466220","1513577925","1.63095"
"1513577925","72621801","0.047619"
"72621801","1513577925","0.047619"
"153735669","1561770124","0.047619"
"1561770124","153735669","0.047619"
"153735669","1865229926","4.65873"
"1865229926","153735669","4.65873"
"153735669","1887280917","0.880952"
"1887280917","153735669","0.880952"
"153735669","2048649020","0.047619"
"2048649020","153735669","0.047619"
"153735669","2048985494","0.15873"
"2048985494","153735669","0.15873"
"153735669","2081933034","0.047619"
"2081933034","153735669","0.047619"
"153735669","2095933800","0.15873"
"2095933800","153735669","0.15873"
"153735669","2103123591","0.047619"
"2103123591","153735669","0.047619"
"153735669","2112759797","0.047619"
"2112759797","153735669","0.047619"
"153735669","2115753371","0.047619"
"2115753371","153735669","0.047619"
"153735669","2117363856","0.047619"
"2117363856","153735669","0.047619"
"153735669","2147047717","0.380952"
"2147047717","153735669","0.380952"
"153735669","2188855843","0.15873"
"2188855843","153735669","0.15873"
"153735669","2394790698","0.047619"
"2394790698","153735669","0.047619"
"153735669","2765554703","0.047619"
"2765554703","153735669","0.047619"
"153735669","466220","0.047619"
"466220","153735669","0.047619"
"153735669","72621801","0.047619"
"72621801","153735669","0.047619"
"1561770124","1865229926","0.047619"
"1865229926","1561770124","0.047619"
"1561770124","1887280917","0.047619"
"1887280917","1561770124","0.047619"
"1561770124","2048649020","0.047619"
"2048649020","1561770124","0.047619"
"1561770124","2048985494","0.047619"
"2048985494","1561770124","0.047619"
"1561770124","2081933034","1.38095"
"2081933034","1561770124","1.38095"
"1561770124","2095933800","3.71429"
"2095933800","1561770124","3.71429"
"1561770124","2103123591","0.047619"
"2103123591","1561770124","0.047619"
"1561770124","2112759797","0.047619"
"2112759797","1561770124","0.047619"
"1561770124","2115753371","0.047619"
"2115753371","1561770124","0.047619"
"1561770124","2117363856","0.047619"
"2117363856","1561770124","0.047619"
"1561770124","2147047717","0.047619"
"2147047717","1561770124","0.047619"
"1561770124","2188855843","0.047619"
"2188855843","1561770124","0.047619"
"1561770124","2394790698","0.047619"
"2394790698","1561770124","0.047619"
"1561770124","2765554703","0.047619"
"2765554703","1561770124","0.047619"
"1561770124","466220","0.380952"
"466220","1561770124","0.380952"
"1561770124","72621801","0.047619"
"72621801","1561770124","0.047619"
"1865229926","1887280917","3.04762"
"1887280917","1865229926","3.04762"
"1865229926","2048649020","0.15873"
"2048649020","1865229926","0.15873"
"1865229926","2048985494","0.15873"
"2048985494","1865229926","0.15873"
"1865229926","2081933034","0.047619"
"2081933034","1865229926","0.047619"
"1865229926","2095933800","0.15873"
"2095933800","1865229926","0.15873"
"1865229926","2103123591","0.047619"
"2103123591","1865229926","0.047619"
"1865229926","2112759797","0.047619"
"2112759797","1865229926","0.047619"
"1865229926","2115753371","0.047619"
"2115753371","1865229926","0.047619"
"1865229926","2117363856","0.047619"
"2117363856","1865229926","0.047619"
"1865229926","2147047717","0.15873"
"2147047717","1865229926","0.15873"
"1865229926","2188855843","0.15873"
"2188855843","1865229926","0.15873"
"1865229926","2394790698","0.047619"
"2394790698","1865229926","0.047619"
"1865229926","2765554703","0.047619"
"2765554703","1865229926","0.047619"
"1865229926","466220","0.047619"
"466220","1865229926","0.047619"
"1865229926","72621801","0.047619"
"72621801","1865229926","0.047619"
"1887280917","2048649020","1.17787"
"2048649020","1887280917","1.17787"
"1887280917","2048985494","0.047619"
"2048985494","1887280917","0.047619"
"1887280917","2081933034","0.047619"
"2081933034","1887280917","0.047619"
"1887280917","2095933800","0.047619"
"2095933800","1887280917","0.047619"
"1887280917","2103123591","0.047619"
"2103123591","1887280917","0.047619"
"1887280917","2112759797","0.047619"
"2112759797","1887280917","0.047619"
"1887280917","2115753371","0.119048"
"2115753371","1887280917","0.119048"
"1887280917","2117363856","0.047619"
"2117363856","1887280917","0.047619"
"1887280917","2147047717","0.439776"
"2147047717","1887280917","0.439776"
"1887280917","2188855843","0.047619"
"2188855843","1887280917","0.047619"
"1887280917","2394790698","0.047619"
"2394790698","1887280917","0.047619"
"1887280917","2765554703","0.047619"
"2765554703","1887280917","0.047619"
"1887280917","466220","0.047619"
"466220","1887280917","0.047619"
"1887280917","72621801","0.047619"
"72621801","1887280917","0.047619"
"2048649020","2048985494","0.047619"
"2048985494","2048649020","0.047619"
"2048649020","2081933034","0.047619"
"2081933034","2048649020","0.047619"
"2048649020","2095933800","0.047619"
"2095933800","2048649020","0.047619"
"2048649020","2103123591","0.047619"
"2103123591","2048649020","0.047619"
"2048649020","2112759797","0.047619"
"2112759797","2048649020","0.047619"
"2048649020","2115753371","0.119048"
"2115753371","2048649020","0.119048"
"2048649020","2117363856","0.047619"
"2117363856","2048649020","0.047619"
"2048649020","2147047717","0.550887"
"2147047717","2048649020","0.550887"
"2048649020","2188855843","0.047619"
"2188855843","2048649020","0.047619"
"2048649020","2394790698","0.047619"
"2394790698","2048649020","0.047619"
"2048649020","2765554703","0.047619"
"2765554703","2048649020","0.047619"
"2048649020","466220","0.047619"
"466220","2048649020","0.047619"
"2048649020","72621801","0.047619"
"72621801","2048649020","0.047619"
"2048985494","2081933034","0.714286"
"2081933034","2048985494","0.714286"
"2048985494","2095933800","0.15873"
"2095933800","2048985494","0.15873"
"2048985494","2103123591","0.047619"
"2103123591","2048985494","0.047619"
"2048985494","2112759797","0.047619"
"2112759797","2048985494","0.047619"
"2048985494","2115753371","0.047619"
"2115753371","2048985494","0.047619"
"2048985494","2117363856","0.547619"
"2117363856","2048985494","0.547619"
"2048985494","2147047717","0.047619"
"2147047717","2048985494","0.047619"
"2048985494","2188855843","19.8254"
"2188855843","2048985494","19.8254"
"2048985494","2394790698","0.880952"
"2394790698","2048985494","0.880952"
"2048985494","2765554703","0.047619"
"2765554703","2048985494","0.047619"
"2048985494","466220","0.047619"
"466220","2048985494","0.047619"
"2048985494","72621801","0.047619"
"72621801","2048985494","0.047619"
"2081933034","2095933800","4.91429"
"2095933800","2081933034","4.91429"
"2081933034","2103123591","0.547619"
"2103123591","2081933034","0.547619"
"2081933034","2112759797","0.047619"
"2112759797","2081933034","0.047619"
"2081933034","2115753371","1.24762"
"2115753371","2081933034","1.24762"
"2081933034","2117363856","0.547619"
"2117363856","2081933034","0.547619"
"2081933034","2147047717","0.047619"
"2147047717","2081933034","0.047619"
"2081933034","2188855843","0.714286"
"2188855843","2081933034","0.714286"
"2081933034","2394790698","0.630952"
"2394790698","2081933034","0.630952"
"2081933034","2765554703","0.047619"
"2765554703","2081933034","0.047619"
"2081933034","466220","1.46429"
"466220","2081933034","1.46429"
"2081933034","72621801","0.047619"
"72621801","2081933034","0.047619"
"2095933800","2103123591","0.047619"
"2103123591","2095933800","0.047619"
"2095933800","2112759797","0.047619"
"2112759797","2095933800","0.047619"
"2095933800","2115753371","0.247619"
"2115753371","2095933800","0.247619"
"2095933800","2117363856","0.047619"
"2117363856","2095933800","0.047619"
"2095933800","2147047717","0.047619"
"2147047717","2095933800","0.047619"
"2095933800","2188855843","0.15873"
"2188855843","2095933800","0.15873"
"2095933800","2394790698","0.047619"
"2394790698","2095933800","0.047619"
"2095933800","2765554703","0.047619"
"2765554703","2095933800","0.047619"
"2095933800","466220","0.714286"
"466220","2095933800","0.714286"
"2095933800","72621801","0.047619"
"72621801","2095933800","0.047619"
"2103123591","2112759797","0.047619"
"2112759797","2103123591","0.047619"
"2103123591","2115753371","0.047619"
"2115753371","2103123591","0.047619"
"2103123591","2117363856","0.047619"
"2117363856","2103123591","0.047619"
"2103123591","2147047717","0.047619"
"2147047717","2103123591","0.047619"
"2103123591","2188855843","0.047619"
"2188855843","2103123591","0.047619"
"2103123591","2394790698","0.047619"
"2394790698","2103123591","0.047619"
"2103123591","2765554703","0.047619"
"2765554703","2103123591","0.047619"
"2103123591","466220","1.04762"
"466220","2103123591","1.04762"
"2103123591","72621801","0.047619"
"72621801","2103123591","0.047619"
"2112759797","2115753371","0.047619"
"2115753371","2112759797","0.047619"
"2112759797","2117363856","0.047619"
"2117363856","2112759797","0.047619"
"2112759797","2147047717","0.380952"
"2147047717","2112759797","0.380952"
"2112759797","2188855843","0.047619"
"2188855843","2112759797","0.047619"
"2112759797","2394790698","0.047619"
"2394790698","2112759797","0.047619"
"2112759797","2765554703","0.047619"
"2765554703","2112759797","0.047619"
"2112759797","466220","0.547619"
"466220","2112759797","0.547619"
"2112759797","72621801","0.047619"
"72621801","2112759797","0.047619"
"2115753371","2117363856","0.047619"
"2117363856","2115753371","0.047619"
"2115753371","2147047717","0.047619"
"2147047717","2115753371","0.047619"
"2115753371","2188855843","0.047619"
"2188855843","2115753371","0.047619"
"2115753371","2394790698","0.047619"
"2394790698","2115753371","0.047619"
"2115753371","2765554703","0.047619"
"2765554703","2115753371","0.047619"
"2115753371","466220","0.047619"
"466220","2115753371","0.047619"
"2115753371","72621801","0.047619"
"72621801","2115753371","0.047619"
"2117363856","2147047717","0.047619"
"2147047717","2117363856","0.047619"
"2117363856","2188855843","0.880952"
"2188855843","2117363856","0.880952"
"2117363856","2394790698","0.047619"
"2394790698","2117363856","0.047619"
"2117363856","2765554703","0.047619"
"2765554703","2117363856","0.047619"
"2117363856","466220","0.047619"
"466220","2117363856","0.047619"
"2117363856","72621801","2.38095"
"72621801","2117363856","2.38095"
"2147047717","2188855843","0.047619"
"2188855843","2147047717","0.047619"
"2147047717","2394790698","0.047619"
"2394790698","2147047717","0.047619"
"2147047717","2765554703","0.047619"
"2765554703","2147047717","0.047619"
"2147047717","466220","0.047619"
"466220","2147047717","0.047619"
"2147047717","72621801","0.047619"
"72621801","2147047717","0.047619"
"2188855843","2394790698","4.88095"
"2394790698","2188855843","4.88095"
"2188855843","2765554703","0.047619"
"2765554703","2188855843","0.047619"
"2188855843","466220","0.047619"
"466220","2188855843","0.047619"
"2188855843","72621801","0.380952"
"72621801","2188855843","0.380952"
"2394790698","2765554703","0.047619"
"2765554703","2394790698","0.047619"
"2394790698","466220","0.047619"
"466220","2394790698","0.047619"
"2394790698","72621801","0.047619"
"72621801","2394790698","0.047619"
"2765554703","466220","0.047619"
"466220","2765554703","0.047619"
"2765554703","72621801","0.047619"
"72621801","2765554703","0.047619"
"466220","72621801","0.047619"
"72621801","466220","0.047619"
"127197129","1517144896","0.0714286"
"1517144896","127197129","0.0714286"
"127197129","1564447774","0.0714286"
"1564447774","127197129","0.0714286"
"127197129","168068856","0.0714286"
"168068856","127197129","0.0714286"
"127197129","2054657290","0.0714286"
"2054657290","127197129","0.0714286"
"127197129","2097822644","0.0714286"
"2097822644","127197129","0.0714286"
"127197129","2106156883","0.0714286"
"2106156883","127197129","0.0714286"
"127197129","2108157959","0.0714286"
"2108157959","127197129","0.0714286"
"127197129","2136706421","0.0714286"
"2136706421","127197129","0.0714286"
"127197129","2140243388","0.0714286"
"2140243388","127197129","0.0714286"
"127197129","2170469762","0.0714286"
"2170469762","127197129","0.0714286"
"127197129","2766029394","0.0714286"
"2766029394","127197129","0.0714286"
"127197129","2887794849","0.0714286"
"2887794849","127197129","0.0714286"
"1483013903","1517144896","0.214286"
"1517144896","1483013903","0.214286"
"1483013903","1564447774","0.0714286"
"1564447774","1483013903","0.0714286"
"1483013903","168068856","0.0714286"
"168068856","1483013903","0.0714286"
"1483013903","2054657290","0.0714286"
"2054657290","1483013903","0.0714286"
"1483013903","2097822644","0.0714286"
"2097822644","1483013903","0.0714286"
"1483013903","2106156883","0.0714286"
"2106156883","1483013903","0.0714286"
"1483013903","2108157959","0.0714286"
"2108157959","1483013903","0.0714286"
"1483013903","2136706421","0.0714286"
"2136706421","1483013903","0.0714286"
"1483013903","2140243388","0.214286"
"2140243388","1483013903","0.214286"
"1483013903","2170469762","0.0714286"
"2170469762","1483013903","0.0714286"
"1483013903","2766029394","0.18254"
"2766029394","1483013903","0.18254"
"1483013903","2887794849","0.0714286"
"2887794849","1483013903","0.0714286"
"1517144896","1564447774","0.0714286"
"1564447774","1517144896","0.0714286"
"1517144896","168068856","0.0714286"
"168068856","1517144896","0.0714286"
"1517144896","2048649020","0.392857"
"2048649020","1517144896","0.392857"
"1517144896","2054657290","0.0714286"
"2054657290","1517144896","0.0714286"
"1517144896","2097822644","0.0714286"
"2097822644","1517144896","0.0714286"
"1517144896","2106156883","0.0714286"
"2106156883","1517144896","0.0714286"
"1517144896","2108157959","0.0714286"
"2108157959","1517144896","0.0714286"
"1517144896","2136706421","0.142857"
"2136706421","1517144896","0.142857"
"1517144896","2140243388","1.0119"
"2140243388","1517144896","1.0119"
"1517144896","2170469762","0.285714"
"2170469762","1517144896","0.285714"
"1517144896","2766029394","0.0714286"
"2766029394","1517144896","0.0714286"
"1517144896","2887794849","0.0714286"
"2887794849","1517144896","0.0714286"
"1564447774","168068856","0.0714286"
"168068856","1564447774","0.0714286"
"1564447774","2048649020","0.130252"
"2048649020","1564447774","0.130252"
"1564447774","2054657290","0.0714286"
"2054657290","1564447774","0.0714286"
"1564447774","2097822644","0.814286"
"2097822644","1564447774","0.814286"
"1564447774","2106156883","0.564286"
"2106156883","1564447774","0.564286"
"1564447774","2108157959","0.0714286"
"2108157959","1564447774","0.0714286"
"1564447774","2136706421","8.25476"
"2136706421","1564447774","8.25476"
"1564447774","2140243388","0.0714286"
"2140243388","1564447774","0.0714286"
"1564447774","2170469762","0.0714286"
"2170469762","1564447774","0.0714286"
"1564447774","2766029394","0.0714286"
"2766029394","1564447774","0.0714286"
"1564447774","2887794849","0.130252"
"2887794849","1564447774","0.130252"
"168068856","2048649020","0.0714286"
"2048649020","168068856","0.0714286"
"168068856","2054657290","0.0714286"
"2054657290","168068856","0.0714286"
"168068856","2097822644","0.0714286"
"2097822644","168068856","0.0714286"
"168068856","2106156883","0.0714286"
"2106156883","168068856","0.0714286"
"168068856","2108157959","0.0714286"
"2108157959","168068856","0.0714286"
"168068856","2136706421","0.0714286"
"2136706421","168068856","0.0714286"
"168068856","2140243388","0.0714286"
"2140243388","168068856","0.0714286"
"168068856","2170469762","0.0714286"
"2170469762","168068856","0.0714286"
"168068856","2766029394","0.0714286"
"2766029394","168068856","0.0714286"
"168068856","2887794849","0.0714286"
"2887794849","168068856","0.0714286"
"2048649020","2054657290","0.0714286"
"2054657290","2048649020","0.0714286"
"2048649020","2097822644","0.0714286"
"2097822644","2048649020","0.0714286"
"2048649020","2106156883","0.0714286"
"2106156883","2048649020","0.0714286"
"2048649020","2108157959","0.0714286"
"2108157959","2048649020","0.0714286"
"2048649020","2136706421","0.233766"
"2136706421","2048649020","0.233766"
"2048649020","2140243388","1.5671"
"2140243388","2048649020","1.5671"
"2048649020","2170469762","0.8171"
"2170469762","2048649020","0.8171"
"2048649020","2766029394","0.0714286"
"2766029394","2048649020","0.0714286"
"2048649020","2887794849","0.130252"
"2887794849","2048649020","0.130252"
"2054657290","2097822644","0.571429"
"2097822644","2054657290","0.571429"
"2054657290","2106156883","0.0714286"
"2106156883","2054657290","0.0714286"
"2054657290","2108157959","1.07143"
"2108157959","2054657290","1.07143"
"2054657290","2136706421","0.0714286"
"2136706421","2054657290","0.0714286"
"2054657290","2140243388","0.0714286"
"2140243388","2054657290","0.0714286"
"2054657290","2170469762","0.0714286"
"2170469762","2054657290","0.0714286"
"2054657290","2766029394","0.571429"
"2766029394","2054657290","0.571429"
"2054657290","2887794849","0.0714286"
"2887794849","2054657290","0.0714286"
"2097822644","2106156883","0.314286"
"2106156883","2097822644","0.314286"
"2097822644","2108157959","0.404762"
"2108157959","2097822644","0.404762"
"2097822644","2136706421","0.171429"
"2136706421","2097822644","0.171429"
"2097822644","2140243388","0.0714286"
"2140243388","2097822644","0.0714286"
"2097822644","2170469762","0.0714286"
"2170469762","2097822644","0.0714286"
"2097822644","2766029394","0.571429"
"2766029394","2097822644","0.571429"
"2097822644","2887794849","1.10476"
"2887794849","2097822644","1.10476"
"2106156883","2108157959","0.0714286"
"2108157959","2106156883","0.0714286"
"2106156883","2136706421","1.42143"
"2136706421","2106156883","1.42143"
"2106156883","2140243388","0.0714286"
"2140243388","2106156883","0.0714286"
"2106156883","2170469762","0.0714286"
"2170469762","2106156883","0.0714286"
"2106156883","2766029394","0.0714286"
"2766029394","2106156883","0.0714286"
"2106156883","2887794849","0.0714286"
"2887794849","2106156883","0.0714286"
"2108157959","2136706421","0.0714286"
"2136706421","2108157959","0.0714286"
"2108157959","2140243388","0.0714286"
"2140243388","2108157959","0.0714286"
"2108157959","2170469762","0.0714286"
"2170469762","2108157959","0.0714286"
"2108157959","2766029394","0.0714286"
"2766029394","2108157959","0.0714286"
"2108157959","2887794849","0.0714286"
"2887794849","2108157959","0.0714286"
"2136706421","2140243388","0.233766"
"2140243388","2136706421","0.233766"
"2136706421","2170469762","0.233766"
"2170469762","2136706421","0.233766"
"2136706421","2766029394","0.0714286"
"2766029394","2136706421","0.0714286"
"2136706421","2887794849","0.0714286"
"2887794849","2136706421","0.0714286"
"2140243388","2170469762","0.876623"
"2170469762","2140243388","0.876623"
"2140243388","2766029394","0.0714286"
"2766029394","2140243388","0.0714286"
"2140243388","2887794849","0.0714286"
"2887794849","2140243388","0.0714286"
"2170469762","2766029394","0.0714286"
"2766029394","2170469762","0.0714286"
"2170469762","2887794849","0.0714286"
"2887794849","2170469762","0.0714286"
"2766029394","2887794849","0.0714286"
"2887794849","2766029394","0.0714286"
"1483013903","1599373657","0.5"
"1599373657","1483013903","0.5"
"1599373657","2081933034","1.16667"
"2081933034","1599373657","1.16667"
"1483013903","1605178129","0.111111"
"1605178129","1483013903","0.111111"
"1483013903","2120249836","0.253968"
"2120249836","1483013903","0.253968"
"1483013903","2148774300","0.253968"
"2148774300","1483013903","0.253968"
"153735669","1605178129","0.277778"
"1605178129","153735669","0.277778"
"153735669","2120249836","0.111111"
"2120249836","153735669","0.111111"
"153735669","2148774300","0.111111"
"2148774300","153735669","0.111111"
"153735669","2766029394","0.111111"
"2766029394","153735669","0.111111"
"1605178129","1865229926","0.611111"
"1865229926","1605178129","0.611111"
"1605178129","2048985494","0.111111"
"2048985494","1605178129","0.111111"
"1605178129","2095933800","0.111111"
"2095933800","1605178129","0.111111"
"1605178129","2120249836","0.43254"
"2120249836","1605178129","0.43254"
"1605178129","2148774300","0.444444"
"2148774300","1605178129","0.444444"
"1605178129","2188855843","0.111111"
"2188855843","1605178129","0.111111"
"1605178129","2766029394","0.111111"
"2766029394","1605178129","0.111111"
"1865229926","2120249836","0.611111"
"2120249836","1865229926","0.611111"
"1865229926","2148774300","2.47222"
"2148774300","1865229926","2.47222"
"1865229926","2766029394","0.111111"
"2766029394","1865229926","0.111111"
"2048985494","2120249836","0.111111"
"2120249836","2048985494","0.111111"
"2048985494","2148774300","0.111111"
"2148774300","2048985494","0.111111"
"2048985494","2766029394","0.111111"
"2766029394","2048985494","0.111111"
"2095933800","2120249836","0.111111"
"2120249836","2095933800","0.111111"
"2095933800","2148774300","0.611111"
"2148774300","2095933800","0.611111"
"2095933800","2766029394","0.111111"
"2766029394","2095933800","0.111111"
"2120249836","2148774300","0.253968"
"2148774300","2120249836","0.253968"
"2120249836","2188855843","0.253968"
"2188855843","2120249836","0.253968"
"2120249836","2766029394","0.111111"
"2766029394","2120249836","0.111111"
"2148774300","2188855843","0.253968"
"2188855843","2148774300","0.253968"
"2148774300","2766029394","0.111111"
"2766029394","2148774300","0.111111"
"2188855843","2766029394","0.111111"
"2766029394","2188855843","0.111111"
"1483013903","1593926909","0.142857"
"1593926909","1483013903","0.142857"
"1483013903","2027511343","0.142857"
"2027511343","1483013903","0.142857"
"1517144896","1593926909","0.214286"
"1593926909","1517144896","0.214286"
"1517144896","2027511343","0.72619"
"2027511343","1517144896","0.72619"
"1517144896","2120249836","0.464286"
"2120249836","1517144896","0.464286"
"1517144896","2148774300","0.142857"
"2148774300","1517144896","0.142857"
"1517144896","2188855843","0.142857"
"2188855843","1517144896","0.142857"
"1593926909","2027511343","0.312792"
"2027511343","1593926909","0.312792"
"1593926909","2120249836","0.214286"
"2120249836","1593926909","0.214286"
"1593926909","2140243388","0.714286"
"2140243388","1593926909","0.714286"
"1593926909","2148774300","0.253968"
"2148774300","1593926909","0.253968"
"1593926909","2188855843","0.142857"
"2188855843","1593926909","0.142857"
"2027511343","2120249836","0.142857"
"2120249836","2027511343","0.142857"
"2027511343","2140243388","0.72619"
"2140243388","2027511343","0.72619"
"2027511343","2148774300","0.587302"
"2148774300","2027511343","0.587302"
"2027511343","2188855843","0.142857"
"2188855843","2027511343","0.142857"
"2120249836","2140243388","0.305195"
"2140243388","2120249836","0.305195"
"2140243388","2148774300","0.142857"
"2148774300","2140243388","0.142857"
"2140243388","2188855843","0.142857"
"2188855843","2140243388","0.142857"
"1488510756","185449006","0.45"
"185449006","1488510756","0.45"
"1513577925","185449006","2.95"
"185449006","1513577925","2.95"
"185449006","2081933034","1.95"
"2081933034","185449006","1.95"
"185449006","2095933800","0.2"
"2095933800","185449006","0.2"
"185449006","2115753371","0.2"
"2115753371","185449006","0.2"
"1488510756","2027511343","0.892157"
"2027511343","1488510756","0.892157"
"1488510756","2098899184","0.558824"
"2098899184","1488510756","0.558824"
"2027511343","2098899184","0.558824"
"2098899184","2027511343","0.558824"
"1488510756","1548763925","0.583333"
"1548763925","1488510756","0.583333"
"1488510756","2140243388","0.25"
"2140243388","1488510756","0.25"
"1488510756","2170469762","0.25"
"2170469762","1488510756","0.25"
"1548763925","2048649020","0.745671"
"2048649020","1548763925","0.745671"
"1548763925","2140243388","0.412338"
"2140243388","1548763925","0.412338"
"1548763925","2170469762","0.745671"
"2170469762","1548763925","0.745671"
"1488510756","2034039060","1"
"2034039060","1488510756","1"
"1488510756","1605178129","0.392157"
"1605178129","1488510756","0.392157"
"1548763925","1605178129","0.821429"
"1605178129","1548763925","0.821429"
"1548763925","1865229926","0.5"
"1865229926","1548763925","0.5"
"185449006","2394790698","0.25"
"2394790698","185449006","0.25"
"1488510756","1511686515","0.0588235"
"1511686515","1488510756","0.0588235"
"1488510756","1564447774","0.0588235"
"1564447774","1488510756","0.0588235"
"1488510756","1593926909","0.0588235"
"1593926909","1488510756","0.0588235"
"1488510756","1603648263","0.0588235"
"1603648263","1488510756","0.0588235"
"1488510756","2014560524","0.0588235"
"2014560524","1488510756","0.0588235"
"1488510756","2116101396","0.0588235"
"2116101396","1488510756","0.0588235"
"1488510756","2120140761","0.0588235"
"2120140761","1488510756","0.0588235"
"1488510756","2137329262","0.72549"
"2137329262","1488510756","0.72549"
"1488510756","2184990816","0.0588235"
"2184990816","1488510756","0.0588235"
"1488510756","2284866437","0.0588235"
"2284866437","1488510756","0.0588235"
"1488510756","2887794849","0.0588235"
"2887794849","1488510756","0.0588235"
"1511686515","1564447774","0.0588235"
"1564447774","1511686515","0.0588235"
"1511686515","1593926909","0.241363"
"1593926909","1511686515","0.241363"
"1511686515","1603648263","0.169935"
"1603648263","1511686515","0.169935"
"1511686515","1605178129","0.130252"
"1605178129","1511686515","0.130252"
"1511686515","1887280917","0.273109"
"1887280917","1511686515","0.273109"
"1511686515","2014560524","0.344538"
"2014560524","1511686515","0.344538"
"1511686515","2027511343","0.753268"
"2027511343","1511686515","0.753268"
"1511686515","2048649020","0.582272"
"2048649020","1511686515","0.582272"
"1511686515","2098899184","0.149733"
"2098899184","1511686515","0.149733"
"1511686515","2116101396","0.312792"
"2116101396","1511686515","0.312792"
"1511686515","2120140761","0.201681"
"2120140761","1511686515","0.201681"
"1511686515","2137329262","0.0588235"
"2137329262","1511686515","0.0588235"
"1511686515","2147047717","0.312792"
"2147047717","1511686515","0.312792"
"1511686515","2184990816","0.344538"
"2184990816","1511686515","0.344538"
"1511686515","2284866437","0.0588235"
"2284866437","1511686515","0.0588235"
"1511686515","2887794849","0.0588235"
"2887794849","1511686515","0.0588235"
"1564447774","1593926909","0.0588235"
"1593926909","1564447774","0.0588235"
"1564447774","1603648263","0.0588235"
"1603648263","1564447774","0.0588235"
"1564447774","1605178129","0.0588235"
"1605178129","1564447774","0.0588235"
"1564447774","1887280917","0.0588235"
"1887280917","1564447774","0.0588235"
"1564447774","2014560524","0.158824"
"2014560524","1564447774","0.158824"
"1564447774","2027511343","0.0588235"
"2027511343","1564447774","0.0588235"
"1564447774","2098899184","0.158824"
"2098899184","1564447774","0.158824"
"1564447774","2116101396","0.0588235"
"2116101396","1564447774","0.0588235"
"1564447774","2120140761","0.0588235"
"2120140761","1564447774","0.0588235"
"1564447774","2137329262","0.158824"
"2137329262","1564447774","0.158824"
"1564447774","2147047717","0.158824"
"2147047717","1564447774","0.158824"
"1564447774","2184990816","0.0588235"
"2184990816","1564447774","0.0588235"
"1564447774","2284866437","0.0588235"
"2284866437","1564447774","0.0588235"
"1593926909","1603648263","0.169935"
"1603648263","1593926909","0.169935"
"1593926909","1605178129","0.130252"
"1605178129","1593926909","0.130252"
"1593926909","1887280917","0.130252"
"1887280917","1593926909","0.130252"
"1593926909","2014560524","0.0588235"
"2014560524","1593926909","0.0588235"
"1593926909","2048649020","0.741363"
"2048649020","1593926909","0.741363"
"1593926909","2098899184","0.0588235"
"2098899184","1593926909","0.0588235"
"1593926909","2116101396","0.169935"
"2116101396","1593926909","0.169935"
"1593926909","2120140761","0.0588235"
"2120140761","1593926909","0.0588235"
"1593926909","2137329262","0.0588235"
"2137329262","1593926909","0.0588235"
"1593926909","2147047717","0.169935"
"2147047717","1593926909","0.169935"
"1593926909","2184990816","0.0588235"
"2184990816","1593926909","0.0588235"
"1593926909","2284866437","0.0588235"
"2284866437","1593926909","0.0588235"
"1593926909","2887794849","0.0588235"
"2887794849","1593926909","0.0588235"
"1603648263","1605178129","0.0588235"
"1605178129","1603648263","0.0588235"
"1603648263","1887280917","0.0588235"
"1887280917","1603648263","0.0588235"
"1603648263","2014560524","0.0588235"
"2014560524","1603648263","0.0588235"
"1603648263","2027511343","0.169935"
"2027511343","1603648263","0.169935"
"1603648263","2048649020","0.169935"
"2048649020","1603648263","0.169935"
"1603648263","2098899184","0.308824"
"2098899184","1603648263","0.308824"
"1603648263","2116101396","0.169935"
"2116101396","1603648263","0.169935"
"1603648263","2120140761","0.0588235"
"2120140761","1603648263","0.0588235"
"1603648263","2137329262","0.308824"
"2137329262","1603648263","0.308824"
"1603648263","2147047717","0.169935"
"2147047717","1603648263","0.169935"
"1603648263","2184990816","0.0588235"
"2184990816","1603648263","0.0588235"
"1603648263","2284866437","0.0588235"
"2284866437","1603648263","0.0588235"
"1603648263","2887794849","0.0588235"
"2887794849","1603648263","0.0588235"
"1605178129","1887280917","0.296919"
"1887280917","1605178129","0.296919"
"1605178129","2014560524","0.0588235"
"2014560524","1605178129","0.0588235"
"1605178129","2027511343","0.0588235"
"2027511343","1605178129","0.0588235"
"1605178129","2048649020","0.463585"
"2048649020","1605178129","0.463585"
"1605178129","2098899184","0.0588235"
"2098899184","1605178129","0.0588235"
"1605178129","2116101396","0.0588235"
"2116101396","1605178129","0.0588235"
"1605178129","2120140761","0.0588235"
"2120140761","1605178129","0.0588235"
"1605178129","2137329262","0.0588235"
"2137329262","1605178129","0.0588235"
"1605178129","2147047717","0.392157"
"2147047717","1605178129","0.392157"
"1605178129","2184990816","0.0588235"
"2184990816","1605178129","0.0588235"
"1605178129","2284866437","0.0588235"
"2284866437","1605178129","0.0588235"
"1605178129","2887794849","0.0588235"
"2887794849","1605178129","0.0588235"
"1887280917","2014560524","0.201681"
"2014560524","1887280917","0.201681"
"1887280917","2027511343","0.392157"
"2027511343","1887280917","0.392157"
"1887280917","2098899184","0.892157"
"2098899184","1887280917","0.892157"
"1887280917","2116101396","0.201681"
"2116101396","1887280917","0.201681"
"1887280917","2120140761","0.201681"
"2120140761","1887280917","0.201681"
"1887280917","2137329262","1.05882"
"2137329262","1887280917","1.05882"
"1887280917","2184990816","0.201681"
"2184990816","1887280917","0.201681"
"1887280917","2284866437","0.0588235"
"2284866437","1887280917","0.0588235"
"1887280917","2887794849","0.0588235"
"2887794849","1887280917","0.0588235"
"2014560524","2027511343","0.0588235"
"2027511343","2014560524","0.0588235"
"2014560524","2048649020","0.72549"
"2048649020","2014560524","0.72549"
"2014560524","2098899184","0.158824"
"2098899184","2014560524","0.158824"
"2014560524","2116101396","0.201681"
"2116101396","2014560524","0.201681"
"2014560524","2120140761","0.201681"
"2120140761","2014560524","0.201681"
"2014560524","2137329262","0.158824"
"2137329262","2014560524","0.158824"
"2014560524","2147047717","0.301681"
"2147047717","2014560524","0.301681"
"2014560524","2184990816","3.0112"
"2184990816","2014560524","3.0112"
"2014560524","2284866437","0.0588235"
"2284866437","2014560524","0.0588235"
"2014560524","2887794849","0.0588235"
"2887794849","2014560524","0.0588235"
"2027511343","2048649020","1.41993"
"2048649020","2027511343","1.41993"
"2027511343","2116101396","0.169935"
"2116101396","2027511343","0.169935"
"2027511343","2120140761","0.0588235"
"2120140761","2027511343","0.0588235"
"2027511343","2137329262","0.558824"
"2137329262","2027511343","0.558824"
"2027511343","2147047717","0.336601"
"2147047717","2027511343","0.336601"
"2027511343","2184990816","0.0588235"
"2184990816","2027511343","0.0588235"
"2027511343","2284866437","0.0588235"
"2284866437","2027511343","0.0588235"
"2027511343","2887794849","0.0588235"
"2887794849","2027511343","0.0588235"
"2048649020","2098899184","0.149733"
"2098899184","2048649020","0.149733"
"2048649020","2116101396","0.169935"
"2116101396","2048649020","0.169935"
"2048649020","2120140761","0.392157"
"2120140761","2048649020","0.392157"
"2048649020","2137329262","0.0588235"
"2137329262","2048649020","0.0588235"
"2048649020","2184990816","0.72549"
"2184990816","2048649020","0.72549"
"2048649020","2284866437","0.0588235"
"2284866437","2048649020","0.0588235"
"2098899184","2116101396","0.0588235"
"2116101396","2098899184","0.0588235"
"2098899184","2120140761","0.0588235"
"2120140761","2098899184","0.0588235"
"2098899184","2137329262","0.408824"
"2137329262","2098899184","0.408824"
"2098899184","2147047717","0.158824"
"2147047717","2098899184","0.158824"
"2098899184","2184990816","0.0588235"
"2184990816","2098899184","0.0588235"
"2098899184","2284866437","0.0588235"
"2284866437","2098899184","0.0588235"
"2098899184","2887794849","0.0588235"
"2887794849","2098899184","0.0588235"
"2116101396","2120140761","0.535014"
"2120140761","2116101396","0.535014"
"2116101396","2137329262","0.0588235"
"2137329262","2116101396","0.0588235"
"2116101396","2147047717","0.503268"
"2147047717","2116101396","0.503268"
"2116101396","2184990816","0.201681"
"2184990816","2116101396","0.201681"
"2116101396","2284866437","0.0588235"
"2284866437","2116101396","0.0588235"
"2116101396","2887794849","0.0588235"
"2887794849","2116101396","0.0588235"
"2120140761","2137329262","0.0588235"
"2137329262","2120140761","0.0588235"
"2120140761","2147047717","1.39216"
"2147047717","2120140761","1.39216"
"2120140761","2184990816","0.201681"
"2184990816","2120140761","0.201681"
"2120140761","2284866437","0.0588235"
"2284866437","2120140761","0.0588235"
"2120140761","2887794849","0.0588235"
"2887794849","2120140761","0.0588235"
"2137329262","2147047717","0.32549"
"2147047717","2137329262","0.32549"
"2137329262","2184990816","0.0588235"
"2184990816","2137329262","0.0588235"
"2137329262","2284866437","0.0588235"
"2284866437","2137329262","0.0588235"
"2137329262","2887794849","0.0588235"
"2887794849","2137329262","0.0588235"
"2147047717","2184990816","0.201681"
"2184990816","2147047717","0.201681"
"2147047717","2284866437","0.0588235"
"2284866437","2147047717","0.0588235"
"2147047717","2887794849","0.0588235"
"2887794849","2147047717","0.0588235"
"2184990816","2284866437","0.0588235"
"2284866437","2184990816","0.0588235"
"2184990816","2887794849","0.0588235"
"2887794849","2184990816","0.0588235"
"2284866437","2887794849","0.0588235"
"2887794849","2284866437","0.0588235"
"1488510756","2136706421","0.666667"
"2136706421","1488510756","0.666667"
"2027511343","2136706421","0.333333"
"2136706421","2027511343","0.333333"
"2136706421","2137329262","0.766667"
"2137329262","2136706421","0.766667"
"1488510756","1968154723","0.333333"
