"119736700","2164070935","10.6"
"2164070935","119736700","10.6"
"119736700","144208358","0.6"
"144208358","119736700","0.6"
"119736700","1552329573","1.6"
"1552329573","119736700","1.6"
"144208358","1552329573","0.504762"
"1552329573","144208358","0.504762"
"144208358","2164070935","0.85"
"2164070935","144208358","0.85"
"1552329573","2164070935","1.6"
"2164070935","1552329573","1.6"
"119736700","1521911724","0.333333"
"1521911724","119736700","0.333333"
"119736700","2157130167","0.433333"
"2157130167","119736700","0.433333"
"1521911724","2157130167","0.333333"
"2157130167","1521911724","0.333333"
"1521911724","2164070935","0.333333"
"2164070935","1521911724","0.333333"
"2157130167","2164070935","0.683333"
"2164070935","2157130167","0.683333"
"119736700","1600844932","0.5"
"1600844932","119736700","0.5"
"1600844932","2164070935","0.5"
"2164070935","1600844932","0.5"
"119736700","2066998899","0.266667"
"2066998899","119736700","0.266667"
"119736700","2155876496","0.266667"
"2155876496","119736700","0.266667"
"119736700","2158197890","0.266667"
"2158197890","119736700","0.266667"
"119736700","2612270426","0.166667"
"2612270426","119736700","0.166667"
"144208358","2066998899","0.266667"
"2066998899","144208358","0.266667"
"144208358","2155876496","0.266667"
"2155876496","144208358","0.266667"
"144208358","2158197890","0.338095"
"2158197890","144208358","0.338095"
"144208358","2612270426","0.166667"
"2612270426","144208358","0.166667"
"2066998899","2155876496","18.8381"
"2155876496","2066998899","18.8381"
"2066998899","2158197890","0.266667"
"2158197890","2066998899","0.266667"
"2066998899","2164070935","0.266667"
"2164070935","2066998899","0.266667"
"2066998899","2612270426","0.25"
"2612270426","2066998899","0.25"
"2155876496","2158197890","0.266667"
"2158197890","2155876496","0.266667"
"2155876496","2164070935","0.266667"
"2164070935","2155876496","0.266667"
"2155876496","2612270426","0.25"
"2612270426","2155876496","0.25"
"2158197890","2164070935","0.266667"
"2164070935","2158197890","0.266667"
"2158197890","2612270426","0.166667"
"2612270426","2158197890","0.166667"
"2164070935","2612270426","0.166667"
"2612270426","2164070935","0.166667"
"119736700","1547800885","0.433333"
"1547800885","119736700","0.433333"
"119736700","1597549781","0.1"
"1597549781","119736700","0.1"
"119736700","2152317203","0.1"
"2152317203","119736700","0.1"
"144208358","1547800885","0.171429"
"1547800885","144208358","0.171429"
"144208358","1597549781","0.171429"
"1597549781","144208358","0.171429"
"144208358","2152317203","0.171429"
"2152317203","144208358","0.171429"
"144208358","2157130167","1.42143"
"2157130167","144208358","1.42143"
"1547800885","1552329573","0.504762"
"1552329573","1547800885","0.504762"
"1547800885","1597549781","0.171429"
"1597549781","1547800885","0.171429"
"1547800885","2066998899","0.1"
"2066998899","1547800885","0.1"
"1547800885","2152317203","0.171429"
"2152317203","1547800885","0.171429"
"1547800885","2155876496","0.1"
"2155876496","1547800885","0.1"
"1547800885","2157130167","1.17143"
"2157130167","1547800885","1.17143"
"1547800885","2158197890","0.671429"
"2158197890","1547800885","0.671429"
"1547800885","2164070935","0.433333"
"2164070935","1547800885","0.433333"
"1552329573","1597549781","0.171429"
"1597549781","1552329573","0.171429"
"1552329573","2066998899","0.1"
"2066998899","1552329573","0.1"
"1552329573","2152317203","0.171429"
"2152317203","1552329573","0.171429"
"1552329573","2155876496","0.1"
"2155876496","1552329573","0.1"
"1552329573","2157130167","0.171429"
"2157130167","1552329573","0.171429"
"1552329573","2158197890","0.171429"
"2158197890","1552329573","0.171429"
"1597549781","2066998899","0.802381"
"2066998899","1597549781","0.802381"
"1597549781","2152317203","0.238095"
"2152317203","1597549781","0.238095"
"1597549781","2155876496","0.302381"
"2155876496","1597549781","0.302381"
"1597549781","2157130167","0.171429"
"2157130167","1597549781","0.171429"
"1597549781","2158197890","0.238095"
"2158197890","1597549781","0.238095"
"1597549781","2164070935","0.1"
"2164070935","1597549781","0.1"
"2066998899","2152317203","0.85"
"2152317203","2066998899","0.85"
"2066998899","2157130167","0.6"
"2157130167","2066998899","0.6"
"2152317203","2155876496","0.6"
"2155876496","2152317203","0.6"
"2152317203","2157130167","0.171429"
"2157130167","2152317203","0.171429"
"2152317203","2158197890","0.238095"
"2158197890","2152317203","0.238095"
"2152317203","2164070935","0.1"
"2164070935","2152317203","0.1"
"2155876496","2157130167","0.6"
"2157130167","2155876496","0.6"
"2157130167","2158197890","0.671429"
"2158197890","2157130167","0.671429"
"119736700","1853117120","0.333333"
"1853117120","119736700","0.333333"
"1552329573","1853117120","0.333333"
"1853117120","1552329573","0.333333"
"1853117120","2164070935","0.333333"
"2164070935","1853117120","0.333333"
"144208358","2057494692","0.25"
"2057494692","144208358","0.25"
"144208358","2620330156","0.25"
"2620330156","144208358","0.25"
"2057494692","2157130167","0.25"
"2157130167","2057494692","0.25"
"2057494692","2164070935","0.25"
"2164070935","2057494692","0.25"
"2057494692","2620330156","0.25"
"2620330156","2057494692","0.25"
"2157130167","2620330156","0.25"
"2620330156","2157130167","0.25"
"2164070935","2620330156","0.25"
"2620330156","2164070935","0.25"
"144208358","1600844932","0.0714286"
"1600844932","144208358","0.0714286"
"144208358","1964558452","0.0714286"
"1964558452","144208358","0.0714286"
"144208358","2088339550","0.0714286"
"2088339550","144208358","0.0714286"
"144208358","2105100833","0.0714286"
"2105100833","144208358","0.0714286"
"144208358","2111160357","0.0714286"
"2111160357","144208358","0.0714286"
"144208358","2156198657","0.0714286"
"2156198657","144208358","0.0714286"
"144208358","2164014025","0.0714286"
"2164014025","144208358","0.0714286"
"144208358","2792459140","0.0714286"
"2792459140","144208358","0.0714286"
"1547800885","1600844932","0.0714286"
"1600844932","1547800885","0.0714286"
"1547800885","1964558452","0.571429"
"1964558452","1547800885","0.571429"
"1547800885","2088339550","0.0714286"
"2088339550","1547800885","0.0714286"
"1547800885","2105100833","0.0714286"
"2105100833","1547800885","0.0714286"
"1547800885","2111160357","0.0714286"
"2111160357","1547800885","0.0714286"
"1547800885","2156198657","0.0714286"
"2156198657","1547800885","0.0714286"
"1547800885","2164014025","0.0714286"
"2164014025","1547800885","0.0714286"
"1547800885","2792459140","0.0714286"
"2792459140","1547800885","0.0714286"
"1552329573","1600844932","0.0714286"
"1600844932","1552329573","0.0714286"
"1552329573","1964558452","0.0714286"
"1964558452","1552329573","0.0714286"
"1552329573","2088339550","0.0714286"
"2088339550","1552329573","0.0714286"
"1552329573","2105100833","0.0714286"
"2105100833","1552329573","0.0714286"
"1552329573","2111160357","0.0714286"
"2111160357","1552329573","0.0714286"
"1552329573","2156198657","0.0714286"
"2156198657","1552329573","0.0714286"
"1552329573","2164014025","0.0714286"
"2164014025","1552329573","0.0714286"
"1552329573","2792459140","0.0714286"
"2792459140","1552329573","0.0714286"
"1597549781","1600844932","1.79881"
"1600844932","1597549781","1.79881"
"1597549781","1964558452","0.0714286"
"1964558452","1597549781","0.0714286"
"1597549781","2088339550","0.107143"
"2088339550","1597549781","0.107143"
"1597549781","2105100833","0.107143"
"2105100833","1597549781","0.107143"
"1597549781","2111160357","1.23214"
"2111160357","1597549781","1.23214"
"1597549781","2156198657","0.39881"
"2156198657","1597549781","0.39881"
"1597549781","2164014025","0.0714286"
"2164014025","1597549781","0.0714286"
"1597549781","2792459140","0.440476"
"2792459140","1597549781","0.440476"
"1600844932","1964558452","0.0714286"
"1964558452","1600844932","0.0714286"
"1600844932","2088339550","0.309163"
"2088339550","1600844932","0.309163"
"1600844932","2105100833","0.107143"
"2105100833","1600844932","0.107143"
"1600844932","2111160357","0.323052"
"2111160357","1600844932","0.323052"
"1600844932","2152317203","0.249206"
"2152317203","1600844932","0.249206"
"1600844932","2156198657","0.290966"
"2156198657","1600844932","0.290966"
"1600844932","2157130167","2.07143"
"2157130167","1600844932","2.07143"
"1600844932","2158197890","0.138095"
"2158197890","1600844932","0.138095"
"1600844932","2164014025","0.0714286"
"2164014025","1600844932","0.0714286"
"1600844932","2792459140","0.367987"
"2792459140","1600844932","0.367987"
"1964558452","2088339550","0.0714286"
"2088339550","1964558452","0.0714286"
"1964558452","2105100833","0.0714286"
"2105100833","1964558452","0.0714286"
"1964558452","2111160357","0.0714286"
"2111160357","1964558452","0.0714286"
"1964558452","2152317203","0.0714286"
"2152317203","1964558452","0.0714286"
"1964558452","2156198657","0.0714286"
"2156198657","1964558452","0.0714286"
"1964558452","2157130167","0.571429"
"2157130167","1964558452","0.571429"
"1964558452","2158197890","0.0714286"
"2158197890","1964558452","0.0714286"
"1964558452","2164014025","0.0714286"
"2164014025","1964558452","0.0714286"
"1964558452","2792459140","0.0714286"
"2792459140","1964558452","0.0714286"
"2088339550","2105100833","0.27381"
"2105100833","2088339550","0.27381"
"2088339550","2111160357","0.364719"
"2111160357","2088339550","0.364719"
"2088339550","2152317203","0.18254"
"2152317203","2088339550","0.18254"
"2088339550","2156198657","0.107143"
"2156198657","2088339550","0.107143"
"2088339550","2157130167","0.0714286"
"2157130167","2088339550","0.0714286"
"2088339550","2158197890","0.0714286"
"2158197890","2088339550","0.0714286"
"2088339550","2164014025","0.0714286"
"2164014025","2088339550","0.0714286"
"2088339550","2792459140","3.98694"
"2792459140","2088339550","3.98694"
"2105100833","2111160357","0.350733"
"2111160357","2105100833","0.350733"
"2105100833","2152317203","0.0714286"
"2152317203","2105100833","0.0714286"
"2105100833","2156198657","0.107143"
"2156198657","2105100833","0.107143"
"2105100833","2157130167","0.0714286"
"2157130167","2105100833","0.0714286"
"2105100833","2158197890","0.0714286"
"2158197890","2105100833","0.0714286"
"2105100833","2164014025","0.0714286"
"2164014025","2105100833","0.0714286"
"2105100833","2792459140","0.107143"
"2792459140","2105100833","0.107143"
"2111160357","2152317203","0.0714286"
"2152317203","2111160357","0.0714286"
"2111160357","2156198657","0.232143"
"2156198657","2111160357","0.232143"
"2111160357","2157130167","0.0714286"
"2157130167","2111160357","0.0714286"
"2111160357","2158197890","0.0714286"
"2158197890","2111160357","0.0714286"
"2111160357","2164014025","0.0714286"
"2164014025","2111160357","0.0714286"
"2111160357","2792459140","0.198052"
"2792459140","2111160357","0.198052"
"2152317203","2156198657","0.0714286"
"2156198657","2152317203","0.0714286"
"2152317203","2164014025","0.0714286"
"2164014025","2152317203","0.0714286"
"2152317203","2792459140","0.18254"
"2792459140","2152317203","0.18254"
"2156198657","2157130167","0.0714286"
"2157130167","2156198657","0.0714286"
"2156198657","2158197890","0.0714286"
"2158197890","2156198657","0.0714286"
"2156198657","2164014025","0.0714286"
"2164014025","2156198657","0.0714286"
"2156198657","2792459140","0.165966"
"2792459140","2156198657","0.165966"
"2157130167","2164014025","0.0714286"
"2164014025","2157130167","0.0714286"
"2157130167","2792459140","0.0714286"
"2792459140","2157130167","0.0714286"
"2158197890","2164014025","2.07143"
"2164014025","2158197890","2.07143"
"2158197890","2792459140","0.0714286"
"2792459140","2158197890","0.0714286"
"2164014025","2792459140","0.0714286"
"2792459140","2164014025","0.0714286"
"1521911724","1600844932","0.177778"
"1600844932","1521911724","0.177778"
"1521911724","1933119144","0.111111"
"1933119144","1521911724","0.111111"
"1521911724","2088339550","0.111111"
"2088339550","1521911724","0.111111"
"1521911724","2103126151","0.177778"
"2103126151","1521911724","0.177778"
"1521911724","2106785897","0.111111"
"2106785897","1521911724","0.111111"
"1521911724","2139781850","0.177778"
"2139781850","1521911724","0.177778"
"1521911724","2152317203","0.177778"
"2152317203","1521911724","0.177778"
"1521911724","2758656356","0.111111"
"2758656356","1521911724","0.111111"
"1521911724","2792459140","0.111111"
"2792459140","1521911724","0.111111"
"1600844932","1933119144","0.463925"
"1933119144","1600844932","0.463925"
"1600844932","2103126151","0.177778"
"2103126151","1600844932","0.177778"
"1600844932","2106785897","0.503268"
"2106785897","1600844932","0.503268"
"1600844932","2139781850","0.338492"
"2139781850","1600844932","0.338492"
"1600844932","2758656356","0.538982"
"2758656356","1600844932","0.538982"
"1933119144","2088339550","11.9988"
"2088339550","1933119144","11.9988"
"1933119144","2103126151","0.111111"
"2103126151","1933119144","0.111111"
"1933119144","2106785897","0.111111"
"2106785897","1933119144","0.111111"
"1933119144","2139781850","0.146825"
"2139781850","1933119144","0.146825"
"1933119144","2152317203","0.111111"
"2152317203","1933119144","0.111111"
"1933119144","2758656356","0.313492"
"2758656356","1933119144","0.313492"
"1933119144","2792459140","3.36392"
"2792459140","1933119144","3.36392"
"2088339550","2103126151","0.111111"
"2103126151","2088339550","0.111111"
"2088339550","2106785897","0.111111"
"2106785897","2088339550","0.111111"
"2088339550","2139781850","0.146825"
"2139781850","2088339550","0.146825"
"2088339550","2758656356","0.313492"
"2758656356","2088339550","0.313492"
"2103126151","2106785897","0.111111"
"2106785897","2103126151","0.111111"
"2103126151","2139781850","0.177778"
"2139781850","2103126151","0.177778"
"2103126151","2152317203","0.177778"
"2152317203","2103126151","0.177778"
"2103126151","2758656356","0.438034"
"2758656356","2103126151","0.438034"
"2103126151","2792459140","0.111111"
"2792459140","2103126151","0.111111"
"2106785897","2139781850","1.25397"
"2139781850","2106785897","1.25397"
"2106785897","2152317203","0.111111"
"2152317203","2106785897","0.111111"
"2106785897","2758656356","0.503268"
"2758656356","2106785897","0.503268"
"2106785897","2792459140","0.169935"
"2792459140","2106785897","0.169935"
"2139781850","2152317203","0.427778"
"2152317203","2139781850","0.427778"
"2139781850","2758656356","0.146825"
"2758656356","2139781850","0.146825"
"2139781850","2792459140","0.146825"
"2792459140","2139781850","0.146825"
"2152317203","2758656356","0.111111"
"2758656356","2152317203","0.111111"
"2758656356","2792459140","1.20565"
"2792459140","2758656356","1.20565"
"1521911724","1588987746","0.0666667"
"1588987746","1521911724","0.0666667"
"1521911724","1597549781","0.0666667"
"1597549781","1521911724","0.0666667"
"1521911724","1619579880","0.0666667"
"1619579880","1521911724","0.0666667"
"1521911724","1853117120","0.0666667"
"1853117120","1521911724","0.0666667"
"1521911724","2057494692","0.0666667"
"2057494692","1521911724","0.0666667"
"1521911724","2104874460","0.0666667"
"2104874460","1521911724","0.0666667"
"1521911724","2121315338","0.0666667"
"2121315338","1521911724","0.0666667"
"1521911724","2128119432","0.0666667"
"2128119432","1521911724","0.0666667"
"1521911724","2146845733","0.0666667"
"2146845733","1521911724","0.0666667"
"1521911724","2158197890","0.0666667"
"2158197890","1521911724","0.0666667"
"1521911724","8126109","0.0666667"
"8126109","1521911724","0.0666667"
"1588987746","1597549781","2.26667"
"1597549781","1588987746","2.26667"
"1588987746","1600844932","0.566667"
"1600844932","1588987746","0.566667"
"1588987746","1619579880","0.0666667"
"1619579880","1588987746","0.0666667"
"1588987746","1853117120","0.766667"
"1853117120","1588987746","0.766667"
"1588987746","2057494692","0.0666667"
"2057494692","1588987746","0.0666667"
"1588987746","2103126151","0.0666667"
"2103126151","1588987746","0.0666667"
"1588987746","2104874460","0.0666667"
"2104874460","1588987746","0.0666667"
"1588987746","2121315338","0.0666667"
"2121315338","1588987746","0.0666667"
"1588987746","2128119432","0.0666667"
"2128119432","1588987746","0.0666667"
"1588987746","2139781850","0.0666667"
"2139781850","1588987746","0.0666667"
"1588987746","2146845733","0.0666667"
"2146845733","1588987746","0.0666667"
"1588987746","2152317203","0.0666667"
"2152317203","1588987746","0.0666667"
"1588987746","2158197890","0.0666667"
"2158197890","1588987746","0.0666667"
"1588987746","8126109","0.0666667"
"8126109","1588987746","0.0666667"
"1597549781","1619579880","0.560714"
"1619579880","1597549781","0.560714"
"1597549781","1853117120","2.71905"
"1853117120","1597549781","2.71905"
"1597549781","2057494692","0.102381"
"2057494692","1597549781","0.102381"
"1597549781","2103126151","0.0666667"
"2103126151","1597549781","0.0666667"
"1597549781","2104874460","0.227381"
"2104874460","1597549781","0.227381"
"1597549781","2121315338","0.0666667"
"2121315338","1597549781","0.0666667"
"1597549781","2128119432","0.227381"
"2128119432","1597549781","0.227381"
"1597549781","2139781850","0.227381"
"2139781850","1597549781","0.227381"
"1597549781","2146845733","0.0666667"
"2146845733","1597549781","0.0666667"
"1597549781","8126109","1.22738"
"8126109","1597549781","1.22738"
"1600844932","1619579880","0.560714"
"1619579880","1600844932","0.560714"
"1600844932","1853117120","0.327871"
"1853117120","1600844932","0.327871"
"1600844932","2057494692","0.276623"
"2057494692","1600844932","0.276623"
"1600844932","2104874460","0.227381"
"2104874460","1600844932","0.227381"
"1600844932","2121315338","0.157576"
"2121315338","1600844932","0.157576"
"1600844932","2128119432","0.401623"
"2128119432","1600844932","0.401623"
"1600844932","2146845733","0.157576"
"2146845733","1600844932","0.157576"
"1600844932","8126109","0.710447"
"8126109","1600844932","0.710447"
"1619579880","1853117120","0.102381"
"1853117120","1619579880","0.102381"
"1619579880","2057494692","0.102381"
"2057494692","1619579880","0.102381"
"1619579880","2103126151","0.0666667"
"2103126151","1619579880","0.0666667"
"1619579880","2104874460","0.227381"
"2104874460","1619579880","0.227381"
"1619579880","2121315338","0.0666667"
"2121315338","1619579880","0.0666667"
"1619579880","2128119432","0.227381"
"2128119432","1619579880","0.227381"
"1619579880","2139781850","1.72738"
"2139781850","1619579880","1.72738"
"1619579880","2146845733","0.0666667"
"2146845733","1619579880","0.0666667"
"1619579880","2152317203","0.0666667"
"2152317203","1619579880","0.0666667"
"1619579880","2158197890","0.0666667"
"2158197890","1619579880","0.0666667"
"1619579880","8126109","0.560714"
"8126109","1619579880","0.560714"
"1853117120","2057494692","0.102381"
"2057494692","1853117120","0.102381"
"1853117120","2103126151","0.0666667"
"2103126151","1853117120","0.0666667"
"1853117120","2104874460","0.102381"
"2104874460","1853117120","0.102381"
"1853117120","2121315338","0.0666667"
"2121315338","1853117120","0.0666667"
"1853117120","2128119432","0.102381"
"2128119432","1853117120","0.102381"
"1853117120","2139781850","0.102381"
"2139781850","1853117120","0.102381"
"1853117120","2146845733","0.0666667"
"2146845733","1853117120","0.0666667"
"1853117120","2152317203","0.0666667"
"2152317203","1853117120","0.0666667"
"1853117120","2158197890","0.0666667"
"2158197890","1853117120","0.0666667"
"1853117120","8126109","0.161204"
"8126109","1853117120","0.161204"
"2057494692","2103126151","0.14359"
"2103126151","2057494692","0.14359"
"2057494692","2104874460","0.102381"
"2104874460","2057494692","0.102381"
"2057494692","2121315338","0.234499"
"2121315338","2057494692","0.234499"
"2057494692","2128119432","0.276623"
"2128119432","2057494692","0.276623"
"2057494692","2139781850","0.102381"
"2139781850","2057494692","0.102381"
"2057494692","2146845733","0.234499"
"2146845733","2057494692","0.234499"
"2057494692","2152317203","0.0666667"
"2152317203","2057494692","0.0666667"
"2057494692","2158197890","0.0666667"
"2158197890","2057494692","0.0666667"
"2057494692","8126109","0.19329"
"8126109","2057494692","0.19329"
"2103126151","2104874460","0.0666667"
"2104874460","2103126151","0.0666667"
"2103126151","2121315338","0.14359"
"2121315338","2103126151","0.14359"
"2103126151","2128119432","0.0666667"
"2128119432","2103126151","0.0666667"
"2103126151","2146845733","0.39359"
"2146845733","2103126151","0.39359"
"2103126151","2158197890","0.0666667"
"2158197890","2103126151","0.0666667"
"2103126151","8126109","0.0666667"
"8126109","2103126151","0.0666667"
"2104874460","2121315338","0.0666667"
"2121315338","2104874460","0.0666667"
"2104874460","2128119432","0.763095"
"2128119432","2104874460","0.763095"
"2104874460","2139781850","0.763095"
"2139781850","2104874460","0.763095"
"2104874460","2146845733","0.0666667"
"2146845733","2104874460","0.0666667"
"2104874460","2152317203","0.316667"
"2152317203","2104874460","0.316667"
"2104874460","2158197890","0.0666667"
"2158197890","2104874460","0.0666667"
"2104874460","8126109","0.227381"
"8126109","2104874460","0.227381"
"2121315338","2128119432","0.157576"
"2128119432","2121315338","0.157576"
"2121315338","2139781850","0.0666667"
"2139781850","2121315338","0.0666667"
"2121315338","2146845733","0.401166"
"2146845733","2121315338","0.401166"
"2121315338","2152317203","0.0666667"
"2152317203","2121315338","0.0666667"
"2121315338","2158197890","0.0666667"
"2158197890","2121315338","0.0666667"
"2121315338","8126109","0.157576"
"8126109","2121315338","0.157576"
"2128119432","2139781850","0.763095"
"2139781850","2128119432","0.763095"
"2128119432","2146845733","0.157576"
"2146845733","2128119432","0.157576"
"2128119432","2152317203","0.316667"
"2152317203","2128119432","0.316667"
"2128119432","2158197890","0.0666667"
"2158197890","2128119432","0.0666667"
"2128119432","8126109","0.31829"
"8126109","2128119432","0.31829"
"2139781850","2146845733","0.0666667"
"2146845733","2139781850","0.0666667"
"2139781850","2158197890","0.0666667"
"2158197890","2139781850","0.0666667"
"2139781850","8126109","0.227381"
"8126109","2139781850","0.227381"
"2146845733","2152317203","0.0666667"
"2152317203","2146845733","0.0666667"
"2146845733","2158197890","0.0666667"
"2158197890","2146845733","0.0666667"
"2146845733","8126109","0.157576"
"8126109","2146845733","0.157576"
"2152317203","8126109","0.0666667"
"8126109","2152317203","0.0666667"
"2158197890","8126109","0.0666667"
"8126109","2158197890","0.0666667"
"1527432280","2028272989","0.135747"
"2028272989","1527432280","0.135747"
"1527432280","2057494692","0.0769231"
"2057494692","1527432280","0.0769231"
"1527432280","2099770799","0.0769231"
"2099770799","1527432280","0.0769231"
"1527432280","2103126151","0.0769231"
"2103126151","1527432280","0.0769231"
"1527432280","2105100833","0.0769231"
"2105100833","1527432280","0.0769231"
"1527432280","2111160357","0.0769231"
"2111160357","1527432280","0.0769231"
"1527432280","2121315338","0.0769231"
"2121315338","1527432280","0.0769231"
"1527432280","2146845733","0.0769231"
"2146845733","1527432280","0.0769231"
"1527432280","2151363955","0.0769231"
"2151363955","1527432280","0.0769231"
"1527432280","2245806330","0.0769231"
"2245806330","1527432280","0.0769231"
"1527432280","2517493428","0.0769231"
"2517493428","1527432280","0.0769231"
"1527432280","2758656356","0.635747"
"2758656356","1527432280","0.635747"
"1527432280","55978384","7.63575"
"55978384","1527432280","7.63575"
"2028272989","2057494692","0.0769231"
"2057494692","2028272989","0.0769231"
"2028272989","2099770799","0.0769231"
"2099770799","2028272989","0.0769231"
"2028272989","2103126151","0.0769231"
"2103126151","2028272989","0.0769231"
"2028272989","2105100833","0.576923"
"2105100833","2028272989","0.576923"
"2028272989","2111160357","0.0769231"
"2111160357","2028272989","0.0769231"
"2028272989","2121315338","0.0769231"
"2121315338","2028272989","0.0769231"
"2028272989","2146845733","0.0769231"
"2146845733","2028272989","0.0769231"
"2028272989","2151363955","1.07692"
"2151363955","2028272989","1.07692"
"2028272989","2245806330","0.0769231"
"2245806330","2028272989","0.0769231"
"2028272989","2517493428","0.0769231"
"2517493428","2028272989","0.0769231"
"2028272989","2758656356","0.135747"
"2758656356","2028272989","0.135747"
"2028272989","55978384","0.135747"
"55978384","2028272989","0.135747"
"2057494692","2099770799","0.112637"
"2099770799","2057494692","0.112637"
"2057494692","2105100833","0.112637"
"2105100833","2057494692","0.112637"
"2057494692","2111160357","0.203546"
"2111160357","2057494692","0.203546"
"2057494692","2151363955","0.167832"
"2151363955","2057494692","0.167832"
"2057494692","2245806330","0.0769231"
"2245806330","2057494692","0.0769231"
"2057494692","2517493428","0.112637"
"2517493428","2057494692","0.112637"
"2057494692","2758656356","0.112637"
"2758656356","2057494692","0.112637"
"2057494692","55978384","0.0769231"
"55978384","2057494692","0.0769231"
"2099770799","2103126151","0.0769231"
"2103126151","2099770799","0.0769231"
"2099770799","2105100833","0.112637"
"2105100833","2099770799","0.112637"
"2099770799","2111160357","0.612637"
"2111160357","2099770799","0.612637"
"2099770799","2121315338","0.0769231"
"2121315338","2099770799","0.0769231"
"2099770799","2146845733","0.0769231"
"2146845733","2099770799","0.0769231"
"2099770799","2151363955","0.576923"
"2151363955","2099770799","0.576923"
"2099770799","2245806330","0.0769231"
"2245806330","2099770799","0.0769231"
"2099770799","2517493428","0.112637"
"2517493428","2099770799","0.112637"
"2099770799","2758656356","0.112637"
"2758656356","2099770799","0.112637"
"2099770799","55978384","0.0769231"
"55978384","2099770799","0.0769231"
"2103126151","2105100833","0.0769231"
"2105100833","2103126151","0.0769231"
"2103126151","2111160357","0.326923"
"2111160357","2103126151","0.326923"
"2103126151","2151363955","0.0769231"
"2151363955","2103126151","0.0769231"
"2103126151","2245806330","0.0769231"
"2245806330","2103126151","0.0769231"
"2103126151","2517493428","0.0769231"
"2517493428","2103126151","0.0769231"
"2103126151","55978384","0.0769231"
"55978384","2103126151","0.0769231"
"2105100833","2121315338","0.24359"
"2121315338","2105100833","0.24359"
"2105100833","2146845733","0.24359"
"2146845733","2105100833","0.24359"
"2105100833","2151363955","0.74359"
"2151363955","2105100833","0.74359"
"2105100833","2245806330","0.0769231"
"2245806330","2105100833","0.0769231"
"2105100833","2517493428","0.112637"
"2517493428","2105100833","0.112637"
"2105100833","2758656356","0.112637"
"2758656356","2105100833","0.112637"
"2105100833","55978384","0.0769231"
"55978384","2105100833","0.0769231"
"2111160357","2121315338","0.834499"
"2121315338","2111160357","0.834499"
"2111160357","2146845733","0.584499"
"2146845733","2111160357","0.584499"
"2111160357","2151363955","0.834499"
"2151363955","2111160357","0.834499"
"2111160357","2245806330","0.0769231"
"2245806330","2111160357","0.0769231"
"2111160357","2517493428","0.112637"
"2517493428","2111160357","0.112637"
"2111160357","2758656356","0.362637"
"2758656356","2111160357","0.362637"
"2111160357","55978384","0.0769231"
"55978384","2111160357","0.0769231"
"2121315338","2151363955","1.3345"
"2151363955","2121315338","1.3345"
"2121315338","2245806330","0.0769231"
"2245806330","2121315338","0.0769231"
"2121315338","2517493428","0.0769231"
"2517493428","2121315338","0.0769231"
"2121315338","2758656356","0.0769231"
"2758656356","2121315338","0.0769231"
"2121315338","55978384","0.0769231"
"55978384","2121315338","0.0769231"
"2146845733","2151363955","0.334499"
"2151363955","2146845733","0.334499"
"2146845733","2245806330","0.0769231"
"2245806330","2146845733","0.0769231"
"2146845733","2517493428","0.0769231"
"2517493428","2146845733","0.0769231"
"2146845733","2758656356","0.326923"
"2758656356","2146845733","0.326923"
"2146845733","55978384","0.0769231"
"55978384","2146845733","0.0769231"
"2151363955","2245806330","0.0769231"
"2245806330","2151363955","0.0769231"
"2151363955","2517493428","0.0769231"
"2517493428","2151363955","0.0769231"
"2151363955","2758656356","0.0769231"
"2758656356","2151363955","0.0769231"
"2151363955","55978384","0.0769231"
"55978384","2151363955","0.0769231"
"2245806330","2517493428","0.0769231"
"2517493428","2245806330","0.0769231"
"2245806330","2758656356","0.0769231"
"2758656356","2245806330","0.0769231"
"2245806330","55978384","0.0769231"
"55978384","2245806330","0.0769231"
"2517493428","2758656356","0.112637"
"2758656356","2517493428","0.112637"
"2517493428","55978384","0.0769231"
"55978384","2517493428","0.0769231"
"2758656356","55978384","0.635747"
"55978384","2758656356","0.635747"
"1527432280","1600844932","0.22549"
"1600844932","1527432280","0.22549"
"1527432280","1853117120","0.22549"
"1853117120","1527432280","0.22549"
"1527432280","1918663202","0.392157"
"1918663202","1527432280","0.392157"
"1527432280","2015151048","0.0588235"
"2015151048","1527432280","0.0588235"
"1527432280","2105071624","0.0588235"
"2105071624","1527432280","0.0588235"
"1527432280","2106785897","0.892157"
"2106785897","1527432280","0.892157"
"1527432280","2151629090","0.22549"
"2151629090","1527432280","0.22549"
"1527432280","2154738170","0.0588235"
"2154738170","1527432280","0.0588235"
"1527432280","2156198657","0.0588235"
"2156198657","1527432280","0.0588235"
"1527432280","2156820237","0.0588235"
"2156820237","1527432280","0.0588235"
"1527432280","2612270426","0.0588235"
"2612270426","1527432280","0.0588235"
"1527432280","2792459140","0.0588235"
"2792459140","1527432280","0.0588235"
"1527432280","56022750","0.22549"
"56022750","1527432280","0.22549"
"1527432280","8126109","0.0588235"
"8126109","1527432280","0.0588235"
"1600844932","1918663202","0.427871"
"1918663202","1600844932","0.427871"
"1600844932","2015151048","0.285014"
"2015151048","1600844932","0.285014"
"1600844932","2028272989","0.0588235"
"2028272989","1600844932","0.0588235"
"1600844932","2105071624","0.0588235"
"2105071624","1600844932","0.0588235"
"1600844932","2151629090","0.261204"
"2151629090","1600844932","0.261204"
"1600844932","2154738170","2.32073"
"2154738170","1600844932","2.32073"
"1600844932","2156820237","0.0588235"
"2156820237","1600844932","0.0588235"
"1600844932","2612270426","0.142157"
"2612270426","1600844932","0.142157"
"1600844932","55978384","0.22549"
"55978384","1600844932","0.22549"
"1600844932","56022750","0.22549"
"56022750","1600844932","0.22549"
"1853117120","1918663202","0.344538"
"1918663202","1853117120","0.344538"
"1853117120","2015151048","0.0588235"
"2015151048","1853117120","0.0588235"
"1853117120","2028272989","0.0588235"
"2028272989","1853117120","0.0588235"
"1853117120","2105071624","0.0588235"
"2105071624","1853117120","0.0588235"
"1853117120","2106785897","0.308824"
"2106785897","1853117120","0.308824"
"1853117120","2151629090","0.461204"
"2151629090","1853117120","0.461204"
"1853117120","2154738170","0.344538"
"2154738170","1853117120","0.344538"
"1853117120","2156198657","0.0945378"
"2156198657","1853117120","0.0945378"
"1853117120","2156820237","0.258824"
"2156820237","1853117120","0.258824"
"1853117120","2612270426","0.0588235"
"2612270426","1853117120","0.0588235"
"1853117120","2758656356","0.0945378"
"2758656356","1853117120","0.0945378"
"1853117120","2792459140","0.0945378"
"2792459140","1853117120","0.0945378"
"1853117120","55978384","0.72549"
"55978384","1853117120","0.72549"
"1853117120","56022750","0.42549"
"56022750","1853117120","0.42549"
"1918663202","2015151048","0.0588235"
"2015151048","1918663202","0.0588235"
"1918663202","2028272989","0.0588235"
"2028272989","1918663202","0.0588235"
"1918663202","2105071624","0.0588235"
"2105071624","1918663202","0.0588235"
"1918663202","2106785897","1.11835"
"2106785897","1918663202","1.11835"
"1918663202","2151629090","0.437395"
"2151629090","1918663202","0.437395"
"1918663202","2154738170","2.68739"
"2154738170","1918663202","2.68739"
"1918663202","2156198657","0.0945378"
"2156198657","1918663202","0.0945378"
"1918663202","2156820237","0.0588235"
"2156820237","1918663202","0.0588235"
"1918663202","2612270426","0.0588235"
"2612270426","1918663202","0.0588235"
"1918663202","2758656356","0.627871"
"2758656356","1918663202","0.627871"
"1918663202","2792459140","0.0945378"
"2792459140","1918663202","0.0945378"
"1918663202","55978384","0.392157"
"55978384","1918663202","0.392157"
"1918663202","56022750","0.401681"
"56022750","1918663202","0.401681"
"1918663202","8126109","0.0945378"
"8126109","1918663202","0.0945378"
"2015151048","2028272989","0.0588235"
"2028272989","2015151048","0.0588235"
"2015151048","2105071624","0.0588235"
"2105071624","2015151048","0.0588235"
"2015151048","2106785897","0.0588235"
"2106785897","2015151048","0.0588235"
"2015151048","2151629090","0.0588235"
"2151629090","2015151048","0.0588235"
"2015151048","2154738170","0.285014"
"2154738170","2015151048","0.285014"
"2015151048","2156198657","0.0588235"
"2156198657","2015151048","0.0588235"
"2015151048","2156820237","0.0588235"
"2156820237","2015151048","0.0588235"
"2015151048","2612270426","0.142157"
"2612270426","2015151048","0.142157"
"2015151048","2758656356","0.558824"
"2758656356","2015151048","0.558824"
"2015151048","2792459140","0.0588235"
"2792459140","2015151048","0.0588235"
"2015151048","55978384","0.0588235"
"55978384","2015151048","0.0588235"
"2015151048","56022750","0.0588235"
"56022750","2015151048","0.0588235"
"2015151048","8126109","0.0588235"
"8126109","2015151048","0.0588235"
"2028272989","2105071624","0.0588235"
"2105071624","2028272989","0.0588235"
"2028272989","2106785897","0.0588235"
"2106785897","2028272989","0.0588235"
"2028272989","2151629090","0.0588235"
"2151629090","2028272989","0.0588235"
"2028272989","2154738170","0.0588235"
"2154738170","2028272989","0.0588235"
"2028272989","2156198657","0.0588235"
"2156198657","2028272989","0.0588235"
"2028272989","2156820237","0.0588235"
"2156820237","2028272989","0.0588235"
"2028272989","2612270426","0.0588235"
"2612270426","2028272989","0.0588235"
"2028272989","2792459140","0.0588235"
"2792459140","2028272989","0.0588235"
"2028272989","56022750","0.0588235"
"56022750","2028272989","0.0588235"
"2028272989","8126109","0.0588235"
"8126109","2028272989","0.0588235"
"2105071624","2106785897","0.0588235"
"2106785897","2105071624","0.0588235"
"2105071624","2151629090","0.308824"
"2151629090","2105071624","0.308824"
"2105071624","2154738170","0.0588235"
"2154738170","2105071624","0.0588235"
"2105071624","2156198657","0.0588235"
"2156198657","2105071624","0.0588235"
"2105071624","2156820237","17.6422"
"2156820237","2105071624","17.6422"
"2105071624","2612270426","0.0588235"
"2612270426","2105071624","0.0588235"
"2105071624","2758656356","0.0588235"
"2758656356","2105071624","0.0588235"
"2105071624","2792459140","0.892157"
"2792459140","2105071624","0.892157"
"2105071624","55978384","0.0588235"
"55978384","2105071624","0.0588235"
"2105071624","56022750","0.308824"
"56022750","2105071624","0.308824"
"2105071624","8126109","0.0588235"
"8126109","2105071624","0.0588235"
"2106785897","2151629090","0.201681"
"2151629090","2106785897","0.201681"
"2106785897","2154738170","1.45168"
"2154738170","2106785897","1.45168"
"2106785897","2156198657","0.0588235"
"2156198657","2106785897","0.0588235"
"2106785897","2156820237","0.0588235"
"2156820237","2106785897","0.0588235"
"2106785897","2612270426","0.0588235"
"2612270426","2106785897","0.0588235"
"2106785897","55978384","0.892157"
"55978384","2106785897","0.892157"
"2106785897","56022750","0.201681"
"56022750","2106785897","0.201681"
"2106785897","8126109","0.0588235"
"8126109","2106785897","0.0588235"
"2151629090","2154738170","0.770728"
"2154738170","2151629090","0.770728"
"2151629090","2156198657","0.0945378"
"2156198657","2151629090","0.0945378"
"2151629090","2156820237","0.508824"
"2156820237","2151629090","0.508824"
"2151629090","2612270426","0.0588235"
"2612270426","2151629090","0.0588235"
"2151629090","2758656356","0.294538"
"2758656356","2151629090","0.294538"
"2151629090","2792459140","0.0945378"
"2792459140","2151629090","0.0945378"
"2151629090","55978384","0.22549"
"55978384","2151629090","0.22549"
"2151629090","56022750","1.35168"
"56022750","2151629090","1.35168"
"2151629090","8126109","0.0945378"
"8126109","2151629090","0.0945378"
"2154738170","2156198657","0.0945378"
"2156198657","2154738170","0.0945378"
"2154738170","2156820237","0.0588235"
"2156820237","2154738170","0.0588235"
"2154738170","2612270426","0.142157"
"2612270426","2154738170","0.142157"
"2154738170","2758656356","0.294538"
"2758656356","2154738170","0.294538"
"2154738170","2792459140","0.0945378"
"2792459140","2154738170","0.0945378"
"2154738170","55978384","0.0588235"
"55978384","2154738170","0.0588235"
"2154738170","56022750","0.735014"
"56022750","2154738170","0.735014"
"2154738170","8126109","0.594538"
"8126109","2154738170","0.594538"
"2156198657","2156820237","0.0588235"
"2156820237","2156198657","0.0588235"
"2156198657","2612270426","0.0588235"
"2612270426","2156198657","0.0588235"
"2156198657","2758656356","0.0945378"
"2758656356","2156198657","0.0945378"
"2156198657","55978384","0.0588235"
"55978384","2156198657","0.0588235"
"2156198657","56022750","0.0588235"
"56022750","2156198657","0.0588235"
"2156198657","8126109","0.386204"
"8126109","2156198657","0.386204"
"2156820237","2612270426","0.0588235"
"2612270426","2156820237","0.0588235"
"2156820237","2758656356","0.0588235"
"2758656356","2156820237","0.0588235"
"2156820237","2792459140","0.892157"
"2792459140","2156820237","0.892157"
"2156820237","55978384","0.0588235"
"55978384","2156820237","0.0588235"
"2156820237","56022750","0.508824"
"56022750","2156820237","0.508824"
"2156820237","8126109","0.0588235"
"8126109","2156820237","0.0588235"
"2612270426","2758656356","0.0588235"
"2758656356","2612270426","0.0588235"
"2612270426","2792459140","0.419935"
"2792459140","2612270426","0.419935"
"2612270426","55978384","0.0588235"
"55978384","2612270426","0.0588235"
"2612270426","56022750","0.0588235"
"56022750","2612270426","0.0588235"
"2612270426","8126109","0.0588235"
"8126109","2612270426","0.0588235"
"2758656356","56022750","0.258824"
"56022750","2758656356","0.258824"
"2758656356","8126109","0.0945378"
"8126109","2758656356","0.0945378"
"2792459140","55978384","0.0588235"
"55978384","2792459140","0.0588235"
"2792459140","56022750","0.0588235"
"56022750","2792459140","0.0588235"
"2792459140","8126109","0.185447"
"8126109","2792459140","0.185447"
"55978384","56022750","0.22549"
"56022750","55978384","0.22549"
"55978384","8126109","0.0588235"
"8126109","55978384","0.0588235"
"56022750","8126109","0.0588235"
"8126109","56022750","0.0588235"
"1527432280","1597549781","0.166667"
"1597549781","1527432280","0.166667"
"1597549781","2151629090","1.18571"
"2151629090","1597549781","1.18571"
"1597549781","55978384","0.666667"
"55978384","1597549781","0.666667"
"1597549781","56022750","1.15"
"56022750","1597549781","1.15"
"1588987746","209701217","0.5"
"209701217","1588987746","0.5"
"1600844932","209701217","0.626623"
"209701217","1600844932","0.626623"
"1588987746","2151629090","0.2"
"2151629090","1588987746","0.2"
"1588987746","2156820237","0.2"
"2156820237","1588987746","0.2"
"1588987746","56022750","0.2"
"56022750","1588987746","0.2"
"1597549781","2156820237","0.783333"
"2156820237","1597549781","0.783333"
"1588987746","2160607565","0.5"
"2160607565","1588987746","0.5"
"1597549781","2160607565","0.5"
"2160607565","1597549781","0.5"
"1619579880","2111160357","0.160714"
"2111160357","1619579880","0.160714"
"1619579880","2156198657","0.160714"
"2156198657","1619579880","0.160714"
"2104874460","2111160357","0.160714"
"2111160357","2104874460","0.160714"
"2104874460","2156198657","0.303571"
"2156198657","2104874460","0.303571"
"2111160357","2128119432","0.251623"
"2128119432","2111160357","0.251623"
"2111160357","2139781850","0.160714"
"2139781850","2111160357","0.160714"
"2111160357","8126109","0.251623"
"8126109","2111160357","0.251623"
"2128119432","2156198657","0.303571"
"2156198657","2128119432","0.303571"
"2139781850","2156198657","0.303571"
"2156198657","2139781850","0.303571"
"1597549781","1918663202","0.485714"
"1918663202","1597549781","0.485714"
"1597549781","1933119144","0.0357143"
