"1540986113","1855073618","0.0909091"
"1855073618","1540986113","0.0909091"
"1540986113","1969105901","0.0909091"
"1969105901","1540986113","0.0909091"
"1540986113","1980948047","0.233766"
"1980948047","1540986113","0.233766"
"1540986113","2029476822","0.233766"
"2029476822","1540986113","0.233766"
"1540986113","2067921841","0.0909091"
"2067921841","1540986113","0.0909091"
"1540986113","2124520719","0.0909091"
"2124520719","1540986113","0.0909091"
"1540986113","2125443691","0.0909091"
"2125443691","1540986113","0.0909091"
"1540986113","2769438202","0.0909091"
"2769438202","1540986113","0.0909091"
"1540986113","59628020","0.0909091"
"59628020","1540986113","0.0909091"
"1540986113","71859342","0.233766"
"71859342","1540986113","0.233766"
"1540986113","90466459","0.233766"
"90466459","1540986113","0.233766"
"1855073618","1969105901","0.0909091"
"1969105901","1855073618","0.0909091"
"1855073618","1980948047","2.8171"
"1980948047","1855073618","2.8171"
"1855073618","2029476822","0.590909"
"2029476822","1855073618","0.590909"
"1855073618","2067921841","0.233766"
"2067921841","1855073618","0.233766"
"1855073618","2124520719","0.0909091"
"2124520719","1855073618","0.0909091"
"1855073618","2125443691","0.590909"
"2125443691","1855073618","0.590909"
"1855073618","2769438202","0.0909091"
"2769438202","1855073618","0.0909091"
"1855073618","59628020","0.233766"
"59628020","1855073618","0.233766"
"1855073618","71859342","0.0909091"
"71859342","1855073618","0.0909091"
"1855073618","90466459","0.483766"
"90466459","1855073618","0.483766"
"1969105901","1980948047","0.424242"
"1980948047","1969105901","0.424242"
"1969105901","2029476822","0.424242"
"2029476822","1969105901","0.424242"
"1969105901","2067921841","0.0909091"
"2067921841","1969105901","0.0909091"
"1969105901","2124520719","1.09091"
"2124520719","1969105901","1.09091"
"1969105901","2125443691","0.0909091"
"2125443691","1969105901","0.0909091"
"1969105901","2769438202","0.424242"
"2769438202","1969105901","0.424242"
"1969105901","59628020","0.340909"
"59628020","1969105901","0.340909"
"1969105901","71859342","0.0909091"
"71859342","1969105901","0.0909091"
"1969105901","90466459","0.0909091"
"90466459","1969105901","0.0909091"
"1980948047","2029476822","0.6921"
"2029476822","1980948047","0.6921"
"1980948047","2067921841","0.358766"
"2067921841","1980948047","0.358766"
"1980948047","2124520719","0.549242"
"2124520719","1980948047","0.549242"
"1980948047","2125443691","0.0909091"
"2125443691","1980948047","0.0909091"
"1980948047","2769438202","0.549242"
"2769438202","1980948047","0.549242"
"1980948047","59628020","0.6921"
"59628020","1980948047","0.6921"
"1980948047","71859342","0.233766"
"71859342","1980948047","0.233766"
"1980948047","90466459","0.626623"
"90466459","1980948047","0.626623"
"2029476822","2067921841","0.715909"
"2067921841","2029476822","0.715909"
"2029476822","2124520719","0.632576"
"2124520719","2029476822","0.632576"
"2029476822","2125443691","0.590909"
"2125443691","2029476822","0.590909"
"2029476822","2769438202","1.88258"
"2769438202","2029476822","1.88258"
"2029476822","59628020","0.465909"
"59628020","2029476822","0.465909"
"2029476822","71859342","0.733766"
"71859342","2029476822","0.733766"
"2029476822","90466459","0.5671"
"90466459","2029476822","0.5671"
"2067921841","2124520719","0.882576"
"2124520719","2067921841","0.882576"
"2067921841","2125443691","0.0909091"
"2125443691","2067921841","0.0909091"
"2067921841","2769438202","0.549242"
"2769438202","2067921841","0.549242"
"2067921841","59628020","0.558766"
"59628020","2067921841","0.558766"
"2067921841","71859342","0.0909091"
"71859342","2067921841","0.0909091"
"2067921841","90466459","0.5671"
"90466459","2067921841","0.5671"
"2124520719","2125443691","0.0909091"
"2125443691","2124520719","0.0909091"
"2124520719","2769438202","0.215909"
"2769438202","2124520719","0.215909"
"2124520719","59628020","0.799242"
"59628020","2124520719","0.799242"
"2124520719","71859342","0.0909091"
"71859342","2124520719","0.0909091"
"2124520719","90466459","0.0909091"
"90466459","2124520719","0.0909091"
"2125443691","2769438202","0.0909091"
"2769438202","2125443691","0.0909091"
"2125443691","59628020","0.0909091"
"59628020","2125443691","0.0909091"
"2125443691","71859342","0.0909091"
"71859342","2125443691","0.0909091"
"2125443691","90466459","0.0909091"
"90466459","2125443691","0.0909091"
"2769438202","59628020","0.215909"
"59628020","2769438202","0.215909"
"2769438202","71859342","0.0909091"
"71859342","2769438202","0.0909091"
"2769438202","90466459","0.424242"
"90466459","2769438202","0.424242"
"59628020","71859342","0.0909091"
"71859342","59628020","0.0909091"
"59628020","90466459","0.233766"
"90466459","59628020","0.233766"
"71859342","90466459","0.233766"
"90466459","71859342","0.233766"
"1540986113","1980712434","0.142857"
"1980712434","1540986113","0.142857"
"1540986113","2104003693","0.142857"
"2104003693","1540986113","0.142857"
"1540986113","2129663874","0.142857"
"2129663874","1540986113","0.142857"
"1980712434","1980948047","0.60119"
"1980948047","1980712434","0.60119"
"1980712434","2029476822","0.684524"
"2029476822","1980712434","0.684524"
"1980712434","2104003693","0.392857"
"2104003693","1980712434","0.392857"
"1980712434","2129663874","0.142857"
"2129663874","1980712434","0.142857"
"1980712434","71859342","0.142857"
"71859342","1980712434","0.142857"
"1980712434","90466459","0.142857"
"90466459","1980712434","0.142857"
"1980948047","2104003693","1.86905"
"2104003693","1980948047","1.86905"
"1980948047","2129663874","0.869048"
"2129663874","1980948047","0.869048"
"2029476822","2104003693","2.14286"
"2104003693","2029476822","2.14286"
"2029476822","2129663874","0.142857"
"2129663874","2029476822","0.142857"
"2104003693","2129663874","0.869048"
"2129663874","2104003693","0.869048"
"2104003693","71859342","0.142857"
"71859342","2104003693","0.142857"
"2104003693","90466459","0.535714"
"90466459","2104003693","0.535714"
"2129663874","71859342","0.142857"
"71859342","2129663874","0.142857"
"2129663874","90466459","0.535714"
"90466459","2129663874","0.535714"
"1855073618","2075380802","0.142857"
"2075380802","1855073618","0.142857"
"1855073618","2104003693","0.72619"
"2104003693","1855073618","0.72619"
"1855073618","2129663874","0.72619"
"2129663874","1855073618","0.72619"
"1980948047","2075380802","0.142857"
"2075380802","1980948047","0.142857"
"2067921841","2075380802","0.342857"
"2075380802","2067921841","0.342857"
"2067921841","2104003693","0.392857"
"2104003693","2067921841","0.392857"
"2067921841","2129663874","0.142857"
"2129663874","2067921841","0.142857"
"2075380802","2104003693","0.142857"
"2104003693","2075380802","0.142857"
"2075380802","2129663874","0.142857"
"2129663874","2075380802","0.142857"
"2075380802","59628020","0.92619"
"59628020","2075380802","0.92619"
"2075380802","90466459","0.142857"
"90466459","2075380802","0.142857"
"2104003693","59628020","0.142857"
"59628020","2104003693","0.142857"
"2129663874","59628020","0.142857"
"59628020","2129663874","0.142857"
"1952416368","2074359402","4"
"2074359402","1952416368","4"
"1969105901","1980712434","0.25"
"1980712434","1969105901","0.25"
"1969105901","2114326750","0.25"
"2114326750","1969105901","0.25"
"1969105901","2150812750","0.25"
"2150812750","1969105901","0.25"
"1980712434","2114326750","1"
"2114326750","1980712434","1"
"1980712434","2150812750","0.5"
"2150812750","1980712434","0.5"
"1980712434","59628020","0.958333"
"59628020","1980712434","0.958333"
"2114326750","2150812750","0.25"
"2150812750","2114326750","0.25"
"2114326750","59628020","1"
"59628020","2114326750","1"
"2150812750","59628020","0.25"
"59628020","2150812750","0.25"
"1980712434","2124520719","1.875"
"2124520719","1980712434","1.875"
"2029476822","2114326750","0.25"
"2114326750","2029476822","0.25"
"2114326750","2124520719","0.75"
"2124520719","2114326750","0.75"
"1980712434","2067921841","1.04167"
"2067921841","1980712434","1.04167"
"1980712434","41437306","0.25"
"41437306","1980712434","0.25"
"2067921841","2150812750","0.25"
"2150812750","2067921841","0.25"
"2067921841","41437306","0.25"
"41437306","2067921841","0.25"
"2104003693","2150812750","0.25"
"2150812750","2104003693","0.25"
"2104003693","41437306","0.25"
"41437306","2104003693","0.25"
"2150812750","41437306","0.25"
"41437306","2150812750","0.25"
"1980712434","2769438202","1.125"
"2769438202","1980712434","1.125"
"1980712434","2064205471","0.291667"
"2064205471","1980712434","0.291667"
"1980712434","2107252161","0.291667"
"2107252161","1980712434","0.291667"
"1980948047","2064205471","0.125"
"2064205471","1980948047","0.125"
"1980948047","2107252161","0.125"
"2107252161","1980948047","0.125"
"2029476822","2064205471","0.291667"
"2064205471","2029476822","0.291667"
"2029476822","2107252161","0.291667"
"2107252161","2029476822","0.291667"
"2064205471","2067921841","0.491667"
"2067921841","2064205471","0.491667"
"2064205471","2107252161","0.941667"
"2107252161","2064205471","0.941667"
"2064205471","2124520719","0.291667"
"2124520719","2064205471","0.291667"
"2064205471","2769438202","0.125"
"2769438202","2064205471","0.125"
"2064205471","59628020","0.575"
"59628020","2064205471","0.575"
"2067921841","2107252161","0.491667"
"2107252161","2067921841","0.491667"
"2107252161","2124520719","0.291667"
"2124520719","2107252161","0.291667"
"2107252161","2769438202","0.125"
"2769438202","2107252161","0.125"
"2107252161","59628020","0.908333"
"59628020","2107252161","0.908333"
"1980712434","2151367237","0.166667"
"2151367237","1980712434","0.166667"
"2029476822","2151367237","0.166667"
"2151367237","2029476822","0.166667"
"2064205471","2151367237","0.366667"
"2151367237","2064205471","0.366667"
"2067921841","2151367237","0.166667"
"2151367237","2067921841","0.166667"
"2107252161","2151367237","0.366667"
"2151367237","2107252161","0.366667"
"2124520719","2151367237","0.166667"
"2151367237","2124520719","0.166667"
"1980948047","2150812750","1"
"2150812750","1980948047","1"
"1994496402","2064205471","0.45"
"2064205471","1994496402","0.45"
"1994496402","2067921841","1.2"
"2067921841","1994496402","1.2"
"1994496402","2075380802","0.783333"
"2075380802","1994496402","0.783333"
"1994496402","2107252161","0.783333"
"2107252161","1994496402","0.783333"
"1994496402","59628020","0.783333"
"59628020","1994496402","0.783333"
"2064205471","2075380802","0.65"
"2075380802","2064205471","0.65"
"2075380802","2107252161","0.983333"
"2107252161","2075380802","0.983333"
"1994496402","2029476822","0.5"
"2029476822","1994496402","0.5"
"1994496402","71859342","0.5"
"71859342","1994496402","0.5"
"2009933822","59628020","1.5"
"59628020","2009933822","1.5"
"2009933822","2114326750","0.5"
"2114326750","2009933822","0.5"
"2064205471","2114326750","0.2"
"2114326750","2064205471","0.2"
"2064205471","41437306","0.2"
"41437306","2064205471","0.2"
"2075380802","2114326750","0.2"
"2114326750","2075380802","0.2"
"2075380802","2151367237","0.2"
"2151367237","2075380802","0.2"
"2075380802","41437306","0.2"
"41437306","2075380802","0.2"
"2107252161","2114326750","0.2"
"2114326750","2107252161","0.2"
"2107252161","41437306","0.2"
"41437306","2107252161","0.2"
"2114326750","2151367237","0.2"
"2151367237","2114326750","0.2"
"2114326750","41437306","1.2"
"41437306","2114326750","1.2"
"2151367237","41437306","0.2"
"41437306","2151367237","0.2"
"2075380802","2124520719","1"
"2124520719","2075380802","1"
"2093320546","2114326750","2"
"2114326750","2093320546","2"
