"11713845","2090150107","1"
"2090150107","11713845","1"
"1503602219","1544906953","0.236111"
"1544906953","1503602219","0.236111"
"1503602219","1987014802","0.486111"
"1987014802","1503602219","0.486111"
"1503602219","2049238610","1.56944"
"2049238610","1503602219","1.56944"
"1503602219","2102760743","0.569444"
"2102760743","1503602219","0.569444"
"1503602219","2104890689","1.31944"
"2104890689","1503602219","1.31944"
"1503602219","2107481669","0.236111"
"2107481669","1503602219","0.236111"
"1503602219","2117963953","0.486111"
"2117963953","1503602219","0.486111"
"1503602219","2151367867","0.986111"
"2151367867","1503602219","0.986111"
"1544906953","1987014802","1.23611"
"1987014802","1544906953","1.23611"
"1544906953","2049238610","0.347222"
"2049238610","1544906953","0.347222"
"1544906953","2102760743","0.347222"
"2102760743","1544906953","0.347222"
"1544906953","2104890689","0.236111"
"2104890689","1544906953","0.236111"
"1544906953","2107481669","0.236111"
"2107481669","1544906953","0.236111"
"1544906953","2117963953","0.236111"
"2117963953","1544906953","0.236111"
"1544906953","2151367867","0.430556"
"2151367867","1544906953","0.430556"
"1987014802","2049238610","0.611111"
"2049238610","1987014802","0.611111"
"1987014802","2102760743","0.611111"
"2102760743","1987014802","0.611111"
"1987014802","2104890689","0.486111"
"2104890689","1987014802","0.486111"
"1987014802","2107481669","0.486111"
"2107481669","1987014802","0.486111"
"1987014802","2117963953","4.19444"
"2117963953","1987014802","4.19444"
"1987014802","2151367867","0.736111"
"2151367867","1987014802","0.736111"
"2049238610","2102760743","7.67222"
"2102760743","2049238610","7.67222"
"2049238610","2104890689","3.15278"
"2104890689","2049238610","3.15278"
"2049238610","2107481669","0.486111"
"2107481669","2049238610","0.486111"
"2049238610","2117963953","0.861111"
"2117963953","2049238610","0.861111"
"2049238610","2151367867","2.68056"
"2151367867","2049238610","2.68056"
"2102760743","2104890689","4.15278"
"2104890689","2102760743","4.15278"
"2102760743","2107481669","0.486111"
"2107481669","2102760743","0.486111"
"2102760743","2117963953","0.861111"
"2117963953","2102760743","0.861111"
"2102760743","2151367867","1.18056"
"2151367867","2102760743","1.18056"
"2104890689","2107481669","0.236111"
"2107481669","2104890689","0.236111"
"2104890689","2117963953","0.486111"
"2117963953","2104890689","0.486111"
"2104890689","2151367867","3.56944"
"2151367867","2104890689","3.56944"
"2107481669","2117963953","0.236111"
"2117963953","2107481669","0.236111"
"2107481669","2151367867","0.486111"
"2151367867","2107481669","0.486111"
"2117963953","2151367867","0.486111"
"2151367867","2117963953","0.486111"
"1503602219","2027020064","0.111111"
"2027020064","1503602219","0.111111"
"1544906953","2027020064","0.111111"
"2027020064","1544906953","0.111111"
"1987014802","2027020064","1.19444"
"2027020064","1987014802","1.19444"
"2027020064","2049238610","0.111111"
"2049238610","2027020064","0.111111"
"2027020064","2102760743","0.111111"
"2102760743","2027020064","0.111111"
"2027020064","2104890689","0.111111"
"2104890689","2027020064","0.111111"
"2027020064","2107481669","0.111111"
"2107481669","2027020064","0.111111"
"2027020064","2117963953","0.694444"
"2117963953","2027020064","0.694444"
"2027020064","2151367867","0.111111"
"2151367867","2027020064","0.111111"
"1505323737","2141085093","6"
"2141085093","1505323737","6"
"1505323737","2147431819","1.5"
"2147431819","1505323737","1.5"
"1505323737","2159304264","3.66667"
"2159304264","1505323737","3.66667"
"1505323737","6362707","2.5"
"6362707","1505323737","2.5"
"2159304264","6362707","2.16667"
"6362707","2159304264","2.16667"
"2141085093","6362707","2"
"6362707","2141085093","2"
"2141085093","2159304264","2.16667"
"2159304264","2141085093","2.16667"
"1505323737","306854861","0.333333"
"306854861","1505323737","0.333333"
"2141085093","306854861","0.333333"
"306854861","2141085093","0.333333"
"306854861","6362707","0.333333"
"6362707","306854861","0.333333"
"2141085093","2147431819","1.5"
"2147431819","2141085093","1.5"
"1535963200","2396452324","22.5"
"2396452324","1535963200","22.5"
"1535963200","348653330","0.5"
"348653330","1535963200","0.5"
"2396452324","348653330","0.5"
"348653330","2396452324","0.5"
"1535963200","1545932840","1"
"1545932840","1535963200","1"
"1544906953","1582155398","4.76111"
"1582155398","1544906953","4.76111"
"1544906953","1559526797","2"
"1559526797","1544906953","2"
"1544906953","1558198741","13.8444"
"1558198741","1544906953","13.8444"
"1544906953","1545932840","4.58333"
"1545932840","1544906953","4.58333"
"1544906953","2112337853","2.2"
"2112337853","1544906953","2.2"
"1545932840","1558198741","0.333333"
"1558198741","1545932840","0.333333"
"1545932840","2112337853","0.333333"
"2112337853","1545932840","0.333333"
"1558198741","2112337853","3.2"
"2112337853","1558198741","3.2"
"1544906953","2137309431","9.42778"
"2137309431","1544906953","9.42778"
"1544906953","2011606665","1.34444"
"2011606665","1544906953","1.34444"
"1558198741","2011606665","1.34444"
"2011606665","1558198741","1.34444"
"1544906953","2098785354","0.333333"
"2098785354","1544906953","0.333333"
"1544906953","2126572478","1.66667"
"2126572478","1544906953","1.66667"
"1544906953","6362707","0.333333"
"6362707","1544906953","0.333333"
"2098785354","2126572478","4.95833"
"2126572478","2098785354","4.95833"
"2098785354","6362707","0.333333"
"6362707","2098785354","0.333333"
"2126572478","6362707","0.333333"
"6362707","2126572478","0.333333"
"1544906953","2098437688","0.5"
"2098437688","1544906953","0.5"
"1544906953","2098976727","0.5"
"2098976727","1544906953","0.5"
"2098437688","2098976727","4.83333"
"2098976727","2098437688","4.83333"
"1544906953","2166332130","0.333333"
"2166332130","1544906953","0.333333"
"1545932840","1582155398","1.25"
"1582155398","1545932840","1.25"
"1545932840","2137309431","2.25"
"2137309431","1545932840","2.25"
"1545932840","2166332130","0.25"
"2166332130","1545932840","0.25"
"1582155398","2137309431","0.761111"
"2137309431","1582155398","0.761111"
"1582155398","2166332130","0.25"
"2166332130","1582155398","0.25"
"2137309431","2166332130","0.333333"
"2166332130","2137309431","0.333333"
"1544906953","2045204345","0.0833333"
"2045204345","1544906953","0.0833333"
"1544906953","2085857634","0.194444"
"2085857634","1544906953","0.194444"
"1544906953","2141788117","0.194444"
"2141788117","1544906953","0.194444"
"1544906953","2146296080","0.0833333"
"2146296080","1544906953","0.0833333"
"1544906953","23612131","0.0833333"
"23612131","1544906953","0.0833333"
"1544906953","2994412167","0.283333"
"2994412167","1544906953","0.283333"
"1558198741","2045204345","0.0833333"
"2045204345","1558198741","0.0833333"
"1558198741","2085857634","0.194444"
"2085857634","1558198741","0.194444"
"1558198741","2137309431","2.17778"
"2137309431","1558198741","2.17778"
"1558198741","2141788117","0.194444"
"2141788117","1558198741","0.194444"
"1558198741","2146296080","0.0833333"
"2146296080","1558198741","0.0833333"
"1558198741","2151367867","0.194444"
"2151367867","1558198741","0.194444"
"1558198741","2166332130","0.0833333"
"2166332130","1558198741","0.0833333"
"1558198741","23612131","0.0833333"
"23612131","1558198741","0.0833333"
"1558198741","2994412167","0.283333"
"2994412167","1558198741","0.283333"
"2011606665","2045204345","0.0833333"
"2045204345","2011606665","0.0833333"
"2011606665","2085857634","0.194444"
"2085857634","2011606665","0.194444"
"2011606665","2112337853","0.533333"
"2112337853","2011606665","0.533333"
"2011606665","2137309431","0.844444"
"2137309431","2011606665","0.844444"
"2011606665","2141788117","0.194444"
"2141788117","2011606665","0.194444"
"2011606665","2146296080","0.0833333"
"2146296080","2011606665","0.0833333"
"2011606665","2151367867","0.194444"
"2151367867","2011606665","0.194444"
"2011606665","2166332130","0.0833333"
"2166332130","2011606665","0.0833333"
"2011606665","23612131","0.0833333"
"23612131","2011606665","0.0833333"
"2011606665","2994412167","0.283333"
"2994412167","2011606665","0.283333"
"2045204345","2085857634","0.0833333"
"2085857634","2045204345","0.0833333"
"2045204345","2112337853","0.0833333"
"2112337853","2045204345","0.0833333"
"2045204345","2137309431","0.0833333"
"2137309431","2045204345","0.0833333"
"2045204345","2141788117","0.0833333"
"2141788117","2045204345","0.0833333"
"2045204345","2146296080","0.0833333"
"2146296080","2045204345","0.0833333"
"2045204345","2151367867","0.0833333"
"2151367867","2045204345","0.0833333"
"2045204345","2166332130","0.0833333"
"2166332130","2045204345","0.0833333"
"2045204345","23612131","0.0833333"
"23612131","2045204345","0.0833333"
"2045204345","2994412167","0.0833333"
"2994412167","2045204345","0.0833333"
"2085857634","2112337853","0.0833333"
"2112337853","2085857634","0.0833333"
"2085857634","2137309431","0.194444"
"2137309431","2085857634","0.194444"
"2085857634","2141788117","0.194444"
"2141788117","2085857634","0.194444"
"2085857634","2146296080","0.0833333"
"2146296080","2085857634","0.0833333"
"2085857634","2151367867","0.194444"
"2151367867","2085857634","0.194444"
"2085857634","2166332130","0.0833333"
"2166332130","2085857634","0.0833333"
"2085857634","23612131","0.0833333"
"23612131","2085857634","0.0833333"
"2085857634","2994412167","0.0833333"
"2994412167","2085857634","0.0833333"
"2112337853","2137309431","0.866667"
"2137309431","2112337853","0.866667"
"2112337853","2141788117","0.0833333"
"2141788117","2112337853","0.0833333"
"2112337853","2146296080","0.0833333"
"2146296080","2112337853","0.0833333"
"2112337853","2151367867","0.0833333"
"2151367867","2112337853","0.0833333"
"2112337853","2166332130","0.0833333"
"2166332130","2112337853","0.0833333"
"2112337853","23612131","0.0833333"
"23612131","2112337853","0.0833333"
"2112337853","2994412167","0.0833333"
"2994412167","2112337853","0.0833333"
"2137309431","2141788117","0.194444"
"2141788117","2137309431","0.194444"
"2137309431","2146296080","1.08333"
"2146296080","2137309431","1.08333"
"2137309431","2151367867","0.194444"
"2151367867","2137309431","0.194444"
"2137309431","23612131","0.0833333"
"23612131","2137309431","0.0833333"
"2137309431","2994412167","0.283333"
"2994412167","2137309431","0.283333"
"2141788117","2146296080","0.0833333"
"2146296080","2141788117","0.0833333"
"2141788117","2151367867","0.194444"
"2151367867","2141788117","0.194444"
"2141788117","2166332130","0.0833333"
"2166332130","2141788117","0.0833333"
"2141788117","23612131","0.0833333"
"23612131","2141788117","0.0833333"
"2141788117","2994412167","0.0833333"
"2994412167","2141788117","0.0833333"
"2146296080","2151367867","0.0833333"
"2151367867","2146296080","0.0833333"
"2146296080","2166332130","0.0833333"
"2166332130","2146296080","0.0833333"
"2146296080","23612131","0.0833333"
"23612131","2146296080","0.0833333"
"2146296080","2994412167","0.0833333"
"2994412167","2146296080","0.0833333"
"2151367867","2166332130","0.0833333"
"2166332130","2151367867","0.0833333"
"2151367867","23612131","0.0833333"
"23612131","2151367867","0.0833333"
"2151367867","2994412167","0.0833333"
"2994412167","2151367867","0.0833333"
"2166332130","23612131","0.0833333"
"23612131","2166332130","0.0833333"
"2166332130","2994412167","0.0833333"
"2994412167","2166332130","0.0833333"
"23612131","2994412167","0.0833333"
"2994412167","23612131","0.0833333"
"1544906953","348653330","0.333333"
"348653330","1544906953","0.333333"
"1558198741","2126572478","1.33333"
"2126572478","1558198741","1.33333"
"1558198741","348653330","0.333333"
"348653330","1558198741","0.333333"
"2126572478","348653330","1.33333"
"348653330","2126572478","1.33333"
"1544906953","2184500387","1"
"2184500387","1544906953","1"
"1558198741","1582155398","0.511111"
"1582155398","1558198741","0.511111"
"1558198741","2049238610","0.111111"
"2049238610","1558198741","0.111111"
"1558198741","2102760743","0.111111"
"2102760743","1558198741","0.111111"
"1582155398","2011606665","0.511111"
"2011606665","1582155398","0.511111"
"1582155398","2049238610","0.111111"
"2049238610","1582155398","0.111111"
"1582155398","2085857634","1.11111"
"2085857634","1582155398","1.11111"
"1582155398","2102760743","0.111111"
"2102760743","1582155398","0.111111"
"1582155398","2141788117","0.111111"
"2141788117","1582155398","0.111111"
"1582155398","2151367867","0.111111"
"2151367867","1582155398","0.111111"
"2011606665","2049238610","0.111111"
"2049238610","2011606665","0.111111"
"2011606665","2102760743","0.111111"
"2102760743","2011606665","0.111111"
"2049238610","2085857634","0.111111"
"2085857634","2049238610","0.111111"
"2049238610","2137309431","0.111111"
"2137309431","2049238610","0.111111"
"2049238610","2141788117","0.111111"
"2141788117","2049238610","0.111111"
"2085857634","2102760743","0.111111"
"2102760743","2085857634","0.111111"
"2102760743","2137309431","0.111111"
"2137309431","2102760743","0.111111"
"2102760743","2141788117","0.111111"
"2141788117","2102760743","0.111111"
"1582155398","2112337853","0.2"
"2112337853","1582155398","0.2"
"1544906953","2073304841","1"
"2073304841","1544906953","1"
"1544906953","2035666219","0.5"
"2035666219","1544906953","0.5"
"1558198741","2035666219","0.5"
"2035666219","1558198741","0.5"
"1582155398","2994412167","0.2"
"2994412167","1582155398","0.2"
"1545932840","2049238610","0.5"
"2049238610","1545932840","0.5"
"1545932840","2151367867","0.5"
"2151367867","1545932840","0.5"
"1545932840","2098976727","1"
"2098976727","1545932840","1"
"1545932840","2118069749","1"
"2118069749","1545932840","1"
"1545932840","348653330","1"
"348653330","1545932840","1"
"155366849","2011486833","2"
"2011486833","155366849","2"
"155366849","1597129195","5.59167"
"1597129195","155366849","5.59167"
"155366849","1987701360","0.591667"
"1987701360","155366849","0.591667"
"155366849","2066988488","0.925"
"2066988488","155366849","0.925"
"155366849","2163086589","1.59167"
"2163086589","155366849","1.59167"
"155366849","2953688293","0.925"
"2953688293","155366849","0.925"
"1597129195","1987701360","0.591667"
"1987701360","1597129195","0.591667"
"1597129195","2066988488","1.06786"
"2066988488","1597129195","1.06786"
"1597129195","2163086589","1.59167"
"2163086589","1597129195","1.59167"
"1597129195","2953688293","1.06786"
"2953688293","1597129195","1.06786"
"1987701360","2066988488","0.591667"
"2066988488","1987701360","0.591667"
"1987701360","2163086589","0.925"
"2163086589","1987701360","0.925"
"1987701360","2953688293","0.591667"
"2953688293","1987701360","0.591667"
"2066988488","2163086589","0.425"
"2163086589","2066988488","0.425"
"2066988488","2953688293","1.01786"
"2953688293","2066988488","1.01786"
"2163086589","2953688293","1.25833"
"2953688293","2163086589","1.25833"
"155366849","2141788117","0.333333"
"2141788117","155366849","0.333333"
"1597129195","2141788117","0.333333"
"2141788117","1597129195","0.333333"
"2141788117","2163086589","0.333333"
"2163086589","2141788117","0.333333"
"155366849","2063736823","0.225"
"2063736823","155366849","0.225"
"155366849","348653330","0.725"
"348653330","155366849","0.725"
"155366849","78120396","0.225"
"78120396","155366849","0.225"
"1597129195","2063736823","0.367857"
"2063736823","1597129195","0.367857"
"1597129195","348653330","0.867857"
"348653330","1597129195","0.867857"
"1597129195","78120396","0.367857"
"78120396","1597129195","0.367857"
"1987701360","2063736823","0.558333"
"2063736823","1987701360","0.558333"
"1987701360","348653330","2.225"
"348653330","1987701360","2.225"
"1987701360","78120396","0.225"
"78120396","1987701360","0.225"
"2063736823","2066988488","0.65119"
"2066988488","2063736823","0.65119"
"2063736823","2163086589","0.225"
"2163086589","2063736823","0.225"
"2063736823","2953688293","1.27619"
"2953688293","2063736823","1.27619"
"2063736823","348653330","1.90952"
"348653330","2063736823","1.90952"
"2063736823","78120396","1.27619"
"78120396","2063736823","1.27619"
"2066988488","348653330","0.95119"
"348653330","2066988488","0.95119"
"2066988488","78120396","0.65119"
"78120396","2066988488","0.65119"
"2163086589","348653330","0.225"
"348653330","2163086589","0.225"
"2163086589","78120396","0.725"
"78120396","2163086589","0.725"
"2953688293","348653330","2.24286"
"348653330","2953688293","2.24286"
"2953688293","78120396","9.27619"
"78120396","2953688293","9.27619"
"348653330","78120396","2.07619"
"78120396","348653330","2.07619"
"155366849","181380644","0.166667"
"181380644","155366849","0.166667"
"1597129195","181380644","0.166667"
"181380644","1597129195","0.166667"
"181380644","1987701360","1.66667"
"1987701360","181380644","1.66667"
"181380644","2066988488","0.25"
"2066988488","181380644","0.25"
"181380644","2953688293","0.375"
"2953688293","181380644","0.375"
"181380644","348653330","3.375"
"348653330","181380644","3.375"
"155366849","2184500387","0.5"
"2184500387","155366849","0.5"
"1597129195","2184500387","0.5"
"2184500387","1597129195","0.5"
"155366849","2090150107","0.1"
"2090150107","155366849","0.1"
"155366849","2096848858","0.1"
"2096848858","155366849","0.1"
"1597129195","2090150107","0.1"
"2090150107","1597129195","0.1"
"1597129195","2096848858","0.242857"
"2096848858","1597129195","0.242857"
"1987701360","2090150107","0.1"
"2090150107","1987701360","0.1"
"1987701360","2096848858","0.1"
"2096848858","1987701360","0.1"
"2063736823","2090150107","0.1"
"2090150107","2063736823","0.1"
"2063736823","2096848858","0.52619"
"2096848858","2063736823","0.52619"
"2066988488","2090150107","0.1"
"2090150107","2066988488","0.1"
"2066988488","2096848858","0.52619"
"2096848858","2066988488","0.52619"
"2090150107","2096848858","0.1"
"2096848858","2090150107","0.1"
"2090150107","2163086589","0.1"
"2163086589","2090150107","0.1"
"2090150107","2953688293","1.1"
"2953688293","2090150107","1.1"
"2090150107","348653330","1.1"
"348653330","2090150107","1.1"
"2090150107","78120396","1.1"
"78120396","2090150107","1.1"
"2096848858","2163086589","0.1"
"2163086589","2096848858","0.1"
"2096848858","2953688293","0.52619"
"2953688293","2096848858","0.52619"
"2096848858","348653330","0.32619"
"348653330","2096848858","0.32619"
"2096848858","78120396","0.52619"
"78120396","2096848858","0.52619"
"1558198741","2953688293","0.5"
"2953688293","1558198741","0.5"
"1558198741","78120396","0.5"
"78120396","1558198741","0.5"
"1597129195","1609143095","0.142857"
"1609143095","1597129195","0.142857"
"1609143095","2063736823","0.42619"
"2063736823","1609143095","0.42619"
"1609143095","2066988488","0.42619"
"2066988488","1609143095","0.42619"
"1609143095","2096848858","0.959524"
"2096848858","1609143095","0.959524"
"1609143095","2953688293","0.92619"
"2953688293","1609143095","0.92619"
"1609143095","348653330","0.22619"
"348653330","1609143095","0.22619"
"1609143095","78120396","0.92619"
"78120396","1609143095","0.92619"
"1609143095","181380644","0.783333"
"181380644","1609143095","0.783333"
"1609143095","2049238610","0.2"
"2049238610","1609143095","0.2"
"1609143095","2102760743","0.2"
"2102760743","1609143095","0.2"
"1609143095","2159304264","0.2"
"2159304264","1609143095","0.2"
"181380644","2049238610","0.45"
"2049238610","181380644","0.45"
"181380644","2096848858","0.283333"
"2096848858","181380644","0.283333"
"181380644","2102760743","0.45"
"2102760743","181380644","0.45"
"181380644","2159304264","0.2"
"2159304264","181380644","0.2"
"2049238610","2096848858","0.2"
"2096848858","2049238610","0.2"
"2049238610","2159304264","0.2"
"2159304264","2049238610","0.2"
"2096848858","2102760743","0.2"
"2102760743","2096848858","0.2"
"2096848858","2159304264","0.2"
"2159304264","2096848858","0.2"
"2102760743","2159304264","0.2"
"2159304264","2102760743","0.2"
"1609143095","1987014802","0.583333"
"1987014802","1609143095","0.583333"
"1609143095","2027020064","2.41667"
"2027020064","1609143095","2.41667"
"1609143095","2102366847","0.0833333"
"2102366847","1609143095","0.0833333"
"1609143095","2115380157","0.416667"
"2115380157","1609143095","0.416667"
"1609143095","2117963953","0.0833333"
"2117963953","1609143095","0.0833333"
"181380644","1987014802","0.0833333"
"1987014802","181380644","0.0833333"
"181380644","2027020064","1.20833"
"2027020064","181380644","1.20833"
"181380644","2063736823","0.208333"
"2063736823","181380644","0.208333"
"181380644","2102366847","0.208333"
"2102366847","181380644","0.208333"
"181380644","2115380157","0.0833333"
"2115380157","181380644","0.0833333"
"181380644","2117963953","0.0833333"
"2117963953","181380644","0.0833333"
"181380644","78120396","0.208333"
"78120396","181380644","0.208333"
"1987014802","2063736823","0.208333"
"2063736823","1987014802","0.208333"
"1987014802","2066988488","0.0833333"
"2066988488","1987014802","0.0833333"
"1987014802","2096848858","0.0833333"
"2096848858","1987014802","0.0833333"
"1987014802","2102366847","0.208333"
"2102366847","1987014802","0.208333"
"1987014802","2115380157","0.0833333"
"2115380157","1987014802","0.0833333"
"1987014802","2953688293","0.0833333"
"2953688293","1987014802","0.0833333"
"1987014802","348653330","0.0833333"
"348653330","1987014802","0.0833333"
"1987014802","78120396","0.0833333"
"78120396","1987014802","0.0833333"
"2027020064","2063736823","0.208333"
"2063736823","2027020064","0.208333"
"2027020064","2066988488","0.0833333"
"2066988488","2027020064","0.0833333"
"2027020064","2096848858","0.416667"
"2096848858","2027020064","0.416667"
"2027020064","2102366847","1.20833"
"2102366847","2027020064","1.20833"
"2027020064","2115380157","0.416667"
"2115380157","2027020064","0.416667"
"2027020064","2953688293","0.208333"
"2953688293","2027020064","0.208333"
"2027020064","348653330","0.708333"
"348653330","2027020064","0.708333"
"2027020064","78120396","0.208333"
"78120396","2027020064","0.208333"
"2063736823","2102366847","0.333333"
"2102366847","2063736823","0.333333"
"2063736823","2115380157","0.0833333"
"2115380157","2063736823","0.0833333"
"2063736823","2117963953","0.208333"
"2117963953","2063736823","0.208333"
"2066988488","2102366847","0.0833333"
"2102366847","2066988488","0.0833333"
"2066988488","2115380157","0.0833333"
"2115380157","2066988488","0.0833333"
"2066988488","2117963953","0.0833333"
"2117963953","2066988488","0.0833333"
"2096848858","2102366847","0.0833333"
"2102366847","2096848858","0.0833333"
"2096848858","2115380157","0.416667"
"2115380157","2096848858","0.416667"
"2096848858","2117963953","0.0833333"
"2117963953","2096848858","0.0833333"
"2102366847","2115380157","0.583333"
"2115380157","2102366847","0.583333"
"2102366847","2117963953","0.708333"
"2117963953","2102366847","0.708333"
"2102366847","2953688293","0.208333"
"2953688293","2102366847","0.208333"
"2102366847","348653330","0.208333"
"348653330","2102366847","0.208333"
"2102366847","78120396","0.208333"
"78120396","2102366847","0.208333"
"2115380157","2117963953","0.583333"
"2117963953","2115380157","0.583333"
"2115380157","2953688293","0.0833333"
"2953688293","2115380157","0.0833333"
"2115380157","348653330","0.0833333"
"348653330","2115380157","0.0833333"
"2115380157","78120396","0.0833333"
"78120396","2115380157","0.0833333"
"2117963953","2953688293","0.0833333"
"2953688293","2117963953","0.0833333"
"2117963953","348653330","0.0833333"
"348653330","2117963953","0.0833333"
"2117963953","78120396","0.0833333"
"78120396","2117963953","0.0833333"
"181380644","1983993607","0.125"
"1983993607","181380644","0.125"
"181380644","2147431819","0.125"
"2147431819","181380644","0.125"
"1983993607","2027020064","0.125"
"2027020064","1983993607","0.125"
"1983993607","2063736823","0.125"
"2063736823","1983993607","0.125"
"1983993607","2102366847","0.125"
"2102366847","1983993607","0.125"
"1983993607","2147431819","3.125"
"2147431819","1983993607","3.125"
"1983993607","2953688293","0.125"
"2953688293","1983993607","0.125"
"1983993607","348653330","0.125"
"348653330","1983993607","0.125"
"1983993607","78120396","0.125"
"78120396","1983993607","0.125"
"2027020064","2147431819","0.125"
"2147431819","2027020064","0.125"
"2063736823","2147431819","0.125"
"2147431819","2063736823","0.125"
"2102366847","2147431819","0.125"
"2147431819","2102366847","0.125"
"2147431819","2953688293","0.125"
"2953688293","2147431819","0.125"
"2147431819","348653330","1.125"
"348653330","2147431819","1.125"
"2147431819","78120396","0.125"
"78120396","2147431819","0.125"
"181380644","2104890689","0.25"
"2104890689","181380644","0.25"
"181380644","2151367867","0.25"
"2151367867","181380644","0.25"
"1890856312","2095522600","2"
"2095522600","1890856312","2"
"1968750701","2147431819","3.125"
"2147431819","1968750701","3.125"
"1968750701","2133721996","0.125"
"2133721996","1968750701","0.125"
"1968750701","2218951135","0.625"
"2218951135","1968750701","0.625"
"1968750701","2521951454","0.625"
"2521951454","1968750701","0.625"
"1968750701","2751362828","0.125"
"2751362828","1968750701","0.125"
"1968750701","2751726720","0.125"
"2751726720","1968750701","0.125"
"1968750701","2751927179","0.125"
"2751927179","1968750701","0.125"
"1968750701","306854861","0.125"
"306854861","1968750701","0.125"
"2133721996","2147431819","0.125"
"2147431819","2133721996","0.125"
"2133721996","2218951135","0.125"
"2218951135","2133721996","0.125"
"2133721996","2521951454","0.125"
"2521951454","2133721996","0.125"
"2133721996","2751362828","0.125"
"2751362828","2133721996","0.125"
"2133721996","2751726720","0.125"
"2751726720","2133721996","0.125"
"2133721996","2751927179","0.125"
"2751927179","2133721996","0.125"
"2133721996","306854861","0.125"
"306854861","2133721996","0.125"
"2147431819","2218951135","1.625"
"2218951135","2147431819","1.625"
"2147431819","2521951454","0.625"
"2521951454","2147431819","0.625"
"2147431819","2751362828","0.125"
"2751362828","2147431819","0.125"
"2147431819","2751726720","0.125"
"2751726720","2147431819","0.125"
"2147431819","2751927179","0.125"
"2751927179","2147431819","0.125"
"2147431819","306854861","0.125"
"306854861","2147431819","0.125"
"2218951135","2521951454","0.125"
"2521951454","2218951135","0.125"
"2218951135","2751362828","0.125"
"2751362828","2218951135","0.125"
"2218951135","2751726720","0.125"
"2751726720","2218951135","0.125"
"2218951135","2751927179","0.125"
"2751927179","2218951135","0.125"
"2218951135","306854861","0.125"
"306854861","2218951135","0.125"
"2521951454","2751362828","0.125"
"2751362828","2521951454","0.125"
"2521951454","2751726720","0.125"
"2751726720","2521951454","0.125"
"2521951454","2751927179","0.125"
"2751927179","2521951454","0.125"
"2521951454","306854861","0.125"
"306854861","2521951454","0.125"
"2751362828","2751726720","0.125"
"2751726720","2751362828","0.125"
"2751362828","2751927179","0.125"
"2751927179","2751362828","0.125"
"2751362828","306854861","0.125"
"306854861","2751362828","0.125"
"2751726720","2751927179","0.125"
"2751927179","2751726720","0.125"
"2751726720","306854861","0.125"
"306854861","2751726720","0.125"
"2751927179","306854861","0.125"
"306854861","2751927179","0.125"
"1968750701","1983993607","1"
"1983993607","1968750701","1"
"1983993607","306854861","1"
"306854861","1983993607","1"
"1987014802","2141085093","1.5"
"2141085093","1987014802","1.5"
"1987014802","2000240146","0.5"
"2000240146","1987014802","0.5"
"2000240146","2141085093","0.5"
"2141085093","2000240146","0.5"
"1987014802","2159304264","1"
"2159304264","1987014802","1"
"1987014802","2098785354","0.125"
"2098785354","1987014802","0.125"
"1987014802","2126441121","0.125"
"2126441121","1987014802","0.125"
"1987014802","2126572478","0.125"
"2126572478","1987014802","0.125"
"2049238610","2063736823","0.125"
"2063736823","2049238610","0.125"
"2049238610","2098785354","0.125"
"2098785354","2049238610","0.125"
"2049238610","2102366847","0.125"
"2102366847","2049238610","0.125"
"2049238610","2126441121","0.125"
"2126441121","2049238610","0.125"
"2049238610","2126572478","0.125"
"2126572478","2049238610","0.125"
"2063736823","2098785354","0.125"
"2098785354","2063736823","0.125"
"2063736823","2102760743","0.125"
"2102760743","2063736823","0.125"
"2063736823","2126441121","0.125"
"2126441121","2063736823","0.125"
"2063736823","2126572478","0.125"
"2126572478","2063736823","0.125"
"2098785354","2102366847","0.625"
"2102366847","2098785354","0.625"
"2098785354","2102760743","0.125"
"2102760743","2098785354","0.125"
"2098785354","2117963953","0.125"
"2117963953","2098785354","0.125"
"2098785354","2126441121","0.125"
"2126441121","2098785354","0.125"
"2102366847","2102760743","0.125"
"2102760743","2102366847","0.125"
"2102366847","2126441121","1.625"
"2126441121","2102366847","1.625"
"2102366847","2126572478","0.625"
"2126572478","2102366847","0.625"
"2102760743","2126441121","0.125"
"2126441121","2102760743","0.125"
"2102760743","2126572478","0.125"
"2126572478","2102760743","0.125"
"2117963953","2126441121","0.125"
"2126441121","2117963953","0.125"
"2117963953","2126572478","0.125"
"2126572478","2117963953","0.125"
"2126441121","2126572478","0.125"
"2126572478","2126441121","0.125"
"1987701360","2131328487","0.333333"
"2131328487","1987701360","0.333333"
"2063736823","2131328487","0.333333"
"2131328487","2063736823","0.333333"
"2131328487","348653330","2.33333"
"348653330","2131328487","2.33333"
"1987701360","2107481669","0.5"
"2107481669","1987701360","0.5"
"2107481669","2163086589","0.5"
"2163086589","2107481669","0.5"
"2049238610","2098437688","0.333333"
"2098437688","2049238610","0.333333"
"2049238610","2098976727","0.333333"
"2098976727","2049238610","0.333333"
"2098437688","2102760743","0.333333"
"2102760743","2098437688","0.333333"
"2098976727","2102760743","0.333333"
"2102760743","2098976727","0.333333"
"2079817252","2131328487","3.5"
"2131328487","2079817252","3.5"
"2079817252","2093655953","1"
"2093655953","2079817252","1"
"2079817252","348653330","0.5"
"348653330","2079817252","0.5"
"2090150107","2131328487","0.5"
"2131328487","2090150107","0.5"
"2090150107","306854861","0.5"
"306854861","2090150107","0.5"
"306854861","348653330","1.5"
"348653330","306854861","1.5"
"2095522600","2100459909","0.5"
"2100459909","2095522600","0.5"
"2095522600","2107111848","0.5"
"2107111848","2095522600","0.5"
"2100459909","2107111848","1.5"
"2107111848","2100459909","1.5"
"2100459909","2521951454","1"
"2521951454","2100459909","1"
"2102366847","2159304264","0.5"
"2159304264","2102366847","0.5"
"2126441121","2159304264","0.5"
"2159304264","2126441121","0.5"
"2118069749","2891937327","3.5"
"2891937327","2118069749","3.5"
"2118069749","348653330","0.5"
"348653330","2118069749","0.5"
"2891937327","348653330","1.5"
"348653330","2891937327","1.5"
"2126572478","2521951454","1"
"2521951454","2126572478","1"
"241056904","282265534","2"
"282265534","241056904","2"
