"101558743","2005950570","1"
"2005950570","101558743","1"
"101558743","2056538512","1"
"2056538512","101558743","1"
"2005950570","2056538512","4"
"2056538512","2005950570","4"
"101558743","1567007352","0.0909091"
"1567007352","101558743","0.0909091"
"101558743","1567181527","0.853409"
"1567181527","101558743","0.853409"
"101558743","1838169392","0.590909"
"1838169392","101558743","0.590909"
"101558743","2011508716","0.153409"
"2011508716","101558743","0.153409"
"101558743","2031952843","0.153409"
"2031952843","101558743","0.153409"
"101558743","2042283700","1.16293"
"2042283700","101558743","1.16293"
"101558743","2122873969","0.296266"
"2122873969","101558743","0.296266"
"101558743","2144896643","1.3296"
"2144896643","101558743","1.3296"
"101558743","2144920840","0.686742"
"2144920840","101558743","0.686742"
"101558743","2276784449","0.0909091"
"2276784449","101558743","0.0909091"
"101558743","2948648113","0.0909091"
"2948648113","101558743","0.0909091"
"1567007352","1567181527","0.157576"
"1567181527","1567007352","0.157576"
"1567007352","1838169392","0.590909"
"1838169392","1567007352","0.590909"
"1567007352","2011508716","0.0909091"
"2011508716","1567007352","0.0909091"
"1567007352","2031952843","0.0909091"
"2031952843","1567007352","0.0909091"
"1567007352","2042283700","1.15758"
"2042283700","1567007352","1.15758"
"1567007352","2122873969","0.0909091"
"2122873969","1567007352","0.0909091"
"1567007352","2144896643","0.257576"
"2144896643","1567007352","0.257576"
"1567007352","2144920840","0.0909091"
"2144920840","1567007352","0.0909091"
"1567007352","2276784449","0.190909"
"2276784449","1567007352","0.190909"
"1567007352","2948648113","0.0909091"
"2948648113","1567007352","0.0909091"
"1567181527","1838169392","0.357576"
"1838169392","1567181527","0.357576"
"1567181527","2011508716","0.153409"
"2011508716","1567181527","0.153409"
"1567181527","2031952843","0.153409"
"2031952843","1567181527","0.153409"
"1567181527","2042283700","0.420076"
"2042283700","1567181527","0.420076"
"1567181527","2122873969","0.153409"
"2122873969","1567181527","0.153409"
"1567181527","2144896643","0.720076"
"2144896643","1567181527","0.720076"
"1567181527","2144920840","0.353409"
"2144920840","1567181527","0.353409"
"1567181527","2276784449","0.0909091"
"2276784449","1567181527","0.0909091"
"1567181527","2948648113","0.0909091"
"2948648113","1567181527","0.0909091"
"1838169392","2011508716","0.0909091"
"2011508716","1838169392","0.0909091"
"1838169392","2031952843","0.0909091"
"2031952843","1838169392","0.0909091"
"1838169392","2042283700","0.324242"
"2042283700","1838169392","0.324242"
"1838169392","2122873969","0.0909091"
"2122873969","1838169392","0.0909091"
"1838169392","2144896643","0.257576"
"2144896643","1838169392","0.257576"
"1838169392","2144920840","0.0909091"
"2144920840","1838169392","0.0909091"
"1838169392","2276784449","0.190909"
"2276784449","1838169392","0.190909"
"1838169392","2948648113","0.0909091"
"2948648113","1838169392","0.0909091"
"2011508716","2031952843","0.153409"
"2031952843","2011508716","0.153409"
"2011508716","2042283700","0.653409"
"2042283700","2011508716","0.653409"
"2011508716","2122873969","0.153409"
"2122873969","2011508716","0.153409"
"2011508716","2144896643","0.153409"
"2144896643","2011508716","0.153409"
"2011508716","2144920840","0.153409"
"2144920840","2011508716","0.153409"
"2011508716","2276784449","0.0909091"
"2276784449","2011508716","0.0909091"
"2011508716","2948648113","0.0909091"
"2948648113","2011508716","0.0909091"
"2031952843","2042283700","0.403409"
"2042283700","2031952843","0.403409"
"2031952843","2122873969","0.153409"
"2122873969","2031952843","0.153409"
"2031952843","2144896643","0.403409"
"2144896643","2031952843","0.403409"
"2031952843","2144920840","0.153409"
"2144920840","2031952843","0.153409"
"2031952843","2276784449","0.0909091"
"2276784449","2031952843","0.0909091"
"2031952843","2948648113","0.0909091"
"2948648113","2031952843","0.0909091"
"2042283700","2122873969","0.296266"
"2122873969","2042283700","0.296266"
"2042283700","2144896643","1.19627"
"2144896643","2042283700","1.19627"
"2042283700","2144920840","0.686742"
"2144920840","2042283700","0.686742"
"2042283700","2276784449","0.0909091"
"2276784449","2042283700","0.0909091"
"2042283700","2948648113","0.0909091"
"2948648113","2042283700","0.0909091"
"2122873969","2144896643","0.296266"
"2144896643","2122873969","0.296266"
"2122873969","2144920840","0.153409"
"2144920840","2122873969","0.153409"
"2122873969","2276784449","0.0909091"
"2276784449","2122873969","0.0909091"
"2122873969","2948648113","0.0909091"
"2948648113","2122873969","0.0909091"
"2144896643","2144920840","0.153409"
"2144920840","2144896643","0.153409"
"2144896643","2276784449","3.19091"
"2276784449","2144896643","3.19091"
"2144896643","2948648113","1.09091"
"2948648113","2144896643","1.09091"
"2144920840","2276784449","0.424242"
"2276784449","2144920840","0.424242"
"2144920840","2948648113","0.0909091"
"2948648113","2144920840","0.0909091"
"2276784449","2948648113","0.0909091"
"2948648113","2276784449","0.0909091"
"101558743","1838070217","1.73869"
"1838070217","101558743","1.73869"
"101558743","2048503448","0.2625"
"2048503448","101558743","0.2625"
"101558743","2105627317","0.405357"
"2105627317","101558743","0.405357"
"101558743","2135234036","0.405357"
"2135234036","101558743","0.405357"
"101558743","2135762622","0.0625"
"2135762622","101558743","0.0625"
"101558743","2148829258","0.0625"
"2148829258","101558743","0.0625"
"101558743","2160719074","0.0625"
"2160719074","101558743","0.0625"
"101558743","2163459896","0.0625"
"2163459896","101558743","0.0625"
"101558743","2226830230","0.205357"
"2226830230","101558743","0.205357"
"1567181527","1838070217","2.82917"
"1838070217","1567181527","2.82917"
"1567181527","2048503448","0.129167"
"2048503448","1567181527","0.129167"
"1567181527","2105627317","1.0625"
"2105627317","1567181527","1.0625"
"1567181527","2135234036","0.129167"
"2135234036","1567181527","0.129167"
"1567181527","2135762622","0.0625"
"2135762622","1567181527","0.0625"
"1567181527","2148829258","0.129167"
"2148829258","1567181527","0.129167"
"1567181527","2160719074","0.0625"
"2160719074","1567181527","0.0625"
"1567181527","2163459896","0.0625"
"2163459896","1567181527","0.0625"
"1567181527","2226830230","0.0625"
"2226830230","1567181527","0.0625"
"1838070217","2011508716","0.0625"
"2011508716","1838070217","0.0625"
"1838070217","2031952843","0.3125"
"2031952843","1838070217","0.3125"
"1838070217","2042283700","1.05536"
"2042283700","1838070217","1.05536"
"1838070217","2048503448","0.129167"
"2048503448","1838070217","0.129167"
"1838070217","2105627317","3.45536"
"2105627317","1838070217","3.45536"
"1838070217","2122873969","0.205357"
"2122873969","1838070217","0.205357"
"1838070217","2135234036","0.272024"
"2135234036","1838070217","0.272024"
"1838070217","2135762622","0.0625"
"2135762622","1838070217","0.0625"
"1838070217","2144896643","0.522024"
"2144896643","1838070217","0.522024"
"1838070217","2144920840","0.595833"
"2144920840","1838070217","0.595833"
"1838070217","2148829258","0.4625"
"2148829258","1838070217","0.4625"
"1838070217","2160719074","0.0625"
"2160719074","1838070217","0.0625"
"1838070217","2163459896","0.0625"
"2163459896","1838070217","0.0625"
"1838070217","2226830230","0.205357"
"2226830230","1838070217","0.205357"
"2011508716","2048503448","0.0625"
"2048503448","2011508716","0.0625"
"2011508716","2105627317","0.0625"
"2105627317","2011508716","0.0625"
"2011508716","2135234036","0.0625"
"2135234036","2011508716","0.0625"
"2011508716","2135762622","0.0625"
"2135762622","2011508716","0.0625"
"2011508716","2148829258","0.0625"
"2148829258","2011508716","0.0625"
"2011508716","2160719074","0.0625"
"2160719074","2011508716","0.0625"
"2011508716","2163459896","0.0625"
"2163459896","2011508716","0.0625"
"2011508716","2226830230","0.0625"
"2226830230","2011508716","0.0625"
"2031952843","2048503448","0.0625"
"2048503448","2031952843","0.0625"
"2031952843","2105627317","0.3125"
"2105627317","2031952843","0.3125"
"2031952843","2135234036","0.0625"
"2135234036","2031952843","0.0625"
"2031952843","2135762622","0.5625"
"2135762622","2031952843","0.5625"
"2031952843","2148829258","0.0625"
"2148829258","2031952843","0.0625"
"2031952843","2160719074","0.0625"
"2160719074","2031952843","0.0625"
"2031952843","2163459896","0.5625"
"2163459896","2031952843","0.5625"
"2031952843","2226830230","0.0625"
"2226830230","2031952843","0.0625"
"2042283700","2048503448","1.62917"
"2048503448","2042283700","1.62917"
"2042283700","2105627317","0.705357"
"2105627317","2042283700","0.705357"
"2042283700","2135234036","2.27202"
"2135234036","2042283700","2.27202"
"2042283700","2135762622","0.0625"
"2135762622","2042283700","0.0625"
"2042283700","2148829258","0.379167"
"2148829258","2042283700","0.379167"
"2042283700","2160719074","0.5625"
"2160719074","2042283700","0.5625"
"2042283700","2163459896","0.0625"
"2163459896","2042283700","0.0625"
"2042283700","2226830230","0.705357"
"2226830230","2042283700","0.705357"
"2048503448","2105627317","0.2625"
"2105627317","2048503448","0.2625"
"2048503448","2122873969","0.0625"
"2122873969","2048503448","0.0625"
"2048503448","2135234036","1.1625"
"2135234036","2048503448","1.1625"
"2048503448","2135762622","0.0625"
"2135762622","2048503448","0.0625"
"2048503448","2144896643","0.429167"
"2144896643","2048503448","0.429167"
"2048503448","2144920840","0.395833"
"2144920840","2048503448","0.395833"
"2048503448","2148829258","0.329167"
"2148829258","2048503448","0.329167"
"2048503448","2160719074","0.0625"
"2160719074","2048503448","0.0625"
"2048503448","2163459896","0.0625"
"2163459896","2048503448","0.0625"
"2048503448","2226830230","0.1625"
"2226830230","2048503448","0.1625"
"2105627317","2122873969","1.20536"
"2122873969","2105627317","1.20536"
"2105627317","2135234036","1.40536"
"2135234036","2105627317","1.40536"
"2105627317","2135762622","0.0625"
"2135762622","2105627317","0.0625"
"2105627317","2144896643","1.90536"
"2144896643","2105627317","1.90536"
"2105627317","2144920840","0.0625"
"2144920840","2105627317","0.0625"
"2105627317","2148829258","0.3125"
"2148829258","2105627317","0.3125"
"2105627317","2160719074","0.0625"
"2160719074","2105627317","0.0625"
"2105627317","2163459896","0.0625"
"2163459896","2105627317","0.0625"
"2105627317","2226830230","0.205357"
"2226830230","2105627317","0.205357"
"2122873969","2135234036","0.705357"
"2135234036","2122873969","0.705357"
"2122873969","2135762622","0.0625"
"2135762622","2122873969","0.0625"
"2122873969","2148829258","0.0625"
"2148829258","2122873969","0.0625"
"2122873969","2160719074","0.0625"
"2160719074","2122873969","0.0625"
"2122873969","2163459896","0.0625"
"2163459896","2122873969","0.0625"
"2122873969","2226830230","0.205357"
"2226830230","2122873969","0.205357"
"2135234036","2135762622","0.0625"
"2135762622","2135234036","0.0625"
"2135234036","2144896643","2.47202"
"2144896643","2135234036","2.47202"
"2135234036","2144920840","0.0625"
"2144920840","2135234036","0.0625"
"2135234036","2148829258","0.129167"
"2148829258","2135234036","0.129167"
"2135234036","2160719074","0.0625"
"2160719074","2135234036","0.0625"
"2135234036","2163459896","0.0625"
"2163459896","2135234036","0.0625"
"2135234036","2226830230","0.205357"
"2226830230","2135234036","0.205357"
"2135762622","2144896643","0.0625"
"2144896643","2135762622","0.0625"
"2135762622","2144920840","0.0625"
"2144920840","2135762622","0.0625"
"2135762622","2148829258","0.0625"
"2148829258","2135762622","0.0625"
"2135762622","2160719074","0.0625"
"2160719074","2135762622","0.0625"
"2135762622","2163459896","0.5625"
"2163459896","2135762622","0.5625"
"2135762622","2226830230","0.0625"
"2226830230","2135762622","0.0625"
"2144896643","2148829258","0.879167"
"2148829258","2144896643","0.879167"
"2144896643","2160719074","0.0625"
"2160719074","2144896643","0.0625"
"2144896643","2163459896","0.0625"
"2163459896","2144896643","0.0625"
"2144896643","2226830230","0.305357"
"2226830230","2144896643","0.305357"
"2144920840","2148829258","0.0625"
"2148829258","2144920840","0.0625"
"2144920840","2160719074","0.0625"
"2160719074","2144920840","0.0625"
"2144920840","2163459896","0.0625"
"2163459896","2144920840","0.0625"
"2144920840","2226830230","0.0625"
"2226830230","2144920840","0.0625"
"2148829258","2160719074","0.0625"
"2160719074","2148829258","0.0625"
"2148829258","2163459896","0.0625"
"2163459896","2148829258","0.0625"
"2148829258","2226830230","0.0625"
"2226830230","2148829258","0.0625"
"2160719074","2163459896","0.0625"
"2163459896","2160719074","0.0625"
"2160719074","2226830230","1.5625"
"2226830230","2160719074","1.5625"
"2163459896","2226830230","0.0625"
"2226830230","2163459896","0.0625"
"101558743","1886685739","0.2"
"1886685739","101558743","0.2"
"1567181527","1886685739","0.466667"
"1886685739","1567181527","0.466667"
"1838070217","1886685739","0.266667"
"1886685739","1838070217","0.266667"
"1886685739","2042283700","4.93333"
"2042283700","1886685739","4.93333"
"1886685739","2144920840","0.2"
"2144920840","1886685739","0.2"
"101558743","1873973742","0.5"
"1873973742","101558743","0.5"
"1838169392","1873973742","2.9"
"1873973742","1838169392","2.9"
"101558743","2163885828","0.2"
"2163885828","101558743","0.2"
"2048503448","2163885828","13.4333"
"2163885828","2048503448","13.4333"
"2105627317","2163885828","0.2"
"2163885828","2105627317","0.2"
"2135234036","2163885828","1.1"
"2163885828","2135234036","1.1"
"2144896643","2163885828","0.366667"
"2163885828","2144896643","0.366667"
"101558743","2039042024","0.333333"
"2039042024","101558743","0.333333"
"2039042024","2042283700","1.4"
"2042283700","2039042024","1.4"
"2039042024","2144896643","1.4"
"2144896643","2039042024","1.4"
"10549890","1838169392","3.23333"
"1838169392","10549890","3.23333"
"10549890","1567007352","0.166667"
"1567007352","10549890","0.166667"
"10549890","1567181527","0.266667"
"1567181527","10549890","0.266667"
"10549890","1838070217","0.0666667"
"1838070217","10549890","0.0666667"
"10549890","1873973742","1.23333"
"1873973742","10549890","1.23333"
"10549890","1886685739","0.733333"
"1886685739","10549890","0.733333"
"10549890","2039042024","0.0666667"
"2039042024","10549890","0.0666667"
"10549890","2042283700","0.0666667"
"2042283700","10549890","0.0666667"
"10549890","2048503448","0.533333"
"2048503448","10549890","0.533333"
"10549890","2135234036","0.0666667"
"2135234036","10549890","0.0666667"
"10549890","2142621841","0.533333"
"2142621841","10549890","0.533333"
"10549890","2144896643","0.166667"
"2144896643","10549890","0.166667"
"10549890","2148829258","0.0666667"
"2148829258","10549890","0.0666667"
"10549890","2163885828","0.533333"
"2163885828","10549890","0.533333"
"10549890","2951909044","0.0666667"
"2951909044","10549890","0.0666667"
"1567007352","1838070217","0.0666667"
"1838070217","1567007352","0.0666667"
"1567007352","1873973742","1.03333"
"1873973742","1567007352","1.03333"
"1567007352","1886685739","0.7"
"1886685739","1567007352","0.7"
"1567007352","2039042024","0.0666667"
"2039042024","1567007352","0.0666667"
"1567007352","2048503448","1.2"
"2048503448","1567007352","1.2"
"1567007352","2135234036","0.0666667"
"2135234036","1567007352","0.0666667"
"1567007352","2142621841","0.166667"
"2142621841","1567007352","0.166667"
"1567007352","2148829258","0.266667"
"2148829258","1567007352","0.266667"
"1567007352","2163885828","1.2"
"2163885828","1567007352","1.2"
"1567007352","2951909044","0.0666667"
"2951909044","1567007352","0.0666667"
"1567181527","1873973742","0.266667"
"1873973742","1567181527","0.266667"
"1567181527","2039042024","0.0666667"
"2039042024","1567181527","0.0666667"
"1567181527","2142621841","0.266667"
"2142621841","1567181527","0.266667"
"1567181527","2163885828","0.0666667"
"2163885828","1567181527","0.0666667"
"1567181527","2951909044","0.0666667"
"2951909044","1567181527","0.0666667"
"1838070217","1838169392","0.0666667"
"1838169392","1838070217","0.0666667"
"1838070217","1873973742","0.0666667"
"1873973742","1838070217","0.0666667"
"1838070217","2039042024","0.0666667"
"2039042024","1838070217","0.0666667"
"1838070217","2142621841","0.0666667"
"2142621841","1838070217","0.0666667"
"1838070217","2163885828","0.0666667"
"2163885828","1838070217","0.0666667"
"1838070217","2951909044","0.4"
"2951909044","1838070217","0.4"
"1838169392","1886685739","1.9"
"1886685739","1838169392","1.9"
"1838169392","2039042024","0.0666667"
"2039042024","1838169392","0.0666667"
"1838169392","2048503448","1.7"
"2048503448","1838169392","1.7"
"1838169392","2135234036","0.0666667"
"2135234036","1838169392","0.0666667"
"1838169392","2142621841","1.36667"
"2142621841","1838169392","1.36667"
"1838169392","2148829258","0.0666667"
"2148829258","1838169392","0.0666667"
"1838169392","2163885828","0.7"
"2163885828","1838169392","0.7"
"1838169392","2951909044","0.0666667"
"2951909044","1838169392","0.0666667"
"1873973742","1886685739","2.1"
"1886685739","1873973742","2.1"
"1873973742","2039042024","0.0666667"
"2039042024","1873973742","0.0666667"
"1873973742","2042283700","0.233333"
"2042283700","1873973742","0.233333"
"1873973742","2048503448","1.73333"
"2048503448","1873973742","1.73333"
"1873973742","2135234036","0.0666667"
"2135234036","1873973742","0.0666667"
"1873973742","2142621841","1.36667"
"2142621841","1873973742","1.36667"
"1873973742","2144896643","2.16667"
"2144896643","1873973742","2.16667"
"1873973742","2148829258","0.266667"
"2148829258","1873973742","0.266667"
"1873973742","2163885828","1.73333"
"2163885828","1873973742","1.73333"
"1873973742","2951909044","0.0666667"
"2951909044","1873973742","0.0666667"
"1886685739","2039042024","0.0666667"
"2039042024","1886685739","0.0666667"
"1886685739","2048503448","0.9"
"2048503448","1886685739","0.9"
"1886685739","2135234036","0.0666667"
"2135234036","1886685739","0.0666667"
"1886685739","2142621841","1.86667"
"2142621841","1886685739","1.86667"
"1886685739","2144896643","0.166667"
"2144896643","1886685739","0.166667"
"1886685739","2148829258","0.266667"
"2148829258","1886685739","0.266667"
"1886685739","2163885828","0.9"
"2163885828","1886685739","0.9"
"1886685739","2951909044","0.0666667"
"2951909044","1886685739","0.0666667"
"2039042024","2048503448","0.0666667"
"2048503448","2039042024","0.0666667"
"2039042024","2135234036","0.0666667"
"2135234036","2039042024","0.0666667"
"2039042024","2142621841","0.0666667"
"2142621841","2039042024","0.0666667"
"2039042024","2148829258","1.56667"
"2148829258","2039042024","1.56667"
"2039042024","2163885828","0.0666667"
"2163885828","2039042024","0.0666667"
"2039042024","2951909044","0.566667"
"2951909044","2039042024","0.566667"
"2042283700","2142621841","1.06667"
"2142621841","2042283700","1.06667"
"2042283700","2163885828","0.566667"
"2163885828","2042283700","0.566667"
"2042283700","2951909044","0.316667"
"2951909044","2042283700","0.316667"
"2048503448","2142621841","4.33333"
"2142621841","2048503448","4.33333"
"2048503448","2951909044","0.0666667"
"2951909044","2048503448","0.0666667"
"2135234036","2142621841","0.0666667"
"2142621841","2135234036","0.0666667"
"2135234036","2951909044","0.0666667"
"2951909044","2135234036","0.0666667"
"2142621841","2144896643","0.166667"
"2144896643","2142621841","0.166667"
"2142621841","2148829258","0.0666667"
"2148829258","2142621841","0.0666667"
"2142621841","2163885828","1.33333"
"2163885828","2142621841","1.33333"
"2142621841","2951909044","0.0666667"
"2951909044","2142621841","0.0666667"
"2144896643","2951909044","0.816667"
"2951909044","2144896643","0.816667"
"2148829258","2163885828","0.266667"
"2163885828","2148829258","0.266667"
"2148829258","2951909044","9.15"
"2951909044","2148829258","9.15"
"2163885828","2951909044","0.0666667"
"2951909044","2163885828","0.0666667"
"10549890","2226830230","0.1"
"2226830230","10549890","0.1"
"10549890","2276784449","0.1"
"2276784449","10549890","0.1"
"1567007352","2226830230","0.1"
"2226830230","1567007352","0.1"
"1838169392","2226830230","0.1"
"2226830230","1838169392","0.1"
"1873973742","2226830230","0.1"
"2226830230","1873973742","0.1"
"1873973742","2276784449","0.1"
"2276784449","1873973742","0.1"
"1886685739","2226830230","0.1"
"2226830230","1886685739","0.1"
"1886685739","2276784449","0.1"
"2276784449","1886685739","0.1"
"2048503448","2276784449","0.433333"
"2276784449","2048503448","0.433333"
"2142621841","2226830230","0.1"
"2226830230","2142621841","0.1"
"2142621841","2276784449","0.1"
"2276784449","2142621841","0.1"
"2163885828","2226830230","0.1"
"2226830230","2163885828","0.1"
"2163885828","2276784449","0.433333"
"2276784449","2163885828","0.433333"
"2226830230","2276784449","0.1"
"2276784449","2226830230","0.1"
"1567181527","2292167701","1"
"2292167701","1567181527","1"
"1567181527","2062840185","0.5"
"2062840185","1567181527","0.5"
"2062840185","2105627317","4"
"2105627317","2062840185","4"
"1838070217","2062840185","0.5"
"2062840185","1838070217","0.5"
"1838070217","2292167701","1"
"2292167701","1838070217","1"
"1838070217","2056538512","0.333333"
"2056538512","1838070217","0.333333"
"2056538512","2148829258","0.333333"
"2148829258","2056538512","0.333333"
"2056538512","2951909044","0.333333"
"2951909044","2056538512","0.333333"
"2011508716","2521624399","0.5"
"2521624399","2011508716","0.5"
"2042283700","2521624399","0.5"
"2521624399","2042283700","0.5"
"2105627317","2951909044","0.25"
"2951909044","2105627317","0.25"
"2048503448","28084053","0.333333"
"28084053","2048503448","0.333333"
"2135234036","28084053","0.333333"
"28084053","2135234036","0.333333"
"2163885828","28084053","0.333333"
"28084053","2163885828","0.333333"
"2144920840","2163885828","0.333333"
"2163885828","2144920840","0.333333"
"2062840185","2122873969","0.5"
"2122873969","2062840185","0.5"
"2062840185","2135234036","0.5"
"2135234036","2062840185","0.5"
"2105627317","2292167701","1"
"2292167701","2105627317","1"
"2148829258","2948648113","0.5"
"2948648113","2148829258","0.5"
"2948648113","2951909044","0.5"
"2951909044","2948648113","0.5"
"2521624399","2948648113","2"
"2948648113","2521624399","2"
