"1501633995","1555769432","1"
"1555769432","1501633995","1"
"1501633995","1565544681","2.33333"
"1565544681","1501633995","2.33333"
"1501633995","2070239227","1"
"2070239227","1501633995","1"
"1501633995","2109178347","0.333333"
"2109178347","1501633995","0.333333"
"1501633995","2118686577","0.333333"
"2118686577","1501633995","0.333333"
"1565544681","2109178347","0.333333"
"2109178347","1565544681","0.333333"
"1565544681","2118686577","0.333333"
"2118686577","1565544681","0.333333"
"2109178347","2118686577","0.815909"
"2118686577","2109178347","0.815909"
"1512162347","2016728294","6.44091"
"2016728294","1512162347","6.44091"
"1512162347","2118686577","1.60758"
"2118686577","1512162347","1.60758"
"1512162347","2163229252","1.50758"
"2163229252","1512162347","1.50758"
"1512162347","799285532","0.840909"
"799285532","1512162347","0.840909"
"2016728294","2118686577","0.440909"
"2118686577","2016728294","0.440909"
"2016728294","2163229252","5.84091"
"2163229252","2016728294","5.84091"
"2016728294","799285532","2.34091"
"799285532","2016728294","2.34091"
"2118686577","2163229252","1.67424"
"2163229252","2118686577","1.67424"
"2118686577","799285532","0.340909"
"799285532","2118686577","0.340909"
"2163229252","799285532","0.840909"
"799285532","2163229252","0.840909"
"1512162347","1601762405","0.757576"
"1601762405","1512162347","0.757576"
"1512162347","1729392578","0.257576"
"1729392578","1512162347","0.257576"
"1512162347","2046634245","0.257576"
"2046634245","1512162347","0.257576"
"1512162347","2109178347","0.357576"
"2109178347","1512162347","0.357576"
"1601762405","1729392578","2.04091"
"1729392578","1601762405","2.04091"
"1601762405","2046634245","3.54091"
"2046634245","1601762405","3.54091"
"1601762405","2109178347","0.257576"
"2109178347","1601762405","0.257576"
"1601762405","2118686577","1.75758"
"2118686577","1601762405","1.75758"
"1601762405","2163229252","0.257576"
"2163229252","1601762405","0.257576"
"1729392578","2046634245","2.49091"
"2046634245","1729392578","2.49091"
"1729392578","2109178347","0.757576"
"2109178347","1729392578","0.757576"
"1729392578","2118686577","0.707576"
"2118686577","1729392578","0.707576"
"1729392578","2163229252","0.257576"
"2163229252","1729392578","0.257576"
"2046634245","2109178347","0.257576"
"2109178347","2046634245","0.257576"
"2046634245","2118686577","0.707576"
"2118686577","2046634245","0.707576"
"2046634245","2163229252","0.257576"
"2163229252","2046634245","0.257576"
"2109178347","2163229252","0.511544"
"2163229252","2109178347","0.511544"
"1512162347","1514308164","0.0909091"
"1514308164","1512162347","0.0909091"
"1512162347","1539700540","0.0909091"
"1539700540","1512162347","0.0909091"
"1512162347","2114662279","0.0909091"
"2114662279","1512162347","0.0909091"
"1514308164","1539700540","0.0909091"
"1539700540","1514308164","0.0909091"
"1514308164","1601762405","2.59091"
"1601762405","1514308164","2.59091"
"1514308164","1729392578","4.04091"
"1729392578","1514308164","4.04091"
"1514308164","2016728294","0.0909091"
"2016728294","1514308164","0.0909091"
"1514308164","2046634245","1.04091"
"2046634245","1514308164","1.04091"
"1514308164","2109178347","1.59091"
"2109178347","1514308164","1.59091"
"1514308164","2114662279","0.290909"
"2114662279","1514308164","0.290909"
"1514308164","2118686577","1.54091"
"2118686577","1514308164","1.54091"
"1514308164","2163229252","0.0909091"
"2163229252","1514308164","0.0909091"
"1514308164","799285532","0.0909091"
"799285532","1514308164","0.0909091"
"1539700540","1601762405","0.590909"
"1601762405","1539700540","0.590909"
"1539700540","1729392578","0.0909091"
"1729392578","1539700540","0.0909091"
"1539700540","2016728294","0.0909091"
"2016728294","1539700540","0.0909091"
"1539700540","2046634245","0.0909091"
"2046634245","1539700540","0.0909091"
"1539700540","2109178347","1.09091"
"2109178347","1539700540","1.09091"
"1539700540","2114662279","0.840909"
"2114662279","1539700540","0.840909"
"1539700540","2118686577","1.59091"
"2118686577","1539700540","1.59091"
"1539700540","2163229252","0.590909"
"2163229252","1539700540","0.590909"
"1539700540","799285532","0.0909091"
"799285532","1539700540","0.0909091"
"1601762405","2016728294","0.590909"
"2016728294","1601762405","0.590909"
"1601762405","2114662279","0.215909"
"2114662279","1601762405","0.215909"
"1601762405","799285532","0.0909091"
"799285532","1601762405","0.0909091"
"1729392578","2016728294","0.0909091"
"2016728294","1729392578","0.0909091"
"1729392578","2114662279","0.290909"
"2114662279","1729392578","0.290909"
"1729392578","799285532","0.0909091"
"799285532","1729392578","0.0909091"
"2016728294","2046634245","0.0909091"
"2046634245","2016728294","0.0909091"
"2016728294","2109178347","0.190909"
"2109178347","2016728294","0.190909"
"2016728294","2114662279","0.0909091"
"2114662279","2016728294","0.0909091"
"2046634245","2114662279","0.290909"
"2114662279","2046634245","0.290909"
"2046634245","799285532","0.0909091"
"799285532","2046634245","0.0909091"
"2109178347","2114662279","0.0909091"
"2114662279","2109178347","0.0909091"
"2109178347","799285532","0.0909091"
"799285532","2109178347","0.0909091"
"2114662279","2118686577","0.290909"
"2118686577","2114662279","0.290909"
"2114662279","2163229252","1.09091"
"2163229252","2114662279","1.09091"
"2114662279","799285532","1.09091"
"799285532","2114662279","1.09091"
"1512162347","1607953426","0.1"
"1607953426","1512162347","0.1"
"1512162347","1750400331","0.1"
"1750400331","1512162347","0.1"
"1512162347","1993886441","0.1"
"1993886441","1512162347","0.1"
"1512162347","2099609755","0.1"
"2099609755","1512162347","0.1"
"1512162347","2105993558","0.1"
"2105993558","1512162347","0.1"
"1512162347","2143187739","0.1"
"2143187739","1512162347","0.1"
"1512162347","2147268451","0.1"
"2147268451","1512162347","0.1"
"1607953426","1750400331","0.1625"
"1750400331","1607953426","0.1625"
"1607953426","1993886441","0.1"
"1993886441","1607953426","0.1"
"1607953426","2016728294","0.1"
"2016728294","1607953426","0.1"
"1607953426","2099609755","0.1"
"2099609755","1607953426","0.1"
"1607953426","2105993558","0.1"
"2105993558","1607953426","0.1"
"1607953426","2109178347","0.433333"
"2109178347","1607953426","0.433333"
"1607953426","2118686577","0.1"
"2118686577","1607953426","0.1"
"1607953426","2143187739","0.1"
"2143187739","1607953426","0.1"
"1607953426","2147268451","2.1"
"2147268451","1607953426","2.1"
"1750400331","1993886441","0.296429"
"1993886441","1750400331","0.296429"
"1750400331","2016728294","0.1"
"2016728294","1750400331","0.1"
"1750400331","2099609755","0.266667"
"2099609755","1750400331","0.266667"
"1750400331","2105993558","0.225"
"2105993558","1750400331","0.225"
"1750400331","2109178347","0.1"
"2109178347","1750400331","0.1"
"1750400331","2118686577","0.1"
"2118686577","1750400331","0.1"
"1750400331","2143187739","0.266667"
"2143187739","1750400331","0.266667"
"1750400331","2147268451","0.442857"
"2147268451","1750400331","0.442857"
"1993886441","2016728294","0.1"
"2016728294","1993886441","0.1"
"1993886441","2099609755","0.225"
"2099609755","1993886441","0.225"
"1993886441","2105993558","0.35"
"2105993558","1993886441","0.35"
"1993886441","2109178347","0.225"
"2109178347","1993886441","0.225"
"1993886441","2118686577","0.225"
"2118686577","1993886441","0.225"
"1993886441","2143187739","0.425"
"2143187739","1993886441","0.425"
"1993886441","2147268451","0.433333"
"2147268451","1993886441","0.433333"
"2016728294","2099609755","0.1"
"2099609755","2016728294","0.1"
"2016728294","2105993558","0.1"
"2105993558","2016728294","0.1"
"2016728294","2143187739","0.1"
"2143187739","2016728294","0.1"
"2016728294","2147268451","0.1"
"2147268451","2016728294","0.1"
"2099609755","2105993558","0.425"
"2105993558","2099609755","0.425"
"2099609755","2109178347","0.308333"
"2109178347","2099609755","0.308333"
"2099609755","2118686577","0.225"
"2118686577","2099609755","0.225"
"2099609755","2143187739","3.39167"
"2143187739","2099609755","3.39167"
"2099609755","2147268451","0.3"
"2147268451","2099609755","0.3"
"2105993558","2109178347","0.225"
"2109178347","2105993558","0.225"
"2105993558","2118686577","0.675"
"2118686577","2105993558","0.675"
"2105993558","2143187739","0.225"
"2143187739","2105993558","0.225"
"2105993558","2147268451","0.3"
"2147268451","2105993558","0.3"
"2109178347","2143187739","0.225"
"2143187739","2109178347","0.225"
"2109178347","2147268451","0.1"
"2147268451","2109178347","0.1"
"2118686577","2143187739","0.725"
"2143187739","2118686577","0.725"
"2118686577","2147268451","1.1"
"2147268451","2118686577","1.1"
"2143187739","2147268451","0.1"
"2147268451","2143187739","0.1"
"1514308164","2105993558","0.45"
"2105993558","1514308164","0.45"
"1729392578","2105993558","1.56667"
"2105993558","1729392578","1.56667"
"2046634245","2105993558","2.23333"
"2105993558","2046634245","2.23333"
"2105993558","2114662279","0.325"
"2114662279","2105993558","0.325"
"1520779252","2056409500","1.61667"
"2056409500","1520779252","1.61667"
"1520779252","2139630871","4.14286"
"2139630871","1520779252","4.14286"
"2056409500","2139630871","6.21786"
"2139630871","2056409500","6.21786"
"1520779252","1750400331","0.2"
"1750400331","1520779252","0.2"
"1520779252","2113402330","0.2"
"2113402330","1520779252","0.2"
"1520779252","2117912850","0.2"
"2117912850","1520779252","0.2"
"1520779252","2130825897","1.7"
"2130825897","1520779252","1.7"
"1750400331","2056409500","0.947619"
"2056409500","1750400331","0.947619"
"1750400331","2113402330","1.20893"
"2113402330","1750400331","1.20893"
"1750400331","2117912850","1.49345"
"2117912850","1750400331","1.49345"
"1750400331","2130825897","0.2"
"2130825897","1750400331","0.2"
"2056409500","2113402330","1.10476"
"2113402330","2056409500","1.10476"
"2056409500","2117912850","0.914286"
"2117912850","2056409500","0.914286"
"2056409500","2130825897","3.7"
"2130825897","2056409500","3.7"
"2113402330","2117912850","1.61726"
"2117912850","2113402330","1.61726"
"2113402330","2130825897","0.7"
"2130825897","2113402330","0.7"
"2117912850","2130825897","0.2"
"2130825897","2117912850","0.2"
"1520779252","2099609755","0.75"
"2099609755","1520779252","0.75"
"1520779252","2783990178","0.72619"
"2783990178","1520779252","0.72619"
"2099609755","2783990178","0.583333"
"2783990178","2099609755","0.583333"
"1520779252","2162868766","4.5"
"2162868766","1520779252","4.5"
"2139630871","2162868766","1.9"
"2162868766","2139630871","1.9"
"1520779252","2138289350","1.08333"
"2138289350","1520779252","1.08333"
"1520779252","1555769432","0.333333"
"1555769432","1520779252","0.333333"
"1555769432","2056409500","0.521429"
"2056409500","1555769432","0.521429"
"1555769432","2130825897","1"
"2130825897","1555769432","1"
"1555769432","2139630871","0.8"
"2139630871","1555769432","0.8"
"2130825897","2139630871","1.25"
"2139630871","2130825897","1.25"
"1520779252","1828923228","0.22619"
"1828923228","1520779252","0.22619"
"1520779252","2070239227","0.22619"
"2070239227","1520779252","0.22619"
"1520779252","2109178347","0.22619"
"2109178347","1520779252","0.22619"
"1520779252","2115681683","0.22619"
"2115681683","1520779252","0.22619"
"1520779252","2163229252","0.142857"
"2163229252","1520779252","0.142857"
"1828923228","2070239227","0.22619"
"2070239227","1828923228","0.22619"
"1828923228","2109178347","0.22619"
"2109178347","1828923228","0.22619"
"1828923228","2115681683","0.87619"
"2115681683","1828923228","0.87619"
"1828923228","2139630871","0.959524"
"2139630871","1828923228","0.959524"
"1828923228","2163229252","0.72619"
"2163229252","1828923228","0.72619"
"1828923228","2783990178","1.20952"
"2783990178","1828923228","1.20952"
"2070239227","2109178347","0.337302"
"2109178347","2070239227","0.337302"
"2070239227","2115681683","0.559524"
"2115681683","2070239227","0.559524"
"2070239227","2139630871","0.32619"
"2139630871","2070239227","0.32619"
"2070239227","2163229252","0.253968"
"2163229252","2070239227","0.253968"
"2070239227","2783990178","0.40873"
"2783990178","2070239227","0.40873"
"2109178347","2115681683","0.684524"
"2115681683","2109178347","0.684524"
"2109178347","2139630871","0.35119"
"2139630871","2109178347","0.35119"
"2109178347","2783990178","0.337302"
"2783990178","2109178347","0.337302"
"2115681683","2139630871","1.33452"
"2139630871","2115681683","1.33452"
"2115681683","2163229252","1.39286"
"2163229252","2115681683","1.39286"
"2115681683","2783990178","0.87619"
"2783990178","2115681683","0.87619"
"2139630871","2163229252","1.64286"
"2163229252","2139630871","1.64286"
"2139630871","2783990178","1.45952"
"2783990178","2139630871","1.45952"
"2163229252","2783990178","0.837302"
"2783990178","2163229252","0.837302"
"1520779252","2144744570","0.0833333"
"2144744570","1520779252","0.0833333"
"1520779252","2883247051","0.0833333"
"2883247051","1520779252","0.0833333"
"1555769432","1828923228","0.0833333"
"1828923228","1555769432","0.0833333"
"1555769432","2070239227","7.76171"
"2070239227","1555769432","7.76171"
"1555769432","2099609755","0.0833333"
"2099609755","1555769432","0.0833333"
"1555769432","2109178347","0.194444"
"2109178347","1555769432","0.194444"
"1555769432","2115681683","0.416667"
"2115681683","1555769432","0.416667"
"1555769432","2138289350","0.265873"
"2138289350","1555769432","0.265873"
"1555769432","2144744570","0.0833333"
"2144744570","1555769432","0.0833333"
"1555769432","2783990178","0.265873"
"2783990178","1555769432","0.265873"
"1555769432","2883247051","0.154762"
"2883247051","1555769432","0.154762"
"1828923228","2099609755","0.0833333"
"2099609755","1828923228","0.0833333"
"1828923228","2130825897","0.0833333"
"2130825897","1828923228","0.0833333"
"1828923228","2138289350","0.0833333"
"2138289350","1828923228","0.0833333"
"1828923228","2144744570","0.0833333"
"2144744570","1828923228","0.0833333"
"1828923228","2883247051","0.0833333"
"2883247051","1828923228","0.0833333"
"2070239227","2099609755","0.0833333"
"2099609755","2070239227","0.0833333"
"2070239227","2130825897","0.0833333"
"2130825897","2070239227","0.0833333"
"2070239227","2138289350","0.265873"
"2138289350","2070239227","0.265873"
"2070239227","2144744570","0.0833333"
"2144744570","2070239227","0.0833333"
"2070239227","2883247051","0.154762"
"2883247051","2070239227","0.154762"
"2099609755","2115681683","0.208333"
"2115681683","2099609755","0.208333"
"2099609755","2130825897","0.5"
"2130825897","2099609755","0.5"
"2099609755","2138289350","0.25"
"2138289350","2099609755","0.25"
"2099609755","2139630871","0.625"
"2139630871","2099609755","0.625"
"2099609755","2144744570","0.0833333"
"2144744570","2099609755","0.0833333"
"2099609755","2883247051","0.0833333"
"2883247051","2099609755","0.0833333"
"2109178347","2130825897","1.08333"
"2130825897","2109178347","1.08333"
"2109178347","2138289350","0.194444"
"2138289350","2109178347","0.194444"
"2109178347","2144744570","0.0833333"
"2144744570","2109178347","0.0833333"
"2109178347","2883247051","0.0833333"
"2883247051","2109178347","0.0833333"
"2115681683","2130825897","0.0833333"
"2130825897","2115681683","0.0833333"
"2115681683","2138289350","0.75"
"2138289350","2115681683","0.75"
"2115681683","2144744570","0.0833333"
"2144744570","2115681683","0.0833333"
"2115681683","2883247051","0.0833333"
"2883247051","2115681683","0.0833333"
"2130825897","2138289350","0.0833333"
"2138289350","2130825897","0.0833333"
"2130825897","2144744570","0.0833333"
"2144744570","2130825897","0.0833333"
"2130825897","2783990178","0.0833333"
"2783990178","2130825897","0.0833333"
"2130825897","2883247051","0.0833333"
"2883247051","2130825897","0.0833333"
"2138289350","2139630871","0.0833333"
"2139630871","2138289350","0.0833333"
"2138289350","2144744570","0.0833333"
"2144744570","2138289350","0.0833333"
"2138289350","2783990178","0.265873"
"2783990178","2138289350","0.265873"
"2138289350","2883247051","0.154762"
"2883247051","2138289350","0.154762"
"2139630871","2144744570","0.0833333"
"2144744570","2139630871","0.0833333"
"2139630871","2883247051","0.0833333"
"2883247051","2139630871","0.0833333"
"2144744570","2783990178","0.0833333"
"2783990178","2144744570","0.0833333"
"2144744570","2883247051","0.0833333"
"2883247051","2144744570","0.0833333"
"2783990178","2883247051","0.154762"
"2883247051","2783990178","0.154762"
"1520779252","1565544681","0.166667"
"1565544681","1520779252","0.166667"
"1520779252","2143187739","0.166667"
"2143187739","1520779252","0.166667"
"1565544681","2056409500","1"
"2056409500","1565544681","1"
"1565544681","2099609755","1"
"2099609755","1565544681","1"
"1565544681","2130825897","0.166667"
"2130825897","1565544681","0.166667"
"1565544681","2139630871","0.666667"
"2139630871","1565544681","0.666667"
"1565544681","2143187739","3"
"2143187739","1565544681","3"
"2056409500","2099609755","1.875"
"2099609755","2056409500","1.875"
"2056409500","2143187739","1.125"
"2143187739","2056409500","1.125"
"2130825897","2143187739","0.166667"
"2143187739","2130825897","0.166667"
"2139630871","2143187739","2.29167"
"2143187739","2139630871","2.29167"
"1539700540","191428099","0.111111"
"191428099","1539700540","0.111111"
"1539700540","1993886441","0.111111"
"1993886441","1539700540","0.111111"
"1539700540","2070239227","0.111111"
"2070239227","1539700540","0.111111"
"1539700540","2086366526","0.111111"
"2086366526","1539700540","0.111111"
"1539700540","2142079217","0.444444"
"2142079217","1539700540","0.444444"
"1539700540","2165533591","0.611111"
"2165533591","1539700540","0.611111"
"1539700540","2885460693","0.111111"
"2885460693","1539700540","0.111111"
"1539700540","2989593792","0.111111"
"2989593792","1539700540","0.111111"
"1539700540","2990109202","0.111111"
"2990109202","1539700540","0.111111"
"191428099","1993886441","0.111111"
"1993886441","191428099","0.111111"
"191428099","2070239227","0.284722"
"2070239227","191428099","0.284722"
"191428099","2086366526","1.12361"
"2086366526","191428099","1.12361"
"191428099","2142079217","0.173611"
"2142079217","191428099","0.173611"
"191428099","2165533591","0.423611"
"2165533591","191428099","0.423611"
"191428099","2885460693","0.311111"
"2885460693","191428099","0.311111"
"191428099","2989593792","0.222222"
"2989593792","191428099","0.222222"
"191428099","2990109202","2.87361"
"2990109202","191428099","2.87361"
"1993886441","2070239227","2.18254"
"2070239227","1993886441","2.18254"
"1993886441","2086366526","0.111111"
"2086366526","1993886441","0.111111"
"1993886441","2142079217","1.11111"
"2142079217","1993886441","1.11111"
"1993886441","2165533591","2.11111"
"2165533591","1993886441","2.11111"
"1993886441","2885460693","0.111111"
"2885460693","1993886441","0.111111"
"1993886441","2989593792","0.111111"
"2989593792","1993886441","0.111111"
"1993886441","2990109202","0.111111"
"2990109202","1993886441","0.111111"
"2070239227","2086366526","0.173611"
"2086366526","2070239227","0.173611"
"2070239227","2142079217","0.173611"
"2142079217","2070239227","0.173611"
"2070239227","2165533591","0.773611"
"2165533591","2070239227","0.773611"
"2070239227","2885460693","0.111111"
"2885460693","2070239227","0.111111"
"2070239227","2989593792","0.222222"
"2989593792","2070239227","0.222222"
"2070239227","2990109202","0.173611"
"2990109202","2070239227","0.173611"
"2086366526","2142079217","0.506944"
"2142079217","2086366526","0.506944"
"2086366526","2165533591","0.590278"
"2165533591","2086366526","0.590278"
"2086366526","2885460693","0.561111"
"2885460693","2086366526","0.561111"
"2086366526","2989593792","2.61111"
"2989593792","2086366526","2.61111"
"2086366526","2990109202","0.873611"
"2990109202","2086366526","0.873611"
"2142079217","2165533591","0.173611"
"2165533591","2142079217","0.173611"
"2142079217","2885460693","0.111111"
"2885460693","2142079217","0.111111"
"2142079217","2989593792","0.444444"
"2989593792","2142079217","0.444444"
"2142079217","2990109202","0.173611"
"2990109202","2142079217","0.173611"
"2165533591","2885460693","0.444444"
"2885460693","2165533591","0.444444"
"2165533591","2989593792","0.111111"
"2989593792","2165533591","0.111111"
"2165533591","2990109202","0.173611"
"2990109202","2165533591","0.173611"
"2885460693","2989593792","1.36111"
"2989593792","2885460693","1.36111"
"2885460693","2990109202","0.311111"
"2990109202","2885460693","0.311111"
"2989593792","2990109202","6.11111"
"2990109202","2989593792","6.11111"
"1539700540","47325209","0.5"
"47325209","1539700540","0.5"
"2165533591","47325209","0.5625"
"47325209","2165533591","0.5625"
"1539700540","2783990178","1"
"2783990178","1539700540","1"
"1539700540","2140560937","0.583333"
"2140560937","1539700540","0.583333"
"1539700540","2901496061","0.333333"
"2901496061","1539700540","0.333333"
"2140560937","2142079217","0.895833"
"2142079217","2140560937","0.895833"
"2140560937","2901496061","0.333333"
"2901496061","2140560937","0.333333"
"2142079217","2901496061","0.666667"
"2901496061","2142079217","0.666667"
"1539700540","2120928710","0.25"
"2120928710","1539700540","0.25"
"1539700540","2137894950","0.25"
"2137894950","1539700540","0.25"
"2114662279","2120928710","0.375"
"2120928710","2114662279","0.375"
"2114662279","2137894950","1.25"
"2137894950","2114662279","1.25"
"2114662279","2140560937","0.25"
"2140560937","2114662279","0.25"
"2120928710","2137894950","0.25"
"2137894950","2120928710","0.25"
"2120928710","2140560937","0.25"
"2140560937","2120928710","0.25"
"2137894950","2140560937","0.75"
"2140560937","2137894950","0.75"
"1546758596","1582568099","0.3"
"1582568099","1546758596","0.3"
"1546758596","1993886441","0.2"
"1993886441","1546758596","0.2"
"1546758596","2021704189","0.2"
"2021704189","1546758596","0.2"
"1546758596","2143187739","0.2"
"2143187739","1546758596","0.2"
"1546758596","2167454235","0.2"
"2167454235","1546758596","0.2"
"1582568099","1993886441","0.271429"
"1993886441","1582568099","0.271429"
"1582568099","2021704189","0.2"
"2021704189","1582568099","0.2"
"1582568099","2143187739","0.2"
"2143187739","1582568099","0.2"
"1582568099","2167454235","0.2"
"2167454235","1582568099","0.2"
"1993886441","2021704189","0.2"
"2021704189","1993886441","0.2"
"1993886441","2167454235","1.2"
"2167454235","1993886441","1.2"
"2021704189","2143187739","0.2"
"2143187739","2021704189","0.2"
"2021704189","2167454235","0.533333"
"2167454235","2021704189","0.533333"
"2143187739","2167454235","0.2"
"2167454235","2143187739","0.2"
"1546758596","2147268451","1"
"2147268451","1546758596","1"
"1546758596","2056409500","1"
"2056409500","1546758596","1"
"1546758596","2139630871","0.766667"
"2139630871","1546758596","0.766667"
"1546758596","2118686577","1.16667"
"2118686577","1546758596","1.16667"
"1546758596","1555769432","1.26667"
"1555769432","1546758596","1.26667"
"1546758596","1601762405","0.1"
"1601762405","1546758596","0.1"
"1546758596","1750400331","0.1"
"1750400331","1546758596","0.1"
"1546758596","2070239227","0.1"
"2070239227","1546758596","0.1"
"1546758596","2111907452","0.1"
"2111907452","1546758596","0.1"
"1546758596","2117912850","0.6"
"2117912850","1546758596","0.6"
"1546758596","2140560937","0.1"
"2140560937","1546758596","0.1"
"1546758596","2165533591","0.1"
"2165533591","1546758596","0.1"
"1555769432","1582568099","2.9006"
"1582568099","1555769432","2.9006"
"1555769432","1601762405","0.358929"
"1601762405","1555769432","0.358929"
"1555769432","1750400331","1.05893"
"1750400331","1555769432","1.05893"
"1555769432","2111907452","2.73393"
"2111907452","1555769432","2.73393"
"1555769432","2117912850","1.4006"
"2117912850","1555769432","1.4006"
"1555769432","2140560937","1.73393"
"2140560937","1555769432","1.73393"
"1555769432","2165533591","1.3625"
"2165533591","1555769432","1.3625"
"1582568099","1601762405","0.817262"
"1601762405","1582568099","0.817262"
"1582568099","1750400331","0.233929"
"1750400331","1582568099","0.233929"
"1582568099","2070239227","0.233929"
"2070239227","1582568099","0.233929"
"1582568099","2111907452","0.233929"
"2111907452","1582568099","0.233929"
"1582568099","2117912850","1.1006"
"2117912850","1582568099","1.1006"
"1582568099","2139630871","0.1"
"2139630871","1582568099","0.1"
"1582568099","2140560937","0.600595"
"2140560937","1582568099","0.600595"
"1582568099","2165533591","0.329167"
"2165533591","1582568099","0.329167"
"1601762405","1750400331","0.608929"
"1750400331","1601762405","0.608929"
"1601762405","2070239227","0.233929"
"2070239227","1601762405","0.233929"
"1601762405","2111907452","0.233929"
"2111907452","1601762405","0.233929"
"1601762405","2117912850","0.483929"
"2117912850","1601762405","0.483929"
"1601762405","2139630871","0.1"
"2139630871","1601762405","0.1"
"1601762405","2140560937","0.483929"
"2140560937","1601762405","0.483929"
"1601762405","2165533591","0.495833"
"2165533591","1601762405","0.495833"
"1750400331","2070239227","1.23393"
"2070239227","1750400331","1.23393"
"1750400331","2111907452","0.233929"
"2111907452","1750400331","0.233929"
"1750400331","2139630871","0.442857"
"2139630871","1750400331","0.442857"
"1750400331","2140560937","0.650595"
"2140560937","1750400331","0.650595"
"1750400331","2165533591","0.505357"
"2165533591","1750400331","0.505357"
"2070239227","2111907452","2.23393"
"2111907452","2070239227","2.23393"
"2070239227","2117912850","0.233929"
"2117912850","2070239227","0.233929"
"2070239227","2140560937","0.733929"
"2140560937","2070239227","0.733929"
"2111907452","2117912850","0.233929"
"2117912850","2111907452","0.233929"
"2111907452","2139630871","0.1"
"2139630871","2111907452","0.1"
"2111907452","2140560937","0.233929"
"2140560937","2111907452","0.233929"
"2111907452","2165533591","0.1625"
"2165533591","2111907452","0.1625"
"2117912850","2139630871","0.242857"
"2139630871","2117912850","0.242857"
"2117912850","2140560937","2.51726"
"2140560937","2117912850","2.51726"
"2117912850","2165533591","0.472024"
"2165533591","2117912850","0.472024"
"2139630871","2140560937","0.1"
"2140560937","2139630871","0.1"
"2139630871","2165533591","1.44286"
"2165533591","2139630871","1.44286"
"2140560937","2165533591","1.6625"
"2165533591","2140560937","1.6625"
"1546758596","191428099","0.166667"
"191428099","1546758596","0.166667"
"1546758596","2130825897","0.166667"
"2130825897","1546758596","0.166667"
"1546758596","2163229252","0.166667"
"2163229252","1546758596","0.166667"
"1555769432","191428099","0.340278"
"191428099","1555769432","0.340278"
"1555769432","2118686577","0.166667"
"2118686577","1555769432","0.166667"
"1555769432","2163229252","0.277778"
"2163229252","1555769432","0.277778"
"191428099","2118686577","0.166667"
"2118686577","191428099","0.166667"
"191428099","2130825897","0.5"
"2130825897","191428099","0.5"
"191428099","2139630871","0.75"
"2139630871","191428099","0.75"
"191428099","2163229252","0.277778"
"2163229252","191428099","0.277778"
"2118686577","2130825897","0.166667"
"2130825897","2118686577","0.166667"
"2118686577","2139630871","0.791667"
"2139630871","2118686577","0.791667"
"2130825897","2163229252","0.166667"
"2163229252","2130825897","0.166667"
"1555769432","2086366526","0.229167"
"2086366526","1555769432","0.229167"
"1555769432","2113402330","0.758929"
"2113402330","1555769432","0.758929"
"1582568099","2086366526","0.429167"
"2086366526","1582568099","0.429167"
"1582568099","2113402330","0.500595"
"2113402330","1582568099","0.500595"
"2086366526","2113402330","0.429167"
"2113402330","2086366526","0.429167"
"2086366526","2117912850","0.429167"
"2117912850","2086366526","0.429167"
"2086366526","2140560937","0.7625"
"2140560937","2086366526","0.7625"
"2113402330","2140560937","2.41726"
"2140560937","2113402330","2.41726"
"2113402330","2165533591","0.229167"
"2165533591","2113402330","0.229167"
"1555769432","2147268451","0.2"
"2147268451","1555769432","0.2"
"2056409500","2147268451","0.342857"
"2147268451","2056409500","0.342857"
"2056409500","2165533591","0.342857"
"2165533591","2056409500","0.342857"
"2139630871","2147268451","0.342857"
"2147268451","2139630871","0.342857"
"2147268451","2165533591","0.342857"
"2165533591","2147268451","0.342857"
"1555769432","1565544681","0.625"
"1565544681","1555769432","0.625"
"1555769432","1993886441","1.19643"
"1993886441","1555769432","1.19643"
"1555769432","2105993558","0.125"
"2105993558","1555769432","0.125"
"1555769432","2114662279","0.125"
"2114662279","1555769432","0.125"
"1555769432","2120928710","0.125"
"2120928710","1555769432","0.125"
"1565544681","1601762405","0.125"
"1601762405","1565544681","0.125"
"1565544681","1750400331","0.125"
"1750400331","1565544681","0.125"
"1565544681","1993886441","0.125"
"1993886441","1565544681","0.125"
"1565544681","2105993558","0.458333"
"2105993558","1565544681","0.458333"
"1565544681","2113402330","0.125"
"2113402330","1565544681","0.125"
"1565544681","2114662279","0.125"
"2114662279","1565544681","0.125"
"1565544681","2120928710","0.125"
"2120928710","1565544681","0.125"
"1601762405","1993886441","0.196429"
"1993886441","1601762405","0.196429"
"1601762405","2105993558","1.90833"
"2105993558","1601762405","1.90833"
"1601762405","2113402330","0.508929"
"2113402330","1601762405","0.508929"
"1601762405","2120928710","0.125"
"2120928710","1601762405","0.125"
"1750400331","2114662279","0.125"
"2114662279","1750400331","0.125"
"1750400331","2120928710","0.125"
"2120928710","1750400331","0.125"
"1993886441","2113402330","0.196429"
"2113402330","1993886441","0.196429"
"1993886441","2114662279","1.625"
"2114662279","1993886441","1.625"
"1993886441","2120928710","1.125"
"2120928710","1993886441","1.125"
"2105993558","2113402330","1.125"
"2113402330","2105993558","1.125"
"2105993558","2120928710","0.125"
"2120928710","2105993558","0.125"
"2113402330","2114662279","0.125"
"2114662279","2113402330","0.125"
"2113402330","2120928710","0.125"
"2120928710","2113402330","0.125"
"2130825897","2140560937","0.5"
"2140560937","2130825897","0.5"
"1565544681","2111907452","0.5"
"2111907452","1565544681","0.5"
"2070239227","2113402330","1.46726"
"2113402330","2070239227","1.46726"
"2113402330","2115681683","0.333333"
"2115681683","2113402330","0.333333"
"1555769432","2162868766","0.111111"
"2162868766","1555769432","0.111111"
"1555769432","2912589882","0.111111"
"2912589882","1555769432","0.111111"
"1555769432","2989593792","0.111111"
"2989593792","1555769432","0.111111"
"191428099","2109178347","0.111111"
"2109178347","191428099","0.111111"
"191428099","2138289350","0.111111"
"2138289350","191428099","0.111111"
"191428099","2162868766","0.111111"
"2162868766","191428099","0.111111"
"191428099","2783990178","0.311111"
"2783990178","191428099","0.311111"
"191428099","2912589882","0.111111"
"2912589882","191428099","0.111111"
"2070239227","2162868766","0.111111"
"2162868766","2070239227","0.111111"
"2070239227","2912589882","0.111111"
"2912589882","2070239227","0.111111"
"2109178347","2162868766","0.611111"
"2162868766","2109178347","0.611111"
"2109178347","2912589882","0.111111"
"2912589882","2109178347","0.111111"
"2109178347","2989593792","0.111111"
"2989593792","2109178347","0.111111"
"2138289350","2162868766","0.111111"
"2162868766","2138289350","0.111111"
"2138289350","2163229252","0.111111"
"2163229252","2138289350","0.111111"
"2138289350","2912589882","0.111111"
"2912589882","2138289350","0.111111"
"2138289350","2989593792","0.111111"
"2989593792","2138289350","0.111111"
"2162868766","2163229252","0.111111"
"2163229252","2162868766","0.111111"
"2162868766","2783990178","0.511111"
"2783990178","2162868766","0.511111"
"2162868766","2912589882","0.111111"
"2912589882","2162868766","0.111111"
"2162868766","2989593792","0.111111"
"2989593792","2162868766","0.111111"
"2163229252","2912589882","0.111111"
"2912589882","2163229252","0.111111"
"2163229252","2989593792","0.111111"
"2989593792","2163229252","0.111111"
"2783990178","2912589882","0.111111"
"2912589882","2783990178","0.111111"
"2783990178","2989593792","0.111111"
"2989593792","2783990178","0.111111"
"2912589882","2989593792","0.111111"
"2989593792","2912589882","0.111111"
"1993886441","2111907452","1.07143"
"2111907452","1993886441","1.07143"
"1555769432","2885460693","0.333333"
"2885460693","1555769432","0.333333"
"2140560937","2885460693","0.333333"
"2885460693","2140560937","0.333333"
"1555769432","2969679630","0.0714286"
"2969679630","1555769432","0.0714286"
"1582568099","2056409500","0.0714286"
"2056409500","1582568099","0.0714286"
"1582568099","2138289350","0.0714286"
"2138289350","1582568099","0.0714286"
"1582568099","2783990178","0.904762"
"2783990178","1582568099","0.904762"
"1582568099","2883247051","0.0714286"
"2883247051","1582568099","0.0714286"
"1582568099","2969679630","0.0714286"
"2969679630","1582568099","0.0714286"
"1601762405","2056409500","0.0714286"
"2056409500","1601762405","0.0714286"
"1601762405","2138289350","0.0714286"
"2138289350","1601762405","0.0714286"
"1601762405","2783990178","0.0714286"
"2783990178","1601762405","0.0714286"
"1601762405","2883247051","0.0714286"
"2883247051","1601762405","0.0714286"
"1601762405","2969679630","0.0714286"
"2969679630","1601762405","0.0714286"
"1750400331","2138289350","0.238095"
"2138289350","1750400331","0.238095"
"1750400331","2783990178","0.0714286"
"2783990178","1750400331","0.0714286"
"1750400331","2883247051","0.0714286"
"2883247051","1750400331","0.0714286"
"1750400331","2969679630","0.0714286"
"2969679630","1750400331","0.0714286"
"1993886441","2056409500","0.196429"
"2056409500","1993886441","0.196429"
"1993886441","2117912850","0.0714286"
"2117912850","1993886441","0.0714286"
"1993886441","2138289350","0.404762"
"2138289350","1993886441","0.404762"
"1993886441","2140560937","0.0714286"
"2140560937","1993886441","0.0714286"
"1993886441","2783990178","0.0714286"
"2783990178","1993886441","0.0714286"
"1993886441","2883247051","0.0714286"
"2883247051","1993886441","0.0714286"
"1993886441","2969679630","0.0714286"
"2969679630","1993886441","0.0714286"
"2056409500","2070239227","0.0714286"
"2070239227","2056409500","0.0714286"
"2056409500","2111907452","0.0714286"
"2111907452","2056409500","0.0714286"
"2056409500","2138289350","0.0714286"
"2138289350","2056409500","0.0714286"
"2056409500","2140560937","0.0714286"
"2140560937","2056409500","0.0714286"
"2056409500","2783990178","0.0714286"
"2783990178","2056409500","0.0714286"
"2056409500","2883247051","0.0714286"
"2883247051","2056409500","0.0714286"
"2056409500","2969679630","0.0714286"
"2969679630","2056409500","0.0714286"
"2070239227","2969679630","0.0714286"
"2969679630","2070239227","0.0714286"
"2111907452","2113402330","0.133929"
"2113402330","2111907452","0.133929"
"2111907452","2138289350","0.0714286"
"2138289350","2111907452","0.0714286"
"2111907452","2783990178","0.0714286"
"2783990178","2111907452","0.0714286"
"2111907452","2883247051","0.0714286"
"2883247051","2111907452","0.0714286"
"2111907452","2969679630","0.0714286"
"2969679630","2111907452","0.0714286"
"2113402330","2138289350","0.238095"
"2138289350","2113402330","0.238095"
"2113402330","2783990178","0.0714286"
"2783990178","2113402330","0.0714286"
"2113402330","2883247051","0.0714286"
"2883247051","2113402330","0.0714286"
"2113402330","2969679630","0.0714286"
"2969679630","2113402330","0.0714286"
"2117912850","2138289350","0.238095"
"2138289350","2117912850","0.238095"
"2117912850","2783990178","0.0714286"
"2783990178","2117912850","0.0714286"
"2117912850","2883247051","0.0714286"
"2883247051","2117912850","0.0714286"
"2117912850","2969679630","0.0714286"
"2969679630","2117912850","0.0714286"
"2138289350","2140560937","0.238095"
"2140560937","2138289350","0.238095"
"2138289350","2969679630","0.0714286"
"2969679630","2138289350","0.0714286"
"2140560937","2783990178","0.0714286"
"2783990178","2140560937","0.0714286"
"2140560937","2883247051","0.0714286"
"2883247051","2140560937","0.0714286"
"2140560937","2969679630","0.0714286"
"2969679630","2140560937","0.0714286"
"2783990178","2969679630","0.0714286"
"2969679630","2783990178","0.0714286"
"2883247051","2969679630","0.0714286"
"2969679630","2883247051","0.0714286"
"1555769432","1607953426","0.0625"
"1607953426","1555769432","0.0625"
"1555769432","2006862253","0.0625"
"2006862253","1555769432","0.0625"
"1555769432","2142079217","0.0625"
"2142079217","1555769432","0.0625"
"1555769432","2990109202","0.0625"
"2990109202","1555769432","0.0625"
"1555769432","47325209","0.0625"
"47325209","1555769432","0.0625"
"1582568099","1607953426","0.0625"
"1607953426","1582568099","0.0625"
"1582568099","191428099","0.0625"
"191428099","1582568099","0.0625"
"1582568099","2006862253","0.2625"
"2006862253","1582568099","0.2625"
"1582568099","2142079217","0.0625"
"2142079217","1582568099","0.0625"
"1582568099","2990109202","0.0625"
"2990109202","1582568099","0.0625"
"1582568099","47325209","0.0625"
"47325209","1582568099","0.0625"
"1601762405","1607953426","0.0625"
"1607953426","1601762405","0.0625"
"1601762405","191428099","0.0625"
"191428099","1601762405","0.0625"
"1601762405","2006862253","0.0625"
"2006862253","1601762405","0.0625"
"1601762405","2086366526","0.0625"
"2086366526","1601762405","0.0625"
"1601762405","2142079217","0.0625"
"2142079217","1601762405","0.0625"
"1601762405","2990109202","0.0625"
"2990109202","1601762405","0.0625"
"1601762405","47325209","0.0625"
"47325209","1601762405","0.0625"
"1607953426","191428099","0.395833"
"191428099","1607953426","0.395833"
"1607953426","2006862253","0.729167"
"2006862253","1607953426","0.729167"
"1607953426","2070239227","0.0625"
"2070239227","1607953426","0.0625"
"1607953426","2086366526","0.729167"
"2086366526","1607953426","0.729167"
"1607953426","2111907452","0.0625"
"2111907452","1607953426","0.0625"
"1607953426","2113402330","0.0625"
"2113402330","1607953426","0.0625"
"1607953426","2117912850","0.5625"
"2117912850","1607953426","0.5625"
"1607953426","2140560937","0.395833"
"2140560937","1607953426","0.395833"
"1607953426","2142079217","1.89583"
"2142079217","1607953426","1.89583"
"1607953426","2165533591","0.0625"
"2165533591","1607953426","0.0625"
"1607953426","2990109202","0.0625"
"2990109202","1607953426","0.0625"
"1607953426","47325209","0.0625"
"47325209","1607953426","0.0625"
"1750400331","191428099","0.395833"
"191428099","1750400331","0.395833"
"1750400331","2006862253","0.0625"
"2006862253","1750400331","0.0625"
"1750400331","2086366526","0.0625"
"2086366526","1750400331","0.0625"
"1750400331","2142079217","0.0625"
"2142079217","1750400331","0.0625"
"1750400331","2990109202","0.0625"
"2990109202","1750400331","0.0625"
"1750400331","47325209","0.0625"
"47325209","1750400331","0.0625"
"191428099","2006862253","0.645833"
"2006862253","191428099","0.645833"
"191428099","2111907452","0.0625"
"2111907452","191428099","0.0625"
"191428099","2113402330","0.395833"
"2113402330","191428099","0.395833"
"191428099","2117912850","0.0625"
"2117912850","191428099","0.0625"
"191428099","2140560937","0.0625"
"2140560937","191428099","0.0625"
"191428099","47325209","0.0625"
"47325209","191428099","0.0625"
"2006862253","2070239227","0.0625"
"2070239227","2006862253","0.0625"
"2006862253","2086366526","1.17917"
"2086366526","2006862253","1.17917"
"2006862253","2111907452","0.0625"
"2111907452","2006862253","0.0625"
"2006862253","2113402330","0.2625"
"2113402330","2006862253","0.2625"
"2006862253","2117912850","0.2625"
"2117912850","2006862253","0.2625"
"2006862253","2140560937","1.2625"
"2140560937","2006862253","1.2625"
"2006862253","2142079217","0.0625"
"2142079217","2006862253","0.0625"
"2006862253","2165533591","0.3125"
"2165533591","2006862253","0.3125"
"2006862253","2990109202","0.0625"
"2990109202","2006862253","0.0625"
"2006862253","47325209","0.0625"
"47325209","2006862253","0.0625"
"2070239227","47325209","0.0625"
"47325209","2070239227","0.0625"
"2086366526","2111907452","0.0625"
"2111907452","2086366526","0.0625"
"2086366526","47325209","0.0625"
"47325209","2086366526","0.0625"
"2111907452","2142079217","0.0625"
"2142079217","2111907452","0.0625"
"2111907452","2990109202","0.0625"
"2990109202","2111907452","0.0625"
"2111907452","47325209","0.0625"
"47325209","2111907452","0.0625"
"2113402330","2142079217","0.0625"
"2142079217","2113402330","0.0625"
"2113402330","2990109202","0.0625"
"2990109202","2113402330","0.0625"
