"1001914638","2171183793","1"
"2171183793","1001914638","1"
"1001914638","2155216993","1.25"
"2155216993","1001914638","1.25"
"1001914638","2006281752","1.5"
"2006281752","1001914638","1.5"
"1001914638","2150553064","1.25"
"2150553064","1001914638","1.25"
"1001914638","1993473683","0.25"
"1993473683","1001914638","0.25"
"1001914638","2044750237","0.25"
"2044750237","1001914638","0.25"
"1993473683","2044750237","0.25"
"2044750237","1993473683","0.25"
"1993473683","2150553064","0.25"
"2150553064","1993473683","0.25"
"1993473683","2155216993","0.375"
"2155216993","1993473683","0.375"
"2044750237","2150553064","0.25"
"2150553064","2044750237","0.25"
"2044750237","2155216993","1.58333"
"2155216993","2044750237","1.58333"
"2150553064","2155216993","0.326923"
"2155216993","2150553064","0.326923"
"1001914638","1594615147","0.5"
"1594615147","1001914638","0.5"
"1594615147","2006281752","5.20192"
"2006281752","1594615147","5.20192"
"124642316","2037562879","0.142857"
"2037562879","124642316","0.142857"
"124642316","2081799682","0.21978"
"2081799682","124642316","0.21978"
"124642316","2110879871","0.21978"
"2110879871","124642316","0.21978"
"124642316","2121200401","0.142857"
"2121200401","124642316","0.142857"
"124642316","2138868031","0.21978"
"2138868031","124642316","0.21978"
"124642316","2149196518","0.21978"
"2149196518","124642316","0.21978"
"124642316","2625172673","0.642857"
"2625172673","124642316","0.642857"
"2037562879","2081799682","0.142857"
"2081799682","2037562879","0.142857"
"2037562879","2110879871","0.142857"
"2110879871","2037562879","0.142857"
"2037562879","2121200401","0.142857"
"2121200401","2037562879","0.142857"
"2037562879","2138868031","4.64286"
"2138868031","2037562879","4.64286"
"2037562879","2149196518","3.64286"
"2149196518","2037562879","3.64286"
"2037562879","2625172673","0.142857"
"2625172673","2037562879","0.142857"
"2081799682","2110879871","26.3626"
"2110879871","2081799682","26.3626"
"2081799682","2121200401","0.142857"
"2121200401","2081799682","0.142857"
"2081799682","2138868031","0.21978"
"2138868031","2081799682","0.21978"
"2081799682","2149196518","0.21978"
"2149196518","2081799682","0.21978"
"2081799682","2625172673","0.142857"
"2625172673","2081799682","0.142857"
"2110879871","2121200401","0.142857"
"2121200401","2110879871","0.142857"
"2110879871","2138868031","0.21978"
"2138868031","2110879871","0.21978"
"2110879871","2149196518","0.21978"
"2149196518","2110879871","0.21978"
"2110879871","2625172673","0.142857"
"2625172673","2110879871","0.142857"
"2121200401","2138868031","0.142857"
"2138868031","2121200401","0.142857"
"2121200401","2149196518","0.142857"
"2149196518","2121200401","0.142857"
"2121200401","2625172673","0.142857"
"2625172673","2121200401","0.142857"
"2138868031","2149196518","4.71978"
"2149196518","2138868031","4.71978"
"2138868031","2625172673","0.142857"
"2625172673","2138868031","0.142857"
"2149196518","2625172673","0.142857"
"2625172673","2149196518","0.142857"
"124642316","2155216993","4.57692"
"2155216993","124642316","4.57692"
"124642316","1587179840","0.0769231"
"1587179840","124642316","0.0769231"
"124642316","1594615147","0.0769231"
"1594615147","124642316","0.0769231"
"124642316","163866638","0.0769231"
"163866638","124642316","0.0769231"
"124642316","2006281752","0.0769231"
"2006281752","124642316","0.0769231"
"124642316","2013166333","0.0769231"
"2013166333","124642316","0.0769231"
"124642316","2066741724","0.0769231"
"2066741724","124642316","0.0769231"
"124642316","2122648933","0.0769231"
"2122648933","124642316","0.0769231"
"124642316","2150553064","0.0769231"
"2150553064","124642316","0.0769231"
"1587179840","1594615147","1.57692"
"1594615147","1587179840","1.57692"
"1587179840","163866638","0.576923"
"163866638","1587179840","0.576923"
"1587179840","2006281752","2.07692"
"2006281752","1587179840","2.07692"
"1587179840","2013166333","0.0769231"
"2013166333","1587179840","0.0769231"
"1587179840","2066741724","0.0769231"
"2066741724","1587179840","0.0769231"
"1587179840","2081799682","0.576923"
"2081799682","1587179840","0.576923"
"1587179840","2110879871","0.576923"
"2110879871","1587179840","0.576923"
"1587179840","2122648933","0.0769231"
"2122648933","1587179840","0.0769231"
"1587179840","2138868031","0.0769231"
"2138868031","1587179840","0.0769231"
"1587179840","2149196518","0.0769231"
"2149196518","1587179840","0.0769231"
"1587179840","2150553064","0.0769231"
"2150553064","1587179840","0.0769231"
"1587179840","2155216993","0.0769231"
"2155216993","1587179840","0.0769231"
"1594615147","163866638","2.57692"
"163866638","1594615147","2.57692"
"1594615147","2013166333","0.0769231"
"2013166333","1594615147","0.0769231"
"1594615147","2066741724","0.201923"
"2066741724","1594615147","0.201923"
"1594615147","2081799682","0.0769231"
"2081799682","1594615147","0.0769231"
"1594615147","2110879871","0.0769231"
"2110879871","1594615147","0.0769231"
"1594615147","2122648933","0.0769231"
"2122648933","1594615147","0.0769231"
"1594615147","2138868031","0.0769231"
"2138868031","1594615147","0.0769231"
"1594615147","2149196518","0.0769231"
"2149196518","1594615147","0.0769231"
"1594615147","2150553064","0.0769231"
"2150553064","1594615147","0.0769231"
"1594615147","2155216993","0.201923"
"2155216993","1594615147","0.201923"
"163866638","2006281752","0.0769231"
"2006281752","163866638","0.0769231"
"163866638","2013166333","0.0769231"
"2013166333","163866638","0.0769231"
"163866638","2066741724","0.0769231"
"2066741724","163866638","0.0769231"
"163866638","2081799682","0.0769231"
"2081799682","163866638","0.0769231"
"163866638","2110879871","0.0769231"
"2110879871","163866638","0.0769231"
"163866638","2122648933","0.0769231"
"2122648933","163866638","0.0769231"
"163866638","2138868031","0.0769231"
"2138868031","163866638","0.0769231"
"163866638","2149196518","0.0769231"
"2149196518","163866638","0.0769231"
"163866638","2150553064","0.0769231"
"2150553064","163866638","0.0769231"
"163866638","2155216993","0.0769231"
"2155216993","163866638","0.0769231"
"2006281752","2013166333","0.0769231"
"2013166333","2006281752","0.0769231"
"2006281752","2066741724","0.201923"
"2066741724","2006281752","0.201923"
"2006281752","2081799682","0.0769231"
"2081799682","2006281752","0.0769231"
"2006281752","2110879871","0.0769231"
"2110879871","2006281752","0.0769231"
"2006281752","2122648933","0.0769231"
"2122648933","2006281752","0.0769231"
"2006281752","2138868031","0.0769231"
"2138868031","2006281752","0.0769231"
"2006281752","2149196518","0.0769231"
"2149196518","2006281752","0.0769231"
"2006281752","2150553064","0.0769231"
"2150553064","2006281752","0.0769231"
"2006281752","2155216993","0.201923"
"2155216993","2006281752","0.201923"
"2013166333","2066741724","0.0769231"
"2066741724","2013166333","0.0769231"
"2013166333","2081799682","0.0769231"
"2081799682","2013166333","0.0769231"
"2013166333","2110879871","0.0769231"
"2110879871","2013166333","0.0769231"
"2013166333","2122648933","0.0769231"
"2122648933","2013166333","0.0769231"
"2013166333","2138868031","0.0769231"
"2138868031","2013166333","0.0769231"
"2013166333","2149196518","0.0769231"
"2149196518","2013166333","0.0769231"
"2013166333","2150553064","3.57692"
"2150553064","2013166333","3.57692"
"2013166333","2155216993","0.0769231"
"2155216993","2013166333","0.0769231"
"2066741724","2081799682","0.71978"
"2081799682","2066741724","0.71978"
"2066741724","2110879871","0.21978"
"2110879871","2066741724","0.21978"
"2066741724","2122648933","0.610256"
"2122648933","2066741724","0.610256"
"2066741724","2138868031","0.0769231"
"2138868031","2066741724","0.0769231"
"2066741724","2149196518","0.0769231"
"2149196518","2066741724","0.0769231"
"2066741724","2150553064","0.0769231"
"2150553064","2066741724","0.0769231"
"2066741724","2155216993","0.201923"
"2155216993","2066741724","0.201923"
"2081799682","2122648933","0.0769231"
"2122648933","2081799682","0.0769231"
"2081799682","2150553064","0.0769231"
"2150553064","2081799682","0.0769231"
"2081799682","2155216993","0.0769231"
"2155216993","2081799682","0.0769231"
"2110879871","2122648933","0.0769231"
"2122648933","2110879871","0.0769231"
"2110879871","2150553064","0.0769231"
"2150553064","2110879871","0.0769231"
"2110879871","2155216993","0.0769231"
"2155216993","2110879871","0.0769231"
"2122648933","2138868031","0.0769231"
"2138868031","2122648933","0.0769231"
"2122648933","2149196518","0.0769231"
"2149196518","2122648933","0.0769231"
"2122648933","2150553064","0.0769231"
"2150553064","2122648933","0.0769231"
"2122648933","2155216993","0.0769231"
"2155216993","2122648933","0.0769231"
"2138868031","2150553064","2.07692"
"2150553064","2138868031","2.07692"
"2138868031","2155216993","0.0769231"
"2155216993","2138868031","0.0769231"
"2149196518","2150553064","0.0769231"
"2150553064","2149196518","0.0769231"
"2149196518","2155216993","0.0769231"
"2155216993","2149196518","0.0769231"
"2155216993","2625172673","1.5"
"2625172673","2155216993","1.5"
"1489773613","2104493224","1.33333"
"2104493224","1489773613","1.33333"
"1489773613","2965669889","1.33333"
"2965669889","1489773613","1.33333"
"2104493224","2965669889","53.1667"
"2965669889","2104493224","53.1667"
"1489773613","2066741724","0.333333"
"2066741724","1489773613","0.333333"
"2066741724","2104493224","6.33333"
"2104493224","2066741724","6.33333"
"2066741724","2965669889","2.33333"
"2965669889","2066741724","2.33333"
"1594615147","3025239258","2.5"
"3025239258","1594615147","2.5"
"1594615147","175115554","1.125"
"175115554","1594615147","1.125"
"1594615147","1899869557","0.125"
"1899869557","1594615147","0.125"
"1594615147","1993473683","0.125"
"1993473683","1594615147","0.125"
"1594615147","2118672396","0.125"
"2118672396","1594615147","0.125"
"1594615147","2145483658","0.125"
"2145483658","1594615147","0.125"
"175115554","1899869557","0.325"
"1899869557","175115554","0.325"
"175115554","1993473683","0.125"
"1993473683","175115554","0.125"
"175115554","2006281752","0.125"
"2006281752","175115554","0.125"
"175115554","2066741724","0.325"
"2066741724","175115554","0.325"
"175115554","2118672396","0.125"
"2118672396","175115554","0.125"
"175115554","2145483658","0.125"
"2145483658","175115554","0.125"
"175115554","2155216993","0.125"
"2155216993","175115554","0.125"
"1899869557","1993473683","0.267857"
"1993473683","1899869557","0.267857"
"1899869557","2006281752","0.125"
"2006281752","1899869557","0.125"
"1899869557","2066741724","0.967857"
"2066741724","1899869557","0.967857"
"1899869557","2118672396","0.125"
"2118672396","1899869557","0.125"
"1899869557","2145483658","0.267857"
"2145483658","1899869557","0.267857"
"1899869557","2155216993","0.125"
"2155216993","1899869557","0.125"
"1993473683","2006281752","0.125"
"2006281752","1993473683","0.125"
"1993473683","2066741724","0.60119"
"2066741724","1993473683","0.60119"
"1993473683","2118672396","0.125"
"2118672396","1993473683","0.125"
"1993473683","2145483658","0.267857"
"2145483658","1993473683","0.267857"
"2006281752","2118672396","0.125"
"2118672396","2006281752","0.125"
"2006281752","2145483658","0.125"
"2145483658","2006281752","0.125"
"2066741724","2118672396","0.125"
"2118672396","2066741724","0.125"
"2066741724","2145483658","0.267857"
"2145483658","2066741724","0.267857"
"2118672396","2145483658","2.125"
"2145483658","2118672396","2.125"
"2118672396","2155216993","0.125"
"2155216993","2118672396","0.125"
"2145483658","2155216993","0.125"
"2155216993","2145483658","0.125"
"2006281752","3025239258","0.5"
"3025239258","2006281752","0.5"
"175115554","1788066687","0.2"
"1788066687","175115554","0.2"
"175115554","2122648933","0.2"
"2122648933","175115554","0.2"
"175115554","2188867165","0.2"
"2188867165","175115554","0.2"
"1788066687","1899869557","0.342857"
"1899869557","1788066687","0.342857"
"1788066687","2066741724","0.342857"
"2066741724","1788066687","0.342857"
"1788066687","2122648933","0.2"
"2122648933","1788066687","0.2"
"1788066687","2188867165","0.342857"
"2188867165","1788066687","0.342857"
"1899869557","2122648933","0.2"
"2122648933","1899869557","0.2"
"1899869557","2188867165","0.342857"
"2188867165","1899869557","0.342857"
"2066741724","2188867165","2.67619"
"2188867165","2066741724","2.67619"
"2122648933","2188867165","2.53333"
"2188867165","2122648933","2.53333"
"175115554","2081799682","0.5"
"2081799682","175115554","0.5"
"175115554","2110879871","0.5"
"2110879871","175115554","0.5"
"175115554","2044750237","0.5"
"2044750237","175115554","0.5"
"175115554","2397989816","0.5"
"2397989816","175115554","0.5"
"2044750237","2397989816","0.833333"
"2397989816","2044750237","0.833333"
"1788066687","1993473683","0.142857"
"1993473683","1788066687","0.142857"
"1788066687","2081799682","0.142857"
"2081799682","1788066687","0.142857"
"1788066687","2110879871","0.142857"
"2110879871","1788066687","0.142857"
"1788066687","2145483658","0.142857"
"2145483658","1788066687","0.142857"
"1899869557","2081799682","0.642857"
"2081799682","1899869557","0.642857"
"1899869557","2110879871","0.142857"
"2110879871","1899869557","0.142857"
"1993473683","2081799682","0.142857"
"2081799682","1993473683","0.142857"
"1993473683","2110879871","0.142857"
"2110879871","1993473683","0.142857"
"1993473683","2188867165","0.47619"
"2188867165","1993473683","0.47619"
"2081799682","2145483658","0.142857"
"2145483658","2081799682","0.142857"
"2081799682","2188867165","0.142857"
"2188867165","2081799682","0.142857"
"2110879871","2145483658","0.142857"
"2145483658","2110879871","0.142857"
"2110879871","2188867165","0.142857"
"2188867165","2110879871","0.142857"
"2145483658","2188867165","0.142857"
"2188867165","2145483658","0.142857"
"1993473683","2122648933","0.333333"
"2122648933","1993473683","0.333333"
"1995609133","2037562879","1.66667"
"2037562879","1995609133","1.66667"
"1995609133","2138868031","0.666667"
"2138868031","1995609133","0.666667"
"1995609133","2149196518","0.666667"
"2149196518","1995609133","0.666667"
"2013166333","2118672396","1.5"
"2118672396","2013166333","1.5"
"2118672396","2150553064","3.5"
"2150553064","2118672396","3.5"
"2037562879","2160392289","2.33333"
"2160392289","2037562879","2.33333"
"2138868031","2160392289","2.33333"
"2160392289","2138868031","2.33333"
"2149196518","2160392289","0.333333"
"2160392289","2149196518","0.333333"
"2037904933","2625172673","4"
"2625172673","2037904933","4"
"2044750237","2171183793","0.333333"
"2171183793","2044750237","0.333333"
"2155216993","2171183793","0.333333"
"2171183793","2155216993","0.333333"
"2155216993","2397989816","0.333333"
"2397989816","2155216993","0.333333"
"2171183793","2397989816","1.83333"
"2397989816","2171183793","1.83333"
"2045873739","2793799199","2"
"2793799199","2045873739","2"
"2045873739","2089294647","0.5"
"2089294647","2045873739","0.5"
"2045873739","2104493224","0.5"
"2104493224","2045873739","0.5"
"2089294647","2104493224","25.3333"
"2104493224","2089294647","25.3333"
"2052178576","2793799199","1"
"2793799199","2052178576","1"
"2066741724","2089294647","9"
"2089294647","2066741724","9"
"2089294647","2965669889","6.83333"
"2965669889","2089294647","6.83333"
"2066741724","3025239258","1"
"3025239258","2066741724","1"
"2081799682","2397989816","3"
"2397989816","2081799682","3"
"2110879871","2397989816","1"
"2397989816","2110879871","1"
"2089294647","2793799199","1"
"2793799199","2089294647","1"
"2089294647","2188867165","0.333333"
"2188867165","2089294647","0.333333"
"2104493224","2188867165","0.333333"
"2188867165","2104493224","0.333333"
"2188867165","2965669889","0.333333"
"2965669889","2188867165","0.333333"
"2089294647","2839928120","1"
"2839928120","2089294647","1"
"2171183793","2938209292","0.5"
"2938209292","2171183793","0.5"
"2397989816","2938209292","0.5"
"2938209292","2397989816","0.5"
"2787212686","2795430344","1"
"2795430344","2787212686","1"
