"121327980","2159687211","3"
"2159687211","121327980","3"
"121327980","20121696","0.5"
"20121696","121327980","0.5"
"121327980","2016605235","0.166667"
"2016605235","121327980","0.166667"
"121327980","2033041202","1.5"
"2033041202","121327980","1.5"
"121327980","2043906561","0.5"
"2043906561","121327980","0.5"
"121327980","2096718268","1"
"2096718268","121327980","1"
"20121696","2016605235","0.166667"
"2016605235","20121696","0.166667"
"20121696","2033041202","4.66667"
"2033041202","20121696","4.66667"
"20121696","2043906561","0.166667"
"2043906561","20121696","0.166667"
"20121696","2096718268","0.166667"
"2096718268","20121696","0.166667"
"20121696","2159687211","0.166667"
"2159687211","20121696","0.166667"
"2016605235","2033041202","2"
"2033041202","2016605235","2"
"2016605235","2043906561","0.166667"
"2043906561","2016605235","0.166667"
"2016605235","2096718268","0.309524"
"2096718268","2016605235","0.309524"
"2016605235","2159687211","0.666667"
"2159687211","2016605235","0.666667"
"2033041202","2043906561","0.44359"
"2043906561","2033041202","0.44359"
"2033041202","2096718268","1.25"
"2096718268","2033041202","1.25"
"2033041202","2159687211","4.66667"
"2159687211","2033041202","4.66667"
"2043906561","2096718268","1.83333"
"2096718268","2043906561","1.83333"
"2043906561","2159687211","0.5"
"2159687211","2043906561","0.5"
"2096718268","2159687211","1"
"2159687211","2096718268","1"
"121327980","2048643321","0.333333"
"2048643321","121327980","0.333333"
"20121696","2048643321","0.333333"
"2048643321","20121696","0.333333"
"2033041202","2048643321","1.02692"
"2048643321","2033041202","1.02692"
"151081935","2045789720","2.20192"
"2045789720","151081935","2.20192"
"151081935","1965251545","0.0769231"
"1965251545","151081935","0.0769231"
"151081935","1965652718","0.701923"
"1965652718","151081935","0.701923"
"151081935","1979301159","0.0769231"
"1979301159","151081935","0.0769231"
"151081935","2033041202","0.0769231"
"2033041202","151081935","0.0769231"
"151081935","2043258212","0.201923"
"2043258212","151081935","0.201923"
"151081935","2043906561","0.0769231"
"2043906561","151081935","0.0769231"
"151081935","2047123409","0.0769231"
"2047123409","151081935","0.0769231"
"151081935","2048643321","0.0769231"
"2048643321","151081935","0.0769231"
"151081935","2151701102","0.0769231"
"2151701102","151081935","0.0769231"
"151081935","2395752687","0.201923"
"2395752687","151081935","0.201923"
"151081935","2516161677","0.201923"
"2516161677","151081935","0.201923"
"151081935","2588973091","0.0769231"
"2588973091","151081935","0.0769231"
"1965251545","1965652718","0.0769231"
"1965652718","1965251545","0.0769231"
"1965251545","1979301159","0.24359"
"1979301159","1965251545","0.24359"
"1965251545","2033041202","0.0769231"
"2033041202","1965251545","0.0769231"
"1965251545","2043258212","0.410256"
"2043258212","1965251545","0.410256"
"1965251545","2043906561","0.0769231"
"2043906561","1965251545","0.0769231"
"1965251545","2045789720","0.0769231"
"2045789720","1965251545","0.0769231"
"1965251545","2047123409","0.0769231"
"2047123409","1965251545","0.0769231"
"1965251545","2048643321","0.0769231"
"2048643321","1965251545","0.0769231"
"1965251545","2151701102","0.0769231"
"2151701102","1965251545","0.0769231"
"1965251545","2395752687","0.576923"
"2395752687","1965251545","0.576923"
"1965251545","2516161677","0.0769231"
"2516161677","1965251545","0.0769231"
"1965251545","2588973091","0.24359"
"2588973091","1965251545","0.24359"
"1965652718","1979301159","0.301923"
"1979301159","1965652718","0.301923"
"1965652718","2033041202","0.0769231"
"2033041202","1965652718","0.0769231"
"1965652718","2043258212","3.56978"
"2043258212","1965652718","3.56978"
"1965652718","2043906561","0.176923"
"2043906561","1965652718","0.176923"
"1965652718","2045789720","0.426923"
"2045789720","1965652718","0.426923"
"1965652718","2047123409","0.0769231"
"2047123409","1965652718","0.0769231"
"1965652718","2048643321","0.31978"
"2048643321","1965652718","0.31978"
"1965652718","2151701102","0.176923"
"2151701102","1965652718","0.176923"
"1965652718","2395752687","0.34478"
"2395752687","1965652718","0.34478"
"1965652718","2516161677","0.201923"
"2516161677","1965652718","0.201923"
"1965652718","2588973091","0.0769231"
"2588973091","1965652718","0.0769231"
"1979301159","2033041202","4.66026"
"2033041202","1979301159","4.66026"
"1979301159","2043258212","0.385256"
"2043258212","1979301159","0.385256"
"1979301159","2043906561","0.176923"
"2043906561","1979301159","0.176923"
"1979301159","2045789720","5.76145"
"2045789720","1979301159","5.76145"
"1979301159","2047123409","0.276923"
"2047123409","1979301159","0.276923"
"1979301159","2048643321","0.653114"
"2048643321","1979301159","0.653114"
"1979301159","2151701102","1.76026"
"2151701102","1979301159","1.76026"
"1979301159","2395752687","3.55311"
"2395752687","1979301159","3.55311"
"1979301159","2516161677","0.326923"
"2516161677","1979301159","0.326923"
"1979301159","2588973091","0.326923"
"2588973091","1979301159","0.326923"
"2033041202","2043258212","0.160256"
"2043258212","2033041202","0.160256"
"2033041202","2045789720","2.19359"
"2045789720","2033041202","2.19359"
"2033041202","2047123409","0.0769231"
"2047123409","2033041202","0.0769231"
"2033041202","2151701102","0.160256"
"2151701102","2033041202","0.160256"
"2033041202","2395752687","1.52692"
"2395752687","2033041202","1.52692"
"2033041202","2516161677","0.660256"
"2516161677","2033041202","0.660256"
"2033041202","2588973091","0.160256"
"2588973091","2033041202","0.160256"
"2043258212","2043906561","1.17692"
"2043906561","2043258212","1.17692"
"2043258212","2045789720","0.510256"
"2045789720","2043258212","0.510256"
"2043258212","2047123409","0.0769231"
"2047123409","2043258212","0.0769231"
"2043258212","2048643321","0.403114"
"2048643321","2043258212","0.403114"
"2043258212","2151701102","0.260256"
"2151701102","2043258212","0.260256"
"2043258212","2395752687","0.761447"
"2395752687","2043258212","0.761447"
"2043258212","2516161677","0.285256"
"2516161677","2043258212","0.285256"
"2043258212","2588973091","0.160256"
"2588973091","2043258212","0.160256"
"2043906561","2045789720","0.376923"
"2045789720","2043906561","0.376923"
"2043906561","2047123409","0.0769231"
"2047123409","2043906561","0.0769231"
"2043906561","2048643321","0.376923"
"2048643321","2043906561","0.376923"
"2043906561","2151701102","0.176923"
"2151701102","2043906561","0.176923"
"2043906561","2395752687","0.276923"
"2395752687","2043906561","0.276923"
"2043906561","2516161677","0.0769231"
"2516161677","2043906561","0.0769231"
"2043906561","2588973091","0.0769231"
"2588973091","2043906561","0.0769231"
"2045789720","2047123409","0.276923"
"2047123409","2045789720","0.276923"
"2045789720","2048643321","1.18645"
"2048643321","2045789720","1.18645"
"2045789720","2151701102","7.96026"
"2151701102","2045789720","7.96026"
"2045789720","2395752687","1.04478"
"2395752687","2045789720","1.04478"
"2045789720","2516161677","0.785256"
"2516161677","2045789720","0.785256"
"2045789720","2588973091","0.160256"
"2588973091","2045789720","0.160256"
"2047123409","2048643321","0.0769231"
"2048643321","2047123409","0.0769231"
"2047123409","2151701102","0.0769231"
"2151701102","2047123409","0.0769231"
"2047123409","2395752687","0.0769231"
"2395752687","2047123409","0.0769231"
"2047123409","2516161677","0.0769231"
"2516161677","2047123409","0.0769231"
"2047123409","2588973091","0.0769231"
"2588973091","2047123409","0.0769231"
"2048643321","2151701102","0.260256"
"2151701102","2048643321","0.260256"
"2048643321","2395752687","3.02097"
"2395752687","2048643321","3.02097"
"2048643321","2516161677","0.49359"
"2516161677","2048643321","0.49359"
"2048643321","2588973091","0.160256"
"2588973091","2048643321","0.160256"
"2151701102","2395752687","0.160256"
"2395752687","2151701102","0.160256"
"2151701102","2516161677","0.160256"
"2516161677","2151701102","0.160256"
"2151701102","2588973091","0.160256"
"2588973091","2151701102","0.160256"
"2395752687","2516161677","0.451923"
"2516161677","2395752687","0.451923"
"2395752687","2588973091","0.526923"
"2588973091","2395752687","0.526923"
"2516161677","2588973091","0.160256"
"2588973091","2516161677","0.160256"
"151081935","1994723148","0.5"
"1994723148","151081935","0.5"
"1965652718","1994723148","0.725"
"1994723148","1965652718","0.725"
"151081935","2016969677","0.125"
"2016969677","151081935","0.125"
"151081935","2153009071","0.125"
"2153009071","151081935","0.125"
"151081935","2752793120","0.125"
"2752793120","151081935","0.125"
"1965652718","2016969677","0.492857"
"2016969677","1965652718","0.492857"
"1965652718","2153009071","0.125"
"2153009071","1965652718","0.125"
"1965652718","2752793120","0.25"
"2752793120","1965652718","0.25"
"2016969677","2043258212","1.57619"
"2043258212","2016969677","1.57619"
"2016969677","2045789720","2.69286"
"2045789720","2016969677","2.69286"
"2016969677","2153009071","0.125"
"2153009071","2016969677","0.125"
"2016969677","2395752687","1.07738"
"2395752687","2016969677","1.07738"
"2016969677","2516161677","0.684524"
"2516161677","2016969677","0.684524"
"2016969677","2752793120","1.39286"
"2752793120","2016969677","1.39286"
"2043258212","2153009071","0.125"
"2153009071","2043258212","0.125"
"2043258212","2752793120","0.25"
"2752793120","2043258212","0.25"
"2045789720","2153009071","0.125"
"2153009071","2045789720","0.125"
"2045789720","2752793120","0.75"
"2752793120","2045789720","0.75"
"2153009071","2395752687","0.95"
"2395752687","2153009071","0.95"
"2153009071","2516161677","0.125"
"2516161677","2153009071","0.125"
"2153009071","2752793120","0.625"
"2752793120","2153009071","0.625"
"2395752687","2752793120","3.625"
"2752793120","2395752687","3.625"
"2516161677","2752793120","0.467857"
"2752793120","2516161677","0.467857"
"1592032296","1965251545","0.833333"
"1965251545","1592032296","0.833333"
"1592032296","2573613236","0.833333"
"2573613236","1592032296","0.833333"
"1592032296","2583819574","0.333333"
"2583819574","1592032296","0.333333"
"1965251545","2573613236","0.958333"
"2573613236","1965251545","0.958333"
"1965251545","2583819574","0.666667"
"2583819574","1965251545","0.666667"
"2573613236","2583819574","0.333333"
"2583819574","2573613236","0.333333"
"1592032296","2753192334","1.5"
"2753192334","1592032296","1.5"
"1592032296","2943113167","0.5"
"2943113167","1592032296","0.5"
"2753192334","2943113167","0.642857"
"2943113167","2753192334","0.642857"
"1965251545","2110854573","0.166667"
"2110854573","1965251545","0.166667"
"1965251545","2153009071","0.166667"
"2153009071","1965251545","0.166667"
"1965251545","2752793120","0.166667"
"2752793120","1965251545","0.166667"
"1979301159","2110854573","0.291667"
"2110854573","1979301159","0.291667"
"1979301159","2153009071","0.5"
"2153009071","1979301159","0.5"
"1979301159","2752793120","0.625"
"2752793120","1979301159","0.625"
"2110854573","2153009071","0.166667"
"2153009071","2110854573","0.166667"
"2110854573","2395752687","0.366667"
"2395752687","2110854573","0.366667"
"2110854573","2588973091","0.166667"
"2588973091","2110854573","0.166667"
"2110854573","2752793120","0.491667"
"2752793120","2110854573","0.491667"
"2153009071","2588973091","1.36667"
"2588973091","2153009071","1.36667"
"2588973091","2752793120","0.166667"
"2752793120","2588973091","0.166667"
"1965251545","2045446942","0.125"
"2045446942","1965251545","0.125"
"1965251545","2135796521","0.125"
"2135796521","1965251545","0.125"
"1965251545","2753192334","0.125"
"2753192334","1965251545","0.125"
"1965251545","2810961898","0.125"
"2810961898","1965251545","0.125"
"1965251545","2892096730","0.125"
"2892096730","1965251545","0.125"
"1965251545","2898849581","0.125"
"2898849581","1965251545","0.125"
"1965251545","2969443926","0.125"
"2969443926","1965251545","0.125"
"2045446942","2135796521","0.125"
"2135796521","2045446942","0.125"
"2045446942","2573613236","0.125"
"2573613236","2045446942","0.125"
"2045446942","2753192334","0.125"
"2753192334","2045446942","0.125"
"2045446942","2810961898","0.125"
"2810961898","2045446942","0.125"
"2045446942","2892096730","0.125"
"2892096730","2045446942","0.125"
"2045446942","2898849581","1.125"
"2898849581","2045446942","1.125"
"2045446942","2969443926","0.125"
"2969443926","2045446942","0.125"
"2135796521","2573613236","0.125"
"2573613236","2135796521","0.125"
"2135796521","2753192334","0.125"
"2753192334","2135796521","0.125"
"2135796521","2810961898","0.125"
"2810961898","2135796521","0.125"
"2135796521","2892096730","0.125"
"2892096730","2135796521","0.125"
"2135796521","2898849581","1.125"
"2898849581","2135796521","1.125"
"2135796521","2969443926","0.125"
"2969443926","2135796521","0.125"
"2573613236","2753192334","1.625"
"2753192334","2573613236","1.625"
"2573613236","2810961898","0.125"
"2810961898","2573613236","0.125"
"2573613236","2892096730","1.375"
"2892096730","2573613236","1.375"
"2573613236","2898849581","2.375"
"2898849581","2573613236","2.375"
"2573613236","2969443926","1.875"
"2969443926","2573613236","1.875"
"2753192334","2810961898","1.125"
"2810961898","2753192334","1.125"
"2753192334","2892096730","0.625"
"2892096730","2753192334","0.625"
"2753192334","2898849581","0.125"
"2898849581","2753192334","0.125"
"2753192334","2969443926","1.625"
"2969443926","2753192334","1.625"
"2810961898","2892096730","0.125"
"2892096730","2810961898","0.125"
"2810961898","2898849581","0.125"
"2898849581","2810961898","0.125"
"2810961898","2969443926","1.125"
"2969443926","2810961898","1.125"
"2892096730","2898849581","0.375"
"2898849581","2892096730","0.375"
"2892096730","2969443926","24.375"
"2969443926","2892096730","24.375"
"2898849581","2969443926","0.375"
"2969443926","2898849581","0.375"
"2043258212","2583819574","0.333333"
"2583819574","2043258212","0.333333"
"2395752687","2583819574","0.333333"
"2583819574","2395752687","0.333333"
"1965652718","2110854573","0.125"
"2110854573","1965652718","0.125"
"1965652718","2753192334","0.125"
"2753192334","1965652718","0.125"
"1979301159","1994723148","0.508333"
"1994723148","1979301159","0.508333"
"1979301159","2016969677","2.56786"
"2016969677","1979301159","2.56786"
"1979301159","2753192334","0.55119"
"2753192334","1979301159","0.55119"
"1994723148","2016969677","2.975"
"2016969677","1994723148","2.975"
"1994723148","2043258212","0.308333"
"2043258212","1994723148","0.308333"
"1994723148","2045789720","1.04167"
"2045789720","1994723148","1.04167"
"1994723148","2110854573","0.325"
"2110854573","1994723148","0.325"
"1994723148","2752793120","1.325"
"2752793120","1994723148","1.325"
"1994723148","2753192334","0.408333"
"2753192334","1994723148","0.408333"
"2016969677","2110854573","0.125"
"2110854573","2016969677","0.125"
"2016969677","2753192334","0.694048"
"2753192334","2016969677","0.694048"
"2043258212","2110854573","0.125"
"2110854573","2043258212","0.125"
"2043258212","2753192334","0.208333"
"2753192334","2043258212","0.208333"
"2045789720","2110854573","0.325"
"2110854573","2045789720","0.325"
"2045789720","2753192334","1.05119"
"2753192334","2045789720","1.05119"
"2110854573","2753192334","0.325"
"2753192334","2110854573","0.325"
"2752793120","2753192334","0.967857"
"2753192334","2752793120","0.967857"
"1965652718","1989257605","0.1"
"1989257605","1965652718","0.1"
"1965652718","2001338635","0.1"
"2001338635","1965652718","0.1"
"1979301159","1989257605","0.1"
"1989257605","1979301159","0.1"
"1979301159","2001338635","0.55"
"2001338635","1979301159","0.55"
"1989257605","1994723148","0.1"
"1994723148","1989257605","0.1"
"1989257605","2001338635","0.1"
"2001338635","1989257605","0.1"
"1989257605","2016969677","0.1"
"2016969677","1989257605","0.1"
"1989257605","2043258212","0.1"
"2043258212","1989257605","0.1"
"1989257605","2043906561","0.1"
"2043906561","1989257605","0.1"
"1989257605","2045789720","0.1"
"2045789720","1989257605","0.1"
"1989257605","2048643321","0.1"
"2048643321","1989257605","0.1"
"1989257605","2151701102","0.1"
"2151701102","1989257605","0.1"
"1994723148","2001338635","1.33333"
"2001338635","1994723148","1.33333"
"1994723148","2043906561","0.1"
"2043906561","1994723148","0.1"
"1994723148","2048643321","1.18333"
"2048643321","1994723148","1.18333"
"1994723148","2151701102","0.883333"
"2151701102","1994723148","0.883333"
"2001338635","2016969677","0.433333"
"2016969677","2001338635","0.433333"
"2001338635","2043258212","0.1"
"2043258212","2001338635","0.1"
"2001338635","2043906561","0.433333"
"2043906561","2001338635","0.433333"
"2001338635","2045789720","0.75"
"2045789720","2001338635","0.75"
"2001338635","2048643321","0.1"
"2048643321","2001338635","0.1"
"2001338635","2151701102","0.8"
"2151701102","2001338635","0.8"
"2016969677","2043906561","0.433333"
"2043906561","2016969677","0.433333"
"2016969677","2048643321","0.719048"
"2048643321","2016969677","0.719048"
"2016969677","2151701102","0.183333"
"2151701102","2016969677","0.183333"
"1965652718","2029561356","0.142857"
"2029561356","1965652718","0.142857"
"1965652718","2159687211","0.142857"
"2159687211","1965652718","0.142857"
"1965652718","2995621663","0.142857"
"2995621663","1965652718","0.142857"
"2016969677","2029561356","0.142857"
"2029561356","2016969677","0.142857"
"2016969677","2159687211","0.142857"
"2159687211","2016969677","0.142857"
"2016969677","2995621663","0.142857"
"2995621663","2016969677","0.142857"
"2029561356","2043258212","0.142857"
"2043258212","2029561356","0.142857"
"2029561356","2048643321","0.267857"
"2048643321","2029561356","0.267857"
"2029561356","2159687211","0.517857"
"2159687211","2029561356","0.517857"
"2029561356","2395752687","0.517857"
"2395752687","2029561356","0.517857"
"2029561356","2995621663","0.517857"
"2995621663","2029561356","0.517857"
"2043258212","2159687211","0.142857"
"2159687211","2043258212","0.142857"
"2043258212","2995621663","0.142857"
"2995621663","2043258212","0.142857"
"2048643321","2159687211","3.68452"
"2159687211","2048643321","3.68452"
"2048643321","2995621663","0.85119"
"2995621663","2048643321","0.85119"
"2159687211","2395752687","0.517857"
"2395752687","2159687211","0.517857"
"2159687211","2995621663","1.10119"
"2995621663","2159687211","1.10119"
"2395752687","2995621663","0.517857"
"2995621663","2395752687","0.517857"
"1965652718","2045446942","1"
"2045446942","1965652718","1"
"1979301159","2016605235","1.47619"
"2016605235","1979301159","1.47619"
"1979301159","2096718268","0.559524"
"2096718268","1979301159","0.559524"
"1994723148","2033041202","0.0833333"
"2033041202","1994723148","0.0833333"
"1994723148","2096718268","0.283333"
"2096718268","1994723148","0.283333"
"1994723148","2395752687","0.0833333"
"2395752687","1994723148","0.0833333"
"1994723148","2516161677","1.61667"
"2516161677","1994723148","1.61667"
"1994723148","2588973091","0.0833333"
"2588973091","1994723148","0.0833333"
"2016969677","2033041202","0.0833333"
"2033041202","2016969677","0.0833333"
"2016969677","2096718268","0.892857"
"2096718268","2016969677","0.892857"
"2016969677","2588973091","0.0833333"
"2588973091","2016969677","0.0833333"
"2033041202","2753192334","0.0833333"
"2753192334","2033041202","0.0833333"
"2043258212","2096718268","0.0833333"
"2096718268","2043258212","0.0833333"
"2045789720","2096718268","0.759524"
"2096718268","2045789720","0.759524"
"2048643321","2096718268","0.22619"
"2096718268","2048643321","0.22619"
"2048643321","2753192334","0.22619"
"2753192334","2048643321","0.22619"
"2096718268","2151701102","0.283333"
"2151701102","2096718268","0.283333"
"2096718268","2395752687","0.22619"
"2395752687","2096718268","0.22619"
"2096718268","2516161677","0.0833333"
"2516161677","2096718268","0.0833333"
"2096718268","2588973091","0.0833333"
"2588973091","2096718268","0.0833333"
"2096718268","2753192334","0.22619"
"2753192334","2096718268","0.22619"
"2151701102","2753192334","0.0833333"
"2753192334","2151701102","0.0833333"
"2395752687","2753192334","0.22619"
"2753192334","2395752687","0.22619"
"2516161677","2753192334","0.42619"
"2753192334","2516161677","0.42619"
"2588973091","2753192334","0.0833333"
"2753192334","2588973091","0.0833333"
"1979301159","2510197392","0.2"
"2510197392","1979301159","0.2"
"2016969677","2047123409","0.2"
"2047123409","2016969677","0.2"
"2016969677","2510197392","0.342857"
"2510197392","2016969677","0.342857"
"2045789720","2510197392","0.2"
"2510197392","2045789720","0.2"
"2047123409","2510197392","6.2"
"2510197392","2047123409","6.2"
"2047123409","2753192334","0.2"
"2753192334","2047123409","0.2"
"2510197392","2753192334","0.842857"
"2753192334","2510197392","0.842857"
"1979301159","2045446942","0.2"
"2045446942","1979301159","0.2"
"1979301159","2399663313","0.2"
"2399663313","1979301159","0.2"
"1994723148","2045446942","0.733333"
"2045446942","1994723148","0.733333"
"1994723148","2399663313","1.86667"
"2399663313","1994723148","1.86667"
"2001338635","2045446942","0.733333"
"2045446942","2001338635","0.733333"
"2001338635","2399663313","0.533333"
"2399663313","2001338635","0.533333"
"2045446942","2045789720","0.4"
"2045789720","2045446942","0.4"
"2045446942","2399663313","0.866667"
"2399663313","2045446942","0.866667"
"2045789720","2399663313","2.53333"
"2399663313","2045789720","2.53333"
"2016605235","2045789720","1.47619"
"2045789720","2016605235","1.47619"
"1979301159","2029561356","0.25"
"2029561356","1979301159","0.25"
"1979301159","2499111264","0.25"
"2499111264","1979301159","0.25"
"2001338635","2029561356","0.25"
"2029561356","2001338635","0.25"
"2001338635","2499111264","0.25"
"2499111264","2001338635","0.25"
"2029561356","2045789720","0.25"
"2045789720","2029561356","0.25"
"2029561356","2499111264","1.75"
"2499111264","2029561356","1.75"
"2045789720","2499111264","0.25"
"2499111264","2045789720","0.25"
"1979301159","20121696","0.166667"
"20121696","1979301159","0.166667"
"1979301159","2943113167","0.5"
"2943113167","1979301159","0.5"
"20121696","2045789720","0.166667"
"2045789720","20121696","0.166667"
"20121696","2395752687","0.166667"
"2395752687","20121696","0.166667"
"20121696","2516161677","0.166667"
"2516161677","20121696","0.166667"
"20121696","2943113167","0.166667"
"2943113167","20121696","0.166667"
"2033041202","2943113167","0.166667"
"2943113167","2033041202","0.166667"
"2045789720","2943113167","0.166667"
"2943113167","2045789720","0.166667"
"2395752687","2943113167","0.5"
"2943113167","2395752687","0.5"
"2516161677","2943113167","0.309524"
"2943113167","2516161677","0.309524"
"2016969677","2943113167","3.47619"
"2943113167","2016969677","3.47619"
"2016605235","2016969677","0.142857"
"2016969677","2016605235","0.142857"
"2016605235","2048643321","0.142857"
"2048643321","2016605235","0.142857"
"2016605235","2395752687","0.142857"
"2395752687","2016605235","0.142857"
"2016605235","2753192334","0.142857"
"2753192334","2016605235","0.142857"
"1989257605","2045446942","2"
"2045446942","1989257605","2"
"1989257605","2892096730","0.5"
"2892096730","1989257605","0.5"
"1989257605","2969443926","0.5"
"2969443926","1989257605","0.5"
"1994723148","2898849581","1"
"2898849581","1994723148","1"
"2016969677","2399663313","1.33333"
"2399663313","2016969677","1.33333"
"1994723148","2583819574","0.2"
"2583819574","1994723148","0.2"
"2110854573","2516161677","0.2"
"2516161677","2110854573","0.2"
"2110854573","2583819574","0.2"
"2583819574","2110854573","0.2"
"2516161677","2583819574","0.342857"
"2583819574","2516161677","0.342857"
"2583819574","2752793120","0.342857"
"2752793120","2583819574","0.342857"
"2583819574","2753192334","0.342857"
"2753192334","2583819574","0.342857"
"2001338635","2096718268","0.533333"
"2096718268","2001338635","0.533333"
"2045446942","2096718268","0.2"
"2096718268","2045446942","0.2"
"2045446942","2151701102","0.2"
"2151701102","2045446942","0.2"
"1994723148","2573613236","0.333333"
"2573613236","1994723148","0.333333"
"2016969677","2573613236","1.33333"
"2573613236","2016969677","1.33333"
"2516161677","2573613236","0.333333"
"2573613236","2516161677","0.333333"
"2001338635","2516161677","2"
"2516161677","2001338635","2"
"2016969677","2499111264","0.47619"
"2499111264","2016969677","0.47619"
"2016969677","2583819574","0.142857"
"2583819574","2016969677","0.142857"
"2499111264","2510197392","0.142857"
"2510197392","2499111264","0.142857"
"2499111264","2516161677","0.142857"
"2516161677","2499111264","0.142857"
"2499111264","2583819574","0.142857"
"2583819574","2499111264","0.142857"
"2499111264","2752793120","0.142857"
"2752793120","2499111264","0.142857"
"2499111264","2753192334","1.14286"
"2753192334","2499111264","1.14286"
"2499111264","2943113167","0.142857"
"2943113167","2499111264","0.142857"
"2510197392","2516161677","0.142857"
"2516161677","2510197392","0.142857"
"2510197392","2583819574","0.142857"
"2583819574","2510197392","0.142857"
"2510197392","2752793120","0.142857"
"2752793120","2510197392","0.142857"
"2510197392","2943113167","0.142857"
"2943113167","2510197392","0.142857"
"2583819574","2943113167","0.47619"
"2943113167","2583819574","0.47619"
"2752793120","2943113167","0.142857"
"2943113167","2752793120","0.142857"
"2016969677","2068296239","0.333333"
"2068296239","2016969677","0.333333"
"2016969677","26272141","0.333333"
"26272141","2016969677","0.333333"
"2068296239","2499111264","8.03333"
"2499111264","2068296239","8.03333"
"2068296239","26272141","3.03333"
"26272141","2068296239","3.03333"
"2499111264","26272141","5.03333"
"26272141","2499111264","5.03333"
"2029561356","2068296239","0.5"
"2068296239","2029561356","0.5"
"2029561356","2588973091","1.5"
"2588973091","2029561356","1.5"
"2029561356","26272141","0.5"
"26272141","2029561356","0.5"
"2068296239","2588973091","2.7"
"2588973091","2068296239","2.7"
"2499111264","2588973091","5.7"
"2588973091","2499111264","5.7"
"2588973091","26272141","1.7"
"26272141","2588973091","1.7"
"2029561356","2898849581","0.25"
"2898849581","2029561356","0.25"
"2159687211","2898849581","0.25"
"2898849581","2159687211","0.25"
"2395752687","2898849581","0.25"
"2898849581","2395752687","0.25"
"2898849581","2995621663","0.583333"
"2995621663","2898849581","0.583333"
"2029561356","2045446942","0.125"
"2045446942","2029561356","0.125"
"2029561356","2153009071","0.125"
"2153009071","2029561356","0.125"
"2029561356","246089850","0.125"
"246089850","2029561356","0.125"
"2029561356","2760397263","0.125"
"2760397263","2029561356","0.125"
"2045446942","2048643321","0.458333"
"2048643321","2045446942","0.458333"
"2045446942","2153009071","0.125"
"2153009071","2045446942","0.125"
"2045446942","2159687211","0.458333"
"2159687211","2045446942","0.458333"
"2045446942","2395752687","0.125"
"2395752687","2045446942","0.125"
"2045446942","246089850","0.125"
"246089850","2045446942","0.125"
"2045446942","2760397263","0.125"
"2760397263","2045446942","0.125"
"2045446942","2995621663","0.125"
"2995621663","2045446942","0.125"
"2048643321","2153009071","0.125"
"2153009071","2048643321","0.125"
"2048643321","246089850","1.20833"
"246089850","2048643321","1.20833"
"2048643321","2760397263","0.375"
"2760397263","2048643321","0.375"
"2153009071","2159687211","0.125"
"2159687211","2153009071","0.125"
"2153009071","246089850","0.125"
"246089850","2153009071","0.125"
"2153009071","2760397263","0.125"
"2760397263","2153009071","0.125"
"2153009071","2995621663","0.125"
"2995621663","2153009071","0.125"
"2159687211","246089850","1.20833"
"246089850","2159687211","1.20833"
"2159687211","2760397263","0.375"
"2760397263","2159687211","0.375"
"2395752687","246089850","0.125"
"246089850","2395752687","0.125"
"2395752687","2760397263","0.125"
"2760397263","2395752687","0.125"
"246089850","2760397263","0.375"
"2760397263","246089850","0.375"
"246089850","2995621663","0.708333"
"2995621663","246089850","0.708333"
"2760397263","2995621663","8.375"
"2995621663","2760397263","8.375"
"2033041202","2110854573","0.2"
"2110854573","2033041202","0.2"
"2043906561","2110854573","0.2"
"2110854573","2043906561","0.2"
"2048643321","2110854573","0.2"
"2110854573","2048643321","0.2"
"2048643321","2399663313","0.333333"
"2399663313","2048643321","0.333333"
"2159687211","2399663313","0.333333"
"2399663313","2159687211","0.333333"
"2047123409","2752793120","1"
"2752793120","2047123409","1"
"2048643321","2752793120","1"
"2752793120","2048643321","1"
"2068296239","2153009071","0.2"
"2153009071","2068296239","0.2"
"2068296239","2395752687","0.2"
"2395752687","2068296239","0.2"
"2153009071","2499111264","0.2"
"2499111264","2153009071","0.2"
"2153009071","26272141","0.2"
"26272141","2153009071","0.2"
"2395752687","2499111264","0.2"
"2499111264","2395752687","0.2"
"2395752687","26272141","0.2"
"26272141","2395752687","0.2"
"2510197392","2969443926","0.5"
"2969443926","2510197392","0.5"
"2516161677","2602193621","1"
"2602193621","2516161677","1"
"2573613236","2752793120","1"
"2752793120","2573613236","1"
"2573613236","2809903073","0.25"
"2809903073","2573613236","0.25"
"2809903073","2892096730","0.25"
"2892096730","2809903073","0.25"
"2809903073","2898849581","0.25"
"2898849581","2809903073","0.25"
"2809903073","2969443926","0.25"
"2969443926","2809903073","0.25"
"2583819574","2898849581","0.333333"
"2898849581","2583819574","0.333333"
"2583819574","2995621663","0.333333"
"2995621663","2583819574","0.333333"
"2898849581","2943113167","0.333333"
"2943113167","2898849581","0.333333"
"2943113167","2995621663","0.333333"
"2995621663","2943113167","0.333333"
"2602193621","2752793120","3"
"2752793120","2602193621","3"
"2753192334","2995621663","1"
"2995621663","2753192334","1"
"2809903073","2810961898","1"
"2810961898","2809903073","1"
