"134676667","263993618","2.70833"
"263993618","134676667","2.70833"
"134676667","1989526951","0.625"
"1989526951","134676667","0.625"
"134676667","2034628356","1"
"2034628356","134676667","1"
"1989526951","2034628356","1.125"
"2034628356","1989526951","1.125"
"134676667","2143757597","1"
"2143757597","134676667","1"
"134676667","2180107243","2.33333"
"2180107243","134676667","2.33333"
"134676667","1849300141","0.458333"
"1849300141","134676667","0.458333"
"1849300141","2180107243","2.83333"
"2180107243","1849300141","2.83333"
"1849300141","263993618","1.95833"
"263993618","1849300141","1.95833"
"2180107243","263993618","1.83333"
"263993618","2180107243","1.83333"
"134676667","154166809","0.5"
"154166809","134676667","0.5"
"134676667","1564623840","1.5"
"1564623840","134676667","1.5"
"134676667","1884889900","0.25"
"1884889900","134676667","0.25"
"134676667","2124946826","0.125"
"2124946826","134676667","0.125"
"134676667","2915205990","0.125"
"2915205990","134676667","0.125"
"134676667","2915458757","0.125"
"2915458757","134676667","0.125"
"134676667","2918120355","0.125"
"2918120355","134676667","0.125"
"154166809","1564623840","17.8333"
"1564623840","154166809","17.8333"
"154166809","1884889900","1.08333"
"1884889900","154166809","1.08333"
"154166809","2034628356","21.3333"
"2034628356","154166809","21.3333"
"154166809","2124946826","0.125"
"2124946826","154166809","0.125"
"154166809","2915205990","0.125"
"2915205990","154166809","0.125"
"154166809","2915458757","0.458333"
"2915458757","154166809","0.458333"
"154166809","2918120355","0.125"
"2918120355","154166809","0.125"
"1564623840","1884889900","1.91667"
"1884889900","1564623840","1.91667"
"1564623840","2034628356","18.8333"
"2034628356","1564623840","18.8333"
"1564623840","2124946826","0.125"
"2124946826","1564623840","0.125"
"1564623840","2915205990","0.125"
"2915205990","1564623840","0.125"
"1564623840","2915458757","0.458333"
"2915458757","1564623840","0.458333"
"1564623840","2918120355","0.125"
"2918120355","1564623840","0.125"
"1884889900","2034628356","1.08333"
"2034628356","1884889900","1.08333"
"1884889900","2124946826","0.125"
"2124946826","1884889900","0.125"
"1884889900","2915205990","1.125"
"2915205990","1884889900","1.125"
"1884889900","2915458757","1.125"
"2915458757","1884889900","1.125"
"1884889900","2918120355","0.125"
"2918120355","1884889900","0.125"
"2034628356","2124946826","0.125"
"2124946826","2034628356","0.125"
"2034628356","2915205990","0.125"
"2915205990","2034628356","0.125"
"2034628356","2915458757","0.458333"
"2915458757","2034628356","0.458333"
"2034628356","2918120355","0.125"
"2918120355","2034628356","0.125"
"2124946826","2915205990","0.125"
"2915205990","2124946826","0.125"
"2124946826","2915458757","0.125"
"2915458757","2124946826","0.125"
"2124946826","2918120355","0.125"
"2918120355","2124946826","0.125"
"2915205990","2915458757","0.625"
"2915458757","2915205990","0.625"
"2915205990","2918120355","3.125"
"2918120355","2915205990","3.125"
"2915458757","2918120355","0.125"
"2918120355","2915458757","0.125"
"154166809","263993618","0.375"
"263993618","154166809","0.375"
"1564623840","263993618","0.875"
"263993618","1564623840","0.875"
"2034628356","263993618","1.875"
"263993618","2034628356","1.875"
"134676667","1602786951","0.125"
"1602786951","134676667","0.125"
"154166809","1602786951","0.458333"
"1602786951","154166809","0.458333"
"154166809","1849300141","0.125"
"1849300141","154166809","0.125"
"154166809","1989526951","0.125"
"1989526951","154166809","0.125"
"1564623840","1602786951","0.458333"
"1602786951","1564623840","0.458333"
"1564623840","1849300141","0.125"
"1849300141","1564623840","0.125"
"1564623840","1989526951","0.625"
"1989526951","1564623840","0.625"
"1602786951","1849300141","0.125"
"1849300141","1602786951","0.125"
"1602786951","1884889900","0.125"
"1884889900","1602786951","0.125"
"1602786951","1989526951","0.125"
"1989526951","1602786951","0.125"
"1602786951","2034628356","0.458333"
"2034628356","1602786951","0.458333"
"1602786951","263993618","0.125"
"263993618","1602786951","0.125"
"1849300141","1884889900","0.125"
"1884889900","1849300141","0.125"
"1849300141","1989526951","0.125"
"1989526951","1849300141","0.125"
"1849300141","2034628356","0.125"
"2034628356","1849300141","0.125"
"1884889900","1989526951","0.125"
"1989526951","1884889900","0.125"
"1884889900","263993618","0.125"
"263993618","1884889900","0.125"
"1989526951","263993618","0.125"
"263993618","1989526951","0.125"
"1500946169","2089779090","6"
"2089779090","1500946169","6"
"1500946169","2106015812","1"
"2106015812","1500946169","1"
"2089779090","2106015812","1"
"2106015812","2089779090","1"
"1500946169","1884889900","2"
"1884889900","1500946169","2"
"154166809","2125889680","1"
"2125889680","154166809","1"
"1564623840","2125889680","1"
"2125889680","1564623840","1"
"2034628356","2125889680","2"
"2125889680","2034628356","2"
"154166809","2039179155","1"
"2039179155","154166809","1"
"154166809","2180107243","0.333333"
"2180107243","154166809","0.333333"
"1564623840","2180107243","0.333333"
"2180107243","1564623840","0.333333"
"2034628356","2180107243","1.33333"
"2180107243","2034628356","1.33333"
"1564623840","2105246013","7"
"2105246013","1564623840","7"
"1564623840","2039179155","0.333333"
"2039179155","1564623840","0.333333"
"1564623840","2143757597","0.333333"
"2143757597","1564623840","0.333333"
"1884889900","2039179155","2.83333"
"2039179155","1884889900","2.83333"
"1884889900","2143757597","4.33333"
"2143757597","1884889900","4.33333"
"2039179155","2143757597","0.333333"
"2143757597","2039179155","0.333333"
"1884889900","2106015812","0.5"
"2106015812","1884889900","0.5"
"2039179155","2106015812","0.5"
"2106015812","2039179155","0.5"
"2106015812","2125889680","3"
"2125889680","2106015812","3"
"2143757597","2915205990","0.5"
"2915205990","2143757597","0.5"
"2143757597","2915458757","3.5"
"2915458757","2143757597","3.5"
