"1511334720","2107119927","1"
"2107119927","1511334720","1"
"1511334720","84961623","0.75"
"84961623","1511334720","0.75"
"2107119927","84961623","0.75"
"84961623","2107119927","0.75"
"1511334720","1945356186","0.5"
"1945356186","1511334720","0.5"
"1511334720","2091463814","0.5"
"2091463814","1511334720","0.5"
"1945356186","2091463814","0.5"
"2091463814","1945356186","0.5"
"1945356186","2107119927","0.5"
"2107119927","1945356186","0.5"
"1945356186","84961623","0.25"
"84961623","1945356186","0.25"
"2091463814","2107119927","2.56667"
"2107119927","2091463814","2.56667"
"2091463814","84961623","0.25"
"84961623","2091463814","0.25"
"1511334720","1922375231","0.25"
"1922375231","1511334720","0.25"
"1922375231","1945356186","0.25"
"1945356186","1922375231","0.25"
"1922375231","2091463814","0.316667"
"2091463814","1922375231","0.316667"
"1922375231","2107119927","0.316667"
"2107119927","1922375231","0.316667"
"1848156720","2194846822","1.33333"
"2194846822","1848156720","1.33333"
"1848156720","2490171568","1.33333"
"2490171568","1848156720","1.33333"
"1848156720","1855399753","0.5"
"1855399753","1848156720","0.5"
"1848156720","2742615556","0.5"
"2742615556","1848156720","0.5"
"1855399753","2742615556","0.5"
"2742615556","1855399753","0.5"
"1848156720","98249619","0.333333"
"98249619","1848156720","0.333333"
"2194846822","2490171568","1.45952"
"2490171568","2194846822","1.45952"
"2194846822","98249619","6.95952"
"98249619","2194846822","6.95952"
"2490171568","98249619","0.542857"
"98249619","2490171568","0.542857"
"1848156720","2091463814","0.5"
"2091463814","1848156720","0.5"
"1848156720","2280875232","0.5"
"2280875232","1848156720","0.5"
"2091463814","2280875232","1.5"
"2280875232","2091463814","1.5"
"1855399753","1945356186","4.25"
"1945356186","1855399753","4.25"
"1855399753","98249619","1.72619"
"98249619","1855399753","1.72619"
"1945356186","98249619","0.75"
"98249619","1945356186","0.75"
"1855399753","2194846822","23.5595"
"2194846822","1855399753","23.5595"
"1855399753","1944852693","3.72619"
"1944852693","1855399753","3.72619"
"1855399753","1939533463","1.64286"
"1939533463","1855399753","1.64286"
"1944852693","1945356186","1.75"
"1945356186","1944852693","1.75"
"1855399753","2490171568","0.47619"
"2490171568","1855399753","0.47619"
"1855399753","2507641750","0.142857"
"2507641750","1855399753","0.142857"
"1855399753","2604171834","0.142857"
"2604171834","1855399753","0.142857"
"1939533463","1944852693","0.142857"
"1944852693","1939533463","0.142857"
"1939533463","2194846822","0.142857"
"2194846822","1939533463","0.142857"
"1939533463","2490171568","0.142857"
"2490171568","1939533463","0.142857"
"1939533463","2507641750","0.142857"
"2507641750","1939533463","0.142857"
"1939533463","2604171834","0.142857"
"2604171834","1939533463","0.142857"
"1939533463","98249619","0.142857"
"98249619","1939533463","0.142857"
"1944852693","2194846822","3.22619"
"2194846822","1944852693","3.22619"
"1944852693","2490171568","0.142857"
"2490171568","1944852693","0.142857"
"1944852693","2507641750","0.142857"
"2507641750","1944852693","0.142857"
"1944852693","2604171834","0.142857"
"2604171834","1944852693","0.142857"
"1944852693","98249619","1.72619"
"98249619","1944852693","1.72619"
"2194846822","2507641750","0.792857"
"2507641750","2194846822","0.792857"
"2194846822","2604171834","2.79286"
"2604171834","2194846822","2.79286"
"2490171568","2507641750","4.04683"
"2507641750","2490171568","4.04683"
"2490171568","2604171834","0.713492"
"2604171834","2490171568","0.713492"
"2507641750","2604171834","2.96349"
"2604171834","2507641750","2.96349"
"2507641750","98249619","0.209524"
"98249619","2507641750","0.209524"
"2604171834","98249619","2.54286"
"98249619","2604171834","2.54286"
"1855399753","1921219499","1.33333"
"1921219499","1855399753","1.33333"
"1921219499","1939533463","2.5"
"1939533463","1921219499","2.5"
"1921219499","2194846822","1.73333"
"2194846822","1921219499","1.73333"
"1921219499","2490171568","0.4"
"2490171568","1921219499","0.4"
"1945356186","2194846822","0.75"
"2194846822","1945356186","0.75"
"1921219499","1922375231","0.0666667"
"1922375231","1921219499","0.0666667"
"1921219499","2091463814","0.0666667"
"2091463814","1921219499","0.0666667"
"1921219499","2107119927","0.0666667"
"2107119927","1921219499","0.0666667"
"1921219499","2503053978","0.0666667"
"2503053978","1921219499","0.0666667"
"1921219499","2507641750","0.0666667"
"2507641750","1921219499","0.0666667"
"1921219499","2558976876","0.0666667"
"2558976876","1921219499","0.0666667"
"1921219499","2604171834","1.9"
"2604171834","1921219499","1.9"
"1921219499","2804303808","0.0666667"
"2804303808","1921219499","0.0666667"
"1921219499","2885973697","0.0666667"
"2885973697","1921219499","0.0666667"
"1921219499","2956827295","0.0666667"
"2956827295","1921219499","0.0666667"
"1921219499","2972245259","0.0666667"
"2972245259","1921219499","0.0666667"
"1921219499","2973128504","0.0666667"
"2973128504","1921219499","0.0666667"
"1921219499","98249619","3.4"
"98249619","1921219499","3.4"
"1922375231","2194846822","1.06667"
"2194846822","1922375231","1.06667"
"1922375231","2490171568","0.0666667"
"2490171568","1922375231","0.0666667"
"1922375231","2503053978","0.0666667"
"2503053978","1922375231","0.0666667"
"1922375231","2507641750","0.0666667"
"2507641750","1922375231","0.0666667"
"1922375231","2558976876","0.0666667"
"2558976876","1922375231","0.0666667"
"1922375231","2604171834","0.0666667"
"2604171834","1922375231","0.0666667"
"1922375231","2804303808","0.0666667"
"2804303808","1922375231","0.0666667"
"1922375231","2885973697","0.0666667"
"2885973697","1922375231","0.0666667"
"1922375231","2956827295","0.0666667"
"2956827295","1922375231","0.0666667"
"1922375231","2972245259","0.0666667"
"2972245259","1922375231","0.0666667"
"1922375231","2973128504","0.0666667"
"2973128504","1922375231","0.0666667"
"1922375231","98249619","0.0666667"
"98249619","1922375231","0.0666667"
"2091463814","2194846822","0.0666667"
"2194846822","2091463814","0.0666667"
"2091463814","2490171568","0.0666667"
"2490171568","2091463814","0.0666667"
"2091463814","2503053978","0.0666667"
"2503053978","2091463814","0.0666667"
"2091463814","2507641750","0.0666667"
"2507641750","2091463814","0.0666667"
"2091463814","2558976876","0.0666667"
"2558976876","2091463814","0.0666667"
"2091463814","2604171834","0.0666667"
"2604171834","2091463814","0.0666667"
"2091463814","2804303808","0.0666667"
"2804303808","2091463814","0.0666667"
"2091463814","2885973697","0.0666667"
"2885973697","2091463814","0.0666667"
"2091463814","2956827295","0.0666667"
"2956827295","2091463814","0.0666667"
"2091463814","2972245259","0.0666667"
"2972245259","2091463814","0.0666667"
"2091463814","2973128504","0.0666667"
"2973128504","2091463814","0.0666667"
"2091463814","98249619","0.0666667"
"98249619","2091463814","0.0666667"
"2107119927","2194846822","0.0666667"
"2194846822","2107119927","0.0666667"
"2107119927","2490171568","0.0666667"
"2490171568","2107119927","0.0666667"
"2107119927","2503053978","0.0666667"
"2503053978","2107119927","0.0666667"
"2107119927","2507641750","0.0666667"
"2507641750","2107119927","0.0666667"
"2107119927","2558976876","0.0666667"
"2558976876","2107119927","0.0666667"
"2107119927","2604171834","0.0666667"
"2604171834","2107119927","0.0666667"
"2107119927","2804303808","0.0666667"
"2804303808","2107119927","0.0666667"
"2107119927","2885973697","0.0666667"
"2885973697","2107119927","0.0666667"
"2107119927","2956827295","0.0666667"
"2956827295","2107119927","0.0666667"
"2107119927","2972245259","0.0666667"
"2972245259","2107119927","0.0666667"
"2107119927","2973128504","0.0666667"
"2973128504","2107119927","0.0666667"
"2107119927","98249619","0.0666667"
"98249619","2107119927","0.0666667"
"2194846822","2503053978","0.0666667"
"2503053978","2194846822","0.0666667"
"2194846822","2558976876","0.4"
"2558976876","2194846822","0.4"
"2194846822","2804303808","0.0666667"
"2804303808","2194846822","0.0666667"
"2194846822","2885973697","0.316667"
"2885973697","2194846822","0.316667"
"2194846822","2956827295","0.0666667"
"2956827295","2194846822","0.0666667"
"2194846822","2972245259","0.0666667"
"2972245259","2194846822","0.0666667"
"2194846822","2973128504","0.0666667"
"2973128504","2194846822","0.0666667"
"2490171568","2503053978","0.0666667"
"2503053978","2490171568","0.0666667"
"2490171568","2558976876","0.511111"
"2558976876","2490171568","0.511111"
"2490171568","2804303808","0.209524"
"2804303808","2490171568","0.209524"
"2490171568","2885973697","0.427778"
"2885973697","2490171568","0.427778"
"2490171568","2956827295","0.320635"
"2956827295","2490171568","0.320635"
"2490171568","2972245259","0.320635"
"2972245259","2490171568","0.320635"
"2490171568","2973128504","0.320635"
"2973128504","2490171568","0.320635"
"2503053978","2507641750","0.0666667"
"2507641750","2503053978","0.0666667"
"2503053978","2558976876","0.0666667"
"2558976876","2503053978","0.0666667"
"2503053978","2604171834","0.0666667"
"2604171834","2503053978","0.0666667"
"2503053978","2804303808","0.0666667"
"2804303808","2503053978","0.0666667"
"2503053978","2885973697","0.0666667"
"2885973697","2503053978","0.0666667"
"2503053978","2956827295","0.0666667"
"2956827295","2503053978","0.0666667"
"2503053978","2972245259","0.0666667"
"2972245259","2503053978","0.0666667"
"2503053978","2973128504","0.0666667"
"2973128504","2503053978","0.0666667"
"2503053978","98249619","0.0666667"
"98249619","2503053978","0.0666667"
"2507641750","2558976876","0.511111"
"2558976876","2507641750","0.511111"
"2507641750","2804303808","0.209524"
"2804303808","2507641750","0.209524"
"2507641750","2885973697","1.42778"
"2885973697","2507641750","1.42778"
"2507641750","2956827295","0.320635"
"2956827295","2507641750","0.320635"
"2507641750","2972245259","0.570635"
"2972245259","2507641750","0.570635"
"2507641750","2973128504","0.570635"
"2973128504","2507641750","0.570635"
"2558976876","2604171834","0.177778"
"2604171834","2558976876","0.177778"
"2558976876","2804303808","1.06667"
"2804303808","2558976876","1.06667"
"2558976876","2885973697","0.177778"
"2885973697","2558976876","0.177778"
"2558976876","2956827295","1.17778"
"2956827295","2558976876","1.17778"
"2558976876","2972245259","0.177778"
"2972245259","2558976876","0.177778"
"2558976876","2973128504","0.177778"
"2973128504","2558976876","0.177778"
"2558976876","98249619","0.0666667"
"98249619","2558976876","0.0666667"
"2604171834","2804303808","0.209524"
"2804303808","2604171834","0.209524"
"2604171834","2885973697","0.927778"
"2885973697","2604171834","0.927778"
"2604171834","2956827295","0.320635"
"2956827295","2604171834","0.320635"
"2604171834","2972245259","1.57063"
"2972245259","2604171834","1.57063"
"2604171834","2973128504","0.903968"
"2973128504","2604171834","0.903968"
"2804303808","2885973697","1.06667"
"2885973697","2804303808","1.06667"
"2804303808","2956827295","0.209524"
"2956827295","2804303808","0.209524"
"2804303808","2972245259","0.209524"
"2972245259","2804303808","0.209524"
"2804303808","2973128504","0.209524"
"2973128504","2804303808","0.209524"
"2804303808","98249619","0.0666667"
"98249619","2804303808","0.0666667"
"2885973697","2956827295","0.761111"
"2956827295","2885973697","0.761111"
"2885973697","2972245259","0.761111"
"2972245259","2885973697","0.761111"
"2885973697","2973128504","0.761111"
"2973128504","2885973697","0.761111"
"2885973697","98249619","0.0666667"
"98249619","2885973697","0.0666667"
"2956827295","2972245259","1.90397"
"2972245259","2956827295","1.90397"
"2956827295","2973128504","2.90397"
"2973128504","2956827295","2.90397"
"2956827295","98249619","0.0666667"
"98249619","2956827295","0.0666667"
"2972245259","2973128504","1.15397"
"2973128504","2972245259","1.15397"
"2972245259","98249619","0.0666667"
"98249619","2972245259","0.0666667"
"2973128504","98249619","0.0666667"
"98249619","2973128504","0.0666667"
"1944852693","2558976876","1"
"2558976876","1944852693","1"
"1945356186","2604171834","0.5"
"2604171834","1945356186","0.5"
"2107119927","2280875232","1"
"2280875232","2107119927","1"
"2194846822","2743478454","1"
"2743478454","2194846822","1"
"2490171568","2972684672","2.25397"
"2972684672","2490171568","2.25397"
"2507641750","2972684672","2.50397"
"2972684672","2507641750","2.50397"
"2604171834","2972684672","0.837302"
"2972684672","2604171834","0.837302"
"2804303808","2972684672","0.142857"
"2972684672","2804303808","0.142857"
"2956827295","2972684672","0.503968"
"2972684672","2956827295","0.503968"
"2972245259","2972684672","0.753968"
"2972684672","2972245259","0.753968"
"2972684672","2973128504","1.0873"
"2973128504","2972684672","1.0873"
"2490171568","2972504391","0.111111"
"2972504391","2490171568","0.111111"
"2507641750","2972504391","0.111111"
"2972504391","2507641750","0.111111"
"2558976876","2972504391","0.111111"
"2972504391","2558976876","0.111111"
"2558976876","2972684672","0.111111"
"2972684672","2558976876","0.111111"
"2604171834","2972504391","0.111111"
"2972504391","2604171834","0.111111"
"2885973697","2972504391","0.111111"
"2972504391","2885973697","0.111111"
"2885973697","2972684672","0.361111"
"2972684672","2885973697","0.361111"
"2956827295","2972504391","0.111111"
"2972504391","2956827295","0.111111"
"2972245259","2972504391","1.11111"
"2972504391","2972245259","1.11111"
"2972504391","2972684672","1.11111"
"2972684672","2972504391","1.11111"
"2972504391","2973128504","0.111111"
"2973128504","2972504391","0.111111"
"2507641750","2743478454","1"
"2743478454","2507641750","1"
"2743478454","2885973697","0.5"
"2885973697","2743478454","0.5"
"2604171834","2743478454","0.833333"
"2743478454","2604171834","0.833333"
"2558976876","2594879623","1"
"2594879623","2558976876","1"
"2558976876","2742615556","2"
"2742615556","2558976876","2"
"2743478454","2972684672","0.333333"
"2972684672","2743478454","0.333333"
"2743478454","2973128504","0.333333"
"2973128504","2743478454","0.333333"
"2742615556","2972504391","1"
"2972504391","2742615556","1"
"2742615556","2924471804","5"
"2924471804","2742615556","5"
"2753643831","2956827295","16"
"2956827295","2753643831","16"
"2753643831","2972245259","1"
"2972245259","2753643831","1"
