"1262644182","136558440","0.138095"
"136558440","1262644182","0.138095"
"1262644182","1519321440","0.0714286"
"1519321440","1262644182","0.0714286"
"1262644182","1537659679","0.0714286"
"1537659679","1262644182","0.0714286"
"1262644182","1964781845","0.138095"
"1964781845","1262644182","0.138095"
"1262644182","2014425628","0.0714286"
"2014425628","1262644182","0.0714286"
"1262644182","2100982615","0.0714286"
"2100982615","1262644182","0.0714286"
"1262644182","2116295136","0.138095"
"2116295136","1262644182","0.138095"
"1262644182","2124777132","0.0714286"
"2124777132","1262644182","0.0714286"
"1262644182","2132057578","0.138095"
"2132057578","1262644182","0.138095"
"1262644182","2137837900","0.0714286"
"2137837900","1262644182","0.0714286"
"1262644182","2238540250","0.138095"
"2238540250","1262644182","0.138095"
"1262644182","2541131526","0.138095"
"2541131526","1262644182","0.138095"
"1262644182","2542146196","0.0714286"
"2542146196","1262644182","0.0714286"
"1262644182","2545465913","0.0714286"
"2545465913","1262644182","0.0714286"
"136558440","1519321440","0.0714286"
"1519321440","136558440","0.0714286"
"136558440","1537659679","0.238095"
"1537659679","136558440","0.238095"
"136558440","1964781845","0.138095"
"1964781845","136558440","0.138095"
"136558440","2014425628","0.571429"
"2014425628","136558440","0.571429"
"136558440","2100982615","0.0714286"
"2100982615","136558440","0.0714286"
"136558440","2116295136","0.304762"
"2116295136","136558440","0.304762"
"136558440","2124777132","0.0714286"
"2124777132","136558440","0.0714286"
"136558440","2132057578","0.138095"
"2132057578","136558440","0.138095"
"136558440","2137837900","0.0714286"
"2137837900","136558440","0.0714286"
"136558440","2238540250","0.138095"
"2238540250","136558440","0.138095"
"136558440","2541131526","0.138095"
"2541131526","136558440","0.138095"
"136558440","2542146196","0.0714286"
"2542146196","136558440","0.0714286"
"136558440","2545465913","0.0714286"
"2545465913","136558440","0.0714286"
"1519321440","1537659679","0.0714286"
"1537659679","1519321440","0.0714286"
"1519321440","1964781845","0.0714286"
"1964781845","1519321440","0.0714286"
"1519321440","2014425628","0.0714286"
"2014425628","1519321440","0.0714286"
"1519321440","2100982615","0.0714286"
"2100982615","1519321440","0.0714286"
"1519321440","2116295136","0.0714286"
"2116295136","1519321440","0.0714286"
"1519321440","2124777132","0.0714286"
"2124777132","1519321440","0.0714286"
"1519321440","2132057578","0.0714286"
"2132057578","1519321440","0.0714286"
"1519321440","2137837900","0.0714286"
"2137837900","1519321440","0.0714286"
"1519321440","2238540250","0.0714286"
"2238540250","1519321440","0.0714286"
"1519321440","2541131526","0.0714286"
"2541131526","1519321440","0.0714286"
"1519321440","2542146196","0.0714286"
"2542146196","1519321440","0.0714286"
"1519321440","2545465913","0.0714286"
"2545465913","1519321440","0.0714286"
"1537659679","1964781845","0.0714286"
"1964781845","1537659679","0.0714286"
"1537659679","2014425628","0.0714286"
"2014425628","1537659679","0.0714286"
"1537659679","2100982615","0.0714286"
"2100982615","1537659679","0.0714286"
"1537659679","2116295136","0.404762"
"2116295136","1537659679","0.404762"
"1537659679","2124777132","0.0714286"
"2124777132","1537659679","0.0714286"
"1537659679","2132057578","0.0714286"
"2132057578","1537659679","0.0714286"
"1537659679","2137837900","0.0714286"
"2137837900","1537659679","0.0714286"
"1537659679","2238540250","0.0714286"
"2238540250","1537659679","0.0714286"
"1537659679","2541131526","1.07143"
"2541131526","1537659679","1.07143"
"1537659679","2542146196","14.0714"
"2542146196","1537659679","14.0714"
"1537659679","2545465913","0.0714286"
"2545465913","1537659679","0.0714286"
"1964781845","2014425628","0.0714286"
"2014425628","1964781845","0.0714286"
"1964781845","2100982615","0.238095"
"2100982615","1964781845","0.238095"
"1964781845","2116295136","0.249206"
"2116295136","1964781845","0.249206"
"1964781845","2124777132","0.0714286"
"2124777132","1964781845","0.0714286"
"1964781845","2132057578","0.138095"
"2132057578","1964781845","0.138095"
"1964781845","2137837900","1.26587"
"2137837900","1964781845","1.26587"
"1964781845","2238540250","0.804762"
"2238540250","1964781845","0.804762"
"1964781845","2541131526","0.138095"
"2541131526","1964781845","0.138095"
"1964781845","2542146196","0.0714286"
"2542146196","1964781845","0.0714286"
"1964781845","2545465913","0.0714286"
"2545465913","1964781845","0.0714286"
"2014425628","2100982615","0.0714286"
"2100982615","2014425628","0.0714286"
"2014425628","2116295136","0.0714286"
"2116295136","2014425628","0.0714286"
"2014425628","2124777132","0.0714286"
"2124777132","2014425628","0.0714286"
"2014425628","2132057578","0.0714286"
"2132057578","2014425628","0.0714286"
"2014425628","2137837900","0.0714286"
"2137837900","2014425628","0.0714286"
"2014425628","2238540250","0.0714286"
"2238540250","2014425628","0.0714286"
"2014425628","2541131526","0.0714286"
"2541131526","2014425628","0.0714286"
"2014425628","2542146196","0.0714286"
"2542146196","2014425628","0.0714286"
"2014425628","2545465913","0.0714286"
"2545465913","2014425628","0.0714286"
"2100982615","2116295136","0.0714286"
"2116295136","2100982615","0.0714286"
"2100982615","2124777132","0.0714286"
"2124777132","2100982615","0.0714286"
"2100982615","2132057578","0.0714286"
"2132057578","2100982615","0.0714286"
"2100982615","2137837900","0.0714286"
"2137837900","2100982615","0.0714286"
"2100982615","2238540250","0.238095"
"2238540250","2100982615","0.238095"
"2100982615","2541131526","0.0714286"
"2541131526","2100982615","0.0714286"
"2100982615","2542146196","0.0714286"
"2542146196","2100982615","0.0714286"
"2100982615","2545465913","0.0714286"
"2545465913","2100982615","0.0714286"
"2116295136","2124777132","0.0714286"
"2124777132","2116295136","0.0714286"
"2116295136","2132057578","0.374206"
"2132057578","2116295136","0.374206"
"2116295136","2137837900","0.18254"
"2137837900","2116295136","0.18254"
"2116295136","2238540250","0.138095"
"2238540250","2116295136","0.138095"
"2116295136","2541131526","3.77421"
"2541131526","2116295136","3.77421"
"2116295136","2542146196","0.0714286"
"2542146196","2116295136","0.0714286"
"2116295136","2545465913","0.0714286"
"2545465913","2116295136","0.0714286"
"2124777132","2132057578","0.0714286"
"2132057578","2124777132","0.0714286"
"2124777132","2137837900","0.0714286"
"2137837900","2124777132","0.0714286"
"2124777132","2238540250","0.0714286"
"2238540250","2124777132","0.0714286"
"2124777132","2541131526","0.0714286"
"2541131526","2124777132","0.0714286"
"2124777132","2542146196","0.0714286"
"2542146196","2124777132","0.0714286"
"2124777132","2545465913","0.0714286"
"2545465913","2124777132","0.0714286"
"2132057578","2137837900","0.0714286"
"2137837900","2132057578","0.0714286"
"2132057578","2238540250","0.138095"
"2238540250","2132057578","0.138095"
"2132057578","2541131526","0.374206"
"2541131526","2132057578","0.374206"
"2132057578","2542146196","0.0714286"
"2542146196","2132057578","0.0714286"
"2132057578","2545465913","0.0714286"
"2545465913","2132057578","0.0714286"
"2137837900","2238540250","0.571429"
"2238540250","2137837900","0.571429"
"2137837900","2541131526","0.0714286"
"2541131526","2137837900","0.0714286"
"2137837900","2542146196","0.0714286"
"2542146196","2137837900","0.0714286"
"2137837900","2545465913","0.0714286"
"2545465913","2137837900","0.0714286"
"2238540250","2541131526","0.138095"
"2541131526","2238540250","0.138095"
"2238540250","2542146196","0.0714286"
"2542146196","2238540250","0.0714286"
"2238540250","2545465913","0.0714286"
"2545465913","2238540250","0.0714286"
"2541131526","2542146196","0.0714286"
"2542146196","2541131526","0.0714286"
"2541131526","2545465913","0.0714286"
"2545465913","2541131526","0.0714286"
"2542146196","2545465913","0.0714286"
"2545465913","2542146196","0.0714286"
"1262644182","2054942051","0.0666667"
"2054942051","1262644182","0.0666667"
"1262644182","2065949211","0.0666667"
"2065949211","1262644182","0.0666667"
"1262644182","2073613279","0.0666667"
"2073613279","1262644182","0.0666667"
"1262644182","2102128922","0.0666667"
"2102128922","1262644182","0.0666667"
"1262644182","2127424531","0.0666667"
"2127424531","1262644182","0.0666667"
"1262644182","2134280934","0.0666667"
"2134280934","1262644182","0.0666667"
"1262644182","2183296391","0.0666667"
"2183296391","1262644182","0.0666667"
"1262644182","2223405680","0.0666667"
"2223405680","1262644182","0.0666667"
"1262644182","2602618150","0.0666667"
"2602618150","1262644182","0.0666667"
"136558440","2054942051","0.0666667"
"2054942051","136558440","0.0666667"
"136558440","2065949211","0.0666667"
"2065949211","136558440","0.0666667"
"136558440","2073613279","0.0666667"
"2073613279","136558440","0.0666667"
"136558440","2102128922","0.0666667"
"2102128922","136558440","0.0666667"
"136558440","2127424531","0.0666667"
"2127424531","136558440","0.0666667"
"136558440","2134280934","0.0666667"
"2134280934","136558440","0.0666667"
"136558440","2183296391","0.0666667"
"2183296391","136558440","0.0666667"
"136558440","2223405680","0.0666667"
"2223405680","136558440","0.0666667"
"136558440","2602618150","0.0666667"
"2602618150","136558440","0.0666667"
"1964781845","2054942051","0.0666667"
"2054942051","1964781845","0.0666667"
"1964781845","2065949211","0.233333"
"2065949211","1964781845","0.233333"
"1964781845","2073613279","0.233333"
"2073613279","1964781845","0.233333"
"1964781845","2102128922","0.177778"
"2102128922","1964781845","0.177778"
"1964781845","2127424531","0.0666667"
"2127424531","1964781845","0.0666667"
"1964781845","2134280934","0.316667"
"2134280934","1964781845","0.316667"
"1964781845","2183296391","0.344444"
"2183296391","1964781845","0.344444"
"1964781845","2223405680","0.177778"
"2223405680","1964781845","0.177778"
"1964781845","2602618150","1.31667"
"2602618150","1964781845","1.31667"
"2054942051","2065949211","1.56667"
"2065949211","2054942051","1.56667"
"2054942051","2073613279","1.56667"
"2073613279","2054942051","1.56667"
"2054942051","2102128922","0.0666667"
"2102128922","2054942051","0.0666667"
"2054942051","2116295136","0.0666667"
"2116295136","2054942051","0.0666667"
"2054942051","2127424531","0.0666667"
"2127424531","2054942051","0.0666667"
"2054942051","2132057578","0.0666667"
"2132057578","2054942051","0.0666667"
"2054942051","2134280934","0.0666667"
"2134280934","2054942051","0.0666667"
"2054942051","2183296391","0.0666667"
"2183296391","2054942051","0.0666667"
"2054942051","2223405680","0.0666667"
"2223405680","2054942051","0.0666667"
"2054942051","2238540250","0.0666667"
"2238540250","2054942051","0.0666667"
"2054942051","2541131526","0.0666667"
"2541131526","2054942051","0.0666667"
"2054942051","2602618150","0.0666667"
"2602618150","2054942051","0.0666667"
"2065949211","2073613279","3.73333"
"2073613279","2065949211","3.73333"
"2065949211","2102128922","0.0666667"
"2102128922","2065949211","0.0666667"
"2065949211","2116295136","0.0666667"
"2116295136","2065949211","0.0666667"
"2065949211","2127424531","0.0666667"
"2127424531","2065949211","0.0666667"
"2065949211","2132057578","0.0666667"
"2132057578","2065949211","0.0666667"
"2065949211","2134280934","0.0666667"
"2134280934","2065949211","0.0666667"
"2065949211","2183296391","0.233333"
"2183296391","2065949211","0.233333"
"2065949211","2223405680","1.06667"
"2223405680","2065949211","1.06667"
"2065949211","2238540250","0.233333"
"2238540250","2065949211","0.233333"
"2065949211","2541131526","0.0666667"
"2541131526","2065949211","0.0666667"
"2065949211","2602618150","0.0666667"
"2602618150","2065949211","0.0666667"
"2073613279","2102128922","0.0666667"
"2102128922","2073613279","0.0666667"
"2073613279","2116295136","0.0666667"
"2116295136","2073613279","0.0666667"
"2073613279","2127424531","0.0666667"
"2127424531","2073613279","0.0666667"
"2073613279","2132057578","0.0666667"
"2132057578","2073613279","0.0666667"
"2073613279","2134280934","0.0666667"
"2134280934","2073613279","0.0666667"
"2073613279","2183296391","0.233333"
"2183296391","2073613279","0.233333"
"2073613279","2223405680","0.0666667"
"2223405680","2073613279","0.0666667"
"2073613279","2238540250","0.233333"
"2238540250","2073613279","0.233333"
"2073613279","2541131526","0.0666667"
"2541131526","2073613279","0.0666667"
"2073613279","2602618150","0.0666667"
"2602618150","2073613279","0.0666667"
"2102128922","2116295136","0.511111"
"2116295136","2102128922","0.511111"
"2102128922","2127424531","0.209524"
"2127424531","2102128922","0.209524"
"2102128922","2132057578","0.0666667"
"2132057578","2102128922","0.0666667"
"2102128922","2134280934","2.06667"
"2134280934","2102128922","2.06667"
"2102128922","2183296391","1.84444"
"2183296391","2102128922","1.84444"
"2102128922","2223405680","0.177778"
"2223405680","2102128922","0.177778"
"2102128922","2238540250","0.0666667"
"2238540250","2102128922","0.0666667"
"2102128922","2541131526","0.0666667"
"2541131526","2102128922","0.0666667"
"2102128922","2602618150","7.32619"
"2602618150","2102128922","7.32619"
"2116295136","2127424531","0.466667"
"2127424531","2116295136","0.466667"
"2116295136","2134280934","0.0666667"
"2134280934","2116295136","0.0666667"
"2116295136","2183296391","0.511111"
"2183296391","2116295136","0.511111"
"2116295136","2223405680","0.177778"
"2223405680","2116295136","0.177778"
"2116295136","2602618150","0.391667"
"2602618150","2116295136","0.391667"
"2127424531","2132057578","0.0666667"
"2132057578","2127424531","0.0666667"
"2127424531","2134280934","0.0666667"
"2134280934","2127424531","0.0666667"
"2127424531","2183296391","0.266667"
"2183296391","2127424531","0.266667"
"2127424531","2223405680","0.0666667"
"2223405680","2127424531","0.0666667"
"2127424531","2238540250","0.0666667"
"2238540250","2127424531","0.0666667"
"2127424531","2541131526","0.466667"
"2541131526","2127424531","0.466667"
"2127424531","2602618150","0.859524"
"2602618150","2127424531","0.859524"
"2132057578","2134280934","0.0666667"
"2134280934","2132057578","0.0666667"
"2132057578","2183296391","0.0666667"
"2183296391","2132057578","0.0666667"
"2132057578","2223405680","0.0666667"
"2223405680","2132057578","0.0666667"
"2132057578","2602618150","0.191667"
"2602618150","2132057578","0.191667"
"2134280934","2183296391","0.0666667"
"2183296391","2134280934","0.0666667"
"2134280934","2223405680","0.0666667"
"2223405680","2134280934","0.0666667"
"2134280934","2238540250","0.0666667"
"2238540250","2134280934","0.0666667"
"2134280934","2541131526","0.0666667"
"2541131526","2134280934","0.0666667"
"2134280934","2602618150","0.316667"
"2602618150","2134280934","0.316667"
"2183296391","2223405680","0.177778"
"2223405680","2183296391","0.177778"
"2183296391","2238540250","0.233333"
"2238540250","2183296391","0.233333"
"2183296391","2541131526","0.0666667"
"2541131526","2183296391","0.0666667"
"2183296391","2602618150","0.933333"
"2602618150","2183296391","0.933333"
"2223405680","2238540250","0.0666667"
"2238540250","2223405680","0.0666667"
"2223405680","2541131526","0.0666667"
"2541131526","2223405680","0.0666667"
"2223405680","2602618150","0.0666667"
"2602618150","2223405680","0.0666667"
"2238540250","2602618150","0.0666667"
"2602618150","2238540250","0.0666667"
"2541131526","2602618150","0.391667"
"2602618150","2541131526","0.391667"
"136558440","2134754630","1"
"2134754630","136558440","1"
"136558440","2053941385","0.5"
"2053941385","136558440","0.5"
"2014425628","2053941385","9.5"
"2053941385","2014425628","9.5"
"136558440","2034942038","0.166667"
"2034942038","136558440","0.166667"
"136558440","2066687109","0.166667"
"2066687109","136558440","0.166667"
"136558440","2068381179","0.166667"
"2068381179","136558440","0.166667"
"136558440","45997527","0.166667"
"45997527","136558440","0.166667"
"1537659679","2034942038","0.166667"
"2034942038","1537659679","0.166667"
"1537659679","2066687109","1.16667"
"2066687109","1537659679","1.16667"
"1537659679","2068381179","0.416667"
"2068381179","1537659679","0.416667"
"1537659679","45997527","0.166667"
"45997527","1537659679","0.166667"
"2034942038","2066687109","4.16667"
"2066687109","2034942038","4.16667"
"2034942038","2068381179","0.166667"
"2068381179","2034942038","0.166667"
"2034942038","2116295136","0.166667"
"2116295136","2034942038","0.166667"
"2034942038","45997527","0.166667"
"45997527","2034942038","0.166667"
"2066687109","2068381179","0.166667"
"2068381179","2066687109","0.166667"
"2066687109","2116295136","0.166667"
"2116295136","2066687109","0.166667"
"2066687109","45997527","6.16667"
"45997527","2066687109","6.16667"
"2068381179","2116295136","0.166667"
"2116295136","2068381179","0.166667"
"2068381179","45997527","0.166667"
"45997527","2068381179","0.166667"
"2116295136","45997527","0.166667"
"45997527","2116295136","0.166667"
"1519321440","2185531055","6.91667"
"2185531055","1519321440","6.91667"
"1519321440","2134754630","5.5"
"2134754630","1519321440","5.5"
"1519321440","92258711","1.25"
"92258711","1519321440","1.25"
"1519321440","2224535639","0.5"
"2224535639","1519321440","0.5"
"2134754630","2224535639","0.75"
"2224535639","2134754630","0.75"
"2134754630","2185531055","4.25"
"2185531055","2134754630","4.25"
"1519321440","2102128922","0.333333"
"2102128922","1519321440","0.333333"
"1519321440","2602618150","0.666667"
"2602618150","1519321440","0.666667"
"2102128922","2185531055","0.583333"
"2185531055","2102128922","0.583333"
"2185531055","2602618150","1.91667"
"2602618150","2185531055","1.91667"
"1519321440","2166079152","0.333333"
"2166079152","1519321440","0.333333"
"2166079152","2185531055","0.333333"
"2185531055","2166079152","0.333333"
"2166079152","2602618150","0.333333"
"2602618150","2166079152","0.333333"
"1519321440","2120706228","0.25"
"2120706228","1519321440","0.25"
"1519321440","2549828513","0.25"
"2549828513","1519321440","0.25"
"2120706228","2185531055","0.25"
"2185531055","2120706228","0.25"
"2120706228","2549828513","1.08333"
"2549828513","2120706228","1.08333"
"2120706228","92258711","1.28333"
"92258711","2120706228","1.28333"
"2185531055","2549828513","0.25"
"2549828513","2185531055","0.25"
"2185531055","92258711","0.25"
"92258711","2185531055","0.25"
"2549828513","92258711","1.08333"
"92258711","2549828513","1.08333"
"1519321440","2169659094","1"
"2169659094","1519321440","1"
"1519321440","2177378206","1"
"2177378206","1519321440","1"
"1529704938","2187088233","1"
"2187088233","1529704938","1"
"1529704938","2287492839","0.5"
"2287492839","1529704938","0.5"
"1529704938","2578188145","0.5"
"2578188145","1529704938","0.5"
"2287492839","2578188145","0.5"
"2578188145","2287492839","0.5"
"1537659679","2120706228","0.45"
"2120706228","1537659679","0.45"
"1537659679","2127424531","0.25"
"2127424531","1537659679","0.25"
"1537659679","2602618150","0.45"
"2602618150","1537659679","0.45"
"2068381179","2120706228","0.25"
"2120706228","2068381179","0.25"
"2068381179","2127424531","0.25"
"2127424531","2068381179","0.25"
"2068381179","2602618150","0.25"
"2602618150","2068381179","0.25"
"2120706228","2127424531","0.25"
"2127424531","2120706228","0.25"
"2120706228","2602618150","0.983333"
"2602618150","2120706228","0.983333"
"1537659679","2771158352","0.5"
"2771158352","1537659679","0.5"
"2542146196","2771158352","0.5"
"2771158352","2542146196","0.5"
"1537659679","1981471839","0.166667"
"1981471839","1537659679","0.166667"
"1537659679","2138581775","0.166667"
"2138581775","1537659679","0.166667"
"1537659679","2185621475","0.166667"
"2185621475","1537659679","0.166667"
"1537659679","2551478719","0.166667"
"2551478719","1537659679","0.166667"
"1537659679","2602038282","0.166667"
"2602038282","1537659679","0.166667"
"1981471839","2116295136","0.602778"
"2116295136","1981471839","0.602778"
"1981471839","2138581775","2.40278"
"2138581775","1981471839","2.40278"
"1981471839","2185621475","0.366667"
"2185621475","1981471839","0.366667"
"1981471839","2551478719","0.166667"
"2551478719","1981471839","0.166667"
"1981471839","2602038282","1.64444"
"2602038282","1981471839","1.64444"
"2116295136","2138581775","0.402778"
"2138581775","2116295136","0.402778"
"2116295136","2185621475","0.166667"
"2185621475","2116295136","0.166667"
"2116295136","2551478719","0.666667"
"2551478719","2116295136","0.666667"
"2116295136","2602038282","0.277778"
"2602038282","2116295136","0.277778"
"2138581775","2185621475","0.166667"
"2185621475","2138581775","0.166667"
"2138581775","2551478719","0.166667"
"2551478719","2138581775","0.166667"
"2138581775","2602038282","0.277778"
"2602038282","2138581775","0.277778"
"2185621475","2551478719","0.309524"
"2551478719","2185621475","0.309524"
"2185621475","2602038282","0.366667"
"2602038282","2185621475","0.366667"
"2551478719","2602038282","0.166667"
"2602038282","2551478719","0.166667"
"1537659679","2077867664","0.5"
"2077867664","1537659679","0.5"
"2077867664","2542146196","0.5"
"2542146196","2077867664","0.5"
"1537659679","2041728356","0.2"
"2041728356","1537659679","0.2"
"1537659679","2163835670","0.2"
"2163835670","1537659679","0.2"
"1537659679","2187088233","0.2"
"2187088233","1537659679","0.2"
"2041728356","2120706228","0.2"
"2120706228","2041728356","0.2"
"2041728356","2163835670","0.2"
"2163835670","2041728356","0.2"
"2041728356","2187088233","0.2"
"2187088233","2041728356","0.2"
"2041728356","2602618150","0.2"
"2602618150","2041728356","0.2"
"2120706228","2163835670","0.2"
"2163835670","2120706228","0.2"
"2120706228","2187088233","5.23333"
"2187088233","2120706228","5.23333"
"2163835670","2187088233","0.2"
"2187088233","2163835670","0.2"
"2163835670","2602618150","0.2"
"2602618150","2163835670","0.2"
"2187088233","2602618150","0.4"
"2602618150","2187088233","0.4"
"1537911176","1569329269","0.142857"
"1569329269","1537911176","0.142857"
"1537911176","1987655583","0.142857"
"1987655583","1537911176","0.142857"
"1537911176","2177378206","0.142857"
"2177378206","1537911176","0.142857"
"1537911176","2224535639","0.142857"
"2224535639","1537911176","0.142857"
"1537911176","2597454075","0.142857"
"2597454075","1537911176","0.142857"
"1537911176","2599001339","0.142857"
"2599001339","1537911176","0.142857"
"1537911176","92517991","0.142857"
"92517991","1537911176","0.142857"
"1569329269","1987655583","0.142857"
"1987655583","1569329269","0.142857"
"1569329269","2177378206","0.142857"
"2177378206","1569329269","0.142857"
"1569329269","2224535639","1.14286"
"2224535639","1569329269","1.14286"
"1569329269","2597454075","0.142857"
"2597454075","1569329269","0.142857"
"1569329269","2599001339","0.142857"
"2599001339","1569329269","0.142857"
"1569329269","92517991","0.142857"
"92517991","1569329269","0.142857"
"1987655583","2177378206","0.142857"
"2177378206","1987655583","0.142857"
"1987655583","2224535639","0.142857"
"2224535639","1987655583","0.142857"
"1987655583","2597454075","0.142857"
"2597454075","1987655583","0.142857"
"1987655583","2599001339","3.22619"
"2599001339","1987655583","3.22619"
"1987655583","92517991","4.22619"
"92517991","1987655583","4.22619"
"2177378206","2224535639","0.642857"
"2224535639","2177378206","0.642857"
"2177378206","2597454075","0.642857"
"2597454075","2177378206","0.642857"
"2177378206","2599001339","0.142857"
"2599001339","2177378206","0.142857"
"2177378206","92517991","0.142857"
"92517991","2177378206","0.142857"
"2224535639","2597454075","1.14286"
"2597454075","2224535639","1.14286"
"2224535639","2599001339","0.142857"
"2599001339","2224535639","0.142857"
"2224535639","92517991","0.142857"
"92517991","2224535639","0.142857"
"2597454075","2599001339","0.142857"
"2599001339","2597454075","0.142857"
"2597454075","92517991","0.142857"
"92517991","2597454075","0.142857"
"2599001339","92517991","3.22619"
"92517991","2599001339","3.22619"
"1537911176","1771067063","4.83333"
"1771067063","1537911176","4.83333"
"1537911176","2006325180","0.833333"
"2006325180","1537911176","0.833333"
"1537911176","2342799194","0.333333"
"2342799194","1537911176","0.333333"
"1771067063","2006325180","0.833333"
"2006325180","1771067063","0.833333"
"1771067063","2342799194","0.333333"
"2342799194","1771067063","0.333333"
"2006325180","2342799194","0.333333"
"2342799194","2006325180","0.333333"
"1546188910","1981471839","1.025"
"1981471839","1546188910","1.025"
"1546188910","2116295136","1.025"
"2116295136","1546188910","1.025"
"1546188910","2127424531","0.542857"
"2127424531","1546188910","0.542857"
"1546188910","2259658967","10.1679"
"2259658967","1546188910","10.1679"
"1546188910","2541131526","0.691667"
"2541131526","1546188910","0.691667"
"1981471839","2127424531","0.2"
"2127424531","1981471839","0.2"
"1981471839","2259658967","1.025"
"2259658967","1981471839","1.025"
"1981471839","2541131526","0.602778"
"2541131526","1981471839","0.602778"
"2116295136","2259658967","0.825"
"2259658967","2116295136","0.825"
"2127424531","2259658967","0.342857"
"2259658967","2127424531","0.342857"
"2259658967","2541131526","0.491667"
"2541131526","2259658967","0.491667"
"1546188910","2138581775","0.625"
"2138581775","1546188910","0.625"
"2138581775","2259658967","0.625"
"2259658967","2138581775","0.625"
"1546188910","2132057578","0.125"
"2132057578","1546188910","0.125"
"1546188910","2229652995","0.325"
"2229652995","1546188910","0.325"
"1546188910","2602618150","0.80119"
"2602618150","1546188910","0.80119"
"1981471839","2132057578","0.236111"
"2132057578","1981471839","0.236111"
"1981471839","2229652995","0.125"
"2229652995","1981471839","0.125"
"1981471839","2602618150","0.458333"
"2602618150","1981471839","0.458333"
"2116295136","2229652995","1.26944"
"2229652995","2116295136","1.26944"
"2132057578","2138581775","0.236111"
"2138581775","2132057578","0.236111"
"2132057578","2229652995","0.125"
"2229652995","2132057578","0.125"
"2132057578","2259658967","0.125"
"2259658967","2132057578","0.125"
"2138581775","2229652995","0.125"
"2229652995","2138581775","0.125"
"2138581775","2541131526","0.236111"
"2541131526","2138581775","0.236111"
"2138581775","2602618150","0.125"
"2602618150","2138581775","0.125"
"2229652995","2259658967","0.125"
"2259658967","2229652995","0.125"
"2229652995","2541131526","0.825"
"2541131526","2229652995","0.825"
"2229652995","2602618150","0.325"
"2602618150","2229652995","0.325"
"2259658967","2602618150","0.60119"
"2602618150","2259658967","0.60119"
"1546188910","2102128922","0.142857"
"2102128922","1546188910","0.142857"
"1546188910","2185621475","0.342857"
"2185621475","1546188910","0.342857"
"1546188910","2551478719","0.142857"
"2551478719","1546188910","0.142857"
"1546188910","48382302","0.509524"
"48382302","1546188910","0.509524"
"2102128922","2185621475","0.142857"
"2185621475","2102128922","0.142857"
"2102128922","2259658967","0.142857"
"2259658967","2102128922","0.142857"
"2102128922","2551478719","0.142857"
"2551478719","2102128922","0.142857"
"2102128922","48382302","0.142857"
"48382302","2102128922","0.142857"
"2127424531","2185621475","0.142857"
"2185621475","2127424531","0.142857"
"2127424531","2551478719","0.142857"
"2551478719","2127424531","0.142857"
"2127424531","48382302","0.142857"
"48382302","2127424531","0.142857"
"2185621475","2259658967","0.342857"
"2259658967","2185621475","0.342857"
"2185621475","2602618150","0.142857"
"2602618150","2185621475","0.142857"
"2185621475","48382302","0.342857"
"48382302","2185621475","0.342857"
"2259658967","2551478719","0.142857"
"2551478719","2259658967","0.142857"
"2259658967","48382302","0.509524"
"48382302","2259658967","0.509524"
"2551478719","2602618150","0.142857"
"2602618150","2551478719","0.142857"
"2551478719","48382302","0.142857"
"48382302","2551478719","0.142857"
"2602618150","48382302","0.142857"
"48382302","2602618150","0.142857"
"1546188910","2163835670","0.166667"
"2163835670","1546188910","0.166667"
"1546188910","2602038282","0.366667"
"2602038282","1546188910","0.366667"
"1981471839","2163835670","1.16667"
"2163835670","1981471839","1.16667"
"1981471839","48382302","0.477778"
"48382302","1981471839","0.477778"
"2163835670","2259658967","0.166667"
"2259658967","2163835670","0.166667"
"2163835670","2541131526","0.166667"
"2541131526","2163835670","0.166667"
"2163835670","2602038282","0.166667"
"2602038282","2163835670","0.166667"
"2163835670","48382302","0.166667"
"48382302","2163835670","0.166667"
"2259658967","2602038282","0.366667"
"2602038282","2259658967","0.366667"
"2541131526","2602038282","0.277778"
"2602038282","2541131526","0.277778"
"2541131526","48382302","0.777778"
"48382302","2541131526","0.777778"
"2602038282","48382302","0.477778"
"48382302","2602038282","0.477778"
"2127424531","2229652995","0.2"
"2229652995","2127424531","0.2"
"1569329269","2113304248","2"
"2113304248","1569329269","2"
"1592653705","2068381179","1"
"2068381179","1592653705","1"
"1592653705","2034942038","0.333333"
"2034942038","1592653705","0.333333"
"1592653705","2120706228","0.333333"
"2120706228","1592653705","0.333333"
"1592653705","2602618150","0.333333"
"2602618150","1592653705","0.333333"
"2034942038","2120706228","1.03333"
"2120706228","2034942038","1.03333"
"2034942038","2602618150","0.333333"
"2602618150","2034942038","0.333333"
"1753799222","1987655583","1.25"
"1987655583","1753799222","1.25"
"1753799222","2599001339","1.25"
"2599001339","1753799222","1.25"
"1753799222","92517991","1.25"
"92517991","1753799222","1.25"
"1753799222","2008826565","6.25"
"2008826565","1753799222","6.25"
"1753799222","2054942051","1"
"2054942051","1753799222","1"
"2008826565","2054942051","1"
"2054942051","2008826565","1"
"1987655583","2008826565","0.583333"
"2008826565","1987655583","0.583333"
"2008826565","2599001339","0.583333"
"2599001339","2008826565","0.583333"
"2008826565","92517991","0.583333"
"92517991","2008826565","0.583333"
"176652846","2169659094","0.5"
"2169659094","176652846","0.5"
"176652846","2185531055","0.5"
"2185531055","176652846","0.5"
"2169659094","2185531055","0.5"
"2185531055","2169659094","0.5"
"176652846","2134754630","1.25"
"2134754630","176652846","1.25"
"176652846","1964781845","0.25"
"1964781845","176652846","0.25"
"176652846","2134280934","0.25"
"2134280934","176652846","0.25"
"176652846","2602618150","0.25"
"2602618150","176652846","0.25"
"1964781845","2134754630","0.25"
"2134754630","1964781845","0.25"
"2134280934","2134754630","0.25"
"2134754630","2134280934","0.25"
"2134754630","2602618150","0.5"
"2602618150","2134754630","0.5"
"1837667481","2137837900","3.19444"
"2137837900","1837667481","3.19444"
"1837667481","2487526092","0.75"
"2487526092","1837667481","0.75"
"2137837900","2487526092","2.75"
"2487526092","2137837900","2.75"
"1837667481","1964781845","2.39444"
"1964781845","1837667481","2.39444"
"1837667481","2090247246","6.78333"
"2090247246","1837667481","6.78333"
"1964781845","2090247246","3.78333"
"2090247246","1964781845","3.78333"
"2090247246","2137837900","0.583333"
"2137837900","2090247246","0.583333"
"1964781845","2487526092","0.25"
"2487526092","1964781845","0.25"
"2090247246","2487526092","0.25"
"2487526092","2090247246","0.25"
"1837667481","2238540250","0.5"
"2238540250","1837667481","0.5"
"1837667481","2055658588","0.2"
"2055658588","1837667481","0.2"
"1837667481","2057837180","0.2"
"2057837180","1837667481","0.2"
"1837667481","2185621475","0.2"
"2185621475","1837667481","0.2"
"1964781845","2055658588","0.2"
"2055658588","1964781845","0.2"
"1964781845","2057837180","0.2"
"2057837180","1964781845","0.2"
"1964781845","2185621475","0.2"
"2185621475","1964781845","0.2"
"2055658588","2057837180","7.9"
"2057837180","2055658588","7.9"
"2055658588","2090247246","0.2"
"2090247246","2055658588","0.2"
"2055658588","2185621475","0.2"
"2185621475","2055658588","0.2"
"2057837180","2090247246","0.2"
"2090247246","2057837180","0.2"
"2057837180","2185621475","0.2"
"2185621475","2057837180","0.2"
"2090247246","2185621475","0.2"
"2185621475","2090247246","0.2"
"1837667481","2046471589","0.111111"
"2046471589","1837667481","0.111111"
"1837667481","2102128922","0.111111"
"2102128922","1837667481","0.111111"
"1837667481","2116295136","0.111111"
"2116295136","1837667481","0.111111"
"1837667481","2183296391","0.111111"
"2183296391","1837667481","0.111111"
"1837667481","2223405680","0.111111"
"2223405680","1837667481","0.111111"
"1837667481","2229652995","0.111111"
"2229652995","1837667481","0.111111"
"1837667481","63663212","0.111111"
"63663212","1837667481","0.111111"
"1964781845","2046471589","0.111111"
"2046471589","1964781845","0.111111"
"1964781845","2229652995","0.111111"
"2229652995","1964781845","0.111111"
"1964781845","63663212","0.111111"
"63663212","1964781845","0.111111"
"2046471589","2102128922","0.111111"
"2102128922","2046471589","0.111111"
"2046471589","2116295136","0.111111"
"2116295136","2046471589","0.111111"
"2046471589","2137837900","0.111111"
"2137837900","2046471589","0.111111"
"2046471589","2183296391","0.111111"
"2183296391","2046471589","0.111111"
"2046471589","2223405680","0.111111"
"2223405680","2046471589","0.111111"
"2046471589","2229652995","0.111111"
"2229652995","2046471589","0.111111"
"2046471589","63663212","0.111111"
"63663212","2046471589","0.111111"
"2102128922","2137837900","0.111111"
"2137837900","2102128922","0.111111"
"2102128922","2229652995","0.444444"
"2229652995","2102128922","0.444444"
"2102128922","63663212","2.11111"
"63663212","2102128922","2.11111"
"2116295136","63663212","0.111111"
"63663212","2116295136","0.111111"
"2137837900","2183296391","1.11111"
"2183296391","2137837900","1.11111"
"2137837900","2223405680","0.111111"
"2223405680","2137837900","0.111111"
"2137837900","2229652995","0.111111"
"2229652995","2137837900","0.111111"
"2137837900","63663212","0.111111"
"63663212","2137837900","0.111111"
"2183296391","2229652995","0.444444"
"2229652995","2183296391","0.444444"
"2183296391","63663212","0.111111"
"63663212","2183296391","0.111111"
"2223405680","2229652995","0.111111"
"2229652995","2223405680","0.111111"
"2223405680","63663212","0.111111"
"63663212","2223405680","0.111111"
"2229652995","63663212","0.111111"
"63663212","2229652995","0.111111"
"1879993036","2008190228","0.2"
"2008190228","1879993036","0.2"
"1879993036","2034942038","0.2"
"2034942038","1879993036","0.2"
"1879993036","2120706228","1.81111"
"2120706228","1879993036","1.81111"
"1879993036","2166079152","0.2"
"2166079152","1879993036","0.2"
"1879993036","2741187818","0.2"
"2741187818","1879993036","0.2"
"2008190228","2034942038","0.2"
"2034942038","2008190228","0.2"
"2008190228","2120706228","0.2"
"2120706228","2008190228","0.2"
"2008190228","2166079152","0.2"
"2166079152","2008190228","0.2"
"2008190228","2741187818","0.2"
"2741187818","2008190228","0.2"
"2034942038","2166079152","0.2"
"2166079152","2034942038","0.2"
"2034942038","2741187818","0.2"
"2741187818","2034942038","0.2"
"2120706228","2166079152","0.2"
"2166079152","2120706228","0.2"
"2120706228","2741187818","0.2"
"2741187818","2120706228","0.2"
"2166079152","2741187818","0.2"
"2741187818","2166079152","0.2"
"1879993036","2123832565","1"
"2123832565","1879993036","1"
"1879993036","1981471839","0.111111"
"1981471839","1879993036","0.111111"
"1879993036","2116295136","0.111111"
"2116295136","1879993036","0.111111"
"1879993036","2132057578","0.111111"
"2132057578","1879993036","0.111111"
"1879993036","2138581775","0.111111"
"2138581775","1879993036","0.111111"
"1879993036","2541131526","0.111111"
"2541131526","1879993036","0.111111"
"1879993036","2578188145","0.111111"
"2578188145","1879993036","0.111111"
"1879993036","2602038282","0.111111"
"2602038282","1879993036","0.111111"
"1879993036","48382302","0.111111"
"48382302","1879993036","0.111111"
"1981471839","2120706228","0.111111"
"2120706228","1981471839","0.111111"
"1981471839","2578188145","0.111111"
"2578188145","1981471839","0.111111"
"2116295136","2120706228","0.111111"
"2120706228","2116295136","0.111111"
"2116295136","2578188145","0.611111"
"2578188145","2116295136","0.611111"
"2116295136","48382302","0.611111"
"48382302","2116295136","0.611111"
"2120706228","2132057578","0.111111"
"2132057578","2120706228","0.111111"
"2120706228","2138581775","0.611111"
"2138581775","2120706228","0.611111"
"2120706228","2541131526","0.111111"
"2541131526","2120706228","0.111111"
"2120706228","2578188145","0.111111"
"2578188145","2120706228","0.111111"
"2120706228","2602038282","0.111111"
"2602038282","2120706228","0.111111"
"2120706228","48382302","0.611111"
"48382302","2120706228","0.611111"
"2132057578","2578188145","0.111111"
"2578188145","2132057578","0.111111"
"2132057578","2602038282","0.111111"
"2602038282","2132057578","0.111111"
"2132057578","48382302","0.111111"
"48382302","2132057578","0.111111"
"2138581775","2578188145","0.111111"
"2578188145","2138581775","0.111111"
"2138581775","48382302","0.111111"
"48382302","2138581775","0.111111"
"2541131526","2578188145","0.611111"
"2578188145","2541131526","0.611111"
"2578188145","2602038282","0.111111"
"2602038282","2578188145","0.111111"
"2578188145","48382302","0.111111"
"48382302","2578188145","0.111111"
"1879993036","2187088233","0.5"
"2187088233","1879993036","0.5"
"1964781845","2221572640","0.666667"
"2221572640","1964781845","0.666667"
"2065949211","2100982615","0.166667"
"2100982615","2065949211","0.166667"
"2065949211","2221572640","0.166667"
"2221572640","2065949211","0.166667"
"2073613279","2100982615","0.166667"
"2100982615","2073613279","0.166667"
"2073613279","2221572640","0.166667"
"2221572640","2073613279","0.166667"
"2100982615","2183296391","0.166667"
"2183296391","2100982615","0.166667"
"2100982615","2221572640","0.166667"
"2221572640","2100982615","0.166667"
"2183296391","2221572640","0.166667"
"2221572640","2183296391","0.166667"
"2221572640","2238540250","0.666667"
"2238540250","2221572640","0.666667"
"1973630569","2008190228","3"
"2008190228","1973630569","3"
"1987655583","2068381179","1"
"2068381179","1987655583","1"
"1987655583","2771158352","0.5"
"2771158352","1987655583","0.5"
"2068381179","2771158352","0.5"
"2771158352","2068381179","0.5"
"1987655583","1997272604","0.5"
"1997272604","1987655583","0.5"
"1987655583","2225812146","0.5"
"2225812146","1987655583","0.5"
"1987655583","2339446812","0.25"
"2339446812","1987655583","0.25"
"1997272604","2068381179","0.5"
"2068381179","1997272604","0.5"
"1997272604","2225812146","0.5"
"2225812146","1997272604","0.5"
"1997272604","2339446812","0.25"
"2339446812","1997272604","0.25"
"2068381179","2225812146","0.5"
"2225812146","2068381179","0.5"
"2068381179","2339446812","0.25"
"2339446812","2068381179","0.25"
"2225812146","2339446812","0.25"
"2339446812","2225812146","0.25"
"1987655583","2096529630","0.25"
"2096529630","1987655583","0.25"
"1997272604","2096529630","0.25"
"2096529630","1997272604","0.25"
"2068381179","2096529630","0.25"
"2096529630","2068381179","0.25"
"2096529630","2225812146","3.75"
"2225812146","2096529630","3.75"
"1997272604","2614315687","1"
"2614315687","1997272604","1"
"1997272604","2113304248","0.333333"
"2113304248","1997272604","0.333333"
"1997272604","2116295136","0.333333"
"2116295136","1997272604","0.333333"
"1997272604","2741187818","0.333333"
"2741187818","1997272604","0.333333"
"2113304248","2116295136","0.333333"
"2116295136","2113304248","0.333333"
"2113304248","2741187818","0.333333"
"2741187818","2113304248","0.333333"
"2116295136","2741187818","0.333333"
"2741187818","2116295136","0.333333"
"1997892652","2132057578","2"
"2132057578","1997892652","2"
"2006325180","2044313902","1"
"2044313902","2006325180","1"
"2006325180","2104439660","2"
"2104439660","2006325180","2"
"2008190228","2096529630","0.5"
"2096529630","2008190228","0.5"
"2008190228","2225812146","2"
"2225812146","2008190228","2"
"2008190228","2578188145","1"
"2578188145","2008190228","1"
"2008190228","2127424531","0.5"
"2127424531","2008190228","0.5"
"2127424531","2225812146","0.5"
"2225812146","2127424531","0.5"
"2008826565","2089240907","1"
"2089240907","2008826565","1"
"2014425628","2096529630","4"
"2096529630","2014425628","4"
"2026487650","2049936849","0.5"
"2049936849","2026487650","0.5"
"2026487650","2054942051","0.5"
"2054942051","2026487650","0.5"
"2049936849","2054942051","1.5"
"2054942051","2049936849","1.5"
"2034231915","2146216762","1"
