"1510823066","1569172534","4.86667"
"1569172534","1510823066","4.86667"
"1510823066","2137497609","1.03333"
"2137497609","1510823066","1.03333"
"1569172534","2137497609","1.36667"
"2137497609","1569172534","1.36667"
"1510823066","2030950711","3.33333"
"2030950711","1510823066","3.33333"
"1510823066","2051758752","4.03333"
"2051758752","1510823066","4.03333"
"2030950711","2051758752","21.8333"
"2051758752","2030950711","21.8333"
"1510823066","2493282293","6.2"
"2493282293","1510823066","6.2"
"1569172534","2493282293","4.36667"
"2493282293","1569172534","4.36667"
"2030950711","2493282293","2.33333"
"2493282293","2030950711","2.33333"
"2051758752","2493282293","4.03333"
"2493282293","2051758752","4.03333"
"2137497609","2493282293","0.533333"
"2493282293","2137497609","0.533333"
"1510823066","2056426629","0.2"
"2056426629","1510823066","0.2"
"1569172534","2051758752","0.7"
"2051758752","1569172534","0.7"
"1569172534","2056426629","0.533333"
"2056426629","1569172534","0.533333"
"2051758752","2056426629","0.2"
"2056426629","2051758752","0.2"
"2051758752","2137497609","0.2"
"2137497609","2051758752","0.2"
"2056426629","2137497609","5.03333"
"2137497609","2056426629","5.03333"
"2056426629","2493282293","0.2"
"2493282293","2056426629","0.2"
"1510823066","2182236493","0.333333"
"2182236493","1510823066","0.333333"
"1569172534","2182236493","0.333333"
"2182236493","1569172534","0.333333"
"2182236493","2493282293","0.333333"
"2493282293","2182236493","0.333333"
"1569172534","2030950711","0.5"
"2030950711","1569172534","0.5"
"1569172534","408019","0.333333"
"408019","1569172534","0.333333"
"2056426629","408019","3.83333"
"408019","2056426629","3.83333"
"2137497609","408019","8.83333"
"408019","2137497609","8.83333"
"1580188681","2078149771","1"
"2078149771","1580188681","1"
"1580188681","57923730","1"
"57923730","1580188681","1"
"1580188681","2160196744","1"
"2160196744","1580188681","1"
"159793414","1979100395","0.2"
"1979100395","159793414","0.2"
"159793414","2045741368","0.2"
"2045741368","159793414","0.2"
"159793414","2048954738","0.2"
"2048954738","159793414","0.2"
"159793414","2078149771","1.84583"
"2078149771","159793414","1.84583"
"159793414","75942765","0.2625"
"75942765","159793414","0.2625"
"1979100395","2045741368","1.1"
"2045741368","1979100395","1.1"
"1979100395","2048954738","2.25952"
"2048954738","1979100395","2.25952"
"1979100395","2078149771","0.342857"
"2078149771","1979100395","0.342857"
"1979100395","75942765","0.716667"
"75942765","1979100395","0.716667"
"2045741368","2048954738","0.2"
"2048954738","2045741368","0.2"
"2045741368","2078149771","0.290909"
"2078149771","2045741368","0.290909"
"2045741368","75942765","0.690909"
"75942765","2045741368","0.690909"
"2048954738","2078149771","0.842857"
"2078149771","2048954738","0.842857"
"2048954738","75942765","0.575"
"75942765","2048954738","0.575"
"2078149771","75942765","1.02008"
"75942765","2078149771","1.02008"
"159793414","2160196744","6.8125"
"2160196744","159793414","6.8125"
"159793414","1605449361","0.0625"
"1605449361","159793414","0.0625"
"159793414","2071109087","0.645833"
"2071109087","159793414","0.645833"
"159793414","2112766278","0.0625"
"2112766278","159793414","0.0625"
"159793414","2124986677","0.0625"
"2124986677","159793414","0.0625"
"159793414","2129710280","0.0625"
"2129710280","159793414","0.0625"
"159793414","2134000253","0.0625"
"2134000253","159793414","0.0625"
"159793414","2135081949","0.8125"
"2135081949","159793414","0.8125"
"159793414","2155403943","0.0625"
"2155403943","159793414","0.0625"
"159793414","2156315212","0.0625"
"2156315212","159793414","0.0625"
"159793414","2164414043","0.0625"
"2164414043","159793414","0.0625"
"159793414","2182444736","0.0625"
"2182444736","159793414","0.0625"
"159793414","2403780646","0.395833"
"2403780646","159793414","0.395833"
"159793414","828036277","0.0625"
"828036277","159793414","0.0625"
"1605449361","2071109087","0.0625"
"2071109087","1605449361","0.0625"
"1605449361","2078149771","0.153409"
"2078149771","1605449361","0.153409"
"1605449361","2112766278","4.26174"
"2112766278","1605449361","4.26174"
"1605449361","2124986677","2.26098"
"2124986677","1605449361","2.26098"
"1605449361","2129710280","3.86932"
"2129710280","1605449361","3.86932"
"1605449361","2134000253","1.18718"
"2134000253","1605449361","1.18718"
"1605449361","2135081949","0.153409"
"2135081949","1605449361","0.153409"
"1605449361","2155403943","2.13598"
"2155403943","1605449361","2.13598"
"1605449361","2156315212","0.787175"
"2156315212","1605449361","0.787175"
"1605449361","2160196744","0.362933"
"2160196744","1605449361","0.362933"
"1605449361","2164414043","1.12051"
"2164414043","1605449361","1.12051"
"1605449361","2182444736","1.23674"
"2182444736","1605449361","1.23674"
"1605449361","2403780646","1.78036"
"2403780646","1605449361","1.78036"
"1605449361","75942765","2.33598"
"75942765","1605449361","2.33598"
"1605449361","828036277","4.97127"
"828036277","1605449361","4.97127"
"2071109087","2078149771","11.4554"
"2078149771","2071109087","11.4554"
"2071109087","2112766278","0.0625"
"2112766278","2071109087","0.0625"
"2071109087","2124986677","0.0625"
"2124986677","2071109087","0.0625"
"2071109087","2129710280","0.0625"
"2129710280","2071109087","0.0625"
"2071109087","2134000253","0.0625"
"2134000253","2071109087","0.0625"
"2071109087","2135081949","2.97917"
"2135081949","2071109087","2.97917"
"2071109087","2155403943","0.0625"
"2155403943","2071109087","0.0625"
"2071109087","2156315212","0.0625"
"2156315212","2071109087","0.0625"
"2071109087","2160196744","1.97917"
"2160196744","2071109087","1.97917"
"2071109087","2164414043","0.0625"
"2164414043","2071109087","0.0625"
"2071109087","2182444736","0.0625"
"2182444736","2071109087","0.0625"
"2071109087","2403780646","0.53869"
"2403780646","2071109087","0.53869"
"2071109087","75942765","0.0625"
"75942765","2071109087","0.0625"
"2071109087","828036277","0.205357"
"828036277","2071109087","0.205357"
"2078149771","2112766278","0.229167"
"2112766278","2078149771","0.229167"
"2078149771","2124986677","0.153409"
"2124986677","2078149771","0.153409"
"2078149771","2129710280","0.153409"
"2129710280","2078149771","0.153409"
"2078149771","2134000253","0.320076"
"2134000253","2078149771","0.320076"
"2078149771","2135081949","3.07008"
"2135081949","2078149771","3.07008"
"2078149771","2155403943","0.153409"
"2155403943","2078149771","0.153409"
"2078149771","2156315212","0.320076"
"2156315212","2078149771","0.320076"
"2078149771","2160196744","1.97917"
"2160196744","2078149771","1.97917"
"2078149771","2164414043","0.320076"
"2164414043","2078149771","0.320076"
"2078149771","2182444736","0.153409"
"2182444736","2078149771","0.153409"
"2078149771","2403780646","1.03869"
"2403780646","2078149771","1.03869"
"2078149771","828036277","1.87202"
"828036277","2078149771","1.87202"
"2112766278","2124986677","1.22008"
"2124986677","2112766278","1.22008"
"2112766278","2129710280","0.678409"
"2129710280","2112766278","0.678409"
"2112766278","2134000253","0.386742"
"2134000253","2112766278","0.386742"
"2112766278","2135081949","0.0625"
"2135081949","2112766278","0.0625"
"2112766278","2155403943","0.345076"
"2155403943","2112766278","0.345076"
"2112766278","2156315212","0.386742"
"2156315212","2112766278","0.386742"
"2112766278","2160196744","0.220076"
"2160196744","2112766278","0.220076"
"2112766278","2164414043","0.386742"
"2164414043","2112766278","0.386742"
"2112766278","2182444736","0.0625"
"2182444736","2112766278","0.0625"
"2112766278","2403780646","0.1875"
"2403780646","2112766278","0.1875"
"2112766278","75942765","1.09508"
"75942765","2112766278","1.09508"
"2112766278","828036277","1.17841"
"828036277","2112766278","1.17841"
"2124986677","2129710280","1.01098"
"2129710280","2124986677","1.01098"
"2124986677","2134000253","4.01098"
"2134000253","2124986677","4.01098"
"2124986677","2135081949","0.153409"
"2135081949","2124986677","0.153409"
"2124986677","2155403943","0.510985"
"2155403943","2124986677","0.510985"
"2124986677","2156315212","0.310985"
"2156315212","2124986677","0.310985"
"2124986677","2160196744","0.220076"
"2160196744","2124986677","0.220076"
"2124986677","2164414043","0.310985"
"2164414043","2124986677","0.310985"
"2124986677","2182444736","0.403409"
"2182444736","2124986677","0.403409"
"2124986677","2403780646","0.3125"
"2403780646","2124986677","0.3125"
"2124986677","75942765","0.510985"
"75942765","2124986677","0.510985"
"2124986677","828036277","0.220076"
"828036277","2124986677","0.220076"
"2129710280","2134000253","0.710985"
"2134000253","2129710280","0.710985"
"2129710280","2135081949","0.153409"
"2135081949","2129710280","0.153409"
"2129710280","2155403943","1.13598"
"2155403943","2129710280","1.13598"
"2129710280","2156315212","0.310985"
"2156315212","2129710280","0.310985"
"2129710280","2160196744","0.220076"
"2160196744","2129710280","0.220076"
"2129710280","2164414043","0.310985"
"2164414043","2129710280","0.310985"
"2129710280","2182444736","0.153409"
"2182444736","2129710280","0.153409"
"2129710280","2403780646","0.8875"
"2403780646","2129710280","0.8875"
"2129710280","75942765","1.33598"
"75942765","2129710280","1.33598"
"2129710280","828036277","1.57841"
"828036277","2129710280","1.57841"
"2134000253","2135081949","0.153409"
"2135081949","2134000253","0.153409"
"2134000253","2155403943","0.510985"
"2155403943","2134000253","0.510985"
"2134000253","2156315212","2.95384"
"2156315212","2134000253","2.95384"
"2134000253","2160196744","0.362933"
"2160196744","2134000253","0.362933"
"2134000253","2164414043","1.95384"
"2164414043","2134000253","1.95384"
"2134000253","2182444736","0.153409"
"2182444736","2134000253","0.153409"
"2134000253","2403780646","0.405357"
"2403780646","2134000253","0.405357"
"2134000253","75942765","0.677652"
"75942765","2134000253","0.677652"
"2134000253","828036277","0.7296"
"828036277","2134000253","0.7296"
"2135081949","2155403943","0.153409"
"2155403943","2135081949","0.153409"
"2135081949","2156315212","0.153409"
"2156315212","2135081949","0.153409"
"2135081949","2160196744","5.47917"
"2160196744","2135081949","5.47917"
"2135081949","2164414043","0.153409"
"2164414043","2135081949","0.153409"
"2135081949","2182444736","0.153409"
"2182444736","2135081949","0.153409"
"2135081949","2403780646","0.0625"
"2403780646","2135081949","0.0625"
"2135081949","75942765","0.153409"
"75942765","2135081949","0.153409"
"2135081949","828036277","0.0625"
"828036277","2135081949","0.0625"
"2155403943","2156315212","0.310985"
"2156315212","2155403943","0.310985"
"2155403943","2160196744","0.220076"
"2160196744","2155403943","0.220076"
"2155403943","2164414043","0.310985"
"2164414043","2155403943","0.310985"
"2155403943","2182444736","0.153409"
"2182444736","2155403943","0.153409"
"2155403943","2403780646","0.6875"
"2403780646","2155403943","0.6875"
"2155403943","75942765","0.635985"
"75942765","2155403943","0.635985"
"2155403943","828036277","0.345076"
"828036277","2155403943","0.345076"
"2156315212","2160196744","0.362933"
"2160196744","2156315212","0.362933"
"2156315212","2164414043","2.45384"
"2164414043","2156315212","2.45384"
"2156315212","2182444736","0.153409"
"2182444736","2156315212","0.153409"
"2156315212","2403780646","0.205357"
"2403780646","2156315212","0.205357"
"2156315212","75942765","1.47765"
"75942765","2156315212","1.47765"
"2156315212","828036277","0.862933"
"828036277","2156315212","0.862933"
"2160196744","2164414043","0.362933"
"2164414043","2160196744","0.362933"
"2160196744","2182444736","0.0625"
"2182444736","2160196744","0.0625"
"2160196744","2403780646","0.205357"
"2403780646","2160196744","0.205357"
"2160196744","75942765","0.220076"
"75942765","2160196744","0.220076"
"2160196744","828036277","0.362933"
"828036277","2160196744","0.362933"
"2164414043","2182444736","0.153409"
"2182444736","2164414043","0.153409"
"2164414043","2403780646","0.205357"
"2403780646","2164414043","0.205357"
"2164414043","75942765","1.14432"
"75942765","2164414043","1.14432"
"2164414043","828036277","1.19627"
"828036277","2164414043","1.19627"
"2182444736","2403780646","5.89583"
"2403780646","2182444736","5.89583"
"2182444736","75942765","0.486742"
"75942765","2182444736","0.486742"
"2182444736","828036277","4.5625"
"828036277","2182444736","4.5625"
"2403780646","75942765","1.6875"
"75942765","2403780646","1.6875"
"2403780646","828036277","2.33988"
"828036277","2403780646","2.33988"
"75942765","828036277","2.46174"
"828036277","75942765","2.46174"
"1605449361","2016299540","0.775"
"2016299540","1605449361","0.775"
"1605449361","2048954738","1.375"
"2048954738","1605449361","1.375"
"2016299540","2048954738","0.125"
"2048954738","2016299540","0.125"
"2016299540","2112766278","0.191667"
"2112766278","2016299540","0.191667"
"2016299540","2129710280","0.191667"
"2129710280","2016299540","0.191667"
"2016299540","2155403943","0.191667"
"2155403943","2016299540","0.191667"
"2016299540","2403780646","0.125"
"2403780646","2016299540","0.125"
"2016299540","75942765","12.9417"
"75942765","2016299540","12.9417"
"2016299540","828036277","0.775"
"828036277","2016299540","0.775"
"2048954738","2112766278","0.375"
"2112766278","2048954738","0.375"
"2048954738","2129710280","0.125"
"2129710280","2048954738","0.125"
"2048954738","2155403943","0.125"
"2155403943","2048954738","0.125"
"2048954738","2403780646","1.01786"
"2403780646","2048954738","1.01786"
"2048954738","828036277","1.76786"
"828036277","2048954738","1.76786"
"1605449361","1890012590","0.157576"
"1890012590","1605449361","0.157576"
"1605449361","1979100395","2.93333"
"1979100395","1605449361","2.93333"
"1605449361","2045741368","1.1671"
"2045741368","1605449361","1.1671"
"1605449361","89853890","0.316667"
"89853890","1605449361","0.316667"
"1890012590","1979100395","0.0666667"
"1979100395","1890012590","0.0666667"
"1890012590","2016299540","0.0666667"
"2016299540","1890012590","0.0666667"
"1890012590","2045741368","0.0666667"
"2045741368","1890012590","0.0666667"
"1890012590","2112766278","1.15758"
"2112766278","1890012590","1.15758"
"1890012590","2124986677","0.157576"
"2124986677","1890012590","0.157576"
"1890012590","2129710280","0.157576"
"2129710280","1890012590","0.157576"
"1890012590","2134000253","0.157576"
"2134000253","1890012590","0.157576"
"1890012590","2155403943","0.157576"
"2155403943","1890012590","0.157576"
"1890012590","2156315212","0.157576"
"2156315212","1890012590","0.157576"
"1890012590","2160196744","0.157576"
"2160196744","1890012590","0.157576"
"1890012590","2164414043","0.157576"
"2164414043","1890012590","0.157576"
"1890012590","75942765","0.157576"
"75942765","1890012590","0.157576"
"1890012590","828036277","0.157576"
"828036277","1890012590","0.157576"
"1890012590","89853890","0.0666667"
"89853890","1890012590","0.0666667"
"1979100395","2016299540","0.316667"
"2016299540","1979100395","0.316667"
"1979100395","2112766278","0.0666667"
"2112766278","1979100395","0.0666667"
"1979100395","2124986677","0.316667"
"2124986677","1979100395","0.316667"
"1979100395","2129710280","0.266667"
"2129710280","1979100395","0.266667"
"1979100395","2134000253","0.4"
"2134000253","1979100395","0.4"
"1979100395","2155403943","0.0666667"
"2155403943","1979100395","0.0666667"
"1979100395","2156315212","0.4"
"2156315212","1979100395","0.4"
"1979100395","2160196744","0.0666667"
"2160196744","1979100395","0.0666667"
"1979100395","2164414043","0.566667"
"2164414043","1979100395","0.566667"
"1979100395","828036277","1.15952"
"828036277","1979100395","1.15952"
"1979100395","89853890","0.0666667"
"89853890","1979100395","0.0666667"
"2016299540","2045741368","0.0666667"
"2045741368","2016299540","0.0666667"
"2016299540","2124986677","0.0666667"
"2124986677","2016299540","0.0666667"
"2016299540","2134000253","0.0666667"
"2134000253","2016299540","0.0666667"
"2016299540","2156315212","0.0666667"
"2156315212","2016299540","0.0666667"
"2016299540","2160196744","0.0666667"
"2160196744","2016299540","0.0666667"
"2016299540","2164414043","0.733333"
"2164414043","2016299540","0.733333"
"2016299540","89853890","1.56667"
"89853890","2016299540","1.56667"
"2045741368","2112766278","0.0666667"
"2112766278","2045741368","0.0666667"
"2045741368","2124986677","0.657576"
"2124986677","2045741368","0.657576"
"2045741368","2129710280","0.357576"
"2129710280","2045741368","0.357576"
"2045741368","2134000253","3.6671"
"2134000253","2045741368","3.6671"
"2045741368","2155403943","0.157576"
"2155403943","2045741368","0.157576"
"2045741368","2156315212","3.63377"
"2156315212","2045741368","3.63377"
"2045741368","2160196744","0.209524"
"2160196744","2045741368","0.209524"
"2045741368","2164414043","1.13377"
"2164414043","2045741368","1.13377"
"2045741368","828036277","0.742857"
"828036277","2045741368","0.742857"
"2045741368","89853890","0.0666667"
"89853890","2045741368","0.0666667"
"2112766278","89853890","0.316667"
"89853890","2112766278","0.316667"
"2124986677","89853890","0.0666667"
"89853890","2124986677","0.0666667"
"2129710280","89853890","0.0666667"
"89853890","2129710280","0.0666667"
"2134000253","89853890","0.0666667"
"89853890","2134000253","0.0666667"
"2155403943","89853890","0.0666667"
"89853890","2155403943","0.0666667"
"2156315212","89853890","0.0666667"
"89853890","2156315212","0.0666667"
"2160196744","89853890","0.0666667"
"89853890","2160196744","0.0666667"
"2164414043","89853890","0.0666667"
"89853890","2164414043","0.0666667"
"75942765","89853890","2.81667"
"89853890","75942765","2.81667"
"828036277","89853890","0.0666667"
"89853890","828036277","0.0666667"
"2016299540","2182444736","0.333333"
"2182444736","2016299540","0.333333"
"2048954738","2182444736","1.25"
"2182444736","2048954738","1.25"
"2045741368","2403780646","0.342857"
"2403780646","2045741368","0.342857"
"2048954738","89853890","0.25"
"89853890","2048954738","0.25"
"1605449361","2046162825","1.36667"
"2046162825","1605449361","1.36667"
"2045741368","2135081949","0.0909091"
"2135081949","2045741368","0.0909091"
"2045741368","2182444736","0.0909091"
"2182444736","2045741368","0.0909091"
"1979100395","2046162825","2.84286"
"2046162825","1979100395","2.84286"
"2046162825","2129710280","0.2"
"2129710280","2046162825","0.2"
"2046162825","75942765","0.2"
"75942765","2046162825","0.2"
"2046162825","828036277","1.50952"
"828036277","2046162825","1.50952"
"1605449361","2068530984","0.166667"
"2068530984","1605449361","0.166667"
"1979100395","2068530984","0.559524"
"2068530984","1979100395","0.559524"
"1979100395","2182444736","1"
"2182444736","1979100395","1"
"1979100395","2403780646","2.14286"
"2403780646","1979100395","2.14286"
"2046162825","2048954738","1.30952"
"2048954738","2046162825","1.30952"
"2046162825","2068530984","6.47619"
"2068530984","2046162825","6.47619"
"2046162825","2182444736","1"
"2182444736","2046162825","1"
"2046162825","2403780646","1.80952"
"2403780646","2046162825","1.80952"
"2048954738","2068530984","3.05952"
"2068530984","2048954738","3.05952"
"2068530984","2182444736","0.416667"
"2182444736","2068530984","0.416667"
"2068530984","2403780646","1.22619"
"2403780646","2068530984","1.22619"
"1782085801","2016299540","0.333333"
"2016299540","1782085801","0.333333"
"1782085801","2164414043","0.333333"
"2164414043","1782085801","0.333333"
"1782085801","75942765","0.333333"
"75942765","1782085801","0.333333"
"1979100395","2071109087","0.142857"
"2071109087","1979100395","0.142857"
"2046162825","2071109087","0.142857"
"2071109087","2046162825","0.142857"
"2046162825","2078149771","0.142857"
"2078149771","2046162825","0.142857"
"2048954738","2071109087","0.142857"
"2071109087","2048954738","0.142857"
"2068530984","2071109087","0.142857"
"2071109087","2068530984","0.142857"
"2068530984","2078149771","0.142857"
"2078149771","2068530984","0.142857"
"2068530984","828036277","0.809524"
"828036277","2068530984","0.809524"
"2062494161","2156315212","0.5"
"2156315212","2062494161","0.5"
"2062494161","2164414043","0.5"
"2164414043","2062494161","0.5"
"2137497609","2164414043","1"
"2164414043","2137497609","1"
"2155403943","408019","0.5"
"408019","2155403943","0.5"
"2403780646","408019","0.5"
"408019","2403780646","0.5"
