"109031910","1606433013","6.45833"
"1606433013","109031910","6.45833"
"109031910","2014238255","1.89167"
"2014238255","109031910","1.89167"
"109031910","2077090091","4.05833"
"2077090091","109031910","4.05833"
"109031910","2159682002","2.39167"
"2159682002","109031910","2.39167"
"109031910","2187879783","0.866667"
"2187879783","109031910","0.866667"
"1606433013","2014238255","1.05833"
"2014238255","1606433013","1.05833"
"1606433013","2077090091","32.5417"
"2077090091","1606433013","32.5417"
"1606433013","2159682002","1.75833"
"2159682002","1606433013","1.75833"
"1606433013","2187879783","1.03333"
"2187879783","1606433013","1.03333"
"2014238255","2077090091","0.858333"
"2077090091","2014238255","0.858333"
"2014238255","2159682002","0.691667"
"2159682002","2014238255","0.691667"
"2014238255","2187879783","0.366667"
"2187879783","2014238255","0.366667"
"2077090091","2159682002","0.691667"
"2159682002","2077090091","0.691667"
"2077090091","2187879783","0.366667"
"2187879783","2077090091","0.366667"
"2159682002","2187879783","9.53333"
"2187879783","2159682002","9.53333"
"109031910","1700302626","4.925"
"1700302626","109031910","4.925"
"109031910","1851187944","0.958333"
"1851187944","109031910","0.958333"
"109031910","2111971541","2.65833"
"2111971541","109031910","2.65833"
"109031910","2131917816","0.125"
"2131917816","109031910","0.125"
"1606433013","1700302626","5.375"
"1700302626","1606433013","5.375"
"1606433013","1851187944","0.708333"
"1851187944","1606433013","0.708333"
"1606433013","2111971541","1.475"
"2111971541","1606433013","1.475"
"1606433013","2131917816","2.075"
"2131917816","1606433013","2.075"
"1700302626","1851187944","2.04167"
"1851187944","1700302626","2.04167"
"1700302626","2014238255","1.69167"
"2014238255","1700302626","1.69167"
"1700302626","2077090091","2.975"
"2077090091","1700302626","2.975"
"1700302626","2111971541","2.525"
"2111971541","1700302626","2.525"
"1700302626","2131917816","0.375"
"2131917816","1700302626","0.375"
"1700302626","2159682002","3.05833"
"2159682002","1700302626","3.05833"
"1851187944","2014238255","2.625"
"2014238255","1851187944","2.625"
"1851187944","2077090091","0.375"
"2077090091","1851187944","0.375"
"1851187944","2111971541","2.625"
"2111971541","1851187944","2.625"
"1851187944","2131917816","0.625"
"2131917816","1851187944","0.625"
"1851187944","2159682002","0.125"
"2159682002","1851187944","0.125"
"2014238255","2111971541","0.491667"
"2111971541","2014238255","0.491667"
"2014238255","2131917816","1.125"
"2131917816","2014238255","1.125"
"2077090091","2111971541","1.475"
"2111971541","2077090091","1.475"
"2077090091","2131917816","1.075"
"2131917816","2077090091","1.075"
"2111971541","2131917816","0.325"
"2131917816","2111971541","0.325"
"2111971541","2159682002","0.491667"
"2159682002","2111971541","0.491667"
"2131917816","2159682002","0.125"
"2159682002","2131917816","0.125"
"109031910","2007807436","0.166667"
"2007807436","109031910","0.166667"
"109031910","2108321362","2.06667"
"2108321362","109031910","2.06667"
"109031910","2150098915","0.166667"
"2150098915","109031910","0.166667"
"1606433013","2007807436","1.11667"
"2007807436","1606433013","1.11667"
"1606433013","2108321362","2.93333"
"2108321362","1606433013","2.93333"
"1606433013","2150098915","0.5"
"2150098915","1606433013","0.5"
"2007807436","2014238255","8.16667"
"2014238255","2007807436","8.16667"
"2007807436","2077090091","1.11667"
"2077090091","2007807436","1.11667"
"2007807436","2108321362","0.166667"
"2108321362","2007807436","0.166667"
"2007807436","2150098915","0.166667"
"2150098915","2007807436","0.166667"
"2014238255","2108321362","0.366667"
"2108321362","2014238255","0.366667"
"2014238255","2150098915","0.166667"
"2150098915","2014238255","0.166667"
"2077090091","2108321362","2.36667"
"2108321362","2077090091","2.36667"
"2077090091","2150098915","0.5"
"2150098915","2077090091","0.5"
"2108321362","2150098915","1.5"
"2150098915","2108321362","1.5"
"109031910","1600337181","2.4"
"1600337181","109031910","2.4"
"1600337181","1700302626","1.81667"
"1700302626","1600337181","1.81667"
"109031910","2013055403","0.2"
"2013055403","109031910","0.2"
"1600337181","1606433013","0.9"
"1606433013","1600337181","0.9"
"1600337181","2013055403","0.783333"
"2013055403","1600337181","0.783333"
"1600337181","2077090091","0.7"
"2077090091","1600337181","0.7"
"1606433013","2013055403","0.4"
"2013055403","1606433013","0.4"
"1700302626","2013055403","0.783333"
"2013055403","1700302626","0.783333"
"2013055403","2077090091","0.4"
"2077090091","2013055403","0.4"
"1600337181","2108321362","0.533333"
"2108321362","1600337181","0.533333"
"1600337181","2159682002","0.2"
"2159682002","1600337181","0.2"
"1700302626","2108321362","2.93333"
"2108321362","1700302626","2.93333"
"2108321362","2159682002","1.26667"
"2159682002","2108321362","1.26667"
"109031910","2012785914","0.666667"
"2012785914","109031910","0.666667"
"1606433013","2012785914","0.666667"
"2012785914","1606433013","0.666667"
"1700302626","2012785914","1.41667"
"2012785914","1700302626","1.41667"
"1700302626","2187879783","0.833333"
"2187879783","1700302626","0.833333"
"2012785914","2108321362","0.166667"
"2108321362","2012785914","0.166667"
"2012785914","2159682002","0.666667"
"2159682002","2012785914","0.666667"
"2012785914","2187879783","0.166667"
"2187879783","2012785914","0.166667"
"2108321362","2187879783","0.666667"
"2187879783","2108321362","0.666667"
"1600337181","2014238255","0.5"
"2014238255","1600337181","0.5"
"1600337181","2111971541","0.583333"
"2111971541","1600337181","0.583333"
"2108321362","2111971541","0.783333"
"2111971541","2108321362","0.783333"
"1600337181","2012785914","0.25"
"2012785914","1600337181","0.25"
"2012785914","2013055403","0.25"
"2013055403","2012785914","0.25"
"2012785914","2111971541","0.25"
"2111971541","2012785914","0.25"
"2013055403","2111971541","0.95"
"2111971541","2013055403","0.95"
"1600337181","1851187944","0.833333"
"1851187944","1600337181","0.833333"
"1600337181","2131917816","0.5"
"2131917816","1600337181","0.5"
"1851187944","2013055403","0.833333"
"2013055403","1851187944","0.833333"
"2111971541","2187879783","0.166667"
"2187879783","2111971541","0.166667"
"1700302626","2007807436","0.25"
"2007807436","1700302626","0.25"
"2007807436","2131917816","0.45"
"2131917816","2007807436","0.45"
"2007807436","2013055403","0.2"
"2013055403","2007807436","0.2"
"2007807436","2111971541","0.2"
"2111971541","2007807436","0.2"
"2013055403","2131917816","0.2"
"2131917816","2013055403","0.2"
"1851187944","2108321362","0.25"
"2108321362","1851187944","0.25"
"2012785914","2077090091","0.5"
"2077090091","2012785914","0.5"
"1700302626","2150098915","1"
"2150098915","1700302626","1"
"1851187944","2150098915","1"
"2150098915","1851187944","1"
