"1564622664","2106713914","2.28377"
"2106713914","1564622664","2.28377"
"1564622664","1565726697","5.25563"
"1565726697","1564622664","5.25563"
"1564622664","2101176629","1.39091"
"2101176629","1564622664","1.39091"
"1564622664","2102626454","3.39848"
"2102626454","1564622664","3.39848"
"1564622664","2151589387","1.36472"
"2151589387","1564622664","1.36472"
"1565726697","2101176629","1.49805"
"2101176629","1565726697","1.49805"
"1565726697","2102626454","4.827"
"2102626454","1565726697","4.827"
"1565726697","2151589387","1.85275"
"2151589387","1565726697","1.85275"
"2101176629","2102626454","1.64091"
"2102626454","2101176629","1.64091"
"2101176629","2151589387","0.864719"
"2151589387","2101176629","0.864719"
"2102626454","2151589387","5.277"
"2151589387","2102626454","5.277"
"1564622664","2148947809","3.26234"
"2148947809","1564622664","3.26234"
"1564622664","1789058150","1.13896"
"1789058150","1564622664","1.13896"
"1564622664","1913163808","1.04805"
"1913163808","1564622664","1.04805"
"1565726697","1789058150","3.952"
"1789058150","1565726697","3.952"
"1565726697","1913163808","3.92656"
"1913163808","1565726697","3.92656"
"1789058150","1913163808","5.23609"
"1913163808","1789058150","5.23609"
"1789058150","2102626454","4.37624"
"2102626454","1789058150","4.37624"
"1913163808","2102626454","2.03609"
"2102626454","1913163808","2.03609"
"2106713914","2148947809","0.6"
"2148947809","2106713914","0.6"
"1564622664","2066817178","0.314286"
"2066817178","1564622664","0.314286"
"1564622664","2149432029","0.638961"
"2149432029","1564622664","0.638961"
"1789058150","2066817178","2.25156"
"2066817178","1789058150","2.25156"
"1789058150","2101176629","0.798052"
"2101176629","1789058150","0.798052"
"1789058150","2106713914","0.333766"
"2106713914","1789058150","0.333766"
"1789058150","2149432029","1.67541"
"2149432029","1789058150","1.67541"
"1913163808","2066817178","0.50232"
"2066817178","1913163808","0.50232"
"1913163808","2101176629","1.21472"
"2101176629","1913163808","1.21472"
"1913163808","2106713914","0.500433"
"2106713914","1913163808","0.500433"
"1913163808","2149432029","3.10831"
"2149432029","1913163808","3.10831"
"2066817178","2101176629","0.314286"
"2101176629","2066817178","0.314286"
"2066817178","2102626454","4.0849"
"2102626454","2066817178","4.0849"
"2066817178","2106713914","0.242857"
"2106713914","2066817178","0.242857"
"2066817178","2149432029","0.849542"
"2149432029","2066817178","0.849542"
"2101176629","2106713914","3.78377"
"2106713914","2101176629","3.78377"
"2101176629","2149432029","0.548052"
"2149432029","2101176629","0.548052"
"2102626454","2106713914","0.783766"
"2106713914","2102626454","0.783766"
"2102626454","2149432029","1.37422"
"2149432029","2102626454","1.37422"
"2106713914","2149432029","0.333766"
"2149432029","2106713914","0.333766"
"1564622664","2138556712","0.503247"
"2138556712","1564622664","0.503247"
"1564622664","2159586473","0.392857"
"2159586473","1564622664","0.392857"
"1565726697","2138556712","1.36436"
"2138556712","1565726697","1.36436"
"1565726697","2159586473","0.747558"
"2159586473","1565726697","0.747558"
"2102626454","2138556712","3.3636"
"2138556712","2102626454","3.3636"
"2102626454","2159586473","2.83089"
"2159586473","2102626454","2.83089"
"2138556712","2159586473","0.361111"
"2159586473","2138556712","0.361111"
"1564622664","1911633385","0.605195"
"1911633385","1564622664","0.605195"
"1564622664","2020731068","0.142857"
"2020731068","1564622664","0.142857"
"1565726697","1911633385","1.1599"
"1911633385","1565726697","1.1599"
"1565726697","2020731068","0.142857"
"2020731068","1565726697","0.142857"
"1911633385","2020731068","1.47619"
"2020731068","1911633385","1.47619"
"1911633385","2101176629","2.68853"
"2101176629","1911633385","2.68853"
"1911633385","2102626454","0.793229"
"2102626454","1911633385","0.793229"
"1911633385","2151589387","0.493229"
"2151589387","1911633385","0.493229"
"1911633385","2159586473","0.747558"
"2159586473","1911633385","0.747558"
"2020731068","2101176629","0.47619"
"2101176629","2020731068","0.47619"
"2020731068","2102626454","0.142857"
"2102626454","2020731068","0.142857"
"2020731068","2151589387","0.142857"
"2151589387","2020731068","0.142857"
"2020731068","2159586473","3.14286"
"2159586473","2020731068","3.14286"
"2101176629","2159586473","1.39286"
"2159586473","2101176629","1.39286"
"2151589387","2159586473","1.08089"
"2159586473","2151589387","1.08089"
"1565726697","2106713914","0.640909"
"2106713914","1565726697","0.640909"
"1911633385","2106713914","2.22424"
"2106713914","1911633385","2.22424"
"1564622664","2102996914","0.0714286"
"2102996914","1564622664","0.0714286"
"1564622664","2144378546","0.662338"
"2144378546","1564622664","0.662338"
"1564622664","2186973573","0.162338"
"2186973573","1564622664","0.162338"
"1565726697","2066817178","2.1928"
"2066817178","1565726697","2.1928"
"1565726697","2102996914","0.523352"
"2102996914","1565726697","0.523352"
"1565726697","2144378546","1.19759"
"2144378546","1565726697","1.19759"
"1565726697","2148947809","0.405195"
"2148947809","1565726697","0.405195"
"1565726697","2149432029","4.32422"
"2149432029","1565726697","4.32422"
"1565726697","2186973573","0.439261"
"2186973573","1565726697","0.439261"
"1789058150","1911633385","0.817039"
"1911633385","1789058150","0.817039"
"1789058150","2102996914","0.814261"
"2102996914","1789058150","0.814261"
"1789058150","2138556712","1.45527"
"2138556712","1789058150","1.45527"
"1789058150","2144378546","1.1135"
"2144378546","1789058150","1.1135"
"1789058150","2148947809","0.405195"
"2148947809","1789058150","0.405195"
"1789058150","2151589387","1.46747"
"2151589387","1789058150","1.46747"
"1789058150","2186973573","0.439261"
"2186973573","1789058150","0.439261"
"1911633385","1913163808","1.90037"
"1913163808","1911633385","1.90037"
"1911633385","2066817178","0.359463"
"2066817178","1911633385","0.359463"
"1911633385","2102996914","0.148352"
"2102996914","1911633385","0.148352"
"1911633385","2138556712","0.273449"
"2138556712","1911633385","0.273449"
"1911633385","2144378546","0.148352"
"2144378546","1911633385","0.148352"
"1911633385","2148947809","1.25476"
"2148947809","1911633385","1.25476"
"1911633385","2149432029","1.03926"
"2149432029","1911633385","1.03926"
"1911633385","2186973573","0.439261"
"2186973573","1911633385","0.439261"
"1913163808","2102996914","0.648352"
"2102996914","1913163808","0.648352"
"1913163808","2138556712","0.523449"
"2138556712","1913163808","0.523449"
"1913163808","2144378546","0.481685"
"2144378546","1913163808","0.481685"
"1913163808","2148947809","1.50476"
"2148947809","1913163808","1.50476"
"1913163808","2151589387","1.2099"
"2151589387","1913163808","1.2099"
"1913163808","2186973573","0.939261"
"2186973573","1913163808","0.939261"
"2066817178","2102996914","1.02259"
"2102996914","2066817178","1.02259"
"2066817178","2138556712","0.856782"
"2138556712","2066817178","0.856782"
"2066817178","2144378546","2.52259"
"2144378546","2066817178","2.52259"
"2066817178","2148947809","0.171429"
"2148947809","2066817178","0.171429"
"2066817178","2151589387","2.14204"
"2151589387","2066817178","2.14204"
"2066817178","2186973573","0.148352"
"2186973573","2066817178","0.148352"
"2101176629","2102996914","0.0714286"
"2102996914","2101176629","0.0714286"
"2101176629","2138556712","0.162338"
"2138556712","2101176629","0.162338"
"2101176629","2144378546","0.0714286"
"2144378546","2101176629","0.0714286"
"2101176629","2148947809","0.421429"
"2148947809","2101176629","0.421429"
"2101176629","2186973573","0.162338"
"2186973573","2101176629","0.162338"
"2102626454","2102996914","1.26426"
"2102996914","2102626454","1.26426"
"2102626454","2144378546","1.9885"
"2144378546","2102626454","1.9885"
"2102626454","2148947809","0.845671"
"2148947809","2102626454","0.845671"
"2102626454","2186973573","1.43926"
"2186973573","2102626454","1.43926"
"2102996914","2138556712","3.82067"
"2138556712","2102996914","3.82067"
"2102996914","2144378546","0.689261"
"2144378546","2102996914","0.689261"
"2102996914","2148947809","0.321429"
"2148947809","2102996914","0.321429"
"2102996914","2149432029","0.398352"
"2149432029","2102996914","0.398352"
"2102996914","2151589387","0.822594"
"2151589387","2102996914","0.822594"
"2102996914","2186973573","0.548352"
"2186973573","2102996914","0.548352"
"2138556712","2144378546","1.04491"
"2144378546","2138556712","1.04491"
"2138556712","2148947809","0.412338"
"2148947809","2138556712","0.412338"
"2138556712","2149432029","0.253247"
"2149432029","2138556712","0.253247"
"2138556712","2151589387","0.489358"
"2151589387","2138556712","0.489358"
"2138556712","2186973573","0.362338"
"2186973573","2138556712","0.362338"
"2144378546","2148947809","0.662338"
"2148947809","2144378546","0.662338"
"2144378546","2149432029","0.364261"
"2149432029","2144378546","0.364261"
"2144378546","2151589387","0.739261"
"2151589387","2144378546","0.739261"
"2144378546","2186973573","0.648352"
"2186973573","2144378546","0.648352"
"2148947809","2149432029","1.23853"
"2149432029","2148947809","1.23853"
"2148947809","2151589387","0.0714286"
"2151589387","2148947809","0.0714286"
"2148947809","2186973573","0.0714286"
"2186973573","2148947809","0.0714286"
"2149432029","2151589387","0.582118"
"2151589387","2149432029","0.582118"
"2149432029","2186973573","0.939261"
"2186973573","2149432029","0.939261"
"2151589387","2186973573","0.239261"
"2186973573","2151589387","0.239261"
"1564622664","1990490612","0.0909091"
"1990490612","1564622664","0.0909091"
"1564622664","201966365","0.0909091"
"201966365","1564622664","0.0909091"
"1564622664","2168260830","0.0909091"
"2168260830","1564622664","0.0909091"
"1564622664","2185852767","0.0909091"
"2185852767","1564622664","0.0909091"
"1565726697","1990490612","0.483766"
"1990490612","1565726697","0.483766"
"1565726697","201966365","2.5218"
"201966365","1565726697","2.5218"
"1565726697","2168260830","0.560689"
"2168260830","1565726697","0.560689"
"1565726697","2185852767","0.483766"
"2185852767","1565726697","0.483766"
"1789058150","1990490612","0.649675"
"1990490612","1789058150","0.649675"
"1789058150","201966365","1.06347"
"201966365","1789058150","1.06347"
"1789058150","2168260830","0.526598"
"2168260830","1789058150","0.526598"
"1789058150","2185852767","0.449675"
"2185852767","1789058150","0.449675"
"1990490612","201966365","0.733766"
"201966365","1990490612","0.733766"
"1990490612","2102626454","1.13182"
"2102626454","1990490612","1.13182"
"1990490612","2138556712","0.806818"
"2138556712","1990490612","0.806818"
"1990490612","2144378546","0.756818"
"2144378546","1990490612","0.756818"
"1990490612","2148947809","0.233766"
"2148947809","1990490612","0.233766"
"1990490612","2149432029","0.358766"
"2149432029","1990490612","0.358766"
"1990490612","2168260830","2.32468"
"2168260830","1990490612","2.32468"
"1990490612","2185852767","3.32468"
"2185852767","1990490612","3.32468"
"201966365","2102626454","3.71228"
"2102626454","201966365","3.71228"
"201966365","2138556712","0.993687"
"2138556712","201966365","0.993687"
"201966365","2144378546","1.4595"
"2144378546","201966365","1.4595"
"201966365","2148947809","0.733766"
"2148947809","201966365","0.733766"
"201966365","2149432029","1.93569"
"2149432029","201966365","1.93569"
"201966365","2168260830","0.810689"
"2168260830","201966365","0.810689"
"201966365","2185852767","0.733766"
"2185852767","201966365","0.733766"
"2102626454","2168260830","1.00874"
"2168260830","2102626454","1.00874"
"2102626454","2185852767","0.931818"
"2185852767","2102626454","0.931818"
"2138556712","2168260830","0.806818"
"2168260830","2138556712","0.806818"
"2138556712","2185852767","0.806818"
"2185852767","2138556712","0.806818"
"2144378546","2168260830","0.633741"
"2168260830","2144378546","0.633741"
"2144378546","2185852767","0.556818"
"2185852767","2144378546","0.556818"
"2148947809","2168260830","0.233766"
"2168260830","2148947809","0.233766"
"2148947809","2185852767","0.233766"
"2185852767","2148947809","0.233766"
"2149432029","2168260830","0.435689"
"2168260830","2149432029","0.435689"
"2149432029","2185852767","0.358766"
"2185852767","2149432029","0.358766"
"2168260830","2185852767","2.32468"
"2185852767","2168260830","2.32468"
"2106713914","2138556712","0.0909091"
"2138556712","2106713914","0.0909091"
"2106713914","2151589387","0.757576"
"2151589387","2106713914","0.757576"
"2106713914","2186973573","1.09091"
"2186973573","2106713914","1.09091"
"201966365","2066817178","2.9797"
"2066817178","201966365","2.9797"
"1789058150","2159586473","0.354701"
"2159586473","1789058150","0.354701"
"1911633385","201966365","0.354701"
"201966365","1911633385","0.354701"
"1913163808","201966365","0.954701"
"201966365","1913163808","0.954701"
"1913163808","2159586473","0.854701"
"2159586473","1913163808","0.854701"
"201966365","2151589387","1.78803"
"2151589387","201966365","1.78803"
"201966365","2159586473","0.354701"
"2159586473","201966365","0.354701"
"2066817178","2159586473","0.188034"
"2159586473","2066817178","0.188034"
"1990490612","2066817178","0.915909"
"2066817178","1990490612","0.915909"
"1990490612","2102996914","0.665909"
"2102996914","1990490612","0.665909"
"201966365","2102996914","0.785256"
"2102996914","201966365","0.785256"
"2066817178","2168260830","0.792832"
"2168260830","2066817178","0.792832"
"2066817178","2185852767","0.715909"
"2185852767","2066817178","0.715909"
"2102996914","2168260830","0.542832"
"2168260830","2102996914","0.542832"
"2102996914","2185852767","0.465909"
"2185852767","2102996914","0.465909"
"1911633385","2168260830","0.0769231"
"2168260830","1911633385","0.0769231"
"1913163808","2168260830","0.0769231"
"2168260830","1913163808","0.0769231"
"201966365","2186973573","0.0769231"
"2186973573","201966365","0.0769231"
"2102996914","2159586473","0.0769231"
"2159586473","2102996914","0.0769231"
"2144378546","2159586473","0.0769231"
"2159586473","2144378546","0.0769231"
"2149432029","2159586473","0.24359"
"2159586473","2149432029","0.24359"
"2151589387","2168260830","0.417832"
"2168260830","2151589387","0.417832"
"2159586473","2168260830","0.0769231"
"2168260830","2159586473","0.0769231"
"2159586473","2186973573","0.576923"
"2186973573","2159586473","0.576923"
"2168260830","2186973573","0.0769231"
"2186973573","2168260830","0.0769231"
"1565726697","2044329731","0.25"
"2044329731","1565726697","0.25"
"201966365","2044329731","0.25"
"2044329731","201966365","0.25"
"2044329731","2066817178","0.25"
"2066817178","2044329731","0.25"
"2044329731","2102626454","0.25"
"2102626454","2044329731","0.25"
"1565726697","2137548102","0.75"
"2137548102","1565726697","0.75"
"1565726697","2170125642","0.75"
"2170125642","1565726697","0.75"
"2137548102","2170125642","9.44286"
"2170125642","2137548102","9.44286"
"1565726697","2122726420","0.25"
"2122726420","1565726697","0.25"
"2122726420","2137548102","1.70952"
"2137548102","2122726420","1.70952"
"2122726420","2138556712","0.45"
"2138556712","2122726420","0.45"
"2122726420","2170125642","3.70952"
"2170125642","2122726420","3.70952"
"2137548102","2138556712","1.7"
"2138556712","2137548102","1.7"
"2138556712","2170125642","0.7"
"2170125642","2138556712","0.7"
"1565726697","2002713958","0.1"
"2002713958","1565726697","0.1"
"1565726697","2121801433","0.1"
"2121801433","1565726697","0.1"
"1565726697","2134775069","0.1"
"2134775069","1565726697","0.1"
"1565726697","2142432988","0.1"
"2142432988","1565726697","0.1"
"1565726697","2559188400","0.1"
"2559188400","1565726697","0.1"
"1789058150","2002713958","0.1"
"2002713958","1789058150","0.1"
"1789058150","2121801433","0.1"
"2121801433","1789058150","0.1"
"1789058150","2134775069","0.1"
"2134775069","1789058150","0.1"
"1789058150","2142432988","0.190909"
"2142432988","1789058150","0.190909"
"1789058150","2559188400","0.190909"
"2559188400","1789058150","0.190909"
"1913163808","2002713958","0.35"
"2002713958","1913163808","0.35"
"1913163808","2121801433","0.1"
"2121801433","1913163808","0.1"
"1913163808","2134775069","0.35"
"2134775069","1913163808","0.35"
"1913163808","2142432988","0.1"
"2142432988","1913163808","0.1"
"1913163808","2559188400","0.1"
"2559188400","1913163808","0.1"
"2002713958","201966365","0.1"
"201966365","2002713958","0.1"
"2002713958","2102626454","0.1"
"2102626454","2002713958","0.1"
"2002713958","2121801433","0.1"
"2121801433","2002713958","0.1"
"2002713958","2134775069","0.35"
"2134775069","2002713958","0.35"
"2002713958","2142432988","0.35"
"2142432988","2002713958","0.35"
"2002713958","2151589387","0.35"
"2151589387","2002713958","0.35"
"2002713958","2559188400","0.433333"
"2559188400","2002713958","0.433333"
"201966365","2121801433","0.1"
"2121801433","201966365","0.1"
"201966365","2134775069","0.1"
"2134775069","201966365","0.1"
"201966365","2142432988","0.1"
"2142432988","201966365","0.1"
"201966365","2559188400","0.1"
"2559188400","201966365","0.1"
"2102626454","2121801433","0.1"
"2121801433","2102626454","0.1"
"2102626454","2134775069","0.1"
"2134775069","2102626454","0.1"
"2102626454","2142432988","0.840909"
"2142432988","2102626454","0.840909"
"2102626454","2559188400","0.190909"
"2559188400","2102626454","0.190909"
"2121801433","2134775069","7.26667"
"2134775069","2121801433","7.26667"
"2121801433","2142432988","0.1"
"2142432988","2121801433","0.1"
"2121801433","2151589387","1.1"
"2151589387","2121801433","1.1"
"2121801433","2559188400","0.1"
"2559188400","2121801433","0.1"
"2134775069","2142432988","0.1"
"2142432988","2134775069","0.1"
"2134775069","2151589387","0.35"
"2151589387","2134775069","0.35"
"2134775069","2559188400","0.1"
"2559188400","2134775069","0.1"
"2142432988","2151589387","0.190909"
"2151589387","2142432988","0.190909"
"2142432988","2559188400","3.6345"
"2559188400","2142432988","3.6345"
"2151589387","2559188400","0.190909"
"2559188400","2151589387","0.190909"
"1990490612","2142432988","0.0909091"
"2142432988","1990490612","0.0909091"
"1990490612","2151589387","0.340909"
"2151589387","1990490612","0.340909"
"1990490612","2559188400","0.0909091"
"2559188400","1990490612","0.0909091"
"2066817178","2142432988","0.0909091"
"2142432988","2066817178","0.0909091"
"2066817178","2559188400","0.0909091"
"2559188400","2066817178","0.0909091"
"2102996914","2142432988","0.340909"
"2142432988","2102996914","0.340909"
"2102996914","2559188400","0.0909091"
"2559188400","2102996914","0.0909091"
"2138556712","2142432988","0.540909"
"2142432988","2138556712","0.540909"
"2138556712","2559188400","0.0909091"
"2559188400","2138556712","0.0909091"
"2142432988","2144378546","0.0909091"
"2144378546","2142432988","0.0909091"
"2142432988","2168260830","0.0909091"
"2168260830","2142432988","0.0909091"
"2142432988","2185852767","0.0909091"
"2185852767","2142432988","0.0909091"
"2144378546","2559188400","0.0909091"
"2559188400","2144378546","0.0909091"
"2151589387","2185852767","0.340909"
"2185852767","2151589387","0.340909"
"2168260830","2559188400","0.0909091"
"2559188400","2168260830","0.0909091"
"2185852767","2559188400","0.0909091"
"2559188400","2185852767","0.0909091"
"2020731068","2106713914","1.33333"
"2106713914","2020731068","1.33333"
"2148947809","2159586473","0.25"
"2159586473","2148947809","0.25"
"2002713958","2159586473","0.25"
"2159586473","2002713958","0.25"
"2134775069","2159586473","0.25"
"2159586473","2134775069","0.25"
"1913163808","2079042460","0.166667"
"2079042460","1913163808","0.166667"
"1913163808","2122726420","0.166667"
"2122726420","1913163808","0.166667"
"201966365","2079042460","0.166667"
"2079042460","201966365","0.166667"
"201966365","2101176629","0.166667"
"2101176629","201966365","0.166667"
"201966365","2106713914","0.666667"
"2106713914","201966365","0.666667"
"201966365","2122726420","0.166667"
"2122726420","201966365","0.166667"
"2079042460","2101176629","0.166667"
"2101176629","2079042460","0.166667"
"2079042460","2106713914","0.166667"
"2106713914","2079042460","0.166667"
"2079042460","2122726420","1.16667"
"2122726420","2079042460","1.16667"
"2079042460","2151589387","0.166667"
"2151589387","2079042460","0.166667"
"2101176629","2122726420","0.166667"
"2122726420","2101176629","0.166667"
"2106713914","2122726420","0.166667"
"2122726420","2106713914","0.166667"
"2122726420","2151589387","0.166667"
"2151589387","2122726420","0.166667"
"1963877842","2073408674","3"
"2073408674","1963877842","3"
"1981446625","2033927550","8.07692"
"2033927550","1981446625","8.07692"
"1981446625","2008243178","0.0769231"
"2008243178","1981446625","0.0769231"
"1981446625","2044329731","0.0769231"
"2044329731","1981446625","0.0769231"
"1981446625","2079042460","0.0769231"
"2079042460","1981446625","0.0769231"
"1981446625","2103068655","0.0769231"
"2103068655","1981446625","0.0769231"
"1981446625","2116827628","0.0769231"
"2116827628","1981446625","0.0769231"
"1981446625","2120469746","0.0769231"
"2120469746","1981446625","0.0769231"
"1981446625","2124566138","0.0769231"
"2124566138","1981446625","0.0769231"
"1981446625","2142432988","0.0769231"
"2142432988","1981446625","0.0769231"
"1981446625","2160508715","0.0769231"
"2160508715","1981446625","0.0769231"
"1981446625","2167398843","0.0769231"
"2167398843","1981446625","0.0769231"
"1981446625","2170125642","0.0769231"
"2170125642","1981446625","0.0769231"
"1981446625","2559188400","0.0769231"
"2559188400","1981446625","0.0769231"
"2008243178","2033927550","0.0769231"
"2033927550","2008243178","0.0769231"
"2008243178","2044329731","0.0769231"
"2044329731","2008243178","0.0769231"
"2008243178","2079042460","0.0769231"
"2079042460","2008243178","0.0769231"
"2008243178","2103068655","0.0769231"
"2103068655","2008243178","0.0769231"
"2008243178","2116827628","0.0769231"
"2116827628","2008243178","0.0769231"
"2008243178","2120469746","0.0769231"
"2120469746","2008243178","0.0769231"
"2008243178","2124566138","0.0769231"
"2124566138","2008243178","0.0769231"
"2008243178","2142432988","0.276923"
"2142432988","2008243178","0.276923"
"2008243178","2160508715","0.0769231"
"2160508715","2008243178","0.0769231"
"2008243178","2167398843","0.276923"
"2167398843","2008243178","0.276923"
"2008243178","2170125642","0.0769231"
"2170125642","2008243178","0.0769231"
"2008243178","2559188400","0.276923"
"2559188400","2008243178","0.276923"
"2033927550","2044329731","0.0769231"
"2044329731","2033927550","0.0769231"
"2033927550","2079042460","0.0769231"
"2079042460","2033927550","0.0769231"
"2033927550","2103068655","0.0769231"
"2103068655","2033927550","0.0769231"
"2033927550","2116827628","0.0769231"
"2116827628","2033927550","0.0769231"
"2033927550","2120469746","0.0769231"
"2120469746","2033927550","0.0769231"
"2033927550","2124566138","0.0769231"
"2124566138","2033927550","0.0769231"
"2033927550","2142432988","0.0769231"
"2142432988","2033927550","0.0769231"
"2033927550","2160508715","0.0769231"
"2160508715","2033927550","0.0769231"
"2033927550","2167398843","0.0769231"
"2167398843","2033927550","0.0769231"
"2033927550","2170125642","0.0769231"
"2170125642","2033927550","0.0769231"
"2033927550","2559188400","0.0769231"
"2559188400","2033927550","0.0769231"
"2044329731","2079042460","0.0769231"
"2079042460","2044329731","0.0769231"
"2044329731","2103068655","0.826923"
"2103068655","2044329731","0.826923"
"2044329731","2116827628","0.0769231"
"2116827628","2044329731","0.0769231"
"2044329731","2120469746","1.82692"
"2120469746","2044329731","1.82692"
"2044329731","2124566138","0.21978"
"2124566138","2044329731","0.21978"
"2044329731","2142432988","1.21978"
"2142432988","2044329731","1.21978"
"2044329731","2160508715","0.0769231"
"2160508715","2044329731","0.0769231"
"2044329731","2167398843","0.826923"
"2167398843","2044329731","0.826923"
"2044329731","2170125642","0.21978"
"2170125642","2044329731","0.21978"
"2044329731","2559188400","1.07692"
"2559188400","2044329731","1.07692"
"2079042460","2103068655","0.276923"
"2103068655","2079042460","0.276923"
"2079042460","2116827628","0.0769231"
"2116827628","2079042460","0.0769231"
"2079042460","2120469746","0.0769231"
"2120469746","2079042460","0.0769231"
"2079042460","2124566138","0.410256"
"2124566138","2079042460","0.410256"
"2079042460","2142432988","0.0769231"
"2142432988","2079042460","0.0769231"
"2079042460","2160508715","0.0769231"
"2160508715","2079042460","0.0769231"
"2079042460","2167398843","0.0769231"
"2167398843","2079042460","0.0769231"
"2079042460","2170125642","0.0769231"
"2170125642","2079042460","0.0769231"
"2079042460","2559188400","1.07692"
"2559188400","2079042460","1.07692"
"2103068655","2116827628","0.0769231"
"2116827628","2103068655","0.0769231"
"2103068655","2120469746","1.57692"
"2120469746","2103068655","1.57692"
"2103068655","2124566138","0.0769231"
"2124566138","2103068655","0.0769231"
"2103068655","2142432988","0.24359"
"2142432988","2103068655","0.24359"
"2103068655","2160508715","0.0769231"
"2160508715","2103068655","0.0769231"
"2103068655","2167398843","0.24359"
"2167398843","2103068655","0.24359"
"2103068655","2170125642","0.24359"
"2170125642","2103068655","0.24359"
"2103068655","2559188400","0.0769231"
"2559188400","2103068655","0.0769231"
"2116827628","2120469746","4.32692"
"2120469746","2116827628","4.32692"
"2116827628","2124566138","0.0769231"
"2124566138","2116827628","0.0769231"
"2116827628","2142432988","0.326923"
"2142432988","2116827628","0.326923"
"2116827628","2160508715","0.576923"
"2160508715","2116827628","0.576923"
"2116827628","2167398843","0.0769231"
"2167398843","2116827628","0.0769231"
"2116827628","2170125642","0.49359"
"2170125642","2116827628","0.49359"
"2116827628","2559188400","0.0769231"
"2559188400","2116827628","0.0769231"
"2120469746","2124566138","0.0769231"
"2124566138","2120469746","0.0769231"
"2120469746","2142432988","0.576923"
"2142432988","2120469746","0.576923"
"2120469746","2160508715","4.57692"
"2160508715","2120469746","4.57692"
"2120469746","2167398843","0.0769231"
"2167398843","2120469746","0.0769231"
"2120469746","2170125642","0.49359"
"2170125642","2120469746","0.49359"
"2120469746","2559188400","0.0769231"
"2559188400","2120469746","0.0769231"
"2124566138","2142432988","0.21978"
"2142432988","2124566138","0.21978"
"2124566138","2160508715","0.0769231"
"2160508715","2124566138","0.0769231"
"2124566138","2167398843","0.0769231"
"2167398843","2124566138","0.0769231"
"2124566138","2170125642","0.21978"
"2170125642","2124566138","0.21978"
"2124566138","2559188400","0.0769231"
"2559188400","2124566138","0.0769231"
"2142432988","2160508715","0.0769231"
"2160508715","2142432988","0.0769231"
"2142432988","2167398843","4.52692"
"2167398843","2142432988","4.52692"
"2142432988","2170125642","6.90311"
"2170125642","2142432988","6.90311"
"2160508715","2167398843","0.0769231"
"2167398843","2160508715","0.0769231"
"2160508715","2170125642","0.24359"
"2170125642","2160508715","0.24359"
"2160508715","2559188400","0.0769231"
"2559188400","2160508715","0.0769231"
"2167398843","2170125642","0.44359"
"2170125642","2167398843","0.44359"
"2167398843","2559188400","0.610256"
"2559188400","2167398843","0.610256"
"2170125642","2559188400","0.410256"
"2559188400","2170125642","0.410256"
"1990211790","2545359232","1"
"2545359232","1990211790","1"
"2002713958","2044329731","2.25"
"2044329731","2002713958","2.25"
"2002713958","2149696968","0.25"
"2149696968","2002713958","0.25"
"2002713958","2167398843","0.25"
"2167398843","2002713958","0.25"
"2044329731","2149696968","0.25"
"2149696968","2044329731","0.25"
"2142432988","2149696968","1.61667"
"2149696968","2142432988","1.61667"
"2149696968","2167398843","1.45"
"2167398843","2149696968","1.45"
"2002713958","2137548102","0.833333"
"2137548102","2002713958","0.833333"
"2002713958","2170125642","0.5"
"2170125642","2002713958","0.5"
"2002713958","2162634044","2.33333"
"2162634044","2002713958","2.33333"
"2137548102","2162634044","0.7"
"2162634044","2137548102","0.7"
"2137548102","2559188400","0.666667"
"2559188400","2137548102","0.666667"
"2162634044","2559188400","0.666667"
"2559188400","2162634044","0.666667"
"2008243178","2113403979","0.2"
"2113403979","2008243178","0.2"
"2008243178","2149696968","0.2"
"2149696968","2008243178","0.2"
"2113403979","2142432988","3.9"
"2142432988","2113403979","3.9"
"2113403979","2149696968","0.2"
"2149696968","2113403979","0.2"
"2113403979","2167398843","0.2"
"2167398843","2113403979","0.2"
"2113403979","2559188400","0.2"
"2559188400","2113403979","0.2"
"2149696968","2559188400","0.2"
"2559188400","2149696968","0.2"
"2009458101","2144336896","2.45"
"2144336896","2009458101","2.45"
"2009458101","2292443665","1.2"
"2292443665","2009458101","1.2"
"2144336896","2292443665","5.45"
"2292443665","2144336896","5.45"
"2009458101","2171152982","0.95"
"2171152982","2009458101","0.95"
"2009458101","2229487454","0.2"
"2229487454","2009458101","0.2"
"2009458101","2241122760","0.95"
"2241122760","2009458101","0.95"
"2144336896","2171152982","1.45"
"2171152982","2144336896","1.45"
"2144336896","2229487454","0.2"
"2229487454","2144336896","0.2"
"2144336896","2241122760","0.45"
"2241122760","2144336896","0.45"
"2171152982","2229487454","0.533333"
"2229487454","2171152982","0.533333"
"2171152982","2241122760","3.28333"
"2241122760","2171152982","3.28333"
"2171152982","2292443665","0.533333"
"2292443665","2171152982","0.533333"
"2229487454","2241122760","0.533333"
"2241122760","2229487454","0.533333"
"2229487454","2292443665","0.533333"
"2292443665","2229487454","0.533333"
"2241122760","2292443665","3.53333"
"2292443665","2241122760","3.53333"
"2009458101","2142432988","0.25"
"2142432988","2009458101","0.25"
"2142432988","2144336896","0.25"
"2144336896","2142432988","0.25"
"2142432988","2171152982","0.25"
"2171152982","2142432988","0.25"
"2142432988","2241122760","0.25"
"2241122760","2142432988","0.25"
"2020731068","2079042460","1"
"2079042460","2020731068","1"
"2043601312","2113403979","0.2"
"2113403979","2043601312","0.2"
"2043601312","2137548102","0.2"
"2137548102","2043601312","0.2"
"2043601312","2142432988","0.2"
"2142432988","2043601312","0.2"
"2043601312","2162634044","0.2"
"2162634044","2043601312","0.2"
"2043601312","2170125642","0.2"
"2170125642","2043601312","0.2"
"2113403979","2137548102","1.2"
"2137548102","2113403979","1.2"
"2113403979","2162634044","0.2"
"2162634044","2113403979","0.2"
"2113403979","2170125642","0.2"
"2170125642","2113403979","0.2"
"2137548102","2142432988","4.57619"
"2142432988","2137548102","4.57619"
"2142432988","2162634044","0.95"
"2162634044","2142432988","0.95"
"2162634044","2170125642","0.616667"
"2170125642","2162634044","0.616667"
"2043601312","2149696968","1.83333"
"2149696968","2043601312","1.83333"
"2043601312","2150580726","0.333333"
"2150580726","2043601312","0.333333"
"2043601312","2167398843","0.833333"
"2167398843","2043601312","0.833333"
"2149696968","2150580726","1.58333"
"2150580726","2149696968","1.58333"
"2150580726","2167398843","0.333333"
"2167398843","2150580726","0.333333"
"2043601312","2104634413","0.25"
"2104634413","2043601312","0.25"
"2043601312","2119706024","0.25"
"2119706024","2043601312","0.25"
"2043601312","2124566138","0.25"
"2124566138","2043601312","0.25"
"2043601312","407670949","0.25"
"407670949","2043601312","0.25"
"2104634413","2119706024","0.25"
"2119706024","2104634413","0.25"
"2104634413","2124566138","1.58333"
"2124566138","2104634413","1.58333"
"2104634413","407670949","1.58333"
"407670949","2104634413","1.58333"
"2119706024","2124566138","0.392857"
"2124566138","2119706024","0.392857"
"2119706024","407670949","0.25"
"407670949","2119706024","0.25"
"2124566138","407670949","3.58333"
"407670949","2124566138","3.58333"
"2044329731","2057446271","1.5"
"2057446271","2044329731","1.5"
"2044329731","2144336896","0.25"
"2144336896","2044329731","0.25"
"2044329731","2292443665","0.25"
"2292443665","2044329731","0.25"
"2057446271","2103068655","0.25"
"2103068655","2057446271","0.25"
"2057446271","2144336896","0.25"
"2144336896","2057446271","0.25"
"2057446271","2292443665","0.25"
"2292443665","2057446271","0.25"
"2103068655","2144336896","0.45"
"2144336896","2103068655","0.45"
"2103068655","2292443665","0.25"
"2292443665","2103068655","0.25"
"2044329731","3015539140","1.25"
"3015539140","2044329731","1.25"
"2057446271","2120469746","0.25"
"2120469746","2057446271","0.25"
"2057446271","2142432988","1.25"
"2142432988","2057446271","1.25"
"2057446271","3015539140","0.25"
"3015539140","2057446271","0.25"
"2120469746","3015539140","0.25"
"3015539140","2120469746","0.25"
"2142432988","3015539140","0.25"
"3015539140","2142432988","0.25"
"2044329731","2119706024","0.142857"
"2119706024","2044329731","0.142857"
"2044329731","2122726420","0.142857"
"2122726420","2044329731","0.142857"
"2044329731","2137548102","0.142857"
"2137548102","2044329731","0.142857"
"2044329731","2186973573","0.142857"
"2186973573","2044329731","0.142857"
"2119706024","2122726420","3.09286"
"2122726420","2119706024","3.09286"
"2119706024","2137548102","0.759524"
"2137548102","2119706024","0.759524"
"2119706024","2142432988","1.34286"
"2142432988","2119706024","1.34286"
"2119706024","2170125642","2.75952"
"2170125642","2119706024","2.75952"
"2119706024","2186973573","0.392857"
"2186973573","2119706024","0.392857"
"2122726420","2124566138","0.142857"
"2124566138","2122726420","0.142857"
"2122726420","2142432988","3.04286"
"2142432988","2122726420","3.04286"
"2122726420","2186973573","0.392857"
"2186973573","2122726420","0.392857"
"2124566138","2137548102","0.142857"
"2137548102","2124566138","0.142857"
"2124566138","2186973573","0.142857"
"2186973573","2124566138","0.142857"
"2137548102","2186973573","0.592857"
"2186973573","2137548102","0.592857"
"2142432988","2186973573","0.142857"
"2186973573","2142432988","0.142857"
"2170125642","2186973573","0.592857"
"2186973573","2170125642","0.592857"
"2069066687","2150580726","4.25"
"2150580726","2069066687","4.25"
"2069066687","2124566138","6.33333"
"2124566138","2069066687","6.33333"
"2069066687","2104634413","0.333333"
"2104634413","2069066687","0.333333"
"2069066687","407670949","0.333333"
"407670949","2069066687","0.333333"
"2069066687","2134775069","0.333333"
"2134775069","2069066687","0.333333"
"2069066687","2138556712","0.333333"
"2138556712","2069066687","0.333333"
"2069066687","2147723759","0.333333"
"2147723759","2069066687","0.333333"
"2134775069","2138556712","1.5"
"2138556712","2134775069","1.5"
"2134775069","2147723759","0.333333"
"2147723759","2134775069","0.333333"
"2138556712","2147723759","0.333333"
"2147723759","2138556712","0.333333"
"2069066687","2121801433","0.25"
"2121801433","2069066687","0.25"
"2069066687","2149696968","0.25"
"2149696968","2069066687","0.25"
"2069066687","2545359232","0.25"
"2545359232","2069066687","0.25"
"2121801433","2149696968","0.25"
"2149696968","2121801433","0.25"
"2121801433","2150580726","0.583333"
"2150580726","2121801433","0.583333"
"2121801433","2545359232","6.08333"
"2545359232","2121801433","6.08333"
"2149696968","2545359232","0.25"
"2545359232","2149696968","0.25"
"2150580726","2545359232","0.583333"
"2545359232","2150580726","0.583333"
"2079042460","65507365","8.33333"
"65507365","2079042460","8.33333"
"2079042460","2113403979","2.33333"
"2113403979","2079042460","2.33333"
"2079042460","2102626454","1.33333"
"2102626454","2079042460","1.33333"
"2079042460","2102996914","0.2"
"2102996914","2079042460","0.2"
"2079042460","2138556712","0.2"
"2138556712","2079042460","0.2"
"2079042460","2144336896","0.2"
"2144336896","2079042460","0.2"
"2079042460","2186973573","0.2"
"2186973573","2079042460","0.2"
"2102996914","2103068655","0.2"
"2103068655","2102996914","0.2"
"2102996914","2144336896","0.2"
"2144336896","2102996914","0.2"
"2103068655","2138556712","0.2"
"2138556712","2103068655","0.2"
"2103068655","2186973573","0.2"
"2186973573","2103068655","0.2"
"2138556712","2144336896","0.2"
"2144336896","2138556712","0.2"
"2144336896","2186973573","0.2"
"2186973573","2144336896","0.2"
"2079042460","2148947809","0.333333"
"2148947809","2079042460","0.333333"
"2102626454","2124566138","0.333333"
"2124566138","2102626454","0.333333"
"2124566138","2148947809","0.333333"
"2148947809","2124566138","0.333333"
"2079042460","2545359232","0.333333"
"2545359232","2079042460","0.333333"
"2113403979","2545359232","0.833333"
"2545359232","2113403979","0.833333"
"2113403979","65507365","0.333333"
"65507365","2113403979","0.333333"
"2545359232","65507365","0.333333"
"65507365","2545359232","0.333333"
"2079042460","2150580726","1"
"2150580726","2079042460","1"
"2102626454","2122726420","0.4"
"2122726420","2102626454","0.4"
"2102626454","2137548102","0.85"
"2137548102","2102626454","0.85"
"2102626454","2170125642","0.85"
"2170125642","2102626454","0.85"
"2102626454","65507365","1"
"65507365","2102626454","1"
"2102626454","2119706024","0.2"
"2119706024","2102626454","0.2"
"2137548102","2159586473","0.583333"
"2159586473","2137548102","0.583333"
"2142432988","2159586473","0.583333"
"2159586473","2142432988","0.583333"
"2159586473","2170125642","1.58333"
"2170125642","2159586473","1.58333"
"2102626454","2167398843","0.2"
"2167398843","2102626454","0.2"
"2102996914","2137548102","1.95"
"2137548102","2102996914","1.95"
"2102996914","2167398843","0.2"
"2167398843","2102996914","0.2"
"2102996914","2170125642","0.95"
"2170125642","2102996914","0.95"
"2137548102","2167398843","0.366667"
"2167398843","2137548102","0.366667"
"2167398843","2186973573","0.2"
"2186973573","2167398843","0.2"
"2102996914","2134775069","1.83333"
"2134775069","2102996914","1.83333"
"2102996914","2121801433","1.33333"
"2121801433","2102996914","1.33333"
"2121801433","2138556712","0.666667"
"2138556712","2121801433","0.666667"
"2103068655","2137548102","0.166667"
"2137548102","2103068655","0.166667"
"2103068655","2149696968","0.166667"
"2149696968","2103068655","0.166667"
"2103068655","2162634044","0.166667"
"2162634044","2103068655","0.166667"
"2137548102","2149696968","0.166667"
"2149696968","2137548102","0.166667"
"2149696968","2162634044","0.166667"
"2162634044","2149696968","0.166667"
"2149696968","2170125642","0.166667"
"2170125642","2149696968","0.166667"
"2162634044","2167398843","1.33333"
"2167398843","2162634044","1.33333"
"2142432988","2545359232","0.5"
"2545359232","2142432988","0.5"
"2116827628","2162634044","1.08333"
"2162634044","2116827628","1.08333"
"2120469746","2162634044","3.08333"
"2162634044","2120469746","3.08333"
"2160508715","2162634044","0.333333"
"2162634044","2160508715","0.333333"
"2116827628","2119706024","0.166667"
"2119706024","2116827628","0.166667"
"2116827628","2122726420","0.166667"
"2122726420","2116827628","0.166667"
"2116827628","2137548102","0.166667"
"2137548102","2116827628","0.166667"
"2119706024","2120469746","0.166667"
"2120469746","2119706024","0.166667"
"2119706024","2160508715","0.166667"
"2160508715","2119706024","0.166667"
"2120469746","2122726420","0.166667"
"2122726420","2120469746","0.166667"
"2120469746","2137548102","0.166667"
"2137548102","2120469746","0.166667"
"2122726420","2160508715","0.166667"
"2160508715","2122726420","0.166667"
"2137548102","2160508715","0.166667"
"2160508715","2137548102","0.166667"
"2119706024","2162634044","0.833333"
"2162634044","2119706024","0.833333"
"2119706024","2167398843","0.833333"
"2167398843","2119706024","0.833333"
"2122726420","2162634044","0.333333"
"2162634044","2122726420","0.333333"
"2122726420","2167398843","1.33333"
"2167398843","2122726420","1.33333"
"2121801433","407670949","0.333333"
"407670949","2121801433","0.333333"
"2134775069","407670949","0.333333"
"407670949","2134775069","0.333333"
"2138556712","407670949","0.333333"
"407670949","2138556712","0.333333"
"2134775069","2545359232","2"
"2545359232","2134775069","2"
"2121801433","2122726420","0.333333"
"2122726420","2121801433","0.333333"
"2122726420","2150580726","0.333333"
"2150580726","2122726420","0.333333"
"2122726420","2545359232","0.333333"
"2545359232","2122726420","0.333333"
"2122726420","2559188400","0.5"
"2559188400","2122726420","0.5"
"2124566138","2138556712","1"
"2138556712","2124566138","1"
"2124566138","2134775069","1"
"2134775069","2124566138","1"
"2134775069","2186973573","0.5"
"2186973573","2134775069","0.5"
"2186973573","2545359232","0.5"
