"133670602","2153759057","1"
"2153759057","133670602","1"
"133670602","2050629843","2"
"2050629843","133670602","2"
"133670602","200225883","0.5"
"200225883","133670602","0.5"
"133670602","2105975579","0.5"
"2105975579","133670602","0.5"
"200225883","2105975579","1.5"
"2105975579","200225883","1.5"
"1483221206","2079996525","0.25"
"2079996525","1483221206","0.25"
"1483221206","2325011083","0.25"
"2325011083","1483221206","0.25"
"1483221206","2407321979","0.25"
"2407321979","1483221206","0.25"
"1483221206","2769325817","0.25"
"2769325817","1483221206","0.25"
"2079996525","2325011083","0.583333"
"2325011083","2079996525","0.583333"
"2079996525","2407321979","3.91667"
"2407321979","2079996525","3.91667"
"2079996525","2769325817","2.58333"
"2769325817","2079996525","2.58333"
"2325011083","2407321979","0.583333"
"2407321979","2325011083","0.583333"
"2325011083","2769325817","0.583333"
"2769325817","2325011083","0.583333"
"2407321979","2769325817","0.583333"
"2769325817","2407321979","0.583333"
"1487761897","23466510","2.31111"
"23466510","1487761897","2.31111"
"1487761897","1508710042","0.277778"
"1508710042","1487761897","0.277778"
"1487761897","1570229432","0.311111"
"1570229432","1487761897","0.311111"
"1487761897","1585014875","0.611111"
"1585014875","1487761897","0.611111"
"1487761897","1608682798","0.444444"
"1608682798","1487761897","0.444444"
"1487761897","2012600829","0.477778"
"2012600829","1487761897","0.477778"
"1487761897","2100131446","0.477778"
"2100131446","1487761897","0.477778"
"1487761897","2114952996","0.111111"
"2114952996","1487761897","0.111111"
"1487761897","2339375407","0.777778"
"2339375407","1487761897","0.777778"
"1508710042","1570229432","1.67778"
"1570229432","1508710042","1.67778"
"1508710042","1585014875","1.44444"
"1585014875","1508710042","1.44444"
"1508710042","1608682798","0.277778"
"1608682798","1508710042","0.277778"
"1508710042","2012600829","0.894444"
"2012600829","1508710042","0.894444"
"1508710042","2100131446","2.59444"
"2100131446","1508710042","2.59444"
"1508710042","2114952996","0.111111"
"2114952996","1508710042","0.111111"
"1508710042","2339375407","0.927778"
"2339375407","1508710042","0.927778"
"1508710042","23466510","0.694444"
"23466510","1508710042","0.694444"
"1570229432","1585014875","1.02778"
"1585014875","1570229432","1.02778"
"1570229432","1608682798","1.44444"
"1608682798","1570229432","1.44444"
"1570229432","2012600829","13.6778"
"2012600829","1570229432","13.6778"
"1570229432","2100131446","8.46111"
"2100131446","1570229432","8.46111"
"1570229432","2114952996","0.111111"
"2114952996","1570229432","0.111111"
"1570229432","2339375407","0.927778"
"2339375407","1570229432","0.927778"
"1570229432","23466510","1.47778"
"23466510","1570229432","1.47778"
"1585014875","1608682798","1.36111"
"1608682798","1585014875","1.36111"
"1585014875","2012600829","0.444444"
"2012600829","1585014875","0.444444"
"1585014875","2100131446","0.694444"
"2100131446","1585014875","0.694444"
"1585014875","2114952996","0.111111"
"2114952996","1585014875","0.111111"
"1585014875","2339375407","0.277778"
"2339375407","1585014875","0.277778"
"1585014875","23466510","1.02778"
"23466510","1585014875","1.02778"
"1608682798","2012600829","0.694444"
"2012600829","1608682798","0.694444"
"1608682798","2100131446","0.944444"
"2100131446","1608682798","0.944444"
"1608682798","2114952996","0.111111"
"2114952996","1608682798","0.111111"
"1608682798","2339375407","0.277778"
"2339375407","1608682798","0.277778"
"1608682798","23466510","0.861111"
"23466510","1608682798","0.861111"
"2012600829","2100131446","4.34444"
"2100131446","2012600829","4.34444"
"2012600829","2114952996","0.111111"
"2114952996","2012600829","0.111111"
"2012600829","2339375407","0.644444"
"2339375407","2012600829","0.644444"
"2012600829","23466510","2.39444"
"23466510","2012600829","2.39444"
"2100131446","2114952996","1.11111"
"2114952996","2100131446","1.11111"
"2100131446","2339375407","0.844444"
"2339375407","2100131446","0.844444"
"2100131446","23466510","2.14444"
"23466510","2100131446","2.14444"
"2114952996","2339375407","0.111111"
"2339375407","2114952996","0.111111"
"2114952996","23466510","0.111111"
"23466510","2114952996","0.111111"
"2339375407","23466510","0.777778"
"23466510","2339375407","0.777778"
"1487761897","2089113163","0.2"
"2089113163","1487761897","0.2"
"1570229432","2089113163","1.01667"
"2089113163","1570229432","1.01667"
"2012600829","2089113163","0.566667"
"2089113163","2012600829","0.566667"
"2089113163","2100131446","0.766667"
"2100131446","2089113163","0.766667"
"2089113163","23466510","0.2"
"23466510","2089113163","0.2"
"1508710042","157362386","0.45"
"157362386","1508710042","0.45"
"1508710042","2089113163","0.65"
"2089113163","1508710042","0.65"
"1570229432","157362386","2.2"
"157362386","1570229432","2.2"
"157362386","2089113163","0.616667"
"2089113163","157362386","0.616667"
"157362386","2100131446","1.95"
"2100131446","157362386","1.95"
"157362386","2339375407","0.616667"
"2339375407","157362386","0.616667"
"2089113163","2339375407","3.81667"
"2339375407","2089113163","3.81667"
"157362386","2012600829","0.75"
"2012600829","157362386","0.75"
"157362386","1608682798","1.41667"
"1608682798","157362386","1.41667"
"1608682798","2089113163","0.166667"
"2089113163","1608682798","0.166667"
"1570229432","2079996525","0.333333"
"2079996525","1570229432","0.333333"
"1570229432","2407321979","0.333333"
"2407321979","1570229432","0.333333"
"2079996525","2100131446","0.333333"
"2100131446","2079996525","0.333333"
"2100131446","2407321979","0.333333"
"2407321979","2100131446","0.333333"
"157362386","23466510","1"
"23466510","157362386","1"
"157362386","73646128","1"
"73646128","157362386","1"
"1660020436","2123434674","6.25"
"2123434674","1660020436","6.25"
"1660020436","1994482848","0.25"
"1994482848","1660020436","0.25"
"1660020436","2077183913","0.25"
"2077183913","1660020436","0.25"
"1660020436","2339429820","0.25"
"2339429820","1660020436","0.25"
"1994482848","2077183913","1.75"
"2077183913","1994482848","1.75"
"1994482848","2123434674","0.25"
"2123434674","1994482848","0.25"
"1994482848","2339429820","1.75"
"2339429820","1994482848","1.75"
"2077183913","2123434674","0.25"
"2123434674","2077183913","0.25"
"2077183913","2339429820","4.25"
"2339429820","2077183913","4.25"
"2123434674","2339429820","0.25"
"2339429820","2123434674","0.25"
"1967899462","1983631607","7.5"
"1983631607","1967899462","7.5"
"1967899462","2109554916","4"
"2109554916","1967899462","4"
"1967899462","2118719784","1.5"
"2118719784","1967899462","1.5"
"1983631607","2109554916","3.5"
"2109554916","1983631607","3.5"
"1983631607","2118719784","3.33333"
"2118719784","1983631607","3.33333"
"2109554916","2118719784","1.5"
"2118719784","2109554916","1.5"
"1983631607","2105975579","0.333333"
"2105975579","1983631607","0.333333"
"1983631607","73646128","0.333333"
"73646128","1983631607","0.333333"
"2105975579","2118719784","0.333333"
"2118719784","2105975579","0.333333"
"2105975579","73646128","12.3333"
"73646128","2105975579","12.3333"
"2118719784","73646128","0.333333"
"73646128","2118719784","0.333333"
"1994482848","2794838930","2"
"2794838930","1994482848","2"
"2077183913","2794838930","1.5"
"2794838930","2077183913","1.5"
"2339429820","2794838930","1.5"
"2794838930","2339429820","1.5"
"200225883","73646128","2"
"73646128","200225883","2"
"2050629843","2114952996","0.5"
"2114952996","2050629843","0.5"
"2050629843","2153759057","0.5"
"2153759057","2050629843","0.5"
"2114952996","2153759057","0.5"
"2153759057","2114952996","0.5"
"2050705222","2079996525","1"
"2079996525","2050705222","1"
"2050705222","2325011083","0.5"
"2325011083","2050705222","0.5"
"2050705222","2794838930","0.5"
"2794838930","2050705222","0.5"
"2325011083","2794838930","0.5"
"2794838930","2325011083","0.5"
"2079996525","2153759057","1"
"2153759057","2079996525","1"
"2079996525","2794838930","1"
"2794838930","2079996525","1"
