"108486723","109807671","0.0714286"
"109807671","108486723","0.0714286"
"108486723","1480738961","0.0714286"
"1480738961","108486723","0.0714286"
"108486723","1485624340","0.0714286"
"1485624340","108486723","0.0714286"
"108486723","1560477901","0.0714286"
"1560477901","108486723","0.0714286"
"108486723","1581979258","0.0714286"
"1581979258","108486723","0.0714286"
"108486723","2101077949","0.0714286"
"2101077949","108486723","0.0714286"
"108486723","2111160357","0.0714286"
"2111160357","108486723","0.0714286"
"108486723","2123475449","0.0714286"
"2123475449","108486723","0.0714286"
"108486723","2151487276","0.0714286"
"2151487276","108486723","0.0714286"
"108486723","2183333549","0.0714286"
"2183333549","108486723","0.0714286"
"108486723","2188925854","0.0714286"
"2188925854","108486723","0.0714286"
"108486723","595338763","0.0714286"
"595338763","108486723","0.0714286"
"108486723","75527485","0.0714286"
"75527485","108486723","0.0714286"
"108486723","8126109","0.0714286"
"8126109","108486723","0.0714286"
"109807671","1480738961","0.0714286"
"1480738961","109807671","0.0714286"
"109807671","1485624340","0.0714286"
"1485624340","109807671","0.0714286"
"109807671","1560477901","0.0714286"
"1560477901","109807671","0.0714286"
"109807671","1581979258","0.0714286"
"1581979258","109807671","0.0714286"
"109807671","2101077949","0.0714286"
"2101077949","109807671","0.0714286"
"109807671","2111160357","0.0714286"
"2111160357","109807671","0.0714286"
"109807671","2123475449","0.0714286"
"2123475449","109807671","0.0714286"
"109807671","2151487276","0.0714286"
"2151487276","109807671","0.0714286"
"109807671","2183333549","0.0714286"
"2183333549","109807671","0.0714286"
"109807671","2188925854","31.0714"
"2188925854","109807671","31.0714"
"109807671","595338763","0.0714286"
"595338763","109807671","0.0714286"
"109807671","75527485","0.0714286"
"75527485","109807671","0.0714286"
"109807671","8126109","0.0714286"
"8126109","109807671","0.0714286"
"1480738961","1485624340","0.0714286"
"1485624340","1480738961","0.0714286"
"1480738961","1560477901","0.0714286"
"1560477901","1480738961","0.0714286"
"1480738961","1581979258","0.0714286"
"1581979258","1480738961","0.0714286"
"1480738961","2101077949","0.0714286"
"2101077949","1480738961","0.0714286"
"1480738961","2111160357","0.0714286"
"2111160357","1480738961","0.0714286"
"1480738961","2123475449","0.0714286"
"2123475449","1480738961","0.0714286"
"1480738961","2151487276","0.0714286"
"2151487276","1480738961","0.0714286"
"1480738961","2183333549","0.0714286"
"2183333549","1480738961","0.0714286"
"1480738961","2188925854","0.0714286"
"2188925854","1480738961","0.0714286"
"1480738961","595338763","0.0714286"
"595338763","1480738961","0.0714286"
"1480738961","75527485","0.0714286"
"75527485","1480738961","0.0714286"
"1480738961","8126109","0.0714286"
"8126109","1480738961","0.0714286"
"1485624340","1560477901","0.0714286"
"1560477901","1485624340","0.0714286"
"1485624340","1581979258","0.0714286"
"1581979258","1485624340","0.0714286"
"1485624340","2101077949","0.0714286"
"2101077949","1485624340","0.0714286"
"1485624340","2111160357","0.196429"
"2111160357","1485624340","0.196429"
"1485624340","2123475449","0.0714286"
"2123475449","1485624340","0.0714286"
"1485624340","2151487276","0.0714286"
"2151487276","1485624340","0.0714286"
"1485624340","2183333549","0.0714286"
"2183333549","1485624340","0.0714286"
"1485624340","2188925854","0.0714286"
"2188925854","1485624340","0.0714286"
"1485624340","595338763","0.196429"
"595338763","1485624340","0.196429"
"1485624340","75527485","0.196429"
"75527485","1485624340","0.196429"
"1485624340","8126109","0.0714286"
"8126109","1485624340","0.0714286"
"1560477901","1581979258","0.738095"
"1581979258","1560477901","0.738095"
"1560477901","2101077949","0.0714286"
"2101077949","1560477901","0.0714286"
"1560477901","2111160357","0.0714286"
"2111160357","1560477901","0.0714286"
"1560477901","2123475449","0.0714286"
"2123475449","1560477901","0.0714286"
"1560477901","2151487276","0.0714286"
"2151487276","1560477901","0.0714286"
"1560477901","2183333549","0.0714286"
"2183333549","1560477901","0.0714286"
"1560477901","2188925854","0.0714286"
"2188925854","1560477901","0.0714286"
"1560477901","595338763","0.404762"
"595338763","1560477901","0.404762"
"1560477901","75527485","0.0714286"
"75527485","1560477901","0.0714286"
"1560477901","8126109","0.0714286"
"8126109","1560477901","0.0714286"
"1581979258","2101077949","0.0714286"
"2101077949","1581979258","0.0714286"
"1581979258","2111160357","0.0714286"
"2111160357","1581979258","0.0714286"
"1581979258","2123475449","0.0714286"
"2123475449","1581979258","0.0714286"
"1581979258","2151487276","1.07143"
"2151487276","1581979258","1.07143"
"1581979258","2183333549","0.0714286"
"2183333549","1581979258","0.0714286"
"1581979258","2188925854","0.0714286"
"2188925854","1581979258","0.0714286"
"1581979258","595338763","0.404762"
"595338763","1581979258","0.404762"
"1581979258","75527485","0.771429"
"75527485","1581979258","0.771429"
"1581979258","8126109","2.07143"
"8126109","1581979258","2.07143"
"2101077949","2111160357","0.0714286"
"2111160357","2101077949","0.0714286"
"2101077949","2123475449","2.40476"
"2123475449","2101077949","2.40476"
"2101077949","2151487276","0.0714286"
"2151487276","2101077949","0.0714286"
"2101077949","2183333549","0.0714286"
"2183333549","2101077949","0.0714286"
"2101077949","2188925854","0.0714286"
"2188925854","2101077949","0.0714286"
"2101077949","595338763","0.0714286"
"595338763","2101077949","0.0714286"
"2101077949","75527485","6.07143"
"75527485","2101077949","6.07143"
"2101077949","8126109","0.0714286"
"8126109","2101077949","0.0714286"
"2111160357","2123475449","0.0714286"
"2123475449","2111160357","0.0714286"
"2111160357","2151487276","0.0714286"
"2151487276","2111160357","0.0714286"
"2111160357","2183333549","0.0714286"
"2183333549","2111160357","0.0714286"
"2111160357","2188925854","0.0714286"
"2188925854","2111160357","0.0714286"
"2111160357","595338763","0.363095"
"595338763","2111160357","0.363095"
"2111160357","75527485","0.363095"
"75527485","2111160357","0.363095"
"2111160357","8126109","1.57143"
"8126109","2111160357","1.57143"
"2123475449","2151487276","0.0714286"
"2151487276","2123475449","0.0714286"
"2123475449","2183333549","0.0714286"
"2183333549","2123475449","0.0714286"
"2123475449","2188925854","0.0714286"
"2188925854","2123475449","0.0714286"
"2123475449","595338763","0.0714286"
"595338763","2123475449","0.0714286"
"2123475449","75527485","4.40476"
"75527485","2123475449","4.40476"
"2123475449","8126109","0.0714286"
"8126109","2123475449","0.0714286"
"2151487276","2183333549","0.0714286"
"2183333549","2151487276","0.0714286"
"2151487276","2188925854","0.0714286"
"2188925854","2151487276","0.0714286"
"2151487276","595338763","0.0714286"
"595338763","2151487276","0.0714286"
"2151487276","75527485","0.0714286"
"75527485","2151487276","0.0714286"
"2151487276","8126109","0.0714286"
"8126109","2151487276","0.0714286"
"2183333549","2188925854","0.0714286"
"2188925854","2183333549","0.0714286"
"2183333549","595338763","0.0714286"
"595338763","2183333549","0.0714286"
"2183333549","75527485","0.0714286"
"75527485","2183333549","0.0714286"
"2183333549","8126109","0.0714286"
"8126109","2183333549","0.0714286"
"2188925854","595338763","0.0714286"
"595338763","2188925854","0.0714286"
"2188925854","75527485","0.0714286"
"75527485","2188925854","0.0714286"
"2188925854","8126109","0.0714286"
"8126109","2188925854","0.0714286"
"595338763","75527485","0.363095"
"75527485","595338763","0.363095"
"595338763","8126109","0.0714286"
"8126109","595338763","0.0714286"
"75527485","8126109","0.0714286"
"8126109","75527485","0.0714286"
"119736700","2164070935","12.9167"
"2164070935","119736700","12.9167"
"119736700","144208358","1.08333"
"144208358","119736700","1.08333"
"144208358","2164070935","1.41667"
"2164070935","144208358","1.41667"
"119736700","1521911724","0.333333"
"1521911724","119736700","0.333333"
"119736700","2157130167","0.583333"
"2157130167","119736700","0.583333"
"1521911724","2157130167","0.333333"
"2157130167","1521911724","0.333333"
"1521911724","2164070935","0.333333"
"2164070935","1521911724","0.333333"
"2157130167","2164070935","0.916667"
"2164070935","2157130167","0.916667"
"119736700","2483078697","0.5"
"2483078697","119736700","0.5"
"2164070935","2483078697","0.5"
"2483078697","2164070935","0.5"
"119736700","1581979258","0.583333"
"1581979258","119736700","0.583333"
"144208358","1581979258","0.583333"
"1581979258","144208358","0.583333"
"1581979258","2164070935","0.583333"
"2164070935","1581979258","0.583333"
"144208358","2157130167","1.91667"
"2157130167","144208358","1.91667"
"1581979258","2157130167","0.25"
"2157130167","1581979258","0.25"
"1434952718","2101728752","0.166667"
"2101728752","1434952718","0.166667"
"1434952718","2104749092","0.166667"
"2104749092","1434952718","0.166667"
"1434952718","2111160357","0.166667"
"2111160357","1434952718","0.166667"
"1434952718","2142489420","0.166667"
"2142489420","1434952718","0.166667"
"1434952718","595338763","0.416667"
"595338763","1434952718","0.416667"
"1434952718","75527485","1.03333"
"75527485","1434952718","1.03333"
"2101728752","2104749092","0.166667"
"2104749092","2101728752","0.166667"
"2101728752","2111160357","0.166667"
"2111160357","2101728752","0.166667"
"2101728752","2142489420","0.166667"
"2142489420","2101728752","0.166667"
"2101728752","595338763","0.5"
"595338763","2101728752","0.5"
"2101728752","75527485","0.166667"
"75527485","2101728752","0.166667"
"2104749092","2111160357","0.291667"
"2111160357","2104749092","0.291667"
"2104749092","2142489420","0.541667"
"2142489420","2104749092","0.541667"
"2104749092","595338763","0.291667"
"595338763","2104749092","0.291667"
"2104749092","75527485","0.291667"
"75527485","2104749092","0.291667"
"2111160357","2142489420","0.291667"
"2142489420","2111160357","0.291667"
"2142489420","595338763","0.291667"
"595338763","2142489420","0.291667"
"2142489420","75527485","0.291667"
"75527485","2142489420","0.291667"
"1434952718","1604642214","1.33333"
"1604642214","1434952718","1.33333"
"1434952718","2172012914","1.78333"
"2172012914","1434952718","1.78333"
"1604642214","2172012914","7.36667"
"2172012914","1604642214","7.36667"
"1604642214","75527485","0.333333"
"75527485","1604642214","0.333333"
"2172012914","75527485","0.866667"
"75527485","2172012914","0.866667"
"1434952718","2101077949","1.58333"
"2101077949","1434952718","1.58333"
"1434952718","1510936625","0.833333"
"1510936625","1434952718","0.833333"
"1510936625","2101077949","0.583333"
"2101077949","1510936625","0.583333"
"1510936625","75527485","0.333333"
"75527485","1510936625","0.333333"
"1434952718","1551301861","0.25"
"1551301861","1434952718","0.25"
"1434952718","2082160676","0.25"
"2082160676","1434952718","0.25"
"1510936625","1551301861","1.03333"
"1551301861","1510936625","1.03333"
"1510936625","2082160676","0.7"
"2082160676","1510936625","0.7"
"1510936625","2172012914","4.28333"
"2172012914","1510936625","4.28333"
"1551301861","2082160676","7.825"
"2082160676","1551301861","7.825"
"1551301861","2172012914","1.03333"
"2172012914","1551301861","1.03333"
"2082160676","2172012914","1.03333"
"2172012914","2082160676","1.03333"
"1510936625","1604642214","2.78333"
"1604642214","1510936625","2.78333"
"1604642214","2101077949","0.25"
"2101077949","1604642214","0.25"
"2101077949","2172012914","0.583333"
"2172012914","2101077949","0.583333"
"1434952718","1581979258","0.2"
"1581979258","1434952718","0.2"
"1434952718","2156854909","0.2"
"2156854909","1434952718","0.2"
"1434952718","2483078697","0.2"
"2483078697","1434952718","0.2"
"1581979258","2156854909","0.2"
"2156854909","1581979258","0.2"
"1581979258","2172012914","0.2"
"2172012914","1581979258","0.2"
"1581979258","2483078697","1.2"
"2483078697","1581979258","1.2"
"2156854909","2172012914","1.2"
"2172012914","2156854909","1.2"
"2156854909","2483078697","0.2"
"2483078697","2156854909","0.2"
"2156854909","75527485","0.2"
"75527485","2156854909","0.2"
"2172012914","2483078697","0.2"
"2483078697","2172012914","0.2"
"2483078697","75527485","0.7"
"75527485","2483078697","0.7"
"1434952718","2158697845","0.25"
"2158697845","1434952718","0.25"
"1604642214","2158697845","0.45"
"2158697845","1604642214","0.45"
"1604642214","595338763","0.25"
"595338763","1604642214","0.25"
"2158697845","2172012914","0.7"
"2172012914","2158697845","0.7"
"2158697845","595338763","0.25"
"595338763","2158697845","0.25"
"2172012914","595338763","0.25"
"595338763","2172012914","0.25"
"144208358","2483078697","1"
"2483078697","144208358","1"
"144208358","2101728752","0.333333"
"2101728752","144208358","0.333333"
"2101728752","2157130167","0.333333"
"2157130167","2101728752","0.333333"
"2101728752","2164070935","0.333333"
"2164070935","2101728752","0.333333"
"144208358","2111160357","0.333333"
"2111160357","144208358","0.333333"
"144208358","2164014025","0.333333"
"2164014025","144208358","0.333333"
"2111160357","2157130167","0.333333"
"2157130167","2111160357","0.333333"
"2111160357","2164014025","0.333333"
"2164014025","2111160357","0.333333"
"2157130167","2164014025","0.333333"
"2164014025","2157130167","0.333333"
"1485624340","2104749092","0.375"
"2104749092","1485624340","0.375"
"1485624340","2142489420","0.375"
"2142489420","1485624340","0.375"
"1485624340","2145867973","0.375"
"2145867973","1485624340","0.375"
"1485624340","2483078697","0.25"
"2483078697","1485624340","0.25"
"2104749092","2145867973","0.375"
"2145867973","2104749092","0.375"
"2104749092","2483078697","0.25"
"2483078697","2104749092","0.25"
"2142489420","2145867973","0.708333"
"2145867973","2142489420","0.708333"
"2142489420","2483078697","0.583333"
"2483078697","2142489420","0.583333"
"2145867973","2483078697","0.583333"
"2483078697","2145867973","0.583333"
"1485624340","1551301861","0.125"
"1551301861","1485624340","0.125"
"1485624340","2082160676","0.125"
"2082160676","1485624340","0.125"
"1551301861","2104749092","0.125"
"2104749092","1551301861","0.125"
"1551301861","2111160357","0.125"
"2111160357","1551301861","0.125"
"1551301861","2142489420","0.125"
"2142489420","1551301861","0.125"
"1551301861","2145867973","0.125"
"2145867973","1551301861","0.125"
"1551301861","595338763","0.125"
"595338763","1551301861","0.125"
"1551301861","75527485","0.125"
"75527485","1551301861","0.125"
"2082160676","2104749092","0.125"
"2104749092","2082160676","0.125"
"2082160676","2111160357","0.125"
"2111160357","2082160676","0.125"
"2082160676","2142489420","0.125"
"2142489420","2082160676","0.125"
"2082160676","2145867973","0.125"
"2145867973","2082160676","0.125"
"2082160676","595338763","0.125"
"595338763","2082160676","0.125"
"2082160676","75527485","0.458333"
"75527485","2082160676","0.458333"
"2111160357","2145867973","0.125"
"2145867973","2111160357","0.125"
"2145867973","595338763","0.125"
"595338763","2145867973","0.125"
"2145867973","75527485","0.125"
"75527485","2145867973","0.125"
"1509372699","595338763","1"
"595338763","1509372699","1"
"1509372699","1521911724","0.333333"
"1521911724","1509372699","0.333333"
"1509372699","1560477901","0.333333"
"1560477901","1509372699","0.333333"
"1509372699","1581979258","0.333333"
"1581979258","1509372699","0.333333"
"1521911724","1560477901","0.333333"
"1560477901","1521911724","0.333333"
"1521911724","1581979258","0.833333"
"1581979258","1521911724","0.833333"
"1510936625","2158697845","0.45"
"2158697845","1510936625","0.45"
"1551301861","1604642214","0.533333"
"1604642214","1551301861","0.533333"
"1551301861","2158697845","0.45"
"2158697845","1551301861","0.45"
"1604642214","2082160676","0.2"
"2082160676","1604642214","0.2"
"2082160676","2158697845","0.45"
"2158697845","2082160676","0.45"
"1521911724","8126109","0.5"
"8126109","1521911724","0.5"
"15378547","2151487276","1"
"2151487276","15378547","1"
"1560477901","2101728752","0.333333"
"2101728752","1560477901","0.333333"
"1581979258","2101728752","0.333333"
"2101728752","1581979258","0.333333"
"1572571533","60116500","1"
"60116500","1572571533","1"
"1572571533","2101077949","0.333333"
"2101077949","1572571533","0.333333"
"1572571533","2123475449","0.333333"
"2123475449","1572571533","0.333333"
"1572571533","75527485","0.333333"
"75527485","1572571533","0.333333"
"2483078697","8126109","1"
"8126109","2483078697","1"
"1604642214","2101728752","0.5"
"2101728752","1604642214","0.5"
"2101728752","2172012914","0.5"
"2172012914","2101728752","0.5"
"1972444098","2483078697","3.5"
"2483078697","1972444098","3.5"
"1972444098","2158697845","0.5"
"2158697845","1972444098","0.5"
"2158697845","2483078697","0.833333"
"2483078697","2158697845","0.833333"
"2004416088","2159054552","8"
"2159054552","2004416088","8"
"2082160676","2101077949","0.333333"
"2101077949","2082160676","0.333333"
"2101728752","2151487276","1"
"2151487276","2101728752","1"
"2111160357","2483078697","1.5"
"2483078697","2111160357","1.5"
"2142489420","2158697845","0.333333"
"2158697845","2142489420","0.333333"
"2145867973","2158697845","0.333333"
"2158697845","2145867973","0.333333"
"2151487276","2157130167","1"
"2157130167","2151487276","1"
"2157130167","8126109","1"
"8126109","2157130167","1"
"2483078697","2601306580","1"
"2601306580","2483078697","1"
