"107509723","2040679323","12.0774"
"2040679323","107509723","12.0774"
"107509723","2146211304","4.76786"
"2146211304","107509723","4.76786"
"2040679323","2146211304","3.76786"
"2146211304","2040679323","3.76786"
"107509723","1501140466","0.494048"
"1501140466","107509723","0.494048"
"107509723","1555934676","0.767857"
"1555934676","107509723","0.767857"
"107509723","1605637582","0.494048"
"1605637582","107509723","0.494048"
"107509723","1990928224","0.994048"
"1990928224","107509723","0.994048"
"107509723","2017984660","0.369048"
"2017984660","107509723","0.369048"
"107509723","2169352179","0.767857"
"2169352179","107509723","0.767857"
"1501140466","1555934676","2.68452"
"1555934676","1501140466","2.68452"
"1501140466","1605637582","5.77738"
"1605637582","1501140466","5.77738"
"1501140466","1990928224","3.27738"
"1990928224","1501140466","3.27738"
"1501140466","2017984660","1.70238"
"2017984660","1501140466","1.70238"
"1501140466","2040679323","1.82738"
"2040679323","1501140466","1.82738"
"1501140466","2169352179","1.85119"
"2169352179","1501140466","1.85119"
"1555934676","1605637582","0.85119"
"1605637582","1555934676","0.85119"
"1555934676","1990928224","1.68452"
"1990928224","1555934676","1.68452"
"1555934676","2017984660","0.559524"
"2017984660","1555934676","0.559524"
"1555934676","2040679323","1.10119"
"2040679323","1555934676","1.10119"
"1555934676","2169352179","3.43452"
"2169352179","1555934676","3.43452"
"1605637582","1990928224","2.61071"
"1990928224","1605637582","2.61071"
"1605637582","2017984660","0.702381"
"2017984660","1605637582","0.702381"
"1605637582","2040679323","0.494048"
"2040679323","1605637582","0.494048"
"1605637582","2169352179","1.35119"
"2169352179","1605637582","1.35119"
"1990928224","2017984660","1.03571"
"2017984660","1990928224","1.03571"
"1990928224","2040679323","2.32738"
"2040679323","1990928224","2.32738"
"1990928224","2169352179","0.85119"
"2169352179","1990928224","0.85119"
"2017984660","2040679323","1.36905"
"2040679323","2017984660","1.36905"
"2017984660","2169352179","0.559524"
"2169352179","2017984660","0.559524"
"2040679323","2169352179","1.10119"
"2169352179","2040679323","1.10119"
"107509723","1583818642","0.583333"
"1583818642","107509723","0.583333"
"107509723","1981086495","0.375"
"1981086495","107509723","0.375"
"107509723","2098041063","0.0833333"
"2098041063","107509723","0.0833333"
"107509723","2117766469","0.0833333"
"2117766469","107509723","0.0833333"
"1501140466","1583818642","0.416667"
"1583818642","1501140466","0.416667"
"1501140466","1981086495","1.54167"
"1981086495","1501140466","1.54167"
"1501140466","2098041063","1.75"
"2098041063","1501140466","1.75"
"1501140466","2117766469","0.0833333"
"2117766469","1501140466","0.0833333"
"1501140466","2146211304","0.35119"
"2146211304","1501140466","0.35119"
"1555934676","1583818642","2.25"
"1583818642","1555934676","2.25"
"1555934676","1981086495","3.20833"
"1981086495","1555934676","3.20833"
"1555934676","2098041063","0.416667"
"2098041063","1555934676","0.416667"
"1555934676","2117766469","1.58333"
"2117766469","1555934676","1.58333"
"1555934676","2146211304","0.458333"
"2146211304","1555934676","0.458333"
"1583818642","1605637582","0.0833333"
"1605637582","1583818642","0.0833333"
"1583818642","1981086495","2.58333"
"1981086495","1583818642","2.58333"
"1583818642","1990928224","1.08333"
"1990928224","1583818642","1.08333"
"1583818642","2017984660","0.0833333"
"2017984660","1583818642","0.0833333"
"1583818642","2040679323","0.583333"
"2040679323","1583818642","0.583333"
"1583818642","2098041063","0.0833333"
"2098041063","1583818642","0.0833333"
"1583818642","2117766469","0.583333"
"2117766469","1583818642","0.583333"
"1583818642","2146211304","0.416667"
"2146211304","1583818642","0.416667"
"1583818642","2169352179","0.25"
"2169352179","1583818642","0.25"
"1605637582","1981086495","0.208333"
"1981086495","1605637582","0.208333"
"1605637582","2098041063","0.0833333"
"2098041063","1605637582","0.0833333"
"1605637582","2117766469","0.0833333"
"2117766469","1605637582","0.0833333"
"1605637582","2146211304","0.35119"
"2146211304","1605637582","0.35119"
"1981086495","1990928224","0.708333"
"1990928224","1981086495","0.708333"
"1981086495","2017984660","0.0833333"
"2017984660","1981086495","0.0833333"
"1981086495","2040679323","0.708333"
"2040679323","1981086495","0.708333"
"1981086495","2098041063","0.0833333"
"2098041063","1981086495","0.0833333"
"1981086495","2117766469","0.0833333"
"2117766469","1981086495","0.0833333"
"1981086495","2146211304","0.208333"
"2146211304","1981086495","0.208333"
"1981086495","2169352179","3.20833"
"2169352179","1981086495","3.20833"
"1990928224","2098041063","2.25"
"2098041063","1990928224","2.25"
"1990928224","2117766469","0.0833333"
"2117766469","1990928224","0.0833333"
"1990928224","2146211304","0.684524"
"2146211304","1990928224","0.684524"
"2017984660","2098041063","0.0833333"
"2098041063","2017984660","0.0833333"
"2017984660","2117766469","0.0833333"
"2117766469","2017984660","0.0833333"
"2017984660","2146211304","0.22619"
"2146211304","2017984660","0.22619"
"2040679323","2098041063","0.416667"
"2098041063","2040679323","0.416667"
"2040679323","2117766469","0.0833333"
"2117766469","2040679323","0.0833333"
"2098041063","2117766469","0.0833333"
"2117766469","2098041063","0.0833333"
"2098041063","2146211304","0.0833333"
"2146211304","2098041063","0.0833333"
"2098041063","2169352179","0.0833333"
"2169352179","2098041063","0.0833333"
"2117766469","2146211304","0.0833333"
"2146211304","2117766469","0.0833333"
"2117766469","2169352179","0.0833333"
"2169352179","2117766469","0.0833333"
"2146211304","2169352179","0.458333"
"2169352179","2146211304","0.458333"
"107509723","2019430098","0.142857"
"2019430098","107509723","0.142857"
"1501140466","2019430098","0.67619"
"2019430098","1501140466","0.67619"
"1605637582","2019430098","0.67619"
"2019430098","1605637582","0.67619"
"1990928224","2019430098","0.67619"
"2019430098","1990928224","0.67619"
"2017984660","2019430098","0.142857"
"2019430098","2017984660","0.142857"
"2019430098","2040679323","0.142857"
"2040679323","2019430098","0.142857"
"2019430098","2146211304","0.142857"
"2146211304","2019430098","0.142857"
"1490173378","20468749","25"
"20468749","1490173378","25"
"1490173378","2096193388","0.5"
"2096193388","1490173378","0.5"
"20468749","2096193388","0.5"
"2096193388","20468749","0.5"
"1490173378","1501140466","1.25"
"1501140466","1490173378","1.25"
"1490173378","1605637582","0.25"
"1605637582","1490173378","0.25"
"1490173378","1838876313","0.25"
"1838876313","1490173378","0.25"
"1490173378","1990928224","0.25"
"1990928224","1490173378","0.25"
"1501140466","1838876313","1.95"
"1838876313","1501140466","1.95"
"1605637582","1838876313","0.783333"
"1838876313","1605637582","0.783333"
"1838876313","1990928224","1.28333"
"1990928224","1838876313","1.28333"
"1490173378","2019430098","0.5"
"2019430098","1490173378","0.5"
"2019430098","20468749","1.5"
"20468749","2019430098","1.5"
"1500107132","2096193388","2"
"2096193388","1500107132","2"
"1500107132","6555313","1.33333"
"6555313","1500107132","1.33333"
"1500107132","1501140466","0.833333"
"1501140466","1500107132","0.833333"
"1500107132","2017984660","0.333333"
"2017984660","1500107132","0.333333"
"1501140466","6555313","0.333333"
"6555313","1501140466","0.333333"
"2017984660","6555313","0.333333"
"6555313","2017984660","0.333333"
"1500107132","1990928224","1"
"1990928224","1500107132","1"
"1500107132","2098041063","0.5"
"2098041063","1500107132","0.5"
"1501140466","2145224152","0.2"
"2145224152","1501140466","0.2"
"1605637582","2145224152","0.2"
"2145224152","1605637582","0.2"
"1838876313","2019430098","0.2"
"2019430098","1838876313","0.2"
"1838876313","2145224152","0.2"
"2145224152","1838876313","0.2"
"1990928224","2145224152","0.2"
"2145224152","1990928224","0.2"
"2019430098","2145224152","0.2"
"2145224152","2019430098","0.2"
"1583818642","1838876313","1"
"1838876313","1583818642","1"
"1838876313","2017984660","1.33333"
"2017984660","1838876313","1.33333"
"1838876313","2040679323","1"
"2040679323","1838876313","1"
"1981571494","2201200918","1"
"2201200918","1981571494","1"
"1990928224","6555313","1"
"6555313","1990928224","1"
"2019430098","2098041063","1"
"2098041063","2019430098","1"
"2096193388","2098041063","1.5"
"2098041063","2096193388","1.5"
"2096193388","2145224152","0.5"
"2145224152","2096193388","0.5"
"2098041063","2145224152","0.5"
"2145224152","2098041063","0.5"
"2747252153","2787575034","1"
"2787575034","2747252153","1"
"2747252153","2801892849","1"
"2801892849","2747252153","1"
"2787575034","2801892849","9"
"2801892849","2787575034","9"
