"1581644971","1584135898","3.19444"
"1584135898","1581644971","3.19444"
"1581644971","1585442575","0.583333"
"1585442575","1581644971","0.583333"
"1581644971","2166365355","0.527778"
"2166365355","1581644971","0.527778"
"1581644971","2488780544","1.19444"
"2488780544","1581644971","1.19444"
"1584135898","1585442575","0.583333"
"1585442575","1584135898","0.583333"
"1584135898","2166365355","1.02778"
"2166365355","1584135898","1.02778"
"1584135898","2488780544","2.19444"
"2488780544","1584135898","2.19444"
"1585442575","2166365355","0.75"
"2166365355","1585442575","0.75"
"1585442575","2488780544","0.583333"
"2488780544","1585442575","0.583333"
"2166365355","2488780544","1.36111"
"2488780544","2166365355","1.36111"
"1581644971","1890408325","0.611111"
"1890408325","1581644971","0.611111"
"1584135898","1890408325","0.611111"
"1890408325","1584135898","0.611111"
"1581644971","2012018386","1.11111"
"2012018386","1581644971","1.11111"
"1584135898","2012018386","1.61111"
"2012018386","1584135898","1.61111"
"2012018386","2488780544","2.94444"
"2488780544","2012018386","2.94444"
"1581644971","1584049245","0.277778"
"1584049245","1581644971","0.277778"
"1581644971","186004352","0.111111"
"186004352","1581644971","0.111111"
"1581644971","2001264133","0.277778"
"2001264133","1581644971","0.277778"
"1581644971","2800331415","0.111111"
"2800331415","1581644971","0.111111"
"1584049245","1584135898","0.277778"
"1584135898","1584049245","0.277778"
"1584049245","186004352","0.111111"
"186004352","1584049245","0.111111"
"1584049245","1890408325","0.111111"
"1890408325","1584049245","0.111111"
"1584049245","2001264133","0.777778"
"2001264133","1584049245","0.777778"
"1584049245","2012018386","1.27778"
"2012018386","1584049245","1.27778"
"1584049245","2166365355","0.277778"
"2166365355","1584049245","0.277778"
"1584049245","2488780544","0.777778"
"2488780544","1584049245","0.777778"
"1584049245","2800331415","0.111111"
"2800331415","1584049245","0.111111"
"1584135898","186004352","0.111111"
"186004352","1584135898","0.111111"
"1584135898","2001264133","0.277778"
"2001264133","1584135898","0.277778"
"1584135898","2800331415","0.111111"
"2800331415","1584135898","0.111111"
"186004352","1890408325","0.111111"
"1890408325","186004352","0.111111"
"186004352","2001264133","0.111111"
"2001264133","186004352","0.111111"
"186004352","2012018386","0.944444"
"2012018386","186004352","0.944444"
"186004352","2166365355","0.444444"
"2166365355","186004352","0.444444"
"186004352","2488780544","1.94444"
"2488780544","186004352","1.94444"
"186004352","2800331415","0.111111"
"2800331415","186004352","0.111111"
"1890408325","2001264133","5.94444"
"2001264133","1890408325","5.94444"
"1890408325","2012018386","0.111111"
"2012018386","1890408325","0.111111"
"1890408325","2166365355","0.111111"
"2166365355","1890408325","0.111111"
"1890408325","2488780544","0.611111"
"2488780544","1890408325","0.611111"
"1890408325","2800331415","0.111111"
"2800331415","1890408325","0.111111"
"2001264133","2012018386","0.277778"
"2012018386","2001264133","0.277778"
"2001264133","2166365355","0.277778"
"2166365355","2001264133","0.277778"
"2001264133","2488780544","1.27778"
"2488780544","2001264133","1.27778"
"2001264133","2800331415","0.111111"
"2800331415","2001264133","0.111111"
"2012018386","2166365355","3.11111"
"2166365355","2012018386","3.11111"
"2012018386","2800331415","0.111111"
"2800331415","2012018386","0.111111"
"2166365355","2800331415","0.111111"
"2800331415","2166365355","0.111111"
"2488780544","2800331415","0.111111"
"2800331415","2488780544","0.111111"
"1585442575","2012018386","1.5"
"2012018386","1585442575","1.5"
"1585442575","1587887330","1"
"1587887330","1585442575","1"
"1585442575","1851656947","0.166667"
"1851656947","1585442575","0.166667"
"1585442575","203961641","2.16667"
"203961641","1585442575","2.16667"
"1585442575","2186082810","0.166667"
"2186082810","1585442575","0.166667"
"1585442575","2406595890","0.166667"
"2406595890","1585442575","0.166667"
"1585442575","2531102787","0.166667"
"2531102787","1585442575","0.166667"
"1585442575","976520238","0.166667"
"976520238","1585442575","0.166667"
"1851656947","203961641","4.2"
"203961641","1851656947","4.2"
"1851656947","2186082810","0.416667"
"2186082810","1851656947","0.416667"
"1851656947","2406595890","1.89286"
"2406595890","1851656947","1.89286"
"1851656947","2531102787","0.166667"
"2531102787","1851656947","0.166667"
"1851656947","976520238","0.759524"
"976520238","1851656947","0.759524"
"203961641","2186082810","1.41667"
"2186082810","203961641","1.41667"
"203961641","2406595890","7.25"
"2406595890","203961641","7.25"
"203961641","2531102787","0.166667"
"2531102787","203961641","0.166667"
"203961641","976520238","0.616667"
"976520238","203961641","0.616667"
"2186082810","2406595890","1.41667"
"2406595890","2186082810","1.41667"
"2186082810","2531102787","0.166667"
"2531102787","2186082810","0.166667"
"2186082810","976520238","0.166667"
"976520238","2186082810","0.166667"
"2406595890","2531102787","0.166667"
"2531102787","2406595890","0.166667"
"2406595890","976520238","0.809524"
"976520238","2406595890","0.809524"
"2531102787","976520238","0.366667"
"976520238","2531102787","0.366667"
"1851656947","2800331415","0.892857"
"2800331415","1851656947","0.892857"
"1851656947","984095668","0.592857"
"984095668","1851656947","0.592857"
"203961641","2800331415","1.75"
"2800331415","203961641","1.75"
"203961641","984095668","0.45"
"984095668","203961641","0.45"
"2800331415","976520238","1.12619"
"976520238","2800331415","1.12619"
"2800331415","984095668","2.12619"
"984095668","2800331415","2.12619"
"976520238","984095668","3.32619"
"984095668","976520238","3.32619"
"1851656947","2276635382","1.17619"
"2276635382","1851656947","1.17619"
"1851656947","2408448769","0.342857"
"2408448769","1851656947","0.342857"
"1851656947","2774827551","0.142857"
"2774827551","1851656947","0.142857"
"2276635382","2406595890","0.97619"
"2406595890","2276635382","0.97619"
"2276635382","2408448769","1.20952"
"2408448769","2276635382","1.20952"
"2276635382","2774827551","0.642857"
"2774827551","2276635382","0.642857"
"2276635382","2800331415","1.00952"
"2800331415","2276635382","1.00952"
"2276635382","976520238","1.87619"
"976520238","2276635382","1.87619"
"2276635382","984095668","2.37619"
"984095668","2276635382","2.37619"
"2406595890","2408448769","0.142857"
"2408448769","2406595890","0.142857"
"2406595890","2774827551","0.642857"
"2774827551","2406595890","0.642857"
"2406595890","2800331415","0.642857"
"2800331415","2406595890","0.642857"
"2406595890","984095668","0.142857"
"984095668","2406595890","0.142857"
"2408448769","2774827551","0.142857"
"2774827551","2408448769","0.142857"
"2408448769","2800331415","2.70952"
"2800331415","2408448769","2.70952"
"2408448769","976520238","6.90952"
"976520238","2408448769","6.90952"
"2408448769","984095668","3.40952"
"984095668","2408448769","3.40952"
"2774827551","2800331415","0.142857"
"2800331415","2774827551","0.142857"
"2774827551","976520238","0.642857"
"976520238","2774827551","0.642857"
"2774827551","984095668","0.642857"
"984095668","2774827551","0.642857"
"1851656947","2001264133","0.25"
"2001264133","1851656947","0.25"
"2001264133","203961641","0.25"
"203961641","2001264133","0.25"
"2001264133","2186082810","0.583333"
"2186082810","2001264133","0.583333"
"2001264133","2406595890","0.25"
"2406595890","2001264133","0.25"
"203961641","2276635382","1.53333"
"2276635382","203961641","1.53333"
"203961641","2408448769","0.2"
"2408448769","203961641","0.2"
"1890408325","2144803234","0.333333"
"2144803234","1890408325","0.333333"
"1890408325","2186082810","0.333333"
"2186082810","1890408325","0.333333"
"2001264133","2144803234","0.333333"
"2144803234","2001264133","0.333333"
"2144803234","2186082810","0.333333"
"2186082810","2144803234","0.333333"
"2008886122","2408448769","0.5"
"2408448769","2008886122","0.5"
"2008886122","976520238","0.5"
"976520238","2008886122","0.5"
"203961641","2124790586","0.5"
"2124790586","203961641","0.5"
"2124790586","2800331415","0.5"
"2800331415","2124790586","0.5"
"203961641","2785986118","0.5"
"2785986118","203961641","0.5"
"2406595890","2785986118","0.5"
"2785986118","2406595890","0.5"
"2144803234","984095668","2"
"984095668","2144803234","2"
"2276635382","2531102787","0.2"
"2531102787","2276635382","0.2"
"2408448769","2531102787","0.7"
"2531102787","2408448769","0.7"
"2531102787","2800331415","4.7"
"2800331415","2531102787","4.7"
"2531102787","984095668","0.2"
"984095668","2531102787","0.2"
"2408448769","2727254232","0.533333"
"2727254232","2408448769","0.533333"
"2408448769","2785986118","0.2"
"2785986118","2408448769","0.2"
"2727254232","2785986118","5.2"
"2785986118","2727254232","5.2"
"2727254232","2800331415","1.2"
"2800331415","2727254232","1.2"
"2727254232","976520238","0.533333"
"976520238","2727254232","0.533333"
"2727254232","984095668","0.533333"
"984095668","2727254232","0.533333"
"2785986118","2800331415","0.2"
"2800331415","2785986118","0.2"
"2785986118","976520238","0.2"
"976520238","2785986118","0.2"
"2785986118","984095668","0.2"
"984095668","2785986118","0.2"
"2488780544","976520238","1"
"976520238","2488780544","1"
