"1208749","1530262066","0.130952"
"1530262066","1208749","0.130952"
"1208749","1541252023","0.130952"
"1541252023","1208749","0.130952"
"1208749","1564260002","0.130952"
"1564260002","1208749","0.130952"
"1208749","1586274379","0.135965"
"1586274379","1208749","0.135965"
"1208749","2033018395","0.0833333"
"2033018395","1208749","0.0833333"
"1208749","2059973553","0.135965"
"2059973553","1208749","0.135965"
"1208749","2127458318","0.516917"
"2127458318","1208749","0.516917"
"1208749","2130222136","0.0833333"
"2130222136","1208749","0.0833333"
"1208749","2153011866","0.0833333"
"2153011866","1208749","0.0833333"
"1208749","2470719833","0.183584"
"2470719833","1208749","0.183584"
"1208749","2990689217","0.333333"
"2990689217","1208749","0.333333"
"1208749","64495454","0.266917"
"64495454","1208749","0.266917"
"1530262066","1541252023","0.130952"
"1541252023","1530262066","0.130952"
"1530262066","1564260002","1.13095"
"1564260002","1530262066","1.13095"
"1530262066","1586274379","0.0833333"
"1586274379","1530262066","0.0833333"
"1530262066","2033018395","3.875"
"2033018395","1530262066","3.875"
"1530262066","2059973553","0.0833333"
"2059973553","1530262066","0.0833333"
"1530262066","2127458318","0.130952"
"2127458318","1530262066","0.130952"
"1530262066","2130222136","0.708333"
"2130222136","1530262066","0.708333"
"1530262066","2153011866","0.0833333"
"2153011866","1530262066","0.0833333"
"1530262066","2470719833","0.297619"
"2470719833","1530262066","0.297619"
"1530262066","2990689217","0.375"
"2990689217","1530262066","0.375"
"1530262066","64495454","0.130952"
"64495454","1530262066","0.130952"
"1541252023","1564260002","1.13095"
"1564260002","1541252023","1.13095"
"1541252023","1586274379","0.0833333"
"1586274379","1541252023","0.0833333"
"1541252023","2033018395","0.183333"
"2033018395","1541252023","0.183333"
"1541252023","2059973553","0.0833333"
"2059973553","1541252023","0.0833333"
"1541252023","2127458318","1.13095"
"2127458318","1541252023","1.13095"
"1541252023","2130222136","0.0833333"
"2130222136","1541252023","0.0833333"
"1541252023","2153011866","0.183333"
"2153011866","1541252023","0.183333"
"1541252023","2470719833","0.314286"
"2470719833","1541252023","0.314286"
"1541252023","2990689217","0.266667"
"2990689217","1541252023","0.266667"
"1541252023","64495454","0.314286"
"64495454","1541252023","0.314286"
"1564260002","1586274379","0.0833333"
"1586274379","1564260002","0.0833333"
"1564260002","2033018395","1.33333"
"2033018395","1564260002","1.33333"
"1564260002","2059973553","0.283333"
"2059973553","1564260002","0.283333"
"1564260002","2127458318","0.505952"
"2127458318","1564260002","0.505952"
"1564260002","2130222136","0.0833333"
"2130222136","1564260002","0.0833333"
"1564260002","2153011866","0.0833333"
"2153011866","1564260002","0.0833333"
"1564260002","2470719833","0.464286"
"2470719833","1564260002","0.464286"
"1564260002","2990689217","0.0833333"
"2990689217","1564260002","0.0833333"
"1564260002","64495454","0.455952"
"64495454","1564260002","0.455952"
"1586274379","2033018395","0.0833333"
"2033018395","1586274379","0.0833333"
"1586274379","2059973553","0.224106"
"2059973553","1586274379","0.224106"
"1586274379","2127458318","0.276874"
"2127458318","1586274379","0.276874"
"1586274379","2130222136","0.0833333"
"2130222136","1586274379","0.0833333"
"1586274379","2153011866","0.166667"
"2153011866","1586274379","0.166667"
"1586274379","2470719833","0.723348"
"2470719833","1586274379","0.723348"
"1586274379","2990689217","0.887383"
"2990689217","1586274379","0.887383"
"1586274379","64495454","1.29494"
"64495454","1586274379","1.29494"
"2033018395","2059973553","0.0833333"
"2059973553","2033018395","0.0833333"
"2033018395","2127458318","0.333333"
"2127458318","2033018395","0.333333"
"2033018395","2130222136","0.708333"
"2130222136","2033018395","0.708333"
"2033018395","2153011866","0.183333"
"2153011866","2033018395","0.183333"
"2033018395","2470719833","0.35"
"2470719833","2033018395","0.35"
"2033018395","2990689217","0.475"
"2990689217","2033018395","0.475"
"2033018395","64495454","0.183333"
"64495454","2033018395","0.183333"
"2059973553","2127458318","0.335965"
"2127458318","2059973553","0.335965"
"2059973553","2130222136","0.283333"
"2130222136","2059973553","0.283333"
"2059973553","2153011866","0.0833333"
"2153011866","2059973553","0.0833333"
"2059973553","2470719833","3.30708"
"2470719833","2059973553","3.30708"
"2059973553","2990689217","3.11159"
"2990689217","2059973553","3.11159"
"2059973553","64495454","0.730293"
"64495454","2059973553","0.730293"
"2127458318","2130222136","0.283333"
"2130222136","2127458318","0.283333"
"2127458318","2153011866","0.0833333"
"2153011866","2127458318","0.0833333"
"2127458318","2470719833","0.474493"
"2470719833","2127458318","0.474493"
"2127458318","2990689217","0.840909"
"2990689217","2127458318","0.840909"
"2127458318","64495454","0.641917"
"64495454","2127458318","0.641917"
"2130222136","2153011866","0.0833333"
"2153011866","2130222136","0.0833333"
"2130222136","2470719833","0.0833333"
"2470719833","2130222136","0.0833333"
"2130222136","2990689217","0.408333"
"2990689217","2130222136","0.408333"
"2130222136","64495454","0.0833333"
"64495454","2130222136","0.0833333"
"2153011866","2470719833","0.8"
"2470719833","2153011866","0.8"
"2153011866","2990689217","0.633333"
"2990689217","2153011866","0.633333"
"2153011866","64495454","1.16667"
"64495454","2153011866","1.16667"
"2470719833","2990689217","4.05369"
"2990689217","2470719833","4.05369"
"2470719833","64495454","3.8291"
"64495454","2470719833","3.8291"
"2990689217","64495454","1.98599"
"64495454","2990689217","1.98599"
"1208749","2029496912","0.25"
"2029496912","1208749","0.25"
"1208749","2138809437","0.25"
"2138809437","1208749","0.25"
"2029496912","2127458318","0.55"
"2127458318","2029496912","0.55"
"2029496912","2138809437","0.416667"
"2138809437","2029496912","0.416667"
"2029496912","2990689217","0.3"
"2990689217","2029496912","0.3"
"2127458318","2138809437","0.25"
"2138809437","2127458318","0.25"
"2138809437","2990689217","0.507576"
"2990689217","2138809437","0.507576"
"1208749","1569579226","0.0526316"
"1569579226","1208749","0.0526316"
"1208749","1617878968","0.0526316"
"1617878968","1208749","0.0526316"
"1208749","2008442672","0.0526316"
"2008442672","1208749","0.0526316"
"1208749","2026652746","0.0526316"
"2026652746","1208749","0.0526316"
"1208749","2063102387","0.0526316"
"2063102387","1208749","0.0526316"
"1208749","2099186112","0.135965"
"2099186112","1208749","0.135965"
"1208749","2133385231","0.135965"
"2133385231","1208749","0.135965"
"1208749","2154276565","0.135965"
"2154276565","1208749","0.135965"
"1208749","2162541975","0.135965"
"2162541975","1208749","0.135965"
"1208749","2165818101","0.0526316"
"2165818101","1208749","0.0526316"
"1208749","2528336828","0.100251"
"2528336828","1208749","0.100251"
"1208749","2528453367","0.0526316"
"2528453367","1208749","0.0526316"
"1208749","2616572999","0.0526316"
"2616572999","1208749","0.0526316"
"1208749","2978187656","0.100251"
"2978187656","1208749","0.100251"
"1569579226","1586274379","0.227632"
"1586274379","1569579226","0.227632"
"1569579226","1617878968","0.957826"
"1617878968","1569579226","0.957826"
"1569579226","2008442672","0.664969"
"2008442672","1569579226","0.664969"
"1569579226","2026652746","0.602632"
"2026652746","1569579226","0.602632"
"1569579226","2059973553","0.657826"
"2059973553","1569579226","0.657826"
"1569579226","2063102387","0.143541"
"2063102387","1569579226","0.143541"
"1569579226","2099186112","0.193541"
"2099186112","1569579226","0.193541"
"1569579226","2127458318","0.102632"
"2127458318","1569579226","0.102632"
"1569579226","2133385231","1.39354"
"2133385231","1569579226","1.39354"
"1569579226","2154276565","0.49906"
"2154276565","1569579226","0.49906"
"1569579226","2162541975","0.193541"
"2162541975","1569579226","0.193541"
"1569579226","2165818101","0.193541"
"2165818101","1569579226","0.193541"
"1569579226","2470719833","1.70783"
"2470719833","1569579226","1.70783"
"1569579226","2528336828","1.74549"
"2528336828","1569579226","1.74549"
"1569579226","2528453367","1.64354"
"2528453367","1569579226","1.64354"
"1569579226","2616572999","0.366917"
"2616572999","1569579226","0.366917"
"1569579226","2978187656","1.71854"
"2978187656","1569579226","1.71854"
"1569579226","64495454","1.78521"
"64495454","1569579226","1.78521"
"1586274379","1617878968","0.198465"
"1617878968","1586274379","0.198465"
"1586274379","2008442672","0.286606"
"2008442672","1586274379","0.286606"
"1586274379","2026652746","0.128273"
"2026652746","1586274379","0.128273"
"1586274379","2063102387","0.0782726"
"2063102387","1586274379","0.0782726"
"1586274379","2099186112","0.294939"
"2099186112","1586274379","0.294939"
"1586274379","2133385231","0.193541"
"2133385231","1586274379","0.193541"
"1586274379","2154276565","0.211606"
"2154276565","1586274379","0.211606"
"1586274379","2162541975","0.269298"
"2162541975","1586274379","0.269298"
"1586274379","2165818101","0.128273"
"2165818101","1586274379","0.128273"
"1586274379","2528336828","0.278273"
"2528336828","1586274379","0.278273"
"1586274379","2528453367","0.278273"
"2528453367","1586274379","0.278273"
"1586274379","2616572999","0.115132"
"2616572999","1586274379","0.115132"
"1586274379","2978187656","0.465773"
"2978187656","1586274379","0.465773"
"1617878968","2008442672","0.298303"
"2008442672","1617878968","0.298303"
"1617878968","2026652746","0.0526316"
"2026652746","1617878968","0.0526316"
"1617878968","2059973553","0.520326"
"2059973553","1617878968","0.520326"
"1617878968","2063102387","0.0526316"
"2063102387","1617878968","0.0526316"
"1617878968","2099186112","0.0526316"
"2099186112","1617878968","0.0526316"
"1617878968","2127458318","0.0526316"
"2127458318","1617878968","0.0526316"
"1617878968","2133385231","0.0526316"
"2133385231","1617878968","0.0526316"
"1617878968","2154276565","0.332393"
"2154276565","1617878968","0.332393"
"1617878968","2162541975","0.0526316"
"2162541975","1617878968","0.0526316"
"1617878968","2165818101","0.268541"
"2165818101","1617878968","0.268541"
"1617878968","2470719833","4.10366"
"2470719833","1617878968","4.10366"
"1617878968","2528336828","0.795489"
"2528336828","1617878968","0.795489"
"1617878968","2528453367","0.143541"
"2528453367","1617878968","0.143541"
"1617878968","2616572999","0.429417"
"2616572999","1617878968","0.429417"
"1617878968","2978187656","0.206041"
"2978187656","1617878968","0.206041"
"1617878968","64495454","0.351874"
"64495454","1617878968","0.351874"
"2008442672","2026652746","0.828273"
"2026652746","2008442672","0.828273"
"2008442672","2059973553","0.24061"
"2059973553","2008442672","0.24061"
"2008442672","2063102387","0.411606"
"2063102387","2008442672","0.411606"
"2008442672","2099186112","0.161606"
"2099186112","2008442672","0.161606"
"2008442672","2127458318","0.0526316"
"2127458318","2008442672","0.0526316"
"2008442672","2133385231","0.0526316"
"2133385231","2008442672","0.0526316"
"2008442672","2154276565","0.441368"
"2154276565","2008442672","0.441368"
"2008442672","2162541975","0.0526316"
"2162541975","2008442672","0.0526316"
"2008442672","2165818101","0.502515"
"2165818101","2008442672","0.502515"
"2008442672","2470719833","1.52394"
"2470719833","2008442672","1.52394"
"2008442672","2528336828","0.0782726"
"2528336828","2008442672","0.0782726"
"2008442672","2528453367","0.169182"
"2528453367","2008442672","0.169182"
"2008442672","2616572999","0.12406"
"2616572999","2008442672","0.12406"
"2008442672","2978187656","0.377515"
"2978187656","2008442672","0.377515"
"2008442672","64495454","0.910848"
"64495454","2008442672","0.910848"
"2026652746","2059973553","0.0782726"
"2059973553","2026652746","0.0782726"
"2026652746","2063102387","0.328273"
"2063102387","2026652746","0.328273"
"2026652746","2099186112","0.253273"
"2099186112","2026652746","0.253273"
"2026652746","2127458318","0.302632"
"2127458318","2026652746","0.302632"
"2026652746","2133385231","0.385965"
"2133385231","2026652746","0.385965"
"2026652746","2154276565","0.328273"
"2154276565","2026652746","0.328273"
"2026652746","2162541975","0.102632"
"2162541975","2026652746","0.102632"
"2026652746","2165818101","0.336606"
"2165818101","2026652746","0.336606"
"2026652746","2470719833","0.986606"
"2470719833","2026652746","0.986606"
"2026652746","2528336828","0.278273"
"2528336828","2026652746","0.278273"
"2026652746","2528453367","0.978273"
"2528453367","2026652746","0.978273"
"2026652746","2616572999","0.0526316"
"2616572999","2026652746","0.0526316"
"2026652746","2978187656","0.478273"
"2978187656","2026652746","0.478273"
"2026652746","64495454","0.411606"
"64495454","2026652746","0.411606"
"2059973553","2063102387","0.0782726"
"2063102387","2059973553","0.0782726"
"2059973553","2099186112","0.161606"
"2099186112","2059973553","0.161606"
"2059973553","2133385231","0.252632"
"2133385231","2059973553","0.252632"
"2059973553","2154276565","1.43303"
"2154276565","2059973553","1.43303"
"2059973553","2162541975","0.252632"
"2162541975","2059973553","0.252632"
"2059973553","2165818101","0.335848"
"2165818101","2059973553","0.335848"
"2059973553","2528336828","2.1378"
"2528336828","2059973553","2.1378"
"2059973553","2528453367","0.169182"
"2528453367","2059973553","0.169182"
"2059973553","2616572999","0.762751"
"2616572999","2059973553","0.762751"
"2059973553","2978187656","1.24279"
"2978187656","2059973553","1.24279"
"2063102387","2099186112","0.452515"
"2099186112","2063102387","0.452515"
"2063102387","2127458318","0.0526316"
"2127458318","2063102387","0.0526316"
"2063102387","2133385231","0.593541"
"2133385231","2063102387","0.593541"
"2063102387","2154276565","0.161606"
"2154276565","2063102387","0.161606"
"2063102387","2162541975","0.343541"
"2162541975","2063102387","0.343541"
"2063102387","2165818101","0.161606"
"2165818101","2063102387","0.161606"
"2063102387","2470719833","0.411606"
"2470719833","2063102387","0.411606"
"2063102387","2528336828","0.0782726"
"2528336828","2063102387","0.0782726"
"2063102387","2528453367","0.0782726"
"2528453367","2063102387","0.0782726"
"2063102387","2616572999","0.0526316"
"2616572999","2063102387","0.0526316"
"2063102387","2978187656","0.161606"
"2978187656","2063102387","0.161606"
"2063102387","64495454","0.161606"
"64495454","2063102387","0.161606"
"2099186112","2127458318","0.310965"
"2127458318","2099186112","0.310965"
"2099186112","2133385231","1.93521"
"2133385231","2099186112","1.93521"
"2099186112","2154276565","1.96161"
"2154276565","2099186112","1.96161"
"2099186112","2162541975","0.643541"
"2162541975","2099186112","0.643541"
"2099186112","2165818101","1.16161"
"2165818101","2099186112","1.16161"
"2099186112","2470719833","0.286606"
"2470719833","2099186112","0.286606"
"2099186112","2528336828","0.278273"
"2528336828","2099186112","0.278273"
"2099186112","2528453367","0.0782726"
"2528453367","2099186112","0.0782726"
"2099186112","2616572999","0.0526316"
"2616572999","2099186112","0.0526316"
"2099186112","2978187656","0.161606"
"2978187656","2099186112","0.161606"
"2099186112","64495454","0.869939"
"64495454","2099186112","0.869939"
"2127458318","2133385231","0.768541"
"2133385231","2127458318","0.768541"
"2127458318","2154276565","0.477632"
"2154276565","2127458318","0.477632"
"2127458318","2162541975","0.185965"
"2162541975","2127458318","0.185965"
"2127458318","2165818101","0.102632"
"2165818101","2127458318","0.102632"
"2127458318","2528336828","0.100251"
"2528336828","2127458318","0.100251"
"2127458318","2528453367","0.302632"
"2528453367","2127458318","0.302632"
"2127458318","2616572999","0.0526316"
"2616572999","2127458318","0.0526316"
"2127458318","2978187656","0.300251"
"2978187656","2127458318","0.300251"
"2133385231","2154276565","2.71096"
"2154276565","2133385231","2.71096"
"2133385231","2162541975","0.476874"
"2162541975","2133385231","0.476874"
"2133385231","2165818101","0.885965"
"2165818101","2133385231","0.885965"
"2133385231","2470719833","0.626874"
"2470719833","2133385231","0.626874"
"2133385231","2528336828","0.0526316"
"2528336828","2133385231","0.0526316"
"2133385231","2528453367","0.0526316"
"2528453367","2133385231","0.0526316"
"2133385231","2616572999","0.0526316"
"2616572999","2133385231","0.0526316"
"2133385231","2978187656","0.0526316"
"2978187656","2133385231","0.0526316"
"2133385231","64495454","0.594298"
"64495454","2133385231","0.594298"
"2154276565","2162541975","0.185965"
"2162541975","2154276565","0.185965"
"2154276565","2165818101","0.661606"
"2165818101","2154276565","0.661606"
"2154276565","2470719833","0.841368"
"2470719833","2154276565","0.841368"
"2154276565","2528336828","0.411606"
"2528336828","2154276565","0.411606"
"2154276565","2528453367","0.278273"
"2528453367","2154276565","0.278273"
"2154276565","2616572999","0.12406"
"2616572999","2154276565","0.12406"
"2154276565","2978187656","0.694939"
"2978187656","2154276565","0.694939"
"2154276565","64495454","1.20327"
"64495454","2154276565","1.20327"
"2162541975","2165818101","0.102632"
"2165818101","2162541975","0.102632"
"2162541975","2470719833","0.0526316"
"2470719833","2162541975","0.0526316"
"2162541975","2528336828","0.252632"
"2528336828","2162541975","0.252632"
"2162541975","2528453367","0.0526316"
"2528453367","2162541975","0.0526316"
"2162541975","2616572999","0.0526316"
"2616572999","2162541975","0.0526316"
"2162541975","2978187656","0.0526316"
"2978187656","2162541975","0.0526316"
"2162541975","64495454","0.185965"
"64495454","2162541975","0.185965"
"2165818101","2470719833","1.32752"
"2470719833","2165818101","1.32752"
"2165818101","2528336828","0.278273"
"2528336828","2165818101","0.278273"
"2165818101","2528453367","0.169182"
"2528453367","2165818101","0.169182"
"2165818101","2616572999","0.0526316"
"2616572999","2165818101","0.0526316"
"2165818101","2978187656","0.252515"
"2978187656","2165818101","0.252515"
"2165818101","64495454","1.66085"
"64495454","2165818101","1.66085"
"2470719833","2528336828","3.02827"
"2528336828","2470719833","3.02827"
"2470719833","2528453367","1.71204"
"2528453367","2470719833","1.71204"
"2470719833","2616572999","1.07227"
"2616572999","2470719833","1.07227"
"2470719833","2978187656","2.86779"
"2978187656","2470719833","2.86779"
"2528336828","2528453367","3.02113"
"2528453367","2528336828","3.02113"
"2528336828","2616572999","0.638346"
"2616572999","2528336828","0.638346"
"2528336828","2978187656","5.01875"
"2978187656","2528336828","5.01875"
"2528336828","64495454","0.525892"
"64495454","2528336828","0.525892"
"2528453367","2616572999","0.645489"
"2616572999","2528453367","0.645489"
"2528453367","2978187656","6.86204"
"2978187656","2528453367","6.86204"
"2528453367","64495454","0.169182"
"64495454","2528453367","0.169182"
"2616572999","2978187656","1.04132"
"2978187656","2616572999","1.04132"
"2616572999","64495454","0.0526316"
"64495454","2616572999","0.0526316"
"2978187656","64495454","0.754102"
"64495454","2978187656","0.754102"
"1208749","1542720467","0.047619"
"1542720467","1208749","0.047619"
"1208749","1670203616","0.047619"
"1670203616","1208749","0.047619"
"1208749","1764236772","0.047619"
"1764236772","1208749","0.047619"
"1208749","1793258529","0.047619"
"1793258529","1208749","0.047619"
"1208749","1976653161","0.047619"
"1976653161","1208749","0.047619"
"1208749","1989740268","0.047619"
"1989740268","1208749","0.047619"
"1208749","2100638355","0.130952"
"2100638355","1208749","0.130952"
"1208749","2103369890","0.130952"
"2103369890","1208749","0.130952"
"1208749","2104093259","0.130952"
"2104093259","1208749","0.130952"
"1208749","2109223287","0.047619"
"2109223287","1208749","0.047619"
"1208749","2138282870","0.130952"
"2138282870","1208749","0.130952"
"1208749","2162082568","0.047619"
"2162082568","1208749","0.047619"
"1208749","2167612084","0.130952"
"2167612084","1208749","0.130952"
"1530262066","1542720467","0.214286"
"1542720467","1530262066","0.214286"
"1530262066","1670203616","0.047619"
"1670203616","1530262066","0.047619"
"1530262066","1764236772","0.047619"
"1764236772","1530262066","0.047619"
"1530262066","1793258529","0.339286"
"1793258529","1530262066","0.339286"
"1530262066","1976653161","0.172619"
"1976653161","1530262066","0.172619"
"1530262066","1989740268","0.047619"
"1989740268","1530262066","0.047619"
"1530262066","2100638355","0.047619"
"2100638355","1530262066","0.047619"
"1530262066","2103369890","0.047619"
"2103369890","1530262066","0.047619"
"1530262066","2104093259","0.047619"
"2104093259","1530262066","0.047619"
"1530262066","2109223287","0.047619"
"2109223287","1530262066","0.047619"
"1530262066","2138282870","0.172619"
"2138282870","1530262066","0.172619"
"1530262066","2162082568","0.047619"
"2162082568","1530262066","0.047619"
"1530262066","2167612084","0.047619"
"2167612084","1530262066","0.047619"
"1530262066","2528336828","0.380952"
"2528336828","1530262066","0.380952"
"1530262066","2978187656","0.214286"
"2978187656","1530262066","0.214286"
"1541252023","1542720467","0.047619"
"1542720467","1541252023","0.047619"
"1541252023","1670203616","0.130952"
"1670203616","1541252023","0.130952"
"1541252023","1764236772","0.130952"
"1764236772","1541252023","0.130952"
"1541252023","1793258529","0.147619"
"1793258529","1541252023","0.147619"
"1541252023","1976653161","0.047619"
"1976653161","1541252023","0.047619"
"1541252023","1989740268","0.130952"
"1989740268","1541252023","0.130952"
"1541252023","2100638355","0.047619"
"2100638355","1541252023","0.047619"
"1541252023","2103369890","0.047619"
"2103369890","1541252023","0.047619"
"1541252023","2104093259","0.047619"
"2104093259","1541252023","0.047619"
"1541252023","2109223287","0.047619"
"2109223287","1541252023","0.047619"
"1541252023","2138282870","0.047619"
"2138282870","1541252023","0.047619"
"1541252023","2162082568","0.047619"
"2162082568","1541252023","0.047619"
"1541252023","2167612084","0.047619"
"2167612084","1541252023","0.047619"
"1541252023","2528336828","0.047619"
"2528336828","1541252023","0.047619"
"1541252023","2978187656","0.047619"
"2978187656","1541252023","0.047619"
"1542720467","1564260002","0.047619"
"1564260002","1542720467","0.047619"
"1542720467","1670203616","0.047619"
"1670203616","1542720467","0.047619"
"1542720467","1764236772","0.297619"
"1764236772","1542720467","0.297619"
"1542720467","1793258529","0.214286"
"1793258529","1542720467","0.214286"
"1542720467","1976653161","0.297619"
"1976653161","1542720467","0.297619"
"1542720467","1989740268","0.047619"
"1989740268","1542720467","0.047619"
"1542720467","2100638355","0.047619"
"2100638355","1542720467","0.047619"
"1542720467","2103369890","0.047619"
"2103369890","1542720467","0.047619"
"1542720467","2104093259","0.297619"
"2104093259","1542720467","0.297619"
"1542720467","2109223287","0.047619"
"2109223287","1542720467","0.047619"
"1542720467","2127458318","0.047619"
"2127458318","1542720467","0.047619"
"1542720467","2138282870","0.047619"
"2138282870","1542720467","0.047619"
"1542720467","2162082568","0.047619"
"2162082568","1542720467","0.047619"
"1542720467","2167612084","0.047619"
"2167612084","1542720467","0.047619"
"1542720467","2470719833","0.214286"
"2470719833","1542720467","0.214286"
"1542720467","2528336828","0.047619"
"2528336828","1542720467","0.047619"
"1542720467","2978187656","0.214286"
"2978187656","1542720467","0.214286"
"1542720467","64495454","0.047619"
"64495454","1542720467","0.047619"
"1564260002","1670203616","0.247619"
"1670203616","1564260002","0.247619"
"1564260002","1764236772","1.04762"
"1764236772","1564260002","1.04762"
"1564260002","1793258529","0.505952"
"1793258529","1564260002","0.505952"
"1564260002","1976653161","0.380952"
"1976653161","1564260002","0.380952"
"1564260002","1989740268","0.047619"
"1989740268","1564260002","0.047619"
"1564260002","2100638355","0.047619"
"2100638355","1564260002","0.047619"
"1564260002","2103369890","0.047619"
"2103369890","1564260002","0.047619"
"1564260002","2104093259","0.047619"
"2104093259","1564260002","0.047619"
"1564260002","2109223287","0.047619"
"2109223287","1564260002","0.047619"
"1564260002","2138282870","0.047619"
"2138282870","1564260002","0.047619"
"1564260002","2162082568","0.047619"
"2162082568","1564260002","0.047619"
"1564260002","2167612084","0.047619"
"2167612084","1564260002","0.047619"
"1564260002","2528336828","1.04762"
"2528336828","1564260002","1.04762"
"1564260002","2978187656","0.047619"
"2978187656","1564260002","0.047619"
"1670203616","1764236772","0.580952"
"1764236772","1670203616","0.580952"
"1670203616","1793258529","0.047619"
"1793258529","1670203616","0.047619"
"1670203616","1976653161","0.047619"
"1976653161","1670203616","0.047619"
"1670203616","1989740268","0.206593"
"1989740268","1670203616","0.206593"
"1670203616","2100638355","0.239927"
"2100638355","1670203616","0.239927"
"1670203616","2103369890","0.047619"
"2103369890","1670203616","0.047619"
"1670203616","2104093259","0.0732601"
"2104093259","1670203616","0.0732601"
"1670203616","2109223287","0.047619"
"2109223287","1670203616","0.047619"
"1670203616","2127458318","0.297619"
"2127458318","1670203616","0.297619"
"1670203616","2138282870","0.047619"
"2138282870","1670203616","0.047619"
"1670203616","2162082568","0.047619"
"2162082568","1670203616","0.047619"
"1670203616","2167612084","0.047619"
"2167612084","1670203616","0.047619"
"1670203616","2470719833","1.47326"
"2470719833","1670203616","1.47326"
"1670203616","2528336828","0.27326"
"2528336828","1670203616","0.27326"
"1670203616","2978187656","0.156593"
"2978187656","1670203616","0.156593"
"1670203616","64495454","6.83993"
"64495454","1670203616","6.83993"
"1764236772","1793258529","0.047619"
"1793258529","1764236772","0.047619"
"1764236772","1976653161","4.29762"
"1976653161","1764236772","4.29762"
"1764236772","1989740268","0.130952"
"1989740268","1764236772","0.130952"
"1764236772","2100638355","0.047619"
"2100638355","1764236772","0.047619"
"1764236772","2103369890","0.047619"
"2103369890","1764236772","0.047619"
"1764236772","2104093259","0.297619"
"2104093259","1764236772","0.297619"
"1764236772","2109223287","0.047619"
"2109223287","1764236772","0.047619"
"1764236772","2127458318","0.047619"
"2127458318","1764236772","0.047619"
"1764236772","2138282870","0.047619"
"2138282870","1764236772","0.047619"
"1764236772","2162082568","0.047619"
"2162082568","1764236772","0.047619"
"1764236772","2167612084","0.047619"
"2167612084","1764236772","0.047619"
"1764236772","2470719833","0.130952"
"2470719833","1764236772","0.130952"
"1764236772","2528336828","0.047619"
"2528336828","1764236772","0.047619"
"1764236772","2978187656","0.047619"
"2978187656","1764236772","0.047619"
"1764236772","64495454","0.130952"
"64495454","1764236772","0.130952"
"1793258529","1976653161","1.00595"
"1976653161","1793258529","1.00595"
"1793258529","1989740268","0.047619"
"1989740268","1793258529","0.047619"
"1793258529","2100638355","0.047619"
"2100638355","1793258529","0.047619"
"1793258529","2103369890","0.047619"
"2103369890","1793258529","0.047619"
"1793258529","2104093259","0.047619"
"2104093259","1793258529","0.047619"
"1793258529","2109223287","0.047619"
"2109223287","1793258529","0.047619"
"1793258529","2127458318","0.172619"
"2127458318","1793258529","0.172619"
"1793258529","2138282870","0.172619"
"2138282870","1793258529","0.172619"
"1793258529","2162082568","0.047619"
"2162082568","1793258529","0.047619"
"1793258529","2167612084","0.047619"
"2167612084","1793258529","0.047619"
"1793258529","2470719833","0.647619"
"2470719833","1793258529","0.647619"
"1793258529","2528336828","1.74762"
"2528336828","1793258529","1.74762"
"1793258529","2978187656","0.714286"
"2978187656","1793258529","0.714286"
"1793258529","64495454","0.272619"
"64495454","1793258529","0.272619"
"1976653161","1989740268","0.047619"
"1989740268","1976653161","0.047619"
"1976653161","2100638355","0.047619"
"2100638355","1976653161","0.047619"
"1976653161","2103369890","0.047619"
"2103369890","1976653161","0.047619"
"1976653161","2104093259","0.297619"
"2104093259","1976653161","0.297619"
"1976653161","2109223287","0.047619"
"2109223287","1976653161","0.047619"
"1976653161","2127458318","0.047619"
"2127458318","1976653161","0.047619"
"1976653161","2138282870","0.172619"
"2138282870","1976653161","0.172619"
"1976653161","2162082568","0.047619"
"2162082568","1976653161","0.047619"
"1976653161","2167612084","0.047619"
"2167612084","1976653161","0.047619"
"1976653161","2470719833","0.380952"
"2470719833","1976653161","0.380952"
"1976653161","2528336828","0.547619"
"2528336828","1976653161","0.547619"
"1976653161","2978187656","0.047619"
"2978187656","1976653161","0.047619"
"1976653161","64495454","0.047619"
"64495454","1976653161","0.047619"
"1989740268","2100638355","0.156593"
"2100638355","1989740268","0.156593"
"1989740268","2103369890","0.047619"
"2103369890","1989740268","0.047619"
"1989740268","2104093259","0.0732601"
"2104093259","1989740268","0.0732601"
"1989740268","2109223287","0.047619"
"2109223287","1989740268","0.047619"
"1989740268","2127458318","0.097619"
"2127458318","1989740268","0.097619"
"1989740268","2138282870","0.047619"
"2138282870","1989740268","0.047619"
"1989740268","2162082568","0.568452"
"2162082568","1989740268","0.568452"
"1989740268","2167612084","0.047619"
"2167612084","1989740268","0.047619"
"1989740268","2470719833","1.17028"
"2470719833","1989740268","1.17028"
"1989740268","2528336828","2.13278"
"2528336828","1989740268","2.13278"
"1989740268","2978187656","1.40243"
"2978187656","1989740268","1.40243"
"1989740268","64495454","0.781593"
"64495454","1989740268","0.781593"
"2100638355","2103369890","1.30519"
"2103369890","2100638355","1.30519"
"2100638355","2104093259","0.64036"
"2104093259","2100638355","0.64036"
"2100638355","2109223287","0.047619"
"2109223287","2100638355","0.047619"
"2100638355","2127458318","0.888528"
"2127458318","2100638355","0.888528"
"2100638355","2138282870","0.130952"
"2138282870","2100638355","0.130952"
"2100638355","2162082568","0.281385"
"2162082568","2100638355","0.281385"
"2100638355","2167612084","1.55519"
"2167612084","2100638355","1.55519"
"2100638355","2470719833","0.89036"
"2470719833","2100638355","0.89036"
"2100638355","2528336828","0.0732601"
"2528336828","2100638355","0.0732601"
"2100638355","2978187656","0.216117"
"2978187656","2100638355","0.216117"
"2100638355","64495454","0.466117"
"64495454","2100638355","0.466117"
"2103369890","2104093259","0.638528"
"2104093259","2103369890","0.638528"
"2103369890","2109223287","0.047619"
"2109223287","2103369890","0.047619"
"2103369890","2127458318","0.388528"
"2127458318","2103369890","0.388528"
"2103369890","2138282870","0.297619"
"2138282870","2103369890","0.297619"
"2103369890","2162082568","0.138528"
"2162082568","2103369890","0.138528"
"2103369890","2167612084","2.05519"
"2167612084","2103369890","2.05519"
"2103369890","2470719833","0.138528"
"2470719833","2103369890","0.138528"
"2103369890","2528336828","0.547619"
"2528336828","2103369890","0.547619"
"2103369890","2978187656","0.047619"
"2978187656","2103369890","0.047619"
"2103369890","64495454","0.130952"
"64495454","2103369890","0.130952"
"2104093259","2109223287","0.047619"
"2109223287","2104093259","0.047619"
"2104093259","2127458318","0.221861"
"2127458318","2104093259","0.221861"
"2104093259","2138282870","0.297619"
"2138282870","2104093259","0.297619"
"2104093259","2162082568","0.281385"
"2162082568","2104093259","0.281385"
"2104093259","2167612084","0.221861"
"2167612084","2104093259","0.221861"
"2104093259","2470719833","1.30703"
"2470719833","2104093259","1.30703"
"2104093259","2528336828","0.0732601"
"2528336828","2104093259","0.0732601"
"2104093259","2978187656","0.216117"
"2978187656","2104093259","0.216117"
"2104093259","64495454","0.299451"
"64495454","2104093259","0.299451"
"2109223287","2127458318","0.247619"
"2127458318","2109223287","0.247619"
"2109223287","2138282870","0.047619"
"2138282870","2109223287","0.047619"
"2109223287","2162082568","0.047619"
"2162082568","2109223287","0.047619"
"2109223287","2167612084","0.047619"
"2167612084","2109223287","0.047619"
"2109223287","2470719833","0.047619"
"2470719833","2109223287","0.047619"
"2109223287","2528336828","0.047619"
"2528336828","2109223287","0.047619"
"2109223287","2978187656","0.247619"
"2978187656","2109223287","0.247619"
"2109223287","64495454","0.047619"
"64495454","2109223287","0.047619"
"2127458318","2138282870","0.130952"
"2138282870","2127458318","0.130952"
"2127458318","2162082568","0.138528"
"2162082568","2127458318","0.138528"
"2127458318","2167612084","0.888528"
"2167612084","2127458318","0.888528"
"2138282870","2162082568","0.047619"
"2162082568","2138282870","0.047619"
"2138282870","2167612084","0.130952"
"2167612084","2138282870","0.130952"
"2138282870","2470719833","0.047619"
"2470719833","2138282870","0.047619"
"2138282870","2528336828","0.047619"
"2528336828","2138282870","0.047619"
"2138282870","2978187656","0.047619"
"2978187656","2138282870","0.047619"
"2138282870","64495454","0.130952"
"64495454","2138282870","0.130952"
"2162082568","2167612084","0.138528"
"2167612084","2162082568","0.138528"
"2162082568","2470719833","2.63555"
"2470719833","2162082568","2.63555"
"2162082568","2528336828","0.297619"
"2528336828","2162082568","0.297619"
"2162082568","2978187656","0.252976"
"2978187656","2162082568","0.252976"
"2162082568","64495454","0.27381"
"64495454","2162082568","0.27381"
"2167612084","2470719833","0.138528"
"2470719833","2167612084","0.138528"
"2167612084","2528336828","0.047619"
"2528336828","2167612084","0.047619"
"2167612084","2978187656","0.047619"
"2978187656","2167612084","0.047619"
"2167612084","64495454","0.130952"
"64495454","2167612084","0.130952"
"1208749","2555811577","0.0833333"
"2555811577","1208749","0.0833333"
"2099186112","2100638355","0.192308"
"2100638355","2099186112","0.192308"
"2099186112","2103369890","0.25"
"2103369890","2099186112","0.25"
"2099186112","2104093259","0.400641"
"2104093259","2099186112","0.400641"
"2099186112","2138282870","0.25"
"2138282870","2099186112","0.25"
"2099186112","2167612084","0.0833333"
"2167612084","2099186112","0.0833333"
"2099186112","2555811577","0.192308"
"2555811577","2099186112","0.192308"
"2100638355","2133385231","0.924242"
"2133385231","2100638355","0.924242"
"2100638355","2154276565","0.942308"
"2154276565","2100638355","0.942308"
"2100638355","2162541975","0.583333"
"2162541975","2100638355","0.583333"
"2100638355","2555811577","0.783217"
"2555811577","2100638355","0.783217"
"2103369890","2133385231","0.674242"
"2133385231","2103369890","0.674242"
"2103369890","2154276565","0.833333"
"2154276565","2103369890","0.833333"
"2103369890","2162541975","0.25"
"2162541975","2103369890","0.25"
"2103369890","2555811577","0.424242"
"2555811577","2103369890","0.424242"
"2104093259","2133385231","0.174242"
"2133385231","2104093259","0.174242"
"2104093259","2154276565","0.483974"
"2154276565","2104093259","0.483974"
"2104093259","2162541975","0.25"
"2162541975","2104093259","0.25"
"2104093259","2555811577","0.449883"
"2555811577","2104093259","0.449883"
"2127458318","2555811577","0.174242"
"2555811577","2127458318","0.174242"
"2133385231","2138282870","0.416667"
"2138282870","2133385231","0.416667"
"2133385231","2167612084","0.674242"
"2167612084","2133385231","0.674242"
"2133385231","2555811577","0.424242"
"2555811577","2133385231","0.424242"
"2138282870","2154276565","0.0833333"
"2154276565","2138282870","0.0833333"
"2138282870","2162541975","0.25"
"2162541975","2138282870","0.25"
"2138282870","2555811577","0.0833333"
"2555811577","2138282870","0.0833333"
"2154276565","2167612084","1.08333"
"2167612084","2154276565","1.08333"
"2154276565","2555811577","0.442308"
"2555811577","2154276565","0.442308"
"2162541975","2167612084","0.0833333"
"2167612084","2162541975","0.0833333"
"2162541975","2555811577","0.0833333"
"2555811577","2162541975","0.0833333"
"2167612084","2555811577","0.174242"
"2555811577","2167612084","0.174242"
"2555811577","64495454","0.108974"
"64495454","2555811577","0.108974"
"136640012","1493899432","1"
"1493899432","136640012","1"
"136640012","1569579226","1.5"
"1569579226","136640012","1.5"
"136640012","2138809437","0.5"
"2138809437","136640012","0.5"
"1569579226","2138809437","0.590909"
"2138809437","1569579226","0.590909"
"136640012","1670203616","0.75"
"1670203616","136640012","0.75"
"136640012","1764236772","0.25"
"1764236772","136640012","0.25"
"136640012","2133385231","0.45"
"2133385231","136640012","0.45"
"136640012","2759567812","0.25"
"2759567812","136640012","0.25"
"1670203616","2133385231","0.783333"
"2133385231","1670203616","0.783333"
"1670203616","2759567812","0.275641"
"2759567812","1670203616","0.275641"
"1764236772","2133385231","0.533333"
"2133385231","1764236772","0.533333"
"1764236772","2759567812","0.25"
"2759567812","1764236772","0.25"
"2133385231","2759567812","0.25"
"2759567812","2133385231","0.25"
"136640012","2163086589","1"
"2163086589","136640012","1"
"136640012","2008442672","0.25"
"2008442672","136640012","0.25"
"136640012","2026652746","0.25"
"2026652746","136640012","0.25"
"136640012","2062064671","0.25"
"2062064671","136640012","0.25"
"136640012","2063102387","0.45"
"2063102387","136640012","0.45"
"2008442672","2062064671","0.25"
"2062064671","2008442672","0.25"
"2026652746","2062064671","0.25"
"2062064671","2026652746","0.25"
"2062064671","2063102387","0.583333"
"2063102387","2062064671","0.583333"
"136640012","2990689217","1"
"2990689217","136640012","1"
"136640012","1503602219","0.2"
"1503602219","136640012","0.2"
"136640012","2099186112","0.2"
"2099186112","136640012","0.2"
"136640012","2162541975","0.2"
"2162541975","136640012","0.2"
"1503602219","2063102387","0.783333"
"2063102387","1503602219","0.783333"
"1503602219","2099186112","0.2"
"2099186112","1503602219","0.2"
"1503602219","2133385231","0.45"
"2133385231","1503602219","0.45"
"1503602219","2162541975","0.2"
"2162541975","1503602219","0.2"
"136640012","2121439003","0.5"
"2121439003","136640012","0.5"
"1670203616","2121439003","0.858974"
"2121439003","1670203616","0.858974"
"1493899432","1503602219","0.25"
"1503602219","1493899432","0.25"
"1493899432","2098095461","0.25"
"2098095461","1493899432","0.25"
"1493899432","2100638355","0.275641"
"2100638355","1493899432","0.275641"
"1493899432","2138809437","0.25"
"2138809437","1493899432","0.25"
"1503602219","2098095461","1.41667"
"2098095461","1503602219","1.41667"
"1503602219","2100638355","10"
"2100638355","1503602219","10"
"1503602219","2138809437","1.25"
"2138809437","1503602219","1.25"
"2098095461","2100638355","1.41667"
"2100638355","2098095461","1.41667"
"2098095461","2138809437","0.25"
"2138809437","2098095461","0.25"
"2100638355","2138809437","0.25"
"2138809437","2100638355","0.25"
"1493899432","155737535","0.025641"
"155737535","1493899432","0.025641"
"1493899432","1586274379","0.025641"
"1586274379","1493899432","0.025641"
"1493899432","1670203616","0.025641"
"1670203616","1493899432","0.025641"
"1493899432","173606998","0.025641"
"173606998","1493899432","0.025641"
"1493899432","1788274692","0.025641"
"1788274692","1493899432","0.025641"
"1493899432","1835164937","0.025641"
"1835164937","1493899432","0.025641"
"1493899432","1908061682","0.025641"
"1908061682","1493899432","0.025641"
"1493899432","1976876446","0.025641"
"1976876446","1493899432","0.025641"
"1493899432","1982929896","0.025641"
"1982929896","1493899432","0.025641"
"1493899432","1989740268","0.025641"
"1989740268","1493899432","0.025641"
"1493899432","2008442672","0.025641"
"2008442672","1493899432","0.025641"
"1493899432","2014087257","0.025641"
"2014087257","1493899432","0.025641"
"1493899432","2026652746","0.025641"
"2026652746","1493899432","0.025641"
"1493899432","2059973553","0.025641"
"2059973553","1493899432","0.025641"
"1493899432","2063102387","0.025641"
"2063102387","1493899432","0.025641"
"1493899432","2099186112","0.025641"
"2099186112","1493899432","0.025641"
"1493899432","2104093259","0.025641"
"2104093259","1493899432","0.025641"
"1493899432","2121439003","0.025641"
