"1557170386","1631443195","1.02345"
"1631443195","1557170386","1.02345"
"1557170386","1967586326","0.856782"
"1967586326","1557170386","0.856782"
"1557170386","1975248342","0.18254"
"1975248342","1557170386","0.18254"
"1557170386","1979006385","0.701227"
"1979006385","1557170386","0.701227"
"1557170386","2086100849","0.376984"
"2086100849","1557170386","0.376984"
"1557170386","2088339550","0.154762"
"2088339550","1557170386","0.154762"
"1557170386","2122636842","0.515873"
"2122636842","1557170386","0.515873"
"1557170386","2128798203","0.488095"
"2128798203","1557170386","0.488095"
"1557170386","2136888396","4.20678"
"2136888396","1557170386","4.20678"
"1557170386","2137227622","0.0714286"
"2137227622","1557170386","0.0714286"
"1557170386","2148802839","0.488095"
"2148802839","1557170386","0.488095"
"1557170386","2148910883","0.238095"
"2148910883","1557170386","0.238095"
"1557170386","2392975828","0.238095"
"2392975828","1557170386","0.238095"
"1557170386","2888334439","0.254762"
"2888334439","1557170386","0.254762"
"1631443195","1967586326","8.44011"
"1967586326","1631443195","8.44011"
"1631443195","1975248342","0.18254"
"1975248342","1631443195","0.18254"
"1631443195","1979006385","6.20123"
"1979006385","1631443195","6.20123"
"1631443195","2086100849","0.360317"
"2086100849","1631443195","0.360317"
"1631443195","2088339550","0.196429"
"2088339550","1631443195","0.196429"
"1631443195","2122636842","0.415873"
"2122636842","1631443195","0.415873"
"1631443195","2128798203","0.429762"
"2128798203","1631443195","0.429762"
"1631443195","2136888396","1.19012"
"2136888396","1631443195","1.19012"
"1631443195","2137227622","0.0714286"
"2137227622","1631443195","0.0714286"
"1631443195","2148802839","0.429762"
"2148802839","1631443195","0.429762"
"1631443195","2148910883","1.2381"
"2148910883","1631443195","1.2381"
"1631443195","2392975828","0.363095"
"2392975828","1631443195","0.363095"
"1631443195","2888334439","0.296429"
"2888334439","1631443195","0.296429"
"1967586326","1975248342","0.259463"
"1975248342","1967586326","0.259463"
"1967586326","1979006385","1.52815"
"1979006385","1967586326","1.52815"
"1967586326","2086100849","0.443651"
"2086100849","1967586326","0.443651"
"1967586326","2088339550","0.231685"
"2088339550","1967586326","0.231685"
"1967586326","2122636842","0.415873"
"2122636842","1967586326","0.415873"
"1967586326","2128798203","0.388095"
"2128798203","1967586326","0.388095"
"1967586326","2136888396","1.02345"
"2136888396","1967586326","1.02345"
"1967586326","2137227622","0.0714286"
"2137227622","1967586326","0.0714286"
"1967586326","2148802839","0.465018"
"2148802839","1967586326","0.465018"
"1967586326","2148910883","0.238095"
"2148910883","1967586326","0.238095"
"1967586326","2392975828","0.315018"
"2392975828","1967586326","0.315018"
"1967586326","2888334439","0.331685"
"2888334439","1967586326","0.331685"
"1975248342","1979006385","0.148352"
"1979006385","1975248342","0.148352"
"1975248342","2086100849","0.0714286"
"2086100849","1975248342","0.0714286"
"1975248342","2088339550","1.01899"
"2088339550","1975248342","1.01899"
"1975248342","2122636842","0.0714286"
"2122636842","1975248342","0.0714286"
"1975248342","2128798203","0.18254"
"2128798203","1975248342","0.18254"
"1975248342","2136888396","0.18254"
"2136888396","1975248342","0.18254"
"1975248342","2137227622","0.154762"
"2137227622","1975248342","0.154762"
"1975248342","2148802839","0.342796"
"2148802839","1975248342","0.342796"
"1975248342","2148910883","0.376984"
"2148910883","1975248342","0.376984"
"1975248342","2392975828","0.796764"
"2392975828","1975248342","0.796764"
"1975248342","2888334439","0.796764"
"2888334439","1975248342","0.796764"
"1979006385","2086100849","0.193651"
"2086100849","1979006385","0.193651"
"1979006385","2088339550","0.148352"
"2088339550","1979006385","0.148352"
"1979006385","2122636842","0.304762"
"2122636842","1979006385","0.304762"
"1979006385","2128798203","0.193651"
"2128798203","1979006385","0.193651"
"1979006385","2136888396","0.701227"
"2136888396","1979006385","0.701227"
"1979006385","2137227622","0.0714286"
"2137227622","1979006385","0.0714286"
"1979006385","2148802839","0.270574"
"2148802839","1979006385","0.270574"
"1979006385","2148910883","0.126984"
"2148910883","1979006385","0.126984"
"1979006385","2392975828","0.215018"
"2392975828","1979006385","0.215018"
"1979006385","2888334439","0.148352"
"2888334439","1979006385","0.148352"
"2086100849","2088339550","0.154762"
"2088339550","2086100849","0.154762"
"2086100849","2122636842","0.238095"
"2122636842","2086100849","0.238095"
"2086100849","2128798203","0.376984"
"2128798203","2086100849","0.376984"
"2086100849","2136888396","0.543651"
"2136888396","2086100849","0.543651"
"2086100849","2137227622","0.0714286"
"2137227622","2086100849","0.0714286"
"2086100849","2148802839","0.488095"
"2148802839","2086100849","0.488095"
"2086100849","2148910883","0.126984"
"2148910883","2086100849","0.126984"
"2086100849","2392975828","0.249206"
"2392975828","2086100849","0.249206"
"2086100849","2888334439","0.265873"
"2888334439","2086100849","0.265873"
"2088339550","2122636842","0.0714286"
"2122636842","2088339550","0.0714286"
"2088339550","2128798203","0.279762"
"2128798203","2088339550","0.279762"
"2088339550","2136888396","0.154762"
"2136888396","2088339550","0.154762"
"2088339550","2137227622","0.154762"
"2137227622","2088339550","0.154762"
"2088339550","2148802839","2.71621"
"2148802839","2088339550","2.71621"
"2088339550","2148910883","0.254762"
"2148910883","2088339550","0.254762"
"2088339550","2392975828","2.00232"
"2392975828","2088339550","2.00232"
"2088339550","2888334439","1.75232"
"2888334439","2088339550","1.75232"
"2122636842","2128798203","0.938095"
"2128798203","2122636842","0.938095"
"2122636842","2136888396","0.715873"
"2136888396","2122636842","0.715873"
"2122636842","2137227622","0.0714286"
"2137227622","2122636842","0.0714286"
"2122636842","2148802839","0.238095"
"2148802839","2122636842","0.238095"
"2122636842","2148910883","0.271429"
"2148910883","2122636842","0.271429"
"2122636842","2392975828","0.138095"
"2392975828","2122636842","0.138095"
"2122636842","2888334439","0.0714286"
"2888334439","2122636842","0.0714286"
"2128798203","2136888396","0.688095"
"2136888396","2128798203","0.688095"
"2128798203","2137227622","0.0714286"
"2137227622","2128798203","0.0714286"
"2128798203","2148802839","1.22421"
"2148802839","2128798203","1.22421"
"2128798203","2148910883","0.971429"
"2148910883","2128798203","0.971429"
"2128798203","2392975828","0.70754"
"2392975828","2128798203","0.70754"
"2128798203","2888334439","0.279762"
"2888334439","2128798203","0.279762"
"2136888396","2137227622","0.0714286"
"2137227622","2136888396","0.0714286"
"2136888396","2148802839","0.488095"
"2148802839","2136888396","0.488095"
"2136888396","2148910883","0.438095"
"2148910883","2136888396","0.438095"
"2136888396","2392975828","0.238095"
"2392975828","2136888396","0.238095"
"2136888396","2888334439","0.254762"
"2888334439","2136888396","0.254762"
"2137227622","2148802839","0.154762"
"2148802839","2137227622","0.154762"
"2137227622","2148910883","0.154762"
"2148910883","2137227622","0.154762"
"2137227622","2392975828","0.154762"
"2392975828","2137227622","0.154762"
"2137227622","2888334439","0.154762"
"2888334439","2137227622","0.154762"
"2148802839","2148910883","0.671429"
"2148910883","2148802839","0.671429"
"2148802839","2392975828","1.01224"
"2392975828","2148802839","1.01224"
"2148802839","2888334439","1.08446"
"2888334439","2148802839","1.08446"
"2148910883","2392975828","0.488095"
"2392975828","2148910883","0.488095"
"2148910883","2888334439","0.154762"
"2888334439","2148910883","0.154762"
"2392975828","2888334439","4.35788"
"2888334439","2392975828","4.35788"
"1557170386","1977430371","0.183333"
"1977430371","1557170386","0.183333"
"1557170386","2027487049","0.183333"
"2027487049","1557170386","0.183333"
"1557170386","2048814668","0.583333"
"2048814668","1557170386","0.583333"
"1557170386","2091283779","0.1"
"2091283779","1557170386","0.1"
"1557170386","2407354173","0.1"
"2407354173","1557170386","0.1"
"1977430371","2027487049","9.21667"
"2027487049","1977430371","9.21667"
"1977430371","2048814668","0.183333"
"2048814668","1977430371","0.183333"
"1977430371","2086100849","0.183333"
"2086100849","1977430371","0.183333"
"1977430371","2091283779","0.6"
"2091283779","1977430371","0.6"
"1977430371","2122636842","0.3"
"2122636842","1977430371","0.3"
"1977430371","2128798203","0.383333"
"2128798203","1977430371","0.383333"
"1977430371","2136888396","0.383333"
"2136888396","1977430371","0.383333"
"1977430371","2148802839","0.183333"
"2148802839","1977430371","0.183333"
"1977430371","2407354173","0.1"
"2407354173","1977430371","0.1"
"2027487049","2048814668","0.183333"
"2048814668","2027487049","0.183333"
"2027487049","2086100849","0.183333"
"2086100849","2027487049","0.183333"
"2027487049","2091283779","1.6"
"2091283779","2027487049","1.6"
"2027487049","2122636842","0.3"
"2122636842","2027487049","0.3"
"2027487049","2128798203","0.383333"
"2128798203","2027487049","0.383333"
"2027487049","2136888396","0.383333"
"2136888396","2027487049","0.383333"
"2027487049","2148802839","0.260256"
"2148802839","2027487049","0.260256"
"2027487049","2407354173","0.1"
"2407354173","2027487049","0.1"
"2048814668","2086100849","0.305556"
"2086100849","2048814668","0.305556"
"2048814668","2091283779","0.1"
"2091283779","2048814668","0.1"
"2048814668","2122636842","4.94444"
"2122636842","2048814668","4.94444"
"2048814668","2128798203","2.93056"
"2128798203","2048814668","2.93056"
"2048814668","2136888396","0.583333"
"2136888396","2048814668","0.583333"
"2048814668","2148802839","0.513889"
"2148802839","2048814668","0.513889"
"2048814668","2407354173","0.308333"
"2407354173","2048814668","0.308333"
"2086100849","2091283779","0.1"
"2091283779","2086100849","0.1"
"2086100849","2407354173","1.225"
"2407354173","2086100849","1.225"
"2091283779","2122636842","0.1"
"2122636842","2091283779","0.1"
"2091283779","2128798203","0.1"
"2128798203","2091283779","0.1"
"2091283779","2136888396","0.1"
"2136888396","2091283779","0.1"
"2091283779","2148802839","0.1"
"2148802839","2091283779","0.1"
"2091283779","2407354173","0.1"
"2407354173","2091283779","0.1"
"2122636842","2407354173","0.1"
"2407354173","2122636842","0.1"
"2128798203","2407354173","1.05833"
"2407354173","2128798203","1.05833"
"2136888396","2407354173","0.1"
"2407354173","2136888396","0.1"
"2148802839","2407354173","1.05833"
"2407354173","2148802839","1.05833"
"1557170386","2117153488","0.324242"
"2117153488","1557170386","0.324242"
"1557170386","2157407613","0.324242"
"2157407613","1557170386","0.324242"
"1557170386","2159959126","0.166667"
"2159959126","1557170386","0.166667"
"1557170386","2337970749","0.324242"
"2337970749","1557170386","0.324242"
"1631443195","2048814668","0.525"
"2048814668","1631443195","0.525"
"1631443195","2117153488","0.774242"
"2117153488","1631443195","0.774242"
"1631443195","2157407613","1.44091"
"2157407613","1631443195","1.44091"
"1631443195","2159959126","4.16667"
"2159959126","1631443195","4.16667"
"1631443195","2337970749","0.774242"
"2337970749","1631443195","0.774242"
"1967586326","2048814668","0.483333"
"2048814668","1967586326","0.483333"
"1967586326","2117153488","0.401166"
"2117153488","1967586326","0.401166"
"1967586326","2157407613","0.567832"
"2157407613","1967586326","0.567832"
"1967586326","2159959126","0.24359"
"2159959126","1967586326","0.24359"
"1967586326","2337970749","0.324242"
"2337970749","1967586326","0.324242"
"2048814668","2117153488","0.233333"
"2117153488","2048814668","0.233333"
"2048814668","2157407613","0.233333"
"2157407613","2048814668","0.233333"
"2048814668","2159959126","0.166667"
"2159959126","2048814668","0.166667"
"2048814668","2337970749","0.233333"
"2337970749","2048814668","0.233333"
"2117153488","2122636842","0.177778"
"2122636842","2117153488","0.177778"
"2117153488","2136888396","0.324242"
"2136888396","2117153488","0.324242"
"2117153488","2157407613","5.32894"
"2157407613","2117153488","5.32894"
"2117153488","2159959126","0.49359"
"2159959126","2117153488","0.49359"
"2117153488","2337970749","7.75202"
"2337970749","2117153488","7.75202"
"2122636842","2157407613","0.177778"
"2157407613","2122636842","0.177778"
"2122636842","2159959126","0.111111"
"2159959126","2122636842","0.111111"
"2122636842","2337970749","0.177778"
"2337970749","2122636842","0.177778"
"2136888396","2157407613","0.490909"
"2157407613","2136888396","0.490909"
"2136888396","2159959126","0.166667"
"2159959126","2136888396","0.166667"
"2136888396","2337970749","0.324242"
"2337970749","2136888396","0.324242"
"2157407613","2159959126","0.99359"
"2159959126","2157407613","0.99359"
"2157407613","2337970749","7.25202"
"2337970749","2157407613","7.25202"
"2159959126","2337970749","0.416667"
"2337970749","2159959126","0.416667"
"1557170386","2019454506","0.0909091"
"2019454506","1557170386","0.0909091"
"1557170386","2082727576","0.0909091"
"2082727576","1557170386","0.0909091"
"1557170386","2181797502","0.574242"
"2181797502","1557170386","0.574242"
"1557170386","2740329164","0.0909091"
"2740329164","1557170386","0.0909091"
"1631443195","2019454506","0.424242"
"2019454506","1631443195","0.424242"
"1631443195","2082727576","0.424242"
"2082727576","1631443195","0.424242"
"1631443195","2181797502","2.69091"
"2181797502","1631443195","2.69091"
"1631443195","2740329164","0.424242"
"2740329164","1631443195","0.424242"
"1967586326","2019454506","0.0909091"
"2019454506","1967586326","0.0909091"
"1967586326","2082727576","0.0909091"
"2082727576","1967586326","0.0909091"
"1967586326","2181797502","1.06783"
"2181797502","1967586326","1.06783"
"1967586326","2740329164","0.0909091"
"2740329164","1967586326","0.0909091"
"1979006385","2019454506","0.0909091"
"2019454506","1979006385","0.0909091"
"1979006385","2082727576","0.0909091"
"2082727576","1979006385","0.0909091"
"1979006385","2117153488","0.290054"
"2117153488","1979006385","0.290054"
"1979006385","2157407613","0.290054"
"2157407613","1979006385","0.290054"
"1979006385","2181797502","1.04005"
"2181797502","1979006385","1.04005"
"1979006385","2337970749","0.213131"
"2337970749","1979006385","0.213131"
"1979006385","2740329164","0.0909091"
"2740329164","1979006385","0.0909091"
"2019454506","2082727576","3.79091"
"2082727576","2019454506","3.79091"
"2019454506","2117153488","0.0909091"
"2117153488","2019454506","0.0909091"
"2019454506","2136888396","0.0909091"
"2136888396","2019454506","0.0909091"
"2019454506","2157407613","0.0909091"
"2157407613","2019454506","0.0909091"
"2019454506","2181797502","2.41591"
"2181797502","2019454506","2.41591"
"2019454506","2337970749","0.0909091"
"2337970749","2019454506","0.0909091"
"2019454506","2740329164","7.74924"
"2740329164","2019454506","7.74924"
"2082727576","2117153488","0.0909091"
"2117153488","2082727576","0.0909091"
"2082727576","2136888396","0.0909091"
"2136888396","2082727576","0.0909091"
"2082727576","2157407613","0.0909091"
"2157407613","2082727576","0.0909091"
"2082727576","2181797502","1.95758"
"2181797502","2082727576","1.95758"
"2082727576","2337970749","0.0909091"
"2337970749","2082727576","0.0909091"
"2082727576","2740329164","2.29091"
"2740329164","2082727576","2.29091"
"2117153488","2181797502","1.9345"
"2181797502","2117153488","1.9345"
"2117153488","2740329164","0.0909091"
"2740329164","2117153488","0.0909091"
"2136888396","2181797502","0.740909"
"2181797502","2136888396","0.740909"
"2136888396","2740329164","0.0909091"
"2740329164","2136888396","0.0909091"
"2157407613","2181797502","8.10117"
"2181797502","2157407613","8.10117"
"2157407613","2740329164","0.0909091"
"2740329164","2157407613","0.0909091"
"2181797502","2337970749","1.85758"
"2337970749","2181797502","1.85758"
"2181797502","2740329164","0.915909"
"2740329164","2181797502","0.915909"
"2337970749","2740329164","0.0909091"
"2740329164","2337970749","0.0909091"
"1557170386","1933119144","0.15"
"1933119144","1557170386","0.15"
"1557170386","2965803098","0.183333"
"2965803098","1557170386","0.183333"
"1933119144","1967586326","0.15"
"1967586326","1933119144","0.15"
"1933119144","1977430371","0.0833333"
"1977430371","1933119144","0.0833333"
"1933119144","2027487049","0.0833333"
"2027487049","1933119144","0.0833333"
"1933119144","2048814668","0.358333"
"2048814668","1933119144","0.358333"
"1933119144","2086100849","0.15"
"2086100849","1933119144","0.15"
"1933119144","2088339550","9.00516"
"2088339550","1933119144","9.00516"
"1933119144","2128798203","0.586111"
"2128798203","1933119144","0.586111"
"1933119144","2136888396","0.15"
"2136888396","1933119144","0.15"
"1933119144","2148802839","2.74564"
"2148802839","1933119144","2.74564"
"1933119144","2888334439","1.79008"
"2888334439","1933119144","1.79008"
"1933119144","2965803098","0.7"
"2965803098","1933119144","0.7"
"1967586326","1977430371","0.0833333"
"1977430371","1967586326","0.0833333"
"1967586326","2027487049","0.160256"
"2027487049","1967586326","0.160256"
"1967586326","2965803098","0.183333"
"2965803098","1967586326","0.183333"
"1977430371","2088339550","0.416667"
"2088339550","1977430371","0.416667"
"1977430371","2888334439","0.0833333"
"2888334439","1977430371","0.0833333"
"1977430371","2965803098","0.0833333"
"2965803098","1977430371","0.0833333"
"2027487049","2088339550","0.49359"
"2088339550","2027487049","0.49359"
"2027487049","2888334439","0.160256"
"2888334439","2027487049","0.160256"
"2027487049","2965803098","0.0833333"
"2965803098","2027487049","0.0833333"
"2048814668","2088339550","0.291667"
"2088339550","2048814668","0.291667"
"2048814668","2888334439","0.291667"
"2888334439","2048814668","0.291667"
"2048814668","2965803098","0.166667"
"2965803098","2048814668","0.166667"
"2086100849","2965803098","0.0833333"
"2965803098","2086100849","0.0833333"
"2088339550","2965803098","0.402778"
"2965803098","2088339550","0.402778"
"2128798203","2965803098","0.0833333"
"2965803098","2128798203","0.0833333"
"2136888396","2965803098","0.183333"
"2965803098","2136888396","0.183333"
"2148802839","2965803098","0.166667"
"2965803098","2148802839","0.166667"
"2888334439","2965803098","1.14722"
"2965803098","2888334439","1.14722"
"1979006385","2048814668","0.288889"
"2048814668","1979006385","0.288889"
"1557170386","1965725964","0.1"
"1965725964","1557170386","0.1"
"1557170386","2079753552","0.266667"
"2079753552","1557170386","0.266667"
"1557170386","2084965553","0.1"
"2084965553","1557170386","0.1"
"1557170386","2242385341","0.1"
"2242385341","1557170386","0.1"
"1631443195","1965725964","0.1"
"1965725964","1631443195","0.1"
"1631443195","2079753552","0.266667"
"2079753552","1631443195","0.266667"
"1631443195","2084965553","0.1"
"2084965553","1631443195","0.1"
"1631443195","2242385341","0.1"
"2242385341","1631443195","0.1"
"1631443195","2965803098","0.1"
"2965803098","1631443195","0.1"
"1965725964","1967586326","0.1"
"1967586326","1965725964","0.1"
"1965725964","2079753552","0.1"
"2079753552","1965725964","0.1"
"1965725964","2084965553","4.41786"
"2084965553","1965725964","4.41786"
"1965725964","2136888396","0.1"
"2136888396","1965725964","0.1"
"1965725964","2242385341","0.1"
"2242385341","1965725964","0.1"
"1965725964","2392975828","0.211111"
"2392975828","1965725964","0.211111"
"1965725964","2888334439","0.1"
"2888334439","1965725964","0.1"
"1965725964","2965803098","0.1"
"2965803098","1965725964","0.1"
"1967586326","2079753552","0.266667"
"2079753552","1967586326","0.266667"
"1967586326","2084965553","0.1"
"2084965553","1967586326","0.1"
"1967586326","2242385341","0.1"
"2242385341","1967586326","0.1"
"2079753552","2084965553","0.1"
"2084965553","2079753552","0.1"
"2079753552","2136888396","0.266667"
"2136888396","2079753552","0.266667"
"2079753552","2242385341","0.211111"
"2242385341","2079753552","0.211111"
"2079753552","2392975828","0.853968"
"2392975828","2079753552","0.853968"
"2079753552","2888334439","0.853968"
"2888334439","2079753552","0.853968"
"2079753552","2965803098","0.211111"
"2965803098","2079753552","0.211111"
"2084965553","2136888396","0.1"
"2136888396","2084965553","0.1"
"2084965553","2242385341","0.1"
"2242385341","2084965553","0.1"
"2084965553","2392975828","0.1"
"2392975828","2084965553","0.1"
"2084965553","2888334439","0.1"
"2888334439","2084965553","0.1"
"2084965553","2965803098","0.1"
"2965803098","2084965553","0.1"
"2136888396","2242385341","0.1"
"2242385341","2136888396","0.1"
"2242385341","2392975828","0.433333"
"2392975828","2242385341","0.433333"
"2242385341","2888334439","0.933333"
"2888334439","2242385341","0.933333"
"2242385341","2965803098","0.322222"
"2965803098","2242385341","0.322222"
"2392975828","2965803098","0.730556"
"2965803098","2392975828","0.730556"
"1557170386","1999349062","0.0555556"
"1999349062","1557170386","0.0555556"
"1557170386","2057494692","0.0555556"
"2057494692","1557170386","0.0555556"
"1557170386","2126225516","0.0555556"
"2126225516","1557170386","0.0555556"
"1631443195","1999349062","0.0555556"
"1999349062","1631443195","0.0555556"
"1631443195","2057494692","0.0555556"
"2057494692","1631443195","0.0555556"
"1631443195","2126225516","0.422222"
"2126225516","1631443195","0.422222"
"1967586326","1999349062","0.132479"
"1999349062","1967586326","0.132479"
"1967586326","2057494692","0.0555556"
"2057494692","1967586326","0.0555556"
"1967586326","2126225516","0.299145"
"2126225516","1967586326","0.299145"
"1979006385","1999349062","0.132479"
"1999349062","1979006385","0.132479"
"1979006385","2057494692","0.0555556"
"2057494692","1979006385","0.0555556"
"1979006385","2079753552","0.0555556"
"2079753552","1979006385","0.0555556"
"1979006385","2126225516","0.132479"
"2126225516","1979006385","0.132479"
"1979006385","2159959126","1.13248"
"2159959126","1979006385","1.13248"
"1999349062","2048814668","0.0555556"
"2048814668","1999349062","0.0555556"
"1999349062","2057494692","0.366667"
"2057494692","1999349062","0.366667"
"1999349062","2079753552","2.66667"
"2079753552","1999349062","2.66667"
"1999349062","2086100849","0.0555556"
"2086100849","1999349062","0.0555556"
"1999349062","2117153488","0.132479"
"2117153488","1999349062","0.132479"
"1999349062","2126225516","0.132479"
"2126225516","1999349062","0.132479"
"1999349062","2128798203","0.0555556"
"2128798203","1999349062","0.0555556"
"1999349062","2136888396","0.0555556"
"2136888396","1999349062","0.0555556"
"1999349062","2148802839","0.132479"
"2148802839","1999349062","0.132479"
"1999349062","2148910883","0.166667"
"2148910883","1999349062","0.166667"
"1999349062","2157407613","0.132479"
"2157407613","1999349062","0.132479"
"1999349062","2159959126","0.132479"
"2159959126","1999349062","0.132479"
"1999349062","2181797502","0.132479"
"2181797502","1999349062","0.132479"
"1999349062","2337970749","0.0555556"
"2337970749","1999349062","0.0555556"
"2048814668","2057494692","0.0555556"
"2057494692","2048814668","0.0555556"
"2048814668","2079753552","0.0555556"
"2079753552","2048814668","0.0555556"
"2048814668","2126225516","0.0555556"
"2126225516","2048814668","0.0555556"
"2048814668","2148910883","0.138889"
"2148910883","2048814668","0.138889"
"2048814668","2181797502","0.122222"
"2181797502","2048814668","0.122222"
"2057494692","2079753552","0.166667"
"2079753552","2057494692","0.166667"
"2057494692","2086100849","0.0555556"
"2086100849","2057494692","0.0555556"
"2057494692","2117153488","0.166667"
"2117153488","2057494692","0.166667"
"2057494692","2126225516","0.0555556"
"2126225516","2057494692","0.0555556"
"2057494692","2128798203","0.166667"
"2128798203","2057494692","0.166667"
"2057494692","2136888396","0.0555556"
"2136888396","2057494692","0.0555556"
"2057494692","2148802839","0.516667"
"2148802839","2057494692","0.516667"
"2057494692","2148910883","2.51667"
"2148910883","2057494692","2.51667"
"2057494692","2157407613","0.166667"
"2157407613","2057494692","0.166667"
"2057494692","2159959126","0.0555556"
"2159959126","2057494692","0.0555556"
"2057494692","2181797502","0.516667"
"2181797502","2057494692","0.516667"
"2057494692","2337970749","0.166667"
"2337970749","2057494692","0.166667"
"2079753552","2086100849","0.166667"
"2086100849","2079753552","0.166667"
"2079753552","2117153488","0.0555556"
"2117153488","2079753552","0.0555556"
"2079753552","2126225516","0.0555556"
"2126225516","2079753552","0.0555556"
"2079753552","2128798203","0.166667"
"2128798203","2079753552","0.166667"
"2079753552","2148802839","2.27778"
"2148802839","2079753552","2.27778"
"2079753552","2148910883","0.277778"
"2148910883","2079753552","0.277778"
"2079753552","2157407613","0.0555556"
"2157407613","2079753552","0.0555556"
"2079753552","2159959126","0.0555556"
"2159959126","2079753552","0.0555556"
"2079753552","2181797502","0.277778"
"2181797502","2079753552","0.277778"
"2079753552","2337970749","0.0555556"
"2337970749","2079753552","0.0555556"
"2086100849","2117153488","0.122222"
"2117153488","2086100849","0.122222"
"2086100849","2126225516","0.222222"
"2126225516","2086100849","0.222222"
"2086100849","2157407613","0.288889"
"2157407613","2086100849","0.288889"
"2086100849","2159959126","0.0555556"
"2159959126","2086100849","0.0555556"
"2086100849","2181797502","1.725"
"2181797502","2086100849","1.725"
"2086100849","2337970749","0.122222"
"2337970749","2086100849","0.122222"
"2117153488","2126225516","2.16581"
"2126225516","2117153488","2.16581"
"2117153488","2128798203","0.433333"
"2128798203","2117153488","0.433333"
"2117153488","2148802839","0.310256"
"2148802839","2117153488","0.310256"
"2117153488","2148910883","0.255556"
"2148910883","2117153488","0.255556"
"2126225516","2128798203","0.0555556"
"2128798203","2126225516","0.0555556"
"2126225516","2136888396","0.222222"
"2136888396","2126225516","0.222222"
"2126225516","2148802839","0.132479"
"2148802839","2126225516","0.132479"
"2126225516","2148910883","0.0555556"
"2148910883","2126225516","0.0555556"
"2126225516","2157407613","4.83248"
"2157407613","2126225516","4.83248"
"2126225516","2159959126","0.882479"
"2159959126","2126225516","0.882479"
"2126225516","2181797502","0.749145"
"2181797502","2126225516","0.749145"
"2126225516","2337970749","2.08889"
"2337970749","2126225516","2.08889"
"2128798203","2157407613","0.433333"
"2157407613","2128798203","0.433333"
"2128798203","2159959126","0.0555556"
"2159959126","2128798203","0.0555556"
"2128798203","2181797502","0.344444"
"2181797502","2128798203","0.344444"
"2128798203","2337970749","0.433333"
"2337970749","2128798203","0.433333"
"2148802839","2157407613","0.310256"
"2157407613","2148802839","0.310256"
"2148802839","2159959126","0.132479"
"2159959126","2148802839","0.132479"
"2148802839","2181797502","1.04915"
"2181797502","2148802839","1.04915"
"2148802839","2337970749","0.233333"
"2337970749","2148802839","0.233333"
"2148910883","2157407613","0.255556"
"2157407613","2148910883","0.255556"
"2148910883","2159959126","0.0555556"
"2159959126","2148910883","0.0555556"
"2148910883","2181797502","0.516667"
"2181797502","2148910883","0.516667"
"2148910883","2337970749","0.255556"
"2337970749","2148910883","0.255556"
"2159959126","2181797502","0.132479"
"2181797502","2159959126","0.132479"
"1631443195","1933119144","0.191667"
"1933119144","1631443195","0.191667"
"1933119144","1979006385","0.0666667"
"1979006385","1933119144","0.0666667"
"1933119144","2117153488","0.377778"
"2117153488","1933119144","0.377778"
"1933119144","2122636842","0.0666667"
"2122636842","1933119144","0.0666667"
"1933119144","2157407613","0.377778"
"2157407613","1933119144","0.377778"
"1933119144","2181797502","0.444444"
"2181797502","1933119144","0.444444"
"1933119144","2337970749","0.377778"
"2337970749","1933119144","0.377778"
"1933119144","2392975828","2.21786"
"2392975828","1933119144","2.21786"
"2048814668","2392975828","0.275"
"2392975828","2048814668","0.275"
"2117153488","2392975828","0.254701"
"2392975828","2117153488","0.254701"
"2122636842","2181797502","0.0666667"
"2181797502","2122636842","0.0666667"
"2157407613","2392975828","0.254701"
"2392975828","2157407613","0.254701"
"2181797502","2392975828","0.532479"
"2392975828","2181797502","0.532479"
"2337970749","2392975828","0.177778"
"2392975828","2337970749","0.177778"
"1975248342","2079753552","0.365079"
"2079753552","1975248342","0.365079"
"1975248342","2181797502","0.521368"
"2181797502","1975248342","0.521368"
"1631443195","2407354173","0.125"
"2407354173","1631443195","0.125"
"1933119144","2407354173","0.208333"
"2407354173","1933119144","0.208333"
"2088339550","2407354173","0.208333"
"2407354173","2088339550","0.208333"
"2392975828","2407354173","0.541667"
"2407354173","2392975828","0.541667"
"2407354173","2888334439","0.208333"
"2888334439","2407354173","0.208333"
"1933119144","2148910883","0.494444"
"2148910883","1933119144","0.494444"
"1933119144","2059821166","1.5746"
"2059821166","1933119144","1.5746"
"1933119144","2792459140","3.29841"
"2792459140","1933119144","3.29841"
"2059821166","2088339550","1.35238"
"2088339550","2059821166","1.35238"
"2059821166","2148802839","0.620635"
"2148802839","2059821166","0.620635"
"2059821166","2181797502","2.61111"
"2181797502","2059821166","2.61111"
"2059821166","2392975828","2.23175"
"2392975828","2059821166","2.23175"
"2059821166","2792459140","5.89841"
"2792459140","2059821166","5.89841"
"2088339550","2181797502","0.34359"
"2181797502","2088339550","0.34359"
"2088339550","2792459140","3.83452"
"2792459140","2088339550","3.83452"
"2148802839","2792459140","0.25"
"2792459140","2148802839","0.25"
"2181797502","2792459140","0.5"
"2792459140","2181797502","0.5"
"2392975828","2792459140","1.52897"
"2792459140","2392975828","1.52897"
"1933119144","1965725964","0.553968"
"1965725964","1933119144","0.553968"
"1933119144","2057494692","0.855556"
"2057494692","1933119144","0.855556"
"1965725964","2057494692","0.411111"
"2057494692","1965725964","0.411111"
"1965725964","2059821166","1.09286"
"2059821166","1965725964","1.09286"
"1965725964","2088339550","0.442857"
"2088339550","1965725964","0.442857"
"1965725964","2792459140","0.2"
"2792459140","1965725964","0.2"
"2057494692","2059821166","0.311111"
"2059821166","2057494692","0.311111"
"2057494692","2088339550","0.633333"
"2088339550","2057494692","0.633333"
"2057494692","2792459140","0.844444"
"2792459140","2057494692","0.844444"
"1933119144","2620604210","0.311111"
"2620604210","1933119144","0.311111"
"1933119144","2620681818","0.394444"
"2620681818","1933119144","0.394444"
"2088339550","2620604210","0.436111"
"2620604210","2088339550","0.436111"
"2088339550","2620681818","0.519444"
"2620681818","2088339550","0.519444"
"2392975828","2620604210","0.436111"
"2620604210","2392975828","0.436111"
"2392975828","2620681818","0.519444"
"2620681818","2392975828","0.519444"
"2620604210","2620681818","0.436111"
"2620681818","2620604210","0.436111"
"2620604210","2888334439","0.436111"
"2888334439","2620604210","0.436111"
"2620681818","2888334439","0.852778"
"2888334439","2620681818","0.852778"
"1933119144","1975248342","0.759524"
"1975248342","1933119144","0.759524"
"1933119144","2242385341","0.222222"
"2242385341","1933119144","0.222222"
"1933119144","2999260806","0.911111"
"2999260806","1933119144","0.911111"
"1975248342","2242385341","0.222222"
"2242385341","1975248342","0.222222"
"1975248342","2620604210","0.111111"
"2620604210","1975248342","0.111111"
"1975248342","2620681818","0.194444"
"2620681818","1975248342","0.194444"
"1975248342","2965803098","0.416667"
"2965803098","1975248342","0.416667"
"1975248342","2999260806","0.111111"
"2999260806","1975248342","0.111111"
"2088339550","2242385341","1.11111"
"2242385341","2088339550","1.11111"
"2088339550","2999260806","0.836111"
"2999260806","2088339550","0.836111"
"2242385341","2620604210","0.111111"
"2620604210","2242385341","0.111111"
"2242385341","2620681818","0.111111"
"2620681818","2242385341","0.111111"
"2242385341","2999260806","0.611111"
"2999260806","2242385341","0.611111"
"2392975828","2999260806","0.436111"
"2999260806","2392975828","0.436111"
"2620604210","2965803098","0.236111"
"2965803098","2620604210","0.236111"
"2620604210","2999260806","0.236111"
"2999260806","2620604210","0.236111"
"2620681818","2965803098","0.652778"
"2965803098","2620681818","0.652778"
"2620681818","2999260806","1.06944"
"2999260806","2620681818","1.06944"
"2888334439","2999260806","2.46944"
"2999260806","2888334439","2.46944"
"2965803098","2999260806","1.76944"
"2999260806","2965803098","1.76944"
"1933119144","1999349062","0.222222"
"1999349062","1933119144","0.222222"
"1933119144","2150986537","0.111111"
"2150986537","1933119144","0.111111"
"1975248342","1999349062","0.299145"
"1999349062","1975248342","0.299145"
"1975248342","2059821166","2.03175"
"2059821166","1975248342","2.03175"
"1975248342","2150986537","0.111111"
"2150986537","1975248342","0.111111"
"1975248342","2792459140","1.31508"
"2792459140","1975248342","1.31508"
"1999349062","2059821166","0.222222"
"2059821166","1999349062","0.222222"
"1999349062","2150986537","0.111111"
"2150986537","1999349062","0.111111"
"1999349062","2242385341","0.111111"
"2242385341","1999349062","0.111111"
"1999349062","2392975828","0.188034"
"2392975828","1999349062","0.188034"
"1999349062","2792459140","1.25556"
"2792459140","1999349062","1.25556"
"1999349062","2888334439","0.388034"
"2888334439","1999349062","0.388034"
"1999349062","2965803098","0.222222"
"2965803098","1999349062","0.222222"
"2059821166","2150986537","0.111111"
"2150986537","2059821166","0.111111"
"2059821166","2242385341","0.222222"
"2242385341","2059821166","0.222222"
"2059821166","2888334439","0.565079"
"2888334439","2059821166","0.565079"
"2059821166","2965803098","0.222222"
"2965803098","2059821166","0.222222"
"2150986537","2242385341","2.44444"
"2242385341","2150986537","2.44444"
"2150986537","2392975828","0.111111"
"2392975828","2150986537","0.111111"
"2150986537","2792459140","0.444444"
"2792459140","2150986537","0.444444"
"2150986537","2888334439","0.111111"
"2888334439","2150986537","0.111111"
"2150986537","2965803098","0.111111"
"2965803098","2150986537","0.111111"
"2242385341","2792459140","0.444444"
"2792459140","2242385341","0.444444"
"2792459140","2888334439","2.0623"
"2888334439","2792459140","2.0623"
"2792459140","2965803098","1.63056"
"2965803098","2792459140","1.63056"
"2792459140","2999260806","2.025"
"2999260806","2792459140","2.025"
"1933119144","2546999186","0.433333"
"2546999186","1933119144","0.433333"
"2088339550","2546999186","0.433333"
"2546999186","2088339550","0.433333"
"2148802839","2546999186","0.433333"
"2546999186","2148802839","0.433333"
"1933119144","1964701653","0.392857"
"1964701653","1933119144","0.392857"
"1933119144","2037041261","0.492857"
"2037041261","1933119144","0.492857"
"1964701653","2037041261","16.579"
"2037041261","1964701653","16.579"
"1964701653","2088339550","0.392857"
"2088339550","1964701653","0.392857"
"1964701653","2792459140","0.25"
"2792459140","1964701653","0.25"
"2037041261","2088339550","0.492857"
"2088339550","2037041261","0.492857"
"2037041261","2792459140","0.25"
"2792459140","2037041261","0.25"
"1933119144","2137227622","0.0833333"
"2137227622","1933119144","0.0833333"
"1975248342","2048814668","0.0833333"
"2048814668","1975248342","0.0833333"
"1975248342","2407354173","0.0833333"
"2407354173","1975248342","0.0833333"
"2048814668","2137227622","0.0833333"
"2137227622","2048814668","0.0833333"
"2048814668","2620681818","0.0833333"
"2620681818","2048814668","0.0833333"
"2048814668","2792459140","0.0833333"
"2792459140","2048814668","0.0833333"
"2137227622","2407354173","0.0833333"
"2407354173","2137227622","0.0833333"
"2137227622","2620681818","0.0833333"
"2620681818","2137227622","0.0833333"
"2137227622","2792459140","0.0833333"
"2792459140","2137227622","0.0833333"
"2137227622","2965803098","0.0833333"
"2965803098","2137227622","0.0833333"
"2148802839","2620681818","0.0833333"
"2620681818","2148802839","0.0833333"
"2148910883","2407354173","0.666667"
"2407354173","2148910883","0.666667"
"2148910883","2620681818","0.0833333"
"2620681818","2148910883","0.0833333"
"2148910883","2792459140","0.194444"
"2792459140","2148910883","0.194444"
"2148910883","2965803098","0.194444"
"2965803098","2148910883","0.194444"
"2407354173","2620681818","0.0833333"
"2620681818","2407354173","0.0833333"
"2407354173","2792459140","0.0833333"
"2792459140","2407354173","0.0833333"
"2407354173","2965803098","0.0833333"
"2965803098","2407354173","0.0833333"
"2620681818","2792459140","0.708333"
"2792459140","2620681818","0.708333"
"1933119144","1979018646","0.5"
"1979018646","1933119144","0.5"
"1933119144","2084965553","0.742857"
"2084965553","1933119144","0.742857"
"1979018646","2084965553","0.5"
"2084965553","1979018646","0.5"
"1964701653","1965725964","2.05119"
"1965725964","1964701653","2.05119"
"1964701653","2059821166","0.503968"
"2059821166","1964701653","0.503968"
"1964701653","2084965553","2.05119"
"2084965553","1964701653","2.05119"
"1964701653","2148802839","1.0873"
"2148802839","1964701653","1.0873"
"1965725964","2037041261","2.15119"
"2037041261","1965725964","2.15119"
"1965725964","2148802839","0.687302"
"2148802839","1965725964","0.687302"
"2037041261","2059821166","0.503968"
"2059821166","2037041261","0.503968"
"2037041261","2084965553","2.65119"
"2084965553","2037041261","2.65119"
"2037041261","2148802839","1.1873"
"2148802839","2037041261","1.1873"
"2059821166","2084965553","0.892857"
"2084965553","2059821166","0.892857"
"2084965553","2088339550","0.242857"
"2088339550","2084965553","0.242857"
"2084965553","2148802839","0.242857"
"2148802839","2084965553","0.242857"
"1933119144","2016191054","0.111111"
"2016191054","1933119144","0.111111"
"1933119144","2079753552","0.253968"
"2079753552","1933119144","0.253968"
"1975248342","2016191054","0.111111"
"2016191054","1975248342","0.111111"
"1975248342","2057494692","0.111111"
"2057494692","1975248342","0.111111"
"1999349062","2016191054","1.64444"
"2016191054","1999349062","1.64444"
"2016191054","2057494692","0.311111"
"2057494692","2016191054","0.311111"
"2016191054","2059821166","0.111111"
"2059821166","2016191054","0.111111"
"2016191054","2079753552","0.111111"
"2079753552","2016191054","0.111111"
"2016191054","2148910883","0.111111"
"2148910883","2016191054","0.111111"
"2016191054","2792459140","0.977778"
"2792459140","2016191054","0.977778"
"2016191054","2965803098","0.111111"
"2965803098","2016191054","0.111111"
"2057494692","2965803098","0.111111"
"2965803098","2057494692","0.111111"
"2059821166","2079753552","0.365079"
"2079753552","2059821166","0.365079"
"2059821166","2148910883","0.111111"
"2148910883","2059821166","0.111111"
"2079753552","2792459140","0.753968"
"2792459140","2079753552","0.753968"
"1965725964","2148910883","0.1"
"2148910883","1965725964","0.1"
"1965725964","2181797502","0.869444"
"2181797502","1965725964","0.869444"
"1965725964","2546999186","1.1"
"2546999186","1965725964","1.1"
"1965725964","2999260806","0.633333"
"2999260806","1965725964","0.633333"
"2037041261","2057494692","0.1"
"2057494692","2037041261","0.1"
"2037041261","2148910883","0.1"
"2148910883","2037041261","0.1"
"2037041261","2181797502","2.00278"
"2181797502","2037041261","2.00278"
"2037041261","2546999186","0.1"
"2546999186","2037041261","0.1"
"2037041261","2999260806","1.63333"
"2999260806","2037041261","1.63333"
"2057494692","2084965553","0.1"
"2084965553","2057494692","0.1"
"2057494692","2546999186","0.1"
"2546999186","2057494692","0.1"
"2057494692","2999260806","0.3"
"2999260806","2057494692","0.3"
"2084965553","2148910883","0.1"
"2148910883","2084965553","0.1"
"2084965553","2181797502","2.225"
"2181797502","2084965553","2.225"
"2084965553","2546999186","0.1"
"2546999186","2084965553","0.1"
"2084965553","2999260806","0.3"
"2999260806","2084965553","0.3"
"2148802839","2999260806","0.1"
"2999260806","2148802839","0.1"
"2148910883","2546999186","0.1"
"2546999186","2148910883","0.1"
"2148910883","2999260806","0.1"
"2999260806","2148910883","0.1"
"2181797502","2546999186","0.1"
"2546999186","2181797502","0.1"
"2181797502","2999260806","0.6"
"2999260806","2181797502","0.6"
