"1489528249","1601762405","1.33333"
"1601762405","1489528249","1.33333"
"1489528249","2105993558","0.333333"
"2105993558","1489528249","0.333333"
"1489528249","2157711043","0.333333"
"2157711043","1489528249","0.333333"
"1601762405","2105993558","2.33333"
"2105993558","1601762405","2.33333"
"1601762405","2157711043","0.666667"
"2157711043","1601762405","0.666667"
"2105993558","2157711043","0.333333"
"2157711043","2105993558","0.333333"
"1489528249","1514308164","1"
"1514308164","1489528249","1"
"1505411116","2249440460","1"
"2249440460","1505411116","1"
"1514308164","1601762405","2.75"
"1601762405","1514308164","2.75"
"1514308164","2046634245","1.41667"
"2046634245","1514308164","1.41667"
"1601762405","2046634245","4.41667"
"2046634245","1601762405","4.41667"
"1514308164","1729392578","4.91667"
"1729392578","1514308164","4.91667"
"1514308164","2901403410","0.25"
"2901403410","1514308164","0.25"
"1601762405","1729392578","2.25"
"1729392578","1601762405","2.25"
"1601762405","2901403410","0.583333"
"2901403410","1601762405","0.583333"
"1729392578","2046634245","3.58333"
"2046634245","1729392578","3.58333"
"1729392578","2901403410","0.583333"
"2901403410","1729392578","0.583333"
"2046634245","2901403410","0.25"
"2901403410","2046634245","0.25"
"1514308164","2105993558","0.666667"
"2105993558","1514308164","0.666667"
"1729392578","2105993558","3.33333"
"2105993558","1729392578","3.33333"
"2046634245","2105993558","2.83333"
"2105993558","2046634245","2.83333"
"1514308164","178555188","1"
"178555188","1514308164","1"
"1558374915","178555188","5.83333"
"178555188","1558374915","5.83333"
"1558374915","1572051923","3.83333"
"1572051923","1558374915","3.83333"
"1572051923","178555188","11.1667"
"178555188","1572051923","11.1667"
"1558374915","2105993558","0.333333"
"2105993558","1558374915","0.333333"
"1572051923","2105993558","1.66667"
"2105993558","1572051923","1.66667"
"178555188","2105993558","2.16667"
"2105993558","178555188","2.16667"
"1567844191","2901403410","1"
"2901403410","1567844191","1"
"1572051923","1601762405","0.333333"
"1601762405","1572051923","0.333333"
"1601762405","178555188","1.33333"
"178555188","1601762405","1.33333"
"1729392578","2157711043","0.333333"
"2157711043","1729392578","0.333333"
"2157711043","2901403410","0.333333"
"2901403410","2157711043","0.333333"
"178555188","2046634245","0.5"
"2046634245","178555188","0.5"
