"1548703962","1975790660","2.64167"
"1975790660","1548703962","2.64167"
"1548703962","1989385531","0.125"
"1989385531","1548703962","0.125"
"1548703962","2003148182","0.208333"
"2003148182","1548703962","0.208333"
"1548703962","2017974706","0.125"
"2017974706","1548703962","0.125"
"1548703962","2078410218","0.325"
"2078410218","1548703962","0.325"
"1548703962","2165855014","0.325"
"2165855014","1548703962","0.325"
"1548703962","2742512005","0.208333"
"2742512005","1548703962","0.208333"
"1548703962","2754176165","0.208333"
"2754176165","1548703962","0.208333"
"1975790660","1989385531","0.125"
"1989385531","1975790660","0.125"
"1975790660","2003148182","0.541667"
"2003148182","1975790660","0.541667"
"1975790660","2017974706","1.45833"
"2017974706","1975790660","1.45833"
"1975790660","2078410218","0.125"
"2078410218","1975790660","0.125"
"1975790660","2165855014","0.375"
"2165855014","1975790660","0.375"
"1975790660","2742512005","0.375"
"2742512005","1975790660","0.375"
"1975790660","2754176165","0.375"
"2754176165","1975790660","0.375"
"1989385531","2003148182","0.125"
"2003148182","1989385531","0.125"
"1989385531","2017974706","0.125"
"2017974706","1989385531","0.125"
"1989385531","2078410218","20.375"
"2078410218","1989385531","20.375"
"1989385531","2165855014","0.375"
"2165855014","1989385531","0.375"
"1989385531","2742512005","0.375"
"2742512005","1989385531","0.375"
"1989385531","2754176165","0.125"
"2754176165","1989385531","0.125"
"2003148182","2017974706","0.375"
"2017974706","2003148182","0.375"
"2003148182","2078410218","0.125"
"2078410218","2003148182","0.125"
"2003148182","2165855014","0.375"
"2165855014","2003148182","0.375"
"2003148182","2742512005","0.625"
"2742512005","2003148182","0.625"
"2003148182","2754176165","0.958333"
"2754176165","2003148182","0.958333"
"2017974706","2078410218","0.125"
"2078410218","2017974706","0.125"
"2017974706","2165855014","0.125"
"2165855014","2017974706","0.125"
"2017974706","2742512005","0.125"
"2742512005","2017974706","0.125"
"2017974706","2754176165","0.291667"
"2754176165","2017974706","0.291667"
"2078410218","2165855014","0.325"
"2165855014","2078410218","0.325"
"2078410218","2742512005","0.125"
"2742512005","2078410218","0.125"
"2078410218","2754176165","0.125"
"2754176165","2078410218","0.125"
"2165855014","2742512005","0.708333"
"2742512005","2165855014","0.708333"
"2165855014","2754176165","1.08333"
"2754176165","2165855014","1.08333"
"2742512005","2754176165","9.18611"
"2754176165","2742512005","9.18611"
"1548703962","2465318792","4.35"
"2465318792","1548703962","4.35"
"1548703962","2014755981","0.2"
"2014755981","1548703962","0.2"
"1548703962","2517541169","0.2"
"2517541169","1548703962","0.2"
"1548703962","2617733587","0.2"
"2617733587","1548703962","0.2"
"2014755981","2078410218","0.533333"
"2078410218","2014755981","0.533333"
"2014755981","2165855014","0.2"
"2165855014","2014755981","0.2"
"2014755981","2517541169","20.3667"
"2517541169","2014755981","20.3667"
"2014755981","2617733587","12.7"
"2617733587","2014755981","12.7"
"2078410218","2517541169","0.533333"
"2517541169","2078410218","0.533333"
"2078410218","2617733587","0.2"
"2617733587","2078410218","0.2"
"2165855014","2517541169","0.7"
"2517541169","2165855014","0.7"
"2165855014","2617733587","0.45"
"2617733587","2165855014","0.45"
"2517541169","2617733587","13.7"
"2617733587","2517541169","13.7"
"1548703962","36290627","1.15"
"36290627","1548703962","1.15"
"1975790660","2465318792","7.8"
"2465318792","1975790660","7.8"
"1975790660","36290627","6.81667"
"36290627","1975790660","6.81667"
"2465318792","36290627","3.39167"
"36290627","2465318792","3.39167"
"1548703962","2152510446","0.583333"
"2152510446","1548703962","0.583333"
"1975790660","2152510446","2.08333"
"2152510446","1975790660","2.08333"
"1548703962","2068382122","0.533333"
"2068382122","1548703962","0.533333"
"2068382122","2465318792","3.73333"
"2465318792","2068382122","3.73333"
"2068382122","36290627","2.81667"
"36290627","2068382122","2.81667"
"1548703962","1997322537","0.2"
"1997322537","1548703962","0.2"
"1548703962","2145700761","0.683333"
"2145700761","1548703962","0.683333"
"1548703962","2466866282","0.2"
"2466866282","1548703962","0.2"
"1975790660","1997322537","0.533333"
"1997322537","1975790660","0.533333"
"1975790660","2145700761","8.18333"
"2145700761","1975790660","8.18333"
"1975790660","2466866282","0.45"
"2466866282","1975790660","0.45"
"1997322537","2145700761","0.2"
"2145700761","1997322537","0.2"
"1997322537","2465318792","0.533333"
"2465318792","1997322537","0.533333"
"1997322537","2466866282","22.2833"
"2466866282","1997322537","22.2833"
"2145700761","2465318792","1.59167"
"2465318792","2145700761","1.59167"
"2145700761","2466866282","0.2"
"2466866282","2145700761","0.2"
"2465318792","2466866282","0.783333"
"2466866282","2465318792","0.783333"
"1548703962","2901226836","0.2"
"2901226836","1548703962","0.2"
"1975790660","2901226836","0.566667"
"2901226836","1975790660","0.566667"
"2145700761","2901226836","1.60278"
"2901226836","2145700761","1.60278"
"2145700761","36290627","9.06944"
"36290627","2145700761","9.06944"
"2465318792","2901226836","3.69167"
"2901226836","2465318792","3.69167"
"2901226836","36290627","2.01944"
"36290627","2901226836","2.01944"
"1975790660","2068382122","0.9"
"2068382122","1975790660","0.9"
"2068382122","2145700761","1.35"
"2145700761","2068382122","1.35"
"1548703962","2097465469","0.0833333"
"2097465469","1548703962","0.0833333"
"1548703962","2576508955","0.0833333"
"2576508955","1548703962","0.0833333"
"1548703962","2789476037","0.0833333"
"2789476037","1548703962","0.0833333"
"1548703962","2995052309","0.0833333"
"2995052309","1548703962","0.0833333"
"1975790660","2097465469","1.75"
"2097465469","1975790660","1.75"
"1975790660","2576508955","0.25"
"2576508955","1975790660","0.25"
"1975790660","2789476037","0.0833333"
"2789476037","1975790660","0.0833333"
"1975790660","2995052309","0.0833333"
"2995052309","1975790660","0.0833333"
"2003148182","2097465469","0.0833333"
"2097465469","2003148182","0.0833333"
"2003148182","2145700761","1.08333"
"2145700761","2003148182","1.08333"
"2003148182","2152510446","0.166667"
"2152510446","2003148182","0.166667"
"2003148182","2465318792","0.166667"
"2465318792","2003148182","0.166667"
"2003148182","2576508955","0.5"
"2576508955","2003148182","0.5"
"2003148182","2789476037","0.833333"
"2789476037","2003148182","0.833333"
"2003148182","2995052309","0.25"
"2995052309","2003148182","0.25"
"2003148182","36290627","0.166667"
"36290627","2003148182","0.166667"
"2097465469","2145700761","2.10278"
"2145700761","2097465469","2.10278"
"2097465469","2152510446","1.575"
"2152510446","2097465469","1.575"
"2097465469","2465318792","0.791667"
"2465318792","2097465469","0.791667"
"2097465469","2576508955","0.277778"
"2576508955","2097465469","0.277778"
"2097465469","2742512005","0.194444"
"2742512005","2097465469","0.194444"
"2097465469","2754176165","0.277778"
"2754176165","2097465469","0.277778"
"2097465469","2789476037","0.194444"
"2789476037","2097465469","0.194444"
"2097465469","2995052309","0.694444"
"2995052309","2097465469","0.694444"
"2097465469","36290627","2.43611"
"36290627","2097465469","2.43611"
"2145700761","2152510446","4.65833"
"2152510446","2145700761","4.65833"
"2145700761","2576508955","0.277778"
"2576508955","2145700761","0.277778"
"2145700761","2742512005","1.09444"
"2742512005","2145700761","1.09444"
"2145700761","2754176165","0.277778"
"2754176165","2145700761","0.277778"
"2145700761","2789476037","0.894444"
"2789476037","2145700761","0.894444"
"2145700761","2995052309","0.394444"
"2995052309","2145700761","0.394444"
"2152510446","2465318792","0.791667"
"2465318792","2152510446","0.791667"
"2152510446","2576508955","0.0833333"
"2576508955","2152510446","0.0833333"
"2152510446","2742512005","0.0833333"
"2742512005","2152510446","0.0833333"
"2152510446","2754176165","0.0833333"
"2754176165","2152510446","0.0833333"
"2152510446","2789476037","0.0833333"
"2789476037","2152510446","0.0833333"
"2152510446","2995052309","0.0833333"
"2995052309","2152510446","0.0833333"
"2152510446","36290627","4.575"
"36290627","2152510446","4.575"
"2465318792","2576508955","0.166667"
"2576508955","2465318792","0.166667"
"2465318792","2742512005","0.583333"
"2742512005","2465318792","0.583333"
"2465318792","2754176165","0.166667"
"2754176165","2465318792","0.166667"
"2465318792","2789476037","2.08333"
"2789476037","2465318792","2.08333"
"2465318792","2995052309","1.58333"
"2995052309","2465318792","1.58333"
"2576508955","2742512005","4.06111"
"2742512005","2576508955","4.06111"
"2576508955","2754176165","20.0194"
"2754176165","2576508955","20.0194"
"2576508955","2789476037","3.51944"
"2789476037","2576508955","3.51944"
"2576508955","2995052309","0.561111"
"2995052309","2576508955","0.561111"
"2576508955","36290627","1.69444"
"36290627","2576508955","1.69444"
"2742512005","2789476037","14.4278"
"2789476037","2742512005","14.4278"
"2742512005","2995052309","1.09444"
"2995052309","2742512005","1.09444"
"2742512005","36290627","0.811111"
"36290627","2742512005","0.811111"
"2754176165","2789476037","6.35278"
"2789476037","2754176165","6.35278"
"2754176165","2995052309","0.561111"
"2995052309","2754176165","0.561111"
"2754176165","36290627","1.69444"
"36290627","2754176165","1.69444"
"2789476037","2995052309","1.59444"
"2995052309","2789476037","1.59444"
"2789476037","36290627","0.644444"
"36290627","2789476037","0.644444"
"2995052309","36290627","0.644444"
"36290627","2995052309","0.644444"
"1973410675","2145700761","0.366667"
"2145700761","1973410675","0.366667"
"1973410675","2147120745","0.2"
"2147120745","1973410675","0.2"
"1973410675","2465318792","1.2"
"2465318792","1973410675","1.2"
"1973410675","2619825482","0.2"
"2619825482","1973410675","0.2"
"1973410675","36290627","1.36667"
"36290627","1973410675","1.36667"
"2145700761","2147120745","0.616667"
"2147120745","2145700761","0.616667"
"2145700761","2619825482","1.85833"
"2619825482","2145700761","1.85833"
"2147120745","2465318792","0.366667"
"2465318792","2147120745","0.366667"
"2147120745","2619825482","0.283333"
"2619825482","2147120745","0.283333"
"2147120745","36290627","1.45"
"36290627","2147120745","1.45"
"2465318792","2619825482","1.44167"
"2619825482","2465318792","1.44167"
"2619825482","36290627","0.858333"
"36290627","2619825482","0.858333"
"1973410675","1975790660","1.16667"
"1975790660","1973410675","1.16667"
"1973410675","2005522109","0.166667"
"2005522109","1973410675","0.166667"
"1973410675","2068382122","0.166667"
"2068382122","1973410675","0.166667"
"1973410675","2152510446","0.166667"
"2152510446","1973410675","0.166667"
"1975790660","2005522109","0.75"
"2005522109","1975790660","0.75"
"2005522109","2068382122","1.08333"
"2068382122","2005522109","1.08333"
"2005522109","2145700761","0.916667"
"2145700761","2005522109","0.916667"
"2005522109","2152510446","0.25"
"2152510446","2005522109","0.25"
"2005522109","36290627","1.5"
"36290627","2005522109","1.5"
"2068382122","2152510446","0.45"
"2152510446","2068382122","0.45"
"1975790660","2795746234","0.366667"
"2795746234","1975790660","0.366667"
"2576508955","2795746234","1.375"
"2795746234","2576508955","1.375"
"2576508955","2901226836","0.936111"
"2901226836","2576508955","0.936111"
"2742512005","2795746234","0.166667"
"2795746234","2742512005","0.166667"
"2742512005","2901226836","0.977778"
"2901226836","2742512005","0.977778"
"2754176165","2795746234","2.375"
"2795746234","2754176165","2.375"
"2754176165","2901226836","1.43611"
"2901226836","2754176165","1.43611"
"2795746234","2901226836","0.95"
"2901226836","2795746234","0.95"
"2795746234","36290627","0.375"
"36290627","2795746234","0.375"
"1975790660","2014755981","0.333333"
"2014755981","1975790660","0.333333"
"1975790660","2051742379","0.0833333"
"2051742379","1975790660","0.0833333"
"1975790660","2147120745","0.0833333"
"2147120745","1975790660","0.0833333"
"1975790660","2517541169","0.583333"
"2517541169","1975790660","0.583333"
"1975790660","2619825482","1.61667"
"2619825482","1975790660","1.61667"
"1997322537","2003148182","0.0833333"
"2003148182","1997322537","0.0833333"
"1997322537","2005522109","0.0833333"
"2005522109","1997322537","0.0833333"
"1997322537","2014755981","0.0833333"
"2014755981","1997322537","0.0833333"
"1997322537","2051742379","0.0833333"
"2051742379","1997322537","0.0833333"
"1997322537","2068382122","0.0833333"
"2068382122","1997322537","0.0833333"
"1997322537","2147120745","0.0833333"
"2147120745","1997322537","0.0833333"
"1997322537","2152510446","0.0833333"
"2152510446","1997322537","0.0833333"
"1997322537","2517541169","0.0833333"
"2517541169","1997322537","0.0833333"
"1997322537","2619825482","0.0833333"
"2619825482","1997322537","0.0833333"
"1997322537","36290627","0.583333"
"36290627","1997322537","0.583333"
"2003148182","2005522109","2.66667"
"2005522109","2003148182","2.66667"
"2003148182","2014755981","0.0833333"
"2014755981","2003148182","0.0833333"
"2003148182","2051742379","0.333333"
"2051742379","2003148182","0.333333"
"2003148182","2068382122","0.333333"
"2068382122","2003148182","0.333333"
"2003148182","2147120745","0.0833333"
"2147120745","2003148182","0.0833333"
"2003148182","2517541169","0.0833333"
"2517541169","2003148182","0.0833333"
"2003148182","2619825482","0.333333"
"2619825482","2003148182","0.333333"
"2005522109","2014755981","0.0833333"
"2014755981","2005522109","0.0833333"
"2005522109","2051742379","0.833333"
"2051742379","2005522109","0.833333"
"2005522109","2147120745","0.0833333"
"2147120745","2005522109","0.0833333"
"2005522109","2465318792","1.16667"
"2465318792","2005522109","1.16667"
"2005522109","2517541169","0.0833333"
"2517541169","2005522109","0.0833333"
"2005522109","2619825482","2.83333"
"2619825482","2005522109","2.83333"
"2014755981","2051742379","0.0833333"
"2051742379","2014755981","0.0833333"
"2014755981","2068382122","0.583333"
"2068382122","2014755981","0.583333"
"2014755981","2147120745","0.0833333"
"2147120745","2014755981","0.0833333"
"2014755981","2152510446","0.0833333"
"2152510446","2014755981","0.0833333"
"2014755981","2465318792","0.0833333"
"2465318792","2014755981","0.0833333"
"2014755981","2619825482","0.0833333"
"2619825482","2014755981","0.0833333"
"2014755981","36290627","0.333333"
"36290627","2014755981","0.333333"
"2051742379","2068382122","0.0833333"
"2068382122","2051742379","0.0833333"
"2051742379","2147120745","0.0833333"
"2147120745","2051742379","0.0833333"
"2051742379","2152510446","0.0833333"
"2152510446","2051742379","0.0833333"
"2051742379","2465318792","0.0833333"
"2465318792","2051742379","0.0833333"
"2051742379","2517541169","0.0833333"
"2517541169","2051742379","0.0833333"
"2051742379","2619825482","1.5"
"2619825482","2051742379","1.5"
"2051742379","36290627","0.0833333"
"36290627","2051742379","0.0833333"
"2068382122","2147120745","0.666667"
"2147120745","2068382122","0.666667"
"2068382122","2517541169","0.783333"
"2517541169","2068382122","0.783333"
"2068382122","2619825482","0.483333"
"2619825482","2068382122","0.483333"
"2147120745","2152510446","0.416667"
"2152510446","2147120745","0.416667"
"2147120745","2517541169","0.583333"
"2517541169","2147120745","0.583333"
"2152510446","2517541169","0.0833333"
"2517541169","2152510446","0.0833333"
"2152510446","2619825482","0.908333"
"2619825482","2152510446","0.908333"
"2465318792","2517541169","0.0833333"
"2517541169","2465318792","0.0833333"
"2517541169","2619825482","2.66667"
"2619825482","2517541169","2.66667"
"2517541169","36290627","0.333333"
"36290627","2517541169","0.333333"
"2017974706","2145700761","1.08333"
"2145700761","2017974706","1.08333"
"2017974706","2517541169","2.08333"
"2517541169","2017974706","2.08333"
"2017974706","2619825482","12.5833"
"2619825482","2017974706","12.5833"
"2145700761","2517541169","0.7"
"2517541169","2145700761","0.7"
"1975790660","2004247102","0.25"
"2004247102","1975790660","0.25"
"2003148182","2004247102","0.25"
"2004247102","2003148182","0.25"
"2004247102","2068382122","0.783333"
"2068382122","2004247102","0.783333"
"2004247102","2165855014","0.583333"
"2165855014","2004247102","0.583333"
"2068382122","2165855014","0.666667"
"2165855014","2068382122","0.666667"
"2017974706","2152510446","0.25"
"2152510446","2017974706","0.25"
"2017974706","2465318792","0.583333"
"2465318792","2017974706","0.583333"
"1975790660","2617733587","0.25"
"2617733587","1975790660","0.25"
"2014755981","2145700761","0.25"
"2145700761","2014755981","0.25"
"2145700761","2617733587","0.25"
"2617733587","2145700761","0.25"
"2466866282","36290627","0.75"
"36290627","2466866282","0.75"
"2068382122","2795746234","0.283333"
"2795746234","2068382122","0.283333"
"2068382122","2901226836","5.11667"
"2901226836","2068382122","5.11667"
"2465318792","2795746234","0.408333"
"2795746234","2465318792","0.408333"
"2619825482","2795746234","0.325"
"2795746234","2619825482","0.325"
"2619825482","2901226836","0.325"
"2901226836","2619825482","0.325"
"1989385531","2014755981","0.333333"
"2014755981","1989385531","0.333333"
"1989385531","2517541169","0.333333"
"2517541169","1989385531","0.333333"
"1989385531","2954492316","0.5"
"2954492316","1989385531","0.5"
"2078410218","2954492316","0.5"
"2954492316","2078410218","0.5"
"1989385531","1997322537","0.916667"
"1997322537","1989385531","0.916667"
"1989385531","2099154878","0.916667"
"2099154878","1989385531","0.916667"
"1989385531","2417033663","1.41667"
"2417033663","1989385531","1.41667"
"1989385531","2466866282","0.916667"
"2466866282","1989385531","0.916667"
"1989385531","2795251638","0.416667"
"2795251638","1989385531","0.416667"
"1997322537","2078410218","0.166667"
"2078410218","1997322537","0.166667"
"1997322537","2099154878","0.166667"
"2099154878","1997322537","0.166667"
"1997322537","2417033663","0.166667"
"2417033663","1997322537","0.166667"
"1997322537","2795251638","0.166667"
"2795251638","1997322537","0.166667"
"2078410218","2099154878","0.416667"
"2099154878","2078410218","0.416667"
"2078410218","2417033663","0.416667"
"2417033663","2078410218","0.416667"
"2078410218","2466866282","0.166667"
"2466866282","2078410218","0.166667"
"2078410218","2795251638","0.416667"
"2795251638","2078410218","0.416667"
"2099154878","2417033663","9.25"
"2417033663","2099154878","9.25"
"2099154878","2466866282","0.166667"
"2466866282","2099154878","0.166667"
"2099154878","2795251638","7.91667"
"2795251638","2099154878","7.91667"
"2417033663","2466866282","1.66667"
"2466866282","2417033663","1.66667"
"2417033663","2795251638","6.91667"
"2795251638","2417033663","6.91667"
"2466866282","2795251638","0.166667"
"2795251638","2466866282","0.166667"
"1989385531","2465318792","1"
"2465318792","1989385531","1"
"1989385531","2147120745","0.5"
"2147120745","1989385531","0.5"
"2147120745","2417033663","0.5"
"2417033663","2147120745","0.5"
"1989385531","2143569040","0.5"
"2143569040","1989385531","0.5"
"1989385531","2728259634","0.5"
"2728259634","1989385531","0.5"
"2143569040","2728259634","0.5"
"2728259634","2143569040","0.5"
"1997322537","2165855014","0.25"
"2165855014","1997322537","0.25"
"1997322537","2742512005","0.25"
"2742512005","1997322537","0.25"
"2165855014","2466866282","0.25"
"2466866282","2165855014","0.25"
"2466866282","2742512005","0.25"
"2742512005","2466866282","0.25"
"1997322537","2561301563","0.75"
"2561301563","1997322537","0.75"
"1997322537","2901226836","0.25"
"2901226836","1997322537","0.25"
"2466866282","2561301563","0.75"
"2561301563","2466866282","0.75"
"2466866282","2901226836","0.25"
"2901226836","2466866282","0.25"
"2561301563","2901226836","0.25"
"2901226836","2561301563","0.25"
"2561301563","36290627","0.7"
"36290627","2561301563","0.7"
"1997322537","2017974706","0.166667"
"2017974706","1997322537","0.166667"
"1997322537","2576508955","0.166667"
"2576508955","1997322537","0.166667"
"1997322537","2739751633","0.166667"
"2739751633","1997322537","0.166667"
"1997322537","2754176165","0.166667"
"2754176165","1997322537","0.166667"
"1997322537","2888328667","0.166667"
"2888328667","1997322537","0.166667"
"2017974706","2466866282","0.5"
"2466866282","2017974706","0.5"
"2017974706","2576508955","0.166667"
"2576508955","2017974706","0.166667"
"2017974706","2739751633","0.166667"
"2739751633","2017974706","0.166667"
"2017974706","2888328667","0.166667"
"2888328667","2017974706","0.166667"
"2466866282","2576508955","0.166667"
"2576508955","2466866282","0.166667"
"2466866282","2739751633","0.166667"
"2739751633","2466866282","0.166667"
"2466866282","2754176165","0.166667"
"2754176165","2466866282","0.166667"
"2466866282","2888328667","0.166667"
"2888328667","2466866282","0.166667"
"2576508955","2739751633","0.416667"
"2739751633","2576508955","0.416667"
"2576508955","2888328667","0.166667"
"2888328667","2576508955","0.166667"
"2739751633","2754176165","0.416667"
"2754176165","2739751633","0.416667"
"2739751633","2888328667","0.166667"
"2888328667","2739751633","0.166667"
"2754176165","2888328667","0.166667"
"2888328667","2754176165","0.166667"
"2003148182","2111741432","1"
"2111741432","2003148182","1"
"2003148182","2749460454","0.5"
"2749460454","2003148182","0.5"
"2003148182","2922265848","0.5"
"2922265848","2003148182","0.5"
"2749460454","2922265848","0.5"
"2922265848","2749460454","0.5"
"2003148182","2883507283","0.166667"
"2883507283","2003148182","0.166667"
"2576508955","2883507283","0.486111"
"2883507283","2576508955","0.486111"
"2742512005","2883507283","1.27778"
"2883507283","2742512005","1.27778"
"2754176165","2883507283","0.486111"
"2883507283","2754176165","0.486111"
"2789476037","2883507283","0.402778"
"2883507283","2789476037","0.402778"
"2883507283","2995052309","1.27778"
"2995052309","2883507283","1.27778"
"2005522109","2754176165","0.333333"
"2754176165","2005522109","0.333333"
"2005522109","2789476037","0.333333"
"2789476037","2005522109","0.333333"
"2005522109","2017974706","0.25"
"2017974706","2005522109","0.25"
"2017974706","2051742379","0.25"
"2051742379","2017974706","0.25"
"2004247102","2017974706","3.16667"
"2017974706","2004247102","3.16667"
"2004247102","2143569040","3.5"
"2143569040","2004247102","3.5"
"2004247102","2619825482","8.83333"
"2619825482","2004247102","8.83333"
"2017974706","2143569040","1.33333"
"2143569040","2017974706","1.33333"
"2143569040","2619825482","5.5"
"2619825482","2143569040","5.5"
"2004247102","2051742379","1.66667"
"2051742379","2004247102","1.66667"
"2004247102","2517541169","1.03333"
"2517541169","2004247102","1.03333"
"2051742379","2143569040","0.666667"
"2143569040","2051742379","0.666667"
"2004247102","2145700761","0.2"
"2145700761","2004247102","0.2"
"2004247102","2742512005","0.2"
"2742512005","2004247102","0.2"
"2004247102","2787694176","0.2"
"2787694176","2004247102","0.2"
"2068382122","2742512005","0.2"
"2742512005","2068382122","0.2"
"2068382122","2787694176","0.2"
"2787694176","2068382122","0.2"
"2145700761","2787694176","0.2"
"2787694176","2145700761","0.2"
"2517541169","2742512005","0.2"
"2742512005","2517541169","0.2"
"2517541169","2787694176","0.2"
"2787694176","2517541169","0.2"
"2742512005","2787694176","0.2"
"2787694176","2742512005","0.2"
"2004247102","2576508955","0.333333"
"2576508955","2004247102","0.333333"
"2068382122","2576508955","0.416667"
"2576508955","2068382122","0.416667"
"2165855014","2576508955","1.29167"
"2576508955","2165855014","1.29167"
"2005522109","2901226836","0.583333"
"2901226836","2005522109","0.583333"
"2005522109","3005628256","1"
"3005628256","2005522109","1"
"2014755981","2417033663","1.33333"
"2417033663","2014755981","1.33333"
"2417033663","2517541169","1.33333"
"2517541169","2417033663","1.33333"
"2417033663","2617733587","1.83333"
"2617733587","2417033663","1.83333"
"2014755981","2466866282","0.25"
"2466866282","2014755981","0.25"
"2068382122","2466866282","0.25"
"2466866282","2068382122","0.25"
"2466866282","2517541169","0.25"
"2517541169","2466866282","0.25"
"2014755981","2728259634","1.16667"
"2728259634","2014755981","1.16667"
"2617733587","2728259634","2.66667"
"2728259634","2617733587","2.66667"
"2014755981","2017974706","0.5"
"2017974706","2014755981","0.5"
"2014755981","2561301563","0.25"
"2561301563","2014755981","0.25"
"2068382122","2561301563","0.25"
"2561301563","2068382122","0.25"
"2068382122","2617733587","0.25"
"2617733587","2068382122","0.25"
"2517541169","2561301563","0.25"
"2561301563","2517541169","0.25"
"2561301563","2617733587","0.25"
"2617733587","2561301563","0.25"
"2517541169","2728259634","0.666667"
"2728259634","2517541169","0.666667"
"2466866282","2619825482","0.833333"
"2619825482","2466866282","0.833333"
"2068382122","2097465469","0.283333"
"2097465469","2068382122","0.283333"
"2097465469","2619825482","0.325"
"2619825482","2097465469","0.325"
"2068382122","2728259634","0.0833333"
"2728259634","2068382122","0.0833333"
"2068382122","2754176165","1.08333"
"2754176165","2068382122","1.08333"
"2068382122","2883507283","0.0833333"
"2883507283","2068382122","0.0833333"
"2097465469","2147120745","0.0833333"
"2147120745","2097465469","0.0833333"
"2097465469","2165855014","0.208333"
"2165855014","2097465469","0.208333"
"2097465469","2728259634","0.0833333"
"2728259634","2097465469","0.0833333"
"2097465469","2795746234","0.208333"
"2795746234","2097465469","0.208333"
"2097465469","2883507283","0.194444"
"2883507283","2097465469","0.194444"
"2097465469","2901226836","0.652778"
"2901226836","2097465469","0.652778"
"2145700761","2165855014","0.208333"
"2165855014","2145700761","0.208333"
"2145700761","2728259634","0.0833333"
"2728259634","2145700761","0.0833333"
"2145700761","2795746234","0.208333"
"2795746234","2145700761","0.208333"
"2145700761","2883507283","0.194444"
"2883507283","2145700761","0.194444"
"2147120745","2165855014","7.66667"
"2165855014","2147120745","7.66667"
"2147120745","2576508955","0.583333"
"2576508955","2147120745","0.583333"
"2147120745","2728259634","0.333333"
"2728259634","2147120745","0.333333"
"2147120745","2754176165","0.583333"
"2754176165","2147120745","0.583333"
"2147120745","2795746234","0.0833333"
"2795746234","2147120745","0.0833333"
"2147120745","2883507283","0.0833333"
"2883507283","2147120745","0.0833333"
"2147120745","2901226836","0.333333"
"2901226836","2147120745","0.333333"
"2165855014","2465318792","0.208333"
"2465318792","2165855014","0.208333"
"2165855014","2728259634","0.708333"
"2728259634","2165855014","0.708333"
"2165855014","2795746234","0.583333"
"2795746234","2165855014","0.583333"
"2165855014","2883507283","0.208333"
"2883507283","2165855014","0.208333"
"2165855014","2901226836","0.833333"
"2901226836","2165855014","0.833333"
"2165855014","36290627","0.458333"
"36290627","2165855014","0.458333"
"2465318792","2728259634","0.0833333"
"2728259634","2465318792","0.0833333"
"2465318792","2883507283","0.0833333"
"2883507283","2465318792","0.0833333"
"2576508955","2728259634","0.458333"
"2728259634","2576508955","0.458333"
"2728259634","2754176165","0.458333"
"2754176165","2728259634","0.458333"
"2728259634","2795746234","0.458333"
"2795746234","2728259634","0.458333"
"2728259634","2883507283","0.208333"
"2883507283","2728259634","0.208333"
"2728259634","2901226836","0.458333"
"2901226836","2728259634","0.458333"
"2728259634","36290627","1.08333"
"36290627","2728259634","1.08333"
"2795746234","2883507283","0.208333"
"2883507283","2795746234","0.208333"
"2883507283","2901226836","0.319444"
"2901226836","2883507283","0.319444"
"2883507283","36290627","0.194444"
"36290627","2883507283","0.194444"
"2152510446","2165855014","0.125"
"2165855014","2152510446","0.125"
"2152510446","2795746234","0.125"
"2795746234","2152510446","0.125"
"2152510446","2901226836","0.125"
"2901226836","2152510446","0.125"
"2165855014","2619825482","0.125"
"2619825482","2165855014","0.125"
"2097465469","2561301563","0.5"
"2561301563","2097465469","0.5"
"2561301563","2995052309","0.95"
"2995052309","2561301563","0.95"
"2789476037","2901226836","0.436111"
"2901226836","2789476037","0.436111"
"2901226836","2995052309","0.311111"
"2995052309","2901226836","0.311111"
"2099154878","2576508955","0.333333"
"2576508955","2099154878","0.333333"
"2099154878","2754176165","0.333333"
"2754176165","2099154878","0.333333"
"2417033663","2576508955","0.333333"
"2576508955","2417033663","0.333333"
"2417033663","2754176165","0.333333"
"2754176165","2417033663","0.333333"
"2099154878","2561301563","0.5"
"2561301563","2099154878","0.5"
"2417033663","2561301563","0.5"
"2561301563","2417033663","0.5"
"2145700761","2561301563","0.2"
"2561301563","2145700761","0.2"
"2561301563","2742512005","0.533333"
"2742512005","2561301563","0.533333"
"2561301563","2789476037","0.2"
"2789476037","2561301563","0.2"
"2147120745","2561301563","0.583333"
"2561301563","2147120745","0.583333"
"2147120745","2995052309","0.25"
"2995052309","2147120745","0.25"
"2165855014","2561301563","1.08333"
"2561301563","2165855014","1.08333"
"2165855014","2995052309","0.25"
"2995052309","2165855014","0.25"
"2147120745","2742512005","0.333333"
"2742512005","2147120745","0.333333"
"2165855014","2749460454","0.375"
"2749460454","2165855014","0.375"
"2165855014","2789476037","0.125"
"2789476037","2165855014","0.125"
"2576508955","2749460454","0.125"
"2749460454","2576508955","0.125"
"2728259634","2749460454","0.375"
"2749460454","2728259634","0.375"
"2728259634","2789476037","0.458333"
"2789476037","2728259634","0.458333"
"2749460454","2754176165","0.125"
"2754176165","2749460454","0.125"
"2749460454","2789476037","0.125"
"2789476037","2749460454","0.125"
"2749460454","2795746234","0.375"
"2795746234","2749460454","0.375"
"2749460454","2883507283","0.125"
"2883507283","2749460454","0.125"
"2749460454","2901226836","2.375"
"2901226836","2749460454","2.375"
"2789476037","2795746234","0.125"
"2795746234","2789476037","0.125"
"2165855014","2922265848","8.5"
"2922265848","2165855014","8.5"
"2165855014","2739751633","0.25"
"2739751633","2165855014","0.25"
"2576508955","2617733587","0.25"
"2617733587","2576508955","0.25"
"2617733587","2739751633","0.25"
"2739751633","2617733587","0.25"
"2617733587","2754176165","0.25"
"2754176165","2617733587","0.25"
"2561301563","2922265848","2.5"
"2922265848","2561301563","2.5"
"2417033663","2619825482","0.5"
"2619825482","2417033663","0.5"
"2417033663","2728259634","0.5"
"2728259634","2417033663","0.5"
"2617733587","2619825482","0.5"
"2619825482","2617733587","0.5"
"2561301563","2576508955","0.5"
"2576508955","2561301563","0.5"
"2561301563","2754176165","0.5"
"2754176165","2561301563","0.5"
"2617733587","2749460454","1"
"2749460454","2617733587","1"
"2619825482","2883507283","1"
"2883507283","2619825482","1"
"2728259634","2742512005","0.333333"
"2742512005","2728259634","0.333333"
"2728259634","2995052309","0.333333"
"2995052309","2728259634","0.333333"
"2739751633","2787694176","8.5"
"2787694176","2739751633","8.5"
"2739751633","2954492316","2.5"
"2954492316","2739751633","2.5"
"2739751633","2794607770","1.5"
"2794607770","2739751633","1.5"
"2787694176","2954492316","2.5"
"2954492316","2787694176","2.5"
"2739751633","2900734124","0.5"
"2900734124","2739751633","0.5"
"2794607770","2900734124","2.5"
"2900734124","2794607770","2.5"
"2749460454","36290627","1"
"36290627","2749460454","1"
"2749460454","2995052309","1"
"2995052309","2749460454","1"
"2794607770","2922265848","1"
"2922265848","2794607770","1"
"2888328667","3005628256","3"
"3005628256","2888328667","3"
