"1496441673","1587972919","1.41667"
"1587972919","1496441673","1.41667"
"1496441673","1991597775","0.25"
"1991597775","1496441673","0.25"
"1496441673","2103942683","0.416667"
"2103942683","1496441673","0.416667"
"1496441673","2166355767","0.416667"
"2166355767","1496441673","0.416667"
"1587972919","1991597775","0.25"
"1991597775","1587972919","0.25"
"1587972919","2103942683","1.12897"
"2103942683","1587972919","1.12897"
"1587972919","2166355767","1.06111"
"2166355767","1587972919","1.06111"
"1991597775","2103942683","0.25"
"2103942683","1991597775","0.25"
"1991597775","2166355767","0.25"
"2166355767","1991597775","0.25"
"2103942683","2166355767","0.527778"
"2166355767","2103942683","0.527778"
"1496441673","1848843483","0.166667"
"1848843483","1496441673","0.166667"
"1496441673","2129259650","0.166667"
"2129259650","1496441673","0.166667"
"1496441673","2158535304","0.166667"
"2158535304","1496441673","0.166667"
"1587972919","1848843483","1.11111"
"1848843483","1587972919","1.11111"
"1587972919","2129259650","1.27778"
"2129259650","1587972919","1.27778"
"1587972919","2158535304","0.458333"
"2158535304","1587972919","0.458333"
"1848843483","2103942683","0.277778"
"2103942683","1848843483","0.277778"
"1848843483","2129259650","0.777778"
"2129259650","1848843483","0.777778"
"1848843483","2158535304","0.166667"
"2158535304","1848843483","0.166667"
"1848843483","2166355767","0.277778"
"2166355767","1848843483","0.277778"
"2103942683","2129259650","0.277778"
"2129259650","2103942683","0.277778"
"2103942683","2158535304","0.291667"
"2158535304","2103942683","0.291667"
"2129259650","2158535304","1.33333"
"2158535304","2129259650","1.33333"
"2129259650","2166355767","0.611111"
"2166355767","2129259650","0.611111"
"2158535304","2166355767","0.166667"
"2166355767","2158535304","0.166667"
"1503736638","1587972919","1.43452"
"1587972919","1503736638","1.43452"
"1503736638","1759857181","0.142857"
"1759857181","1503736638","0.142857"
"1503736638","2073226979","0.142857"
"2073226979","1503736638","0.142857"
"1503736638","2103942683","0.267857"
"2103942683","1503736638","0.267857"
"1503736638","2118215692","0.142857"
"2118215692","1503736638","0.142857"
"1503736638","2152341494","0.142857"
"2152341494","1503736638","0.142857"
"1503736638","2155585632","0.434524"
"2155585632","1503736638","0.434524"
"1587972919","1759857181","0.142857"
"1759857181","1587972919","0.142857"
"1587972919","2073226979","0.142857"
"2073226979","1587972919","0.142857"
"1587972919","2118215692","2.0873"
"2118215692","1587972919","2.0873"
"1587972919","2152341494","0.142857"
"2152341494","1587972919","0.142857"
"1587972919","2155585632","2.57897"
"2155585632","1587972919","2.57897"
"1759857181","2073226979","0.142857"
"2073226979","1759857181","0.142857"
"1759857181","2103942683","0.142857"
"2103942683","1759857181","0.142857"
"1759857181","2118215692","0.142857"
"2118215692","1759857181","0.142857"
"1759857181","2152341494","0.142857"
"2152341494","1759857181","0.142857"
"1759857181","2155585632","0.142857"
"2155585632","1759857181","0.142857"
"2073226979","2103942683","0.142857"
"2103942683","2073226979","0.142857"
"2073226979","2118215692","0.142857"
"2118215692","2073226979","0.142857"
"2073226979","2152341494","0.642857"
"2152341494","2073226979","0.642857"
"2073226979","2155585632","0.142857"
"2155585632","2073226979","0.142857"
"2103942683","2118215692","0.253968"
"2118215692","2103942683","0.253968"
"2103942683","2152341494","0.342857"
"2152341494","2103942683","0.342857"
"2103942683","2155585632","1.2123"
"2155585632","2103942683","1.2123"
"2118215692","2152341494","0.142857"
"2152341494","2118215692","0.142857"
"2118215692","2155585632","0.753968"
"2155585632","2118215692","0.753968"
"2152341494","2155585632","0.142857"
"2155585632","2152341494","0.142857"
"1503736638","1964642955","0.125"
"1964642955","1503736638","0.125"
"1503736638","1981416932","0.125"
"1981416932","1503736638","0.125"
"1503736638","2098331194","0.125"
"2098331194","1503736638","0.125"
"1503736638","2158535304","0.291667"
"2158535304","1503736638","0.291667"
"1503736638","2259639819","0.291667"
"2259639819","1503736638","0.291667"
"1587972919","1964642955","4.23611"
"1964642955","1587972919","4.23611"
"1587972919","1981416932","0.125"
"1981416932","1587972919","0.125"
"1587972919","2098331194","0.708333"
"2098331194","1587972919","0.708333"
"1587972919","2259639819","1.075"
"2259639819","1587972919","1.075"
"1964642955","1981416932","0.125"
"1981416932","1964642955","0.125"
"1964642955","2098331194","0.125"
"2098331194","1964642955","0.125"
"1964642955","2103942683","0.736111"
"2103942683","1964642955","0.736111"
"1964642955","2155585632","0.736111"
"2155585632","1964642955","0.736111"
"1964642955","2158535304","0.125"
"2158535304","1964642955","0.125"
"1964642955","2259639819","0.125"
"2259639819","1964642955","0.125"
"1981416932","2098331194","0.125"
"2098331194","1981416932","0.125"
"1981416932","2103942683","0.125"
"2103942683","1981416932","0.125"
"1981416932","2155585632","0.125"
"2155585632","1981416932","0.125"
"1981416932","2158535304","0.125"
"2158535304","1981416932","0.125"
"1981416932","2259639819","0.125"
"2259639819","1981416932","0.125"
"2098331194","2103942683","0.658333"
"2103942683","2098331194","0.658333"
"2098331194","2155585632","0.458333"
"2155585632","2098331194","0.458333"
"2098331194","2158535304","0.125"
"2158535304","2098331194","0.125"
"2098331194","2259639819","0.575"
"2259639819","2098331194","0.575"
"2103942683","2259639819","0.325"
"2259639819","2103942683","0.325"
"2155585632","2158535304","0.291667"
"2158535304","2155585632","0.291667"
"2155585632","2259639819","0.491667"
"2259639819","2155585632","0.491667"
"2158535304","2259639819","0.291667"
"2259639819","2158535304","0.291667"
"1503736638","2108747039","0.166667"
"2108747039","1503736638","0.166667"
"1503736638","2129259650","0.166667"
"2129259650","1503736638","0.166667"
"1587972919","2108747039","1.06111"
"2108747039","1587972919","1.06111"
"2108747039","2129259650","0.277778"
"2129259650","2108747039","0.277778"
"2108747039","2155585632","0.477778"
"2155585632","2108747039","0.477778"
"2108747039","2158535304","0.166667"
"2158535304","2108747039","0.166667"
"2108747039","2259639819","2.98333"
"2259639819","2108747039","2.98333"
"2129259650","2155585632","0.277778"
"2155585632","2129259650","0.277778"
"2129259650","2259639819","0.166667"
"2259639819","2129259650","0.166667"
"1848843483","2108747039","0.444444"
"2108747039","1848843483","0.444444"
"1848843483","2259639819","0.333333"
"2259639819","1848843483","0.333333"
"2118215692","2129259650","0.444444"
"2129259650","2118215692","0.444444"
"2118215692","2166355767","0.444444"
"2166355767","2118215692","0.444444"
"1587972919","2291286683","0.561111"
"2291286683","1587972919","0.561111"
"2098331194","2108747039","0.45"
"2108747039","2098331194","0.45"
"2098331194","2291286683","0.25"
"2291286683","2098331194","0.25"
"2108747039","2291286683","1.56111"
"2291286683","2108747039","1.56111"
"2259639819","2291286683","2.45"
"2291286683","2259639819","2.45"
"1848843483","1964642955","0.111111"
"1964642955","1848843483","0.111111"
"1848843483","2118215692","0.111111"
"2118215692","1848843483","0.111111"
"1848843483","2155585632","0.111111"
"2155585632","1848843483","0.111111"
"1848843483","2291286683","0.111111"
"2291286683","1848843483","0.111111"
"1964642955","2108747039","0.111111"
"2108747039","1964642955","0.111111"
"1964642955","2118215692","0.111111"
"2118215692","1964642955","0.111111"
"1964642955","2129259650","0.111111"
"2129259650","1964642955","0.111111"
"1964642955","2166355767","0.111111"
"2166355767","1964642955","0.111111"
"1964642955","2291286683","0.111111"
"2291286683","1964642955","0.111111"
"2103942683","2108747039","0.311111"
"2108747039","2103942683","0.311111"
"2103942683","2291286683","0.111111"
"2291286683","2103942683","0.111111"
"2108747039","2118215692","0.111111"
"2118215692","2108747039","0.111111"
"2108747039","2166355767","0.311111"
"2166355767","2108747039","0.311111"
"2118215692","2291286683","0.111111"
"2291286683","2118215692","0.111111"
"2129259650","2291286683","0.111111"
"2291286683","2129259650","0.111111"
"2155585632","2166355767","0.311111"
"2166355767","2155585632","0.311111"
"2155585632","2291286683","0.311111"
"2291286683","2155585632","0.311111"
"2166355767","2291286683","0.311111"
"2291286683","2166355767","0.311111"
"2166355767","2259639819","0.2"
"2259639819","2166355767","0.2"
"1759857181","2129544368","3.33333"
"2129544368","1759857181","3.33333"
"1759857181","2108747039","0.333333"
"2108747039","1759857181","0.333333"
"1759857181","2259639819","0.333333"
"2259639819","1759857181","0.333333"
"2108747039","2129544368","0.333333"
"2129544368","2108747039","0.333333"
"2129544368","2259639819","0.333333"
"2259639819","2129544368","0.333333"
"2031839837","2098331194","0.533333"
"2098331194","2031839837","0.533333"
"2031839837","2103942683","0.2"
"2103942683","2031839837","0.2"
"2031839837","2108747039","0.2"
"2108747039","2031839837","0.2"
"2031839837","2152341494","1.53333"
"2152341494","2031839837","1.53333"
"2031839837","2259639819","0.2"
"2259639819","2031839837","0.2"
"2098331194","2152341494","0.533333"
"2152341494","2098331194","0.533333"
"2108747039","2152341494","0.2"
"2152341494","2108747039","0.2"
"2152341494","2259639819","0.7"
"2259639819","2152341494","0.7"
"2031839837","3021513585","0.333333"
"3021513585","2031839837","0.333333"
"2098331194","3021513585","2.33333"
"3021513585","2098331194","2.33333"
"2152341494","3021513585","1.33333"
"3021513585","2152341494","1.33333"
"2073226979","2259639819","1.5"
"2259639819","2073226979","1.5"
"2108747039","3021513585","0.5"
"3021513585","2108747039","0.5"
"2259639819","3021513585","0.5"
"3021513585","2259639819","0.5"
