"1494143792","2018414565","4.5"
"2018414565","1494143792","4.5"
"1494143792","1978072939","0.25"
"1978072939","1494143792","0.25"
"1494143792","2134587152","0.25"
"2134587152","1494143792","0.25"
"1494143792","2163257729","1.25"
"2163257729","1494143792","1.25"
"1494143792","2799072993","0.25"
"2799072993","1494143792","0.25"
"1978072939","2134587152","0.3125"
"2134587152","1978072939","0.3125"
"1978072939","2163257729","3.0625"
"2163257729","1978072939","3.0625"
"1978072939","2799072993","6.64286"
"2799072993","1978072939","6.64286"
"2134587152","2163257729","0.455357"
"2163257729","2134587152","0.455357"
"2134587152","2799072993","0.25"
"2799072993","2134587152","0.25"
"2163257729","2799072993","1.25"
"2799072993","2163257729","1.25"
"1494143792","2122637043","0.833333"
"2122637043","1494143792","0.833333"
"1494143792","2150145237","0.866667"
"2150145237","1494143792","0.866667"
"2122637043","2150145237","1.29167"
"2150145237","2122637043","1.29167"
"1494143792","2006840358","0.2"
"2006840358","1494143792","0.2"
"1494143792","2163080014","0.2"
"2163080014","1494143792","0.2"
"1494143792","2163599520","0.366667"
"2163599520","1494143792","0.366667"
"1494143792","2189464582","0.366667"
"2189464582","1494143792","0.366667"
"2006840358","2150145237","0.2"
"2150145237","2006840358","0.2"
"2006840358","2163080014","1.2"
"2163080014","2006840358","1.2"
"2006840358","2163599520","0.2"
"2163599520","2006840358","0.2"
"2006840358","2189464582","0.2"
"2189464582","2006840358","0.2"
"2150145237","2163080014","0.2"
"2163080014","2150145237","0.2"
"2150145237","2163599520","0.741667"
"2163599520","2150145237","0.741667"
"2150145237","2189464582","7.71786"
"2189464582","2150145237","7.71786"
"2163080014","2163599520","0.2"
"2163599520","2163080014","0.2"
"2163080014","2189464582","0.2"
"2189464582","2163080014","0.2"
"2163599520","2189464582","0.741667"
"2189464582","2163599520","0.741667"
"1494143792","2018392829","0.333333"
"2018392829","1494143792","0.333333"
"2018392829","2018414565","0.333333"
"2018414565","2018392829","0.333333"
"2018392829","2122637043","0.333333"
"2122637043","2018392829","0.333333"
"2018414565","2122637043","0.770833"
"2122637043","2018414565","0.770833"
"1494143792","2028923610","1"
"2028923610","1494143792","1"
"1494143792","1964950691","0.166667"
"1964950691","1494143792","0.166667"
"1494143792","2080567578","0.166667"
"2080567578","1494143792","0.166667"
"1964950691","2018414565","0.166667"
"2018414565","1964950691","0.166667"
"1964950691","2080567578","0.166667"
"2080567578","1964950691","0.166667"
"1964950691","2150145237","0.266667"
"2150145237","1964950691","0.266667"
"1964950691","2163599520","0.416667"
"2163599520","1964950691","0.416667"
"1964950691","2189464582","0.266667"
"2189464582","1964950691","0.266667"
"2018414565","2080567578","1.20536"
"2080567578","2018414565","1.20536"
"2018414565","2150145237","1.43452"
"2150145237","2018414565","1.43452"
"2018414565","2163599520","0.291667"
"2163599520","2018414565","0.291667"
"2018414565","2189464582","1.43452"
"2189464582","2018414565","1.43452"
"2080567578","2150145237","0.559524"
"2150145237","2080567578","0.559524"
"2080567578","2163599520","0.416667"
"2163599520","2080567578","0.416667"
"2080567578","2189464582","0.559524"
"2189464582","2080567578","0.559524"
"1501995523","2123075336","1"
"2123075336","1501995523","1"
"1501995523","16155167","1.25"
"16155167","1501995523","1.25"
"1501995523","2085779298","0.25"
"2085779298","1501995523","0.25"
"1501995523","2122824813","0.25"
"2122824813","1501995523","0.25"
"1501995523","69119374","0.25"
"69119374","1501995523","0.25"
"16155167","2085779298","0.25"
"2085779298","16155167","0.25"
"16155167","2122824813","0.25"
"2122824813","16155167","0.25"
"16155167","69119374","0.379167"
"69119374","16155167","0.379167"
"2085779298","2122824813","1.25"
"2122824813","2085779298","1.25"
"2085779298","69119374","0.25"
"69119374","2085779298","0.25"
"2122824813","69119374","0.25"
"69119374","2122824813","0.25"
"1586574594","16155167","0.0666667"
"16155167","1586574594","0.0666667"
"1586574594","1978072939","0.0666667"
"1978072939","1586574594","0.0666667"
"1586574594","2040865728","0.0666667"
"2040865728","1586574594","0.0666667"
"1586574594","2097429059","0.0666667"
"2097429059","1586574594","0.0666667"
"1586574594","2103126151","0.0666667"
"2103126151","1586574594","0.0666667"
"1586574594","2113263061","0.0666667"
"2113263061","1586574594","0.0666667"
"1586574594","2119211323","0.0666667"
"2119211323","1586574594","0.0666667"
"1586574594","2122637043","0.0666667"
"2122637043","1586574594","0.0666667"
"1586574594","2149511652","0.0666667"
"2149511652","1586574594","0.0666667"
"1586574594","2150145237","0.0666667"
"2150145237","1586574594","0.0666667"
"1586574594","2163257729","0.0666667"
"2163257729","1586574594","0.0666667"
"1586574594","2168856147","0.0666667"
"2168856147","1586574594","0.0666667"
"1586574594","2189464582","0.0666667"
"2189464582","1586574594","0.0666667"
"1586574594","2799072993","0.0666667"
"2799072993","1586574594","0.0666667"
"1586574594","69119374","0.0666667"
"69119374","1586574594","0.0666667"
"16155167","1978072939","0.372024"
"1978072939","16155167","0.372024"
"16155167","2040865728","0.0666667"
"2040865728","16155167","0.0666667"
"16155167","2097429059","0.229167"
"2097429059","16155167","0.229167"
"16155167","2103126151","0.229167"
"2103126151","16155167","0.229167"
"16155167","2113263061","0.479167"
"2113263061","16155167","0.479167"
"16155167","2119211323","0.0666667"
"2119211323","16155167","0.0666667"
"16155167","2122637043","0.604167"
"2122637043","16155167","0.604167"
"16155167","2149511652","0.0666667"
"2149511652","16155167","0.0666667"
"16155167","2150145237","0.434524"
"2150145237","16155167","0.434524"
"16155167","2163257729","0.479167"
"2163257729","16155167","0.479167"
"16155167","2168856147","0.0666667"
"2168856147","16155167","0.0666667"
"16155167","2189464582","0.434524"
"2189464582","16155167","0.434524"
"16155167","2799072993","0.684524"
"2799072993","16155167","0.684524"
"1978072939","2040865728","0.0666667"
"2040865728","1978072939","0.0666667"
"1978072939","2097429059","0.5625"
"2097429059","1978072939","0.5625"
"1978072939","2103126151","0.229167"
"2103126151","1978072939","0.229167"
"1978072939","2113263061","0.8125"
"2113263061","1978072939","0.8125"
"1978072939","2119211323","1.23333"
"2119211323","1978072939","1.23333"
"1978072939","2122637043","1.22917"
"2122637043","1978072939","1.22917"
"1978072939","2149511652","0.0666667"
"2149511652","1978072939","0.0666667"
"1978072939","2150145237","0.47619"
"2150145237","1978072939","0.47619"
"1978072939","2168856147","0.566667"
"2168856147","1978072939","0.566667"
"1978072939","2189464582","0.47619"
"2189464582","1978072939","0.47619"
"1978072939","69119374","0.129167"
"69119374","1978072939","0.129167"
"2040865728","2097429059","0.0666667"
"2097429059","2040865728","0.0666667"
"2040865728","2103126151","0.0666667"
"2103126151","2040865728","0.0666667"
"2040865728","2113263061","0.0666667"
"2113263061","2040865728","0.0666667"
"2040865728","2119211323","0.0666667"
"2119211323","2040865728","0.0666667"
"2040865728","2122637043","0.0666667"
"2122637043","2040865728","0.0666667"
"2040865728","2149511652","1.56667"
"2149511652","2040865728","1.56667"
"2040865728","2150145237","0.0666667"
"2150145237","2040865728","0.0666667"
"2040865728","2163257729","0.0666667"
"2163257729","2040865728","0.0666667"
"2040865728","2168856147","0.0666667"
"2168856147","2040865728","0.0666667"
"2040865728","2189464582","0.0666667"
"2189464582","2040865728","0.0666667"
"2040865728","2799072993","0.566667"
"2799072993","2040865728","0.566667"
"2040865728","69119374","0.0666667"
"69119374","2040865728","0.0666667"
"2097429059","2103126151","1.22917"
"2103126151","2097429059","1.22917"
"2097429059","2113263061","0.872024"
"2113263061","2097429059","0.872024"
"2097429059","2119211323","0.0666667"
"2119211323","2097429059","0.0666667"
"2097429059","2122637043","0.229167"
"2122637043","2097429059","0.229167"
"2097429059","2149511652","0.0666667"
"2149511652","2097429059","0.0666667"
"2097429059","2150145237","0.666667"
"2150145237","2097429059","0.666667"
"2097429059","2163257729","0.872024"
"2163257729","2097429059","0.872024"
"2097429059","2168856147","0.0666667"
"2168856147","2097429059","0.0666667"
"2097429059","2189464582","0.666667"
"2189464582","2097429059","0.666667"
"2097429059","2799072993","0.5"
"2799072993","2097429059","0.5"
"2097429059","69119374","1.27202"
"69119374","2097429059","1.27202"
"2103126151","2113263061","0.229167"
"2113263061","2103126151","0.229167"
"2103126151","2119211323","0.0666667"
"2119211323","2103126151","0.0666667"
"2103126151","2122637043","0.229167"
"2122637043","2103126151","0.229167"
"2103126151","2149511652","0.0666667"
"2149511652","2103126151","0.0666667"
"2103126151","2150145237","0.166667"
"2150145237","2103126151","0.166667"
"2103126151","2163257729","1.22917"
"2163257729","2103126151","1.22917"
"2103126151","2168856147","0.0666667"
"2168856147","2103126151","0.0666667"
"2103126151","2189464582","0.166667"
"2189464582","2103126151","0.166667"
"2103126151","2799072993","0.166667"
"2799072993","2103126151","0.166667"
"2103126151","69119374","0.129167"
"69119374","2103126151","0.129167"
"2113263061","2119211323","0.0666667"
"2119211323","2113263061","0.0666667"
"2113263061","2122637043","5.14583"
"2122637043","2113263061","5.14583"
"2113263061","2149511652","0.0666667"
"2149511652","2113263061","0.0666667"
"2113263061","2150145237","0.166667"
"2150145237","2113263061","0.166667"
"2113263061","2163257729","13.9554"
"2163257729","2113263061","13.9554"
"2113263061","2168856147","0.316667"
"2168856147","2113263061","0.316667"
"2113263061","2189464582","0.166667"
"2189464582","2113263061","0.166667"
"2113263061","2799072993","1"
"2799072993","2113263061","1"
"2113263061","69119374","0.272024"
"69119374","2113263061","0.272024"
"2119211323","2122637043","0.4"
"2122637043","2119211323","0.4"
"2119211323","2149511652","0.0666667"
"2149511652","2119211323","0.0666667"
"2119211323","2150145237","0.233333"
"2150145237","2119211323","0.233333"
"2119211323","2163257729","0.0666667"
"2163257729","2119211323","0.0666667"
"2119211323","2168856147","0.4"
"2168856147","2119211323","0.4"
"2119211323","2189464582","0.233333"
"2189464582","2119211323","0.233333"
"2119211323","2799072993","0.566667"
"2799072993","2119211323","0.566667"
"2119211323","69119374","0.0666667"
"69119374","2119211323","0.0666667"
"2122637043","2149511652","0.0666667"
"2149511652","2122637043","0.0666667"
"2122637043","2163257729","6.14583"
"2163257729","2122637043","6.14583"
"2122637043","2168856147","0.4"
"2168856147","2122637043","0.4"
"2122637043","2189464582","0.791667"
"2189464582","2122637043","0.791667"
"2122637043","2799072993","1.125"
"2799072993","2122637043","1.125"
"2122637043","69119374","0.129167"
"69119374","2122637043","0.129167"
"2149511652","2150145237","0.0666667"
"2150145237","2149511652","0.0666667"
"2149511652","2163257729","0.0666667"
"2163257729","2149511652","0.0666667"
"2149511652","2168856147","0.0666667"
"2168856147","2149511652","0.0666667"
"2149511652","2189464582","0.0666667"
"2189464582","2149511652","0.0666667"
"2149511652","2799072993","0.566667"
"2799072993","2149511652","0.566667"
"2149511652","69119374","0.0666667"
"69119374","2149511652","0.0666667"
"2150145237","2163257729","0.166667"
"2163257729","2150145237","0.166667"
"2150145237","2168856147","0.0666667"
"2168856147","2150145237","0.0666667"
"2150145237","2799072993","0.85119"
"2799072993","2150145237","0.85119"
"2150145237","69119374","0.0666667"
"69119374","2150145237","0.0666667"
"2163257729","2168856147","0.816667"
"2168856147","2163257729","0.816667"
"2163257729","2189464582","0.166667"
"2189464582","2163257729","0.166667"
"2163257729","69119374","0.272024"
"69119374","2163257729","0.272024"
"2168856147","2189464582","0.0666667"
"2189464582","2168856147","0.0666667"
"2168856147","2799072993","0.4"
"2799072993","2168856147","0.4"
"2168856147","69119374","0.566667"
"69119374","2168856147","0.566667"
"2189464582","2799072993","0.85119"
"2799072993","2189464582","0.85119"
"2189464582","69119374","0.0666667"
"69119374","2189464582","0.0666667"
"2799072993","69119374","0.0666667"
"69119374","2799072993","0.0666667"
"16155167","2018414565","1.58036"
"2018414565","16155167","1.58036"
"16155167","2080567578","0.455357"
"2080567578","16155167","0.455357"
"16155167","2132228743","0.517857"
"2132228743","16155167","0.517857"
"1978072939","2018414565","0.205357"
"2018414565","1978072939","0.205357"
"1978072939","2080567578","0.205357"
"2080567578","1978072939","0.205357"
"1978072939","2132228743","0.142857"
"2132228743","1978072939","0.142857"
"2018414565","2132228743","2.35119"
"2132228743","2018414565","2.35119"
"2018414565","2799072993","1.76786"
"2799072993","2018414565","1.76786"
"2080567578","2132228743","2.97619"
"2132228743","2080567578","2.97619"
"2080567578","2799072993","0.642857"
"2799072993","2080567578","0.642857"
"2132228743","2150145237","0.267857"
"2150145237","2132228743","0.267857"
"2132228743","2189464582","0.267857"
"2189464582","2132228743","0.267857"
"2132228743","2799072993","1.01786"
"2799072993","2132228743","1.01786"
"16155167","1875659111","0.0625"
"1875659111","16155167","0.0625"
"16155167","1970509335","0.0625"
"1970509335","16155167","0.0625"
"16155167","2123075336","0.0625"
"2123075336","16155167","0.0625"
"16155167","2134587152","0.0625"
"2134587152","16155167","0.0625"
"16155167","2147655047","0.0625"
"2147655047","16155167","0.0625"
"16155167","2148957691","0.0625"
"2148957691","16155167","0.0625"
"16155167","2495165322","0.0625"
"2495165322","16155167","0.0625"
"1875659111","1970509335","5.0625"
"1970509335","1875659111","5.0625"
"1875659111","1978072939","0.0625"
"1978072939","1875659111","0.0625"
"1875659111","2018414565","0.0625"
"2018414565","1875659111","0.0625"
"1875659111","2080567578","1.0625"
"2080567578","1875659111","1.0625"
"1875659111","2097429059","0.405357"
"2097429059","1875659111","0.405357"
"1875659111","2103126151","0.0625"
"2103126151","1875659111","0.0625"
"1875659111","2113263061","1.12202"
"2113263061","1875659111","1.12202"
"1875659111","2122637043","0.395833"
"2122637043","1875659111","0.395833"
"1875659111","2123075336","3.40536"
"2123075336","1875659111","3.40536"
"1875659111","2134587152","0.405357"
"2134587152","1875659111","0.405357"
"1875659111","2147655047","1.0625"
"2147655047","1875659111","1.0625"
"1875659111","2148957691","0.0625"
"2148957691","1875659111","0.0625"
"1875659111","2163257729","1.12202"
"2163257729","1875659111","1.12202"
"1875659111","2495165322","1.0625"
"2495165322","1875659111","1.0625"
"1875659111","69119374","0.205357"
"69119374","1875659111","0.205357"
"1970509335","1978072939","0.0625"
"1978072939","1970509335","0.0625"
"1970509335","2018414565","0.0625"
"2018414565","1970509335","0.0625"
"1970509335","2080567578","0.0625"
"2080567578","1970509335","0.0625"
"1970509335","2097429059","0.0625"
"2097429059","1970509335","0.0625"
"1970509335","2103126151","0.5625"
"2103126151","1970509335","0.5625"
"1970509335","2113263061","0.0625"
"2113263061","1970509335","0.0625"
"1970509335","2122637043","0.0625"
"2122637043","1970509335","0.0625"
"1970509335","2123075336","0.0625"
"2123075336","1970509335","0.0625"
"1970509335","2134587152","0.0625"
"2134587152","1970509335","0.0625"
"1970509335","2147655047","0.0625"
"2147655047","1970509335","0.0625"
"1970509335","2148957691","0.5625"
"2148957691","1970509335","0.5625"
"1970509335","2163257729","0.0625"
"2163257729","1970509335","0.0625"
"1970509335","2495165322","0.0625"
"2495165322","1970509335","0.0625"
"1970509335","69119374","0.0625"
"69119374","1970509335","0.0625"
"1978072939","2123075336","0.0625"
"2123075336","1978072939","0.0625"
"1978072939","2147655047","0.0625"
"2147655047","1978072939","0.0625"
"1978072939","2148957691","0.0625"
"2148957691","1978072939","0.0625"
"1978072939","2495165322","0.0625"
"2495165322","1978072939","0.0625"
"2018414565","2097429059","0.0625"
"2097429059","2018414565","0.0625"
"2018414565","2103126151","0.0625"
"2103126151","2018414565","0.0625"
"2018414565","2113263061","0.0625"
"2113263061","2018414565","0.0625"
"2018414565","2123075336","0.0625"
"2123075336","2018414565","0.0625"
"2018414565","2134587152","0.0625"
"2134587152","2018414565","0.0625"
"2018414565","2147655047","0.0625"
"2147655047","2018414565","0.0625"
"2018414565","2148957691","0.0625"
"2148957691","2018414565","0.0625"
"2018414565","2163257729","0.0625"
"2163257729","2018414565","0.0625"
"2018414565","2495165322","0.0625"
"2495165322","2018414565","0.0625"
"2018414565","69119374","0.0625"
"69119374","2018414565","0.0625"
"2080567578","2097429059","0.0625"
"2097429059","2080567578","0.0625"
"2080567578","2103126151","0.0625"
"2103126151","2080567578","0.0625"
"2080567578","2113263061","0.0625"
"2113263061","2080567578","0.0625"
"2080567578","2122637043","0.0625"
"2122637043","2080567578","0.0625"
"2080567578","2123075336","0.0625"
"2123075336","2080567578","0.0625"
"2080567578","2134587152","0.0625"
"2134587152","2080567578","0.0625"
"2080567578","2147655047","0.0625"
"2147655047","2080567578","0.0625"
"2080567578","2148957691","0.0625"
"2148957691","2080567578","0.0625"
"2080567578","2163257729","0.0625"
"2163257729","2080567578","0.0625"
"2080567578","2495165322","0.0625"
"2495165322","2080567578","0.0625"
"2080567578","69119374","0.0625"
"69119374","2080567578","0.0625"
"2097429059","2123075336","0.405357"
"2123075336","2097429059","0.405357"
"2097429059","2134587152","3.15536"
"2134587152","2097429059","3.15536"
"2097429059","2147655047","0.0625"
"2147655047","2097429059","0.0625"
"2097429059","2148957691","0.0625"
"2148957691","2097429059","0.0625"
"2097429059","2495165322","0.0625"
"2495165322","2097429059","0.0625"
"2103126151","2123075336","0.0625"
"2123075336","2103126151","0.0625"
"2103126151","2134587152","0.0625"
"2134587152","2103126151","0.0625"
"2103126151","2147655047","0.0625"
"2147655047","2103126151","0.0625"
"2103126151","2148957691","0.5625"
"2148957691","2103126151","0.5625"
"2103126151","2495165322","2.0625"
"2495165322","2103126151","2.0625"
"2113263061","2123075336","0.205357"
"2123075336","2113263061","0.205357"
"2113263061","2134587152","0.205357"
"2134587152","2113263061","0.205357"
"2113263061","2147655047","0.0625"
"2147655047","2113263061","0.0625"
"2113263061","2148957691","0.0625"
"2148957691","2113263061","0.0625"
"2113263061","2495165322","0.0625"
"2495165322","2113263061","0.0625"
"2122637043","2123075336","0.0625"
"2123075336","2122637043","0.0625"
"2122637043","2134587152","0.0625"
"2134587152","2122637043","0.0625"
"2122637043","2147655047","0.0625"
"2147655047","2122637043","0.0625"
"2122637043","2148957691","0.0625"
"2148957691","2122637043","0.0625"
"2122637043","2495165322","0.0625"
"2495165322","2122637043","0.0625"
"2123075336","2134587152","0.405357"
"2134587152","2123075336","0.405357"
"2123075336","2147655047","0.0625"
"2147655047","2123075336","0.0625"
"2123075336","2148957691","0.0625"
"2148957691","2123075336","0.0625"
"2123075336","2163257729","0.205357"
"2163257729","2123075336","0.205357"
"2123075336","2495165322","2.0625"
"2495165322","2123075336","2.0625"
"2123075336","69119374","0.205357"
"69119374","2123075336","0.205357"
"2134587152","2147655047","0.0625"
"2147655047","2134587152","0.0625"
"2134587152","2148957691","0.0625"
"2148957691","2134587152","0.0625"
"2134587152","2495165322","0.0625"
"2495165322","2134587152","0.0625"
"2134587152","69119374","0.705357"
"69119374","2134587152","0.705357"
"2147655047","2148957691","0.0625"
"2148957691","2147655047","0.0625"
"2147655047","2163257729","0.0625"
"2163257729","2147655047","0.0625"
"2147655047","2495165322","0.0625"
"2495165322","2147655047","0.0625"
"2147655047","69119374","0.0625"
"69119374","2147655047","0.0625"
"2148957691","2163257729","0.0625"
"2163257729","2148957691","0.0625"
"2148957691","2495165322","0.0625"
"2495165322","2148957691","0.0625"
"2148957691","69119374","1.0625"
"69119374","2148957691","1.0625"
"2163257729","2495165322","0.0625"
"2495165322","2163257729","0.0625"
"2495165322","69119374","0.0625"
"69119374","2495165322","0.0625"
"16155167","1964950691","0.1"
"1964950691","16155167","0.1"
"1964950691","1978072939","0.6"
"1978072939","1964950691","0.6"
"1964950691","2097429059","0.1"
"2097429059","1964950691","0.1"
"1964950691","2103126151","0.1"
"2103126151","1964950691","0.1"
"1964950691","2113263061","0.1"
"2113263061","1964950691","0.1"
"1964950691","2122637043","0.1"
"2122637043","1964950691","0.1"
"1964950691","2163257729","1.6"
"2163257729","1964950691","1.6"
"1964950691","2799072993","0.35"
"2799072993","1964950691","0.35"
"16155167","2028923610","1"
"2028923610","16155167","1"
"16155167","2116530285","0.375"
"2116530285","16155167","0.375"
"2018414565","2116530285","5.20833"
"2116530285","2018414565","5.20833"
"2080567578","2116530285","0.833333"
"2116530285","2080567578","0.833333"
"2116530285","2132228743","2.45833"
"2132228743","2116530285","2.45833"
"16155167","2163599520","0.125"
"2163599520","16155167","0.125"
"2116530285","2122637043","1.375"
"2122637043","2116530285","1.375"
"2116530285","2150145237","0.125"
"2150145237","2116530285","0.125"
"2116530285","2163599520","0.375"
"2163599520","2116530285","0.375"
"2116530285","2189464582","0.125"
"2189464582","2116530285","0.125"
"2116530285","2799072993","1.875"
"2799072993","2116530285","1.875"
"2122637043","2132228743","0.375"
"2132228743","2122637043","0.375"
"2122637043","2163599520","0.125"
"2163599520","2122637043","0.125"
"2132228743","2163599520","0.375"
"2163599520","2132228743","0.375"
"2163599520","2799072993","1.625"
"2799072993","2163599520","1.625"
"17621800","2097429059","0.5"
"2097429059","17621800","0.5"
"17621800","2132262050","0.5"
"2132262050","17621800","0.5"
"2097429059","2132262050","0.833333"
"2132262050","2097429059","0.833333"
"186366207","2097429059","1"
"2097429059","186366207","1"
"186366207","1875659111","0.5"
"1875659111","186366207","0.5"
"186366207","2123075336","0.5"
"2123075336","186366207","0.5"
"186366207","2018392829","2"
"2018392829","186366207","2"
"186366207","1978072939","0.166667"
"1978072939","186366207","0.166667"
"186366207","2119211323","0.166667"
"2119211323","186366207","0.166667"
"186366207","2122824813","0.166667"
"2122824813","186366207","0.166667"
"186366207","2150145237","0.166667"
"2150145237","186366207","0.166667"
"186366207","2189464582","0.166667"
"2189464582","186366207","0.166667"
"186366207","2799072993","0.166667"
"2799072993","186366207","0.166667"
"1978072939","2122824813","1.16667"
"2122824813","1978072939","1.16667"
"2119211323","2122824813","0.166667"
"2122824813","2119211323","0.166667"
"2122824813","2150145237","0.166667"
"2150145237","2122824813","0.166667"
"2122824813","2189464582","0.166667"
"2189464582","2122824813","0.166667"
"2122824813","2799072993","0.166667"
"2799072993","2122824813","0.166667"
"1875659111","2090904077","0.342857"
"2090904077","1875659111","0.342857"
"1875659111","2132462705","0.2"
"2132462705","1875659111","0.2"
"2090904077","2097429059","0.342857"
"2097429059","2090904077","0.342857"
"2090904077","2123075336","0.342857"
"2123075336","2090904077","0.342857"
"2090904077","2132462705","0.2"
"2132462705","2090904077","0.2"
"2090904077","2134587152","0.342857"
"2134587152","2090904077","0.342857"
"2097429059","2132462705","0.2"
"2132462705","2097429059","0.2"
"2123075336","2132462705","0.2"
"2132462705","2123075336","0.2"
"2132462705","2134587152","0.2"
"2134587152","2132462705","0.2"
"2090904077","2113263061","0.142857"
"2113263061","2090904077","0.142857"
"2090904077","2163257729","0.142857"
"2163257729","2090904077","0.142857"
"2090904077","69119374","0.142857"
"69119374","2090904077","0.142857"
"1875659111","2150145237","0.5"
"2150145237","1875659111","0.5"
"1875659111","2189464582","0.5"
"2189464582","1875659111","0.5"
"1875659111","1985595632","1.5"
"1985595632","1875659111","1.5"
"1875659111","2168856147","1.25"
"2168856147","1875659111","1.25"
"1875659111","2028923610","1.08333"
"2028923610","1875659111","1.08333"
"2028923610","2113263061","0.583333"
"2113263061","2028923610","0.583333"
"2028923610","2163257729","0.583333"
"2163257729","2028923610","0.583333"
"2028923610","2168856147","1.25"
"2168856147","2028923610","1.25"
"1875659111","2080368628","0.5"
"2080368628","1875659111","0.5"
"1985595632","2080368628","0.5"
"2080368628","1985595632","0.5"
"1875659111","2070948668","1"
"2070948668","1875659111","1"
"1875659111","2143354134","1"
"2143354134","1875659111","1"
"2028923610","2123075336","1.5"
"2123075336","2028923610","1.5"
"1964950691","2116530285","0.25"
"2116530285","1964950691","0.25"
"1964950691","2132228743","0.25"
"2132228743","1964950691","0.25"
"1965658570","2004586836","0.916667"
"2004586836","1965658570","0.916667"
"1965658570","2097429059","0.25"
"2097429059","1965658570","0.25"
"1965658570","2129889596","0.25"
"2129889596","1965658570","0.25"
"1965658570","2134587152","0.25"
"2134587152","1965658570","0.25"
"2004586836","2097429059","0.75"
"2097429059","2004586836","0.75"
"2004586836","2129889596","1.75"
"2129889596","2004586836","1.75"
"2004586836","2134587152","0.25"
"2134587152","2004586836","0.25"
"2097429059","2129889596","0.75"
"2129889596","2097429059","0.75"
"2129889596","2134587152","0.25"
"2134587152","2129889596","0.25"
"1965658570","2018392829","0.166667"
"2018392829","1965658570","0.166667"
"1965658570","2046040805","0.166667"
"2046040805","1965658570","0.166667"
"1965658570","2105492891","0.666667"
"2105492891","1965658570","0.666667"
"1965658570","2143354134","0.166667"
"2143354134","1965658570","0.166667"
"1965658570","2352641512","0.166667"
"2352641512","1965658570","0.166667"
"2004586836","2018392829","1.5"
"2018392829","2004586836","1.5"
"2004586836","2046040805","1"
"2046040805","2004586836","1"
"2004586836","2105492891","6.16667"
"2105492891","2004586836","6.16667"
"2004586836","2143354134","0.166667"
"2143354134","2004586836","0.166667"
"2004586836","2352641512","0.5"
"2352641512","2004586836","0.5"
"2018392829","2046040805","1.75"
"2046040805","2018392829","1.75"
"2018392829","2105492891","0.666667"
"2105492891","2018392829","0.666667"
"2018392829","2143354134","0.416667"
"2143354134","2018392829","0.416667"
"2018392829","2352641512","1.25"
"2352641512","2018392829","1.25"
"2046040805","2105492891","0.166667"
"2105492891","2046040805","0.166667"
"2046040805","2143354134","0.416667"
"2143354134","2046040805","0.416667"
"2046040805","2352641512","1.75"
"2352641512","2046040805","1.75"
"2105492891","2143354134","0.166667"
"2143354134","2105492891","0.166667"
"2105492891","2352641512","0.166667"
"2352641512","2105492891","0.166667"
"2143354134","2352641512","0.416667"
"2352641512","2143354134","0.416667"
"1978072939","2006840358","0.25"
"2006840358","1978072939","0.25"
"2006840358","2113263061","0.583333"
"2113263061","2006840358","0.583333"
"2006840358","2163257729","0.583333"
"2163257729","2006840358","0.583333"
"2006840358","2799072993","0.25"
"2799072993","2006840358","0.25"
"1978072939","2132262050","0.333333"
"2132262050","1978072939","0.333333"
"2132262050","2799072993","0.333333"
"2799072993","2132262050","0.333333"
"1985506576","2006840358","1"
"2006840358","1985506576","1"
"1985595632","2097429059","0.5"
"2097429059","1985595632","0.5"
"1985595632","2134587152","0.5"
"2134587152","1985595632","0.5"
"2006840358","2122637043","0.333333"
"2122637043","2006840358","0.333333"
"2006840358","2080368628","1"
"2080368628","2006840358","1"
"2006840358","2085779298","1"
"2085779298","2006840358","1"
"2018392829","2472565241","2.25"
"2472565241","2018392829","2.25"
"2046040805","2472565241","0.75"
"2472565241","2046040805","0.75"
"2143354134","2472565241","0.25"
"2472565241","2143354134","0.25"
"2352641512","2472565241","3.25"
"2472565241","2352641512","3.25"
"2018414565","2163080014","1"
"2163080014","2018414565","1"
"2070948668","2167247076","1"
"2167247076","2070948668","1"
"2103126151","2129889596","1"
"2129889596","2103126151","1"
"2129889596","2495165322","1"
"2495165322","2129889596","1"
"2132462705","2495165322","1"
"2495165322","2132462705","1"
"2134587152","2168856147","0.5"
"2168856147","2134587152","0.5"
"2167247076","2168856147","1"
"2168856147","2167247076","1"
"2196945619","2352641512","1.5"
"2352641512","2196945619","1.5"
"2196945619","2472565241","0.5"
"2472565241","2196945619","0.5"
