"120268299","1577072181","2.16667"
"1577072181","120268299","2.16667"
"120268299","2166933393","2.83333"
"2166933393","120268299","2.83333"
"120268299","2562836854","0.333333"
"2562836854","120268299","0.333333"
"1577072181","2166933393","3.5"
"2166933393","1577072181","3.5"
"1577072181","2562836854","1.5"
"2562836854","1577072181","1.5"
"2166933393","2562836854","3.58333"
"2562836854","2166933393","3.58333"
"120268299","1673310716","8.36667"
"1673310716","120268299","8.36667"
"120268299","2126751256","3.03333"
"2126751256","120268299","3.03333"
"1673310716","2126751256","318.017"
"2126751256","1673310716","318.017"
"1673310716","2166933393","118.233"
"2166933393","1673310716","118.233"
"2126751256","2166933393","21.3167"
"2166933393","2126751256","21.3167"
"1577072181","1673310716","36.1667"
"1673310716","1577072181","36.1667"
"120268299","1530595269","1.36667"
"1530595269","120268299","1.36667"
"120268299","1547566968","0.366667"
"1547566968","120268299","0.366667"
"120268299","2103851285","0.366667"
"2103851285","120268299","0.366667"
"120268299","2134008243","0.166667"
"2134008243","120268299","0.166667"
"1530595269","1547566968","3.86667"
"1547566968","1530595269","3.86667"
"1530595269","1673310716","189.117"
"1673310716","1530595269","189.117"
"1530595269","2103851285","0.866667"
"2103851285","1530595269","0.866667"
"1530595269","2126751256","15.5333"
"2126751256","1530595269","15.5333"
"1530595269","2134008243","3.08333"
"2134008243","1530595269","3.08333"
"1547566968","1673310716","84.6"
"1673310716","1547566968","84.6"
"1547566968","2103851285","2.18333"
"2103851285","1547566968","2.18333"
"1547566968","2126751256","12.7667"
"2126751256","1547566968","12.7667"
"1547566968","2134008243","1.16667"
"2134008243","1547566968","1.16667"
"1673310716","2103851285","21.0167"
"2103851285","1673310716","21.0167"
"1673310716","2134008243","77.1667"
"2134008243","1673310716","77.1667"
"2103851285","2126751256","4.18333"
"2126751256","2103851285","4.18333"
"2103851285","2134008243","0.166667"
"2134008243","2103851285","0.166667"
"2126751256","2134008243","7.16667"
"2134008243","2126751256","7.16667"
"120268299","2101616188","0.5"
"2101616188","120268299","0.5"
"1673310716","2101616188","34.6667"
"2101616188","1673310716","34.6667"
"120268299","2081980673","0.5"
"2081980673","120268299","0.5"
"1577072181","2081980673","0.5"
"2081980673","1577072181","0.5"
"1487180234","1530595269","0.333333"
"1530595269","1487180234","0.333333"
"1487180234","1673310716","0.333333"
"1673310716","1487180234","0.333333"
"1487180234","2126751256","0.333333"
"2126751256","1487180234","0.333333"
"1530595269","2166933393","7.5"
"2166933393","1530595269","7.5"
"1530595269","2101616188","6.33333"
"2101616188","1530595269","6.33333"
"1530595269","50951307","0.666667"
"50951307","1530595269","0.666667"
"1673310716","50951307","18.25"
"50951307","1673310716","18.25"
"2166933393","50951307","2.91667"
"50951307","2166933393","2.91667"
"2101616188","2166933393","1.83333"
"2166933393","2101616188","1.83333"
"1530595269","1577072181","2.5"
"1577072181","1530595269","2.5"
"1530595269","2562836854","4.66667"
"2562836854","1530595269","4.66667"
"1530595269","27394026","0.583333"
"27394026","1530595269","0.583333"
"2134008243","2562836854","3.08333"
"2562836854","2134008243","3.08333"
"2134008243","27394026","12.25"
"27394026","2134008243","12.25"
"2562836854","27394026","0.333333"
"27394026","2562836854","0.333333"
"2101616188","2562836854","2.83333"
"2562836854","2101616188","2.83333"
"1530595269","2030789203","0.333333"
"2030789203","1530595269","0.333333"
"1673310716","2030789203","0.333333"
"2030789203","1673310716","0.333333"
"2030789203","2134008243","0.333333"
"2134008243","2030789203","0.333333"
"1673310716","2562836854","348.417"
"2562836854","1673310716","348.417"
"2126751256","2562836854","15"
"2562836854","2126751256","15"
"1530595269","2102030701","0.25"
"2102030701","1530595269","0.25"
"1673310716","2102030701","0.916667"
"2102030701","1673310716","0.916667"
"1673310716","27394026","8.58333"
"27394026","1673310716","8.58333"
"2102030701","2134008243","2.91667"
"2134008243","2102030701","2.91667"
"2102030701","27394026","0.916667"
"27394026","2102030701","0.916667"
"2103851285","2166933393","3.9"
"2166933393","2103851285","3.9"
"1547566968","50951307","0.333333"
"50951307","1547566968","0.333333"
"2126751256","50951307","0.833333"
"50951307","2126751256","0.833333"
"1547566968","2101616188","2"
"2101616188","1547566968","2"
"1547566968","2166933393","1.9"
"2166933393","1547566968","1.9"
"1547566968","2332521218","0.4"
"2332521218","1547566968","0.4"
"1673310716","2332521218","2.9"
"2332521218","1673310716","2.9"
"2103851285","2332521218","3.9"
"2332521218","2103851285","3.9"
"2126751256","2332521218","0.4"
"2332521218","2126751256","0.4"
"2166933393","2332521218","0.4"
"2332521218","2166933393","0.4"
"1547566968","2562836854","4.91667"
"2562836854","1547566968","4.91667"
"2103851285","2562836854","0.583333"
"2562836854","2103851285","0.583333"
"1547566968","2740924709","0.5"
"2740924709","1547566968","0.5"
"1673310716","2740924709","63.25"
"2740924709","1673310716","63.25"
"2103851285","2740924709","0.5"
"2740924709","2103851285","0.5"
"2126751256","2740924709","12.25"
"2740924709","2126751256","12.25"
"2562836854","2740924709","6.75"
"2740924709","2562836854","6.75"
"1577072181","2103851285","1.33333"
"2103851285","1577072181","1.33333"
"1577072181","2126751256","4.91667"
"2126751256","1577072181","4.91667"
"1577072181","2101616188","9.16667"
"2101616188","1577072181","9.16667"
"2101616188","2126751256","1.41667"
"2126751256","2101616188","1.41667"
"1577072181","2098774097","2.5"
"2098774097","1577072181","2.5"
"1577072181","50951307","0.25"
"50951307","1577072181","0.25"
"2101616188","50951307","2.25"
"50951307","2101616188","2.25"
"1577072181","1587170344","0.5"
"1587170344","1577072181","0.5"
"1587170344","2098774097","1.80952"
"2098774097","1587170344","1.80952"
"1587170344","2139555631","15.8095"
"2139555631","1587170344","15.8095"
"1587170344","1673310716","1.5"
"1673310716","1587170344","1.5"
"1587170344","1599935123","0.309524"
"1599935123","1587170344","0.309524"
"1587170344","2028138297","0.142857"
"2028138297","1587170344","0.142857"
"1587170344","2074144322","1.30952"
"2074144322","1587170344","1.30952"
"1587170344","2081698422","1.30952"
"2081698422","1587170344","1.30952"
"1587170344","77873845","0.309524"
"77873845","1587170344","0.309524"
"1599935123","2028138297","0.142857"
"2028138297","1599935123","0.142857"
"1599935123","2074144322","1.30952"
"2074144322","1599935123","1.30952"
"1599935123","2081698422","0.309524"
"2081698422","1599935123","0.309524"
"1599935123","2098774097","0.309524"
"2098774097","1599935123","0.309524"
"1599935123","2139555631","0.309524"
"2139555631","1599935123","0.309524"
"1599935123","77873845","0.309524"
"77873845","1599935123","0.309524"
"2028138297","2074144322","2.14286"
"2074144322","2028138297","2.14286"
"2028138297","2081698422","0.142857"
"2081698422","2028138297","0.142857"
"2028138297","2098774097","0.142857"
"2098774097","2028138297","0.142857"
"2028138297","2139555631","0.142857"
"2139555631","2028138297","0.142857"
"2028138297","77873845","0.142857"
"77873845","2028138297","0.142857"
"2074144322","2081698422","0.309524"
"2081698422","2074144322","0.309524"
"2074144322","2098774097","4.80952"
"2098774097","2074144322","4.80952"
"2074144322","2139555631","0.809524"
"2139555631","2074144322","0.809524"
"2074144322","77873845","0.309524"
"77873845","2074144322","0.309524"
"2081698422","2098774097","0.309524"
"2098774097","2081698422","0.309524"
"2081698422","2139555631","0.309524"
"2139555631","2081698422","0.309524"
"2081698422","77873845","0.309524"
"77873845","2081698422","0.309524"
"2098774097","2139555631","4.80952"
"2139555631","2098774097","4.80952"
"2098774097","77873845","0.309524"
"77873845","2098774097","0.309524"
"2139555631","77873845","0.309524"
"77873845","2139555631","0.309524"
"1673310716","2139555631","0.5"
"2139555631","1673310716","0.5"
"1599935123","1673310716","1"
"1673310716","1599935123","1"
"1673310716","2081980673","9.83333"
"2081980673","1673310716","9.83333"
"1673310716","2088840018","1.25"
"2088840018","1673310716","1.25"
"2562836854","50951307","0.5"
"50951307","2562836854","0.5"
"1673310716","1967641500","2"
"1967641500","1673310716","2"
"1673310716","60288630","1"
"60288630","1673310716","1"
"2081980673","2126751256","1.83333"
"2126751256","2081980673","1.83333"
"2081980673","2166933393","2.33333"
"2166933393","2081980673","2.33333"
"1673310716","2167001375","0.583333"
"2167001375","1673310716","0.583333"
"2102030701","2167001375","3.33333"
"2167001375","2102030701","3.33333"
"2134008243","2167001375","4.08333"
"2167001375","2134008243","4.08333"
"2088840018","2134008243","5.91667"
"2134008243","2088840018","5.91667"
"2088840018","2167001375","1.41667"
"2167001375","2088840018","1.41667"
"2088840018","2562836854","0.25"
"2562836854","2088840018","0.25"
"2167001375","2562836854","0.25"
"2562836854","2167001375","0.25"
"2166933393","2740924709","0.75"
"2740924709","2166933393","0.75"
"1956634061","2171789864","2"
"2171789864","1956634061","2"
"2081980673","2134008243","1"
"2134008243","2081980673","1"
"2081980673","2740924709","2"
"2740924709","2081980673","2"
"2088840018","2775649878","0.5"
"2775649878","2088840018","0.5"
"2134008243","2775649878","0.5"
"2775649878","2134008243","0.5"
"2088840018","2102030701","0.666667"
"2102030701","2088840018","0.666667"
"2167001375","27394026","0.333333"
"27394026","2167001375","0.333333"
"2134008243","2738273842","1"
"2738273842","2134008243","1"
"2134008243","2740924709","1"
"2740924709","2134008243","1"
