"105088475","129772754","0.0666667"
"129772754","105088475","0.0666667"
"105088475","1532065956","0.0666667"
"1532065956","105088475","0.0666667"
"105088475","1548104478","0.0666667"
"1548104478","105088475","0.0666667"
"105088475","1550349175","0.0666667"
"1550349175","105088475","0.0666667"
"105088475","1551855530","0.166667"
"1551855530","105088475","0.166667"
"105088475","1585513271","0.0666667"
"1585513271","105088475","0.0666667"
"105088475","1592767064","0.166667"
"1592767064","105088475","0.166667"
"105088475","1868766624","0.0666667"
"1868766624","105088475","0.0666667"
"105088475","1986788962","0.0666667"
"1986788962","105088475","0.0666667"
"105088475","1998449509","0.0666667"
"1998449509","105088475","0.0666667"
"105088475","2067620714","0.0666667"
"2067620714","105088475","0.0666667"
"105088475","2098964401","0.0666667"
"2098964401","105088475","0.0666667"
"105088475","2111498367","0.0666667"
"2111498367","105088475","0.0666667"
"105088475","2127772210","0.0666667"
"2127772210","105088475","0.0666667"
"105088475","2758479909","0.0666667"
"2758479909","105088475","0.0666667"
"129772754","1532065956","0.0666667"
"1532065956","129772754","0.0666667"
"129772754","1548104478","10.277"
"1548104478","129772754","10.277"
"129772754","1550349175","1.16587"
"1550349175","129772754","1.16587"
"129772754","1551855530","3.14087"
"1551855530","129772754","3.14087"
"129772754","1585513271","0.20719"
"1585513271","129772754","0.20719"
"129772754","1592767064","4.0123"
"1592767064","129772754","4.0123"
"129772754","1868766624","0.6"
"1868766624","129772754","0.6"
"129772754","1986788962","1.52584"
"1986788962","129772754","1.52584"
"129772754","1998449509","3.40917"
"1998449509","129772754","3.40917"
"129772754","2067620714","0.511111"
"2067620714","129772754","0.511111"
"129772754","2098964401","1.17778"
"2098964401","129772754","1.17778"
"129772754","2111498367","0.33219"
"2111498367","129772754","0.33219"
"129772754","2127772210","0.508333"
"2127772210","129772754","0.508333"
"129772754","2758479909","0.0666667"
"2758479909","129772754","0.0666667"
"1532065956","1548104478","1.15"
"1548104478","1532065956","1.15"
"1532065956","1550349175","0.0666667"
"1550349175","1532065956","0.0666667"
"1532065956","1551855530","0.0666667"
"1551855530","1532065956","0.0666667"
"1532065956","1585513271","0.0666667"
"1585513271","1532065956","0.0666667"
"1532065956","1592767064","0.0666667"
"1592767064","1532065956","0.0666667"
"1532065956","1868766624","0.65"
"1868766624","1532065956","0.65"
"1532065956","1986788962","0.0666667"
"1986788962","1532065956","0.0666667"
"1532065956","1998449509","0.0666667"
"1998449509","1532065956","0.0666667"
"1532065956","2067620714","0.0666667"
"2067620714","1532065956","0.0666667"
"1532065956","2098964401","0.0666667"
"2098964401","1532065956","0.0666667"
"1532065956","2111498367","0.0666667"
"2111498367","1532065956","0.0666667"
"1532065956","2127772210","2.15"
"2127772210","1532065956","2.15"
"1532065956","2758479909","0.0666667"
"2758479909","1532065956","0.0666667"
"1548104478","1550349175","4.65247"
"1550349175","1548104478","4.65247"
"1548104478","1551855530","4.95569"
"1551855530","1548104478","4.95569"
"1548104478","1585513271","0.177778"
"1585513271","1548104478","0.177778"
"1548104478","1592767064","1.64603"
"1592767064","1548104478","1.64603"
"1548104478","1868766624","0.65"
"1868766624","1548104478","0.65"
"1548104478","1986788962","0.292157"
"1986788962","1548104478","0.292157"
"1548104478","1998449509","1.03148"
"1998449509","1548104478","1.03148"
"1548104478","2067620714","0.177778"
"2067620714","1548104478","0.177778"
"1548104478","2098964401","0.379798"
"2098964401","1548104478","0.379798"
"1548104478","2111498367","1.5123"
"2111498367","1548104478","1.5123"
"1548104478","2127772210","2.33382"
"2127772210","1548104478","2.33382"
"1548104478","2758479909","0.0666667"
"2758479909","1548104478","0.0666667"
"1550349175","1551855530","3.70803"
"1551855530","1550349175","3.70803"
"1550349175","1585513271","0.0666667"
"1585513271","1550349175","0.0666667"
"1550349175","1592767064","0.249206"
"1592767064","1550349175","0.249206"
"1550349175","1868766624","0.0666667"
"1868766624","1550349175","0.0666667"
"1550349175","1986788962","0.12549"
"1986788962","1550349175","0.12549"
"1550349175","1998449509","0.236601"
"1998449509","1550349175","0.236601"
"1550349175","2067620714","0.177778"
"2067620714","1550349175","0.177778"
"1550349175","2098964401","0.177778"
"2098964401","1550349175","0.177778"
"1550349175","2111498367","0.133333"
"2111498367","1550349175","0.133333"
"1550349175","2127772210","0.87549"
"2127772210","1550349175","0.87549"
"1550349175","2758479909","0.0666667"
"2758479909","1550349175","0.0666667"
"1551855530","1585513271","0.177778"
"1585513271","1551855530","0.177778"
"1551855530","1592767064","1.34484"
"1592767064","1551855530","1.34484"
"1551855530","1868766624","0.0666667"
"1868766624","1551855530","0.0666667"
"1551855530","1986788962","0.858824"
"1986788962","1551855530","0.858824"
"1551855530","1998449509","0.505288"
"1998449509","1551855530","0.505288"
"1551855530","2067620714","0.4"
"2067620714","1551855530","0.4"
"1551855530","2098964401","0.268687"
"2098964401","1551855530","0.268687"
"1551855530","2111498367","0.512302"
"2111498367","1551855530","0.512302"
"1551855530","2127772210","1.01716"
"2127772210","1551855530","1.01716"
"1551855530","2758479909","0.0666667"
"2758479909","1551855530","0.0666667"
"1585513271","1592767064","0.677778"
"1592767064","1585513271","0.677778"
"1585513271","1868766624","0.0666667"
"1868766624","1585513271","0.0666667"
"1585513271","1986788962","0.0960784"
"1986788962","1585513271","0.0960784"
"1585513271","1998449509","0.0960784"
"1998449509","1585513271","0.0960784"
"1585513271","2067620714","0.0666667"
"2067620714","1585513271","0.0666667"
"1585513271","2098964401","0.0666667"
"2098964401","1585513271","0.0666667"
"1585513271","2111498367","0.20719"
"2111498367","1585513271","0.20719"
"1585513271","2127772210","0.0666667"
"2127772210","1585513271","0.0666667"
"1585513271","2758479909","0.0666667"
"2758479909","1585513271","0.0666667"
"1592767064","1868766624","0.0666667"
"1868766624","1592767064","0.0666667"
"1592767064","1986788962","0.405952"
"1986788962","1592767064","0.405952"
"1592767064","1998449509","2.59325"
"1998449509","1592767064","2.59325"
"1592767064","2067620714","0.0666667"
"2067620714","1592767064","0.0666667"
"1592767064","2098964401","0.0666667"
"2098964401","1592767064","0.0666667"
"1592767064","2111498367","0.945635"
"2111498367","1592767064","0.945635"
"1592767064","2127772210","0.391667"
"2127772210","1592767064","0.391667"
"1592767064","2758479909","0.0666667"
"2758479909","1592767064","0.0666667"
"1868766624","1986788962","0.0666667"
"1986788962","1868766624","0.0666667"
"1868766624","1998449509","0.6"
"1998449509","1868766624","0.6"
"1868766624","2067620714","0.0666667"
"2067620714","1868766624","0.0666667"
"1868766624","2098964401","0.0666667"
"2098964401","1868766624","0.0666667"
"1868766624","2111498367","0.0666667"
"2111498367","1868766624","0.0666667"
"1868766624","2127772210","0.65"
"2127772210","1868766624","0.65"
"1868766624","2758479909","0.0666667"
"2758479909","1868766624","0.0666667"
"1986788962","1998449509","1.06085"
"1998449509","1986788962","1.06085"
"1986788962","2067620714","0.4"
"2067620714","1986788962","0.4"
"1986788962","2098964401","0.0666667"
"2098964401","1986788962","0.0666667"
"1986788962","2111498367","0.0960784"
"2111498367","1986788962","0.0960784"
"1986788962","2127772210","0.192157"
"2127772210","1986788962","0.192157"
"1986788962","2758479909","0.0666667"
"2758479909","1986788962","0.0666667"
"1998449509","2067620714","0.0666667"
"2067620714","1998449509","0.0666667"
"1998449509","2098964401","0.268687"
"2098964401","1998449509","0.268687"
"1998449509","2111498367","0.0960784"
"2111498367","1998449509","0.0960784"
"1998449509","2127772210","0.192157"
"2127772210","1998449509","0.192157"
"1998449509","2758479909","0.0666667"
"2758479909","1998449509","0.0666667"
"2067620714","2098964401","0.177778"
"2098964401","2067620714","0.177778"
"2067620714","2111498367","0.0666667"
"2111498367","2067620714","0.0666667"
"2067620714","2127772210","0.0666667"
"2127772210","2067620714","0.0666667"
"2067620714","2758479909","0.0666667"
"2758479909","2067620714","0.0666667"
"2098964401","2111498367","0.0666667"
"2111498367","2098964401","0.0666667"
"2098964401","2127772210","2.06667"
"2127772210","2098964401","2.06667"
"2098964401","2758479909","0.0666667"
"2758479909","2098964401","0.0666667"
"2111498367","2127772210","0.191667"
"2127772210","2111498367","0.191667"
"2111498367","2758479909","0.0666667"
"2758479909","2111498367","0.0666667"
"2127772210","2758479909","0.0666667"
"2758479909","2127772210","0.0666667"
"105088475","1530004358","0.1"
"1530004358","105088475","0.1"
"105088475","1560978096","0.1"
"1560978096","105088475","0.1"
"105088475","1585974897","0.1"
"1585974897","105088475","0.1"
"105088475","172126548","0.1"
"172126548","105088475","0.1"
"105088475","174929247","0.1"
"174929247","105088475","0.1"
"105088475","2002619357","0.1"
"2002619357","105088475","0.1"
"105088475","2033472483","0.1"
"2033472483","105088475","0.1"
"105088475","2107972420","0.1"
"2107972420","105088475","0.1"
"1530004358","1551855530","0.1"
"1551855530","1530004358","0.1"
"1530004358","1560978096","0.35"
"1560978096","1530004358","0.35"
"1530004358","1585974897","0.171429"
"1585974897","1530004358","0.171429"
"1530004358","1592767064","2.20476"
"1592767064","1530004358","2.20476"
"1530004358","172126548","1.93333"
"172126548","1530004358","1.93333"
"1530004358","174929247","0.504762"
"174929247","1530004358","0.504762"
"1530004358","2002619357","0.1"
"2002619357","1530004358","0.1"
"1530004358","2033472483","2.20476"
"2033472483","1530004358","2.20476"
"1530004358","2107972420","2.5381"
"2107972420","1530004358","2.5381"
"1551855530","1560978096","1.46111"
"1560978096","1551855530","1.46111"
"1551855530","1585974897","1.42271"
"1585974897","1551855530","1.42271"
"1551855530","172126548","0.1"
"172126548","1551855530","0.1"
"1551855530","174929247","4.36636"
"174929247","1551855530","4.36636"
"1551855530","2002619357","0.1"
"2002619357","1551855530","0.1"
"1551855530","2033472483","4.62262"
"2033472483","1551855530","4.62262"
"1551855530","2107972420","0.1"
"2107972420","1551855530","0.1"
"1560978096","1585974897","0.742857"
"1585974897","1560978096","0.742857"
"1560978096","1592767064","1.3873"
"1592767064","1560978096","1.3873"
"1560978096","172126548","0.683333"
"172126548","1560978096","0.683333"
"1560978096","174929247","6.16667"
"174929247","1560978096","6.16667"
"1560978096","2002619357","0.1"
"2002619357","1560978096","0.1"
"1560978096","2033472483","2.71508"
"2033472483","1560978096","2.71508"
"1560978096","2107972420","0.1"
"2107972420","1560978096","0.1"
"1585974897","1592767064","1.94325"
"1592767064","1585974897","1.94325"
"1585974897","172126548","0.1"
"172126548","1585974897","0.1"
"1585974897","174929247","1.0497"
"174929247","1585974897","1.0497"
"1585974897","2002619357","0.1"
"2002619357","1585974897","0.1"
"1585974897","2033472483","4.3877"
"2033472483","1585974897","4.3877"
"1585974897","2107972420","0.171429"
"2107972420","1585974897","0.171429"
"1592767064","172126548","1.51667"
"172126548","1592767064","1.51667"
"1592767064","174929247","6.90397"
"174929247","1592767064","6.90397"
"1592767064","2002619357","0.1"
"2002619357","1592767064","0.1"
"1592767064","2033472483","28.977"
"2033472483","1592767064","28.977"
"1592767064","2107972420","3.0381"
"2107972420","1592767064","3.0381"
"172126548","174929247","0.933333"
"174929247","172126548","0.933333"
"172126548","2002619357","0.1"
"2002619357","172126548","0.1"
"172126548","2033472483","6.51667"
"2033472483","172126548","6.51667"
"172126548","2107972420","0.683333"
"2107972420","172126548","0.683333"
"174929247","2002619357","0.1"
"2002619357","174929247","0.1"
"174929247","2033472483","12.5373"
"2033472483","174929247","12.5373"
"174929247","2107972420","0.504762"
"2107972420","174929247","0.504762"
"2002619357","2033472483","0.1"
"2033472483","2002619357","0.1"
"2002619357","2107972420","0.1"
"2107972420","2002619357","0.1"
"2033472483","2107972420","3.5381"
"2107972420","2033472483","3.5381"
"106867588","2116365436","1.5"
"2116365436","106867588","1.5"
"106867588","2146291210","0.5"
"2146291210","106867588","0.5"
"2116365436","2146291210","0.5"
"2146291210","2116365436","0.5"
"129772754","174929247","7.10952"
"174929247","129772754","7.10952"
"129772754","1560978096","2.50163"
"1560978096","129772754","2.50163"
"129772754","1594593470","0.7"
"1594593470","129772754","0.7"
"129772754","2137213577","1.72698"
"2137213577","129772754","1.72698"
"1560978096","1594593470","0.7"
"1594593470","1560978096","0.7"
"1560978096","1868766624","0.2"
"1868766624","1560978096","0.2"
"1560978096","1998449509","1.28894"
"1998449509","1560978096","1.28894"
"1560978096","2137213577","1.74841"
"2137213577","1560978096","1.74841"
"1594593470","1868766624","0.2"
"1868766624","1594593470","0.2"
"1594593470","1998449509","0.2"
"1998449509","1594593470","0.2"
"1594593470","2137213577","0.2"
"2137213577","1594593470","0.2"
"1868766624","2137213577","0.2"
"2137213577","1868766624","0.2"
"1998449509","2137213577","1.4254"
"2137213577","1998449509","1.4254"
"129772754","2033472483","3.85675"
"2033472483","129772754","3.85675"
"129772754","78596176","2.98333"
"78596176","129772754","2.98333"
"2033472483","78596176","0.5"
"78596176","2033472483","0.5"
"129772754","2065612125","10.9655"
"2065612125","129772754","10.9655"
"129772754","2135366251","0.833333"
"2135366251","129772754","0.833333"
"1551855530","2065612125","3.1664"
"2065612125","1551855530","3.1664"
"1551855530","2135366251","0.4"
"2135366251","1551855530","0.4"
"2065612125","2135366251","0.833333"
"2135366251","2065612125","0.833333"
"129772754","2088094238","0.529412"
"2088094238","129772754","0.529412"
"129772754","2096061688","0.596078"
"2096061688","129772754","0.596078"
"2088094238","2096061688","0.779412"
"2096061688","2088094238","0.779412"
"129772754","172126548","2.25"
"172126548","129772754","2.25"
"129772754","2026295439","1.02941"
"2026295439","129772754","1.02941"
"2065612125","2098964401","1.20202"
"2098964401","2065612125","1.20202"
"1986788962","2137213577","0.714286"
"2137213577","1986788962","0.714286"
"2067620714","2137213577","0.777778"
"2137213577","2067620714","0.777778"
"129772754","1530004358","0.988095"
"1530004358","129772754","0.988095"
"129772754","2107972420","0.738095"
"2107972420","129772754","0.738095"
"1530004358","1548104478","0.333333"
"1548104478","1530004358","0.333333"
"1548104478","2107972420","0.333333"
"2107972420","1548104478","0.333333"
"129772754","2002619357","0.333333"
"2002619357","129772754","0.333333"
"1548104478","2002619357","0.333333"
"2002619357","1548104478","0.333333"
"1548104478","78596176","1.5664"
"78596176","1548104478","1.5664"
"2002619357","78596176","0.333333"
"78596176","2002619357","0.333333"
"1551855530","2137213577","1.25556"
"2137213577","1551855530","1.25556"
"1560978096","2065612125","3.50005"
"2065612125","1560978096","3.50005"
"174929247","2065612125","2.2116"
"2065612125","174929247","2.2116"
"174929247","2137213577","0.521429"
"2137213577","174929247","0.521429"
"2065612125","2137213577","1.31508"
"2137213577","2065612125","1.31508"
"129772754","2107689334","2.2"
"2107689334","129772754","2.2"
"129772754","2096709111","0.75084"
"2096709111","129772754","0.75084"
"129772754","2149677686","0.491667"
"2149677686","129772754","0.491667"
"1592767064","2065612125","2.86627"
"2065612125","1592767064","2.86627"
"1592767064","2096709111","6.53373"
"2096709111","1592767064","6.53373"
"1592767064","2149677686","0.291667"
"2149677686","1592767064","0.291667"
"174929247","1986788962","0.588585"
"1986788962","174929247","0.588585"
"174929247","1998449509","1.63303"
"1998449509","174929247","1.63303"
"174929247","2096709111","1.85754"
"2096709111","174929247","1.85754"
"174929247","2149677686","0.691667"
"2149677686","174929247","0.691667"
"1986788962","2033472483","1.17262"
"2033472483","1986788962","1.17262"
"1986788962","2065612125","2.42276"
"2065612125","1986788962","2.42276"
"1986788962","2096709111","0.154412"
"2096709111","1986788962","0.154412"
"1986788962","2149677686","0.125"
"2149677686","1986788962","0.125"
"1998449509","2033472483","10.421"
"2033472483","1998449509","10.421"
"1998449509","2065612125","3.56208"
"2065612125","1998449509","3.56208"
"1998449509","2096709111","0.867543"
"2096709111","1998449509","0.867543"
"1998449509","2149677686","0.325"
"2149677686","1998449509","0.325"
"2033472483","2065612125","5.27738"
"2065612125","2033472483","5.27738"
"2033472483","2096709111","5.97817"
"2096709111","2033472483","5.97817"
"2033472483","2149677686","0.558333"
"2149677686","2033472483","0.558333"
"2065612125","2096709111","1.36754"
"2096709111","2065612125","1.36754"
"2065612125","2149677686","0.525"
"2149677686","2065612125","0.525"
"2096709111","2149677686","0.191667"
"2149677686","2096709111","0.191667"
"129772754","1585974897","1.1131"
"1585974897","129772754","1.1131"
"1548104478","1585974897","1.21557"
"1585974897","1548104478","1.21557"
"1548104478","2065612125","2.54259"
"2065612125","1548104478","2.54259"
"1585974897","1998449509","0.888189"
"1998449509","1585974897","0.888189"
"1585974897","2065612125","1.23343"
"2065612125","1585974897","1.23343"
"129772754","2102573302","0.333333"
"2102573302","129772754","0.333333"
"1560978096","2102573302","0.333333"
"2102573302","1560978096","0.333333"
"172126548","2102573302","0.333333"
"2102573302","172126548","0.333333"
"129772754","1498706839","0.0294118"
"1498706839","129772754","0.0294118"
"129772754","1541480617","0.529412"
"1541480617","129772754","0.529412"
"129772754","1602389811","0.0960784"
"1602389811","129772754","0.0960784"
"129772754","1608893741","0.0294118"
"1608893741","129772754","0.0294118"
"129772754","1633760438","0.10084"
"1633760438","129772754","0.10084"
"129772754","2008797207","0.0294118"
"2008797207","129772754","0.0294118"
"129772754","2018592538","0.140523"
"2018592538","129772754","0.140523"
"129772754","2023473991","0.792507"
"2023473991","129772754","0.792507"
"129772754","2048703685","1.52941"
"2048703685","129772754","1.52941"
"129772754","2055076751","0.0294118"
"2055076751","129772754","0.0294118"
"129772754","2079289205","0.0294118"
"2079289205","129772754","0.0294118"
"129772754","2097999795","0.0294118"
"2097999795","129772754","0.0294118"
"129772754","2109871100","0.0294118"
"2109871100","129772754","0.0294118"
"129772754","2112275759","0.35084"
"2112275759","129772754","0.35084"
"129772754","2133682331","0.0960784"
"2133682331","129772754","0.0960784"
"129772754","2148546221","0.0294118"
"2148546221","129772754","0.0294118"
"129772754","2150534441","0.0294118"
"2150534441","129772754","0.0294118"
"129772754","2155230253","0.529412"
"2155230253","129772754","0.529412"
"129772754","2161264592","0.0294118"
"2161264592","129772754","0.0294118"
"129772754","2167136686","0.292507"
"2167136686","129772754","0.292507"
"129772754","2278303154","0.0294118"
"2278303154","129772754","0.0294118"
"129772754","2398669309","0.10084"
"2398669309","129772754","0.10084"
"129772754","336564149","0.267507"
"336564149","129772754","0.267507"
"129772754","44450342","0.0294118"
"44450342","129772754","0.0294118"
"1498706839","1541480617","0.0294118"
"1541480617","1498706839","0.0294118"
"1498706839","1560978096","0.0294118"
"1560978096","1498706839","0.0294118"
"1498706839","1585513271","0.0294118"
"1585513271","1498706839","0.0294118"
"1498706839","1602389811","0.0294118"
"1602389811","1498706839","0.0294118"
"1498706839","1608893741","0.0294118"
"1608893741","1498706839","0.0294118"
"1498706839","1633760438","0.0294118"
"1633760438","1498706839","0.0294118"
"1498706839","1986788962","0.0294118"
"1986788962","1498706839","0.0294118"
"1498706839","1998449509","0.0294118"
"1998449509","1498706839","0.0294118"
"1498706839","2008797207","0.0294118"
"2008797207","1498706839","0.0294118"
"1498706839","2018592538","0.0294118"
"2018592538","1498706839","0.0294118"
"1498706839","2023473991","0.0294118"
"2023473991","1498706839","0.0294118"
"1498706839","2026295439","0.0294118"
"2026295439","1498706839","0.0294118"
"1498706839","2048703685","0.0294118"
"2048703685","1498706839","0.0294118"
"1498706839","2055076751","0.0294118"
"2055076751","1498706839","0.0294118"
"1498706839","2065612125","0.0294118"
"2065612125","1498706839","0.0294118"
"1498706839","2079289205","0.0294118"
"2079289205","1498706839","0.0294118"
"1498706839","2088094238","0.0294118"
"2088094238","1498706839","0.0294118"
"1498706839","2096061688","0.0294118"
"2096061688","1498706839","0.0294118"
"1498706839","2096709111","0.172269"
"2096709111","1498706839","0.172269"
"1498706839","2097999795","0.0294118"
"2097999795","1498706839","0.0294118"
"1498706839","2109871100","0.0294118"
"2109871100","1498706839","0.0294118"
"1498706839","2111498367","0.672269"
"2111498367","1498706839","0.672269"
"1498706839","2112275759","0.0294118"
"2112275759","1498706839","0.0294118"
"1498706839","2133682331","0.0294118"
"2133682331","1498706839","0.0294118"
"1498706839","2148546221","0.0294118"
"2148546221","1498706839","0.0294118"
"1498706839","2150534441","0.0294118"
"2150534441","1498706839","0.0294118"
"1498706839","2155230253","0.172269"
"2155230253","1498706839","0.172269"
"1498706839","2161264592","0.0294118"
"2161264592","1498706839","0.0294118"
"1498706839","2167136686","0.0294118"
"2167136686","1498706839","0.0294118"
"1498706839","2278303154","0.0294118"
"2278303154","1498706839","0.0294118"
"1498706839","2398669309","0.0294118"
"2398669309","1498706839","0.0294118"
"1498706839","336564149","0.0294118"
"336564149","1498706839","0.0294118"
"1498706839","44450342","0.0294118"
"44450342","1498706839","0.0294118"
"1541480617","1560978096","1.02941"
"1560978096","1541480617","1.02941"
"1541480617","1585513271","0.0294118"
"1585513271","1541480617","0.0294118"
"1541480617","1602389811","0.0294118"
"1602389811","1541480617","0.0294118"
"1541480617","1608893741","0.0294118"
"1608893741","1541480617","0.0294118"
"1541480617","1633760438","0.0294118"
"1633760438","1541480617","0.0294118"
"1541480617","1986788962","0.0294118"
"1986788962","1541480617","0.0294118"
"1541480617","1998449509","0.0294118"
"1998449509","1541480617","0.0294118"
"1541480617","2008797207","0.0294118"
"2008797207","1541480617","0.0294118"
"1541480617","2018592538","0.0294118"
"2018592538","1541480617","0.0294118"
"1541480617","2023473991","0.529412"
"2023473991","1541480617","0.529412"
"1541480617","2026295439","0.0294118"
"2026295439","1541480617","0.0294118"
"1541480617","2048703685","0.0294118"
"2048703685","1541480617","0.0294118"
"1541480617","2055076751","0.0294118"
"2055076751","1541480617","0.0294118"
"1541480617","2065612125","0.0294118"
"2065612125","1541480617","0.0294118"
"1541480617","2079289205","0.0294118"
"2079289205","1541480617","0.0294118"
"1541480617","2088094238","0.0294118"
"2088094238","1541480617","0.0294118"
"1541480617","2096061688","0.0294118"
"2096061688","1541480617","0.0294118"
"1541480617","2096709111","0.0294118"
"2096709111","1541480617","0.0294118"
"1541480617","2097999795","0.0294118"
"2097999795","1541480617","0.0294118"
"1541480617","2109871100","0.0294118"
"2109871100","1541480617","0.0294118"
"1541480617","2111498367","0.0294118"
"2111498367","1541480617","0.0294118"
"1541480617","2112275759","0.0294118"
"2112275759","1541480617","0.0294118"
"1541480617","2133682331","0.0294118"
"2133682331","1541480617","0.0294118"
"1541480617","2148546221","0.0294118"
"2148546221","1541480617","0.0294118"
"1541480617","2150534441","0.0294118"
"2150534441","1541480617","0.0294118"
"1541480617","2155230253","0.0294118"
"2155230253","1541480617","0.0294118"
"1541480617","2161264592","0.0294118"
"2161264592","1541480617","0.0294118"
"1541480617","2167136686","0.0294118"
"2167136686","1541480617","0.0294118"
"1541480617","2278303154","0.0294118"
"2278303154","1541480617","0.0294118"
"1541480617","2398669309","0.0294118"
"2398669309","1541480617","0.0294118"
"1541480617","336564149","0.0294118"
"336564149","1541480617","0.0294118"
"1541480617","44450342","0.0294118"
"44450342","1541480617","0.0294118"
"1560978096","1585513271","0.140523"
"1585513271","1560978096","0.140523"
"1560978096","1602389811","0.0960784"
"1602389811","1560978096","0.0960784"
"1560978096","1608893741","0.0294118"
"1608893741","1560978096","0.0294118"
"1560978096","1633760438","0.0294118"
"1633760438","1560978096","0.0294118"
"1560978096","1986788962","1.23894"
"1986788962","1560978096","1.23894"
"1560978096","2008797207","0.0294118"
"2008797207","1560978096","0.0294118"
"1560978096","2018592538","0.140523"
"2018592538","1560978096","0.140523"
"1560978096","2023473991","0.0960784"
"2023473991","1560978096","0.0960784"
"1560978096","2026295439","0.0294118"
"2026295439","1560978096","0.0294118"
"1560978096","2048703685","0.0294118"
"2048703685","1560978096","0.0294118"
"1560978096","2055076751","0.0960784"
"2055076751","1560978096","0.0960784"
"1560978096","2079289205","0.0294118"
"2079289205","1560978096","0.0294118"
"1560978096","2088094238","0.0294118"
"2088094238","1560978096","0.0294118"
"1560978096","2096061688","0.162745"
"2096061688","1560978096","0.162745"
"1560978096","2096709111","0.0960784"
"2096709111","1560978096","0.0960784"
"1560978096","2097999795","0.0960784"
"2097999795","1560978096","0.0960784"
"1560978096","2109871100","0.0294118"
"2109871100","1560978096","0.0294118"
"1560978096","2111498367","0.20719"
"2111498367","1560978096","0.20719"
"1560978096","2112275759","0.0294118"
"2112275759","1560978096","0.0294118"
"1560978096","2133682331","0.0960784"
"2133682331","1560978096","0.0960784"
"1560978096","2148546221","0.0960784"
"2148546221","1560978096","0.0960784"
"1560978096","2150534441","0.0294118"
"2150534441","1560978096","0.0294118"
"1560978096","2155230253","0.0294118"
"2155230253","1560978096","0.0294118"
"1560978096","2161264592","0.0294118"
"2161264592","1560978096","0.0294118"
"1560978096","2167136686","0.162745"
"2167136686","1560978096","0.162745"
"1560978096","2278303154","0.0294118"
"2278303154","1560978096","0.0294118"
"1560978096","2398669309","0.0294118"
"2398669309","1560978096","0.0294118"
"1560978096","336564149","0.0294118"
"336564149","1560978096","0.0294118"
"1560978096","44450342","0.0294118"
"44450342","1560978096","0.0294118"
"1585513271","1602389811","0.0294118"
"1602389811","1585513271","0.0294118"
"1585513271","1608893741","0.0294118"
"1608893741","1585513271","0.0294118"
"1585513271","1633760438","0.0294118"
"1633760438","1585513271","0.0294118"
"1585513271","2008797207","0.0294118"
"2008797207","1585513271","0.0294118"
"1585513271","2018592538","0.0294118"
"2018592538","1585513271","0.0294118"
"1585513271","2023473991","0.0294118"
"2023473991","1585513271","0.0294118"
"1585513271","2026295439","0.0294118"
"2026295439","1585513271","0.0294118"
"1585513271","2048703685","0.0294118"
"2048703685","1585513271","0.0294118"
"1585513271","2055076751","0.0294118"
"2055076751","1585513271","0.0294118"
"1585513271","2065612125","0.140523"
"2065612125","1585513271","0.140523"
"1585513271","2079289205","0.0294118"
"2079289205","1585513271","0.0294118"
"1585513271","2088094238","0.0294118"
"2088094238","1585513271","0.0294118"
"1585513271","2096061688","0.0294118"
"2096061688","1585513271","0.0294118"
"1585513271","2096709111","0.0294118"
"2096709111","1585513271","0.0294118"
"1585513271","2097999795","0.0294118"
"2097999795","1585513271","0.0294118"
"1585513271","2109871100","0.0294118"
"2109871100","1585513271","0.0294118"
"1585513271","2112275759","0.0294118"
"2112275759","1585513271","0.0294118"
"1585513271","2133682331","0.0294118"
"2133682331","1585513271","0.0294118"
"1585513271","2148546221","0.0294118"
"2148546221","1585513271","0.0294118"
"1585513271","2150534441","0.0294118"
"2150534441","1585513271","0.0294118"
"1585513271","2155230253","0.0294118"
"2155230253","1585513271","0.0294118"
"1585513271","2161264592","0.0294118"
"2161264592","1585513271","0.0294118"
"1585513271","2167136686","0.0294118"
"2167136686","1585513271","0.0294118"
"1585513271","2278303154","0.0294118"
"2278303154","1585513271","0.0294118"
"1585513271","2398669309","0.0294118"
"2398669309","1585513271","0.0294118"
"1585513271","336564149","0.0294118"
"336564149","1585513271","0.0294118"
"1585513271","44450342","0.0294118"
"44450342","1585513271","0.0294118"
"1602389811","1608893741","0.0294118"
"1608893741","1602389811","0.0294118"
"1602389811","1633760438","0.0294118"
"1633760438","1602389811","0.0294118"
"1602389811","1986788962","0.0960784"
"1986788962","1602389811","0.0960784"
"1602389811","1998449509","0.0960784"
"1998449509","1602389811","0.0960784"
"1602389811","2008797207","0.0294118"
"2008797207","1602389811","0.0294118"
"1602389811","2018592538","0.0294118"
"2018592538","1602389811","0.0294118"
"1602389811","2023473991","0.0960784"
"2023473991","1602389811","0.0960784"
"1602389811","2026295439","0.0294118"
"2026295439","1602389811","0.0294118"
"1602389811","2048703685","0.0294118"
"2048703685","1602389811","0.0294118"
"1602389811","2055076751","0.0294118"
"2055076751","1602389811","0.0294118"
"1602389811","2065612125","0.0960784"
"2065612125","1602389811","0.0960784"
"1602389811","2079289205","0.0294118"
"2079289205","1602389811","0.0294118"
"1602389811","2088094238","0.0294118"
"2088094238","1602389811","0.0294118"
"1602389811","2096061688","0.0960784"
"2096061688","1602389811","0.0960784"
"1602389811","2096709111","0.0294118"
"2096709111","1602389811","0.0294118"
"1602389811","2097999795","0.0294118"
"2097999795","1602389811","0.0294118"
"1602389811","2109871100","0.0294118"
"2109871100","1602389811","0.0294118"
"1602389811","2111498367","0.0294118"
"2111498367","1602389811","0.0294118"
"1602389811","2112275759","0.0294118"
"2112275759","1602389811","0.0294118"
"1602389811","2133682331","0.0960784"
"2133682331","1602389811","0.0960784"
"1602389811","2148546221","0.0294118"
"2148546221","1602389811","0.0294118"
"1602389811","2150534441","0.0294118"
"2150534441","1602389811","0.0294118"
"1602389811","2155230253","0.0294118"
"2155230253","1602389811","0.0294118"
"1602389811","2161264592","0.0294118"
"2161264592","1602389811","0.0294118"
"1602389811","2167136686","0.0960784"
"2167136686","1602389811","0.0960784"
"1602389811","2278303154","0.0294118"
"2278303154","1602389811","0.0294118"
"1602389811","2398669309","0.0294118"
"2398669309","1602389811","0.0294118"
"1602389811","336564149","0.0294118"
"336564149","1602389811","0.0294118"
"1602389811","44450342","0.0294118"
"44450342","1602389811","0.0294118"
"1608893741","1633760438","0.0294118"
"1633760438","1608893741","0.0294118"
"1608893741","1986788962","0.0294118"
"1986788962","1608893741","0.0294118"
"1608893741","1998449509","0.0294118"
"1998449509","1608893741","0.0294118"
"1608893741","2008797207","0.0294118"
"2008797207","1608893741","0.0294118"
"1608893741","2018592538","0.0294118"
"2018592538","1608893741","0.0294118"
"1608893741","2023473991","0.0294118"
"2023473991","1608893741","0.0294118"
"1608893741","2026295439","0.0294118"
"2026295439","1608893741","0.0294118"
"1608893741","2048703685","0.0294118"
"2048703685","1608893741","0.0294118"
"1608893741","2055076751","0.0294118"
"2055076751","1608893741","0.0294118"
"1608893741","2065612125","0.0294118"
"2065612125","1608893741","0.0294118"
"1608893741","2079289205","0.0294118"
"2079289205","1608893741","0.0294118"
"1608893741","2088094238","0.0294118"
"2088094238","1608893741","0.0294118"
"1608893741","2096061688","0.0294118"
"2096061688","1608893741","0.0294118"
"1608893741","2096709111","0.0294118"
"2096709111","1608893741","0.0294118"
"1608893741","2097999795","0.0294118"
"2097999795","1608893741","0.0294118"
"1608893741","2109871100","0.0294118"
"2109871100","1608893741","0.0294118"
"1608893741","2111498367","0.0294118"
"2111498367","1608893741","0.0294118"
"1608893741","2112275759","0.0294118"
"2112275759","1608893741","0.0294118"
"1608893741","2133682331","0.0294118"
"2133682331","1608893741","0.0294118"
"1608893741","2148546221","0.0294118"
"2148546221","1608893741","0.0294118"
"1608893741","2150534441","0.0294118"
"2150534441","1608893741","0.0294118"
"1608893741","2155230253","0.0294118"
"2155230253","1608893741","0.0294118"
"1608893741","2161264592","0.0294118"
"2161264592","1608893741","0.0294118"
"1608893741","2167136686","0.0294118"
"2167136686","1608893741","0.0294118"
"1608893741","2278303154","0.0294118"
"2278303154","1608893741","0.0294118"
"1608893741","2398669309","0.0294118"
"2398669309","1608893741","0.0294118"
"1608893741","336564149","0.0294118"
"336564149","1608893741","0.0294118"
"1608893741","44450342","0.0294118"
"44450342","1608893741","0.0294118"
"1633760438","1986788962","0.10084"
"1986788962","1633760438","0.10084"
"1633760438","1998449509","0.10084"
"1998449509","1633760438","0.10084"
"1633760438","2008797207","0.0294118"
"2008797207","1633760438","0.0294118"
"1633760438","2018592538","0.0294118"
"2018592538","1633760438","0.0294118"
"1633760438","2023473991","2.02941"
"2023473991","1633760438","2.02941"
"1633760438","2026295439","0.0294118"
"2026295439","1633760438","0.0294118"
"1633760438","2048703685","0.0294118"
"2048703685","1633760438","0.0294118"
"1633760438","2055076751","0.0294118"
"2055076751","1633760438","0.0294118"
"1633760438","2065612125","0.0294118"
"2065612125","1633760438","0.0294118"
"1633760438","2079289205","0.0294118"
"2079289205","1633760438","0.0294118"
"1633760438","2088094238","0.0294118"
"2088094238","1633760438","0.0294118"
"1633760438","2096061688","0.0294118"
"2096061688","1633760438","0.0294118"
"1633760438","2096709111","0.0294118"
"2096709111","1633760438","0.0294118"
"1633760438","2097999795","0.0294118"
"2097999795","1633760438","0.0294118"
"1633760438","2109871100","0.0294118"
"2109871100","1633760438","0.0294118"
"1633760438","2111498367","0.0294118"
"2111498367","1633760438","0.0294118"
"1633760438","2112275759","0.0294118"
"2112275759","1633760438","0.0294118"
"1633760438","2133682331","0.0294118"
"2133682331","1633760438","0.0294118"
"1633760438","2148546221","0.0294118"
"2148546221","1633760438","0.0294118"
"1633760438","2150534441","0.0294118"
"2150534441","1633760438","0.0294118"
"1633760438","2155230253","2.52941"
"2155230253","1633760438","2.52941"
"1633760438","2161264592","0.0294118"
"2161264592","1633760438","0.0294118"
"1633760438","2167136686","0.0294118"
"2167136686","1633760438","0.0294118"
"1633760438","2278303154","0.0294118"
"2278303154","1633760438","0.0294118"
"1633760438","2398669309","0.0294118"
"2398669309","1633760438","0.0294118"
"1633760438","336564149","0.10084"
"336564149","1633760438","0.10084"
"1633760438","44450342","0.0294118"
"44450342","1633760438","0.0294118"
"1986788962","2008797207","0.0882353"
"2008797207","1986788962","0.0882353"
"1986788962","2018592538","0.0294118"
"2018592538","1986788962","0.0294118"
"1986788962","2023473991","0.0960784"
"2023473991","1986788962","0.0960784"
"1986788962","2026295439","0.0294118"
"2026295439","1986788962","0.0294118"
"1986788962","2048703685","0.254902"
"2048703685","1986788962","0.254902"
"1986788962","2055076751","0.0294118"
"2055076751","1986788962","0.0294118"
"1986788962","2079289205","0.0294118"
"2079289205","1986788962","0.0294118"
"1986788962","2088094238","0.0294118"
"2088094238","1986788962","0.0294118"
"1986788962","2096061688","0.0960784"
"2096061688","1986788962","0.0960784"
"1986788962","2097999795","0.0294118"
"2097999795","1986788962","0.0294118"
"1986788962","2109871100","0.0294118"
"2109871100","1986788962","0.0294118"
"1986788962","2112275759","0.0882353"
"2112275759","1986788962","0.0882353"
"1986788962","2133682331","0.154902"
"2133682331","1986788962","0.154902"
"1986788962","2148546221","0.0294118"
"2148546221","1986788962","0.0294118"
"1986788962","2150534441","0.0294118"
"2150534441","1986788962","0.0294118"
"1986788962","2155230253","0.0294118"
"2155230253","1986788962","0.0294118"
"1986788962","2161264592","0.0294118"
"2161264592","1986788962","0.0294118"
"1986788962","2167136686","0.488235"
"2167136686","1986788962","0.488235"
"1986788962","2278303154","0.0294118"
"2278303154","1986788962","0.0294118"
"1986788962","2398669309","0.0294118"
"2398669309","1986788962","0.0294118"
"1986788962","336564149","0.326331"
"336564149","1986788962","0.326331"
"1986788962","44450342","0.0294118"
"44450342","1986788962","0.0294118"
"1998449509","2008797207","0.0882353"
"2008797207","1998449509","0.0882353"
"1998449509","2018592538","0.196078"
"2018592538","1998449509","0.196078"
"1998449509","2023473991","0.629412"
"2023473991","1998449509","0.629412"
"1998449509","2026295439","0.0294118"
"2026295439","1998449509","0.0294118"
"1998449509","2048703685","0.647759"
"2048703685","1998449509","0.647759"
"1998449509","2055076751","0.120321"
"2055076751","1998449509","0.120321"
"1998449509","2079289205","0.0294118"
"2079289205","1998449509","0.0294118"
"1998449509","2088094238","0.0294118"
"2088094238","1998449509","0.0294118"
"1998449509","2096061688","0.0960784"
"2096061688","1998449509","0.0960784"
"1998449509","2097999795","0.0294118"
"2097999795","1998449509","0.0294118"
"1998449509","2109871100","0.0294118"
"2109871100","1998449509","0.0294118"
"1998449509","2112275759","0.179144"
"2112275759","1998449509","0.179144"
"1998449509","2133682331","0.154902"
"2133682331","1998449509","0.154902"
"1998449509","2148546221","0.0294118"
"2148546221","1998449509","0.0294118"
"1998449509","2150534441","0.0294118"
"2150534441","1998449509","0.0294118"
"1998449509","2155230253","0.320321"
"2155230253","1998449509","0.320321"
"1998449509","2161264592","0.0294118"
"2161264592","1998449509","0.0294118"
"1998449509","2167136686","0.154902"
"2167136686","1998449509","0.154902"
"1998449509","2278303154","0.0294118"
"2278303154","1998449509","0.0294118"
"1998449509","2398669309","0.0294118"
"2398669309","1998449509","0.0294118"
"1998449509","336564149","0.159664"
"336564149","1998449509","0.159664"
"1998449509","44450342","0.0294118"
"44450342","1998449509","0.0294118"
"2008797207","2018592538","0.0294118"
"2018592538","2008797207","0.0294118"
"2008797207","2023473991","0.0294118"
"2023473991","2008797207","0.0294118"
"2008797207","2026295439","0.0294118"
"2026295439","2008797207","0.0294118"
"2008797207","2048703685","0.0882353"
"2048703685","2008797207","0.0882353"
"2008797207","2055076751","0.0294118"
"2055076751","2008797207","0.0294118"
"2008797207","2065612125","0.0882353"
"2065612125","2008797207","0.0882353"
"2008797207","2079289205","0.0294118"
"2079289205","2008797207","0.0294118"
"2008797207","2088094238","0.0294118"
"2088094238","2008797207","0.0294118"
"2008797207","2096061688","0.0294118"
"2096061688","2008797207","0.0294118"
"2008797207","2096709111","0.0294118"
"2096709111","2008797207","0.0294118"
"2008797207","2097999795","0.0294118"
"2097999795","2008797207","0.0294118"
"2008797207","2109871100","0.0294118"
"2109871100","2008797207","0.0294118"
"2008797207","2111498367","0.0294118"
"2111498367","2008797207","0.0294118"
"2008797207","2112275759","0.0882353"
"2112275759","2008797207","0.0882353"
"2008797207","2133682331","0.421569"
"2133682331","2008797207","0.421569"
"2008797207","2148546221","0.0294118"
"2148546221","2008797207","0.0294118"
"2008797207","2150534441","0.0294118"
"2150534441","2008797207","0.0294118"
"2008797207","2155230253","0.0294118"
"2155230253","2008797207","0.0294118"
"2008797207","2161264592","0.0294118"
"2161264592","2008797207","0.0294118"
"2008797207","2167136686","2.08824"
"2167136686","2008797207","2.08824"
"2008797207","2278303154","0.0294118"
"2278303154","2008797207","0.0294118"
"2008797207","2398669309","0.0294118"
"2398669309","2008797207","0.0294118"
"2008797207","336564149","0.0882353"
"336564149","2008797207","0.0882353"
