"1011453836","1583975142","0.916667"
"1583975142","1011453836","0.916667"
"1011453836","1884606608","0.666667"
"1884606608","1011453836","0.666667"
"1011453836","2066298612","0.166667"
"2066298612","1011453836","0.166667"
"1011453836","2144112223","0.166667"
"2144112223","1011453836","0.166667"
"1011453836","2150147654","0.166667"
"2150147654","1011453836","0.166667"
"1011453836","2166353797","1.25"
"2166353797","1011453836","1.25"
"1583975142","1884606608","131.57"
"1884606608","1583975142","131.57"
"1583975142","2066298612","4.92619"
"2066298612","1583975142","4.92619"
"1583975142","2144112223","25.6373"
"2144112223","1583975142","25.6373"
"1583975142","2150147654","35.6076"
"2150147654","1583975142","35.6076"
"1583975142","2166353797","23.4104"
"2166353797","1583975142","23.4104"
"1884606608","2066298612","7.50952"
"2066298612","1884606608","7.50952"
"1884606608","2144112223","35.4707"
"2144112223","1884606608","35.4707"
"1884606608","2150147654","29.8076"
"2150147654","1884606608","29.8076"
"1884606608","2166353797","14.527"
"2166353797","1884606608","14.527"
"2066298612","2144112223","0.616667"
"2144112223","2066298612","0.616667"
"2066298612","2150147654","6.17619"
"2150147654","2066298612","6.17619"
"2066298612","2166353797","1.11667"
"2166353797","2066298612","1.11667"
"2144112223","2150147654","2.76234"
"2150147654","2144112223","2.76234"
"2144112223","2166353797","2.43734"
"2166353797","2144112223","2.43734"
"2150147654","2166353797","4.71472"
"2166353797","2150147654","4.71472"
"1011453836","2012568697","0.5"
"2012568697","1011453836","0.5"
"1884606608","2012568697","28.8413"
"2012568697","1884606608","28.8413"
"1011453836","1546570283","0.583333"
"1546570283","1011453836","0.583333"
"1011453836","2085305295","0.333333"
"2085305295","1011453836","0.333333"
"1546570283","2085305295","8.30083"
"2085305295","1546570283","8.30083"
"1546570283","2166353797","3.80083"
"2166353797","1546570283","3.80083"
"2085305295","2166353797","14.5437"
"2166353797","2085305295","14.5437"
"1011453836","1627728918","0.25"
"1627728918","1011453836","0.25"
"1546570283","1583975142","3.9675"
"1583975142","1546570283","3.9675"
"1546570283","1627728918","3.26587"
"1627728918","1546570283","3.26587"
"1583975142","1627728918","20.9421"
"1627728918","1583975142","20.9421"
"1627728918","2166353797","3.56587"
"2166353797","1627728918","3.56587"
"145450961","2405680064","11.3944"
"2405680064","145450961","11.3944"
"145450961","2131154421","3.81111"
"2131154421","145450961","3.81111"
"145450961","2160150610","21.8944"
"2160150610","145450961","21.8944"
"145450961","1884606608","1.22619"
"1884606608","145450961","1.22619"
"145450961","1979910324","0.47619"
"1979910324","145450961","0.47619"
"1884606608","1979910324","0.587302"
"1979910324","1884606608","0.587302"
"1884606608","2131154421","6.34286"
"2131154421","1884606608","6.34286"
"1979910324","2131154421","0.333333"
"2131154421","1979910324","0.333333"
"145450961","1583975142","2.00952"
"1583975142","145450961","2.00952"
"145450961","2150147654","9.94444"
"2150147654","145450961","9.94444"
"2131154421","2405680064","5.31111"
"2405680064","2131154421","5.31111"
"145450961","1567125377","2.5"
"1567125377","145450961","2.5"
"1567125377","2131154421","4.5"
"2131154421","1567125377","4.5"
"1567125377","2405680064","0.833333"
"2405680064","1567125377","0.833333"
"145450961","2167287136","1.28333"
"2167287136","145450961","1.28333"
"1583975142","2131154421","12.3762"
"2131154421","1583975142","12.3762"
"1583975142","2160150610","9.6881"
"2160150610","1583975142","9.6881"
"1583975142","2167287136","13.0667"
"2167287136","1583975142","13.0667"
"1583975142","2405680064","1.61667"
"2405680064","1583975142","1.61667"
"2131154421","2160150610","7.47778"
"2160150610","2131154421","7.47778"
"2131154421","2167287136","4.17619"
"2167287136","2131154421","4.17619"
"2160150610","2167287136","23.3548"
"2167287136","2160150610","23.3548"
"2160150610","2405680064","22.2278"
"2405680064","2160150610","22.2278"
"2167287136","2405680064","10.1167"
"2405680064","2167287136","10.1167"
"145450961","2085305295","6.47619"
"2085305295","145450961","6.47619"
"145450961","1502234097","1"
"1502234097","145450961","1"
"1502234097","2085305295","2.25"
"2085305295","1502234097","2.25"
"145450961","2012568697","3.5"
"2012568697","145450961","3.5"
"2012568697","2150147654","11.0885"
"2150147654","2012568697","11.0885"
"145450961","1492088121","2.11111"
"1492088121","145450961","2.11111"
"145450961","1523472376","1.11111"
"1523472376","145450961","1.11111"
"145450961","156266736","0.111111"
"156266736","145450961","0.111111"
"145450961","206350225","1.44444"
"206350225","145450961","1.44444"
"145450961","2153711228","0.944444"
"2153711228","145450961","0.944444"
"1492088121","1523472376","1.44444"
"1523472376","1492088121","1.44444"
"1492088121","156266736","0.111111"
"156266736","1492088121","0.111111"
"1492088121","206350225","0.277778"
"206350225","1492088121","0.277778"
"1492088121","2131154421","1.11111"
"2131154421","1492088121","1.11111"
"1492088121","2150147654","0.277778"
"2150147654","1492088121","0.277778"
"1492088121","2153711228","2.61111"
"2153711228","1492088121","2.61111"
"1492088121","2160150610","0.444444"
"2160150610","1492088121","0.444444"
"1492088121","2405680064","0.944444"
"2405680064","1492088121","0.944444"
"1523472376","156266736","0.611111"
"156266736","1523472376","0.611111"
"1523472376","206350225","0.111111"
"206350225","1523472376","0.111111"
"1523472376","2131154421","3.94444"
"2131154421","1523472376","3.94444"
"1523472376","2150147654","0.18254"
"2150147654","1523472376","0.18254"
"1523472376","2153711228","1.94444"
"2153711228","1523472376","1.94444"
"1523472376","2160150610","0.18254"
"2160150610","1523472376","0.18254"
"1523472376","2405680064","1.77778"
"2405680064","1523472376","1.77778"
"156266736","206350225","0.111111"
"206350225","156266736","0.111111"
"156266736","2131154421","0.111111"
"2131154421","156266736","0.111111"
"156266736","2150147654","0.111111"
"2150147654","156266736","0.111111"
"156266736","2153711228","0.111111"
"2153711228","156266736","0.111111"
"156266736","2160150610","0.111111"
"2160150610","156266736","0.111111"
"156266736","2405680064","0.111111"
"2405680064","156266736","0.111111"
"206350225","2131154421","2.11111"
"2131154421","206350225","2.11111"
"206350225","2150147654","0.444444"
"2150147654","206350225","0.444444"
"206350225","2153711228","0.611111"
"2153711228","206350225","0.611111"
"206350225","2160150610","0.111111"
"2160150610","206350225","0.111111"
"206350225","2405680064","0.277778"
"2405680064","206350225","0.277778"
"2131154421","2150147654","2.75397"
"2150147654","2131154421","2.75397"
"2131154421","2153711228","2.27778"
"2153711228","2131154421","2.27778"
"2150147654","2153711228","0.944444"
"2153711228","2150147654","0.944444"
"2150147654","2160150610","1.51587"
"2160150610","2150147654","1.51587"
"2150147654","2405680064","0.611111"
"2405680064","2150147654","0.611111"
"2153711228","2160150610","0.111111"
"2160150610","2153711228","0.111111"
"2153711228","2405680064","1.11111"
"2405680064","2153711228","1.11111"
"145450961","1800991598","1.72619"
"1800991598","145450961","1.72619"
"145450961","1980193254","1"
"1980193254","145450961","1"
"1492088121","1980193254","1"
"1980193254","1492088121","1"
"1980193254","2160150610","0.833333"
"2160150610","1980193254","0.833333"
"1567125377","1583975142","0.166667"
"1583975142","1567125377","0.166667"
"1567125377","206350225","0.166667"
"206350225","1567125377","0.166667"
"1567125377","2150147654","0.166667"
"2150147654","1567125377","0.166667"
"1567125377","2153711228","3.16667"
"2153711228","1567125377","3.16667"
"1583975142","206350225","0.333333"
"206350225","1583975142","0.333333"
"1583975142","2153711228","0.333333"
"2153711228","1583975142","0.333333"
"1567125377","2160150610","1.5"
"2160150610","1567125377","1.5"
"145450961","2066298612","1"
"2066298612","145450961","1"
"145450961","2144112223","0.333333"
"2144112223","145450961","0.333333"
"145450961","2150973844","0.333333"
"2150973844","145450961","0.333333"
"145450961","2166353797","0.47619"
"2166353797","145450961","0.47619"
"2144112223","2150973844","0.333333"
"2150973844","2144112223","0.333333"
"2150973844","2166353797","0.333333"
"2166353797","2150973844","0.333333"
"2012568697","206350225","0.666667"
"206350225","2012568697","0.666667"
"1980193254","206350225","0.166667"
"206350225","1980193254","0.166667"
"1980193254","2131154421","2.66667"
"2131154421","1980193254","2.66667"
"1980193254","2150147654","0.166667"
"2150147654","1980193254","0.166667"
"1980193254","2153711228","0.166667"
"2153711228","1980193254","0.166667"
"145450961","1546570283","0.25"
"1546570283","145450961","0.25"
"1546570283","1800991598","1.32143"
"1800991598","1546570283","1.32143"
"1546570283","1884606608","4.55083"
"1884606608","1546570283","4.55083"
"1583975142","1800991598","5.79762"
"1800991598","1583975142","5.79762"
"1800991598","1884606608","6.13095"
"1884606608","1800991598","6.13095"
"145450961","1527992010","0.142857"
"1527992010","145450961","0.142857"
"1527992010","1583975142","10.2254"
"1583975142","1527992010","10.2254"
"1527992010","1800991598","0.214286"
"1800991598","1527992010","0.214286"
"1527992010","1884606608","10.8087"
"1884606608","1527992010","10.8087"
"1527992010","1979910324","0.253968"
"1979910324","1527992010","0.253968"
"1527992010","2085305295","5.90873"
"2085305295","1527992010","5.90873"
"1527992010","2166353797","4.7754"
"2166353797","1527992010","4.7754"
"1583975142","1979910324","0.253968"
"1979910324","1583975142","0.253968"
"1583975142","2085305295","55.6604"
"2085305295","1583975142","55.6604"
"1800991598","1979910324","0.142857"
"1979910324","1800991598","0.142857"
"1800991598","2085305295","11.2143"
"2085305295","1800991598","11.2143"
"1800991598","2166353797","0.214286"
"2166353797","1800991598","0.214286"
"1884606608","2085305295","74.6104"
"2085305295","1884606608","74.6104"
"1979910324","2085305295","0.253968"
"2085305295","1979910324","0.253968"
"1979910324","2166353797","0.253968"
"2166353797","1979910324","0.253968"
"145450961","1588116921","0.5"
"1588116921","145450961","0.5"
"1588116921","2405680064","0.5"
"2405680064","1588116921","0.5"
"1800991598","2167287136","9.7381"
"2167287136","1800991598","9.7381"
"2085305295","2167287136","17.2738"
"2167287136","2085305295","17.2738"
"148963669","1747767590","0.333333"
"1747767590","148963669","0.333333"
"148963669","1792904922","0.333333"
"1792904922","148963669","0.333333"
"148963669","2103154003","1.33333"
"2103154003","148963669","1.33333"
"1747767590","1792904922","1.33333"
"1792904922","1747767590","1.33333"
"1747767590","2103154003","6"
"2103154003","1747767590","6"
"1792904922","2103154003","1.33333"
"2103154003","1792904922","1.33333"
"148963669","1583975142","1"
"1583975142","148963669","1"
"149175888","1583975142","2.45238"
"1583975142","149175888","2.45238"
"149175888","2150147654","0.785714"
"2150147654","149175888","0.785714"
"149175888","2131154421","1"
"2131154421","149175888","1"
"149175888","1884606608","2.95238"
"1884606608","149175888","2.95238"
"149175888","1546570283","0.285714"
"1546570283","149175888","0.285714"
"149175888","2085305295","0.285714"
"2085305295","149175888","0.285714"
"149175888","2166353797","3.28571"
"2166353797","149175888","3.28571"
"149175888","2167287136","0.952381"
"2167287136","149175888","0.952381"
"1546570283","2150147654","0.648052"
"2150147654","1546570283","0.648052"
"1546570283","2167287136","0.52381"
"2167287136","1546570283","0.52381"
"1884606608","2167287136","20.7"
"2167287136","1884606608","20.7"
"2085305295","2150147654","15.6314"
"2150147654","2085305295","15.6314"
"2150147654","2167287136","2.08333"
"2167287136","2150147654","2.08333"
"2166353797","2167287136","5.55714"
"2167287136","2166353797","5.55714"
"1492088121","2150973844","1"
"2150973844","1492088121","1"
"1492088121","197787436","8.16667"
"197787436","1492088121","8.16667"
"1492088121","1567125377","14.5"
"1567125377","1492088121","14.5"
"1492088121","2125219633","1.5"
"2125219633","1492088121","1.5"
"2125219633","2153711228","1.5"
"2153711228","2125219633","1.5"
"197787436","2153711228","1.83333"
"2153711228","197787436","1.83333"
"1523472376","197787436","1.33333"
"197787436","1523472376","1.33333"
"197787436","2405680064","0.333333"
"2405680064","197787436","0.333333"
"1492088121","1979910324","2.5"
"1979910324","1492088121","2.5"
"1567125377","1979910324","0.5"
"1979910324","1567125377","0.5"
"197787436","2131154421","1.33333"
"2131154421","197787436","1.33333"
"1499330367","1504199874","1.75"
"1504199874","1499330367","1.75"
"1499330367","1556876446","1.75"
"1556876446","1499330367","1.75"
"1499330367","1785289945","1.91667"
"1785289945","1499330367","1.91667"
"1499330367","1822636944","1.91667"
"1822636944","1499330367","1.91667"
"1499330367","1912977036","1.91667"
"1912977036","1499330367","1.91667"
"1499330367","1933336717","1.91667"
"1933336717","1499330367","1.91667"
"1499330367","1939160802","2.91667"
"1939160802","1499330367","2.91667"
"1499330367","2245823075","1.91667"
"2245823075","1499330367","1.91667"
"1504199874","1556876446","1.75"
"1556876446","1504199874","1.75"
"1504199874","1785289945","2.75"
"1785289945","1504199874","2.75"
"1504199874","1822636944","3"
"1822636944","1504199874","3"
"1504199874","1912977036","1.75"
"1912977036","1504199874","1.75"
"1504199874","1933336717","1.75"
"1933336717","1504199874","1.75"
"1504199874","1939160802","2"
"1939160802","1504199874","2"
"1504199874","2245823075","1.75"
"2245823075","1504199874","1.75"
"1556876446","1785289945","1.75"
"1785289945","1556876446","1.75"
"1556876446","1822636944","1.75"
"1822636944","1556876446","1.75"
"1556876446","1912977036","1.75"
"1912977036","1556876446","1.75"
"1556876446","1933336717","1.75"
"1933336717","1556876446","1.75"
"1556876446","1939160802","1.75"
"1939160802","1556876446","1.75"
"1556876446","2245823075","1.75"
"2245823075","1556876446","1.75"
"1785289945","1822636944","1.91667"
"1822636944","1785289945","1.91667"
"1785289945","1912977036","1.91667"
"1912977036","1785289945","1.91667"
"1785289945","1933336717","5.20758"
"1933336717","1785289945","5.20758"
"1785289945","1939160802","3.91667"
"1939160802","1785289945","3.91667"
"1785289945","2245823075","2.20758"
"2245823075","1785289945","2.20758"
"1822636944","1912977036","2.91667"
"1912977036","1822636944","2.91667"
"1822636944","1933336717","1.91667"
"1933336717","1822636944","1.91667"
"1822636944","1939160802","4.5"
"1939160802","1822636944","4.5"
"1822636944","2245823075","1.91667"
"2245823075","1822636944","1.91667"
"1912977036","1933336717","1.91667"
"1933336717","1912977036","1.91667"
"1912977036","1939160802","1.91667"
"1939160802","1912977036","1.91667"
"1912977036","2245823075","1.91667"
"2245823075","1912977036","1.91667"
"1933336717","1939160802","1.91667"
"1939160802","1933336717","1.91667"
"1933336717","2245823075","3.20758"
"2245823075","1933336717","3.20758"
"1939160802","2245823075","1.91667"
"2245823075","1939160802","1.91667"
"1499330367","1527992010","2"
"1527992010","1499330367","2"
"1502234097","1800991598","1"
"1800991598","1502234097","1"
"1502234097","1884606608","1"
"1884606608","1502234097","1"
"1502234097","1583975142","0.75"
"1583975142","1502234097","0.75"
"1502234097","2167287136","0.5"
"2167287136","1502234097","0.5"
"1502234097","2066298612","0.25"
"2066298612","1502234097","0.25"
"1502234097","2166353797","0.25"
"2166353797","1502234097","0.25"
"2066298612","2085305295","9"
"2085305295","2066298612","9"
"1504199874","1805969819","0.25"
"1805969819","1504199874","0.25"
"1504199874","2167287136","0.25"
"2167287136","1504199874","0.25"
"1805969819","1822636944","0.5"
"1822636944","1805969819","0.5"
"1805969819","1939160802","0.25"
"1939160802","1805969819","0.25"
"1805969819","2167287136","2.75"
"2167287136","1805969819","2.75"
"1822636944","2167287136","0.25"
"2167287136","1822636944","0.25"
"1939160802","2167287136","0.25"
"2167287136","1939160802","0.25"
"1504199874","1546570283","0.25"
"1546570283","1504199874","0.25"
"1504199874","1583975142","0.583333"
"1583975142","1504199874","0.583333"
"1504199874","1884606608","0.583333"
"1884606608","1504199874","0.583333"
"1504199874","2012568697","0.25"
"2012568697","1504199874","0.25"
"1504199874","2085305295","0.583333"
"2085305295","1504199874","0.583333"
"1504199874","2144112223","1.25"
"2144112223","1504199874","1.25"
"1504199874","2146082061","0.25"
"2146082061","1504199874","0.25"
"1504199874","2166353797","0.25"
"2166353797","1504199874","0.25"
"1546570283","2012568697","2.43178"
"2012568697","1546570283","2.43178"
"1546570283","2144112223","1.73734"
"2144112223","1546570283","1.73734"
"1546570283","2146082061","0.708333"
"2146082061","1546570283","0.708333"
"1583975142","2012568697","19.1746"
"2012568697","1583975142","19.1746"
"1583975142","2146082061","12.325"
"2146082061","1583975142","12.325"
"1884606608","2146082061","5.775"
"2146082061","1884606608","5.775"
"2012568697","2085305295","16.4984"
"2085305295","2012568697","16.4984"
"2012568697","2144112223","1.73734"
"2144112223","2012568697","1.73734"
"2012568697","2146082061","1.54167"
"2146082061","2012568697","1.54167"
"2012568697","2166353797","4.74845"
"2166353797","2012568697","4.74845"
"2085305295","2144112223","9.43734"
"2144112223","2085305295","9.43734"
"2085305295","2146082061","11.9417"
"2146082061","2085305295","11.9417"
"2144112223","2146082061","1.625"
"2146082061","2144112223","1.625"
"2146082061","2166353797","2.575"
"2166353797","2146082061","2.575"
"1504199874","1911916860","1"
"1911916860","1504199874","1"
"1505413782","2066647546","1"
"2066647546","1505413782","1"
"1523472376","1567125377","18"
"1567125377","1523472376","18"
"1523472376","1527992010","0.0714286"
"1527992010","1523472376","0.0714286"
"1523472376","1546570283","0.0714286"
"1546570283","1523472376","0.0714286"
"1523472376","1557330830","0.0714286"
"1557330830","1523472376","0.0714286"
"1523472376","1583975142","0.0714286"
"1583975142","1523472376","0.0714286"
"1523472376","1627728918","0.0714286"
"1627728918","1523472376","0.0714286"
"1523472376","1800991598","0.0714286"
"1800991598","1523472376","0.0714286"
"1523472376","1884606608","0.0714286"
"1884606608","1523472376","0.0714286"
"1523472376","2012568697","0.0714286"
"2012568697","1523472376","0.0714286"
"1523472376","2085305295","1.07143"
"2085305295","1523472376","1.07143"
"1523472376","2144112223","0.0714286"
"2144112223","1523472376","0.0714286"
"1523472376","2166353797","0.0714286"
"2166353797","1523472376","0.0714286"
"1523472376","2167287136","0.0714286"
"2167287136","1523472376","0.0714286"
"1527992010","1546570283","0.68254"
"1546570283","1527992010","0.68254"
"1527992010","1557330830","0.0714286"
"1557330830","1527992010","0.0714286"
"1527992010","1627728918","7.66587"
"1627728918","1527992010","7.66587"
"1527992010","2012568697","0.715873"
"2012568697","1527992010","0.715873"
"1527992010","2144112223","0.0714286"
"2144112223","1527992010","0.0714286"
"1527992010","2150147654","1.40476"
"2150147654","1527992010","1.40476"
"1527992010","2160150610","0.238095"
"2160150610","1527992010","0.238095"
"1527992010","2167287136","0.938095"
"2167287136","1527992010","0.938095"
"1546570283","1557330830","0.0714286"
"1557330830","1546570283","0.0714286"
"1546570283","2160150610","1.2381"
"2160150610","1546570283","1.2381"
"1557330830","1583975142","0.0714286"
"1583975142","1557330830","0.0714286"
"1557330830","1627728918","0.0714286"
"1627728918","1557330830","0.0714286"
"1557330830","1800991598","0.404762"
"1800991598","1557330830","0.404762"
"1557330830","1884606608","2.07143"
"1884606608","1557330830","2.07143"
"1557330830","2012568697","0.404762"
"2012568697","1557330830","0.404762"
"1557330830","2085305295","0.0714286"
"2085305295","1557330830","0.0714286"
"1557330830","2144112223","0.0714286"
"2144112223","1557330830","0.0714286"
"1557330830","2150147654","0.0714286"
"2150147654","1557330830","0.0714286"
"1557330830","2160150610","0.0714286"
"2160150610","1557330830","0.0714286"
"1557330830","2166353797","0.0714286"
"2166353797","1557330830","0.0714286"
"1557330830","2167287136","0.904762"
"2167287136","1557330830","0.904762"
"1627728918","1800991598","1.57143"
"1800991598","1627728918","1.57143"
"1627728918","1884606608","11.5587"
"1884606608","1627728918","11.5587"
"1627728918","2012568697","8.84206"
"2012568697","1627728918","8.84206"
"1627728918","2085305295","21.0159"
"2085305295","1627728918","21.0159"
"1627728918","2144112223","2.77143"
"2144112223","1627728918","2.77143"
"1627728918","2150147654","4.19762"
"2150147654","1627728918","4.19762"
"1627728918","2160150610","1.90476"
"2160150610","1627728918","1.90476"
"1627728918","2167287136","3.66429"
"2167287136","1627728918","3.66429"
"1800991598","2012568697","0.404762"
"2012568697","1800991598","0.404762"
"1800991598","2144112223","1.07143"
"2144112223","1800991598","1.07143"
"1800991598","2150147654","0.0714286"
"2150147654","1800991598","0.0714286"
"1800991598","2160150610","0.0714286"
"2160150610","1800991598","0.0714286"
"1884606608","2160150610","0.0714286"
"2160150610","1884606608","0.0714286"
"2012568697","2160150610","1.40476"
"2160150610","2012568697","1.40476"
"2012568697","2167287136","6.21429"
"2167287136","2012568697","6.21429"
"2085305295","2160150610","1.07143"
"2160150610","2085305295","1.07143"
"2144112223","2160150610","0.571429"
"2160150610","2144112223","0.571429"
"2144112223","2167287136","0.0714286"
"2167287136","2144112223","0.0714286"
"2160150610","2166353797","1.07143"
"2166353797","2160150610","1.07143"
"1523472376","1980193254","3"
"1980193254","1523472376","3"
"1523472376","1979910324","1"
"1979910324","1523472376","1"
"156266736","1567125377","0.5"
"1567125377","156266736","0.5"
"1523472376","1980273653","0.5"
"1980273653","1523472376","0.5"
"1980273653","2131154421","4.83333"
"2131154421","1980273653","4.83333"
"1527992010","2131154421","2.2"
"2131154421","1527992010","2.2"
"1527992010","1588116921","0.111111"
"1588116921","1527992010","0.111111"
"1546570283","1588116921","0.111111"
"1588116921","1546570283","0.111111"
"1546570283","1979910324","0.111111"
"1979910324","1546570283","0.111111"
"1583975142","1588116921","1.36111"
"1588116921","1583975142","1.36111"
"1588116921","1627728918","1.11111"
"1627728918","1588116921","1.11111"
"1588116921","1884606608","3.11111"
"1884606608","1588116921","3.11111"
"1588116921","1979910324","0.111111"
"1979910324","1588116921","0.111111"
"1588116921","2012568697","0.611111"
"2012568697","1588116921","0.611111"
"1588116921","2085305295","3.19444"
"2085305295","1588116921","3.19444"
"1588116921","2166353797","0.361111"
"2166353797","1588116921","0.361111"
"1627728918","1979910324","0.111111"
"1979910324","1627728918","0.111111"
"1979910324","2012568697","0.111111"
"2012568697","1979910324","0.111111"
"1546570283","2131154421","0.166667"
"2131154421","1546570283","0.166667"
"2085305295","2131154421","5"
"2131154421","2085305295","5"
"1527992010","2146082061","1.5"
"2146082061","1527992010","1.5"
"1627728918","2146082061","15.0667"
"2146082061","1627728918","15.0667"
"1627728918","2131154421","2.34286"
"2131154421","1627728918","2.34286"
"2012568697","2131154421","2.67619"
"2131154421","2012568697","2.67619"
"1535668279","2085305295","3.95"
"2085305295","1535668279","3.95"
"1535668279","2146082061","1.78333"
"2146082061","1535668279","1.78333"
"1535668279","1583975142","9.78333"
"1583975142","1535668279","9.78333"
"1535668279","2167287136","1.5"
"2167287136","1535668279","1.5"
"1535668279","1884606608","6.03333"
"1884606608","1535668279","6.03333"
"1535668279","2012568697","0.5"
"2012568697","1535668279","0.5"
"1535668279","1792904922","5.33333"
"1792904922","1535668279","5.33333"
"1535668279","2144112223","5.08333"
"2144112223","1535668279","5.08333"
"1535668279","1627728918","0.533333"
"1627728918","1535668279","0.533333"
"1535668279","2166353797","0.5"
"2166353797","1535668279","0.5"
"1792904922","1884606608","2.08333"
"1884606608","1792904922","2.08333"
"1792904922","2144112223","5.58333"
"2144112223","1792904922","5.58333"
"1546570283","1933336717","0.749242"
"1933336717","1546570283","0.749242"
"1583975142","1933336717","1.41591"
"1933336717","1583975142","1.41591"
"1884606608","1933336717","1.41591"
"1933336717","1884606608","1.41591"
"1933336717","2012568697","0.749242"
"2012568697","1933336717","0.749242"
"1933336717","2085305295","2.74924"
"2085305295","1933336717","2.74924"
"1933336717","2144112223","0.415909"
"2144112223","1933336717","0.415909"
"1933336717","2146082061","0.125"
"2146082061","1933336717","0.125"
"1933336717","2166353797","0.415909"
"2166353797","1933336717","0.415909"
"1546570283","1785289945","0.290909"
"1785289945","1546570283","0.290909"
"1546570283","1911916860","0.0909091"
"1911916860","1546570283","0.0909091"
"1546570283","2245823075","0.290909"
"2245823075","1546570283","0.290909"
"1583975142","1785289945","0.290909"
"1785289945","1583975142","0.290909"
"1583975142","1911916860","10.0909"
"1911916860","1583975142","10.0909"
"1583975142","2245823075","0.290909"
"2245823075","1583975142","0.290909"
"1785289945","1884606608","1.29091"
"1884606608","1785289945","1.29091"
"1785289945","1911916860","0.0909091"
"1911916860","1785289945","0.0909091"
"1785289945","2012568697","0.290909"
"2012568697","1785289945","0.290909"
"1785289945","2085305295","0.290909"
"2085305295","1785289945","0.290909"
"1785289945","2144112223","0.290909"
"2144112223","1785289945","0.290909"
"1785289945","2150147654","0.290909"
"2150147654","1785289945","0.290909"
"1785289945","2166353797","0.290909"
"2166353797","1785289945","0.290909"
"1884606608","1911916860","0.0909091"
"1911916860","1884606608","0.0909091"
"1884606608","2245823075","0.290909"
"2245823075","1884606608","0.290909"
"1911916860","1933336717","0.0909091"
"1933336717","1911916860","0.0909091"
"1911916860","2012568697","0.590909"
"2012568697","1911916860","0.590909"
"1911916860","2085305295","0.590909"
"2085305295","1911916860","0.590909"
"1911916860","2144112223","0.0909091"
"2144112223","1911916860","0.0909091"
"1911916860","2150147654","0.0909091"
"2150147654","1911916860","0.0909091"
"1911916860","2166353797","0.0909091"
"2166353797","1911916860","0.0909091"
"1911916860","2245823075","0.0909091"
"2245823075","1911916860","0.0909091"
"1933336717","2150147654","0.290909"
"2150147654","1933336717","0.290909"
"2012568697","2245823075","0.290909"
"2245823075","2012568697","0.290909"
"2085305295","2245823075","0.290909"
"2245823075","2085305295","0.290909"
"2144112223","2245823075","0.290909"
"2245823075","2144112223","0.290909"
"2150147654","2245823075","0.290909"
"2245823075","2150147654","0.290909"
"2166353797","2245823075","0.290909"
"2245823075","2166353797","0.290909"
"1546570283","1792904922","3"
"1792904922","1546570283","3"
"1546570283","2066298612","0.5"
"2066298612","1546570283","0.5"
"1556876446","1911916860","1"
"1911916860","1556876446","1"
"1557330830","1588116921","0.5"
"1588116921","1557330830","0.5"
"1567125377","1980273653","4"
"1980273653","1567125377","4"
"1567125377","2103154003","0.5"
"2103154003","1567125377","0.5"
"2103154003","2131154421","0.5"
"2131154421","2103154003","0.5"
"1583975142","1792904922","0.25"
"1792904922","1583975142","0.25"
"1792904922","2085305295","1.83333"
"2085305295","1792904922","1.83333"
"1792904922","2167287136","0.25"
"2167287136","1792904922","0.25"
"1583975142","2103154003","1.33333"
"2103154003","1583975142","1.33333"
"1800991598","2066298612","1.83333"
"2066298612","1800991598","1.83333"
"2085305295","2103154003","5.33333"
"2103154003","2085305295","5.33333"
"2103154003","2146082061","1.33333"
"2146082061","2103154003","1.33333"
"1588116921","2146082061","0.25"
"2146082061","1588116921","0.25"
"2066298612","2405680064","0.5"
"2405680064","2066298612","0.5"
"1884606608","206350225","0.166667"
"206350225","1884606608","0.166667"
"1884606608","2153711228","0.166667"
"2153711228","1884606608","0.166667"
"1884606608","2405680064","2.66667"
"2405680064","1884606608","2.66667"
"2012568697","2153711228","0.166667"
"2153711228","2012568697","0.166667"
"2012568697","2405680064","0.166667"
"2405680064","2012568697","0.166667"
"2146082061","2167287136","1.58333"
"2167287136","2146082061","1.58333"
"1583975142","2203388234","1"
"2203388234","1583975142","1"
"1627728918","2066298612","0.392857"
"2066298612","1627728918","0.392857"
"2012568697","2066298612","1.80952"
"2066298612","2012568697","1.80952"
"2066298612","2131154421","0.142857"
"2131154421","2066298612","0.142857"
"2066298612","2167287136","2.64286"
"2167287136","2066298612","2.64286"
"1583975142","60297231","0.25"
"60297231","1583975142","0.25"
"1884606608","60297231","0.25"
"60297231","1884606608","0.25"
"2150147654","60297231","0.25"
"60297231","2150147654","0.25"
"2166353797","60297231","0.25"
"60297231","2166353797","0.25"
"1588116921","2150147654","1.33333"
"2150147654","1588116921","1.33333"
"1588116921","2167287136","0.333333"
"2167287136","1588116921","0.333333"
"1588116921","2131154421","0.5"
"2131154421","1588116921","0.5"
"1612155886","2024770506","121.5"
"2024770506","1612155886","121.5"
"1612155886","1884606608","2"
"1884606608","1612155886","2"
"1612155886","1912977036","1.5"
"1912977036","1612155886","1.5"
"1912977036","2024770506","2.5"
"2024770506","1912977036","2.5"
"1612155886","2103527066","1"
"2103527066","1612155886","1"
"1622683356","1792904922","1.25"
"1792904922","1622683356","1.25"
"1622683356","1822636944","1.25"
"1822636944","1622683356","1.25"
"1622683356","2144112223","1.25"
"2144112223","1622683356","1.25"
"1792904922","1822636944","1.83333"
"1822636944","1792904922","1.83333"
"1822636944","2144112223","1.58333"
"2144112223","1822636944","1.58333"
"1622683356","2203388234","0.25"
"2203388234","1622683356","0.25"
"1792904922","2203388234","0.75"
"2203388234","1792904922","0.75"
"1822636944","2203388234","0.25"
"2203388234","1822636944","0.25"
"2144112223","2203388234","23.25"
"2203388234","2144112223","23.25"
"1622683356","1995919426","1"
"1995919426","1622683356","1"
"1627728918","1980273653","1.33333"
"1980273653","1627728918","1.33333"
"1980273653","2160150610","1.33333"
"2160150610","1980273653","1.33333"
"2146082061","2150147654","8.11667"
"2150147654","2146082061","8.11667"
"1627728918","2142262896","0.25"
"2142262896","1627728918","0.25"
"2066298612","2142262896","0.25"
"2142262896","2066298612","0.25"
"2066298612","2146082061","0.75"
"2146082061","2066298612","0.75"
"2142262896","2144112223","0.25"
"2144112223","2142262896","0.25"
"2142262896","2146082061","0.25"
"2146082061","2142262896","0.25"
"1627728918","1792904922","1"
"1792904922","1627728918","1"
"1627728918","2103154003","0.5"
"2103154003","1627728918","0.5"
"1884606608","2103154003","5.33333"
"2103154003","1884606608","5.33333"
"1747767590","2085305295","2"
"2085305295","1747767590","2"
"1747767590","2056122369","0.333333"
"2056122369","1747767590","0.333333"
"1747767590","2140146498","3.16667"
"2140146498","1747767590","3.16667"
"2056122369","2103154003","0.333333"
"2103154003","2056122369","0.333333"
"2056122369","2140146498","0.333333"
"2140146498","2056122369","0.333333"
"2103154003","2140146498","3.16667"
"2140146498","2103154003","3.16667"
"1747767590","1884606608","0.833333"
"1884606608","1747767590","0.833333"
"1747767590","1805969819","1"
"1805969819","1747767590","1"
"1805969819","2103154003","2.5"
"2103154003","1805969819","2.5"
"1884606608","2140146498","0.333333"
"2140146498","1884606608","0.333333"
"1792904922","1805969819","2.25"
"1805969819","1792904922","2.25"
"1792904922","2066298612","0.583333"
"2066298612","1792904922","0.583333"
"1822636944","2066298612","0.583333"
"2066298612","1822636944","0.583333"
"1822636944","2085305295","0.583333"
"2085305295","1822636944","0.583333"
"1805969819","2066298612","0.25"
"2066298612","1805969819","0.25"
"1805969819","2085305295","0.25"
"2085305295","1805969819","0.25"
"1792904922","2166353797","1"
"2166353797","1792904922","1"
"1800991598","2103154003","1"
"2103154003","1800991598","1"
"2103154003","2167287136","1.5"
"2167287136","2103154003","1.5"
"1822636944","2397522630","1.33333"
"2397522630","1822636944","1.33333"
"1939160802","2144112223","0.333333"
"2144112223","1939160802","0.333333"
"1939160802","2397522630","0.333333"
"2397522630","1939160802","0.333333"
"2144112223","2397522630","0.333333"
"2397522630","2144112223","0.333333"
"2085305295","2405680064","0.5"
"2405680064","2085305295","0.5"
"1884606608","2203388234","0.5"
"2203388234","1884606608","0.5"
"1884606608","2150973844","2"
"2150973844","1884606608","2"
"1911916860","2066298612","1"
"2066298612","1911916860","1"
"1911916860","1939160802","1"
"1939160802","1911916860","1"
"1979910324","1980273653","1"
"1980273653","1979910324","1"
"1979910324","2144112223","1"
"2144112223","1979910324","1"
"1980273653","206350225","1"
"206350225","1980273653","1"
"1980273653","2012568697","2"
"2012568697","1980273653","2"
"1995919426","2167287136","3"
"2167287136","1995919426","3"
"2024770506","2066298612","1"
"2066298612","2024770506","1"
"2024770506","206350225","1"
"206350225","2024770506","1"
"2024770506","2405680064","1"
"2405680064","2024770506","1"
"2037002680","2125219633","3"
"2125219633","2037002680","3"
"2066298612","2160150610","2"
"2160150610","2066298612","2"
"2146082061","2160150610","3"
"2160150610","2146082061","3"
"2066647546","2103154003","1"
"2103154003","2066647546","1"
"2103154003","2150973844","1"
"2150973844","2103154003","1"
"2103154003","2245823075","2"
"2245823075","2103154003","2"
"2103154003","2203388234","1"
"2203388234","2103154003","1"
"2103154003","2144112223","1"
"2144112223","2103154003","1"
"2103527066","2169300738","5"
"2169300738","2103527066","5"
"2108572630","2405680064","1.5"
"2405680064","2108572630","1.5"
"2108572630","2160150610","0.5"
"2160150610","2108572630","0.5"
"2125532767","2169300738","1"
"2169300738","2125532767","1"
"2131154421","2166353797","2"
"2166353797","2131154421","2"
"2131154421","2162429001","2"
"2162429001","2131154421","2"
"2142262896","2167287136","1"
"2167287136","2142262896","1"
"2146082061","2405680064","0.5"
"2405680064","2146082061","0.5"
"2166353797","2169300738","0.5"
"2169300738","2166353797","0.5"
"2167287136","2169300738","1.5"
"2169300738","2167287136","1.5"
