"113527761","1582971263","0.825"
"1582971263","113527761","0.825"
"113527761","2500062327","0.958333"
"2500062327","113527761","0.958333"
"1582971263","2500062327","67.8802"
"2500062327","1582971263","67.8802"
"113527761","2163699853","0.333333"
"2163699853","113527761","0.333333"
"113527761","268424627","0.533333"
"268424627","113527761","0.533333"
"2163699853","2500062327","1.13175"
"2500062327","2163699853","1.13175"
"2163699853","268424627","0.946764"
"268424627","2163699853","0.946764"
"2500062327","268424627","2.44286"
"268424627","2500062327","2.44286"
"113527761","1526683831","0.825"
"1526683831","113527761","0.825"
"113527761","1829844087","0.825"
"1829844087","113527761","0.825"
"1526683831","1829844087","1.075"
"1829844087","1526683831","1.075"
"113527761","1593054802","0.2"
"1593054802","113527761","0.2"
"1526683831","1582971263","0.325"
"1582971263","1526683831","0.325"
"1526683831","1593054802","0.2"
"1593054802","1526683831","0.2"
"1526683831","268424627","0.2"
"268424627","1526683831","0.2"
"1582971263","1593054802","8.04444"
"1593054802","1582971263","8.04444"
"1582971263","1829844087","2.83486"
"1829844087","1582971263","2.83486"
"1582971263","268424627","4.44041"
"268424627","1582971263","4.44041"
"1593054802","1829844087","1.03333"
"1829844087","1593054802","1.03333"
"1593054802","268424627","1.86667"
"268424627","1593054802","1.86667"
"1829844087","268424627","2.17454"
"268424627","1829844087","2.17454"
"113527761","2051165371","1"
"2051165371","113527761","1"
"113527761","1518356683","0.125"
"1518356683","113527761","0.125"
"113527761","2054074992","0.125"
"2054074992","113527761","0.125"
"113527761","2110582769","0.125"
"2110582769","113527761","0.125"
"113527761","2506733973","0.125"
"2506733973","113527761","0.125"
"1518356683","1526683831","1.95833"
"1526683831","1518356683","1.95833"
"1518356683","1582971263","1.39478"
"1582971263","1518356683","1.39478"
"1518356683","1829844087","0.565018"
"1829844087","1518356683","0.565018"
"1518356683","2054074992","0.125"
"2054074992","1518356683","0.125"
"1518356683","2110582769","2.08288"
"2110582769","1518356683","2.08288"
"1518356683","2500062327","6.22619"
"2500062327","1518356683","6.22619"
"1518356683","2506733973","7.02619"
"2506733973","1518356683","7.02619"
"1526683831","2054074992","0.125"
"2054074992","1526683831","0.125"
"1526683831","2110582769","0.125"
"2110582769","1526683831","0.125"
"1526683831","2500062327","2.79167"
"2500062327","1526683831","2.79167"
"1526683831","2506733973","0.458333"
"2506733973","1526683831","0.458333"
"1582971263","2054074992","0.125"
"2054074992","1582971263","0.125"
"1582971263","2110582769","0.34478"
"2110582769","1582971263","0.34478"
"1582971263","2506733973","2.81786"
"2506733973","1582971263","2.81786"
"1829844087","2054074992","0.125"
"2054074992","1829844087","0.125"
"1829844087","2110582769","0.523352"
"2110582769","1829844087","0.523352"
"1829844087","2500062327","3.95119"
"2500062327","1829844087","3.95119"
"1829844087","2506733973","0.25"
"2506733973","1829844087","0.25"
"2054074992","2110582769","0.125"
"2110582769","2054074992","0.125"
"2054074992","2500062327","0.125"
"2500062327","2054074992","0.125"
"2054074992","2506733973","0.125"
"2506733973","2054074992","0.125"
"2110582769","2500062327","1.26786"
"2500062327","2110582769","1.26786"
"2110582769","2506733973","0.767857"
"2506733973","2110582769","0.767857"
"2500062327","2506733973","9.77619"
"2506733973","2500062327","9.77619"
"128293706","2001543889","1"
"2001543889","128293706","1"
"1484776859","1582971263","0.47619"
"1582971263","1484776859","0.47619"
"1484776859","2003408954","1.30952"
"2003408954","1484776859","1.30952"
"1484776859","2035552233","0.97619"
"2035552233","1484776859","0.97619"
"1484776859","2064710014","0.47619"
"2064710014","1484776859","0.47619"
"1484776859","2089618153","0.142857"
"2089618153","1484776859","0.142857"
"1484776859","268424627","0.142857"
"268424627","1484776859","0.142857"
"1484776859","334102867","0.142857"
"334102867","1484776859","0.142857"
"1582971263","2003408954","18.7972"
"2003408954","1582971263","18.7972"
"1582971263","2035552233","6.55238"
"2035552233","1582971263","6.55238"
"1582971263","2064710014","5.52738"
"2064710014","1582971263","5.52738"
"1582971263","2089618153","13.7385"
"2089618153","1582971263","13.7385"
"1582971263","334102867","11.8218"
"334102867","1582971263","11.8218"
"2003408954","2035552233","3.95952"
"2035552233","2003408954","3.95952"
"2003408954","2064710014","18.894"
"2064710014","2003408954","18.894"
"2003408954","2089618153","4.81071"
"2089618153","2003408954","4.81071"
"2003408954","268424627","3.45629"
"268424627","2003408954","3.45629"
"2003408954","334102867","3.81071"
"334102867","2003408954","3.81071"
"2035552233","2064710014","2.54286"
"2064710014","2035552233","2.54286"
"2035552233","2089618153","3.67619"
"2089618153","2035552233","3.67619"
"2035552233","268424627","1.14286"
"268424627","2035552233","1.14286"
"2035552233","334102867","3.22619"
"334102867","2035552233","3.22619"
"2064710014","2089618153","1.94405"
"2089618153","2064710014","1.94405"
"2064710014","268424627","0.142857"
"268424627","2064710014","0.142857"
"2064710014","334102867","3.02738"
"334102867","2064710014","3.02738"
"2089618153","268424627","0.253968"
"268424627","2089618153","0.253968"
"2089618153","334102867","5.45516"
"334102867","2089618153","5.45516"
"268424627","334102867","0.253968"
"334102867","268424627","0.253968"
"1484776859","2017243522","1"
"2017243522","1484776859","1"
"2003408954","2017243522","1.81667"
"2017243522","2003408954","1.81667"
"2017243522","2064710014","0.533333"
"2064710014","2017243522","0.533333"
"1484776859","2500062327","0.333333"
"2500062327","1484776859","0.333333"
"1582971263","2017243522","4.56667"
"2017243522","1582971263","4.56667"
"2017243522","2500062327","0.333333"
"2500062327","2017243522","0.333333"
"2017243522","2035552233","1.28333"
"2035552233","2017243522","1.28333"
"1489628671","1593054802","2"
"1593054802","1489628671","2"
"1489628671","334102867","1.66667"
"334102867","1489628671","1.66667"
"1489628671","1582971263","3.5"
"1582971263","1489628671","3.5"
"1489628671","2089618153","0.666667"
"2089618153","1489628671","0.666667"
"1489628671","2165267798","0.5"
"2165267798","1489628671","0.5"
"1489628671","2168287352","0.5"
"2168287352","1489628671","0.5"
"2165267798","2168287352","4.5"
"2168287352","2165267798","4.5"
"1489628671","2017243522","0.333333"
"2017243522","1489628671","0.333333"
"1489628671","41179424","0.333333"
"41179424","1489628671","0.333333"
"1582971263","41179424","1.36667"
"41179424","1582971263","1.36667"
"2017243522","41179424","1.28333"
"41179424","2017243522","1.28333"
"1489628671","2064710014","0.5"
"2064710014","1489628671","0.5"
"1500401863","1600296546","2"
"1600296546","1500401863","2"
"1500401863","2074374546","2.16667"
"2074374546","1500401863","2.16667"
"1500401863","1593054802","0.166667"
"1593054802","1500401863","0.166667"
"1500401863","2003408954","0.166667"
"2003408954","1500401863","0.166667"
"1500401863","2012453507","0.166667"
"2012453507","1500401863","0.166667"
"1500401863","2112468092","0.166667"
"2112468092","1500401863","0.166667"
"1500401863","2165267798","0.166667"
"2165267798","1500401863","0.166667"
"1593054802","2003408954","0.388889"
"2003408954","1593054802","0.388889"
"1593054802","2012453507","0.166667"
"2012453507","1593054802","0.166667"
"1593054802","2074374546","0.166667"
"2074374546","1593054802","0.166667"
"1593054802","2112468092","2.38889"
"2112468092","1593054802","2.38889"
"1593054802","2165267798","7.06667"
"2165267798","1593054802","7.06667"
"2003408954","2012453507","1.18333"
"2012453507","2003408954","1.18333"
"2003408954","2074374546","1.41502"
"2074374546","2003408954","1.41502"
"2003408954","2112468092","7.7301"
"2112468092","2003408954","7.7301"
"2003408954","2165267798","1.67176"
"2165267798","2003408954","1.67176"
"2012453507","2074374546","0.166667"
"2074374546","2012453507","0.166667"
"2012453507","2112468092","0.366667"
"2112468092","2012453507","0.366667"
"2012453507","2165267798","0.166667"
"2165267798","2012453507","0.166667"
"2074374546","2112468092","0.665018"
"2112468092","2074374546","0.665018"
"2074374546","2165267798","0.415018"
"2165267798","2074374546","0.415018"
"2112468092","2165267798","14.2817"
"2165267798","2112468092","14.2817"
"1512960460","1984210936","0.25"
"1984210936","1512960460","0.25"
"1512960460","2051958371","0.25"
"2051958371","1512960460","0.25"
"1512960460","2500062327","0.25"
"2500062327","1512960460","0.25"
"1512960460","2883684207","0.25"
"2883684207","1512960460","0.25"
"1984210936","2051958371","22.3929"
"2051958371","1984210936","22.3929"
"1984210936","2500062327","6.38333"
"2500062327","1984210936","6.38333"
"1984210936","2883684207","0.25"
"2883684207","1984210936","0.25"
"2051958371","2500062327","5.58333"
"2500062327","2051958371","5.58333"
"2051958371","2883684207","0.25"
"2883684207","2051958371","0.25"
"2500062327","2883684207","0.25"
"2883684207","2500062327","0.25"
"1515055074","1518356683","2.99954"
"1518356683","1515055074","2.99954"
"1515055074","1829844087","0.973352"
"1829844087","1515055074","0.973352"
"1515055074","1869813374","0.596429"
"1869813374","1515055074","0.596429"
"1515055074","1984210936","1.88169"
"1984210936","1515055074","1.88169"
"1515055074","2003408954","0.148352"
"2003408954","1515055074","0.148352"
"1515055074","2051165371","0.0714286"
"2051165371","1515055074","0.0714286"
"1515055074","2074374546","0.148352"
"2074374546","1515055074","0.148352"
"1515055074","2110582769","3.74121"
"2110582769","1515055074","3.74121"
"1515055074","2112468092","0.598352"
"2112468092","1515055074","0.598352"
"1515055074","2163699853","0.148352"
"2163699853","1515055074","0.148352"
"1515055074","2163963159","0.648352"
"2163963159","1515055074","0.648352"
"1515055074","2165267798","0.398352"
"2165267798","1515055074","0.398352"
"1515055074","2208279105","0.321429"
"2208279105","1515055074","0.321429"
"1515055074","268424627","0.148352"
"268424627","1515055074","0.148352"
"1518356683","1869813374","0.755952"
"1869813374","1518356683","0.755952"
"1518356683","1984210936","2.88169"
"1984210936","1518356683","2.88169"
"1518356683","2003408954","0.881685"
"2003408954","1518356683","0.881685"
"1518356683","2051165371","0.0714286"
"2051165371","1518356683","0.0714286"
"1518356683","2074374546","0.398352"
"2074374546","1518356683","0.398352"
"1518356683","2112468092","10.265"
"2112468092","1518356683","10.265"
"1518356683","2163699853","0.315018"
"2163699853","1518356683","0.315018"
"1518356683","2163963159","1.31502"
"2163963159","1518356683","1.31502"
"1518356683","2165267798","1.09835"
"2165267798","1518356683","1.09835"
"1518356683","2208279105","0.488095"
"2208279105","1518356683","0.488095"
"1518356683","268424627","0.398352"
"268424627","1518356683","0.398352"
"1829844087","1869813374","1.22262"
"1869813374","1829844087","1.22262"
"1829844087","1984210936","0.598352"
"1984210936","1829844087","0.598352"
"1829844087","2003408954","1.49795"
"2003408954","1829844087","1.49795"
"1829844087","2051165371","0.0714286"
"2051165371","1829844087","0.0714286"
"1829844087","2074374546","0.248352"
"2074374546","1829844087","0.248352"
"1829844087","2112468092","2.64121"
"2112468092","1829844087","2.64121"
"1829844087","2163699853","0.724542"
"2163699853","1829844087","0.724542"
"1829844087","2163963159","5.57732"
"2163963159","1829844087","5.57732"
"1829844087","2165267798","13.9107"
"2165267798","1829844087","13.9107"
"1829844087","2208279105","0.0714286"
"2208279105","1829844087","0.0714286"
"1869813374","1984210936","0.471429"
"1984210936","1869813374","0.471429"
"1869813374","2003408954","0.953175"
"2003408954","1869813374","0.953175"
"1869813374","2051165371","0.0714286"
"2051165371","1869813374","0.0714286"
"1869813374","2074374546","0.171429"
"2074374546","1869813374","0.171429"
"1869813374","2110582769","0.0714286"
"2110582769","1869813374","0.0714286"
"1869813374","2112468092","1.38095"
"2112468092","1869813374","1.38095"
"1869813374","2163699853","1.14762"
"2163699853","1869813374","1.14762"
"1869813374","2163963159","0.754762"
"2163963159","1869813374","0.754762"
"1869813374","2165267798","0.904762"
"2165267798","1869813374","0.904762"
"1869813374","2208279105","0.0714286"
"2208279105","1869813374","0.0714286"
"1869813374","268424627","2.78651"
"268424627","1869813374","2.78651"
"1984210936","2003408954","1.34835"
"2003408954","1984210936","1.34835"
"1984210936","2051165371","3.07143"
"2051165371","1984210936","3.07143"
"1984210936","2074374546","0.648352"
"2074374546","1984210936","0.648352"
"1984210936","2110582769","1.26502"
"2110582769","1984210936","1.26502"
"1984210936","2112468092","20.3734"
"2112468092","1984210936","20.3734"
"1984210936","2163699853","0.148352"
"2163699853","1984210936","0.148352"
"1984210936","2163963159","3.60788"
"2163963159","1984210936","3.60788"
"1984210936","2165267798","3.89835"
"2165267798","1984210936","3.89835"
"1984210936","2208279105","9.27143"
"2208279105","1984210936","9.27143"
"1984210936","268424627","1.77335"
"268424627","1984210936","1.77335"
"2003408954","2051165371","0.321429"
"2051165371","2003408954","0.321429"
"2003408954","2110582769","0.148352"
"2110582769","2003408954","0.148352"
"2003408954","2163699853","0.780098"
"2163699853","2003408954","0.780098"
"2003408954","2163963159","1.1551"
"2163963159","2003408954","1.1551"
"2003408954","2208279105","0.0714286"
"2208279105","2003408954","0.0714286"
"2051165371","2074374546","0.0714286"
"2074374546","2051165371","0.0714286"
"2051165371","2110582769","0.0714286"
"2110582769","2051165371","0.0714286"
"2051165371","2112468092","6.82143"
"2112468092","2051165371","6.82143"
"2051165371","2163699853","0.0714286"
"2163699853","2051165371","0.0714286"
"2051165371","2163963159","1.07143"
"2163963159","2051165371","1.07143"
"2051165371","2165267798","1.07143"
"2165267798","2051165371","1.07143"
"2051165371","2208279105","3.07143"
"2208279105","2051165371","3.07143"
"2051165371","268424627","0.0714286"
"268424627","2051165371","0.0714286"
"2074374546","2110582769","0.148352"
"2110582769","2074374546","0.148352"
"2074374546","2163699853","0.248352"
"2163699853","2074374546","0.248352"
"2074374546","2163963159","0.248352"
"2163963159","2074374546","0.248352"
"2074374546","2208279105","0.571429"
"2208279105","2074374546","0.571429"
"2074374546","268424627","0.248352"
"268424627","2074374546","0.248352"
"2110582769","2112468092","0.515018"
"2112468092","2110582769","0.515018"
"2110582769","2163699853","0.148352"
"2163699853","2110582769","0.148352"
"2110582769","2163963159","0.398352"
"2163963159","2110582769","0.398352"
"2110582769","2165267798","1.14835"
"2165267798","2110582769","1.14835"
"2110582769","2208279105","0.238095"
"2208279105","2110582769","0.238095"
"2110582769","268424627","0.148352"
"268424627","2110582769","0.148352"
"2112468092","2163699853","0.724542"
"2163699853","2112468092","0.724542"
"2112468092","2163963159","2.08169"
"2163963159","2112468092","2.08169"
"2112468092","2208279105","5.15476"
"2208279105","2112468092","5.15476"
"2112468092","268424627","1.9801"
"268424627","2112468092","1.9801"
"2163699853","2163963159","0.581685"
"2163963159","2163699853","0.581685"
"2163699853","2165267798","0.581685"
"2165267798","2163699853","0.581685"
"2163699853","2208279105","0.0714286"
"2208279105","2163699853","0.0714286"
"2163963159","2165267798","14.2107"
"2165267798","2163963159","14.2107"
"2163963159","2208279105","0.0714286"
"2208279105","2163963159","0.0714286"
"2163963159","268424627","1.08168"
"268424627","2163963159","1.08168"
"2165267798","2208279105","0.0714286"
"2208279105","2165267798","0.0714286"
"2165267798","268424627","2.49835"
"268424627","2165267798","2.49835"
"2208279105","268424627","0.0714286"
"268424627","2208279105","0.0714286"
"1515055074","1572249345","0.142857"
"1572249345","1515055074","0.142857"
"1515055074","1582971263","0.46978"
"1582971263","1515055074","0.46978"
"1515055074","1814410203","2.36145"
"1814410203","1515055074","2.36145"
"1515055074","2500062327","0.85119"
"2500062327","1515055074","0.85119"
"1515055074","2506733973","0.60119"
"2506733973","1515055074","0.60119"
"1518356683","1572249345","0.342857"
"1572249345","1518356683","0.342857"
"1518356683","1814410203","3.2543"
"1814410203","1518356683","3.2543"
"1572249345","1582971263","0.342857"
"1582971263","1572249345","0.342857"
"1572249345","1814410203","1.00952"
"1814410203","1572249345","1.00952"
"1572249345","2110582769","0.142857"
"2110582769","1572249345","0.142857"
"1572249345","2500062327","0.592857"
"2500062327","1572249345","0.592857"
"1572249345","2506733973","0.342857"
"2506733973","1572249345","0.342857"
"1582971263","1814410203","3.50589"
"1814410203","1582971263","3.50589"
"1814410203","2110582769","0.586447"
"2110582769","1814410203","0.586447"
"1814410203","2500062327","7.26786"
"2500062327","1814410203","7.26786"
"1814410203","2506733973","2.15119"
"2506733973","1814410203","2.15119"
"1515055074","1530309676","0.325"
"1530309676","1515055074","0.325"
"1515055074","1600296546","0.325"
"1600296546","1515055074","0.325"
"1518356683","1530309676","0.367857"
"1530309676","1518356683","0.367857"
"1518356683","1600296546","0.567857"
"1600296546","1518356683","0.567857"
"1530309676","1600296546","0.567857"
"1600296546","1530309676","0.567857"
"1530309676","1814410203","0.567857"
"1814410203","1530309676","0.567857"
"1530309676","1829844087","0.325"
"1829844087","1530309676","0.325"
"1530309676","1869813374","0.467857"
"1869813374","1530309676","0.467857"
"1530309676","2500062327","0.125"
"2500062327","1530309676","0.125"
"1530309676","2506733973","0.125"
"2506733973","1530309676","0.125"
"1600296546","1814410203","0.567857"
"1814410203","1600296546","0.567857"
"1600296546","1829844087","0.325"
"1829844087","1600296546","0.325"
"1600296546","1869813374","0.467857"
"1869813374","1600296546","0.467857"
"1600296546","2500062327","1.875"
"2500062327","1600296546","1.875"
"1600296546","2506733973","0.125"
"2506733973","1600296546","0.125"
"1814410203","1829844087","2.21303"
"1829844087","1814410203","2.21303"
"1814410203","1869813374","1.52897"
"1869813374","1814410203","1.52897"
"1869813374","2500062327","3.00675"
"2500062327","1869813374","3.00675"
"1869813374","2506733973","0.125"
"2506733973","1869813374","0.125"
"1515055074","2044876976","0.7"
"2044876976","1515055074","0.7"
"1814410203","1984210936","5.70192"
"1984210936","1814410203","5.70192"
"1814410203","2044876976","2.61786"
"2044876976","1814410203","2.61786"
"1984210936","2044876976","6.98452"
"2044876976","1984210936","6.98452"
"2044876976","2500062327","2.88333"
"2500062327","2044876976","2.88333"
"1582971263","1984210936","5.81145"
"1984210936","1582971263","5.81145"
"1582971263","2074374546","0.510256"
"2074374546","1582971263","0.510256"
"1582971263","2112468092","6.67256"
"2112468092","1582971263","6.67256"
"1582971263","2163699853","0.430891"
"2163699853","1582971263","0.430891"
"1582971263","2163963159","3.59319"
"2163963159","1582971263","3.59319"
"1582971263","2165267798","37.8003"
"2165267798","1582971263","37.8003"
"1814410203","2003408954","0.860256"
"2003408954","1814410203","0.860256"
"1814410203","2074374546","3.07692"
"2074374546","1814410203","3.07692"
"1814410203","2112468092","5.29637"
"2112468092","1814410203","5.29637"
"1814410203","2163699853","0.688034"
"2163699853","1814410203","0.688034"
"1814410203","2163963159","1.38803"
"2163963159","1814410203","1.38803"
"1814410203","2165267798","2.18803"
"2165267798","1814410203","2.18803"
"1814410203","268424627","0.576923"
"268424627","1814410203","0.576923"
"1515055074","1556040310","0.2"
"1556040310","1515055074","0.2"
"1515055074","2086046934","0.2"
"2086046934","1515055074","0.2"
"1556040310","1814410203","0.7"
"1814410203","1556040310","0.7"
"1556040310","1869813374","0.2"
"1869813374","1556040310","0.2"
"1556040310","1984210936","0.2"
"1984210936","1556040310","0.2"
"1556040310","2086046934","1.53333"
"2086046934","1556040310","1.53333"
"1814410203","2086046934","0.842857"
"2086046934","1814410203","0.842857"
"1869813374","2086046934","0.942857"
"2086046934","1869813374","0.942857"
"1984210936","2086046934","1.6"
"2086046934","1984210936","1.6"
"1829844087","2044876976","0.25"
"2044876976","1829844087","0.25"
"2044876976","2163963159","0.759524"
"2163963159","2044876976","0.759524"
"2044876976","2165267798","2.81667"
"2165267798","2044876976","2.81667"
"1582971263","2208279105","0.25"
"2208279105","1582971263","0.25"
"2044876976","2110582769","0.2"
"2110582769","2044876976","0.2"
"2044876976","2112468092","4.475"
"2112468092","2044876976","4.475"
"1518356683","2051958371","2.01667"
"2051958371","1518356683","2.01667"
"1814410203","2051958371","4.20278"
"2051958371","1814410203","4.20278"
"1814410203","2208279105","2.5"
"2208279105","1814410203","2.5"
"2051958371","2110582769","0.666667"
"2110582769","2051958371","0.666667"
"2051958371","2112468092","31.1028"
"2112468092","2051958371","31.1028"
"2051958371","2208279105","1"
"2208279105","2051958371","1"
"2051958371","2074374546","0.25"
"2074374546","2051958371","0.25"
"2051958371","2506733973","0.75"
"2506733973","2051958371","0.75"
"2074374546","2506733973","0.25"
"2506733973","2074374546","0.25"
"2112468092","2506733973","0.916667"
"2506733973","2112468092","0.916667"
"2112468092","2500062327","8.86508"
"2500062327","2112468092","8.86508"
"1518356683","1583775122","4.83333"
"1583775122","1518356683","4.83333"
"1583775122","1829844087","0.638889"
"1829844087","1583775122","0.638889"
"1583775122","2003408954","1.61667"
"2003408954","1583775122","1.61667"
"1583775122","2112468092","28.5611"
"2112468092","1583775122","28.5611"
"1583775122","2163963159","2.63889"
"2163963159","1583775122","2.63889"
"1583775122","2165267798","4.68889"
"2165267798","1583775122","4.68889"
"1984210936","2506733973","0.433333"
"2506733973","1984210936","0.433333"
"2163963159","2506733973","1.5"
"2506733973","2163963159","1.5"
"1518356683","2012453507","0.266667"
"2012453507","1518356683","0.266667"
"1518356683","2064710014","2.46667"
"2064710014","1518356683","2.46667"
"1814410203","2012453507","1.51667"
"2012453507","1814410203","1.51667"
"1814410203","2064710014","0.266667"
"2064710014","1814410203","0.266667"
"1869813374","2012453507","0.366667"
"2012453507","1869813374","0.366667"
"1869813374","2064710014","0.166667"
"2064710014","1869813374","0.166667"
"2012453507","2064710014","0.766667"
"2064710014","2012453507","0.766667"
"2012453507","2163699853","0.166667"
"2163699853","2012453507","0.166667"
"2064710014","2163699853","0.166667"
"2163699853","2064710014","0.166667"
"1583775122","2064710014","1.53333"
"2064710014","1583775122","1.53333"
"2064710014","2112468092","1.33333"
"2112468092","2064710014","1.33333"
"1518356683","1570995986","0.85"
"1570995986","1518356683","0.85"
"1570995986","2112468092","2.70833"
"2112468092","1570995986","2.70833"
"1518356683","2044876976","1.07619"
"2044876976","1518356683","1.07619"
"1600296546","2003408954","1.55"
"2003408954","1600296546","1.55"
"1600296546","2044876976","0.442857"
"2044876976","1600296546","0.442857"
"1600296546","2064710014","0.45"
"2064710014","1600296546","0.45"
"1600296546","2165267798","1.2"
"2165267798","1600296546","1.2"
"2003408954","2044876976","0.4"
"2044876976","2003408954","0.4"
"2044876976","2064710014","0.3"
"2064710014","2044876976","0.3"
"2064710014","2165267798","1.86786"
"2165267798","2064710014","1.86786"
"1583775122","2506733973","0.333333"
"2506733973","1583775122","0.333333"
"1518356683","1778634229","0.242857"
"1778634229","1518356683","0.242857"
"1518356683","2086046934","0.142857"
"2086046934","1518356683","0.142857"
"1530309676","1778634229","0.142857"
"1778634229","1530309676","0.142857"
"1530309676","2044876976","0.242857"
"2044876976","1530309676","0.242857"
"1530309676","2086046934","0.142857"
"2086046934","1530309676","0.142857"
"1600296546","1778634229","0.142857"
"1778634229","1600296546","0.142857"
"1600296546","2086046934","0.142857"
"2086046934","1600296546","0.142857"
"1778634229","1814410203","1.73452"
"1814410203","1778634229","1.73452"
"1778634229","1869813374","0.142857"
"1869813374","1778634229","0.142857"
"1778634229","2044876976","3.91071"
"2044876976","1778634229","3.91071"
"1778634229","2086046934","0.47619"
"2086046934","1778634229","0.47619"
"1869813374","2044876976","0.142857"
"2044876976","1869813374","0.142857"
"2044876976","2086046934","0.72619"
"2086046934","2044876976","0.72619"
"1518356683","2134011045","0.5"
"2134011045","1518356683","0.5"
"1984210936","2134011045","4"
"2134011045","1984210936","4"
"1582971263","1869813374","1.80397"
"1869813374","1582971263","1.80397"
"1518356683","1554426929","0.1"
"1554426929","1518356683","0.1"
"1518356683","2050694803","0.1"
"2050694803","1518356683","0.1"
"1530309676","1554426929","0.1"
"1554426929","1530309676","0.1"
"1530309676","1570995986","0.1"
"1570995986","1530309676","0.1"
"1530309676","1984210936","0.1"
"1984210936","1530309676","0.1"
"1530309676","2003408954","0.1"
"2003408954","1530309676","0.1"
"1530309676","2050694803","0.1"
"2050694803","1530309676","0.1"
"1530309676","2051958371","0.1"
"2051958371","1530309676","0.1"
"1554426929","1570995986","1.1"
"1570995986","1554426929","1.1"
"1554426929","1600296546","0.1"
"1600296546","1554426929","0.1"
"1554426929","1814410203","0.85"
"1814410203","1554426929","0.85"
"1554426929","1984210936","0.1"
"1984210936","1554426929","0.1"
"1554426929","2003408954","0.1"
"2003408954","1554426929","0.1"
"1554426929","2044876976","0.85"
"2044876976","1554426929","0.85"
"1554426929","2050694803","0.1"
"2050694803","1554426929","0.1"
"1554426929","2051958371","1.6"
"2051958371","1554426929","1.6"
"1570995986","1600296546","1.93333"
"1600296546","1570995986","1.93333"
"1570995986","1814410203","0.475"
"1814410203","1570995986","0.475"
"1570995986","1984210936","0.70119"
"1984210936","1570995986","0.70119"
"1570995986","2003408954","0.6"
"2003408954","1570995986","0.6"
"1570995986","2044876976","2.45119"
"2044876976","1570995986","2.45119"
"1570995986","2050694803","0.225"
"2050694803","1570995986","0.225"
"1570995986","2051958371","5.45119"
"2051958371","1570995986","5.45119"
"1600296546","1984210936","0.725"
"1984210936","1600296546","0.725"
"1600296546","2050694803","0.1"
"2050694803","1600296546","0.1"
"1600296546","2051958371","0.975"
"2051958371","1600296546","0.975"
"1814410203","2050694803","2.725"
"2050694803","1814410203","2.725"
"1984210936","2050694803","2.59167"
"2050694803","1984210936","2.59167"
"2003408954","2050694803","0.1"
"2050694803","2003408954","0.1"
"2003408954","2051958371","6.01667"
"2051958371","2003408954","6.01667"
"2044876976","2050694803","0.225"
"2050694803","2044876976","0.225"
"2044876976","2051958371","6.68452"
"2051958371","2044876976","6.68452"
"2050694803","2051958371","1.475"
"2051958371","2050694803","1.475"
"1582971263","1778634229","0.567857"
"1778634229","1582971263","0.567857"
"1582971263","2012453507","0.1"
"2012453507","1582971263","0.1"
"1582971263","2044876976","1.56786"
"2044876976","1582971263","1.56786"
"1778634229","1984210936","2.10119"
"1984210936","1778634229","2.10119"
"1778634229","2003408954","0.6"
"2003408954","1778634229","0.6"
"1778634229","2012453507","0.1"
"2012453507","1778634229","0.1"
"1778634229","2064710014","0.1"
"2064710014","1778634229","0.1"
"1778634229","2500062327","1.43333"
"2500062327","1778634229","1.43333"
"1778634229","2506733973","0.1"
"2506733973","1778634229","0.1"
"1984210936","2012453507","0.633333"
"2012453507","1984210936","0.633333"
"1984210936","2064710014","0.1"
"2064710014","1984210936","0.1"
"2003408954","2500062327","4.97341"
"2500062327","2003408954","4.97341"
"2003408954","2506733973","0.1"
"2506733973","2003408954","0.1"
"2012453507","2044876976","0.1"
"2044876976","2012453507","0.1"
"2012453507","2500062327","0.1"
"2500062327","2012453507","0.1"
"2012453507","2506733973","0.1"
"2506733973","2012453507","0.1"
"2044876976","2506733973","0.1"
"2506733973","2044876976","0.1"
"2064710014","2500062327","1.225"
"2500062327","2064710014","1.225"
"2064710014","2506733973","0.1"
"2506733973","2064710014","0.1"
"1518356683","2168287352","0.5"
"2168287352","1518356683","0.5"
"2168287352","2500062327","4.08333"
"2500062327","2168287352","4.08333"
"1570995986","2165267798","2.41667"
"2165267798","1570995986","2.41667"
"1570995986","268424627","0.25"
"268424627","1570995986","0.25"
"1526683831","2112468092","6.5"
"2112468092","1526683831","6.5"
"1526683831","1600296546","0.5"
"1600296546","1526683831","0.5"
"1600296546","2112468092","0.833333"
"2112468092","1600296546","0.833333"
"1526683831","2050694803","5.58333"
"2050694803","1526683831","5.58333"
"1526683831","2051958371","2.08333"
"2051958371","1526683831","2.08333"
"1526683831","2163963159","0.25"
"2163963159","1526683831","0.25"
"1829844087","2050694803","0.25"
"2050694803","1829844087","0.25"
"1829844087","2051958371","2.14444"
"2051958371","1829844087","2.14444"
"2050694803","2163963159","1.25"
"2163963159","2050694803","1.25"
"2051958371","2163963159","3.32063"
"2163963159","2051958371","3.32063"
"2050694803","2112468092","1.625"
"2112468092","2050694803","1.625"
"2050694803","2500062327","2.5"
"2500062327","2050694803","2.5"
"1526683831","2165267798","1"
"2165267798","1526683831","1"
"1535374361","2001543889","2.25"
"2001543889","1535374361","2.25"
"1535374361","2014847510","1.33333"
"2014847510","1535374361","1.33333"
"1535374361","2029443904","0.583333"
"2029443904","1535374361","0.583333"
"1535374361","2088783739","0.333333"
"2088783739","1535374361","0.333333"
"2014847510","2029443904","0.666667"
"2029443904","2014847510","0.666667"
"2014847510","2088783739","0.666667"
"2088783739","2014847510","0.666667"
"2029443904","2088783739","12.7833"
"2088783739","2029443904","12.7833"
"1535374361","2051165371","0.25"
"2051165371","1535374361","0.25"
"1535374361","2490697653","0.25"
"2490697653","1535374361","0.25"
"2001543889","2029443904","3.41667"
"2029443904","2001543889","3.41667"
"2001543889","2051165371","1.5"
"2051165371","2001543889","1.5"
"2001543889","2490697653","0.25"
"2490697653","2001543889","0.25"
"2029443904","2051165371","1.58333"
"2051165371","2029443904","1.58333"
"2029443904","2490697653","0.25"
"2490697653","2029443904","0.25"
"2051165371","2490697653","0.25"
"2490697653","2051165371","0.25"
"1554426929","2500062327","3"
"2500062327","1554426929","3"
"1570995986","2500062327","0.5"
"2500062327","1570995986","0.5"
"1554426929","1582971263","1.25"
"1582971263","1554426929","1.25"
"1554426929","1829844087","0.25"
"1829844087","1554426929","0.25"
"1554426929","2112468092","1"
"2112468092","1554426929","1"
"1554426929","1593054802","0.25"
"1593054802","1554426929","0.25"
"1554426929","2165267798","0.25"
"2165267798","1554426929","0.25"
"1593054802","2044876976","0.25"
"2044876976","1593054802","0.25"
"1556040310","2001543889","3.16667"
"2001543889","1556040310","3.16667"
"1814410203","2001543889","0.666667"
"2001543889","1814410203","0.666667"
"1556040310","2029443904","0.583333"
"2029443904","1556040310","0.583333"
"1556040310","2088783739","0.25"
"2088783739","1556040310","0.25"
"2001543889","2086046934","4.66667"
"2086046934","2001543889","4.66667"
"2001543889","2088783739","1.58333"
"2088783739","2001543889","1.58333"
"2029443904","2086046934","6.86667"
"2086046934","2029443904","6.86667"
"2086046934","2088783739","4.95"
"2088783739","2086046934","4.95"
"1556040310","2068156905","0.583333"
"2068156905","1556040310","0.583333"
"2001543889","2068156905","2.41667"
"2068156905","2001543889","2.41667"
"2068156905","2086046934","0.916667"
"2086046934","2068156905","0.916667"
"1556040310","1659906433","1.58333"
"1659906433","1556040310","1.58333"
"1556040310","2134011045","1"
"2134011045","1556040310","1"
"1556040310","2517834580","0.833333"
"2517834580","1556040310","0.833333"
"1659906433","2029443904","0.958333"
"2029443904","1659906433","0.958333"
"1659906433","2517834580","0.333333"
"2517834580","1659906433","0.333333"
"2029443904","2517834580","0.666667"
"2517834580","2029443904","0.666667"
"2086046934","2517834580","0.833333"
"2517834580","2086046934","0.833333"
"1556040310","2267997859","0.5"
"2267997859","1556040310","0.5"
"2001543889","2267997859","2.75"
"2267997859","2001543889","2.75"
"1659906433","2001543889","0.25"
"2001543889","1659906433","0.25"
"1659906433","2068156905","0.25"
"2068156905","1659906433","0.25"
"1659906433","2086046934","0.75"
"2086046934","1659906433","0.75"
"1556040310","2112468092","0.333333"
"2112468092","1556040310","0.333333"
"1556040310","268424627","0.333333"
"268424627","1556040310","0.333333"
"2001543889","2112468092","0.833333"
"2112468092","2001543889","0.833333"
"2001543889","268424627","0.333333"
"268424627","2001543889","0.333333"
"1570995986","194710741","0.333333"
"194710741","1570995986","0.333333"
"1600296546","194710741","0.333333"
"194710741","1600296546","0.333333"
"194710741","2112468092","1.66667"
"2112468092","194710741","1.66667"
"1570995986","2086615593","1"
"2086615593","1570995986","1"
"1570995986","1572249345","0.333333"
"1572249345","1570995986","0.333333"
"1570995986","1778634229","1.35119"
"1778634229","1570995986","1.35119"
"1570995986","2163963159","0.309524"
"2163963159","1570995986","0.309524"
"1572249345","1778634229","0.833333"
"1778634229","1572249345","0.833333"
"1572249345","1984210936","1.45"
"1984210936","1572249345","1.45"
"1572249345","2044876976","0.833333"
"2044876976","1572249345","0.833333"
"1572249345","2051958371","4"
"2051958371","1572249345","4"
"1572249345","2163963159","0.166667"
"2163963159","1572249345","0.166667"
"1778634229","2051958371","4.45119"
"2051958371","1778634229","4.45119"
"1778634229","2163963159","0.709524"
"2163963159","1778634229","0.709524"
"1572249345","2165267798","0.166667"
"2165267798","1572249345","0.166667"
"1778634229","2165267798","0.616667"
"2165267798","1778634229","0.616667"
"2051958371","2165267798","54.9778"
"2165267798","2051958371","54.9778"
"1570995986","1582971263","0.267857"
"1582971263","1570995986","0.267857"
"1582971263","2050694803","1.29167"
"2050694803","1582971263","1.29167"
"1582971263","2051958371","6.49564"
"2051958371","1582971263","6.49564"
"1778634229","2050694803","0.125"
"2050694803","1778634229","0.125"
"1778634229","2112468092","1.325"
"2112468092","1778634229","1.325"
"1570995986","2035552233","0.142857"
"2035552233","1570995986","0.142857"
"1778634229","2035552233","0.392857"
"2035552233","1778634229","0.392857"
"1984210936","2035552233","0.392857"
"2035552233","1984210936","0.392857"
"2035552233","2044876976","0.392857"
"2044876976","2035552233","0.392857"
"2035552233","2051958371","1.39286"
"2051958371","2035552233","1.39286"
"2035552233","2163963159","1.47619"
"2163963159","2035552233","1.47619"
"1570995986","2051165371","0.5"
"2051165371","1570995986","0.5"
"1570995986","2029443904","0.333333"
"2029443904","1570995986","0.333333"
"1570995986","2086046934","0.333333"
"2086046934","1570995986","0.333333"
"1570995986","2517834580","0.333333"
"2517834580","1570995986","0.333333"
"1572249345","1829844087","1"
"1829844087","1572249345","1"
"1572249345","2112468092","1.36667"
"2112468092","1572249345","1.36667"
"1572249345","1869813374","0.2"
"1869813374","1572249345","0.2"
"1572249345","2012453507","0.2"
"2012453507","1572249345","0.2"
"1572249345","2086046934","0.2"
"2086046934","1572249345","0.2"
"2012453507","2086046934","0.2"
"2086046934","2012453507","0.2"
"2086046934","2112468092","1.7"
"2112468092","2086046934","1.7"
"1572249345","2003408954","0.166667"
"2003408954","1572249345","0.166667"
"1572249345","2078713914","0.166667"
"2078713914","1572249345","0.166667"
"1814410203","2078713914","0.166667"
"2078713914","1814410203","0.166667"
"1984210936","2078713914","0.625"
"2078713914","1984210936","0.625"
"2003408954","2078713914","0.416667"
"2078713914","2003408954","0.416667"
"2051958371","2078713914","1.04167"
"2078713914","2051958371","1.04167"
"2078713914","2112468092","0.416667"
"2112468092","2078713914","0.416667"
"1582971263","194710741","0.333333"
"194710741","1582971263","0.333333"
"1582971263","2109562042","0.333333"
"2109562042","1582971263","0.333333"
"194710741","2074374546","0.333333"
"2074374546","194710741","0.333333"
"194710741","2109562042","3.83333"
"2109562042","194710741","3.83333"
"2074374546","2109562042","0.333333"
"2109562042","2074374546","0.333333"
"2165267798","2500062327","62.725"
"2500062327","2165267798","62.725"
"1593054802","2500062327","3.83333"
"2500062327","1593054802","3.83333"
"2089618153","2112468092","0.333333"
"2112468092","2089618153","0.333333"
"2089618153","2500062327","1.31944"
"2500062327","2089618153","1.31944"
"2003408954","41179424","0.95"
"41179424","2003408954","0.95"
"2017243522","2089618153","4.15"
"2089618153","2017243522","4.15"
"2089618153","41179424","0.783333"
"41179424","2089618153","0.783333"
"1582971263","2168287352","11.5833"
"2168287352","1582971263","11.5833"
"1582971263","1583775122","10.2389"
"1583775122","1582971263","10.2389"
"1583775122","1869813374","0.611111"
"1869813374","1583775122","0.611111"
"1583775122","268424627","0.944444"
"268424627","1583775122","0.944444"
"1583775122","1984210936","0.166667"
"1984210936","1583775122","0.166667"
"1583775122","2050694803","0.166667"
"2050694803","1583775122","0.166667"
"1583775122","2051958371","5.14444"
"2051958371","1583775122","5.14444"
"1583775122","2500062327","7.11111"
"2500062327","1583775122","7.11111"
"1583775122","334102867","1.01111"
"334102867","1583775122","1.01111"
"1984210936","334102867","0.166667"
"334102867","1984210936","0.166667"
"2050694803","334102867","1.66667"
"334102867","2050694803","1.66667"
"2051958371","334102867","0.166667"
"334102867","2051958371","0.166667"
"2500062327","334102867","0.652778"
"334102867","2500062327","0.652778"
"1583775122","1814410203","0.944444"
"1814410203","1583775122","0.944444"
"1583775122","2163699853","0.111111"
"2163699853","1583775122","0.111111"
"1869813374","2051958371","0.444444"
"2051958371","1869813374","0.444444"
"2051958371","2163699853","1.11111"
"2163699853","2051958371","1.11111"
"1582971263","2134011045","3.2"
"2134011045","1582971263","3.2"
"1582971263","1625450012","1"
"1625450012","1582971263","1"
"1583775122","1593054802","1.59444"
"1593054802","1583775122","1.59444"
"1583775122","2089618153","0.511111"
"2089618153","1583775122","0.511111"
"1593054802","2089618153","0.511111"
"2089618153","1593054802","0.511111"
"1593054802","334102867","1.84444"
"334102867","1593054802","1.84444"
"2089618153","2165267798","0.778968"
"2165267798","2089618153","0.778968"
"2165267798","334102867","1.8123"
"334102867","2165267798","1.8123"
"334102867","41179424","2.03333"
"41179424","334102867","2.03333"
"1582971263","1846245088","0.5"
"1846245088","1582971263","0.5"
"1846245088","2500062327","5.5"
"2500062327","1846245088","5.5"
"2074374546","2500062327","4.1"
"2500062327","2074374546","4.1"
"2163963159","2500062327","10.8917"
"2500062327","2163963159","10.8917"
"1582971263","2086615593","1"
"2086615593","1582971263","1"
"2051958371","268424627","0.875"
"268424627","2051958371","0.875"
"1582971263","2890832274","0.5"
"2890832274","1582971263","0.5"
"2089618153","2890832274","0.5"
"2890832274","2089618153","0.5"
"1829844087","2064710014","0.467857"
"2064710014","1829844087","0.467857"
"1829844087","2089618153","0.378968"
"2089618153","1829844087","0.378968"
"1829844087","334102867","0.578968"
"334102867","1829844087","0.578968"
"2064710014","2163963159","0.767857"
"2163963159","2064710014","0.767857"
"2089618153","2163963159","0.378968"
"2163963159","2089618153","0.378968"
"2163963159","334102867","0.378968"
"334102867","2163963159","0.378968"
"2003408954","2168287352","2.83333"
"2168287352","2003408954","2.83333"
"2064710014","2168287352","2.08333"
"2168287352","2064710014","2.08333"
"2168287352","334102867","1.08333"
"334102867","2168287352","1.08333"
"2017243522","334102867","1.7"
"334102867","2017243522","1.7"
