"1230283387","2011516515","12.3333"
"2011516515","1230283387","12.3333"
"1230283387","1981825277","5.33333"
"1981825277","1230283387","5.33333"
"1230283387","1986828474","1"
"1986828474","1230283387","1"
"1986828474","2011516515","1.125"
"2011516515","1986828474","1.125"
"1230283387","2083745421","2.5"
"2083745421","1230283387","2.5"
"1230283387","1566102133","3"
"1566102133","1230283387","3"
"1566102133","2083745421","2.33333"
"2083745421","1566102133","2.33333"
"1230283387","2022377611","0.833333"
"2022377611","1230283387","0.833333"
"1230283387","2097674647","0.5"
"2097674647","1230283387","0.5"
"2022377611","2097674647","0.5"
"2097674647","2022377611","0.5"
"1981825277","2011516515","9.33333"
"2011516515","1981825277","9.33333"
"1981825277","2022377611","2.33333"
"2022377611","1981825277","2.33333"
"2011516515","2022377611","7.66667"
"2022377611","2011516515","7.66667"
"1230283387","2648699835","0.5"
"2648699835","1230283387","0.5"
"2083745421","2648699835","2.83333"
"2648699835","2083745421","2.83333"
"1489635598","2036181041","1"
"2036181041","1489635598","1"
"1501491257","2989254660","1.09091"
"2989254660","1501491257","1.09091"
"1501491257","2002682102","2.37424"
"2002682102","1501491257","2.37424"
"1501491257","2055859287","0.674242"
"2055859287","1501491257","0.674242"
"1501491257","2137845970","0.674242"
"2137845970","1501491257","0.674242"
"2002682102","2055859287","2.69556"
"2055859287","2002682102","2.69556"
"2002682102","2137845970","7.35463"
"2137845970","2002682102","7.35463"
"2055859287","2137845970","1.05112"
"2137845970","2055859287","1.05112"
"1501491257","1986828474","1.29091"
"1986828474","1501491257","1.29091"
"1501491257","1992053235","0.290909"
"1992053235","1501491257","0.290909"
"1501491257","2009018050","0.290909"
"2009018050","1501491257","0.290909"
"1501491257","2012426233","0.0909091"
"2012426233","1501491257","0.0909091"
"1501491257","2029911720","0.0909091"
"2029911720","1501491257","0.0909091"
"1501491257","2035127985","0.290909"
"2035127985","1501491257","0.290909"
"1501491257","2112492518","0.0909091"
"2112492518","1501491257","0.0909091"
"1986828474","1992053235","21.4265"
"1992053235","1986828474","21.4265"
"1986828474","2002682102","50.4833"
"2002682102","1986828474","50.4833"
"1986828474","2009018050","9.51461"
"2009018050","1986828474","9.51461"
"1986828474","2012426233","13.046"
"2012426233","1986828474","13.046"
"1986828474","2029911720","12.3436"
"2029911720","1986828474","12.3436"
"1986828474","2035127985","9.77691"
"2035127985","1986828474","9.77691"
"1986828474","2055859287","3.22175"
"2055859287","1986828474","3.22175"
"1986828474","2112492518","6.21461"
"2112492518","1986828474","6.21461"
"1986828474","2137845970","27.9848"
"2137845970","1986828474","27.9848"
"1986828474","2989254660","0.679401"
"2989254660","1986828474","0.679401"
"1992053235","2002682102","8.74318"
"2002682102","1992053235","8.74318"
"1992053235","2009018050","2.23723"
"2009018050","1992053235","2.23723"
"1992053235","2012426233","15.0991"
"2012426233","1992053235","15.0991"
"1992053235","2029911720","3.7785"
"2029911720","1992053235","3.7785"
"1992053235","2035127985","2.03842"
"2035127985","1992053235","2.03842"
"1992053235","2055859287","2.31064"
"2055859287","1992053235","2.31064"
"1992053235","2112492518","6.80747"
"2112492518","1992053235","6.80747"
"1992053235","2137845970","11.0682"
"2137845970","1992053235","11.0682"
"1992053235","2989254660","0.679401"
"2989254660","1992053235","0.679401"
"2002682102","2009018050","11.4526"
"2009018050","2002682102","11.4526"
"2002682102","2012426233","6.6531"
"2012426233","2002682102","6.6531"
"2002682102","2029911720","5.47691"
"2029911720","2002682102","5.47691"
"2002682102","2035127985","5.08161"
"2035127985","2002682102","5.08161"
"2002682102","2112492518","3.83128"
"2112492518","2002682102","3.83128"
"2002682102","2989254660","0.756324"
"2989254660","2002682102","0.756324"
"2009018050","2012426233","3.14794"
"2012426233","2009018050","3.14794"
"2009018050","2029911720","0.943974"
"2029911720","2009018050","0.943974"
"2009018050","2035127985","5.04431"
"2035127985","2009018050","5.04431"
"2009018050","2055859287","0.551116"
"2055859287","2009018050","0.551116"
"2009018050","2112492518","0.912228"
"2112492518","2009018050","0.912228"
"2009018050","2137845970","2.61534"
"2137845970","2009018050","2.61534"
"2009018050","2989254660","0.47061"
"2989254660","2009018050","0.47061"
"2012426233","2029911720","2.60628"
"2029911720","2012426233","2.60628"
"2012426233","2035127985","1.84239"
"2035127985","2012426233","1.84239"
"2012426233","2055859287","5.75508"
"2055859287","2012426233","5.75508"
"2012426233","2112492518","6.96461"
"2112492518","2012426233","6.96461"
"2012426233","2137845970","14.8658"
"2137845970","2012426233","14.8658"
"2012426233","2989254660","0.411544"
"2989254660","2012426233","0.411544"
"2029911720","2035127985","1.22175"
"2035127985","2029911720","1.22175"
"2029911720","2055859287","1.41223"
"2055859287","2029911720","1.41223"
"2029911720","2112492518","3.70112"
"2112492518","2029911720","3.70112"
"2029911720","2137845970","0.711831"
"2137845970","2029911720","0.711831"
"2029911720","2989254660","0.157576"
"2989254660","2029911720","0.157576"
"2035127985","2055859287","0.412228"
"2055859287","2035127985","0.412228"
"2035127985","2112492518","2.57889"
"2112492518","2035127985","2.57889"
"2035127985","2137845970","2.62486"
"2137845970","2035127985","2.62486"
"2035127985","2989254660","0.488467"
"2989254660","2035127985","0.488467"
"2055859287","2112492518","1.22731"
"2112492518","2055859287","1.22731"
"2055859287","2989254660","0.157576"
"2989254660","2055859287","0.157576"
"2112492518","2137845970","2.36461"
"2137845970","2112492518","2.36461"
"2112492518","2989254660","0.411544"
"2989254660","2112492518","0.411544"
"2137845970","2989254660","0.631324"
"2989254660","2137845970","0.631324"
"1501491257","1795627003","0.25"
"1795627003","1501491257","0.25"
"1795627003","2002682102","1.63716"
"2002682102","1795627003","1.63716"
"1795627003","2055859287","0.678822"
"2055859287","1795627003","0.678822"
"1795627003","2137845970","2.08716"
"2137845970","1795627003","2.08716"
"1501491257","2005066702","0.5"
"2005066702","1501491257","0.5"
"2002682102","2005066702","11.7363"
"2005066702","2002682102","11.7363"
"1557207628","1596258944","7.14286"
"1596258944","1557207628","7.14286"
"1557207628","2009018050","0.5"
"2009018050","1557207628","0.5"
"1557207628","2019973434","6.64286"
"2019973434","1557207628","6.64286"
"1557207628","2036181041","0.25"
"2036181041","1557207628","0.25"
"1596258944","2009018050","0.5"
"2009018050","1596258944","0.5"
"1596258944","2019973434","18.6429"
"2019973434","1596258944","18.6429"
"1596258944","2036181041","1.78333"
"2036181041","1596258944","1.78333"
"2009018050","2019973434","0.865666"
"2019973434","2009018050","0.865666"
"2009018050","2036181041","1.375"
"2036181041","2009018050","1.375"
"2019973434","2036181041","0.375"
"2036181041","2019973434","0.375"
"1557207628","2002682102","2.14286"
"2002682102","1557207628","2.14286"
"1557207628","1981825277","0.5"
"1981825277","1557207628","0.5"
"1596258944","1981825277","0.5"
"1981825277","1596258944","0.5"
"1557207628","2012426233","0.25"
"2012426233","1557207628","0.25"
"1596258944","2012426233","0.25"
"2012426233","1596258944","0.25"
"2012426233","2019973434","0.302632"
"2019973434","2012426233","0.302632"
"1596258944","2002682102","4.42619"
"2002682102","1596258944","4.42619"
"1557207628","1986715529","0.142857"
"1986715529","1557207628","0.142857"
"1557207628","2083745421","0.142857"
"2083745421","1557207628","0.142857"
"1557207628","2113381424","0.142857"
"2113381424","1557207628","0.142857"
"1557207628","2283472011","0.142857"
"2283472011","1557207628","0.142857"
"1596258944","1986715529","0.642857"
"1986715529","1596258944","0.642857"
"1596258944","2083745421","0.642857"
"2083745421","1596258944","0.642857"
"1596258944","2113381424","0.142857"
"2113381424","1596258944","0.142857"
"1596258944","2283472011","0.142857"
"2283472011","1596258944","0.142857"
"1986715529","2002682102","0.142857"
"2002682102","1986715529","0.142857"
"1986715529","2019973434","0.142857"
"2019973434","1986715529","0.142857"
"1986715529","2083745421","1.97619"
"2083745421","1986715529","1.97619"
"1986715529","2113381424","0.142857"
"2113381424","1986715529","0.142857"
"1986715529","2283472011","0.142857"
"2283472011","1986715529","0.142857"
"2002682102","2019973434","4.65297"
"2019973434","2002682102","4.65297"
"2002682102","2083745421","2.48016"
"2083745421","2002682102","2.48016"
"2002682102","2113381424","0.142857"
"2113381424","2002682102","0.142857"
"2002682102","2283472011","0.142857"
"2283472011","2002682102","0.142857"
"2019973434","2083745421","3.5873"
"2083745421","2019973434","3.5873"
"2019973434","2113381424","1.14286"
"2113381424","2019973434","1.14286"
"2019973434","2283472011","0.142857"
"2283472011","2019973434","0.142857"
"2083745421","2113381424","0.142857"
"2113381424","2083745421","0.142857"
"2083745421","2283472011","0.142857"
"2283472011","2083745421","0.142857"
"2113381424","2283472011","0.142857"
"2283472011","2113381424","0.142857"
"1566102133","1986715529","0.333333"
"1986715529","1566102133","0.333333"
"1566102133","2025910815","0.333333"
"2025910815","1566102133","0.333333"
"1986715529","2025910815","3.83333"
"2025910815","1986715529","3.83333"
"2025910815","2083745421","1.33333"
"2083745421","2025910815","1.33333"
"1586685689","2134842174","13.7333"
"2134842174","1586685689","13.7333"
"1586685689","2150585057","12.9"
"2150585057","1586685689","12.9"
"2134842174","2150585057","21.3444"
"2150585057","2134842174","21.3444"
"1586685689","2039346806","0.333333"
"2039346806","1586685689","0.333333"
"2039346806","2134842174","0.333333"
"2134842174","2039346806","0.333333"
"2039346806","2150585057","0.333333"
"2150585057","2039346806","0.333333"
"1586685689","2002682102","2.81667"
"2002682102","1586685689","2.81667"
"2002682102","2134842174","13.0415"
"2134842174","2002682102","13.0415"
"2002682102","2150585057","2.42778"
"2150585057","2002682102","2.42778"
"1586685689","2171546502","1"
"2171546502","1586685689","1"
"1586685689","1986828474","0.983333"
"1986828474","1586685689","0.983333"
"1986828474","2134842174","6.01374"
"2134842174","1986828474","6.01374"
"1586685689","2009018050","0.45"
"2009018050","1586685689","0.45"
"1986828474","2150585057","0.511111"
"2150585057","1986828474","0.511111"
"2009018050","2134842174","0.919298"
"2134842174","2009018050","0.919298"
"2009018050","2150585057","0.2"
"2150585057","2009018050","0.2"
"1586685689","2005066702","0.333333"
"2005066702","1586685689","0.333333"
"2005066702","2134842174","9.36374"
"2134842174","2005066702","9.36374"
"2005066702","2150585057","1.44444"
"2150585057","2005066702","1.44444"
"1586685689","2035127985","0.25"
"2035127985","1586685689","0.25"
"1586685689","2036181041","1"
"2036181041","1586685689","1"
"1586685689","2019973434","0.2"
"2019973434","1586685689","0.2"
"1986828474","2019973434","1.32208"
"2019973434","1986828474","1.32208"
"2019973434","2134842174","4.86374"
"2134842174","2019973434","4.86374"
"2019973434","2150585057","0.311111"
"2150585057","2019973434","0.311111"
"1596258944","2028709054","6.53333"
"2028709054","1596258944","6.53333"
"2002682102","2028709054","1.78333"
"2028709054","2002682102","1.78333"
"2002682102","2036181041","0.858333"
"2036181041","2002682102","0.858333"
"2028709054","2036181041","7.86667"
"2036181041","2028709054","7.86667"
"1596258944","2134842174","0.333333"
"2134842174","1596258944","0.333333"
"1596258944","2150585057","0.333333"
"2150585057","1596258944","0.333333"
"1596258944","2060030398","0.5"
"2060030398","1596258944","0.5"
"1596258944","2077948748","0.5"
"2077948748","1596258944","0.5"
"2060030398","2077948748","5.7"
"2077948748","2060030398","5.7"
"1596258944","1984918470","0.416667"
"1984918470","1596258944","0.416667"
"1596258944","1986828474","0.166667"
"1986828474","1596258944","0.166667"
"1596258944","2036295879","0.166667"
"2036295879","1596258944","0.166667"
"1596258944","2171144050","0.416667"
"2171144050","1596258944","0.416667"
"1596258944","2467890656","0.166667"
"2467890656","1596258944","0.166667"
"1984918470","1986828474","0.166667"
"1986828474","1984918470","0.166667"
"1984918470","2002682102","2.28803"
"2002682102","1984918470","2.28803"
"1984918470","2036295879","1.2547"
"2036295879","1984918470","1.2547"
"1984918470","2171144050","1.7047"
"2171144050","1984918470","1.7047"
"1984918470","2467890656","1.33803"
"2467890656","1984918470","1.33803"
"1986828474","2036295879","0.856746"
"2036295879","1986828474","0.856746"
"1986828474","2171144050","0.878968"
"2171144050","1986828474","0.878968"
"1986828474","2467890656","0.166667"
"2467890656","1986828474","0.166667"
"2002682102","2036295879","6.36542"
"2036295879","2002682102","6.36542"
"2002682102","2171144050","5.0043"
"2171144050","2002682102","5.0043"
"2002682102","2467890656","1.69915"
"2467890656","2002682102","1.69915"
"2036295879","2171144050","4.97097"
"2171144050","2036295879","4.97097"
"2036295879","2467890656","1.36581"
"2467890656","2036295879","1.36581"
"2171144050","2467890656","1.11581"
"2467890656","2171144050","1.11581"
"1596258944","2055859287","0.25"
"2055859287","1596258944","0.25"
"1984918470","2055859287","0.25"
"2055859287","1984918470","0.25"
"2055859287","2171144050","0.361111"
"2171144050","2055859287","0.361111"
"1596258944","2171546502","1"
"2171546502","1596258944","1"
"1596258944","1976044263","0.2"
"1976044263","1596258944","0.2"
"1596258944","1992053235","0.2"
"1992053235","1596258944","0.2"
"1976044263","1992053235","1.2614"
"1992053235","1976044263","1.2614"
"1976044263","2002682102","1.17806"
"2002682102","1976044263","1.17806"
"1976044263","2028709054","0.2"
"2028709054","1976044263","0.2"
"1976044263","2036181041","0.2"
"2036181041","1976044263","0.2"
"1992053235","2028709054","0.2"
"2028709054","1992053235","0.2"
"1992053235","2036181041","0.2"
"2036181041","1992053235","0.2"
"1599462034","2083745421","1.06667"
"2083745421","1599462034","1.06667"
"1599462034","2112492518","1.1193"
"2112492518","1599462034","1.1193"
"1599462034","1992053235","5.03596"
"1992053235","1599462034","5.03596"
"1599462034","2152830316","7.17763"
"2152830316","1599462034","7.17763"
"1599462034","1986828474","5.45263"
"1986828474","1599462034","5.45263"
"1599462034","2002682102","3.45263"
"2002682102","1599462034","3.45263"
"1599462034","2137845970","0.910965"
"2137845970","1599462034","0.910965"
"1986828474","2152830316","3.42763"
"2152830316","1986828474","3.42763"
"1599462034","2035127985","3.70263"
"2035127985","1599462034","3.70263"
"1599462034","1976044263","0.577632"
"1976044263","1599462034","0.577632"
"1599462034","2009018050","1.4943"
"2009018050","1599462034","1.4943"
"1599462034","2011516515","0.625"
"2011516515","1599462034","0.625"
"1599462034","2989254660","0.191667"
"2989254660","1599462034","0.191667"
"1976044263","1986828474","4.39473"
"1986828474","1976044263","4.39473"
"1976044263","2009018050","0.668541"
"2009018050","1976044263","0.668541"
"1976044263","2011516515","0.125"
"2011516515","1976044263","0.125"
"1976044263","2152830316","0.177632"
"2152830316","1976044263","0.177632"
"1976044263","2989254660","0.191667"
"2989254660","1976044263","0.191667"
"1992053235","2011516515","0.458333"
"2011516515","1992053235","0.458333"
"1992053235","2152830316","0.927632"
"2152830316","1992053235","0.927632"
"2002682102","2011516515","2.125"
"2011516515","2002682102","2.125"
"2002682102","2152830316","3.26096"
"2152830316","2002682102","3.26096"
"2009018050","2011516515","0.125"
"2011516515","2009018050","0.125"
"2009018050","2152830316","0.677632"
"2152830316","2009018050","0.677632"
"2011516515","2152830316","0.125"
"2152830316","2011516515","0.125"
"2011516515","2989254660","0.125"
"2989254660","2011516515","0.125"
"2152830316","2989254660","0.125"
"2989254660","2152830316","0.125"
"1599462034","2022377611","2"
"2022377611","1599462034","2"
"1599462034","1795627003","0.244298"
"1795627003","1599462034","0.244298"
"1599462034","2012426233","0.744298"
"2012426233","1599462034","0.744298"
"1599462034","2029911720","0.244298"
"2029911720","1599462034","0.244298"
"1599462034","2037320173","0.577632"
"2037320173","1599462034","0.577632"
"1599462034","2055859287","0.119298"
"2055859287","1599462034","0.119298"
"1795627003","1976044263","0.119298"
"1976044263","1795627003","0.119298"
"1795627003","1986828474","2.48001"
"1986828474","1795627003","2.48001"
"1795627003","1992053235","7.18001"
"1992053235","1795627003","7.18001"
"1795627003","2009018050","1.1193"
"2009018050","1795627003","1.1193"
"1795627003","2012426233","3.34668"
"2012426233","1795627003","3.34668"
"1795627003","2029911720","0.387155"
"2029911720","1795627003","0.387155"
"1795627003","2035127985","0.285965"
"2035127985","1795627003","0.285965"
"1795627003","2037320173","2.76335"
"2037320173","1795627003","2.76335"
"1795627003","2083745421","0.0666667"
"2083745421","1795627003","0.0666667"
"1795627003","2112492518","0.795489"
"2112492518","1795627003","0.795489"
"1795627003","2989254660","0.0666667"
"2989254660","1795627003","0.0666667"
"1976044263","2012426233","1.71021"
"2012426233","1976044263","1.71021"
"1976044263","2029911720","1.60306"
"2029911720","1976044263","1.60306"
"1976044263","2035127985","1.04354"
"2035127985","1976044263","1.04354"
"1976044263","2037320173","0.262155"
"2037320173","1976044263","0.262155"
"1976044263","2055859287","0.460207"
"2055859287","1976044263","0.460207"
"1976044263","2083745421","0.0666667"
"2083745421","1976044263","0.0666667"
"1976044263","2112492518","0.210207"
"2112492518","1976044263","0.210207"
"1976044263","2137845970","0.603064"
"2137845970","1976044263","0.603064"
"1986828474","2037320173","11.3792"
"2037320173","1986828474","11.3792"
"1986828474","2083745421","1.50397"
"2083745421","1986828474","1.50397"
"1992053235","2037320173","14.3697"
"2037320173","1992053235","14.3697"
"1992053235","2083745421","0.0666667"
"2083745421","1992053235","0.0666667"
"2002682102","2037320173","8.1744"
"2037320173","2002682102","8.1744"
"2009018050","2037320173","1.32797"
"2037320173","2009018050","1.32797"
"2009018050","2083745421","1.05952"
"2083745421","2009018050","1.05952"
"2012426233","2037320173","12.4102"
"2037320173","2012426233","12.4102"
"2012426233","2083745421","6.20952"
"2083745421","2012426233","6.20952"
"2029911720","2037320173","3.6562"
"2037320173","2029911720","3.6562"
"2029911720","2083745421","1.32063"
"2083745421","2029911720","1.32063"
"2035127985","2037320173","5.67082"
"2037320173","2035127985","5.67082"
"2035127985","2083745421","3.05952"
"2083745421","2035127985","3.05952"
"2037320173","2055859287","0.845489"
"2055859287","2037320173","0.845489"
"2037320173","2083745421","0.809524"
"2083745421","2037320173","0.809524"
"2037320173","2112492518","9.08279"
"2112492518","2037320173","9.08279"
"2037320173","2137845970","6.87043"
"2137845970","2037320173","6.87043"
"2037320173","2989254660","1.54042"
"2989254660","2037320173","1.54042"
"2055859287","2083745421","0.0666667"
"2083745421","2055859287","0.0666667"
"2083745421","2112492518","16.0667"
"2112492518","2083745421","16.0667"
"2083745421","2137845970","1.06667"
"2137845970","2083745421","1.06667"
"2083745421","2989254660","0.0666667"
"2989254660","2083745421","0.0666667"
"2011516515","2012426233","0.5"
"2012426233","2011516515","0.5"
"1599462034","1862957262","0.0526316"
"1862957262","1599462034","0.0526316"
"1599462034","2005066702","0.0526316"
"2005066702","1599462034","0.0526316"
"1599462034","2014064503","0.0526316"
"2014064503","1599462034","0.0526316"
"1599462034","2019973434","0.0526316"
"2019973434","1599462034","0.0526316"
"1599462034","2134842174","0.0526316"
"2134842174","1599462034","0.0526316"
"1795627003","1862957262","0.0526316"
"1862957262","1795627003","0.0526316"
"1795627003","2005066702","0.0526316"
"2005066702","1795627003","0.0526316"
"1795627003","2014064503","0.0526316"
"2014064503","1795627003","0.0526316"
"1795627003","2019973434","0.0526316"
"2019973434","1795627003","0.0526316"
"1795627003","2134842174","0.0526316"
"2134842174","1795627003","0.0526316"
"1795627003","2152830316","0.0526316"
"2152830316","1795627003","0.0526316"
"1862957262","1976044263","0.536398"
"1976044263","1862957262","0.536398"
"1862957262","1986828474","1.98084"
"1986828474","1862957262","1.98084"
"1862957262","1992053235","1.31973"
"1992053235","1862957262","1.31973"
"1862957262","2002682102","2.26418"
"2002682102","1862957262","2.26418"
"1862957262","2005066702","0.163743"
"2005066702","1862957262","0.163743"
"1862957262","2009018050","0.726874"
"2009018050","1862957262","0.726874"
"1862957262","2012426233","0.254652"
"2012426233","1862957262","0.254652"
"1862957262","2014064503","0.0526316"
"2014064503","1862957262","0.0526316"
"1862957262","2019973434","0.0526316"
"2019973434","1862957262","0.0526316"
"1862957262","2029911720","0.647509"
"2029911720","1862957262","0.647509"
"1862957262","2035127985","0.704652"
"2035127985","1862957262","0.704652"
"1862957262","2037320173","0.395489"
"2037320173","1862957262","0.395489"
"1862957262","2055859287","0.254652"
"2055859287","1862957262","0.254652"
"1862957262","2112492518","0.143541"
"2112492518","1862957262","0.143541"
"1862957262","2134842174","0.0526316"
"2134842174","1862957262","0.0526316"
"1862957262","2137845970","1.06973"
"2137845970","1862957262","1.06973"
"1862957262","2152830316","0.0526316"
"2152830316","1862957262","0.0526316"
"1976044263","2005066702","0.0526316"
"2005066702","1976044263","0.0526316"
"1976044263","2014064503","0.0526316"
"2014064503","1976044263","0.0526316"
"1976044263","2019973434","0.0526316"
"2019973434","1976044263","0.0526316"
"1976044263","2134842174","0.0526316"
"2134842174","1976044263","0.0526316"
"1986828474","2005066702","5.76652"
"2005066702","1986828474","5.76652"
"1986828474","2014064503","0.413743"
"2014064503","1986828474","0.413743"
"1992053235","2005066702","0.528822"
"2005066702","1992053235","0.528822"
"1992053235","2014064503","0.302632"
"2014064503","1992053235","0.302632"
"1992053235","2019973434","0.0526316"
"2019973434","1992053235","0.0526316"
"1992053235","2134842174","0.635965"
"2134842174","1992053235","0.635965"
"2002682102","2014064503","0.413743"
"2014064503","2002682102","0.413743"
"2005066702","2009018050","3.42122"
"2009018050","2005066702","3.42122"
"2005066702","2012426233","0.663743"
"2012426233","2005066702","0.663743"
"2005066702","2014064503","0.163743"
"2014064503","2005066702","0.163743"
"2005066702","2019973434","0.365666"
"2019973434","2005066702","0.365666"
"2005066702","2029911720","1.47485"
"2029911720","2005066702","1.47485"
"2005066702","2035127985","1.53233"
"2035127985","2005066702","1.53233"
"2005066702","2037320173","0.129555"
"2037320173","2005066702","0.129555"
"2005066702","2055859287","0.163743"
"2055859287","2005066702","0.163743"
"2005066702","2112492518","0.528822"
"2112492518","2005066702","0.528822"
"2005066702","2137845970","1.10575"
"2137845970","2005066702","1.10575"
"2005066702","2152830316","0.0526316"
"2152830316","2005066702","0.0526316"
"2009018050","2014064503","0.0526316"
"2014064503","2009018050","0.0526316"
"2012426233","2014064503","0.0526316"
"2014064503","2012426233","0.0526316"
"2012426233","2134842174","0.385965"
"2134842174","2012426233","0.385965"
"2012426233","2152830316","1.55263"
"2152830316","2012426233","1.55263"
"2014064503","2019973434","0.163743"
"2019973434","2014064503","0.163743"
"2014064503","2029911720","0.163743"
"2029911720","2014064503","0.163743"
"2014064503","2035127985","0.0526316"
"2035127985","2014064503","0.0526316"
"2014064503","2037320173","1.05263"
"2037320173","2014064503","1.05263"
"2014064503","2055859287","0.0526316"
"2055859287","2014064503","0.0526316"
"2014064503","2112492518","0.0526316"
"2112492518","2014064503","0.0526316"
"2014064503","2134842174","0.413743"
"2134842174","2014064503","0.413743"
"2014064503","2137845970","0.0526316"
"2137845970","2014064503","0.0526316"
"2014064503","2152830316","0.0526316"
"2152830316","2014064503","0.0526316"
"2019973434","2029911720","0.163743"
"2029911720","2019973434","0.163743"
"2019973434","2035127985","0.365666"
"2035127985","2019973434","0.365666"
"2019973434","2037320173","0.740666"
"2037320173","2019973434","0.740666"
"2019973434","2055859287","0.0526316"
"2055859287","2019973434","0.0526316"
"2019973434","2112492518","0.0526316"
"2112492518","2019973434","0.0526316"
"2019973434","2137845970","0.129555"
"2137845970","2019973434","0.129555"
"2019973434","2152830316","0.0526316"
"2152830316","2019973434","0.0526316"
"2029911720","2134842174","0.863743"
"2134842174","2029911720","0.863743"
"2029911720","2152830316","0.719298"
"2152830316","2029911720","0.719298"
"2035127985","2134842174","3.38596"
"2134842174","2035127985","3.38596"
"2035127985","2152830316","1.80263"
"2152830316","2035127985","1.80263"
"2037320173","2134842174","0.885965"
"2134842174","2037320173","0.885965"
"2037320173","2152830316","0.0526316"
"2152830316","2037320173","0.0526316"
"2055859287","2134842174","0.0526316"
"2134842174","2055859287","0.0526316"
"2055859287","2152830316","0.0526316"
"2152830316","2055859287","0.0526316"
"2112492518","2134842174","0.552632"
"2134842174","2112492518","0.552632"
"2112492518","2152830316","0.552632"
"2152830316","2112492518","0.552632"
"2134842174","2137845970","0.385965"
"2137845970","2134842174","0.385965"
"2134842174","2152830316","0.0526316"
"2152830316","2134842174","0.0526316"
"2137845970","2152830316","0.0526316"
"2152830316","2137845970","0.0526316"
"1599462034","2150585057","1"
"2150585057","1599462034","1"
"1605303400","1795627003","1.17619"
"1795627003","1605303400","1.17619"
"1605303400","1992053235","2.81905"
"1992053235","1605303400","2.81905"
"1605303400","2012426233","1.34286"
"2012426233","1605303400","1.34286"
"1605303400","2037320173","1.31905"
"2037320173","1605303400","1.31905"
"1605303400","2137845970","0.342857"
"2137845970","1605303400","0.342857"
"1605303400","1986828474","0.619048"
"1986828474","1605303400","0.619048"
"1605303400","2055859287","0.309524"
"2055859287","1605303400","0.309524"
"1605303400","2112492518","0.47619"
"2112492518","1605303400","0.47619"
"1605303400","2002682102","0.309524"
"2002682102","1605303400","0.309524"
"1605303400","2035127985","0.142857"
"2035127985","1605303400","0.142857"
"1605303400","2989254660","0.142857"
"2989254660","1605303400","0.142857"
"1645278095","2029911720","0.666667"
"2029911720","1645278095","0.666667"
"1645278095","2037320173","0.666667"
"2037320173","1645278095","0.666667"
"1645278095","2112492518","0.666667"
"2112492518","1645278095","0.666667"
"1862957262","2036295879","0.111111"
"2036295879","1862957262","0.111111"
"1862957262","2171144050","0.111111"
"2171144050","1862957262","0.111111"
"2005066702","2036295879","3.067"
"2036295879","2005066702","3.067"
"2005066702","2171144050","1.95589"
"2171144050","2005066702","1.95589"
"2012426233","2036295879","0.587302"
"2036295879","2012426233","0.587302"
"2012426233","2171144050","0.253968"
"2171144050","2012426233","0.253968"
"2029911720","2036295879","0.222222"
"2036295879","2029911720","0.222222"
"2029911720","2171144050","0.111111"
"2171144050","2029911720","0.111111"
"2035127985","2036295879","0.767002"
"2036295879","2035127985","0.767002"
"2035127985","2171144050","0.567002"
"2171144050","2035127985","0.567002"
"2036295879","2055859287","0.111111"
"2055859287","2036295879","0.111111"
"1965893683","2039346806","1"
"2039346806","1965893683","1"
"1965893683","2161185282","2"
"2161185282","1965893683","2"
"1975727675","2005045763","1"
"2005045763","1975727675","1"
"1981825277","2028709054","2.33333"
"2028709054","1981825277","2.33333"
"1981825277","2097674647","3"
"2097674647","1981825277","3"
"2011516515","2097674647","1"
"2097674647","2011516515","1"
"1981825277","2112492518","2.2"
"2112492518","1981825277","2.2"
"1981825277","2061069349","1"
"2061069349","1981825277","1"
"1981825277","1986828474","2.33333"
"1986828474","1981825277","2.33333"
"1981825277","2171546502","1"
"2171546502","1981825277","1"
"1981825277","2083745421","1.66667"
"2083745421","1981825277","1.66667"
"2028709054","2083745421","4.83333"
"2083745421","2028709054","4.83333"
"1981825277","2012426233","1.2"
"2012426233","1981825277","1.2"
"1981825277","2037320173","3"
"2037320173","1981825277","3"
"1981825277","2026968007","1"
"2026968007","1981825277","1"
"1981825277","2002682102","1.53333"
"2002682102","1981825277","1.53333"
"1981825277","2009018050","0.333333"
"2009018050","1981825277","0.333333"
"1981825277","2283472011","1.5"
"2283472011","1981825277","1.5"
"1981825277","1992053235","0.2"
"1992053235","1981825277","0.2"
"1981825277","2055859287","0.2"
"2055859287","1981825277","0.2"
"1981825277","2134842174","0.5"
"2134842174","1981825277","0.5"
"2134842174","2283472011","0.5"
"2283472011","2134842174","0.5"
"1981825277","2036181041","0.666667"
"2036181041","1981825277","0.666667"
"2036181041","2083745421","2.16667"
"2083745421","2036181041","2.16667"
"1981825277","2077948748","0.333333"
"2077948748","1981825277","0.333333"
"2036181041","2077948748","1.33333"
"2077948748","2036181041","1.33333"
"2077948748","2083745421","0.333333"
"2083745421","2077948748","0.333333"
"1984918470","2005066702","0.576923"
"2005066702","1984918470","0.576923"
"1984918470","2037320173","0.326923"
"2037320173","1984918470","0.326923"
"1984918470","2412124276","1.22137"
"2412124276","1984918470","1.22137"
"2036295879","2037320173","0.438034"
"2037320173","2036295879","0.438034"
"2036295879","2412124276","0.438034"
"2412124276","2036295879","0.438034"
"2037320173","2171144050","0.438034"
"2171144050","2037320173","0.438034"
"2037320173","2412124276","0.326923"
"2412124276","2037320173","0.326923"
"2171144050","2412124276","0.638034"
"2412124276","2171144050","0.638034"
"1984918470","1995304354","0.2"
"1995304354","1984918470","0.2"
"1995304354","2002682102","0.477778"
"2002682102","1995304354","0.477778"
"1995304354","2036295879","0.477778"
"2036295879","1995304354","0.477778"
"1995304354","2171144050","0.477778"
"2171144050","1995304354","0.477778"
"1995304354","2467890656","0.311111"
"2467890656","1995304354","0.311111"
"1984918470","2009018050","0.0769231"
"2009018050","1984918470","0.0769231"
"1984918470","2019973434","0.0769231"
"2019973434","1984918470","0.0769231"
"1984918470","2035127985","0.0769231"
"2035127985","1984918470","0.0769231"
"1984918470","2137845970","0.0769231"
"2137845970","1984918470","0.0769231"
"1984918470","2551583912","0.0769231"
"2551583912","1984918470","0.0769231"
"1984918470","2989254660","0.0769231"
"2989254660","1984918470","0.0769231"
"2002682102","2412124276","0.971368"
"2412124276","2002682102","0.971368"
"2002682102","2551583912","0.664225"
"2551583912","2002682102","0.664225"
"2005066702","2412124276","0.0769231"
"2412124276","2005066702","0.0769231"
"2005066702","2467890656","0.326923"
"2467890656","2005066702","0.326923"
"2005066702","2551583912","0.553114"
"2551583912","2005066702","0.553114"
"2005066702","2989254660","0.0769231"
"2989254660","2005066702","0.0769231"
"2009018050","2036295879","0.655891"
"2036295879","2009018050","0.655891"
"2009018050","2171144050","0.455891"
"2171144050","2009018050","0.455891"
"2009018050","2412124276","0.0769231"
"2412124276","2009018050","0.0769231"
"2009018050","2467890656","0.188034"
"2467890656","2009018050","0.188034"
"2009018050","2551583912","0.188034"
"2551583912","2009018050","0.188034"
"2019973434","2036295879","0.424145"
"2036295879","2019973434","0.424145"
"2019973434","2171144050","0.313034"
"2171144050","2019973434","0.313034"
"2019973434","2412124276","0.0769231"
"2412124276","2019973434","0.0769231"
"2019973434","2467890656","0.188034"
"2467890656","2019973434","0.188034"
"2019973434","2551583912","0.188034"
"2551583912","2019973434","0.188034"
"2019973434","2989254660","0.0769231"
"2989254660","2019973434","0.0769231"
"2035127985","2412124276","0.0769231"
"2412124276","2035127985","0.0769231"
"2035127985","2467890656","0.188034"
"2467890656","2035127985","0.188034"
"2035127985","2551583912","0.188034"
"2551583912","2035127985","0.188034"
"2036295879","2137845970","0.562637"
"2137845970","2036295879","0.562637"
"2036295879","2551583912","2.33089"
"2551583912","2036295879","2.33089"
"2036295879","2989254660","0.0769231"
"2989254660","2036295879","0.0769231"
"2037320173","2467890656","0.188034"
"2467890656","2037320173","0.188034"
"2037320173","2551583912","0.188034"
"2551583912","2037320173","0.188034"
"2137845970","2171144050","0.362637"
"2171144050","2137845970","0.362637"
"2137845970","2412124276","0.0769231"
"2412124276","2137845970","0.0769231"
"2137845970","2467890656","0.0769231"
"2467890656","2137845970","0.0769231"
"2137845970","2551583912","0.21978"
"2551583912","2137845970","0.21978"
"2171144050","2551583912","2.33089"
"2551583912","2171144050","2.33089"
"2171144050","2989254660","0.0769231"
"2989254660","2171144050","0.0769231"
"2412124276","2467890656","0.521368"
"2467890656","2412124276","0.521368"
"2412124276","2551583912","0.0769231"
"2551583912","2412124276","0.0769231"
"2412124276","2989254660","0.0769231"
"2989254660","2412124276","0.0769231"
"2467890656","2551583912","0.188034"
"2551583912","2467890656","0.188034"
"2467890656","2989254660","0.0769231"
"2989254660","2467890656","0.0769231"
"2551583912","2989254660","0.0769231"
"2989254660","2551583912","0.0769231"
"1984918470","2112492518","0.2"
"2112492518","1984918470","0.2"
"2036295879","2112492518","0.342857"
"2112492518","2036295879","0.342857"
"2112492518","2171144050","0.342857"
"2171144050","2112492518","0.342857"
"2112492518","2467890656","0.2"
"2467890656","2112492518","0.2"
"1984918470","2556771250","0.311111"
"2556771250","1984918470","0.311111"
"1984918470","2740256306","0.811111"
"2740256306","1984918470","0.811111"
"2002682102","2556771250","1.47778"
"2556771250","2002682102","1.47778"
"2002682102","2740256306","0.977778"
"2740256306","2002682102","0.977778"
"2171144050","2556771250","0.477778"
"2556771250","2171144050","0.477778"
"2171144050","2740256306","0.477778"
"2740256306","2171144050","0.477778"
"2412124276","2556771250","0.311111"
"2556771250","2412124276","0.311111"
"2412124276","2740256306","0.561111"
"2740256306","2412124276","0.561111"
"2556771250","2740256306","0.477778"
"2740256306","2556771250","0.477778"
"1984918470","2307814545","1"
"2307814545","1984918470","1"
"1984918470","2134842174","0.111111"
"2134842174","1984918470","0.111111"
"1984918470","2537986768","0.361111"
"2537986768","1984918470","0.361111"
"2002682102","2537986768","0.777778"
"2537986768","2002682102","0.777778"
"2036295879","2134842174","1.22222"
"2134842174","2036295879","1.22222"
"2036295879","2537986768","1.27778"
"2537986768","2036295879","1.27778"
"2036295879","2556771250","0.777778"
"2556771250","2036295879","0.777778"
"2036295879","2740256306","0.277778"
"2740256306","2036295879","0.277778"
"2134842174","2171144050","0.361111"
"2171144050","2134842174","0.361111"
"2134842174","2412124276","0.111111"
"2412124276","2134842174","0.111111"
"2134842174","2467890656","0.361111"
"2467890656","2134842174","0.361111"
"2134842174","2537986768","0.361111"
"2537986768","2134842174","0.361111"
"2134842174","2556771250","0.111111"
"2556771250","2134842174","0.111111"
"2134842174","2740256306","0.111111"
"2740256306","2134842174","0.111111"
"2171144050","2537986768","0.527778"
"2537986768","2171144050","0.527778"
"2412124276","2537986768","0.361111"
"2537986768","2412124276","0.361111"
"2467890656","2537986768","1.86111"
"2537986768","2467890656","1.86111"
"2467890656","2556771250","0.611111"
"2556771250","2467890656","0.611111"
"2467890656","2740256306","0.361111"
"2740256306","2467890656","0.361111"
"2537986768","2556771250","0.777778"
"2556771250","2537986768","0.777778"
"2537986768","2740256306","0.527778"
"2740256306","2537986768","0.527778"
"2005066702","2740256306","0.25"
"2740256306","2005066702","0.25"
"1986715529","1987283909","0.5"
"1987283909","1986715529","0.5"
"1987283909","2025910815","1.5"
"2025910815","1987283909","1.5"
"2005066702","2083745421","0.444444"
"2083745421","2005066702","0.444444"
"2014064503","2036295879","0.111111"
"2036295879","2014064503","0.111111"
"2014064503","2083745421","0.111111"
"2083745421","2014064503","0.111111"
"2014064503","2150585057","0.111111"
"2150585057","2014064503","0.111111"
"2029911720","2150585057","0.111111"
"2150585057","2029911720","0.111111"
"2036295879","2083745421","0.111111"
"2083745421","2036295879","0.111111"
"2036295879","2150585057","0.111111"
"2150585057","2036295879","0.111111"
"2083745421","2134842174","0.944444"
"2134842174","2083745421","0.944444"
"2083745421","2150585057","0.111111"
"2150585057","2083745421","0.111111"
"1986828474","2036181041","4.325"
"2036181041","1986828474","4.325"
"2005066702","2036181041","0.825"
"2036181041","2005066702","0.825"
"2035127985","2036181041","0.625"
"2036181041","2035127985","0.625"
"2036181041","2036295879","0.125"
"2036295879","2036181041","0.125"
"2036181041","2171144050","0.125"
"2171144050","2036181041","0.125"
"1986828474","2097674647","1"
"2097674647","1986828474","1"
"1986828474","2028709054","0.25"
"2028709054","1986828474","0.25"
"2009018050","2028709054","0.25"
"2028709054","2009018050","0.25"
"2028709054","2055859287","0.25"
"2055859287","2028709054","0.25"
"1986828474","2022377611","0.5"
"2022377611","1986828474","0.5"
"2002682102","2022377611","0.5"
"2022377611","2002682102","0.5"
"2029911720","2036181041","0.2"
"2036181041","2029911720","0.2"
"2036181041","2134842174","0.7"
"2134842174","2036181041","0.7"
"1992053235","2022377611","1.33333"
"2022377611","1992053235","1.33333"
"2011516515","2112492518","0.333333"
"2112492518","2011516515","0.333333"
"2022377611","2112492518","0.333333"
"2112492518","2022377611","0.333333"
"1992053235","2036295879","0.142857"
"2036295879","1992053235","0.142857"
"1992053235","2171144050","0.142857"
"2171144050","1992053235","0.142857"
"1992053235","2551583912","0.142857"
"2551583912","1992053235","0.142857"
"2112492518","2551583912","0.642857"
"2551583912","2112492518","0.642857"
"1995304354","2537986768","0.166667"
"2537986768","1995304354","0.166667"
"1995304354","2556771250","0.166667"
"2556771250","1995304354","0.166667"
"1995304354","2740256306","0.166667"
"2740256306","1995304354","0.166667"
"1995304354","2009018050","0.111111"
"2009018050","1995304354","0.111111"
"1995304354","2019973434","0.111111"
"2019973434","1995304354","0.111111"
"1995304354","2035127985","0.111111"
"2035127985","1995304354","0.111111"
"1995304354","2037320173","0.111111"
"2037320173","1995304354","0.111111"
"1995304354","2551583912","0.111111"
"2551583912","1995304354","0.111111"
"2134842174","2551583912","0.333333"
"2551583912","2134842174","0.333333"
"2002682102","2808882","0.25"
"2808882","2002682102","0.25"
"2005066702","2808882","0.25"
"2808882","2005066702","0.25"
"2036295879","2808882","0.25"
"2808882","2036295879","0.25"
"2171144050","2808882","0.25"
"2808882","2171144050","0.25"
"2002682102","2255505270","1.25"
"2255505270","2002682102","1.25"
"2002682102","2891958762","0.25"
"2891958762","2002682102","0.25"
"2150585057","2171144050","0.25"
"2171144050","2150585057","0.25"
"2150585057","2255505270","0.25"
"2255505270","2150585057","0.25"
"2150585057","2891958762","0.25"
"2891958762","2150585057","0.25"
"2171144050","2255505270","0.25"
"2255505270","2171144050","0.25"
"2171144050","2891958762","0.25"
"2891958762","2171144050","0.25"
"2255505270","2891958762","0.25"
"2891958762","2255505270","0.25"
"2011516515","2083745421","1"
"2083745421","2011516515","1"
"2012426233","2551583912","0.5"
"2551583912","2012426233","0.5"
"2014064503","2025910815","1"
"2025910815","2014064503","1"
"2019973434","2028709054","2"
"2028709054","2019973434","2"
"2022377611","2039346806","1"
"2039346806","2022377611","1"
"2024791376","2034673321","0.5"
"2034673321","2024791376","0.5"
"2024791376","2055629782","0.5"
