"134858349","2073021764","3.91026"
"2073021764","134858349","3.91026"
"134858349","1976062966","0.0769231"
"1976062966","134858349","0.0769231"
"134858349","1982397092","1.57692"
"1982397092","134858349","1.57692"
"134858349","1995103535","1.07692"
"1995103535","134858349","1.07692"
"134858349","2070868259","0.0769231"
"2070868259","134858349","0.0769231"
"134858349","2075190119","0.576923"
"2075190119","134858349","0.576923"
"134858349","2082576493","0.0769231"
"2082576493","134858349","0.0769231"
"134858349","2109182426","0.0769231"
"2109182426","134858349","0.0769231"
"134858349","2140251882","1.41026"
"2140251882","134858349","1.41026"
"134858349","2148380989","0.0769231"
"2148380989","134858349","0.0769231"
"134858349","2166611481","0.0769231"
"2166611481","134858349","0.0769231"
"134858349","2167686542","3.57692"
"2167686542","134858349","3.57692"
"134858349","2170841926","0.0769231"
"2170841926","134858349","0.0769231"
"1976062966","1982397092","7.27791"
"1982397092","1976062966","7.27791"
"1976062966","1995103535","2.46561"
"1995103535","1976062966","2.46561"
"1976062966","2070868259","1.36207"
"2070868259","1976062966","1.36207"
"1976062966","2073021764","4.42791"
"2073021764","1976062966","4.42791"
"1976062966","2075190119","4.94735"
"2075190119","1976062966","4.94735"
"1976062966","2082576493","0.785256"
"2082576493","1976062966","0.785256"
"1976062966","2109182426","1.32553"
"2109182426","1976062966","1.32553"
"1976062966","2140251882","7.26839"
"2140251882","1976062966","7.26839"
"1976062966","2148380989","0.358863"
"2148380989","1976062966","0.358863"
"1976062966","2166611481","1.31164"
"2166611481","1976062966","1.31164"
"1976062966","2167686542","10.4851"
"2167686542","1976062966","10.4851"
"1976062966","2170841926","0.0769231"
"2170841926","1976062966","0.0769231"
"1982397092","1995103535","29.5165"
"1995103535","1982397092","29.5165"
"1982397092","2070868259","4.65347"
"2070868259","1982397092","4.65347"
"1982397092","2073021764","33.0628"
"2073021764","1982397092","33.0628"
"1982397092","2075190119","16.1888"
"2075190119","1982397092","16.1888"
"1982397092","2082576493","1.35034"
"2082576493","1982397092","1.35034"
"1982397092","2109182426","4.61316"
"2109182426","1982397092","4.61316"
"1982397092","2140251882","43.4211"
"2140251882","1982397092","43.4211"
"1982397092","2148380989","2.99943"
"2148380989","1982397092","2.99943"
"1982397092","2166611481","2.31491"
"2166611481","1982397092","2.31491"
"1982397092","2167686542","30.9933"
"2167686542","1982397092","30.9933"
"1982397092","2170841926","0.0769231"
"2170841926","1982397092","0.0769231"
"1995103535","2070868259","2.11736"
"2070868259","1995103535","2.11736"
"1995103535","2073021764","20.7431"
"2073021764","1995103535","20.7431"
"1995103535","2075190119","6.27923"
"2075190119","1995103535","6.27923"
"1995103535","2082576493","0.476923"
"2082576493","1995103535","0.476923"
"1995103535","2109182426","2.37526"
"2109182426","1995103535","2.37526"
"1995103535","2140251882","41.2265"
"2140251882","1995103535","41.2265"
"1995103535","2148380989","3.13991"
"2148380989","1995103535","3.13991"
"1995103535","2166611481","14.0844"
"2166611481","1995103535","14.0844"
"1995103535","2167686542","8.02645"
"2167686542","1995103535","8.02645"
"1995103535","2170841926","0.0769231"
"2170841926","1995103535","0.0769231"
"2070868259","2073021764","4.1868"
"2073021764","2070868259","4.1868"
"2070868259","2075190119","3.71736"
"2075190119","2070868259","3.71736"
"2070868259","2082576493","1.41026"
"2082576493","2070868259","1.41026"
"2070868259","2109182426","5.33124"
"2109182426","2070868259","5.33124"
"2070868259","2140251882","4.58124"
"2140251882","2070868259","4.58124"
"2070868259","2148380989","1.707"
"2148380989","2070868259","1.707"
"2070868259","2166611481","1.032"
"2166611481","2070868259","1.032"
"2070868259","2167686542","6.05347"
"2167686542","2070868259","6.05347"
"2070868259","2170841926","0.0769231"
"2170841926","2070868259","0.0769231"
"2073021764","2075190119","10.2332"
"2075190119","2073021764","10.2332"
"2073021764","2082576493","4.88526"
"2082576493","2073021764","4.88526"
"2073021764","2109182426","13.012"
"2109182426","2073021764","13.012"
"2073021764","2140251882","98.5171"
"2140251882","2073021764","98.5171"
"2073021764","2148380989","2.42324"
"2148380989","2073021764","2.42324"
"2073021764","2166611481","4.90499"
"2166611481","2073021764","4.90499"
"2073021764","2167686542","23.0338"
"2167686542","2073021764","23.0338"
"2073021764","2170841926","0.0769231"
"2170841926","2073021764","0.0769231"
"2075190119","2082576493","2.04915"
"2082576493","2075190119","2.04915"
"2075190119","2109182426","5.15304"
"2109182426","2075190119","5.15304"
"2075190119","2140251882","18.2126"
"2140251882","2075190119","18.2126"
"2075190119","2148380989","1.7788"
"2148380989","2075190119","1.7788"
"2075190119","2166611481","3.18158"
"2166611481","2075190119","3.18158"
"2075190119","2167686542","23.7459"
"2167686542","2075190119","23.7459"
"2075190119","2170841926","0.0769231"
"2170841926","2075190119","0.0769231"
"2082576493","2109182426","1.96978"
"2109182426","2082576493","1.96978"
"2082576493","2140251882","3.667"
"2140251882","2082576493","3.667"
"2082576493","2148380989","0.41978"
"2148380989","2082576493","0.41978"
"2082576493","2166611481","0.276923"
"2166611481","2082576493","0.276923"
"2082576493","2167686542","2.067"
"2167686542","2082576493","2.067"
"2082576493","2170841926","0.0769231"
"2170841926","2082576493","0.0769231"
"2109182426","2140251882","27.8564"
"2140251882","2109182426","27.8564"
"2109182426","2148380989","4.78479"
"2148380989","2109182426","4.78479"
"2109182426","2166611481","0.773242"
"2166611481","2109182426","0.773242"
"2109182426","2167686542","18.9989"
"2167686542","2109182426","18.9989"
"2109182426","2170841926","0.0769231"
"2170841926","2109182426","0.0769231"
"2140251882","2148380989","14.4903"
"2148380989","2140251882","14.4903"
"2140251882","2166611481","16.4661"
"2166611481","2140251882","16.4661"
"2140251882","2167686542","57.2858"
"2167686542","2140251882","57.2858"
"2140251882","2170841926","1.07692"
"2170841926","2140251882","1.07692"
"2148380989","2166611481","1.10658"
"2166611481","2148380989","1.10658"
"2148380989","2167686542","5.6161"
"2167686542","2148380989","5.6161"
"2148380989","2170841926","0.0769231"
"2170841926","2148380989","0.0769231"
"2166611481","2167686542","3.15499"
"2167686542","2166611481","3.15499"
"2166611481","2170841926","0.0769231"
"2170841926","2166611481","0.0769231"
"2167686542","2170841926","0.0769231"
"2170841926","2167686542","0.0769231"
"134858349","1976094288","0.5"
"1976094288","134858349","0.5"
"134858349","2074020083","0.5"
"2074020083","134858349","0.5"
"1976094288","2074020083","7.99286"
"2074020083","1976094288","7.99286"
"134858349","2017921654","4.33333"
"2017921654","134858349","4.33333"
"2017921654","2073021764","20.9345"
"2073021764","2017921654","20.9345"
"2017921654","2140251882","11.9012"
"2140251882","2017921654","11.9012"
"1482811507","2167686542","1"
"2167686542","1482811507","1"
"1494344760","2101936509","0.5"
"2101936509","1494344760","0.5"
"1494344760","2141746909","0.5"
"2141746909","1494344760","0.5"
"2101936509","2141746909","1.5"
"2141746909","2101936509","1.5"
"1548497606","2153207204","3.53515"
"2153207204","1548497606","3.53515"
"1548497606","2041396216","0.5"
"2041396216","1548497606","0.5"
"1548497606","2150846076","0.5"
"2150846076","1548497606","0.5"
"2041396216","2150846076","0.5"
"2150846076","2041396216","0.5"
"1548497606","1976062966","0.0851449"
"1976062966","1548497606","0.0851449"
"1548497606","1982397092","0.196256"
"1982397092","1548497606","0.196256"
"1548497606","1995103535","0.396256"
"1995103535","1548497606","0.396256"
"1548497606","1997070303","0.0851449"
"1997070303","1548497606","0.0851449"
"1548497606","2022749020","0.0416667"
"2022749020","1548497606","0.0416667"
"1548497606","2031674781","0.0851449"
"2031674781","1548497606","0.0851449"
"1548497606","2070868259","0.446256"
"2070868259","1548497606","0.446256"
"1548497606","2073021764","0.196256"
"2073021764","1548497606","0.196256"
"1548497606","2075190119","0.196256"
"2075190119","1548497606","0.196256"
"1548497606","2075364600","0.0851449"
"2075364600","1548497606","0.0851449"
"1548497606","2080206036","0.335145"
"2080206036","1548497606","0.335145"
"1548497606","2094283130","0.0851449"
"2094283130","1548497606","0.0851449"
"1548497606","2098939959","0.0851449"
"2098939959","1548497606","0.0851449"
"1548497606","2101006331","0.0416667"
"2101006331","1548497606","0.0416667"
"1548497606","2136317921","0.0416667"
"2136317921","1548497606","0.0416667"
"1548497606","2140251882","0.196256"
"2140251882","1548497606","0.196256"
"1548497606","2143394441","0.0416667"
"2143394441","1548497606","0.0416667"
"1548497606","2166611481","0.196256"
"2166611481","1548497606","0.196256"
"1548497606","2166771065","0.0851449"
"2166771065","1548497606","0.0851449"
"1548497606","2167686542","0.396256"
"2167686542","1548497606","0.396256"
"1548497606","2169896292","0.0851449"
"2169896292","1548497606","0.0851449"
"1548497606","2172041433","0.0851449"
"2172041433","1548497606","0.0851449"
"1548497606","2172233159","0.0851449"
"2172233159","1548497606","0.0851449"
"1976062966","1997070303","1.08514"
"1997070303","1976062966","1.08514"
"1976062966","2022749020","2.24679"
"2022749020","1976062966","2.24679"
"1976062966","2031674781","0.623606"
"2031674781","1976062966","0.623606"
"1976062966","2075364600","0.45694"
"2075364600","1976062966","0.45694"
"1976062966","2080206036","2.70694"
"2080206036","1976062966","2.70694"
"1976062966","2094283130","0.123606"
"2094283130","1976062966","0.123606"
"1976062966","2098939959","0.123606"
"2098939959","1976062966","0.123606"
"1976062966","2101006331","0.0416667"
"2101006331","1976062966","0.0416667"
"1976062966","2136317921","1.12299"
"2136317921","1976062966","1.12299"
"1976062966","2143394441","1.75632"
"2143394441","1976062966","1.75632"
"1976062966","2153207204","0.822019"
"2153207204","1976062966","0.822019"
"1976062966","2166771065","0.123606"
"2166771065","1976062966","0.123606"
"1976062966","2169896292","0.123606"
"2169896292","1976062966","0.123606"
"1976062966","2172041433","1.12361"
"2172041433","1976062966","1.12361"
"1976062966","2172233159","0.123606"
"2172233159","1976062966","0.123606"
"1982397092","1997070303","0.0851449"
"1997070303","1982397092","0.0851449"
"1982397092","2022749020","9.14395"
"2022749020","1982397092","9.14395"
"1982397092","2031674781","3.65247"
"2031674781","1982397092","3.65247"
"1982397092","2075364600","1.29027"
"2075364600","1982397092","1.29027"
"1982397092","2080206036","1.62916"
"2080206036","1982397092","1.62916"
"1982397092","2094283130","0.493646"
"2094283130","1982397092","0.493646"
"1982397092","2098939959","0.515763"
"2098939959","1982397092","0.515763"
"1982397092","2101006331","0.0416667"
"2101006331","1982397092","0.0416667"
"1982397092","2136317921","7.64673"
"2136317921","1982397092","7.64673"
"1982397092","2143394441","4.91061"
"2143394441","1982397092","4.91061"
"1982397092","2153207204","9.13869"
"2153207204","1982397092","9.13869"
"1982397092","2166771065","2.10476"
"2166771065","1982397092","2.10476"
"1982397092","2169896292","2.97393"
"2169896292","1982397092","2.97393"
"1982397092","2172041433","1.59076"
"2172041433","1982397092","1.59076"
"1982397092","2172233159","1.04136"
"2172233159","1982397092","1.04136"
"1995103535","1997070303","0.418478"
"1997070303","1995103535","0.418478"
"1995103535","2022749020","2.96161"
"2022749020","1995103535","2.96161"
"1995103535","2031674781","4.60743"
"2031674781","1995103535","4.60743"
"1995103535","2075364600","1.54027"
"2075364600","1995103535","1.54027"
"1995103535","2080206036","0.873606"
"2080206036","1995103535","0.873606"
"1995103535","2094283130","0.623606"
"2094283130","1995103535","0.623606"
"1995103535","2098939959","0.98243"
"2098939959","1995103535","0.98243"
"1995103535","2101006331","0.0416667"
"2101006331","1995103535","0.0416667"
"1995103535","2136317921","8.24097"
"2136317921","1995103535","8.24097"
"1995103535","2143394441","3.62827"
"2143394441","1995103535","3.62827"
"1995103535","2153207204","6.58313"
"2153207204","1995103535","6.58313"
"1995103535","2166771065","2.10972"
"2166771065","1995103535","2.10972"
"1995103535","2169896292","1.64278"
"2169896292","1995103535","1.64278"
"1995103535","2172041433","2.9741"
"2172041433","1995103535","2.9741"
"1995103535","2172233159","0.418541"
"2172233159","1995103535","0.418541"
"1997070303","2022749020","0.791667"
"2022749020","1997070303","0.791667"
"1997070303","2031674781","3.97403"
"2031674781","1997070303","3.97403"
"1997070303","2070868259","0.0851449"
"2070868259","1997070303","0.0851449"
"1997070303","2073021764","0.0851449"
"2073021764","1997070303","0.0851449"
"1997070303","2075190119","0.0851449"
"2075190119","1997070303","0.0851449"
"1997070303","2075364600","5.72403"
"2075364600","1997070303","5.72403"
"1997070303","2080206036","0.307367"
"2080206036","1997070303","0.307367"
"1997070303","2094283130","0.307367"
"2094283130","1997070303","0.307367"
"1997070303","2098939959","0.0851449"
"2098939959","1997070303","0.0851449"
"1997070303","2101006331","0.0416667"
"2101006331","1997070303","0.0416667"
"1997070303","2136317921","1.625"
"2136317921","1997070303","1.625"
"1997070303","2140251882","0.557367"
"2140251882","1997070303","0.557367"
"1997070303","2143394441","0.847222"
"2143394441","1997070303","0.847222"
"1997070303","2153207204","4.05737"
"2153207204","1997070303","4.05737"
"1997070303","2166611481","0.0851449"
"2166611481","1997070303","0.0851449"
"1997070303","2166771065","0.6407"
"2166771065","1997070303","0.6407"
"1997070303","2167686542","0.0851449"
"2167686542","1997070303","0.0851449"
"1997070303","2169896292","0.0851449"
"2169896292","1997070303","0.0851449"
"1997070303","2172041433","2.47403"
"2172041433","1997070303","2.47403"
"1997070303","2172233159","0.0851449"
"2172233159","1997070303","0.0851449"
"2022749020","2031674781","3.67566"
"2031674781","2022749020","3.67566"
"2022749020","2070868259","1.47195"
"2070868259","2022749020","1.47195"
"2022749020","2073021764","5.22887"
"2073021764","2022749020","5.22887"
"2022749020","2075190119","1.56875"
"2075190119","2022749020","1.56875"
"2022749020","2075364600","2.31346"
"2075364600","2022749020","2.31346"
"2022749020","2080206036","2.75235"
"2080206036","2022749020","2.75235"
"2022749020","2094283130","3.30017"
"2094283130","2022749020","3.30017"
"2022749020","2098939959","0.138952"
"2098939959","2022749020","0.138952"
"2022749020","2101006331","0.0416667"
"2101006331","2022749020","0.0416667"
"2022749020","2136317921","25.7995"
"2136317921","2022749020","25.7995"
"2022749020","2140251882","15.6812"
"2140251882","2022749020","15.6812"
"2022749020","2143394441","42.4384"
"2143394441","2022749020","42.4384"
"2022749020","2153207204","6.33568"
"2153207204","2022749020","6.33568"
"2022749020","2166611481","0.670698"
"2166611481","2022749020","0.670698"
"2022749020","2166771065","5.71683"
"2166771065","2022749020","5.71683"
"2022749020","2167686542","9.83681"
"2167686542","2022749020","9.83681"
"2022749020","2169896292","1.5749"
"2169896292","2022749020","1.5749"
"2022749020","2172041433","5.07229"
"2172041433","2022749020","5.07229"
"2022749020","2172233159","1.10899"
"2172233159","2022749020","1.10899"
"2031674781","2070868259","0.25508"
"2070868259","2031674781","0.25508"
"2031674781","2073021764","2.84414"
"2073021764","2031674781","2.84414"
"2031674781","2075190119","0.80743"
"2075190119","2031674781","0.80743"
"2031674781","2075364600","24.0292"
"2075364600","2031674781","24.0292"
"2031674781","2080206036","7.54583"
"2080206036","2031674781","7.54583"
"2031674781","2094283130","16.9103"
"2094283130","2031674781","16.9103"
"2031674781","2098939959","5.23243"
"2098939959","2031674781","5.23243"
"2031674781","2101006331","0.0416667"
"2101006331","2031674781","0.0416667"
"2031674781","2136317921","12.3768"
"2136317921","2031674781","12.3768"
"2031674781","2140251882","33.9215"
"2140251882","2031674781","33.9215"
"2031674781","2143394441","5.97804"
"2143394441","2031674781","5.97804"
"2031674781","2153207204","26.8458"
"2153207204","2031674781","26.8458"
"2031674781","2166611481","2.16021"
"2166611481","2031674781","2.16021"
"2031674781","2166771065","30.5492"
"2166771065","2031674781","30.5492"
"2031674781","2167686542","5.10485"
"2167686542","2031674781","5.10485"
"2031674781","2169896292","10.5771"
"2169896292","2031674781","10.5771"
"2031674781","2172041433","148.663"
"2172041433","2031674781","148.663"
"2031674781","2172233159","0.55247"
"2172233159","2031674781","0.55247"
"2070868259","2075364600","0.0851449"
"2075364600","2070868259","0.0851449"
"2070868259","2080206036","0.835145"
"2080206036","2070868259","0.835145"
"2070868259","2094283130","0.196256"
"2094283130","2070868259","0.196256"
"2070868259","2098939959","0.143968"
"2098939959","2070868259","0.143968"
"2070868259","2101006331","0.0416667"
"2101006331","2070868259","0.0416667"
"2070868259","2136317921","2.80529"
"2136317921","2070868259","2.80529"
"2070868259","2143394441","1.00529"
"2143394441","2070868259","1.00529"
"2070868259","2153207204","1.00181"
"2153207204","2070868259","1.00181"
"2070868259","2166771065","0.8907"
"2166771065","2070868259","0.8907"
"2070868259","2169896292","1.73766"
"2169896292","2070868259","1.73766"
"2070868259","2172041433","0.143968"
"2172041433","2070868259","0.143968"
"2070868259","2172233159","0.35508"
"2172233159","2070868259","0.35508"
"2073021764","2075364600","0.873606"
"2075364600","2073021764","0.873606"
"2073021764","2080206036","2.54027"
"2080206036","2073021764","2.54027"
"2073021764","2094283130","0.493646"
"2094283130","2073021764","0.493646"
"2073021764","2098939959","0.18243"
"2098939959","2073021764","0.18243"
"2073021764","2101006331","0.0416667"
"2101006331","2073021764","0.0416667"
"2073021764","2136317921","10.3717"
"2136317921","2073021764","10.3717"
"2073021764","2143394441","10.6995"
"2143394441","2073021764","10.6995"
"2073021764","2153207204","13.8498"
"2153207204","2073021764","13.8498"
"2073021764","2166771065","1.06865"
"2166771065","2073021764","1.06865"
"2073021764","2169896292","2.16005"
"2169896292","2073021764","2.16005"
"2073021764","2172041433","2.6741"
"2172041433","2073021764","2.6741"
"2073021764","2172233159","0.888581"
"2172233159","2073021764","0.888581"
"2075190119","2075364600","0.123606"
"2075364600","2075190119","0.123606"
"2075190119","2080206036","2.2625"
"2080206036","2075190119","2.2625"
"2075190119","2094283130","0.123606"
"2094283130","2075190119","0.123606"
"2075190119","2098939959","0.18243"
"2098939959","2075190119","0.18243"
"2075190119","2101006331","0.0416667"
"2101006331","2075190119","0.0416667"
"2075190119","2136317921","7.51716"
"2136317921","2075190119","7.51716"
"2075190119","2143394441","0.71994"
"2143394441","2075190119","0.71994"
"2075190119","2153207204","4.52202"
"2153207204","2075190119","4.52202"
"2075190119","2166771065","0.623606"
"2166771065","2075190119","0.623606"
"2075190119","2169896292","1.14001"
"2169896292","2075190119","1.14001"
"2075190119","2172041433","0.30743"
"2172041433","2075190119","0.30743"
"2075190119","2172233159","0.18243"
"2172233159","2075190119","0.18243"
"2075364600","2080206036","3.99583"
"2080206036","2075364600","3.99583"
"2075364600","2094283130","5.04583"
"2094283130","2075364600","5.04583"
"2075364600","2098939959","1.12361"
"2098939959","2075364600","1.12361"
"2075364600","2101006331","0.0416667"
"2101006331","2075364600","0.0416667"
"2075364600","2136317921","3.81346"
"2136317921","2075364600","3.81346"
"2075364600","2140251882","5.94583"
"2140251882","2075364600","5.94583"
"2075364600","2143394441","3.11902"
"2143394441","2075364600","3.11902"
"2075364600","2153207204","10.1292"
"2153207204","2075364600","10.1292"
"2075364600","2166611481","0.123606"
"2166611481","2075364600","0.123606"
"2075364600","2166771065","9.32916"
"2166771065","2075364600","9.32916"
"2075364600","2167686542","1.15694"
"2167686542","2075364600","1.15694"
"2075364600","2169896292","2.72361"
"2169896292","2075364600","2.72361"
"2075364600","2172041433","19.9125"
"2172041433","2075364600","19.9125"
"2075364600","2172233159","0.123606"
"2172233159","2075364600","0.123606"
"2080206036","2094283130","0.595829"
"2094283130","2080206036","0.595829"
"2080206036","2098939959","0.45694"
"2098939959","2080206036","0.45694"
"2080206036","2101006331","0.0416667"
"2101006331","2080206036","0.0416667"
"2080206036","2136317921","4.39679"
"2136317921","2080206036","4.39679"
"2080206036","2140251882","14.7847"
"2140251882","2080206036","14.7847"
"2080206036","2143394441","0.857906"
"2143394441","2080206036","0.857906"
"2080206036","2153207204","6.91091"
"2153207204","2080206036","6.91091"
"2080206036","2166611481","0.45694"
"2166611481","2080206036","0.45694"
"2080206036","2166771065","1.79583"
"2166771065","2080206036","1.79583"
"2080206036","2167686542","1.2125"
"2167686542","2080206036","1.2125"
"2080206036","2169896292","4.2998"
"2169896292","2080206036","4.2998"
"2080206036","2172041433","5.7625"
"2172041433","2080206036","5.7625"
"2080206036","2172233159","0.45694"
"2172233159","2080206036","0.45694"
"2094283130","2098939959","0.123606"
"2098939959","2094283130","0.123606"
"2094283130","2101006331","0.0416667"
"2101006331","2094283130","0.0416667"
"2094283130","2136317921","2.50017"
"2136317921","2094283130","2.50017"
"2094283130","2140251882","6.87698"
"2140251882","2094283130","6.87698"
"2094283130","2143394441","4.6335"
"2143394441","2094283130","4.6335"
"2094283130","2153207204","6.42916"
"2153207204","2094283130","6.42916"
"2094283130","2166611481","0.234718"
"2166611481","2094283130","0.234718"
"2094283130","2166771065","59.6659"
"2166771065","2094283130","59.6659"
"2094283130","2167686542","2.14365"
"2167686542","2094283130","2.14365"
"2094283130","2169896292","2.86587"
"2169896292","2094283130","2.86587"
"2094283130","2172041433","12.0292"
"2172041433","2094283130","12.0292"
"2094283130","2172233159","0.493646"
"2172233159","2094283130","0.493646"
"2098939959","2101006331","0.0416667"
"2101006331","2098939959","0.0416667"
"2098939959","2136317921","0.805618"
"2136317921","2098939959","0.805618"
"2098939959","2140251882","3.6491"
"2140251882","2098939959","3.6491"
"2098939959","2143394441","0.138952"
"2143394441","2098939959","0.138952"
"2098939959","2153207204","0.45694"
"2153207204","2098939959","0.45694"
"2098939959","2166611481","0.38243"
"2166611481","2098939959","0.38243"
"2098939959","2166771065","0.373606"
"2166771065","2098939959","0.373606"
"2098939959","2167686542","0.18243"
"2167686542","2098939959","0.18243"
"2098939959","2169896292","13.8658"
"2169896292","2098939959","13.8658"
"2098939959","2172041433","2.23243"
"2172041433","2098939959","2.23243"
"2098939959","2172233159","0.515763"
"2172233159","2098939959","0.515763"
"2101006331","2136317921","0.0416667"
"2136317921","2101006331","0.0416667"
"2101006331","2140251882","1.04167"
"2140251882","2101006331","1.04167"
"2101006331","2143394441","0.0416667"
"2143394441","2101006331","0.0416667"
"2101006331","2153207204","0.0416667"
"2153207204","2101006331","0.0416667"
"2101006331","2166611481","0.0416667"
"2166611481","2101006331","0.0416667"
"2101006331","2166771065","0.0416667"
"2166771065","2101006331","0.0416667"
"2101006331","2167686542","0.0416667"
"2167686542","2101006331","0.0416667"
"2101006331","2169896292","0.0416667"
"2169896292","2101006331","0.0416667"
"2101006331","2172041433","0.0416667"
"2172041433","2101006331","0.0416667"
"2101006331","2172233159","0.0416667"
"2172233159","2101006331","0.0416667"
"2136317921","2140251882","171.918"
"2140251882","2136317921","171.918"
"2136317921","2143394441","54.4416"
"2143394441","2136317921","54.4416"
"2136317921","2153207204","12.8024"
"2153207204","2136317921","12.8024"
"2136317921","2166611481","2.34848"
"2166611481","2136317921","2.34848"
"2136317921","2166771065","3.47441"
"2166771065","2136317921","3.47441"
"2136317921","2167686542","22.8158"
"2167686542","2136317921","22.8158"
"2136317921","2169896292","4.02533"
"2169896292","2136317921","4.02533"
"2136317921","2172041433","6.65562"
"2172041433","2136317921","6.65562"
"2136317921","2172233159","3.03323"
"2172233159","2136317921","3.03323"
"2140251882","2143394441","35.3162"
"2143394441","2140251882","35.3162"
"2140251882","2153207204","26.5514"
"2153207204","2140251882","26.5514"
"2140251882","2166771065","14.7429"
"2166771065","2140251882","14.7429"
"2140251882","2169896292","21.4533"
"2169896292","2140251882","21.4533"
"2140251882","2172041433","19.3463"
"2172041433","2140251882","19.3463"
"2140251882","2172233159","1.97949"
"2172233159","2140251882","1.97949"
"2143394441","2153207204","5.19124"
"2153207204","2143394441","5.19124"
"2143394441","2166611481","2.2457"
"2166611481","2143394441","2.2457"
"2143394441","2166771065","5.62163"
"2166771065","2143394441","5.62163"
"2143394441","2167686542","13.192"
"2167686542","2143394441","13.192"
"2143394441","2169896292","4.62652"
"2169896292","2143394441","4.62652"
"2143394441","2172041433","4.91951"
"2172041433","2143394441","4.91951"
"2143394441","2172233159","3.76935"
"2172233159","2143394441","3.76935"
"2153207204","2166611481","1.15138"
"2166611481","2153207204","1.15138"
"2153207204","2166771065","3.45694"
"2166771065","2153207204","3.45694"
"2153207204","2167686542","8.1125"
"2167686542","2153207204","8.1125"
"2153207204","2169896292","3.5498"
"2169896292","2153207204","3.5498"
"2153207204","2172041433","18.5458"
"2172041433","2153207204","18.5458"
"2153207204","2172233159","0.123606"
"2172233159","2153207204","0.123606"
"2166611481","2166771065","0.470829"
"2166771065","2166611481","0.470829"
"2166611481","2169896292","0.474097"
"2169896292","2166611481","0.474097"
"2166611481","2172041433","1.08243"
"2172041433","2166611481","1.08243"
"2166611481","2172233159","0.30743"
"2172233159","2166611481","0.30743"
"2166771065","2167686542","3.38531"
"2167686542","2166771065","3.38531"
"2166771065","2169896292","4.16511"
"2169896292","2166771065","4.16511"
"2166771065","2172041433","14.1625"
"2172041433","2166771065","14.1625"
"2166771065","2172233159","1.59844"
"2172233159","2166771065","1.59844"
"2167686542","2169896292","7.27909"
"2169896292","2167686542","7.27909"
"2167686542","2172041433","1.89076"
"2172041433","2167686542","1.89076"
"2167686542","2172233159","2.22191"
"2172233159","2167686542","2.22191"
"2169896292","2172041433","4.5991"
"2172041433","2169896292","4.5991"
"2169896292","2172233159","1.70171"
"2172233159","2169896292","1.70171"
"2172041433","2172233159","0.18243"
"2172233159","2172041433","0.18243"
"1548497606","2148380989","0.404589"
"2148380989","1548497606","0.404589"
"1548497606","1990444226","2"
"1990444226","1548497606","2"
"1548497606","2049626361","0.0434783"
"2049626361","1548497606","0.0434783"
"1548497606","2109182426","0.243478"
"2109182426","1548497606","0.243478"
"1976062966","2049626361","1.28194"
"2049626361","1976062966","1.28194"
"1982397092","2049626361","1.53194"
"2049626361","1982397092","1.53194"
"1995103535","2049626361","0.73194"
"2049626361","1995103535","0.73194"
"1997070303","2049626361","0.0434783"
"2049626361","1997070303","0.0434783"
"1997070303","2109182426","0.0434783"
"2109182426","1997070303","0.0434783"
"1997070303","2148380989","0.0434783"
"2148380989","1997070303","0.0434783"
"2031674781","2049626361","9.11527"
"2049626361","2031674781","9.11527"
"2031674781","2109182426","3.07707"
"2109182426","2031674781","3.07707"
"2031674781","2148380989","1.14076"
"2148380989","2031674781","1.14076"
"2049626361","2070868259","0.0434783"
"2070868259","2049626361","0.0434783"
"2049626361","2073021764","0.28194"
"2073021764","2049626361","0.28194"
"2049626361","2075190119","0.28194"
"2075190119","2049626361","0.28194"
"2049626361","2075364600","2.08194"
"2075364600","2049626361","2.08194"
"2049626361","2080206036","0.924797"
"2080206036","2049626361","0.924797"
"2049626361","2094283130","8.56527"
"2094283130","2049626361","8.56527"
"2049626361","2098939959","0.748606"
"2098939959","2049626361","0.748606"
"2049626361","2109182426","0.28194"
"2109182426","2049626361","0.28194"
"2049626361","2140251882","11.6653"
"2140251882","2049626361","11.6653"
"2049626361","2148380989","0.0819398"
"2148380989","2049626361","0.0819398"
"2049626361","2153207204","2.89146"
"2153207204","2049626361","2.89146"
"2049626361","2166611481","0.0819398"
"2166611481","2049626361","0.0819398"
"2049626361","2166771065","30.0986"
"2166771065","2049626361","30.0986"
"2049626361","2167686542","0.88194"
"2167686542","2049626361","0.88194"
"2049626361","2169896292","5.2248"
"2169896292","2049626361","5.2248"
"2049626361","2172041433","3.69861"
"2172041433","2049626361","3.69861"
"2049626361","2172233159","0.0819398"
"2172233159","2049626361","0.0819398"
"2075364600","2109182426","0.28194"
"2109182426","2075364600","0.28194"
"2075364600","2148380989","0.0819398"
"2148380989","2075364600","0.0819398"
"2080206036","2109182426","3.53194"
"2109182426","2080206036","3.53194"
"2080206036","2148380989","0.498606"
"2148380989","2080206036","0.498606"
"2094283130","2109182426","0.340868"
"2109182426","2094283130","0.340868"
"2094283130","2148380989","0.0819398"
"2148380989","2094283130","0.0819398"
"2098939959","2109182426","0.140763"
"2109182426","2098939959","0.140763"
"2098939959","2148380989","0.140763"
"2148380989","2098939959","0.140763"
"2109182426","2153207204","2.88194"
"2153207204","2109182426","2.88194"
"2109182426","2166771065","3.20956"
"2166771065","2109182426","3.20956"
"2109182426","2169896292","2.83389"
"2169896292","2109182426","2.83389"
"2109182426","2172041433","0.140763"
"2172041433","2109182426","0.140763"
"2109182426","2172233159","0.490601"
"2172233159","2109182426","0.490601"
"2148380989","2153207204","1.33194"
"2153207204","2148380989","1.33194"
"2148380989","2166771065","0.756182"
"2166771065","2148380989","0.756182"
"2148380989","2169896292","0.231672"
"2169896292","2148380989","0.231672"
"2148380989","2172041433","0.80743"
"2172041433","2148380989","0.80743"
"2148380989","2172233159","0.231672"
"2172233159","2148380989","0.231672"
"1548497606","2118154549","0.2"
"2118154549","1548497606","0.2"
"1995103535","2118154549","0.738462"
"2118154549","1995103535","0.738462"
"2109182426","2118154549","0.238462"
"2118154549","2109182426","0.238462"
"2118154549","2153207204","0.238462"
"2153207204","2118154549","0.238462"
"2118154549","2167686542","0.238462"
"2167686542","2118154549","0.238462"
"1585992525","1590440284","2"
"1590440284","1585992525","2"
"1585992525","2228018000","4.16214"
"2228018000","1585992525","4.16214"
"1585992525","2148380989","7.09091"
"2148380989","1585992525","7.09091"
"1585992525","1982397092","0.483929"
"1982397092","1585992525","0.483929"
"1585992525","2022749020","0.258929"
"2022749020","1585992525","0.258929"
"1585992525","2031674781","0.737897"
"2031674781","1585992525","0.737897"
"1585992525","2073021764","1.53671"
"2073021764","1585992525","1.53671"
"1585992525","2094283130","0.37004"
"2094283130","1585992525","0.37004"
"1585992525","2109182426","1.71769"
"2109182426","1585992525","1.71769"
"1585992525","2136317921","0.741504"
"2136317921","1585992525","0.741504"
"1585992525","2140251882","1.16214"
"2140251882","1585992525","1.16214"
"1585992525","2143394441","0.995473"
"2143394441","1585992525","0.995473"
"1585992525","2166771065","0.349838"
"2166771065","1585992525","0.349838"
"1585992525","2167686542","2.07123"
"2167686542","1585992525","2.07123"
"1585992525","2169896292","0.926028"
"2169896292","1585992525","0.926028"
"1585992525","2172233159","0.460949"
"2172233159","1585992525","0.460949"
"1982397092","2228018000","0.483929"
"2228018000","1982397092","0.483929"
"2022749020","2109182426","2.75665"
"2109182426","2022749020","2.75665"
"2022749020","2228018000","0.258929"
"2228018000","2022749020","0.258929"
"2031674781","2228018000","0.904563"
"2228018000","2031674781","0.904563"
"2073021764","2228018000","0.37004"
"2228018000","2073021764","0.37004"
"2094283130","2228018000","0.37004"
"2228018000","2094283130","0.37004"
"2109182426","2136317921","10.6321"
"2136317921","2109182426","10.6321"
"2109182426","2143394441","7.08208"
"2143394441","2109182426","7.08208"
"2109182426","2228018000","1.21769"
"2228018000","2109182426","1.21769"
"2136317921","2228018000","0.908171"
"2228018000","2136317921","0.908171"
"2140251882","2228018000","1.32881"
"2228018000","2140251882","1.32881"
"2143394441","2228018000","1.16214"
"2228018000","2143394441","1.16214"
"2166771065","2228018000","0.349838"
"2228018000","2166771065","0.349838"
"2167686542","2228018000","1.2379"
"2228018000","2167686542","1.2379"
"2169896292","2228018000","0.926028"
"2228018000","2169896292","0.926028"
"2172233159","2228018000","0.460949"
"2228018000","2172233159","0.460949"
"1585992525","1608747793","0.2875"
"1608747793","1585992525","0.2875"
"1585992525","2041396216","0.153409"
"2041396216","1585992525","0.153409"
"1608747793","1982397092","0.2875"
"1982397092","1608747793","0.2875"
"1608747793","2022749020","0.1875"
"2022749020","1608747793","0.1875"
"1608747793","2031674781","0.2875"
"2031674781","1608747793","0.2875"
"1608747793","2041396216","0.0625"
"2041396216","1608747793","0.0625"
"1608747793","2073021764","0.1875"
"2073021764","1608747793","0.1875"
"1608747793","2094283130","0.1875"
"2094283130","1608747793","0.1875"
"1608747793","2109182426","0.2875"
"2109182426","1608747793","0.2875"
"1608747793","2136317921","0.2875"
"2136317921","1608747793","0.2875"
"1608747793","2140251882","0.2875"
"2140251882","1608747793","0.2875"
"1608747793","2143394441","0.2875"
"2143394441","1608747793","0.2875"
"1608747793","2166771065","0.520833"
"2166771065","1608747793","0.520833"
"1608747793","2167686542","0.2875"
"2167686542","1608747793","0.2875"
"1608747793","2169896292","0.2875"
"2169896292","1608747793","0.2875"
"1608747793","2172233159","0.1875"
"2172233159","1608747793","0.1875"
"1608747793","2228018000","0.2875"
"2228018000","1608747793","0.2875"
"1982397092","2041396216","0.3125"
"2041396216","1982397092","0.3125"
"2022749020","2041396216","0.0625"
"2041396216","2022749020","0.0625"
"2031674781","2041396216","0.205357"
"2041396216","2031674781","0.205357"
"2041396216","2073021764","0.0625"
"2073021764","2041396216","0.0625"
"2041396216","2094283130","0.0625"
"2094283130","2041396216","0.0625"
"2041396216","2109182426","0.296266"
"2109182426","2041396216","0.296266"
"2041396216","2136317921","0.546266"
"2136317921","2041396216","0.546266"
"2041396216","2140251882","0.296266"
"2140251882","2041396216","0.296266"
"2041396216","2143394441","0.546266"
"2143394441","2041396216","0.546266"
"2041396216","2166771065","0.153409"
"2166771065","2041396216","0.153409"
"2041396216","2167686542","0.455357"
"2167686542","2041396216","0.455357"
"2041396216","2169896292","0.296266"
"2169896292","2041396216","0.296266"
"2041396216","2172233159","0.653409"
"2172233159","2041396216","0.653409"
"2041396216","2228018000","0.153409"
"2228018000","2041396216","0.153409"
"1585992525","2141976137","7.16667"
"2141976137","1585992525","7.16667"
"2141976137","2148380989","3.08333"
"2148380989","2141976137","3.08333"
"1585992525","2252642671","0.0909091"
"2252642671","1585992525","0.0909091"
"2041396216","2148380989","0.0909091"
"2148380989","2041396216","0.0909091"
"2041396216","2252642671","0.590909"
"2252642671","2041396216","0.590909"
"2109182426","2252642671","0.0909091"
"2252642671","2109182426","0.0909091"
"2136317921","2148380989","4.2755"
"2148380989","2136317921","4.2755"
"2136317921","2252642671","0.0909091"
"2252642671","2136317921","0.0909091"
"2140251882","2252642671","0.0909091"
"2252642671","2140251882","0.0909091"
"2143394441","2148380989","1.21597"
"2148380989","2143394441","1.21597"
"2143394441","2252642671","0.0909091"
"2252642671","2143394441","0.0909091"
"2148380989","2228018000","0.0909091"
"2228018000","2148380989","0.0909091"
"2148380989","2252642671","0.0909091"
"2252642671","2148380989","0.0909091"
"2166771065","2252642671","0.0909091"
"2252642671","2166771065","0.0909091"
"2169896292","2252642671","0.0909091"
"2252642671","2169896292","0.0909091"
"2172233159","2252642671","0.590909"
"2252642671","2172233159","0.590909"
"2228018000","2252642671","0.0909091"
"2252642671","2228018000","0.0909091"
"1585992525","263617780","0.173611"
"263617780","1585992525","0.173611"
"2031674781","263617780","0.173611"
"263617780","2031674781","0.173611"
"2073021764","263617780","0.173611"
"263617780","2073021764","0.173611"
"2094283130","263617780","0.173611"
"263617780","2094283130","0.173611"
"2140251882","263617780","0.673611"
"263617780","2140251882","0.673611"
"2143394441","263617780","0.173611"
"263617780","2143394441","0.173611"
"2167686542","263617780","0.673611"
"263617780","2167686542","0.673611"
"2172233159","263617780","0.173611"
"263617780","2172233159","0.173611"
"2228018000","263617780","0.173611"
"263617780","2228018000","0.173611"
"2073021764","2141976137","5.46667"
"2141976137","2073021764","5.46667"
"2109182426","2141976137","0.666667"
"2141976137","2109182426","0.666667"
"1585992525","2153207204","0.5"
"2153207204","1585992525","0.5"
"1585992525","2172041433","0.5"
"2172041433","1585992525","0.5"
"1608747793","263617780","0.895833"
"263617780","1608747793","0.895833"
"1982397092","263617780","0.0625"
"263617780","1982397092","0.0625"
"2022749020","263617780","0.0625"
"263617780","2022749020","0.0625"
"2109182426","263617780","0.0625"
"263617780","2109182426","0.0625"
"2136317921","263617780","0.0625"
"263617780","2136317921","0.0625"
"2166771065","263617780","0.395833"
"263617780","2166771065","0.395833"
"2169896292","263617780","0.0625"
"263617780","2169896292","0.0625"
"1585992525","2150846076","0.0625"
"2150846076","1585992525","0.0625"
"1608747793","2150846076","0.895833"
"2150846076","1608747793","0.895833"
"1982397092","2150846076","0.0625"
"2150846076","1982397092","0.0625"
"2022749020","2150846076","0.0625"
"2150846076","2022749020","0.0625"
"2031674781","2150846076","0.0625"
"2150846076","2031674781","0.0625"
"2073021764","2150846076","0.0625"
"2150846076","2073021764","0.0625"
"2094283130","2150846076","0.0625"
"2150846076","2094283130","0.0625"
"2109182426","2150846076","0.0625"
"2150846076","2109182426","0.0625"
"2136317921","2150846076","0.0625"
"2150846076","2136317921","0.0625"
"2140251882","2150846076","0.0625"
"2150846076","2140251882","0.0625"
"2143394441","2150846076","0.0625"
"2150846076","2143394441","0.0625"
"2150846076","2166771065","0.395833"
"2166771065","2150846076","0.395833"
"2150846076","2167686542","0.0625"
"2167686542","2150846076","0.0625"
"2150846076","2169896292","0.0625"
"2169896292","2150846076","0.0625"
"2150846076","2172233159","0.0625"
"2172233159","2150846076","0.0625"
"2150846076","2228018000","0.0625"
"2228018000","2150846076","0.0625"
"2141976137","2167686542","1.05"
"2167686542","2141976137","1.05"
"1590440284","2141976137","1"
"2141976137","1590440284","1"
"2150846076","263617780","0.833333"
"263617780","2150846076","0.833333"
"1608747793","2141976137","0.333333"
"2141976137","1608747793","0.333333"
"1608747793","2148380989","0.333333"
"2148380989","1608747793","0.333333"
"1608747793","945571997","0.333333"
"945571997","1608747793","0.333333"
"2141976137","945571997","0.333333"
"945571997","2141976137","0.333333"
"2148380989","945571997","0.333333"
"945571997","2148380989","0.333333"
"1735985391","2017921654","0.333333"
"2017921654","1735985391","0.333333"
"1735985391","2029550988","0.333333"
"2029550988","1735985391","0.333333"
"1735985391","2074020083","0.333333"
"2074020083","1735985391","0.333333"
"2017921654","2029550988","1.15833"
"2029550988","2017921654","1.15833"
"2017921654","2074020083","4.59405"
"2074020083","2017921654","4.59405"
"2029550988","2074020083","0.658333"
"2074020083","2029550988","0.658333"
"1735985391","2030214288","1.33333"
"2030214288","1735985391","1.33333"
