"1492511362","1994896207","0.5"
"1994896207","1492511362","0.5"
"1492511362","2096869410","3.29646"
"2096869410","1492511362","3.29646"
"1994896207","2096869410","0.666667"
"2096869410","1994896207","0.666667"
"1492511362","1779423351","0.111111"
"1779423351","1492511362","0.111111"
"1492511362","1799613880","0.111111"
"1799613880","1492511362","0.111111"
"1492511362","1960480397","0.111111"
"1960480397","1492511362","0.111111"
"1492511362","2066884817","0.268687"
"2066884817","1492511362","0.268687"
"1492511362","2081087459","0.111111"
"2081087459","1492511362","0.111111"
"1492511362","2107669738","0.111111"
"2107669738","1492511362","0.111111"
"1492511362","2120262090","1.99646"
"2120262090","1492511362","1.99646"
"1492511362","2164146029","0.655556"
"2164146029","1492511362","0.655556"
"1779423351","1799613880","0.111111"
"1799613880","1779423351","0.111111"
"1779423351","1960480397","0.278943"
"1960480397","1779423351","0.278943"
"1779423351","2066884817","0.977778"
"2066884817","1779423351","0.977778"
"1779423351","2081087459","0.812277"
"2081087459","1779423351","0.812277"
"1779423351","2096869410","0.111111"
"2096869410","1779423351","0.111111"
"1779423351","2107669738","2.74444"
"2107669738","1779423351","2.74444"
"1779423351","2120262090","0.311111"
"2120262090","1779423351","0.311111"
"1779423351","2164146029","0.790054"
"2164146029","1779423351","0.790054"
"1799613880","1960480397","0.894444"
"1960480397","1799613880","0.894444"
"1799613880","2066884817","0.111111"
"2066884817","1799613880","0.111111"
"1799613880","2081087459","1.69444"
"2081087459","1799613880","1.69444"
"1799613880","2096869410","0.111111"
"2096869410","1799613880","0.111111"
"1799613880","2107669738","0.111111"
"2107669738","1799613880","0.111111"
"1799613880","2120262090","0.111111"
"2120262090","1799613880","0.111111"
"1799613880","2164146029","0.444444"
"2164146029","1799613880","0.444444"
"1960480397","2066884817","0.111111"
"2066884817","1960480397","0.111111"
"1960480397","2081087459","1.17339"
"2081087459","1960480397","1.17339"
"1960480397","2096869410","0.111111"
"2096869410","1960480397","0.111111"
"1960480397","2107669738","0.111111"
"2107669738","1960480397","0.111111"
"1960480397","2120262090","0.111111"
"2120262090","1960480397","0.111111"
"1960480397","2164146029","0.923388"
"2164146029","1960480397","0.923388"
"2066884817","2081087459","1.01111"
"2081087459","2066884817","1.01111"
"2066884817","2096869410","0.268687"
"2096869410","2066884817","0.268687"
"2066884817","2107669738","1.82778"
"2107669738","2066884817","1.82778"
"2066884817","2120262090","0.468687"
"2120262090","2066884817","0.468687"
"2066884817","2164146029","2.02778"
"2164146029","2066884817","2.02778"
"2081087459","2096869410","0.194444"
"2096869410","2081087459","0.194444"
"2081087459","2107669738","1.34444"
"2107669738","2081087459","1.34444"
"2081087459","2120262090","0.394444"
"2120262090","2081087459","0.394444"
"2081087459","2164146029","5.03291"
"2164146029","2081087459","5.03291"
"2096869410","2107669738","0.111111"
"2107669738","2096869410","0.111111"
"2096869410","2120262090","2.86551"
"2120262090","2096869410","2.86551"
"2096869410","2164146029","0.663889"
"2164146029","2096869410","0.663889"
"2107669738","2120262090","0.311111"
"2120262090","2107669738","0.311111"
"2107669738","2164146029","4.64564"
"2164146029","2107669738","4.64564"
"2120262090","2164146029","1.69444"
"2164146029","2120262090","1.69444"
"1492511362","2098908673","0.45202"
"2098908673","1492511362","0.45202"
"1492511362","2118839838","0.683333"
"2118839838","1492511362","0.683333"
"2096869410","2098908673","3.2294"
"2098908673","2096869410","3.2294"
"2096869410","2118839838","1.34405"
"2118839838","2096869410","1.34405"
"2098908673","2118839838","3.60238"
"2118839838","2098908673","3.60238"
"2098908673","2120262090","6.9294"
"2120262090","2098908673","6.9294"
"2118839838","2120262090","4.27738"
"2120262090","2118839838","4.27738"
"1492511362","2141312979","0.477778"
"2141312979","1492511362","0.477778"
"1492511362","2148704072","0.366667"
"2148704072","1492511362","0.366667"
"2096869410","2141312979","0.277778"
"2141312979","2096869410","0.277778"
"2096869410","2148704072","0.166667"
"2148704072","2096869410","0.166667"
"2118839838","2141312979","2.42778"
"2141312979","2118839838","2.42778"
"2118839838","2148704072","2.36667"
"2148704072","2118839838","2.36667"
"2118839838","2164146029","8.1996"
"2164146029","2118839838","8.1996"
"2120262090","2141312979","1.30278"
"2141312979","2120262090","1.30278"
"2120262090","2148704072","0.366667"
"2148704072","2120262090","0.366667"
"2141312979","2148704072","0.366667"
"2148704072","2141312979","0.366667"
"2141312979","2164146029","0.713889"
"2164146029","2141312979","0.713889"
"2148704072","2164146029","0.509524"
"2164146029","2148704072","0.509524"
"1492511362","1524597037","0.20202"
"1524597037","1492511362","0.20202"
"1492511362","1980233487","0.268687"
"1980233487","1492511362","0.268687"
"1492511362","2142998074","0.0909091"
"2142998074","1492511362","0.0909091"
"1492511362","228784352","0.0909091"
"228784352","1492511362","0.0909091"
"1492511362","2315096358","0.20202"
"2315096358","1492511362","0.20202"
"1492511362","2962678849","0.0909091"
"2962678849","1492511362","0.0909091"
"1492511362","2963475133","0.0909091"
"2963475133","1492511362","0.0909091"
"1524597037","1980233487","0.674242"
"1980233487","1524597037","0.674242"
"1524597037","2066884817","0.0909091"
"2066884817","1524597037","0.0909091"
"1524597037","2096869410","0.20202"
"2096869410","1524597037","0.20202"
"1524597037","2098908673","0.20202"
"2098908673","1524597037","0.20202"
"1524597037","2120262090","0.424242"
"2120262090","1524597037","0.424242"
"1524597037","2142998074","0.233766"
"2142998074","1524597037","0.233766"
"1524597037","228784352","0.340909"
"228784352","1524597037","0.340909"
"1524597037","2315096358","0.313131"
"2315096358","1524597037","0.313131"
"1524597037","2962678849","0.483766"
"2962678849","1524597037","0.483766"
"1524597037","2963475133","0.233766"
"2963475133","1524597037","0.233766"
"1980233487","2066884817","1.4671"
"2066884817","1980233487","1.4671"
"1980233487","2096869410","0.593687"
"2096869410","1980233487","0.593687"
"1980233487","2098908673","0.77702"
"2098908673","1980233487","0.77702"
"1980233487","2120262090","1.69091"
"2120262090","1980233487","1.69091"
"1980233487","2142998074","0.290909"
"2142998074","1980233487","0.290909"
"1980233487","228784352","0.650433"
"228784352","1980233487","0.650433"
"1980233487","2315096358","1.53535"
"2315096358","1980233487","1.53535"
"1980233487","2962678849","0.8171"
"2962678849","1980233487","0.8171"
"1980233487","2963475133","0.5671"
"2963475133","1980233487","0.5671"
"2066884817","2098908673","0.0909091"
"2098908673","2066884817","0.0909091"
"2066884817","2142998074","0.290909"
"2142998074","2066884817","0.290909"
"2066884817","228784352","2.1671"
"228784352","2066884817","2.1671"
"2066884817","2315096358","0.0909091"
"2315096358","2066884817","0.0909091"
"2066884817","2962678849","1.55043"
"2962678849","2066884817","1.55043"
"2066884817","2963475133","4.30043"
"2963475133","2066884817","4.30043"
"2096869410","2142998074","0.290909"
"2142998074","2096869410","0.290909"
"2096869410","228784352","0.0909091"
"228784352","2096869410","0.0909091"
"2096869410","2315096358","0.20202"
"2315096358","2096869410","0.20202"
"2096869410","2962678849","0.0909091"
"2962678849","2096869410","0.0909091"
"2096869410","2963475133","0.507576"
"2963475133","2096869410","0.507576"
"2098908673","2142998074","0.290909"
"2142998074","2098908673","0.290909"
"2098908673","228784352","0.0909091"
"228784352","2098908673","0.0909091"
"2098908673","2315096358","0.20202"
"2315096358","2098908673","0.20202"
"2098908673","2962678849","0.0909091"
"2962678849","2098908673","0.0909091"
"2098908673","2963475133","0.0909091"
"2963475133","2098908673","0.0909091"
"2120262090","2142998074","0.490909"
"2142998074","2120262090","0.490909"
"2120262090","228784352","0.0909091"
"228784352","2120262090","0.0909091"
"2120262090","2315096358","0.20202"
"2315096358","2120262090","0.20202"
"2120262090","2962678849","0.0909091"
"2962678849","2120262090","0.0909091"
"2120262090","2963475133","0.507576"
"2963475133","2120262090","0.507576"
"2142998074","228784352","1.37424"
"228784352","2142998074","1.37424"
"2142998074","2315096358","0.20202"
"2315096358","2142998074","0.20202"
"2142998074","2962678849","1.68218"
"2962678849","2142998074","1.68218"
"2142998074","2963475133","1.25599"
"2963475133","2142998074","1.25599"
"228784352","2315096358","0.0909091"
"2315096358","228784352","0.0909091"
"228784352","2962678849","1.63377"
"2962678849","228784352","1.63377"
"228784352","2963475133","3.63377"
"2963475133","228784352","3.63377"
"2315096358","2962678849","0.20202"
"2962678849","2315096358","0.20202"
"2315096358","2963475133","0.535354"
"2963475133","2315096358","0.535354"
"2962678849","2963475133","13.4917"
"2963475133","2962678849","13.4917"
"1492511362","2380447005","0.111111"
"2380447005","1492511362","0.111111"
"1524597037","2141312979","0.222222"
"2141312979","1524597037","0.222222"
"1524597037","2164146029","1.29127"
"2164146029","1524597037","1.29127"
"1524597037","2380447005","0.47619"
"2380447005","1524597037","0.47619"
"1980233487","2141312979","0.111111"
"2141312979","1980233487","0.111111"
"1980233487","2164146029","6.28569"
"2164146029","1980233487","6.28569"
"1980233487","2380447005","0.533333"
"2380447005","1980233487","0.533333"
"2096869410","2380447005","0.311111"
"2380447005","2096869410","0.311111"
"2098908673","2141312979","0.236111"
"2141312979","2098908673","0.236111"
"2098908673","2164146029","0.486111"
"2164146029","2098908673","0.486111"
"2098908673","2380447005","0.311111"
"2380447005","2098908673","0.311111"
"2120262090","2380447005","0.533333"
"2380447005","2120262090","0.533333"
"2141312979","2315096358","0.111111"
"2315096358","2141312979","0.111111"
"2141312979","2380447005","0.111111"
"2380447005","2141312979","0.111111"
"2164146029","2315096358","0.805556"
"2315096358","2164146029","0.805556"
"2164146029","2380447005","0.809524"
"2380447005","2164146029","0.809524"
"2315096358","2380447005","0.222222"
"2380447005","2315096358","0.222222"
"1492511362","2007591921","0.0666667"
"2007591921","1492511362","0.0666667"
"1492511362","2092580679","0.0666667"
"2092580679","1492511362","0.0666667"
"1492511362","2149800516","0.0666667"
"2149800516","1492511362","0.0666667"
"1492511362","2172025811","0.0666667"
"2172025811","1492511362","0.0666667"
"1492511362","2473644846","0.0666667"
"2473644846","1492511362","0.0666667"
"1492511362","2591659376","0.0666667"
"2591659376","1492511362","0.0666667"
"1492511362","2735746908","0.0666667"
"2735746908","1492511362","0.0666667"
"1492511362","2962925905","0.0666667"
"2962925905","1492511362","0.0666667"
"1492511362","2964008142","0.0666667"
"2964008142","1492511362","0.0666667"
"1980233487","2007591921","0.584524"
"2007591921","1980233487","0.584524"
"1980233487","2092580679","0.191667"
"2092580679","1980233487","0.191667"
"1980233487","2118839838","2.81786"
"2118839838","1980233487","2.81786"
"1980233487","2149800516","0.359499"
"2149800516","1980233487","0.359499"
"1980233487","2172025811","0.767832"
"2172025811","1980233487","0.767832"
"1980233487","2473644846","3.23889"
"2473644846","1980233487","3.23889"
"1980233487","2591659376","1.13333"
"2591659376","1980233487","1.13333"
"1980233487","2735746908","0.0666667"
"2735746908","1980233487","0.0666667"
"1980233487","2962925905","0.234499"
"2962925905","1980233487","0.234499"
"1980233487","2964008142","0.0666667"
"2964008142","1980233487","0.0666667"
"2007591921","2066884817","0.366667"
"2066884817","2007591921","0.366667"
"2007591921","2092580679","7.41944"
"2092580679","2007591921","7.41944"
"2007591921","2096869410","0.560714"
"2096869410","2007591921","0.560714"
"2007591921","2118839838","25.1742"
"2118839838","2007591921","25.1742"
"2007591921","2120262090","6.74405"
"2120262090","2007591921","6.74405"
"2007591921","2149800516","4.72619"
"2149800516","2007591921","4.72619"
"2007591921","2164146029","8.2044"
"2164146029","2007591921","8.2044"
"2007591921","2172025811","20.3397"
"2172025811","2007591921","20.3397"
"2007591921","2473644846","0.177778"
"2473644846","2007591921","0.177778"
"2007591921","2591659376","0.852381"
"2591659376","2007591921","0.852381"
"2007591921","2735746908","0.541667"
"2735746908","2007591921","0.541667"
"2007591921","2962925905","0.191667"
"2962925905","2007591921","0.191667"
"2007591921","2964008142","0.0666667"
"2964008142","2007591921","0.0666667"
"2066884817","2092580679","0.0666667"
"2092580679","2066884817","0.0666667"
"2066884817","2118839838","1.5"
"2118839838","2066884817","1.5"
"2066884817","2149800516","0.0666667"
"2149800516","2066884817","0.0666667"
"2066884817","2172025811","0.166667"
"2172025811","2066884817","0.166667"
"2066884817","2473644846","0.0666667"
"2473644846","2066884817","0.0666667"
"2066884817","2591659376","0.733333"
"2591659376","2066884817","0.733333"
"2066884817","2735746908","0.166667"
"2735746908","2066884817","0.166667"
"2066884817","2962925905","0.4"
"2962925905","2066884817","0.4"
"2066884817","2964008142","0.0666667"
"2964008142","2066884817","0.0666667"
"2092580679","2096869410","0.275"
"2096869410","2092580679","0.275"
"2092580679","2118839838","2.91944"
"2118839838","2092580679","2.91944"
"2092580679","2120262090","3.73333"
"2120262090","2092580679","3.73333"
"2092580679","2149800516","0.441667"
"2149800516","2092580679","0.441667"
"2092580679","2164146029","1.13611"
"2164146029","2092580679","1.13611"
"2092580679","2172025811","1.96111"
"2172025811","2092580679","1.96111"
"2092580679","2473644846","0.177778"
"2473644846","2092580679","0.177778"
"2092580679","2591659376","0.15"
"2591659376","2092580679","0.15"
"2092580679","2735746908","0.0666667"
"2735746908","2092580679","0.0666667"
"2092580679","2962925905","0.0666667"
"2962925905","2092580679","0.0666667"
"2092580679","2964008142","0.0666667"
"2964008142","2092580679","0.0666667"
"2096869410","2149800516","0.191667"
"2149800516","2096869410","0.191667"
"2096869410","2172025811","0.602381"
"2172025811","2096869410","0.602381"
"2096869410","2473644846","0.266667"
"2473644846","2096869410","0.266667"
"2096869410","2591659376","1.30238"
"2591659376","2096869410","1.30238"
"2096869410","2735746908","0.0666667"
"2735746908","2096869410","0.0666667"
"2096869410","2962925905","0.0666667"
"2962925905","2096869410","0.0666667"
"2096869410","2964008142","0.0666667"
"2964008142","2096869410","0.0666667"
"2118839838","2149800516","5.26786"
"2149800516","2118839838","5.26786"
"2118839838","2172025811","20.623"
"2172025811","2118839838","20.623"
"2118839838","2473644846","0.627778"
"2473644846","2118839838","0.627778"
"2118839838","2591659376","3.16905"
"2591659376","2118839838","3.16905"
"2118839838","2735746908","0.583333"
"2735746908","2118839838","0.583333"
"2118839838","2962925905","0.0666667"
"2962925905","2118839838","0.0666667"
"2118839838","2964008142","0.0666667"
"2964008142","2118839838","0.0666667"
"2120262090","2149800516","0.891667"
"2149800516","2120262090","0.891667"
"2120262090","2172025811","3.76071"
"2172025811","2120262090","3.76071"
"2120262090","2473644846","0.488889"
"2473644846","2120262090","0.488889"
"2120262090","2591659376","0.635714"
"2591659376","2120262090","0.635714"
"2120262090","2735746908","0.0666667"
"2735746908","2120262090","0.0666667"
"2120262090","2962925905","0.0666667"
"2962925905","2120262090","0.0666667"
"2120262090","2964008142","0.0666667"
"2964008142","2120262090","0.0666667"
"2149800516","2164146029","1.07736"
"2164146029","2149800516","1.07736"
"2149800516","2172025811","3.77736"
"2172025811","2149800516","3.77736"
"2149800516","2473644846","0.0666667"
"2473644846","2149800516","0.0666667"
"2149800516","2591659376","1.68333"
"2591659376","2149800516","1.68333"
"2149800516","2735746908","0.358333"
"2735746908","2149800516","0.358333"
"2149800516","2962925905","0.359499"
"2962925905","2149800516","0.359499"
"2149800516","2964008142","0.0666667"
"2964008142","2149800516","0.0666667"
"2164146029","2172025811","6.68966"
"2172025811","2164146029","6.68966"
"2164146029","2473644846","0.9"
"2473644846","2164146029","0.9"
"2164146029","2591659376","1.01667"
"2591659376","2164146029","1.01667"
"2164146029","2735746908","0.316667"
"2735746908","2164146029","0.316667"
"2164146029","2962925905","0.234499"
"2962925905","2164146029","0.234499"
"2164146029","2964008142","0.0666667"
"2964008142","2164146029","0.0666667"
"2172025811","2473644846","1.17778"
"2473644846","2172025811","1.17778"
"2172025811","2591659376","1.13571"
"2591659376","2172025811","1.13571"
"2172025811","2735746908","0.5"
"2735746908","2172025811","0.5"
"2172025811","2962925905","0.234499"
"2962925905","2172025811","0.234499"
"2172025811","2964008142","0.0666667"
"2964008142","2172025811","0.0666667"
"2473644846","2591659376","0.266667"
"2591659376","2473644846","0.266667"
"2473644846","2735746908","0.0666667"
"2735746908","2473644846","0.0666667"
"2473644846","2962925905","0.0666667"
"2962925905","2473644846","0.0666667"
"2473644846","2964008142","0.0666667"
"2964008142","2473644846","0.0666667"
"2591659376","2735746908","0.233333"
"2735746908","2591659376","0.233333"
"2591659376","2962925905","0.0666667"
"2962925905","2591659376","0.0666667"
"2591659376","2964008142","0.0666667"
"2964008142","2591659376","0.0666667"
"2735746908","2962925905","1.19167"
"2962925905","2735746908","1.19167"
"2735746908","2964008142","0.0666667"
"2964008142","2735746908","0.0666667"
"2962925905","2964008142","0.0666667"
"2964008142","2962925905","0.0666667"
"1505500100","237807703","1.5"
"237807703","1505500100","1.5"
"1505500100","2962699836","0.5"
"2962699836","1505500100","0.5"
"237807703","2962699836","0.5"
"2962699836","237807703","0.5"
"1524597037","2135465664","1"
"2135465664","1524597037","1"
"1524597037","2591659376","0.5"
"2591659376","1524597037","0.5"
"2135465664","2591659376","0.785714"
"2591659376","2135465664","0.785714"
"1524597037","2104282790","6.25397"
"2104282790","1524597037","6.25397"
"1524597037","2073688706","1"
"2073688706","1524597037","1"
"2073688706","2135465664","0.5"
"2135465664","2073688706","0.5"
"1524597037","2038153490","0.111111"
"2038153490","1524597037","0.111111"
"1524597037","2101528830","0.253968"
"2101528830","1524597037","0.253968"
"1524597037","2118839838","2.31111"
"2118839838","1524597037","2.31111"
"1524597037","2140190064","0.253968"
"2140190064","1524597037","0.253968"
"1524597037","2146703129","0.111111"
"2146703129","1524597037","0.111111"
"1524597037","2156460129","0.253968"
"2156460129","1524597037","0.253968"
"2038153490","2101528830","8.10278"
"2101528830","2038153490","8.10278"
"2038153490","2104282790","0.236111"
"2104282790","2038153490","0.236111"
"2038153490","2118839838","0.736111"
"2118839838","2038153490","0.736111"
"2038153490","2140190064","2.10278"
"2140190064","2038153490","2.10278"
"2038153490","2141312979","0.236111"
"2141312979","2038153490","0.236111"
"2038153490","2146703129","0.402778"
"2146703129","2038153490","0.402778"
"2038153490","2156460129","4.93611"
"2156460129","2038153490","4.93611"
"2038153490","2164146029","0.236111"
"2164146029","2038153490","0.236111"
"2101528830","2104282790","0.545635"
"2104282790","2101528830","0.545635"
"2101528830","2118839838","3.26111"
"2118839838","2101528830","3.26111"
"2101528830","2140190064","8.1123"
"2140190064","2101528830","8.1123"
"2101528830","2141312979","0.361111"
"2141312979","2101528830","0.361111"
"2101528830","2146703129","1.13611"
"2146703129","2101528830","1.13611"
"2101528830","2156460129","9.52897"
"2156460129","2101528830","9.52897"
"2101528830","2164146029","0.545635"
"2164146029","2101528830","0.545635"
"2104282790","2118839838","0.378968"
"2118839838","2104282790","0.378968"
"2104282790","2140190064","0.545635"
"2140190064","2104282790","0.545635"
"2104282790","2141312979","0.236111"
"2141312979","2104282790","0.236111"
"2104282790","2146703129","0.936111"
"2146703129","2104282790","0.936111"
"2104282790","2156460129","0.545635"
"2156460129","2104282790","0.545635"
"2104282790","2164146029","1.70559"
"2164146029","2104282790","1.70559"
"2118839838","2140190064","0.569444"
"2140190064","2118839838","0.569444"
"2118839838","2146703129","1.71944"
"2146703129","2118839838","1.71944"
"2118839838","2156460129","1.65278"
"2156460129","2118839838","1.65278"
"2140190064","2141312979","0.736111"
"2141312979","2140190064","0.736111"
"2140190064","2146703129","0.236111"
"2146703129","2140190064","0.236111"
"2140190064","2156460129","8.19563"
"2156460129","2140190064","8.19563"
"2140190064","2164146029","0.795635"
"2164146029","2140190064","0.795635"
"2141312979","2146703129","0.236111"
"2146703129","2141312979","0.236111"
"2141312979","2156460129","0.736111"
"2156460129","2141312979","0.736111"
"2146703129","2156460129","0.236111"
"2156460129","2146703129","0.236111"
"2146703129","2164146029","0.902778"
"2164146029","2146703129","0.902778"
"2156460129","2164146029","0.545635"
"2164146029","2156460129","0.545635"
"2073688706","2118839838","0.833333"
"2118839838","2073688706","0.833333"
"2164146029","228784352","0.25"
"228784352","2164146029","0.25"
"2164146029","2962678849","1.39286"
"2962678849","2164146029","1.39286"
"1524597037","1979117318","1.7"
"1979117318","1524597037","1.7"
"1524597037","2081087459","0.342857"
"2081087459","1524597037","0.342857"
"1524597037","2172025811","0.342857"
"2172025811","1524597037","0.342857"
"1979117318","2081087459","0.734499"
"2081087459","1979117318","0.734499"
"1979117318","2118839838","2.11667"
"2118839838","1979117318","2.11667"
"1979117318","2164146029","4.46069"
"2164146029","1979117318","4.46069"
"1979117318","2172025811","2.20117"
"2172025811","1979117318","2.20117"
"2081087459","2118839838","1.59444"
"2118839838","2081087459","1.59444"
"2081087459","2172025811","1.56228"
"2172025811","2081087459","1.56228"
"1524597037","2142756309","0.365079"
"2142756309","1524597037","0.365079"
"2142756309","2142998074","2.74841"
"2142998074","2142756309","2.74841"
"2142756309","2164146029","0.47619"
"2164146029","2142756309","0.47619"
"2142756309","2172025811","0.142857"
"2172025811","2142756309","0.142857"
"2142756309","2380447005","2.10397"
"2380447005","2142756309","2.10397"
"2142756309","2962678849","6.23413"
"2962678849","2142756309","6.23413"
"2142756309","2963475133","12.1286"
"2963475133","2142756309","12.1286"
"2142998074","2164146029","0.485714"
"2164146029","2142998074","0.485714"
"2142998074","2172025811","0.142857"
"2172025811","2142998074","0.142857"
"2142998074","2380447005","2.6246"
"2380447005","2142998074","2.6246"
"2164146029","2963475133","2.26154"
"2963475133","2164146029","2.26154"
"2172025811","2380447005","0.142857"
"2380447005","2172025811","0.142857"
"2172025811","2962678849","0.142857"
"2962678849","2172025811","0.142857"
"2172025811","2963475133","0.22619"
"2963475133","2172025811","0.22619"
"2380447005","2962678849","1.09127"
"2962678849","2380447005","1.09127"
"2380447005","2963475133","1.96508"
"2963475133","2380447005","1.96508"
"1524597037","1779423351","0.111111"
"1779423351","1524597037","0.111111"
"1524597037","2084973384","0.444444"
"2084973384","1524597037","0.444444"
"1524597037","2091713351","0.111111"
"2091713351","1524597037","0.111111"
"1524597037","2129682515","0.111111"
"2129682515","1524597037","0.111111"
"1524597037","2523550674","0.333333"
"2523550674","1524597037","0.333333"
"1524597037","2537761553","0.111111"
"2537761553","1524597037","0.111111"
"1524597037","2962699836","0.111111"
"2962699836","1524597037","0.111111"
"1779423351","2084973384","0.111111"
"2084973384","1779423351","0.111111"
"1779423351","2091713351","0.944444"
"2091713351","1779423351","0.944444"
"1779423351","2129682515","0.111111"
"2129682515","1779423351","0.111111"
"1779423351","2315096358","0.111111"
"2315096358","1779423351","0.111111"
"1779423351","2523550674","0.211111"
"2523550674","1779423351","0.211111"
"1779423351","2537761553","0.111111"
"2537761553","1779423351","0.111111"
"1779423351","2962699836","1.25397"
"2962699836","1779423351","1.25397"
"2084973384","2091713351","0.111111"
"2091713351","2084973384","0.111111"
"2084973384","2129682515","0.111111"
"2129682515","2084973384","0.111111"
"2084973384","2164146029","0.611111"
"2164146029","2084973384","0.611111"
"2084973384","2315096358","0.111111"
"2315096358","2084973384","0.111111"
"2084973384","2523550674","0.611111"
"2523550674","2084973384","0.611111"
"2084973384","2537761553","0.111111"
"2537761553","2084973384","0.111111"
"2084973384","2962699836","0.611111"
"2962699836","2084973384","0.611111"
"2091713351","2129682515","0.111111"
"2129682515","2091713351","0.111111"
"2091713351","2164146029","1.25397"
"2164146029","2091713351","1.25397"
"2091713351","2315096358","0.111111"
"2315096358","2091713351","0.111111"
"2091713351","2523550674","0.111111"
"2523550674","2091713351","0.111111"
"2091713351","2537761553","0.111111"
"2537761553","2091713351","0.111111"
"2091713351","2962699836","1.61111"
"2962699836","2091713351","1.61111"
"2129682515","2164146029","0.527778"
"2164146029","2129682515","0.527778"
"2129682515","2315096358","0.111111"
"2315096358","2129682515","0.111111"
"2129682515","2523550674","0.111111"
"2523550674","2129682515","0.111111"
"2129682515","2537761553","0.111111"
"2537761553","2129682515","0.111111"
"2129682515","2962699836","0.111111"
"2962699836","2129682515","0.111111"
"2164146029","2523550674","2.7"
"2523550674","2164146029","2.7"
"2164146029","2537761553","0.111111"
"2537761553","2164146029","0.111111"
"2164146029","2962699836","0.587302"
"2962699836","2164146029","0.587302"
"2315096358","2523550674","0.361111"
"2523550674","2315096358","0.361111"
"2315096358","2537761553","0.111111"
"2537761553","2315096358","0.111111"
"2315096358","2962699836","0.111111"
"2962699836","2315096358","0.111111"
"2523550674","2537761553","0.277778"
"2537761553","2523550674","0.277778"
"2523550674","2962699836","0.277778"
"2962699836","2523550674","0.277778"
"2537761553","2962699836","2.32183"
"2962699836","2537761553","2.32183"
"1524597037","2159087340","1.33333"
"2159087340","1524597037","1.33333"
"1524597037","2177456808","0.222222"
"2177456808","1524597037","0.222222"
"1524597037","2473644846","0.222222"
"2473644846","1524597037","0.222222"
"1524597037","2794902280","0.222222"
"2794902280","1524597037","0.222222"
"1980233487","2142756309","0.365079"
"2142756309","1980233487","0.365079"
"1980233487","2177456808","1.83889"
"2177456808","1980233487","1.83889"
"1980233487","2523550674","1.72222"
"2523550674","1980233487","1.72222"
"1980233487","2794902280","0.222222"
"2794902280","1980233487","0.222222"
"2120262090","2142756309","0.222222"
"2142756309","2120262090","0.222222"
"2120262090","2177456808","0.422222"
"2177456808","2120262090","0.422222"
"2120262090","2523550674","0.722222"
"2523550674","2120262090","0.722222"
"2120262090","2794902280","0.222222"
"2794902280","2120262090","0.222222"
"2142756309","2177456808","0.222222"
"2177456808","2142756309","0.222222"
"2142756309","2473644846","1.22222"
"2473644846","2142756309","1.22222"
"2142756309","2523550674","0.555556"
"2523550674","2142756309","0.555556"
"2142756309","2794902280","0.222222"
"2794902280","2142756309","0.222222"
"2164146029","2177456808","0.222222"
"2177456808","2164146029","0.222222"
"2164146029","2794902280","0.222222"
"2794902280","2164146029","0.222222"
"2177456808","2380447005","0.422222"
"2380447005","2177456808","0.422222"
"2177456808","2473644846","0.422222"
"2473644846","2177456808","0.422222"
"2177456808","2523550674","0.472222"
"2523550674","2177456808","0.472222"
"2177456808","2794902280","0.222222"
"2794902280","2177456808","0.222222"
"2380447005","2473644846","0.422222"
"2473644846","2380447005","0.422222"
"2380447005","2523550674","0.422222"
"2523550674","2380447005","0.422222"
"2380447005","2794902280","0.222222"
"2794902280","2380447005","0.222222"
"2473644846","2523550674","0.222222"
"2523550674","2473644846","0.222222"
"2473644846","2794902280","0.222222"
"2794902280","2473644846","0.222222"
"2523550674","2794902280","0.222222"
"2794902280","2523550674","0.222222"
"1524597037","1991196376","0.333333"
"1991196376","1524597037","0.333333"
"1524597037","2512925182","0.333333"
"2512925182","1524597037","0.333333"
"1991196376","2159087340","0.333333"
"2159087340","1991196376","0.333333"
"1991196376","2512925182","0.333333"
"2512925182","1991196376","0.333333"
"2159087340","2512925182","0.333333"
"2512925182","2159087340","0.333333"
"1524597037","2148704072","0.5"
"2148704072","1524597037","0.5"
"1524597037","2779231960","0.333333"
"2779231960","1524597037","0.333333"
"1524597037","2904041823","0.333333"
"2904041823","1524597037","0.333333"
"2084973384","2779231960","1.66667"
"2779231960","2084973384","1.66667"
"2084973384","2904041823","0.333333"
"2904041823","2084973384","0.333333"
"2779231960","2904041823","0.333333"
"2904041823","2779231960","0.333333"
"1524597037","2031823763","0.5"
"2031823763","1524597037","0.5"
"1524597037","2343542095","0.5"
"2343542095","1524597037","0.5"
"2031823763","2343542095","0.5"
"2343542095","2031823763","0.5"
"1524597037","1982765187","0.142857"
"1982765187","1524597037","0.142857"
"1982765187","2081087459","4.00952"
"2081087459","1982765187","4.00952"
"1982765187","2101528830","0.309524"
"2101528830","1982765187","0.309524"
"1982765187","2104282790","0.309524"
"2104282790","1982765187","0.309524"
"1982765187","2140190064","0.309524"
"2140190064","1982765187","0.309524"
"1982765187","2156460129","0.309524"
"2156460129","1982765187","0.309524"
"1982765187","2164146029","0.759524"
"2164146029","1982765187","0.759524"
"2081087459","2101528830","0.309524"
"2101528830","2081087459","0.309524"
"2081087459","2104282790","1.17619"
"2104282790","2081087459","1.17619"
"2081087459","2140190064","0.309524"
"2140190064","2081087459","0.309524"
"2081087459","2156460129","0.309524"
"2156460129","2081087459","0.309524"
"1524597037","2963709150","0.5"
"2963709150","1524597037","0.5"
"1979117318","2963709150","2.28333"
"2963709150","1979117318","2.28333"
"1524597037","2107669738","1"
"2107669738","1524597037","1"
"1555073069","1570562373","1.16667"
"1570562373","1555073069","1.16667"
"1555073069","1994896207","4.25758"
"1994896207","1555073069","4.25758"
"1570562373","1994896207","2.08333"
"1994896207","1570562373","2.08333"
"1555073069","2047558882","1"
"2047558882","1555073069","1"
"1555073069","2072020930","0.424242"
"2072020930","1555073069","0.424242"
"1570562373","2072020930","1.58333"
"2072020930","1570562373","1.58333"
"1994896207","2072020930","11.8687"
"2072020930","1994896207","11.8687"
"1555073069","2324604439","0.333333"
"2324604439","1555073069","0.333333"
"1570562373","2324604439","0.333333"
"2324604439","1570562373","0.333333"
"1994896207","2324604439","0.333333"
"2324604439","1994896207","0.333333"
"1555073069","2084973384","1"
"2084973384","1555073069","1"
"1555073069","1994077089","0.0909091"
"1994077089","1555073069","0.0909091"
"1555073069","2007591921","0.0909091"
"2007591921","1555073069","0.0909091"
"1555073069","2104282790","0.0909091"
"2104282790","1555073069","0.0909091"
"1555073069","2164146029","0.0909091"
"2164146029","1555073069","0.0909091"
"1555073069","2336149924","0.0909091"
"2336149924","1555073069","0.0909091"
"1555073069","2556835098","0.0909091"
"2556835098","1555073069","0.0909091"
"1555073069","2803693948","0.0909091"
"2803693948","1555073069","0.0909091"
"1555073069","2896826974","0.0909091"
"2896826974","1555073069","0.0909091"
"1555073069","2963475133","0.0909091"
"2963475133","1555073069","0.0909091"
"1994077089","1994896207","8.09091"
"1994896207","1994077089","8.09091"
"1994077089","2007591921","0.174242"
"2007591921","1994077089","0.174242"
"1994077089","2072020930","3.75758"
"2072020930","1994077089","3.75758"
"1994077089","2104282790","0.0909091"
"2104282790","1994077089","0.0909091"
"1994077089","2164146029","1.12424"
"2164146029","1994077089","1.12424"
"1994077089","2336149924","0.0909091"
"2336149924","1994077089","0.0909091"
"1994077089","2556835098","0.0909091"
"2556835098","1994077089","0.0909091"
"1994077089","2803693948","0.0909091"
"2803693948","1994077089","0.0909091"
"1994077089","2896826974","0.0909091"
"2896826974","1994077089","0.0909091"
"1994077089","2963475133","1.37424"
"2963475133","1994077089","1.37424"
"1994896207","2007591921","0.590909"
"2007591921","1994896207","0.590909"
"1994896207","2104282790","0.590909"
"2104282790","1994896207","0.590909"
"1994896207","2164146029","1.29091"
"2164146029","1994896207","1.29091"
"1994896207","2336149924","0.0909091"
"2336149924","1994896207","0.0909091"
"1994896207","2556835098","0.0909091"
"2556835098","1994896207","0.0909091"
"1994896207","2803693948","0.0909091"
"2803693948","1994896207","0.0909091"
"1994896207","2896826974","0.0909091"
"2896826974","1994896207","0.0909091"
"1994896207","2963475133","0.0909091"
"2963475133","1994896207","0.0909091"
"2007591921","2072020930","0.0909091"
"2072020930","2007591921","0.0909091"
"2007591921","2104282790","0.233766"
"2104282790","2007591921","0.233766"
"2007591921","2336149924","0.0909091"
"2336149924","2007591921","0.0909091"
"2007591921","2556835098","0.0909091"
"2556835098","2007591921","0.0909091"
"2007591921","2803693948","0.0909091"
"2803693948","2007591921","0.0909091"
"2007591921","2896826974","0.0909091"
"2896826974","2007591921","0.0909091"
"2007591921","2963475133","0.374242"
"2963475133","2007591921","0.374242"
"2072020930","2104282790","0.0909091"
"2104282790","2072020930","0.0909091"
"2072020930","2164146029","0.0909091"
"2164146029","2072020930","0.0909091"
"2072020930","2336149924","0.0909091"
"2336149924","2072020930","0.0909091"
"2072020930","2556835098","0.0909091"
"2556835098","2072020930","0.0909091"
"2072020930","2803693948","0.0909091"
"2803693948","2072020930","0.0909091"
"2072020930","2896826974","0.0909091"
"2896826974","2072020930","0.0909091"
"2072020930","2963475133","0.0909091"
"2963475133","2072020930","0.0909091"
"2104282790","2336149924","0.0909091"
"2336149924","2104282790","0.0909091"
"2104282790","2556835098","0.0909091"
"2556835098","2104282790","0.0909091"
"2104282790","2803693948","0.0909091"
"2803693948","2104282790","0.0909091"
"2104282790","2896826974","0.0909091"
"2896826974","2104282790","0.0909091"
"2104282790","2963475133","0.0909091"
"2963475133","2104282790","0.0909091"
"2164146029","2336149924","0.0909091"
"2336149924","2164146029","0.0909091"
"2164146029","2556835098","0.0909091"
"2556835098","2164146029","0.0909091"
"2164146029","2803693948","1.09091"
"2803693948","2164146029","1.09091"
"2164146029","2896826974","0.20202"
"2896826974","2164146029","0.20202"
"2336149924","2556835098","0.215909"
"2556835098","2336149924","0.215909"
"2336149924","2803693948","0.0909091"
"2803693948","2336149924","0.0909091"
"2336149924","2896826974","0.0909091"
"2896826974","2336149924","0.0909091"
"2336149924","2963475133","0.590909"
"2963475133","2336149924","0.590909"
"2556835098","2803693948","0.0909091"
"2803693948","2556835098","0.0909091"
"2556835098","2896826974","0.0909091"
"2896826974","2556835098","0.0909091"
"2556835098","2963475133","0.0909091"
"2963475133","2556835098","0.0909091"
"2803693948","2896826974","0.340909"
"2896826974","2803693948","0.340909"
"2803693948","2963475133","0.0909091"
"2963475133","2803693948","0.0909091"
"2896826974","2963475133","0.20202"
"2963475133","2896826974","0.20202"
"1557199457","1779423351","0.2"
"1779423351","1557199457","0.2"
"1557199457","2084275613","0.2"
"2084275613","1557199457","0.2"
"1557199457","2107669738","0.2"
"2107669738","1557199457","0.2"
"1557199457","2142756309","0.2"
"2142756309","1557199457","0.2"
"1557199457","2962678849","0.2"
"2962678849","1557199457","0.2"
"1779423351","2084275613","0.2"
"2084275613","1779423351","0.2"
"1779423351","2142756309","0.2"
"2142756309","1779423351","0.2"
"1779423351","2962678849","0.709524"
"2962678849","1779423351","0.709524"
"2084275613","2107669738","0.2"
"2107669738","2084275613","0.2"
"2084275613","2142756309","0.342857"
"2142756309","2084275613","0.342857"
"2084275613","2962678849","0.342857"
"2962678849","2084275613","0.342857"
"2107669738","2142756309","0.792857"
"2142756309","2107669738","0.792857"
"2107669738","2962678849","2.82619"
"2962678849","2107669738","2.82619"
"1570562373","2044570561","0.25"
"2044570561","1570562373","0.25"
"1570562373","2092580679","0.75"
"2092580679","1570562373","0.75"
"1994896207","2044570561","4.08333"
"2044570561","1994896207","4.08333"
"1994896207","2092580679","0.583333"
"2092580679","1994896207","0.583333"
"2044570561","2072020930","0.25"
"2072020930","2044570561","0.25"
"2044570561","2092580679","0.25"
"2092580679","2044570561","0.25"
"2072020930","2092580679","0.25"
"2092580679","2072020930","0.25"
"1570562373","2047558882","2.33333"
"2047558882","1570562373","2.33333"
"1570562373","2007591921","2.74167"
"2007591921","1570562373","2.74167"
"1570562373","2118839838","1.90833"
"2118839838","1570562373","1.90833"
"1570562373","1993384135","0.833333"
"1993384135","1570562373","0.833333"
"1570562373","2004260039","0.333333"
"2004260039","1570562373","0.333333"
"1993384135","2004260039","0.833333"
"2004260039","1993384135","0.833333"
"1993384135","2072020930","0.833333"
"2072020930","1993384135","0.833333"
"2004260039","2072020930","0.333333"
"2072020930","2004260039","0.333333"
"1570562373","1999315775","0.833333"
"1999315775","1570562373","0.833333"
"1570562373","2037185018","0.333333"
"2037185018","1570562373","0.333333"
"1570562373","2049448343","0.333333"
"2049448343","1570562373","0.333333"
"1999315775","2037185018","0.75"
"2037185018","1999315775","0.75"
"1999315775","2049448343","1.5"
"2049448343","1999315775","1.5"
"2037185018","2049448343","1.4"
"2049448343","2037185018","1.4"
"1993384135","1999315775","0.5"
"1999315775","1993384135","0.5"
"1570562373","2136945077","1.33333"
"2136945077","1570562373","1.33333"
"1994896207","2136945077","0.5"
"2136945077","1994896207","0.5"
"2072020930","2136945077","9.5"
"2136945077","2072020930","9.5"
"1570562373","2120262090","0.825"
"2120262090","1570562373","0.825"
"1570562373","2141312979","1.74167"
"2141312979","1570562373","1.74167"
"2007591921","2141312979","3.15833"
"2141312979","2007591921","3.15833"
"2092580679","2141312979","0.666667"
"2141312979","2092580679","0.666667"
"1570562373","2098908673","0.125"
"2098908673","1570562373","0.125"
"1570562373","2101528830","0.125"
"2101528830","1570562373","0.125"
"1570562373","2149800516","0.575"
"2149800516","1570562373","0.575"
"1570562373","2172025811","0.458333"
"2172025811","1570562373","0.458333"
"2007591921","2098908673","1.48571"
"2098908673","2007591921","1.48571"
"2007591921","2101528830","2.05833"
"2101528830","2007591921","2.05833"
"2098908673","2101528830","0.325"
"2101528830","2098908673","0.325"
"2098908673","2149800516","0.25"
"2149800516","2098908673","0.25"
"2098908673","2172025811","1.82738"
"2172025811","2098908673","1.82738"
"2101528830","2120262090","0.691667"
"2120262090","2101528830","0.691667"
"2101528830","2149800516","0.125"
"2149800516","2101528830","0.125"
"2101528830","2172025811","2.65833"
"2172025811","2101528830","2.65833"
"2141312979","2149800516","0.575"
"2149800516","2141312979","0.575"
"2141312979","2172025811","0.541667"
"2172025811","2141312979","0.541667"
"1994896207","2047558882","0.666667"
"2047558882","1994896207","0.666667"
"2047558882","2072020930","2.16667"
"2072020930","2047558882","2.16667"
"1570562373","2952025683","0.333333"
"2952025683","1570562373","0.333333"
"2007591921","2952025683","0.333333"
"2952025683","2007591921","0.333333"
"2141312979","2952025683","0.333333"
"2952025683","2141312979","0.333333"
"1570562373","1979117318","0.333333"
"1979117318","1570562373","0.333333"
"1570562373","2591659376","0.333333"
"2591659376","1570562373","0.333333"
"1979117318","2591659376","1.83333"
"2591659376","1979117318","1.83333"
