"123786712","2170276412","2"
"2170276412","123786712","2"
"123786712","2107689334","0.5"
"2107689334","123786712","0.5"
"123786712","2129751437","0.5"
"2129751437","123786712","0.5"
"2107689334","2129751437","7.00516"
"2129751437","2107689334","7.00516"
"129772754","174929247","8.0428"
"174929247","129772754","8.0428"
"129772754","1492384615","6.56065"
"1492384615","129772754","6.56065"
"129772754","1548104478","9.5623"
"1548104478","129772754","9.5623"
"129772754","2101460029","3.84002"
"2101460029","129772754","3.84002"
"129772754","2129751437","11.994"
"2129751437","129772754","11.994"
"1492384615","1548104478","2.57821"
"1548104478","1492384615","2.57821"
"1492384615","2101460029","16.1408"
"2101460029","1492384615","16.1408"
"1492384615","2129751437","47.039"
"2129751437","1492384615","47.039"
"1548104478","2101460029","0.941667"
"2101460029","1548104478","0.941667"
"1548104478","2129751437","3.97821"
"2129751437","1548104478","3.97821"
"2101460029","2129751437","27.399"
"2129751437","2101460029","27.399"
"129772754","1532741148","0.569444"
"1532741148","129772754","0.569444"
"129772754","1831316509","1.48168"
"1831316509","129772754","1.48168"
"1532741148","174929247","1.29493"
"174929247","1532741148","1.29493"
"1532741148","1831316509","0.892157"
"1831316509","1532741148","0.892157"
"174929247","1831316509","1.30003"
"1831316509","174929247","1.30003"
"129772754","1560978096","3.87619"
"1560978096","129772754","3.87619"
"1492384615","1560978096","2.92946"
"1560978096","1492384615","2.92946"
"1560978096","2129751437","6.09876"
"2129751437","1560978096","6.09876"
"129772754","2033472483","4.56065"
"2033472483","129772754","4.56065"
"129772754","1551855530","3.59563"
"1551855530","129772754","3.59563"
"129772754","1965799257","6.29399"
"1965799257","129772754","6.29399"
"129772754","1992286709","1.08333"
"1992286709","129772754","1.08333"
"1492384615","1551855530","2.55446"
"1551855530","1492384615","2.55446"
"1492384615","1965799257","4.16392"
"1965799257","1492384615","4.16392"
"1492384615","1992286709","1.47424"
"1992286709","1492384615","1.47424"
"1551855530","1965799257","3.03779"
"1965799257","1551855530","3.03779"
"1551855530","1992286709","0.333333"
"1992286709","1551855530","0.333333"
"1551855530","2101460029","0.783333"
"2101460029","1551855530","0.783333"
"1551855530","2129751437","3.82113"
"2129751437","1551855530","3.82113"
"1965799257","1992286709","1.30263"
"1992286709","1965799257","1.30263"
"1965799257","2101460029","1.26765"
"2101460029","1965799257","1.26765"
"1965799257","2129751437","6.81655"
"2129751437","1965799257","6.81655"
"1992286709","2101460029","1.28041"
"2101460029","1992286709","1.28041"
"1992286709","2129751437","5.11576"
"2129751437","1992286709","5.11576"
"1548104478","1551855530","6.45516"
"1551855530","1548104478","6.45516"
"129772754","1550349175","2.27778"
"1550349175","129772754","2.27778"
"1492384615","1550349175","0.527778"
"1550349175","1492384615","0.527778"
"1548104478","1550349175","5.25397"
"1550349175","1548104478","5.25397"
"1548104478","1965799257","2.49564"
"1965799257","1548104478","2.49564"
"1550349175","1551855530","4.0873"
"1551855530","1550349175","4.0873"
"1550349175","1965799257","0.361111"
"1965799257","1550349175","0.361111"
"1550349175","2129751437","0.527778"
"2129751437","1550349175","0.527778"
"129772754","172126548","2.39835"
"172126548","129772754","2.39835"
"129772754","2539733789","1.44002"
"2539733789","129772754","1.44002"
"129772754","1530004358","0.856685"
"1530004358","129772754","0.856685"
"129772754","2107972420","0.606685"
"2107972420","129772754","0.606685"
"1530004358","1548104478","0.333333"
"1548104478","1530004358","0.333333"
"1530004358","2107972420","1.75281"
"2107972420","1530004358","1.75281"
"1548104478","2107972420","0.333333"
"2107972420","1548104478","0.333333"
"129772754","2002619357","0.5"
"2002619357","129772754","0.5"
"1548104478","2002619357","0.5"
"2002619357","1548104478","0.5"
"1551855530","1560978096","1.51835"
"1560978096","1551855530","1.51835"
"1551855530","174929247","3.58779"
"174929247","1551855530","3.58779"
"1560978096","174929247","3.42549"
"174929247","1560978096","3.42549"
"1560978096","2101460029","1.16374"
"2101460029","1560978096","1.16374"
"174929247","2101460029","1.30946"
"2101460029","174929247","1.30946"
"129772754","22424597","2"
"22424597","129772754","2"
"129772754","2107689334","0.833333"
"2107689334","129772754","0.833333"
"1492384615","2107689334","1.16627"
"2107689334","1492384615","1.16627"
"1965799257","2107689334","0.333333"
"2107689334","1965799257","0.333333"
"174929247","1965799257","7.62662"
"1965799257","174929247","7.62662"
"174929247","2033472483","7.89606"
"2033472483","174929247","7.89606"
"174929247","2129751437","19.1794"
"2129751437","174929247","19.1794"
"1965799257","2033472483","4.96655"
"2033472483","1965799257","4.96655"
"2033472483","2129751437","67.7344"
"2129751437","2033472483","67.7344"
"1548104478","22424597","1.95"
"22424597","1548104478","1.95"
"1560978096","172126548","0.808824"
"172126548","1560978096","0.808824"
"129772754","1514591449","0.5"
"1514591449","129772754","0.5"
"1514591449","2129751437","7.99444"
"2129751437","1514591449","7.99444"
"129772754","1993068078","1.48168"
"1993068078","129772754","1.48168"
"1993068078","2101460029","1.64543"
"2101460029","1993068078","1.64543"
"1993068078","2129751437","6.55981"
"2129751437","1993068078","6.55981"
"1548104478","174929247","1.99563"
"174929247","1548104478","1.99563"
"1548104478","2033472483","6.11154"
"2033472483","1548104478","6.11154"
"1551855530","2033472483","6.38779"
"2033472483","1551855530","6.38779"
"129772754","1888763461","0.291667"
"1888763461","129772754","0.291667"
"129772754","1966406552","0.291667"
"1966406552","129772754","0.291667"
"129772754","2127574693","1.7"
"2127574693","129772754","1.7"
"1492384615","1888763461","0.416667"
"1888763461","1492384615","0.416667"
"1492384615","1966406552","1.10278"
"1966406552","1492384615","1.10278"
"1492384615","2033472483","30.939"
"2033472483","1492384615","30.939"
"1492384615","2127574693","2.11508"
"2127574693","1492384615","2.11508"
"1492384615","2539733789","3.81899"
"2539733789","1492384615","3.81899"
"1888763461","1966406552","0.416667"
"1966406552","1888763461","0.416667"
"1888763461","2033472483","0.25"
"2033472483","1888763461","0.25"
"1888763461","2101460029","1.25"
"2101460029","1888763461","1.25"
"1888763461","2127574693","0.125"
"2127574693","1888763461","0.125"
"1888763461","2129751437","0.291667"
"2129751437","1888763461","0.291667"
"1888763461","2539733789","0.125"
"2539733789","1888763461","0.125"
"1966406552","2033472483","2.98611"
"2033472483","1966406552","2.98611"
"1966406552","2101460029","0.825"
"2101460029","1966406552","0.825"
"1966406552","2127574693","0.436111"
"2127574693","1966406552","0.436111"
"1966406552","2129751437","1.60278"
"2129751437","1966406552","1.60278"
"1966406552","2539733789","0.25"
"2539733789","1966406552","0.25"
"2033472483","2101460029","18.2157"
"2101460029","2033472483","18.2157"
"2033472483","2127574693","8.16612"
"2127574693","2033472483","8.16612"
"2033472483","2539733789","3.56899"
"2539733789","2033472483","3.56899"
"2101460029","2127574693","2.33716"
"2127574693","2101460029","2.33716"
"2101460029","2539733789","3.20788"
"2539733789","2101460029","3.20788"
"2127574693","2129751437","9.64946"
"2129751437","2127574693","9.64946"
"2127574693","2539733789","0.125"
"2539733789","2127574693","0.125"
"2129751437","2539733789","3.52732"
"2539733789","2129751437","3.52732"
"129772754","2147324825","0.25"
"2147324825","129772754","0.25"
"1965799257","2147324825","0.75"
"2147324825","1965799257","0.75"
"2101460029","2147324825","2.2746"
"2147324825","2101460029","2.2746"
"2129751437","2147324825","4.22662"
"2147324825","2129751437","4.22662"
"1492384615","1532741148","1.57827"
"1532741148","1492384615","1.57827"
"1492384615","174929247","4.71829"
"174929247","1492384615","4.71829"
"1532741148","1548104478","0.319444"
"1548104478","1532741148","0.319444"
"1532741148","1551855530","1.62827"
"1551855530","1532741148","1.62827"
"1532741148","1965799257","1.07827"
"1965799257","1532741148","1.07827"
"1532741148","2033472483","1.24493"
"2033472483","1532741148","1.24493"
"1532741148","2129751437","2.82827"
"2129751437","1532741148","2.82827"
"129772754","1488499745","0.166667"
"1488499745","129772754","0.166667"
"1488499745","1492384615","0.5"
"1492384615","1488499745","0.5"
"1488499745","1888763461","0.166667"
"1888763461","1488499745","0.166667"
"1488499745","1965799257","0.166667"
"1965799257","1488499745","0.166667"
"1488499745","1966406552","0.166667"
"1966406552","1488499745","0.166667"
"1488499745","2129751437","0.166667"
"2129751437","1488499745","0.166667"
"1888763461","1965799257","0.291667"
"1965799257","1888763461","0.291667"
"1965799257","1966406552","0.416667"
"1966406552","1965799257","0.416667"
"1548104478","1560978096","1.59286"
"1560978096","1548104478","1.59286"
"1560978096","1965799257","1.23765"
"1965799257","1560978096","1.23765"
"1560978096","2033472483","1.81542"
"2033472483","1560978096","1.81542"
"129772754","2086526348","0.2"
"2086526348","129772754","0.2"
"1965799257","2086526348","0.252632"
"2086526348","1965799257","0.252632"
"1965799257","2127574693","1.50263"
"2127574693","1965799257","1.50263"
"2086526348","2101460029","0.563743"
"2101460029","2086526348","0.563743"
"2086526348","2127574693","0.463743"
"2127574693","2086526348","0.463743"
"2086526348","2129751437","0.885965"
"2129751437","2086526348","0.885965"
"1530004358","1560978096","0.308824"
"1560978096","1530004358","0.308824"
"1530004358","172126548","0.818286"
"172126548","1530004358","0.818286"
"1530004358","2129751437","1.91948"
"2129751437","1530004358","1.91948"
"172126548","2129751437","5.40162"
"2129751437","172126548","5.40162"
"129772754","1977303122","0.5"
"1977303122","129772754","0.5"
"1551855530","1977303122","0.583333"
"1977303122","1551855530","0.583333"
"129772754","1517737936","0.148352"
"1517737936","129772754","0.148352"
"129772754","2111191255","0.196429"
"2111191255","129772754","0.196429"
"1492384615","1517737936","0.518286"
"1517737936","1492384615","0.518286"
"1492384615","1530004358","1.66948"
"1530004358","1492384615","1.66948"
"1492384615","172126548","2.15162"
"172126548","1492384615","2.15162"
"1492384615","1831316509","0.657175"
"1831316509","1492384615","0.657175"
"1492384615","1993068078","2.22384"
"1993068078","1492384615","2.22384"
"1492384615","2107972420","1.83614"
"2107972420","1492384615","1.83614"
"1492384615","2111191255","1.92192"
"2111191255","1492384615","1.92192"
"1517737936","1530004358","0.318286"
"1530004358","1517737936","0.318286"
"1517737936","172126548","0.318286"
"172126548","1517737936","0.318286"
"1517737936","174929247","0.407175"
"174929247","1517737936","0.407175"
"1517737936","1831316509","0.207175"
"1831316509","1517737936","0.207175"
"1517737936","1965799257","0.318286"
"1965799257","1517737936","0.318286"
"1517737936","1993068078","0.318286"
"1993068078","1517737936","0.318286"
"1517737936","2033472483","0.518286"
"2033472483","1517737936","0.518286"
"1517737936","2101460029","0.148352"
"2101460029","1517737936","0.148352"
"1517737936","2107972420","0.318286"
"2107972420","1517737936","0.318286"
"1517737936","2111191255","0.130252"
"2111191255","1517737936","0.130252"
"1517737936","2129751437","2.51829"
"2129751437","1517737936","2.51829"
"1517737936","2539733789","0.259463"
"2539733789","1517737936","0.259463"
"1530004358","174929247","0.332175"
"174929247","1530004358","0.332175"
"1530004358","1831316509","0.207175"
"1831316509","1530004358","0.207175"
"1530004358","1965799257","0.318286"
"1965799257","1530004358","0.318286"
"1530004358","1993068078","0.318286"
"1993068078","1530004358","0.318286"
"1530004358","2033472483","1.41948"
"2033472483","1530004358","1.41948"
"1530004358","2101460029","1.12454"
"2101460029","1530004358","1.12454"
"1530004358","2111191255","0.255252"
"2111191255","1530004358","0.255252"
"1530004358","2539733789","0.65232"
"2539733789","1530004358","0.65232"
"172126548","174929247","0.540509"
"174929247","172126548","0.540509"
"172126548","1831316509","0.207175"
"1831316509","172126548","0.207175"
"172126548","1965799257","0.318286"
"1965799257","172126548","0.318286"
"172126548","1993068078","0.568286"
"1993068078","172126548","0.568286"
"172126548","2033472483","3.06829"
"2033472483","172126548","3.06829"
"172126548","2101460029","0.148352"
"2101460029","172126548","0.148352"
"172126548","2107972420","0.318286"
"2107972420","172126548","0.318286"
"172126548","2111191255","0.130252"
"2111191255","172126548","0.130252"
"172126548","2539733789","0.509463"
"2539733789","172126548","0.509463"
"174929247","1993068078","0.373842"
"1993068078","174929247","0.373842"
"174929247","2107972420","0.332175"
"2107972420","174929247","0.332175"
"174929247","2111191255","0.255252"
"2111191255","174929247","0.255252"
"174929247","2539733789","0.523352"
"2539733789","174929247","0.523352"
"1831316509","1965799257","2.19051"
"1965799257","1831316509","2.19051"
"1831316509","1993068078","0.907175"
"1993068078","1831316509","0.907175"
"1831316509","2033472483","1.02384"
"2033472483","1831316509","1.02384"
"1831316509","2101460029","0.598352"
"2101460029","1831316509","0.598352"
"1831316509","2107972420","0.207175"
"2107972420","1831316509","0.207175"
"1831316509","2111191255","0.130252"
"2111191255","1831316509","0.130252"
"1831316509","2129751437","3.27384"
"2129751437","1831316509","3.27384"
"1831316509","2539733789","0.273352"
"2539733789","1831316509","0.273352"
"1965799257","1993068078","0.370918"
"1993068078","1965799257","0.370918"
"1965799257","2107972420","0.318286"
"2107972420","1965799257","0.318286"
"1965799257","2111191255","0.130252"
"2111191255","1965799257","0.130252"
"1965799257","2539733789","0.384463"
"2539733789","1965799257","0.384463"
"1993068078","2033472483","1.84314"
"2033472483","1993068078","1.84314"
"1993068078","2107972420","0.318286"
"2107972420","1993068078","0.318286"
"1993068078","2111191255","0.130252"
"2111191255","1993068078","0.130252"
"1993068078","2539733789","0.259463"
"2539733789","1993068078","0.259463"
"2033472483","2107972420","1.94725"
"2107972420","2033472483","1.94725"
"2033472483","2111191255","3.58859"
"2111191255","2033472483","3.58859"
"2101460029","2107972420","1.65232"
"2107972420","2101460029","1.65232"
"2101460029","2111191255","0.904762"
"2111191255","2101460029","0.904762"
"2107972420","2111191255","0.255252"
"2111191255","2107972420","0.255252"
"2107972420","2129751437","2.94725"
"2129751437","2107972420","2.94725"
"2107972420","2539733789","0.568987"
"2539733789","2107972420","0.568987"
"2111191255","2129751437","5.92192"
"2129751437","2111191255","5.92192"
"2111191255","2539733789","0.0714286"
"2539733789","2111191255","0.0714286"
"1550349175","1560978096","0.25"
"1560978096","1550349175","0.25"
"1550349175","2033472483","0.611111"
"2033472483","1550349175","0.611111"
"129772754","1967525428","0.166667"
"1967525428","129772754","0.166667"
"129772754","2168308159","0.166667"
"2168308159","129772754","0.166667"
"129772754","2231773762","1.16667"
"2231773762","129772754","1.16667"
"1551855530","1967525428","0.166667"
"1967525428","1551855530","0.166667"
"1551855530","2168308159","0.166667"
"2168308159","1551855530","0.166667"
"1551855530","2231773762","0.309524"
"2231773762","1551855530","0.309524"
"1967525428","1992286709","2.33799"
"1992286709","1967525428","2.33799"
"1967525428","2129751437","0.504652"
"2129751437","1967525428","0.504652"
"1967525428","2168308159","0.166667"
"2168308159","1967525428","0.166667"
"1967525428","2231773762","0.552632"
"2231773762","1967525428","0.552632"
"1992286709","2168308159","0.166667"
"2168308159","1992286709","0.166667"
"1992286709","2231773762","2.45104"
"2231773762","1992286709","2.45104"
"2129751437","2168308159","0.166667"
"2168308159","2129751437","0.166667"
"2129751437","2231773762","0.94152"
"2231773762","2129751437","0.94152"
"2168308159","2231773762","0.166667"
"2231773762","2168308159","0.166667"
"1532741148","1550349175","0.194444"
"1550349175","1532741148","0.194444"
"1550349175","174929247","0.503968"
"174929247","1550349175","0.503968"
"1560978096","2107689334","0.611111"
"2107689334","1560978096","0.611111"
"2033472483","2107689334","6.33849"
"2107689334","2033472483","6.33849"
"1530004358","2127574693","0.125"
"2127574693","1530004358","0.125"
"174929247","2127574693","0.986111"
"2127574693","174929247","0.986111"
"2107972420","2127574693","0.236111"
"2127574693","2107972420","0.236111"
"2111191255","2127574693","0.125"
"2127574693","2111191255","0.125"
"129772754","2131447456","0.5"
"2131447456","129772754","0.5"
"174929247","2131447456","0.758824"
"2131447456","174929247","0.758824"
"1992286709","2033472483","6.49195"
"2033472483","1992286709","6.49195"
"129772754","1548223670","0.166667"
"1548223670","129772754","0.166667"
"129772754","2149978078","0.166667"
"2149978078","129772754","0.166667"
"129772754","2773763854","0.166667"
"2773763854","129772754","0.166667"
"1548223670","2107689334","0.309524"
"2107689334","1548223670","0.309524"
"1548223670","2129751437","6.36835"
"2129751437","1548223670","6.36835"
"1548223670","2149978078","0.166667"
"2149978078","1548223670","0.166667"
"1548223670","2539733789","0.166667"
"2539733789","1548223670","0.166667"
"1548223670","2773763854","0.166667"
"2773763854","1548223670","0.166667"
"2107689334","2149978078","0.611111"
"2149978078","2107689334","0.611111"
"2107689334","2539733789","0.166667"
"2539733789","2107689334","0.166667"
"2107689334","2773763854","0.166667"
"2773763854","2107689334","0.166667"
"2129751437","2149978078","2.33799"
"2149978078","2129751437","2.33799"
"2129751437","2773763854","2.01786"
"2773763854","2129751437","2.01786"
"2149978078","2539733789","0.166667"
"2539733789","2149978078","0.166667"
"2149978078","2773763854","0.25"
"2773763854","2149978078","0.25"
"2539733789","2773763854","0.166667"
"2773763854","2539733789","0.166667"
"129772754","1533821024","0.7"
"1533821024","129772754","0.7"
"129772754","2036596406","0.2"
"2036596406","129772754","0.2"
"1533821024","1551855530","0.2"
"1551855530","1533821024","0.2"
"1533821024","1560978096","0.477778"
"1560978096","1533821024","0.477778"
"1533821024","1965799257","0.2"
"1965799257","1533821024","0.2"
"1533821024","2036596406","0.2"
"2036596406","1533821024","0.2"
"1551855530","2036596406","0.342857"
"2036596406","1551855530","0.342857"
"1560978096","2036596406","0.585965"
"2036596406","1560978096","0.585965"
"1965799257","2036596406","0.252632"
"2036596406","1965799257","0.252632"
"129772754","2260792677","0.5"
"2260792677","129772754","0.5"
"1533821024","2260792677","0.5"
"2260792677","1533821024","0.5"
"1488499745","2033472483","1"
"2033472483","1488499745","1"
"1488499745","2539733789","0.333333"
"2539733789","1488499745","0.333333"
"1488499745","1551855530","1"
"1551855530","1488499745","1"
"1488499745","1533821024","0.166667"
"1533821024","1488499745","0.166667"
"1488499745","1560978096","0.166667"
"1560978096","1488499745","0.166667"
"1488499745","1976525506","0.166667"
"1976525506","1488499745","0.166667"
"1488499745","2107689334","0.166667"
"2107689334","1488499745","0.166667"
"1488499745","2113383462","0.166667"
"2113383462","1488499745","0.166667"
"1533821024","1976525506","2.61111"
"1976525506","1533821024","2.61111"
"1533821024","2033472483","0.861111"
"2033472483","1533821024","0.861111"
"1533821024","2107689334","0.777778"
"2107689334","1533821024","0.777778"
"1533821024","2113383462","1.11111"
"2113383462","1533821024","1.11111"
"1560978096","1976525506","0.277778"
"1976525506","1560978096","0.277778"
"1560978096","2113383462","0.277778"
"2113383462","1560978096","0.277778"
"1976525506","2033472483","1.94444"
"2033472483","1976525506","1.94444"
"1976525506","2107689334","0.611111"
"2107689334","1976525506","0.611111"
"1976525506","2113383462","3.11111"
"2113383462","1976525506","3.11111"
"2033472483","2113383462","0.611111"
"2113383462","2033472483","0.611111"
"2107689334","2113383462","0.277778"
"2113383462","2107689334","0.277778"
"1488499745","2028796651","0.5"
"2028796651","1488499745","0.5"
"2028796651","2033472483","2.22619"
"2033472483","2028796651","2.22619"
"1492384615","2036596406","1.17146"
"2036596406","1492384615","1.17146"
"1992286709","2036596406","3.23918"
"2036596406","1992286709","3.23918"
"2033472483","2036596406","3.4741"
"2036596406","2033472483","3.4741"
"2036596406","2101460029","0.588743"
"2101460029","2036596406","0.588743"
"2036596406","2129751437","1.64076"
"2129751437","2036596406","1.64076"
"1492384615","2028796651","1.39286"
"2028796651","1492384615","1.39286"
"1530004358","2028796651","0.97619"
"2028796651","1530004358","0.97619"
"2028796651","2101460029","1.72619"
"2101460029","2028796651","1.72619"
"2028796651","2107972420","1.14286"
"2107972420","2028796651","1.14286"
"2028796651","2129751437","1.72619"
"2129751437","2028796651","1.72619"
"1492384615","1514591449","1.8"
"1514591449","1492384615","1.8"
"1514591449","174929247","4.64444"
"174929247","1514591449","4.64444"
"1514591449","2033472483","2.91111"
"2033472483","1514591449","2.91111"
"1492384615","2041696298","0.333333"
"2041696298","1492384615","0.333333"
"2033472483","2041696298","2.25"
"2041696298","2033472483","2.25"
"2041696298","2129751437","1.25"
"2129751437","2041696298","1.25"
"1492384615","22424597","3.61667"
"22424597","1492384615","3.61667"
"1492384615","1997881061","0.533333"
"1997881061","1492384615","0.533333"
"1532741148","1997881061","0.283333"
"1997881061","1532741148","0.283333"
"1965799257","1997881061","0.533333"
"1997881061","1965799257","0.533333"
"1997881061","2033472483","0.783333"
"2033472483","1997881061","0.783333"
"1997881061","2129751437","0.533333"
"2129751437","1997881061","0.533333"
"1492384615","1967525428","0.285354"
"1967525428","1492384615","0.285354"
"1492384615","2147324825","0.782179"
"2147324825","1492384615","0.782179"
"1492384615","2170276412","1.5798"
"2170276412","1492384615","1.5798"
"1966406552","1967525428","0.111111"
"1967525428","1966406552","0.111111"
"1966406552","1992286709","0.111111"
"1992286709","1966406552","0.111111"
"1966406552","2036596406","0.111111"
"2036596406","1966406552","0.111111"
"1966406552","2147324825","0.111111"
"2147324825","1966406552","0.111111"
"1966406552","2170276412","0.111111"
"2170276412","1966406552","0.111111"
"1967525428","2033472483","0.671318"
"2033472483","1967525428","0.671318"
"1967525428","2036596406","0.337985"
"2036596406","1967525428","0.337985"
"1967525428","2127574693","0.163743"
"2127574693","1967525428","0.163743"
"1967525428","2147324825","1.28535"
"2147324825","1967525428","1.28535"
"1967525428","2170276412","0.337985"
"2170276412","1967525428","0.337985"
"1992286709","2127574693","1.18438"
"2127574693","1992286709","1.18438"
"1992286709","2147324825","0.729798"
"2147324825","1992286709","0.729798"
"1992286709","2170276412","3.03243"
"2170276412","1992286709","3.03243"
"2033472483","2147324825","3.30996"
"2147324825","2033472483","3.30996"
"2033472483","2170276412","3.64354"
"2170276412","2033472483","3.64354"
"2036596406","2127574693","1.18438"
"2127574693","2036596406","1.18438"
"2036596406","2147324825","2.49646"
"2147324825","2036596406","2.49646"
"2036596406","2170276412","1.22965"
"2170276412","2036596406","1.22965"
"2127574693","2147324825","1.30952"
"2147324825","2127574693","1.30952"
"2127574693","2170276412","0.708187"
"2170276412","2127574693","0.708187"
"2129751437","2170276412","4.11021"
"2170276412","2129751437","4.11021"
"2147324825","2170276412","0.285354"
"2170276412","2147324825","0.285354"
"1492384615","2117621473","0.333333"
"2117621473","1492384615","0.333333"
"2033472483","2117621473","0.333333"
"2117621473","2033472483","0.333333"
"2117621473","2129751437","1.33333"
"2129751437","2117621473","1.33333"
"1492384615","2049117621","0.166667"
"2049117621","1492384615","0.166667"
"1548104478","2049117621","0.166667"
"2049117621","1548104478","0.166667"
"1551855530","2049117621","0.166667"
"2049117621","1551855530","0.166667"
"2033472483","2049117621","0.166667"
"2049117621","2033472483","0.166667"
"2049117621","2101460029","0.166667"
"2101460029","2049117621","0.166667"
"2049117621","2129751437","0.166667"
"2129751437","2049117621","0.166667"
"2028796651","2539733789","0.309524"
"2539733789","2028796651","0.309524"
"1492384615","1521028737","0.496825"
"1521028737","1492384615","0.496825"
"1521028737","2033472483","1.0246"
"2033472483","1521028737","1.0246"
"1521028737","2101460029","1.0246"
"2101460029","1521028737","1.0246"
"1521028737","2107689334","8.35794"
"2107689334","1521028737","8.35794"
"1521028737","2127574693","0.531746"
"2127574693","1521028737","0.531746"
"1521028737","2129751437","1.0246"
"2129751437","1521028737","1.0246"
"1521028737","2147324825","3.60794"
"2147324825","1521028737","3.60794"
"2101460029","2107689334","1.37183"
"2107689334","2101460029","1.37183"
"2107689334","2127574693","2.40952"
"2127574693","2107689334","2.40952"
"2107689334","2147324825","3.44127"
"2147324825","2107689334","3.44127"
"1492384615","1548223670","0.951681"
"1548223670","1492384615","0.951681"
"1521028737","1548223670","4.64286"
"1548223670","1521028737","4.64286"
"1548223670","2033472483","4.45168"
"2033472483","1548223670","4.45168"
"1548223670","2101460029","1.39286"
"2101460029","1548223670","1.39286"
"1548223670","2147324825","1.64286"
"2147324825","1548223670","1.64286"
"1492384615","2002619357","0.0588235"
"2002619357","1492384615","0.0588235"
"1492384615","2131447456","0.258824"
"2131447456","1492384615","0.258824"
"1517737936","1532741148","0.392157"
"1532741148","1517737936","0.392157"
"1517737936","1548223670","0.0588235"
"1548223670","1517737936","0.0588235"
"1517737936","1551855530","0.0588235"
"1551855530","1517737936","0.0588235"
"1517737936","1560978096","0.0588235"
"1560978096","1517737936","0.0588235"
"1517737936","2002619357","0.0588235"
"2002619357","1517737936","0.0588235"
"1517737936","2131447456","0.0588235"
"2131447456","1517737936","0.0588235"
"1530004358","1532741148","0.0588235"
"1532741148","1530004358","0.0588235"
"1530004358","1548223670","0.0588235"
"1548223670","1530004358","0.0588235"
"1530004358","1551855530","0.0588235"
"1551855530","1530004358","0.0588235"
"1530004358","2002619357","0.0588235"
"2002619357","1530004358","0.0588235"
"1530004358","2131447456","0.0588235"
"2131447456","1530004358","0.0588235"
"1532741148","1548223670","0.0588235"
"1548223670","1532741148","0.0588235"
"1532741148","1560978096","0.642157"
"1560978096","1532741148","0.642157"
"1532741148","172126548","0.0588235"
"172126548","1532741148","0.0588235"
"1532741148","1993068078","1.14216"
"1993068078","1532741148","1.14216"
"1532741148","2002619357","0.0588235"
"2002619357","1532741148","0.0588235"
"1532741148","2107972420","0.0588235"
"2107972420","1532741148","0.0588235"
"1532741148","2111191255","0.0588235"
"2111191255","1532741148","0.0588235"
"1532741148","2131447456","0.0588235"
"2131447456","1532741148","0.0588235"
"1548223670","1551855530","0.0588235"
"1551855530","1548223670","0.0588235"
"1548223670","1560978096","0.0588235"
"1560978096","1548223670","0.0588235"
"1548223670","172126548","0.0588235"
"172126548","1548223670","0.0588235"
"1548223670","174929247","0.308824"
"174929247","1548223670","0.308824"
"1548223670","1831316509","0.0588235"
"1831316509","1548223670","0.0588235"
"1548223670","1965799257","0.558824"
"1965799257","1548223670","0.558824"
"1548223670","1993068078","0.0588235"
"1993068078","1548223670","0.0588235"
"1548223670","2002619357","0.0588235"
"2002619357","1548223670","0.0588235"
"1548223670","2107972420","0.0588235"
"2107972420","1548223670","0.0588235"
"1548223670","2111191255","0.558824"
"2111191255","1548223670","0.558824"
"1548223670","2131447456","0.0588235"
"2131447456","1548223670","0.0588235"
"1551855530","172126548","0.0588235"
"172126548","1551855530","0.0588235"
"1551855530","1831316509","0.901681"
"1831316509","1551855530","0.901681"
"1551855530","1993068078","0.308824"
"1993068078","1551855530","0.308824"
"1551855530","2002619357","0.0588235"
"2002619357","1551855530","0.0588235"
"1551855530","2107972420","0.0588235"
"2107972420","1551855530","0.0588235"
"1551855530","2111191255","0.0588235"
"2111191255","1551855530","0.0588235"
"1551855530","2131447456","0.0588235"
"2131447456","1551855530","0.0588235"
"1560978096","1831316509","0.0588235"
"1831316509","1560978096","0.0588235"
"1560978096","1993068078","0.222566"
"1993068078","1560978096","0.222566"
"1560978096","2002619357","0.0588235"
"2002619357","1560978096","0.0588235"
"1560978096","2107972420","0.0588235"
"2107972420","1560978096","0.0588235"
"1560978096","2111191255","0.0588235"
"2111191255","1560978096","0.0588235"
"1560978096","2131447456","0.0588235"
"2131447456","1560978096","0.0588235"
"172126548","2002619357","0.0588235"
"2002619357","172126548","0.0588235"
"172126548","2131447456","0.0588235"
"2131447456","172126548","0.0588235"
"174929247","2002619357","0.0588235"
"2002619357","174929247","0.0588235"
"1831316509","2002619357","0.0588235"
"2002619357","1831316509","0.0588235"
"1831316509","2131447456","0.0588235"
"2131447456","1831316509","0.0588235"
"1965799257","2002619357","0.0588235"
"2002619357","1965799257","0.0588235"
"1965799257","2131447456","0.258824"
"2131447456","1965799257","0.258824"
"1993068078","2002619357","0.0588235"
"2002619357","1993068078","0.0588235"
"1993068078","2131447456","0.0588235"
"2131447456","1993068078","0.0588235"
"2002619357","2033472483","0.0588235"
"2033472483","2002619357","0.0588235"
"2002619357","2107972420","0.0588235"
"2107972420","2002619357","0.0588235"
"2002619357","2111191255","0.0588235"
"2111191255","2002619357","0.0588235"
"2002619357","2129751437","0.0588235"
"2129751437","2002619357","0.0588235"
"2002619357","2131447456","0.0588235"
"2131447456","2002619357","0.0588235"
"2033472483","2131447456","0.258824"
"2131447456","2033472483","0.258824"
"2107972420","2131447456","0.0588235"
"2131447456","2107972420","0.0588235"
"2111191255","2131447456","0.0588235"
"2131447456","2111191255","0.0588235"
"2129751437","2131447456","0.258824"
"2131447456","2129751437","0.258824"
"1514591449","1965799257","1.2"
"1965799257","1514591449","1.2"
"2033472483","22424597","3.4"
"22424597","2033472483","3.4"
"2101460029","22424597","1.73333"
"22424597","2101460029","1.73333"
"2129751437","22424597","6.48333"
"22424597","2129751437","6.48333"
"1560978096","2170276412","0.635965"
"2170276412","1560978096","0.635965"
"2101460029","2170276412","2.16374"
"2170276412","2101460029","2.16374"
"174929247","1966406552","0.25"
"1966406552","174929247","0.25"
"174929247","1997881061","0.25"
"1997881061","174929247","0.25"
"1831316509","1966406552","0.25"
"1966406552","1831316509","0.25"
"1831316509","1997881061","0.25"
"1997881061","1831316509","0.25"
"1966406552","1997881061","0.25"
"1997881061","1966406552","0.25"
"1997881061","2101460029","0.25"
"2101460029","1997881061","0.25"
"1997881061","2539733789","0.125"
"2539733789","1997881061","0.125"
"1492384615","1977303122","0.283333"
"1977303122","1492384615","0.283333"
"1514591449","1532741148","0.833333"
"1532741148","1514591449","0.833333"
"1514591449","1548104478","0.75"
"1548104478","1514591449","0.75"
"1514591449","1550349175","0.0833333"
"1550349175","1514591449","0.0833333"
"1514591449","1551855530","1.08333"
"1551855530","1514591449","1.08333"
"1514591449","1560978096","1.7"
"1560978096","1514591449","1.7"
"1514591449","1977303122","0.0833333"
"1977303122","1514591449","0.0833333"
"1514591449","1997881061","0.0833333"
"1997881061","1514591449","0.0833333"
"1514591449","22424597","0.25"
"22424597","1514591449","0.25"
"1532741148","1977303122","1.08333"
"1977303122","1532741148","1.08333"
"1532741148","22424597","0.0833333"
"22424597","1532741148","0.0833333"
"1548104478","1977303122","0.583333"
"1977303122","1548104478","0.583333"
"1548104478","1997881061","0.0833333"
"1997881061","1548104478","0.0833333"
"1550349175","1977303122","0.583333"
"1977303122","1550349175","0.583333"
"1550349175","1997881061","0.0833333"
"1997881061","1550349175","0.0833333"
"1550349175","22424597","0.0833333"
"22424597","1550349175","0.0833333"
"1551855530","1997881061","0.0833333"
"1997881061","1551855530","0.0833333"
"1551855530","22424597","1.08333"
"22424597","1551855530","1.08333"
"1560978096","1977303122","0.0833333"
"1977303122","1560978096","0.0833333"
"1560978096","1997881061","0.0833333"
"1997881061","1560978096","0.0833333"
"1560978096","22424597","0.583333"
"22424597","1560978096","0.583333"
"1965799257","1977303122","0.0833333"
"1977303122","1965799257","0.0833333"
"1965799257","22424597","0.0833333"
"22424597","1965799257","0.0833333"
"1977303122","1997881061","0.0833333"
"1997881061","1977303122","0.0833333"
"1977303122","2033472483","0.333333"
"2033472483","1977303122","0.333333"
"1977303122","2129751437","0.783333"
"2129751437","1977303122","0.783333"
"1977303122","22424597","0.0833333"
"22424597","1977303122","0.0833333"
"1997881061","22424597","0.0833333"
"22424597","1997881061","0.0833333"
"1492384615","1703676130","0.416667"
"1703676130","1492384615","0.416667"
"1514591449","1703676130","3.25"
"1703676130","1514591449","3.25"
"1548104478","1703676130","0.166667"
"1703676130","1548104478","0.166667"
"1703676130","174929247","1.11667"
"174929247","1703676130","1.11667"
"1703676130","2033472483","0.416667"
"2033472483","1703676130","0.416667"
"1703676130","2129751437","2.53333"
"2129751437","1703676130","2.53333"
"1492384615","2086526348","0.322222"
"2086526348","1492384615","0.322222"
"1514591449","1992286709","0.242857"
"1992286709","1514591449","0.242857"
"1514591449","1993068078","0.85"
"1993068078","1514591449","0.85"
"1514591449","2036596406","0.342857"
"2036596406","1514591449","0.342857"
"1514591449","2086526348","0.211111"
"2086526348","1514591449","0.211111"
"1514591449","2107689334","0.311111"
"2107689334","1514591449","0.311111"
"1514591449","2127574693","0.353968"
"2127574693","1514591449","0.353968"
"1514591449","2170276412","0.211111"
"2170276412","1514591449","0.211111"
"1992286709","1993068078","0.663743"
"1993068078","1992286709","0.663743"
"1992286709","2086526348","2.24152"
"2086526348","1992286709","2.24152"
"1992286709","2107689334","0.869444"
"2107689334","1992286709","0.869444"
"1993068078","2036596406","0.152632"
"2036596406","1993068078","0.152632"
"1993068078","2086526348","0.263743"
"2086526348","1993068078","0.263743"
"1993068078","2107689334","0.411111"
"2107689334","1993068078","0.411111"
"1993068078","2127574693","0.152632"
"2127574693","1993068078","0.152632"
"1993068078","2170276412","0.663743"
"2170276412","1993068078","0.663743"
"2033472483","2086526348","1.63596"
"2086526348","2033472483","1.63596"
"2036596406","2086526348","0.735965"
"2086526348","2036596406","0.735965"
"2036596406","2107689334","0.936111"
"2107689334","2036596406","0.936111"
"2086526348","2107689334","0.711111"
"2107689334","2086526348","0.711111"
"2086526348","2170276412","0.624854"
"2170276412","2086526348","0.624854"
"2107689334","2170276412","0.536111"
"2170276412","2107689334","0.536111"
"1514591449","1517737936","0.2"
"1517737936","1514591449","0.2"
"1492384615","21093212","0.472222"
"21093212","1492384615","0.472222"
"1992286709","21093212","1.00556"
"21093212","1992286709","1.00556"
"2033472483","21093212","1.00556"
"21093212","2033472483","1.00556"
"2036596406","21093212","0.25"
"21093212","2036596406","0.25"
"1492384615","1655894887","0.835354"
"1655894887","1492384615","0.835354"
"1514591449","1521028737","0.1"
"1521028737","1514591449","0.1"
"1514591449","1655894887","0.1"
"1655894887","1514591449","0.1"
"1514591449","2101460029","0.211111"
"2101460029","1514591449","0.211111"
"1514591449","2147324825","0.1"
"2147324825","1514591449","0.1"
"1521028737","1655894887","0.211111"
"1655894887","1521028737","0.211111"
"1521028737","174929247","0.1"
"174929247","1521028737","0.1"
"1521028737","2036596406","0.211111"
"2036596406","1521028737","0.211111"
"1655894887","174929247","0.1"
"174929247","1655894887","0.1"
"1655894887","2033472483","5.93798"
"2033472483","1655894887","5.93798"
"1655894887","2036596406","1.68799"
"2036596406","1655894887","1.68799"
"1655894887","2101460029","1.21374"
"2101460029","1655894887","1.21374"
"1655894887","2107689334","0.211111"
"2107689334","1655894887","0.211111"
"1655894887","2129751437","2.05465"
"2129751437","1655894887","2.05465"
"1655894887","2147324825","2.38535"
"2147324825","1655894887","2.38535"
"174929247","2036596406","0.242857"
"2036596406","174929247","0.242857"
"174929247","2107689334","0.211111"
"2107689334","174929247","0.211111"
"174929247","2147324825","0.1"
"2147324825","174929247","0.1"
"1492384615","2079657950","0.2"
"2079657950","1492384615","0.2"
"1492384615","2115911119","0.2"
"2115911119","1492384615","0.2"
"1492384615","2260792677","0.2"
"2260792677","1492384615","0.2"
"1977303122","2079657950","0.561111"
"2079657950","1977303122","0.561111"
"1977303122","2115911119","2.56111"
"2115911119","1977303122","2.56111"
"1977303122","2260792677","0.2"
"2260792677","1977303122","0.2"
"2079657950","2115911119","5.56111"
"2115911119","2079657950","5.56111"
"2079657950","2129751437","0.45"
"2129751437","2079657950","0.45"
"2079657950","2260792677","0.2"
"2260792677","2079657950","0.2"
"2115911119","2129751437","1.95"
"2129751437","2115911119","1.95"
"2115911119","2260792677","0.2"
"2260792677","2115911119","0.2"
"2129751437","2260792677","0.2"
"2260792677","2129751437","0.2"
"1655894887","2127574693","0.530409"
"2127574693","1655894887","0.530409"
"1492384615","2149978078","1.14646"
"2149978078","1492384615","1.14646"
"1548223670","22424597","0.25"
"22424597","1548223670","0.25"
"1655894887","1966406552","0.2"
"1966406552","1655894887","0.2"
"1655894887","2149978078","2.72687"
"2149978078","1655894887","2.72687"
"2101460029","2149978078","0.413743"
"2149978078","2101460029","0.413743"
"1492384615","2517950986","0.174242"
"2517950986","1492384615","0.174242"
"1548104478","1655894887","0.174242"
"1655894887","1548104478","0.174242"
"1548104478","1967525428","0.174242"
"1967525428","1548104478","0.174242"
"1548104478","1992286709","1.16591"
"1992286709","1548104478","1.16591"
"1548104478","2036596406","0.4421"
"2036596406","1548104478","0.4421"
"1548104478","2147324825","0.174242"
"2147324825","1548104478","0.174242"
"1548104478","2149978078","0.174242"
"2149978078","1548104478","0.174242"
"1548104478","2170276412","1.33258"
"2170276412","1548104478","1.33258"
"1548104478","2517950986","0.174242"
"2517950986","1548104478","0.174242"
"1655894887","1967525428","1.72687"
"1967525428","1655894887","1.72687"
"1655894887","1992286709","6.47687"
"1992286709","1655894887","6.47687"
"1655894887","2170276412","0.226874"
"2170276412","1655894887","0.226874"
"1655894887","2517950986","0.174242"
"2517950986","1655894887","0.174242"
"1967525428","2149978078","0.226874"
"2149978078","1967525428","0.226874"
"1967525428","2517950986","1.17424"
"2517950986","1967525428","1.17424"
"1992286709","2149978078","6.59751"
"2149978078","1992286709","6.59751"
"1992286709","2517950986","0.174242"
"2517950986","1992286709","0.174242"
"2033472483","2149978078","2.45465"
"2149978078","2033472483","2.45465"
"2033472483","2517950986","0.424242"
"2517950986","2033472483","0.424242"
"2036596406","2149978078","0.953065"
"2149978078","2036596406","0.953065"
"2036596406","2517950986","0.424242"
"2517950986","2036596406","0.424242"
"2129751437","2517950986","0.674242"
"2517950986","2129751437","0.674242"
"2147324825","2149978078","0.285354"
"2149978078","2147324825","0.285354"
"2147324825","2517950986","0.174242"
"2517950986","2147324825","0.174242"
"2149978078","2170276412","1.17132"
"2170276412","2149978078","1.17132"
"2149978078","2517950986","0.174242"
"2517950986","2149978078","0.174242"
"2170276412","2517950986","0.174242"
"2517950986","2170276412","0.174242"
"1492384615","2231773762","0.111111"
