"103340358","2063999654","33.6988"
"2063999654","103340358","33.6988"
"103340358","2098711168","50.7011"
"2098711168","103340358","50.7011"
"103340358","1967863517","52.1579"
"1967863517","103340358","52.1579"
"103340358","2022580894","9.93957"
"2022580894","103340358","9.93957"
"103340358","2047532797","9.10147"
"2047532797","103340358","9.10147"
"103340358","2056756258","1.86026"
"2056756258","103340358","1.86026"
"103340358","2075283574","1.60147"
"2075283574","103340358","1.60147"
"103340358","2168936785","4.67449"
"2168936785","103340358","4.67449"
"2022580894","2047532797","16.2427"
"2047532797","2022580894","16.2427"
"2022580894","2056756258","0.910256"
"2056756258","2022580894","0.910256"
"2022580894","2075283574","2.93401"
"2075283574","2022580894","2.93401"
"2022580894","2168936785","12.3618"
"2168936785","2022580894","12.3618"
"2047532797","2056756258","0.910256"
"2056756258","2047532797","0.910256"
"2047532797","2075283574","2.25782"
"2075283574","2047532797","2.25782"
"2047532797","2168936785","18.2308"
"2168936785","2047532797","18.2308"
"2056756258","2075283574","0.510256"
"2075283574","2056756258","0.510256"
"2056756258","2168936785","0.510256"
"2168936785","2056756258","0.510256"
"2075283574","2168936785","2.61497"
"2168936785","2075283574","2.61497"
"103340358","2168849769","2.33333"
"2168849769","103340358","2.33333"
"103340358","1977998106","7.44876"
"1977998106","103340358","7.44876"
"103340358","2102848467","18.5935"
"2102848467","103340358","18.5935"
"1977998106","2063999654","3.19638"
"2063999654","1977998106","3.19638"
"1977998106","2098711168","2.94638"
"2098711168","1977998106","2.94638"
"1977998106","2102848467","1.38804"
"2102848467","1977998106","1.38804"
"2063999654","2098711168","8.94638"
"2098711168","2063999654","8.94638"
"2063999654","2102848467","3.39757"
"2102848467","2063999654","3.39757"
"2098711168","2102848467","4.17138"
"2102848467","2098711168","4.17138"
"103340358","2099813268","5.75"
"2099813268","103340358","5.75"
"103340358","2163038880","0.333333"
"2163038880","103340358","0.333333"
"1977998106","2163038880","0.333333"
"2163038880","1977998106","0.333333"
"2102848467","2163038880","0.333333"
"2163038880","2102848467","0.333333"
"103340358","1557264270","1.0304"
"1557264270","103340358","1.0304"
"103340358","2227310419","0.197917"
"2227310419","103340358","0.197917"
"1557264270","2022580894","2.02008"
"2022580894","1557264270","2.02008"
"1557264270","2047532797","1.82008"
"2047532797","1557264270","1.82008"
"1557264270","2075283574","2.17008"
"2075283574","1557264270","2.17008"
"1557264270","2168936785","1.42722"
"2168936785","1557264270","1.42722"
"1557264270","2227310419","0.197917"
"2227310419","1557264270","0.197917"
"2022580894","2227310419","0.197917"
"2227310419","2022580894","0.197917"
"2047532797","2227310419","1.19792"
"2227310419","2047532797","1.19792"
"2075283574","2227310419","0.197917"
"2227310419","2075283574","0.197917"
"2168936785","2227310419","0.197917"
"2227310419","2168936785","0.197917"
"103340358","2127989284","1.06667"
"2127989284","103340358","1.06667"
"2022580894","2127989284","0.666667"
"2127989284","2022580894","0.666667"
"2047532797","2127989284","3.9"
"2127989284","2047532797","3.9"
"2056756258","2127989284","0.166667"
"2127989284","2056756258","0.166667"
"2075283574","2127989284","0.733333"
"2127989284","2075283574","0.733333"
"2127989284","2168936785","1.73333"
"2168936785","2127989284","1.73333"
"103340358","2127137551","1.86905"
"2127137551","103340358","1.86905"
"103340358","2136517229","2.33775"
"2136517229","103340358","2.33775"
"103340358","2138180870","4.38179"
"2138180870","103340358","4.38179"
"103340358","2139103617","4.4"
"2139103617","103340358","4.4"
"2063999654","2127137551","0.466667"
"2127137551","2063999654","0.466667"
"2063999654","2136517229","0.337745"
"2136517229","2063999654","0.337745"
"2063999654","2138180870","1.94608"
"2138180870","2063999654","1.94608"
"2063999654","2139103617","1.25"
"2139103617","2063999654","1.25"
"2098711168","2127137551","1.83571"
"2127137551","2098711168","1.83571"
"2098711168","2136517229","1.00441"
"2136517229","2098711168","1.00441"
"2098711168","2138180870","4.36513"
"2138180870","2098711168","4.36513"
"2098711168","2139103617","2.16667"
"2139103617","2098711168","2.16667"
"2127137551","2136517229","0.266667"
"2136517229","2127137551","0.266667"
"2127137551","2138180870","32.219"
"2138180870","2127137551","32.219"
"2127137551","2139103617","0.166667"
"2139103617","2127137551","0.166667"
"2136517229","2138180870","0.296078"
"2138180870","2136517229","0.296078"
"2136517229","2139103617","0.666667"
"2139103617","2136517229","0.666667"
"2138180870","2139103617","0.533333"
"2139103617","2138180870","0.533333"
"103340358","2155640700","0.333333"
"2155640700","103340358","0.333333"
"103340358","2403737806","0.333333"
"2403737806","103340358","0.333333"
"2098711168","2155640700","1.33333"
"2155640700","2098711168","1.33333"
"2098711168","2403737806","0.333333"
"2403737806","2098711168","0.333333"
"2155640700","2403737806","0.674242"
"2403737806","2155640700","0.674242"
"103340358","2118388899","3.12108"
"2118388899","103340358","3.12108"
"2056756258","2099813268","1.11667"
"2099813268","2056756258","1.11667"
"2056756258","2118388899","0.616667"
"2118388899","2056756258","0.616667"
"2056756258","2138180870","5.95"
"2138180870","2056756258","5.95"
"2056756258","2139103617","0.366667"
"2139103617","2056756258","0.366667"
"2099813268","2118388899","2.02778"
"2118388899","2099813268","2.02778"
"2099813268","2138180870","3.58333"
"2138180870","2099813268","3.58333"
"2099813268","2139103617","0.366667"
"2139103617","2099813268","0.366667"
"2118388899","2138180870","0.496078"
"2138180870","2118388899","0.496078"
"2118388899","2139103617","1.45"
"2139103617","2118388899","1.45"
"103340358","2098348249","0.870186"
"2098348249","103340358","0.870186"
"103340358","2154946202","1.82108"
"2154946202","103340358","1.82108"
"1977998106","2098348249","0.477328"
"2098348249","1977998106","0.477328"
"1977998106","2154946202","0.321078"
"2154946202","1977998106","0.321078"
"2098348249","2098711168","1.47733"
"2098711168","2098348249","1.47733"
"2098348249","2154946202","0.321078"
"2154946202","2098348249","0.321078"
"2098711168","2154946202","0.321078"
"2154946202","2098711168","0.321078"
"103340358","2049137142","21.7813"
"2049137142","103340358","21.7813"
"2049137142","2098711168","3.40833"
"2098711168","2049137142","3.40833"
"103340358","2104324457","6.50749"
"2104324457","103340358","6.50749"
"2102848467","2104324457","8.22019"
"2104324457","2102848467","8.22019"
"103340358","1981585544","1.36667"
"1981585544","103340358","1.36667"
"103340358","2019421101","8.72857"
"2019421101","103340358","8.72857"
"103340358","2056524360","3.7"
"2056524360","103340358","3.7"
"103340358","2110034858","2.61071"
"2110034858","103340358","2.61071"
"1981585544","2019421101","0.366667"
"2019421101","1981585544","0.366667"
"1981585544","2056524360","7.1"
"2056524360","1981585544","7.1"
"1981585544","2110034858","8.64167"
"2110034858","1981585544","8.64167"
"1981585544","2139103617","0.366667"
"2139103617","1981585544","0.366667"
"2019421101","2056524360","0.2"
"2056524360","2019421101","0.2"
"2019421101","2110034858","0.652381"
"2110034858","2019421101","0.652381"
"2019421101","2139103617","1.03333"
"2139103617","2019421101","1.03333"
"2056524360","2110034858","11.9333"
"2110034858","2056524360","11.9333"
"2056524360","2139103617","0.342857"
"2139103617","2056524360","0.342857"
"2110034858","2139103617","3.86667"
"2139103617","2110034858","3.86667"
"103340358","2105138955","0.166667"
"2105138955","103340358","0.166667"
"2056756258","2105138955","1.16667"
"2105138955","2056756258","1.16667"
"2099813268","2105138955","0.277778"
"2105138955","2099813268","0.277778"
"2105138955","2118388899","0.277778"
"2118388899","2105138955","0.277778"
"2105138955","2138180870","0.366667"
"2138180870","2105138955","0.366667"
"2105138955","2139103617","0.166667"
"2139103617","2105138955","0.166667"
"103340358","2112776329","2.625"
"2112776329","103340358","2.625"
"103340358","2016210016","0.45"
"2016210016","103340358","0.45"
"103340358","2134510195","1.08889"
"2134510195","103340358","1.08889"
"2016210016","2047532797","0.842857"
"2047532797","2016210016","0.842857"
"2016210016","2134510195","6.37619"
"2134510195","2016210016","6.37619"
"2016210016","2168936785","0.842857"
"2168936785","2016210016","0.842857"
"2047532797","2134510195","1.98175"
"2134510195","2047532797","1.98175"
"2134510195","2168936785","1.39841"
"2168936785","2134510195","1.39841"
"103340358","2145421234","1.08333"
"2145421234","103340358","1.08333"
"2063999654","2145421234","0.666667"
"2145421234","2063999654","0.666667"
"2098711168","2145421234","0.583333"
"2145421234","2098711168","0.583333"
"2063999654","2104324457","1.32257"
"2104324457","2063999654","1.32257"
"2098711168","2104324457","1.694"
"2104324457","2098711168","1.694"
"103340358","2949113978","1.33333"
"2949113978","103340358","1.33333"
"2049137142","2063999654","3.42738"
"2063999654","2049137142","3.42738"
"2049137142","2949113978","0.333333"
"2949113978","2049137142","0.333333"
"2063999654","2949113978","0.333333"
"2949113978","2063999654","0.333333"
"1967863517","2098711168","3.96423"
"2098711168","1967863517","3.96423"
"2056756258","2098711168","1.08333"
"2098711168","2056756258","1.08333"
"2056756258","2127137551","1.08333"
"2127137551","2056756258","1.08333"
"103340358","2112213600","1.86667"
"2112213600","103340358","1.86667"
"2102848467","2112213600","1.11667"
"2112213600","2102848467","1.11667"
"2102848467","2134510195","0.666667"
"2134510195","2102848467","0.666667"
"2112213600","2134510195","3.33333"
"2134510195","2112213600","3.33333"
"2056524360","2112776329","6.85"
"2112776329","2056524360","6.85"
"2063999654","2118388899","0.421078"
"2118388899","2063999654","0.421078"
"2098711168","2118388899","0.754412"
"2118388899","2098711168","0.754412"
"103340358","1491178400","0.375"
"1491178400","103340358","0.375"
"1491178400","2098711168","0.25"
"2098711168","1491178400","0.25"
"1491178400","2139103617","12.3095"
"2139103617","1491178400","12.3095"
"1491178400","2168849769","7.75"
"2168849769","1491178400","7.75"
"2098711168","2168849769","1.33333"
"2168849769","2098711168","1.33333"
"2139103617","2168849769","6.58333"
"2168849769","2139103617","6.58333"
"2022580894","2098711168","3.15233"
"2098711168","2022580894","3.15233"
"2022580894","2102848467","2.8733"
"2102848467","2022580894","2.8733"
"2019421101","2098711168","1.68571"
"2098711168","2019421101","1.68571"
"2019421101","2127137551","0.985714"
"2127137551","2019421101","0.985714"
"2019421101","2138180870","0.485714"
"2138180870","2019421101","0.485714"
"2019421101","2168936785","0.995238"
"2168936785","2019421101","0.995238"
"2098711168","2168936785","1.75471"
"2168936785","2098711168","1.75471"
"2127137551","2168936785","0.485714"
"2168936785","2127137551","0.485714"
"2138180870","2168936785","0.515126"
"2168936785","2138180870","0.515126"
"103340358","1513522676","0.125"
"1513522676","103340358","0.125"
"103340358","2123916114","1.26786"
"2123916114","103340358","1.26786"
"103340358","2145539275","0.125"
"2145539275","103340358","0.125"
"103340358","2154553070","0.125"
"2154553070","103340358","0.125"
"103340358","2164281374","0.875"
"2164281374","103340358","0.875"
"1491178400","1513522676","0.125"
"1513522676","1491178400","0.125"
"1491178400","2110034858","0.625"
"2110034858","1491178400","0.625"
"1491178400","2112776329","0.625"
"2112776329","1491178400","0.625"
"1491178400","2123916114","3.26786"
"2123916114","1491178400","3.26786"
"1491178400","2145539275","0.125"
"2145539275","1491178400","0.125"
"1491178400","2154553070","0.125"
"2154553070","1491178400","0.125"
"1491178400","2164281374","0.375"
"2164281374","1491178400","0.375"
"1513522676","2110034858","7.21667"
"2110034858","1513522676","7.21667"
"1513522676","2112776329","0.125"
"2112776329","1513522676","0.125"
"1513522676","2123916114","0.625"
"2123916114","1513522676","0.625"
"1513522676","2145539275","1.125"
"2145539275","1513522676","1.125"
"1513522676","2154553070","0.25"
"2154553070","1513522676","0.25"
"1513522676","2164281374","5.75"
"2164281374","1513522676","5.75"
"2110034858","2112776329","78.3095"
"2112776329","2110034858","78.3095"
"2110034858","2123916114","2.29167"
"2123916114","2110034858","2.29167"
"2110034858","2145539275","1.71591"
"2145539275","2110034858","1.71591"
"2110034858","2154553070","1.60833"
"2154553070","2110034858","1.60833"
"2110034858","2164281374","14.525"
"2164281374","2110034858","14.525"
"2112776329","2123916114","1.125"
"2123916114","2112776329","1.125"
"2112776329","2145539275","0.125"
"2145539275","2112776329","0.125"
"2112776329","2154553070","0.525"
"2154553070","2112776329","0.525"
"2112776329","2164281374","2.80833"
"2164281374","2112776329","2.80833"
"2123916114","2145539275","2.95833"
"2145539275","2123916114","2.95833"
"2123916114","2154553070","1.125"
"2154553070","2123916114","1.125"
"2123916114","2164281374","1.125"
"2164281374","2123916114","1.125"
"2145539275","2154553070","0.458333"
"2154553070","2145539275","0.458333"
"2145539275","2164281374","1.125"
"2164281374","2145539275","1.125"
"2154553070","2164281374","12.3167"
"2164281374","2154553070","12.3167"
"103340358","2108718322","0.333333"
"2108718322","103340358","0.333333"
"2098711168","2108718322","0.333333"
"2108718322","2098711168","0.333333"
"2102848467","2108718322","0.333333"
"2108718322","2102848467","0.333333"
"103340358","2045248798","0.55"
"2045248798","103340358","0.55"
"103340358","595578687","0.1"
"595578687","103340358","0.1"
"1977998106","2045248798","0.1"
"2045248798","1977998106","0.1"
"1977998106","2099813268","0.1"
"2099813268","1977998106","0.1"
"1977998106","2118388899","0.171078"
"2118388899","1977998106","0.171078"
"1977998106","2127137551","0.1"
"2127137551","1977998106","0.1"
"1977998106","2136517229","0.171078"
"2136517229","1977998106","0.171078"
"1977998106","2138180870","0.129412"
"2138180870","1977998106","0.129412"
"1977998106","595578687","0.1"
"595578687","1977998106","0.1"
"2045248798","2063999654","0.55"
"2063999654","2045248798","0.55"
"2045248798","2098711168","0.933333"
"2098711168","2045248798","0.933333"
"2045248798","2099813268","3.19444"
"2099813268","2045248798","3.19444"
"2045248798","2118388899","0.411111"
"2118388899","2045248798","0.411111"
"2045248798","2127137551","2.3"
"2127137551","2045248798","2.3"
"2045248798","2136517229","0.1"
"2136517229","2045248798","0.1"
"2045248798","2138180870","0.883333"
"2138180870","2045248798","0.883333"
"2045248798","595578687","0.1"
"595578687","2045248798","0.1"
"2063999654","2099813268","0.55"
"2099813268","2063999654","0.55"
"2063999654","595578687","0.1"
"595578687","2063999654","0.1"
"2098711168","2099813268","0.1"
"2099813268","2098711168","0.1"
"2098711168","595578687","0.1"
"595578687","2098711168","0.1"
"2099813268","2127137551","1.3"
"2127137551","2099813268","1.3"
"2099813268","2136517229","0.1"
"2136517229","2099813268","0.1"
"2099813268","595578687","0.1"
"595578687","2099813268","0.1"
"2118388899","2127137551","0.225"
"2127137551","2118388899","0.225"
"2118388899","2136517229","2.67108"
"2136517229","2118388899","2.67108"
"2118388899","595578687","0.1"
"595578687","2118388899","0.1"
"2127137551","595578687","0.1"
"595578687","2127137551","0.1"
"2136517229","595578687","0.1"
"595578687","2136517229","0.1"
"2138180870","595578687","0.1"
"595578687","2138180870","0.1"
"103340358","2128049108","2.75"
"2128049108","103340358","2.75"
"2063999654","2128049108","0.5"
"2128049108","2063999654","0.5"
"103340358","2147347208","2"
"2147347208","103340358","2"
"2098711168","2147347208","0.666667"
"2147347208","2098711168","0.666667"
"2136517229","2147347208","17"
"2147347208","2136517229","17"
"103340358","2124961556","0.5"
"2124961556","103340358","0.5"
"2063999654","2124961556","0.5"
"2124961556","2063999654","0.5"
"2047532797","2145421234","1.58333"
"2145421234","2047532797","1.58333"
"2049137142","2102848467","2.94405"
"2102848467","2049137142","2.94405"
"103340358","2086643053","7.88804"
"2086643053","103340358","7.88804"
"2086643053","2104324457","2.72971"
"2104324457","2086643053","2.72971"
"2086643053","2168936785","1.42852"
"2168936785","2086643053","1.42852"
"2104324457","2168936785","1.33685"
"2168936785","2104324457","1.33685"
"103340358","2047729491","19.6349"
"2047729491","103340358","19.6349"
"1967863517","2047729491","7.29201"
"2047729491","1967863517","7.29201"
"2047729491","2098711168","4.13804"
"2098711168","2047729491","4.13804"
"2049137142","2164281374","0.25"
"2164281374","2049137142","0.25"
"2049137142","2168849769","0.416667"
"2168849769","2049137142","0.416667"
"2098711168","2164281374","0.583333"
"2164281374","2098711168","0.583333"
"2164281374","2168849769","1.58333"
"2168849769","2164281374","1.58333"
"103340358","1888417677","1.88878"
"1888417677","103340358","1.88878"
"103340358","1986051614","2.42257"
"1986051614","103340358","2.42257"
"103340358","1996921275","0.688043"
"1996921275","103340358","0.688043"
"103340358","2013929512","0.102328"
"2013929512","103340358","0.102328"
"103340358","2024988577","6.14757"
"2024988577","103340358","6.14757"
"103340358","2058036501","0.499154"
"2058036501","103340358","0.499154"
"103340358","2125547047","0.102328"
"2125547047","103340358","0.102328"
"103340358","2150281577","0.0710784"
"2150281577","103340358","0.0710784"
"103340358","2247394048","1.4237"
"2247394048","103340358","1.4237"
"103340358","573182303","0.102328"
"573182303","103340358","0.102328"
"1888417677","1967863517","0.602328"
"1967863517","1888417677","0.602328"
"1888417677","1977998106","0.245186"
"1977998106","1888417677","0.245186"
"1888417677","1986051614","0.245186"
"1986051614","1888417677","0.245186"
"1888417677","1996921275","0.168995"
"1996921275","1888417677","0.168995"
"1888417677","2013929512","0.102328"
"2013929512","1888417677","0.102328"
"1888417677","2022580894","0.245918"
"2022580894","1888417677","0.245918"
"1888417677","2024988577","0.102328"
"2024988577","1888417677","0.102328"
"1888417677","2047532797","0.245918"
"2047532797","1888417677","0.245918"
"1888417677","2047729491","0.411852"
"2047729491","1888417677","0.411852"
"1888417677","2058036501","0.102328"
"2058036501","1888417677","0.102328"
"1888417677","2063999654","0.245186"
"2063999654","1888417677","0.245186"
"1888417677","2075283574","0.245918"
"2075283574","1888417677","0.245918"
"1888417677","2086643053","0.602328"
"2086643053","1888417677","0.602328"
"1888417677","2098348249","0.102328"
"2098348249","1888417677","0.102328"
"1888417677","2098711168","0.411852"
"2098711168","1888417677","0.411852"
"1888417677","2118388899","0.0710784"
"2118388899","1888417677","0.0710784"
"1888417677","2125547047","0.102328"
"2125547047","1888417677","0.102328"
"1888417677","2136517229","0.0710784"
"2136517229","1888417677","0.0710784"
"1888417677","2150281577","0.0710784"
"2150281577","1888417677","0.0710784"
"1888417677","2154946202","0.0710784"
"2154946202","1888417677","0.0710784"
"1888417677","2168936785","0.245918"
"2168936785","1888417677","0.245918"
"1888417677","2247394048","0.245918"
"2247394048","1888417677","0.245918"
"1888417677","573182303","0.102328"
"573182303","1888417677","0.102328"
"1967863517","1977998106","4.21423"
"1977998106","1967863517","4.21423"
"1967863517","1986051614","1.17852"
"1986051614","1967863517","1.17852"
"1967863517","1996921275","0.245186"
"1996921275","1967863517","0.245186"
"1967863517","2013929512","0.102328"
"2013929512","1967863517","0.102328"
"1967863517","2022580894","2.17693"
"2022580894","1967863517","2.17693"
"1967863517","2024988577","4.14757"
"2024988577","1967863517","4.14757"
"1967863517","2047532797","3.50312"
"2047532797","1967863517","3.50312"
"1967863517","2058036501","0.356297"
"2058036501","1967863517","0.356297"
"1967863517","2063999654","3.08804"
"2063999654","1967863517","3.08804"
"1967863517","2075283574","0.102328"
"2075283574","1967863517","0.102328"
"1967863517","2086643053","0.588043"
"2086643053","1967863517","0.588043"
"1967863517","2098348249","0.352328"
"2098348249","1967863517","0.352328"
"1967863517","2118388899","0.0710784"
"2118388899","1967863517","0.0710784"
"1967863517","2125547047","0.102328"
"2125547047","1967863517","0.102328"
"1967863517","2136517229","0.0710784"
"2136517229","1967863517","0.0710784"
"1967863517","2150281577","0.0710784"
"2150281577","1967863517","0.0710784"
"1967863517","2154946202","0.0710784"
"2154946202","1967863517","0.0710784"
"1967863517","2168936785","0.102328"
"2168936785","1967863517","0.102328"
"1967863517","2247394048","0.21344"
"2247394048","1967863517","0.21344"
"1967863517","573182303","0.102328"
"573182303","1967863517","0.102328"
"1977998106","1986051614","0.370186"
"1986051614","1977998106","0.370186"
"1977998106","1996921275","0.245186"
"1996921275","1977998106","0.245186"
"1977998106","2013929512","0.102328"
"2013929512","1977998106","0.102328"
"1977998106","2022580894","0.302328"
"2022580894","1977998106","0.302328"
"1977998106","2024988577","0.445186"
"2024988577","1977998106","0.445186"
"1977998106","2047532797","0.411852"
"2047532797","1977998106","0.411852"
"1977998106","2047729491","2.28804"
"2047729491","1977998106","2.28804"
"1977998106","2058036501","0.245186"
"2058036501","1977998106","0.245186"
"1977998106","2075283574","0.102328"
"2075283574","1977998106","0.102328"
"1977998106","2086643053","0.588043"
"2086643053","1977998106","0.588043"
"1977998106","2125547047","0.102328"
"2125547047","1977998106","0.102328"
"1977998106","2150281577","0.0710784"
"2150281577","1977998106","0.0710784"
"1977998106","2168936785","0.102328"
"2168936785","1977998106","0.102328"
"1977998106","2247394048","0.102328"
"2247394048","1977998106","0.102328"
"1977998106","573182303","0.102328"
"573182303","1977998106","0.102328"
"1986051614","1996921275","0.102328"
"1996921275","1986051614","0.102328"
"1986051614","2013929512","0.102328"
"2013929512","1986051614","0.102328"
"1986051614","2022580894","0.102328"
"2022580894","1986051614","0.102328"
"1986051614","2024988577","0.845186"
"2024988577","1986051614","0.845186"
"1986051614","2047532797","0.102328"
"2047532797","1986051614","0.102328"
"1986051614","2047729491","0.445186"
"2047729491","1986051614","0.445186"
"1986051614","2058036501","0.102328"
"2058036501","1986051614","0.102328"
"1986051614","2063999654","0.513043"
"2063999654","1986051614","0.513043"
"1986051614","2075283574","0.102328"
"2075283574","1986051614","0.102328"
"1986051614","2086643053","0.102328"
"2086643053","1986051614","0.102328"
"1986051614","2098348249","0.703519"
"2098348249","1986051614","0.703519"
"1986051614","2098711168","2.44638"
"2098711168","1986051614","2.44638"
"1986051614","2118388899","0.0710784"
"2118388899","1986051614","0.0710784"
"1986051614","2125547047","0.102328"
"2125547047","1986051614","0.102328"
"1986051614","2136517229","0.0710784"
"2136517229","1986051614","0.0710784"
"1986051614","2150281577","0.0710784"
"2150281577","1986051614","0.0710784"
"1986051614","2154946202","0.0710784"
"2154946202","1986051614","0.0710784"
"1986051614","2168936785","0.102328"
"2168936785","1986051614","0.102328"
"1986051614","2247394048","0.102328"
"2247394048","1986051614","0.102328"
"1986051614","573182303","0.102328"
"573182303","1986051614","0.102328"
"1996921275","2013929512","0.102328"
"2013929512","1996921275","0.102328"
"1996921275","2022580894","1.47534"
"2022580894","1996921275","1.47534"
"1996921275","2024988577","0.102328"
"2024988577","1996921275","0.102328"
"1996921275","2047532797","1.63249"
"2047532797","1996921275","1.63249"
"1996921275","2047729491","1.269"
"2047729491","1996921275","1.269"
"1996921275","2058036501","0.245186"
"2058036501","1996921275","0.245186"
"1996921275","2063999654","0.245186"
"2063999654","1996921275","0.245186"
"1996921275","2075283574","0.534074"
"2075283574","1996921275","0.534074"
"1996921275","2086643053","0.578519"
"2086643053","1996921275","0.578519"
"1996921275","2098348249","0.102328"
"2098348249","1996921275","0.102328"
"1996921275","2098711168","0.245186"
"2098711168","1996921275","0.245186"
"1996921275","2118388899","0.0710784"
"2118388899","1996921275","0.0710784"
"1996921275","2125547047","0.102328"
"2125547047","1996921275","0.102328"
"1996921275","2136517229","0.0710784"
"2136517229","1996921275","0.0710784"
"1996921275","2150281577","0.0710784"
"2150281577","1996921275","0.0710784"
"1996921275","2154946202","0.0710784"
"2154946202","1996921275","0.0710784"
"1996921275","2168936785","0.652328"
"2168936785","1996921275","0.652328"
"1996921275","2247394048","1.14915"
"2247394048","1996921275","1.14915"
"1996921275","573182303","0.102328"
"573182303","1996921275","0.102328"
"2013929512","2022580894","0.435662"
"2022580894","2013929512","0.435662"
"2013929512","2024988577","0.102328"
"2024988577","2013929512","0.102328"
"2013929512","2047532797","0.102328"
"2047532797","2013929512","0.102328"
"2013929512","2047729491","0.102328"
"2047729491","2013929512","0.102328"
"2013929512","2058036501","0.102328"
"2058036501","2013929512","0.102328"
"2013929512","2063999654","0.102328"
"2063999654","2013929512","0.102328"
"2013929512","2075283574","0.102328"
"2075283574","2013929512","0.102328"
"2013929512","2086643053","0.102328"
"2086643053","2013929512","0.102328"
"2013929512","2098348249","0.102328"
"2098348249","2013929512","0.102328"
"2013929512","2098711168","0.102328"
"2098711168","2013929512","0.102328"
"2013929512","2118388899","0.0710784"
"2118388899","2013929512","0.0710784"
"2013929512","2125547047","0.102328"
"2125547047","2013929512","0.102328"
"2013929512","2136517229","0.0710784"
"2136517229","2013929512","0.0710784"
"2013929512","2150281577","0.904412"
"2150281577","2013929512","0.904412"
"2013929512","2154946202","0.0710784"
"2154946202","2013929512","0.0710784"
"2013929512","2168936785","0.102328"
"2168936785","2013929512","0.102328"
"2013929512","2247394048","0.102328"
"2247394048","2013929512","0.102328"
"2013929512","573182303","0.102328"
"573182303","2013929512","0.102328"
"2022580894","2024988577","0.445186"
"2024988577","2022580894","0.445186"
"2022580894","2047729491","0.356297"
"2047729491","2022580894","0.356297"
"2022580894","2058036501","5.78249"
"2058036501","2022580894","5.78249"
"2022580894","2063999654","0.921376"
"2063999654","2022580894","0.921376"
"2022580894","2086643053","3.79519"
"2086643053","2022580894","3.79519"
"2022580894","2098348249","0.102328"
"2098348249","2022580894","0.102328"
"2022580894","2118388899","0.0710784"
"2118388899","2022580894","0.0710784"
"2022580894","2125547047","0.911852"
"2125547047","2022580894","0.911852"
"2022580894","2136517229","0.0710784"
"2136517229","2022580894","0.0710784"
"2022580894","2150281577","0.0710784"
"2150281577","2022580894","0.0710784"
"2022580894","2154946202","0.0710784"
"2154946202","2022580894","0.0710784"
"2022580894","2247394048","6.78401"
"2247394048","2022580894","6.78401"
"2022580894","573182303","0.102328"
"573182303","2022580894","0.102328"
"2024988577","2047532797","0.245186"
"2047532797","2024988577","0.245186"
"2024988577","2047729491","0.302328"
"2047729491","2024988577","0.302328"
"2024988577","2058036501","0.245186"
"2058036501","2024988577","0.245186"
"2024988577","2063999654","2.43566"
"2063999654","2024988577","2.43566"
"2024988577","2075283574","0.102328"
"2075283574","2024988577","0.102328"
"2024988577","2086643053","0.102328"
"2086643053","2024988577","0.102328"
"2024988577","2098348249","0.102328"
"2098348249","2024988577","0.102328"
"2024988577","2098711168","1.42852"
"2098711168","2024988577","1.42852"
"2024988577","2118388899","0.0710784"
"2118388899","2024988577","0.0710784"
"2024988577","2125547047","0.102328"
"2125547047","2024988577","0.102328"
"2024988577","2136517229","0.0710784"
"2136517229","2024988577","0.0710784"
"2024988577","2150281577","0.0710784"
"2150281577","2024988577","0.0710784"
"2024988577","2154946202","0.0710784"
"2154946202","2024988577","0.0710784"
"2024988577","2168936785","0.102328"
"2168936785","2024988577","0.102328"
"2024988577","2247394048","0.102328"
"2247394048","2024988577","0.102328"
"2024988577","573182303","0.102328"
"573182303","2024988577","0.102328"
"2047532797","2047729491","0.999154"
"2047729491","2047532797","0.999154"
"2047532797","2058036501","19.7825"
"2058036501","2047532797","19.7825"
"2047532797","2063999654","1.08804"
"2063999654","2047532797","1.08804"
"2047532797","2086643053","1.97138"
"2086643053","2047532797","1.97138"
"2047532797","2098348249","0.102328"
"2098348249","2047532797","0.102328"
"2047532797","2098711168","1.87138"
"2098711168","2047532797","1.87138"
"2047532797","2118388899","0.0710784"
"2118388899","2047532797","0.0710784"
"2047532797","2125547047","1.57852"
"2125547047","2047532797","1.57852"
"2047532797","2136517229","0.0710784"
"2136517229","2047532797","0.0710784"
"2047532797","2150281577","0.0710784"
"2150281577","2047532797","0.0710784"
"2047532797","2154946202","0.0710784"
"2154946202","2047532797","0.0710784"
"2047532797","2247394048","13.7745"
"2247394048","2047532797","13.7745"
"2047532797","573182303","0.352328"
"573182303","2047532797","0.352328"
"2047729491","2058036501","0.102328"
"2058036501","2047729491","0.102328"
"2047729491","2063999654","1.38804"
"2063999654","2047729491","1.38804"
"2047729491","2075283574","0.102328"
"2075283574","2047729491","0.102328"
"2047729491","2086643053","0.828519"
"2086643053","2047729491","0.828519"
"2047729491","2098348249","0.352328"
"2098348249","2047729491","0.352328"
"2047729491","2118388899","0.0710784"
"2118388899","2047729491","0.0710784"
"2047729491","2125547047","0.102328"
"2125547047","2047729491","0.102328"
"2047729491","2136517229","0.0710784"
"2136517229","2047729491","0.0710784"
"2047729491","2150281577","0.0710784"
"2150281577","2047729491","0.0710784"
"2047729491","2154946202","0.0710784"
"2154946202","2047729491","0.0710784"
"2047729491","2168936785","0.102328"
"2168936785","2047729491","0.102328"
"2047729491","2247394048","0.102328"
"2247394048","2047729491","0.102328"
"2047729491","573182303","0.102328"
"573182303","2047729491","0.102328"
"2058036501","2063999654","0.102328"
"2063999654","2058036501","0.102328"
"2058036501","2075283574","0.102328"
"2075283574","2058036501","0.102328"
"2058036501","2086643053","0.102328"
"2086643053","2058036501","0.102328"
"2058036501","2098348249","0.102328"
"2098348249","2058036501","0.102328"
"2058036501","2098711168","0.102328"
"2098711168","2058036501","0.102328"
"2058036501","2118388899","0.0710784"
"2118388899","2058036501","0.0710784"
"2058036501","2125547047","0.102328"
"2125547047","2058036501","0.102328"
"2058036501","2136517229","2.07108"
"2136517229","2058036501","2.07108"
"2058036501","2150281577","0.0710784"
"2150281577","2058036501","0.0710784"
"2058036501","2154946202","0.0710784"
"2154946202","2058036501","0.0710784"
"2058036501","2168936785","4.07852"
"2168936785","2058036501","4.07852"
"2058036501","2247394048","10.223"
"2247394048","2058036501","10.223"
"2058036501","573182303","0.102328"
"573182303","2058036501","0.102328"
"2063999654","2075283574","0.102328"
"2075283574","2063999654","0.102328"
"2063999654","2086643053","1.47138"
"2086643053","2063999654","1.47138"
"2063999654","2098348249","0.370186"
"2098348249","2063999654","0.370186"
"2063999654","2125547047","0.245186"
"2125547047","2063999654","0.245186"
"2063999654","2150281577","0.0710784"
"2150281577","2063999654","0.0710784"
"2063999654","2154946202","0.571078"
"2154946202","2063999654","0.571078"
"2063999654","2168936785","0.245186"
"2168936785","2063999654","0.245186"
"2063999654","2247394048","0.102328"
"2247394048","2063999654","0.102328"
"2063999654","573182303","0.102328"
"573182303","2063999654","0.102328"
"2075283574","2086643053","0.102328"
"2086643053","2075283574","0.102328"
"2075283574","2098348249","0.102328"
"2098348249","2075283574","0.102328"
"2075283574","2098711168","0.102328"
"2098711168","2075283574","0.102328"
"2075283574","2118388899","0.0710784"
"2118388899","2075283574","0.0710784"
"2075283574","2125547047","0.102328"
"2125547047","2075283574","0.102328"
"2075283574","2136517229","0.0710784"
"2136517229","2075283574","0.0710784"
"2075283574","2150281577","0.0710784"
"2150281577","2075283574","0.0710784"
"2075283574","2154946202","0.0710784"
"2154946202","2075283574","0.0710784"
"2075283574","2247394048","1.00782"
"2247394048","2075283574","1.00782"
"2075283574","573182303","0.102328"
"573182303","2075283574","0.102328"
"2086643053","2098348249","0.102328"
"2098348249","2086643053","0.102328"
"2086643053","2098711168","1.76185"
"2098711168","2086643053","1.76185"
"2086643053","2118388899","0.0710784"
"2118388899","2086643053","0.0710784"
"2086643053","2125547047","0.245186"
"2125547047","2086643053","0.245186"
"2086643053","2136517229","0.0710784"
"2136517229","2086643053","0.0710784"
"2086643053","2150281577","0.0710784"
"2150281577","2086643053","0.0710784"
"2086643053","2154946202","0.0710784"
"2154946202","2086643053","0.0710784"
"2086643053","2247394048","0.102328"
"2247394048","2086643053","0.102328"
"2086643053","573182303","0.102328"
"573182303","2086643053","0.102328"
"2098348249","2118388899","0.0710784"
"2118388899","2098348249","0.0710784"
"2098348249","2125547047","0.102328"
"2125547047","2098348249","0.102328"
"2098348249","2136517229","0.0710784"
"2136517229","2098348249","0.0710784"
"2098348249","2150281577","0.0710784"
"2150281577","2098348249","0.0710784"
"2098348249","2168936785","0.102328"
"2168936785","2098348249","0.102328"
"2098348249","2247394048","0.102328"
"2247394048","2098348249","0.102328"
"2098348249","573182303","0.102328"
"573182303","2098348249","0.102328"
"2098711168","2125547047","0.102328"
"2125547047","2098711168","0.102328"
"2098711168","2150281577","0.0710784"
"2150281577","2098711168","0.0710784"
"2098711168","2247394048","0.102328"
"2247394048","2098711168","0.102328"
"2098711168","573182303","0.102328"
"573182303","2098711168","0.102328"
"2118388899","2125547047","0.0710784"
"2125547047","2118388899","0.0710784"
"2118388899","2150281577","0.904412"
"2150281577","2118388899","0.904412"
"2118388899","2154946202","0.0710784"
"2154946202","2118388899","0.0710784"
"2118388899","2168936785","0.0710784"
"2168936785","2118388899","0.0710784"
"2118388899","2247394048","0.0710784"
"2247394048","2118388899","0.0710784"
"2118388899","573182303","0.0710784"
"573182303","2118388899","0.0710784"
"2125547047","2136517229","0.0710784"
"2136517229","2125547047","0.0710784"
"2125547047","2150281577","0.0710784"
"2150281577","2125547047","0.0710784"
"2125547047","2154946202","0.0710784"
"2154946202","2125547047","0.0710784"
"2125547047","2168936785","0.578519"
"2168936785","2125547047","0.578519"
"2125547047","2247394048","0.102328"
"2247394048","2125547047","0.102328"
"2125547047","573182303","0.102328"
"573182303","2125547047","0.102328"
"2136517229","2150281577","0.0710784"
"2150281577","2136517229","0.0710784"
"2136517229","2154946202","0.0710784"
"2154946202","2136517229","0.0710784"
"2136517229","2168936785","0.0710784"
"2168936785","2136517229","0.0710784"
"2136517229","2247394048","0.0710784"
"2247394048","2136517229","0.0710784"
"2136517229","573182303","0.0710784"
"573182303","2136517229","0.0710784"
"2150281577","2154946202","0.0710784"
"2154946202","2150281577","0.0710784"
"2150281577","2168936785","0.0710784"
"2168936785","2150281577","0.0710784"
"2150281577","2247394048","0.0710784"
"2247394048","2150281577","0.0710784"
"2150281577","573182303","0.0710784"
"573182303","2150281577","0.0710784"
"2154946202","2168936785","0.0710784"
"2168936785","2154946202","0.0710784"
"2154946202","2247394048","0.0710784"
"2247394048","2154946202","0.0710784"
"2154946202","573182303","0.0710784"
"573182303","2154946202","0.0710784"
"2168936785","2247394048","1.56655"
"2247394048","2168936785","1.56655"
"2168936785","573182303","0.102328"
"573182303","2168936785","0.102328"
"2247394048","573182303","0.102328"
"573182303","2247394048","0.102328"
"103340358","2155160033","1"
"2155160033","103340358","1"
"1967863517","2102848467","3.79638"
"2102848467","1967863517","3.79638"
"103340358","2102913801","0.333333"
"2102913801","103340358","0.333333"
"2098711168","2102913801","0.333333"
"2102913801","2098711168","0.333333"
"2098711168","2110034858","0.619048"
"2110034858","2098711168","0.619048"
"2102913801","2110034858","64.6463"
"2110034858","2102913801","64.6463"
"1888417677","2102848467","0.347109"
"2102848467","1888417677","0.347109"
"1986051614","2102848467","0.471376"
"2102848467","1986051614","0.471376"
"2047729491","2102848467","1.70352"
"2102848467","2047729491","1.70352"
"103340358","2153137441","0.166667"
"2153137441","103340358","0.166667"
"2049137142","2139103617","0.166667"
"2139103617","2049137142","0.166667"
"2049137142","2153137441","0.166667"
"2153137441","2049137142","0.166667"
"2063999654","2153137441","0.166667"
"2153137441","2063999654","0.166667"
"2063999654","2168849769","0.166667"
"2168849769","2063999654","0.166667"
"2098711168","2153137441","0.166667"
"2153137441","2098711168","0.166667"
"2139103617","2153137441","1.16667"
"2153137441","2139103617","1.16667"
"2153137441","2168849769","0.166667"
"2168849769","2153137441","0.166667"
"103340358","2164053284","1.43685"
"2164053284","103340358","1.43685"
"103340358","2212248191","0.2"
"2212248191","103340358","0.2"
"2022580894","2112213600","0.2"
"2112213600","2022580894","0.2"
"2022580894","2164053284","0.260662"
"2164053284","2022580894","0.260662"
"2022580894","2212248191","0.2"
"2212248191","2022580894","0.2"
"2102848467","2164053284","0.260662"
"2164053284","2102848467","0.260662"
"2102848467","2212248191","0.2"
"2212248191","2102848467","0.2"
"2112213600","2164053284","0.2"
"2164053284","2112213600","0.2"
"2112213600","2212248191","0.2"
"2212248191","2112213600","0.2"
"2164053284","2212248191","0.2"
"2212248191","2164053284","0.2"
"2063999654","2164281374","0.333333"
"2164281374","2063999654","0.333333"
"103340358","1702927477","0.393995"
"1702927477","103340358","0.393995"
"103340358","2009727399","0.333333"
"2009727399","103340358","0.333333"
"103340358","2033389579","1.2"
"2033389579","103340358","1.2"
"1702927477","2009727399","0.333333"
"2009727399","1702927477","0.333333"
"1702927477","2033389579","2.5"
"2033389579","1702927477","2.5"
"2009727399","2033389579","0.333333"
"2033389579","2009727399","0.333333"
"2049137142","2104324457","1.06349"
"2104324457","2049137142","1.06349"
"2019421101","2047532797","1.12857"
"2047532797","2019421101","1.12857"
"2047532797","2110034858","0.285714"
"2110034858","2047532797","0.285714"
"2047532797","2127137551","0.285714"
"2127137551","2047532797","0.285714"
"2047532797","2138180870","0.315126"
"2138180870","2047532797","0.315126"
"2110034858","2127137551","0.285714"
"2127137551","2110034858","0.285714"
"2110034858","2138180870","0.285714"
"2138180870","2110034858","0.285714"
"2110034858","2168936785","0.285714"
"2168936785","2110034858","0.285714"
"103340358","2963919031","40.7198"
"2963919031","103340358","40.7198"
"1967863517","2963919031","11.4492"
"2963919031","1967863517","11.4492"
"2063999654","2963919031","4.26905"
"2963919031","2063999654","4.26905"
"2047729491","2963919031","8.52063"
"2963919031","2047729491","8.52063"
"2098348249","2963919031","0.72619"
"2963919031","2098348249","0.72619"
"1967863517","2128049108","1.25"
"2128049108","1967863517","1.25"
"2022580894","2128049108","0.25"
"2128049108","2022580894","0.25"
"2102848467","2128049108","0.25"
"2128049108","2102848467","0.25"
"103340358","2074837759","0.198413"
"2074837759","103340358","0.198413"
"103340358","2078106834","0.142857"
"2078106834","103340358","0.142857"
"103340358","2268918789","0.309524"
"2268918789","103340358","0.309524"
"103340358","2561531859","0.402664"
"2561531859","103340358","0.402664"
"1996921275","2074837759","1.36786"
"2074837759","1996921275","1.36786"
"1996921275","2078106834","0.142857"
