"1021564600","2032521898","0.333333"
"2032521898","1021564600","0.333333"
"1021564600","2075440920","0.333333"
"2075440920","1021564600","0.333333"
"1021564600","2076395037","0.333333"
"2076395037","1021564600","0.333333"
"2032521898","2075440920","28.8516"
"2075440920","2032521898","28.8516"
"2032521898","2076395037","1.66591"
"2076395037","2032521898","1.66591"
"2075440920","2076395037","2.96591"
"2076395037","2075440920","2.96591"
"1488678234","2032521898","39.8908"
"2032521898","1488678234","39.8908"
"1488678234","2067849371","3.12692"
"2067849371","1488678234","3.12692"
"2032521898","2067849371","6.49359"
"2067849371","2032521898","6.49359"
"1488678234","2110828480","1.5"
"2110828480","1488678234","1.5"
"1488678234","171785512","3.025"
"171785512","1488678234","3.025"
"1488678234","2131098795","9.85"
"2131098795","1488678234","9.85"
"171785512","2131098795","4.15833"
"2131098795","171785512","4.15833"
"1488678234","2038230692","19.5658"
"2038230692","1488678234","19.5658"
"1488678234","2075440920","16.7666"
"2075440920","1488678234","16.7666"
"1488678234","62227241","9.50394"
"62227241","1488678234","9.50394"
"2032521898","2038230692","112.666"
"2038230692","2032521898","112.666"
"2032521898","62227241","7.95672"
"62227241","2032521898","7.95672"
"2038230692","2075440920","10.4599"
"2075440920","2038230692","10.4599"
"2038230692","62227241","6.34839"
"62227241","2038230692","6.34839"
"2075440920","62227241","3.38803"
"62227241","2075440920","3.38803"
"1488678234","1766171436","14.1223"
"1766171436","1488678234","14.1223"
"1766171436","2032521898","60.0306"
"2032521898","1766171436","60.0306"
"1766171436","2038230692","41.9723"
"2038230692","1766171436","41.9723"
"1766171436","2075440920","6.27464"
"2075440920","1766171436","6.27464"
"171785512","2032521898","2.275"
"2032521898","171785512","2.275"
"1488678234","2163801981","7.35192"
"2163801981","1488678234","7.35192"
"2032521898","2163801981","7.43966"
"2163801981","2032521898","7.43966"
"2038230692","2163801981","4.95632"
"2163801981","2038230692","4.95632"
"1488678234","2168582580","5.57619"
"2168582580","1488678234","5.57619"
"2032521898","2168582580","9.58496"
"2168582580","2032521898","9.58496"
"2038230692","2168582580","3.95996"
"2168582580","2038230692","3.95996"
"1488678234","2124199440","6.99167"
"2124199440","1488678234","6.99167"
"1488678234","2166258313","5.99286"
"2166258313","1488678234","5.99286"
"1488678234","2117750217","2.97619"
"2117750217","1488678234","2.97619"
"171785512","1766171436","3.2"
"1766171436","171785512","3.2"
"171785512","2117750217","0.45"
"2117750217","171785512","0.45"
"1766171436","2117750217","3.04921"
"2117750217","1766171436","3.04921"
"1766171436","2131098795","5.0373"
"2131098795","1766171436","5.0373"
"2117750217","2131098795","2.2873"
"2131098795","2117750217","2.2873"
"1488678234","1536847315","0.333333"
"1536847315","1488678234","0.333333"
"1536847315","2124199440","0.833333"
"2124199440","1536847315","0.833333"
"1536847315","2131098795","0.333333"
"2131098795","1536847315","0.333333"
"2124199440","2131098795","8.55119"
"2131098795","2124199440","8.55119"
"2032521898","2124199440","17.6679"
"2124199440","2032521898","17.6679"
"1488678234","2039975744","1.47619"
"2039975744","1488678234","1.47619"
"2032521898","2131098795","15.5206"
"2131098795","2032521898","15.5206"
"1488678234","1825554102","1.025"
"1825554102","1488678234","1.025"
"171785512","1825554102","0.825"
"1825554102","171785512","0.825"
"171785512","2163801981","1.23333"
"2163801981","171785512","1.23333"
"171785512","2166258313","0.2"
"2166258313","171785512","0.2"
"1825554102","2131098795","0.825"
"2131098795","1825554102","0.825"
"1825554102","2163801981","5.30043"
"2163801981","1825554102","5.30043"
"1825554102","2166258313","2.55043"
"2166258313","1825554102","2.55043"
"2131098795","2163801981","1.17778"
"2163801981","2131098795","1.17778"
"2131098795","2166258313","0.636111"
"2166258313","2131098795","0.636111"
"2163801981","2166258313","5.92107"
"2166258313","2163801981","5.92107"
"1488678234","2026100521","3.20952"
"2026100521","1488678234","3.20952"
"1488678234","2165824050","1.73333"
"2165824050","1488678234","1.73333"
"1766171436","2026100521","16.5762"
"2026100521","1766171436","16.5762"
"1766171436","2165824050","2.85"
"2165824050","1766171436","2.85"
"2026100521","2032521898","12.3262"
"2032521898","2026100521","12.3262"
"2026100521","2038230692","7.29286"
"2038230692","2026100521","7.29286"
"2026100521","2165824050","1.48333"
"2165824050","2026100521","1.48333"
"2032521898","2165824050","16.4333"
"2165824050","2032521898","16.4333"
"2038230692","2165824050","14.2667"
"2165824050","2038230692","14.2667"
"1488678234","1984525813","4.14637"
"1984525813","1488678234","4.14637"
"1488678234","2128541774","0.4"
"2128541774","1488678234","0.4"
"1488678234","2339548198","1.20117"
"2339548198","1488678234","1.20117"
"1984525813","2032521898","10.0329"
"2032521898","1984525813","10.0329"
"1984525813","2128541774","0.2"
"2128541774","1984525813","0.2"
"1984525813","2339548198","1.5547"
"2339548198","1984525813","1.5547"
"1984525813","62227241","4.29081"
"62227241","1984525813","4.29081"
"2032521898","2128541774","0.65"
"2128541774","2032521898","0.65"
"2032521898","2339548198","5.06228"
"2339548198","2032521898","5.06228"
"2128541774","2339548198","0.2"
"2339548198","2128541774","0.2"
"2128541774","62227241","0.45"
"62227241","2128541774","0.45"
"2339548198","62227241","1.81228"
"62227241","2339548198","1.81228"
"2075440920","2168582580","4.21829"
"2168582580","2075440920","4.21829"
"2075440920","2166258313","17.3361"
"2166258313","2075440920","17.3361"
"1984525813","2038230692","4.58291"
"2038230692","1984525813","4.58291"
"1488678234","2076014932","3.45"
"2076014932","1488678234","3.45"
"171785512","2075440920","0.325"
"2075440920","171785512","0.325"
"171785512","2076014932","0.2"
"2076014932","171785512","0.2"
"2032521898","2076014932","1.95952"
"2076014932","2032521898","1.95952"
"2075440920","2076014932","0.8"
"2076014932","2075440920","0.8"
"2075440920","2163801981","12.6619"
"2163801981","2075440920","12.6619"
"2076014932","2163801981","0.425"
"2163801981","2076014932","0.425"
"1766171436","2039975744","0.142857"
"2039975744","1766171436","0.142857"
"1766171436","2168582580","2.08496"
"2168582580","1766171436","2.08496"
"2032521898","2039975744","1.22619"
"2039975744","2032521898","1.22619"
"2032521898","2117750217","6.38254"
"2117750217","2032521898","6.38254"
"2038230692","2039975744","0.392857"
"2039975744","2038230692","0.392857"
"2038230692","2117750217","4.68254"
"2117750217","2038230692","4.68254"
"2039975744","2075440920","0.47619"
"2075440920","2039975744","0.47619"
"2039975744","2117750217","0.142857"
"2117750217","2039975744","0.142857"
"2039975744","2168582580","0.142857"
"2168582580","2039975744","0.142857"
"2075440920","2117750217","3.7619"
"2117750217","2075440920","3.7619"
"2117750217","2168582580","3.53571"
"2168582580","2117750217","3.53571"
"2038230692","2131098795","5.45397"
"2131098795","2038230692","5.45397"
"2131098795","2165824050","1.75"
"2165824050","2131098795","1.75"
"2032521898","2166258313","8.78059"
"2166258313","2032521898","8.78059"
"2075440920","2131098795","2.03333"
"2131098795","2075440920","2.03333"
"1488678234","2026493234","0.2"
"2026493234","1488678234","0.2"
"1766171436","2026493234","0.2"
"2026493234","1766171436","0.2"
"1766171436","2076014932","0.342857"
"2076014932","1766171436","0.342857"
"1766171436","62227241","1.54646"
"62227241","1766171436","1.54646"
"2026493234","2032521898","0.2"
"2032521898","2026493234","0.2"
"2026493234","2076014932","0.2"
"2076014932","2026493234","0.2"
"2026493234","62227241","0.2"
"62227241","2026493234","0.2"
"2076014932","62227241","4.03333"
"62227241","2076014932","4.03333"
"1488678234","2073956058","0.225"
"2073956058","1488678234","0.225"
"1984525813","2073956058","0.683333"
"2073956058","1984525813","0.683333"
"1984525813","2075440920","3.37894"
"2075440920","1984525813","3.37894"
"1984525813","2076014932","3.81786"
"2076014932","1984525813","3.81786"
"1984525813","2163801981","2.09283"
"2163801981","1984525813","2.09283"
"1984525813","2168582580","4.14091"
"2168582580","1984525813","4.14091"
"2032521898","2073956058","0.35"
"2073956058","2032521898","0.35"
"2038230692","2073956058","0.35"
"2073956058","2038230692","0.35"
"2038230692","2076014932","4.85119"
"2076014932","2038230692","4.85119"
"2073956058","2075440920","0.683333"
"2075440920","2073956058","0.683333"
"2073956058","2076014932","0.225"
"2076014932","2073956058","0.225"
"2073956058","2163801981","0.225"
"2163801981","2073956058","0.225"
"2073956058","2168582580","0.35"
"2168582580","2073956058","0.35"
"2076014932","2168582580","0.925"
"2168582580","2076014932","0.925"
"2163801981","2168582580","0.875433"
"2168582580","2163801981","0.875433"
"1488678234","2034235801","0.658333"
"2034235801","1488678234","0.658333"
"1488678234","2073731237","1.01944"
"2073731237","1488678234","1.01944"
"1766171436","2034235801","0.45"
"2034235801","1766171436","0.45"
"1766171436","2073731237","0.644444"
"2073731237","1766171436","0.644444"
"2034235801","2073731237","1.325"
"2073731237","2034235801","1.325"
"2034235801","2075440920","0.325"
"2075440920","2034235801","0.325"
"2034235801","62227241","0.866667"
"62227241","2034235801","0.866667"
"2073731237","2075440920","1.76944"
"2075440920","2073731237","1.76944"
"2073731237","62227241","0.477778"
"62227241","2073731237","0.477778"
"1488678234","1489285575","0.467857"
"1489285575","1488678234","0.467857"
"1488678234","2162074251","0.2"
"2162074251","1488678234","0.2"
"1489285575","1766171436","0.912302"
"1766171436","1489285575","0.912302"
"1489285575","2032521898","0.912302"
"2032521898","1489285575","0.912302"
"1489285575","2075440920","1.46786"
"2075440920","1489285575","1.46786"
"1489285575","2162074251","8.64444"
"2162074251","1489285575","8.64444"
"1766171436","2162074251","0.811111"
"2162074251","1766171436","0.811111"
"2032521898","2162074251","1.64444"
"2162074251","2032521898","1.64444"
"2075440920","2162074251","1.2"
"2162074251","2075440920","1.2"
"1488678234","2076395037","1.625"
"2076395037","1488678234","1.625"
"2110828480","2166258313","6.5"
"2166258313","2110828480","6.5"
"1488678234","149117090","0.725"
"149117090","1488678234","0.725"
"149117090","1984525813","0.8"
"1984525813","149117090","0.8"
"149117090","2032521898","0.425"
"2032521898","149117090","0.425"
"149117090","2038230692","0.3"
"2038230692","149117090","0.3"
"149117090","2067849371","0.225"
"2067849371","149117090","0.225"
"149117090","2073956058","0.1"
"2073956058","149117090","0.1"
"149117090","2075440920","0.225"
"2075440920","149117090","0.225"
"149117090","2076014932","0.8"
"2076014932","149117090","0.8"
"149117090","2163801981","0.1"
"2163801981","149117090","0.1"
"149117090","2168582580","0.425"
"2168582580","149117090","0.425"
"1984525813","2067849371","1.42692"
"2067849371","1984525813","1.42692"
"2038230692","2067849371","1.24359"
"2067849371","2038230692","1.24359"
"2067849371","2073956058","0.1"
"2073956058","2067849371","0.1"
"2067849371","2075440920","2.96026"
"2075440920","2067849371","2.96026"
"2067849371","2076014932","0.391667"
"2076014932","2067849371","0.391667"
"2067849371","2163801981","0.34359"
"2163801981","2067849371","0.34359"
"2067849371","2168582580","2.50833"
"2168582580","2067849371","2.50833"
"1488678234","1846479246","1"
"1846479246","1488678234","1"
"2032521898","2073731237","5.23611"
"2073731237","2032521898","5.23611"
"1488678234","257129114","0.45"
"257129114","1488678234","0.45"
"2038230692","257129114","0.25"
"257129114","2038230692","0.25"
"2165824050","257129114","0.666667"
"257129114","2165824050","0.666667"
"2165824050","62227241","0.916667"
"62227241","2165824050","0.916667"
"257129114","62227241","0.666667"
"62227241","257129114","0.666667"
"1488678234","1542046958","0.333333"
"1542046958","1488678234","0.333333"
"1542046958","2032521898","1.19091"
"2032521898","1542046958","1.19091"
"1542046958","2163801981","0.424242"
"2163801981","1542046958","0.424242"
"1766171436","2067849371","1.825"
"2067849371","1766171436","1.825"
"1766171436","2166258313","2.08892"
"2166258313","1766171436","2.08892"
"2067849371","2166258313","1.61667"
"2166258313","2067849371","1.61667"
"1488678234","2711511741","0.142857"
"2711511741","1488678234","0.142857"
"1489285575","2026100521","0.142857"
"2026100521","1489285575","0.142857"
"1489285575","2038230692","0.253968"
"2038230692","1489285575","0.253968"
"1489285575","2711511741","0.142857"
"2711511741","1489285575","0.142857"
"1766171436","2711511741","2.39286"
"2711511741","1766171436","2.39286"
"2026100521","2075440920","0.142857"
"2075440920","2026100521","0.142857"
"2026100521","2711511741","2.39286"
"2711511741","2026100521","2.39286"
"2032521898","2711511741","2.14286"
"2711511741","2032521898","2.14286"
"2038230692","2711511741","0.642857"
"2711511741","2038230692","0.642857"
"2075440920","2711511741","0.142857"
"2711511741","2075440920","0.142857"
"171785512","2076395037","0.325"
"2076395037","171785512","0.325"
"171785512","2124199440","0.125"
"2124199440","171785512","0.125"
"171785512","62227241","0.125"
"62227241","171785512","0.125"
"1825554102","2032521898","0.608766"
"2032521898","1825554102","0.608766"
"1825554102","2075440920","0.608766"
"2075440920","1825554102","0.608766"
"1825554102","2076395037","1.13258"
"2076395037","1825554102","1.13258"
"1825554102","2124199440","0.125"
"2124199440","1825554102","0.125"
"1825554102","62227241","0.125"
"62227241","1825554102","0.125"
"2075440920","2124199440","0.125"
"2124199440","2075440920","0.125"
"2076395037","2124199440","0.125"
"2124199440","2076395037","0.125"
"2076395037","2131098795","0.125"
"2131098795","2076395037","0.125"
"2076395037","62227241","0.375"
"62227241","2076395037","0.375"
"2124199440","62227241","0.125"
"62227241","2124199440","0.125"
"2131098795","62227241","0.125"
"62227241","2131098795","0.125"
"1488678234","1993333069","0.278943"
"1993333069","1488678234","0.278943"
"1488678234","2016940338","0.20202"
"2016940338","1488678234","0.20202"
"1766171436","1984525813","4.28932"
"1984525813","1766171436","4.28932"
"1766171436","1993333069","0.313131"
"1993333069","1766171436","0.313131"
"1766171436","2016940338","0.313131"
"2016940338","1766171436","0.313131"
"1984525813","1993333069","0.299145"
"1993333069","1984525813","0.299145"
"1984525813","2016940338","0.388889"
"2016940338","1984525813","0.388889"
"1984525813","2073731237","1.77778"
"2073731237","1984525813","1.77778"
"1993333069","2016940338","0.313131"
"2016940338","1993333069","0.313131"
"1993333069","2032521898","0.890054"
"2032521898","1993333069","0.890054"
"1993333069","2038230692","0.390054"
"2038230692","1993333069","0.390054"
"1993333069","2073731237","0.111111"
"2073731237","1993333069","0.111111"
"1993333069","2075440920","0.188034"
"2075440920","1993333069","0.188034"
"1993333069","62227241","0.890054"
"62227241","1993333069","0.890054"
"2016940338","2032521898","1.9798"
"2032521898","2016940338","1.9798"
"2016940338","2038230692","0.479798"
"2038230692","2016940338","0.479798"
"2016940338","2073731237","1.11111"
"2073731237","2016940338","1.11111"
"2016940338","2075440920","0.111111"
"2075440920","2016940338","0.111111"
"2016940338","62227241","0.313131"
"62227241","2016940338","0.313131"
"2038230692","2073731237","1.27778"
"2073731237","2038230692","1.27778"
"1489285575","149117090","0.125"
"149117090","1489285575","0.125"
"1489285575","2067849371","0.125"
"2067849371","1489285575","0.125"
"1489285575","2166258313","0.236111"
"2166258313","1489285575","0.236111"
"1489285575","2168582580","0.125"
"2168582580","1489285575","0.125"
"149117090","1766171436","0.125"
"1766171436","149117090","0.125"
"149117090","2166258313","0.125"
"2166258313","149117090","0.125"
"2166258313","2168582580","1.30877"
"2168582580","2166258313","1.30877"
"2032521898","2034235801","1.125"
"2034235801","2032521898","1.125"
"2034235801","2067849371","0.125"
"2067849371","2034235801","0.125"
"2034235801","2076014932","1.125"
"2076014932","2034235801","1.125"
"2034235801","2131098795","0.125"
"2131098795","2034235801","0.125"
"2034235801","2166258313","0.125"
"2166258313","2034235801","0.125"
"2067849371","2073731237","0.958333"
"2073731237","2067849371","0.958333"
"2067849371","2131098795","0.125"
"2131098795","2067849371","0.125"
"2073731237","2076014932","1.04167"
"2076014932","2073731237","1.04167"
"2073731237","2131098795","0.625"
"2131098795","2073731237","0.625"
"2073731237","2166258313","0.125"
"2166258313","2073731237","0.125"
"2076014932","2131098795","0.267857"
"2131098795","2076014932","0.267857"
"2076014932","2166258313","0.125"
"2166258313","2076014932","0.125"
"1488678234","2291119919","0.2"
"2291119919","1488678234","0.2"
"2032521898","2291119919","0.95"
"2291119919","2032521898","0.95"
"2032521898","257129114","1.11667"
"257129114","2032521898","1.11667"
"2128541774","2131098795","0.2"
"2131098795","2128541774","0.2"
"2128541774","2291119919","0.533333"
"2291119919","2128541774","0.533333"
"2128541774","257129114","0.2"
"257129114","2128541774","0.2"
"2131098795","2291119919","0.2"
"2291119919","2131098795","0.2"
"2131098795","257129114","0.2"
"257129114","2131098795","0.2"
"2291119919","257129114","0.2"
"257129114","2291119919","0.2"
"2034235801","2339548198","0.5"
"2339548198","2034235801","0.5"
"1488678234","2010567219","0.542857"
"2010567219","1488678234","0.542857"
"1825554102","1984525813","0.290909"
"1984525813","1825554102","0.290909"
"1825554102","2010567219","0.2"
"2010567219","1825554102","0.2"
"1984525813","2010567219","0.366667"
"2010567219","1984525813","0.366667"
"1984525813","2166258313","2.70758"
"2166258313","1984525813","2.70758"
"2010567219","2163801981","0.366667"
"2163801981","2010567219","0.366667"
"2010567219","2166258313","1.34286"
"2166258313","2010567219","1.34286"
"2131098795","2168582580","0.166667"
"2168582580","2131098795","0.166667"
"1766171436","2124199440","19.3762"
"2124199440","1766171436","19.3762"
"2038230692","2124199440","4.87619"
"2124199440","2038230692","4.87619"
"2067849371","2124199440","0.7"
"2124199440","2067849371","0.7"
"1488678234","2896055029","0.5"
"2896055029","1488678234","0.5"
"2896055029","62227241","0.5"
"62227241","2896055029","0.5"
"1488678234","1753426156","0.233766"
"1753426156","1488678234","0.233766"
"1753426156","1766171436","0.344877"
"1766171436","1753426156","0.344877"
"1753426156","2010567219","0.142857"
"2010567219","1753426156","0.142857"
"1753426156","2032521898","0.344877"
"2032521898","1753426156","0.344877"
"1753426156","2038230692","0.344877"
"2038230692","1753426156","0.344877"
"1753426156","2075440920","0.142857"
"2075440920","1753426156","0.142857"
"1753426156","2166258313","0.142857"
"2166258313","1753426156","0.142857"
"1766171436","2010567219","0.142857"
"2010567219","1766171436","0.142857"
"2010567219","2032521898","0.67619"
"2032521898","2010567219","0.67619"
"2010567219","2038230692","0.342857"
"2038230692","2010567219","0.342857"
"2010567219","2075440920","0.309524"
"2075440920","2010567219","0.309524"
"2038230692","2166258313","2.41392"
"2166258313","2038230692","2.41392"
"1488678234","2490644697","0.0909091"
"2490644697","1488678234","0.0909091"
"1488678234","2567423825","0.0909091"
"2567423825","1488678234","0.0909091"
"1488678234","2780947729","0.0909091"
"2780947729","1488678234","0.0909091"
"1753426156","1993333069","0.20202"
"1993333069","1753426156","0.20202"
"1753426156","2016940338","0.20202"
"2016940338","1753426156","0.20202"
"1753426156","2339548198","0.20202"
"2339548198","1753426156","0.20202"
"1753426156","2490644697","0.20202"
"2490644697","1753426156","0.20202"
"1753426156","2567423825","0.0909091"
"2567423825","1753426156","0.0909091"
"1753426156","2780947729","0.0909091"
"2780947729","1753426156","0.0909091"
"1753426156","62227241","0.20202"
"62227241","1753426156","0.20202"
"1766171436","2339548198","0.20202"
"2339548198","1766171436","0.20202"
"1766171436","2490644697","0.20202"
"2490644697","1766171436","0.20202"
"1766171436","2567423825","0.0909091"
"2567423825","1766171436","0.0909091"
"1766171436","2780947729","0.0909091"
"2780947729","1766171436","0.0909091"
"1993333069","2339548198","0.778943"
"2339548198","1993333069","0.778943"
"1993333069","2490644697","0.368687"
"2490644697","1993333069","0.368687"
"1993333069","2567423825","0.257576"
"2567423825","1993333069","0.257576"
"1993333069","2780947729","0.0909091"
"2780947729","1993333069","0.0909091"
"2016940338","2339548198","0.368687"
"2339548198","2016940338","0.368687"
"2016940338","2490644697","0.20202"
"2490644697","2016940338","0.20202"
"2016940338","2567423825","0.0909091"
"2567423825","2016940338","0.0909091"
"2016940338","2780947729","0.0909091"
"2780947729","2016940338","0.0909091"
"2032521898","2490644697","0.368687"
"2490644697","2032521898","0.368687"
"2032521898","2567423825","0.257576"
"2567423825","2032521898","0.257576"
"2032521898","2780947729","0.0909091"
"2780947729","2032521898","0.0909091"
"2038230692","2339548198","1.61228"
"2339548198","2038230692","1.61228"
"2038230692","2490644697","0.20202"
"2490644697","2038230692","0.20202"
"2038230692","2567423825","0.0909091"
"2567423825","2038230692","0.0909091"
"2038230692","2780947729","0.0909091"
"2780947729","2038230692","0.0909091"
"2339548198","2490644697","0.368687"
"2490644697","2339548198","0.368687"
"2339548198","2567423825","0.257576"
"2567423825","2339548198","0.257576"
"2339548198","2780947729","0.0909091"
"2780947729","2339548198","0.0909091"
"2490644697","2567423825","0.257576"
"2567423825","2490644697","0.257576"
"2490644697","2780947729","0.0909091"
"2780947729","2490644697","0.0909091"
"2490644697","62227241","0.368687"
"62227241","2490644697","0.368687"
"2567423825","2780947729","0.0909091"
"2780947729","2567423825","0.0909091"
"2567423825","62227241","0.257576"
"62227241","2567423825","0.257576"
"2780947729","62227241","0.0909091"
"62227241","2780947729","0.0909091"
"1488678234","2778557896","0.276923"
"2778557896","1488678234","0.276923"
"2010567219","2076014932","0.2"
"2076014932","2010567219","0.2"
"2010567219","2778557896","0.2"
"2778557896","2010567219","0.2"
"2032521898","2778557896","0.860256"
"2778557896","2032521898","0.860256"
"2038230692","2778557896","0.276923"
"2778557896","2038230692","0.276923"
"2076014932","2778557896","0.2"
"2778557896","2076014932","0.2"
"1488678234","1981930699","0.0769231"
"1981930699","1488678234","0.0769231"
"1488678234","2098679662","0.0769231"
"2098679662","1488678234","0.0769231"
"1488678234","2877916729","0.0769231"
"2877916729","1488678234","0.0769231"
"1981930699","1984525813","0.0769231"
"1984525813","1981930699","0.0769231"
"1981930699","1993333069","0.0769231"
"1993333069","1981930699","0.0769231"
"1981930699","2032521898","0.0769231"
"2032521898","1981930699","0.0769231"
"1981930699","2038230692","0.0769231"
"2038230692","1981930699","0.0769231"
"1981930699","2067849371","0.0769231"
"2067849371","1981930699","0.0769231"
"1981930699","2075440920","0.0769231"
"2075440920","1981930699","0.0769231"
"1981930699","2098679662","0.0769231"
"2098679662","1981930699","0.0769231"
"1981930699","2163801981","0.0769231"
"2163801981","1981930699","0.0769231"
"1981930699","2339548198","0.0769231"
"2339548198","1981930699","0.0769231"
"1981930699","2778557896","0.0769231"
"2778557896","1981930699","0.0769231"
"1981930699","2877916729","0.0769231"
"2877916729","1981930699","0.0769231"
"1981930699","62227241","0.0769231"
"62227241","1981930699","0.0769231"
"1984525813","2098679662","0.36859"
"2098679662","1984525813","0.36859"
"1984525813","2778557896","0.0769231"
"2778557896","1984525813","0.0769231"
"1984525813","2877916729","0.0769231"
"2877916729","1984525813","0.0769231"
"1993333069","2067849371","0.0769231"
"2067849371","1993333069","0.0769231"
"1993333069","2098679662","0.0769231"
"2098679662","1993333069","0.0769231"
"1993333069","2163801981","0.0769231"
"2163801981","1993333069","0.0769231"
"1993333069","2778557896","0.0769231"
"2778557896","1993333069","0.0769231"
"1993333069","2877916729","0.0769231"
"2877916729","1993333069","0.0769231"
"2032521898","2098679662","0.86859"
"2098679662","2032521898","0.86859"
"2032521898","2877916729","0.0769231"
"2877916729","2032521898","0.0769231"
"2038230692","2098679662","0.36859"
"2098679662","2038230692","0.36859"
"2038230692","2877916729","0.0769231"
"2877916729","2038230692","0.0769231"
"2067849371","2098679662","0.410256"
"2098679662","2067849371","0.410256"
"2067849371","2339548198","0.49359"
"2339548198","2067849371","0.49359"
"2067849371","2778557896","0.326923"
"2778557896","2067849371","0.326923"
"2067849371","2877916729","0.0769231"
"2877916729","2067849371","0.0769231"
"2067849371","62227241","0.74359"
"62227241","2067849371","0.74359"
"2075440920","2098679662","0.86859"
"2098679662","2075440920","0.86859"
"2075440920","2339548198","0.326923"
"2339548198","2075440920","0.326923"
"2075440920","2778557896","0.326923"
"2778557896","2075440920","0.326923"
"2075440920","2877916729","0.0769231"
"2877916729","2075440920","0.0769231"
"2098679662","2163801981","0.74359"
"2163801981","2098679662","0.74359"
"2098679662","2339548198","0.576923"
"2339548198","2098679662","0.576923"
"2098679662","2778557896","0.0769231"
"2778557896","2098679662","0.0769231"
"2098679662","2877916729","0.0769231"
"2877916729","2098679662","0.0769231"
"2098679662","62227241","1.70192"
"62227241","2098679662","1.70192"
"2163801981","2339548198","0.0769231"
"2339548198","2163801981","0.0769231"
"2163801981","2778557896","0.0769231"
"2778557896","2163801981","0.0769231"
"2163801981","2877916729","0.0769231"
"2877916729","2163801981","0.0769231"
"2163801981","62227241","0.0769231"
"62227241","2163801981","0.0769231"
"2339548198","2778557896","0.660256"
"2778557896","2339548198","0.660256"
"2339548198","2877916729","0.0769231"
"2877916729","2339548198","0.0769231"
"2778557896","2877916729","0.0769231"
"2877916729","2778557896","0.0769231"
"2778557896","62227241","0.410256"
"62227241","2778557896","0.410256"
"2877916729","62227241","0.0769231"
"62227241","2877916729","0.0769231"
"2124199440","2163801981","0.333333"
"2163801981","2124199440","0.333333"
"1489285575","2124199440","5.33333"
"2124199440","1489285575","5.33333"
"1489285575","1542046958","0.666667"
"1542046958","1489285575","0.666667"
"1489285575","2076587107","0.777778"
"2076587107","1489285575","0.777778"
"1489285575","2117750217","0.444444"
"2117750217","1489285575","0.444444"
"1542046958","2076587107","1.43333"
"2076587107","1542046958","1.43333"
"1542046958","2117750217","1.6"
"2117750217","1542046958","1.6"
"2076587107","2117750217","2.41111"
"2117750217","2076587107","2.41111"
"1489285575","2131098795","0.111111"
"2131098795","1489285575","0.111111"
"1489285575","2163801981","0.111111"
"2163801981","1489285575","0.111111"
"1766171436","2076587107","2.49444"
"2076587107","1766171436","2.49444"
"1766171436","2163801981","0.487734"
"2163801981","1766171436","0.487734"
"2032521898","2076587107","1.57778"
"2076587107","2032521898","1.57778"
"2038230692","2076587107","1.96111"
"2076587107","2038230692","1.96111"
"2038230692","2162074251","0.111111"
"2162074251","2038230692","0.111111"
"2076587107","2131098795","0.111111"
"2131098795","2076587107","0.111111"
"2076587107","2162074251","0.111111"
"2162074251","2076587107","0.111111"
"2076587107","2163801981","0.111111"
"2163801981","2076587107","0.111111"
"2076587107","2166258313","0.277778"
"2166258313","2076587107","0.277778"
"2117750217","2162074251","0.111111"
"2162074251","2117750217","0.111111"
"2117750217","2163801981","1.23016"
"2163801981","2117750217","1.23016"
"2117750217","2166258313","0.896825"
"2166258313","2117750217","0.896825"
"2131098795","2162074251","2.11111"
"2162074251","2131098795","2.11111"
"2162074251","2163801981","0.111111"
"2163801981","2162074251","0.111111"
"2162074251","2166258313","0.111111"
"2166258313","2162074251","0.111111"
"1542046958","1766171436","1.52424"
"1766171436","1542046958","1.52424"
"2124199440","2162074251","0.833333"
"2162074251","2124199440","0.833333"
"149117090","2073731237","0.5"
"2073731237","149117090","0.5"
"1514917609","2124199440","2"
"2124199440","1514917609","2"
"1514917609","2168582580","1"
"2168582580","1514917609","1"
"2124199440","2168582580","2"
"2168582580","2124199440","2"
"1536847315","1766171436","2.33333"
"1766171436","1536847315","2.33333"
"1536847315","2026100521","1.33333"
"2026100521","1536847315","1.33333"
"1536847315","2032521898","1.16667"
"2032521898","1536847315","1.16667"
"1536847315","2038230692","0.833333"
"2038230692","1536847315","0.833333"
"1536847315","171785512","0.333333"
"171785512","1536847315","0.333333"
"171785512","2038230692","2.2"
"2038230692","171785512","2.2"
"1536847315","1542046958","0.5"
"1542046958","1536847315","0.5"
"1542046958","1825554102","0.0909091"
"1825554102","1542046958","0.0909091"
"1542046958","1984525813","0.0909091"
"1984525813","1542046958","0.0909091"
"1542046958","2038230692","0.490909"
"2038230692","1542046958","0.490909"
"1542046958","2075440920","0.257576"
"2075440920","1542046958","0.257576"
"1542046958","2076395037","0.0909091"
"2076395037","1542046958","0.0909091"
"1542046958","2107624081","0.0909091"
"2107624081","1542046958","0.0909091"
"1542046958","2166258313","0.257576"
"2166258313","1542046958","0.257576"
"1542046958","2168582580","0.0909091"
"2168582580","1542046958","0.0909091"
"1766171436","1825554102","0.233766"
"1825554102","1766171436","0.233766"
"1766171436","2076395037","0.290909"
"2076395037","1766171436","0.290909"
"1766171436","2107624081","0.590909"
"2107624081","1766171436","0.590909"
"1825554102","2038230692","1.48377"
"2038230692","1825554102","1.48377"
"1825554102","2107624081","0.0909091"
"2107624081","1825554102","0.0909091"
"1825554102","2168582580","1.09091"
"2168582580","1825554102","1.09091"
"1984525813","2076395037","0.840909"
"2076395037","1984525813","0.840909"
"1984525813","2107624081","0.0909091"
"2107624081","1984525813","0.0909091"
"2032521898","2107624081","1.09091"
"2107624081","2032521898","1.09091"
"2038230692","2076395037","2.20758"
"2076395037","2038230692","2.20758"
"2038230692","2107624081","0.757576"
"2107624081","2038230692","0.757576"
"2075440920","2107624081","1.25758"
"2107624081","2075440920","1.25758"
"2076395037","2107624081","0.257576"
"2107624081","2076395037","0.257576"
"2076395037","2163801981","1.00758"
"2163801981","2076395037","1.00758"
"2076395037","2166258313","2.67424"
"2166258313","2076395037","2.67424"
"2076395037","2168582580","0.257576"
"2168582580","2076395037","0.257576"
"2107624081","2163801981","1.92424"
"2163801981","2107624081","1.92424"
"2107624081","2166258313","2.25758"
"2166258313","2107624081","2.25758"
"2107624081","2168582580","0.257576"
"2168582580","2107624081","0.257576"
"1542046958","2110828480","0.166667"
"2110828480","1542046958","0.166667"
"2032521898","2110828480","1.66667"
"2110828480","2032521898","1.66667"
"2075440920","2076587107","0.416667"
"2076587107","2075440920","0.416667"
"2075440920","2110828480","3"
"2110828480","2075440920","3"
"2076587107","2110828480","0.166667"
"2110828480","2076587107","0.166667"
"2110828480","2117750217","0.166667"
"2117750217","2110828480","0.166667"
"1542046958","2026100521","0.7"
"2026100521","1542046958","0.7"
"2026100521","2076587107","0.2"
"2076587107","2026100521","0.2"
"2026100521","2117750217","1.03333"
"2117750217","2026100521","1.03333"
"1573941408","2032521898","0.666667"
"2032521898","1573941408","0.666667"
"1573941408","2073731237","2.5"
"2073731237","1573941408","2.5"
"1573941408","1984525813","0.166667"
"1984525813","1573941408","0.166667"
"1573941408","2016940338","0.166667"
"2016940338","1573941408","0.166667"
"1573941408","2038230692","0.166667"
"2038230692","1573941408","0.166667"
"1573941408","2168582580","0.166667"
"2168582580","1573941408","0.166667"
"1573941408","2339548198","0.166667"
"2339548198","1573941408","0.166667"
"2016940338","2168582580","0.166667"
"2168582580","2016940338","0.166667"
"2168582580","2339548198","1.16667"
"2339548198","2168582580","1.16667"
"1605723650","2032521898","1"
"2032521898","1605723650","1"
"2076395037","2117750217","0.7"
"2117750217","2076395037","0.7"
"1753426156","1984525813","0.111111"
"1984525813","1753426156","0.111111"
"1984525813","2490644697","0.111111"
"2490644697","1984525813","0.111111"
"2026100521","2162074251","0.5"
"2162074251","2026100521","0.5"
"2162074251","2711511741","0.5"
"2711511741","2162074251","0.5"
"1766171436","2095486388","5"
"2095486388","1766171436","5"
"2032521898","2095486388","11.4167"
"2095486388","2032521898","11.4167"
"2095486388","2131098795","1.58333"
"2131098795","2095486388","1.58333"
"2026100521","2095486388","0.666667"
"2095486388","2026100521","0.666667"
"2026100521","2124199440","4"
"2124199440","2026100521","4"
"2095486388","2124199440","1.41667"
"2124199440","2095486388","1.41667"
"2038230692","2095486388","1.58333"
"2095486388","2038230692","1.58333"
"1984525813","2117750217","0.309524"
"2117750217","1984525813","0.309524"
"1984525813","2124199440","0.142857"
"2124199440","1984525813","0.142857"
"1984525813","2131098795","1.30952"
"2131098795","1984525813","1.30952"
"2076014932","2117750217","0.142857"
"2117750217","2076014932","0.142857"
"2076014932","2124199440","0.142857"
"2124199440","2076014932","0.142857"
"2117750217","2124199440","1.17619"
"2124199440","2117750217","1.17619"
"1825554102","2117750217","0.142857"
"2117750217","1825554102","0.142857"
"1984525813","2034235801","0.25"
"2034235801","1984525813","0.25"
"2076587107","2165824050","0.2"
"2165824050","2076587107","0.2"
"2117750217","2165824050","0.2"
"2165824050","2117750217","0.2"
"2124199440","2711511741","1.5"
"2711511741","2124199440","1.5"
"1825554102","2076014932","1"
"2076014932","1825554102","1"
"1825554102","2039975744","0.25"
"2039975744","1825554102","0.25"
"2039975744","2163801981","0.25"
"2163801981","2039975744","0.25"
"2073731237","2168582580","0.166667"
"2168582580","2073731237","0.166667"
"2168582580","62227241","0.458333"
"62227241","2168582580","0.458333"
"2117750217","62227241","0.166667"
"62227241","2117750217","0.166667"
"1984525813","2087341942","2"
"2087341942","1984525813","2"
"2087341942","62227241","2"
"62227241","2087341942","2"
"1984525813","2108072933","0.958333"
"2108072933","1984525813","0.958333"
"2032521898","2108072933","0.958333"
"2108072933","2032521898","0.958333"
"2038230692","2108072933","0.708333"
"2108072933","2038230692","0.708333"
"2073956058","2098679662","0.125"
"2098679662","2073956058","0.125"
"2073956058","2108072933","0.125"
"2108072933","2073956058","0.125"
"2073956058","62227241","0.458333"
"62227241","2073956058","0.458333"
"2075440920","2108072933","0.125"
"2108072933","2075440920","0.125"
"2098679662","2108072933","0.125"
"2108072933","2098679662","0.125"
"2098679662","2168582580","0.125"
"2168582580","2098679662","0.125"
"2108072933","2168582580","0.125"
"2168582580","2108072933","0.125"
"2108072933","62227241","0.375"
"62227241","2108072933","0.375"
"2010567219","2067849371","0.166667"
"2067849371","2010567219","0.166667"
"2010567219","2098679662","0.166667"
"2098679662","2010567219","0.166667"
"2087341942","2168582580","0.5"
"2168582580","2087341942","0.5"
"1984525813","2291119919","0.75"
"2291119919","1984525813","0.75"
"2291119919","62227241","0.75"
"62227241","2291119919","0.75"
"2108072933","2166258313","0.25"
"2166258313","2108072933","0.25"
"2108072933","2291119919","0.583333"
"2291119919","2108072933","0.583333"
"1993333069","2034235801","0.166667"
"2034235801","1993333069","0.166667"
"2034235801","2490644697","0.166667"
"2490644697","2034235801","0.166667"
"2034235801","2567423825","0.166667"
"2567423825","2034235801","0.166667"
"1993333069","2055772578","1"
"2055772578","1993333069","1"
"2010567219","62227241","1.16667"
"62227241","2010567219","1.16667"
"2010567219","2165824050","0.166667"
"2165824050","2010567219","0.166667"
"2010567219","2180323236","0.166667"
"2180323236","2010567219","0.166667"
"2010567219","257129114","0.166667"
"257129114","2010567219","0.166667"
"2010567219","2799833251","0.166667"
"2799833251","2010567219","0.166667"
"2032521898","2180323236","0.666667"
"2180323236","2032521898","0.666667"
"2032521898","2799833251","0.166667"
"2799833251","2032521898","0.166667"
"2165824050","2180323236","1.16667"
"2180323236","2165824050","1.16667"
"2165824050","2799833251","0.166667"
"2799833251","2165824050","0.166667"
"2180323236","257129114","0.416667"
"257129114","2180323236","0.416667"
"2180323236","2799833251","0.166667"
"2799833251","2180323236","0.166667"
"2180323236","62227241","0.666667"
"62227241","2180323236","0.666667"
"257129114","2799833251","0.166667"
"2799833251","257129114","0.166667"
"2799833251","62227241","0.166667"
"62227241","2799833251","0.166667"
"2016940338","257129114","0.5"
"257129114","2016940338","0.5"
"2026100521","2076395037","0.5"
"2076395037","2026100521","0.5"
"2026100521","2039975744","0.5"
"2039975744","2026100521","0.5"
"2026493234","2067849371","0.333333"
"2067849371","2026493234","0.333333"
"2026493234","2073731237","0.333333"
"2073731237","2026493234","0.333333"
"2026493234","2075440920","0.333333"
"2075440920","2026493234","0.333333"
"2038230692","2110828480","0.333333"
"2110828480","2038230692","0.333333"
"2095486388","2110828480","0.333333"
"2110828480","2095486388","0.333333"
"2124199440","2165824050","0.5"
"2165824050","2124199440","0.5"
"2107624081","2110828480","3.33333"
"2110828480","2107624081","3.33333"
"2110828480","2163801981","0.333333"
"2163801981","2110828480","0.333333"
"2034235801","2076587107","0.25"
"2076587107","2034235801","0.25"
"2034235801","2128541774","0.25"
"2128541774","2034235801","0.25"
"2076587107","2128541774","0.25"
"2128541774","2076587107","0.25"
"2076587107","62227241","0.25"
"62227241","2076587107","0.25"
"2038230692","2180323236","0.75"
"2180323236","2038230692","0.75"
"2032521898","2055772578","1"
"2055772578","2032521898","1"
"2076014932","2098679662","0.166667"
"2098679662","2076014932","0.166667"
"2076014932","2339548198","0.166667"
"2339548198","2076014932","0.166667"
"2168582580","2291119919","0.5"
"2291119919","2168582580","0.5"
"2076395037","2165824050","0.5"
"2165824050","2076395037","0.5"
"2038230692","2055772578","0.5"
"2055772578","2038230692","0.5"
"2038230692","2128541774","1.5"
"2128541774","2038230692","1.5"
"2055772578","2128541774","0.5"
"2128541774","2055772578","0.5"
"2055772578","2073731237","1"
"2073731237","2055772578","1"
"2067849371","2076395037","0.5"
"2076395037","2067849371","0.5"
"2067849371","2180323236","0.5"
"2180323236","2067849371","0.5"
"2076395037","2180323236","0.5"
"2180323236","2076395037","0.5"
"2075440920","2095486388","1"
"2095486388","2075440920","1"
"2110828480","62227241","0.5"
"62227241","2110828480","0.5"
"2075440920","2087341942","0.5"
"2087341942","2075440920","0.5"
"2076014932","2165824050","1"
"2165824050","2076014932","1"
"2087341942","2108072933","0.333333"
"2108072933","2087341942","0.333333"
"2087341942","2128541774","0.333333"
"2128541774","2087341942","0.333333"
"2087341942","2291119919","0.333333"
"2291119919","2087341942","0.333333"
"2108072933","2128541774","0.333333"
"2128541774","2108072933","0.333333"
"2166258313","2567423825","1"
"2567423825","2166258313","1"
"2166258313","2339548198","1"
"2339548198","2166258313","1"
"2339548198","2767511137","1"
"2767511137","2339548198","1"
