"1596170674","1818085238","0.5"
"1818085238","1596170674","0.5"
"1596170674","1990537706","2"
"1990537706","1596170674","2"
"1818085238","1990537706","6"
"1990537706","1818085238","6"
"1596170674","2010398592","0.5"
"2010398592","1596170674","0.5"
"1990537706","2010398592","1"
"2010398592","1990537706","1"
"1818085238","2010398592","0.5"
"2010398592","1818085238","0.5"
"1973328636","2021680759","3.16667"
"2021680759","1973328636","3.16667"
"1973328636","2047573930","0.416667"
"2047573930","1973328636","0.416667"
"1973328636","2157949509","0.416667"
"2157949509","1973328636","0.416667"
"2021680759","2047573930","0.416667"
"2047573930","2021680759","0.416667"
"2021680759","2157949509","1.81667"
"2157949509","2021680759","1.81667"
"2047573930","2157949509","2.41667"
"2157949509","2047573930","2.41667"
"1973328636","2046263206","4.15"
"2046263206","1973328636","4.15"
"1973328636","2145700761","5.85758"
"2145700761","1973328636","5.85758"
"2021680759","2046263206","11.8667"
"2046263206","2021680759","11.8667"
"2021680759","2145700761","8.58333"
"2145700761","2021680759","8.58333"
"2046263206","2145700761","11.6417"
"2145700761","2046263206","11.6417"
"1973328636","2007022086","0.790909"
"2007022086","1973328636","0.790909"
"2007022086","2145700761","1.98535"
"2145700761","2007022086","1.98535"
"1973328636","2014116953","1.82424"
"2014116953","1973328636","1.82424"
"1973328636","2146781646","0.424242"
"2146781646","1973328636","0.424242"
"2014116953","2021680759","1.33333"
"2021680759","2014116953","1.33333"
"2014116953","2046263206","1.575"
"2046263206","2014116953","1.575"
"2014116953","2146781646","10.5984"
"2146781646","2014116953","10.5984"
"2021680759","2146781646","0.733333"
"2146781646","2021680759","0.733333"
"2046263206","2146781646","0.783333"
"2146781646","2046263206","0.783333"
"1973328636","1997650168","0.174242"
"1997650168","1973328636","0.174242"
"1973328636","2005316082","0.174242"
"2005316082","1973328636","0.174242"
"1973328636","2097494663","0.0909091"
"2097494663","1973328636","0.0909091"
"1973328636","2117577756","0.0909091"
"2117577756","1973328636","0.0909091"
"1973328636","2138824333","0.0909091"
"2138824333","1973328636","0.0909091"
"1973328636","2138877737","0.0909091"
"2138877737","1973328636","0.0909091"
"1973328636","2162493549","0.0909091"
"2162493549","1973328636","0.0909091"
"1997650168","2005316082","0.549242"
"2005316082","1997650168","0.549242"
"1997650168","2007022086","2.71392"
"2007022086","1997650168","2.71392"
"1997650168","2014116953","14.3151"
"2014116953","1997650168","14.3151"
"1997650168","2097494663","1.14845"
"2097494663","1997650168","1.14845"
"1997650168","2117577756","3.30047"
"2117577756","1997650168","3.30047"
"1997650168","2138824333","0.215909"
"2138824333","1997650168","0.215909"
"1997650168","2138877737","5.46198"
"2138877737","1997650168","5.46198"
"1997650168","2145700761","1.53535"
"2145700761","1997650168","1.53535"
"1997650168","2146781646","14.635"
"2146781646","1997650168","14.635"
"1997650168","2162493549","2.62587"
"2162493549","1997650168","2.62587"
"2005316082","2007022086","0.0909091"
"2007022086","2005316082","0.0909091"
"2005316082","2014116953","0.174242"
"2014116953","2005316082","0.174242"
"2005316082","2097494663","0.340909"
"2097494663","2005316082","0.340909"
"2005316082","2117577756","0.157576"
"2117577756","2005316082","0.157576"
"2005316082","2138824333","0.0909091"
"2138824333","2005316082","0.0909091"
"2005316082","2138877737","0.729004"
"2138877737","2005316082","0.729004"
"2005316082","2145700761","1.09091"
"2145700761","2005316082","1.09091"
"2005316082","2146781646","0.687338"
"2146781646","2005316082","0.687338"
"2005316082","2162493549","0.854004"
"2162493549","2005316082","0.854004"
"2007022086","2014116953","10.9139"
"2014116953","2007022086","10.9139"
"2007022086","2097494663","0.630592"
"2097494663","2007022086","0.630592"
"2007022086","2117577756","0.630592"
"2117577756","2007022086","0.630592"
"2007022086","2138824333","7.59091"
"2138824333","2007022086","7.59091"
"2007022086","2138877737","0.0909091"
"2138877737","2007022086","0.0909091"
"2007022086","2146781646","3.38059"
"2146781646","2007022086","3.38059"
"2007022086","2162493549","0.0909091"
"2162493549","2007022086","0.0909091"
"2014116953","2097494663","1.89845"
"2097494663","2014116953","1.89845"
"2014116953","2117577756","2.09845"
"2117577756","2014116953","2.09845"
"2014116953","2138824333","3.21591"
"2138824333","2014116953","3.21591"
"2014116953","2138877737","0.0909091"
"2138877737","2014116953","0.0909091"
"2014116953","2145700761","3.81035"
"2145700761","2014116953","3.81035"
"2014116953","2162493549","0.233766"
"2162493549","2014116953","0.233766"
"2097494663","2117577756","1.39845"
"2117577756","2097494663","1.39845"
"2097494663","2138824333","0.215909"
"2138824333","2097494663","0.215909"
"2097494663","2138877737","0.0909091"
"2138877737","2097494663","0.0909091"
"2097494663","2145700761","0.20202"
"2145700761","2097494663","0.20202"
"2097494663","2146781646","1.64845"
"2146781646","2097494663","1.64845"
"2097494663","2162493549","0.233766"
"2162493549","2097494663","0.233766"
"2117577756","2138824333","0.215909"
"2138824333","2117577756","0.215909"
"2117577756","2138877737","0.609596"
"2138877737","2117577756","0.609596"
"2117577756","2145700761","0.20202"
"2145700761","2117577756","0.20202"
"2117577756","2146781646","6.81714"
"2146781646","2117577756","6.81714"
"2117577756","2162493549","0.891342"
"2162493549","2117577756","0.891342"
"2138824333","2138877737","0.0909091"
"2138877737","2138824333","0.0909091"
"2138824333","2145700761","0.340909"
"2145700761","2138824333","0.340909"
"2138824333","2146781646","0.215909"
"2146781646","2138824333","0.215909"
"2138824333","2162493549","0.0909091"
"2162493549","2138824333","0.0909091"
"2138877737","2145700761","0.0909091"
"2145700761","2138877737","0.0909091"
"2138877737","2146781646","1.42388"
"2146781646","2138877737","1.42388"
"2138877737","2162493549","1.66277"
"2162493549","2138877737","1.66277"
"2145700761","2146781646","0.70202"
"2146781646","2145700761","0.70202"
"2145700761","2162493549","0.0909091"
"2162493549","2145700761","0.0909091"
"2146781646","2162493549","0.587771"
"2162493549","2146781646","0.587771"
"1973328636","2077919660","0.2"
"2077919660","1973328636","0.2"
"1973328636","2119811370","0.4"
"2119811370","1973328636","0.4"
"2014116953","2077919660","0.2"
"2077919660","2014116953","0.2"
"2014116953","2119811370","0.2"
"2119811370","2014116953","0.2"
"2046263206","2077919660","0.783333"
"2077919660","2046263206","0.783333"
"2046263206","2119811370","3.18333"
"2119811370","2046263206","3.18333"
"2077919660","2119811370","1.28333"
"2119811370","2077919660","1.28333"
"2077919660","2145700761","1.78333"
"2145700761","2077919660","1.78333"
"2119811370","2145700761","2.76667"
"2145700761","2119811370","2.76667"
"1973328636","2014755981","0.2"
"2014755981","1973328636","0.2"
"1973328636","2017974706","0.283333"
"2017974706","1973328636","0.283333"
"2007022086","2014755981","1.2"
"2014755981","2007022086","1.2"
"2007022086","2017974706","0.2"
"2017974706","2007022086","0.2"
"2014116953","2014755981","0.533333"
"2014755981","2014116953","0.533333"
"2014116953","2017974706","1.99167"
"2017974706","2014116953","1.99167"
"2014755981","2017974706","1.53333"
"2017974706","2014755981","1.53333"
"2014755981","2145700761","0.2"
"2145700761","2014755981","0.2"
"2017974706","2145700761","0.2"
"2145700761","2017974706","0.2"
"1973328636","2134557343","0.333333"
"2134557343","1973328636","0.333333"
"2021680759","2134557343","6.83333"
"2134557343","2021680759","6.83333"
"2046263206","2134557343","0.333333"
"2134557343","2046263206","0.333333"
"1973328636","1989735066","0.0833333"
"1989735066","1973328636","0.0833333"
"1973328636","1989962588","0.0833333"
"1989962588","1973328636","0.0833333"
"1973328636","1998519879","0.0833333"
"1998519879","1973328636","0.0833333"
"1973328636","2407167388","0.0833333"
"2407167388","1973328636","0.0833333"
"1989735066","1989962588","0.221429"
"1989962588","1989735066","0.221429"
"1989735066","1997650168","1.53333"
"1997650168","1989735066","1.53333"
"1989735066","1998519879","1.8381"
"1998519879","1989735066","1.8381"
"1989735066","2005316082","0.221429"
"2005316082","1989735066","0.221429"
"1989735066","2014116953","0.916667"
"2014116953","1989735066","0.916667"
"1989735066","2017974706","0.416667"
"2017974706","1989735066","0.416667"
"1989735066","2021680759","0.283333"
"2021680759","1989735066","0.283333"
"1989735066","2047573930","0.0833333"
"2047573930","1989735066","0.0833333"
"1989735066","2146781646","2.37143"
"2146781646","1989735066","2.37143"
"1989735066","2157949509","0.588095"
"2157949509","1989735066","0.588095"
"1989735066","2407167388","0.416667"
"2407167388","1989735066","0.416667"
"1989962588","1997650168","0.963889"
"1997650168","1989962588","0.963889"
"1989962588","1998519879","0.53254"
"1998519879","1989962588","0.53254"
"1989962588","2005316082","0.221429"
"2005316082","1989962588","0.221429"
"1989962588","2014116953","3.31944"
"2014116953","1989962588","3.31944"
"1989962588","2017974706","0.208333"
"2017974706","1989962588","0.208333"
"1989962588","2021680759","0.0833333"
"2021680759","1989962588","0.0833333"
"1989962588","2047573930","0.0833333"
"2047573930","1989962588","0.0833333"
"1989962588","2146781646","0.568651"
"2146781646","1989962588","0.568651"
"1989962588","2157949509","0.53254"
"2157949509","1989962588","0.53254"
"1989962588","2407167388","0.0833333"
"2407167388","1989962588","0.0833333"
"1997650168","1998519879","2.07302"
"1998519879","1997650168","2.07302"
"1997650168","2017974706","1.45833"
"2017974706","1997650168","1.45833"
"1997650168","2021680759","0.283333"
"2021680759","1997650168","0.283333"
"1997650168","2047573930","0.283333"
"2047573930","1997650168","0.283333"
"1997650168","2157949509","6.48654"
"2157949509","1997650168","6.48654"
"1997650168","2407167388","1.91667"
"2407167388","1997650168","1.91667"
"1998519879","2005316082","0.471429"
"2005316082","1998519879","0.471429"
"1998519879","2014116953","1.70635"
"2014116953","1998519879","1.70635"
"1998519879","2017974706","0.416667"
"2017974706","1998519879","0.416667"
"1998519879","2021680759","0.283333"
"2021680759","1998519879","0.283333"
"1998519879","2047573930","0.0833333"
"2047573930","1998519879","0.0833333"
"1998519879","2146781646","6.37778"
"2146781646","1998519879","6.37778"
"1998519879","2157949509","1.2881"
"2157949509","1998519879","1.2881"
"1998519879","2407167388","0.0833333"
"2407167388","1998519879","0.0833333"
"2005316082","2017974706","0.583333"
"2017974706","2005316082","0.583333"
"2005316082","2021680759","0.0833333"
"2021680759","2005316082","0.0833333"
"2005316082","2047573930","0.916667"
"2047573930","2005316082","0.916667"
"2005316082","2157949509","0.346429"
"2157949509","2005316082","0.346429"
"2005316082","2407167388","0.0833333"
"2407167388","2005316082","0.0833333"
"2014116953","2047573930","1.58333"
"2047573930","2014116953","1.58333"
"2014116953","2157949509","0.283333"
"2157949509","2014116953","0.283333"
"2014116953","2407167388","2.75"
"2407167388","2014116953","2.75"
"2017974706","2021680759","0.0833333"
"2021680759","2017974706","0.0833333"
"2017974706","2047573930","2.91667"
"2047573930","2017974706","2.91667"
"2017974706","2146781646","1.29167"
"2146781646","2017974706","1.29167"
"2017974706","2157949509","0.0833333"
"2157949509","2017974706","0.0833333"
"2017974706","2407167388","0.666667"
"2407167388","2017974706","0.666667"
"2021680759","2407167388","0.0833333"
"2407167388","2021680759","0.0833333"
"2047573930","2146781646","1.03333"
"2146781646","2047573930","1.03333"
"2047573930","2407167388","0.0833333"
"2407167388","2047573930","0.0833333"
"2146781646","2157949509","3.39845"
"2157949509","2146781646","3.39845"
"2146781646","2407167388","0.666667"
"2407167388","2146781646","0.666667"
"2157949509","2407167388","0.0833333"
"2407167388","2157949509","0.0833333"
"1973328636","2238078713","0.2"
"2238078713","1973328636","0.2"
"1973328636","2577322449","0.2"
"2577322449","1973328636","0.2"
"2046263206","2238078713","1.025"
"2238078713","2046263206","1.025"
"2046263206","2577322449","0.325"
"2577322449","2046263206","0.325"
"2119811370","2238078713","7.38333"
"2238078713","2119811370","7.38333"
"2119811370","2577322449","0.2"
"2577322449","2119811370","0.2"
"2145700761","2238078713","9.35833"
"2238078713","2145700761","9.35833"
"2145700761","2577322449","1.075"
"2577322449","2145700761","1.075"
"2238078713","2577322449","2.075"
"2577322449","2238078713","2.075"
"1986536877","2117577756","1.2"
"2117577756","1986536877","1.2"
"1986536877","2047573930","2.86667"
"2047573930","1986536877","2.86667"
"1986536877","2005316082","0.333333"
"2005316082","1986536877","0.333333"
"1986536877","2159827217","0.333333"
"2159827217","1986536877","0.333333"
"2005316082","2159827217","0.404762"
"2159827217","2005316082","0.404762"
"2047573930","2159827217","0.333333"
"2159827217","2047573930","0.333333"
"1986536877","2014755981","1.33333"
"2014755981","1986536877","1.33333"
"1986536877","2017974706","0.333333"
"2017974706","1986536877","0.333333"
"2014755981","2047573930","0.333333"
"2047573930","2014755981","0.333333"
"1986536877","1997650168","0.2"
"1997650168","1986536877","0.2"
"1986536877","2146781646","0.2"
"2146781646","1986536877","0.2"
"1986536877","2619825482","0.2"
"2619825482","1986536877","0.2"
"1997650168","2619825482","0.2"
"2619825482","1997650168","0.2"
"2047573930","2117577756","0.2"
"2117577756","2047573930","0.2"
"2047573930","2619825482","1.2"
"2619825482","2047573930","1.2"
"2117577756","2619825482","0.366667"
"2619825482","2117577756","0.366667"
"2146781646","2619825482","1.53333"
"2619825482","2146781646","1.53333"
"1988757916","2027479172","2.525"
"2027479172","1988757916","2.525"
"1988757916","2118114837","0.638095"
"2118114837","1988757916","0.638095"
"2027479172","2118114837","3.41154"
"2118114837","2027479172","3.41154"
"1988757916","1997650168","2.325"
"1997650168","1988757916","2.325"
"1988757916","2107912893","0.463095"
"2107912893","1988757916","0.463095"
"1988757916","2138877737","1.17143"
"2138877737","1988757916","1.17143"
"1988757916","2157949509","0.463095"
"2157949509","1988757916","0.463095"
"1988757916","2162493549","0.463095"
"2162493549","1988757916","0.463095"
"1997650168","2107912893","5.57742"
"2107912893","1997650168","5.57742"
"2107912893","2138877737","2.70916"
"2138877737","2107912893","2.70916"
"2107912893","2157949509","4.74131"
"2157949509","2107912893","4.74131"
"2107912893","2162493549","0.696861"
"2162493549","2107912893","0.696861"
"2138877737","2157949509","3.49964"
"2157949509","2138877737","3.49964"
"2157949509","2162493549","3.19686"
"2162493549","2157949509","3.19686"
"1988757916","2146781646","0.763095"
"2146781646","1988757916","0.763095"
"1988757916","2042124591","7.23333"
"2042124591","1988757916","7.23333"
"2027479172","2042124591","1.04286"
"2042124591","2027479172","1.04286"
"2027479172","2138877737","2.17107"
"2138877737","2027479172","2.17107"
"2042124591","2138877737","0.4"
"2138877737","2042124591","0.4"
"1988757916","2005316082","0.263095"
"2005316082","1988757916","0.263095"
"1988757916","2036665412","0.125"
"2036665412","1988757916","0.125"
"1997650168","2027479172","9.25559"
"2027479172","1997650168","9.25559"
"1997650168","2036665412","1.125"
"2036665412","1997650168","1.125"
"2005316082","2027479172","0.191667"
"2027479172","2005316082","0.191667"
"2005316082","2036665412","0.125"
"2036665412","2005316082","0.125"
"2005316082","2107912893","0.263095"
"2107912893","2005316082","0.263095"
"2027479172","2036665412","0.125"
"2036665412","2027479172","0.125"
"2027479172","2107912893","4.16273"
"2107912893","2027479172","4.16273"
"2027479172","2146781646","2.24607"
"2146781646","2027479172","2.24607"
"2027479172","2157949509","10.0699"
"2157949509","2027479172","10.0699"
"2027479172","2162493549","0.56829"
"2162493549","2027479172","0.56829"
"2036665412","2107912893","0.125"
"2107912893","2036665412","0.125"
"2036665412","2146781646","0.291667"
"2146781646","2036665412","0.291667"
"2036665412","2157949509","0.125"
"2157949509","2036665412","0.125"
"2036665412","2162493549","0.125"
"2162493549","2036665412","0.125"
"2107912893","2146781646","3.82266"
"2146781646","2107912893","3.82266"
"1988757916","1989735066","0.138095"
"1989735066","1988757916","0.138095"
"1988757916","1989962588","0.138095"
"1989962588","1988757916","0.138095"
"1988757916","1998519879","0.471429"
"1998519879","1988757916","0.471429"
"1988757916","2030623303","0.138095"
"2030623303","1988757916","0.138095"
"1988757916","2117577756","0.0666667"
"2117577756","1988757916","0.0666667"
"1988757916","2120785548","0.138095"
"2120785548","1988757916","0.138095"
"1989735066","2027479172","0.0666667"
"2027479172","1989735066","0.0666667"
"1989735066","2030623303","0.304762"
"2030623303","1989735066","0.304762"
"1989735066","2042124591","0.566667"
"2042124591","1989735066","0.566667"
"1989735066","2107912893","0.921429"
"2107912893","1989735066","0.921429"
"1989735066","2117577756","1.23333"
"2117577756","1989735066","1.23333"
"1989735066","2118114837","0.138095"
"2118114837","1989735066","0.138095"
"1989735066","2120785548","0.138095"
"2120785548","1989735066","0.138095"
"1989735066","2138877737","0.338095"
"2138877737","1989735066","0.338095"
"1989735066","2162493549","1.6381"
"2162493549","1989735066","1.6381"
"1989962588","2027479172","0.177778"
"2027479172","1989962588","0.177778"
"1989962588","2030623303","0.138095"
"2030623303","1989962588","0.138095"
"1989962588","2042124591","0.4"
"2042124591","1989962588","0.4"
"1989962588","2107912893","0.685317"
"2107912893","1989962588","0.685317"
"1989962588","2117577756","0.413889"
"2117577756","1989962588","0.413889"
"1989962588","2118114837","0.249206"
"2118114837","1989962588","0.249206"
"1989962588","2120785548","0.249206"
"2120785548","1989962588","0.249206"
"1989962588","2138877737","0.449206"
"2138877737","1989962588","0.449206"
"1989962588","2162493549","0.471429"
"2162493549","1989962588","0.471429"
"1998519879","2027479172","1.23333"
"2027479172","1998519879","1.23333"
"1998519879","2030623303","0.304762"
"2030623303","1998519879","0.304762"
"1998519879","2042124591","0.9"
"2042124591","1998519879","0.9"
"1998519879","2107912893","1.46111"
"2107912893","1998519879","1.46111"
"1998519879","2117577756","2.60635"
"2117577756","1998519879","2.60635"
"1998519879","2118114837","0.304762"
"2118114837","1998519879","0.304762"
"1998519879","2120785548","0.138095"
"2120785548","1998519879","0.138095"
"1998519879","2138877737","0.338095"
"2138877737","1998519879","0.338095"
"1998519879","2162493549","0.638095"
"2162493549","1998519879","0.638095"
"2005316082","2030623303","0.138095"
"2030623303","2005316082","0.138095"
"2005316082","2042124591","0.0666667"
"2042124591","2005316082","0.0666667"
"2005316082","2118114837","0.138095"
"2118114837","2005316082","0.138095"
"2005316082","2120785548","0.138095"
"2120785548","2005316082","0.138095"
"2027479172","2030623303","0.266667"
"2030623303","2027479172","0.266667"
"2027479172","2117577756","2.27821"
"2117577756","2027479172","2.27821"
"2027479172","2120785548","0.804401"
"2120785548","2027479172","0.804401"
"2030623303","2042124591","1.06667"
"2042124591","2030623303","1.06667"
"2030623303","2107912893","0.338095"
"2107912893","2030623303","0.338095"
"2030623303","2117577756","0.233333"
"2117577756","2030623303","0.233333"
"2030623303","2118114837","0.138095"
"2118114837","2030623303","0.138095"
"2030623303","2120785548","0.138095"
"2120785548","2030623303","0.138095"
"2030623303","2138877737","0.338095"
"2138877737","2030623303","0.338095"
"2030623303","2146781646","0.338095"
"2146781646","2030623303","0.338095"
"2030623303","2157949509","0.304762"
"2157949509","2030623303","0.304762"
"2030623303","2162493549","0.304762"
"2162493549","2030623303","0.304762"
"2042124591","2107912893","0.0666667"
"2107912893","2042124591","0.0666667"
"2042124591","2117577756","0.709524"
"2117577756","2042124591","0.709524"
"2042124591","2118114837","0.0666667"
"2118114837","2042124591","0.0666667"
"2042124591","2120785548","0.0666667"
"2120785548","2042124591","0.0666667"
"2042124591","2146781646","0.209524"
"2146781646","2042124591","0.209524"
"2042124591","2157949509","0.0666667"
"2157949509","2042124591","0.0666667"
"2042124591","2162493549","0.542857"
"2162493549","2042124591","0.542857"
"2107912893","2117577756","2.4667"
"2117577756","2107912893","2.4667"
"2107912893","2118114837","1.06631"
"2118114837","2107912893","1.06631"
"2107912893","2120785548","1.45916"
"2120785548","2107912893","1.45916"
"2117577756","2118114837","2.43535"
"2118114837","2117577756","2.43535"
"2117577756","2120785548","0.268687"
"2120785548","2117577756","0.268687"
"2117577756","2157949509","2.30202"
"2157949509","2117577756","2.30202"
"2118114837","2120785548","0.732973"
"2120785548","2118114837","0.732973"
"2118114837","2138877737","0.482973"
"2138877737","2118114837","0.482973"
"2118114837","2146781646","0.756782"
"2146781646","2118114837","0.756782"
"2118114837","2157949509","2.81631"
"2157949509","2118114837","2.81631"
"2118114837","2162493549","0.705195"
"2162493549","2118114837","0.705195"
"2120785548","2138877737","0.62583"
"2138877737","2120785548","0.62583"
"2120785548","2146781646","0.732973"
"2146781646","2120785548","0.732973"
"2120785548","2157949509","2.31631"
"2157949509","2120785548","2.31631"
"2120785548","2162493549","0.371861"
"2162493549","2120785548","0.371861"
"1988757916","2121230168","0.0714286"
"2121230168","1988757916","0.0714286"
"1988757916","2159827217","0.0714286"
"2159827217","1988757916","0.0714286"
"1989735066","2121230168","0.238095"
"2121230168","1989735066","0.238095"
"1989735066","2159827217","0.271429"
"2159827217","1989735066","0.271429"
"1989962588","2121230168","0.0714286"
"2121230168","1989962588","0.0714286"
"1989962588","2159827217","0.0714286"
"2159827217","1989962588","0.0714286"
"1998519879","2121230168","0.238095"
"2121230168","1998519879","0.238095"
"1998519879","2159827217","0.0714286"
"2159827217","1998519879","0.0714286"
"2005316082","2121230168","0.0714286"
"2121230168","2005316082","0.0714286"
"2030623303","2121230168","0.438095"
"2121230168","2030623303","0.438095"
"2030623303","2159827217","0.0714286"
"2159827217","2030623303","0.0714286"
"2107912893","2121230168","0.505195"
"2121230168","2107912893","0.505195"
"2107912893","2159827217","1.27143"
"2159827217","2107912893","1.27143"
"2118114837","2121230168","1.99567"
"2121230168","2118114837","1.99567"
"2118114837","2159827217","0.0714286"
"2159827217","2118114837","0.0714286"
"2120785548","2121230168","0.305195"
"2121230168","2120785548","0.305195"
"2120785548","2159827217","0.0714286"
"2159827217","2120785548","0.0714286"
"2121230168","2138877737","0.755195"
"2138877737","2121230168","0.755195"
"2121230168","2146781646","2.75519"
"2146781646","2121230168","2.75519"
"2121230168","2157949509","5.16234"
"2157949509","2121230168","5.16234"
"2121230168","2159827217","0.0714286"
"2159827217","2121230168","0.0714286"
"2121230168","2162493549","4.66234"
"2162493549","2121230168","4.66234"
"2138877737","2159827217","0.271429"
"2159827217","2138877737","0.271429"
"2146781646","2159827217","0.771429"
"2159827217","2146781646","0.771429"
"2157949509","2159827217","0.0714286"
"2159827217","2157949509","0.0714286"
"2159827217","2162493549","0.0714286"
"2162493549","2159827217","0.0714286"
"1988757916","2017974706","0.333333"
"2017974706","1988757916","0.333333"
"2017974706","2042124591","0.333333"
"2042124591","2017974706","0.333333"
"1989735066","2046263206","0.533333"
"2046263206","1989735066","0.533333"
"1998519879","2046263206","0.533333"
"2046263206","1998519879","0.533333"
"2046263206","2157949509","0.2"
"2157949509","2046263206","0.2"
"2117577756","2121230168","0.257576"
"2121230168","2117577756","0.257576"
"1997650168","2159827217","1.2"
"2159827217","1997650168","1.2"
"1989735066","2036665412","0.166667"
"2036665412","1989735066","0.166667"
"1989735066","2619825482","0.333333"
"2619825482","1989735066","0.333333"
"2014116953","2036665412","1.16667"
"2036665412","2014116953","1.16667"
"2014116953","2619825482","1.33333"
"2619825482","2014116953","1.33333"
"2017974706","2036665412","0.166667"
"2036665412","2017974706","0.166667"
"2017974706","2619825482","0.333333"
"2619825482","2017974706","0.333333"
"2036665412","2407167388","0.666667"
"2407167388","2036665412","0.666667"
"2036665412","2619825482","0.166667"
"2619825482","2036665412","0.166667"
"2407167388","2619825482","0.333333"
"2619825482","2407167388","0.333333"
"2017974706","2117577756","0.791667"
"2117577756","2017974706","0.791667"
"2117577756","2407167388","0.166667"
"2407167388","2117577756","0.166667"
"1997650168","2042124591","0.47619"
"2042124591","1997650168","0.47619"
"1997650168","2118114837","2.76154"
"2118114837","1997650168","2.76154"
"1997650168","2120785548","1.07107"
"2120785548","1997650168","1.07107"
"1989962588","2097494663","0.236111"
"2097494663","1989962588","0.236111"
"1989962588","2138824333","0.125"
"2138824333","1989962588","0.125"
"2014116953","2107912893","1.11468"
"2107912893","2014116953","1.11468"
"2017974706","2097494663","0.625"
"2097494663","2017974706","0.625"
"2017974706","2107912893","0.125"
"2107912893","2017974706","0.125"
"2017974706","2138824333","0.125"
"2138824333","2017974706","0.125"
"2097494663","2107912893","0.664683"
"2107912893","2097494663","0.664683"
"2107912893","2138824333","0.375"
"2138824333","2107912893","0.375"
"1989962588","2007022086","0.111111"
"2007022086","1989962588","0.111111"
"1989962588","2145700761","0.111111"
"2145700761","1989962588","0.111111"
"1998519879","2007022086","0.789683"
"2007022086","1998519879","0.789683"
"1998519879","2097494663","1.28968"
"2097494663","1998519879","1.28968"
"1998519879","2145700761","0.111111"
"2145700761","1998519879","0.111111"
"2007022086","2107912893","0.789683"
"2107912893","2007022086","0.789683"
"2107912893","2145700761","0.111111"
"2145700761","2107912893","0.111111"
"1992345889","2010398592","30.875"
"2010398592","1992345889","30.875"
"1992345889","2014116953","2.125"
"2014116953","1992345889","2.125"
"2010398592","2014116953","2.95833"
"2014116953","2010398592","2.95833"
"1992345889","2580969380","4.04167"
"2580969380","1992345889","4.04167"
"2010398592","2580969380","0.875"
"2580969380","2010398592","0.875"
"1992345889","2548549162","8.54167"
"2548549162","1992345889","8.54167"
"1992345889","2577322449","0.375"
"2577322449","1992345889","0.375"
"2010398592","2548549162","1.375"
"2548549162","2010398592","1.375"
"2010398592","2577322449","0.375"
"2577322449","2010398592","0.375"
"2548549162","2577322449","0.875"
"2577322449","2548549162","0.875"
"2548549162","2580969380","3.875"
"2580969380","2548549162","3.875"
"2577322449","2580969380","1.625"
"2580969380","2577322449","1.625"
"1992345889","2238078713","0.791667"
"2238078713","1992345889","0.791667"
"2238078713","2548549162","1.325"
"2548549162","2238078713","1.325"
"1992345889","2077919660","0.166667"
"2077919660","1992345889","0.166667"
"1992345889","2145700761","0.291667"
"2145700761","1992345889","0.291667"
"1992345889","2789476037","0.166667"
"2789476037","1992345889","0.166667"
"2077919660","2238078713","3.5"
"2238078713","2077919660","3.5"
"2077919660","2548549162","0.166667"
"2548549162","2077919660","0.166667"
"2077919660","2580969380","0.416667"
"2580969380","2077919660","0.416667"
"2077919660","2789476037","0.166667"
"2789476037","2077919660","0.166667"
"2145700761","2548549162","1.29167"
"2548549162","2145700761","1.29167"
"2145700761","2580969380","0.541667"
"2580969380","2145700761","0.541667"
"2145700761","2789476037","0.5"
"2789476037","2145700761","0.5"
"2238078713","2580969380","1.70833"
"2580969380","2238078713","1.70833"
"2238078713","2789476037","2.15"
"2789476037","2238078713","2.15"
"2548549162","2789476037","0.7"
"2789476037","2548549162","0.7"
"2580969380","2789476037","0.833333"
"2789476037","2580969380","0.833333"
"1992345889","2056952837","0.5"
"2056952837","1992345889","0.5"
"2056952837","2580969380","0.5"
"2580969380","2056952837","0.5"
"1992345889","2046263206","0.125"
"2046263206","1992345889","0.125"
"2010398592","2046263206","0.125"
"2046263206","2010398592","0.125"
"2010398592","2145700761","0.125"
"2145700761","2010398592","0.125"
"2010398592","2238078713","0.125"
"2238078713","2010398592","0.125"
"2014116953","2238078713","2.125"
"2238078713","2014116953","2.125"
"2014116953","2548549162","0.125"
"2548549162","2014116953","0.125"
"2014116953","2577322449","0.125"
"2577322449","2014116953","0.125"
"2014116953","2580969380","0.125"
"2580969380","2014116953","0.125"
"2046263206","2548549162","0.125"
"2548549162","2046263206","0.125"
"2046263206","2580969380","0.125"
"2580969380","2046263206","0.125"
"1997650168","2121230168","1.23377"
"2121230168","1997650168","1.23377"
"1997650168","2158641656","0.233766"
"2158641656","1997650168","0.233766"
"2027479172","2121230168","3.68377"
"2121230168","2027479172","3.68377"
"2027479172","2158641656","1.73377"
"2158641656","2027479172","1.73377"
"2107912893","2158641656","0.233766"
"2158641656","2107912893","0.233766"
"2120785548","2158641656","0.233766"
"2158641656","2120785548","0.233766"
"2121230168","2158641656","0.233766"
"2158641656","2121230168","0.233766"
"2138877737","2158641656","0.233766"
"2158641656","2138877737","0.233766"
"2146781646","2158641656","0.233766"
"2158641656","2146781646","0.233766"
"1997650168","2046263206","1"
"2046263206","1997650168","1"
"2021680759","2107912893","0.2"
"2107912893","2021680759","0.2"
"2021680759","2138877737","0.2"
"2138877737","2021680759","0.2"
"1997650168","2134557343","1"
"2134557343","1997650168","1"
"2117577756","2158641656","0.0909091"
"2158641656","2117577756","0.0909091"
"2118114837","2158641656","0.0909091"
"2158641656","2118114837","0.0909091"
"2157949509","2158641656","1.59091"
"2158641656","2157949509","1.59091"
"2158641656","2162493549","0.0909091"
"2162493549","2158641656","0.0909091"
"2014116953","2027479172","0.592857"
"2027479172","2014116953","0.592857"
"2014116953","2042124591","0.642857"
"2042124591","2014116953","0.642857"
"2027479172","2097494663","0.142857"
"2097494663","2027479172","0.142857"
"2042124591","2097494663","0.142857"
"2097494663","2042124591","0.142857"
"2007022086","2027479172","0.75"
"2027479172","2007022086","0.75"
"2027479172","2145700761","0.25"
"2145700761","2027479172","0.25"
"1997650168","2014755981","1.33333"
"2014755981","1997650168","1.33333"
"2007022086","2407167388","0.75"
"2407167388","2007022086","0.75"
"2145700761","2407167388","1"
"2407167388","2145700761","1"
"2145700761","2157949509","0.5"
"2157949509","2145700761","0.5"
"1998519879","2014755981","0.333333"
"2014755981","1998519879","0.333333"
"1997650168","2010398592","0.333333"
"2010398592","1997650168","0.333333"
"2010398592","2407167388","0.333333"
"2407167388","2010398592","0.333333"
"2007022086","2036665412","0.5"
"2036665412","2007022086","0.5"
"2007022086","2157949509","0.5"
"2157949509","2007022086","0.5"
"2138824333","2407167388","0.5"
"2407167388","2138824333","0.5"
"2007022086","2159827217","0.5"
"2159827217","2007022086","0.5"
"2138824333","2159827217","0.5"
"2159827217","2138824333","0.5"
"2107912893","2407167388","0.25"
"2407167388","2107912893","0.25"
"2009130747","2021680759","1.58333"
"2021680759","2009130747","1.58333"
"2009130747","2145700761","1.58333"
"2145700761","2009130747","1.58333"
"2009130747","2046263206","0.583333"
"2046263206","2009130747","0.583333"
"2009130747","2238078713","0.25"
"2238078713","2009130747","0.25"
"2021680759","2238078713","0.75"
"2238078713","2021680759","0.75"
"2010398592","2017974706","0.5"
"2017974706","2010398592","0.5"
"2010887646","2021680759","1"
"2021680759","2010887646","1"
"2014116953","2159827217","1"
"2159827217","2014116953","1"
"2014755981","2126399635","1"
"2126399635","2014755981","1"
"2014755981","2407167388","2"
"2407167388","2014755981","2"
"2014755981","2646484260","2"
"2646484260","2014755981","2"
"2021680759","2119811370","0.833333"
"2119811370","2021680759","0.833333"
"2021680759","2117577756","0.5"
"2117577756","2021680759","0.5"
"2117577756","2134557343","0.5"
"2134557343","2117577756","0.5"
"2027479172","2047573930","0.25"
"2047573930","2027479172","0.25"
"2047573930","2121230168","0.25"
"2121230168","2047573930","0.25"
"2047573930","2138877737","0.25"
"2138877737","2047573930","0.25"
"2042124591","2056952837","0.25"
"2056952837","2042124591","0.25"
"2042124591","2119811370","0.25"
"2119811370","2042124591","0.25"
"2042124591","2238078713","0.25"
"2238078713","2042124591","0.25"
"2042124591","2395052532","0.25"
"2395052532","2042124591","0.25"
"2056952837","2119811370","3.31667"
"2119811370","2056952837","3.31667"
"2056952837","2238078713","2.15"
"2238078713","2056952837","2.15"
"2056952837","2395052532","8.9"
"2395052532","2056952837","8.9"
"2119811370","2395052532","2.76667"
"2395052532","2119811370","2.76667"
"2238078713","2395052532","3.1"
"2395052532","2238078713","3.1"
"2046263206","2056952837","0.783333"
"2056952837","2046263206","0.783333"
"2056952837","2077919660","1.08333"
"2077919660","2056952837","1.08333"
"2056952837","2145700761","1.53333"
"2145700761","2056952837","1.53333"
"2046263206","2395052532","0.2"
"2395052532","2046263206","0.2"
"2145700761","2395052532","0.2"
"2395052532","2145700761","0.2"
"2046263206","2619825482","1"
"2619825482","2046263206","1"
"2046263206","2463537704","1"
"2463537704","2046263206","1"
"2047573930","2118114837","0.5"
"2118114837","2047573930","0.5"
"2047573930","2138824333","0.5"
"2138824333","2047573930","0.5"
"2118114837","2138824333","0.5"
"2138824333","2118114837","0.5"
"2047573930","2119811370","0.2"
"2119811370","2047573930","0.2"
"2047573930","2238078713","0.2"
"2238078713","2047573930","0.2"
"2047573930","2395052532","0.2"
"2395052532","2047573930","0.2"
"2047573930","2548549162","0.2"
"2548549162","2047573930","0.2"
"2047573930","2789476037","0.2"
"2789476037","2047573930","0.2"
"2119811370","2548549162","0.2"
"2548549162","2119811370","0.2"
"2119811370","2789476037","2.98333"
"2789476037","2119811370","2.98333"
"2395052532","2548549162","0.2"
"2548549162","2395052532","0.2"
"2395052532","2789476037","0.983333"
"2789476037","2395052532","0.983333"
"2056952837","2463537704","0.5"
"2463537704","2056952837","0.5"
"2395052532","2463537704","0.5"
"2463537704","2395052532","0.5"
"2056952837","2789476037","0.783333"
"2789476037","2056952837","0.783333"
"2056952837","2882984136","1.7"
"2882984136","2056952837","1.7"
"2119811370","2882984136","0.2"
"2882984136","2119811370","0.2"
"2238078713","2882984136","0.2"
"2882984136","2238078713","0.2"
"2395052532","2882984136","0.7"
"2882984136","2395052532","0.7"
"2789476037","2882984136","0.2"
"2882984136","2789476037","0.2"
"2077919660","2577322449","1.25"
"2577322449","2077919660","1.25"
"2107912893","2134557343","0.333333"
"2134557343","2107912893","0.333333"
"2134557343","2138877737","0.333333"
"2138877737","2134557343","0.333333"
"2134557343","2157949509","0.333333"
"2157949509","2134557343","0.333333"
"2117577756","2159827217","1.5"
"2159827217","2117577756","1.5"
"2119811370","2134557343","1"
"2134557343","2119811370","1"
"2119811370","2580969380","0.833333"
"2580969380","2119811370","0.833333"
"2126399635","2145700761","1.33333"
"2145700761","2126399635","1.33333"
"2126399635","2238078713","0.333333"
"2238078713","2126399635","0.333333"
"2126399635","2789476037","0.333333"
"2789476037","2126399635","0.333333"
"2134557343","2145700761","1"
"2145700761","2134557343","1"
"2138824333","2238078713","1"
"2238078713","2138824333","1"
"2145700761","2463537704","1"
"2463537704","2145700761","1"
"2463537704","2577322449","0.5"
"2577322449","2463537704","0.5"
"2463537704","2580969380","0.5"
"2580969380","2463537704","0.5"
"2561301563","2646484260","3"
"2646484260","2561301563","3"
"2561301563","2580969380","2"
"2580969380","2561301563","2"
"2577322449","2598631485","1"
"2598631485","2577322449","1"
"2577322449","2789476037","1"
"2789476037","2577322449","1"
