"1042433105","1531863592","1.04348"
"1531863592","1042433105","1.04348"
"1042433105","1494602276","0.843186"
"1494602276","1042433105","0.843186"
"1042433105","1560577375","0.509853"
"1560577375","1042433105","0.509853"
"1042433105","1583132200","0.509853"
"1583132200","1042433105","0.509853"
"1042433105","1607492755","0.509853"
"1607492755","1042433105","0.509853"
"1042433105","1769916008","0.509853"
"1769916008","1042433105","0.509853"
"1042433105","1774892547","0.843186"
"1774892547","1042433105","0.843186"
"1042433105","1783327413","0.509853"
"1783327413","1042433105","0.509853"
"1042433105","1795062570","1.70985"
"1795062570","1042433105","1.70985"
"1042433105","1856876674","0.509853"
"1856876674","1042433105","0.509853"
"1042433105","1888451765","0.509853"
"1888451765","1042433105","0.509853"
"1042433105","1895443825","0.509853"
"1895443825","1042433105","0.509853"
"1042433105","1897831868","0.843186"
"1897831868","1042433105","0.843186"
"1042433105","1913615978","0.843186"
"1913615978","1042433105","0.843186"
"1042433105","1958943705","0.509853"
"1958943705","1042433105","0.509853"
"1042433105","1961002413","1.04319"
"1961002413","1042433105","1.04319"
"1042433105","2148010781","0.509853"
"2148010781","1042433105","0.509853"
"1042433105","2152445362","0.509853"
"2152445362","1042433105","0.509853"
"1042433105","2205842542","0.126812"
"2205842542","1042433105","0.126812"
"1042433105","2209969054","1.50985"
"2209969054","1042433105","1.50985"
"1042433105","2245205758","0.460145"
"2245205758","1042433105","0.460145"
"1042433105","2269107750","0.291097"
"2269107750","1042433105","0.291097"
"1494602276","1560577375","0.509853"
"1560577375","1494602276","0.509853"
"1494602276","1583132200","0.676519"
"1583132200","1494602276","0.676519"
"1494602276","1607492755","2.05236"
"1607492755","1494602276","2.05236"
"1494602276","1769916008","3.04595"
"1769916008","1494602276","3.04595"
"1494602276","1774892547","5.62928"
"1774892547","1494602276","5.62928"
"1494602276","1783327413","2.03837"
"1783327413","1494602276","2.03837"
"1494602276","1795062570","2.03837"
"1795062570","1494602276","2.03837"
"1494602276","1856876674","1.13989"
"1856876674","1494602276","1.13989"
"1494602276","1888451765","1.77928"
"1888451765","1494602276","1.77928"
"1494602276","1895443825","1.57928"
"1895443825","1494602276","1.57928"
"1494602276","1897831868","6.62928"
"1897831868","1494602276","6.62928"
"1494602276","1913615978","1.69595"
"1913615978","1494602276","1.69595"
"1494602276","1958943705","2.70504"
"1958943705","1494602276","2.70504"
"1494602276","1961002413","2.62928"
"1961002413","1494602276","2.62928"
"1494602276","2148010781","0.819376"
"2148010781","1494602276","0.819376"
"1494602276","2152445362","1.77928"
"2152445362","1494602276","1.77928"
"1494602276","2205842542","0.126812"
"2205842542","1494602276","0.126812"
"1494602276","2209969054","0.586776"
"2209969054","1494602276","0.586776"
"1494602276","2245205758","0.126812"
"2245205758","1494602276","0.126812"
"1494602276","2269107750","0.0910973"
"2269107750","1494602276","0.0910973"
"1560577375","1583132200","6.66176"
"1583132200","1560577375","6.66176"
"1560577375","1607492755","2.2689"
"1607492755","1560577375","2.2689"
"1560577375","1769916008","0.509853"
"1769916008","1560577375","0.509853"
"1560577375","1774892547","0.509853"
"1774892547","1560577375","0.509853"
"1560577375","1783327413","2.0689"
"1783327413","1560577375","2.0689"
"1560577375","1795062570","1.66355"
"1795062570","1560577375","1.66355"
"1560577375","1856876674","2.2689"
"1856876674","1560577375","2.2689"
"1560577375","1888451765","2.0689"
"1888451765","1560577375","2.0689"
"1560577375","1895443825","2.0689"
"1895443825","1560577375","2.0689"
"1560577375","1897831868","0.509853"
"1897831868","1560577375","0.509853"
"1560577375","1913615978","2.0689"
"1913615978","1560577375","2.0689"
"1560577375","1958943705","1.79271"
"1958943705","1560577375","1.79271"
"1560577375","1961002413","2.3189"
"1961002413","1560577375","2.3189"
"1560577375","2148010781","3.3189"
"2148010781","1560577375","3.3189"
"1560577375","2152445362","2.0689"
"2152445362","1560577375","2.0689"
"1560577375","2205842542","0.126812"
"2205842542","1560577375","0.126812"
"1560577375","2209969054","0.509853"
"2209969054","1560577375","0.509853"
"1560577375","2245205758","1.68586"
"2245205758","1560577375","1.68586"
"1560577375","2269107750","1.65015"
"2269107750","1560577375","1.65015"
"1583132200","1607492755","2.2689"
"1607492755","1583132200","2.2689"
"1583132200","1769916008","0.509853"
"1769916008","1583132200","0.509853"
"1583132200","1774892547","0.676519"
"1774892547","1583132200","0.676519"
"1583132200","1783327413","2.0689"
"1783327413","1583132200","2.0689"
"1583132200","1795062570","2.66355"
"1795062570","1583132200","2.66355"
"1583132200","1856876674","2.60224"
"1856876674","1583132200","2.60224"
"1583132200","1888451765","2.0689"
"1888451765","1583132200","2.0689"
"1583132200","1895443825","2.0689"
"1895443825","1583132200","2.0689"
"1583132200","1897831868","0.676519"
"1897831868","1583132200","0.676519"
"1583132200","1913615978","2.0689"
"1913615978","1583132200","2.0689"
"1583132200","1958943705","1.95938"
"1958943705","1583132200","1.95938"
"1583132200","1961002413","2.48557"
"1961002413","1583132200","2.48557"
"1583132200","2148010781","2.48557"
"2148010781","1583132200","2.48557"
"1583132200","2152445362","2.40224"
"2152445362","1583132200","2.40224"
"1583132200","2205842542","0.126812"
"2205842542","1583132200","0.126812"
"1583132200","2209969054","0.509853"
"2209969054","1583132200","0.509853"
"1583132200","2245205758","1.68586"
"2245205758","1583132200","1.68586"
"1583132200","2269107750","1.65015"
"2269107750","1583132200","1.65015"
"1607492755","1769916008","1.96903"
"1769916008","1607492755","1.96903"
"1607492755","1774892547","2.05236"
"1774892547","1607492755","2.05236"
"1607492755","1783327413","5.06495"
"1783327413","1607492755","5.06495"
"1607492755","1795062570","3.65959"
"1795062570","1607492755","3.65959"
"1607492755","1856876674","5.36646"
"1856876674","1607492755","5.36646"
"1607492755","1888451765","4.30586"
"1888451765","1607492755","4.30586"
"1607492755","1895443825","3.60586"
"1895443825","1607492755","3.60586"
"1607492755","1897831868","2.05236"
"1897831868","1607492755","2.05236"
"1607492755","1913615978","4.22252"
"1913615978","1607492755","4.22252"
"1607492755","1958943705","3.78876"
"1958943705","1607492755","3.78876"
"1607492755","1961002413","3.88919"
"1961002413","1607492755","3.88919"
"1607492755","2148010781","2.21176"
"2148010781","1607492755","2.21176"
"1607492755","2152445362","3.80586"
"2152445362","1607492755","3.80586"
"1607492755","2205842542","0.126812"
"2205842542","1607492755","0.126812"
"1607492755","2209969054","0.509853"
"2209969054","1607492755","0.509853"
"1607492755","2245205758","1.68586"
"2245205758","1607492755","1.68586"
"1607492755","2269107750","1.75015"
"2269107750","1607492755","1.75015"
"1769916008","1774892547","2.54595"
"1774892547","1769916008","2.54595"
"1769916008","1783327413","1.95504"
"1783327413","1769916008","1.95504"
"1769916008","1795062570","1.95504"
"1795062570","1769916008","1.95504"
"1769916008","1856876674","1.05656"
"1856876674","1769916008","1.05656"
"1769916008","1888451765","1.69595"
"1888451765","1769916008","1.69595"
"1769916008","1895443825","1.49595"
"1895443825","1769916008","1.49595"
"1769916008","1897831868","2.54595"
"1897831868","1769916008","2.54595"
"1769916008","1913615978","1.61262"
"1913615978","1769916008","1.61262"
"1769916008","1958943705","2.45504"
"1958943705","1769916008","2.45504"
"1769916008","1961002413","2.37928"
"1961002413","1769916008","2.37928"
"1769916008","2148010781","0.65271"
"2148010781","1769916008","0.65271"
"1769916008","2152445362","1.69595"
"2152445362","1769916008","1.69595"
"1769916008","2205842542","1.12681"
"2205842542","1769916008","1.12681"
"1769916008","2209969054","0.586776"
"2209969054","1769916008","0.586776"
"1769916008","2245205758","0.126812"
"2245205758","1769916008","0.126812"
"1769916008","2269107750","0.0910973"
"2269107750","1769916008","0.0910973"
"1774892547","1783327413","2.03837"
"1783327413","1774892547","2.03837"
"1774892547","1795062570","2.03837"
"1795062570","1774892547","2.03837"
"1774892547","1856876674","1.13989"
"1856876674","1774892547","1.13989"
"1774892547","1888451765","1.77928"
"1888451765","1774892547","1.77928"
"1774892547","1895443825","1.57928"
"1895443825","1774892547","1.57928"
"1774892547","1897831868","5.62928"
"1897831868","1774892547","5.62928"
"1774892547","1913615978","1.69595"
"1913615978","1774892547","1.69595"
"1774892547","1958943705","2.20504"
"1958943705","1774892547","2.20504"
"1774892547","1961002413","2.62928"
"1961002413","1774892547","2.62928"
"1774892547","2148010781","0.819376"
"2148010781","1774892547","0.819376"
"1774892547","2152445362","1.77928"
"2152445362","1774892547","1.77928"
"1774892547","2205842542","0.126812"
"2205842542","1774892547","0.126812"
"1774892547","2209969054","0.586776"
"2209969054","1774892547","0.586776"
"1774892547","2245205758","0.126812"
"2245205758","1774892547","0.126812"
"1774892547","2269107750","0.0910973"
"2269107750","1774892547","0.0910973"
"1783327413","1795062570","3.6456"
"1795062570","1783327413","3.6456"
"1783327413","1856876674","3.24338"
"1856876674","1783327413","3.24338"
"1783327413","1888451765","3.79187"
"1888451765","1783327413","3.79187"
"1783327413","1895443825","3.59187"
"1895443825","1783327413","3.59187"
"1783327413","1897831868","2.03837"
"1897831868","1783327413","2.03837"
"1783327413","1913615978","3.70854"
"1913615978","1783327413","3.70854"
"1783327413","1958943705","3.77477"
"1958943705","1783327413","3.77477"
"1783327413","1961002413","3.8752"
"1961002413","1783327413","3.8752"
"1783327413","2148010781","2.21176"
"2148010781","1783327413","2.21176"
"1783327413","2152445362","3.79187"
"2152445362","1783327413","3.79187"
"1783327413","2205842542","0.126812"
"2205842542","1783327413","0.126812"
"1783327413","2209969054","0.586776"
"2209969054","1783327413","0.586776"
"1783327413","2245205758","1.68586"
"2245205758","1783327413","1.68586"
"1783327413","2269107750","1.75015"
"2269107750","1783327413","1.75015"
"1795062570","1856876674","2.83803"
"1856876674","1795062570","2.83803"
"1795062570","1888451765","3.38651"
"1888451765","1795062570","3.38651"
"1795062570","1895443825","3.18651"
"1895443825","1795062570","3.18651"
"1795062570","1897831868","2.03837"
"1897831868","1795062570","2.03837"
"1795062570","1913615978","3.30318"
"1913615978","1795062570","3.30318"
"1795062570","1958943705","3.6456"
"1958943705","1795062570","3.6456"
"1795062570","1961002413","3.66985"
"1961002413","1795062570","3.66985"
"1795062570","2148010781","1.8064"
"2148010781","1795062570","1.8064"
"1795062570","2152445362","3.38651"
"2152445362","1795062570","3.38651"
"1795062570","2205842542","0.126812"
"2205842542","1795062570","0.126812"
"1795062570","2209969054","0.586776"
"2209969054","1795062570","0.586776"
"1795062570","2245205758","1.28051"
"2245205758","1795062570","1.28051"
"1795062570","2269107750","1.54479"
"2269107750","1795062570","1.54479"
"1856876674","1888451765","3.24338"
"1888451765","1856876674","3.24338"
"1856876674","1895443825","3.24338"
"1895443825","1856876674","3.24338"
"1856876674","1897831868","1.13989"
"1897831868","1856876674","1.13989"
"1856876674","1913615978","3.16005"
"1913615978","1856876674","3.16005"
"1856876674","1958943705","2.96719"
"1958943705","1856876674","2.96719"
"1856876674","1961002413","2.97672"
"1961002413","1856876674","2.97672"
"1856876674","2148010781","2.21176"
"2148010781","1856876674","2.21176"
"1856876674","2152445362","3.57672"
"2152445362","1856876674","3.57672"
"1856876674","2205842542","0.126812"
"2205842542","1856876674","0.126812"
"1856876674","2209969054","0.586776"
"2209969054","1856876674","0.586776"
"1856876674","2245205758","1.68586"
"2245205758","1856876674","1.68586"
"1856876674","2269107750","1.75015"
"2269107750","1856876674","1.75015"
"1888451765","1895443825","3.68278"
"1895443825","1888451765","3.68278"
"1888451765","1897831868","1.77928"
"1897831868","1888451765","1.77928"
"1888451765","1913615978","4.19945"
"1913615978","1888451765","4.19945"
"1888451765","1958943705","3.51568"
"1958943705","1888451765","3.51568"
"1888451765","1961002413","3.61611"
"1961002413","1888451765","3.61611"
"1888451765","2148010781","2.21176"
"2148010781","1888451765","2.21176"
"1888451765","2152445362","3.78278"
"2152445362","1888451765","3.78278"
"1888451765","2205842542","0.126812"
"2205842542","1888451765","0.126812"
"1888451765","2209969054","0.586776"
"2209969054","1888451765","0.586776"
"1888451765","2245205758","1.68586"
"2245205758","1888451765","1.68586"
"1888451765","2269107750","1.75015"
"2269107750","1888451765","1.75015"
"1895443825","1897831868","1.57928"
"1897831868","1895443825","1.57928"
"1895443825","1913615978","3.59945"
"1913615978","1895443825","3.59945"
"1895443825","1958943705","3.31568"
"1958943705","1895443825","3.31568"
"1895443825","1961002413","3.41611"
"1961002413","1895443825","3.41611"
"1895443825","2148010781","2.21176"
"2148010781","1895443825","2.21176"
"1895443825","2152445362","3.68278"
"2152445362","1895443825","3.68278"
"1895443825","2205842542","0.126812"
"2205842542","1895443825","0.126812"
"1895443825","2209969054","0.586776"
"2209969054","1895443825","0.586776"
"1895443825","2245205758","1.68586"
"2245205758","1895443825","1.68586"
"1895443825","2269107750","1.75015"
"2269107750","1895443825","1.75015"
"1897831868","1913615978","1.69595"
"1913615978","1897831868","1.69595"
"1897831868","1958943705","2.20504"
"1958943705","1897831868","2.20504"
"1897831868","1961002413","2.62928"
"1961002413","1897831868","2.62928"
"1897831868","2148010781","0.819376"
"2148010781","1897831868","0.819376"
"1897831868","2152445362","1.77928"
"2152445362","1897831868","1.77928"
"1897831868","2205842542","1.12681"
"2205842542","1897831868","1.12681"
"1897831868","2209969054","0.586776"
"2209969054","1897831868","0.586776"
"1897831868","2245205758","0.126812"
"2245205758","1897831868","0.126812"
"1897831868","2269107750","0.0910973"
"2269107750","1897831868","0.0910973"
"1913615978","1958943705","3.43235"
"1958943705","1913615978","3.43235"
"1913615978","1961002413","4.43278"
"1961002413","1913615978","4.43278"
"1913615978","2148010781","2.21176"
"2148010781","1913615978","2.21176"
"1913615978","2152445362","3.69945"
"2152445362","1913615978","3.69945"
"1913615978","2205842542","0.126812"
"2205842542","1913615978","0.126812"
"1913615978","2209969054","0.586776"
"2209969054","1913615978","0.586776"
"1913615978","2245205758","2.0192"
"2245205758","1913615978","2.0192"
"1913615978","2269107750","1.75015"
"2269107750","1913615978","1.75015"
"1958943705","1961002413","3.76568"
"1961002413","1958943705","3.76568"
"1958943705","2148010781","2.10224"
"2148010781","1958943705","2.10224"
"1958943705","2152445362","3.51568"
"2152445362","1958943705","3.51568"
"1958943705","2205842542","0.126812"
"2205842542","1958943705","0.126812"
"1958943705","2209969054","0.586776"
"2209969054","1958943705","0.586776"
"1958943705","2245205758","1.40967"
"2245205758","1958943705","1.40967"
"1958943705","2269107750","1.47396"
"2269107750","1958943705","1.47396"
"1961002413","2148010781","2.62843"
"2148010781","1961002413","2.62843"
"1961002413","2152445362","4.11611"
"2152445362","1961002413","4.11611"
"1961002413","2205842542","0.126812"
"2205842542","1961002413","0.126812"
"1961002413","2209969054","0.586776"
"2209969054","1961002413","0.586776"
"1961002413","2245205758","2.5192"
"2245205758","1961002413","2.5192"
"1961002413","2269107750","1.85015"
"2269107750","1961002413","1.85015"
"2148010781","2152445362","2.21176"
"2152445362","2148010781","2.21176"
"2148010781","2205842542","0.126812"
"2205842542","2148010781","0.126812"
"2148010781","2209969054","0.509853"
"2209969054","2148010781","0.509853"
"2148010781","2245205758","1.68586"
"2245205758","2148010781","1.68586"
"2148010781","2269107750","1.65015"
"2269107750","2148010781","1.65015"
"2152445362","2205842542","0.126812"
"2205842542","2152445362","0.126812"
"2152445362","2209969054","0.586776"
"2209969054","2152445362","0.586776"
"2152445362","2245205758","2.68586"
"2245205758","2152445362","2.68586"
"2152445362","2269107750","2.25015"
"2269107750","2152445362","2.25015"
"2205842542","2209969054","0.126812"
"2209969054","2205842542","0.126812"
"2205842542","2245205758","0.126812"
"2245205758","2205842542","0.126812"
"2205842542","2269107750","0.0910973"
"2269107750","2205842542","0.0910973"
"2209969054","2245205758","0.126812"
"2245205758","2209969054","0.126812"
"2209969054","2269107750","0.0910973"
"2269107750","2209969054","0.0910973"
"2245205758","2269107750","2.15015"
"2269107750","2245205758","2.15015"
"1042433105","1555424797","0.333333"
"1555424797","1042433105","0.333333"
"1042433105","1934158818","0.333333"
"1934158818","1042433105","0.333333"
"1042433105","2738848101","0.333333"
"2738848101","1042433105","0.333333"
"1555424797","1913615978","0.333333"
"1913615978","1555424797","0.333333"
"1555424797","1934158818","1.83333"
"1934158818","1555424797","1.83333"
"1555424797","1961002413","0.333333"
"1961002413","1555424797","0.333333"
"1555424797","2245205758","0.333333"
"2245205758","1555424797","0.333333"
"1555424797","2738848101","0.333333"
"2738848101","1555424797","0.333333"
"1913615978","1934158818","0.333333"
"1934158818","1913615978","0.333333"
"1913615978","2738848101","0.333333"
"2738848101","1913615978","0.333333"
"1934158818","1961002413","0.333333"
"1961002413","1934158818","0.333333"
"1934158818","2245205758","0.333333"
"2245205758","1934158818","0.333333"
"1934158818","2738848101","0.333333"
"2738848101","1934158818","0.333333"
"1961002413","2738848101","0.333333"
"2738848101","1961002413","0.333333"
"2245205758","2738848101","0.333333"
"2738848101","2245205758","0.333333"
"1042433105","176284869","0.0434783"
"176284869","1042433105","0.0434783"
"1494602276","1531863592","0.0434783"
"1531863592","1494602276","0.0434783"
"1494602276","176284869","0.0434783"
"176284869","1494602276","0.0434783"
"1531863592","1560577375","0.186335"
"1560577375","1531863592","0.186335"
"1531863592","1583132200","0.186335"
"1583132200","1531863592","0.186335"
"1531863592","1607492755","4.04348"
"1607492755","1531863592","4.04348"
"1531863592","176284869","0.0434783"
"176284869","1531863592","0.0434783"
"1531863592","1769916008","0.0434783"
"1769916008","1531863592","0.0434783"
"1531863592","1774892547","0.0434783"
"1774892547","1531863592","0.0434783"
"1531863592","1783327413","0.0434783"
"1783327413","1531863592","0.0434783"
"1531863592","1795062570","0.0434783"
"1795062570","1531863592","0.0434783"
"1531863592","1856876674","0.0434783"
"1856876674","1531863592","0.0434783"
"1531863592","1888451765","0.0434783"
"1888451765","1531863592","0.0434783"
"1531863592","1895443825","0.0434783"
"1895443825","1531863592","0.0434783"
"1531863592","1897831868","0.0434783"
"1897831868","1531863592","0.0434783"
"1531863592","1913615978","0.0434783"
"1913615978","1531863592","0.0434783"
"1531863592","1958943705","0.0434783"
"1958943705","1531863592","0.0434783"
"1531863592","1961002413","0.0434783"
"1961002413","1531863592","0.0434783"
"1531863592","2148010781","0.0434783"
"2148010781","1531863592","0.0434783"
"1531863592","2152445362","0.0434783"
"2152445362","1531863592","0.0434783"
"1531863592","2205842542","0.0434783"
"2205842542","1531863592","0.0434783"
"1531863592","2209969054","0.0434783"
"2209969054","1531863592","0.0434783"
"1531863592","2245205758","0.0434783"
"2245205758","1531863592","0.0434783"
"1531863592","2269107750","0.0434783"
"2269107750","1531863592","0.0434783"
"1560577375","176284869","0.0434783"
"176284869","1560577375","0.0434783"
"1583132200","176284869","0.376812"
"176284869","1583132200","0.376812"
"1607492755","176284869","0.143478"
"176284869","1607492755","0.143478"
"176284869","1769916008","0.0434783"
"1769916008","176284869","0.0434783"
"176284869","1774892547","0.0434783"
"1774892547","176284869","0.0434783"
"176284869","1783327413","0.143478"
"1783327413","176284869","0.143478"
"176284869","1795062570","0.143478"
"1795062570","176284869","0.143478"
"176284869","1856876674","0.476812"
"1856876674","176284869","0.476812"
"176284869","1888451765","0.143478"
"1888451765","176284869","0.143478"
"176284869","1895443825","0.143478"
"1895443825","176284869","0.143478"
"176284869","1897831868","0.0434783"
"1897831868","176284869","0.0434783"
"176284869","1913615978","0.143478"
"1913615978","176284869","0.143478"
"176284869","1958943705","0.143478"
"1958943705","176284869","0.143478"
"176284869","1961002413","0.0434783"
"1961002413","176284869","0.0434783"
"176284869","2148010781","0.0434783"
"2148010781","176284869","0.0434783"
"176284869","2152445362","0.476812"
"2152445362","176284869","0.476812"
"176284869","2205842542","0.0434783"
"2205842542","176284869","0.0434783"
"176284869","2209969054","0.0434783"
"2209969054","176284869","0.0434783"
"176284869","2245205758","5.04348"
"2245205758","176284869","5.04348"
"176284869","2269107750","0.143478"
"2269107750","176284869","0.143478"
"1042433105","1582234430","0.105263"
"1582234430","1042433105","0.105263"
"1494602276","1582234430","0.105263"
"1582234430","1494602276","0.105263"
"1560577375","1582234430","0.105263"
"1582234430","1560577375","0.105263"
"1582234430","1583132200","0.105263"
"1583132200","1582234430","0.105263"
"1582234430","1607492755","0.105263"
"1607492755","1582234430","0.105263"
"1582234430","1769916008","0.105263"
"1769916008","1582234430","0.105263"
"1582234430","1774892547","0.105263"
"1774892547","1582234430","0.105263"
"1582234430","1783327413","0.105263"
"1783327413","1582234430","0.105263"
"1582234430","1795062570","0.105263"
"1795062570","1582234430","0.105263"
"1582234430","1856876674","0.105263"
"1856876674","1582234430","0.105263"
"1582234430","1888451765","0.105263"
"1888451765","1582234430","0.105263"
"1582234430","1895443825","0.105263"
"1895443825","1582234430","0.105263"
"1582234430","1897831868","0.105263"
"1897831868","1582234430","0.105263"
"1582234430","1913615978","0.105263"
"1913615978","1582234430","0.105263"
"1582234430","1958943705","0.105263"
"1958943705","1582234430","0.105263"
"1582234430","1961002413","0.105263"
"1961002413","1582234430","0.105263"
"1582234430","2148010781","0.105263"
"2148010781","1582234430","0.105263"
"1582234430","2152445362","0.105263"
"2152445362","1582234430","0.105263"
"1582234430","2209969054","0.105263"
"2209969054","1582234430","0.105263"
"1042433105","2264777594","0.2"
"2264777594","1042433105","0.2"
"1042433105","2269902678","0.235714"
"2269902678","1042433105","0.235714"
"1795062570","2264777594","0.2"
"2264777594","1795062570","0.2"
"1795062570","2269902678","1.38941"
"2269902678","1795062570","1.38941"
"1961002413","2264777594","0.2"
"2264777594","1961002413","0.2"
"1961002413","2269902678","1.79477"
"2269902678","1961002413","1.79477"
"2264777594","2269107750","0.2"
"2269107750","2264777594","0.2"
"2264777594","2269902678","0.2"
"2269902678","2264777594","0.2"
"2269107750","2269902678","1.75905"
"2269902678","2269107750","1.75905"
"1042433105","1935583246","0.0357143"
"1935583246","1042433105","0.0357143"
"1042433105","1938957192","0.0357143"
"1938957192","1042433105","0.0357143"
"1042433105","2151423739","0.0357143"
"2151423739","1042433105","0.0357143"
"1042433105","2205653211","0.0357143"
"2205653211","1042433105","0.0357143"
"1042433105","2281528425","0.0357143"
"2281528425","1042433105","0.0357143"
"1042433105","2406653617","0.0357143"
"2406653617","1042433105","0.0357143"
"1042433105","2418956220","0.0357143"
"2418956220","1042433105","0.0357143"
"1494602276","1935583246","0.0357143"
"1935583246","1494602276","0.0357143"
"1494602276","1938957192","0.0357143"
"1938957192","1494602276","0.0357143"
"1494602276","2151423739","0.0357143"
"2151423739","1494602276","0.0357143"
"1494602276","2205653211","0.0357143"
"2205653211","1494602276","0.0357143"
"1494602276","2269902678","0.0357143"
"2269902678","1494602276","0.0357143"
"1494602276","2281528425","0.0357143"
"2281528425","1494602276","0.0357143"
"1494602276","2406653617","0.0357143"
"2406653617","1494602276","0.0357143"
"1494602276","2418956220","0.0357143"
"2418956220","1494602276","0.0357143"
"1560577375","1935583246","0.0357143"
"1935583246","1560577375","0.0357143"
"1560577375","1938957192","0.0357143"
"1938957192","1560577375","0.0357143"
"1560577375","2151423739","0.0357143"
"2151423739","1560577375","0.0357143"
"1560577375","2205653211","0.0357143"
"2205653211","1560577375","0.0357143"
"1560577375","2269902678","4.93762"
"2269902678","1560577375","4.93762"
"1560577375","2281528425","0.0357143"
"2281528425","1560577375","0.0357143"
"1560577375","2406653617","0.0357143"
"2406653617","1560577375","0.0357143"
"1560577375","2418956220","1.59477"
"2418956220","1560577375","1.59477"
"1583132200","1935583246","0.0357143"
"1935583246","1583132200","0.0357143"
"1583132200","1938957192","0.0357143"
"1938957192","1583132200","0.0357143"
"1583132200","2151423739","0.0357143"
"2151423739","1583132200","0.0357143"
"1583132200","2205653211","0.0357143"
"2205653211","1583132200","0.0357143"
"1583132200","2269902678","1.93762"
"2269902678","1583132200","1.93762"
"1583132200","2281528425","0.0357143"
"2281528425","1583132200","0.0357143"
"1583132200","2406653617","0.0357143"
"2406653617","1583132200","0.0357143"
"1583132200","2418956220","1.59477"
"2418956220","1583132200","1.59477"
"1607492755","1935583246","0.0357143"
"1935583246","1607492755","0.0357143"
"1607492755","1938957192","0.0357143"
"1938957192","1607492755","0.0357143"
"1607492755","2151423739","0.0357143"
"2151423739","1607492755","0.0357143"
"1607492755","2205653211","0.0357143"
"2205653211","1607492755","0.0357143"
"1607492755","2269902678","1.79477"
"2269902678","1607492755","1.79477"
"1607492755","2281528425","0.0357143"
"2281528425","1607492755","0.0357143"
"1607492755","2406653617","0.0357143"
"2406653617","1607492755","0.0357143"
"1607492755","2418956220","1.59477"
"2418956220","1607492755","1.59477"
"1769916008","1935583246","0.0357143"
"1935583246","1769916008","0.0357143"
"1769916008","1938957192","0.0357143"
"1938957192","1769916008","0.0357143"
"1769916008","2151423739","0.0357143"
"2151423739","1769916008","0.0357143"
"1769916008","2205653211","0.0357143"
"2205653211","1769916008","0.0357143"
"1769916008","2269902678","0.0357143"
"2269902678","1769916008","0.0357143"
"1769916008","2281528425","0.0357143"
"2281528425","1769916008","0.0357143"
"1769916008","2406653617","0.0357143"
"2406653617","1769916008","0.0357143"
"1769916008","2418956220","0.0357143"
"2418956220","1769916008","0.0357143"
"1774892547","1935583246","0.0357143"
"1935583246","1774892547","0.0357143"
"1774892547","1938957192","0.0357143"
"1938957192","1774892547","0.0357143"
"1774892547","2151423739","0.0357143"
"2151423739","1774892547","0.0357143"
"1774892547","2205653211","0.0357143"
"2205653211","1774892547","0.0357143"
"1774892547","2269902678","0.0357143"
"2269902678","1774892547","0.0357143"
"1774892547","2281528425","0.0357143"
"2281528425","1774892547","0.0357143"
"1774892547","2406653617","0.0357143"
"2406653617","1774892547","0.0357143"
"1774892547","2418956220","0.0357143"
"2418956220","1774892547","0.0357143"
"1783327413","1935583246","0.0357143"
"1935583246","1783327413","0.0357143"
"1783327413","1938957192","0.0357143"
"1938957192","1783327413","0.0357143"
"1783327413","2151423739","0.0357143"
"2151423739","1783327413","0.0357143"
"1783327413","2205653211","0.0357143"
"2205653211","1783327413","0.0357143"
"1783327413","2269902678","1.59477"
"2269902678","1783327413","1.59477"
"1783327413","2281528425","0.0357143"
"2281528425","1783327413","0.0357143"
"1783327413","2406653617","0.0357143"
"2406653617","1783327413","0.0357143"
"1783327413","2418956220","1.59477"
"2418956220","1783327413","1.59477"
"1795062570","1935583246","0.0357143"
"1935583246","1795062570","0.0357143"
"1795062570","1938957192","0.0357143"
"1938957192","1795062570","0.0357143"
"1795062570","2151423739","0.0357143"
"2151423739","1795062570","0.0357143"
"1795062570","2205653211","0.0357143"
"2205653211","1795062570","0.0357143"
"1795062570","2281528425","0.0357143"
"2281528425","1795062570","0.0357143"
"1795062570","2406653617","0.0357143"
"2406653617","1795062570","0.0357143"
"1795062570","2418956220","1.18941"
"2418956220","1795062570","1.18941"
"1856876674","1935583246","0.0357143"
"1935583246","1856876674","0.0357143"
"1856876674","1938957192","0.0357143"
"1938957192","1856876674","0.0357143"
"1856876674","2151423739","0.0357143"
"2151423739","1856876674","0.0357143"
"1856876674","2205653211","0.0357143"
"2205653211","1856876674","0.0357143"
"1856876674","2269902678","1.79477"
"2269902678","1856876674","1.79477"
"1856876674","2281528425","0.0357143"
"2281528425","1856876674","0.0357143"
"1856876674","2406653617","0.0357143"
"2406653617","1856876674","0.0357143"
"1856876674","2418956220","1.59477"
"2418956220","1856876674","1.59477"
"1888451765","1935583246","0.0357143"
"1935583246","1888451765","0.0357143"
"1888451765","1938957192","0.0357143"
"1938957192","1888451765","0.0357143"
"1888451765","2151423739","0.0357143"
"2151423739","1888451765","0.0357143"
"1888451765","2205653211","0.0357143"
"2205653211","1888451765","0.0357143"
"1888451765","2269902678","1.59477"
"2269902678","1888451765","1.59477"
"1888451765","2281528425","0.0357143"
"2281528425","1888451765","0.0357143"
"1888451765","2406653617","0.0357143"
"2406653617","1888451765","0.0357143"
"1888451765","2418956220","1.59477"
"2418956220","1888451765","1.59477"
"1895443825","1935583246","0.0357143"
"1935583246","1895443825","0.0357143"
"1895443825","1938957192","0.0357143"
"1938957192","1895443825","0.0357143"
"1895443825","2151423739","0.0357143"
"2151423739","1895443825","0.0357143"
"1895443825","2205653211","0.0357143"
"2205653211","1895443825","0.0357143"
"1895443825","2269902678","1.59477"
"2269902678","1895443825","1.59477"
"1895443825","2281528425","0.0357143"
"2281528425","1895443825","0.0357143"
"1895443825","2406653617","0.0357143"
"2406653617","1895443825","0.0357143"
"1895443825","2418956220","1.59477"
"2418956220","1895443825","1.59477"
"1897831868","1935583246","0.0357143"
"1935583246","1897831868","0.0357143"
"1897831868","1938957192","0.0357143"
"1938957192","1897831868","0.0357143"
"1897831868","2151423739","0.0357143"
"2151423739","1897831868","0.0357143"
"1897831868","2205653211","0.0357143"
"2205653211","1897831868","0.0357143"
"1897831868","2269902678","0.0357143"
"2269902678","1897831868","0.0357143"
"1897831868","2281528425","0.0357143"
"2281528425","1897831868","0.0357143"
"1897831868","2406653617","0.0357143"
"2406653617","1897831868","0.0357143"
"1897831868","2418956220","0.0357143"
"2418956220","1897831868","0.0357143"
"1913615978","1935583246","0.0357143"
"1935583246","1913615978","0.0357143"
"1913615978","1938957192","0.0357143"
"1938957192","1913615978","0.0357143"
"1913615978","2151423739","0.0357143"
"2151423739","1913615978","0.0357143"
"1913615978","2205653211","0.0357143"
"2205653211","1913615978","0.0357143"
"1913615978","2269902678","1.59477"
"2269902678","1913615978","1.59477"
"1913615978","2281528425","0.0357143"
"2281528425","1913615978","0.0357143"
"1913615978","2406653617","0.0357143"
"2406653617","1913615978","0.0357143"
"1913615978","2418956220","2.16143"
"2418956220","1913615978","2.16143"
"1935583246","1938957192","2.30238"
"1938957192","1935583246","2.30238"
"1935583246","1958943705","0.0357143"
"1958943705","1935583246","0.0357143"
"1935583246","1961002413","0.0357143"
"1961002413","1935583246","0.0357143"
"1935583246","2148010781","0.0357143"
"2148010781","1935583246","0.0357143"
"1935583246","2151423739","2.30238"
"2151423739","1935583246","2.30238"
"1935583246","2152445362","0.0357143"
"2152445362","1935583246","0.0357143"
"1935583246","2205653211","2.25238"
"2205653211","1935583246","2.25238"
"1935583246","2205842542","0.0357143"
"2205842542","1935583246","0.0357143"
"1935583246","2209969054","0.0357143"
"2209969054","1935583246","0.0357143"
"1935583246","2245205758","0.0357143"
"2245205758","1935583246","0.0357143"
"1935583246","2269902678","0.0357143"
"2269902678","1935583246","0.0357143"
"1935583246","2281528425","2.50238"
"2281528425","1935583246","2.50238"
"1935583246","2406653617","2.25238"
"2406653617","1935583246","2.25238"
"1935583246","2418956220","1.60238"
"2418956220","1935583246","1.60238"
"1938957192","1958943705","0.0357143"
"1958943705","1938957192","0.0357143"
"1938957192","1961002413","0.0357143"
"1961002413","1938957192","0.0357143"
"1938957192","2148010781","0.0357143"
"2148010781","1938957192","0.0357143"
"1938957192","2151423739","8.21905"
"2151423739","1938957192","8.21905"
"1938957192","2152445362","0.0357143"
"2152445362","1938957192","0.0357143"
"1938957192","2205653211","2.50238"
"2205653211","1938957192","2.50238"
"1938957192","2205842542","0.0357143"
"2205842542","1938957192","0.0357143"
"1938957192","2209969054","0.0357143"
"2209969054","1938957192","0.0357143"
"1938957192","2245205758","0.0357143"
"2245205758","1938957192","0.0357143"
"1938957192","2269902678","0.0357143"
"2269902678","1938957192","0.0357143"
"1938957192","2281528425","8.41905"
"2281528425","1938957192","8.41905"
"1938957192","2406653617","8.16905"
"2406653617","1938957192","8.16905"
"1938957192","2418956220","1.60238"
"2418956220","1938957192","1.60238"
"1958943705","2151423739","0.0357143"
"2151423739","1958943705","0.0357143"
"1958943705","2205653211","0.0357143"
"2205653211","1958943705","0.0357143"
"1958943705","2269902678","1.31857"
"2269902678","1958943705","1.31857"
"1958943705","2281528425","0.0357143"
"2281528425","1958943705","0.0357143"
"1958943705","2406653617","0.0357143"
"2406653617","1958943705","0.0357143"
"1958943705","2418956220","1.31857"
"2418956220","1958943705","1.31857"
"1961002413","2151423739","0.0357143"
"2151423739","1961002413","0.0357143"
"1961002413","2205653211","0.0357143"
"2205653211","1961002413","0.0357143"
"1961002413","2281528425","0.0357143"
"2281528425","1961002413","0.0357143"
"1961002413","2406653617","0.0357143"
"2406653617","1961002413","0.0357143"
"1961002413","2418956220","2.16143"
"2418956220","1961002413","2.16143"
"2148010781","2151423739","0.0357143"
"2151423739","2148010781","0.0357143"
"2148010781","2205653211","0.0357143"
"2205653211","2148010781","0.0357143"
"2148010781","2269902678","1.59477"
"2269902678","2148010781","1.59477"
"2148010781","2281528425","0.0357143"
"2281528425","2148010781","0.0357143"
"2148010781","2406653617","0.0357143"
"2406653617","2148010781","0.0357143"
"2148010781","2418956220","1.59477"
"2418956220","2148010781","1.59477"
"2151423739","2152445362","0.0357143"
"2152445362","2151423739","0.0357143"
"2151423739","2205653211","2.50238"
"2205653211","2151423739","2.50238"
"2151423739","2205842542","0.0357143"
"2205842542","2151423739","0.0357143"
"2151423739","2209969054","0.0357143"
"2209969054","2151423739","0.0357143"
"2151423739","2245205758","0.0357143"
"2245205758","2151423739","0.0357143"
"2151423739","2269902678","0.0357143"
"2269902678","2151423739","0.0357143"
"2151423739","2281528425","8.41905"
"2281528425","2151423739","8.41905"
"2151423739","2406653617","8.16905"
"2406653617","2151423739","8.16905"
"2151423739","2418956220","1.60238"
"2418956220","2151423739","1.60238"
"2152445362","2205653211","0.0357143"
"2205653211","2152445362","0.0357143"
"2152445362","2269902678","1.59477"
"2269902678","2152445362","1.59477"
"2152445362","2281528425","0.0357143"
"2281528425","2152445362","0.0357143"
"2152445362","2406653617","0.0357143"
"2406653617","2152445362","0.0357143"
"2152445362","2418956220","1.59477"
"2418956220","2152445362","1.59477"
"2205653211","2205842542","0.0357143"
"2205842542","2205653211","0.0357143"
"2205653211","2209969054","0.0357143"
"2209969054","2205653211","0.0357143"
"2205653211","2245205758","0.0357143"
"2245205758","2205653211","0.0357143"
"2205653211","2269902678","0.0357143"
"2269902678","2205653211","0.0357143"
"2205653211","2281528425","2.70238"
"2281528425","2205653211","2.70238"
"2205653211","2406653617","2.45238"
"2406653617","2205653211","2.45238"
"2205653211","2418956220","1.80238"
"2418956220","2205653211","1.80238"
"2205842542","2269902678","0.0357143"
"2269902678","2205842542","0.0357143"
"2205842542","2281528425","0.0357143"
"2281528425","2205842542","0.0357143"
"2205842542","2406653617","0.0357143"
"2406653617","2205842542","0.0357143"
"2205842542","2418956220","0.0357143"
"2418956220","2205842542","0.0357143"
"2209969054","2269902678","0.0357143"
"2269902678","2209969054","0.0357143"
"2209969054","2281528425","0.0357143"
"2281528425","2209969054","0.0357143"
"2209969054","2406653617","0.0357143"
"2406653617","2209969054","0.0357143"
"2209969054","2418956220","0.0357143"
"2418956220","2209969054","0.0357143"
"2245205758","2269902678","1.59477"
"2269902678","2245205758","1.59477"
"2245205758","2281528425","0.0357143"
"2281528425","2245205758","0.0357143"
"2245205758","2406653617","0.0357143"
"2406653617","2245205758","0.0357143"
"2245205758","2418956220","1.59477"
"2418956220","2245205758","1.59477"
"2269902678","2281528425","0.0357143"
"2281528425","2269902678","0.0357143"
"2269902678","2406653617","0.0357143"
"2406653617","2269902678","0.0357143"
"2269902678","2418956220","1.59477"
"2418956220","2269902678","1.59477"
"2281528425","2406653617","8.36905"
"2406653617","2281528425","8.36905"
"2281528425","2418956220","1.80238"
"2418956220","2281528425","1.80238"
"2406653617","2418956220","1.80238"
"2418956220","2406653617","1.80238"
"1491498501","1961002413","1.36667"
"1961002413","1491498501","1.36667"
"1491498501","2245205758","1"
"2245205758","1491498501","1"
"1491498501","1888451765","1"
"1888451765","1491498501","1"
"1491498501","1913615978","0.366667"
"1913615978","1491498501","0.366667"
"1491498501","2203068902","0.366667"
"2203068902","1491498501","0.366667"
"1491498501","2287770715","0.366667"
"2287770715","1491498501","0.366667"
"1491498501","2418956220","0.366667"
"2418956220","1491498501","0.366667"
"1491498501","954622332","0.166667"
"954622332","1491498501","0.166667"
"1913615978","2203068902","0.566667"
"2203068902","1913615978","0.566667"
"1913615978","2287770715","0.566667"
"2287770715","1913615978","0.566667"
"1913615978","954622332","0.366667"
"954622332","1913615978","0.366667"
"1961002413","2203068902","0.566667"
"2203068902","1961002413","0.566667"
"1961002413","2287770715","0.566667"
"2287770715","1961002413","0.566667"
"1961002413","954622332","0.366667"
"954622332","1961002413","0.366667"
"2203068902","2287770715","0.566667"
"2287770715","2203068902","0.566667"
"2203068902","2418956220","0.566667"
"2418956220","2203068902","0.566667"
"2203068902","954622332","1.36667"
"954622332","2203068902","1.36667"
"2287770715","2418956220","0.566667"
"2418956220","2287770715","0.566667"
"2287770715","954622332","0.366667"
"954622332","2287770715","0.366667"
"2418956220","954622332","0.366667"
"954622332","2418956220","0.366667"
"1531863592","1577372482","0.142857"
"1577372482","1531863592","0.142857"
"1531863592","1584584830","0.142857"
"1584584830","1531863592","0.142857"
"1531863592","2165833268","0.142857"
"2165833268","1531863592","0.142857"
"1531863592","2254351030","0.142857"
"2254351030","1531863592","0.142857"
"1531863592","2269902678","0.142857"
"2269902678","1531863592","0.142857"
"1560577375","1577372482","1.10252"
"1577372482","1560577375","1.10252"
"1560577375","1584584830","0.656682"
"1584584830","1560577375","0.656682"
"1560577375","2165833268","0.893376"
"2165833268","1560577375","0.893376"
"1560577375","2254351030","0.142857"
"2254351030","1560577375","0.142857"
"1577372482","1583132200","1.10252"
"1583132200","1577372482","1.10252"
"1577372482","1584584830","0.556682"
"1584584830","1577372482","0.556682"
"1577372482","2165833268","0.620174"
