"1011630013","2140190241","26.5833"
"2140190241","1011630013","26.5833"
"1011630013","2115482638","0.583333"
"2115482638","1011630013","0.583333"
"1011630013","2147694185","0.333333"
"2147694185","1011630013","0.333333"
"2115482638","2140190241","159.086"
"2140190241","2115482638","159.086"
"2115482638","2147694185","34.7679"
"2147694185","2115482638","34.7679"
"2140190241","2147694185","57.5476"
"2147694185","2140190241","57.5476"
"1011630013","1498871448","0.25"
"1498871448","1011630013","0.25"
"1011630013","2044306058","0.25"
"2044306058","1011630013","0.25"
"1498871448","2044306058","1.72619"
"2044306058","1498871448","1.72619"
"1498871448","2115482638","31.8357"
"2115482638","1498871448","31.8357"
"1498871448","2140190241","19.1266"
"2140190241","1498871448","19.1266"
"2044306058","2115482638","7.89286"
"2115482638","2044306058","7.89286"
"2044306058","2140190241","10.0524"
"2140190241","2044306058","10.0524"
"1011630013","2586196357","2"
"2586196357","1011630013","2"
"1011630013","2975373043","1"
"2975373043","1011630013","1"
"1039203944","2140190241","1"
"2140190241","1039203944","1"
"110175884","2162034534","136.046"
"2162034534","110175884","136.046"
"110175884","1990800901","15.2849"
"1990800901","110175884","15.2849"
"110175884","2168196587","10.8516"
"2168196587","110175884","10.8516"
"1990800901","2168196587","90.0694"
"2168196587","1990800901","90.0694"
"110175884","2064853889","199.843"
"2064853889","110175884","199.843"
"110175884","2115482638","40.819"
"2115482638","110175884","40.819"
"110175884","2148693963","21.3325"
"2148693963","110175884","21.3325"
"2115482638","2148693963","13.7512"
"2148693963","2115482638","13.7512"
"110175884","2047057728","0.866667"
"2047057728","110175884","0.866667"
"110175884","2115672635","0.866667"
"2115672635","110175884","0.866667"
"110175884","2171297427","1.22778"
"2171297427","110175884","1.22778"
"2047057728","2115672635","2.2"
"2115672635","2047057728","2.2"
"2047057728","2171297427","1.2"
"2171297427","2047057728","1.2"
"2115672635","2171297427","3.28333"
"2171297427","2115672635","3.28333"
"110175884","1584003909","7.51071"
"1584003909","110175884","7.51071"
"1584003909","2064853889","39.1155"
"2064853889","1584003909","39.1155"
"110175884","1498871448","16.9409"
"1498871448","110175884","16.9409"
"1498871448","2064853889","181.472"
"2064853889","1498871448","181.472"
"1498871448","2162034534","11.0452"
"2162034534","1498871448","11.0452"
"2064853889","2162034534","121.587"
"2162034534","2064853889","121.587"
"110175884","1972870286","11.3909"
"1972870286","110175884","11.3909"
"110175884","2140190241","41.15"
"2140190241","110175884","41.15"
"110175884","2147694185","23.9503"
"2147694185","110175884","23.9503"
"1972870286","2064853889","33.8242"
"2064853889","1972870286","33.8242"
"1972870286","2140190241","15.4024"
"2140190241","1972870286","15.4024"
"1972870286","2147694185","4.92302"
"2147694185","1972870286","4.92302"
"1972870286","2162034534","3.86071"
"2162034534","1972870286","3.86071"
"2064853889","2140190241","589.334"
"2140190241","2064853889","589.334"
"2064853889","2147694185","102.361"
"2147694185","2064853889","102.361"
"2140190241","2162034534","24.031"
"2162034534","2140190241","24.031"
"2147694185","2162034534","14.5868"
"2162034534","2147694185","14.5868"
"1972870286","1990800901","3.75516"
"1990800901","1972870286","3.75516"
"1990800901","2064853889","52.7122"
"2064853889","1990800901","52.7122"
"1990800901","2147694185","200.172"
"2147694185","1990800901","200.172"
"2064853889","2148693963","71.3527"
"2148693963","2064853889","71.3527"
"2147694185","2148693963","10.7753"
"2148693963","2147694185","10.7753"
"1972870286","2148693963","27.1718"
"2148693963","1972870286","27.1718"
"110175884","2044306058","3.28645"
"2044306058","110175884","3.28645"
"110175884","2119343774","7.2381"
"2119343774","110175884","7.2381"
"2044306058","2064853889","14.3126"
"2064853889","2044306058","14.3126"
"2044306058","2119343774","1.68333"
"2119343774","2044306058","1.68333"
"2044306058","2148693963","12.0364"
"2148693963","2044306058","12.0364"
"2064853889","2119343774","5.65476"
"2119343774","2064853889","5.65476"
"2119343774","2140190241","5.55476"
"2140190241","2119343774","5.55476"
"2119343774","2148693963","3.85476"
"2148693963","2119343774","3.85476"
"2140190241","2148693963","17.7"
"2148693963","2140190241","17.7"
"110175884","2101056238","2.66667"
"2101056238","110175884","2.66667"
"2064853889","2101056238","19.5"
"2101056238","2064853889","19.5"
"2064853889","2115482638","255.004"
"2115482638","2064853889","255.004"
"2101056238","2115482638","7.66667"
"2115482638","2101056238","7.66667"
"1990800901","2115482638","28.3262"
"2115482638","1990800901","28.3262"
"1990800901","2162034534","6.71422"
"2162034534","1990800901","6.71422"
"2115482638","2162034534","40.4429"
"2162034534","2115482638","40.4429"
"110175884","2167681385","12.3004"
"2167681385","110175884","12.3004"
"2064853889","2167681385","219.61"
"2167681385","2064853889","219.61"
"2140190241","2167681385","86.3143"
"2167681385","2140190241","86.3143"
"2162034534","2167681385","7.30476"
"2167681385","2162034534","7.30476"
"110175884","1578949701","1.7"
"1578949701","110175884","1.7"
"1498871448","1972870286","1.86468"
"1972870286","1498871448","1.86468"
"1498871448","2148693963","8.39563"
"2148693963","1498871448","8.39563"
"2148693963","2162034534","8.35232"
"2162034534","2148693963","8.35232"
"2119343774","2147694185","3.9381"
"2147694185","2119343774","3.9381"
"2119343774","2167681385","1.52143"
"2167681385","2119343774","1.52143"
"2147694185","2167681385","6.42659"
"2167681385","2147694185","6.42659"
"2148693963","2167681385","3.86706"
"2167681385","2148693963","3.86706"
"110175884","1984606279","5.41026"
"1984606279","110175884","5.41026"
"1984606279","1990800901","6.03645"
"1990800901","1984606279","6.03645"
"1984606279","2119343774","0.75"
"2119343774","1984606279","0.75"
"1984606279","2168196587","3.26667"
"2168196587","1984606279","3.26667"
"1990800901","2119343774","2.25"
"2119343774","1990800901","2.25"
"2119343774","2168196587","0.488095"
"2168196587","2119343774","0.488095"
"110175884","2154440943","3.00311"
"2154440943","110175884","3.00311"
"1584003909","1990800901","61.2964"
"1990800901","1584003909","61.2964"
"1584003909","2147694185","216.173"
"2147694185","1584003909","216.173"
"1584003909","2154440943","23.2786"
"2154440943","1584003909","23.2786"
"1990800901","2154440943","21.321"
"2154440943","1990800901","21.321"
"2064853889","2154440943","8.92335"
"2154440943","2064853889","8.92335"
"2147694185","2154440943","40.4222"
"2154440943","2147694185","40.4222"
"1498871448","2167681385","6.56111"
"2167681385","1498871448","6.56111"
"110175884","1976235497","2.5"
"1976235497","110175884","2.5"
"1976235497","2064853889","8.33333"
"2064853889","1976235497","8.33333"
"1976235497","2167681385","0.833333"
"2167681385","1976235497","0.833333"
"110175884","2078064242","4.53333"
"2078064242","110175884","4.53333"
"2064853889","2078064242","20.7595"
"2078064242","2064853889","20.7595"
"2078064242","2148693963","15.6929"
"2148693963","2078064242","15.6929"
"2078064242","2162034534","2.15"
"2162034534","2078064242","2.15"
"1990800901","2078064242","0.87619"
"2078064242","1990800901","0.87619"
"1990800901","2140190241","38.65"
"2140190241","1990800901","38.65"
"2078064242","2140190241","6.61667"
"2140190241","2078064242","6.61667"
"2078064242","2154440943","3.17619"
"2154440943","2078064242","3.17619"
"2140190241","2154440943","9.59286"
"2154440943","2140190241","9.59286"
"1498871448","2078064242","1.1"
"2078064242","1498871448","1.1"
"110175884","2096281132","3"
"2096281132","110175884","3"
"1584003909","2140190241","23.0286"
"2140190241","1584003909","23.0286"
"1584003909","2162034534","4.7"
"2162034534","1584003909","4.7"
"1584003909","2148693963","4.33929"
"2148693963","1584003909","4.33929"
"2148693963","2154440943","3.03883"
"2154440943","2148693963","3.03883"
"110175884","1569729202","2.27335"
"1569729202","110175884","2.27335"
"1569729202","1584003909","9.95"
"1584003909","1569729202","9.95"
"1569729202","2064853889","42.5817"
"2064853889","1569729202","42.5817"
"1569729202","2147694185","23.4317"
"2147694185","1569729202","23.4317"
"2115482638","2167681385","48.2595"
"2167681385","2115482638","48.2595"
"110175884","1970225139","0.5"
"1970225139","110175884","0.5"
"1970225139","2064853889","0.5"
"2064853889","1970225139","0.5"
"1970225139","2140190241","1.5"
"2140190241","1970225139","1.5"
"1970225139","2147694185","0.5"
"2147694185","1970225139","0.5"
"110175884","2101747514","0.4"
"2101747514","110175884","0.4"
"110175884","2120934516","3.21343"
"2120934516","110175884","3.21343"
"2064853889","2101747514","8.74286"
"2101747514","2064853889","8.74286"
"2064853889","2120934516","9.99081"
"2120934516","2064853889","9.99081"
"2064853889","2168196587","64.6766"
"2168196587","2064853889","64.6766"
"2101747514","2120934516","0.4"
"2120934516","2101747514","0.4"
"2101747514","2162034534","0.4"
"2162034534","2101747514","0.4"
"2101747514","2168196587","0.933333"
"2168196587","2101747514","0.933333"
"2120934516","2162034534","1.9678"
"2162034534","2120934516","1.9678"
"2120934516","2168196587","26.5659"
"2168196587","2120934516","26.5659"
"2162034534","2168196587","5.93492"
"2168196587","2162034534","5.93492"
"1976235497","2119343774","1.41667"
"2119343774","1976235497","1.41667"
"1976235497","2162034534","3.5"
"2162034534","1976235497","3.5"
"2119343774","2162034534","2.80476"
"2162034534","2119343774","2.80476"
"2120934516","2147694185","32.3563"
"2147694185","2120934516","32.3563"
"1972870286","2044306058","5.35238"
"2044306058","1972870286","5.35238"
"2044306058","2162034534","1.59359"
"2162034534","2044306058","1.59359"
"110175884","2080133348","2.23373"
"2080133348","110175884","2.23373"
"1584003909","1972870286","2.16071"
"1972870286","1584003909","2.16071"
"1584003909","2080133348","0.552381"
"2080133348","1584003909","0.552381"
"1972870286","2080133348","2.48452"
"2080133348","1972870286","2.48452"
"1990800901","2080133348","1.18849"
"2080133348","1990800901","1.18849"
"1990800901","2148693963","5.60272"
"2148693963","1990800901","5.60272"
"2064853889","2080133348","22.0599"
"2080133348","2064853889","22.0599"
"2080133348","2147694185","1.25992"
"2147694185","2080133348","1.25992"
"2080133348","2148693963","6.54325"
"2148693963","2080133348","6.54325"
"2078064242","2115482638","15.1"
"2115482638","2078064242","15.1"
"110175884","2117247700","1.85397"
"2117247700","110175884","1.85397"
"1584003909","2117247700","0.242857"
"2117247700","1584003909","0.242857"
"1584003909","2167681385","6.38571"
"2167681385","1584003909","6.38571"
"2064853889","2117247700","0.603968"
"2117247700","2064853889","0.603968"
"2117247700","2140190241","5.55952"
"2140190241","2117247700","5.55952"
"2117247700","2147694185","0.353968"
"2147694185","2117247700","0.353968"
"2117247700","2148693963","1.60397"
"2148693963","2117247700","1.60397"
"2117247700","2167681385","0.242857"
"2167681385","2117247700","0.242857"
"1984606279","2167681385","2.84286"
"2167681385","1984606279","2.84286"
"110175884","2113101421","1.2"
"2113101421","110175884","1.2"
"110175884","2143181293","0.521429"
"2143181293","110175884","0.521429"
"2078064242","2080133348","2.23333"
"2080133348","2078064242","2.23333"
"2078064242","2113101421","0.45"
"2113101421","2078064242","0.45"
"2078064242","2143181293","0.866667"
"2143181293","2078064242","0.866667"
"2078064242","2167681385","0.2"
"2167681385","2078064242","0.2"
"2080133348","2113101421","1.7"
"2113101421","2080133348","1.7"
"2080133348","2143181293","4.02143"
"2143181293","2080133348","4.02143"
"2080133348","2167681385","2.24643"
"2167681385","2080133348","2.24643"
"2113101421","2143181293","1.7"
"2143181293","2113101421","1.7"
"2113101421","2167681385","0.2"
"2167681385","2113101421","0.2"
"2143181293","2167681385","0.271429"
"2167681385","2143181293","0.271429"
"110175884","1577956469","0.815018"
"1577956469","110175884","0.815018"
"110175884","2052496634","1.86145"
"2052496634","110175884","1.86145"
"110175884","2142103633","0.0769231"
"2142103633","110175884","0.0769231"
"1569729202","1577956469","0.148352"
"1577956469","1569729202","0.148352"
"1569729202","1984606279","1.66026"
"1984606279","1569729202","1.66026"
"1569729202","1990800901","19.2436"
"1990800901","1569729202","19.2436"
"1569729202","2044306058","0.49359"
"2044306058","1569729202","0.49359"
"1569729202","2052496634","2.32692"
"2052496634","1569729202","2.32692"
"1569729202","2120934516","1.86502"
"2120934516","1569729202","1.86502"
"1569729202","2142103633","0.0769231"
"2142103633","1569729202","0.0769231"
"1569729202","2148693963","1.10668"
"2148693963","1569729202","1.10668"
"1569729202","2154440943","5.50192"
"2154440943","1569729202","5.50192"
"1569729202","2162034534","1.60668"
"2162034534","1569729202","1.60668"
"1577956469","1984606279","0.326923"
"1984606279","1577956469","0.326923"
"1577956469","1990800901","1.82692"
"1990800901","1577956469","1.82692"
"1577956469","2044306058","0.0769231"
"2044306058","1577956469","0.0769231"
"1577956469","2052496634","0.410256"
"2052496634","1577956469","0.410256"
"1577956469","2064853889","0.648352"
"2064853889","1577956469","0.648352"
"1577956469","2120934516","0.148352"
"2120934516","1577956469","0.148352"
"1577956469","2142103633","2.07692"
"2142103633","1577956469","2.07692"
"1577956469","2147694185","2.73168"
"2147694185","1577956469","2.73168"
"1577956469","2148693963","0.148352"
"2148693963","1577956469","0.148352"
"1577956469","2154440943","0.99359"
"2154440943","1577956469","0.99359"
"1577956469","2162034534","1.06502"
"2162034534","1577956469","1.06502"
"1984606279","2044306058","2.92692"
"2044306058","1984606279","2.92692"
"1984606279","2052496634","2.10192"
"2052496634","1984606279","2.10192"
"1984606279","2064853889","26.5114"
"2064853889","1984606279","26.5114"
"1984606279","2120934516","0.701923"
"2120934516","1984606279","0.701923"
"1984606279","2142103633","0.0769231"
"2142103633","1984606279","0.0769231"
"1984606279","2147694185","7.30311"
"2147694185","1984606279","7.30311"
"1984606279","2148693963","6.25192"
"2148693963","1984606279","6.25192"
"1984606279","2154440943","1.56026"
"2154440943","1984606279","1.56026"
"1984606279","2162034534","5.81859"
"2162034534","1984606279","5.81859"
"1990800901","2044306058","1.36026"
"2044306058","1990800901","1.36026"
"1990800901","2052496634","12.6614"
"2052496634","1990800901","12.6614"
"1990800901","2120934516","18.5849"
"2120934516","1990800901","18.5849"
"1990800901","2142103633","1.27692"
"2142103633","1990800901","1.27692"
"2044306058","2052496634","1.61978"
"2052496634","2044306058","1.61978"
"2044306058","2120934516","2.08645"
"2120934516","2044306058","2.08645"
"2044306058","2142103633","0.276923"
"2142103633","2044306058","0.276923"
"2044306058","2147694185","3.91026"
"2147694185","2044306058","3.91026"
"2044306058","2154440943","3.41978"
"2154440943","2044306058","3.41978"
"2052496634","2064853889","8.31978"
"2064853889","2052496634","8.31978"
"2052496634","2120934516","2.88526"
"2120934516","2052496634","2.88526"
"2052496634","2142103633","0.526923"
"2142103633","2052496634","0.526923"
"2052496634","2147694185","35.2614"
"2147694185","2052496634","35.2614"
"2052496634","2148693963","3.51978"
"2148693963","2052496634","3.51978"
"2052496634","2154440943","6.36978"
"2154440943","2052496634","6.36978"
"2052496634","2162034534","0.94478"
"2162034534","2052496634","0.94478"
"2064853889","2142103633","0.660256"
"2142103633","2064853889","0.660256"
"2120934516","2142103633","0.476923"
"2142103633","2120934516","0.476923"
"2120934516","2148693963","1.34795"
"2148693963","2120934516","1.34795"
"2120934516","2154440943","6.99597"
"2154440943","2120934516","6.99597"
"2142103633","2147694185","3.22692"
"2147694185","2142103633","3.22692"
"2142103633","2148693963","0.660256"
"2148693963","2142103633","0.660256"
"2142103633","2154440943","1.27692"
"2154440943","2142103633","1.27692"
"2142103633","2162034534","1.07692"
"2162034534","2142103633","1.07692"
"2154440943","2162034534","2.56978"
"2162034534","2154440943","2.56978"
"2044306058","2078064242","2.66667"
"2078064242","2044306058","2.66667"
"1498871448","2168196587","2.56905"
"2168196587","1498871448","2.56905"
"2115482638","2168196587","48.9845"
"2168196587","2115482638","48.9845"
"2140190241","2168196587","70.9643"
"2168196587","2140190241","70.9643"
"2148693963","2168196587","4.4254"
"2168196587","2148693963","4.4254"
"1578949701","1984606279","0.25"
"1984606279","1578949701","0.25"
"1578949701","2115482638","1.83333"
"2115482638","1578949701","1.83333"
"1578949701","2162034534","1.7"
"2162034534","1578949701","1.7"
"1984606279","2115482638","9.40119"
"2115482638","1984606279","9.40119"
"2080133348","2140190241","13.8214"
"2140190241","2080133348","13.8214"
"1498871448","1584003909","2.95833"
"1584003909","1498871448","2.95833"
"1498871448","1984606279","2.325"
"1984606279","1498871448","2.325"
"1498871448","1990800901","3.1123"
"1990800901","1498871448","3.1123"
"1498871448","2147694185","3.73849"
"2147694185","1498871448","3.73849"
"1584003909","1984606279","3.40119"
"1984606279","1584003909","3.40119"
"1972870286","1984606279","6.575"
"1984606279","1972870286","6.575"
"110175884","2145683967","1.78333"
"2145683967","110175884","1.78333"
"2064853889","2145683967","2.36667"
"2145683967","2064853889","2.36667"
"2145683967","2148693963","0.25"
"2148693963","2145683967","0.25"
"2145683967","2162034534","1.83333"
"2162034534","2145683967","1.83333"
"1972870286","2154440943","4.97738"
"2154440943","1972870286","4.97738"
"1972870286","2119343774","0.4"
"2119343774","1972870286","0.4"
"110175884","2139422684","1.25"
"2139422684","110175884","1.25"
"2064853889","2139422684","1"
"2139422684","2064853889","1"
"2139422684","2162034534","0.583333"
"2162034534","2139422684","0.583333"
"2139422684","2167681385","0.25"
"2167681385","2139422684","0.25"
"1498871448","1976235497","0.916667"
"1976235497","1498871448","0.916667"
"2044306058","2080133348","1.91667"
"2080133348","2044306058","1.91667"
"2044306058","2117247700","0.25"
"2117247700","2044306058","0.25"
"2080133348","2117247700","12.4611"
"2117247700","2080133348","12.4611"
"110175884","2110488294","0.325"
"2110488294","110175884","0.325"
"110175884","2127782281","0.7"
"2127782281","110175884","0.7"
"110175884","2130696419","0.2"
"2130696419","110175884","0.2"
"110175884","2131103246","0.825"
"2131103246","110175884","0.825"
"2110488294","2127782281","15.7326"
"2127782281","2110488294","15.7326"
"2110488294","2130696419","8.10758"
"2130696419","2110488294","8.10758"
"2110488294","2131103246","7.69091"
"2131103246","2110488294","7.69091"
"2110488294","2162034534","0.325"
"2162034534","2110488294","0.325"
"2127782281","2130696419","18.9409"
"2130696419","2127782281","18.9409"
"2127782281","2131103246","62.7921"
"2131103246","2127782281","62.7921"
"2127782281","2162034534","0.2"
"2162034534","2127782281","0.2"
"2130696419","2131103246","12.0409"
"2131103246","2130696419","12.0409"
"2130696419","2162034534","0.2"
"2162034534","2130696419","0.2"
"2131103246","2162034534","0.325"
"2162034534","2131103246","0.325"
"110175884","2012886963","1.5"
"2012886963","110175884","1.5"
"2115482638","2119343774","2.65"
"2119343774","2115482638","2.65"
"2115482638","2120934516","1.96786"
"2120934516","2115482638","1.96786"
"2119343774","2120934516","0.438095"
"2120934516","2119343774","0.438095"
"2012886963","2139422684","0.5"
"2139422684","2012886963","0.5"
"110175884","2138414767","0.125"
"2138414767","110175884","0.125"
"1569729202","2110488294","0.125"
"2110488294","1569729202","0.125"
"1569729202","2131103246","0.125"
"2131103246","1569729202","0.125"
"1569729202","2138414767","0.125"
"2138414767","1569729202","0.125"
"1569729202","2168196587","34.3464"
"2168196587","1569729202","34.3464"
"2110488294","2138414767","6.17424"
"2138414767","2110488294","6.17424"
"2110488294","2148693963","0.125"
"2148693963","2110488294","0.125"
"2110488294","2154440943","0.458333"
"2154440943","2110488294","0.458333"
"2110488294","2168196587","0.458333"
"2168196587","2110488294","0.458333"
"2131103246","2138414767","20.2076"
"2138414767","2131103246","20.2076"
"2131103246","2148693963","0.125"
"2148693963","2131103246","0.125"
"2131103246","2154440943","0.125"
"2154440943","2131103246","0.125"
"2131103246","2168196587","0.375"
"2168196587","2131103246","0.375"
"2138414767","2148693963","0.125"
"2148693963","2138414767","0.125"
"2138414767","2154440943","0.125"
"2154440943","2138414767","0.125"
"2138414767","2162034534","0.125"
"2162034534","2138414767","0.125"
"2138414767","2168196587","0.125"
"2168196587","2138414767","0.125"
"2154440943","2168196587","23.4595"
"2168196587","2154440943","23.4595"
"1972870286","2120934516","0.745635"
"2120934516","1972870286","0.745635"
"1972870286","2167681385","4.35278"
"2167681385","1972870286","4.35278"
"1990800901","2167681385","2.5123"
"2167681385","1990800901","2.5123"
"2080133348","2120934516","1.6504"
"2120934516","2080133348","1.6504"
"2120934516","2167681385","0.30754"
"2167681385","2120934516","0.30754"
"110175884","2062516497","0.0714286"
"2062516497","110175884","0.0714286"
"1569729202","2062516497","0.171429"
"2062516497","1569729202","0.171429"
"1569729202","2080133348","0.238095"
"2080133348","1569729202","0.238095"
"1569729202","2119343774","0.404762"
"2119343774","1569729202","0.404762"
"1569729202","2140190241","47.1714"
"2140190241","1569729202","47.1714"
"1569729202","2143181293","0.0714286"
"2143181293","1569729202","0.0714286"
"1569729202","2167681385","0.571429"
"2167681385","1569729202","0.571429"
"1577956469","2062516497","0.0714286"
"2062516497","1577956469","0.0714286"
"1577956469","2080133348","0.0714286"
"2080133348","1577956469","0.0714286"
"1577956469","2119343774","0.571429"
"2119343774","1577956469","0.571429"
"1577956469","2140190241","0.571429"
"2140190241","1577956469","0.571429"
"1577956469","2143181293","0.0714286"
"2143181293","1577956469","0.0714286"
"1577956469","2167681385","0.0714286"
"2167681385","1577956469","0.0714286"
"1577956469","2168196587","0.738095"
"2168196587","1577956469","0.738095"
"2062516497","2064853889","5.32143"
"2064853889","2062516497","5.32143"
"2062516497","2080133348","0.0714286"
"2080133348","2062516497","0.0714286"
"2062516497","2119343774","1.07143"
"2119343774","2062516497","1.07143"
"2062516497","2120934516","0.171429"
"2120934516","2062516497","0.171429"
"2062516497","2140190241","5.07143"
"2140190241","2062516497","5.07143"
"2062516497","2143181293","0.0714286"
"2143181293","2062516497","0.0714286"
"2062516497","2147694185","0.821429"
"2147694185","2062516497","0.821429"
"2062516497","2148693963","0.604762"
"2148693963","2062516497","0.604762"
"2062516497","2162034534","0.571429"
"2162034534","2062516497","0.571429"
"2062516497","2167681385","0.0714286"
"2167681385","2062516497","0.0714286"
"2062516497","2168196587","0.271429"
"2168196587","2062516497","0.271429"
"2064853889","2143181293","1.4881"
"2143181293","2064853889","1.4881"
"2080133348","2119343774","0.0714286"
"2119343774","2080133348","0.0714286"
"2080133348","2162034534","1.21587"
"2162034534","2080133348","1.21587"
"2080133348","2168196587","0.43254"
"2168196587","2080133348","0.43254"
"2119343774","2143181293","0.0714286"
"2143181293","2119343774","0.0714286"
"2120934516","2140190241","12.881"
"2140190241","2120934516","12.881"
"2120934516","2143181293","0.0714286"
"2143181293","2120934516","0.0714286"
"2140190241","2143181293","3.07143"
"2143181293","2140190241","3.07143"
"2143181293","2147694185","0.0714286"
"2147694185","2143181293","0.0714286"
"2143181293","2148693963","0.0714286"
"2148693963","2143181293","0.0714286"
"2143181293","2162034534","0.571429"
"2162034534","2143181293","0.571429"
"2143181293","2168196587","0.0714286"
"2168196587","2143181293","0.0714286"
"2147694185","2168196587","46.8254"
"2168196587","2147694185","46.8254"
"2167681385","2168196587","4.82143"
"2168196587","2167681385","4.82143"
"110175884","1972966296","1.66667"
"1972966296","110175884","1.66667"
"1972966296","2115482638","1.41667"
"2115482638","1972966296","1.41667"
"1972966296","2168196587","4.83333"
"2168196587","1972966296","4.83333"
"2052496634","2168196587","20.1"
"2168196587","2052496634","20.1"
"2120934516","2145683967","0.333333"
"2145683967","2120934516","0.333333"
"2139422684","2140190241","1.75"
"2140190241","2139422684","1.75"
"2047057728","2064853889","1.2"
"2064853889","2047057728","1.2"
"2047057728","2145683967","2.53333"
"2145683967","2047057728","2.53333"
"2064853889","2115672635","0.983333"
"2115672635","2064853889","0.983333"
"2064853889","2171297427","8.14444"
"2171297427","2064853889","8.14444"
"2115672635","2145683967","3.28333"
"2145683967","2115672635","3.28333"
"2145683967","2171297427","3.4"
"2171297427","2145683967","3.4"
"1498871448","2080133348","0.6"
"2080133348","1498871448","0.6"
"1498871448","2117247700","0.1"
"2117247700","1498871448","0.1"
"1972870286","2117247700","0.35"
"2117247700","1972870286","0.35"
"1990800901","2117247700","0.211111"
"2117247700","1990800901","0.211111"
"1984606279","2080133348","1.03333"
"2080133348","1984606279","1.03333"
"1498871448","2120934516","0.353968"
"2120934516","1498871448","0.353968"
"1498871448","2171297427","0.111111"
"2171297427","1498871448","0.111111"
"1972870286","2171297427","1.77778"
"2171297427","1972870286","1.77778"
"1990800901","2171297427","0.111111"
"2171297427","1990800901","0.111111"
"2120934516","2171297427","0.111111"
"2171297427","2120934516","0.111111"
"2147694185","2171297427","1.61111"
"2171297427","2147694185","1.61111"
"2148693963","2171297427","0.611111"
"2171297427","2148693963","0.611111"
"2167681385","2171297427","2.36111"
"2171297427","2167681385","2.36111"
"110175884","2107376583","0.166667"
"2107376583","110175884","0.166667"
"1577956469","2107376583","0.166667"
"2107376583","1577956469","0.166667"
"1990800901","2107376583","0.166667"
"2107376583","1990800901","0.166667"
"2107376583","2154440943","0.166667"
"2154440943","2107376583","0.166667"
"2107376583","2162034534","0.166667"
"2162034534","2107376583","0.166667"
"2107376583","2168196587","2.16667"
"2168196587","2107376583","2.16667"
"1984606279","2078064242","2.03333"
"2078064242","1984606279","2.03333"
"110175884","2586196357","0.75"
"2586196357","110175884","0.75"
"2115482638","2586196357","0.75"
"2586196357","2115482638","0.75"
"2140190241","2586196357","83.25"
"2586196357","2140190241","83.25"
"2162034534","2586196357","0.25"
"2586196357","2162034534","0.25"
"1584003909","2143181293","0.25"
"2143181293","1584003909","0.25"
"2117247700","2120934516","3.44444"
"2120934516","2117247700","3.44444"
"2117247700","2162034534","1.11111"
"2162034534","2117247700","1.11111"
"2117247700","2168196587","0.444444"
"2168196587","2117247700","0.444444"
"1498871448","1578949701","0.2"
"1578949701","1498871448","0.2"
"1578949701","2064853889","1.95"
"2064853889","1578949701","1.95"
"1578949701","2140190241","0.7"
"2140190241","1578949701","0.7"
"110175884","1211953102","0.225"
"1211953102","110175884","0.225"
"110175884","1982060711","0.1"
"1982060711","110175884","0.1"
"1211953102","1982060711","0.1"
"1982060711","1211953102","0.1"
"1211953102","1984606279","0.225"
"1984606279","1211953102","0.225"
"1211953102","1990800901","2.79167"
"1990800901","1211953102","2.79167"
"1211953102","2044306058","0.1"
"2044306058","1211953102","0.1"
"1211953102","2052496634","1.54167"
"2052496634","1211953102","1.54167"
"1211953102","2120934516","0.225"
"2120934516","1211953102","0.225"
"1211953102","2147694185","8.375"
"2147694185","1211953102","8.375"
"1211953102","2154440943","0.1"
"2154440943","1211953102","0.1"
"1211953102","2162034534","0.225"
"2162034534","1211953102","0.225"
"1982060711","1984606279","0.366667"
"1984606279","1982060711","0.366667"
"1982060711","1990800901","0.433333"
"1990800901","1982060711","0.433333"
"1982060711","2044306058","0.366667"
"2044306058","1982060711","0.366667"
"1982060711","2052496634","0.366667"
"2052496634","1982060711","0.366667"
"1982060711","2120934516","0.6"
"2120934516","1982060711","0.6"
"1982060711","2147694185","0.533333"
"2147694185","1982060711","0.533333"
"1982060711","2154440943","0.1"
"2154440943","1982060711","0.1"
"1982060711","2162034534","0.1"
"2162034534","1982060711","0.1"
"1569729202","2171297427","0.25"
"2171297427","1569729202","0.25"
"2140190241","2171297427","13.5"
"2171297427","2140190241","13.5"
"1972870286","2115482638","6.38452"
"2115482638","1972870286","6.38452"
"1972870286","2168196587","2.10119"
"2168196587","1972870286","2.10119"
"2115482638","2154440943","4.525"
"2154440943","2115482638","4.525"
"1498871448","2154440943","0.242857"
"2154440943","1498871448","0.242857"
"110175884","2121566986","0.333333"
"2121566986","110175884","0.333333"
"2064853889","2121566986","1.08333"
"2121566986","2064853889","1.08333"
"2121566986","2162034534","1.33333"
"2162034534","2121566986","1.33333"
"1211953102","2115482638","0.125"
"2115482638","1211953102","0.125"
"2052496634","2115482638","6.30833"
"2115482638","2052496634","6.30833"
"2101056238","2162034534","1.83333"
"2162034534","2101056238","1.83333"
"1972966296","2162034534","0.833333"
"2162034534","1972966296","0.833333"
"2044306058","2167681385","0.2"
"2167681385","2044306058","0.2"
"1984606279","2140190241","21.7333"
"2140190241","1984606279","21.7333"
"2115482638","2117247700","0.25"
"2117247700","2115482638","0.25"
"110175884","2073669932","0.166667"
"2073669932","110175884","0.166667"
"1498871448","2073669932","0.166667"
"2073669932","1498871448","0.166667"
"2064853889","2073669932","0.166667"
"2073669932","2064853889","0.166667"
"2073669932","2115482638","0.166667"
"2115482638","2073669932","0.166667"
"2073669932","2140190241","0.666667"
"2140190241","2073669932","0.666667"
"2073669932","2162034534","0.166667"
"2162034534","2073669932","0.166667"
"110175884","1997102766","0.142857"
"1997102766","110175884","0.142857"
"1498871448","1997102766","0.142857"
"1997102766","1498871448","0.142857"
"1498871448","2052496634","1.10952"
"2052496634","1498871448","1.10952"
"1972870286","1997102766","0.47619"
"1997102766","1972870286","0.47619"
"1972870286","2052496634","2.56905"
"2052496634","1972870286","2.56905"
"1990800901","1997102766","1.14286"
"1997102766","1990800901","1.14286"
"1997102766","2052496634","0.892857"
"2052496634","1997102766","0.892857"
"1997102766","2147694185","4.97619"
"2147694185","1997102766","4.97619"
"1997102766","2162034534","0.142857"
"2162034534","1997102766","0.142857"
"2044306058","2168196587","1.88333"
"2168196587","2044306058","1.88333"
"2078064242","2147694185","1.50952"
"2147694185","2078064242","1.50952"
"2078064242","2168196587","0.833333"
"2168196587","2078064242","0.833333"
"1131320503","2140190241","1"
"2140190241","1131320503","1"
"1160301755","2140190241","2"
"2140190241","1160301755","2"
"1211953102","1584003909","2"
"1584003909","1211953102","2"
"1211953102","1536540269","0.5"
"1536540269","1211953102","0.5"
"1211953102","2101747514","0.5"
"2101747514","1211953102","0.5"
"1536540269","2101747514","0.5"
"2101747514","1536540269","0.5"
"1211953102","2140190241","3.66667"
"2140190241","1211953102","3.66667"
"1211953102","1498871448","0.166667"
"1498871448","1211953102","0.166667"
"1211953102","1569729202","1.15"
"1569729202","1211953102","1.15"
"1211953102","2168196587","4.15"
"2168196587","1211953102","4.15"
"1498871448","1569729202","4.76667"
"1569729202","1498871448","4.76667"
"2052496634","2140190241","8.97619"
"2140190241","2052496634","8.97619"
"1211953102","2064853889","0.833333"
"2064853889","1211953102","0.833333"
"1584003909","2168196587","19.2667"
"2168196587","1584003909","19.2667"
"131436534","2145683967","1.25"
"2145683967","131436534","1.25"
"131436534","1490948609","0.25"
"1490948609","131436534","0.25"
"131436534","2009148404","0.25"
"2009148404","131436534","0.25"
"131436534","2115672635","0.25"
"2115672635","131436534","0.25"
"1490948609","2009148404","0.25"
"2009148404","1490948609","0.25"
"1490948609","2115672635","0.583333"
"2115672635","1490948609","0.583333"
"1490948609","2145683967","0.25"
"2145683967","1490948609","0.25"
"2009148404","2115672635","3.45"
"2115672635","2009148404","3.45"
"2009148404","2145683967","0.25"
"2145683967","2009148404","0.25"
"1490948609","2121936281","0.333333"
"2121936281","1490948609","0.333333"
"1490948609","2171297427","0.333333"
"2171297427","1490948609","0.333333"
"2115672635","2121936281","4.03333"
"2121936281","2115672635","4.03333"
"2121936281","2171297427","2.2"
"2171297427","2121936281","2.2"
"1492469144","2147694185","3.33333"
"2147694185","1492469144","3.33333"
"1492469144","1584003909","0.5"
"1584003909","1492469144","0.5"
"1492469144","2052496634","0.25"
"2052496634","1492469144","0.25"
"1492469144","2140190241","1.75"
"2140190241","1492469144","1.75"
"1584003909","2052496634","8.42619"
"2052496634","1584003909","8.42619"
"1492469144","1990800901","0.25"
"1990800901","1492469144","0.25"
"1492469144","2167681385","1.25"
"2167681385","1492469144","1.25"
"1492469144","1699074795","6.83333"
"1699074795","1492469144","6.83333"
"1492469144","2078765398","3.83333"
"2078765398","1492469144","3.83333"
"1492469144","2115482638","1"
"2115482638","1492469144","1"
"1492469144","2168196587","1.83333"
"2168196587","1492469144","1.83333"
"1492469144","1997102766","5.16667"
"1997102766","1492469144","5.16667"
"1699074795","1997102766","7.33333"
"1997102766","1699074795","7.33333"
"1699074795","2078765398","7.83333"
"2078765398","1699074795","7.83333"
"1997102766","2078765398","3.83333"
"2078765398","1997102766","3.83333"
"1997102766","2168196587","1.58333"
"2168196587","1997102766","1.58333"
"1492469144","2077378918","0.5"
"2077378918","1492469144","0.5"
"2077378918","2168196587","2.5"
"2168196587","2077378918","2.5"
"1492469144","600165676","5"
"600165676","1492469144","5"
"1699074795","600165676","4"
"600165676","1699074795","4"
"2078765398","600165676","4.16667"
"600165676","2078765398","4.16667"
"1492469144","2091140227","0.5"
"2091140227","1492469144","0.5"
"2091140227","600165676","0.5"
"600165676","2091140227","0.5"
"1569729202","2115482638","17.1667"
"2115482638","1569729202","17.1667"
"1498871448","2027440536","0.5"
"2027440536","1498871448","0.5"
"2027440536","2115482638","1.66667"
"2115482638","2027440536","1.66667"
"1498871448","2101056238","0.416667"
"2101056238","1498871448","0.416667"
"2078064242","2101056238","0.166667"
"2101056238","2078064242","0.166667"
"2101056238","2140190241","2.83333"
"2140190241","2101056238","2.83333"
"2101056238","2148693963","0.166667"
"2148693963","2101056238","0.166667"
"1498871448","2130656576","1.09091"
"2130656576","1498871448","1.09091"
"2064853889","2130656576","1.34091"
"2130656576","2064853889","1.34091"
"1498871448","2121566986","0.5"
"2121566986","1498871448","0.5"
"2101056238","2168196587","2.75"
"2168196587","2101056238","2.75"
"1498871448","2101747514","0.833333"
"2101747514","1498871448","0.833333"
"2101747514","2115482638","1.14286"
"2115482638","2101747514","1.14286"
"1498871448","2062516497","0.6"
"2062516497","1498871448","0.6"
"1498871448","1977307693","1.5"
"1977307693","1498871448","1.5"
"1977307693","2064853889","0.5"
"2064853889","1977307693","0.5"
"1498871448","2043185268","0.5"
"2043185268","1498871448","0.5"
"2043185268","2064853889","3"
"2064853889","2043185268","3"
"1498871448","1978215702","0.1"
"1978215702","1498871448","0.1"
"1569729202","1978215702","0.1"
"1978215702","1569729202","0.1"
"1978215702","1990800901","0.1"
"1990800901","1978215702","0.1"
"1978215702","2052496634","0.35"
"2052496634","1978215702","0.35"
"1978215702","2062516497","1.85"
"2062516497","1978215702","1.85"
"1978215702","2064853889","1.1"
"2064853889","1978215702","1.1"
"1978215702","2120934516","0.1"
"2120934516","1978215702","0.1"
"1978215702","2140190241","3.85"
"2140190241","1978215702","3.85"
"1978215702","2147694185","0.35"
"2147694185","1978215702","0.35"
"1978215702","2154440943","0.433333"
"2154440943","1978215702","0.433333"
"1990800901","2062516497","0.3"
"2062516497","1990800901","0.3"
"2052496634","2062516497","0.1"
"2062516497","2052496634","0.1"
"2062516497","2154440943","0.433333"
"2154440943","2062516497","0.433333"
"1498871448","2018040777","0.0909091"
"2018040777","1498871448","0.0909091"
"1498871448","2041763948","0.0909091"
"2041763948","1498871448","0.0909091"
"1498871448","2049075975","0.0909091"
"2049075975","1498871448","0.0909091"
"1498871448","2096675082","0.0909091"
"2096675082","1498871448","0.0909091"
"1498871448","2101496601","0.0909091"
"2101496601","1498871448","0.0909091"
"1498871448","2127782281","0.0909091"
"2127782281","1498871448","0.0909091"
"1498871448","2138414767","0.0909091"
"2138414767","1498871448","0.0909091"
"1498871448","2146327344","0.0909091"
"2146327344","1498871448","0.0909091"
"2018040777","2041763948","0.0909091"
"2041763948","2018040777","0.0909091"
"2018040777","2049075975","1.09091"
"2049075975","2018040777","1.09091"
"2018040777","2064853889","1.09091"
"2064853889","2018040777","1.09091"
"2018040777","2096675082","0.590909"
"2096675082","2018040777","0.590909"
"2018040777","2101496601","0.0909091"
"2101496601","2018040777","0.0909091"
"2018040777","2127782281","0.0909091"
"2127782281","2018040777","0.0909091"
"2018040777","2130656576","0.0909091"
"2130656576","2018040777","0.0909091"
"2018040777","2138414767","3.09091"
"2138414767","2018040777","3.09091"
"2018040777","2140190241","3.59091"
"2140190241","2018040777","3.59091"
"2018040777","2146327344","3.09091"
"2146327344","2018040777","3.09091"
"2041763948","2049075975","6.23377"
"2049075975","2041763948","6.23377"
"2041763948","2064853889","2.09091"
"2064853889","2041763948","2.09091"
"2041763948","2096675082","0.0909091"
"2096675082","2041763948","0.0909091"
"2041763948","2101496601","0.233766"
"2101496601","2041763948","0.233766"
"2041763948","2127782281","1.2671"
"2127782281","2041763948","1.2671"
"2041763948","2130656576","0.424242"
"2130656576","2041763948","0.424242"
"2041763948","2138414767","55.2671"
"2138414767","2041763948","55.2671"
"2041763948","2140190241","5.5671"
"2140190241","2041763948","5.5671"
"2041763948","2146327344","0.590909"
"2146327344","2041763948","0.590909"
"2049075975","2064853889","0.674242"
"2064853889","2049075975","0.674242"
"2049075975","2096675082","0.0909091"
"2096675082","2049075975","0.0909091"
"2049075975","2101496601","0.290909"
"2101496601","2049075975","0.290909"
"2049075975","2127782281","0.0909091"
"2127782281","2049075975","0.0909091"
"2049075975","2130656576","0.340909"
"2130656576","2049075975","0.340909"
"2049075975","2138414767","5.7671"
"2138414767","2049075975","5.7671"
"2049075975","2140190241","0.424242"
"2140190241","2049075975","0.424242"
"2049075975","2146327344","0.0909091"
"2146327344","2049075975","0.0909091"
"2064853889","2096675082","0.340909"
"2096675082","2064853889","0.340909"
"2064853889","2101496601","0.0909091"
"2101496601","2064853889","0.0909091"
"2064853889","2127782281","0.0909091"
"2127782281","2064853889","0.0909091"
"2064853889","2138414767","0.590909"
"2138414767","2064853889","0.590909"
"2064853889","2146327344","0.0909091"
"2146327344","2064853889","0.0909091"
"2096675082","2101496601","0.0909091"
"2101496601","2096675082","0.0909091"
"2096675082","2127782281","3.03258"
"2127782281","2096675082","3.03258"
"2096675082","2130656576","1.59091"
"2130656576","2096675082","1.59091"
"2096675082","2138414767","5.19924"
"2138414767","2096675082","5.19924"
"2096675082","2140190241","1.59091"
"2140190241","2096675082","1.59091"
"2096675082","2146327344","0.590909"
"2146327344","2096675082","0.590909"
"2101496601","2127782281","0.658009"
"2127782281","2101496601","0.658009"
"2101496601","2130656576","0.0909091"
"2130656576","2101496601","0.0909091"
"2101496601","2138414767","12.6318"
"2138414767","2101496601","12.6318"
"2101496601","2140190241","0.233766"
"2140190241","2101496601","0.233766"
"2101496601","2146327344","0.681818"
