"1125761772","2130519559","6.88565"
"2130519559","1125761772","6.88565"
"1125761772","2149320615","2.60073"
"2149320615","1125761772","2.60073"
"2130519559","2149320615","48.2666"
"2149320615","2130519559","48.2666"
"1125761772","2247340471","2.14835"
"2247340471","1125761772","2.14835"
"1125761772","1998382295","5.33407"
"1998382295","1125761772","5.33407"
"1125761772","2025426031","4.83684"
"2025426031","1125761772","4.83684"
"1125761772","2069454342","4.6424"
"2069454342","1125761772","4.6424"
"1125761772","2097325952","0.541209"
"2097325952","1125761772","0.541209"
"1125761772","2127817155","8.1174"
"2127817155","1125761772","8.1174"
"1125761772","2592534188","0.142857"
"2592534188","1125761772","0.142857"
"1998382295","2025426031","3.88013"
"2025426031","1998382295","3.88013"
"1998382295","2069454342","5.63013"
"2069454342","1998382295","5.63013"
"1998382295","2097325952","1.38609"
"2097325952","1998382295","1.38609"
"1998382295","2127817155","12.4385"
"2127817155","1998382295","12.4385"
"1998382295","2130519559","2.5345"
"2130519559","1998382295","2.5345"
"1998382295","2592534188","0.142857"
"2592534188","1998382295","0.142857"
"2025426031","2069454342","25.8813"
"2069454342","2025426031","25.8813"
"2025426031","2097325952","2.24005"
"2097325952","2025426031","2.24005"
"2025426031","2127817155","7.94958"
"2127817155","2025426031","7.94958"
"2025426031","2130519559","4.35513"
"2130519559","2025426031","4.35513"
"2025426031","2592534188","0.142857"
"2592534188","2025426031","0.142857"
"2069454342","2097325952","3.24561"
"2097325952","2069454342","3.24561"
"2069454342","2127817155","8.08847"
"2127817155","2069454342","8.08847"
"2069454342","2130519559","9.44402"
"2130519559","2069454342","9.44402"
"2069454342","2592534188","0.142857"
"2592534188","2069454342","0.142857"
"2097325952","2127817155","1.90553"
"2127817155","2097325952","1.90553"
"2097325952","2130519559","2.9595"
"2130519559","2097325952","2.9595"
"2097325952","2592534188","0.142857"
"2592534188","2097325952","0.142857"
"2127817155","2130519559","4.24283"
"2130519559","2127817155","4.24283"
"2127817155","2592534188","0.142857"
"2592534188","2127817155","0.142857"
"2130519559","2592534188","0.142857"
"2592534188","2130519559","0.142857"
"1125761772","2000507891","2.85946"
"2000507891","1125761772","2.85946"
"1998382295","2000507891","0.881685"
"2000507891","1998382295","0.881685"
"2000507891","2025426031","1.68724"
"2025426031","2000507891","1.68724"
"2000507891","2069454342","4.29835"
"2069454342","2000507891","4.29835"
"2000507891","2127817155","1.07613"
"2127817155","2000507891","1.07613"
"2000507891","2130519559","18.8023"
"2130519559","2000507891","18.8023"
"1125761772","1991662650","8.88089"
"1991662650","1125761772","8.88089"
"1125761772","2035699206","0.624542"
"2035699206","1125761772","0.624542"
"1125761772","2069803859","0.759463"
"2069803859","1125761772","0.759463"
"1125761772","2080504790","1.37018"
"2080504790","1125761772","1.37018"
"1125761772","2154311813","0.0714286"
"2154311813","1125761772","0.0714286"
"1991662650","1998382295","1.44164"
"1998382295","1991662650","1.44164"
"1991662650","2000507891","2.54676"
"2000507891","1991662650","2.54676"
"1991662650","2025426031","2.60553"
"2025426031","1991662650","2.60553"
"1991662650","2035699206","3.87617"
"2035699206","1991662650","3.87617"
"1991662650","2069454342","3.88331"
"2069454342","1991662650","3.88331"
"1991662650","2069803859","2.8472"
"2069803859","1991662650","2.8472"
"1991662650","2080504790","7.35077"
"2080504790","1991662650","7.35077"
"1991662650","2097325952","0.968229"
"2097325952","1991662650","0.968229"
"1991662650","2127817155","3.16942"
"2127817155","1991662650","3.16942"
"1991662650","2130519559","7.81109"
"2130519559","1991662650","7.81109"
"1991662650","2149320615","7.88728"
"2149320615","1991662650","7.88728"
"1991662650","2154311813","0.0714286"
"2154311813","1991662650","0.0714286"
"1991662650","2247340471","0.572594"
"2247340471","1991662650","0.572594"
"1998382295","2035699206","0.548785"
"2035699206","1998382295","0.548785"
"1998382295","2069803859","0.524975"
"2069803859","1998382295","0.524975"
"1998382295","2080504790","1.00712"
"2080504790","1998382295","1.00712"
"1998382295","2149320615","1.54878"
"2149320615","1998382295","1.54878"
"1998382295","2154311813","0.571429"
"2154311813","1998382295","0.571429"
"1998382295","2247340471","0.239261"
"2247340471","1998382295","0.239261"
"2000507891","2035699206","3.14835"
"2035699206","2000507891","3.14835"
"2000507891","2069803859","16.2634"
"2069803859","2000507891","16.2634"
"2000507891","2080504790","3.3801"
"2080504790","2000507891","3.3801"
"2000507891","2097325952","0.542796"
"2097325952","2000507891","0.542796"
"2000507891","2149320615","14.6857"
"2149320615","2000507891","14.6857"
"2000507891","2154311813","0.571429"
"2154311813","2000507891","0.571429"
"2000507891","2247340471","0.481685"
"2247340471","2000507891","0.481685"
"2025426031","2035699206","1.24997"
"2035699206","2025426031","1.24997"
"2025426031","2069803859","1.65672"
"2069803859","2025426031","1.65672"
"2025426031","2080504790","1.83767"
"2080504790","2025426031","1.83767"
"2025426031","2149320615","4.74442"
"2149320615","2025426031","4.74442"
"2025426031","2154311813","0.214286"
"2154311813","2025426031","0.214286"
"2025426031","2247340471","0.239261"
"2247340471","2025426031","0.239261"
"2035699206","2069454342","2.19998"
"2069454342","2035699206","2.19998"
"2035699206","2069803859","3.35831"
"2069803859","2035699206","3.35831"
"2035699206","2080504790","10.3531"
"2080504790","2035699206","10.3531"
"2035699206","2097325952","1.75712"
"2097325952","2035699206","1.75712"
"2035699206","2127817155","1.87378"
"2127817155","2035699206","1.87378"
"2035699206","2130519559","2.64998"
"2130519559","2035699206","2.64998"
"2035699206","2149320615","2.51664"
"2149320615","2035699206","2.51664"
"2035699206","2154311813","0.414286"
"2154311813","2035699206","0.414286"
"2035699206","2247340471","0.239261"
"2247340471","2035699206","0.239261"
"2069454342","2069803859","4.80117"
"2069803859","2069454342","4.80117"
"2069454342","2080504790","3.28212"
"2080504790","2069454342","3.28212"
"2069454342","2149320615","6.41664"
"2149320615","2069454342","6.41664"
"2069454342","2154311813","1.21429"
"2154311813","2069454342","1.21429"
"2069454342","2247340471","0.239261"
"2247340471","2069454342","0.239261"
"2069803859","2080504790","6.03767"
"2080504790","2069803859","6.03767"
"2069803859","2097325952","3.68609"
"2097325952","2069803859","3.68609"
"2069803859","2127817155","1.51109"
"2127817155","2069803859","1.51109"
"2069803859","2130519559","18.2551"
"2130519559","2069803859","18.2551"
"2069803859","2149320615","14.3028"
"2149320615","2069803859","14.3028"
"2069803859","2154311813","1.66429"
"2154311813","2069803859","1.66429"
"2069803859","2247340471","0.239261"
"2247340471","2069803859","0.239261"
"2080504790","2097325952","1.85037"
"2097325952","2080504790","1.85037"
"2080504790","2127817155","0.901562"
"2127817155","2080504790","0.901562"
"2080504790","2130519559","3.04323"
"2130519559","2080504790","3.04323"
"2080504790","2149320615","6.62061"
"2149320615","2080504790","6.62061"
"2080504790","2154311813","0.238095"
"2154311813","2080504790","0.238095"
"2080504790","2247340471","0.572594"
"2247340471","2080504790","0.572594"
"2097325952","2149320615","2.2349"
"2149320615","2097325952","2.2349"
"2097325952","2154311813","0.380952"
"2154311813","2097325952","0.380952"
"2097325952","2247340471","0.239261"
"2247340471","2097325952","0.239261"
"2127817155","2149320615","1.4849"
"2149320615","2127817155","1.4849"
"2127817155","2154311813","0.0714286"
"2154311813","2127817155","0.0714286"
"2127817155","2247340471","0.239261"
"2247340471","2127817155","0.239261"
"2130519559","2154311813","4.83095"
"2154311813","2130519559","4.83095"
"2130519559","2247340471","0.239261"
"2247340471","2130519559","0.239261"
"2149320615","2154311813","4.33095"
"2154311813","2149320615","4.33095"
"2149320615","2247340471","0.239261"
"2247340471","2149320615","0.239261"
"2154311813","2247340471","0.0714286"
"2247340471","2154311813","0.0714286"
"1125761772","2557071991","4.03611"
"2557071991","1125761772","4.03611"
"1998382295","2557071991","2.25278"
"2557071991","1998382295","2.25278"
"2025426031","2557071991","2.49722"
"2557071991","2025426031","2.49722"
"2069454342","2557071991","2.38611"
"2557071991","2069454342","2.38611"
"2127817155","2557071991","3.25278"
"2557071991","2127817155","3.25278"
"1125761772","2112243708","2.89444"
"2112243708","1125761772","2.89444"
"1991662650","2112243708","5.05675"
"2112243708","1991662650","5.05675"
"2069454342","2112243708","6.25119"
"2112243708","2069454342","6.25119"
"2112243708","2130519559","5.35516"
"2130519559","2112243708","5.35516"
"1125761772","2557959610","4.47897"
"2557959610","1125761772","4.47897"
"2000507891","2557959610","1.56111"
"2557959610","2000507891","1.56111"
"2025426031","2557959610","1.58889"
"2557959610","2025426031","1.58889"
"2069454342","2557959610","1.47778"
"2557959610","2069454342","1.47778"
"2130519559","2557959610","1.43611"
"2557959610","2130519559","1.43611"
"1998382295","2557959610","0.769444"
"2557959610","1998382295","0.769444"
"2127817155","2557959610","0.769444"
"2557959610","2127817155","0.769444"
"2112243708","2149320615","5.5623"
"2149320615","2112243708","5.5623"
"2112243708","2557959610","3.77778"
"2557959610","2112243708","3.77778"
"2149320615","2557959610","0.47619"
"2557959610","2149320615","0.47619"
"1125761772","1896949208","1.17619"
"1896949208","1125761772","1.17619"
"1125761772","649131741","0.642857"
"649131741","1125761772","0.642857"
"1896949208","1991662650","3.50238"
"1991662650","1896949208","3.50238"
"1896949208","2035699206","4.78764"
"2035699206","1896949208","4.78764"
"1896949208","2080504790","3.79597"
"2080504790","1896949208","3.79597"
"1896949208","2149320615","0.142857"
"2149320615","1896949208","0.142857"
"1896949208","2557959610","0.142857"
"2557959610","1896949208","0.142857"
"1896949208","649131741","45.596"
"649131741","1896949208","45.596"
"1991662650","2557959610","1.34683"
"2557959610","1991662650","1.34683"
"1991662650","649131741","2.80238"
"649131741","1991662650","2.80238"
"2035699206","2557959610","0.452381"
"2557959610","2035699206","0.452381"
"2035699206","649131741","4.28764"
"649131741","2035699206","4.28764"
"2080504790","2557959610","0.930159"
"2557959610","2080504790","0.930159"
"2080504790","649131741","3.79597"
"649131741","2080504790","3.79597"
"2149320615","649131741","0.142857"
"649131741","2149320615","0.142857"
"2557959610","649131741","0.142857"
"649131741","2557959610","0.142857"
"2080504790","2557071991","0.236111"
"2557071991","2080504790","0.236111"
"2097325952","2557071991","0.236111"
"2557071991","2097325952","0.236111"
"2130519559","2557071991","1.30278"
"2557071991","2130519559","1.30278"
"2035699206","2112243708","0.867857"
"2112243708","2035699206","0.867857"
"2069803859","2112243708","5.0246"
"2112243708","2069803859","5.0246"
"2557071991","2557959610","1.17222"
"2557959610","2557071991","1.17222"
"1125761772","1986230769","0.333333"
"1986230769","1125761772","0.333333"
"1125761772","2010301304","0.533333"
"2010301304","1125761772","0.533333"
"1125761772","2291196818","0.533333"
"2291196818","1125761772","0.533333"
"1986230769","2010301304","7.975"
"2010301304","1986230769","7.975"
"1986230769","2291196818","0.533333"
"2291196818","1986230769","0.533333"
"2010301304","2291196818","3.73333"
"2291196818","2010301304","3.73333"
"1125761772","2009443815","0.2"
"2009443815","1125761772","0.2"
"1125761772","2010296199","0.342857"
"2010296199","1125761772","0.342857"
"1991662650","2009443815","0.2"
"2009443815","1991662650","0.2"
"1991662650","2010296199","8.31905"
"2010296199","1991662650","8.31905"
"1991662650","2010301304","0.566667"
"2010301304","1991662650","0.566667"
"1991662650","2291196818","0.4"
"2291196818","1991662650","0.4"
"2009443815","2010296199","0.2"
"2010296199","2009443815","0.2"
"2009443815","2010301304","3.18333"
"2010301304","2009443815","3.18333"
"2009443815","2291196818","1.2"
"2291196818","2009443815","1.2"
"2010296199","2010301304","0.566667"
"2010301304","2010296199","0.566667"
"2010296199","2291196818","0.4"
"2291196818","2010296199","0.4"
"1896949208","1998382295","0.25"
"1998382295","1896949208","0.25"
"1896949208","2127817155","0.95"
"2127817155","1896949208","0.95"
"1998382295","649131741","0.25"
"649131741","1998382295","0.25"
"2127817155","649131741","0.75"
"649131741","2127817155","0.75"
"1125761772","2068395167","3.31905"
"2068395167","1125761772","3.31905"
"1896949208","2068395167","2.44167"
"2068395167","1896949208","2.44167"
"1991662650","2068395167","5.74524"
"2068395167","1991662650","5.74524"
"2068395167","649131741","3.94167"
"649131741","2068395167","3.94167"
"1125761772","2016233136","2.42738"
"2016233136","1125761772","2.42738"
"1125761772","2142407487","2.34405"
"2142407487","1125761772","2.34405"
"1125761772","2148944734","2.76071"
"2148944734","1125761772","2.76071"
"2016233136","2080504790","0.2"
"2080504790","2016233136","0.2"
"2016233136","2142407487","1.64405"
"2142407487","2016233136","1.64405"
"2016233136","2148944734","2.92738"
"2148944734","2016233136","2.92738"
"2016233136","2557959610","0.325"
"2557959610","2016233136","0.325"
"2080504790","2142407487","0.2"
"2142407487","2080504790","0.2"
"2080504790","2148944734","0.41978"
"2148944734","2080504790","0.41978"
"2142407487","2148944734","1.64405"
"2148944734","2142407487","1.64405"
"2142407487","2557959610","0.325"
"2557959610","2142407487","0.325"
"2148944734","2557959610","0.325"
"2557959610","2148944734","0.325"
"2016233136","2068395167","1.15238"
"2068395167","2016233136","1.15238"
"2068395167","2148944734","0.985714"
"2148944734","2068395167","0.985714"
"1991662650","2016233136","1.60238"
"2016233136","1991662650","1.60238"
"1991662650","2142407487","1.65238"
"2142407487","1991662650","1.65238"
"1991662650","2148944734","2.07857"
"2148944734","1991662650","2.07857"
"1991662650","2557071991","0.811111"
"2557071991","1991662650","0.811111"
"2000507891","2112243708","3.73175"
"2112243708","2000507891","3.73175"
"2000507891","2557071991","0.311111"
"2557071991","2000507891","0.311111"
"2025426031","2112243708","2.97341"
"2112243708","2025426031","2.97341"
"2069803859","2557071991","0.111111"
"2557071991","2069803859","0.111111"
"2069803859","2557959610","0.694444"
"2557959610","2069803859","0.694444"
"2080504790","2112243708","2.84008"
"2112243708","2080504790","2.84008"
"2112243708","2557071991","0.311111"
"2557071991","2112243708","0.311111"
"1998382295","2016233136","0.291667"
"2016233136","1998382295","0.291667"
"1998382295","2142407487","0.741667"
"2142407487","1998382295","0.741667"
"1998382295","2148944734","0.291667"
"2148944734","1998382295","0.291667"
"2016233136","2097325952","0.125"
"2097325952","2016233136","0.125"
"2016233136","2127817155","0.741667"
"2127817155","2016233136","0.741667"
"2016233136","2130519559","0.125"
"2130519559","2016233136","0.125"
"2097325952","2142407487","0.125"
"2142407487","2097325952","0.125"
"2097325952","2148944734","0.125"
"2148944734","2097325952","0.125"
"2097325952","2557959610","0.236111"
"2557959610","2097325952","0.236111"
"2127817155","2142407487","0.991667"
"2142407487","2127817155","0.991667"
"2127817155","2148944734","0.741667"
"2148944734","2127817155","0.741667"
"2130519559","2142407487","0.125"
"2142407487","2130519559","0.125"
"2130519559","2148944734","0.125"
"2148944734","2130519559","0.125"
"1125761772","2100921291","0.142857"
"2100921291","1125761772","0.142857"
"1991662650","2100921291","6.38571"
"2100921291","1991662650","6.38571"
"2010296199","2016233136","2.32619"
"2016233136","2010296199","2.32619"
"2010296199","2068395167","3.10238"
"2068395167","2010296199","3.10238"
"2010296199","2100921291","5.40952"
"2100921291","2010296199","5.40952"
"2010296199","2142407487","0.142857"
"2142407487","2010296199","0.142857"
"2010296199","2148944734","0.142857"
"2148944734","2010296199","0.142857"
"2016233136","2100921291","0.142857"
"2100921291","2016233136","0.142857"
"2068395167","2100921291","2.84286"
"2100921291","2068395167","2.84286"
"2068395167","2142407487","0.735714"
"2142407487","2068395167","0.735714"
"2100921291","2142407487","0.142857"
"2142407487","2100921291","0.142857"
"2100921291","2148944734","0.985714"
"2148944734","2100921291","0.985714"
"1896949208","2016233136","0.2"
"2016233136","1896949208","0.2"
"1896949208","2148944734","1.75311"
"2148944734","1896949208","1.75311"
"1125761772","1987276007","0.509524"
"1987276007","1125761772","0.509524"
"1125761772","2035831691","0.509524"
"2035831691","1125761772","0.509524"
"1987276007","1991662650","1.23571"
"1991662650","1987276007","1.23571"
"1987276007","2016233136","0.809524"
"2016233136","1987276007","0.809524"
"1987276007","2035831691","19.4512"
"2035831691","1987276007","19.4512"
"1987276007","2142407487","0.509524"
"2142407487","1987276007","0.509524"
"1987276007","2148944734","0.809524"
"2148944734","1987276007","0.809524"
"1991662650","2035831691","0.309524"
"2035831691","1991662650","0.309524"
"2016233136","2035831691","0.309524"
"2035831691","2016233136","0.309524"
"2035831691","2142407487","0.509524"
"2142407487","2035831691","0.509524"
"2035831691","2148944734","0.309524"
"2148944734","2035831691","0.309524"
"2016233136","2557071991","0.166667"
"2557071991","2016233136","0.166667"
"2142407487","2557071991","0.166667"
"2557071991","2142407487","0.166667"
"2148944734","2557071991","0.166667"
"2557071991","2148944734","0.166667"
"2068395167","2127817155","0.25"
"2127817155","2068395167","0.25"
"1987276007","2068395167","1.69405"
"2068395167","1987276007","1.69405"
"2035831691","2068395167","0.767857"
"2068395167","2035831691","0.767857"
"1987276007","1998382295","0.983333"
"1998382295","1987276007","0.983333"
"1987276007","2127817155","1.48333"
"2127817155","1987276007","1.48333"
"1998382295","2035831691","0.983333"
"2035831691","1998382295","0.983333"
"2035831691","2127817155","0.983333"
"2127817155","2035831691","0.983333"
"1998382295","2112243708","1.50952"
"2112243708","1998382295","1.50952"
"2112243708","2127817155","0.703968"
"2127817155","2112243708","0.703968"
"1533709773","2164830469","1"
"2164830469","1533709773","1"
"1533709773","2055040757","1"
"2055040757","1533709773","1"
"1540193180","2001198344","0.166667"
"2001198344","1540193180","0.166667"
"1540193180","2070524440","0.166667"
"2070524440","1540193180","0.166667"
"1540193180","2130526902","0.166667"
"2130526902","1540193180","0.166667"
"1540193180","2143390909","0.166667"
"2143390909","1540193180","0.166667"
"1540193180","2148944734","0.166667"
"2148944734","1540193180","0.166667"
"1540193180","2149115566","0.166667"
"2149115566","1540193180","0.166667"
"2001198344","2070524440","0.166667"
"2070524440","2001198344","0.166667"
"2001198344","2130526902","3.98333"
"2130526902","2001198344","3.98333"
"2001198344","2143390909","1.95"
"2143390909","2001198344","1.95"
"2001198344","2148944734","12.3167"
"2148944734","2001198344","12.3167"
"2001198344","2149115566","4.86667"
"2149115566","2001198344","4.86667"
"2070524440","2130526902","0.166667"
"2130526902","2070524440","0.166667"
"2070524440","2143390909","0.166667"
"2143390909","2070524440","0.166667"
"2070524440","2148944734","0.166667"
"2148944734","2070524440","0.166667"
"2070524440","2149115566","1.08333"
"2149115566","2070524440","1.08333"
"2130526902","2143390909","1.11667"
"2143390909","2130526902","1.11667"
"2130526902","2148944734","3.81667"
"2148944734","2130526902","3.81667"
"2130526902","2149115566","2.78333"
"2149115566","2130526902","2.78333"
"2143390909","2148944734","1.78333"
"2148944734","2143390909","1.78333"
"2143390909","2149115566","2.95"
"2149115566","2143390909","2.95"
"2148944734","2149115566","2.11667"
"2149115566","2148944734","2.11667"
"1540575015","1991662650","0.1"
"1991662650","1540575015","0.1"
"1540575015","2025426031","0.1"
"2025426031","1540575015","0.1"
"1540575015","2035699206","0.1"
"2035699206","1540575015","0.1"
"1540575015","2069454342","0.1"
"2069454342","1540575015","0.1"
"1540575015","2069803859","0.1"
"2069803859","1540575015","0.1"
"1540575015","2080504790","0.1"
"2080504790","1540575015","0.1"
"1540575015","2097325952","0.1"
"2097325952","1540575015","0.1"
"1540575015","2112243708","0.1"
"2112243708","1540575015","0.1"
"1540575015","2130519559","0.1"
"2130519559","1540575015","0.1"
"1540575015","2149320615","0.1"
"2149320615","1540575015","0.1"
"2097325952","2112243708","0.786111"
"2112243708","2097325952","0.786111"
"1540575015","2136107450","1"
"2136107450","1540575015","1"
"154583129","2035831691","1.5"
"2035831691","154583129","1.5"
"154583129","2125194113","1.5"
"2125194113","154583129","1.5"
"2035831691","2125194113","1.5"
"2125194113","2035831691","1.5"
"154583129","1984086474","0.666667"
"1984086474","154583129","0.666667"
"154583129","2055291147","0.666667"
"2055291147","154583129","0.666667"
"154583129","2096918990","0.333333"
"2096918990","154583129","0.333333"
"1984086474","2055291147","49.1012"
"2055291147","1984086474","49.1012"
"1984086474","2096918990","32.7167"
"2096918990","1984086474","32.7167"
"2055291147","2096918990","9.23333"
"2096918990","2055291147","9.23333"
"154583129","1896949208","0.2"
"1896949208","154583129","0.2"
"154583129","1987249808","0.2"
"1987249808","154583129","0.2"
"154583129","2010296199","0.2"
"2010296199","154583129","0.2"
"154583129","2118782187","0.2"
"2118782187","154583129","0.2"
"154583129","649131741","0.2"
"649131741","154583129","0.2"
"1896949208","1987249808","0.2"
"1987249808","1896949208","0.2"
"1896949208","2010296199","2.73333"
"2010296199","1896949208","2.73333"
"1896949208","2118782187","3.31145"
"2118782187","1896949208","3.31145"
"1987249808","2010296199","10.0833"
"2010296199","1987249808","10.0833"
"1987249808","2118782187","0.283333"
"2118782187","1987249808","0.283333"
"1987249808","649131741","0.533333"
"649131741","1987249808","0.533333"
"2010296199","2118782187","0.4"
"2118782187","2010296199","0.4"
"2010296199","649131741","2.73333"
"649131741","2010296199","2.73333"
"2118782187","649131741","2.47811"
"649131741","2118782187","2.47811"
"154583129","2078702572","0.333333"
"2078702572","154583129","0.333333"
"1984086474","2078702572","23.4345"
"2078702572","1984086474","23.4345"
"2055291147","2078702572","23.2179"
"2078702572","2055291147","23.2179"
"1896949208","1967795181","0.125"
"1967795181","1896949208","0.125"
"1896949208","1984086474","0.458333"
"1984086474","1896949208","0.458333"
"1896949208","1985904611","1.90833"
"1985904611","1896949208","1.90833"
"1896949208","1986230769","0.125"
"1986230769","1896949208","0.125"
"1896949208","2010301304","0.125"
"2010301304","1896949208","0.125"
"1896949208","2055291147","0.375"
"2055291147","1896949208","0.375"
"1896949208","2078702572","0.125"
"2078702572","1896949208","0.125"
"1967795181","1984086474","12.7012"
"1984086474","1967795181","12.7012"
"1967795181","1985904611","2.075"
"1985904611","1967795181","2.075"
"1967795181","1986230769","0.125"
"1986230769","1967795181","0.125"
"1967795181","2010301304","0.125"
"2010301304","1967795181","0.125"
"1967795181","2055291147","12.5845"
"2055291147","1967795181","12.5845"
"1967795181","2078702572","13.2845"
"2078702572","1967795181","13.2845"
"1967795181","649131741","0.125"
"649131741","1967795181","0.125"
"1984086474","1985904611","8.775"
"1985904611","1984086474","8.775"
"1984086474","1986230769","0.325"
"1986230769","1984086474","0.325"
"1984086474","2010301304","0.125"
"2010301304","1984086474","0.125"
"1984086474","649131741","0.458333"
"649131741","1984086474","0.458333"
"1985904611","1986230769","0.125"
"1986230769","1985904611","0.125"
"1985904611","2010301304","0.125"
"2010301304","1985904611","0.125"
"1985904611","2055291147","5.625"
"2055291147","1985904611","5.625"
"1985904611","2078702572","2.54167"
"2078702572","1985904611","2.54167"
"1985904611","649131741","1.90833"
"649131741","1985904611","1.90833"
"1986230769","2055291147","0.325"
"2055291147","1986230769","0.325"
"1986230769","2078702572","1.325"
"2078702572","1986230769","1.325"
"1986230769","649131741","0.125"
"649131741","1986230769","0.125"
"2010301304","2055291147","0.291667"
"2055291147","2010301304","0.291667"
"2010301304","2078702572","0.125"
"2078702572","2010301304","0.125"
"2010301304","649131741","0.125"
"649131741","2010301304","0.125"
"2055291147","649131741","0.375"
"649131741","2055291147","0.375"
"2078702572","649131741","0.125"
"649131741","2078702572","0.125"
"1896949208","2116545781","0.7"
"2116545781","1896949208","0.7"
"2116545781","649131741","0.7"
"649131741","2116545781","0.7"
"1896949208","2035831691","0.908333"
"2035831691","1896949208","0.908333"
"1896949208","2096918990","4.19359"
"2096918990","1896949208","4.19359"
"1985904611","2035831691","0.45"
"2035831691","1985904611","0.45"
"1985904611","2096918990","2.65"
"2096918990","1985904611","2.65"
"2035831691","2096918990","0.25"
"2096918990","2035831691","0.25"
"2035831691","649131741","0.908333"
"649131741","2035831691","0.908333"
"2096918990","649131741","3.19359"
"649131741","2096918990","3.19359"
"1896949208","2090310552","0.5"
"2090310552","1896949208","0.5"
"2035699206","2090310552","0.5"
"2090310552","2035699206","0.5"
"1896949208","1998846400","0.24359"
"1998846400","1896949208","0.24359"
"1896949208","2042411814","0.24359"
"2042411814","1896949208","0.24359"
"1896949208","2088987702","0.24359"
"2088987702","1896949208","0.24359"
"1896949208","2095298672","0.24359"
"2095298672","1896949208","0.24359"
"1896949208","2334142999","0.166667"
"2334142999","1896949208","0.166667"
"1998846400","2042411814","14.6436"
"2042411814","1998846400","14.6436"
"1998846400","2088987702","10.9936"
"2088987702","1998846400","10.9936"
"1998846400","2095298672","3.41026"
"2095298672","1998846400","3.41026"
"1998846400","2334142999","1.36667"
"2334142999","1998846400","1.36667"
"1998846400","649131741","0.24359"
"649131741","1998846400","0.24359"
"2042411814","2088987702","11.8531"
"2088987702","2042411814","11.8531"
"2042411814","2095298672","7.62692"
"2095298672","2042411814","7.62692"
"2042411814","2334142999","0.842857"
"2334142999","2042411814","0.842857"
"2042411814","649131741","0.24359"
"649131741","2042411814","0.24359"
"2088987702","2095298672","3.13645"
"2095298672","2088987702","3.13645"
"2088987702","2334142999","0.842857"
"2334142999","2088987702","0.842857"
"2088987702","649131741","0.24359"
"649131741","2088987702","0.24359"
"2095298672","2334142999","0.366667"
"2334142999","2095298672","0.366667"
"2095298672","649131741","0.24359"
"649131741","2095298672","0.24359"
"2334142999","649131741","0.166667"
"649131741","2334142999","0.166667"
"2035699206","2116545781","0.283333"
"2116545781","2035699206","0.283333"
"2035699206","2118782187","3.57811"
"2118782187","2035699206","3.57811"
"2080504790","2116545781","0.283333"
"2116545781","2080504790","0.283333"
"2080504790","2118782187","1.36978"
"2118782187","2080504790","1.36978"
"2116545781","2118782187","0.283333"
"2118782187","2116545781","0.283333"
"1896949208","2091358819","4.38526"
"2091358819","1896949208","4.38526"
"1985904611","2091358819","2.61667"
"2091358819","1985904611","2.61667"
"2091358819","2096918990","3.27692"
"2096918990","2091358819","3.27692"
"2091358819","649131741","4.05192"
"649131741","2091358819","4.05192"
"1896949208","1990949233","0.5"
"1990949233","1896949208","0.5"
"1990949233","2118782187","0.5"
"2118782187","1990949233","0.5"
"1896949208","2100921291","1.90952"
"2100921291","1896949208","1.90952"
"1991662650","2118782187","0.392857"
"2118782187","1991662650","0.392857"
"2035699206","2100921291","1.09286"
"2100921291","2035699206","1.09286"
"2035699206","2148944734","0.21978"
"2148944734","2035699206","0.21978"
"2080504790","2100921291","1.09286"
"2100921291","2080504790","1.09286"
"2100921291","2118782187","2.75952"
"2118782187","2100921291","2.75952"
"2100921291","649131741","2.24286"
"649131741","2100921291","2.24286"
"2118782187","2148944734","1.05311"
"2148944734","2118782187","1.05311"
"2148944734","649131741","0.886447"
"649131741","2148944734","0.886447"
"1896949208","1987276007","0.991667"
"1987276007","1896949208","0.991667"
"1987276007","649131741","0.991667"
"649131741","1987276007","0.991667"
"1985904611","2035699206","0.2"
"2035699206","1985904611","0.2"
"2035699206","2091358819","3.11145"
"2091358819","2035699206","3.11145"
"2035699206","2096918990","1.02692"
"2096918990","2035699206","1.02692"
"1896949208","2070524440","0.325"
"2070524440","1896949208","0.325"
"1987276007","2035699206","0.767857"
"2035699206","1987276007","0.767857"
"1987276007","2070524440","0.491667"
"2070524440","1987276007","0.491667"
"1987276007","2091358819","0.767857"
"2091358819","1987276007","0.767857"
"1987276007","2118782187","0.325"
"2118782187","1987276007","0.325"
"2035699206","2035831691","0.125"
"2035831691","2035699206","0.125"
"2035699206","2068395167","1.41786"
"2068395167","2035699206","1.41786"
"2035699206","2070524440","0.125"
"2070524440","2035699206","0.125"
"2035831691","2070524440","0.125"
"2070524440","2035831691","0.125"
"2035831691","2091358819","0.125"
"2091358819","2035831691","0.125"
"2035831691","2118782187","0.325"
"2118782187","2035831691","0.325"
"2068395167","2070524440","1.075"
"2070524440","2068395167","1.075"
"2068395167","2091358819","2.13452"
"2091358819","2068395167","2.13452"
"2068395167","2118782187","0.291667"
"2118782187","2068395167","0.291667"
"2070524440","2091358819","0.125"
"2091358819","2070524440","0.125"
"2070524440","2118782187","0.125"
"2118782187","2070524440","0.125"
"2070524440","649131741","0.325"
"649131741","2070524440","0.325"
"2091358819","2118782187","1.78526"
"2118782187","2091358819","1.78526"
"2010296199","2035699206","2.97619"
"2035699206","2010296199","2.97619"
"2010296199","2080504790","3.14286"
"2080504790","2010296199","3.14286"
"1896949208","2014785342","0.0769231"
"2014785342","1896949208","0.0769231"
"1896949208","2060134929","0.276923"
"2060134929","1896949208","0.276923"
"1998846400","2014785342","0.0769231"
"2014785342","1998846400","0.0769231"
"1998846400","2035699206","0.0769231"
"2035699206","1998846400","0.0769231"
"1998846400","2060134929","0.0769231"
"2060134929","1998846400","0.0769231"
"1998846400","2080504790","0.0769231"
"2080504790","1998846400","0.0769231"
"1998846400","2091358819","0.0769231"
"2091358819","1998846400","0.0769231"
"1998846400","2096918990","0.0769231"
"2096918990","1998846400","0.0769231"
"1998846400","2118782187","0.0769231"
"2118782187","1998846400","0.0769231"
"1998846400","2148944734","0.0769231"
"2148944734","1998846400","0.0769231"
"2014785342","2035699206","0.0769231"
"2035699206","2014785342","0.0769231"
"2014785342","2042411814","0.0769231"
"2042411814","2014785342","0.0769231"
"2014785342","2060134929","3.57692"
"2060134929","2014785342","3.57692"
"2014785342","2080504790","0.0769231"
"2080504790","2014785342","0.0769231"
"2014785342","2088987702","0.0769231"
"2088987702","2014785342","0.0769231"
"2014785342","2091358819","3.07692"
"2091358819","2014785342","3.07692"
"2014785342","2095298672","0.0769231"
"2095298672","2014785342","0.0769231"
"2014785342","2096918990","0.276923"
"2096918990","2014785342","0.276923"
"2014785342","2118782187","0.0769231"
"2118782187","2014785342","0.0769231"
"2014785342","2148944734","0.0769231"
"2148944734","2014785342","0.0769231"
"2014785342","649131741","0.0769231"
"649131741","2014785342","0.0769231"
"2035699206","2042411814","0.0769231"
"2042411814","2035699206","0.0769231"
"2035699206","2060134929","0.276923"
"2060134929","2035699206","0.276923"
"2035699206","2088987702","0.576923"
"2088987702","2035699206","0.576923"
"2035699206","2095298672","0.0769231"
"2095298672","2035699206","0.0769231"
"2042411814","2060134929","0.0769231"
"2060134929","2042411814","0.0769231"
"2042411814","2080504790","0.0769231"
"2080504790","2042411814","0.0769231"
"2042411814","2091358819","0.0769231"
"2091358819","2042411814","0.0769231"
"2042411814","2096918990","0.276923"
"2096918990","2042411814","0.276923"
"2042411814","2118782187","0.0769231"
"2118782187","2042411814","0.0769231"
"2042411814","2148944734","0.0769231"
"2148944734","2042411814","0.0769231"
"2060134929","2080504790","0.276923"
"2080504790","2060134929","0.276923"
"2060134929","2088987702","0.0769231"
"2088987702","2060134929","0.0769231"
"2060134929","2091358819","8.07692"
"2091358819","2060134929","8.07692"
"2060134929","2095298672","0.0769231"
"2095298672","2060134929","0.0769231"
"2060134929","2096918990","0.0769231"
"2096918990","2060134929","0.0769231"
"2060134929","2118782187","0.0769231"
"2118782187","2060134929","0.0769231"
"2060134929","2148944734","0.0769231"
"2148944734","2060134929","0.0769231"
"2060134929","649131741","0.276923"
"649131741","2060134929","0.276923"
"2080504790","2088987702","0.0769231"
"2088987702","2080504790","0.0769231"
"2080504790","2091358819","2.78645"
"2091358819","2080504790","2.78645"
"2080504790","2095298672","0.0769231"
"2095298672","2080504790","0.0769231"
"2080504790","2096918990","0.826923"
"2096918990","2080504790","0.826923"
"2088987702","2091358819","0.0769231"
"2091358819","2088987702","0.0769231"
"2088987702","2096918990","0.44359"
"2096918990","2088987702","0.44359"
"2088987702","2118782187","0.576923"
"2118782187","2088987702","0.576923"
"2088987702","2148944734","0.0769231"
"2148944734","2088987702","0.0769231"
"2091358819","2095298672","0.0769231"
"2095298672","2091358819","0.0769231"
"2091358819","2148944734","0.910256"
"2148944734","2091358819","0.910256"
"2095298672","2096918990","0.0769231"
"2096918990","2095298672","0.0769231"
"2095298672","2118782187","0.0769231"
"2118782187","2095298672","0.0769231"
"2095298672","2148944734","0.0769231"
"2148944734","2095298672","0.0769231"
"2096918990","2118782187","0.660256"
"2118782187","2096918990","0.660256"
"2096918990","2148944734","0.576923"
"2148944734","2096918990","0.576923"
"1987276007","2100921291","0.816667"
"2100921291","1987276007","0.816667"
"2035831691","2100921291","0.2"
"2100921291","2035831691","0.2"
"2068395167","2096918990","0.166667"
"2096918990","2068395167","0.166667"
"2091358819","2100921291","1.28333"
"2100921291","2091358819","1.28333"
"1987276007","2080504790","0.809524"
"2080504790","1987276007","0.809524"
"2068395167","2080504790","1.45952"
"2080504790","2068395167","1.45952"
"1984086474","2035699206","0.416667"
"2035699206","1984086474","0.416667"
"1984086474","2080504790","0.416667"
"2080504790","1984086474","0.416667"
"1984086474","2091358819","0.75"
"2091358819","1984086474","0.75"
"1984086474","2100921291","0.25"
"2100921291","1984086474","0.25"
"2010296199","2060134929","0.2"
"2060134929","2010296199","0.2"
"1991662650","2091358819","0.559524"
"2091358819","1991662650","0.559524"
"2010296199","2091358819","0.559524"
"2091358819","2010296199","0.559524"
"1896949208","2025426031","0.333333"
"2025426031","1896949208","0.333333"
"1896949208","2069454342","0.333333"
"2069454342","1896949208","0.333333"
"2025426031","649131741","0.333333"
"649131741","2025426031","0.333333"
"2069454342","649131741","0.333333"
"649131741","2069454342","0.333333"
"1991662650","2096918990","0.5"
"2096918990","1991662650","0.5"
"2010296199","2096918990","0.833333"
"2096918990","2010296199","0.833333"
"1987276007","2010296199","0.92619"
"2010296199","1987276007","0.92619"
"1991662650","2070524440","1.15"
"2070524440","1991662650","1.15"
"2010296199","2070524440","1.65"
"2070524440","2010296199","1.65"
"2070524440","2100921291","1.4"
"2100921291","2070524440","1.4"
"1939804469","1995900158","0.392857"
"1995900158","1939804469","0.392857"
"1939804469","2008946501","0.72619"
"2008946501","1939804469","0.72619"
"1939804469","2108742134","1.72619"
"2108742134","1939804469","1.72619"
"1939804469","2130526902","0.25"
"2130526902","1939804469","0.25"
"1939804469","2159304923","0.392857"
"2159304923","1939804469","0.392857"
"1939804469","2182886988","0.392857"
"2182886988","1939804469","0.392857"
"1939804469","2188171136","0.392857"
"2188171136","1939804469","0.392857"
"1939804469","2317763609","0.392857"
"2317763609","1939804469","0.392857"
"1995900158","2008946501","0.97619"
"2008946501","1995900158","0.97619"
"1995900158","2108742134","2.14286"
"2108742134","1995900158","2.14286"
"1995900158","2130526902","0.25"
"2130526902","1995900158","0.25"
"1995900158","2159304923","0.392857"
"2159304923","1995900158","0.392857"
"1995900158","2182886988","0.392857"
"2182886988","1995900158","0.392857"
"1995900158","2188171136","0.392857"
"2188171136","1995900158","0.392857"
"1995900158","2317763609","0.392857"
"2317763609","1995900158","0.392857"
"2008946501","2108742134","2.30952"
"2108742134","2008946501","2.30952"
"2008946501","2130526902","0.25"
"2130526902","2008946501","0.25"
"2008946501","2159304923","0.392857"
"2159304923","2008946501","0.392857"
"2008946501","2182886988","0.392857"
"2182886988","2008946501","0.392857"
"2008946501","2188171136","0.72619"
"2188171136","2008946501","0.72619"
"2008946501","2317763609","1.39286"
"2317763609","2008946501","1.39286"
"2108742134","2130526902","0.25"
"2130526902","2108742134","0.25"
"2108742134","2159304923","0.392857"
"2159304923","2108742134","0.392857"
"2108742134","2182886988","0.392857"
"2182886988","2108742134","0.392857"
"2108742134","2188171136","0.72619"
"2188171136","2108742134","0.72619"
"2108742134","2317763609","0.392857"
"2317763609","2108742134","0.392857"
"2130526902","2159304923","0.416667"
"2159304923","2130526902","0.416667"
"2130526902","2182886988","0.25"
"2182886988","2130526902","0.25"
"2130526902","2188171136","0.75"
"2188171136","2130526902","0.75"
"2130526902","2317763609","0.25"
"2317763609","2130526902","0.25"
"2159304923","2182886988","0.392857"
"2182886988","2159304923","0.392857"
"2159304923","2188171136","0.392857"
"2188171136","2159304923","0.392857"
"2159304923","2317763609","1.39286"
"2317763609","2159304923","1.39286"
"2182886988","2188171136","0.392857"
"2188171136","2182886988","0.392857"
"2182886988","2317763609","0.392857"
"2317763609","2182886988","0.392857"
"2188171136","2317763609","0.392857"
"2317763609","2188171136","0.392857"
"1939804469","2100921291","0.333333"
"2100921291","1939804469","0.333333"
"2008946501","2100921291","1.25"
"2100921291","2008946501","1.25"
"2100921291","2108742134","2.58333"
"2108742134","2100921291","2.58333"
"1963692016","2010301304","2.98333"
"2010301304","1963692016","2.98333"
"1963692016","1986230769","1.98333"
"1986230769","1963692016","1.98333"
"1963692016","2009443815","1.31667"
"2009443815","1963692016","1.31667"
"1963692016","2009566536","1.98333"
"2009566536","1963692016","1.98333"
"1986230769","2009443815","1.65"
"2009443815","1986230769","1.65"
"1986230769","2009566536","2.81667"
"2009566536","1986230769","2.81667"
"2009443815","2009566536","2.98333"
"2009566536","2009443815","2.98333"
"2009566536","2010301304","3.15"
"2010301304","2009566536","3.15"
"1963692016","2120218059","0.2"
"2120218059","1963692016","0.2"
"1986230769","2120218059","0.2"
"2120218059","1986230769","0.2"
"2009443815","2120218059","0.2"
"2120218059","2009443815","0.2"
"2009566536","2120218059","0.2"
"2120218059","2009566536","0.2"
"2010301304","2120218059","0.2"
"2120218059","2010301304","0.2"
"1963692016","2025426031","0.166667"
"2025426031","1963692016","0.166667"
"1963692016","2183691869","0.366667"
"2183691869","1963692016","0.366667"
"1986230769","2025426031","0.166667"
"2025426031","1986230769","0.166667"
"1986230769","2183691869","0.366667"
"2183691869","1986230769","0.366667"
"2009443815","2025426031","0.166667"
"2025426031","2009443815","0.166667"
"2009443815","2183691869","0.366667"
"2183691869","2009443815","0.366667"
"2009566536","2025426031","0.166667"
"2025426031","2009566536","0.166667"
"2009566536","2183691869","0.366667"
"2183691869","2009566536","0.366667"
"2010301304","2025426031","0.166667"
"2025426031","2010301304","0.166667"
"2010301304","2183691869","0.366667"
