"1454599643","1604915677","0.25"
"1604915677","1454599643","0.25"
"1454599643","2036419892","0.25"
"2036419892","1454599643","0.25"
"1454599643","2106282576","0.25"
"2106282576","1454599643","0.25"
"1454599643","2166573308","0.25"
"2166573308","1454599643","0.25"
"1604915677","2036419892","4.85833"
"2036419892","1604915677","4.85833"
"1604915677","2106282576","1.35"
"2106282576","1604915677","1.35"
"1604915677","2166573308","0.766667"
"2166573308","1604915677","0.766667"
"2036419892","2106282576","2.88333"
"2106282576","2036419892","2.88333"
"2036419892","2166573308","2.76667"
"2166573308","2036419892","2.76667"
"2106282576","2166573308","2.42738"
"2166573308","2106282576","2.42738"
"1488000347","2036259709","3.5"
"2036259709","1488000347","3.5"
"1488000347","2104777241","1.09091"
"2104777241","1488000347","1.09091"
"1488000347","2039182691","0.590909"
"2039182691","1488000347","0.590909"
"1488000347","2102899008","0.166667"
"2102899008","1488000347","0.166667"
"1488000347","2104132866","0.166667"
"2104132866","1488000347","0.166667"
"1488000347","2106282576","1.66667"
"2106282576","1488000347","1.66667"
"1488000347","2115469799","0.166667"
"2115469799","1488000347","0.166667"
"1488000347","2166573308","0.166667"
"2166573308","1488000347","0.166667"
"2039182691","2102899008","1.13288"
"2102899008","2039182691","1.13288"
"2039182691","2104132866","0.483333"
"2104132866","2039182691","0.483333"
"2039182691","2106282576","1.85714"
"2106282576","2039182691","1.85714"
"2039182691","2115469799","0.616209"
"2115469799","2039182691","0.616209"
"2039182691","2166573308","1.50119"
"2166573308","2039182691","1.50119"
"2102899008","2104132866","1.09028"
"2104132866","2102899008","1.09028"
"2102899008","2106282576","5.68909"
"2106282576","2102899008","5.68909"
"2102899008","2115469799","2.98268"
"2115469799","2102899008","2.98268"
"2102899008","2166573308","3.22619"
"2166573308","2102899008","3.22619"
"2104132866","2106282576","4.85258"
"2106282576","2104132866","4.85258"
"2104132866","2115469799","0.676389"
"2115469799","2104132866","0.676389"
"2104132866","2166573308","0.916667"
"2166573308","2104132866","0.916667"
"2106282576","2115469799","1.84901"
"2115469799","2106282576","1.84901"
"2115469799","2166573308","0.491667"
"2166573308","2115469799","0.491667"
"2036259709","2106282576","5.99405"
"2106282576","2036259709","5.99405"
"1488000347","1582330038","1"
"1582330038","1488000347","1"
"1488000347","1894550771","0.0909091"
"1894550771","1488000347","0.0909091"
"1488000347","1983905251","0.0909091"
"1983905251","1488000347","0.0909091"
"1488000347","2000642745","0.0909091"
"2000642745","1488000347","0.0909091"
"1488000347","2005495079","0.0909091"
"2005495079","1488000347","0.0909091"
"1488000347","2066971104","0.0909091"
"2066971104","1488000347","0.0909091"
"1488000347","2091235628","1.42424"
"2091235628","1488000347","1.42424"
"1488000347","2114995611","0.0909091"
"2114995611","1488000347","0.0909091"
"1488000347","2139142329","0.424242"
"2139142329","1488000347","0.424242"
"1488000347","2156614068","0.0909091"
"2156614068","1488000347","0.0909091"
"1894550771","1983905251","0.190909"
"1983905251","1894550771","0.190909"
"1894550771","2000642745","0.900433"
"2000642745","1894550771","0.900433"
"1894550771","2005495079","0.306818"
"2005495079","1894550771","0.306818"
"1894550771","2039182691","0.292832"
"2039182691","1894550771","0.292832"
"1894550771","2066971104","0.0909091"
"2066971104","1894550771","0.0909091"
"1894550771","2091235628","2.64283"
"2091235628","1894550771","2.64283"
"1894550771","2104777241","0.0909091"
"2104777241","1894550771","0.0909091"
"1894550771","2114995611","0.0909091"
"2114995611","1894550771","0.0909091"
"1894550771","2139142329","0.0909091"
"2139142329","1894550771","0.0909091"
"1894550771","2156614068","0.431818"
"2156614068","1894550771","0.431818"
"1983905251","2000642745","0.313131"
"2000642745","1983905251","0.313131"
"1983905251","2005495079","0.146465"
"2005495079","1983905251","0.146465"
"1983905251","2039182691","0.0909091"
"2039182691","1983905251","0.0909091"
"1983905251","2066971104","1.52146"
"2066971104","1983905251","1.52146"
"1983905251","2091235628","1.32146"
"2091235628","1983905251","1.32146"
"1983905251","2104777241","0.0909091"
"2104777241","1983905251","0.0909091"
"1983905251","2114995611","0.0909091"
"2114995611","1983905251","0.0909091"
"1983905251","2139142329","0.0909091"
"2139142329","1983905251","0.0909091"
"1983905251","2156614068","0.340909"
"2156614068","1983905251","0.340909"
"2000642745","2005495079","0.596465"
"2005495079","2000642745","0.596465"
"2000642745","2039182691","0.840909"
"2039182691","2000642745","0.840909"
"2000642745","2066971104","0.479798"
"2066971104","2000642745","0.479798"
"2000642745","2091235628","2.01313"
"2091235628","2000642745","2.01313"
"2000642745","2104777241","0.0909091"
"2104777241","2000642745","0.0909091"
"2000642745","2114995611","0.0909091"
"2114995611","2000642745","0.0909091"
"2000642745","2139142329","0.0909091"
"2139142329","2000642745","0.0909091"
"2000642745","2156614068","0.0909091"
"2156614068","2000642745","0.0909091"
"2005495079","2039182691","0.263528"
"2039182691","2005495079","0.263528"
"2005495079","2066971104","0.246465"
"2066971104","2005495079","0.246465"
"2005495079","2091235628","0.571465"
"2091235628","2005495079","0.571465"
"2005495079","2104777241","0.138528"
"2104777241","2005495079","0.138528"
"2005495079","2114995611","0.138528"
"2114995611","2005495079","0.138528"
"2005495079","2139142329","1.13853"
"2139142329","2005495079","1.13853"
"2005495079","2156614068","0.181818"
"2156614068","2005495079","0.181818"
"2039182691","2066971104","0.0909091"
"2066971104","2039182691","0.0909091"
"2039182691","2091235628","0.501166"
"2091235628","2039182691","0.501166"
"2039182691","2104777241","0.138528"
"2104777241","2039182691","0.138528"
"2039182691","2114995611","0.138528"
"2114995611","2039182691","0.138528"
"2039182691","2139142329","0.471861"
"2139142329","2039182691","0.471861"
"2039182691","2156614068","0.0909091"
"2156614068","2039182691","0.0909091"
"2066971104","2091235628","0.371465"
"2091235628","2066971104","0.371465"
"2066971104","2104777241","0.590909"
"2104777241","2066971104","0.590909"
"2066971104","2114995611","0.0909091"
"2114995611","2066971104","0.0909091"
"2066971104","2139142329","0.0909091"
"2139142329","2066971104","0.0909091"
"2066971104","2156614068","1.04091"
"2156614068","2066971104","1.04091"
"2091235628","2104777241","0.0909091"
"2104777241","2091235628","0.0909091"
"2091235628","2114995611","0.0909091"
"2114995611","2091235628","0.0909091"
"2091235628","2139142329","0.424242"
"2139142329","2091235628","0.424242"
"2091235628","2156614068","0.340909"
"2156614068","2091235628","0.340909"
"2104777241","2114995611","1.20519"
"2114995611","2104777241","1.20519"
"2104777241","2139142329","0.705195"
"2139142329","2104777241","0.705195"
"2104777241","2156614068","0.0909091"
"2156614068","2104777241","0.0909091"
"2114995611","2139142329","0.205195"
"2139142329","2114995611","0.205195"
"2114995611","2156614068","1.09091"
"2156614068","2114995611","1.09091"
"2139142329","2156614068","1.59091"
"2156614068","2139142329","1.59091"
"1490729806","2106282576","11.8667"
"2106282576","1490729806","11.8667"
"1490729806","2005495079","0.5"
"2005495079","1490729806","0.5"
"2005495079","2106282576","4.27262"
"2106282576","2005495079","4.27262"
"1490729806","1965608936","0.833333"
"1965608936","1490729806","0.833333"
"1490729806","2127177630","8.53333"
"2127177630","1490729806","8.53333"
"1965608936","2127177630","1.54091"
"2127177630","1965608936","1.54091"
"2106282576","2127177630","7.61567"
"2127177630","2106282576","7.61567"
"1490729806","1582330038","0.533333"
"1582330038","1490729806","0.533333"
"1490729806","2104777241","0.333333"
"2104777241","1490729806","0.333333"
"1582330038","2104777241","1.9"
"2104777241","1582330038","1.9"
"1582330038","2106282576","2.1"
"2106282576","1582330038","2.1"
"2104777241","2106282576","2.30873"
"2106282576","2104777241","2.30873"
"1490729806","2036259709","1.16667"
"2036259709","1490729806","1.16667"
"1490729806","2058068298","0.333333"
"2058068298","1490729806","0.333333"
"2036259709","2058068298","3.13889"
"2058068298","2036259709","3.13889"
"2058068298","2106282576","1.53333"
"2106282576","2058068298","1.53333"
"1490729806","2059230750","0.333333"
"2059230750","1490729806","0.333333"
"1490729806","2104132866","0.533333"
"2104132866","1490729806","0.533333"
"1490729806","2139142329","0.333333"
"2139142329","1490729806","0.333333"
"2059230750","2104132866","2.04563"
"2104132866","2059230750","2.04563"
"2059230750","2139142329","2.04841"
"2139142329","2059230750","2.04841"
"2104132866","2139142329","2.3123"
"2139142329","2104132866","2.3123"
"1490729806","2087585283","0.2"
"2087585283","1490729806","0.2"
"1582330038","2087585283","1.1"
"2087585283","1582330038","1.1"
"1582330038","2104132866","0.433333"
"2104132866","1582330038","0.433333"
"1582330038","2127177630","0.833333"
"2127177630","1582330038","0.833333"
"2087585283","2104132866","0.5125"
"2104132866","2087585283","0.5125"
"2087585283","2106282576","0.626786"
"2106282576","2087585283","0.626786"
"2087585283","2127177630","0.376786"
"2127177630","2087585283","0.376786"
"2104132866","2127177630","1.40139"
"2127177630","2104132866","1.40139"
"1490729806","1976632602","0.5"
"1976632602","1490729806","0.5"
"1490729806","2115469799","0.5"
"2115469799","1490729806","0.5"
"1976632602","2115469799","0.610119"
"2115469799","1976632602","0.610119"
"2036259709","2127177630","0.833333"
"2127177630","2036259709","0.833333"
"1965608936","2036259709","1.88889"
"2036259709","1965608936","1.88889"
"1490729806","2000642745","0.5"
"2000642745","1490729806","0.5"
"2000642745","2127177630","0.5"
"2127177630","2000642745","0.5"
"1527723029","1826261184","0.0625"
"1826261184","1527723029","0.0625"
"1527723029","1967741238","0.0625"
"1967741238","1527723029","0.0625"
"1527723029","1973434865","0.0625"
"1973434865","1527723029","0.0625"
"1527723029","1976632602","0.0625"
"1976632602","1527723029","0.0625"
"1527723029","1990537706","0.0625"
"1990537706","1527723029","0.0625"
"1527723029","2087585283","0.3125"
"2087585283","1527723029","0.3125"
"1527723029","2102899008","0.0625"
"2102899008","1527723029","0.0625"
"1527723029","2104132866","0.3125"
"2104132866","1527723029","0.3125"
"1527723029","2106282576","0.3125"
"2106282576","1527723029","0.3125"
"1527723029","2115469799","0.0625"
"2115469799","1527723029","0.0625"
"1527723029","2118115183","0.0625"
"2118115183","1527723029","0.0625"
"1527723029","2122257750","0.0625"
"2122257750","1527723029","0.0625"
"1527723029","2127177630","0.0625"
"2127177630","1527723029","0.0625"
"1527723029","2163059454","0.0625"
"2163059454","1527723029","0.0625"
"1527723029","2182857317","0.0625"
"2182857317","1527723029","0.0625"
"1527723029","55456239","0.0625"
"55456239","1527723029","0.0625"
"1826261184","1967741238","0.129167"
"1967741238","1826261184","0.129167"
"1826261184","1973434865","0.22123"
"1973434865","1826261184","0.22123"
"1826261184","1976632602","0.176786"
"1976632602","1826261184","0.176786"
"1826261184","1990537706","0.0625"
"1990537706","1826261184","0.0625"
"1826261184","2087585283","0.176786"
"2087585283","1826261184","0.176786"
"1826261184","2102899008","1.80212"
"2102899008","1826261184","1.80212"
"1826261184","2104132866","0.652579"
"2104132866","1826261184","0.652579"
"1826261184","2106282576","1.46687"
"2106282576","1826261184","1.46687"
"1826261184","2115469799","1.33823"
"2115469799","1826261184","1.33823"
"1826261184","2118115183","0.187042"
"2118115183","1826261184","0.187042"
"1826261184","2122257750","0.110119"
"2122257750","1826261184","0.110119"
"1826261184","2127177630","0.610119"
"2127177630","1826261184","0.610119"
"1826261184","2163059454","0.76369"
"2163059454","1826261184","0.76369"
"1826261184","2182857317","0.659325"
"2182857317","1826261184","0.659325"
"1826261184","55456239","1.55728"
"55456239","1826261184","1.55728"
"1967741238","1973434865","0.129167"
"1973434865","1967741238","0.129167"
"1967741238","1976632602","0.129167"
"1976632602","1967741238","0.129167"
"1967741238","1990537706","0.0625"
"1990537706","1967741238","0.0625"
"1967741238","2087585283","0.129167"
"2087585283","1967741238","0.129167"
"1967741238","2102899008","0.129167"
"2102899008","1967741238","0.129167"
"1967741238","2104132866","0.129167"
"2104132866","1967741238","0.129167"
"1967741238","2106282576","1.12917"
"2106282576","1967741238","1.12917"
"1967741238","2115469799","0.0625"
"2115469799","1967741238","0.0625"
"1967741238","2118115183","0.129167"
"2118115183","1967741238","0.129167"
"1967741238","2122257750","0.0625"
"2122257750","1967741238","0.0625"
"1967741238","2127177630","0.195833"
"2127177630","1967741238","0.195833"
"1967741238","2163059454","0.129167"
"2163059454","1967741238","0.129167"
"1967741238","2182857317","0.0625"
"2182857317","1967741238","0.0625"
"1967741238","55456239","0.129167"
"55456239","1967741238","0.129167"
"1973434865","1976632602","0.110119"
"1976632602","1973434865","0.110119"
"1973434865","1990537706","0.205357"
"1990537706","1973434865","0.205357"
"1973434865","2087585283","0.110119"
"2087585283","1973434865","0.110119"
"1973434865","2102899008","0.843452"
"2102899008","1973434865","0.843452"
"1973434865","2104132866","0.129167"
"2104132866","1973434865","0.129167"
"1973434865","2106282576","0.627976"
"2106282576","1973434865","0.627976"
"1973434865","2115469799","0.401786"
"2115469799","1973434865","0.401786"
"1973434865","2118115183","1.0002"
"2118115183","1973434865","1.0002"
"1973434865","2122257750","0.110119"
"2122257750","1973434865","0.110119"
"1973434865","2127177630","0.287897"
"2127177630","1973434865","0.287897"
"1973434865","2163059454","0.240278"
"2163059454","1973434865","0.240278"
"1973434865","2182857317","0.0625"
"2182857317","1973434865","0.0625"
"1973434865","55456239","0.229167"
"55456239","1973434865","0.229167"
"1976632602","1990537706","0.0625"
"1990537706","1976632602","0.0625"
"1976632602","2087585283","0.176786"
"2087585283","1976632602","0.176786"
"1976632602","2102899008","0.110119"
"2102899008","1976632602","0.110119"
"1976632602","2104132866","0.0625"
"2104132866","1976632602","0.0625"
"1976632602","2106282576","2.42679"
"2106282576","1976632602","2.42679"
"1976632602","2118115183","0.360119"
"2118115183","1976632602","0.360119"
"1976632602","2122257750","0.110119"
"2122257750","1976632602","0.110119"
"1976632602","2127177630","0.176786"
"2127177630","1976632602","0.176786"
"1976632602","2163059454","0.0625"
"2163059454","1976632602","0.0625"
"1976632602","2182857317","0.0625"
"2182857317","1976632602","0.0625"
"1976632602","55456239","0.129167"
"55456239","1976632602","0.129167"
"1990537706","2087585283","0.0625"
"2087585283","1990537706","0.0625"
"1990537706","2102899008","0.405357"
"2102899008","1990537706","0.405357"
"1990537706","2104132866","0.3125"
"2104132866","1990537706","0.3125"
"1990537706","2106282576","1.43155"
"2106282576","1990537706","1.43155"
"1990537706","2115469799","0.0625"
"2115469799","1990537706","0.0625"
"1990537706","2118115183","0.705357"
"2118115183","1990537706","0.705357"
"1990537706","2122257750","0.0625"
"2122257750","1990537706","0.0625"
"1990537706","2127177630","0.0625"
"2127177630","1990537706","0.0625"
"1990537706","2163059454","0.0625"
"2163059454","1990537706","0.0625"
"1990537706","2182857317","0.0625"
"2182857317","1990537706","0.0625"
"1990537706","55456239","0.0625"
"55456239","1990537706","0.0625"
"2087585283","2102899008","0.110119"
"2102899008","2087585283","0.110119"
"2087585283","2115469799","0.110119"
"2115469799","2087585283","0.110119"
"2087585283","2118115183","0.110119"
"2118115183","2087585283","0.110119"
"2087585283","2122257750","0.110119"
"2122257750","2087585283","0.110119"
"2087585283","2163059454","1.89583"
"2163059454","2087585283","1.89583"
"2087585283","2182857317","0.0625"
"2182857317","2087585283","0.0625"
"2087585283","55456239","0.129167"
"55456239","2087585283","0.129167"
"2102899008","2118115183","1.43426"
"2118115183","2102899008","1.43426"
"2102899008","2122257750","0.110119"
"2122257750","2102899008","0.110119"
"2102899008","2127177630","0.624008"
"2127177630","2102899008","0.624008"
"2102899008","2163059454","0.618056"
"2163059454","2102899008","0.618056"
"2102899008","2182857317","0.405357"
"2182857317","2102899008","0.405357"
"2102899008","55456239","5.10172"
"55456239","2102899008","5.10172"
"2104132866","2118115183","0.129167"
"2118115183","2104132866","0.129167"
"2104132866","2122257750","0.0625"
"2122257750","2104132866","0.0625"
"2104132866","2163059454","1.38591"
"2163059454","2104132866","1.38591"
"2104132866","2182857317","0.316468"
"2182857317","2104132866","0.316468"
"2104132866","55456239","0.509722"
"55456239","2104132866","0.509722"
"2106282576","2118115183","2.66964"
"2118115183","2106282576","2.66964"
"2106282576","2122257750","0.110119"
"2122257750","2106282576","0.110119"
"2106282576","2163059454","2.31925"
"2163059454","2106282576","2.31925"
"2106282576","2182857317","0.316468"
"2182857317","2106282576","0.316468"
"2106282576","55456239","0.576389"
"55456239","2106282576","0.576389"
"2115469799","2118115183","0.367598"
"2118115183","2115469799","0.367598"
"2115469799","2122257750","0.110119"
"2122257750","2115469799","0.110119"
"2115469799","2127177630","0.668452"
"2127177630","2115469799","0.668452"
"2115469799","2163059454","0.620833"
"2163059454","2115469799","0.620833"
"2115469799","2182857317","0.316468"
"2182857317","2115469799","0.316468"
"2115469799","55456239","2.97117"
"55456239","2115469799","2.97117"
"2118115183","2122257750","0.110119"
"2122257750","2118115183","0.110119"
"2118115183","2127177630","0.510119"
"2127177630","2118115183","0.510119"
"2118115183","2163059454","0.129167"
"2163059454","2118115183","0.129167"
"2118115183","2182857317","0.0625"
"2182857317","2118115183","0.0625"
"2118115183","55456239","0.194979"
"55456239","2118115183","0.194979"
"2122257750","2127177630","0.110119"
"2127177630","2122257750","0.110119"
"2122257750","2163059454","0.0625"
"2163059454","2122257750","0.0625"
"2122257750","2182857317","0.0625"
"2182857317","2122257750","0.0625"
"2122257750","55456239","0.0625"
"55456239","2122257750","0.0625"
"2127177630","2163059454","1.5625"
"2163059454","2127177630","1.5625"
"2127177630","2182857317","0.173611"
"2182857317","2127177630","0.173611"
"2127177630","55456239","0.6875"
"55456239","2127177630","0.6875"
"2163059454","2182857317","0.316468"
"2182857317","2163059454","0.316468"
"2163059454","55456239","0.620833"
"55456239","2163059454","0.620833"
"2182857317","55456239","0.516468"
"55456239","2182857317","0.516468"
"1527723029","2039182691","0.25"
"2039182691","1527723029","0.25"
"2039182691","2087585283","0.297619"
"2087585283","2039182691","0.297619"
"1582330038","2059230750","1.06667"
"2059230750","1582330038","1.06667"
"2059230750","2127177630","4.1048"
"2127177630","2059230750","4.1048"
"1582330038","2139142329","2.4"
"2139142329","1582330038","2.4"
"2059230750","2106282576","2.8123"
"2106282576","2059230750","2.8123"
"2106282576","2139142329","2.42659"
"2139142329","2106282576","2.42659"
"1582330038","2163059454","3.06667"
"2163059454","1582330038","3.06667"
"2139142329","2163059454","4.09008"
"2163059454","2139142329","4.09008"
"1582330038","1826261184","0.0666667"
"1826261184","1582330038","0.0666667"
"1582330038","1967741238","0.133333"
"1967741238","1582330038","0.133333"
"1582330038","1976632602","0.0666667"
"1976632602","1582330038","0.0666667"
"1582330038","2012802231","0.0666667"
"2012802231","1582330038","0.0666667"
"1582330038","2080233205","0.0666667"
"2080233205","1582330038","0.0666667"
"1582330038","2096147846","0.0666667"
"2096147846","1582330038","0.0666667"
"1582330038","2114995611","0.0666667"
"2114995611","1582330038","0.0666667"
"1582330038","2162373602","0.133333"
"2162373602","1582330038","0.133333"
"1582330038","55456239","0.0666667"
"55456239","1582330038","0.0666667"
"1582330038","988848801","0.0666667"
"988848801","1582330038","0.0666667"
"1826261184","2012802231","0.0666667"
"2012802231","1826261184","0.0666667"
"1826261184","2080233205","0.0666667"
"2080233205","1826261184","0.0666667"
"1826261184","2096147846","0.114286"
"2096147846","1826261184","0.114286"
"1826261184","2104777241","0.225397"
"2104777241","1826261184","0.225397"
"1826261184","2114995611","0.114286"
"2114995611","1826261184","0.114286"
"1826261184","2139142329","0.704365"
"2139142329","1826261184","0.704365"
"1826261184","2162373602","0.391209"
"2162373602","1826261184","0.391209"
"1826261184","988848801","0.0666667"
"988848801","1826261184","0.0666667"
"1967741238","2012802231","0.0666667"
"2012802231","1967741238","0.0666667"
"1967741238","2080233205","0.0666667"
"2080233205","1967741238","0.0666667"
"1967741238","2096147846","0.0666667"
"2096147846","1967741238","0.0666667"
"1967741238","2104777241","0.0666667"
"2104777241","1967741238","0.0666667"
"1967741238","2114995611","0.0666667"
"2114995611","1967741238","0.0666667"
"1967741238","2139142329","0.0666667"
"2139142329","1967741238","0.0666667"
"1967741238","2162373602","0.133333"
"2162373602","1967741238","0.133333"
"1967741238","988848801","0.0666667"
"988848801","1967741238","0.0666667"
"1976632602","2012802231","0.0666667"
"2012802231","1976632602","0.0666667"
"1976632602","2080233205","0.0666667"
"2080233205","1976632602","0.0666667"
"1976632602","2096147846","0.114286"
"2096147846","1976632602","0.114286"
"1976632602","2104777241","0.114286"
"2104777241","1976632602","0.114286"
"1976632602","2114995611","0.114286"
"2114995611","1976632602","0.114286"
"1976632602","2139142329","0.114286"
"2139142329","1976632602","0.114286"
"1976632602","2162373602","0.364286"
"2162373602","1976632602","0.364286"
"1976632602","988848801","0.0666667"
"988848801","1976632602","0.0666667"
"2012802231","2080233205","0.0666667"
"2080233205","2012802231","0.0666667"
"2012802231","2087585283","0.0666667"
"2087585283","2012802231","0.0666667"
"2012802231","2096147846","0.566667"
"2096147846","2012802231","0.566667"
"2012802231","2104777241","0.0666667"
"2104777241","2012802231","0.0666667"
"2012802231","2106282576","0.4"
"2106282576","2012802231","0.4"
"2012802231","2114995611","0.0666667"
"2114995611","2012802231","0.0666667"
"2012802231","2127177630","0.191667"
"2127177630","2012802231","0.191667"
"2012802231","2139142329","0.191667"
"2139142329","2012802231","0.191667"
"2012802231","2162373602","0.9"
"2162373602","2012802231","0.9"
"2012802231","55456239","1.69167"
"55456239","2012802231","1.69167"
"2012802231","988848801","0.0666667"
"988848801","2012802231","0.0666667"
"2080233205","2087585283","0.0666667"
"2087585283","2080233205","0.0666667"
"2080233205","2096147846","0.0666667"
"2096147846","2080233205","0.0666667"
"2080233205","2104777241","0.0666667"
"2104777241","2080233205","0.0666667"
"2080233205","2106282576","0.0666667"
"2106282576","2080233205","0.0666667"
"2080233205","2114995611","0.0666667"
"2114995611","2080233205","0.0666667"
"2080233205","2127177630","0.0666667"
"2127177630","2080233205","0.0666667"
"2080233205","2139142329","0.0666667"
"2139142329","2080233205","0.0666667"
"2080233205","2162373602","0.0666667"
"2162373602","2080233205","0.0666667"
"2080233205","55456239","0.0666667"
"55456239","2080233205","0.0666667"
"2080233205","988848801","0.0666667"
"988848801","2080233205","0.0666667"
"2087585283","2096147846","0.114286"
"2096147846","2087585283","0.114286"
"2087585283","2104777241","0.114286"
"2104777241","2087585283","0.114286"
"2087585283","2114995611","0.114286"
"2114995611","2087585283","0.114286"
"2087585283","2139142329","0.947619"
"2139142329","2087585283","0.947619"
"2087585283","2162373602","0.114286"
"2162373602","2087585283","0.114286"
"2087585283","988848801","0.0666667"
"988848801","2087585283","0.0666667"
"2096147846","2104777241","0.114286"
"2104777241","2096147846","0.114286"
"2096147846","2106282576","0.114286"
"2106282576","2096147846","0.114286"
"2096147846","2114995611","0.114286"
"2114995611","2096147846","0.114286"
"2096147846","2127177630","0.114286"
"2127177630","2096147846","0.114286"
"2096147846","2139142329","0.114286"
"2139142329","2096147846","0.114286"
"2096147846","2162373602","0.114286"
"2162373602","2096147846","0.114286"
"2096147846","55456239","0.0666667"
"55456239","2096147846","0.0666667"
"2096147846","988848801","0.0666667"
"988848801","2096147846","0.0666667"
"2104777241","2127177630","1.7254"
"2127177630","2104777241","1.7254"
"2104777241","2162373602","0.114286"
"2162373602","2104777241","0.114286"
"2104777241","55456239","0.177778"
"55456239","2104777241","0.177778"
"2104777241","988848801","0.0666667"
"988848801","2104777241","0.0666667"
"2106282576","2114995611","0.114286"
"2114995611","2106282576","0.114286"
"2106282576","2162373602","3.68929"
"2162373602","2106282576","3.68929"
"2106282576","988848801","0.0666667"
"988848801","2106282576","0.0666667"
"2114995611","2127177630","0.114286"
"2127177630","2114995611","0.114286"
"2114995611","2162373602","0.114286"
"2162373602","2114995611","0.114286"
"2114995611","55456239","0.0666667"
"55456239","2114995611","0.0666667"
"2114995611","988848801","0.0666667"
"988848801","2114995611","0.0666667"
"2127177630","2139142329","2.06151"
"2139142329","2127177630","2.06151"
"2127177630","2162373602","0.430952"
"2162373602","2127177630","0.430952"
"2127177630","988848801","0.0666667"
"988848801","2127177630","0.0666667"
"2139142329","2162373602","0.114286"
"2162373602","2139142329","0.114286"
"2139142329","55456239","0.638889"
"55456239","2139142329","0.638889"
"2139142329","988848801","0.0666667"
"988848801","2139142329","0.0666667"
"2162373602","55456239","0.199145"
"55456239","2162373602","0.199145"
"2162373602","988848801","0.0666667"
"988848801","2162373602","0.0666667"
"55456239","988848801","0.0666667"
"988848801","55456239","0.0666667"
"1582330038","2102899008","0.233333"
"2102899008","1582330038","0.233333"
"2059230750","2102899008","1.06944"
"2102899008","2059230750","1.06944"
"2059230750","2163059454","1.32341"
"2163059454","2059230750","1.32341"
"2102899008","2139142329","3.0504"
"2139142329","2102899008","3.0504"
"1582330038","1604915677","0.0666667"
"1604915677","1582330038","0.0666667"
"1582330038","179658434","0.0666667"
"179658434","1582330038","0.0666667"
"1582330038","1838971033","0.0666667"
"1838971033","1582330038","0.0666667"
"1582330038","1973434865","0.0666667"
"1973434865","1582330038","0.0666667"
"1582330038","2039182691","0.0666667"
"2039182691","1582330038","0.0666667"
"1582330038","2118115183","0.0666667"
"2118115183","1582330038","0.0666667"
"1582330038","2154732019","0.0666667"
"2154732019","1582330038","0.0666667"
"1582330038","2162451880","0.0666667"
"2162451880","1582330038","0.0666667"
"1604915677","179658434","2.59167"
"179658434","1604915677","2.59167"
"1604915677","1838971033","0.0666667"
"1838971033","1604915677","0.0666667"
"1604915677","1967741238","0.0666667"
"1967741238","1604915677","0.0666667"
"1604915677","1973434865","0.0666667"
"1973434865","1604915677","0.0666667"
"1604915677","2039182691","0.0666667"
"2039182691","1604915677","0.0666667"
"1604915677","2059230750","0.0666667"
"2059230750","1604915677","0.0666667"
"1604915677","2102899008","0.933333"
"2102899008","1604915677","0.933333"
"1604915677","2104132866","0.233333"
"2104132866","1604915677","0.233333"
"1604915677","2118115183","0.0666667"
"2118115183","1604915677","0.0666667"
"1604915677","2127177630","0.85"
"2127177630","1604915677","0.85"
"1604915677","2154732019","0.0666667"
"2154732019","1604915677","0.0666667"
"1604915677","2162373602","0.0666667"
"2162373602","1604915677","0.0666667"
"1604915677","2162451880","0.0666667"
"2162451880","1604915677","0.0666667"
"1604915677","2163059454","0.0666667"
"2163059454","1604915677","0.0666667"
"179658434","1838971033","0.0666667"
"1838971033","179658434","0.0666667"
"179658434","1967741238","0.0666667"
"1967741238","179658434","0.0666667"
"179658434","1973434865","0.122222"
"1973434865","179658434","0.122222"
"179658434","2039182691","0.0666667"
"2039182691","179658434","0.0666667"
"179658434","2059230750","0.324242"
"2059230750","179658434","0.324242"
"179658434","2102899008","0.322222"
"2102899008","179658434","0.322222"
"179658434","2104132866","0.0666667"
"2104132866","179658434","0.0666667"
"179658434","2118115183","0.122222"
"2118115183","179658434","0.122222"
"179658434","2127177630","0.324242"
"2127177630","179658434","0.324242"
"179658434","2154732019","0.0666667"
"2154732019","179658434","0.0666667"
"179658434","2162373602","0.122222"
"2162373602","179658434","0.122222"
"179658434","2162451880","0.0666667"
"2162451880","179658434","0.0666667"
"179658434","2163059454","0.0666667"
"2163059454","179658434","0.0666667"
"1838971033","1967741238","0.0666667"
"1967741238","1838971033","0.0666667"
"1838971033","1973434865","0.0666667"
"1973434865","1838971033","0.0666667"
"1838971033","2039182691","0.0666667"
"2039182691","1838971033","0.0666667"
"1838971033","2059230750","0.0666667"
"2059230750","1838971033","0.0666667"
"1838971033","2102899008","0.0666667"
"2102899008","1838971033","0.0666667"
"1838971033","2104132866","0.65"
"2104132866","1838971033","0.65"
"1838971033","2118115183","0.316667"
"2118115183","1838971033","0.316667"
"1838971033","2127177630","0.816667"
"2127177630","1838971033","0.816667"
"1838971033","2154732019","0.0666667"
"2154732019","1838971033","0.0666667"
"1838971033","2162373602","1.06667"
"2162373602","1838971033","1.06667"
"1838971033","2162451880","0.0666667"
"2162451880","1838971033","0.0666667"
"1838971033","2163059454","0.0666667"
"2163059454","1838971033","0.0666667"
"1967741238","2039182691","0.0666667"
"2039182691","1967741238","0.0666667"
"1967741238","2059230750","0.0666667"
"2059230750","1967741238","0.0666667"
"1967741238","2154732019","0.0666667"
"2154732019","1967741238","0.0666667"
"1967741238","2162451880","0.0666667"
"2162451880","1967741238","0.0666667"
"1973434865","2039182691","1.46548"
"2039182691","1973434865","1.46548"
"1973434865","2059230750","0.177778"
"2059230750","1973434865","0.177778"
"1973434865","2154732019","0.868254"
"2154732019","1973434865","0.868254"
"1973434865","2162373602","0.169841"
"2162373602","1973434865","0.169841"
"1973434865","2162451880","0.0666667"
"2162451880","1973434865","0.0666667"
"2039182691","2059230750","0.0666667"
"2059230750","2039182691","0.0666667"
"2039182691","2118115183","0.834066"
"2118115183","2039182691","0.834066"
"2039182691","2127177630","1.11429"
"2127177630","2039182691","1.11429"
"2039182691","2154732019","0.584066"
"2154732019","2039182691","0.584066"
"2039182691","2162373602","0.316209"
"2162373602","2039182691","0.316209"
"2039182691","2162451880","0.0666667"
"2162451880","2039182691","0.0666667"
"2039182691","2163059454","0.0666667"
"2163059454","2039182691","0.0666667"
"2059230750","2118115183","0.4"
"2118115183","2059230750","0.4"
"2059230750","2154732019","0.402778"
"2154732019","2059230750","0.402778"
"2059230750","2162373602","0.0666667"
"2162373602","2059230750","0.0666667"
"2059230750","2162451880","0.0666667"
"2162451880","2059230750","0.0666667"
"2102899008","2154732019","8.76462"
"2154732019","2102899008","8.76462"
"2102899008","2162373602","1.37176"
"2162373602","2102899008","1.37176"
"2102899008","2162451880","0.0666667"
"2162451880","2102899008","0.0666667"
"2104132866","2154732019","0.277778"
"2154732019","2104132866","0.277778"
"2104132866","2162373602","0.316667"
"2162373602","2104132866","0.316667"
"2104132866","2162451880","0.0666667"
"2162451880","2104132866","0.0666667"
"2118115183","2154732019","1.33407"
"2154732019","2118115183","1.33407"
"2118115183","2162373602","1.28843"
"2162373602","2118115183","1.28843"
"2118115183","2162451880","0.0666667"
"2162451880","2118115183","0.0666667"
"2127177630","2154732019","0.561508"
"2154732019","2127177630","0.561508"
"2127177630","2162451880","0.0666667"
"2162451880","2127177630","0.0666667"
"2154732019","2162373602","0.191209"
"2162373602","2154732019","0.191209"
"2154732019","2162451880","0.0666667"
"2162451880","2154732019","0.0666667"
"2154732019","2163059454","0.388889"
"2163059454","2154732019","0.388889"
"2162373602","2162451880","0.0666667"
"2162451880","2162373602","0.0666667"
"2162373602","2163059454","0.0666667"
"2163059454","2162373602","0.0666667"
"2162451880","2163059454","0.0666667"
"2163059454","2162451880","0.0666667"
"1604915677","2058068298","0.95"
"2058068298","1604915677","0.95"
"1604915677","2156614068","2.11667"
"2156614068","1604915677","2.11667"
"179658434","2036419892","2.78813"
"2036419892","179658434","2.78813"
"179658434","2058068298","1.31313"
"2058068298","179658434","1.31313"
"179658434","2156614068","0.924242"
"2156614068","179658434","0.924242"
"2036419892","2058068298","1.1798"
"2058068298","2036419892","1.1798"
"2036419892","2156614068","0.840909"
"2156614068","2036419892","0.840909"
"2058068298","2156614068","4.95758"
"2156614068","2058068298","4.95758"
"1604915677","1965608936","0.616667"
"1965608936","1604915677","0.616667"
"1965608936","2058068298","6.96313"
"2058068298","1965608936","6.96313"
"1965608936","2156614068","8.12424"
"2156614068","1965608936","8.12424"
"2058068298","2127177630","1.20758"
"2127177630","2058068298","1.20758"
"2127177630","2156614068","1.20758"
"2156614068","2127177630","1.20758"
"1604915677","55456239","0.25"
"55456239","1604915677","0.25"
"179658434","55456239","0.305556"
"55456239","179658434","0.305556"
"2058068298","55456239","0.305556"
"55456239","2058068298","0.305556"
"2156614068","55456239","0.25"
"55456239","2156614068","0.25"
"1604915677","96210126","1.9"
"96210126","1604915677","1.9"
"179658434","96210126","2.54646"
"96210126","179658434","2.54646"
"2036419892","96210126","6.8798"
"96210126","2036419892","6.8798"
"1604915677","1983905251","0.475"
"1983905251","1604915677","0.475"
"179658434","1983905251","1.06389"
"1983905251","179658434","1.06389"
"1983905251","2036419892","5.93056"
"2036419892","1983905251","5.93056"
"1983905251","96210126","3.90556"
"96210126","1983905251","3.90556"
"1604915677","2066971104","0.875"
"2066971104","1604915677","0.875"
"179658434","2066971104","0.730556"
"2066971104","179658434","0.730556"
"2036419892","2066971104","3.06389"
"2066971104","2036419892","3.06389"
"2066971104","96210126","0.605556"
"96210126","2066971104","0.605556"
"2036419892","2102899008","1.41389"
"2102899008","2036419892","1.41389"
"1604915677","2036259709","0.266667"
"2036259709","1604915677","0.266667"
"2036259709","2036419892","3.01389"
"2036419892","2036259709","3.01389"
"2036259709","2102899008","5.34008"
"2102899008","2036259709","5.34008"
"2036259709","2104132866","0.75"
"2104132866","2036259709","0.75"
"2036259709","2166573308","2.07738"
"2166573308","2036259709","2.07738"
"2036419892","2104132866","0.166667"
"2104132866","2036419892","0.166667"
"1604915677","2091235628","0.575"
"2091235628","1604915677","0.575"
"2036419892","2091235628","2.82222"
"2091235628","2036419892","2.82222"
"2091235628","2102899008","1.07415"
"2102899008","2091235628","1.07415"
"2091235628","2106282576","2.43333"
"2106282576","2091235628","2.43333"
"2036419892","2127177630","0.424242"
"2127177630","2036419892","0.424242"
"1604915677","2073751151","0.466667"
"2073751151","1604915677","0.466667"
"179658434","2073751151","0.522222"
"2073751151","179658434","0.522222"
"2036419892","2073751151","0.355556"
"2073751151","2036419892","0.355556"
"2066971104","2073751151","0.355556"
"2073751151","2066971104","0.355556"
"2073751151","96210126","0.599145"
"96210126","2073751151","0.599145"
"1604915677","1894550771","0.1"
"1894550771","1604915677","0.1"
"1604915677","1985560975","0.225"
"1985560975","1604915677","0.225"
"1604915677","2012802231","0.1"
"2012802231","1604915677","0.1"
"179658434","1894550771","0.190909"
"1894550771","179658434","0.190909"
"179658434","1985560975","0.904798"
"1985560975","179658434","0.904798"
"179658434","2012802231","0.1"
"2012802231","179658434","0.1"
"179658434","2036259709","0.855556"
"2036259709","179658434","0.855556"
"179658434","2091235628","0.713889"
"2091235628","179658434","0.713889"
"1894550771","1985560975","0.190909"
"1985560975","1894550771","0.190909"
"1894550771","2012802231","0.225"
"2012802231","1894550771","0.225"
"1894550771","2036259709","0.242857"
"2036259709","1894550771","0.242857"
"1894550771","2036419892","0.190909"
"2036419892","1894550771","0.190909"
"1894550771","2102899008","0.44478"
"2102899008","1894550771","0.44478"
"1894550771","96210126","0.267832"
"96210126","1894550771","0.267832"
"1983905251","1985560975","3.09722"
"1985560975","1983905251","3.09722"
"1983905251","2012802231","0.266667"
"2012802231","1983905251","0.266667"
"1983905251","2036259709","1.47222"
"2036259709","1983905251","1.47222"
"1983905251","2102899008","0.322222"
"2102899008","1983905251","0.322222"
"1985560975","2012802231","0.266667"
"2012802231","1985560975","0.266667"
"1985560975","2036259709","1.09722"
"2036259709","1985560975","1.09722"
"1985560975","2036419892","5.31313"
"2036419892","1985560975","5.31313"
"1985560975","2091235628","1.35556"
"2091235628","1985560975","1.35556"
"1985560975","2102899008","0.447222"
"2102899008","1985560975","0.447222"
"1985560975","96210126","1.91313"
"96210126","1985560975","1.91313"
"2012802231","2036259709","0.6"
"2036259709","2012802231","0.6"
"2012802231","2036419892","0.466667"
"2036419892","2012802231","0.466667"
"2012802231","2091235628","0.425"
"2091235628","2012802231","0.425"
"2012802231","2102899008","1.825"
"2102899008","2012802231","1.825"
"2012802231","96210126","0.266667"
"96210126","2012802231","0.266667"
"2036259709","2091235628","1.48056"
"2091235628","2036259709","1.48056"
"2036259709","96210126","0.572222"
"96210126","2036259709","0.572222"
"2091235628","96210126","0.665812"
"96210126","2091235628","0.665812"
"2102899008","96210126","0.332479"
"96210126","2102899008","0.332479"
"1604915677","2029697032","0.125"
"2029697032","1604915677","0.125"
"1604915677","2337776814","0.125"
"2337776814","1604915677","0.125"
"179658434","2029697032","0.125"
"2029697032","179658434","0.125"
"179658434","2337776814","0.125"
"2337776814","179658434","0.125"
"1983905251","2029697032","0.375"
"2029697032","1983905251","0.375"
"1983905251","2337776814","0.125"
"2337776814","1983905251","0.125"
"1985560975","2029697032","0.5"
"2029697032","1985560975","0.5"
"1985560975","2066971104","0.180556"
"2066971104","1985560975","0.180556"
"1985560975","2337776814","0.125"
"2337776814","1985560975","0.125"
"2029697032","2036419892","0.5"
"2036419892","2029697032","0.5"
"2029697032","2066971104","0.125"
"2066971104","2029697032","0.125"
"2029697032","2091235628","3.86859"
"2091235628","2029697032","3.86859"
"2029697032","2337776814","0.375"
"2337776814","2029697032","0.375"
"2036419892","2337776814","0.125"
"2337776814","2036419892","0.125"
"2066971104","2337776814","0.125"
"2337776814","2066971104","0.125"
"2091235628","2337776814","1.125"
"2337776814","2091235628","1.125"
"1604915677","2522451690","0.166667"
"2522451690","1604915677","0.166667"
"179658434","1965608936","0.979798"
"1965608936","179658434","0.979798"
"179658434","2522451690","0.166667"
"2522451690","179658434","0.166667"
"1965608936","2073751151","0.299145"
"2073751151","1965608936","0.299145"
"1965608936","2522451690","0.166667"
"2522451690","1965608936","0.166667"
"1965608936","96210126","0.556721"
"96210126","1965608936","0.556721"
"2073751151","2156614068","0.166667"
"2156614068","2073751151","0.166667"
"2073751151","2522451690","0.166667"
"2522451690","2073751151","0.166667"
"2156614068","2522451690","0.166667"
"2522451690","2156614068","0.166667"
"2156614068","96210126","1.42424"
"96210126","2156614068","1.42424"
"2522451690","96210126","0.166667"
"96210126","2522451690","0.166667"
"1965608936","2066971104","1.08889"
"2066971104","1965608936","1.08889"
"2058068298","2066971104","0.505556"
"2066971104","2058068298","0.505556"
