"1485645565","2145167810","1"
"2145167810","1485645565","1"
"1485645565","1728843927","1"
"1728843927","1485645565","1"
"1485645565","2107053876","0.5"
"2107053876","1485645565","0.5"
"1485645565","2118229857","0.5"
"2118229857","1485645565","0.5"
"2107053876","2118229857","0.5"
"2118229857","2107053876","0.5"
"1562055382","1969129400","2.14286"
"1969129400","1562055382","2.14286"
"1562055382","1976092485","0.66978"
"1976092485","1562055382","0.66978"
"1562055382","2096222958","2.37811"
"2096222958","1562055382","2.37811"
"1562055382","2097855313","3.75311"
"2097855313","1562055382","3.75311"
"1562055382","2130547542","0.809524"
"2130547542","1562055382","0.809524"
"1562055382","2138993334","3.55119"
"2138993334","1562055382","3.55119"
"1562055382","2166617999","5.33452"
"2166617999","1562055382","5.33452"
"1969129400","1976092485","0.142857"
"1976092485","1969129400","0.142857"
"1969129400","2096222958","1.47619"
"2096222958","1969129400","1.47619"
"1969129400","2097855313","10.3929"
"2097855313","1969129400","10.3929"
"1969129400","2130547542","0.47619"
"2130547542","1969129400","0.47619"
"1969129400","2138993334","2.14286"
"2138993334","1969129400","2.14286"
"1969129400","2166617999","5.14286"
"2166617999","1969129400","5.14286"
"1976092485","2096222958","1.38645"
"2096222958","1976092485","1.38645"
"1976092485","2097855313","11.13"
"2097855313","1976092485","11.13"
"1976092485","2130547542","0.142857"
"2130547542","1976092485","0.142857"
"1976092485","2138993334","1.50311"
"2138993334","1976092485","1.50311"
"1976092485","2166617999","5.71978"
"2166617999","1976092485","5.71978"
"2096222958","2097855313","2.83645"
"2097855313","2096222958","2.83645"
"2096222958","2130547542","1.30952"
"2130547542","2096222958","1.30952"
"2096222958","2138993334","2.28571"
"2138993334","2096222958","2.28571"
"2096222958","2166617999","4.69405"
"2166617999","2096222958","4.69405"
"2097855313","2130547542","1.14286"
"2130547542","2097855313","1.14286"
"2097855313","2138993334","9.55311"
"2138993334","2097855313","9.55311"
"2097855313","2166617999","45.5309"
"2166617999","2097855313","45.5309"
"2130547542","2138993334","0.142857"
"2138993334","2130547542","0.142857"
"2130547542","2166617999","1.14286"
"2166617999","2130547542","1.14286"
"2138993334","2166617999","9.8543"
"2166617999","2138993334","9.8543"
"1562055382","2107053876","4.90192"
"2107053876","1562055382","4.90192"
"2107053876","2166617999","8.40278"
"2166617999","2107053876","8.40278"
"1562055382","1982907589","2.43526"
"1982907589","1562055382","2.43526"
"1562055382","2116297178","0.7"
"2116297178","1562055382","0.7"
"1976092485","1982907589","3.85385"
"1982907589","1976092485","3.85385"
"1976092485","2107053876","1.27692"
"2107053876","1976092485","1.27692"
"1976092485","2116297178","0.533333"
"2116297178","1976092485","0.533333"
"1982907589","2107053876","2.40192"
"2107053876","1982907589","2.40192"
"1982907589","2116297178","2.73571"
"2116297178","1982907589","2.73571"
"1982907589","2138993334","1.41145"
"2138993334","1982907589","1.41145"
"2107053876","2116297178","0.311111"
"2116297178","2107053876","0.311111"
"2107053876","2138993334","5.99167"
"2138993334","2107053876","5.99167"
"2116297178","2138993334","3.00952"
"2138993334","2116297178","3.00952"
"1562055382","85493232","0.333333"
"85493232","1562055382","0.333333"
"2096222958","85493232","1.33333"
"85493232","2096222958","1.33333"
"2138993334","85493232","0.410256"
"85493232","2138993334","0.410256"
"1562055382","1966902801","2.11859"
"1966902801","1562055382","2.11859"
"1966902801","2097855313","0.903846"
"2097855313","1966902801","0.903846"
"1966902801","2107053876","1.03526"
"2107053876","1966902801","1.03526"
"2097855313","2107053876","3.68803"
"2107053876","2097855313","3.68803"
"1562055382","2027545674","0.833333"
"2027545674","1562055382","0.833333"
"2027545674","2107053876","0.333333"
"2107053876","2027545674","0.333333"
"2027545674","2130547542","1.33333"
"2130547542","2027545674","1.33333"
"2107053876","2130547542","0.666667"
"2130547542","2107053876","0.666667"
"1562055382","1824892724","0.701923"
"1824892724","1562055382","0.701923"
"1562055382","2410831455","0.325"
"2410831455","1562055382","0.325"
"1824892724","1966902801","0.701923"
"1966902801","1824892724","0.701923"
"1824892724","1982907589","0.451923"
"1982907589","1824892724","0.451923"
"1824892724","2096222958","2.28526"
"2096222958","1824892724","2.28526"
"1824892724","2107053876","0.313034"
"2107053876","1824892724","0.313034"
"1824892724","2138993334","0.125"
"2138993334","1824892724","0.125"
"1824892724","2166617999","1.73611"
"2166617999","1824892724","1.73611"
"1824892724","2410831455","0.125"
"2410831455","1824892724","0.125"
"1966902801","1982907589","3.68123"
"1982907589","1966902801","3.68123"
"1966902801","2096222958","1.0293"
"2096222958","1966902801","1.0293"
"1966902801","2138993334","1.91978"
"2138993334","1966902801","1.91978"
"1966902801","2166617999","1.54478"
"2166617999","1966902801","1.54478"
"1966902801","2410831455","0.125"
"2410831455","1966902801","0.125"
"1982907589","2096222958","3.3543"
"2096222958","1982907589","3.3543"
"1982907589","2166617999","4.41145"
"2166617999","1982907589","4.41145"
"1982907589","2410831455","0.125"
"2410831455","1982907589","0.125"
"2096222958","2107053876","1.45192"
"2107053876","2096222958","1.45192"
"2096222958","2410831455","0.125"
"2410831455","2096222958","0.125"
"2107053876","2410831455","0.125"
"2410831455","2107053876","0.125"
"2138993334","2410831455","0.125"
"2410831455","2138993334","0.125"
"2166617999","2410831455","0.325"
"2410831455","2166617999","0.325"
"1562055382","2132613092","0.25"
"2132613092","1562055382","0.25"
"1966902801","1976092485","0.570513"
"1976092485","1966902801","0.570513"
"1966902801","2132613092","0.25"
"2132613092","1966902801","0.25"
"1976092485","2132613092","0.25"
"2132613092","1976092485","0.25"
"2132613092","2138993334","0.75"
"2138993334","2132613092","0.75"
"1562055382","42433472","0.610256"
"42433472","1562055382","0.610256"
"1966902801","42433472","1.06456"
"42433472","1966902801","1.06456"
"2166617999","42433472","4.69756"
"42433472","2166617999","4.69756"
"1562055382","1897770946","0.533333"
"1897770946","1562055382","0.533333"
"1897770946","1982907589","0.65"
"1982907589","1897770946","0.65"
"1897770946","2096222958","1.36667"
"2096222958","1897770946","1.36667"
"1897770946","2097855313","1.7"
"2097855313","1897770946","1.7"
"1897770946","2166617999","1.98333"
"2166617999","1897770946","1.98333"
"1982907589","2097855313","4.93718"
"2097855313","1982907589","4.93718"
"1562055382","2062415625","1.07692"
"2062415625","1562055382","1.07692"
"1562055382","2050857070","1.83333"
"2050857070","1562055382","1.83333"
"1969129400","2050857070","12.0833"
"2050857070","1969129400","12.0833"
"1562055382","158363753","0.276923"
"158363753","1562055382","0.276923"
"1562055382","182184358","0.0769231"
"182184358","1562055382","0.0769231"
"1562055382","2076861050","0.0769231"
"2076861050","1562055382","0.0769231"
"1562055382","238686504","0.0769231"
"238686504","1562055382","0.0769231"
"158363753","182184358","0.388034"
"182184358","158363753","0.388034"
"158363753","1824892724","0.888034"
"1824892724","158363753","0.888034"
"158363753","1966902801","0.978846"
"1966902801","158363753","0.978846"
"158363753","1976092485","0.153846"
"1976092485","158363753","0.153846"
"158363753","1982907589","0.353846"
"1982907589","158363753","0.353846"
"158363753","2062415625","0.0769231"
"2062415625","158363753","0.0769231"
"158363753","2076861050","3.42329"
"2076861050","158363753","3.42329"
"158363753","2096222958","0.201923"
"2096222958","158363753","0.201923"
"158363753","2097855313","1.26496"
"2097855313","158363753","1.26496"
"158363753","2107053876","0.188034"
"2107053876","158363753","0.188034"
"158363753","238686504","0.410256"
"238686504","158363753","0.410256"
"158363753","42433472","1.92329"
"42433472","158363753","1.92329"
"182184358","1824892724","0.388034"
"1824892724","182184358","0.388034"
"182184358","1966902801","0.362637"
"1966902801","182184358","0.362637"
"182184358","1976092485","0.0769231"
"1976092485","182184358","0.0769231"
"182184358","1982907589","1.36264"
"1982907589","182184358","1.36264"
"182184358","2062415625","0.0769231"
"2062415625","182184358","0.0769231"
"182184358","2076861050","2.86422"
"2076861050","182184358","2.86422"
"182184358","2096222958","0.362637"
"2096222958","182184358","0.362637"
"182184358","2097855313","2.02137"
"2097855313","182184358","2.02137"
"182184358","2107053876","0.188034"
"2107053876","182184358","0.188034"
"182184358","238686504","0.21978"
"238686504","182184358","0.21978"
"182184358","42433472","0.473748"
"42433472","182184358","0.473748"
"1824892724","1976092485","0.0769231"
"1976092485","1824892724","0.0769231"
"1824892724","2062415625","0.0769231"
"2062415625","1824892724","0.0769231"
"1824892724","2076861050","0.888034"
"2076861050","1824892724","0.888034"
"1824892724","2097855313","1.77137"
"2097855313","1824892724","1.77137"
"1824892724","238686504","0.0769231"
"238686504","1824892724","0.0769231"
"1824892724","42433472","0.188034"
"42433472","1824892724","0.188034"
"1966902801","2062415625","0.0769231"
"2062415625","1966902801","0.0769231"
"1966902801","2076861050","0.421703"
"2076861050","1966902801","0.421703"
"1966902801","238686504","0.21978"
"238686504","1966902801","0.21978"
"1976092485","2062415625","0.0769231"
"2062415625","1976092485","0.0769231"
"1976092485","2076861050","0.153846"
"2076861050","1976092485","0.153846"
"1976092485","238686504","0.0769231"
"238686504","1976092485","0.0769231"
"1976092485","42433472","0.320513"
"42433472","1976092485","0.320513"
"1982907589","2062415625","0.0769231"
"2062415625","1982907589","0.0769231"
"1982907589","2076861050","0.46337"
"2076861050","1982907589","0.46337"
"1982907589","238686504","0.21978"
"238686504","1982907589","0.21978"
"1982907589","42433472","0.772894"
"42433472","1982907589","0.772894"
"2062415625","2076861050","0.0769231"
"2076861050","2062415625","0.0769231"
"2062415625","2096222958","1.07692"
"2096222958","2062415625","1.07692"
"2062415625","2097855313","0.0769231"
"2097855313","2062415625","0.0769231"
"2062415625","2107053876","0.0769231"
"2107053876","2062415625","0.0769231"
"2062415625","238686504","0.0769231"
"238686504","2062415625","0.0769231"
"2062415625","42433472","0.0769231"
"42433472","2062415625","0.0769231"
"2076861050","2096222958","0.511447"
"2096222958","2076861050","0.511447"
"2076861050","2097855313","1.43162"
"2097855313","2076861050","1.43162"
"2076861050","2107053876","1.68803"
"2107053876","2076861050","1.68803"
"2076861050","238686504","0.553114"
"238686504","2076861050","0.553114"
"2076861050","42433472","1.36615"
"42433472","2076861050","1.36615"
"2096222958","238686504","0.21978"
"238686504","2096222958","0.21978"
"2096222958","42433472","0.820971"
"42433472","2096222958","0.820971"
"2097855313","238686504","0.0769231"
"238686504","2097855313","0.0769231"
"2097855313","42433472","1.26496"
"42433472","2097855313","1.26496"
"2107053876","238686504","0.0769231"
"238686504","2107053876","0.0769231"
"2107053876","42433472","0.688034"
"42433472","2107053876","0.688034"
"238686504","42433472","0.553114"
"42433472","238686504","0.553114"
"1562055382","2133879296","0.2"
"2133879296","1562055382","0.2"
"158363753","2133879296","1.60192"
"2133879296","158363753","1.60192"
"158363753","2166617999","2.08803"
"2166617999","158363753","2.08803"
"158363753","2410831455","0.2"
"2410831455","158363753","0.2"
"2133879296","2166617999","2.77692"
"2166617999","2133879296","2.77692"
"2133879296","2410831455","0.2"
"2410831455","2133879296","0.2"
"2133879296","42433472","2.40192"
"42433472","2133879296","2.40192"
"2410831455","42433472","0.2"
"42433472","2410831455","0.2"
"1897770946","2107053876","0.583333"
"2107053876","1897770946","0.583333"
"1897770946","2130547542","29.3333"
"2130547542","1897770946","29.3333"
"1982907589","2050857070","0.583333"
"2050857070","1982907589","0.583333"
"2050857070","2166617999","2.66667"
"2166617999","2050857070","2.66667"
"1982907589","2027545674","0.826923"
"2027545674","1982907589","0.826923"
"158363753","2022771629","0.125"
"2022771629","158363753","0.125"
"158363753","2138993334","0.401923"
"2138993334","158363753","0.401923"
"158363753","27326263","0.125"
"27326263","158363753","0.125"
"1966902801","2022771629","0.625"
"2022771629","1966902801","0.625"
"1966902801","2133879296","0.201923"
"2133879296","1966902801","0.201923"
"1966902801","27326263","0.125"
"27326263","1966902801","0.125"
"2022771629","2076861050","0.125"
"2076861050","2022771629","0.125"
"2022771629","2096222958","0.125"
"2096222958","2022771629","0.125"
"2022771629","2133879296","0.125"
"2133879296","2022771629","0.125"
"2022771629","2138993334","0.125"
"2138993334","2022771629","0.125"
"2022771629","27326263","0.125"
"27326263","2022771629","0.125"
"2022771629","42433472","0.125"
"42433472","2022771629","0.125"
"2076861050","2133879296","1.23526"
"2133879296","2076861050","1.23526"
"2076861050","2138993334","2.70192"
"2138993334","2076861050","2.70192"
"2076861050","27326263","1.125"
"27326263","2076861050","1.125"
"2096222958","2133879296","0.125"
"2133879296","2096222958","0.125"
"2096222958","27326263","0.125"
"27326263","2096222958","0.125"
"2133879296","2138993334","0.701923"
"2138993334","2133879296","0.701923"
"2133879296","27326263","0.125"
"27326263","2133879296","0.125"
"2138993334","27326263","0.125"
"27326263","2138993334","0.125"
"2138993334","42433472","1.34478"
"42433472","2138993334","1.34478"
"27326263","42433472","0.125"
"42433472","27326263","0.125"
"158363753","2116297178","0.111111"
"2116297178","158363753","0.111111"
"158363753","2169024234","0.111111"
"2169024234","158363753","0.111111"
"182184358","2116297178","0.396825"
"2116297178","182184358","0.396825"
"182184358","2166617999","2.0873"
"2166617999","182184358","2.0873"
"182184358","2169024234","0.111111"
"2169024234","182184358","0.111111"
"1824892724","2116297178","0.361111"
"2116297178","1824892724","0.361111"
"1824892724","2169024234","0.111111"
"2169024234","1824892724","0.111111"
"2076861050","2116297178","1.42063"
"2116297178","2076861050","1.42063"
"2076861050","2166617999","4.18803"
"2166617999","2076861050","4.18803"
"2076861050","2169024234","1.11111"
"2169024234","2076861050","1.11111"
"2097855313","2116297178","0.694444"
"2116297178","2097855313","0.694444"
"2097855313","2169024234","0.111111"
"2169024234","2097855313","0.111111"
"2107053876","2169024234","0.111111"
"2169024234","2107053876","0.111111"
"2116297178","2166617999","1.42063"
"2166617999","2116297178","1.42063"
"2116297178","2169024234","0.111111"
"2169024234","2116297178","0.111111"
"2116297178","42433472","0.563492"
"42433472","2116297178","0.563492"
"2166617999","2169024234","0.111111"
"2169024234","2166617999","0.111111"
"2169024234","42433472","0.111111"
"42433472","2169024234","0.111111"
"158363753","1897770946","0.4"
"1897770946","158363753","0.4"
"182184358","1897770946","0.2"
"1897770946","182184358","0.2"
"182184358","2133879296","0.2"
"2133879296","182184358","0.2"
"1824892724","1897770946","1.2"
"1897770946","1824892724","1.2"
"1824892724","2133879296","0.2"
"2133879296","1824892724","0.2"
"1897770946","2076861050","0.2"
"2076861050","1897770946","0.2"
"1897770946","2133879296","0.7"
"2133879296","1897770946","0.7"
"158363753","186845769","0.0769231"
"186845769","158363753","0.0769231"
"158363753","2027545674","0.0769231"
"2027545674","158363753","0.0769231"
"158363753","2112054734","0.0769231"
"2112054734","158363753","0.0769231"
"158363753","85493232","0.0769231"
"85493232","158363753","0.0769231"
"186845769","1966902801","0.0769231"
"1966902801","186845769","0.0769231"
"186845769","1976092485","0.0769231"
"1976092485","186845769","0.0769231"
"186845769","1982907589","0.0769231"
"1982907589","186845769","0.0769231"
"186845769","2027545674","0.0769231"
"2027545674","186845769","0.0769231"
"186845769","2076861050","0.0769231"
"2076861050","186845769","0.0769231"
"186845769","2097855313","0.0769231"
"2097855313","186845769","0.0769231"
"186845769","2112054734","0.0769231"
"2112054734","186845769","0.0769231"
"186845769","2133879296","0.0769231"
"2133879296","186845769","0.0769231"
"186845769","2138993334","0.0769231"
"2138993334","186845769","0.0769231"
"186845769","2166617999","0.0769231"
"2166617999","186845769","0.0769231"
"186845769","42433472","0.0769231"
"42433472","186845769","0.0769231"
"186845769","85493232","0.0769231"
"85493232","186845769","0.0769231"
"1966902801","2027545674","0.326923"
"2027545674","1966902801","0.326923"
"1966902801","2112054734","0.0769231"
"2112054734","1966902801","0.0769231"
"1966902801","85493232","0.0769231"
"85493232","1966902801","0.0769231"
"1976092485","2027545674","0.0769231"
"2027545674","1976092485","0.0769231"
"1976092485","2112054734","0.0769231"
"2112054734","1976092485","0.0769231"
"1976092485","2133879296","0.0769231"
"2133879296","1976092485","0.0769231"
"1976092485","85493232","2.57692"
"85493232","1976092485","2.57692"
"1982907589","2112054734","0.0769231"
"2112054734","1982907589","0.0769231"
"1982907589","2133879296","0.0769231"
"2133879296","1982907589","0.0769231"
"1982907589","85493232","0.0769231"
"85493232","1982907589","0.0769231"
"2027545674","2076861050","0.410256"
"2076861050","2027545674","0.410256"
"2027545674","2097855313","1.32692"
"2097855313","2027545674","1.32692"
"2027545674","2112054734","0.0769231"
"2112054734","2027545674","0.0769231"
"2027545674","2133879296","0.410256"
"2133879296","2027545674","0.410256"
"2027545674","2138993334","0.0769231"
"2138993334","2027545674","0.0769231"
"2027545674","2166617999","0.0769231"
"2166617999","2027545674","0.0769231"
"2027545674","42433472","0.0769231"
"42433472","2027545674","0.0769231"
"2027545674","85493232","1.07692"
"85493232","2027545674","1.07692"
"2076861050","2112054734","0.0769231"
"2112054734","2076861050","0.0769231"
"2076861050","85493232","0.0769231"
"85493232","2076861050","0.0769231"
"2097855313","2112054734","0.576923"
"2112054734","2097855313","0.576923"
"2097855313","2133879296","1.07692"
"2133879296","2097855313","1.07692"
"2097855313","85493232","0.576923"
"85493232","2097855313","0.576923"
"2112054734","2133879296","0.0769231"
"2133879296","2112054734","0.0769231"
"2112054734","2138993334","0.0769231"
"2138993334","2112054734","0.0769231"
"2112054734","2166617999","0.910256"
"2166617999","2112054734","0.910256"
"2112054734","42433472","0.0769231"
"42433472","2112054734","0.0769231"
"2112054734","85493232","0.0769231"
"85493232","2112054734","0.0769231"
"2133879296","85493232","0.0769231"
"85493232","2133879296","0.0769231"
"2166617999","85493232","0.0769231"
"85493232","2166617999","0.0769231"
"42433472","85493232","0.0769231"
"85493232","42433472","0.0769231"
"1897770946","1966902801","0.2"
"1966902801","1897770946","0.2"
"1897770946","2138993334","1.45"
"2138993334","1897770946","1.45"
"182184358","2138993334","0.142857"
"2138993334","182184358","0.142857"
"1966902801","2116297178","0.285714"
"2116297178","1966902801","0.285714"
"2096222958","2116297178","0.702381"
"2116297178","2096222958","0.702381"
"2116297178","238686504","0.142857"
"238686504","2116297178","0.142857"
"182184358","2022771629","1"
"2022771629","182184358","1"
"1824892724","1969129400","1.83333"
"1969129400","1824892724","1.83333"
"1824892724","2022771629","0.5"
"2022771629","1824892724","0.5"
"189667920","2097855313","1"
"2097855313","189667920","1"
"1897770946","2050857070","6.25"
"2050857070","1897770946","6.25"
"2050857070","2130547542","2.66667"
"2130547542","2050857070","2.66667"
"1897770946","2112054734","5.66667"
"2112054734","1897770946","5.66667"
"2050857070","2112054734","1.16667"
"2112054734","2050857070","1.16667"
"2112054734","2130547542","3.33333"
"2130547542","2112054734","3.33333"
"1897770946","1969129400","1.58333"
"1969129400","1897770946","1.58333"
"2130547542","2133879296","0.5"
"2133879296","2130547542","0.5"
"1897770946","42433472","1"
"42433472","1897770946","1"
"1969129400","1982907589","0.583333"
"1982907589","1969129400","0.583333"
"2050857070","2097855313","6.58333"
"2097855313","2050857070","6.58333"
"2050857070","2096222958","0.666667"
"2096222958","2050857070","0.666667"
"2027545674","2096222958","0.25"
"2096222958","2027545674","0.25"
"1969129400","42433472","1"
"42433472","1969129400","1"
"1969129400","2112054734","2.5"
"2112054734","1969129400","2.5"
"1969129400","85493232","0.5"
"85493232","1969129400","0.5"
"2050857070","85493232","0.5"
"85493232","2050857070","0.5"
"1969129400","2027545674","1.33333"
"2027545674","1969129400","1.33333"
"1969129400","2076861050","0.333333"
"2076861050","1969129400","0.333333"
"1969129400","2133879296","1.33333"
"2133879296","1969129400","1.33333"
"1969129400","2169024234","1"
"2169024234","1969129400","1"
"1969129400","2118229857","1"
"2118229857","1969129400","1"
"1982907589","2130547542","1"
"2130547542","1982907589","1"
"2107053876","2133879296","0.5"
"2133879296","2107053876","0.5"
"2096222958","2169024234","1"
"2169024234","2096222958","1"
"2096222958","2132613092","0.5"
"2132613092","2096222958","0.5"
"2097855313","27326263","0.5"
"27326263","2097855313","0.5"
"2166617999","27326263","0.5"
"27326263","2166617999","0.5"
"2116297178","2132613092","0.5"
"2132613092","2116297178","0.5"
"2132613092","2166617999","0.5"
"2166617999","2132613092","0.5"
