"100783751","1679882079","1.51944"
"1679882079","100783751","1.51944"
"100783751","1985712423","1.96667"
"1985712423","100783751","1.96667"
"100783751","2008896880","4.65278"
"2008896880","100783751","4.65278"
"100783751","2051582400","5.86944"
"2051582400","100783751","5.86944"
"100783751","2144948358","0.466667"
"2144948358","100783751","0.466667"
"1679882079","1985712423","1.52778"
"1985712423","1679882079","1.52778"
"1679882079","2008896880","39.256"
"2008896880","1679882079","39.256"
"1679882079","2051582400","3.76389"
"2051582400","1679882079","3.76389"
"1679882079","2144948358","2.2119"
"2144948358","1679882079","2.2119"
"1985712423","2008896880","3.64008"
"2008896880","1985712423","3.64008"
"1985712423","2051582400","5.49722"
"2051582400","1985712423","5.49722"
"1985712423","2144948358","0.3"
"2144948358","1985712423","0.3"
"2008896880","2051582400","40.0123"
"2051582400","2008896880","40.0123"
"2008896880","2144948358","3.5119"
"2144948358","2008896880","3.5119"
"2051582400","2144948358","2.33333"
"2144948358","2051582400","2.33333"
"100783751","2156543375","2.775"
"2156543375","100783751","2.775"
"100783751","2157060173","2.27778"
"2157060173","100783751","2.27778"
"2156543375","2157060173","131.094"
"2157060173","2156543375","131.094"
"100783751","1596947943","4.39167"
"1596947943","100783751","4.39167"
"100783751","1998982581","1.76944"
"1998982581","100783751","1.76944"
"100783751","2030103067","1.70833"
"2030103067","100783751","1.70833"
"1679882079","1998982581","8.70357"
"1998982581","1679882079","8.70357"
"1679882079","2030103067","2.16071"
"2030103067","1679882079","2.16071"
"1998982581","2008896880","98.7643"
"2008896880","1998982581","98.7643"
"1998982581","2030103067","5.8369"
"2030103067","1998982581","5.8369"
"2008896880","2030103067","2.62024"
"2030103067","2008896880","2.62024"
"2030103067","2051582400","1.325"
"2051582400","2030103067","1.325"
"100783751","1499090527","0.111111"
"1499090527","100783751","0.111111"
"100783751","2140564105","0.111111"
"2140564105","100783751","0.111111"
"100783751","2144607742","0.477778"
"2144607742","100783751","0.477778"
"100783751","2149770511","0.944444"
"2149770511","100783751","0.944444"
"1499090527","1679882079","0.611111"
"1679882079","1499090527","0.611111"
"1499090527","1998982581","0.611111"
"1998982581","1499090527","0.611111"
"1499090527","2008896880","0.611111"
"2008896880","1499090527","0.611111"
"1499090527","2051582400","0.111111"
"2051582400","1499090527","0.111111"
"1499090527","2140564105","1.11111"
"2140564105","1499090527","1.11111"
"1499090527","2144607742","0.111111"
"2144607742","1499090527","0.111111"
"1499090527","2149770511","0.111111"
"2149770511","1499090527","0.111111"
"1499090527","2157060173","0.111111"
"2157060173","1499090527","0.111111"
"1679882079","2140564105","2.3373"
"2140564105","1679882079","2.3373"
"1679882079","2144607742","2.40794"
"2144607742","1679882079","2.40794"
"1679882079","2149770511","1.04444"
"2149770511","1679882079","1.04444"
"1679882079","2157060173","11.6437"
"2157060173","1679882079","11.6437"
"1998982581","2051582400","9.24444"
"2051582400","1998982581","9.24444"
"1998982581","2140564105","3.01944"
"2140564105","1998982581","3.01944"
"1998982581","2144607742","7.46508"
"2144607742","1998982581","7.46508"
"1998982581","2149770511","12.0095"
"2149770511","1998982581","12.0095"
"1998982581","2157060173","66.3282"
"2157060173","1998982581","66.3282"
"2008896880","2140564105","4.97183"
"2140564105","2008896880","4.97183"
"2008896880","2144607742","16.0758"
"2144607742","2008896880","16.0758"
"2008896880","2149770511","36.369"
"2149770511","2008896880","36.369"
"2008896880","2157060173","225.49"
"2157060173","2008896880","225.49"
"2051582400","2140564105","0.311111"
"2140564105","2051582400","0.311111"
"2051582400","2144607742","2.52341"
"2144607742","2051582400","2.52341"
"2051582400","2149770511","7.56508"
"2149770511","2051582400","7.56508"
"2051582400","2157060173","13.8611"
"2157060173","2051582400","13.8611"
"2140564105","2144607742","0.587302"
"2144607742","2140564105","0.587302"
"2140564105","2149770511","0.111111"
"2149770511","2140564105","0.111111"
"2140564105","2157060173","2.29563"
"2157060173","2140564105","2.29563"
"2144607742","2149770511","0.587302"
"2149770511","2144607742","0.587302"
"2144607742","2157060173","9.07579"
"2157060173","2144607742","9.07579"
"2149770511","2157060173","15.1833"
"2157060173","2149770511","15.1833"
"100783751","2067308467","0.25"
"2067308467","100783751","0.25"
"100783751","2139135093","0.816667"
"2139135093","100783751","0.816667"
"1998982581","2067308467","8.25635"
"2067308467","1998982581","8.25635"
"1998982581","2139135093","64.8671"
"2139135093","1998982581","64.8671"
"1998982581","2156543375","56.9087"
"2156543375","1998982581","56.9087"
"2067308467","2139135093","36.7754"
"2139135093","2067308467","36.7754"
"2067308467","2156543375","19.4159"
"2156543375","2067308467","19.4159"
"2139135093","2156543375","183.73"
"2156543375","2139135093","183.73"
"1596947943","1985712423","2.95278"
"1985712423","1596947943","2.95278"
"1596947943","2051582400","3.86111"
"2051582400","1596947943","3.86111"
"1596947943","1998982581","1.95556"
"1998982581","1596947943","1.95556"
"1596947943","2156543375","1.0623"
"2156543375","1596947943","1.0623"
"2051582400","2156543375","28.1679"
"2156543375","2051582400","28.1679"
"100783751","2406114359","0.491667"
"2406114359","100783751","0.491667"
"1596947943","1679882079","2.60397"
"1679882079","1596947943","2.60397"
"1596947943","2008896880","2.54167"
"2008896880","1596947943","2.54167"
"1596947943","2030103067","6.80119"
"2030103067","1596947943","6.80119"
"1596947943","2406114359","0.503968"
"2406114359","1596947943","0.503968"
"1679882079","2156543375","8.3004"
"2156543375","1679882079","8.3004"
"1679882079","2406114359","15.9774"
"2406114359","1679882079","15.9774"
"1998982581","2406114359","9.13175"
"2406114359","1998982581","9.13175"
"2008896880","2156543375","222.836"
"2156543375","2008896880","222.836"
"2008896880","2406114359","36.3222"
"2406114359","2008896880","36.3222"
"2030103067","2156543375","3.74405"
"2156543375","2030103067","3.74405"
"2030103067","2406114359","0.267857"
"2406114359","2030103067","0.267857"
"2051582400","2406114359","2.05556"
"2406114359","2051582400","2.05556"
"2156543375","2406114359","10.7746"
"2406114359","2156543375","10.7746"
"1985712423","2149770511","1.03333"
"2149770511","1985712423","1.03333"
"100783751","1993451156","0.1"
"1993451156","100783751","0.1"
"100783751","2043420170","0.1"
"2043420170","100783751","0.1"
"100783751","2079971532","0.1"
"2079971532","100783751","0.1"
"100783751","2513812716","0.1"
"2513812716","100783751","0.1"
"1596947943","1993451156","0.1"
"1993451156","1596947943","0.1"
"1596947943","2043420170","0.211111"
"2043420170","1596947943","0.211111"
"1596947943","2079971532","0.1"
"2079971532","1596947943","0.1"
"1596947943","2144948358","0.1"
"2144948358","1596947943","0.1"
"1596947943","2157060173","1.43889"
"2157060173","1596947943","1.43889"
"1596947943","2513812716","0.1"
"2513812716","1596947943","0.1"
"1985712423","1993451156","0.1"
"1993451156","1985712423","0.1"
"1985712423","2043420170","0.1"
"2043420170","1985712423","0.1"
"1985712423","2079971532","0.1"
"2079971532","1985712423","0.1"
"1985712423","2157060173","2.32341"
"2157060173","1985712423","2.32341"
"1985712423","2513812716","0.433333"
"2513812716","1985712423","0.433333"
"1993451156","2008896880","1.74286"
"2008896880","1993451156","1.74286"
"1993451156","2043420170","0.409524"
"2043420170","1993451156","0.409524"
"1993451156","2051582400","0.1"
"2051582400","1993451156","0.1"
"1993451156","2079971532","0.1"
"2079971532","1993451156","0.1"
"1993451156","2144948358","0.1"
"2144948358","1993451156","0.1"
"1993451156","2157060173","1.93333"
"2157060173","1993451156","1.93333"
"1993451156","2513812716","0.1"
"2513812716","1993451156","0.1"
"2008896880","2043420170","1.27063"
"2043420170","2008896880","1.27063"
"2008896880","2079971532","0.442857"
"2079971532","2008896880","0.442857"
"2008896880","2513812716","0.35"
"2513812716","2008896880","0.35"
"2043420170","2051582400","1.1"
"2051582400","2043420170","1.1"
"2043420170","2079971532","0.1"
"2079971532","2043420170","0.1"
"2043420170","2144948358","0.1"
"2144948358","2043420170","0.1"
"2043420170","2157060173","0.461111"
"2157060173","2043420170","0.461111"
"2043420170","2513812716","0.85"
"2513812716","2043420170","0.85"
"2051582400","2079971532","0.3"
"2079971532","2051582400","0.3"
"2051582400","2513812716","0.1"
"2513812716","2051582400","0.1"
"2079971532","2144948358","0.242857"
"2144948358","2079971532","0.242857"
"2079971532","2157060173","0.1"
"2157060173","2079971532","0.1"
"2079971532","2513812716","0.338095"
"2513812716","2079971532","0.338095"
"2144948358","2157060173","2.83571"
"2157060173","2144948358","2.83571"
"2144948358","2513812716","0.1"
"2513812716","2144948358","0.1"
"2157060173","2513812716","1.49286"
"2513812716","2157060173","1.49286"
"2139135093","2144607742","5.32421"
"2144607742","2139135093","5.32421"
"2139135093","2144948358","1.03571"
"2144948358","2139135093","1.03571"
"2139135093","2157060173","215.761"
"2157060173","2139135093","215.761"
"2139135093","2406114359","12.7567"
"2406114359","2139135093","12.7567"
"2144607742","2144948358","0.309524"
"2144948358","2144607742","0.309524"
"2144607742","2156543375","6.02421"
"2156543375","2144607742","6.02421"
"2144607742","2406114359","0.783333"
"2406114359","2144607742","0.783333"
"2144948358","2156543375","3.23571"
"2156543375","2144948358","3.23571"
"2144948358","2406114359","2.08333"
"2406114359","2144948358","2.08333"
"2157060173","2406114359","8.25675"
"2406114359","2157060173","8.25675"
"2008896880","2139135093","367.087"
"2139135093","2008896880","367.087"
"1021987000","2110462752","5"
"2110462752","1021987000","5"
"1021987000","2144209685","1"
"2144209685","1021987000","1"
"1021987000","2157772210","1"
"2157772210","1021987000","1"
"1021987000","2008896880","0.333333"
"2008896880","1021987000","0.333333"
"1021987000","2139135093","0.333333"
"2139135093","1021987000","0.333333"
"1021987000","2406114359","0.333333"
"2406114359","1021987000","0.333333"
"1442862903","2001558548","1.5"
"2001558548","1442862903","1.5"
"1442862903","2293098706","0.833333"
"2293098706","1442862903","0.833333"
"1442862903","2516734083","0.5"
"2516734083","1442862903","0.5"
"2001558548","2293098706","2"
"2293098706","2001558548","2"
"2001558548","2516734083","1.83333"
"2516734083","2001558548","1.83333"
"2293098706","2516734083","1.83333"
"2516734083","2293098706","1.83333"
"1442862903","1986017822","0.166667"
"1986017822","1442862903","0.166667"
"1442862903","2513812716","0.166667"
"2513812716","1442862903","0.166667"
"1442862903","758106613","0.166667"
"758106613","1442862903","0.166667"
"1986017822","2001558548","0.666667"
"2001558548","1986017822","0.666667"
"1986017822","2293098706","0.166667"
"2293098706","1986017822","0.166667"
"1986017822","2513812716","0.738095"
"2513812716","1986017822","0.738095"
"1986017822","2516734083","0.488095"
"2516734083","1986017822","0.488095"
"1986017822","758106613","1.2381"
"758106613","1986017822","1.2381"
"2001558548","2513812716","0.166667"
"2513812716","2001558548","0.166667"
"2001558548","758106613","0.666667"
"758106613","2001558548","0.666667"
"2293098706","2513812716","0.166667"
"2513812716","2293098706","0.166667"
"2293098706","758106613","0.666667"
"758106613","2293098706","0.666667"
"2513812716","2516734083","0.488095"
"2516734083","2513812716","0.488095"
"2513812716","758106613","0.238095"
"758106613","2513812716","0.238095"
"2516734083","758106613","0.488095"
"758106613","2516734083","0.488095"
"1442862903","1981590391","1"
"1981590391","1442862903","1"
"1442862903","1679882079","0.333333"
"1679882079","1442862903","0.333333"
"1442862903","2406114359","0.333333"
"2406114359","1442862903","0.333333"
"1679882079","2293098706","0.5"
"2293098706","1679882079","0.5"
"2293098706","2406114359","0.333333"
"2406114359","2293098706","0.333333"
"147934850","1679882079","0.892857"
"1679882079","147934850","0.892857"
"147934850","1886782000","3.30952"
"1886782000","147934850","3.30952"
"147934850","2008896880","0.559524"
"2008896880","147934850","0.559524"
"147934850","2043420170","0.309524"
"2043420170","147934850","0.309524"
"147934850","2140564105","0.559524"
"2140564105","147934850","0.559524"
"147934850","66241193","0.309524"
"66241193","147934850","0.309524"
"1679882079","1886782000","8.70238"
"1886782000","1679882079","8.70238"
"1679882079","2043420170","0.559524"
"2043420170","1679882079","0.559524"
"1679882079","66241193","0.892857"
"66241193","1679882079","0.892857"
"1886782000","2008896880","3.59524"
"2008896880","1886782000","3.59524"
"1886782000","2043420170","0.47619"
"2043420170","1886782000","0.47619"
"1886782000","2140564105","0.72619"
"2140564105","1886782000","0.72619"
"1886782000","66241193","0.47619"
"66241193","1886782000","0.47619"
"2008896880","66241193","0.309524"
"66241193","2008896880","0.309524"
"2043420170","2140564105","1.05952"
"2140564105","2043420170","1.05952"
"2043420170","66241193","0.72619"
"66241193","2043420170","0.72619"
"2140564105","66241193","0.559524"
"66241193","2140564105","0.559524"
"147934850","1533198084","0.25"
"1533198084","147934850","0.25"
"1533198084","1679882079","0.25"
"1679882079","1533198084","0.25"
"1533198084","2008896880","0.25"
"2008896880","1533198084","0.25"
"1533198084","2140564105","3.08333"
"2140564105","1533198084","3.08333"
"147934850","2162181203","1.33333"
"2162181203","147934850","1.33333"
"147934850","1993451156","1.47619"
"1993451156","147934850","1.47619"
"1679882079","1993451156","0.97619"
"1993451156","1679882079","0.97619"
"1886782000","1993451156","0.309524"
"1993451156","1886782000","0.309524"
"1993451156","2140564105","0.142857"
"2140564105","1993451156","0.142857"
"1993451156","66241193","0.309524"
"66241193","1993451156","0.309524"
"147934850","2157060173","0.333333"
"2157060173","147934850","0.333333"
"147934850","2156543375","1"
"2156543375","147934850","1"
"147934850","2125383951","0.333333"
"2125383951","147934850","0.333333"
"147934850","2548178125","0.333333"
"2548178125","147934850","0.333333"
"2125383951","2162181203","3.45"
"2162181203","2125383951","3.45"
"2125383951","2548178125","0.833333"
"2548178125","2125383951","0.833333"
"2162181203","2548178125","2.33333"
"2548178125","2162181203","2.33333"
"1480700989","2162181203","1.5"
"2162181203","1480700989","1.5"
"1480700989","1500717163","0.811111"
"1500717163","1480700989","0.811111"
"1480700989","1588413769","0.444444"
"1588413769","1480700989","0.444444"
"1480700989","2008896880","0.644444"
"2008896880","1480700989","0.644444"
"1500717163","1588413769","3.1373"
"1588413769","1500717163","3.1373"
"1500717163","2008896880","3.50397"
"2008896880","1500717163","3.50397"
"1588413769","2008896880","0.687302"
"2008896880","1588413769","0.687302"
"1480700989","1530162452","0.420635"
"1530162452","1480700989","0.420635"
"1480700989","1596947943","0.253968"
"1596947943","1480700989","0.253968"
"1480700989","1679882079","0.420635"
"1679882079","1480700989","0.420635"
"1480700989","2030103067","2.00952"
"2030103067","1480700989","2.00952"
"1480700989","2139135093","0.142857"
"2139135093","1480700989","0.142857"
"1480700989","2156543375","0.142857"
"2156543375","1480700989","0.142857"
"1480700989","2406114359","0.142857"
"2406114359","1480700989","0.142857"
"1530162452","1596947943","0.253968"
"1596947943","1530162452","0.253968"
"1530162452","1679882079","0.670635"
"1679882079","1530162452","0.670635"
"1530162452","2030103067","0.309524"
"2030103067","1530162452","0.309524"
"1530162452","2139135093","0.142857"
"2139135093","1530162452","0.142857"
"1530162452","2156543375","1.14286"
"2156543375","1530162452","1.14286"
"1530162452","2406114359","0.142857"
"2406114359","1530162452","0.142857"
"1596947943","2139135093","0.703968"
"2139135093","1596947943","0.703968"
"1679882079","2139135093","8.49921"
"2139135093","1679882079","8.49921"
"2030103067","2139135093","0.928571"
"2139135093","2030103067","0.928571"
"1480700989","1489291989","0.111111"
"1489291989","1480700989","0.111111"
"1480700989","1604962959","0.111111"
"1604962959","1480700989","0.111111"
"1480700989","1998982581","0.111111"
"1998982581","1480700989","0.111111"
"1489291989","1500717163","1.37778"
"1500717163","1489291989","1.37778"
"1489291989","1530162452","0.111111"
"1530162452","1489291989","0.111111"
"1489291989","1588413769","0.211111"
"1588413769","1489291989","0.211111"
"1489291989","1596947943","0.794444"
"1596947943","1489291989","0.794444"
"1489291989","1604962959","0.211111"
"1604962959","1489291989","0.211111"
"1489291989","1679882079","0.994444"
"1679882079","1489291989","0.994444"
"1489291989","1998982581","4.83016"
"1998982581","1489291989","4.83016"
"1489291989","2008896880","7.41349"
"2008896880","1489291989","7.41349"
"1500717163","1530162452","0.477778"
"1530162452","1500717163","0.477778"
"1500717163","1596947943","0.444444"
"1596947943","1500717163","0.444444"
"1500717163","1604962959","0.944444"
"1604962959","1500717163","0.944444"
"1500717163","1679882079","0.670635"
"1679882079","1500717163","0.670635"
"1500717163","1998982581","2.52063"
"1998982581","1500717163","2.52063"
"1530162452","1588413769","0.311111"
"1588413769","1530162452","0.311111"
"1530162452","1604962959","0.311111"
"1604962959","1530162452","0.311111"
"1530162452","1998982581","0.111111"
"1998982581","1530162452","0.111111"
"1530162452","2008896880","0.111111"
"2008896880","1530162452","0.111111"
"1588413769","1596947943","0.111111"
"1596947943","1588413769","0.111111"
"1588413769","1604962959","0.411111"
"1604962959","1588413769","0.411111"
"1588413769","1679882079","0.503968"
"1679882079","1588413769","0.503968"
"1588413769","1998982581","0.353968"
"1998982581","1588413769","0.353968"
"1596947943","1604962959","0.111111"
"1604962959","1596947943","0.111111"
"1604962959","1679882079","0.111111"
"1679882079","1604962959","0.111111"
"1604962959","1998982581","0.211111"
"1998982581","1604962959","0.211111"
"1604962959","2008896880","0.411111"
"2008896880","1604962959","0.411111"
"1480700989","1886782000","0.366667"
"1886782000","1480700989","0.366667"
"1480700989","2157060173","0.2"
"2157060173","1480700989","0.2"
"1500717163","1886782000","1.37619"
"1886782000","1500717163","1.37619"
"1500717163","2030103067","1.75952"
"2030103067","1500717163","1.75952"
"1500717163","2157060173","1.13333"
"2157060173","1500717163","1.13333"
"1886782000","2030103067","1.23571"
"2030103067","1886782000","1.23571"
"1886782000","2157060173","0.692857"
"2157060173","1886782000","0.692857"
"2030103067","2157060173","2.15238"
"2157060173","2030103067","2.15238"
"1480700989","2140564105","0.166667"
"2140564105","1480700989","0.166667"
"1500717163","2140564105","0.166667"
"2140564105","1500717163","0.166667"
"1530162452","1886782000","0.666667"
"1886782000","1530162452","0.666667"
"1530162452","2140564105","0.166667"
"2140564105","1530162452","0.166667"
"2030103067","2140564105","0.616667"
"2140564105","2030103067","0.616667"
"1480700989","2125383951","2"
"2125383951","1480700989","2"
"2030103067","2162181203","6.5"
"2162181203","2030103067","6.5"
"1489291989","2139135093","1.33571"
"2139135093","1489291989","1.33571"
"1489291989","2156543375","2.52619"
"2156543375","1489291989","2.52619"
"1489291989","2157060173","1.43571"
"2157060173","1489291989","1.43571"
"1489291989","1985712423","0.783333"
"1985712423","1489291989","0.783333"
"1489291989","2051582400","0.983333"
"2051582400","1489291989","0.983333"
"1489291989","2104511295","0.1"
"2104511295","1489291989","0.1"
"1489291989","2149770511","0.4"
"2149770511","1489291989","0.4"
"1596947943","2104511295","0.336111"
"2104511295","1596947943","0.336111"
"1596947943","2149770511","0.35"
"2149770511","1596947943","0.35"
"1679882079","2104511295","4.18333"
"2104511295","1679882079","4.18333"
"1985712423","1998982581","1.17222"
"1998982581","1985712423","1.17222"
"1985712423","2104511295","0.725"
"2104511295","1985712423","0.725"
"1985712423","2139135093","1.22341"
"2139135093","1985712423","1.22341"
"1998982581","2104511295","2.15952"
"2104511295","1998982581","2.15952"
"2008896880","2104511295","18.179"
"2104511295","2008896880","18.179"
"2051582400","2104511295","0.225"
"2104511295","2051582400","0.225"
"2051582400","2139135093","17.1095"
"2139135093","2051582400","17.1095"
"2104511295","2139135093","1.36786"
"2139135093","2104511295","1.36786"
"2104511295","2149770511","0.242857"
"2149770511","2104511295","0.242857"
"2104511295","2157060173","2.5623"
"2157060173","2104511295","2.5623"
"2139135093","2149770511","17.5413"
"2149770511","2139135093","17.5413"
"1500717163","1985712423","0.1"
"1985712423","1500717163","0.1"
"1500717163","2051582400","0.1"
"2051582400","1500717163","0.1"
"1500717163","2149770511","0.1"
"2149770511","1500717163","0.1"
"1500717163","2156543375","0.1"
"2156543375","1500717163","0.1"
"1588413769","1985712423","0.1"
"1985712423","1588413769","0.1"
"1588413769","2051582400","0.1"
"2051582400","1588413769","0.1"
"1588413769","2149770511","0.1"
"2149770511","1588413769","0.1"
"1588413769","2156543375","0.1"
"2156543375","1588413769","0.1"
"1588413769","2157060173","0.1"
"2157060173","1588413769","0.1"
"1604962959","1985712423","0.1"
"1985712423","1604962959","0.1"
"1604962959","2051582400","0.1"
"2051582400","1604962959","0.1"
"1604962959","2149770511","0.1"
"2149770511","1604962959","0.1"
"1604962959","2156543375","0.1"
"2156543375","1604962959","0.1"
"1604962959","2157060173","0.1"
"2157060173","1604962959","0.1"
"1985712423","2156543375","1.42341"
"2156543375","1985712423","1.42341"
"2149770511","2156543375","10.4579"
"2156543375","2149770511","10.4579"
"1489291989","1610496399","0.5"
"1610496399","1489291989","0.5"
"1500717163","1610496399","0.5"
"1610496399","1500717163","0.5"
"1489291989","2144607742","0.333333"
"2144607742","1489291989","0.333333"
"1489291989","2030103067","0.285714"
"2030103067","1489291989","0.285714"
"1489291989","2127812868","0.142857"
"2127812868","1489291989","0.142857"
"1998982581","2127812868","5.02341"
"2127812868","1998982581","5.02341"
"2008896880","2127812868","9.23532"
"2127812868","2008896880","9.23532"
"2030103067","2127812868","0.142857"
"2127812868","2030103067","0.142857"
"2127812868","2139135093","2.50198"
"2139135093","2127812868","2.50198"
"2127812868","2156543375","2.61865"
"2156543375","2127812868","2.61865"
"2127812868","2157060173","6.56865"
"2157060173","2127812868","6.56865"
"1489291989","2406114359","0.333333"
"2406114359","1489291989","0.333333"
"1489291989","1886782000","0.142857"
"1886782000","1489291989","0.142857"
"1489291989","2067308467","0.142857"
"2067308467","1489291989","0.142857"
"1886782000","1998982581","1.13571"
"1998982581","1886782000","1.13571"
"1886782000","2067308467","2.64286"
"2067308467","1886782000","2.64286"
"1886782000","2139135093","0.742857"
"2139135093","1886782000","0.742857"
"2008896880","2067308467","54.8421"
"2067308467","2008896880","54.8421"
"2030103067","2067308467","0.47619"
"2067308467","2030103067","0.47619"
"2067308467","2157060173","25.073"
"2157060173","2067308467","25.073"
"1489291989","2043420170","0.5"
"2043420170","1489291989","0.5"
"1499090527","2043420170","0.5"
"2043420170","1499090527","0.5"
"1500717163","2118035767","1.50952"
"2118035767","1500717163","1.50952"
"1500717163","2125383951","4.53333"
"2125383951","1500717163","4.53333"
"2030103067","2118035767","0.809524"
"2118035767","2030103067","0.809524"
"2030103067","2125383951","1.16667"
"2125383951","2030103067","1.16667"
"2118035767","2125383951","2.5"
"2125383951","2118035767","2.5"
"1500717163","2118739340","0.25"
"2118739340","1500717163","0.25"
"1500717163","2139135093","0.25"
"2139135093","1500717163","0.25"
"1500717163","2162181203","2.73333"
"2162181203","1500717163","2.73333"
"2118739340","2139135093","0.25"
"2139135093","2118739340","0.25"
"2118739340","2157060173","0.25"
"2157060173","2118739340","0.25"
"2118739340","2162181203","0.25"
"2162181203","2118739340","0.25"
"2139135093","2162181203","0.75"
"2162181203","2139135093","0.75"
"2157060173","2162181203","0.25"
"2162181203","2157060173","0.25"
"1588413769","1886782000","1.39286"
"1886782000","1588413769","1.39286"
"1588413769","2162181203","0.95"
"2162181203","1588413769","0.95"
"1679882079","2162181203","0.392857"
"2162181203","1679882079","0.392857"
"1886782000","2162181203","1.7"
"2162181203","1886782000","1.7"
"1530162452","2118035767","0.7"
"2118035767","1530162452","0.7"
"1530162452","2162181203","0.95"
"2162181203","1530162452","0.95"
"1588413769","2118035767","0.342857"
"2118035767","1588413769","0.342857"
"1604962959","2118035767","0.7"
"2118035767","1604962959","0.7"
"1604962959","2162181203","1.23333"
"2162181203","1604962959","1.23333"
"2118035767","2162181203","1.95"
"2162181203","2118035767","1.95"
"1588413769","2030103067","0.142857"
"2030103067","1588413769","0.142857"
"1679882079","2118035767","0.392857"
"2118035767","1679882079","0.392857"
"1886782000","2118035767","1.30952"
"2118035767","1886782000","1.30952"
"1998982581","2118035767","0.142857"
"2118035767","1998982581","0.142857"
"2008896880","2118035767","0.142857"
"2118035767","2008896880","0.142857"
"1500717163","1993451156","0.166667"
"1993451156","1500717163","0.166667"
"1500717163","2043420170","0.166667"
"2043420170","1500717163","0.166667"
"1500717163","66241193","0.166667"
"66241193","1500717163","0.166667"
"1993451156","2118035767","0.166667"
"2118035767","1993451156","0.166667"
"1993451156","2162181203","0.166667"
"2162181203","1993451156","0.166667"
"2043420170","2118035767","0.166667"
"2118035767","2043420170","0.166667"
"2043420170","2162181203","0.166667"
"2162181203","2043420170","0.166667"
"2118035767","66241193","0.166667"
"66241193","2118035767","0.166667"
"2162181203","66241193","5.66667"
"66241193","2162181203","5.66667"
"1604962959","2125383951","3.03333"
"2125383951","1604962959","3.03333"
"1500717163","2548178125","1"
"2548178125","1500717163","1"
"1604962959","1886782000","0.7"
"1886782000","1604962959","0.7"
"1886782000","2125383951","0.7"
"2125383951","1886782000","0.7"
"2008896880","2125383951","0.2"
"2125383951","2008896880","0.2"
"2008896880","2162181203","0.842857"
"2162181203","2008896880","0.842857"
"1502688274","161656270","0.333333"
"161656270","1502688274","0.333333"
"1502688274","2104511295","0.833333"
"2104511295","1502688274","0.833333"
"1502688274","51908901","0.333333"
"51908901","1502688274","0.333333"
"161656270","2104511295","0.833333"
"2104511295","161656270","0.833333"
"161656270","51908901","2.16667"
"51908901","161656270","2.16667"
"2104511295","51908901","7.45"
"51908901","2104511295","7.45"
"1502688274","2009985851","0.333333"
"2009985851","1502688274","0.333333"
"1502688274","2029841382","0.833333"
"2029841382","1502688274","0.833333"
"1502688274","2043437843","0.333333"
"2043437843","1502688274","0.333333"
"2009985851","2029841382","0.333333"
"2029841382","2009985851","0.333333"
"2009985851","2043437843","1.33333"
"2043437843","2009985851","1.33333"
"2029841382","2043437843","0.47619"
"2043437843","2029841382","0.47619"
"1502688274","1981590391","1"
"1981590391","1502688274","1"
"1502688274","2008896880","0.5"
"2008896880","1502688274","0.5"
"1502688274","1553860752","0.5"
"1553860752","1502688274","0.5"
"1553860752","2029841382","0.5"
"2029841382","1553860752","0.5"
"1526177690","1528326260","15"
"1528326260","1526177690","15"
"1526177690","1610496399","1"
"1610496399","1526177690","1"
"1528326260","1588733059","1"
"1588733059","1528326260","1"
"1530162452","2125383951","1"
"2125383951","1530162452","1"
"1679882079","2125383951","0.25"
"2125383951","1679882079","0.25"
"1533198084","2157060173","0.5"
"2157060173","1533198084","0.5"
"1533198084","2139135093","1"
"2139135093","1533198084","1"
"1533198084","2043420170","2"
"2043420170","1533198084","2"
"1533198084","2156543375","0.5"
"2156543375","1533198084","0.5"
"1533198084","2406114359","0.5"
"2406114359","1533198084","0.5"
"1533198084","1981590391","1"
"1981590391","1533198084","1"
"1533198084","1985712423","0.333333"
"1985712423","1533198084","0.333333"
"1533198084","2513812716","0.333333"
"2513812716","1533198084","0.333333"
"1985712423","2140564105","0.72619"
"2140564105","1985712423","0.72619"
"2140564105","2513812716","0.333333"
"2513812716","2140564105","0.333333"
"1540857022","2156543375","3.16667"
"2156543375","1540857022","3.16667"
"1540857022","2008896880","5"
"2008896880","1540857022","5"
"1540857022","2139135093","0.833333"
"2139135093","1540857022","0.833333"
"1540857022","2051582400","0.333333"
"2051582400","1540857022","0.333333"
"1540857022","2157060173","0.666667"
"2157060173","1540857022","0.666667"
"1560328891","2110462752","22"
"2110462752","1560328891","22"
"1560328891","2144209685","1"
"2144209685","1560328891","1"
"1563482070","2109385838","1"
"2109385838","1563482070","1"
"1563798137","2156543375","3.91667"
"2156543375","1563798137","3.91667"
"1563798137","1800215808","2.28333"
"1800215808","1563798137","2.28333"
"1563798137","2139135093","1.13333"
"2139135093","1563798137","1.13333"
"1800215808","2139135093","9.45397"
"2139135093","1800215808","9.45397"
"1563798137","2008896880","4.33333"
"2008896880","1563798137","4.33333"
"1800215808","2156543375","2.07063"
"2156543375","1800215808","2.07063"
"1563798137","2067308467","1.28333"
"2067308467","1563798137","1.28333"
"1563798137","2155758146","0.8"
"2155758146","1563798137","0.8"
"1800215808","2008896880","19.4873"
"2008896880","1800215808","19.4873"
"1800215808","2067308467","11.7873"
"2067308467","1800215808","11.7873"
"1800215808","2155758146","0.727778"
"2155758146","1800215808","0.727778"
"2008896880","2155758146","19.9635"
"2155758146","2008896880","19.9635"
"2067308467","2155758146","18.8802"
"2155758146","2067308467","18.8802"
"1563798137","1596947943","0.1"
"1596947943","1563798137","0.1"
"1563798137","1886782000","0.1"
"1886782000","1563798137","0.1"
"1563798137","1985712423","0.1"
"1985712423","1563798137","0.1"
"1563798137","1998982581","0.1"
"1998982581","1563798137","0.1"
"1563798137","2051582400","0.1"
"2051582400","1563798137","0.1"
"1563798137","2157060173","0.55"
"2157060173","1563798137","0.55"
"1596947943","1886782000","0.35"
"1886782000","1596947943","0.35"
"1596947943","2155758146","0.1"
"2155758146","1596947943","0.1"
"1886782000","1985712423","0.35"
"1985712423","1886782000","0.35"
"1886782000","2051582400","0.683333"
"2051582400","1886782000","0.683333"
"1886782000","2155758146","2.1"
"2155758146","1886782000","2.1"
"1886782000","2156543375","1.35"
"2156543375","1886782000","1.35"
"1985712423","2155758146","0.1"
"2155758146","1985712423","0.1"
"1998982581","2155758146","1.94683"
"2155758146","1998982581","1.94683"
"2051582400","2155758146","0.3"
"2155758146","2051582400","0.3"
"2139135093","2155758146","3.84683"
"2155758146","2139135093","3.84683"
"2155758146","2156543375","2.84683"
"2156543375","2155758146","2.84683"
"2155758146","2157060173","3.0373"
"2157060173","2155758146","3.0373"
"1563798137","2143237190","0.2"
"2143237190","1563798137","0.2"
"1800215808","2143237190","0.977778"
"2143237190","1800215808","0.977778"
"2008896880","2143237190","8.61944"
"2143237190","2008896880","8.61944"
"2067308467","2143237190","3.30278"
"2143237190","2067308467","3.30278"
"2143237190","2156543375","3.03849"
"2156543375","2143237190","3.03849"
"1588413769","2548178125","0.5"
"2548178125","1588413769","0.5"
"1596947943","2127812868","0.111111"
"2127812868","1596947943","0.111111"
"1985712423","2127812868","0.420635"
"2127812868","1985712423","0.420635"
"1985712423","2406114359","0.277778"
"2406114359","1985712423","0.277778"
"2051582400","2127812868","1.21389"
"2127812868","2051582400","1.21389"
"2127812868","2406114359","5.04722"
"2406114359","2127812868","5.04722"
"1596947943","2144607742","0.125"
"2144607742","1596947943","0.125"
"1985712423","2144607742","0.778968"
"2144607742","1985712423","0.778968"
"2104511295","2144607742","1.375"
"2144607742","2104511295","1.375"
"2104511295","2156543375","3.93452"
"2156543375","2104511295","3.93452"
"1596947943","2067308467","0.125"
"2067308467","1596947943","0.125"
"1679882079","2067308467","1.64286"
"2067308467","1679882079","1.64286"
"2067308467","2406114359","0.833333"
"2406114359","2067308467","0.833333"
"1596947943","1610496399","0.111111"
"1610496399","1596947943","0.111111"
"1596947943","1986017822","0.111111"
"1986017822","1596947943","0.111111"
"1596947943","2043437843","0.111111"
"2043437843","1596947943","0.111111"
"1596947943","2398558317","0.111111"
"2398558317","1596947943","0.111111"
"1596947943","2584608588","0.111111"
"2584608588","1596947943","0.111111"
"1610496399","1986017822","5.94444"
"1986017822","1610496399","5.94444"
"1610496399","2008896880","25.5706"
"2008896880","1610496399","25.5706"
"1610496399","2043420170","0.111111"
"2043420170","1610496399","0.111111"
"1610496399","2043437843","0.777778"
"2043437843","1610496399","0.777778"
"1610496399","2104511295","10.8111"
"2104511295","1610496399","10.8111"
"1610496399","2157060173","5.65397"
"2157060173","1610496399","5.65397"
"1610496399","2398558317","0.111111"
"2398558317","1610496399","0.111111"
"1610496399","2584608588","0.111111"
"2584608588","1610496399","0.111111"
"1986017822","2008896880","0.755556"
"2008896880","1986017822","0.755556"
"1986017822","2043420170","0.111111"
"2043420170","1986017822","0.111111"
"1986017822","2043437843","0.777778"
"2043437843","1986017822","0.777778"
"1986017822","2104511295","9.00556"
"2104511295","1986017822","9.00556"
"1986017822","2157060173","0.222222"
"2157060173","1986017822","0.222222"
"1986017822","2398558317","0.311111"
"2398558317","1986017822","0.311111"
"1986017822","2584608588","0.793651"
"2584608588","1986017822","0.793651"
"2008896880","2043437843","0.253968"
"2043437843","2008896880","0.253968"
"2008896880","2398558317","0.311111"
"2398558317","2008896880","0.311111"
"2008896880","2584608588","0.111111"
"2584608588","2008896880","0.111111"
"2043420170","2043437843","0.111111"
"2043437843","2043420170","0.111111"
"2043420170","2104511295","0.361111"
"2104511295","2043420170","0.361111"
"2043420170","2398558317","0.111111"
"2398558317","2043420170","0.111111"
"2043420170","2584608588","0.111111"
"2584608588","2043420170","0.111111"
"2043437843","2104511295","1.11111"
"2104511295","2043437843","1.11111"
"2043437843","2157060173","0.111111"
"2157060173","2043437843","0.111111"
"2043437843","2398558317","0.111111"
"2398558317","2043437843","0.111111"
"2043437843","2584608588","0.277778"
"2584608588","2043437843","0.277778"
"2104511295","2398558317","0.311111"
"2398558317","2104511295","0.311111"
"2104511295","2584608588","0.781746"
"2584608588","2104511295","0.781746"
"2157060173","2398558317","0.111111"
"2398558317","2157060173","0.111111"
"2157060173","2584608588","0.253968"
"2584608588","2157060173","0.253968"
"2398558317","2584608588","0.111111"
"2584608588","2398558317","0.111111"
"1596947943","2140564105","0.45"
"2140564105","1596947943","0.45"
"1604962959","2548178125","1"
"2548178125","1604962959","1"
"1610496399","1679882079","3.5"
"1679882079","1610496399","3.5"
"1610496399","2109385838","2.2"
"2109385838","1610496399","2.2"
"1610496399","1800215808","2"
"1800215808","1610496399","2"
"1610496399","2139135093","11.9262"
"2139135093","1610496399","11.9262"
"1610496399","2156543375","5.67619"
"2156543375","1610496399","5.67619"
"1610496399","2406114359","1"
"2406114359","1610496399","1"
"1610496399","1998982581","1.14286"
"1998982581","1610496399","1.14286"
"1610496399","2067308467","1.50952"
"2067308467","1610496399","1.50952"
"1610496399","2155758146","1.14286"
"2155758146","1610496399","1.14286"
"1610496399","2139929608","0.25"
"2139929608","1610496399","0.25"
"1610496399","51908901","2.08333"
"51908901","1610496399","2.08333"
"1610496399","61518770","1.58333"
"61518770","1610496399","1.58333"
"2104511295","2139929608","3.52778"
"2139929608","2104511295","3.52778"
"2104511295","61518770","15.5833"
"61518770","2104511295","15.5833"
"2139929608","51908901","1.91667"
"51908901","2139929608","1.91667"
"2139929608","61518770","0.916667"
"61518770","2139929608","0.916667"
"51908901","61518770","3.75"
"61518770","51908901","3.75"
"1610496399","1981590391","4.83333"
"1981590391","1610496399","4.83333"
"1981590391","2104511295","39.6444"
"2104511295","1981590391","39.6444"
"1610496399","161656270","1.2"
"161656270","1610496399","1.2"
"1610496399","2144016116","1.33333"
"2144016116","1610496399","1.33333"
"1610496399","2149770511","0.166667"
"2149770511","1610496399","0.166667"
"2067308467","2149770511","3.29683"
"2149770511","2067308467","3.29683"
"1610496399","2051582400","1"
"2051582400","1610496399","1"
"1981590391","1986017822","9.89444"
"1986017822","1981590391","9.89444"
"1981590391","2043437843","8.33333"
"2043437843","1981590391","8.33333"
"1610496399","1976437052","0.25"
"1976437052","1610496399","0.25"
"1610496399","2146972689","0.25"
"2146972689","1610496399","0.25"
"1976437052","1981590391","5.52778"
"1981590391","1976437052","5.52778"
"1976437052","1986017822","3.52778"
"1986017822","1976437052","3.52778"
"1976437052","2146972689","0.75"
"2146972689","1976437052","0.75"
"1981590391","2146972689","1.66667"
"2146972689","1981590391","1.66667"
"1986017822","2146972689","4.33333"
"2146972689","1986017822","4.33333"
"1981590391","51908901","7.86667"
"51908901","1981590391","7.86667"
"1610496399","2492778507","1"
"2492778507","1610496399","1"
"1610496399","2480335970","0.7"
"2480335970","1610496399","0.7"
"1981590391","2480335970","0.25"
"2480335970","1981590391","0.25"
"1986017822","2480335970","0.25"
"2480335970","1986017822","0.25"
"2104511295","2480335970","0.45"
"2480335970","2104511295","0.45"
"1610496399","1886782000","0.333333"
"1886782000","1610496399","0.333333"
"1610496399","2030103067","0.333333"
"2030103067","1610496399","0.333333"
"1886782000","2144016116","0.333333"
"2144016116","1886782000","0.333333"
"2030103067","2144016116","0.333333"
"2144016116","2030103067","0.333333"
"1610496399","2805602976","0.25"
"2805602976","1610496399","0.25"
"2156543375","2480335970","0.25"
"2480335970","2156543375","0.25"
"2156543375","2805602976","0.25"
"2805602976","2156543375","0.25"
"2157060173","2480335970","0.25"
"2480335970","2157060173","0.25"
"2157060173","2805602976","0.392857"
"2805602976","2157060173","0.392857"
"2480335970","2805602976","0.25"
"2805602976","2480335970","0.25"
"1610496399","2828054321","0.2"
"2828054321","1610496399","0.2"
"1610496399","2891271664","0.2"
"2891271664","1610496399","0.2"
"1610496399","2894794416","0.2"
"2894794416","1610496399","0.2"
"2104511295","2828054321","0.2"
"2828054321","2104511295","0.2"
"2104511295","2891271664","0.342857"
"2891271664","2104511295","0.342857"
"2104511295","2894794416","0.2"
"2894794416","2104511295","0.2"
"2480335970","2828054321","1.2"
"2828054321","2480335970","1.2"
"2480335970","2891271664","0.2"
"2891271664","2480335970","0.2"
"2480335970","2894794416","0.2"
"2894794416","2480335970","0.2"
"2828054321","2891271664","0.2"
"2891271664","2828054321","0.2"
"2828054321","2894794416","0.2"
"2894794416","2828054321","0.2"
"2891271664","2894794416","0.2"
"2894794416","2891271664","0.2"
"1610496399","2513812716","0.333333"
"2513812716","1610496399","0.333333"
"1981590391","2513812716","0.5"
"2513812716","1981590391","0.5"
"2043437843","2513812716","0.5"
"2513812716","2043437843","0.5"
"1981590391","61518770","11.1667"
"61518770","1981590391","11.1667"
"2157060173","51908901","2.5"
"51908901","2157060173","2.5"
"1610496399","2063178659","0.2"
"2063178659","1610496399","0.2"
"161656270","2008896880","3.46667"
"2008896880","161656270","3.46667"
"161656270","2063178659","1.36667"
"2063178659","161656270","1.36667"
"161656270","2109385838","0.533333"
"2109385838","161656270","0.533333"
"161656270","2157060173","1.13333"
"2157060173","161656270","1.13333"
"2008896880","2063178659","1.53333"
