"1030414202","2109034551","2.10156"
"2109034551","1030414202","2.10156"
"1030414202","2120160105","2.45788"
"2120160105","1030414202","2.45788"
"1030414202","2121148202","0.550372"
"2121148202","1030414202","0.550372"
"1030414202","2132036416","0.684463"
"2132036416","1030414202","0.684463"
"1030414202","2160810291","0.2"
"2160810291","1030414202","0.2"
"2109034551","2120160105","119.641"
"2120160105","2109034551","119.641"
"2109034551","2121148202","3.57068"
"2121148202","2109034551","3.57068"
"2109034551","2132036416","1.67386"
"2132036416","2109034551","1.67386"
"2109034551","2160810291","3.36991"
"2160810291","2109034551","3.36991"
"2120160105","2121148202","4.33295"
"2121148202","2120160105","4.33295"
"2120160105","2132036416","2.88775"
"2132036416","2120160105","2.88775"
"2120160105","2160810291","1.51991"
"2160810291","2120160105","1.51991"
"2121148202","2132036416","0.641281"
"2132036416","2121148202","0.641281"
"2121148202","2160810291","1.65"
"2160810291","2121148202","1.65"
"2132036416","2160810291","0.4"
"2160810291","2132036416","0.4"
"1030414202","2089156695","1.80589"
"2089156695","1030414202","1.80589"
"1030414202","2117759566","1.11234"
"2117759566","1030414202","1.11234"
"2117759566","2120160105","51.6234"
"2120160105","2117759566","51.6234"
"1030414202","2154525907","0.362338"
"2154525907","1030414202","0.362338"
"1030414202","2195423002","0.914261"
"2195423002","1030414202","0.914261"
"2109034551","2117759566","47.5477"
"2117759566","2109034551","47.5477"
"2109034551","2154525907","28.6735"
"2154525907","2109034551","28.6735"
"2109034551","2195423002","1.30593"
"2195423002","2109034551","1.30593"
"2117759566","2154525907","21.3711"
"2154525907","2117759566","21.3711"
"2117759566","2195423002","1.32067"
"2195423002","2117759566","1.32067"
"2120160105","2154525907","31.6897"
"2154525907","2120160105","31.6897"
"2120160105","2195423002","1.35668"
"2195423002","2120160105","1.35668"
"2154525907","2195423002","0.854004"
"2195423002","2154525907","0.854004"
"1030414202","2124604413","0.954004"
"2124604413","1030414202","0.954004"
"2109034551","2124604413","3.62067"
"2124604413","2109034551","3.62067"
"2120160105","2124604413","1.7381"
"2124604413","2120160105","1.7381"
"1030414202","1975852662","0.493229"
"1975852662","1030414202","0.493229"
"1030414202","2013192618","0.162338"
"2013192618","1030414202","0.162338"
"1030414202","2027625938","0.412338"
"2027625938","1030414202","0.412338"
"1030414202","2098704456","0.248352"
"2098704456","1030414202","0.248352"
"1030414202","2158374755","0.171429"
"2158374755","1030414202","0.171429"
"1030414202","2546521646","1.41234"
"2546521646","1030414202","1.41234"
"1975852662","2013192618","0.287338"
"2013192618","1975852662","0.287338"
"1975852662","2027625938","0.787338"
"2027625938","1975852662","0.787338"
"1975852662","2098704456","1.71469"
"2098704456","1975852662","1.71469"
"1975852662","2109034551","2.86909"
"2109034551","1975852662","2.86909"
"1975852662","2117759566","0.620671"
"2117759566","1975852662","0.620671"
"1975852662","2120160105","2.24088"
"2120160105","1975852662","2.24088"
"1975852662","2121148202","1.77624"
"2121148202","1975852662","1.77624"
"1975852662","2124604413","0.162338"
"2124604413","1975852662","0.162338"
"1975852662","2132036416","1.19128"
"2132036416","1975852662","1.19128"
"1975852662","2154525907","0.573052"
"2154525907","1975852662","0.573052"
"1975852662","2158374755","0.77381"
"2158374755","1975852662","0.77381"
"1975852662","2195423002","0.739261"
"2195423002","1975852662","0.739261"
"1975852662","2546521646","0.287338"
"2546521646","1975852662","0.287338"
"2013192618","2027625938","0.287338"
"2027625938","2013192618","0.287338"
"2013192618","2098704456","0.0714286"
"2098704456","2013192618","0.0714286"
"2013192618","2109034551","2.88344"
"2109034551","2013192618","2.88344"
"2013192618","2117759566","2.09253"
"2117759566","2013192618","2.09253"
"2013192618","2120160105","2.79253"
"2120160105","2013192618","2.79253"
"2013192618","2121148202","0.162338"
"2121148202","2013192618","0.162338"
"2013192618","2124604413","0.162338"
"2124604413","2013192618","0.162338"
"2013192618","2132036416","0.0714286"
"2132036416","2013192618","0.0714286"
"2013192618","2154525907","1.24491"
"2154525907","2013192618","1.24491"
"2013192618","2158374755","0.214286"
"2158374755","2013192618","0.214286"
"2013192618","2195423002","0.287338"
"2195423002","2013192618","0.287338"
"2013192618","2546521646","0.287338"
"2546521646","2013192618","0.287338"
"2027625938","2098704456","0.0714286"
"2098704456","2027625938","0.0714286"
"2027625938","2109034551","3.18734"
"2109034551","2027625938","3.18734"
"2027625938","2117759566","2.53734"
"2117759566","2027625938","2.53734"
"2027625938","2120160105","7.59643"
"2120160105","2027625938","7.59643"
"2027625938","2121148202","0.362338"
"2121148202","2027625938","0.362338"
"2027625938","2124604413","0.162338"
"2124604413","2027625938","0.162338"
"2027625938","2132036416","0.0714286"
"2132036416","2027625938","0.0714286"
"2027625938","2154525907","0.904004"
"2154525907","2027625938","0.904004"
"2027625938","2158374755","0.0714286"
"2158374755","2027625938","0.0714286"
"2027625938","2195423002","1.07067"
"2195423002","2027625938","1.07067"
"2027625938","2546521646","1.82067"
"2546521646","2027625938","1.82067"
"2098704456","2109034551","5.2179"
"2109034551","2098704456","5.2179"
"2098704456","2117759566","1.03373"
"2117759566","2098704456","1.03373"
"2098704456","2120160105","3.25838"
"2120160105","2098704456","3.25838"
"2098704456","2121148202","1.727"
"2121148202","2098704456","1.727"
"2098704456","2124604413","0.571429"
"2124604413","2098704456","0.571429"
"2098704456","2132036416","1.72108"
"2132036416","2098704456","1.72108"
"2098704456","2154525907","0.0714286"
"2154525907","2098704456","0.0714286"
"2098704456","2158374755","1.98853"
"2158374755","2098704456","1.98853"
"2098704456","2195423002","0.373352"
"2195423002","2098704456","0.373352"
"2098704456","2546521646","0.0714286"
"2546521646","2098704456","0.0714286"
"2109034551","2158374755","1.11472"
"2158374755","2109034551","1.11472"
"2109034551","2546521646","2.48734"
"2546521646","2109034551","2.48734"
"2117759566","2121148202","0.273449"
"2121148202","2117759566","0.273449"
"2117759566","2124604413","0.162338"
"2124604413","2117759566","0.162338"
"2117759566","2132036416","0.438095"
"2132036416","2117759566","0.438095"
"2117759566","2158374755","0.214286"
"2158374755","2117759566","0.214286"
"2117759566","2546521646","1.704"
"2546521646","2117759566","1.704"
"2120160105","2158374755","2.18853"
"2158374755","2120160105","2.18853"
"2120160105","2546521646","3.5631"
"2546521646","2120160105","3.5631"
"2121148202","2124604413","0.329004"
"2124604413","2121148202","0.329004"
"2121148202","2154525907","0.505195"
"2154525907","2121148202","0.505195"
"2121148202","2158374755","0.607143"
"2158374755","2121148202","0.607143"
"2121148202","2195423002","0.530927"
"2195423002","2121148202","0.530927"
"2121148202","2546521646","0.162338"
"2546521646","2121148202","0.162338"
"2124604413","2132036416","0.196429"
"2132036416","2124604413","0.196429"
"2124604413","2154525907","0.162338"
"2154525907","2124604413","0.162338"
"2124604413","2158374755","0.238095"
"2158374755","2124604413","0.238095"
"2124604413","2195423002","0.454004"
"2195423002","2124604413","0.454004"
"2124604413","2546521646","0.662338"
"2546521646","2124604413","0.662338"
"2132036416","2154525907","0.0714286"
"2154525907","2132036416","0.0714286"
"2132036416","2158374755","0.262338"
"2158374755","2132036416","0.262338"
"2132036416","2195423002","0.623352"
"2195423002","2132036416","0.623352"
"2132036416","2546521646","1.07143"
"2546521646","2132036416","1.07143"
"2154525907","2158374755","0.214286"
"2158374755","2154525907","0.214286"
"2154525907","2546521646","0.654004"
"2546521646","2154525907","0.654004"
"2158374755","2195423002","0.338095"
"2195423002","2158374755","0.338095"
"2158374755","2546521646","0.0714286"
"2546521646","2158374755","0.0714286"
"2195423002","2546521646","1.654"
"2546521646","2195423002","1.654"
"1030414202","1976960244","0.313034"
"1976960244","1030414202","0.313034"
"1030414202","2025629941","0.21978"
"2025629941","1030414202","0.21978"
"1030414202","2050425142","0.680891"
"2050425142","1030414202","0.680891"
"1030414202","2138289546","0.0769231"
"2138289546","1030414202","0.0769231"
"1030414202","2145723333","0.805891"
"2145723333","1030414202","0.805891"
"1975852662","1976960244","1.72104"
"1976960244","1975852662","1.72104"
"1975852662","2025629941","2.16946"
"2025629941","1975852662","2.16946"
"1975852662","2050425142","1.13771"
"2050425142","1975852662","1.13771"
"1975852662","2089156695","3.26628"
"2089156695","1975852662","3.26628"
"1975852662","2138289546","0.862637"
"2138289546","1975852662","0.862637"
"1975852662","2145723333","0.881757"
"2145723333","1975852662","0.881757"
"1976960244","2025629941","0.636988"
"2025629941","1976960244","0.636988"
"1976960244","2050425142","4.90282"
"2050425142","1976960244","4.90282"
"1976960244","2089156695","10.9056"
"2089156695","1976960244","10.9056"
"1976960244","2098704456","6.37981"
"2098704456","1976960244","6.37981"
"1976960244","2109034551","7.20564"
"2109034551","1976960244","7.20564"
"1976960244","2120160105","5.61"
"2120160105","1976960244","5.61"
"1976960244","2121148202","2.16549"
"2121148202","1976960244","2.16549"
"1976960244","2132036416","1.48576"
"2132036416","1976960244","1.48576"
"1976960244","2138289546","0.565018"
"2138289546","1976960244","0.565018"
"1976960244","2145723333","3.73381"
"2145723333","1976960244","3.73381"
"1976960244","2195423002","0.326923"
"2195423002","1976960244","0.326923"
"2025629941","2050425142","0.779845"
"2050425142","2025629941","0.779845"
"2025629941","2089156695","3.30647"
"2089156695","2025629941","3.30647"
"2025629941","2098704456","0.984174"
"2098704456","2025629941","0.984174"
"2025629941","2109034551","3.07194"
"2109034551","2025629941","3.07194"
"2025629941","2120160105","2.28861"
"2120160105","2025629941","2.28861"
"2025629941","2121148202","1.0266"
"2121148202","2025629941","1.0266"
"2025629941","2132036416","0.54965"
"2132036416","2025629941","0.54965"
"2025629941","2138289546","0.291209"
"2138289546","2025629941","0.291209"
"2025629941","2145723333","0.797702"
"2145723333","2025629941","0.797702"
"2025629941","2195423002","0.201923"
"2195423002","2025629941","0.201923"
"2050425142","2089156695","7.05326"
"2089156695","2050425142","7.05326"
"2050425142","2098704456","4.62862"
"2098704456","2050425142","4.62862"
"2050425142","2109034551","3.88659"
"2109034551","2050425142","3.88659"
"2050425142","2120160105","2.94215"
"2120160105","2050425142","2.94215"
"2050425142","2121148202","1.0643"
"2121148202","2050425142","1.0643"
"2050425142","2132036416","1.12743"
"2132036416","2050425142","1.12743"
"2050425142","2138289546","0.648352"
"2138289546","2050425142","0.648352"
"2050425142","2145723333","3.41671"
"2145723333","2050425142","3.41671"
"2050425142","2195423002","0.301923"
"2195423002","2050425142","0.301923"
"2089156695","2098704456","6.306"
"2098704456","2089156695","6.306"
"2089156695","2109034551","23.8585"
"2109034551","2089156695","23.8585"
"2089156695","2120160105","13.02"
"2120160105","2089156695","13.02"
"2089156695","2121148202","2.0762"
"2121148202","2089156695","2.0762"
"2089156695","2132036416","2.28576"
"2132036416","2089156695","2.28576"
"2089156695","2138289546","0.850733"
"2138289546","2089156695","0.850733"
"2089156695","2145723333","7.14453"
"2145723333","2089156695","7.14453"
"2089156695","2195423002","2.67692"
"2195423002","2089156695","2.67692"
"2098704456","2138289546","0.636447"
"2138289546","2098704456","0.636447"
"2098704456","2145723333","2.22703"
"2145723333","2098704456","2.22703"
"2109034551","2138289546","0.541209"
"2138289546","2109034551","0.541209"
"2109034551","2145723333","3.91834"
"2145723333","2109034551","3.91834"
"2120160105","2138289546","0.481685"
"2138289546","2120160105","0.481685"
"2120160105","2145723333","4.33937"
"2145723333","2120160105","4.33937"
"2121148202","2138289546","1.19597"
"2138289546","2121148202","1.19597"
"2121148202","2145723333","1.3639"
"2145723333","2121148202","1.3639"
"2132036416","2138289546","0.0769231"
"2138289546","2132036416","0.0769231"
"2132036416","2145723333","1.13576"
"2145723333","2132036416","1.13576"
"2138289546","2145723333","0.541209"
"2145723333","2138289546","0.541209"
"2138289546","2195423002","0.0769231"
"2195423002","2138289546","0.0769231"
"2145723333","2195423002","0.301923"
"2195423002","2145723333","0.301923"
"1030414202","2118009276","0.0909091"
"2118009276","1030414202","0.0909091"
"1975852662","2118009276","0.0909091"
"2118009276","1975852662","0.0909091"
"2013192618","2118009276","0.381818"
"2118009276","2013192618","0.381818"
"2027625938","2118009276","0.290909"
"2118009276","2027625938","0.290909"
"2109034551","2118009276","8.85801"
"2118009276","2109034551","8.85801"
"2117759566","2118009276","1.39134"
"2118009276","2117759566","1.39134"
"2118009276","2121148202","0.824242"
"2121148202","2118009276","0.824242"
"2118009276","2124604413","0.0909091"
"2124604413","2118009276","0.0909091"
"2118009276","2154525907","2.04134"
"2154525907","2118009276","2.04134"
"2118009276","2195423002","0.0909091"
"2195423002","2118009276","0.0909091"
"2118009276","2546521646","0.0909091"
"2546521646","2118009276","0.0909091"
"1030414202","1979690926","0.1"
"1979690926","1030414202","0.1"
"1030414202","1994869424","0.211111"
"1994869424","1030414202","0.211111"
"1979690926","1994869424","1.725"
"1994869424","1979690926","1.725"
"1979690926","2050425142","1.14491"
"2050425142","1979690926","1.14491"
"1979690926","2089156695","1.73582"
"2089156695","1979690926","1.73582"
"1979690926","2098704456","1.40682"
"2098704456","1979690926","1.40682"
"1979690926","2120160105","1.65249"
"2120160105","1979690926","1.65249"
"1979690926","2132036416","0.281818"
"2132036416","1979690926","0.281818"
"1979690926","2145723333","1.73582"
"2145723333","1979690926","1.73582"
"1979690926","2158374755","0.6"
"2158374755","1979690926","0.6"
"1979690926","2195423002","0.266667"
"2195423002","1979690926","0.266667"
"1994869424","2050425142","1.61313"
"2050425142","1994869424","1.61313"
"1994869424","2089156695","4.75718"
"2089156695","1994869424","4.75718"
"1994869424","2098704456","4.04488"
"2098704456","1994869424","4.04488"
"1994869424","2120160105","2.56154"
"2120160105","1994869424","2.56154"
"1994869424","2132036416","0.718687"
"2132036416","1994869424","0.718687"
"1994869424","2145723333","2.96273"
"2145723333","1994869424","2.96273"
"1994869424","2158374755","0.857576"
"2158374755","1994869424","0.857576"
"1994869424","2195423002","0.1"
"2195423002","1994869424","0.1"
"2050425142","2158374755","0.557576"
"2158374755","2050425142","0.557576"
"2089156695","2158374755","3.31948"
"2158374755","2089156695","3.31948"
"2145723333","2158374755","1.1171"
"2158374755","2145723333","1.1171"
"1975852662","1994869424","0.453968"
"1994869424","1975852662","0.453968"
"1976960244","1994869424","3.20718"
"1994869424","1976960244","3.20718"
"1994869424","2109034551","5.78218"
"2109034551","1994869424","5.78218"
"1994869424","2121148202","1.32341"
"2121148202","1994869424","1.32341"
"1030414202","2594306307","0.333333"
"2594306307","1030414202","0.333333"
"2120160105","2594306307","1.33333"
"2594306307","2120160105","1.33333"
"2124604413","2594306307","0.333333"
"2594306307","2124604413","0.333333"
"1030414202","2020430012","0.125"
"2020430012","1030414202","0.125"
"1976960244","2020430012","0.608766"
"2020430012","1976960244","0.608766"
"1976960244","2124604413","0.125"
"2124604413","1976960244","0.125"
"2020430012","2089156695","3.0921"
"2089156695","2020430012","3.0921"
"2020430012","2109034551","2.22543"
"2109034551","2020430012","2.22543"
"2020430012","2124604413","0.291667"
"2124604413","2020430012","0.291667"
"2020430012","2132036416","0.965909"
"2132036416","2020430012","0.965909"
"2020430012","2145723333","0.975433"
"2145723333","2020430012","0.975433"
"2020430012","2195423002","1.04167"
"2195423002","2020430012","1.04167"
"2089156695","2124604413","0.291667"
"2124604413","2089156695","0.291667"
"2124604413","2145723333","0.125"
"2145723333","2124604413","0.125"
"1911364812","2109034551","0.333333"
"2109034551","1911364812","0.333333"
"1911364812","2120160105","0.333333"
"2120160105","1911364812","0.333333"
"1911364812","2154525907","0.333333"
"2154525907","1911364812","0.333333"
"2025629941","2158374755","0.8171"
"2158374755","2025629941","0.8171"
"1975852662","1979690926","1.09848"
"1979690926","1975852662","1.09848"
"1979690926","2121148202","1.72348"
"2121148202","1979690926","1.72348"
"1979690926","2138289546","0.654762"
"2138289546","1979690926","0.654762"
"2138289546","2158374755","0.535714"
"2158374755","2138289546","0.535714"
"1975852662","2098567301","0.35119"
"2098567301","1975852662","0.35119"
"1975852662","2160810291","0.916667"
"2160810291","1975852662","0.916667"
"1975852662","2170907562","0.0833333"
"2170907562","1975852662","0.0833333"
"1976960244","2098567301","1.99567"
"2098567301","1976960244","1.99567"
"1976960244","2158374755","1.65043"
"2158374755","1976960244","1.65043"
"1976960244","2160810291","1.14567"
"2160810291","1976960244","1.14567"
"1976960244","2170907562","2.72464"
"2170907562","1976960244","2.72464"
"2089156695","2098567301","1.68019"
"2098567301","2089156695","1.68019"
"2089156695","2160810291","2.18658"
"2160810291","2089156695","2.18658"
"2089156695","2170907562","7.75007"
"2170907562","2089156695","7.75007"
"2098567301","2098704456","0.666667"
"2098704456","2098567301","0.666667"
"2098567301","2109034551","2.68019"
"2109034551","2098567301","2.68019"
"2098567301","2120160105","0.370671"
"2120160105","2098567301","0.370671"
"2098567301","2121148202","0.35119"
"2121148202","2098567301","0.35119"
"2098567301","2138289546","0.464286"
"2138289546","2098567301","0.464286"
"2098567301","2145723333","0.245671"
"2145723333","2098567301","0.245671"
"2098567301","2158374755","0.392857"
"2158374755","2098567301","0.392857"
"2098567301","2160810291","0.245671"
"2160810291","2098567301","0.245671"
"2098567301","2170907562","0.370671"
"2170907562","2098567301","0.370671"
"2098704456","2160810291","1.51667"
"2160810291","2098704456","1.51667"
"2098704456","2170907562","0.462302"
"2170907562","2098704456","0.462302"
"2109034551","2170907562","56.0251"
"2170907562","2109034551","56.0251"
"2120160105","2170907562","46.6584"
"2170907562","2120160105","46.6584"
"2121148202","2170907562","0.194444"
"2170907562","2121148202","0.194444"
"2138289546","2160810291","0.488095"
"2160810291","2138289546","0.488095"
"2138289546","2170907562","0.154762"
"2170907562","2138289546","0.154762"
"2145723333","2160810291","0.412338"
"2160810291","2145723333","0.412338"
"2145723333","2170907562","0.495671"
"2170907562","2145723333","0.495671"
"2158374755","2160810291","0.666667"
"2160810291","2158374755","0.666667"
"2158374755","2170907562","0.0833333"
"2170907562","2158374755","0.0833333"
"2160810291","2170907562","0.953247"
"2170907562","2160810291","0.953247"
"1976960244","2154525907","0.142857"
"2154525907","1976960244","0.142857"
"1994869424","2154525907","0.47619"
"2154525907","1994869424","0.47619"
"2089156695","2154525907","1.88615"
"2154525907","2089156695","1.88615"
"2145723333","2154525907","0.142857"
"2154525907","2145723333","0.142857"
"1975852662","2020430012","0.45"
"2020430012","1975852662","0.45"
"1994869424","2020430012","1.2671"
"2020430012","1994869424","1.2671"
"2020430012","2098704456","2.60043"
"2098704456","2020430012","2.60043"
"2098567301","2154525907","0.142857"
"2154525907","2098567301","0.142857"
"2138289546","2154525907","0.142857"
"2154525907","2138289546","0.142857"
"1976960244","1979690926","0.844156"
"1979690926","1976960244","0.844156"
"1979690926","2025629941","0.344156"
"2025629941","1979690926","0.344156"
"1979690926","2109034551","2.13582"
"2109034551","1979690926","2.13582"
"1979690926","2117759566","0.571429"
"2117759566","1979690926","0.571429"
"1979690926","2160810291","0.495671"
"2160810291","1979690926","0.495671"
"2089156695","2117759566","9.01869"
"2117759566","2089156695","9.01869"
"2117759566","2138289546","0.238095"
"2138289546","2117759566","0.238095"
"2117759566","2160810291","0.745671"
"2160810291","2117759566","0.745671"
"2025629941","2098567301","0.287338"
"2098567301","2025629941","0.287338"
"2050425142","2098567301","0.654762"
"2098567301","2050425142","0.654762"
"2098567301","2195423002","0.125"
"2195423002","2098567301","0.125"
"2025629941","2117759566","1.00519"
"2117759566","2025629941","1.00519"
"2025629941","2160810291","1.06991"
"2160810291","2025629941","1.06991"
"1976960244","2117759566","1.45992"
"2117759566","1976960244","1.45992"
"2050425142","2117759566","0.907973"
"2117759566","2050425142","0.907973"
"2050425142","2170907562","1.60797"
"2170907562","2050425142","1.60797"
"2117759566","2170907562","19.0508"
"2170907562","2117759566","19.0508"
"1994869424","2098567301","0.791667"
"2098567301","1994869424","0.791667"
"1976960244","2095984878","0.638528"
"2095984878","1976960244","0.638528"
"1979690926","2095984878","0.829004"
"2095984878","1979690926","0.829004"
"2095984878","2109034551","2.13853"
"2109034551","2095984878","2.13853"
"1976960244","2013192618","0.971861"
"2013192618","1976960244","0.971861"
"2013192618","2089156695","1.06277"
"2089156695","2013192618","1.06277"
"2013192618","2095984878","1.63853"
"2095984878","2013192618","1.63853"
"2089156695","2095984878","1.38853"
"2095984878","2089156695","1.38853"
"2095984878","2117759566","0.547619"
"2117759566","2095984878","0.547619"
"2095984878","2120160105","2.13853"
"2120160105","2095984878","2.13853"
"2095984878","2158374755","3.30952"
"2158374755","2095984878","3.30952"
"1979690926","2013192618","0.162338"
"2013192618","1979690926","0.162338"
"1979690926","2098567301","0.162338"
"2098567301","1979690926","0.162338"
"1979690926","2170907562","0.162338"
"2170907562","1979690926","0.162338"
"2013192618","2025629941","0.253247"
"2025629941","2013192618","0.253247"
"2013192618","2050425142","0.162338"
"2050425142","2013192618","0.162338"
"2013192618","2098567301","0.162338"
"2098567301","2013192618","0.162338"
"2013192618","2138289546","0.0714286"
"2138289546","2013192618","0.0714286"
"2013192618","2145723333","0.162338"
"2145723333","2013192618","0.162338"
"2013192618","2160810291","0.253247"
"2160810291","2013192618","0.253247"
"2013192618","2170907562","0.419913"
"2170907562","2013192618","0.419913"
"2025629941","2095984878","0.162338"
"2095984878","2025629941","0.162338"
"2025629941","2170907562","0.596104"
"2170907562","2025629941","0.596104"
"2050425142","2095984878","0.0714286"
"2095984878","2050425142","0.0714286"
"2050425142","2160810291","0.729004"
"2160810291","2050425142","0.729004"
"2095984878","2098567301","0.162338"
"2098567301","2095984878","0.162338"
"2095984878","2138289546","0.0714286"
"2138289546","2095984878","0.0714286"
"2095984878","2145723333","0.162338"
"2145723333","2095984878","0.162338"
"2095984878","2160810291","0.162338"
"2160810291","2095984878","0.162338"
"2095984878","2170907562","0.412338"
"2170907562","2095984878","0.412338"
"2098567301","2117759566","0.196429"
"2117759566","2098567301","0.196429"
"2117759566","2145723333","0.521429"
"2145723333","2117759566","0.521429"
"1994869424","2117759566","1.23611"
"2117759566","1994869424","1.23611"
"1994869424","2170907562","0.736111"
"2170907562","1994869424","0.736111"
"1976960244","2123517961","0.2"
"2123517961","1976960244","0.2"
"2089156695","2123517961","1.04091"
"2123517961","2089156695","1.04091"
"2109034551","2123517961","17.5909"
"2123517961","2109034551","17.5909"
"2120160105","2123517961","24.9242"
"2123517961","2120160105","24.9242"
"2123517961","2170907562","19.0576"
"2170907562","2123517961","19.0576"
"1994869424","2025629941","0.0909091"
"2025629941","1994869424","0.0909091"
"2020430012","2025629941","0.0909091"
"2025629941","2020430012","0.0909091"
"2020430012","2050425142","0.707576"
"2050425142","2020430012","0.707576"
"2020430012","2120160105","0.457576"
"2120160105","2020430012","0.457576"
"2020430012","2158374755","0.624242"
"2158374755","2020430012","0.624242"
"2132036416","2170907562","0.366667"
"2170907562","2132036416","0.366667"
"2020430012","2121148202","0.309524"
"2121148202","2020430012","0.309524"
"1976960244","2546521646","0.333333"
"2546521646","1976960244","0.333333"
"1994869424","2546521646","0.333333"
"2546521646","1994869424","0.333333"
"2098567301","2546521646","0.333333"
"2546521646","2098567301","0.333333"
"1979690926","2020430012","0.333333"
"2020430012","1979690926","0.333333"
"1979690926","2043235057","4"
"2043235057","1979690926","4"
"1979690926","2154525907","0.333333"
"2154525907","1979690926","0.333333"
"1994869424","2095984878","0.333333"
"2095984878","1994869424","0.333333"
"2095984878","2154525907","0.583333"
"2154525907","2095984878","0.583333"
"1979690926","2027625938","0.333333"
"2027625938","1979690926","0.333333"
"2027625938","2089156695","0.333333"
"2089156695","2027625938","0.333333"
"2027625938","2145723333","0.333333"
"2145723333","2027625938","0.333333"
"1979690926","1983686086","0.5"
"1983686086","1979690926","0.5"
"1979690926","2024452671","0.5"
"2024452671","1979690926","0.5"
"1983686086","2024452671","45.3333"
"2024452671","1983686086","45.3333"
"1979690926","2124604413","0.166667"
"2124604413","1979690926","0.166667"
"1983686086","2117759566","6.33333"
"2117759566","1983686086","6.33333"
"1983686086","2154525907","1"
"2154525907","1983686086","1"
"1983686086","2120160105","2.33333"
"2120160105","1983686086","2.33333"
"1983686086","2170907562","0.5"
"2170907562","1983686086","0.5"
"2024452671","2117759566","1.83333"
"2117759566","2024452671","1.83333"
"2024452671","2120160105","0.333333"
"2120160105","2024452671","0.333333"
"1983686086","2089156695","1.5"
"2089156695","1983686086","1.5"
"1983686086","2109034551","0.5"
"2109034551","1983686086","0.5"
"1983686086","2129902978","1"
"2129902978","1983686086","1"
"1994869424","2123517961","0.25"
"2123517961","1994869424","0.25"
"2117759566","2123517961","2.19091"
"2123517961","2117759566","2.19091"
"1994869424","2138289546","0.166667"
"2138289546","1994869424","0.166667"
"2020430012","2098567301","0.166667"
"2098567301","2020430012","0.166667"
"2020430012","2138289546","0.166667"
"2138289546","2020430012","0.166667"
"2013192618","2123517961","0.290909"
"2123517961","2013192618","0.290909"
"2025629941","2118009276","0.433766"
"2118009276","2025629941","0.433766"
"2025629941","2123517961","0.0909091"
"2123517961","2025629941","0.0909091"
"2025629941","2154525907","0.433766"
"2154525907","2025629941","0.433766"
"2050425142","2118009276","0.0909091"
"2118009276","2050425142","0.0909091"
"2050425142","2123517961","0.0909091"
"2123517961","2050425142","0.0909091"
"2050425142","2154525907","0.0909091"
"2154525907","2050425142","0.0909091"
"2089156695","2118009276","1.73377"
"2118009276","2089156695","1.73377"
"2118009276","2120160105","5.68377"
"2120160105","2118009276","5.68377"
"2118009276","2123517961","0.874242"
"2123517961","2118009276","0.874242"
"2118009276","2160810291","0.490909"
"2160810291","2118009276","0.490909"
"2118009276","2170907562","1.9171"
"2170907562","2118009276","1.9171"
"2123517961","2154525907","1.47424"
"2154525907","2123517961","1.47424"
"2123517961","2160810291","0.0909091"
"2160810291","2123517961","0.0909091"
"2154525907","2160810291","1.09091"
"2160810291","2154525907","1.09091"
"2154525907","2170907562","10.6004"
"2170907562","2154525907","10.6004"
"2019163261","2109034551","2.5"
"2109034551","2019163261","2.5"
"2019163261","2120160105","2"
"2120160105","2019163261","2"
"2019163261","2117759566","2"
"2117759566","2019163261","2"
"2019163261","2103328958","0.166667"
"2103328958","2019163261","0.166667"
"2019163261","2118009276","0.166667"
"2118009276","2019163261","0.166667"
"2019163261","2154525907","0.166667"
"2154525907","2019163261","0.166667"
"2103328958","2109034551","0.366667"
"2109034551","2103328958","0.366667"
"2103328958","2117759566","0.166667"
"2117759566","2103328958","0.166667"
"2103328958","2118009276","0.366667"
"2118009276","2103328958","0.366667"
"2103328958","2120160105","0.366667"
"2120160105","2103328958","0.366667"
"2103328958","2154525907","0.366667"
"2154525907","2103328958","0.366667"
"2020430012","2546521646","0.5"
"2546521646","2020430012","0.5"
"2025629941","2546521646","1"
"2546521646","2025629941","1"
"2027625938","2170907562","0.666667"
"2170907562","2027625938","0.666667"
"2170907562","2195423002","0.333333"
"2195423002","2170907562","0.333333"
"2170907562","2546521646","0.333333"
"2546521646","2170907562","0.333333"
"2027625938","2160810291","0.2"
"2160810291","2027625938","0.2"
"2027625938","2095984878","0.5"
"2095984878","2027625938","0.5"
"2095984878","2546521646","0.5"
"2546521646","2095984878","0.5"
"2043235057","2109034551","0.333333"
"2109034551","2043235057","0.333333"
"2043235057","2117759566","0.333333"
"2117759566","2043235057","0.333333"
"2043235057","2120160105","0.333333"
"2120160105","2043235057","0.333333"
"2063458030","2109034551","1.2"
"2109034551","2063458030","1.2"
"2063458030","2117759566","0.2"
"2117759566","2063458030","0.2"
"2063458030","2120160105","0.2"
"2120160105","2063458030","0.2"
"2063458030","2154525907","0.2"
"2154525907","2063458030","0.2"
"2063458030","2170907562","0.2"
"2170907562","2063458030","0.2"
"2063458030","2103328958","1"
"2103328958","2063458030","1"
"2095984878","2123517961","0.25"
"2123517961","2095984878","0.25"
"2089156695","2546521646","0.333333"
"2546521646","2089156695","0.333333"
"2089156695","2766851222","0.333333"
"2766851222","2089156695","0.333333"
"2195423002","2766851222","0.333333"
"2766851222","2195423002","0.333333"
"2546521646","2766851222","0.333333"
"2766851222","2546521646","0.333333"
"2103328958","2121148202","0.2"
"2121148202","2103328958","0.2"
"2109034551","25857567","0.333333"
"25857567","2109034551","0.333333"
"2123517961","25857567","0.833333"
"25857567","2123517961","0.833333"
"2170907562","25857567","4.83333"
"25857567","2170907562","4.83333"
"2109034551","2129902978","0.25"
"2129902978","2109034551","0.25"
"2120160105","2129902978","0.75"
"2129902978","2120160105","0.75"
"2123517961","2129902978","1.75"
"2129902978","2123517961","1.75"
"2129902978","2170907562","0.25"
"2170907562","2129902978","0.25"
"2109034551","2594306307","1"
"2594306307","2109034551","1"
"2124604413","2766851222","1"
"2766851222","2124604413","1"
"2145723333","2766851222","1"
"2766851222","2145723333","1"
"2546521646","2981198616","1"
"2981198616","2546521646","1"
