"1481430225","1533862678","0.222222"
"1533862678","1481430225","0.222222"
"1481430225","1542621471","0.111111"
"1542621471","1481430225","0.111111"
"1481430225","1586755918","0.222222"
"1586755918","1481430225","0.222222"
"1481430225","2068395804","0.222222"
"2068395804","1481430225","0.222222"
"1481430225","2100006764","0.111111"
"2100006764","1481430225","0.111111"
"1481430225","2118028478","0.111111"
"2118028478","1481430225","0.111111"
"1481430225","2121313660","0.111111"
"2121313660","1481430225","0.111111"
"1481430225","2146943433","0.111111"
"2146943433","1481430225","0.111111"
"1481430225","2171187485","0.222222"
"2171187485","1481430225","0.222222"
"1533862678","1542621471","0.111111"
"1542621471","1533862678","0.111111"
"1533862678","1586755918","0.313131"
"1586755918","1533862678","0.313131"
"1533862678","2068395804","1.76154"
"2068395804","1533862678","1.76154"
"1533862678","2100006764","0.5671"
"2100006764","1533862678","0.5671"
"1533862678","2118028478","0.438131"
"2118028478","1533862678","0.438131"
"1533862678","2121313660","0.236111"
"2121313660","1533862678","0.236111"
"1533862678","2146943433","0.60119"
"2146943433","1533862678","0.60119"
"1533862678","2171187485","1.26154"
"2171187485","1533862678","1.26154"
"1542621471","1586755918","0.169935"
"1586755918","1542621471","0.169935"
"1542621471","2068395804","1.26993"
"2068395804","1542621471","1.26993"
"1542621471","2100006764","0.211111"
"2100006764","1542621471","0.211111"
"1542621471","2118028478","0.111111"
"2118028478","1542621471","0.111111"
"1542621471","2121313660","0.269935"
"2121313660","1542621471","0.269935"
"1542621471","2146943433","0.603268"
"2146943433","1542621471","0.603268"
"1542621471","2171187485","0.269935"
"2171187485","1542621471","0.269935"
"1586755918","2068395804","0.662864"
"2068395804","1586755918","0.662864"
"1586755918","2100006764","0.292929"
"2100006764","1586755918","0.292929"
"1586755918","2118028478","0.20202"
"2118028478","1586755918","0.20202"
"1586755918","2121313660","0.419935"
"2121313660","1586755918","0.419935"
"1586755918","2146943433","0.169935"
"2146943433","1586755918","0.169935"
"1586755918","2171187485","0.912864"
"2171187485","1586755918","0.912864"
"2068395804","2100006764","1.25801"
"2100006764","2068395804","1.25801"
"2068395804","2118028478","0.438131"
"2118028478","2068395804","0.438131"
"2068395804","2121313660","2.28779"
"2121313660","2068395804","2.28779"
"2068395804","2146943433","0.902871"
"2146943433","2068395804","0.902871"
"2068395804","2171187485","3.38985"
"2171187485","2068395804","3.38985"
"2100006764","2118028478","0.313131"
"2118028478","2100006764","0.313131"
"2100006764","2121313660","0.211111"
"2121313660","2100006764","0.211111"
"2100006764","2146943433","0.742857"
"2146943433","2100006764","0.742857"
"2100006764","2171187485","3.59134"
"2171187485","2100006764","3.59134"
"2118028478","2121313660","0.236111"
"2121313660","2118028478","0.236111"
"2118028478","2146943433","0.222222"
"2146943433","2118028478","0.222222"
"2118028478","2171187485","0.438131"
"2171187485","2118028478","0.438131"
"2121313660","2146943433","0.269935"
"2146943433","2121313660","0.269935"
"2121313660","2171187485","1.61279"
"2171187485","2121313660","1.61279"
"2146943433","2171187485","1.76954"
"2171187485","2146943433","1.76954"
"1481430225","1845774461","0.611111"
"1845774461","1481430225","0.611111"
"1481430225","2053029294","1.11111"
"2053029294","1481430225","1.11111"
"1845774461","2053029294","0.611111"
"2053029294","1845774461","0.611111"
"1481430225","2020784016","0.333333"
"2020784016","1481430225","0.333333"
"1481430225","2113655056","0.333333"
"2113655056","1481430225","0.333333"
"1481430225","2476361414","0.333333"
"2476361414","1481430225","0.333333"
"2020784016","2113655056","0.333333"
"2113655056","2020784016","0.333333"
"2020784016","2476361414","0.333333"
"2476361414","2020784016","0.333333"
"2113655056","2476361414","0.333333"
"2476361414","2113655056","0.333333"
"1481430225","1569167733","1.61111"
"1569167733","1481430225","1.61111"
"1481430225","1556739164","0.111111"
"1556739164","1481430225","0.111111"
"1481430225","2085436621","0.111111"
"2085436621","1481430225","0.111111"
"1533862678","1556739164","0.236111"
"1556739164","1533862678","0.236111"
"1533862678","1569167733","0.111111"
"1569167733","1533862678","0.111111"
"1533862678","1845774461","0.111111"
"1845774461","1533862678","0.111111"
"1533862678","2053029294","0.111111"
"2053029294","1533862678","0.111111"
"1533862678","2085436621","0.111111"
"2085436621","1533862678","0.111111"
"1556739164","1569167733","0.111111"
"1569167733","1556739164","0.111111"
"1556739164","1586755918","0.111111"
"1586755918","1556739164","0.111111"
"1556739164","1845774461","0.111111"
"1845774461","1556739164","0.111111"
"1556739164","2053029294","0.111111"
"2053029294","1556739164","0.111111"
"1556739164","2068395804","0.236111"
"2068395804","1556739164","0.236111"
"1556739164","2085436621","0.111111"
"2085436621","1556739164","0.111111"
"1556739164","2171187485","0.236111"
"2171187485","1556739164","0.236111"
"1569167733","1586755918","0.111111"
"1586755918","1569167733","0.111111"
"1569167733","1845774461","1.11111"
"1845774461","1569167733","1.11111"
"1569167733","2053029294","0.611111"
"2053029294","1569167733","0.611111"
"1569167733","2068395804","0.111111"
"2068395804","1569167733","0.111111"
"1569167733","2085436621","0.111111"
"2085436621","1569167733","0.111111"
"1569167733","2171187485","0.111111"
"2171187485","1569167733","0.111111"
"1586755918","1845774461","0.111111"
"1845774461","1586755918","0.111111"
"1586755918","2053029294","0.111111"
"2053029294","1586755918","0.111111"
"1586755918","2085436621","0.111111"
"2085436621","1586755918","0.111111"
"1845774461","2068395804","0.111111"
"2068395804","1845774461","0.111111"
"1845774461","2085436621","0.111111"
"2085436621","1845774461","0.111111"
"1845774461","2171187485","0.111111"
"2171187485","1845774461","0.111111"
"2053029294","2068395804","0.611111"
"2068395804","2053029294","0.611111"
"2053029294","2085436621","0.111111"
"2085436621","2053029294","0.111111"
"2053029294","2171187485","0.611111"
"2171187485","2053029294","0.611111"
"2068395804","2085436621","0.111111"
"2085436621","2068395804","0.111111"
"2085436621","2171187485","0.111111"
"2171187485","2085436621","0.111111"
"1490810466","2140900696","2.5"
"2140900696","1490810466","2.5"
"1490810466","1566446310","1"
"1566446310","1490810466","1"
"1490810466","2110319963","1.5"
"2110319963","1490810466","1.5"
"2110319963","2140900696","1"
"2140900696","2110319963","1"
"1492367367","2767866875","1"
"2767866875","1492367367","1"
"1494643504","1571452908","1.5"
"1571452908","1494643504","1.5"
"1494643504","2152488985","0.5"
"2152488985","1494643504","0.5"
"1571452908","2152488985","2.5"
"2152488985","1571452908","2.5"
"1502984283","1994066579","1"
"1994066579","1502984283","1"
"1502984283","2039341327","1"
"2039341327","1502984283","1"
"1504657027","1586755918","0.2"
"1586755918","1504657027","0.2"
"1504657027","2068395804","1.70397"
"2068395804","1504657027","1.70397"
"1504657027","2146919031","0.578968"
"2146919031","1504657027","0.578968"
"1504657027","2171187485","0.903968"
"2171187485","1504657027","0.903968"
"1504657027","2992163282","0.778968"
"2992163282","1504657027","0.778968"
"1586755918","2146919031","0.690642"
"2146919031","1586755918","0.690642"
"1586755918","2992163282","0.349733"
"2992163282","1586755918","0.349733"
"2068395804","2146919031","2.42358"
"2146919031","2068395804","2.42358"
"2068395804","2992163282","3.80886"
"2992163282","2068395804","3.80886"
"2146919031","2171187485","4.54025"
"2171187485","2146919031","4.54025"
"2146919031","2992163282","1.20767"
"2992163282","2146919031","1.20767"
"2171187485","2992163282","2.50886"
"2992163282","2171187485","2.50886"
"1504657027","1643231648","0.2"
"1643231648","1504657027","0.2"
"1504657027","2121313660","0.325"
"2121313660","1504657027","0.325"
"1504657027","2149934057","0.2"
"2149934057","1504657027","0.2"
"1643231648","2121313660","0.2"
"2121313660","1643231648","0.2"
"1643231648","2149934057","0.2"
"2149934057","1643231648","0.2"
"1643231648","2171187485","0.2"
"2171187485","1643231648","0.2"
"1643231648","2992163282","0.2"
"2992163282","1643231648","0.2"
"2121313660","2149934057","0.258824"
"2149934057","2121313660","0.258824"
"2121313660","2992163282","0.733824"
"2992163282","2121313660","0.733824"
"2149934057","2171187485","0.901681"
"2171187485","2149934057","0.901681"
"2149934057","2992163282","0.401681"
"2992163282","2149934057","0.401681"
"1504657027","1533862678","0.361111"
"1533862678","1504657027","0.361111"
"1504657027","1556739164","0.125"
"1556739164","1504657027","0.125"
"1504657027","2066985387","0.125"
"2066985387","1504657027","0.125"
"1504657027","2118028478","0.125"
"2118028478","1504657027","0.125"
"1533862678","2066985387","0.32702"
"2066985387","1533862678","0.32702"
"1533862678","2992163282","1.32341"
"2992163282","1533862678","1.32341"
"1556739164","2066985387","0.125"
"2066985387","1556739164","0.125"
"1556739164","2118028478","0.125"
"2118028478","1556739164","0.125"
"1556739164","2121313660","0.125"
"2121313660","1556739164","0.125"
"1556739164","2992163282","0.125"
"2992163282","1556739164","0.125"
"2066985387","2068395804","0.32702"
"2068395804","2066985387","0.32702"
"2066985387","2118028478","0.32702"
"2118028478","2066985387","0.32702"
"2066985387","2121313660","0.125"
"2121313660","2066985387","0.125"
"2066985387","2171187485","0.910354"
"2171187485","2066985387","0.910354"
"2066985387","2992163282","0.236111"
"2992163282","2066985387","0.236111"
"2118028478","2992163282","0.236111"
"2992163282","2118028478","0.236111"
"1504657027","2113655056","0.125"
"2113655056","1504657027","0.125"
"1504657027","2121422364","0.125"
"2121422364","1504657027","0.125"
"1504657027","2146943433","0.378968"
"2146943433","1504657027","0.378968"
"1504657027","2252984047","0.378968"
"2252984047","1504657027","0.378968"
"1533862678","2113655056","0.125"
"2113655056","1533862678","0.125"
"1533862678","2121422364","0.125"
"2121422364","1533862678","0.125"
"1533862678","2146919031","0.580988"
"2146919031","1533862678","0.580988"
"1533862678","2252984047","0.438131"
"2252984047","1533862678","0.438131"
"2068395804","2113655056","0.375"
"2113655056","2068395804","0.375"
"2068395804","2121422364","0.267857"
"2121422364","2068395804","0.267857"
"2068395804","2252984047","1.78267"
"2252984047","2068395804","1.78267"
"2113655056","2121422364","1.24167"
"2121422364","2113655056","1.24167"
"2113655056","2146919031","0.125"
"2146919031","2113655056","0.125"
"2113655056","2146943433","0.125"
"2146943433","2113655056","0.125"
"2113655056","2171187485","0.375"
"2171187485","2113655056","0.375"
"2113655056","2252984047","0.125"
"2252984047","2113655056","0.125"
"2121422364","2146919031","0.125"
"2146919031","2121422364","0.125"
"2121422364","2146943433","0.125"
"2146943433","2121422364","0.125"
"2121422364","2171187485","0.392857"
"2171187485","2121422364","0.392857"
"2121422364","2252984047","0.392857"
"2252984047","2121422364","0.392857"
"2146919031","2146943433","1.99176"
"2146943433","2146919031","1.99176"
"2146919031","2252984047","1.58981"
"2252984047","2146919031","1.58981"
"2146943433","2252984047","0.91557"
"2252984047","2146943433","0.91557"
"2171187485","2252984047","2.35767"
"2252984047","2171187485","2.35767"
"1504657027","2023695596","0.142857"
"2023695596","1504657027","0.142857"
"2023695596","2068395804","0.435447"
"2068395804","2023695596","0.435447"
"2023695596","2146919031","0.54259"
"2146919031","2023695596","0.54259"
"2023695596","2146943433","0.201681"
"2146943433","2023695596","0.201681"
"2023695596","2171187485","2.31045"
"2171187485","2023695596","2.31045"
"2023695596","2252984047","0.91759"
"2252984047","2023695596","0.91759"
"2023695596","2992163282","0.344538"
"2992163282","2023695596","0.344538"
"2146943433","2992163282","0.66676"
"2992163282","2146943433","0.66676"
"2252984047","2992163282","0.423903"
"2992163282","2252984047","0.423903"
"1504657027","2100006764","0.111111"
"2100006764","1504657027","0.111111"
"1504657027","2114110439","0.111111"
"2114110439","1504657027","0.111111"
"1533862678","2114110439","0.344877"
"2114110439","1533862678","0.344877"
"2068395804","2114110439","0.74461"
"2114110439","2068395804","0.74461"
"2100006764","2114110439","1.51912"
"2114110439","2100006764","1.51912"
"2100006764","2146919031","2.23023"
"2146919031","2100006764","2.23023"
"2100006764","2252984047","0.479798"
"2252984047","2100006764","0.479798"
"2100006764","2992163282","1.05599"
"2992163282","2100006764","1.05599"
"2114110439","2146919031","1.66128"
"2146919031","2114110439","1.66128"
"2114110439","2146943433","0.812792"
"2146943433","2114110439","0.812792"
"2114110439","2171187485","2.07794"
"2171187485","2114110439","2.07794"
"2114110439","2252984047","0.42751"
"2252984047","2114110439","0.42751"
"2114110439","2992163282","0.653701"
"2992163282","2114110439","0.653701"
"1517239335","1547317288","0.658333"
"1547317288","1517239335","0.658333"
"1517239335","1592479824","0.325"
"1592479824","1517239335","0.325"
"1517239335","2113655056","0.658333"
"2113655056","1517239335","0.658333"
"1517239335","2121313660","0.2"
"2121313660","1517239335","0.2"
"1517239335","2169064028","0.325"
"2169064028","1517239335","0.325"
"1547317288","1592479824","0.777381"
"1592479824","1547317288","0.777381"
"1547317288","2113655056","3.56071"
"2113655056","1547317288","3.56071"
"1547317288","2121313660","0.366667"
"2121313660","1547317288","0.366667"
"1547317288","2169064028","1.50119"
"2169064028","1547317288","1.50119"
"1592479824","2113655056","8.94405"
"2113655056","1592479824","8.94405"
"1592479824","2121313660","1.03333"
"2121313660","1592479824","1.03333"
"1592479824","2169064028","0.634524"
"2169064028","1592479824","0.634524"
"2113655056","2121313660","1.45"
"2121313660","2113655056","1.45"
"2113655056","2169064028","2.33452"
"2169064028","2113655056","2.33452"
"2121313660","2169064028","0.42549"
"2169064028","2121313660","0.42549"
"1517239335","1554818563","0.458333"
"1554818563","1517239335","0.458333"
"1547317288","1554818563","1.32738"
"1554818563","1547317288","1.32738"
"1554818563","2113655056","3.74405"
"2113655056","1554818563","3.74405"
"1517239335","1527614939","0.125"
"1527614939","1517239335","0.125"
"1517239335","2088205980","0.125"
"2088205980","1517239335","0.125"
"1517239335","2125708645","0.125"
"2125708645","1517239335","0.125"
"1527614939","1547317288","1.13452"
"1547317288","1527614939","1.13452"
"1527614939","1554818563","1.01786"
"1554818563","1527614939","1.01786"
"1527614939","1592479824","0.517857"
"1592479824","1527614939","0.517857"
"1527614939","2088205980","0.684524"
"2088205980","1527614939","0.684524"
"1527614939","2113655056","2.21786"
"2113655056","1527614939","2.21786"
"1527614939","2125708645","0.125"
"2125708645","1527614939","0.125"
"1527614939","2169064028","6.42668"
"2169064028","1527614939","6.42668"
"1547317288","2088205980","1.49405"
"2088205980","1547317288","1.49405"
"1547317288","2125708645","0.767857"
"2125708645","1547317288","0.767857"
"1554818563","1592479824","2.66071"
"1592479824","1554818563","2.66071"
"1554818563","2088205980","2.57738"
"2088205980","1554818563","2.57738"
"1554818563","2125708645","0.267857"
"2125708645","1554818563","0.267857"
"1554818563","2169064028","0.934524"
"2169064028","1554818563","0.934524"
"1592479824","2088205980","2.41071"
"2088205980","1592479824","2.41071"
"1592479824","2125708645","0.267857"
"2125708645","1592479824","0.267857"
"2088205980","2113655056","3.82738"
"2113655056","2088205980","3.82738"
"2088205980","2125708645","0.267857"
"2125708645","2088205980","0.267857"
"2088205980","2169064028","0.60119"
"2169064028","2088205980","0.60119"
"2113655056","2125708645","0.267857"
"2125708645","2113655056","0.267857"
"2125708645","2169064028","0.125"
"2169064028","2125708645","0.125"
"1523265834","2107820002","0.5"
"2107820002","1523265834","0.5"
"1523265834","2152488985","1.5"
"2152488985","1523265834","1.5"
"2107820002","2152488985","0.5"
"2152488985","2107820002","0.5"
"1523265834","1533862678","0.0909091"
"1533862678","1523265834","0.0909091"
"1523265834","1586755918","0.0909091"
"1586755918","1523265834","0.0909091"
"1523265834","2023695596","0.0909091"
"2023695596","1523265834","0.0909091"
"1523265834","2066985387","0.590909"
"2066985387","1523265834","0.590909"
"1523265834","2068395804","0.0909091"
"2068395804","1523265834","0.0909091"
"1523265834","2100006764","0.0909091"
"2100006764","1523265834","0.0909091"
"1523265834","2114110439","0.0909091"
"2114110439","1523265834","0.0909091"
"1523265834","2118028478","0.0909091"
"2118028478","1523265834","0.0909091"
"1523265834","2146919031","0.590909"
"2146919031","1523265834","0.590909"
"1523265834","2171187485","0.0909091"
"2171187485","1523265834","0.0909091"
"1523265834","2252984047","0.0909091"
"2252984047","1523265834","0.0909091"
"1533862678","2023695596","0.0909091"
"2023695596","1533862678","0.0909091"
"1586755918","2023695596","0.149733"
"2023695596","1586755918","0.149733"
"1586755918","2066985387","0.0909091"
"2066985387","1586755918","0.0909091"
"1586755918","2114110439","0.240642"
"2114110439","1586755918","0.240642"
"1586755918","2252984047","0.649733"
"2252984047","1586755918","0.649733"
"2023695596","2066985387","0.0909091"
"2066985387","2023695596","0.0909091"
"2023695596","2100006764","0.340909"
"2100006764","2023695596","0.340909"
"2023695596","2114110439","0.399733"
"2114110439","2023695596","0.399733"
"2023695596","2118028478","0.0909091"
"2118028478","2023695596","0.0909091"
"2066985387","2100006764","1.28535"
"2100006764","2066985387","1.28535"
"2066985387","2114110439","0.674242"
"2114110439","2066985387","0.674242"
"2066985387","2146919031","1.78535"
"2146919031","2066985387","1.78535"
"2066985387","2252984047","0.368687"
"2252984047","2066985387","0.368687"
"2114110439","2118028478","0.0909091"
"2118028478","2114110439","0.0909091"
"2118028478","2146919031","0.20202"
"2146919031","2118028478","0.20202"
"2118028478","2252984047","0.20202"
"2252984047","2118028478","0.20202"
"1527614939","1604418810","8.50952"
"1604418810","1527614939","8.50952"
"1527614939","1571452908","0.4"
"1571452908","1527614939","0.4"
"1527614939","2074700442","0.4"
"2074700442","1527614939","0.4"
"1527614939","2140900696","0.458824"
"2140900696","1527614939","0.458824"
"1527614939","2159144927","0.2"
"2159144927","1527614939","0.2"
"1571452908","2074700442","0.4"
"2074700442","1571452908","0.4"
"1571452908","2140900696","4.15"
"2140900696","1571452908","4.15"
"1571452908","2159144927","0.2"
"2159144927","1571452908","0.2"
"1571452908","2169064028","0.4"
"2169064028","1571452908","0.4"
"2074700442","2140900696","0.525"
"2140900696","2074700442","0.525"
"2074700442","2159144927","0.2"
"2159144927","2074700442","0.2"
"2074700442","2169064028","0.4"
"2169064028","2074700442","0.4"
"2140900696","2159144927","0.2"
"2159144927","2140900696","0.2"
"2140900696","2169064028","0.458824"
"2169064028","2140900696","0.458824"
"2159144927","2169064028","0.7"
"2169064028","2159144927","0.7"
"1604418810","2169064028","9.50952"
"2169064028","1604418810","9.50952"
"1527614939","1572844682","1"
"1572844682","1527614939","1"
"1547317288","1604418810","0.509524"
"1604418810","1547317288","0.509524"
"1554818563","1604418810","0.309524"
"1604418810","1554818563","0.309524"
"1592479824","1604418810","0.142857"
"1604418810","1592479824","0.142857"
"1604418810","2088205980","0.142857"
"2088205980","1604418810","0.142857"
"1604418810","2113655056","4.50952"
"2113655056","1604418810","4.50952"
"1527614939","2121422364","0.2"
"2121422364","1527614939","0.2"
"1547317288","2121422364","0.533333"
"2121422364","1547317288","0.533333"
"1604418810","2121422364","0.2"
"2121422364","1604418810","0.2"
"2121422364","2169064028","0.2"
"2169064028","2121422364","0.2"
"1527614939","2121313660","0.22549"
"2121313660","1527614939","0.22549"
"1554818563","2121313660","0.5"
"2121313660","1554818563","0.5"
"1604418810","2121313660","0.166667"
"2121313660","1604418810","0.166667"
"1527614939","1980405767","0.2"
"1980405767","1527614939","0.2"
"1571452908","1980405767","0.2"
"1980405767","1571452908","0.2"
"1980405767","2074700442","0.2"
"2074700442","1980405767","0.2"
"1980405767","2140900696","0.2"
"2140900696","1980405767","0.2"
"1980405767","2169064028","0.7"
"2169064028","1980405767","0.7"
"1527614939","1535781756","0.166667"
"1535781756","1527614939","0.166667"
"1527614939","1994066579","0.166667"
"1994066579","1527614939","0.166667"
"1535781756","1547317288","2.16667"
"1547317288","1535781756","2.16667"
"1535781756","1994066579","0.166667"
"1994066579","1535781756","0.166667"
"1535781756","2088205980","0.166667"
"2088205980","1535781756","0.166667"
"1535781756","2113655056","0.166667"
"2113655056","1535781756","0.166667"
"1535781756","2169064028","0.166667"
"2169064028","1535781756","0.166667"
"1547317288","1994066579","0.166667"
"1994066579","1547317288","0.166667"
"1994066579","2088205980","0.166667"
"2088205980","1994066579","0.166667"
"1994066579","2113655056","0.166667"
"2113655056","1994066579","0.166667"
"1994066579","2169064028","0.166667"
"2169064028","1994066579","0.166667"
"1527614939","1542621471","0.0588235"
"1542621471","1527614939","0.0588235"
"1527614939","1586755918","0.0588235"
"1586755918","1527614939","0.0588235"
"1527614939","1993523633","0.0588235"
"1993523633","1527614939","0.0588235"
"1527614939","2020784016","0.0588235"
"2020784016","1527614939","0.0588235"
"1527614939","2023695596","0.0588235"
"2023695596","1527614939","0.0588235"
"1527614939","2068395804","0.0588235"
"2068395804","1527614939","0.0588235"
"1527614939","2114110439","0.0588235"
"2114110439","1527614939","0.0588235"
"1527614939","2116362549","0.0588235"
"2116362549","1527614939","0.0588235"
"1527614939","2146919031","0.0588235"
"2146919031","1527614939","0.0588235"
"1527614939","2146943433","0.0588235"
"2146943433","1527614939","0.0588235"
"1527614939","2149934057","0.0588235"
"2149934057","1527614939","0.0588235"
"1527614939","2171187485","0.0588235"
"2171187485","1527614939","0.0588235"
"1527614939","2252984047","0.0588235"
"2252984047","1527614939","0.0588235"
"1527614939","2992163282","0.0588235"
"2992163282","1527614939","0.0588235"
"1542621471","1993523633","0.158824"
"1993523633","1542621471","0.158824"
"1542621471","2020784016","0.0588235"
"2020784016","1542621471","0.0588235"
"1542621471","2023695596","0.0588235"
"2023695596","1542621471","0.0588235"
"1542621471","2114110439","0.392157"
"2114110439","1542621471","0.392157"
"1542621471","2116362549","0.0588235"
"2116362549","1542621471","0.0588235"
"1542621471","2140900696","0.158824"
"2140900696","1542621471","0.158824"
"1542621471","2146919031","0.492157"
"2146919031","1542621471","0.492157"
"1542621471","2149934057","0.0588235"
"2149934057","1542621471","0.0588235"
"1542621471","2169064028","0.0588235"
"2169064028","1542621471","0.0588235"
"1542621471","2252984047","0.0588235"
"2252984047","1542621471","0.0588235"
"1542621471","2992163282","0.158824"
"2992163282","1542621471","0.158824"
"1586755918","1993523633","0.0588235"
"1993523633","1586755918","0.0588235"
"1586755918","2020784016","0.0588235"
"2020784016","1586755918","0.0588235"
"1586755918","2116362549","0.0588235"
"2116362549","1586755918","0.0588235"
"1586755918","2140900696","0.308824"
"2140900696","1586755918","0.308824"
"1586755918","2149934057","0.0588235"
"2149934057","1586755918","0.0588235"
"1586755918","2169064028","1.05882"
"2169064028","1586755918","1.05882"
"1993523633","2020784016","0.0588235"
"2020784016","1993523633","0.0588235"
"1993523633","2023695596","0.0588235"
"2023695596","1993523633","0.0588235"
"1993523633","2068395804","0.158824"
"2068395804","1993523633","0.158824"
"1993523633","2114110439","0.0588235"
"2114110439","1993523633","0.0588235"
"1993523633","2116362549","0.0588235"
"2116362549","1993523633","0.0588235"
"1993523633","2121313660","0.158824"
"2121313660","1993523633","0.158824"
"1993523633","2140900696","0.158824"
"2140900696","1993523633","0.158824"
"1993523633","2146919031","0.158824"
"2146919031","1993523633","0.158824"
"1993523633","2146943433","0.158824"
"2146943433","1993523633","0.158824"
"1993523633","2149934057","0.0588235"
"2149934057","1993523633","0.0588235"
"1993523633","2169064028","0.0588235"
"2169064028","1993523633","0.0588235"
"1993523633","2171187485","0.158824"
"2171187485","1993523633","0.158824"
"1993523633","2252984047","0.0588235"
"2252984047","1993523633","0.0588235"
"1993523633","2992163282","0.158824"
"2992163282","1993523633","0.158824"
"2020784016","2023695596","0.0588235"
"2023695596","2020784016","0.0588235"
"2020784016","2068395804","0.0588235"
"2068395804","2020784016","0.0588235"
"2020784016","2114110439","0.0588235"
"2114110439","2020784016","0.0588235"
"2020784016","2116362549","0.0588235"
"2116362549","2020784016","0.0588235"
"2020784016","2121313660","0.0588235"
"2121313660","2020784016","0.0588235"
"2020784016","2140900696","0.0588235"
"2140900696","2020784016","0.0588235"
"2020784016","2146919031","0.0588235"
"2146919031","2020784016","0.0588235"
"2020784016","2146943433","0.0588235"
"2146943433","2020784016","0.0588235"
"2020784016","2149934057","0.0588235"
"2149934057","2020784016","0.0588235"
"2020784016","2169064028","0.0588235"
"2169064028","2020784016","0.0588235"
"2020784016","2171187485","0.0588235"
"2171187485","2020784016","0.0588235"
"2020784016","2252984047","0.0588235"
"2252984047","2020784016","0.0588235"
"2020784016","2992163282","0.0588235"
"2992163282","2020784016","0.0588235"
"2023695596","2116362549","0.0588235"
"2116362549","2023695596","0.0588235"
"2023695596","2121313660","0.683824"
"2121313660","2023695596","0.683824"
"2023695596","2140900696","0.683824"
"2140900696","2023695596","0.683824"
"2023695596","2149934057","0.201681"
"2149934057","2023695596","0.201681"
"2023695596","2169064028","0.0588235"
"2169064028","2023695596","0.0588235"
"2068395804","2116362549","0.0588235"
"2116362549","2068395804","0.0588235"
"2068395804","2140900696","0.301681"
"2140900696","2068395804","0.301681"
"2068395804","2149934057","0.201681"
"2149934057","2068395804","0.201681"
"2068395804","2169064028","0.0588235"
"2169064028","2068395804","0.0588235"
"2114110439","2116362549","0.0588235"
"2116362549","2114110439","0.0588235"
"2114110439","2121313660","0.0588235"
"2121313660","2114110439","0.0588235"
"2114110439","2140900696","0.22549"
"2140900696","2114110439","0.22549"
"2114110439","2149934057","0.0588235"
"2149934057","2114110439","0.0588235"
"2114110439","2169064028","0.0588235"
"2169064028","2114110439","0.0588235"
"2116362549","2121313660","0.0588235"
"2121313660","2116362549","0.0588235"
"2116362549","2140900696","0.0588235"
"2140900696","2116362549","0.0588235"
"2116362549","2146919031","0.0588235"
"2146919031","2116362549","0.0588235"
"2116362549","2146943433","0.0588235"
"2146943433","2116362549","0.0588235"
"2116362549","2149934057","0.0588235"
"2149934057","2116362549","0.0588235"
"2116362549","2169064028","0.0588235"
"2169064028","2116362549","0.0588235"
"2116362549","2171187485","0.0588235"
"2171187485","2116362549","0.0588235"
"2116362549","2252984047","0.0588235"
"2252984047","2116362549","0.0588235"
"2116362549","2992163282","0.0588235"
"2992163282","2116362549","0.0588235"
"2121313660","2140900696","0.676681"
"2140900696","2121313660","0.676681"
"2121313660","2146919031","0.158824"
"2146919031","2121313660","0.158824"
"2121313660","2252984047","1.07668"
"2252984047","2121313660","1.07668"
"2140900696","2146919031","0.52549"
"2146919031","2140900696","0.52549"
"2140900696","2146943433","0.358824"
"2146943433","2140900696","0.358824"
"2140900696","2149934057","0.0588235"
"2149934057","2140900696","0.0588235"
"2140900696","2171187485","4.54335"
"2171187485","2140900696","4.54335"
"2140900696","2252984047","0.776681"
"2252984047","2140900696","0.776681"
"2140900696","2992163282","0.158824"
"2992163282","2140900696","0.158824"
"2146919031","2149934057","0.0588235"
"2149934057","2146919031","0.0588235"
"2146919031","2169064028","0.0588235"
"2169064028","2146919031","0.0588235"
"2146943433","2149934057","0.0588235"
"2149934057","2146943433","0.0588235"
"2146943433","2169064028","0.0588235"
"2169064028","2146943433","0.0588235"
"2149934057","2169064028","0.0588235"
"2169064028","2149934057","0.0588235"
"2149934057","2252984047","0.0588235"
"2252984047","2149934057","0.0588235"
"2169064028","2171187485","0.0588235"
"2171187485","2169064028","0.0588235"
"2169064028","2252984047","0.0588235"
"2252984047","2169064028","0.0588235"
"2169064028","2992163282","0.0588235"
"2992163282","2169064028","0.0588235"
"2066985387","2146943433","0.277778"
"2146943433","2066985387","0.277778"
"1535781756","1592479824","1"
"1592479824","1535781756","1"
"1535781756","1751645515","1"
"1751645515","1535781756","1"
"1542621471","1597903804","0.1"
"1597903804","1542621471","0.1"
"1597903804","1993523633","0.1"
"1993523633","1597903804","0.1"
"1597903804","2068395804","0.1"
"2068395804","1597903804","0.1"
"1597903804","2100006764","0.1"
"2100006764","1597903804","0.1"
"1597903804","2121313660","0.1"
"2121313660","1597903804","0.1"
"1597903804","2140900696","0.1"
"2140900696","1597903804","0.1"
"1597903804","2146919031","0.1"
"2146919031","1597903804","0.1"
"1597903804","2146943433","0.1"
"2146943433","1597903804","0.1"
"1597903804","2171187485","0.1"
"2171187485","1597903804","0.1"
"1597903804","2992163282","0.1"
"2992163282","1597903804","0.1"
"1993523633","2100006764","0.1"
"2100006764","1993523633","0.1"
"2100006764","2140900696","1.01667"
"2140900696","2100006764","1.01667"
"1547317288","1586320753","1.30952"
"1586320753","1547317288","1.30952"
"1586320753","2088205980","5.80952"
"2088205980","1586320753","5.80952"
"1547317288","2143462290","0.392857"
"2143462290","1547317288","0.392857"
"1554818563","2143462290","0.392857"
"2143462290","1554818563","0.392857"
"2088205980","2143462290","0.392857"
"2143462290","2088205980","0.392857"
"2113655056","2143462290","0.392857"
"2143462290","2113655056","0.392857"
"1554818563","1586320753","0.809524"
"1586320753","1554818563","0.809524"
"1586320753","1592479824","0.309524"
"1592479824","1586320753","0.309524"
"1586320753","2113655056","0.309524"
"2113655056","1586320753","0.309524"
"1586320753","2125708645","0.642857"
"2125708645","1586320753","0.642857"
"1586320753","2143462290","0.142857"
"2143462290","1586320753","0.142857"
"1592479824","2143462290","0.142857"
"2143462290","1592479824","0.142857"
"2125708645","2143462290","0.142857"
"2143462290","2125708645","0.142857"
"1547317288","2151531052","0.333333"
"2151531052","1547317288","0.333333"
"2113655056","2151531052","1.33333"
"2151531052","2113655056","1.33333"
"2121422364","2151531052","0.333333"
"2151531052","2121422364","0.333333"
"1586320753","2169064028","0.166667"
"2169064028","1586320753","0.166667"
"1554818563","96940724","1.5"
"96940724","1554818563","1.5"
"1586320753","96940724","0.5"
"96940724","1586320753","0.5"
"1554818563","1751645515","0.5"
"1751645515","1554818563","0.5"
"1751645515","2088205980","1"
"2088205980","1751645515","1"
"1556739164","2103033326","2"
"2103033326","1556739164","2"
"1566446310","1571452908","0.25"
"1571452908","1566446310","0.25"
"1566446310","2110319963","0.25"
"2110319963","1566446310","0.25"
"1566446310","2140900696","0.25"
"2140900696","1566446310","0.25"
"1566446310","2171187485","0.25"
"2171187485","1566446310","0.25"
"1571452908","2110319963","1.25"
"2110319963","1571452908","1.25"
"1571452908","2171187485","2.75"
"2171187485","1571452908","2.75"
"2110319963","2171187485","1.25"
"2171187485","2110319963","1.25"
"1571452908","1974535914","1"
"1974535914","1571452908","1"
"1974535914","2140900696","1.25"
"2140900696","1974535914","1.25"
"1974535914","2171187485","1"
"2171187485","1974535914","1"
"2110319963","2152488985","0.5"
"2152488985","2110319963","0.5"
"1571452908","2109352793","0.5"
"2109352793","1571452908","0.5"
"2109352793","2152488985","0.5"
"2152488985","2109352793","0.5"
"1571452908","2100006764","0.5"
"2100006764","1571452908","0.5"
"2100006764","2110319963","0.75"
"2110319963","2100006764","0.75"
"1572844682","2099728988","0.333333"
"2099728988","1572844682","0.333333"
"1572844682","2152488985","0.333333"
"2152488985","1572844682","0.333333"
"1572844682","2157243477","0.333333"
"2157243477","1572844682","0.333333"
"2099728988","2152488985","1.83333"
"2152488985","2099728988","1.83333"
"2099728988","2157243477","0.333333"
"2157243477","2099728988","0.333333"
"2152488985","2157243477","0.333333"
"2157243477","2152488985","0.333333"
"1576072324","2283968319","2"
"2283968319","1576072324","2"
"1586320753","2148389173","0.5"
"2148389173","1586320753","0.5"
"2088205980","2148389173","0.5"
"2148389173","2088205980","0.5"
"1586320753","1751645515","0.5"
"1751645515","1586320753","0.5"
"1586755918","1596276991","0.0909091"
"1596276991","1586755918","0.0909091"
"1586755918","2151740455","0.0909091"
"2151740455","1586755918","0.0909091"
"1586755918","2152488985","0.0909091"
"2152488985","1586755918","0.0909091"
"1586755918","2158090117","0.0909091"
"2158090117","1586755918","0.0909091"
"1586755918","2476361414","0.0909091"
"2476361414","1586755918","0.0909091"
"1596276991","2068395804","0.0909091"
"2068395804","1596276991","0.0909091"
"1596276991","2100006764","0.0909091"
"2100006764","1596276991","0.0909091"
"1596276991","2114110439","0.0909091"
"2114110439","1596276991","0.0909091"
"1596276991","2146919031","0.0909091"
"2146919031","1596276991","0.0909091"
"1596276991","2151740455","0.0909091"
"2151740455","1596276991","0.0909091"
"1596276991","2152488985","0.0909091"
"2152488985","1596276991","0.0909091"
"1596276991","2158090117","0.590909"
"2158090117","1596276991","0.590909"
"1596276991","2171187485","0.0909091"
"2171187485","1596276991","0.0909091"
"1596276991","2476361414","0.0909091"
"2476361414","1596276991","0.0909091"
"1596276991","2992163282","0.0909091"
"2992163282","1596276991","0.0909091"
"2068395804","2151740455","0.0909091"
"2151740455","2068395804","0.0909091"
"2068395804","2152488985","0.0909091"
"2152488985","2068395804","0.0909091"
"2068395804","2158090117","0.0909091"
"2158090117","2068395804","0.0909091"
"2068395804","2476361414","0.0909091"
"2476361414","2068395804","0.0909091"
"2100006764","2151740455","0.0909091"
"2151740455","2100006764","0.0909091"
"2100006764","2152488985","0.0909091"
"2152488985","2100006764","0.0909091"
"2100006764","2158090117","0.0909091"
"2158090117","2100006764","0.0909091"
"2100006764","2476361414","0.0909091"
"2476361414","2100006764","0.0909091"
"2114110439","2151740455","0.0909091"
"2151740455","2114110439","0.0909091"
"2114110439","2152488985","0.0909091"
"2152488985","2114110439","0.0909091"
"2114110439","2158090117","0.0909091"
"2158090117","2114110439","0.0909091"
"2114110439","2476361414","0.0909091"
"2476361414","2114110439","0.0909091"
"2146919031","2151740455","0.0909091"
"2151740455","2146919031","0.0909091"
"2146919031","2152488985","0.0909091"
"2152488985","2146919031","0.0909091"
"2146919031","2158090117","0.0909091"
"2158090117","2146919031","0.0909091"
"2146919031","2476361414","0.0909091"
"2476361414","2146919031","0.0909091"
"2151740455","2152488985","0.0909091"
"2152488985","2151740455","0.0909091"
"2151740455","2158090117","0.0909091"
"2158090117","2151740455","0.0909091"
"2151740455","2171187485","0.0909091"
"2171187485","2151740455","0.0909091"
"2151740455","2476361414","0.0909091"
"2476361414","2151740455","0.0909091"
"2151740455","2992163282","0.0909091"
"2992163282","2151740455","0.0909091"
"2152488985","2158090117","0.0909091"
"2158090117","2152488985","0.0909091"
"2152488985","2171187485","0.0909091"
"2171187485","2152488985","0.0909091"
"2152488985","2476361414","0.0909091"
"2476361414","2152488985","0.0909091"
"2152488985","2992163282","0.0909091"
"2992163282","2152488985","0.0909091"
"2158090117","2171187485","0.0909091"
"2171187485","2158090117","0.0909091"
"2158090117","2476361414","0.0909091"
"2476361414","2158090117","0.0909091"
"2158090117","2992163282","0.0909091"
"2992163282","2158090117","0.0909091"
"2171187485","2476361414","0.0909091"
"2476361414","2171187485","0.0909091"
"2476361414","2992163282","0.0909091"
"2992163282","2476361414","0.0909091"
"1586755918","1593813215","0.5"
"1593813215","1586755918","0.5"
"1593813215","2146919031","1.95"
"2146919031","1593813215","1.95"
"1593813215","2171187485","5.86071"
"2171187485","1593813215","5.86071"
"1593813215","2252984047","1.80119"
"2252984047","1593813215","1.80119"
"1593813215","2121313660","2.01786"
"2121313660","1593813215","2.01786"
"1593813215","2140900696","0.884524"
"2140900696","1593813215","0.884524"
"1592479824","2121422364","0.583333"
"2121422364","1592479824","0.583333"
"2088205980","2121422364","2.58333"
"2121422364","2088205980","2.58333"
"1592479824","1976170358","0.25"
"1976170358","1592479824","0.25"
"1976170358","2088205980","0.25"
"2088205980","1976170358","0.25"
"1976170358","2113655056","0.25"
"2113655056","1976170358","0.25"
"1976170358","2121422364","0.25"
"2121422364","1976170358","0.25"
"1593813215","2023695596","0.267857"
"2023695596","1593813215","0.267857"
"1593813215","2068395804","0.285714"
"2068395804","1593813215","0.285714"
"1593813215","2124229446","0.142857"
"2124229446","1593813215","0.142857"
"1593813215","2149934057","0.642857"
"2149934057","1593813215","0.642857"
"1593813215","2165453113","0.142857"
"2165453113","1593813215","0.142857"
"1593813215","2992163282","0.142857"
"2992163282","1593813215","0.142857"
"2023695596","2124229446","1.14286"
"2124229446","2023695596","1.14286"
"2023695596","2165453113","0.142857"
"2165453113","2023695596","0.142857"
"2068395804","2124229446","0.142857"
"2124229446","2068395804","0.142857"
"2068395804","2165453113","0.142857"
"2165453113","2068395804","0.142857"
"2124229446","2149934057","0.142857"
"2149934057","2124229446","0.142857"
"2124229446","2165453113","0.142857"
"2165453113","2124229446","0.142857"
"2124229446","2171187485","0.142857"
"2171187485","2124229446","0.142857"
"2124229446","2992163282","0.142857"
"2992163282","2124229446","0.142857"
"2149934057","2165453113","0.142857"
"2165453113","2149934057","0.142857"
"2165453113","2171187485","0.142857"
"2171187485","2165453113","0.142857"
"2165453113","2992163282","0.142857"
"2992163282","2165453113","0.142857"
"1593813215","2146943433","0.2"
"2146943433","1593813215","0.2"
"1593813215","2103033326","1.26786"
"2103033326","1593813215","1.26786"
"1593813215","2121422364","0.267857"
"2121422364","1593813215","0.267857"
"2068395804","2103033326","0.642857"
"2103033326","2068395804","0.642857"
"2103033326","2121313660","2.76786"
"2121313660","2103033326","2.76786"
"2103033326","2121422364","0.267857"
"2121422364","2103033326","0.267857"
"2103033326","2140900696","0.267857"
"2140900696","2103033326","0.267857"
"2103033326","2171187485","0.267857"
"2171187485","2103033326","0.267857"
"2103033326","2252984047","0.267857"
"2252984047","2103033326","0.267857"
"2121313660","2121422364","0.267857"
"2121422364","2121313660","0.267857"
"2121422364","2140900696","0.267857"
"2140900696","2121422364","0.267857"
"1593813215","2074700442","0.125"
"2074700442","1593813215","0.125"
"2023695596","2074700442","0.125"
"2074700442","2023695596","0.125"
"2023695596","2103033326","0.125"
"2103033326","2023695596","0.125"
"2023695596","2121422364","0.125"
"2121422364","2023695596","0.125"
"2074700442","2103033326","0.125"
"2103033326","2074700442","0.125"
"2074700442","2121313660","0.125"
"2121313660","2074700442","0.125"
"2074700442","2121422364","0.125"
"2121422364","2074700442","0.125"
"2074700442","2171187485","0.125"
"2171187485","2074700442","0.125"
"2074700442","2252984047","0.125"
"2252984047","2074700442","0.125"
"1593813215","2066985387","0.166667"
"2066985387","1593813215","0.166667"
"1593813215","2100006764","0.166667"
"2100006764","1593813215","0.166667"
"1593813215","2114110439","0.166667"
