"1496225535","1545517623","7"
"1545517623","1496225535","7"
"1496225535","2077575809","1"
"2077575809","1496225535","1"
"1593547297","1966021193","1.66667"
"1966021193","1593547297","1.66667"
"1593547297","2017027240","2.16667"
"2017027240","1593547297","2.16667"
"1593547297","2075364988","0.666667"
"2075364988","1593547297","0.666667"
"1966021193","2075364988","18.1"
"2075364988","1966021193","18.1"
"1593547297","1990960780","0.166667"
"1990960780","1593547297","0.166667"
"1593547297","2023016123","0.166667"
"2023016123","1593547297","0.166667"
"1593547297","2077575809","0.166667"
"2077575809","1593547297","0.166667"
"1966021193","1990960780","3.01667"
"1990960780","1966021193","3.01667"
"1966021193","2017027240","8.87619"
"2017027240","1966021193","8.87619"
"1966021193","2023016123","13.2"
"2023016123","1966021193","13.2"
"1966021193","2077575809","15.5167"
"2077575809","1966021193","15.5167"
"1990960780","2017027240","0.433333"
"2017027240","1990960780","0.433333"
"1990960780","2023016123","1.6"
"2023016123","1990960780","1.6"
"1990960780","2075364988","1.3"
"2075364988","1990960780","1.3"
"1990960780","2077575809","1.86667"
"2077575809","1990960780","1.86667"
"2017027240","2023016123","3.56667"
"2023016123","2017027240","3.56667"
"2017027240","2075364988","4.24286"
"2075364988","2017027240","4.24286"
"2017027240","2077575809","0.866667"
"2077575809","2017027240","0.866667"
"2023016123","2075364988","4.8"
"2075364988","2023016123","4.8"
"2023016123","2077575809","2.1"
"2077575809","2023016123","2.1"
"2075364988","2077575809","4.03333"
"2077575809","2075364988","4.03333"
"1593547297","2092495914","1"
"2092495914","1593547297","1"
"1966021193","1977572054","2.26667"
"1977572054","1966021193","2.26667"
"1966021193","1990302601","1.36667"
"1990302601","1966021193","1.36667"
"1966021193","2094188107","1"
"2094188107","1966021193","1"
"1990302601","2094188107","9.95357"
"2094188107","1990302601","9.95357"
"1966021193","2003034199","4.73333"
"2003034199","1966021193","4.73333"
"1966021193","2106637586","3.23333"
"2106637586","1966021193","3.23333"
"2003034199","2106637586","0.566667"
"2106637586","2003034199","0.566667"
"2003034199","2023016123","2.06667"
"2023016123","2003034199","2.06667"
"1966021193","2040121793","0.883333"
"2040121793","1966021193","0.883333"
"1966021193","2094344402","1.1"
"2094344402","1966021193","1.1"
"2040121793","2077575809","0.966667"
"2077575809","2040121793","0.966667"
"2040121793","2094344402","0.866667"
"2094344402","2040121793","0.866667"
"2077575809","2094344402","0.666667"
"2094344402","2077575809","0.666667"
"2017027240","2106637586","0.733333"
"2106637586","2017027240","0.733333"
"1966021193","2033931717","3.68333"
"2033931717","1966021193","3.68333"
"2033931717","2077575809","3.51667"
"2077575809","2033931717","3.51667"
"2003034199","2094344402","2.56667"
"2094344402","2003034199","2.56667"
"2023016123","2033931717","2.6"
"2033931717","2023016123","2.6"
"1966021193","1976257545","1.75"
"1976257545","1966021193","1.75"
"1966021193","1981428518","0.433333"
"1981428518","1966021193","0.433333"
"1966021193","2004690932","1.01667"
"2004690932","1966021193","1.01667"
"1966021193","2171834724","0.166667"
"2171834724","1966021193","0.166667"
"1976257545","1981428518","0.166667"
"1981428518","1976257545","0.166667"
"1976257545","1990960780","1.16667"
"1990960780","1976257545","1.16667"
"1976257545","2004690932","0.166667"
"2004690932","1976257545","0.166667"
"1976257545","2033931717","4.91667"
"2033931717","1976257545","4.91667"
"1976257545","2171834724","2.16667"
"2171834724","1976257545","2.16667"
"1981428518","1990960780","0.566667"
"1990960780","1981428518","0.566667"
"1981428518","2004690932","0.966667"
"2004690932","1981428518","0.966667"
"1981428518","2033931717","0.266667"
"2033931717","1981428518","0.266667"
"1981428518","2171834724","0.166667"
"2171834724","1981428518","0.166667"
"1990960780","2004690932","0.616667"
"2004690932","1990960780","0.616667"
"1990960780","2033931717","0.166667"
"2033931717","1990960780","0.166667"
"1990960780","2171834724","0.166667"
"2171834724","1990960780","0.166667"
"2004690932","2033931717","0.266667"
"2033931717","2004690932","0.266667"
"2004690932","2171834724","0.166667"
"2171834724","2004690932","0.166667"
"2033931717","2171834724","0.166667"
"2171834724","2033931717","0.166667"
"1966021193","1989010452","0.416667"
"1989010452","1966021193","0.416667"
"1966021193","1991898226","0.0666667"
"1991898226","1966021193","0.0666667"
"1966021193","2028128920","0.666667"
"2028128920","1966021193","0.666667"
"1966021193","2081202716","0.766667"
"2081202716","1966021193","0.766667"
"1966021193","2092495914","6.09286"
"2092495914","1966021193","6.09286"
"1966021193","2103803247","0.4"
"2103803247","1966021193","0.4"
"1966021193","2123877644","3.51667"
"2123877644","1966021193","3.51667"
"1977572054","1989010452","0.0666667"
"1989010452","1977572054","0.0666667"
"1977572054","1990960780","0.266667"
"1990960780","1977572054","0.266667"
"1977572054","1991898226","0.0666667"
"1991898226","1977572054","0.0666667"
"1977572054","2003034199","0.0666667"
"2003034199","1977572054","0.0666667"
"1977572054","2017027240","0.0666667"
"2017027240","1977572054","0.0666667"
"1977572054","2023016123","0.0666667"
"2023016123","1977572054","0.0666667"
"1977572054","2028128920","0.4"
"2028128920","1977572054","0.4"
"1977572054","2075364988","0.0666667"
"2075364988","1977572054","0.0666667"
"1977572054","2081202716","0.266667"
"2081202716","1977572054","0.266667"
"1977572054","2092495914","0.566667"
"2092495914","1977572054","0.566667"
"1977572054","2094344402","0.266667"
"2094344402","1977572054","0.266667"
"1977572054","2103803247","0.0666667"
"2103803247","1977572054","0.0666667"
"1977572054","2106637586","1.9"
"2106637586","1977572054","1.9"
"1977572054","2123877644","0.0666667"
"2123877644","1977572054","0.0666667"
"1989010452","1990960780","0.316667"
"1990960780","1989010452","0.316667"
"1989010452","1991898226","0.0666667"
"1991898226","1989010452","0.0666667"
"1989010452","2003034199","0.0666667"
"2003034199","1989010452","0.0666667"
"1989010452","2017027240","0.0666667"
"2017027240","1989010452","0.0666667"
"1989010452","2023016123","0.666667"
"2023016123","1989010452","0.666667"
"1989010452","2028128920","0.309524"
"2028128920","1989010452","0.309524"
"1989010452","2075364988","0.0666667"
"2075364988","1989010452","0.0666667"
"1989010452","2081202716","0.0666667"
"2081202716","1989010452","0.0666667"
"1989010452","2092495914","0.166667"
"2092495914","1989010452","0.166667"
"1989010452","2094344402","0.0666667"
"2094344402","1989010452","0.0666667"
"1989010452","2103803247","0.316667"
"2103803247","1989010452","0.316667"
"1989010452","2106637586","2.17738"
"2106637586","1989010452","2.17738"
"1989010452","2123877644","0.209524"
"2123877644","1989010452","0.209524"
"1990960780","1991898226","0.0666667"
"1991898226","1990960780","0.0666667"
"1990960780","2003034199","0.566667"
"2003034199","1990960780","0.566667"
"1990960780","2028128920","0.0666667"
"2028128920","1990960780","0.0666667"
"1990960780","2081202716","0.266667"
"2081202716","1990960780","0.266667"
"1990960780","2092495914","0.4"
"2092495914","1990960780","0.4"
"1990960780","2094344402","0.266667"
"2094344402","1990960780","0.266667"
"1990960780","2103803247","0.0666667"
"2103803247","1990960780","0.0666667"
"1990960780","2106637586","0.0666667"
"2106637586","1990960780","0.0666667"
"1990960780","2123877644","0.0666667"
"2123877644","1990960780","0.0666667"
"1991898226","2003034199","1.06667"
"2003034199","1991898226","1.06667"
"1991898226","2017027240","0.209524"
"2017027240","1991898226","0.209524"
"1991898226","2023016123","0.0666667"
"2023016123","1991898226","0.0666667"
"1991898226","2028128920","0.233333"
"2028128920","1991898226","0.233333"
"1991898226","2075364988","0.209524"
"2075364988","1991898226","0.209524"
"1991898226","2081202716","0.0666667"
"2081202716","1991898226","0.0666667"
"1991898226","2092495914","0.37619"
"2092495914","1991898226","0.37619"
"1991898226","2094344402","0.0666667"
"2094344402","1991898226","0.0666667"
"1991898226","2103803247","0.209524"
"2103803247","1991898226","0.209524"
"1991898226","2106637586","0.0666667"
"2106637586","1991898226","0.0666667"
"1991898226","2123877644","0.0666667"
"2123877644","1991898226","0.0666667"
"2003034199","2017027240","0.4"
"2017027240","2003034199","0.4"
"2003034199","2028128920","0.0666667"
"2028128920","2003034199","0.0666667"
"2003034199","2075364988","0.0666667"
"2075364988","2003034199","0.0666667"
"2003034199","2081202716","0.0666667"
"2081202716","2003034199","0.0666667"
"2003034199","2092495914","0.4"
"2092495914","2003034199","0.4"
"2003034199","2103803247","0.0666667"
"2103803247","2003034199","0.0666667"
"2003034199","2123877644","0.0666667"
"2123877644","2003034199","0.0666667"
"2017027240","2028128920","1.06667"
"2028128920","2017027240","1.06667"
"2017027240","2081202716","0.0666667"
"2081202716","2017027240","0.0666667"
"2017027240","2092495914","1.43571"
"2092495914","2017027240","1.43571"
"2017027240","2094344402","0.0666667"
"2094344402","2017027240","0.0666667"
"2017027240","2103803247","0.209524"
"2103803247","2017027240","0.209524"
"2017027240","2123877644","4.48333"
"2123877644","2017027240","4.48333"
"2023016123","2028128920","2.33333"
"2028128920","2023016123","2.33333"
"2023016123","2081202716","0.0666667"
"2081202716","2023016123","0.0666667"
"2023016123","2092495914","1.11667"
"2092495914","2023016123","1.11667"
"2023016123","2094344402","0.0666667"
"2094344402","2023016123","0.0666667"
"2023016123","2103803247","0.0666667"
"2103803247","2023016123","0.0666667"
"2023016123","2106637586","4.23333"
"2106637586","2023016123","4.23333"
"2023016123","2123877644","0.683333"
"2123877644","2023016123","0.683333"
"2028128920","2075364988","1.23333"
"2075364988","2028128920","1.23333"
"2028128920","2081202716","0.0666667"
"2081202716","2028128920","0.0666667"
"2028128920","2092495914","0.333333"
"2092495914","2028128920","0.333333"
"2028128920","2094344402","0.0666667"
"2094344402","2028128920","0.0666667"
"2028128920","2103803247","0.0666667"
"2103803247","2028128920","0.0666667"
"2028128920","2106637586","3.04286"
"2106637586","2028128920","3.04286"
"2028128920","2123877644","0.542857"
"2123877644","2028128920","0.542857"
"2075364988","2081202716","0.0666667"
"2081202716","2075364988","0.0666667"
"2075364988","2092495914","1.82619"
"2092495914","2075364988","1.82619"
"2075364988","2094344402","0.0666667"
"2094344402","2075364988","0.0666667"
"2075364988","2103803247","0.209524"
"2103803247","2075364988","0.209524"
"2075364988","2106637586","1.23333"
"2106637586","2075364988","1.23333"
"2075364988","2123877644","0.683333"
"2123877644","2075364988","0.683333"
"2081202716","2092495914","0.266667"
"2092495914","2081202716","0.266667"
"2081202716","2094344402","0.266667"
"2094344402","2081202716","0.266667"
"2081202716","2103803247","0.266667"
"2103803247","2081202716","0.266667"
"2081202716","2106637586","0.0666667"
"2106637586","2081202716","0.0666667"
"2081202716","2123877644","0.0666667"
"2123877644","2081202716","0.0666667"
"2092495914","2094344402","0.4"
"2094344402","2092495914","0.4"
"2092495914","2103803247","0.909524"
"2103803247","2092495914","0.909524"
"2092495914","2106637586","2.56667"
"2106637586","2092495914","2.56667"
"2092495914","2123877644","1.43333"
"2123877644","2092495914","1.43333"
"2094344402","2103803247","0.0666667"
"2103803247","2094344402","0.0666667"
"2094344402","2106637586","0.0666667"
"2106637586","2094344402","0.0666667"
"2094344402","2123877644","0.0666667"
"2123877644","2094344402","0.0666667"
"2103803247","2106637586","1.06667"
"2106637586","2103803247","1.06667"
"2103803247","2123877644","0.0666667"
"2123877644","2103803247","0.0666667"
"2106637586","2123877644","1.20952"
"2123877644","2106637586","1.20952"
"1989010452","2004690932","0.492857"
"2004690932","1989010452","0.492857"
"1989010452","2040121793","0.55"
"2040121793","1989010452","0.55"
"1990960780","2040121793","1.35"
"2040121793","1990960780","1.35"
"2004690932","2040121793","1.75"
"2040121793","2004690932","1.75"
"1966021193","2016537321","0.266667"
"2016537321","1966021193","0.266667"
"1981428518","1989010452","0.3"
"1989010452","1981428518","0.3"
"1981428518","2016537321","0.266667"
"2016537321","1981428518","0.266667"
"1981428518","2023016123","1.21667"
"2023016123","1981428518","1.21667"
"1981428518","2028128920","0.266667"
"2028128920","1981428518","0.266667"
"1981428518","2040121793","4.2"
"2040121793","1981428518","4.2"
"1981428518","2077575809","0.8"
"2077575809","1981428518","0.8"
"1981428518","2092495914","0.1"
"2092495914","1981428518","0.1"
"1989010452","2016537321","2.24405"
"2016537321","1989010452","2.24405"
"1989010452","2033931717","0.1"
"2033931717","1989010452","0.1"
"1989010452","2077575809","0.1"
"2077575809","1989010452","0.1"
"2004690932","2016537321","0.8"
"2016537321","2004690932","0.8"
"2004690932","2023016123","0.3"
"2023016123","2004690932","0.3"
"2004690932","2028128920","0.242857"
"2028128920","2004690932","0.242857"
"2004690932","2077575809","1.1"
"2077575809","2004690932","1.1"
"2004690932","2092495914","0.3"
"2092495914","2004690932","0.3"
"2016537321","2023016123","0.516667"
"2023016123","2016537321","0.516667"
"2016537321","2028128920","0.266667"
"2028128920","2016537321","0.266667"
"2016537321","2033931717","0.1"
"2033931717","2016537321","0.1"
"2016537321","2040121793","0.8"
"2040121793","2016537321","0.8"
"2016537321","2077575809","0.266667"
"2077575809","2016537321","0.266667"
"2016537321","2092495914","0.55"
"2092495914","2016537321","0.55"
"2023016123","2040121793","2.38333"
"2040121793","2023016123","2.38333"
"2028128920","2033931717","0.933333"
"2033931717","2028128920","0.933333"
"2028128920","2040121793","0.1"
"2040121793","2028128920","0.1"
"2028128920","2077575809","1.43333"
"2077575809","2028128920","1.43333"
"2033931717","2040121793","0.433333"
"2040121793","2033931717","0.433333"
"2033931717","2092495914","0.433333"
"2092495914","2033931717","0.433333"
"2040121793","2092495914","0.966667"
"2092495914","2040121793","0.966667"
"2077575809","2092495914","0.6"
"2092495914","2077575809","0.6"
"1966021193","2066807331","0.583333"
"2066807331","1966021193","0.583333"
"1966021193","2300489958","0.25"
"2300489958","1966021193","0.25"
"2017027240","2066807331","0.25"
"2066807331","2017027240","0.25"
"2017027240","2300489958","0.25"
"2300489958","2017027240","0.25"
"2066807331","2075364988","0.25"
"2075364988","2066807331","0.25"
"2066807331","2300489958","0.25"
"2300489958","2066807331","0.25"
"2075364988","2300489958","0.25"
"2300489958","2075364988","0.25"
"1990302601","2023016123","1.11667"
"2023016123","1990302601","1.11667"
"1990302601","2075364988","0.366667"
"2075364988","1990302601","0.366667"
"1990302601","2092495914","0.366667"
"2092495914","1990302601","0.366667"
"1990302601","2123877644","0.509524"
"2123877644","1990302601","0.509524"
"1976257545","2003034199","10.3333"
"2003034199","1976257545","10.3333"
"1976257545","2077575809","6.08333"
"2077575809","1976257545","6.08333"
"2003034199","2077575809","3.33333"
"2077575809","2003034199","3.33333"
"1981428518","2075364988","1.9"
"2075364988","1981428518","1.9"
"2016537321","2075364988","0.166667"
"2075364988","2016537321","0.166667"
"2017027240","2033931717","0.166667"
"2033931717","2017027240","0.166667"
"2033931717","2075364988","0.166667"
"2075364988","2033931717","0.166667"
"2033931717","2106637586","1"
"2106637586","2033931717","1"
"2077575809","2106637586","0.166667"
"2106637586","2077575809","0.166667"
"1990302601","2017027240","0.166667"
"2017027240","1990302601","0.166667"
"1966021193","2186071116","0.47619"
"2186071116","1966021193","0.47619"
"1966021193","333233685","1.33333"
"333233685","1966021193","1.33333"
"2103803247","2186071116","0.72619"
"2186071116","2103803247","0.72619"
"2103803247","333233685","1.47619"
"333233685","2103803247","1.47619"
"2186071116","333233685","0.47619"
"333233685","2186071116","0.47619"
"1977572054","2040121793","0.2"
"2040121793","1977572054","0.2"
"2040121793","2081202716","0.4"
"2081202716","2040121793","0.4"
"1966021193","2058001440","1.47619"
"2058001440","1966021193","1.47619"
"2017027240","2058001440","0.619048"
"2058001440","2017027240","0.619048"
"2058001440","2092495914","1.86905"
"2092495914","2058001440","1.86905"
"2004690932","2081202716","0.7"
"2081202716","2004690932","0.7"
"1966021193","2467355409","0.142857"
"2467355409","1966021193","0.142857"
"1966021193","2769471593","0.142857"
"2769471593","1966021193","0.142857"
"1966021193","655463641","0.142857"
"655463641","1966021193","0.142857"
"2017027240","2186071116","0.285714"
"2186071116","2017027240","0.285714"
"2017027240","2467355409","0.142857"
"2467355409","2017027240","0.142857"
"2017027240","2769471593","0.142857"
"2769471593","2017027240","0.142857"
"2017027240","655463641","0.142857"
"655463641","2017027240","0.142857"
"2058001440","2186071116","0.535714"
"2186071116","2058001440","0.535714"
"2058001440","2467355409","0.142857"
"2467355409","2058001440","0.142857"
"2058001440","2769471593","0.142857"
"2769471593","2058001440","0.142857"
"2058001440","655463641","0.559524"
"655463641","2058001440","0.559524"
"2092495914","2186071116","0.285714"
"2186071116","2092495914","0.285714"
"2092495914","2467355409","0.142857"
"2467355409","2092495914","0.142857"
"2092495914","2769471593","0.142857"
"2769471593","2092495914","0.142857"
"2092495914","655463641","0.309524"
"655463641","2092495914","0.309524"
"2186071116","2467355409","1.14286"
"2467355409","2186071116","1.14286"
"2186071116","2769471593","0.142857"
"2769471593","2186071116","0.142857"
"2186071116","655463641","0.392857"
"655463641","2186071116","0.392857"
"2467355409","2769471593","0.142857"
"2769471593","2467355409","0.142857"
"2467355409","655463641","0.142857"
"655463641","2467355409","0.142857"
"2769471593","655463641","0.142857"
"655463641","2769471593","0.142857"
"2028128920","2066807331","0.333333"
"2066807331","2028128920","0.333333"
"2066807331","2123877644","0.833333"
"2123877644","2066807331","0.833333"
"1966021193","2017202337","0.25"
"2017202337","1966021193","0.25"
"1976257545","2017202337","1.25"
"2017202337","1976257545","1.25"
"2017202337","2033931717","0.25"
"2033931717","2017202337","0.25"
"2017202337","2077575809","20.75"
"2077575809","2017202337","20.75"
"2003034199","2033931717","4.5"
"2033931717","2003034199","4.5"
"1976257545","1990302601","1"
"1990302601","1976257545","1"
"1976257545","2075364988","1"
"2075364988","1976257545","1"
"1977572054","2033931717","0.333333"
"2033931717","1977572054","0.333333"
"1981428518","1990302601","0.7"
"1990302601","1981428518","0.7"
"1981428518","2094188107","0.7"
"2094188107","1981428518","0.7"
"1981428518","319286364","0.45"
"319286364","1981428518","0.45"
"1990302601","2040121793","0.7"
"2040121793","1990302601","0.7"
"1990302601","319286364","1.37024"
"319286364","1990302601","1.37024"
"2040121793","2094188107","0.7"
"2094188107","2040121793","0.7"
"2040121793","319286364","0.45"
"319286364","2040121793","0.45"
"2094188107","319286364","1.20357"
"319286364","2094188107","1.20357"
"2040121793","2075364988","1.4"
"2075364988","2040121793","1.4"
"1981428518","2017027240","2.53333"
"2017027240","1981428518","2.53333"
"1989010452","1990302601","4.12024"
"1990302601","1989010452","4.12024"
"1989010452","2094188107","0.953571"
"2094188107","1989010452","0.953571"
"1989010452","319286364","2.12024"
"319286364","1989010452","2.12024"
"2017027240","2040121793","0.2"
"2040121793","2017027240","0.2"
"2023016123","2094188107","1.25"
"2094188107","2023016123","1.25"
"2004690932","2075364988","0.2"
"2075364988","2004690932","0.2"
"1981428518","2058001440","1"
"2058001440","1981428518","1"
"1989010452","2007572595","1.14405"
"2007572595","1989010452","1.14405"
"1989010452","2012059358","1.34405"
"2012059358","1989010452","1.34405"
"1989010452","2020561148","1.00119"
"2020561148","1989010452","1.00119"
"1989010452","2023949231","0.566667"
"2023949231","1989010452","0.566667"
"1989010452","2084461326","0.166667"
"2084461326","1989010452","0.166667"
"2007572595","2012059358","3.34405"
"2012059358","2007572595","3.34405"
"2007572595","2016537321","1.14405"
"2016537321","2007572595","1.14405"
"2007572595","2020561148","1.78452"
"2020561148","2007572595","1.78452"
"2007572595","2023949231","1.35"
"2023949231","2007572595","1.35"
"2007572595","2084461326","0.366667"
"2084461326","2007572595","0.366667"
"2012059358","2016537321","1.14405"
"2016537321","2012059358","1.14405"
"2012059358","2020561148","1.20119"
"2020561148","2012059358","1.20119"
"2012059358","2023949231","0.766667"
"2023949231","2012059358","0.766667"
"2012059358","2084461326","0.366667"
"2084461326","2012059358","0.366667"
"2016537321","2020561148","1.00119"
"2020561148","2016537321","1.00119"
"2016537321","2023949231","0.9"
"2023949231","2016537321","0.9"
"2016537321","2084461326","0.5"
"2084461326","2016537321","0.5"
"2020561148","2023949231","1.35"
"2023949231","2020561148","1.35"
"2020561148","2084461326","0.366667"
"2084461326","2020561148","0.366667"
"2023949231","2084461326","0.7"
"2084461326","2023949231","0.7"
"1990302601","2012059358","0.777381"
"2012059358","1990302601","0.777381"
"1990302601","2106637586","0.610714"
"2106637586","1990302601","0.610714"
"2012059358","2094188107","0.610714"
"2094188107","2012059358","0.610714"
"2012059358","2106637586","0.467857"
"2106637586","2012059358","0.467857"
"2012059358","319286364","0.777381"
"319286364","2012059358","0.777381"
"2094188107","2106637586","0.610714"
"2106637586","2094188107","0.610714"
"2106637586","319286364","0.610714"
"319286364","2106637586","0.610714"
"1990302601","2004690932","0.142857"
"2004690932","1990302601","0.142857"
"1990302601","2028128920","0.142857"
"2028128920","1990302601","0.142857"
"2004690932","2094188107","0.142857"
"2094188107","2004690932","0.142857"
"2004690932","2106637586","0.142857"
"2106637586","2004690932","0.142857"
"2004690932","2123877644","0.142857"
"2123877644","2004690932","0.142857"
"2004690932","319286364","0.142857"
"319286364","2004690932","0.142857"
"2028128920","2094188107","0.142857"
"2094188107","2028128920","0.142857"
"2028128920","319286364","0.142857"
"319286364","2028128920","0.142857"
"2094188107","2123877644","0.142857"
"2123877644","2094188107","0.142857"
"2123877644","319286364","0.142857"
"319286364","2123877644","0.142857"
"1990302601","2007572595","0.827381"
"2007572595","1990302601","0.827381"
"1990302601","2016537321","1.57738"
"2016537321","1990302601","1.57738"
"2007572595","2094188107","0.410714"
"2094188107","2007572595","0.410714"
"2007572595","2106637586","0.267857"
"2106637586","2007572595","0.267857"
"2007572595","319286364","0.577381"
"319286364","2007572595","0.577381"
"2016537321","2094188107","0.410714"
"2094188107","2016537321","0.410714"
"2016537321","2106637586","0.267857"
"2106637586","2016537321","0.267857"
"2016537321","319286364","0.577381"
"319286364","2016537321","0.577381"
"1990302601","2020561148","0.684524"
"2020561148","1990302601","0.684524"
"2020561148","2094188107","0.267857"
"2094188107","2020561148","0.267857"
"2020561148","2106637586","0.125"
"2106637586","2020561148","0.125"
"2020561148","319286364","0.434524"
"319286364","2020561148","0.434524"
"1989010452","2058001440","0.75"
"2058001440","1989010452","0.75"
"1989010452","2186071116","0.25"
"2186071116","1989010452","0.25"
"1989010452","655463641","0.25"
"655463641","1989010452","0.25"
"2058001440","2103803247","0.892857"
"2103803247","2058001440","0.892857"
"2103803247","655463641","0.25"
"655463641","2103803247","0.25"
"1989010452","2066807331","0.5"
"2066807331","1989010452","0.5"
"2058001440","2066807331","0.5"
"2066807331","2058001440","0.5"
"1989010452","2345112030","1"
"2345112030","1989010452","1"
"1990302601","2023949231","0.75"
"2023949231","1990302601","0.75"
"1990302601","2103803247","0.25"
"2103803247","1990302601","0.25"
"2007572595","2103803247","0.25"
"2103803247","2007572595","0.25"
"2020561148","2103803247","0.25"
"2103803247","2020561148","0.25"
"2023949231","2103803247","0.25"
"2103803247","2023949231","0.25"
"1990302601","2134089048","1"
"2134089048","1990302601","1"
"2023949231","2134089048","6.83333"
"2134089048","2023949231","6.83333"
"1990302601","2066807331","1.5"
"2066807331","1990302601","1.5"
"2023016123","2066807331","0.5"
"2066807331","2023016123","0.5"
"2094188107","2134089048","0.5"
"2134089048","2094188107","0.5"
"1990302601","2084461326","1"
"2084461326","1990302601","1"
"1990960780","2300489958","1"
"2300489958","1990960780","1"
"1990960780","2058001440","0.333333"
"2058001440","1990960780","0.333333"
"1990960780","333233685","0.333333"
"333233685","1990960780","0.333333"
"2058001440","333233685","0.642857"
"333233685","2058001440","0.642857"
"2092495914","333233685","1.64286"
"333233685","2092495914","1.64286"
"1990960780","2769471593","0.5"
"2769471593","1990960780","0.5"
"2003034199","2769471593","0.5"
"2769471593","2003034199","0.5"
"1991898226","2077575809","1.16667"
"2077575809","1991898226","1.16667"
"1991898226","333233685","1.30952"
"333233685","1991898226","1.30952"
"1991898226","2058001440","0.309524"
"2058001440","1991898226","0.309524"
"1991898226","655463641","0.166667"
"655463641","1991898226","0.166667"
"2028128920","2058001440","0.166667"
"2058001440","2028128920","0.166667"
"2028128920","333233685","0.166667"
"333233685","2028128920","0.166667"
"2028128920","655463641","0.166667"
"655463641","2028128920","0.166667"
"2058001440","2077575809","1.16667"
"2077575809","2058001440","1.16667"
"2077575809","333233685","0.166667"
"333233685","2077575809","0.166667"
"2077575809","655463641","0.166667"
"655463641","2077575809","0.166667"
"333233685","655463641","0.166667"
"655463641","333233685","0.166667"
"1991898226","2186071116","0.142857"
"2186071116","1991898226","0.142857"
"2017027240","333233685","0.142857"
"333233685","2017027240","0.142857"
"2058001440","2075364988","0.142857"
"2075364988","2058001440","0.142857"
"2075364988","2186071116","0.142857"
"2186071116","2075364988","0.142857"
"2075364988","333233685","0.142857"
"333233685","2075364988","0.142857"
"1996511735","2007572595","0.7"
"2007572595","1996511735","0.7"
"1996511735","2012059358","0.2"
"2012059358","1996511735","0.2"
"1996511735","2020561148","0.2"
"2020561148","1996511735","0.2"
"1996511735","2023949231","1.53333"
"2023949231","1996511735","1.53333"
"1996511735","2084461326","0.533333"
"2084461326","1996511735","0.533333"
"1996511735","2016537321","0.333333"
"2016537321","1996511735","0.333333"
"1996511735","2134089048","0.5"
"2134089048","1996511735","0.5"
"2007572595","2134089048","0.833333"
"2134089048","2007572595","0.833333"
"2003034199","2017202337","0.5"
"2017202337","2003034199","0.5"
"2004690932","2103803247","0.2"
"2103803247","2004690932","0.2"
"2016537321","2081202716","0.2"
"2081202716","2016537321","0.2"
"2016537321","2103803247","0.2"
"2103803247","2016537321","0.2"
"2040121793","2103803247","0.2"
"2103803247","2040121793","0.2"
"2020561148","2134089048","0.333333"
"2134089048","2020561148","0.333333"
"2016537321","2467355409","1"
"2467355409","2016537321","1"
"2016537321","2058001440","0.25"
"2058001440","2016537321","0.25"
"2016537321","2123877644","0.25"
"2123877644","2016537321","0.25"
"2023016123","2058001440","0.25"
"2058001440","2023016123","0.25"
"2058001440","2123877644","0.25"
"2123877644","2058001440","0.25"
"2017202337","2121251601","1"
"2121251601","2017202337","1"
"2040121793","2106637586","0.5"
"2106637586","2040121793","0.5"
"2033931717","2066807331","1"
"2066807331","2033931717","1"
"2066807331","2759256863","0.5"
"2759256863","2066807331","0.5"
"2123877644","2759256863","0.5"
"2759256863","2123877644","0.5"
"2077575809","2121251601","1"
"2121251601","2077575809","1"
