"1777285354","1963613126","0.333333"
"1963613126","1777285354","0.333333"
"1777285354","2034993557","1.54286"
"2034993557","1777285354","1.54286"
"1777285354","2035125304","0.433333"
"2035125304","1777285354","0.433333"
"1777285354","2081359365","0.25"
"2081359365","1777285354","0.25"
"1963613126","2034993557","1.33333"
"2034993557","1963613126","1.33333"
"1963613126","2035125304","0.333333"
"2035125304","1963613126","0.333333"
"1963613126","2081359365","0.583333"
"2081359365","1963613126","0.583333"
"2034993557","2035125304","0.867857"
"2035125304","2034993557","0.867857"
"2034993557","2081359365","0.783333"
"2081359365","2034993557","0.783333"
"2035125304","2081359365","0.25"
"2081359365","2035125304","0.25"
"1777285354","2343204342","0.892857"
"2343204342","1777285354","0.892857"
"2034993557","2343204342","8.23968"
"2343204342","2034993557","8.23968"
"1777285354","1966279025","0.283333"
"1966279025","1777285354","0.283333"
"1777285354","1966992217","0.1"
"1966992217","1777285354","0.1"
"1777285354","1987352748","0.2"
"1987352748","1777285354","0.2"
"1777285354","2006605121","0.1"
"2006605121","1777285354","0.1"
"1777285354","2037435746","0.1"
"2037435746","1777285354","0.1"
"1777285354","2060532203","0.692857"
"2060532203","1777285354","0.692857"
"1777285354","2082208763","0.1"
"2082208763","1777285354","0.1"
"1777285354","2093491347","1.34286"
"2093491347","1777285354","1.34286"
"1777285354","2484990195","0.1"
"2484990195","1777285354","0.1"
"1966279025","1966992217","0.35"
"1966992217","1966279025","0.35"
"1966279025","1987352748","3.26829"
"1987352748","1966279025","3.26829"
"1966279025","2006605121","3.47623"
"2006605121","1966279025","3.47623"
"1966279025","2034993557","4.129"
"2034993557","1966279025","4.129"
"1966279025","2037435746","1.34091"
"2037435746","1966279025","1.34091"
"1966279025","2060532203","5.88337"
"2060532203","1966279025","5.88337"
"1966279025","2082208763","0.225"
"2082208763","1966279025","0.225"
"1966279025","2093491347","1.31988"
"2093491347","1966279025","1.31988"
"1966279025","2484990195","0.1"
"2484990195","1966279025","0.1"
"1966992217","1987352748","0.35"
"1987352748","1966992217","0.35"
"1966992217","2006605121","0.1"
"2006605121","1966992217","0.1"
"1966992217","2034993557","0.6"
"2034993557","1966992217","0.6"
"1966992217","2037435746","0.1"
"2037435746","1966992217","0.1"
"1966992217","2060532203","0.433333"
"2060532203","1966992217","0.433333"
"1966992217","2082208763","0.1"
"2082208763","1966992217","0.1"
"1966992217","2093491347","0.1"
"2093491347","1966992217","0.1"
"1966992217","2484990195","0.1"
"2484990195","1966992217","0.1"
"1987352748","2006605121","0.96829"
"2006605121","1987352748","0.96829"
"1987352748","2034993557","0.925433"
"2034993557","1987352748","0.925433"
"1987352748","2037435746","1.29091"
"2037435746","1987352748","1.29091"
"1987352748","2060532203","1.25877"
"2060532203","1987352748","1.25877"
"1987352748","2082208763","0.1"
"2082208763","1987352748","0.1"
"1987352748","2093491347","1.00877"
"2093491347","1987352748","1.00877"
"1987352748","2484990195","0.266667"
"2484990195","1987352748","0.266667"
"2006605121","2034993557","2.50004"
"2034993557","2006605121","2.50004"
"2006605121","2037435746","0.757576"
"2037435746","2006605121","0.757576"
"2006605121","2060532203","2.73337"
"2060532203","2006605121","2.73337"
"2006605121","2082208763","0.242857"
"2082208763","2006605121","0.242857"
"2006605121","2093491347","1.01988"
"2093491347","2006605121","1.01988"
"2006605121","2484990195","0.1"
"2484990195","2006605121","0.1"
"2034993557","2037435746","0.900433"
"2037435746","2034993557","0.900433"
"2034993557","2060532203","3.65123"
"2060532203","2034993557","3.65123"
"2034993557","2082208763","0.242857"
"2082208763","2034993557","0.242857"
"2034993557","2093491347","1.20321"
"2093491347","2034993557","1.20321"
"2034993557","2484990195","0.35"
"2484990195","2034993557","0.35"
"2037435746","2060532203","1.09091"
"2060532203","2037435746","1.09091"
"2037435746","2082208763","0.225"
"2082208763","2037435746","0.225"
"2037435746","2093491347","0.557576"
"2093491347","2037435746","0.557576"
"2037435746","2484990195","0.266667"
"2484990195","2037435746","0.266667"
"2060532203","2082208763","0.1"
"2082208763","2060532203","0.1"
"2060532203","2093491347","0.769877"
"2093491347","2060532203","0.769877"
"2060532203","2484990195","0.1"
"2484990195","2060532203","0.1"
"2082208763","2093491347","0.1"
"2093491347","2082208763","0.1"
"2082208763","2484990195","0.1"
"2484990195","2082208763","0.1"
"2093491347","2484990195","0.1"
"2484990195","2093491347","0.1"
"1777285354","1966795941","0.0833333"
"1966795941","1777285354","0.0833333"
"1777285354","2049146676","0.183333"
"2049146676","1777285354","0.183333"
"1777285354","2050010356","0.0833333"
"2050010356","1777285354","0.0833333"
"1777285354","2343740211","0.22619"
"2343740211","1777285354","0.22619"
"1777285354","2464953958","0.0833333"
"2464953958","1777285354","0.0833333"
"1777285354","564058385","0.45"
"564058385","1777285354","0.45"
"1963613126","1966279025","0.416667"
"1966279025","1963613126","0.416667"
"1963613126","1966795941","0.0833333"
"1966795941","1963613126","0.0833333"
"1963613126","2049146676","0.0833333"
"2049146676","1963613126","0.0833333"
"1963613126","2050010356","0.0833333"
"2050010356","1963613126","0.0833333"
"1963613126","2060532203","0.0833333"
"2060532203","1963613126","0.0833333"
"1963613126","2343204342","0.0833333"
"2343204342","1963613126","0.0833333"
"1963613126","2343740211","0.0833333"
"2343740211","1963613126","0.0833333"
"1963613126","2464953958","1.08333"
"2464953958","1963613126","1.08333"
"1963613126","564058385","0.0833333"
"564058385","1963613126","0.0833333"
"1966279025","1966795941","0.375"
"1966795941","1966279025","0.375"
"1966279025","2035125304","0.617857"
"2035125304","1966279025","0.617857"
"1966279025","2049146676","3.03456"
"2049146676","1966279025","3.03456"
"1966279025","2050010356","2.78333"
"2050010356","1966279025","2.78333"
"1966279025","2343204342","0.686111"
"2343204342","1966279025","0.686111"
"1966279025","2343740211","0.686111"
"2343740211","1966279025","0.686111"
"1966279025","2464953958","0.0833333"
"2464953958","1966279025","0.0833333"
"1966279025","564058385","0.0833333"
"564058385","1966279025","0.0833333"
"1966795941","2034993557","0.708333"
"2034993557","1966795941","0.708333"
"1966795941","2035125304","0.552778"
"2035125304","1966795941","0.552778"
"1966795941","2049146676","0.35"
"2049146676","1966795941","0.35"
"1966795941","2050010356","0.333333"
"2050010356","1966795941","0.333333"
"1966795941","2060532203","0.541667"
"2060532203","1966795941","0.541667"
"1966795941","2343204342","0.15"
"2343204342","1966795941","0.15"
"1966795941","2343740211","0.15"
"2343740211","1966795941","0.15"
"1966795941","2464953958","0.0833333"
"2464953958","1966795941","0.0833333"
"1966795941","564058385","0.0833333"
"564058385","1966795941","0.0833333"
"2034993557","2049146676","1.99289"
"2049146676","2034993557","1.99289"
"2034993557","2050010356","0.833333"
"2050010356","2034993557","0.833333"
"2034993557","2343740211","3.23968"
"2343740211","2034993557","3.23968"
"2034993557","2464953958","0.0833333"
"2464953958","2034993557","0.0833333"
"2034993557","564058385","0.45"
"564058385","2034993557","0.45"
"2035125304","2049146676","0.592857"
"2049146676","2035125304","0.592857"
"2035125304","2050010356","0.0833333"
"2050010356","2035125304","0.0833333"
"2035125304","2060532203","0.441667"
"2060532203","2035125304","0.441667"
"2035125304","2343204342","0.25"
"2343204342","2035125304","0.25"
"2035125304","2343740211","0.25"
"2343740211","2035125304","0.25"
"2035125304","2464953958","0.0833333"
"2464953958","2035125304","0.0833333"
"2035125304","564058385","0.0833333"
"564058385","2035125304","0.0833333"
"2049146676","2050010356","0.583333"
"2050010356","2049146676","0.583333"
"2049146676","2060532203","1.64726"
"2060532203","2049146676","1.64726"
"2049146676","2343204342","0.519444"
"2343204342","2049146676","0.519444"
"2049146676","2343740211","0.519444"
"2343740211","2049146676","0.519444"
"2049146676","2464953958","1.08333"
"2464953958","2049146676","1.08333"
"2049146676","564058385","0.0833333"
"564058385","2049146676","0.0833333"
"2050010356","2060532203","0.283333"
"2060532203","2050010356","0.283333"
"2050010356","2343204342","0.583333"
"2343204342","2050010356","0.583333"
"2050010356","2343740211","0.0833333"
"2343740211","2050010356","0.0833333"
"2050010356","2464953958","0.0833333"
"2464953958","2050010356","0.0833333"
"2050010356","564058385","0.0833333"
"564058385","2050010356","0.0833333"
"2060532203","2343204342","1.13849"
"2343204342","2060532203","1.13849"
"2060532203","2343740211","0.971825"
"2343740211","2060532203","0.971825"
"2060532203","2464953958","0.0833333"
"2464953958","2060532203","0.0833333"
"2060532203","564058385","0.45"
"564058385","2060532203","0.45"
"2343204342","2343740211","3.33968"
"2343740211","2343204342","3.33968"
"2343204342","2464953958","0.0833333"
"2464953958","2343204342","0.0833333"
"2343204342","564058385","1.25"
"564058385","2343204342","1.25"
"2343740211","2464953958","0.0833333"
"2464953958","2343740211","0.0833333"
"2343740211","564058385","0.0833333"
"564058385","2343740211","0.0833333"
"2464953958","564058385","0.0833333"
"564058385","2464953958","0.0833333"
"1777285354","2012636016","0.366667"
"2012636016","1777285354","0.366667"
"1777285354","2520172304","0.366667"
"2520172304","1777285354","0.366667"
"2012636016","2034993557","0.842857"
"2034993557","2012636016","0.842857"
"2012636016","2060532203","2.53333"
"2060532203","2012636016","2.53333"
"2012636016","2520172304","0.7"
"2520172304","2012636016","0.7"
"2012636016","564058385","0.366667"
"564058385","2012636016","0.366667"
"2034993557","2520172304","1.36667"
"2520172304","2034993557","1.36667"
"2060532203","2520172304","0.7"
"2520172304","2060532203","0.7"
"2520172304","564058385","0.366667"
"564058385","2520172304","0.366667"
"1777285354","1978273326","0.1"
"1978273326","1777285354","0.1"
"1777285354","2068169498","0.1"
"2068169498","1777285354","0.1"
"1777285354","2346641054","0.242857"
"2346641054","1777285354","0.242857"
"1777285354","2902016156","0.242857"
"2902016156","1777285354","0.242857"
"1966279025","1978273326","3.78773"
"1978273326","1966279025","3.78773"
"1966279025","2068169498","1.35996"
"2068169498","1966279025","1.35996"
"1966279025","2346641054","0.1"
"2346641054","1966279025","0.1"
"1966279025","2902016156","0.1"
"2902016156","1966279025","0.1"
"1978273326","1987352748","0.84329"
"1987352748","1978273326","0.84329"
"1978273326","2034993557","1.81392"
"2034993557","1978273326","1.81392"
"1978273326","2035125304","0.342857"
"2035125304","1978273326","0.342857"
"1978273326","2049146676","1.61154"
"2049146676","1978273326","1.61154"
"1978273326","2068169498","1.02543"
"2068169498","1978273326","1.02543"
"1978273326","2093491347","0.911544"
"2093491347","1978273326","0.911544"
"1978273326","2346641054","0.1"
"2346641054","1978273326","0.1"
"1978273326","2902016156","1.06786"
"2902016156","1978273326","1.06786"
"1987352748","2035125304","0.534524"
"2035125304","1987352748","0.534524"
"1987352748","2049146676","0.883766"
"2049146676","1987352748","0.883766"
"1987352748","2068169498","0.500433"
"2068169498","1987352748","0.500433"
"1987352748","2346641054","0.1"
"2346641054","1987352748","0.1"
"1987352748","2902016156","0.266667"
"2902016156","1987352748","0.266667"
"2034993557","2068169498","4.25043"
"2068169498","2034993557","4.25043"
"2034993557","2346641054","0.242857"
"2346641054","2034993557","0.242857"
"2034993557","2902016156","0.510714"
"2902016156","2034993557","0.510714"
"2035125304","2068169498","0.619048"
"2068169498","2035125304","0.619048"
"2035125304","2093491347","0.367857"
"2093491347","2035125304","0.367857"
"2035125304","2346641054","0.1"
"2346641054","2035125304","0.1"
"2035125304","2902016156","0.1"
"2902016156","2035125304","0.1"
"2049146676","2068169498","1.19329"
"2068169498","2049146676","1.19329"
"2049146676","2093491347","0.75202"
"2093491347","2049146676","0.75202"
"2049146676","2346641054","0.1"
"2346641054","2049146676","0.1"
"2049146676","2902016156","0.3"
"2902016156","2049146676","0.3"
"2068169498","2093491347","0.600433"
"2093491347","2068169498","0.600433"
"2068169498","2346641054","0.1"
"2346641054","2068169498","0.1"
"2068169498","2902016156","0.1"
"2902016156","2068169498","0.1"
"2093491347","2346641054","1.24286"
"2346641054","2093491347","1.24286"
"2093491347","2902016156","0.242857"
"2902016156","2093491347","0.242857"
"2346641054","2902016156","0.242857"
"2902016156","2346641054","0.242857"
"2012636016","2343204342","0.166667"
"2343204342","2012636016","0.166667"
"2343204342","2520172304","0.166667"
"2520172304","2343204342","0.166667"
"2060532203","2346641054","0.142857"
"2346641054","2060532203","0.142857"
"2060532203","2902016156","0.60119"
"2902016156","2060532203","0.60119"
"2093491347","2343204342","0.587302"
"2343204342","2093491347","0.587302"
"2093491347","2343740211","0.253968"
"2343740211","2093491347","0.253968"
"2343204342","2346641054","0.142857"
"2346641054","2343204342","0.142857"
"2343204342","2902016156","0.410714"
"2902016156","2343204342","0.410714"
"2343740211","2346641054","0.142857"
"2346641054","2343740211","0.142857"
"2343740211","2902016156","0.410714"
"2902016156","2343740211","0.410714"
"1802848073","2069342081","1"
"2069342081","1802848073","1"
"1930403392","1987352748","0.333333"
"1987352748","1930403392","0.333333"
"1930403392","2037435746","2.20833"
"2037435746","1930403392","2.20833"
"1930403392","2060532203","0.944444"
"2060532203","1930403392","0.944444"
"1930403392","2050010356","3.83333"
"2050010356","1930403392","3.83333"
"1930403392","2043913671","2.08333"
"2043913671","1930403392","2.08333"
"1930403392","1966279025","5.65278"
"1966279025","1930403392","5.65278"
"1930403392","1978273326","2.41667"
"1978273326","1930403392","2.41667"
"1930403392","2136864958","4.22222"
"2136864958","1930403392","4.22222"
"1966279025","2136864958","1.61111"
"2136864958","1966279025","1.61111"
"1930403392","2081359365","4.03333"
"2081359365","1930403392","4.03333"
"1966279025","2081359365","9.33333"
"2081359365","1966279025","9.33333"
"2050010356","2081359365","4.25"
"2081359365","2050010356","4.25"
"1966279025","2043913671","2.45"
"2043913671","1966279025","2.45"
"1978273326","2043913671","1.58333"
"2043913671","1978273326","1.58333"
"1978273326","2081359365","0.666667"
"2081359365","1978273326","0.666667"
"2043913671","2081359365","0.5"
"2081359365","2043913671","0.5"
"1930403392","2114187424","1.125"
"2114187424","1930403392","1.125"
"1930403392","1999876112","1"
"1999876112","1930403392","1"
"1930403392","1987608644","0.597222"
"1987608644","1930403392","0.597222"
"1930403392","2006605121","0.222222"
"2006605121","1930403392","0.222222"
"1930403392","2030756174","0.222222"
"2030756174","1930403392","0.222222"
"1930403392","2034993557","0.644444"
"2034993557","1930403392","0.644444"
"1930403392","2094649542","0.111111"
"2094649542","1930403392","0.111111"
"1930403392","2144010635","1.05556"
"2144010635","1930403392","1.05556"
"1966279025","1987608644","0.445635"
"1987608644","1966279025","0.445635"
"1966279025","2030756174","2.11111"
"2030756174","1966279025","2.11111"
"1966279025","2094649542","0.353968"
"2094649542","1966279025","0.353968"
"1966279025","2144010635","0.944444"
"2144010635","1966279025","0.944444"
"1987608644","2006605121","0.431746"
"2006605121","1987608644","0.431746"
"1987608644","2030756174","0.422222"
"2030756174","1987608644","0.422222"
"1987608644","2034993557","0.320635"
"2034993557","1987608644","0.320635"
"1987608644","2060532203","0.420635"
"2060532203","1987608644","0.420635"
"1987608644","2094649542","0.411111"
"2094649542","1987608644","0.411111"
"1987608644","2136864958","0.822222"
"2136864958","1987608644","0.822222"
"1987608644","2144010635","0.322222"
"2144010635","1987608644","0.322222"
"2006605121","2030756174","0.222222"
"2030756174","2006605121","0.222222"
"2006605121","2094649542","1.83016"
"2094649542","2006605121","1.83016"
"2006605121","2136864958","0.472222"
"2136864958","2006605121","0.472222"
"2006605121","2144010635","0.222222"
"2144010635","2006605121","0.222222"
"2030756174","2034993557","0.753968"
"2034993557","2030756174","0.753968"
"2030756174","2060532203","0.111111"
"2060532203","2030756174","0.111111"
"2030756174","2094649542","0.311111"
"2094649542","2030756174","0.311111"
"2030756174","2136864958","3.88889"
"2136864958","2030756174","3.88889"
"2030756174","2144010635","0.365079"
"2144010635","2030756174","0.365079"
"2034993557","2094649542","1.09802"
"2094649542","2034993557","1.09802"
"2034993557","2136864958","0.753968"
"2136864958","2034993557","0.753968"
"2034993557","2144010635","0.587302"
"2144010635","2034993557","0.587302"
"2060532203","2094649542","1.1623"
"2094649542","2060532203","1.1623"
"2060532203","2136864958","0.544444"
"2136864958","2060532203","0.544444"
"2060532203","2144010635","0.211111"
"2144010635","2060532203","0.211111"
"2094649542","2136864958","0.353968"
"2136864958","2094649542","0.353968"
"2094649542","2144010635","0.211111"
"2144010635","2094649542","0.211111"
"2136864958","2144010635","0.322222"
"2144010635","2136864958","0.322222"
"1930403392","1966992217","0.5"
"1966992217","1930403392","0.5"
"1966992217","2081359365","0.75"
"2081359365","1966992217","0.75"
"1930403392","2068169498","0.95"
"2068169498","1930403392","0.95"
"2037435746","2068169498","1.39924"
"2068169498","2037435746","1.39924"
"1987608644","2037435746","0.441667"
"2037435746","1987608644","0.441667"
"1987608644","2068169498","0.416667"
"2068169498","1987608644","0.416667"
"1987608644","2081359365","0.25"
"2081359365","1987608644","0.25"
"2037435746","2081359365","0.666667"
"2081359365","2037435746","0.666667"
"2068169498","2081359365","0.616667"
"2081359365","2068169498","0.616667"
"1930403392","1966795941","0.444444"
"1966795941","1930403392","0.444444"
"1966795941","2144010635","0.444444"
"2144010635","1966795941","0.444444"
"1930403392","2012636016","0.5"
"2012636016","1930403392","0.5"
"1930403392","2020528597","0.5"
"2020528597","1930403392","0.5"
"2020528597","2081359365","0.5"
"2081359365","2020528597","0.5"
"2043913671","2050010356","2.45"
"2050010356","2043913671","2.45"
"1930403392","2035125304","0.111111"
"2035125304","1930403392","0.111111"
"1930403392","2069342081","0.236111"
"2069342081","1930403392","0.236111"
"1930403392","2524621674","0.236111"
"2524621674","1930403392","0.236111"
"1966795941","1987608644","0.177778"
"1987608644","1966795941","0.177778"
"1966795941","2006605121","2.06944"
"2006605121","1966795941","2.06944"
"1966795941","2030756174","0.111111"
"2030756174","1966795941","0.111111"
"1966795941","2069342081","0.177778"
"2069342081","1966795941","0.177778"
"1966795941","2136864958","0.111111"
"2136864958","1966795941","0.111111"
"1966795941","2524621674","0.111111"
"2524621674","1966795941","0.111111"
"1987608644","2035125304","0.177778"
"2035125304","1987608644","0.177778"
"1987608644","2069342081","1.25278"
"2069342081","1987608644","1.25278"
"1987608644","2524621674","0.336111"
"2524621674","1987608644","0.336111"
"2006605121","2035125304","0.855159"
"2035125304","2006605121","0.855159"
"2006605121","2069342081","0.277778"
"2069342081","2006605121","0.277778"
"2006605121","2524621674","0.111111"
"2524621674","2006605121","0.111111"
"2030756174","2035125304","0.111111"
"2035125304","2030756174","0.111111"
"2030756174","2069342081","0.953968"
"2069342081","2030756174","0.953968"
"2030756174","2524621674","0.420635"
"2524621674","2030756174","0.420635"
"2035125304","2069342081","0.177778"
"2069342081","2035125304","0.177778"
"2035125304","2136864958","0.111111"
"2136864958","2035125304","0.111111"
"2035125304","2144010635","0.111111"
"2144010635","2035125304","0.111111"
"2035125304","2524621674","0.111111"
"2524621674","2035125304","0.111111"
"2069342081","2136864958","0.611111"
"2136864958","2069342081","0.611111"
"2069342081","2144010635","0.253968"
"2144010635","2069342081","0.253968"
"2069342081","2524621674","0.878968"
"2524621674","2069342081","0.878968"
"2136864958","2524621674","0.520635"
"2524621674","2136864958","0.520635"
"2144010635","2524621674","0.353968"
"2524621674","2144010635","0.353968"
"1930403392","2037915805","0.2"
"2037915805","1930403392","0.2"
"1930403392","2201918520","0.2"
"2201918520","1930403392","0.2"
"2034993557","2037915805","1.04405"
"2037915805","2034993557","1.04405"
"2034993557","2201918520","0.266667"
"2201918520","2034993557","0.266667"
"2037915805","2068169498","0.692857"
"2068169498","2037915805","0.692857"
"2037915805","2081359365","0.2"
"2081359365","2037915805","0.2"
"2037915805","2201918520","0.2"
"2201918520","2037915805","0.2"
"2068169498","2201918520","0.766667"
"2201918520","2068169498","0.766667"
"2081359365","2201918520","0.2"
"2201918520","2081359365","0.2"
"1930403392","2343204342","1"
"2343204342","1930403392","1"
"1930403392","2806133181","0.333333"
"2806133181","1930403392","0.333333"
"1930403392","2902016156","0.333333"
"2902016156","1930403392","0.333333"
"1978273326","2806133181","1.23377"
"2806133181","1978273326","1.23377"
"2806133181","2902016156","0.958333"
"2902016156","2806133181","0.958333"
"1930403392","2729067506","0.125"
"2729067506","1930403392","0.125"
"1930403392","2957599721","0.125"
"2957599721","1930403392","0.125"
"1966279025","2069342081","0.291667"
"2069342081","1966279025","0.291667"
"1966279025","2114187424","2.63452"
"2114187424","1966279025","2.63452"
"1966279025","2524621674","0.125"
"2524621674","1966279025","0.125"
"1966279025","2729067506","0.125"
"2729067506","1966279025","0.125"
"1966279025","2957599721","0.125"
"2957599721","1966279025","0.125"
"1987608644","2114187424","0.125"
"2114187424","1987608644","0.125"
"1987608644","2729067506","0.125"
"2729067506","1987608644","0.125"
"1987608644","2957599721","0.125"
"2957599721","1987608644","0.125"
"2037435746","2069342081","0.434524"
"2069342081","2037435746","0.434524"
"2037435746","2114187424","0.291667"
"2114187424","2037435746","0.291667"
"2037435746","2524621674","0.267857"
"2524621674","2037435746","0.267857"
"2037435746","2729067506","0.125"
"2729067506","2037435746","0.125"
"2037435746","2957599721","0.125"
"2957599721","2037435746","0.125"
"2069342081","2114187424","0.125"
"2114187424","2069342081","0.125"
"2069342081","2729067506","2.625"
"2729067506","2069342081","2.625"
"2069342081","2957599721","0.125"
"2957599721","2069342081","0.125"
"2114187424","2524621674","0.125"
"2524621674","2114187424","0.125"
"2114187424","2729067506","0.125"
"2729067506","2114187424","0.125"
"2114187424","2957599721","0.125"
"2957599721","2114187424","0.125"
"2524621674","2729067506","0.625"
"2729067506","2524621674","0.625"
"2524621674","2957599721","0.125"
"2957599721","2524621674","0.125"
"2729067506","2957599721","0.125"
"2957599721","2729067506","0.125"
"1930403392","2049146676","0.5"
"2049146676","1930403392","0.5"
"2049146676","2136864958","0.85"
"2136864958","2049146676","0.85"
"1930403392","2075293457","1"
"2075293457","1930403392","1"
"1963613126","2137165660","2"
"2137165660","1963613126","2"
"1963613126","2057845655","0.333333"
"2057845655","1963613126","0.333333"
"1966279025","2057845655","0.72619"
"2057845655","1966279025","0.72619"
"2057845655","2081359365","0.583333"
"2081359365","2057845655","0.583333"
"1963613126","2006605121","0.5"
"2006605121","1963613126","0.5"
"1963613126","2897798779","0.5"
"2897798779","1963613126","0.5"
"2006605121","2897798779","0.5"
"2897798779","2006605121","0.5"
"1966279025","2075293457","2.34167"
"2075293457","1966279025","2.34167"
"1987352748","2075293457","1.55833"
"2075293457","1987352748","1.55833"
"2037435746","2075293457","0.4"
"2075293457","2037435746","0.4"
"1966279025","1992834492","0.97619"
"1992834492","1966279025","0.97619"
"1987608644","1992834492","0.142857"
"1992834492","1987608644","0.142857"
"1987608644","2049146676","0.242857"
"2049146676","1987608644","0.242857"
"1987608644","2057845655","0.242857"
"2057845655","1987608644","0.242857"
"1992834492","2006605121","0.142857"
"2006605121","1992834492","0.142857"
"1992834492","2034993557","0.142857"
"2034993557","1992834492","0.142857"
"1992834492","2049146676","0.142857"
"2049146676","1992834492","0.142857"
"1992834492","2057845655","0.142857"
"2057845655","1992834492","0.142857"
"1992834492","2060532203","0.47619"
"2060532203","1992834492","0.47619"
"2006605121","2049146676","1.79012"
"2049146676","2006605121","1.79012"
"2006605121","2057845655","0.642857"
"2057845655","2006605121","0.642857"
"2034993557","2057845655","0.47619"
"2057845655","2034993557","0.47619"
"2049146676","2057845655","0.409524"
"2057845655","2049146676","0.409524"
"2057845655","2060532203","1.74286"
"2060532203","2057845655","1.74286"
"1966279025","2166250715","0.2"
"2166250715","1966279025","0.2"
"1978273326","2060532203","2.26273"
"2060532203","1978273326","2.26273"
"1978273326","2166250715","0.2"
"2166250715","1978273326","0.2"
"2034993557","2166250715","0.2"
"2166250715","2034993557","0.2"
"2060532203","2068169498","1.13377"
"2068169498","2060532203","1.13377"
"2060532203","2166250715","0.2"
"2166250715","2060532203","0.2"
"2068169498","2166250715","0.2"
"2166250715","2068169498","0.2"
"2050010356","2144010635","1.33333"
"2144010635","2050010356","1.33333"
"2081359365","2144010635","0.333333"
"2144010635","2081359365","0.333333"
"1966279025","2137165660","0.5"
"2137165660","1966279025","0.5"
"2081359365","2137165660","0.5"
"2137165660","2081359365","0.5"
"1966279025","2057774003","0.342857"
"2057774003","1966279025","0.342857"
"1966279025","2075991632","0.939683"
"2075991632","1966279025","0.939683"
"1966279025","2091001169","1.67183"
"2091001169","1966279025","1.67183"
"1978273326","2057774003","0.325"
"2057774003","1978273326","0.325"
"1978273326","2075991632","1.325"
"2075991632","1978273326","1.325"
"1978273326","2091001169","1.325"
"2091001169","1978273326","1.325"
"2057774003","2075991632","2.00119"
"2075991632","2057774003","2.00119"
"2057774003","2091001169","0.467857"
"2091001169","2057774003","0.467857"
"2057774003","2093491347","0.2"
"2093491347","2057774003","0.2"
"2075991632","2091001169","1.72183"
"2091001169","2075991632","1.72183"
"2075991632","2093491347","0.533333"
"2093491347","2075991632","0.533333"
"2091001169","2093491347","0.45"
"2093491347","2091001169","0.45"
"1966279025","2080160261","0.5"
"2080160261","1966279025","0.5"
"2050010356","2080160261","0.5"
"2080160261","2050010356","0.5"
"1966279025","1997449688","2.28333"
"1997449688","1966279025","2.28333"
"1987352748","1997449688","0.25"
"1997449688","1987352748","0.25"
"1987352748","2081359365","1.66667"
"2081359365","1987352748","1.66667"
"1997449688","2049146676","0.25"
"2049146676","1997449688","0.25"
"1997449688","2081359365","0.75"
"2081359365","1997449688","0.75"
"2049146676","2081359365","0.25"
"2081359365","2049146676","0.25"
"1966279025","2087374082","1.03849"
"2087374082","1966279025","1.03849"
"2006605121","2043913671","0.166667"
"2043913671","2006605121","0.166667"
"2006605121","2068169498","2.11948"
"2068169498","2006605121","2.11948"
"2006605121","2087374082","0.520635"
"2087374082","2006605121","0.520635"
"2006605121","2114187424","0.166667"
"2114187424","2006605121","0.166667"
"2043913671","2060532203","1.36667"
"2060532203","2043913671","1.36667"
"2043913671","2068169498","0.166667"
"2068169498","2043913671","0.166667"
"2043913671","2087374082","0.166667"
"2087374082","2043913671","0.166667"
"2043913671","2114187424","0.166667"
"2114187424","2043913671","0.166667"
"2060532203","2087374082","0.520635"
"2087374082","2060532203","0.520635"
"2060532203","2114187424","0.166667"
"2114187424","2060532203","0.166667"
"2068169498","2087374082","0.534524"
"2087374082","2068169498","0.534524"
"2068169498","2114187424","0.333333"
"2114187424","2068169498","0.333333"
"2087374082","2114187424","1.36667"
"2114187424","2087374082","1.36667"
"1992834492","2081359365","1.33333"
"2081359365","1992834492","1.33333"
"1966279025","2012636016","1.45833"
"2012636016","1966279025","1.45833"
"2060532203","2081359365","1.16667"
"2081359365","2060532203","1.16667"
"2049146676","2091001169","1.57897"
"2091001169","2049146676","1.57897"
"1978273326","2006605121","1.12107"
"2006605121","1978273326","1.12107"
"1978273326","2094649542","1.1369"
"2094649542","1978273326","1.1369"
"1987352748","2094649542","0.242857"
"2094649542","1987352748","0.242857"
"2035125304","2094649542","0.285714"
"2094649542","2035125304","0.285714"
"2068169498","2094649542","0.385714"
"2094649542","2068169498","0.385714"
"2093491347","2094649542","0.242857"
"2094649542","2093491347","0.242857"
"1966279025","2020528597","0.515909"
"2020528597","1966279025","0.515909"
"1978273326","2020528597","0.190909"
"2020528597","1978273326","0.190909"
"1978273326","2037435746","0.457576"
"2037435746","1978273326","0.457576"
"1987352748","2020528597","0.190909"
"2020528597","1987352748","0.190909"
"2006605121","2020528597","0.190909"
"2020528597","2006605121","0.190909"
"2020528597","2034993557","0.815909"
"2034993557","2020528597","0.815909"
"2020528597","2037435746","0.190909"
"2037435746","2020528597","0.190909"
"2020528597","2049146676","0.315909"
"2049146676","2020528597","0.315909"
"2020528597","2060532203","0.190909"
"2060532203","2020528597","0.190909"
"2020528597","2068169498","0.315909"
"2068169498","2020528597","0.315909"
"2020528597","2093491347","0.190909"
"2093491347","2020528597","0.190909"
"2037435746","2049146676","0.715909"
"2049146676","2037435746","0.715909"
"1966279025","2964054951","0.25"
"2964054951","1966279025","0.25"
"1978273326","2057845655","1.58333"
"2057845655","1978273326","1.58333"
"1978273326","2964054951","0.25"
"2964054951","1978273326","0.25"
"2057845655","2964054951","0.25"
"2964054951","2057845655","0.25"
"2081359365","2964054951","0.25"
"2964054951","2081359365","0.25"
"1966279025","2037915805","2.26071"
"2037915805","1966279025","2.26071"
"2037915805","2087374082","5.92738"
"2087374082","2037915805","5.92738"
"2037915805","2091001169","0.85119"
"2091001169","2037915805","0.85119"
"2037915805","2093491347","0.25"
"2093491347","2037915805","0.25"
"2087374082","2091001169","0.392857"
"2091001169","2087374082","0.392857"
"2087374082","2093491347","0.861111"
"2093491347","2087374082","0.861111"
"1987352748","2050010356","0.533333"
"2050010356","1987352748","0.533333"
"1987352748","2043913671","0.2"
"2043913671","1987352748","0.2"
"2043913671","2075293457","0.7"
"2075293457","2043913671","0.7"
"2050010356","2075293457","0.2"
"2075293457","2050010356","0.2"
"2060532203","2075293457","1.225"
"2075293457","2060532203","1.225"
"1997449688","2020528597","0.2"
"2020528597","1997449688","0.2"
"1997449688","2075293457","0.2"
"2075293457","1997449688","0.2"
"1997449688","2075991632","0.2"
"2075991632","1997449688","0.2"
"1997449688","2114187424","0.2"
"2114187424","1997449688","0.2"
"2020528597","2075293457","0.2"
"2075293457","2020528597","0.2"
"2020528597","2075991632","0.2"
"2075991632","2020528597","0.2"
"2020528597","2114187424","0.2"
"2114187424","2020528597","0.2"
"2075293457","2075991632","0.533333"
"2075991632","2075293457","0.533333"
"2075293457","2114187424","0.2"
"2114187424","2075293457","0.2"
"2075991632","2114187424","2.87619"
"2114187424","2075991632","2.87619"
"2075293457","2081359365","0.916667"
"2081359365","2075293457","0.916667"
"2006605121","2037915805","0.742857"
"2037915805","2006605121","0.742857"
"2006605121","2075991632","0.142857"
"2075991632","2006605121","0.142857"
"2037915805","2049146676","0.510714"
"2049146676","2037915805","0.510714"
"2037915805","2060532203","0.57619"
"2060532203","2037915805","0.57619"
"2037915805","2075991632","5.66071"
"2075991632","2037915805","5.66071"
"2049146676","2075991632","0.396825"
"2075991632","2049146676","0.396825"
"2049146676","2087374082","0.478968"
"2087374082","2049146676","0.478968"
"2060532203","2075991632","0.142857"
"2075991632","2060532203","0.142857"
"2068169498","2075991632","0.267857"
"2075991632","2068169498","0.267857"
"2075991632","2087374082","5.48571"
"2087374082","2075991632","5.48571"
"1966795941","1978273326","0.1"
"1978273326","1966795941","0.1"
"1966795941","2037435746","0.416667"
"2037435746","1966795941","0.416667"
"1966795941","2037915805","0.6"
"2037915805","1966795941","0.6"
"1966795941","2068169498","0.333333"
"2068169498","1966795941","0.333333"
"1966795941","2087374082","0.1"
"2087374082","1966795941","0.1"
"1978273326","2037915805","0.225"
"2037915805","1978273326","0.225"
"1978273326","2087374082","0.211111"
"2087374082","1978273326","0.211111"
"2034993557","2087374082","0.496825"
"2087374082","2034993557","0.496825"
"2037435746","2037915805","0.784524"
"2037915805","2037435746","0.784524"
"2037435746","2087374082","0.534524"
"2087374082","2037435746","0.534524"
"1966992217","2075293457","0.25"
"2075293457","1966992217","0.25"
"1966279025","2221035281","0.2"
"2221035281","1966279025","0.2"
"1987352748","2069342081","0.416667"
"2069342081","1987352748","0.416667"
"1987352748","2221035281","0.2"
"2221035281","1987352748","0.2"
"2006605121","2221035281","0.2"
"2221035281","2006605121","0.2"
"2034993557","2069342081","0.309524"
"2069342081","2034993557","0.309524"
"2034993557","2221035281","0.45"
"2221035281","2034993557","0.45"
"2037435746","2094649542","0.1"
"2094649542","2037435746","0.1"
"2037435746","2221035281","0.1"
"2221035281","2037435746","0.1"
"2049146676","2069342081","0.1"
"2069342081","2049146676","0.1"
"2049146676","2094649542","0.342857"
"2094649542","2049146676","0.342857"
"2049146676","2221035281","0.2"
"2221035281","2049146676","0.2"
"2060532203","2069342081","0.166667"
"2069342081","2060532203","0.166667"
"2060532203","2221035281","0.1"
"2221035281","2060532203","0.1"
"2069342081","2093491347","0.85"
"2093491347","2069342081","0.85"
"2069342081","2094649542","0.3"
"2094649542","2069342081","0.3"
"2069342081","2221035281","0.1"
"2221035281","2069342081","0.1"
"2093491347","2221035281","0.1"
"2221035281","2093491347","0.1"
"2094649542","2221035281","0.1"
"2221035281","2094649542","0.1"
"1966279025","1999876112","0.242857"
"1999876112","1966279025","0.242857"
"1978273326","1999876112","0.242857"
"1999876112","1978273326","0.242857"
"1987352748","1999876112","0.242857"
"1999876112","1987352748","0.242857"
"1999876112","2006605121","0.492857"
"2006605121","1999876112","0.492857"
"1999876112","2034993557","0.242857"
"2034993557","1999876112","0.242857"
"1999876112","2049146676","0.492857"
"2049146676","1999876112","0.492857"
"1999876112","2060532203","0.142857"
"2060532203","1999876112","0.142857"
"1966279025","1966744811","0.521825"
"1966744811","1966279025","0.521825"
"1966744811","2012636016","0.125"
"2012636016","1966744811","0.125"
"1966744811","2037435746","0.125"
"2037435746","1966744811","0.125"
"1966744811","2037915805","0.392857"
"2037915805","1966744811","0.392857"
"1966744811","2049146676","0.378968"
"2049146676","1966744811","0.378968"
"1966744811","2068169498","0.25"
"2068169498","1966744811","0.25"
"1966744811","2082208763","0.125"
"2082208763","1966744811","0.125"
"1966744811","2087374082","0.267857"
"2087374082","1966744811","0.267857"
"2012636016","2037435746","0.125"
"2037435746","2012636016","0.125"
"2012636016","2037915805","0.125"
"2037915805","2012636016","0.125"
"2012636016","2049146676","0.267857"
"2049146676","2012636016","0.267857"
"2012636016","2068169498","0.267857"
"2068169498","2012636016","0.267857"
"2012636016","2082208763","0.267857"
"2082208763","2012636016","0.267857"
"2012636016","2087374082","0.125"
"2087374082","2012636016","0.125"
"2037915805","2082208763","0.125"
"2082208763","2037915805","0.125"
"2049146676","2082208763","0.267857"
"2082208763","2049146676","0.267857"
"2068169498","2082208763","0.267857"
"2082208763","2068169498","0.267857"
"2082208763","2087374082","0.125"
"2087374082","2082208763","0.125"
"1978273326","2221035281","0.1"
"2221035281","1978273326","0.1"
"1978273326","2343204342","0.621825"
"2343204342","1978273326","0.621825"
"1978273326","2343740211","0.621825"
"2343740211","1978273326","0.621825"
"1987352748","2343204342","0.166667"
"2343204342","1987352748","0.166667"
"1987352748","2343740211","0.166667"
"2343740211","1987352748","0.166667"
"1999876112","2035125304","0.1"
"2035125304","1999876112","0.1"
"1999876112","2221035281","0.1"
"2221035281","1999876112","0.1"
"1999876112","2343204342","0.1"
"2343204342","1999876112","0.1"
"1999876112","2343740211","0.1"
"2343740211","1999876112","0.1"
"2006605121","2343204342","0.477778"
"2343204342","2006605121","0.477778"
"2006605121","2343740211","0.477778"
"2343740211","2006605121","0.477778"
"2035125304","2221035281","0.1"
"2221035281","2035125304","0.1"
"2221035281","2343204342","0.1"
"2343204342","2221035281","0.1"
"2221035281","2343740211","0.1"
"2343740211","2221035281","0.1"
"1966279025","2094257914","0.0666667"
"2094257914","1966279025","0.0666667"
"1966279025","2201918520","0.0666667"
"2201918520","1966279025","0.0666667"
"1966795941","1987352748","0.191667"
"1987352748","1966795941","0.191667"
"1966795941","2075293457","0.191667"
"2075293457","1966795941","0.191667"
"1966795941","2094257914","0.0666667"
"2094257914","1966795941","0.0666667"
"1966795941","2201918520","0.0666667"
"2201918520","1966795941","0.0666667"
"1987352748","1987608644","0.316667"
"1987608644","1987352748","0.316667"
"1987352748","2094257914","0.0666667"
"2094257914","1987352748","0.0666667"
"1987352748","2201918520","0.0666667"
"2201918520","1987352748","0.0666667"
"1987608644","2075293457","0.516667"
"2075293457","1987608644","0.516667"
"1987608644","2094257914","0.0666667"
"2094257914","1987608644","0.0666667"
"1987608644","2201918520","0.0666667"
"2201918520","1987608644","0.0666667"
"1987608644","2343204342","0.166667"
"2343204342","1987608644","0.166667"
"1987608644","2343740211","0.166667"
"2343740211","1987608644","0.166667"
"2006605121","2075293457","0.191667"
"2075293457","2006605121","0.191667"
"2006605121","2094257914","0.0666667"
"2094257914","2006605121","0.0666667"
"2006605121","2201918520","0.0666667"
"2201918520","2006605121","0.0666667"
"2034993557","2075293457","0.191667"
"2075293457","2034993557","0.191667"
"2034993557","2094257914","0.0666667"
"2094257914","2034993557","0.0666667"
"2035125304","2037435746","0.0666667"
"2037435746","2035125304","0.0666667"
"2035125304","2075293457","0.191667"
"2075293457","2035125304","0.191667"
"2035125304","2094257914","0.0666667"
"2094257914","2035125304","0.0666667"
"2035125304","2201918520","0.0666667"
"2201918520","2035125304","0.0666667"
"2037435746","2094257914","0.483333"
"2094257914","2037435746","0.483333"
"2037435746","2201918520","0.0666667"
"2201918520","2037435746","0.0666667"
"2037435746","2343204342","0.0666667"
"2343204342","2037435746","0.0666667"
"2037435746","2343740211","0.0666667"
"2343740211","2037435746","0.0666667"
"2060532203","2094257914","0.0666667"
"2094257914","2060532203","0.0666667"
"2060532203","2201918520","0.0666667"
"2201918520","2060532203","0.0666667"
"2068169498","2069342081","0.0666667"
"2069342081","2068169498","0.0666667"
"2068169498","2075293457","0.0666667"
"2075293457","2068169498","0.0666667"
"2068169498","2094257914","0.233333"
"2094257914","2068169498","0.233333"
"2068169498","2343204342","0.291667"
"2343204342","2068169498","0.291667"
"2068169498","2343740211","0.291667"
"2343740211","2068169498","0.291667"
"2069342081","2075293457","1.01667"
"2075293457","2069342081","1.01667"
"2069342081","2094257914","0.0666667"
"2094257914","2069342081","0.0666667"
"2069342081","2201918520","0.0666667"
"2201918520","2069342081","0.0666667"
"2069342081","2343204342","0.0666667"
"2343204342","2069342081","0.0666667"
"2069342081","2343740211","0.0666667"
"2343740211","2069342081","0.0666667"
"2075293457","2094257914","0.0666667"
"2094257914","2075293457","0.0666667"
"2075293457","2201918520","0.0666667"
"2201918520","2075293457","0.0666667"
"2075293457","2343204342","0.0666667"
