"1498352890","1968451194","1.66667"
"1968451194","1498352890","1.66667"
"1498352890","2112558645","1"
"2112558645","1498352890","1"
"1968451194","2112558645","4.5"
"2112558645","1968451194","4.5"
"1498352890","1530885903","1.08333"
"1530885903","1498352890","1.08333"
"1498352890","2110723042","2.91667"
"2110723042","1498352890","2.91667"
"1498352890","2169381585","0.333333"
"2169381585","1498352890","0.333333"
"1530885903","2110723042","1.91667"
"2110723042","1530885903","1.91667"
"1530885903","2169381585","0.333333"
"2169381585","1530885903","0.333333"
"2110723042","2169381585","1.33333"
"2169381585","2110723042","1.33333"
"1498352890","2128343678","6"
"2128343678","1498352890","6"
"1498352890","2133108681","0.25"
"2133108681","1498352890","0.25"
"1530885903","2112558645","0.916667"
"2112558645","1530885903","0.916667"
"1530885903","2128343678","3.25"
"2128343678","1530885903","3.25"
"1530885903","2133108681","0.25"
"2133108681","1530885903","0.25"
"2112558645","2128343678","0.5"
"2128343678","2112558645","0.5"
"2112558645","2133108681","0.45"
"2133108681","2112558645","0.45"
"2128343678","2133108681","0.25"
"2133108681","2128343678","0.25"
"1498352890","2136230992","0.25"
"2136230992","1498352890","0.25"
"2110723042","2112558645","1.58333"
"2112558645","2110723042","1.58333"
"2110723042","2128343678","0.25"
"2128343678","2110723042","0.25"
"2110723042","2136230992","5.16667"
"2136230992","2110723042","5.16667"
"2112558645","2136230992","7.11667"
"2136230992","2112558645","7.11667"
"2128343678","2136230992","0.25"
"2136230992","2128343678","0.25"
"1498352890","2099705801","0.166667"
"2099705801","1498352890","0.166667"
"1498352890","2113548992","0.166667"
"2113548992","1498352890","0.166667"
"1498352890","2117227762","0.166667"
"2117227762","1498352890","0.166667"
"1498352890","2126834265","1.16667"
"2126834265","1498352890","1.16667"
"1498352890","2170694668","0.166667"
"2170694668","1498352890","0.166667"
"1968451194","2099705801","0.166667"
"2099705801","1968451194","0.166667"
"1968451194","2113548992","0.166667"
"2113548992","1968451194","0.166667"
"1968451194","2117227762","0.166667"
"2117227762","1968451194","0.166667"
"1968451194","2126834265","1.41667"
"2126834265","1968451194","1.41667"
"1968451194","2170694668","0.166667"
"2170694668","1968451194","0.166667"
"2099705801","2113548992","0.166667"
"2113548992","2099705801","0.166667"
"2099705801","2117227762","0.166667"
"2117227762","2099705801","0.166667"
"2099705801","2126834265","0.5"
"2126834265","2099705801","0.5"
"2099705801","2170694668","0.166667"
"2170694668","2099705801","0.166667"
"2113548992","2117227762","3.53333"
"2117227762","2113548992","3.53333"
"2113548992","2126834265","2.67619"
"2126834265","2113548992","2.67619"
"2113548992","2170694668","0.583333"
"2170694668","2113548992","0.583333"
"2117227762","2126834265","3.01667"
"2126834265","2117227762","3.01667"
"2117227762","2170694668","0.583333"
"2170694668","2117227762","0.583333"
"2126834265","2170694668","3.08333"
"2170694668","2126834265","3.08333"
"1498352890","2111923861","0.5"
"2111923861","1498352890","0.5"
"2111923861","2126834265","3.72619"
"2126834265","2111923861","3.72619"
"1530885903","2126834265","4.33333"
"2126834265","1530885903","4.33333"
"1498352890","2038280457","0.333333"
"2038280457","1498352890","0.333333"
"1498352890","2153772697","0.833333"
"2153772697","1498352890","0.833333"
"2038280457","2110723042","0.333333"
"2110723042","2038280457","0.333333"
"2038280457","2153772697","0.333333"
"2153772697","2038280457","0.333333"
"2110723042","2153772697","0.833333"
"2153772697","2110723042","0.833333"
"2128343678","2153772697","0.5"
"2153772697","2128343678","0.5"
"1530885903","2136230992","3.41667"
"2136230992","1530885903","3.41667"
"2126834265","2136230992","14.7833"
"2136230992","2126834265","14.7833"
"1530885903","2111923861","0.916667"
"2111923861","1530885903","0.916667"
"2111923861","2112558645","1.91667"
"2112558645","2111923861","1.91667"
"2112558645","2126834265","1.87619"
"2126834265","2112558645","1.87619"
"1530885903","2125571188","0.333333"
"2125571188","1530885903","0.333333"
"2112558645","2125571188","10.3667"
"2125571188","2112558645","10.3667"
"2125571188","2136230992","0.866667"
"2136230992","2125571188","0.866667"
"1530885903","2117227762","0.583333"
"2117227762","1530885903","0.583333"
"2110723042","2111923861","0.25"
"2111923861","2110723042","0.25"
"2110723042","2117227762","0.25"
"2117227762","2110723042","0.25"
"2111923861","2117227762","0.916667"
"2117227762","2111923861","0.916667"
"2111923861","2136230992","1.91667"
"2136230992","2111923861","1.91667"
"2117227762","2136230992","4.7"
"2136230992","2117227762","4.7"
"1530885903","2044626695","0.333333"
"2044626695","1530885903","0.333333"
"2044626695","2126834265","0.333333"
"2126834265","2044626695","0.333333"
"2044626695","2136230992","0.333333"
"2136230992","2044626695","0.333333"
"1530885903","2001123253","0.333333"
"2001123253","1530885903","0.333333"
"2001123253","2110723042","0.333333"
"2110723042","2001123253","0.333333"
"2001123253","2136230992","0.333333"
"2136230992","2001123253","0.333333"
"1530885903","1993970793","0.5"
"1993970793","1530885903","0.5"
"1530885903","2153772697","0.5"
"2153772697","1530885903","0.5"
"1993970793","2153772697","0.5"
"2153772697","1993970793","0.5"
"1566283582","2111923861","0.333333"
"2111923861","1566283582","0.333333"
"1566283582","2112558645","0.333333"
"2112558645","1566283582","0.333333"
"1566283582","2117227762","0.333333"
"2117227762","1566283582","0.333333"
"2112558645","2117227762","0.533333"
"2117227762","2112558645","0.533333"
"1585800096","2112558645","0.2"
"2112558645","1585800096","0.2"
"1585800096","2117227762","0.2"
"2117227762","1585800096","0.2"
"1585800096","2125571188","0.2"
"2125571188","1585800096","0.2"
"1585800096","2126834265","0.2"
"2126834265","1585800096","0.2"
"1585800096","2136230992","0.2"
"2136230992","1585800096","0.2"
"2117227762","2125571188","0.4"
"2125571188","2117227762","0.4"
"2125571188","2126834265","0.2"
"2126834265","2125571188","0.2"
"1655956671","1656679015","0.816667"
"1656679015","1655956671","0.816667"
"1655956671","2024904693","0.509524"
"2024904693","1655956671","0.509524"
"1655956671","2075924051","0.509524"
"2075924051","1655956671","0.509524"
"1655956671","2115105080","0.166667"
"2115105080","1655956671","0.166667"
"1655956671","2148615889","0.309524"
"2148615889","1655956671","0.309524"
"1655956671","2312398278","6.69167"
"2312398278","1655956671","6.69167"
"1656679015","2024904693","1.2"
"2024904693","1656679015","1.2"
"1656679015","2075924051","0.7"
"2075924051","1656679015","0.7"
"1656679015","2115105080","0.166667"
"2115105080","1656679015","0.166667"
"1656679015","2148615889","0.333333"
"2148615889","1656679015","0.333333"
"1656679015","2312398278","15.3167"
"2312398278","1656679015","15.3167"
"2024904693","2075924051","6.20952"
"2075924051","2024904693","6.20952"
"2024904693","2115105080","0.166667"
"2115105080","2024904693","0.166667"
"2024904693","2148615889","1.55952"
"2148615889","2024904693","1.55952"
"2024904693","2312398278","0.733333"
"2312398278","2024904693","0.733333"
"2075924051","2115105080","2.16667"
"2115105080","2075924051","2.16667"
"2075924051","2148615889","1.78452"
"2148615889","2075924051","1.78452"
"2075924051","2312398278","1.04167"
"2312398278","2075924051","1.04167"
"2115105080","2148615889","0.5"
"2148615889","2115105080","0.5"
"2115105080","2312398278","0.166667"
"2312398278","2115105080","0.166667"
"2148615889","2312398278","0.641667"
"2312398278","2148615889","0.641667"
"1655956671","2038917214","0.142857"
"2038917214","1655956671","0.142857"
"1655956671","2042343780","0.142857"
"2042343780","1655956671","0.142857"
"1655956671","2109044768","0.142857"
"2109044768","1655956671","0.142857"
"1655956671","2344977062","1.14286"
"2344977062","1655956671","1.14286"
"2024904693","2038917214","1.05952"
"2038917214","2024904693","1.05952"
"2024904693","2042343780","0.72619"
"2042343780","2024904693","0.72619"
"2024904693","2109044768","0.642857"
"2109044768","2024904693","0.642857"
"2024904693","2344977062","0.392857"
"2344977062","2024904693","0.392857"
"2038917214","2042343780","2.02738"
"2042343780","2038917214","2.02738"
"2038917214","2075924051","1.57619"
"2075924051","2038917214","1.57619"
"2038917214","2109044768","0.878968"
"2109044768","2038917214","0.878968"
"2038917214","2148615889","2.48016"
"2148615889","2038917214","2.48016"
"2038917214","2344977062","0.617857"
"2344977062","2038917214","0.617857"
"2042343780","2075924051","0.85119"
"2075924051","2042343780","0.85119"
"2042343780","2109044768","0.434524"
"2109044768","2042343780","0.434524"
"2042343780","2148615889","1.61071"
"2148615889","2042343780","1.61071"
"2042343780","2344977062","1.01786"
"2344977062","2042343780","1.01786"
"2075924051","2109044768","1.26786"
"2109044768","2075924051","1.26786"
"2075924051","2344977062","0.617857"
"2344977062","2075924051","0.617857"
"2109044768","2148615889","3.79563"
"2148615889","2109044768","3.79563"
"2109044768","2344977062","0.267857"
"2344977062","2109044768","0.267857"
"2148615889","2344977062","1.20119"
"2344977062","2148615889","1.20119"
"1655956671","2498276117","2.44167"
"2498276117","1655956671","2.44167"
"1656679015","2498276117","0.983333"
"2498276117","1656679015","0.983333"
"2024904693","2498276117","0.4"
"2498276117","2024904693","0.4"
"2075924051","2498276117","0.775"
"2498276117","2075924051","0.775"
"2312398278","2498276117","4.00043"
"2498276117","2312398278","4.00043"
"1655956671","2599212561","8.65833"
"2599212561","1655956671","8.65833"
"1655956671","2774137886","0.666667"
"2774137886","1655956671","0.666667"
"2312398278","2599212561","6.85833"
"2599212561","2312398278","6.85833"
"2312398278","2774137886","1.53333"
"2774137886","2312398278","1.53333"
"2498276117","2599212561","2.325"
"2599212561","2498276117","2.325"
"2498276117","2774137886","0.416667"
"2774137886","2498276117","0.416667"
"2599212561","2774137886","0.616667"
"2774137886","2599212561","0.616667"
"1655956671","2767894374","4.15833"
"2767894374","1655956671","4.15833"
"1656679015","2599212561","1.03333"
"2599212561","1656679015","1.03333"
"1656679015","2767894374","2.2"
"2767894374","1656679015","2.2"
"2312398278","2767894374","4.19167"
"2767894374","2312398278","4.19167"
"2498276117","2767894374","0.908333"
"2767894374","2498276117","0.908333"
"2599212561","2767894374","3.44167"
"2767894374","2599212561","3.44167"
"1655956671","2111923861","1"
"2111923861","1655956671","1"
"1655956671","2075780741","0.25"
"2075780741","1655956671","0.25"
"1656679015","2075780741","1.58333"
"2075780741","1656679015","1.58333"
"2075780741","2312398278","0.25"
"2312398278","2075780741","0.25"
"2075780741","2498276117","0.25"
"2498276117","2075780741","0.25"
"1655956671","1978365593","0.125"
"1978365593","1655956671","0.125"
"1655956671","2604794021","0.125"
"2604794021","1655956671","0.125"
"1655956671","2727347990","0.125"
"2727347990","1655956671","0.125"
"1655956671","2793878264","0.125"
"2793878264","1655956671","0.125"
"1978365593","2312398278","0.392857"
"2312398278","1978365593","0.392857"
"1978365593","2498276117","0.25"
"2498276117","1978365593","0.25"
"1978365593","2599212561","0.125"
"2599212561","1978365593","0.125"
"1978365593","2604794021","0.267857"
"2604794021","1978365593","0.267857"
"1978365593","2727347990","0.125"
"2727347990","1978365593","0.125"
"1978365593","2767894374","0.125"
"2767894374","1978365593","0.125"
"1978365593","2793878264","0.267857"
"2793878264","1978365593","0.267857"
"2312398278","2604794021","0.267857"
"2604794021","2312398278","0.267857"
"2312398278","2727347990","0.291667"
"2727347990","2312398278","0.291667"
"2312398278","2793878264","0.434524"
"2793878264","2312398278","0.434524"
"2498276117","2604794021","0.125"
"2604794021","2498276117","0.125"
"2498276117","2727347990","0.291667"
"2727347990","2498276117","0.291667"
"2498276117","2793878264","0.125"
"2793878264","2498276117","0.125"
"2599212561","2604794021","0.125"
"2604794021","2599212561","0.125"
"2599212561","2727347990","0.125"
"2727347990","2599212561","0.125"
"2599212561","2793878264","0.125"
"2793878264","2599212561","0.125"
"2604794021","2727347990","0.236111"
"2727347990","2604794021","0.236111"
"2604794021","2767894374","0.125"
"2767894374","2604794021","0.125"
"2604794021","2793878264","0.378968"
"2793878264","2604794021","0.378968"
"2727347990","2767894374","0.291667"
"2767894374","2727347990","0.291667"
"2727347990","2793878264","0.236111"
"2793878264","2727347990","0.236111"
"2767894374","2793878264","0.125"
"2793878264","2767894374","0.125"
"1655956671","2239327973","0.5"
"2239327973","1655956671","0.5"
"1655956671","2407582512","0.5"
"2407582512","1655956671","0.5"
"2239327973","2407582512","1.63333"
"2407582512","2239327973","1.63333"
"1655956671","2612705982","0.166667"
"2612705982","1655956671","0.166667"
"2312398278","2612705982","0.309524"
"2612705982","2312398278","0.309524"
"2498276117","2612705982","0.166667"
"2612705982","2498276117","0.166667"
"2599212561","2612705982","0.166667"
"2612705982","2599212561","0.166667"
"2612705982","2767894374","0.366667"
"2767894374","2612705982","0.366667"
"2612705982","2774137886","0.166667"
"2774137886","2612705982","0.166667"
"2767894374","2774137886","4.11667"
"2774137886","2767894374","4.11667"
"1655956671","1989049987","0.25"
"1989049987","1655956671","0.25"
"1989049987","2312398278","1.39286"
"2312398278","1989049987","1.39286"
"1989049987","2767894374","0.583333"
"2767894374","1989049987","0.583333"
"1989049987","2774137886","0.25"
"2774137886","1989049987","0.25"
"1655956671","2082805143","2"
"2082805143","1655956671","2"
"1655956671","2884276923","1.5"
"2884276923","1655956671","1.5"
"1655956671","2955991060","1.5"
"2955991060","1655956671","1.5"
"1655956671","2724374034","1"
"2724374034","1655956671","1"
"2884276923","2955991060","1"
"2955991060","2884276923","1"
"1655956671","2799610300","0.333333"
"2799610300","1655956671","0.333333"
"2599212561","2799610300","0.533333"
"2799610300","2599212561","0.533333"
"2767894374","2799610300","1.73333"
"2799610300","2767894374","1.73333"
"2024904693","2075780741","0.333333"
"2075780741","2024904693","0.333333"
"2075780741","2075924051","0.333333"
"2075924051","2075780741","0.333333"
"1656679015","1987843766","0.333333"
"1987843766","1656679015","0.333333"
"1656679015","1989049987","1.83333"
"1989049987","1656679015","1.83333"
"1656679015","2038917214","1.33333"
"2038917214","1656679015","1.33333"
"1656679015","2047950174","0.333333"
"2047950174","1656679015","0.333333"
"1987843766","1989049987","0.166667"
"1989049987","1987843766","0.166667"
"1987843766","2024904693","0.333333"
"2024904693","1987843766","0.333333"
"1987843766","2038917214","0.533333"
"2038917214","1987843766","0.533333"
"1987843766","2047950174","1.53333"
"2047950174","1987843766","1.53333"
"1987843766","2148615889","0.366667"
"2148615889","1987843766","0.366667"
"1989049987","2024904693","0.166667"
"2024904693","1989049987","0.166667"
"1989049987","2038917214","2.30952"
"2038917214","1989049987","2.30952"
"1989049987","2047950174","0.166667"
"2047950174","1989049987","0.166667"
"1989049987","2148615889","0.5"
"2148615889","1989049987","0.5"
"2024904693","2047950174","0.583333"
"2047950174","2024904693","0.583333"
"2038917214","2047950174","5.43611"
"2047950174","2038917214","5.43611"
"2047950174","2148615889","2.31111"
"2148615889","2047950174","2.31111"
"1656679015","1978365593","0.166667"
"1978365593","1656679015","0.166667"
"1656679015","2030503727","0.166667"
"2030503727","1656679015","0.166667"
"1978365593","1987843766","0.166667"
"1987843766","1978365593","0.166667"
"1978365593","2024904693","0.916667"
"2024904693","1978365593","0.916667"
"1978365593","2030503727","1.67619"
"2030503727","1978365593","1.67619"
"1978365593","2038917214","0.944048"
"2038917214","1978365593","0.944048"
"1978365593","2047950174","1.5"
"2047950174","1978365593","1.5"
"1987843766","2030503727","0.166667"
"2030503727","1987843766","0.166667"
"2024904693","2030503727","0.416667"
"2030503727","2024904693","0.416667"
"2030503727","2038917214","0.67619"
"2038917214","2030503727","0.67619"
"2030503727","2047950174","0.291667"
"2047950174","2030503727","0.291667"
"1656679015","2065935256","0.333333"
"2065935256","1656679015","0.333333"
"1656679015","2096003418","0.333333"
"2096003418","1656679015","0.333333"
"2038917214","2065935256","1.5"
"2065935256","2038917214","1.5"
"2038917214","2096003418","0.333333"
"2096003418","2038917214","0.333333"
"2065935256","2096003418","0.333333"
"2096003418","2065935256","0.333333"
"1656679015","2109044768","0.333333"
"2109044768","1656679015","0.333333"
"1989049987","2109044768","0.333333"
"2109044768","1989049987","0.333333"
"1656679015","2509454591","0.333333"
"2509454591","1656679015","0.333333"
"1989049987","2509454591","0.333333"
"2509454591","1989049987","0.333333"
"2038917214","2509454591","0.433333"
"2509454591","2038917214","0.433333"
"1656679015","2774137886","0.666667"
"2774137886","1656679015","0.666667"
"1656679015","2793878264","0.166667"
"2793878264","1656679015","0.166667"
"1656679015","2799610300","0.166667"
"2799610300","1656679015","0.166667"
"1656679015","2918988529","0.166667"
"2918988529","1656679015","0.166667"
"2024904693","2774137886","0.166667"
"2774137886","2024904693","0.166667"
"2024904693","2793878264","0.166667"
"2793878264","2024904693","0.166667"
"2024904693","2799610300","0.166667"
"2799610300","2024904693","0.166667"
"2024904693","2918988529","0.166667"
"2918988529","2024904693","0.166667"
"2312398278","2799610300","0.509524"
"2799610300","2312398278","0.509524"
"2312398278","2918988529","0.166667"
"2918988529","2312398278","0.166667"
"2774137886","2793878264","0.166667"
"2793878264","2774137886","0.166667"
"2774137886","2799610300","0.366667"
"2799610300","2774137886","0.366667"
"2774137886","2918988529","0.166667"
"2918988529","2774137886","0.166667"
"2793878264","2799610300","0.420635"
"2799610300","2793878264","0.420635"
"2793878264","2918988529","0.166667"
"2918988529","2793878264","0.166667"
"2799610300","2918988529","0.166667"
"2918988529","2799610300","0.166667"
"1656679015","2570487166","1"
"2570487166","1656679015","1"
"1659144702","2096003418","1"
"2096003418","1659144702","1"
"169513433","2075924051","0.533333"
"2075924051","169513433","0.533333"
"169513433","2076594491","0.533333"
"2076594491","169513433","0.533333"
"169513433","2100911759","0.333333"
"2100911759","169513433","0.333333"
"2075924051","2076594491","2.31667"
"2076594491","2075924051","2.31667"
"2075924051","2100911759","1.13333"
"2100911759","2075924051","1.13333"
"2076594491","2100911759","0.533333"
"2100911759","2076594491","0.533333"
"169513433","2239327973","0.2"
"2239327973","169513433","0.2"
"169513433","2407582512","0.2"
"2407582512","169513433","0.2"
"169513433","2509454591","0.2"
"2509454591","169513433","0.2"
"2075924051","2239327973","1.13333"
"2239327973","2075924051","1.13333"
"2075924051","2407582512","0.8"
"2407582512","2075924051","0.8"
"2075924051","2509454591","1.38333"
"2509454591","2075924051","1.38333"
"2076594491","2239327973","0.2"
"2239327973","2076594491","0.2"
"2076594491","2407582512","0.7"
"2407582512","2076594491","0.7"
"2076594491","2509454591","0.2"
"2509454591","2076594491","0.2"
"2239327973","2509454591","2.3"
"2509454591","2239327973","2.3"
"2407582512","2509454591","1.8"
"2509454591","2407582512","1.8"
"1964872032","1987843766","0.9"
"1987843766","1964872032","0.9"
"1964872032","2112558645","0.7"
"2112558645","1964872032","0.7"
"1987843766","2112558645","2.7"
"2112558645","1987843766","2.7"
"1964872032","2084503069","0.542857"
"2084503069","1964872032","0.542857"
"1964872032","2115105080","0.45"
"2115105080","1964872032","0.45"
"1964872032","2133108681","0.542857"
"2133108681","1964872032","0.542857"
"1964872032","66783427","1.37619"
"66783427","1964872032","1.37619"
"1987843766","2084503069","0.4"
"2084503069","1987843766","0.4"
"1987843766","2115105080","0.2"
"2115105080","1987843766","0.2"
"1987843766","2133108681","0.4"
"2133108681","1987843766","0.4"
"1987843766","66783427","0.4"
"66783427","1987843766","0.4"
"2084503069","2115105080","0.2"
"2115105080","2084503069","0.2"
"2084503069","2133108681","2.37619"
"2133108681","2084503069","2.37619"
"2084503069","66783427","1.39286"
"66783427","2084503069","1.39286"
"2115105080","2133108681","0.7"
"2133108681","2115105080","0.7"
"2115105080","66783427","0.2"
"66783427","2115105080","0.2"
"2133108681","66783427","0.542857"
"66783427","2133108681","0.542857"
"2084503069","2112558645","0.2"
"2112558645","2084503069","0.2"
"2112558645","66783427","0.2"
"66783427","2112558645","0.2"
"1964872032","2040577374","3.25952"
"2040577374","1964872032","3.25952"
"1964872032","1980015727","2.09286"
"1980015727","1964872032","2.09286"
"1964872032","2147699889","0.47619"
"2147699889","1964872032","0.47619"
"1980015727","2147699889","6.15119"
"2147699889","1980015727","6.15119"
"1980015727","66783427","2.57619"
"66783427","1980015727","2.57619"
"2147699889","66783427","2.07619"
"66783427","2147699889","2.07619"
"1964872032","2465098971","0.342857"
"2465098971","1964872032","0.342857"
"1980015727","2040577374","6.71829"
"2040577374","1980015727","6.71829"
"1980015727","2084503069","0.442857"
"2084503069","1980015727","0.442857"
"1980015727","2133108681","0.142857"
"2133108681","1980015727","0.142857"
"1980015727","2465098971","7.85119"
"2465098971","1980015727","7.85119"
"2040577374","2084503069","0.70119"
"2084503069","2040577374","0.70119"
"2040577374","2133108681","1.97619"
"2133108681","2040577374","1.97619"
"2040577374","2147699889","2.24286"
"2147699889","2040577374","2.24286"
"2040577374","2465098971","1.5123"
"2465098971","2040577374","1.5123"
"2040577374","66783427","0.242857"
"66783427","2040577374","0.242857"
"2084503069","2147699889","2.45119"
"2147699889","2084503069","2.45119"
"2084503069","2465098971","0.942857"
"2465098971","2084503069","0.942857"
"2133108681","2147699889","1.00952"
"2147699889","2133108681","1.00952"
"2133108681","2465098971","0.142857"
"2465098971","2133108681","0.142857"
"2147699889","2465098971","3.86786"
"2465098971","2147699889","3.86786"
"2465098971","66783427","2.07619"
"66783427","2465098971","2.07619"
"1964872032","1992984518","0.5"
"1992984518","1964872032","0.5"
"1992984518","66783427","0.5"
"66783427","1992984518","0.5"
"1964872032","2095632607","0.25"
"2095632607","1964872032","0.25"
"1964872032","2560766692","0.5"
"2560766692","1964872032","0.5"
"2040577374","2095632607","0.25"
"2095632607","2040577374","0.25"
"2040577374","2115105080","1.79167"
"2115105080","2040577374","1.79167"
"2040577374","2560766692","2.41667"
"2560766692","2040577374","2.41667"
"2095632607","2115105080","4.08333"
"2115105080","2095632607","4.08333"
"2095632607","2560766692","0.25"
"2560766692","2095632607","0.25"
"2115105080","2560766692","0.25"
"2560766692","2115105080","0.25"
"1964872032","2082805143","0.616667"
"2082805143","1964872032","0.616667"
"1964872032","2530359946","0.866667"
"2530359946","1964872032","0.866667"
"1980015727","2082805143","4.6921"
"2082805143","1980015727","4.6921"
"1980015727","2530359946","3.48333"
"2530359946","1980015727","3.48333"
"2040577374","2082805143","11.7838"
"2082805143","2040577374","11.7838"
"2040577374","2530359946","5.03333"
"2530359946","2040577374","5.03333"
"2082805143","2465098971","0.758333"
"2465098971","2082805143","0.758333"
"2082805143","2530359946","2.15"
"2530359946","2082805143","2.15"
"2465098971","2530359946","0.7"
"2530359946","2465098971","0.7"
"1964872032","2789057414","0.166667"
"2789057414","1964872032","0.166667"
"1964872032","2884826257","0.166667"
"2884826257","1964872032","0.166667"
"1980015727","2789057414","1.25"
"2789057414","1980015727","1.25"
"1980015727","2884826257","0.166667"
"2884826257","1980015727","0.166667"
"2040577374","2789057414","0.75"
"2789057414","2040577374","0.75"
"2040577374","2884826257","1.16667"
"2884826257","2040577374","1.16667"
"2082805143","2789057414","0.666667"
"2789057414","2082805143","0.666667"
"2082805143","2884826257","0.166667"
"2884826257","2082805143","0.166667"
"2530359946","2789057414","0.833333"
"2789057414","2530359946","0.833333"
"2530359946","2884826257","2.16667"
"2884826257","2530359946","2.16667"
"2789057414","2884826257","0.166667"
"2884826257","2789057414","0.166667"
"2082805143","2560766692","0.25"
"2560766692","2082805143","0.25"
"2530359946","2560766692","0.583333"
"2560766692","2530359946","0.583333"
"1964872032","2108017975","0.25"
"2108017975","1964872032","0.25"
"1980015727","2108017975","0.783766"
"2108017975","1980015727","0.783766"
"2040577374","2108017975","1.20877"
"2108017975","2040577374","1.20877"
"2108017975","2530359946","0.583333"
"2530359946","2108017975","0.583333"
"1968451194","2053352009","0.75"
"2053352009","1968451194","0.75"
"2053352009","2112558645","1.09286"
"2112558645","2053352009","1.09286"
"1968451194","2136230992","3.5"
"2136230992","1968451194","3.5"
"1968451194","2153772697","0.5"
"2153772697","1968451194","0.5"
"2136230992","2153772697","1"
"2153772697","2136230992","1"
"1968451194","2099287547","0.25"
"2099287547","1968451194","0.25"
"1968451194","2151489688","0.25"
"2151489688","1968451194","0.25"
"2053352009","2099287547","5.25952"
"2099287547","2053352009","5.25952"
"2053352009","2126834265","12.8762"
"2126834265","2053352009","12.8762"
"2053352009","2151489688","5.04286"
"2151489688","2053352009","5.04286"
"2099287547","2126834265","6.41349"
"2126834265","2099287547","6.41349"
"2099287547","2151489688","4.94286"
"2151489688","2099287547","4.94286"
"2126834265","2151489688","4.02619"
"2151489688","2126834265","4.02619"
"1968451194","2058928127","1"
"2058928127","1968451194","1"
"1968451194","2125571188","2.5"
"2125571188","1968451194","2.5"
"1968451194","2344977062","1"
"2344977062","1968451194","1"
"1968451194","2417608402","1"
"2417608402","1968451194","1"
"2344977062","2417608402","1.58333"
"2417608402","2344977062","1.58333"
"1970066601","1982475183","3.16667"
"1982475183","1970066601","3.16667"
"1970066601","2169381585","1.16667"
"2169381585","1970066601","1.16667"
"1982475183","2169381585","2.66667"
"2169381585","1982475183","2.66667"
"1970066601","2109073716","1"
"2109073716","1970066601","1"
"1970066601","2095264893","0.666667"
"2095264893","1970066601","0.666667"
"1982475183","2095264893","2.16667"
"2095264893","1982475183","2.16667"
"2095264893","2169381585","1.16667"
"2169381585","2095264893","1.16667"
"1973396373","2001123253","0.142857"
"2001123253","1973396373","0.142857"
"1973396373","2099287547","0.142857"
"2099287547","1973396373","0.142857"
"1973396373","2111923861","0.142857"
"2111923861","1973396373","0.142857"
"1973396373","2113548992","0.142857"
"2113548992","1973396373","0.142857"
"1973396373","2115105080","1.80952"
"2115105080","1973396373","1.80952"
"1973396373","2126834265","0.142857"
"2126834265","1973396373","0.142857"
"1973396373","2145962622","0.142857"
"2145962622","1973396373","0.142857"
"2001123253","2099287547","1.98016"
"2099287547","2001123253","1.98016"
"2001123253","2111923861","1.64286"
"2111923861","2001123253","1.64286"
"2001123253","2113548992","0.47619"
"2113548992","2001123253","0.47619"
"2001123253","2115105080","0.142857"
"2115105080","2001123253","0.142857"
"2001123253","2126834265","2.64683"
"2126834265","2001123253","2.64683"
"2001123253","2145962622","0.47619"
"2145962622","2001123253","0.47619"
"2099287547","2111923861","0.642857"
"2111923861","2099287547","0.642857"
"2099287547","2113548992","1.79286"
"2113548992","2099287547","1.79286"
"2099287547","2115105080","0.392857"
"2115105080","2099287547","0.392857"
"2099287547","2145962622","3.54286"
"2145962622","2099287547","3.54286"
"2111923861","2113548992","0.142857"
"2113548992","2111923861","0.142857"
"2111923861","2115105080","0.142857"
"2115105080","2111923861","0.142857"
"2111923861","2145962622","0.142857"
"2145962622","2111923861","0.142857"
"2113548992","2115105080","0.392857"
"2115105080","2113548992","0.392857"
"2113548992","2145962622","1.72619"
"2145962622","2113548992","1.72619"
"2115105080","2126834265","0.392857"
"2126834265","2115105080","0.392857"
"2115105080","2145962622","0.142857"
"2145962622","2115105080","0.142857"
"2126834265","2145962622","2.29286"
"2145962622","2126834265","2.29286"
"1973396373","2076594491","1.83333"
"2076594491","1973396373","1.83333"
"1973396373","2082805143","1.98377"
"2082805143","1973396373","1.98377"
"2076594491","2082805143","0.5"
"2082805143","2076594491","0.5"
"1973396373","2167381349","2.16667"
"2167381349","1973396373","2.16667"
"1973396373","2123916114","0.25"
"2123916114","1973396373","0.25"
"1973396373","2125571188","0.25"
"2125571188","1973396373","0.25"
"1973396373","2141422241","0.25"
"2141422241","1973396373","0.25"
"1973396373","2164641534","0.25"
"2164641534","1973396373","0.25"
"2123916114","2125571188","0.25"
"2125571188","2123916114","0.25"
"2123916114","2141422241","2.45"
"2141422241","2123916114","2.45"
"2123916114","2164641534","0.45"
"2164641534","2123916114","0.45"
"2125571188","2141422241","0.25"
"2141422241","2125571188","0.25"
"2125571188","2164641534","0.25"
"2164641534","2125571188","0.25"
"2141422241","2164641534","0.45"
"2164641534","2141422241","0.45"
"1973396373","1973644552","0.257576"
"1973644552","1973396373","0.257576"
"1973396373","1981537308","0.166667"
"1981537308","1973396373","0.166667"
"1973396373","2040577374","2.90043"
"2040577374","1973396373","2.90043"
"1973396373","2147699889","0.666667"
"2147699889","1973396373","0.666667"
"1973644552","1981537308","1.26667"
"1981537308","1973644552","1.26667"
"1973644552","2040577374","1.34369"
"2040577374","1973644552","1.34369"
"1973644552","2115105080","0.291667"
"2115105080","1973644552","0.291667"
"1973644552","2147699889","3.89167"
"2147699889","1973644552","3.89167"
"1973644552","2167381349","2.625"
"2167381349","1973644552","2.625"
"1981537308","2040577374","0.391667"
"2040577374","1981537308","0.391667"
"1981537308","2115105080","0.166667"
"2115105080","1981537308","0.166667"
"1981537308","2147699889","2.175"
"2147699889","1981537308","2.175"
"1981537308","2167381349","1.325"
"2167381349","1981537308","1.325"
"2040577374","2167381349","2.36667"
"2167381349","2040577374","2.36667"
"2115105080","2147699889","0.291667"
"2147699889","2115105080","0.291667"
"2115105080","2167381349","0.541667"
"2167381349","2115105080","0.541667"
"2147699889","2167381349","3.7"
"2167381349","2147699889","3.7"
"1973396373","2108017975","0.5671"
"2108017975","1973396373","0.5671"
"1973396373","2133108681","0.666667"
"2133108681","1973396373","0.666667"
"1973396373","2150161432","0.424242"
"2150161432","1973396373","0.424242"
"2108017975","2133108681","0.333333"
"2133108681","2108017975","0.333333"
"2108017975","2150161432","0.6921"
"2150161432","2108017975","0.6921"
"2133108681","2150161432","0.458333"
"2150161432","2133108681","0.458333"
"1973396373","2075924051","0.583333"
"2075924051","1973396373","0.583333"
"2075924051","2133108681","0.558333"
"2133108681","2075924051","0.558333"
"2076594491","2133108681","0.333333"
"2133108681","2076594491","0.333333"
"1973396373","2095632607","0.5"
"2095632607","1973396373","0.5"
"1973396373","1980015727","0.233766"
"1980015727","1973396373","0.233766"
"1973396373","2312398278","0.233766"
"2312398278","1973396373","0.233766"
"1973396373","2400994325","0.233766"
"2400994325","1973396373","0.233766"
"1973396373","2498276117","0.233766"
"2498276117","1973396373","0.233766"
"1980015727","2312398278","0.233766"
"2312398278","1980015727","0.233766"
"1980015727","2400994325","1.8171"
"2400994325","1980015727","1.8171"
"1980015727","2498276117","0.233766"
"2498276117","1980015727","0.233766"
"2040577374","2312398278","0.233766"
"2312398278","2040577374","0.233766"
"2040577374","2400994325","0.733766"
"2400994325","2040577374","0.733766"
"2040577374","2498276117","0.233766"
"2498276117","2040577374","0.233766"
"2082805143","2108017975","1.10162"
"2108017975","2082805143","1.10162"
"2082805143","2312398278","0.233766"
"2312398278","2082805143","0.233766"
"2082805143","2400994325","0.233766"
"2400994325","2082805143","0.233766"
"2082805143","2498276117","0.233766"
"2498276117","2082805143","0.233766"
"2108017975","2312398278","0.233766"
"2312398278","2108017975","0.233766"
"2108017975","2400994325","0.233766"
"2400994325","2108017975","0.233766"
"2108017975","2498276117","0.233766"
"2498276117","2108017975","0.233766"
"2312398278","2400994325","0.233766"
"2400994325","2312398278","0.233766"
"2400994325","2498276117","0.233766"
"2498276117","2400994325","0.233766"
"1973396373","2417608402","0.0909091"
"2417608402","1973396373","0.0909091"
"1973396373","2517817194","0.0909091"
"2517817194","1973396373","0.0909091"
"1973644552","1980015727","4.51591"
"1980015727","1973644552","4.51591"
"1973644552","2082805143","0.565909"
"2082805143","1973644552","0.565909"
"1973644552","2108017975","1.39091"
"2108017975","1973644552","1.39091"
"1973644552","2150161432","0.0909091"
"2150161432","1973644552","0.0909091"
"1973644552","2312398278","0.0909091"
"2312398278","1973644552","0.0909091"
"1973644552","2400994325","0.840909"
"2400994325","1973644552","0.840909"
"1973644552","2417608402","0.0909091"
"2417608402","1973644552","0.0909091"
"1973644552","2498276117","0.0909091"
"2498276117","1973644552","0.0909091"
"1973644552","2517817194","0.0909091"
"2517817194","1973644552","0.0909091"
"1980015727","2150161432","0.0909091"
"2150161432","1980015727","0.0909091"
"1980015727","2417608402","0.0909091"
"2417608402","1980015727","0.0909091"
"1980015727","2517817194","0.0909091"
"2517817194","1980015727","0.0909091"
"2040577374","2150161432","1.09091"
"2150161432","2040577374","1.09091"
"2040577374","2417608402","0.0909091"
"2417608402","2040577374","0.0909091"
"2040577374","2517817194","1.09091"
"2517817194","2040577374","1.09091"
"2082805143","2150161432","0.233766"
"2150161432","2082805143","0.233766"
"2082805143","2417608402","0.0909091"
"2417608402","2082805143","0.0909091"
"2082805143","2517817194","0.0909091"
"2517817194","2082805143","0.0909091"
"2108017975","2417608402","0.215909"
"2417608402","2108017975","0.215909"
"2108017975","2517817194","0.757576"
"2517817194","2108017975","0.757576"
"2150161432","2312398278","0.665909"
"2312398278","2150161432","0.665909"
"2150161432","2400994325","0.0909091"
"2400994325","2150161432","0.0909091"
"2150161432","2417608402","6.48535"
"2417608402","2150161432","6.48535"
"2150161432","2498276117","0.665909"
"2498276117","2150161432","0.665909"
"2150161432","2517817194","0.0909091"
"2517817194","2150161432","0.0909091"
"2312398278","2417608402","0.832576"
"2417608402","2312398278","0.832576"
"2312398278","2517817194","1.09091"
"2517817194","2312398278","1.09091"
"2400994325","2417608402","0.0909091"
"2417608402","2400994325","0.0909091"
"2400994325","2517817194","0.590909"
"2517817194","2400994325","0.590909"
"2417608402","2498276117","0.832576"
"2498276117","2417608402","0.832576"
"2417608402","2517817194","0.924242"
"2517817194","2417608402","0.924242"
"2498276117","2517817194","0.0909091"
"2517817194","2498276117","0.0909091"
"1973396373","2604794021","0.25"
"2604794021","1973396373","0.25"
"1973396373","2738381526","0.25"
"2738381526","1973396373","0.25"
"2075924051","2082805143","0.25"
"2082805143","2075924051","0.25"
"2075924051","2604794021","0.583333"
"2604794021","2075924051","0.583333"
"2075924051","2738381526","3.41667"
"2738381526","2075924051","3.41667"
"2082805143","2604794021","0.25"
"2604794021","2082805143","0.25"
"2082805143","2738381526","0.25"
"2738381526","2082805143","0.25"
"2604794021","2738381526","0.916667"
"2738381526","2604794021","0.916667"
"2082805143","2147699889","0.8"
"2147699889","2082805143","0.8"
"2082805143","2167381349","1"
"2167381349","2082805143","1"
"1980015727","2167381349","1.875"
"2167381349","1980015727","1.875"
"1973644552","2084503069","4.3"
"2084503069","1973644552","4.3"
"1973644552","66783427","2.18333"
"66783427","1973644552","2.18333"
"1981537308","2084503069","1.55833"
"2084503069","1981537308","1.55833"
"1981537308","66783427","0.35"
"66783427","1981537308","0.35"
"2084503069","2167381349","0.708333"
"2167381349","2084503069","0.708333"
"2167381349","66783427","2.08333"
"66783427","2167381349","2.08333"
"1973644552","2125571188","0.5"
"2125571188","1973644552","0.5"
"1981537308","2125571188","1.15833"
"2125571188","1981537308","1.15833"
"2084503069","2125571188","0.708333"
"2125571188","2084503069","0.708333"
"2125571188","2147699889","2.85833"
"2147699889","2125571188","2.85833"
"1973644552","2136230992","0.25"
"2136230992","1973644552","0.25"
"1980015727","2136230992","0.25"
"2136230992","1980015727","0.25"
"2136230992","2167381349","0.25"
"2167381349","2136230992","0.25"
"2136230992","66783427","0.25"
"66783427","2136230992","0.25"
"1973644552","2248392824","0.736111"
"2248392824","1973644552","0.736111"
"2248392824","2400994325","2"
"2400994325","2248392824","2"
"1973644552","2109987725","0.35"
"2109987725","1973644552","0.35"
"1973644552","2465098971","5.11944"
"2465098971","1973644552","5.11944"
"1980015727","1981537308","0.766667"
"1981537308","1980015727","0.766667"
"1980015727","2109987725","1.68333"
"2109987725","1980015727","1.68333"
"1981537308","2082805143","0.225"
"2082805143","1981537308","0.225"
"1981537308","2108017975","0.225"
"2108017975","1981537308","0.225"
"1981537308","2109987725","0.1"
"2109987725","1981537308","0.1"
"1981537308","2465098971","2.43333"
"2465098971","1981537308","2.43333"
"2040577374","2109987725","0.1"
"2109987725","2040577374","0.1"
"2082805143","2084503069","0.225"
"2084503069","2082805143","0.225"
"2082805143","2109987725","0.1"
"2109987725","2082805143","0.1"
"2082805143","66783427","0.1"
"66783427","2082805143","0.1"
"2084503069","2108017975","0.425"
"2108017975","2084503069","0.425"
"2084503069","2109987725","0.1"
"2109987725","2084503069","0.1"
"2108017975","2109987725","0.1"
"2109987725","2108017975","0.1"
"2108017975","2147699889","0.225"
"2147699889","2108017975","0.225"
"2108017975","2465098971","0.3"
"2465098971","2108017975","0.3"
"2108017975","66783427","0.1"
"66783427","2108017975","0.1"
"2109987725","2147699889","0.433333"
"2147699889","2109987725","0.433333"
"2109987725","2465098971","0.433333"
"2465098971","2109987725","0.433333"
"2109987725","66783427","0.35"
"66783427","2109987725","0.35"
"2109987725","2167381349","1.25"
"2167381349","2109987725","1.25"
"1973644552","1992984518","1.11111"
"1992984518","1973644552","1.11111"
"1980015727","2115105080","0.125"
"2115105080","1980015727","0.125"
"1980015727","2248392824","0.325"
"2248392824","1980015727","0.325"
"2040577374","2248392824","0.236111"
"2248392824","2040577374","0.236111"
"2082805143","2115105080","0.125"
"2115105080","2082805143","0.125"
"2082805143","2248392824","0.325"
"2248392824","2082805143","0.325"
"2115105080","2248392824","0.125"
"2248392824","2115105080","0.125"
"2115105080","2465098971","0.125"
"2465098971","2115105080","0.125"
"2147699889","2248392824","0.325"
"2248392824","2147699889","0.325"
"2167381349","2248392824","0.125"
"2248392824","2167381349","0.125"
"2167381349","2465098971","2.45833"
"2465098971","2167381349","2.45833"
"2248392824","2465098971","0.236111"
"2465098971","2248392824","0.236111"
"1973644552","1999597953","0.111111"
"1999597953","1973644552","0.111111"
"1973644552","2001123253","0.111111"
"2001123253","1973644552","0.111111"
"1973644552","2099287547","0.111111"
"2099287547","1973644552","0.111111"
"1973644552","2126834265","0.111111"
"2126834265","1973644552","0.111111"
"1973644552","2467081328","0.111111"
"2467081328","1973644552","0.111111"
"1992984518","1999597953","0.503968"
"1999597953","1992984518","0.503968"
"1992984518","2001123253","0.503968"
"2001123253","1992984518","0.503968"
"1992984518","2040577374","0.111111"
"2040577374","1992984518","0.111111"
"1992984518","2099287547","0.753968"
"2099287547","1992984518","0.753968"
"1992984518","2126834265","0.703968"
