"1178420787","1413304420","0.7"
"1413304420","1178420787","0.7"
"1178420787","2070591515","0.333333"
"2070591515","1178420787","0.333333"
"1178420787","2100680119","0.190476"
"2100680119","1178420787","0.190476"
"1178420787","2134347040","0.357143"
"2134347040","1178420787","0.357143"
"1178420787","2142079217","4.12619"
"2142079217","1178420787","4.12619"
"1178420787","2160109021","0.924242"
"2160109021","1178420787","0.924242"
"1178420787","2160967540","3.38535"
"2160967540","1178420787","3.38535"
"1413304420","2070591515","0.190476"
"2070591515","1413304420","0.190476"
"1413304420","2100680119","0.190476"
"2100680119","1413304420","0.190476"
"1413304420","2134347040","0.690476"
"2134347040","1413304420","0.690476"
"1413304420","2142079217","2.42222"
"2142079217","1413304420","2.42222"
"1413304420","2160109021","0.555556"
"2160109021","1413304420","0.555556"
"1413304420","2160967540","1.20159"
"2160967540","1413304420","1.20159"
"2070591515","2100680119","2.15007"
"2100680119","2070591515","2.15007"
"2070591515","2134347040","0.448052"
"2134347040","2070591515","0.448052"
"2070591515","2142079217","0.626263"
"2142079217","2070591515","0.626263"
"2070591515","2160109021","0.650072"
"2160109021","2070591515","0.650072"
"2070591515","2160967540","0.626263"
"2160967540","2070591515","0.626263"
"2100680119","2134347040","1.78139"
"2134347040","2100680119","1.78139"
"2100680119","2142079217","3.68341"
"2142079217","2100680119","3.68341"
"2100680119","2160109021","0.683405"
"2160109021","2100680119","0.683405"
"2100680119","2160967540","0.683405"
"2160967540","2100680119","0.683405"
"2134347040","2142079217","3.64805"
"2142079217","2134347040","3.64805"
"2134347040","2160109021","1.69805"
"2160109021","2134347040","1.69805"
"2134347040","2160967540","2.14805"
"2160967540","2134347040","2.14805"
"2142079217","2160109021","3.79848"
"2160109021","2142079217","3.79848"
"2142079217","2160967540","18.2707"
"2160967540","2142079217","18.2707"
"2160109021","2160967540","4.13543"
"2160967540","2160109021","4.13543"
"1178420787","66923425","0.668254"
"66923425","1178420787","0.668254"
"1178420787","79843527","0.214286"
"79843527","1178420787","0.214286"
"1413304420","66923425","1.64603"
"66923425","1413304420","1.64603"
"1413304420","79843527","0.436508"
"79843527","1413304420","0.436508"
"2134347040","66923425","1.17186"
"66923425","2134347040","1.17186"
"2134347040","79843527","0.214286"
"79843527","2134347040","0.214286"
"2142079217","66923425","5.42229"
"66923425","2142079217","5.42229"
"2142079217","79843527","0.638528"
"79843527","2142079217","0.638528"
"2160967540","66923425","9.1461"
"66923425","2160967540","9.1461"
"2160967540","79843527","0.527417"
"79843527","2160967540","0.527417"
"66923425","79843527","0.738528"
"79843527","66923425","0.738528"
"1178420787","124909259","1.13853"
"124909259","1178420787","1.13853"
"1178420787","1797585579","1.05714"
"1797585579","1178420787","1.05714"
"1178420787","2143962534","1.5425"
"2143962534","1178420787","1.5425"
"1178420787","2522558969","0.899639"
"2522558969","1178420787","0.899639"
"1797585579","2142079217","1.62027"
"2142079217","1797585579","1.62027"
"1797585579","2143962534","1.82742"
"2143962534","1797585579","1.82742"
"1797585579","2160967540","1.00916"
"2160967540","1797585579","1.00916"
"1797585579","2522558969","3.10873"
"2522558969","1797585579","3.10873"
"2142079217","2143962534","5.03896"
"2143962534","2142079217","5.03896"
"2142079217","2522558969","1.7254"
"2522558969","2142079217","1.7254"
"2143962534","2160967540","4.23701"
"2160967540","2143962534","4.23701"
"2143962534","2522558969","2.92742"
"2522558969","2143962534","2.92742"
"2160967540","2522558969","4.14964"
"2522558969","2160967540","4.14964"
"1178420787","2296466349","0.290909"
"2296466349","1178420787","0.290909"
"1178420787","2524370299","2.05714"
"2524370299","1178420787","2.05714"
"1413304420","2296466349","0.2"
"2296466349","1413304420","0.2"
"1413304420","2524370299","0.664286"
"2524370299","1413304420","0.664286"
"2160967540","2296466349","1.37424"
"2296466349","2160967540","1.37424"
"2160967540","2524370299","0.807143"
"2524370299","2160967540","0.807143"
"2296466349","2524370299","0.45"
"2524370299","2296466349","0.45"
"2296466349","66923425","1.2"
"66923425","2296466349","1.2"
"2524370299","66923425","0.414286"
"66923425","2524370299","0.414286"
"1178420787","1827565655","0.592857"
"1827565655","1178420787","0.592857"
"1178420787","2165939876","0.392857"
"2165939876","1178420787","0.392857"
"1413304420","1827565655","0.142857"
"1827565655","1413304420","0.142857"
"1413304420","2143962534","0.862698"
"2143962534","1413304420","0.862698"
"1413304420","2165939876","0.142857"
"2165939876","1413304420","0.142857"
"1827565655","2142079217","0.592857"
"2142079217","1827565655","0.592857"
"1827565655","2143962534","0.609524"
"2143962534","1827565655","0.609524"
"1827565655","2160109021","0.392857"
"2160109021","1827565655","0.392857"
"1827565655","2165939876","0.142857"
"2165939876","1827565655","0.142857"
"1827565655","66923425","0.242857"
"66923425","1827565655","0.242857"
"2142079217","2165939876","0.392857"
"2165939876","2142079217","0.392857"
"2143962534","2160109021","1.49654"
"2160109021","2143962534","1.49654"
"2143962534","2165939876","0.142857"
"2165939876","2143962534","0.142857"
"2143962534","66923425","2.26674"
"66923425","2143962534","2.26674"
"2160109021","2165939876","0.72619"
"2165939876","2160109021","0.72619"
"2160109021","66923425","3.40563"
"66923425","2160109021","3.40563"
"2165939876","66923425","0.142857"
"66923425","2165939876","0.142857"
"1178420787","17314131","0.249639"
"17314131","1178420787","0.249639"
"1178420787","2129170980","0.249639"
"2129170980","1178420787","0.249639"
"1178420787","2191840305","0.138528"
"2191840305","1178420787","0.138528"
"1178420787","2435913858","0.305195"
"2435913858","1178420787","0.305195"
"1178420787","2524694828","0.249639"
"2524694828","1178420787","0.249639"
"124909259","17314131","0.229437"
"17314131","124909259","0.229437"
"124909259","2129170980","0.229437"
"2129170980","124909259","0.229437"
"124909259","2143962534","0.562771"
"2143962534","124909259","0.562771"
"124909259","2160109021","1.81277"
"2160109021","124909259","1.81277"
"124909259","2160967540","1.1461"
"2160967540","124909259","1.1461"
"124909259","2191840305","3.97186"
"2191840305","124909259","3.97186"
"124909259","2296466349","0.424242"
"2296466349","124909259","0.424242"
"124909259","2435913858","0.138528"
"2435913858","124909259","0.138528"
"124909259","2522558969","0.138528"
"2522558969","124909259","0.138528"
"124909259","2524694828","0.138528"
"2524694828","124909259","0.138528"
"17314131","2129170980","0.340548"
"2129170980","17314131","0.340548"
"17314131","2143962534","0.340548"
"2143962534","17314131","0.340548"
"17314131","2160109021","0.479437"
"2160109021","17314131","0.479437"
"17314131","2160967540","1.34055"
"2160967540","17314131","1.34055"
"17314131","2191840305","0.138528"
"2191840305","17314131","0.138528"
"17314131","2296466349","0.0909091"
"2296466349","17314131","0.0909091"
"17314131","2435913858","1.13853"
"2435913858","17314131","1.13853"
"17314131","2522558969","0.499639"
"2522558969","17314131","0.499639"
"17314131","2524694828","0.249639"
"2524694828","17314131","0.249639"
"2129170980","2143962534","1.12035"
"2143962534","2129170980","1.12035"
"2129170980","2160109021","0.542569"
"2160109021","2129170980","0.542569"
"2129170980","2160967540","0.742569"
"2160967540","2129170980","0.742569"
"2129170980","2191840305","0.238528"
"2191840305","2129170980","0.238528"
"2129170980","2296466349","0.0909091"
"2296466349","2129170980","0.0909091"
"2129170980","2435913858","0.138528"
"2435913858","2129170980","0.138528"
"2129170980","2522558969","0.527417"
"2522558969","2129170980","0.527417"
"2129170980","2524694828","0.249639"
"2524694828","2129170980","0.249639"
"2143962534","2191840305","0.349639"
"2191840305","2143962534","0.349639"
"2143962534","2296466349","0.0909091"
"2296466349","2143962534","0.0909091"
"2143962534","2435913858","0.138528"
"2435913858","2143962534","0.138528"
"2143962534","2524694828","0.249639"
"2524694828","2143962534","0.249639"
"2160109021","2191840305","0.249639"
"2191840305","2160109021","0.249639"
"2160109021","2296466349","0.674242"
"2296466349","2160109021","0.674242"
"2160109021","2435913858","1.13853"
"2435913858","2160109021","1.13853"
"2160109021","2522558969","1.66631"
"2522558969","2160109021","1.66631"
"2160109021","2524694828","0.138528"
"2524694828","2160109021","0.138528"
"2160967540","2191840305","1.24964"
"2191840305","2160967540","1.24964"
"2160967540","2435913858","0.305195"
"2435913858","2160967540","0.305195"
"2160967540","2524694828","0.249639"
"2524694828","2160967540","0.249639"
"2191840305","2296466349","0.0909091"
"2296466349","2191840305","0.0909091"
"2191840305","2435913858","1.97186"
"2435913858","2191840305","1.97186"
"2191840305","2522558969","0.138528"
"2522558969","2191840305","0.138528"
"2191840305","2524694828","0.138528"
"2524694828","2191840305","0.138528"
"2296466349","2435913858","0.0909091"
"2435913858","2296466349","0.0909091"
"2296466349","2522558969","0.0909091"
"2522558969","2296466349","0.0909091"
"2296466349","2524694828","0.0909091"
"2524694828","2296466349","0.0909091"
"2435913858","2522558969","0.138528"
"2522558969","2435913858","0.138528"
"2435913858","2524694828","0.138528"
"2524694828","2435913858","0.138528"
"2522558969","2524694828","0.416306"
"2524694828","2522558969","0.416306"
"1827565655","2160967540","0.7"
"2160967540","1827565655","0.7"
"1827565655","2522558969","0.366667"
"2522558969","1827565655","0.366667"
"2160967540","2165939876","0.583333"
"2165939876","2160967540","0.583333"
"1178420787","1807096734","1.21429"
"1807096734","1178420787","1.21429"
"1178420787","2100000126","0.047619"
"2100000126","1178420787","0.047619"
"124909259","1413304420","0.047619"
"1413304420","124909259","0.047619"
"124909259","1797585579","0.047619"
"1797585579","124909259","0.047619"
"124909259","1807096734","0.138528"
"1807096734","124909259","0.138528"
"124909259","2070591515","0.138528"
"2070591515","124909259","0.138528"
"124909259","2100000126","0.047619"
"2100000126","124909259","0.047619"
"124909259","2100680119","0.388528"
"2100680119","124909259","0.388528"
"124909259","2134347040","0.047619"
"2134347040","124909259","0.047619"
"124909259","2142079217","1.72186"
"2142079217","124909259","1.72186"
"124909259","2524370299","0.047619"
"2524370299","124909259","0.047619"
"124909259","66923425","0.388528"
"66923425","124909259","0.388528"
"124909259","79843527","0.138528"
"79843527","124909259","0.138528"
"1413304420","17314131","0.047619"
"17314131","1413304420","0.047619"
"1413304420","1797585579","1.01984"
"1797585579","1413304420","1.01984"
"1413304420","1807096734","0.469841"
"1807096734","1413304420","0.469841"
"1413304420","2100000126","0.047619"
"2100000126","1413304420","0.047619"
"1413304420","2129170980","0.269841"
"2129170980","1413304420","0.269841"
"1413304420","2191840305","0.047619"
"2191840305","1413304420","0.047619"
"1413304420","2435913858","0.047619"
"2435913858","1413304420","0.047619"
"1413304420","2522558969","0.575397"
"2522558969","1413304420","0.575397"
"1413304420","2524694828","0.214286"
"2524694828","1413304420","0.214286"
"17314131","1797585579","0.297619"
"1797585579","17314131","0.297619"
"17314131","1807096734","0.138528"
"1807096734","17314131","0.138528"
"17314131","2070591515","0.471861"
"2070591515","17314131","0.471861"
"17314131","2100000126","0.047619"
"2100000126","17314131","0.047619"
"17314131","2100680119","0.471861"
"2100680119","17314131","0.471861"
"17314131","2134347040","0.047619"
"2134347040","17314131","0.047619"
"17314131","2142079217","0.388528"
"2142079217","17314131","0.388528"
"17314131","2524370299","0.047619"
"2524370299","17314131","0.047619"
"17314131","66923425","0.249639"
"66923425","17314131","0.249639"
"17314131","79843527","0.138528"
"79843527","17314131","0.138528"
"1797585579","1807096734","1.12742"
"1807096734","1797585579","1.12742"
"1797585579","2070591515","1.44805"
"2070591515","1797585579","1.44805"
"1797585579","2100000126","0.805195"
"2100000126","1797585579","0.805195"
"1797585579","2100680119","0.471861"
"2100680119","1797585579","0.471861"
"1797585579","2129170980","0.627417"
"2129170980","1797585579","0.627417"
"1797585579","2134347040","1.88853"
"2134347040","1797585579","1.88853"
"1797585579","2160109021","2.02742"
"2160109021","1797585579","2.02742"
"1797585579","2191840305","1.64762"
"2191840305","1797585579","1.64762"
"1797585579","2435913858","0.047619"
"2435913858","1797585579","0.047619"
"1797585579","2524370299","1.44048"
"2524370299","1797585579","1.44048"
"1797585579","2524694828","0.047619"
"2524694828","1797585579","0.047619"
"1797585579","66923425","0.96075"
"66923425","1797585579","0.96075"
"1797585579","79843527","1.36984"
"79843527","1797585579","1.36984"
"1807096734","2070591515","0.507215"
"2070591515","1807096734","0.507215"
"1807096734","2100000126","0.338528"
"2100000126","1807096734","0.338528"
"1807096734","2100680119","0.507215"
"2100680119","1807096734","0.507215"
"1807096734","2129170980","0.751659"
"2129170980","1807096734","0.751659"
"1807096734","2134347040","0.338528"
"2134347040","1807096734","0.338528"
"1807096734","2142079217","3.41277"
"2142079217","1807096734","3.41277"
"1807096734","2143962534","1.97944"
"2143962534","1807096734","1.97944"
"1807096734","2160109021","1.22944"
"2160109021","1807096734","1.22944"
"1807096734","2160967540","3.63499"
"2160967540","1807096734","3.63499"
"1807096734","2191840305","1.59206"
"2191840305","1807096734","1.59206"
"1807096734","2435913858","0.547619"
"2435913858","1807096734","0.547619"
"1807096734","2522558969","0.325397"
"2522558969","1807096734","0.325397"
"1807096734","2524370299","0.047619"
"2524370299","1807096734","0.047619"
"1807096734","2524694828","0.047619"
"2524694828","1807096734","0.047619"
"1807096734","66923425","1.51277"
"66923425","1807096734","1.51277"
"1807096734","79843527","0.571861"
"79843527","1807096734","0.571861"
"2070591515","2100000126","1.30519"
"2100000126","2070591515","1.30519"
"2070591515","2129170980","0.229437"
"2129170980","2070591515","0.229437"
"2070591515","2143962534","2.04055"
"2143962534","2070591515","2.04055"
"2070591515","2191840305","0.15873"
"2191840305","2070591515","0.15873"
"2070591515","2435913858","0.047619"
"2435913858","2070591515","0.047619"
"2070591515","2522558969","0.214286"
"2522558969","2070591515","0.214286"
"2070591515","2524370299","0.190476"
"2524370299","2070591515","0.190476"
"2070591515","2524694828","0.047619"
"2524694828","2070591515","0.047619"
"2070591515","66923425","0.340548"
"66923425","2070591515","0.340548"
"2070591515","79843527","0.249639"
"79843527","2070591515","0.249639"
"2100000126","2100680119","1.30519"
"2100680119","2100000126","1.30519"
"2100000126","2129170980","0.305195"
"2129170980","2100000126","0.305195"
"2100000126","2134347040","4.25519"
"2134347040","2100000126","4.25519"
"2100000126","2142079217","2.58853"
"2142079217","2100000126","2.58853"
"2100000126","2143962534","0.471861"
"2143962534","2100000126","0.471861"
"2100000126","2160109021","3.13853"
"2160109021","2100000126","3.13853"
"2100000126","2160967540","2.42186"
"2160967540","2100000126","2.42186"
"2100000126","2191840305","1.04762"
"2191840305","2100000126","1.04762"
"2100000126","2435913858","0.047619"
"2435913858","2100000126","0.047619"
"2100000126","2522558969","0.214286"
"2522558969","2100000126","0.214286"
"2100000126","2524370299","0.047619"
"2524370299","2100000126","0.047619"
"2100000126","2524694828","0.047619"
"2524694828","2100000126","0.047619"
"2100000126","66923425","0.921861"
"66923425","2100000126","0.921861"
"2100000126","79843527","0.047619"
"79843527","2100000126","0.047619"
"2100680119","2129170980","0.396104"
"2129170980","2100680119","0.396104"
"2100680119","2143962534","2.87388"
"2143962534","2100680119","2.87388"
"2100680119","2191840305","0.65873"
"2191840305","2100680119","0.65873"
"2100680119","2435913858","0.047619"
"2435913858","2100680119","0.047619"
"2100680119","2522558969","0.380952"
"2522558969","2100680119","0.380952"
"2100680119","2524370299","0.547619"
"2524370299","2100680119","0.547619"
"2100680119","2524694828","0.047619"
"2524694828","2100680119","0.047619"
"2100680119","66923425","0.540548"
"66923425","2100680119","0.540548"
"2100680119","79843527","0.249639"
"79843527","2100680119","0.249639"
"2129170980","2134347040","0.138528"
"2134347040","2129170980","0.138528"
"2129170980","2142079217","0.651659"
"2142079217","2129170980","0.651659"
"2129170980","2524370299","0.047619"
"2524370299","2129170980","0.047619"
"2129170980","66923425","0.862771"
"66923425","2129170980","0.862771"
"2129170980","79843527","0.46075"
"79843527","2129170980","0.46075"
"2134347040","2143962534","0.305195"
"2143962534","2134347040","0.305195"
"2134347040","2191840305","0.047619"
"2191840305","2134347040","0.047619"
"2134347040","2435913858","0.214286"
"2435913858","2134347040","0.214286"
"2134347040","2522558969","0.047619"
"2522558969","2134347040","0.047619"
"2134347040","2524370299","0.297619"
"2524370299","2134347040","0.297619"
"2134347040","2524694828","0.047619"
"2524694828","2134347040","0.047619"
"2142079217","2191840305","0.65873"
"2191840305","2142079217","0.65873"
"2142079217","2435913858","0.214286"
"2435913858","2142079217","0.214286"
"2142079217","2524370299","1.52381"
"2524370299","2142079217","1.52381"
"2142079217","2524694828","0.214286"
"2524694828","2142079217","0.214286"
"2143962534","2524370299","0.297619"
"2524370299","2143962534","0.297619"
"2143962534","79843527","0.571861"
"79843527","2143962534","0.571861"
"2160109021","2524370299","1.38095"
"2524370299","2160109021","1.38095"
"2160109021","79843527","0.471861"
"79843527","2160109021","0.471861"
"2191840305","2524370299","0.047619"
"2524370299","2191840305","0.047619"
"2191840305","66923425","1.25873"
"66923425","2191840305","1.25873"
"2191840305","79843527","0.75873"
"79843527","2191840305","0.75873"
"2435913858","2524370299","0.047619"
"2524370299","2435913858","0.047619"
"2435913858","66923425","0.047619"
"66923425","2435913858","0.047619"
"2435913858","79843527","0.047619"
"79843527","2435913858","0.047619"
"2522558969","2524370299","0.797619"
"2524370299","2522558969","0.797619"
"2522558969","66923425","0.436508"
"66923425","2522558969","0.436508"
"2522558969","79843527","0.65873"
"79843527","2522558969","0.65873"
"2524370299","2524694828","0.214286"
"2524694828","2524370299","0.214286"
"2524370299","79843527","0.047619"
"79843527","2524370299","0.047619"
"2524694828","66923425","0.325397"
"66923425","2524694828","0.325397"
"2524694828","79843527","0.047619"
"79843527","2524694828","0.047619"
"1178420787","1762201507","0.166667"
"1762201507","1178420787","0.166667"
"1178420787","2963417374","0.166667"
"2963417374","1178420787","0.166667"
"1762201507","1807096734","0.266667"
"1807096734","1762201507","0.266667"
"1762201507","2142079217","1.16667"
"2142079217","1762201507","1.16667"
"1762201507","2160967540","0.166667"
"2160967540","1762201507","0.166667"
"1762201507","2435913858","0.166667"
"2435913858","1762201507","0.166667"
"1762201507","2963417374","0.166667"
"2963417374","1762201507","0.166667"
"1807096734","2963417374","0.166667"
"2963417374","1807096734","0.166667"
"2142079217","2963417374","0.166667"
"2963417374","2142079217","0.166667"
"2160967540","2963417374","0.166667"
"2963417374","2160967540","0.166667"
"2435913858","2963417374","0.166667"
"2963417374","2435913858","0.166667"
"1797585579","1827565655","2.01667"
"1827565655","1797585579","2.01667"
"1178420787","2775561574","0.920635"
"2775561574","1178420787","0.920635"
"2524370299","2775561574","1.72619"
"2775561574","2524370299","1.72619"
"1178420787","2588660802","0.111111"
"2588660802","1178420787","0.111111"
"17314131","2588660802","0.111111"
"2588660802","17314131","0.111111"
"17314131","2775561574","0.111111"
"2775561574","17314131","0.111111"
"2129170980","2588660802","0.111111"
"2588660802","2129170980","0.111111"
"2129170980","2775561574","0.111111"
"2775561574","2129170980","0.111111"
"2143962534","2588660802","0.111111"
"2588660802","2143962534","0.111111"
"2143962534","2775561574","0.111111"
"2775561574","2143962534","0.111111"
"2160967540","2588660802","0.111111"
"2588660802","2160967540","0.111111"
"2160967540","2775561574","0.670635"
"2775561574","2160967540","0.670635"
"2522558969","2588660802","0.111111"
"2588660802","2522558969","0.111111"
"2522558969","2775561574","0.277778"
"2775561574","2522558969","0.277778"
"2524694828","2588660802","0.111111"
"2588660802","2524694828","0.111111"
"2524694828","2775561574","0.277778"
"2775561574","2524694828","0.277778"
"2588660802","2775561574","0.111111"
"2775561574","2588660802","0.111111"
"2588660802","66923425","0.111111"
"66923425","2588660802","0.111111"
"2775561574","66923425","0.277778"
"66923425","2775561574","0.277778"
"1178420787","2794425870","0.309524"
"2794425870","1178420787","0.309524"
"1797585579","2775561574","0.809524"
"2775561574","1797585579","0.809524"
"1797585579","2794425870","1.55952"
"2794425870","1797585579","1.55952"
"2070591515","2775561574","0.142857"
"2775561574","2070591515","0.142857"
"2070591515","2794425870","0.142857"
"2794425870","2070591515","0.142857"
"2142079217","2775561574","0.47619"
"2775561574","2142079217","0.47619"
"2142079217","2794425870","0.309524"
"2794425870","2142079217","0.309524"
"2160967540","2794425870","0.559524"
"2794425870","2160967540","0.559524"
"2524370299","2794425870","0.309524"
"2794425870","2524370299","0.309524"
"2775561574","2794425870","0.309524"
"2794425870","2775561574","0.309524"
"124909259","2963107557","0.833333"
"2963107557","124909259","0.833333"
"2191840305","2963107557","1.83333"
"2963107557","2191840305","1.83333"
"124909259","1846981065","0.333333"
"1846981065","124909259","0.333333"
"1846981065","2191840305","0.433333"
"2191840305","1846981065","0.433333"
"1846981065","2963107557","1.66667"
"2963107557","1846981065","1.66667"
"124909259","1762201507","0.25"
"1762201507","124909259","0.25"
"124909259","2109499854","0.25"
"2109499854","124909259","0.25"
"124909259","2514376410","0.25"
"2514376410","124909259","0.25"
"1762201507","2100680119","0.25"
"2100680119","1762201507","0.25"
"1762201507","2109499854","0.25"
"2109499854","1762201507","0.25"
"1762201507","2514376410","1.25"
"2514376410","1762201507","1.25"
"2100680119","2109499854","11.75"
"2109499854","2100680119","11.75"
"2100680119","2514376410","0.25"
"2514376410","2100680119","0.25"
"2109499854","2514376410","0.25"
"2514376410","2109499854","0.25"
"1413304420","2775561574","0.166667"
"2775561574","1413304420","0.166667"
"17314131","2011527410","1"
"2011527410","17314131","1"
"17314131","2109499854","0.333333"
"2109499854","17314131","0.333333"
"2070591515","2109499854","0.666667"
"2109499854","2070591515","0.666667"
"1762201507","1846981065","2.1"
"1846981065","1762201507","2.1"
"1762201507","658159538","1.5"
"658159538","1762201507","1.5"
"1846981065","658159538","7.33333"
"658159538","1846981065","7.33333"
"1762201507","1797585579","0.1"
"1797585579","1762201507","0.1"
"1762201507","1827565655","0.1"
"1827565655","1762201507","0.1"
"1762201507","2129170980","0.1"
"2129170980","1762201507","0.1"
"1762201507","2143962534","0.1"
"2143962534","1762201507","0.1"
"1762201507","2191840305","0.1"
"2191840305","1762201507","0.1"
"1762201507","2963928259","0.1"
"2963928259","1762201507","0.1"
"1762201507","66923425","0.1"
"66923425","1762201507","0.1"
"1762201507","79843527","0.1"
"79843527","1762201507","0.1"
"1797585579","1846981065","0.1"
"1846981065","1797585579","0.1"
"1797585579","2963928259","0.1"
"2963928259","1797585579","0.1"
"1807096734","1827565655","1.1"
"1827565655","1807096734","1.1"
"1807096734","1846981065","0.1"
"1846981065","1807096734","0.1"
"1807096734","2963928259","0.1"
"2963928259","1807096734","0.1"
"1827565655","1846981065","0.1"
"1846981065","1827565655","0.1"
"1827565655","2129170980","0.266667"
"2129170980","1827565655","0.266667"
"1827565655","2191840305","0.1"
"2191840305","1827565655","0.1"
"1827565655","2963928259","0.266667"
"2963928259","1827565655","0.266667"
"1827565655","79843527","0.1"
"79843527","1827565655","0.1"
"1846981065","2129170980","0.1"
"2129170980","1846981065","0.1"
"1846981065","2143962534","2.8"
"2143962534","1846981065","2.8"
"1846981065","2963928259","13.7"
"2963928259","1846981065","13.7"
"1846981065","66923425","0.1"
"66923425","1846981065","0.1"
"1846981065","79843527","0.1"
"79843527","1846981065","0.1"
"2129170980","2963928259","0.1"
"2963928259","2129170980","0.1"
"2143962534","2963928259","1.13333"
"2963928259","2143962534","1.13333"
"2191840305","2963928259","0.1"
"2963928259","2191840305","0.1"
"2963928259","66923425","0.1"
"66923425","2963928259","0.1"
"2963928259","79843527","0.1"
"79843527","2963928259","0.1"
"1762201507","2524370299","0.5"
"2524370299","1762201507","0.5"
"1846981065","2524370299","0.5"
"2524370299","1846981065","0.5"
"1827565655","2100000126","0.166667"
"2100000126","1827565655","0.166667"
"1827565655","2100680119","2.16667"
"2100680119","1827565655","2.16667"
"1797585579","2109499854","1.16667"
"2109499854","1797585579","1.16667"
"1797585579","2899627975","0.25"
"2899627975","1797585579","0.25"
"2134347040","2794425870","0.25"
"2794425870","2134347040","0.25"
"2134347040","2899627975","0.25"
"2899627975","2134347040","0.25"
"2160967540","2899627975","0.25"
"2899627975","2160967540","0.25"
"2794425870","2899627975","0.25"
"2899627975","2794425870","0.25"
"1807096734","2109499854","0.166667"
"2109499854","1807096734","0.166667"
"2109499854","2143962534","0.333333"
"2143962534","2109499854","0.333333"
"2109499854","2522558969","0.166667"
"2522558969","2109499854","0.166667"
"1807096734","2165939876","0.666667"
"2165939876","1807096734","0.666667"
"2165939876","2191840305","1.33333"
"2191840305","2165939876","1.33333"
"2165939876","2435913858","1.33333"
"2435913858","2165939876","1.33333"
"1807096734","2963107557","1.33333"
"2963107557","1807096734","1.33333"
"1807096734","2572827727","0.333333"
"2572827727","1807096734","0.333333"
"1807096734","2899627975","0.333333"
"2899627975","1807096734","0.333333"
"2572827727","2899627975","1.66667"
"2899627975","2572827727","1.66667"
"2572827727","2963107557","1.83333"
"2963107557","2572827727","1.83333"
"2899627975","2963107557","0.333333"
"2963107557","2899627975","0.333333"
"1827565655","2109499854","1.16667"
"2109499854","1827565655","1.16667"
"1827565655","2120327813","0.166667"
"2120327813","1827565655","0.166667"
"1827565655","2134347040","1.16667"
"2134347040","1827565655","1.16667"
"1827565655","2435913858","0.166667"
"2435913858","1827565655","0.166667"
"1827565655","2912763210","0.166667"
"2912763210","1827565655","0.166667"
"2109499854","2120327813","2.66667"
"2120327813","2109499854","2.66667"
"2109499854","2134347040","1.83333"
"2134347040","2109499854","1.83333"
"2109499854","2435913858","0.666667"
"2435913858","2109499854","0.666667"
"2109499854","2912763210","0.166667"
"2912763210","2109499854","0.166667"
"2109499854","2963928259","0.366667"
"2963928259","2109499854","0.366667"
"2120327813","2134347040","0.166667"
"2134347040","2120327813","0.166667"
"2120327813","2435913858","0.166667"
"2435913858","2120327813","0.166667"
"2120327813","2912763210","0.166667"
"2912763210","2120327813","0.166667"
"2120327813","2963928259","0.166667"
"2963928259","2120327813","0.166667"
"2134347040","2912763210","0.166667"
"2912763210","2134347040","0.166667"
"2134347040","2963928259","0.166667"
"2963928259","2134347040","0.166667"
"2435913858","2912763210","0.166667"
"2912763210","2435913858","0.166667"
"2435913858","2963928259","0.166667"
"2963928259","2435913858","0.166667"
"2912763210","2963928259","0.166667"
"2963928259","2912763210","0.166667"
"1846981065","2120327813","3.5"
"2120327813","1846981065","3.5"
"1846981065","2100680119","6.66667"
"2100680119","1846981065","6.66667"
"2100680119","2120327813","9.33333"
"2120327813","2100680119","9.33333"
"1846981065","2134347040","2"
"2134347040","1846981065","2"
"1846981065","2070591515","1.36667"
"2070591515","1846981065","1.36667"
"1846981065","2557821253","6.26667"
"2557821253","1846981065","6.26667"
"2557821253","2963928259","7.26667"
"2963928259","2557821253","7.26667"
"1846981065","2461424641","9.76667"
"2461424641","1846981065","9.76667"
"2461424641","658159538","0.833333"
"658159538","2461424641","0.833333"
"2461424641","2557821253","2.1"
"2557821253","2461424641","2.1"
"1846981065","2256437690","3.4"
"2256437690","1846981065","3.4"
"1846981065","2160967540","0.333333"
"2160967540","1846981065","0.333333"
"2160967540","2461424641","0.333333"
"2461424641","2160967540","0.333333"
"2160967540","2963928259","0.333333"
"2963928259","2160967540","0.333333"
"2461424641","2963928259","3.6"
"2963928259","2461424641","3.6"
"1846981065","2100000126","1.33333"
"2100000126","1846981065","1.33333"
"1846981065","2737745668","2.03333"
"2737745668","1846981065","2.03333"
"2256437690","2461424641","0.9"
"2461424641","2256437690","0.9"
"2256437690","2557821253","0.566667"
"2557821253","2256437690","0.566667"
"2256437690","2737745668","0.2"
"2737745668","2256437690","0.2"
"2256437690","2963928259","1.06667"
"2963928259","2256437690","1.06667"
"2461424641","2737745668","1.03333"
"2737745668","2461424641","1.03333"
"2557821253","2737745668","0.2"
"2737745668","2557821253","0.2"
"2737745668","2963928259","2.03333"
"2963928259","2737745668","2.03333"
"2070591515","2963928259","0.7"
"2963928259","2070591515","0.7"
"1846981065","2142079217","0.333333"
"2142079217","1846981065","0.333333"
"2142079217","2461424641","0.333333"
"2461424641","2142079217","0.333333"
"2142079217","2963928259","1.33333"
"2963928259","2142079217","1.33333"
"1846981065","2572827727","0.833333"
"2572827727","1846981065","0.833333"
"2256437690","658159538","0.333333"
"658159538","2256437690","0.333333"
"2143962534","2557821253","0.7"
"2557821253","2143962534","0.7"
"1846981065","2109499854","1.03333"
"2109499854","1846981065","1.03333"
"2109499854","2461424641","1.03333"
"2461424641","2109499854","1.03333"
"1846981065","2899627975","0.333333"
"2899627975","1846981065","0.333333"
"2100000126","2572827727","0.583333"
"2572827727","2100000126","0.583333"
"2100000126","2899627975","0.333333"
"2899627975","2100000126","0.333333"
"1846981065","2522558969","1"
"2522558969","1846981065","1"
"2070591515","2461424641","0.366667"
"2461424641","2070591515","0.366667"
"2070591515","2557821253","0.366667"
"2557821253","2070591515","0.366667"
"2143962534","2461424641","0.366667"
"2461424641","2143962534","0.366667"
"2100680119","2963928259","0.5"
"2963928259","2100680119","0.5"
"2109499854","2256437690","0.2"
"2256437690","2109499854","0.2"
"2109499854","2557821253","0.2"
"2557821253","2109499854","0.2"
"1846981065","2771484234","1.83333"
"2771484234","1846981065","1.83333"
"2771484234","2963928259","2.33333"
"2963928259","2771484234","2.33333"
"2143962534","2963107557","0.5"
"2963107557","2143962534","0.5"
"2557821253","2771484234","0.333333"
"2771484234","2557821253","0.333333"
"2070591515","2256437690","0.166667"
"2256437690","2070591515","0.166667"
"2143962534","2256437690","0.166667"
"2256437690","2143962534","0.166667"
"2109499854","2963107557","0.333333"
"2963107557","2109499854","0.333333"
"2461424641","2963107557","0.333333"
"2963107557","2461424641","0.333333"
"1846981065","2613062404","0.5"
"2613062404","1846981065","0.5"
"2143962534","2613062404","0.5"
"2613062404","2143962534","0.5"
"1894693142","2100680119","1"
"2100680119","1894693142","1"
"2011527410","2165939876","3"
"2165939876","2011527410","3"
"2011527410","2137985491","1"
"2137985491","2011527410","1"
"2011527410","2435913858","2"
"2435913858","2011527410","2"
"2070591515","2120327813","0.5"
"2120327813","2070591515","0.5"
"2070591515","2162153078","0.166667"
"2162153078","2070591515","0.166667"
"2100000126","2109499854","0.166667"
"2109499854","2100000126","0.166667"
"2100000126","2162153078","0.666667"
"2162153078","2100000126","0.666667"
"2109499854","2160109021","0.166667"
"2160109021","2109499854","0.166667"
"2109499854","2162153078","1.66667"
"2162153078","2109499854","1.66667"
"2134347040","2162153078","0.166667"
"2162153078","2134347040","0.166667"
"2143962534","2162153078","0.5"
"2162153078","2143962534","0.5"
"2160109021","2162153078","0.166667"
"2162153078","2160109021","0.166667"
"2160967540","2162153078","1"
"2162153078","2160967540","1"
"2100000126","2296466349","0.25"
"2296466349","2100000126","0.25"
"2134347040","2296466349","0.5"
"2296466349","2134347040","0.5"
"2134347040","2572827727","0.25"
"2572827727","2134347040","0.25"
"2160109021","2572827727","0.25"
"2572827727","2160109021","0.25"
"2296466349","2572827727","0.25"
"2572827727","2296466349","0.25"
"2100000126","2625295382","1"
"2625295382","2100000126","1"
"2100000126","2964196641","1"
"2964196641","2100000126","1"
"2100680119","2162153078","1.83333"
"2162153078","2100680119","1.83333"
"2120327813","2143962534","0.333333"
"2143962534","2120327813","0.333333"
"2120327813","2162153078","0.333333"
"2162153078","2120327813","0.333333"
"2109499854","2191840305","3.5"
"2191840305","2109499854","3.5"
"2120327813","2524370299","0.5"
"2524370299","2120327813","0.5"
"2109499854","2142079217","0.5"
"2142079217","2109499854","0.5"
"2109499854","2524370299","1"
"2524370299","2109499854","1"
"2109499854","2775561574","1"
"2775561574","2109499854","1"
"2134347040","2775561574","0.25"
"2775561574","2134347040","0.25"
"2296466349","2775561574","0.25"
"2775561574","2296466349","0.25"
"2134347040","2947701849","1"
"2947701849","2134347040","1"
"2142079217","2162153078","0.5"
"2162153078","2142079217","0.5"
"2142079217","2296466349","0.5"
"2296466349","2142079217","0.5"
"2142079217","2613062404","1"
"2613062404","2142079217","1"
"2160967540","2797908698","1"
"2797908698","2160967540","1"
"2191840305","2964196641","1"
"2964196641","2191840305","1"
"2256437690","2613062404","1"
"2613062404","2256437690","1"
"2256437690","2912763210","1"
"2912763210","2256437690","1"
"2510692861","658159538","1"
"658159538","2510692861","1"
"2514376410","2737745668","1"
"2737745668","2514376410","1"
"2522558969","2613062404","1"
"2613062404","2522558969","1"
"2572827727","2766566792","1"
"2766566792","2572827727","1"
"2588660802","2900096409","1"
"2900096409","2588660802","1"
"2588660802","2963107557","1"
"2963107557","2588660802","1"
"2625295382","2794856943","2"
"2794856943","2625295382","2"
"2737745668","2771484234","0.5"
"2771484234","2737745668","0.5"
"2771484234","2792338380","1"
"2792338380","2771484234","1"
"2775561574","2963107557","1"
"2963107557","2775561574","1"
"2792338380","2963928259","1"
"2963928259","2792338380","1"
"2963107557","2963928259","2"
"2963928259","2963107557","2"
"2963107557","79843527","1"
"79843527","2963107557","1"
"2963107557","2996696953","1"
"2996696953","2963107557","1"
