"1014725521","2000809552","0.5"
"2000809552","1014725521","0.5"
"1014725521","2110411158","0.5"
"2110411158","1014725521","0.5"
"2000809552","2110411158","2.33333"
"2110411158","2000809552","2.33333"
"102383941","2153508518","4"
"2153508518","102383941","4"
"102383941","1982124942","1.25"
"1982124942","102383941","1.25"
"102383941","2003684739","1.25"
"2003684739","102383941","1.25"
"102383941","2107254606","1"
"2107254606","102383941","1"
"102383941","2030530147","1"
"2030530147","102383941","1"
"102383941","2296045323","1"
"2296045323","102383941","1"
"102383941","1521736627","0.25"
"1521736627","102383941","0.25"
"102383941","2073545563","0.25"
"2073545563","102383941","0.25"
"1521736627","1982124942","1.52468"
"1982124942","1521736627","1.52468"
"1521736627","2003684739","10.3989"
"2003684739","1521736627","10.3989"
"1521736627","2073545563","27.5084"
"2073545563","1521736627","27.5084"
"1982124942","2003684739","2.16753"
"2003684739","1982124942","2.16753"
"1982124942","2073545563","3.66753"
"2073545563","1982124942","3.66753"
"2003684739","2073545563","48.3596"
"2073545563","2003684739","48.3596"
"1181317657","1565102206","2"
"1565102206","1181317657","2"
"149565845","2026147624","5.90476"
"2026147624","149565845","5.90476"
"149565845","2079567859","7.58333"
"2079567859","149565845","7.58333"
"149565845","2003684739","2.65476"
"2003684739","149565845","2.65476"
"149565845","2110411158","2.15476"
"2110411158","149565845","2.15476"
"2003684739","2110411158","11.0044"
"2110411158","2003684739","11.0044"
"149565845","2251214202","1.32143"
"2251214202","149565845","1.32143"
"149565845","2261544779","1.2381"
"2261544779","149565845","1.2381"
"149565845","2295127861","0.666667"
"2295127861","149565845","0.666667"
"2251214202","2261544779","0.821429"
"2261544779","2251214202","0.821429"
"2251214202","2295127861","6.04524"
"2295127861","2251214202","6.04524"
"2261544779","2295127861","0.666667"
"2295127861","2261544779","0.666667"
"149565845","2008138653","0.25"
"2008138653","149565845","0.25"
"149565845","2058788555","0.25"
"2058788555","149565845","0.25"
"2008138653","2058788555","0.25"
"2058788555","2008138653","0.25"
"2008138653","2079567859","0.5"
"2079567859","2008138653","0.5"
"2008138653","2251214202","0.25"
"2251214202","2008138653","0.25"
"2058788555","2079567859","0.25"
"2079567859","2058788555","0.25"
"2058788555","2251214202","0.25"
"2251214202","2058788555","0.25"
"2079567859","2251214202","0.25"
"2251214202","2079567859","0.25"
"149565845","2030530147","1.33333"
"2030530147","149565845","1.33333"
"149565845","2137242774","0.571429"
"2137242774","149565845","0.571429"
"2003684739","2137242774","26.8644"
"2137242774","2003684739","26.8644"
"149565845","1521736627","1.65476"
"1521736627","149565845","1.65476"
"149565845","1557940919","0.0714286"
"1557940919","149565845","0.0714286"
"149565845","1565102206","0.571429"
"1565102206","149565845","0.571429"
"149565845","1979101951","1.07143"
"1979101951","149565845","1.07143"
"149565845","2064290367","0.0714286"
"2064290367","149565845","0.0714286"
"149565845","2073545563","0.571429"
"2073545563","149565845","0.571429"
"149565845","2107254606","0.571429"
"2107254606","149565845","0.571429"
"149565845","2153508518","0.571429"
"2153508518","149565845","0.571429"
"1521736627","1557940919","1.44643"
"1557940919","1521736627","1.44643"
"1521736627","1565102206","8.38102"
"1565102206","1521736627","8.38102"
"1521736627","1979101951","4.06555"
"1979101951","1521736627","4.06555"
"1521736627","2026147624","1.40476"
"2026147624","1521736627","1.40476"
"1521736627","2064290367","0.488095"
"2064290367","1521736627","0.488095"
"1521736627","2107254606","7.84888"
"2107254606","1521736627","7.84888"
"1521736627","2110411158","7.21277"
"2110411158","1521736627","7.21277"
"1521736627","2137242774","3.54769"
"2137242774","1521736627","3.54769"
"1521736627","2153508518","1.78095"
"2153508518","1521736627","1.78095"
"1521736627","2251214202","16.414"
"2251214202","1521736627","16.414"
"1521736627","2261544779","0.404762"
"2261544779","1521736627","0.404762"
"1557940919","1565102206","0.488095"
"1565102206","1557940919","0.488095"
"1557940919","1979101951","0.196429"
"1979101951","1557940919","0.196429"
"1557940919","2003684739","1.44643"
"2003684739","1557940919","1.44643"
"1557940919","2026147624","0.0714286"
"2026147624","1557940919","0.0714286"
"1557940919","2064290367","0.0714286"
"2064290367","1557940919","0.0714286"
"1557940919","2073545563","2.94643"
"2073545563","1557940919","2.94643"
"1557940919","2107254606","1.1131"
"2107254606","1557940919","1.1131"
"1557940919","2110411158","0.321429"
"2110411158","1557940919","0.321429"
"1557940919","2137242774","1.32143"
"2137242774","1557940919","1.32143"
"1557940919","2153508518","0.0714286"
"2153508518","1557940919","0.0714286"
"1557940919","2251214202","0.446429"
"2251214202","1557940919","0.446429"
"1557940919","2261544779","0.0714286"
"2261544779","1557940919","0.0714286"
"1565102206","1979101951","1.27269"
"1979101951","1565102206","1.27269"
"1565102206","2003684739","4.53222"
"2003684739","1565102206","4.53222"
"1565102206","2026147624","0.154762"
"2026147624","1565102206","0.154762"
"1565102206","2064290367","0.154762"
"2064290367","1565102206","0.154762"
"1565102206","2073545563","8.43221"
"2073545563","1565102206","8.43221"
"1565102206","2107254606","5.69055"
"2107254606","1565102206","5.69055"
"1565102206","2110411158","5.46158"
"2110411158","1565102206","5.46158"
"1565102206","2137242774","2.63102"
"2137242774","1565102206","2.63102"
"1565102206","2153508518","0.154762"
"2153508518","1565102206","0.154762"
"1565102206","2251214202","4.03777"
"2251214202","1565102206","4.03777"
"1565102206","2261544779","1.57143"
"2261544779","1565102206","1.57143"
"1979101951","2003684739","1.50722"
"2003684739","1979101951","1.50722"
"1979101951","2026147624","0.154762"
"2026147624","1979101951","0.154762"
"1979101951","2064290367","0.154762"
"2064290367","1979101951","0.154762"
"1979101951","2073545563","3.41674"
"2073545563","1979101951","3.41674"
"1979101951","2107254606","2.66555"
"2107254606","1979101951","2.66555"
"1979101951","2110411158","1.44729"
"2110411158","1979101951","1.44729"
"1979101951","2137242774","0.697691"
"2137242774","1979101951","0.697691"
"1979101951","2153508518","0.604762"
"2153508518","1979101951","0.604762"
"1979101951","2251214202","11.9723"
"2251214202","1979101951","11.9723"
"1979101951","2261544779","0.154762"
"2261544779","1979101951","0.154762"
"2003684739","2026147624","1.10476"
"2026147624","2003684739","1.10476"
"2003684739","2064290367","0.688095"
"2064290367","2003684739","0.688095"
"2003684739","2107254606","7.06555"
"2107254606","2003684739","7.06555"
"2003684739","2153508518","1.19762"
"2153508518","2003684739","1.19762"
"2003684739","2251214202","9.11515"
"2251214202","2003684739","9.11515"
"2003684739","2261544779","0.821429"
"2261544779","2003684739","0.821429"
"2026147624","2064290367","0.154762"
"2064290367","2026147624","0.154762"
"2026147624","2073545563","2.10476"
"2073545563","2026147624","2.10476"
"2026147624","2107254606","0.154762"
"2107254606","2026147624","0.154762"
"2026147624","2110411158","0.771429"
"2110411158","2026147624","0.771429"
"2026147624","2137242774","2.60476"
"2137242774","2026147624","2.60476"
"2026147624","2153508518","0.154762"
"2153508518","2026147624","0.154762"
"2026147624","2251214202","0.154762"
"2251214202","2026147624","0.154762"
"2026147624","2261544779","2.65476"
"2261544779","2026147624","2.65476"
"2064290367","2073545563","1.1881"
"2073545563","2064290367","1.1881"
"2064290367","2107254606","0.154762"
"2107254606","2064290367","0.154762"
"2064290367","2110411158","0.404762"
"2110411158","2064290367","0.404762"
"2064290367","2137242774","1.1881"
"2137242774","2064290367","1.1881"
"2064290367","2153508518","0.154762"
"2153508518","2064290367","0.154762"
"2064290367","2251214202","0.488095"
"2251214202","2064290367","0.488095"
"2064290367","2261544779","0.154762"
"2261544779","2064290367","0.154762"
"2073545563","2107254606","12.4417"
"2107254606","2073545563","12.4417"
"2073545563","2110411158","20.1806"
"2110411158","2073545563","20.1806"
"2073545563","2137242774","28.3977"
"2137242774","2073545563","28.3977"
"2073545563","2153508518","11.0643"
"2153508518","2073545563","11.0643"
"2073545563","2251214202","16.2247"
"2251214202","2073545563","16.2247"
"2073545563","2261544779","0.654762"
"2261544779","2073545563","0.654762"
"2107254606","2110411158","3.3461"
"2110411158","2107254606","3.3461"
"2107254606","2137242774","4.58102"
"2137242774","2107254606","4.58102"
"2107254606","2153508518","0.688095"
"2153508518","2107254606","0.688095"
"2107254606","2251214202","5.68063"
"2251214202","2107254606","5.68063"
"2107254606","2261544779","0.154762"
"2261544779","2107254606","0.154762"
"2110411158","2137242774","4.56991"
"2137242774","2110411158","4.56991"
"2110411158","2153508518","2.07143"
"2153508518","2110411158","2.07143"
"2110411158","2251214202","5.44729"
"2251214202","2110411158","5.44729"
"2110411158","2261544779","4.15476"
"2261544779","2110411158","4.15476"
"2137242774","2153508518","0.488095"
"2153508518","2137242774","0.488095"
"2137242774","2251214202","4.23658"
"2251214202","2137242774","4.23658"
"2137242774","2261544779","0.154762"
"2261544779","2137242774","0.154762"
"2153508518","2251214202","1.48095"
"2251214202","2153508518","1.48095"
"2153508518","2261544779","0.154762"
"2261544779","2153508518","0.154762"
"2026147624","2030530147","0.333333"
"2030530147","2026147624","0.333333"
"2026147624","2079567859","0.333333"
"2079567859","2026147624","0.333333"
"2030530147","2079567859","0.333333"
"2079567859","2030530147","0.333333"
"149565845","1497523460","0.333333"
"1497523460","149565845","0.333333"
"149565845","2271831620","0.333333"
"2271831620","149565845","0.333333"
"1497523460","2251214202","2.87587"
"2251214202","1497523460","2.87587"
"1497523460","2271831620","0.333333"
"2271831620","1497523460","0.333333"
"2251214202","2271831620","1.38452"
"2271831620","2251214202","1.38452"
"149565845","2261248299","0.25"
"2261248299","149565845","0.25"
"1521736627","2261248299","0.25"
"2261248299","1521736627","0.25"
"2003684739","2261248299","0.25"
"2261248299","2003684739","0.25"
"2110411158","2261248299","0.25"
"2261248299","2110411158","0.25"
"149565845","2526076264","1"
"2526076264","149565845","1"
"1497523460","1565102206","13.983"
"1565102206","1497523460","13.983"
"1497523460","1521736627","5.79848"
"1521736627","1497523460","5.79848"
"1497523460","1979101951","0.899675"
"1979101951","1497523460","0.899675"
"1497523460","1982124942","0.574675"
"1982124942","1497523460","0.574675"
"1497523460","2003684739","4.09253"
"2003684739","1497523460","4.09253"
"1497523460","2073545563","8.7092"
"2073545563","1497523460","8.7092"
"1497523460","2107254606","1.57468"
"2107254606","1497523460","1.57468"
"1497523460","2110411158","2.11634"
"2110411158","1497523460","2.11634"
"1497523460","2119363954","1.78301"
"2119363954","1497523460","1.78301"
"1497523460","2137242774","0.431818"
"2137242774","1497523460","0.431818"
"1521736627","2119363954","0.76912"
"2119363954","1521736627","0.76912"
"1565102206","1982124942","0.824675"
"1982124942","1565102206","0.824675"
"1565102206","2119363954","0.417929"
"2119363954","1565102206","0.417929"
"1979101951","1982124942","0.681818"
"1982124942","1979101951","0.681818"
"1979101951","2119363954","0.703644"
"2119363954","1979101951","0.703644"
"1982124942","2107254606","1.07468"
"2107254606","1982124942","1.07468"
"1982124942","2110411158","1.68182"
"2110411158","1982124942","1.68182"
"1982124942","2119363954","0.431818"
"2119363954","1982124942","0.431818"
"1982124942","2137242774","0.681818"
"2137242774","1982124942","0.681818"
"1982124942","2251214202","1.41753"
"2251214202","1982124942","1.41753"
"2003684739","2119363954","0.560786"
"2119363954","2003684739","0.560786"
"2073545563","2119363954","1.28698"
"2119363954","2073545563","1.28698"
"2107254606","2119363954","0.685786"
"2119363954","2107254606","0.685786"
"2110411158","2119363954","0.592532"
"2119363954","2110411158","0.592532"
"2119363954","2137242774","0.542929"
"2137242774","2119363954","0.542929"
"2119363954","2251214202","1.59253"
"2251214202","2119363954","1.59253"
"1497523460","2000809552","0.75"
"2000809552","1497523460","0.75"
"1497523460","2139646386","0.5"
"2139646386","1497523460","0.5"
"1565102206","2000809552","1.75"
"2000809552","1565102206","1.75"
"1565102206","2139646386","0.25"
"2139646386","1565102206","0.25"
"2000809552","2139646386","0.25"
"2139646386","2000809552","0.25"
"2110411158","2139646386","4.22619"
"2139646386","2110411158","4.22619"
"1497523460","2295127861","0.660714"
"2295127861","1497523460","0.660714"
"1979101951","2295127861","4.05952"
"2295127861","1979101951","4.05952"
"2003684739","2295127861","0.878571"
"2295127861","2003684739","0.878571"
"2073545563","2295127861","1.12857"
"2295127861","2073545563","1.12857"
"2110411158","2295127861","0.267857"
"2295127861","2110411158","0.267857"
"2119363954","2295127861","0.267857"
"2295127861","2119363954","0.267857"
"1497523460","1557940919","0.5"
"1557940919","1497523460","0.5"
"1521736627","2295127861","1.26786"
"2295127861","1521736627","1.26786"
"1557940919","2295127861","0.375"
"2295127861","1557940919","0.375"
"1497523460","2261544779","0.666667"
"2261544779","1497523460","0.666667"
"1497523460","2526076264","0.333333"
"2526076264","1497523460","0.333333"
"1565102206","2526076264","1.33333"
"2526076264","1565102206","1.33333"
"2003684739","2526076264","1.33333"
"2526076264","2003684739","1.33333"
"1521736627","2000809552","1"
"2000809552","1521736627","1"
"1557940919","1982124942","0.5"
"1982124942","1557940919","0.5"
"1497523460","2433074751","0.25"
"2433074751","1497523460","0.25"
"2003684739","2139646386","1.25"
"2139646386","2003684739","1.25"
"2003684739","2433074751","0.25"
"2433074751","2003684739","0.25"
"2073545563","2139646386","2.30952"
"2139646386","2073545563","2.30952"
"2073545563","2433074751","0.25"
"2433074751","2073545563","0.25"
"2139646386","2433074751","0.25"
"2433074751","2139646386","0.25"
"1565102206","2295127861","0.267857"
"2295127861","1565102206","0.267857"
"1982124942","2295127861","0.285714"
"2295127861","1982124942","0.285714"
"2107254606","2295127861","0.267857"
"2295127861","2107254606","0.267857"
"1497523460","2057073157","0.833333"
"2057073157","1497523460","0.833333"
"1565102206","2057073157","4.66667"
"2057073157","1565102206","4.66667"
"2057073157","2110411158","0.333333"
"2110411158","2057073157","0.333333"
"1521736627","2092262612","2.69444"
"2092262612","1521736627","2.69444"
"2003684739","2092262612","5.47778"
"2092262612","2003684739","5.47778"
"2073545563","2092262612","2.47778"
"2092262612","2073545563","2.47778"
"1521736627","1563968750","3.11667"
"1563968750","1521736627","3.11667"
"1521736627","2139646386","2.30952"
"2139646386","1521736627","2.30952"
"1563968750","2073545563","3.78333"
"2073545563","1563968750","3.78333"
"1563968750","2139646386","0.25"
"2139646386","1563968750","0.25"
"1563968750","2251214202","1.78333"
"2251214202","1563968750","1.78333"
"2139646386","2251214202","1.47619"
"2251214202","2139646386","1.47619"
"1557940919","2139646386","0.25"
"2139646386","1557940919","0.25"
"2107254606","2139646386","0.642857"
"2139646386","2107254606","0.642857"
"2092262612","2137242774","2.14444"
"2137242774","2092262612","2.14444"
"1982124942","2153508518","0.342857"
"2153508518","1982124942","0.342857"
"1563968750","1979101951","0.7"
"1979101951","1563968750","0.7"
"1563968750","2110411158","0.2"
"2110411158","1563968750","0.2"
"1521736627","1999024497","1.58333"
"1999024497","1521736627","1.58333"
"1999024497","2003684739","4.11667"
"2003684739","1999024497","4.11667"
"1565102206","1999024497","0.0833333"
"1999024497","1565102206","0.0833333"
"1979101951","1999024497","0.416667"
"1999024497","1979101951","0.416667"
"1999024497","2026147624","0.283333"
"2026147624","1999024497","0.283333"
"1999024497","2064290367","0.0833333"
"2064290367","1999024497","0.0833333"
"1999024497","2073545563","0.616667"
"2073545563","1999024497","0.616667"
"1999024497","2107254606","0.0833333"
"2107254606","1999024497","0.0833333"
"1999024497","2137242774","0.283333"
"2137242774","1999024497","0.283333"
"1999024497","2153508518","0.0833333"
"2153508518","1999024497","0.0833333"
"1999024497","2251214202","0.0833333"
"2251214202","1999024497","0.0833333"
"1999024497","2261544779","0.0833333"
"2261544779","1999024497","0.0833333"
"1979101951","2139646386","0.392857"
"2139646386","1979101951","0.392857"
"2119363954","2139646386","0.142857"
"2139646386","2119363954","0.142857"
"1521736627","2040393854","1"
"2040393854","1521736627","1"
"1521736627","2271831620","1.37897"
"2271831620","1521736627","1.37897"
"1565102206","2092262612","0.444444"
"2092262612","1565102206","0.444444"
"1565102206","2271831620","0.111111"
"2271831620","1565102206","0.111111"
"1979101951","2092262612","0.111111"
"2092262612","1979101951","0.111111"
"1979101951","2271831620","0.736111"
"2271831620","1979101951","0.736111"
"2003684739","2271831620","0.578968"
"2271831620","2003684739","0.578968"
"2073545563","2271831620","1.82897"
"2271831620","2073545563","1.82897"
"2092262612","2107254606","0.444444"
"2107254606","2092262612","0.444444"
"2092262612","2119363954","0.111111"
"2119363954","2092262612","0.111111"
"2092262612","2271831620","0.111111"
"2271831620","2092262612","0.111111"
"2107254606","2271831620","0.486111"
"2271831620","2107254606","0.486111"
"2119363954","2271831620","0.111111"
"2271831620","2119363954","0.111111"
"2137242774","2271831620","0.361111"
"2271831620","2137242774","0.361111"
"2153508518","2295127861","0.592857"
"2295127861","2153508518","0.592857"
"1982124942","2271831620","0.642857"
"2271831620","1982124942","0.642857"
"2153508518","2271831620","0.342857"
"2271831620","2153508518","0.342857"
"2271831620","2295127861","1.05119"
"2295127861","2271831620","1.05119"
"1521736627","2296045323","0.166667"
"2296045323","1521736627","0.166667"
"2003684739","2296045323","0.166667"
"2296045323","2003684739","0.166667"
"2073545563","2296045323","0.166667"
"2296045323","2073545563","0.166667"
"2107254606","2296045323","0.166667"
"2296045323","2107254606","0.166667"
"2110411158","2296045323","0.166667"
"2296045323","2110411158","0.166667"
"2137242774","2296045323","0.166667"
"2296045323","2137242774","0.166667"
"1563968750","2107254606","0.333333"
"2107254606","1563968750","0.333333"
"1557940919","2271831620","0.125"
"2271831620","1557940919","0.125"
"1563968750","2003684739","0.333333"
"2003684739","1563968750","0.333333"
"1982124942","2261544779","0.25"
"2261544779","1982124942","0.25"
"1521736627","2057073157","0.333333"
"2057073157","1521736627","0.333333"
"2057073157","2251214202","0.333333"
"2251214202","2057073157","0.333333"
"1557940919","2092262612","0.166667"
"2092262612","1557940919","0.166667"
"1563968750","1982124942","1"
"1982124942","1563968750","1"
"1563968750","2271831620","0.5"
"2271831620","1563968750","0.5"
"1563968750","2153508518","1"
"2153508518","1563968750","1"
"1565102206","2950216427","0.333333"
"2950216427","1565102206","0.333333"
"2003684739","2950216427","0.333333"
"2950216427","2003684739","0.333333"
"2073545563","2950216427","0.333333"
"2950216427","2073545563","0.333333"
"2092262612","2950216427","0.166667"
"2950216427","2092262612","0.166667"
"2107254606","2950216427","0.333333"
"2950216427","2107254606","0.333333"
"2137242774","2950216427","0.333333"
"2950216427","2137242774","0.333333"
"2251214202","2950216427","0.166667"
"2950216427","2251214202","0.166667"
"2057073157","2073545563","0.5"
"2073545563","2057073157","0.5"
"1577500738","2079567859","1"
"2079567859","1577500738","1"
"1979101951","2433074751","0.916667"
"2433074751","1979101951","0.916667"
"2251214202","2433074751","2.25"
"2433074751","2251214202","2.25"
"2295127861","2433074751","1.25"
"2433074751","2295127861","1.25"
"2271831620","2433074751","0.583333"
"2433074751","2271831620","0.583333"
"1999024497","2110411158","0.7"
"2110411158","1999024497","0.7"
"1999024497","2079567859","1"
"2079567859","1999024497","1"
"1999024497","2139646386","0.5"
"2139646386","1999024497","0.5"
"2000809552","2008138653","1.58333"
"2008138653","2000809552","1.58333"
"2000809552","2079567859","0.25"
"2079567859","2000809552","0.25"
"2000809552","2107254606","0.25"
"2107254606","2000809552","0.25"
"2008138653","2107254606","0.25"
"2107254606","2008138653","0.25"
"2008138653","2110411158","0.583333"
"2110411158","2008138653","0.583333"
"2079567859","2107254606","0.25"
"2107254606","2079567859","0.25"
"2079567859","2110411158","0.25"
"2110411158","2079567859","0.25"
"2000809552","2261544779","0.333333"
"2261544779","2000809552","0.333333"
"2008138653","2261544779","0.333333"
"2261544779","2008138653","0.333333"
"2092262612","2110411158","2.25"
"2110411158","2092262612","2.25"
"2003684739","2040393854","0.2"
"2040393854","2003684739","0.2"
"2040393854","2064290367","0.2"
"2064290367","2040393854","0.2"
"2040393854","2073545563","0.2"
"2073545563","2040393854","0.2"
"2040393854","2092262612","0.2"
"2092262612","2040393854","0.2"
"2040393854","2137242774","0.2"
"2137242774","2040393854","0.2"
"2064290367","2092262612","0.2"
"2092262612","2064290367","0.2"
"2026147624","2952588774","0.5"
"2952588774","2026147624","0.5"
"2261544779","2952588774","0.5"
"2952588774","2261544779","0.5"
"2030530147","2251214202","1"
"2251214202","2030530147","1"
"2030530147","2153508518","2"
"2153508518","2030530147","2"
"2101654853","2110411158","1"
"2110411158","2101654853","1"
"2137242774","2139646386","0.5"
"2139646386","2137242774","0.5"
"2137242774","2295127861","0.5"
"2295127861","2137242774","0.5"
"2139646386","2295127861","2.5"
"2295127861","2139646386","2.5"
"2139646386","2261544779","5"
"2261544779","2139646386","5"
"2139646386","2153508518","1"
"2153508518","2139646386","1"
"2251214202","2296045323","1"
"2296045323","2251214202","1"
"2261248299","2526076264","3"
"2526076264","2261248299","3"
