"108921306","1555286071","1"
"1555286071","108921306","1"
"108921306","1980892230","6"
"1980892230","108921306","6"
"108921306","2145736093","1"
"2145736093","108921306","1"
"1501945960","2117058208","4.22917"
"2117058208","1501945960","4.22917"
"1501945960","2139259611","12.5625"
"2139259611","1501945960","12.5625"
"1501945960","2168714803","0.75"
"2168714803","1501945960","0.75"
"2117058208","2139259611","15.122"
"2139259611","2117058208","15.122"
"2117058208","2168714803","5.35119"
"2168714803","2117058208","5.35119"
"2139259611","2168714803","0.95"
"2168714803","2139259611","0.95"
"1501945960","1545169732","1.14583"
"1545169732","1501945960","1.14583"
"1501945960","1590644098","0.645833"
"1590644098","1501945960","0.645833"
"1501945960","1981220436","0.0625"
"1981220436","1501945960","0.0625"
"1501945960","1982769469","1.47917"
"1982769469","1501945960","1.47917"
"1501945960","1985079777","0.145833"
"1985079777","1501945960","0.145833"
"1501945960","2069015717","0.0625"
"2069015717","1501945960","0.0625"
"1501945960","2085433073","0.729167"
"2085433073","1501945960","0.729167"
"1501945960","2098016092","0.479167"
"2098016092","1501945960","0.479167"
"1501945960","2101168711","0.645833"
"2101168711","1501945960","0.645833"
"1501945960","2102337021","0.145833"
"2102337021","1501945960","0.145833"
"1501945960","2131723113","0.145833"
"2131723113","1501945960","0.145833"
"1501945960","2140493646","0.145833"
"2140493646","1501945960","0.145833"
"1501945960","2158818251","0.0625"
"2158818251","1501945960","0.0625"
"1501945960","2170626955","1.0625"
"2170626955","1501945960","1.0625"
"1545169732","1590644098","1.0625"
"1590644098","1545169732","1.0625"
"1545169732","1981220436","0.0625"
"1981220436","1545169732","0.0625"
"1545169732","1982769469","0.28869"
"1982769469","1545169732","0.28869"
"1545169732","1985079777","0.645833"
"1985079777","1545169732","0.645833"
"1545169732","2069015717","1.89583"
"2069015717","1545169732","1.89583"
"1545169732","2085433073","5.85536"
"2085433073","1545169732","5.85536"
"1545169732","2098016092","4.81369"
"2098016092","1545169732","4.81369"
"1545169732","2101168711","7.80417"
"2101168711","1545169732","7.80417"
"1545169732","2102337021","0.645833"
"2102337021","1545169732","0.645833"
"1545169732","2117058208","50.1137"
"2117058208","1545169732","50.1137"
"1545169732","2131723113","0.68869"
"2131723113","1545169732","0.68869"
"1545169732","2139259611","1.40536"
"2139259611","1545169732","1.40536"
"1545169732","2140493646","1.90536"
"2140493646","1545169732","1.90536"
"1545169732","2158818251","1.09583"
"2158818251","1545169732","1.09583"
"1545169732","2170626955","0.0625"
"2170626955","1545169732","0.0625"
"1590644098","1981220436","0.0625"
"1981220436","1590644098","0.0625"
"1590644098","1982769469","0.645833"
"1982769469","1590644098","0.645833"
"1590644098","1985079777","0.0625"
"1985079777","1590644098","0.0625"
"1590644098","2069015717","0.0625"
"2069015717","1590644098","0.0625"
"1590644098","2085433073","0.979167"
"2085433073","1590644098","0.979167"
"1590644098","2098016092","0.3125"
"2098016092","1590644098","0.3125"
"1590644098","2101168711","0.3125"
"2101168711","1590644098","0.3125"
"1590644098","2102337021","0.0625"
"2102337021","1590644098","0.0625"
"1590644098","2117058208","0.645833"
"2117058208","1590644098","0.645833"
"1590644098","2131723113","1.0625"
"2131723113","1590644098","1.0625"
"1590644098","2139259611","0.979167"
"2139259611","1590644098","0.979167"
"1590644098","2140493646","0.8125"
"2140493646","1590644098","0.8125"
"1590644098","2158818251","0.0625"
"2158818251","1590644098","0.0625"
"1590644098","2170626955","0.895833"
"2170626955","1590644098","0.895833"
"1981220436","1982769469","1.0625"
"1982769469","1981220436","1.0625"
"1981220436","1985079777","0.0625"
"1985079777","1981220436","0.0625"
"1981220436","2069015717","0.0625"
"2069015717","1981220436","0.0625"
"1981220436","2085433073","4.0625"
"2085433073","1981220436","4.0625"
"1981220436","2098016092","0.0625"
"2098016092","1981220436","0.0625"
"1981220436","2101168711","0.0625"
"2101168711","1981220436","0.0625"
"1981220436","2102337021","2.0625"
"2102337021","1981220436","2.0625"
"1981220436","2117058208","0.0625"
"2117058208","1981220436","0.0625"
"1981220436","2131723113","0.0625"
"2131723113","1981220436","0.0625"
"1981220436","2139259611","0.0625"
"2139259611","1981220436","0.0625"
"1981220436","2140493646","0.5625"
"2140493646","1981220436","0.5625"
"1981220436","2158818251","0.0625"
"2158818251","1981220436","0.0625"
"1981220436","2170626955","8.0625"
"2170626955","1981220436","8.0625"
"1982769469","1985079777","0.145833"
"1985079777","1982769469","0.145833"
"1982769469","2069015717","0.0625"
"2069015717","1982769469","0.0625"
"1982769469","2085433073","0.53869"
"2085433073","1982769469","0.53869"
"1982769469","2098016092","0.53869"
"2098016092","1982769469","0.53869"
"1982769469","2101168711","0.395833"
"2101168711","1982769469","0.395833"
"1982769469","2102337021","0.479167"
"2102337021","1982769469","0.479167"
"1982769469","2117058208","3.37202"
"2117058208","1982769469","3.37202"
"1982769469","2131723113","0.53869"
"2131723113","1982769469","0.53869"
"1982769469","2139259611","6.70536"
"2139259611","1982769469","6.70536"
"1982769469","2140493646","1.53869"
"2140493646","1982769469","1.53869"
"1982769469","2158818251","0.0625"
"2158818251","1982769469","0.0625"
"1982769469","2170626955","0.0625"
"2170626955","1982769469","0.0625"
"1985079777","2069015717","0.0625"
"2069015717","1985079777","0.0625"
"1985079777","2085433073","2.14583"
"2085433073","1985079777","2.14583"
"1985079777","2098016092","1.0625"
"2098016092","1985079777","1.0625"
"1985079777","2101168711","1.97917"
"2101168711","1985079777","1.97917"
"1985079777","2102337021","0.145833"
"2102337021","1985079777","0.145833"
"1985079777","2117058208","2.89583"
"2117058208","1985079777","2.89583"
"1985079777","2131723113","0.145833"
"2131723113","1985079777","0.145833"
"1985079777","2139259611","4.72917"
"2139259611","1985079777","4.72917"
"1985079777","2140493646","0.145833"
"2140493646","1985079777","0.145833"
"1985079777","2158818251","0.0625"
"2158818251","1985079777","0.0625"
"1985079777","2170626955","0.0625"
"2170626955","1985079777","0.0625"
"2069015717","2085433073","0.205357"
"2085433073","2069015717","0.205357"
"2069015717","2098016092","1.20536"
"2098016092","2069015717","1.20536"
"2069015717","2101168711","1.0625"
"2101168711","2069015717","1.0625"
"2069015717","2102337021","1.0625"
"2102337021","2069015717","1.0625"
"2069015717","2117058208","2.53869"
"2117058208","2069015717","2.53869"
"2069015717","2131723113","0.0625"
"2131723113","2069015717","0.0625"
"2069015717","2139259611","0.5625"
"2139259611","2069015717","0.5625"
"2069015717","2140493646","1.0625"
"2140493646","2069015717","1.0625"
"2069015717","2158818251","0.0625"
"2158818251","2069015717","0.0625"
"2069015717","2170626955","0.0625"
"2170626955","2069015717","0.0625"
"2085433073","2098016092","1.54821"
"2098016092","2085433073","1.54821"
"2085433073","2101168711","1.39583"
"2101168711","2085433073","1.39583"
"2085433073","2102337021","0.145833"
"2102337021","2085433073","0.145833"
"2085433073","2117058208","18.0482"
"2117058208","2085433073","18.0482"
"2085433073","2131723113","0.73869"
"2131723113","2085433073","0.73869"
"2085433073","2139259611","1.95536"
"2139259611","2085433073","1.95536"
"2085433073","2140493646","5.23869"
"2140493646","2085433073","5.23869"
"2085433073","2158818251","0.7625"
"2158818251","2085433073","0.7625"
"2085433073","2170626955","2.72917"
"2170626955","2085433073","2.72917"
"2098016092","2101168711","3.05417"
"2101168711","2098016092","3.05417"
"2098016092","2102337021","0.979167"
"2102337021","2098016092","0.979167"
"2098016092","2117058208","5.55655"
"2117058208","2098016092","5.55655"
"2098016092","2131723113","0.68869"
"2131723113","2098016092","0.68869"
"2098016092","2139259611","2.07202"
"2139259611","2098016092","2.07202"
"2098016092","2140493646","1.48869"
"2140493646","2098016092","1.48869"
"2098016092","2158818251","0.0625"
"2158818251","2098016092","0.0625"
"2098016092","2170626955","0.0625"
"2170626955","2098016092","0.0625"
"2101168711","2102337021","0.145833"
"2102337021","2101168711","0.145833"
"2101168711","2117058208","11.5208"
"2117058208","2101168711","11.5208"
"2101168711","2131723113","0.345833"
"2131723113","2101168711","0.345833"
"2101168711","2139259611","2.09583"
"2139259611","2101168711","2.09583"
"2101168711","2140493646","2.5625"
"2140493646","2101168711","2.5625"
"2101168711","2158818251","0.0625"
"2158818251","2101168711","0.0625"
"2101168711","2170626955","1.0625"
"2170626955","2101168711","1.0625"
"2102337021","2117058208","0.8125"
"2117058208","2102337021","0.8125"
"2102337021","2131723113","0.145833"
"2131723113","2102337021","0.145833"
"2102337021","2139259611","1.8125"
"2139259611","2102337021","1.8125"
"2102337021","2140493646","0.145833"
"2140493646","2102337021","0.145833"
"2102337021","2158818251","0.0625"
"2158818251","2102337021","0.0625"
"2102337021","2170626955","0.0625"
"2170626955","2102337021","0.0625"
"2117058208","2131723113","0.53869"
"2131723113","2117058208","0.53869"
"2117058208","2140493646","4.62202"
"2140493646","2117058208","4.62202"
"2117058208","2158818251","0.595833"
"2158818251","2117058208","0.595833"
"2117058208","2170626955","1.0625"
"2170626955","2117058208","1.0625"
"2131723113","2139259611","0.73869"
"2139259611","2131723113","0.73869"
"2131723113","2140493646","0.48869"
"2140493646","2131723113","0.48869"
"2131723113","2158818251","0.0625"
"2158818251","2131723113","0.0625"
"2131723113","2170626955","0.0625"
"2170626955","2131723113","0.0625"
"2139259611","2140493646","1.62202"
"2140493646","2139259611","1.62202"
"2139259611","2158818251","0.0625"
"2158818251","2139259611","0.0625"
"2139259611","2170626955","0.0625"
"2170626955","2139259611","0.0625"
"2140493646","2158818251","0.0625"
"2158818251","2140493646","0.0625"
"2140493646","2170626955","1.0625"
"2170626955","2140493646","1.0625"
"2158818251","2170626955","0.0625"
"2170626955","2158818251","0.0625"
"1545169732","2168714803","2.69167"
"2168714803","1545169732","2.69167"
"1982769469","2168714803","0.0833333"
"2168714803","1982769469","0.0833333"
"1985079777","2168714803","0.666667"
"2168714803","1985079777","0.666667"
"2085433073","2168714803","2.00952"
"2168714803","2085433073","2.00952"
"2098016092","2168714803","1.25119"
"2168714803","2098016092","1.25119"
"2101168711","2168714803","3.49167"
"2168714803","2101168711","3.49167"
"2102337021","2168714803","0.0833333"
"2168714803","2102337021","0.0833333"
"2131723113","2168714803","0.483333"
"2168714803","2131723113","0.483333"
"2140493646","2168714803","1.53333"
"2168714803","2140493646","1.53333"
"1501945960","1989944922","0.5"
"1989944922","1501945960","0.5"
"1989944922","2139259611","0.5"
"2139259611","1989944922","0.5"
"1528822078","2099626280","1"
"2099626280","1528822078","1"
"1545169732","2215148465","1.66667"
"2215148465","1545169732","1.66667"
"2101168711","2215148465","1.16667"
"2215148465","2101168711","1.16667"
"1545169732","2132131393","4.5"
"2132131393","1545169732","4.5"
"2098016092","2132131393","0.833333"
"2132131393","2098016092","0.833333"
"2117058208","2132131393","4.66667"
"2132131393","2117058208","4.66667"
"2132131393","2168714803","0.583333"
"2168714803","2132131393","0.583333"
"1545169732","2129974412","0.5"
"2129974412","1545169732","0.5"
"1545169732","2143079043","0.5"
"2143079043","1545169732","0.5"
"2129974412","2143079043","9.67064"
"2143079043","2129974412","9.67064"
"2132131393","2158818251","1.33333"
"2158818251","2132131393","1.33333"
"1545169732","2116908444","0.333333"
"2116908444","1545169732","0.333333"
"2101168711","2116908444","0.333333"
"2116908444","2101168711","0.333333"
"2116908444","2117058208","0.833333"
"2117058208","2116908444","0.833333"
"2101168711","2132131393","0.583333"
"2132131393","2101168711","0.583333"
"1545169732","2093521110","0.325"
"2093521110","1545169732","0.325"
"1545169732","2169044456","1.2"
"2169044456","1545169732","1.2"
"2085433073","2093521110","0.2"
"2093521110","2085433073","0.2"
"2085433073","2169044456","0.2"
"2169044456","2085433073","0.2"
"2093521110","2117058208","0.325"
"2117058208","2093521110","0.325"
"2093521110","2158818251","0.2"
"2158818251","2093521110","0.2"
"2093521110","2169044456","6.23333"
"2169044456","2093521110","6.23333"
"2117058208","2169044456","1.2"
"2169044456","2117058208","1.2"
"2158818251","2169044456","0.2"
"2169044456","2158818251","0.2"
"2069015717","2132131393","0.333333"
"2132131393","2069015717","0.333333"
"1545169732","2168661392","2.75"
"2168661392","1545169732","2.75"
"2117058208","2168661392","1.75"
"2168661392","2117058208","1.75"
"1545169732","2107143175","1"
"2107143175","1545169732","1"
"2107143175","2117058208","1"
"2117058208","2107143175","1"
"1545169732","2423784265","1"
"2423784265","1545169732","1"
"1545169732","1553131493","1.16667"
"1553131493","1545169732","1.16667"
"1553131493","2101168711","0.666667"
"2101168711","1553131493","0.666667"
"1553131493","2117058208","1.16667"
"2117058208","1553131493","1.16667"
"2132131393","2168661392","0.5"
"2168661392","2132131393","0.5"
"2117058208","2215148465","1.16667"
"2215148465","2117058208","1.16667"
"2085433073","2168661392","0.25"
"2168661392","2085433073","0.25"
"2101168711","2168661392","0.25"
"2168661392","2101168711","0.25"
"1545169732","2060088491","0.5"
"2060088491","1545169732","0.5"
"2060088491","2101168711","0.5"
"2101168711","2060088491","0.5"
"1545169732","2079229534","0.125"
"2079229534","1545169732","0.125"
"1545169732","2105258824","0.125"
"2105258824","1545169732","0.125"
"1545169732","2152057064","0.125"
"2152057064","1545169732","0.125"
"2079229534","2093521110","3.94167"
"2093521110","2079229534","3.94167"
"2079229534","2098016092","0.125"
"2098016092","2079229534","0.125"
"2079229534","2101168711","0.125"
"2101168711","2079229534","0.125"
"2079229534","2105258824","2.39563"
"2105258824","2079229534","2.39563"
"2079229534","2117058208","0.125"
"2117058208","2079229534","0.125"
"2079229534","2152057064","9.22897"
"2152057064","2079229534","9.22897"
"2079229534","2168714803","0.125"
"2168714803","2079229534","0.125"
"2093521110","2098016092","0.125"
"2098016092","2093521110","0.125"
"2093521110","2101168711","0.125"
"2101168711","2093521110","0.125"
"2093521110","2105258824","1.31667"
"2105258824","2093521110","1.31667"
"2093521110","2152057064","2.31667"
"2152057064","2093521110","2.31667"
"2093521110","2168714803","0.125"
"2168714803","2093521110","0.125"
"2098016092","2105258824","0.125"
"2105258824","2098016092","0.125"
"2098016092","2152057064","0.125"
"2152057064","2098016092","0.125"
"2101168711","2105258824","0.125"
"2105258824","2101168711","0.125"
"2101168711","2152057064","0.125"
"2152057064","2101168711","0.125"
"2105258824","2117058208","0.125"
"2117058208","2105258824","0.125"
"2105258824","2152057064","4.89564"
"2152057064","2105258824","4.89564"
"2105258824","2168714803","0.125"
"2168714803","2105258824","0.125"
"2117058208","2152057064","0.125"
"2152057064","2117058208","0.125"
"2152057064","2168714803","0.125"
"2168714803","2152057064","0.125"
"2069015717","2168661392","0.5"
"2168661392","2069015717","0.5"
"1553131493","2053983985","9"
"2053983985","1553131493","9"
"1553131493","1989944922","1"
"1989944922","1553131493","1"
"1555286071","2076690132","2.16667"
"2076690132","1555286071","2.16667"
"1555286071","1886681306","7.16667"
"1886681306","1555286071","7.16667"
"1555286071","1989879765","1.5"
"1989879765","1555286071","1.5"
"1886681306","1989879765","2.5"
"1989879765","1886681306","2.5"
"1555286071","1978535449","1.83333"
"1978535449","1555286071","1.83333"
"1555286071","1988475829","0.666667"
"1988475829","1555286071","0.666667"
"1555286071","2012893546","4.83333"
"2012893546","1555286071","4.83333"
"1555286071","2050799335","0.166667"
"2050799335","1555286071","0.166667"
"1555286071","2142024113","3.66667"
"2142024113","1555286071","3.66667"
"1978535449","1988475829","0.166667"
"1988475829","1978535449","0.166667"
"1978535449","2012893546","0.833333"
"2012893546","1978535449","0.833333"
"1978535449","2050799335","0.166667"
"2050799335","1978535449","0.166667"
"1978535449","2076690132","0.166667"
"2076690132","1978535449","0.166667"
"1978535449","2142024113","3.16667"
"2142024113","1978535449","3.16667"
"1988475829","2012893546","2.66667"
"2012893546","1988475829","2.66667"
"1988475829","2050799335","1.16667"
"2050799335","1988475829","1.16667"
"1988475829","2076690132","0.166667"
"2076690132","1988475829","0.166667"
"1988475829","2142024113","0.166667"
"2142024113","1988475829","0.166667"
"2012893546","2050799335","0.166667"
"2050799335","2012893546","0.166667"
"2012893546","2076690132","1.16667"
"2076690132","2012893546","1.16667"
"2012893546","2142024113","2.66667"
"2142024113","2012893546","2.66667"
"2050799335","2076690132","0.166667"
"2076690132","2050799335","0.166667"
"2050799335","2142024113","0.166667"
"2142024113","2050799335","0.166667"
"2076690132","2142024113","0.166667"
"2142024113","2076690132","0.166667"
"1555286071","1998041663","0.5"
"1998041663","1555286071","0.5"
"1989879765","1998041663","0.5"
"1998041663","1989879765","0.5"
"1886681306","1978535449","0.666667"
"1978535449","1886681306","0.666667"
"1886681306","2012893546","3.66667"
"2012893546","1886681306","3.66667"
"1555286071","1968386718","0.5"
"1968386718","1555286071","0.5"
"1968386718","1989879765","1.5"
"1989879765","1968386718","1.5"
"1566108401","1598961498","9"
"1598961498","1566108401","9"
"1566108401","2092222044","1"
"2092222044","1566108401","1"
"1567049765","1997551838","1"
"1997551838","1567049765","1"
"1567049765","2099626280","1"
"2099626280","1567049765","1"
"1997551838","2099626280","4"
"2099626280","1997551838","4"
"1567049765","2009020789","1"
"2009020789","1567049765","1"
"1568535688","2423784265","2.5"
"2423784265","1568535688","2.5"
"1568535688","2143079043","1"
"2143079043","1568535688","1"
"1568535688","2141814503","1"
"2141814503","1568535688","1"
"1568535688","2085433073","1"
"2085433073","1568535688","1"
"1568535688","1854992970","0.5"
"1854992970","1568535688","0.5"
"1854992970","2423784265","0.5"
"2423784265","1854992970","0.5"
"1568535688","2132131393","1"
"2132131393","1568535688","1"
"1568535688","2119577990","1"
"2119577990","1568535688","1"
"1582394872","2139221916","1"
"2139221916","1582394872","1"
"1590644098","2141814503","1.33333"
"2141814503","1590644098","1.33333"
"1590644098","2119577990","0.333333"
"2119577990","1590644098","0.333333"
"2085433073","2119577990","3.91667"
"2119577990","2085433073","3.91667"
"2119577990","2170626955","1.16667"
"2170626955","2119577990","1.16667"
"1590644098","2097642292","0.333333"
"2097642292","1590644098","0.333333"
"1590644098","2169223373","0.333333"
"2169223373","1590644098","0.333333"
"2097642292","2141814503","0.333333"
"2141814503","2097642292","0.333333"
"2097642292","2169223373","0.333333"
"2169223373","2097642292","0.333333"
"2141814503","2169223373","0.333333"
"2169223373","2141814503","0.333333"
"1598961498","2092222044","1"
"2092222044","1598961498","1"
"1886681306","1980892230","1"
"1980892230","1886681306","1"
"1886681306","1998041663","1"
"1998041663","1886681306","1"
"1964988721","2095037822","0.333333"
"2095037822","1964988721","0.333333"
"1964988721","2096153978","0.333333"
"2096153978","1964988721","0.333333"
"1964988721","2136232153","0.333333"
"2136232153","1964988721","0.333333"
"2095037822","2096153978","0.333333"
"2096153978","2095037822","0.333333"
"2095037822","2136232153","0.333333"
"2136232153","2095037822","0.333333"
"2096153978","2136232153","0.333333"
"2136232153","2096153978","0.333333"
"1968386718","1998041663","1"
"1998041663","1968386718","1"
"1980892230","2145736093","1"
"2145736093","1980892230","1"
"1981220436","2143079043","1"
"2143079043","1981220436","1"
"1981220436","2106235201","1"
"2106235201","1981220436","1"
"1981220436","2119577990","1.5"
"2119577990","1981220436","1.5"
"1985079777","2132131393","0.333333"
"2132131393","1985079777","0.333333"
"2085433073","2132131393","1.33333"
"2132131393","2085433073","1.33333"
"1985079777","2060088491","1.5"
"2060088491","1985079777","1.5"
"2060088491","2139259611","1.5"
"2139259611","2060088491","1.5"
"1985079777","2018268535","0.333333"
"2018268535","1985079777","0.333333"
"1985079777","2105224613","0.333333"
"2105224613","1985079777","0.333333"
"1985079777","2511006541","0.333333"
"2511006541","1985079777","0.333333"
"2018268535","2105224613","0.333333"
"2105224613","2018268535","0.333333"
"2018268535","2511006541","0.333333"
"2511006541","2018268535","0.333333"
"2105224613","2511006541","0.333333"
"2511006541","2105224613","0.333333"
"1988475829","2096153978","2"
"2096153978","1988475829","2"
"1988475829","2095037822","1"
"2095037822","1988475829","1"
"1988475829","2104453757","1"
"2104453757","1988475829","1"
"1988475829","1989879765","1"
"1989879765","1988475829","1"
"1988475829","2099626280","1"
"2099626280","1988475829","1"
"1989944922","2143079043","1.61111"
"2143079043","1989944922","1.61111"
"1989944922","2093521110","0.5"
"2093521110","1989944922","0.5"
"2093521110","2143079043","3.28333"
"2143079043","2093521110","3.28333"
"1989944922","1997551838","1"
"1997551838","1989944922","1"
"1989944922","2060088491","0.111111"
"2060088491","1989944922","0.111111"
"1989944922","2079229534","0.111111"
"2079229534","1989944922","0.111111"
"1989944922","2105258824","0.111111"
"2105258824","1989944922","0.111111"
"1989944922","2106235201","0.111111"
"2106235201","1989944922","0.111111"
"1989944922","2129974412","0.111111"
"2129974412","1989944922","0.111111"
"1989944922","2141814503","0.111111"
"2141814503","1989944922","0.111111"
"1989944922","2152057064","0.111111"
"2152057064","1989944922","0.111111"
"1989944922","2168661392","0.111111"
"2168661392","1989944922","0.111111"
"2060088491","2079229534","1.04563"
"2079229534","2060088491","1.04563"
"2060088491","2105258824","1.67063"
"2105258824","2060088491","1.67063"
"2060088491","2106235201","0.361111"
"2106235201","2060088491","0.361111"
"2060088491","2129974412","0.753968"
"2129974412","2060088491","0.753968"
"2060088491","2141814503","2.61111"
"2141814503","2060088491","2.61111"
"2060088491","2143079043","1.79563"
"2143079043","2060088491","1.79563"
"2060088491","2152057064","3.67063"
"2152057064","2060088491","3.67063"
"2060088491","2168661392","0.795635"
"2168661392","2060088491","0.795635"
"2079229534","2106235201","0.361111"
"2106235201","2079229534","0.361111"
"2079229534","2129974412","1.5873"
"2129974412","2079229534","1.5873"
"2079229534","2141814503","0.611111"
"2141814503","2079229534","0.611111"
"2079229534","2143079043","7.02897"
"2143079043","2079229534","7.02897"
"2079229534","2168661392","1.6623"
"2168661392","2079229534","1.6623"
"2105258824","2106235201","0.236111"
"2106235201","2105258824","0.236111"
"2105258824","2129974412","1.04563"
"2129974412","2105258824","1.04563"
"2105258824","2141814503","0.236111"
"2141814503","2105258824","0.236111"
"2105258824","2143079043","2.7373"
"2143079043","2105258824","2.7373"
"2105258824","2168661392","3.0373"
"2168661392","2105258824","3.0373"
"2106235201","2129974412","0.361111"
"2129974412","2106235201","0.361111"
"2106235201","2141814503","2.86111"
"2141814503","2106235201","2.86111"
"2106235201","2143079043","0.753968"
"2143079043","2106235201","0.753968"
"2106235201","2152057064","0.236111"
"2152057064","2106235201","0.236111"
"2106235201","2168661392","0.361111"
"2168661392","2106235201","0.361111"
"2129974412","2141814503","0.611111"
"2141814503","2129974412","0.611111"
"2129974412","2152057064","2.87897"
"2152057064","2129974412","2.87897"
"2129974412","2168661392","1.3373"
"2168661392","2129974412","1.3373"
"2141814503","2143079043","3.36111"
"2143079043","2141814503","3.36111"
"2141814503","2152057064","0.236111"
"2152057064","2141814503","0.236111"
"2141814503","2168661392","0.361111"
"2168661392","2141814503","0.361111"
"2143079043","2152057064","2.07063"
"2152057064","2143079043","2.07063"
"2143079043","2168661392","2.82897"
"2168661392","2143079043","2.82897"
"2152057064","2168661392","1.37063"
"2168661392","2152057064","1.37063"
"1989944922","2085433073","1"
"2085433073","1989944922","1"
"1990838575","2143079043","2.5"
"2143079043","1990838575","2.5"
"1990838575","2152057064","0.7"
"2152057064","1990838575","0.7"
"1990838575","2079229534","0.2"
"2079229534","1990838575","0.2"
"1990838575","2093521110","0.2"
"2093521110","1990838575","0.2"
"1990838575","2105258824","0.2"
"2105258824","1990838575","0.2"
"1990838575","2107143175","0.2"
"2107143175","1990838575","0.2"
"2079229534","2107143175","1.40833"
"2107143175","2079229534","1.40833"
"2093521110","2107143175","3.325"
"2107143175","2093521110","3.325"
"2105258824","2107143175","1.325"
"2107143175","2105258824","1.325"
"2107143175","2152057064","0.325"
"2152057064","2107143175","0.325"
"1992039201","2149340438","4"
"2149340438","1992039201","4"
"1992039201","1994361353","3.83333"
"1994361353","1992039201","3.83333"
"1992039201","2124906298","1.33333"
"2124906298","1992039201","1.33333"
"1994361353","2124906298","9.33333"
"2124906298","1994361353","9.33333"
"1992039201","2031794520","1.83333"
"2031794520","1992039201","1.83333"
"1994361353","2149340438","0.5"
"2149340438","1994361353","0.5"
"1994361353","2031794520","7.33333"
"2031794520","1994361353","7.33333"
"2031794520","2124906298","2.33333"
"2124906298","2031794520","2.33333"
"2031794520","2149340438","1.5"
"2149340438","2031794520","1.5"
"1994277736","1997551838","2.5"
"1997551838","1994277736","2.5"
"1994277736","2009020789","3.5"
"2009020789","1994277736","3.5"
"1997551838","2009020789","21.5"
"2009020789","1997551838","21.5"
"1994277736","2095037822","1"
"2095037822","1994277736","1"
"1994277736","2099626280","1"
"2099626280","1994277736","1"
"2095037822","2099626280","7"
"2099626280","2095037822","7"
"1994361353","2085433073","0.25"
"2085433073","1994361353","0.25"
"1994361353","2106235201","0.25"
"2106235201","1994361353","0.25"
"1994361353","2119577990","0.25"
"2119577990","1994361353","0.25"
"1994361353","2143079043","1.25"
"2143079043","1994361353","1.25"
"2085433073","2106235201","0.392857"
"2106235201","2085433073","0.392857"
"2085433073","2143079043","3.22619"
"2143079043","2085433073","3.22619"
"2106235201","2119577990","4.875"
"2119577990","2106235201","4.875"
"2119577990","2143079043","1.70833"
"2143079043","2119577990","1.70833"
"1994361353","2135761443","3"
"2135761443","1994361353","3"
"1994361353","2916477954","1"
"2916477954","1994361353","1"
"1994361353","2169223373","1"
"2169223373","1994361353","1"
"1997551838","2095037822","11.5"
"2095037822","1997551838","11.5"
"1997551838","2096153978","1"
"2096153978","1997551838","1"
"1997551838","2107783730","2"
"2107783730","1997551838","2"
"1997551838","2116873825","1.5"
"2116873825","1997551838","1.5"
"2107783730","2116873825","11"
"2116873825","2107783730","11"
"2009020789","2095037822","2.5"
"2095037822","2009020789","2.5"
"2009020789","2116873825","0.5"
"2116873825","2009020789","0.5"
"1997551838","2164471707","1"
"2164471707","1997551838","1"
"1998041663","2076690132","1"
"2076690132","1998041663","1"
"2012893546","2152057064","1.5"
"2152057064","2012893546","1.5"
"2012893546","2169044456","1.5"
"2169044456","2012893546","1.5"
"2152057064","2169044456","9.70952"
"2169044456","2152057064","9.70952"
"2012893546","2104453757","1"
"2104453757","2012893546","1"
"2012893546","2079229534","1"
"2079229534","2012893546","1"
"2017702597","2085433073","1"
"2085433073","2017702597","1"
"2018268535","2117058208","1"
"2117058208","2018268535","1"
"2053983985","2093521110","1"
"2093521110","2053983985","1"
"2060088491","2093521110","0.416667"
"2093521110","2060088491","0.416667"
"2093521110","2168661392","0.916667"
"2168661392","2093521110","0.916667"
"2060088491","2107143175","2.375"
"2107143175","2060088491","2.375"
"2060088491","2116908444","1.125"
"2116908444","2060088491","1.125"
"2060088491","2169044456","0.642857"
"2169044456","2060088491","0.642857"
"2079229534","2169044456","8.04286"
"2169044456","2079229534","8.04286"
"2105258824","2169044456","1.37619"
"2169044456","2105258824","1.37619"
"2129974412","2169044456","0.309524"
"2169044456","2129974412","0.309524"
"2143079043","2169044456","1.70952"
"2169044456","2143079043","1.70952"
"2168661392","2169044456","1.84286"
"2169044456","2168661392","1.84286"
"2079229534","2116908444","0.458333"
"2116908444","2079229534","0.458333"
"2093521110","2116908444","1.45833"
"2116908444","2093521110","1.45833"
"2105258824","2116908444","0.125"
"2116908444","2105258824","0.125"
"2107143175","2116908444","1.125"
"2116908444","2107143175","1.125"
"2107143175","2143079043","1.125"
"2143079043","2107143175","1.125"
"2107143175","2168661392","0.458333"
"2168661392","2107143175","0.458333"
"2116908444","2143079043","0.125"
"2143079043","2116908444","0.125"
"2116908444","2152057064","1.125"
"2152057064","2116908444","1.125"
"2116908444","2168661392","0.125"
"2168661392","2116908444","0.125"
"2107143175","2129974412","0.25"
"2129974412","2107143175","0.25"
"2107143175","2141814503","0.25"
"2141814503","2107143175","0.25"
"2060088491","2117058208","0.5"
"2117058208","2060088491","0.5"
"2060088491","2119577990","0.125"
"2119577990","2060088491","0.125"
"2079229534","2119577990","0.125"
"2119577990","2079229534","0.125"
"2093521110","2106235201","0.125"
"2106235201","2093521110","0.125"
"2093521110","2119577990","0.125"
"2119577990","2093521110","0.125"
"2093521110","2129974412","0.291667"
"2129974412","2093521110","0.291667"
"2093521110","2141814503","0.125"
"2141814503","2093521110","0.125"
"2119577990","2129974412","0.125"
"2129974412","2119577990","0.125"
"2119577990","2141814503","0.625"
"2141814503","2119577990","0.625"
"2119577990","2168661392","0.125"
"2168661392","2119577990","0.125"
"2069015717","2169044456","1"
"2169044456","2069015717","1"
"2069015717","2106235201","0.142857"
"2106235201","2069015717","0.142857"
"2069015717","2143079043","0.142857"
"2143079043","2069015717","0.142857"
"2069015717","2168714803","0.142857"
"2168714803","2069015717","0.142857"
"2069015717","2169223373","0.142857"
"2169223373","2069015717","0.142857"
"2085433073","2169223373","0.142857"
"2169223373","2085433073","0.142857"
"2098016092","2106235201","0.142857"
"2106235201","2098016092","0.142857"
"2098016092","2143079043","0.142857"
"2143079043","2098016092","0.142857"
"2098016092","2169223373","0.142857"
"2169223373","2098016092","0.142857"
"2106235201","2117058208","0.142857"
"2117058208","2106235201","0.142857"
"2106235201","2168714803","0.142857"
"2168714803","2106235201","0.142857"
"2106235201","2169223373","0.142857"
"2169223373","2106235201","0.142857"
"2117058208","2143079043","0.642857"
"2143079043","2117058208","0.642857"
"2117058208","2169223373","1.14286"
"2169223373","2117058208","1.14286"
"2143079043","2168714803","0.142857"
"2168714803","2143079043","0.142857"
"2143079043","2169223373","5.64286"
"2169223373","2143079043","5.64286"
"2168714803","2169223373","0.142857"
"2169223373","2168714803","0.142857"
"2069015717","2511006541","0.5"
"2511006541","2069015717","0.5"
"2139259611","2511006541","0.5"
"2511006541","2139259611","0.5"
"2069898678","2149340438","1"
"2149340438","2069898678","1"
"2107143175","2169044456","0.833333"
"2169044456","2107143175","0.833333"
"2116908444","2169044456","4.83333"
"2169044456","2116908444","4.83333"
"2079229534","2140455809","0.166667"
"2140455809","2079229534","0.166667"
"2105258824","2140455809","0.166667"
"2140455809","2105258824","0.166667"
"2129974412","2140455809","0.166667"
"2140455809","2129974412","0.166667"
"2140455809","2143079043","0.166667"
"2143079043","2140455809","0.166667"
"2140455809","2168661392","0.166667"
"2168661392","2140455809","0.166667"
"2140455809","2169044456","0.166667"
"2169044456","2140455809","0.166667"
"2143079043","2170626955","1.33333"
"2170626955","2143079043","1.33333"
"2085433073","2129974412","1"
"2129974412","2085433073","1"
"2092222044","2143079043","1"
"2143079043","2092222044","1"
"2093395203","2105224613","1"
"2105224613","2093395203","1"
"2093521110","2169223373","3.5"
"2169223373","2093521110","3.5"
"2093521110","2423784265","1.5"
"2423784265","2093521110","1.5"
"2107143175","2423784265","0.5"
"2423784265","2107143175","0.5"
"2107143175","2169223373","0.5"
"2169223373","2107143175","0.5"
"2105258824","2164471707","0.5"
"2164471707","2105258824","0.5"
"2164471707","2168661392","0.5"
"2168661392","2164471707","0.5"
"2106235201","2140455809","3.5"
"2140455809","2106235201","3.5"
"2106235201","2170626955","3.5"
"2170626955","2106235201","3.5"
"2140455809","2170626955","0.5"
"2170626955","2140455809","0.5"
"2106235201","2139259611","1"
"2139259611","2106235201","1"
"2129974412","2169223373","1"
"2169223373","2129974412","1"
"2140455809","2150735974","1.5"
"2150735974","2140455809","1.5"
"2140455809","2149340438","0.5"
"2149340438","2140455809","0.5"
"2149340438","2150735974","0.5"
"2150735974","2149340438","0.5"
"2143079043","2423784265","3.5"
"2423784265","2143079043","3.5"
"2169223373","2423784265","23.5"
"2423784265","2169223373","23.5"
"2150735974","2357456457","2"
"2357456457","2150735974","2"
