"117115851","1562494836","0.0833333"
"1562494836","117115851","0.0833333"
"117115851","172773819","0.0833333"
"172773819","117115851","0.0833333"
"117115851","1965395441","0.0833333"
"1965395441","117115851","0.0833333"
"117115851","1991796154","0.0833333"
"1991796154","117115851","0.0833333"
"117115851","2004625705","0.0833333"
"2004625705","117115851","0.0833333"
"117115851","2099426598","0.0833333"
"2099426598","117115851","0.0833333"
"117115851","2110437951","0.0833333"
"2110437951","117115851","0.0833333"
"117115851","2531160404","0.0833333"
"2531160404","117115851","0.0833333"
"117115851","2532890539","0.0833333"
"2532890539","117115851","0.0833333"
"117115851","2574022511","0.0833333"
"2574022511","117115851","0.0833333"
"117115851","2611461819","0.0833333"
"2611461819","117115851","0.0833333"
"117115851","2802756541","0.0833333"
"2802756541","117115851","0.0833333"
"1562494836","172773819","1.72619"
"172773819","1562494836","1.72619"
"1562494836","1965395441","0.0833333"
"1965395441","1562494836","0.0833333"
"1562494836","1991796154","0.22619"
"1991796154","1562494836","0.22619"
"1562494836","2004625705","0.22619"
"2004625705","1562494836","0.22619"
"1562494836","2099426598","0.72619"
"2099426598","1562494836","0.72619"
"1562494836","2110437951","0.0833333"
"2110437951","1562494836","0.0833333"
"1562494836","2531160404","0.0833333"
"2531160404","1562494836","0.0833333"
"1562494836","2532890539","0.22619"
"2532890539","1562494836","0.22619"
"1562494836","2574022511","0.0833333"
"2574022511","1562494836","0.0833333"
"1562494836","2611461819","0.0833333"
"2611461819","1562494836","0.0833333"
"1562494836","2802756541","0.0833333"
"2802756541","1562494836","0.0833333"
"172773819","1965395441","0.0833333"
"1965395441","172773819","0.0833333"
"172773819","1991796154","0.22619"
"1991796154","172773819","0.22619"
"172773819","2004625705","6.17619"
"2004625705","172773819","6.17619"
"172773819","2099426598","1.42619"
"2099426598","172773819","1.42619"
"172773819","2110437951","0.783333"
"2110437951","172773819","0.783333"
"172773819","2531160404","0.0833333"
"2531160404","172773819","0.0833333"
"172773819","2532890539","0.42619"
"2532890539","172773819","0.42619"
"172773819","2574022511","0.0833333"
"2574022511","172773819","0.0833333"
"172773819","2611461819","0.0833333"
"2611461819","172773819","0.0833333"
"172773819","2802756541","0.0833333"
"2802756541","172773819","0.0833333"
"1965395441","1991796154","0.0833333"
"1991796154","1965395441","0.0833333"
"1965395441","2004625705","2.41667"
"2004625705","1965395441","2.41667"
"1965395441","2099426598","0.0833333"
"2099426598","1965395441","0.0833333"
"1965395441","2110437951","0.0833333"
"2110437951","1965395441","0.0833333"
"1965395441","2531160404","0.0833333"
"2531160404","1965395441","0.0833333"
"1965395441","2532890539","0.0833333"
"2532890539","1965395441","0.0833333"
"1965395441","2574022511","0.0833333"
"2574022511","1965395441","0.0833333"
"1965395441","2611461819","0.0833333"
"2611461819","1965395441","0.0833333"
"1965395441","2802756541","0.0833333"
"2802756541","1965395441","0.0833333"
"1991796154","2004625705","0.92619"
"2004625705","1991796154","0.92619"
"1991796154","2099426598","1.32619"
"2099426598","1991796154","1.32619"
"1991796154","2110437951","1.43333"
"2110437951","1991796154","1.43333"
"1991796154","2531160404","3.08333"
"2531160404","1991796154","3.08333"
"1991796154","2532890539","0.22619"
"2532890539","1991796154","0.22619"
"1991796154","2574022511","3.08333"
"2574022511","1991796154","3.08333"
"1991796154","2611461819","2.88333"
"2611461819","1991796154","2.88333"
"1991796154","2802756541","0.483333"
"2802756541","1991796154","0.483333"
"2004625705","2099426598","1.12619"
"2099426598","2004625705","1.12619"
"2004625705","2110437951","0.983333"
"2110437951","2004625705","0.983333"
"2004625705","2531160404","0.783333"
"2531160404","2004625705","0.783333"
"2004625705","2532890539","0.42619"
"2532890539","2004625705","0.42619"
"2004625705","2574022511","0.283333"
"2574022511","2004625705","0.283333"
"2004625705","2611461819","0.0833333"
"2611461819","2004625705","0.0833333"
"2004625705","2802756541","0.0833333"
"2802756541","2004625705","0.0833333"
"2099426598","2110437951","2.88333"
"2110437951","2099426598","2.88333"
"2099426598","2531160404","1.18333"
"2531160404","2099426598","1.18333"
"2099426598","2532890539","0.42619"
"2532890539","2099426598","0.42619"
"2099426598","2574022511","0.683333"
"2574022511","2099426598","0.683333"
"2099426598","2611461819","0.483333"
"2611461819","2099426598","0.483333"
"2099426598","2802756541","0.0833333"
"2802756541","2099426598","0.0833333"
"2110437951","2531160404","1.43333"
"2531160404","2110437951","1.43333"
"2110437951","2532890539","1.28333"
"2532890539","2110437951","1.28333"
"2110437951","2574022511","0.933333"
"2574022511","2110437951","0.933333"
"2110437951","2611461819","0.733333"
"2611461819","2110437951","0.733333"
"2110437951","2802756541","0.0833333"
"2802756541","2110437951","0.0833333"
"2531160404","2532890539","0.0833333"
"2532890539","2531160404","0.0833333"
"2531160404","2574022511","4.16667"
"2574022511","2531160404","4.16667"
"2531160404","2611461819","1.96667"
"2611461819","2531160404","1.96667"
"2531160404","2802756541","1.56667"
"2802756541","2531160404","1.56667"
"2532890539","2574022511","0.0833333"
"2574022511","2532890539","0.0833333"
"2532890539","2611461819","0.0833333"
"2611461819","2532890539","0.0833333"
"2532890539","2802756541","0.0833333"
"2802756541","2532890539","0.0833333"
"2574022511","2611461819","10.9667"
"2611461819","2574022511","10.9667"
"2574022511","2802756541","5.06667"
"2802756541","2574022511","5.06667"
"2611461819","2802756541","2.56667"
"2802756541","2611461819","2.56667"
"1545869360","2004625705","1.25"
"2004625705","1545869360","1.25"
"1545869360","172773819","0.25"
"172773819","1545869360","0.25"
"1545869360","1978789120","0.25"
"1978789120","1545869360","0.25"
"1545869360","2101549216","0.25"
"2101549216","1545869360","0.25"
"172773819","1978789120","5.09286"
"1978789120","172773819","5.09286"
"172773819","2101549216","0.75"
"2101549216","172773819","0.75"
"1978789120","2004625705","1.09286"
"2004625705","1978789120","1.09286"
"1978789120","2101549216","0.75"
"2101549216","1978789120","0.75"
"2004625705","2101549216","1.25"
"2101549216","2004625705","1.25"
"1562494836","2028776453","1.14286"
"2028776453","1562494836","1.14286"
"1562494836","26515836","1"
"26515836","1562494836","1"
"1562494836","1978789120","0.142857"
"1978789120","1562494836","0.142857"
"172773819","2028776453","0.142857"
"2028776453","172773819","0.142857"
"1978789120","1991796154","0.142857"
"1991796154","1978789120","0.142857"
"1978789120","2028776453","0.142857"
"2028776453","1978789120","0.142857"
"1978789120","2099426598","0.342857"
"2099426598","1978789120","0.342857"
"1978789120","2532890539","0.342857"
"2532890539","1978789120","0.342857"
"1991796154","2028776453","1.14286"
"2028776453","1991796154","1.14286"
"2004625705","2028776453","0.142857"
"2028776453","2004625705","0.142857"
"2028776453","2099426598","0.142857"
"2099426598","2028776453","0.142857"
"2028776453","2532890539","0.142857"
"2532890539","2028776453","0.142857"
"1690412751","2132324494","1"
"2132324494","1690412751","1"
"172773819","2132324494","0.5"
"2132324494","172773819","0.5"
"1978789120","2132324494","0.5"
"2132324494","1978789120","0.5"
"1978789120","2110437951","0.2"
"2110437951","1978789120","0.2"
"1965395441","1997824659","1"
"1997824659","1965395441","1"
"1965395441","2094311405","0.333333"
"2094311405","1965395441","0.333333"
"1965395441","2556820590","0.333333"
"2556820590","1965395441","0.333333"
"2004625705","2094311405","2.33333"
"2094311405","2004625705","2.33333"
"2004625705","2556820590","0.333333"
"2556820590","2004625705","0.333333"
"2094311405","2556820590","0.333333"
"2556820590","2094311405","0.333333"
"1978789120","2150844677","1"
"2150844677","1978789120","1"
"1979769549","2155982052","7"
"2155982052","1979769549","7"
"1979769549","2759641418","1"
"2759641418","1979769549","1"
"1991796154","2604504584","0.65"
"2604504584","1991796154","0.65"
"2531160404","2604504584","1.4"
"2604504584","2531160404","1.4"
"2574022511","2604504584","1.4"
"2604504584","2574022511","1.4"
"2604504584","2611461819","0.9"
"2611461819","2604504584","0.9"
"2604504584","2802756541","0.65"
"2802756541","2604504584","0.65"
"2110437951","2166855330","3"
"2166855330","2110437951","3"
"2124553891","2247938394","1"
"2247938394","2124553891","1"
"2124553891","2286635690","1"
"2286635690","2124553891","1"
"2247938394","2286635690","1"
"2286635690","2247938394","1"
"2124553891","2155335011","1"
"2155335011","2124553891","1"
"2127395777","2276592352","1"
"2276592352","2127395777","1"
"2155335011","2740660508","2.5"
"2740660508","2155335011","2.5"
"2155335011","2598406783","0.5"
"2598406783","2155335011","0.5"
"2598406783","2740660508","4.5"
"2740660508","2598406783","4.5"
"2155335011","2276592352","1"
"2276592352","2155335011","1"
"2276592352","2740660508","1"
"2740660508","2276592352","1"
"2345127029","2759633270","1"
"2759633270","2345127029","1"
"2768210308","2788725334","0.5"
"2788725334","2768210308","0.5"
"2768210308","2908461307","0.5"
"2908461307","2768210308","0.5"
"2788725334","2908461307","0.5"
"2908461307","2788725334","0.5"
"2908461307","2925395532","1.5"
"2925395532","2908461307","1.5"
"2908461307","2991382639","0.5"
"2991382639","2908461307","0.5"
"2925395532","2991382639","0.5"
"2991382639","2925395532","0.5"
"2908461307","3004259684","1"
"3004259684","2908461307","1"
