"129685083","2132678785","1"
"2132678785","129685083","1"
"129685083","1990503647","1.75"
"1990503647","129685083","1.75"
"129685083","2132768130","0.5"
"2132768130","129685083","0.5"
"129685083","2165157425","0.5"
"2165157425","129685083","0.5"
"129685083","889496518","0.75"
"889496518","129685083","0.75"
"1990503647","2132768130","15.8333"
"2132768130","1990503647","15.8333"
"1990503647","2165157425","14.6333"
"2165157425","1990503647","14.6333"
"1990503647","889496518","4.35"
"889496518","1990503647","4.35"
"2132768130","2165157425","4.1"
"2165157425","2132768130","4.1"
"2132768130","889496518","3.81014"
"889496518","2132768130","3.81014"
"2165157425","889496518","3.43333"
"889496518","2165157425","3.43333"
"129685083","1968868556","0.25"
"1968868556","129685083","0.25"
"129685083","1988287322","0.25"
"1988287322","129685083","0.25"
"1968868556","1988287322","0.25"
"1988287322","1968868556","0.25"
"1968868556","1990503647","0.25"
"1990503647","1968868556","0.25"
"1968868556","889496518","0.25"
"889496518","1968868556","0.25"
"1988287322","1990503647","1.28333"
"1990503647","1988287322","1.28333"
"1988287322","889496518","0.25"
"889496518","1988287322","0.25"
"1516526996","2078212354","1.83333"
"2078212354","1516526996","1.83333"
"1516526996","2149545836","1.21014"
"2149545836","1516526996","1.21014"
"2078212354","2149545836","10.819"
"2149545836","2078212354","10.819"
"1516526996","1990503647","2.6"
"1990503647","1516526996","2.6"
"1516526996","2123779242","0.793478"
"2123779242","1516526996","0.793478"
"1990503647","2078212354","11.2929"
"2078212354","1990503647","11.2929"
"1990503647","2123779242","13.4595"
"2123779242","1990503647","13.4595"
"2078212354","2123779242","5.71905"
"2123779242","2078212354","5.71905"
"1516526996","2022542865","1.43333"
"2022542865","1516526996","1.43333"
"1516526996","2100761657","0.1"
"2100761657","1516526996","0.1"
"1516526996","2125678004","0.310145"
"2125678004","1516526996","0.310145"
"1516526996","2132768130","0.726812"
"2132768130","1516526996","0.726812"
"1516526996","2165157425","1.26667"
"2165157425","1516526996","1.26667"
"1516526996","2236011587","0.143478"
"2236011587","1516526996","0.143478"
"1516526996","2421389337","0.266667"
"2421389337","1516526996","0.266667"
"1516526996","2532967691","0.310145"
"2532967691","1516526996","0.310145"
"1516526996","889496518","0.310145"
"889496518","1516526996","0.310145"
"1990503647","2022542865","20.2167"
"2022542865","1990503647","20.2167"
"1990503647","2100761657","4.94286"
"2100761657","1990503647","4.94286"
"1990503647","2125678004","3.26667"
"2125678004","1990503647","3.26667"
"1990503647","2236011587","2.8"
"2236011587","1990503647","2.8"
"1990503647","2421389337","1.85"
"2421389337","1990503647","1.85"
"1990503647","2532967691","2.57619"
"2532967691","1990503647","2.57619"
"2022542865","2100761657","2.10952"
"2100761657","2022542865","2.10952"
"2022542865","2125678004","2.26667"
"2125678004","2022542865","2.26667"
"2022542865","2132768130","9.90952"
"2132768130","2022542865","9.90952"
"2022542865","2165157425","12.7167"
"2165157425","2022542865","12.7167"
"2022542865","2236011587","3.13333"
"2236011587","2022542865","3.13333"
"2022542865","2421389337","1.18333"
"2421389337","2022542865","1.18333"
"2022542865","2532967691","1.18333"
"2532967691","2022542865","1.18333"
"2022542865","889496518","7.43333"
"889496518","2022542865","7.43333"
"2100761657","2125678004","0.6"
"2125678004","2100761657","0.6"
"2100761657","2132768130","0.885714"
"2132768130","2100761657","0.885714"
"2100761657","2165157425","6.8"
"2165157425","2100761657","6.8"
"2100761657","2236011587","1.96667"
"2236011587","2100761657","1.96667"
"2100761657","2421389337","0.1"
"2421389337","2100761657","0.1"
"2100761657","2532967691","0.242857"
"2532967691","2100761657","0.242857"
"2100761657","889496518","0.766667"
"889496518","2100761657","0.766667"
"2125678004","2132768130","0.310145"
"2132768130","2125678004","0.310145"
"2125678004","2165157425","1.26667"
"2165157425","2125678004","1.26667"
"2125678004","2236011587","0.976812"
"2236011587","2125678004","0.976812"
"2125678004","2421389337","0.933333"
"2421389337","2125678004","0.933333"
"2125678004","2532967691","1.81014"
"2532967691","2125678004","1.81014"
"2125678004","889496518","0.310145"
"889496518","2125678004","0.310145"
"2132768130","2236011587","0.476812"
"2236011587","2132768130","0.476812"
"2132768130","2421389337","0.516667"
"2421389337","2132768130","0.516667"
"2132768130","2532967691","1.39348"
"2532967691","2132768130","1.39348"
"2165157425","2236011587","6.05"
"2236011587","2165157425","6.05"
"2165157425","2421389337","0.1"
"2421389337","2165157425","0.1"
"2165157425","2532967691","1.1"
"2532967691","2165157425","1.1"
"2236011587","2421389337","0.6"
"2421389337","2236011587","0.6"
"2236011587","2532967691","3.56014"
"2532967691","2236011587","3.56014"
"2236011587","889496518","2.47681"
"889496518","2236011587","2.47681"
"2421389337","2532967691","19.9333"
"2532967691","2421389337","19.9333"
"2421389337","889496518","0.1"
"889496518","2421389337","0.1"
"2532967691","889496518","2.47681"
"889496518","2532967691","2.47681"
"2022542865","2078212354","5.14286"
"2078212354","2022542865","5.14286"
"2078212354","2132768130","4.88571"
"2132768130","2078212354","4.88571"
"1516526996","1950199196","0.0434783"
"1950199196","1516526996","0.0434783"
"1516526996","1987480024","0.0434783"
"1987480024","1516526996","0.0434783"
"1516526996","2035165116","0.0434783"
"2035165116","1516526996","0.0434783"
"1516526996","2037963635","0.0434783"
"2037963635","1516526996","0.0434783"
"1516526996","2050940312","0.0434783"
"2050940312","1516526996","0.0434783"
"1516526996","2066513365","0.0434783"
"2066513365","1516526996","0.0434783"
"1516526996","2107056341","0.0434783"
"2107056341","1516526996","0.0434783"
"1516526996","2109642764","0.0434783"
"2109642764","1516526996","0.0434783"
"1516526996","2162379889","0.0434783"
"2162379889","1516526996","0.0434783"
"1516526996","2209014286","0.0434783"
"2209014286","1516526996","0.0434783"
"1516526996","2341808083","0.0434783"
"2341808083","1516526996","0.0434783"
"1516526996","2576295605","0.0434783"
"2576295605","1516526996","0.0434783"
"1516526996","2616666333","0.0434783"
"2616666333","1516526996","0.0434783"
"1516526996","2743489687","0.0434783"
"2743489687","1516526996","0.0434783"
"1516526996","2759667019","0.0434783"
"2759667019","1516526996","0.0434783"
"1516526996","2766587611","0.0434783"
"2766587611","1516526996","0.0434783"
"1950199196","1987480024","0.0434783"
"1987480024","1950199196","0.0434783"
"1950199196","2035165116","0.0434783"
"2035165116","1950199196","0.0434783"
"1950199196","2037963635","1.54348"
"2037963635","1950199196","1.54348"
"1950199196","2050940312","0.0434783"
"2050940312","1950199196","0.0434783"
"1950199196","2066513365","0.0434783"
"2066513365","1950199196","0.0434783"
"1950199196","2107056341","0.0434783"
"2107056341","1950199196","0.0434783"
"1950199196","2109642764","0.0434783"
"2109642764","1950199196","0.0434783"
"1950199196","2123779242","0.0434783"
"2123779242","1950199196","0.0434783"
"1950199196","2125678004","0.0434783"
"2125678004","1950199196","0.0434783"
"1950199196","2132768130","0.0434783"
"2132768130","1950199196","0.0434783"
"1950199196","2149545836","0.0434783"
"2149545836","1950199196","0.0434783"
"1950199196","2162379889","0.0434783"
"2162379889","1950199196","0.0434783"
"1950199196","2209014286","0.0434783"
"2209014286","1950199196","0.0434783"
"1950199196","2236011587","0.0434783"
"2236011587","1950199196","0.0434783"
"1950199196","2341808083","0.0434783"
"2341808083","1950199196","0.0434783"
"1950199196","2532967691","0.0434783"
"2532967691","1950199196","0.0434783"
"1950199196","2576295605","0.0434783"
"2576295605","1950199196","0.0434783"
"1950199196","2616666333","0.0434783"
"2616666333","1950199196","0.0434783"
"1950199196","2743489687","0.0434783"
"2743489687","1950199196","0.0434783"
"1950199196","2759667019","0.0434783"
"2759667019","1950199196","0.0434783"
"1950199196","2766587611","0.0434783"
"2766587611","1950199196","0.0434783"
"1950199196","889496518","0.0434783"
"889496518","1950199196","0.0434783"
"1987480024","2035165116","0.0434783"
"2035165116","1987480024","0.0434783"
"1987480024","2037963635","0.0434783"
"2037963635","1987480024","0.0434783"
"1987480024","2050940312","0.0434783"
"2050940312","1987480024","0.0434783"
"1987480024","2066513365","0.0434783"
"2066513365","1987480024","0.0434783"
"1987480024","2107056341","2.04348"
"2107056341","1987480024","2.04348"
"1987480024","2109642764","0.0434783"
"2109642764","1987480024","0.0434783"
"1987480024","2123779242","0.0434783"
"2123779242","1987480024","0.0434783"
"1987480024","2125678004","0.0434783"
"2125678004","1987480024","0.0434783"
"1987480024","2132768130","0.0434783"
"2132768130","1987480024","0.0434783"
"1987480024","2149545836","0.0434783"
"2149545836","1987480024","0.0434783"
"1987480024","2162379889","0.0434783"
"2162379889","1987480024","0.0434783"
"1987480024","2209014286","0.0434783"
"2209014286","1987480024","0.0434783"
"1987480024","2236011587","0.0434783"
"2236011587","1987480024","0.0434783"
"1987480024","2341808083","0.0434783"
"2341808083","1987480024","0.0434783"
"1987480024","2532967691","0.0434783"
"2532967691","1987480024","0.0434783"
"1987480024","2576295605","0.0434783"
"2576295605","1987480024","0.0434783"
"1987480024","2616666333","0.0434783"
"2616666333","1987480024","0.0434783"
"1987480024","2743489687","0.0434783"
"2743489687","1987480024","0.0434783"
"1987480024","2759667019","0.0434783"
"2759667019","1987480024","0.0434783"
"1987480024","2766587611","0.0434783"
"2766587611","1987480024","0.0434783"
"1987480024","889496518","0.0434783"
"889496518","1987480024","0.0434783"
"2035165116","2037963635","0.0434783"
"2037963635","2035165116","0.0434783"
"2035165116","2050940312","1.04348"
"2050940312","2035165116","1.04348"
"2035165116","2066513365","0.0434783"
"2066513365","2035165116","0.0434783"
"2035165116","2107056341","0.0434783"
"2107056341","2035165116","0.0434783"
"2035165116","2109642764","0.0434783"
"2109642764","2035165116","0.0434783"
"2035165116","2123779242","0.0434783"
"2123779242","2035165116","0.0434783"
"2035165116","2125678004","0.0434783"
"2125678004","2035165116","0.0434783"
"2035165116","2132768130","0.0434783"
"2132768130","2035165116","0.0434783"
"2035165116","2149545836","0.0434783"
"2149545836","2035165116","0.0434783"
"2035165116","2162379889","0.0434783"
"2162379889","2035165116","0.0434783"
"2035165116","2209014286","0.0434783"
"2209014286","2035165116","0.0434783"
"2035165116","2236011587","0.0434783"
"2236011587","2035165116","0.0434783"
"2035165116","2341808083","0.0434783"
"2341808083","2035165116","0.0434783"
"2035165116","2532967691","0.0434783"
"2532967691","2035165116","0.0434783"
"2035165116","2576295605","0.0434783"
"2576295605","2035165116","0.0434783"
"2035165116","2616666333","0.0434783"
"2616666333","2035165116","0.0434783"
"2035165116","2743489687","0.0434783"
"2743489687","2035165116","0.0434783"
"2035165116","2759667019","0.0434783"
"2759667019","2035165116","0.0434783"
"2035165116","2766587611","0.0434783"
"2766587611","2035165116","0.0434783"
"2035165116","889496518","0.0434783"
"889496518","2035165116","0.0434783"
"2037963635","2050940312","0.0434783"
"2050940312","2037963635","0.0434783"
"2037963635","2066513365","0.0434783"
"2066513365","2037963635","0.0434783"
"2037963635","2107056341","0.0434783"
"2107056341","2037963635","0.0434783"
"2037963635","2109642764","0.0434783"
"2109642764","2037963635","0.0434783"
"2037963635","2123779242","0.0434783"
"2123779242","2037963635","0.0434783"
"2037963635","2125678004","0.0434783"
"2125678004","2037963635","0.0434783"
"2037963635","2132768130","0.0434783"
"2132768130","2037963635","0.0434783"
"2037963635","2149545836","0.0434783"
"2149545836","2037963635","0.0434783"
"2037963635","2162379889","0.0434783"
"2162379889","2037963635","0.0434783"
"2037963635","2209014286","0.0434783"
"2209014286","2037963635","0.0434783"
"2037963635","2236011587","0.0434783"
"2236011587","2037963635","0.0434783"
"2037963635","2341808083","0.0434783"
"2341808083","2037963635","0.0434783"
"2037963635","2532967691","0.0434783"
"2532967691","2037963635","0.0434783"
"2037963635","2576295605","0.243478"
"2576295605","2037963635","0.243478"
"2037963635","2616666333","0.0434783"
"2616666333","2037963635","0.0434783"
"2037963635","2743489687","0.243478"
"2743489687","2037963635","0.243478"
"2037963635","2759667019","0.0434783"
"2759667019","2037963635","0.0434783"
"2037963635","2766587611","0.0434783"
"2766587611","2037963635","0.0434783"
"2037963635","889496518","0.0434783"
"889496518","2037963635","0.0434783"
"2050940312","2066513365","0.0434783"
"2066513365","2050940312","0.0434783"
"2050940312","2107056341","0.0434783"
"2107056341","2050940312","0.0434783"
"2050940312","2109642764","0.0434783"
"2109642764","2050940312","0.0434783"
"2050940312","2123779242","0.0434783"
"2123779242","2050940312","0.0434783"
"2050940312","2125678004","0.0434783"
"2125678004","2050940312","0.0434783"
"2050940312","2132768130","0.0434783"
"2132768130","2050940312","0.0434783"
"2050940312","2149545836","0.0434783"
"2149545836","2050940312","0.0434783"
"2050940312","2162379889","0.0434783"
"2162379889","2050940312","0.0434783"
"2050940312","2209014286","0.0434783"
"2209014286","2050940312","0.0434783"
"2050940312","2236011587","0.0434783"
"2236011587","2050940312","0.0434783"
"2050940312","2341808083","0.0434783"
"2341808083","2050940312","0.0434783"
"2050940312","2532967691","0.0434783"
"2532967691","2050940312","0.0434783"
"2050940312","2576295605","0.0434783"
"2576295605","2050940312","0.0434783"
"2050940312","2616666333","0.0434783"
"2616666333","2050940312","0.0434783"
"2050940312","2743489687","0.0434783"
"2743489687","2050940312","0.0434783"
"2050940312","2759667019","0.0434783"
"2759667019","2050940312","0.0434783"
"2050940312","2766587611","0.0434783"
"2766587611","2050940312","0.0434783"
"2050940312","889496518","0.0434783"
"889496518","2050940312","0.0434783"
"2066513365","2107056341","0.0434783"
"2107056341","2066513365","0.0434783"
"2066513365","2109642764","0.0434783"
"2109642764","2066513365","0.0434783"
"2066513365","2123779242","0.0434783"
"2123779242","2066513365","0.0434783"
"2066513365","2125678004","0.0434783"
"2125678004","2066513365","0.0434783"
"2066513365","2132768130","0.0434783"
"2132768130","2066513365","0.0434783"
"2066513365","2149545836","0.0434783"
"2149545836","2066513365","0.0434783"
"2066513365","2162379889","0.0434783"
"2162379889","2066513365","0.0434783"
"2066513365","2209014286","0.0434783"
"2209014286","2066513365","0.0434783"
"2066513365","2236011587","0.0434783"
"2236011587","2066513365","0.0434783"
"2066513365","2341808083","0.0434783"
"2341808083","2066513365","0.0434783"
"2066513365","2532967691","0.0434783"
"2532967691","2066513365","0.0434783"
"2066513365","2576295605","0.0434783"
"2576295605","2066513365","0.0434783"
"2066513365","2616666333","0.0434783"
"2616666333","2066513365","0.0434783"
"2066513365","2743489687","0.0434783"
"2743489687","2066513365","0.0434783"
"2066513365","2759667019","0.0434783"
"2759667019","2066513365","0.0434783"
"2066513365","2766587611","0.0434783"
"2766587611","2066513365","0.0434783"
"2066513365","889496518","0.0434783"
"889496518","2066513365","0.0434783"
"2107056341","2109642764","0.0434783"
"2109642764","2107056341","0.0434783"
"2107056341","2123779242","0.0434783"
"2123779242","2107056341","0.0434783"
"2107056341","2125678004","0.0434783"
"2125678004","2107056341","0.0434783"
"2107056341","2132768130","0.0434783"
"2132768130","2107056341","0.0434783"
"2107056341","2149545836","0.376812"
"2149545836","2107056341","0.376812"
"2107056341","2162379889","0.0434783"
"2162379889","2107056341","0.0434783"
"2107056341","2209014286","0.0434783"
"2209014286","2107056341","0.0434783"
"2107056341","2236011587","0.0434783"
"2236011587","2107056341","0.0434783"
"2107056341","2341808083","0.0434783"
"2341808083","2107056341","0.0434783"
"2107056341","2532967691","0.0434783"
"2532967691","2107056341","0.0434783"
"2107056341","2576295605","0.0434783"
"2576295605","2107056341","0.0434783"
"2107056341","2616666333","0.0434783"
"2616666333","2107056341","0.0434783"
"2107056341","2743489687","0.0434783"
"2743489687","2107056341","0.0434783"
"2107056341","2759667019","0.0434783"
"2759667019","2107056341","0.0434783"
"2107056341","2766587611","0.0434783"
"2766587611","2107056341","0.0434783"
"2107056341","889496518","0.0434783"
"889496518","2107056341","0.0434783"
"2109642764","2123779242","0.243478"
"2123779242","2109642764","0.243478"
"2109642764","2125678004","0.0434783"
"2125678004","2109642764","0.0434783"
"2109642764","2132768130","0.495859"
"2132768130","2109642764","0.495859"
"2109642764","2149545836","1.02919"
"2149545836","2109642764","1.02919"
"2109642764","2162379889","0.186335"
"2162379889","2109642764","0.186335"
"2109642764","2209014286","0.0434783"
"2209014286","2109642764","0.0434783"
"2109642764","2236011587","0.243478"
"2236011587","2109642764","0.243478"
"2109642764","2341808083","0.0434783"
"2341808083","2109642764","0.0434783"
"2109642764","2532967691","0.293478"
"2532967691","2109642764","0.293478"
"2109642764","2576295605","0.0434783"
"2576295605","2109642764","0.0434783"
"2109642764","2616666333","0.0434783"
"2616666333","2109642764","0.0434783"
"2109642764","2743489687","0.0434783"
"2743489687","2109642764","0.0434783"
"2109642764","2759667019","0.0434783"
"2759667019","2109642764","0.0434783"
"2109642764","2766587611","0.0434783"
"2766587611","2109642764","0.0434783"
"2109642764","889496518","0.0434783"
"889496518","2109642764","0.0434783"
"2123779242","2125678004","1.04348"
"2125678004","2123779242","1.04348"
"2123779242","2132768130","7.53634"
"2132768130","2123779242","7.53634"
"2123779242","2149545836","9.83634"
"2149545836","2123779242","9.83634"
"2123779242","2162379889","1.72919"
"2162379889","2123779242","1.72919"
"2123779242","2209014286","0.0434783"
"2209014286","2123779242","0.0434783"
"2123779242","2236011587","0.210145"
"2236011587","2123779242","0.210145"
"2123779242","2341808083","0.0434783"
"2341808083","2123779242","0.0434783"
"2123779242","2532967691","0.353002"
"2532967691","2123779242","0.353002"
"2123779242","2576295605","0.0434783"
"2576295605","2123779242","0.0434783"
"2123779242","2616666333","0.0434783"
"2616666333","2123779242","0.0434783"
"2123779242","2743489687","0.0434783"
"2743489687","2123779242","0.0434783"
"2123779242","2759667019","0.0434783"
"2759667019","2123779242","0.0434783"
"2123779242","2766587611","0.186335"
"2766587611","2123779242","0.186335"
"2123779242","889496518","3.87681"
"889496518","2123779242","3.87681"
"2125678004","2149545836","0.0434783"
"2149545836","2125678004","0.0434783"
"2125678004","2162379889","0.0434783"
"2162379889","2125678004","0.0434783"
"2125678004","2209014286","0.0434783"
"2209014286","2125678004","0.0434783"
"2125678004","2341808083","0.0434783"
"2341808083","2125678004","0.0434783"
"2125678004","2576295605","0.0434783"
"2576295605","2125678004","0.0434783"
"2125678004","2616666333","0.376812"
"2616666333","2125678004","0.376812"
"2125678004","2743489687","0.0434783"
"2743489687","2125678004","0.0434783"
"2125678004","2759667019","0.0434783"
"2759667019","2125678004","0.0434783"
"2125678004","2766587611","1.37681"
"2766587611","2125678004","1.37681"
"2132768130","2149545836","16.2554"
"2149545836","2132768130","16.2554"
"2132768130","2162379889","3.06253"
"2162379889","2132768130","3.06253"
"2132768130","2209014286","0.0434783"
"2209014286","2132768130","0.0434783"
"2132768130","2341808083","0.0434783"
"2341808083","2132768130","0.0434783"
"2132768130","2576295605","0.0434783"
"2576295605","2132768130","0.0434783"
"2132768130","2616666333","0.293478"
"2616666333","2132768130","0.293478"
"2132768130","2743489687","0.0434783"
"2743489687","2132768130","0.0434783"
"2132768130","2759667019","0.0434783"
"2759667019","2132768130","0.0434783"
"2132768130","2766587611","0.0434783"
"2766587611","2132768130","0.0434783"
"2149545836","2162379889","7.36253"
"2162379889","2149545836","7.36253"
"2149545836","2209014286","0.0434783"
"2209014286","2149545836","0.0434783"
"2149545836","2236011587","2.29348"
"2236011587","2149545836","2.29348"
"2149545836","2341808083","0.0434783"
"2341808083","2149545836","0.0434783"
"2149545836","2532967691","2.46014"
"2532967691","2149545836","2.46014"
"2149545836","2576295605","0.0434783"
"2576295605","2149545836","0.0434783"
"2149545836","2616666333","0.293478"
"2616666333","2149545836","0.293478"
"2149545836","2743489687","0.0434783"
"2743489687","2149545836","0.0434783"
"2149545836","2759667019","0.0434783"
"2759667019","2149545836","0.0434783"
"2149545836","2766587611","0.0434783"
"2766587611","2149545836","0.0434783"
"2149545836","889496518","1.71014"
"889496518","2149545836","1.71014"
"2162379889","2209014286","0.0434783"
"2209014286","2162379889","0.0434783"
"2162379889","2236011587","0.210145"
"2236011587","2162379889","0.210145"
"2162379889","2341808083","0.0434783"
"2341808083","2162379889","0.0434783"
"2162379889","2532967691","0.186335"
"2532967691","2162379889","0.186335"
"2162379889","2576295605","0.0434783"
"2576295605","2162379889","0.0434783"
"2162379889","2616666333","0.0434783"
"2616666333","2162379889","0.0434783"
"2162379889","2743489687","0.0434783"
"2743489687","2162379889","0.0434783"
"2162379889","2759667019","0.0434783"
"2759667019","2162379889","0.0434783"
"2162379889","2766587611","0.186335"
"2766587611","2162379889","0.186335"
"2162379889","889496518","0.710145"
"889496518","2162379889","0.710145"
"2209014286","2236011587","0.0434783"
"2236011587","2209014286","0.0434783"
"2209014286","2341808083","0.376812"
"2341808083","2209014286","0.376812"
"2209014286","2532967691","0.0434783"
"2532967691","2209014286","0.0434783"
"2209014286","2576295605","0.0434783"
"2576295605","2209014286","0.0434783"
"2209014286","2616666333","0.0434783"
"2616666333","2209014286","0.0434783"
"2209014286","2743489687","0.0434783"
"2743489687","2209014286","0.0434783"
"2209014286","2759667019","0.876812"
"2759667019","2209014286","0.876812"
"2209014286","2766587611","0.0434783"
"2766587611","2209014286","0.0434783"
"2209014286","889496518","0.0434783"
"889496518","2209014286","0.0434783"
"2236011587","2341808083","0.0434783"
"2341808083","2236011587","0.0434783"
"2236011587","2576295605","0.0434783"
"2576295605","2236011587","0.0434783"
"2236011587","2616666333","2.62681"
"2616666333","2236011587","2.62681"
"2236011587","2743489687","0.0434783"
"2743489687","2236011587","0.0434783"
"2236011587","2759667019","0.0434783"
"2759667019","2236011587","0.0434783"
"2236011587","2766587611","0.0434783"
"2766587611","2236011587","0.0434783"
"2341808083","2532967691","0.0434783"
"2532967691","2341808083","0.0434783"
"2341808083","2576295605","1.04348"
"2576295605","2341808083","1.04348"
"2341808083","2616666333","0.0434783"
"2616666333","2341808083","0.0434783"
"2341808083","2743489687","0.0434783"
"2743489687","2341808083","0.0434783"
"2341808083","2759667019","5.37681"
"2759667019","2341808083","5.37681"
"2341808083","2766587611","0.0434783"
"2766587611","2341808083","0.0434783"
"2341808083","889496518","0.0434783"
"889496518","2341808083","0.0434783"
"2532967691","2576295605","0.0434783"
"2576295605","2532967691","0.0434783"
"2532967691","2616666333","3.37681"
"2616666333","2532967691","3.37681"
"2532967691","2743489687","0.0434783"
"2743489687","2532967691","0.0434783"
"2532967691","2759667019","0.0434783"
"2759667019","2532967691","0.0434783"
"2532967691","2766587611","10.603"
"2766587611","2532967691","10.603"
"2576295605","2616666333","0.0434783"
"2616666333","2576295605","0.0434783"
"2576295605","2743489687","8.32681"
"2743489687","2576295605","8.32681"
"2576295605","2759667019","0.0434783"
"2759667019","2576295605","0.0434783"
"2576295605","2766587611","0.0434783"
"2766587611","2576295605","0.0434783"
"2576295605","889496518","0.0434783"
"889496518","2576295605","0.0434783"
"2616666333","2743489687","0.0434783"
"2743489687","2616666333","0.0434783"
"2616666333","2759667019","0.0434783"
"2759667019","2616666333","0.0434783"
"2616666333","2766587611","0.0434783"
"2766587611","2616666333","0.0434783"
"2616666333","889496518","1.54348"
"889496518","2616666333","1.54348"
"2743489687","2759667019","0.0434783"
"2759667019","2743489687","0.0434783"
"2743489687","2766587611","0.0434783"
"2766587611","2743489687","0.0434783"
"2743489687","889496518","0.0434783"
"889496518","2743489687","0.0434783"
"2759667019","2766587611","0.0434783"
"2766587611","2759667019","0.0434783"
"2759667019","889496518","0.0434783"
"889496518","2759667019","0.0434783"
"2766587611","889496518","0.543478"
"889496518","2766587611","0.543478"
"2022542865","2123779242","7.14286"
"2123779242","2022542865","7.14286"
"2022542865","2149545836","6.97619"
"2149545836","2022542865","6.97619"
"2123779242","2421389337","0.166667"
"2421389337","2123779242","0.166667"
"2149545836","2421389337","1.16667"
"2421389337","2149545836","1.16667"
"1560221996","2097583584","0.833333"
"2097583584","1560221996","0.833333"
"1560221996","2132768130","0.333333"
"2132768130","1560221996","0.333333"
"1560221996","2149545836","1.53333"
"2149545836","1560221996","1.53333"
"2097583584","2132768130","0.47619"
"2132768130","2097583584","0.47619"
"2097583584","2149545836","1.30952"
"2149545836","2097583584","1.30952"
"1560221996","2161195135","1.5"
"2161195135","1560221996","1.5"
"1560221996","1990503647","4"
"1990503647","1560221996","4"
"1560221996","2951051665","1.5"
"2951051665","1560221996","1.5"
"2161195135","2951051665","0.5"
"2951051665","2161195135","0.5"
"1560221996","2049359028","1.2"
"2049359028","1560221996","1.2"
"1560221996","2107885921","0.2"
"2107885921","1560221996","0.2"
"1560221996","2107927452","0.2"
"2107927452","1560221996","0.2"
"1560221996","2132678785","0.2"
"2132678785","1560221996","0.2"
"2049359028","2107885921","0.533333"
"2107885921","2049359028","0.533333"
"2049359028","2107927452","18.5"
"2107927452","2049359028","18.5"
"2049359028","2132678785","7.35"
"2132678785","2049359028","7.35"
"2049359028","2149545836","0.4"
"2149545836","2049359028","0.4"
"2107885921","2107927452","3.98333"
"2107927452","2107885921","3.98333"
"2107885921","2132678785","8.79286"
"2132678785","2107885921","8.79286"
"2107885921","2149545836","0.342857"
"2149545836","2107885921","0.342857"
"2107927452","2132678785","78.6929"
"2132678785","2107927452","78.6929"
"2107927452","2149545836","3.59286"
"2149545836","2107927452","3.59286"
"2132678785","2149545836","2.98571"
"2149545836","2132678785","2.98571"
"1560221996","2123779242","0.5"
"2123779242","1560221996","0.5"
"1950199196","2123117446","0.5"
"2123117446","1950199196","0.5"
"2037963635","2123117446","2.5"
"2123117446","2037963635","2.5"
"1968868556","2163882872","2.73333"
"2163882872","1968868556","2.73333"
"1968868556","1979005794","2.58333"
"1979005794","1968868556","2.58333"
"1968868556","2107927452","11.65"
"2107927452","1968868556","11.65"
"1968868556","2108405327","0.65"
"2108405327","1968868556","0.65"
"1968868556","2132678785","4.14286"
"2132678785","1968868556","4.14286"
"1979005794","2107927452","122.36"
"2107927452","1979005794","122.36"
"1979005794","2108405327","0.783333"
"2108405327","1979005794","0.783333"
"1979005794","2132678785","60.9095"
"2132678785","1979005794","60.9095"
"2107927452","2108405327","0.85"
"2108405327","2107927452","0.85"
"2108405327","2132678785","0.783333"
"2132678785","2108405327","0.783333"
"1968868556","2110003481","1.66667"
"2110003481","1968868556","1.66667"
"1979005794","2110003481","3.25"
"2110003481","1979005794","3.25"
"2107927452","2110003481","16.25"
"2110003481","2107927452","16.25"
"1968868556","1984237017","0.75"
"1984237017","1968868556","0.75"
"1984237017","2132678785","2.7"
"2132678785","1984237017","2.7"
"1968868556","2049359028","0.733333"
"2049359028","1968868556","0.733333"
"1968868556","2132768130","0.47619"
"2132768130","1968868556","0.47619"
"2049359028","2132768130","1.25"
"2132768130","2049359028","1.25"
"2107927452","2132768130","3.47619"
"2132768130","2107927452","3.47619"
"1968868556","2078212354","0.142857"
"2078212354","1968868556","0.142857"
"1968868556","2107885921","0.392857"
"2107885921","1968868556","0.392857"
"1968868556","2109642764","2.04286"
"2109642764","1968868556","2.04286"
"1968868556","2149545836","0.392857"
"2149545836","1968868556","0.392857"
"1968868556","2162379889","0.142857"
"2162379889","1968868556","0.142857"
"2078212354","2107885921","0.142857"
"2107885921","2078212354","0.142857"
"2078212354","2109642764","0.142857"
"2109642764","2078212354","0.142857"
"2078212354","2132678785","1.47619"
"2132678785","2078212354","1.47619"
"2078212354","2162379889","2.82857"
"2162379889","2078212354","2.82857"
"2107885921","2109642764","0.142857"
"2109642764","2107885921","0.142857"
"2107885921","2132768130","0.142857"
"2132768130","2107885921","0.142857"
"2107885921","2162379889","0.142857"
"2162379889","2107885921","0.142857"
"2109642764","2132678785","4.40238"
"2132678785","2109642764","4.40238"
"2132678785","2132768130","0.869048"
"2132768130","2132678785","0.869048"
"2132678785","2162379889","2.14286"
"2162379889","2132678785","2.14286"
"2107927452","2109642764","4.40952"
"2109642764","2107927452","4.40952"
"1979005794","1984237017","1.78333"
"1984237017","1979005794","1.78333"
"1979005794","2149545836","3.42619"
"2149545836","1979005794","3.42619"
"1984237017","2107927452","6.86667"
"2107927452","1984237017","6.86667"
"1984237017","2149545836","2.08333"
"2149545836","1984237017","2.08333"
"1979005794","2107885921","3.95"
"2107885921","1979005794","3.95"
"2049359028","2108405327","0.6"
"2108405327","2049359028","0.6"
"2049359028","2109642764","2.96667"
"2109642764","2049359028","2.96667"
"2049359028","2163882872","2.46667"
"2163882872","2049359028","2.46667"
"2107927452","2163882872","21.3667"
"2163882872","2107927452","21.3667"
"2108405327","2109642764","0.4"
"2109642764","2108405327","0.4"
"2108405327","2163882872","0.6"
"2163882872","2108405327","0.6"
"2109642764","2163882872","1.1"
"2163882872","2109642764","1.1"
"1968868556","2022542865","0.5"
"2022542865","1968868556","0.5"
"2022542865","2107927452","2.33333"
"2107927452","2022542865","2.33333"
"1968868556","2165157425","1"
"2165157425","1968868556","1"
"2110003481","2163882872","2.25"
"2163882872","2110003481","2.25"
"1974753421","1979005794","0.666667"
"1979005794","1974753421","0.666667"
"1974753421","1988287322","0.333333"
"1988287322","1974753421","0.333333"
"1974753421","2163882872","0.333333"
"2163882872","1974753421","0.333333"
"1979005794","1988287322","2.5"
"1988287322","1979005794","2.5"
"1979005794","2163882872","21.3"
"2163882872","1979005794","21.3"
"1988287322","2163882872","0.833333"
"2163882872","1988287322","0.833333"
"1974753421","2151700547","1"
"2151700547","1974753421","1"
"1974753421","2131103246","3"
"2131103246","1974753421","3"
"1974753421","2110529497","1"
"2110529497","1974753421","1"
"1974753421","2037963635","2.2"
"2037963635","1974753421","2.2"
"1974753421","2107927452","0.333333"
"2107927452","1974753421","0.333333"
"1974753421","2165157425","0.333333"
"2165157425","1974753421","0.333333"
"1979005794","2165157425","2.33333"
"2165157425","1979005794","2.33333"
"2107927452","2165157425","1"
"2165157425","2107927452","1"
"1974753421","2576295605","0.2"
"2576295605","1974753421","0.2"
"1974753421","2743489687","0.2"
"2743489687","1974753421","0.2"
"1974753421","2798750142","0.2"
"2798750142","1974753421","0.2"
"1974753421","2952677376","0.2"
"2952677376","1974753421","0.2"
"2037963635","2798750142","0.2"
"2798750142","2037963635","0.2"
"2037963635","2952677376","0.2"
"2952677376","2037963635","0.2"
"2576295605","2798750142","3.28333"
"2798750142","2576295605","3.28333"
"2576295605","2952677376","0.533333"
"2952677376","2576295605","0.533333"
"2743489687","2798750142","3.28333"
"2798750142","2743489687","3.28333"
"2743489687","2952677376","0.533333"
"2952677376","2743489687","0.533333"
"2798750142","2952677376","0.533333"
"2952677376","2798750142","0.533333"
"1974753421","2037403365","0.333333"
"2037403365","1974753421","0.333333"
"1974753421","2050940312","0.333333"
"2050940312","1974753421","0.333333"
"1974753421","2126840151","0.333333"
"2126840151","1974753421","0.333333"
"2037403365","2050940312","0.333333"
"2050940312","2037403365","0.333333"
"2037403365","2126840151","0.333333"
"2126840151","2037403365","0.333333"
"2050940312","2126840151","6.83333"
"2126840151","2050940312","6.83333"
"2132678785","2163882872","12.6833"
"2163882872","2132678785","12.6833"
"1979005794","2056789511","1"
"2056789511","1979005794","1"
"2056789511","2107927452","2"
"2107927452","2056789511","2"
"1979005794","2132768130","1.34286"
"2132768130","1979005794","1.34286"
"1979005794","1990503647","1.03333"
"1990503647","1979005794","1.03333"
"1979005794","2049359028","9.01667"
"2049359028","1979005794","9.01667"
"1988287322","2049359028","0.166667"
"2049359028","1988287322","0.166667"
"1988287322","2107927452","4"
"2107927452","1988287322","4"
"1988287322","2132678785","3.16667"
"2132678785","1988287322","3.16667"
"1990503647","2049359028","0.333333"
"2049359028","1990503647","0.333333"
"1990503647","2107927452","2.08333"
"2107927452","1990503647","2.08333"
"1990503647","2132678785","2.58333"
"2132678785","1990503647","2.58333"
"1990503647","2163882872","0.75"
"2163882872","1990503647","0.75"
"1979005794","2097583584","3.47619"
"2097583584","1979005794","3.47619"
"1979005794","2109642764","4.20952"
"2109642764","1979005794","4.20952"
"2097583584","2109642764","0.809524"
"2109642764","2097583584","0.809524"
"2097583584","2132678785","2.47619"
"2132678785","2097583584","2.47619"
"1979005794","2123779242","0.4"
"2123779242","1979005794","0.4"
"1979005794","2161195135","0.6"
"2161195135","1979005794","0.6"
"2049359028","2123779242","0.533333"
"2123779242","2049359028","0.533333"
"2049359028","2161195135","0.366667"
"2161195135","2049359028","0.366667"
"2109642764","2161195135","0.866667"
"2161195135","2109642764","0.866667"
"2123779242","2161195135","2.95952"
"2161195135","2123779242","2.95952"
"2149545836","2161195135","7.78333"
"2161195135","2149545836","7.78333"
"1979005794","2950165082","0.333333"
"2950165082","1979005794","0.333333"
"2107927452","2950165082","0.333333"
"2950165082","2107927452","0.333333"
"2132678785","2950165082","0.333333"
"2950165082","2132678785","0.333333"
"1979005794","2104536218","2.5"
"2104536218","1979005794","2.5"
"2104536218","2132678785","0.5"
"2132678785","2104536218","0.5"
"2107885921","2163882872","0.7"
"2163882872","2107885921","0.7"
"2110003481","2132678785","5.41667"
"2132678785","2110003481","5.41667"
"1979005794","2116950384","1"
"2116950384","1979005794","1"
"1979005794","2100761657","0.142857"
"2100761657","1979005794","0.142857"
"2097583584","2100761657","0.142857"
"2100761657","2097583584","0.142857"
"2097583584","2107927452","6.30952"
"2107927452","2097583584","6.30952"
"2100761657","2107927452","0.142857"
"2107927452","2100761657","0.142857"
"2100761657","2109642764","0.342857"
"2109642764","2100761657","0.342857"
"2100761657","2132678785","0.142857"
"2132678785","2100761657","0.142857"
"2100761657","2149545836","1.28571"
"2149545836","2100761657","1.28571"
"1979005794","2162379889","2"
"2162379889","1979005794","2"
"2049359028","2097583584","0.833333"
"2097583584","2049359028","0.833333"
"1990503647","2108405327","0.333333"
"2108405327","1990503647","0.333333"
"1979005794","2078212354","0.2"
"2078212354","1979005794","0.2"
"1990503647","2161195135","4.34286"
"2161195135","1990503647","4.34286"
"2078212354","2161195135","1.34286"
"2161195135","2078212354","1.34286"
"2132768130","2161195135","2.61667"
"2161195135","2132768130","2.61667"
"1984237017","2107885921","0.2"
"2107885921","1984237017","0.2"
"1984237017","2163882872","0.45"
"2163882872","1984237017","0.45"
"1979005794","2953310471","1"
"2953310471","1979005794","1"
"2163882872","2165157425","0.5"
"2165157425","2163882872","0.5"
"1979005794","2236011587","0.5"
"2236011587","1979005794","0.5"
"1979005794","889496518","0.5"
"889496518","1979005794","0.5"
"2149545836","2165157425","7.25"
"2165157425","2149545836","7.25"
"1979005794","2022542865","2"
"2022542865","1979005794","2"
"1979005794","2421389337","0.5"
"2421389337","1979005794","0.5"
"2109642764","2421389337","0.75"
"2421389337","2109642764","0.75"
"1979005794","2532967691","0.2"
"2532967691","1979005794","0.2"
"1979005794","2963629772","0.2"
"2963629772","1979005794","0.2"
"2107927452","2161195135","2.7"
"2161195135","2107927452","2.7"
"2107927452","2532967691","0.2"
"2532967691","2107927452","0.2"
"2107927452","2963629772","0.2"
"2963629772","2107927452","0.2"
"2161195135","2163882872","0.2"
"2163882872","2161195135","0.2"
"2161195135","2532967691","2.84286"
"2532967691","2161195135","2.84286"
"2161195135","2963629772","0.2"
"2963629772","2161195135","0.2"
"2163882872","2532967691","0.2"
"2532967691","2163882872","0.2"
"2163882872","2963629772","0.2"
"2963629772","2163882872","0.2"
"2532967691","2963629772","3.28333"
"2963629772","2532967691","3.28333"
"1982768666","2108009586","9"
"2108009586","1982768666","9"
"1982768666","2110529497","1.5"
"2110529497","1982768666","1.5"
"1982768666","2131103246","2.5"
"2131103246","1982768666","2.5"
"2108009586","2131103246","6"
"2131103246","2108009586","6"
"1982768666","2151700547","3"
"2151700547","1982768666","3"
"1982768666","2163882872","0.5"
"2163882872","1982768666","0.5"
"2108009586","2163882872","0.5"
"2163882872","2108009586","0.5"
"1982768666","2126840151","1.5"
"2126840151","1982768666","1.5"
"1982768666","2081118310","1"
"2081118310","1982768666","1"
"1982768666","2050940312","0.5"
"2050940312","1982768666","0.5"
"1982768666","2799241431","0.5"
"2799241431","1982768666","0.5"
"2110529497","2799241431","0.5"
"2799241431","2110529497","0.5"
"1984237017","2049359028","0.583333"
"2049359028","1984237017","0.583333"
"1984237017","2132768130","0.25"
"2132768130","1984237017","0.25"
"2132768130","2163882872","0.833333"
"2163882872","2132768130","0.833333"
"1984237017","2123779242","0.666667"
"2123779242","1984237017","0.666667"
"2107927452","2123779242","0.333333"
"2123779242","2107927452","0.333333"
"1984237017","1990503647","1.33333"
"1990503647","1984237017","1.33333"
"1984237017","2161195135","0.333333"
"2161195135","1984237017","0.333333"
"1987480024","2037403365","3.5"
"2037403365","1987480024","3.5"
"1987480024","2041916017","0.5"
"2041916017","1987480024","0.5"
"2037403365","2041916017","4.5"
"2041916017","2037403365","4.5"
"1988287322","2022542865","1.47619"
"2022542865","1988287322","1.47619"
"1988287322","2078212354","1.37619"
"2078212354","1988287322","1.37619"
"1988287322","2100761657","0.142857"
"2100761657","1988287322","0.142857"
"1988287322","2123779242","0.959524"
"2123779242","1988287322","0.959524"
"1988287322","2132768130","3.95952"
"2132768130","1988287322","3.95952"
"1988287322","2149545836","0.759524"
"2149545836","1988287322","0.759524"
"1988287322","2162379889","0.542857"
"2162379889","1988287322","0.542857"
"2022542865","2162379889","3.64286"
"2162379889","2022542865","3.64286"
"2078212354","2100761657","1.45238"
"2100761657","2078212354","1.45238"
"2100761657","2123779242","0.785714"
"2123779242","2100761657","0.785714"
"2100761657","2162379889","9.61905"
"2162379889","2100761657","9.61905"
"1990503647","2162379889","8.34286"
"2162379889","1990503647","8.34286"
"1988287322","2108405327","1"
"2108405327","1988287322","1"
"1988287322","2110003481","0.833333"
"2110003481","1988287322","0.833333"
"1988287322","2161195135","0.25"
"2161195135","1988287322","0.25"
"2022542865","2132678785","1.08333"
"2132678785","2022542865","1.08333"
"1988287322","2165157425","5"
"2165157425","1988287322","5"
"1988287322","2125678004","0.5"
"2125678004","1988287322","0.5"
"2107927452","2125678004","0.5"
"2125678004","2107927452","0.5"
"1988287322","2532967691","0.5"
