"147179481","1528249715","0.333333"
"1528249715","147179481","0.333333"
"147179481","2087060113","0.333333"
"2087060113","147179481","0.333333"
"147179481","2100674109","0.333333"
"2100674109","147179481","0.333333"
"1528249715","2087060113","26.4833"
"2087060113","1528249715","26.4833"
"1528249715","2100674109","13.4"
"2100674109","1528249715","13.4"
"2087060113","2100674109","111.483"
"2100674109","2087060113","111.483"
"1482004933","1535784267","0.111111"
"1535784267","1482004933","0.111111"
"1482004933","2000346862","0.111111"
"2000346862","1482004933","0.111111"
"1482004933","2033300789","0.111111"
"2033300789","1482004933","0.111111"
"1482004933","2040988073","0.111111"
"2040988073","1482004933","0.111111"
"1482004933","2087060113","0.111111"
"2087060113","1482004933","0.111111"
"1482004933","2129982259","0.111111"
"2129982259","1482004933","0.111111"
"1482004933","2153902607","0.111111"
"2153902607","1482004933","0.111111"
"1482004933","2154373412","0.111111"
"2154373412","1482004933","0.111111"
"1482004933","2295695364","0.111111"
"2295695364","1482004933","0.111111"
"1535784267","2000346862","0.111111"
"2000346862","1535784267","0.111111"
"1535784267","2033300789","0.111111"
"2033300789","1535784267","0.111111"
"1535784267","2040988073","1.70202"
"2040988073","1535784267","1.70202"
"1535784267","2087060113","0.111111"
"2087060113","1535784267","0.111111"
"1535784267","2129982259","0.944444"
"2129982259","1535784267","0.944444"
"1535784267","2153902607","0.535354"
"2153902607","1535784267","0.535354"
"1535784267","2154373412","0.111111"
"2154373412","1535784267","0.111111"
"1535784267","2295695364","0.111111"
"2295695364","1535784267","0.111111"
"2000346862","2033300789","0.222222"
"2033300789","2000346862","0.222222"
"2000346862","2040988073","5.22222"
"2040988073","2000346862","5.22222"
"2000346862","2087060113","0.111111"
"2087060113","2000346862","0.111111"
"2000346862","2129982259","0.111111"
"2129982259","2000346862","0.111111"
"2000346862","2153902607","0.111111"
"2153902607","2000346862","0.111111"
"2000346862","2154373412","0.111111"
"2154373412","2000346862","0.111111"
"2000346862","2295695364","0.111111"
"2295695364","2000346862","0.111111"
"2033300789","2040988073","2.08889"
"2040988073","2033300789","2.08889"
"2033300789","2087060113","0.111111"
"2087060113","2033300789","0.111111"
"2033300789","2129982259","0.111111"
"2129982259","2033300789","0.111111"
"2033300789","2153902607","0.311111"
"2153902607","2033300789","0.311111"
"2033300789","2154373412","0.111111"
"2154373412","2033300789","0.111111"
"2033300789","2295695364","0.111111"
"2295695364","2033300789","0.111111"
"2040988073","2087060113","0.111111"
"2087060113","2040988073","0.111111"
"2040988073","2129982259","1.11111"
"2129982259","2040988073","1.11111"
"2040988073","2153902607","0.20202"
"2153902607","2040988073","0.20202"
"2040988073","2154373412","0.111111"
"2154373412","2040988073","0.111111"
"2040988073","2295695364","5.11111"
"2295695364","2040988073","5.11111"
"2087060113","2129982259","0.111111"
"2129982259","2087060113","0.111111"
"2087060113","2153902607","0.111111"
"2153902607","2087060113","0.111111"
"2087060113","2154373412","0.111111"
"2154373412","2087060113","0.111111"
"2087060113","2295695364","0.111111"
"2295695364","2087060113","0.111111"
"2129982259","2153902607","1.44444"
"2153902607","2129982259","1.44444"
"2129982259","2154373412","0.111111"
"2154373412","2129982259","0.111111"
"2129982259","2295695364","0.111111"
"2295695364","2129982259","0.111111"
"2153902607","2154373412","0.111111"
"2154373412","2153902607","0.111111"
"2153902607","2295695364","0.111111"
"2295695364","2153902607","0.111111"
"2154373412","2295695364","0.111111"
"2295695364","2154373412","0.111111"
"1489634932","2022311377","2"
"2022311377","1489634932","2"
"1489634932","2040988073","1.59091"
"2040988073","1489634932","1.59091"
"2022311377","2040988073","8.61111"
"2040988073","2022311377","8.61111"
"1489634932","1501381766","0.0909091"
"1501381766","1489634932","0.0909091"
"1489634932","1535784267","0.0909091"
"1535784267","1489634932","0.0909091"
"1489634932","2015068727","0.0909091"
"2015068727","1489634932","0.0909091"
"1489634932","2032417141","0.0909091"
"2032417141","1489634932","0.0909091"
"1489634932","2064642916","0.0909091"
"2064642916","1489634932","0.0909091"
"1489634932","2082767672","0.0909091"
"2082767672","1489634932","0.0909091"
"1489634932","2114770652","0.0909091"
"2114770652","1489634932","0.0909091"
"1489634932","2121645978","0.0909091"
"2121645978","1489634932","0.0909091"
"1489634932","2137843934","0.0909091"
"2137843934","1489634932","0.0909091"
"1489634932","2153902607","0.0909091"
"2153902607","1489634932","0.0909091"
"1501381766","1535784267","1.67424"
"1535784267","1501381766","1.67424"
"1501381766","2015068727","10.2171"
"2015068727","1501381766","10.2171"
"1501381766","2032417141","1.85043"
"2032417141","1501381766","1.85043"
"1501381766","2040988073","5.25758"
"2040988073","1501381766","5.25758"
"1501381766","2064642916","0.457576"
"2064642916","1501381766","0.457576"
"1501381766","2082767672","5.30043"
"2082767672","1501381766","5.30043"
"1501381766","2114770652","0.0909091"
"2114770652","1501381766","0.0909091"
"1501381766","2121645978","0.0909091"
"2121645978","1501381766","0.0909091"
"1501381766","2137843934","0.0909091"
"2137843934","1501381766","0.0909091"
"1501381766","2153902607","4.07424"
"2153902607","1501381766","4.07424"
"1535784267","2015068727","0.840909"
"2015068727","1535784267","0.840909"
"1535784267","2032417141","0.0909091"
"2032417141","1535784267","0.0909091"
"1535784267","2064642916","0.0909091"
"2064642916","1535784267","0.0909091"
"1535784267","2082767672","1.09091"
"2082767672","1535784267","1.09091"
"1535784267","2114770652","0.0909091"
"2114770652","1535784267","0.0909091"
"1535784267","2121645978","0.590909"
"2121645978","1535784267","0.590909"
"1535784267","2137843934","0.590909"
"2137843934","1535784267","0.590909"
"2015068727","2032417141","13.2171"
"2032417141","2015068727","13.2171"
"2015068727","2040988073","6.73535"
"2040988073","2015068727","6.73535"
"2015068727","2064642916","0.768687"
"2064642916","2015068727","0.768687"
"2015068727","2082767672","8.6671"
"2082767672","2015068727","8.6671"
"2015068727","2114770652","0.290909"
"2114770652","2015068727","0.290909"
"2015068727","2121645978","0.0909091"
"2121645978","2015068727","0.0909091"
"2015068727","2137843934","0.590909"
"2137843934","2015068727","0.590909"
"2015068727","2153902607","0.940909"
"2153902607","2015068727","0.940909"
"2032417141","2040988073","8.42424"
"2040988073","2032417141","8.42424"
"2032417141","2064642916","0.0909091"
"2064642916","2032417141","0.0909091"
"2032417141","2082767672","24.1338"
"2082767672","2032417141","24.1338"
"2032417141","2114770652","0.290909"
"2114770652","2032417141","0.290909"
"2032417141","2121645978","0.0909091"
"2121645978","2032417141","0.0909091"
"2032417141","2137843934","2.09091"
"2137843934","2032417141","2.09091"
"2032417141","2153902607","0.490909"
"2153902607","2032417141","0.490909"
"2040988073","2064642916","1.73535"
"2064642916","2040988073","1.73535"
"2040988073","2082767672","4.42424"
"2082767672","2040988073","4.42424"
"2040988073","2114770652","0.0909091"
"2114770652","2040988073","0.0909091"
"2040988073","2121645978","3.09091"
"2121645978","2040988073","3.09091"
"2040988073","2137843934","2.09091"
"2137843934","2040988073","2.09091"
"2064642916","2082767672","0.290909"
"2082767672","2064642916","0.290909"
"2064642916","2114770652","0.0909091"
"2114770652","2064642916","0.0909091"
"2064642916","2121645978","0.0909091"
"2121645978","2064642916","0.0909091"
"2064642916","2137843934","0.0909091"
"2137843934","2064642916","0.0909091"
"2064642916","2153902607","0.290909"
"2153902607","2064642916","0.290909"
"2082767672","2114770652","0.290909"
"2114770652","2082767672","0.290909"
"2082767672","2121645978","0.0909091"
"2121645978","2082767672","0.0909091"
"2082767672","2137843934","0.0909091"
"2137843934","2082767672","0.0909091"
"2082767672","2153902607","1.94091"
"2153902607","2082767672","1.94091"
"2114770652","2121645978","0.0909091"
"2121645978","2114770652","0.0909091"
"2114770652","2137843934","0.0909091"
"2137843934","2114770652","0.0909091"
"2114770652","2153902607","0.290909"
"2153902607","2114770652","0.290909"
"2121645978","2137843934","0.0909091"
"2137843934","2121645978","0.0909091"
"2121645978","2153902607","1.09091"
"2153902607","2121645978","1.09091"
"2137843934","2153902607","0.0909091"
"2153902607","2137843934","0.0909091"
"1489634932","1968945891","0.5"
"1968945891","1489634932","0.5"
"1968945891","2022311377","0.5"
"2022311377","1968945891","0.5"
"1489634932","2033300789","1"
"2033300789","1489634932","1"
"1501381766","2129982259","0.583333"
"2129982259","1501381766","0.583333"
"2015068727","2129982259","1.25"
"2129982259","2015068727","1.25"
"2032417141","2129982259","0.25"
"2129982259","2032417141","0.25"
"2082767672","2129982259","0.25"
"2129982259","2082767672","0.25"
"1501381766","2129743596","0.5"
"2129743596","1501381766","0.5"
"2015068727","2129743596","0.611111"
"2129743596","2015068727","0.611111"
"2040988073","2129743596","0.611111"
"2129743596","2040988073","0.611111"
"1501381766","2087060113","2"
"2087060113","1501381766","2"
"1501381766","2136393336","1.14286"
"2136393336","1501381766","1.14286"
"1501381766","1552113525","0.47619"
"1552113525","1501381766","0.47619"
"1552113525","2032417141","2.97619"
"2032417141","1552113525","2.97619"
"1552113525","2040988073","0.333333"
"2040988073","1552113525","0.333333"
"1501381766","1963832165","0.166667"
"1963832165","1501381766","0.166667"
"1501381766","2014679132","0.616667"
"2014679132","1501381766","0.616667"
"1963832165","2014679132","0.277778"
"2014679132","1963832165","0.277778"
"1963832165","2015068727","0.477778"
"2015068727","1963832165","0.477778"
"1963832165","2040988073","1.64444"
"2040988073","1963832165","1.64444"
"1963832165","2064642916","1.14444"
"2064642916","1963832165","1.14444"
"1963832165","2129743596","0.277778"
"2129743596","1963832165","0.277778"
"2014679132","2015068727","0.927778"
"2015068727","2014679132","0.927778"
"2014679132","2040988073","0.277778"
"2040988073","2014679132","0.277778"
"2014679132","2064642916","0.477778"
"2064642916","2014679132","0.477778"
"2014679132","2129743596","0.277778"
"2129743596","2014679132","0.277778"
"2064642916","2129743596","0.277778"
"2129743596","2064642916","0.277778"
"1501381766","1545037611","0.142857"
"1545037611","1501381766","0.142857"
"1501381766","2100674109","0.142857"
"2100674109","1501381766","0.142857"
"1545037611","1552113525","0.142857"
"1552113525","1545037611","0.142857"
"1545037611","2015068727","0.142857"
"2015068727","1545037611","0.142857"
"1545037611","2032417141","0.559524"
"2032417141","1545037611","0.559524"
"1545037611","2082767672","0.892857"
"2082767672","1545037611","0.892857"
"1545037611","2100674109","4.80952"
"2100674109","1545037611","4.80952"
"1545037611","2136393336","2.05952"
"2136393336","1545037611","2.05952"
"1552113525","2015068727","0.642857"
"2015068727","1552113525","0.642857"
"1552113525","2082767672","1.14286"
"2082767672","1552113525","1.14286"
"1552113525","2100674109","0.142857"
"2100674109","1552113525","0.142857"
"1552113525","2136393336","0.142857"
"2136393336","1552113525","0.142857"
"2015068727","2100674109","0.142857"
"2100674109","2015068727","0.142857"
"2015068727","2136393336","0.142857"
"2136393336","2015068727","0.142857"
"2032417141","2100674109","0.892857"
"2100674109","2032417141","0.892857"
"2032417141","2136393336","1.22619"
"2136393336","2032417141","1.22619"
"2082767672","2100674109","0.559524"
"2100674109","2082767672","0.559524"
"2082767672","2136393336","2.55952"
"2136393336","2082767672","2.55952"
"2100674109","2136393336","3.89286"
"2136393336","2100674109","3.89286"
"2014679132","2082767672","0.65"
"2082767672","2014679132","0.65"
"2014679132","2153902607","0.65"
"2153902607","2014679132","0.65"
"1501381766","1984295127","0.25"
"1984295127","1501381766","0.25"
"1501381766","2002131042","0.25"
"2002131042","1501381766","0.25"
"1535784267","1984295127","0.25"
"1984295127","1535784267","0.25"
"1535784267","2002131042","0.25"
"2002131042","1535784267","0.25"
"1984295127","2002131042","0.25"
"2002131042","1984295127","0.25"
"1984295127","2015068727","0.25"
"2015068727","1984295127","0.25"
"2002131042","2015068727","0.25"
"2015068727","2002131042","0.25"
"1501381766","2033300789","0.2"
"2033300789","1501381766","0.2"
"2015068727","2033300789","0.511111"
"2033300789","2015068727","0.511111"
"2032417141","2033300789","0.2"
"2033300789","2032417141","0.2"
"2033300789","2082767672","0.2"
"2082767672","2033300789","0.2"
"1501381766","1983298175","0.333333"
"1983298175","1501381766","0.333333"
"1983298175","2040988073","1"
"2040988073","1983298175","1"
"1983298175","2082767672","0.666667"
"2082767672","1983298175","0.666667"
"1510756095","2136393336","1"
"2136393336","1510756095","1"
"1528249715","1545037611","1.16667"
"1545037611","1528249715","1.16667"
"1528249715","2129743596","3.5"
"2129743596","1528249715","3.5"
"1545037611","2087060113","8.41667"
"2087060113","1545037611","8.41667"
"1545037611","2129743596","3.25"
"2129743596","1545037611","3.25"
"2087060113","2129743596","15.25"
"2129743596","2087060113","15.25"
"1528249715","1971845537","7.81667"
"1971845537","1528249715","7.81667"
"1528249715","1996126974","3.78333"
"1996126974","1528249715","3.78333"
"1528249715","2091009885","3.2"
"2091009885","1528249715","3.2"
"1971845537","1996126974","18.8667"
"1996126974","1971845537","18.8667"
"1971845537","2087060113","63.9"
"2087060113","1971845537","63.9"
"1971845537","2091009885","1.78333"
"2091009885","1971845537","1.78333"
"1971845537","2100674109","22.7333"
"2100674109","1971845537","22.7333"
"1996126974","2087060113","144.033"
"2087060113","1996126974","144.033"
"1996126974","2091009885","2.7"
"2091009885","1996126974","2.7"
"1996126974","2100674109","14.45"
"2100674109","1996126974","14.45"
"2087060113","2091009885","18.45"
"2091009885","2087060113","18.45"
"2091009885","2100674109","5.36667"
"2100674109","2091009885","5.36667"
"1528249715","1969340050","1.33333"
"1969340050","1528249715","1.33333"
"2091009885","2129743596","0.333333"
"2129743596","2091009885","0.333333"
"1545037611","1969340050","0.333333"
"1969340050","1545037611","0.333333"
"1969340050","2087060113","1.33333"
"2087060113","1969340050","1.33333"
"1528249715","1968945891","0.25"
"1968945891","1528249715","0.25"
"1968945891","1971845537","4.58333"
"1971845537","1968945891","4.58333"
"1968945891","1996126974","0.25"
"1996126974","1968945891","0.25"
"1968945891","2087060113","2.08333"
"2087060113","1968945891","2.08333"
"1528249715","2108350934","2.16667"
"2108350934","1528249715","2.16667"
"2087060113","2108350934","22.1667"
"2108350934","2087060113","22.1667"
"2091009885","2108350934","25.0833"
"2108350934","2091009885","25.0833"
"1528249715","2032417141","0.5"
"2032417141","1528249715","0.5"
"1528249715","2082767672","2.16667"
"2082767672","1528249715","2.16667"
"1545037611","1996126974","1"
"1996126974","1545037611","1"
"1996126974","2032417141","0.166667"
"2032417141","1996126974","0.166667"
"1996126974","2082767672","0.166667"
"2082767672","1996126974","0.166667"
"2032417141","2087060113","0.5"
"2087060113","2032417141","0.5"
"2082767672","2087060113","1.5"
"2087060113","2082767672","1.5"
"1528249715","2169028468","1.36667"
"2169028468","1528249715","1.36667"
"1971845537","2169028468","3.11667"
"2169028468","1971845537","3.11667"
"2087060113","2169028468","10.0333"
"2169028468","2087060113","10.0333"
"1528249715","1984295127","0.333333"
"1984295127","1528249715","0.333333"
"1984295127","2087060113","0.833333"
"2087060113","1984295127","0.833333"
"1984295127","2169028468","0.333333"
"2169028468","1984295127","0.333333"
"2100674109","2129743596","7.75"
"2129743596","2100674109","7.75"
"1528249715","1551438051","1.5"
"1551438051","1528249715","1.5"
"1551438051","2100674109","2.5"
"2100674109","1551438051","2.5"
"1528249715","2153902607","1"
"2153902607","1528249715","1"
"1528249715","2159296364","1.5"
"2159296364","1528249715","1.5"
"1971845537","2108350934","3.75"
"2108350934","1971845537","3.75"
"1528249715","1827414635","1.2"
"1827414635","1528249715","1.2"
"1827414635","1971845537","2.03333"
"1971845537","1827414635","2.03333"
"1827414635","2087060113","26.3667"
"2087060113","1827414635","26.3667"
"1827414635","2100674109","7.7"
"2100674109","1827414635","7.7"
"1827414635","2169028468","3.03333"
"2169028468","1827414635","3.03333"
"2100674109","2169028468","8.28333"
"2169028468","2100674109","8.28333"
"2100674109","2159296364","0.5"
"2159296364","2100674109","0.5"
"1528249715","1535784267","2"
"1535784267","1528249715","2"
"1535784267","2129743596","0.5"
"2129743596","1535784267","0.5"
"2121645978","2129743596","0.5"
"2129743596","2121645978","0.5"
"1539184856","1597082186","3"
"1597082186","1539184856","3"
"1545037611","2091009885","0.833333"
"2091009885","1545037611","0.833333"
"1545037611","2108350934","0.333333"
"2108350934","1545037611","0.333333"
"2100674109","2108350934","14.5"
"2108350934","2100674109","14.5"
"1545037611","1827414635","1.58333"
"1827414635","1545037611","1.58333"
"1827414635","2129743596","1.08333"
"2129743596","1827414635","1.08333"
"1827414635","2136393336","16.1667"
"2136393336","1827414635","16.1667"
"2129743596","2136393336","4.83333"
"2136393336","2129743596","4.83333"
"1545037611","2137843934","0.333333"
"2137843934","1545037611","0.333333"
"2087060113","2137843934","0.333333"
"2137843934","2087060113","0.333333"
"2100674109","2137843934","0.583333"
"2137843934","2100674109","0.583333"
"2087060113","2136393336","4.33333"
"2136393336","2087060113","4.33333"
"1551438051","2091009885","1"
"2091009885","1551438051","1"
"1551438051","2108350934","1"
"2108350934","1551438051","1"
"1551438051","2159296364","1"
"2159296364","1551438051","1"
"1590303565","1968945891","1"
"1968945891","1590303565","1"
"1597082186","2022311377","0.5"
"2022311377","1597082186","0.5"
"1597082186","2159296364","2.5"
"2159296364","1597082186","2.5"
"2022311377","2159296364","0.5"
"2159296364","2022311377","0.5"
"1597082186","2108350934","1"
"2108350934","1597082186","1"
"1597082186","1612775038","2"
"1612775038","1597082186","2"
"1827414635","2091009885","0.25"
"2091009885","1827414635","0.25"
"1827414635","2108350934","3.75"
"2108350934","1827414635","3.75"
"1827414635","1996126974","0.333333"
"1996126974","1827414635","0.333333"
"1827414635","2131676941","0.333333"
"2131676941","1827414635","0.333333"
"1996126974","2131676941","0.333333"
"2131676941","1996126974","0.333333"
"2087060113","2131676941","0.333333"
"2131676941","2087060113","0.333333"
"1827414635","2032417141","1.33333"
"2032417141","1827414635","1.33333"
"1827414635","2082767672","0.333333"
"2082767672","1827414635","0.333333"
"2108350934","2169028468","4.5"
"2169028468","2108350934","4.5"
"1827414635","2104151485","0.5"
"2104151485","1827414635","0.5"
"2104151485","2136393336","1.5"
"2136393336","2104151485","1.5"
"1963832165","2033300789","1.97778"
"2033300789","1963832165","1.97778"
"2033300789","2064642916","0.977778"
"2064642916","2033300789","0.977778"
"1963832165","1969340050","0.311111"
"1969340050","1963832165","0.311111"
"1969340050","2015068727","0.311111"
"2015068727","1969340050","0.311111"
"1969340050","2033300789","0.311111"
"2033300789","1969340050","0.311111"
"1969340050","2040988073","0.311111"
"2040988073","1969340050","0.311111"
"1969340050","2064642916","0.311111"
"2064642916","1969340050","0.311111"
"1963832165","2129982259","0.5"
"2129982259","1963832165","0.5"
"1963832165","2000346862","0.111111"
"2000346862","1963832165","0.111111"
"1963832165","2022311377","0.111111"
"2022311377","1963832165","0.111111"
"1969340050","2000346862","0.111111"
"2000346862","1969340050","0.111111"
"1969340050","2014679132","0.111111"
"2014679132","1969340050","0.111111"
"1969340050","2022311377","0.111111"
"2022311377","1969340050","0.111111"
"1969340050","2129743596","0.111111"
"2129743596","1969340050","0.111111"
"2000346862","2014679132","0.111111"
"2014679132","2000346862","0.111111"
"2000346862","2015068727","0.111111"
"2015068727","2000346862","0.111111"
"2000346862","2022311377","4.11111"
"2022311377","2000346862","4.11111"
"2000346862","2064642916","0.111111"
"2064642916","2000346862","0.111111"
"2000346862","2129743596","0.111111"
"2129743596","2000346862","0.111111"
"2014679132","2022311377","0.111111"
"2022311377","2014679132","0.111111"
"2014679132","2033300789","0.111111"
"2033300789","2014679132","0.111111"
"2015068727","2022311377","0.111111"
"2022311377","2015068727","0.111111"
"2022311377","2033300789","0.111111"
"2033300789","2022311377","0.111111"
"2022311377","2064642916","0.611111"
"2064642916","2022311377","0.611111"
"2022311377","2129743596","0.111111"
"2129743596","2022311377","0.111111"
"2033300789","2129743596","1.11111"
"2129743596","2033300789","1.11111"
"1968945891","2147110361","16.8333"
"2147110361","1968945891","16.8333"
"1968945891","205224890","2.5"
"205224890","1968945891","2.5"
"1968945891","2146791030","2.5"
"2146791030","1968945891","2.5"
"2146791030","2147110361","1.5"
"2147110361","2146791030","1.5"
"1971845537","2147110361","0.333333"
"2147110361","1971845537","0.333333"
"2087060113","2147110361","3.33333"
"2147110361","2087060113","3.33333"
"1968945891","2066406253","0.5"
"2066406253","1968945891","0.5"
"205224890","2066406253","5"
"2066406253","205224890","5"
"1968945891","2091009885","0.5"
"2091009885","1968945891","0.5"
"1968945891","2083590015","1"
"2083590015","1968945891","1"
"1969340050","2066406253","4"
"2066406253","1969340050","4"
"1969340050","1971845537","1"
"1971845537","1969340050","1"
"1969340050","205224890","1"
"205224890","1969340050","1"
"1971845537","2137843934","0.25"
"2137843934","1971845537","0.25"
"2091009885","2137843934","0.25"
"2137843934","2091009885","0.25"
"2091009885","2169028468","0.25"
"2169028468","2091009885","0.25"
"2137843934","2169028468","0.25"
"2169028468","2137843934","0.25"
"1971845537","2085111352","16.5"
"2085111352","1971845537","16.5"
"1996126974","2085111352","0.5"
"2085111352","1996126974","0.5"
"1971845537","1984295127","0.333333"
"1984295127","1971845537","0.333333"
"1984295127","1996126974","1.33333"
"1996126974","1984295127","1.33333"
"1984295127","2100674109","0.333333"
"2100674109","1984295127","0.333333"
"1971845537","2129743596","1.5"
"2129743596","1971845537","1.5"
"2085111352","2087060113","1"
"2087060113","2085111352","1"
"1971845537","2015068727","1"
"2015068727","1971845537","1"
"1971845537","2136393336","0.5"
"2136393336","1971845537","0.5"
"1996126974","2108350934","4.25"
"2108350934","1996126974","4.25"
"1983298175","2015068727","0.666667"
"2015068727","1983298175","0.666667"
"1983298175","2032417141","0.333333"
"2032417141","1983298175","0.333333"
"1984295127","2129743596","3.5"
"2129743596","1984295127","3.5"
"1996126974","2169028468","0.333333"
"2169028468","1996126974","0.333333"
"1996126974","2126256482","0.5"
"2126256482","1996126974","0.5"
"2087060113","2126256482","1.5"
"2126256482","2087060113","1.5"
"2002131042","2147419309","6"
"2147419309","2002131042","6"
"2002131042","2100674109","1"
"2100674109","2002131042","1"
"2014679132","2032417141","0.2"
"2032417141","2014679132","0.2"
"2014679132","2114770652","0.2"
"2114770652","2014679132","0.2"
"2022311377","2108350934","1.5"
"2108350934","2022311377","1.5"
"2040988073","2108350934","1.5"
"2108350934","2040988073","1.5"
"2032417141","2167954637","2"
"2167954637","2032417141","2"
"2040988073","2167954637","1.5"
"2167954637","2040988073","1.5"
"2082767672","2167954637","0.5"
"2167954637","2082767672","0.5"
"2040988073","2159296364","1"
"2159296364","2040988073","1"
"205224890","2147110361","0.5"
"2147110361","205224890","0.5"
"2066406253","2147110361","0.5"
"2147110361","2066406253","0.5"
"2066406253","2159296364","1"
"2159296364","2066406253","1"
"2085111352","2091009885","2"
"2091009885","2085111352","2"
"2129743596","2169028468","0.5"
"2169028468","2129743596","0.5"
"2100674109","2167954637","1"
"2167954637","2100674109","1"
"2100674109","2146791030","0.5"
"2146791030","2100674109","0.5"
"2129743596","2146791030","0.5"
"2146791030","2129743596","0.5"
"2108350934","2136393336","1.5"
"2136393336","2108350934","1.5"
"2113393665","2137843934","1"
"2137843934","2113393665","1"
"2129743596","2153902607","1"
"2153902607","2129743596","1"
"2129982259","2167954637","3"
"2167954637","2129982259","3"
"2153902607","2169028468","1"
"2169028468","2153902607","1"
"2156379346","2295695364","1"
"2295695364","2156379346","1"
"2159296364","2295695364","1"
"2295695364","2159296364","1"
