"123422025","1605618332","2.66667"
"1605618332","123422025","2.66667"
"123422025","1987033997","4.58333"
"1987033997","123422025","4.58333"
"1605618332","1987033997","5.25"
"1987033997","1605618332","5.25"
"123422025","1592776862","2.91667"
"1592776862","123422025","2.91667"
"1592776862","1987033997","10.25"
"1987033997","1592776862","10.25"
"123422025","1500081888","0.583333"
"1500081888","123422025","0.583333"
"1500081888","1592776862","2.08333"
"1592776862","1500081888","2.08333"
"1500081888","1987033997","2.08333"
"1987033997","1500081888","2.08333"
"123422025","1554011878","1"
"1554011878","123422025","1"
"1554011878","1592776862","0.666667"
"1592776862","1554011878","0.666667"
"1554011878","1605618332","3"
"1605618332","1554011878","3"
"1592776862","1605618332","2.66667"
"1605618332","1592776862","2.66667"
"123422025","2023448752","0.25"
"2023448752","123422025","0.25"
"1500081888","2023448752","4.25"
"2023448752","1500081888","4.25"
"1592776862","2023448752","1.25"
"2023448752","1592776862","1.25"
"1987033997","2023448752","5.58333"
"2023448752","1987033997","5.58333"
"1554011878","1987033997","3.33333"
"1987033997","1554011878","3.33333"
"1487804032","1554011878","0.5"
"1554011878","1487804032","0.5"
"1487804032","1987033997","0.5"
"1987033997","1487804032","0.5"
"1500081888","2013505445","0.5"
"2013505445","1500081888","0.5"
"1592776862","2013505445","0.5"
"2013505445","1592776862","0.5"
"1500081888","2592770693","0.5"
"2592770693","1500081888","0.5"
"2023448752","2592770693","0.5"
"2592770693","2023448752","0.5"
"1500081888","1983579229","0.25"
"1983579229","1500081888","0.25"
"1500081888","2005083765","0.25"
"2005083765","1500081888","0.25"
"1500081888","2045235113","0.25"
"2045235113","1500081888","0.25"
"1500081888","2131956164","0.25"
"2131956164","1500081888","0.25"
"1983579229","2005083765","2.23333"
"2005083765","1983579229","2.23333"
"1983579229","2045235113","1.28333"
"2045235113","1983579229","1.28333"
"1983579229","2131956164","2.06667"
"2131956164","1983579229","2.06667"
"2005083765","2045235113","2.84286"
"2045235113","2005083765","2.84286"
"2005083765","2131956164","3.20952"
"2131956164","2005083765","3.20952"
"2045235113","2131956164","6.54286"
"2131956164","2045235113","6.54286"
"1500081888","2120947238","0.142857"
"2120947238","1500081888","0.142857"
"1500081888","2131796944","0.142857"
"2131796944","1500081888","0.142857"
"1500081888","2134780295","0.142857"
"2134780295","1500081888","0.142857"
"1500081888","2136046112","0.142857"
"2136046112","1500081888","0.142857"
"1500081888","2143709779","0.142857"
"2143709779","1500081888","0.142857"
"1500081888","2146485383","0.142857"
"2146485383","1500081888","0.142857"
"1500081888","2169336598","0.142857"
"2169336598","1500081888","0.142857"
"2120947238","2131796944","0.142857"
"2131796944","2120947238","0.142857"
"2120947238","2134780295","0.242857"
"2134780295","2120947238","0.242857"
"2120947238","2136046112","0.142857"
"2136046112","2120947238","0.142857"
"2120947238","2143709779","0.242857"
"2143709779","2120947238","0.242857"
"2120947238","2146485383","0.47619"
"2146485383","2120947238","0.47619"
"2120947238","2169336598","0.242857"
"2169336598","2120947238","0.242857"
"2131796944","2134780295","2.81071"
"2134780295","2131796944","2.81071"
"2131796944","2136046112","50.7401"
"2136046112","2131796944","50.7401"
"2131796944","2143709779","44.479"
"2143709779","2131796944","44.479"
"2131796944","2146485383","11.0119"
"2146485383","2131796944","11.0119"
"2131796944","2169336598","14.5679"
"2169336598","2131796944","14.5679"
"2134780295","2136046112","3.73175"
"2136046112","2134780295","3.73175"
"2134780295","2143709779","9.70397"
"2143709779","2134780295","9.70397"
"2134780295","2146485383","12.4492"
"2146485383","2134780295","12.4492"
"2134780295","2169336598","54.4786"
"2169336598","2134780295","54.4786"
"2136046112","2143709779","37.3345"
"2143709779","2136046112","37.3345"
"2136046112","2146485383","9.00675"
"2146485383","2136046112","9.00675"
"2136046112","2169336598","9.18929"
"2169336598","2136046112","9.18929"
"2143709779","2146485383","3.2623"
"2146485383","2143709779","3.2623"
"2143709779","2169336598","24.9679"
"2169336598","2143709779","24.9679"
"2146485383","2169336598","42.1395"
"2169336598","2146485383","42.1395"
"1502155832","1535065114","0.0714286"
"1535065114","1502155832","0.0714286"
"1502155832","1546365363","0.0714286"
"1546365363","1502155832","0.0714286"
"1502155832","1553193704","0.0714286"
"1553193704","1502155832","0.0714286"
"1502155832","1971640526","0.0714286"
"1971640526","1502155832","0.0714286"
"1502155832","1976722103","0.0714286"
"1976722103","1502155832","0.0714286"
"1502155832","2005083765","1.07143"
"2005083765","1502155832","1.07143"
"1502155832","2106475159","0.0714286"
"2106475159","1502155832","0.0714286"
"1502155832","2116396741","0.0714286"
"2116396741","1502155832","0.0714286"
"1502155832","2133675752","0.0714286"
"2133675752","1502155832","0.0714286"
"1502155832","2136046112","0.0714286"
"2136046112","1502155832","0.0714286"
"1502155832","2146542011","0.0714286"
"2146542011","1502155832","0.0714286"
"1502155832","2153307033","0.0714286"
"2153307033","1502155832","0.0714286"
"1502155832","2166996142","0.0714286"
"2166996142","1502155832","0.0714286"
"1502155832","2169336598","0.0714286"
"2169336598","1502155832","0.0714286"
"1535065114","1546365363","0.321429"
"1546365363","1535065114","0.321429"
"1535065114","1553193704","0.0714286"
"1553193704","1535065114","0.0714286"
"1535065114","1971640526","0.0714286"
"1971640526","1535065114","0.0714286"
"1535065114","1976722103","0.0714286"
"1976722103","1535065114","0.0714286"
"1535065114","2005083765","2.6881"
"2005083765","1535065114","2.6881"
"1535065114","2106475159","0.0714286"
"2106475159","1535065114","0.0714286"
"1535065114","2116396741","1.07143"
"2116396741","1535065114","1.07143"
"1535065114","2133675752","0.0714286"
"2133675752","1535065114","0.0714286"
"1535065114","2136046112","0.154762"
"2136046112","1535065114","0.154762"
"1535065114","2146542011","1.10476"
"2146542011","1535065114","1.10476"
"1535065114","2153307033","0.0714286"
"2153307033","1535065114","0.0714286"
"1535065114","2166996142","1.07143"
"2166996142","1535065114","1.07143"
"1535065114","2169336598","0.0714286"
"2169336598","1535065114","0.0714286"
"1546365363","1553193704","3.50873"
"1553193704","1546365363","3.50873"
"1546365363","1971640526","2.57143"
"1971640526","1546365363","2.57143"
"1546365363","1976722103","0.0714286"
"1976722103","1546365363","0.0714286"
"1546365363","2005083765","5.72143"
"2005083765","1546365363","5.72143"
"1546365363","2106475159","0.214286"
"2106475159","1546365363","0.214286"
"1546365363","2116396741","13.1881"
"2116396741","1546365363","13.1881"
"1546365363","2133675752","2.39921"
"2133675752","1546365363","2.39921"
"1546365363","2136046112","2.29762"
"2136046112","1546365363","2.29762"
"1546365363","2146542011","0.321429"
"2146542011","1546365363","0.321429"
"1546365363","2153307033","0.325397"
"2153307033","1546365363","0.325397"
"1546365363","2166996142","0.671429"
"2166996142","1546365363","0.671429"
"1546365363","2169336598","2.43254"
"2169336598","1546365363","2.43254"
"1553193704","1971640526","0.0714286"
"1971640526","1553193704","0.0714286"
"1553193704","1976722103","4.30977"
"1976722103","1553193704","4.30977"
"1553193704","2005083765","0.404762"
"2005083765","1553193704","0.404762"
"1553193704","2106475159","0.214286"
"2106475159","1553193704","0.214286"
"1553193704","2116396741","1.07143"
"2116396741","1553193704","1.07143"
"1553193704","2133675752","47.9471"
"2133675752","1553193704","47.9471"
"1553193704","2136046112","0.821429"
"2136046112","1553193704","0.821429"
"1553193704","2146542011","1.10476"
"2146542011","1553193704","1.10476"
"1553193704","2153307033","2.57143"
"2153307033","1553193704","2.57143"
"1553193704","2166996142","6.24048"
"2166996142","1553193704","6.24048"
"1553193704","2169336598","6.58358"
"2169336598","1553193704","6.58358"
"1971640526","1976722103","0.0714286"
"1976722103","1971640526","0.0714286"
"1971640526","2005083765","0.571429"
"2005083765","1971640526","0.571429"
"1971640526","2106475159","0.0714286"
"2106475159","1971640526","0.0714286"
"1971640526","2116396741","8.9881"
"2116396741","1971640526","8.9881"
"1971640526","2133675752","0.0714286"
"2133675752","1971640526","0.0714286"
"1971640526","2136046112","0.654762"
"2136046112","1971640526","0.654762"
"1971640526","2146542011","0.0714286"
"2146542011","1971640526","0.0714286"
"1971640526","2153307033","0.0714286"
"2153307033","1971640526","0.0714286"
"1971640526","2166996142","0.0714286"
"2166996142","1971640526","0.0714286"
"1971640526","2169336598","0.571429"
"2169336598","1971640526","0.571429"
"1976722103","2005083765","0.0714286"
"2005083765","1976722103","0.0714286"
"1976722103","2106475159","0.0714286"
"2106475159","1976722103","0.0714286"
"1976722103","2116396741","0.238095"
"2116396741","1976722103","0.238095"
"1976722103","2133675752","41.0459"
"2133675752","1976722103","41.0459"
"1976722103","2136046112","0.404762"
"2136046112","1976722103","0.404762"
"1976722103","2146542011","0.271429"
"2146542011","1976722103","0.271429"
"1976722103","2153307033","0.0714286"
"2153307033","1976722103","0.0714286"
"1976722103","2166996142","5.55873"
"2166996142","1976722103","5.55873"
"1976722103","2169336598","6.22406"
"2169336598","1976722103","6.22406"
"2005083765","2106475159","0.214286"
"2106475159","2005083765","0.214286"
"2005083765","2116396741","0.271429"
"2116396741","2005083765","0.271429"
"2005083765","2133675752","0.654762"
"2133675752","2005083765","0.654762"
"2005083765","2136046112","0.154762"
"2136046112","2005083765","0.154762"
"2005083765","2146542011","2.91429"
"2146542011","2005083765","2.91429"
"2005083765","2153307033","0.0714286"
"2153307033","2005083765","0.0714286"
"2005083765","2166996142","1.57143"
"2166996142","2005083765","1.57143"
"2005083765","2169336598","1.32143"
"2169336598","2005083765","1.32143"
"2106475159","2116396741","0.0714286"
"2116396741","2106475159","0.0714286"
"2106475159","2133675752","0.404762"
"2133675752","2106475159","0.404762"
"2106475159","2136046112","0.0714286"
"2136046112","2106475159","0.0714286"
"2106475159","2146542011","0.414286"
"2146542011","2106475159","0.414286"
"2106475159","2153307033","2.07143"
"2153307033","2106475159","2.07143"
"2106475159","2166996142","0.0714286"
"2166996142","2106475159","0.0714286"
"2106475159","2169336598","0.0714286"
"2169336598","2106475159","0.0714286"
"2116396741","2133675752","2.2381"
"2133675752","2116396741","2.2381"
"2116396741","2136046112","11.0214"
"2136046112","2116396741","11.0214"
"2116396741","2146542011","0.0714286"
"2146542011","2116396741","0.0714286"
"2116396741","2153307033","0.604762"
"2153307033","2116396741","0.604762"
"2116396741","2166996142","0.571429"
"2166996142","2116396741","0.571429"
"2116396741","2169336598","6.1881"
"2169336598","2116396741","6.1881"
"2133675752","2136046112","0.729762"
"2136046112","2133675752","0.729762"
"2133675752","2146542011","1.35476"
"2146542011","2133675752","1.35476"
"2133675752","2153307033","11.3214"
"2153307033","2133675752","11.3214"
"2133675752","2166996142","11.5183"
"2166996142","2133675752","11.5183"
"2133675752","2169336598","11.0753"
"2169336598","2133675752","11.0753"
"2136046112","2146542011","0.0714286"
"2146542011","2136046112","0.0714286"
"2136046112","2153307033","0.914286"
"2153307033","2136046112","0.914286"
"2136046112","2166996142","1.24365"
"2166996142","2136046112","1.24365"
"2146542011","2153307033","0.0714286"
"2153307033","2146542011","0.0714286"
"2146542011","2166996142","0.571429"
"2166996142","2146542011","0.571429"
"2146542011","2169336598","0.271429"
"2169336598","2146542011","0.271429"
"2153307033","2166996142","1.02143"
"2166996142","2153307033","1.02143"
"2153307033","2169336598","1.71587"
"2169336598","2153307033","1.71587"
"2166996142","2169336598","12.4714"
"2169336598","2166996142","12.4714"
"1508454112","1546365363","7.64683"
"1546365363","1508454112","7.64683"
"1508454112","2112128729","3.14683"
"2112128729","1508454112","3.14683"
"1546365363","2112128729","13.1841"
"2112128729","1546365363","13.1841"
"1508454112","1590297619","0.25"
"1590297619","1508454112","0.25"
"1508454112","2133675752","0.611111"
"2133675752","1508454112","0.611111"
"1508454112","2146485383","0.75"
"2146485383","1508454112","0.75"
"1508454112","2166996142","0.75"
"2166996142","1508454112","0.75"
"1590297619","2133675752","0.513743"
"2133675752","1590297619","0.513743"
"1590297619","2146485383","0.513743"
"2146485383","1590297619","0.513743"
"1590297619","2166996142","0.711111"
"2166996142","1590297619","0.711111"
"2133675752","2146485383","24.834"
"2146485383","2133675752","24.834"
"2146485383","2166996142","46.5536"
"2166996142","2146485383","46.5536"
"1508454112","2114773789","3.48016"
"2114773789","1508454112","3.48016"
"1546365363","2114773789","32.6746"
"2114773789","1546365363","32.6746"
"1508454112","2085676663","0.142857"
"2085676663","1508454112","0.142857"
"1508454112","2112734514","1.14286"
"2112734514","1508454112","1.14286"
"1508454112","2124971582","0.785714"
"2124971582","1508454112","0.785714"
"1508454112","2134316083","0.785714"
"2134316083","1508454112","0.785714"
"1546365363","2085676663","7.23016"
"2085676663","1546365363","7.23016"
"1546365363","2112734514","18.7302"
"2112734514","1546365363","18.7302"
"1546365363","2124971582","0.785714"
"2124971582","1546365363","0.785714"
"1546365363","2134316083","2.82302"
"2134316083","1546365363","2.82302"
"2085676663","2112128729","7.19946"
"2112128729","2085676663","7.19946"
"2085676663","2112734514","1.81349"
"2112734514","2085676663","1.81349"
"2085676663","2114773789","5.47327"
"2114773789","2085676663","5.47327"
"2085676663","2124971582","0.142857"
"2124971582","2085676663","0.142857"
"2085676663","2134316083","2.93557"
"2134316083","2085676663","2.93557"
"2112128729","2112734514","4.14683"
"2112734514","2112128729","4.14683"
"2112128729","2114773789","20.8939"
"2114773789","2112128729","20.8939"
"2112128729","2124971582","0.285714"
"2124971582","2112128729","0.285714"
"2112128729","2134316083","6.67565"
"2134316083","2112128729","6.67565"
"2112734514","2114773789","2.25397"
"2114773789","2112734514","2.25397"
"2112734514","2124971582","1.14286"
"2124971582","2112734514","1.14286"
"2112734514","2134316083","0.980159"
"2134316083","2112734514","0.980159"
"2114773789","2124971582","0.285714"
"2124971582","2114773789","0.285714"
"2114773789","2134316083","3.71612"
"2134316083","2114773789","3.71612"
"2124971582","2134316083","0.285714"
"2134316083","2124971582","0.285714"
"1508454112","2096547754","1"
"2096547754","1508454112","1"
"1508454112","1553193704","0.587302"
"1553193704","1508454112","0.587302"
"1508454112","2123097133","0.333333"
"2123097133","1508454112","0.333333"
"1553193704","2114773789","11.2328"
"2114773789","1553193704","11.2328"
"1553193704","2123097133","33.3026"
"2123097133","1553193704","33.3026"
"2114773789","2123097133","1.7193"
"2123097133","2114773789","1.7193"
"1508454112","2106475159","0.142857"
"2106475159","1508454112","0.142857"
"1553193704","2112128729","5.5066"
"2112128729","1553193704","5.5066"
"1553193704","2124971582","0.142857"
"2124971582","1553193704","0.142857"
"1553193704","2134316083","5.39549"
"2134316083","1553193704","5.39549"
"2106475159","2112128729","1.14286"
"2112128729","2106475159","1.14286"
"2106475159","2114773789","0.142857"
"2114773789","2106475159","0.142857"
"2106475159","2124971582","0.142857"
"2124971582","2106475159","0.142857"
"2106475159","2134316083","0.142857"
"2134316083","2106475159","0.142857"
"1508454112","1971119807","0.361111"
"1971119807","1508454112","0.361111"
"1508454112","1982141094","0.361111"
"1982141094","1508454112","0.361111"
"1508454112","2112213707","0.111111"
"2112213707","1508454112","0.111111"
"1508454112","2123575007","0.361111"
"2123575007","1508454112","0.361111"
"1546365363","1971119807","0.461111"
"1971119807","1546365363","0.461111"
"1546365363","1982141094","2.54444"
"1982141094","1546365363","2.54444"
"1546365363","2112213707","0.611111"
"2112213707","1546365363","0.611111"
"1546365363","2123575007","1.87778"
"2123575007","1546365363","1.87778"
"1553193704","1971119807","2.19946"
"1971119807","1553193704","2.19946"
"1553193704","1982141094","10.3373"
"1982141094","1553193704","10.3373"
"1553193704","2112213707","0.644444"
"2112213707","1553193704","0.644444"
"1553193704","2123575007","1.29708"
"2123575007","1553193704","1.29708"
"1971119807","1982141094","0.553968"
"1982141094","1971119807","0.553968"
"1971119807","2112128729","1.73041"
"2112128729","1971119807","1.73041"
"1971119807","2112213707","0.311111"
"2112213707","1971119807","0.311111"
"1971119807","2114773789","0.947076"
"2114773789","1971119807","0.947076"
"1971119807","2123575007","2.45541"
"2123575007","1971119807","2.45541"
"1971119807","2133675752","7.27446"
"2133675752","1971119807","7.27446"
"1982141094","2112128729","0.111111"
"2112128729","1982141094","0.111111"
"1982141094","2112213707","0.311111"
"2112213707","1982141094","0.311111"
"1982141094","2114773789","1.11111"
"2114773789","1982141094","1.11111"
"1982141094","2123575007","0.661111"
"2123575007","1982141094","0.661111"
"1982141094","2133675752","1.8873"
"2133675752","1982141094","1.8873"
"2112128729","2112213707","0.277778"
"2112213707","2112128729","0.277778"
"2112128729","2123575007","1.53041"
"2123575007","2112128729","1.53041"
"2112128729","2133675752","2.92327"
"2133675752","2112128729","2.92327"
"2112213707","2114773789","1.11111"
"2114773789","2112213707","1.11111"
"2112213707","2123575007","0.477778"
"2123575007","2112213707","0.477778"
"2112213707","2133675752","0.277778"
"2133675752","2112213707","0.277778"
"2114773789","2123575007","1.28041"
"2123575007","2114773789","1.28041"
"2114773789","2133675752","2.3566"
"2133675752","2114773789","2.3566"
"2123575007","2133675752","4.64985"
"2133675752","2123575007","4.64985"
"1508454112","1572177749","0.25"
"1572177749","1508454112","0.25"
"1546365363","1572177749","1.25"
"1572177749","1546365363","1.25"
"1572177749","2112128729","1.25"
"2112128729","1572177749","1.25"
"1572177749","2114773789","1.25"
"2114773789","1572177749","1.25"
"1508454112","2153307033","1"
"2153307033","1508454112","1"
"1535065114","2034796334","0.783333"
"2034796334","1535065114","0.783333"
"2005083765","2034796334","5.85952"
"2034796334","2005083765","5.85952"
"1535065114","1597849513","0.283333"
"1597849513","1535065114","0.283333"
"1535065114","2045235113","0.2"
"2045235113","1535065114","0.2"
"1597849513","2005083765","4.52619"
"2005083765","1597849513","4.52619"
"1597849513","2034796334","1.32619"
"2034796334","1597849513","1.32619"
"1597849513","2045235113","0.842857"
"2045235113","1597849513","0.842857"
"1597849513","2146542011","0.842857"
"2146542011","1597849513","0.842857"
"2034796334","2045235113","11.5429"
"2045235113","2034796334","11.5429"
"2034796334","2146542011","0.542857"
"2146542011","2034796334","0.542857"
"2045235113","2146542011","0.542857"
"2146542011","2045235113","0.542857"
"1535065114","2150246229","2.08333"
"2150246229","1535065114","2.08333"
"2150246229","2166996142","2.53175"
"2166996142","2150246229","2.53175"
"1535065114","2112734514","0.25"
"2112734514","1535065114","0.25"
"2005083765","2112734514","0.25"
"2112734514","2005083765","0.25"
"2112734514","2146542011","0.75"
"2146542011","2112734514","0.75"
"1535065114","1982768666","0.0833333"
"1982768666","1535065114","0.0833333"
"1535065114","2114004713","0.0833333"
"2114004713","1535065114","0.0833333"
"1535065114","2128348038","0.416667"
"2128348038","1535065114","0.416667"
"1535065114","2131796944","0.0833333"
"2131796944","1535065114","0.0833333"
"1535065114","2134780295","0.0833333"
"2134780295","1535065114","0.0833333"
"1535065114","2146485383","0.0833333"
"2146485383","1535065114","0.0833333"
"1535065114","2160281147","0.0833333"
"2160281147","1535065114","0.0833333"
"1597849513","1982768666","0.0833333"
"1982768666","1597849513","0.0833333"
"1597849513","2114004713","0.0833333"
"2114004713","1597849513","0.0833333"
"1597849513","2128348038","1.17619"
"2128348038","1597849513","1.17619"
"1597849513","2131796944","0.283333"
"2131796944","1597849513","0.283333"
"1597849513","2134780295","0.0833333"
"2134780295","1597849513","0.0833333"
"1597849513","2136046112","0.0833333"
"2136046112","1597849513","0.0833333"
"1597849513","2146485383","0.0833333"
"2146485383","1597849513","0.0833333"
"1597849513","2150246229","1.28333"
"2150246229","1597849513","1.28333"
"1597849513","2160281147","0.0833333"
"2160281147","1597849513","0.0833333"
"1982768666","2005083765","0.0833333"
"2005083765","1982768666","0.0833333"
"1982768666","2034796334","0.0833333"
"2034796334","1982768666","0.0833333"
"1982768666","2114004713","1.56944"
"2114004713","1982768666","1.56944"
"1982768666","2128348038","0.0833333"
"2128348038","1982768666","0.0833333"
"1982768666","2131796944","1.97778"
"2131796944","1982768666","1.97778"
"1982768666","2134780295","0.519444"
"2134780295","1982768666","0.519444"
"1982768666","2136046112","3.56111"
"2136046112","1982768666","3.56111"
"1982768666","2146485383","0.969444"
"2146485383","1982768666","0.969444"
"1982768666","2150246229","0.894444"
"2150246229","1982768666","0.894444"
"1982768666","2160281147","0.519444"
"2160281147","1982768666","0.519444"
"2005083765","2114004713","0.416667"
"2114004713","2005083765","0.416667"
"2005083765","2128348038","1.25952"
"2128348038","2005083765","1.25952"
"2005083765","2131796944","1.78333"
"2131796944","2005083765","1.78333"
"2005083765","2134780295","0.0833333"
"2134780295","2005083765","0.0833333"
"2005083765","2146485383","1.33333"
"2146485383","2005083765","1.33333"
"2005083765","2150246229","1.98333"
"2150246229","2005083765","1.98333"
"2005083765","2160281147","0.0833333"
"2160281147","2005083765","0.0833333"
"2034796334","2114004713","0.0833333"
"2114004713","2034796334","0.0833333"
"2034796334","2128348038","0.22619"
"2128348038","2034796334","0.22619"
"2034796334","2131796944","0.283333"
"2131796944","2034796334","0.283333"
"2034796334","2134780295","0.0833333"
"2134780295","2034796334","0.0833333"
"2034796334","2136046112","0.0833333"
"2136046112","2034796334","0.0833333"
"2034796334","2146485383","0.0833333"
"2146485383","2034796334","0.0833333"
"2034796334","2150246229","0.783333"
"2150246229","2034796334","0.783333"
"2034796334","2160281147","0.0833333"
"2160281147","2034796334","0.0833333"
"2114004713","2128348038","0.0833333"
"2128348038","2114004713","0.0833333"
"2114004713","2131796944","4.75952"
"2131796944","2114004713","4.75952"
"2114004713","2134780295","18.7063"
"2134780295","2114004713","18.7063"
"2114004713","2136046112","5.38056"
"2136046112","2114004713","5.38056"
"2114004713","2146485383","26.8268"
"2146485383","2114004713","26.8268"
"2114004713","2150246229","3.94841"
"2150246229","2114004713","3.94841"
"2114004713","2160281147","19.1856"
"2160281147","2114004713","19.1856"
"2128348038","2131796944","0.92619"
"2131796944","2128348038","0.92619"
"2128348038","2134780295","0.0833333"
"2134780295","2128348038","0.0833333"
"2128348038","2136046112","0.0833333"
"2136046112","2128348038","0.0833333"
"2128348038","2146485383","0.0833333"
"2146485383","2128348038","0.0833333"
"2128348038","2150246229","0.62619"
"2150246229","2128348038","0.62619"
"2128348038","2160281147","0.0833333"
"2160281147","2128348038","0.0833333"
"2131796944","2150246229","5.4746"
"2150246229","2131796944","5.4746"
"2131796944","2160281147","0.781746"
"2160281147","2131796944","0.781746"
"2134780295","2150246229","1.11508"
"2150246229","2134780295","1.11508"
"2134780295","2160281147","10.2496"
"2160281147","2134780295","10.2496"
"2136046112","2150246229","1.28889"
"2150246229","2136046112","1.28889"
"2136046112","2160281147","1.47222"
"2160281147","2136046112","1.47222"
"2146485383","2150246229","3.93175"
"2150246229","2146485383","3.93175"
"2146485383","2160281147","6.55223"
"2160281147","2146485383","6.55223"
"2150246229","2160281147","0.615079"
"2160281147","2150246229","0.615079"
"1535065114","1983579229","0.5"
"1983579229","1535065114","0.5"
"1535065114","2022056881","0.5"
"2022056881","1535065114","0.5"
"1983579229","2022056881","0.5"
"2022056881","1983579229","0.5"
"2128348038","2146542011","0.47619"
"2146542011","2128348038","0.47619"
"1535065114","1985808153","0.25"
"1985808153","1535065114","0.25"
"1535065114","2143709779","0.25"
"2143709779","1535065114","0.25"
"1985808153","2005083765","0.5"
"2005083765","1985808153","0.5"
"1985808153","2143709779","0.25"
"2143709779","1985808153","0.25"
"1985808153","2146542011","0.75"
"2146542011","1985808153","0.75"
"2005083765","2143709779","0.916667"
"2143709779","2005083765","0.916667"
"2143709779","2146542011","2.25"
"2146542011","2143709779","2.25"
"1537655082","2116396741","3"
"2116396741","1537655082","3"
"1537655082","2112052203","0.5"
"2112052203","1537655082","0.5"
"1537655082","2114004713","0.5"
"2114004713","1537655082","0.5"
"2112052203","2114004713","1"
"2114004713","2112052203","1"
"1537655082","2005083765","1"
"2005083765","1537655082","1"
"1546365363","2001845525","0.8"
"2001845525","1546365363","0.8"
"1546365363","2146485383","0.8"
"2146485383","1546365363","0.8"
"2001845525","2112128729","0.862155"
"2112128729","2001845525","0.862155"
"2001845525","2133675752","5.31493"
"2133675752","2001845525","5.31493"
"2001845525","2134316083","1.57208"
"2134316083","2001845525","1.57208"
"2001845525","2146485383","41.5522"
"2146485383","2001845525","41.5522"
"2112128729","2146485383","1.47882"
"2146485383","2112128729","1.47882"
"2133675752","2134316083","7.96096"
"2134316083","2133675752","7.96096"
"2134316083","2146485383","3.40541"
"2146485383","2134316083","3.40541"
"1546365363","1992299165","1.25"
"1992299165","1546365363","1.25"
"1546365363","1995861221","0.25"
"1995861221","1546365363","0.25"
"1546365363","2109821166","0.5"
"2109821166","1546365363","0.5"
"1992299165","1995861221","2.25"
"1995861221","1992299165","2.25"
"1992299165","2109821166","1.16667"
"2109821166","1992299165","1.16667"
"1992299165","2116396741","6.41667"
"2116396741","1992299165","6.41667"
"1995861221","2109821166","1.58333"
"2109821166","1995861221","1.58333"
"1995861221","2116396741","6.33333"
"2116396741","1995861221","6.33333"
"2109821166","2116396741","54.9667"
"2116396741","2109821166","54.9667"
"1546365363","1983579229","0.2"
"1983579229","1546365363","0.2"
"1546365363","2023448752","0.2"
"2023448752","1546365363","0.2"
"1546365363","2034796334","1.28333"
"2034796334","1546365363","1.28333"
"1546365363","2150246229","3.65"
"2150246229","1546365363","3.65"
"1983579229","2023448752","0.2"
"2023448752","1983579229","0.2"
"1983579229","2034796334","0.983333"
"2034796334","1983579229","0.983333"
"1983579229","2150246229","0.2"
"2150246229","1983579229","0.2"
"2005083765","2023448752","0.2"
"2023448752","2005083765","0.2"
"2023448752","2034796334","1.78333"
"2034796334","2023448752","1.78333"
"2023448752","2150246229","0.2"
"2150246229","2023448752","0.2"
"1546365363","2098109090","0.25"
"2098109090","1546365363","0.25"
"1553193704","2098109090","0.25"
"2098109090","1553193704","0.25"
"1982141094","2098109090","0.75"
"2098109090","1982141094","0.75"
"2098109090","2114773789","0.25"
"2114773789","2098109090","0.25"
"1546365363","2096547754","7.39286"
"2096547754","1546365363","7.39286"
"1546365363","2087869882","0.111111"
"2087869882","1546365363","0.111111"
"1546365363","2142908528","0.711111"
"2142908528","1546365363","0.711111"
"2085676663","2087869882","0.111111"
"2087869882","2085676663","0.111111"
"2085676663","2142908528","0.163743"
"2142908528","2085676663","0.163743"
"2085676663","2153307033","0.253968"
"2153307033","2085676663","0.253968"
"2085676663","2169336598","0.797076"
"2169336598","2085676663","0.797076"
"2087869882","2112128729","0.111111"
"2112128729","2087869882","0.111111"
"2087869882","2112734514","0.111111"
"2112734514","2087869882","0.111111"
"2087869882","2114773789","0.111111"
"2114773789","2087869882","0.111111"
"2087869882","2134316083","0.111111"
"2134316083","2087869882","0.111111"
"2087869882","2142908528","0.111111"
"2142908528","2087869882","0.111111"
"2087869882","2153307033","0.111111"
"2153307033","2087869882","0.111111"
"2087869882","2169336598","0.111111"
"2169336598","2087869882","0.111111"
"2112128729","2142908528","0.930409"
"2142908528","2112128729","0.930409"
"2112128729","2153307033","0.253968"
"2153307033","2112128729","0.253968"
"2112128729","2169336598","1.49708"
"2169336598","2112128729","1.49708"
"2112734514","2142908528","0.611111"
"2142908528","2112734514","0.611111"
"2112734514","2153307033","0.253968"
"2153307033","2112734514","0.253968"
"2112734514","2169336598","0.361111"
"2169336598","2112734514","0.361111"
"2114773789","2142908528","0.763743"
"2142908528","2114773789","0.763743"
"2114773789","2153307033","0.111111"
"2153307033","2114773789","0.111111"
"2114773789","2169336598","0.497076"
"2169336598","2114773789","0.497076"
"2134316083","2142908528","1.72208"
"2142908528","2134316083","1.72208"
"2134316083","2153307033","0.253968"
"2153307033","2134316083","0.253968"
"2134316083","2169336598","1.33041"
"2169336598","2134316083","1.33041"
"2142908528","2153307033","1.36111"
"2153307033","2142908528","1.36111"
"2142908528","2169336598","4.43041"
"2169336598","2142908528","4.43041"
"1546365363","2045235113","1.5"
"2045235113","1546365363","1.5"
"1546365363","1608524621","6.83333"
"1608524621","1546365363","6.83333"
"1546365363","2160837767","1.58333"
"2160837767","1546365363","1.58333"
"2123575007","2160837767","1.08333"
"2160837767","2123575007","1.08333"
"1546365363","2134019775","1.5"
"2134019775","1546365363","1.5"
"2114773789","2134019775","0.5"
"2134019775","2114773789","0.5"
"1546365363","2128348038","4.7"
"2128348038","1546365363","4.7"
"1546365363","2131796944","1.58333"
"2131796944","1546365363","1.58333"
"1546365363","1597849513","0.2"
"1597849513","1546365363","0.2"
"1597849513","2116396741","1.15"
"2116396741","1597849513","1.15"
"2116396741","2128348038","3.95"
"2128348038","2116396741","3.95"
"2116396741","2150246229","0.7"
"2150246229","2116396741","0.7"
"2096547754","2128348038","1"
"2128348038","2096547754","1"
"1553193704","2085676663","1.38596"
"2085676663","1553193704","1.38596"
"1546365363","1590297619","0.35"
"1590297619","1546365363","0.35"
"1553193704","1590297619","0.152632"
"1590297619","1553193704","0.152632"
"1553193704","2001845525","0.552632"
"2001845525","1553193704","0.552632"
"1553193704","2142908528","0.652632"
"2142908528","1553193704","0.652632"
"1553193704","2146485383","8.7312"
"2146485383","1553193704","8.7312"
"1590297619","1971119807","0.152632"
"1971119807","1590297619","0.152632"
"1590297619","1982141094","0.1"
"1982141094","1590297619","0.1"
"1590297619","2001845525","0.263743"
"2001845525","1590297619","0.263743"
"1590297619","2123575007","0.513743"
"2123575007","1590297619","0.513743"
"1590297619","2142908528","0.152632"
"2142908528","1590297619","0.152632"
"1971119807","2001845525","2.03874"
"2001845525","1971119807","2.03874"
"1971119807","2142908528","2.2943"
"2142908528","1971119807","2.2943"
"1971119807","2146485383","2.82446"
"2146485383","1971119807","2.82446"
"1971119807","2166996142","2.50952"
"2166996142","1971119807","2.50952"
"1982141094","2001845525","0.3"
"2001845525","1982141094","0.3"
"1982141094","2142908528","1.6"
"2142908528","1982141094","1.6"
"1982141094","2146485383","0.442857"
"2146485383","1982141094","0.442857"
"1982141094","2166996142","0.3"
"2166996142","1982141094","0.3"
"2001845525","2123575007","0.713743"
"2123575007","2001845525","0.713743"
"2001845525","2142908528","7.70263"
"2142908528","2001845525","7.70263"
"2001845525","2166996142","24.8956"
"2166996142","2001845525","24.8956"
"2123575007","2142908528","1.8943"
"2142908528","2123575007","1.8943"
"2123575007","2146485383","3.33041"
"2146485383","2123575007","3.33041"
"2123575007","2166996142","4.89444"
"2166996142","2123575007","4.89444"
"2133675752","2142908528","4.97763"
"2142908528","2133675752","4.97763"
"2142908528","2146485383","3.78596"
"2146485383","2142908528","3.78596"
"2142908528","2166996142","3.66667"
"2166996142","2142908528","3.66667"
"1546365363","2067636847","0.5"
"2067636847","1546365363","0.5"
"2067636847","2112734514","0.5"
"2112734514","2067636847","0.5"
"1608524621","2150246229","2.67778"
"2150246229","1608524621","2.67778"
"1546365363","1973893716","1.41667"
"1973893716","1546365363","1.41667"
"1546365363","2106742801","0.916667"
"2106742801","1546365363","0.916667"
"1973893716","2106742801","2.25"
"2106742801","1973893716","2.25"
"1973893716","2116396741","6.03333"
"2116396741","1973893716","6.03333"
"2106742801","2116396741","25.4833"
"2116396741","2106742801","25.4833"
"1608524621","2131796944","4.91111"
"2131796944","1608524621","4.91111"
"1608524621","2136046112","6.84444"
"2136046112","1608524621","6.84444"
"1546365363","2114004713","1.25"
"2114004713","1546365363","1.25"
"2085676663","2114004713","0.638743"
"2114004713","2085676663","0.638743"
"2085676663","2146485383","1.53874"
"2146485383","2085676663","1.53874"
"2085676663","2166996142","0.35"
"2166996142","2085676663","0.35"
"2114004713","2166996142","20.594"
"2166996142","2114004713","20.594"
"2112213707","2116396741","1.5"
"2116396741","2112213707","1.5"
"1546365363","2167443373","1"
"2167443373","1546365363","1"
"1546365363","1767929998","1"
"1767929998","1546365363","1"
"2112734514","2133675752","0.666667"
"2133675752","2112734514","0.666667"
"1546365363","2101024939","1.5"
"2101024939","1546365363","1.5"
"2101024939","2169336598","7.35"
"2169336598","2101024939","7.35"
"2045235113","2114773789","0.5"
"2114773789","2045235113","0.5"
"2034796334","2116396741","0.75"
"2116396741","2034796334","0.75"
"1546365363","2155169899","0.5"
"2155169899","1546365363","0.5"
"1608524621","2155169899","10.0095"
"2155169899","1608524621","10.0095"
"1546365363","2123097133","0.333333"
"2123097133","1546365363","0.333333"
"1982141094","2085676663","0.833333"
"2085676663","1982141094","0.833333"
"1982141094","2123097133","2.83333"
"2123097133","1982141094","2.83333"
"2085676663","2123097133","0.719298"
"2123097133","2085676663","0.719298"
"2034796334","2096547754","0.75"
"2096547754","2034796334","0.75"
"2034796334","2109821166","0.75"
"2109821166","2034796334","0.75"
"2096547754","2109821166","59.2333"
"2109821166","2096547754","59.2333"
"2096547754","2116396741","101.1"
"2116396741","2096547754","101.1"
"2085676663","2096547754","0.142857"
"2096547754","2085676663","0.142857"
"2085676663","2136046112","0.142857"
"2136046112","2085676663","0.142857"
"2096547754","2112128729","0.97619"
"2112128729","2096547754","0.97619"
"2096547754","2112734514","3.14286"
"2112734514","2096547754","3.14286"
"2096547754","2134316083","0.142857"
"2134316083","2096547754","0.142857"
"2096547754","2136046112","10.2262"
"2136046112","2096547754","10.2262"
"2096547754","2153307033","0.67619"
"2153307033","2096547754","0.67619"
"2112128729","2136046112","0.142857"
"2136046112","2112128729","0.142857"
"2112734514","2136046112","2.39286"
"2136046112","2112734514","2.39286"
"2134316083","2136046112","0.142857"
"2136046112","2134316083","0.142857"
"1546365363","2106059185","1"
"2106059185","1546365363","1"
"2106059185","2114004713","5.82763"
"2114004713","2106059185","5.82763"
"2114773789","2160837767","0.5"
"2160837767","2114773789","0.5"
"2001845525","2112734514","0.5"
"2112734514","2001845525","0.5"
"1973893716","2169336598","0.25"
"2169336598","1973893716","0.25"
"2106742801","2169336598","1.08333"
"2169336598","2106742801","1.08333"
"1590297619","2160837767","0.25"
"2160837767","1590297619","0.25"
"2160837767","2166996142","0.25"
"2166996142","2160837767","0.25"
"1553193704","2112734514","1.33333"
"2112734514","1553193704","1.33333"
"2034796334","2123575007","0.333333"
"2123575007","2034796334","0.333333"
"2034796334","2160837767","0.333333"
"2160837767","2034796334","0.333333"
"1549381625","1976722103","2.65833"
"1976722103","1549381625","2.65833"
"1549381625","2133675752","0.934524"
"2133675752","1549381625","0.934524"
"1549381625","2134316083","5.05833"
"2134316083","1549381625","5.05833"
"1549381625","2142908528","1.15833"
"2142908528","1549381625","1.15833"
"1549381625","2166996142","0.87619"
"2166996142","1549381625","0.87619"
"1549381625","2169336598","0.266667"
"2169336598","1549381625","0.266667"
"1976722103","2134316083","1.81096"
"2134316083","1976722103","1.81096"
"1976722103","2142908528","3.66096"
"2142908528","1976722103","3.66096"
"2134316083","2166996142","1.16667"
"2166996142","2134316083","1.16667"
"1549381625","2001845525","0.242857"
"2001845525","1549381625","0.242857"
"1549381625","2112128729","2.77619"
"2112128729","1549381625","2.77619"
"1549381625","2114004713","0.942857"
"2114004713","1549381625","0.942857"
"1549381625","2114773789","1.63333"
"2114773789","1549381625","1.63333"
"1549381625","2143145979","0.492857"
"2143145979","1549381625","0.492857"
"1549381625","2146485383","0.992857"
"2146485383","1549381625","0.992857"
"1976722103","2001845525","4.63041"
"2001845525","1976722103","4.63041"
"1976722103","2112128729","1.98596"
"2112128729","1976722103","1.98596"
"1976722103","2114004713","3.76374"
"2114004713","1976722103","3.76374"
"1976722103","2114773789","0.795489"
"2114773789","1976722103","0.795489"
"1976722103","2143145979","2.96374"
"2143145979","1976722103","2.96374"
"1976722103","2146485383","9.88993"
"2146485383","1976722103","9.88993"
"2001845525","2114004713","17.0689"
"2114004713","2001845525","17.0689"
"2001845525","2114773789","0.152632"
"2114773789","2001845525","0.152632"
"2001845525","2143145979","0.5316"
"2143145979","2001845525","0.5316"
"2112128729","2114004713","1.71216"
"2114004713","2112128729","1.71216"
"2112128729","2143145979","0.545489"
"2143145979","2112128729","0.545489"
"2114004713","2114773789","0.152632"
"2114773789","2114004713","0.152632"
"2114004713","2133675752","22.0411"
"2133675752","2114004713","22.0411"
"2114004713","2134316083","0.688743"
"2134316083","2114004713","0.688743"
"2114004713","2142908528","4.7193"
"2142908528","2114004713","4.7193"
"2114004713","2143145979","0.9816"
"2143145979","2114004713","0.9816"
"2114773789","2143145979","0.152632"
"2143145979","2114773789","0.152632"
"2114773789","2146485383","0.352632"
"2146485383","2114773789","0.352632"
"2133675752","2143145979","1.64827"
"2143145979","2133675752","1.64827"
"2134316083","2143145979","2.65263"
"2143145979","2134316083","2.65263"
"2142908528","2143145979","0.152632"
"2143145979","2142908528","0.152632"
"2143145979","2146485383","1.86493"
"2146485383","2143145979","1.86493"
"1549381625","1971119807","1.09167"
"1971119807","1549381625","1.09167"
"1549381625","2063208042","0.325"
"2063208042","1549381625","0.325"
"1549381625","2101024939","0.325"
"2101024939","1549381625","0.325"
"1549381625","2123575007","0.741667"
"2123575007","1549381625","0.741667"
"1971119807","1976722103","7.12049"
"1976722103","1971119807","7.12049"
"1971119807","2063208042","0.325"
"2063208042","1971119807","0.325"
"1971119807","2101024939","0.561111"
"2101024939","1971119807","0.561111"
"1971119807","2134316083","2.69708"
"2134316083","1971119807","2.69708"
"1976722103","2063208042","0.325"
"2063208042","1976722103","0.325"
"1976722103","2101024939","1.575"
"2101024939","1976722103","1.575"
"1976722103","2123575007","1.85541"
"2123575007","1976722103","1.85541"
"2063208042","2101024939","0.575"
"2101024939","2063208042","0.575"
"2063208042","2123575007","0.325"
"2123575007","2063208042","0.325"
"2063208042","2133675752","0.325"
"2133675752","2063208042","0.325"
"2063208042","2134316083","0.225"
"2134316083","2063208042","0.225"
"2063208042","2142908528","0.325"
"2142908528","2063208042","0.325"
"2101024939","2123575007","0.325"
"2123575007","2101024939","0.325"
"2101024939","2133675752","2.825"
"2133675752","2101024939","2.825"
"2101024939","2134316083","0.461111"
