"1508454112","1546365363","7.67063"
"1546365363","1508454112","7.67063"
"1508454112","2112128729","3.17063"
"2112128729","1508454112","3.17063"
"1546365363","2112128729","13.1385"
"2112128729","1546365363","13.1385"
"1508454112","1590297619","0.25"
"1590297619","1508454112","0.25"
"1508454112","2133675752","0.611111"
"2133675752","1508454112","0.611111"
"1508454112","2146485383","0.75"
"2146485383","1508454112","0.75"
"1508454112","2166996142","0.75"
"2166996142","1508454112","0.75"
"1590297619","2133675752","0.540476"
"2133675752","1590297619","0.540476"
"1590297619","2146485383","0.540476"
"2146485383","1590297619","0.540476"
"1590297619","2166996142","0.82619"
"2166996142","1590297619","0.82619"
"2133675752","2146485383","24.9099"
"2146485383","2133675752","24.9099"
"2133675752","2166996142","12.8119"
"2166996142","2133675752","12.8119"
"2146485383","2166996142","54.1274"
"2166996142","2146485383","54.1274"
"1508454112","2114773789","3.50397"
"2114773789","1508454112","3.50397"
"1546365363","2114773789","34.0456"
"2114773789","1546365363","34.0456"
"1508454112","2085676663","0.142857"
"2085676663","1508454112","0.142857"
"1508454112","2112734514","1.14286"
"2112734514","1508454112","1.14286"
"1508454112","2124971582","0.809524"
"2124971582","1508454112","0.809524"
"1508454112","2134316083","0.809524"
"2134316083","1508454112","0.809524"
"1546365363","2085676663","7.24405"
"2085676663","1546365363","7.24405"
"1546365363","2112734514","17.8274"
"2112734514","1546365363","17.8274"
"1546365363","2124971582","0.809524"
"2124971582","1546365363","0.809524"
"1546365363","2134316083","2.86071"
"2134316083","1546365363","2.86071"
"2085676663","2112128729","7.125"
"2112128729","2085676663","7.125"
"2085676663","2112734514","1.82738"
"2112734514","2085676663","1.82738"
"2085676663","2114773789","5.26548"
"2114773789","2085676663","5.26548"
"2085676663","2124971582","0.142857"
"2124971582","2085676663","0.142857"
"2085676663","2134316083","3.075"
"2134316083","2085676663","3.075"
"2112128729","2112734514","4.16071"
"2112734514","2112128729","4.16071"
"2112128729","2114773789","20.9377"
"2114773789","2112128729","20.9377"
"2112128729","2124971582","0.309524"
"2124971582","2112128729","0.309524"
"2112128729","2134316083","6.71944"
"2134316083","2112128729","6.71944"
"2112734514","2114773789","2.18452"
"2114773789","2112734514","2.18452"
"2112734514","2124971582","0.642857"
"2124971582","2112734514","0.642857"
"2112734514","2134316083","0.994048"
"2134316083","2112734514","0.994048"
"2114773789","2124971582","0.309524"
"2124971582","2114773789","0.309524"
"2114773789","2134316083","3.92659"
"2134316083","2114773789","3.92659"
"2124971582","2134316083","0.309524"
"2134316083","2124971582","0.309524"
"1508454112","2096547754","1"
"2096547754","1508454112","1"
"1508454112","1553193704","0.611111"
"1553193704","1508454112","0.611111"
"1508454112","2123097133","0.333333"
"2123097133","1508454112","0.333333"
"1553193704","2114773789","11.0587"
"2114773789","1553193704","11.0587"
"1553193704","2123097133","33.4476"
"2123097133","1553193704","33.4476"
"2114773789","2123097133","1.58095"
"2123097133","2114773789","1.58095"
"1546365363","1553193704","3.47778"
"1553193704","1546365363","3.47778"
"1553193704","2112128729","4.5254"
"2112128729","1553193704","4.5254"
"1553193704","2124971582","0.166667"
"2124971582","1553193704","0.166667"
"1553193704","2134316083","5.46429"
"2134316083","1553193704","5.46429"
"1508454112","1971119807","0.361111"
"1971119807","1508454112","0.361111"
"1508454112","1982141094","0.361111"
"1982141094","1508454112","0.361111"
"1508454112","2112213707","0.111111"
"2112213707","1508454112","0.111111"
"1508454112","2123575007","0.361111"
"2123575007","1508454112","0.361111"
"1546365363","1971119807","0.461111"
"1971119807","1546365363","0.461111"
"1546365363","1982141094","2.54444"
"1982141094","1546365363","2.54444"
"1546365363","2112213707","0.444444"
"2112213707","1546365363","0.444444"
"1546365363","2123575007","3.12778"
"2123575007","1546365363","3.12778"
"1546365363","2133675752","1.92778"
"2133675752","1546365363","1.92778"
"1553193704","1971119807","2.6504"
"1971119807","1553193704","2.6504"
"1553193704","1982141094","10.9111"
"1982141094","1553193704","10.9111"
"1553193704","2112213707","0.644444"
"2112213707","1553193704","0.644444"
"1553193704","2123575007","1.29206"
"2123575007","1553193704","1.29206"
"1553193704","2133675752","50.2671"
"2133675752","1553193704","50.2671"
"1971119807","1982141094","0.577778"
"1982141094","1971119807","0.577778"
"1971119807","2112128729","1.7254"
"2112128729","1971119807","1.7254"
"1971119807","2112213707","0.311111"
"2112213707","1971119807","0.311111"
"1971119807","2114773789","1.10873"
"2114773789","1971119807","1.10873"
"1971119807","2123575007","2.57778"
"2123575007","1971119807","2.57778"
"1971119807","2133675752","7.43611"
"2133675752","1971119807","7.43611"
"1982141094","2112128729","0.111111"
"2112128729","1982141094","0.111111"
"1982141094","2112213707","0.311111"
"2112213707","1982141094","0.311111"
"1982141094","2114773789","1.11111"
"2114773789","1982141094","1.11111"
"1982141094","2123575007","0.661111"
"2123575007","1982141094","0.661111"
"1982141094","2133675752","1.96111"
"2133675752","1982141094","1.96111"
"2112128729","2112213707","0.311111"
"2112213707","2112128729","0.311111"
"2112128729","2123575007","2.05873"
"2123575007","2112128729","2.05873"
"2112128729","2133675752","2.68651"
"2133675752","2112128729","2.68651"
"2112213707","2114773789","1.11111"
"2114773789","2112213707","1.11111"
"2112213707","2123575007","0.511111"
"2123575007","2112213707","0.511111"
"2112213707","2133675752","0.311111"
"2133675752","2112213707","0.311111"
"2114773789","2123575007","1.2754"
"2123575007","2114773789","1.2754"
"2114773789","2133675752","2.38651"
"2133675752","2114773789","2.38651"
"2123575007","2133675752","4.92063"
"2133675752","2123575007","4.92063"
"1508454112","2108009586","0.5"
"2108009586","1508454112","0.5"
"1508454112","2121161268","0.5"
"2121161268","1508454112","0.5"
"2108009586","2121161268","17.756"
"2121161268","2108009586","17.756"
"1508454112","1572177749","0.25"
"1572177749","1508454112","0.25"
"1546365363","1572177749","1.25"
"1572177749","1546365363","1.25"
"1572177749","2112128729","1.25"
"2112128729","1572177749","1.25"
"1572177749","2114773789","1.25"
"2114773789","1572177749","1.25"
"1508454112","2153307033","1"
"2153307033","1508454112","1"
"1520237532","1546365363","2.6"
"1546365363","1520237532","2.6"
"1520237532","2169336598","0.5"
"2169336598","1520237532","0.5"
"1546365363","2169336598","2.55833"
"2169336598","1546365363","2.55833"
"1520237532","2103870937","1"
"2103870937","1520237532","1"
"1546365363","2103870937","1"
"2103870937","1546365363","1"
"1520237532","2042502381","0.1"
"2042502381","1520237532","0.1"
"1520237532","2096547754","0.1"
"2096547754","1520237532","0.1"
"1520237532","2108009586","0.1"
"2108009586","1520237532","0.1"
"1520237532","2109821166","0.1"
"2109821166","1520237532","0.1"
"1520237532","2116396741","1.1"
"2116396741","1520237532","1.1"
"1520237532","2121161268","0.1"
"2121161268","1520237532","0.1"
"1520237532","2127782281","0.1"
"2127782281","1520237532","0.1"
"1520237532","2131103246","0.1"
"2131103246","1520237532","0.1"
"1520237532","2165824191","0.1"
"2165824191","1520237532","0.1"
"1546365363","2042502381","0.35"
"2042502381","1546365363","0.35"
"1546365363","2096547754","5.99286"
"2096547754","1546365363","5.99286"
"1546365363","2108009586","1.18333"
"2108009586","1546365363","1.18333"
"1546365363","2109821166","0.266667"
"2109821166","1546365363","0.266667"
"1546365363","2116396741","12.6167"
"2116396741","1546365363","12.6167"
"1546365363","2121161268","1.35"
"2121161268","1546365363","1.35"
"1546365363","2127782281","0.933333"
"2127782281","1546365363","0.933333"
"1546365363","2131103246","1.85"
"2131103246","1546365363","1.85"
"1546365363","2165824191","0.6"
"2165824191","1546365363","0.6"
"2042502381","2096547754","0.433333"
"2096547754","2042502381","0.433333"
"2042502381","2108009586","25.1393"
"2108009586","2042502381","25.1393"
"2042502381","2109821166","0.225"
"2109821166","2042502381","0.225"
"2042502381","2116396741","1.43333"
"2116396741","2042502381","1.43333"
"2042502381","2121161268","7.27262"
"2121161268","2042502381","7.27262"
"2042502381","2127782281","0.1"
"2127782281","2042502381","0.1"
"2042502381","2131103246","0.1"
"2131103246","2042502381","0.1"
"2042502381","2165824191","0.6"
"2165824191","2042502381","0.6"
"2096547754","2108009586","9.96667"
"2108009586","2096547754","9.96667"
"2096547754","2109821166","48.6944"
"2109821166","2096547754","48.6944"
"2096547754","2116396741","78.0694"
"2116396741","2096547754","78.0694"
"2096547754","2121161268","1.5"
"2121161268","2096547754","1.5"
"2096547754","2127782281","72.1028"
"2127782281","2096547754","72.1028"
"2096547754","2131103246","43.8528"
"2131103246","2096547754","43.8528"
"2096547754","2165824191","0.1"
"2165824191","2096547754","0.1"
"2108009586","2109821166","2.65833"
"2109821166","2108009586","2.65833"
"2108009586","2116396741","3.26667"
"2116396741","2108009586","3.26667"
"2108009586","2127782281","2.1"
"2127782281","2108009586","2.1"
"2108009586","2131103246","1.4"
"2131103246","2108009586","1.4"
"2108009586","2165824191","0.1"
"2165824191","2108009586","0.1"
"2109821166","2116396741","48.9444"
"2116396741","2109821166","48.9444"
"2109821166","2121161268","0.625"
"2121161268","2109821166","0.625"
"2109821166","2127782281","14.6278"
"2127782281","2109821166","14.6278"
"2109821166","2131103246","12.4444"
"2131103246","2109821166","12.4444"
"2109821166","2165824191","0.1"
"2165824191","2109821166","0.1"
"2116396741","2121161268","0.433333"
"2121161268","2116396741","0.433333"
"2116396741","2127782281","36.5956"
"2127782281","2116396741","36.5956"
"2116396741","2131103246","39.779"
"2131103246","2116396741","39.779"
"2116396741","2165824191","0.6"
"2165824191","2116396741","0.6"
"2121161268","2127782281","0.5"
"2127782281","2121161268","0.5"
"2121161268","2131103246","0.5"
"2131103246","2121161268","0.5"
"2121161268","2165824191","0.1"
"2165824191","2121161268","0.1"
"2127782281","2131103246","37.2123"
"2131103246","2127782281","37.2123"
"2127782281","2165824191","0.1"
"2165824191","2127782281","0.1"
"2131103246","2165824191","0.1"
"2165824191","2131103246","0.1"
"1537655082","2116396741","3"
"2116396741","1537655082","3"
"1537655082","2155502235","1"
"2155502235","1537655082","1"
"1545480390","1976722103","0.125"
"1976722103","1545480390","0.125"
"1545480390","2085676663","0.125"
"2085676663","1545480390","0.125"
"1545480390","2115639613","0.125"
"2115639613","1545480390","0.125"
"1545480390","2129765035","0.125"
"2129765035","1545480390","0.125"
"1545480390","2133675752","0.125"
"2133675752","1545480390","0.125"
"1545480390","2160281147","0.125"
"2160281147","1545480390","0.125"
"1545480390","2166996142","0.125"
"2166996142","1545480390","0.125"
"1545480390","2169336598","0.125"
"2169336598","1545480390","0.125"
"1976722103","2085676663","0.172619"
"2085676663","1976722103","0.172619"
"1976722103","2115639613","15.6167"
"2115639613","1976722103","15.6167"
"1976722103","2129765035","0.125"
"2129765035","1976722103","0.125"
"1976722103","2133675752","41.354"
"2133675752","1976722103","41.354"
"1976722103","2160281147","1.77262"
"2160281147","1976722103","1.77262"
"1976722103","2166996142","5.9619"
"2166996142","1976722103","5.9619"
"1976722103","2169336598","5.36548"
"2169336598","1976722103","5.36548"
"2085676663","2115639613","0.375"
"2115639613","2085676663","0.375"
"2085676663","2129765035","0.125"
"2129765035","2085676663","0.125"
"2085676663","2133675752","0.505952"
"2133675752","2085676663","0.505952"
"2085676663","2160281147","0.172619"
"2160281147","2085676663","0.172619"
"2085676663","2166996142","0.458333"
"2166996142","2085676663","0.458333"
"2085676663","2169336598","0.880952"
"2169336598","2085676663","0.880952"
"2115639613","2129765035","0.125"
"2129765035","2115639613","0.125"
"2115639613","2133675752","3.95"
"2133675752","2115639613","3.95"
"2115639613","2160281147","0.125"
"2160281147","2115639613","0.125"
"2115639613","2166996142","1.58333"
"2166996142","2115639613","1.58333"
"2115639613","2169336598","1.125"
"2169336598","2115639613","1.125"
"2129765035","2133675752","1.125"
"2133675752","2129765035","1.125"
"2129765035","2160281147","0.375"
"2160281147","2129765035","0.375"
"2129765035","2166996142","0.458333"
"2166996142","2129765035","0.458333"
"2129765035","2169336598","15.4083"
"2169336598","2129765035","15.4083"
"2133675752","2160281147","3.62262"
"2160281147","2133675752","3.62262"
"2133675752","2169336598","15.0821"
"2169336598","2133675752","15.0821"
"2160281147","2166996142","6.24167"
"2166996142","2160281147","6.24167"
"2160281147","2169336598","5.33929"
"2169336598","2160281147","5.33929"
"2166996142","2169336598","16.0274"
"2169336598","2166996142","16.0274"
"1545480390","2001845525","1"
"2001845525","1545480390","1"
"1546365363","2001845525","0.633333"
"2001845525","1546365363","0.633333"
"1546365363","2146485383","0.833333"
"2146485383","1546365363","0.833333"
"2001845525","2112128729","0.892063"
"2112128729","2001845525","0.892063"
"2001845525","2133675752","6.21825"
"2133675752","2001845525","6.21825"
"2001845525","2134316083","1.75873"
"2134316083","2001845525","1.75873"
"2001845525","2146485383","48.2444"
"2146485383","2001845525","48.2444"
"2112128729","2146485383","1.6254"
"2146485383","2112128729","1.6254"
"2133675752","2134316083","8.01825"
"2134316083","2133675752","8.01825"
"2134316083","2146485383","3.59206"
"2146485383","2134316083","3.59206"
"1546365363","2067092194","0.166667"
"2067092194","1546365363","0.166667"
"1546365363","2130696419","0.416667"
"2130696419","1546365363","0.416667"
"1546365363","2146831356","0.166667"
"2146831356","1546365363","0.166667"
"2067092194","2109821166","1.67778"
"2109821166","2067092194","1.67778"
"2067092194","2116396741","14.5028"
"2116396741","2067092194","14.5028"
"2067092194","2130696419","1.125"
"2130696419","2067092194","1.125"
"2067092194","2131103246","5.26944"
"2131103246","2067092194","5.26944"
"2067092194","2146831356","13.4694"
"2146831356","2067092194","13.4694"
"2109821166","2130696419","4.55"
"2130696419","2109821166","4.55"
"2109821166","2146831356","4.54444"
"2146831356","2109821166","4.54444"
"2116396741","2130696419","22.9083"
"2130696419","2116396741","22.9083"
"2116396741","2146831356","37.1861"
"2146831356","2116396741","37.1861"
"2130696419","2131103246","9.325"
"2131103246","2130696419","9.325"
"2130696419","2146831356","5.55833"
"2146831356","2130696419","5.55833"
"2131103246","2146831356","5.60278"
"2146831356","2131103246","5.60278"
"1546365363","2150246229","3.86667"
"2150246229","1546365363","3.86667"
"1546365363","2136046112","2.19286"
"2136046112","1546365363","2.19286"
"2116396741","2136046112","11.2667"
"2136046112","2116396741","11.2667"
"1546365363","2098109090","0.25"
"2098109090","1546365363","0.25"
"1553193704","2098109090","0.25"
"2098109090","1553193704","0.25"
"1982141094","2098109090","0.75"
"2098109090","1982141094","0.75"
"2098109090","2114773789","0.25"
"2114773789","2098109090","0.25"
"1546365363","2045106615","0.75"
"2045106615","1546365363","0.75"
"2045106615","2116396741","5.9"
"2116396741","2045106615","5.9"
"1546365363","2142908528","0.725"
"2142908528","1546365363","0.725"
"1546365363","2153307033","0.367857"
"2153307033","1546365363","0.367857"
"2085676663","2142908528","0.172619"
"2142908528","2085676663","0.172619"
"2085676663","2153307033","0.267857"
"2153307033","2085676663","0.267857"
"2112128729","2142908528","0.73373"
"2142908528","2112128729","0.73373"
"2112128729","2153307033","0.267857"
"2153307033","2112128729","0.267857"
"2112128729","2169336598","1.50595"
"2169336598","2112128729","1.50595"
"2112734514","2142908528","0.625"
"2142908528","2112734514","0.625"
"2112734514","2153307033","0.267857"
"2153307033","2112734514","0.267857"
"2112734514","2169336598","0.458333"
"2169336598","2112734514","0.458333"
"2114773789","2142908528","0.78373"
"2142908528","2114773789","0.78373"
"2114773789","2153307033","0.125"
"2153307033","2114773789","0.125"
"2114773789","2169336598","0.505952"
"2169336598","2114773789","0.505952"
"2134316083","2142908528","1.82659"
"2142908528","2134316083","1.82659"
"2134316083","2153307033","0.267857"
"2153307033","2134316083","0.267857"
"2134316083","2169336598","1.33929"
"2169336598","2134316083","1.33929"
"2142908528","2153307033","1.375"
"2153307033","2142908528","1.375"
"2142908528","2169336598","5.48214"
"2169336598","2142908528","5.48214"
"2153307033","2169336598","2.50833"
"2169336598","2153307033","2.50833"
"1546365363","1608524621","4.41667"
"1608524621","1546365363","4.41667"
"1546365363","2139263797","3.16667"
"2139263797","1546365363","3.16667"
"1608524621","2139263797","21.2667"
"2139263797","1608524621","21.2667"
"1546365363","2115639613","1"
"2115639613","1546365363","1"
"2112128729","2115639613","9"
"2115639613","2112128729","9"
"2114773789","2115639613","0.5"
"2115639613","2114773789","0.5"
"1546365363","2049075975","0.333333"
"2049075975","1546365363","0.333333"
"2049075975","2108009586","10.825"
"2108009586","2049075975","10.825"
"2049075975","2112734514","0.333333"
"2112734514","2049075975","0.333333"
"2108009586","2112734514","0.583333"
"2112734514","2108009586","0.583333"
"1546365363","2131796944","1.45"
"2131796944","1546365363","1.45"
"2116396741","2150246229","1"
"2150246229","2116396741","1"
"2045106615","2096547754","4.58333"
"2096547754","2045106615","4.58333"
"2045106615","2127782281","0.65"
"2127782281","2045106615","0.65"
"2045106615","2131103246","1.23333"
"2131103246","2045106615","1.23333"
"1546365363","2120767835","7.66667"
"2120767835","1546365363","7.66667"
"2096547754","2120767835","4.5"
"2120767835","2096547754","4.5"
"1553193704","2085676663","1.24762"
"2085676663","1553193704","1.24762"
"1546365363","1590297619","0.433333"
"1590297619","1546365363","0.433333"
"1546365363","2166996142","0.866667"
"2166996142","1546365363","0.866667"
"1553193704","1590297619","0.147619"
"1590297619","1553193704","0.147619"
"1553193704","2001845525","0.597619"
"2001845525","1553193704","0.597619"
"1553193704","2142908528","0.647619"
"2142908528","1553193704","0.647619"
"1553193704","2146485383","8.83929"
"2146485383","1553193704","8.83929"
"1553193704","2166996142","6.30833"
"2166996142","1553193704","6.30833"
"1590297619","1971119807","0.147619"
"1971119807","1590297619","0.147619"
"1590297619","1982141094","0.1"
"1982141094","1590297619","0.1"
"1590297619","2001845525","0.290476"
"2001845525","1590297619","0.290476"
"1590297619","2123575007","0.62381"
"2123575007","1590297619","0.62381"
"1590297619","2142908528","0.147619"
"2142908528","1590297619","0.147619"
"1971119807","2001845525","2.33095"
"2001845525","1971119807","2.33095"
"1971119807","2142908528","2.41667"
"2142908528","1971119807","2.41667"
"1971119807","2146485383","3.12262"
"2146485383","1971119807","3.12262"
"1971119807","2166996142","2.82738"
"2166996142","1971119807","2.82738"
"1982141094","2001845525","0.3"
"2001845525","1982141094","0.3"
"1982141094","2142908528","1.6"
"2142908528","1982141094","1.6"
"1982141094","2146485383","0.466667"
"2146485383","1982141094","0.466667"
"1982141094","2166996142","0.3"
"2166996142","1982141094","0.3"
"2001845525","2123575007","0.82381"
"2123575007","2001845525","0.82381"
"2001845525","2142908528","8.84206"
"2142908528","2001845525","8.84206"
"2001845525","2166996142","28.169"
"2166996142","2001845525","28.169"
"2123575007","2142908528","2.1"
"2142908528","2123575007","2.1"
"2123575007","2146485383","3.34881"
"2146485383","2123575007","3.34881"
"2123575007","2166996142","5.29524"
"2166996142","2123575007","5.29524"
"2133675752","2142908528","4.44444"
"2142908528","2133675752","4.44444"
"2142908528","2146485383","4.09206"
"2146485383","2142908528","4.09206"
"2142908528","2166996142","4.66905"
"2166996142","2142908528","4.66905"
"1546365363","2109119832","3.16667"
"2109119832","1546365363","3.16667"
"2109119832","2120767835","11"
"2120767835","2109119832","11"
"2116396741","2169336598","6.15952"
"2169336598","2116396741","6.15952"
"1608524621","2150246229","2.41667"
"2150246229","1608524621","2.41667"
"2139263797","2150246229","2.33333"
"2150246229","2139263797","2.33333"
"1546365363","2111304322","1.5"
"2111304322","1546365363","1.5"
"2111304322","2112734514","1.16667"
"2112734514","2111304322","1.16667"
"1546365363","1971640526","2.1"
"1971640526","1546365363","2.1"
"1971640526","2131103246","0.95"
"2131103246","1971640526","0.95"
"1546365363","1976722103","0.1"
"1976722103","1546365363","0.1"
"1546365363","2072485026","0.1"
"2072485026","1546365363","0.1"
"1553193704","1971640526","0.1"
"1971640526","1553193704","0.1"
"1553193704","1976722103","4.42262"
"1976722103","1553193704","4.42262"
"1553193704","2072485026","0.1"
"2072485026","1553193704","0.1"
"1553193704","2116396741","0.6"
"2116396741","1553193704","0.6"
"1553193704","2136046112","0.683333"
"2136046112","1553193704","0.683333"
"1553193704","2153307033","2.6"
"2153307033","1553193704","2.6"
"1553193704","2169336598","6.93095"
"2169336598","1553193704","6.93095"
"1971640526","1976722103","0.1"
"1976722103","1971640526","0.1"
"1971640526","2072485026","0.1"
"2072485026","1971640526","0.1"
"1971640526","2116396741","8.46667"
"2116396741","1971640526","8.46667"
"1971640526","2133675752","0.1"
"2133675752","1971640526","0.1"
"1971640526","2136046112","0.683333"
"2136046112","1971640526","0.683333"
"1971640526","2153307033","0.1"
"2153307033","1971640526","0.1"
"1971640526","2166996142","0.1"
"2166996142","1971640526","0.1"
"1971640526","2169336598","0.6"
"2169336598","1971640526","0.6"
"1976722103","2072485026","0.1"
"2072485026","1976722103","0.1"
"1976722103","2116396741","0.3"
"2116396741","1976722103","0.3"
"1976722103","2136046112","0.5"
"2136046112","1976722103","0.5"
"1976722103","2153307033","0.1"
"2153307033","1976722103","0.1"
"2072485026","2116396741","0.1"
"2116396741","2072485026","0.1"
"2072485026","2133675752","0.1"
"2133675752","2072485026","0.1"
"2072485026","2136046112","0.433333"
"2136046112","2072485026","0.433333"
"2072485026","2153307033","0.1"
"2153307033","2072485026","0.1"
"2072485026","2166996142","0.1"
"2166996142","2072485026","0.1"
"2072485026","2169336598","0.433333"
"2169336598","2072485026","0.433333"
"2116396741","2133675752","1.8"
"2133675752","2116396741","1.8"
"2116396741","2153307033","0.633333"
"2153307033","2116396741","0.633333"
"2116396741","2166996142","0.57619"
"2166996142","2116396741","0.57619"
"2133675752","2136046112","0.85"
"2136046112","2133675752","0.85"
"2133675752","2153307033","12.35"
"2153307033","2133675752","12.35"
"2136046112","2153307033","0.942857"
"2153307033","2136046112","0.942857"
"2136046112","2166996142","1.5"
"2166996142","2136046112","1.5"
"2136046112","2169336598","13.7"
"2169336598","2136046112","13.7"
"2153307033","2166996142","1.05"
"2166996142","2153307033","1.05"
"1546365363","2110529497","0.833333"
"2110529497","1546365363","0.833333"
"2096547754","2110529497","4.90833"
"2110529497","2096547754","4.90833"
"2127782281","2130696419","20.9583"
"2130696419","2127782281","20.9583"
"1608524621","2131103246","1.54444"
"2131103246","1608524621","1.54444"
"1608524621","2131796944","4.58333"
"2131796944","1608524621","4.58333"
"1608524621","2136046112","7.6"
"2136046112","1608524621","7.6"
"2131103246","2131796944","1.25952"
"2131796944","2131103246","1.25952"
"2131103246","2136046112","0.25"
"2136046112","2131103246","0.25"
"2131796944","2136046112","63.5"
"2136046112","2131796944","63.5"
"2085676663","2146485383","1.24762"
"2146485383","2085676663","1.24762"
"2110529497","2112213707","0.333333"
"2112213707","2110529497","0.333333"
"2110529497","2116396741","26.0083"
"2116396741","2110529497","26.0083"
"2112213707","2116396741","1.33333"
"2116396741","2112213707","1.33333"
"2042502381","2112734514","0.25"
"2112734514","2042502381","0.25"
"2112734514","2121161268","0.25"
"2121161268","2112734514","0.25"
"2112734514","2133675752","0.666667"
"2133675752","2112734514","0.666667"
"1546365363","1979005794","1"
"1979005794","1546365363","1"
"1546365363","2155169899","0.5"
"2155169899","1546365363","0.5"
"1608524621","2155169899","8.95"
"2155169899","1608524621","8.95"
"1971640526","2120767835","0.5"
"2120767835","1971640526","0.5"
"1546365363","2123097133","0.333333"
"2123097133","1546365363","0.333333"
"1982141094","2085676663","0.833333"
"2085676663","1982141094","0.833333"
"1982141094","2123097133","2.83333"
"2123097133","1982141094","2.83333"
"2085676663","2123097133","0.580952"
"2123097133","2085676663","0.580952"
"2085676663","2096547754","0.142857"
"2096547754","2085676663","0.142857"
"2085676663","2136046112","0.142857"
"2136046112","2085676663","0.142857"
"2096547754","2112128729","0.809524"
"2112128729","2096547754","0.809524"
"2096547754","2112734514","2.14286"
"2112734514","2096547754","2.14286"
"2096547754","2134316083","0.142857"
"2134316083","2096547754","0.142857"
"2096547754","2136046112","11.0095"
"2136046112","2096547754","11.0095"
"2096547754","2153307033","0.67619"
"2153307033","2096547754","0.67619"
"2112128729","2136046112","0.142857"
"2136046112","2112128729","0.142857"
"2112734514","2136046112","2.47619"
"2136046112","2112734514","2.47619"
"2134316083","2136046112","0.142857"
"2136046112","2134316083","0.142857"
"2109119832","2111304322","1"
"2111304322","2109119832","1"
"2111304322","2120767835","1"
"2120767835","2111304322","1"
"2001845525","2111304322","0.333333"
"2111304322","2001845525","0.333333"
"2001845525","2112734514","0.333333"
"2112734514","2001845525","0.333333"
"1546365363","2045622468","1"
"2045622468","1546365363","1"
"1546365363","2170940478","0.333333"
"2170940478","1546365363","0.333333"
"2116396741","2170940478","12.875"
"2170940478","2116396741","12.875"
"2169336598","2170940478","0.333333"
"2170940478","2169336598","0.333333"
"1546365363","2092799168","0.2"
"2092799168","1546365363","0.2"
"2092799168","2131796944","0.2"
"2131796944","2092799168","0.2"
"2092799168","2136046112","0.2"
"2136046112","2092799168","0.2"
"2092799168","2146485383","0.2"
"2146485383","2092799168","0.2"
"2092799168","2150246229","0.2"
"2150246229","2092799168","0.2"
"2131796944","2146485383","12.9845"
"2146485383","2131796944","12.9845"
"2131796944","2150246229","6.26667"
"2150246229","2131796944","6.26667"
"2136046112","2146485383","8.31667"
"2146485383","2136046112","8.31667"
"2136046112","2150246229","1.48333"
"2150246229","2136046112","1.48333"
"2146485383","2150246229","5.35"
"2150246229","2146485383","5.35"
"1546365363","2080447024","1"
"2080447024","1546365363","1"
"1553193704","2112734514","1.25"
"2112734514","1553193704","1.25"
"1553193704","2115639613","12.075"
"2115639613","1553193704","12.075"
"2112734514","2115639613","0.25"
"2115639613","2112734514","0.25"
"1549381625","1976722103","2.79683"
"1976722103","1549381625","2.79683"
"1549381625","2133675752","1.09683"
"2133675752","1549381625","1.09683"
"1549381625","2134316083","4.65397"
"2134316083","1549381625","4.65397"
"1549381625","2142908528","1.29683"
"2142908528","1549381625","1.29683"
"1549381625","2166996142","0.985714"
"2166996142","1549381625","0.985714"
"1549381625","2169336598","0.309524"
"2169336598","1549381625","0.309524"
"1976722103","2134316083","1.90159"
"2134316083","1976722103","1.90159"
"1976722103","2142908528","3.21111"
"2142908528","1976722103","3.21111"
"2134316083","2166996142","1.12619"
"2166996142","2134316083","1.12619"
"1549381625","2001845525","0.277778"
"2001845525","1549381625","0.277778"
"1549381625","2112128729","2.81111"
"2112128729","1549381625","2.81111"
"1549381625","2114773789","1.64444"
"2114773789","1549381625","1.64444"
"1549381625","2143145979","0.402778"
"2143145979","1549381625","0.402778"
"1549381625","2146485383","0.902778"
"2146485383","1549381625","0.902778"
"1976722103","2001845525","5.06825"
"2001845525","1976722103","5.06825"
"1976722103","2112128729","1.60873"
"2112128729","1976722103","1.60873"
"1976722103","2114773789","0.825397"
"2114773789","1976722103","0.825397"
"1976722103","2143145979","3.30159"
"2143145979","1976722103","3.30159"
"1976722103","2146485383","10.3599"
"2146485383","1976722103","10.3599"
"2001845525","2114773789","0.15873"
"2114773789","2001845525","0.15873"
"2001845525","2143145979","0.634921"
"2143145979","2001845525","0.634921"
"2112128729","2143145979","0.65873"
"2143145979","2112128729","0.65873"
"2114773789","2143145979","0.15873"
"2143145979","2114773789","0.15873"
"2114773789","2146485383","0.35873"
"2146485383","2114773789","0.35873"
"2133675752","2143145979","2.30159"
"2143145979","2133675752","2.30159"
"2134316083","2143145979","2.65873"
"2143145979","2134316083","2.65873"
"2142908528","2143145979","0.15873"
"2143145979","2142908528","0.15873"
"2143145979","2146485383","2.09325"
"2146485383","2143145979","2.09325"
"1549381625","1971119807","1.21905"
"1971119807","1549381625","1.21905"
"1549381625","2123575007","0.744048"
"2123575007","1549381625","0.744048"
"1971119807","1976722103","7.09167"
"1976722103","1971119807","7.09167"
"1971119807","2134316083","2.99048"
"2134316083","1971119807","2.99048"
"1976722103","2123575007","1.50952"
"2123575007","1976722103","1.50952"
"2123575007","2134316083","2.35714"
"2134316083","2123575007","2.35714"
"1549381625","2115639613","1.5"
"2115639613","1549381625","1.5"
"2115639613","2134316083","0.75"
"2134316083","2115639613","0.75"
"1549381625","2042502381","0.125"
"2042502381","1549381625","0.125"
"1549381625","2049075975","0.125"
"2049075975","1549381625","0.125"
"1549381625","2108009586","0.125"
"2108009586","1549381625","0.125"
"1549381625","2109821166","0.125"
"2109821166","1549381625","0.125"
"1549381625","2121161268","0.125"
"2121161268","1549381625","0.125"
"2042502381","2049075975","6.74167"
"2049075975","2042502381","6.74167"
"2042502381","2123575007","0.172619"
"2123575007","2042502381","0.172619"
"2042502381","2143145979","0.172619"
"2143145979","2042502381","0.172619"
"2042502381","2146485383","1.25595"
"2146485383","2042502381","1.25595"
"2049075975","2109821166","0.325"
"2109821166","2049075975","0.325"
"2049075975","2121161268","1.125"
"2121161268","2049075975","1.125"
"2049075975","2123575007","0.125"
"2123575007","2049075975","0.125"
"2049075975","2143145979","0.125"
"2143145979","2049075975","0.125"
"2049075975","2146485383","0.625"
"2146485383","2049075975","0.625"
"2108009586","2123575007","0.172619"
"2123575007","2108009586","0.172619"
"2108009586","2143145979","0.172619"
"2143145979","2108009586","0.172619"
"2108009586","2146485383","5.17262"
"2146485383","2108009586","5.17262"
"2109821166","2123575007","0.125"
"2123575007","2109821166","0.125"
"2109821166","2143145979","0.125"
"2143145979","2109821166","0.125"
"2109821166","2146485383","0.125"
"2146485383","2109821166","0.125"
"2121161268","2123575007","0.172619"
"2123575007","2121161268","0.172619"
"2121161268","2143145979","0.172619"
"2143145979","2121161268","0.172619"
"2121161268","2146485383","1.87262"
"2146485383","2121161268","1.87262"
"2123575007","2143145979","0.64881"
"2143145979","2123575007","0.64881"
"1549381625","2130992008","0.533333"
"2130992008","1549381625","0.533333"
"2112128729","2130992008","0.533333"
"2130992008","2112128729","0.533333"
"2114773789","2130992008","0.533333"
"2130992008","2114773789","0.533333"
"1549381625","1608524621","1"
"1608524621","1549381625","1"
"1549381625","1553193704","0.2"
"1553193704","1549381625","0.2"
"1553193704","2130992008","0.2"
"2130992008","1553193704","0.2"
"1971119807","2130992008","0.533333"
"2130992008","1971119807","0.533333"
"1971119807","2169336598","0.557143"
"2169336598","1971119807","0.557143"
"2123575007","2169336598","1.39048"
"2169336598","2123575007","1.39048"
"2112128729","2166996142","1.56667"
"2166996142","2112128729","1.56667"
"2143145979","2166996142","0.309524"
"2166996142","2143145979","0.309524"
"2123097133","2133675752","14.081"
"2133675752","2123097133","14.081"
"1553193704","1572177749","2.325"
"1572177749","1553193704","2.325"
"1572177749","1971119807","1.325"
"1971119807","1572177749","1.325"
"1572177749","1976722103","0.325"
"1976722103","1572177749","0.325"
"1572177749","1982141094","0.2"
"1982141094","1572177749","0.2"
"1572177749","2001845525","0.2"
"2001845525","1572177749","0.2"
"1572177749","2112213707","0.2"
"2112213707","1572177749","0.2"
"1572177749","2123575007","0.2"
"2123575007","1572177749","0.2"
"1572177749","2146485383","0.325"
"2146485383","1572177749","0.325"
"1572177749","2166996142","0.325"
"2166996142","1572177749","0.325"
"1572177749","2169336598","0.2"
"2169336598","1572177749","0.2"
"1976722103","1982141094","0.45"
"1982141094","1976722103","0.45"
"1976722103","2112213707","0.2"
"2112213707","1976722103","0.2"
"1982141094","2169336598","0.616667"
"2169336598","1982141094","0.616667"
"2001845525","2112213707","0.2"
"2112213707","2001845525","0.2"
"2001845525","2169336598","25.6405"
"2169336598","2001845525","25.6405"
"2112213707","2146485383","0.4"
"2146485383","2112213707","0.4"
"2112213707","2166996142","0.4"
"2166996142","2112213707","0.4"
"2112213707","2169336598","0.2"
"2169336598","2112213707","0.2"
"2146485383","2169336598","48.7405"
"2169336598","2146485383","48.7405"
"2123097133","2146485383","2.71429"
"2146485383","2123097133","2.71429"
"2123097133","2166996142","0.333333"
"2166996142","2123097133","0.333333"
"1553193704","2059645646","0.464286"
"2059645646","1553193704","0.464286"
"1553193704","2131796944","2.075"
"2131796944","1553193704","2.075"
"1553193704","2150246229","1.61667"
"2150246229","1553193704","1.61667"
"2059645646","2131796944","0.416667"
"2131796944","2059645646","0.416667"
"2059645646","2133675752","2.13095"
"2133675752","2059645646","2.13095"
"2059645646","2150246229","0.75"
"2150246229","2059645646","0.75"
"2131796944","2133675752","3.90833"
"2133675752","2131796944","3.90833"
"2133675752","2150246229","2.25"
"2150246229","2133675752","2.25"
"2115639613","2146485383","1.625"
"2146485383","2115639613","1.625"
"1982141094","2134316083","0.333333"
"2134316083","1982141094","0.333333"
"1553193704","1982768666","0.25"
"1982768666","1553193704","0.25"
"1553193704","2151700547","0.25"
"2151700547","1553193704","0.25"
"1982768666","2146485383","1.28333"
"2146485383","1982768666","1.28333"
"1982768666","2151700547","1.41667"
"2151700547","1982768666","1.41667"
"1982768666","2166996142","0.666667"
"2166996142","1982768666","0.666667"
"2146485383","2151700547","1.41667"
"2151700547","2146485383","1.41667"
"2151700547","2166996142","0.25"
"2166996142","2151700547","0.25"
"1553193704","2012204843","0.047619"
"2012204843","1553193704","0.047619"
"1553193704","2042502381","0.497619"
"2042502381","1553193704","0.497619"
"1553193704","2108009586","1.16429"
"2108009586","1553193704","1.16429"
"1553193704","2121161268","0.297619"
"2121161268","1553193704","0.297619"
"1553193704","2143145979","0.047619"
"2143145979","1553193704","0.047619"
"1553193704","2160281147","0.247619"
"2160281147","1553193704","0.247619"
"1590297619","1976722103","0.190476"
"1976722103","1590297619","0.190476"
"1590297619","2012204843","0.047619"
"2012204843","1590297619","0.047619"
"1590297619","2042502381","0.047619"
"2042502381","1590297619","0.047619"
"1590297619","2059645646","0.047619"
"2059645646","1590297619","0.047619"
"1590297619","2085676663","0.047619"
"2085676663","1590297619","0.047619"
"1590297619","2108009586","0.047619"
"2108009586","1590297619","0.047619"
"1590297619","2112128729","0.047619"
"2112128729","1590297619","0.047619"
"1590297619","2114773789","0.047619"
"2114773789","1590297619","0.047619"
"1590297619","2121161268","0.047619"
"2121161268","1590297619","0.047619"
"1590297619","2123097133","0.047619"
"2123097133","1590297619","0.047619"
"1590297619","2134316083","0.047619"
"2134316083","1590297619","0.047619"
"1590297619","2143145979","0.190476"
"2143145979","1590297619","0.190476"
"1590297619","2160281147","0.047619"
"2160281147","1590297619","0.047619"
"1590297619","2169336598","0.047619"
"2169336598","1590297619","0.047619"
"1971119807","2012204843","0.964286"
"2012204843","1971119807","0.964286"
"1971119807","2042502381","0.047619"
"2042502381","1971119807","0.047619"
"1971119807","2059645646","2.04762"
"2059645646","1971119807","2.04762"
"1971119807","2085676663","0.414286"
"2085676663","1971119807","0.414286"
"1971119807","2108009586","0.214286"
"2108009586","1971119807","0.214286"
"1971119807","2121161268","0.214286"
"2121161268","1971119807","0.214286"
"1971119807","2123097133","0.247619"
"2123097133","1971119807","0.247619"
"1971119807","2143145979","0.380952"
"2143145979","1971119807","0.380952"
"1971119807","2160281147","0.047619"
"2160281147","1971119807","0.047619"
"1976722103","2012204843","1.21429"
"2012204843","1976722103","1.21429"
"1976722103","2042502381","0.747619"
"2042502381","1976722103","0.747619"
"1976722103","2059645646","0.214286"
"2059645646","1976722103","0.214286"
"1976722103","2108009586","1.88095"
"2108009586","1976722103","1.88095"
"1976722103","2121161268","0.047619"
"2121161268","1976722103","0.047619"
"1976722103","2123097133","0.914286"
"2123097133","1976722103","0.914286"
"2001845525","2012204843","0.047619"
"2012204843","2001845525","0.047619"
"2001845525","2042502381","1.63095"
"2042502381","2001845525","1.63095"
"2001845525","2059645646","0.297619"
"2059645646","2001845525","0.297619"
"2001845525","2085676663","0.664286"
"2085676663","2001845525","0.664286"
"2001845525","2108009586","0.047619"
"2108009586","2001845525","0.047619"
"2001845525","2121161268","1.71429"
"2121161268","2001845525","1.71429"
"2001845525","2123097133","0.547619"
"2123097133","2001845525","0.547619"
"2001845525","2160281147","7.53095"
"2160281147","2001845525","7.53095"
"2012204843","2042502381","0.047619"
"2042502381","2012204843","0.047619"
"2012204843","2059645646","0.047619"
"2059645646","2012204843","0.047619"
"2012204843","2085676663","0.047619"
"2085676663","2012204843","0.047619"
"2012204843","2108009586","0.047619"
"2108009586","2012204843","0.047619"
"2012204843","2112128729","0.047619"
"2112128729","2012204843","0.047619"
"2012204843","2114773789","0.047619"
"2114773789","2012204843","0.047619"
"2012204843","2121161268","0.047619"
"2121161268","2012204843","0.047619"
"2012204843","2123097133","0.047619"
"2123097133","2012204843","0.047619"
"2012204843","2123575007","0.047619"
"2123575007","2012204843","0.047619"
"2012204843","2133675752","3.46429"
"2133675752","2012204843","3.46429"
"2012204843","2134316083","0.047619"
"2134316083","2012204843","0.047619"
"2012204843","2142908528","0.297619"
"2142908528","2012204843","0.297619"
"2012204843","2143145979","0.047619"
"2143145979","2012204843","0.047619"
"2012204843","2146485383","0.547619"
"2146485383","2012204843","0.547619"
"2012204843","2160281147","0.047619"
"2160281147","2012204843","0.047619"
"2012204843","2169336598","0.047619"
"2169336598","2012204843","0.047619"
"2042502381","2059645646","0.297619"
"2059645646","2042502381","0.297619"
"2042502381","2085676663","0.497619"
"2085676663","2042502381","0.497619"
"2042502381","2112128729","0.247619"
"2112128729","2042502381","0.247619"
"2042502381","2114773789","0.247619"
"2114773789","2042502381","0.247619"
"2042502381","2123097133","0.247619"
"2123097133","2042502381","0.247619"
"2042502381","2133675752","4.33095"
"2133675752","2042502381","4.33095"
"2042502381","2134316083","0.047619"
"2134316083","2042502381","0.047619"
"2042502381","2142908528","1.49762"
"2142908528","2042502381","1.49762"
"2042502381","2160281147","1.54762"
"2160281147","2042502381","1.54762"
"2042502381","2169336598","3.71429"
"2169336598","2042502381","3.71429"
"2059645646","2085676663","0.297619"
"2085676663","2059645646","0.297619"
"2059645646","2108009586","0.047619"
"2108009586","2059645646","0.047619"
"2059645646","2112128729","0.047619"
"2112128729","2059645646","0.047619"
"2059645646","2114773789","0.214286"
