"110976500","2097304093","1"
"2097304093","110976500","1"
"1126589922","2026325766","1.09787"
"2026325766","1126589922","1.09787"
"1126589922","2029128277","1.36573"
"2029128277","1126589922","1.36573"
"1126589922","2044280769","0.471681"
"2044280769","1126589922","0.471681"
"1126589922","2117759244","0.862615"
"2117759244","1126589922","0.862615"
"1126589922","2225996691","0.775848"
"2225996691","1126589922","0.775848"
"2026325766","2029128277","3.69549"
"2029128277","2026325766","3.69549"
"2026325766","2044280769","0.471681"
"2044280769","2026325766","0.471681"
"2026325766","2117759244","1.58523"
"2117759244","2026325766","1.58523"
"2026325766","2225996691","1.12585"
"2225996691","2026325766","1.12585"
"2029128277","2044280769","0.948954"
"2044280769","2029128277","0.948954"
"2029128277","2117759244","4.37993"
"2117759244","2029128277","4.37993"
"2029128277","2225996691","1.12585"
"2225996691","2029128277","1.12585"
"2044280769","2117759244","0.731122"
"2117759244","2044280769","0.731122"
"2044280769","2225996691","0.409181"
"2225996691","2044280769","0.409181"
"2117759244","2225996691","0.798925"
"2225996691","2117759244","0.798925"
"1126589922","2279115218","0.544758"
"2279115218","1126589922","0.544758"
"2026325766","2279115218","0.478091"
"2279115218","2026325766","0.478091"
"2029128277","2279115218","0.478091"
"2279115218","2029128277","0.478091"
"2117759244","2279115218","0.394758"
"2279115218","2117759244","0.394758"
"2225996691","2279115218","0.498925"
"2279115218","2225996691","0.498925"
"1126589922","2013909137","0.132258"
"2013909137","1126589922","0.132258"
"1126589922","2031250218","0.882395"
"2031250218","1126589922","0.882395"
"1126589922","2201055911","0.355014"
"2201055911","1126589922","0.355014"
"1126589922","2464480950","1.04906"
"2464480950","1126589922","1.04906"
"1126589922","2567318660","0.1"
"2567318660","1126589922","0.1"
"2013909137","2026325766","0.479877"
"2026325766","2013909137","0.479877"
"2013909137","2029128277","1.76624"
"2029128277","2013909137","1.76624"
"2013909137","2031250218","2.76624"
"2031250218","2013909137","2.76624"
"2013909137","2044280769","2.51862"
"2044280769","2013909137","2.51862"
"2013909137","2117759244","1.02533"
"2117759244","2013909137","1.02533"
"2013909137","2201055911","0.482907"
"2201055911","2013909137","0.482907"
"2013909137","2225996691","0.232258"
"2225996691","2013909137","0.232258"
"2013909137","2464480950","0.132258"
"2464480950","2013909137","0.132258"
"2013909137","2567318660","0.1"
"2567318660","2013909137","0.1"
"2026325766","2031250218","1.17882"
"2031250218","2026325766","1.17882"
"2026325766","2201055911","1.00263"
"2201055911","2026325766","1.00263"
"2026325766","2464480950","0.864538"
"2464480950","2026325766","0.864538"
"2026325766","2567318660","0.1"
"2567318660","2026325766","0.1"
"2029128277","2031250218","14.6377"
"2031250218","2029128277","14.6377"
"2029128277","2201055911","1.939"
"2201055911","2029128277","1.939"
"2029128277","2464480950","1.1324"
"2464480950","2029128277","1.1324"
"2029128277","2567318660","0.1"
"2567318660","2029128277","0.1"
"2031250218","2044280769","1.4009"
"2044280769","2031250218","1.4009"
"2031250218","2117759244","1.82236"
"2117759244","2031250218","1.82236"
"2031250218","2201055911","1.39376"
"2201055911","2031250218","1.39376"
"2031250218","2225996691","0.475848"
"2225996691","2031250218","0.475848"
"2031250218","2464480950","0.882395"
"2464480950","2031250218","0.882395"
"2031250218","2567318660","0.1"
"2567318660","2031250218","0.1"
"2044280769","2201055911","0.408045"
"2201055911","2044280769","0.408045"
"2044280769","2464480950","0.271681"
"2464480950","2044280769","0.271681"
"2044280769","2567318660","0.1"
"2567318660","2044280769","0.1"
"2117759244","2201055911","0.887832"
"2201055911","2117759244","0.887832"
"2117759244","2464480950","0.462615"
"2464480950","2117759244","0.462615"
"2117759244","2567318660","0.1"
"2567318660","2117759244","0.1"
"2201055911","2225996691","0.475848"
"2225996691","2201055911","0.475848"
"2201055911","2464480950","0.271681"
"2464480950","2201055911","0.271681"
"2201055911","2567318660","0.1"
"2567318660","2201055911","0.1"
"2225996691","2464480950","0.375848"
"2464480950","2225996691","0.375848"
"2225996691","2567318660","0.1"
"2567318660","2225996691","0.1"
"2464480950","2567318660","0.1"
"2567318660","2464480950","0.1"
"1126589922","2010673602","0.142857"
"2010673602","1126589922","0.142857"
"1126589922","2281713471","0.377038"
"2281713471","1126589922","0.377038"
"2010673602","2026325766","0.357143"
"2026325766","2010673602","0.357143"
"2010673602","2029128277","0.493506"
"2029128277","2010673602","0.493506"
"2010673602","2031250218","0.493506"
"2031250218","2010673602","0.493506"
"2010673602","2117759244","0.902597"
"2117759244","2010673602","0.902597"
"2010673602","2281713471","0.142857"
"2281713471","2010673602","0.142857"
"2010673602","2464480950","0.142857"
"2464480950","2010673602","0.142857"
"2026325766","2281713471","0.252038"
"2281713471","2026325766","0.252038"
"2029128277","2281713471","0.877038"
"2281713471","2029128277","0.877038"
"2031250218","2281713471","0.877038"
"2281713471","2031250218","0.877038"
"2117759244","2281713471","0.300115"
"2281713471","2117759244","0.300115"
"2281713471","2464480950","0.377038"
"2464480950","2281713471","0.377038"
"1126589922","1134508972","0.0322581"
"1134508972","1126589922","0.0322581"
"1126589922","131624900","0.487615"
"131624900","1126589922","0.487615"
"1126589922","1489852360","0.0322581"
"1489852360","1126589922","0.0322581"
"1126589922","1532586447","0.0322581"
"1532586447","1126589922","0.0322581"
"1126589922","1597164057","0.0322581"
"1597164057","1126589922","0.0322581"
"1126589922","198157877","0.0947581"
"198157877","1126589922","0.0947581"
"1126589922","1997927541","0.198925"
"1997927541","1126589922","0.198925"
"1126589922","2017167478","0.175115"
"2017167478","1126589922","0.175115"
"1126589922","2024386211","0.0947581"
"2024386211","1126589922","0.0947581"
"1126589922","2035615211","0.0322581"
"2035615211","1126589922","0.0322581"
"1126589922","2038716599","0.0322581"
"2038716599","1126589922","0.0322581"
"1126589922","2039001182","0.0322581"
"2039001182","1126589922","0.0322581"
"1126589922","2060348361","0.544758"
"2060348361","1126589922","0.544758"
"1126589922","2143683307","0.0322581"
"2143683307","1126589922","0.0322581"
"1126589922","2145015614","0.115591"
"2145015614","1126589922","0.115591"
"1126589922","2171574281","0.0322581"
"2171574281","1126589922","0.0322581"
"1126589922","2199404809","0.234181"
"2199404809","1126589922","0.234181"
"1126589922","2223011434","0.0322581"
"2223011434","1126589922","0.0322581"
"1126589922","2396691604","0.0322581"
"2396691604","1126589922","0.0322581"
"1126589922","59220370","0.0322581"
"59220370","1126589922","0.0322581"
"1134508972","131624900","0.0322581"
"131624900","1134508972","0.0322581"
"1134508972","1489852360","0.0322581"
"1489852360","1134508972","0.0322581"
"1134508972","1532586447","0.0322581"
"1532586447","1134508972","0.0322581"
"1134508972","1597164057","0.0322581"
"1597164057","1134508972","0.0322581"
"1134508972","198157877","0.0322581"
"198157877","1134508972","0.0322581"
"1134508972","1997927541","0.157258"
"1997927541","1134508972","0.157258"
"1134508972","2013909137","0.0322581"
"2013909137","1134508972","0.0322581"
"1134508972","2017167478","0.157258"
"2017167478","1134508972","0.157258"
"1134508972","2024386211","0.157258"
"2024386211","1134508972","0.157258"
"1134508972","2026325766","0.0322581"
"2026325766","1134508972","0.0322581"
"1134508972","2029128277","0.865591"
"2029128277","1134508972","0.865591"
"1134508972","2031250218","1.89059"
"2031250218","1134508972","1.89059"
"1134508972","2035615211","2.19892"
"2035615211","1134508972","2.19892"
"1134508972","2038716599","0.0322581"
"2038716599","1134508972","0.0322581"
"1134508972","2039001182","0.0322581"
"2039001182","1134508972","0.0322581"
"1134508972","2044280769","0.0322581"
"2044280769","1134508972","0.0322581"
"1134508972","2060348361","0.0322581"
"2060348361","1134508972","0.0322581"
"1134508972","2117759244","0.0322581"
"2117759244","1134508972","0.0322581"
"1134508972","2143683307","0.0322581"
"2143683307","1134508972","0.0322581"
"1134508972","2145015614","0.0322581"
"2145015614","1134508972","0.0322581"
"1134508972","2171574281","0.698925"
"2171574281","1134508972","0.698925"
"1134508972","2199404809","0.0322581"
"2199404809","1134508972","0.0322581"
"1134508972","2201055911","0.0322581"
"2201055911","1134508972","0.0322581"
"1134508972","2223011434","0.0322581"
"2223011434","1134508972","0.0322581"
"1134508972","2225996691","0.0322581"
"2225996691","1134508972","0.0322581"
"1134508972","2279115218","0.0322581"
"2279115218","1134508972","0.0322581"
"1134508972","2281713471","0.0322581"
"2281713471","1134508972","0.0322581"
"1134508972","2396691604","0.0322581"
"2396691604","1134508972","0.0322581"
"1134508972","2464480950","0.0322581"
"2464480950","1134508972","0.0322581"
"1134508972","59220370","0.0322581"
"59220370","1134508972","0.0322581"
"131624900","1489852360","0.168622"
"1489852360","131624900","0.168622"
"131624900","1532586447","0.168622"
"1532586447","131624900","0.168622"
"131624900","1597164057","0.168622"
"1597164057","131624900","0.168622"
"131624900","198157877","0.631122"
"198157877","131624900","0.631122"
"131624900","1997927541","0.244379"
"1997927541","131624900","0.244379"
"131624900","2013909137","0.277713"
"2013909137","131624900","0.277713"
"131624900","2017167478","0.175115"
"2017167478","131624900","0.175115"
"131624900","2024386211","0.0947581"
"2024386211","131624900","0.0947581"
"131624900","2026325766","0.178091"
"2026325766","131624900","0.178091"
"131624900","2029128277","0.857312"
"2029128277","131624900","0.857312"
"131624900","2031250218","0.88307"
"2031250218","131624900","0.88307"
"131624900","2035615211","0.0777126"
"2035615211","131624900","0.0777126"
"131624900","2038716599","0.168622"
"2038716599","131624900","0.168622"
"131624900","2039001182","0.0777126"
"2039001182","131624900","0.0777126"
"131624900","2044280769","0.231122"
"2044280769","131624900","0.231122"
"131624900","2060348361","0.481122"
"2060348361","131624900","0.481122"
"131624900","2117759244","0.231122"
"2117759244","131624900","0.231122"
"131624900","2143683307","0.0777126"
"2143683307","131624900","0.0777126"
"131624900","2145015614","0.115591"
"2145015614","131624900","0.115591"
"131624900","2171574281","0.168622"
"2171574281","131624900","0.168622"
"131624900","2199404809","0.0322581"
"2199404809","131624900","0.0322581"
"131624900","2201055911","0.423546"
"2201055911","131624900","0.423546"
"131624900","2223011434","0.0777126"
"2223011434","131624900","0.0777126"
"131624900","2225996691","0.198925"
"2225996691","131624900","0.198925"
"131624900","2279115218","0.344758"
"2279115218","131624900","0.344758"
"131624900","2281713471","0.0322581"
"2281713471","131624900","0.0322581"
"131624900","2396691604","0.0322581"
"2396691604","131624900","0.0322581"
"131624900","2464480950","0.404282"
"2464480950","131624900","0.404282"
"131624900","59220370","0.0322581"
"59220370","131624900","0.0322581"
"1489852360","1532586447","0.906717"
"1532586447","1489852360","0.906717"
"1489852360","1597164057","0.406717"
"1597164057","1489852360","0.406717"
"1489852360","198157877","0.656717"
"198157877","1489852360","0.656717"
"1489852360","1997927541","0.149141"
"1997927541","1489852360","0.149141"
"1489852360","2013909137","0.0777126"
"2013909137","1489852360","0.0777126"
"1489852360","2017167478","0.0322581"
"2017167478","1489852360","0.0322581"
"1489852360","2024386211","0.0322581"
"2024386211","1489852360","0.0322581"
"1489852360","2026325766","0.0322581"
"2026325766","1489852360","0.0322581"
"1489852360","2029128277","0.585288"
"2029128277","1489852360","0.585288"
"1489852360","2031250218","0.565808"
"2031250218","1489852360","0.565808"
"1489852360","2035615211","0.149141"
"2035615211","1489852360","0.149141"
"1489852360","2038716599","2.15672"
"2038716599","1489852360","2.15672"
"1489852360","2039001182","0.149141"
"2039001182","1489852360","0.149141"
"1489852360","2044280769","0.168622"
"2044280769","1489852360","0.168622"
"1489852360","2060348361","0.168622"
"2060348361","1489852360","0.168622"
"1489852360","2117759244","0.168622"
"2117759244","1489852360","0.168622"
"1489852360","2143683307","0.149141"
"2143683307","1489852360","0.149141"
"1489852360","2145015614","0.0322581"
"2145015614","1489852360","0.0322581"
"1489852360","2171574281","0.24005"
"2171574281","1489852360","0.24005"
"1489852360","2199404809","0.0322581"
"2199404809","1489852360","0.0322581"
"1489852360","2201055911","0.149141"
"2201055911","1489852360","0.149141"
"1489852360","2223011434","0.0777126"
"2223011434","1489852360","0.0777126"
"1489852360","2225996691","0.0322581"
"2225996691","1489852360","0.0322581"
"1489852360","2279115218","0.0322581"
"2279115218","1489852360","0.0322581"
"1489852360","2281713471","0.0322581"
"2281713471","1489852360","0.0322581"
"1489852360","2396691604","0.0322581"
"2396691604","1489852360","0.0322581"
"1489852360","2464480950","0.0322581"
"2464480950","1489852360","0.0322581"
"1489852360","59220370","0.0322581"
"59220370","1489852360","0.0322581"
"1532586447","1597164057","1.66429"
"1597164057","1532586447","1.66429"
"1532586447","198157877","2.52338"
"198157877","1532586447","2.52338"
"1532586447","1997927541","2.74914"
"1997927541","1532586447","2.74914"
"1532586447","2013909137","0.0777126"
"2013909137","1532586447","0.0777126"
"1532586447","2017167478","0.0322581"
"2017167478","1532586447","0.0322581"
"1532586447","2024386211","0.0322581"
"2024386211","1532586447","0.0322581"
"1532586447","2026325766","0.532258"
"2026325766","1532586447","0.532258"
"1532586447","2029128277","4.85195"
"2029128277","1532586447","4.85195"
"1532586447","2031250218","3.59914"
"2031250218","1532586447","3.59914"
"1532586447","2035615211","0.999141"
"2035615211","1532586447","0.999141"
"1532586447","2038716599","2.46429"
"2038716599","1532586447","2.46429"
"1532586447","2039001182","2.07338"
"2039001182","1532586447","2.07338"
"1532586447","2044280769","0.501955"
"2044280769","1532586447","0.501955"
"1532586447","2060348361","1.61862"
"2060348361","1532586447","1.61862"
"1532586447","2117759244","1.20196"
"2117759244","1532586447","1.20196"
"1532586447","2143683307","2.20672"
"2143683307","1532586447","2.20672"
"1532586447","2145015614","0.0322581"
"2145015614","1532586447","0.0322581"
"1532586447","2171574281","4.28096"
"2171574281","1532586447","4.28096"
"1532586447","2199404809","1.03226"
"2199404809","1532586447","1.03226"
"1532586447","2201055911","0.349141"
"2201055911","1532586447","0.349141"
"1532586447","2223011434","4.20195"
"2223011434","1532586447","4.20195"
"1532586447","2225996691","0.282258"
"2225996691","1532586447","0.282258"
"1532586447","2279115218","0.0322581"
"2279115218","1532586447","0.0322581"
"1532586447","2281713471","0.0322581"
"2281713471","1532586447","0.0322581"
"1532586447","2396691604","0.0322581"
"2396691604","1532586447","0.0322581"
"1532586447","2464480950","0.0322581"
"2464480950","1532586447","0.0322581"
"1532586447","59220370","0.0322581"
"59220370","1532586447","0.0322581"
"1597164057","198157877","0.830959"
"198157877","1597164057","0.830959"
"1597164057","1997927541","6.84882"
"1997927541","1597164057","6.84882"
"1597164057","2013909137","0.168622"
"2013909137","1597164057","0.168622"
"1597164057","2017167478","0.0989247"
"2017167478","1597164057","0.0989247"
"1597164057","2024386211","0.773167"
"2024386211","1597164057","0.773167"
"1597164057","2026325766","0.0322581"
"2026325766","1597164057","0.0322581"
"1597164057","2029128277","3.65398"
"2029128277","1597164057","3.65398"
"1597164057","2031250218","16.4428"
"2031250218","1597164057","16.4428"
"1597164057","2035615211","7.18771"
"2035615211","1597164057","7.18771"
"1597164057","2038716599","1.02187"
"2038716599","1597164057","1.02187"
"1597164057","2039001182","8.25286"
"2039001182","1597164057","8.25286"
"1597164057","2044280769","0.326197"
"2044280769","1597164057","0.326197"
"1597164057","2060348361","0.259531"
"2060348361","1597164057","0.259531"
"1597164057","2117759244","1.53529"
"2117759244","1597164057","1.53529"
"1597164057","2143683307","5.04965"
"2143683307","1597164057","5.04965"
"1597164057","2145015614","0.282258"
"2145015614","1597164057","0.282258"
"1597164057","2171574281","12.7822"
"2171574281","1597164057","12.7822"
"1597164057","2199404809","0.0322581"
"2199404809","1597164057","0.0322581"
"1597164057","2201055911","0.24005"
"2201055911","1597164057","0.24005"
"1597164057","2223011434","8.11905"
"2223011434","1597164057","8.11905"
"1597164057","2225996691","0.0322581"
"2225996691","1597164057","0.0322581"
"1597164057","2279115218","0.0322581"
"2279115218","1597164057","0.0322581"
"1597164057","2281713471","0.0322581"
"2281713471","1597164057","0.0322581"
"1597164057","2396691604","0.0322581"
"2396691604","1597164057","0.0322581"
"1597164057","2464480950","0.0322581"
"2464480950","1597164057","0.0322581"
"1597164057","59220370","0.157258"
"59220370","1597164057","0.157258"
"198157877","1997927541","0.149141"
"1997927541","198157877","0.149141"
"198157877","2013909137","0.482907"
"2013909137","198157877","0.482907"
"198157877","2017167478","0.0322581"
"2017167478","198157877","0.0322581"
"198157877","2024386211","0.209044"
"2024386211","198157877","0.209044"
"198157877","2026325766","0.142377"
"2026325766","198157877","0.142377"
"198157877","2029128277","3.08632"
"2029128277","198157877","3.08632"
"198157877","2031250218","2.60017"
"2031250218","198157877","2.60017"
"198157877","2035615211","0.149141"
"2035615211","198157877","0.149141"
"198157877","2038716599","0.747626"
"2038716599","198157877","0.747626"
"198157877","2039001182","0.621003"
"2039001182","198157877","0.621003"
"198157877","2044280769","0.655364"
"2044280769","198157877","0.655364"
"198157877","2060348361","1.55298"
"2060348361","198157877","1.55298"
"198157877","2117759244","0.612074"
"2117759244","198157877","0.612074"
"198157877","2143683307","0.263427"
"2143683307","198157877","0.263427"
"198157877","2145015614","0.146544"
"2145015614","198157877","0.146544"
"198157877","2171574281","0.44005"
"2171574281","198157877","0.44005"
"198157877","2199404809","0.0322581"
"2199404809","198157877","0.0322581"
"198157877","2201055911","0.616836"
"2201055911","198157877","0.616836"
"198157877","2223011434","0.0777126"
"2223011434","198157877","0.0777126"
"198157877","2225996691","0.0322581"
"2225996691","198157877","0.0322581"
"198157877","2279115218","0.0947581"
"2279115218","198157877","0.0947581"
"198157877","2281713471","0.0322581"
"2281713471","198157877","0.0322581"
"198157877","2396691604","0.0322581"
"2396691604","198157877","0.0322581"
"198157877","2464480950","0.0947581"
"2464480950","198157877","0.0947581"
"198157877","59220370","0.146544"
"59220370","198157877","0.146544"
"1997927541","2013909137","0.0777126"
"2013909137","1997927541","0.0777126"
"1997927541","2017167478","0.317514"
"2017167478","1997927541","0.317514"
"1997927541","2024386211","0.519535"
"2024386211","1997927541","0.519535"
"1997927541","2026325766","0.0322581"
"2026325766","1997927541","0.0322581"
"1997927541","2029128277","2.51575"
"2029128277","1997927541","2.51575"
"1997927541","2031250218","18.717"
"2031250218","1997927541","18.717"
"1997927541","2035615211","5.06548"
"2035615211","1997927541","5.06548"
"1997927541","2038716599","0.582475"
"2038716599","1997927541","0.582475"
"1997927541","2039001182","6.57306"
"2039001182","1997927541","6.57306"
"1997927541","2044280769","0.911046"
"2044280769","1997927541","0.911046"
"1997927541","2060348361","0.744379"
"2060348361","1997927541","0.744379"
"1997927541","2117759244","0.0777126"
"2117759244","1997927541","0.0777126"
"1997927541","2143683307","2.5052"
"2143683307","1997927541","2.5052"
"1997927541","2145015614","0.365591"
"2145015614","1997927541","0.365591"
"1997927541","2171574281","8.92379"
"2171574281","1997927541","8.92379"
"1997927541","2199404809","0.0322581"
"2199404809","1997927541","0.0322581"
"1997927541","2201055911","0.149141"
"2201055911","1997927541","0.149141"
"1997927541","2223011434","1.97815"
"2223011434","1997927541","1.97815"
"1997927541","2225996691","0.198925"
"2225996691","1997927541","0.198925"
"1997927541","2279115218","0.198925"
"2279115218","1997927541","0.198925"
"1997927541","2281713471","0.0322581"
"2281713471","1997927541","0.0322581"
"1997927541","2396691604","0.109181"
"2396691604","1997927541","0.109181"
"1997927541","2464480950","0.198925"
"2464480950","1997927541","0.198925"
"1997927541","59220370","1.0815"
"59220370","1997927541","1.0815"
"2013909137","2017167478","0.0322581"
"2017167478","2013909137","0.0322581"
"2013909137","2024386211","0.146544"
"2024386211","2013909137","0.146544"
"2013909137","2035615211","0.744379"
"2035615211","2013909137","0.744379"
"2013909137","2038716599","0.168622"
"2038716599","2013909137","0.168622"
"2013909137","2039001182","0.216241"
"2039001182","2013909137","0.216241"
"2013909137","2060348361","0.382907"
"2060348361","2013909137","0.382907"
"2013909137","2143683307","0.191998"
"2143683307","2013909137","0.191998"
"2013909137","2145015614","0.146544"
"2145015614","2013909137","0.146544"
"2013909137","2171574281","0.0777126"
"2171574281","2013909137","0.0777126"
"2013909137","2199404809","0.232258"
"2199404809","2013909137","0.232258"
"2013909137","2223011434","0.0777126"
"2223011434","2013909137","0.0777126"
"2013909137","2279115218","0.132258"
"2279115218","2013909137","0.132258"
"2013909137","2281713471","0.0322581"
"2281713471","2013909137","0.0322581"
"2013909137","2396691604","0.0322581"
"2396691604","2013909137","0.0322581"
"2013909137","59220370","0.146544"
"59220370","2013909137","0.146544"
"2017167478","2024386211","0.384181"
"2024386211","2017167478","0.384181"
"2017167478","2026325766","0.0322581"
"2026325766","2017167478","0.0322581"
"2017167478","2029128277","0.335372"
"2029128277","2017167478","0.335372"
"2017167478","2031250218","1.1699"
"2031250218","2017167478","1.1699"
"2017167478","2035615211","0.0322581"
"2035615211","2017167478","0.0322581"
"2017167478","2038716599","0.0322581"
"2038716599","2017167478","0.0322581"
"2017167478","2039001182","0.0989247"
"2039001182","2017167478","0.0989247"
"2017167478","2044280769","0.0989247"
"2044280769","2017167478","0.0989247"
"2017167478","2060348361","0.0322581"
"2060348361","2017167478","0.0322581"
"2017167478","2117759244","0.0322581"
"2117759244","2017167478","0.0322581"
"2017167478","2143683307","0.0322581"
"2143683307","2017167478","0.0322581"
"2017167478","2145015614","0.0322581"
"2145015614","2017167478","0.0322581"
"2017167478","2171574281","0.402038"
"2171574281","2017167478","0.402038"
"2017167478","2199404809","0.0322581"
"2199404809","2017167478","0.0322581"
"2017167478","2201055911","0.0322581"
"2201055911","2017167478","0.0322581"
"2017167478","2223011434","0.0322581"
"2223011434","2017167478","0.0322581"
"2017167478","2225996691","0.0322581"
"2225996691","2017167478","0.0322581"
"2017167478","2279115218","0.0322581"
"2279115218","2017167478","0.0322581"
"2017167478","2281713471","0.0322581"
"2281713471","2017167478","0.0322581"
"2017167478","2396691604","0.109181"
"2396691604","2017167478","0.109181"
"2017167478","2464480950","0.175115"
"2464480950","2017167478","0.175115"
"2017167478","59220370","0.0322581"
"59220370","2017167478","0.0322581"
"2024386211","2026325766","0.142377"
"2026325766","2024386211","0.142377"
"2024386211","2029128277","1.43041"
"2029128277","2024386211","1.43041"
"2024386211","2031250218","6.07049"
"2031250218","2024386211","6.07049"
"2024386211","2035615211","0.7065"
"2035615211","2024386211","0.7065"
"2024386211","2038716599","0.0322581"
"2038716599","2024386211","0.0322581"
"2024386211","2039001182","0.237453"
"2039001182","2024386211","0.237453"
"2024386211","2044280769","0.637615"
"2044280769","2024386211","0.637615"
"2024386211","2060348361","0.459044"
"2060348361","2024386211","0.459044"
"2024386211","2117759244","1.14238"
"2117759244","2024386211","1.14238"
"2024386211","2143683307","0.237453"
"2143683307","2024386211","0.237453"
"2024386211","2145015614","0.646544"
"2145015614","2024386211","0.646544"
"2024386211","2171574281","1.07628"
"2171574281","2024386211","1.07628"
"2024386211","2199404809","0.0322581"
"2199404809","2024386211","0.0322581"
"2024386211","2201055911","0.209044"
"2201055911","2024386211","0.209044"
"2024386211","2223011434","0.615591"
"2223011434","2024386211","0.615591"
"2024386211","2225996691","0.0322581"
"2225996691","2024386211","0.0322581"
"2024386211","2279115218","0.0947581"
"2279115218","2024386211","0.0947581"
"2024386211","2281713471","0.0322581"
"2281713471","2024386211","0.0322581"
"2024386211","2396691604","0.309181"
"2396691604","2024386211","0.309181"
"2024386211","2464480950","0.0947581"
"2464480950","2024386211","0.0947581"
"2024386211","59220370","0.146544"
"59220370","2024386211","0.146544"
"2026325766","2035615211","0.282258"
"2035615211","2026325766","0.282258"
"2026325766","2038716599","0.0322581"
"2038716599","2026325766","0.0322581"
"2026325766","2039001182","0.329877"
"2039001182","2026325766","0.329877"
"2026325766","2060348361","0.52571"
"2060348361","2026325766","0.52571"
"2026325766","2143683307","0.0798771"
"2143683307","2026325766","0.0798771"
"2026325766","2145015614","0.16321"
"2145015614","2026325766","0.16321"
"2026325766","2171574281","0.0322581"
"2171574281","2026325766","0.0322581"
"2026325766","2199404809","2.80918"
"2199404809","2026325766","2.80918"
"2026325766","2223011434","0.0322581"
"2223011434","2026325766","0.0322581"
"2026325766","2396691604","0.0322581"
"2396691604","2026325766","0.0322581"
"2026325766","59220370","0.0798771"
"59220370","2026325766","0.0798771"
"2029128277","2035615211","2.77216"
"2035615211","2029128277","2.77216"
"2029128277","2038716599","2.20953"
"2038716599","2029128277","2.20953"
"2029128277","2039001182","0.944019"
"2039001182","2029128277","0.944019"
"2029128277","2060348361","4.01965"
"2060348361","2029128277","4.01965"
"2029128277","2143683307","1.392"
"2143683307","2029128277","1.392"
"2029128277","2145015614","0.229877"
"2145015614","2029128277","0.229877"
"2029128277","2171574281","3.06221"
"2171574281","2029128277","3.06221"
"2029128277","2199404809","3.93418"
"2199404809","2029128277","3.93418"
"2029128277","2223011434","0.0777126"
"2223011434","2029128277","0.0777126"
"2029128277","2396691604","0.309181"
"2396691604","2029128277","0.309181"
"2029128277","59220370","0.146544"
"59220370","2029128277","0.146544"
"2031250218","2035615211","13.4186"
"2035615211","2031250218","13.4186"
"2031250218","2038716599","0.99005"
"2038716599","2031250218","0.99005"
"2031250218","2039001182","8.58136"
"2039001182","2031250218","8.58136"
"2031250218","2060348361","2.34541"
"2060348361","2031250218","2.34541"
"2031250218","2143683307","3.58767"
"2143683307","2031250218","3.58767"
"2031250218","2145015614","0.396544"
"2145015614","2031250218","0.396544"
"2031250218","2171574281","24.7777"
"2171574281","2031250218","24.7777"
"2031250218","2199404809","1.23418"
"2199404809","2031250218","1.23418"
"2031250218","2223011434","10.361"
"2223011434","2031250218","10.361"
"2031250218","2279115218","0.194758"
"2279115218","2031250218","0.194758"
"2031250218","2396691604","0.309181"
"2396691604","2031250218","0.309181"
"2031250218","59220370","1.86245"
"59220370","2031250218","1.86245"
"2035615211","2038716599","0.582475"
"2038716599","2035615211","0.582475"
"2035615211","2039001182","4.70437"
"2039001182","2035615211","4.70437"
"2035615211","2044280769","0.0777126"
"2044280769","2035615211","0.0777126"
"2035615211","2060348361","0.0777126"
"2060348361","2035615211","0.0777126"
"2035615211","2117759244","0.0777126"
"2117759244","2035615211","0.0777126"
"2035615211","2143683307","2.10874"
"2143683307","2035615211","2.10874"
"2035615211","2145015614","0.365591"
"2145015614","2035615211","0.365591"
"2035615211","2171574281","10.4837"
"2171574281","2035615211","10.4837"
"2035615211","2199404809","0.0322581"
"2199404809","2035615211","0.0322581"
"2035615211","2201055911","0.149141"
"2201055911","2035615211","0.149141"
"2035615211","2223011434","5.46148"
"2223011434","2035615211","5.46148"
"2035615211","2225996691","0.0322581"
"2225996691","2035615211","0.0322581"
"2035615211","2279115218","0.0322581"
"2279115218","2035615211","0.0322581"
"2035615211","2281713471","0.0322581"
"2281713471","2035615211","0.0322581"
"2035615211","2396691604","0.0322581"
"2396691604","2035615211","0.0322581"
"2035615211","2464480950","0.0322581"
"2464480950","2035615211","0.0322581"
"2035615211","59220370","0.407258"
"59220370","2035615211","0.407258"
"2038716599","2039001182","1.09763"
"2039001182","2038716599","1.09763"
"2038716599","2044280769","0.259531"
"2044280769","2038716599","0.259531"
"2038716599","2060348361","0.259531"
"2060348361","2038716599","0.259531"
"2038716599","2117759244","0.168622"
"2117759244","2038716599","0.168622"
"2038716599","2143683307","0.54005"
"2143683307","2038716599","0.54005"
"2038716599","2145015614","0.0322581"
"2145015614","2038716599","0.0322581"
"2038716599","2171574281","0.764293"
"2171574281","2038716599","0.764293"
"2038716599","2199404809","0.0322581"
"2199404809","2038716599","0.0322581"
"2038716599","2201055911","0.44005"
"2201055911","2038716599","0.44005"
"2038716599","2223011434","0.668622"
"2223011434","2038716599","0.668622"
"2038716599","2225996691","0.0322581"
"2225996691","2038716599","0.0322581"
"2038716599","2279115218","0.0322581"
"2279115218","2038716599","0.0322581"
"2038716599","2281713471","0.0322581"
"2281713471","2038716599","0.0322581"
"2038716599","2396691604","0.0322581"
"2396691604","2038716599","0.0322581"
"2038716599","2464480950","0.0322581"
"2464480950","2038716599","0.0322581"
"2038716599","59220370","0.0322581"
"59220370","2038716599","0.0322581"
"2039001182","2044280769","0.568622"
"2044280769","2039001182","0.568622"
"2039001182","2060348361","0.216241"
"2060348361","2039001182","0.216241"
"2039001182","2117759244","0.325332"
"2117759244","2039001182","0.325332"
"2039001182","2143683307","2.53817"
"2143683307","2039001182","2.53817"
"2039001182","2145015614","0.0798771"
"2145015614","2039001182","0.0798771"
"2039001182","2171574281","11.2156"
"2171574281","2039001182","11.2156"
"2039001182","2199404809","0.532258"
"2199404809","2039001182","0.532258"
"2039001182","2201055911","0.287669"
"2201055911","2039001182","0.287669"
"2039001182","2223011434","8.20239"
"2223011434","2039001182","8.20239"
"2039001182","2225996691","0.0322581"
"2225996691","2039001182","0.0322581"
"2039001182","2279115218","0.0322581"
"2279115218","2039001182","0.0322581"
"2039001182","2281713471","0.0322581"
"2281713471","2039001182","0.0322581"
"2039001182","2396691604","0.0322581"
"2396691604","2039001182","0.0322581"
"2039001182","2464480950","0.0322581"
"2464480950","2039001182","0.0322581"
"2039001182","59220370","0.295786"
"59220370","2039001182","0.295786"
"2044280769","2060348361","0.822031"
"2060348361","2044280769","0.822031"
"2044280769","2143683307","0.0777126"
"2143683307","2044280769","0.0777126"
"2044280769","2145015614","0.0322581"
"2145015614","2044280769","0.0322581"
"2044280769","2171574281","0.911479"
"2171574281","2044280769","0.911479"
"2044280769","2199404809","0.309181"
"2199404809","2044280769","0.309181"
"2044280769","2223011434","0.0777126"
"2223011434","2044280769","0.0777126"
"2044280769","2279115218","0.0947581"
"2279115218","2044280769","0.0947581"
"2044280769","2281713471","0.109181"
"2281713471","2044280769","0.109181"
"2044280769","2396691604","0.0322581"
"2396691604","2044280769","0.0322581"
"2044280769","59220370","0.0322581"
"59220370","2044280769","0.0322581"
"2060348361","2117759244","0.378741"
"2117759244","2060348361","0.378741"
"2060348361","2143683307","0.191998"
"2143683307","2060348361","0.191998"
"2060348361","2145015614","0.229877"
"2145015614","2060348361","0.229877"
"2060348361","2171574281","0.368622"
"2171574281","2060348361","0.368622"
"2060348361","2199404809","0.0322581"
"2199404809","2060348361","0.0322581"
"2060348361","2201055911","0.862074"
"2201055911","2060348361","0.862074"
"2060348361","2223011434","0.0777126"
"2223011434","2060348361","0.0777126"
"2060348361","2225996691","0.298925"
"2225996691","2060348361","0.298925"
"2060348361","2279115218","0.444758"
"2279115218","2060348361","0.444758"
"2060348361","2281713471","0.0322581"
"2281713471","2060348361","0.0322581"
"2060348361","2396691604","0.0322581"
"2396691604","2060348361","0.0322581"
"2060348361","2464480950","0.461425"
"2464480950","2060348361","0.461425"
"2060348361","59220370","0.146544"
"59220370","2060348361","0.146544"
"2117759244","2143683307","0.125332"
"2143683307","2117759244","0.125332"
"2117759244","2145015614","0.0798771"
"2145015614","2117759244","0.0798771"
"2117759244","2171574281","0.901955"
"2171574281","2117759244","0.901955"
"2117759244","2199404809","0.557258"
"2199404809","2117759244","0.557258"
"2117759244","2223011434","0.0777126"
"2223011434","2117759244","0.0777126"
"2117759244","2396691604","0.0322581"
"2396691604","2117759244","0.0322581"
"2117759244","59220370","0.0798771"
"59220370","2117759244","0.0798771"
"2143683307","2145015614","0.146544"
"2145015614","2143683307","0.146544"
"2143683307","2171574281","6.69056"
"2171574281","2143683307","6.69056"
"2143683307","2199404809","0.0322581"
"2199404809","2143683307","0.0322581"
"2143683307","2201055911","0.463427"
"2201055911","2143683307","0.463427"
"2143683307","2223011434","4.24286"
"2223011434","2143683307","4.24286"
"2143683307","2225996691","0.0322581"
"2225996691","2143683307","0.0322581"
"2143683307","2279115218","0.0322581"
"2279115218","2143683307","0.0322581"
"2143683307","2281713471","0.0322581"
"2281713471","2143683307","0.0322581"
"2143683307","2396691604","0.0322581"
"2396691604","2143683307","0.0322581"
"2143683307","2464480950","0.0322581"
"2464480950","2143683307","0.0322581"
"2143683307","59220370","0.237453"
"59220370","2143683307","0.237453"
"2145015614","2171574281","0.0322581"
"2171574281","2145015614","0.0322581"
"2145015614","2199404809","0.0322581"
"2199404809","2145015614","0.0322581"
"2145015614","2201055911","0.229877"
"2201055911","2145015614","0.229877"
"2145015614","2223011434","0.0322581"
"2223011434","2145015614","0.0322581"
"2145015614","2225996691","0.0322581"
"2225996691","2145015614","0.0322581"
"2145015614","2279115218","0.115591"
"2279115218","2145015614","0.115591"
"2145015614","2281713471","0.0322581"
"2281713471","2145015614","0.0322581"
"2145015614","2396691604","0.0322581"
"2396691604","2145015614","0.0322581"
"2145015614","2464480950","0.0322581"
"2464480950","2145015614","0.0322581"
"2145015614","59220370","0.146544"
"59220370","2145015614","0.146544"
"2171574281","2199404809","0.232258"
"2199404809","2171574281","0.232258"
"2171574281","2201055911","0.149141"
"2201055911","2171574281","0.149141"
"2171574281","2223011434","14.1095"
"2223011434","2171574281","14.1095"
"2171574281","2225996691","0.0322581"
"2225996691","2171574281","0.0322581"
"2171574281","2279115218","0.0322581"
"2279115218","2171574281","0.0322581"
"2171574281","2281713471","0.0322581"
"2281713471","2171574281","0.0322581"
"2171574281","2396691604","0.109181"
"2396691604","2171574281","0.109181"
"2171574281","2464480950","0.0322581"
"2464480950","2171574281","0.0322581"
"2171574281","59220370","0.248167"
"59220370","2171574281","0.248167"
"2199404809","2201055911","0.109181"
"2201055911","2199404809","0.109181"
"2199404809","2223011434","0.532258"
"2223011434","2199404809","0.532258"
"2199404809","2225996691","0.359181"
"2225996691","2199404809","0.359181"
"2199404809","2279115218","0.0322581"
"2279115218","2199404809","0.0322581"
"2199404809","2281713471","0.234181"
"2281713471","2199404809","0.234181"
"2199404809","2396691604","0.0322581"
"2396691604","2199404809","0.0322581"
"2199404809","2464480950","0.484181"
"2464480950","2199404809","0.484181"
"2199404809","59220370","0.0322581"
"59220370","2199404809","0.0322581"
"2201055911","2223011434","0.0777126"
"2223011434","2201055911","0.0777126"
"2201055911","2279115218","0.278091"
"2279115218","2201055911","0.278091"
"2201055911","2281713471","0.109181"
"2281713471","2201055911","0.109181"
"2201055911","2396691604","0.0322581"
"2396691604","2201055911","0.0322581"
"2201055911","59220370","0.146544"
"59220370","2201055911","0.146544"
"2223011434","2225996691","0.0322581"
"2225996691","2223011434","0.0322581"
"2223011434","2279115218","0.0322581"
"2279115218","2223011434","0.0322581"
"2223011434","2281713471","0.0322581"
"2281713471","2223011434","0.0322581"
"2223011434","2396691604","0.0322581"
"2396691604","2223011434","0.0322581"
"2223011434","2464480950","0.0322581"
"2464480950","2223011434","0.0322581"
"2223011434","59220370","0.0322581"
"59220370","2223011434","0.0322581"
"2225996691","2281713471","0.109181"
"2281713471","2225996691","0.109181"
"2225996691","2396691604","0.0322581"
"2396691604","2225996691","0.0322581"
"2225996691","59220370","0.0322581"
"59220370","2225996691","0.0322581"
"2279115218","2281713471","0.0322581"
"2281713471","2279115218","0.0322581"
"2279115218","2396691604","0.0322581"
"2396691604","2279115218","0.0322581"
"2279115218","2464480950","0.261425"
"2464480950","2279115218","0.261425"
"2279115218","59220370","0.0322581"
"59220370","2279115218","0.0322581"
"2281713471","2396691604","0.0322581"
"2396691604","2281713471","0.0322581"
"2281713471","59220370","0.0322581"
"59220370","2281713471","0.0322581"
"2396691604","2464480950","0.0322581"
"2464480950","2396691604","0.0322581"
"2396691604","59220370","0.0322581"
"59220370","2396691604","0.0322581"
"2464480950","59220370","0.0322581"
"59220370","2464480950","0.0322581"
"1126589922","1976437052","0.142857"
"1976437052","1126589922","0.142857"
"1126589922","2088008685","0.142857"
"2088008685","1126589922","0.142857"
"131624900","1976437052","0.142857"
"1976437052","131624900","0.142857"
"131624900","2088008685","0.142857"
"2088008685","131624900","0.142857"
"1976437052","2017167478","0.637637"
"2017167478","1976437052","0.637637"
"1976437052","2029128277","0.997558"
"2029128277","1976437052","0.997558"
"1976437052","2031250218","8.87097"
"2031250218","1976437052","8.87097"
"1976437052","2088008685","0.980891"
"2088008685","1976437052","0.980891"
"1976437052","2464480950","0.142857"
"2464480950","1976437052","0.142857"
"2017167478","2088008685","0.36978"
"2088008685","2017167478","0.36978"
"2029128277","2088008685","0.525336"
"2088008685","2029128277","0.525336"
"2031250218","2088008685","8.23847"
"2088008685","2031250218","8.23847"
"2088008685","2464480950","0.142857"
"2464480950","2088008685","0.142857"
"1126589922","2102763740","0.0625"
"2102763740","1126589922","0.0625"
"1126589922","2585236354","0.0625"
"2585236354","1126589922","0.0625"
"1126589922","2585919964","0.139423"
"2585919964","1126589922","0.139423"
"1126589922","2927002613","0.0625"
"2927002613","1126589922","0.0625"
"131624900","2102763740","0.598864"
"2102763740","131624900","0.598864"
"131624900","2585236354","0.0625"
"2585236354","131624900","0.0625"
"131624900","2585919964","0.0625"
"2585919964","131624900","0.0625"
"131624900","2927002613","0.0625"
"2927002613","131624900","0.0625"
"198157877","2102763740","1.34453"
"2102763740","198157877","1.34453"
"198157877","2585236354","0.0625"
"2585236354","198157877","0.0625"
"198157877","2585919964","0.0625"
"2585919964","198157877","0.0625"
"198157877","2927002613","0.110119"
"2927002613","198157877","0.110119"
"2024386211","2102763740","1.86293"
"2102763740","2024386211","1.86293"
"2024386211","2585236354","0.333868"
"2585236354","2024386211","0.333868"
"2024386211","2585919964","0.0625"
"2585919964","2024386211","0.0625"
"2024386211","2927002613","0.110119"
"2927002613","2024386211","0.110119"
"2026325766","2102763740","0.0625"
"2102763740","2026325766","0.0625"
