"1534680031","1943508732","0.333333"
"1943508732","1534680031","0.333333"
"1534680031","2111062497","0.333333"
"2111062497","1534680031","0.333333"
"1534680031","2149250815","0.333333"
"2149250815","1534680031","0.333333"
"1943508732","2111062497","1.08333"
"2111062497","1943508732","1.08333"
"1943508732","2149250815","1.72421"
"2149250815","1943508732","1.72421"
"2111062497","2149250815","1.08333"
"2149250815","2111062497","1.08333"
"1540003563","1964660284","0.0909091"
"1964660284","1540003563","0.0909091"
"1540003563","1978824904","0.20202"
"1978824904","1540003563","0.20202"
"1540003563","1996143035","0.0909091"
"1996143035","1540003563","0.0909091"
"1540003563","2080919181","0.0909091"
"2080919181","1540003563","0.0909091"
"1540003563","2087030102","0.20202"
"2087030102","1540003563","0.20202"
"1540003563","2114632786","0.0909091"
"2114632786","1540003563","0.0909091"
"1540003563","2132288950","0.0909091"
"2132288950","1540003563","0.0909091"
"1540003563","2141317095","0.0909091"
"2141317095","1540003563","0.0909091"
"1540003563","2148661353","0.0909091"
"2148661353","1540003563","0.0909091"
"1540003563","2149250815","0.20202"
"2149250815","1540003563","0.20202"
"1540003563","2160471445","0.0909091"
"2160471445","1540003563","0.0909091"
"1964660284","1978824904","2.19128"
"1978824904","1964660284","2.19128"
"1964660284","1996143035","0.0909091"
"1996143035","1964660284","0.0909091"
"1964660284","2080919181","5.6086"
"2080919181","1964660284","5.6086"
"1964660284","2087030102","0.315747"
"2087030102","1964660284","0.315747"
"1964660284","2114632786","1.34091"
"2114632786","1964660284","1.34091"
"1964660284","2132288950","6.17388"
"2132288950","1964660284","6.17388"
"1964660284","2141317095","0.331187"
"2141317095","1964660284","0.331187"
"1964660284","2148661353","5.96972"
"2148661353","1964660284","5.96972"
"1964660284","2149250815","0.340909"
"2149250815","1964660284","0.340909"
"1964660284","2160471445","0.407377"
"2160471445","1964660284","0.407377"
"1978824904","1996143035","0.0909091"
"1996143035","1978824904","0.0909091"
"1978824904","2080919181","1.10722"
"2080919181","1978824904","1.10722"
"1978824904","2087030102","1.18975"
"2087030102","1978824904","1.18975"
"1978824904","2114632786","0.0909091"
"2114632786","1978824904","0.0909091"
"1978824904","2132288950","0.864358"
"2132288950","1978824904","0.864358"
"1978824904","2141317095","0.487734"
"2141317095","1978824904","0.487734"
"1978824904","2148661353","6.76515"
"2148661353","1978824904","6.76515"
"1978824904","2149250815","2.19686"
"2149250815","1978824904","2.19686"
"1978824904","2160471445","1.08297"
"2160471445","1978824904","1.08297"
"1996143035","2080919181","0.0909091"
"2080919181","1996143035","0.0909091"
"1996143035","2087030102","0.0909091"
"2087030102","1996143035","0.0909091"
"1996143035","2114632786","0.0909091"
"2114632786","1996143035","0.0909091"
"1996143035","2132288950","0.0909091"
"2132288950","1996143035","0.0909091"
"1996143035","2141317095","0.0909091"
"2141317095","1996143035","0.0909091"
"1996143035","2148661353","0.0909091"
"2148661353","1996143035","0.0909091"
"1996143035","2149250815","0.0909091"
"2149250815","1996143035","0.0909091"
"1996143035","2160471445","0.0909091"
"2160471445","1996143035","0.0909091"
"2080919181","2087030102","0.968525"
"2087030102","2080919181","0.968525"
"2080919181","2114632786","0.540909"
"2114632786","2080919181","0.540909"
"2080919181","2132288950","6.76277"
"2132288950","2080919181","6.76277"
"2080919181","2141317095","0.446266"
"2141317095","2080919181","0.446266"
"2080919181","2148661353","6.93959"
"2148661353","2080919181","6.93959"
"2080919181","2149250815","0.413131"
"2149250815","2080919181","0.413131"
"2080919181","2160471445","0.296266"
"2160471445","2080919181","0.296266"
"2087030102","2114632786","0.0909091"
"2114632786","2087030102","0.0909091"
"2087030102","2132288950","0.253247"
"2132288950","2087030102","0.253247"
"2087030102","2141317095","0.236742"
"2141317095","2087030102","0.236742"
"2087030102","2148661353","1.99908"
"2148661353","2087030102","1.99908"
"2087030102","2149250815","0.915115"
"2149250815","2087030102","0.915115"
"2087030102","2160471445","0.224838"
"2160471445","2087030102","0.224838"
"2114632786","2132288950","1.12424"
"2132288950","2114632786","1.12424"
"2114632786","2141317095","0.0909091"
"2141317095","2114632786","0.0909091"
"2114632786","2148661353","0.340909"
"2148661353","2114632786","0.340909"
"2114632786","2149250815","0.0909091"
"2149250815","2114632786","0.0909091"
"2114632786","2160471445","0.0909091"
"2160471445","2114632786","0.0909091"
"2132288950","2141317095","0.20202"
"2141317095","2132288950","0.20202"
"2132288950","2148661353","2.67388"
"2148661353","2132288950","2.67388"
"2132288950","2149250815","1.09091"
"2149250815","2132288950","1.09091"
"2132288950","2160471445","0.344877"
"2160471445","2132288950","0.344877"
"2141317095","2148661353","0.474044"
"2148661353","2141317095","0.474044"
"2141317095","2149250815","0.233766"
"2149250815","2141317095","0.233766"
"2141317095","2160471445","0.597854"
"2160471445","2141317095","0.597854"
"2148661353","2149250815","1.09369"
"2149250815","2148661353","1.09369"
"2148661353","2160471445","0.550234"
"2160471445","2148661353","0.550234"
"2149250815","2160471445","0.162338"
"2160471445","2149250815","0.162338"
"1540003563","1928811562","0.111111"
"1928811562","1540003563","0.111111"
"1540003563","1943508732","0.111111"
"1943508732","1540003563","0.111111"
"1540003563","1971499635","0.111111"
"1971499635","1540003563","0.111111"
"1540003563","1998264788","0.111111"
"1998264788","1540003563","0.111111"
"1540003563","2049192244","0.111111"
"2049192244","1540003563","0.111111"
"1540003563","2086865279","0.111111"
"2086865279","1540003563","0.111111"
"1928811562","1943508732","0.111111"
"1943508732","1928811562","0.111111"
"1928811562","1971499635","0.111111"
"1971499635","1928811562","0.111111"
"1928811562","1978824904","0.111111"
"1978824904","1928811562","0.111111"
"1928811562","1998264788","0.111111"
"1998264788","1928811562","0.111111"
"1928811562","2049192244","0.111111"
"2049192244","1928811562","0.111111"
"1928811562","2086865279","0.111111"
"2086865279","1928811562","0.111111"
"1928811562","2087030102","0.111111"
"2087030102","1928811562","0.111111"
"1928811562","2149250815","0.111111"
"2149250815","1928811562","0.111111"
"1943508732","1971499635","0.18254"
"1971499635","1943508732","0.18254"
"1943508732","1978824904","0.265873"
"1978824904","1943508732","0.265873"
"1943508732","1998264788","0.18254"
"1998264788","1943508732","0.18254"
"1943508732","2049192244","0.490873"
"2049192244","1943508732","0.490873"
"1943508732","2086865279","1.76171"
"2086865279","1943508732","1.76171"
"1943508732","2087030102","0.536706"
"2087030102","1943508732","0.536706"
"1971499635","1978824904","1.11154"
"1978824904","1971499635","1.11154"
"1971499635","1998264788","0.28254"
"1998264788","1971499635","0.28254"
"1971499635","2049192244","0.18254"
"2049192244","1971499635","0.18254"
"1971499635","2086865279","0.253968"
"2086865279","1971499635","0.253968"
"1971499635","2087030102","0.344877"
"2087030102","1971499635","0.344877"
"1971499635","2149250815","0.28254"
"2149250815","1971499635","0.28254"
"1978824904","1998264788","0.28254"
"1998264788","1978824904","0.28254"
"1978824904","2049192244","2.17811"
"2049192244","1978824904","2.17811"
"1978824904","2086865279","1.30311"
"2086865279","1978824904","1.30311"
"1998264788","2049192244","0.18254"
"2049192244","1998264788","0.18254"
"1998264788","2086865279","0.18254"
"2086865279","1998264788","0.18254"
"1998264788","2087030102","0.18254"
"2087030102","1998264788","0.18254"
"1998264788","2149250815","0.28254"
"2149250815","1998264788","0.28254"
"2049192244","2086865279","1.18168"
"2086865279","2049192244","1.18168"
"2049192244","2087030102","0.855952"
"2087030102","2049192244","0.855952"
"2049192244","2149250815","0.980952"
"2149250815","2049192244","0.980952"
"2086865279","2087030102","1.34702"
"2087030102","2086865279","1.34702"
"2086865279","2149250815","1.28254"
"2149250815","2086865279","1.28254"
"1541154936","1943508732","0.300595"
"1943508732","1541154936","0.300595"
"1541154936","1971499635","0.142857"
"1971499635","1541154936","0.142857"
"1541154936","1973752373","0.803373"
"1973752373","1541154936","0.803373"
"1541154936","1978824904","0.642857"
"1978824904","1541154936","0.642857"
"1541154936","1998264788","0.0714286"
"1998264788","1541154936","0.0714286"
"1541154936","2000197621","0.0714286"
"2000197621","1541154936","0.0714286"
"1541154936","2049192244","0.615873"
"2049192244","1541154936","0.615873"
"1541154936","2086865279","1.21571"
"2086865279","1541154936","1.21571"
"1541154936","2087030102","0.874802"
"2087030102","1541154936","0.874802"
"1541154936","2114899398","0.0714286"
"2114899398","1541154936","0.0714286"
"1541154936","2125950426","0.837933"
"2125950426","1541154936","0.837933"
"1541154936","2136659154","0.154762"
"2136659154","1541154936","0.154762"
"1541154936","2149250815","0.365873"
"2149250815","1541154936","0.365873"
"1541154936","2160471445","0.133929"
"2160471445","1541154936","0.133929"
"1943508732","1973752373","0.900595"
"1973752373","1943508732","0.900595"
"1943508732","2000197621","0.0714286"
"2000197621","1943508732","0.0714286"
"1943508732","2114899398","0.0714286"
"2114899398","1943508732","0.0714286"
"1943508732","2125950426","0.317262"
"2125950426","1943508732","0.317262"
"1943508732","2136659154","0.154762"
"2136659154","1943508732","0.154762"
"1943508732","2160471445","0.133929"
"2160471445","1943508732","0.133929"
"1971499635","1973752373","0.162338"
"1973752373","1971499635","0.162338"
"1971499635","2000197621","0.171429"
"2000197621","1971499635","0.171429"
"1971499635","2114899398","0.0714286"
"2114899398","1971499635","0.0714286"
"1971499635","2125950426","0.242857"
"2125950426","1971499635","0.242857"
"1971499635","2136659154","0.0714286"
"2136659154","1971499635","0.0714286"
"1971499635","2160471445","0.738095"
"2160471445","1971499635","0.738095"
"1973752373","1978824904","2.57702"
"1978824904","1973752373","2.57702"
"1973752373","1998264788","0.0714286"
"1998264788","1973752373","0.0714286"
"1973752373","2000197621","0.214286"
"2000197621","1973752373","0.214286"
"1973752373","2049192244","0.987698"
"2049192244","1973752373","0.987698"
"1973752373","2086865279","1.59782"
"2086865279","1973752373","1.59782"
"1973752373","2087030102","1.69984"
"2087030102","1973752373","1.69984"
"1973752373","2114899398","0.18254"
"2114899398","1973752373","0.18254"
"1973752373","2125950426","1.15456"
"2125950426","1973752373","1.15456"
"1973752373","2136659154","0.154762"
"2136659154","1973752373","0.154762"
"1973752373","2149250815","2.43929"
"2149250815","1973752373","2.43929"
"1973752373","2160471445","0.133929"
"2160471445","1973752373","0.133929"
"1978824904","2000197621","0.314286"
"2000197621","1978824904","0.314286"
"1978824904","2114899398","0.214286"
"2114899398","1978824904","0.214286"
"1978824904","2125950426","1.50827"
"2125950426","1978824904","1.50827"
"1978824904","2136659154","0.0714286"
"2136659154","1978824904","0.0714286"
"1998264788","2000197621","0.171429"
"2000197621","1998264788","0.171429"
"1998264788","2114899398","0.0714286"
"2114899398","1998264788","0.0714286"
"1998264788","2125950426","0.171429"
"2125950426","1998264788","0.171429"
"1998264788","2136659154","0.0714286"
"2136659154","1998264788","0.0714286"
"1998264788","2160471445","0.0714286"
"2160471445","1998264788","0.0714286"
"2000197621","2049192244","0.214286"
"2049192244","2000197621","0.214286"
"2000197621","2086865279","0.0714286"
"2086865279","2000197621","0.0714286"
"2000197621","2087030102","0.0714286"
"2087030102","2000197621","0.0714286"
"2000197621","2114899398","0.0714286"
"2114899398","2000197621","0.0714286"
"2000197621","2125950426","0.171429"
"2125950426","2000197621","0.171429"
"2000197621","2136659154","0.0714286"
"2136659154","2000197621","0.0714286"
"2000197621","2149250815","0.314286"
"2149250815","2000197621","0.314286"
"2000197621","2160471445","0.0714286"
"2160471445","2000197621","0.0714286"
"2049192244","2114899398","0.357143"
"2114899398","2049192244","0.357143"
"2049192244","2125950426","2.0797"
"2125950426","2049192244","2.0797"
"2049192244","2136659154","0.0714286"
"2136659154","2049192244","0.0714286"
"2049192244","2160471445","2.80159"
"2160471445","2049192244","2.80159"
"2086865279","2114899398","1.57143"
"2114899398","2086865279","1.57143"
"2086865279","2125950426","1.18152"
"2125950426","2086865279","1.18152"
"2086865279","2136659154","0.154762"
"2136659154","2086865279","0.154762"
"2086865279","2160471445","0.633929"
"2160471445","2086865279","0.633929"
"2087030102","2114899398","0.18254"
"2114899398","2087030102","0.18254"
"2087030102","2125950426","0.524802"
"2125950426","2087030102","0.524802"
"2087030102","2136659154","0.154762"
"2136659154","2087030102","0.154762"
"2114899398","2125950426","0.668254"
"2125950426","2114899398","0.668254"
"2114899398","2136659154","0.0714286"
"2136659154","2114899398","0.0714286"
"2114899398","2149250815","0.18254"
"2149250815","2114899398","0.18254"
"2114899398","2160471445","0.857143"
"2160471445","2114899398","0.857143"
"2125950426","2136659154","0.154762"
"2136659154","2125950426","0.154762"
"2125950426","2149250815","0.740873"
"2149250815","2125950426","0.740873"
"2125950426","2160471445","0.864087"
"2160471445","2125950426","0.864087"
"2136659154","2149250815","0.0714286"
"2149250815","2136659154","0.0714286"
"2136659154","2160471445","0.0714286"
"2160471445","2136659154","0.0714286"
"1541154936","2052115378","0.25"
"2052115378","1541154936","0.25"
"1978824904","2052115378","0.25"
"2052115378","1978824904","0.25"
"2049192244","2052115378","0.25"
"2052115378","2049192244","0.25"
"2052115378","2086865279","0.25"
"2086865279","2052115378","0.25"
"1541154936","1937585703","0.0714286"
"1937585703","1541154936","0.0714286"
"1541154936","1964660284","0.133929"
"1964660284","1541154936","0.133929"
"1541154936","1970979418","0.0714286"
"1970979418","1541154936","0.0714286"
"1541154936","2001265665","0.0714286"
"2001265665","1541154936","0.0714286"
"1541154936","2080919181","0.433171"
"2080919181","1541154936","0.433171"
"1541154936","2088298796","0.0714286"
"2088298796","1541154936","0.0714286"
"1541154936","2093376798","0.428373"
"2093376798","1541154936","0.428373"
"1541154936","2132288950","0.0714286"
"2132288950","1541154936","0.0714286"
"1541154936","2148661353","0.810949"
"2148661353","1541154936","0.810949"
"1937585703","1964660284","0.0714286"
"1964660284","1937585703","0.0714286"
"1937585703","1970979418","0.0714286"
"1970979418","1937585703","0.0714286"
"1937585703","1971499635","0.0714286"
"1971499635","1937585703","0.0714286"
"1937585703","1978824904","0.0714286"
"1978824904","1937585703","0.0714286"
"1937585703","2001265665","0.0714286"
"2001265665","1937585703","0.0714286"
"1937585703","2080919181","0.0714286"
"2080919181","1937585703","0.0714286"
"1937585703","2086865279","0.0714286"
"2086865279","1937585703","0.0714286"
"1937585703","2087030102","0.0714286"
"2087030102","1937585703","0.0714286"
"1937585703","2088298796","0.0714286"
"2088298796","1937585703","0.0714286"
"1937585703","2093376798","0.0714286"
"2093376798","1937585703","0.0714286"
"1937585703","2125950426","0.0714286"
"2125950426","1937585703","0.0714286"
"1937585703","2132288950","0.0714286"
"2132288950","1937585703","0.0714286"
"1937585703","2148661353","0.0714286"
"2148661353","1937585703","0.0714286"
"1964660284","1970979418","0.162338"
"1970979418","1964660284","0.162338"
"1964660284","1971499635","0.162338"
"1971499635","1964660284","0.162338"
"1964660284","2001265665","0.162338"
"2001265665","1964660284","0.162338"
"1964660284","2086865279","0.210852"
"2086865279","1964660284","0.210852"
"1964660284","2088298796","0.162338"
"2088298796","1964660284","0.162338"
"1964660284","2093376798","0.224838"
"2093376798","1964660284","0.224838"
"1964660284","2125950426","0.46482"
"2125950426","1964660284","0.46482"
"1970979418","1971499635","0.162338"
"1971499635","1970979418","0.162338"
"1970979418","1978824904","0.162338"
"1978824904","1970979418","0.162338"
"1970979418","2001265665","0.162338"
"2001265665","1970979418","0.162338"
"1970979418","2080919181","0.362338"
"2080919181","1970979418","0.362338"
"1970979418","2086865279","0.0714286"
"2086865279","1970979418","0.0714286"
"1970979418","2087030102","0.162338"
"2087030102","1970979418","0.162338"
"1970979418","2088298796","0.162338"
"2088298796","1970979418","0.162338"
"1970979418","2093376798","0.162338"
"2093376798","1970979418","0.162338"
"1970979418","2125950426","0.0714286"
"2125950426","1970979418","0.0714286"
"1970979418","2132288950","0.362338"
"2132288950","1970979418","0.362338"
"1970979418","2148661353","0.662338"
"2148661353","1970979418","0.662338"
"1971499635","2001265665","0.162338"
"2001265665","1971499635","0.162338"
"1971499635","2080919181","0.262338"
"2080919181","1971499635","0.262338"
"1971499635","2088298796","0.162338"
"2088298796","1971499635","0.162338"
"1971499635","2093376798","0.262338"
"2093376798","1971499635","0.262338"
"1971499635","2132288950","0.162338"
"2132288950","1971499635","0.162338"
"1971499635","2148661353","0.162338"
"2148661353","1971499635","0.162338"
"1978824904","2001265665","0.287338"
"2001265665","1978824904","0.287338"
"1978824904","2088298796","1.78734"
"2088298796","1978824904","1.78734"
"1978824904","2093376798","0.978607"
"2093376798","1978824904","0.978607"
"2001265665","2080919181","0.162338"
"2080919181","2001265665","0.162338"
"2001265665","2086865279","0.0714286"
"2086865279","2001265665","0.0714286"
"2001265665","2087030102","0.162338"
"2087030102","2001265665","0.162338"
"2001265665","2088298796","0.287338"
"2088298796","2001265665","0.287338"
"2001265665","2093376798","0.287338"
"2093376798","2001265665","0.287338"
"2001265665","2125950426","0.196429"
"2125950426","2001265665","0.196429"
"2001265665","2132288950","0.162338"
"2132288950","2001265665","0.162338"
"2001265665","2148661353","0.162338"
"2148661353","2001265665","0.162338"
"2080919181","2086865279","0.710949"
"2086865279","2080919181","0.710949"
"2080919181","2088298796","0.162338"
"2088298796","2080919181","0.162338"
"2080919181","2093376798","0.939917"
"2093376798","2080919181","0.939917"
"2080919181","2125950426","1.28714"
"2125950426","2080919181","1.28714"
"2086865279","2088298796","0.0714286"
"2088298796","2086865279","0.0714286"
"2086865279","2093376798","0.650595"
"2093376798","2086865279","0.650595"
"2086865279","2132288950","0.171429"
"2132288950","2086865279","0.171429"
"2086865279","2148661353","1.54984"
"2148661353","2086865279","1.54984"
"2087030102","2088298796","0.162338"
"2088298796","2087030102","0.162338"
"2087030102","2093376798","0.884361"
"2093376798","2087030102","0.884361"
"2088298796","2093376798","0.287338"
"2093376798","2088298796","0.287338"
"2088298796","2125950426","0.196429"
"2125950426","2088298796","0.196429"
"2088298796","2132288950","0.162338"
"2132288950","2088298796","0.162338"
"2088298796","2148661353","0.662338"
"2148661353","2088298796","0.662338"
"2093376798","2125950426","0.47004"
"2125950426","2093376798","0.47004"
"2093376798","2132288950","0.662338"
"2132288950","2093376798","0.662338"
"2093376798","2148661353","1.24547"
"2148661353","2093376798","1.24547"
"2125950426","2132288950","0.325397"
"2132288950","2125950426","0.325397"
"2125950426","2148661353","1.60063"
"2148661353","2125950426","1.60063"
"1541154936","2107255621","0.822854"
"2107255621","1541154936","0.822854"
"1973752373","2107255621","0.843056"
"2107255621","1973752373","0.843056"
"1973752373","2148661353","1.84746"
"2148661353","1973752373","1.84746"
"1978824904","2107255621","1.01422"
"2107255621","1978824904","1.01422"
"2086865279","2107255621","1.01089"
"2107255621","2086865279","1.01089"
"2087030102","2107255621","0.968056"
"2107255621","2087030102","0.968056"
"2107255621","2148661353","1.85182"
"2148661353","2107255621","1.85182"
"1541154936","2309023520","0.294444"
"2309023520","1541154936","0.294444"
"1541154936","2427606719","0.445076"
"2427606719","1541154936","0.445076"
"1943508732","2093376798","0.145833"
"2093376798","1943508732","0.145833"
"1943508732","2107255621","0.354167"
"2107255621","1943508732","0.354167"
"1943508732","2148661353","0.370833"
"2148661353","1943508732","0.370833"
"1943508732","2309023520","0.183333"
"2309023520","1943508732","0.183333"
"1943508732","2427606719","0.454167"
"2427606719","1943508732","0.454167"
"1973752373","2093376798","0.937933"
"2093376798","1973752373","0.937933"
"1973752373","2309023520","1.14841"
"2309023520","1973752373","1.14841"
"1973752373","2427606719","0.454167"
"2427606719","1973752373","0.454167"
"1978824904","2309023520","0.837302"
"2309023520","1978824904","0.837302"
"1978824904","2427606719","0.303114"
"2427606719","1978824904","0.303114"
"2049192244","2093376798","0.673413"
"2093376798","2049192244","0.673413"
"2049192244","2107255621","3.58367"
"2107255621","2049192244","3.58367"
"2049192244","2148661353","1.3369"
"2148661353","2049192244","1.3369"
"2049192244","2309023520","0.648413"
"2309023520","2049192244","0.648413"
"2049192244","2427606719","0.528114"
"2427606719","2049192244","0.528114"
"2086865279","2309023520","0.505556"
"2309023520","2086865279","0.505556"
"2086865279","2427606719","0.721999"
"2427606719","2086865279","0.721999"
"2087030102","2309023520","0.405556"
"2309023520","2087030102","0.405556"
"2087030102","2427606719","1.62202"
"2427606719","2087030102","1.62202"
"2093376798","2107255621","0.568056"
"2107255621","2093376798","0.568056"
"2093376798","2149250815","0.852778"
"2149250815","2093376798","0.852778"
"2093376798","2309023520","0.405556"
"2309023520","2093376798","0.405556"
"2093376798","2427606719","0.28869"
"2427606719","2093376798","0.28869"
"2107255621","2149250815","0.630556"
"2149250815","2107255621","0.630556"
"2107255621","2309023520","0.572222"
"2309023520","2107255621","0.572222"
"2107255621","2427606719","0.646999"
"2427606719","2107255621","0.646999"
"2148661353","2309023520","0.815079"
"2309023520","2148661353","0.815079"
"2148661353","2427606719","0.586742"
"2427606719","2148661353","0.586742"
"2149250815","2309023520","0.905556"
"2309023520","2149250815","0.905556"
"2149250815","2427606719","0.208333"
"2427606719","2149250815","0.208333"
"2309023520","2427606719","0.183333"
"2427606719","2309023520","0.183333"
"1541154936","1935550814","0.153409"
"1935550814","1541154936","0.153409"
"1541154936","1968809526","0.0625"
"1968809526","1541154936","0.0625"
"1541154936","2141317095","0.145833"
"2141317095","1541154936","0.145833"
"1541154936","2184859619","0.153409"
"2184859619","1541154936","0.153409"
"1935550814","1943508732","0.0625"
"1943508732","1935550814","0.0625"
"1935550814","1964660284","0.0625"
"1964660284","1935550814","0.0625"
"1935550814","1968809526","0.0625"
"1968809526","1935550814","0.0625"
"1935550814","1973752373","0.0625"
"1973752373","1935550814","0.0625"
"1935550814","2080919181","0.153409"
"2080919181","1935550814","0.153409"
"1935550814","2086865279","0.153409"
"2086865279","1935550814","0.153409"
"1935550814","2087030102","0.0625"
"2087030102","1935550814","0.0625"
"1935550814","2093376798","0.0625"
"2093376798","1935550814","0.0625"
"1935550814","2107255621","0.320076"
"2107255621","1935550814","0.320076"
"1935550814","2125950426","0.153409"
"2125950426","1935550814","0.153409"
"1935550814","2141317095","0.0625"
"2141317095","1935550814","0.0625"
"1935550814","2148661353","0.320076"
"2148661353","1935550814","0.320076"
"1935550814","2160471445","0.0625"
"2160471445","1935550814","0.0625"
"1935550814","2184859619","0.320076"
"2184859619","1935550814","0.320076"
"1935550814","2427606719","0.153409"
"2427606719","1935550814","0.153409"
"1943508732","1964660284","0.0625"
"1964660284","1943508732","0.0625"
"1943508732","1968809526","0.0625"
"1968809526","1943508732","0.0625"
"1943508732","2080919181","0.145833"
"2080919181","1943508732","0.145833"
"1943508732","2141317095","0.145833"
"2141317095","1943508732","0.145833"
"1943508732","2184859619","0.0625"
"2184859619","1943508732","0.0625"
"1964660284","1968809526","0.0625"
"1968809526","1964660284","0.0625"
"1964660284","1973752373","0.403409"
"1973752373","1964660284","0.403409"
"1964660284","2107255621","1.20609"
"2107255621","1964660284","1.20609"
"1964660284","2184859619","0.0625"
"2184859619","1964660284","0.0625"
"1964660284","2427606719","0.139423"
"2427606719","1964660284","0.139423"
"1968809526","1973752373","0.205357"
"1973752373","1968809526","0.205357"
"1968809526","2080919181","0.229167"
"2080919181","1968809526","0.229167"
"1968809526","2086865279","0.229167"
"2086865279","1968809526","0.229167"
"1968809526","2087030102","0.0625"
"2087030102","1968809526","0.0625"
"1968809526","2093376798","0.0625"
"2093376798","1968809526","0.0625"
"1968809526","2107255621","0.0625"
"2107255621","1968809526","0.0625"
"1968809526","2125950426","0.229167"
"2125950426","1968809526","0.229167"
"1968809526","2141317095","0.205357"
"2141317095","1968809526","0.205357"
"1968809526","2148661353","0.229167"
"2148661353","1968809526","0.229167"
"1968809526","2160471445","0.0625"
"2160471445","1968809526","0.0625"
"1968809526","2184859619","0.205357"
"2184859619","1968809526","0.205357"
"1968809526","2427606719","0.0625"
"2427606719","1968809526","0.0625"
"1973752373","2080919181","0.949044"
"2080919181","1973752373","0.949044"
"1973752373","2141317095","0.431548"
"2141317095","1973752373","0.431548"
"1973752373","2184859619","0.455357"
"2184859619","1973752373","0.455357"
"2080919181","2107255621","3.52841"
"2107255621","2080919181","3.52841"
"2080919181","2184859619","0.153409"
"2184859619","2080919181","0.153409"
"2080919181","2427606719","0.361742"
"2427606719","2080919181","0.361742"
"2086865279","2141317095","0.145833"
"2141317095","2086865279","0.145833"
"2086865279","2184859619","0.253409"
"2184859619","2086865279","0.253409"
"2087030102","2184859619","0.0625"
"2184859619","2087030102","0.0625"
"2093376798","2141317095","0.205357"
"2141317095","2093376798","0.205357"
"2093376798","2160471445","0.0625"
"2160471445","2093376798","0.0625"
"2093376798","2184859619","0.0625"
"2184859619","2093376798","0.0625"
"2107255621","2125950426","1.01486"
"2125950426","2107255621","1.01486"
"2107255621","2141317095","0.2125"
"2141317095","2107255621","0.2125"
"2107255621","2160471445","0.205357"
"2160471445","2107255621","0.205357"
"2107255621","2184859619","0.320076"
"2184859619","2107255621","0.320076"
"2125950426","2141317095","0.590278"
"2141317095","2125950426","0.590278"
"2125950426","2184859619","0.153409"
"2184859619","2125950426","0.153409"
"2125950426","2427606719","0.538665"
"2427606719","2125950426","0.538665"
"2141317095","2184859619","0.205357"
"2184859619","2141317095","0.205357"
"2141317095","2427606719","0.145833"
"2427606719","2141317095","0.145833"
"2148661353","2184859619","0.320076"
"2184859619","2148661353","0.320076"
"2160471445","2184859619","0.0625"
"2184859619","2160471445","0.0625"
"2160471445","2427606719","0.0625"
"2427606719","2160471445","0.0625"
"2184859619","2427606719","0.253409"
"2427606719","2184859619","0.253409"
"1541154936","2129086246","0.424242"
"2129086246","1541154936","0.424242"
"1541154936","2567219564","0.757576"
"2567219564","1541154936","0.757576"
"1541154936","2577926288","0.757576"
"2577926288","1541154936","0.757576"
"1935550814","2129086246","0.257576"
"2129086246","1935550814","0.257576"
"1935550814","2567219564","0.257576"
"2567219564","1935550814","0.257576"
"1935550814","2577926288","0.0909091"
"2577926288","1935550814","0.0909091"
"2080919181","2129086246","0.0909091"
"2129086246","2080919181","0.0909091"
"2080919181","2567219564","0.0909091"
"2567219564","2080919181","0.0909091"
"2080919181","2577926288","0.157576"
"2577926288","2080919181","0.157576"
"2086865279","2129086246","0.0909091"
"2129086246","2086865279","0.0909091"
"2086865279","2567219564","0.267832"
"2567219564","2086865279","0.267832"
"2086865279","2577926288","0.190909"
"2577926288","2086865279","0.190909"
"2107255621","2129086246","0.257576"
"2129086246","2107255621","0.257576"
"2107255621","2567219564","0.334499"
"2567219564","2107255621","0.334499"
"2107255621","2577926288","0.157576"
"2577926288","2107255621","0.157576"
"2125950426","2129086246","0.0909091"
"2129086246","2125950426","0.0909091"
"2125950426","2567219564","0.501166"
"2567219564","2125950426","0.501166"
"2125950426","2577926288","0.524242"
"2577926288","2125950426","0.524242"
"2129086246","2148661353","0.257576"
"2148661353","2129086246","0.257576"
"2129086246","2184859619","0.257576"
"2184859619","2129086246","0.257576"
"2129086246","2427606719","0.0909091"
"2427606719","2129086246","0.0909091"
"2129086246","2567219564","0.590909"
"2567219564","2129086246","0.590909"
"2129086246","2577926288","0.424242"
"2577926288","2129086246","0.424242"
"2148661353","2567219564","0.257576"
"2567219564","2148661353","0.257576"
"2148661353","2577926288","0.257576"
"2577926288","2148661353","0.257576"
"2184859619","2567219564","0.857576"
"2567219564","2184859619","0.857576"
"2184859619","2577926288","0.590909"
"2577926288","2184859619","0.590909"
"2427606719","2567219564","0.267832"
"2567219564","2427606719","0.267832"
"2427606719","2577926288","0.190909"
"2577926288","2427606719","0.190909"
"2567219564","2577926288","2.25758"
"2577926288","2567219564","2.25758"
"1541154936","2563633466","0.1"
"2563633466","1541154936","0.1"
"1973752373","2563633466","0.592857"
"2563633466","1973752373","0.592857"
"2049192244","2563633466","0.342857"
"2563633466","2049192244","0.342857"
"2086865279","2563633466","0.2"
"2563633466","2086865279","0.2"
"2087030102","2563633466","0.1"
"2563633466","2087030102","0.1"
"2093376798","2563633466","0.1"
"2563633466","2093376798","0.1"
"2107255621","2563633466","0.166667"
"2563633466","2107255621","0.166667"
"2148661353","2563633466","0.409524"
"2563633466","2148661353","0.409524"
"2149250815","2563633466","0.35"
"2563633466","2149250815","0.35"
"2309023520","2563633466","0.92619"
"2563633466","2309023520","0.92619"
"1541154936","2010955799","0.0833333"
"2010955799","1541154936","0.0833333"
"1541154936","2135003210","0.0833333"
"2135003210","1541154936","0.0833333"
"1943508732","2010955799","0.0833333"
"2010955799","1943508732","0.0833333"
"1943508732","2135003210","0.0833333"
"2135003210","1943508732","0.0833333"
"1973752373","2010955799","0.527778"
"2010955799","1973752373","0.527778"
"1973752373","2135003210","0.0833333"
"2135003210","1973752373","0.0833333"
"2010955799","2080919181","0.527778"
"2080919181","2010955799","0.527778"
"2010955799","2086865279","0.0833333"
"2086865279","2010955799","0.0833333"
"2010955799","2087030102","0.527778"
"2087030102","2010955799","0.527778"
"2010955799","2107255621","0.0833333"
"2107255621","2010955799","0.0833333"
"2010955799","2125950426","0.194444"
"2125950426","2010955799","0.194444"
"2010955799","2135003210","0.22619"
"2135003210","2010955799","0.22619"
"2010955799","2136659154","0.22619"
"2136659154","2010955799","0.22619"
"2010955799","2141317095","0.0833333"
"2141317095","2010955799","0.0833333"
"2010955799","2427606719","0.0833333"
"2427606719","2010955799","0.0833333"
"2080919181","2135003210","0.0833333"
"2135003210","2080919181","0.0833333"
"2080919181","2136659154","0.0833333"
"2136659154","2080919181","0.0833333"
"2086865279","2135003210","0.0833333"
"2135003210","2086865279","0.0833333"
"2087030102","2135003210","0.0833333"
"2135003210","2087030102","0.0833333"
"2107255621","2135003210","0.0833333"
"2135003210","2107255621","0.0833333"
"2107255621","2136659154","0.0833333"
"2136659154","2107255621","0.0833333"
"2125950426","2135003210","0.0833333"
"2135003210","2125950426","0.0833333"
"2135003210","2136659154","4.89286"
"2136659154","2135003210","4.89286"
"2135003210","2141317095","1"
"2141317095","2135003210","1"
"2135003210","2427606719","0.0833333"
"2427606719","2135003210","0.0833333"
"2136659154","2141317095","0.75"
"2141317095","2136659154","0.75"
"2136659154","2427606719","0.0833333"
"2427606719","2136659154","0.0833333"
"1549397826","2086865279","0.5"
"2086865279","1549397826","0.5"
"1549397826","2163228073","0.5"
"2163228073","1549397826","0.5"
"2086865279","2163228073","0.611111"
"2163228073","2086865279","0.611111"
"1553800766","178861030","3.5"
"178861030","1553800766","3.5"
"1553800766","1965555663","0.5"
"1965555663","1553800766","0.5"
"178861030","1965555663","0.5"
"1965555663","178861030","0.5"
"187043655","2427606719","3"
"2427606719","187043655","3"
"1928811562","1964660284","0.0666667"
"1964660284","1928811562","0.0666667"
"1928811562","1967212785","0.0666667"
"1967212785","1928811562","0.0666667"
"1928811562","2000721643","0.0666667"
"2000721643","1928811562","0.0666667"
"1928811562","2049948704","0.0666667"
"2049948704","1928811562","0.0666667"
"1928811562","2080919181","0.0666667"
"2080919181","1928811562","0.0666667"
"1928811562","2107255621","0.0666667"
"2107255621","1928811562","0.0666667"
"1928811562","2137386169","0.0666667"
"2137386169","1928811562","0.0666667"
"1928811562","2141317095","0.0666667"
"2141317095","1928811562","0.0666667"
"1928811562","2148661353","0.0666667"
"2148661353","1928811562","0.0666667"
"1928811562","2168762548","0.0666667"
"2168762548","1928811562","0.0666667"
"1928811562","2399476567","0.0666667"
"2399476567","1928811562","0.0666667"
"1928811562","2437797956","0.0666667"
"2437797956","1928811562","0.0666667"
"1928811562","2563633466","0.0666667"
"2563633466","1928811562","0.0666667"
"1928811562","2577926288","0.0666667"
"2577926288","1928811562","0.0666667"
"1928811562","2612039592","0.0666667"
"2612039592","1928811562","0.0666667"
"1964660284","1967212785","0.0666667"
"1967212785","1964660284","0.0666667"
"1964660284","2000721643","0.0666667"
"2000721643","1964660284","0.0666667"
"1964660284","2049948704","0.0666667"
"2049948704","1964660284","0.0666667"
"1964660284","2137386169","0.0666667"
"2137386169","1964660284","0.0666667"
"1964660284","2168762548","0.0666667"
"2168762548","1964660284","0.0666667"
"1964660284","2399476567","0.0666667"
"2399476567","1964660284","0.0666667"
"1964660284","2437797956","0.14359"
"2437797956","1964660284","0.14359"
"1964660284","2563633466","0.0666667"
"2563633466","1964660284","0.0666667"
"1964660284","2577926288","0.0666667"
"2577926288","1964660284","0.0666667"
"1964660284","2612039592","0.14359"
"2612039592","1964660284","0.14359"
"1967212785","2000721643","0.0666667"
"2000721643","1967212785","0.0666667"
"1967212785","2049948704","0.0666667"
"2049948704","1967212785","0.0666667"
"1967212785","2080919181","0.0666667"
"2080919181","1967212785","0.0666667"
"1967212785","2107255621","0.0666667"
"2107255621","1967212785","0.0666667"
"1967212785","2137386169","0.0666667"
"2137386169","1967212785","0.0666667"
"1967212785","2141317095","0.0666667"
"2141317095","1967212785","0.0666667"
"1967212785","2148661353","0.0666667"
"2148661353","1967212785","0.0666667"
"1967212785","2168762548","1.23333"
"2168762548","1967212785","1.23333"
"1967212785","2399476567","0.0666667"
"2399476567","1967212785","0.0666667"
"1967212785","2437797956","0.0666667"
"2437797956","1967212785","0.0666667"
"1967212785","2563633466","0.0666667"
"2563633466","1967212785","0.0666667"
"1967212785","2577926288","0.0666667"
"2577926288","1967212785","0.0666667"
"1967212785","2612039592","0.0666667"
"2612039592","1967212785","0.0666667"
"2000721643","2049948704","0.0666667"
"2049948704","2000721643","0.0666667"
"2000721643","2080919181","0.0666667"
"2080919181","2000721643","0.0666667"
"2000721643","2107255621","0.0666667"
"2107255621","2000721643","0.0666667"
"2000721643","2137386169","0.0666667"
"2137386169","2000721643","0.0666667"
"2000721643","2141317095","0.0666667"
"2141317095","2000721643","0.0666667"
"2000721643","2148661353","0.0666667"
"2148661353","2000721643","0.0666667"
"2000721643","2168762548","0.0666667"
"2168762548","2000721643","0.0666667"
"2000721643","2399476567","0.0666667"
"2399476567","2000721643","0.0666667"
"2000721643","2437797956","0.0666667"
"2437797956","2000721643","0.0666667"
"2000721643","2563633466","0.0666667"
"2563633466","2000721643","0.0666667"
"2000721643","2577926288","0.0666667"
"2577926288","2000721643","0.0666667"
"2000721643","2612039592","0.0666667"
"2612039592","2000721643","0.0666667"
"2049948704","2080919181","0.0666667"
"2080919181","2049948704","0.0666667"
"2049948704","2107255621","0.0666667"
"2107255621","2049948704","0.0666667"
"2049948704","2137386169","0.0666667"
"2137386169","2049948704","0.0666667"
"2049948704","2141317095","0.0666667"
"2141317095","2049948704","0.0666667"
"2049948704","2148661353","0.0666667"
"2148661353","2049948704","0.0666667"
"2049948704","2168762548","0.0666667"
"2168762548","2049948704","0.0666667"
"2049948704","2399476567","0.0666667"
"2399476567","2049948704","0.0666667"
"2049948704","2437797956","0.0666667"
"2437797956","2049948704","0.0666667"
"2049948704","2563633466","0.0666667"
"2563633466","2049948704","0.0666667"
"2049948704","2577926288","0.0666667"
"2577926288","2049948704","0.0666667"
"2049948704","2612039592","0.0666667"
"2612039592","2049948704","0.0666667"
"2080919181","2137386169","0.0666667"
"2137386169","2080919181","0.0666667"
"2080919181","2168762548","0.0666667"
"2168762548","2080919181","0.0666667"
"2080919181","2399476567","0.166667"
"2399476567","2080919181","0.166667"
"2080919181","2437797956","0.0666667"
"2437797956","2080919181","0.0666667"
"2080919181","2563633466","0.0666667"
"2563633466","2080919181","0.0666667"
"2080919181","2612039592","0.233333"
"2612039592","2080919181","0.233333"
"2107255621","2137386169","0.0666667"
"2137386169","2107255621","0.0666667"
"2107255621","2168762548","0.0666667"
"2168762548","2107255621","0.0666667"
"2107255621","2399476567","0.166667"
"2399476567","2107255621","0.166667"
"2107255621","2437797956","0.14359"
"2437797956","2107255621","0.14359"
"2107255621","2612039592","0.14359"
"2612039592","2107255621","0.14359"
"2137386169","2141317095","0.0666667"
"2141317095","2137386169","0.0666667"
"2137386169","2148661353","0.0666667"
"2148661353","2137386169","0.0666667"
"2137386169","2168762548","0.9"
"2168762548","2137386169","0.9"
"2137386169","2399476567","0.0666667"
"2399476567","2137386169","0.0666667"
"2137386169","2437797956","0.0666667"
"2437797956","2137386169","0.0666667"
"2137386169","2563633466","0.0666667"
"2563633466","2137386169","0.0666667"
"2137386169","2577926288","0.0666667"
"2577926288","2137386169","0.0666667"
"2137386169","2612039592","0.0666667"
"2612039592","2137386169","0.0666667"
"2141317095","2168762548","0.0666667"
"2168762548","2141317095","0.0666667"
"2141317095","2399476567","0.0666667"
"2399476567","2141317095","0.0666667"
"2141317095","2437797956","0.0666667"
"2437797956","2141317095","0.0666667"
"2141317095","2563633466","0.0666667"
"2563633466","2141317095","0.0666667"
"2141317095","2577926288","0.0666667"
"2577926288","2141317095","0.0666667"
"2141317095","2612039592","0.0666667"
"2612039592","2141317095","0.0666667"
"2148661353","2168762548","0.0666667"
"2168762548","2148661353","0.0666667"
"2148661353","2399476567","0.0666667"
"2399476567","2148661353","0.0666667"
"2148661353","2437797956","0.0666667"
"2437797956","2148661353","0.0666667"
"2148661353","2612039592","0.233333"
"2612039592","2148661353","0.233333"
"2168762548","2399476567","0.0666667"
"2399476567","2168762548","0.0666667"
"2168762548","2437797956","0.0666667"
"2437797956","2168762548","0.0666667"
"2168762548","2563633466","0.0666667"
"2563633466","2168762548","0.0666667"
"2168762548","2577926288","0.0666667"
"2577926288","2168762548","0.0666667"
"2168762548","2612039592","0.0666667"
"2612039592","2168762548","0.0666667"
"2399476567","2437797956","0.0666667"
"2437797956","2399476567","0.0666667"
"2399476567","2563633466","0.0666667"
"2563633466","2399476567","0.0666667"
"2399476567","2577926288","0.0666667"
