"142191673","1839587738","0.176923"
"1839587738","142191673","0.176923"
"142191673","1911131141","0.0769231"
"1911131141","142191673","0.0769231"
"142191673","1971356345","0.24359"
"1971356345","142191673","0.24359"
"142191673","1988176704","0.201923"
"1988176704","142191673","0.201923"
"142191673","2026562765","0.0769231"
"2026562765","142191673","0.0769231"
"142191673","2050767557","0.176923"
"2050767557","142191673","0.176923"
"142191673","2076774407","0.201923"
"2076774407","142191673","0.201923"
"142191673","2093153184","0.0769231"
"2093153184","142191673","0.0769231"
"142191673","2095700816","0.0769231"
"2095700816","142191673","0.0769231"
"142191673","2101416352","1.26859"
"2101416352","142191673","1.26859"
"142191673","2121677895","0.0769231"
"2121677895","142191673","0.0769231"
"142191673","2128372630","0.176923"
"2128372630","142191673","0.176923"
"142191673","2162008374","0.0769231"
"2162008374","142191673","0.0769231"
"1839587738","1911131141","0.0769231"
"1911131141","1839587738","0.0769231"
"1839587738","1971356345","8.37811"
"1971356345","1839587738","8.37811"
"1839587738","1988176704","1.82811"
"1988176704","1839587738","1.82811"
"1839587738","2026562765","0.0769231"
"2026562765","1839587738","0.0769231"
"1839587738","2050767557","1.31978"
"2050767557","1839587738","1.31978"
"1839587738","2076774407","0.0769231"
"2076774407","1839587738","0.0769231"
"1839587738","2093153184","0.21978"
"2093153184","1839587738","0.21978"
"1839587738","2095700816","0.0769231"
"2095700816","1839587738","0.0769231"
"1839587738","2101416352","2.29359"
"2101416352","1839587738","2.29359"
"1839587738","2121677895","0.0769231"
"2121677895","1839587738","0.0769231"
"1839587738","2128372630","2.75192"
"2128372630","1839587738","2.75192"
"1839587738","2162008374","0.0769231"
"2162008374","1839587738","0.0769231"
"1911131141","1971356345","0.276923"
"1971356345","1911131141","0.276923"
"1911131141","1988176704","0.0769231"
"1988176704","1911131141","0.0769231"
"1911131141","2026562765","0.0769231"
"2026562765","1911131141","0.0769231"
"1911131141","2050767557","0.610256"
"2050767557","1911131141","0.610256"
"1911131141","2076774407","0.0769231"
"2076774407","1911131141","0.0769231"
"1911131141","2093153184","0.0769231"
"2093153184","1911131141","0.0769231"
"1911131141","2095700816","0.0769231"
"2095700816","1911131141","0.0769231"
"1911131141","2101416352","0.0769231"
"2101416352","1911131141","0.0769231"
"1911131141","2121677895","0.0769231"
"2121677895","1911131141","0.0769231"
"1911131141","2128372630","0.0769231"
"2128372630","1911131141","0.0769231"
"1911131141","2162008374","0.0769231"
"2162008374","1911131141","0.0769231"
"1971356345","1988176704","7.30325"
"1988176704","1971356345","7.30325"
"1971356345","2026562765","0.322756"
"2026562765","1971356345","0.322756"
"1971356345","2050767557","12.5937"
"2050767557","1971356345","12.5937"
"1971356345","2076774407","0.426923"
"2076774407","1971356345","0.426923"
"1971356345","2093153184","0.31978"
"2093153184","1971356345","0.31978"
"1971356345","2095700816","0.65609"
"2095700816","1971356345","0.65609"
"1971356345","2101416352","5.05087"
"2101416352","1971356345","5.05087"
"1971356345","2121677895","0.65609"
"2121677895","1971356345","0.65609"
"1971356345","2128372630","3.3092"
"2128372630","1971356345","3.3092"
"1971356345","2162008374","0.399679"
"2162008374","1971356345","0.399679"
"1988176704","2026562765","2.74299"
"2026562765","1988176704","2.74299"
"1988176704","2050767557","9.41873"
"2050767557","1988176704","9.41873"
"1988176704","2076774407","0.301923"
"2076774407","1988176704","0.301923"
"1988176704","2093153184","0.653114"
"2093153184","1988176704","0.653114"
"1988176704","2095700816","2.2668"
"2095700816","1988176704","2.2668"
"1988176704","2101416352","7.63658"
"2101416352","1988176704","7.63658"
"1988176704","2121677895","2.49895"
"2121677895","1988176704","2.49895"
"1988176704","2128372630","13.4294"
"2128372630","1988176704","13.4294"
"1988176704","2162008374","1.99254"
"2162008374","1988176704","1.99254"
"2026562765","2050767557","0.40609"
"2050767557","2026562765","0.40609"
"2026562765","2076774407","0.176923"
"2076774407","2026562765","0.176923"
"2026562765","2093153184","0.176923"
"2093153184","2026562765","0.176923"
"2026562765","2095700816","6.9168"
"2095700816","2026562765","6.9168"
"2026562765","2101416352","2.33228"
"2101416352","2026562765","2.33228"
"2026562765","2121677895","7.98228"
"2121677895","2026562765","7.98228"
"2026562765","2128372630","1.86799"
"2128372630","2026562765","1.86799"
"2026562765","2162008374","2.13228"
"2162008374","2026562765","2.13228"
"2050767557","2076774407","2.62692"
"2076774407","2050767557","2.62692"
"2050767557","2093153184","0.31978"
"2093153184","2050767557","0.31978"
"2050767557","2095700816","0.489423"
"2095700816","2050767557","0.489423"
"2050767557","2101416352","1.14135"
"2101416352","2050767557","1.14135"
"2050767557","2121677895","0.489423"
"2121677895","2050767557","0.489423"
"2050767557","2128372630","2.27468"
"2128372630","2050767557","2.27468"
"2050767557","2162008374","0.483013"
"2162008374","2050767557","0.483013"
"2076774407","2093153184","0.176923"
"2093153184","2076774407","0.176923"
"2076774407","2095700816","0.176923"
"2095700816","2076774407","0.176923"
"2076774407","2101416352","4.20192"
"2101416352","2076774407","4.20192"
"2076774407","2121677895","0.176923"
"2121677895","2076774407","0.176923"
"2076774407","2128372630","0.376923"
"2128372630","2076774407","0.376923"
"2076774407","2162008374","0.176923"
"2162008374","2076774407","0.176923"
"2093153184","2095700816","0.176923"
"2095700816","2093153184","0.176923"
"2093153184","2101416352","0.176923"
"2101416352","2093153184","0.176923"
"2093153184","2121677895","0.176923"
"2121677895","2093153184","0.176923"
"2093153184","2128372630","0.510256"
"2128372630","2093153184","0.510256"
"2093153184","2162008374","0.176923"
"2162008374","2093153184","0.176923"
"2095700816","2101416352","4.49895"
"2101416352","2095700816","4.49895"
"2095700816","2121677895","29.6489"
"2121677895","2095700816","29.6489"
"2095700816","2128372630","1.55847"
"2128372630","2095700816","1.55847"
"2095700816","2162008374","2.13228"
"2162008374","2095700816","2.13228"
"2101416352","2121677895","2.66561"
"2121677895","2101416352","2.66561"
"2101416352","2128372630","8.91873"
"2128372630","2101416352","8.91873"
"2101416352","2162008374","3.29254"
"2162008374","2101416352","3.29254"
"2121677895","2128372630","1.79061"
"2128372630","2121677895","1.79061"
"2121677895","2162008374","2.13228"
"2162008374","2121677895","2.13228"
"2128372630","2162008374","1.41754"
"2162008374","2128372630","1.41754"
"142191673","144023353","0.166667"
"144023353","142191673","0.166667"
"142191673","2051171366","0.1"
"2051171366","142191673","0.1"
"142191673","2095991627","0.1"
"2095991627","142191673","0.1"
"142191673","2574388714","0.291667"
"2574388714","142191673","0.291667"
"142191673","2606436201","0.291667"
"2606436201","142191673","0.291667"
"142191673","2614818206","0.291667"
"2614818206","142191673","0.291667"
"144023353","1839587738","0.242857"
"1839587738","144023353","0.242857"
"144023353","1971356345","0.392857"
"1971356345","144023353","0.392857"
"144023353","2050767557","0.242857"
"2050767557","144023353","0.242857"
"144023353","2051171366","0.242857"
"2051171366","144023353","0.242857"
"144023353","2095991627","0.1"
"2095991627","144023353","0.1"
"144023353","2128372630","0.183333"
"2128372630","144023353","0.183333"
"144023353","2574388714","0.75"
"2574388714","144023353","0.75"
"144023353","2606436201","1.36667"
"2606436201","144023353","1.36667"
"144023353","2614818206","0.166667"
"2614818206","144023353","0.166667"
"1839587738","2051171366","1.57619"
"2051171366","1839587738","1.57619"
"1839587738","2095991627","0.85"
"2095991627","1839587738","0.85"
"1839587738","2574388714","0.1"
"2574388714","1839587738","0.1"
"1839587738","2606436201","0.1"
"2606436201","1839587738","0.1"
"1839587738","2614818206","0.1"
"2614818206","1839587738","0.1"
"1971356345","2051171366","0.57619"
"2051171366","1971356345","0.57619"
"1971356345","2095991627","0.242857"
"2095991627","1971356345","0.242857"
"1971356345","2574388714","1.15728"
"2574388714","1971356345","1.15728"
"1971356345","2606436201","0.823947"
"2606436201","1971356345","0.823947"
"1971356345","2614818206","1.77395"
"2614818206","1971356345","1.77395"
"2050767557","2051171366","1.57619"
"2051171366","2050767557","1.57619"
"2050767557","2095991627","0.1"
"2095991627","2050767557","0.1"
"2050767557","2574388714","1.17395"
"2574388714","2050767557","1.17395"
"2050767557","2606436201","0.923947"
"2606436201","2050767557","0.923947"
"2050767557","2614818206","1.79061"
"2614818206","2050767557","1.79061"
"2051171366","2095991627","0.1"
"2095991627","2051171366","0.1"
"2051171366","2128372630","0.1"
"2128372630","2051171366","0.1"
"2051171366","2574388714","0.6"
"2574388714","2051171366","0.6"
"2051171366","2606436201","0.6"
"2606436201","2051171366","0.6"
"2051171366","2614818206","0.1"
"2614818206","2051171366","0.1"
"2095991627","2128372630","4.32619"
"2128372630","2095991627","4.32619"
"2095991627","2574388714","0.1"
"2574388714","2095991627","0.1"
"2095991627","2606436201","0.1"
"2606436201","2095991627","0.1"
"2095991627","2614818206","0.1"
"2614818206","2095991627","0.1"
"2128372630","2574388714","1.8918"
"2574388714","2128372630","1.8918"
"2128372630","2606436201","1.19776"
"2606436201","2128372630","1.19776"
"2128372630","2614818206","0.697756"
"2614818206","2128372630","0.697756"
"2574388714","2606436201","12.2751"
"2606436201","2574388714","12.2751"
"2574388714","2614818206","6.9418"
"2614818206","2574388714","6.9418"
"2606436201","2614818206","12.3918"
"2614818206","2606436201","12.3918"
"142191673","2765158981","0.191667"
"2765158981","142191673","0.191667"
"142191673","2883604340","0.191667"
"2883604340","142191673","0.191667"
"1988176704","2574388714","3.09418"
"2574388714","1988176704","3.09418"
"1988176704","2606436201","5.60014"
"2606436201","1988176704","5.60014"
"1988176704","2614818206","3.8418"
"2614818206","1988176704","3.8418"
"1988176704","2765158981","3.50833"
"2765158981","1988176704","3.50833"
"1988176704","2883604340","1.73452"
"2883604340","1988176704","1.73452"
"2076774407","2574388714","0.125"
"2574388714","2076774407","0.125"
"2076774407","2606436201","0.125"
"2606436201","2076774407","0.125"
"2076774407","2614818206","0.375"
"2614818206","2076774407","0.375"
"2076774407","2765158981","0.125"
"2765158981","2076774407","0.125"
"2076774407","2883604340","0.125"
"2883604340","2076774407","0.125"
"2101416352","2574388714","0.93228"
"2574388714","2101416352","0.93228"
"2101416352","2606436201","1.18228"
"2606436201","2101416352","1.18228"
"2101416352","2614818206","1.47395"
"2614818206","2101416352","1.47395"
"2101416352","2765158981","0.941667"
"2765158981","2101416352","0.941667"
"2101416352","2883604340","0.334524"
"2883604340","2101416352","0.334524"
"2574388714","2765158981","3.625"
"2765158981","2574388714","3.625"
"2574388714","2883604340","2.18452"
"2883604340","2574388714","2.18452"
"2606436201","2765158981","14.1583"
"2765158981","2606436201","14.1583"
"2606436201","2883604340","6.88452"
"2883604340","2606436201","6.88452"
"2614818206","2765158981","14.6583"
"2765158981","2614818206","14.6583"
"2614818206","2883604340","19.8845"
"2883604340","2614818206","19.8845"
"2765158981","2883604340","12.9083"
"2883604340","2765158981","12.9083"
"142191673","1909870529","0.0666667"
"1909870529","142191673","0.0666667"
"142191673","2037995333","0.0666667"
"2037995333","142191673","0.0666667"
"142191673","2065593457","0.0666667"
"2065593457","142191673","0.0666667"
"142191673","2125048840","0.0666667"
"2125048840","142191673","0.0666667"
"142191673","2270043185","0.0666667"
"2270043185","142191673","0.0666667"
"142191673","2290145898","0.0666667"
"2290145898","142191673","0.0666667"
"142191673","2343475530","0.0666667"
"2343475530","142191673","0.0666667"
"144023353","1909870529","0.0666667"
"1909870529","144023353","0.0666667"
"144023353","2037995333","0.15"
"2037995333","144023353","0.15"
"144023353","2065593457","0.0666667"
"2065593457","144023353","0.0666667"
"144023353","2101416352","0.0666667"
"2101416352","144023353","0.0666667"
"144023353","2125048840","0.0666667"
"2125048840","144023353","0.0666667"
"144023353","2270043185","0.0666667"
"2270043185","144023353","0.0666667"
"144023353","2290145898","0.15"
"2290145898","144023353","0.15"
"144023353","2343475530","0.35"
"2343475530","144023353","0.35"
"144023353","2765158981","0.566667"
"2765158981","144023353","0.566667"
"144023353","2883604340","0.0666667"
"2883604340","144023353","0.0666667"
"1909870529","1971356345","0.0666667"
"1971356345","1909870529","0.0666667"
"1909870529","2037995333","0.0666667"
"2037995333","1909870529","0.0666667"
"1909870529","2065593457","0.266667"
"2065593457","1909870529","0.266667"
"1909870529","2101416352","0.766667"
"2101416352","1909870529","0.766667"
"1909870529","2125048840","0.266667"
"2125048840","1909870529","0.266667"
"1909870529","2270043185","0.0666667"
"2270043185","1909870529","0.0666667"
"1909870529","2290145898","0.0666667"
"2290145898","1909870529","0.0666667"
"1909870529","2343475530","0.0666667"
"2343475530","1909870529","0.0666667"
"1909870529","2574388714","0.0666667"
"2574388714","1909870529","0.0666667"
"1909870529","2606436201","0.0666667"
"2606436201","1909870529","0.0666667"
"1909870529","2614818206","0.0666667"
"2614818206","1909870529","0.0666667"
"1909870529","2765158981","0.0666667"
"2765158981","1909870529","0.0666667"
"1909870529","2883604340","0.0666667"
"2883604340","1909870529","0.0666667"
"1971356345","2037995333","1.62619"
"2037995333","1971356345","1.62619"
"1971356345","2065593457","0.0666667"
"2065593457","1971356345","0.0666667"
"1971356345","2125048840","1.06667"
"2125048840","1971356345","1.06667"
"1971356345","2270043185","0.334524"
"2270043185","1971356345","0.334524"
"1971356345","2290145898","0.316667"
"2290145898","1971356345","0.316667"
"1971356345","2343475530","0.15"
"2343475530","1971356345","0.15"
"1971356345","2765158981","0.0666667"
"2765158981","1971356345","0.0666667"
"1971356345","2883604340","0.0666667"
"2883604340","1971356345","0.0666667"
"2037995333","2065593457","0.0666667"
"2065593457","2037995333","0.0666667"
"2037995333","2101416352","0.209524"
"2101416352","2037995333","0.209524"
"2037995333","2125048840","0.0666667"
"2125048840","2037995333","0.0666667"
"2037995333","2270043185","0.0666667"
"2270043185","2037995333","0.0666667"
"2037995333","2290145898","0.15"
"2290145898","2037995333","0.15"
"2037995333","2343475530","0.15"
"2343475530","2037995333","0.15"
"2037995333","2574388714","0.316667"
"2574388714","2037995333","0.316667"
"2037995333","2606436201","0.733333"
"2606436201","2037995333","0.733333"
"2037995333","2614818206","0.233333"
"2614818206","2037995333","0.233333"
"2037995333","2765158981","0.233333"
"2765158981","2037995333","0.233333"
"2037995333","2883604340","0.233333"
"2883604340","2037995333","0.233333"
"2065593457","2101416352","0.266667"
"2101416352","2065593457","0.266667"
"2065593457","2125048840","0.266667"
"2125048840","2065593457","0.266667"
"2065593457","2270043185","0.0666667"
"2270043185","2065593457","0.0666667"
"2065593457","2290145898","0.0666667"
"2290145898","2065593457","0.0666667"
"2065593457","2343475530","0.0666667"
"2343475530","2065593457","0.0666667"
"2065593457","2574388714","0.0666667"
"2574388714","2065593457","0.0666667"
"2065593457","2606436201","0.0666667"
"2606436201","2065593457","0.0666667"
"2065593457","2614818206","0.0666667"
"2614818206","2065593457","0.0666667"
"2065593457","2765158981","0.0666667"
"2765158981","2065593457","0.0666667"
"2065593457","2883604340","0.0666667"
"2883604340","2065593457","0.0666667"
"2101416352","2125048840","0.466667"
"2125048840","2101416352","0.466667"
"2101416352","2270043185","0.15"
"2270043185","2101416352","0.15"
"2101416352","2290145898","1.06667"
"2290145898","2101416352","1.06667"
"2101416352","2343475530","0.0666667"
"2343475530","2101416352","0.0666667"
"2125048840","2270043185","0.0666667"
"2270043185","2125048840","0.0666667"
"2125048840","2290145898","0.0666667"
"2290145898","2125048840","0.0666667"
"2125048840","2343475530","0.0666667"
"2343475530","2125048840","0.0666667"
"2125048840","2574388714","0.0666667"
"2574388714","2125048840","0.0666667"
"2125048840","2606436201","0.0666667"
"2606436201","2125048840","0.0666667"
"2125048840","2614818206","0.0666667"
"2614818206","2125048840","0.0666667"
"2125048840","2765158981","0.0666667"
"2765158981","2125048840","0.0666667"
"2125048840","2883604340","0.0666667"
"2883604340","2125048840","0.0666667"
"2270043185","2290145898","0.0666667"
"2290145898","2270043185","0.0666667"
"2270043185","2343475530","0.0666667"
"2343475530","2270043185","0.0666667"
"2270043185","2574388714","1.07024"
"2574388714","2270043185","1.07024"
"2270043185","2606436201","0.209524"
"2606436201","2270043185","0.209524"
"2270043185","2614818206","0.209524"
"2614818206","2270043185","0.209524"
"2270043185","2765158981","0.0666667"
"2765158981","2270043185","0.0666667"
"2270043185","2883604340","0.0666667"
"2883604340","2270043185","0.0666667"
"2290145898","2343475530","0.15"
"2343475530","2290145898","0.15"
"2290145898","2574388714","1.31667"
"2574388714","2290145898","1.31667"
"2290145898","2606436201","6.23333"
"2606436201","2290145898","6.23333"
"2290145898","2614818206","0.733333"
"2614818206","2290145898","0.733333"
"2290145898","2765158981","0.0666667"
"2765158981","2290145898","0.0666667"
"2290145898","2883604340","0.566667"
"2883604340","2290145898","0.566667"
"2343475530","2574388714","1.15"
"2574388714","2343475530","1.15"
"2343475530","2606436201","0.266667"
"2606436201","2343475530","0.266667"
"2343475530","2614818206","0.0666667"
"2614818206","2343475530","0.0666667"
"2343475530","2765158981","0.0666667"
"2765158981","2343475530","0.0666667"
"2343475530","2883604340","0.0666667"
"2883604340","2343475530","0.0666667"
"144023353","1920944856","0.42619"
"1920944856","144023353","0.42619"
"144023353","1988176704","0.22619"
"1988176704","144023353","0.22619"
"144023353","2093153184","0.142857"
"2093153184","144023353","0.142857"
"1839587738","1920944856","0.267857"
"1920944856","1839587738","0.267857"
"1920944856","1971356345","0.35119"
"1971356345","1920944856","0.35119"
"1920944856","1988176704","0.434524"
"1988176704","1920944856","0.434524"
"1920944856","2050767557","0.22619"
"2050767557","1920944856","0.22619"
"1920944856","2051171366","0.142857"
"2051171366","1920944856","0.142857"
"1920944856","2093153184","0.142857"
"2093153184","1920944856","0.142857"
"1988176704","2051171366","0.642857"
"2051171366","1988176704","0.642857"
"2051171366","2093153184","0.142857"
"2093153184","2051171366","0.142857"
"144023353","1529416950","0.0833333"
"1529416950","144023353","0.0833333"
"144023353","2068453852","0.283333"
"2068453852","144023353","0.283333"
"144023353","2159699146","0.283333"
"2159699146","144023353","0.283333"
"144023353","2210833864","0.0833333"
"2210833864","144023353","0.0833333"
"1529416950","1920944856","0.208333"
"1920944856","1529416950","0.208333"
"1529416950","1971356345","0.208333"
"1971356345","1529416950","0.208333"
"1529416950","1988176704","2.40238"
"1988176704","1529416950","2.40238"
"1529416950","2037995333","0.0833333"
"2037995333","1529416950","0.0833333"
"1529416950","2068453852","2.90238"
"2068453852","1529416950","2.90238"
"1529416950","2128372630","3.40238"
"2128372630","1529416950","3.40238"
"1529416950","2159699146","0.767857"
"2159699146","1529416950","0.767857"
"1529416950","2210833864","0.0833333"
"2210833864","1529416950","0.0833333"
"1529416950","2290145898","0.0833333"
"2290145898","1529416950","0.0833333"
"1529416950","2343475530","0.0833333"
"2343475530","1529416950","0.0833333"
"1529416950","2574388714","1.19405"
"2574388714","1529416950","1.19405"
"1920944856","2037995333","0.0833333"
"2037995333","1920944856","0.0833333"
"1920944856","2068453852","0.408333"
"2068453852","1920944856","0.408333"
"1920944856","2128372630","0.208333"
"2128372630","1920944856","0.208333"
"1920944856","2159699146","0.283333"
"2159699146","1920944856","0.283333"
"1920944856","2210833864","0.0833333"
"2210833864","1920944856","0.0833333"
"1920944856","2290145898","0.0833333"
"2290145898","1920944856","0.0833333"
"1920944856","2343475530","0.283333"
"2343475530","1920944856","0.283333"
"1920944856","2574388714","0.166667"
"2574388714","1920944856","0.166667"
"1971356345","2068453852","0.741667"
"2068453852","1971356345","0.741667"
"1971356345","2159699146","1.02395"
"2159699146","1971356345","1.02395"
"1971356345","2210833864","4.50311"
"2210833864","1971356345","4.50311"
"1988176704","2037995333","0.72619"
"2037995333","1988176704","0.72619"
"1988176704","2068453852","6.81905"
"2068453852","1988176704","6.81905"
"1988176704","2159699146","1.75014"
"2159699146","1988176704","1.75014"
"1988176704","2210833864","7.35311"
"2210833864","1988176704","7.35311"
"1988176704","2290145898","0.0833333"
"2290145898","1988176704","0.0833333"
"1988176704","2343475530","0.0833333"
"2343475530","1988176704","0.0833333"
"2037995333","2068453852","0.0833333"
"2068453852","2037995333","0.0833333"
"2037995333","2128372630","0.72619"
"2128372630","2037995333","0.72619"
"2037995333","2159699146","0.0833333"
"2159699146","2037995333","0.0833333"
"2037995333","2210833864","0.22619"
"2210833864","2037995333","0.22619"
"2068453852","2128372630","3.90238"
"2128372630","2068453852","3.90238"
"2068453852","2159699146","0.967857"
"2159699146","2068453852","0.967857"
"2068453852","2210833864","0.333333"
"2210833864","2068453852","0.333333"
"2068453852","2290145898","0.0833333"
"2290145898","2068453852","0.0833333"
"2068453852","2343475530","0.283333"
"2343475530","2068453852","0.283333"
"2068453852","2574388714","1.19405"
"2574388714","2068453852","1.19405"
"2128372630","2159699146","1.28228"
"2159699146","2128372630","1.28228"
"2128372630","2210833864","2.06978"
"2210833864","2128372630","2.06978"
"2128372630","2290145898","0.25"
"2290145898","2128372630","0.25"
"2128372630","2343475530","0.0833333"
"2343475530","2128372630","0.0833333"
"2159699146","2210833864","0.160256"
"2210833864","2159699146","0.160256"
"2159699146","2290145898","0.0833333"
"2290145898","2159699146","0.0833333"
"2159699146","2343475530","0.283333"
"2343475530","2159699146","0.283333"
"2159699146","2574388714","1.25847"
"2574388714","2159699146","1.25847"
"2210833864","2290145898","0.0833333"
"2290145898","2210833864","0.0833333"
"2210833864","2343475530","0.0833333"
"2343475530","2210833864","0.0833333"
"2210833864","2574388714","0.160256"
"2574388714","2210833864","0.160256"
"1920944856","2606436201","0.533333"
"2606436201","1920944856","0.533333"
"2068453852","2606436201","0.2"
"2606436201","2068453852","0.2"
"2159699146","2606436201","0.690614"
"2606436201","2159699146","0.690614"
"1480937220","2162008374","3"
"2162008374","1480937220","3"
"1481444010","1576131575","3.33333"
"1576131575","1481444010","3.33333"
"1481444010","2115017921","0.333333"
"2115017921","1481444010","0.333333"
"1481444010","2146517105","0.333333"
"2146517105","1481444010","0.333333"
"1576131575","2115017921","0.75"
"2115017921","1576131575","0.75"
"1576131575","2146517105","0.833333"
"2146517105","1576131575","0.833333"
"2115017921","2146517105","9.83333"
"2146517105","2115017921","9.83333"
"1508643881","2115017921","1"
"2115017921","1508643881","1"
"1511125200","1576131575","0.333333"
"1576131575","1511125200","0.333333"
"1511125200","2026562765","0.333333"
"2026562765","1511125200","0.333333"
"1511125200","2481003398","0.333333"
"2481003398","1511125200","0.333333"
"1576131575","2026562765","0.75"
"2026562765","1576131575","0.75"
"1576131575","2481003398","0.333333"
"2481003398","1576131575","0.333333"
"2026562765","2481003398","14.6292"
"2481003398","2026562765","14.6292"
"1511125200","2098425968","0.5"
"2098425968","1511125200","0.5"
"1511125200","2101416352","0.5"
"2101416352","1511125200","0.5"
"2098425968","2101416352","3.03333"
"2101416352","2098425968","3.03333"
"1519775745","2095991627","0.833333"
"2095991627","1519775745","0.833333"
"1519775745","2128372630","3.89359"
"2128372630","1519775745","3.89359"
"1519775745","2101416352","2.69359"
"2101416352","1519775745","2.69359"
"1519775745","2146944094","1.14359"
"2146944094","1519775745","1.14359"
"2101416352","2146944094","1.42692"
"2146944094","2101416352","1.42692"
"2128372630","2146944094","1.91026"
"2146944094","2128372630","1.91026"
"1519775745","1839587738","1.73333"
"1839587738","1519775745","1.73333"
"1519775745","1972103417","0.2"
"1972103417","1519775745","0.2"
"1519775745","2210833864","5.01026"
"2210833864","1519775745","5.01026"
"1839587738","1972103417","0.95"
"1972103417","1839587738","0.95"
"1839587738","2210833864","2.28333"
"2210833864","1839587738","2.28333"
"1972103417","2101416352","5.95"
"2101416352","1972103417","5.95"
"1972103417","2128372630","0.95"
"2128372630","1972103417","0.95"
"1972103417","2210833864","0.366667"
"2210833864","1972103417","0.366667"
"2101416352","2210833864","1.88645"
"2210833864","2101416352","1.88645"
"1519775745","1971356345","3.13526"
"1971356345","1519775745","3.13526"
"1519775745","1988176704","4.40192"
"1988176704","1519775745","4.40192"
"1519775745","2068453852","1.7"
"2068453852","1519775745","1.7"
"1519775745","1890932832","0.2"
"1890932832","1519775745","0.2"
"1890932832","1971356345","0.4"
"1971356345","1890932832","0.4"
"1890932832","1988176704","0.2"
"1988176704","1890932832","0.2"
"1890932832","2146944094","0.4"
"2146944094","1890932832","0.4"
"1890932832","2210833864","0.4"
"2210833864","1890932832","0.4"
"1971356345","2146944094","2.82692"
"2146944094","1971356345","2.82692"
"1988176704","2146944094","6.96026"
"2146944094","1988176704","6.96026"
"2146944094","2210833864","1.69359"
"2210833864","2146944094","1.69359"
"1519775745","2133160781","0.2"
"2133160781","1519775745","0.2"
"1839587738","2133160781","0.2"
"2133160781","1839587738","0.2"
"1971356345","2133160781","1.2625"
"2133160781","1971356345","1.2625"
"2128372630","2133160781","2.92917"
"2133160781","2128372630","2.92917"
"2133160781","2210833864","0.2"
"2210833864","2133160781","0.2"
"1519775745","1529416950","0.5"
"1529416950","1519775745","0.5"
"1529416950","1839587738","0.625"
"1839587738","1529416950","0.625"
"1519775745","1911131141","0.2"
"1911131141","1519775745","0.2"
"1519775745","2050767557","2.56859"
"2050767557","1519775745","2.56859"
"1911131141","2068453852","0.533333"
"2068453852","1911131141","0.533333"
"1911131141","2146944094","1.53333"
"2146944094","1911131141","1.53333"
"2050767557","2068453852","0.866667"
"2068453852","2050767557","0.866667"
"2050767557","2146944094","1.89359"
"2146944094","2050767557","1.89359"
"2068453852","2146944094","1.28333"
"2146944094","2068453852","1.28333"
"2050767557","2210833864","0.94359"
"2210833864","2050767557","0.94359"
"2095991627","2101416352","3.05952"
"2101416352","2095991627","3.05952"
"1519775745","2014582273","0.0769231"
"2014582273","1519775745","0.0769231"
"1519775745","2159699146","0.201923"
"2159699146","1519775745","0.201923"
"1519775745","2162008374","0.201923"
"2162008374","1519775745","0.201923"
"1519775745","2574388714","0.201923"
"2574388714","1519775745","0.201923"
"1519775745","2606436201","0.201923"
"2606436201","1519775745","0.201923"
"1519775745","2614818206","0.201923"
"2614818206","1519775745","0.201923"
"1971356345","2014582273","0.0769231"
"2014582273","1971356345","0.0769231"
"1988176704","2014582273","0.160256"
"2014582273","1988176704","0.160256"
"2014582273","2050767557","0.0769231"
"2050767557","2014582273","0.0769231"
"2014582273","2101416352","0.160256"
"2101416352","2014582273","0.160256"
"2014582273","2128372630","0.160256"
"2128372630","2014582273","0.160256"
"2014582273","2146944094","0.0769231"
"2146944094","2014582273","0.0769231"
"2014582273","2159699146","0.0769231"
"2159699146","2014582273","0.0769231"
"2014582273","2162008374","0.0769231"
"2162008374","2014582273","0.0769231"
"2014582273","2210833864","0.0769231"
"2210833864","2014582273","0.0769231"
"2014582273","2574388714","0.160256"
"2574388714","2014582273","0.160256"
"2014582273","2606436201","0.0769231"
"2606436201","2014582273","0.0769231"
"2014582273","2614818206","0.0769231"
"2614818206","2014582273","0.0769231"
"2050767557","2159699146","0.940614"
"2159699146","2050767557","0.940614"
"2101416352","2159699146","0.964423"
"2159699146","2101416352","0.964423"
"2146944094","2159699146","0.0769231"
"2159699146","2146944094","0.0769231"
"2146944094","2162008374","0.0769231"
"2162008374","2146944094","0.0769231"
"2146944094","2574388714","0.0769231"
"2574388714","2146944094","0.0769231"
"2146944094","2606436201","0.0769231"
"2606436201","2146944094","0.0769231"
"2146944094","2614818206","0.326923"
"2614818206","2146944094","0.326923"
"2159699146","2162008374","0.222756"
"2162008374","2159699146","0.222756"
"2159699146","2614818206","0.940614"
"2614818206","2159699146","0.940614"
"2162008374","2210833864","0.0769231"
"2210833864","2162008374","0.0769231"
"2162008374","2574388714","0.30609"
"2574388714","2162008374","0.30609"
"2162008374","2606436201","0.50609"
"2606436201","2162008374","0.50609"
"2162008374","2614818206","0.63109"
"2614818206","2162008374","0.63109"
"2210833864","2606436201","0.0769231"
"2606436201","2210833864","0.0769231"
"2210833864","2614818206","0.0769231"
"2614818206","2210833864","0.0769231"
"1519775745","2026562765","0.125"
"2026562765","1519775745","0.125"
"1519775745","2082105708","0.125"
"2082105708","1519775745","0.125"
"1519775745","2095700816","0.125"
"2095700816","1519775745","0.125"
"1519775745","2121677895","0.125"
"2121677895","1519775745","0.125"
"1988176704","2082105708","0.267857"
"2082105708","1988176704","0.267857"
"2026562765","2082105708","0.458333"
"2082105708","2026562765","0.458333"
"2082105708","2095700816","0.125"
"2095700816","2082105708","0.125"
"2082105708","2101416352","0.267857"
"2101416352","2082105708","0.267857"
"2082105708","2121677895","0.125"
"2121677895","2082105708","0.125"
"2082105708","2128372630","0.267857"
"2128372630","2082105708","0.267857"
"2082105708","2162008374","0.125"
"2162008374","2082105708","0.125"
"1529416950","2050767557","2"
"2050767557","1529416950","2"
"1529416950","2270043185","0.985714"
"2270043185","1529416950","0.985714"
"1988176704","2270043185","3.12857"
"2270043185","1988176704","3.12857"
"2068453852","2270043185","0.985714"
"2270043185","2068453852","0.985714"
"2128372630","2270043185","0.985714"
"2270043185","2128372630","0.985714"
"2159699146","2270043185","0.577381"
"2270043185","2159699146","0.577381"
"1529416950","2014582273","0.0833333"
"2014582273","1529416950","0.0833333"
"1529416950","2026562765","0.494048"
"2026562765","1529416950","0.494048"
"1529416950","2095700816","0.35119"
"2095700816","1529416950","0.35119"
"1529416950","2101416352","0.0833333"
"2101416352","1529416950","0.0833333"
"1529416950","2102659003","0.0833333"
"2102659003","1529416950","0.0833333"
"1529416950","2121677895","0.0833333"
"2121677895","1529416950","0.0833333"
"1529416950","2133160781","0.0833333"
"2133160781","1529416950","0.0833333"
"1988176704","2102659003","0.0833333"
"2102659003","1988176704","0.0833333"
"1988176704","2133160781","0.9375"
"2133160781","1988176704","0.9375"
"2014582273","2026562765","0.0833333"
"2026562765","2014582273","0.0833333"
"2014582273","2068453852","0.0833333"
"2068453852","2014582273","0.0833333"
"2014582273","2095700816","0.416667"
"2095700816","2014582273","0.416667"
"2014582273","2102659003","0.0833333"
"2102659003","2014582273","0.0833333"
"2014582273","2121677895","0.0833333"
"2121677895","2014582273","0.0833333"
"2014582273","2133160781","0.0833333"
"2133160781","2014582273","0.0833333"
"2014582273","2270043185","0.0833333"
"2270043185","2014582273","0.0833333"
"2026562765","2068453852","0.494048"
"2068453852","2026562765","0.494048"
"2026562765","2102659003","0.0833333"
"2102659003","2026562765","0.0833333"
"2026562765","2133160781","0.520833"
"2133160781","2026562765","0.520833"
"2026562765","2270043185","0.494048"
"2270043185","2026562765","0.494048"
"2026562765","2574388714","0.723214"
"2574388714","2026562765","0.723214"
"2068453852","2095700816","0.35119"
"2095700816","2068453852","0.35119"
"2068453852","2101416352","4.41667"
"2101416352","2068453852","4.41667"
"2068453852","2102659003","0.0833333"
"2102659003","2068453852","0.0833333"
"2068453852","2121677895","0.0833333"
"2121677895","2068453852","0.0833333"
"2068453852","2133160781","0.0833333"
"2133160781","2068453852","0.0833333"
"2095700816","2102659003","0.0833333"
"2102659003","2095700816","0.0833333"
"2095700816","2133160781","1.08036"
"2133160781","2095700816","1.08036"
"2095700816","2270043185","0.35119"
"2270043185","2095700816","0.35119"
"2095700816","2574388714","0.66369"
"2574388714","2095700816","0.66369"
"2101416352","2102659003","0.0833333"
"2102659003","2101416352","0.0833333"
"2101416352","2133160781","0.604167"
"2133160781","2101416352","0.604167"
"2102659003","2121677895","0.0833333"
"2121677895","2102659003","0.0833333"
"2102659003","2128372630","0.0833333"
"2128372630","2102659003","0.0833333"
"2102659003","2133160781","0.0833333"
"2133160781","2102659003","0.0833333"
"2102659003","2270043185","0.0833333"
"2270043185","2102659003","0.0833333"
"2102659003","2574388714","0.0833333"
"2574388714","2102659003","0.0833333"
"2121677895","2133160781","0.9375"
"2133160781","2121677895","0.9375"
"2121677895","2270043185","0.0833333"
"2270043185","2121677895","0.0833333"
"2121677895","2574388714","0.395833"
"2574388714","2121677895","0.395833"
"2133160781","2270043185","0.0833333"
"2270043185","2133160781","0.0833333"
"2133160781","2574388714","0.3125"
"2574388714","2133160781","0.3125"
"2026562765","2159699146","0.580357"
"2159699146","2026562765","0.580357"
"2095700816","2159699146","0.520833"
"2159699146","2095700816","0.520833"
"1529416950","1546168389","0.125"
"1546168389","1529416950","0.125"
"1546168389","1839587738","0.125"
"1839587738","1546168389","0.125"
"1546168389","1920944856","0.125"
"1920944856","1546168389","0.125"
"1546168389","1971356345","0.125"
"1971356345","1546168389","0.125"
"1546168389","1988176704","0.125"
"1988176704","1546168389","0.125"
"1546168389","2068453852","0.125"
"2068453852","1546168389","0.125"
"1546168389","2128372630","0.125"
"2128372630","1546168389","0.125"
"1546168389","2270043185","0.125"
"2270043185","1546168389","0.125"
"1839587738","2068453852","0.375"
"2068453852","1839587738","0.375"
"1839587738","2270043185","0.125"
"2270043185","1839587738","0.125"
"1920944856","2270043185","0.125"
"2270043185","1920944856","0.125"
"1546972227","2095700816","11.4833"
"2095700816","1546972227","11.4833"
"1546972227","2121677895","9.98333"
"2121677895","1546972227","9.98333"
"1546972227","2113895105","1.41667"
"2113895105","1546972227","1.41667"
"2095700816","2113895105","8.25"
"2113895105","2095700816","8.25"
"2113895105","2121677895","2.58333"
"2121677895","2113895105","2.58333"
"1546972227","1583082330","0.4"
"1583082330","1546972227","0.4"
"1546972227","2026562765","1.4"
"2026562765","1546972227","1.4"
"1546972227","2481003398","0.4"
"2481003398","1546972227","0.4"
"1583082330","2026562765","10.5458"
"2026562765","1583082330","10.5458"
"1583082330","2095700816","1.29583"
"2095700816","1583082330","1.29583"
"1583082330","2121677895","0.795833"
"2121677895","1583082330","0.795833"
"1583082330","2481003398","125.272"
"2481003398","1583082330","125.272"
"2095700816","2481003398","1.79583"
"2481003398","2095700816","1.79583"
"2121677895","2481003398","0.795833"
"2481003398","2121677895","0.795833"
"1546972227","2009684177","0.666667"
"2009684177","1546972227","0.666667"
"2009684177","2095700816","10.5"
"2095700816","2009684177","10.5"
"2009684177","2121677895","7.16667"
"2121677895","2009684177","7.16667"
"1546972227","2245114113","0.5"
"2245114113","1546972227","0.5"
"2121677895","2245114113","0.5"
"2245114113","2121677895","0.5"
"1546972227","1920944856","0.0833333"
"1920944856","1546972227","0.0833333"
"1546972227","1988176704","0.0833333"
"1988176704","1546972227","0.0833333"
"1546972227","2050767557","0.0833333"
"2050767557","1546972227","0.0833333"
"1546972227","2101416352","0.0833333"
"2101416352","1546972227","0.0833333"
"1546972227","2133160781","0.0833333"
"2133160781","1546972227","0.0833333"
"1546972227","2138735301","0.0833333"
"2138735301","1546972227","0.0833333"
"1546972227","2574388714","0.0833333"
"2574388714","1546972227","0.0833333"
"1546972227","2606436201","0.0833333"
"2606436201","1546972227","0.0833333"
"1546972227","64266175","0.0833333"
"64266175","1546972227","0.0833333"
"1920944856","2095700816","0.0833333"
"2095700816","1920944856","0.0833333"
"1920944856","2101416352","0.0833333"
"2101416352","1920944856","0.0833333"
"1920944856","2113895105","0.0833333"
"2113895105","1920944856","0.0833333"
"1920944856","2121677895","0.0833333"
"2121677895","1920944856","0.0833333"
"1920944856","2133160781","0.0833333"
"2133160781","1920944856","0.0833333"
"1920944856","2138735301","0.0833333"
"2138735301","1920944856","0.0833333"
"1920944856","64266175","0.0833333"
"64266175","1920944856","0.0833333"
"1988176704","2113895105","0.0833333"
"2113895105","1988176704","0.0833333"
"1988176704","2138735301","0.0833333"
"2138735301","1988176704","0.0833333"
"1988176704","64266175","0.0833333"
"64266175","1988176704","0.0833333"
"2050767557","2113895105","0.0833333"
"2113895105","2050767557","0.0833333"
"2050767557","2133160781","0.229167"
"2133160781","2050767557","0.229167"
"2050767557","2138735301","0.0833333"
"2138735301","2050767557","0.0833333"
"2050767557","64266175","0.0833333"
"64266175","2050767557","0.0833333"
"2095700816","2138735301","0.0833333"
"2138735301","2095700816","0.0833333"
"2095700816","2606436201","0.3125"
"2606436201","2095700816","0.3125"
"2095700816","64266175","0.916667"
"64266175","2095700816","0.916667"
"2101416352","2113895105","0.0833333"
"2113895105","2101416352","0.0833333"
"2101416352","2138735301","0.0833333"
"2138735301","2101416352","0.0833333"
"2101416352","64266175","0.0833333"
"64266175","2101416352","0.0833333"
"2113895105","2133160781","0.0833333"
"2133160781","2113895105","0.0833333"
"2113895105","2138735301","0.0833333"
"2138735301","2113895105","0.0833333"
"2113895105","2574388714","0.0833333"
"2574388714","2113895105","0.0833333"
"2113895105","2606436201","0.0833333"
"2606436201","2113895105","0.0833333"
"2113895105","64266175","0.416667"
"64266175","2113895105","0.416667"
"2121677895","2138735301","0.0833333"
"2138735301","2121677895","0.0833333"
"2121677895","2606436201","0.3125"
"2606436201","2121677895","0.3125"
"2121677895","64266175","0.916667"
"64266175","2121677895","0.916667"
"2133160781","2138735301","4.08333"
"2138735301","2133160781","4.08333"
"2133160781","2606436201","0.229167"
"2606436201","2133160781","0.229167"
"2133160781","64266175","0.0833333"
"64266175","2133160781","0.0833333"
"2138735301","2574388714","0.0833333"
"2574388714","2138735301","0.0833333"
"2138735301","2606436201","0.0833333"
"2606436201","2138735301","0.0833333"
"2138735301","64266175","0.0833333"
"64266175","2138735301","0.0833333"
"2574388714","64266175","0.0833333"
"64266175","2574388714","0.0833333"
"2606436201","64266175","0.0833333"
"64266175","2606436201","0.0833333"
"1555625052","1911131141","1"
"1911131141","1555625052","1"
"1555625052","2146944094","1"
"2146944094","1555625052","1"
"1576131575","2101416352","0.833333"
"2101416352","1576131575","0.833333"
"1576131575","2128372630","0.5"
"2128372630","1576131575","0.5"
"1576131575","1590098239","0.142857"
"1590098239","1576131575","0.142857"
"1576131575","1625684471","0.142857"
"1625684471","1576131575","0.142857"
"1576131575","2026315848","0.309524"
"2026315848","1576131575","0.309524"
"1576131575","2095700816","0.47619"
"2095700816","1576131575","0.47619"
