"1920764510","1974788626","2.0943"
"1974788626","1920764510","2.0943"
"1920764510","1980973085","1.42763"
"1980973085","1920764510","1.42763"
"1920764510","1986703974","0.32287"
"1986703974","1920764510","0.32287"
"1920764510","1991542498","0.32287"
"1991542498","1920764510","0.32287"
"1920764510","1997035197","0.32287"
"1997035197","1920764510","0.32287"
"1920764510","2008708211","1.0318"
"2008708211","1920764510","1.0318"
"1920764510","2033317745","0.227632"
"2033317745","1920764510","0.227632"
"1920764510","2039113556","0.227632"
"2039113556","1920764510","0.227632"
"1920764510","2044345951","0.32287"
"2044345951","1920764510","0.32287"
"1920764510","2059108713","0.665727"
"2059108713","1920764510","0.665727"
"1920764510","2154898948","0.465727"
"2154898948","1920764510","0.465727"
"1920764510","2188214996","0.465727"
"2188214996","1920764510","0.465727"
"1920764510","2295388031","0.465727"
"2295388031","1920764510","0.465727"
"1920764510","2320818762","0.929167"
"2320818762","1920764510","0.929167"
"1920764510","2550618198","0.0625"
"2550618198","1920764510","0.0625"
"1920764510","347478911","0.465727"
"347478911","1920764510","0.465727"
"1974788626","1980973085","3.42168"
"1980973085","1974788626","3.42168"
"1974788626","1986703974","1.1193"
"1986703974","1974788626","1.1193"
"1974788626","1991542498","0.310965"
"1991542498","1974788626","0.310965"
"1974788626","1997035197","0.410965"
"1997035197","1974788626","0.410965"
"1974788626","2008708211","8.60918"
"2008708211","1974788626","8.60918"
"1974788626","2033317745","1.77168"
"2033317745","1974788626","1.77168"
"1974788626","2039113556","2.27168"
"2039113556","1974788626","2.27168"
"1974788626","2044345951","0.410965"
"2044345951","1974788626","0.410965"
"1974788626","2059108713","1.85501"
"2059108713","1974788626","1.85501"
"1974788626","2154898948","0.227632"
"2154898948","1974788626","0.227632"
"1974788626","2188214996","0.560965"
"2188214996","1974788626","0.560965"
"1974788626","2295388031","0.227632"
"2295388031","1974788626","0.227632"
"1974788626","2320818762","4.00655"
"2320818762","1974788626","4.00655"
"1974788626","2550618198","0.0625"
"2550618198","1974788626","0.0625"
"1974788626","347478911","0.477632"
"347478911","1974788626","0.477632"
"1980973085","1986703974","1.3693"
"1986703974","1980973085","1.3693"
"1980973085","1991542498","0.453822"
"1991542498","1980973085","0.453822"
"1980973085","1997035197","0.660965"
"1997035197","1980973085","0.660965"
"1980973085","2008708211","3.35918"
"2008708211","1980973085","3.35918"
"1980973085","2033317745","1.77168"
"2033317745","1980973085","1.77168"
"1980973085","2039113556","2.02168"
"2039113556","1980973085","2.02168"
"1980973085","2044345951","0.410965"
"2044345951","1980973085","0.410965"
"1980973085","2059108713","1.60501"
"2059108713","1980973085","1.60501"
"1980973085","2154898948","0.227632"
"2154898948","1980973085","0.227632"
"1980973085","2188214996","0.370489"
"2188214996","1980973085","0.370489"
"1980973085","2295388031","0.370489"
"2295388031","1980973085","0.370489"
"1980973085","2320818762","3.00655"
"2320818762","1980973085","3.00655"
"1980973085","2550618198","0.0625"
"2550618198","1980973085","0.0625"
"1980973085","347478911","0.620489"
"347478911","1980973085","0.620489"
"1986703974","1991542498","0.739536"
"1991542498","1986703974","0.739536"
"1986703974","1997035197","8.42287"
"1997035197","1986703974","8.42287"
"1986703974","2008708211","1.39013"
"2008708211","1986703974","1.39013"
"1986703974","2033317745","0.869298"
"2033317745","1986703974","0.869298"
"1986703974","2039113556","1.45263"
"2039113556","1986703974","1.45263"
"1986703974","2044345951","1.0062"
"2044345951","1986703974","1.0062"
"1986703974","2059108713","1.96454"
"2059108713","1986703974","1.96454"
"1986703974","2154898948","0.989536"
"2154898948","1986703974","0.989536"
"1986703974","2188214996","0.32287"
"2188214996","1986703974","0.32287"
"1986703974","2295388031","0.82287"
"2295388031","1986703974","0.82287"
"1986703974","2320818762","0.704167"
"2320818762","1986703974","0.704167"
"1986703974","2550618198","0.0625"
"2550618198","1986703974","0.0625"
"1986703974","347478911","0.739536"
"347478911","1986703974","0.739536"
"1991542498","1997035197","0.406203"
"1997035197","1991542498","0.406203"
"1991542498","2008708211","0.248465"
"2008708211","1991542498","0.248465"
"1991542498","2033317745","1.81096"
"2033317745","1991542498","1.81096"
"1991542498","2039113556","0.310965"
"2039113556","1991542498","0.310965"
"1991542498","2044345951","1.23954"
"2044345951","1991542498","1.23954"
"1991542498","2059108713","0.406203"
"2059108713","1991542498","0.406203"
"1991542498","2154898948","0.32287"
"2154898948","1991542498","0.32287"
"1991542498","2188214996","0.465727"
"2188214996","1991542498","0.465727"
"1991542498","2295388031","0.465727"
"2295388031","1991542498","0.465727"
"1991542498","2320818762","0.145833"
"2320818762","1991542498","0.145833"
"1991542498","2550618198","0.0625"
"2550618198","1991542498","0.0625"
"1991542498","347478911","0.465727"
"347478911","1991542498","0.465727"
"1997035197","2008708211","1.04846"
"2008708211","1997035197","1.04846"
"1997035197","2033317745","2.41096"
"2033317745","1997035197","2.41096"
"1997035197","2039113556","0.410965"
"2039113556","1997035197","0.410965"
"1997035197","2044345951","1.67287"
"2044345951","1997035197","1.67287"
"1997035197","2059108713","26.6229"
"2059108713","1997035197","26.6229"
"1997035197","2154898948","1.48954"
"2154898948","1997035197","1.48954"
"1997035197","2188214996","0.32287"
"2188214996","1997035197","0.32287"
"1997035197","2295388031","0.82287"
"2295388031","1997035197","0.82287"
"1997035197","2320818762","0.245833"
"2320818762","1997035197","0.245833"
"1997035197","2550618198","0.7625"
"2550618198","1997035197","0.7625"
"1997035197","347478911","2.8062"
"347478911","1997035197","2.8062"
"2008708211","2033317745","1.768"
"2033317745","2008708211","1.768"
"2008708211","2039113556","2.54251"
"2039113556","2008708211","2.54251"
"2008708211","2044345951","0.407288"
"2044345951","2008708211","0.407288"
"2008708211","2059108713","4.32585"
"2059108713","2008708211","4.32585"
"2008708211","2154898948","0.723955"
"2154898948","2008708211","0.723955"
"2008708211","2188214996","0.223955"
"2188214996","2008708211","0.223955"
"2008708211","2295388031","0.223955"
"2295388031","2008708211","0.223955"
"2008708211","2320818762","5.00655"
"2320818762","2008708211","5.00655"
"2008708211","2550618198","0.0625"
"2550618198","2008708211","0.0625"
"2008708211","347478911","0.673955"
"347478911","2008708211","0.673955"
"2033317745","2039113556","1.77168"
"2039113556","2033317745","1.77168"
"2033317745","2044345951","2.96979"
"2044345951","2033317745","2.96979"
"2033317745","2059108713","1.40501"
"2059108713","2033317745","1.40501"
"2033317745","2154898948","0.286455"
"2154898948","2033317745","0.286455"
"2033317745","2188214996","0.286455"
"2188214996","2033317745","0.286455"
"2033317745","2295388031","0.286455"
"2295388031","2033317745","0.286455"
"2033317745","2320818762","1.60655"
"2320818762","2033317745","1.60655"
"2033317745","2550618198","0.0625"
"2550618198","2033317745","0.0625"
"2033317745","347478911","0.286455"
"347478911","2033317745","0.286455"
"2039113556","2044345951","0.410965"
"2044345951","2039113556","0.410965"
"2039113556","2059108713","1.98835"
"2059108713","2039113556","1.98835"
"2039113556","2154898948","0.227632"
"2154898948","2039113556","0.227632"
"2039113556","2188214996","0.227632"
"2188214996","2039113556","0.227632"
"2039113556","2295388031","0.227632"
"2295388031","2039113556","0.227632"
"2039113556","2320818762","2.10655"
"2320818762","2039113556","2.10655"
"2039113556","2550618198","0.0625"
"2550618198","2039113556","0.0625"
"2039113556","347478911","0.477632"
"347478911","2039113556","0.477632"
"2044345951","2059108713","0.67287"
"2059108713","2044345951","0.67287"
"2044345951","2154898948","0.54836"
"2154898948","2044345951","0.54836"
"2044345951","2188214996","0.381693"
"2188214996","2044345951","0.381693"
"2044345951","2295388031","0.381693"
"2295388031","2044345951","0.381693"
"2044345951","2320818762","0.245833"
"2320818762","2044345951","0.245833"
"2044345951","2550618198","0.0625"
"2550618198","2044345951","0.0625"
"2044345951","347478911","0.54836"
"347478911","2044345951","0.54836"
"2059108713","2154898948","0.79906"
"2154898948","2059108713","0.79906"
"2059108713","2188214996","0.715727"
"2188214996","2059108713","0.715727"
"2059108713","2295388031","0.715727"
"2295388031","2059108713","0.715727"
"2059108713","2320818762","1.43988"
"2320818762","2059108713","1.43988"
"2059108713","2550618198","0.729167"
"2550618198","2059108713","0.729167"
"2059108713","347478911","5.66573"
"347478911","2059108713","5.66573"
"2154898948","2188214996","1.20551"
"2188214996","2154898948","1.20551"
"2154898948","2295388031","7.35551"
"2295388031","2154898948","7.35551"
"2154898948","2320818762","0.0625"
"2320818762","2154898948","0.0625"
"2154898948","2550618198","0.229167"
"2550618198","2154898948","0.229167"
"2154898948","347478911","1.37218"
"347478911","2154898948","1.37218"
"2188214996","2295388031","1.49837"
"2295388031","2188214996","1.49837"
"2188214996","2320818762","0.0625"
"2320818762","2188214996","0.0625"
"2188214996","2550618198","0.0625"
"2550618198","2188214996","0.0625"
"2188214996","347478911","1.74123"
"347478911","2188214996","1.74123"
"2295388031","2320818762","0.0625"
"2320818762","2295388031","0.0625"
"2295388031","2550618198","0.0625"
"2550618198","2295388031","0.0625"
"2295388031","347478911","1.49837"
"347478911","2295388031","1.49837"
"2320818762","2550618198","0.0625"
"2550618198","2320818762","0.0625"
"2320818762","347478911","0.0625"
"347478911","2320818762","0.0625"
"2550618198","347478911","0.429167"
"347478911","2550618198","0.429167"
"1920764510","2005416890","0.269298"
"2005416890","1920764510","0.269298"
"1920764510","2050682326","0.166667"
"2050682326","1920764510","0.166667"
"1974788626","2005416890","1.30263"
"2005416890","1974788626","1.30263"
"1974788626","2050682326","0.366667"
"2050682326","1974788626","0.366667"
"1980973085","2005416890","1.44549"
"2005416890","1980973085","1.44549"
"1980973085","2050682326","0.366667"
"2050682326","1980973085","0.366667"
"2005416890","2008708211","1.30263"
"2008708211","2005416890","1.30263"
"2005416890","2050682326","0.366667"
"2050682326","2005416890","0.366667"
"2005416890","2320818762","1.7"
"2320818762","2005416890","1.7"
"2008708211","2050682326","0.366667"
"2050682326","2008708211","0.366667"
"2050682326","2320818762","0.366667"
"2320818762","2050682326","0.366667"
"1920764510","2461236963","0.403227"
"2461236963","1920764510","0.403227"
"1920764510","2518171709","0.403227"
"2518171709","1920764510","0.403227"
"1920764510","2540140736","0.14787"
"2540140736","1920764510","0.14787"
"1920764510","2567736956","0.340727"
"2567736956","1920764510","0.340727"
"1974788626","2461236963","0.498465"
"2461236963","1974788626","0.498465"
"1974788626","2518171709","0.165132"
"2518171709","1974788626","0.165132"
"1974788626","2540140736","0.385965"
"2540140736","1974788626","0.385965"
"1974788626","2567736956","0.102632"
"2567736956","1974788626","0.102632"
"1980973085","2461236963","0.307989"
"2461236963","1980973085","0.307989"
"1980973085","2518171709","0.307989"
"2518171709","1980973085","0.307989"
"1980973085","2540140736","0.0526316"
"2540140736","1980973085","0.0526316"
"1980973085","2567736956","0.102632"
"2567736956","1980973085","0.102632"
"1986703974","2005416890","0.519298"
"2005416890","1986703974","0.519298"
"1986703974","2461236963","0.427036"
"2461236963","1986703974","0.427036"
"1986703974","2518171709","0.26037"
"2518171709","1986703974","0.26037"
"1986703974","2540140736","0.14787"
"2540140736","1986703974","0.14787"
"1986703974","2567736956","0.44787"
"2567736956","1986703974","0.44787"
"1991542498","2005416890","0.328822"
"2005416890","1991542498","0.328822"
"1991542498","2461236963","0.403227"
"2461236963","1991542498","0.403227"
"1991542498","2518171709","0.403227"
"2518171709","1991542498","0.403227"
"1991542498","2540140736","0.14787"
"2540140736","1991542498","0.14787"
"1991542498","2567736956","0.19787"
"2567736956","1991542498","0.19787"
"1997035197","2005416890","0.185965"
"2005416890","1997035197","0.185965"
"1997035197","2461236963","4.91037"
"2461236963","1997035197","4.91037"
"1997035197","2518171709","1.2437"
"2518171709","1997035197","1.2437"
"1997035197","2540140736","1.76454"
"2540140736","1997035197","1.76454"
"1997035197","2567736956","0.44787"
"2567736956","1997035197","0.44787"
"2005416890","2033317745","0.935965"
"2033317745","2005416890","0.935965"
"2005416890","2039113556","1.43596"
"2039113556","2005416890","1.43596"
"2005416890","2044345951","0.185965"
"2044345951","2005416890","0.185965"
"2005416890","2059108713","0.935965"
"2059108713","2005416890","0.935965"
"2005416890","2154898948","0.269298"
"2154898948","2005416890","0.269298"
"2005416890","2188214996","0.245489"
"2188214996","2005416890","0.245489"
"2005416890","2295388031","0.245489"
"2295388031","2005416890","0.245489"
"2005416890","2461236963","0.412155"
"2461236963","2005416890","0.412155"
"2005416890","2518171709","0.412155"
"2518171709","2005416890","0.412155"
"2005416890","2540140736","0.219298"
"2540140736","2005416890","0.219298"
"2005416890","2567736956","0.102632"
"2567736956","2005416890","0.102632"
"2005416890","347478911","0.245489"
"347478911","2005416890","0.245489"
"2008708211","2461236963","0.361455"
"2461236963","2008708211","0.361455"
"2008708211","2518171709","0.361455"
"2518171709","2008708211","0.361455"
"2008708211","2540140736","0.0526316"
"2540140736","2008708211","0.0526316"
"2008708211","2567736956","0.161455"
"2567736956","2008708211","0.161455"
"2033317745","2461236963","0.223955"
"2461236963","2033317745","0.223955"
"2033317745","2518171709","0.223955"
"2518171709","2033317745","0.223955"
"2033317745","2540140736","0.0526316"
"2540140736","2033317745","0.0526316"
"2033317745","2567736956","0.161455"
"2567736956","2033317745","0.161455"
"2039113556","2461236963","0.165132"
"2461236963","2039113556","0.165132"
"2039113556","2518171709","0.165132"
"2518171709","2039113556","0.165132"
"2039113556","2540140736","0.0526316"
"2540140736","2039113556","0.0526316"
"2039113556","2567736956","0.102632"
"2567736956","2039113556","0.102632"
"2044345951","2461236963","0.48586"
"2461236963","2044345951","0.48586"
"2044345951","2518171709","0.319193"
"2518171709","2044345951","0.319193"
"2044345951","2540140736","0.14787"
"2540140736","2044345951","0.14787"
"2044345951","2567736956","0.256693"
"2567736956","2044345951","0.256693"
"2059108713","2461236963","8.01989"
"2461236963","2059108713","8.01989"
"2059108713","2518171709","3.10323"
"2518171709","2059108713","3.10323"
"2059108713","2540140736","3.81454"
"2540140736","2059108713","3.81454"
"2059108713","2567736956","0.340727"
"2567736956","2059108713","0.340727"
"2154898948","2461236963","1.47635"
"2461236963","2154898948","1.47635"
"2154898948","2518171709","1.30968"
"2518171709","2154898948","1.30968"
"2154898948","2540140736","0.314536"
"2540140736","2154898948","0.314536"
"2154898948","2567736956","6.08051"
"2567736956","2154898948","6.08051"
"2188214996","2461236963","2.01206"
"2461236963","2188214996","2.01206"
"2188214996","2518171709","1.28587"
"2518171709","2188214996","1.28587"
"2188214996","2540140736","0.62406"
"2540140736","2188214996","0.62406"
"2188214996","2567736956","1.22337"
"2567736956","2188214996","1.22337"
"2295388031","2461236963","1.43587"
"2461236963","2295388031","1.43587"
"2295388031","2518171709","2.18587"
"2518171709","2295388031","2.18587"
"2295388031","2540140736","0.14787"
"2540140736","2295388031","0.14787"
"2295388031","2567736956","3.98051"
"2567736956","2295388031","3.98051"
"2461236963","2518171709","6.68587"
"2518171709","2461236963","6.68587"
"2461236963","2540140736","4.65739"
"2540140736","2461236963","4.65739"
"2461236963","2567736956","1.22337"
"2567736956","2461236963","1.22337"
"2461236963","347478911","4.49539"
"347478911","2461236963","4.49539"
"2518171709","2540140736","4.1812"
"2540140736","2518171709","4.1812"
"2518171709","2567736956","1.08051"
"2567736956","2518171709","1.08051"
"2518171709","347478911","4.93587"
"347478911","2518171709","4.93587"
"2540140736","2567736956","0.62406"
"2567736956","2540140736","0.62406"
"2540140736","347478911","2.40739"
"347478911","2540140736","2.40739"
"2567736956","347478911","1.22337"
"347478911","2567736956","1.22337"
"1920764510","2065715425","0.05"
"2065715425","1920764510","0.05"
"1920764510","2543900635","0.850595"
"2543900635","1920764510","0.850595"
"1974788626","2065715425","1.22738"
"2065715425","1974788626","1.22738"
"1974788626","2543900635","0.1125"
"2543900635","1974788626","0.1125"
"1980973085","2065715425","1.22738"
"2065715425","1980973085","1.22738"
"1980973085","2543900635","1.3625"
"2543900635","1980973085","1.3625"
"1986703974","2065715425","0.691667"
"2065715425","1986703974","0.691667"
"1986703974","2543900635","0.457738"
"2543900635","1986703974","0.457738"
"1991542498","2065715425","0.133333"
"2065715425","1991542498","0.133333"
"1991542498","2543900635","0.207738"
"2543900635","1991542498","0.207738"
"1997035197","2065715425","0.233333"
"2065715425","1997035197","0.233333"
"1997035197","2543900635","0.457738"
"2543900635","1997035197","0.457738"
"2005416890","2065715425","0.716667"
"2065715425","2005416890","0.716667"
"2005416890","2543900635","0.05"
"2543900635","2005416890","0.05"
"2008708211","2065715425","1.22738"
"2065715425","2008708211","1.22738"
"2008708211","2543900635","0.05"
"2543900635","2008708211","0.05"
"2033317745","2065715425","1.22738"
"2065715425","2033317745","1.22738"
"2033317745","2543900635","0.1125"
"2543900635","2033317745","0.1125"
"2039113556","2065715425","1.22738"
"2065715425","2039113556","1.22738"
"2039113556","2543900635","0.1125"
"2543900635","2039113556","0.1125"
"2044345951","2065715425","0.233333"
"2065715425","2044345951","0.233333"
"2044345951","2543900635","0.207738"
"2543900635","2044345951","0.207738"
"2059108713","2065715425","1.22738"
"2065715425","2059108713","1.22738"
"2059108713","2543900635","0.350595"
"2543900635","2059108713","0.350595"
"2065715425","2154898948","0.05"
"2154898948","2065715425","0.05"
"2065715425","2188214996","0.05"
"2188214996","2065715425","0.05"
"2065715425","2295388031","0.05"
"2295388031","2065715425","0.05"
"2065715425","2461236963","0.383333"
"2461236963","2065715425","0.383333"
"2065715425","2518171709","0.05"
"2518171709","2065715425","0.05"
"2065715425","2543900635","0.55"
"2543900635","2065715425","0.55"
"2065715425","2567736956","0.05"
"2567736956","2065715425","0.05"
"2065715425","347478911","0.05"
"347478911","2065715425","0.05"
"2154898948","2543900635","2.26726"
"2543900635","2154898948","2.26726"
"2188214996","2543900635","0.350595"
"2543900635","2188214996","0.350595"
"2295388031","2543900635","2.26726"
"2543900635","2295388031","2.26726"
"2461236963","2543900635","0.350595"
"2543900635","2461236963","0.350595"
"2518171709","2543900635","0.350595"
"2543900635","2518171709","0.350595"
"2543900635","2567736956","1.45476"
"2567736956","2543900635","1.45476"
"2543900635","347478911","0.600595"
"347478911","2543900635","0.600595"
"1920764510","2745567354","0.5"
"2745567354","1920764510","0.5"
"2543900635","2745567354","0.5"
"2745567354","2543900635","0.5"
"1920764510","2800139390","0.428571"
"2800139390","1920764510","0.428571"
"1920764510","2810298341","0.571429"
"2810298341","1920764510","0.571429"
"1980973085","2800139390","0.333333"
"2800139390","1980973085","0.333333"
"1980973085","2810298341","0.333333"
"2810298341","1980973085","0.333333"
"2800139390","2810298341","1.84524"
"2810298341","2800139390","1.84524"
"1920764510","2529367412","0.238095"
"2529367412","1920764510","0.238095"
"1920764510","2575472196","0.238095"
"2575472196","1920764510","0.238095"
"1920764510","2612520647","0.238095"
"2612520647","1920764510","0.238095"
"1920764510","2899504362","0.238095"
"2899504362","1920764510","0.238095"
"1920764510","2900160944","0.0952381"
"2900160944","1920764510","0.0952381"
"1986703974","2529367412","0.0952381"
"2529367412","1986703974","0.0952381"
"1986703974","2575472196","0.0952381"
"2575472196","1986703974","0.0952381"
"1986703974","2612520647","0.0952381"
"2612520647","1986703974","0.0952381"
"1986703974","2800139390","0.0952381"
"2800139390","1986703974","0.0952381"
"1986703974","2810298341","0.0952381"
"2810298341","1986703974","0.0952381"
"1986703974","2899504362","0.0952381"
"2899504362","1986703974","0.0952381"
"1986703974","2900160944","0.0952381"
"2900160944","1986703974","0.0952381"
"1991542498","2529367412","0.0952381"
"2529367412","1991542498","0.0952381"
"1991542498","2575472196","0.0952381"
"2575472196","1991542498","0.0952381"
"1991542498","2612520647","0.0952381"
"2612520647","1991542498","0.0952381"
"1991542498","2800139390","0.0952381"
"2800139390","1991542498","0.0952381"
"1991542498","2810298341","0.0952381"
"2810298341","1991542498","0.0952381"
"1991542498","2899504362","0.0952381"
"2899504362","1991542498","0.0952381"
"1991542498","2900160944","0.0952381"
"2900160944","1991542498","0.0952381"
"1997035197","2529367412","0.0952381"
"2529367412","1997035197","0.0952381"
"1997035197","2575472196","0.0952381"
"2575472196","1997035197","0.0952381"
"1997035197","2612520647","0.261905"
"2612520647","1997035197","0.261905"
"1997035197","2800139390","0.0952381"
"2800139390","1997035197","0.0952381"
"1997035197","2810298341","0.0952381"
"2810298341","1997035197","0.0952381"
"1997035197","2899504362","0.0952381"
"2899504362","1997035197","0.0952381"
"1997035197","2900160944","0.0952381"
"2900160944","1997035197","0.0952381"
"2044345951","2529367412","0.154062"
"2529367412","2044345951","0.154062"
"2044345951","2575472196","0.154062"
"2575472196","2044345951","0.154062"
"2044345951","2612520647","0.154062"
"2612520647","2044345951","0.154062"
"2044345951","2800139390","0.0952381"
"2800139390","2044345951","0.0952381"
"2044345951","2810298341","0.154062"
"2810298341","2044345951","0.154062"
"2044345951","2899504362","0.154062"
"2899504362","2044345951","0.154062"
"2044345951","2900160944","0.154062"
"2900160944","2044345951","0.154062"
"2059108713","2529367412","0.238095"
"2529367412","2059108713","0.238095"
"2059108713","2575472196","0.238095"
"2575472196","2059108713","0.238095"
"2059108713","2612520647","0.404762"
"2612520647","2059108713","0.404762"
"2059108713","2800139390","0.0952381"
"2800139390","2059108713","0.0952381"
"2059108713","2810298341","0.238095"
"2810298341","2059108713","0.238095"
"2059108713","2899504362","0.238095"
"2899504362","2059108713","0.238095"
"2059108713","2900160944","0.0952381"
"2900160944","2059108713","0.0952381"
"2154898948","2529367412","0.977882"
"2529367412","2154898948","0.977882"
"2154898948","2575472196","0.977882"
"2575472196","2154898948","0.977882"
"2154898948","2612520647","0.707175"
"2612520647","2154898948","0.707175"
"2154898948","2800139390","0.428571"
"2800139390","2154898948","0.428571"
"2154898948","2810298341","0.630252"
"2810298341","2154898948","0.630252"
"2154898948","2899504362","0.90566"
"2899504362","2154898948","0.90566"
"2154898948","2900160944","0.612803"
"2900160944","2154898948","0.612803"
"2188214996","2529367412","2.12074"
"2529367412","2188214996","2.12074"
"2188214996","2575472196","0.977882"
"2575472196","2188214996","0.977882"
"2188214996","2612520647","0.373842"
"2612520647","2188214996","0.373842"
"2188214996","2800139390","0.238095"
"2800139390","2188214996","0.238095"
"2188214996","2810298341","0.296919"
"2810298341","2188214996","0.296919"
"2188214996","2899504362","0.65566"
"2899504362","2188214996","0.65566"
"2188214996","2900160944","0.612803"
"2900160944","2188214996","0.612803"
"2295388031","2529367412","0.877882"
"2529367412","2295388031","0.877882"
"2295388031","2575472196","0.877882"
"2575472196","2295388031","0.877882"
"2295388031","2612520647","0.707175"
"2612520647","2295388031","0.707175"
"2295388031","2800139390","0.428571"
"2800139390","2295388031","0.428571"
"2295388031","2810298341","0.630252"
"2810298341","2295388031","0.630252"
"2295388031","2899504362","0.80566"
"2899504362","2295388031","0.80566"
"2295388031","2900160944","0.512803"
"2900160944","2295388031","0.512803"
"2461236963","2529367412","1.12074"
"2529367412","2461236963","1.12074"
"2461236963","2575472196","0.977882"
"2575472196","2461236963","0.977882"
"2461236963","2612520647","0.540509"
"2612520647","2461236963","0.540509"
"2461236963","2800139390","0.571429"
"2800139390","2461236963","0.571429"
"2461236963","2810298341","0.296919"
"2810298341","2461236963","0.296919"
"2461236963","2899504362","0.65566"
"2899504362","2461236963","0.65566"
"2461236963","2900160944","0.612803"
"2900160944","2461236963","0.612803"
"2518171709","2529367412","0.977882"
"2529367412","2518171709","0.977882"
"2518171709","2575472196","0.977882"
"2575472196","2518171709","0.977882"
"2518171709","2612520647","0.540509"
"2612520647","2518171709","0.540509"
"2518171709","2800139390","0.0952381"
"2800139390","2518171709","0.0952381"
"2518171709","2810298341","0.296919"
"2810298341","2518171709","0.296919"
"2518171709","2899504362","0.65566"
"2899504362","2518171709","0.65566"
"2518171709","2900160944","0.612803"
"2900160944","2518171709","0.612803"
"2529367412","2540140736","1.2381"
"2540140736","2529367412","1.2381"
"2529367412","2543900635","1.2381"
"2543900635","2529367412","1.2381"
"2529367412","2567736956","1.12074"
"2567736956","2529367412","1.12074"
"2529367412","2575472196","0.977882"
"2575472196","2529367412","0.977882"
"2529367412","2612520647","1.37384"
"2612520647","2529367412","1.37384"
"2529367412","2800139390","0.238095"
"2800139390","2529367412","0.238095"
"2529367412","2810298341","0.296919"
"2810298341","2529367412","0.296919"
"2529367412","2899504362","0.65566"
"2899504362","2529367412","0.65566"
"2529367412","2900160944","0.612803"
"2900160944","2529367412","0.612803"
"2529367412","347478911","1.12074"
"347478911","2529367412","1.12074"
"2540140736","2543900635","0.595238"
"2543900635","2540140736","0.595238"
"2540140736","2575472196","0.428571"
"2575472196","2540140736","0.428571"
"2540140736","2612520647","1.7619"
"2612520647","2540140736","1.7619"
"2540140736","2800139390","0.238095"
"2800139390","2540140736","0.238095"
"2540140736","2810298341","0.0952381"
"2810298341","2540140736","0.0952381"
"2540140736","2899504362","0.0952381"
"2899504362","2540140736","0.0952381"
"2540140736","2900160944","0.0952381"
"2900160944","2540140736","0.0952381"
"2543900635","2575472196","0.238095"
"2575472196","2543900635","0.238095"
"2543900635","2612520647","1.4881"
"2612520647","2543900635","1.4881"
"2543900635","2800139390","0.345238"
"2800139390","2543900635","0.345238"
"2543900635","2810298341","0.488095"
"2810298341","2543900635","0.488095"
"2543900635","2899504362","1.4881"
"2899504362","2543900635","1.4881"
"2543900635","2900160944","0.0952381"
"2900160944","2543900635","0.0952381"
"2567736956","2575472196","1.31122"
"2575472196","2567736956","1.31122"
"2567736956","2612520647","0.957175"
"2612520647","2567736956","0.957175"
"2567736956","2800139390","0.821429"
"2800139390","2567736956","0.821429"
"2567736956","2810298341","0.880252"
"2810298341","2567736956","0.880252"
"2567736956","2899504362","0.90566"
"2899504362","2567736956","0.90566"
"2567736956","2900160944","0.612803"
"2900160944","2567736956","0.612803"
"2575472196","2612520647","0.373842"
"2612520647","2575472196","0.373842"
"2575472196","2800139390","0.595238"
"2800139390","2575472196","0.595238"
"2575472196","2810298341","0.296919"
"2810298341","2575472196","0.296919"
"2575472196","2899504362","0.65566"
"2899504362","2575472196","0.65566"
"2575472196","2900160944","0.612803"
"2900160944","2575472196","0.612803"
"2575472196","347478911","0.977882"
"347478911","2575472196","0.977882"
"2612520647","2800139390","1.0119"
"2800139390","2612520647","1.0119"
"2612520647","2810298341","1.46359"
"2810298341","2612520647","1.46359"
"2612520647","2899504362","0.373842"
"2899504362","2612520647","0.373842"
"2612520647","2900160944","0.230985"
"2900160944","2612520647","0.230985"
"2612520647","347478911","0.540509"
"347478911","2612520647","0.540509"
"2800139390","2899504362","0.0952381"
"2899504362","2800139390","0.0952381"
"2800139390","2900160944","0.0952381"
"2900160944","2800139390","0.0952381"
"2800139390","347478911","0.238095"
"347478911","2800139390","0.238095"
"2810298341","2899504362","0.296919"
"2899504362","2810298341","0.296919"
"2810298341","2900160944","0.154062"
"2900160944","2810298341","0.154062"
"2810298341","347478911","0.296919"
"347478911","2810298341","0.296919"
"2899504362","2900160944","0.512803"
"2900160944","2899504362","0.512803"
"2899504362","347478911","0.65566"
"347478911","2899504362","0.65566"
"2900160944","347478911","0.612803"
"347478911","2900160944","0.612803"
"2065715425","2320818762","1.17738"
"2320818762","2065715425","1.17738"
"1986703974","2283728526","0.25"
"2283728526","1986703974","0.25"
"1997035197","2283728526","0.25"
"2283728526","1997035197","0.25"
"2154898948","2283728526","0.25"
"2283728526","2154898948","0.25"
"2283728526","2295388031","0.25"
"2295388031","2283728526","0.25"
"1986703974","2745567354","0.833333"
"2745567354","1986703974","0.833333"
"1991542498","2745567354","0.333333"
"2745567354","1991542498","0.333333"
"2044345951","2745567354","1.33333"
"2745567354","2044345951","1.33333"
"1997035197","2745567354","0.5"
"2745567354","1997035197","0.5"
"2461236963","2550618198","1.28333"
"2550618198","2461236963","1.28333"
"2518171709","2550618198","1.28333"
"2550618198","2518171709","1.28333"
"2540140736","2550618198","0.783333"
"2550618198","2540140736","0.783333"
"1997035197","2885444376","0.333333"
"2885444376","1997035197","0.333333"
"2059108713","2885444376","1.08333"
"2885444376","2059108713","1.08333"
"2550618198","2885444376","0.583333"
"2885444376","2550618198","0.583333"
"2005416890","2550618198","0.166667"
"2550618198","2005416890","0.166667"
"2008708211","2529367412","0.0588235"
"2529367412","2008708211","0.0588235"
"2008708211","2575472196","0.0588235"
"2575472196","2008708211","0.0588235"
"2008708211","2612520647","0.0588235"
"2612520647","2008708211","0.0588235"
"2008708211","2810298341","0.0588235"
"2810298341","2008708211","0.0588235"
"2008708211","2885444376","0.0588235"
"2885444376","2008708211","0.0588235"
"2008708211","2885657165","0.0588235"
"2885657165","2008708211","0.0588235"
"2008708211","2899504362","0.0588235"
"2899504362","2008708211","0.0588235"
"2008708211","2900160944","0.0588235"
"2900160944","2008708211","0.0588235"
"2033317745","2529367412","0.0588235"
"2529367412","2033317745","0.0588235"
"2033317745","2575472196","0.0588235"
"2575472196","2033317745","0.0588235"
"2033317745","2612520647","0.0588235"
"2612520647","2033317745","0.0588235"
"2033317745","2810298341","0.0588235"
"2810298341","2033317745","0.0588235"
"2033317745","2885444376","0.0588235"
"2885444376","2033317745","0.0588235"
"2033317745","2885657165","0.0588235"
"2885657165","2033317745","0.0588235"
"2033317745","2899504362","0.0588235"
"2899504362","2033317745","0.0588235"
"2033317745","2900160944","0.0588235"
"2900160944","2033317745","0.0588235"
"2044345951","2885444376","0.0588235"
"2885444376","2044345951","0.0588235"
"2044345951","2885657165","0.0588235"
"2885657165","2044345951","0.0588235"
"2154898948","2885444376","0.739787"
"2885444376","2154898948","0.739787"
"2154898948","2885657165","0.0588235"
"2885657165","2154898948","0.0588235"
"2188214996","2885444376","0.739787"
"2885444376","2188214996","0.739787"
"2188214996","2885657165","0.0588235"
"2885657165","2188214996","0.0588235"
"2295388031","2885444376","0.639787"
"2885444376","2295388031","0.639787"
"2295388031","2885657165","0.0588235"
"2885657165","2295388031","0.0588235"
"2461236963","2885444376","1.98979"
"2885444376","2461236963","1.98979"
"2461236963","2885657165","0.0588235"
"2885657165","2461236963","0.0588235"
"2518171709","2885444376","1.98979"
"2885444376","2518171709","1.98979"
"2518171709","2885657165","0.0588235"
"2885657165","2518171709","0.0588235"
"2529367412","2885444376","1.73979"
"2885444376","2529367412","1.73979"
"2529367412","2885657165","0.0588235"
"2885657165","2529367412","0.0588235"
"2567736956","2885444376","0.739787"
"2885444376","2567736956","0.739787"
"2567736956","2885657165","0.0588235"
"2885657165","2567736956","0.0588235"
"2575472196","2885444376","0.739787"
"2885444376","2575472196","0.739787"
"2575472196","2885657165","1.05882"
"2885657165","2575472196","1.05882"
"2612520647","2885444376","1.13575"
"2885444376","2612520647","1.13575"
"2612520647","2885657165","0.0588235"
"2885657165","2612520647","0.0588235"
"2810298341","2885444376","0.0588235"
"2885444376","2810298341","0.0588235"
"2810298341","2885657165","0.0588235"
"2885657165","2810298341","0.0588235"
"2885444376","2885657165","0.0588235"
"2885657165","2885444376","0.0588235"
"2885444376","2899504362","0.417565"
"2899504362","2885444376","0.417565"
"2885444376","2900160944","0.517565"
"2900160944","2885444376","0.517565"
"2885444376","347478911","0.989787"
"347478911","2885444376","0.989787"
"2885657165","2899504362","0.0588235"
"2899504362","2885657165","0.0588235"
"2885657165","2900160944","0.0588235"
"2900160944","2885657165","0.0588235"
"2885657165","347478911","0.0588235"
"347478911","2885657165","0.0588235"
"2044345951","2283728526","1"
"2283728526","2044345951","1"
"2540140736","2885444376","2.25"
"2885444376","2540140736","2.25"
"2065715425","2540140736","0.5"
"2540140736","2065715425","0.5"
"2065715425","2794695664","1.33333"
"2794695664","2065715425","1.33333"
"2065715425","2800139390","0.333333"
"2800139390","2065715425","0.333333"
"2461236963","2794695664","0.47619"
"2794695664","2461236963","0.47619"
"2794695664","2800139390","1.80952"
"2800139390","2794695664","1.80952"
"2154898948","2745567354","0.410256"
"2745567354","2154898948","0.410256"
"2295388031","2745567354","0.410256"
"2745567354","2295388031","0.410256"
"2567736956","2745567354","0.410256"
"2745567354","2567736956","0.410256"
"2612520647","2745567354","2.91026"
"2745567354","2612520647","2.91026"
"2745567354","2800139390","0.333333"
"2800139390","2745567354","0.333333"
"2745567354","2810298341","0.333333"
"2810298341","2745567354","0.333333"
"2188214996","2745567354","0.0769231"
"2745567354","2188214996","0.0769231"
"2461236963","2745567354","0.0769231"
"2745567354","2461236963","0.0769231"
"2518171709","2745567354","0.0769231"
"2745567354","2518171709","0.0769231"
"2529367412","2745567354","0.0769231"
"2745567354","2529367412","0.0769231"
"2575472196","2745567354","0.0769231"
"2745567354","2575472196","0.0769231"
"2745567354","2885444376","0.0769231"
"2885444376","2745567354","0.0769231"
"2745567354","2899504362","0.0769231"
"2899504362","2745567354","0.0769231"
"2745567354","2900160944","0.0769231"
"2900160944","2745567354","0.0769231"
"2745567354","347478911","0.0769231"
"347478911","2745567354","0.0769231"
"2188214996","2794695664","0.142857"
"2794695664","2188214996","0.142857"
"2529367412","2794695664","0.142857"
"2794695664","2529367412","0.142857"
"2540140736","2794695664","0.47619"
"2794695664","2540140736","0.47619"
"2567736956","2794695664","0.47619"
"2794695664","2567736956","0.47619"
"2794695664","347478911","0.142857"
"347478911","2794695664","0.142857"
"2575472196","2794695664","0.333333"
"2794695664","2575472196","0.333333"
"2540140736","2745567354","0.5"
"2745567354","2540140736","0.5"
"2564189091","2575472196","5.5"
"2575472196","2564189091","5.5"
"2564189091","2800139390","0.5"
"2800139390","2564189091","0.5"
"2612520647","2794695664","0.333333"
"2794695664","2612520647","0.333333"
"2794695664","2810298341","0.833333"
"2810298341","2794695664","0.833333"
"2612520647","2940974736","0.25"
"2940974736","2612520647","0.25"
"2612520647","2970452289","0.25"
"2970452289","2612520647","0.25"
"2612520647","2988920695","0.25"
"2988920695","2612520647","0.25"
"2810298341","2940974736","0.25"
"2940974736","2810298341","0.25"
"2810298341","2970452289","0.25"
"2970452289","2810298341","0.25"
"2810298341","2988920695","0.25"
"2988920695","2810298341","0.25"
"2940974736","2970452289","0.25"
"2970452289","2940974736","0.25"
"2940974736","2988920695","0.25"
"2988920695","2940974736","0.25"
"2970452289","2988920695","0.25"
"2988920695","2970452289","0.25"
"2612520647","3011381405","1"
"3011381405","2612520647","1"
"2794695664","2885657165","0.5"
"2885657165","2794695664","0.5"
"2800139390","2885657165","0.5"
"2885657165","2800139390","0.5"
"2885444376","2906924119","1"
"2906924119","2885444376","1"
"2899504362","2966759803","1"
"2966759803","2899504362","1"
"2900160944","2949093915","2"
"2949093915","2900160944","2"
