"1541129574","1992392028","1"
"1992392028","1541129574","1"
"1557301577","2002808981","1.47619"
"2002808981","1557301577","1.47619"
"1557301577","2033144398","2.5"
"2033144398","1557301577","2.5"
"2002808981","2033144398","0.611111"
"2033144398","2002808981","0.611111"
"1557301577","2109419477","2.43333"
"2109419477","1557301577","2.43333"
"2002808981","2109419477","11.9595"
"2109419477","2002808981","11.9595"
"1557301577","2222403068","0.6"
"2222403068","1557301577","0.6"
"2109419477","2222403068","15.0167"
"2222403068","2109419477","15.0167"
"1557301577","1950618891","2.30238"
"1950618891","1557301577","2.30238"
"1557301577","2032296889","0.242857"
"2032296889","1557301577","0.242857"
"1557301577","2058949632","0.1"
"2058949632","1557301577","0.1"
"1557301577","2086732659","0.433333"
"2086732659","1557301577","0.433333"
"1557301577","2091561970","1.78452"
"2091561970","1557301577","1.78452"
"1557301577","2266549259","1.80238"
"2266549259","1557301577","1.80238"
"1557301577","2344395450","3.24524"
"2344395450","1557301577","3.24524"
"1557301577","2491356680","2.07738"
"2491356680","1557301577","2.07738"
"1950618891","2032296889","0.766667"
"2032296889","1950618891","0.766667"
"1950618891","2058949632","0.1"
"2058949632","1950618891","0.1"
"1950618891","2086732659","0.1"
"2086732659","1950618891","0.1"
"1950618891","2091561970","2.80833"
"2091561970","1950618891","2.80833"
"1950618891","2109419477","0.1"
"2109419477","1950618891","0.1"
"1950618891","2222403068","0.1"
"2222403068","1950618891","0.1"
"1950618891","2266549259","1.90952"
"2266549259","1950618891","1.90952"
"1950618891","2344395450","3.35238"
"2344395450","1950618891","3.35238"
"1950618891","2491356680","1.68452"
"2491356680","1950618891","1.68452"
"2032296889","2058949632","0.1"
"2058949632","2032296889","0.1"
"2032296889","2086732659","0.45"
"2086732659","2032296889","0.45"
"2032296889","2091561970","0.867857"
"2091561970","2032296889","0.867857"
"2032296889","2109419477","3.44286"
"2109419477","2032296889","3.44286"
"2032296889","2222403068","1.35"
"2222403068","2032296889","1.35"
"2032296889","2266549259","0.992857"
"2266549259","2032296889","0.992857"
"2032296889","2344395450","0.409524"
"2344395450","2032296889","0.409524"
"2032296889","2491356680","0.742857"
"2491356680","2032296889","0.742857"
"2058949632","2086732659","0.1"
"2086732659","2058949632","0.1"
"2058949632","2091561970","0.1"
"2091561970","2058949632","0.1"
"2058949632","2109419477","2.35"
"2109419477","2058949632","2.35"
"2058949632","2222403068","0.1"
"2222403068","2058949632","0.1"
"2058949632","2266549259","0.1"
"2266549259","2058949632","0.1"
"2058949632","2344395450","0.1"
"2344395450","2058949632","0.1"
"2058949632","2491356680","0.1"
"2491356680","2058949632","0.1"
"2086732659","2091561970","0.1"
"2091561970","2086732659","0.1"
"2086732659","2109419477","2.76667"
"2109419477","2086732659","2.76667"
"2086732659","2222403068","1.1"
"2222403068","2086732659","1.1"
"2086732659","2266549259","0.1"
"2266549259","2086732659","0.1"
"2086732659","2344395450","0.1"
"2344395450","2086732659","0.1"
"2086732659","2491356680","0.1"
"2491356680","2086732659","0.1"
"2091561970","2109419477","0.433333"
"2109419477","2091561970","0.433333"
"2091561970","2222403068","0.1"
"2222403068","2091561970","0.1"
"2091561970","2266549259","4.78452"
"2266549259","2091561970","4.78452"
"2091561970","2344395450","3.08452"
"2344395450","2091561970","3.08452"
"2091561970","2491356680","6.55952"
"2491356680","2091561970","6.55952"
"2109419477","2266549259","0.85"
"2266549259","2109419477","0.85"
"2109419477","2344395450","2.88333"
"2344395450","2109419477","2.88333"
"2109419477","2491356680","1.16667"
"2491356680","2109419477","1.16667"
"2222403068","2266549259","0.35"
"2266549259","2222403068","0.35"
"2222403068","2344395450","0.35"
"2344395450","2222403068","0.35"
"2222403068","2491356680","0.433333"
"2491356680","2222403068","0.433333"
"2266549259","2344395450","1.85238"
"2344395450","2266549259","1.85238"
"2266549259","2491356680","1.18452"
"2491356680","2266549259","1.18452"
"2344395450","2491356680","2.69405"
"2491356680","2344395450","2.69405"
"1557301577","1890189454","0.125"
"1890189454","1557301577","0.125"
"1557301577","2083842271","0.535714"
"2083842271","1557301577","0.535714"
"1557301577","2275274585","1.075"
"2275274585","1557301577","1.075"
"1557301577","2556609853","0.935714"
"2556609853","1557301577","0.935714"
"1890189454","1950618891","0.491667"
"1950618891","1890189454","0.491667"
"1890189454","2083842271","13.9083"
"2083842271","1890189454","13.9083"
"1890189454","2091561970","0.458333"
"2091561970","1890189454","0.458333"
"1890189454","2266549259","0.125"
"2266549259","1890189454","0.125"
"1890189454","2275274585","0.125"
"2275274585","1890189454","0.125"
"1890189454","2344395450","0.625"
"2344395450","1890189454","0.625"
"1890189454","2556609853","1.49167"
"2556609853","1890189454","1.49167"
"1950618891","2083842271","0.902381"
"2083842271","1950618891","0.902381"
"1950618891","2275274585","0.491667"
"2275274585","1950618891","0.491667"
"1950618891","2556609853","3.13571"
"2556609853","1950618891","3.13571"
"2083842271","2091561970","0.125"
"2091561970","2083842271","0.125"
"2083842271","2266549259","0.392857"
"2266549259","2083842271","0.392857"
"2083842271","2275274585","0.125"
"2275274585","2083842271","0.125"
"2083842271","2344395450","0.702381"
"2344395450","2083842271","0.702381"
"2083842271","2556609853","3.56905"
"2556609853","2083842271","3.56905"
"2091561970","2275274585","2.575"
"2275274585","2091561970","2.575"
"2091561970","2556609853","0.525"
"2556609853","2091561970","0.525"
"2266549259","2275274585","0.491667"
"2275274585","2266549259","0.491667"
"2266549259","2556609853","0.792857"
"2556609853","2266549259","0.792857"
"2275274585","2344395450","1.94167"
"2344395450","2275274585","1.94167"
"2275274585","2556609853","0.125"
"2556609853","2275274585","0.125"
"2344395450","2556609853","0.735714"
"2556609853","2344395450","0.735714"
"2275274585","2491356680","2.73333"
"2491356680","2275274585","2.73333"
"1557301577","1992392028","0.744048"
"1992392028","1557301577","0.744048"
"1557301577","2081693451","0.267857"
"2081693451","1557301577","0.267857"
"1950618891","1992392028","0.410714"
"1992392028","1950618891","0.410714"
"1950618891","2081693451","0.267857"
"2081693451","1950618891","0.267857"
"1992392028","2081693451","29.1673"
"2081693451","1992392028","29.1673"
"1992392028","2083842271","12.5774"
"2083842271","1992392028","12.5774"
"1992392028","2266549259","0.267857"
"2266549259","1992392028","0.267857"
"1992392028","2344395450","0.410714"
"2344395450","1992392028","0.410714"
"1992392028","2491356680","0.267857"
"2491356680","1992392028","0.267857"
"1992392028","2556609853","1.74405"
"2556609853","1992392028","1.74405"
"2081693451","2083842271","4.51786"
"2083842271","2081693451","4.51786"
"2081693451","2266549259","0.125"
"2266549259","2081693451","0.125"
"2081693451","2344395450","0.267857"
"2344395450","2081693451","0.267857"
"2081693451","2491356680","0.267857"
"2491356680","2081693451","0.267857"
"2081693451","2556609853","0.60119"
"2556609853","2081693451","0.60119"
"2083842271","2491356680","0.267857"
"2491356680","2083842271","0.267857"
"2491356680","2556609853","0.267857"
"2556609853","2491356680","0.267857"
"1557301577","1984698956","0.142857"
"1984698956","1557301577","0.142857"
"1950618891","1984698956","0.142857"
"1984698956","1950618891","0.142857"
"1984698956","1992392028","1.30952"
"1992392028","1984698956","1.30952"
"1984698956","2083842271","0.309524"
"2083842271","1984698956","0.309524"
"1984698956","2266549259","0.142857"
"2266549259","1984698956","0.142857"
"1984698956","2344395450","0.142857"
"2344395450","1984698956","0.142857"
"1984698956","2556609853","0.642857"
"2556609853","1984698956","0.642857"
"1557301577","2561992388","0.5"
"2561992388","1557301577","0.5"
"1557301577","2567563454","0.5"
"2567563454","1557301577","0.5"
"2561992388","2567563454","0.5"
"2567563454","2561992388","0.5"
"2086732659","2275274585","0.333333"
"2275274585","2086732659","0.333333"
"2109419477","2275274585","2.81667"
"2275274585","2109419477","2.81667"
"1557301577","2616943743","0.45"
"2616943743","1557301577","0.45"
"1950618891","2616943743","1.03333"
"2616943743","1950618891","1.03333"
"2091561970","2616943743","1.36667"
"2616943743","2091561970","1.36667"
"2266549259","2616943743","0.2"
"2616943743","2266549259","0.2"
"2556609853","2616943743","1.36667"
"2616943743","2556609853","1.36667"
"1557301577","2040692304","0.392857"
"2040692304","1557301577","0.392857"
"2040692304","2091561970","0.767857"
"2091561970","2040692304","0.767857"
"2040692304","2275274585","1.28333"
"2275274585","2040692304","1.28333"
"2040692304","2616943743","0.5"
"2616943743","2040692304","0.5"
"2275274585","2616943743","0.25"
"2616943743","2275274585","0.25"
"2002808981","2032296889","17.7607"
"2032296889","2002808981","17.7607"
"2002808981","2040692304","1.41103"
"2040692304","2002808981","1.41103"
"2002808981","2091561970","0.767857"
"2091561970","2002808981","0.767857"
"2002808981","2266549259","3.39286"
"2266549259","2002808981","3.39286"
"2002808981","2344395450","1.75952"
"2344395450","2002808981","1.75952"
"2002808981","2491356680","0.342857"
"2491356680","2002808981","0.342857"
"2032296889","2040692304","0.267857"
"2040692304","2032296889","0.267857"
"2040692304","2266549259","0.142857"
"2266549259","2040692304","0.142857"
"2040692304","2344395450","0.142857"
"2344395450","2040692304","0.142857"
"2040692304","2491356680","1.84286"
"2491356680","2040692304","1.84286"
"1557301577","1990269777","0.333333"
"1990269777","1557301577","0.333333"
"1990269777","1992392028","2.61337"
"1992392028","1990269777","2.61337"
"1990269777","2002808981","3.86337"
"2002808981","1990269777","3.86337"
"1992392028","2002808981","6.67928"
"2002808981","1992392028","6.67928"
"1557301577","2800627592","1"
"2800627592","1557301577","1"
"1767508279","2556609853","0.166667"
"2556609853","1767508279","0.166667"
"1767508279","2616943743","0.166667"
"2616943743","1767508279","0.166667"
"1767508279","2621396513","0.166667"
"2621396513","1767508279","0.166667"
"1767508279","2883087421","0.166667"
"2883087421","1767508279","0.166667"
"1767508279","2900537829","0.166667"
"2900537829","1767508279","0.166667"
"1767508279","2900934918","0.166667"
"2900934918","1767508279","0.166667"
"2556609853","2621396513","1.66667"
"2621396513","2556609853","1.66667"
"2556609853","2883087421","0.416667"
"2883087421","2556609853","0.416667"
"2556609853","2900537829","0.166667"
"2900537829","2556609853","0.166667"
"2556609853","2900934918","2.28333"
"2900934918","2556609853","2.28333"
"2616943743","2621396513","0.166667"
"2621396513","2616943743","0.166667"
"2616943743","2883087421","0.166667"
"2883087421","2616943743","0.166667"
"2616943743","2900537829","0.166667"
"2900537829","2616943743","0.166667"
"2616943743","2900934918","0.416667"
"2900934918","2616943743","0.416667"
"2621396513","2883087421","0.166667"
"2883087421","2621396513","0.166667"
"2621396513","2900537829","0.166667"
"2900537829","2621396513","0.166667"
"2621396513","2900934918","0.166667"
"2900934918","2621396513","0.166667"
"2883087421","2900537829","7.01667"
"2900537829","2883087421","7.01667"
"2883087421","2900934918","4.12619"
"2900934918","2883087421","4.12619"
"2900537829","2900934918","4.95952"
"2900934918","2900537829","4.95952"
"1853285762","2017132227","1"
"2017132227","1853285762","1"
"1890189454","2002808981","0.833333"
"2002808981","1890189454","0.833333"
"1890189454","2032296889","0.5"
"2032296889","1890189454","0.5"
"1890189454","2616943743","0.166667"
"2616943743","1890189454","0.166667"
"1950618891","2002808981","0.166667"
"2002808981","1950618891","0.166667"
"2002808981","2083842271","2.91667"
"2083842271","2002808981","2.91667"
"2002808981","2616943743","2.41667"
"2616943743","2002808981","2.41667"
"2032296889","2083842271","0.5"
"2083842271","2032296889","0.5"
"2032296889","2616943743","0.166667"
"2616943743","2032296889","0.166667"
"2083842271","2616943743","0.166667"
"2616943743","2083842271","0.166667"
"2344395450","2616943743","0.75"
"2616943743","2344395450","0.75"
"1890189454","2491356680","0.333333"
"2491356680","1890189454","0.333333"
"1890189454","1992392028","0.333333"
"1992392028","1890189454","0.333333"
"1890189454","2109419477","0.333333"
"2109419477","1890189454","0.333333"
"1992392028","2109419477","3.11667"
"2109419477","1992392028","3.11667"
"1890189454","2592164301","2.86667"
"2592164301","1890189454","2.86667"
"2083842271","2592164301","5.86667"
"2592164301","2083842271","5.86667"
"1890189454","2621396513","1"
"2621396513","1890189454","1"
"2083842271","2621396513","2"
"2621396513","2083842271","2"
"1890189454","1989221798","0.583333"
"1989221798","1890189454","0.583333"
"1890189454","2751401576","1.58333"
"2751401576","1890189454","1.58333"
"1989221798","2083842271","1.33333"
"2083842271","1989221798","1.33333"
"1989221798","2751401576","0.583333"
"2751401576","1989221798","0.583333"
"2083842271","2751401576","2.25"
"2751401576","2083842271","2.25"
"1890189454","2041327349","0.25"
"2041327349","1890189454","0.25"
"1989221798","2041327349","4.80507"
"2041327349","1989221798","4.80507"
"2041327349","2083842271","0.5"
"2083842271","2041327349","0.5"
"2041327349","2751401576","0.25"
"2751401576","2041327349","0.25"
"1890189454","2900934918","0.866667"
"2900934918","1890189454","0.866667"
"2556609853","2751401576","0.833333"
"2751401576","2556609853","0.833333"
"2751401576","2900934918","0.333333"
"2900934918","2751401576","0.333333"
"1950618891","2592164301","0.2"
"2592164301","1950618891","0.2"
"1950618891","2900934918","0.2"
"2900934918","1950618891","0.2"
"2083842271","2900934918","0.533333"
"2900934918","2083842271","0.533333"
"2556609853","2592164301","2.7"
"2592164301","2556609853","2.7"
"2592164301","2900934918","0.67619"
"2900934918","2592164301","0.67619"
"1890189454","2883087421","1"
"2883087421","1890189454","1"
"2592164301","2751401576","1.16667"
"2751401576","2592164301","1.16667"
"1950618891","2017132227","0.333333"
"2017132227","1950618891","0.333333"
"2017132227","2091561970","0.708333"
"2091561970","2017132227","0.708333"
"2017132227","2616943743","0.583333"
"2616943743","2017132227","0.583333"
"1980041108","2078410661","2"
"2078410661","1980041108","2"
"1984698956","2002808981","0.166667"
"2002808981","1984698956","0.166667"
"1984698956","2013650127","0.166667"
"2013650127","1984698956","0.166667"
"1984698956","2063373779","0.166667"
"2063373779","1984698956","0.166667"
"1984698956","2109419477","0.166667"
"2109419477","1984698956","0.166667"
"1992392028","2013650127","2.77095"
"2013650127","1992392028","2.77095"
"1992392028","2063373779","2.40983"
"2063373779","1992392028","2.40983"
"2002808981","2013650127","5.45983"
"2013650127","2002808981","5.45983"
"2002808981","2063373779","3.64872"
"2063373779","2002808981","3.64872"
"2013650127","2063373779","10.6527"
"2063373779","2013650127","10.6527"
"2013650127","2083842271","0.416667"
"2083842271","2013650127","0.416667"
"2013650127","2109419477","4.84286"
"2109419477","2013650127","4.84286"
"2063373779","2083842271","0.166667"
"2083842271","2063373779","0.166667"
"2063373779","2109419477","3.34286"
"2109419477","2063373779","3.34286"
"2083842271","2109419477","0.916667"
"2109419477","2083842271","0.916667"
"1984698956","2081693451","2"
"2081693451","1984698956","2"
"1984698956","2592164301","0.5"
"2592164301","1984698956","0.5"
"1989221798","1992392028","2.08602"
"1992392028","1989221798","2.08602"
"1989221798","2017132227","17.7551"
"2017132227","1989221798","17.7551"
"1989221798","2040692304","0.698723"
"2040692304","1989221798","0.698723"
"1989221798","2063373779","7.38444"
"2063373779","1989221798","7.38444"
"1989221798","2081693451","0.746703"
"2081693451","1989221798","0.746703"
"1989221798","2099917562","3.64683"
"2099917562","1989221798","3.64683"
"1992392028","2017132227","3.0388"
"2017132227","1992392028","3.0388"
"1992392028","2040692304","1.86103"
"2040692304","1992392028","1.86103"
"1992392028","2041327349","9.20944"
"2041327349","1992392028","9.20944"
"1992392028","2099917562","0.253968"
"2099917562","1992392028","0.253968"
"2017132227","2040692304","2.76817"
"2040692304","2017132227","2.76817"
"2017132227","2041327349","6.47452"
"2041327349","2017132227","6.47452"
"2017132227","2063373779","7.54555"
"2063373779","2017132227","7.54555"
"2017132227","2081693451","0.871703"
"2081693451","2017132227","0.871703"
"2017132227","2099917562","4.39683"
"2099917562","2017132227","4.39683"
"2040692304","2041327349","2.89436"
"2041327349","2040692304","2.89436"
"2040692304","2063373779","0.86539"
"2063373779","2040692304","0.86539"
"2040692304","2081693451","0.296703"
"2081693451","2040692304","0.296703"
"2040692304","2099917562","1.22619"
"2099917562","2040692304","1.22619"
"2041327349","2063373779","4.22888"
"2063373779","2041327349","4.22888"
"2041327349","2081693451","1.61615"
"2081693451","2041327349","1.61615"
"2041327349","2099917562","1.14683"
"2099917562","2041327349","1.14683"
"2063373779","2081693451","1.28837"
"2081693451","2063373779","1.28837"
"2063373779","2099917562","0.896825"
"2099917562","2063373779","0.896825"
"2081693451","2099917562","0.142857"
"2099917562","2081693451","0.142857"
"1989221798","2073850260","3.68364"
"2073850260","1989221798","3.68364"
"2017132227","2073850260","3.89476"
"2073850260","2017132227","3.89476"
"1989221798","2013650127","10.5622"
"2013650127","1989221798","10.5622"
"2013650127","2041327349","5.62333"
"2041327349","2013650127","5.62333"
"2013650127","2017132227","14.6567"
"2017132227","2013650127","14.6567"
"2013650127","2099917562","6.00397"
"2099917562","2013650127","6.00397"
"1989221798","97170299","2.69127"
"97170299","1989221798","2.69127"
"2013650127","97170299","2.06905"
"97170299","2013650127","2.06905"
"2041327349","97170299","5.93968"
"97170299","2041327349","5.93968"
"2099917562","97170299","0.503968"
"97170299","2099917562","0.503968"
"1989221798","2016778593","0.86539"
"2016778593","1989221798","0.86539"
"1992392028","2016778593","1.76261"
"2016778593","1992392028","1.76261"
"1992392028","2073850260","2.14872"
"2073850260","1992392028","2.14872"
"1992392028","97170299","2.56349"
"97170299","1992392028","2.56349"
"2013650127","2016778593","0.934835"
"2016778593","2013650127","0.934835"
"2013650127","2073850260","4.64476"
"2073850260","2013650127","4.64476"
"2016778593","2017132227","2.56817"
"2017132227","2016778593","2.56817"
"2016778593","2041327349","3.54595"
"2041327349","2016778593","3.54595"
"2016778593","2063373779","0.591977"
"2063373779","2016778593","0.591977"
"2016778593","2073850260","1.45309"
"2073850260","2016778593","1.45309"
"2016778593","2099917562","0.611111"
"2099917562","2016778593","0.611111"
"2016778593","97170299","1.84286"
"97170299","2016778593","1.84286"
"2017132227","97170299","2.90238"
"97170299","2017132227","2.90238"
"2041327349","2073850260","4.43206"
"2073850260","2041327349","4.43206"
"2063373779","2073850260","4.45031"
"2073850260","2063373779","4.45031"
"2063373779","97170299","1.73175"
"97170299","2063373779","1.73175"
"2073850260","2099917562","0.361111"
"2099917562","2073850260","0.361111"
"2073850260","97170299","1.3873"
"97170299","2073850260","1.3873"
"1989221798","2002808981","1.79872"
"2002808981","1989221798","1.79872"
"1989221798","2078410661","0.611422"
"2078410661","1989221798","0.611422"
"1989221798","2101641738","2.14714"
"2101641738","1989221798","2.14714"
"1992392028","2078410661","1.19753"
"2078410661","1992392028","1.19753"
"1992392028","2101641738","0.498724"
"2101641738","1992392028","0.498724"
"2002808981","2016778593","1.84198"
"2016778593","2002808981","1.84198"
"2002808981","2017132227","13.3848"
"2017132227","2002808981","13.3848"
"2002808981","2041327349","7.50547"
"2041327349","2002808981","7.50547"
"2002808981","2073850260","3.48761"
"2073850260","2002808981","3.48761"
"2002808981","2078410661","2.48087"
"2078410661","2002808981","2.48087"
"2002808981","2101641738","3.50587"
"2101641738","2002808981","3.50587"
"2013650127","2040692304","1.08364"
"2040692304","2013650127","1.08364"
"2013650127","2078410661","0.836422"
"2078410661","2013650127","0.836422"
"2013650127","2101641738","3.5638"
"2101641738","2013650127","3.5638"
"2016778593","2040692304","0.972533"
"2040692304","2016778593","0.972533"
"2016778593","2078410661","0.522533"
"2078410661","2016778593","0.522533"
"2016778593","2101641738","0.832057"
"2101641738","2016778593","0.832057"
"2017132227","2078410661","0.836422"
"2078410661","2017132227","0.836422"
"2017132227","2101641738","2.14714"
"2101641738","2017132227","2.14714"
"2040692304","2073850260","1.05983"
"2073850260","2040692304","1.05983"
"2040692304","2078410661","2.61142"
"2078410661","2040692304","2.61142"
"2040692304","2101641738","0.494755"
"2101641738","2040692304","0.494755"
"2041327349","2078410661","1.69753"
"2078410661","2041327349","1.69753"
"2041327349","2101641738","1.22491"
"2101641738","2041327349","1.22491"
"2063373779","2078410661","0.669755"
"2078410661","2063373779","0.669755"
"2063373779","2101641738","2.08761"
"2101641738","2063373779","2.08761"
"2073850260","2078410661","3.3142"
"2078410661","2073850260","3.3142"
"2073850260","2101641738","2.05587"
"2101641738","2073850260","2.05587"
"2078410661","2101641738","2.5892"
"2101641738","2078410661","2.5892"
"2040692304","97170299","2.34841"
"97170299","2040692304","2.34841"
"2101641738","97170299","0.930159"
"97170299","2101641738","0.930159"
"1989221798","2033144398","0.111111"
"2033144398","1989221798","0.111111"
"1992392028","2033144398","0.111111"
"2033144398","1992392028","0.111111"
"2002808981","97170299","1.14286"
"97170299","2002808981","1.14286"
"2013650127","2033144398","0.277778"
"2033144398","2013650127","0.277778"
"2017132227","2033144398","0.277778"
"2033144398","2017132227","0.277778"
"2033144398","2040692304","0.277778"
"2040692304","2033144398","0.277778"
"2033144398","2041327349","0.277778"
"2041327349","2033144398","0.277778"
"2033144398","2073850260","0.111111"
"2073850260","2033144398","0.111111"
"2033144398","97170299","0.277778"
"97170299","2033144398","0.277778"
"2099917562","2101641738","0.892857"
"2101641738","2099917562","0.892857"
"2013650127","2081693451","1.14551"
"2081693451","2013650127","1.14551"
"1989221798","1990269777","0.420513"
"1990269777","1989221798","0.420513"
"1989221798","2032296889","0.242857"
"2032296889","1989221798","0.242857"
"1989221798","2086732659","0.1"
"2086732659","1989221798","0.1"
"1990269777","2013650127","1.14551"
"2013650127","1990269777","1.14551"
"1990269777","2017132227","3.43718"
"2017132227","1990269777","3.43718"
"1990269777","2032296889","1.525"
"2032296889","1990269777","1.525"
"1990269777","2041327349","2.9967"
"2041327349","1990269777","2.9967"
"1990269777","2063373779","1.14551"
"2063373779","1990269777","1.14551"
"1990269777","2073850260","1.20504"
"2073850260","1990269777","1.20504"
"1990269777","2086732659","0.6"
"2086732659","1990269777","0.6"
"1992392028","2032296889","1.475"
"2032296889","1992392028","1.475"
"1992392028","2086732659","0.1"
"2086732659","1992392028","0.1"
"2002808981","2086732659","1.43333"
"2086732659","2002808981","1.43333"
"2013650127","2032296889","0.87619"
"2032296889","2013650127","0.87619"
"2013650127","2086732659","0.1"
"2086732659","2013650127","0.1"
"2017132227","2032296889","1.38452"
"2032296889","2017132227","1.38452"
"2017132227","2086732659","0.1"
"2086732659","2017132227","0.1"
"2032296889","2041327349","1.30119"
"2041327349","2032296889","1.30119"
"2032296889","2063373779","0.87619"
"2063373779","2032296889","0.87619"
"2032296889","2073850260","0.616667"
"2073850260","2032296889","0.616667"
"2041327349","2086732659","0.85"
"2086732659","2041327349","0.85"
"2063373779","2086732659","0.1"
"2086732659","2063373779","0.1"
"2073850260","2086732659","0.1"
"2086732659","2073850260","0.1"
"1990269777","2016778593","0.320513"
"2016778593","1990269777","0.320513"
"1990269777","2040692304","2.25504"
"2040692304","1990269777","2.25504"
"1990269777","2078410661","2.12885"
"2078410661","1990269777","2.12885"
"1990269777","2081693451","0.153846"
"2081693451","1990269777","0.153846"
"1990269777","2101641738","0.487179"
"2101641738","1990269777","0.487179"
"2002808981","2081693451","0.839957"
"2081693451","2002808981","0.839957"
"2016778593","2081693451","0.389957"
"2081693451","2016778593","0.389957"
"2073850260","2081693451","0.589957"
"2081693451","2073850260","0.589957"
"2078410661","2081693451","0.464957"
"2081693451","2078410661","0.464957"
"2081693451","2101641738","0.798291"
"2101641738","2081693451","0.798291"
"1989221798","2109419477","0.142857"
"2109419477","1989221798","0.142857"
"2017132227","2109419477","0.72619"
"2109419477","2017132227","0.72619"
"2041327349","2109419477","2.47619"
"2109419477","2041327349","2.47619"
"2078410661","97170299","0.577778"
"97170299","2078410661","0.577778"
"1989221798","2091561970","1"
"2091561970","1989221798","1"
"2017132227","2083842271","0.5"
"2083842271","2017132227","0.5"
"1990269777","97170299","0.692857"
"97170299","1990269777","0.692857"
"2032296889","2078410661","0.6"
"2078410661","2032296889","0.6"
"2032296889","97170299","0.3"
"97170299","2032296889","0.3"
"1990269777","2014040330","0.85119"
"2014040330","1990269777","0.85119"
"1992392028","2014040330","0.684524"
"2014040330","1992392028","0.684524"
"2002808981","2014040330","0.85119"
"2014040330","2002808981","0.85119"
"2014040330","2041327349","0.85119"
"2041327349","2014040330","0.85119"
"1990269777","2058949632","0.25"
"2058949632","1990269777","0.25"
"1992392028","2058949632","0.5"
"2058949632","1992392028","0.5"
"2041327349","2058949632","0.5"
"2058949632","2041327349","0.5"
"2058949632","2078410661","0.25"
"2078410661","2058949632","0.25"
"2014040330","2016778593","0.166667"
"2016778593","2014040330","0.166667"
"2014040330","2073850260","0.309524"
"2073850260","2014040330","0.309524"
"1990269777","1994415968","2.83333"
"1994415968","1990269777","2.83333"
"1994415968","2078410661","2.11111"
"2078410661","1994415968","2.11111"
"2014040330","2040692304","0.434524"
"2040692304","2014040330","0.434524"
"2014040330","97170299","0.142857"
"97170299","2014040330","0.142857"
"1990269777","1994324208","0.333333"
"1994324208","1990269777","0.333333"
"1994324208","2017132227","0.333333"
"2017132227","1994324208","0.333333"
"1994324208","2041327349","1.33333"
"2041327349","1994324208","1.33333"
"2014040330","2078410661","2.5"
"2078410661","2014040330","2.5"
"2014040330","2086732659","0.5"
"2086732659","2014040330","0.5"
"2040692304","2086732659","0.166667"
"2086732659","2040692304","0.166667"
"2078410661","2086732659","0.833333"
"2086732659","2078410661","0.833333"
"1990269777","2091561970","0.125"
"2091561970","1990269777","0.125"
"1992392028","2091561970","0.125"
"2091561970","1992392028","0.125"
"2014040330","2017132227","1.125"
"2017132227","2014040330","1.125"
"2014040330","2032296889","0.125"
"2032296889","2014040330","0.125"
"2014040330","2091561970","0.125"
"2091561970","2014040330","0.125"
"2041327349","2091561970","0.125"
"2091561970","2041327349","0.125"
"1994415968","2101641738","0.611111"
"2101641738","1994415968","0.611111"
"1990269777","2322978738","0.2"
"2322978738","1990269777","0.2"
"1992392028","2322978738","0.2"
"2322978738","1992392028","0.2"
"2002808981","2322978738","0.2"
"2322978738","2002808981","0.2"
"2032296889","2322978738","0.2"
"2322978738","2032296889","0.2"
"2322978738","97170299","0.2"
"97170299","2322978738","0.2"
"1990269777","2266549259","1"
"2266549259","1990269777","1"
"1990269777","2109419477","0.416667"
"2109419477","1990269777","0.416667"
"1990269777","2222403068","0.416667"
"2222403068","1990269777","0.416667"
"1992392028","2222403068","0.666667"
"2222403068","1992392028","0.666667"
"2040692304","2109419477","0.95"
"2109419477","2040692304","0.95"
"2040692304","2222403068","0.416667"
"2222403068","2040692304","0.416667"
"2041327349","2222403068","0.666667"
"2222403068","2041327349","0.666667"
"2078410661","2109419477","0.166667"
"2109419477","2078410661","0.166667"
"2078410661","2222403068","1.16667"
"2222403068","2078410661","1.16667"
"1990269777","2344395450","0.5"
"2344395450","1990269777","0.5"
"1990269777","2491356680","0.5"
"2491356680","1990269777","0.5"
"1990269777","2099917562","0.25"
"2099917562","1990269777","0.25"
"2099917562","2109419477","0.75"
"2109419477","2099917562","0.75"
"2099917562","2222403068","0.25"
"2222403068","2099917562","0.25"
"2081693451","97170299","0.644444"
"97170299","2081693451","0.644444"
"1992392028","1994415968","0.111111"
"1994415968","1992392028","0.111111"
"1994415968","2002808981","1.94444"
"2002808981","1994415968","1.94444"
"1994415968","2016778593","0.277778"
"2016778593","1994415968","0.277778"
"1994415968","2041327349","0.944444"
"2041327349","1994415968","0.944444"
"1994415968","2073850260","1.11111"
"2073850260","1994415968","1.11111"
"1994415968","2081693451","0.111111"
"2081693451","1994415968","0.111111"
"1994415968","97170299","0.111111"
"97170299","1994415968","0.111111"
"1992392028","2299687891","0.833333"
"2299687891","1992392028","0.833333"
"2222403068","2299687891","0.5"
"2299687891","2222403068","0.5"
"2081693451","2109419477","0.583333"
"2109419477","2081693451","0.583333"
"1992392028","2275274585","0.5"
"2275274585","1992392028","0.5"
"2081693451","2275274585","0.5"
"2275274585","2081693451","0.5"
"2073850260","2109419477","0.25"
"2109419477","2073850260","0.25"
"1992392028","2116249946","0.5"
"2116249946","1992392028","0.5"
"2081693451","2116249946","0.5"
"2116249946","2081693451","0.5"
"1992392028","2616943743","0.25"
"2616943743","1992392028","0.25"
"2041327349","2616943743","1.41667"
"2616943743","2041327349","1.41667"
"2058949632","2616943743","0.25"
"2616943743","2058949632","0.25"
"2109419477","2616943743","1.91667"
"2616943743","2109419477","1.91667"
"1992392028","2592164301","1.64286"
"2592164301","1992392028","1.64286"
"2081693451","2299687891","0.333333"
"2299687891","2081693451","0.333333"
"2299687891","2556609853","0.333333"
"2556609853","2299687891","0.333333"
"1992392028","2621396513","1"
"2621396513","1992392028","1"
"1992392028","2485267629","0.142857"
"2485267629","1992392028","0.142857"
"1992392028","2873568491","0.142857"
"2873568491","1992392028","0.142857"
"1992392028","2900537829","0.142857"
"2900537829","1992392028","0.142857"
"1992392028","2900934918","0.142857"
"2900934918","1992392028","0.142857"
"1992392028","2940445547","0.142857"
"2940445547","1992392028","0.142857"
"1992392028","2947668258","0.142857"
"2947668258","1992392028","0.142857"
"2485267629","2592164301","0.142857"
"2592164301","2485267629","0.142857"
"2485267629","2873568491","3.11905"
"2873568491","2485267629","3.11905"
"2485267629","2900537829","1.84286"
"2900537829","2485267629","1.84286"
"2485267629","2900934918","2.06905"
"2900934918","2485267629","2.06905"
"2485267629","2940445547","0.892857"
"2940445547","2485267629","0.892857"
"2485267629","2947668258","0.392857"
"2947668258","2485267629","0.392857"
"2592164301","2873568491","0.142857"
"2873568491","2592164301","0.142857"
"2592164301","2900537829","0.142857"
"2900537829","2592164301","0.142857"
"2592164301","2940445547","0.142857"
"2940445547","2592164301","0.142857"
"2592164301","2947668258","0.142857"
"2947668258","2592164301","0.142857"
"2873568491","2900537829","3.79286"
"2900537829","2873568491","3.79286"
"2873568491","2900934918","2.45238"
"2900934918","2873568491","2.45238"
"2873568491","2940445547","2.04286"
"2940445547","2873568491","2.04286"
"2873568491","2947668258","1.00952"
"2947668258","2873568491","1.00952"
"2900537829","2940445547","4.29286"
"2940445547","2900537829","4.29286"
"2900537829","2947668258","2.25952"
"2947668258","2900537829","2.25952"
"2900934918","2940445547","0.892857"
"2940445547","2900934918","0.892857"
"2900934918","2947668258","0.559524"
"2947668258","2900934918","0.559524"
"2940445547","2947668258","7.50952"
"2947668258","2940445547","7.50952"
"1994415968","2013650127","0.416667"
"2013650127","1994415968","0.416667"
"1994415968","2032296889","0.166667"
"2032296889","1994415968","0.166667"
"1994415968","2063373779","1.25"
"2063373779","1994415968","1.25"
"1994415968","2109419477","0.616667"
"2109419477","1994415968","0.616667"
"1994415968","2491356680","1.53333"
"2491356680","1994415968","1.53333"
"2063373779","2491356680","0.333333"
"2491356680","2063373779","0.333333"
"2073850260","2491356680","0.333333"
"2491356680","2073850260","0.333333"
"1994415968","2040692304","0.2"
"2040692304","1994415968","0.2"
"1994415968","2275274585","0.2"
"2275274585","1994415968","0.2"
"1994415968","2399520445","0.2"
"2399520445","1994415968","0.2"
"2040692304","2399520445","0.533333"
"2399520445","2040692304","0.533333"
"2109419477","2399520445","3.11667"
"2399520445","2109419477","3.11667"
"2275274585","2399520445","5.45"
"2399520445","2275274585","5.45"
"2399520445","2491356680","1.7"
"2491356680","2399520445","1.7"
"1994415968","2014040330","1"
"2014040330","1994415968","1"
"1994415968","2017132227","0.25"
"2017132227","1994415968","0.25"
"1994415968","2920894740","1"
"2920894740","1994415968","1"
"2016778593","2032296889","0.25"
"2032296889","2016778593","0.25"
"2016778593","2109419477","0.25"
"2109419477","2016778593","0.25"
"2002808981","2222403068","3.83333"
"2222403068","2002808981","3.83333"
"2002808981","2275274585","1.36667"
"2275274585","2002808981","1.36667"
"2032296889","2275274585","0.5"
"2275274585","2032296889","0.5"
"2222403068","2275274585","1.25"
"2275274585","2222403068","1.25"
"2002808981","2099917562","0.333333"
"2099917562","2002808981","0.333333"
"2002808981","2143317206","0.333333"
"2143317206","2002808981","0.333333"
"2032296889","2099917562","0.333333"
"2099917562","2032296889","0.333333"
"2032296889","2143317206","0.333333"
"2143317206","2032296889","0.333333"
"2099917562","2143317206","0.333333"
"2143317206","2099917562","0.333333"
"2078410661","2275274585","0.333333"
"2275274585","2078410661","0.333333"
"2101641738","2275274585","2.86667"
"2275274585","2101641738","2.86667"
"2017132227","2222403068","1.25"
"2222403068","2017132227","1.25"
"2002808981","2561992388","0.25"
"2561992388","2002808981","0.25"
"2101641738","2344395450","0.45"
"2344395450","2101641738","0.45"
"2101641738","2561992388","0.25"
"2561992388","2101641738","0.25"
"2101641738","2616943743","0.25"
"2616943743","2101641738","0.25"
"2344395450","2561992388","0.25"
"2561992388","2344395450","0.25"
"2561992388","2616943743","0.25"
"2616943743","2561992388","0.25"
"2002808981","2070003828","0.5"
"2070003828","2002808981","0.5"
"2017132227","2070003828","0.5"
"2070003828","2017132227","0.5"
"2002808981","2061236606","0.333333"
"2061236606","2002808981","0.333333"
"2032296889","2061236606","0.333333"
"2061236606","2032296889","0.333333"
"2061236606","2109419477","0.333333"
"2109419477","2061236606","0.333333"
"2002808981","2793357333","0.5"
"2793357333","2002808981","0.5"
"2109419477","2793357333","0.666667"
"2793357333","2109419477","0.666667"
"2002808981","2592164301","1"
"2592164301","2002808981","1"
"2101641738","2109419477","0.2"
"2109419477","2101641738","0.2"
"2101641738","2491356680","0.533333"
"2491356680","2101641738","0.533333"
"2002808981","2883087421","0.5"
"2883087421","2002808981","0.5"
"2032296889","2883087421","1.5"
"2883087421","2032296889","1.5"
"2013650127","2061236606","0.5"
"2061236606","2013650127","0.5"
"2061236606","2063373779","0.5"
"2063373779","2061236606","0.5"
"2033144398","2063373779","0.166667"
"2063373779","2033144398","0.166667"
"2013650127","2143317206","0.25"
"2143317206","2013650127","0.25"
"2040692304","2143317206","0.25"
"2143317206","2040692304","0.25"
"2041327349","2143317206","0.25"
"2143317206","2041327349","0.25"
"2101641738","2143317206","0.25"
"2143317206","2101641738","0.25"
"2013650127","2485267629","0.166667"
"2485267629","2013650127","0.166667"
"2013650127","2800627592","0.166667"
"2800627592","2013650127","0.166667"
"2013650127","2873568491","0.166667"
"2873568491","2013650127","0.166667"
"2013650127","2883087421","0.166667"
"2883087421","2013650127","0.166667"
"2013650127","2900537829","0.166667"
"2900537829","2013650127","0.166667"
"2013650127","2900934918","0.166667"
"2900934918","2013650127","0.166667"
"2485267629","2800627592","3.75952"
"2800627592","2485267629","3.75952"
"2485267629","2883087421","2.25952"
"2883087421","2485267629","2.25952"
"2800627592","2873568491","2.50952"
"2873568491","2800627592","2.50952"
"2800627592","2883087421","6.20952"
"2883087421","2800627592","6.20952"
"2800627592","2900537829","4.51667"
"2900537829","2800627592","4.51667"
"2800627592","2900934918","3.70952"
"2900934918","2800627592","3.70952"
"2873568491","2883087421","2.50952"
"2883087421","2873568491","2.50952"
"2014040330","2567563454","0.333333"
"2567563454","2014040330","0.333333"
"2078410661","2567563454","0.333333"
"2567563454","2078410661","0.333333"
"2086732659","2567563454","0.333333"
"2567563454","2086732659","0.333333"
"2017132227","2266549259","1"
"2266549259","2017132227","1"
"2017132227","2344395450","1"
"2344395450","2017132227","1"
"2017132227","2485267629","0.392857"
"2485267629","2017132227","0.392857"
"2040692304","2485267629","0.25"
"2485267629","2040692304","0.25"
"2091561970","2485267629","1.25"
"2485267629","2091561970","1.25"
"2485267629","2616943743","1.16667"
"2616943743","2485267629","1.16667"
"2017132227","2611395389","1"
"2611395389","2017132227","1"
"2017132227","2790451960","0.142857"
"2790451960","2017132227","0.142857"
"2017132227","2793357333","0.142857"
"2793357333","2017132227","0.142857"
"2017132227","2800627592","0.142857"
"2800627592","2017132227","0.142857"
"2017132227","2873568491","0.142857"
"2873568491","2017132227","0.142857"
"2017132227","2883087421","0.142857"
"2883087421","2017132227","0.142857"
"2017132227","2900934918","0.142857"
"2900934918","2017132227","0.142857"
"2485267629","2790451960","2.14286"
"2790451960","2485267629","2.14286"
"2485267629","2793357333","5.64286"
"2793357333","2485267629","5.64286"
"2790451960","2793357333","2.22619"
"2793357333","2790451960","2.22619"
"2790451960","2800627592","3.97619"
"2800627592","2790451960","3.97619"
"2790451960","2873568491","0.142857"
"2873568491","2790451960","0.142857"
"2790451960","2883087421","1.47619"
"2883087421","2790451960","1.47619"
"2790451960","2900934918","0.892857"
"2900934918","2790451960","0.892857"
"2793357333","2800627592","2.84286"
"2800627592","2793357333","2.84286"
"2793357333","2873568491","0.509524"
"2873568491","2793357333","0.509524"
"2793357333","2883087421","2.54286"
"2883087421","2793357333","2.54286"
"2793357333","2900934918","1.00952"
"2900934918","2793357333","1.00952"
"2032296889","2561992388","0.5"
"2561992388","2032296889","0.5"
"2109419477","2561992388","0.5"
"2561992388","2109419477","0.5"
"2040692304","2070003828","1"
"2070003828","2040692304","1"
"2078410661","2099917562","0.833333"
"2099917562","2078410661","0.833333"
"2040692304","2561992388","0.333333"
"2561992388","2040692304","0.333333"
"2078410661","2561992388","0.333333"
"2561992388","2078410661","0.333333"
"2099917562","2561992388","0.333333"
"2561992388","2099917562","0.333333"
"2041327349","2399520445","1"
"2399520445","2041327349","1"
"2041327349","2567563454","1"
"2567563454","2041327349","1"
"2041327349","2485267629","0.166667"
"2485267629","2041327349","0.166667"
"2041327349","2790451960","0.166667"
"2790451960","2041327349","0.166667"
"2041327349","2793357333","0.166667"
"2793357333","2041327349","0.166667"
"2041327349","2800627592","0.166667"
"2800627592","2041327349","0.166667"
"2109419477","2485267629","0.366667"
"2485267629","2109419477","0.366667"
"2109419477","2790451960","0.166667"
"2790451960","2109419477","0.166667"
"2109419477","2800627592","0.366667"
"2800627592","2109419477","0.366667"
"2616943743","2790451960","0.416667"
"2790451960","2616943743","0.416667"
"2616943743","2793357333","0.666667"
"2793357333","2616943743","0.666667"
"2616943743","2800627592","0.416667"
