"1562055382","1976092485","0.791667"
"1976092485","1562055382","0.791667"
"1562055382","2046929026","1.79167"
"2046929026","1562055382","1.79167"
"1562055382","2096222958","2.21786"
"2096222958","1562055382","2.21786"
"1562055382","2097855313","2.45833"
"2097855313","1562055382","2.45833"
"1562055382","2102968703","0.125"
"2102968703","1562055382","0.125"
"1562055382","2130332503","0.375"
"2130332503","1562055382","0.375"
"1562055382","2138993334","2.825"
"2138993334","1562055382","2.825"
"1562055382","2154022005","0.60119"
"2154022005","1562055382","0.60119"
"1976092485","2046929026","1.98611"
"2046929026","1976092485","1.98611"
"1976092485","2096222958","0.934524"
"2096222958","1976092485","0.934524"
"1976092485","2097855313","12.1623"
"2097855313","1976092485","12.1623"
"1976092485","2102968703","0.125"
"2102968703","1976092485","0.125"
"1976092485","2130332503","0.125"
"2130332503","1976092485","0.125"
"1976092485","2138993334","1.81944"
"2138993334","1976092485","1.81944"
"1976092485","2154022005","0.125"
"2154022005","1976092485","0.125"
"2046929026","2096222958","0.208333"
"2096222958","2046929026","0.208333"
"2046929026","2097855313","23.2123"
"2097855313","2046929026","23.2123"
"2046929026","2102968703","0.125"
"2102968703","2046929026","0.125"
"2046929026","2130332503","0.125"
"2130332503","2046929026","0.125"
"2046929026","2138993334","2.73611"
"2138993334","2046929026","2.73611"
"2046929026","2154022005","0.267857"
"2154022005","2046929026","0.267857"
"2096222958","2097855313","2.91071"
"2097855313","2096222958","2.91071"
"2096222958","2102968703","0.434524"
"2102968703","2096222958","0.434524"
"2096222958","2130332503","0.125"
"2130332503","2096222958","0.125"
"2096222958","2138993334","2.74167"
"2138993334","2096222958","2.74167"
"2096222958","2154022005","0.410714"
"2154022005","2096222958","0.410714"
"2097855313","2102968703","0.267857"
"2102968703","2097855313","0.267857"
"2097855313","2130332503","2.125"
"2130332503","2097855313","2.125"
"2097855313","2138993334","9.40278"
"2138993334","2097855313","9.40278"
"2097855313","2154022005","3.24405"
"2154022005","2097855313","3.24405"
"2102968703","2130332503","1.95833"
"2130332503","2102968703","1.95833"
"2102968703","2138993334","0.791667"
"2138993334","2102968703","0.791667"
"2102968703","2154022005","6.60119"
"2154022005","2102968703","6.60119"
"2130332503","2138993334","0.875"
"2138993334","2130332503","0.875"
"2130332503","2154022005","3.45833"
"2154022005","2130332503","3.45833"
"2138993334","2154022005","0.125"
"2154022005","2138993334","0.125"
"1562055382","1982907589","2.2"
"1982907589","1562055382","2.2"
"1562055382","2116297178","0.583333"
"2116297178","1562055382","0.583333"
"1976092485","1982907589","3.5373"
"1982907589","1976092485","3.5373"
"1976092485","2116297178","0.45"
"2116297178","1976092485","0.45"
"1982907589","2116297178","3.03333"
"2116297178","1982907589","3.03333"
"1982907589","2138993334","1.97778"
"2138993334","1982907589","1.97778"
"2116297178","2138993334","3.16667"
"2138993334","2116297178","3.16667"
"1562055382","85493232","0.333333"
"85493232","1562055382","0.333333"
"2096222958","85493232","0.809524"
"85493232","2096222958","0.809524"
"2138993334","85493232","0.444444"
"85493232","2138993334","0.444444"
"1562055382","1966902801","2.36667"
"1966902801","1562055382","2.36667"
"1562055382","2107906094","2.25"
"2107906094","1562055382","2.25"
"1966902801","2046929026","0.777778"
"2046929026","1966902801","0.777778"
"1966902801","2097855313","0.753968"
"2097855313","1966902801","0.753968"
"1966902801","2107906094","0.25"
"2107906094","1966902801","0.25"
"2046929026","2107906094","0.25"
"2107906094","2046929026","0.25"
"2097855313","2107906094","5.28333"
"2107906094","2097855313","5.28333"
"1562055382","2143215537","1"
"2143215537","1562055382","1"
"1562055382","1976691486","0.25"
"1976691486","1562055382","0.25"
"1562055382","2152290993","0.25"
"2152290993","1562055382","0.25"
"1976691486","2130332503","2.08333"
"2130332503","1976691486","2.08333"
"1976691486","2138993334","0.361111"
"2138993334","1976691486","0.361111"
"1976691486","2152290993","0.75"
"2152290993","1976691486","0.75"
"2130332503","2152290993","1.25"
"2152290993","2130332503","1.25"
"2138993334","2152290993","0.25"
"2152290993","2138993334","0.25"
"1562055382","1985573404","1.83333"
"1985573404","1562055382","1.83333"
"1985573404","2097855313","0.985714"
"2097855313","1985573404","0.985714"
"1985573404","2154022005","0.619048"
"2154022005","1985573404","0.619048"
"1562055382","2027545674","0.833333"
"2027545674","1562055382","0.833333"
"1562055382","2159072650","1.33333"
"2159072650","1562055382","1.33333"
"2027545674","2159072650","0.833333"
"2159072650","2027545674","0.833333"
"1562055382","1824892724","0.42619"
"1824892724","1562055382","0.42619"
"1824892724","1966902801","1.28333"
"1966902801","1824892724","1.28333"
"1824892724","1982907589","0.533333"
"1982907589","1824892724","0.533333"
"1824892724","2096222958","1.34286"
"2096222958","1824892724","1.34286"
"1824892724","2138993334","0.2"
"2138993334","1824892724","0.2"
"1966902801","1982907589","4.0373"
"1982907589","1966902801","4.0373"
"1966902801","2096222958","1.59286"
"2096222958","1966902801","1.59286"
"1966902801","2138993334","2.72778"
"2138993334","1966902801","2.72778"
"1982907589","2096222958","3.25952"
"2096222958","1982907589","3.25952"
"1966902801","1976092485","0.670635"
"1976092485","1966902801","0.670635"
"1982907589","1985573404","1.86667"
"1985573404","1982907589","1.86667"
"1982907589","2097855313","6.7873"
"2097855313","1982907589","6.7873"
"1562055382","2062415625","0.583333"
"2062415625","1562055382","0.583333"
"2062415625","2159072650","0.5"
"2159072650","2062415625","0.5"
"1562055382","2148595420","1"
"2148595420","1562055382","1"
"1562055382","2164031526","1"
"2164031526","1562055382","1"
"1562055382","1954551871","0.142857"
"1954551871","1562055382","0.142857"
"1562055382","2103889389","0.142857"
"2103889389","1562055382","0.142857"
"1562055382","2168569595","0.142857"
"2168569595","1562055382","0.142857"
"1562055382","2336804873","0.142857"
"2336804873","1562055382","0.142857"
"1824892724","1954551871","0.142857"
"1954551871","1824892724","0.142857"
"1824892724","2103889389","0.142857"
"2103889389","1824892724","0.142857"
"1824892724","2154022005","0.285714"
"2154022005","1824892724","0.285714"
"1824892724","2168569595","0.142857"
"2168569595","1824892724","0.142857"
"1824892724","2336804873","0.142857"
"2336804873","1824892724","0.142857"
"1954551871","2096222958","0.142857"
"2096222958","1954551871","0.142857"
"1954551871","2103889389","0.142857"
"2103889389","1954551871","0.142857"
"1954551871","2154022005","0.142857"
"2154022005","1954551871","0.142857"
"1954551871","2168569595","0.142857"
"2168569595","1954551871","0.142857"
"1954551871","2336804873","0.142857"
"2336804873","1954551871","0.142857"
"2096222958","2103889389","0.509524"
"2103889389","2096222958","0.509524"
"2096222958","2168569595","0.142857"
"2168569595","2096222958","0.142857"
"2096222958","2336804873","0.142857"
"2336804873","2096222958","0.142857"
"2103889389","2154022005","1.14286"
"2154022005","2103889389","1.14286"
"2103889389","2168569595","1.55952"
"2168569595","2103889389","1.55952"
"2103889389","2336804873","0.142857"
"2336804873","2103889389","0.142857"
"2154022005","2168569595","0.142857"
"2168569595","2154022005","0.142857"
"2154022005","2336804873","0.142857"
"2336804873","2154022005","0.142857"
"2168569595","2336804873","0.142857"
"2336804873","2168569595","0.142857"
"1562055382","2513419267","0.833333"
"2513419267","1562055382","0.833333"
"1966902801","2513419267","0.5"
"2513419267","1966902801","0.5"
"1562055382","2120641316","0.333333"
"2120641316","1562055382","0.333333"
"1562055382","2330482840","1.25"
"2330482840","1562055382","1.25"
"1562055382","2512061239","0.833333"
"2512061239","1562055382","0.833333"
"2120641316","2330482840","0.5"
"2330482840","2120641316","0.5"
"2120641316","2512061239","0.333333"
"2512061239","2120641316","0.333333"
"2330482840","2512061239","0.833333"
"2512061239","2330482840","0.833333"
"2116297178","2330482840","0.833333"
"2330482840","2116297178","0.833333"
"2138993334","2330482840","0.5"
"2330482840","2138993334","0.5"
"1562055382","1826361221","0.416667"
"1826361221","1562055382","0.416667"
"1562055382","2058671883","0.0833333"
"2058671883","1562055382","0.0833333"
"1562055382","2086608200","0.0833333"
"2086608200","1562055382","0.0833333"
"1824892724","1826361221","0.0833333"
"1826361221","1824892724","0.0833333"
"1824892724","1976092485","0.0833333"
"1976092485","1824892724","0.0833333"
"1824892724","2046929026","0.22619"
"2046929026","1824892724","0.22619"
"1824892724","2058671883","0.0833333"
"2058671883","1824892724","0.0833333"
"1824892724","2062415625","0.0833333"
"2062415625","1824892724","0.0833333"
"1824892724","2086608200","0.22619"
"2086608200","1824892724","0.22619"
"1824892724","2097855313","1.80952"
"2097855313","1824892724","1.80952"
"1824892724","2330482840","0.416667"
"2330482840","1824892724","0.416667"
"1826361221","1966902801","0.0833333"
"1966902801","1826361221","0.0833333"
"1826361221","1976092485","0.0833333"
"1976092485","1826361221","0.0833333"
"1826361221","1982907589","0.0833333"
"1982907589","1826361221","0.0833333"
"1826361221","2046929026","0.0833333"
"2046929026","1826361221","0.0833333"
"1826361221","2058671883","0.0833333"
"2058671883","1826361221","0.0833333"
"1826361221","2062415625","0.0833333"
"2062415625","1826361221","0.0833333"
"1826361221","2086608200","0.0833333"
"2086608200","1826361221","0.0833333"
"1826361221","2096222958","0.0833333"
"2096222958","1826361221","0.0833333"
"1826361221","2097855313","0.0833333"
"2097855313","1826361221","0.0833333"
"1826361221","2330482840","1.08333"
"2330482840","1826361221","1.08333"
"1966902801","2058671883","0.0833333"
"2058671883","1966902801","0.0833333"
"1966902801","2062415625","0.0833333"
"2062415625","1966902801","0.0833333"
"1966902801","2086608200","0.194444"
"2086608200","1966902801","0.194444"
"1966902801","2330482840","0.22619"
"2330482840","1966902801","0.22619"
"1976092485","2058671883","2.08333"
"2058671883","1976092485","2.08333"
"1976092485","2062415625","0.0833333"
"2062415625","1976092485","0.0833333"
"1976092485","2086608200","0.194444"
"2086608200","1976092485","0.194444"
"1976092485","2330482840","0.22619"
"2330482840","1976092485","0.22619"
"1982907589","2046929026","3.02778"
"2046929026","1982907589","3.02778"
"1982907589","2058671883","1.08333"
"2058671883","1982907589","1.08333"
"1982907589","2062415625","0.0833333"
"2062415625","1982907589","0.0833333"
"1982907589","2086608200","0.194444"
"2086608200","1982907589","0.194444"
"1982907589","2330482840","0.72619"
"2330482840","1982907589","0.72619"
"2046929026","2058671883","5.75"
"2058671883","2046929026","5.75"
"2046929026","2062415625","0.0833333"
"2062415625","2046929026","0.0833333"
"2046929026","2086608200","5.17063"
"2086608200","2046929026","5.17063"
"2046929026","2330482840","0.0833333"
"2330482840","2046929026","0.0833333"
"2058671883","2062415625","0.0833333"
"2062415625","2058671883","0.0833333"
"2058671883","2086608200","2.41667"
"2086608200","2058671883","2.41667"
"2058671883","2096222958","0.416667"
"2096222958","2058671883","0.416667"
"2058671883","2097855313","7.25"
"2097855313","2058671883","7.25"
"2058671883","2330482840","0.0833333"
"2330482840","2058671883","0.0833333"
"2062415625","2086608200","0.0833333"
"2086608200","2062415625","0.0833333"
"2062415625","2096222958","1.08333"
"2096222958","2062415625","1.08333"
"2062415625","2097855313","0.0833333"
"2097855313","2062415625","0.0833333"
"2062415625","2330482840","0.0833333"
"2330482840","2062415625","0.0833333"
"2086608200","2096222958","0.0833333"
"2096222958","2086608200","0.0833333"
"2086608200","2097855313","5.50397"
"2097855313","2086608200","5.50397"
"2086608200","2330482840","0.0833333"
"2330482840","2086608200","0.0833333"
"2096222958","2330482840","1.42619"
"2330482840","2096222958","1.42619"
"2097855313","2330482840","1.72619"
"2330482840","2097855313","1.72619"
"1562055382","2766597844","1.16667"
"2766597844","1562055382","1.16667"
"1826361221","2513419267","0.333333"
"2513419267","1826361221","0.333333"
"1826361221","2766597844","0.333333"
"2766597844","1826361221","0.333333"
"2513419267","2766597844","1.66667"
"2766597844","2513419267","1.66667"
"1982907589","2766597844","0.642857"
"2766597844","1982907589","0.642857"
"1982907589","2027545674","0.611111"
"2027545674","1982907589","0.611111"
"1982907589","2159072650","1.58333"
"2159072650","1982907589","1.58333"
"1562055382","291506396","1"
"291506396","1562055382","1"
"2046929026","2766597844","0.333333"
"2766597844","2046929026","0.333333"
"2097855313","2766597844","1.47619"
"2766597844","2097855313","1.47619"
"1600962606","1966902801","0.166667"
"1966902801","1600962606","0.166667"
"1600962606","1982907589","0.166667"
"1982907589","1600962606","0.166667"
"1600962606","1985573404","0.666667"
"1985573404","1600962606","0.666667"
"1600962606","2027545674","0.166667"
"2027545674","1600962606","0.166667"
"1600962606","2096222958","0.166667"
"2096222958","1600962606","0.166667"
"1600962606","2097855313","0.166667"
"2097855313","1600962606","0.166667"
"1966902801","1985573404","0.166667"
"1985573404","1966902801","0.166667"
"1966902801","2027545674","0.277778"
"2027545674","1966902801","0.277778"
"1985573404","2027545674","0.166667"
"2027545674","1985573404","0.166667"
"1985573404","2096222958","0.309524"
"2096222958","1985573404","0.309524"
"2027545674","2096222958","0.166667"
"2096222958","2027545674","0.166667"
"2027545674","2097855313","0.777778"
"2097855313","2027545674","0.777778"
"1600962606","2159072650","1"
"2159072650","1600962606","1"
"1600962606","1826361221","2.5"
"1826361221","1600962606","2.5"
"1826361221","1985573404","1.5"
"1985573404","1826361221","1.5"
"1801410264","2097855313","1"
"2097855313","1801410264","1"
"1801410264","1962938849","1"
"1962938849","1801410264","1"
"1801410264","2103889389","0.75"
"2103889389","1801410264","0.75"
"1801410264","2513419267","0.5"
"2513419267","1801410264","0.5"
"2103889389","2513419267","0.866667"
"2513419267","2103889389","0.866667"
"1801410264","2148595420","0.25"
"2148595420","1801410264","0.25"
"1801410264","2168569595","0.25"
"2168569595","1801410264","0.25"
"1801410264","2330482840","0.25"
"2330482840","1801410264","0.25"
"2103889389","2148595420","5.78333"
"2148595420","2103889389","5.78333"
"2103889389","2330482840","0.983333"
"2330482840","2103889389","0.983333"
"2148595420","2168569595","0.416667"
"2168569595","2148595420","0.416667"
"2148595420","2330482840","4.50952"
"2330482840","2148595420","4.50952"
"2168569595","2330482840","0.416667"
"2330482840","2168569595","0.416667"
"1824892724","1985573404","3.14286"
"1985573404","1824892724","3.14286"
"1824892724","2107228355","0.142857"
"2107228355","1824892724","0.142857"
"1824892724","2116297178","0.392857"
"2116297178","1824892724","0.392857"
"1985573404","2046929026","0.142857"
"2046929026","1985573404","0.142857"
"1985573404","2086608200","0.142857"
"2086608200","1985573404","0.142857"
"1985573404","2107228355","0.142857"
"2107228355","1985573404","0.142857"
"1985573404","2116297178","0.342857"
"2116297178","1985573404","0.342857"
"2046929026","2107228355","0.142857"
"2107228355","2046929026","0.142857"
"2046929026","2116297178","0.142857"
"2116297178","2046929026","0.142857"
"2086608200","2107228355","0.142857"
"2107228355","2086608200","0.142857"
"2086608200","2116297178","0.142857"
"2116297178","2086608200","0.142857"
"2086608200","2154022005","0.142857"
"2154022005","2086608200","0.142857"
"2097855313","2107228355","0.142857"
"2107228355","2097855313","0.142857"
"2097855313","2116297178","0.592857"
"2116297178","2097855313","0.592857"
"2107228355","2116297178","0.142857"
"2116297178","2107228355","0.142857"
"2107228355","2154022005","0.642857"
"2154022005","2107228355","0.642857"
"2116297178","2154022005","0.142857"
"2154022005","2116297178","0.142857"
"2096222958","2116297178","1.08333"
"2116297178","2096222958","1.08333"
"1824892724","2766597844","0.333333"
"2766597844","1824892724","0.333333"
"2096222958","2766597844","0.97619"
"2766597844","2096222958","0.97619"
"2330482840","2766597844","7.80952"
"2766597844","2330482840","7.80952"
"1824892724","2107906094","0.333333"
"2107906094","1824892724","0.333333"
"2096222958","2107906094","1.33333"
"2107906094","2096222958","1.33333"
"1826361221","2108835447","1"
"2108835447","1826361221","1"
"1954551871","2124077863","2"
"2124077863","1954551871","2"
"1962938849","2130332503","2.5"
"2130332503","1962938849","2.5"
"1962938849","2152290993","0.5"
"2152290993","1962938849","0.5"
"1966902801","2116297178","0.5"
"2116297178","1966902801","0.5"
"1966902801","2164031526","0.25"
"2164031526","1966902801","0.25"
"1982907589","2164031526","0.25"
"2164031526","1982907589","0.25"
"2096222958","2164031526","0.75"
"2164031526","2096222958","0.75"
"2116297178","2164031526","0.25"
"2164031526","2116297178","0.25"
"1966902801","2120641316","0.5"
"2120641316","1966902801","0.5"
"1982907589","2120641316","1"
"2120641316","1982907589","1"
"1966902801","1976691486","0.111111"
"1976691486","1966902801","0.111111"
"1966902801","85493232","0.111111"
"85493232","1966902801","0.111111"
"1976092485","1976691486","0.111111"
"1976691486","1976092485","0.111111"
"1976092485","2027545674","0.111111"
"2027545674","1976092485","0.111111"
"1976092485","85493232","2.44444"
"85493232","1976092485","2.44444"
"1976691486","1982907589","0.111111"
"1982907589","1976691486","0.111111"
"1976691486","2027545674","0.111111"
"2027545674","1976691486","0.111111"
"1976691486","2046929026","0.111111"
"2046929026","1976691486","0.111111"
"1976691486","2086608200","0.111111"
"2086608200","1976691486","0.111111"
"1976691486","2097855313","0.111111"
"2097855313","1976691486","0.111111"
"1976691486","85493232","0.111111"
"85493232","1976691486","0.111111"
"1982907589","85493232","0.111111"
"85493232","1982907589","0.111111"
"2027545674","2046929026","0.111111"
"2046929026","2027545674","0.111111"
"2027545674","2086608200","0.111111"
"2086608200","2027545674","0.111111"
"2027545674","2138993334","0.111111"
"2138993334","2027545674","0.111111"
"2027545674","85493232","0.611111"
"85493232","2027545674","0.611111"
"2046929026","85493232","0.111111"
"85493232","2046929026","0.111111"
"2086608200","2138993334","3.94444"
"2138993334","2086608200","3.94444"
"2086608200","85493232","0.111111"
"85493232","2086608200","0.111111"
"2097855313","85493232","0.253968"
"85493232","2097855313","0.253968"
"1966902801","2148595420","0.142857"
"2148595420","1966902801","0.142857"
"1966902801","2766597844","0.142857"
"2766597844","1966902801","0.142857"
"1976092485","2148595420","0.142857"
"2148595420","1976092485","0.142857"
"1976092485","2766597844","0.142857"
"2766597844","1976092485","0.142857"
"1982907589","2148595420","0.142857"
"2148595420","1982907589","0.142857"
"2096222958","2148595420","0.452381"
"2148595420","2096222958","0.452381"
"2097855313","2148595420","0.285714"
"2148595420","2097855313","0.285714"
"2148595420","2766597844","0.809524"
"2766597844","2148595420","0.809524"
"1968765040","2143215537","5"
"2143215537","1968765040","5"
"1968765040","2159072650","4.25"
"2159072650","1968765040","4.25"
"1968765040","2068338307","2"
"2068338307","1968765040","2"
"2068338307","2143215537","3"
"2143215537","2068338307","3"
"1968765040","1976092485","0.25"
"1976092485","1968765040","0.25"
"1968765040","1982907589","0.25"
"1982907589","1968765040","0.25"
"1968765040","2096222958","0.75"
"2096222958","1968765040","0.75"
"1976092485","2159072650","0.25"
"2159072650","1976092485","0.25"
"2096222958","2159072650","3.89286"
"2159072650","2096222958","3.89286"
"1968765040","2148595420","0.5"
"2148595420","1968765040","0.5"
"2148595420","2159072650","11.2262"
"2159072650","2148595420","11.2262"
"1976092485","291506396","0.666667"
"291506396","1976092485","0.666667"
"2058671883","291506396","0.333333"
"291506396","2058671883","0.333333"
"2097855313","291506396","2.83333"
"291506396","2097855313","2.83333"
"2096222958","291506396","0.333333"
"291506396","2096222958","0.333333"
"291506396","85493232","0.333333"
"85493232","291506396","0.333333"
"1976092485","1985573404","0.2"
"1985573404","1976092485","0.2"
"1976092485","2107906094","0.2"
"2107906094","1976092485","0.2"
"1982907589","2107906094","1.2"
"2107906094","1982907589","1.2"
"1985573404","2107906094","0.2"
"2107906094","1985573404","0.2"
"2107906094","2116297178","0.2"
"2116297178","2107906094","0.2"
"1976092485","2164031526","1"
"2164031526","1976092485","1"
"1976691486","2102968703","0.333333"
"2102968703","1976691486","0.333333"
"1976691486","2154022005","0.333333"
"2154022005","1976691486","0.333333"
"1982907589","2143215537","0.5"
"2143215537","1982907589","0.5"
"2096222958","2143215537","0.5"
"2143215537","2096222958","0.5"
"2097855313","2120641316","1.16667"
"2120641316","2097855313","1.16667"
"1985573404","2143215537","3"
"2143215537","1985573404","3"
"1985573404","2148595420","1.14286"
"2148595420","1985573404","1.14286"
"1985573404","2102968703","0.142857"
"2102968703","1985573404","0.142857"
"1985573404","2159072650","1.14286"
"2159072650","1985573404","1.14286"
"1985573404","85493232","0.142857"
"85493232","1985573404","0.142857"
"2097855313","2159072650","0.142857"
"2159072650","2097855313","0.142857"
"2102968703","2148595420","1.30952"
"2148595420","2102968703","1.30952"
"2102968703","2159072650","0.142857"
"2159072650","2102968703","0.142857"
"2102968703","85493232","0.142857"
"85493232","2102968703","0.142857"
"2148595420","2154022005","0.142857"
"2154022005","2148595420","0.142857"
"2148595420","85493232","0.142857"
"85493232","2148595420","0.142857"
"2154022005","2159072650","0.142857"
"2159072650","2154022005","0.142857"
"2154022005","85493232","0.142857"
"85493232","2154022005","0.142857"
"2159072650","85493232","0.142857"
"85493232","2159072650","0.142857"
"2006183964","2097855313","3.5"
"2097855313","2006183964","3.5"
"2006183964","291506396","3"
"291506396","2006183964","3"
"2006183964","2154022005","0.5"
"2154022005","2006183964","0.5"
"2027545674","2143215537","1"
"2143215537","2027545674","1"
"2027545674","291506396","1"
"291506396","2027545674","1"
"2027545674","2103889389","0.166667"
"2103889389","2027545674","0.166667"
"2027545674","2148595420","0.166667"
"2148595420","2027545674","0.166667"
"2027545674","2168569595","0.166667"
"2168569595","2027545674","0.166667"
"2027545674","2330482840","0.666667"
"2330482840","2027545674","0.666667"
"2027545674","2463535935","0.166667"
"2463535935","2027545674","0.166667"
"2027545674","2513419267","0.166667"
"2513419267","2027545674","0.166667"
"2103889389","2463535935","0.566667"
"2463535935","2103889389","0.566667"
"2148595420","2463535935","0.366667"
"2463535935","2148595420","0.366667"
"2148595420","2513419267","0.75"
"2513419267","2148595420","0.75"
"2168569595","2463535935","0.166667"
"2463535935","2168569595","0.166667"
"2168569595","2513419267","0.166667"
"2513419267","2168569595","0.166667"
"2330482840","2463535935","0.566667"
"2463535935","2330482840","0.566667"
"2330482840","2513419267","1.11667"
"2513419267","2330482840","1.11667"
"2463535935","2513419267","0.366667"
"2513419267","2463535935","0.366667"
"2027545674","2766597844","1.5"
"2766597844","2027545674","1.5"
"2766597844","85493232","0.5"
"85493232","2766597844","0.5"
"2058671883","2138993334","3.83333"
"2138993334","2058671883","3.83333"
"2046929026","2164031526","1"
"2164031526","2046929026","1"
"2058671883","2120641316","0.333333"
"2120641316","2058671883","0.333333"
"2120641316","2138993334","0.833333"
"2138993334","2120641316","0.833333"
"2068338307","2102968703","1"
"2102968703","2068338307","1"
"2068338307","2168569595","1"
"2168569595","2068338307","1"
"2068338307","2103889389","0.2"
"2103889389","2068338307","0.2"
"2068338307","2148595420","0.2"
"2148595420","2068338307","0.2"
"2068338307","2330482840","0.2"
"2330482840","2068338307","0.2"
"2068338307","2463535935","0.2"
"2463535935","2068338307","0.2"
"2068338307","2464764989","0.2"
"2464764989","2068338307","0.2"
"2103889389","2464764989","1.7"
"2464764989","2103889389","1.7"
"2148595420","2464764989","0.2"
"2464764989","2148595420","0.2"
"2330482840","2464764989","0.2"
"2464764989","2330482840","0.2"
"2463535935","2464764989","0.2"
"2464764989","2463535935","0.2"
"2086608200","2107906094","0.5"
"2107906094","2086608200","0.5"
"2086608200","2120641316","0.333333"
"2120641316","2086608200","0.333333"
"2096222958","2120641316","0.666667"
"2120641316","2096222958","0.666667"
"2102968703","2103889389","0.166667"
"2103889389","2102968703","0.166667"
"2102968703","2120641316","0.166667"
"2120641316","2102968703","0.166667"
"2102968703","2330482840","0.166667"
"2330482840","2102968703","0.166667"
"2103889389","2120641316","2.16667"
"2120641316","2103889389","2.16667"
"2103889389","2138993334","0.166667"
"2138993334","2103889389","0.166667"
"2120641316","2148595420","0.166667"
"2148595420","2120641316","0.166667"
"2138993334","2148595420","0.166667"
"2148595420","2138993334","0.166667"
"2120641316","2164031526","0.5"
"2164031526","2120641316","0.5"
"2096222958","2463535935","0.2"
"2463535935","2096222958","0.2"
"2096222958","2513419267","1.7"
"2513419267","2096222958","1.7"
"2096222958","2561914342","0.2"
"2561914342","2096222958","0.2"
"2103889389","2561914342","0.2"
"2561914342","2103889389","0.2"
"2330482840","2561914342","1.45"
"2561914342","2330482840","1.45"
"2463535935","2561914342","0.2"
"2561914342","2463535935","0.2"
"2513419267","2561914342","0.45"
"2561914342","2513419267","0.45"
"2096222958","2512061239","0.5"
"2512061239","2096222958","0.5"
"2138993334","2512061239","0.5"
"2512061239","2138993334","0.5"
"2097855313","2226721011","0.5"
"2226721011","2097855313","0.5"
"2226721011","291506396","0.5"
"291506396","2226721011","0.5"
"2097855313","2124077863","1"
"2124077863","2097855313","1"
"2097855313","2164031526","1"
"2164031526","2097855313","1"
"2097855313","2336804873","1"
"2336804873","2097855313","1"
"2097855313","2513419267","1"
"2513419267","2097855313","1"
"2138993334","2766597844","0.5"
"2766597844","2138993334","0.5"
"2103889389","2143215537","0.5"
"2143215537","2103889389","0.5"
"2143215537","2464764989","0.5"
"2464764989","2143215537","0.5"
"2107228355","2124077863","0.5"
"2124077863","2107228355","0.5"
"2124077863","2154022005","1.5"
"2154022005","2124077863","1.5"
"2107906094","2124077863","2"
"2124077863","2107906094","2"
"2107906094","2138993334","1"
"2138993334","2107906094","1"
"2107906094","2148595420","1"
"2148595420","2107906094","1"
"2148595420","2561914342","0.25"
"2561914342","2148595420","0.25"
"2159072650","2330482840","1.58333"
"2330482840","2159072650","1.58333"
"2159072650","2513419267","0.25"
"2513419267","2159072650","0.25"
"2159072650","2561914342","0.25"
"2561914342","2159072650","0.25"
"2148595420","2512061239","1.33333"
"2512061239","2148595420","1.33333"
"2159072650","2766597844","0.333333"
"2766597844","2159072650","0.333333"
"2512061239","2513419267","2.33333"
"2513419267","2512061239","2.33333"
"2512061239","2766597844","0.333333"
"2766597844","2512061239","0.333333"
"2154022005","2180769951","1"
"2180769951","2154022005","1"
"2406596427","2463535935","1"
"2463535935","2406596427","1"
"2464764989","2561914342","1"
"2561914342","2464764989","1"
