"109990351","2029533776","1.5"
"2029533776","109990351","1.5"
"109990351","2022292926","0.5"
"2022292926","109990351","0.5"
"2022292926","2029533776","1.5671"
"2029533776","2022292926","1.5671"
"1237471683","1968927634","1.69444"
"1968927634","1237471683","1.69444"
"1237471683","2076227143","0.333333"
"2076227143","1237471683","0.333333"
"1237471683","2078729846","0.25"
"2078729846","1237471683","0.25"
"1237471683","2141175968","0.444444"
"2141175968","1237471683","0.444444"
"1968927634","2076227143","8.35"
"2076227143","1968927634","8.35"
"1968927634","2078729846","0.75"
"2078729846","1968927634","0.75"
"1968927634","2141175968","17.9421"
"2141175968","1968927634","17.9421"
"2076227143","2078729846","0.25"
"2078729846","2076227143","0.25"
"2076227143","2141175968","4.66667"
"2141175968","2076227143","4.66667"
"2078729846","2141175968","1.75"
"2141175968","2078729846","1.75"
"1237471683","1496881388","0.0833333"
"1496881388","1237471683","0.0833333"
"1237471683","1987442066","0.0833333"
"1987442066","1237471683","0.0833333"
"1237471683","1992411228","0.0833333"
"1992411228","1237471683","0.0833333"
"1237471683","2006996936","0.0833333"
"2006996936","1237471683","0.0833333"
"1237471683","2021581601","0.194444"
"2021581601","1237471683","0.194444"
"1237471683","2023217403","0.0833333"
"2023217403","1237471683","0.0833333"
"1237471683","2067073114","0.0833333"
"2067073114","1237471683","0.0833333"
"1237471683","2068333205","0.0833333"
"2068333205","1237471683","0.0833333"
"1237471683","2070377439","0.0833333"
"2070377439","1237471683","0.0833333"
"1496881388","1968927634","1.2381"
"1968927634","1496881388","1.2381"
"1496881388","1987442066","0.0833333"
"1987442066","1496881388","0.0833333"
"1496881388","1992411228","0.154762"
"1992411228","1496881388","0.154762"
"1496881388","2006996936","0.0833333"
"2006996936","1496881388","0.0833333"
"1496881388","2021581601","0.0833333"
"2021581601","1496881388","0.0833333"
"1496881388","2023217403","0.0833333"
"2023217403","1496881388","0.0833333"
"1496881388","2067073114","0.154762"
"2067073114","1496881388","0.154762"
"1496881388","2068333205","0.0833333"
"2068333205","1496881388","0.0833333"
"1496881388","2070377439","0.154762"
"2070377439","1496881388","0.154762"
"1496881388","2076227143","0.0833333"
"2076227143","1496881388","0.0833333"
"1496881388","2141175968","0.0833333"
"2141175968","1496881388","0.0833333"
"1968927634","1987442066","0.0833333"
"1987442066","1968927634","0.0833333"
"1968927634","1992411228","27.4143"
"1992411228","1968927634","27.4143"
"1968927634","2006996936","1.87619"
"2006996936","1968927634","1.87619"
"1968927634","2021581601","7.2254"
"2021581601","1968927634","7.2254"
"1968927634","2023217403","4.47143"
"2023217403","1968927634","4.47143"
"1968927634","2067073114","0.988095"
"2067073114","1968927634","0.988095"
"1968927634","2068333205","5.4381"
"2068333205","1968927634","5.4381"
"1968927634","2070377439","6.82143"
"2070377439","1968927634","6.82143"
"1987442066","1992411228","0.0833333"
"1992411228","1987442066","0.0833333"
"1987442066","2006996936","0.0833333"
"2006996936","1987442066","0.0833333"
"1987442066","2021581601","0.0833333"
"2021581601","1987442066","0.0833333"
"1987442066","2023217403","0.0833333"
"2023217403","1987442066","0.0833333"
"1987442066","2067073114","0.0833333"
"2067073114","1987442066","0.0833333"
"1987442066","2068333205","0.0833333"
"2068333205","1987442066","0.0833333"
"1987442066","2070377439","0.0833333"
"2070377439","1987442066","0.0833333"
"1987442066","2076227143","0.0833333"
"2076227143","1987442066","0.0833333"
"1987442066","2141175968","0.0833333"
"2141175968","1987442066","0.0833333"
"1992411228","2006996936","0.0833333"
"2006996936","1992411228","0.0833333"
"1992411228","2021581601","0.283333"
"2021581601","1992411228","0.283333"
"1992411228","2023217403","0.616667"
"2023217403","1992411228","0.616667"
"1992411228","2067073114","0.154762"
"2067073114","1992411228","0.154762"
"1992411228","2068333205","0.0833333"
"2068333205","1992411228","0.0833333"
"1992411228","2070377439","0.154762"
"2070377439","1992411228","0.154762"
"1992411228","2076227143","0.283333"
"2076227143","1992411228","0.283333"
"1992411228","2141175968","2.05952"
"2141175968","1992411228","2.05952"
"2006996936","2021581601","0.42619"
"2021581601","2006996936","0.42619"
"2006996936","2023217403","6.78333"
"2023217403","2006996936","6.78333"
"2006996936","2067073114","11.5076"
"2067073114","2006996936","11.5076"
"2006996936","2068333205","1.03333"
"2068333205","2006996936","1.03333"
"2006996936","2070377439","0.583333"
"2070377439","2006996936","0.583333"
"2006996936","2076227143","3.28333"
"2076227143","2006996936","3.28333"
"2006996936","2141175968","0.533333"
"2141175968","2006996936","0.533333"
"2021581601","2023217403","0.854762"
"2023217403","2021581601","0.854762"
"2021581601","2067073114","0.0833333"
"2067073114","2021581601","0.0833333"
"2021581601","2068333205","0.154762"
"2068333205","2021581601","0.154762"
"2021581601","2070377439","0.0833333"
"2070377439","2021581601","0.0833333"
"2021581601","2076227143","2.18333"
"2076227143","2021581601","2.18333"
"2021581601","2141175968","0.93254"
"2141175968","2021581601","0.93254"
"2023217403","2067073114","0.0833333"
"2067073114","2023217403","0.0833333"
"2023217403","2068333205","1.85476"
"2068333205","2023217403","1.85476"
"2023217403","2070377439","0.0833333"
"2070377439","2023217403","0.0833333"
"2023217403","2076227143","4.36667"
"2076227143","2023217403","4.36667"
"2023217403","2141175968","4.52143"
"2141175968","2023217403","4.52143"
"2067073114","2068333205","0.0833333"
"2068333205","2067073114","0.0833333"
"2067073114","2070377439","0.988095"
"2070377439","2067073114","0.988095"
"2067073114","2076227143","1.08333"
"2076227143","2067073114","1.08333"
"2067073114","2141175968","0.0833333"
"2141175968","2067073114","0.0833333"
"2068333205","2070377439","1.20833"
"2070377439","2068333205","1.20833"
"2068333205","2076227143","1.58333"
"2076227143","2068333205","1.58333"
"2068333205","2141175968","1.10476"
"2141175968","2068333205","1.10476"
"2070377439","2076227143","0.416667"
"2076227143","2070377439","0.416667"
"2070377439","2141175968","0.0833333"
"2141175968","2070377439","0.0833333"
"1237471683","1977437814","0.25"
"1977437814","1237471683","0.25"
"1237471683","1983164881","0.25"
"1983164881","1237471683","0.25"
"1237471683","2259592457","0.25"
"2259592457","1237471683","0.25"
"1968927634","1977437814","1.04762"
"1977437814","1968927634","1.04762"
"1968927634","1983164881","3.7381"
"1983164881","1968927634","3.7381"
"1968927634","2259592457","3.13095"
"2259592457","1968927634","3.13095"
"1977437814","1983164881","0.321429"
"1983164881","1977437814","0.321429"
"1977437814","2259592457","1.21429"
"2259592457","1977437814","1.21429"
"1983164881","2259592457","0.654762"
"2259592457","1983164881","0.654762"
"1237471683","2059120814","0.111111"
"2059120814","1237471683","0.111111"
"1237471683","2231711798","0.111111"
"2231711798","1237471683","0.111111"
"1237471683","2388783363","0.111111"
"2388783363","1237471683","0.111111"
"1237471683","2469056188","0.111111"
"2469056188","1237471683","0.111111"
"1237471683","2624553223","0.111111"
"2624553223","1237471683","0.111111"
"1237471683","2740692915","0.111111"
"2740692915","1237471683","0.111111"
"1968927634","2059120814","17.7159"
"2059120814","1968927634","17.7159"
"1968927634","2231711798","8.04921"
"2231711798","1968927634","8.04921"
"1968927634","2388783363","1.41825"
"2388783363","1968927634","1.41825"
"1968927634","2469056188","3.99206"
"2469056188","1968927634","3.99206"
"1968927634","2624553223","5.42778"
"2624553223","1968927634","5.42778"
"1968927634","2740692915","0.253968"
"2740692915","1968927634","0.253968"
"2021581601","2059120814","0.549206"
"2059120814","2021581601","0.549206"
"2021581601","2231711798","1.04921"
"2231711798","2021581601","1.04921"
"2021581601","2388783363","1.1754"
"2388783363","2021581601","1.1754"
"2021581601","2469056188","5.19206"
"2469056188","2021581601","5.19206"
"2021581601","2624553223","0.311111"
"2624553223","2021581601","0.311111"
"2021581601","2740692915","0.253968"
"2740692915","2021581601","0.253968"
"2059120814","2141175968","0.93254"
"2141175968","2059120814","0.93254"
"2059120814","2231711798","1.71587"
"2231711798","2059120814","1.71587"
"2059120814","2388783363","0.18254"
"2388783363","2059120814","0.18254"
"2059120814","2469056188","0.63254"
"2469056188","2059120814","0.63254"
"2059120814","2624553223","3.36111"
"2624553223","2059120814","3.36111"
"2059120814","2740692915","0.111111"
"2740692915","2059120814","0.111111"
"2141175968","2231711798","0.68254"
"2231711798","2141175968","0.68254"
"2141175968","2388783363","0.325397"
"2388783363","2141175968","0.325397"
"2141175968","2469056188","1.18254"
"2469056188","2141175968","1.18254"
"2141175968","2624553223","0.111111"
"2624553223","2141175968","0.111111"
"2141175968","2740692915","0.111111"
"2740692915","2141175968","0.111111"
"2231711798","2388783363","0.18254"
"2388783363","2231711798","0.18254"
"2231711798","2469056188","0.38254"
"2469056188","2231711798","0.38254"
"2231711798","2624553223","0.111111"
"2624553223","2231711798","0.111111"
"2231711798","2740692915","0.111111"
"2740692915","2231711798","0.111111"
"2388783363","2469056188","1.05873"
"2469056188","2388783363","1.05873"
"2388783363","2624553223","1.27778"
"2624553223","2388783363","1.27778"
"2388783363","2740692915","0.453968"
"2740692915","2388783363","0.453968"
"2469056188","2624553223","0.511111"
"2624553223","2469056188","0.511111"
"2469056188","2740692915","0.453968"
"2740692915","2469056188","0.453968"
"2624553223","2740692915","0.111111"
"2740692915","2624553223","0.111111"
"141105777","1756312659","0.25"
"1756312659","141105777","0.25"
"141105777","1984614894","0.25"
"1984614894","141105777","0.25"
"141105777","2022292926","0.25"
"2022292926","141105777","0.25"
"141105777","2032552117","0.25"
"2032552117","141105777","0.25"
"1756312659","1984614894","0.25"
"1984614894","1756312659","0.25"
"1756312659","2022292926","0.25"
"2022292926","1756312659","0.25"
"1756312659","2032552117","1.25"
"2032552117","1756312659","1.25"
"1984614894","2022292926","7.25162"
"2022292926","1984614894","7.25162"
"1984614894","2032552117","0.25"
"2032552117","1984614894","0.25"
"2022292926","2032552117","0.25"
"2032552117","2022292926","0.25"
"141105777","1559631118","1"
"1559631118","141105777","1"
"1496881388","2147028271","8.28175"
"2147028271","1496881388","8.28175"
"1496881388","2125203709","8.90476"
"2125203709","1496881388","8.90476"
"1496881388","1590931172","0.236111"
"1590931172","1496881388","0.236111"
"1496881388","1973520416","2.67262"
"1973520416","1496881388","2.67262"
"1496881388","1986447815","0.583333"
"1986447815","1496881388","0.583333"
"1496881388","1991360400","3.18452"
"1991360400","1496881388","3.18452"
"1496881388","2065721358","1.54167"
"2065721358","1496881388","1.54167"
"1496881388","2138662031","3.59921"
"2138662031","1496881388","3.59921"
"1496881388","2163652601","0.571429"
"2163652601","1496881388","0.571429"
"1590931172","1973520416","0.415909"
"1973520416","1590931172","0.415909"
"1590931172","1986447815","0.236111"
"1986447815","1590931172","0.236111"
"1590931172","1991360400","1.43611"
"1991360400","1590931172","1.43611"
"1590931172","2065721358","0.325"
"2065721358","1590931172","0.325"
"1590931172","2125203709","1.16035"
"2125203709","1590931172","1.16035"
"1590931172","2138662031","0.436111"
"2138662031","1590931172","0.436111"
"1590931172","2163652601","0.82702"
"2163652601","1590931172","0.82702"
"1973520416","1986447815","1.21786"
"1986447815","1973520416","1.21786"
"1973520416","1991360400","17.2536"
"1991360400","1973520416","17.2536"
"1973520416","2065721358","10.2607"
"2065721358","1973520416","10.2607"
"1973520416","2125203709","17.6235"
"2125203709","1973520416","17.6235"
"1973520416","2138662031","27.0254"
"2138662031","1973520416","27.0254"
"1973520416","2163652601","1.42186"
"2163652601","1973520416","1.42186"
"1986447815","1991360400","0.791667"
"1991360400","1986447815","0.791667"
"1986447815","2065721358","0.717857"
"2065721358","1986447815","0.717857"
"1986447815","2125203709","1.12619"
"2125203709","1986447815","1.12619"
"1986447815","2138662031","15.7373"
"2138662031","1986447815","15.7373"
"1986447815","2163652601","4.91667"
"2163652601","1986447815","4.91667"
"1991360400","2065721358","5.41786"
"2065721358","1991360400","5.41786"
"1991360400","2125203709","23.6679"
"2125203709","1991360400","23.6679"
"1991360400","2138662031","25.5885"
"2138662031","1991360400","25.5885"
"1991360400","2163652601","4.275"
"2163652601","1991360400","4.275"
"2065721358","2125203709","5.51905"
"2125203709","2065721358","5.51905"
"2065721358","2138662031","4.88571"
"2138662031","2065721358","4.88571"
"2065721358","2163652601","0.375"
"2163652601","2065721358","0.375"
"2125203709","2138662031","38.3937"
"2138662031","2125203709","38.3937"
"2125203709","2163652601","30.6302"
"2163652601","2125203709","30.6302"
"2138662031","2163652601","27.6337"
"2163652601","2138662031","27.6337"
"2125203709","2147028271","5.27146"
"2147028271","2125203709","5.27146"
"2138662031","2147028271","16.6088"
"2147028271","2138662031","16.6088"
"1496881388","1984614894","0.214286"
"1984614894","1496881388","0.214286"
"1496881388","2022292926","0.85119"
"2022292926","1496881388","0.85119"
"1496881388","2139611552","0.267857"
"2139611552","1496881388","0.267857"
"1496881388","2144193618","0.22619"
"2144193618","1496881388","0.22619"
"1973520416","1984614894","0.590909"
"1984614894","1973520416","0.590909"
"1973520416","2022292926","5.95206"
"2022292926","1973520416","5.95206"
"1973520416","2139611552","3.45238"
"2139611552","1973520416","3.45238"
"1973520416","2144193618","1.35877"
"2144193618","1973520416","1.35877"
"1973520416","2147028271","5.04329"
"2147028271","1973520416","5.04329"
"1984614894","1991360400","0.869048"
"1991360400","1984614894","0.869048"
"1984614894","2139611552","0.285714"
"2139611552","1984614894","0.285714"
"1984614894","2144193618","0.142857"
"2144193618","1984614894","0.142857"
"1984614894","2147028271","0.517857"
"2147028271","1984614894","0.517857"
"1991360400","2022292926","7.40119"
"2022292926","1991360400","7.40119"
"1991360400","2139611552","1.53571"
"2139611552","1991360400","1.53571"
"1991360400","2144193618","1.76786"
"2144193618","1991360400","1.76786"
"1991360400","2147028271","2.09127"
"2147028271","1991360400","2.09127"
"2022292926","2139611552","0.267857"
"2139611552","2022292926","0.267857"
"2022292926","2144193618","10.1171"
"2144193618","2022292926","10.1171"
"2022292926","2147028271","2.87266"
"2147028271","2022292926","2.87266"
"2139611552","2144193618","0.142857"
"2144193618","2139611552","0.142857"
"2139611552","2147028271","0.142857"
"2147028271","2139611552","0.142857"
"2144193618","2147028271","0.4421"
"2147028271","2144193618","0.4421"
"2022292926","2065721358","6.93452"
"2065721358","2022292926","6.93452"
"2022292926","2125203709","12.8425"
"2125203709","2022292926","12.8425"
"2022292926","2138662031","36.7461"
"2138662031","2022292926","36.7461"
"1496881388","1514893825","0.305556"
"1514893825","1496881388","0.305556"
"1496881388","1559631118","0.0555556"
"1559631118","1496881388","0.0555556"
"1496881388","1573431506","0.0555556"
"1573431506","1496881388","0.0555556"
"1496881388","1581875405","0.0555556"
"1581875405","1496881388","0.0555556"
"1496881388","1965657003","0.321429"
"1965657003","1496881388","0.321429"
"1496881388","1970885105","0.0555556"
"1970885105","1496881388","0.0555556"
"1496881388","1987205804","0.0555556"
"1987205804","1496881388","0.0555556"
"1496881388","1991386782","0.0555556"
"1991386782","1496881388","0.0555556"
"1496881388","2029533776","0.25"
"2029533776","1496881388","0.25"
"1496881388","2033167020","0.138889"
"2033167020","1496881388","0.138889"
"1496881388","2073809056","0.0555556"
"2073809056","1496881388","0.0555556"
"1496881388","2427788461","0.0555556"
"2427788461","1496881388","0.0555556"
"1514893825","1559631118","0.0555556"
"1559631118","1514893825","0.0555556"
"1514893825","1573431506","0.0555556"
"1573431506","1514893825","0.0555556"
"1514893825","1581875405","0.0555556"
"1581875405","1514893825","0.0555556"
"1514893825","1965657003","0.138889"
"1965657003","1514893825","0.138889"
"1514893825","1970885105","0.0555556"
"1970885105","1514893825","0.0555556"
"1514893825","1986447815","0.222222"
"1986447815","1514893825","0.222222"
"1514893825","1987205804","0.0555556"
"1987205804","1514893825","0.0555556"
"1514893825","1991360400","0.305556"
"1991360400","1514893825","0.305556"
"1514893825","1991386782","0.0555556"
"1991386782","1514893825","0.0555556"
"1514893825","2022292926","0.229798"
"2022292926","1514893825","0.229798"
"1514893825","2029533776","0.229798"
"2029533776","1514893825","0.229798"
"1514893825","2033167020","0.138889"
"2033167020","1514893825","0.138889"
"1514893825","2073809056","0.0555556"
"2073809056","1514893825","0.0555556"
"1514893825","2125203709","0.396465"
"2125203709","1514893825","0.396465"
"1514893825","2147028271","5.13889"
"2147028271","1514893825","5.13889"
"1514893825","2163652601","0.229798"
"2163652601","1514893825","0.229798"
"1514893825","2427788461","0.0555556"
"2427788461","1514893825","0.0555556"
"1559631118","1573431506","0.0555556"
"1573431506","1559631118","0.0555556"
"1559631118","1581875405","0.0555556"
"1581875405","1559631118","0.0555556"
"1559631118","1965657003","0.222222"
"1965657003","1559631118","0.222222"
"1559631118","1970885105","4.74646"
"1970885105","1559631118","4.74646"
"1559631118","1986447815","0.255556"
"1986447815","1559631118","0.255556"
"1559631118","1987205804","0.0555556"
"1987205804","1559631118","0.0555556"
"1559631118","1991360400","1.55556"
"1991360400","1559631118","1.55556"
"1559631118","1991386782","0.0555556"
"1991386782","1559631118","0.0555556"
"1559631118","2022292926","32.5631"
"2022292926","1559631118","32.5631"
"1559631118","2029533776","0.0555556"
"2029533776","1559631118","0.0555556"
"1559631118","2033167020","0.0555556"
"2033167020","1559631118","0.0555556"
"1559631118","2073809056","0.0555556"
"2073809056","1559631118","0.0555556"
"1559631118","2125203709","10.1548"
"2125203709","1559631118","10.1548"
"1559631118","2147028271","1.02146"
"2147028271","1559631118","1.02146"
"1559631118","2163652601","4.83056"
"2163652601","1559631118","4.83056"
"1559631118","2427788461","2.18889"
"2427788461","1559631118","2.18889"
"1573431506","1581875405","1.55556"
"1581875405","1573431506","1.55556"
"1573431506","1965657003","0.0555556"
"1965657003","1573431506","0.0555556"
"1573431506","1970885105","1.55556"
"1970885105","1573431506","1.55556"
"1573431506","1986447815","0.555556"
"1986447815","1573431506","0.555556"
"1573431506","1987205804","0.255556"
"1987205804","1573431506","0.255556"
"1573431506","1991360400","0.255556"
"1991360400","1573431506","0.255556"
"1573431506","1991386782","0.388889"
"1991386782","1573431506","0.388889"
"1573431506","2022292926","0.388889"
"2022292926","1573431506","0.388889"
"1573431506","2029533776","0.255556"
"2029533776","1573431506","0.255556"
"1573431506","2033167020","3.00556"
"2033167020","1573431506","3.00556"
"1573431506","2073809056","3.33889"
"2073809056","1573431506","3.33889"
"1573431506","2125203709","7.17222"
"2125203709","1573431506","7.17222"
"1573431506","2147028271","0.0555556"
"2147028271","1573431506","0.0555556"
"1573431506","2163652601","4.75556"
"2163652601","1573431506","4.75556"
"1573431506","2427788461","3.75556"
"2427788461","1573431506","3.75556"
"1581875405","1965657003","0.0555556"
"1965657003","1581875405","0.0555556"
"1581875405","1970885105","0.0555556"
"1970885105","1581875405","0.0555556"
"1581875405","1986447815","0.0555556"
"1986447815","1581875405","0.0555556"
"1581875405","1987205804","0.0555556"
"1987205804","1581875405","0.0555556"
"1581875405","1991360400","0.0555556"
"1991360400","1581875405","0.0555556"
"1581875405","1991386782","0.388889"
"1991386782","1581875405","0.388889"
"1581875405","2022292926","1.05556"
"2022292926","1581875405","1.05556"
"1581875405","2029533776","0.0555556"
"2029533776","1581875405","0.0555556"
"1581875405","2033167020","0.0555556"
"2033167020","1581875405","0.0555556"
"1581875405","2073809056","0.555556"
"2073809056","1581875405","0.555556"
"1581875405","2125203709","2.88889"
"2125203709","1581875405","2.88889"
"1581875405","2147028271","0.0555556"
"2147028271","1581875405","0.0555556"
"1581875405","2163652601","2.88889"
"2163652601","1581875405","2.88889"
"1581875405","2427788461","1.05556"
"2427788461","1581875405","1.05556"
"1965657003","1970885105","1.67222"
"1970885105","1965657003","1.67222"
"1965657003","1986447815","0.166667"
"1986447815","1965657003","0.166667"
"1965657003","1987205804","3.78889"
"1987205804","1965657003","3.78889"
"1965657003","1991360400","4.05952"
"1991360400","1965657003","4.05952"
"1965657003","1991386782","0.555556"
"1991386782","1965657003","0.555556"
"1965657003","2022292926","2.33333"
"2022292926","1965657003","2.33333"
"1965657003","2029533776","4.75"
"2029533776","1965657003","4.75"
"1965657003","2033167020","0.922222"
"2033167020","1965657003","0.922222"
"1965657003","2073809056","1.00556"
"2073809056","1965657003","1.00556"
"1965657003","2125203709","13.8881"
"2125203709","1965657003","13.8881"
"1965657003","2147028271","0.281746"
"2147028271","1965657003","0.281746"
"1965657003","2163652601","2.6881"
"2163652601","1965657003","2.6881"
"1965657003","2427788461","0.0555556"
"2427788461","1965657003","0.0555556"
"1970885105","1986447815","0.0555556"
"1986447815","1970885105","0.0555556"
"1970885105","1987205804","0.588889"
"1987205804","1970885105","0.588889"
"1970885105","1991360400","5.42222"
"1991360400","1970885105","5.42222"
"1970885105","1991386782","0.0555556"
"1991386782","1970885105","0.0555556"
"1970885105","2022292926","5.2298"
"2022292926","1970885105","5.2298"
"1970885105","2029533776","1.47222"
"2029533776","1970885105","1.47222"
"1970885105","2033167020","0.922222"
"2033167020","1970885105","0.922222"
"1970885105","2073809056","1.30556"
"2073809056","1970885105","1.30556"
"1970885105","2125203709","9.9298"
"2125203709","1970885105","9.9298"
"1970885105","2147028271","1.4798"
"2147028271","1970885105","1.4798"
"1970885105","2163652601","3.18889"
"2163652601","1970885105","3.18889"
"1970885105","2427788461","1.37222"
"2427788461","1970885105","1.37222"
"1986447815","1987205804","0.0555556"
"1987205804","1986447815","0.0555556"
"1986447815","1991386782","0.0555556"
"1991386782","1986447815","0.0555556"
"1986447815","2022292926","1.30119"
"2022292926","1986447815","1.30119"
"1986447815","2029533776","0.5"
"2029533776","1986447815","0.5"
"1986447815","2033167020","0.0555556"
"2033167020","1986447815","0.0555556"
"1986447815","2073809056","0.388889"
"2073809056","1986447815","0.388889"
"1986447815","2147028271","1.30556"
"2147028271","1986447815","1.30556"
"1986447815","2427788461","0.0555556"
"2427788461","1986447815","0.0555556"
"1987205804","1991360400","0.0555556"
"1991360400","1987205804","0.0555556"
"1987205804","1991386782","0.0555556"
"1991386782","1987205804","0.0555556"
"1987205804","2022292926","0.0555556"
"2022292926","1987205804","0.0555556"
"1987205804","2029533776","0.0555556"
"2029533776","1987205804","0.0555556"
"1987205804","2033167020","0.455556"
"2033167020","1987205804","0.455556"
"1987205804","2073809056","0.455556"
"2073809056","1987205804","0.455556"
"1987205804","2125203709","3.78889"
"2125203709","1987205804","3.78889"
"1987205804","2147028271","0.0555556"
"2147028271","1987205804","0.0555556"
"1987205804","2163652601","0.255556"
"2163652601","1987205804","0.255556"
"1987205804","2427788461","0.255556"
"2427788461","1987205804","0.255556"
"1991360400","1991386782","0.0555556"
"1991386782","1991360400","0.0555556"
"1991360400","2029533776","8.24286"
"2029533776","1991360400","8.24286"
"1991360400","2033167020","3.77222"
"2033167020","1991360400","3.77222"
"1991360400","2073809056","0.0555556"
"2073809056","1991360400","0.0555556"
"1991360400","2427788461","0.0555556"
"2427788461","1991360400","0.0555556"
"1991386782","2022292926","0.0555556"
"2022292926","1991386782","0.0555556"
"1991386782","2029533776","0.0555556"
"2029533776","1991386782","0.0555556"
"1991386782","2033167020","0.0555556"
"2033167020","1991386782","0.0555556"
"1991386782","2073809056","0.888889"
"2073809056","1991386782","0.888889"
"1991386782","2125203709","1.22222"
"2125203709","1991386782","1.22222"
"1991386782","2147028271","0.0555556"
"2147028271","1991386782","0.0555556"
"1991386782","2163652601","4.38889"
"2163652601","1991386782","4.38889"
"1991386782","2427788461","0.0555556"
"2427788461","1991386782","0.0555556"
"2022292926","2033167020","0.938889"
"2033167020","2022292926","0.938889"
"2022292926","2073809056","0.755556"
"2073809056","2022292926","0.755556"
"2022292926","2163652601","6.58377"
"2163652601","2022292926","6.58377"
"2022292926","2427788461","2.32222"
"2427788461","2022292926","2.32222"
"2029533776","2033167020","0.138889"
"2033167020","2029533776","0.138889"
"2029533776","2073809056","0.0555556"
"2073809056","2029533776","0.0555556"
"2029533776","2125203709","6.35996"
"2125203709","2029533776","6.35996"
"2029533776","2147028271","0.138889"
"2147028271","2029533776","0.138889"
"2029533776","2163652601","1.60043"
"2163652601","2029533776","1.60043"
"2029533776","2427788461","0.0555556"
"2427788461","2029533776","0.0555556"
"2033167020","2073809056","4.20556"
"2073809056","2033167020","4.20556"
"2033167020","2125203709","5.72222"
"2125203709","2033167020","5.72222"
"2033167020","2147028271","0.138889"
"2147028271","2033167020","0.138889"
"2033167020","2163652601","0.305556"
"2163652601","2033167020","0.305556"
"2033167020","2427788461","0.505556"
"2427788461","2033167020","0.505556"
"2073809056","2125203709","5.62222"
"2125203709","2073809056","5.62222"
"2073809056","2147028271","0.0555556"
"2147028271","2073809056","0.0555556"
"2073809056","2163652601","1.38889"
"2163652601","2073809056","1.38889"
"2073809056","2427788461","4.25556"
"2427788461","2073809056","4.25556"
"2125203709","2427788461","3.78889"
"2427788461","2125203709","3.78889"
"2147028271","2163652601","1.76389"
"2163652601","2147028271","1.76389"
"2147028271","2427788461","0.0555556"
"2427788461","2147028271","0.0555556"
"2163652601","2427788461","4.12222"
"2427788461","2163652601","4.12222"
"1514893825","1973520416","0.340909"
"1973520416","1514893825","0.340909"
"1514893825","2138662031","0.166667"
"2138662031","1514893825","0.166667"
"1496881388","1575155361","0.196429"
"1575155361","1496881388","0.196429"
"1496881388","1601173710","0.0714286"
"1601173710","1496881388","0.0714286"
"1496881388","2078977631","0.0714286"
"2078977631","1496881388","0.0714286"
"1496881388","2804651149","0.0714286"
"2804651149","1496881388","0.0714286"
"1575155361","1601173710","0.0714286"
"1601173710","1575155361","0.0714286"
"1575155361","1965657003","0.214286"
"1965657003","1575155361","0.214286"
"1575155361","1968927634","0.214286"
"1968927634","1575155361","0.214286"
"1575155361","1973520416","1.52305"
"1973520416","1575155361","1.52305"
"1575155361","1984614894","1.65476"
"1984614894","1575155361","1.65476"
"1575155361","1992411228","0.0714286"
"1992411228","1575155361","0.0714286"
"1575155361","2067073114","0.0714286"
"2067073114","1575155361","0.0714286"
"1575155361","2070377439","0.0714286"
"2070377439","1575155361","0.0714286"
"1575155361","2078977631","0.0714286"
"2078977631","1575155361","0.0714286"
"1575155361","2125203709","2.17186"
"2125203709","1575155361","2.17186"
"1575155361","2138662031","10.3481"
"2138662031","1575155361","10.3481"
"1575155361","2163652601","0.946429"
"2163652601","1575155361","0.946429"
"1575155361","2804651149","0.0714286"
"2804651149","1575155361","0.0714286"
"1601173710","1965657003","0.0714286"
"1965657003","1601173710","0.0714286"
"1601173710","1968927634","0.0714286"
"1968927634","1601173710","0.0714286"
"1601173710","1973520416","0.0714286"
"1973520416","1601173710","0.0714286"
"1601173710","1984614894","0.0714286"
"1984614894","1601173710","0.0714286"
"1601173710","1992411228","0.0714286"
"1992411228","1601173710","0.0714286"
"1601173710","2067073114","0.0714286"
"2067073114","1601173710","0.0714286"
"1601173710","2070377439","0.0714286"
"2070377439","1601173710","0.0714286"
"1601173710","2078977631","0.0714286"
"2078977631","1601173710","0.0714286"
"1601173710","2125203709","0.0714286"
"2125203709","1601173710","0.0714286"
"1601173710","2138662031","0.0714286"
"2138662031","1601173710","0.0714286"
"1601173710","2163652601","0.0714286"
"2163652601","1601173710","0.0714286"
"1601173710","2804651149","0.0714286"
"2804651149","1601173710","0.0714286"
"1965657003","1968927634","2.46429"
"1968927634","1965657003","2.46429"
"1965657003","1973520416","0.797619"
"1973520416","1965657003","0.797619"
"1965657003","1984614894","0.0714286"
"1984614894","1965657003","0.0714286"
"1965657003","1992411228","0.0714286"
"1992411228","1965657003","0.0714286"
"1965657003","2067073114","0.0714286"
"2067073114","1965657003","0.0714286"
"1965657003","2070377439","0.0714286"
"2070377439","1965657003","0.0714286"
"1965657003","2078977631","0.0714286"
"2078977631","1965657003","0.0714286"
"1965657003","2138662031","15.2421"
"2138662031","1965657003","15.2421"
"1965657003","2804651149","0.0714286"
"2804651149","1965657003","0.0714286"
"1968927634","1973520416","0.897619"
"1973520416","1968927634","0.897619"
"1968927634","1984614894","1.52976"
"1984614894","1968927634","1.52976"
"1968927634","2078977631","0.0714286"
"2078977631","1968927634","0.0714286"
"1968927634","2125203709","0.379762"
"2125203709","1968927634","0.379762"
"1968927634","2138662031","4.13929"
"2138662031","1968927634","4.13929"
"1968927634","2163652601","0.821429"
"2163652601","1968927634","0.821429"
"1968927634","2804651149","0.0714286"
"2804651149","1968927634","0.0714286"
"1973520416","1992411228","0.0714286"
"1992411228","1973520416","0.0714286"
"1973520416","2067073114","0.495671"
"2067073114","1973520416","0.495671"
"1973520416","2070377439","0.0714286"
"2070377439","1973520416","0.0714286"
"1973520416","2078977631","0.0714286"
"2078977631","1973520416","0.0714286"
"1973520416","2804651149","0.0714286"
"2804651149","1973520416","0.0714286"
"1984614894","1992411228","0.0714286"
"1992411228","1984614894","0.0714286"
"1984614894","2067073114","1.16234"
"2067073114","1984614894","1.16234"
"1984614894","2070377439","0.0714286"
"2070377439","1984614894","0.0714286"
"1984614894","2078977631","0.0714286"
"2078977631","1984614894","0.0714286"
"1984614894","2125203709","5.15639"
"2125203709","1984614894","5.15639"
"1984614894","2138662031","19.8155"
"2138662031","1984614894","19.8155"
"1984614894","2163652601","2.13853"
"2163652601","1984614894","2.13853"
"1984614894","2804651149","0.0714286"
"2804651149","1984614894","0.0714286"
"1992411228","2078977631","0.0714286"
"2078977631","1992411228","0.0714286"
"1992411228","2125203709","0.0714286"
"2125203709","1992411228","0.0714286"
"1992411228","2138662031","0.0714286"
"2138662031","1992411228","0.0714286"
"1992411228","2163652601","0.0714286"
"2163652601","1992411228","0.0714286"
"1992411228","2804651149","0.0714286"
"2804651149","1992411228","0.0714286"
"2067073114","2078977631","0.0714286"
"2078977631","2067073114","0.0714286"
"2067073114","2125203709","0.495671"
"2125203709","2067073114","0.495671"
"2067073114","2138662031","0.738095"
"2138662031","2067073114","0.738095"
"2067073114","2163652601","0.162338"
"2163652601","2067073114","0.162338"
"2067073114","2804651149","0.0714286"
"2804651149","2067073114","0.0714286"
"2070377439","2078977631","0.0714286"
"2078977631","2070377439","0.0714286"
"2070377439","2125203709","0.0714286"
"2125203709","2070377439","0.0714286"
"2070377439","2138662031","0.404762"
"2138662031","2070377439","0.404762"
"2070377439","2163652601","0.696429"
"2163652601","2070377439","0.696429"
"2070377439","2804651149","0.0714286"
"2804651149","2070377439","0.0714286"
"2078977631","2125203709","0.0714286"
"2125203709","2078977631","0.0714286"
"2078977631","2138662031","0.0714286"
"2138662031","2078977631","0.0714286"
"2078977631","2163652601","0.0714286"
"2163652601","2078977631","0.0714286"
"2078977631","2804651149","0.0714286"
"2804651149","2078977631","0.0714286"
"2125203709","2804651149","1.07143"
"2804651149","2125203709","1.07143"
"2138662031","2804651149","0.0714286"
"2804651149","2138662031","0.0714286"
"2163652601","2804651149","0.0714286"
"2804651149","2163652601","0.0714286"
"1496881388","1546274087","0.125"
"1546274087","1496881388","0.125"
"1546274087","1575155361","0.125"
"1575155361","1546274087","0.125"
"1546274087","1986447815","0.458333"
"1986447815","1546274087","0.458333"
"1546274087","2022292926","0.458333"
"2022292926","1546274087","0.458333"
"1546274087","2125203709","1.95833"
"2125203709","1546274087","1.95833"
"1546274087","2138662031","0.458333"
"2138662031","1546274087","0.458333"
"1546274087","2139611552","0.125"
"2139611552","1546274087","0.125"
"1546274087","2163652601","0.625"
"2163652601","1546274087","0.625"
"1575155361","1986447815","0.467857"
"1986447815","1575155361","0.467857"
"1575155361","2022292926","7.8921"
"2022292926","1575155361","7.8921"
"1575155361","2139611552","0.125"
"2139611552","1575155361","0.125"
"1986447815","2139611552","0.125"
"2139611552","1986447815","0.125"
"2125203709","2139611552","1.68452"
"2139611552","2125203709","1.68452"
"2138662031","2139611552","1.93452"
"2139611552","2138662031","1.93452"
"2139611552","2163652601","0.125"
"2163652601","2139611552","0.125"
"1496881388","2048102545","0.5"
"2048102545","1496881388","0.5"
"1991360400","2048102545","0.6"
"2048102545","1991360400","0.6"
"1514893825","1968927634","0.0833333"
"1968927634","1514893825","0.0833333"
"1514893825","2144193618","0.0833333"
"2144193618","1514893825","0.0833333"
"1965657003","2144193618","0.0833333"
"2144193618","1965657003","0.0833333"
"1968927634","1991360400","0.92619"
"1991360400","1968927634","0.92619"
"1968927634","2022292926","1.30833"
"2022292926","1968927634","1.30833"
"1968927634","2029533776","0.0833333"
"2029533776","1968927634","0.0833333"
"1968927634","2033167020","0.683333"
"2033167020","1968927634","0.683333"
"1968927634","2144193618","0.0833333"
"2144193618","1968927634","0.0833333"
"1968927634","2147028271","0.35119"
"2147028271","1968927634","0.35119"
"1973520416","2029533776","1.85996"
"2029533776","1973520416","1.85996"
"1973520416","2033167020","1.01667"
"2033167020","1973520416","1.01667"
"2029533776","2144193618","0.0833333"
"2144193618","2029533776","0.0833333"
"2033167020","2144193618","0.583333"
"2144193618","2033167020","0.583333"
"2125203709","2144193618","4.48258"
"2144193618","2125203709","4.48258"
"2144193618","2163652601","1.28333"
"2163652601","2144193618","1.28333"
"1590931172","1965657003","2.94444"
"1965657003","1590931172","2.94444"
"1590931172","2022292926","1.20202"
"2022292926","1590931172","1.20202"
"1590931172","2029533776","2.23535"
"2029533776","1590931172","2.23535"
"2029533776","2138662031","6.33016"
"2138662031","2029533776","6.33016"
"1514893825","1590931172","0.0909091"
"1590931172","1514893825","0.0909091"
"1514893825","1984614894","0.0909091"
"1984614894","1514893825","0.0909091"
"1514893825","2006996936","2.09091"
"2006996936","1514893825","2.09091"
"1514893825","2063972237","0.0909091"
"2063972237","1514893825","0.0909091"
"1514893825","2067073114","0.0909091"
"2067073114","1514893825","0.0909091"
"1514893825","2076489648","0.0909091"
"2076489648","1514893825","0.0909091"
"1590931172","1984614894","0.0909091"
"1984614894","1590931172","0.0909091"
"1590931172","2006996936","0.0909091"
"2006996936","1590931172","0.0909091"
"1590931172","2063972237","0.0909091"
"2063972237","1590931172","0.0909091"
"1590931172","2067073114","0.0909091"
"2067073114","1590931172","0.0909091"
"1590931172","2076489648","0.0909091"
"2076489648","1590931172","0.0909091"
"1973520416","2006996936","0.340909"
"2006996936","1973520416","0.340909"
"1973520416","2063972237","0.0909091"
"2063972237","1973520416","0.0909091"
"1973520416","2076489648","1.09091"
"2076489648","1973520416","1.09091"
"1984614894","2006996936","0.0909091"
"2006996936","1984614894","0.0909091"
"1984614894","2029533776","0.376623"
"2029533776","1984614894","0.376623"
"1984614894","2063972237","0.0909091"
"2063972237","1984614894","0.0909091"
"1984614894","2076489648","0.0909091"
"2076489648","1984614894","0.0909091"
"2006996936","2022292926","0.0909091"
"2022292926","2006996936","0.0909091"
"2006996936","2029533776","0.0909091"
"2029533776","2006996936","0.0909091"
"2006996936","2063972237","0.0909091"
"2063972237","2006996936","0.0909091"
"2006996936","2076489648","0.0909091"
"2076489648","2006996936","0.0909091"
"2006996936","2125203709","0.340909"
"2125203709","2006996936","0.340909"
"2006996936","2163652601","0.0909091"
"2163652601","2006996936","0.0909091"
"2022292926","2063972237","0.0909091"
"2063972237","2022292926","0.0909091"
"2022292926","2067073114","0.0909091"
"2067073114","2022292926","0.0909091"
"2022292926","2076489648","0.0909091"
"2076489648","2022292926","0.0909091"
"2029533776","2063972237","0.0909091"
"2063972237","2029533776","0.0909091"
"2029533776","2067073114","0.0909091"
"2067073114","2029533776","0.0909091"
"2029533776","2076489648","0.0909091"
"2076489648","2029533776","0.0909091"
"2063972237","2067073114","0.0909091"
"2067073114","2063972237","0.0909091"
"2063972237","2076489648","0.0909091"
"2076489648","2063972237","0.0909091"
"2063972237","2125203709","0.0909091"
"2125203709","2063972237","0.0909091"
"2063972237","2163652601","0.0909091"
"2163652601","2063972237","0.0909091"
"2067073114","2076489648","0.0909091"
"2076489648","2067073114","0.0909091"
"2076489648","2125203709","0.0909091"
"2125203709","2076489648","0.0909091"
"2076489648","2163652601","0.0909091"
"2163652601","2076489648","0.0909091"
"1514893825","2023217403","2"
"2023217403","1514893825","2"
"1514893825","2044434631","1"
"2044434631","1514893825","1"
"1541128204","1559631118","4.82424"
"1559631118","1541128204","4.82424"
"1541128204","1970885105","0.624242"
"1970885105","1541128204","0.624242"
"1541128204","2125203709","2.90758"
"2125203709","1541128204","2.90758"
"1541128204","1991386782","0.5"
"1991386782","1541128204","0.5"
"1541128204","2163652601","2.75"
"2163652601","1541128204","2.75"
"1541128204","2427788461","0.866667"
"2427788461","1541128204","0.866667"
"1541128204","2111555317","0.333333"
"2111555317","1541128204","0.333333"
"1541128204","2172096705","0.333333"
"2172096705","1541128204","0.333333"
"2111555317","2125203709","0.333333"
"2125203709","2111555317","0.333333"
"2111555317","2172096705","0.333333"
"2172096705","2111555317","0.333333"
"2125203709","2172096705","2.53333"
"2172096705","2125203709","2.53333"
"1541128204","167066434","0.590909"
"167066434","1541128204","0.590909"
"167066434","2125203709","1.74091"
"2125203709","167066434","1.74091"
"1541128204","1973520416","0.290909"
"1973520416","1541128204","0.290909"
"1541128204","2022292926","3.49091"
"2022292926","1541128204","3.49091"
"1541128204","2073809056","0.2"
"2073809056","1541128204","0.2"
"1541128204","2138662031","3.49091"
"2138662031","1541128204","3.49091"
"1973520416","2073809056","0.7"
"2073809056","1973520416","0.7"
"2073809056","2138662031","0.866667"
"2138662031","2073809056","0.866667"
"1541128204","1575155361","1.34091"
"1575155361","1541128204","1.34091"
"1541128204","1599458355","0.0909091"
"1599458355","1541128204","0.0909091"
"1541128204","2144193618","1.04091"
"2144193618","1541128204","1.04091"
"1541128204","2147028271","0.0909091"
"2147028271","1541128204","0.0909091"
"1559631118","1575155361","3.24924"
"1575155361","1559631118","3.24924"
"1559631118","1599458355","0.549242"
"1599458355","1559631118","0.549242"
"1559631118","167066434","0.0909091"
"167066434","1559631118","0.0909091"
"1559631118","1973520416","1.42424"
