"1526475675","1755570554","0.25"
"1755570554","1526475675","0.25"
"1526475675","1937533433","0.25"
"1937533433","1526475675","0.25"
"1526475675","2120817231","0.25"
"2120817231","1526475675","0.25"
"1526475675","2154674126","0.25"
"2154674126","1526475675","0.25"
"1755570554","1937533433","0.642857"
"1937533433","1755570554","0.642857"
"1755570554","2120817231","0.642857"
"2120817231","1755570554","0.642857"
"1755570554","2154674126","0.642857"
"2154674126","1755570554","0.642857"
"1937533433","2120817231","5.75952"
"2120817231","1937533433","5.75952"
"1937533433","2154674126","7.04286"
"2154674126","1937533433","7.04286"
"2120817231","2154674126","5.87619"
"2154674126","2120817231","5.87619"
"1562055382","1976092485","0.605556"
"1976092485","1562055382","0.605556"
"1562055382","2046929026","1.65556"
"2046929026","1562055382","1.65556"
"1562055382","2096222958","2.03056"
"2096222958","1562055382","2.03056"
"1562055382","2097855313","1.65556"
"2097855313","1562055382","1.65556"
"1562055382","2102968703","0.1"
"2102968703","1562055382","0.1"
"1562055382","2120817231","0.1"
"2120817231","1562055382","0.1"
"1562055382","2130332503","0.3"
"2130332503","1562055382","0.3"
"1562055382","2138993334","2.54167"
"2138993334","1562055382","2.54167"
"1562055382","2154022005","0.516667"
"2154022005","1562055382","0.516667"
"1562055382","2166617999","5.84167"
"2166617999","1562055382","5.84167"
"1976092485","2046929026","1.45556"
"2046929026","1976092485","1.45556"
"1976092485","2096222958","0.863889"
"2096222958","1976092485","0.863889"
"1976092485","2097855313","9.33056"
"2097855313","1976092485","9.33056"
"1976092485","2102968703","0.1"
"2102968703","1976092485","0.1"
"1976092485","2120817231","0.1"
"2120817231","1976092485","0.1"
"1976092485","2130332503","0.1"
"2130332503","1976092485","0.1"
"1976092485","2138993334","1.45"
"2138993334","1976092485","1.45"
"1976092485","2154022005","0.1"
"2154022005","1976092485","0.1"
"1976092485","2166617999","5.19167"
"2166617999","1976092485","5.19167"
"2046929026","2096222958","0.155556"
"2096222958","2046929026","0.155556"
"2046929026","2097855313","17.627"
"2097855313","2046929026","17.627"
"2046929026","2102968703","0.1"
"2102968703","2046929026","0.1"
"2046929026","2120817231","0.1"
"2120817231","2046929026","0.1"
"2046929026","2130332503","0.1"
"2130332503","2046929026","0.1"
"2046929026","2138993334","1.93333"
"2138993334","2046929026","1.93333"
"2046929026","2154022005","0.171429"
"2154022005","2046929026","0.171429"
"2046929026","2166617999","9.9381"
"2166617999","2046929026","9.9381"
"2096222958","2097855313","2.68056"
"2097855313","2096222958","2.68056"
"2096222958","2102968703","0.466667"
"2102968703","2096222958","0.466667"
"2096222958","2120817231","0.1"
"2120817231","2096222958","0.1"
"2096222958","2130332503","0.1"
"2130332503","2096222958","0.1"
"2096222958","2138993334","1.70119"
"2138993334","2096222958","1.70119"
"2096222958","2154022005","0.466667"
"2154022005","2096222958","0.466667"
"2096222958","2166617999","4.40952"
"2166617999","2096222958","4.40952"
"2097855313","2102968703","0.3"
"2102968703","2097855313","0.3"
"2097855313","2120817231","0.6"
"2120817231","2097855313","0.6"
"2097855313","2130332503","1.43333"
"2130332503","2097855313","1.43333"
"2097855313","2138993334","7.18333"
"2138993334","2097855313","7.18333"
"2097855313","2154022005","2.45476"
"2154022005","2097855313","2.45476"
"2097855313","2166617999","38.4798"
"2166617999","2097855313","38.4798"
"2102968703","2120817231","0.35"
"2120817231","2102968703","0.35"
"2102968703","2130332503","1.13333"
"2130332503","2102968703","1.13333"
"2102968703","2138993334","0.466667"
"2138993334","2102968703","0.466667"
"2102968703","2154022005","5.13333"
"2154022005","2102968703","5.13333"
"2102968703","2166617999","0.1"
"2166617999","2102968703","0.1"
"2120817231","2130332503","1.13333"
"2130332503","2120817231","1.13333"
"2120817231","2138993334","0.433333"
"2138993334","2120817231","0.433333"
"2120817231","2154022005","0.85"
"2154022005","2120817231","0.85"
"2120817231","2166617999","0.433333"
"2166617999","2120817231","0.433333"
"2130332503","2138993334","0.5"
"2138993334","2130332503","0.5"
"2130332503","2154022005","2.93333"
"2154022005","2130332503","2.93333"
"2130332503","2166617999","0.1"
"2166617999","2130332503","0.1"
"2138993334","2154022005","0.1"
"2154022005","2138993334","0.1"
"2138993334","2166617999","8.40119"
"2166617999","2138993334","8.40119"
"2154022005","2166617999","0.671429"
"2166617999","2154022005","0.671429"
"1562055382","2107053876","4.83056"
"2107053876","1562055382","4.83056"
"2107053876","2166617999","6.02976"
"2166617999","2107053876","6.02976"
"1562055382","1982907589","1.96389"
"1982907589","1562055382","1.96389"
"1562055382","2116297178","0.533333"
"2116297178","1562055382","0.533333"
"1976092485","1982907589","3.53056"
"1982907589","1976092485","3.53056"
"1976092485","2107053876","0.988889"
"2107053876","1976092485","0.988889"
"1976092485","2116297178","0.45"
"2116297178","1976092485","0.45"
"1982907589","2107053876","1.54722"
"2107053876","1982907589","1.54722"
"1982907589","2116297178","1.96786"
"2116297178","1982907589","1.96786"
"1982907589","2138993334","1.23452"
"2138993334","1982907589","1.23452"
"2107053876","2116297178","0.271429"
"2116297178","2107053876","0.271429"
"2107053876","2138993334","3.425"
"2138993334","2107053876","3.425"
"2116297178","2138993334","2.84286"
"2138993334","2116297178","2.84286"
"1562055382","85493232","0.333333"
"85493232","1562055382","0.333333"
"2096222958","85493232","0.783333"
"85493232","2096222958","0.783333"
"2138993334","85493232","0.4"
"85493232","2138993334","0.4"
"1562055382","1966902801","1.34722"
"1966902801","1562055382","1.34722"
"1966902801","2046929026","0.572222"
"2046929026","1966902801","0.572222"
"1966902801","2097855313","0.697222"
"2097855313","1966902801","0.697222"
"1966902801","2107053876","0.763889"
"2107053876","1966902801","0.763889"
"2046929026","2107053876","2.01032"
"2107053876","2046929026","2.01032"
"2097855313","2107053876","2.87698"
"2107053876","2097855313","2.87698"
"1562055382","1976691486","0.2"
"1976691486","1562055382","0.2"
"1562055382","2070533721","0.45"
"2070533721","1562055382","0.45"
"1562055382","2152290993","0.2"
"2152290993","1562055382","0.2"
"1976691486","2070533721","1.7"
"2070533721","1976691486","1.7"
"1976691486","2130332503","1.7"
"2130332503","1976691486","1.7"
"1976691486","2138993334","0.266667"
"2138993334","1976691486","0.266667"
"1976691486","2152290993","0.45"
"2152290993","1976691486","0.45"
"2070533721","2130332503","4.68333"
"2130332503","2070533721","4.68333"
"2070533721","2138993334","0.566667"
"2138993334","2070533721","0.566667"
"2070533721","2152290993","0.45"
"2152290993","2070533721","0.45"
"2130332503","2152290993","0.95"
"2152290993","2130332503","0.95"
"2138993334","2152290993","0.2"
"2152290993","2138993334","0.2"
"1562055382","1985573404","1.75"
"1985573404","1562055382","1.75"
"1985573404","2070533721","0.25"
"2070533721","1985573404","0.25"
"1985573404","2097855313","0.971429"
"2097855313","1985573404","0.971429"
"1985573404","2154022005","0.521429"
"2154022005","1985573404","0.521429"
"2070533721","2097855313","1.5"
"2097855313","2070533721","1.5"
"2070533721","2154022005","2.58333"
"2154022005","2070533721","2.58333"
"1562055382","2027545674","1"
"2027545674","1562055382","1"
"2027545674","2107053876","0.5"
"2107053876","2027545674","0.5"
"1562055382","1824892724","0.347222"
"1824892724","1562055382","0.347222"
"1562055382","2410831455","0.325"
"2410831455","1562055382","0.325"
"1824892724","1966902801","1.18056"
"1966902801","1824892724","1.18056"
"1824892724","1982907589","0.430556"
"1982907589","1824892724","0.430556"
"1824892724","2096222958","1.43056"
"2096222958","1824892724","1.43056"
"1824892724","2107053876","0.251984"
"2107053876","1824892724","0.251984"
"1824892724","2138993334","0.125"
"2138993334","1824892724","0.125"
"1824892724","2166617999","2.19643"
"2166617999","1824892724","2.19643"
"1824892724","2410831455","0.125"
"2410831455","1824892724","0.125"
"1966902801","1982907589","3.37341"
"1982907589","1966902801","3.37341"
"1966902801","2096222958","0.940079"
"2096222958","1966902801","0.940079"
"1966902801","2138993334","1.95119"
"2138993334","1966902801","1.95119"
"1966902801","2166617999","1.49286"
"2166617999","1966902801","1.49286"
"1966902801","2410831455","0.125"
"2410831455","1966902801","0.125"
"1982907589","2096222958","3.27341"
"2096222958","1982907589","3.27341"
"1982907589","2166617999","3.74286"
"2166617999","1982907589","3.74286"
"1982907589","2410831455","0.125"
"2410831455","1982907589","0.125"
"2096222958","2107053876","0.847222"
"2107053876","2096222958","0.847222"
"2096222958","2410831455","0.125"
"2410831455","2096222958","0.125"
"2107053876","2410831455","0.125"
"2410831455","2107053876","0.125"
"2138993334","2410831455","0.125"
"2410831455","2138993334","0.125"
"2166617999","2410831455","0.325"
"2410831455","2166617999","0.325"
"1562055382","2132613092","0.25"
"2132613092","1562055382","0.25"
"1966902801","1976092485","0.497222"
"1976092485","1966902801","0.497222"
"1966902801","2132613092","0.25"
"2132613092","1966902801","0.25"
"1976092485","2132613092","0.25"
"2132613092","1976092485","0.25"
"2132613092","2138993334","0.416667"
"2138993334","2132613092","0.416667"
"1562055382","42433472","0.588889"
"42433472","1562055382","0.588889"
"1966902801","42433472","1.01508"
"42433472","1966902801","1.01508"
"2166617999","42433472","4.60595"
"42433472","2166617999","4.60595"
"1982907589","1985573404","1.45"
"1985573404","1982907589","1.45"
"1982907589","2097855313","5.19722"
"2097855313","1982907589","5.19722"
"1562055382","2062415625","1.05556"
"2062415625","1562055382","1.05556"
"1562055382","2164031526","1"
"2164031526","1562055382","1"
"1562055382","2103889389","0.166667"
"2103889389","1562055382","0.166667"
"1562055382","2149031274","0.166667"
"2149031274","1562055382","0.166667"
"1562055382","2336804873","0.166667"
"2336804873","1562055382","0.166667"
"1824892724","2103889389","0.166667"
"2103889389","1824892724","0.166667"
"1824892724","2149031274","0.166667"
"2149031274","1824892724","0.166667"
"1824892724","2154022005","0.238095"
"2154022005","1824892724","0.238095"
"1824892724","2336804873","0.166667"
"2336804873","1824892724","0.166667"
"2096222958","2103889389","0.666667"
"2103889389","2096222958","0.666667"
"2096222958","2149031274","0.166667"
"2149031274","2096222958","0.166667"
"2096222958","2336804873","0.166667"
"2336804873","2096222958","0.166667"
"2103889389","2149031274","1.16667"
"2149031274","2103889389","1.16667"
"2103889389","2154022005","1.16667"
"2154022005","2103889389","1.16667"
"2103889389","2336804873","0.166667"
"2336804873","2103889389","0.166667"
"2149031274","2154022005","1.16667"
"2154022005","2149031274","1.16667"
"2149031274","2336804873","0.166667"
"2336804873","2149031274","0.166667"
"2154022005","2336804873","0.166667"
"2336804873","2154022005","0.166667"
"1562055382","2032847407","1.33333"
"2032847407","1562055382","1.33333"
"1562055382","2513419267","0.533333"
"2513419267","1562055382","0.533333"
"1966902801","2032847407","0.333333"
"2032847407","1966902801","0.333333"
"1966902801","2513419267","0.333333"
"2513419267","1966902801","0.333333"
"2032847407","2513419267","0.333333"
"2513419267","2032847407","0.333333"
"1562055382","2120641316","0.5"
"2120641316","1562055382","0.5"
"1562055382","2330482840","1.88889"
"2330482840","1562055382","1.88889"
"2120641316","2330482840","0.666667"
"2330482840","2120641316","0.666667"
"2116297178","2330482840","0.833333"
"2330482840","2116297178","0.833333"
"2138993334","2330482840","0.5"
"2330482840","2138993334","0.5"
"1562055382","158363753","0.255556"
"158363753","1562055382","0.255556"
"1562055382","182184358","0.0555556"
"182184358","1562055382","0.0555556"
"1562055382","2058671883","0.0555556"
"2058671883","1562055382","0.0555556"
"1562055382","2076861050","0.0555556"
"2076861050","1562055382","0.0555556"
"1562055382","2086608200","0.0555556"
"2086608200","1562055382","0.0555556"
"1562055382","2527390755","0.0555556"
"2527390755","1562055382","0.0555556"
"1562055382","2557877271","0.0555556"
"2557877271","1562055382","0.0555556"
"158363753","182184358","0.326984"
"182184358","158363753","0.326984"
"158363753","1824892724","0.826984"
"1824892724","158363753","0.826984"
"158363753","1966902801","0.988889"
"1966902801","158363753","0.988889"
"158363753","1976092485","0.122222"
"1976092485","158363753","0.122222"
"158363753","1982907589","0.322222"
"1982907589","158363753","0.322222"
"158363753","2046929026","0.393651"
"2046929026","158363753","0.393651"
"158363753","2058671883","0.388889"
"2058671883","158363753","0.388889"
"158363753","2062415625","0.0555556"
"2062415625","158363753","0.0555556"
"158363753","2076861050","3.39365"
"2076861050","158363753","3.39365"
"158363753","2086608200","1.19365"
"2086608200","158363753","1.19365"
"158363753","2096222958","0.222222"
"2096222958","158363753","0.222222"
"158363753","2097855313","1.19365"
"2097855313","158363753","1.19365"
"158363753","2107053876","0.126984"
"2107053876","158363753","0.126984"
"158363753","2330482840","0.0555556"
"2330482840","158363753","0.0555556"
"158363753","2527390755","0.0555556"
"2527390755","158363753","0.0555556"
"158363753","2557877271","0.0555556"
"2557877271","158363753","0.0555556"
"158363753","42433472","1.89365"
"42433472","158363753","1.89365"
"182184358","1824892724","0.326984"
"1824892724","182184358","0.326984"
"182184358","1966902801","0.323413"
"1966902801","182184358","0.323413"
"182184358","1976092485","0.0555556"
"1976092485","182184358","0.0555556"
"182184358","1982907589","1.32341"
"1982907589","182184358","1.32341"
"182184358","2046929026","0.326984"
"2046929026","182184358","0.326984"
"182184358","2058671883","0.0555556"
"2058671883","182184358","0.0555556"
"182184358","2062415625","0.0555556"
"2062415625","182184358","0.0555556"
"182184358","2076861050","2.65198"
"2076861050","182184358","2.65198"
"182184358","2086608200","0.660317"
"2086608200","182184358","0.660317"
"182184358","2096222958","0.323413"
"2096222958","182184358","0.323413"
"182184358","2097855313","1.66032"
"2097855313","182184358","1.66032"
"182184358","2107053876","0.126984"
"2107053876","182184358","0.126984"
"182184358","2330482840","0.0555556"
"2330482840","182184358","0.0555556"
"182184358","2527390755","0.0555556"
"2527390755","182184358","0.0555556"
"182184358","2557877271","0.0555556"
"2557877271","182184358","0.0555556"
"182184358","42433472","0.394841"
"42433472","182184358","0.394841"
"1824892724","1976092485","0.0555556"
"1976092485","1824892724","0.0555556"
"1824892724","2046929026","0.126984"
"2046929026","1824892724","0.126984"
"1824892724","2058671883","0.0555556"
"2058671883","1824892724","0.0555556"
"1824892724","2062415625","0.0555556"
"2062415625","1824892724","0.0555556"
"1824892724","2076861050","0.826984"
"2076861050","1824892724","0.826984"
"1824892724","2086608200","0.126984"
"2086608200","1824892724","0.126984"
"1824892724","2097855313","1.87698"
"2097855313","1824892724","1.87698"
"1824892724","2330482840","0.388889"
"2330482840","1824892724","0.388889"
"1824892724","2527390755","0.0555556"
"2527390755","1824892724","0.0555556"
"1824892724","2557877271","0.0555556"
"2557877271","1824892724","0.0555556"
"1824892724","42433472","0.126984"
"42433472","1824892724","0.126984"
"1966902801","2058671883","0.0555556"
"2058671883","1966902801","0.0555556"
"1966902801","2062415625","0.0555556"
"2062415625","1966902801","0.0555556"
"1966902801","2076861050","0.413889"
"2076861050","1966902801","0.413889"
"1966902801","2086608200","0.122222"
"2086608200","1966902801","0.122222"
"1966902801","2330482840","0.180556"
"2330482840","1966902801","0.180556"
"1966902801","2527390755","0.0555556"
"2527390755","1966902801","0.0555556"
"1966902801","2557877271","0.0555556"
"2557877271","1966902801","0.0555556"
"1976092485","2058671883","1.78889"
"2058671883","1976092485","1.78889"
"1976092485","2062415625","0.0555556"
"2062415625","1976092485","0.0555556"
"1976092485","2076861050","0.122222"
"2076861050","1976092485","0.122222"
"1976092485","2086608200","0.122222"
"2086608200","1976092485","0.122222"
"1976092485","2330482840","0.180556"
"2330482840","1976092485","0.180556"
"1976092485","2527390755","0.0555556"
"2527390755","1976092485","0.0555556"
"1976092485","2557877271","0.0555556"
"2557877271","1976092485","0.0555556"
"1976092485","42433472","0.247222"
"42433472","1976092485","0.247222"
"1982907589","2046929026","2.15556"
"2046929026","1982907589","2.15556"
"1982907589","2058671883","1.05556"
"2058671883","1982907589","1.05556"
"1982907589","2062415625","0.0555556"
"2062415625","1982907589","0.0555556"
"1982907589","2076861050","0.413889"
"2076861050","1982907589","0.413889"
"1982907589","2086608200","0.122222"
"2086608200","1982907589","0.122222"
"1982907589","2330482840","0.680556"
"2330482840","1982907589","0.680556"
"1982907589","2527390755","0.0555556"
"2527390755","1982907589","0.0555556"
"1982907589","2557877271","0.0555556"
"2557877271","1982907589","0.0555556"
"1982907589","42433472","0.681746"
"42433472","1982907589","0.681746"
"2046929026","2058671883","4.52222"
"2058671883","2046929026","4.52222"
"2046929026","2062415625","0.0555556"
"2062415625","2046929026","0.0555556"
"2046929026","2076861050","0.393651"
"2076861050","2046929026","0.393651"
"2046929026","2086608200","4.72698"
"2086608200","2046929026","4.72698"
"2046929026","2330482840","0.0555556"
"2330482840","2046929026","0.0555556"
"2046929026","2527390755","0.0555556"
"2527390755","2046929026","0.0555556"
"2046929026","2557877271","0.0555556"
"2557877271","2046929026","0.0555556"
"2046929026","42433472","0.193651"
"42433472","2046929026","0.193651"
"2058671883","2062415625","0.0555556"
"2062415625","2058671883","0.0555556"
"2058671883","2076861050","0.388889"
"2076861050","2058671883","0.388889"
"2058671883","2086608200","1.72222"
"2086608200","2058671883","1.72222"
"2058671883","2096222958","0.222222"
"2096222958","2058671883","0.222222"
"2058671883","2097855313","6.22222"
"2097855313","2058671883","6.22222"
"2058671883","2107053876","2.55556"
"2107053876","2058671883","2.55556"
"2058671883","2330482840","0.0555556"
"2330482840","2058671883","0.0555556"
"2058671883","2527390755","0.0555556"
"2527390755","2058671883","0.0555556"
"2058671883","2557877271","0.0555556"
"2557877271","2058671883","0.0555556"
"2058671883","42433472","0.388889"
"42433472","2058671883","0.388889"
"2062415625","2076861050","0.0555556"
"2076861050","2062415625","0.0555556"
"2062415625","2086608200","0.0555556"
"2086608200","2062415625","0.0555556"
"2062415625","2096222958","1.05556"
"2096222958","2062415625","1.05556"
"2062415625","2097855313","0.0555556"
"2097855313","2062415625","0.0555556"
"2062415625","2107053876","0.0555556"
"2107053876","2062415625","0.0555556"
"2062415625","2330482840","0.0555556"
"2330482840","2062415625","0.0555556"
"2062415625","2527390755","0.0555556"
"2527390755","2062415625","0.0555556"
"2062415625","2557877271","0.0555556"
"2557877271","2062415625","0.0555556"
"2062415625","42433472","0.0555556"
"42433472","2062415625","0.0555556"
"2076861050","2086608200","1.89365"
"2086608200","2076861050","1.89365"
"2076861050","2096222958","0.513889"
"2096222958","2076861050","0.513889"
"2076861050","2097855313","1.14365"
"2097855313","2076861050","1.14365"
"2076861050","2107053876","1.12698"
"2107053876","2076861050","1.12698"
"2076861050","2330482840","0.0555556"
"2330482840","2076861050","0.0555556"
"2076861050","2527390755","0.0555556"
"2527390755","2076861050","0.0555556"
"2076861050","2557877271","0.0555556"
"2557877271","2076861050","0.0555556"
"2076861050","42433472","1.23532"
"42433472","2076861050","1.23532"
"2086608200","2096222958","0.0555556"
"2096222958","2086608200","0.0555556"
"2086608200","2097855313","3.89365"
"2097855313","2086608200","3.89365"
"2086608200","2107053876","1.29365"
"2107053876","2086608200","1.29365"
"2086608200","2330482840","0.0555556"
"2330482840","2086608200","0.0555556"
"2086608200","2527390755","0.0555556"
"2527390755","2086608200","0.0555556"
"2086608200","2557877271","0.0555556"
"2557877271","2086608200","0.0555556"
"2086608200","42433472","0.193651"
"42433472","2086608200","0.193651"
"2096222958","2330482840","1.34722"
"2330482840","2096222958","1.34722"
"2096222958","2527390755","0.388889"
"2527390755","2096222958","0.388889"
"2096222958","2557877271","0.0555556"
"2557877271","2096222958","0.0555556"
"2096222958","42433472","0.781746"
"42433472","2096222958","0.781746"
"2097855313","2330482840","1.51389"
"2330482840","2097855313","1.51389"
"2097855313","2527390755","0.0555556"
"2527390755","2097855313","0.0555556"
"2097855313","2557877271","0.0555556"
"2557877271","2097855313","0.0555556"
"2097855313","42433472","1.06865"
"42433472","2097855313","1.06865"
"2107053876","2330482840","0.555556"
"2330482840","2107053876","0.555556"
"2107053876","2527390755","0.0555556"
"2527390755","2107053876","0.0555556"
"2107053876","2557877271","0.0555556"
"2557877271","2107053876","0.0555556"
"2107053876","42433472","0.626984"
"42433472","2107053876","0.626984"
"2330482840","2527390755","0.305556"
"2527390755","2330482840","0.305556"
"2330482840","2557877271","1.38889"
"2557877271","2330482840","1.38889"
"2330482840","42433472","0.180556"
"42433472","2330482840","0.180556"
"2527390755","2557877271","0.0555556"
"2557877271","2527390755","0.0555556"
"2527390755","42433472","0.0555556"
"42433472","2527390755","0.0555556"
"2557877271","42433472","0.0555556"
"42433472","2557877271","0.0555556"
"1562055382","2133879296","0.2"
"2133879296","1562055382","0.2"
"158363753","2133879296","1.13333"
"2133879296","158363753","1.13333"
"158363753","2166617999","1.5381"
"2166617999","158363753","1.5381"
"158363753","2410831455","0.2"
"2410831455","158363753","0.2"
"2133879296","2166617999","2.76667"
"2166617999","2133879296","2.76667"
"2133879296","2410831455","0.2"
"2410831455","2133879296","0.2"
"2133879296","42433472","2.43333"
"42433472","2133879296","2.43333"
"2410831455","42433472","0.2"
"42433472","2410831455","0.2"
"1562055382","2117586793","0.5"
"2117586793","1562055382","0.5"
"2097855313","2117586793","1.5"
"2117586793","2097855313","1.5"
"1562055382","2748150666","0.2"
"2748150666","1562055382","0.2"
"1562055382","2766597844","0.783333"
"2766597844","1562055382","0.783333"
"1562055382","2906500927","0.2"
"2906500927","1562055382","0.2"
"2107053876","2513419267","0.4"
"2513419267","2107053876","0.4"
"2107053876","2748150666","0.2"
"2748150666","2107053876","0.2"
"2107053876","2766597844","0.2"
"2766597844","2107053876","0.2"
"2107053876","2906500927","0.2"
"2906500927","2107053876","0.2"
"2513419267","2748150666","1.7"
"2748150666","2513419267","1.7"
"2513419267","2766597844","1.2"
"2766597844","2513419267","1.2"
"2513419267","2906500927","0.45"
"2906500927","2513419267","0.45"
"2748150666","2766597844","0.45"
"2766597844","2748150666","0.45"
"2748150666","2906500927","0.2"
"2906500927","2748150666","0.2"
"2766597844","2906500927","0.783333"
"2906500927","2766597844","0.783333"
"1982907589","2766597844","0.458333"
"2766597844","1982907589","0.458333"
"2166617999","2766597844","1.79167"
"2766597844","2166617999","1.79167"
"1982907589","2027545674","0.766667"
"2027545674","1982907589","0.766667"
"1562055382","291506396","1"
"291506396","1562055382","1"
"1562055382","2801792225","0.25"
"2801792225","1562055382","0.25"
"2046929026","2766597844","0.25"
"2766597844","2046929026","0.25"
"2046929026","2801792225","0.25"
"2801792225","2046929026","0.25"
"2097855313","2766597844","1.375"
"2766597844","2097855313","1.375"
"2097855313","2801792225","0.583333"
"2801792225","2097855313","0.583333"
"2766597844","2801792225","0.75"
"2801792225","2766597844","0.75"
"158363753","2138993334","0.433333"
"2138993334","158363753","0.433333"
"1966902801","2133879296","0.233333"
"2133879296","1966902801","0.233333"
"2076861050","2133879296","1.43333"
"2133879296","2076861050","1.43333"
"2076861050","2138993334","2.65"
"2138993334","2076861050","2.65"
"2096222958","2133879296","0.166667"
"2133879296","2096222958","0.166667"
"2133879296","2138993334","0.733333"
"2138993334","2133879296","0.733333"
"2138993334","42433472","1.29286"
"42433472","2138993334","1.29286"
"158363753","1985573404","0.271429"
"1985573404","158363753","0.271429"
"158363753","2107228355","0.0714286"
"2107228355","158363753","0.0714286"
"158363753","2116297178","0.0714286"
"2116297178","158363753","0.0714286"
"158363753","2154022005","0.571429"
"2154022005","158363753","0.571429"
"158363753","2169024234","0.0714286"
"2169024234","158363753","0.0714286"
"182184358","1985573404","0.271429"
"1985573404","182184358","0.271429"
"182184358","2107228355","0.0714286"
"2107228355","182184358","0.0714286"
"182184358","2116297178","0.339286"
"2116297178","182184358","0.339286"
"182184358","2154022005","0.0714286"
"2154022005","182184358","0.0714286"
"182184358","2166617999","1.24762"
"2166617999","182184358","1.24762"
"182184358","2169024234","0.0714286"
"2169024234","182184358","0.0714286"
"1824892724","1985573404","2.27143"
"1985573404","1824892724","2.27143"
"1824892724","2107228355","0.0714286"
"2107228355","1824892724","0.0714286"
"1824892724","2116297178","0.321429"
"2116297178","1824892724","0.321429"
"1824892724","2169024234","0.0714286"
"2169024234","1824892724","0.0714286"
"1985573404","2046929026","0.0714286"
"2046929026","1985573404","0.0714286"
"1985573404","2076861050","0.271429"
"2076861050","1985573404","0.271429"
"1985573404","2086608200","0.0714286"
"2086608200","1985573404","0.0714286"
"1985573404","2107053876","1.40476"
"2107053876","1985573404","1.40476"
"1985573404","2107228355","0.0714286"
"2107228355","1985573404","0.0714286"
"1985573404","2116297178","0.321429"
"2116297178","1985573404","0.321429"
"1985573404","2166617999","2.57143"
"2166617999","1985573404","2.57143"
"1985573404","2169024234","0.0714286"
"2169024234","1985573404","0.0714286"
"1985573404","42433472","0.0714286"
"42433472","1985573404","0.0714286"
"2046929026","2107228355","0.0714286"
"2107228355","2046929026","0.0714286"
"2046929026","2116297178","0.0714286"
"2116297178","2046929026","0.0714286"
"2046929026","2169024234","0.0714286"
"2169024234","2046929026","0.0714286"
"2076861050","2107228355","0.0714286"
"2107228355","2076861050","0.0714286"
"2076861050","2116297178","1.3631"
"2116297178","2076861050","1.3631"
"2076861050","2154022005","1.07143"
"2154022005","2076861050","1.07143"
"2076861050","2166617999","4.00476"
"2166617999","2076861050","4.00476"
"2076861050","2169024234","1.07143"
"2169024234","2076861050","1.07143"
"2086608200","2107228355","0.0714286"
"2107228355","2086608200","0.0714286"
"2086608200","2116297178","0.0714286"
"2116297178","2086608200","0.0714286"
"2086608200","2154022005","0.0714286"
"2154022005","2086608200","0.0714286"
"2086608200","2166617999","4.00476"
"2166617999","2086608200","4.00476"
"2086608200","2169024234","0.0714286"
"2169024234","2086608200","0.0714286"
"2097855313","2107228355","0.0714286"
"2107228355","2097855313","0.0714286"
"2097855313","2116297178","0.571429"
"2116297178","2097855313","0.571429"
"2097855313","2169024234","0.0714286"
"2169024234","2097855313","0.0714286"
"2107053876","2107228355","0.0714286"
"2107228355","2107053876","0.0714286"
"2107053876","2154022005","0.0714286"
"2154022005","2107053876","0.0714286"
"2107053876","2169024234","0.0714286"
"2169024234","2107053876","0.0714286"
"2107228355","2116297178","0.0714286"
"2116297178","2107228355","0.0714286"
"2107228355","2154022005","1.07143"
"2154022005","2107228355","1.07143"
"2107228355","2166617999","0.0714286"
"2166617999","2107228355","0.0714286"
"2107228355","2169024234","0.0714286"
"2169024234","2107228355","0.0714286"
"2107228355","42433472","0.571429"
"42433472","2107228355","0.571429"
"2116297178","2154022005","0.0714286"
"2154022005","2116297178","0.0714286"
"2116297178","2166617999","1.21429"
"2166617999","2116297178","1.21429"
"2116297178","2169024234","0.0714286"
"2169024234","2116297178","0.0714286"
"2116297178","42433472","0.505952"
"42433472","2116297178","0.505952"
"2154022005","2169024234","0.0714286"
"2169024234","2154022005","0.0714286"
"2154022005","42433472","0.0714286"
"42433472","2154022005","0.0714286"
"2166617999","2169024234","0.0714286"
"2169024234","2166617999","0.0714286"
"2169024234","42433472","0.0714286"
"42433472","2169024234","0.0714286"
"182184358","2133879296","0.2"
"2133879296","182184358","0.2"
"1824892724","2133879296","0.2"
"2133879296","1824892724","0.2"
"1985573404","2133879296","0.2"
"2133879296","1985573404","0.2"
"158363753","1976691486","0.0666667"
"1976691486","158363753","0.0666667"
"158363753","2027545674","0.0666667"
"2027545674","158363753","0.0666667"
"158363753","2149031274","1.56667"
"2149031274","158363753","1.56667"
"158363753","85493232","0.0666667"
"85493232","158363753","0.0666667"
"1966902801","1976691486","0.0666667"
"1976691486","1966902801","0.0666667"
"1966902801","2027545674","0.266667"
"2027545674","1966902801","0.266667"
"1966902801","2149031274","0.0666667"
"2149031274","1966902801","0.0666667"
"1966902801","85493232","0.0666667"
"85493232","1966902801","0.0666667"
"1976092485","1976691486","0.0666667"
"1976691486","1976092485","0.0666667"
"1976092485","2027545674","0.0666667"
"2027545674","1976092485","0.0666667"
"1976092485","2133879296","0.0666667"
"2133879296","1976092485","0.0666667"
"1976092485","2149031274","0.0666667"
"2149031274","1976092485","0.0666667"
"1976092485","85493232","2.31667"
"85493232","1976092485","2.31667"
"1976691486","1982907589","0.0666667"
"1982907589","1976691486","0.0666667"
"1976691486","2027545674","0.0666667"
"2027545674","1976691486","0.0666667"
"1976691486","2046929026","0.0666667"
"2046929026","1976691486","0.0666667"
"1976691486","2076861050","0.0666667"
"2076861050","1976691486","0.0666667"
"1976691486","2086608200","0.0666667"
"2086608200","1976691486","0.0666667"
"1976691486","2097855313","0.0666667"
"2097855313","1976691486","0.0666667"
"1976691486","2133879296","0.0666667"
"2133879296","1976691486","0.0666667"
"1976691486","2149031274","0.0666667"
"2149031274","1976691486","0.0666667"
"1976691486","2166617999","0.566667"
"2166617999","1976691486","0.566667"
"1976691486","42433472","0.0666667"
"42433472","1976691486","0.0666667"
"1976691486","85493232","0.0666667"
"85493232","1976691486","0.0666667"
"1982907589","2133879296","0.0666667"
"2133879296","1982907589","0.0666667"
"1982907589","2149031274","0.0666667"
"2149031274","1982907589","0.0666667"
"1982907589","85493232","0.0666667"
"85493232","1982907589","0.0666667"
"2027545674","2046929026","0.0666667"
"2046929026","2027545674","0.0666667"
"2027545674","2076861050","0.566667"
"2076861050","2027545674","0.566667"
"2027545674","2086608200","0.0666667"
"2086608200","2027545674","0.0666667"
"2027545674","2097855313","0.766667"
"2097855313","2027545674","0.766667"
"2027545674","2133879296","0.566667"
"2133879296","2027545674","0.566667"
"2027545674","2138993334","0.0666667"
"2138993334","2027545674","0.0666667"
"2027545674","2149031274","0.0666667"
"2149031274","2027545674","0.0666667"
"2027545674","2166617999","0.0666667"
"2166617999","2027545674","0.0666667"
"2027545674","42433472","0.0666667"
"42433472","2027545674","0.0666667"
"2027545674","85493232","0.566667"
"85493232","2027545674","0.566667"
"2046929026","2133879296","0.0666667"
"2133879296","2046929026","0.0666667"
"2046929026","2149031274","0.0666667"
"2149031274","2046929026","0.0666667"
"2046929026","85493232","0.0666667"
"85493232","2046929026","0.0666667"
"2076861050","2149031274","0.0666667"
"2149031274","2076861050","0.0666667"
"2076861050","85493232","0.0666667"
"85493232","2076861050","0.0666667"
"2086608200","2133879296","0.0666667"
"2133879296","2086608200","0.0666667"
"2086608200","2138993334","2.56667"
"2138993334","2086608200","2.56667"
"2086608200","2149031274","0.0666667"
"2149031274","2086608200","0.0666667"
"2086608200","85493232","0.0666667"
"85493232","2086608200","0.0666667"
"2097855313","2133879296","1.06667"
"2133879296","2097855313","1.06667"
"2097855313","2149031274","0.0666667"
"2149031274","2097855313","0.0666667"
"2097855313","85493232","0.266667"
"85493232","2097855313","0.266667"
"2133879296","2149031274","1.56667"
"2149031274","2133879296","1.56667"
"2133879296","85493232","0.0666667"
"85493232","2133879296","0.0666667"
"2138993334","2149031274","0.0666667"
"2149031274","2138993334","0.0666667"
"2149031274","2166617999","2.06667"
"2166617999","2149031274","2.06667"
"2149031274","42433472","0.0666667"
"42433472","2149031274","0.0666667"
"2149031274","85493232","0.0666667"
"85493232","2149031274","0.0666667"
"2166617999","85493232","0.0666667"
"85493232","2166617999","0.0666667"
"42433472","85493232","0.0666667"
"85493232","42433472","0.0666667"
"170358087","2102968703","0.5"
"2102968703","170358087","0.5"
"170358087","2154022005","0.5"
"2154022005","170358087","0.5"
"1755570554","2102968703","1"
"2102968703","1755570554","1"
"1755570554","2097855313","1"
"2097855313","1755570554","1"
"1755570554","2166617999","1"
"2166617999","1755570554","1"
"1755570554","2130332503","0.25"
"2130332503","1755570554","0.25"
"1937533433","2130332503","1.11667"
"2130332503","1937533433","1.11667"
"2130332503","2154674126","1.56667"
"2154674126","2130332503","1.56667"
"1755570554","1801410264","0.142857"
"1801410264","1755570554","0.142857"
"1755570554","2019716755","0.142857"
"2019716755","1755570554","0.142857"
"1755570554","2070533721","0.142857"
"2070533721","1755570554","0.142857"
"1755570554","2107053876","0.142857"
"2107053876","1755570554","0.142857"
"1801410264","1937533433","3.09286"
"1937533433","1801410264","3.09286"
"1801410264","2019716755","0.642857"
"2019716755","1801410264","0.642857"
"1801410264","2070533721","0.142857"
"2070533721","1801410264","0.142857"
"1801410264","2107053876","0.92619"
"2107053876","1801410264","0.92619"
"1801410264","2120817231","4.25952"
"2120817231","1801410264","4.25952"
"1801410264","2154674126","3.54286"
"2154674126","1801410264","3.54286"
"1937533433","2019716755","0.142857"
"2019716755","1937533433","0.142857"
"1937533433","2070533721","1.34286"
"2070533721","1937533433","1.34286"
"1937533433","2107053876","1.42619"
"2107053876","1937533433","1.42619"
"2019716755","2070533721","1.09286"
"2070533721","2019716755","1.09286"
"2019716755","2107053876","0.142857"
"2107053876","2019716755","0.142857"
"2019716755","2120817231","0.142857"
"2120817231","2019716755","0.142857"
"2019716755","2154674126","0.842857"
"2154674126","2019716755","0.842857"
"2070533721","2107053876","1.84286"
"2107053876","2070533721","1.84286"
"2070533721","2120817231","2.09286"
"2120817231","2070533721","2.09286"
"2070533721","2154674126","8.12619"
"2154674126","2070533721","8.12619"
"2107053876","2120817231","2.79286"
"2120817231","2107053876","2.79286"
"2107053876","2154674126","2.37619"
"2154674126","2107053876","2.37619"
"1755570554","2096222958","0.25"
"2096222958","1755570554","0.25"
"1755570554","2513419267","0.25"
"2513419267","1755570554","0.25"
"1755570554","2766597844","0.25"
"2766597844","1755570554","0.25"
"1755570554","2906500927","0.25"
"2906500927","1755570554","0.25"
"2096222958","2513419267","1.58333"
"2513419267","2096222958","1.58333"
"2096222958","2766597844","0.708333"
"2766597844","2096222958","0.708333"
"2096222958","2906500927","0.25"
"2906500927","2096222958","0.25"
"1801410264","2097855313","0.5"
"2097855313","1801410264","0.5"
"1801410264","2166617999","0.5"
"2166617999","1801410264","0.5"
"1801410264","1962938849","1"
"1962938849","1801410264","1"
"1801410264","2149031274","1.75"
"2149031274","1801410264","1.75"
"1801410264","2103889389","0.4"
"2103889389","1801410264","0.4"
"1801410264","2513419267","0.2"
"2513419267","1801410264","0.2"
"2103889389","2107053876","0.2"
"2107053876","2103889389","0.2"
"2103889389","2120817231","0.2"
"2120817231","2103889389","0.2"
"2103889389","2154674126","0.4"
"2154674126","2103889389","0.4"
"2103889389","2513419267","0.783333"
"2513419267","2103889389","0.783333"
"2120817231","2513419267","0.2"
"2513419267","2120817231","0.2"
"2154674126","2513419267","0.2"
"2513419267","2154674126","0.2"
"1801410264","2117586793","0.2"
"2117586793","1801410264","0.2"
"1801410264","2330482840","0.2"
"2330482840","1801410264","0.2"
"1937533433","2103889389","0.2"
"2103889389","1937533433","0.2"
"1937533433","2117586793","0.2"
"2117586793","1937533433","0.2"
"1937533433","2330482840","0.2"
"2330482840","1937533433","0.2"
"2103889389","2117586793","2.45"
"2117586793","2103889389","2.45"
"2103889389","2330482840","1.95"
"2330482840","2103889389","1.95"
"2117586793","2154674126","1.2"
"2154674126","2117586793","1.2"
"2117586793","2330482840","1.45"
"2330482840","2117586793","1.45"
"2154674126","2330482840","0.2"
"2330482840","2154674126","0.2"
"1937533433","2149031274","0.75"
"2149031274","1937533433","0.75"
"2107053876","2149031274","0.25"
"2149031274","2107053876","0.25"
"2120817231","2149031274","0.25"
"2149031274","2120817231","0.25"
"1801410264","42433472","0.5"
"42433472","1801410264","0.5"
"1937533433","42433472","1"
"42433472","1937533433","1"
"182184358","2138993334","0.142857"
"2138993334","182184358","0.142857"
"1966902801","2116297178","0.267857"
"2116297178","1966902801","0.267857"
"2096222958","2116297178","0.684524"
"2116297178","2096222958","0.684524"
"182184358","2067558496","0.125"
"2067558496","182184358","0.125"
"182184358","2164031526","0.125"
"2164031526","182184358","0.125"
"1966902801","2067558496","0.125"
"2067558496","1966902801","0.125"
"1966902801","2164031526","0.125"
"2164031526","1966902801","0.125"
"1982907589","2067558496","0.791667"
"2067558496","1982907589","0.791667"
"1982907589","2164031526","0.125"
"2164031526","1982907589","0.125"
"2067558496","2076861050","0.125"
"2076861050","2067558496","0.125"
"2067558496","2096222958","0.958333"
"2096222958","2067558496","0.958333"
"2067558496","2116297178","2.45833"
"2116297178","2067558496","2.45833"
"2067558496","2164031526","0.125"
"2164031526","2067558496","0.125"
"2067558496","42433472","0.125"
"42433472","2067558496","0.125"
"2076861050","2164031526","0.125"
"2164031526","2076861050","0.125"
"2096222958","2164031526","0.625"
"2164031526","2096222958","0.625"
"2116297178","2164031526","0.125"
"2164031526","2116297178","0.125"
"2164031526","42433472","0.125"
"42433472","2164031526","0.125"
"182184358","2032847407","0.5"
"2032847407","182184358","0.5"
"2032847407","2166617999","0.5"
"2166617999","2032847407","0.5"
"1824892724","2766597844","0.333333"
"2766597844","1824892724","0.333333"
"2330482840","2766597844","6.625"
"2766597844","2330482840","6.625"
"1937533433","2166617999","0.333333"
"2166617999","1937533433","0.333333"
"2154674126","2166617999","1.33333"
"2166617999","2154674126","1.33333"
"2107053876","2130332503","0.2"
"2130332503","2107053876","0.2"
"1937533433","2154022005","1"
"2154022005","1937533433","1"
"1937533433","1985573404","1"
"1985573404","1937533433","1"
"1937533433","2097855313","1"
"2097855313","1937533433","1"
"1937533433","2107228355","0.5"
"2107228355","1937533433","0.5"
"1962938849","2130332503","2.5"
"2130332503","1962938849","2.5"
"1962938849","2152290993","0.5"
"2152290993","1962938849","0.5"
"1966902801","1985573404","0.2"
"1985573404","1966902801","0.2"
"1985573404","2027545674","0.2"
"2027545674","1985573404","0.2"
"1985573404","2096222958","0.4"
"2096222958","1985573404","0.4"
"2027545674","2096222958","0.2"
"2096222958","2027545674","0.2"
"1966902801","2120641316","0.333333"
"2120641316","1966902801","0.333333"
"1982907589","2120641316","0.833333"
"2120641316","1982907589","0.833333"
"2107053876","2120641316","0.533333"
"2120641316","2107053876","0.533333"
"1966902801","2766597844","0.125"
"2766597844","1966902801","0.125"
"1976092485","2766597844","0.125"
"2766597844","1976092485","0.125"
"2166617999","2330482840","2.45833"
"2330482840","2166617999","2.45833"
