"115916694","2154658848","2.55882"
"2154658848","115916694","2.55882"
"115916694","1973001156","0.0588235"
"1973001156","115916694","0.0588235"
"115916694","2096076988","0.0588235"
"2096076988","115916694","0.0588235"
"115916694","2115214414","0.0588235"
"2115214414","115916694","0.0588235"
"115916694","2125980212","0.558824"
"2125980212","115916694","0.558824"
"115916694","2163051926","0.0588235"
"2163051926","115916694","0.0588235"
"115916694","2166400748","0.0588235"
"2166400748","115916694","0.0588235"
"115916694","2167331726","0.0588235"
"2167331726","115916694","0.0588235"
"115916694","2329105431","0.0588235"
"2329105431","115916694","0.0588235"
"115916694","2428834396","0.0588235"
"2428834396","115916694","0.0588235"
"115916694","2460305953","0.0588235"
"2460305953","115916694","0.0588235"
"115916694","2481573984","0.0588235"
"2481573984","115916694","0.0588235"
"115916694","2513214219","0.0588235"
"2513214219","115916694","0.0588235"
"115916694","2562696781","0.0588235"
"2562696781","115916694","0.0588235"
"115916694","2612619809","0.0588235"
"2612619809","115916694","0.0588235"
"115916694","2615796676","0.0588235"
"2615796676","115916694","0.0588235"
"115916694","2750620035","0.0588235"
"2750620035","115916694","0.0588235"
"1973001156","2096076988","0.397026"
"2096076988","1973001156","0.397026"
"1973001156","2115214414","20.8714"
"2115214414","1973001156","20.8714"
"1973001156","2125980212","5.74946"
"2125980212","1973001156","5.74946"
"1973001156","2154658848","0.815159"
"2154658848","1973001156","0.815159"
"1973001156","2163051926","0.403193"
"2163051926","1973001156","0.403193"
"1973001156","2166400748","9.0527"
"2166400748","1973001156","9.0527"
"1973001156","2167331726","11.0071"
"2167331726","1973001156","11.0071"
"1973001156","2329105431","0.0588235"
"2329105431","1973001156","0.0588235"
"1973001156","2428834396","0.111455"
"2428834396","1973001156","0.111455"
"1973001156","2460305953","0.0588235"
"2460305953","1973001156","0.0588235"
"1973001156","2481573984","0.558824"
"2481573984","1973001156","0.558824"
"1973001156","2513214219","1.55882"
"2513214219","1973001156","1.55882"
"1973001156","2562696781","0.751681"
"2562696781","1973001156","0.751681"
"1973001156","2612619809","0.111455"
"2612619809","1973001156","0.111455"
"1973001156","2615796676","0.111455"
"2615796676","1973001156","0.111455"
"1973001156","2750620035","0.0588235"
"2750620035","1973001156","0.0588235"
"2096076988","2115214414","0.897026"
"2115214414","2096076988","0.897026"
"2096076988","2125980212","0.897026"
"2125980212","2096076988","0.897026"
"2096076988","2154658848","0.0958606"
"2154658848","2096076988","0.0958606"
"2096076988","2163051926","0.580359"
"2163051926","2096076988","0.580359"
"2096076988","2166400748","0.520103"
"2166400748","2096076988","0.520103"
"2096076988","2167331726","0.229194"
"2167331726","2096076988","0.229194"
"2096076988","2329105431","0.149733"
"2329105431","2096076988","0.149733"
"2096076988","2428834396","0.349733"
"2428834396","2096076988","0.349733"
"2096076988","2460305953","0.149733"
"2460305953","2096076988","0.149733"
"2096076988","2481573984","0.0588235"
"2481573984","2096076988","0.0588235"
"2096076988","2513214219","1.50882"
"2513214219","2096076988","1.50882"
"2096076988","2562696781","0.0588235"
"2562696781","2096076988","0.0588235"
"2096076988","2612619809","0.349733"
"2612619809","2096076988","0.349733"
"2096076988","2615796676","0.0588235"
"2615796676","2096076988","0.0588235"
"2096076988","2750620035","0.349733"
"2750620035","2096076988","0.349733"
"2115214414","2125980212","9.15635"
"2125980212","2115214414","9.15635"
"2115214414","2154658848","0.262527"
"2154658848","2115214414","0.262527"
"2115214414","2163051926","0.572784"
"2163051926","2115214414","0.572784"
"2115214414","2166400748","6.43895"
"2166400748","2115214414","6.43895"
"2115214414","2167331726","3.03733"
"2167331726","2115214414","3.03733"
"2115214414","2329105431","0.0588235"
"2329105431","2115214414","0.0588235"
"2115214414","2428834396","0.392157"
"2428834396","2115214414","0.392157"
"2115214414","2460305953","0.0588235"
"2460305953","2115214414","0.0588235"
"2115214414","2481573984","0.0588235"
"2481573984","2115214414","0.0588235"
"2115214414","2513214219","0.0588235"
"2513214219","2115214414","0.0588235"
"2115214414","2562696781","0.508824"
"2562696781","2115214414","0.508824"
"2115214414","2612619809","0.0588235"
"2612619809","2115214414","0.0588235"
"2115214414","2615796676","0.0588235"
"2615796676","2115214414","0.0588235"
"2115214414","2750620035","0.0588235"
"2750620035","2115214414","0.0588235"
"2125980212","2154658848","0.815159"
"2154658848","2125980212","0.815159"
"2125980212","2163051926","0.542082"
"2163051926","2125980212","0.542082"
"2125980212","2166400748","2.57809"
"2166400748","2125980212","2.57809"
"2125980212","2167331726","1.75663"
"2167331726","2125980212","1.75663"
"2125980212","2329105431","0.0588235"
"2329105431","2125980212","0.0588235"
"2125980212","2428834396","0.111455"
"2428834396","2125980212","0.111455"
"2125980212","2460305953","0.0588235"
"2460305953","2125980212","0.0588235"
"2125980212","2481573984","0.0588235"
"2481573984","2125980212","0.0588235"
"2125980212","2513214219","0.308824"
"2513214219","2125980212","0.308824"
"2125980212","2562696781","0.0588235"
"2562696781","2125980212","0.0588235"
"2125980212","2612619809","0.111455"
"2612619809","2125980212","0.111455"
"2125980212","2615796676","0.111455"
"2615796676","2125980212","0.111455"
"2125980212","2750620035","0.0588235"
"2750620035","2125980212","0.0588235"
"2154658848","2163051926","0.148492"
"2163051926","2154658848","0.148492"
"2154658848","2166400748","0.148492"
"2166400748","2154658848","0.148492"
"2154658848","2167331726","1.31516"
"2167331726","2154658848","1.31516"
"2154658848","2329105431","0.0588235"
"2329105431","2154658848","0.0588235"
"2154658848","2428834396","0.111455"
"2428834396","2154658848","0.111455"
"2154658848","2460305953","0.0588235"
"2460305953","2154658848","0.0588235"
"2154658848","2481573984","0.558824"
"2481573984","2154658848","0.558824"
"2154658848","2513214219","0.0588235"
"2513214219","2154658848","0.0588235"
"2154658848","2562696781","0.0588235"
"2562696781","2154658848","0.0588235"
"2154658848","2612619809","0.111455"
"2612619809","2154658848","0.111455"
"2154658848","2615796676","0.444788"
"2615796676","2154658848","0.444788"
"2154658848","2750620035","0.0588235"
"2750620035","2154658848","0.0588235"
"2163051926","2166400748","1.57627"
"2166400748","2163051926","1.57627"
"2163051926","2167331726","0.215159"
"2167331726","2163051926","0.215159"
"2163051926","2329105431","4.19263"
"2329105431","2163051926","4.19263"
"2163051926","2428834396","6.66192"
"2428834396","2163051926","6.66192"
"2163051926","2460305953","0.399733"
"2460305953","2163051926","0.399733"
"2163051926","2481573984","0.0588235"
"2481573984","2163051926","0.0588235"
"2163051926","2513214219","0.808824"
"2513214219","2163051926","0.808824"
"2163051926","2562696781","0.0588235"
"2562696781","2163051926","0.0588235"
"2163051926","2612619809","2.43732"
"2612619809","2163051926","2.43732"
"2163051926","2615796676","0.111455"
"2615796676","2163051926","0.111455"
"2163051926","2750620035","2.62755"
"2750620035","2163051926","2.62755"
"2166400748","2167331726","2.61218"
"2167331726","2166400748","2.61218"
"2166400748","2329105431","0.169935"
"2329105431","2166400748","0.169935"
"2166400748","2428834396","0.672566"
"2428834396","2166400748","0.672566"
"2166400748","2460305953","0.0588235"
"2460305953","2166400748","0.0588235"
"2166400748","2481573984","0.0588235"
"2481573984","2166400748","0.0588235"
"2166400748","2513214219","0.758824"
"2513214219","2166400748","0.758824"
"2166400748","2562696781","0.551681"
"2562696781","2166400748","0.551681"
"2166400748","2612619809","0.311455"
"2612619809","2166400748","0.311455"
"2166400748","2615796676","0.111455"
"2615796676","2166400748","0.111455"
"2166400748","2750620035","0.258824"
"2750620035","2166400748","0.258824"
"2167331726","2329105431","0.308824"
"2329105431","2167331726","0.308824"
"2167331726","2428834396","0.111455"
"2428834396","2167331726","0.111455"
"2167331726","2460305953","0.0588235"
"2460305953","2167331726","0.0588235"
"2167331726","2481573984","0.0588235"
"2481573984","2167331726","0.0588235"
"2167331726","2513214219","1.05882"
"2513214219","2167331726","1.05882"
"2167331726","2562696781","0.401681"
"2562696781","2167331726","0.401681"
"2167331726","2612619809","0.111455"
"2612619809","2167331726","0.111455"
"2167331726","2615796676","0.111455"
"2615796676","2167331726","0.111455"
"2167331726","2750620035","0.0588235"
"2750620035","2167331726","0.0588235"
"2329105431","2428834396","4.90096"
"2428834396","2329105431","4.90096"
"2329105431","2460305953","0.149733"
"2460305953","2329105431","0.149733"
"2329105431","2481573984","0.0588235"
"2481573984","2329105431","0.0588235"
"2329105431","2513214219","0.558824"
"2513214219","2329105431","0.558824"
"2329105431","2562696781","0.0588235"
"2562696781","2329105431","0.0588235"
"2329105431","2612619809","3.29302"
"2612619809","2329105431","3.29302"
"2329105431","2615796676","0.0588235"
"2615796676","2329105431","0.0588235"
"2329105431","2750620035","1.74421"
"2750620035","2329105431","1.74421"
"2428834396","2460305953","0.149733"
"2460305953","2428834396","0.149733"
"2428834396","2481573984","1.05882"
"2481573984","2428834396","1.05882"
"2428834396","2513214219","0.258824"
"2513214219","2428834396","0.258824"
"2428834396","2562696781","0.0588235"
"2562696781","2428834396","0.0588235"
"2428834396","2612619809","1.72899"
"2612619809","2428834396","1.72899"
"2428834396","2615796676","0.111455"
"2615796676","2428834396","0.111455"
"2428834396","2750620035","3.49421"
"2750620035","2428834396","3.49421"
"2460305953","2481573984","0.0588235"
"2481573984","2460305953","0.0588235"
"2460305953","2513214219","0.0588235"
"2513214219","2460305953","0.0588235"
"2460305953","2562696781","0.0588235"
"2562696781","2460305953","0.0588235"
"2460305953","2612619809","0.149733"
"2612619809","2460305953","0.149733"
"2460305953","2615796676","0.0588235"
"2615796676","2460305953","0.0588235"
"2460305953","2750620035","0.149733"
"2750620035","2460305953","0.149733"
"2481573984","2513214219","0.0588235"
"2513214219","2481573984","0.0588235"
"2481573984","2562696781","0.0588235"
"2562696781","2481573984","0.0588235"
"2481573984","2612619809","0.0588235"
"2612619809","2481573984","0.0588235"
"2481573984","2615796676","2.05882"
"2615796676","2481573984","2.05882"
"2481573984","2750620035","1.05882"
"2750620035","2481573984","1.05882"
"2513214219","2562696781","0.0588235"
"2562696781","2513214219","0.0588235"
"2513214219","2612619809","0.258824"
"2612619809","2513214219","0.258824"
"2513214219","2615796676","0.0588235"
"2615796676","2513214219","0.0588235"
"2513214219","2750620035","0.258824"
"2750620035","2513214219","0.258824"
"2562696781","2612619809","0.0588235"
"2612619809","2562696781","0.0588235"
"2562696781","2615796676","0.0588235"
"2615796676","2562696781","0.0588235"
"2562696781","2750620035","0.0588235"
"2750620035","2562696781","0.0588235"
"2612619809","2615796676","0.111455"
"2615796676","2612619809","0.111455"
"2612619809","2750620035","1.46802"
"2750620035","2612619809","1.46802"
"2615796676","2750620035","0.0588235"
"2750620035","2615796676","0.0588235"
"1488414089","1978073991","4.47619"
"1978073991","1488414089","4.47619"
"1488414089","2145025617","3.05952"
"2145025617","1488414089","3.05952"
"1488414089","2159393864","15.004"
"2159393864","1488414089","15.004"
"1978073991","2145025617","3.41667"
"2145025617","1978073991","3.41667"
"1978073991","2159393864","7.64286"
"2159393864","1978073991","7.64286"
"2145025617","2159393864","4.65"
"2159393864","2145025617","4.65"
"1488414089","2019039172","2.31349"
"2019039172","1488414089","2.31349"
"1978073991","2019039172","2.89286"
"2019039172","1978073991","2.89286"
"2019039172","2159393864","3.20397"
"2159393864","2019039172","3.20397"
"1488414089","2028327419","1.3373"
"2028327419","1488414089","1.3373"
"1978073991","2028327419","0.75"
"2028327419","1978073991","0.75"
"2019039172","2028327419","0.503968"
"2028327419","2019039172","0.503968"
"2028327419","2159393864","3.92778"
"2159393864","2028327419","3.92778"
"1488414089","1973001156","0.111111"
"1973001156","1488414089","0.111111"
"1488414089","2001700730","0.111111"
"2001700730","1488414089","0.111111"
"1488414089","2009899413","0.444444"
"2009899413","1488414089","0.444444"
"1488414089","2086985947","0.111111"
"2086985947","1488414089","0.111111"
"1488414089","2121269638","0.111111"
"2121269638","1488414089","0.111111"
"1488414089","2166400748","0.111111"
"2166400748","1488414089","0.111111"
"1973001156","2001700730","7.13316"
"2001700730","1973001156","7.13316"
"1973001156","2009899413","0.481481"
"2009899413","1973001156","0.481481"
"1973001156","2019039172","0.348148"
"2019039172","1973001156","0.348148"
"1973001156","2028327419","0.535354"
"2028327419","1973001156","0.535354"
"1973001156","2086985947","0.611111"
"2086985947","1973001156","0.611111"
"1973001156","2121269638","13.7237"
"2121269638","1973001156","13.7237"
"1973001156","2159393864","0.311111"
"2159393864","1973001156","0.311111"
"2001700730","2009899413","0.281481"
"2009899413","2001700730","0.281481"
"2001700730","2019039172","0.148148"
"2019039172","2001700730","0.148148"
"2001700730","2028327419","0.111111"
"2028327419","2001700730","0.111111"
"2001700730","2086985947","0.111111"
"2086985947","2001700730","0.111111"
"2001700730","2121269638","8.47601"
"2121269638","2001700730","8.47601"
"2001700730","2159393864","0.111111"
"2159393864","2001700730","0.111111"
"2001700730","2166400748","7.19268"
"2166400748","2001700730","7.19268"
"2009899413","2019039172","0.348148"
"2019039172","2009899413","0.348148"
"2009899413","2028327419","0.361111"
"2028327419","2009899413","0.361111"
"2009899413","2086985947","0.861111"
"2086985947","2009899413","0.861111"
"2009899413","2121269638","0.531482"
"2121269638","2009899413","0.531482"
"2009899413","2159393864","0.644444"
"2159393864","2009899413","0.644444"
"2009899413","2166400748","0.731481"
"2166400748","2009899413","0.731481"
"2019039172","2086985947","0.111111"
"2086985947","2019039172","0.111111"
"2019039172","2121269638","0.148148"
"2121269638","2019039172","0.148148"
"2019039172","2166400748","0.348148"
"2166400748","2019039172","0.348148"
"2028327419","2086985947","0.811111"
"2086985947","2028327419","0.811111"
"2028327419","2121269638","0.40202"
"2121269638","2028327419","0.40202"
"2028327419","2166400748","0.444444"
"2166400748","2028327419","0.444444"
"2086985947","2121269638","0.361111"
"2121269638","2086985947","0.361111"
"2086985947","2159393864","0.311111"
"2159393864","2086985947","0.311111"
"2086985947","2166400748","0.361111"
"2166400748","2086985947","0.361111"
"2121269638","2159393864","0.311111"
"2159393864","2121269638","0.311111"
"2121269638","2166400748","14.1605"
"2166400748","2121269638","14.1605"
"2159393864","2166400748","0.311111"
"2166400748","2159393864","0.311111"
"1488414089","2244282652","0.47619"
"2244282652","1488414089","0.47619"
"2009899413","2244282652","0.533333"
"2244282652","2009899413","0.533333"
"2159393864","2244282652","1.03333"
"2244282652","2159393864","1.03333"
"1488414089","2099568195","0.333333"
"2099568195","1488414089","0.333333"
"1978073991","2099568195","0.333333"
"2099568195","1978073991","0.333333"
"2099568195","2159393864","1.06667"
"2159393864","2099568195","1.06667"
"1488414089","1513288538","1.25"
"1513288538","1488414089","1.25"
"1513288538","1978073991","2.91667"
"1978073991","1513288538","2.91667"
"1513288538","2145025617","0.25"
"2145025617","1513288538","0.25"
"1513288538","2159393864","1.25"
"2159393864","1513288538","1.25"
"1488414089","2160080073","0.142857"
"2160080073","1488414089","0.142857"
"1488414089","2443200919","0.142857"
"2443200919","1488414089","0.142857"
"1488414089","2489451110","0.142857"
"2489451110","1488414089","0.142857"
"2019039172","2145025617","0.47619"
"2145025617","2019039172","0.47619"
"2019039172","2160080073","0.142857"
"2160080073","2019039172","0.142857"
"2019039172","2244282652","0.342857"
"2244282652","2019039172","0.342857"
"2019039172","2443200919","0.142857"
"2443200919","2019039172","0.142857"
"2019039172","2489451110","0.142857"
"2489451110","2019039172","0.142857"
"2028327419","2145025617","9.76905"
"2145025617","2028327419","9.76905"
"2028327419","2160080073","1.64286"
"2160080073","2028327419","1.64286"
"2028327419","2244282652","0.392857"
"2244282652","2028327419","0.392857"
"2028327419","2443200919","0.142857"
"2443200919","2028327419","0.142857"
"2028327419","2489451110","0.142857"
"2489451110","2028327419","0.142857"
"2145025617","2160080073","1.14286"
"2160080073","2145025617","1.14286"
"2145025617","2244282652","0.392857"
"2244282652","2145025617","0.392857"
"2145025617","2443200919","0.142857"
"2443200919","2145025617","0.142857"
"2145025617","2489451110","0.142857"
"2489451110","2145025617","0.142857"
"2160080073","2244282652","0.47619"
"2244282652","2160080073","0.47619"
"2160080073","2443200919","0.142857"
"2443200919","2160080073","0.142857"
"2160080073","2489451110","0.142857"
"2489451110","2160080073","0.142857"
"2244282652","2443200919","0.142857"
"2443200919","2244282652","0.142857"
"2244282652","2489451110","0.142857"
"2489451110","2244282652","0.142857"
"2443200919","2489451110","0.142857"
"2489451110","2443200919","0.142857"
"1488414089","1536525420","0.25"
"1536525420","1488414089","0.25"
"1488414089","2073329022","0.25"
"2073329022","1488414089","0.25"
"1488414089","2125980212","0.25"
"2125980212","1488414089","0.25"
"1536525420","2073329022","3.77656"
"2073329022","1536525420","3.77656"
"1536525420","2125980212","1.2412"
"2125980212","1536525420","1.2412"
"1536525420","2159393864","1.25"
"2159393864","1536525420","1.25"
"2073329022","2125980212","3.69709"
"2125980212","2073329022","3.69709"
"2073329022","2159393864","0.25"
"2159393864","2073329022","0.25"
"2125980212","2159393864","0.25"
"2159393864","2125980212","0.25"
"1488414089","2177832701","0.142857"
"2177832701","1488414089","0.142857"
"1488414089","2523401173","0.142857"
"2523401173","1488414089","0.142857"
"1488414089","2576109540","0.142857"
"2576109540","1488414089","0.142857"
"1488414089","2951096868","0.142857"
"2951096868","1488414089","0.142857"
"1978073991","2177832701","0.142857"
"2177832701","1978073991","0.142857"
"1978073991","2523401173","0.142857"
"2523401173","1978073991","0.142857"
"1978073991","2576109540","0.142857"
"2576109540","1978073991","0.142857"
"1978073991","2951096868","0.142857"
"2951096868","1978073991","0.142857"
"2019039172","2177832701","0.142857"
"2177832701","2019039172","0.142857"
"2019039172","2523401173","0.142857"
"2523401173","2019039172","0.142857"
"2019039172","2576109540","0.142857"
"2576109540","2019039172","0.142857"
"2019039172","2951096868","0.142857"
"2951096868","2019039172","0.142857"
"2159393864","2177832701","0.142857"
"2177832701","2159393864","0.142857"
"2159393864","2523401173","0.142857"
"2523401173","2159393864","0.142857"
"2159393864","2576109540","0.142857"
"2576109540","2159393864","0.142857"
"2159393864","2951096868","0.142857"
"2951096868","2159393864","0.142857"
"2177832701","2523401173","0.142857"
"2523401173","2177832701","0.142857"
"2177832701","2576109540","0.142857"
"2576109540","2177832701","0.142857"
"2177832701","2951096868","0.142857"
"2951096868","2177832701","0.142857"
"2523401173","2576109540","0.142857"
"2576109540","2523401173","0.142857"
"2523401173","2951096868","0.142857"
"2951096868","2523401173","0.142857"
"2576109540","2951096868","0.47619"
"2951096868","2576109540","0.47619"
"1513288538","1537450505","0.5"
"1537450505","1513288538","0.5"
"1537450505","1978073991","2.83333"
"1978073991","1537450505","2.83333"
"1513288538","2024626449","0.666667"
"2024626449","1513288538","0.666667"
"1513288538","2398784425","1.16667"
"2398784425","1513288538","1.16667"
"1978073991","2024626449","1.66667"
"2024626449","1978073991","1.66667"
"1978073991","2398784425","1.16667"
"2398784425","1978073991","1.16667"
"2024626449","2398784425","24.6667"
"2398784425","2024626449","24.6667"
"1529972408","1539678978","0.5"
"1539678978","1529972408","0.5"
"1529972408","2007890664","0.5"
"2007890664","1529972408","0.5"
"1539678978","2007890664","2.5"
"2007890664","1539678978","2.5"
"1529972408","2096139125","0.5"
"2096139125","1529972408","0.5"
"1529972408","2099751191","0.5"
"2099751191","1529972408","0.5"
"2096139125","2099751191","1.5"
"2099751191","2096139125","1.5"
"1536525420","1973001156","2.19322"
"1973001156","1536525420","2.19322"
"1536525420","1991175610","1.02656"
"1991175610","1536525420","1.02656"
"1536525420","2001700730","2.12454"
"2001700730","1536525420","2.12454"
"1536525420","2115214414","0.602315"
"2115214414","1536525420","0.602315"
"1536525420","2121269638","0.965446"
"2121269638","1536525420","0.965446"
"1536525420","2166400748","0.874537"
"2166400748","1536525420","0.874537"
"1973001156","1991175610","3.61429"
"1991175610","1973001156","3.61429"
"1973001156","2073329022","4.95546"
"2073329022","1973001156","4.95546"
"1991175610","2001700730","1.26941"
"2001700730","1991175610","1.26941"
"1991175610","2073329022","3.19005"
"2073329022","1991175610","3.19005"
"1991175610","2115214414","2.04719"
"2115214414","1991175610","2.04719"
"1991175610","2121269638","5.50318"
"2121269638","1991175610","5.50318"
"1991175610","2125980212","1.89878"
"2125980212","1991175610","1.89878"
"1991175610","2166400748","2.9956"
"2166400748","1991175610","2.9956"
"2001700730","2073329022","2.71184"
"2073329022","2001700730","2.71184"
"2001700730","2115214414","3.27894"
"2115214414","2001700730","3.27894"
"2001700730","2125980212","1.7276"
"2125980212","2001700730","1.7276"
"2073329022","2115214414","3.45503"
"2115214414","2073329022","3.45503"
"2073329022","2121269638","6.34124"
"2121269638","2073329022","6.34124"
"2073329022","2166400748","1.05589"
"2166400748","2073329022","1.05589"
"2115214414","2121269638","10.8579"
"2121269638","2115214414","10.8579"
"2121269638","2125980212","5.6899"
"2125980212","2121269638","5.6899"
"1536525420","1967450521","0.037037"
"1967450521","1536525420","0.037037"
"1536525420","1990947147","0.166204"
"1990947147","1536525420","0.166204"
"1536525420","2009899413","0.103704"
"2009899413","1536525420","0.103704"
"1536525420","2018312189","0.210648"
"2018312189","1536525420","0.210648"
"1536525420","2019039172","0.037037"
"2019039172","1536525420","0.037037"
"1536525420","2055261195","0.287037"
"2055261195","1536525420","0.287037"
"1536525420","2073540046","0.305724"
"2073540046","1536525420","0.305724"
"1536525420","2096076988","0.103704"
"2096076988","1536525420","0.103704"
"1536525420","2099568195","0.037037"
"2099568195","1536525420","0.037037"
"1536525420","2101850236","0.349537"
"2101850236","1536525420","0.349537"
"1536525420","2109056561","0.239057"
"2109056561","1536525420","0.239057"
"1536525420","2114764731","0.037037"
"2114764731","1536525420","0.037037"
"1536525420","2129750215","0.301557"
"2129750215","1536525420","0.301557"
"1536525420","2139660688","0.099537"
"2139660688","1536525420","0.099537"
"1536525420","2154658848","0.037037"
"2154658848","1536525420","0.037037"
"1536525420","2158779275","0.368224"
"2158779275","1536525420","0.368224"
"1536525420","2163051926","0.103704"
"2163051926","1536525420","0.103704"
"1536525420","2167331726","0.257113"
"2167331726","1536525420","0.257113"
"1536525420","2170478076","0.037037"
"2170478076","1536525420","0.037037"
"1967450521","1973001156","0.237037"
"1973001156","1967450521","0.237037"
"1967450521","1990947147","0.037037"
"1990947147","1967450521","0.037037"
"1967450521","1991175610","0.037037"
"1991175610","1967450521","0.037037"
"1967450521","2001700730","0.037037"
"2001700730","1967450521","0.037037"
"1967450521","2009899413","0.037037"
"2009899413","1967450521","0.037037"
"1967450521","2018312189","0.037037"
"2018312189","1967450521","0.037037"
"1967450521","2019039172","0.037037"
"2019039172","1967450521","0.037037"
"1967450521","2055261195","0.237037"
"2055261195","1967450521","0.237037"
"1967450521","2073329022","0.037037"
"2073329022","1967450521","0.037037"
"1967450521","2073540046","0.037037"
"2073540046","1967450521","0.037037"
"1967450521","2096076988","0.037037"
"2096076988","1967450521","0.037037"
"1967450521","2099568195","0.037037"
"2099568195","1967450521","0.037037"
"1967450521","2101850236","0.237037"
"2101850236","1967450521","0.237037"
"1967450521","2109056561","0.037037"
"2109056561","1967450521","0.037037"
"1967450521","2114764731","0.037037"
"2114764731","1967450521","0.037037"
"1967450521","2115214414","0.237037"
"2115214414","1967450521","0.237037"
"1967450521","2121269638","0.037037"
"2121269638","1967450521","0.037037"
"1967450521","2125980212","0.037037"
"2125980212","1967450521","0.037037"
"1967450521","2129750215","0.037037"
"2129750215","1967450521","0.037037"
"1967450521","2139660688","0.237037"
"2139660688","1967450521","0.237037"
"1967450521","2154658848","0.037037"
"2154658848","1967450521","0.037037"
"1967450521","2158779275","0.037037"
"2158779275","1967450521","0.037037"
"1967450521","2163051926","0.037037"
"2163051926","1967450521","0.037037"
"1967450521","2166400748","0.037037"
"2166400748","1967450521","0.037037"
"1967450521","2167331726","0.037037"
"2167331726","1967450521","0.037037"
"1967450521","2170478076","0.037037"
"2170478076","1967450521","0.037037"
"1973001156","1990947147","1.3026"
"1990947147","1973001156","1.3026"
"1973001156","2018312189","0.321759"
"2018312189","1973001156","0.321759"
"1973001156","2055261195","2.37745"
"2055261195","1973001156","2.37745"
"1973001156","2073540046","0.540223"
"2073540046","1973001156","0.540223"
"1973001156","2099568195","0.194613"
"2099568195","1973001156","0.194613"
"1973001156","2101850236","0.749537"
"2101850236","1973001156","0.749537"
"1973001156","2109056561","0.51598"
"2109056561","1973001156","0.51598"
"1973001156","2114764731","1.45634"
"2114764731","1973001156","1.45634"
"1973001156","2129750215","1.91142"
"2129750215","1973001156","1.91142"
"1973001156","2139660688","2.55106"
"2139660688","1973001156","2.55106"
"1973001156","2158779275","3.51502"
"2158779275","1973001156","3.51502"
"1973001156","2170478076","4.27037"
"2170478076","1973001156","4.27037"
"1990947147","1991175610","0.916637"
"1991175610","1990947147","0.916637"
"1990947147","2001700730","2.3526"
"2001700730","1990947147","2.3526"
"1990947147","2009899413","0.17037"
"2009899413","1990947147","0.17037"
"1990947147","2018312189","0.099537"
"2018312189","1990947147","0.099537"
"1990947147","2019039172","0.037037"
"2019039172","1990947147","0.037037"
"1990947147","2055261195","0.037037"
"2055261195","1990947147","0.037037"
"1990947147","2073329022","0.309061"
"2073329022","1990947147","0.309061"
"1990947147","2073540046","0.261279"
"2073540046","1990947147","0.261279"
"1990947147","2096076988","0.261279"
"2096076988","1990947147","0.261279"
"1990947147","2099568195","0.194613"
"2099568195","1990947147","0.194613"
"1990947147","2101850236","0.299537"
"2101850236","1990947147","0.299537"
"1990947147","2109056561","0.037037"
"2109056561","1990947147","0.037037"
"1990947147","2114764731","0.0896686"
"2114764731","1990947147","0.0896686"
"1990947147","2115214414","1.29997"
"2115214414","1990947147","1.29997"
"1990947147","2121269638","1.8026"
"2121269638","1990947147","1.8026"
"1990947147","2125980212","0.376411"
"2125980212","1990947147","0.376411"
"1990947147","2129750215","0.099537"
"2129750215","1990947147","0.099537"
"1990947147","2139660688","0.099537"
"2139660688","1990947147","0.099537"
"1990947147","2154658848","0.0896686"
"2154658848","1990947147","0.0896686"
"1990947147","2158779275","0.323779"
"2158779275","1990947147","0.323779"
"1990947147","2163051926","0.489669"
"2163051926","1990947147","0.489669"
"1990947147","2166400748","1.71927"
"2166400748","1990947147","1.71927"
"1990947147","2167331726","0.285502"
"2167331726","1990947147","0.285502"
"1990947147","2170478076","0.353704"
"2170478076","1990947147","0.353704"
"1991175610","2009899413","0.17037"
"2009899413","1991175610","0.17037"
"1991175610","2018312189","0.210648"
"2018312189","1991175610","0.210648"
"1991175610","2019039172","0.037037"
"2019039172","1991175610","0.037037"
"1991175610","2055261195","0.037037"
"2055261195","1991175610","0.037037"
"1991175610","2073540046","0.5633"
"2073540046","1991175610","0.5633"
"1991175610","2096076988","0.261279"
"2096076988","1991175610","0.261279"
"1991175610","2099568195","0.444613"
"2099568195","1991175610","0.444613"
"1991175610","2101850236","0.399537"
"2101850236","1991175610","0.399537"
"1991175610","2109056561","0.339057"
"2109056561","1991175610","0.339057"
"1991175610","2114764731","0.037037"
"2114764731","1991175610","0.037037"
"1991175610","2129750215","0.855525"
"2129750215","1991175610","0.855525"
"1991175610","2139660688","0.460648"
"2139660688","1991175610","0.460648"
"1991175610","2154658848","0.037037"
"2154658848","1991175610","0.037037"
"1991175610","2158779275","0.903577"
"2158779275","1991175610","0.903577"
"1991175610","2163051926","0.103704"
"2163051926","1991175610","0.103704"
"1991175610","2167331726","1.2333"
"2167331726","1991175610","1.2333"
"1991175610","2170478076","0.903704"
"2170478076","1991175610","0.903704"
"2001700730","2018312189","0.099537"
"2018312189","2001700730","0.099537"
"2001700730","2055261195","0.037037"
"2055261195","2001700730","0.037037"
"2001700730","2073540046","0.261279"
"2073540046","2001700730","0.261279"
"2001700730","2096076988","0.261279"
"2096076988","2001700730","0.261279"
"2001700730","2099568195","0.194613"
"2099568195","2001700730","0.194613"
"2001700730","2101850236","0.099537"
"2101850236","2001700730","0.099537"
"2001700730","2109056561","0.037037"
"2109056561","2001700730","0.037037"
"2001700730","2114764731","0.289669"
"2114764731","2001700730","0.289669"
"2001700730","2129750215","0.353505"
"2129750215","2001700730","0.353505"
"2001700730","2139660688","0.210648"
"2139660688","2001700730","0.210648"
"2001700730","2154658848","0.0896686"
"2154658848","2001700730","0.0896686"
"2001700730","2158779275","0.827748"
"2158779275","2001700730","0.827748"
"2001700730","2163051926","0.656335"
"2163051926","2001700730","0.656335"
"2001700730","2167331726","0.985502"
"2167331726","2001700730","0.985502"
"2001700730","2170478076","0.837037"
"2170478076","2001700730","0.837037"
"2009899413","2018312189","0.037037"
"2018312189","2009899413","0.037037"
"2009899413","2055261195","0.037037"
"2055261195","2009899413","0.037037"
"2009899413","2073329022","0.103704"
"2073329022","2009899413","0.103704"
"2009899413","2073540046","0.17037"
"2073540046","2009899413","0.17037"
"2009899413","2096076988","0.17037"
"2096076988","2009899413","0.17037"
"2009899413","2099568195","1.1037"
"2099568195","2009899413","1.1037"
"2009899413","2101850236","0.037037"
"2101850236","2009899413","0.037037"
"2009899413","2109056561","0.037037"
"2109056561","2009899413","0.037037"
"2009899413","2114764731","0.037037"
"2114764731","2009899413","0.037037"
"2009899413","2115214414","0.17037"
"2115214414","2009899413","0.17037"
"2009899413","2125980212","0.17037"
"2125980212","2009899413","0.17037"
"2009899413","2129750215","0.037037"
"2129750215","2009899413","0.037037"
"2009899413","2139660688","0.037037"
"2139660688","2009899413","0.037037"
"2009899413","2154658848","0.037037"
"2154658848","2009899413","0.037037"
"2009899413","2158779275","0.17037"
"2158779275","2009899413","0.17037"
"2009899413","2163051926","0.103704"
"2163051926","2009899413","0.103704"
"2009899413","2167331726","0.17037"
"2167331726","2009899413","0.17037"
"2009899413","2170478076","0.103704"
"2170478076","2009899413","0.103704"
"2018312189","2019039172","0.037037"
"2019039172","2018312189","0.037037"
"2018312189","2055261195","0.148148"
"2055261195","2018312189","0.148148"
"2018312189","2073329022","0.405093"
"2073329022","2018312189","0.405093"
"2018312189","2073540046","1.57434"
"2073540046","2018312189","1.57434"
"2018312189","2096076988","0.237037"
"2096076988","2018312189","0.237037"
"2018312189","2099568195","0.179894"
"2099568195","2018312189","0.179894"
"2018312189","2101850236","0.099537"
"2101850236","2018312189","0.099537"
"2018312189","2109056561","0.791005"
"2109056561","2018312189","0.791005"
"2018312189","2114764731","0.037037"
"2114764731","2018312189","0.037037"
"2018312189","2115214414","0.405093"
"2115214414","2018312189","0.405093"
"2018312189","2121269638","1.29398"
"2121269638","2018312189","1.29398"
"2018312189","2125980212","0.293981"
"2125980212","2018312189","0.293981"
"2018312189","2129750215","0.94795"
"2129750215","2018312189","0.94795"
"2018312189","2139660688","0.210648"
"2139660688","2018312189","0.210648"
"2018312189","2154658848","0.037037"
"2154658848","2018312189","0.037037"
"2018312189","2158779275","1.75351"
"2158779275","2018312189","1.75351"
"2018312189","2163051926","0.037037"
"2163051926","2018312189","0.037037"
"2018312189","2166400748","0.099537"
"2166400748","2018312189","0.099537"
"2018312189","2167331726","0.293981"
"2167331726","2018312189","0.293981"
"2018312189","2170478076","0.037037"
"2170478076","2018312189","0.037037"
"2019039172","2055261195","0.037037"
"2055261195","2019039172","0.037037"
"2019039172","2073329022","0.037037"
"2073329022","2019039172","0.037037"
"2019039172","2073540046","0.037037"
"2073540046","2019039172","0.037037"
"2019039172","2096076988","0.037037"
"2096076988","2019039172","0.037037"
"2019039172","2099568195","0.037037"
"2099568195","2019039172","0.037037"
"2019039172","2101850236","0.037037"
"2101850236","2019039172","0.037037"
"2019039172","2109056561","0.037037"
"2109056561","2019039172","0.037037"
"2019039172","2114764731","0.037037"
"2114764731","2019039172","0.037037"
"2019039172","2115214414","0.037037"
"2115214414","2019039172","0.037037"
"2019039172","2125980212","0.037037"
"2125980212","2019039172","0.037037"
"2019039172","2129750215","0.037037"
"2129750215","2019039172","0.037037"
"2019039172","2139660688","0.037037"
"2139660688","2019039172","0.037037"
"2019039172","2154658848","0.037037"
"2154658848","2019039172","0.037037"
"2019039172","2158779275","0.037037"
"2158779275","2019039172","0.037037"
"2019039172","2163051926","0.037037"
"2163051926","2019039172","0.037037"
"2019039172","2167331726","0.037037"
"2167331726","2019039172","0.037037"
"2019039172","2170478076","0.037037"
"2170478076","2019039172","0.037037"
"2055261195","2073329022","0.510786"
"2073329022","2055261195","0.510786"
"2055261195","2073540046","0.11396"
"2073540046","2055261195","0.11396"
"2055261195","2096076988","0.11396"
"2096076988","2055261195","0.11396"
"2055261195","2099568195","0.037037"
"2099568195","2055261195","0.037037"
"2055261195","2101850236","0.487037"
"2101850236","2055261195","0.487037"
"2055261195","2109056561","0.11396"
"2109056561","2055261195","0.11396"
"2055261195","2114764731","0.037037"
"2114764731","2055261195","0.037037"
"2055261195","2115214414","3.74412"
"2115214414","2055261195","3.74412"
"2055261195","2121269638","0.624339"
"2121269638","2055261195","0.624339"
"2055261195","2125980212","0.817928"
"2125980212","2055261195","0.817928"
"2055261195","2129750215","0.617928"
"2129750215","2055261195","0.617928"
"2055261195","2139660688","2.57745"
"2139660688","2055261195","2.57745"
"2055261195","2154658848","0.037037"
"2154658848","2055261195","0.037037"
"2055261195","2158779275","0.506817"
"2158779275","2055261195","0.506817"
"2055261195","2163051926","0.11396"
"2163051926","2055261195","0.11396"
"2055261195","2166400748","0.179894"
"2166400748","2055261195","0.179894"
"2055261195","2167331726","0.491005"
"2167331726","2055261195","0.491005"
"2055261195","2170478076","0.237037"
"2170478076","2055261195","0.237037"
"2073329022","2073540046","0.46598"
"2073540046","2073329022","0.46598"
"2073329022","2096076988","0.430627"
"2096076988","2073329022","0.430627"
"2073329022","2099568195","0.287037"
"2099568195","2073329022","0.287037"
"2073329022","2101850236","0.099537"
"2101850236","2073329022","0.099537"
"2073329022","2109056561","0.399314"
"2109056561","2073329022","0.399314"
"2073329022","2114764731","0.203704"
"2114764731","2073329022","0.203704"
"2073329022","2129750215","1.34475"
"2129750215","2073329022","1.34475"
"2073329022","2139660688","0.851063"
"2139660688","2073329022","0.851063"
"2073329022","2154658848","0.037037"
"2154658848","2073329022","0.037037"
"2073329022","2158779275","1.49078"
"2158779275","2073329022","1.49078"
"2073329022","2163051926","1.43063"
"2163051926","2073329022","1.43063"
"2073329022","2167331726","1.7956"
"2167331726","2073329022","1.7956"
"2073329022","2170478076","0.387037"
"2170478076","2073329022","0.387037"
"2073540046","2096076988","5.61439"
"2096076988","2073540046","5.61439"
"2073540046","2099568195","0.33747"
"2099568195","2073540046","0.33747"
"2073540046","2101850236","0.137037"
"2101850236","2073540046","0.137037"
"2073540046","2109056561","3.7255"
"2109056561","2073540046","3.7255"
"2073540046","2114764731","0.037037"
"2114764731","2073540046","0.037037"
"2073540046","2115214414","0.782647"
"2115214414","2073540046","0.782647"
"2073540046","2121269638","0.435522"
"2121269638","2073540046","0.435522"
"2073540046","2125980212","0.421536"
"2125980212","2073540046","0.421536"
"2073540046","2129750215","2.25884"
"2129750215","2073540046","2.25884"
"2073540046","2139660688","0.11396"
"2139660688","2073540046","0.11396"
"2073540046","2154658848","0.037037"
"2154658848","2073540046","0.037037"
"2073540046","2158779275","22.9343"
"2158779275","2073540046","22.9343"
"2073540046","2163051926","0.180627"
"2163051926","2073540046","0.180627"
"2073540046","2166400748","0.261279"
"2166400748","2073540046","0.261279"
"2073540046","2167331726","0.444613"
"2167331726","2073540046","0.444613"
"2073540046","2170478076","0.103704"
"2170478076","2073540046","0.103704"
"2096076988","2099568195","0.194613"
"2099568195","2096076988","0.194613"
"2096076988","2101850236","0.037037"
"2101850236","2096076988","0.037037"
"2096076988","2109056561","0.11396"
"2109056561","2096076988","0.11396"
"2096076988","2114764731","0.037037"
"2114764731","2096076988","0.037037"
"2096076988","2121269638","0.511279"
"2121269638","2096076988","0.511279"
"2096076988","2129750215","0.31396"
"2129750215","2096076988","0.31396"
"2096076988","2139660688","2.11396"
"2139660688","2096076988","2.11396"
"2096076988","2158779275","2.90606"
"2158779275","2096076988","2.90606"
"2096076988","2170478076","0.103704"
"2170478076","2096076988","0.103704"
"2099568195","2101850236","0.037037"
"2101850236","2099568195","0.037037"
"2099568195","2109056561","0.179894"
"2109056561","2099568195","0.179894"
"2099568195","2114764731","0.037037"
"2114764731","2099568195","0.037037"
"2099568195","2115214414","0.694613"
"2115214414","2099568195","0.694613"
"2099568195","2121269638","0.644613"
"2121269638","2099568195","0.644613"
"2099568195","2125980212","0.194613"
"2125980212","2099568195","0.194613"
"2099568195","2129750215","0.179894"
"2129750215","2099568195","0.179894"
"2099568195","2139660688","0.037037"
"2139660688","2099568195","0.037037"
"2099568195","2154658848","0.037037"
"2154658848","2099568195","0.037037"
"2099568195","2158779275","0.33747"
"2158779275","2099568195","0.33747"
"2099568195","2163051926","0.037037"
"2163051926","2099568195","0.037037"
"2099568195","2166400748","0.444613"
"2166400748","2099568195","0.444613"
"2099568195","2167331726","0.103704"
"2167331726","2099568195","0.103704"
"2099568195","2170478076","0.353704"
"2170478076","2099568195","0.353704"
"2101850236","2109056561","0.137037"
"2109056561","2101850236","0.137037"
"2101850236","2114764731","0.037037"
"2114764731","2101850236","0.037037"
"2101850236","2115214414","0.299537"
"2115214414","2101850236","0.299537"
"2101850236","2121269638","0.299537"
"2121269638","2101850236","0.299537"
