"10692407","2019041558","1"
"2019041558","10692407","1"
"1480544766","2155763376","2.25"
"2155763376","1480544766","2.25"
"1480544766","2014208682","0.25"
"2014208682","1480544766","0.25"
"1480544766","2027447481","0.25"
"2027447481","1480544766","0.25"
"1480544766","2118149148","0.25"
"2118149148","1480544766","0.25"
"2014208682","2027447481","1.08333"
"2027447481","2014208682","1.08333"
"2014208682","2118149148","0.25"
"2118149148","2014208682","0.25"
"2014208682","2155763376","0.25"
"2155763376","2014208682","0.25"
"2027447481","2118149148","0.616667"
"2118149148","2027447481","0.616667"
"2027447481","2155763376","0.45"
"2155763376","2027447481","0.45"
"2118149148","2155763376","1.78333"
"2155763376","2118149148","1.78333"
"1496122072","2116427913","2.60119"
"2116427913","1496122072","2.60119"
"1496122072","2150948842","0.833333"
"2150948842","1496122072","0.833333"
"2116427913","2150948842","4.66032"
"2150948842","2116427913","4.66032"
"1496122072","2063736421","6.01786"
"2063736421","1496122072","6.01786"
"1496122072","1977283334","6.46786"
"1977283334","1496122072","6.46786"
"1496122072","73606465","1.58452"
"73606465","1496122072","1.58452"
"1977283334","2063736421","4.28571"
"2063736421","1977283334","4.28571"
"1977283334","73606465","1.78452"
"73606465","1977283334","1.78452"
"2063736421","73606465","1.08452"
"73606465","2063736421","1.08452"
"1496122072","1982394981","1.35119"
"1982394981","1496122072","1.35119"
"1496122072","1986167697","0.1"
"1986167697","1496122072","0.1"
"1496122072","2008176559","0.758333"
"2008176559","1496122072","0.758333"
"1496122072","2057843111","0.641667"
"2057843111","1496122072","0.641667"
"1496122072","2070013439","0.1"
"2070013439","1496122072","0.1"
"1496122072","2074338163","0.433333"
"2074338163","1496122072","0.433333"
"1496122072","2082807560","0.183333"
"2082807560","1496122072","0.183333"
"1496122072","2171513952","0.183333"
"2171513952","1496122072","0.183333"
"1977283334","1982394981","1.49405"
"1982394981","1977283334","1.49405"
"1977283334","1986167697","0.425"
"1986167697","1977283334","0.425"
"1977283334","2008176559","1.32619"
"2008176559","1977283334","1.32619"
"1977283334","2057843111","0.308333"
"2057843111","1977283334","0.308333"
"1977283334","2070013439","0.1"
"2070013439","1977283334","0.1"
"1977283334","2074338163","0.633333"
"2074338163","1977283334","0.633333"
"1977283334","2082807560","0.32619"
"2082807560","1977283334","0.32619"
"1977283334","2171513952","0.733333"
"2171513952","1977283334","0.733333"
"1982394981","1986167697","0.55"
"1986167697","1982394981","0.55"
"1982394981","2008176559","1.15119"
"2008176559","1982394981","1.15119"
"1982394981","2057843111","0.758333"
"2057843111","1982394981","0.758333"
"1982394981","2063736421","0.994048"
"2063736421","1982394981","0.994048"
"1982394981","2070013439","0.1"
"2070013439","1982394981","0.1"
"1982394981","2074338163","0.183333"
"2074338163","1982394981","0.183333"
"1982394981","2082807560","0.32619"
"2082807560","1982394981","0.32619"
"1982394981","2171513952","0.85"
"2171513952","1982394981","0.85"
"1986167697","2008176559","0.225"
"2008176559","1986167697","0.225"
"1986167697","2057843111","1.75"
"2057843111","1986167697","1.75"
"1986167697","2063736421","0.425"
"2063736421","1986167697","0.425"
"1986167697","2070013439","0.1"
"2070013439","1986167697","0.1"
"1986167697","2074338163","0.1"
"2074338163","1986167697","0.1"
"1986167697","2082807560","0.1"
"2082807560","1986167697","0.1"
"1986167697","2171513952","0.425"
"2171513952","1986167697","0.425"
"2008176559","2057843111","0.308333"
"2057843111","2008176559","0.308333"
"2008176559","2063736421","1.14762"
"2063736421","2008176559","1.14762"
"2008176559","2070013439","0.1"
"2070013439","2008176559","0.1"
"2008176559","2074338163","0.883333"
"2074338163","2008176559","0.883333"
"2008176559","2082807560","0.647619"
"2082807560","2008176559","0.647619"
"2008176559","2171513952","1.9381"
"2171513952","2008176559","1.9381"
"2057843111","2063736421","0.308333"
"2063736421","2057843111","0.308333"
"2057843111","2070013439","0.1"
"2070013439","2057843111","0.1"
"2057843111","2074338163","0.183333"
"2074338163","2057843111","0.183333"
"2057843111","2082807560","1.18333"
"2082807560","2057843111","1.18333"
"2057843111","2171513952","0.183333"
"2171513952","2057843111","0.183333"
"2063736421","2070013439","0.1"
"2070013439","2063736421","0.1"
"2063736421","2074338163","0.55"
"2074338163","2063736421","0.55"
"2063736421","2082807560","0.730952"
"2082807560","2063736421","0.730952"
"2063736421","2171513952","2.46548"
"2171513952","2063736421","2.46548"
"2070013439","2074338163","1.35"
"2074338163","2070013439","1.35"
"2070013439","2082807560","0.1"
"2082807560","2070013439","0.1"
"2070013439","2171513952","0.1"
"2171513952","2070013439","0.1"
"2074338163","2082807560","0.633333"
"2082807560","2074338163","0.633333"
"2074338163","2171513952","0.8"
"2171513952","2074338163","0.8"
"2082807560","2171513952","3.20476"
"2171513952","2082807560","3.20476"
"1496122072","2039324668","0.408333"
"2039324668","1496122072","0.408333"
"1977283334","2039324668","0.408333"
"2039324668","1977283334","0.408333"
"1982394981","2039324668","0.408333"
"2039324668","1982394981","0.408333"
"1982394981","73606465","0.55119"
"73606465","1982394981","0.55119"
"2039324668","2063736421","0.479762"
"2063736421","2039324668","0.479762"
"2039324668","73606465","0.741667"
"73606465","2039324668","0.741667"
"2063736421","2116427913","0.839286"
"2116427913","2063736421","0.839286"
"1496122072","2010953838","0.42619"
"2010953838","1496122072","0.42619"
"1496122072","2027447481","0.283333"
"2027447481","1496122072","0.283333"
"1977283334","2010953838","2.37619"
"2010953838","1977283334","2.37619"
"1977283334","2027447481","0.97619"
"2027447481","1977283334","0.97619"
"1982394981","2010953838","0.22619"
"2010953838","1982394981","0.22619"
"1982394981","2027447481","0.87619"
"2027447481","1982394981","0.87619"
"2008176559","2010953838","0.283333"
"2010953838","2008176559","0.283333"
"2008176559","2027447481","1.18095"
"2027447481","2008176559","1.18095"
"2008176559","2039324668","0.279762"
"2039324668","2008176559","0.279762"
"2008176559","73606465","0.408333"
"73606465","2008176559","0.408333"
"2010953838","2027447481","0.0833333"
"2027447481","2010953838","0.0833333"
"2010953838","2039324668","0.888889"
"2039324668","2010953838","0.888889"
"2010953838","2057843111","0.0833333"
"2057843111","2010953838","0.0833333"
"2010953838","2063736421","0.92619"
"2063736421","2010953838","0.92619"
"2010953838","2074338163","0.283333"
"2074338163","2010953838","0.283333"
"2010953838","2082807560","0.0833333"
"2082807560","2010953838","0.0833333"
"2010953838","2171513952","0.555556"
"2171513952","2010953838","0.555556"
"2010953838","73606465","0.959524"
"73606465","2010953838","0.959524"
"2027447481","2039324668","1.04762"
"2039324668","2027447481","1.04762"
"2027447481","2057843111","1.78333"
"2057843111","2027447481","1.78333"
"2027447481","2063736421","1.08929"
"2063736421","2027447481","1.08929"
"2027447481","2074338163","1.5"
"2074338163","2027447481","1.5"
"2027447481","2082807560","0.797619"
"2082807560","2027447481","0.797619"
"2027447481","2171513952","6.0631"
"2171513952","2027447481","6.0631"
"2027447481","73606465","0.0833333"
"73606465","2027447481","0.0833333"
"2039324668","2057843111","0.208333"
"2057843111","2039324668","0.208333"
"2039324668","2074338163","0.416667"
"2074338163","2039324668","0.416667"
"2039324668","2082807560","0.154762"
"2082807560","2039324668","0.154762"
"2039324668","2171513952","0.876984"
"2171513952","2039324668","0.876984"
"2057843111","73606465","0.208333"
"73606465","2057843111","0.208333"
"2074338163","73606465","0.283333"
"73606465","2074338163","0.283333"
"2082807560","73606465","0.0833333"
"73606465","2082807560","0.0833333"
"2171513952","73606465","0.0833333"
"73606465","2171513952","0.0833333"
"1496122072","2140116260","1.66667"
"2140116260","1496122072","1.66667"
"2116427913","2140116260","2.92698"
"2140116260","2116427913","2.92698"
"2140116260","2150948842","2.66032"
"2150948842","2140116260","2.66032"
"2063736421","2140116260","3.29048"
"2140116260","2063736421","3.29048"
"1496122072","317945468","0.142857"
"317945468","1496122072","0.142857"
"1977283334","2116427913","0.517857"
"2116427913","1977283334","0.517857"
"1977283334","317945468","0.142857"
"317945468","1977283334","0.142857"
"1982394981","2116427913","0.267857"
"2116427913","1982394981","0.267857"
"1982394981","317945468","0.142857"
"317945468","1982394981","0.142857"
"2010953838","2116427913","0.615079"
"2116427913","2010953838","0.615079"
"2010953838","317945468","0.47619"
"317945468","2010953838","0.47619"
"2063736421","317945468","0.142857"
"317945468","2063736421","0.142857"
"2116427913","317945468","0.142857"
"317945468","2116427913","0.142857"
"2116427913","73606465","0.267857"
"73606465","2116427913","0.267857"
"317945468","73606465","0.47619"
"73606465","317945468","0.47619"
"1496122072","2067934326","0.833333"
"2067934326","1496122072","0.833333"
"1977283334","2067934326","0.625"
"2067934326","1977283334","0.625"
"1496122072","92355514","0.333333"
"92355514","1496122072","0.333333"
"1977283334","92355514","0.333333"
"92355514","1977283334","0.333333"
"2063736421","92355514","0.333333"
"92355514","2063736421","0.333333"
"2057843111","2067934326","0.333333"
"2067934326","2057843111","0.333333"
"2057843111","2140116260","0.333333"
"2140116260","2057843111","0.333333"
"2067934326","2140116260","0.929762"
"2140116260","2067934326","0.929762"
"1496122072","2340809295","0.2"
"2340809295","1496122072","0.2"
"1496122072","311301339","0.2"
"311301339","1496122072","0.2"
"1977283334","2340809295","0.92619"
"2340809295","1977283334","0.92619"
"1977283334","311301339","1.05119"
"311301339","1977283334","1.05119"
"2010953838","2340809295","0.922222"
"2340809295","2010953838","0.922222"
"2010953838","311301339","0.7"
"311301339","2010953838","0.7"
"2340809295","311301339","1.42619"
"311301339","2340809295","1.42619"
"2340809295","73606465","0.2"
"73606465","2340809295","0.2"
"311301339","73606465","0.2"
"73606465","311301339","0.2"
"2008176559","2116427913","0.196429"
"2116427913","2008176559","0.196429"
"2039324668","2116427913","0.751984"
"2116427913","2039324668","0.751984"
"2057843111","2116427913","0.125"
"2116427913","2057843111","0.125"
"1496122072","1910355601","0.25"
"1910355601","1496122072","0.25"
"1910355601","1977283334","0.25"
"1977283334","1910355601","0.25"
"1910355601","2008176559","0.25"
"2008176559","1910355601","0.25"
"1910355601","2074338163","0.25"
"2074338163","1910355601","0.25"
"1526900956","2027447481","0.25"
"2027447481","1526900956","0.25"
"1526900956","2140116260","0.25"
"2140116260","1526900956","0.25"
"1526900956","2150948842","0.25"
"2150948842","1526900956","0.25"
"1526900956","2171513952","0.25"
"2171513952","1526900956","0.25"
"2027447481","2140116260","1.3131"
"2140116260","2027447481","1.3131"
"2027447481","2150948842","0.521429"
"2150948842","2027447481","0.521429"
"2140116260","2171513952","3.44603"
"2171513952","2140116260","3.44603"
"2150948842","2171513952","2.62698"
"2171513952","2150948842","2.62698"
"1569532047","2140116260","0.333333"
"2140116260","1569532047","0.333333"
"1569532047","2150948842","0.333333"
"2150948842","1569532047","0.333333"
"1569532047","2166563634","0.333333"
"2166563634","1569532047","0.333333"
"2140116260","2166563634","0.333333"
"2166563634","2140116260","0.333333"
"2150948842","2166563634","1.16667"
"2166563634","2150948842","1.16667"
"1592809397","2043748122","1"
"2043748122","1592809397","1"
"160139452","1986167697","2.53333"
"1986167697","160139452","2.53333"
"160139452","2027447481","0.666667"
"2027447481","160139452","0.666667"
"160139452","2057843111","0.533333"
"2057843111","160139452","0.533333"
"1986167697","2027447481","2.16786"
"2027447481","1986167697","2.16786"
"160139452","2063736421","0.809524"
"2063736421","160139452","0.809524"
"160139452","2140116260","0.809524"
"2140116260","160139452","0.809524"
"160139452","57250427","1.00952"
"57250427","160139452","1.00952"
"2063736421","57250427","0.952381"
"57250427","2063736421","0.952381"
"2140116260","57250427","0.952381"
"57250427","2140116260","0.952381"
"160139452","1986740469","0.142857"
"1986740469","160139452","0.142857"
"160139452","2045029544","0.142857"
"2045029544","160139452","0.142857"
"160139452","2118149148","0.142857"
"2118149148","160139452","0.142857"
"160139452","2171513952","1.14286"
"2171513952","160139452","1.14286"
"1986740469","2045029544","0.142857"
"2045029544","1986740469","0.142857"
"1986740469","2063736421","0.142857"
"2063736421","1986740469","0.142857"
"1986740469","2118149148","0.142857"
"2118149148","1986740469","0.142857"
"1986740469","2140116260","0.142857"
"2140116260","1986740469","0.142857"
"1986740469","2171513952","0.142857"
"2171513952","1986740469","0.142857"
"1986740469","57250427","0.142857"
"57250427","1986740469","0.142857"
"2045029544","2063736421","1.55238"
"2063736421","2045029544","1.55238"
"2045029544","2118149148","0.842857"
"2118149148","2045029544","0.842857"
"2045029544","2140116260","0.877381"
"2140116260","2045029544","0.877381"
"2045029544","2171513952","2.88571"
"2171513952","2045029544","2.88571"
"2045029544","57250427","0.285714"
"57250427","2045029544","0.285714"
"2063736421","2118149148","0.309524"
"2118149148","2063736421","0.309524"
"2118149148","2140116260","1.20952"
"2140116260","2118149148","1.20952"
"2118149148","2171513952","0.47619"
"2171513952","2118149148","0.47619"
"2118149148","57250427","0.142857"
"57250427","2118149148","0.142857"
"2171513952","57250427","0.285714"
"57250427","2171513952","0.285714"
"160139452","2010601527","0.533333"
"2010601527","160139452","0.533333"
"160139452","2164177588","0.533333"
"2164177588","160139452","0.533333"
"1986167697","2010601527","0.592857"
"2010601527","1986167697","0.592857"
"1986167697","2164177588","0.792857"
"2164177588","1986167697","0.792857"
"1986167697","57250427","1.7"
"57250427","1986167697","1.7"
"2010601527","2057843111","0.783333"
"2057843111","2010601527","0.783333"
"2010601527","2164177588","1.05119"
"2164177588","2010601527","1.05119"
"2010601527","57250427","0.2"
"57250427","2010601527","0.2"
"2057843111","2164177588","0.9"
"2164177588","2057843111","0.9"
"2057843111","57250427","0.866667"
"57250427","2057843111","0.866667"
"2164177588","57250427","0.2"
"57250427","2164177588","0.2"
"2010601527","2027447481","1.10119"
"2027447481","2010601527","1.10119"
"2027447481","2164177588","2.30119"
"2164177588","2027447481","2.30119"
"1665364881","1981114403","1.0123"
"1981114403","1665364881","1.0123"
"1665364881","1990389531","0.392857"
"1990389531","1665364881","0.392857"
"1665364881","2060088964","1.57897"
"2060088964","1665364881","1.57897"
"1665364881","2067934326","1.4004"
"2067934326","1665364881","1.4004"
"1665364881","2071666497","0.917063"
"2071666497","1665364881","0.917063"
"1665364881","2171513952","0.617063"
"2171513952","1665364881","0.617063"
"1665364881","78119776","1.05397"
"78119776","1665364881","1.05397"
"1981114403","1990389531","1.58571"
"1990389531","1981114403","1.58571"
"1981114403","2060088964","7.23016"
"2060088964","1981114403","7.23016"
"1981114403","2067934326","1.24563"
"2067934326","1981114403","1.24563"
"1981114403","2071666497","1.0123"
"2071666497","1981114403","1.0123"
"1981114403","2171513952","0.621825"
"2171513952","1981114403","0.621825"
"1981114403","78119776","2.47897"
"78119776","1981114403","2.47897"
"1990389531","2060088964","1.58571"
"2060088964","1990389531","1.58571"
"1990389531","2067934326","1.05952"
"2067934326","1990389531","1.05952"
"1990389531","2071666497","2.80119"
"2071666497","1990389531","2.80119"
"1990389531","2171513952","0.710714"
"2171513952","1990389531","0.710714"
"1990389531","78119776","0.567857"
"78119776","1990389531","0.567857"
"2060088964","2067934326","1.57897"
"2067934326","2060088964","1.57897"
"2060088964","2071666497","1.04563"
"2071666497","2060088964","1.04563"
"2060088964","2171513952","1.23849"
"2171513952","2060088964","1.23849"
"2060088964","78119776","3.09563"
"78119776","2060088964","3.09563"
"2067934326","2071666497","2.26151"
"2071666497","2067934326","2.26151"
"2067934326","2171513952","1.39206"
"2171513952","2067934326","1.39206"
"2067934326","78119776","0.670635"
"78119776","2067934326","0.670635"
"2071666497","2171513952","1.24206"
"2171513952","2071666497","1.24206"
"2071666497","78119776","1.04563"
"78119776","2071666497","1.04563"
"2171513952","78119776","0.645635"
"78119776","2171513952","0.645635"
"1665364881","2008176559","0.196429"
"2008176559","1665364881","0.196429"
"1665364881","2027447481","0.196429"
"2027447481","1665364881","0.196429"
"1665364881","2045029544","0.125"
"2045029544","1665364881","0.125"
"1981114403","2008176559","0.558333"
"2008176559","1981114403","0.558333"
"1981114403","2027447481","0.558333"
"2027447481","1981114403","0.558333"
"1981114403","2045029544","1.97619"
"2045029544","1981114403","1.97619"
"2008176559","2045029544","0.225"
"2045029544","2008176559","0.225"
"2008176559","2060088964","0.808333"
"2060088964","2008176559","0.808333"
"2008176559","2067934326","0.446429"
"2067934326","2008176559","0.446429"
"2008176559","2071666497","0.654762"
"2071666497","2008176559","0.654762"
"2027447481","2045029544","2.25833"
"2045029544","2027447481","2.25833"
"2027447481","2060088964","0.808333"
"2060088964","2027447481","0.808333"
"2027447481","2067934326","1.22143"
"2067934326","2027447481","1.22143"
"2027447481","2071666497","3.10476"
"2071666497","2027447481","3.10476"
"2045029544","2060088964","2.97619"
"2060088964","2045029544","2.97619"
"2045029544","2067934326","0.236111"
"2067934326","2045029544","0.236111"
"2045029544","2071666497","1.18611"
"2071666497","2045029544","1.18611"
"1665364881","1982394981","0.166667"
"1982394981","1665364881","0.166667"
"1982394981","2060088964","0.257576"
"2060088964","1982394981","0.257576"
"1982394981","2067934326","0.166667"
"2067934326","1982394981","0.166667"
"1982394981","2071666497","0.166667"
"2071666497","1982394981","0.166667"
"1982394981","78119776","0.166667"
"78119776","1982394981","0.166667"
"1665364881","1977024080","0.88254"
"1977024080","1665364881","0.88254"
"1665364881","2001350744","0.965873"
"2001350744","1665364881","0.965873"
"1665364881","2039324668","0.0714286"
"2039324668","1665364881","0.0714286"
"1665364881","2063736421","0.0714286"
"2063736421","1665364881","0.0714286"
"1665364881","2068346543","0.654762"
"2068346543","1665364881","0.654762"
"1665364881","2082807560","0.0714286"
"2082807560","1665364881","0.0714286"
"1665364881","2116427913","0.0714286"
"2116427913","1665364881","0.0714286"
"1665364881","2140116260","0.0714286"
"2140116260","1665364881","0.0714286"
"1665364881","2150948842","0.0714286"
"2150948842","1665364881","0.0714286"
"1977024080","2001350744","0.715873"
"2001350744","1977024080","0.715873"
"1977024080","2008176559","0.0714286"
"2008176559","1977024080","0.0714286"
"1977024080","2027447481","0.0714286"
"2027447481","1977024080","0.0714286"
"1977024080","2039324668","0.0714286"
"2039324668","1977024080","0.0714286"
"1977024080","2063736421","0.0714286"
"2063736421","1977024080","0.0714286"
"1977024080","2067934326","0.965873"
"2067934326","1977024080","0.965873"
"1977024080","2068346543","0.0714286"
"2068346543","1977024080","0.0714286"
"1977024080","2071666497","0.98254"
"2071666497","1977024080","0.98254"
"1977024080","2082807560","0.0714286"
"2082807560","1977024080","0.0714286"
"1977024080","2116427913","0.0714286"
"2116427913","1977024080","0.0714286"
"1977024080","2140116260","0.0714286"
"2140116260","1977024080","0.0714286"
"1977024080","2150948842","0.0714286"
"2150948842","1977024080","0.0714286"
"1977024080","2171513952","0.18254"
"2171513952","1977024080","0.18254"
"2001350744","2008176559","0.0714286"
"2008176559","2001350744","0.0714286"
"2001350744","2027447481","3.09643"
"2027447481","2001350744","3.09643"
"2001350744","2039324668","0.0714286"
"2039324668","2001350744","0.0714286"
"2001350744","2063736421","0.0714286"
"2063736421","2001350744","0.0714286"
"2001350744","2067934326","3.60198"
"2067934326","2001350744","3.60198"
"2001350744","2068346543","0.654762"
"2068346543","2001350744","0.654762"
"2001350744","2071666497","2.04365"
"2071666497","2001350744","2.04365"
"2001350744","2082807560","0.0714286"
"2082807560","2001350744","0.0714286"
"2001350744","2116427913","0.471429"
"2116427913","2001350744","0.471429"
"2001350744","2140116260","0.596429"
"2140116260","2001350744","0.596429"
"2001350744","2150948842","1.07143"
"2150948842","2001350744","1.07143"
"2001350744","2171513952","0.95754"
"2171513952","2001350744","0.95754"
"2008176559","2068346543","0.0714286"
"2068346543","2008176559","0.0714286"
"2008176559","2140116260","0.421429"
"2140116260","2008176559","0.421429"
"2008176559","2150948842","0.0714286"
"2150948842","2008176559","0.0714286"
"2027447481","2068346543","0.0714286"
"2068346543","2027447481","0.0714286"
"2027447481","2116427913","0.671429"
"2116427913","2027447481","0.671429"
"2039324668","2067934326","0.0714286"
"2067934326","2039324668","0.0714286"
"2039324668","2068346543","0.0714286"
"2068346543","2039324668","0.0714286"
"2039324668","2071666497","0.0714286"
"2071666497","2039324668","0.0714286"
"2039324668","2140116260","0.293651"
"2140116260","2039324668","0.293651"
"2039324668","2150948842","0.293651"
"2150948842","2039324668","0.293651"
"2063736421","2067934326","0.0714286"
"2067934326","2063736421","0.0714286"
"2063736421","2068346543","0.0714286"
"2068346543","2063736421","0.0714286"
"2063736421","2071666497","0.196429"
"2071666497","2063736421","0.196429"
"2063736421","2150948842","0.404762"
"2150948842","2063736421","0.404762"
"2067934326","2068346543","0.654762"
"2068346543","2067934326","0.654762"
"2067934326","2082807560","0.571429"
"2082807560","2067934326","0.571429"
"2067934326","2116427913","0.471429"
"2116427913","2067934326","0.471429"
"2067934326","2150948842","0.0714286"
"2150948842","2067934326","0.0714286"
"2068346543","2071666497","0.238095"
"2071666497","2068346543","0.238095"
"2068346543","2082807560","0.238095"
"2082807560","2068346543","0.238095"
"2068346543","2116427913","0.0714286"
"2116427913","2068346543","0.0714286"
"2068346543","2140116260","0.0714286"
"2140116260","2068346543","0.0714286"
"2068346543","2150948842","0.0714286"
"2150948842","2068346543","0.0714286"
"2068346543","2171513952","0.988095"
"2171513952","2068346543","0.988095"
"2071666497","2082807560","0.238095"
"2082807560","2071666497","0.238095"
"2071666497","2116427913","0.0714286"
"2116427913","2071666497","0.0714286"
"2071666497","2140116260","0.0714286"
"2140116260","2071666497","0.0714286"
"2071666497","2150948842","0.0714286"
"2150948842","2071666497","0.0714286"
"2082807560","2116427913","0.271429"
"2116427913","2082807560","0.271429"
"2082807560","2140116260","0.521429"
"2140116260","2082807560","0.521429"
"2082807560","2150948842","0.404762"
"2150948842","2082807560","0.404762"
"2116427913","2171513952","1.89365"
"2171513952","2116427913","1.89365"
"1665364881","2177029860","0.611111"
"2177029860","1665364881","0.611111"
"1977024080","2060088964","1.23535"
"2060088964","1977024080","1.23535"
"1977024080","2177029860","1.11111"
"2177029860","1977024080","1.11111"
"1977024080","78119776","0.661111"
"78119776","1977024080","0.661111"
"2060088964","2177029860","0.611111"
"2177029860","2060088964","0.611111"
"2071666497","2177029860","0.411111"
"2177029860","2071666497","0.411111"
"2177029860","78119776","0.411111"
"78119776","2177029860","0.411111"
"1977024080","1981114403","0.494444"
"1981114403","1977024080","0.494444"
"1981114403","2001350744","0.644444"
"2001350744","1981114403","0.644444"
"1981114403","2177029860","0.211111"
"2177029860","1981114403","0.211111"
"2001350744","2060088964","0.311111"
"2060088964","2001350744","0.311111"
"2001350744","2177029860","0.111111"
"2177029860","2001350744","0.111111"
"2001350744","78119776","0.111111"
"78119776","2001350744","0.111111"
"2067934326","2177029860","0.611111"
"2177029860","2067934326","0.611111"
"2171513952","2177029860","0.111111"
"2177029860","2171513952","0.111111"
"1665364881","2596553710","0.3"
"2596553710","1665364881","0.3"
"1665364881","2724859488","0.1"
"2724859488","1665364881","0.1"
"1665364881","2767352826","0.1"
"2767352826","1665364881","0.1"
"1665364881","2788654106","0.1"
"2788654106","1665364881","0.1"
"1977024080","2596553710","1.14091"
"2596553710","1977024080","1.14091"
"1977024080","2724859488","0.1"
"2724859488","1977024080","0.1"
"1977024080","2767352826","0.440909"
"2767352826","1977024080","0.440909"
"1977024080","2788654106","0.357576"
"2788654106","1977024080","0.357576"
"1981114403","2596553710","0.308333"
"2596553710","1981114403","0.308333"
"1981114403","2724859488","0.1"
"2724859488","1981114403","0.1"
"1981114403","2767352826","0.183333"
"2767352826","1981114403","0.183333"
"1981114403","2788654106","0.1"
"2788654106","1981114403","0.1"
"2060088964","2596553710","0.599242"
"2596553710","2060088964","0.599242"
"2060088964","2724859488","0.1"
"2724859488","2060088964","0.1"
"2060088964","2767352826","0.274242"
"2767352826","2060088964","0.274242"
"2060088964","2788654106","0.190909"
"2788654106","2060088964","0.190909"
"2071666497","2596553710","0.266667"
"2596553710","2071666497","0.266667"
"2071666497","2724859488","0.1"
"2724859488","2071666497","0.1"
"2071666497","2767352826","0.666667"
"2767352826","2071666497","0.666667"
"2071666497","2788654106","0.466667"
"2788654106","2071666497","0.466667"
"2177029860","2596553710","0.8"
"2596553710","2177029860","0.8"
"2177029860","2724859488","0.1"
"2724859488","2177029860","0.1"
"2177029860","2767352826","0.1"
"2767352826","2177029860","0.1"
"2177029860","2788654106","0.1"
"2788654106","2177029860","0.1"
"2596553710","2724859488","0.1"
"2724859488","2596553710","0.1"
"2596553710","2767352826","1.14091"
"2767352826","2596553710","1.14091"
"2596553710","2788654106","0.357576"
"2788654106","2596553710","0.357576"
"2596553710","78119776","0.225"
"78119776","2596553710","0.225"
"2724859488","2767352826","0.1"
"2767352826","2724859488","0.1"
"2724859488","2788654106","0.1"
"2788654106","2724859488","0.1"
"2724859488","78119776","0.1"
"78119776","2724859488","0.1"
"2767352826","2788654106","0.557576"
"2788654106","2767352826","0.557576"
"2767352826","78119776","0.1"
"78119776","2767352826","0.1"
"2788654106","78119776","0.1"
"78119776","2788654106","0.1"
"1665364881","2564666952","0.2"
"2564666952","1665364881","0.2"
"1977024080","2564666952","0.290909"
"2564666952","1977024080","0.290909"
"2060088964","2564666952","0.665909"
"2564666952","2060088964","0.665909"
"2177029860","2564666952","0.2"
"2564666952","2177029860","0.2"
"2564666952","2596553710","0.615909"
"2596553710","2564666952","0.615909"
"1990389531","2001350744","0.583333"
"2001350744","1990389531","0.583333"
"1990389531","2068346543","0.25"
"2068346543","1990389531","0.25"
"1849618442","2150948842","0.5"
"2150948842","1849618442","0.5"
"1849618442","2171513952","0.5"
"2171513952","1849618442","0.5"
"1849618442","2014208682","0.333333"
"2014208682","1849618442","0.333333"
"1849618442","2027447481","0.583333"
"2027447481","1849618442","0.583333"
"1849618442","2045029544","1.44444"
"2045029544","1849618442","1.44444"
"2014208682","2045029544","0.833333"
"2045029544","2014208682","0.833333"
"1849618442","2001350744","0.361111"
"2001350744","1849618442","0.361111"
"1849618442","2071666497","0.361111"
"2071666497","1849618442","0.361111"
"2001350744","2045029544","0.361111"
"2045029544","2001350744","0.361111"
"1849618442","2039324668","0.25"
"2039324668","1849618442","0.25"
"1849618442","25876242","0.25"
"25876242","1849618442","0.25"
"1849618442","2604143836","0.361111"
"2604143836","1849618442","0.361111"
"2039324668","2045029544","2.5"
"2045029544","2039324668","2.5"
"2039324668","25876242","0.25"
"25876242","2039324668","0.25"
"2039324668","2604143836","0.25"
"2604143836","2039324668","0.25"
"2045029544","25876242","0.45"
"25876242","2045029544","0.45"
"2045029544","2604143836","0.569444"
"2604143836","2045029544","0.569444"
"25876242","2604143836","0.25"
"2604143836","25876242","0.25"
"1849618442","2067934326","0.111111"
"2067934326","1849618442","0.111111"
"1849618442","2463977740","0.611111"
"2463977740","1849618442","0.611111"
"1849618442","2564666952","0.111111"
"2564666952","1849618442","0.111111"
"1849618442","2586441664","0.111111"
"2586441664","1849618442","0.111111"
"1849618442","2592240698","0.111111"
"2592240698","1849618442","0.111111"
"2001350744","2463977740","0.111111"
"2463977740","2001350744","0.111111"
"2001350744","2564666952","0.361111"
"2564666952","2001350744","0.361111"
"2001350744","2586441664","0.111111"
"2586441664","2001350744","0.111111"
"2001350744","2592240698","0.111111"
"2592240698","2001350744","0.111111"
"2001350744","2604143836","0.111111"
"2604143836","2001350744","0.111111"
"2045029544","2463977740","2.23611"
"2463977740","2045029544","2.23611"
"2045029544","2564666952","0.236111"
"2564666952","2045029544","0.236111"
"2045029544","2586441664","0.111111"
"2586441664","2045029544","0.111111"
"2045029544","2592240698","0.236111"
"2592240698","2045029544","0.236111"
"2067934326","2463977740","0.111111"
"2463977740","2067934326","0.111111"
"2067934326","2564666952","1.56111"
"2564666952","2067934326","1.56111"
"2067934326","2586441664","0.111111"
"2586441664","2067934326","0.111111"
"2067934326","2592240698","0.111111"
"2592240698","2067934326","0.111111"
"2067934326","2604143836","0.111111"
"2604143836","2067934326","0.111111"
"2071666497","2463977740","1.11111"
"2463977740","2071666497","1.11111"
"2071666497","2564666952","1.31111"
"2564666952","2071666497","1.31111"
"2071666497","2586441664","0.111111"
"2586441664","2071666497","0.111111"
"2071666497","2592240698","0.111111"
"2592240698","2071666497","0.111111"
"2071666497","2604143836","0.311111"
"2604143836","2071666497","0.311111"
"2463977740","2564666952","0.111111"
"2564666952","2463977740","0.111111"
"2463977740","2586441664","0.111111"
"2586441664","2463977740","0.111111"
"2463977740","2592240698","0.236111"
"2592240698","2463977740","0.236111"
"2463977740","2604143836","0.236111"
"2604143836","2463977740","0.236111"
"2564666952","2586441664","0.111111"
"2586441664","2564666952","0.111111"
"2564666952","2592240698","0.111111"
"2592240698","2564666952","0.111111"
"2564666952","2604143836","0.444444"
"2604143836","2564666952","0.444444"
"2586441664","2592240698","0.111111"
"2592240698","2586441664","0.111111"
"2586441664","2604143836","0.111111"
"2604143836","2586441664","0.111111"
"2592240698","2604143836","0.236111"
"2604143836","2592240698","0.236111"
"1910355601","2027447481","1"
"2027447481","1910355601","1"
"1943988018","2010601527","0.333333"
"2010601527","1943988018","0.333333"
"1943988018","2057843111","0.333333"
"2057843111","1943988018","0.333333"
"1943988018","2291820929","0.333333"
"2291820929","1943988018","0.333333"
"2010601527","2291820929","0.583333"
"2291820929","2010601527","0.583333"
"2057843111","2291820929","0.583333"
"2291820929","2057843111","0.583333"
"1977024080","2533989243","0.424242"
"2533989243","1977024080","0.424242"
"2060088964","2533989243","0.749242"
"2533989243","2060088964","0.749242"
"2067934326","2533989243","0.25"
"2533989243","2067934326","0.25"
"2533989243","78119776","0.575"
"78119776","2533989243","0.575"
"1977024080","1982394981","0.0909091"
"1982394981","1977024080","0.0909091"
"1977024080","2405635203","0.0909091"
"2405635203","1977024080","0.0909091"
"1977024080","2548187934","0.0909091"
"2548187934","1977024080","0.0909091"
"1977024080","2593237442","0.0909091"
"2593237442","1977024080","0.0909091"
"1977024080","2613683361","0.340909"
"2613683361","1977024080","0.340909"
"1982394981","2405635203","0.0909091"
"2405635203","1982394981","0.0909091"
"1982394981","2533989243","0.0909091"
"2533989243","1982394981","0.0909091"
"1982394981","2548187934","0.290909"
"2548187934","1982394981","0.290909"
"1982394981","2564666952","0.0909091"
"2564666952","1982394981","0.0909091"
"1982394981","2593237442","0.0909091"
"2593237442","1982394981","0.0909091"
"1982394981","2596553710","0.0909091"
"2596553710","1982394981","0.0909091"
"1982394981","2613683361","0.0909091"
"2613683361","1982394981","0.0909091"
"1982394981","2767352826","0.0909091"
"2767352826","1982394981","0.0909091"
"1982394981","2788654106","0.0909091"
"2788654106","1982394981","0.0909091"
"2060088964","2405635203","0.0909091"
"2405635203","2060088964","0.0909091"
"2060088964","2548187934","0.215909"
"2548187934","2060088964","0.215909"
"2060088964","2593237442","0.0909091"
"2593237442","2060088964","0.0909091"
"2060088964","2613683361","0.174242"
"2613683361","2060088964","0.174242"
"2405635203","2533989243","0.290909"
"2533989243","2405635203","0.290909"
"2405635203","2548187934","0.590909"
"2548187934","2405635203","0.590909"
"2405635203","2564666952","0.490909"
"2564666952","2405635203","0.490909"
"2405635203","2593237442","0.0909091"
"2593237442","2405635203","0.0909091"
"2405635203","2596553710","0.290909"
"2596553710","2405635203","0.290909"
"2405635203","2613683361","0.290909"
"2613683361","2405635203","0.290909"
"2405635203","2767352826","0.490909"
"2767352826","2405635203","0.490909"
"2405635203","2788654106","0.590909"
"2788654106","2405635203","0.590909"
"2533989243","2548187934","0.215909"
"2548187934","2533989243","0.215909"
"2533989243","2564666952","0.415909"
"2564666952","2533989243","0.415909"
"2533989243","2593237442","0.20202"
"2593237442","2533989243","0.20202"
"2533989243","2596553710","1.49924"
"2596553710","2533989243","1.49924"
"2533989243","2613683361","0.874242"
"2613683361","2533989243","0.874242"
"2533989243","2767352826","0.874242"
"2767352826","2533989243","0.874242"
"2533989243","2788654106","0.0909091"
"2788654106","2533989243","0.0909091"
"2548187934","2564666952","0.215909"
"2564666952","2548187934","0.215909"
"2548187934","2593237442","0.0909091"
"2593237442","2548187934","0.0909091"
"2548187934","2596553710","0.215909"
"2596553710","2548187934","0.215909"
"2548187934","2613683361","1.09091"
"2613683361","2548187934","1.09091"
"2548187934","2767352826","0.0909091"
"2767352826","2548187934","0.0909091"
"2548187934","2788654106","0.590909"
"2788654106","2548187934","0.590909"
"2564666952","2593237442","1.09091"
"2593237442","2564666952","1.09091"
"2564666952","2613683361","2.18377"
"2613683361","2564666952","2.18377"
"2564666952","2767352826","0.824242"
"2767352826","2564666952","0.824242"
"2564666952","2788654106","0.0909091"
"2788654106","2564666952","0.0909091"
"2593237442","2596553710","0.0909091"
"2596553710","2593237442","0.0909091"
"2593237442","2613683361","0.840909"
"2613683361","2593237442","0.840909"
"2593237442","2767352826","0.624242"
"2767352826","2593237442","0.624242"
"2593237442","2788654106","0.290909"
"2788654106","2593237442","0.290909"
"2596553710","2613683361","1.04091"
"2613683361","2596553710","1.04091"
"2613683361","2767352826","0.540909"
"2767352826","2613683361","0.540909"
"2613683361","2788654106","0.757576"
"2788654106","2613683361","0.757576"
"1977024080","2890962282","0.166667"
"2890962282","1977024080","0.166667"
"2071666497","2613683361","0.166667"
"2613683361","2071666497","0.166667"
"2071666497","2890962282","0.166667"
"2890962282","2071666497","0.166667"
"2596553710","2890962282","0.166667"
"2890962282","2596553710","0.166667"
"2613683361","2890962282","0.166667"
"2890962282","2613683361","0.166667"
"2767352826","2890962282","0.5"
"2890962282","2767352826","0.5"
"2788654106","2890962282","0.166667"
"2890962282","2788654106","0.166667"
"1977024080","2045029544","0.0833333"
"2045029544","1977024080","0.0833333"
"1977024080","2594388115","0.0833333"
"2594388115","1977024080","0.0833333"
"1977024080","2604143836","0.0833333"
"2604143836","1977024080","0.0833333"
"1977024080","2744824353","0.0833333"
"2744824353","1977024080","0.0833333"
"1977024080","2749506121","0.0833333"
"2749506121","1977024080","0.0833333"
"1977024080","2765519831","0.0833333"
"2765519831","1977024080","0.0833333"
"1981114403","2533989243","0.408333"
"2533989243","1981114403","0.408333"
"1981114403","2594388115","0.0833333"
"2594388115","1981114403","0.0833333"
"1981114403","2604143836","0.0833333"
"2604143836","1981114403","0.0833333"
"1981114403","2613683361","0.0833333"
"2613683361","1981114403","0.0833333"
"1981114403","2744824353","1.08333"
"2744824353","1981114403","1.08333"
"1981114403","2749506121","0.0833333"
"2749506121","1981114403","0.0833333"
"1981114403","2765519831","0.0833333"
"2765519831","1981114403","0.0833333"
"2045029544","2533989243","0.408333"
"2533989243","2045029544","0.408333"
"2045029544","2594388115","1.08333"
"2594388115","2045029544","1.08333"
"2045029544","2596553710","0.208333"
"2596553710","2045029544","0.208333"
"2045029544","2613683361","0.333333"
"2613683361","2045029544","0.333333"
"2045029544","2744824353","0.0833333"
"2744824353","2045029544","0.0833333"
"2045029544","2749506121","0.0833333"
"2749506121","2045029544","0.0833333"
"2045029544","2765519831","1.70833"
"2765519831","2045029544","1.70833"
"2045029544","2767352826","0.0833333"
"2767352826","2045029544","0.0833333"
"2060088964","2594388115","0.0833333"
"2594388115","2060088964","0.0833333"
"2060088964","2604143836","0.0833333"
"2604143836","2060088964","0.0833333"
"2060088964","2744824353","1.08333"
"2744824353","2060088964","1.08333"
"2060088964","2749506121","0.0833333"
"2749506121","2060088964","0.0833333"
"2060088964","2765519831","0.0833333"
"2765519831","2060088964","0.0833333"
"2533989243","2594388115","0.0833333"
"2594388115","2533989243","0.0833333"
"2533989243","2604143836","0.0833333"
"2604143836","2533989243","0.0833333"
"2533989243","2744824353","0.0833333"
"2744824353","2533989243","0.0833333"
"2533989243","2749506121","0.416667"
"2749506121","2533989243","0.416667"
"2533989243","2765519831","0.0833333"
"2765519831","2533989243","0.0833333"
"2594388115","2596553710","0.0833333"
"2596553710","2594388115","0.0833333"
"2594388115","2604143836","0.0833333"
"2604143836","2594388115","0.0833333"
"2594388115","2613683361","0.0833333"
"2613683361","2594388115","0.0833333"
"2594388115","2744824353","0.0833333"
"2744824353","2594388115","0.0833333"
"2594388115","2749506121","0.0833333"
"2749506121","2594388115","0.0833333"
"2594388115","2765519831","0.0833333"
"2765519831","2594388115","0.0833333"
"2594388115","2767352826","0.0833333"
"2767352826","2594388115","0.0833333"
"2596553710","2604143836","0.0833333"
"2604143836","2596553710","0.0833333"
"2596553710","2744824353","0.0833333"
"2744824353","2596553710","0.0833333"
"2596553710","2749506121","0.0833333"
"2749506121","2596553710","0.0833333"
"2596553710","2765519831","0.0833333"
"2765519831","2596553710","0.0833333"
"2604143836","2613683361","0.0833333"
"2613683361","2604143836","0.0833333"
"2604143836","2744824353","0.0833333"
"2744824353","2604143836","0.0833333"
"2604143836","2749506121","0.0833333"
"2749506121","2604143836","0.0833333"
"2604143836","2765519831","0.408333"
"2765519831","2604143836","0.408333"
"2604143836","2767352826","0.616667"
"2767352826","2604143836","0.616667"
"2613683361","2744824353","0.0833333"
"2744824353","2613683361","0.0833333"
"2613683361","2749506121","0.0833333"
"2749506121","2613683361","0.0833333"
"2613683361","2765519831","0.0833333"
"2765519831","2613683361","0.0833333"
"2744824353","2749506121","0.0833333"
"2749506121","2744824353","0.0833333"
"2744824353","2765519831","0.0833333"
"2765519831","2744824353","0.0833333"
"2744824353","2767352826","0.583333"
"2767352826","2744824353","0.583333"
"2749506121","2765519831","0.0833333"
"2765519831","2749506121","0.0833333"
"2749506121","2767352826","0.0833333"
"2767352826","2749506121","0.0833333"
"2765519831","2767352826","0.616667"
"2767352826","2765519831","0.616667"
"1977283334","1981114403","0.1"
"1981114403","1977283334","0.1"
