"1516046419","1536836933","4.44405"
"1536836933","1516046419","4.44405"
"1516046419","2140264384","5.52738"
"2140264384","1516046419","5.52738"
"1516046419","2918130713","4.36667"
"2918130713","1516046419","4.36667"
"1536836933","2140264384","13.8607"
"2140264384","1536836933","13.8607"
"1536836933","2918130713","2.95"
"2918130713","1536836933","2.95"
"2140264384","2918130713","4.15"
"2918130713","2140264384","4.15"
"1516046419","2116677259","4.24405"
"2116677259","1516046419","4.24405"
"2116677259","2140264384","7.07738"
"2140264384","2116677259","7.07738"
"2116677259","2918130713","2.58333"
"2918130713","2116677259","2.58333"
"1516046419","2042759024","5.36071"
"2042759024","1516046419","5.36071"
"1516046419","2149550070","1.86905"
"2149550070","1516046419","1.86905"
"2042759024","2149550070","45.5024"
"2149550070","2042759024","45.5024"
"2042759024","2918130713","4.81667"
"2918130713","2042759024","4.81667"
"2149550070","2918130713","1.28333"
"2918130713","2149550070","1.28333"
"2042759024","2116677259","27.9274"
"2116677259","2042759024","27.9274"
"2042759024","2140264384","25.494"
"2140264384","2042759024","25.494"
"1516046419","1931408162","0.741667"
"1931408162","1516046419","0.741667"
"1536836933","1931408162","2.575"
"1931408162","1536836933","2.575"
"1536836933","2042759024","13.194"
"2042759024","1536836933","13.194"
"1931408162","2042759024","26.9917"
"2042759024","1931408162","26.9917"
"1931408162","2140264384","7.25833"
"2140264384","1931408162","7.25833"
"1931408162","2918130713","1.15"
"2918130713","1931408162","1.15"
"1516046419","1907359137","0.642857"
"1907359137","1516046419","0.642857"
"1907359137","2042759024","14.6429"
"2042759024","1907359137","14.6429"
"1907359137","2140264384","3.97619"
"2140264384","1907359137","3.97619"
"1907359137","2149550070","3.30952"
"2149550070","1907359137","3.30952"
"2140264384","2149550070","9.63571"
"2149550070","2140264384","9.63571"
"1516046419","2171275211","1.07738"
"2171275211","1516046419","1.07738"
"1536836933","2171275211","2.49405"
"2171275211","1536836933","2.49405"
"1931408162","2171275211","6.725"
"2171275211","1931408162","6.725"
"2042759024","2171275211","14.1274"
"2171275211","2042759024","14.1274"
"2140264384","2171275211","15.1274"
"2171275211","2140264384","15.1274"
"2171275211","2918130713","0.7"
"2918130713","2171275211","0.7"
"1931408162","2149550070","16.9667"
"2149550070","1931408162","16.9667"
"2149550070","2171275211","14.219"
"2171275211","2149550070","14.219"
"1536836933","2116677259","2.74405"
"2116677259","1536836933","2.74405"
"1907359137","2116677259","1.14286"
"2116677259","1907359137","1.14286"
"2116677259","2149550070","5.23571"
"2149550070","2116677259","5.23571"
"1536836933","1907359137","0.809524"
"1907359137","1536836933","0.809524"
"1536836933","2149550070","2.03571"
"2149550070","1536836933","2.03571"
"1907359137","2171275211","0.72619"
"2171275211","1907359137","0.72619"
"2116677259","2171275211","5.66071"
"2171275211","2116677259","5.66071"
"1516046419","2152887765","0.333333"
"2152887765","1516046419","0.333333"
"1536836933","2152887765","0.333333"
"2152887765","1536836933","0.333333"
"2140264384","2152887765","1.33333"
"2152887765","2140264384","1.33333"
"1516046419","2582420922","0.142857"
"2582420922","1516046419","0.142857"
"1536836933","2582420922","0.142857"
"2582420922","1536836933","0.142857"
"2042759024","2582420922","10.1262"
"2582420922","2042759024","10.1262"
"2116677259","2582420922","1.12619"
"2582420922","2116677259","1.12619"
"2140264384","2582420922","1.47619"
"2582420922","2140264384","1.47619"
"2149550070","2582420922","5.75952"
"2582420922","2149550070","5.75952"
"2171275211","2582420922","0.392857"
"2582420922","2171275211","0.392857"
"1516046419","2108581220","1.125"
"2108581220","1516046419","1.125"
"1516046419","2494940261","0.125"
"2494940261","1516046419","0.125"
"1536836933","2108581220","0.125"
"2108581220","1536836933","0.125"
"1536836933","2494940261","1.625"
"2494940261","1536836933","1.625"
"1931408162","2108581220","1.49167"
"2108581220","1931408162","1.49167"
"1931408162","2116677259","2.525"
"2116677259","1931408162","2.525"
"1931408162","2494940261","2.79167"
"2494940261","1931408162","2.79167"
"2042759024","2108581220","10.6917"
"2108581220","2042759024","10.6917"
"2042759024","2494940261","7.625"
"2494940261","2042759024","7.625"
"2108581220","2116677259","6.49167"
"2116677259","2108581220","6.49167"
"2108581220","2140264384","1.825"
"2140264384","2108581220","1.825"
"2108581220","2171275211","1.825"
"2171275211","2108581220","1.825"
"2108581220","2494940261","1.125"
"2494940261","2108581220","1.125"
"2116677259","2494940261","3.125"
"2494940261","2116677259","3.125"
"2140264384","2494940261","3.04167"
"2494940261","2140264384","3.04167"
"2171275211","2494940261","3.70833"
"2494940261","2171275211","3.70833"
"1536836933","2030011662","2.33333"
"2030011662","1536836933","2.33333"
"1931408162","2030011662","2.7"
"2030011662","1931408162","2.7"
"2030011662","2042759024","12.4333"
"2042759024","2030011662","12.4333"
"2030011662","2140264384","3.03333"
"2140264384","2030011662","3.03333"
"2030011662","2149550070","2.58333"
"2149550070","2030011662","2.58333"
"2030011662","2171275211","2.86667"
"2171275211","2030011662","2.86667"
"1907359137","1931408162","3.58333"
"1931408162","1907359137","3.58333"
"1907359137","2494940261","0.166667"
"2494940261","1907359137","0.166667"
"1536836933","1936279021","0.166667"
"1936279021","1536836933","0.166667"
"1536836933","2097168248","0.166667"
"2097168248","1536836933","0.166667"
"1931408162","1936279021","0.666667"
"1936279021","1931408162","0.666667"
"1931408162","2097168248","4.36667"
"2097168248","1931408162","4.36667"
"1936279021","2030011662","0.166667"
"2030011662","1936279021","0.166667"
"1936279021","2042759024","5"
"2042759024","1936279021","5"
"1936279021","2097168248","5.16667"
"2097168248","1936279021","5.16667"
"1936279021","2140264384","4.16667"
"2140264384","1936279021","4.16667"
"2030011662","2097168248","1.06667"
"2097168248","2030011662","1.06667"
"2042759024","2097168248","7.56667"
"2097168248","2042759024","7.56667"
"2097168248","2140264384","0.166667"
"2140264384","2097168248","0.166667"
"2030011662","2116677259","2.31667"
"2116677259","2030011662","2.31667"
"1907359137","2096695219","0.666667"
"2096695219","1907359137","0.666667"
"1931408162","2096695219","2.23333"
"2096695219","1931408162","2.23333"
"2042759024","2096695219","6.26667"
"2096695219","2042759024","6.26667"
"2096695219","2140264384","4.35"
"2140264384","2096695219","4.35"
"1907359137","1936279021","0.333333"
"1936279021","1907359137","0.333333"
"1907359137","2108581220","1.16667"
"2108581220","1907359137","1.16667"
"1936279021","2108581220","0.666667"
"2108581220","1936279021","0.666667"
"1907359137","2030011662","1.83333"
"2030011662","1907359137","1.83333"
"2030011662","2108581220","3.36667"
"2108581220","2030011662","3.36667"
"2096695219","2116677259","2.25"
"2116677259","2096695219","2.25"
"2096695219","2171275211","4.35"
"2171275211","2096695219","4.35"
"1907359137","2097168248","2"
"2097168248","1907359137","2"
"2030011662","2096695219","2.53333"
"2096695219","2030011662","2.53333"
"2096695219","2108581220","1.7"
"2108581220","2096695219","1.7"
"1931408162","2152887765","4.95"
"2152887765","1931408162","4.95"
"2042759024","2152887765","12.8167"
"2152887765","2042759024","12.8167"
"2097168248","2149550070","6"
"2149550070","2097168248","6"
"2097168248","2152887765","6.73333"
"2152887765","2097168248","6.73333"
"2149550070","2152887765","4.5"
"2152887765","2149550070","4.5"
"2149550070","2494940261","8.41667"
"2494940261","2149550070","8.41667"
"2030011662","2152887765","1.4"
"2152887765","2030011662","1.4"
"2097168248","2116677259","3.4"
"2116677259","2097168248","3.4"
"2116677259","2152887765","3.31667"
"2152887765","2116677259","3.31667"
"2096695219","2149550070","14.7333"
"2149550070","2096695219","14.7333"
"1931408162","2582420922","2.11667"
"2582420922","1931408162","2.11667"
"2152887765","2582420922","1.61667"
"2582420922","2152887765","1.61667"
"2108581220","2149550070","5.03333"
"2149550070","2108581220","5.03333"
"2108581220","2582420922","0.533333"
"2582420922","2108581220","0.533333"
"2096695219","2582420922","1.25"
"2582420922","2096695219","1.25"
"1931408162","2068017704","0.166667"
"2068017704","1931408162","0.166667"
"2042759024","2068017704","0.416667"
"2068017704","2042759024","0.416667"
"2068017704","2096695219","0.416667"
"2096695219","2068017704","0.416667"
"2068017704","2140264384","0.5"
"2140264384","2068017704","0.5"
"2068017704","2149550070","0.166667"
"2149550070","2068017704","0.166667"
"2068017704","2171275211","0.416667"
"2171275211","2068017704","0.416667"
"2030011662","2582420922","0.366667"
"2582420922","2030011662","0.366667"
"2108581220","2152887765","4.66667"
"2152887765","2108581220","4.66667"
"1936279021","2149550070","1.75"
"2149550070","1936279021","1.75"
"1936279021","2494940261","3.91667"
"2494940261","1936279021","3.91667"
"1936279021","2068017704","1.33333"
"2068017704","1936279021","1.33333"
"2068017704","2494940261","0.583333"
"2494940261","2068017704","0.583333"
"1936279021","2116677259","1.83333"
"2116677259","1936279021","1.83333"
"1936279021","2152887765","1"
"2152887765","1936279021","1"
"1936279021","2171275211","0.583333"
"2171275211","1936279021","0.583333"
"1936279021","2582420922","0.25"
"2582420922","1936279021","0.25"
"2097168248","2582420922","0.7"
"2582420922","2097168248","0.7"
"2097168248","2108581220","3.16667"
"2108581220","2097168248","3.16667"
"2097168248","2494940261","4.5"
"2494940261","2097168248","4.5"
"2152887765","2171275211","1"
"2171275211","2152887765","1"
"2096695219","2494940261","2.25"
"2494940261","2096695219","2.25"
"2068017704","2161859221","1"
"2161859221","2068017704","1"
"2068017704","2108581220","1"
"2108581220","2068017704","1"
"2104565870","2494940261","18"
"2494940261","2104565870","18"
"2155368670","2161859221","1"
"2161859221","2155368670","1"
"2293698103","2615052131","4"
"2615052131","2293698103","4"
