"1011335993","1495886382","0.333333"
"1495886382","1011335993","0.333333"
"1011335993","1528201439","0.333333"
"1528201439","1011335993","0.333333"
"1011335993","2155478465","0.333333"
"2155478465","1011335993","0.333333"
"1495886382","1528201439","1.25"
"1528201439","1495886382","1.25"
"1495886382","2155478465","2.16667"
"2155478465","1495886382","2.16667"
"1528201439","2155478465","1"
"2155478465","1528201439","1"
"1495886382","2001179357","0.410256"
"2001179357","1495886382","0.410256"
"1495886382","2230830246","3.24359"
"2230830246","1495886382","3.24359"
"2001179357","2155478465","0.833333"
"2155478465","2001179357","0.833333"
"2001179357","2230830246","8.49359"
"2230830246","2001179357","8.49359"
"2155478465","2230830246","4.75758"
"2230830246","2155478465","4.75758"
"1495886382","2127386629","1.82692"
"2127386629","1495886382","1.82692"
"1495886382","2153902607","0.410256"
"2153902607","1495886382","0.410256"
"2127386629","2153902607","3.56069"
"2153902607","2127386629","3.56069"
"2127386629","2230830246","4.0845"
"2230830246","2127386629","4.0845"
"2153902607","2230830246","1.81069"
"2230830246","2153902607","1.81069"
"1495886382","1756940626","0.410256"
"1756940626","1495886382","0.410256"
"1495886382","1776573210","0.0769231"
"1776573210","1495886382","0.0769231"
"1495886382","2015684518","0.0769231"
"2015684518","1495886382","0.0769231"
"1495886382","2064390618","0.0769231"
"2064390618","1495886382","0.0769231"
"1495886382","2082767672","0.410256"
"2082767672","1495886382","0.410256"
"1495886382","2101554223","0.410256"
"2101554223","1495886382","0.410256"
"1495886382","2137179333","0.0769231"
"2137179333","1495886382","0.0769231"
"1495886382","2169530972","0.0769231"
"2169530972","1495886382","0.0769231"
"1495886382","2171502022","0.0769231"
"2171502022","1495886382","0.0769231"
"1756940626","1776573210","0.310689"
"1776573210","1756940626","0.310689"
"1756940626","2001179357","0.0769231"
"2001179357","1756940626","0.0769231"
"1756940626","2015684518","0.755134"
"2015684518","1756940626","0.755134"
"1756940626","2064390618","0.501166"
"2064390618","1756940626","0.501166"
"1756940626","2082767672","0.0769231"
"2082767672","1756940626","0.0769231"
"1756940626","2101554223","0.0769231"
"2101554223","1756940626","0.0769231"
"1756940626","2127386629","0.310689"
"2127386629","1756940626","0.310689"
"1756940626","2137179333","0.0769231"
"2137179333","1756940626","0.0769231"
"1756940626","2153902607","1.31069"
"2153902607","1756940626","1.31069"
"1756940626","2169530972","0.0769231"
"2169530972","1756940626","0.0769231"
"1756940626","2171502022","0.0769231"
"2171502022","1756940626","0.0769231"
"1756940626","2230830246","0.94561"
"2230830246","1756940626","0.94561"
"1776573210","2001179357","0.0769231"
"2001179357","1776573210","0.0769231"
"1776573210","2015684518","0.810689"
"2015684518","1776573210","0.810689"
"1776573210","2064390618","0.167832"
"2064390618","1776573210","0.167832"
"1776573210","2082767672","0.0769231"
"2082767672","1776573210","0.0769231"
"1776573210","2101554223","0.0769231"
"2101554223","1776573210","0.0769231"
"1776573210","2127386629","0.310689"
"2127386629","1776573210","0.310689"
"1776573210","2137179333","0.0769231"
"2137179333","1776573210","0.0769231"
"1776573210","2153902607","1.14402"
"2153902607","1776573210","1.14402"
"1776573210","2169530972","0.0769231"
"2169530972","1776573210","0.0769231"
"1776573210","2171502022","0.410256"
"2171502022","1776573210","0.410256"
"1776573210","2230830246","0.501166"
"2230830246","1776573210","0.501166"
"2001179357","2015684518","0.0769231"
"2015684518","2001179357","0.0769231"
"2001179357","2064390618","0.0769231"
"2064390618","2001179357","0.0769231"
"2001179357","2082767672","0.160256"
"2082767672","2001179357","0.160256"
"2001179357","2101554223","0.0769231"
"2101554223","2001179357","0.0769231"
"2001179357","2127386629","0.160256"
"2127386629","2001179357","0.160256"
"2001179357","2137179333","0.0769231"
"2137179333","2001179357","0.0769231"
"2001179357","2153902607","0.160256"
"2153902607","2001179357","0.160256"
"2001179357","2169530972","0.0769231"
"2169530972","2001179357","0.0769231"
"2001179357","2171502022","0.0769231"
"2171502022","2001179357","0.0769231"
"2015684518","2064390618","0.501166"
"2064390618","2015684518","0.501166"
"2015684518","2082767672","0.0769231"
"2082767672","2015684518","0.0769231"
"2015684518","2101554223","0.0769231"
"2101554223","2015684518","0.0769231"
"2015684518","2127386629","1.31069"
"2127386629","2015684518","1.31069"
"2015684518","2137179333","0.0769231"
"2137179333","2015684518","0.0769231"
"2015684518","2153902607","1.81069"
"2153902607","2015684518","1.81069"
"2015684518","2169530972","0.0769231"
"2169530972","2015684518","0.0769231"
"2015684518","2171502022","0.0769231"
"2171502022","2015684518","0.0769231"
"2015684518","2230830246","0.612277"
"2230830246","2015684518","0.612277"
"2064390618","2082767672","0.0769231"
"2082767672","2064390618","0.0769231"
"2064390618","2101554223","0.0769231"
"2101554223","2064390618","0.0769231"
"2064390618","2127386629","0.167832"
"2127386629","2064390618","0.167832"
"2064390618","2137179333","0.0769231"
"2137179333","2064390618","0.0769231"
"2064390618","2153902607","0.167832"
"2153902607","2064390618","0.167832"
"2064390618","2169530972","1.07692"
"2169530972","2064390618","1.07692"
"2064390618","2171502022","0.0769231"
"2171502022","2064390618","0.0769231"
"2064390618","2230830246","0.501166"
"2230830246","2064390618","0.501166"
"2082767672","2101554223","0.410256"
"2101554223","2082767672","0.410256"
"2082767672","2127386629","0.160256"
"2127386629","2082767672","0.160256"
"2082767672","2137179333","0.0769231"
"2137179333","2082767672","0.0769231"
"2082767672","2153902607","1.05311"
"2153902607","2082767672","1.05311"
"2082767672","2169530972","0.0769231"
"2169530972","2082767672","0.0769231"
"2082767672","2171502022","0.0769231"
"2171502022","2082767672","0.0769231"
"2082767672","2230830246","11.8031"
"2230830246","2082767672","11.8031"
"2101554223","2127386629","0.0769231"
"2127386629","2101554223","0.0769231"
"2101554223","2137179333","0.0769231"
"2137179333","2101554223","0.0769231"
"2101554223","2153902607","0.0769231"
"2153902607","2101554223","0.0769231"
"2101554223","2169530972","0.0769231"
"2169530972","2101554223","0.0769231"
"2101554223","2171502022","0.0769231"
"2171502022","2101554223","0.0769231"
"2101554223","2230830246","1.41026"
"2230830246","2101554223","1.41026"
"2127386629","2137179333","0.0769231"
"2137179333","2127386629","0.0769231"
"2127386629","2169530972","0.0769231"
"2169530972","2127386629","0.0769231"
"2127386629","2171502022","0.0769231"
"2171502022","2127386629","0.0769231"
"2137179333","2153902607","0.0769231"
"2153902607","2137179333","0.0769231"
"2137179333","2169530972","0.0769231"
"2169530972","2137179333","0.0769231"
"2137179333","2171502022","0.0769231"
"2171502022","2137179333","0.0769231"
"2137179333","2230830246","0.0769231"
"2230830246","2137179333","0.0769231"
"2153902607","2169530972","0.0769231"
"2169530972","2153902607","0.0769231"
"2153902607","2171502022","1.91026"
"2171502022","2153902607","1.91026"
"2169530972","2171502022","0.0769231"
"2171502022","2169530972","0.0769231"
"2169530972","2230830246","0.0769231"
"2230830246","2169530972","0.0769231"
"2171502022","2230830246","0.410256"
"2230830246","2171502022","0.410256"
"1495886382","1576774944","0.75"
"1576774944","1495886382","0.75"
"1495886382","1589399220","0.666667"
"1589399220","1495886382","0.666667"
"1495886382","2084761702","0.166667"
"2084761702","1495886382","0.166667"
"1528201439","1576774944","0.416667"
"1576774944","1528201439","0.416667"
"1528201439","1589399220","0.666667"
"1589399220","1528201439","0.666667"
"1528201439","2084761702","0.277778"
"2084761702","1528201439","0.277778"
"1528201439","2127386629","2"
"2127386629","1528201439","2"
"1576774944","1589399220","0.166667"
"1589399220","1576774944","0.166667"
"1576774944","2084761702","0.166667"
"2084761702","1576774944","0.166667"
"1576774944","2127386629","0.416667"
"2127386629","1576774944","0.416667"
"1576774944","2155478465","2"
"2155478465","1576774944","2"
"1589399220","2084761702","3.16667"
"2084761702","1589399220","3.16667"
"1589399220","2127386629","0.166667"
"2127386629","1589399220","0.166667"
"1589399220","2155478465","0.166667"
"2155478465","1589399220","0.166667"
"2084761702","2127386629","1.16667"
"2127386629","2084761702","1.16667"
"2084761702","2155478465","0.166667"
"2155478465","2084761702","0.166667"
"2127386629","2155478465","2.75758"
"2155478465","2127386629","2.75758"
"1576774944","2230830246","4.83333"
"2230830246","1576774944","4.83333"
"1495886382","2043657122","0.333333"
"2043657122","1495886382","0.333333"
"1756940626","2043657122","0.47619"
"2043657122","1756940626","0.47619"
"2043657122","2230830246","0.333333"
"2230830246","2043657122","0.333333"
"1495886382","2036504249","0.5"
"2036504249","1495886382","0.5"
"2036504249","2230830246","0.5"
"2230830246","2036504249","0.5"
"1495886382","1517592599","0.25"
"1517592599","1495886382","0.25"
"1517592599","1528201439","0.333333"
"1528201439","1517592599","0.333333"
"1517592599","1576774944","1.75"
"1576774944","1517592599","1.75"
"1517592599","2127386629","0.333333"
"2127386629","1517592599","0.333333"
"1501381766","2015068727","11.3095"
"2015068727","1501381766","11.3095"
"1501381766","2082767672","6.80952"
"2082767672","1501381766","6.80952"
"2015068727","2082767672","9.30952"
"2082767672","2015068727","9.30952"
"1501381766","2153902607","4.14286"
"2153902607","1501381766","4.14286"
"1501381766","1591441168","3.14286"
"1591441168","1501381766","3.14286"
"1501381766","1556814123","1.72619"
"1556814123","1501381766","1.72619"
"1501381766","2121645978","0.142857"
"2121645978","1501381766","0.142857"
"1501381766","2230830246","0.72619"
"2230830246","1501381766","0.72619"
"1556814123","1591441168","0.309524"
"1591441168","1556814123","0.309524"
"1556814123","2015068727","13.8929"
"2015068727","1556814123","13.8929"
"1556814123","2082767672","12.8929"
"2082767672","1556814123","12.8929"
"1556814123","2121645978","0.142857"
"2121645978","1556814123","0.142857"
"1556814123","2153902607","1.39286"
"2153902607","1556814123","1.39286"
"1556814123","2230830246","0.892857"
"2230830246","1556814123","0.892857"
"1591441168","2015068727","2.64286"
"2015068727","1591441168","2.64286"
"1591441168","2082767672","4.14286"
"2082767672","1591441168","4.14286"
"1591441168","2121645978","0.142857"
"2121645978","1591441168","0.142857"
"1591441168","2153902607","0.309524"
"2153902607","1591441168","0.309524"
"1591441168","2230830246","0.142857"
"2230830246","1591441168","0.142857"
"2015068727","2121645978","0.142857"
"2121645978","2015068727","0.142857"
"2015068727","2153902607","0.97619"
"2153902607","2015068727","0.97619"
"2015068727","2230830246","7.89286"
"2230830246","2015068727","7.89286"
"2082767672","2121645978","0.142857"
"2121645978","2082767672","0.142857"
"2121645978","2153902607","1.14286"
"2153902607","2121645978","1.14286"
"2121645978","2230830246","0.253968"
"2230830246","2121645978","0.253968"
"1501381766","2084761702","3"
"2084761702","1501381766","3"
"1501381766","2014679132","0.916667"
"2014679132","1501381766","0.916667"
"2014679132","2015068727","2.25"
"2015068727","2014679132","2.25"
"1556814123","2014679132","0.166667"
"2014679132","1556814123","0.166667"
"1591441168","2014679132","0.166667"
"2014679132","1591441168","0.166667"
"2014679132","2082767672","0.75"
"2082767672","2014679132","0.75"
"2014679132","2153902607","0.75"
"2153902607","2014679132","0.75"
"1501381766","1517592599","0.0833333"
"1517592599","1501381766","0.0833333"
"1501381766","1528201439","0.0833333"
"1528201439","1501381766","0.0833333"
"1501381766","1558448672","0.0833333"
"1558448672","1501381766","0.0833333"
"1501381766","2001179357","0.0833333"
"2001179357","1501381766","0.0833333"
"1501381766","2110474297","0.0833333"
"2110474297","1501381766","0.0833333"
"1501381766","2127386629","0.0833333"
"2127386629","1501381766","0.0833333"
"1501381766","2147916722","0.0833333"
"2147916722","1501381766","0.0833333"
"1517592599","1556814123","0.0833333"
"1556814123","1517592599","0.0833333"
"1517592599","1558448672","0.0833333"
"1558448672","1517592599","0.0833333"
"1517592599","2001179357","0.0833333"
"2001179357","1517592599","0.0833333"
"1517592599","2015068727","0.0833333"
"2015068727","1517592599","0.0833333"
"1517592599","2082767672","0.0833333"
"2082767672","1517592599","0.0833333"
"1517592599","2110474297","0.0833333"
"2110474297","1517592599","0.0833333"
"1517592599","2147916722","0.0833333"
"2147916722","1517592599","0.0833333"
"1517592599","2153902607","0.0833333"
"2153902607","1517592599","0.0833333"
"1517592599","2230830246","8.58333"
"2230830246","1517592599","8.58333"
"1528201439","1556814123","0.0833333"
"1556814123","1528201439","0.0833333"
"1528201439","1558448672","0.0833333"
"1558448672","1528201439","0.0833333"
"1528201439","2001179357","0.0833333"
"2001179357","1528201439","0.0833333"
"1528201439","2015068727","0.0833333"
"2015068727","1528201439","0.0833333"
"1528201439","2082767672","0.0833333"
"2082767672","1528201439","0.0833333"
"1528201439","2110474297","0.0833333"
"2110474297","1528201439","0.0833333"
"1528201439","2147916722","0.0833333"
"2147916722","1528201439","0.0833333"
"1528201439","2153902607","0.0833333"
"2153902607","1528201439","0.0833333"
"1528201439","2230830246","0.194444"
"2230830246","1528201439","0.194444"
"1556814123","1558448672","0.0833333"
"1558448672","1556814123","0.0833333"
"1556814123","2001179357","0.0833333"
"2001179357","1556814123","0.0833333"
"1556814123","2110474297","0.0833333"
"2110474297","1556814123","0.0833333"
"1556814123","2127386629","0.0833333"
"2127386629","1556814123","0.0833333"
"1556814123","2147916722","0.0833333"
"2147916722","1556814123","0.0833333"
"1558448672","2001179357","0.0833333"
"2001179357","1558448672","0.0833333"
"1558448672","2015068727","0.0833333"
"2015068727","1558448672","0.0833333"
"1558448672","2082767672","0.0833333"
"2082767672","1558448672","0.0833333"
"1558448672","2110474297","0.0833333"
"2110474297","1558448672","0.0833333"
"1558448672","2127386629","0.0833333"
"2127386629","1558448672","0.0833333"
"1558448672","2147916722","0.0833333"
"2147916722","1558448672","0.0833333"
"1558448672","2153902607","0.0833333"
"2153902607","1558448672","0.0833333"
"1558448672","2230830246","0.0833333"
"2230830246","1558448672","0.0833333"
"2001179357","2015068727","0.0833333"
"2015068727","2001179357","0.0833333"
"2001179357","2110474297","0.0833333"
"2110474297","2001179357","0.0833333"
"2001179357","2147916722","0.0833333"
"2147916722","2001179357","0.0833333"
"2015068727","2110474297","0.0833333"
"2110474297","2015068727","0.0833333"
"2015068727","2127386629","0.0833333"
"2127386629","2015068727","0.0833333"
"2015068727","2147916722","0.0833333"
"2147916722","2015068727","0.0833333"
"2082767672","2110474297","0.0833333"
"2110474297","2082767672","0.0833333"
"2082767672","2147916722","0.0833333"
"2147916722","2082767672","0.0833333"
"2110474297","2127386629","0.507576"
"2127386629","2110474297","0.507576"
"2110474297","2147916722","0.0833333"
"2147916722","2110474297","0.0833333"
"2110474297","2153902607","0.507576"
"2153902607","2110474297","0.507576"
"2110474297","2230830246","16.1742"
"2230830246","2110474297","16.1742"
"2127386629","2147916722","0.0833333"
"2147916722","2127386629","0.0833333"
"2147916722","2153902607","0.0833333"
"2153902607","2147916722","0.0833333"
"2147916722","2230830246","1.41667"
"2230830246","2147916722","1.41667"
"1501381766","2036504249","0.5"
"2036504249","1501381766","0.5"
"2036504249","2153902607","0.5"
"2153902607","2036504249","0.5"
"1503645026","2230830246","10"
"2230830246","1503645026","10"
"1503645026","2110474297","1"
"2110474297","1503645026","1"
"1517592599","2155478465","1"
"2155478465","1517592599","1"
"1524528671","2058697244","1.5"
"2058697244","1524528671","1.5"
"1524528671","2082767672","1.5"
"2082767672","1524528671","1.5"
"2058697244","2082767672","0.5"
"2082767672","2058697244","0.5"
"1528201439","1756940626","0.111111"
"1756940626","1528201439","0.111111"
"1528201439","2015684518","0.111111"
"2015684518","1528201439","0.111111"
"1528201439","2073447032","0.111111"
"2073447032","1528201439","0.111111"
"1528201439","2082941608","0.111111"
"2082941608","1528201439","0.111111"
"1528201439","2121002532","0.111111"
"2121002532","1528201439","0.111111"
"1528201439","2121645978","0.111111"
"2121645978","1528201439","0.111111"
"1528201439","2164961562","0.111111"
"2164961562","1528201439","0.111111"
"1756940626","2073447032","0.344877"
"2073447032","1756940626","0.344877"
"1756940626","2082941608","0.344877"
"2082941608","1756940626","0.344877"
"1756940626","2084761702","0.111111"
"2084761702","1756940626","0.111111"
"1756940626","2121002532","0.111111"
"2121002532","1756940626","0.111111"
"1756940626","2121645978","0.111111"
"2121645978","1756940626","0.111111"
"1756940626","2164961562","0.111111"
"2164961562","1756940626","0.111111"
"2015684518","2073447032","0.344877"
"2073447032","2015684518","0.344877"
"2015684518","2082941608","3.34488"
"2082941608","2015684518","3.34488"
"2015684518","2084761702","0.611111"
"2084761702","2015684518","0.611111"
"2015684518","2121002532","0.111111"
"2121002532","2015684518","0.111111"
"2015684518","2121645978","0.111111"
"2121645978","2015684518","0.111111"
"2015684518","2164961562","0.111111"
"2164961562","2015684518","0.111111"
"2073447032","2082941608","1.92821"
"2082941608","2073447032","1.92821"
"2073447032","2084761702","0.111111"
"2084761702","2073447032","0.111111"
"2073447032","2121002532","0.111111"
"2121002532","2073447032","0.111111"
"2073447032","2121645978","0.111111"
"2121645978","2073447032","0.111111"
"2073447032","2164961562","0.111111"
"2164961562","2073447032","0.111111"
"2073447032","2230830246","0.45202"
"2230830246","2073447032","0.45202"
"2082941608","2084761702","0.111111"
"2084761702","2082941608","0.111111"
"2082941608","2121002532","0.111111"
"2121002532","2082941608","0.111111"
"2082941608","2121645978","0.111111"
"2121645978","2082941608","0.111111"
"2082941608","2164961562","0.111111"
"2164961562","2082941608","0.111111"
"2082941608","2230830246","0.45202"
"2230830246","2082941608","0.45202"
"2084761702","2121002532","2.61111"
"2121002532","2084761702","2.61111"
"2084761702","2121645978","0.111111"
"2121645978","2084761702","0.111111"
"2084761702","2164961562","0.111111"
"2164961562","2084761702","0.111111"
"2084761702","2230830246","2.11111"
"2230830246","2084761702","2.11111"
"2121002532","2121645978","0.111111"
"2121645978","2121002532","0.111111"
"2121002532","2164961562","0.111111"
"2164961562","2121002532","0.111111"
"2121002532","2230830246","0.111111"
"2230830246","2121002532","0.111111"
"2121645978","2164961562","0.111111"
"2164961562","2121645978","0.111111"
"2164961562","2230830246","0.111111"
"2230830246","2164961562","0.111111"
"1529012686","2122812212","0.5"
"2122812212","1529012686","0.5"
"1529012686","3023360566","0.5"
"3023360566","1529012686","0.5"
"2122812212","3023360566","4.33333"
"3023360566","2122812212","4.33333"
"1534071679","2110474297","0.424242"
"2110474297","1534071679","0.424242"
"1534071679","2127386629","0.424242"
"2127386629","1534071679","0.424242"
"1534071679","2153902607","0.424242"
"2153902607","1534071679","0.424242"
"1534071679","1756940626","0.0909091"
"1756940626","1534071679","0.0909091"
"1534071679","1776573210","0.0909091"
"1776573210","1534071679","0.0909091"
"1534071679","2015684518","0.0909091"
"2015684518","1534071679","0.0909091"
"1534071679","2064390618","0.0909091"
"2064390618","1534071679","0.0909091"
"1534071679","2073447032","0.0909091"
"2073447032","1534071679","0.0909091"
"1534071679","2082941608","0.0909091"
"2082941608","1534071679","0.0909091"
"1534071679","2155478465","0.0909091"
"2155478465","1534071679","0.0909091"
"1534071679","2230830246","0.0909091"
"2230830246","1534071679","0.0909091"
"1756940626","2110474297","0.0909091"
"2110474297","1756940626","0.0909091"
"1756940626","2155478465","0.0909091"
"2155478465","1756940626","0.0909091"
"1776573210","2073447032","0.233766"
"2073447032","1776573210","0.233766"
"1776573210","2082941608","0.233766"
"2082941608","1776573210","0.233766"
"1776573210","2110474297","0.0909091"
"2110474297","1776573210","0.0909091"
"1776573210","2155478465","0.0909091"
"2155478465","1776573210","0.0909091"
"2015684518","2110474297","0.0909091"
"2110474297","2015684518","0.0909091"
"2015684518","2155478465","0.0909091"
"2155478465","2015684518","0.0909091"
"2064390618","2073447032","0.0909091"
"2073447032","2064390618","0.0909091"
"2064390618","2082941608","0.0909091"
"2082941608","2064390618","0.0909091"
"2064390618","2110474297","0.0909091"
"2110474297","2064390618","0.0909091"
"2064390618","2155478465","0.0909091"
"2155478465","2064390618","0.0909091"
"2073447032","2110474297","0.0909091"
"2110474297","2073447032","0.0909091"
"2073447032","2127386629","0.233766"
"2127386629","2073447032","0.233766"
"2073447032","2153902607","0.483766"
"2153902607","2073447032","0.483766"
"2073447032","2155478465","1.09091"
"2155478465","2073447032","1.09091"
"2082941608","2110474297","0.0909091"
"2110474297","2082941608","0.0909091"
"2082941608","2127386629","1.23377"
"2127386629","2082941608","1.23377"
"2082941608","2153902607","0.650433"
"2153902607","2082941608","0.650433"
"2082941608","2155478465","0.0909091"
"2155478465","2082941608","0.0909091"
"2110474297","2155478465","2.09091"
"2155478465","2110474297","2.09091"
"2153902607","2155478465","0.0909091"
"2155478465","2153902607","0.0909091"
"1556814123","1589399220","1"
"1589399220","1556814123","1"
"1561490215","2037560604","11.3333"
"2037560604","1561490215","11.3333"
"1561490215","2122812212","1.16667"
"2122812212","1561490215","1.16667"
"1561490215","2082941608","1"
"2082941608","1561490215","1"
"2037560604","2082941608","2"
"2082941608","2037560604","2"
"1561490215","2073447032","0.333333"
"2073447032","1561490215","0.333333"
"2037560604","2073447032","0.333333"
"2073447032","2037560604","0.333333"
"1561490215","2164400772","3.33333"
"2164400772","1561490215","3.33333"
"1561490215","2171502022","1.5"
"2171502022","1561490215","1.5"
"2164400772","2171502022","1.33333"
"2171502022","2164400772","1.33333"
"2037560604","2164400772","0.833333"
"2164400772","2037560604","0.833333"
"2037560604","2171502022","10.5"
"2171502022","2037560604","10.5"
"1561490215","3023360566","1"
"3023360566","1561490215","1"
"1561490215","2079216133","0.166667"
"2079216133","1561490215","0.166667"
"1561490215","2153902607","0.166667"
"2153902607","1561490215","0.166667"
"2037560604","2079216133","3.16667"
"2079216133","2037560604","3.16667"
"2037560604","2122812212","1.16667"
"2122812212","2037560604","1.16667"
"2037560604","2153902607","0.166667"
"2153902607","2037560604","0.166667"
"2079216133","2082941608","1.66667"
"2082941608","2079216133","1.66667"
"2079216133","2122812212","1.5"
"2122812212","2079216133","1.5"
"2079216133","2153902607","0.5"
"2153902607","2079216133","0.5"
"2079216133","2171502022","0.5"
"2171502022","2079216133","0.5"
"2082941608","2122812212","3.5"
"2122812212","2082941608","3.5"
"2082941608","2171502022","0.166667"
"2171502022","2082941608","0.166667"
"2122812212","2153902607","0.5"
"2153902607","2122812212","0.5"
"2122812212","2171502022","1.5"
"2171502022","2122812212","1.5"
"1576774944","2001179357","0.5"
"2001179357","1576774944","0.5"
"1589399220","2230830246","6"
"2230830246","1589399220","6"
"1755385511","2079216133","3.5"
"2079216133","1755385511","3.5"
"1755385511","2082941608","1"
"2082941608","1755385511","1"
"1755385511","2073447032","0.5"
"2073447032","1755385511","0.5"
"1776573210","2043657122","0.142857"
"2043657122","1776573210","0.142857"
"2015684518","2043657122","1.14286"
"2043657122","2015684518","1.14286"
"2043657122","2073447032","0.142857"
"2073447032","2043657122","0.142857"
"2043657122","2082941608","0.142857"
"2082941608","2043657122","0.142857"
"2043657122","2127386629","1.14286"
"2127386629","2043657122","1.14286"
"2043657122","2153902607","0.142857"
"2153902607","2043657122","0.142857"
"1934051226","2123094505","0.5"
"2123094505","1934051226","0.5"
"1934051226","2397216586","0.5"
"2397216586","1934051226","0.5"
"2123094505","2397216586","0.5"
"2397216586","2123094505","0.5"
"1934051226","2753835574","2.33333"
"2753835574","1934051226","2.33333"
"1934051226","2082941608","0.5"
"2082941608","1934051226","0.5"
"1934051226","2122812212","0.5"
"2122812212","1934051226","0.5"
"1934051226","2813315442","0.333333"
"2813315442","1934051226","0.333333"
"1934051226","2910957803","0.333333"
"2910957803","1934051226","0.333333"
"2753835574","2813315442","0.333333"
"2813315442","2753835574","0.333333"
"2753835574","2910957803","1.83333"
"2910957803","2753835574","1.83333"
"2813315442","2910957803","0.333333"
"2910957803","2813315442","0.333333"
"1934051226","2951684106","1"
"2951684106","1934051226","1"
"1972156661","2037560604","1"
"2037560604","1972156661","1"
"1993505956","2073447032","0.5"
"2073447032","1993505956","0.5"
"1993505956","2082941608","0.5"
"2082941608","1993505956","0.5"
"2015068727","2084761702","2.5"
"2084761702","2015068727","2.5"
"2015068727","2121002532","0.5"
"2121002532","2015068727","0.5"
"2015684518","2397216586","0.5"
"2397216586","2015684518","0.5"
"2015684518","2423498467","0.5"
"2423498467","2015684518","0.5"
"2397216586","2423498467","4"
"2423498467","2397216586","4"
"2015684518","2406352087","0.5"
"2406352087","2015684518","0.5"
"2084761702","2406352087","0.5"
"2406352087","2084761702","0.5"
"2022361079","3023360566","2.83333"
"3023360566","2022361079","2.83333"
"2022361079","2538129730","1"
"2538129730","2022361079","1"
"2022361079","2082941608","0.833333"
"2082941608","2022361079","0.833333"
"2082941608","3023360566","0.833333"
"3023360566","2082941608","0.833333"
"2022361079","2122812212","0.333333"
"2122812212","2022361079","0.333333"
"2082941608","2164400772","0.5"
"2164400772","2082941608","0.5"
"2037560604","3023360566","0.5"
"3023360566","2037560604","0.5"
"2073447032","2123094505","0.25"
"2123094505","2073447032","0.25"
"2082941608","2123094505","0.25"
"2123094505","2082941608","0.25"
"2123094505","2153902607","0.25"
"2153902607","2123094505","0.25"
"2123094505","2230830246","0.25"
"2230830246","2123094505","0.25"
"2082767672","2141465732","1"
"2141465732","2082767672","1"
"2082767672","2109089300","2"
"2109089300","2082767672","2"
"2082767672","2084761702","1"
"2084761702","2082767672","1"
"2082767672","2151744983","1"
"2151744983","2082767672","1"
"2082941608","2169530972","0.5"
"2169530972","2082941608","0.5"
"2082941608","2535959639","0.5"
"2535959639","2082941608","0.5"
"2169530972","2535959639","0.5"
"2535959639","2169530972","0.5"
"2101554223","2110474297","1"
"2110474297","2101554223","1"
"2109089300","2230830246","11"
"2230830246","2109089300","11"
"2109089300","2110474297","3"
"2110474297","2109089300","3"
"2122812212","2123094505","1.5"
"2123094505","2122812212","1.5"
"2122812212","2164961562","0.5"
"2164961562","2122812212","0.5"
"2123094505","2164961562","1"
"2164961562","2123094505","1"
"2122812212","2753835574","0.5"
"2753835574","2122812212","0.5"
"2122812212","2910957803","0.5"
"2910957803","2122812212","0.5"
"2123094505","2406352087","0.5"
"2406352087","2123094505","0.5"
"2164961562","2406352087","1.5"
"2406352087","2164961562","1.5"
"2127114249","2147916722","6.33333"
"2147916722","2127114249","6.33333"
"2127114249","2151744983","0.333333"
"2151744983","2127114249","0.333333"
"2127114249","2230830246","0.333333"
"2230830246","2127114249","0.333333"
"2147916722","2151744983","4.33333"
"2151744983","2147916722","4.33333"
"2151744983","2230830246","2.33333"
"2230830246","2151744983","2.33333"
"2397216586","2406352087","2.5"
"2406352087","2397216586","2.5"
"2397216586","2535959639","2"
"2535959639","2397216586","2"
"2406352087","2423498467","0.5"
"2423498467","2406352087","0.5"
"2538129730","3023360566","1"
"3023360566","2538129730","1"
"2611325612","2795099423","1"
"2795099423","2611325612","1"
"2910957803","2933832028","1"
"2933832028","2910957803","1"
