"104909239","1519606823","2.25"
"1519606823","104909239","2.25"
"104909239","2015551056","3.25"
"2015551056","104909239","3.25"
"104909239","2143309843","11.25"
"2143309843","104909239","11.25"
"1519606823","2015551056","21.25"
"2015551056","1519606823","21.25"
"1519606823","2143309843","23.25"
"2143309843","1519606823","23.25"
"2015551056","2143309843","127.893"
"2143309843","2015551056","127.893"
"104909239","2168358004","2.25"
"2168358004","104909239","2.25"
"1519606823","2168358004","9.58333"
"2168358004","1519606823","9.58333"
"2015551056","2168358004","27.2595"
"2168358004","2015551056","27.2595"
"2143309843","2168358004","22.8929"
"2168358004","2143309843","22.8929"
"113522833","2160660844","11.3"
"2160660844","113522833","11.3"
"113522833","2141631351","3.85"
"2141631351","113522833","3.85"
"2141631351","2160660844","425.965"
"2160660844","2141631351","425.965"
"113522833","7939015","1.31667"
"7939015","113522833","1.31667"
"2141631351","7939015","4.79087"
"7939015","2141631351","4.79087"
"2160660844","7939015","20.4075"
"7939015","2160660844","20.4075"
"113522833","1581485226","6.01667"
"1581485226","113522833","6.01667"
"113522833","2052935438","0.25"
"2052935438","113522833","0.25"
"113522833","2103063352","0.25"
"2103063352","113522833","0.25"
"113522833","2105689297","0.25"
"2105689297","113522833","0.25"
"113522833","2159359879","0.45"
"2159359879","113522833","0.45"
"2052935438","2103063352","0.375"
"2103063352","2052935438","0.375"
"2052935438","2105689297","0.375"
"2105689297","2052935438","0.375"
"2052935438","2159359879","0.791667"
"2159359879","2052935438","0.791667"
"2103063352","2105689297","18.829"
"2105689297","2103063352","18.829"
"2103063352","2159359879","59.2227"
"2159359879","2103063352","59.2227"
"2105689297","2159359879","23.9302"
"2159359879","2105689297","23.9302"
"113522833","1964613733","1.9"
"1964613733","113522833","1.9"
"1964613733","2160660844","357.687"
"2160660844","1964613733","357.687"
"113522833","2154642793","0.2"
"2154642793","113522833","0.2"
"1581485226","1964613733","70.4456"
"1964613733","1581485226","70.4456"
"1581485226","2141631351","129.998"
"2141631351","1581485226","129.998"
"1581485226","2154642793","8.06667"
"2154642793","1581485226","8.06667"
"1581485226","2160660844","302.565"
"2160660844","1581485226","302.565"
"1964613733","2141631351","72.8294"
"2141631351","1964613733","72.8294"
"1964613733","2154642793","1.77143"
"2154642793","1964613733","1.77143"
"2141631351","2154642793","4.97143"
"2154642793","2141631351","4.97143"
"2154642793","2160660844","17.6714"
"2160660844","2154642793","17.6714"
"113522833","1995866178","0.45"
"1995866178","113522833","0.45"
"113522833","2044185127","0.2"
"2044185127","113522833","0.2"
"1581485226","1995866178","0.783333"
"1995866178","1581485226","0.783333"
"1581485226","2044185127","2.2"
"2044185127","1581485226","2.2"
"1581485226","7939015","8.88611"
"7939015","1581485226","8.88611"
"1995866178","2044185127","12.5667"
"2044185127","1995866178","12.5667"
"1995866178","2160660844","7.93333"
"2160660844","1995866178","7.93333"
"1995866178","7939015","2.03333"
"7939015","1995866178","2.03333"
"2044185127","2160660844","4.36667"
"2160660844","2044185127","4.36667"
"2044185127","7939015","2.53333"
"7939015","2044185127","2.53333"
"113522833","1988772356","2.11667"
"1988772356","113522833","2.11667"
"1581485226","1988772356","18.025"
"1988772356","1581485226","18.025"
"1988772356","2141631351","18.3742"
"2141631351","1988772356","18.3742"
"113522833","2337835951","0.25"
"2337835951","113522833","0.25"
"1581485226","2337835951","4.08333"
"2337835951","1581485226","4.08333"
"1995866178","2337835951","0.45"
"2337835951","1995866178","0.45"
"2160660844","2337835951","4.78333"
"2337835951","2160660844","4.78333"
"1964613733","1988772356","10.3742"
"1988772356","1964613733","10.3742"
"1964613733","7939015","5.50754"
"7939015","1964613733","5.50754"
"1988772356","2160660844","45.052"
"2160660844","1988772356","45.052"
"1988772356","7939015","9.42976"
"7939015","1988772356","9.42976"
"113522833","2338448737","0.5"
"2338448737","113522833","0.5"
"2160660844","2338448737","12.2333"
"2338448737","2160660844","12.2333"
"113522833","1988931981","0.5"
"1988931981","113522833","0.5"
"1988931981","2160660844","70.1048"
"2160660844","1988931981","70.1048"
"113522833","893486657","1"
"893486657","113522833","1"
"113522833","2742657630","1"
"2742657630","113522833","1"
"113522833","2026691180","0.2"
"2026691180","113522833","0.2"
"1581485226","2026691180","8.96667"
"2026691180","1581485226","8.96667"
"1581485226","2159359879","5.99802"
"2159359879","1581485226","5.99802"
"2026691180","2141631351","5.64087"
"2141631351","2026691180","5.64087"
"2026691180","2159359879","0.785317"
"2159359879","2026691180","0.785317"
"2026691180","2160660844","20.6187"
"2160660844","2026691180","20.6187"
"2141631351","2159359879","8.17222"
"2159359879","2141631351","8.17222"
"2159359879","2160660844","21.2881"
"2160660844","2159359879","21.2881"
"14576171","2134510195","24.25"
"2134510195","14576171","24.25"
"14576171","1593505700","2.83333"
"1593505700","14576171","2.83333"
"1593505700","2134510195","17.8333"
"2134510195","1593505700","17.8333"
"14576171","2000106226","1"
"2000106226","14576171","1"
"14576171","2016266039","0.516667"
"2016266039","14576171","0.516667"
"14576171","2047756776","0.516667"
"2047756776","14576171","0.516667"
"14576171","2103063352","0.516667"
"2103063352","14576171","0.516667"
"2016266039","2047756776","36.2016"
"2047756776","2016266039","36.2016"
"2016266039","2103063352","23.9104"
"2103063352","2016266039","23.9104"
"2016266039","2134510195","1.09127"
"2134510195","2016266039","1.09127"
"2047756776","2103063352","70.025"
"2103063352","2047756776","70.025"
"2047756776","2134510195","3.90238"
"2134510195","2047756776","3.90238"
"2103063352","2134510195","1.09127"
"2134510195","2103063352","1.09127"
"14576171","2154642793","1"
"2154642793","14576171","1"
"14576171","2059733647","0.933333"
"2059733647","14576171","0.933333"
"1593505700","2059733647","1.33333"
"2059733647","1593505700","1.33333"
"14576171","2338448737","0.5"
"2338448737","14576171","0.5"
"2134510195","2338448737","0.5"
"2338448737","2134510195","0.5"
"14576171","2089124807","0.1"
"2089124807","14576171","0.1"
"14576171","2112213600","0.266667"
"2112213600","14576171","0.266667"
"14576171","2159359879","0.266667"
"2159359879","14576171","0.266667"
"14576171","2189187207","0.1"
"2189187207","14576171","0.1"
"14576171","2604992511","0.1"
"2604992511","14576171","0.1"
"14576171","893486657","1.1"
"893486657","14576171","1.1"
"2016266039","2059733647","6.49448"
"2059733647","2016266039","6.49448"
"2016266039","2089124807","9.85238"
"2089124807","2016266039","9.85238"
"2016266039","2112213600","15.9663"
"2112213600","2016266039","15.9663"
"2016266039","2159359879","26.5064"
"2159359879","2016266039","26.5064"
"2016266039","2189187207","19.2488"
"2189187207","2016266039","19.2488"
"2016266039","2604992511","3.10119"
"2604992511","2016266039","3.10119"
"2016266039","893486657","11.9901"
"893486657","2016266039","11.9901"
"2047756776","2059733647","8.94726"
"2059733647","2047756776","8.94726"
"2047756776","2089124807","44.8274"
"2089124807","2047756776","44.8274"
"2047756776","2112213600","34.1143"
"2112213600","2047756776","34.1143"
"2047756776","2159359879","93.6183"
"2159359879","2047756776","93.6183"
"2047756776","2189187207","25.4469"
"2189187207","2047756776","25.4469"
"2047756776","2604992511","4.12738"
"2604992511","2047756776","4.12738"
"2047756776","893486657","32.9413"
"893486657","2047756776","32.9413"
"2059733647","2089124807","2.43056"
"2089124807","2059733647","2.43056"
"2059733647","2103063352","4.4044"
"2103063352","2059733647","4.4044"
"2059733647","2112213600","3.41948"
"2112213600","2059733647","3.41948"
"2059733647","2159359879","2.96154"
"2159359879","2059733647","2.96154"
"2059733647","2189187207","5.56392"
"2189187207","2059733647","5.56392"
"2059733647","2604992511","1.18333"
"2604992511","2059733647","1.18333"
"2059733647","893486657","4.00996"
"893486657","2059733647","4.00996"
"2089124807","2103063352","23.2524"
"2103063352","2089124807","23.2524"
"2089124807","2112213600","19.569"
"2112213600","2089124807","19.569"
"2089124807","2159359879","36.5512"
"2159359879","2089124807","36.5512"
"2089124807","2189187207","9.78373"
"2189187207","2089124807","9.78373"
"2089124807","2604992511","0.760714"
"2604992511","2089124807","0.760714"
"2089124807","893486657","8.86389"
"893486657","2089124807","8.86389"
"2103063352","2112213600","26.0508"
"2112213600","2103063352","26.0508"
"2103063352","2189187207","19.5167"
"2189187207","2103063352","19.5167"
"2103063352","2604992511","3.62738"
"2604992511","2103063352","3.62738"
"2103063352","893486657","20.8611"
"893486657","2103063352","20.8611"
"2112213600","2159359879","25.8619"
"2159359879","2112213600","25.8619"
"2112213600","2189187207","15.3893"
"2189187207","2112213600","15.3893"
"2112213600","2604992511","4.05119"
"2604992511","2112213600","4.05119"
"2112213600","893486657","12.41"
"893486657","2112213600","12.41"
"2159359879","2189187207","19.885"
"2189187207","2159359879","19.885"
"2159359879","2604992511","2.38452"
"2604992511","2159359879","2.38452"
"2159359879","893486657","17.4223"
"893486657","2159359879","17.4223"
"2189187207","2604992511","2.51071"
"2604992511","2189187207","2.51071"
"2189187207","893486657","16.1663"
"893486657","2189187207","16.1663"
"2604992511","893486657","3.55952"
"893486657","2604992511","3.55952"
"2112213600","2134510195","0.916667"
"2134510195","2112213600","0.916667"
"2134510195","2159359879","1.73571"
"2159359879","2134510195","1.73571"
"2059733647","2134510195","5.64444"
"2134510195","2059733647","5.64444"
"1487850114","2109272824","4.78333"
"2109272824","1487850114","4.78333"
"1487850114","2131289833","1.41667"
"2131289833","1487850114","1.41667"
"2109272824","2131289833","15.9167"
"2131289833","2109272824","15.9167"
"1487850114","2000106226","0.833333"
"2000106226","1487850114","0.833333"
"1487850114","2045816045","5.11667"
"2045816045","1487850114","5.11667"
"2000106226","2045816045","19.3167"
"2045816045","2000106226","19.3167"
"1487850114","2089124807","0.333333"
"2089124807","1487850114","0.333333"
"1487850114","2137676449","2.28333"
"2137676449","1487850114","2.28333"
"2089124807","2109272824","0.333333"
"2109272824","2089124807","0.333333"
"2089124807","2137676449","0.333333"
"2137676449","2089124807","0.333333"
"2109272824","2137676449","26.6833"
"2137676449","2109272824","26.6833"
"1487850114","2058229424","0.833333"
"2058229424","1487850114","0.833333"
"1487850114","2074574866","0.333333"
"2074574866","1487850114","0.333333"
"2058229424","2074574866","0.333333"
"2074574866","2058229424","0.333333"
"2058229424","2131289833","0.333333"
"2131289833","2058229424","0.333333"
"2074574866","2131289833","0.833333"
"2131289833","2074574866","0.833333"
"1487850114","2001984234","0.333333"
"2001984234","1487850114","0.333333"
"2001984234","2045816045","6.28333"
"2045816045","2001984234","6.28333"
"2001984234","2131289833","0.333333"
"2131289833","2001984234","0.333333"
"2045816045","2131289833","10.4167"
"2131289833","2045816045","10.4167"
"1487850114","2154642793","0.333333"
"2154642793","1487850114","0.333333"
"2000106226","2154642793","44.95"
"2154642793","2000106226","44.95"
"2045816045","2154642793","49.25"
"2154642793","2045816045","49.25"
"2045816045","2109272824","13.4333"
"2109272824","2045816045","13.4333"
"2045816045","2137676449","10.4"
"2137676449","2045816045","10.4"
"2131289833","2137676449","9.33333"
"2137676449","2131289833","9.33333"
"1487850114","2124938353","1"
"2124938353","1487850114","1"
"2045816045","2058229424","4.7"
"2058229424","2045816045","4.7"
"1487850114","2008881019","0.2"
"2008881019","1487850114","0.2"
"1487850114","2156754096","0.2"
"2156754096","1487850114","0.2"
"2008881019","2045816045","7.48333"
"2045816045","2008881019","7.48333"
"2008881019","2109272824","4.35"
"2109272824","2008881019","4.35"
"2008881019","2137676449","2.7"
"2137676449","2008881019","2.7"
"2008881019","2156754096","0.2"
"2156754096","2008881019","0.2"
"2045816045","2156754096","10.4833"
"2156754096","2045816045","10.4833"
"2109272824","2156754096","4.03333"
"2156754096","2109272824","4.03333"
"2137676449","2156754096","1.86667"
"2156754096","2137676449","1.86667"
"1492472380","2015551056","1"
"2015551056","1492472380","1"
"1519606823","2027864253","3.5"
"2027864253","1519606823","3.5"
"2027864253","2143309843","13.8333"
"2143309843","2027864253","13.8333"
"1519606823","1989338554","2.83333"
"1989338554","1519606823","2.83333"
"1989338554","2143309843","15.1429"
"2143309843","1989338554","15.1429"
"1519606823","2160660844","0.666667"
"2160660844","1519606823","0.666667"
"2015551056","2160660844","4.84286"
"2160660844","2015551056","4.84286"
"2143309843","2160660844","1.39286"
"2160660844","2143309843","1.39286"
"1519606823","2138480559","1.16667"
"2138480559","1519606823","1.16667"
"2015551056","2138480559","4.33333"
"2138480559","2015551056","4.33333"
"2138480559","2168358004","3.66667"
"2168358004","2138480559","3.66667"
"1989338554","2138480559","0.333333"
"2138480559","1989338554","0.333333"
"1989338554","2168358004","0.47619"
"2168358004","1989338554","0.47619"
"1519606823","2052889856","0.833333"
"2052889856","1519606823","0.833333"
"2027864253","2052889856","0.5"
"2052889856","2027864253","0.5"
"2015551056","2027864253","5.16667"
"2027864253","2015551056","5.16667"
"2027864253","2168358004","6.66667"
"2168358004","2027864253","6.66667"
"1519606823","2478318369","0.333333"
"2478318369","1519606823","0.333333"
"2015551056","2478318369","2.66667"
"2478318369","2015551056","2.66667"
"2143309843","2478318369","4.66667"
"2478318369","2143309843","4.66667"
"1989338554","2015551056","12.1429"
"2015551056","1989338554","12.1429"
"1519606823","1846563554","0.333333"
"1846563554","1519606823","0.333333"
"1846563554","2015551056","0.333333"
"2015551056","1846563554","0.333333"
"1846563554","2143309843","0.333333"
"2143309843","1846563554","0.333333"
"1989338554","2052889856","4.30952"
"2052889856","1989338554","4.30952"
"2015551056","2052889856","3.14286"
"2052889856","2015551056","3.14286"
"2138480559","2143309843","2.5"
"2143309843","2138480559","2.5"
"1534018075","1995207790","0.5"
"1995207790","1534018075","0.5"
"1534018075","2016279377","0.5"
"2016279377","1534018075","0.5"
"1995207790","2016279377","15.3111"
"2016279377","1995207790","15.3111"
"1534018075","1964613733","1.33333"
"1964613733","1534018075","1.33333"
"1534018075","2141631351","0.333333"
"2141631351","1534018075","0.333333"
"1534018075","2160660844","1.83333"
"2160660844","1534018075","1.83333"
"1534018075","1977649983","0.5"
"1977649983","1534018075","0.5"
"1977649983","2160660844","0.5"
"2160660844","1977649983","0.5"
"1549544191","2044958453","4"
"2044958453","1549544191","4"
"1549544191","2168358004","1"
"2168358004","1549544191","1"
"1558230679","2082322375","11.5"
"2082322375","1558230679","11.5"
"1558230679","2171111204","5"
"2171111204","1558230679","5"
"1558230679","2000106226","2.5"
"2000106226","1558230679","2.5"
"1558230679","2109272824","3.5"
"2109272824","1558230679","3.5"
"1558230679","2144791381","0.5"
"2144791381","1558230679","0.5"
"2109272824","2144791381","2.7"
"2144791381","2109272824","2.7"
"1558230679","2154642793","1.83333"
"2154642793","1558230679","1.83333"
"1558230679","2397017496","0.333333"
"2397017496","1558230679","0.333333"
"2082322375","2154642793","1.83333"
"2154642793","2082322375","1.83333"
"2082322375","2397017496","0.333333"
"2397017496","2082322375","0.333333"
"2154642793","2397017496","0.333333"
"2397017496","2154642793","0.333333"
"1558230679","2124938353","0.666667"
"2124938353","1558230679","0.666667"
"1558230679","2552180923","0.333333"
"2552180923","1558230679","0.333333"
"2082322375","2124938353","12"
"2124938353","2082322375","12"
"2082322375","2552180923","0.333333"
"2552180923","2082322375","0.333333"
"2124938353","2552180923","0.333333"
"2552180923","2124938353","0.333333"
"2000106226","2082322375","0.5"
"2082322375","2000106226","0.5"
"1558230679","2042779643","0.333333"
"2042779643","1558230679","0.333333"
"2042779643","2082322375","1.33333"
"2082322375","2042779643","1.33333"
"2042779643","2124938353","0.333333"
"2124938353","2042779643","0.333333"
"1558230679","2137676449","5.5"
"2137676449","1558230679","5.5"
"1558230679","2142827986","0.5"
"2142827986","1558230679","0.5"
"2137676449","2142827986","0.5"
"2142827986","2137676449","0.5"
"1558230679","1984075651","0.5"
"1984075651","1558230679","0.5"
"1984075651","2082322375","0.5"
"2082322375","1984075651","0.5"
"1567313600","2154642793","62.3333"
"2154642793","1567313600","62.3333"
"1567313600","2045816045","1.25"
"2045816045","1567313600","1.25"
"1567313600","2000106226","5.83333"
"2000106226","1567313600","5.83333"
"1567313600","1578151950","2.58333"
"1578151950","1567313600","2.58333"
"1578151950","2154642793","49.0833"
"2154642793","1578151950","49.0833"
"1567313600","2142827986","1.5"
"2142827986","1567313600","1.5"
"1578151950","2000106226","1.58333"
"2000106226","1578151950","1.58333"
"1567313600","2074574866","1.5"
"2074574866","1567313600","1.5"
"2074574866","2154642793","9"
"2154642793","2074574866","9"
"1567313600","1588990136","0.25"
"1588990136","1567313600","0.25"
"1578151950","1588990136","0.75"
"1588990136","1578151950","0.75"
"1588990136","2000106226","0.25"
"2000106226","1588990136","0.25"
"1588990136","2154642793","0.75"
"2154642793","1588990136","0.75"
"1567313600","2080803766","0.5"
"2080803766","1567313600","0.5"
"2080803766","2154642793","6"
"2154642793","2080803766","6"
"2142827986","2154642793","14.5"
"2154642793","2142827986","14.5"
"1567313600","2156754096","0.25"
"2156754096","1567313600","0.25"
"2000106226","2156754096","2.28333"
"2156754096","2000106226","2.28333"
"2154642793","2156754096","7.08333"
"2156754096","2154642793","7.08333"
"1577893162","2045816045","2.2"
"2045816045","1577893162","2.2"
"1577893162","2000106226","4.7"
"2000106226","1577893162","4.7"
"1577893162","2058229424","0.2"
"2058229424","1577893162","0.2"
"1577893162","2080803766","0.2"
"2080803766","1577893162","0.2"
"1577893162","2156754096","1.03333"
"2156754096","1577893162","1.03333"
"2000106226","2058229424","0.2"
"2058229424","2000106226","0.2"
"2000106226","2080803766","1.7"
"2080803766","2000106226","1.7"
"2045816045","2080803766","0.2"
"2080803766","2045816045","0.2"
"2058229424","2080803766","0.2"
"2080803766","2058229424","0.2"
"2058229424","2156754096","1.03333"
"2156754096","2058229424","1.03333"
"2080803766","2156754096","0.2"
"2156754096","2080803766","0.2"
"1577893162","2154642793","12.5"
"2154642793","1577893162","12.5"
"1577893162","2124938353","1"
"2124938353","1577893162","1"
"1577893162","1599651760","1"
"1599651760","1577893162","1"
"1577893162","1578151950","0.5"
"1578151950","1577893162","0.5"
"1577893162","2131289833","0.833333"
"2131289833","1577893162","0.833333"
"1577893162","2137676449","0.333333"
"2137676449","1577893162","0.333333"
"2131289833","2156754096","2.33333"
"2156754096","2131289833","2.33333"
"1577893162","2109272824","0.5"
"2109272824","1577893162","0.5"
"2109272824","2154642793","13.9"
"2154642793","2109272824","13.9"
"1578151950","1984075651","0.5"
"1984075651","1578151950","0.5"
"1984075651","2154642793","19.5"
"2154642793","1984075651","19.5"
"1578151950","2142827986","1"
"2142827986","1578151950","1"
"1581485226","2478318369","0.5"
"2478318369","1581485226","0.5"
"2160660844","2478318369","1.5"
"2478318369","2160660844","1.5"
"1581485226","1988931981","16.2861"
"1988931981","1581485226","16.2861"
"1988772356","1988931981","1.40198"
"1988931981","1988772356","1.40198"
"1988931981","2141631351","34.3437"
"2141631351","1988931981","34.3437"
"1964613733","1988931981","9.96032"
"1988931981","1964613733","9.96032"
"1581485226","2047756776","10.0813"
"2047756776","1581485226","10.0813"
"2047756776","2160660844","95.7643"
"2160660844","2047756776","95.7643"
"1581485226","2052935438","15.8917"
"2052935438","1581485226","15.8917"
"1964613733","2052935438","16.8083"
"2052935438","1964613733","16.8083"
"2052935438","2141631351","17.9417"
"2141631351","2052935438","17.9417"
"2052935438","2160660844","65.8417"
"2160660844","2052935438","65.8417"
"1964613733","2026691180","13.0242"
"2026691180","1964613733","13.0242"
"2026691180","2052935438","3.65"
"2052935438","2026691180","3.65"
"2047756776","2141631351","18.4556"
"2141631351","2047756776","18.4556"
"1581485226","2103063352","2.6869"
"2103063352","1581485226","2.6869"
"1988772356","2103063352","0.729762"
"2103063352","1988772356","0.729762"
"2103063352","2141631351","1.95833"
"2141631351","2103063352","1.95833"
"2103063352","2160660844","9.37821"
"2160660844","2103063352","9.37821"
"2103063352","7939015","0.313095"
"7939015","2103063352","0.313095"
"1964613733","2159359879","3.84408"
"2159359879","1964613733","3.84408"
"1988931981","2052935438","2.49167"
"2052935438","1988931981","2.49167"
"1988931981","2159359879","2.02143"
"2159359879","1988931981","2.02143"
"1988772356","2052935438","1.90833"
"2052935438","1988772356","1.90833"
"2047756776","2052935438","0.658333"
"2052935438","2047756776","0.658333"
"1581485226","2142367865","0.2"
"2142367865","1581485226","0.2"
"1581485226","2151496648","0.2"
"2151496648","1581485226","0.2"
"2141631351","2142367865","0.7"
"2142367865","2141631351","0.7"
"2141631351","2151496648","0.7"
"2151496648","2141631351","0.7"
"2142367865","2151496648","3.7"
"2151496648","2142367865","3.7"
"2142367865","2154642793","0.2"
"2154642793","2142367865","0.2"
"2142367865","2160660844","0.2"
"2160660844","2142367865","0.2"
"2151496648","2154642793","0.2"
"2154642793","2151496648","0.2"
"2151496648","2160660844","1.2"
"2160660844","2151496648","1.2"
"1581485226","180238871","0.733333"
"180238871","1581485226","0.733333"
"180238871","1964613733","0.9"
"1964613733","180238871","0.9"
"180238871","1988931981","0.733333"
"1988931981","180238871","0.733333"
"180238871","2141631351","1.73333"
"2141631351","180238871","1.73333"
"180238871","2160660844","1.56667"
"2160660844","180238871","1.56667"
"1988931981","2026691180","7.15198"
"2026691180","1988931981","7.15198"
"1964613733","2047756776","19.4941"
"2047756776","1964613733","19.4941"
"2047756776","2154642793","1.07143"
"2154642793","2047756776","1.07143"
"1581485226","2250629460","1.125"
"2250629460","1581485226","1.125"
"2160660844","2250629460","16.625"
"2250629460","2160660844","16.625"
"1581485226","2143309843","1.58333"
"2143309843","1581485226","1.58333"
"2141631351","2143309843","0.392857"
"2143309843","2141631351","0.392857"
"2143309843","2154642793","0.583333"
"2154642793","2143309843","0.583333"
"1581485226","2015551056","0.866667"
"2015551056","1581485226","0.866667"
"1581485226","2027864253","0.333333"
"2027864253","1581485226","0.333333"
"1581485226","2105689297","0.295635"
"2105689297","1581485226","0.295635"
"1964613733","2103063352","2.33019"
"2103063352","1964613733","2.33019"
"1964613733","2105689297","0.944084"
"2105689297","1964613733","0.944084"
"2047756776","2105689297","24.6897"
"2105689297","2047756776","24.6897"
"2105689297","2141631351","2.26984"
"2141631351","2105689297","2.26984"
"2105689297","2160660844","3.11353"
"2160660844","2105689297","3.11353"
"1581485226","2126200466","0.527381"
"2126200466","1581485226","0.527381"
"1988772356","2126200466","0.525"
"2126200466","1988772356","0.525"
"1988931981","2126200466","1.35833"
"2126200466","1988931981","1.35833"
"2052935438","2126200466","0.658333"
"2126200466","2052935438","0.658333"
"2126200466","2160660844","11.8107"
"2160660844","2126200466","11.8107"
"2015551056","2141631351","1.67619"
"2141631351","2015551056","1.67619"
"1988772356","1995866178","0.333333"
"1995866178","1988772356","0.333333"
"1581485226","2089124807","2.70278"
"2089124807","1581485226","2.70278"
"2089124807","2141631351","2.34365"
"2141631351","2089124807","2.34365"
"2089124807","2160660844","8.92976"
"2160660844","2089124807","8.92976"
"1988931981","2047756776","7.97143"
"2047756776","1988931981","7.97143"
"1964613733","2250629460","1.875"
"2250629460","1964613733","1.875"
"1581485226","1995207790","1.2"
"1995207790","1581485226","1.2"
"1581485226","2016279377","1.2"
"2016279377","1581485226","1.2"
"1964613733","1995207790","3.03333"
"1995207790","1964613733","3.03333"
"1964613733","2016279377","1.7"
"2016279377","1964613733","1.7"
"1995207790","2141631351","2.2"
"2141631351","1995207790","2.2"
"1995207790","2160660844","6.64444"
"2160660844","1995207790","6.64444"
"2016279377","2141631351","2.2"
"2141631351","2016279377","2.2"
"2016279377","2160660844","9.81111"
"2160660844","2016279377","9.81111"
"1581485226","2156933946","0.619048"
"2156933946","1581485226","0.619048"
"2141631351","2156933946","0.619048"
"2156933946","2141631351","0.619048"
"2156933946","2159359879","0.619048"
"2159359879","2156933946","0.619048"
"1581485226","2138480559","0.333333"
"2138480559","1581485226","0.333333"
"1964613733","2138480559","0.333333"
"2138480559","1964613733","0.333333"
"2138480559","2160660844","0.333333"
"2160660844","2138480559","0.333333"
"2052935438","2154642793","1.08333"
"2154642793","2052935438","1.08333"
"2047756776","7939015","1.47421"
"7939015","2047756776","1.47421"
"1581485226","2099381792","0.166667"
"2099381792","1581485226","0.166667"
"1581485226","2112213600","0.475"
"2112213600","1581485226","0.475"
"2047756776","2099381792","0.238095"
"2099381792","2047756776","0.238095"
"2099381792","2103063352","0.238095"
"2103063352","2099381792","0.238095"
"2099381792","2112213600","0.166667"
"2112213600","2099381792","0.166667"
"2099381792","2159359879","0.238095"
"2159359879","2099381792","0.238095"
"2099381792","2160660844","1.57143"
"2160660844","2099381792","1.57143"
"2112213600","2160660844","3.25599"
"2160660844","2112213600","3.25599"
"1581485226","1975236265","0.0416667"
"1975236265","1581485226","0.0416667"
"1581485226","1985685606","0.0416667"
"1985685606","1581485226","0.0416667"
"1581485226","1991819034","1.29167"
"1991819034","1581485226","1.29167"
"1581485226","2016266039","0.391667"
"2016266039","1581485226","0.391667"
"1581485226","2059733647","0.0416667"
"2059733647","1581485226","0.0416667"
"1581485226","2150281577","0.291667"
"2150281577","1581485226","0.291667"
"1581485226","2189187207","0.391667"
"2189187207","1581485226","0.391667"
"1581485226","2192783609","0.0416667"
"2192783609","1581485226","0.0416667"
"1581485226","893486657","0.141667"
"893486657","1581485226","0.141667"
"1964613733","1975236265","0.0416667"
"1975236265","1964613733","0.0416667"
"1964613733","1985685606","0.0416667"
"1985685606","1964613733","0.0416667"
"1964613733","1991819034","0.291667"
"1991819034","1964613733","0.291667"
"1964613733","2016266039","0.299242"
"2016266039","1964613733","0.299242"
"1964613733","2059733647","0.132576"
"2059733647","1964613733","0.132576"
"1964613733","2089124807","1.82698"
"2089124807","1964613733","1.82698"
"1964613733","2112213600","0.799242"
"2112213600","1964613733","0.799242"
"1964613733","2126200466","1.65833"
"2126200466","1964613733","1.65833"
"1964613733","2150281577","0.729762"
"2150281577","1964613733","0.729762"
"1964613733","2189187207","0.382576"
"2189187207","1964613733","0.382576"
"1964613733","2192783609","0.132576"
"2192783609","1964613733","0.132576"
"1964613733","893486657","0.132576"
"893486657","1964613733","0.132576"
"1975236265","1985685606","0.0416667"
"1985685606","1975236265","0.0416667"
"1975236265","1988772356","0.0416667"
"1988772356","1975236265","0.0416667"
"1975236265","1988931981","0.0416667"
"1988931981","1975236265","0.0416667"
"1975236265","1991819034","0.0416667"
"1991819034","1975236265","0.0416667"
"1975236265","2016266039","0.541667"
"2016266039","1975236265","0.541667"
"1975236265","2047756776","0.0416667"
"2047756776","1975236265","0.0416667"
"1975236265","2052935438","0.0416667"
"2052935438","1975236265","0.0416667"
"1975236265","2059733647","0.0416667"
"2059733647","1975236265","0.0416667"
"1975236265","2089124807","0.0416667"
"2089124807","1975236265","0.0416667"
"1975236265","2103063352","0.0416667"
"2103063352","1975236265","0.0416667"
"1975236265","2105689297","0.0416667"
"2105689297","1975236265","0.0416667"
"1975236265","2112213600","0.0416667"
"2112213600","1975236265","0.0416667"
"1975236265","2126200466","0.0416667"
"2126200466","1975236265","0.0416667"
"1975236265","2141631351","0.0416667"
"2141631351","1975236265","0.0416667"
"1975236265","2150281577","0.0416667"
"2150281577","1975236265","0.0416667"
"1975236265","2159359879","0.0416667"
"2159359879","1975236265","0.0416667"
"1975236265","2160660844","0.0416667"
"2160660844","1975236265","0.0416667"
"1975236265","2189187207","0.541667"
"2189187207","1975236265","0.541667"
"1975236265","2192783609","0.0416667"
"2192783609","1975236265","0.0416667"
"1975236265","2250629460","0.0416667"
"2250629460","1975236265","0.0416667"
"1975236265","7939015","0.0416667"
"7939015","1975236265","0.0416667"
"1975236265","893486657","0.0416667"
"893486657","1975236265","0.0416667"
"1985685606","1988772356","0.0416667"
"1988772356","1985685606","0.0416667"
"1985685606","1988931981","0.0416667"
"1988931981","1985685606","0.0416667"
"1985685606","1991819034","0.0416667"
"1991819034","1985685606","0.0416667"
"1985685606","2016266039","0.241667"
"2016266039","1985685606","0.241667"
"1985685606","2047756776","3.34444"
"2047756776","1985685606","3.34444"
"1985685606","2052935438","0.0416667"
"2052935438","1985685606","0.0416667"
"1985685606","2059733647","0.777778"
"2059733647","1985685606","0.777778"
"1985685606","2089124807","0.152778"
"2089124807","1985685606","0.152778"
"1985685606","2103063352","0.811111"
"2103063352","1985685606","0.811111"
"1985685606","2105689297","0.241667"
"2105689297","1985685606","0.241667"
"1985685606","2112213600","0.611111"
"2112213600","1985685606","0.611111"
"1985685606","2126200466","0.0416667"
"2126200466","1985685606","0.0416667"
"1985685606","2141631351","0.0416667"
"2141631351","1985685606","0.0416667"
"1985685606","2150281577","0.0416667"
"2150281577","1985685606","0.0416667"
"1985685606","2159359879","0.977778"
"2159359879","1985685606","0.977778"
"1985685606","2160660844","2.04167"
"2160660844","1985685606","2.04167"
"1985685606","2189187207","3.14444"
"2189187207","1985685606","3.14444"
"1985685606","2192783609","1.47778"
"2192783609","1985685606","1.47778"
"1985685606","2250629460","0.0416667"
"2250629460","1985685606","0.0416667"
"1985685606","7939015","0.0416667"
"7939015","1985685606","0.0416667"
"1985685606","893486657","1.23333"
"893486657","1985685606","1.23333"
"1988772356","1991819034","0.375"
"1991819034","1988772356","0.375"
"1988772356","2016266039","0.152778"
"2016266039","1988772356","0.152778"
"1988772356","2047756776","1.75198"
"2047756776","1988772356","1.75198"
"1988772356","2059733647","0.0416667"
"2059733647","1988772356","0.0416667"
"1988772356","2089124807","1.47421"
"2089124807","1988772356","1.47421"
"1988772356","2105689297","0.640873"
"2105689297","1988772356","0.640873"
"1988772356","2112213600","0.0416667"
"2112213600","1988772356","0.0416667"
"1988772356","2150281577","0.196429"
"2150281577","1988772356","0.196429"
"1988772356","2159359879","1.16865"
"2159359879","1988772356","1.16865"
"1988772356","2189187207","0.0416667"
"2189187207","1988772356","0.0416667"
"1988772356","2192783609","0.152778"
"2192783609","1988772356","0.152778"
"1988772356","2250629460","0.0416667"
"2250629460","1988772356","0.0416667"
"1988772356","893486657","0.0416667"
"893486657","1988772356","0.0416667"
"1988931981","1991819034","1.29167"
"1991819034","1988931981","1.29167"
"1988931981","2016266039","0.152778"
"2016266039","1988931981","0.152778"
"1988931981","2059733647","0.0416667"
"2059733647","1988931981","0.0416667"
"1988931981","2089124807","1.49365"
"2089124807","1988931981","1.49365"
"1988931981","2103063352","1.0631"
"2103063352","1988931981","1.0631"
"1988931981","2105689297","1.16032"
"2105689297","1988931981","1.16032"
"1988931981","2112213600","0.408333"
"2112213600","1988931981","0.408333"
"1988931981","2150281577","1.69643"
"2150281577","1988931981","1.69643"
"1988931981","2189187207","1.04167"
"2189187207","1988931981","1.04167"
"1988931981","2192783609","0.152778"
"2192783609","1988931981","0.152778"
"1988931981","2250629460","0.0416667"
"2250629460","1988931981","0.0416667"
"1988931981","7939015","0.474206"
"7939015","1988931981","0.474206"
"1988931981","893486657","0.0416667"
"893486657","1988931981","0.0416667"
"1991819034","2016266039","0.125"
"2016266039","1991819034","0.125"
"1991819034","2047756776","2.29167"
"2047756776","1991819034","2.29167"
"1991819034","2052935438","0.541667"
"2052935438","1991819034","0.541667"
"1991819034","2059733647","0.0416667"
"2059733647","1991819034","0.0416667"
"1991819034","2089124807","0.125"
"2089124807","1991819034","0.125"
"1991819034","2103063352","0.0416667"
"2103063352","1991819034","0.0416667"
"1991819034","2105689297","0.291667"
"2105689297","1991819034","0.291667"
"1991819034","2112213600","0.125"
"2112213600","1991819034","0.125"
"1991819034","2126200466","0.0416667"
"2126200466","1991819034","0.0416667"
"1991819034","2141631351","0.625"
"2141631351","1991819034","0.625"
"1991819034","2150281577","0.291667"
"2150281577","1991819034","0.291667"
"1991819034","2159359879","0.291667"
"2159359879","1991819034","0.291667"
"1991819034","2160660844","8.625"
"2160660844","1991819034","8.625"
"1991819034","2189187207","0.291667"
"2189187207","1991819034","0.291667"
"1991819034","2192783609","0.125"
"2192783609","1991819034","0.125"
"1991819034","2250629460","0.0416667"
"2250629460","1991819034","0.0416667"
"1991819034","7939015","0.0416667"
"7939015","1991819034","0.0416667"
"1991819034","893486657","0.125"
"893486657","1991819034","0.125"
"2016266039","2052935438","0.0416667"
"2052935438","2016266039","0.0416667"
"2016266039","2105689297","5.47583"
"2105689297","2016266039","5.47583"
"2016266039","2126200466","0.0416667"
"2126200466","2016266039","0.0416667"
"2016266039","2141631351","1.14167"
"2141631351","2016266039","1.14167"
"2016266039","2150281577","7.61587"
"2150281577","2016266039","7.61587"
"2016266039","2160660844","4.05877"
"2160660844","2016266039","4.05877"
"2016266039","2192783609","3.83615"
"2192783609","2016266039","3.83615"
"2016266039","2250629460","0.0416667"
"2250629460","2016266039","0.0416667"
"2016266039","7939015","0.0416667"
"7939015","2016266039","0.0416667"
"2047756776","2126200466","0.744048"
"2126200466","2047756776","0.744048"
"2047756776","2150281577","14.9873"
"2150281577","2047756776","14.9873"
"2047756776","2192783609","10.6401"
"2192783609","2047756776","10.6401"
"2047756776","2250629460","0.0416667"
"2250629460","2047756776","0.0416667"
"2052935438","2059733647","0.0416667"
"2059733647","2052935438","0.0416667"
"2052935438","2089124807","0.125"
"2089124807","2052935438","0.125"
"2052935438","2112213600","0.0416667"
"2112213600","2052935438","0.0416667"
"2052935438","2150281577","0.125"
"2150281577","2052935438","0.125"
"2052935438","2189187207","0.0416667"
"2189187207","2052935438","0.0416667"
"2052935438","2192783609","0.0416667"
"2192783609","2052935438","0.0416667"
"2052935438","2250629460","0.541667"
"2250629460","2052935438","0.541667"
"2052935438","7939015","0.0416667"
"7939015","2052935438","0.0416667"
"2052935438","893486657","0.0416667"
"893486657","2052935438","0.0416667"
"2059733647","2105689297","1.35321"
"2105689297","2059733647","1.35321"
"2059733647","2126200466","0.0416667"
"2126200466","2059733647","0.0416667"
"2059733647","2141631351","0.0416667"
"2141631351","2059733647","0.0416667"
"2059733647","2150281577","0.558333"
"2150281577","2059733647","0.558333"
"2059733647","2160660844","1.31988"
"2160660844","2059733647","1.31988"
"2059733647","2192783609","4.0044"
"2192783609","2059733647","4.0044"
"2059733647","2250629460","0.0416667"
"2250629460","2059733647","0.0416667"
"2059733647","7939015","0.0416667"
"7939015","2059733647","0.0416667"
"2089124807","2105689297","17.5262"
"2105689297","2089124807","17.5262"
"2089124807","2126200466","0.125"
"2126200466","2089124807","0.125"
"2089124807","2150281577","8.73373"
"2150281577","2089124807","8.73373"
"2089124807","2192783609","1.84683"
"2192783609","2089124807","1.84683"
"2089124807","2250629460","0.0416667"
"2250629460","2089124807","0.0416667"
"2089124807","7939015","0.224206"
"7939015","2089124807","0.224206"
"2103063352","2126200466","1.74405"
"2126200466","2103063352","1.74405"
"2103063352","2150281577","12.2111"
"2150281577","2103063352","12.2111"
"2103063352","2192783609","4.56948"
"2192783609","2103063352","4.56948"
"2103063352","2250629460","0.0416667"
"2250629460","2103063352","0.0416667"
"2105689297","2112213600","8.51591"
"2112213600","2105689297","8.51591"
"2105689297","2126200466","0.125"
"2126200466","2105689297","0.125"
"2105689297","2150281577","4.15437"
"2150281577","2105689297","4.15437"
"2105689297","2189187207","5.11988"
"2189187207","2105689297","5.11988"
"2105689297","2192783609","1.03099"
"2192783609","2105689297","1.03099"
"2105689297","2250629460","0.0416667"
"2250629460","2105689297","0.0416667"
"2105689297","7939015","0.224206"
"7939015","2105689297","0.224206"
"2105689297","893486657","6.18734"
"893486657","2105689297","6.18734"
"2112213600","2126200466","0.0416667"
"2126200466","2112213600","0.0416667"
"2112213600","2141631351","0.141667"
"2141631351","2112213600","0.141667"
"2112213600","2150281577","7.99802"
"2150281577","2112213600","7.99802"
"2112213600","2192783609","3.8167"
"2192783609","2112213600","3.8167"
"2112213600","2250629460","0.0416667"
"2250629460","2112213600","0.0416667"
"2112213600","7939015","0.0416667"
"7939015","2112213600","0.0416667"
"2126200466","2141631351","0.410714"
"2141631351","2126200466","0.410714"
"2126200466","2150281577","0.125"
"2150281577","2126200466","0.125"
"2126200466","2159359879","0.744048"
"2159359879","2126200466","0.744048"
"2126200466","2189187207","0.375"
"2189187207","2126200466","0.375"
"2126200466","2192783609","0.0416667"
"2192783609","2126200466","0.0416667"
"2126200466","2250629460","0.541667"
"2250629460","2126200466","0.541667"
"2126200466","7939015","0.0416667"
"7939015","2126200466","0.0416667"
"2126200466","893486657","0.0416667"
"893486657","2126200466","0.0416667"
"2141631351","2150281577","0.196429"
"2150281577","2141631351","0.196429"
"2141631351","2189187207","0.141667"
"2189187207","2141631351","0.141667"
"2141631351","2192783609","0.0416667"
"2192783609","2141631351","0.0416667"
"2141631351","2250629460","1.79167"
"2250629460","2141631351","1.79167"
"2141631351","893486657","0.141667"
"893486657","2141631351","0.141667"
"2150281577","2159359879","18.104"
"2159359879","2150281577","18.104"
"2150281577","2160660844","2.32976"
"2160660844","2150281577","2.32976"
"2150281577","2189187207","5.00754"
"2189187207","2150281577","5.00754"
"2150281577","2192783609","2.00556"
"2192783609","2150281577","2.00556"
"2150281577","2250629460","0.0416667"
"2250629460","2150281577","0.0416667"
"2150281577","7939015","0.113095"
"7939015","2150281577","0.113095"
"2150281577","893486657","4.98571"
"893486657","2150281577","4.98571"
"2159359879","2192783609","5.49488"
"2192783609","2159359879","5.49488"
"2159359879","2250629460","0.0416667"
"2250629460","2159359879","0.0416667"
"2159359879","7939015","0.224206"
"7939015","2159359879","0.224206"
"2160660844","2189187207","1.98932"
"2189187207","2160660844","1.98932"
"2160660844","2192783609","1.28099"
"2192783609","2160660844","1.28099"
"2160660844","893486657","3.96313"
"893486657","2160660844","3.96313"
"2189187207","2192783609","4.61234"
"2192783609","2189187207","4.61234"
"2189187207","2250629460","0.0416667"
"2250629460","2189187207","0.0416667"
"2189187207","7939015","0.0416667"
"7939015","2189187207","0.0416667"
"2192783609","2250629460","0.0416667"
"2250629460","2192783609","0.0416667"
"2192783609","7939015","0.0416667"
"7939015","2192783609","0.0416667"
