"1970895540","2017454381","1.66667"
"2017454381","1970895540","1.66667"
"1970895540","2033298177","2"
"2033298177","1970895540","2"
"1970895540","1995654381","0.666667"
"1995654381","1970895540","0.666667"
"1970895540","2123310356","0.666667"
"2123310356","1970895540","0.666667"
"1995654381","2017454381","12.4435"
"2017454381","1995654381","12.4435"
"1995654381","2123310356","0.666667"
"2123310356","1995654381","0.666667"
"2017454381","2123310356","0.666667"
"2123310356","2017454381","0.666667"
"1970895540","2010123060","1"
"2010123060","1970895540","1"
"1970895540","2101429838","1"
"2101429838","1970895540","1"
"2010123060","2033298177","1"
"2033298177","2010123060","1"
"2010123060","2101429838","2"
"2101429838","2010123060","2"
"2033298177","2101429838","1"
"2101429838","2033298177","1"
"1974827855","2019703543","24.5344"
"2019703543","1974827855","24.5344"
"1974827855","1990099118","26.042"
"1990099118","1974827855","26.042"
"1974827855","1984502995","7.43506"
"1984502995","1974827855","7.43506"
"1974827855","2155123943","4.5592"
"2155123943","1974827855","4.5592"
"1990099118","2019703543","22.9559"
"2019703543","1990099118","22.9559"
"1990099118","2155123943","5.7592"
"2155123943","1990099118","5.7592"
"2019703543","2155123943","12.01"
"2155123943","2019703543","12.01"
"1974827855","1995654381","7.50698"
"1995654381","1974827855","7.50698"
"1974827855","2010123060","7.91726"
"2010123060","1974827855","7.91726"
"1995654381","2010123060","60.0268"
"2010123060","1995654381","60.0268"
"1995654381","2019703543","18.5486"
"2019703543","1995654381","18.5486"
"2010123060","2019703543","10.447"
"2019703543","2010123060","10.447"
"1974827855","2017454381","2.64915"
"2017454381","1974827855","2.64915"
"1974827855","2076395105","3.54031"
"2076395105","1974827855","3.54031"
"1984502995","1990099118","3.73149"
"1990099118","1984502995","3.73149"
"1984502995","1995654381","17.1802"
"1995654381","1984502995","17.1802"
"1984502995","2010123060","4.04131"
"2010123060","1984502995","4.04131"
"1984502995","2017454381","13.1835"
"2017454381","1984502995","13.1835"
"1984502995","2019703543","6.59892"
"2019703543","1984502995","6.59892"
"1984502995","2076395105","10.3481"
"2076395105","1984502995","10.3481"
"1984502995","2155123943","2.72071"
"2155123943","1984502995","2.72071"
"1990099118","1995654381","7.99865"
"1995654381","1990099118","7.99865"
"1990099118","2010123060","3.90536"
"2010123060","1990099118","3.90536"
"1990099118","2017454381","5.22058"
"2017454381","1990099118","5.22058"
"1990099118","2076395105","7.58674"
"2076395105","1990099118","7.58674"
"1995654381","2076395105","41.5165"
"2076395105","1995654381","41.5165"
"1995654381","2155123943","1.66468"
"2155123943","1995654381","1.66468"
"2010123060","2017454381","9.57682"
"2017454381","2010123060","9.57682"
"2010123060","2076395105","13.999"
"2076395105","2010123060","13.999"
"2010123060","2155123943","0.636111"
"2155123943","2010123060","0.636111"
"2017454381","2019703543","10.8713"
"2019703543","2017454381","10.8713"
"2017454381","2076395105","23.2364"
"2076395105","2017454381","23.2364"
"2017454381","2155123943","2.40206"
"2155123943","2017454381","2.40206"
"2019703543","2076395105","5.07917"
"2076395105","2019703543","5.07917"
"2076395105","2155123943","2.65837"
"2155123943","2076395105","2.65837"
"1974827855","2055244441","2.44567"
"2055244441","1974827855","2.44567"
"1990099118","2055244441","6.0171"
"2055244441","1990099118","6.0171"
"1974827855","2087500198","0.936742"
"2087500198","1974827855","0.936742"
"1990099118","2087500198","2.47841"
"2087500198","1990099118","2.47841"
"1995654381","2055244441","7.925"
"2055244441","1995654381","7.925"
"1995654381","2087500198","6.78793"
"2087500198","1995654381","6.78793"
"2010123060","2055244441","1.5881"
"2055244441","2010123060","1.5881"
"2010123060","2087500198","4.86174"
"2087500198","2010123060","4.86174"
"2017454381","2055244441","2.81988"
"2055244441","2017454381","2.81988"
"2017454381","2087500198","2.98995"
"2087500198","2017454381","2.98995"
"2019703543","2055244441","2.43452"
"2055244441","2019703543","2.43452"
"2019703543","2087500198","0.554167"
"2087500198","2019703543","0.554167"
"2055244441","2076395105","4.91988"
"2076395105","2055244441","4.91988"
"2055244441","2087500198","1.90758"
"2087500198","2055244441","1.90758"
"2076395105","2087500198","6.98718"
"2087500198","2076395105","6.98718"
"1974827855","2102203299","0.166667"
"2102203299","1974827855","0.166667"
"1990099118","2102203299","0.166667"
"2102203299","1990099118","0.166667"
"1995654381","2102203299","0.166667"
"2102203299","1995654381","0.166667"
"2010123060","2102203299","0.166667"
"2102203299","2010123060","0.166667"
"2019703543","2102203299","0.166667"
"2102203299","2019703543","0.166667"
"2102203299","2155123943","0.166667"
"2155123943","2102203299","0.166667"
"1974827855","2078423530","1.1551"
"2078423530","1974827855","1.1551"
"1984502995","2055244441","1.52821"
"2055244441","1984502995","1.52821"
"1984502995","2078423530","9.76923"
"2078423530","1984502995","9.76923"
"1984502995","2087500198","0.901263"
"2087500198","1984502995","0.901263"
"1990099118","2078423530","2.04439"
"2078423530","1990099118","2.04439"
"2055244441","2078423530","2.23654"
"2078423530","2055244441","2.23654"
"2076395105","2078423530","9.07567"
"2078423530","2076395105","9.07567"
"2078423530","2087500198","1.53995"
"2087500198","2078423530","1.53995"
"1974827855","2463044584","3.37534"
"2463044584","1974827855","3.37534"
"1990099118","2463044584","2.7801"
"2463044584","1990099118","2.7801"
"1995654381","2463044584","5.40305"
"2463044584","1995654381","5.40305"
"2017454381","2463044584","6.17697"
"2463044584","2017454381","6.17697"
"2019703543","2463044584","2.6142"
"2463044584","2019703543","2.6142"
"2076395105","2463044584","6.31138"
"2463044584","2076395105","6.31138"
"2155123943","2463044584","1.46872"
"2463044584","2155123943","1.46872"
"1974827855","2003992246","0.877327"
"2003992246","1974827855","0.877327"
"1974827855","2029982592","1.6551"
"2029982592","1974827855","1.6551"
"1974827855","2331382965","1.43205"
"2331382965","1974827855","1.43205"
"1974827855","2601289346","1.93205"
"2601289346","1974827855","1.93205"
"1984502995","2003992246","55.743"
"2003992246","1984502995","55.743"
"1984502995","2029982592","18.6538"
"2029982592","1984502995","18.6538"
"1984502995","2331382965","4.6688"
"2331382965","1984502995","4.6688"
"1984502995","2463044584","8.53351"
"2463044584","1984502995","8.53351"
"1984502995","2601289346","3.84935"
"2601289346","1984502995","3.84935"
"1990099118","2003992246","1.74876"
"2003992246","1990099118","1.74876"
"1990099118","2029982592","1.27296"
"2029982592","1990099118","1.27296"
"1990099118","2331382965","2.14634"
"2331382965","1990099118","2.14634"
"1990099118","2601289346","2.14634"
"2601289346","1990099118","2.14634"
"1995654381","2003992246","6.67765"
"2003992246","1995654381","6.67765"
"1995654381","2029982592","2.82329"
"2029982592","1995654381","2.82329"
"1995654381","2078423530","10.9661"
"2078423530","1995654381","10.9661"
"1995654381","2331382965","4.20186"
"2331382965","1995654381","4.20186"
"1995654381","2601289346","3.39233"
"2601289346","1995654381","3.39233"
"2003992246","2010123060","1.22404"
"2010123060","2003992246","1.22404"
"2003992246","2017454381","4.85474"
"2017454381","2003992246","4.85474"
"2003992246","2019703543","2.32451"
"2019703543","2003992246","2.32451"
"2003992246","2029982592","18.8845"
"2029982592","2003992246","18.8845"
"2003992246","2078423530","9.42379"
"2078423530","2003992246","9.42379"
"2003992246","2331382965","6.27336"
"2331382965","2003992246","6.27336"
"2003992246","2463044584","4.54641"
"2463044584","2003992246","4.54641"
"2003992246","2601289346","3.82891"
"2601289346","2003992246","3.82891"
"2010123060","2029982592","0.94706"
"2029982592","2010123060","0.94706"
"2010123060","2078423530","5.46968"
"2078423530","2010123060","5.46968"
"2010123060","2331382965","1.71968"
"2331382965","2010123060","1.71968"
"2010123060","2463044584","2.24349"
"2463044584","2010123060","2.24349"
"2010123060","2601289346","1.59468"
"2601289346","2010123060","1.59468"
"2017454381","2029982592","4.67697"
"2029982592","2017454381","4.67697"
"2017454381","2078423530","12.3079"
"2078423530","2017454381","12.3079"
"2017454381","2331382965","5.3432"
"2331382965","2017454381","5.3432"
"2017454381","2601289346","4.83923"
"2601289346","2017454381","4.83923"
"2019703543","2029982592","2.70586"
"2029982592","2019703543","2.70586"
"2019703543","2078423530","1.65229"
"2078423530","2019703543","1.65229"
"2019703543","2331382965","1.89515"
"2331382965","2019703543","1.89515"
"2019703543","2601289346","1.77015"
"2601289346","2019703543","1.77015"
"2029982592","2078423530","9.02935"
"2078423530","2029982592","9.02935"
"2029982592","2331382965","5.93844"
"2331382965","2029982592","5.93844"
"2029982592","2463044584","6.70197"
"2463044584","2029982592","6.70197"
"2029982592","2601289346","5.68447"
"2601289346","2029982592","5.68447"
"2078423530","2331382965","8.48725"
"2331382965","2078423530","8.48725"
"2078423530","2463044584","8.94958"
"2463044584","2078423530","8.94958"
"2078423530","2601289346","8.73328"
"2601289346","2078423530","8.73328"
"2331382965","2463044584","11.5527"
"2463044584","2331382965","11.5527"
"2331382965","2601289346","11.5107"
"2601289346","2331382965","11.5107"
"2463044584","2601289346","8.79876"
"2601289346","2463044584","8.79876"
"2003992246","2055244441","1.46988"
"2055244441","2003992246","1.46988"
"2003992246","2076395105","9.79313"
"2076395105","2003992246","9.79313"
"2003992246","2087500198","1.08043"
"2087500198","2003992246","1.08043"
"2003992246","2155123943","1.13737"
"2155123943","2003992246","1.13737"
"2029982592","2055244441","0.273449"
"2055244441","2029982592","0.273449"
"2029982592","2076395105","4.16138"
"2076395105","2029982592","4.16138"
"2029982592","2087500198","0.789953"
"2087500198","2029982592","0.789953"
"2029982592","2155123943","1.45682"
"2155123943","2029982592","1.45682"
"2055244441","2155123943","0.20202"
"2155123943","2055244441","0.20202"
"2055244441","2463044584","1.18654"
"2463044584","2055244441","1.18654"
"2078423530","2155123943","1.04015"
"2155123943","2078423530","1.04015"
"2087500198","2155123943","0.268687"
"2155123943","2087500198","0.268687"
"2087500198","2463044584","1.35662"
"2463044584","2087500198","1.35662"
"2155123943","2331382965","1.05877"
"2331382965","2155123943","1.05877"
"2155123943","2601289346","0.947655"
"2601289346","2155123943","0.947655"
"1974827855","2761016817","2.12523"
"2761016817","1974827855","2.12523"
"1974827855","2766342236","0.708333"
"2766342236","1974827855","0.708333"
"2055244441","2331382965","0.853968"
"2331382965","2055244441","0.853968"
"2055244441","2601289346","0.617857"
"2601289346","2055244441","0.617857"
"2055244441","2761016817","0.492857"
"2761016817","2055244441","0.492857"
"2055244441","2766342236","0.563095"
"2766342236","2055244441","0.563095"
"2076395105","2331382965","5.17642"
"2331382965","2076395105","5.17642"
"2076395105","2601289346","3.92246"
"2601289346","2076395105","3.92246"
"2076395105","2761016817","2.60933"
"2761016817","2076395105","2.60933"
"2076395105","2766342236","0.813095"
"2766342236","2076395105","0.813095"
"2087500198","2331382965","0.824044"
"2331382965","2087500198","0.824044"
"2087500198","2601289346","0.681187"
"2601289346","2087500198","0.681187"
"2087500198","2761016817","0.354167"
"2761016817","2087500198","0.354167"
"2087500198","2766342236","0.291667"
"2766342236","2087500198","0.291667"
"2331382965","2761016817","6.38396"
"2761016817","2331382965","6.38396"
"2331382965","2766342236","0.196429"
"2766342236","2331382965","0.196429"
"2463044584","2761016817","6.91373"
"2761016817","2463044584","6.91373"
"2463044584","2766342236","0.196429"
"2766342236","2463044584","0.196429"
"2601289346","2761016817","6.83396"
"2761016817","2601289346","6.83396"
"2601289346","2766342236","0.196429"
"2766342236","2601289346","0.196429"
"2761016817","2766342236","0.363095"
"2766342236","2761016817","0.363095"
"1984502995","2761016817","2.90281"
"2761016817","1984502995","2.90281"
"1990099118","2761016817","1.16452"
"2761016817","1990099118","1.16452"
"2003992246","2761016817","2.02404"
"2761016817","2003992246","2.02404"
"2017454381","2761016817","3.3292"
"2761016817","2017454381","3.3292"
"2019703543","2761016817","1.405"
"2761016817","2019703543","1.405"
"2029982592","2761016817","4.10777"
"2761016817","2029982592","4.10777"
"2078423530","2761016817","4.61611"
"2761016817","2078423530","4.61611"
"1974827855","1977184551","0.133929"
"1977184551","1974827855","0.133929"
"1974827855","2790677216","1.60536"
"2790677216","1974827855","1.60536"
"1977184551","1990099118","0.376786"
"1990099118","1977184551","0.376786"
"1977184551","1995654381","0.995833"
"1995654381","1977184551","0.995833"
"1977184551","2003992246","1.46131"
"2003992246","1977184551","1.46131"
"1977184551","2010123060","0.617262"
"2010123060","1977184551","0.617262"
"1977184551","2017454381","1.0875"
"2017454381","1977184551","1.0875"
"1977184551","2019703543","0.567262"
"2019703543","1977184551","0.567262"
"1977184551","2029982592","1.72917"
"2029982592","1977184551","1.72917"
"1977184551","2076395105","1.04464"
"2076395105","1977184551","1.04464"
"1977184551","2078423530","2.17321"
"2078423530","1977184551","2.17321"
"1977184551","2087500198","0.129167"
"2087500198","1977184551","0.129167"
"1977184551","2331382965","2.44702"
"2331382965","1977184551","2.44702"
"1977184551","2463044584","3.21131"
"2463044584","1977184551","3.21131"
"1977184551","2601289346","2.64702"
"2601289346","1977184551","2.64702"
"1977184551","2761016817","2.24702"
"2761016817","1977184551","2.24702"
"1977184551","2790677216","2.66964"
"2790677216","1977184551","2.66964"
"1990099118","2790677216","0.93869"
"2790677216","1990099118","0.93869"
"1995654381","2761016817","2.99385"
"2761016817","1995654381","2.99385"
"1995654381","2790677216","4.02202"
"2790677216","1995654381","4.02202"
"2003992246","2790677216","1.38988"
"2790677216","2003992246","1.38988"
"2010123060","2761016817","1.19821"
"2761016817","2010123060","1.19821"
"2010123060","2790677216","1.17679"
"2790677216","2010123060","1.17679"
"2017454381","2790677216","1.29821"
"2790677216","2017454381","1.29821"
"2019703543","2790677216","0.93869"
"2790677216","2019703543","0.93869"
"2029982592","2790677216","0.91369"
"2790677216","2029982592","0.91369"
"2076395105","2790677216","2.11488"
"2790677216","2076395105","2.11488"
"2078423530","2790677216","3.89226"
"2790677216","2078423530","3.89226"
"2087500198","2790677216","0.254167"
"2790677216","2087500198","0.254167"
"2331382965","2790677216","2.5994"
"2790677216","2331382965","2.5994"
"2463044584","2790677216","3.99821"
"2790677216","2463044584","3.99821"
"2601289346","2790677216","4.0494"
"2790677216","2601289346","4.0494"
"2761016817","2790677216","9.78393"
"2790677216","2761016817","9.78393"
"1974827855","2789682920","1.31667"
"2789682920","1974827855","1.31667"
"1990099118","2789682920","0.533333"
"2789682920","1990099118","0.533333"
"2019703543","2789682920","1.61667"
"2789682920","2019703543","1.61667"
"2155123943","2789682920","0.45"
"2789682920","2155123943","0.45"
"2155123943","2790677216","0.366667"
"2790677216","2155123943","0.366667"
"2789682920","2790677216","17.2179"
"2790677216","2789682920","17.2179"
"1984502995","2790677216","2.41548"
"2790677216","1984502995","2.41548"
"2055244441","2790677216","0.521429"
"2790677216","2055244441","0.521429"
"2601289346","2789682920","4.51667"
"2789682920","2601289346","4.51667"
"2761016817","2789682920","10.7512"
"2789682920","2761016817","10.7512"
"2155123943","2761016817","0.759524"
"2761016817","2155123943","0.759524"
"1974827855","2767711099","0.366667"
"2767711099","1974827855","0.366667"
"1974827855","2897172012","0.416667"
"2897172012","1974827855","0.416667"
"2055244441","2767711099","0.888095"
"2767711099","2055244441","0.888095"
"2055244441","2897172012","0.333333"
"2897172012","2055244441","0.333333"
"2076395105","2767711099","0.888095"
"2767711099","2076395105","0.888095"
"2076395105","2897172012","1.1"
"2897172012","2076395105","1.1"
"2087500198","2767711099","0.366667"
"2767711099","2087500198","0.366667"
"2087500198","2897172012","0.333333"
"2897172012","2087500198","0.333333"
"2766342236","2767711099","2.9381"
"2767711099","2766342236","2.9381"
"2766342236","2897172012","0.166667"
"2897172012","2766342236","0.166667"
"2767711099","2897172012","0.166667"
"2897172012","2767711099","0.166667"
"1995654381","2766342236","0.416667"
"2766342236","1995654381","0.416667"
"1995654381","2789682920","4.99167"
"2789682920","1995654381","4.99167"
"2076395105","2789682920","3.78452"
"2789682920","2076395105","3.78452"
"2766342236","2789682920","1.11667"
"2789682920","2766342236","1.11667"
"2055244441","2789682920","0.775"
"2789682920","2055244441","0.775"
"2087500198","2789682920","0.325"
"2789682920","2087500198","0.325"
"2767711099","2789682920","2.15"
"2789682920","2767711099","2.15"
"2601289346","2897172012","3.43571"
"2897172012","2601289346","3.43571"
"2789682920","2897172012","4.73333"
"2897172012","2789682920","4.73333"
"2790677216","2897172012","2.85"
"2897172012","2790677216","2.85"
"1974827855","2989153333","1.16667"
"2989153333","1974827855","1.16667"
"1995654381","2989153333","0.5"
"2989153333","1995654381","0.5"
"2761016817","2989153333","0.166667"
"2989153333","2761016817","0.166667"
"2766342236","2790677216","0.366667"
"2790677216","2766342236","0.366667"
"2766342236","2989153333","0.166667"
"2989153333","2766342236","0.166667"
"2789682920","2989153333","0.5"
"2989153333","2789682920","0.5"
"2790677216","2989153333","0.166667"
"2989153333","2790677216","0.166667"
"1977184551","1984502995","1.00952"
"1984502995","1977184551","1.00952"
"1977184551","2155123943","0.0666667"
"2155123943","1977184551","0.0666667"
"1977184551","2789682920","1.62619"
"2789682920","1977184551","1.62619"
"2010123060","2789682920","2.16667"
"2789682920","2010123060","2.16667"
"1977184551","2897172012","0.759524"
"2897172012","1977184551","0.759524"
"2761016817","2897172012","2.40238"
"2897172012","2761016817","2.40238"
"2331382965","2789682920","2.9"
"2789682920","2331382965","2.9"
"2331382965","2897172012","2.31905"
"2897172012","2331382965","2.31905"
"1990099118","2897172012","0.842857"
"2897172012","1990099118","0.842857"
"2029982592","2897172012","0.802381"
"2897172012","2029982592","0.802381"
"2078423530","2897172012","0.835714"
"2897172012","2078423530","0.835714"
"1984502995","2789682920","1.14286"
"2789682920","1984502995","1.14286"
"2003992246","2789682920","1.35119"
"2789682920","2003992246","1.35119"
"2078423530","2789682920","2.45952"
"2789682920","2078423530","2.45952"
"1984502995","2101429838","1.33333"
"2101429838","1984502995","1.33333"
"2003992246","2101429838","0.333333"
"2101429838","2003992246","0.333333"
"2076395105","2101429838","1.33333"
"2101429838","2076395105","1.33333"
"1984502995","2766342236","0.0714286"
"2766342236","1984502995","0.0714286"
"1984502995","2767711099","0.0714286"
"2767711099","1984502995","0.0714286"
"1990099118","2766342236","0.0714286"
"2766342236","1990099118","0.0714286"
"1990099118","2767711099","0.0714286"
"2767711099","1990099118","0.0714286"
"2003992246","2766342236","0.0714286"
"2766342236","2003992246","0.0714286"
"2003992246","2767711099","0.0714286"
"2767711099","2003992246","0.0714286"
"2010123060","2766342236","0.0714286"
"2766342236","2010123060","0.0714286"
"2010123060","2767711099","0.0714286"
"2767711099","2010123060","0.0714286"
"2017454381","2766342236","0.0714286"
"2766342236","2017454381","0.0714286"
"2017454381","2767711099","0.0714286"
"2767711099","2017454381","0.0714286"
"2019703543","2766342236","0.0714286"
"2766342236","2019703543","0.0714286"
"2019703543","2767711099","0.0714286"
"2767711099","2019703543","0.0714286"
"2078423530","2766342236","0.0714286"
"2766342236","2078423530","0.0714286"
"2078423530","2767711099","0.0714286"
"2767711099","2078423530","0.0714286"
"2331382965","2767711099","0.0714286"
"2767711099","2331382965","0.0714286"
"2463044584","2767711099","0.0714286"
"2767711099","2463044584","0.0714286"
"2601289346","2767711099","0.0714286"
"2767711099","2601289346","0.0714286"
"2761016817","2767711099","0.0714286"
"2767711099","2761016817","0.0714286"
"2017454381","2789682920","1.78333"
"2789682920","2017454381","1.78333"
"2463044584","2789682920","4"
"2789682920","2463044584","4"
"1984502995","2897172012","0.166667"
"2897172012","1984502995","0.166667"
"2003992246","2897172012","0.409524"
"2897172012","2003992246","0.409524"
"2019703543","2897172012","0.166667"
"2897172012","2019703543","0.166667"
"2029982592","2789682920","0.791667"
"2789682920","2029982592","0.791667"
"2155123943","2897172012","0.2"
"2897172012","2155123943","0.2"
"1995654381","2897172012","0.516667"
"2897172012","1995654381","0.516667"
"2463044584","2897172012","0.609524"
"2897172012","2463044584","0.609524"
"1995654381","2143495336","2"
"2143495336","1995654381","2"
"1995654381","2101429838","1"
"2101429838","1995654381","1"
"2017454381","2897172012","0.433333"
"2897172012","2017454381","0.433333"
"2010123060","2989153333","0.333333"
"2989153333","2010123060","0.333333"
"2017454381","2101429838","1"
"2101429838","2017454381","1"
"2767711099","2790677216","0.45"
"2790677216","2767711099","0.45"
"2463044584","2971530316","0.5"
"2971530316","2463044584","0.5"
"2463044584","2989153333","0.5"
"2989153333","2463044584","0.5"
"2971530316","2989153333","0.5"
"2989153333","2971530316","0.5"
