"100447398","1555858032","0.612637"
"1555858032","100447398","0.612637"
"100447398","2167039673","1.03571"
"2167039673","100447398","1.03571"
"1555858032","2167039673","0.626623"
"2167039673","1555858032","0.626623"
"100447398","1546766695","1.25"
"1546766695","100447398","1.25"
"100447398","1596494678","0.973748"
"1596494678","100447398","0.973748"
"100447398","1859995791","1.78571"
"1859995791","100447398","1.78571"
"100447398","1988820049","0.25"
"1988820049","100447398","0.25"
"1546766695","1596494678","1.78333"
"1596494678","1546766695","1.78333"
"1546766695","1859995791","0.583333"
"1859995791","1546766695","0.583333"
"1546766695","1988820049","0.25"
"1988820049","1546766695","0.25"
"1596494678","1859995791","2.24329"
"1859995791","1596494678","2.24329"
"1596494678","1988820049","0.25"
"1988820049","1596494678","0.25"
"1859995791","1988820049","0.25"
"1988820049","1859995791","0.25"
"100447398","1555868650","1.34875"
"1555868650","100447398","1.34875"
"100447398","1538830215","0.0357143"
"1538830215","100447398","0.0357143"
"100447398","159000170","0.348748"
"159000170","100447398","0.348748"
"100447398","1853239675","0.0357143"
"1853239675","100447398","0.0357143"
"100447398","1882406771","0.112637"
"1882406771","100447398","0.112637"
"100447398","1896260025","0.237637"
"1896260025","100447398","0.237637"
"100447398","1971138496","0.0357143"
"1971138496","100447398","0.0357143"
"100447398","2011019795","0.112637"
"2011019795","100447398","0.112637"
"100447398","2079659084","0.0357143"
"2079659084","100447398","0.0357143"
"100447398","2081752276","0.535714"
"2081752276","100447398","0.535714"
"100447398","2115999901","0.146825"
"2115999901","100447398","0.146825"
"100447398","2118444751","0.0357143"
"2118444751","100447398","0.0357143"
"100447398","2121556460","0.0357143"
"2121556460","100447398","0.0357143"
"100447398","2130485792","0.112637"
"2130485792","100447398","0.112637"
"100447398","2132686161","0.0357143"
"2132686161","100447398","0.0357143"
"100447398","2140393359","0.0357143"
"2140393359","100447398","0.0357143"
"100447398","2157688345","0.0357143"
"2157688345","100447398","0.0357143"
"100447398","2162312314","0.146825"
"2162312314","100447398","0.146825"
"100447398","2246414091","0.0357143"
"2246414091","100447398","0.0357143"
"100447398","225255289","0.237637"
"225255289","100447398","0.237637"
"100447398","2290712282","0.223748"
"2290712282","100447398","0.223748"
"100447398","23689647","0.160714"
"23689647","100447398","0.160714"
"100447398","284059702","0.0357143"
"284059702","100447398","0.0357143"
"100447398","42907978","0.437637"
"42907978","100447398","0.437637"
"1538830215","1555858032","0.0357143"
"1555858032","1538830215","0.0357143"
"1538830215","1555868650","0.0357143"
"1555868650","1538830215","0.0357143"
"1538830215","159000170","0.0357143"
"159000170","1538830215","0.0357143"
"1538830215","1596494678","0.0357143"
"1596494678","1538830215","0.0357143"
"1538830215","1853239675","0.0357143"
"1853239675","1538830215","0.0357143"
"1538830215","1859995791","0.535714"
"1859995791","1538830215","0.535714"
"1538830215","1882406771","0.0357143"
"1882406771","1538830215","0.0357143"
"1538830215","1896260025","0.0357143"
"1896260025","1538830215","0.0357143"
"1538830215","1971138496","0.0357143"
"1971138496","1538830215","0.0357143"
"1538830215","2011019795","0.285714"
"2011019795","1538830215","0.285714"
"1538830215","2079659084","0.0357143"
"2079659084","1538830215","0.0357143"
"1538830215","2081752276","0.0357143"
"2081752276","1538830215","0.0357143"
"1538830215","2115999901","0.369048"
"2115999901","1538830215","0.369048"
"1538830215","2118444751","0.0357143"
"2118444751","1538830215","0.0357143"
"1538830215","2121556460","0.0357143"
"2121556460","1538830215","0.0357143"
"1538830215","2130485792","2.70238"
"2130485792","1538830215","2.70238"
"1538830215","2132686161","0.0357143"
"2132686161","1538830215","0.0357143"
"1538830215","2140393359","0.0357143"
"2140393359","1538830215","0.0357143"
"1538830215","2157688345","0.702381"
"2157688345","1538830215","0.702381"
"1538830215","2162312314","1.03571"
"2162312314","1538830215","1.03571"
"1538830215","2167039673","1.45238"
"2167039673","1538830215","1.45238"
"1538830215","2246414091","0.0357143"
"2246414091","1538830215","0.0357143"
"1538830215","225255289","0.619048"
"225255289","1538830215","0.619048"
"1538830215","2290712282","0.285714"
"2290712282","1538830215","0.285714"
"1538830215","23689647","0.0357143"
"23689647","1538830215","0.0357143"
"1538830215","284059702","0.0357143"
"284059702","1538830215","0.0357143"
"1538830215","42907978","0.0357143"
"42907978","1538830215","0.0357143"
"1555858032","1555868650","2.11264"
"1555868650","1555858032","2.11264"
"1555858032","159000170","0.512637"
"159000170","1555858032","0.512637"
"1555858032","1596494678","0.822594"
"1596494678","1555858032","0.822594"
"1555858032","1853239675","0.0357143"
"1853239675","1555858032","0.0357143"
"1555858032","1859995791","0.126623"
"1859995791","1555858032","0.126623"
"1555858032","1882406771","2.14759"
"1882406771","1555858032","2.14759"
"1555858032","1896260025","0.112637"
"1896260025","1555858032","0.112637"
"1555858032","1971138496","0.126623"
"1971138496","1555858032","0.126623"
"1555858032","2011019795","0.437637"
"2011019795","1555858032","0.437637"
"1555858032","2079659084","0.235714"
"2079659084","1555858032","0.235714"
"1555858032","2081752276","0.321429"
"2081752276","1555858032","0.321429"
"1555858032","2115999901","0.737338"
"2115999901","1555858032","0.737338"
"1555858032","2118444751","0.326623"
"2118444751","1555858032","0.326623"
"1555858032","2121556460","0.126623"
"2121556460","1555858032","0.126623"
"1555858032","2130485792","2.14759"
"2130485792","1555858032","2.14759"
"1555858032","2132686161","0.0357143"
"2132686161","1555858032","0.0357143"
"1555858032","2140393359","0.235714"
"2140393359","1555858032","0.235714"
"1555858032","2157688345","1.03571"
"2157688345","1555858032","1.03571"
"1555858032","2162312314","0.412338"
"2162312314","1555858032","0.412338"
"1555858032","2246414091","0.0357143"
"2246414091","1555858032","0.0357143"
"1555858032","225255289","0.780495"
"225255289","1555858032","0.780495"
"1555858032","2290712282","0.112637"
"2290712282","1555858032","0.112637"
"1555858032","23689647","0.321429"
"23689647","1555858032","0.321429"
"1555858032","284059702","0.0357143"
"284059702","1555858032","0.0357143"
"1555858032","42907978","1.38883"
"42907978","1555858032","1.38883"
"1555868650","159000170","0.348748"
"159000170","1555868650","0.348748"
"1555868650","1596494678","2.55708"
"1596494678","1555868650","2.55708"
"1555868650","1853239675","0.0357143"
"1853239675","1555868650","0.0357143"
"1555868650","1859995791","1.36905"
"1859995791","1555868650","1.36905"
"1555868650","1882406771","0.112637"
"1882406771","1555868650","0.112637"
"1555868650","1896260025","0.237637"
"1896260025","1555868650","0.237637"
"1555868650","1971138496","0.0357143"
"1971138496","1555868650","0.0357143"
"1555868650","2011019795","0.112637"
"2011019795","1555868650","0.112637"
"1555868650","2079659084","0.0357143"
"2079659084","1555868650","0.0357143"
"1555868650","2081752276","0.0357143"
"2081752276","1555868650","0.0357143"
"1555868650","2115999901","0.146825"
"2115999901","1555868650","0.146825"
"1555868650","2118444751","0.0357143"
"2118444751","1555868650","0.0357143"
"1555868650","2121556460","0.0357143"
"2121556460","1555868650","0.0357143"
"1555868650","2130485792","2.11264"
"2130485792","1555868650","2.11264"
"1555868650","2132686161","0.0357143"
"2132686161","1555868650","0.0357143"
"1555868650","2140393359","0.0357143"
"2140393359","1555868650","0.0357143"
"1555868650","2157688345","0.0357143"
"2157688345","1555868650","0.0357143"
"1555868650","2162312314","0.146825"
"2162312314","1555868650","0.146825"
"1555868650","2167039673","0.0357143"
"2167039673","1555868650","0.0357143"
"1555868650","2246414091","0.0357143"
"2246414091","1555868650","0.0357143"
"1555868650","225255289","0.237637"
"225255289","1555868650","0.237637"
"1555868650","2290712282","0.223748"
"2290712282","1555868650","0.223748"
"1555868650","23689647","0.160714"
"23689647","1555868650","0.160714"
"1555868650","284059702","0.0357143"
"284059702","1555868650","0.0357143"
"1555868650","42907978","0.737637"
"42907978","1555868650","0.737637"
"159000170","1596494678","0.223748"
"1596494678","159000170","0.223748"
"159000170","1853239675","0.0357143"
"1853239675","159000170","0.0357143"
"159000170","1859995791","0.0357143"
"1859995791","159000170","0.0357143"
"159000170","1882406771","0.312637"
"1882406771","159000170","0.312637"
"159000170","1896260025","0.904304"
"1896260025","159000170","0.904304"
"159000170","1971138496","0.0357143"
"1971138496","159000170","0.0357143"
"159000170","2011019795","0.645971"
"2011019795","159000170","0.645971"
"159000170","2079659084","0.0357143"
"2079659084","159000170","0.0357143"
"159000170","2081752276","0.0357143"
"2081752276","159000170","0.0357143"
"159000170","2115999901","0.489683"
"2115999901","159000170","0.489683"
"159000170","2118444751","0.0357143"
"2118444751","159000170","0.0357143"
"159000170","2121556460","0.178571"
"2121556460","159000170","0.178571"
"159000170","2130485792","1.11264"
"2130485792","159000170","1.11264"
"159000170","2132686161","0.535714"
"2132686161","159000170","0.535714"
"159000170","2140393359","0.0357143"
"2140393359","159000170","0.0357143"
"159000170","2157688345","0.0357143"
"2157688345","159000170","0.0357143"
"159000170","2162312314","0.289683"
"2162312314","159000170","0.289683"
"159000170","2167039673","0.178571"
"2167039673","159000170","0.178571"
"159000170","2246414091","0.869048"
"2246414091","159000170","0.869048"
"159000170","225255289","0.804304"
"225255289","159000170","0.804304"
"159000170","2290712282","1.75708"
"2290712282","159000170","1.75708"
"159000170","23689647","0.660714"
"23689647","159000170","0.660714"
"159000170","284059702","0.878571"
"284059702","159000170","0.878571"
"159000170","42907978","2.13764"
"42907978","159000170","2.13764"
"1596494678","1853239675","0.0357143"
"1853239675","1596494678","0.0357143"
"1596494678","1882406771","1.18926"
"1882406771","1596494678","1.18926"
"1596494678","1896260025","0.112637"
"1896260025","1596494678","0.112637"
"1596494678","1971138496","0.126623"
"1971138496","1596494678","0.126623"
"1596494678","2011019795","0.112637"
"2011019795","1596494678","0.112637"
"1596494678","2079659084","0.0357143"
"2079659084","1596494678","0.0357143"
"1596494678","2081752276","1.32143"
"2081752276","1596494678","1.32143"
"1596494678","2115999901","0.523449"
"2115999901","1596494678","0.523449"
"1596494678","2118444751","1.32662"
"2118444751","1596494678","1.32662"
"1596494678","2121556460","1.95996"
"2121556460","1596494678","1.95996"
"1596494678","2130485792","2.85593"
"2130485792","1596494678","2.85593"
"1596494678","2132686161","0.0357143"
"2132686161","1596494678","0.0357143"
"1596494678","2140393359","0.0357143"
"2140393359","1596494678","0.0357143"
"1596494678","2157688345","0.235714"
"2157688345","1596494678","0.235714"
"1596494678","2162312314","0.523449"
"2162312314","1596494678","0.523449"
"1596494678","2167039673","0.126623"
"2167039673","1596494678","0.126623"
"1596494678","2246414091","0.0357143"
"2246414091","1596494678","0.0357143"
"1596494678","225255289","0.112637"
"225255289","1596494678","0.112637"
"1596494678","2290712282","0.223748"
"2290712282","1596494678","0.223748"
"1596494678","23689647","0.321429"
"23689647","1596494678","0.321429"
"1596494678","284059702","0.0357143"
"284059702","1596494678","0.0357143"
"1596494678","42907978","0.112637"
"42907978","1596494678","0.112637"
"1853239675","1859995791","0.0357143"
"1859995791","1853239675","0.0357143"
"1853239675","1882406771","0.0357143"
"1882406771","1853239675","0.0357143"
"1853239675","1896260025","0.0357143"
"1896260025","1853239675","0.0357143"
"1853239675","1971138496","0.0357143"
"1971138496","1853239675","0.0357143"
"1853239675","2011019795","2.04524"
"2011019795","1853239675","2.04524"
"1853239675","2079659084","3.56905"
"2079659084","1853239675","3.56905"
"1853239675","2081752276","0.535714"
"2081752276","1853239675","0.535714"
"1853239675","2115999901","0.0357143"
"2115999901","1853239675","0.0357143"
"1853239675","2118444751","1.56905"
"2118444751","1853239675","1.56905"
"1853239675","2121556460","0.0357143"
"2121556460","1853239675","0.0357143"
"1853239675","2130485792","0.0357143"
"2130485792","1853239675","0.0357143"
"1853239675","2132686161","0.0357143"
"2132686161","1853239675","0.0357143"
"1853239675","2140393359","2.04524"
"2140393359","1853239675","2.04524"
"1853239675","2157688345","0.0357143"
"2157688345","1853239675","0.0357143"
"1853239675","2162312314","0.0357143"
"2162312314","1853239675","0.0357143"
"1853239675","2167039673","0.535714"
"2167039673","1853239675","0.535714"
"1853239675","2246414091","0.369048"
"2246414091","1853239675","0.369048"
"1853239675","225255289","0.511905"
"225255289","1853239675","0.511905"
"1853239675","2290712282","0.0357143"
"2290712282","1853239675","0.0357143"
"1853239675","23689647","0.0357143"
"23689647","1853239675","0.0357143"
"1853239675","284059702","0.0357143"
"284059702","1853239675","0.0357143"
"1853239675","42907978","3.28571"
"42907978","1853239675","3.28571"
"1859995791","1882406771","0.826623"
"1882406771","1859995791","0.826623"
"1859995791","1896260025","0.0357143"
"1896260025","1859995791","0.0357143"
"1859995791","1971138496","0.126623"
"1971138496","1859995791","0.126623"
"1859995791","2011019795","0.0357143"
"2011019795","1859995791","0.0357143"
"1859995791","2079659084","0.0357143"
"2079659084","1859995791","0.0357143"
"1859995791","2081752276","0.0357143"
"2081752276","1859995791","0.0357143"
"1859995791","2115999901","0.126623"
"2115999901","1859995791","0.126623"
"1859995791","2118444751","0.126623"
"2118444751","1859995791","0.126623"
"1859995791","2121556460","0.459957"
"2121556460","1859995791","0.459957"
"1859995791","2130485792","3.65996"
"2130485792","1859995791","3.65996"
"1859995791","2132686161","0.0357143"
"2132686161","1859995791","0.0357143"
"1859995791","2140393359","0.0357143"
"2140393359","1859995791","0.0357143"
"1859995791","2157688345","0.235714"
"2157688345","1859995791","0.235714"
"1859995791","2162312314","0.126623"
"2162312314","1859995791","0.126623"
"1859995791","2167039673","1.12662"
"2167039673","1859995791","1.12662"
"1859995791","2246414091","0.0357143"
"2246414091","1859995791","0.0357143"
"1859995791","225255289","0.0357143"
"225255289","1859995791","0.0357143"
"1859995791","2290712282","0.0357143"
"2290712282","1859995791","0.0357143"
"1859995791","23689647","0.0357143"
"23689647","1859995791","0.0357143"
"1859995791","284059702","0.0357143"
"284059702","1859995791","0.0357143"
"1859995791","42907978","0.0357143"
"42907978","1859995791","0.0357143"
"1882406771","1896260025","0.112637"
"1896260025","1882406771","0.112637"
"1882406771","1971138496","0.126623"
"1971138496","1882406771","0.126623"
"1882406771","2011019795","0.437637"
"2011019795","1882406771","0.437637"
"1882406771","2079659084","0.0357143"
"2079659084","1882406771","0.0357143"
"1882406771","2081752276","0.321429"
"2081752276","1882406771","0.321429"
"1882406771","2115999901","0.880195"
"2115999901","1882406771","0.880195"
"1882406771","2118444751","0.126623"
"2118444751","1882406771","0.126623"
"1882406771","2121556460","0.126623"
"2121556460","1882406771","0.126623"
"1882406771","2130485792","2.64759"
"2130485792","1882406771","2.64759"
"1882406771","2132686161","0.0357143"
"2132686161","1882406771","0.0357143"
"1882406771","2140393359","0.0357143"
"2140393359","1882406771","0.0357143"
"1882406771","2157688345","0.235714"
"2157688345","1882406771","0.235714"
"1882406771","2162312314","0.555195"
"2162312314","1882406771","0.555195"
"1882406771","2167039673","2.60281"
"2167039673","1882406771","2.60281"
"1882406771","2246414091","0.0357143"
"2246414091","1882406771","0.0357143"
"1882406771","225255289","0.237637"
"225255289","1882406771","0.237637"
"1882406771","2290712282","0.112637"
"2290712282","1882406771","0.112637"
"1882406771","23689647","0.464286"
"23689647","1882406771","0.464286"
"1882406771","284059702","0.178571"
"284059702","1882406771","0.178571"
"1882406771","42907978","0.788828"
"42907978","1882406771","0.788828"
"1896260025","1971138496","0.0357143"
"1971138496","1896260025","0.0357143"
"1896260025","2011019795","0.445971"
"2011019795","1896260025","0.445971"
"1896260025","2079659084","0.0357143"
"2079659084","1896260025","0.0357143"
"1896260025","2081752276","0.0357143"
"2081752276","1896260025","0.0357143"
"1896260025","2115999901","0.0357143"
"2115999901","1896260025","0.0357143"
"1896260025","2118444751","0.0357143"
"2118444751","1896260025","0.0357143"
"1896260025","2121556460","0.0357143"
"2121556460","1896260025","0.0357143"
"1896260025","2130485792","0.112637"
"2130485792","1896260025","0.112637"
"1896260025","2132686161","0.0357143"
"2132686161","1896260025","0.0357143"
"1896260025","2140393359","0.0357143"
"2140393359","1896260025","0.0357143"
"1896260025","2157688345","0.0357143"
"2157688345","1896260025","0.0357143"
"1896260025","2162312314","1.03571"
"2162312314","1896260025","1.03571"
"1896260025","2167039673","0.0357143"
"2167039673","1896260025","0.0357143"
"1896260025","2246414091","0.0357143"
"2246414091","1896260025","0.0357143"
"1896260025","225255289","0.404304"
"225255289","1896260025","0.404304"
"1896260025","2290712282","0.445971"
"2290712282","1896260025","0.445971"
"1896260025","23689647","0.160714"
"23689647","1896260025","0.160714"
"1896260025","284059702","0.202381"
"284059702","1896260025","0.202381"
"1896260025","42907978","2.4043"
"42907978","1896260025","2.4043"
"1971138496","2011019795","0.0357143"
"2011019795","1971138496","0.0357143"
"1971138496","2079659084","0.0357143"
"2079659084","1971138496","0.0357143"
"1971138496","2081752276","0.0357143"
"2081752276","1971138496","0.0357143"
"1971138496","2115999901","0.126623"
"2115999901","1971138496","0.126623"
"1971138496","2118444751","0.626623"
"2118444751","1971138496","0.626623"
"1971138496","2121556460","0.126623"
"2121556460","1971138496","0.126623"
"1971138496","2130485792","0.126623"
"2130485792","1971138496","0.126623"
"1971138496","2132686161","0.869048"
"2132686161","1971138496","0.869048"
"1971138496","2140393359","0.0357143"
"2140393359","1971138496","0.0357143"
"1971138496","2157688345","0.0357143"
"2157688345","1971138496","0.0357143"
"1971138496","2162312314","0.126623"
"2162312314","1971138496","0.126623"
"1971138496","2167039673","0.126623"
"2167039673","1971138496","0.126623"
"1971138496","2246414091","0.0357143"
"2246414091","1971138496","0.0357143"
"1971138496","225255289","0.0357143"
"225255289","1971138496","0.0357143"
"1971138496","2290712282","0.0357143"
"2290712282","1971138496","0.0357143"
"1971138496","23689647","0.0357143"
"23689647","1971138496","0.0357143"
"1971138496","284059702","0.0357143"
"284059702","1971138496","0.0357143"
"1971138496","42907978","1.03571"
"42907978","1971138496","1.03571"
"2011019795","2079659084","0.735714"
"2079659084","2011019795","0.735714"
"2011019795","2081752276","0.0357143"
"2081752276","2011019795","0.0357143"
"2011019795","2115999901","0.360714"
"2115999901","2011019795","0.360714"
"2011019795","2118444751","0.569048"
"2118444751","2011019795","0.569048"
"2011019795","2121556460","0.0357143"
"2121556460","2011019795","0.0357143"
"2011019795","2130485792","0.237637"
"2130485792","2011019795","0.237637"
"2011019795","2132686161","0.0357143"
"2132686161","2011019795","0.0357143"
"2011019795","2140393359","1.04524"
"2140393359","2011019795","1.04524"
"2011019795","2157688345","0.0357143"
"2157688345","2011019795","0.0357143"
"2011019795","2162312314","0.0357143"
"2162312314","2011019795","0.0357143"
"2011019795","2167039673","0.285714"
"2167039673","2011019795","0.285714"
"2011019795","2246414091","1.53571"
"2246414091","2011019795","1.53571"
"2011019795","225255289","3.63049"
"225255289","2011019795","3.63049"
"2011019795","2290712282","0.362637"
"2290712282","2011019795","0.362637"
"2011019795","23689647","0.0357143"
"23689647","2011019795","0.0357143"
"2011019795","284059702","0.0357143"
"284059702","2011019795","0.0357143"
"2011019795","42907978","1.31264"
"42907978","2011019795","1.31264"
"2079659084","2081752276","0.178571"
"2081752276","2079659084","0.178571"
"2079659084","2115999901","0.0357143"
"2115999901","2079659084","0.0357143"
"2079659084","2118444751","5.44524"
"2118444751","2079659084","5.44524"
"2079659084","2121556460","0.0357143"
"2121556460","2079659084","0.0357143"
"2079659084","2130485792","0.235714"
"2130485792","2079659084","0.235714"
"2079659084","2132686161","0.0357143"
"2132686161","2079659084","0.0357143"
"2079659084","2140393359","1.1119"
"2140393359","2079659084","1.1119"
"2079659084","2157688345","0.0357143"
"2157688345","2079659084","0.0357143"
"2079659084","2162312314","0.178571"
"2162312314","2079659084","0.178571"
"2079659084","2167039673","0.0357143"
"2167039673","2079659084","0.0357143"
"2079659084","2246414091","0.0357143"
"2246414091","2079659084","0.0357143"
"2079659084","225255289","0.0357143"
"225255289","2079659084","0.0357143"
"2079659084","2290712282","0.0357143"
"2290712282","2079659084","0.0357143"
"2079659084","23689647","0.0357143"
"23689647","2079659084","0.0357143"
"2079659084","284059702","0.0357143"
"284059702","2079659084","0.0357143"
"2079659084","42907978","0.911905"
"42907978","2079659084","0.911905"
"2081752276","2115999901","0.821429"
"2115999901","2081752276","0.821429"
"2081752276","2118444751","0.628571"
"2118444751","2081752276","0.628571"
"2081752276","2121556460","0.0357143"
"2121556460","2081752276","0.0357143"
"2081752276","2130485792","1.32143"
"2130485792","2081752276","1.32143"
"2081752276","2132686161","0.0357143"
"2132686161","2081752276","0.0357143"
"2081752276","2140393359","0.428571"
"2140393359","2081752276","0.428571"
"2081752276","2157688345","0.0357143"
"2157688345","2081752276","0.0357143"
"2081752276","2162312314","2.41429"
"2162312314","2081752276","2.41429"
"2081752276","2167039673","0.535714"
"2167039673","2081752276","0.535714"
"2081752276","2246414091","0.0357143"
"2246414091","2081752276","0.0357143"
"2081752276","225255289","0.0357143"
"225255289","2081752276","0.0357143"
"2081752276","2290712282","0.0357143"
"2290712282","2081752276","0.0357143"
"2081752276","23689647","0.321429"
"23689647","2081752276","0.321429"
"2081752276","284059702","0.0357143"
"284059702","2081752276","0.0357143"
"2081752276","42907978","2.87857"
"42907978","2081752276","2.87857"
"2115999901","2118444751","0.126623"
"2118444751","2115999901","0.126623"
"2115999901","2121556460","0.269481"
"2121556460","2115999901","0.269481"
"2115999901","2130485792","0.537338"
"2130485792","2115999901","0.537338"
"2115999901","2132686161","0.0357143"
"2132686161","2115999901","0.0357143"
"2115999901","2140393359","0.0357143"
"2140393359","2115999901","0.0357143"
"2115999901","2157688345","0.0357143"
"2157688345","2115999901","0.0357143"
"2115999901","2162312314","1.30916"
"2162312314","2115999901","1.30916"
"2115999901","2167039673","0.412338"
"2167039673","2115999901","0.412338"
"2115999901","2246414091","0.0357143"
"2246414091","2115999901","0.0357143"
"2115999901","225255289","0.994048"
"225255289","2115999901","0.994048"
"2115999901","2290712282","0.146825"
"2290712282","2115999901","0.146825"
"2115999901","23689647","0.464286"
"23689647","2115999901","0.464286"
"2115999901","284059702","0.321429"
"284059702","2115999901","0.321429"
"2115999901","42907978","0.378571"
"42907978","2115999901","0.378571"
"2118444751","2121556460","0.126623"
"2121556460","2118444751","0.126623"
"2118444751","2130485792","0.326623"
"2130485792","2118444751","0.326623"
"2118444751","2132686161","0.0357143"
"2132686161","2118444751","0.0357143"
"2118444751","2140393359","2.19524"
"2140393359","2118444751","2.19524"
"2118444751","2157688345","0.0357143"
"2157688345","2118444751","0.0357143"
"2118444751","2162312314","0.719481"
"2162312314","2118444751","0.719481"
"2118444751","2167039673","0.126623"
"2167039673","2118444751","0.126623"
"2118444751","2246414091","0.0357143"
"2246414091","2118444751","0.0357143"
"2118444751","225255289","0.369048"
"225255289","2118444751","0.369048"
"2118444751","2290712282","0.0357143"
"2290712282","2118444751","0.0357143"
"2118444751","23689647","0.0357143"
"23689647","2118444751","0.0357143"
"2118444751","284059702","0.0357143"
"284059702","2118444751","0.0357143"
"2118444751","42907978","1.6119"
"42907978","2118444751","1.6119"
"2121556460","2130485792","1.45996"
"2130485792","2121556460","1.45996"
"2121556460","2132686161","0.0357143"
"2132686161","2121556460","0.0357143"
"2121556460","2140393359","0.0357143"
"2140393359","2121556460","0.0357143"
"2121556460","2157688345","0.0357143"
"2157688345","2121556460","0.0357143"
"2121556460","2162312314","0.269481"
"2162312314","2121556460","0.269481"
"2121556460","2167039673","0.269481"
"2167039673","2121556460","0.269481"
"2121556460","2246414091","0.0357143"
"2246414091","2121556460","0.0357143"
"2121556460","225255289","0.0357143"
"225255289","2121556460","0.0357143"
"2121556460","2290712282","0.0357143"
"2290712282","2121556460","0.0357143"
"2121556460","23689647","0.0357143"
"23689647","2121556460","0.0357143"
"2121556460","284059702","0.178571"
"284059702","2121556460","0.178571"
"2121556460","42907978","0.535714"
"42907978","2121556460","0.535714"
"2130485792","2132686161","0.0357143"
"2132686161","2130485792","0.0357143"
"2130485792","2140393359","0.235714"
"2140393359","2130485792","0.235714"
"2130485792","2157688345","4.90238"
"2157688345","2130485792","4.90238"
"2130485792","2162312314","1.41234"
"2162312314","2130485792","1.41234"
"2130485792","2167039673","8.62662"
"2167039673","2130485792","8.62662"
"2130485792","2246414091","0.0357143"
"2246414091","2130485792","0.0357143"
"2130485792","225255289","0.237637"
"225255289","2130485792","0.237637"
"2130485792","2290712282","0.112637"
"2290712282","2130485792","0.112637"
"2130485792","23689647","0.321429"
"23689647","2130485792","0.321429"
"2130485792","284059702","0.0357143"
"284059702","2130485792","0.0357143"
"2130485792","42907978","0.312637"
"42907978","2130485792","0.312637"
"2132686161","2140393359","0.0357143"
"2140393359","2132686161","0.0357143"
"2132686161","2157688345","0.0357143"
"2157688345","2132686161","0.0357143"
"2132686161","2162312314","0.0357143"
"2162312314","2132686161","0.0357143"
"2132686161","2167039673","0.0357143"
"2167039673","2132686161","0.0357143"
"2132686161","2246414091","0.0357143"
"2246414091","2132686161","0.0357143"
"2132686161","225255289","0.0357143"
"225255289","2132686161","0.0357143"
"2132686161","2290712282","0.0357143"
"2290712282","2132686161","0.0357143"
"2132686161","23689647","0.0357143"
"23689647","2132686161","0.0357143"
"2132686161","284059702","0.0357143"
"284059702","2132686161","0.0357143"
"2132686161","42907978","1.28571"
"42907978","2132686161","1.28571"
"2140393359","2157688345","1.03571"
"2157688345","2140393359","1.03571"
"2140393359","2162312314","0.428571"
"2162312314","2140393359","0.428571"
"2140393359","2167039673","0.0357143"
"2167039673","2140393359","0.0357143"
"2140393359","2246414091","0.369048"
"2246414091","2140393359","0.369048"
"2140393359","225255289","0.511905"
"225255289","2140393359","0.511905"
"2140393359","2290712282","0.0357143"
"2290712282","2140393359","0.0357143"
"2140393359","23689647","0.0357143"
"23689647","2140393359","0.0357143"
"2140393359","284059702","0.0357143"
"284059702","2140393359","0.0357143"
"2140393359","42907978","0.578571"
"42907978","2140393359","0.578571"
"2157688345","2162312314","0.0357143"
"2162312314","2157688345","0.0357143"
"2157688345","2167039673","8.70238"
"2167039673","2157688345","8.70238"
"2157688345","2246414091","0.0357143"
"2246414091","2157688345","0.0357143"
"2157688345","225255289","0.0357143"
"225255289","2157688345","0.0357143"
"2157688345","2290712282","0.0357143"
"2290712282","2157688345","0.0357143"
"2157688345","23689647","0.0357143"
"23689647","2157688345","0.0357143"
"2157688345","284059702","0.0357143"
"284059702","2157688345","0.0357143"
"2157688345","42907978","0.0357143"
"42907978","2157688345","0.0357143"
"2162312314","2167039673","0.412338"
"2167039673","2162312314","0.412338"
"2162312314","2246414091","0.0357143"
"2246414091","2162312314","0.0357143"
"2162312314","225255289","0.202381"
"225255289","2162312314","0.202381"
"2162312314","2290712282","0.313492"
"2290712282","2162312314","0.313492"
"2162312314","23689647","0.630952"
"23689647","2162312314","0.630952"
"2162312314","284059702","1.82143"
"284059702","2162312314","1.82143"
"2162312314","42907978","3.85476"
"42907978","2162312314","3.85476"
"2167039673","2246414091","0.0357143"
"2246414091","2167039673","0.0357143"
"2167039673","225255289","0.285714"
"225255289","2167039673","0.285714"
"2167039673","2290712282","0.285714"
"2290712282","2167039673","0.285714"
"2167039673","23689647","0.178571"
"23689647","2167039673","0.178571"
"2167039673","284059702","0.321429"
"284059702","2167039673","0.321429"
"2167039673","42907978","1.67857"
"42907978","2167039673","1.67857"
"2246414091","225255289","0.369048"
"225255289","2246414091","0.369048"
"2246414091","2290712282","0.285714"
"2290712282","2246414091","0.285714"
"2246414091","23689647","0.0357143"
"23689647","2246414091","0.0357143"
"2246414091","284059702","0.0357143"
"284059702","2246414091","0.0357143"
"2246414091","42907978","0.535714"
"42907978","2246414091","0.535714"
"225255289","2290712282","0.895971"
"2290712282","225255289","0.895971"
"225255289","23689647","0.327381"
"23689647","225255289","0.327381"
"225255289","284059702","0.235714"
"284059702","225255289","0.235714"
"225255289","42907978","2.86383"
"42907978","225255289","2.86383"
"2290712282","23689647","0.202381"
"23689647","2290712282","0.202381"
"2290712282","284059702","0.402381"
"284059702","2290712282","0.402381"
"2290712282","42907978","0.279304"
"42907978","2290712282","0.279304"
"23689647","284059702","0.178571"
"284059702","23689647","0.178571"
"23689647","42907978","1.30357"
"42907978","23689647","1.30357"
"284059702","42907978","0.678571"
"42907978","284059702","0.678571"
"100447398","10083169","0.0769231"
"10083169","100447398","0.0769231"
"100447398","2252710622","0.513034"
"2252710622","100447398","0.513034"
"10083169","1555858032","0.276923"
"1555858032","10083169","0.276923"
"10083169","1555868650","0.0769231"
"1555868650","10083169","0.0769231"
"10083169","159000170","3.94359"
"159000170","10083169","3.94359"
"10083169","1596494678","0.0769231"
"1596494678","10083169","0.0769231"
"10083169","1882406771","0.21978"
"1882406771","10083169","0.21978"
"10083169","1896260025","1.41026"
"1896260025","10083169","1.41026"
"10083169","2011019795","1.44359"
"2011019795","10083169","1.44359"
"10083169","2130485792","0.0769231"
"2130485792","10083169","0.0769231"
"10083169","225255289","0.610256"
"225255289","10083169","0.610256"
"10083169","2252710622","1.07692"
"2252710622","10083169","1.07692"
"10083169","2290712282","0.0769231"
"2290712282","10083169","0.0769231"
"10083169","42907978","2.61978"
"42907978","10083169","2.61978"
"1555858032","2252710622","0.54478"
"2252710622","1555858032","0.54478"
"1555868650","2252710622","0.313034"
"2252710622","1555868650","0.313034"
"159000170","2252710622","0.979701"
"2252710622","159000170","0.979701"
"1596494678","2252710622","0.188034"
"2252710622","1596494678","0.188034"
"1882406771","2252710622","0.201923"
"2252710622","1882406771","0.201923"
"1896260025","2252710622","0.535256"
"2252710622","1896260025","0.535256"
"2011019795","2252710622","1.67811"
"2252710622","2011019795","1.67811"
"2130485792","2252710622","0.201923"
"2252710622","2130485792","0.201923"
"225255289","2252710622","2.7293"
"2252710622","225255289","2.7293"
"2252710622","2290712282","2.93803"
"2290712282","2252710622","2.93803"
"2252710622","42907978","3.57811"
"42907978","2252710622","3.57811"
"100447398","2020197341","0.236111"
"2020197341","100447398","0.236111"
"1555868650","2020197341","0.236111"
"2020197341","1555868650","0.236111"
"159000170","2020197341","1.07897"
"2020197341","159000170","1.07897"
"1896260025","2020197341","1.29167"
"2020197341","1896260025","1.29167"
"2020197341","225255289","1.15833"
"225255289","2020197341","1.15833"
"2020197341","2252710622","1.98611"
"2252710622","2020197341","1.98611"
"2020197341","23689647","1.125"
"23689647","2020197341","1.125"
"2020197341","42907978","2.66786"
"42907978","2020197341","2.66786"
"2252710622","23689647","0.291667"
"23689647","2252710622","0.291667"
"100447398","172496244","0.111111"
"172496244","100447398","0.111111"
"1555868650","172496244","0.611111"
"172496244","1555868650","0.611111"
"159000170","172496244","0.453968"
"172496244","159000170","0.453968"
"1596494678","172496244","0.111111"
"172496244","1596494678","0.111111"
"1596494678","2020197341","0.111111"
"2020197341","1596494678","0.111111"
"172496244","2020197341","0.453968"
"2020197341","172496244","0.453968"
"172496244","2115999901","0.253968"
"2115999901","172496244","0.253968"
"172496244","2162312314","0.253968"
"2162312314","172496244","0.253968"
"172496244","2252710622","0.111111"
"2252710622","172496244","0.111111"
"172496244","2290712282","0.311111"
"2290712282","172496244","0.311111"
"2020197341","2115999901","0.253968"
"2115999901","2020197341","0.253968"
"2020197341","2162312314","1.09683"
"2162312314","2020197341","1.09683"
"2020197341","2290712282","0.477778"
"2290712282","2020197341","0.477778"
"2115999901","2252710622","0.236111"
"2252710622","2115999901","0.236111"
"2162312314","2252710622","0.611111"
"2252710622","2162312314","0.611111"
"100447398","2474051009","0.2"
"2474051009","100447398","0.2"
"100447398","2595799331","0.2"
"2595799331","100447398","0.2"
"100447398","2893603494","0.2"
"2893603494","100447398","0.2"
"2252710622","2474051009","0.741667"
"2474051009","2252710622","0.741667"
"2252710622","2595799331","1.15"
"2595799331","2252710622","1.15"
"2252710622","2893603494","0.342857"
"2893603494","2252710622","0.342857"
"2474051009","2595799331","0.366667"
"2595799331","2474051009","0.366667"
"2474051009","2893603494","0.2"
"2893603494","2474051009","0.2"
"2474051009","42907978","0.45"
"42907978","2474051009","0.45"
"2595799331","2893603494","0.2"
"2893603494","2595799331","0.2"
"2595799331","42907978","0.4"
"42907978","2595799331","0.4"
"2893603494","42907978","0.342857"
"42907978","2893603494","0.342857"
"10083169","2115999901","0.142857"
"2115999901","10083169","0.142857"
"10083169","2162312314","0.342857"
"2162312314","10083169","0.342857"
"10083169","2167039673","0.142857"
"2167039673","10083169","0.142857"
"10083169","23689647","0.642857"
"23689647","10083169","0.642857"
"10083169","284059702","0.142857"
"284059702","10083169","0.142857"
"10083169","2020197341","0.533333"
"2020197341","10083169","0.533333"
"10083169","2081752276","0.2"
"2081752276","10083169","0.2"
"10083169","2118444751","0.4"
"2118444751","10083169","0.4"
"2020197341","2081752276","0.342857"
"2081752276","2020197341","0.342857"
"2020197341","2118444751","1.54286"
"2118444751","2020197341","1.54286"
"10083169","126867939","1"
"126867939","10083169","1"
"10083169","2246414091","2.16667"
"2246414091","10083169","2.16667"
"10083169","2233608401","0.2"
"2233608401","10083169","0.2"
"1555858032","2233608401","0.325"
"2233608401","1555858032","0.325"
"159000170","2233608401","0.2"
"2233608401","159000170","0.2"
"2233608401","225255289","1.65833"
"225255289","2233608401","1.65833"
"2233608401","42907978","0.7"
"42907978","2233608401","0.7"
"2020197341","2246414091","1.66667"
"2246414091","2020197341","1.66667"
"10083169","2546436634","1.5"
"2546436634","10083169","1.5"
"2546436634","42907978","1.58333"
"42907978","2546436634","1.58333"
"10083169","2595799331","1"
"2595799331","10083169","1"
"10083169","1853239675","0.2"
"1853239675","10083169","0.2"
"10083169","2079659084","0.2"
"2079659084","10083169","0.2"
"10083169","2140393359","0.2"
"2140393359","10083169","0.2"
"126867939","159000170","0.833333"
"159000170","126867939","0.833333"
"126867939","42907978","0.5"
"42907978","126867939","0.5"
"126867939","2252710622","1.83333"
"2252710622","126867939","1.83333"
"126867939","2595799331","0.333333"
"2595799331","126867939","0.333333"
"159000170","2595799331","0.5"
"2595799331","159000170","0.5"
"126867939","2596063216","1"
"2596063216","126867939","1"
"126867939","2894001066","0.5"
"2894001066","126867939","0.5"
"2252710622","2894001066","0.892857"
"2894001066","2252710622","0.892857"
"130735172","2130485792","1"
"2130485792","130735172","1"
"130735172","1971138496","1"
"1971138496","130735172","1"
"130735172","2894001066","1"
"2894001066","130735172","1"
"130735172","2083854296","1"
"2083854296","130735172","1"
"1483204273","2071445312","0.333333"
"2071445312","1483204273","0.333333"
"1483204273","2083854296","0.333333"
"2083854296","1483204273","0.333333"
"1483204273","2539392871","0.333333"
"2539392871","1483204273","0.333333"
"2071445312","2083854296","0.533333"
"2083854296","2071445312","0.533333"
"2071445312","2539392871","1.53333"
"2539392871","2071445312","1.53333"
"2083854296","2539392871","0.533333"
"2539392871","2083854296","0.533333"
"1538830215","2146435850","0.333333"
"2146435850","1538830215","0.333333"
"2115999901","2146435850","0.333333"
"2146435850","2115999901","0.333333"
"2146435850","225255289","0.583333"
"225255289","2146435850","0.583333"
"1543084260","2167039673","1"
"2167039673","1543084260","1"
"1543084260","1988820049","0.5"
"1988820049","1543084260","0.5"
"1543084260","2121556460","0.5"
"2121556460","1543084260","0.5"
"1988820049","2121556460","0.5"
"2121556460","1988820049","0.5"
"1546766695","1555868650","0.333333"
"1555868650","1546766695","0.333333"
"1546766695","2071445312","0.2"
"2071445312","1546766695","0.2"
"1546766695","2083854296","0.2"
"2083854296","1546766695","0.2"
"1546766695","2118444751","0.2"
"2118444751","1546766695","0.2"
"1546766695","2539392871","0.2"
"2539392871","1546766695","0.2"
"1596494678","2071445312","0.2"
"2071445312","1596494678","0.2"
"1596494678","2083854296","0.2"
"2083854296","1596494678","0.2"
"1596494678","2539392871","0.2"
"2539392871","1596494678","0.2"
"2071445312","2118444751","2.03333"
"2118444751","2071445312","2.03333"
"2083854296","2118444751","3.2"
"2118444751","2083854296","3.2"
"2118444751","2539392871","0.2"
"2539392871","2118444751","0.2"
"1546766695","1882406771","0.5"
"1882406771","1546766695","0.5"
"1546766695","2121556460","0.5"
"2121556460","1546766695","0.5"
"1555858032","1608058890","0.333333"
"1608058890","1555858032","0.333333"
"1596494678","1608058890","1.33333"
"1608058890","1596494678","1.33333"
"1608058890","2130485792","0.833333"
"2130485792","1608058890","0.833333"
"1555858032","172496244","0.333333"
"172496244","1555858032","0.333333"
"172496244","1882406771","0.333333"
"1882406771","172496244","0.333333"
"172496244","42907978","0.833333"
"42907978","172496244","0.833333"
"1555858032","2474051009","0.125"
"2474051009","1555858032","0.125"
"1882406771","2233608401","0.125"
"2233608401","1882406771","0.125"
"1882406771","2474051009","0.125"
"2474051009","1882406771","0.125"
"2011019795","2233608401","0.458333"
"2233608401","2011019795","0.458333"
"2011019795","2474051009","0.375"
"2474051009","2011019795","0.375"
"2115999901","2233608401","1.625"
"2233608401","2115999901","1.625"
"2115999901","2474051009","0.125"
"2474051009","2115999901","0.125"
"2130485792","2233608401","0.125"
"2233608401","2130485792","0.125"
"2130485792","2474051009","0.125"
"2474051009","2130485792","0.125"
"2233608401","2252710622","1.125"
"2252710622","2233608401","1.125"
"2233608401","2474051009","3.15833"
"2474051009","2233608401","3.15833"
"225255289","2474051009","0.541667"
"2474051009","225255289","0.541667"
"1555858032","2573712387","0.2"
"2573712387","1555858032","0.2"
