"121204761","1569786601","0.0625"
"1569786601","121204761","0.0625"
"121204761","1602316634","0.0625"
"1602316634","121204761","0.0625"
"121204761","1700551583","0.0625"
"1700551583","121204761","0.0625"
"121204761","2007829585","0.0625"
"2007829585","121204761","0.0625"
"121204761","2047386507","0.395833"
"2047386507","121204761","0.395833"
"121204761","2099141560","0.0625"
"2099141560","121204761","0.0625"
"121204761","2100130037","0.0625"
"2100130037","121204761","0.0625"
"121204761","2107247620","0.0625"
"2107247620","121204761","0.0625"
"121204761","2110715906","0.0625"
"2110715906","121204761","0.0625"
"121204761","2122247359","0.0625"
"2122247359","121204761","0.0625"
"121204761","2126898911","0.0625"
"2126898911","121204761","0.0625"
"121204761","2129590386","0.0625"
"2129590386","121204761","0.0625"
"121204761","2142725305","0.0625"
"2142725305","121204761","0.0625"
"121204761","2150710989","0.0625"
"2150710989","121204761","0.0625"
"121204761","2158741508","0.0625"
"2158741508","121204761","0.0625"
"121204761","2164382693","0.395833"
"2164382693","121204761","0.395833"
"1569786601","1602316634","0.129167"
"1602316634","1569786601","0.129167"
"1569786601","1700551583","1.7296"
"1700551583","1569786601","1.7296"
"1569786601","2007829585","0.0625"
"2007829585","1569786601","0.0625"
"1569786601","2047386507","0.229167"
"2047386507","1569786601","0.229167"
"1569786601","2099141560","0.229167"
"2099141560","1569786601","0.229167"
"1569786601","2100130037","0.0625"
"2100130037","1569786601","0.0625"
"1569786601","2107247620","0.295833"
"2107247620","1569786601","0.295833"
"1569786601","2110715906","0.0625"
"2110715906","1569786601","0.0625"
"1569786601","2122247359","0.7296"
"2122247359","1569786601","0.7296"
"1569786601","2126898911","0.553409"
"2126898911","1569786601","0.553409"
"1569786601","2129590386","2.58674"
"2129590386","1569786601","2.58674"
"1569786601","2142725305","0.662933"
"2142725305","1569786601","0.662933"
"1569786601","2150710989","0.295833"
"2150710989","1569786601","0.295833"
"1569786601","2158741508","0.43869"
"2158741508","1569786601","0.43869"
"1569786601","2164382693","0.0625"
"2164382693","1569786601","0.0625"
"1602316634","1700551583","0.129167"
"1700551583","1602316634","0.129167"
"1602316634","2007829585","0.860119"
"2007829585","1602316634","0.860119"
"1602316634","2047386507","0.419643"
"2047386507","1602316634","0.419643"
"1602316634","2099141560","0.110119"
"2099141560","1602316634","0.110119"
"1602316634","2100130037","0.619643"
"2100130037","1602316634","0.619643"
"1602316634","2107247620","0.629167"
"2107247620","1602316634","0.629167"
"1602316634","2110715906","0.0625"
"2110715906","1602316634","0.0625"
"1602316634","2122247359","0.176786"
"2122247359","1602316634","0.176786"
"1602316634","2126898911","1.46964"
"2126898911","1602316634","1.46964"
"1602316634","2129590386","0.129167"
"2129590386","1602316634","0.129167"
"1602316634","2142725305","0.0625"
"2142725305","1602316634","0.0625"
"1602316634","2150710989","0.676786"
"2150710989","1602316634","0.676786"
"1602316634","2158741508","0.379167"
"2158741508","1602316634","0.379167"
"1602316634","2164382693","0.0625"
"2164382693","1602316634","0.0625"
"1700551583","2007829585","0.0625"
"2007829585","1700551583","0.0625"
"1700551583","2047386507","0.0625"
"2047386507","1700551583","0.0625"
"1700551583","2099141560","0.0625"
"2099141560","1700551583","0.0625"
"1700551583","2100130037","0.0625"
"2100130037","1700551583","0.0625"
"1700551583","2107247620","0.129167"
"2107247620","1700551583","0.129167"
"1700551583","2110715906","0.0625"
"2110715906","1700551583","0.0625"
"1700551583","2122247359","1.81293"
"2122247359","1700551583","1.81293"
"1700551583","2126898911","0.553409"
"2126898911","1700551583","0.553409"
"1700551583","2129590386","0.920076"
"2129590386","1700551583","0.920076"
"1700551583","2142725305","2.36293"
"2142725305","1700551583","2.36293"
"1700551583","2150710989","0.129167"
"2150710989","1700551583","0.129167"
"1700551583","2158741508","0.472024"
"2158741508","1700551583","0.472024"
"1700551583","2164382693","0.0625"
"2164382693","1700551583","0.0625"
"2007829585","2047386507","0.276786"
"2047386507","2007829585","0.276786"
"2007829585","2099141560","0.110119"
"2099141560","2007829585","0.110119"
"2007829585","2100130037","0.419643"
"2100130037","2007829585","0.419643"
"2007829585","2107247620","0.0625"
"2107247620","2007829585","0.0625"
"2007829585","2110715906","0.0625"
"2110715906","2007829585","0.0625"
"2007829585","2122247359","0.110119"
"2122247359","2007829585","0.110119"
"2007829585","2126898911","6.25298"
"2126898911","2007829585","6.25298"
"2007829585","2129590386","0.0625"
"2129590386","2007829585","0.0625"
"2007829585","2142725305","0.0625"
"2142725305","2007829585","0.0625"
"2007829585","2150710989","0.110119"
"2150710989","2007829585","0.110119"
"2007829585","2158741508","0.3125"
"2158741508","2007829585","0.3125"
"2007829585","2164382693","0.0625"
"2164382693","2007829585","0.0625"
"2047386507","2099141560","0.276786"
"2099141560","2047386507","0.276786"
"2047386507","2100130037","0.78631"
"2100130037","2047386507","0.78631"
"2047386507","2107247620","0.0625"
"2107247620","2047386507","0.0625"
"2047386507","2110715906","0.0625"
"2110715906","2047386507","0.0625"
"2047386507","2122247359","0.276786"
"2122247359","2047386507","0.276786"
"2047386507","2126898911","1.95298"
"2126898911","2047386507","1.95298"
"2047386507","2129590386","0.0625"
"2129590386","2047386507","0.0625"
"2047386507","2142725305","0.0625"
"2142725305","2047386507","0.0625"
"2047386507","2150710989","0.276786"
"2150710989","2047386507","0.276786"
"2047386507","2158741508","0.595833"
"2158741508","2047386507","0.595833"
"2047386507","2164382693","1.39583"
"2164382693","2047386507","1.39583"
"2099141560","2100130037","0.110119"
"2100130037","2099141560","0.110119"
"2099141560","2107247620","0.0625"
"2107247620","2099141560","0.0625"
"2099141560","2110715906","0.0625"
"2110715906","2099141560","0.0625"
"2099141560","2122247359","0.276786"
"2122247359","2099141560","0.276786"
"2099141560","2126898911","1.11012"
"2126898911","2099141560","1.11012"
"2099141560","2129590386","0.0625"
"2129590386","2099141560","0.0625"
"2099141560","2142725305","0.0625"
"2142725305","2099141560","0.0625"
"2099141560","2150710989","2.11012"
"2150710989","2099141560","2.11012"
"2099141560","2158741508","1.22917"
"2158741508","2099141560","1.22917"
"2099141560","2164382693","0.0625"
"2164382693","2099141560","0.0625"
"2100130037","2107247620","0.0625"
"2107247620","2100130037","0.0625"
"2100130037","2110715906","0.0625"
"2110715906","2100130037","0.0625"
"2100130037","2122247359","0.110119"
"2122247359","2100130037","0.110119"
"2100130037","2126898911","1.12917"
"2126898911","2100130037","1.12917"
"2100130037","2129590386","0.0625"
"2129590386","2100130037","0.0625"
"2100130037","2142725305","0.0625"
"2142725305","2100130037","0.0625"
"2100130037","2150710989","0.110119"
"2150710989","2100130037","0.110119"
"2100130037","2158741508","4.02917"
"2158741508","2100130037","4.02917"
"2100130037","2164382693","0.0625"
"2164382693","2100130037","0.0625"
"2107247620","2110715906","0.0625"
"2110715906","2107247620","0.0625"
"2107247620","2122247359","0.4625"
"2122247359","2107247620","0.4625"
"2107247620","2126898911","0.8625"
"2126898911","2107247620","0.8625"
"2107247620","2129590386","0.129167"
"2129590386","2107247620","0.129167"
"2107247620","2142725305","0.0625"
"2142725305","2107247620","0.0625"
"2107247620","2150710989","0.195833"
"2150710989","2107247620","0.195833"
"2107247620","2158741508","0.129167"
"2158741508","2107247620","0.129167"
"2107247620","2164382693","0.0625"
"2164382693","2107247620","0.0625"
"2110715906","2122247359","0.0625"
"2122247359","2110715906","0.0625"
"2110715906","2126898911","0.0625"
"2126898911","2110715906","0.0625"
"2110715906","2129590386","0.0625"
"2129590386","2110715906","0.0625"
"2110715906","2142725305","0.0625"
"2142725305","2110715906","0.0625"
"2110715906","2150710989","2.0625"
"2150710989","2110715906","2.0625"
"2110715906","2158741508","0.0625"
"2158741508","2110715906","0.0625"
"2110715906","2164382693","0.0625"
"2164382693","2110715906","0.0625"
"2122247359","2126898911","0.767695"
"2126898911","2122247359","0.767695"
"2122247359","2129590386","2.42008"
"2129590386","2122247359","2.42008"
"2122247359","2142725305","1.99627"
"2142725305","2122247359","1.99627"
"2122247359","2150710989","0.343452"
"2150710989","2122247359","0.343452"
"2122247359","2158741508","0.43869"
"2158741508","2122247359","0.43869"
"2122247359","2164382693","0.0625"
"2164382693","2122247359","0.0625"
"2126898911","2129590386","0.886742"
"2129590386","2126898911","0.886742"
"2126898911","2142725305","0.320076"
"2142725305","2126898911","0.320076"
"2126898911","2150710989","1.24345"
"2150710989","2126898911","1.24345"
"2126898911","2158741508","0.9125"
"2158741508","2126898911","0.9125"
"2126898911","2164382693","0.0625"
"2164382693","2126898911","0.0625"
"2129590386","2142725305","0.770076"
"2142725305","2129590386","0.770076"
"2129590386","2150710989","0.4625"
"2150710989","2129590386","0.4625"
"2129590386","2158741508","0.129167"
"2158741508","2129590386","0.129167"
"2129590386","2164382693","0.395833"
"2164382693","2129590386","0.395833"
"2142725305","2150710989","0.0625"
"2150710989","2142725305","0.0625"
"2142725305","2158741508","0.405357"
"2158741508","2142725305","0.405357"
"2142725305","2164382693","0.0625"
"2164382693","2142725305","0.0625"
"2150710989","2158741508","1.29583"
"2158741508","2150710989","1.29583"
"2150710989","2164382693","0.395833"
"2164382693","2150710989","0.395833"
"2158741508","2164382693","0.0625"
"2164382693","2158741508","0.0625"
"121204761","2023894982","0.333333"
"2023894982","121204761","0.333333"
"2023894982","2047386507","0.333333"
"2047386507","2023894982","0.333333"
"2023894982","2164382693","0.333333"
"2164382693","2023894982","0.333333"
"1496974464","2130986447","1.83333"
"2130986447","1496974464","1.83333"
"1496974464","2133983101","1"
"2133983101","1496974464","1"
"2130986447","2133983101","0.5"
"2133983101","2130986447","0.5"
"1496974464","1547742302","0.5"
"1547742302","1496974464","0.5"
"1547742302","2133983101","0.5"
"2133983101","1547742302","0.5"
"1496974464","1573491075","0.333333"
"1573491075","1496974464","0.333333"
"1496974464","2155465872","0.333333"
"2155465872","1496974464","0.333333"
"1573491075","2130986447","1.26667"
"2130986447","1573491075","1.26667"
"1573491075","2155465872","0.333333"
"2155465872","1573491075","0.333333"
"2130986447","2155465872","0.333333"
"2155465872","2130986447","0.333333"
"1515170712","2007829585","0.5"
"2007829585","1515170712","0.5"
"1515170712","2126898911","0.5"
"2126898911","1515170712","0.5"
"1521985943","2017264939","1"
"2017264939","1521985943","1"
"1533080036","2132828104","1"
"2132828104","1533080036","1"
"1535488818","1980375285","4.32381"
"1980375285","1535488818","4.32381"
"1535488818","2007829585","0.190476"
"2007829585","1535488818","0.190476"
"1535488818","2100130037","2.62381"
"2100130037","1535488818","2.62381"
"1535488818","2105493737","0.190476"
"2105493737","1535488818","0.190476"
"1535488818","2126898911","1.14048"
"2126898911","1535488818","1.14048"
"1535488818","2148863172","1.57381"
"2148863172","1535488818","1.57381"
"1535488818","2163681967","0.142857"
"2163681967","1535488818","0.142857"
"1980375285","2007829585","1.44048"
"2007829585","1980375285","1.44048"
"1980375285","2100130037","4.63333"
"2100130037","1980375285","4.63333"
"1980375285","2105493737","0.690476"
"2105493737","1980375285","0.690476"
"1980375285","2126898911","2.98333"
"2126898911","1980375285","2.98333"
"1980375285","2148863172","6"
"2148863172","1980375285","6"
"1980375285","2163681967","0.142857"
"2163681967","1980375285","0.142857"
"2007829585","2105493737","0.690476"
"2105493737","2007829585","0.690476"
"2007829585","2148863172","1.02381"
"2148863172","2007829585","1.02381"
"2007829585","2163681967","0.392857"
"2163681967","2007829585","0.392857"
"2100130037","2105493737","1.85714"
"2105493737","2100130037","1.85714"
"2100130037","2148863172","2.13333"
"2148863172","2100130037","2.13333"
"2100130037","2163681967","0.142857"
"2163681967","2100130037","0.142857"
"2105493737","2126898911","0.690476"
"2126898911","2105493737","0.690476"
"2105493737","2148863172","0.857143"
"2148863172","2105493737","0.857143"
"2105493737","2163681967","0.142857"
"2163681967","2105493737","0.142857"
"2126898911","2148863172","3.31667"
"2148863172","2126898911","3.31667"
"2126898911","2163681967","0.392857"
"2163681967","2126898911","0.392857"
"2148863172","2163681967","0.142857"
"2163681967","2148863172","0.142857"
"1535488818","2268310697","5"
"2268310697","1535488818","5"
"1535488818","2158741508","1.1"
"2158741508","1535488818","1.1"
"1535488818","2249669810","0.333333"
"2249669810","1535488818","0.333333"
"1980375285","2249669810","0.333333"
"2249669810","1980375285","0.333333"
"2100130037","2249669810","0.333333"
"2249669810","2100130037","0.333333"
"1535488818","1750243098","0.630952"
"1750243098","1535488818","0.630952"
"1535488818","2151350448","0.880952"
"2151350448","1535488818","0.880952"
"1750243098","2148863172","1.46429"
"2148863172","1750243098","1.46429"
"1750243098","2151350448","1.38095"
"2151350448","1750243098","1.38095"
"2148863172","2151350448","0.380952"
"2151350448","2148863172","0.380952"
"1535488818","2107656477","0.897619"
"2107656477","1535488818","0.897619"
"1750243098","2107656477","1.13095"
"2107656477","1750243098","1.13095"
"1750243098","2126898911","0.880952"
"2126898911","1750243098","0.880952"
"2107656477","2126898911","0.630952"
"2126898911","2107656477","0.630952"
"2107656477","2148863172","1.23095"
"2148863172","2107656477","1.23095"
"2148863172","2268310697","1.33333"
"2268310697","2148863172","1.33333"
"1535488818","2106541455","2"
"2106541455","1535488818","2"
"1535488818","1602316634","0.247619"
"1602316634","1535488818","0.247619"
"1535488818","1988449146","0.2"
"1988449146","1535488818","0.2"
"1602316634","1980375285","2.34048"
"1980375285","1602316634","2.34048"
"1602316634","1988449146","1.2"
"1988449146","1602316634","1.2"
"1602316634","2148863172","1.59048"
"2148863172","1602316634","1.59048"
"1980375285","1988449146","1.7"
"1988449146","1980375285","1.7"
"1988449146","2126898911","0.2"
"2126898911","1988449146","0.2"
"1988449146","2148863172","0.2"
"2148863172","1988449146","0.2"
"1535488818","1547742302","0.147619"
"1547742302","1535488818","0.147619"
"1535488818","154938850","0.047619"
"154938850","1535488818","0.047619"
"1535488818","1858867537","0.147619"
"1858867537","1535488818","0.147619"
"1535488818","2047386507","0.047619"
"2047386507","1535488818","0.047619"
"1535488818","2091066976","0.047619"
"2091066976","1535488818","0.047619"
"1535488818","2099141560","0.047619"
"2099141560","1535488818","0.047619"
"1535488818","2122247359","0.047619"
"2122247359","1535488818","0.047619"
"1535488818","2130986447","0.147619"
"2130986447","1535488818","0.147619"
"1535488818","2132828104","0.047619"
"2132828104","1535488818","0.047619"
"1535488818","2150710989","0.047619"
"2150710989","1535488818","0.047619"
"1535488818","2157792207","0.147619"
"2157792207","1535488818","0.147619"
"1547742302","154938850","0.047619"
"154938850","1547742302","0.047619"
"1547742302","1602316634","0.047619"
"1602316634","1547742302","0.047619"
"1547742302","1750243098","0.047619"
"1750243098","1547742302","0.047619"
"1547742302","1858867537","2.98095"
"1858867537","1547742302","2.98095"
"1547742302","1980375285","0.147619"
"1980375285","1547742302","0.147619"
"1547742302","2007829585","0.047619"
"2007829585","1547742302","0.047619"
"1547742302","2047386507","0.047619"
"2047386507","1547742302","0.047619"
"1547742302","2091066976","1.04762"
"2091066976","1547742302","1.04762"
"1547742302","2099141560","0.047619"
"2099141560","1547742302","0.047619"
"1547742302","2100130037","0.147619"
"2100130037","1547742302","0.147619"
"1547742302","2105493737","0.047619"
"2105493737","1547742302","0.047619"
"1547742302","2107656477","0.147619"
"2107656477","1547742302","0.147619"
"1547742302","2122247359","0.047619"
"2122247359","1547742302","0.047619"
"1547742302","2126898911","0.547619"
"2126898911","1547742302","0.547619"
"1547742302","2130986447","11.981"
"2130986447","1547742302","11.981"
"1547742302","2132828104","0.547619"
"2132828104","1547742302","0.547619"
"1547742302","2148863172","0.147619"
"2148863172","1547742302","0.147619"
"1547742302","2150710989","0.047619"
"2150710989","1547742302","0.047619"
"1547742302","2151350448","0.380952"
"2151350448","1547742302","0.380952"
"1547742302","2157792207","0.147619"
"2157792207","1547742302","0.147619"
"154938850","1602316634","0.047619"
"1602316634","154938850","0.047619"
"154938850","1750243098","0.047619"
"1750243098","154938850","0.047619"
"154938850","1858867537","0.047619"
"1858867537","154938850","0.047619"
"154938850","1980375285","0.047619"
"1980375285","154938850","0.047619"
"154938850","2007829585","0.047619"
"2007829585","154938850","0.047619"
"154938850","2047386507","0.047619"
"2047386507","154938850","0.047619"
"154938850","2091066976","0.380952"
"2091066976","154938850","0.380952"
"154938850","2099141560","0.047619"
"2099141560","154938850","0.047619"
"154938850","2100130037","0.047619"
"2100130037","154938850","0.047619"
"154938850","2105493737","0.047619"
"2105493737","154938850","0.047619"
"154938850","2107656477","0.047619"
"2107656477","154938850","0.047619"
"154938850","2122247359","0.047619"
"2122247359","154938850","0.047619"
"154938850","2126898911","0.047619"
"2126898911","154938850","0.047619"
"154938850","2130986447","0.380952"
"2130986447","154938850","0.380952"
"154938850","2132828104","0.047619"
"2132828104","154938850","0.047619"
"154938850","2148863172","0.047619"
"2148863172","154938850","0.047619"
"154938850","2150710989","0.047619"
"2150710989","154938850","0.047619"
"154938850","2151350448","0.047619"
"2151350448","154938850","0.047619"
"154938850","2157792207","0.047619"
"2157792207","154938850","0.047619"
"1602316634","1750243098","0.047619"
"1750243098","1602316634","0.047619"
"1602316634","1858867537","0.047619"
"1858867537","1602316634","0.047619"
"1602316634","2091066976","0.047619"
"2091066976","1602316634","0.047619"
"1602316634","2105493737","0.214286"
"2105493737","1602316634","0.214286"
"1602316634","2107656477","0.047619"
"2107656477","1602316634","0.047619"
"1602316634","2130986447","0.190476"
"2130986447","1602316634","0.190476"
"1602316634","2132828104","0.047619"
"2132828104","1602316634","0.047619"
"1602316634","2151350448","0.047619"
"2151350448","1602316634","0.047619"
"1602316634","2157792207","1.54762"
"2157792207","1602316634","1.54762"
"1750243098","1858867537","0.047619"
"1858867537","1750243098","0.047619"
"1750243098","1980375285","3.04762"
"1980375285","1750243098","3.04762"
"1750243098","2007829585","0.297619"
"2007829585","1750243098","0.297619"
"1750243098","2047386507","0.047619"
"2047386507","1750243098","0.047619"
"1750243098","2091066976","0.047619"
"2091066976","1750243098","0.047619"
"1750243098","2099141560","0.047619"
"2099141560","1750243098","0.047619"
"1750243098","2100130037","0.047619"
"2100130037","1750243098","0.047619"
"1750243098","2105493737","0.047619"
"2105493737","1750243098","0.047619"
"1750243098","2122247359","0.047619"
"2122247359","1750243098","0.047619"
"1750243098","2130986447","0.047619"
"2130986447","1750243098","0.047619"
"1750243098","2132828104","0.297619"
"2132828104","1750243098","0.297619"
"1750243098","2150710989","0.047619"
"2150710989","1750243098","0.047619"
"1750243098","2157792207","0.047619"
"2157792207","1750243098","0.047619"
"1858867537","1980375285","0.397619"
"1980375285","1858867537","0.397619"
"1858867537","2007829585","0.047619"
"2007829585","1858867537","0.047619"
"1858867537","2047386507","0.047619"
"2047386507","1858867537","0.047619"
"1858867537","2091066976","0.297619"
"2091066976","1858867537","0.297619"
"1858867537","2099141560","0.047619"
"2099141560","1858867537","0.047619"
"1858867537","2100130037","0.147619"
"2100130037","1858867537","0.147619"
"1858867537","2105493737","1.04762"
"2105493737","1858867537","1.04762"
"1858867537","2107656477","0.397619"
"2107656477","1858867537","0.397619"
"1858867537","2122247359","0.547619"
"2122247359","1858867537","0.547619"
"1858867537","2126898911","0.047619"
"2126898911","1858867537","0.047619"
"1858867537","2130986447","9.73095"
"2130986447","1858867537","9.73095"
"1858867537","2132828104","0.047619"
"2132828104","1858867537","0.047619"
"1858867537","2148863172","0.147619"
"2148863172","1858867537","0.147619"
"1858867537","2150710989","0.047619"
"2150710989","1858867537","0.047619"
"1858867537","2151350448","2.88095"
"2151350448","1858867537","2.88095"
"1858867537","2157792207","0.147619"
"2157792207","1858867537","0.147619"
"1980375285","2047386507","0.52381"
"2047386507","1980375285","0.52381"
"1980375285","2091066976","0.297619"
"2091066976","1980375285","0.297619"
"1980375285","2099141560","0.380952"
"2099141560","1980375285","0.380952"
"1980375285","2107656477","0.397619"
"2107656477","1980375285","0.397619"
"1980375285","2122247359","0.190476"
"2122247359","1980375285","0.190476"
"1980375285","2130986447","0.707143"
"2130986447","1980375285","0.707143"
"1980375285","2132828104","0.047619"
"2132828104","1980375285","0.047619"
"1980375285","2150710989","0.047619"
"2150710989","1980375285","0.047619"
"1980375285","2151350448","0.047619"
"2151350448","1980375285","0.047619"
"1980375285","2157792207","2.14762"
"2157792207","1980375285","2.14762"
"2007829585","2091066976","0.047619"
"2091066976","2007829585","0.047619"
"2007829585","2107656477","0.047619"
"2107656477","2007829585","0.047619"
"2007829585","2130986447","0.047619"
"2130986447","2007829585","0.047619"
"2007829585","2132828104","0.297619"
"2132828104","2007829585","0.297619"
"2007829585","2151350448","0.047619"
"2151350448","2007829585","0.047619"
"2007829585","2157792207","0.047619"
"2157792207","2007829585","0.047619"
"2047386507","2091066976","0.047619"
"2091066976","2047386507","0.047619"
"2047386507","2105493737","0.214286"
"2105493737","2047386507","0.214286"
"2047386507","2107656477","0.047619"
"2107656477","2047386507","0.047619"
"2047386507","2130986447","0.357143"
"2130986447","2047386507","0.357143"
"2047386507","2132828104","0.047619"
"2132828104","2047386507","0.047619"
"2047386507","2148863172","0.357143"
"2148863172","2047386507","0.357143"
"2047386507","2151350448","0.047619"
"2151350448","2047386507","0.047619"
"2047386507","2157792207","0.247619"
"2157792207","2047386507","0.247619"
"2091066976","2099141560","0.047619"
"2099141560","2091066976","0.047619"
"2091066976","2100130037","0.047619"
"2100130037","2091066976","0.047619"
"2091066976","2105493737","0.047619"
"2105493737","2091066976","0.047619"
"2091066976","2107656477","0.297619"
"2107656477","2091066976","0.297619"
"2091066976","2122247359","0.047619"
"2122247359","2091066976","0.047619"
"2091066976","2126898911","0.047619"
"2126898911","2091066976","0.047619"
"2091066976","2130986447","1.63095"
"2130986447","2091066976","1.63095"
"2091066976","2132828104","0.047619"
"2132828104","2091066976","0.047619"
"2091066976","2148863172","0.047619"
"2148863172","2091066976","0.047619"
"2091066976","2150710989","0.047619"
"2150710989","2091066976","0.047619"
"2091066976","2151350448","0.047619"
"2151350448","2091066976","0.047619"
"2091066976","2157792207","0.047619"
"2157792207","2091066976","0.047619"
"2099141560","2105493737","0.047619"
"2105493737","2099141560","0.047619"
"2099141560","2107656477","0.047619"
"2107656477","2099141560","0.047619"
"2099141560","2130986447","0.047619"
"2130986447","2099141560","0.047619"
"2099141560","2132828104","0.047619"
"2132828104","2099141560","0.047619"
"2099141560","2148863172","0.380952"
"2148863172","2099141560","0.380952"
"2099141560","2151350448","0.047619"
"2151350448","2099141560","0.047619"
"2099141560","2157792207","0.547619"
"2157792207","2099141560","0.547619"
"2100130037","2107656477","0.147619"
"2107656477","2100130037","0.147619"
"2100130037","2130986447","0.457143"
"2130986447","2100130037","0.457143"
"2100130037","2132828104","0.047619"
"2132828104","2100130037","0.047619"
"2100130037","2151350448","0.547619"
"2151350448","2100130037","0.547619"
"2100130037","2157792207","0.680952"
"2157792207","2100130037","0.680952"
"2105493737","2107656477","0.047619"
"2107656477","2105493737","0.047619"
"2105493737","2122247359","0.047619"
"2122247359","2105493737","0.047619"
"2105493737","2130986447","0.047619"
"2130986447","2105493737","0.047619"
"2105493737","2132828104","0.047619"
"2132828104","2105493737","0.047619"
"2105493737","2150710989","0.047619"
"2150710989","2105493737","0.047619"
"2105493737","2151350448","0.547619"
"2151350448","2105493737","0.547619"
"2105493737","2157792207","0.047619"
"2157792207","2105493737","0.047619"
"2107656477","2122247359","0.047619"
"2122247359","2107656477","0.047619"
"2107656477","2130986447","0.397619"
"2130986447","2107656477","0.397619"
"2107656477","2132828104","0.047619"
"2132828104","2107656477","0.047619"
"2107656477","2150710989","0.047619"
"2150710989","2107656477","0.047619"
"2107656477","2151350448","0.547619"
"2151350448","2107656477","0.547619"
"2107656477","2157792207","0.147619"
"2157792207","2107656477","0.147619"
"2122247359","2130986447","0.380952"
"2130986447","2122247359","0.380952"
"2122247359","2132828104","0.047619"
"2132828104","2122247359","0.047619"
"2122247359","2148863172","0.047619"
"2148863172","2122247359","0.047619"
"2122247359","2151350448","0.547619"
"2151350448","2122247359","0.547619"
"2122247359","2157792207","0.047619"
"2157792207","2122247359","0.047619"
"2126898911","2130986447","1.35714"
"2130986447","2126898911","1.35714"
"2126898911","2132828104","0.297619"
"2132828104","2126898911","0.297619"
"2126898911","2151350448","0.047619"
"2151350448","2126898911","0.047619"
"2126898911","2157792207","0.997619"
"2157792207","2126898911","0.997619"
"2130986447","2132828104","0.547619"
"2132828104","2130986447","0.547619"
"2130986447","2148863172","0.457143"
"2148863172","2130986447","0.457143"
"2130986447","2150710989","0.047619"
"2150710989","2130986447","0.047619"
"2130986447","2151350448","1.38095"
"2151350448","2130986447","1.38095"
"2130986447","2157792207","0.647619"
"2157792207","2130986447","0.647619"
"2132828104","2148863172","0.047619"
"2148863172","2132828104","0.047619"
"2132828104","2150710989","0.047619"
"2150710989","2132828104","0.047619"
"2132828104","2151350448","0.047619"
"2151350448","2132828104","0.047619"
"2132828104","2157792207","0.047619"
"2157792207","2132828104","0.047619"
"2148863172","2150710989","0.047619"
"2150710989","2148863172","0.047619"
"2148863172","2157792207","1.98095"
"2157792207","2148863172","1.98095"
"2150710989","2151350448","0.047619"
"2151350448","2150710989","0.047619"
"2150710989","2157792207","0.547619"
"2157792207","2150710989","0.547619"
"2151350448","2157792207","0.047619"
"2157792207","2151350448","0.047619"
"1535488818","1573491075","0.1"
"1573491075","1535488818","0.1"
"1547742302","1573491075","0.1"
"1573491075","1547742302","0.1"
"1547742302","2158741508","0.1"
"2158741508","1547742302","0.1"
"1573491075","1858867537","0.1"
"1858867537","1573491075","0.1"
"1573491075","1980375285","0.1"
"1980375285","1573491075","0.1"
"1573491075","2100130037","0.1"
"2100130037","1573491075","0.1"
"1573491075","2107656477","0.1"
"2107656477","1573491075","0.1"
"1573491075","2148863172","0.1"
"2148863172","1573491075","0.1"
"1573491075","2157792207","0.766667"
"2157792207","1573491075","0.766667"
"1573491075","2158741508","0.1"
"2158741508","1573491075","0.1"
"1858867537","2158741508","0.1"
"2158741508","1858867537","0.1"
"1980375285","2158741508","8.85952"
"2158741508","1980375285","8.85952"
"2107656477","2158741508","0.1"
"2158741508","2107656477","0.1"
"2130986447","2158741508","0.266667"
"2158741508","2130986447","0.266667"
"2148863172","2158741508","0.266667"
"2158741508","2148863172","0.266667"
"2157792207","2158741508","5.13333"
"2158741508","2157792207","5.13333"
"1980375285","2268310697","0.5"
"2268310697","1980375285","0.5"
"1535488818","2124384306","0.5"
"2124384306","1535488818","0.5"
"2124384306","2126898911","0.5"
"2126898911","2124384306","0.5"
"1547844972","2031557486","0.583333"
"2031557486","1547844972","0.583333"
"1547844972","2108782127","0.583333"
"2108782127","1547844972","0.583333"
"1547844972","91849029","0.583333"
"91849029","1547844972","0.583333"
"2031557486","2108782127","3.74091"
"2108782127","2031557486","3.74091"
"2031557486","91849029","3.48333"
"91849029","2031557486","3.48333"
"2108782127","91849029","9.15"
"91849029","2108782127","9.15"
"1547844972","2118674552","2"
"2118674552","1547844972","2"
"1547844972","95086061","0.25"
"95086061","1547844972","0.25"
"2031557486","95086061","1.15"
"95086061","2031557486","1.15"
"2108782127","95086061","2.775"
"95086061","2108782127","2.775"
"91849029","95086061","1.15"
"95086061","91849029","1.15"
"154938850","1573491075","0.333333"
"1573491075","154938850","0.333333"
"1573491075","2091066976","0.333333"
"2091066976","1573491075","0.333333"
"1558326464","2102604536","1"
"2102604536","1558326464","1"
"1569786601","1915054645","0.500433"
"1915054645","1569786601","0.500433"
"1569786601","2031557486","0.324242"
"2031557486","1569786601","0.324242"
"1569786601","2080515890","0.257576"
"2080515890","1569786601","0.257576"
"1569786601","2081807077","0.0909091"
"2081807077","1569786601","0.0909091"
"1569786601","2108782127","0.257576"
"2108782127","1569786601","0.257576"
"1569786601","2144309138","0.324242"
"2144309138","1569786601","0.324242"
"1700551583","1915054645","4.6171"
"1915054645","1700551583","4.6171"
"1700551583","2031557486","0.324242"
"2031557486","1700551583","0.324242"
"1700551583","2080515890","0.257576"
"2080515890","1700551583","0.257576"
"1700551583","2081807077","0.0909091"
"2081807077","1700551583","0.0909091"
"1700551583","2108782127","0.257576"
"2108782127","1700551583","0.257576"
"1700551583","2144309138","0.157576"
"2144309138","1700551583","0.157576"
"1915054645","2031557486","0.157576"
"2031557486","1915054645","0.157576"
"1915054645","2080515890","0.0909091"
"2080515890","1915054645","0.0909091"
"1915054645","2081807077","0.0909091"
"2081807077","1915054645","0.0909091"
"1915054645","2108782127","0.0909091"
"2108782127","1915054645","0.0909091"
"1915054645","2122247359","3.25043"
"2122247359","1915054645","3.25043"
"1915054645","2126898911","0.657576"
"2126898911","1915054645","0.657576"
"1915054645","2129590386","0.940909"
"2129590386","1915054645","0.940909"
"1915054645","2142725305","3.05043"
"2142725305","1915054645","3.05043"
"1915054645","2144309138","0.157576"
"2144309138","1915054645","0.157576"
"2031557486","2080515890","0.990909"
"2080515890","2031557486","0.990909"
"2031557486","2081807077","0.0909091"
"2081807077","2031557486","0.0909091"
"2031557486","2122247359","0.157576"
"2122247359","2031557486","0.157576"
"2031557486","2126898911","0.390909"
"2126898911","2031557486","0.390909"
"2031557486","2129590386","0.324242"
"2129590386","2031557486","0.324242"
"2031557486","2142725305","0.257576"
"2142725305","2031557486","0.257576"
"2031557486","2144309138","0.224242"
"2144309138","2031557486","0.224242"
"2080515890","2081807077","0.0909091"
"2081807077","2080515890","0.0909091"
"2080515890","2108782127","0.490909"
"2108782127","2080515890","0.490909"
"2080515890","2122247359","0.0909091"
"2122247359","2080515890","0.0909091"
"2080515890","2126898911","1.07424"
"2126898911","2080515890","1.07424"
"2080515890","2129590386","0.257576"
"2129590386","2080515890","0.257576"
"2080515890","2142725305","0.257576"
"2142725305","2080515890","0.257576"
"2080515890","2144309138","0.907576"
"2144309138","2080515890","0.907576"
"2081807077","2108782127","0.0909091"
"2108782127","2081807077","0.0909091"
"2081807077","2122247359","0.0909091"
"2122247359","2081807077","0.0909091"
"2081807077","2126898911","0.0909091"
"2126898911","2081807077","0.0909091"
"2081807077","2129590386","0.0909091"
"2129590386","2081807077","0.0909091"
"2081807077","2142725305","0.0909091"
"2142725305","2081807077","0.0909091"
"2081807077","2144309138","0.0909091"
"2144309138","2081807077","0.0909091"
"2108782127","2122247359","0.0909091"
"2122247359","2108782127","0.0909091"
"2108782127","2126898911","0.324242"
"2126898911","2108782127","0.324242"
"2108782127","2129590386","0.257576"
"2129590386","2108782127","0.257576"
"2108782127","2142725305","0.257576"
"2142725305","2108782127","0.257576"
"2108782127","2144309138","0.157576"
"2144309138","2108782127","0.157576"
"2122247359","2144309138","0.157576"
"2144309138","2122247359","0.157576"
"2126898911","2144309138","1.47424"
"2144309138","2126898911","1.47424"
"2129590386","2144309138","0.490909"
"2144309138","2129590386","0.490909"
"2142725305","2144309138","0.0909091"
"2144309138","2142725305","0.0909091"
"1569786601","1573491075","0.166667"
"1573491075","1569786601","0.166667"
"1569786601","2013950458","0.166667"
"2013950458","1569786601","0.166667"
"1569786601","2157792207","0.166667"
"2157792207","1569786601","0.166667"
"1569786601","2293101256","0.166667"
"2293101256","1569786601","0.166667"
"1569786601","91849029","0.166667"
"91849029","1569786601","0.166667"
"1569786601","95086061","0.166667"
"95086061","1569786601","0.166667"
"1573491075","1700551583","0.166667"
"1700551583","1573491075","0.166667"
"1573491075","2013950458","0.233333"
"2013950458","1573491075","0.233333"
"1573491075","2031557486","0.233333"
"2031557486","1573491075","0.233333"
"1573491075","2080515890","0.233333"
"2080515890","1573491075","0.233333"
"1573491075","2108782127","0.233333"
"2108782127","1573491075","0.233333"
"1573491075","2129590386","0.166667"
"2129590386","1573491075","0.166667"
"1573491075","2142725305","0.166667"
"2142725305","1573491075","0.166667"
"1573491075","2293101256","0.233333"
"2293101256","1573491075","0.233333"
"1573491075","91849029","0.233333"
"91849029","1573491075","0.233333"
"1573491075","95086061","0.233333"
"95086061","1573491075","0.233333"
"1700551583","2013950458","0.166667"
"2013950458","1700551583","0.166667"
"1700551583","2157792207","0.166667"
"2157792207","1700551583","0.166667"
"1700551583","2293101256","0.166667"
"2293101256","1700551583","0.166667"
"1700551583","91849029","0.166667"
"91849029","1700551583","0.166667"
"1700551583","95086061","0.166667"
"95086061","1700551583","0.166667"
"2013950458","2031557486","2.56667"
"2031557486","2013950458","2.56667"
"2013950458","2080515890","0.233333"
"2080515890","2013950458","0.233333"
"2013950458","2108782127","1.98333"
"2108782127","2013950458","1.98333"
"2013950458","2129590386","0.166667"
"2129590386","2013950458","0.166667"
"2013950458","2142725305","0.166667"
"2142725305","2013950458","0.166667"
"2013950458","2157792207","0.166667"
"2157792207","2013950458","0.166667"
"2013950458","2293101256","0.233333"
"2293101256","2013950458","0.233333"
"2013950458","91849029","1.06667"
"91849029","2013950458","1.06667"
"2013950458","95086061","0.233333"
"95086061","2013950458","0.233333"
"2031557486","2157792207","0.166667"
"2157792207","2031557486","0.166667"
"2031557486","2293101256","0.233333"
"2293101256","2031557486","0.233333"
"2080515890","2157792207","2.5"
"2157792207","2080515890","2.5"
"2080515890","2293101256","0.733333"
"2293101256","2080515890","0.733333"
"2080515890","91849029","0.9"
"91849029","2080515890","0.9"
"2080515890","95086061","0.233333"
"95086061","2080515890","0.233333"
"2108782127","2157792207","0.166667"
"2157792207","2108782127","0.166667"
"2108782127","2293101256","0.233333"
"2293101256","2108782127","0.233333"
"2129590386","2157792207","0.166667"
"2157792207","2129590386","0.166667"
"2129590386","2293101256","0.166667"
"2293101256","2129590386","0.166667"
"2129590386","91849029","0.166667"
"91849029","2129590386","0.166667"
"2129590386","95086061","0.166667"
"95086061","2129590386","0.166667"
"2142725305","2157792207","0.166667"
"2157792207","2142725305","0.166667"
"2142725305","2293101256","0.166667"
"2293101256","2142725305","0.166667"
"2142725305","91849029","0.166667"
"91849029","2142725305","0.166667"
"2142725305","95086061","0.166667"
"95086061","2142725305","0.166667"
"2157792207","2293101256","0.166667"
"2293101256","2157792207","0.166667"
"2157792207","91849029","0.166667"
"91849029","2157792207","0.166667"
"2157792207","95086061","0.166667"
"95086061","2157792207","0.166667"
"2293101256","91849029","0.233333"
"91849029","2293101256","0.233333"
"2293101256","95086061","0.233333"
"95086061","2293101256","0.233333"
"1569786601","1980375285","0.142857"
"1980375285","1569786601","0.142857"
"1569786601","2106541455","0.142857"
"2106541455","1569786601","0.142857"
"1700551583","1980375285","0.342857"
"1980375285","1700551583","0.342857"
"1700551583","2106541455","0.342857"
"2106541455","1700551583","0.342857"
"1915054645","1980375285","0.592857"
"1980375285","1915054645","0.592857"
"1915054645","2106541455","0.592857"
"2106541455","1915054645","0.592857"
"1915054645","2158741508","0.409524"
"2158741508","1915054645","0.409524"
"1980375285","2106541455","0.592857"
"2106541455","1980375285","0.592857"
"1980375285","2142725305","0.592857"
"2142725305","1980375285","0.592857"
"2106541455","2122247359","0.142857"
"2122247359","2106541455","0.142857"
"2106541455","2142725305","0.592857"
"2142725305","2106541455","0.592857"
"2106541455","2158741508","3.37619"
"2158741508","2106541455","3.37619"
"1569786601","2017264939","0.233333"
"2017264939","1569786601","0.233333"
"1569786601","2297283352","0.233333"
"2297283352","1569786601","0.233333"
"1569786601","648667766","0.233333"
"648667766","1569786601","0.233333"
"2017264939","2107247620","0.233333"
"2107247620","2017264939","0.233333"
"2017264939","2126898911","0.233333"
"2126898911","2017264939","0.233333"
"2017264939","2144309138","35.9833"
"2144309138","2017264939","35.9833"
"2017264939","2297283352","0.483333"
"2297283352","2017264939","0.483333"
"2017264939","648667766","0.233333"
"648667766","2017264939","0.233333"
"2107247620","2144309138","0.3"
"2144309138","2107247620","0.3"
"2107247620","2297283352","0.233333"
"2297283352","2107247620","0.233333"
"2107247620","648667766","0.233333"
"648667766","2107247620","0.233333"
"2126898911","2297283352","0.4"
"2297283352","2126898911","0.4"
"2126898911","648667766","0.733333"
"648667766","2126898911","0.733333"
"2144309138","2297283352","0.233333"
"2297283352","2144309138","0.233333"
"2144309138","648667766","0.9"
"648667766","2144309138","0.9"
"2297283352","648667766","0.4"
"648667766","2297283352","0.4"
"1569786601","2081969355","0.0666667"
"2081969355","1569786601","0.0666667"
"1602316634","1915054645","0.0666667"
"1915054645","1602316634","0.0666667"
"1602316634","2017264939","0.0666667"
"2017264939","1602316634","0.0666667"
"1602316634","2031557486","0.0666667"
"2031557486","1602316634","0.0666667"
"1602316634","2081969355","0.566667"
"2081969355","1602316634","0.566667"
"1602316634","2144309138","0.0666667"
"2144309138","1602316634","0.0666667"
"1602316634","2297283352","0.0666667"
"2297283352","1602316634","0.0666667"
"1602316634","648667766","0.0666667"
"648667766","1602316634","0.0666667"
"1700551583","2017264939","0.316667"
"2017264939","1700551583","0.316667"
"1700551583","2081969355","0.0666667"
"2081969355","1700551583","0.0666667"
"1700551583","2297283352","1.15"
"2297283352","1700551583","1.15"
"1700551583","648667766","0.0666667"
"648667766","1700551583","0.0666667"
"1915054645","2017264939","0.316667"
"2017264939","1915054645","0.316667"
"1915054645","2081969355","0.233333"
"2081969355","1915054645","0.233333"
"1915054645","2107247620","0.0666667"
"2107247620","1915054645","0.0666667"
"1915054645","2150710989","0.0666667"
"2150710989","1915054645","0.0666667"
"1915054645","2297283352","1.31667"
"2297283352","1915054645","1.31667"
