"131954719","1982806687","5.83333"
"1982806687","131954719","5.83333"
"131954719","2108991785","3.33333"
"2108991785","131954719","3.33333"
"131954719","2161600801","0.833333"
"2161600801","131954719","0.833333"
"1982806687","2108991785","30.9167"
"2108991785","1982806687","30.9167"
"1982806687","2161600801","7.5"
"2161600801","1982806687","7.5"
"2108991785","2161600801","69.9167"
"2161600801","2108991785","69.9167"
"131954719","2023448865","1"
"2023448865","131954719","1"
"1486495115","1553545708","0.111111"
"1553545708","1486495115","0.111111"
"1486495115","1575207522","0.111111"
"1575207522","1486495115","0.111111"
"1486495115","2006069086","0.111111"
"2006069086","1486495115","0.111111"
"1486495115","2041398293","0.420635"
"2041398293","1486495115","0.420635"
"1486495115","2047602785","0.753968"
"2047602785","1486495115","0.753968"
"1486495115","2095546633","0.111111"
"2095546633","1486495115","0.111111"
"1486495115","2134561292","0.111111"
"2134561292","1486495115","0.111111"
"1486495115","2137401082","0.111111"
"2137401082","1486495115","0.111111"
"1486495115","2148361370","0.587302"
"2148361370","1486495115","0.587302"
"1553545708","1575207522","0.111111"
"1575207522","1553545708","0.111111"
"1553545708","2006069086","0.311111"
"2006069086","1553545708","0.311111"
"1553545708","2041398293","0.111111"
"2041398293","1553545708","0.111111"
"1553545708","2047602785","0.561111"
"2047602785","1553545708","0.561111"
"1553545708","2095546633","0.111111"
"2095546633","1553545708","0.111111"
"1553545708","2134561292","0.111111"
"2134561292","1553545708","0.111111"
"1553545708","2137401082","3.61111"
"2137401082","1553545708","3.61111"
"1553545708","2148361370","0.561111"
"2148361370","1553545708","0.561111"
"1575207522","2006069086","0.111111"
"2006069086","1575207522","0.111111"
"1575207522","2041398293","0.211111"
"2041398293","1575207522","0.211111"
"1575207522","2047602785","0.211111"
"2047602785","1575207522","0.211111"
"1575207522","2095546633","0.111111"
"2095546633","1575207522","0.111111"
"1575207522","2134561292","0.111111"
"2134561292","1575207522","0.111111"
"1575207522","2137401082","0.111111"
"2137401082","1575207522","0.111111"
"1575207522","2148361370","0.211111"
"2148361370","1575207522","0.211111"
"2006069086","2041398293","0.111111"
"2041398293","2006069086","0.111111"
"2006069086","2047602785","0.311111"
"2047602785","2006069086","0.311111"
"2006069086","2095546633","0.111111"
"2095546633","2006069086","0.111111"
"2006069086","2134561292","0.111111"
"2134561292","2006069086","0.111111"
"2006069086","2137401082","0.111111"
"2137401082","2006069086","0.111111"
"2006069086","2148361370","0.311111"
"2148361370","2006069086","0.311111"
"2041398293","2047602785","2.4793"
"2047602785","2041398293","2.4793"
"2041398293","2095546633","0.111111"
"2095546633","2041398293","0.111111"
"2041398293","2134561292","0.111111"
"2134561292","2041398293","0.111111"
"2041398293","2137401082","0.111111"
"2137401082","2041398293","0.111111"
"2041398293","2148361370","10.3972"
"2148361370","2041398293","10.3972"
"2047602785","2095546633","0.111111"
"2095546633","2047602785","0.111111"
"2047602785","2134561292","0.111111"
"2134561292","2047602785","0.111111"
"2047602785","2137401082","0.111111"
"2137401082","2047602785","0.111111"
"2047602785","2148361370","2.45867"
"2148361370","2047602785","2.45867"
"2095546633","2134561292","0.111111"
"2134561292","2095546633","0.111111"
"2095546633","2137401082","0.611111"
"2137401082","2095546633","0.611111"
"2095546633","2148361370","0.111111"
"2148361370","2095546633","0.111111"
"2134561292","2137401082","0.111111"
"2137401082","2134561292","0.111111"
"2134561292","2148361370","0.111111"
"2148361370","2134561292","0.111111"
"2137401082","2148361370","0.111111"
"2148361370","2137401082","0.111111"
"1486495115","1977493358","0.47619"
"1977493358","1486495115","0.47619"
"1977493358","2047602785","2.93486"
"2047602785","1977493358","2.93486"
"1977493358","2148361370","10.6289"
"2148361370","1977493358","10.6289"
"1486495115","1598689448","0.166667"
"1598689448","1486495115","0.166667"
"1486495115","2095576022","0.309524"
"2095576022","1486495115","0.309524"
"1486495115","2107120175","0.309524"
"2107120175","1486495115","0.309524"
"1486495115","865976024","0.166667"
"865976024","1486495115","0.166667"
"1598689448","2041398293","3.44597"
"2041398293","1598689448","3.44597"
"1598689448","2047602785","0.733669"
"2047602785","1598689448","0.733669"
"1598689448","2095576022","12.7793"
"2095576022","1598689448","12.7793"
"1598689448","2107120175","2.28526"
"2107120175","1598689448","2.28526"
"1598689448","865976024","0.513889"
"865976024","1598689448","0.513889"
"2041398293","2095576022","20.4162"
"2095576022","2041398293","20.4162"
"2041398293","2107120175","6.74716"
"2107120175","2041398293","6.74716"
"2041398293","865976024","1.01389"
"865976024","2041398293","1.01389"
"2047602785","2095576022","4.10153"
"2095576022","2047602785","4.10153"
"2047602785","2107120175","2.00867"
"2107120175","2047602785","2.00867"
"2047602785","865976024","0.488889"
"865976024","2047602785","0.488889"
"2095576022","2107120175","9.48049"
"2107120175","2095576022","9.48049"
"2095576022","865976024","2.49008"
"865976024","2095576022","2.49008"
"2107120175","865976024","0.813889"
"865976024","2107120175","0.813889"
"1486495115","1608877012","0.142857"
"1608877012","1486495115","0.142857"
"1608877012","1977493358","6.08764"
"1977493358","1608877012","6.08764"
"1608877012","2041398293","4.72097"
"2041398293","1608877012","4.72097"
"1608877012","2047602785","1.8543"
"2047602785","1608877012","1.8543"
"1608877012","2095576022","10.0043"
"2095576022","1608877012","10.0043"
"1608877012","2107120175","1.82811"
"2107120175","1608877012","1.82811"
"1608877012","2148361370","3.12811"
"2148361370","1608877012","3.12811"
"1977493358","2041398293","13.3329"
"2041398293","1977493358","13.3329"
"1977493358","2095576022","79.0257"
"2095576022","1977493358","79.0257"
"1977493358","2107120175","9.56383"
"2107120175","1977493358","9.56383"
"2095576022","2148361370","12.8789"
"2148361370","2095576022","12.8789"
"2107120175","2148361370","5.68605"
"2148361370","2107120175","5.68605"
"1527770072","2084884890","0.458333"
"2084884890","1527770072","0.458333"
"1527770072","2095576022","0.458333"
"2095576022","1527770072","0.458333"
"1527770072","2145747124","1.66667"
"2145747124","1527770072","1.66667"
"2084884890","2095576022","8.89042"
"2095576022","2084884890","8.89042"
"2084884890","2145747124","1.46978"
"2145747124","2084884890","1.46978"
"2095576022","2145747124","53.0499"
"2145747124","2095576022","53.0499"
"1527770072","1608877012","0.25"
"1608877012","1527770072","0.25"
"1527770072","1977493358","0.875"
"1977493358","1527770072","0.875"
"1527770072","2067591112","2.58333"
"2067591112","1527770072","2.58333"
"1527770072","2167411443","0.375"
"2167411443","1527770072","0.375"
"1608877012","2067591112","0.475"
"2067591112","1608877012","0.475"
"1608877012","2167411443","2.91859"
"2167411443","1608877012","2.91859"
"1977493358","2067591112","1.225"
"2067591112","1977493358","1.225"
"1977493358","2167411443","46.1777"
"2167411443","1977493358","46.1777"
"2067591112","2167411443","0.25"
"2167411443","2067591112","0.25"
"2067591112","2145747124","2.83333"
"2145747124","2067591112","2.83333"
"1527770072","2041398293","0.125"
"2041398293","1527770072","0.125"
"1527770072","2047602785","0.125"
"2047602785","1527770072","0.125"
"1527770072","2075706635","0.125"
"2075706635","1527770072","0.125"
"1527770072","2148361370","0.125"
"2148361370","1527770072","0.125"
"1977493358","2075706635","2.8928"
"2075706635","1977493358","2.8928"
"1977493358","2084884890","7.14042"
"2084884890","1977493358","7.14042"
"2041398293","2075706635","2.09994"
"2075706635","2041398293","2.09994"
"2041398293","2084884890","5.74042"
"2084884890","2041398293","5.74042"
"2041398293","2167411443","4.37772"
"2167411443","2041398293","4.37772"
"2047602785","2075706635","0.326923"
"2075706635","2047602785","0.326923"
"2047602785","2084884890","1.39637"
"2084884890","2047602785","1.39637"
"2047602785","2167411443","1.06303"
"2167411443","2047602785","1.06303"
"2075706635","2084884890","1.72097"
"2084884890","2075706635","1.72097"
"2075706635","2095576022","2.6928"
"2095576022","2075706635","2.6928"
"2075706635","2148361370","1.76661"
"2148361370","2075706635","1.76661"
"2075706635","2167411443","1.64161"
"2167411443","2075706635","1.64161"
"2084884890","2148361370","4.61978"
"2148361370","2084884890","4.61978"
"2084884890","2167411443","3.37375"
"2167411443","2084884890","3.37375"
"2095576022","2167411443","43.0111"
"2167411443","2095576022","43.0111"
"2148361370","2167411443","4.40708"
"2167411443","2148361370","4.40708"
"1527770072","2241815672","0.5"
"2241815672","1527770072","0.5"
"2067591112","2241815672","0.5"
"2241815672","2067591112","0.5"
"1527770072","2511129296","1.33333"
"2511129296","1527770072","1.33333"
"2067591112","2511129296","0.583333"
"2511129296","2067591112","0.583333"
"2145747124","2511129296","0.583333"
"2511129296","2145747124","0.583333"
"1553545708","1977493358","0.45"
"1977493358","1553545708","0.45"
"1553545708","2084884890","0.2"
"2084884890","1553545708","0.2"
"1977493358","2006069086","0.2"
"2006069086","1977493358","0.2"
"2006069086","2084884890","0.2"
"2084884890","2006069086","0.2"
"1553545708","2071358357","1.5"
"2071358357","1553545708","1.5"
"1553545708","1608877012","0.25"
"1608877012","1553545708","0.25"
"2071358357","2137401082","1"
"2137401082","2071358357","1"
"1554570771","2127787701","1"
"2127787701","1554570771","1"
"1575207522","2071358357","1"
"2071358357","1575207522","1"
"1575207522","1977493358","1.1"
"1977493358","1575207522","1.1"
"1575207522","2145747124","1"
"2145747124","1575207522","1"
"1575207522","2095576022","1.6"
"2095576022","1575207522","1.6"
"1575207522","2027145322","0.5"
"2027145322","1575207522","0.5"
"2027145322","2095576022","3.61145"
"2095576022","2027145322","3.61145"
"1575207522","1608877012","0.1"
"1608877012","1575207522","0.1"
"1575207522","2002104789","0.1"
"2002104789","1575207522","0.1"
"1575207522","2067591112","0.1"
"2067591112","1575207522","0.1"
"1575207522","2107120175","0.1"
"2107120175","1575207522","0.1"
"1575207522","865976024","0.1"
"865976024","1575207522","0.1"
"1608877012","2002104789","3.48645"
"2002104789","1608877012","3.48645"
"1608877012","865976024","0.1"
"865976024","1608877012","0.1"
"1977493358","2002104789","5.50708"
"2002104789","1977493358","5.50708"
"1977493358","865976024","0.790079"
"865976024","1977493358","0.790079"
"2002104789","2041398293","2.01422"
"2041398293","2002104789","2.01422"
"2002104789","2047602785","0.780891"
"2047602785","2002104789","0.780891"
"2002104789","2067591112","0.225"
"2067591112","2002104789","0.225"
"2002104789","2095576022","5.84042"
"2095576022","2002104789","5.84042"
"2002104789","2107120175","2.32137"
"2107120175","2002104789","2.32137"
"2002104789","2148361370","1.48089"
"2148361370","2002104789","1.48089"
"2002104789","865976024","0.478968"
"865976024","2002104789","0.478968"
"2041398293","2067591112","0.225"
"2067591112","2041398293","0.225"
"2047602785","2067591112","0.225"
"2067591112","2047602785","0.225"
"2067591112","2095576022","2.475"
"2095576022","2067591112","2.475"
"2067591112","2107120175","1.225"
"2107120175","2067591112","1.225"
"2067591112","2148361370","0.225"
"2148361370","2067591112","0.225"
"2067591112","865976024","0.1"
"865976024","2067591112","0.1"
"2148361370","865976024","1.2123"
"865976024","2148361370","1.2123"
"1588878898","2147399912","1.83333"
"2147399912","1588878898","1.83333"
"1588878898","2163771852","0.833333"
"2163771852","1588878898","0.833333"
"1588878898","2304936688","0.333333"
"2304936688","1588878898","0.333333"
"2147399912","2163771852","3.83333"
"2163771852","2147399912","3.83333"
"2147399912","2304936688","0.333333"
"2304936688","2147399912","0.333333"
"2163771852","2304936688","1.33333"
"2304936688","2163771852","1.33333"
"1598689448","1977493358","8.5293"
"1977493358","1598689448","8.5293"
"1598689448","2075706635","1.78922"
"2075706635","1598689448","1.78922"
"1598689448","2084884890","1.28922"
"2084884890","1598689448","1.28922"
"1598689448","2145747124","2.99756"
"2145747124","1598689448","2.99756"
"1598689448","2167411443","5.067"
"2167411443","1598689448","5.067"
"1977493358","2145747124","41.0166"
"2145747124","1977493358","41.0166"
"2041398293","2145747124","3.47375"
"2145747124","2041398293","3.47375"
"2075706635","2145747124","1.39994"
"2145747124","2075706635","1.39994"
"2145747124","2167411443","27.3404"
"2167411443","2145747124","27.3404"
"1598689448","1981648022","0.111111"
"1981648022","1598689448","0.111111"
"1598689448","2148361370","0.715812"
"2148361370","1598689448","0.715812"
"1977493358","1981648022","0.111111"
"1981648022","1977493358","0.111111"
"1981648022","2041398293","0.611111"
"2041398293","1981648022","0.611111"
"1981648022","2075706635","0.111111"
"2075706635","1981648022","0.111111"
"1981648022","2095576022","3.11111"
"2095576022","1981648022","3.11111"
"1981648022","2107120175","0.111111"
"2107120175","1981648022","0.111111"
"1981648022","2145747124","2.61111"
"2145747124","1981648022","2.61111"
"1981648022","2148361370","0.111111"
"2148361370","1981648022","0.111111"
"1981648022","2167411443","0.111111"
"2167411443","1981648022","0.111111"
"2075706635","2107120175","1.37375"
"2107120175","2075706635","1.37375"
"2107120175","2145747124","2.53089"
"2145747124","2107120175","2.53089"
"2107120175","2167411443","2.81819"
"2167411443","2107120175","2.81819"
"2145747124","2148361370","1.64042"
"2148361370","2145747124","1.64042"
"1598689448","1608877012","1.88645"
"1608877012","1598689448","1.88645"
"1598689448","2002104789","1.12256"
"2002104789","1598689448","1.12256"
"1598689448","2027145322","0.21978"
"2027145322","1598689448","0.21978"
"1608877012","2027145322","0.878114"
"2027145322","1608877012","0.878114"
"1977493358","2027145322","2.19478"
"2027145322","1977493358","2.19478"
"2002104789","2027145322","0.99478"
"2027145322","2002104789","0.99478"
"2027145322","2041398293","1.71145"
"2041398293","2027145322","1.71145"
"2027145322","2047602785","0.21978"
"2047602785","2027145322","0.21978"
"1608877012","2084884890","0.801923"
"2084884890","1608877012","0.801923"
"1608877012","2075706635","0.576923"
"2075706635","1608877012","0.576923"
"1608877012","2145747124","1.51026"
"2145747124","1608877012","1.51026"
"2002104789","2075706635","0.79478"
"2075706635","2002104789","0.79478"
"2002104789","2084884890","0.501923"
"2084884890","2002104789","0.501923"
"2002104789","2145747124","4.01978"
"2145747124","2002104789","4.01978"
"2002104789","2167411443","1.95192"
"2167411443","2002104789","1.95192"
"2027145322","2075706635","0.401923"
"2075706635","2027145322","0.401923"
"2027145322","2084884890","0.826923"
"2084884890","2027145322","0.826923"
"2027145322","2107120175","1.78526"
"2107120175","2027145322","1.78526"
"2027145322","2145747124","6.41026"
"2145747124","2027145322","6.41026"
"2027145322","2148361370","2.60192"
"2148361370","2027145322","2.60192"
"2027145322","2167411443","1.64359"
"2167411443","2027145322","1.64359"
"2047602785","2145747124","0.910256"
"2145747124","2047602785","0.910256"
"2084884890","2107120175","4.16422"
"2107120175","2084884890","4.16422"
"1598689448","1989778772","0.347222"
"1989778772","1598689448","0.347222"
"1977493358","1989778772","0.490079"
"1989778772","1977493358","0.490079"
"1989778772","2002104789","0.378968"
"2002104789","1989778772","0.378968"
"1989778772","2041398293","0.880556"
"2041398293","1989778772","0.880556"
"1989778772","2095576022","1.02341"
"2095576022","1989778772","1.02341"
"1989778772","2107120175","0.847222"
"2107120175","1989778772","0.847222"
"1989778772","2148361370","0.912302"
"2148361370","1989778772","0.912302"
"1989778772","865976024","0.690079"
"865976024","1989778772","0.690079"
"1989778772","2047602785","0.722222"
"2047602785","1989778772","0.722222"
"1989778772","2084884890","0.311111"
"2084884890","1989778772","0.311111"
"1989778772","2167411443","0.111111"
"2167411443","1989778772","0.111111"
"2084884890","865976024","0.644444"
"865976024","2084884890","0.644444"
"2167411443","865976024","0.111111"
"865976024","2167411443","0.111111"
"183646782","2147399912","1"
"2147399912","183646782","1"
"2067591112","2084884890","0.25"
"2084884890","2067591112","0.25"
"1977493358","2108991785","0.25"
"2108991785","1977493358","0.25"
"2095576022","2108991785","0.25"
"2108991785","2095576022","0.25"
"2108991785","2145747124","2.75"
"2145747124","2108991785","2.75"
"2108991785","2167411443","0.25"
"2167411443","2108991785","0.25"
"1989778772","2075706635","0.142857"
"2075706635","1989778772","0.142857"
"1989778772","2145747124","0.142857"
"2145747124","1989778772","0.142857"
"2075706635","865976024","0.142857"
"865976024","2075706635","0.142857"
"2145747124","865976024","0.142857"
"865976024","2145747124","0.142857"
"198157877","2029128277","4.52857"
"2029128277","198157877","4.52857"
"198157877","2095029525","3.55238"
"2095029525","198157877","3.55238"
"2029128277","2095029525","2.88571"
"2095029525","2029128277","2.88571"
"198157877","1983812418","1.63571"
"1983812418","198157877","1.63571"
"198157877","1998600401","0.702381"
"1998600401","198157877","0.702381"
"198157877","2060348361","1.6119"
"2060348361","198157877","1.6119"
"198157877","2117759244","0.992857"
"2117759244","198157877","0.992857"
"198157877","2127787701","1.1119"
"2127787701","198157877","1.1119"
"1983812418","1998600401","1.30952"
"1998600401","1983812418","1.30952"
"1983812418","2029128277","4.71905"
"2029128277","1983812418","4.71905"
"1983812418","2060348361","0.719048"
"2060348361","1983812418","0.719048"
"1983812418","2095029525","1.96905"
"2095029525","1983812418","1.96905"
"1983812418","2117759244","0.909524"
"2117759244","1983812418","0.909524"
"1983812418","2127787701","3.55238"
"2127787701","1983812418","3.55238"
"1998600401","2029128277","3.9119"
"2029128277","1998600401","3.9119"
"1998600401","2060348361","1.40238"
"2060348361","1998600401","1.40238"
"1998600401","2095029525","0.392857"
"2095029525","1998600401","0.392857"
"1998600401","2117759244","0.72619"
"2117759244","1998600401","0.72619"
"1998600401","2127787701","2.21905"
"2127787701","1998600401","2.21905"
"2029128277","2060348361","5.39524"
"2060348361","2029128277","5.39524"
"2029128277","2117759244","8.65952"
"2117759244","2029128277","8.65952"
"2029128277","2127787701","3.27857"
"2127787701","2029128277","3.27857"
"2060348361","2095029525","2.21905"
"2095029525","2060348361","2.21905"
"2060348361","2117759244","0.992857"
"2117759244","2060348361","0.992857"
"2060348361","2127787701","1.3619"
"2127787701","2060348361","1.3619"
"2095029525","2117759244","0.492857"
"2117759244","2095029525","0.492857"
"2095029525","2127787701","1.88571"
"2127787701","2095029525","1.88571"
"2117759244","2127787701","0.742857"
"2127787701","2117759244","0.742857"
"198157877","2010673602","0.366667"
"2010673602","198157877","0.366667"
"198157877","2108991785","1.07619"
"2108991785","198157877","1.07619"
"198157877","2166928503","0.242857"
"2166928503","198157877","0.242857"
"1983812418","2010673602","0.366667"
"2010673602","1983812418","0.366667"
"1983812418","2108991785","8.49286"
"2108991785","1983812418","8.49286"
"1983812418","2166928503","0.242857"
"2166928503","1983812418","0.242857"
"1998600401","2010673602","0.1"
"2010673602","1998600401","0.1"
"1998600401","2108991785","1.92619"
"2108991785","1998600401","1.92619"
"1998600401","2166928503","0.1"
"2166928503","1998600401","0.1"
"2010673602","2029128277","0.95"
"2029128277","2010673602","0.95"
"2010673602","2060348361","0.366667"
"2060348361","2010673602","0.366667"
"2010673602","2095029525","0.366667"
"2095029525","2010673602","0.366667"
"2010673602","2108991785","0.7"
"2108991785","2010673602","0.7"
"2010673602","2117759244","1.28333"
"2117759244","2010673602","1.28333"
"2010673602","2127787701","0.6"
"2127787701","2010673602","0.6"
"2010673602","2166928503","0.1"
"2166928503","2010673602","0.1"
"2029128277","2108991785","15.0357"
"2108991785","2029128277","15.0357"
"2029128277","2166928503","1.24286"
"2166928503","2029128277","1.24286"
"2060348361","2108991785","0.77619"
"2108991785","2060348361","0.77619"
"2060348361","2166928503","0.242857"
"2166928503","2060348361","0.242857"
"2095029525","2108991785","1.15952"
"2108991785","2095029525","1.15952"
"2095029525","2166928503","0.242857"
"2166928503","2095029525","0.242857"
"2108991785","2117759244","0.766667"
"2117759244","2108991785","0.766667"
"2108991785","2127787701","8.82619"
"2127787701","2108991785","8.82619"
"2108991785","2166928503","0.242857"
"2166928503","2108991785","0.242857"
"2117759244","2166928503","0.1"
"2166928503","2117759244","0.1"
"2127787701","2166928503","0.242857"
"2166928503","2127787701","0.242857"
"198157877","2049645827","1.30952"
"2049645827","198157877","1.30952"
"198157877","2055837960","1.05952"
"2055837960","198157877","1.05952"
"2029128277","2049645827","2.80952"
"2049645827","2029128277","2.80952"
"2029128277","2055837960","1.75952"
"2055837960","2029128277","1.75952"
"2049645827","2055837960","0.97619"
"2055837960","2049645827","0.97619"
"2049645827","2060348361","2.64286"
"2060348361","2049645827","2.64286"
"2055837960","2060348361","1.25952"
"2060348361","2055837960","1.25952"
"198157877","2161600801","0.416667"
"2161600801","198157877","0.416667"
"1983812418","2161600801","2.91667"
"2161600801","1983812418","2.91667"
"2095029525","2161600801","0.75"
"2161600801","2095029525","0.75"
"2049645827","2095029525","1.5"
"2095029525","2049645827","1.5"
"198157877","1982806687","0.25"
"1982806687","198157877","0.25"
"1982806687","2029128277","0.25"
"2029128277","1982806687","0.25"
"1982806687","2127787701","0.25"
"2127787701","1982806687","0.25"
"198157877","2074804516","0.37619"
"2074804516","198157877","0.37619"
"1998600401","2049645827","0.709524"
"2049645827","1998600401","0.709524"
"1998600401","2055837960","0.659524"
"2055837960","1998600401","0.659524"
"1998600401","2074804516","1.25238"
"2074804516","1998600401","1.25238"
"2029128277","2074804516","1.25238"
"2074804516","2029128277","1.25238"
"2049645827","2074804516","0.37619"
"2074804516","2049645827","0.37619"
"2055837960","2074804516","0.57619"
"2074804516","2055837960","0.57619"
"2060348361","2074804516","0.57619"
"2074804516","2060348361","0.57619"
"2049645827","2127787701","0.97619"
"2127787701","2049645827","0.97619"
"2055837960","2127787701","0.142857"
"2127787701","2055837960","0.142857"
"2074804516","2127787701","0.47619"
"2127787701","2074804516","0.47619"
"198157877","2281713471","0.0666667"
"2281713471","198157877","0.0666667"
"198157877","2289049650","0.15"
"2289049650","198157877","0.15"
"198157877","2396691604","0.0666667"
"2396691604","198157877","0.0666667"
"198157877","2464480950","0.15"
"2464480950","198157877","0.15"
"1983812418","2049645827","0.166667"
"2049645827","1983812418","0.166667"
"1983812418","2055837960","0.166667"
"2055837960","1983812418","0.166667"
"1983812418","2074804516","0.0666667"
"2074804516","1983812418","0.0666667"
"1983812418","2281713471","0.0666667"
"2281713471","1983812418","0.0666667"
"1983812418","2289049650","0.0666667"
"2289049650","1983812418","0.0666667"
"1983812418","2396691604","0.0666667"
"2396691604","1983812418","0.0666667"
"1983812418","2464480950","0.566667"
"2464480950","1983812418","0.566667"
"1998600401","2161600801","0.733333"
"2161600801","1998600401","0.733333"
"1998600401","2281713471","0.0666667"
"2281713471","1998600401","0.0666667"
"1998600401","2289049650","1.82619"
"2289049650","1998600401","1.82619"
"1998600401","2396691604","0.709524"
"2396691604","1998600401","0.709524"
"1998600401","2464480950","0.15"
"2464480950","1998600401","0.15"
"2029128277","2161600801","4.33333"
"2161600801","2029128277","4.33333"
"2029128277","2281713471","1.9"
"2281713471","2029128277","1.9"
"2029128277","2289049650","2.35952"
"2289049650","2029128277","2.35952"
"2029128277","2396691604","0.409524"
"2396691604","2029128277","0.409524"
"2029128277","2464480950","3.06667"
"2464480950","2029128277","3.06667"
"2049645827","2108991785","0.166667"
"2108991785","2049645827","0.166667"
"2049645827","2117759244","0.166667"
"2117759244","2049645827","0.166667"
"2049645827","2161600801","0.833333"
"2161600801","2049645827","0.833333"
"2049645827","2281713471","0.0666667"
"2281713471","2049645827","0.0666667"
"2049645827","2289049650","0.0666667"
"2289049650","2049645827","0.0666667"
"2049645827","2396691604","0.0666667"
"2396691604","2049645827","0.0666667"
"2049645827","2464480950","0.0666667"
"2464480950","2049645827","0.0666667"
"2055837960","2095029525","0.25"
"2095029525","2055837960","0.25"
"2055837960","2108991785","0.533333"
"2108991785","2055837960","0.533333"
"2055837960","2117759244","1.08333"
"2117759244","2055837960","1.08333"
"2055837960","2161600801","0.166667"
"2161600801","2055837960","0.166667"
"2055837960","2281713471","0.0666667"
"2281713471","2055837960","0.0666667"
"2055837960","2289049650","0.65"
"2289049650","2055837960","0.65"
"2055837960","2396691604","0.0666667"
"2396691604","2055837960","0.0666667"
"2055837960","2464480950","0.483333"
"2464480950","2055837960","0.483333"
"2060348361","2161600801","0.5"
"2161600801","2060348361","0.5"
"2060348361","2281713471","0.0666667"
"2281713471","2060348361","0.0666667"
"2060348361","2289049650","0.15"
"2289049650","2060348361","0.15"
"2060348361","2396691604","0.0666667"
"2396691604","2060348361","0.0666667"
"2060348361","2464480950","0.733333"
"2464480950","2060348361","0.733333"
"2074804516","2095029525","0.0666667"
"2095029525","2074804516","0.0666667"
"2074804516","2108991785","0.409524"
"2108991785","2074804516","0.409524"
"2074804516","2117759244","0.0666667"
"2117759244","2074804516","0.0666667"
"2074804516","2161600801","0.0666667"
"2161600801","2074804516","0.0666667"
"2074804516","2281713471","0.0666667"
"2281713471","2074804516","0.0666667"
"2074804516","2289049650","0.409524"
"2289049650","2074804516","0.409524"
"2074804516","2396691604","0.209524"
"2396691604","2074804516","0.209524"
"2074804516","2464480950","0.0666667"
"2464480950","2074804516","0.0666667"
"2095029525","2281713471","0.0666667"
"2281713471","2095029525","0.0666667"
"2095029525","2289049650","0.15"
"2289049650","2095029525","0.15"
"2095029525","2396691604","0.0666667"
"2396691604","2095029525","0.0666667"
"2095029525","2464480950","0.733333"
"2464480950","2095029525","0.733333"
"2108991785","2281713471","0.0666667"
"2281713471","2108991785","0.0666667"
"2108991785","2289049650","0.909524"
"2289049650","2108991785","0.909524"
"2108991785","2396691604","0.909524"
"2396691604","2108991785","0.909524"
"2108991785","2464480950","1.06667"
"2464480950","2108991785","1.06667"
"2117759244","2161600801","0.166667"
"2161600801","2117759244","0.166667"
"2117759244","2281713471","0.566667"
"2281713471","2117759244","0.566667"
"2117759244","2289049650","0.65"
"2289049650","2117759244","0.65"
"2117759244","2396691604","0.0666667"
"2396691604","2117759244","0.0666667"
"2117759244","2464480950","0.983333"
"2464480950","2117759244","0.983333"
"2161600801","2281713471","0.0666667"
"2281713471","2161600801","0.0666667"
"2161600801","2289049650","0.0666667"
"2289049650","2161600801","0.0666667"
"2161600801","2396691604","0.0666667"
"2396691604","2161600801","0.0666667"
"2161600801","2464480950","0.0666667"
"2464480950","2161600801","0.0666667"
"2281713471","2289049650","0.0666667"
"2289049650","2281713471","0.0666667"
"2281713471","2396691604","0.0666667"
"2396691604","2281713471","0.0666667"
"2281713471","2464480950","0.9"
"2464480950","2281713471","0.9"
"2289049650","2396691604","0.409524"
"2396691604","2289049650","0.409524"
"2289049650","2464480950","0.15"
"2464480950","2289049650","0.15"
"2396691604","2464480950","0.0666667"
"2464480950","2396691604","0.0666667"
"198157877","1992642694","0.0833333"
"1992642694","198157877","0.0833333"
"198157877","2591986237","0.0833333"
"2591986237","198157877","0.0833333"
"198157877","2614931832","0.0833333"
"2614931832","198157877","0.0833333"
"198157877","2762887147","0.0833333"
"2762887147","198157877","0.0833333"
"1992642694","1998600401","1.08333"
"1998600401","1992642694","1.08333"
"1992642694","2029128277","1.5"
"2029128277","1992642694","1.5"
"1992642694","2055837960","0.0833333"
"2055837960","1992642694","0.0833333"
"1992642694","2060348361","1.33333"
"2060348361","1992642694","1.33333"
"1992642694","2095029525","1"
"2095029525","1992642694","1"
"1992642694","2117759244","0.416667"
"2117759244","1992642694","0.416667"
"1992642694","2289049650","0.0833333"
"2289049650","1992642694","0.0833333"
"1992642694","2464480950","0.666667"
"2464480950","1992642694","0.666667"
"1992642694","2591986237","0.416667"
"2591986237","1992642694","0.416667"
"1992642694","2614931832","0.583333"
"2614931832","1992642694","0.583333"
"1992642694","2762887147","0.0833333"
"2762887147","1992642694","0.0833333"
"1998600401","2591986237","1.50952"
"2591986237","1998600401","1.50952"
"1998600401","2614931832","1.03333"
"2614931832","1998600401","1.03333"
"1998600401","2762887147","1.08333"
"2762887147","1998600401","1.08333"
"2029128277","2591986237","0.42619"
"2591986237","2029128277","0.42619"
"2029128277","2614931832","1.45"
"2614931832","2029128277","1.45"
"2029128277","2762887147","1.25"
"2762887147","2029128277","1.25"
"2055837960","2591986237","0.416667"
"2591986237","2055837960","0.416667"
"2055837960","2614931832","0.25"
"2614931832","2055837960","0.25"
"2055837960","2762887147","0.25"
"2762887147","2055837960","0.25"
"2060348361","2591986237","0.416667"
"2591986237","2060348361","0.416667"
"2060348361","2614931832","0.0833333"
"2614931832","2060348361","0.0833333"
"2060348361","2762887147","0.0833333"
"2762887147","2060348361","0.0833333"
"2095029525","2591986237","0.0833333"
"2591986237","2095029525","0.0833333"
"2095029525","2614931832","0.0833333"
"2614931832","2095029525","0.0833333"
"2095029525","2762887147","0.0833333"
"2762887147","2095029525","0.0833333"
"2117759244","2591986237","0.416667"
"2591986237","2117759244","0.416667"
"2117759244","2614931832","0.25"
"2614931832","2117759244","0.25"
"2117759244","2762887147","0.25"
"2762887147","2117759244","0.25"
"2289049650","2591986237","1.09286"
"2591986237","2289049650","1.09286"
"2289049650","2614931832","0.45"
"2614931832","2289049650","0.45"
"2289049650","2762887147","0.25"
"2762887147","2289049650","0.25"
"2464480950","2591986237","0.0833333"
"2591986237","2464480950","0.0833333"
"2464480950","2614931832","0.0833333"
"2614931832","2464480950","0.0833333"
"2464480950","2762887147","0.0833333"
"2762887147","2464480950","0.0833333"
"2591986237","2614931832","1.03333"
"2614931832","2591986237","1.03333"
"2591986237","2762887147","0.0833333"
"2762887147","2591986237","0.0833333"
"2614931832","2762887147","1.25"
"2762887147","2614931832","1.25"
"2010673602","2049645827","0.1"
"2049645827","2010673602","0.1"
"2010673602","2055837960","0.1"
"2055837960","2010673602","0.1"
"2010673602","2161600801","0.1"
"2161600801","2010673602","0.1"
"1982806687","2023448865","4.66667"
"2023448865","1982806687","4.66667"
"2023448865","2108991785","25.8333"
"2108991785","2023448865","25.8333"
"2023448865","2161600801","16.1667"
"2161600801","2023448865","16.1667"
"1982806687","2076203838","1.33333"
"2076203838","1982806687","1.33333"
"2023448865","2076203838","1.33333"
"2076203838","2023448865","1.33333"
"2076203838","2161600801","0.333333"
"2161600801","2076203838","0.333333"
"2127787701","2161600801","2.33333"
"2161600801","2127787701","2.33333"
"1992642694","2049645827","0.666667"
"2049645827","1992642694","0.666667"
"2049645827","2591986237","0.333333"
"2591986237","2049645827","0.333333"
"1992642694","2161600801","0.666667"
"2161600801","1992642694","0.666667"
"1992642694","2108991785","0.333333"
"2108991785","1992642694","0.333333"
"1998600401","2148361370","1"
"2148361370","1998600401","1"
"2074804516","2591986237","0.342857"
"2591986237","2074804516","0.342857"
"2074804516","2614931832","0.2"
"2614931832","2074804516","0.2"
"2108991785","2591986237","0.72619"
"2591986237","2108991785","0.72619"
"1998600401","2790957175","0.142857"
"2790957175","1998600401","0.142857"
"2029128277","2790957175","0.342857"
"2790957175","2029128277","0.342857"
"2074804516","2790957175","0.142857"
"2790957175","2074804516","0.142857"
"2108991785","2790957175","0.842857"
"2790957175","2108991785","0.842857"
"2289049650","2790957175","0.342857"
"2790957175","2289049650","0.342857"
"2396691604","2591986237","0.142857"
"2591986237","2396691604","0.142857"
"2396691604","2790957175","0.342857"
"2790957175","2396691604","0.342857"
"2591986237","2790957175","0.142857"
"2790957175","2591986237","0.142857"
"1998600401","2095576022","0.5"
"2095576022","1998600401","0.5"
"1998600401","2145747124","0.5"
"2145747124","1998600401","0.5"
"1998600401","2804222599","0.25"
"2804222599","1998600401","0.25"
"2108991785","2614931832","0.416667"
"2614931832","2108991785","0.416667"
"2108991785","2804222599","0.45"
"2804222599","2108991785","0.45"
"2591986237","2804222599","0.25"
"2804222599","2591986237","0.25"
"2614931832","2804222599","0.25"
"2804222599","2614931832","0.25"
"2006069086","2071358357","3"
"2071358357","2006069086","3"
"2010673602","2281713471","0.25"
"2281713471","2010673602","0.25"
"2010673602","2464480950","0.25"
"2464480950","2010673602","0.25"
"2076203838","2108991785","1"
"2108991785","2076203838","1"
"2023448865","2127787701","1"
"2127787701","2023448865","1"
"2029128277","2148361370","2"
"2148361370","2029128277","2"
"2029128277","2224967200","1"
"2224967200","2029128277","1"
"2127787701","2614931832","0.5"
"2614931832","2127787701","0.5"
"2029128277","2474556572","1"
"2474556572","2029128277","1"
"2108991785","2762887147","0.166667"
"2762887147","2108991785","0.166667"
"2029128277","2921793741","0.583333"
"2921793741","2029128277","0.583333"
"2281713471","2921793741","0.583333"
"2921793741","2281713471","0.583333"
"2464480950","2921793741","0.583333"
"2921793741","2464480950","0.583333"
"2029128277","2804222599","0.7"
"2804222599","2029128277","0.7"
"2289049650","2804222599","0.7"
"2804222599","2289049650","0.7"
"2396691604","2804222599","0.2"
"2804222599","2396691604","0.2"
"2790957175","2804222599","0.2"
"2804222599","2790957175","0.2"
"2117759244","2921793741","0.25"
"2921793741","2117759244","0.25"
"2041183606","2108991785","1.5"
"2108991785","2041183606","1.5"
"2041183606","2161600801","0.5"
"2161600801","2041183606","0.5"
"2067591112","2830176335","0.25"
"2830176335","2067591112","0.25"
"2067591112","2923964850","0.25"
"2923964850","2067591112","0.25"
"2145747124","2830176335","0.25"
"2830176335","2145747124","0.25"
"2145747124","2923964850","0.25"
"2923964850","2145747124","0.25"
"2511129296","2830176335","0.25"
"2830176335","2511129296","0.25"
"2511129296","2923964850","0.25"
"2923964850","2511129296","0.25"
"2830176335","2923964850","0.25"
"2923964850","2830176335","0.25"
"2071358357","2095546633","1.5"
"2095546633","2071358357","1.5"
"2127787701","2145747124","0.5"
"2145747124","2127787701","0.5"
"2161600801","2790957175","0.5"
"2790957175","2161600801","0.5"
"2145747124","2161600801","2"
"2161600801","2145747124","2"
"2242356514","2487820211","1"
"2487820211","2242356514","1"
"2775687553","336191506","1"
"336191506","2775687553","1"
