"1494468215","1970461679","12.1778"
"1970461679","1494468215","12.1778"
"1494468215","2148473175","2.16667"
"2148473175","1494468215","2.16667"
"1970461679","2148473175","7.70952"
"2148473175","1970461679","7.70952"
"1494468215","1503333931","0.111111"
"1503333931","1494468215","0.111111"
"1494468215","2023985699","0.111111"
"2023985699","1494468215","0.111111"
"1494468215","2056214029","0.111111"
"2056214029","1494468215","0.111111"
"1494468215","2088189834","0.111111"
"2088189834","1494468215","0.111111"
"1494468215","2109706235","0.111111"
"2109706235","1494468215","0.111111"
"1494468215","2112021481","0.111111"
"2112021481","1494468215","0.111111"
"1494468215","2114374682","0.511111"
"2114374682","1494468215","0.511111"
"1494468215","2161558875","0.111111"
"2161558875","1494468215","0.111111"
"1503333931","1970461679","4.63803"
"1970461679","1503333931","4.63803"
"1503333931","2023985699","9.43847"
"2023985699","1503333931","9.43847"
"1503333931","2056214029","4.5547"
"2056214029","1503333931","4.5547"
"1503333931","2088189834","5.69756"
"2088189834","1503333931","5.69756"
"1503333931","2109706235","6.9547"
"2109706235","1503333931","6.9547"
"1503333931","2112021481","0.527778"
"2112021481","1503333931","0.527778"
"1503333931","2114374682","12.6551"
"2114374682","1503333931","12.6551"
"1503333931","2161558875","0.111111"
"2161558875","1503333931","0.111111"
"1970461679","2023985699","0.582479"
"2023985699","1970461679","0.582479"
"1970461679","2056214029","5.86581"
"2056214029","1970461679","5.86581"
"1970461679","2088189834","0.471368"
"2088189834","1970461679","0.471368"
"1970461679","2109706235","0.388034"
"2109706235","1970461679","0.388034"
"1970461679","2112021481","2.85278"
"2112021481","1970461679","2.85278"
"1970461679","2114374682","8.09756"
"2114374682","1970461679","8.09756"
"1970461679","2161558875","0.253968"
"2161558875","1970461679","0.253968"
"2023985699","2056214029","3.08248"
"2056214029","2023985699","3.08248"
"2023985699","2088189834","4.86422"
"2088189834","2023985699","4.86422"
"2023985699","2109706235","6.12137"
"2109706235","2023985699","6.12137"
"2023985699","2112021481","0.361111"
"2112021481","2023985699","0.361111"
"2023985699","2114374682","2.48847"
"2114374682","2023985699","2.48847"
"2023985699","2161558875","0.111111"
"2161558875","2023985699","0.111111"
"2056214029","2088189834","0.471368"
"2088189834","2056214029","0.471368"
"2056214029","2109706235","0.638034"
"2109706235","2056214029","0.638034"
"2056214029","2112021481","0.361111"
"2112021481","2056214029","0.361111"
"2056214029","2114374682","2.1047"
"2114374682","2056214029","2.1047"
"2056214029","2161558875","0.111111"
"2161558875","2056214029","0.111111"
"2088189834","2109706235","3.63803"
"2109706235","2088189834","3.63803"
"2088189834","2112021481","0.111111"
"2112021481","2088189834","0.111111"
"2088189834","2114374682","1.91422"
"2114374682","2088189834","1.91422"
"2088189834","2161558875","0.111111"
"2161558875","2088189834","0.111111"
"2109706235","2112021481","0.111111"
"2112021481","2109706235","0.111111"
"2109706235","2114374682","2.33803"
"2114374682","2109706235","2.33803"
"2109706235","2161558875","0.111111"
"2161558875","2109706235","0.111111"
"2112021481","2114374682","2.36111"
"2114374682","2112021481","2.36111"
"2112021481","2161558875","0.111111"
"2161558875","2112021481","0.111111"
"2114374682","2161558875","0.503968"
"2161558875","2114374682","0.503968"
"1494468215","2007810306","3.56667"
"2007810306","1494468215","3.56667"
"1494468215","24701829","0.5"
"24701829","1494468215","0.5"
"1970461679","24701829","0.576923"
"24701829","1970461679","0.576923"
"1494468215","2114566577","2.7"
"2114566577","1494468215","2.7"
"2114566577","2148473175","3.17619"
"2148473175","2114566577","3.17619"
"1970461679","2007810306","3.54286"
"2007810306","1970461679","3.54286"
"1494468215","1845198550","0.333333"
"1845198550","1494468215","0.333333"
"1845198550","1970461679","1.16786"
"1970461679","1845198550","1.16786"
"1845198550","2148473175","1.07619"
"2148473175","1845198550","1.07619"
"1494468215","1586274592","0.366667"
"1586274592","1494468215","0.366667"
"1494468215","2008656009","0.2"
"2008656009","1494468215","0.2"
"1586274592","1970461679","0.783333"
"1970461679","1586274592","0.783333"
"1586274592","2007810306","0.366667"
"2007810306","1586274592","0.366667"
"1586274592","2008656009","0.2"
"2008656009","1586274592","0.2"
"1586274592","2114374682","1.03333"
"2114374682","1586274592","1.03333"
"1970461679","2008656009","0.45"
"2008656009","1970461679","0.45"
"2007810306","2008656009","0.2"
"2008656009","2007810306","0.2"
"2007810306","2114374682","1.54286"
"2114374682","2007810306","1.54286"
"2008656009","2114374682","0.2"
"2114374682","2008656009","0.2"
"1494468215","19293941","0.2"
"19293941","1494468215","0.2"
"19293941","1970461679","2.65"
"1970461679","19293941","2.65"
"19293941","2007810306","0.2"
"2007810306","19293941","0.2"
"19293941","2114374682","16.5262"
"2114374682","19293941","16.5262"
"19293941","2114566577","0.65"
"2114566577","19293941","0.65"
"1970461679","2114566577","9.32619"
"2114566577","1970461679","9.32619"
"2007810306","2114566577","2.00952"
"2114566577","2007810306","2.00952"
"2114374682","2114566577","0.792857"
"2114566577","2114374682","0.792857"
"1494468215","2088589638","0.166667"
"2088589638","1494468215","0.166667"
"1494468215","2108296762","0.166667"
"2108296762","1494468215","0.166667"
"1494468215","2118146863","0.166667"
"2118146863","1494468215","0.166667"
"1586274592","2088589638","0.166667"
"2088589638","1586274592","0.166667"
"1586274592","2108296762","0.166667"
"2108296762","1586274592","0.166667"
"1586274592","2114566577","1.16667"
"2114566577","1586274592","1.16667"
"1586274592","2118146863","0.166667"
"2118146863","1586274592","0.166667"
"2007810306","2088589638","0.666667"
"2088589638","2007810306","0.666667"
"2007810306","2108296762","0.166667"
"2108296762","2007810306","0.166667"
"2007810306","2118146863","0.809524"
"2118146863","2007810306","0.809524"
"2088589638","2108296762","0.166667"
"2108296762","2088589638","0.166667"
"2088589638","2114566577","0.166667"
"2114566577","2088589638","0.166667"
"2088589638","2118146863","0.666667"
"2118146863","2088589638","0.666667"
"2108296762","2114566577","0.166667"
"2114566577","2108296762","0.166667"
"2108296762","2118146863","0.166667"
"2118146863","2108296762","0.166667"
"2114566577","2118146863","0.309524"
"2118146863","2114566577","0.309524"
"1498324828","2102137667","1"
"2102137667","1498324828","1"
"1498324828","19293941","1"
"19293941","1498324828","1"
"1498324828","1994915827","0.2"
"1994915827","1498324828","0.2"
"1498324828","2048955106","0.2"
"2048955106","1498324828","0.2"
"1498324828","2053448995","0.2"
"2053448995","1498324828","0.2"
"1498324828","2077789969","0.2"
"2077789969","1498324828","0.2"
"1498324828","2139230733","0.2"
"2139230733","1498324828","0.2"
"1994915827","2048955106","2.76111"
"2048955106","1994915827","2.76111"
"1994915827","2053448995","5.4"
"2053448995","1994915827","5.4"
"1994915827","2077789969","0.983333"
"2077789969","1994915827","0.983333"
"1994915827","2139230733","9.92778"
"2139230733","1994915827","9.92778"
"2048955106","2053448995","1.15"
"2053448995","2048955106","1.15"
"2048955106","2077789969","1.56667"
"2077789969","2048955106","1.56667"
"2048955106","2139230733","2.38611"
"2139230733","2048955106","2.38611"
"2053448995","2077789969","8.72619"
"2077789969","2053448995","8.72619"
"2053448995","2139230733","2.70952"
"2139230733","2053448995","2.70952"
"2077789969","2139230733","0.983333"
"2139230733","2077789969","0.983333"
"1498324828","1577798322","0.333333"
"1577798322","1498324828","0.333333"
"1498324828","1997214779","0.333333"
"1997214779","1498324828","0.333333"
"1498324828","2165386252","0.333333"
"2165386252","1498324828","0.333333"
"1577798322","1997214779","0.934524"
"1997214779","1577798322","0.934524"
"1577798322","2165386252","0.458333"
"2165386252","1577798322","0.458333"
"1997214779","2165386252","0.458333"
"2165386252","1997214779","0.458333"
"1498699279","2063337789","1"
"2063337789","1498699279","1"
"1503333931","1821283806","0.924242"
"1821283806","1503333931","0.924242"
"1821283806","1970461679","5.31111"
"1970461679","1821283806","5.31111"
"1821283806","2056214029","2.14444"
"2056214029","1821283806","2.14444"
"1821283806","2114374682","1.09091"
"2114374682","1821283806","1.09091"
"1503333931","1845198550","2.50952"
"1845198550","1503333931","2.50952"
"1503333931","19293941","0.759524"
"19293941","1503333931","0.759524"
"1845198550","19293941","9.15952"
"19293941","1845198550","9.15952"
"1845198550","2023985699","0.342857"
"2023985699","1845198550","0.342857"
"1845198550","2109706235","0.7"
"2109706235","1845198550","0.7"
"1845198550","2114374682","3.80238"
"2114374682","1845198550","3.80238"
"19293941","2023985699","0.42619"
"2023985699","19293941","0.42619"
"19293941","2109706235","0.2"
"2109706235","19293941","0.2"
"1503333931","1968518318","0.583333"
"1968518318","1503333931","0.583333"
"1503333931","2023188792","1.5345"
"2023188792","1503333931","1.5345"
"1968518318","2023188792","21.7864"
"2023188792","1968518318","21.7864"
"1968518318","2088189834","0.583333"
"2088189834","1968518318","0.583333"
"2023188792","2088189834","0.74359"
"2088189834","2023188792","0.74359"
"1503333931","1999593459","3.21978"
"1999593459","1503333931","3.21978"
"1999593459","2109706235","1.57692"
"2109706235","1999593459","1.57692"
"1503333931","2026439336","0.583333"
"2026439336","1503333931","0.583333"
"1503333931","2148473175","0.333333"
"2148473175","1503333931","0.333333"
"1503333931","2155030693","1.66667"
"2155030693","1503333931","1.66667"
"2026439336","2148473175","0.333333"
"2148473175","2026439336","0.333333"
"2026439336","2155030693","0.333333"
"2155030693","2026439336","0.333333"
"2148473175","2155030693","1.33333"
"2155030693","2148473175","1.33333"
"1503333931","24701829","2.11783"
"24701829","1503333931","2.11783"
"2023188792","2023985699","0.812277"
"2023985699","2023188792","0.812277"
"2023188792","2109706235","0.276923"
"2109706235","2023188792","0.276923"
"2023188792","2114374682","0.503797"
"2114374682","2023188792","0.503797"
"2023188792","24701829","4.51069"
"24701829","2023188792","4.51069"
"2023985699","24701829","0.617832"
"24701829","2023985699","0.617832"
"2109706235","24701829","0.69359"
"24701829","2109706235","0.69359"
"2114374682","24701829","2.5345"
"24701829","2114374682","2.5345"
"2056214029","24701829","0.326923"
"24701829","2056214029","0.326923"
"1503333931","2009607991","1.09091"
"2009607991","1503333931","1.09091"
"1999593459","2114374682","0.886447"
"2114374682","1999593459","0.886447"
"1503333931","1586274592","0.833333"
"1586274592","1503333931","0.833333"
"1586274592","2023985699","0.583333"
"2023985699","1586274592","0.583333"
"1586274592","2109706235","0.833333"
"2109706235","1586274592","0.833333"
"1503333931","1576022151","1"
"1576022151","1503333931","1"
"1586274592","1999593459","0.583333"
"1999593459","1586274592","0.583333"
"1999593459","2023985699","0.71978"
"2023985699","1999593459","0.71978"
"1503333931","2114566577","0.5"
"2114566577","1503333931","0.5"
"1970461679","2155030693","0.25"
"2155030693","1970461679","0.25"
"2114374682","2155030693","0.5"
"2155030693","2114374682","0.5"
"2114566577","2155030693","0.916667"
"2155030693","2114566577","0.916667"
"1821283806","2155030693","0.333333"
"2155030693","1821283806","0.333333"
"2056214029","2155030693","0.333333"
"2155030693","2056214029","0.333333"
"1968518318","2026439336","10.1836"
"2026439336","1968518318","10.1836"
"2023188792","2026439336","23.8264"
"2026439336","2023188792","23.8264"
"2026439336","2088189834","0.25"
"2088189834","2026439336","0.25"
"1503333931","2016196749","0.0909091"
"2016196749","1503333931","0.0909091"
"1503333931","2066682493","0.667832"
"2066682493","1503333931","0.667832"
"1503333931","2096679307","0.590909"
"2096679307","1503333931","0.590909"
"1503333931","2097561692","0.0909091"
"2097561692","1503333931","0.0909091"
"1503333931","9861414","0.667832"
"9861414","1503333931","0.667832"
"1821283806","2009607991","0.0909091"
"2009607991","1821283806","0.0909091"
"1821283806","2016196749","0.0909091"
"2016196749","1821283806","0.0909091"
"1821283806","2023188792","0.20202"
"2023188792","1821283806","0.20202"
"1821283806","2023985699","0.20202"
"2023985699","1821283806","0.20202"
"1821283806","2066682493","0.0909091"
"2066682493","1821283806","0.0909091"
"1821283806","2096679307","0.0909091"
"2096679307","1821283806","0.0909091"
"1821283806","2097561692","0.0909091"
"2097561692","1821283806","0.0909091"
"1821283806","24701829","0.0909091"
"24701829","1821283806","0.0909091"
"1821283806","9861414","0.0909091"
"9861414","1821283806","0.0909091"
"2009607991","2016196749","0.0909091"
"2016196749","2009607991","0.0909091"
"2009607991","2023188792","0.0909091"
"2023188792","2009607991","0.0909091"
"2009607991","2023985699","0.0909091"
"2023985699","2009607991","0.0909091"
"2009607991","2066682493","0.0909091"
"2066682493","2009607991","0.0909091"
"2009607991","2096679307","0.0909091"
"2096679307","2009607991","0.0909091"
"2009607991","2097561692","0.0909091"
"2097561692","2009607991","0.0909091"
"2009607991","2114374682","0.0909091"
"2114374682","2009607991","0.0909091"
"2009607991","24701829","0.0909091"
"24701829","2009607991","0.0909091"
"2009607991","9861414","0.0909091"
"9861414","2009607991","0.0909091"
"2016196749","2023188792","0.0909091"
"2023188792","2016196749","0.0909091"
"2016196749","2023985699","0.0909091"
"2023985699","2016196749","0.0909091"
"2016196749","2066682493","0.0909091"
"2066682493","2016196749","0.0909091"
"2016196749","2096679307","0.0909091"
"2096679307","2016196749","0.0909091"
"2016196749","2097561692","0.0909091"
"2097561692","2016196749","0.0909091"
"2016196749","2114374682","0.0909091"
"2114374682","2016196749","0.0909091"
"2016196749","24701829","0.0909091"
"24701829","2016196749","0.0909091"
"2016196749","9861414","0.0909091"
"9861414","2016196749","0.0909091"
"2023188792","2066682493","0.239261"
"2066682493","2023188792","0.239261"
"2023188792","2096679307","0.174242"
"2096679307","2023188792","0.174242"
"2023188792","2097561692","0.174242"
"2097561692","2023188792","0.174242"
"2023188792","9861414","1.23926"
"9861414","2023188792","1.23926"
"2023985699","2066682493","0.167832"
"2066682493","2023985699","0.167832"
"2023985699","2096679307","0.174242"
"2096679307","2023985699","0.174242"
"2023985699","2097561692","0.174242"
"2097561692","2023985699","0.174242"
"2023985699","9861414","0.167832"
"9861414","2023985699","0.167832"
"2066682493","2096679307","0.0909091"
"2096679307","2066682493","0.0909091"
"2066682493","2097561692","0.0909091"
"2097561692","2066682493","0.0909091"
"2066682493","2114374682","0.167832"
"2114374682","2066682493","0.167832"
"2066682493","24701829","0.167832"
"24701829","2066682493","0.167832"
"2066682493","9861414","6.57259"
"9861414","2066682493","6.57259"
"2096679307","2097561692","2.17424"
"2097561692","2096679307","2.17424"
"2096679307","2114374682","0.174242"
"2114374682","2096679307","0.174242"
"2096679307","24701829","0.0909091"
"24701829","2096679307","0.0909091"
"2096679307","9861414","0.0909091"
"9861414","2096679307","0.0909091"
"2097561692","2114374682","0.174242"
"2114374682","2097561692","0.174242"
"2097561692","24701829","0.0909091"
"24701829","2097561692","0.0909091"
"2097561692","9861414","0.0909091"
"9861414","2097561692","0.0909091"
"2114374682","9861414","0.167832"
"9861414","2114374682","0.167832"
"24701829","9861414","0.167832"
"9861414","24701829","0.167832"
"1503333931","2095124420","0.0769231"
"2095124420","1503333931","0.0769231"
"1503333931","2187652355","0.0769231"
"2187652355","1503333931","0.0769231"
"1970461679","1999593459","0.0769231"
"1999593459","1970461679","0.0769231"
"1970461679","2023188792","1.9678"
"2023188792","1970461679","1.9678"
"1970461679","2066682493","0.648352"
"2066682493","1970461679","0.648352"
"1970461679","2095124420","0.0769231"
"2095124420","1970461679","0.0769231"
"1970461679","2187652355","0.648352"
"2187652355","1970461679","0.648352"
"1970461679","9861414","0.648352"
"9861414","1970461679","0.648352"
"1999593459","2023188792","0.0769231"
"2023188792","1999593459","0.0769231"
"1999593459","2056214029","0.0769231"
"2056214029","1999593459","0.0769231"
"1999593459","2066682493","0.0769231"
"2066682493","1999593459","0.0769231"
"1999593459","2088189834","0.46978"
"2088189834","1999593459","0.46978"
"1999593459","2095124420","0.0769231"
"2095124420","1999593459","0.0769231"
"1999593459","2187652355","0.0769231"
"2187652355","1999593459","0.0769231"
"1999593459","24701829","0.24359"
"24701829","1999593459","0.24359"
"1999593459","9861414","0.0769231"
"9861414","1999593459","0.0769231"
"2023188792","2056214029","0.521368"
"2056214029","2023188792","0.521368"
"2023188792","2095124420","0.0769231"
"2095124420","2023188792","0.0769231"
"2023188792","2187652355","0.69384"
"2187652355","2023188792","0.69384"
"2023985699","2095124420","0.0769231"
"2095124420","2023985699","0.0769231"
"2023985699","2187652355","0.0769231"
"2187652355","2023985699","0.0769231"
"2056214029","2066682493","0.0769231"
"2066682493","2056214029","0.0769231"
"2056214029","2095124420","0.0769231"
"2095124420","2056214029","0.0769231"
"2056214029","2187652355","0.0769231"
"2187652355","2056214029","0.0769231"
"2056214029","9861414","0.0769231"
"9861414","2056214029","0.0769231"
"2066682493","2088189834","0.0769231"
"2088189834","2066682493","0.0769231"
"2066682493","2095124420","0.0769231"
"2095124420","2066682493","0.0769231"
"2066682493","2109706235","0.0769231"
"2109706235","2066682493","0.0769231"
"2066682493","2187652355","0.148352"
"2187652355","2066682493","0.148352"
"2088189834","2095124420","0.0769231"
"2095124420","2088189834","0.0769231"
"2088189834","2187652355","0.0769231"
"2187652355","2088189834","0.0769231"
"2088189834","24701829","0.576923"
"24701829","2088189834","0.576923"
"2088189834","9861414","0.0769231"
"9861414","2088189834","0.0769231"
"2095124420","2109706235","0.0769231"
"2109706235","2095124420","0.0769231"
"2095124420","2114374682","0.0769231"
"2114374682","2095124420","0.0769231"
"2095124420","2187652355","0.0769231"
"2187652355","2095124420","0.0769231"
"2095124420","24701829","0.0769231"
"24701829","2095124420","0.0769231"
"2095124420","9861414","0.0769231"
"9861414","2095124420","0.0769231"
"2109706235","2187652355","0.0769231"
"2187652355","2109706235","0.0769231"
"2109706235","9861414","0.0769231"
"9861414","2109706235","0.0769231"
"2114374682","2187652355","0.129555"
"2187652355","2114374682","0.129555"
"2187652355","24701829","0.0769231"
"24701829","2187652355","0.0769231"
"2187652355","9861414","0.648352"
"9861414","2187652355","0.648352"
"1503333931","2165718308","1.64286"
"2165718308","1503333931","1.64286"
"2023985699","2165718308","1.17063"
"2165718308","2023985699","1.17063"
"1845198550","1999593459","0.142857"
"1999593459","1845198550","0.142857"
"1845198550","2088189834","1.64286"
"2088189834","1845198550","1.64286"
"1845198550","2165718308","0.142857"
"2165718308","1845198550","0.142857"
"19293941","1999593459","0.142857"
"1999593459","19293941","0.142857"
"19293941","2088189834","0.22619"
"2088189834","19293941","0.22619"
"19293941","2165718308","0.72619"
"2165718308","19293941","0.72619"
"1999593459","2165718308","0.142857"
"2165718308","1999593459","0.142857"
"2088189834","2165718308","0.559524"
"2165718308","2088189834","0.559524"
"2114374682","2165718308","1.72619"
"2165718308","2114374682","1.72619"
"2023188792","2112021481","1.825"
"2112021481","2023188792","1.825"
"1503333931","1823171916","0.166667"
"1823171916","1503333931","0.166667"
"1503333931","2086236887","0.166667"
"2086236887","1503333931","0.166667"
"1823171916","1845198550","0.166667"
"1845198550","1823171916","0.166667"
"1823171916","19293941","0.166667"
"19293941","1823171916","0.166667"
"1823171916","1970461679","0.277778"
"1970461679","1823171916","0.277778"
"1823171916","2086236887","0.166667"
"2086236887","1823171916","0.166667"
"1823171916","2112021481","0.366667"
"2112021481","1823171916","0.366667"
"1845198550","2086236887","0.166667"
"2086236887","1845198550","0.166667"
"1845198550","2112021481","1.125"
"2112021481","1845198550","1.125"
"19293941","2086236887","0.166667"
"2086236887","19293941","0.166667"
"19293941","2112021481","2.91667"
"2112021481","19293941","2.91667"
"1970461679","2086236887","0.166667"
"2086236887","1970461679","0.166667"
"2086236887","2112021481","0.166667"
"2112021481","2086236887","0.166667"
"1503333931","1577798322","0.25"
"1577798322","1503333931","0.25"
"1577798322","19293941","15.75"
"19293941","1577798322","15.75"
"1577798322","2114566577","0.25"
"2114566577","1577798322","0.25"
"1577798322","2155030693","3.08333"
"2155030693","1577798322","3.08333"
"19293941","2155030693","1.5"
"2155030693","19293941","1.5"
"1503333931","1969949308","0.5"
"1969949308","1503333931","0.5"
"1969949308","2155030693","1.91667"
"2155030693","1969949308","1.91667"
"1503333931","2150662514","0.5"
"2150662514","1503333931","0.5"
"2023188792","2150662514","25.328"
"2150662514","2023188792","25.328"
"2150662514","24701829","1.47619"
"24701829","2150662514","1.47619"
"1503333931","2108296762","0.166667"
"2108296762","1503333931","0.166667"
"1999593459","2108296762","0.166667"
"2108296762","1999593459","0.166667"
"1999593459","2150662514","0.166667"
"2150662514","1999593459","0.166667"
"2108296762","2109706235","0.5"
"2109706235","2108296762","0.5"
"2108296762","2114374682","0.166667"
"2114374682","2108296762","0.166667"
"2108296762","2150662514","0.166667"
"2150662514","2108296762","0.166667"
"2108296762","24701829","0.166667"
"24701829","2108296762","0.166667"
"2109706235","2150662514","0.166667"
"2150662514","2109706235","0.166667"
"2114374682","2150662514","0.302632"
"2150662514","2114374682","0.302632"
"2088189834","2096679307","0.583333"
"2096679307","2088189834","0.583333"
"1504025620","1969062559","1"
"1969062559","1504025620","1"
"1532409436","1576064612","0.416667"
"1576064612","1532409436","0.416667"
"1532409436","1577798322","2.91667"
"1577798322","1532409436","2.91667"
"1532409436","243667097","0.416667"
"243667097","1532409436","0.416667"
"1576064612","1577798322","0.333333"
"1577798322","1576064612","0.333333"
"1576064612","243667097","0.75"
"243667097","1576064612","0.75"
"1577798322","243667097","0.333333"
"243667097","1577798322","0.333333"
"1532409436","2150662514","1.69708"
"2150662514","1532409436","1.69708"
"1532409436","2023188792","0.697076"
"2023188792","1532409436","0.697076"
"1532409436","2112021481","0.45"
"2112021481","1532409436","0.45"
"1577798322","2023188792","1.08333"
"2023188792","1577798322","1.08333"
"1577798322","2112021481","14.9861"
"2112021481","1577798322","14.9861"
"1577798322","2150662514","0.25"
"2150662514","1577798322","0.25"
"2112021481","2150662514","1.45"
"2150662514","2112021481","1.45"
"1532409436","1823171916","0.363743"
"1823171916","1532409436","0.363743"
"1532409436","1968518318","1.36374"
"1968518318","1532409436","1.36374"
"1823171916","1968518318","1.0066"
"1968518318","1823171916","1.0066"
"1823171916","2023188792","0.5066"
"2023188792","1823171916","0.5066"
"1823171916","2150662514","0.5066"
"2150662514","1823171916","0.5066"
"1968518318","2112021481","0.325"
"2112021481","1968518318","0.325"
"1968518318","2150662514","4.9947"
"2150662514","1968518318","4.9947"
"1532409436","1708482005","0.135965"
"1708482005","1532409436","0.135965"
"1532409436","186077783","0.135965"
"186077783","1532409436","0.135965"
"1532409436","1997983566","0.0833333"
"1997983566","1532409436","0.0833333"
"1532409436","2012652795","0.0833333"
"2012652795","1532409436","0.0833333"
"1532409436","2026439336","0.635965"
"2026439336","1532409436","0.635965"
"1532409436","2026893190","0.135965"
"2026893190","1532409436","0.135965"
"1532409436","2043257601","0.135965"
"2043257601","1532409436","0.135965"
"1532409436","2132577486","0.135965"
"2132577486","1532409436","0.135965"
"1532409436","96949676","0.0833333"
"96949676","1532409436","0.0833333"
"1708482005","186077783","0.135965"
"186077783","1708482005","0.135965"
"1708482005","1968518318","0.385965"
"1968518318","1708482005","0.385965"
"1708482005","1997983566","0.0833333"
"1997983566","1708482005","0.0833333"
"1708482005","2012652795","0.0833333"
"2012652795","1708482005","0.0833333"
"1708482005","2023188792","0.719298"
"2023188792","1708482005","0.719298"
"1708482005","2026439336","0.385965"
"2026439336","1708482005","0.385965"
"1708482005","2026893190","0.469298"
"2026893190","1708482005","0.469298"
"1708482005","2043257601","0.135965"
"2043257601","1708482005","0.135965"
"1708482005","2132577486","0.385965"
"2132577486","1708482005","0.385965"
"1708482005","2150662514","0.469298"
"2150662514","1708482005","0.469298"
"1708482005","96949676","0.0833333"
"96949676","1708482005","0.0833333"
"186077783","1968518318","0.135965"
"1968518318","186077783","0.135965"
"186077783","1997983566","0.0833333"
"1997983566","186077783","0.0833333"
"186077783","2012652795","0.0833333"
"2012652795","186077783","0.0833333"
"186077783","2023188792","3.13596"
"2023188792","186077783","3.13596"
"186077783","2026439336","1.13596"
"2026439336","186077783","1.13596"
"186077783","2026893190","1.13596"
"2026893190","186077783","1.13596"
"186077783","2043257601","0.135965"
"2043257601","186077783","0.135965"
"186077783","2132577486","0.135965"
"2132577486","186077783","0.135965"
"186077783","2150662514","0.135965"
"2150662514","186077783","0.135965"
"186077783","96949676","0.0833333"
"96949676","186077783","0.0833333"
"1968518318","1997983566","0.333333"
"1997983566","1968518318","0.333333"
"1968518318","2012652795","0.0833333"
"2012652795","1968518318","0.0833333"
"1968518318","2026893190","1.13596"
"2026893190","1968518318","1.13596"
"1968518318","2043257601","0.635965"
"2043257601","1968518318","0.635965"
"1968518318","2132577486","0.885965"
"2132577486","1968518318","0.885965"
"1968518318","96949676","0.0833333"
"96949676","1968518318","0.0833333"
"1997983566","2012652795","0.0833333"
"2012652795","1997983566","0.0833333"
"1997983566","2023188792","0.666667"
"2023188792","1997983566","0.666667"
"1997983566","2026439336","1.33333"
"2026439336","1997983566","1.33333"
"1997983566","2026893190","1.08333"
"2026893190","1997983566","1.08333"
"1997983566","2043257601","1.16667"
"2043257601","1997983566","1.16667"
"1997983566","2132577486","0.0833333"
"2132577486","1997983566","0.0833333"
"1997983566","2150662514","1.08333"
"2150662514","1997983566","1.08333"
"1997983566","96949676","0.0833333"
"96949676","1997983566","0.0833333"
"2012652795","2023188792","1.08333"
"2023188792","2012652795","1.08333"
"2012652795","2026439336","0.0833333"
"2026439336","2012652795","0.0833333"
"2012652795","2026893190","0.0833333"
"2026893190","2012652795","0.0833333"
"2012652795","2043257601","0.0833333"
"2043257601","2012652795","0.0833333"
"2012652795","2132577486","0.0833333"
"2132577486","2012652795","0.0833333"
"2012652795","2150662514","0.0833333"
"2150662514","2012652795","0.0833333"
"2012652795","96949676","0.0833333"
"96949676","2012652795","0.0833333"
"2023188792","2026893190","10.4693"
"2026893190","2023188792","10.4693"
"2023188792","2043257601","1.63596"
"2043257601","2023188792","1.63596"
"2023188792","2132577486","1.88596"
"2132577486","2023188792","1.88596"
"2023188792","96949676","3.58333"
"96949676","2023188792","3.58333"
"2026439336","2026893190","0.885965"
"2026893190","2026439336","0.885965"
"2026439336","2043257601","0.635965"
"2043257601","2026439336","0.635965"
"2026439336","2132577486","0.385965"
"2132577486","2026439336","0.385965"
"2026439336","2150662514","3.43358"
"2150662514","2026439336","3.43358"
"2026439336","96949676","0.0833333"
"96949676","2026439336","0.0833333"
"2026893190","2043257601","0.302632"
"2043257601","2026893190","0.302632"
"2026893190","2132577486","0.135965"
"2132577486","2026893190","0.135965"
"2026893190","2150662514","2.05263"
"2150662514","2026893190","2.05263"
"2026893190","96949676","0.416667"
"96949676","2026893190","0.416667"
"2043257601","2132577486","0.135965"
"2132577486","2043257601","0.135965"
"2043257601","2150662514","0.135965"
"2150662514","2043257601","0.135965"
"2043257601","96949676","0.583333"
"96949676","2043257601","0.583333"
"2132577486","2150662514","0.135965"
"2150662514","2132577486","0.135965"
"2132577486","96949676","0.0833333"
"96949676","2132577486","0.0833333"
"2150662514","96949676","1.08333"
"96949676","2150662514","1.08333"
"1532409436","1978449334","0.0526316"
"1978449334","1532409436","0.0526316"
"1532409436","2006124775","0.0526316"
"2006124775","1532409436","0.0526316"
"1532409436","2024100438","0.0526316"
"2024100438","1532409436","0.0526316"
"1532409436","2053448995","0.0526316"
"2053448995","1532409436","0.0526316"
"1532409436","2061261643","0.135965"
"2061261643","1532409436","0.135965"
"1532409436","2082146655","0.0526316"
"2082146655","1532409436","0.0526316"
"1532409436","2114374682","0.0526316"
"2114374682","1532409436","0.0526316"
"1532409436","2187652355","0.0526316"
"2187652355","1532409436","0.0526316"
"1532409436","296548042","0.0526316"
"296548042","1532409436","0.0526316"
"1708482005","1823171916","0.0526316"
"1823171916","1708482005","0.0526316"
"1708482005","1978449334","0.0526316"
"1978449334","1708482005","0.0526316"
"1708482005","2006124775","0.0526316"
"2006124775","1708482005","0.0526316"
"1708482005","2024100438","0.0526316"
"2024100438","1708482005","0.0526316"
"1708482005","2053448995","0.0526316"
"2053448995","1708482005","0.0526316"
"1708482005","2061261643","0.0526316"
"2061261643","1708482005","0.0526316"
"1708482005","2082146655","0.0526316"
"2082146655","1708482005","0.0526316"
"1708482005","2114374682","0.0526316"
"2114374682","1708482005","0.0526316"
"1708482005","2187652355","0.0526316"
"2187652355","1708482005","0.0526316"
"1708482005","296548042","0.0526316"
"296548042","1708482005","0.0526316"
"1823171916","186077783","0.0526316"
"186077783","1823171916","0.0526316"
"1823171916","1978449334","0.0526316"
"1978449334","1823171916","0.0526316"
"1823171916","2006124775","0.195489"
"2006124775","1823171916","0.195489"
"1823171916","2024100438","0.0526316"
"2024100438","1823171916","0.0526316"
"1823171916","2026439336","0.195489"
"2026439336","1823171916","0.195489"
"1823171916","2026893190","0.0526316"
"2026893190","1823171916","0.0526316"
"1823171916","2043257601","0.0526316"
"2043257601","1823171916","0.0526316"
"1823171916","2053448995","0.219298"
"2053448995","1823171916","0.219298"
"1823171916","2061261643","0.219298"
"2061261643","1823171916","0.219298"
"1823171916","2082146655","0.0526316"
"2082146655","1823171916","0.0526316"
"1823171916","2114374682","0.0526316"
"2114374682","1823171916","0.0526316"
"1823171916","2132577486","0.0526316"
"2132577486","1823171916","0.0526316"
"1823171916","2187652355","0.0526316"
"2187652355","1823171916","0.0526316"
"1823171916","296548042","0.0526316"
"296548042","1823171916","0.0526316"
"186077783","1978449334","0.0526316"
"1978449334","186077783","0.0526316"
"186077783","2006124775","0.0526316"
"2006124775","186077783","0.0526316"
"186077783","2024100438","0.0526316"
"2024100438","186077783","0.0526316"
"186077783","2053448995","0.0526316"
"2053448995","186077783","0.0526316"
"186077783","2061261643","0.0526316"
"2061261643","186077783","0.0526316"
"186077783","2082146655","0.552632"
"2082146655","186077783","0.552632"
"186077783","2114374682","0.0526316"
"2114374682","186077783","0.0526316"
"186077783","2187652355","0.0526316"
"2187652355","186077783","0.0526316"
"186077783","296548042","0.0526316"
"296548042","186077783","0.0526316"
"1968518318","1978449334","0.552632"
"1978449334","1968518318","0.552632"
"1968518318","2006124775","0.195489"
"2006124775","1968518318","0.195489"
"1968518318","2024100438","0.385965"
"2024100438","1968518318","0.385965"
"1968518318","2053448995","0.12406"
"2053448995","1968518318","0.12406"
"1968518318","2061261643","0.135965"
"2061261643","1968518318","0.135965"
"1968518318","2082146655","0.0526316"
"2082146655","1968518318","0.0526316"
"1968518318","2114374682","0.0526316"
"2114374682","1968518318","0.0526316"
"1968518318","2187652355","0.37406"
"2187652355","1968518318","0.37406"
"1968518318","296548042","0.552632"
"296548042","1968518318","0.552632"
"1978449334","2006124775","0.0526316"
"2006124775","1978449334","0.0526316"
"1978449334","2023188792","2.55263"
"2023188792","1978449334","2.55263"
"1978449334","2024100438","0.302632"
"2024100438","1978449334","0.302632"
"1978449334","2026439336","0.302632"
"2026439336","1978449334","0.302632"
"1978449334","2026893190","0.302632"
"2026893190","1978449334","0.302632"
"1978449334","2043257601","0.0526316"
"2043257601","1978449334","0.0526316"
"1978449334","2053448995","0.0526316"
"2053448995","1978449334","0.0526316"
"1978449334","2061261643","0.0526316"
"2061261643","1978449334","0.0526316"
"1978449334","2082146655","0.0526316"
"2082146655","1978449334","0.0526316"
"1978449334","2114374682","0.0526316"
"2114374682","1978449334","0.0526316"
"1978449334","2132577486","0.0526316"
"2132577486","1978449334","0.0526316"
"1978449334","2150662514","0.302632"
"2150662514","1978449334","0.302632"
"1978449334","2187652355","0.0526316"
"2187652355","1978449334","0.0526316"
"1978449334","296548042","0.0526316"
"296548042","1978449334","0.0526316"
"2006124775","2023188792","0.338346"
"2023188792","2006124775","0.338346"
"2006124775","2024100438","0.0526316"
"2024100438","2006124775","0.0526316"
"2006124775","2026439336","0.338346"
"2026439336","2006124775","0.338346"
"2006124775","2026893190","0.0526316"
"2026893190","2006124775","0.0526316"
"2006124775","2043257601","0.0526316"
"2043257601","2006124775","0.0526316"
"2006124775","2053448995","0.528822"
"2053448995","2006124775","0.528822"
"2006124775","2061261643","0.0526316"
"2061261643","2006124775","0.0526316"
"2006124775","2082146655","0.0526316"
"2082146655","2006124775","0.0526316"
"2006124775","2114374682","0.0526316"
"2114374682","2006124775","0.0526316"
"2006124775","2132577486","0.0526316"
"2132577486","2006124775","0.0526316"
"2006124775","2150662514","0.195489"
"2150662514","2006124775","0.195489"
"2006124775","2187652355","0.195489"
"2187652355","2006124775","0.195489"
"2006124775","296548042","0.195489"
"296548042","2006124775","0.195489"
"2023188792","2024100438","0.719298"
"2024100438","2023188792","0.719298"
"2023188792","2053448995","0.366917"
"2053448995","2023188792","0.366917"
"2023188792","2061261643","0.0526316"
"2061261643","2023188792","0.0526316"
"2023188792","2082146655","0.0526316"
"2082146655","2023188792","0.0526316"
"2023188792","296548042","1.87882"
"296548042","2023188792","1.87882"
"2024100438","2026439336","0.969298"
"2026439336","2024100438","0.969298"
"2024100438","2026893190","0.302632"
"2026893190","2024100438","0.302632"
"2024100438","2043257601","0.552632"
"2043257601","2024100438","0.552632"
"2024100438","2053448995","0.0526316"
"2053448995","2024100438","0.0526316"
"2024100438","2061261643","0.0526316"
"2061261643","2024100438","0.0526316"
"2024100438","2082146655","0.0526316"
"2082146655","2024100438","0.0526316"
"2024100438","2114374682","0.0526316"
"2114374682","2024100438","0.0526316"
"2024100438","2132577486","0.0526316"
"2132577486","2024100438","0.0526316"
"2024100438","2150662514","0.302632"
"2150662514","2024100438","0.302632"
"2024100438","2187652355","0.0526316"
"2187652355","2024100438","0.0526316"
"2024100438","296548042","0.0526316"
"296548042","2024100438","0.0526316"
"2026439336","2053448995","0.409774"
"2053448995","2026439336","0.409774"
"2026439336","2061261643","0.0526316"
"2061261643","2026439336","0.0526316"
"2026439336","2082146655","0.163743"
"2082146655","2026439336","0.163743"
"2026439336","2114374682","0.0526316"
"2114374682","2026439336","0.0526316"
"2026439336","2187652355","0.516917"
"2187652355","2026439336","0.516917"
"2026439336","296548042","1.02882"
"296548042","2026439336","1.02882"
"2026893190","2053448995","0.0526316"
"2053448995","2026893190","0.0526316"
"2026893190","2061261643","0.0526316"
"2061261643","2026893190","0.0526316"
"2026893190","2082146655","0.0526316"
"2082146655","2026893190","0.0526316"
"2026893190","2114374682","0.0526316"
"2114374682","2026893190","0.0526316"
"2026893190","2187652355","0.0526316"
"2187652355","2026893190","0.0526316"
"2026893190","296548042","0.0526316"
"296548042","2026893190","0.0526316"
"2043257601","2053448995","0.552632"
"2053448995","2043257601","0.552632"
"2043257601","2061261643","0.0526316"
"2061261643","2043257601","0.0526316"
"2043257601","2082146655","0.0526316"
"2082146655","2043257601","0.0526316"
"2043257601","2114374682","0.0526316"
"2114374682","2043257601","0.0526316"
"2043257601","2187652355","0.302632"
"2187652355","2043257601","0.302632"
"2043257601","296548042","0.0526316"
"296548042","2043257601","0.0526316"
"2053448995","2061261643","0.219298"
"2061261643","2053448995","0.219298"
"2053448995","2082146655","2.80263"
"2082146655","2053448995","2.80263"
"2053448995","2114374682","0.0526316"
"2114374682","2053448995","0.0526316"
"2053448995","2132577486","0.0526316"
"2132577486","2053448995","0.0526316"
"2053448995","2150662514","0.12406"
"2150662514","2053448995","0.12406"
"2053448995","2187652355","0.700251"
"2187652355","2053448995","0.700251"
"2053448995","296548042","0.295489"
"296548042","2053448995","0.295489"
"2061261643","2082146655","0.0526316"
"2082146655","2061261643","0.0526316"
"2061261643","2114374682","0.719298"
"2114374682","2061261643","0.719298"
"2061261643","2132577486","0.0526316"
"2132577486","2061261643","0.0526316"
"2061261643","2150662514","0.0526316"
"2150662514","2061261643","0.0526316"
"2061261643","2187652355","0.0526316"
"2187652355","2061261643","0.0526316"
"2061261643","296548042","0.0526316"
"296548042","2061261643","0.0526316"
"2082146655","2114374682","0.0526316"
"2114374682","2082146655","0.0526316"
"2082146655","2132577486","0.0526316"
"2132577486","2082146655","0.0526316"
"2082146655","2150662514","0.0526316"
"2150662514","2082146655","0.0526316"
"2082146655","2187652355","0.0526316"
"2187652355","2082146655","0.0526316"
"2082146655","296548042","0.0526316"
"296548042","2082146655","0.0526316"
"2114374682","2132577486","0.0526316"
"2132577486","2114374682","0.0526316"
"2114374682","296548042","0.0526316"
"296548042","2114374682","0.0526316"
"2132577486","2187652355","0.0526316"
"2187652355","2132577486","0.0526316"
"2132577486","296548042","0.0526316"
"296548042","2132577486","0.0526316"
"2150662514","2187652355","0.12406"
"2187652355","2150662514","0.12406"
"2150662514","296548042","0.885965"
"296548042","2150662514","0.885965"
"2187652355","296548042","0.295489"
"296548042","2187652355","0.295489"
"1532409436","2155030693","0.333333"
"2155030693","1532409436","0.333333"
"1577798322","1968518318","0.333333"
"1968518318","1577798322","0.333333"
"1968518318","2155030693","0.333333"
"2155030693","1968518318","0.333333"
"1532409436","1821283806","0.111111"
"1821283806","1532409436","0.111111"
"1532409436","1970461679","0.111111"
"1970461679","1532409436","0.111111"
"1532409436","2023985699","0.111111"
"2023985699","1532409436","0.111111"
"1532409436","2056214029","0.111111"
"2056214029","1532409436","0.111111"
"1532409436","2165718308","0.111111"
"2165718308","1532409436","0.111111"
"1821283806","1823171916","0.111111"
"1823171916","1821283806","0.111111"
"1821283806","1968518318","0.111111"
"1968518318","1821283806","0.111111"
"1821283806","2150662514","0.111111"
"2150662514","1821283806","0.111111"
"1821283806","2165718308","0.111111"
"2165718308","1821283806","0.111111"
"1823171916","2023985699","0.111111"
"2023985699","1823171916","0.111111"
"1823171916","2056214029","0.111111"
"2056214029","1823171916","0.111111"
"1823171916","2165718308","1.25397"
"2165718308","1823171916","1.25397"
"1968518318","1970461679","0.30754"
"1970461679","1968518318","0.30754"
