"107967944","2143144210","0.5"
"2143144210","107967944","0.5"
"107967944","2338589521","0.5"
"2338589521","107967944","0.5"
"2143144210","2338589521","0.5"
"2338589521","2143144210","0.5"
"1188486359","1969839198","1"
"1969839198","1188486359","1"
"1188486359","1991594768","0.5"
"1991594768","1188486359","0.5"
"1969839198","1991594768","1.59091"
"1991594768","1969839198","1.59091"
"1188486359","2073992193","0.5"
"2073992193","1188486359","0.5"
"1969839198","2073992193","1.74369"
"2073992193","1969839198","1.74369"
"131967141","2249542348","1.58333"
"2249542348","131967141","1.58333"
"131967141","2411740706","0.916667"
"2411740706","131967141","0.916667"
"131967141","2573378428","0.583333"
"2573378428","131967141","0.583333"
"131967141","885593463","0.916667"
"885593463","131967141","0.916667"
"2249542348","2411740706","4.25"
"2411740706","2249542348","4.25"
"2249542348","2573378428","1.91667"
"2573378428","2249542348","1.91667"
"2249542348","885593463","2.25"
"885593463","2249542348","2.25"
"2411740706","2573378428","3.75"
"2573378428","2411740706","3.75"
"2411740706","885593463","1.58333"
"885593463","2411740706","1.58333"
"2573378428","885593463","1.25"
"885593463","2573378428","1.25"
"133690380","2025101014","1.5"
"2025101014","133690380","1.5"
"133690380","2062079386","0.5"
"2062079386","133690380","0.5"
"2025101014","2062079386","18.1024"
"2062079386","2025101014","18.1024"
"133690380","2580477614","1.2"
"2580477614","133690380","1.2"
"133690380","2338589521","0.2"
"2338589521","133690380","0.2"
"133690380","2585795703","0.533333"
"2585795703","133690380","0.533333"
"133690380","2800350246","1.03333"
"2800350246","133690380","1.03333"
"133690380","2803238288","0.533333"
"2803238288","133690380","0.533333"
"2338589521","2580477614","0.7"
"2580477614","2338589521","0.7"
"2338589521","2585795703","0.7"
"2585795703","2338589521","0.7"
"2338589521","2800350246","0.2"
"2800350246","2338589521","0.2"
"2338589521","2803238288","0.2"
"2803238288","2338589521","0.2"
"2580477614","2585795703","1.7"
"2585795703","2580477614","1.7"
"2580477614","2800350246","0.2"
"2800350246","2580477614","0.2"
"2580477614","2803238288","0.2"
"2803238288","2580477614","0.2"
"2585795703","2800350246","0.533333"
"2800350246","2585795703","0.533333"
"2585795703","2803238288","1.53333"
"2803238288","2585795703","1.53333"
"2800350246","2803238288","0.533333"
"2803238288","2800350246","0.533333"
"133690380","2954099313","0.5"
"2954099313","133690380","0.5"
"2800350246","2954099313","0.5"
"2954099313","2800350246","0.5"
"134858349","2114608211","1"
"2114608211","134858349","1"
"134858349","2025101014","1"
"2025101014","134858349","1"
"134858349","2062079386","1"
"2062079386","134858349","1"
"134858349","2750303327","1"
"2750303327","134858349","1"
"1466993011","1785837166","0.666667"
"1785837166","1466993011","0.666667"
"1466993011","1814491495","0.166667"
"1814491495","1466993011","0.166667"
"1466993011","1877467562","0.5"
"1877467562","1466993011","0.5"
"1466993011","1969839198","0.166667"
"1969839198","1466993011","0.166667"
"1466993011","2148959739","0.166667"
"2148959739","1466993011","0.166667"
"1466993011","2169896292","0.366667"
"2169896292","1466993011","0.366667"
"1785837166","1814491495","2.33654"
"1814491495","1785837166","2.33654"
"1785837166","1877467562","6.02778"
"1877467562","1785837166","6.02778"
"1785837166","1969839198","1.26154"
"1969839198","1785837166","1.26154"
"1785837166","2148959739","0.636544"
"2148959739","1785837166","0.636544"
"1785837166","2169896292","4.25877"
"2169896292","1785837166","4.25877"
"1814491495","1877467562","0.527778"
"1877467562","1814491495","0.527778"
"1814491495","1969839198","1.58654"
"1969839198","1814491495","1.58654"
"1814491495","2148959739","1.01154"
"2148959739","1814491495","1.01154"
"1814491495","2169896292","0.957576"
"2169896292","1814491495","0.957576"
"1877467562","1969839198","2.23611"
"1969839198","1877467562","2.23611"
"1877467562","2148959739","1.49563"
"2148959739","1877467562","1.49563"
"1877467562","2169896292","1.33333"
"2169896292","1877467562","1.33333"
"1969839198","2148959739","2.51154"
"2148959739","1969839198","2.51154"
"1969839198","2169896292","2.38258"
"2169896292","1969839198","2.38258"
"2148959739","2169896292","2.9421"
"2169896292","2148959739","2.9421"
"1466993011","1971518768","0.142857"
"1971518768","1466993011","0.142857"
"1466993011","2025101014","0.142857"
"2025101014","1466993011","0.142857"
"1466993011","2062079386","0.142857"
"2062079386","1466993011","0.142857"
"1466993011","2438985978","0.142857"
"2438985978","1466993011","0.142857"
"1466993011","2444485119","0.142857"
"2444485119","1466993011","0.142857"
"1466993011","2531384334","0.142857"
"2531384334","1466993011","0.142857"
"1466993011","2750303327","0.142857"
"2750303327","1466993011","0.142857"
"1971518768","2025101014","2.26905"
"2025101014","1971518768","2.26905"
"1971518768","2062079386","3.06905"
"2062079386","1971518768","3.06905"
"1971518768","2438985978","0.610714"
"2438985978","1971518768","0.610714"
"1971518768","2444485119","0.944048"
"2444485119","1971518768","0.944048"
"1971518768","2531384334","0.860714"
"2531384334","1971518768","0.860714"
"1971518768","2750303327","0.342857"
"2750303327","1971518768","0.342857"
"2025101014","2438985978","2.81905"
"2438985978","2025101014","2.81905"
"2025101014","2444485119","8.84405"
"2444485119","2025101014","8.84405"
"2025101014","2531384334","5.26071"
"2531384334","2025101014","5.26071"
"2025101014","2750303327","2.37619"
"2750303327","2025101014","2.37619"
"2062079386","2438985978","2.98571"
"2438985978","2062079386","2.98571"
"2062079386","2444485119","8.03571"
"2444485119","2062079386","8.03571"
"2062079386","2531384334","6.08571"
"2531384334","2062079386","6.08571"
"2062079386","2750303327","4.57619"
"2750303327","2062079386","4.57619"
"2438985978","2444485119","9.14405"
"2444485119","2438985978","9.14405"
"2438985978","2531384334","6.27738"
"2531384334","2438985978","6.27738"
"2438985978","2750303327","7.67619"
"2750303327","2438985978","7.67619"
"2444485119","2531384334","11.4357"
"2531384334","2444485119","11.4357"
"2444485119","2750303327","13.5095"
"2750303327","2444485119","13.5095"
"2531384334","2750303327","8.75952"
"2750303327","2531384334","8.75952"
"1466993011","1990588199","0.533333"
"1990588199","1466993011","0.533333"
"1466993011","2092144265","0.2"
"2092144265","1466993011","0.2"
"1466993011","2097268493","0.2"
"2097268493","1466993011","0.2"
"1466993011","2626695100","1.03333"
"2626695100","1466993011","1.03333"
"1990588199","2092144265","1.90758"
"2092144265","1990588199","1.90758"
"1990588199","2097268493","2.95758"
"2097268493","1990588199","2.95758"
"1990588199","2169896292","8.80043"
"2169896292","1990588199","8.80043"
"1990588199","2626695100","0.67619"
"2626695100","1990588199","0.67619"
"2092144265","2097268493","2.14329"
"2097268493","2092144265","2.14329"
"2092144265","2169896292","2.35996"
"2169896292","2092144265","2.35996"
"2092144265","2626695100","0.2"
"2626695100","2092144265","0.2"
"2097268493","2169896292","26.2611"
"2169896292","2097268493","26.2611"
"2097268493","2626695100","0.2"
"2626695100","2097268493","0.2"
"2169896292","2626695100","0.842857"
"2626695100","2169896292","0.842857"
"1785837166","2626695100","0.97619"
"2626695100","1785837166","0.97619"
"1877467562","1990588199","3.10278"
"1990588199","1877467562","3.10278"
"1877467562","2626695100","2"
"2626695100","1877467562","2"
"1481970281","1506810347","1.5"
"1506810347","1481970281","1.5"
"1481970281","1551262214","0.5"
"1551262214","1481970281","0.5"
"1506810347","1551262214","0.5"
"1551262214","1506810347","0.5"
"1482811507","2094227382","1"
"2094227382","1482811507","1"
"1494552168","2065729655","2"
"2065729655","1494552168","2"
"1494552168","2137389980","1.5"
"2137389980","1494552168","1.5"
"1494552168","2040153892","0.5"
"2040153892","1494552168","0.5"
"2040153892","2137389980","8.0625"
"2137389980","2040153892","8.0625"
"1504239663","2164716731","2"
"2164716731","1504239663","2"
"1504239663","1505673315","2"
"1505673315","1504239663","2"
"1504239663","1534658745","1"
"1534658745","1504239663","1"
"1505673315","1534658745","0.5"
"1534658745","1505673315","0.5"
"1505673315","2164716731","3.5"
"2164716731","1505673315","3.5"
"1534658745","2164716731","1.5"
"2164716731","1534658745","1.5"
"1521224621","1570882787","0.333333"
"1570882787","1521224621","0.333333"
"1521224621","1756966286","0.333333"
"1756966286","1521224621","0.333333"
"1521224621","2166139467","0.333333"
"2166139467","1521224621","0.333333"
"1570882787","1756966286","0.333333"
"1756966286","1570882787","0.333333"
"1570882787","2166139467","0.333333"
"2166139467","1570882787","0.333333"
"1756966286","2166139467","0.333333"
"2166139467","1756966286","0.333333"
"1528009614","2010835182","1.5"
"2010835182","1528009614","1.5"
"1528009614","2102153716","1.08333"
"2102153716","1528009614","1.08333"
"2010835182","2102153716","1"
"2102153716","2010835182","1"
"1528009614","1566455949","0.0625"
"1566455949","1528009614","0.0625"
"1528009614","1756966286","0.0625"
"1756966286","1528009614","0.0625"
"1528009614","2023703869","0.0625"
"2023703869","1528009614","0.0625"
"1528009614","2031444464","0.0625"
"2031444464","1528009614","0.0625"
"1528009614","2040153892","0.0625"
"2040153892","1528009614","0.0625"
"1528009614","2049626361","0.0625"
"2049626361","1528009614","0.0625"
"1528009614","2051257608","0.0625"
"2051257608","1528009614","0.0625"
"1528009614","2069528593","0.0625"
"2069528593","1528009614","0.0625"
"1528009614","2072237376","0.0625"
"2072237376","1528009614","0.0625"
"1528009614","2117742206","0.0625"
"2117742206","1528009614","0.0625"
"1528009614","2126134647","0.0625"
"2126134647","1528009614","0.0625"
"1528009614","2137389980","0.0625"
"2137389980","1528009614","0.0625"
"1528009614","2137391100","0.0625"
"2137391100","1528009614","0.0625"
"1528009614","2141136363","0.0625"
"2141136363","1528009614","0.0625"
"1528009614","2146094470","0.0625"
"2146094470","1528009614","0.0625"
"1528009614","2169896292","0.0625"
"2169896292","1528009614","0.0625"
"1566455949","1756966286","0.0625"
"1756966286","1566455949","0.0625"
"1566455949","2023703869","0.0625"
"2023703869","1566455949","0.0625"
"1566455949","2031444464","0.0625"
"2031444464","1566455949","0.0625"
"1566455949","2040153892","0.0625"
"2040153892","1566455949","0.0625"
"1566455949","2049626361","0.0625"
"2049626361","1566455949","0.0625"
"1566455949","2051257608","0.0625"
"2051257608","1566455949","0.0625"
"1566455949","2069528593","0.0625"
"2069528593","1566455949","0.0625"
"1566455949","2072237376","0.0625"
"2072237376","1566455949","0.0625"
"1566455949","2117742206","0.0625"
"2117742206","1566455949","0.0625"
"1566455949","2126134647","0.0625"
"2126134647","1566455949","0.0625"
"1566455949","2137389980","0.0625"
"2137389980","1566455949","0.0625"
"1566455949","2137391100","0.0625"
"2137391100","1566455949","0.0625"
"1566455949","2141136363","0.0625"
"2141136363","1566455949","0.0625"
"1566455949","2146094470","0.0625"
"2146094470","1566455949","0.0625"
"1566455949","2169896292","0.0625"
"2169896292","1566455949","0.0625"
"1756966286","2023703869","0.0625"
"2023703869","1756966286","0.0625"
"1756966286","2031444464","0.0625"
"2031444464","1756966286","0.0625"
"1756966286","2040153892","0.0625"
"2040153892","1756966286","0.0625"
"1756966286","2049626361","0.0625"
"2049626361","1756966286","0.0625"
"1756966286","2051257608","0.0625"
"2051257608","1756966286","0.0625"
"1756966286","2069528593","0.0625"
"2069528593","1756966286","0.0625"
"1756966286","2072237376","0.0625"
"2072237376","1756966286","0.0625"
"1756966286","2117742206","0.0625"
"2117742206","1756966286","0.0625"
"1756966286","2126134647","0.0625"
"2126134647","1756966286","0.0625"
"1756966286","2137389980","0.0625"
"2137389980","1756966286","0.0625"
"1756966286","2137391100","0.0625"
"2137391100","1756966286","0.0625"
"1756966286","2141136363","0.0625"
"2141136363","1756966286","0.0625"
"1756966286","2146094470","0.0625"
"2146094470","1756966286","0.0625"
"1756966286","2169896292","0.0625"
"2169896292","1756966286","0.0625"
"2023703869","2031444464","0.0625"
"2031444464","2023703869","0.0625"
"2023703869","2040153892","0.0625"
"2040153892","2023703869","0.0625"
"2023703869","2049626361","0.0625"
"2049626361","2023703869","0.0625"
"2023703869","2051257608","0.0625"
"2051257608","2023703869","0.0625"
"2023703869","2069528593","0.0625"
"2069528593","2023703869","0.0625"
"2023703869","2072237376","0.0625"
"2072237376","2023703869","0.0625"
"2023703869","2117742206","0.0625"
"2117742206","2023703869","0.0625"
"2023703869","2126134647","0.0625"
"2126134647","2023703869","0.0625"
"2023703869","2137389980","0.0625"
"2137389980","2023703869","0.0625"
"2023703869","2137391100","0.0625"
"2137391100","2023703869","0.0625"
"2023703869","2141136363","0.0625"
"2141136363","2023703869","0.0625"
"2023703869","2146094470","0.0625"
"2146094470","2023703869","0.0625"
"2023703869","2169896292","0.0625"
"2169896292","2023703869","0.0625"
"2031444464","2040153892","1.5625"
"2040153892","2031444464","1.5625"
"2031444464","2049626361","0.0625"
"2049626361","2031444464","0.0625"
"2031444464","2051257608","0.0625"
"2051257608","2031444464","0.0625"
"2031444464","2069528593","0.0625"
"2069528593","2031444464","0.0625"
"2031444464","2072237376","0.0625"
"2072237376","2031444464","0.0625"
"2031444464","2117742206","0.0625"
"2117742206","2031444464","0.0625"
"2031444464","2126134647","0.0625"
"2126134647","2031444464","0.0625"
"2031444464","2137389980","2.5625"
"2137389980","2031444464","2.5625"
"2031444464","2137391100","0.0625"
"2137391100","2031444464","0.0625"
"2031444464","2141136363","0.0625"
"2141136363","2031444464","0.0625"
"2031444464","2146094470","0.0625"
"2146094470","2031444464","0.0625"
"2031444464","2169896292","0.0625"
"2169896292","2031444464","0.0625"
"2040153892","2049626361","0.0625"
"2049626361","2040153892","0.0625"
"2040153892","2051257608","0.0625"
"2051257608","2040153892","0.0625"
"2040153892","2069528593","0.0625"
"2069528593","2040153892","0.0625"
"2040153892","2072237376","0.0625"
"2072237376","2040153892","0.0625"
"2040153892","2117742206","0.0625"
"2117742206","2040153892","0.0625"
"2040153892","2126134647","0.0625"
"2126134647","2040153892","0.0625"
"2040153892","2137391100","0.0625"
"2137391100","2040153892","0.0625"
"2040153892","2141136363","0.0625"
"2141136363","2040153892","0.0625"
"2040153892","2146094470","0.0625"
"2146094470","2040153892","0.0625"
"2040153892","2169896292","0.0625"
"2169896292","2040153892","0.0625"
"2049626361","2051257608","0.0625"
"2051257608","2049626361","0.0625"
"2049626361","2069528593","0.0625"
"2069528593","2049626361","0.0625"
"2049626361","2072237376","3.66293"
"2072237376","2049626361","3.66293"
"2049626361","2117742206","2.39583"
"2117742206","2049626361","2.39583"
"2049626361","2126134647","1.09821"
"2126134647","2049626361","1.09821"
"2049626361","2137389980","0.0625"
"2137389980","2049626361","0.0625"
"2049626361","2137391100","0.0625"
"2137391100","2049626361","0.0625"
"2049626361","2141136363","4.97202"
"2141136363","2049626361","4.97202"
"2049626361","2146094470","0.0625"
"2146094470","2049626361","0.0625"
"2049626361","2169896292","5.53198"
"2169896292","2049626361","5.53198"
"2051257608","2069528593","0.0625"
"2069528593","2051257608","0.0625"
"2051257608","2072237376","0.0625"
"2072237376","2051257608","0.0625"
"2051257608","2117742206","0.0625"
"2117742206","2051257608","0.0625"
"2051257608","2126134647","0.0625"
"2126134647","2051257608","0.0625"
"2051257608","2137389980","0.0625"
"2137389980","2051257608","0.0625"
"2051257608","2137391100","0.0625"
"2137391100","2051257608","0.0625"
"2051257608","2141136363","0.0625"
"2141136363","2051257608","0.0625"
"2051257608","2146094470","0.0625"
"2146094470","2051257608","0.0625"
"2051257608","2169896292","0.479167"
"2169896292","2051257608","0.479167"
"2069528593","2072237376","0.0625"
"2072237376","2069528593","0.0625"
"2069528593","2117742206","0.0625"
"2117742206","2069528593","0.0625"
"2069528593","2126134647","0.0625"
"2126134647","2069528593","0.0625"
"2069528593","2137389980","0.0625"
"2137389980","2069528593","0.0625"
"2069528593","2137391100","0.0625"
"2137391100","2069528593","0.0625"
"2069528593","2141136363","0.0625"
"2141136363","2069528593","0.0625"
"2069528593","2146094470","0.0625"
"2146094470","2069528593","0.0625"
"2069528593","2169896292","0.0625"
"2169896292","2069528593","0.0625"
"2072237376","2117742206","1.0625"
"2117742206","2072237376","1.0625"
"2072237376","2126134647","0.0625"
"2126134647","2072237376","0.0625"
"2072237376","2137389980","0.0625"
"2137389980","2072237376","0.0625"
"2072237376","2137391100","0.0625"
"2137391100","2072237376","0.0625"
"2072237376","2141136363","3.43869"
"2141136363","2072237376","3.43869"
"2072237376","2146094470","0.0625"
"2146094470","2072237376","0.0625"
"2072237376","2169896292","3.78793"
"2169896292","2072237376","3.78793"
"2117742206","2126134647","0.0625"
"2126134647","2117742206","0.0625"
"2117742206","2137389980","0.0625"
"2137389980","2117742206","0.0625"
"2117742206","2137391100","0.0625"
"2137391100","2117742206","0.0625"
"2117742206","2141136363","11.5125"
"2141136363","2117742206","11.5125"
"2117742206","2146094470","0.0625"
"2146094470","2117742206","0.0625"
"2117742206","2169896292","8.14583"
"2169896292","2117742206","8.14583"
"2126134647","2137389980","0.0625"
"2137389980","2126134647","0.0625"
"2126134647","2137391100","0.0625"
"2137391100","2126134647","0.0625"
"2126134647","2141136363","0.0625"
"2141136363","2126134647","0.0625"
"2126134647","2146094470","0.0625"
"2146094470","2126134647","0.0625"
"2126134647","2169896292","0.348214"
"2169896292","2126134647","0.348214"
"2137389980","2137391100","0.0625"
"2137391100","2137389980","0.0625"
"2137389980","2141136363","0.0625"
"2141136363","2137389980","0.0625"
"2137389980","2146094470","0.0625"
"2146094470","2137389980","0.0625"
"2137389980","2169896292","0.0625"
"2169896292","2137389980","0.0625"
"2137391100","2141136363","0.0625"
"2141136363","2137391100","0.0625"
"2137391100","2146094470","0.0625"
"2146094470","2137391100","0.0625"
"2137391100","2169896292","0.0625"
"2169896292","2137391100","0.0625"
"2141136363","2146094470","0.0625"
"2146094470","2141136363","0.0625"
"2141136363","2169896292","7.39702"
"2169896292","2141136363","7.39702"
"2146094470","2169896292","0.0625"
"2169896292","2146094470","0.0625"
"1528009614","2032584215","1.58333"
"2032584215","1528009614","1.58333"
"1528009614","2053239431","1.83333"
"2053239431","1528009614","1.83333"
"2032584215","2053239431","2.33333"
"2053239431","2032584215","2.33333"
"2032584215","2102153716","1.75"
"2102153716","2032584215","1.75"
"2053239431","2102153716","0.833333"
"2102153716","2053239431","0.833333"
"1528009614","2117461391","0.75"
"2117461391","1528009614","0.75"
"1528009614","2127395777","1.25"
"2127395777","1528009614","1.25"
"2117461391","2127395777","0.75"
"2127395777","2117461391","0.75"
"2032584215","2117461391","0.25"
"2117461391","2032584215","0.25"
"2032584215","2127395777","1.58333"
"2127395777","2032584215","1.58333"
"2102153716","2117461391","0.25"
"2117461391","2102153716","0.25"
"2102153716","2127395777","1.08333"
"2127395777","2102153716","1.08333"
"1528792045","2110261118","0.333333"
"2110261118","1528792045","0.333333"
"1528792045","2117461391","0.333333"
"2117461391","1528792045","0.333333"
"1528792045","2154161546","0.333333"
"2154161546","1528792045","0.333333"
"2110261118","2117461391","1.33333"
"2117461391","2110261118","1.33333"
"2110261118","2154161546","0.333333"
"2154161546","2110261118","0.333333"
"2117461391","2154161546","21.5"
"2154161546","2117461391","21.5"
"1528792045","2147312192","2"
"2147312192","1528792045","2"
"1535598109","2137408040","1"
"2137408040","1535598109","1"
"1559818740","1571170361","0.5"
"1571170361","1559818740","0.5"
"1559818740","2152210715","0.5"
"2152210715","1559818740","0.5"
"1571170361","2152210715","0.5"
"2152210715","1571170361","0.5"
"1559818740","1756966286","0.5"
"1756966286","1559818740","0.5"
"1559818740","2119609277","0.5"
"2119609277","1559818740","0.5"
"1756966286","2119609277","0.5"
"2119609277","1756966286","0.5"
"1559818740","1566940055","1"
"1566940055","1559818740","1"
"1566163435","2063300886","1"
"2063300886","1566163435","1"
"1566163435","2110261118","0.5"
"2110261118","1566163435","0.5"
"1566163435","2124742991","0.5"
"2124742991","1566163435","0.5"
"2110261118","2124742991","5.5"
"2124742991","2110261118","5.5"
"1566455949","2147951659","2"
"2147951659","1566455949","2"
"1566455949","1832885233","1"
"1832885233","1566455949","1"
"1566940055","1847128874","1"
"1847128874","1566940055","1"
"1566940055","2240381686","3"
"2240381686","1566940055","3"
"1566940055","1581057789","1"
"1581057789","1566940055","1"
"1571170361","1756966286","5"
"1756966286","1571170361","5"
"1579088759","1991584419","0.5"
"1991584419","1579088759","0.5"
"1579088759","2137389980","9.5"
"2137389980","1579088759","9.5"
"1991584419","2137389980","1.5"
"2137389980","1991584419","1.5"
"1581057789","1847128874","1"
"1847128874","1581057789","1"
"1756966286","2152210715","1"
"2152210715","1756966286","1"
"1785837166","1972354801","1"
"1972354801","1785837166","1"
"1877467562","1972354801","4"
"1972354801","1877467562","4"
"1785837166","2050923583","0.75"
"2050923583","1785837166","0.75"
"2050923583","2169896292","0.75"
"2169896292","2050923583","0.75"
"1785837166","2049626361","0.790909"
"2049626361","1785837166","0.790909"
"1785837166","2092144265","0.874242"
"2092144265","1785837166","0.874242"
"1785837166","2126134647","0.25"
"2126134647","1785837166","0.25"
"1785837166","2146237507","0.611111"
"2146237507","1785837166","0.611111"
"2049626361","2092144265","10.9766"
"2092144265","2049626361","10.9766"
"2049626361","2146237507","0.535714"
"2146237507","2049626361","0.535714"
"2092144265","2126134647","3.03571"
"2126134647","2092144265","3.03571"
"2092144265","2146237507","0.535714"
"2146237507","2092144265","0.535714"
"2126134647","2146237507","2.53571"
"2146237507","2126134647","2.53571"
"1785837166","1990588199","1.37821"
"1990588199","1785837166","1.37821"
"1785837166","1991594768","0.590909"
"1991594768","1785837166","0.590909"
"1785837166","2072237376","0.415909"
"2072237376","1785837166","0.415909"
"1785837166","2073992193","0.45202"
"2073992193","1785837166","0.45202"
"1785837166","2097268493","0.733766"
"2097268493","1785837166","0.733766"
"1814491495","1990588199","0.20202"
"1990588199","1814491495","0.20202"
"1814491495","1991594768","0.340909"
"1991594768","1814491495","0.340909"
"1814491495","2049626361","0.957576"
"2049626361","1814491495","0.957576"
"1814491495","2072237376","1.54091"
"2072237376","1814491495","1.54091"
"1814491495","2073992193","0.70202"
"2073992193","1814491495","0.70202"
"1814491495","2092144265","0.707576"
"2092144265","1814491495","0.707576"
"1814491495","2097268493","1.4421"
"2097268493","1814491495","1.4421"
"1969839198","1990588199","0.993687"
"1990588199","1969839198","0.993687"
"1969839198","2049626361","1.04091"
"2049626361","1969839198","1.04091"
"1969839198","2072237376","1.75758"
"2072237376","1969839198","1.75758"
"1969839198","2092144265","0.790909"
"2092144265","1969839198","0.790909"
"1969839198","2097268493","2.23377"
"2097268493","1969839198","2.23377"
"1990588199","1991594768","0.424242"
"1991594768","1990588199","0.424242"
"1990588199","2049626361","0.290909"
"2049626361","1990588199","0.290909"
"1990588199","2072237376","0.465909"
"2072237376","1990588199","0.465909"
"1990588199","2073992193","1.57702"
"2073992193","1990588199","1.57702"
"1990588199","2148959739","3.77702"
"2148959739","1990588199","3.77702"
"1991594768","2049626361","0.0909091"
"2049626361","1991594768","0.0909091"
"1991594768","2072237376","0.590909"
"2072237376","1991594768","0.590909"
"1991594768","2073992193","0.340909"
"2073992193","1991594768","0.340909"
"1991594768","2092144265","0.0909091"
"2092144265","1991594768","0.0909091"
"1991594768","2097268493","0.674242"
"2097268493","1991594768","0.674242"
"1991594768","2148959739","1.09091"
"2148959739","1991594768","1.09091"
"1991594768","2169896292","0.840909"
"2169896292","1991594768","0.840909"
"2049626361","2073992193","3.67424"
"2073992193","2049626361","3.67424"
"2049626361","2097268493","11.3028"
"2097268493","2049626361","11.3028"
"2049626361","2148959739","2.15043"
"2148959739","2049626361","2.15043"
"2072237376","2073992193","1.21591"
"2073992193","2072237376","1.21591"
"2072237376","2092144265","1.20758"
"2092144265","2072237376","1.20758"
"2072237376","2097268493","11.4754"
"2097268493","2072237376","11.4754"
"2072237376","2148959739","2.40043"
"2148959739","2072237376","2.40043"
"2073992193","2092144265","0.0909091"
"2092144265","2073992193","0.0909091"
"2073992193","2097268493","2.42424"
"2097268493","2073992193","2.42424"
"2073992193","2148959739","1.57702"
"2148959739","2073992193","1.57702"
"2073992193","2169896292","0.590909"
"2169896292","2073992193","0.590909"
"2092144265","2148959739","1.25758"
"2148959739","2092144265","1.25758"
"2097268493","2148959739","5.75162"
"2148959739","2097268493","5.75162"
"1785837166","2047328790","0.392857"
"2047328790","1785837166","0.392857"
"1814491495","2047328790","0.392857"
"2047328790","1814491495","0.392857"
"2047328790","2097268493","5.55952"
"2097268493","2047328790","5.55952"
"2047328790","2169896292","0.75"
"2169896292","2047328790","0.75"
"1785837166","2037901079","1.33333"
"2037901079","1785837166","1.33333"
"1785837166","2074497748","0.642857"
"2074497748","1785837166","0.642857"
"1990588199","2037901079","0.25"
"2037901079","1990588199","0.25"
"1990588199","2074497748","8.87619"
"2074497748","1990588199","8.87619"
"1990588199","2146237507","0.611111"
"2146237507","1990588199","0.611111"
"2037901079","2074497748","0.25"
"2074497748","2037901079","0.25"
"2037901079","2146237507","2"
"2146237507","2037901079","2"
"2074497748","2146237507","0.785714"
"2146237507","2074497748","0.785714"
"1785837166","86213483","0.833333"
"86213483","1785837166","0.833333"
"1814491495","86213483","0.5"
"86213483","1814491495","0.5"
"1785837166","1817288885","2.58333"
"1817288885","1785837166","2.58333"
"1877467562","2037901079","1.83333"
"2037901079","1877467562","1.83333"
"1785837166","2025101014","0.375"
"2025101014","1785837166","0.375"
"1785837166","2062079386","0.25"
"2062079386","1785837166","0.25"
"2025101014","2050923583","0.25"
"2050923583","2025101014","0.25"
"2025101014","2169896292","0.25"
"2169896292","2025101014","0.25"
"2050923583","2062079386","0.25"
"2062079386","2050923583","0.25"
"2062079386","2169896292","0.25"
"2169896292","2062079386","0.25"
"1785837166","2141136363","1.98333"
"2141136363","1785837166","1.98333"
"1785837166","2434565296","0.125"
"2434565296","1785837166","0.125"
"1785837166","2444485119","0.125"
"2444485119","1785837166","0.125"
"1785837166","2531384334","0.125"
"2531384334","1785837166","0.125"
"1814491495","2025101014","0.625"
"2025101014","1814491495","0.625"
"1814491495","2141136363","0.941667"
"2141136363","1814491495","0.941667"
"1814491495","2434565296","0.125"
"2434565296","1814491495","0.125"
"1814491495","2444485119","0.125"
"2444485119","1814491495","0.125"
"1814491495","2531384334","0.125"
"2531384334","1814491495","0.125"
"1969839198","2025101014","0.125"
"2025101014","1969839198","0.125"
"1969839198","2141136363","2.65833"
"2141136363","1969839198","2.65833"
"1969839198","2434565296","0.125"
"2434565296","1969839198","0.125"
"1969839198","2444485119","0.125"
"2444485119","1969839198","0.125"
"1969839198","2531384334","0.125"
"2531384334","1969839198","0.125"
"2025101014","2097268493","0.125"
"2097268493","2025101014","0.125"
"2025101014","2141136363","0.125"
"2141136363","2025101014","0.125"
"2025101014","2434565296","5.58452"
"2434565296","2025101014","5.58452"
"2097268493","2141136363","10.2929"
"2141136363","2097268493","10.2929"
"2097268493","2434565296","0.458333"
"2434565296","2097268493","0.458333"
"2097268493","2444485119","0.125"
"2444485119","2097268493","0.125"
"2097268493","2531384334","0.458333"
"2531384334","2097268493","0.458333"
"2141136363","2434565296","0.125"
"2434565296","2141136363","0.125"
"2141136363","2444485119","0.125"
"2444485119","2141136363","0.125"
"2141136363","2531384334","0.125"
"2531384334","2141136363","0.125"
"2434565296","2444485119","7.19286"
"2444485119","2434565296","7.19286"
"2434565296","2531384334","5.27619"
"2531384334","2434565296","5.27619"
"1785837166","2438218466","2.06111"
"2438218466","1785837166","2.06111"
"1785837166","2584879728","0.5"
"2584879728","1785837166","0.5"
"2438218466","2584879728","0.5"
"2584879728","2438218466","0.5"
"1814491495","2037901079","0.25"
"2037901079","1814491495","0.25"
"1969839198","2037901079","0.5"
"2037901079","1969839198","0.5"
"1814491495","1817288885","0.25"
"1817288885","1814491495","0.25"
"1814491495","2438218466","0.561111"
"2438218466","1814491495","0.561111"
"1817288885","2169896292","0.25"
"2169896292","1817288885","0.25"
"1817288885","2438218466","0.25"
"2438218466","1817288885","0.25"
"2169896292","2438218466","0.45"
"2438218466","2169896292","0.45"
"1990588199","2141136363","1.24167"
"2141136363","1990588199","1.24167"
"2092144265","2141136363","4.46667"
"2141136363","2092144265","4.46667"
"1785837166","2616545289","1.11111"
"2616545289","1785837166","1.11111"
"1990588199","2438218466","0.444444"
"2438218466","1990588199","0.444444"
"1990588199","2616545289","0.777778"
"2616545289","1990588199","0.777778"
"2438218466","2616545289","2.89444"
"2616545289","2438218466","2.89444"
"1814491495","2146237507","0.111111"
"2146237507","1814491495","0.111111"
"1814491495","2616545289","0.111111"
"2616545289","1814491495","0.111111"
"1877467562","2073992193","0.236111"
"2073992193","1877467562","0.236111"
"1877467562","2146237507","0.861111"
"2146237507","1877467562","0.861111"
"1877467562","2438218466","3.02778"
"2438218466","1877467562","3.02778"
"1877467562","2616545289","1.17063"
"2616545289","1877467562","1.17063"
"1969839198","2146237507","0.361111"
"2146237507","1969839198","0.361111"
"1969839198","2438218466","0.111111"
"2438218466","1969839198","0.111111"
"1969839198","2616545289","0.111111"
"2616545289","1969839198","0.111111"
"2073992193","2146237507","0.111111"
"2146237507","2073992193","0.111111"
"2073992193","2438218466","0.444444"
"2438218466","2073992193","0.444444"
"2073992193","2616545289","0.111111"
"2616545289","2073992193","0.111111"
"2146237507","2148959739","0.611111"
"2148959739","2146237507","0.611111"
"2146237507","2438218466","0.111111"
"2438218466","2146237507","0.111111"
"2146237507","2616545289","0.111111"
"2616545289","2146237507","0.111111"
"2148959739","2438218466","1.11111"
"2438218466","2148959739","1.11111"
"2148959739","2616545289","1.95397"
"2616545289","2148959739","1.95397"
"2072237376","2438218466","0.2"
"2438218466","2072237376","0.2"
"2141136363","2438218466","0.2"
"2438218466","2141136363","0.2"
"1785837166","1971518768","0.142857"
"1971518768","1785837166","0.142857"
"1785837166","2606241408","0.142857"
"2606241408","1785837166","0.142857"
"1814491495","1971518768","0.642857"
"1971518768","1814491495","0.642857"
"1814491495","2606241408","0.142857"
"2606241408","1814491495","0.142857"
"1969839198","1971518768","0.142857"
"1971518768","1969839198","0.142857"
"1969839198","2047328790","0.309524"
"2047328790","1969839198","0.309524"
"1969839198","2606241408","0.142857"
"2606241408","1969839198","0.142857"
"1971518768","2047328790","0.142857"
"2047328790","1971518768","0.142857"
"1971518768","2097268493","0.142857"
"2097268493","1971518768","0.142857"
"1971518768","2148959739","1.14286"
"2148959739","1971518768","1.14286"
"1971518768","2606241408","0.485714"
"2606241408","1971518768","0.485714"
"2047328790","2148959739","0.309524"
"2148959739","2047328790","0.309524"
"2047328790","2606241408","0.142857"
"2606241408","2047328790","0.142857"
"2097268493","2606241408","0.142857"
"2606241408","2097268493","0.142857"
"2148959739","2606241408","0.142857"
"2606241408","2148959739","0.142857"
"1785837166","2114608211","0.333333"
"2114608211","1785837166","0.333333"
"1817288885","2092144265","0.333333"
"2092144265","1817288885","0.333333"
"1817288885","2114608211","0.333333"
"2114608211","1817288885","0.333333"
"2092144265","2114608211","2.03333"
"2114608211","2092144265","2.03333"
"1785837166","1971750544","0.5"
"1971750544","1785837166","0.5"
"1785837166","2110261118","0.5"
"2110261118","1785837166","0.5"
"1971750544","2110261118","1.5"
"2110261118","1971750544","1.5"
"1785837166","2024772343","0.142857"
"2024772343","1785837166","0.142857"
"1785837166","2149210101","0.142857"
"2149210101","1785837166","0.142857"
"1785837166","2950573969","1.14286"
"2950573969","1785837166","1.14286"
"1990588199","2024772343","6.34286"
"2024772343","1990588199","6.34286"
"1990588199","2149210101","1.55952"
"2149210101","1990588199","1.55952"
"1990588199","2950573969","0.142857"
"2950573969","1990588199","0.142857"
"2024772343","2074497748","2.25952"
"2074497748","2024772343","2.25952"
"2024772343","2149210101","2.55952"
"2149210101","2024772343","2.55952"
"2024772343","2169896292","1.89286"
"2169896292","2024772343","1.89286"
"2024772343","2626695100","0.142857"
"2626695100","2024772343","0.142857"
"2024772343","2950573969","0.142857"
"2950573969","2024772343","0.142857"
"2074497748","2149210101","1.30952"
"2149210101","2074497748","1.30952"
"2074497748","2169896292","1.34524"
"2169896292","2074497748","1.34524"
"2074497748","2626695100","0.142857"
"2626695100","2074497748","0.142857"
"2074497748","2950573969","0.142857"
"2950573969","2074497748","0.142857"
"2149210101","2169896292","1.64286"
"2169896292","2149210101","1.64286"
"2149210101","2626695100","0.142857"
"2626695100","2149210101","0.142857"
"2149210101","2950573969","0.142857"
"2950573969","2149210101","0.142857"
"2169896292","2950573969","0.142857"
"2950573969","2169896292","0.142857"
"2626695100","2950573969","0.142857"
"2950573969","2626695100","0.142857"
"1785837166","2753481197","1"
"2753481197","1785837166","1"
"2141136363","86213483","1.47619"
"86213483","2141136363","1.47619"
"2169896292","86213483","0.47619"
"86213483","2169896292","0.47619"
"2037901079","2626695100","0.333333"
"2626695100","2037901079","0.333333"
"1785837166","1801564529","0.125"
"1801564529","1785837166","0.125"
"1785837166","2789836371","0.125"
"2789836371","1785837166","0.125"
"1801564529","1969839198","1.95833"
"1969839198","1801564529","1.95833"
"1801564529","2072237376","1.70833"
"2072237376","1801564529","1.70833"
"1801564529","2097268493","5.70833"
"2097268493","1801564529","5.70833"
"1801564529","2141136363","2.20833"
"2141136363","1801564529","2.20833"
"1801564529","2148959739","0.85119"
"2148959739","1801564529","0.85119"
"1801564529","2169896292","1.29167"
"2169896292","1801564529","1.29167"
"1801564529","2789836371","0.267857"
"2789836371","1801564529","0.267857"
"1969839198","2789836371","0.125"
"2789836371","1969839198","0.125"
"2072237376","2789836371","0.125"
"2789836371","2072237376","0.125"
"2097268493","2789836371","0.125"
"2789836371","2097268493","0.125"
"2141136363","2148959739","21.9762"
"2148959739","2141136363","21.9762"
"2141136363","2789836371","0.125"
"2789836371","2141136363","0.125"
"2148959739","2789836371","1.46786"
"2789836371","2148959739","1.46786"
"2169896292","2789836371","0.125"
"2789836371","2169896292","0.125"
"1785837166","2051257608","0.25"
"2051257608","1785837166","0.25"
"1990588199","2051257608","3.23333"
"2051257608","1990588199","3.23333"
"2051257608","2074497748","2.06667"
"2074497748","2051257608","2.06667"
"1794858913","2032584215","1.16667"
"2032584215","1794858913","1.16667"
"1794858913","2102153716","0.666667"
"2102153716","1794858913","0.666667"
"1794858913","2109992535","0.333333"
"2109992535","1794858913","0.333333"
"2032584215","2109992535","0.333333"
"2109992535","2032584215","0.333333"
"2102153716","2109992535","0.333333"
"2109992535","2102153716","0.333333"
"1794858913","2053239431","0.5"
"2053239431","1794858913","0.5"
"1794858913","2127395777","0.333333"
"2127395777","1794858913","0.333333"
"1794858913","2438985978","0.333333"
"2438985978","1794858913","0.333333"
"1794858913","2531384334","0.333333"
"2531384334","1794858913","0.333333"
"1794858913","2750303327","0.333333"
"2750303327","1794858913","0.333333"
"1794858913","2753481197","2"
"2753481197","1794858913","2"
"1794858913","2148959739","0.166667"
"2148959739","1794858913","0.166667"
"1794858913","2616545289","0.166667"
"2616545289","1794858913","0.166667"
"1794858913","2778008099","6.5"
"2778008099","1794858913","6.5"
"1794858913","2941449220","0.166667"
"2941449220","1794858913","0.166667"
"1794858913","2943420531","0.166667"
"2943420531","1794858913","0.166667"
"1794858913","2951217911","0.166667"
"2951217911","1794858913","0.166667"
"2148959739","2778008099","1.50952"
"2778008099","2148959739","1.50952"
"2148959739","2941449220","0.166667"
"2941449220","2148959739","0.166667"
"2148959739","2943420531","2.63452"
"2943420531","2148959739","2.63452"
"2148959739","2951217911","0.166667"
"2951217911","2148959739","0.166667"
"2616545289","2778008099","1.70952"
"2778008099","2616545289","1.70952"
"2616545289","2941449220","0.166667"
"2941449220","2616545289","0.166667"
"2616545289","2943420531","2.04286"
"2943420531","2616545289","2.04286"
"2616545289","2951217911","0.166667"
"2951217911","2616545289","0.166667"
"2778008099","2941449220","0.166667"
"2941449220","2778008099","0.166667"
"2778008099","2943420531","1.70952"
"2943420531","2778008099","1.70952"
"2778008099","2951217911","0.166667"
"2951217911","2778008099","0.166667"
"2941449220","2943420531","0.166667"
"2943420531","2941449220","0.166667"
"2941449220","2951217911","0.166667"
"2951217911","2941449220","0.166667"
"2943420531","2951217911","0.166667"
"2951217911","2943420531","0.166667"
"1794858913","2756011111","0.333333"
"2756011111","1794858913","0.333333"
"1794858913","2804879008","0.333333"
"2804879008","1794858913","0.333333"
"2756011111","2778008099","0.333333"
"2778008099","2756011111","0.333333"
"2756011111","2804879008","0.333333"
"2804879008","2756011111","0.333333"
"2778008099","2804879008","0.333333"
"2804879008","2778008099","0.333333"
"1801077399","2083253319","8"
"2083253319","1801077399","8"
"1801564529","2049626361","2.25"
"2049626361","1801564529","2.25"
"1801564529","2028618575","0.5"
"2028618575","1801564529","0.5"
"2028618575","2141136363","35.5345"
"2141136363","2028618575","35.5345"
"2028618575","2148959739","7.10119"
"2148959739","2028618575","7.10119"
"1801564529","1877467562","0.47619"
"1877467562","1801564529","0.47619"
"1801564529","2047328790","0.166667"
"2047328790","1801564529","0.166667"
"1801564529","2074497748","0.166667"
"2074497748","1801564529","0.166667"
"1877467562","2047328790","0.333333"
"2047328790","1877467562","0.333333"
"1877467562","2072237376","0.291667"
"2072237376","1877467562","0.291667"
"1877467562","2074497748","1.36667"
"2074497748","1877467562","1.36667"
"1877467562","2097268493","0.166667"
"2097268493","1877467562","0.166667"
"1969839198","2074497748","0.166667"
"2074497748","1969839198","0.166667"
"2047328790","2072237376","1.16667"
"2072237376","2047328790","1.16667"
"2047328790","2074497748","0.333333"
"2074497748","2047328790","0.333333"
"2072237376","2074497748","0.166667"
"2074497748","2072237376","0.166667"
"2074497748","2097268493","0.452381"
"2097268493","2074497748","0.452381"
"1801564529","1990588199","2.25"
"1990588199","1801564529","2.25"
"1801564529","2094227382","0.166667"
"2094227382","1801564529","0.166667"
"1877467562","2028618575","0.291667"
"2028618575","1877467562","0.291667"
"1877467562","2094227382","0.166667"
"2094227382","1877467562","0.166667"
"1877467562","2141136363","0.291667"
"2141136363","1877467562","0.291667"
"1969839198","2028618575","1.075"
"2028618575","1969839198","1.075"
"1969839198","2094227382","0.166667"
"2094227382","1969839198","0.166667"
