"117167842","1523615158","0.25"
"1523615158","117167842","0.25"
"117167842","1569879696","1.08333"
"1569879696","117167842","1.08333"
"117167842","18055459","0.25"
"18055459","117167842","0.25"
"117167842","2112736452","1.08333"
"2112736452","117167842","1.08333"
"1523615158","1569879696","4.55952"
"1569879696","1523615158","4.55952"
"1523615158","18055459","0.583333"
"18055459","1523615158","0.583333"
"1523615158","2112736452","2.41667"
"2112736452","1523615158","2.41667"
"1569879696","18055459","0.833333"
"18055459","1569879696","0.833333"
"1569879696","2112736452","2.83333"
"2112736452","1569879696","2.83333"
"18055459","2112736452","0.5"
"2112736452","18055459","0.5"
"117167842","1534682209","0.5"
"1534682209","117167842","0.5"
"117167842","2101873033","0.5"
"2101873033","117167842","0.5"
"1534682209","2101873033","1.5"
"2101873033","1534682209","1.5"
"117167842","1990804222","0.333333"
"1990804222","117167842","0.333333"
"1569879696","1990804222","0.809524"
"1990804222","1569879696","0.809524"
"1990804222","2112736452","1.66667"
"2112736452","1990804222","1.66667"
"117167842","2095591397","0.333333"
"2095591397","117167842","0.333333"
"117167842","2124085800","0.333333"
"2124085800","117167842","0.333333"
"117167842","2133446576","0.333333"
"2133446576","117167842","0.333333"
"2095591397","2124085800","1.33333"
"2124085800","2095591397","1.33333"
"2095591397","2133446576","1.33333"
"2133446576","2095591397","1.33333"
"2124085800","2133446576","4.83333"
"2133446576","2124085800","4.83333"
"1482167861","1493704913","1"
"1493704913","1482167861","1"
"1482167861","1534682209","1"
"1534682209","1482167861","1"
"1482167861","1499593655","0.333333"
"1499593655","1482167861","0.333333"
"1482167861","1502674064","0.333333"
"1502674064","1482167861","0.333333"
"1482167861","2142279020","0.333333"
"2142279020","1482167861","0.333333"
"1499593655","1502674064","0.333333"
"1502674064","1499593655","0.333333"
"1499593655","2142279020","0.533333"
"2142279020","1499593655","0.533333"
"1502674064","2142279020","1.83333"
"2142279020","1502674064","1.83333"
"1493704913","2083352779","1"
"2083352779","1493704913","1"
"1493704913","1499593655","0.142857"
"1499593655","1493704913","0.142857"
"1493704913","1523615158","0.142857"
"1523615158","1493704913","0.142857"
"1493704913","1535837455","0.142857"
"1535837455","1493704913","0.142857"
"1493704913","1884377372","0.22619"
"1884377372","1493704913","0.22619"
"1493704913","1984800215","0.142857"
"1984800215","1493704913","0.142857"
"1493704913","1990804222","0.142857"
"1990804222","1493704913","0.142857"
"1493704913","2101873033","0.142857"
"2101873033","1493704913","0.142857"
"1499593655","1523615158","0.285714"
"1523615158","1499593655","0.285714"
"1499593655","1535837455","0.285714"
"1535837455","1499593655","0.285714"
"1499593655","1884377372","0.142857"
"1884377372","1499593655","0.142857"
"1499593655","1984800215","0.142857"
"1984800215","1499593655","0.142857"
"1499593655","1990804222","0.285714"
"1990804222","1499593655","0.285714"
"1499593655","2101873033","0.285714"
"2101873033","1499593655","0.285714"
"1523615158","1535837455","0.285714"
"1535837455","1523615158","0.285714"
"1523615158","1884377372","0.642857"
"1884377372","1523615158","0.642857"
"1523615158","1984800215","0.142857"
"1984800215","1523615158","0.142857"
"1523615158","1990804222","0.285714"
"1990804222","1523615158","0.285714"
"1523615158","2101873033","0.285714"
"2101873033","1523615158","0.285714"
"1535837455","1884377372","6.5873"
"1884377372","1535837455","6.5873"
"1535837455","1984800215","0.142857"
"1984800215","1535837455","0.142857"
"1535837455","1990804222","0.285714"
"1990804222","1535837455","0.285714"
"1535837455","2101873033","0.285714"
"2101873033","1535837455","0.285714"
"1884377372","1984800215","1.14286"
"1984800215","1884377372","1.14286"
"1884377372","1990804222","0.142857"
"1990804222","1884377372","0.142857"
"1884377372","2101873033","0.142857"
"2101873033","1884377372","0.142857"
"1984800215","1990804222","0.142857"
"1990804222","1984800215","0.142857"
"1984800215","2101873033","0.142857"
"2101873033","1984800215","0.142857"
"1990804222","2101873033","0.619048"
"2101873033","1990804222","0.619048"
"1493704913","1502674064","1.41667"
"1502674064","1493704913","1.41667"
"1493704913","18055459","1.33333"
"18055459","1493704913","1.33333"
"1493704913","1971868825","0.333333"
"1971868825","1493704913","0.333333"
"1502674064","18055459","0.333333"
"18055459","1502674064","0.333333"
"1502674064","1971868825","0.666667"
"1971868825","1502674064","0.666667"
"18055459","1971868825","0.916667"
"1971868825","18055459","0.916667"
"1493704913","1995790322","0.416667"
"1995790322","1493704913","0.416667"
"1493704913","2109695997","0.416667"
"2109695997","1493704913","0.416667"
"1493704913","2164873210","0.416667"
"2164873210","1493704913","0.416667"
"1995790322","2109695997","1.275"
"2109695997","1995790322","1.275"
"1995790322","2164873210","1.075"
"2164873210","1995790322","1.075"
"2109695997","2164873210","1.075"
"2164873210","2109695997","1.075"
"1493704913","1500229457","0.0833333"
"1500229457","1493704913","0.0833333"
"1493704913","1569879696","0.0833333"
"1569879696","1493704913","0.0833333"
"1493704913","2022478203","0.0833333"
"2022478203","1493704913","0.0833333"
"1493704913","2026046013","0.0833333"
"2026046013","1493704913","0.0833333"
"1493704913","2093831363","0.0833333"
"2093831363","1493704913","0.0833333"
"1493704913","2100596902","0.0833333"
"2100596902","1493704913","0.0833333"
"1493704913","2126326838","0.0833333"
"2126326838","1493704913","0.0833333"
"1500229457","1502674064","0.0833333"
"1502674064","1500229457","0.0833333"
"1500229457","1569879696","0.0833333"
"1569879696","1500229457","0.0833333"
"1500229457","1884377372","0.0833333"
"1884377372","1500229457","0.0833333"
"1500229457","1995790322","0.0833333"
"1995790322","1500229457","0.0833333"
"1500229457","2022478203","0.0833333"
"2022478203","1500229457","0.0833333"
"1500229457","2026046013","2.08333"
"2026046013","1500229457","2.08333"
"1500229457","2093831363","0.0833333"
"2093831363","1500229457","0.0833333"
"1500229457","2100596902","0.0833333"
"2100596902","1500229457","0.0833333"
"1500229457","2109695997","0.0833333"
"2109695997","1500229457","0.0833333"
"1500229457","2126326838","0.0833333"
"2126326838","1500229457","0.0833333"
"1500229457","2164873210","0.0833333"
"2164873210","1500229457","0.0833333"
"1502674064","1569879696","1.66667"
"1569879696","1502674064","1.66667"
"1502674064","1884377372","0.0833333"
"1884377372","1502674064","0.0833333"
"1502674064","1995790322","0.608333"
"1995790322","1502674064","0.608333"
"1502674064","2022478203","0.0833333"
"2022478203","1502674064","0.0833333"
"1502674064","2026046013","0.408333"
"2026046013","1502674064","0.408333"
"1502674064","2093831363","0.0833333"
"2093831363","1502674064","0.0833333"
"1502674064","2100596902","0.608333"
"2100596902","1502674064","0.608333"
"1502674064","2109695997","0.608333"
"2109695997","1502674064","0.608333"
"1502674064","2126326838","0.283333"
"2126326838","1502674064","0.283333"
"1502674064","2164873210","1.90833"
"2164873210","1502674064","1.90833"
"1569879696","1884377372","0.416667"
"1884377372","1569879696","0.416667"
"1569879696","1995790322","0.22619"
"1995790322","1569879696","0.22619"
"1569879696","2022478203","0.0833333"
"2022478203","1569879696","0.0833333"
"1569879696","2026046013","0.416667"
"2026046013","1569879696","0.416667"
"1569879696","2093831363","0.22619"
"2093831363","1569879696","0.22619"
"1569879696","2100596902","0.0833333"
"2100596902","1569879696","0.0833333"
"1569879696","2109695997","2.08333"
"2109695997","1569879696","2.08333"
"1569879696","2126326838","1.08333"
"2126326838","1569879696","1.08333"
"1569879696","2164873210","0.0833333"
"2164873210","1569879696","0.0833333"
"1884377372","1995790322","0.0833333"
"1995790322","1884377372","0.0833333"
"1884377372","2022478203","0.0833333"
"2022478203","1884377372","0.0833333"
"1884377372","2026046013","9.22778"
"2026046013","1884377372","9.22778"
"1884377372","2093831363","3.22778"
"2093831363","1884377372","3.22778"
"1884377372","2100596902","0.0833333"
"2100596902","1884377372","0.0833333"
"1884377372","2109695997","0.0833333"
"2109695997","1884377372","0.0833333"
"1884377372","2126326838","0.0833333"
"2126326838","1884377372","0.0833333"
"1884377372","2164873210","0.0833333"
"2164873210","1884377372","0.0833333"
"1995790322","2022478203","0.0833333"
"2022478203","1995790322","0.0833333"
"1995790322","2026046013","1.90833"
"2026046013","1995790322","1.90833"
"1995790322","2093831363","0.22619"
"2093831363","1995790322","0.22619"
"1995790322","2100596902","1.44167"
"2100596902","1995790322","1.44167"
"1995790322","2126326838","0.283333"
"2126326838","1995790322","0.283333"
"2022478203","2026046013","0.0833333"
"2026046013","2022478203","0.0833333"
"2022478203","2093831363","2.08333"
"2093831363","2022478203","2.08333"
"2022478203","2100596902","0.0833333"
"2100596902","2022478203","0.0833333"
"2022478203","2109695997","0.0833333"
"2109695997","2022478203","0.0833333"
"2022478203","2126326838","0.0833333"
"2126326838","2022478203","0.0833333"
"2022478203","2164873210","0.0833333"
"2164873210","2022478203","0.0833333"
"2026046013","2093831363","4.36667"
"2093831363","2026046013","4.36667"
"2026046013","2100596902","0.908333"
"2100596902","2026046013","0.908333"
"2026046013","2109695997","0.408333"
"2109695997","2026046013","0.408333"
"2026046013","2126326838","1.25"
"2126326838","2026046013","1.25"
"2026046013","2164873210","0.408333"
"2164873210","2026046013","0.408333"
"2093831363","2100596902","0.0833333"
"2100596902","2093831363","0.0833333"
"2093831363","2109695997","0.0833333"
"2109695997","2093831363","0.0833333"
"2093831363","2126326838","0.0833333"
"2126326838","2093831363","0.0833333"
"2093831363","2164873210","0.0833333"
"2164873210","2093831363","0.0833333"
"2100596902","2109695997","0.941667"
"2109695997","2100596902","0.941667"
"2100596902","2126326838","0.283333"
"2126326838","2100596902","0.283333"
"2100596902","2164873210","0.741667"
"2164873210","2100596902","0.741667"
"2109695997","2126326838","0.283333"
"2126326838","2109695997","0.283333"
"2126326838","2164873210","0.0833333"
"2164873210","2126326838","0.0833333"
"1499593655","2107498895","2.2"
"2107498895","1499593655","2.2"
"1499593655","2038464048","1.33333"
"2038464048","1499593655","1.33333"
"1499593655","18055459","0.333333"
"18055459","1499593655","0.333333"
"1499593655","2132656721","0.333333"
"2132656721","1499593655","0.333333"
"1499593655","2145384715","0.333333"
"2145384715","1499593655","0.333333"
"18055459","2132656721","2.31111"
"2132656721","18055459","2.31111"
"18055459","2145384715","0.333333"
"2145384715","18055459","0.333333"
"2132656721","2145384715","0.333333"
"2145384715","2132656721","0.333333"
"1499593655","1569879696","0.142857"
"1569879696","1499593655","0.142857"
"1499593655","1995790322","0.142857"
"1995790322","1499593655","0.142857"
"1499593655","2093831363","0.142857"
"2093831363","1499593655","0.142857"
"1523615158","1995790322","0.142857"
"1995790322","1523615158","0.142857"
"1523615158","2093831363","0.47619"
"2093831363","1523615158","0.47619"
"1535837455","1569879696","0.142857"
"1569879696","1535837455","0.142857"
"1535837455","1995790322","0.142857"
"1995790322","1535837455","0.142857"
"1535837455","2093831363","0.97619"
"2093831363","1535837455","0.97619"
"1569879696","2101873033","0.47619"
"2101873033","1569879696","0.47619"
"1990804222","1995790322","0.142857"
"1995790322","1990804222","0.142857"
"1990804222","2093831363","0.142857"
"2093831363","1990804222","0.142857"
"1995790322","2101873033","1.64286"
"2101873033","1995790322","1.64286"
"2093831363","2101873033","0.47619"
"2101873033","2093831363","0.47619"
"1499593655","2109288821","1"
"2109288821","1499593655","1"
"1499593655","1965060779","0.2"
"1965060779","1499593655","0.2"
"1499593655","2155881299","0.2"
"2155881299","1499593655","0.2"
"1499593655","2164873210","0.2"
"2164873210","1499593655","0.2"
"1965060779","2107498895","0.2"
"2107498895","1965060779","0.2"
"1965060779","2142279020","0.2"
"2142279020","1965060779","0.2"
"1965060779","2155881299","0.2"
"2155881299","1965060779","0.2"
"1965060779","2164873210","0.2"
"2164873210","1965060779","0.2"
"2107498895","2142279020","2.2"
"2142279020","2107498895","2.2"
"2107498895","2155881299","0.2"
"2155881299","2107498895","0.2"
"2107498895","2164873210","1.2"
"2164873210","2107498895","1.2"
"2142279020","2155881299","0.2"
"2155881299","2142279020","0.2"
"2142279020","2164873210","0.7"
"2164873210","2142279020","0.7"
"2155881299","2164873210","1.2"
"2164873210","2155881299","1.2"
"1499593655","2100470251","0.333333"
"2100470251","1499593655","0.333333"
"1499593655","2130898128","0.333333"
"2130898128","1499593655","0.333333"
"2038464048","2100470251","1.66667"
"2100470251","2038464048","1.66667"
"2038464048","2130898128","4.61667"
"2130898128","2038464048","4.61667"
"2100470251","2130898128","7.475"
"2130898128","2100470251","7.475"
"1500229457","1806390057","0.7"
"1806390057","1500229457","0.7"
"1500229457","1995580064","1.2"
"1995580064","1500229457","1.2"
"1500229457","2083352779","0.2"
"2083352779","1500229457","0.2"
"1500229457","2112736452","3.78333"
"2112736452","1500229457","3.78333"
"1500229457","2139853439","0.45"
"2139853439","1500229457","0.45"
"1806390057","1995580064","0.2"
"1995580064","1806390057","0.2"
"1806390057","2083352779","0.2"
"2083352779","1806390057","0.2"
"1806390057","2112736452","0.2"
"2112736452","1806390057","0.2"
"1806390057","2139853439","0.2"
"2139853439","1806390057","0.2"
"1995580064","2083352779","1.95"
"2083352779","1995580064","1.95"
"1995580064","2112736452","1.2"
"2112736452","1995580064","1.2"
"1995580064","2139853439","0.2"
"2139853439","1995580064","0.2"
"2083352779","2112736452","0.533333"
"2112736452","2083352779","0.533333"
"2083352779","2139853439","0.2"
"2139853439","2083352779","0.2"
"2112736452","2139853439","0.45"
"2139853439","2112736452","0.45"
"1500229457","2038464048","0.5"
"2038464048","1500229457","0.5"
"1806390057","2038464048","1.93333"
"2038464048","1806390057","1.93333"
"1500229457","2496203100","2"
"2496203100","1500229457","2"
"1500229457","2066325414","1.33333"
"2066325414","1500229457","1.33333"
"1500229457","2075366814","0.333333"
"2075366814","1500229457","0.333333"
"1500229457","2407259164","0.333333"
"2407259164","1500229457","0.333333"
"2066325414","2075366814","0.333333"
"2075366814","2066325414","0.333333"
"2066325414","2407259164","0.333333"
"2407259164","2066325414","0.333333"
"2075366814","2407259164","2.33333"
"2407259164","2075366814","2.33333"
"2112736452","2496203100","1"
"2496203100","2112736452","1"
"1500229457","55419459","1"
"55419459","1500229457","1"
"1500229457","1981924707","2.5"
"1981924707","1500229457","2.5"
"1500229457","1989141971","0.75"
"1989141971","1500229457","0.75"
"1500229457","2129285390","0.25"
"2129285390","1500229457","0.25"
"1989141971","2112736452","1.75"
"2112736452","1989141971","1.75"
"1989141971","2129285390","0.25"
"2129285390","1989141971","0.25"
"1989141971","2139853439","1.91667"
"2139853439","1989141971","1.91667"
"2112736452","2129285390","0.75"
"2129285390","2112736452","0.75"
"2129285390","2139853439","0.25"
"2139853439","2129285390","0.25"
"1500229457","1879762953","0.333333"
"1879762953","1500229457","0.333333"
"1500229457","1970327404","0.333333"
"1970327404","1500229457","0.333333"
"1879762953","1970327404","0.333333"
"1970327404","1879762953","0.333333"
"1879762953","2112736452","1.66667"
"2112736452","1879762953","1.66667"
"1970327404","2112736452","1.83333"
"2112736452","1970327404","1.83333"
"1981924707","1989141971","6.25"
"1989141971","1981924707","6.25"
"1500229457","2105544499","1"
"2105544499","1500229457","1"
"1502674064","1632484412","1"
"1632484412","1502674064","1"
"1502674064","1587926959","0.25"
"1587926959","1502674064","0.25"
"1502674064","1806390057","0.25"
"1806390057","1502674064","0.25"
"1502674064","97014914","0.25"
"97014914","1502674064","0.25"
"1569879696","1587926959","1.66667"
"1587926959","1569879696","1.66667"
"1569879696","1806390057","0.25"
"1806390057","1569879696","0.25"
"1569879696","97014914","0.25"
"97014914","1569879696","0.25"
"1587926959","1806390057","0.25"
"1806390057","1587926959","0.25"
"1587926959","97014914","0.25"
"97014914","1587926959","0.25"
"1806390057","97014914","0.25"
"97014914","1806390057","0.25"
"1502674064","2083352779","0.333333"
"2083352779","1502674064","0.333333"
"1569879696","1971868825","0.666667"
"1971868825","1569879696","0.666667"
"1569879696","2083352779","0.666667"
"2083352779","1569879696","0.666667"
"1971868825","2083352779","0.833333"
"2083352779","1971868825","0.833333"
"1502674064","2138863563","1"
"2138863563","1502674064","1"
"1502674064","2008235343","0.125"
"2008235343","1502674064","0.125"
"1502674064","2097167237","0.325"
"2097167237","1502674064","0.325"
"1502674064","2107323945","0.125"
"2107323945","1502674064","0.125"
"1995790322","2008235343","0.125"
"2008235343","1995790322","0.125"
"1995790322","2097167237","4.825"
"2097167237","1995790322","4.825"
"1995790322","2107323945","0.125"
"2107323945","1995790322","0.125"
"2008235343","2026046013","0.291667"
"2026046013","2008235343","0.291667"
"2008235343","2097167237","0.125"
"2097167237","2008235343","0.125"
"2008235343","2100596902","0.125"
"2100596902","2008235343","0.125"
"2008235343","2107323945","0.125"
"2107323945","2008235343","0.125"
"2008235343","2109695997","0.125"
"2109695997","2008235343","0.125"
"2008235343","2164873210","0.125"
"2164873210","2008235343","0.125"
"2026046013","2097167237","0.125"
"2097167237","2026046013","0.125"
"2026046013","2107323945","1.98611"
"2107323945","2026046013","1.98611"
"2097167237","2100596902","0.325"
"2100596902","2097167237","0.325"
"2097167237","2107323945","0.125"
"2107323945","2097167237","0.125"
"2097167237","2109695997","0.325"
"2109695997","2097167237","0.325"
"2097167237","2164873210","0.125"
"2164873210","2097167237","0.125"
"2100596902","2107323945","0.125"
"2107323945","2100596902","0.125"
"2107323945","2109695997","0.125"
"2109695997","2107323945","0.125"
"2107323945","2164873210","0.125"
"2164873210","2107323945","0.125"
"2097167237","2126326838","0.2"
"2126326838","2097167237","0.2"
"1523615158","1587926959","0.833333"
"1587926959","1523615158","0.833333"
"1523615158","2148068009","0.5"
"2148068009","1523615158","0.5"
"1569879696","2148068009","0.5"
"2148068009","1569879696","0.5"
"1587926959","2112736452","1.08333"
"2112736452","1587926959","1.08333"
"1523615158","2109288821","0.5"
"2109288821","1523615158","0.5"
"1523615158","97014914","0.5"
"97014914","1523615158","0.5"
"2109288821","97014914","0.5"
"97014914","2109288821","0.5"
"1523615158","1989664908","0.333333"
"1989664908","1523615158","0.333333"
"1523615158","2119483879","0.666667"
"2119483879","1523615158","0.666667"
"1989664908","2093831363","0.866667"
"2093831363","1989664908","0.866667"
"1989664908","2119483879","0.333333"
"2119483879","1989664908","0.333333"
"2093831363","2119483879","0.5"
"2119483879","2093831363","0.5"
"1523615158","1981924707","0.333333"
"1981924707","1523615158","0.333333"
"1523615158","1989141971","0.333333"
"1989141971","1523615158","0.333333"
"1981924707","2119483879","0.583333"
"2119483879","1981924707","0.583333"
"1989141971","2119483879","0.583333"
"2119483879","1989141971","0.583333"
"1523615158","1534682209","0.333333"
"1534682209","1523615158","0.333333"
"1534682209","1569879696","0.333333"
"1569879696","1534682209","0.333333"
"1534682209","2112736452","0.333333"
"2112736452","1534682209","0.333333"
"1523615158","2102782753","0.5"
"2102782753","1523615158","0.5"
"1884377372","2102782753","0.777778"
"2102782753","1884377372","0.777778"
"1523615158","2132656721","0.333333"
"2132656721","1523615158","0.333333"
"1523615158","2163735391","0.333333"
"2163735391","1523615158","0.333333"
"18055459","2163735391","0.694444"
"2163735391","18055459","0.694444"
"2132656721","2163735391","0.694444"
"2163735391","2132656721","0.694444"
"1523615158","2035519409","1"
"2035519409","1523615158","1"
"1531557024","2129285390","1"
"2129285390","1531557024","1"
"1531557024","2148957215","1.16667"
"2148957215","1531557024","1.16667"
"1531557024","1884377372","0.166667"
"1884377372","1531557024","0.166667"
"1531557024","1989141971","0.166667"
"1989141971","1531557024","0.166667"
"1531557024","2102782753","0.166667"
"2102782753","1531557024","0.166667"
"1531557024","2127366088","0.166667"
"2127366088","1531557024","0.166667"
"1531557024","2135719981","0.166667"
"2135719981","1531557024","0.166667"
"1884377372","1989141971","0.166667"
"1989141971","1884377372","0.166667"
"1884377372","2127366088","0.277778"
"2127366088","1884377372","0.277778"
"1884377372","2135719981","0.166667"
"2135719981","1884377372","0.166667"
"1884377372","2148957215","0.166667"
"2148957215","1884377372","0.166667"
"1989141971","2102782753","0.166667"
"2102782753","1989141971","0.166667"
"1989141971","2127366088","1.5"
"2127366088","1989141971","1.5"
"1989141971","2135719981","1.66667"
"2135719981","1989141971","1.66667"
"1989141971","2148957215","0.5"
"2148957215","1989141971","0.5"
"2102782753","2127366088","0.166667"
"2127366088","2102782753","0.166667"
"2102782753","2135719981","0.166667"
"2135719981","2102782753","0.166667"
"2102782753","2148957215","0.166667"
"2148957215","2102782753","0.166667"
"2127366088","2135719981","1.75"
"2135719981","2127366088","1.75"
"2127366088","2148957215","0.5"
"2148957215","2127366088","0.5"
"2135719981","2148957215","0.166667"
"2148957215","2135719981","0.166667"
"1534682209","1587926959","1"
"1587926959","1534682209","1"
"1534682209","2015053531","1.5"
"2015053531","1534682209","1.5"
"1534682209","2157039138","0.5"
"2157039138","1534682209","0.5"
"2015053531","2157039138","0.5"
"2157039138","2015053531","0.5"
"1535837455","2083352779","0.333333"
"2083352779","1535837455","0.333333"
"1535837455","2107323945","0.777778"
"2107323945","1535837455","0.777778"
"1535837455","2145384715","0.333333"
"2145384715","1535837455","0.333333"
"2083352779","2107323945","0.333333"
"2107323945","2083352779","0.333333"
"2083352779","2145384715","0.333333"
"2145384715","2083352779","0.333333"
"2107323945","2145384715","0.333333"
"2145384715","2107323945","0.333333"
"1535837455","2026046013","1.94444"
"2026046013","1535837455","1.94444"
"1535837455","1588435133","0.5"
"1588435133","1535837455","0.5"
"1535837455","2066325414","0.5"
"2066325414","1535837455","0.5"
"1588435133","2066325414","0.5"
"2066325414","1588435133","0.5"
"1535837455","2017942469","0.333333"
"2017942469","1535837455","0.333333"
"1535837455","2100470251","0.333333"
"2100470251","1535837455","0.333333"
"2017942469","2100470251","0.333333"
"2100470251","2017942469","0.333333"
"2017942469","2107323945","0.333333"
"2107323945","2017942469","0.333333"
"2100470251","2107323945","0.433333"
"2107323945","2100470251","0.433333"
"1535837455","1602996893","0.111111"
"1602996893","1535837455","0.111111"
"1535837455","1970327404","0.111111"
"1970327404","1535837455","0.111111"
"1535837455","2078870738","0.111111"
"2078870738","1535837455","0.111111"
"1535837455","2102782753","0.111111"
"2102782753","1535837455","0.111111"
"1535837455","2130898128","0.111111"
"2130898128","1535837455","0.111111"
"1535837455","2172166708","0.111111"
"2172166708","1535837455","0.111111"
"1602996893","1884377372","0.111111"
"1884377372","1602996893","0.111111"
"1602996893","1970327404","0.111111"
"1970327404","1602996893","0.111111"
"1602996893","2026046013","0.111111"
"2026046013","1602996893","0.111111"
"1602996893","2078870738","0.111111"
"2078870738","1602996893","0.111111"
"1602996893","2102782753","0.111111"
"2102782753","1602996893","0.111111"
"1602996893","2107323945","0.111111"
"2107323945","1602996893","0.111111"
"1602996893","2130898128","0.111111"
"2130898128","1602996893","0.111111"
"1602996893","2172166708","0.444444"
"2172166708","1602996893","0.444444"
"1884377372","1970327404","1.11111"
"1970327404","1884377372","1.11111"
"1884377372","2078870738","1.11111"
"2078870738","1884377372","1.11111"
"1884377372","2107323945","4.65556"
"2107323945","1884377372","4.65556"
"1884377372","2130898128","0.211111"
"2130898128","1884377372","0.211111"
"1884377372","2172166708","0.222222"
"2172166708","1884377372","0.222222"
"1970327404","2026046013","0.111111"
"2026046013","1970327404","0.111111"
"1970327404","2078870738","0.111111"
"2078870738","1970327404","0.111111"
"1970327404","2102782753","0.111111"
"2102782753","1970327404","0.111111"
"1970327404","2107323945","0.111111"
"2107323945","1970327404","0.111111"
"1970327404","2130898128","0.402778"
"2130898128","1970327404","0.402778"
"1970327404","2172166708","0.402778"
"2172166708","1970327404","0.402778"
"2026046013","2078870738","1.11111"
"2078870738","2026046013","1.11111"
"2026046013","2102782753","0.111111"
"2102782753","2026046013","0.111111"
"2026046013","2130898128","1.19444"
"2130898128","2026046013","1.19444"
"2026046013","2172166708","0.111111"
"2172166708","2026046013","0.111111"
"2078870738","2102782753","0.111111"
"2102782753","2078870738","0.111111"
"2078870738","2107323945","0.111111"
"2107323945","2078870738","0.111111"
"2078870738","2130898128","1.11111"
"2130898128","2078870738","1.11111"
"2078870738","2172166708","0.111111"
"2172166708","2078870738","0.111111"
"2102782753","2107323945","0.211111"
"2107323945","2102782753","0.211111"
"2102782753","2130898128","0.211111"
"2130898128","2102782753","0.211111"
"2102782753","2172166708","1.21111"
"2172166708","2102782753","1.21111"
"2107323945","2130898128","3.31111"
"2130898128","2107323945","3.31111"
"2107323945","2172166708","1.32222"
"2172166708","2107323945","1.32222"
"2130898128","2172166708","0.502778"
"2172166708","2130898128","0.502778"
"1544154062","1588435133","1"
"1588435133","1544154062","1"
"1544154062","2099826477","1"
"2099826477","1544154062","1"
"1544154062","2105544499","1"
"2105544499","1544154062","1"
"1544154062","2172166708","1"
"2172166708","1544154062","1"
"1588435133","2099826477","3.00397"
"2099826477","1588435133","3.00397"
"1588435133","2105544499","4.3373"
"2105544499","1588435133","4.3373"
"1588435133","2172166708","4.00397"
"2172166708","1588435133","4.00397"
"2099826477","2105544499","2.10397"
"2105544499","2099826477","2.10397"
"2099826477","2172166708","1.60397"
"2172166708","2099826477","1.60397"
"2105544499","2172166708","2.10397"
"2172166708","2105544499","2.10397"
"1544154062","2127366088","0.5"
"2127366088","1544154062","0.5"
"1544154062","2142279020","0.5"
"2142279020","1544154062","0.5"
"2127366088","2142279020","0.5"
"2142279020","2127366088","0.5"
"2101873033","2112736452","0.333333"
"2112736452","2101873033","0.333333"
"1569879696","2035519409","0.666667"
"2035519409","1569879696","0.666667"
"1569879696","2130898128","0.333333"
"2130898128","1569879696","0.333333"
"2026046013","2035519409","0.333333"
"2035519409","2026046013","0.333333"
"2035519409","2130898128","1.53333"
"2130898128","2035519409","1.53333"
"1569879696","2132656721","0.583333"
"2132656721","1569879696","0.583333"
"1587926959","18055459","2.08333"
"18055459","1587926959","2.08333"
"1587926959","2132656721","2.08333"
"2132656721","1587926959","2.08333"
"2112736452","2132656721","0.25"
"2132656721","2112736452","0.25"
"1569879696","2063755641","0.5"
"2063755641","1569879696","0.5"
"1569879696","2127366088","0.5"
"2127366088","1569879696","0.5"
"2063755641","2127366088","0.5"
"2127366088","2063755641","0.5"
"1569879696","2172166708","0.333333"
"2172166708","1569879696","0.333333"
"2035519409","2083352779","2.33333"
"2083352779","2035519409","2.33333"
"2035519409","2172166708","0.333333"
"2172166708","2035519409","0.333333"
"2083352779","2172166708","0.333333"
"2172166708","2083352779","0.333333"
"1569879696","206049855","0.333333"
"206049855","1569879696","0.333333"
"1569879696","2346248621","0.333333"
"2346248621","1569879696","0.333333"
"1587926959","1971868825","0.583333"
"1971868825","1587926959","0.583333"
"1587926959","206049855","0.333333"
"206049855","1587926959","0.333333"
"1587926959","2346248621","1.58333"
"2346248621","1587926959","1.58333"
"18055459","206049855","1.58333"
"206049855","18055459","1.58333"
"18055459","2346248621","0.583333"
"2346248621","18055459","0.583333"
"1971868825","206049855","0.333333"
"206049855","1971868825","0.333333"
"1971868825","2132656721","0.583333"
"2132656721","1971868825","0.583333"
"1971868825","2346248621","0.583333"
"2346248621","1971868825","0.583333"
"206049855","2132656721","0.583333"
"2132656721","206049855","0.583333"
"206049855","2346248621","0.333333"
"2346248621","206049855","0.333333"
"2132656721","2346248621","0.583333"
"2346248621","2132656721","0.583333"
"1569879696","2066325414","1.33333"
"2066325414","1569879696","1.33333"
"1569879696","2107323945","0.333333"
"2107323945","1569879696","0.333333"
"1884377372","2066325414","3.93333"
"2066325414","1884377372","3.93333"
"2066325414","2107323945","2.43333"
"2107323945","2066325414","2.43333"
"1581885574","2059007459","1.25"
"2059007459","1581885574","1.25"
"1581885574","2133300800","1.25"
"2133300800","1581885574","1.25"
"1581885574","1988196744","0.25"
"1988196744","1581885574","0.25"
"1581885574","1989141971","0.25"
"1989141971","1581885574","0.25"
"1988196744","1989141971","0.25"
"1989141971","1988196744","0.25"
"1988196744","2059007459","0.25"
"2059007459","1988196744","0.25"
"1988196744","2133300800","5.83333"
"2133300800","1988196744","5.83333"
"1989141971","2059007459","1.25"
"2059007459","1989141971","1.25"
"1989141971","2133300800","0.916667"
"2133300800","1989141971","0.916667"
"2059007459","2133300800","6.75"
"2133300800","2059007459","6.75"
"1581885574","2127366088","1"
"2127366088","1581885574","1"
"1587926959","2075681522","0.5"
"2075681522","1587926959","0.5"
"1587926959","2145384715","0.5"
"2145384715","1587926959","0.5"
"2075681522","2145384715","0.5"
"2145384715","2075681522","0.5"
"1587926959","1588435133","1"
"1588435133","1587926959","1"
"1587926959","2008235343","1"
"2008235343","1587926959","1"
"1587926959","2083352779","1"
"2083352779","1587926959","1"
"1587926959","2100470251","0.25"
"2100470251","1587926959","0.25"
"1587926959","2157941646","0.25"
"2157941646","1587926959","0.25"
"18055459","2100470251","0.25"
"2100470251","18055459","0.25"
"18055459","2157941646","0.45"
"2157941646","18055459","0.45"
"2100470251","2132656721","0.25"
"2132656721","2100470251","0.25"
"2100470251","2157941646","0.25"
"2157941646","2100470251","0.25"
"2132656721","2157941646","0.45"
"2157941646","2132656721","0.45"
"1587926959","2109288821","0.5"
"2109288821","1587926959","0.5"
"2109288821","2112736452","0.5"
"2112736452","2109288821","0.5"
"1587926959","2038464048","1.33333"
"2038464048","1587926959","1.33333"
"1587926959","2165882983","0.333333"
"2165882983","1587926959","0.333333"
"1587926959","2394622495","0.333333"
"2394622495","1587926959","0.333333"
"2038464048","2165882983","0.833333"
"2165882983","2038464048","0.833333"
"2038464048","2394622495","1.33889"
"2394622495","2038464048","1.33889"
"2165882983","2394622495","0.333333"
"2394622495","2165882983","0.333333"
"1588435133","2083352779","0.5"
"2083352779","1588435133","0.5"
"1588435133","97014914","0.5"
"97014914","1588435133","0.5"
"2083352779","97014914","0.5"
"97014914","2083352779","0.5"
"1588435133","2109288821","1.08333"
"2109288821","1588435133","1.08333"
"2105544499","2109288821","1.16667"
"2109288821","2105544499","1.16667"
"1588435133","1884377372","0.111111"
"1884377372","1588435133","0.111111"
"1588435133","2093831363","0.253968"
"2093831363","1588435133","0.253968"
"1588435133","2107323945","2.11111"
"2107323945","1588435133","2.11111"
"1588435133","2127366088","0.253968"
"2127366088","1588435133","0.253968"
"1588435133","2133300800","0.253968"
"2133300800","1588435133","0.253968"
"1588435133","2138863563","0.503968"
"2138863563","1588435133","0.503968"
"1884377372","2099826477","0.111111"
"2099826477","1884377372","0.111111"
"1884377372","2105544499","0.111111"
"2105544499","1884377372","0.111111"
"1884377372","2133300800","0.111111"
"2133300800","1884377372","0.111111"
"1884377372","2138863563","0.111111"
"2138863563","1884377372","0.111111"
"2093831363","2099826477","0.253968"
"2099826477","2093831363","0.253968"
"2093831363","2105544499","0.253968"
"2105544499","2093831363","0.253968"
"2093831363","2107323945","1.36111"
"2107323945","2093831363","1.36111"
"2093831363","2127366088","0.587302"
"2127366088","2093831363","0.587302"
"2093831363","2133300800","1.0873"
"2133300800","2093831363","1.0873"
"2093831363","2138863563","0.253968"
"2138863563","2093831363","0.253968"
"2093831363","2172166708","0.587302"
"2172166708","2093831363","0.587302"
"2099826477","2107323945","0.711111"
"2107323945","2099826477","0.711111"
"2099826477","2127366088","0.253968"
"2127366088","2099826477","0.253968"
"2099826477","2133300800","0.253968"
"2133300800","2099826477","0.253968"
"2099826477","2138863563","0.503968"
"2138863563","2099826477","0.503968"
"2105544499","2107323945","0.711111"
"2107323945","2105544499","0.711111"
"2105544499","2127366088","0.253968"
"2127366088","2105544499","0.253968"
"2105544499","2133300800","0.253968"
"2133300800","2105544499","0.253968"
"2105544499","2138863563","0.503968"
"2138863563","2105544499","0.503968"
"2107323945","2127366088","0.111111"
"2127366088","2107323945","0.111111"
"2107323945","2133300800","0.111111"
"2133300800","2107323945","0.111111"
"2107323945","2138863563","0.111111"
"2138863563","2107323945","0.111111"
"2127366088","2133300800","8.67064"
"2133300800","2127366088","8.67064"
"2127366088","2138863563","0.253968"
"2138863563","2127366088","0.253968"
"2127366088","2172166708","0.712302"
"2172166708","2127366088","0.712302"
"2133300800","2138863563","0.253968"
"2138863563","2133300800","0.253968"
"2133300800","2172166708","0.587302"
"2172166708","2133300800","0.587302"
"2138863563","2172166708","0.503968"
"2172166708","2138863563","0.503968"
"1588435133","2097125832","0.333333"
"2097125832","1588435133","0.333333"
"2097125832","2105544499","0.333333"
"2105544499","2097125832","0.333333"
"2097125832","2109288821","5.83333"
"2109288821","2097125832","5.83333"
"1588435133","2135719981","1"
"2135719981","1588435133","1"
"2107323945","2135719981","1"
"2135719981","2107323945","1"
"2099826477","2135719981","0.5"
"2135719981","2099826477","0.5"
"2105544499","2135719981","1.5"
"2135719981","2105544499","1.5"
"1588435133","1981924707","0.25"
"1981924707","1588435133","0.25"
"1588435133","1989141971","0.25"
"1989141971","1588435133","0.25"
"1588435133","2119483879","0.25"
"2119483879","1588435133","0.25"
"1981924707","2109288821","3.75"
"2109288821","1981924707","3.75"
"1989141971","2109288821","2.75"
"2109288821","1989141971","2.75"
"2109288821","2119483879","0.25"
"2119483879","2109288821","0.25"
"1602996893","2109288821","0.333333"
"2109288821","1602996893","0.333333"
"1602996893","55419459","0.333333"
"55419459","1602996893","0.333333"
"2109288821","2172166708","0.333333"
"2172166708","2109288821","0.333333"
"2109288821","55419459","0.833333"
"55419459","2109288821","0.833333"
"2172166708","55419459","0.333333"
"55419459","2172166708","0.333333"
"1689262186","2145384715","1"
"2145384715","1689262186","1"
"1698210409","18055459","0.811111"
"18055459","1698210409","0.811111"
"1698210409","2154063878","0.611111"
"2154063878","1698210409","0.611111"
"18055459","2154063878","0.611111"
"2154063878","18055459","0.611111"
"1698210409","2130898128","0.2"
"2130898128","1698210409","0.2"
"1698210409","2132656721","0.311111"
"2132656721","1698210409","0.311111"
"1698210409","2154103141","0.311111"
"2154103141","1698210409","0.311111"
"1698210409","2157941646","0.2"
"2157941646","1698210409","0.2"
"18055459","2130898128","0.2"
"2130898128","18055459","0.2"
"18055459","2154103141","0.561111"
"2154103141","18055459","0.561111"
"2130898128","2132656721","0.2"
"2132656721","2130898128","0.2"
"2130898128","2154103141","1.7"
"2154103141","2130898128","1.7"
"2130898128","2157941646","0.2"
"2157941646","2130898128","0.2"
"2132656721","2154103141","0.561111"
"2154103141","2132656721","0.561111"
"2154103141","2157941646","0.2"
"2157941646","2154103141","0.2"
"1698210409","2101754595","0.111111"
"2101754595","1698210409","0.111111"
"1698210409","2109288821","0.111111"
"2109288821","1698210409","0.111111"
"1698210409","2129330296","0.111111"
"2129330296","1698210409","0.111111"
"1698210409","2156820010","0.111111"
"2156820010","1698210409","0.111111"
"1698210409","2163735391","0.111111"
"2163735391","1698210409","0.111111"
"18055459","2101754595","0.111111"
"2101754595","18055459","0.111111"
"18055459","2109288821","0.111111"
"2109288821","18055459","0.111111"
"18055459","2129330296","0.111111"
"2129330296","18055459","0.111111"
"18055459","2156820010","0.111111"
"2156820010","18055459","0.111111"
"2101754595","2109288821","0.111111"
"2109288821","2101754595","0.111111"
"2101754595","2129330296","0.111111"
"2129330296","2101754595","0.111111"
"2101754595","2132656721","0.111111"
"2132656721","2101754595","0.111111"
"2101754595","2154063878","0.111111"
"2154063878","2101754595","0.111111"
"2101754595","2154103141","0.111111"
"2154103141","2101754595","0.111111"
"2101754595","2156820010","0.111111"
"2156820010","2101754595","0.111111"
"2101754595","2163735391","0.111111"
"2163735391","2101754595","0.111111"
"2109288821","2129330296","0.111111"
"2129330296","2109288821","0.111111"
"2109288821","2132656721","0.111111"
"2132656721","2109288821","0.111111"
"2109288821","2154063878","0.111111"
"2154063878","2109288821","0.111111"
"2109288821","2154103141","0.111111"
"2154103141","2109288821","0.111111"
"2109288821","2156820010","0.111111"
"2156820010","2109288821","0.111111"
"2109288821","2163735391","0.111111"
"2163735391","2109288821","0.111111"
"2129330296","2132656721","0.111111"
"2132656721","2129330296","0.111111"
"2129330296","2154063878","0.111111"
"2154063878","2129330296","0.111111"
"2129330296","2154103141","0.111111"
"2154103141","2129330296","0.111111"
"2129330296","2156820010","0.111111"
"2156820010","2129330296","0.111111"
"2129330296","2163735391","0.236111"
"2163735391","2129330296","0.236111"
"2132656721","2154063878","0.111111"
"2154063878","2132656721","0.111111"
"2132656721","2156820010","0.111111"
"2156820010","2132656721","0.111111"
"2154063878","2154103141","0.111111"
"2154103141","2154063878","0.111111"
"2154063878","2156820010","0.111111"
"2156820010","2154063878","0.111111"
"2154063878","2163735391","0.111111"
"2163735391","2154063878","0.111111"
"2154103141","2156820010","0.611111"
"2156820010","2154103141","0.611111"
"2154103141","2163735391","0.361111"
"2163735391","2154103141","0.361111"
"2156820010","2163735391","2.11111"
"2163735391","2156820010","2.11111"
"206049855","2154103141","0.25"
"2154103141","206049855","0.25"
"206049855","2163735391","0.25"
"2163735391","206049855","0.25"
"1806390057","2066325414","1.6"
"2066325414","1806390057","1.6"
"1806390057","2107323945","1.6"
"2107323945","1806390057","1.6"
"1806390057","2073365362","0.5"
"2073365362","1806390057","0.5"
"1806390057","2109288821","0.5"
"2109288821","1806390057","0.5"
"2073365362","2109288821","2.5"
"2109288821","2073365362","2.5"
"1806390057","1884377372","0.1"
"1884377372","1806390057","0.1"
"1806390057","1989664908","0.1"
"1989664908","1806390057","0.1"
"1806390057","2049831820","0.1"
"2049831820","1806390057","0.1"
"1806390057","2130898128","0.433333"
"2130898128","1806390057","0.433333"
"1806390057","2148068009","0.1"
"2148068009","1806390057","0.1"
"1806390057","2164627280","0.1"
"2164627280","1806390057","0.1"
"1806390057","2168079753","0.1"
"2168079753","1806390057","0.1"
"1884377372","1989664908","0.8"
"1989664908","1884377372","0.8"
"1884377372","2038464048","0.1"
"2038464048","1884377372","0.1"
"1884377372","2049831820","0.1"
"2049831820","1884377372","0.1"
"1884377372","2148068009","0.8"
"2148068009","1884377372","0.8"
