"112102164","1537039776","0.0625"
"1537039776","112102164","0.0625"
"112102164","1566349786","0.0625"
"1566349786","112102164","0.0625"
"112102164","1581502805","0.0625"
"1581502805","112102164","0.0625"
"112102164","1784044093","0.0625"
"1784044093","112102164","0.0625"
"112102164","1853995153","0.0625"
"1853995153","112102164","0.0625"
"112102164","1970814655","0.0625"
"1970814655","112102164","0.0625"
"112102164","1989037929","0.0625"
"1989037929","112102164","0.0625"
"112102164","2066796814","0.0625"
"2066796814","112102164","0.0625"
"112102164","2077720176","0.0625"
"2077720176","112102164","0.0625"
"112102164","2091921805","0.0625"
"2091921805","112102164","0.0625"
"112102164","2098759488","0.0625"
"2098759488","112102164","0.0625"
"112102164","2105510466","0.0625"
"2105510466","112102164","0.0625"
"112102164","2115366404","0.0625"
"2115366404","112102164","0.0625"
"112102164","2127100972","0.0625"
"2127100972","112102164","0.0625"
"112102164","2164274563","0.0625"
"2164274563","112102164","0.0625"
"112102164","2166064672","0.0625"
"2166064672","112102164","0.0625"
"1537039776","1566349786","0.775148"
"1566349786","1537039776","0.775148"
"1537039776","1581502805","5.29552"
"1581502805","1537039776","5.29552"
"1537039776","1784044093","2.07793"
"1784044093","1537039776","2.07793"
"1537039776","1853995153","17.6615"
"1853995153","1537039776","17.6615"
"1537039776","1970814655","0.645833"
"1970814655","1537039776","0.645833"
"1537039776","1989037929","17.81"
"1989037929","1537039776","17.81"
"1537039776","2066796814","8.00926"
"2066796814","1537039776","8.00926"
"1537039776","2077720176","2.41219"
"2077720176","1537039776","2.41219"
"1537039776","2091921805","10.2167"
"2091921805","1537039776","10.2167"
"1537039776","2098759488","9.49525"
"2098759488","1537039776","9.49525"
"1537039776","2105510466","8.07205"
"2105510466","1537039776","8.07205"
"1537039776","2115366404","0.676763"
"2115366404","1537039776","0.676763"
"1537039776","2127100972","0.813791"
"2127100972","1537039776","0.813791"
"1537039776","2164274563","11.8818"
"2164274563","1537039776","11.8818"
"1537039776","2166064672","3.50221"
"2166064672","1537039776","3.50221"
"1566349786","1581502805","0.578358"
"1581502805","1566349786","0.578358"
"1566349786","1784044093","1.23056"
"1784044093","1566349786","1.23056"
"1566349786","1853995153","2.45667"
"1853995153","1566349786","2.45667"
"1566349786","1970814655","0.1875"
"1970814655","1566349786","0.1875"
"1566349786","1989037929","13.7901"
"1989037929","1566349786","13.7901"
"1566349786","2066796814","5.66393"
"2066796814","1566349786","5.66393"
"1566349786","2077720176","1.56061"
"2077720176","1566349786","1.56061"
"1566349786","2091921805","1.00815"
"2091921805","1566349786","1.00815"
"1566349786","2098759488","1.24668"
"2098759488","1566349786","1.24668"
"1566349786","2105510466","6.30901"
"2105510466","1566349786","6.30901"
"1566349786","2115366404","0.179205"
"2115366404","1566349786","0.179205"
"1566349786","2127100972","0.445959"
"2127100972","1566349786","0.445959"
"1566349786","2164274563","5.42141"
"2164274563","1566349786","5.42141"
"1566349786","2166064672","2.81478"
"2166064672","1566349786","2.81478"
"1581502805","1784044093","1.89502"
"1784044093","1581502805","1.89502"
"1581502805","1853995153","3.01288"
"1853995153","1581502805","3.01288"
"1581502805","1970814655","0.395833"
"1970814655","1581502805","0.395833"
"1581502805","1989037929","2.75538"
"1989037929","1581502805","2.75538"
"1581502805","2066796814","5.00264"
"2066796814","1581502805","5.00264"
"1581502805","2077720176","0.638548"
"2077720176","1581502805","0.638548"
"1581502805","2091921805","8.00481"
"2091921805","1581502805","8.00481"
"1581502805","2098759488","5.28539"
"2098759488","1581502805","5.28539"
"1581502805","2105510466","0.746219"
"2105510466","1581502805","0.746219"
"1581502805","2115366404","2.92708"
"2115366404","1581502805","2.92708"
"1581502805","2127100972","0.195959"
"2127100972","1581502805","0.195959"
"1581502805","2164274563","1.81497"
"2164274563","1581502805","1.81497"
"1581502805","2166064672","4.47657"
"2166064672","1581502805","4.47657"
"1784044093","1853995153","1.61619"
"1853995153","1784044093","1.61619"
"1784044093","1970814655","0.205357"
"1970814655","1784044093","0.205357"
"1784044093","1989037929","6.175"
"1989037929","1784044093","6.175"
"1784044093","2066796814","8.83179"
"2066796814","1784044093","8.83179"
"1784044093","2077720176","0.835606"
"2077720176","1784044093","0.835606"
"1784044093","2091921805","1.66926"
"2091921805","1784044093","1.66926"
"1784044093","2098759488","1.72168"
"2098759488","1784044093","1.72168"
"1784044093","2105510466","1.81695"
"2105510466","1784044093","1.81695"
"1784044093","2115366404","0.322062"
"2115366404","1784044093","0.322062"
"1784044093","2127100972","0.338816"
"2127100972","1784044093","0.338816"
"1784044093","2164274563","3.75633"
"2164274563","1784044093","3.75633"
"1784044093","2166064672","1.58264"
"2166064672","1784044093","1.58264"
"1853995153","1970814655","0.3125"
"1970814655","1853995153","0.3125"
"1853995153","1989037929","24.6393"
"1989037929","1853995153","24.6393"
"1853995153","2066796814","25.1551"
"2066796814","1853995153","25.1551"
"1853995153","2077720176","3.89415"
"2077720176","1853995153","3.89415"
"1853995153","2091921805","21.5313"
"2091921805","1853995153","21.5313"
"1853995153","2098759488","33.5749"
"2098759488","1853995153","33.5749"
"1853995153","2105510466","5.99494"
"2105510466","1853995153","5.99494"
"1853995153","2115366404","2.27603"
"2115366404","1853995153","2.27603"
"1853995153","2127100972","1.23882"
"2127100972","1853995153","1.23882"
"1853995153","2164274563","19.2975"
"2164274563","1853995153","19.2975"
"1853995153","2166064672","7.48954"
"2166064672","1853995153","7.48954"
"1970814655","1989037929","1.0125"
"1989037929","1970814655","1.0125"
"1970814655","2066796814","0.622024"
"2066796814","1970814655","0.622024"
"1970814655","2077720176","0.98869"
"2077720176","1970814655","0.98869"
"1970814655","2091921805","0.5125"
"2091921805","1970814655","0.5125"
"1970814655","2098759488","0.2625"
"2098759488","1970814655","0.2625"
"1970814655","2105510466","5.39702"
"2105510466","1970814655","5.39702"
"1970814655","2115366404","0.229167"
"2115366404","1970814655","0.229167"
"1970814655","2127100972","1.41369"
"2127100972","1970814655","1.41369"
"1970814655","2164274563","0.4375"
"2164274563","1970814655","0.4375"
"1970814655","2166064672","3.05417"
"2166064672","1970814655","3.05417"
"1989037929","2066796814","121.454"
"2066796814","1989037929","121.454"
"1989037929","2077720176","21.8289"
"2077720176","1989037929","21.8289"
"1989037929","2091921805","27.1022"
"2091921805","1989037929","27.1022"
"1989037929","2098759488","28.3809"
"2098759488","1989037929","28.3809"
"1989037929","2105510466","53.6805"
"2105510466","1989037929","53.6805"
"1989037929","2115366404","3.24981"
"2115366404","1989037929","3.24981"
"1989037929","2127100972","3.3162"
"2127100972","1989037929","3.3162"
"1989037929","2164274563","70.6767"
"2164274563","1989037929","70.6767"
"1989037929","2166064672","24.8179"
"2166064672","1989037929","24.8179"
"2066796814","2077720176","15.8971"
"2077720176","2066796814","15.8971"
"2066796814","2091921805","33.9253"
"2091921805","2066796814","33.9253"
"2066796814","2098759488","39.5452"
"2098759488","2066796814","39.5452"
"2066796814","2105510466","18.1472"
"2105510466","2066796814","18.1472"
"2066796814","2115366404","9.62759"
"2115366404","2066796814","9.62759"
"2066796814","2127100972","3.05786"
"2127100972","2066796814","3.05786"
"2066796814","2164274563","68.2672"
"2164274563","2066796814","68.2672"
"2066796814","2166064672","5.80567"
"2166064672","2066796814","5.80567"
"2077720176","2091921805","6.65019"
"2091921805","2077720176","6.65019"
"2077720176","2098759488","12.7346"
"2098759488","2077720176","12.7346"
"2077720176","2105510466","6.16725"
"2105510466","2077720176","6.16725"
"2077720176","2115366404","3.35073"
"2115366404","2077720176","3.35073"
"2077720176","2127100972","1.16739"
"2127100972","2077720176","1.16739"
"2077720176","2164274563","27.5327"
"2164274563","2077720176","27.5327"
"2077720176","2166064672","2.16824"
"2166064672","2077720176","2.16824"
"2091921805","2098759488","45.6012"
"2098759488","2091921805","45.6012"
"2091921805","2105510466","4.92328"
"2105510466","2091921805","4.92328"
"2091921805","2115366404","0.256128"
"2115366404","2091921805","0.256128"
"2091921805","2127100972","3.21382"
"2127100972","2091921805","3.21382"
"2091921805","2164274563","21.2983"
"2164274563","2091921805","21.2983"
"2091921805","2166064672","2.68613"
"2166064672","2091921805","2.68613"
"2098759488","2105510466","8.95293"
"2105510466","2098759488","8.95293"
"2098759488","2115366404","2.17256"
"2115366404","2098759488","2.17256"
"2098759488","2127100972","1.66544"
"2127100972","2098759488","1.66544"
"2098759488","2164274563","34.0715"
"2164274563","2098759488","34.0715"
"2098759488","2166064672","3.19545"
"2166064672","2098759488","3.19545"
"2105510466","2115366404","1.26042"
"2115366404","2105510466","1.26042"
"2105510466","2127100972","9.54418"
"2127100972","2105510466","9.54418"
"2105510466","2164274563","20.4099"
"2164274563","2105510466","20.4099"
"2105510466","2166064672","11.3926"
"2166064672","2105510466","11.3926"
"2115366404","2127100972","0.0625"
"2127100972","2115366404","0.0625"
"2115366404","2164274563","1.00795"
"2164274563","2115366404","1.00795"
"2115366404","2166064672","3.00266"
"2166064672","2115366404","3.00266"
"2127100972","2164274563","4.34865"
"2164274563","2127100972","4.34865"
"2127100972","2166064672","3.36382"
"2166064672","2127100972","3.36382"
"2164274563","2166064672","6.31859"
"2166064672","2164274563","6.31859"
"118082494","1537039776","0.128933"
"1537039776","118082494","0.128933"
"118082494","1566349786","0.128933"
"1566349786","118082494","0.128933"
"118082494","1784044093","0.128933"
"1784044093","118082494","0.128933"
"118082494","1853995153","0.147955"
"1853995153","118082494","0.147955"
"118082494","1966406756","0.0854545"
"1966406756","118082494","0.0854545"
"118082494","1989037929","0.228933"
"1989037929","118082494","0.228933"
"118082494","2006761268","0.0854545"
"2006761268","118082494","0.0854545"
"118082494","2029438113","0.228933"
"2029438113","118082494","0.228933"
"118082494","2066796814","0.128933"
"2066796814","118082494","0.128933"
"118082494","2077720176","0.128933"
"2077720176","118082494","0.128933"
"118082494","2091921805","0.0854545"
"2091921805","118082494","0.0854545"
"118082494","2098759488","0.691433"
"2098759488","118082494","0.691433"
"118082494","2101005720","0.128933"
"2101005720","118082494","0.128933"
"118082494","2104410989","0.447955"
"2104410989","118082494","0.447955"
"118082494","2113049098","0.128933"
"2113049098","118082494","0.128933"
"118082494","2115366404","0.0854545"
"2115366404","118082494","0.0854545"
"118082494","2124192284","0.0854545"
"2124192284","118082494","0.0854545"
"118082494","2129330015","0.0854545"
"2129330015","118082494","0.0854545"
"118082494","2147768899","0.0854545"
"2147768899","118082494","0.0854545"
"118082494","2164274563","0.107955"
"2164274563","118082494","0.107955"
"118082494","2166064672","0.491433"
"2166064672","118082494","0.491433"
"118082494","2483430316","0.0854545"
"2483430316","118082494","0.0854545"
"1537039776","1966406756","3.31528"
"1966406756","1537039776","3.31528"
"1537039776","2006761268","14.5869"
"2006761268","1537039776","14.5869"
"1537039776","2029438113","5.03395"
"2029438113","1537039776","5.03395"
"1537039776","2101005720","6.06854"
"2101005720","1537039776","6.06854"
"1537039776","2104410989","2.25417"
"2104410989","1537039776","2.25417"
"1537039776","2113049098","2.61715"
"2113049098","1537039776","2.61715"
"1537039776","2124192284","7.41246"
"2124192284","1537039776","7.41246"
"1537039776","2129330015","0.79183"
"2129330015","1537039776","0.79183"
"1537039776","2147768899","1.32854"
"2147768899","1537039776","1.32854"
"1537039776","2483430316","3.47125"
"2483430316","1537039776","3.47125"
"1566349786","1966406756","0.13558"
"1966406756","1566349786","0.13558"
"1566349786","2006761268","2.2468"
"2006761268","1566349786","2.2468"
"1566349786","2029438113","0.683026"
"2029438113","1566349786","0.683026"
"1566349786","2101005720","1.34187"
"2101005720","1566349786","1.34187"
"1566349786","2104410989","0.26058"
"2104410989","1566349786","0.26058"
"1566349786","2113049098","0.554058"
"2113049098","1566349786","0.554058"
"1566349786","2124192284","0.587319"
"2124192284","1566349786","0.587319"
"1566349786","2129330015","0.719461"
"2129330015","1566349786","0.719461"
"1566349786","2147768899","3.6935"
"2147768899","1566349786","3.6935"
"1566349786","2483430316","0.198885"
"2483430316","1566349786","0.198885"
"1784044093","1966406756","0.38558"
"1966406756","1784044093","0.38558"
"1784044093","2006761268","2.17299"
"2006761268","1784044093","2.17299"
"1784044093","2029438113","0.280249"
"2029438113","1784044093","0.280249"
"1784044093","2101005720","2.48472"
"2101005720","1784044093","2.48472"
"1784044093","2104410989","0.13558"
"2104410989","1784044093","0.13558"
"1784044093","2113049098","0.179058"
"2113049098","1784044093","0.179058"
"1784044093","2124192284","0.587319"
"2124192284","1784044093","0.587319"
"1784044093","2129330015","0.511128"
"2129330015","1784044093","0.511128"
"1784044093","2147768899","1.01612"
"2147768899","1784044093","1.01612"
"1784044093","2483430316","0.198885"
"2483430316","1784044093","0.198885"
"1853995153","1966406756","1.36137"
"1966406756","1853995153","1.36137"
"1853995153","2006761268","8.17433"
"2006761268","1853995153","8.17433"
"1853995153","2029438113","13.853"
"2029438113","1853995153","13.853"
"1853995153","2101005720","11.7672"
"2101005720","1853995153","11.7672"
"1853995153","2104410989","0.985381"
"2104410989","1853995153","0.985381"
"1853995153","2113049098","0.883199"
"2113049098","1853995153","0.883199"
"1853995153","2124192284","3.01167"
"2124192284","1853995153","3.01167"
"1853995153","2129330015","2.75413"
"2129330015","1853995153","2.75413"
"1853995153","2147768899","4.17781"
"2147768899","1853995153","4.17781"
"1853995153","2483430316","7.55578"
"2483430316","1853995153","7.55578"
"1966406756","1989037929","11.3606"
"1989037929","1966406756","11.3606"
"1966406756","2006761268","17.526"
"2006761268","1966406756","17.526"
"1966406756","2029438113","2.41931"
"2029438113","1966406756","2.41931"
"1966406756","2066796814","4.03002"
"2066796814","1966406756","4.03002"
"1966406756","2077720176","2.83637"
"2077720176","1966406756","2.83637"
"1966406756","2091921805","1.89907"
"2091921805","1966406756","1.89907"
"1966406756","2098759488","4.40344"
"2098759488","1966406756","4.40344"
"1966406756","2101005720","0.946691"
"2101005720","1966406756","0.946691"
"1966406756","2104410989","0.395836"
"2104410989","1966406756","0.395836"
"1966406756","2113049098","0.302247"
"2113049098","1966406756","0.302247"
"1966406756","2115366404","0.363232"
"2115366404","1966406756","0.363232"
"1966406756","2124192284","6.27407"
"2124192284","1966406756","6.27407"
"1966406756","2129330015","3.30225"
"2129330015","1966406756","3.30225"
"1966406756","2147768899","0.0854545"
"2147768899","1966406756","0.0854545"
"1966406756","2164274563","2.70538"
"2164274563","1966406756","2.70538"
"1966406756","2166064672","0.26058"
"2166064672","1966406756","0.26058"
"1966406756","2483430316","0.43677"
"2483430316","1966406756","0.43677"
"1989037929","2006761268","34.8305"
"2006761268","1989037929","34.8305"
"1989037929","2029438113","16.1917"
"2029438113","1989037929","16.1917"
"1989037929","2101005720","24.5092"
"2101005720","1989037929","24.5092"
"1989037929","2104410989","2.26177"
"2104410989","1989037929","2.26177"
"1989037929","2113049098","6.58306"
"2113049098","1989037929","6.58306"
"1989037929","2124192284","15.0373"
"2124192284","1989037929","15.0373"
"1989037929","2129330015","2.78891"
"2129330015","1989037929","2.78891"
"1989037929","2147768899","8.54864"
"2147768899","1989037929","8.54864"
"1989037929","2483430316","15.8481"
"2483430316","1989037929","15.8481"
"2006761268","2029438113","5.61256"
"2029438113","2006761268","5.61256"
"2006761268","2066796814","19.1134"
"2066796814","2006761268","19.1134"
"2006761268","2077720176","5.52972"
"2077720176","2006761268","5.52972"
"2006761268","2091921805","10.0143"
"2091921805","2006761268","10.0143"
"2006761268","2098759488","11.5753"
"2098759488","2006761268","11.5753"
"2006761268","2101005720","6.62382"
"2101005720","2006761268","6.62382"
"2006761268","2104410989","1.49037"
"2104410989","2006761268","1.49037"
"2006761268","2113049098","2.31702"
"2113049098","2006761268","2.31702"
"2006761268","2115366404","2.01704"
"2115366404","2006761268","2.01704"
"2006761268","2124192284","21.6278"
"2124192284","2006761268","21.6278"
"2006761268","2129330015","3.91946"
"2129330015","2006761268","3.91946"
"2006761268","2147768899","4.26848"
"2147768899","2006761268","4.26848"
"2006761268","2164274563","29.0936"
"2164274563","2006761268","29.0936"
"2006761268","2166064672","9.67471"
"2166064672","2006761268","9.67471"
"2006761268","2483430316","7.90007"
"2483430316","2006761268","7.90007"
"2029438113","2066796814","9.10681"
"2066796814","2029438113","9.10681"
"2029438113","2077720176","6.08336"
"2077720176","2029438113","6.08336"
"2029438113","2091921805","11.354"
"2091921805","2029438113","11.354"
"2029438113","2098759488","36.7102"
"2098759488","2029438113","36.7102"
"2029438113","2101005720","2.39051"
"2101005720","2029438113","2.39051"
"2029438113","2104410989","0.195104"
"2104410989","2029438113","0.195104"
"2029438113","2113049098","0.363582"
"2113049098","2029438113","0.363582"
"2029438113","2115366404","0.720808"
"2115366404","2029438113","0.720808"
"2029438113","2124192284","1.52526"
"2124192284","2029438113","1.52526"
"2029438113","2129330015","2.15344"
"2129330015","2029438113","2.15344"
"2029438113","2147768899","0.628312"
"2147768899","2029438113","0.628312"
"2029438113","2164274563","22.8416"
"2164274563","2029438113","22.8416"
"2029438113","2166064672","0.880249"
"2166064672","2029438113","0.880249"
"2029438113","2483430316","1.59629"
"2483430316","2029438113","1.59629"
"2066796814","2101005720","37.1731"
"2101005720","2066796814","37.1731"
"2066796814","2104410989","0.13558"
"2104410989","2066796814","0.13558"
"2066796814","2113049098","3.64421"
"2113049098","2066796814","3.64421"
"2066796814","2124192284","8.07621"
"2124192284","2066796814","8.07621"
"2066796814","2129330015","2.8651"
"2129330015","2066796814","2.8651"
"2066796814","2147768899","4.66733"
"2147768899","2066796814","4.66733"
"2066796814","2483430316","12.6335"
"2483430316","2066796814","12.6335"
"2077720176","2101005720","1.55885"
"2101005720","2077720176","1.55885"
"2077720176","2104410989","2.17893"
"2104410989","2077720176","2.17893"
"2077720176","2113049098","0.679981"
"2113049098","2077720176","0.679981"
"2077720176","2124192284","2.00899"
"2124192284","2077720176","2.00899"
"2077720176","2129330015","4.33955"
"2129330015","2077720176","4.33955"
"2077720176","2147768899","0.36803"
"2147768899","2077720176","0.36803"
"2077720176","2483430316","0.888791"
"2483430316","2077720176","0.888791"
"2091921805","2101005720","9.90997"
"2101005720","2091921805","9.90997"
"2091921805","2104410989","0.295594"
"2104410989","2091921805","0.295594"
"2091921805","2113049098","1.35241"
"2113049098","2091921805","1.35241"
"2091921805","2124192284","2.78176"
"2124192284","2091921805","2.78176"
"2091921805","2129330015","16.6163"
"2129330015","2091921805","16.6163"
"2091921805","2147768899","1.77883"
"2147768899","2091921805","1.77883"
"2091921805","2483430316","2.78233"
"2483430316","2091921805","2.78233"
"2098759488","2101005720","10.595"
"2101005720","2098759488","10.595"
"2098759488","2104410989","2.60135"
"2104410989","2098759488","2.60135"
"2098759488","2113049098","0.870457"
"2113049098","2098759488","0.870457"
"2098759488","2124192284","5.35741"
"2124192284","2098759488","5.35741"
"2098759488","2129330015","14.5423"
"2129330015","2098759488","14.5423"
"2098759488","2147768899","2.1708"
"2147768899","2098759488","2.1708"
"2098759488","2483430316","3.1078"
"2483430316","2098759488","3.1078"
"2101005720","2104410989","0.194403"
"2104410989","2101005720","0.194403"
"2101005720","2113049098","0.737882"
"2113049098","2101005720","0.737882"
"2101005720","2115366404","7.72656"
"2115366404","2101005720","7.72656"
"2101005720","2124192284","2.37502"
"2124192284","2101005720","2.37502"
"2101005720","2129330015","0.219461"
"2129330015","2101005720","0.219461"
"2101005720","2147768899","1.04185"
"2147768899","2101005720","1.04185"
"2101005720","2164274563","4.4094"
"2164274563","2101005720","4.4094"
"2101005720","2166064672","1.75192"
"2166064672","2101005720","1.75192"
"2101005720","2483430316","11.3656"
"2483430316","2101005720","11.3656"
"2104410989","2113049098","2.58845"
"2113049098","2104410989","2.58845"
"2104410989","2115366404","0.0854545"
"2115366404","2104410989","0.0854545"
"2104410989","2124192284","0.278437"
"2124192284","2104410989","0.278437"
"2104410989","2129330015","0.13558"
"2129330015","2104410989","0.13558"
"2104410989","2147768899","0.0854545"
"2147768899","2104410989","0.0854545"
"2104410989","2164274563","1.78622"
"2164274563","2104410989","1.78622"
"2104410989","2166064672","1.50809"
"2166064672","2104410989","1.50809"
"2104410989","2483430316","0.11177"
"2483430316","2104410989","0.11177"
"2113049098","2115366404","0.252121"
"2115366404","2113049098","0.252121"
"2113049098","2124192284","0.38558"
"2124192284","2113049098","0.38558"
"2113049098","2129330015","1.30225"
"2129330015","2113049098","1.30225"
"2113049098","2147768899","0.0854545"
"2147768899","2113049098","0.0854545"
"2113049098","2164274563","3.90633"
"2164274563","2113049098","3.90633"
"2113049098","2166064672","5.89546"
"2166064672","2113049098","5.89546"
"2113049098","2483430316","0.202679"
"2483430316","2113049098","0.202679"
"2115366404","2124192284","0.838927"
"2124192284","2115366404","0.838927"
"2115366404","2129330015","0.116705"
"2129330015","2115366404","0.116705"
"2115366404","2147768899","1.69363"
"2147768899","2115366404","1.69363"
"2115366404","2483430316","8.00212"
"2483430316","2115366404","8.00212"
"2124192284","2129330015","3.21946"
"2129330015","2124192284","3.21946"
"2124192284","2147768899","1.81977"
"2147768899","2124192284","1.81977"
"2124192284","2164274563","7.06652"
"2164274563","2124192284","7.06652"
"2124192284","2166064672","2.00051"
"2166064672","2124192284","2.00051"
"2124192284","2483430316","0.414402"
"2483430316","2124192284","0.414402"
"2129330015","2147768899","2.16934"
"2147768899","2129330015","2.16934"
"2129330015","2164274563","1.68434"
"2164274563","2129330015","1.68434"
"2129330015","2166064672","0.688211"
"2166064672","2129330015","0.688211"
"2129330015","2483430316","1.42393"
"2483430316","2129330015","1.42393"
"2147768899","2164274563","3.24866"
"2164274563","2147768899","3.24866"
"2147768899","2166064672","3.74834"
"2166064672","2147768899","3.74834"
"2147768899","2483430316","0.922569"
"2483430316","2147768899","0.922569"
"2164274563","2483430316","5.01648"
"2483430316","2164274563","5.01648"
"2166064672","2483430316","1.42508"
"2483430316","2166064672","1.42508"
"118082494","1491931038","0.105978"
"1491931038","118082494","0.105978"
"118082494","1979255715","0.0625"
"1979255715","118082494","0.0625"
"118082494","1983193016","0.1625"
"1983193016","118082494","0.1625"
"118082494","2029767187","0.0625"
"2029767187","118082494","0.0625"
"118082494","2034370406","0.4625"
"2034370406","118082494","0.4625"
"118082494","2034528422","0.1625"
"2034528422","118082494","0.1625"
"118082494","2083236658","0.3625"
"2083236658","118082494","0.3625"
"118082494","2121128139","0.3625"
"2121128139","118082494","0.3625"
"118082494","2123257880","0.145978"
"2123257880","118082494","0.145978"
"118082494","2129750396","1.3625"
"2129750396","118082494","1.3625"
"118082494","2152497905","1.5625"
"2152497905","118082494","1.5625"
"1491931038","1853995153","5.73124"
"1853995153","1491931038","5.73124"
"1491931038","1979255715","0.354167"
"1979255715","1491931038","0.354167"
"1491931038","1983193016","0.0625"
"1983193016","1491931038","0.0625"
"1491931038","2029767187","2.35901"
"2029767187","1491931038","2.35901"
"1491931038","2034370406","0.173611"
"2034370406","1491931038","0.173611"
"1491931038","2034528422","2.95548"
"2034528422","1491931038","2.95548"
"1491931038","2083236658","0.288816"
"2083236658","1491931038","0.288816"
"1491931038","2098759488","4.67792"
"2098759488","1491931038","4.67792"
"1491931038","2104410989","0.890403"
"2104410989","1491931038","0.890403"
"1491931038","2121128139","0.0625"
"2121128139","1491931038","0.0625"
"1491931038","2123257880","0.774232"
"2123257880","1491931038","0.774232"
"1491931038","2129750396","0.0625"
"2129750396","1491931038","0.0625"
"1491931038","2152497905","0.395833"
"2152497905","1491931038","0.395833"
"1491931038","2164274563","7.05889"
"2164274563","1491931038","7.05889"
"1491931038","2166064672","1.22948"
"2166064672","1491931038","1.22948"
"1853995153","1979255715","0.747024"
"1979255715","1853995153","0.747024"
"1853995153","1983193016","0.645833"
"1983193016","1853995153","0.645833"
"1853995153","2029767187","19.3555"
"2029767187","1853995153","19.3555"
"1853995153","2034370406","0.173611"
"2034370406","1853995153","0.173611"
"1853995153","2034528422","2.9034"
"2034528422","1853995153","2.9034"
"1853995153","2083236658","2.64596"
"2083236658","1853995153","2.64596"
"1853995153","2121128139","0.0625"
"2121128139","1853995153","0.0625"
"1853995153","2123257880","0.746944"
"2123257880","1853995153","0.746944"
"1853995153","2129750396","0.395833"
"2129750396","1853995153","0.395833"
"1853995153","2152497905","2.20417"
"2152497905","1853995153","2.20417"
"1979255715","1983193016","0.0625"
"1983193016","1979255715","0.0625"
"1979255715","2029767187","1.7046"
"2029767187","1979255715","1.7046"
"1979255715","2034370406","0.5625"
"2034370406","1979255715","0.5625"
"1979255715","2034528422","0.566468"
"2034528422","1979255715","0.566468"
"1979255715","2083236658","0.3125"
"2083236658","1979255715","0.3125"
"1979255715","2098759488","2.72001"
"2098759488","1979255715","2.72001"
"1979255715","2104410989","0.0625"
"2104410989","1979255715","0.0625"
"1979255715","2121128139","0.0625"
"2121128139","1979255715","0.0625"
"1979255715","2123257880","0.0625"
"2123257880","1979255715","0.0625"
"1979255715","2129750396","0.0625"
"2129750396","1979255715","0.0625"
"1979255715","2152497905","0.0625"
"2152497905","1979255715","0.0625"
"1979255715","2164274563","0.556187"
"2164274563","1979255715","0.556187"
"1979255715","2166064672","0.0625"
"2166064672","1979255715","0.0625"
"1983193016","2029767187","0.53869"
"2029767187","1983193016","0.53869"
"1983193016","2034370406","0.1625"
"2034370406","1983193016","0.1625"
"1983193016","2034528422","0.0625"
"2034528422","1983193016","0.0625"
"1983193016","2083236658","0.1625"
"2083236658","1983193016","0.1625"
"1983193016","2098759488","0.395833"
"2098759488","1983193016","0.395833"
"1983193016","2104410989","0.0625"
"2104410989","1983193016","0.0625"
"1983193016","2121128139","0.1625"
"2121128139","1983193016","0.1625"
"1983193016","2123257880","0.0625"
"2123257880","1983193016","0.0625"
"1983193016","2129750396","0.1625"
"2129750396","1983193016","0.1625"
"1983193016","2152497905","0.1625"
"2152497905","1983193016","0.1625"
"1983193016","2164274563","0.205357"
"2164274563","1983193016","0.205357"
"1983193016","2166064672","0.1625"
"2166064672","1983193016","0.1625"
"2029767187","2034370406","1.75536"
"2034370406","2029767187","1.75536"
"2029767187","2034528422","3.6912"
"2034528422","2029767187","3.6912"
"2029767187","2083236658","2.56986"
"2083236658","2029767187","2.56986"
"2029767187","2098759488","40.0894"
"2098759488","2029767187","40.0894"
"2029767187","2104410989","0.463816"
"2104410989","2029767187","0.463816"
"2029767187","2121128139","0.0625"
"2121128139","2029767187","0.0625"
"2029767187","2123257880","0.229167"
"2123257880","2029767187","0.229167"
"2029767187","2129750396","0.0625"
"2129750396","2029767187","0.0625"
"2029767187","2152497905","1.6998"
"2152497905","2029767187","1.6998"
"2029767187","2164274563","18.9408"
"2164274563","2029767187","18.9408"
"2029767187","2166064672","1.65587"
"2166064672","2029767187","1.65587"
"2034370406","2034528422","0.4125"
"2034528422","2034370406","0.4125"
"2034370406","2083236658","4.27246"
"2083236658","2034370406","4.27246"
"2034370406","2098759488","2.68433"
"2098759488","2034370406","2.68433"
"2034370406","2104410989","0.273611"
"2104410989","2034370406","0.273611"
"2034370406","2121128139","0.3625"
"2121128139","2034370406","0.3625"
"2034370406","2123257880","0.173611"
"2123257880","2034370406","0.173611"
"2034370406","2129750396","0.1625"
"2129750396","2034370406","0.1625"
"2034370406","2152497905","0.854167"
"2152497905","2034370406","0.854167"
"2034370406","2164274563","2.5998"
"2164274563","2034370406","2.5998"
"2034370406","2166064672","0.3625"
"2166064672","2034370406","0.3625"
"2034528422","2083236658","0.0888158"
"2083236658","2034528422","0.0888158"
"2034528422","2098759488","11.0416"
"2098759488","2034528422","11.0416"
"2034528422","2104410989","0.355482"
"2104410989","2034528422","0.355482"
"2034528422","2121128139","0.0625"
"2121128139","2034528422","0.0625"
"2034528422","2123257880","0.0863095"
"2123257880","2034528422","0.0863095"
"2034528422","2129750396","0.372024"
"2129750396","2034528422","0.372024"
"2034528422","2152497905","0.305357"
"2152497905","2034528422","0.305357"
"2034528422","2164274563","2.04623"
"2164274563","2034528422","2.04623"
"2034528422","2166064672","11.8293"
"2166064672","2034528422","11.8293"
"2083236658","2098759488","2.81954"
"2098759488","2083236658","2.81954"
"2083236658","2104410989","0.0888158"
"2104410989","2083236658","0.0888158"
"2083236658","2121128139","0.3625"
"2121128139","2083236658","0.3625"
"2083236658","2123257880","0.145833"
"2123257880","2083236658","0.145833"
"2083236658","2129750396","0.529167"
"2129750396","2083236658","0.529167"
"2083236658","2152497905","0.876389"
"2152497905","2083236658","0.876389"
"2083236658","2164274563","1.59984"
"2164274563","2083236658","1.59984"
"2083236658","2166064672","0.666594"
"2166064672","2083236658","0.666594"
"2098759488","2121128139","0.403409"
"2121128139","2098759488","0.403409"
"2098759488","2123257880","1.46423"
"2123257880","2098759488","1.46423"
"2098759488","2129750396","0.373611"
"2129750396","2098759488","0.373611"
"2098759488","2152497905","4.5423"
"2152497905","2098759488","4.5423"
"2104410989","2121128139","0.0625"
"2121128139","2104410989","0.0625"
"2104410989","2123257880","0.404087"
"2123257880","2104410989","0.404087"
"2104410989","2129750396","0.0625"
"2129750396","2104410989","0.0625"
"2104410989","2152497905","0.229167"
"2152497905","2104410989","0.229167"
"2121128139","2123257880","0.0625"
"2123257880","2121128139","0.0625"
"2121128139","2129750396","0.1625"
"2129750396","2121128139","0.1625"
"2121128139","2152497905","0.453409"
"2152497905","2121128139","0.453409"
"2121128139","2164274563","0.0625"
"2164274563","2121128139","0.0625"
"2121128139","2166064672","0.5625"
"2166064672","2121128139","0.5625"
"2123257880","2129750396","0.0625"
"2129750396","2123257880","0.0625"
"2123257880","2152497905","0.0625"
"2152497905","2123257880","0.0625"
"2123257880","2164274563","0.897421"
"2164274563","2123257880","0.897421"
"2123257880","2166064672","0.169788"
"2166064672","2123257880","0.169788"
"2129750396","2152497905","3.61647"
"2152497905","2129750396","3.61647"
"2129750396","2164274563","0.0625"
"2164274563","2129750396","0.0625"
"2129750396","2166064672","0.329167"
"2166064672","2129750396","0.329167"
"2152497905","2164274563","0.970833"
"2164274563","2152497905","0.970833"
"2152497905","2166064672","1.07361"
"2166064672","2152497905","1.07361"
"118082494","131856359","0.1"
"131856359","118082494","0.1"
"118082494","2064235697","0.3"
"2064235697","118082494","0.3"
"118082494","2097997754","0.3"
"2097997754","118082494","0.3"
"118082494","2099302229","0.1"
"2099302229","118082494","0.1"
"118082494","2133184712","0.543478"
"2133184712","118082494","0.543478"
"131856359","1989037929","5.15632"
"1989037929","131856359","5.15632"
"131856359","2034370406","0.190909"
"2034370406","131856359","0.190909"
"131856359","2034528422","10.0845"
"2034528422","131856359","10.0845"
"131856359","2064235697","0.3"
"2064235697","131856359","0.3"
"131856359","2097997754","0.342857"
"2097997754","131856359","0.342857"
"131856359","2098759488","10.1374"
"2098759488","131856359","10.1374"
"131856359","2099302229","8.82345"
"2099302229","131856359","8.82345"
"131856359","2104410989","0.283824"
"2104410989","131856359","0.283824"
"131856359","2133184712","152.788"
"2133184712","131856359","152.788"
"1989037929","2034370406","2.3921"
"2034370406","1989037929","2.3921"
"1989037929","2034528422","4.88614"
"2034528422","1989037929","4.88614"
"1989037929","2064235697","2.95115"
"2064235697","1989037929","2.95115"
"1989037929","2097997754","0.195238"
"2097997754","1989037929","0.195238"
"1989037929","2099302229","7.75724"
"2099302229","1989037929","7.75724"
"1989037929","2133184712","8.90164"
"2133184712","1989037929","8.90164"
"2034370406","2064235697","1.1"
"2064235697","2034370406","1.1"
"2034370406","2097997754","0.6"
"2097997754","2034370406","0.6"
"2034370406","2099302229","0.907576"
"2099302229","2034370406","0.907576"
"2034370406","2133184712","0.440909"
"2133184712","2034370406","0.440909"
"2034528422","2064235697","0.457143"
"2064235697","2034528422","0.457143"
"2034528422","2097997754","1.12381"
"2097997754","2034528422","1.12381"
"2034528422","2099302229","4.88981"
"2099302229","2034528422","4.88981"
"2034528422","2133184712","24.9583"
"2133184712","2034528422","24.9583"
"2064235697","2097997754","0.52381"
"2097997754","2064235697","0.52381"
"2064235697","2098759488","1.38448"
"2098759488","2064235697","1.38448"
"2064235697","2099302229","0.27734"
"2099302229","2064235697","0.27734"
"2064235697","2104410989","2.40714"
"2104410989","2064235697","2.40714"
"2064235697","2133184712","0.857143"
"2133184712","2064235697","0.857143"
"2097997754","2098759488","2.59563"
"2098759488","2097997754","2.59563"
"2097997754","2099302229","1.06667"
"2099302229","2097997754","1.06667"
"2097997754","2104410989","0.490476"
"2104410989","2097997754","0.490476"
"2097997754","2133184712","0.566667"
"2133184712","2097997754","0.566667"
"2098759488","2099302229","51.586"
"2099302229","2098759488","51.586"
"2098759488","2133184712","15.9229"
"2133184712","2098759488","15.9229"
"2099302229","2104410989","1.29298"
"2104410989","2099302229","1.29298"
"2099302229","2133184712","13.4346"
"2133184712","2099302229","13.4346"
"2104410989","2133184712","0.507633"
"2133184712","2104410989","0.507633"
"118082494","161049316","0.04"
"161049316","118082494","0.04"
"118082494","1970013651","0.04"
"1970013651","118082494","0.04"
"118082494","2087544630","0.04"
"2087544630","118082494","0.04"
"1537039776","161049316","1.60358"
"161049316","1537039776","1.60358"
"1537039776","1970013651","0.624643"
"1970013651","1537039776","0.624643"
"1537039776","2087544630","0.922525"
"2087544630","1537039776","0.922525"
"1537039776","2123257880","0.607288"
"2123257880","1537039776","0.607288"
"1566349786","161049316","0.15343"
"161049316","1566349786","0.15343"
"1566349786","1970013651","0.121375"
"1970013651","1566349786","0.121375"
"1566349786","2087544630","1.19316"
"2087544630","1566349786","1.19316"
"1566349786","2123257880","1.10729"
"2123257880","1566349786","1.10729"
"161049316","1784044093","1.54073"
"1784044093","161049316","1.54073"
"161049316","1853995153","5.38413"
"1853995153","161049316","5.38413"
"161049316","1966406756","0.166316"
"1966406756","161049316","0.166316"
"161049316","1970013651","0.0663158"
"1970013651","161049316","0.0663158"
"161049316","1989037929","2.04787"
"1989037929","161049316","2.04787"
"161049316","2006761268","0.786763"
"2006761268","161049316","0.786763"
"161049316","2029438113","0.232982"
"2029438113","161049316","0.232982"
"161049316","2066796814","3.19514"
"2066796814","161049316","3.19514"
"161049316","2077720176","0.166316"
"2077720176","161049316","0.166316"
"161049316","2087544630","0.100799"
"2087544630","161049316","0.100799"
"161049316","2091921805","1.32728"
"2091921805","161049316","1.32728"
"161049316","2098759488","4.39524"
"2098759488","161049316","4.39524"
"161049316","2101005720","5.92287"
"2101005720","161049316","5.92287"
"161049316","2104410989","0.166316"
"2104410989","161049316","0.166316"
"161049316","2113049098","0.0663158"
"2113049098","161049316","0.0663158"
"161049316","2115366404","0.49"
"2115366404","161049316","0.49"
"161049316","2123257880","0.04"
"2123257880","161049316","0.04"
"161049316","2124192284","0.368947"
"2124192284","161049316","0.368947"
"161049316","2129330015","0.118947"
"2129330015","161049316","0.118947"
"161049316","2147768899","0.127114"
"2147768899","161049316","0.127114"
"161049316","2166064672","2.72407"
"2166064672","161049316","2.72407"
"161049316","2483430316","3.48676"
"2483430316","161049316","3.48676"
"1784044093","1970013651","0.264232"
"1970013651","1784044093","0.264232"
"1784044093","2087544630","1.54316"
"2087544630","1784044093","1.54316"
"1784044093","2123257880","0.107288"
"2123257880","1784044093","0.107288"
"1853995153","1970013651","2.03566"
"1970013651","1853995153","2.03566"
"1853995153","2087544630","5.07491"
"2087544630","1853995153","5.07491"
"1966406756","1970013651","0.381792"
"1970013651","1966406756","0.381792"
"1966406756","2087544630","0.0901253"
"2087544630","1966406756","0.0901253"
"1966406756","2123257880","0.0638095"
"2123257880","1966406756","0.0638095"
"1970013651","1989037929","4.94876"
"1989037929","1970013651","4.94876"
"1970013651","2006761268","0.389232"
"2006761268","1970013651","0.389232"
"1970013651","2029438113","1.57911"
"2029438113","1970013651","1.57911"
"1970013651","2066796814","2.94205"
"2066796814","1970013651","2.94205"
"1970013651","2077720176","2.05008"
"2077720176","1970013651","2.05008"
"1970013651","2087544630","0.121375"
"2087544630","1970013651","0.121375"
"1970013651","2091921805","7.44171"
"2091921805","1970013651","7.44171"
"1970013651","2098759488","4.9216"
"2098759488","1970013651","4.9216"
"1970013651","2101005720","0.597566"
"2101005720","1970013651","0.597566"
"1970013651","2104410989","0.0901253"
"2104410989","1970013651","0.0901253"
"1970013651","2113049098","0.0901253"
"2113049098","1970013651","0.0901253"
"1970013651","2115366404","0.54744"
"2115366404","1970013651","0.54744"
"1970013651","2123257880","0.0638095"
"2123257880","1970013651","0.0638095"
"1970013651","2124192284","0.121375"
"2124192284","1970013651","0.121375"
"1970013651","2129330015","1.27971"
"2129330015","1970013651","1.27971"
"1970013651","2147768899","0.162159"
"2147768899","1970013651","0.162159"
"1970013651","2166064672","0.590125"
"2166064672","1970013651","0.590125"
"1970013651","2483430316","0.0663158"
"2483430316","1970013651","0.0663158"
"1989037929","2087544630","2.27454"
"2087544630","1989037929","2.27454"
"1989037929","2123257880","2.33626"
"2123257880","1989037929","2.33626"
"2006761268","2087544630","0.389191"
"2087544630","2006761268","0.389191"
"2006761268","2123257880","0.0638095"
"2123257880","2006761268","0.0638095"
"2029438113","2087544630","0.573892"
"2087544630","2029438113","0.573892"
"2029438113","2123257880","0.786256"
"2123257880","2029438113","0.786256"
"2066796814","2087544630","2.80752"
"2087544630","2066796814","2.80752"
"2066796814","2123257880","1.91959"
"2123257880","2066796814","1.91959"
"2077720176","2087544630","1.85203"
"2087544630","2077720176","1.85203"
"2077720176","2123257880","1.46245"
"2123257880","2077720176","1.46245"
"2087544630","2091921805","2.14042"
"2091921805","2087544630","2.14042"
"2087544630","2098759488","1.69366"
