"1479826017","2038565708","0.5"
"2038565708","1479826017","0.5"
"1479826017","2085083199","0.5"
"2085083199","1479826017","0.5"
"2038565708","2085083199","1"
"2085083199","2038565708","1"
"1479826017","2027393881","0.333333"
"2027393881","1479826017","0.333333"
"1479826017","2108332272","0.333333"
"2108332272","1479826017","0.333333"
"1479826017","2761075141","0.333333"
"2761075141","1479826017","0.333333"
"2027393881","2108332272","2.10397"
"2108332272","2027393881","2.10397"
"2027393881","2761075141","0.583333"
"2761075141","2027393881","0.583333"
"2108332272","2761075141","1.08333"
"2761075141","2108332272","1.08333"
"1527051746","1983624708","0.309524"
"1983624708","1527051746","0.309524"
"1527051746","2029801487","0.142857"
"2029801487","1527051746","0.142857"
"1527051746","2038565708","0.142857"
"2038565708","1527051746","0.142857"
"1527051746","2040466357","0.142857"
"2040466357","1527051746","0.142857"
"1527051746","2086431959","1.64286"
"2086431959","1527051746","1.64286"
"1527051746","2094502467","0.142857"
"2094502467","1527051746","0.142857"
"1527051746","2115726190","0.392857"
"2115726190","1527051746","0.392857"
"1983624708","2029801487","1.78571"
"2029801487","1983624708","1.78571"
"1983624708","2038565708","0.477381"
"2038565708","1983624708","0.477381"
"1983624708","2040466357","1.47619"
"2040466357","1983624708","1.47619"
"1983624708","2086431959","1.12024"
"2086431959","1983624708","1.12024"
"1983624708","2094502467","0.209524"
"2094502467","1983624708","0.209524"
"1983624708","2115726190","2.28571"
"2115726190","1983624708","2.28571"
"2029801487","2038565708","2.48016"
"2038565708","2029801487","2.48016"
"2029801487","2040466357","0.142857"
"2040466357","2029801487","0.142857"
"2029801487","2086431959","6.15635"
"2086431959","2029801487","6.15635"
"2029801487","2094502467","1.57897"
"2094502467","2029801487","1.57897"
"2029801487","2115726190","4.38849"
"2115726190","2029801487","4.38849"
"2038565708","2040466357","0.142857"
"2040466357","2038565708","0.142857"
"2038565708","2086431959","4.76706"
"2086431959","2038565708","4.76706"
"2038565708","2094502467","3.19563"
"2094502467","2038565708","3.19563"
"2038565708","2115726190","3.49802"
"2115726190","2038565708","3.49802"
"2040466357","2086431959","0.142857"
"2086431959","2040466357","0.142857"
"2040466357","2094502467","0.142857"
"2094502467","2040466357","0.142857"
"2040466357","2115726190","0.142857"
"2115726190","2040466357","0.142857"
"2086431959","2094502467","2.5623"
"2094502467","2086431959","2.5623"
"2086431959","2115726190","3.62421"
"2115726190","2086431959","3.62421"
"2094502467","2115726190","1.07897"
"2115726190","2094502467","1.07897"
"1527051746","1588110365","1.75"
"1588110365","1527051746","1.75"
"1588110365","2086431959","3.39286"
"2086431959","1588110365","3.39286"
"1527051746","2043196319","1"
"2043196319","1527051746","1"
"1527051746","2069406445","1.16667"
"2069406445","1527051746","1.16667"
"2043196319","2069406445","1.39286"
"2069406445","2043196319","1.39286"
"1527051746","1967186050","0.416667"
"1967186050","1527051746","0.416667"
"1527051746","2007907335","0.166667"
"2007907335","1527051746","0.166667"
"1527051746","2085373553","1.16667"
"2085373553","1527051746","1.16667"
"1527051746","2130508343","0.166667"
"2130508343","1527051746","0.166667"
"1967186050","1983624708","1.08452"
"1983624708","1967186050","1.08452"
"1967186050","2007907335","0.309524"
"2007907335","1967186050","0.309524"
"1967186050","2069406445","1.67738"
"2069406445","1967186050","1.67738"
"1967186050","2085373553","0.525"
"2085373553","1967186050","0.525"
"1967186050","2130508343","1.42778"
"2130508343","1967186050","1.42778"
"1983624708","2007907335","0.309524"
"2007907335","1983624708","0.309524"
"1983624708","2069406445","0.519048"
"2069406445","1983624708","0.519048"
"1983624708","2085373553","0.525"
"2085373553","1983624708","0.525"
"1983624708","2130508343","0.4"
"2130508343","1983624708","0.4"
"2007907335","2069406445","0.97619"
"2069406445","2007907335","0.97619"
"2007907335","2085373553","2.16667"
"2085373553","2007907335","2.16667"
"2007907335","2130508343","1.14286"
"2130508343","2007907335","1.14286"
"2069406445","2085373553","0.233333"
"2085373553","2069406445","0.233333"
"2069406445","2130508343","1.68333"
"2130508343","2069406445","1.68333"
"2085373553","2130508343","1.4"
"2130508343","2085373553","1.4"
"1527051746","2072768981","0.25"
"2072768981","1527051746","0.25"
"1588110365","1967186050","1.75952"
"1967186050","1588110365","1.75952"
"1588110365","2072768981","0.75"
"2072768981","1588110365","0.75"
"1588110365","2115726190","0.892857"
"2115726190","1588110365","0.892857"
"1967186050","2072768981","1.02778"
"2072768981","1967186050","1.02778"
"1967186050","2115726190","6.55516"
"2115726190","1967186050","6.55516"
"2072768981","2115726190","1.78333"
"2115726190","2072768981","1.78333"
"1527051746","2567086669","2.5"
"2567086669","1527051746","2.5"
"1527051746","2116139218","0.5"
"2116139218","1527051746","0.5"
"2116139218","2567086669","1.5"
"2567086669","2116139218","1.5"
"1576604515","1980260088","4.77738"
"1980260088","1576604515","4.77738"
"1576604515","2038565708","6.25516"
"2038565708","1576604515","6.25516"
"1576604515","2043196319","0.67619"
"2043196319","1576604515","0.67619"
"1576604515","2068282352","0.4"
"2068282352","1576604515","0.4"
"1576604515","2086431959","3.17738"
"2086431959","1576604515","3.17738"
"1576604515","2115726190","2.23571"
"2115726190","1576604515","2.23571"
"1980260088","2038565708","3.47421"
"2038565708","1980260088","3.47421"
"1980260088","2043196319","3.15635"
"2043196319","1980260088","3.15635"
"1980260088","2068282352","3.77778"
"2068282352","1980260088","3.77778"
"1980260088","2086431959","9.68373"
"2086431959","1980260088","9.68373"
"1980260088","2115726190","4.73135"
"2115726190","1980260088","4.73135"
"2038565708","2043196319","3.87302"
"2043196319","2038565708","3.87302"
"2038565708","2068282352","1.34444"
"2068282352","2038565708","1.34444"
"2043196319","2068282352","2.36111"
"2068282352","2043196319","2.36111"
"2043196319","2086431959","5.82302"
"2086431959","2043196319","5.82302"
"2043196319","2115726190","3.07897"
"2115726190","2043196319","3.07897"
"2068282352","2086431959","1.01111"
"2086431959","2068282352","1.01111"
"2068282352","2115726190","1.81111"
"2115726190","2068282352","1.81111"
"1576604515","1967186050","5.12183"
"1967186050","1576604515","5.12183"
"1967186050","2038565708","7.29246"
"2038565708","1967186050","7.29246"
"1576604515","1588110365","0.60119"
"1588110365","1576604515","0.60119"
"1576604515","2029801487","1.29167"
"2029801487","1576604515","1.29167"
"1588110365","2029801487","1.15833"
"2029801487","1588110365","1.15833"
"1980260088","2029801487","5.18016"
"2029801487","1980260088","5.18016"
"1576604515","2092933988","1.22738"
"2092933988","1576604515","1.22738"
"1967186050","1980260088","3.44802"
"1980260088","1967186050","3.44802"
"1967186050","2092933988","3.09802"
"2092933988","1967186050","3.09802"
"1980260088","2092933988","2.60516"
"2092933988","1980260088","2.60516"
"2038565708","2092933988","1.67183"
"2092933988","2038565708","1.67183"
"1576604515","2094502467","0.733333"
"2094502467","1576604515","0.733333"
"1980260088","2094502467","2.23611"
"2094502467","1980260088","2.23611"
"1967186050","2043196319","2.29683"
"2043196319","1967186050","2.29683"
"1967186050","2086431959","5.54802"
"2086431959","1967186050","5.54802"
"2043196319","2092933988","1.92063"
"2092933988","2043196319","1.92063"
"2086431959","2092933988","3.95516"
"2092933988","2086431959","3.95516"
"2092933988","2115726190","2.06349"
"2115726190","2092933988","2.06349"
"1576604515","1981880290","0.177778"
"1981880290","1576604515","0.177778"
"1576604515","1983624708","0.0666667"
"1983624708","1576604515","0.0666667"
"1576604515","2021624113","0.0666667"
"2021624113","1576604515","0.0666667"
"1576604515","2027393881","0.177778"
"2027393881","1576604515","0.177778"
"1576604515","2058906820","0.177778"
"2058906820","1576604515","0.177778"
"1576604515","2069406445","0.191667"
"2069406445","1576604515","0.191667"
"1576604515","2085373553","0.0666667"
"2085373553","1576604515","0.0666667"
"1576604515","2108332272","0.177778"
"2108332272","1576604515","0.177778"
"1576604515","2130508343","0.177778"
"2130508343","1576604515","0.177778"
"1967186050","1981880290","0.344444"
"1981880290","1967186050","0.344444"
"1967186050","2021624113","0.691667"
"2021624113","1967186050","0.691667"
"1967186050","2027393881","0.520635"
"2027393881","1967186050","0.520635"
"1967186050","2058906820","0.770635"
"2058906820","1967186050","0.770635"
"1967186050","2068282352","0.511111"
"2068282352","1967186050","0.511111"
"1967186050","2094502467","8.11944"
"2094502467","1967186050","8.11944"
"1967186050","2108332272","2.1373"
"2108332272","1967186050","2.1373"
"1981880290","1983624708","0.4"
"1983624708","1981880290","0.4"
"1981880290","2021624113","0.0666667"
"2021624113","1981880290","0.0666667"
"1981880290","2027393881","0.177778"
"2027393881","1981880290","0.177778"
"1981880290","2038565708","0.320635"
"2038565708","1981880290","0.320635"
"1981880290","2058906820","0.177778"
"2058906820","1981880290","0.177778"
"1981880290","2068282352","0.316667"
"2068282352","1981880290","0.316667"
"1981880290","2069406445","1.31667"
"2069406445","1981880290","1.31667"
"1981880290","2085373553","0.233333"
"2085373553","1981880290","0.233333"
"1981880290","2086431959","0.209524"
"2086431959","1981880290","0.209524"
"1981880290","2092933988","0.0666667"
"2092933988","1981880290","0.0666667"
"1981880290","2094502467","0.233333"
"2094502467","1981880290","0.233333"
"1981880290","2108332272","0.177778"
"2108332272","1981880290","0.177778"
"1981880290","2130508343","0.320635"
"2130508343","1981880290","0.320635"
"1983624708","2021624113","0.209524"
"2021624113","1983624708","0.209524"
"1983624708","2027393881","0.0666667"
"2027393881","1983624708","0.0666667"
"1983624708","2058906820","0.233333"
"2058906820","1983624708","0.233333"
"1983624708","2068282352","1.73333"
"2068282352","1983624708","1.73333"
"1983624708","2092933988","5.06667"
"2092933988","1983624708","5.06667"
"1983624708","2108332272","0.233333"
"2108332272","1983624708","0.233333"
"2021624113","2027393881","0.0666667"
"2027393881","2021624113","0.0666667"
"2021624113","2038565708","1.35833"
"2038565708","2021624113","1.35833"
"2021624113","2058906820","0.0666667"
"2058906820","2021624113","0.0666667"
"2021624113","2068282352","1.06667"
"2068282352","2021624113","1.06667"
"2021624113","2069406445","0.37619"
"2069406445","2021624113","0.37619"
"2021624113","2085373553","0.0666667"
"2085373553","2021624113","0.0666667"
"2021624113","2086431959","0.50119"
"2086431959","2021624113","0.50119"
"2021624113","2092933988","2.4"
"2092933988","2021624113","2.4"
"2021624113","2094502467","0.691667"
"2094502467","2021624113","0.691667"
"2021624113","2108332272","0.0666667"
"2108332272","2021624113","0.0666667"
"2021624113","2130508343","0.733333"
"2130508343","2021624113","0.733333"
"2027393881","2038565708","2.37778"
"2038565708","2027393881","2.37778"
"2027393881","2058906820","0.520635"
"2058906820","2027393881","0.520635"
"2027393881","2068282352","0.0666667"
"2068282352","2027393881","0.0666667"
"2027393881","2069406445","0.542857"
"2069406445","2027393881","0.542857"
"2027393881","2085373553","0.0666667"
"2085373553","2027393881","0.0666667"
"2027393881","2086431959","0.0666667"
"2086431959","2027393881","0.0666667"
"2027393881","2092933988","0.209524"
"2092933988","2027393881","0.209524"
"2027393881","2094502467","0.0666667"
"2094502467","2027393881","0.0666667"
"2027393881","2130508343","0.177778"
"2130508343","2027393881","0.177778"
"2038565708","2058906820","2.96111"
"2058906820","2038565708","2.96111"
"2038565708","2069406445","1.08452"
"2069406445","2038565708","1.08452"
"2038565708","2085373553","2.025"
"2085373553","2038565708","2.025"
"2038565708","2108332272","3.96111"
"2108332272","2038565708","3.96111"
"2038565708","2130508343","1.07063"
"2130508343","2038565708","1.07063"
"2058906820","2068282352","0.483333"
"2068282352","2058906820","0.483333"
"2058906820","2069406445","0.209524"
"2069406445","2058906820","0.209524"
"2058906820","2085373553","0.566667"
"2085373553","2058906820","0.566667"
"2058906820","2086431959","0.316667"
"2086431959","2058906820","0.316667"
"2058906820","2092933988","0.209524"
"2092933988","2058906820","0.209524"
"2058906820","2094502467","0.316667"
"2094502467","2058906820","0.316667"
"2058906820","2108332272","5.77064"
"2108332272","2058906820","5.77064"
"2058906820","2130508343","1.34444"
"2130508343","2058906820","1.34444"
"2068282352","2069406445","1.01667"
"2069406445","2068282352","1.01667"
"2068282352","2085373553","0.233333"
"2085373553","2068282352","0.233333"
"2068282352","2092933988","5.84444"
"2092933988","2068282352","5.84444"
"2068282352","2094502467","1.71111"
"2094502467","2068282352","1.71111"
"2068282352","2108332272","0.483333"
"2108332272","2068282352","0.483333"
"2068282352","2130508343","0.933333"
"2130508343","2068282352","0.933333"
"2069406445","2086431959","1.87738"
"2086431959","2069406445","1.87738"
"2069406445","2092933988","0.70119"
"2092933988","2069406445","0.70119"
"2069406445","2094502467","0.966667"
"2094502467","2069406445","0.966667"
"2069406445","2108332272","0.409524"
"2108332272","2069406445","0.409524"
"2085373553","2086431959","0.691667"
"2086431959","2085373553","0.691667"
"2085373553","2092933988","0.0666667"
"2092933988","2085373553","0.0666667"
"2085373553","2094502467","1.73333"
"2094502467","2085373553","1.73333"
"2085373553","2108332272","0.566667"
"2108332272","2085373553","0.566667"
"2086431959","2108332272","0.766667"
"2108332272","2086431959","0.766667"
"2086431959","2130508343","2.12619"
"2130508343","2086431959","2.12619"
"2092933988","2094502467","0.711111"
"2094502467","2092933988","0.711111"
"2092933988","2108332272","0.742857"
"2108332272","2092933988","0.742857"
"2092933988","2130508343","1.23333"
"2130508343","2092933988","1.23333"
"2094502467","2108332272","1.68333"
"2108332272","2094502467","1.68333"
"2094502467","2130508343","1.6"
"2130508343","2094502467","1.6"
"2108332272","2130508343","1.34444"
"2130508343","2108332272","1.34444"
"1588110365","1980260088","0.392857"
"1980260088","1588110365","0.392857"
"1588110365","2038565708","1.22619"
"2038565708","1588110365","1.22619"
"1588110365","2092933988","1.10119"
"2092933988","1588110365","1.10119"
"1588110365","2069406445","0.458333"
"2069406445","1588110365","0.458333"
"1967186050","2029801487","1.22778"
"2029801487","1967186050","1.22778"
"1980260088","2069406445","0.777381"
"2069406445","1980260088","0.777381"
"2029801487","2069406445","0.467857"
"2069406445","2029801487","0.467857"
"2029801487","2092933988","2.56944"
"2092933988","2029801487","2.56944"
"2029801487","2043196319","2.24564"
"2043196319","2029801487","2.24564"
"2029801487","2068282352","1.94444"
"2068282352","2029801487","1.94444"
"1576604515","2006826852","0.111111"
"2006826852","1576604515","0.111111"
"1576604515","2072768981","0.111111"
"2072768981","1576604515","0.111111"
"1967186050","2006826852","0.753968"
"2006826852","1967186050","0.753968"
"1981880290","2006826852","0.111111"
"2006826852","1981880290","0.111111"
"1981880290","2072768981","0.611111"
"2072768981","1981880290","0.611111"
"2006826852","2027393881","0.253968"
"2027393881","2006826852","0.253968"
"2006826852","2038565708","0.611111"
"2038565708","2006826852","0.611111"
"2006826852","2058906820","0.253968"
"2058906820","2006826852","0.253968"
"2006826852","2072768981","0.111111"
"2072768981","2006826852","0.111111"
"2006826852","2108332272","1.25397"
"2108332272","2006826852","1.25397"
"2006826852","2130508343","0.111111"
"2130508343","2006826852","0.111111"
"2027393881","2072768981","0.111111"
"2072768981","2027393881","0.111111"
"2038565708","2072768981","0.861111"
"2072768981","2038565708","0.861111"
"2058906820","2072768981","0.111111"
"2072768981","2058906820","0.111111"
"2072768981","2108332272","0.111111"
"2108332272","2072768981","0.111111"
"2072768981","2130508343","3.22778"
"2130508343","2072768981","3.22778"
"1588110365","1985026633","0.533333"
"1985026633","1588110365","0.533333"
"1588110365","2027393881","0.333333"
"2027393881","1588110365","0.333333"
"1985026633","2027393881","0.333333"
"2027393881","1985026633","0.333333"
"1985026633","2069406445","0.333333"
"2069406445","1985026633","0.333333"
"1588110365","1983624708","0.625"
"1983624708","1588110365","0.625"
"1588110365","2043196319","0.325"
"2043196319","1588110365","0.325"
"1588110365","2044050772","0.375"
"2044050772","1588110365","0.375"
"1588110365","2085373553","0.625"
"2085373553","1588110365","0.625"
"1967186050","2044050772","0.625"
"2044050772","1967186050","0.625"
"1980260088","1983624708","0.910714"
"1983624708","1980260088","0.910714"
"1980260088","2044050772","0.791667"
"2044050772","1980260088","0.791667"
"1980260088","2085373553","0.291667"
"2085373553","1980260088","0.291667"
"1983624708","2043196319","2.10119"
"2043196319","1983624708","2.10119"
"1983624708","2044050772","0.708333"
"2044050772","1983624708","0.708333"
"2038565708","2044050772","0.541667"
"2044050772","2038565708","0.541667"
"2043196319","2044050772","2.625"
"2044050772","2043196319","2.625"
"2043196319","2085373553","1.125"
"2085373553","2043196319","1.125"
"2044050772","2085373553","0.291667"
"2085373553","2044050772","0.291667"
"2044050772","2086431959","1.54167"
"2086431959","2044050772","1.54167"
"1588110365","2094502467","0.533333"
"2094502467","1588110365","0.533333"
"2044050772","2092933988","0.583333"
"2092933988","2044050772","0.583333"
"1967186050","1985026633","0.783333"
"1985026633","1967186050","0.783333"
"1985026633","2029801487","0.2"
"2029801487","1985026633","0.2"
"1985026633","2043196319","1.45"
"2043196319","1985026633","1.45"
"1985026633","2094502467","0.533333"
"2094502467","1985026633","0.533333"
"2043196319","2094502467","0.936111"
"2094502467","2043196319","0.936111"
"1588110365","2116139218","0.333333"
"2116139218","1588110365","0.333333"
"1967186050","2116139218","0.583333"
"2116139218","1967186050","0.583333"
"2086431959","2116139218","0.333333"
"2116139218","2086431959","0.333333"
"1588110365","2567086669","0.5"
"2567086669","1588110365","0.5"
"2072768981","2567086669","3.5"
"2567086669","2072768981","3.5"
"1588110365","2074215267","0.333333"
"2074215267","1588110365","0.333333"
"1967186050","2074215267","0.5"
"2074215267","1967186050","0.5"
"2074215267","2092933988","1"
"2092933988","2074215267","1"
"1595152431","1967186050","0.2"
"1967186050","1595152431","0.2"
"1595152431","2027393881","0.2"
"2027393881","1595152431","0.2"
"1595152431","2038565708","0.2"
"2038565708","1595152431","0.2"
"1595152431","2058906820","0.2"
"2058906820","1595152431","0.2"
"1595152431","2108332272","0.2"
"2108332272","1595152431","0.2"
"1985026633","2108332272","0.333333"
"2108332272","1985026633","0.333333"
"1967186050","2584051584","1.33333"
"2584051584","1967186050","1.33333"
"2094502467","2584051584","1"
"2584051584","2094502467","1"
"2021624113","2043196319","0.291667"
"2043196319","2021624113","0.291667"
"2021624113","2044050772","0.333333"
"2044050772","2021624113","0.333333"
"2044050772","2094502467","0.166667"
"2094502467","2044050772","0.166667"
"2068282352","2584051584","0.333333"
"2584051584","2068282352","0.333333"
"2092933988","2584051584","0.333333"
"2584051584","2092933988","0.333333"
"1980260088","2007907335","0.452381"
"2007907335","1980260088","0.452381"
"2007907335","2038565708","0.785714"
"2038565708","2007907335","0.785714"
"2007907335","2043196319","0.619048"
"2043196319","2007907335","0.619048"
"2007907335","2086431959","1.11905"
"2086431959","2007907335","1.11905"
"2108332272","2115726190","0.25"
"2115726190","2108332272","0.25"
"1980260088","2021624113","0.934524"
"2021624113","1980260088","0.934524"
"2021624113","2029801487","1.60119"
"2029801487","2021624113","1.60119"
"2021624113","2115726190","1.26786"
"2115726190","2021624113","1.26786"
"2038565708","2116139218","0.25"
"2116139218","2038565708","0.25"
"2094502467","2116139218","0.25"
"2116139218","2094502467","0.25"
"2115726190","2116139218","0.25"
"2116139218","2115726190","0.25"
"1985026633","2038565708","0.25"
"2038565708","1985026633","0.25"
"1985026633","2130508343","0.25"
"2130508343","1985026633","0.25"
"2043196319","2130508343","0.72619"
"2130508343","2043196319","0.72619"
"1967186050","2567086669","0.309524"
"2567086669","1967186050","0.309524"
"1980260088","1981880290","0.642857"
"1981880290","1980260088","0.642857"
"1980260088","2074215267","0.509524"
"2074215267","1980260088","0.509524"
"1980260088","2567086669","0.166667"
"2567086669","1980260088","0.166667"
"1981880290","2074215267","0.416667"
"2074215267","1981880290","0.416667"
"1981880290","2567086669","0.166667"
"2567086669","1981880290","0.166667"
"2074215267","2085373553","1.16667"
"2085373553","2074215267","1.16667"
"2074215267","2094502467","0.166667"
"2094502467","2074215267","0.166667"
"2074215267","2567086669","0.166667"
"2567086669","2074215267","0.166667"
"2085373553","2567086669","0.166667"
"2567086669","2085373553","0.166667"
"2094502467","2567086669","0.166667"
"2567086669","2094502467","0.166667"
"2006826852","2069406445","0.142857"
"2069406445","2006826852","0.142857"
"2006826852","2092933988","0.142857"
"2092933988","2006826852","0.142857"
"2006826852","2567086669","0.142857"
"2567086669","2006826852","0.142857"
"2027393881","2567086669","0.392857"
"2567086669","2027393881","0.392857"
"2058906820","2567086669","1.39286"
"2567086669","2058906820","1.39286"
"2069406445","2567086669","0.142857"
"2567086669","2069406445","0.142857"
"2092933988","2567086669","0.142857"
"2567086669","2092933988","0.142857"
"2108332272","2567086669","2.14286"
"2567086669","2108332272","2.14286"
"2115726190","2130508343","0.783333"
"2130508343","2115726190","0.783333"
"2044050772","2069406445","0.75"
"2069406445","2044050772","0.75"
"2044050772","2072768981","0.583333"
"2072768981","2044050772","0.583333"
"2069406445","2072768981","1.28333"
"2072768981","2069406445","1.28333"
"1981880290","2029801487","0.97619"
"2029801487","1981880290","0.97619"
"2029801487","2074215267","1.34286"
"2074215267","2029801487","1.34286"
"2069406445","2074215267","0.592857"
"2074215267","2069406445","0.592857"
"2069406445","2115726190","0.542857"
"2115726190","2069406445","0.542857"
"2074215267","2086431959","0.342857"
"2086431959","2074215267","0.342857"
"2074215267","2115726190","0.342857"
"2115726190","2074215267","0.342857"
"2044050772","2115726190","0.5"
"2115726190","2044050772","0.5"
"1980260088","2130508343","0.392857"
"2130508343","1980260088","0.392857"
"1980260088","2252433314","0.166667"
"2252433314","1980260088","0.166667"
"2007907335","2021624113","0.166667"
"2021624113","2007907335","0.166667"
"2007907335","2044050772","0.166667"
"2044050772","2007907335","0.166667"
"2007907335","2092933988","0.166667"
"2092933988","2007907335","0.166667"
"2007907335","2252433314","0.166667"
"2252433314","2007907335","0.166667"
"2021624113","2252433314","0.166667"
"2252433314","2021624113","0.166667"
"2044050772","2252433314","0.166667"
"2252433314","2044050772","0.166667"
"2069406445","2252433314","1.66667"
"2252433314","2069406445","1.66667"
"2092933988","2252433314","0.166667"
"2252433314","2092933988","0.166667"
"1983624708","2074215267","0.142857"
"2074215267","1983624708","0.142857"
"2021624113","2074215267","0.809524"
"2074215267","2021624113","0.809524"
"1980260088","2072768981","1.5"
"2072768981","1980260088","1.5"
"2072768981","2086431959","1.16667"
"2086431959","2072768981","1.16667"
"1981880290","2007907335","0.142857"
"2007907335","1981880290","0.142857"
"1981880290","2043196319","0.392857"
"2043196319","1981880290","0.392857"
"2007907335","2029801487","0.142857"
"2029801487","2007907335","0.142857"
"2029801487","2130508343","0.142857"
"2130508343","2029801487","0.142857"
"2029801487","2044050772","0.166667"
"2044050772","2029801487","0.166667"
"2044050772","2068282352","0.583333"
"2068282352","2044050772","0.583333"
"2029801487","2072768981","0.833333"
"2072768981","2029801487","0.833333"
"2043196319","2074215267","0.25"
"2074215267","2043196319","0.25"
"2068282352","2074215267","0.25"
"2074215267","2068282352","0.25"
"2044050772","2058906820","0.416667"
"2058906820","2044050772","0.416667"
"2044050772","2108332272","0.416667"
"2108332272","2044050772","0.416667"
"2044050772","2130508343","0.416667"
"2130508343","2044050772","0.416667"
"2040466357","2043196319","0.333333"
"2043196319","2040466357","0.333333"
"2040466357","2068282352","0.333333"
"2068282352","2040466357","0.333333"
"2074215267","2130508343","0.666667"
"2130508343","2074215267","0.666667"
"2027393881","2085083199","0.25"
"2085083199","2027393881","0.25"
"2085083199","2108332272","0.25"
"2108332272","2085083199","0.25"
"2085083199","2567086669","0.25"
"2567086669","2085083199","0.25"
"2085083199","2761075141","1.58333"
"2761075141","2085083199","1.58333"
"2567086669","2761075141","6.75"
"2761075141","2567086669","6.75"
"2029801487","2085373553","1"
"2085373553","2029801487","1"
"2029801487","2108332272","1"
"2108332272","2029801487","1"
"2029801487","2058906820","1.5"
"2058906820","2029801487","1.5"
"2029801487","2318578182","2"
"2318578182","2029801487","2"
"2029801487","2761075141","0.333333"
"2761075141","2029801487","0.333333"
"2072768981","2761075141","0.666667"
"2761075141","2072768981","0.666667"
"2086431959","2761075141","0.333333"
"2761075141","2086431959","0.333333"
"2085083199","2094502467","0.5"
"2094502467","2085083199","0.5"
"2038565708","2567086669","1"
"2567086669","2038565708","1"
"2043196319","2072768981","0.5"
"2072768981","2043196319","0.5"
"2040466357","2072768981","1"
"2072768981","2040466357","1"
"2043196319","2252433314","0.5"
"2252433314","2043196319","0.5"
"2115726190","2252433314","0.5"
"2252433314","2115726190","0.5"
"2044050772","2567086669","0.25"
"2567086669","2044050772","0.25"
"2068282352","2567086669","0.25"
"2567086669","2068282352","0.25"
"2068282352","2072768981","0.533333"
"2072768981","2068282352","0.533333"
"2072768981","2094502467","1.03333"
"2094502467","2072768981","1.03333"
"2068282352","2085083199","0.333333"
"2085083199","2068282352","0.333333"
"2068282352","2761075141","0.333333"
"2761075141","2068282352","0.333333"
"2072768981","2085083199","0.333333"
"2085083199","2072768981","0.333333"
"2069406445","2116139218","0.5"
"2116139218","2069406445","0.5"
"2116139218","2252433314","0.5"
"2252433314","2116139218","0.5"
"2072768981","2085373553","2"
"2085373553","2072768981","2"
"2085373553","2116139218","1"
"2116139218","2085373553","1"
"2130508343","2252433314","0.5"
"2252433314","2130508343","0.5"
"2130508343","2567086669","1.5"
"2567086669","2130508343","1.5"
"2252433314","2567086669","1.5"
"2567086669","2252433314","1.5"
