"1483301080","1978394996","2.5873"
"1978394996","1483301080","2.5873"
"1483301080","2087710618","41.6667"
"2087710618","1483301080","41.6667"
"1978394996","2087710618","2.5"
"2087710618","1978394996","2.5"
"1483301080","2000672666","3.75397"
"2000672666","1483301080","3.75397"
"2000672666","2087710618","2.33333"
"2087710618","2000672666","2.33333"
"1483301080","2165612380","4.77778"
"2165612380","1483301080","4.77778"
"2087710618","2165612380","4"
"2165612380","2087710618","4"
"1483301080","2046983134","2.61111"
"2046983134","1483301080","2.61111"
"1483301080","2024968650","1.25397"
"2024968650","1483301080","1.25397"
"1978394996","2165612380","699.394"
"2165612380","1978394996","699.394"
"1483301080","2058089741","1"
"2058089741","1483301080","1"
"2000672666","2058089741","5.75"
"2058089741","2000672666","5.75"
"1483301080","2055452728","1"
"2055452728","1483301080","1"
"2055452728","2087710618","1"
"2087710618","2055452728","1"
"1483301080","2140935427","0.611111"
"2140935427","1483301080","0.611111"
"1978394996","2140935427","1.36111"
"2140935427","1978394996","1.36111"
"1483301080","1980880163","2"
"1980880163","1483301080","2"
"1483301080","1886681306","0.5"
"1886681306","1483301080","0.5"
"1483301080","2068632118","2.11111"
"2068632118","1483301080","2.11111"
"1886681306","2068632118","1.75"
"2068632118","1886681306","1.75"
"1483301080","1555286071","0.5"
"1555286071","1483301080","0.5"
"1555286071","2068632118","6.95"
"2068632118","1555286071","6.95"
"1483301080","1525341925","0.47619"
"1525341925","1483301080","0.47619"
"1525341925","2087710618","0.333333"
"2087710618","1525341925","0.333333"
"1525341925","2165612380","24.7833"
"2165612380","1525341925","24.7833"
"1483301080","2049577316","0.5"
"2049577316","1483301080","0.5"
"2049577316","2087710618","0.833333"
"2087710618","2049577316","0.833333"
"1483301080","1530211485","0.142857"
"1530211485","1483301080","0.142857"
"1483301080","1991695254","0.142857"
"1991695254","1483301080","0.142857"
"1483301080","2031611191","0.253968"
"2031611191","1483301080","0.253968"
"1525341925","1530211485","2.05952"
"1530211485","1525341925","2.05952"
"1525341925","1978394996","37.4595"
"1978394996","1525341925","37.4595"
"1525341925","1991695254","0.142857"
"1991695254","1525341925","0.142857"
"1525341925","2000672666","77.9929"
"2000672666","1525341925","77.9929"
"1525341925","2024968650","0.142857"
"2024968650","1525341925","0.142857"
"1525341925","2031611191","0.142857"
"2031611191","1525341925","0.142857"
"1530211485","1978394996","3.22619"
"1978394996","1530211485","3.22619"
"1530211485","1991695254","0.142857"
"1991695254","1530211485","0.142857"
"1530211485","2000672666","6.00952"
"2000672666","1530211485","6.00952"
"1530211485","2024968650","0.142857"
"2024968650","1530211485","0.142857"
"1530211485","2031611191","0.142857"
"2031611191","1530211485","0.142857"
"1978394996","1991695254","4.64286"
"1991695254","1978394996","4.64286"
"1978394996","2000672666","136.321"
"2000672666","1978394996","136.321"
"1978394996","2024968650","2.0873"
"2024968650","1978394996","2.0873"
"1978394996","2031611191","0.503968"
"2031611191","1978394996","0.503968"
"1991695254","2000672666","0.642857"
"2000672666","1991695254","0.642857"
"1991695254","2024968650","0.142857"
"2024968650","1991695254","0.142857"
"1991695254","2031611191","0.142857"
"2031611191","1991695254","0.142857"
"2000672666","2024968650","1.25397"
"2024968650","2000672666","1.25397"
"2000672666","2031611191","0.253968"
"2031611191","2000672666","0.253968"
"2024968650","2031611191","0.253968"
"2031611191","2024968650","0.253968"
"1483301080","1988711048","1"
"1988711048","1483301080","1"
"1483301080","1525068132","1"
"1525068132","1483301080","1"
"1483301080","1966332265","0.111111"
"1966332265","1483301080","0.111111"
"1966332265","1978394996","0.111111"
"1978394996","1966332265","0.111111"
"1966332265","2000672666","0.111111"
"2000672666","1966332265","0.111111"
"1966332265","2024968650","0.111111"
"2024968650","1966332265","0.111111"
"1966332265","2031611191","0.111111"
"2031611191","1966332265","0.111111"
"1966332265","2046983134","0.111111"
"2046983134","1966332265","0.111111"
"1966332265","2068632118","1.94444"
"2068632118","1966332265","1.94444"
"1966332265","2140935427","0.111111"
"2140935427","1966332265","0.111111"
"1966332265","2165612380","0.111111"
"2165612380","1966332265","0.111111"
"1978394996","2046983134","24.6444"
"2046983134","1978394996","24.6444"
"1978394996","2068632118","98.5111"
"2068632118","1978394996","98.5111"
"2000672666","2046983134","9.27778"
"2046983134","2000672666","9.27778"
"2000672666","2068632118","27.4778"
"2068632118","2000672666","27.4778"
"2000672666","2140935427","2.11111"
"2140935427","2000672666","2.11111"
"2000672666","2165612380","89.8444"
"2165612380","2000672666","89.8444"
"2024968650","2046983134","1.61111"
"2046983134","2024968650","1.61111"
"2024968650","2068632118","0.611111"
"2068632118","2024968650","0.611111"
"2024968650","2140935427","0.111111"
"2140935427","2024968650","0.111111"
"2024968650","2165612380","0.444444"
"2165612380","2024968650","0.444444"
"2031611191","2046983134","0.111111"
"2046983134","2031611191","0.111111"
"2031611191","2068632118","5.86111"
"2068632118","2031611191","5.86111"
"2031611191","2140935427","0.111111"
"2140935427","2031611191","0.111111"
"2031611191","2165612380","0.361111"
"2165612380","2031611191","0.361111"
"2046983134","2068632118","5.22778"
"2068632118","2046983134","5.22778"
"2046983134","2140935427","0.111111"
"2140935427","2046983134","0.111111"
"2046983134","2165612380","19.1111"
"2165612380","2046983134","19.1111"
"2068632118","2140935427","2.86111"
"2140935427","2068632118","2.86111"
"2068632118","2165612380","83.4278"
"2165612380","2068632118","83.4278"
"2140935427","2165612380","0.111111"
"2165612380","2140935427","0.111111"
"2046983134","2087710618","0.833333"
"2087710618","2046983134","0.833333"
"148514047","2068632118","1"
"2068632118","148514047","1"
"1515778651","1978394996","23.75"
"1978394996","1515778651","23.75"
"1515778651","1970945111","3.15"
"1970945111","1515778651","3.15"
"1515778651","2000672666","5.81667"
"2000672666","1515778651","5.81667"
"1970945111","1978394996","21.6167"
"1978394996","1970945111","21.6167"
"1970945111","2000672666","54.1833"
"2000672666","1970945111","54.1833"
"1515778651","1530211485","3.78333"
"1530211485","1515778651","3.78333"
"1515778651","2046983134","2.58333"
"2046983134","1515778651","2.58333"
"1515778651","2054409659","1.25"
"2054409659","1515778651","1.25"
"1515778651","2165612380","6.03333"
"2165612380","1515778651","6.03333"
"1530211485","2046983134","3.25"
"2046983134","1530211485","3.25"
"1530211485","2054409659","0.25"
"2054409659","1530211485","0.25"
"1530211485","2165612380","2.03333"
"2165612380","1530211485","2.03333"
"2046983134","2054409659","0.25"
"2054409659","2046983134","0.25"
"2054409659","2165612380","5.15"
"2165612380","2054409659","5.15"
"1515778651","1525341925","2.7"
"1525341925","1515778651","2.7"
"1515778651","2052989395","2"
"2052989395","1515778651","2"
"1515778651","1988711048","0.333333"
"1988711048","1515778651","0.333333"
"1515778651","2088004917","1.9"
"2088004917","1515778651","1.9"
"1978394996","1988711048","43.0667"
"1988711048","1978394996","43.0667"
"1978394996","2088004917","7.75"
"2088004917","1978394996","7.75"
"1988711048","2088004917","1.83333"
"2088004917","1988711048","1.83333"
"1515778651","2100280293","1"
"2100280293","1515778651","1"
"1530211485","2088004917","15.7"
"2088004917","1530211485","15.7"
"2000672666","2088004917","1.98333"
"2088004917","2000672666","1.98333"
"1515778651","1554385128","1.33333"
"1554385128","1515778651","1.33333"
"1525341925","1554385128","13.4167"
"1554385128","1525341925","13.4167"
"1530211485","1554385128","1.83333"
"1554385128","1530211485","1.83333"
"1515778651","2068632118","2"
"2068632118","1515778651","2"
"1515778651","1886681306","0.7"
"1886681306","1515778651","0.7"
"1530211485","1886681306","0.5"
"1886681306","1530211485","0.5"
"1970945111","2165612380","14.7"
"2165612380","1970945111","14.7"
"1525341925","1886681306","0.783333"
"1886681306","1525341925","0.783333"
"1525341925","1970945111","17.15"
"1970945111","1525341925","17.15"
"1525341925","2088004917","0.7"
"2088004917","1525341925","0.7"
"1886681306","1970945111","0.2"
"1970945111","1886681306","0.2"
"1886681306","2000672666","1.53333"
"2000672666","1886681306","1.53333"
"1886681306","2088004917","0.2"
"2088004917","1886681306","0.2"
"1970945111","2088004917","1.9"
"2088004917","1970945111","1.9"
"1515778651","1555286071","0.333333"
"1555286071","1515778651","0.333333"
"1530211485","1555286071","0.333333"
"1555286071","1530211485","0.333333"
"1555286071","2088004917","0.333333"
"2088004917","1555286071","0.333333"
"1515778651","2058089741","0.833333"
"2058089741","1515778651","0.833333"
"1978394996","2058089741","46"
"2058089741","1978394996","46"
"2046983134","2058089741","3.33333"
"2058089741","2046983134","3.33333"
"1530211485","1970945111","1.2"
"1970945111","1530211485","1.2"
"2088004917","2165612380","0.866667"
"2165612380","2088004917","0.866667"
"1515778651","2055452728","0.5"
"2055452728","1515778651","0.5"
"2055452728","2165612380","15.5333"
"2165612380","2055452728","15.5333"
"1525068132","2156502285","3.33333"
"2156502285","1525068132","3.33333"
"1525068132","2049577316","1.5"
"2049577316","1525068132","1.5"
"1525068132","2028250954","1.25"
"2028250954","1525068132","1.25"
"1525068132","2054409659","10.5"
"2054409659","1525068132","10.5"
"1525068132","1886681306","2.5"
"1886681306","1525068132","2.5"
"1525068132","1965717632","0.333333"
"1965717632","1525068132","0.333333"
"1525068132","1998041663","0.333333"
"1998041663","1525068132","0.333333"
"1525068132","2056253973","0.333333"
"2056253973","1525068132","0.333333"
"1965717632","1998041663","0.533333"
"1998041663","1965717632","0.533333"
"1965717632","2056253973","0.866667"
"2056253973","1965717632","0.866667"
"1998041663","2056253973","0.333333"
"2056253973","1998041663","0.333333"
"1525068132","1978394996","4"
"1978394996","1525068132","4"
"1978394996","2054409659","3.66667"
"2054409659","1978394996","3.66667"
"1886681306","2049577316","1"
"2049577316","1886681306","1"
"1525068132","1555286071","1.25"
"1555286071","1525068132","1.25"
"1525068132","1982788526","0.25"
"1982788526","1525068132","0.25"
"1525068132","2058089741","3.75"
"2058089741","1525068132","3.75"
"1555286071","1982788526","1"
"1982788526","1555286071","1"
"1555286071","2028250954","0.95"
"2028250954","1555286071","0.95"
"1555286071","2058089741","5.75"
"2058089741","1555286071","5.75"
"1982788526","2028250954","0.25"
"2028250954","1982788526","0.25"
"1982788526","2058089741","2.25"
"2058089741","1982788526","2.25"
"2028250954","2058089741","2.41667"
"2058089741","2028250954","2.41667"
"1525068132","2022516005","0.333333"
"2022516005","1525068132","0.333333"
"1525068132","2040197465","1.33333"
"2040197465","1525068132","1.33333"
"2022516005","2040197465","0.333333"
"2040197465","2022516005","0.333333"
"2022516005","2156502285","1.97619"
"2156502285","2022516005","1.97619"
"2040197465","2156502285","0.333333"
"2156502285","2040197465","0.333333"
"1525068132","2052989395","0.5"
"2052989395","1525068132","0.5"
"2052989395","2058089741","1.5"
"2058089741","2052989395","1.5"
"1525068132","2068632118","1.75"
"2068632118","1525068132","1.75"
"2054409659","2068632118","2.81667"
"2068632118","2054409659","2.81667"
"1525068132","1980880163","0.25"
"1980880163","1525068132","0.25"
"1525068132","2031611191","0.25"
"2031611191","1525068132","0.25"
"1525068132","2161215989","0.25"
"2161215989","1525068132","0.25"
"1980880163","2031611191","1.5"
"2031611191","1980880163","1.5"
"1980880163","2068632118","14.3833"
"2068632118","1980880163","14.3833"
"1980880163","2161215989","4.86667"
"2161215989","1980880163","4.86667"
"2031611191","2161215989","0.25"
"2161215989","2031611191","0.25"
"2068632118","2161215989","12.4"
"2161215989","2068632118","12.4"
"1525068132","2053713852","2"
"2053713852","1525068132","2"
"1525068132","2046983134","1"
"2046983134","1525068132","1"
"1525068132","2165612380","3"
"2165612380","1525068132","3"
"1525341925","1988711048","6.61667"
"1988711048","1525341925","6.61667"
"1530211485","1988711048","0.25"
"1988711048","1530211485","0.25"
"1988711048","2165612380","23.2833"
"2165612380","1988711048","23.2833"
"1525341925","1980880163","1.53333"
"1980880163","1525341925","1.53333"
"1886681306","1980880163","0.333333"
"1980880163","1886681306","0.333333"
"1980880163","2000672666","12.5333"
"2000672666","1980880163","12.5333"
"1525341925","1555286071","0.916667"
"1555286071","1525341925","0.916667"
"1525341925","2108521387","1.25"
"2108521387","1525341925","1.25"
"1554385128","1555286071","0.666667"
"1555286071","1554385128","0.666667"
"1554385128","2000672666","15.6667"
"2000672666","1554385128","15.6667"
"1554385128","2108521387","2.25"
"2108521387","1554385128","2.25"
"1555286071","2000672666","8.5"
"2000672666","1555286071","8.5"
"1555286071","2108521387","1.08333"
"2108521387","1555286071","1.08333"
"2000672666","2108521387","1.33333"
"2108521387","2000672666","1.33333"
"1554385128","1978394996","35.95"
"1978394996","1554385128","35.95"
"1525341925","2046983134","9.33333"
"2046983134","1525341925","9.33333"
"1525341925","2056253973","2.33333"
"2056253973","1525341925","2.33333"
"1978394996","2056253973","13.1667"
"2056253973","1978394996","13.1667"
"1525341925","2053713852","1"
"2053713852","1525341925","1"
"2000672666","2053713852","1.5"
"2053713852","2000672666","1.5"
"1525341925","1965717632","0.25"
"1965717632","1525341925","0.25"
"1554385128","1965717632","0.25"
"1965717632","1554385128","0.25"
"1554385128","2165612380","19.75"
"2165612380","1554385128","19.75"
"1965717632","1978394996","4.58333"
"1978394996","1965717632","4.58333"
"1965717632","2165612380","2.25"
"2165612380","1965717632","2.25"
"1525341925","2068632118","2.53333"
"2068632118","1525341925","2.53333"
"1525341925","2140935427","0.25"
"2140935427","1525341925","0.25"
"1978394996","2053713852","4.16667"
"2053713852","1978394996","4.16667"
"2053713852","2068632118","2.25"
"2068632118","2053713852","2.25"
"2053713852","2140935427","0.25"
"2140935427","2053713852","0.25"
"1554385128","1988711048","8.45"
"1988711048","1554385128","8.45"
"1554385128","2068632118","3.11667"
"2068632118","1554385128","3.11667"
"1555286071","1978394996","9.25"
"1978394996","1555286071","9.25"
"1555286071","1988711048","1.33333"
"1988711048","1555286071","1.33333"
"1555286071","2165612380","2.91667"
"2165612380","1555286071","2.91667"
"1988711048","2068632118","1.95"
"2068632118","1988711048","1.95"
"1525341925","2058089741","3.33333"
"2058089741","1525341925","3.33333"
"2056253973","2165612380","4.33333"
"2165612380","2056253973","4.33333"
"1525341925","2161215989","0.25"
"2161215989","1525341925","0.25"
"1554385128","2161215989","0.25"
"2161215989","1554385128","0.25"
"2000672666","2161215989","1.91667"
"2161215989","2000672666","1.91667"
"1554385128","1970945111","1.25"
"1970945111","1554385128","1.25"
"1970945111","1980880163","0.2"
"1980880163","1970945111","0.2"
"1970945111","2068632118","5.36667"
"2068632118","1970945111","5.36667"
"1978394996","1980880163","6.28333"
"1980880163","1978394996","6.28333"
"1525341925","2055452728","0.45"
"2055452728","1525341925","0.45"
"1978394996","2055452728","37.3667"
"2055452728","1978394996","37.3667"
"1988711048","2046983134","2.61667"
"2046983134","1988711048","2.61667"
"1988711048","2055452728","0.95"
"2055452728","1988711048","0.95"
"2046983134","2055452728","6.25"
"2055452728","2046983134","6.25"
"1554385128","2046983134","2.45"
"2046983134","1554385128","2.45"
"1525341925","2052989395","1.33333"
"2052989395","1525341925","1.33333"
"1554385128","1886681306","0.25"
"1886681306","1554385128","0.25"
"1886681306","1978394996","6.75"
"1978394996","1886681306","6.75"
"1886681306","1988711048","0.916667"
"1988711048","1886681306","0.916667"
"2046983134","2108521387","0.25"
"2108521387","2046983134","0.25"
"1555286071","1970945111","0.25"
"1970945111","1555286071","0.25"
"1978394996","2052989395","4.83333"
"2052989395","1978394996","4.83333"
"2000672666","2052989395","4.16667"
"2052989395","2000672666","4.16667"
"1988711048","2000672666","2.95"
"2000672666","1988711048","2.95"
"2000672666","2055452728","5.61667"
"2055452728","2000672666","5.61667"
"1554385128","2053713852","1.58333"
"2053713852","1554385128","1.58333"
"2053713852","2165612380","4.41667"
"2165612380","2053713852","4.41667"
"1525341925","2049577316","1"
"2049577316","1525341925","1"
"1525341925","2022516005","0.333333"
"2022516005","1525341925","0.333333"
"2000672666","2022516005","0.333333"
"2022516005","2000672666","0.333333"
"2022516005","2058089741","3.47619"
"2058089741","2022516005","3.47619"
"1528020350","2165612380","3.5"
"2165612380","1528020350","3.5"
"1528020350","1978394996","0.5"
"1978394996","1528020350","0.5"
"1528020350","2068632118","1"
"2068632118","1528020350","1"
"2046983134","2088004917","1.5"
"2088004917","2046983134","1.5"
"1530211485","2055452728","0.5"
"2055452728","1530211485","0.5"
"1530211485","2028250954","0.5"
"2028250954","1530211485","0.5"
"1554385128","2028250954","0.5"
"2028250954","1554385128","0.5"
"1530211485","2058089741","0.5"
"2058089741","1530211485","0.5"
"2058089741","2088004917","1.08333"
"2088004917","2058089741","1.08333"
"1530211485","2068632118","0.5"
"2068632118","1530211485","0.5"
"1554385128","2100280293","2.7"
"2100280293","1554385128","2.7"
"1978394996","2100280293","3.7"
"2100280293","1978394996","3.7"
"1988711048","2100280293","0.533333"
"2100280293","1988711048","0.533333"
"2046983134","2100280293","1.2"
"2100280293","2046983134","1.2"
"2068632118","2100280293","2.36667"
"2100280293","2068632118","2.36667"
"1554385128","2144533137","0.333333"
"2144533137","1554385128","0.333333"
"2053713852","2144533137","0.333333"
"2144533137","2053713852","0.333333"
"2144533137","2165612380","12.9167"
"2165612380","2144533137","12.9167"
"1554385128","2058089741","2.16667"
"2058089741","1554385128","2.16667"
"1554385128","2055452728","1.25"
"2055452728","1554385128","1.25"
"1554385128","2088004917","0.25"
"2088004917","1554385128","0.25"
"2055452728","2088004917","0.25"
"2088004917","2055452728","0.25"
"2058089741","2165612380","32.4"
"2165612380","2058089741","32.4"
"1988711048","2058089741","2.58333"
"2058089741","1988711048","2.58333"
"2100280293","2165612380","1.83333"
"2165612380","2100280293","1.83333"
"1554385128","2056253973","0.333333"
"2056253973","1554385128","0.333333"
"1555286071","1965717632","0.45"
"1965717632","1555286071","0.45"
"1555286071","2004846652","0.25"
"2004846652","1555286071","0.25"
"1555286071","2031611191","0.75"
"2031611191","1555286071","0.75"
"1965717632","2004846652","0.25"
"2004846652","1965717632","0.25"
"1965717632","2031611191","0.25"
"2031611191","1965717632","0.25"
"1965717632","2068632118","1.23333"
"2068632118","1965717632","1.23333"
"2004846652","2031611191","0.25"
"2031611191","2004846652","0.25"
"2004846652","2068632118","0.25"
"2068632118","2004846652","0.25"
"1555286071","1886681306","6.75"
"1886681306","1555286071","6.75"
"1886681306","2058089741","2.05952"
"2058089741","1886681306","2.05952"
"1555286071","2049577316","1.66667"
"2049577316","1555286071","1.66667"
"2058089741","2068632118","9.93333"
"2068632118","2058089741","9.93333"
"2068632118","2108521387","0.333333"
"2108521387","2068632118","0.333333"
"1555286071","2056253973","0.45"
"2056253973","1555286071","0.45"
"1555286071","2161215989","0.2"
"2161215989","1555286071","0.2"
"1965717632","2028250954","0.45"
"2028250954","1965717632","0.45"
"1965717632","2161215989","1.15"
"2161215989","1965717632","1.15"
"2028250954","2056253973","0.2"
"2056253973","2028250954","0.2"
"2028250954","2068632118","1.78333"
"2068632118","2028250954","1.78333"
"2028250954","2161215989","0.616667"
"2161215989","2028250954","0.616667"
"2056253973","2068632118","2.45"
"2068632118","2056253973","2.45"
"2056253973","2161215989","0.2"
"2161215989","2056253973","0.2"
"1886681306","2056253973","0.25"
"2056253973","1886681306","0.25"
"2056253973","2058089741","0.416667"
"2058089741","2056253973","0.416667"
"1982788526","2068632118","1.5"
"2068632118","1982788526","1.5"
"1555286071","1980880163","0.333333"
"1980880163","1555286071","0.333333"
"1978394996","2028250954","3"
"2028250954","1978394996","3"
"1980880163","2028250954","2.5"
"2028250954","1980880163","2.5"
"1555286071","1998041663","0.5"
"1998041663","1555286071","0.5"
"1978394996","1998041663","3.66667"
"1998041663","1978394996","3.66667"
"1555286071","1966332265","0.5"
"1966332265","1555286071","0.5"
"1978394996","1982788526","2.25"
"1982788526","1978394996","2.25"
"1978394996","2108521387","0.25"
"2108521387","1978394996","0.25"
"1982788526","2000672666","1.25"
"2000672666","1982788526","1.25"
"1982788526","2108521387","0.25"
"2108521387","1982788526","0.25"
"1555286071","2046983134","0.333333"
"2046983134","1555286071","0.333333"
"1555286071","2054409659","0.5"
"2054409659","1555286071","0.5"
"1555286071","2140935427","1"
"2140935427","1555286071","1"
"1978394996","2049577316","5.83333"
"2049577316","1978394996","5.83333"
"1988711048","2028250954","0.166667"
"2028250954","1988711048","0.166667"
"1988711048","2049577316","0.166667"
"2049577316","1988711048","0.166667"
"2000672666","2028250954","6.83333"
"2028250954","2000672666","6.83333"
"2000672666","2049577316","3.33333"
"2049577316","2000672666","3.33333"
"2028250954","2049577316","0.166667"
"2049577316","2028250954","0.166667"
"2028250954","2165612380","2.5"
"2165612380","2028250954","2.5"
"2049577316","2165612380","3.16667"
"2165612380","2049577316","3.16667"
"1555286071","2087710618","1"
"2087710618","1555286071","1"
"1886681306","2156502285","2.14286"
"2156502285","1886681306","2.14286"
"1886681306","2165612380","2.66667"
"2165612380","1886681306","2.66667"
"1886681306","2053713852","1"
"2053713852","1886681306","1"
"1886681306","2055452728","0.5"
"2055452728","1886681306","0.5"
"2053713852","2055452728","1.5"
"2055452728","2053713852","1.5"
"1886681306","1968826251","0.142857"
"1968826251","1886681306","0.142857"
"1886681306","1998041663","0.142857"
"1998041663","1886681306","0.142857"
"1886681306","2022516005","0.142857"
"2022516005","1886681306","0.142857"
"1886681306","2054409659","0.142857"
"2054409659","1886681306","0.142857"
"1886681306","2161215989","0.142857"
"2161215989","1886681306","0.142857"
"1968826251","1998041663","0.142857"
"1998041663","1968826251","0.142857"
"1968826251","2022516005","0.142857"
"2022516005","1968826251","0.142857"
"1968826251","2054409659","0.142857"
"2054409659","1968826251","0.142857"
"1968826251","2058089741","0.142857"
"2058089741","1968826251","0.142857"
"1968826251","2156502285","0.142857"
"2156502285","1968826251","0.142857"
"1968826251","2161215989","0.142857"
"2161215989","1968826251","0.142857"
"1998041663","2022516005","2.22619"
"2022516005","1998041663","2.22619"
"1998041663","2054409659","0.142857"
"2054409659","1998041663","0.142857"
"1998041663","2058089741","1.42619"
"2058089741","1998041663","1.42619"
"1998041663","2156502285","0.97619"
"2156502285","1998041663","0.97619"
"1998041663","2161215989","1.92619"
"2161215989","1998041663","1.92619"
"2022516005","2054409659","0.642857"
"2054409659","2022516005","0.642857"
"2022516005","2161215989","0.392857"
"2161215989","2022516005","0.392857"
"2054409659","2058089741","1.54286"
"2058089741","2054409659","1.54286"
"2054409659","2156502285","2.14286"
"2156502285","2054409659","2.14286"
"2054409659","2161215989","0.392857"
"2161215989","2054409659","0.392857"
"2058089741","2156502285","1.47619"
"2156502285","2058089741","1.47619"
"2058089741","2161215989","1.42619"
"2161215989","2058089741","1.42619"
"2156502285","2161215989","0.47619"
"2161215989","2156502285","0.47619"
"1933489967","2068632118","1"
"2068632118","1933489967","1"
"1933489967","1978394996","2"
"1978394996","1933489967","2"
"1965717632","1980880163","2.53333"
"1980880163","1965717632","2.53333"
"1965717632","2049577316","1"
"2049577316","1965717632","1"
"1965717632","2054409659","1.25"
"2054409659","1965717632","1.25"
"2028250954","2054409659","0.25"
"2054409659","2028250954","0.25"
"1965717632","2058089741","0.533333"
"2058089741","1965717632","0.533333"
"1980880163","1998041663","0.366667"
"1998041663","1980880163","0.366667"
"1980880163","2058089741","1.18333"
"2058089741","1980880163","1.18333"
"1998041663","2068632118","2.2"
"2068632118","1998041663","2.2"
"1965717632","1966332265","0.833333"
"1966332265","1965717632","0.833333"
"1966332265","2058089741","0.333333"
"2058089741","1966332265","0.333333"
"1980880163","2056253973","1.83333"
"2056253973","1980880163","1.83333"
"1966332265","1980880163","0.5"
"1980880163","1966332265","0.5"
"1970945111","2055452728","0.5"
"2055452728","1970945111","0.5"
"1970945111","2046983134","2"
"2046983134","1970945111","2"
"1970945111","2161215989","0.5"
"2161215989","1970945111","0.5"
"1970945111","2052989395","0.833333"
"2052989395","1970945111","0.833333"
"1970945111","2053713852","1"
"2053713852","1970945111","1"
"2052989395","2068632118","2.16667"
"2068632118","2052989395","2.16667"
"1970945111","2100280293","1"
"2100280293","1970945111","1"
"1970945111","2144533137","1"
"2144533137","1970945111","1"
"1972687514","1978394996","0.166667"
"1978394996","1972687514","0.166667"
"1972687514","2000672666","0.166667"
"2000672666","1972687514","0.166667"
"1972687514","2052989395","0.416667"
"2052989395","1972687514","0.416667"
"1972687514","2054409659","0.566667"
"2054409659","1972687514","0.566667"
"1972687514","2068632118","0.566667"
"2068632118","1972687514","0.566667"
"1972687514","2100280293","2.66667"
"2100280293","1972687514","2.66667"
"2000672666","2054409659","0.666667"
"2054409659","2000672666","0.666667"
"2000672666","2100280293","0.166667"
"2100280293","2000672666","0.166667"
"2052989395","2054409659","0.166667"
"2054409659","2052989395","0.166667"
"2052989395","2100280293","4.91667"
"2100280293","2052989395","4.91667"
"2054409659","2100280293","0.166667"
"2100280293","2054409659","0.166667"
"1972687514","1998041663","0.25"
"1998041663","1972687514","0.25"
"1972687514","2058089741","0.65"
"2058089741","1972687514","0.65"
"1972687514","2088004917","0.25"
"2088004917","1972687514","0.25"
"1998041663","2088004917","0.25"
"2088004917","1998041663","0.25"
"1998041663","2100280293","0.5"
"2100280293","1998041663","0.5"
"2058089741","2100280293","1.75"
"2100280293","2058089741","1.75"
"2088004917","2100280293","0.25"
"2100280293","2088004917","0.25"
"1972687514","2053713852","0.25"
"2053713852","1972687514","0.25"
"1972687514","2093941054","0.25"
"2093941054","1972687514","0.25"
"2052989395","2053713852","1.75"
"2053713852","2052989395","1.75"
"2052989395","2093941054","0.25"
"2093941054","2052989395","0.25"
"2053713852","2093941054","0.25"
"2093941054","2053713852","0.25"
"2053713852","2100280293","7"
"2100280293","2053713852","7"
"2093941054","2100280293","0.25"
"2100280293","2093941054","0.25"
"1972687514","1980880163","0.4"
"1980880163","1972687514","0.4"
"1972687514","2165612380","0.4"
"2165612380","1972687514","0.4"
"1980880163","2054409659","0.9"
"2054409659","1980880163","0.9"
"1980880163","2165612380","3.4"
"2165612380","1980880163","3.4"
"1972687514","2091996283","1"
"2091996283","1972687514","1"
"2055452728","2068632118","3.83333"
"2068632118","2055452728","3.83333"
"1978394996","2144533137","21.0833"
"2144533137","1978394996","21.0833"
"1980880163","2046983134","1.33333"
"2046983134","1980880163","1.33333"
"1978394996","2022516005","1.33333"
"2022516005","1978394996","1.33333"
"1998041663","2165612380","1.33333"
"2165612380","1998041663","1.33333"
"2022516005","2165612380","1.33333"
"2165612380","2022516005","1.33333"
"1978394996","2156502285","2.33333"
"2156502285","1978394996","2.33333"
"1978394996","2161215989","0.333333"
"2161215989","1978394996","0.333333"
"1998041663","2000672666","1.16667"
"2000672666","1998041663","1.16667"
"1998041663","2055452728","0.166667"
"2055452728","1998041663","0.166667"
"2000672666","2156502285","0.666667"
"2156502285","2000672666","0.666667"
"2055452728","2058089741","1.5"
"2058089741","2055452728","1.5"
"2055452728","2156502285","0.166667"
"2156502285","2055452728","0.166667"
"2055452728","2161215989","0.166667"
"2161215989","2055452728","0.166667"
"1978394996","2040197465","3.33333"
"2040197465","1978394996","3.33333"
"1978394996","1987027080","0.666667"
"1987027080","1978394996","0.666667"
"1987027080","2000672666","0.333333"
"2000672666","1987027080","0.333333"
"1987027080","2040197465","0.333333"
"2040197465","1987027080","0.333333"
"2000672666","2040197465","0.333333"
"2040197465","2000672666","0.333333"
"1991695254","2068632118","0.5"
"2068632118","1991695254","0.5"
"2049577316","2058089741","0.333333"
"2058089741","2049577316","0.333333"
"2024968650","2088004917","0.333333"
"2088004917","2024968650","0.333333"
"1987027080","2058089741","0.333333"
"2058089741","1987027080","0.333333"
"1987027080","2165612380","0.333333"
"2165612380","1987027080","0.333333"
"2068632118","2088004917","1.66667"
"2088004917","2068632118","1.66667"
"2000672666","2056253973","2.66667"
"2056253973","2000672666","2.66667"
"1980880163","2156502285","0.166667"
"2156502285","1980880163","0.166667"
"1998041663","2028250954","0.666667"
"2028250954","1998041663","0.666667"
"2028250954","2156502285","0.166667"
"2156502285","2028250954","0.166667"
"1978394996","2031838470","2"
"2031838470","1978394996","2"
"2000672666","2144533137","4.25"
"2144533137","2000672666","4.25"
"2068632118","2144533137","0.75"
"2144533137","2068632118","0.75"
"2058089741","2144533137","0.333333"
"2144533137","2058089741","0.333333"
"2031838470","2068632118","7.33333"
"2068632118","2031838470","7.33333"
"1980880163","2049577316","0.333333"
"2049577316","1980880163","0.333333"
"2049577316","2056253973","0.333333"
"2056253973","2049577316","0.333333"
"2049577316","2068632118","0.833333"
"2068632118","2049577316","0.833333"
"2161215989","2165612380","0.25"
"2165612380","2161215989","0.25"
"1980880163","2052989395","0.333333"
"2052989395","1980880163","0.333333"
"2031611191","2056253973","0.5"
"2056253973","2031611191","0.5"
"1980880163","2004846652","1"
"2004846652","1980880163","1"
"1987027080","2004846652","1"
"2004846652","1987027080","1"
"1988711048","2031838470","1"
"2031838470","1988711048","1"
"1991695254","2165612380","1"
"2165612380","1991695254","1"
"1991695254","2087710618","0.5"
"2087710618","1991695254","0.5"
"1998041663","2053713852","2.75"
"2053713852","1998041663","2.75"
"2028250954","2053713852","0.5"
"2053713852","2028250954","0.5"
"2022516005","2053713852","0.25"
"2053713852","2022516005","0.25"
"2022516005","2100280293","0.75"
"2100280293","2022516005","0.75"
"2053713852","2161215989","0.25"
"2161215989","2053713852","0.25"
"2100280293","2161215989","0.25"
"2161215989","2100280293","0.25"
"2028250954","2052989395","0.333333"
"2052989395","2028250954","0.333333"
"2052989395","2165612380","1.33333"
"2165612380","2052989395","1.33333"
"2068632118","2156502285","0.5"
"2156502285","2068632118","0.5"
"2024968650","2058089741","0.5"
"2058089741","2024968650","0.5"
"2028250954","2140935427","1"
"2140935427","2028250954","1"
"2031838470","2165612380","4"
"2165612380","2031838470","4"
"2031838470","2058089741","1"
"2058089741","2031838470","1"
"2031838470","2046983134","0.333333"
"2046983134","2031838470","0.333333"
"2031838470","2052989395","0.333333"
"2052989395","2031838470","0.333333"
"2046983134","2052989395","0.333333"
"2052989395","2046983134","0.333333"
"2040197465","2100280293","1"
"2100280293","2040197465","1"
"2040197465","2165612380","1"
"2165612380","2040197465","1"
"2046983134","2053713852","1"
"2053713852","2046983134","1"
"2052989395","2108521387","1"
"2108521387","2052989395","1"
"2052989395","2091996283","0.5"
"2091996283","2052989395","0.5"
"2091996283","2165612380","0.5"
"2165612380","2091996283","0.5"
"2053713852","2088004917","1"
"2088004917","2053713852","1"
"2053713852","2058089741","2"
"2058089741","2053713852","2"
"2156502285","2165612380","3.5"
"2165612380","2156502285","3.5"
"2054409659","2056253973","0.5"
"2056253973","2054409659","0.5"
"2056253973","2156502285","0.5"
"2156502285","2056253973","0.5"
"2058089741","2091996283","1"
"2091996283","2058089741","1"
"2058089741","2093941054","1"
"2093941054","2058089741","1"
