"1011630013","2140190241","25.9167"
"2140190241","1011630013","25.9167"
"1011630013","1556242451","0.166667"
"1556242451","1011630013","0.166667"
"1011630013","1676985236","0.166667"
"1676985236","1011630013","0.166667"
"1011630013","2115482638","0.416667"
"2115482638","1011630013","0.416667"
"1011630013","2122182354","0.166667"
"2122182354","1011630013","0.166667"
"1011630013","2147694185","0.166667"
"2147694185","1011630013","0.166667"
"1556242451","1676985236","19.3244"
"1676985236","1556242451","19.3244"
"1556242451","2115482638","2.45833"
"2115482638","1556242451","2.45833"
"1556242451","2122182354","12.6913"
"2122182354","1556242451","12.6913"
"1556242451","2140190241","5.30142"
"2140190241","1556242451","5.30142"
"1556242451","2147694185","8.72374"
"2147694185","1556242451","8.72374"
"1676985236","2115482638","8.41273"
"2115482638","1676985236","8.41273"
"1676985236","2122182354","78.9312"
"2122182354","1676985236","78.9312"
"1676985236","2140190241","22.6821"
"2140190241","1676985236","22.6821"
"1676985236","2147694185","85.2958"
"2147694185","1676985236","85.2958"
"2115482638","2122182354","7.66948"
"2122182354","2115482638","7.66948"
"2115482638","2140190241","129.109"
"2140190241","2115482638","129.109"
"2115482638","2147694185","25.7667"
"2147694185","2115482638","25.7667"
"2122182354","2140190241","18.6422"
"2140190241","2122182354","18.6422"
"2122182354","2147694185","47.6576"
"2147694185","2122182354","47.6576"
"2140190241","2147694185","42.5167"
"2147694185","2140190241","42.5167"
"1011630013","1498871448","0.25"
"1498871448","1011630013","0.25"
"1011630013","2044306058","0.25"
"2044306058","1011630013","0.25"
"1498871448","2044306058","1.375"
"2044306058","1498871448","1.375"
"1498871448","2115482638","26.1762"
"2115482638","1498871448","26.1762"
"1498871448","2140190241","15.5026"
"2140190241","1498871448","15.5026"
"2044306058","2115482638","3.60397"
"2115482638","2044306058","3.60397"
"2044306058","2140190241","6.45445"
"2140190241","2044306058","6.45445"
"1011630013","2586196357","2"
"2586196357","1011630013","2"
"1011630013","2186428165","1"
"2186428165","1011630013","1"
"1011630013","2112558645","0.5"
"2112558645","1011630013","0.5"
"2112558645","2140190241","14.036"
"2140190241","2112558645","14.036"
"1011630013","2975373043","1"
"2975373043","1011630013","1"
"103340358","2095054612","18.1337"
"2095054612","103340358","18.1337"
"103340358","2109480754","41.4421"
"2109480754","103340358","41.4421"
"103340358","2152755144","11.8633"
"2152755144","103340358","11.8633"
"2095054612","2109480754","33.1826"
"2109480754","2095054612","33.1826"
"2095054612","2152755144","2.77954"
"2152755144","2095054612","2.77954"
"2109480754","2152755144","4.55974"
"2152755144","2109480754","4.55974"
"103340358","1548361610","13.6894"
"1548361610","103340358","13.6894"
"103340358","1975563293","28.1814"
"1975563293","103340358","28.1814"
"103340358","2098711168","30.1144"
"2098711168","103340358","30.1144"
"103340358","2147620601","2.07778"
"2147620601","103340358","2.07778"
"103340358","2168175183","23.4655"
"2168175183","103340358","23.4655"
"1548361610","1975563293","3.75757"
"1975563293","1548361610","3.75757"
"1548361610","2098711168","3.961"
"2098711168","1548361610","3.961"
"1548361610","2109480754","2.88712"
"2109480754","1548361610","2.88712"
"1548361610","2147620601","0.366667"
"2147620601","1548361610","0.366667"
"1548361610","2168175183","10.3335"
"2168175183","1548361610","10.3335"
"1975563293","2098711168","5.79017"
"2098711168","1975563293","5.79017"
"1975563293","2109480754","12.4068"
"2109480754","1975563293","12.4068"
"1975563293","2147620601","0.166667"
"2147620601","1975563293","0.166667"
"1975563293","2168175183","7.76472"
"2168175183","1975563293","7.76472"
"2098711168","2109480754","5.95449"
"2109480754","2098711168","5.95449"
"2098711168","2147620601","0.25"
"2147620601","2098711168","0.25"
"2098711168","2168175183","5.93104"
"2168175183","2098711168","5.93104"
"2109480754","2147620601","0.166667"
"2147620601","2109480754","0.166667"
"2109480754","2168175183","7.48018"
"2168175183","2109480754","7.48018"
"2147620601","2168175183","1.95"
"2168175183","2147620601","1.95"
"103340358","1581604130","6.28971"
"1581604130","103340358","6.28971"
"103340358","178380685","0.7"
"178380685","103340358","0.7"
"178380685","2109480754","0.5"
"2109480754","178380685","0.5"
"103340358","2010187764","45.0118"
"2010187764","103340358","45.0118"
"103340358","2010921004","5.52407"
"2010921004","103340358","5.52407"
"103340358","2025158524","1.34091"
"2025158524","103340358","1.34091"
"103340358","2070700141","14.7931"
"2070700141","103340358","14.7931"
"103340358","2109341352","0.840909"
"2109341352","103340358","0.840909"
"103340358","2149288670","23.7421"
"2149288670","103340358","23.7421"
"103340358","2150284260","1.98773"
"2150284260","103340358","1.98773"
"103340358","2394638270","10.4888"
"2394638270","103340358","10.4888"
"2010187764","2010921004","0.735971"
"2010921004","2010187764","0.735971"
"2010187764","2025158524","0.0909091"
"2025158524","2010187764","0.0909091"
"2010187764","2070700141","18.4264"
"2070700141","2010187764","18.4264"
"2010187764","2098711168","4.60422"
"2098711168","2010187764","4.60422"
"2010187764","2109341352","0.0909091"
"2109341352","2010187764","0.0909091"
"2010187764","2109480754","3.03359"
"2109480754","2010187764","3.03359"
"2010187764","2149288670","2.95542"
"2149288670","2010187764","2.95542"
"2010187764","2150284260","2.20202"
"2150284260","2010187764","2.20202"
"2010187764","2152755144","2.36033"
"2152755144","2010187764","2.36033"
"2010187764","2394638270","0.700256"
"2394638270","2010187764","0.700256"
"2010921004","2025158524","0.0909091"
"2025158524","2010921004","0.0909091"
"2010921004","2070700141","0.422479"
"2070700141","2010921004","0.422479"
"2010921004","2098711168","2.33597"
"2098711168","2010921004","2.33597"
"2010921004","2109341352","0.0909091"
"2109341352","2010921004","0.0909091"
"2010921004","2109480754","2.21534"
"2109480754","2010921004","2.21534"
"2010921004","2149288670","2.24549"
"2149288670","2010921004","2.24549"
"2010921004","2150284260","0.0909091"
"2150284260","2010921004","0.0909091"
"2010921004","2152755144","0.796048"
"2152755144","2010921004","0.796048"
"2010921004","2394638270","0.315336"
"2394638270","2010921004","0.315336"
"2025158524","2070700141","0.0909091"
"2070700141","2025158524","0.0909091"
"2025158524","2098711168","0.0909091"
"2098711168","2025158524","0.0909091"
"2025158524","2109341352","0.340909"
"2109341352","2025158524","0.340909"
"2025158524","2109480754","0.340909"
"2109480754","2025158524","0.340909"
"2025158524","2149288670","0.340909"
"2149288670","2025158524","0.340909"
"2025158524","2150284260","0.0909091"
"2150284260","2025158524","0.0909091"
"2025158524","2152755144","0.590909"
"2152755144","2025158524","0.590909"
"2025158524","2394638270","0.0909091"
"2394638270","2025158524","0.0909091"
"2070700141","2098711168","3.17486"
"2098711168","2070700141","3.17486"
"2070700141","2109341352","0.0909091"
"2109341352","2070700141","0.0909091"
"2070700141","2109480754","1.83359"
"2109480754","2070700141","1.83359"
"2070700141","2149288670","2.65819"
"2149288670","2070700141","2.65819"
"2070700141","2150284260","1.20202"
"2150284260","2070700141","1.20202"
"2070700141","2152755144","0.849223"
"2152755144","2070700141","0.849223"
"2070700141","2394638270","0.73359"
"2394638270","2070700141","0.73359"
"2098711168","2109341352","0.0909091"
"2109341352","2098711168","0.0909091"
"2098711168","2149288670","10.0585"
"2149288670","2098711168","10.0585"
"2098711168","2150284260","0.876623"
"2150284260","2098711168","0.876623"
"2098711168","2152755144","6.61497"
"2152755144","2098711168","6.61497"
"2098711168","2394638270","1.82648"
"2394638270","2098711168","1.82648"
"2109341352","2109480754","1.84091"
"2109480754","2109341352","1.84091"
"2109341352","2149288670","0.507576"
"2149288670","2109341352","0.507576"
"2109341352","2150284260","0.0909091"
"2150284260","2109341352","0.0909091"
"2109341352","2152755144","0.257576"
"2152755144","2109341352","0.257576"
"2109341352","2394638270","0.590909"
"2394638270","2109341352","0.590909"
"2109480754","2149288670","9.80958"
"2149288670","2109480754","9.80958"
"2109480754","2150284260","0.20202"
"2150284260","2109480754","0.20202"
"2109480754","2394638270","10.559"
"2394638270","2109480754","10.559"
"2149288670","2150284260","0.0909091"
"2150284260","2149288670","0.0909091"
"2149288670","2152755144","15.0602"
"2152755144","2149288670","15.0602"
"2149288670","2394638270","2.11101"
"2394638270","2149288670","2.11101"
"2150284260","2152755144","0.0909091"
"2152755144","2150284260","0.0909091"
"2150284260","2394638270","0.20202"
"2394638270","2150284260","0.20202"
"2152755144","2394638270","1.50442"
"2394638270","2152755144","1.50442"
"103340358","2006323235","1.36786"
"2006323235","103340358","1.36786"
"103340358","2056756258","2.77132"
"2056756258","103340358","2.77132"
"2056756258","2149288670","2.03799"
"2149288670","2056756258","2.03799"
"2056756258","2152755144","0.621324"
"2152755144","2056756258","0.621324"
"103340358","2157339239","2.5066"
"2157339239","103340358","2.5066"
"103340358","2140190241","3.78019"
"2140190241","103340358","3.78019"
"103340358","2152407760","12.8897"
"2152407760","103340358","12.8897"
"2140190241","2152407760","13.1583"
"2152407760","2140190241","13.1583"
"103340358","141197097","4.06667"
"141197097","103340358","4.06667"
"103340358","2114414765","1.83452"
"2114414765","103340358","1.83452"
"103340358","2137370514","1.91371"
"2137370514","103340358","1.91371"
"103340358","2168849769","0.70377"
"2168849769","103340358","0.70377"
"141197097","2114414765","0.2"
"2114414765","141197097","0.2"
"141197097","2137370514","0.2"
"2137370514","141197097","0.2"
"141197097","2152407760","5.86667"
"2152407760","141197097","5.86667"
"141197097","2168849769","0.2"
"2168849769","141197097","0.2"
"2114414765","2137370514","1.28333"
"2137370514","2114414765","1.28333"
"2114414765","2152407760","0.384524"
"2152407760","2114414765","0.384524"
"2114414765","2168849769","0.2"
"2168849769","2114414765","0.2"
"2137370514","2152407760","0.2"
"2152407760","2137370514","0.2"
"2137370514","2168849769","14.4815"
"2168849769","2137370514","14.4815"
"2152407760","2168849769","0.2"
"2168849769","2152407760","0.2"
"103340358","2064784316","2"
"2064784316","103340358","2"
"1548361610","1581604130","2.81193"
"1581604130","1548361610","2.81193"
"1548361610","2010921004","1.0022"
"2010921004","1548361610","1.0022"
"1548361610","2149288670","13.5934"
"2149288670","1548361610","13.5934"
"1581604130","2010921004","0.627866"
"2010921004","1581604130","0.627866"
"1581604130","2098711168","3.66953"
"2098711168","1581604130","3.66953"
"1581604130","2149288670","1.85757"
"2149288670","1581604130","1.85757"
"1581604130","2168175183","2.12973"
"2168175183","1581604130","2.12973"
"2010921004","2168175183","1.4149"
"2168175183","2010921004","1.4149"
"2149288670","2168175183","51.2723"
"2168175183","2149288670","51.2723"
"103340358","2099813268","2.1487"
"2099813268","103340358","2.1487"
"103340358","2159732209","8.45952"
"2159732209","103340358","8.45952"
"2099813268","2152407760","12.6107"
"2152407760","2099813268","12.6107"
"2099813268","2159732209","7.625"
"2159732209","2099813268","7.625"
"2152407760","2159732209","31.3667"
"2159732209","2152407760","31.3667"
"103340358","2132368295","7.5108"
"2132368295","103340358","7.5108"
"2095054612","2132368295","2.61362"
"2132368295","2095054612","2.61362"
"2109480754","2132368295","4.96163"
"2132368295","2109480754","4.96163"
"103340358","2145554761","1.52681"
"2145554761","103340358","1.52681"
"1548361610","2145554761","0.53395"
"2145554761","1548361610","0.53395"
"1548361610","2159732209","0.892857"
"2159732209","1548361610","0.892857"
"1581604130","2145554761","0.354056"
"2145554761","1581604130","0.354056"
"1581604130","2159732209","0.309524"
"2159732209","1581604130","0.309524"
"2098711168","2145554761","0.491093"
"2145554761","2098711168","0.491093"
"2098711168","2159732209","0.642857"
"2159732209","2098711168","0.642857"
"2145554761","2149288670","0.467284"
"2149288670","2145554761","0.467284"
"2145554761","2159732209","0.309524"
"2159732209","2145554761","0.309524"
"2145554761","2168175183","0.491093"
"2168175183","2145554761","0.491093"
"2149288670","2159732209","3.04286"
"2159732209","2149288670","3.04286"
"2159732209","2168175183","0.759524"
"2168175183","2159732209","0.759524"
"103340358","2020265427","3.90594"
"2020265427","103340358","3.90594"
"103340358","2021515354","5.02065"
"2021515354","103340358","5.02065"
"103340358","2077125160","0.72549"
"2077125160","103340358","0.72549"
"103340358","2133580306","0.964759"
"2133580306","103340358","0.964759"
"103340358","2136517229","2.04175"
"2136517229","103340358","2.04175"
"103340358","2139103617","1.61362"
"2139103617","103340358","1.61362"
"103340358","2166914830","1.11557"
"2166914830","103340358","1.11557"
"103340358","2169585110","0.298335"
"2169585110","103340358","0.298335"
"103340358","2172013605","0.388889"
"2172013605","103340358","0.388889"
"1548361610","2020265427","0.242245"
"2020265427","1548361610","0.242245"
"1548361610","2021515354","0.925015"
"2021515354","1548361610","0.925015"
"1548361610","2077125160","5.80882"
"2077125160","1548361610","5.80882"
"1548361610","2095054612","1.68078"
"2095054612","1548361610","1.68078"
"1548361610","2132368295","1.90711"
"2132368295","1548361610","1.90711"
"1548361610","2133580306","0.488568"
"2133580306","1548361610","0.488568"
"1548361610","2136517229","0.100088"
"2136517229","1548361610","0.100088"
"1548361610","2137370514","0.559178"
"2137370514","1548361610","0.559178"
"1548361610","2139103617","0.514646"
"2139103617","1548361610","0.514646"
"1548361610","2152755144","11.1865"
"2152755144","1548361610","11.1865"
"1548361610","2166914830","2.82731"
"2166914830","1548361610","2.82731"
"1548361610","2169585110","0.389244"
"2169585110","1548361610","0.389244"
"1548361610","2172013605","0.0555556"
"2172013605","1548361610","0.0555556"
"2020265427","2021515354","0.158911"
"2021515354","2020265427","0.158911"
"2020265427","2077125160","0.0555556"
"2077125160","2020265427","0.0555556"
"2020265427","2095054612","0.304745"
"2095054612","2020265427","0.304745"
"2020265427","2098711168","0.647602"
"2098711168","2020265427","0.647602"
"2020265427","2109480754","0.304745"
"2109480754","2020265427","0.304745"
"2020265427","2132368295","1.81427"
"2132368295","2020265427","1.81427"
"2020265427","2133580306","0.158911"
"2133580306","2020265427","0.158911"
"2020265427","2136517229","0.100088"
"2136517229","2020265427","0.100088"
"2020265427","2137370514","0.221411"
"2137370514","2020265427","0.221411"
"2020265427","2139103617","0.176879"
"2139103617","2020265427","0.176879"
"2020265427","2149288670","0.554745"
"2149288670","2020265427","0.554745"
"2020265427","2152755144","1.37435"
"2152755144","2020265427","1.37435"
"2020265427","2166914830","0.260212"
"2166914830","2020265427","0.260212"
"2020265427","2168175183","0.980935"
"2168175183","2020265427","0.980935"
"2020265427","2169585110","0.158911"
"2169585110","2020265427","0.158911"
"2020265427","2172013605","0.0555556"
"2172013605","2020265427","0.0555556"
"2021515354","2077125160","0.114379"
"2077125160","2021515354","0.114379"
"2021515354","2095054612","6.03613"
"2095054612","2021515354","6.03613"
"2021515354","2098711168","0.655279"
"2098711168","2021515354","0.655279"
"2021515354","2109480754","7.76549"
"2109480754","2021515354","7.76549"
"2021515354","2132368295","0.769168"
"2132368295","2021515354","0.769168"
"2021515354","2133580306","0.280235"
"2133580306","2021515354","0.280235"
"2021515354","2136517229","0.933421"
"2136517229","2021515354","0.933421"
"2021515354","2137370514","0.357158"
"2137370514","2021515354","0.357158"
"2021515354","2139103617","0.312626"
"2139103617","2021515354","0.312626"
"2021515354","2149288670","2.93732"
"2149288670","2021515354","2.93732"
"2021515354","2152755144","0.658902"
"2152755144","2021515354","0.658902"
"2021515354","2166914830","0.876879"
"2166914830","2021515354","0.876879"
"2021515354","2168175183","1.89168"
"2168175183","2021515354","1.89168"
"2021515354","2169585110","0.298335"
"2169585110","2021515354","0.298335"
"2021515354","2172013605","0.0555556"
"2172013605","2021515354","0.0555556"
"2077125160","2095054612","0.114379"
"2095054612","2077125160","0.114379"
"2077125160","2098711168","0.166667"
"2098711168","2077125160","0.166667"
"2077125160","2109480754","0.114379"
"2109480754","2077125160","0.114379"
"2077125160","2132368295","0.0555556"
"2132368295","2077125160","0.0555556"
"2077125160","2133580306","0.114379"
"2133580306","2077125160","0.114379"
"2077125160","2136517229","0.0555556"
"2136517229","2077125160","0.0555556"
"2077125160","2137370514","0.114379"
"2137370514","2077125160","0.114379"
"2077125160","2139103617","0.114379"
"2139103617","2077125160","0.114379"
"2077125160","2149288670","2.47549"
"2149288670","2077125160","2.47549"
"2077125160","2152755144","0.22549"
"2152755144","2077125160","0.22549"
"2077125160","2166914830","1.63889"
"2166914830","2077125160","1.63889"
"2077125160","2168175183","0.114379"
"2168175183","2077125160","0.114379"
"2077125160","2169585110","0.0555556"
"2169585110","2077125160","0.0555556"
"2077125160","2172013605","0.0555556"
"2172013605","2077125160","0.0555556"
"2095054612","2098711168","5.31715"
"2098711168","2095054612","5.31715"
"2095054612","2133580306","1.45121"
"2133580306","2095054612","1.45121"
"2095054612","2136517229","0.141755"
"2136517229","2095054612","0.141755"
"2095054612","2137370514","1.16966"
"2137370514","2095054612","1.16966"
"2095054612","2139103617","0.875126"
"2139103617","2095054612","0.875126"
"2095054612","2149288670","4.93296"
"2149288670","2095054612","4.93296"
"2095054612","2166914830","0.413622"
"2166914830","2095054612","0.413622"
"2095054612","2168175183","3.1071"
"2168175183","2095054612","3.1071"
"2095054612","2169585110","0.466167"
"2169585110","2095054612","0.466167"
"2095054612","2172013605","0.0555556"
"2172013605","2095054612","0.0555556"
"2098711168","2132368295","4.2862"
"2132368295","2098711168","4.2862"
"2098711168","2133580306","0.408911"
"2133580306","2098711168","0.408911"
"2098711168","2136517229","0.841755"
"2136517229","2098711168","0.841755"
"2098711168","2137370514","0.809049"
"2137370514","2098711168","0.809049"
"2098711168","2139103617","0.764516"
"2139103617","2098711168","0.764516"
"2098711168","2166914830","0.60307"
"2166914830","2098711168","0.60307"
"2098711168","2169585110","0.235835"
"2169585110","2098711168","0.235835"
"2098711168","2172013605","0.0555556"
"2172013605","2098711168","0.0555556"
"2109480754","2133580306","1.45643"
"2133580306","2109480754","1.45643"
"2109480754","2136517229","0.141755"
"2136517229","2109480754","0.141755"
"2109480754","2137370514","0.787515"
"2137370514","2109480754","0.787515"
"2109480754","2139103617","0.742983"
"2139103617","2109480754","0.742983"
"2109480754","2166914830","0.413622"
"2166914830","2109480754","0.413622"
"2109480754","2169585110","0.389244"
"2169585110","2109480754","0.389244"
"2109480754","2172013605","0.0555556"
"2172013605","2109480754","0.0555556"
"2132368295","2133580306","0.367245"
"2133580306","2132368295","0.367245"
"2132368295","2136517229","0.141755"
"2136517229","2132368295","0.141755"
"2132368295","2137370514","0.750355"
"2137370514","2132368295","0.750355"
"2132368295","2139103617","0.580822"
"2139103617","2132368295","0.580822"
"2132368295","2149288670","9.83191"
"2149288670","2132368295","9.83191"
"2132368295","2152755144","4.77885"
"2152755144","2132368295","4.77885"
"2132368295","2166914830","0.267788"
"2166914830","2132368295","0.267788"
"2132368295","2168175183","5.35929"
"2168175183","2132368295","5.35929"
"2132368295","2169585110","0.326744"
"2169585110","2132368295","0.326744"
"2132368295","2172013605","0.0555556"
"2172013605","2132368295","0.0555556"
"2133580306","2136517229","0.100088"
"2136517229","2133580306","0.100088"
"2133580306","2137370514","0.280235"
"2137370514","2133580306","0.280235"
"2133580306","2139103617","0.235703"
"2139103617","2133580306","0.235703"
"2133580306","2149288670","4.09928"
"2149288670","2133580306","4.09928"
"2133580306","2152755144","1.0665"
"2152755144","2133580306","1.0665"
"2133580306","2166914830","0.176879"
"2166914830","2133580306","0.176879"
"2133580306","2168175183","2.34049"
"2168175183","2133580306","2.34049"
"2133580306","2169585110","0.298335"
"2169585110","2133580306","0.298335"
"2133580306","2172013605","0.0555556"
"2172013605","2133580306","0.0555556"
"2136517229","2137370514","0.100088"
"2137370514","2136517229","0.100088"
"2136517229","2139103617","0.305556"
"2139103617","2136517229","0.305556"
"2136517229","2149288670","2.51675"
"2149288670","2136517229","2.51675"
"2136517229","2152755144","0.0768322"
"2152755144","2136517229","0.0768322"
"2136517229","2166914830","0.0555556"
"2166914830","2136517229","0.0555556"
"2136517229","2168175183","1.05009"
"2168175183","2136517229","1.05009"
"2136517229","2169585110","0.100088"
"2169585110","2136517229","0.100088"
"2136517229","2172013605","0.0555556"
"2172013605","2136517229","0.0555556"
"2137370514","2139103617","19.0212"
"2139103617","2137370514","19.0212"
"2137370514","2149288670","0.510567"
"2149288670","2137370514","0.510567"
"2137370514","2152755144","0.930926"
"2152755144","2137370514","0.930926"
"2137370514","2166914830","0.239379"
"2166914830","2137370514","0.239379"
"2137370514","2168175183","1.42168"
"2168175183","2137370514","1.42168"
"2137370514","2169585110","0.298335"
"2169585110","2137370514","0.298335"
"2137370514","2172013605","0.0555556"
"2172013605","2137370514","0.0555556"
"2139103617","2149288670","0.716035"
"2149288670","2139103617","0.716035"
"2139103617","2152755144","0.909649"
"2152755144","2139103617","0.909649"
"2139103617","2166914830","0.239379"
"2166914830","2139103617","0.239379"
"2139103617","2168175183","1.71048"
"2168175183","2139103617","1.71048"
"2139103617","2169585110","0.253802"
"2169585110","2139103617","0.253802"
"2139103617","2172013605","0.0555556"
"2172013605","2139103617","0.0555556"
"2149288670","2166914830","6.07791"
"2166914830","2149288670","6.07791"
"2149288670","2169585110","0.85591"
"2169585110","2149288670","0.85591"
"2149288670","2172013605","0.555556"
"2172013605","2149288670","0.555556"
"2152755144","2166914830","0.613622"
"2166914830","2152755144","0.613622"
"2152755144","2168175183","8.15104"
"2168175183","2152755144","8.15104"
"2152755144","2169585110","0.365988"
"2169585110","2152755144","0.365988"
"2152755144","2172013605","0.0555556"
"2172013605","2152755144","0.0555556"
"2166914830","2168175183","3.85648"
"2168175183","2166914830","3.85648"
"2166914830","2169585110","0.267788"
"2169585110","2166914830","0.267788"
"2166914830","2172013605","1.03175"
"2172013605","2166914830","1.03175"
"2168175183","2169585110","0.666167"
"2169585110","2168175183","0.666167"
"2168175183","2172013605","0.0555556"
"2172013605","2168175183","0.0555556"
"2169585110","2172013605","0.0555556"
"2172013605","2169585110","0.0555556"
"103340358","2115155307","0.5"
"2115155307","103340358","0.5"
"2098711168","2115155307","0.5"
"2115155307","2098711168","0.5"
"2095054612","2394638270","7.7201"
"2394638270","2095054612","7.7201"
"103340358","2092912084","1.60833"
"2092912084","103340358","1.60833"
"2092912084","2095054612","2.95"
"2095054612","2092912084","2.95"
"103340358","1989521566","0.121324"
"1989521566","103340358","0.121324"
"103340358","2118388899","1.6766"
"2118388899","103340358","1.6766"
"1548361610","1989521566","0.121324"
"1989521566","1548361610","0.121324"
"1548361610","2056756258","0.28799"
"2056756258","1548361610","0.28799"
"1548361610","2099813268","0.28799"
"2099813268","1548361610","0.28799"
"1548361610","2118388899","0.301603"
"2118388899","1548361610","0.301603"
"1989521566","2021515354","0.121324"
"2021515354","1989521566","0.121324"
"1989521566","2056756258","0.121324"
"2056756258","1989521566","0.121324"
"1989521566","2095054612","0.121324"
"2095054612","1989521566","0.121324"
"1989521566","2099813268","0.121324"
"2099813268","1989521566","0.121324"
"1989521566","2109480754","0.121324"
"2109480754","1989521566","0.121324"
"1989521566","2118388899","0.121324"
"2118388899","1989521566","0.121324"
"1989521566","2133580306","0.621324"
"2133580306","1989521566","0.621324"
"1989521566","2137370514","0.121324"
"2137370514","1989521566","0.121324"
"1989521566","2139103617","0.121324"
"2139103617","1989521566","0.121324"
"1989521566","2149288670","0.771324"
"2149288670","1989521566","0.771324"
"1989521566","2152755144","0.121324"
"2152755144","1989521566","0.121324"
"1989521566","2166914830","0.7125"
"2166914830","1989521566","0.7125"
"1989521566","2168175183","0.521324"
"2168175183","1989521566","0.521324"
"1989521566","2169585110","0.0625"
"2169585110","1989521566","0.0625"
"2021515354","2056756258","0.121324"
"2056756258","2021515354","0.121324"
"2021515354","2099813268","0.36299"
"2099813268","2021515354","0.36299"
"2021515354","2118388899","1.38494"
"2118388899","2021515354","1.38494"
"2056756258","2095054612","0.521324"
"2095054612","2056756258","0.521324"
"2056756258","2099813268","0.53799"
"2099813268","2056756258","0.53799"
"2056756258","2109480754","0.521324"
"2109480754","2056756258","0.521324"
"2056756258","2118388899","0.371324"
"2118388899","2056756258","0.371324"
"2056756258","2133580306","0.121324"
"2133580306","2056756258","0.121324"
"2056756258","2137370514","0.121324"
"2137370514","2056756258","0.121324"
"2056756258","2139103617","0.121324"
"2139103617","2056756258","0.121324"
"2056756258","2166914830","0.0625"
"2166914830","2056756258","0.0625"
"2056756258","2168175183","2.53799"
"2168175183","2056756258","2.53799"
"2056756258","2169585110","0.0625"
"2169585110","2056756258","0.0625"
"2095054612","2099813268","0.496324"
"2099813268","2095054612","0.496324"
"2095054612","2118388899","1.07019"
"2118388899","2095054612","1.07019"
"2099813268","2109480754","0.16299"
"2109480754","2099813268","0.16299"
"2099813268","2118388899","1.05647"
"2118388899","2099813268","1.05647"
"2099813268","2133580306","0.121324"
"2133580306","2099813268","0.121324"
"2099813268","2137370514","0.121324"
"2137370514","2099813268","0.121324"
"2099813268","2139103617","0.121324"
"2139103617","2099813268","0.121324"
"2099813268","2149288670","2.48204"
"2149288670","2099813268","2.48204"
"2099813268","2152755144","0.28799"
"2152755144","2099813268","0.28799"
"2099813268","2166914830","0.7625"
"2166914830","2099813268","0.7625"
"2099813268","2168175183","2.51537"
"2168175183","2099813268","2.51537"
"2099813268","2169585110","0.0625"
"2169585110","2099813268","0.0625"
"2109480754","2118388899","0.593269"
"2118388899","2109480754","0.593269"
"2118388899","2133580306","0.701603"
"2133580306","2118388899","0.701603"
"2118388899","2137370514","0.301603"
"2137370514","2118388899","0.301603"
"2118388899","2139103617","0.50707"
"2139103617","2118388899","0.50707"
"2118388899","2149288670","2.91113"
"2149288670","2118388899","2.91113"
"2118388899","2152755144","0.278347"
"2152755144","2118388899","0.278347"
"2118388899","2166914830","0.454657"
"2166914830","2118388899","0.454657"
"2118388899","2168175183","3.72853"
"2168175183","2118388899","3.72853"
"2118388899","2169585110","72.8221"
"2169585110","2118388899","72.8221"
"103340358","1578959085","0.285714"
"1578959085","103340358","0.285714"
"103340358","2049137142","15.0256"
"2049137142","103340358","15.0256"
"103340358","2129150932","0.285714"
"2129150932","103340358","0.285714"
"103340358","2131225292","0.285714"
"2131225292","103340358","0.285714"
"1578959085","2049137142","0.285714"
"2049137142","1578959085","0.285714"
"1578959085","2098711168","0.285714"
"2098711168","1578959085","0.285714"
"1578959085","2129150932","26.446"
"2129150932","1578959085","26.446"
"1578959085","2131225292","0.94351"
"2131225292","1578959085","0.94351"
"1578959085","2140190241","59.6279"
"2140190241","1578959085","59.6279"
"1578959085","2150284260","0.285714"
"2150284260","1578959085","0.285714"
"2049137142","2098711168","2.16528"
"2098711168","2049137142","2.16528"
"2049137142","2129150932","0.285714"
"2129150932","2049137142","0.285714"
"2049137142","2131225292","0.285714"
"2131225292","2049137142","0.285714"
"2049137142","2140190241","1.20996"
"2140190241","2049137142","1.20996"
"2049137142","2150284260","0.285714"
"2150284260","2049137142","0.285714"
"2098711168","2129150932","0.285714"
"2129150932","2098711168","0.285714"
"2098711168","2131225292","0.285714"
"2131225292","2098711168","0.285714"
"2098711168","2140190241","1.69524"
"2140190241","2098711168","1.69524"
"2129150932","2131225292","5.39946"
"2131225292","2129150932","5.39946"
"2129150932","2140190241","21.425"
"2140190241","2129150932","21.425"
"2129150932","2150284260","0.285714"
"2150284260","2129150932","0.285714"
"2131225292","2140190241","20.1702"
"2140190241","2131225292","20.1702"
"2131225292","2150284260","0.285714"
"2150284260","2131225292","0.285714"
"2140190241","2150284260","0.285714"
"2150284260","2140190241","0.285714"
"103340358","2018984973","3.89747"
"2018984973","103340358","3.89747"
"1548361610","2018984973","0.914134"
"2018984973","1548361610","0.914134"
"2010921004","2018984973","0.164134"
"2018984973","2010921004","0.164134"
"2010921004","2132368295","1.62681"
"2132368295","2010921004","1.62681"
"2010921004","2145554761","0.467284"
"2145554761","2010921004","0.467284"
"2018984973","2132368295","0.364134"
"2132368295","2018984973","0.364134"
"2018984973","2145554761","0.164134"
"2145554761","2018984973","0.164134"
"2018984973","2149288670","5.81413"
"2149288670","2018984973","5.81413"
"2018984973","2152755144","0.497467"
"2152755144","2018984973","0.497467"
"2132368295","2145554761","0.324427"
"2145554761","2132368295","0.324427"
"2145554761","2152755144","0.201171"
"2152755144","2145554761","0.201171"
"2010187764","2095054612","2.92839"
"2095054612","2010187764","2.92839"
"2070700141","2095054612","1.29824"
"2095054612","2070700141","1.29824"
"103340358","2186699769","1.08157"
"2186699769","103340358","1.08157"
"2049137142","2168175183","3.5391"
"2168175183","2049137142","3.5391"
"2049137142","2186699769","0.5"
"2186699769","2049137142","0.5"
"2168175183","2186699769","1.08157"
"2186699769","2168175183","1.08157"
"103340358","2113977104","2.66667"
"2113977104","103340358","2.66667"
"2109480754","2113977104","0.5"
"2113977104","2109480754","0.5"
"1975563293","2149288670","10.5473"
"2149288670","1975563293","10.5473"
"103340358","2019421101","5.63333"
"2019421101","103340358","5.63333"
"103340358","2058187230","1.27778"
"2058187230","103340358","1.27778"
"103340358","2110034858","2.69722"
"2110034858","103340358","2.69722"
"103340358","2170726034","1.3381"
"2170726034","103340358","1.3381"
"2019421101","2058187230","0.277778"
"2058187230","2019421101","0.277778"
"2019421101","2110034858","0.513889"
"2110034858","2019421101","0.513889"
"2019421101","2139103617","0.777778"
"2139103617","2019421101","0.777778"
"2019421101","2159732209","0.666667"
"2159732209","2019421101","0.666667"
"2019421101","2170726034","0.277778"
"2170726034","2019421101","0.277778"
"2058187230","2110034858","0.468687"
"2110034858","2058187230","0.468687"
"2058187230","2139103617","1.27778"
"2139103617","2058187230","1.27778"
"2058187230","2159732209","0.166667"
"2159732209","2058187230","0.166667"
"2058187230","2170726034","1.80202"
"2170726034","2058187230","1.80202"
"2110034858","2139103617","2.14646"
"2139103617","2110034858","2.14646"
"2110034858","2159732209","0.166667"
"2159732209","2110034858","0.166667"
"2110034858","2170726034","79.2719"
"2170726034","2110034858","79.2719"
"2139103617","2159732209","0.166667"
"2159732209","2139103617","0.166667"
"2139103617","2170726034","5.52778"
"2170726034","2139103617","5.52778"
"2159732209","2170726034","0.5"
"2170726034","2159732209","0.5"
"103340358","2105138955","0.0588235"
"2105138955","103340358","0.0588235"
"103340358","2136056595","0.0588235"
"2136056595","103340358","0.0588235"
"1548361610","2105138955","0.0588235"
"2105138955","1548361610","0.0588235"
"1548361610","2136056595","0.0588235"
"2136056595","1548361610","0.0588235"
"1989521566","2077125160","0.0588235"
"2077125160","1989521566","0.0588235"
"1989521566","2105138955","0.0588235"
"2105138955","1989521566","0.0588235"
"1989521566","2136056595","0.0588235"
"2136056595","1989521566","0.0588235"
"2021515354","2105138955","0.0588235"
"2105138955","2021515354","0.0588235"
"2021515354","2136056595","0.0588235"
"2136056595","2021515354","0.0588235"
"2056756258","2077125160","0.0588235"
"2077125160","2056756258","0.0588235"
"2056756258","2105138955","0.558824"
"2105138955","2056756258","0.558824"
"2056756258","2136056595","0.0588235"
"2136056595","2056756258","0.0588235"
"2077125160","2099813268","0.0588235"
"2099813268","2077125160","0.0588235"
"2077125160","2105138955","0.0588235"
"2105138955","2077125160","0.0588235"
"2077125160","2118388899","0.0588235"
"2118388899","2077125160","0.0588235"
"2077125160","2136056595","0.0588235"
"2136056595","2077125160","0.0588235"
"2095054612","2105138955","0.0588235"
"2105138955","2095054612","0.0588235"
"2095054612","2136056595","0.0588235"
"2136056595","2095054612","0.0588235"
"2099813268","2105138955","0.102302"
"2105138955","2099813268","0.102302"
"2099813268","2136056595","0.0588235"
"2136056595","2099813268","0.0588235"
"2105138955","2109480754","0.0588235"
"2109480754","2105138955","0.0588235"
"2105138955","2118388899","0.102302"
"2118388899","2105138955","0.102302"
"2105138955","2133580306","0.0588235"
"2133580306","2105138955","0.0588235"
"2105138955","2136056595","0.0588235"
"2136056595","2105138955","0.0588235"
"2105138955","2137370514","0.0588235"
"2137370514","2105138955","0.0588235"
"2105138955","2139103617","0.0588235"
"2139103617","2105138955","0.0588235"
"2105138955","2149288670","0.0588235"
"2149288670","2105138955","0.0588235"
"2105138955","2152755144","0.0588235"
"2152755144","2105138955","0.0588235"
"2105138955","2168175183","0.0588235"
"2168175183","2105138955","0.0588235"
"2109480754","2136056595","0.0588235"
"2136056595","2109480754","0.0588235"
"2118388899","2136056595","0.0588235"
"2136056595","2118388899","0.0588235"
"2133580306","2136056595","0.0588235"
"2136056595","2133580306","0.0588235"
"2136056595","2137370514","0.458824"
"2137370514","2136056595","0.458824"
"2136056595","2139103617","0.0588235"
"2139103617","2136056595","0.0588235"
"2136056595","2149288670","0.258824"
"2149288670","2136056595","0.258824"
"2136056595","2152755144","0.0588235"
"2152755144","2136056595","0.0588235"
"2136056595","2168175183","0.258824"
"2168175183","2136056595","0.258824"
"103340358","2143363350","0.361111"
"2143363350","103340358","0.361111"
"2109341352","2143363350","0.166667"
"2143363350","2109341352","0.166667"
"2109480754","2143363350","0.166667"
"2143363350","2109480754","0.166667"
"2143363350","2149288670","1.29643"
"2149288670","2143363350","1.29643"
"2143363350","2152755144","0.166667"
"2152755144","2143363350","0.166667"
"2143363350","2394638270","0.166667"
"2394638270","2143363350","0.166667"
"103340358","2145421234","1.53333"
"2145421234","103340358","1.53333"
"2098711168","2145421234","0.533333"
"2145421234","2098711168","0.533333"
"2145421234","2159732209","0.333333"
"2159732209","2145421234","0.333333"
"141197097","2098711168","0.7"
"2098711168","141197097","0.7"
"2049137142","2109480754","2.33119"
"2109480754","2049137142","2.33119"
"2049137142","2132368295","2.37325"
"2132368295","2049137142","2.37325"
"103340358","2133434765","0.499242"
"2133434765","103340358","0.499242"
"2095054612","2133434765","1.32424"
"2133434765","2095054612","1.32424"
"2098711168","2133434765","0.332576"
"2133434765","2098711168","0.332576"
"2109480754","2133434765","1.15758"
"2133434765","2109480754","1.15758"
"2133434765","2149288670","2.15956"
"2149288670","2133434765","2.15956"
"103340358","2045283972","4.30968"
"2045283972","103340358","4.30968"
"1548361610","2045283972","0.135441"
"2045283972","1548361610","0.135441"
"1548361610","2133434765","0.0909091"
"2133434765","1548361610","0.0909091"
"1548361610","2394638270","0.718907"
"2394638270","1548361610","0.718907"
"2045283972","2095054612","0.302108"
"2095054612","2045283972","0.302108"
"2045283972","2098711168","1.13544"
"2098711168","2045283972","1.13544"
"2045283972","2109480754","1.46877"
"2109480754","2045283972","1.46877"
"2045283972","2132368295","0.135441"
"2132368295","2045283972","0.135441"
"2045283972","2133434765","0.0909091"
"2133434765","2045283972","0.0909091"
"2045283972","2149288670","0.476351"
"2149288670","2045283972","0.476351"
"2045283972","2152755144","0.362186"
"2152755144","2045283972","0.362186"
"2045283972","2168175183","0.893017"
"2168175183","2045283972","0.893017"
"2045283972","2394638270","0.135441"
"2394638270","2045283972","0.135441"
"2132368295","2133434765","0.299242"
"2133434765","2132368295","0.299242"
"2132368295","2394638270","0.493907"
"2394638270","2132368295","0.493907"
"2133434765","2152755144","0.0909091"
"2152755144","2133434765","0.0909091"
"2133434765","2168175183","0.915909"
"2168175183","2133434765","0.915909"
"2133434765","2394638270","0.132576"
"2394638270","2133434765","0.132576"
"2168175183","2394638270","0.397479"
"2394638270","2168175183","0.397479"
"1548361610","2070700141","0.641093"
"2070700141","1548361610","0.641093"
"1548361610","2157339239","0.462987"
"2157339239","1548361610","0.462987"
"2010921004","2020265427","0.127866"
"2020265427","2010921004","0.127866"
"2010921004","2095054612","1.04109"
"2095054612","2010921004","1.04109"
"2010921004","2157339239","0.164903"
"2157339239","2010921004","0.164903"
"2010921004","2166914830","0.283333"
"2166914830","2010921004","0.283333"
"2020265427","2070700141","0.127866"
"2070700141","2020265427","0.127866"
"2020265427","2157339239","0.186689"
"2157339239","2020265427","0.186689"
"2070700141","2157339239","0.164903"
"2157339239","2070700141","0.164903"
"2070700141","2166914830","0.0833333"
"2166914830","2070700141","0.0833333"
"2070700141","2168175183","0.641093"
"2168175183","2070700141","0.641093"
"2095054612","2157339239","2.67773"
"2157339239","2095054612","2.67773"
"2098711168","2157339239","1.27015"
"2157339239","2098711168","1.27015"
"2109480754","2157339239","2.99916"
"2157339239","2109480754","2.99916"
"2149288670","2157339239","6.39751"
"2157339239","2149288670","6.39751"
"2152755144","2157339239","2.039"
"2157339239","2152755144","2.039"
"2157339239","2166914830","4.7164"
"2166914830","2157339239","4.7164"
"2157339239","2168175183","1.53323"
"2168175183","2157339239","1.53323"
"103340358","2075010670","28.2524"
"2075010670","103340358","28.2524"
"2010187764","2075010670","10.7386"
"2075010670","2010187764","10.7386"
"2075010670","2098711168","3.26715"
"2098711168","2075010670","3.26715"
"2075010670","2152755144","4.7598"
"2152755144","2075010670","4.7598"
"2056756258","2098711168","0.916667"
"2098711168","2056756258","0.916667"
"2149288670","2152407760","2.18571"
"2152407760","2149288670","2.18571"
"103340358","2085394315","0.444444"
"2085394315","103340358","0.444444"
"103340358","2094827065","0.8125"
"2094827065","103340358","0.8125"
"103340358","2398390357","1.46111"
"2398390357","103340358","1.46111"
"2085394315","2094827065","0.992857"
"2094827065","2085394315","0.992857"
"2085394315","2147620601","7.72183"
"2147620601","2085394315","7.72183"
"2085394315","2398390357","1.45278"
"2398390357","2085394315","1.45278"
"2094827065","2147620601","0.742857"
"2147620601","2094827065","0.742857"
"2094827065","2398390357","0.6"
"2398390357","2094827065","0.6"
"2147620601","2398390357","4.45278"
"2398390357","2147620601","4.45278"
"103340358","1978215702","0.5"
"1978215702","103340358","0.5"
"1978215702","2159732209","0.5"
"2159732209","1978215702","0.5"
"2018984973","2159732209","0.25"
"2159732209","2018984973","0.25"
"2018984973","2168175183","2.37128"
