"103029228","2125227861","1"
"2125227861","103029228","1"
"1490320980","1805763791","1"
"1805763791","1490320980","1"
"1490320980","1978387271","0.333333"
"1978387271","1490320980","0.333333"
"1490320980","2138697398","0.166667"
"2138697398","1490320980","0.166667"
"1490320980","2150817871","0.166667"
"2150817871","1490320980","0.166667"
"1490320980","2152817912","0.666667"
"2152817912","1490320980","0.666667"
"1490320980","2157086973","0.5"
"2157086973","1490320980","0.5"
"1490320980","58080530","0.5"
"58080530","1490320980","0.5"
"1978387271","2138697398","1.86667"
"2138697398","1978387271","1.86667"
"1978387271","2150817871","1.16667"
"2150817871","1978387271","1.16667"
"1978387271","2152817912","7"
"2152817912","1978387271","7"
"1978387271","2157086973","6.94167"
"2157086973","1978387271","6.94167"
"1978387271","58080530","6.625"
"58080530","1978387271","6.625"
"2138697398","2150817871","0.166667"
"2150817871","2138697398","0.166667"
"2138697398","2152817912","0.666667"
"2152817912","2138697398","0.666667"
"2138697398","2157086973","0.866667"
"2157086973","2138697398","0.866667"
"2138697398","58080530","2.66667"
"58080530","2138697398","2.66667"
"2150817871","2152817912","0.333333"
"2152817912","2150817871","0.333333"
"2150817871","2157086973","0.166667"
"2157086973","2150817871","0.166667"
"2150817871","58080530","0.166667"
"58080530","2150817871","0.166667"
"2152817912","2157086973","2.53333"
"2157086973","2152817912","2.53333"
"2152817912","58080530","1.28333"
"58080530","2152817912","1.28333"
"2157086973","58080530","5.10833"
"58080530","2157086973","5.10833"
"1490320980","1676134498","0.333333"
"1676134498","1490320980","0.333333"
"1490320980","2054784808","0.333333"
"2054784808","1490320980","0.333333"
"1490320980","2125227861","0.333333"
"2125227861","1490320980","0.333333"
"1676134498","2054784808","74.7"
"2054784808","1676134498","74.7"
"1676134498","2125227861","17.1"
"2125227861","1676134498","17.1"
"2054784808","2125227861","14.0333"
"2125227861","2054784808","14.0333"
"1490320980","1570697393","1.16667"
"1570697393","1490320980","1.16667"
"1490320980","1599878308","0.166667"
"1599878308","1490320980","0.166667"
"1490320980","1857003075","0.166667"
"1857003075","1490320980","0.166667"
"1490320980","2133655663","0.166667"
"2133655663","1490320980","0.166667"
"1570697393","1599878308","1"
"1599878308","1570697393","1"
"1570697393","1857003075","0.666667"
"1857003075","1570697393","0.666667"
"1570697393","1978387271","7.36667"
"1978387271","1570697393","7.36667"
"1570697393","2133655663","0.666667"
"2133655663","1570697393","0.666667"
"1570697393","2152817912","0.166667"
"2152817912","1570697393","0.166667"
"1599878308","1857003075","2.83333"
"1857003075","1599878308","2.83333"
"1599878308","1978387271","0.666667"
"1978387271","1599878308","0.666667"
"1599878308","2133655663","8.25"
"2133655663","1599878308","8.25"
"1599878308","2152817912","0.833333"
"2152817912","1599878308","0.833333"
"1857003075","1978387271","1.36667"
"1978387271","1857003075","1.36667"
"1857003075","2133655663","1.66667"
"2133655663","1857003075","1.66667"
"1857003075","2152817912","0.5"
"2152817912","1857003075","0.5"
"1978387271","2133655663","0.916667"
"2133655663","1978387271","0.916667"
"2133655663","2152817912","0.416667"
"2152817912","2133655663","0.416667"
"1493471663","1978387271","3"
"1978387271","1493471663","3"
"1493471663","1974708480","1.5"
"1974708480","1493471663","1.5"
"1493471663","2016702880","0.5"
"2016702880","1493471663","0.5"
"1974708480","2016702880","0.5"
"2016702880","1974708480","0.5"
"1493471663","2077053297","0.5"
"2077053297","1493471663","0.5"
"1493471663","2125227861","0.625"
"2125227861","1493471663","0.625"
"2077053297","2125227861","22.3667"
"2125227861","2077053297","22.3667"
"1493471663","1611112381","5.625"
"1611112381","1493471663","5.625"
"1493471663","1812194649","0.833333"
"1812194649","1493471663","0.833333"
"1493471663","2156026066","0.458333"
"2156026066","1493471663","0.458333"
"1493471663","58080530","0.333333"
"58080530","1493471663","0.333333"
"1812194649","2156026066","1.33333"
"2156026066","1812194649","1.33333"
"1812194649","58080530","0.583333"
"58080530","1812194649","0.583333"
"2156026066","58080530","59.45"
"58080530","2156026066","59.45"
"1493471663","1861694116","1.125"
"1861694116","1493471663","1.125"
"1493471663","20184837","1.125"
"20184837","1493471663","1.125"
"1493471663","2061392329","0.125"
"2061392329","1493471663","0.125"
"1493471663","2103187160","0.125"
"2103187160","1493471663","0.125"
"1493471663","2613161123","0.375"
"2613161123","1493471663","0.375"
"1611112381","1861694116","0.125"
"1861694116","1611112381","0.125"
"1611112381","20184837","0.125"
"20184837","1611112381","0.125"
"1611112381","2061392329","0.125"
"2061392329","1611112381","0.125"
"1611112381","2103187160","0.125"
"2103187160","1611112381","0.125"
"1611112381","2125227861","0.125"
"2125227861","1611112381","0.125"
"1611112381","2156026066","0.125"
"2156026066","1611112381","0.125"
"1611112381","2613161123","0.125"
"2613161123","1611112381","0.125"
"1861694116","20184837","0.625"
"20184837","1861694116","0.625"
"1861694116","2061392329","0.125"
"2061392329","1861694116","0.125"
"1861694116","2103187160","3.875"
"2103187160","1861694116","3.875"
"1861694116","2125227861","0.458333"
"2125227861","1861694116","0.458333"
"1861694116","2156026066","0.625"
"2156026066","1861694116","0.625"
"1861694116","2613161123","0.708333"
"2613161123","1861694116","0.708333"
"20184837","2061392329","0.325"
"2061392329","20184837","0.325"
"20184837","2103187160","0.625"
"2103187160","20184837","0.625"
"20184837","2125227861","16.575"
"2125227861","20184837","16.575"
"20184837","2156026066","27.7595"
"2156026066","20184837","27.7595"
"20184837","2613161123","8.65833"
"2613161123","20184837","8.65833"
"2061392329","2103187160","0.125"
"2103187160","2061392329","0.125"
"2061392329","2125227861","2.325"
"2125227861","2061392329","2.325"
"2061392329","2156026066","2.325"
"2156026066","2061392329","2.325"
"2061392329","2613161123","4.825"
"2613161123","2061392329","4.825"
"2103187160","2125227861","1.46786"
"2125227861","2103187160","1.46786"
"2103187160","2156026066","3.80119"
"2156026066","2103187160","3.80119"
"2103187160","2613161123","3.01786"
"2613161123","2103187160","3.01786"
"2125227861","2156026066","151.185"
"2156026066","2125227861","151.185"
"2125227861","2613161123","10.0845"
"2613161123","2125227861","10.0845"
"2156026066","2613161123","26.0845"
"2613161123","2156026066","26.0845"
"1493471663","1867968590","2"
"1867968590","1493471663","2"
"1861694116","1974708480","1"
"1974708480","1861694116","1"
"1493471663","1978036582","0.75"
"1978036582","1493471663","0.75"
"1493471663","2119878361","0.75"
"2119878361","1493471663","0.75"
"1978036582","2119878361","26.4679"
"2119878361","1978036582","26.4679"
"1493471663","1514224985","0.5"
"1514224985","1493471663","0.5"
"1514224985","1812194649","2.75"
"1812194649","1514224985","2.75"
"1493471663","2295351501","0.5"
"2295351501","1493471663","0.5"
"1611112381","2295351501","0.5"
"2295351501","1611112381","0.5"
"1493471663","1570697393","1"
"1570697393","1493471663","1"
"1493471663","2107710003","0.25"
"2107710003","1493471663","0.25"
"1978036582","2107710003","2.75"
"2107710003","1978036582","2.75"
"1978036582","2613161123","3.49167"
"2613161123","1978036582","3.49167"
"2107710003","2119878361","1.41667"
"2119878361","2107710003","1.41667"
"2107710003","2613161123","0.25"
"2613161123","2107710003","0.25"
"2119878361","2613161123","0.875"
"2613161123","2119878361","0.875"
"1495062369","2158544768","0.5"
"2158544768","1495062369","0.5"
"1495062369","2163917503","0.5"
"2163917503","1495062369","0.5"
"2158544768","2163917503","0.642857"
"2163917503","2158544768","0.642857"
"1495062369","2097122809","1"
"2097122809","1495062369","1"
"150070531","1978387271","0.5"
"1978387271","150070531","0.5"
"150070531","20184837","1.5"
"20184837","150070531","1.5"
"1978387271","20184837","53.075"
"20184837","1978387271","53.075"
"1514224985","2156026066","12.6667"
"2156026066","1514224985","12.6667"
"1514224985","58080530","2.01667"
"58080530","1514224985","2.01667"
"1514224985","151863654","42.75"
"151863654","1514224985","42.75"
"1514224985","1840640513","4.1"
"1840640513","1514224985","4.1"
"1514224985","1570697393","0.5"
"1570697393","1514224985","0.5"
"151863654","1570697393","1.5"
"1570697393","151863654","1.5"
"1514224985","1978387271","1.4"
"1978387271","1514224985","1.4"
"1978387271","2156026066","35.5"
"2156026066","1978387271","35.5"
"1514224985","2012449655","1.58333"
"2012449655","1514224985","1.58333"
"151863654","2012449655","3.66667"
"2012449655","151863654","3.66667"
"151863654","2156026066","77.4083"
"2156026066","151863654","77.4083"
"151863654","1978387271","10.4417"
"1978387271","151863654","10.4417"
"151863654","58080530","14.5917"
"58080530","151863654","14.5917"
"1514224985","2613161123","2.43333"
"2613161123","1514224985","2.43333"
"151863654","2613161123","10.9333"
"2613161123","151863654","10.9333"
"1514224985","1611112381","1"
"1611112381","1514224985","1"
"1514224985","2141120980","0.4"
"2141120980","1514224985","0.4"
"151863654","2141120980","0.4"
"2141120980","151863654","0.4"
"1978387271","2012449655","2.06667"
"2012449655","1978387271","2.06667"
"1978387271","2141120980","1.4"
"2141120980","1978387271","1.4"
"2012449655","2141120980","0.4"
"2141120980","2012449655","0.4"
"2012449655","2156026066","16.4167"
"2156026066","2012449655","16.4167"
"2141120980","2156026066","2.4"
"2156026066","2141120980","2.4"
"151863654","1812194649","2.25"
"1812194649","151863654","2.25"
"2012449655","58080530","0.933333"
"58080530","2012449655","0.933333"
"151863654","1840640513","8.18333"
"1840640513","151863654","8.18333"
"1514224985","2125227861","0.5"
"2125227861","1514224985","0.5"
"1514224985","1867968590","1"
"1867968590","1514224985","1"
"1514224985","171256267","0.1"
"171256267","1514224985","0.1"
"1514224985","2083154374","0.1"
"2083154374","1514224985","0.1"
"1514224985","2097122809","0.1"
"2097122809","1514224985","0.1"
"1514224985","2293178068","0.1"
"2293178068","1514224985","0.1"
"151863654","171256267","0.1"
"171256267","151863654","0.1"
"151863654","2083154374","0.433333"
"2083154374","151863654","0.433333"
"151863654","2097122809","1.225"
"2097122809","151863654","1.225"
"151863654","2293178068","0.1"
"2293178068","151863654","0.1"
"171256267","1840640513","4.1"
"1840640513","171256267","4.1"
"171256267","2012449655","0.1"
"2012449655","171256267","0.1"
"171256267","2083154374","0.1"
"2083154374","171256267","0.1"
"171256267","2097122809","0.1"
"2097122809","171256267","0.1"
"171256267","2156026066","0.1"
"2156026066","171256267","0.1"
"171256267","2293178068","0.1"
"2293178068","171256267","0.1"
"171256267","2613161123","1.43333"
"2613161123","171256267","1.43333"
"171256267","58080530","0.1"
"58080530","171256267","0.1"
"1840640513","2012449655","0.544444"
"2012449655","1840640513","0.544444"
"1840640513","2083154374","1.3"
"2083154374","1840640513","1.3"
"1840640513","2097122809","0.1"
"2097122809","1840640513","0.1"
"1840640513","2156026066","1.96667"
"2156026066","1840640513","1.96667"
"1840640513","2293178068","0.1"
"2293178068","1840640513","0.1"
"1840640513","2613161123","4.6"
"2613161123","1840640513","4.6"
"1840640513","58080530","0.1"
"58080530","1840640513","0.1"
"2012449655","2083154374","0.1"
"2083154374","2012449655","0.1"
"2012449655","2097122809","0.433333"
"2097122809","2012449655","0.433333"
"2012449655","2293178068","0.1"
"2293178068","2012449655","0.1"
"2012449655","2613161123","0.433333"
"2613161123","2012449655","0.433333"
"2083154374","2097122809","0.1"
"2097122809","2083154374","0.1"
"2083154374","2156026066","7.63333"
"2156026066","2083154374","7.63333"
"2083154374","2293178068","0.1"
"2293178068","2083154374","0.1"
"2083154374","2613161123","3.1"
"2613161123","2083154374","3.1"
"2083154374","58080530","2.1"
"58080530","2083154374","2.1"
"2097122809","2156026066","9.01071"
"2156026066","2097122809","9.01071"
"2097122809","2293178068","2.86786"
"2293178068","2097122809","2.86786"
"2097122809","2613161123","1.74286"
"2613161123","2097122809","1.74286"
"2097122809","58080530","0.225"
"58080530","2097122809","0.225"
"2156026066","2293178068","0.867857"
"2293178068","2156026066","0.867857"
"2293178068","2613161123","2.225"
"2613161123","2293178068","2.225"
"2293178068","58080530","0.1"
"58080530","2293178068","0.1"
"2613161123","58080530","0.758333"
"58080530","2613161123","0.758333"
"1514224985","1557694976","0.5"
"1557694976","1514224985","0.5"
"1557694976","1840640513","6.61667"
"1840640513","1557694976","6.61667"
"1812194649","2012449655","0.25"
"2012449655","1812194649","0.25"
"1514224985","1588589255","0.5"
"1588589255","1514224985","0.5"
"1588589255","2156026066","1.33333"
"2156026066","1588589255","1.33333"
"1516547585","2072447567","1"
"2072447567","1516547585","1"
"1516547585","1978036582","0.25"
"1978036582","1516547585","0.25"
"1516547585","2097122809","0.375"
"2097122809","1516547585","0.375"
"1516547585","2160342152","4.75"
"2160342152","1516547585","4.75"
"1516547585","2613161123","0.708333"
"2613161123","1516547585","0.708333"
"1978036582","2097122809","0.25"
"2097122809","1978036582","0.25"
"1978036582","2160342152","1.59286"
"2160342152","1978036582","1.59286"
"2097122809","2160342152","1.25"
"2160342152","2097122809","1.25"
"2160342152","2613161123","0.25"
"2613161123","2160342152","0.25"
"1516547585","2293178068","1.125"
"2293178068","1516547585","1.125"
"2160342152","2293178068","1.14286"
"2293178068","2160342152","1.14286"
"1516547585","2119878361","0.5"
"2119878361","1516547585","0.5"
"2119878361","2160342152","5.00952"
"2160342152","2119878361","5.00952"
"1516547585","1840640513","0.333333"
"1840640513","1516547585","0.333333"
"1516547585","1991996694","0.333333"
"1991996694","1516547585","0.333333"
"1516547585","2016702880","1.79167"
"2016702880","1516547585","1.79167"
"1840640513","1991996694","7.53333"
"1991996694","1840640513","7.53333"
"1840640513","2016702880","0.333333"
"2016702880","1840640513","0.333333"
"1991996694","2016702880","0.333333"
"2016702880","1991996694","0.333333"
"1516547585","171256267","0.333333"
"171256267","1516547585","0.333333"
"171256267","2016702880","0.333333"
"2016702880","171256267","0.333333"
"2016702880","2613161123","0.625"
"2613161123","2016702880","0.625"
"1516547585","1929801863","0.125"
"1929801863","1516547585","0.125"
"1516547585","2155778398","0.125"
"2155778398","1516547585","0.125"
"1516547585","2156026066","0.125"
"2156026066","1516547585","0.125"
"1516547585","79669986","0.125"
"79669986","1516547585","0.125"
"1929801863","2016702880","0.125"
"2016702880","1929801863","0.125"
"1929801863","2097122809","0.934524"
"2097122809","1929801863","0.934524"
"1929801863","2155778398","1.125"
"2155778398","1929801863","1.125"
"1929801863","2156026066","13.2845"
"2156026066","1929801863","13.2845"
"1929801863","2293178068","0.125"
"2293178068","1929801863","0.125"
"1929801863","2613161123","2.88452"
"2613161123","1929801863","2.88452"
"1929801863","79669986","1.45833"
"79669986","1929801863","1.45833"
"2016702880","2097122809","0.125"
"2097122809","2016702880","0.125"
"2016702880","2155778398","0.291667"
"2155778398","2016702880","0.291667"
"2016702880","2156026066","0.291667"
"2156026066","2016702880","0.291667"
"2016702880","2293178068","0.125"
"2293178068","2016702880","0.125"
"2016702880","79669986","0.291667"
"79669986","2016702880","0.291667"
"2097122809","2155778398","0.875"
"2155778398","2097122809","0.875"
"2097122809","79669986","0.583333"
"79669986","2097122809","0.583333"
"2155778398","2156026066","3.54167"
"2156026066","2155778398","3.54167"
"2155778398","2293178068","0.125"
"2293178068","2155778398","0.125"
"2155778398","2613161123","1.79167"
"2613161123","2155778398","1.79167"
"2155778398","79669986","0.291667"
"79669986","2155778398","0.291667"
"2156026066","79669986","0.791667"
"79669986","2156026066","0.791667"
"2293178068","79669986","0.125"
"79669986","2293178068","0.125"
"2613161123","79669986","1.41667"
"79669986","2613161123","1.41667"
"151863654","89608058","6.5"
"89608058","151863654","6.5"
"2156026066","89608058","2.5"
"89608058","2156026066","2.5"
"151863654","2142980453","0.958333"
"2142980453","151863654","0.958333"
"2142980453","2156026066","6.28333"
"2156026066","2142980453","6.28333"
"2142980453","58080530","4.375"
"58080530","2142980453","4.375"
"151863654","20184837","2.33333"
"20184837","151863654","2.33333"
"1978387271","89608058","3.66667"
"89608058","1978387271","3.66667"
"151863654","2125227861","3.5"
"2125227861","151863654","3.5"
"1978387271","2125227861","8.9"
"2125227861","1978387271","8.9"
"151863654","2152817912","0.333333"
"2152817912","151863654","0.333333"
"151863654","2157086973","1.65833"
"2157086973","151863654","1.65833"
"2152817912","2156026066","2.17619"
"2156026066","2152817912","2.17619"
"2156026066","2157086973","25.55"
"2157086973","2156026066","25.55"
"151863654","2084257813","0.333333"
"2084257813","151863654","0.333333"
"1840640513","2084257813","1.58333"
"2084257813","1840640513","1.58333"
"2084257813","2156026066","0.833333"
"2156026066","2084257813","0.833333"
"151863654","2108835353","0.333333"
"2108835353","151863654","0.333333"
"1978387271","2108835353","1.78333"
"2108835353","1978387271","1.78333"
"2108835353","89608058","0.333333"
"89608058","2108835353","0.333333"
"2125227861","58080530","13.3167"
"58080530","2125227861","13.3167"
"151863654","1557694976","2"
"1557694976","151863654","2"
"1840640513","1978387271","0.25"
"1978387271","1840640513","0.25"
"1840640513","20184837","0.25"
"20184837","1840640513","0.25"
"1978387271","2613161123","9.025"
"2613161123","1978387271","9.025"
"151863654","2158544768","0.25"
"2158544768","151863654","0.25"
"2012449655","2158544768","9.36111"
"2158544768","2012449655","9.36111"
"2156026066","2158544768","2.22619"
"2158544768","2156026066","2.22619"
"2158544768","58080530","0.25"
"58080530","2158544768","0.25"
"20184837","89608058","0.333333"
"89608058","20184837","0.333333"
"151863654","2103187160","0.333333"
"2103187160","151863654","0.333333"
"151863654","2111033547","0.333333"
"2111033547","151863654","0.333333"
"2103187160","2111033547","0.333333"
"2111033547","2103187160","0.333333"
"2103187160","58080530","0.333333"
"58080530","2103187160","0.333333"
"2111033547","58080530","0.333333"
"58080530","2111033547","0.333333"
"2012449655","2125227861","2.11111"
"2125227861","2012449655","2.11111"
"151863654","79669986","0.125"
"79669986","151863654","0.125"
"1978387271","2097122809","3.875"
"2097122809","1978387271","3.875"
"1978387271","2142980453","0.658333"
"2142980453","1978387271","0.658333"
"1978387271","79669986","0.458333"
"79669986","1978387271","0.458333"
"20184837","2097122809","2.60119"
"2097122809","20184837","2.60119"
"20184837","2142980453","0.125"
"2142980453","20184837","0.125"
"20184837","2157086973","2.375"
"2157086973","20184837","2.375"
"20184837","58080530","4.125"
"58080530","20184837","4.125"
"20184837","79669986","0.875"
"79669986","20184837","0.875"
"2097122809","2142980453","0.125"
"2142980453","2097122809","0.125"
"2097122809","2157086973","0.125"
"2157086973","2097122809","0.125"
"2142980453","2157086973","4.65833"
"2157086973","2142980453","4.65833"
"2142980453","2613161123","0.375"
"2613161123","2142980453","0.375"
"2142980453","79669986","0.125"
"79669986","2142980453","0.125"
"2157086973","2613161123","0.825"
"2613161123","2157086973","0.825"
"2157086973","79669986","0.125"
"79669986","2157086973","0.125"
"58080530","79669986","0.125"
"79669986","58080530","0.125"
"151863654","2146377002","1"
"2146377002","151863654","1"
"2146377002","2156026066","10.9333"
"2156026066","2146377002","10.9333"
"151863654","1520923555","0.166667"
"1520923555","151863654","0.166667"
"151863654","1676134498","0.166667"
"1676134498","151863654","0.166667"
"151863654","1857003075","0.166667"
"1857003075","151863654","0.166667"
"151863654","2138697398","0.166667"
"2138697398","151863654","0.166667"
"1520923555","1570697393","0.916667"
"1570697393","1520923555","0.916667"
"1520923555","1676134498","0.166667"
"1676134498","1520923555","0.166667"
"1520923555","1857003075","4.16667"
"1857003075","1520923555","4.16667"
"1520923555","2138697398","0.166667"
"2138697398","1520923555","0.166667"
"1520923555","2613161123","0.916667"
"2613161123","1520923555","0.916667"
"1570697393","1676134498","0.166667"
"1676134498","1570697393","0.166667"
"1570697393","2138697398","1.91667"
"2138697398","1570697393","1.91667"
"1570697393","2613161123","6.7"
"2613161123","1570697393","6.7"
"1676134498","1857003075","0.166667"
"1857003075","1676134498","0.166667"
"1676134498","2138697398","0.366667"
"2138697398","1676134498","0.366667"
"1676134498","2613161123","0.866667"
"2613161123","1676134498","0.866667"
"1857003075","2138697398","0.166667"
"2138697398","1857003075","0.166667"
"1857003075","2613161123","3.33333"
"2613161123","1857003075","3.33333"
"2138697398","2613161123","5.7"
"2613161123","2138697398","5.7"
"151863654","1969192912","0.125"
"1969192912","151863654","0.125"
"151863654","1978036582","0.125"
"1978036582","151863654","0.125"
"151863654","2094613751","0.125"
"2094613751","151863654","0.125"
"151863654","2119878361","0.125"
"2119878361","151863654","0.125"
"151863654","2153411099","0.125"
"2153411099","151863654","0.125"
"1969192912","1978036582","8.76786"
"1978036582","1969192912","8.76786"
"1969192912","20184837","0.125"
"20184837","1969192912","0.125"
"1969192912","2094613751","0.625"
"2094613751","1969192912","0.625"
"1969192912","2119878361","3.76786"
"2119878361","1969192912","3.76786"
"1969192912","2153411099","0.458333"
"2153411099","1969192912","0.458333"
"1969192912","2156026066","0.125"
"2156026066","1969192912","0.125"
"1969192912","2613161123","0.125"
"2613161123","1969192912","0.125"
"1978036582","20184837","3.375"
"20184837","1978036582","3.375"
"1978036582","2094613751","1.35278"
"2094613751","1978036582","1.35278"
"1978036582","2153411099","1.65833"
"2153411099","1978036582","1.65833"
"1978036582","2156026066","2.79167"
"2156026066","1978036582","2.79167"
"20184837","2094613751","0.375"
"2094613751","20184837","0.375"
"20184837","2119878361","0.375"
"2119878361","20184837","0.375"
"20184837","2153411099","0.125"
"2153411099","20184837","0.125"
"2094613751","2119878361","0.375"
"2119878361","2094613751","0.375"
"2094613751","2153411099","0.325"
"2153411099","2094613751","0.325"
"2094613751","2156026066","1.125"
"2156026066","2094613751","1.125"
"2094613751","2613161123","0.325"
"2613161123","2094613751","0.325"
"2119878361","2153411099","0.458333"
"2153411099","2119878361","0.458333"
"2119878361","2156026066","0.125"
"2156026066","2119878361","0.125"
"2153411099","2156026066","0.125"
"2156026066","2153411099","0.125"
"2153411099","2613161123","0.325"
"2613161123","2153411099","0.325"
"151863654","2152024263","1.33333"
"2152024263","151863654","1.33333"
"2125227861","2152024263","0.333333"
"2152024263","2125227861","0.333333"
"2152024263","58080530","2.83333"
"58080530","2152024263","2.83333"
"2152024263","2156026066","5.5"
"2156026066","2152024263","5.5"
"1978387271","2083154374","0.333333"
"2083154374","1978387271","0.333333"
"151863654","1929801863","0.2"
"1929801863","151863654","0.2"
"151863654","2110085553","0.2"
"2110085553","151863654","0.2"
"1929801863","2110085553","0.2"
"2110085553","1929801863","0.2"
"1929801863","2157086973","1.45"
"2157086973","1929801863","1.45"
"1929801863","58080530","1.2"
"58080530","1929801863","1.2"
"2110085553","2156026066","8.2"
"2156026066","2110085553","8.2"
"2110085553","2157086973","0.2"
"2157086973","2110085553","0.2"
"2110085553","58080530","1.2"
"58080530","2110085553","1.2"
"1570697393","2156026066","0.533333"
"2156026066","1570697393","0.533333"
"1520923555","2125227861","5.08333"
"2125227861","1520923555","5.08333"
"1520923555","2133655663","3"
"2133655663","1520923555","3"
"2125227861","2133655663","3.58333"
"2133655663","2125227861","3.58333"
"1520923555","2139049212","3.33333"
"2139049212","1520923555","3.33333"
"1520923555","2156026066","0.5"
"2156026066","1520923555","0.5"
"2125227861","2139049212","26.0762"
"2139049212","2125227861","26.0762"
"2139049212","2156026066","5.90952"
"2156026066","2139049212","5.90952"
"1520923555","1599878308","6.66667"
"1599878308","1520923555","6.66667"
"1599878308","2125227861","7.47619"
"2125227861","1599878308","7.47619"
"1599878308","2613161123","2.14286"
"2613161123","1599878308","2.14286"
"1599878308","2139049212","2.55952"
"2139049212","1599878308","2.55952"
"1857003075","2139049212","6.5"
"2139049212","1857003075","6.5"
"2133655663","2139049212","0.25"
"2139049212","2133655663","0.25"
"1570697393","2125227861","3.33333"
"2125227861","1570697393","3.33333"
"1520923555","2061392329","1.5"
"2061392329","1520923555","1.5"
"1857003075","2061392329","3.86667"
"2061392329","1857003075","3.86667"
"1520923555","2146377002","0.25"
"2146377002","1520923555","0.25"
"1570697393","2146377002","1.25"
"2146377002","1570697393","1.25"
"1599878308","2146377002","0.25"
"2146377002","1599878308","0.25"
"2133655663","2146377002","0.25"
"2146377002","2133655663","0.25"
"1857003075","2125227861","7.78333"
"2125227861","1857003075","7.78333"
"2139049212","2613161123","3.62619"
"2613161123","2139049212","3.62619"
"1520923555","1978387271","2"
"1978387271","1520923555","2"
"1520923555","1978036582","0.166667"
"1978036582","1520923555","0.166667"
"1857003075","1978036582","0.366667"
"1978036582","1857003075","0.366667"
"1857003075","2156026066","0.166667"
"2156026066","1857003075","0.166667"
"1978036582","2125227861","4.12064"
"2125227861","1978036582","4.12064"
"1978036582","2139049212","0.666667"
"2139049212","1978036582","0.666667"
"1534364446","1840640513","1"
"1840640513","1534364446","1"
"1541499415","1599878308","0.25"
"1599878308","1541499415","0.25"
"1541499415","2103187160","0.25"
"2103187160","1541499415","0.25"
"1541499415","2133655663","0.25"
"2133655663","1541499415","0.25"
"1541499415","2155778398","0.25"
"2155778398","1541499415","0.25"
"1599878308","2103187160","0.72619"
"2103187160","1599878308","0.72619"
"1599878308","2155778398","0.5"
"2155778398","1599878308","0.5"
"2103187160","2133655663","0.583333"
"2133655663","2103187160","0.583333"
"2103187160","2155778398","3.41667"
"2155778398","2103187160","3.41667"
"2133655663","2155778398","0.5"
"2155778398","2133655663","0.5"
"1541499415","2061392329","1"
"2061392329","1541499415","1"
"1557694976","184371133","0.166667"
"184371133","1557694976","0.166667"
"1557694976","1969637804","0.166667"
"1969637804","1557694976","0.166667"
"1557694976","1978036582","0.166667"
"1978036582","1557694976","0.166667"
"1557694976","1991996694","0.866667"
"1991996694","1557694976","0.866667"
"1557694976","2094613751","0.166667"
"2094613751","1557694976","0.166667"
"1840640513","184371133","0.277778"
"184371133","1840640513","0.277778"
"1840640513","1969637804","0.166667"
"1969637804","1840640513","0.166667"
"1840640513","1978036582","0.277778"
"1978036582","1840640513","0.277778"
"1840640513","2094613751","0.277778"
"2094613751","1840640513","0.277778"
"184371133","1969637804","0.166667"
"1969637804","184371133","0.166667"
"184371133","1978036582","10.154"
"1978036582","184371133","10.154"
"184371133","1991996694","0.166667"
"1991996694","184371133","0.166667"
"184371133","2094613751","0.977778"
"2094613751","184371133","0.977778"
"1969637804","1978036582","0.166667"
"1978036582","1969637804","0.166667"
"1969637804","1991996694","0.166667"
"1991996694","1969637804","0.166667"
"1969637804","2094613751","0.166667"
"2094613751","1969637804","0.166667"
"1978036582","1991996694","0.166667"
"1991996694","1978036582","0.166667"
"1991996694","2094613751","0.166667"
"2094613751","1991996694","0.166667"
"1557694976","2084257813","0.25"
"2084257813","1557694976","0.25"
"1557694976","2111613710","0.25"
"2111613710","1557694976","0.25"
"1557694976","2613161123","0.25"
"2613161123","1557694976","0.25"
"1840640513","2111613710","0.25"
"2111613710","1840640513","0.25"
"2084257813","2111613710","0.25"
"2111613710","2084257813","0.25"
"2084257813","2613161123","0.25"
"2613161123","2084257813","0.25"
"2111613710","2613161123","3.25"
"2613161123","2111613710","3.25"
"1557694976","2083154374","0.2"
"2083154374","1557694976","0.2"
"1557694976","2156026066","0.2"
"2156026066","1557694976","0.2"
"1557694976","2295351501","0.2"
"2295351501","1557694976","0.2"
"1840640513","2295351501","0.533333"
"2295351501","1840640513","0.533333"
"1991996694","2083154374","0.2"
"2083154374","1991996694","0.2"
"1991996694","2156026066","0.533333"
"2156026066","1991996694","0.533333"
"1991996694","2295351501","0.533333"
"2295351501","1991996694","0.533333"
"2083154374","2295351501","0.2"
"2295351501","2083154374","0.2"
"2156026066","2295351501","0.533333"
"2295351501","2156026066","0.533333"
"1570697393","20184837","7.45"
"20184837","1570697393","7.45"
"1570697393","2061392329","4.2"
"2061392329","1570697393","4.2"
"1570697393","89608058","1"
"89608058","1570697393","1"
"1599878308","20184837","0.833333"
"20184837","1599878308","0.833333"
"1599878308","2138697398","0.25"
"2138697398","1599878308","0.25"
"20184837","2133655663","0.5"
"2133655663","20184837","0.5"
"20184837","2138697398","1.45"
"2138697398","20184837","1.45"
"2133655663","2138697398","0.25"
"2138697398","2133655663","0.25"
"1570697393","1929801863","1"
"1929801863","1570697393","1"
"1570697393","2150817871","1.5"
"2150817871","1570697393","1.5"
"1570697393","2077053297","3"
"2077053297","1570697393","3"
"1570697393","2139049212","0.5"
"2139049212","1570697393","0.5"
"2125227861","2150817871","16.0833"
"2150817871","2125227861","16.0833"
"1978387271","2061392329","0.4"
"2061392329","1978387271","0.4"
"1570697393","2157086973","1.5"
"2157086973","1570697393","1.5"
"1584478757","184371133","0.7"
"184371133","1584478757","0.7"
"1584478757","1978036582","0.7"
"1978036582","1584478757","0.7"
"1584478757","2119878361","0.7"
"2119878361","1584478757","0.7"
"184371133","2119878361","3.17619"
"2119878361","184371133","3.17619"
"1584478757","2103187160","0.2"
"2103187160","1584478757","0.2"
"1584478757","2160342152","0.2"
"2160342152","1584478757","0.2"
"184371133","2103187160","0.2"
"2103187160","184371133","0.2"
"184371133","2160342152","0.342857"
"2160342152","184371133","0.342857"
"1978036582","2103187160","0.2"
"2103187160","1978036582","0.2"
"2103187160","2119878361","1.2"
"2119878361","2103187160","1.2"
"2103187160","2160342152","0.2"
"2160342152","2103187160","0.2"
"1584478757","1599878308","0.166667"
"1599878308","1584478757","0.166667"
"1584478757","2061392329","0.166667"
"2061392329","1584478757","0.166667"
"1584478757","2133655663","0.166667"
"2133655663","1584478757","0.166667"
"1599878308","184371133","0.166667"
"184371133","1599878308","0.166667"
"1599878308","1978036582","0.166667"
"1978036582","1599878308","0.166667"
"1599878308","2061392329","0.833333"
"2061392329","1599878308","0.833333"
"1599878308","2119878361","0.166667"
"2119878361","1599878308","0.166667"
"184371133","2061392329","0.166667"
"2061392329","184371133","0.166667"
"184371133","2133655663","0.166667"
"2133655663","184371133","0.166667"
"1978036582","2061392329","0.866667"
"2061392329","1978036582","0.866667"
"1978036582","2133655663","0.166667"
"2133655663","1978036582","0.166667"
"2061392329","2119878361","0.666667"
"2119878361","2061392329","0.666667"
"2061392329","2133655663","0.166667"
"2133655663","2061392329","0.166667"
"2119878361","2133655663","0.166667"
"2133655663","2119878361","0.166667"
"1588589255","2110085553","0.5"
"2110085553","1588589255","0.5"
"1588589255","1978387271","2"
"1978387271","1588589255","2"
"1588589255","20184837","0.5"
"20184837","1588589255","0.5"
"1588589255","2125227861","0.5"
"2125227861","1588589255","0.5"
"1588589255","1973684765","0.333333"
"1973684765","1588589255","0.333333"
"1588589255","2142980453","0.333333"
"2142980453","1588589255","0.333333"
"1973684765","2142980453","1.33333"
"2142980453","1973684765","1.33333"
"1973684765","2156026066","0.833333"
"2156026066","1973684765","0.833333"
"1599399768","2012449655","0.611111"
"2012449655","1599399768","0.611111"
"1599399768","2072447567","0.611111"
"2072447567","1599399768","0.611111"
"1599399768","2111629426","0.611111"
"2111629426","1599399768","0.611111"
"1599399768","2158544768","0.611111"
"2158544768","1599399768","0.611111"
"2012449655","2072447567","1.94444"
"2072447567","2012449655","1.94444"
"2012449655","2111629426","1.61111"
"2111629426","2012449655","1.61111"
"2072447567","2111629426","2.11111"
"2111629426","2072447567","2.11111"
"2072447567","2158544768","2.0873"
"2158544768","2072447567","2.0873"
"2111629426","2158544768","1.11111"
"2158544768","2111629426","1.11111"
"1599399768","2163917503","0.5"
"2163917503","1599399768","0.5"
"1599399768","2613161123","1.2"
"2613161123","1599399768","1.2"
"2163917503","2613161123","2.16667"
"2613161123","2163917503","2.16667"
"1599399768","184371133","0.811111"
"184371133","1599399768","0.811111"
"1599399768","1978036582","1.31111"
"1978036582","1599399768","1.31111"
"1599399768","1840640513","0.111111"
"1840640513","1599399768","0.111111"
"1599399768","2094613751","0.311111"
"2094613751","1599399768","0.311111"
"1599399768","2125227861","0.111111"
"2125227861","1599399768","0.111111"
"1840640513","2072447567","0.944444"
"2072447567","1840640513","0.944444"
"1840640513","2111629426","0.611111"
"2111629426","1840640513","0.611111"
"1840640513","2125227861","0.111111"
"2125227861","1840640513","0.111111"
"1840640513","2158544768","0.444444"
"2158544768","1840640513","0.444444"
"184371133","2012449655","0.111111"
"2012449655","184371133","0.111111"
"184371133","2072447567","0.111111"
"2072447567","184371133","0.111111"
"184371133","2111629426","0.111111"
"2111629426","184371133","0.111111"
"184371133","2125227861","0.253968"
"2125227861","184371133","0.253968"
"184371133","2158544768","0.111111"
"2158544768","184371133","0.111111"
"1978036582","2012449655","0.111111"
"2012449655","1978036582","0.111111"
"1978036582","2072447567","0.111111"
"2072447567","1978036582","0.111111"
"1978036582","2111629426","0.611111"
"2111629426","1978036582","0.611111"
"1978036582","2158544768","0.111111"
"2158544768","1978036582","0.111111"
"2012449655","2094613751","0.111111"
"2094613751","2012449655","0.111111"
"2072447567","2094613751","0.111111"
"2094613751","2072447567","0.111111"
"2072447567","2125227861","0.111111"
"2125227861","2072447567","0.111111"
"2094613751","2111629426","0.111111"
"2111629426","2094613751","0.111111"
"2094613751","2125227861","0.111111"
"2125227861","2094613751","0.111111"
"2094613751","2158544768","0.111111"
"2158544768","2094613751","0.111111"
"2111629426","2125227861","0.111111"
"2125227861","2111629426","0.111111"
"2125227861","2158544768","0.777778"
"2158544768","2125227861","0.777778"
"1599399768","2153411099","0.2"
"2153411099","1599399768","0.2"
"184371133","2153411099","0.2"
"2153411099","184371133","0.2"
"184371133","2613161123","1.2"
"2613161123","184371133","1.2"
"1599878308","2097122809","0.642857"
"2097122809","1599878308","0.642857"
"2097122809","2125227861","3.64286"
"2125227861","2097122809","3.64286"
"2097122809","2133655663","0.333333"
"2133655663","2097122809","0.333333"
"1599878308","1929801863","1.55952"
"1929801863","1599878308","1.55952"
"1929801863","20184837","0.75"
"20184837","1929801863","0.75"
"1929801863","2152817912","1.5"
"2152817912","1929801863","1.5"
"20184837","2152817912","21.3929"
"2152817912","20184837","21.3929"
"1929801863","2061392329","1"
"2061392329","1929801863","1"
"1599878308","2156026066","0.642857"
"2156026066","1599878308","0.642857"
"2133655663","2156026066","0.333333"
"2156026066","2133655663","0.333333"
"1857003075","1929801863","0.166667"
"1929801863","1857003075","0.166667"
"1929801863","2125227861","5.70952"
"2125227861","1929801863","5.70952"
"1929801863","2139049212","1.20952"
"2139049212","1929801863","1.20952"
"2061392329","2139049212","0.5"
"2139049212","2061392329","0.5"
"1599878308","1676134498","0.25"
"1676134498","1599878308","0.25"
"1676134498","1929801863","1.81667"
"1929801863","1676134498","1.81667"
"1676134498","20184837","3.61667"
"20184837","1676134498","3.61667"
"1857003075","2155778398","2.28333"
"2155778398","1857003075","2.28333"
"2125227861","2155778398","18.95"
"2155778398","2125227861","18.95"
"2097122809","2139049212","0.642857"
"2139049212","2097122809","0.642857"
"2152817912","2613161123","4.58333"
"2613161123","2152817912","4.58333"
"1599878308","2160342152","1"
"2160342152","1599878308","1"
"1929801863","2103187160","2.42619"
"2103187160","1929801863","2.42619"
"2097122809","2103187160","4.64286"
"2103187160","2097122809","4.64286"
"2103187160","2139049212","0.342857"
"2139049212","2103187160","0.342857"
"1676134498","2156026066","5.23333"
"2156026066","1676134498","5.23333"
"1676134498","2139049212","0.983333"
"2139049212","1676134498","0.983333"
"2054784808","2139049212","0.916667"
"2139049212","2054784808","0.916667"
"1929801863","2054784808","1.33333"
"2054784808","1929801863","1.33333"
"1676134498","2155778398","2.91667"
"2155778398","1676134498","2.91667"
"2054784808","2155778398","2.41667"
"2155778398","2054784808","2.41667"
"2054784808","2156026066","3.58333"
"2156026066","2054784808","3.58333"
"1676134498","1978387271","1.83333"
"1978387271","1676134498","1.83333"
"1676134498","2012449655","0.833333"
"2012449655","1676134498","0.833333"
"1978387271","2054784808","1.83333"
"2054784808","1978387271","1.83333"
"1978387271","2155778398","2.45"
"2155778398","1978387271","2.45"
"2012449655","2054784808","0.833333"
"2054784808","2012449655","0.833333"
"2012449655","2155778398","1"
"2155778398","2012449655","1"
"1676134498","2157086973","0.583333"
"2157086973","1676134498","0.583333"
"2054784808","2157086973","0.583333"
"2157086973","2054784808","0.583333"
"1676134498","1974708480","0.25"
"1974708480","1676134498","0.25"
"1676134498","2097122809","5.33333"
"2097122809","1676134498","5.33333"
"1676134498","2295351501","0.25"
"2295351501","1676134498","0.25"
"1974708480","2054784808","0.25"
"2054784808","1974708480","0.25"
"1974708480","2097122809","0.25"
"2097122809","1974708480","0.25"
"1974708480","2295351501","0.25"
"2295351501","1974708480","0.25"
"2054784808","2097122809","3"
"2097122809","2054784808","3"
"2054784808","2295351501","0.25"
"2295351501","2054784808","0.25"
"2097122809","2295351501","0.25"
"2295351501","2097122809","0.25"
"1676134498","2077053297","2.03333"
"2077053297","1676134498","2.03333"
"2054784808","2077053297","4.03333"
"2077053297","2054784808","4.03333"
"1676134498","2125467710","0.583333"
"2125467710","1676134498","0.583333"
"1676134498","2150817871","0.75"
"2150817871","1676134498","0.75"
"2125227861","2125467710","2.25"
"2125467710","2125227861","2.25"
"2125467710","2150817871","2.75"
"2150817871","2125467710","2.75"
"2139049212","2155778398","0.75"
"2155778398","2139049212","0.75"
"2125227861","2157086973","2.56667"
"2157086973","2125227861","2.56667"
"1676134498","2152817912","0.833333"
"2152817912","1676134498","0.833333"
"2054784808","2152817912","0.916667"
"2152817912","2054784808","0.916667"
"2054784808","2125467710","0.25"
"2125467710","2054784808","0.25"
"2054784808","2150817871","0.916667"
"2150817871","2054784808","0.916667"
"1676134498","2103187160","1.2"
"2103187160","1676134498","1.2"
"2054784808","2103187160","0.666667"
"2103187160","2054784808","0.666667"
"1978387271","2077053297","5"
"2077053297","1978387271","5"
"2077053297","2150817871","14.5"
"2150817871","2077053297","14.5"
"2077053297","2152817912","0.166667"
"2152817912","2077053297","0.166667"
"2077053297","2156026066","0.5"
"2156026066","2077053297","0.5"
"2150817871","2156026066","0.666667"
"2156026066","2150817871","0.666667"
"20184837","2054784808","1.2"
"2054784808","20184837","1.2"
"20184837","2077053297","2.7"
"2077053297","20184837","2.7"
"2054784808","2138697398","0.533333"
