"1416232810","2086479834","0.5"
"2086479834","1416232810","0.5"
"1416232810","2185939569","1"
"2185939569","1416232810","1"
"2086479834","2185939569","3"
"2185939569","2086479834","3"
"1416232810","2086724024","3.5"
"2086724024","1416232810","3.5"
"2086724024","2185939569","0.5"
"2185939569","2086724024","0.5"
"1416232810","2057611633","1"
"2057611633","1416232810","1"
"1416232810","2070441110","0.5"
"2070441110","1416232810","0.5"
"1416232810","2344252714","0.5"
"2344252714","1416232810","0.5"
"2070441110","2344252714","1.5"
"2344252714","2070441110","1.5"
"1416232810","2134637266","1"
"2134637266","1416232810","1"
"146412144","1882616152","1.33333"
"1882616152","146412144","1.33333"
"146412144","2500526976","1.33333"
"2500526976","146412144","1.33333"
"146412144","2737801118","0.833333"
"2737801118","146412144","0.833333"
"146412144","2747214438","0.5"
"2747214438","146412144","0.5"
"2737801118","2747214438","8.53803"
"2747214438","2737801118","8.53803"
"146412144","1997687853","0.333333"
"1997687853","146412144","0.333333"
"1997687853","2500526976","6.98431"
"2500526976","1997687853","6.98431"
"1997687853","2737801118","0.635354"
"2737801118","1997687853","0.635354"
"2500526976","2737801118","0.604701"
"2737801118","2500526976","0.604701"
"146412144","2054449235","0.333333"
"2054449235","146412144","0.333333"
"146412144","2079784780","0.333333"
"2079784780","146412144","0.333333"
"1882616152","2054449235","0.47619"
"2054449235","1882616152","0.47619"
"1882616152","2079784780","0.333333"
"2079784780","1882616152","0.333333"
"2054449235","2079784780","0.673203"
"2079784780","2054449235","0.673203"
"1488685658","2054449235","5.5"
"2054449235","1488685658","5.5"
"1488685658","2143928158","0.5"
"2143928158","1488685658","0.5"
"2054449235","2143928158","4.37021"
"2143928158","2054449235","4.37021"
"1538611651","1587142208","0.169935"
"1587142208","1538611651","0.169935"
"1538611651","1969525310","0.294935"
"1969525310","1538611651","0.294935"
"1538611651","1985307563","0.294935"
"1985307563","1538611651","0.294935"
"1538611651","2000599157","0.169935"
"2000599157","1538611651","0.169935"
"1538611651","2013538923","0.169935"
"2013538923","1538611651","0.169935"
"1538611651","2016929372","0.169935"
"2016929372","1538611651","0.169935"
"1538611651","2021423479","0.544935"
"2021423479","1538611651","0.544935"
"1538611651","2033847562","0.419935"
"2033847562","1538611651","0.419935"
"1538611651","2054449235","0.544935"
"2054449235","1538611651","0.544935"
"1538611651","2073411490","0.294935"
"2073411490","1538611651","0.294935"
"1538611651","2074005500","0.114379"
"2074005500","1538611651","0.114379"
"1538611651","2086438841","0.794935"
"2086438841","1538611651","0.794935"
"1538611651","2093065243","0.0588235"
"2093065243","1538611651","0.0588235"
"1538611651","2093509762","0.294935"
"2093509762","1538611651","0.294935"
"1538611651","2094774132","0.114379"
"2094774132","1538611651","0.114379"
"1538611651","2134824790","0.169935"
"2134824790","1538611651","0.169935"
"1538611651","2151124713","0.0588235"
"2151124713","1538611651","0.0588235"
"1587142208","1969525310","0.520915"
"1969525310","1587142208","0.520915"
"1587142208","1985307563","2.54296"
"1985307563","1587142208","2.54296"
"1587142208","2000599157","3.47485"
"2000599157","1587142208","3.47485"
"1587142208","2013538923","7.64195"
"2013538923","1587142208","7.64195"
"1587142208","2016929372","2.2283"
"2016929372","1587142208","2.2283"
"1587142208","2021423479","2.30297"
"2021423479","1587142208","2.30297"
"1587142208","2033847562","8.48145"
"2033847562","1587142208","8.48145"
"1587142208","2054449235","16.4146"
"2054449235","1587142208","16.4146"
"1587142208","2073411490","4.15694"
"2073411490","1587142208","4.15694"
"1587142208","2074005500","0.748203"
"2074005500","1587142208","0.748203"
"1587142208","2086438841","1.60739"
"2086438841","1587142208","1.60739"
"1587142208","2093065243","2.61765"
"2093065243","1587142208","2.61765"
"1587142208","2093509762","4.25138"
"2093509762","1587142208","4.25138"
"1587142208","2094774132","2.02694"
"2094774132","1587142208","2.02694"
"1587142208","2134824790","1.99394"
"2134824790","1587142208","1.99394"
"1587142208","2151124713","0.308824"
"2151124713","1587142208","0.308824"
"1969525310","1985307563","0.632969"
"1985307563","1969525310","0.632969"
"1969525310","2000599157","1.94063"
"2000599157","1969525310","1.94063"
"1969525310","2013538923","0.975572"
"2013538923","1969525310","0.975572"
"1969525310","2016929372","1.38614"
"2016929372","1969525310","1.38614"
"1969525310","2021423479","1.00819"
"2021423479","1969525310","1.00819"
"1969525310","2033847562","0.598538"
"2033847562","1969525310","0.598538"
"1969525310","2054449235","2.15729"
"2054449235","1969525310","2.15729"
"1969525310","2073411490","3.45826"
"2073411490","1969525310","3.45826"
"1969525310","2074005500","4.37583"
"2074005500","1969525310","4.37583"
"1969525310","2086438841","3.88232"
"2086438841","1969525310","3.88232"
"1969525310","2093065243","0.19457"
"2093065243","1969525310","0.19457"
"1969525310","2093509762","1.62418"
"2093509762","1969525310","1.62418"
"1969525310","2094774132","2.20478"
"2094774132","1969525310","2.20478"
"1969525310","2134824790","1.33668"
"2134824790","1969525310","1.33668"
"1969525310","2151124713","0.135747"
"2151124713","1969525310","0.135747"
"1985307563","2000599157","3.8555"
"2000599157","1985307563","3.8555"
"1985307563","2013538923","1.97345"
"2013538923","1985307563","1.97345"
"1985307563","2016929372","1.59289"
"2016929372","1985307563","1.59289"
"1985307563","2021423479","3.04403"
"2021423479","1985307563","3.04403"
"1985307563","2033847562","5.04799"
"2033847562","1985307563","5.04799"
"1985307563","2054449235","6.0728"
"2054449235","1985307563","6.0728"
"1985307563","2073411490","3.30772"
"2073411490","1985307563","3.30772"
"1985307563","2074005500","1.09491"
"2074005500","1985307563","1.09491"
"1985307563","2086438841","1.89306"
"2086438841","1985307563","1.89306"
"1985307563","2093065243","0.277903"
"2093065243","1985307563","0.277903"
"1985307563","2093509762","3.22475"
"2093509762","1985307563","3.22475"
"1985307563","2094774132","3.17093"
"2094774132","1985307563","3.17093"
"1985307563","2134824790","2.4798"
"2134824790","1985307563","2.4798"
"1985307563","2151124713","0.21267"
"2151124713","1985307563","0.21267"
"2000599157","2013538923","3.33659"
"2013538923","2000599157","3.33659"
"2000599157","2016929372","1.91346"
"2016929372","2000599157","1.91346"
"2000599157","2021423479","4.2085"
"2021423479","2000599157","4.2085"
"2000599157","2033847562","3.4794"
"2033847562","2000599157","3.4794"
"2000599157","2054449235","6.31712"
"2054449235","2000599157","6.31712"
"2000599157","2073411490","5.4169"
"2073411490","2000599157","5.4169"
"2000599157","2074005500","1.68102"
"2074005500","2000599157","1.68102"
"2000599157","2086438841","2.96675"
"2086438841","2000599157","2.96675"
"2000599157","2093065243","0.42006"
"2093065243","2000599157","0.42006"
"2000599157","2093509762","4.1113"
"2093509762","2000599157","4.1113"
"2000599157","2094774132","1.50878"
"2094774132","2000599157","1.50878"
"2000599157","2134824790","3.08183"
"2134824790","2000599157","3.08183"
"2000599157","2151124713","0.296003"
"2151124713","2000599157","0.296003"
"2013538923","2016929372","0.629292"
"2016929372","2013538923","0.629292"
"2013538923","2021423479","2.87602"
"2021423479","2013538923","2.87602"
"2013538923","2033847562","4.61958"
"2033847562","2013538923","4.61958"
"2013538923","2054449235","8.87909"
"2054449235","2013538923","8.87909"
"2013538923","2073411490","2.80589"
"2073411490","2013538923","2.80589"
"2013538923","2074005500","3.20409"
"2074005500","2013538923","3.20409"
"2013538923","2086438841","2.33024"
"2086438841","2013538923","2.33024"
"2013538923","2093065243","0.843137"
"2093065243","2013538923","0.843137"
"2013538923","2093509762","4.83396"
"2093509762","2013538923","4.83396"
"2013538923","2094774132","2.45848"
"2094774132","2013538923","2.45848"
"2013538923","2134824790","2.53068"
"2134824790","2013538923","2.53068"
"2013538923","2151124713","0.385747"
"2151124713","2013538923","0.385747"
"2016929372","2021423479","2.31048"
"2021423479","2016929372","2.31048"
"2016929372","2033847562","1.39567"
"2033847562","2016929372","1.39567"
"2016929372","2054449235","3.24361"
"2054449235","2016929372","3.24361"
"2016929372","2073411490","2.58515"
"2073411490","2016929372","2.58515"
"2016929372","2074005500","0.507236"
"2074005500","2016929372","0.507236"
"2016929372","2086438841","3.01699"
"2086438841","2016929372","3.01699"
"2016929372","2093065243","0.0588235"
"2093065243","2016929372","0.0588235"
"2016929372","2093509762","0.631078"
"2093509762","2016929372","0.631078"
"2016929372","2094774132","0.492845"
"2094774132","2016929372","0.492845"
"2016929372","2134824790","1.01024"
"2134824790","2016929372","1.01024"
"2016929372","2151124713","0.0588235"
"2151124713","2016929372","0.0588235"
"2021423479","2033847562","3.24848"
"2033847562","2021423479","3.24848"
"2021423479","2054449235","6.30496"
"2054449235","2021423479","6.30496"
"2021423479","2073411490","4.33093"
"2073411490","2021423479","4.33093"
"2021423479","2074005500","1.64649"
"2074005500","2021423479","1.64649"
"2021423479","2086438841","3.25932"
"2086438841","2021423479","3.25932"
"2021423479","2093065243","0.42006"
"2093065243","2021423479","0.42006"
"2021423479","2093509762","2.90767"
"2093509762","2021423479","2.90767"
"2021423479","2094774132","0.960115"
"2094774132","2021423479","0.960115"
"2021423479","2134824790","3.83475"
"2134824790","2021423479","3.83475"
"2021423479","2151124713","0.296003"
"2151124713","2021423479","0.296003"
"2033847562","2054449235","13.2108"
"2054449235","2033847562","13.2108"
"2033847562","2073411490","4.94482"
"2073411490","2033847562","4.94482"
"2033847562","2074005500","1.77943"
"2074005500","2033847562","1.77943"
"2033847562","2086438841","1.56002"
"2086438841","2033847562","1.56002"
"2033847562","2093065243","1.58673"
"2093065243","2033847562","1.58673"
"2033847562","2093509762","3.67901"
"2093509762","2033847562","3.67901"
"2033847562","2094774132","1.45288"
"2094774132","2033847562","1.45288"
"2033847562","2134824790","2.01204"
"2134824790","2033847562","2.01204"
"2033847562","2151124713","0.46267"
"2151124713","2033847562","0.46267"
"2054449235","2073411490","10.3354"
"2073411490","2054449235","10.3354"
"2054449235","2074005500","7.51435"
"2074005500","2054449235","7.51435"
"2054449235","2086438841","4.77284"
"2086438841","2054449235","4.77284"
"2054449235","2093065243","6.12006"
"2093065243","2054449235","6.12006"
"2054449235","2093509762","10.8321"
"2093509762","2054449235","10.8321"
"2054449235","2094774132","3.81531"
"2094774132","2054449235","3.81531"
"2054449235","2134824790","3.52155"
"2134824790","2054449235","3.52155"
"2054449235","2151124713","0.46267"
"2151124713","2054449235","0.46267"
"2073411490","2074005500","2.42824"
"2074005500","2073411490","2.42824"
"2073411490","2086438841","5.95168"
"2086438841","2073411490","5.95168"
"2073411490","2093065243","0.361237"
"2093065243","2073411490","0.361237"
"2073411490","2093509762","5.22643"
"2093509762","2073411490","5.22643"
"2073411490","2094774132","2.21289"
"2094774132","2073411490","2.21289"
"2073411490","2134824790","3.17732"
"2134824790","2073411490","3.17732"
"2073411490","2151124713","0.296003"
"2151124713","2073411490","0.296003"
"2074005500","2086438841","2.52076"
"2086438841","2074005500","2.52076"
"2074005500","2093065243","0.361237"
"2093065243","2074005500","0.361237"
"2074005500","2093509762","5.5786"
"2093509762","2074005500","5.5786"
"2074005500","2094774132","1.36124"
"2094774132","2074005500","1.36124"
"2074005500","2134824790","0.861237"
"2134824790","2074005500","0.861237"
"2074005500","2151124713","0.296003"
"2151124713","2074005500","0.296003"
"2086438841","2093065243","0.343137"
"2093065243","2086438841","0.343137"
"2086438841","2093509762","10.2043"
"2093509762","2086438841","10.2043"
"2086438841","2094774132","4.69351"
"2094774132","2086438841","4.69351"
"2086438841","2134824790","3.2112"
"2134824790","2086438841","3.2112"
"2086438841","2151124713","0.21908"
"2151124713","2086438841","0.21908"
"2093065243","2093509762","0.284314"
"2093509762","2093065243","0.284314"
"2093065243","2094774132","0.19457"
"2094774132","2093065243","0.19457"
"2093065243","2134824790","0.343137"
"2134824790","2093065243","0.343137"
"2093065243","2151124713","0.385747"
"2151124713","2093065243","0.385747"
"2093509762","2094774132","1.57976"
"2094774132","2093509762","1.57976"
"2093509762","2134824790","3.44864"
"2134824790","2093509762","3.44864"
"2093509762","2151124713","0.21908"
"2151124713","2093509762","0.21908"
"2094774132","2134824790","1.52832"
"2134824790","2094774132","1.52832"
"2094774132","2151124713","0.135747"
"2151124713","2094774132","0.135747"
"2134824790","2151124713","0.21908"
"2151124713","2134824790","0.21908"
"1538611651","1989740172","0.861111"
"1989740172","1538611651","0.861111"
"1538611651","1997687853","0.111111"
"1997687853","1538611651","0.111111"
"1538611651","1999662701","0.0555556"
"1999662701","1538611651","0.0555556"
"1538611651","2048258463","0.180556"
"2048258463","1538611651","0.180556"
"1587142208","1989740172","0.646157"
"1989740172","1587142208","0.646157"
"1587142208","1997687853","0.528758"
"1997687853","1587142208","0.528758"
"1587142208","1999662701","0.613431"
"1999662701","1587142208","0.613431"
"1587142208","2048258463","0.938411"
"2048258463","1587142208","0.938411"
"1969525310","1989740172","0.875616"
"1989740172","1969525310","0.875616"
"1969525310","1997687853","1.95541"
"1997687853","1969525310","1.95541"
"1969525310","1999662701","0.881046"
"1999662701","1969525310","0.881046"
"1969525310","2048258463","0.927903"
"2048258463","1969525310","0.927903"
"1985307563","1989740172","2.58857"
"1989740172","1985307563","2.58857"
"1985307563","1997687853","0.618391"
"1997687853","1985307563","0.618391"
"1985307563","1999662701","1.16621"
"1999662701","1985307563","1.16621"
"1985307563","2048258463","0.976854"
"2048258463","1985307563","0.976854"
"1989740172","1997687853","1.56986"
"1997687853","1989740172","1.56986"
"1989740172","1999662701","2.08144"
"1999662701","1989740172","2.08144"
"1989740172","2000599157","2.59698"
"2000599157","1989740172","2.59698"
"1989740172","2013538923","0.590695"
"2013538923","1989740172","0.590695"
"1989740172","2016929372","1.7493"
"2016929372","1989740172","1.7493"
"1989740172","2021423479","4.26038"
"2021423479","1989740172","4.26038"
"1989740172","2033847562","0.830924"
"2033847562","1989740172","0.830924"
"1989740172","2048258463","1.14199"
"2048258463","1989740172","1.14199"
"1989740172","2054449235","4.55115"
"2054449235","1989740172","4.55115"
"1989740172","2073411490","2.02517"
"2073411490","1989740172","2.02517"
"1989740172","2086438841","3.7897"
"2086438841","1989740172","3.7897"
"1989740172","2093509762","1.28415"
"2093509762","1989740172","1.28415"
"1989740172","2094774132","1.09669"
"2094774132","1989740172","1.09669"
"1989740172","2134824790","1.41331"
"2134824790","1989740172","1.41331"
"1997687853","1999662701","1.4989"
"1999662701","1997687853","1.4989"
"1997687853","2000599157","2.43994"
"2000599157","1997687853","2.43994"
"1997687853","2013538923","0.598693"
"2013538923","1997687853","0.598693"
"1997687853","2016929372","1.966"
"2016929372","1997687853","1.966"
"1997687853","2021423479","2.3823"
"2021423479","1997687853","2.3823"
"1997687853","2033847562","0.471858"
"2033847562","1997687853","0.471858"
"1997687853","2048258463","2.38882"
"2048258463","1997687853","2.38882"
"1997687853","2054449235","5.13974"
"2054449235","1997687853","5.13974"
"1997687853","2073411490","1.83674"
"2073411490","1997687853","1.83674"
"1997687853","2086438841","1.48619"
"2086438841","1997687853","1.48619"
"1997687853","2093509762","0.983415"
"2093509762","1997687853","0.983415"
"1997687853","2094774132","1.05548"
"2094774132","1997687853","1.05548"
"1997687853","2134824790","0.704248"
"2134824790","1997687853","0.704248"
"1999662701","2000599157","2.2167"
"2000599157","1999662701","2.2167"
"1999662701","2013538923","0.657969"
"2013538923","1999662701","0.657969"
"1999662701","2016929372","1.10073"
"2016929372","1999662701","1.10073"
"1999662701","2021423479","1.53456"
"2021423479","1999662701","1.53456"
"1999662701","2033847562","0.597255"
"2033847562","1999662701","0.597255"
"1999662701","2048258463","0.979365"
"2048258463","1999662701","0.979365"
"1999662701","2054449235","1.94203"
"2054449235","1999662701","1.94203"
"1999662701","2073411490","1.43407"
"2073411490","1999662701","1.43407"
"1999662701","2086438841","1.40196"
"2086438841","1999662701","1.40196"
"1999662701","2093509762","0.824178"
"2093509762","1999662701","0.824178"
"1999662701","2094774132","0.739621"
"2094774132","1999662701","0.739621"
"1999662701","2134824790","1.15559"
"2134824790","1999662701","1.15559"
"2000599157","2048258463","1.8022"
"2048258463","2000599157","1.8022"
"2013538923","2048258463","0.615792"
"2048258463","2013538923","0.615792"
"2016929372","2048258463","2.31597"
"2048258463","2016929372","2.31597"
"2021423479","2048258463","1.9327"
"2048258463","2021423479","1.9327"
"2033847562","2048258463","1.02269"
"2048258463","2033847562","1.02269"
"2048258463","2054449235","1.76791"
"2054449235","2048258463","1.76791"
"2048258463","2073411490","1.70631"
"2073411490","2048258463","1.70631"
"2048258463","2086438841","1.55445"
"2086438841","2048258463","1.55445"
"2048258463","2093509762","1.07542"
"2093509762","2048258463","1.07542"
"2048258463","2094774132","2.56236"
"2094774132","2048258463","2.56236"
"2048258463","2134824790","1.62174"
"2134824790","2048258463","1.62174"
"1538611651","2005943617","0.0555556"
"2005943617","1538611651","0.0555556"
"1538611651","2079784780","0.0555556"
"2079784780","1538611651","0.0555556"
"1587142208","2005943617","0.0555556"
"2005943617","1587142208","0.0555556"
"1587142208","2079784780","0.197712"
"2079784780","1587142208","0.197712"
"1969525310","2005943617","1.55556"
"2005943617","1969525310","1.55556"
"1969525310","2079784780","0.173203"
"2079784780","1969525310","0.173203"
"1985307563","2005943617","0.805556"
"2005943617","1985307563","0.805556"
"1985307563","2079784780","0.583333"
"2079784780","1985307563","0.583333"
"1989740172","2005943617","0.0555556"
"2005943617","1989740172","0.0555556"
"1989740172","2074005500","0.549145"
"2074005500","1989740172","0.549145"
"1989740172","2079784780","0.284314"
"2079784780","1989740172","0.284314"
"1997687853","2005943617","0.0555556"
"2005943617","1997687853","0.0555556"
"1997687853","2074005500","0.932479"
"2074005500","1997687853","0.932479"
"1997687853","2079784780","0.173203"
"2079784780","1997687853","0.173203"
"2000599157","2005943617","0.0555556"
"2005943617","2000599157","0.0555556"
"2000599157","2079784780","1.36765"
"2079784780","2000599157","1.36765"
"2005943617","2013538923","0.0555556"
"2013538923","2005943617","0.0555556"
"2005943617","2016929372","0.305556"
"2016929372","2005943617","0.305556"
"2005943617","2021423479","0.0555556"
"2021423479","2005943617","0.0555556"
"2005943617","2033847562","0.0555556"
"2033847562","2005943617","0.0555556"
"2005943617","2054449235","0.388889"
"2054449235","2005943617","0.388889"
"2005943617","2073411490","0.0555556"
"2073411490","2005943617","0.0555556"
"2005943617","2074005500","1.88889"
"2074005500","2005943617","1.88889"
"2005943617","2079784780","0.0555556"
"2079784780","2005943617","0.0555556"
"2005943617","2086438841","0.305556"
"2086438841","2005943617","0.305556"
"2005943617","2093509762","0.0555556"
"2093509762","2005943617","0.0555556"
"2005943617","2134824790","0.0555556"
"2134824790","2005943617","0.0555556"
"2013538923","2079784780","0.173203"
"2079784780","2013538923","0.173203"
"2016929372","2079784780","0.916667"
"2079784780","2016929372","0.916667"
"2021423479","2079784780","0.22549"
"2079784780","2021423479","0.22549"
"2033847562","2079784780","0.197712"
"2079784780","2033847562","0.197712"
"2073411490","2079784780","0.392157"
"2079784780","2073411490","0.392157"
"2074005500","2079784780","0.0555556"
"2079784780","2074005500","0.0555556"
"2079784780","2086438841","2.11765"
"2086438841","2079784780","2.11765"
"2079784780","2093509762","0.256536"
"2093509762","2079784780","0.256536"
"2079784780","2134824790","0.173203"
"2134824790","2079784780","0.173203"
"1587142208","1997250138","1.7"
"1997250138","1587142208","1.7"
"1997250138","2013538923","1.2"
"2013538923","1997250138","1.2"
"1997250138","2054449235","7.2"
"2054449235","1997250138","7.2"
"1587142208","2035911117","0.508824"
"2035911117","1587142208","0.508824"
"1587142208","2045048287","0.45"
"2045048287","1587142208","0.45"
"2013538923","2035911117","0.258824"
"2035911117","2013538923","0.258824"
"2013538923","2045048287","0.2"
"2045048287","2013538923","0.2"
"2033847562","2035911117","0.508824"
"2035911117","2033847562","0.508824"
"2033847562","2045048287","0.45"
"2045048287","2033847562","0.45"
"2035911117","2045048287","0.45"
"2045048287","2035911117","0.45"
"2035911117","2054449235","1.00882"
"2054449235","2035911117","1.00882"
"2045048287","2054449235","0.45"
"2054449235","2045048287","0.45"
"1587142208","2143928158","2.39402"
"2143928158","1587142208","2.39402"
"1985307563","2143928158","0.703546"
"2143928158","1985307563","0.703546"
"2000599157","2143928158","0.612637"
"2143928158","2000599157","0.612637"
"2013538923","2143928158","0.703546"
"2143928158","2013538923","0.703546"
"2021423479","2143928158","0.394023"
"2143928158","2021423479","0.394023"
"2033847562","2143928158","1.03688"
"2143928158","2033847562","1.03688"
"2073411490","2143928158","0.560689"
"2143928158","2073411490","0.560689"
"2086438841","2143928158","0.46978"
"2143928158","2086438841","0.46978"
"2093509762","2143928158","0.703546"
"2143928158","2093509762","0.703546"
"2094774132","2143928158","0.894023"
"2143928158","2094774132","0.894023"
"2134824790","2143928158","0.560689"
"2143928158","2134824790","0.560689"
"1989740172","2143928158","0.386447"
"2143928158","1989740172","0.386447"
"1587142208","2548196244","0.22549"
"2548196244","1587142208","0.22549"
"2013538923","2548196244","0.472348"
"2548196244","2013538923","0.472348"
"2033847562","2548196244","0.302413"
"2548196244","2033847562","0.302413"
"2054449235","2548196244","1.47235"
"2548196244","2054449235","1.47235"
"2093065243","2548196244","0.22549"
"2548196244","2093065243","0.22549"
"2151124713","2548196244","0.24359"
"2548196244","2151124713","0.24359"
"1999662701","2074005500","0.925"
"2074005500","1999662701","0.925"
"2048258463","2143928158","0.400433"
"2143928158","2048258463","0.400433"
"2048258463","2074005500","0.34408"
"2074005500","2048258463","0.34408"
"1587142208","48766577","0.169935"
"48766577","1587142208","0.169935"
"1985307563","48766577","0.336601"
"48766577","1985307563","0.336601"
"2000599157","48766577","0.520425"
"48766577","2000599157","0.520425"
"2013538923","48766577","0.895425"
"48766577","2013538923","0.895425"
"2021423479","48766577","0.353758"
"48766577","2021423479","0.353758"
"2033847562","48766577","0.538282"
"48766577","2033847562","0.538282"
"2054449235","48766577","1.72876"
"48766577","2054449235","1.72876"
"2073411490","48766577","0.437792"
"48766577","2073411490","0.437792"
"2134824790","48766577","0.353758"
"48766577","2134824790","0.353758"
"2093065243","2143928158","0.666667"
"2143928158","2093065243","0.666667"
"1587142208","2276298621","0.381933"
"2276298621","1587142208","0.381933"
"1587142208","2463099489","0.256443"
"2463099489","1587142208","0.256443"
"1587142208","2500526976","0.558856"
"2500526976","1587142208","0.558856"
"1587142208","2552836761","0.364286"
"2552836761","1587142208","0.364286"
"1969525310","2276298621","0.970566"
"2276298621","1969525310","0.970566"
"1969525310","2463099489","0.292157"
"2463099489","1969525310","0.292157"
"1969525310","2500526976","0.767647"
"2500526976","1969525310","0.767647"
"1969525310","2552836761","0.511111"
"2552836761","1969525310","0.511111"
"1985307563","2276298621","0.318943"
"2276298621","1985307563","0.318943"
"1985307563","2463099489","0.260119"
"2463099489","1985307563","0.260119"
"1985307563","2500526976","0.624542"
"2500526976","1985307563","0.624542"
"1985307563","2552836761","0.176786"
"2552836761","1985307563","0.176786"
"1989740172","2276298621","0.763387"
"2276298621","1989740172","0.763387"
"1989740172","2463099489","0.780054"
"2463099489","1989740172","0.780054"
"1989740172","2500526976","0.968044"
"2500526976","1989740172","0.968044"
"1989740172","2552836761","0.924008"
"2552836761","1989740172","0.924008"
"1999662701","2276298621","0.707875"
"2276298621","1999662701","0.707875"
"1999662701","2463099489","0.214286"
"2463099489","1999662701","0.214286"
"1999662701","2500526976","1.32647"
"2500526976","1999662701","1.32647"
"1999662701","2552836761","1.40595"
"2552836761","1999662701","1.40595"
"2000599157","2276298621","1.12701"
"2276298621","2000599157","1.12701"
"2000599157","2463099489","0.423109"
"2463099489","2000599157","0.423109"
"2000599157","2500526976","0.492189"
"2500526976","2000599157","0.492189"
"2000599157","2552836761","0.617063"
"2552836761","2000599157","0.617063"
"2021423479","2276298621","0.556175"
"2276298621","2021423479","0.556175"
"2021423479","2463099489","0.173109"
"2463099489","2021423479","0.173109"
"2021423479","2500526976","0.316699"
"2500526976","2021423479","0.316699"
"2021423479","2552836761","0.239286"
"2552836761","2021423479","0.239286"
"2033847562","2276298621","0.573109"
"2276298621","2033847562","0.573109"
"2033847562","2463099489","0.197619"
"2463099489","2033847562","0.197619"
"2033847562","2500526976","0.441209"
"2500526976","2033847562","0.441209"
"2033847562","2552836761","0.239286"
"2552836761","2033847562","0.239286"
"2048258463","2276298621","1.51388"
"2276298621","2048258463","1.51388"
"2048258463","2463099489","2.19672"
"2463099489","2048258463","2.19672"
"2048258463","2500526976","0.493044"
"2500526976","2048258463","0.493044"
"2048258463","2552836761","1.19067"
"2552836761","2048258463","1.19067"
"2054449235","2276298621","1.61207"
"2276298621","2054449235","1.61207"
"2054449235","2463099489","1.23958"
"2463099489","2054449235","1.23958"
"2054449235","2500526976","1.21475"
"2500526976","2054449235","1.21475"
"2054449235","2552836761","1.2502"
"2552836761","2054449235","1.2502"
"2073411490","2276298621","2.26716"
"2276298621","2073411490","2.26716"
"2073411490","2463099489","0.669643"
"2463099489","2073411490","0.669643"
"2073411490","2500526976","0.726223"
"2500526976","2073411490","0.726223"
"2073411490","2552836761","0.722421"
"2552836761","2073411490","0.722421"
"2086438841","2276298621","2.51719"
"2276298621","2086438841","2.51719"
"2086438841","2463099489","0.710609"
"2463099489","2086438841","0.710609"
"2086438841","2500526976","1.06911"
"2500526976","2086438841","1.06911"
"2086438841","2552836761","0.679563"
"2552836761","2086438841","0.679563"
"2276298621","2463099489","1.90624"
"2463099489","2276298621","1.90624"
"2276298621","2500526976","0.737334"
"2500526976","2276298621","0.737334"
"2276298621","2552836761","0.430754"
"2552836761","2276298621","0.430754"
"2463099489","2500526976","0.677077"
"2500526976","2463099489","0.677077"
"2463099489","2552836761","0.889087"
"2552836761","2463099489","0.889087"
"2500526976","2552836761","0.759921"
"2552836761","2500526976","0.759921"
"1587142208","1994155216","0.558824"
"1994155216","1587142208","0.558824"
"1985307563","1994155216","0.135747"
"1994155216","1985307563","0.135747"
"1985307563","2035911117","0.0588235"
"2035911117","1985307563","0.0588235"
"1994155216","2000599157","0.246858"
"2000599157","1994155216","0.246858"
"1994155216","2013538923","1.83019"
"2013538923","1994155216","1.83019"
"1994155216","2021423479","0.246858"
"2021423479","1994155216","0.246858"
"1994155216","2033847562","0.135747"
"2033847562","1994155216","0.135747"
"1994155216","2035911117","0.0588235"
"2035911117","1994155216","0.0588235"
"1994155216","2048258463","0.0588235"
"2048258463","1994155216","0.0588235"
"1994155216","2054449235","1.66352"
"2054449235","1994155216","1.66352"
"1994155216","2073411490","0.135747"
"2073411490","1994155216","0.135747"
"1994155216","2074005500","8.24686"
"2074005500","1994155216","8.24686"
"1994155216","2086438841","0.246858"
"2086438841","1994155216","0.246858"
"1994155216","2093065243","0.0588235"
"2093065243","1994155216","0.0588235"
"1994155216","2094774132","0.392157"
"2094774132","1994155216","0.392157"
"1994155216","2134824790","0.246858"
"2134824790","1994155216","0.246858"
"1994155216","2276298621","0.0588235"
"2276298621","1994155216","0.0588235"
"1994155216","48766577","0.0588235"
"48766577","1994155216","0.0588235"
"2000599157","2035911117","0.0588235"
"2035911117","2000599157","0.0588235"
"2013538923","2276298621","0.646814"
"2276298621","2013538923","0.646814"
"2021423479","2035911117","0.0588235"
"2035911117","2021423479","0.0588235"
"2035911117","2048258463","0.0588235"
"2048258463","2035911117","0.0588235"
"2035911117","2073411490","0.0588235"
"2073411490","2035911117","0.0588235"
"2035911117","2074005500","0.0588235"
"2074005500","2035911117","0.0588235"
"2035911117","2086438841","0.0588235"
"2086438841","2035911117","0.0588235"
"2035911117","2093065243","0.558824"
"2093065243","2035911117","0.558824"
"2035911117","2094774132","0.0588235"
"2094774132","2035911117","0.0588235"
"2035911117","2134824790","0.0588235"
"2134824790","2035911117","0.0588235"
"2035911117","2276298621","0.0588235"
"2276298621","2035911117","0.0588235"
"2035911117","48766577","0.0588235"
"48766577","2035911117","0.0588235"
"2048258463","2093065243","0.135747"
"2093065243","2048258463","0.135747"
"2048258463","48766577","0.0588235"
"48766577","2048258463","0.0588235"
"2074005500","2276298621","0.433824"
"2276298621","2074005500","0.433824"
"2074005500","48766577","0.993347"
"48766577","2074005500","0.993347"
"2086438841","48766577","1.21884"
"48766577","2086438841","1.21884"
"2093065243","2276298621","0.0588235"
"2276298621","2093065243","0.0588235"
"2093065243","48766577","0.117647"
"48766577","2093065243","0.117647"
"2094774132","2276298621","0.517189"
"2276298621","2094774132","0.517189"
"2094774132","48766577","0.0588235"
"48766577","2094774132","0.0588235"
"2134824790","2276298621","0.861099"
"2276298621","2134824790","0.861099"
"2276298621","48766577","0.0588235"
"48766577","2276298621","0.0588235"
"1969525310","2548196244","0.117647"
"2548196244","1969525310","0.117647"
"1989740172","2548196244","0.117647"
"2548196244","1989740172","0.117647"
"1997687853","2276298621","1.96223"
"2276298621","1997687853","1.96223"
"1997687853","2463099489","0.346324"
"2463099489","1997687853","0.346324"
"1997687853","2548196244","0.117647"
"2548196244","1997687853","0.117647"
"2000599157","2548196244","0.305681"
"2548196244","2000599157","0.305681"
"2013538923","2463099489","0.0588235"
"2463099489","2013538923","0.0588235"
"2013538923","2500526976","0.261237"
"2500526976","2013538923","0.261237"
"2016929372","2276298621","1.89001"
"2276298621","2016929372","1.89001"
"2016929372","2463099489","0.652077"
"2463099489","2016929372","0.652077"
"2016929372","2500526976","0.854001"
"2500526976","2016929372","0.854001"
"2016929372","2548196244","0.0588235"
"2548196244","2016929372","0.0588235"
"2021423479","2548196244","0.305681"
"2548196244","2021423479","0.305681"
"2048258463","2548196244","0.0588235"
"2548196244","2048258463","0.0588235"
"2086438841","2548196244","0.305681"
"2548196244","2086438841","0.305681"
"2093509762","2276298621","0.454199"
"2276298621","2093509762","0.454199"
"2093509762","2463099489","0.168943"
"2463099489","2093509762","0.168943"
"2093509762","2500526976","0.585779"
"2500526976","2093509762","0.585779"
"2093509762","2548196244","0.305681"
"2548196244","2093509762","0.305681"
"2094774132","2463099489","0.352276"
"2463099489","2094774132","0.352276"
"2094774132","2500526976","0.392189"
"2500526976","2094774132","0.392189"
"2094774132","2548196244","0.0588235"
"2548196244","2094774132","0.0588235"
"2134824790","2463099489","0.273109"
"2463099489","2134824790","0.273109"
"2134824790","2500526976","0.517189"
"2500526976","2134824790","0.517189"
"2134824790","2548196244","0.305681"
"2548196244","2134824790","0.305681"
"2276298621","2548196244","0.0588235"
"2548196244","2276298621","0.0588235"
"2463099489","2548196244","0.0588235"
"2548196244","2463099489","0.0588235"
"2500526976","2548196244","0.0588235"
"2548196244","2500526976","0.0588235"
"2048258463","2079784780","0.142157"
"2079784780","2048258463","0.142157"
"2079784780","2094774132","0.142157"
"2094774132","2079784780","0.142157"
"2079784780","2276298621","0.5"
"2276298621","2079784780","0.5"
"2079784780","2463099489","0.0833333"
"2463099489","2079784780","0.0833333"
"2079784780","2500526976","1.22549"
"2500526976","2079784780","1.22549"
"1587142208","2344321186","0.15873"
"2344321186","1587142208","0.15873"
"1587142208","2346877529","0.45873"
"2346877529","1587142208","0.45873"
"1587142208","2585056138","0.172619"
"2585056138","1587142208","0.172619"
"1985307563","2344321186","0.172619"
"2344321186","1985307563","0.172619"
"1985307563","2346877529","0.272619"
"2346877529","1985307563","0.272619"
"1985307563","2585056138","0.047619"
"2585056138","1985307563","0.047619"
"1989740172","2344321186","0.239286"
"2344321186","1989740172","0.239286"
"1989740172","2346877529","0.322619"
"2346877529","1989740172","0.322619"
"1989740172","2585056138","0.767063"
"2585056138","1989740172","0.767063"
"1999662701","2344321186","0.697619"
"2344321186","1999662701","0.697619"
"1999662701","2346877529","0.997619"
"2346877529","1999662701","0.997619"
"1999662701","2585056138","0.239286"
"2585056138","1999662701","0.239286"
"2000599157","2344321186","0.499639"
"2344321186","2000599157","0.499639"
"2000599157","2346877529","0.899639"
"2346877529","2000599157","0.899639"
"2000599157","2585056138","0.325397"
"2585056138","2000599157","0.325397"
"2016929372","2344321186","0.906385"
"2344321186","2016929372","0.906385"
"2016929372","2346877529","0.381385"
"2346877529","2016929372","0.381385"
"2016929372","2552836761","0.718254"
"2552836761","2016929372","0.718254"
"2016929372","2585056138","0.047619"
"2585056138","2016929372","0.047619"
"2021423479","2344321186","0.138528"
"2344321186","2021423479","0.138528"
"2021423479","2346877529","0.338528"
"2346877529","2021423479","0.338528"
"2021423479","2585056138","0.047619"
"2585056138","2021423479","0.047619"
"2033847562","2344321186","0.28373"
"2344321186","2033847562","0.28373"
"2033847562","2346877529","0.38373"
"2346877529","2033847562","0.38373"
"2033847562","2585056138","0.047619"
"2585056138","2033847562","0.047619"
"2048258463","2344321186","1.50595"
"2344321186","2048258463","1.50595"
"2048258463","2346877529","0.505952"
"2346877529","2048258463","0.505952"
"2048258463","2585056138","0.550397"
"2585056138","2048258463","0.550397"
"2054449235","2344321186","1.06631"
"2344321186","2054449235","1.06631"
"2054449235","2346877529","2.14964"
"2346877529","2054449235","2.14964"
"2054449235","2585056138","0.742063"
"2585056138","2054449235","0.742063"
"2073411490","2344321186","0.676587"
"2344321186","2073411490","0.676587"
"2073411490","2346877529","1.02659"
"2346877529","2073411490","1.02659"
"2073411490","2585056138","0.65873"
"2585056138","2073411490","0.65873"
"2086438841","2344321186","0.672619"
"2344321186","2086438841","0.672619"
"2086438841","2346877529","0.130952"
"2346877529","2086438841","0.130952"
"2086438841","2585056138","0.575397"
"2585056138","2086438841","0.575397"
"2093509762","2344321186","0.422619"
"2344321186","2093509762","0.422619"
"2093509762","2346877529","0.505952"
"2346877529","2093509762","0.505952"
"2093509762","2552836761","0.335119"
"2552836761","2093509762","0.335119"
"2093509762","2585056138","0.272619"
"2585056138","2093509762","0.272619"
"2094774132","2344321186","0.15873"
"2344321186","2094774132","0.15873"
"2094774132","2346877529","0.35873"
"2346877529","2094774132","0.35873"
"2094774132","2552836761","0.110119"
"2552836761","2094774132","0.110119"
"2094774132","2585056138","1.14762"
"2585056138","2094774132","1.14762"
"2134824790","2344321186","0.239286"
"2344321186","2134824790","0.239286"
"2134824790","2346877529","0.322619"
"2346877529","2134824790","0.322619"
"2134824790","2552836761","0.530952"
"2552836761","2134824790","0.530952"
"2134824790","2585056138","0.530952"
"2585056138","2134824790","0.530952"
"2276298621","2344321186","1.65639"
"2344321186","2276298621","1.65639"
"2276298621","2346877529","0.406385"
"2346877529","2276298621","0.406385"
"2276298621","2585056138","0.297619"
"2585056138","2276298621","0.297619"
"2344321186","2346877529","2.18416"
"2346877529","2344321186","2.18416"
"2344321186","2463099489","0.172619"
"2463099489","2344321186","0.172619"
"2344321186","2500526976","0.422619"
"2500526976","2344321186","0.422619"
"2344321186","2552836761","0.797619"
"2552836761","2344321186","0.797619"
"2344321186","2585056138","0.339286"
"2585056138","2344321186","0.339286"
"2346877529","2463099489","0.047619"
"2463099489","2346877529","0.047619"
"2346877529","2500526976","0.355952"
"2500526976","2346877529","0.355952"
"2346877529","2552836761","0.339286"
"2552836761","2346877529","0.339286"
"2346877529","2585056138","0.339286"
"2585056138","2346877529","0.339286"
"2463099489","2585056138","0.714286"
"2585056138","2463099489","0.714286"
"2500526976","2585056138","0.172619"
"2585056138","2500526976","0.172619"
"2552836761","2585056138","0.742063"
"2585056138","2552836761","0.742063"
"1587142208","2517012834","0.125"
"2517012834","1587142208","0.125"
"1587142208","2612102978","0.402778"
"2612102978","1587142208","0.402778"
"2048258463","2517012834","0.1875"
"2517012834","2048258463","0.1875"
"2048258463","2612102978","0.520833"
"2612102978","2048258463","0.520833"
"2054449235","2517012834","0.270833"
"2517012834","2054449235","0.270833"
"2054449235","2612102978","0.913131"
"2612102978","2054449235","0.913131"
"2093509762","2517012834","0.520833"
"2517012834","2093509762","0.520833"
"2093509762","2612102978","0.370833"
"2612102978","2093509762","0.370833"
"2134824790","2517012834","0.125"
"2517012834","2134824790","0.125"
"2134824790","2612102978","0.404167"
"2612102978","2134824790","0.404167"
"2517012834","2552836761","0.520833"
"2552836761","2517012834","0.520833"
"2517012834","2585056138","0.125"
"2585056138","2517012834","0.125"
"2517012834","2612102978","5.27083"
"2612102978","2517012834","5.27083"
"2552836761","2612102978","0.979167"
"2612102978","2552836761","0.979167"
"2585056138","2612102978","1.05833"
"2612102978","2585056138","1.05833"
"2013538923","2346877529","0.311111"
"2346877529","2013538923","0.311111"
"1985307563","2612102978","0.329167"
"2612102978","1985307563","0.329167"
"1997687853","2346877529","1.98258"
"2346877529","1997687853","1.98258"
"1997687853","2612102978","1.15619"
"2612102978","1997687853","1.15619"
"1999662701","2612102978","0.733333"
"2612102978","1999662701","0.733333"
"2016929372","2612102978","0.722854"
"2612102978","2016929372","0.722854"
"2033847562","2612102978","0.277778"
"2612102978","2033847562","0.277778"
"2073411490","2612102978","0.569444"
"2612102978","2073411490","0.569444"
"2346877529","2612102978","2.38535"
"2612102978","2346877529","2.38535"
"2500526976","2612102978","0.833333"
"2612102978","2500526976","0.833333"
"2000599157","2612102978","0.431187"
"2612102978","2000599157","0.431187"
"2013538923","2344321186","0.111111"
"2344321186","2013538923","0.111111"
"2013538923","2612102978","0.351389"
"2612102978","2013538923","0.351389"
"2094774132","2612102978","0.402778"
"2612102978","2094774132","0.402778"
"2344321186","2612102978","1.57702"
"2612102978","2344321186","1.57702"
"1587142208","1882616152","0.142857"
"1882616152","1587142208","0.142857"
"1882616152","2000599157","0.142857"
"2000599157","1882616152","0.142857"
"1882616152","2021423479","0.142857"
"2021423479","1882616152","0.142857"
