"116322845","2135867168","1"
"2135867168","116322845","1"
"134922272","2124511587","0.5"
"2124511587","134922272","0.5"
"134922272","2138278577","0.555556"
"2138278577","134922272","0.555556"
"2124511587","2138278577","1.10192"
"2138278577","2124511587","1.10192"
"134922272","1549389434","0.25"
"1549389434","134922272","0.25"
"134922272","181719207","1.28333"
"181719207","134922272","1.28333"
"134922272","2131967717","0.505556"
"2131967717","134922272","0.505556"
"134922272","2147793353","0.25"
"2147793353","134922272","0.25"
"1549389434","181719207","1.25"
"181719207","1549389434","1.25"
"1549389434","2131967717","0.25"
"2131967717","1549389434","0.25"
"1549389434","2147793353","0.25"
"2147793353","1549389434","0.25"
"181719207","2131967717","3.64444"
"2131967717","181719207","3.64444"
"181719207","2147793353","0.375"
"2147793353","181719207","0.375"
"2131967717","2147793353","11.9881"
"2147793353","2131967717","11.9881"
"134922272","1570265525","0.255556"
"1570265525","134922272","0.255556"
"134922272","1571509609","0.0555556"
"1571509609","134922272","0.0555556"
"134922272","1987319180","0.0555556"
"1987319180","134922272","0.0555556"
"134922272","1991740961","0.0555556"
"1991740961","134922272","0.0555556"
"134922272","2070008626","0.0555556"
"2070008626","134922272","0.0555556"
"134922272","2079230708","0.0555556"
"2079230708","134922272","0.0555556"
"134922272","2096241986","0.0555556"
"2096241986","134922272","0.0555556"
"134922272","2104910798","0.0555556"
"2104910798","134922272","0.0555556"
"134922272","2120021560","0.0555556"
"2120021560","134922272","0.0555556"
"134922272","2123007113","0.0555556"
"2123007113","134922272","0.0555556"
"134922272","2142330806","0.0555556"
"2142330806","134922272","0.0555556"
"134922272","2147984485","0.0555556"
"2147984485","134922272","0.0555556"
"134922272","2149937494","0.0555556"
"2149937494","134922272","0.0555556"
"134922272","2167668272","0.0555556"
"2167668272","134922272","0.0555556"
"134922272","2171646452","0.0555556"
"2171646452","134922272","0.0555556"
"134922272","27080890","0.0555556"
"27080890","134922272","0.0555556"
"1570265525","1571509609","3.92923"
"1571509609","1570265525","3.92923"
"1570265525","1987319180","0.549635"
"1987319180","1570265525","0.549635"
"1570265525","1991740961","1.75737"
"1991740961","1570265525","1.75737"
"1570265525","2070008626","2.19659"
"2070008626","1570265525","2.19659"
"1570265525","2079230708","8.5995"
"2079230708","1570265525","8.5995"
"1570265525","2096241986","5.26881"
"2096241986","1570265525","5.26881"
"1570265525","2104910798","23.4301"
"2104910798","1570265525","23.4301"
"1570265525","2120021560","3.31693"
"2120021560","1570265525","3.31693"
"1570265525","2123007113","3.02245"
"2123007113","1570265525","3.02245"
"1570265525","2131967717","49.3066"
"2131967717","1570265525","49.3066"
"1570265525","2138278577","20.6856"
"2138278577","1570265525","20.6856"
"1570265525","2142330806","6.49083"
"2142330806","1570265525","6.49083"
"1570265525","2147984485","94.234"
"2147984485","1570265525","94.234"
"1570265525","2149937494","4.8951"
"2149937494","1570265525","4.8951"
"1570265525","2167668272","17.7094"
"2167668272","1570265525","17.7094"
"1570265525","2171646452","3.58998"
"2171646452","1570265525","3.58998"
"1570265525","27080890","1.43237"
"27080890","1570265525","1.43237"
"1571509609","1987319180","0.111111"
"1987319180","1571509609","0.111111"
"1571509609","1991740961","0.7657"
"1991740961","1571509609","0.7657"
"1571509609","2070008626","0.908558"
"2070008626","1571509609","0.908558"
"1571509609","2079230708","1.46812"
"2079230708","1571509609","1.46812"
"1571509609","2096241986","0.8657"
"2096241986","1571509609","0.8657"
"1571509609","2104910798","0.8157"
"2104910798","1571509609","0.8157"
"1571509609","2120021560","1.35026"
"2120021560","1571509609","1.35026"
"1571509609","2123007113","1.03356"
"2123007113","1571509609","1.03356"
"1571509609","2131967717","3.01137"
"2131967717","1571509609","3.01137"
"1571509609","2138278577","2.5209"
"2138278577","1571509609","2.5209"
"1571509609","2142330806","1.43359"
"2142330806","1571509609","1.43359"
"1571509609","2147984485","9.86689"
"2147984485","1571509609","9.86689"
"1571509609","2149937494","1.37046"
"2149937494","1571509609","1.37046"
"1571509609","2167668272","2.1209"
"2167668272","1571509609","2.1209"
"1571509609","2171646452","1.3947"
"2171646452","1571509609","1.3947"
"1571509609","27080890","0.7657"
"27080890","1571509609","0.7657"
"1987319180","1991740961","0.305556"
"1991740961","1987319180","0.305556"
"1987319180","2070008626","0.58837"
"2070008626","1987319180","0.58837"
"1987319180","2079230708","1.44606"
"2079230708","1987319180","1.44606"
"1987319180","2096241986","0.401068"
"2096241986","1987319180","0.401068"
"1987319180","2104910798","0.114379"
"2104910798","1987319180","0.114379"
"1987319180","2120021560","0.236111"
"2120021560","1987319180","0.236111"
"1987319180","2123007113","0.678114"
"2123007113","1987319180","0.678114"
"1987319180","2131967717","6.21035"
"2131967717","1987319180","6.21035"
"1987319180","2138278577","1.07894"
"2138278577","1987319180","1.07894"
"1987319180","2142330806","0.294935"
"2142330806","1987319180","0.294935"
"1987319180","2147984485","0.236601"
"2147984485","1987319180","0.236601"
"1987319180","2149937494","1.44249"
"2149937494","1987319180","1.44249"
"1987319180","2167668272","1.58138"
"2167668272","1987319180","1.58138"
"1987319180","2171646452","0.823048"
"2171646452","1987319180","0.823048"
"1987319180","27080890","0.0555556"
"27080890","1987319180","0.0555556"
"1991740961","2070008626","0.8907"
"2070008626","1991740961","0.8907"
"1991740961","2079230708","2.68237"
"2079230708","1991740961","2.68237"
"1991740961","2096241986","0.8907"
"2096241986","1991740961","0.8907"
"1991740961","2104910798","0.932367"
"2104910798","1991740961","0.932367"
"1991740961","2120021560","3.25737"
"2120021560","1991740961","3.25737"
"1991740961","2123007113","1.55737"
"2123007113","1991740961","1.55737"
"1991740961","2131967717","3.5157"
"2131967717","1991740961","3.5157"
"1991740961","2138278577","1.45737"
"2138278577","1991740961","1.45737"
"1991740961","2142330806","1.5907"
"2142330806","1991740961","1.5907"
"1991740961","2147984485","0.7657"
"2147984485","1991740961","0.7657"
"1991740961","2149937494","0.8907"
"2149937494","1991740961","0.8907"
"1991740961","2167668272","0.8907"
"2167668272","1991740961","0.8907"
"1991740961","2171646452","0.7657"
"2171646452","1991740961","0.7657"
"1991740961","27080890","0.7657"
"27080890","1991740961","0.7657"
"2070008626","2079230708","2.08945"
"2079230708","2070008626","2.08945"
"2070008626","2096241986","8.18621"
"2096241986","2070008626","8.18621"
"2070008626","2104910798","0.8657"
"2104910798","2070008626","0.8657"
"2070008626","2120021560","0.7657"
"2120021560","2070008626","0.7657"
"2070008626","2123007113","4.69778"
"2123007113","2070008626","4.69778"
"2070008626","2131967717","3.97159"
"2131967717","2070008626","3.97159"
"2070008626","2138278577","1.74137"
"2138278577","2070008626","1.74137"
"2070008626","2142330806","0.7657"
"2142330806","2070008626","0.7657"
"2070008626","2147984485","1.88356"
"2147984485","2070008626","1.88356"
"2070008626","2149937494","1.32159"
"2149937494","2070008626","1.32159"
"2070008626","2167668272","1.51048"
"2167668272","2070008626","1.51048"
"2070008626","2171646452","1.14262"
"2171646452","2070008626","1.14262"
"2070008626","27080890","0.7657"
"27080890","2070008626","0.7657"
"2079230708","2096241986","1.9124"
"2096241986","2079230708","1.9124"
"2079230708","2104910798","1.43008"
"2104910798","2079230708","1.43008"
"2079230708","2120021560","1.89193"
"2120021560","2079230708","1.89193"
"2079230708","2123007113","3.88038"
"2123007113","2079230708","3.88038"
"2079230708","2131967717","11.3221"
"2131967717","2079230708","11.3221"
"2079230708","2138278577","8.25192"
"2138278577","2079230708","8.25192"
"2079230708","2142330806","4.97609"
"2142330806","2079230708","4.97609"
"2079230708","2147984485","5.3444"
"2147984485","2079230708","5.3444"
"2079230708","2149937494","3.09269"
"2149937494","2079230708","3.09269"
"2079230708","2167668272","4.58241"
"2167668272","2079230708","4.58241"
"2079230708","2171646452","4.46531"
"2171646452","2079230708","4.46531"
"2079230708","27080890","1.43237"
"27080890","2079230708","1.43237"
"2096241986","2104910798","0.8657"
"2104910798","2096241986","0.8657"
"2096241986","2120021560","0.7657"
"2120021560","2096241986","0.7657"
"2096241986","2123007113","3.80096"
"2123007113","2096241986","3.80096"
"2096241986","2131967717","4.5874"
"2131967717","2096241986","4.5874"
"2096241986","2138278577","1.45407"
"2138278577","2096241986","1.45407"
"2096241986","2142330806","0.985481"
"2142330806","2096241986","0.985481"
"2096241986","2147984485","2.65737"
"2147984485","2096241986","2.65737"
"2096241986","2149937494","1.51121"
"2149937494","2096241986","1.51121"
"2096241986","2167668272","1.61121"
"2167668272","2096241986","1.61121"
"2096241986","2171646452","4.1624"
"2171646452","2096241986","4.1624"
"2096241986","27080890","0.7657"
"27080890","2096241986","0.7657"
"2104910798","2120021560","0.982367"
"2120021560","2104910798","0.982367"
"2104910798","2123007113","0.7657"
"2123007113","2104910798","0.7657"
"2104910798","2131967717","1.53008"
"2131967717","2104910798","1.53008"
"2104910798","2138278577","1.28008"
"2138278577","2104910798","1.28008"
"2104910798","2142330806","2.76341"
"2142330806","2104910798","2.76341"
"2104910798","2147984485","1.26341"
"2147984485","2104910798","1.26341"
"2104910798","2149937494","1.03008"
"2149937494","2104910798","1.03008"
"2104910798","2167668272","1.26341"
"2167668272","2104910798","1.26341"
"2104910798","2171646452","1.03008"
"2171646452","2104910798","1.03008"
"2104910798","27080890","1.2657"
"27080890","2104910798","1.2657"
"2120021560","2123007113","1.09903"
"2123007113","2120021560","1.09903"
"2120021560","2131967717","3.24193"
"2131967717","2120021560","3.24193"
"2120021560","2138278577","1.89193"
"2138278577","2120021560","1.89193"
"2120021560","2142330806","2.90859"
"2142330806","2120021560","2.90859"
"2120021560","2147984485","4.15459"
"2147984485","2120021560","4.15459"
"2120021560","2149937494","1.00935"
"2149937494","2120021560","1.00935"
"2120021560","2167668272","1.57526"
"2167668272","2120021560","1.57526"
"2120021560","2171646452","1.18359"
"2171646452","2120021560","1.18359"
"2120021560","27080890","0.7657"
"27080890","2120021560","0.7657"
"2123007113","2131967717","11.382"
"2131967717","2123007113","11.382"
"2123007113","2138278577","3.60731"
"2138278577","2123007113","3.60731"
"2123007113","2142330806","0.932367"
"2142330806","2123007113","0.932367"
"2123007113","2147984485","1.30856"
"2147984485","2123007113","1.30856"
"2123007113","2149937494","1.8153"
"2149937494","2123007113","1.8153"
"2123007113","2167668272","2.24189"
"2167668272","2123007113","2.24189"
"2123007113","2171646452","2.93237"
"2171646452","2123007113","2.93237"
"2123007113","27080890","0.932367"
"27080890","2123007113","0.932367"
"2131967717","2138278577","17.8801"
"2138278577","2131967717","17.8801"
"2131967717","2142330806","11.2428"
"2142330806","2131967717","11.2428"
"2131967717","2147984485","32.3071"
"2147984485","2131967717","32.3071"
"2131967717","2149937494","14.901"
"2149937494","2131967717","14.901"
"2131967717","2167668272","14.6201"
"2167668272","2131967717","14.6201"
"2131967717","2171646452","5.78357"
"2171646452","2131967717","5.78357"
"2131967717","27080890","1.43237"
"27080890","2131967717","1.43237"
"2138278577","2142330806","7.61583"
"2142330806","2138278577","7.61583"
"2138278577","2147984485","12.05"
"2147984485","2138278577","12.05"
"2138278577","2149937494","3.45466"
"2149937494","2138278577","3.45466"
"2138278577","2167668272","7.42374"
"2167668272","2138278577","7.42374"
"2138278577","2171646452","2.32886"
"2171646452","2138278577","2.32886"
"2138278577","27080890","0.7657"
"27080890","2138278577","0.7657"
"2142330806","2147984485","1.48564"
"2147984485","2142330806","1.48564"
"2142330806","2149937494","2.20065"
"2149937494","2142330806","2.20065"
"2142330806","2167668272","1.43323"
"2167668272","2142330806","1.43323"
"2142330806","2171646452","1.68442"
"2171646452","2142330806","1.68442"
"2142330806","27080890","4.93237"
"27080890","2142330806","4.93237"
"2147984485","2149937494","3.32377"
"2149937494","2147984485","3.32377"
"2147984485","2167668272","18.4166"
"2167668272","2147984485","18.4166"
"2147984485","2171646452","2.24675"
"2171646452","2147984485","2.24675"
"2147984485","27080890","0.7657"
"27080890","2147984485","0.7657"
"2149937494","2167668272","2.83356"
"2167668272","2149937494","2.83356"
"2149937494","2171646452","1.82202"
"2171646452","2149937494","1.82202"
"2149937494","27080890","0.7657"
"27080890","2149937494","0.7657"
"2167668272","2171646452","2.02404"
"2171646452","2167668272","2.02404"
"2167668272","27080890","0.7657"
"27080890","2167668272","0.7657"
"2171646452","27080890","0.932367"
"27080890","2171646452","0.932367"
"134922272","2168916779","0.333333"
"2168916779","134922272","0.333333"
"134922272","39472150","0.333333"
"39472150","134922272","0.333333"
"181719207","2168916779","0.583333"
"2168916779","181719207","0.583333"
"181719207","39472150","0.583333"
"39472150","181719207","0.583333"
"2168916779","39472150","1.47619"
"39472150","2168916779","1.47619"
"134922272","2134106518","1"
"2134106518","134922272","1"
"134922272","2173286379","1"
"2173286379","134922272","1"
"134922272","1877374442","0.7"
"1877374442","134922272","0.7"
"134922272","2096734397","0.2"
"2096734397","134922272","0.2"
"1570265525","181719207","3.05278"
"181719207","1570265525","3.05278"
"1570265525","1877374442","0.644444"
"1877374442","1570265525","0.644444"
"1570265525","2096734397","1.39444"
"2096734397","1570265525","1.39444"
"181719207","1877374442","2.89444"
"1877374442","181719207","2.89444"
"181719207","2096734397","4.26944"
"2096734397","181719207","4.26944"
"1877374442","2096734397","2.06111"
"2096734397","1877374442","2.06111"
"1877374442","2131967717","0.644444"
"2131967717","1877374442","0.644444"
"2096734397","2131967717","3.51944"
"2131967717","2096734397","3.51944"
"1492519330","2138278577","0.5"
"2138278577","1492519330","0.5"
"1492519330","2142330806","0.5"
"2142330806","1492519330","0.5"
"1492519330","1570265525","0.333333"
"1570265525","1492519330","0.333333"
"1492519330","2079230708","0.333333"
"2079230708","1492519330","0.333333"
"1492519330","2131967717","1.33333"
"2131967717","1492519330","1.33333"
"1492519330","2147984485","1"
"2147984485","1492519330","1"
"1495775055","1499446737","0.0555556"
"1499446737","1495775055","0.0555556"
"1495775055","1567798941","0.531746"
"1567798941","1495775055","0.531746"
"1495775055","1570265525","0.0555556"
"1570265525","1495775055","0.0555556"
"1495775055","2079230708","0.198413"
"2079230708","1495775055","0.198413"
"1495775055","2104910798","0.0555556"
"2104910798","1495775055","0.0555556"
"1495775055","2131967717","0.0555556"
"2131967717","1495775055","0.0555556"
"1495775055","2138278577","0.0555556"
"2138278577","1495775055","0.0555556"
"1495775055","2138330617","0.0555556"
"2138330617","1495775055","0.0555556"
"1495775055","2142330806","0.0555556"
"2142330806","1495775055","0.0555556"
"1495775055","2147109256","0.0555556"
"2147109256","1495775055","0.0555556"
"1495775055","2147793353","0.0555556"
"2147793353","1495775055","0.0555556"
"1495775055","2147984485","0.0555556"
"2147984485","1495775055","0.0555556"
"1495775055","2149937494","0.0555556"
"2149937494","1495775055","0.0555556"
"1495775055","2150784528","0.198413"
"2150784528","1495775055","0.198413"
"1495775055","2159992688","0.198413"
"2159992688","1495775055","0.198413"
"1495775055","2161048743","0.0555556"
"2161048743","1495775055","0.0555556"
"1495775055","2167668272","0.0555556"
"2167668272","1495775055","0.0555556"
"1495775055","2171646452","0.198413"
"2171646452","1495775055","0.198413"
"1499446737","1567798941","0.0555556"
"1567798941","1499446737","0.0555556"
"1499446737","1570265525","1.05556"
"1570265525","1499446737","1.05556"
"1499446737","2079230708","0.0555556"
"2079230708","1499446737","0.0555556"
"1499446737","2104910798","0.0555556"
"2104910798","1499446737","0.0555556"
"1499446737","2131967717","0.0555556"
"2131967717","1499446737","0.0555556"
"1499446737","2138278577","0.555556"
"2138278577","1499446737","0.555556"
"1499446737","2138330617","0.0555556"
"2138330617","1499446737","0.0555556"
"1499446737","2142330806","0.0555556"
"2142330806","1499446737","0.0555556"
"1499446737","2147109256","0.0555556"
"2147109256","1499446737","0.0555556"
"1499446737","2147793353","0.0555556"
"2147793353","1499446737","0.0555556"
"1499446737","2147984485","0.0555556"
"2147984485","1499446737","0.0555556"
"1499446737","2149937494","0.0555556"
"2149937494","1499446737","0.0555556"
"1499446737","2150784528","1.05556"
"2150784528","1499446737","1.05556"
"1499446737","2159992688","0.0555556"
"2159992688","1499446737","0.0555556"
"1499446737","2161048743","0.0555556"
"2161048743","1499446737","0.0555556"
"1499446737","2167668272","0.555556"
"2167668272","1499446737","0.555556"
"1499446737","2171646452","0.0555556"
"2171646452","1499446737","0.0555556"
"1567798941","1570265525","1.66438"
"1570265525","1567798941","1.66438"
"1567798941","2079230708","0.650093"
"2079230708","1567798941","0.650093"
"1567798941","2104910798","0.164379"
"2104910798","1567798941","0.164379"
"1567798941","2131967717","2.14057"
"2131967717","1567798941","2.14057"
"1567798941","2138278577","0.164379"
"2138278577","1567798941","0.164379"
"1567798941","2138330617","0.164379"
"2138330617","1567798941","0.164379"
"1567798941","2142330806","0.164379"
"2142330806","1567798941","0.164379"
"1567798941","2147109256","0.105556"
"2147109256","1567798941","0.105556"
"1567798941","2147793353","0.807236"
"2147793353","1567798941","0.807236"
"1567798941","2147984485","0.664379"
"2147984485","1567798941","0.664379"
"1567798941","2149937494","0.497712"
"2149937494","1567798941","0.497712"
"1567798941","2150784528","0.507236"
"2150784528","1567798941","0.507236"
"1567798941","2159992688","0.507236"
"2159992688","1567798941","0.507236"
"1567798941","2161048743","0.307236"
"2161048743","1567798941","0.307236"
"1567798941","2167668272","0.307236"
"2167668272","1567798941","0.307236"
"1567798941","2171646452","0.507236"
"2171646452","1567798941","0.507236"
"1570265525","2138330617","5.09788"
"2138330617","1570265525","5.09788"
"1570265525","2147109256","0.216667"
"2147109256","1570265525","0.216667"
"1570265525","2147793353","8.43575"
"2147793353","1570265525","8.43575"
"1570265525","2150784528","30.1348"
"2150784528","1570265525","30.1348"
"1570265525","2159992688","4.03131"
"2159992688","1570265525","4.03131"
"1570265525","2161048743","4.64811"
"2161048743","1570265525","4.64811"
"2079230708","2138330617","3.00142"
"2138330617","2079230708","3.00142"
"2079230708","2147109256","0.248413"
"2147109256","2079230708","0.248413"
"2079230708","2147793353","2.84366"
"2147793353","2079230708","2.84366"
"2079230708","2150784528","3.00264"
"2150784528","2079230708","3.00264"
"2079230708","2159992688","2.75827"
"2159992688","2079230708","2.75827"
"2079230708","2161048743","1.43703"
"2161048743","2079230708","1.43703"
"2104910798","2138330617","0.974524"
"2138330617","2104910798","0.974524"
"2104910798","2147109256","0.105556"
"2147109256","2104910798","0.105556"
"2104910798","2147793353","0.931046"
"2147793353","2104910798","0.931046"
"2104910798","2150784528","1.04119"
"2150784528","2104910798","1.04119"
"2104910798","2159992688","0.974524"
"2159992688","2104910798","0.974524"
"2104910798","2161048743","0.164379"
"2161048743","2104910798","0.164379"
"2131967717","2138330617","9.95976"
"2138330617","2131967717","9.95976"
"2131967717","2147109256","0.859524"
"2147109256","2131967717","0.859524"
"2131967717","2150784528","11.0153"
"2150784528","2131967717","11.0153"
"2131967717","2159992688","4.94319"
"2159992688","2131967717","4.94319"
"2131967717","2161048743","4.82473"
"2161048743","2131967717","4.82473"
"2138278577","2138330617","5.04672"
"2138330617","2138278577","5.04672"
"2138278577","2147109256","0.936447"
"2147109256","2138278577","0.936447"
"2138278577","2147793353","1.86554"
"2147793353","2138278577","1.86554"
"2138278577","2150784528","7.04589"
"2150784528","2138278577","7.04589"
"2138278577","2159992688","3.80515"
"2159992688","2138278577","3.80515"
"2138278577","2161048743","1.78221"
"2161048743","2138278577","1.78221"
"2138330617","2142330806","2.22843"
"2142330806","2138330617","2.22843"
"2138330617","2147109256","0.105556"
"2147109256","2138330617","0.105556"
"2138330617","2147793353","1.9758"
"2147793353","2138330617","1.9758"
"2138330617","2147984485","3.69599"
"2147984485","2138330617","3.69599"
"2138330617","2149937494","3.03198"
"2149937494","2138330617","3.03198"
"2138330617","2150784528","3.59748"
"2150784528","2138330617","3.59748"
"2138330617","2159992688","2.80783"
"2159992688","2138330617","2.80783"
"2138330617","2161048743","0.866796"
"2161048743","2138330617","0.866796"
"2138330617","2167668272","3.05737"
"2167668272","2138330617","3.05737"
"2138330617","2171646452","1.8498"
"2171646452","2138330617","1.8498"
"2142330806","2147109256","0.105556"
"2147109256","2142330806","0.105556"
"2142330806","2147793353","1.28019"
"2147793353","2142330806","1.28019"
"2142330806","2150784528","2.2451"
"2150784528","2142330806","2.2451"
"2142330806","2159992688","1.41934"
"2159992688","2142330806","1.41934"
"2142330806","2161048743","0.68422"
"2161048743","2142330806","0.68422"
"2147109256","2147793353","0.105556"
"2147793353","2147109256","0.105556"
"2147109256","2147984485","0.216667"
"2147984485","2147109256","0.216667"
"2147109256","2149937494","0.359524"
"2149937494","2147109256","0.359524"
"2147109256","2150784528","1.29359"
"2150784528","2147109256","1.29359"
"2147109256","2159992688","0.105556"
"2159992688","2147109256","0.105556"
"2147109256","2161048743","0.29359"
"2161048743","2147109256","0.29359"
"2147109256","2167668272","2.85952"
"2167668272","2147109256","2.85952"
"2147109256","2171646452","0.105556"
"2171646452","2147109256","0.105556"
"2147793353","2147984485","2.92195"
"2147984485","2147793353","2.92195"
"2147793353","2149937494","2.2008"
"2149937494","2147793353","2.2008"
"2147793353","2150784528","3.90519"
"2150784528","2147793353","3.90519"
"2147793353","2159992688","5.30999"
"2159992688","2147793353","5.30999"
"2147793353","2161048743","1.68703"
"2161048743","2147793353","1.68703"
"2147793353","2167668272","1.8631"
"2167668272","2147793353","1.8631"
"2147793353","2171646452","3.12934"
"2171646452","2147793353","3.12934"
"2147984485","2150784528","16.9412"
"2150784528","2147984485","16.9412"
"2147984485","2159992688","3.01543"
"2159992688","2147984485","3.01543"
"2147984485","2161048743","1.41362"
"2161048743","2147984485","1.41362"
"2149937494","2150784528","8.04867"
"2150784528","2149937494","8.04867"
"2149937494","2159992688","2.3245"
"2159992688","2149937494","2.3245"
"2149937494","2161048743","1.10568"
"2161048743","2149937494","1.10568"
"2150784528","2159992688","3.532"
"2159992688","2150784528","3.532"
"2150784528","2161048743","4.10003"
"2161048743","2150784528","4.10003"
"2150784528","2167668272","6.48121"
"2167668272","2150784528","6.48121"
"2150784528","2171646452","6.17129"
"2171646452","2150784528","6.17129"
"2159992688","2161048743","1.0668"
"2161048743","2159992688","1.0668"
"2159992688","2167668272","1.73247"
"2167668272","2159992688","1.73247"
"2159992688","2171646452","3.18442"
"2171646452","2159992688","3.18442"
"2161048743","2167668272","1.11124"
"2167668272","2161048743","1.11124"
"2161048743","2171646452","0.650887"
"2171646452","2161048743","0.650887"
"1495775055","1987319180","1.47619"
"1987319180","1495775055","1.47619"
"1495775055","268247263","0.333333"
"268247263","1495775055","0.333333"
"1567798941","1987319180","4.7112"
"1987319180","1567798941","4.7112"
"1567798941","268247263","0.392157"
"268247263","1567798941","0.392157"
"1987319180","268247263","0.392157"
"268247263","1987319180","0.392157"
"1495775055","1516738671","1.14286"
"1516738671","1495775055","1.14286"
"1516738671","1567798941","4.78571"
"1567798941","1516738671","4.78571"
"1516738671","1987319180","3.78571"
"1987319180","1516738671","3.78571"
"1516738671","2079230708","0.285714"
"2079230708","1516738671","0.285714"
"1516738671","2150784528","0.142857"
"2150784528","1516738671","0.142857"
"1516738671","2159992688","0.142857"
"2159992688","1516738671","0.142857"
"1516738671","2171646452","0.142857"
"2171646452","1516738671","0.142857"
"1987319180","2150784528","1.03813"
"2150784528","1987319180","1.03813"
"1987319180","2159992688","0.523903"
"2159992688","1987319180","0.523903"
"1511604372","1515200814","0.0769231"
"1515200814","1511604372","0.0769231"
"1511604372","160533777","0.0769231"
"160533777","1511604372","0.0769231"
"1511604372","181719207","0.0769231"
"181719207","1511604372","0.0769231"
"1511604372","1987319180","0.0769231"
"1987319180","1511604372","0.0769231"
"1511604372","2070008626","0.0769231"
"2070008626","1511604372","0.0769231"
"1511604372","2096241986","0.0769231"
"2096241986","1511604372","0.0769231"
"1511604372","2123007113","0.0769231"
"2123007113","1511604372","0.0769231"
"1511604372","2124511587","0.0769231"
"2124511587","1511604372","0.0769231"
"1511604372","2138278577","0.21978"
"2138278577","1511604372","0.21978"
"1511604372","2147109256","0.21978"
"2147109256","1511604372","0.21978"
"1511604372","2150784528","0.0769231"
"2150784528","1511604372","0.0769231"
"1511604372","2156690657","0.21978"
"2156690657","1511604372","0.21978"
"1511604372","2161048743","0.0769231"
"2161048743","1511604372","0.0769231"
"1515200814","160533777","2.82692"
"160533777","1515200814","2.82692"
"1515200814","181719207","0.0769231"
"181719207","1515200814","0.0769231"
"1515200814","1987319180","0.0769231"
"1987319180","1515200814","0.0769231"
"1515200814","2070008626","1.1204"
"2070008626","1515200814","1.1204"
"1515200814","2096241986","1.1204"
"2096241986","1515200814","1.1204"
"1515200814","2123007113","4.28707"
"2123007113","1515200814","4.28707"
"1515200814","2124511587","0.0769231"
"2124511587","1515200814","0.0769231"
"1515200814","2138278577","1.73707"
"2138278577","1515200814","1.73707"
"1515200814","2147109256","0.0769231"
"2147109256","1515200814","0.0769231"
"1515200814","2150784528","0.787068"
"2150784528","1515200814","0.787068"
"1515200814","2156690657","0.0769231"
"2156690657","1515200814","0.0769231"
"1515200814","2161048743","0.410256"
"2161048743","1515200814","0.410256"
"160533777","181719207","0.0769231"
"181719207","160533777","0.0769231"
"160533777","1987319180","0.0769231"
"1987319180","160533777","0.0769231"
"160533777","2070008626","0.0769231"
"2070008626","160533777","0.0769231"
"160533777","2096241986","0.0769231"
"2096241986","160533777","0.0769231"
"160533777","2123007113","0.576923"
"2123007113","160533777","0.576923"
"160533777","2124511587","0.0769231"
"2124511587","160533777","0.0769231"
"160533777","2138278577","0.826923"
"2138278577","160533777","0.826923"
"160533777","2147109256","0.0769231"
"2147109256","160533777","0.0769231"
"160533777","2150784528","0.0769231"
"2150784528","160533777","0.0769231"
"160533777","2156690657","0.0769231"
"2156690657","160533777","0.0769231"
"160533777","2161048743","0.0769231"
"2161048743","160533777","0.0769231"
"181719207","1987319180","0.0769231"
"1987319180","181719207","0.0769231"
"181719207","2070008626","0.0769231"
"2070008626","181719207","0.0769231"
"181719207","2096241986","0.0769231"
"2096241986","181719207","0.0769231"
"181719207","2123007113","1.01303"
"2123007113","181719207","1.01303"
"181719207","2124511587","2.24359"
"2124511587","181719207","2.24359"
"181719207","2138278577","1.27692"
"2138278577","181719207","1.27692"
"181719207","2147109256","0.0769231"
"2147109256","181719207","0.0769231"
"181719207","2150784528","1.68803"
"2150784528","181719207","1.68803"
"181719207","2156690657","0.0769231"
"2156690657","181719207","0.0769231"
"181719207","2161048743","0.438034"
"2161048743","181719207","0.438034"
"1987319180","2124511587","0.201923"
"2124511587","1987319180","0.201923"
"1987319180","2147109256","0.0769231"
"2147109256","1987319180","0.0769231"
"1987319180","2156690657","0.0769231"
"2156690657","1987319180","0.0769231"
"1987319180","2161048743","1.54368"
"2161048743","1987319180","1.54368"
"2070008626","2124511587","0.0769231"
"2124511587","2070008626","0.0769231"
"2070008626","2147109256","0.0769231"
"2147109256","2070008626","0.0769231"
"2070008626","2150784528","1.16604"
"2150784528","2070008626","1.16604"
"2070008626","2156690657","0.0769231"
"2156690657","2070008626","0.0769231"
"2070008626","2161048743","1.53526"
"2161048743","2070008626","1.53526"
"2096241986","2124511587","0.0769231"
"2124511587","2096241986","0.0769231"
"2096241986","2147109256","0.0769231"
"2147109256","2096241986","0.0769231"
"2096241986","2150784528","1.98899"
"2150784528","2096241986","1.98899"
"2096241986","2156690657","0.0769231"
"2156690657","2096241986","0.0769231"
"2096241986","2161048743","1.84478"
"2161048743","2096241986","1.84478"
"2123007113","2124511587","0.410256"
"2124511587","2123007113","0.410256"
"2123007113","2147109256","0.0769231"
"2147109256","2123007113","0.0769231"
"2123007113","2150784528","1.545"
"2150784528","2123007113","1.545"
"2123007113","2156690657","0.0769231"
"2156690657","2123007113","0.0769231"
"2123007113","2161048743","1.81303"
"2161048743","2123007113","1.81303"
"2124511587","2147109256","0.576923"
"2147109256","2124511587","0.576923"
"2124511587","2150784528","0.0769231"
"2150784528","2124511587","0.0769231"
"2124511587","2156690657","0.0769231"
"2156690657","2124511587","0.0769231"
"2124511587","2161048743","1.57692"
"2161048743","2124511587","1.57692"
"2138278577","2156690657","0.380891"
"2156690657","2138278577","0.380891"
"2147109256","2156690657","2.88089"
"2156690657","2147109256","2.88089"
"2150784528","2156690657","0.238034"
"2156690657","2150784528","0.238034"
"2156690657","2161048743","0.238034"
"2161048743","2156690657","0.238034"
"1511604372","2079230708","0.142857"
"2079230708","1511604372","0.142857"
"1511604372","2131967717","0.142857"
"2131967717","1511604372","0.142857"
"1511604372","2149937494","0.142857"
"2149937494","1511604372","0.142857"
"1511604372","2167668272","0.142857"
"2167668272","1511604372","0.142857"
"2079230708","2156690657","0.192857"
"2156690657","2079230708","0.192857"
"2131967717","2156690657","0.803968"
"2156690657","2131967717","0.803968"
"2149937494","2156690657","0.303968"
"2156690657","2149937494","0.303968"
"2156690657","2167668272","0.303968"
"2167668272","2156690657","0.303968"
"1515200814","1570265525","1.41014"
"1570265525","1515200814","1.41014"
"1515200814","1571509609","0.710145"
"1571509609","1515200814","0.710145"
"1515200814","1991740961","1.41014"
"1991740961","1515200814","1.41014"
"1515200814","2079230708","2.21014"
"2079230708","1515200814","2.21014"
"1515200814","2104910798","0.960145"
"2104910798","1515200814","0.960145"
"1515200814","2120021560","0.710145"
"2120021560","1515200814","0.710145"
"1515200814","2120311162","0.710145"
"2120311162","1515200814","0.710145"
"1515200814","2131967717","0.710145"
"2131967717","1515200814","0.710145"
"1515200814","2138330617","0.710145"
"2138330617","1515200814","0.710145"
"1515200814","2142330806","0.910145"
"2142330806","1515200814","0.910145"
"1515200814","2146639153","1.04348"
"2146639153","1515200814","1.04348"
"1515200814","2147793353","1"
"2147793353","1515200814","1"
"1515200814","2147984485","0.710145"
"2147984485","1515200814","0.710145"
"1515200814","2149937494","0.710145"
"2149937494","1515200814","0.710145"
"1515200814","2159992688","0.710145"
"2159992688","1515200814","0.710145"
"1515200814","2167498641","1.91014"
"2167498641","1515200814","1.91014"
"1515200814","2167668272","0.710145"
"2167668272","1515200814","0.710145"
"1515200814","2171646452","0.710145"
"2171646452","1515200814","0.710145"
"1515200814","27080890","0.710145"
"27080890","1515200814","0.710145"
"1570265525","2120311162","0.964846"
"2120311162","1570265525","0.964846"
"1570265525","2146639153","3.58994"
"2146639153","1570265525","3.58994"
"1570265525","2167498641","2.41015"
"2167498641","1570265525","2.41015"
"1571509609","2120311162","0.810145"
"2120311162","1571509609","0.810145"
"1571509609","2138330617","1.41213"
"2138330617","1571509609","1.41213"
"1571509609","2146639153","1.15661"
"2146639153","1571509609","1.15661"
"1571509609","2147793353","1.59167"
"2147793353","1571509609","1.59167"
"1571509609","2150784528","1.9038"
"2150784528","1571509609","1.9038"
"1571509609","2159992688","1.70582"
"2159992688","1571509609","1.70582"
"1571509609","2167498641","0.710145"
"2167498641","1571509609","0.710145"
"1991740961","2120311162","0.710145"
"2120311162","1991740961","0.710145"
"1991740961","2138330617","0.710145"
"2138330617","1991740961","0.710145"
"1991740961","2146639153","0.710145"
"2146639153","1991740961","0.710145"
"1991740961","2147793353","0.666667"
"2147793353","1991740961","0.666667"
"1991740961","2150784528","0.876812"
"2150784528","1991740961","0.876812"
"1991740961","2159992688","0.710145"
"2159992688","1991740961","0.710145"
"1991740961","2167498641","0.910145"
"2167498641","1991740961","0.910145"
"2070008626","2120311162","0.887068"
"2120311162","2070008626","0.887068"
"2070008626","2138330617","0.887068"
"2138330617","2070008626","0.887068"
"2070008626","2146639153","0.710145"
"2146639153","2070008626","0.710145"
"2070008626","2147793353","2.34359"
"2147793353","2070008626","2.34359"
"2070008626","2159992688","1.14348"
"2159992688","2070008626","1.14348"
"2070008626","2167498641","0.710145"
"2167498641","2070008626","0.710145"
"2079230708","2120311162","1.23268"
"2120311162","2079230708","1.23268"
"2079230708","2146639153","0.983533"
"2146639153","2079230708","0.983533"
"2079230708","2167498641","0.710145"
"2167498641","2079230708","0.710145"
"2096241986","2120311162","1.13066"
"2120311162","2096241986","1.13066"
"2096241986","2138330617","1.28066"
"2138330617","2096241986","1.28066"
"2096241986","2146639153","0.787068"
"2146639153","2096241986","0.787068"
"2096241986","2147793353","3.72051"
"2147793353","2096241986","3.72051"
"2096241986","2159992688","3.68707"
"2159992688","2096241986","3.68707"
"2096241986","2167498641","0.710145"
"2167498641","2096241986","0.710145"
"2104910798","2120311162","0.810145"
"2120311162","2104910798","0.810145"
"2104910798","2146639153","0.760145"
"2146639153","2104910798","0.760145"
"2104910798","2167498641","0.710145"
"2167498641","2104910798","0.710145"
"2120021560","2120311162","0.710145"
"2120311162","2120021560","0.710145"
"2120021560","2138330617","1.37046"
"2138330617","2120021560","1.37046"
"2120021560","2146639153","1.45661"
"2146639153","2120021560","1.45661"
"2120021560","2147793353","0.838889"
"2147793353","2120021560","0.838889"
"2120021560","2150784528","1.42046"
"2150784528","2120021560","1.42046"
"2120021560","2159992688","1.22804"
"2159992688","2120021560","1.22804"
"2120021560","2167498641","0.710145"
"2167498641","2120021560","0.710145"
"2120311162","2123007113","0.710145"
"2123007113","2120311162","0.710145"
"2120311162","2131967717","1.33268"
"2131967717","2120311162","1.33268"
"2120311162","2138278577","1.04464"
"2138278577","2120311162","1.04464"
"2120311162","2138330617","1.23268"
"2138330617","2120311162","1.23268"
"2120311162","2142330806","0.787068"
"2142330806","2120311162","0.787068"
"2120311162","2146639153","0.787068"
"2146639153","2120311162","0.787068"
"2120311162","2147793353","1.2892"
"2147793353","2120311162","1.2892"
"2120311162","2147984485","0.967721"
"2147984485","2120311162","0.967721"
"2120311162","2149937494","1.12157"
"2149937494","2120311162","1.12157"
"2120311162","2150784528","0.787068"
"2150784528","2120311162","0.787068"
"2120311162","2159992688","1.25575"
"2159992688","2120311162","1.25575"
"2120311162","2167498641","0.710145"
"2167498641","2120311162","0.710145"
"2120311162","2167668272","1.13268"
"2167668272","2120311162","1.13268"
"2120311162","2171646452","1.24177"
"2171646452","2120311162","1.24177"
"2120311162","27080890","0.710145"
"27080890","2120311162","0.710145"
"2123007113","2138330617","1.54467"
"2138330617","2123007113","1.54467"
"2123007113","2146639153","0.710145"
"2146639153","2123007113","0.710145"
"2123007113","2147793353","1.79167"
"2147793353","2123007113","1.79167"
"2123007113","2159992688","1.31134"
"2159992688","2123007113","1.31134"
"2123007113","2167498641","0.710145"
"2167498641","2123007113","0.710145"
"2131967717","2146639153","1.98353"
"2146639153","2131967717","1.98353"
"2131967717","2167498641","1.04348"
"2167498641","2131967717","1.04348"
"2138278577","2146639153","1.45661"
"2146639153","2138278577","1.45661"
"2138278577","2167498641","0.910145"
"2167498641","2138278577","0.910145"
"2138330617","2146639153","1.17596"
"2146639153","2138330617","1.17596"
"2138330617","2167498641","0.710145"
"2167498641","2138330617","0.710145"
"2138330617","27080890","0.710145"
"27080890","2138330617","0.710145"
"2142330806","2146639153","1.16687"
"2146639153","2142330806","1.16687"
"2142330806","2167498641","0.910145"
"2167498641","2142330806","0.910145"
"2146639153","2147793353","2.03248"
"2147793353","2146639153","2.03248"
"2146639153","2147984485","2.64903"
"2147984485","2146639153","2.64903"
"2146639153","2149937494","0.892624"
"2149937494","2146639153","0.892624"
"2146639153","2150784528","3.67596"
"2150784528","2146639153","3.67596"
"2146639153","2159992688","1.96687"
"2159992688","2146639153","1.96687"
"2146639153","2167498641","0.710145"
"2167498641","2146639153","0.710145"
"2146639153","2167668272","1.06687"
"2167668272","2146639153","1.06687"
"2146639153","2171646452","2.71687"
"2171646452","2146639153","2.71687"
"2146639153","27080890","0.710145"
"27080890","2146639153","0.710145"
"2147793353","2167498641","0.666667"
"2167498641","2147793353","0.666667"
"2147793353","27080890","0.666667"
"27080890","2147793353","0.666667"
"2147984485","2167498641","3.21014"
"2167498641","2147984485","3.21014"
"2149937494","2167498641","0.710145"
"2167498641","2149937494","0.710145"
"2150784528","2167498641","0.710145"
"2167498641","2150784528","0.710145"
"2150784528","27080890","0.710145"
"27080890","2150784528","0.710145"
"2159992688","2167498641","0.710145"
"2167498641","2159992688","0.710145"
"2159992688","27080890","0.710145"
"27080890","2159992688","0.710145"
"2167498641","2167668272","1.04348"
"2167668272","2167498641","1.04348"
"2167498641","2171646452","0.710145"
"2171646452","2167498641","0.710145"
"2167498641","27080890","0.710145"
"27080890","2167498641","0.710145"
"1515200814","1516738671","1"
"1516738671","1515200814","1"
"160533777","2079230708","0.5"
"2079230708","160533777","0.5"
"1515200814","2002814208","0.333333"
"2002814208","1515200814","0.333333"
"2002814208","2146639153","0.333333"
"2146639153","2002814208","0.333333"
"2002814208","2147793353","0.333333"
"2147793353","2002814208","0.333333"
"1515200814","2134106518","0.25"
"2134106518","1515200814","0.25"
"160533777","2104910798","0.25"
"2104910798","160533777","0.25"
"160533777","2134106518","1.5"
"2134106518","160533777","1.5"
"2104910798","2134106518","0.25"
"2134106518","2104910798","0.25"
"2134106518","2138278577","0.45"
"2138278577","2134106518","0.45"
"1516738671","2131967717","1.14286"
"2131967717","1516738671","1.14286"
"1516738671","268247263","2"
"268247263","1516738671","2"
"1516738671","2096241986","1"
"2096241986","1516738671","1"
"1516738671","2147793353","0.142857"
"2147793353","1516738671","0.142857"
"1516738671","2161048743","0.142857"
"2161048743","1516738671","0.142857"
"1516738671","2167668272","0.142857"
"2167668272","1516738671","0.142857"
"1987319180","2147793353","1.90083"
"2147793353","1987319180","1.90083"
"1516738671","1549389434","1"
"1549389434","1516738671","1"
"1530832151","2164753813","1.5"
