"134467953","2030689196","1"
"2030689196","134467953","1"
"134467953","2143268825","1"
"2143268825","134467953","1"
"135913927","2053653724","1.33333"
"2053653724","135913927","1.33333"
"135913927","2039789840","0.333333"
"2039789840","135913927","0.333333"
"135913927","2040348939","1.33333"
"2040348939","135913927","1.33333"
"2039789840","2040348939","7.33333"
"2040348939","2039789840","7.33333"
"2039789840","2053653724","2.08333"
"2053653724","2039789840","2.08333"
"2040348939","2053653724","1.33333"
"2053653724","2040348939","1.33333"
"135913927","1974554406","0.25"
"1974554406","135913927","0.25"
"135913927","1977810318","0.25"
"1977810318","135913927","0.25"
"135913927","2108087318","0.25"
"2108087318","135913927","0.25"
"135913927","2123561513","0.25"
"2123561513","135913927","0.25"
"1974554406","1977810318","10.2604"
"1977810318","1974554406","10.2604"
"1974554406","2108087318","0.45"
"2108087318","1974554406","0.45"
"1974554406","2123561513","0.25"
"2123561513","1974554406","0.25"
"1977810318","2108087318","0.25"
"2108087318","1977810318","0.25"
"1977810318","2123561513","0.25"
"2123561513","1977810318","0.25"
"2108087318","2123561513","12.8095"
"2123561513","2108087318","12.8095"
"147179481","1494307597","0.5"
"1494307597","147179481","0.5"
"147179481","1638026557","0.625"
"1638026557","147179481","0.625"
"1494307597","1638026557","6.83333"
"1638026557","1494307597","6.83333"
"147179481","1528249715","0.125"
"1528249715","147179481","0.125"
"147179481","1973097187","0.125"
"1973097187","147179481","0.125"
"147179481","2060579849","0.125"
"2060579849","147179481","0.125"
"147179481","2116879341","0.125"
"2116879341","147179481","0.125"
"147179481","2117849706","0.125"
"2117849706","147179481","0.125"
"147179481","2131165411","0.125"
"2131165411","147179481","0.125"
"147179481","2147100344","0.125"
"2147100344","147179481","0.125"
"1528249715","1638026557","34.075"
"1638026557","1528249715","34.075"
"1528249715","1973097187","0.125"
"1973097187","1528249715","0.125"
"1528249715","2060579849","1.31944"
"2060579849","1528249715","1.31944"
"1528249715","2116879341","0.125"
"2116879341","1528249715","0.125"
"1528249715","2117849706","45.825"
"2117849706","1528249715","45.825"
"1528249715","2131165411","1.26944"
"2131165411","1528249715","1.26944"
"1528249715","2147100344","4.29167"
"2147100344","1528249715","4.29167"
"1638026557","1973097187","2.28056"
"1973097187","1638026557","2.28056"
"1638026557","2060579849","10.0306"
"2060579849","1638026557","10.0306"
"1638026557","2116879341","3.95833"
"2116879341","1638026557","3.95833"
"1638026557","2117849706","65.5306"
"2117849706","1638026557","65.5306"
"1638026557","2131165411","4.70833"
"2131165411","1638026557","4.70833"
"1638026557","2147100344","14.6972"
"2147100344","1638026557","14.6972"
"1973097187","2060579849","3.78056"
"2060579849","1973097187","3.78056"
"1973097187","2116879341","4.20833"
"2116879341","1973097187","4.20833"
"1973097187","2117849706","2.69722"
"2117849706","1973097187","2.69722"
"1973097187","2131165411","0.125"
"2131165411","1973097187","0.125"
"1973097187","2147100344","0.697222"
"2147100344","1973097187","0.697222"
"2060579849","2116879341","3.625"
"2116879341","2060579849","3.625"
"2060579849","2117849706","0.947222"
"2117849706","2060579849","0.947222"
"2060579849","2131165411","0.319444"
"2131165411","2060579849","0.319444"
"2060579849","2147100344","0.947222"
"2147100344","2060579849","0.947222"
"2116879341","2117849706","1.875"
"2117849706","2116879341","1.875"
"2116879341","2131165411","0.125"
"2131165411","2116879341","0.125"
"2116879341","2147100344","0.875"
"2147100344","2116879341","0.875"
"2117849706","2131165411","7.80833"
"2131165411","2117849706","7.80833"
"2117849706","2147100344","15.6806"
"2147100344","2117849706","15.6806"
"2131165411","2147100344","3.525"
"2147100344","2131165411","3.525"
"1487929601","2010454887","13"
"2010454887","1487929601","13"
"1487929601","2131165411","0.5"
"2131165411","1487929601","0.5"
"2010454887","2131165411","0.5"
"2131165411","2010454887","0.5"
"1487929601","2054311069","1.5"
"2054311069","1487929601","1.5"
"2010454887","2054311069","2.5"
"2054311069","2010454887","2.5"
"1494307597","2024797550","2.66667"
"2024797550","1494307597","2.66667"
"1494307597","2117849706","11.1"
"2117849706","1494307597","11.1"
"2024797550","2117849706","3.41667"
"2117849706","2024797550","3.41667"
"1494307597","2021914941","5.98333"
"2021914941","1494307597","5.98333"
"1494307597","2131165411","25.6667"
"2131165411","1494307597","25.6667"
"1494307597","2152389926","12.3833"
"2152389926","1494307597","12.3833"
"2131165411","2152389926","68.4667"
"2152389926","2131165411","68.4667"
"1494307597","2051228475","2.5"
"2051228475","1494307597","2.5"
"2051228475","2117849706","4.66667"
"2117849706","2051228475","4.66667"
"1494307597","1572120187","3.51667"
"1572120187","1494307597","3.51667"
"1572120187","2024797550","8.86667"
"2024797550","1572120187","8.86667"
"1572120187","2131165411","14.5444"
"2131165411","1572120187","14.5444"
"1572120187","2152389926","6.3"
"2152389926","1572120187","6.3"
"2024797550","2131165411","4.83333"
"2131165411","2024797550","4.83333"
"2024797550","2152389926","1.03333"
"2152389926","2024797550","1.03333"
"1494307597","2613214602","0.666667"
"2613214602","1494307597","0.666667"
"1638026557","2613214602","0.5"
"2613214602","1638026557","0.5"
"1494307597","1556731622","2.86667"
"1556731622","1494307597","2.86667"
"1494307597","2147100344","0.733333"
"2147100344","1494307597","0.733333"
"1572120187","2117849706","0.816667"
"2117849706","1572120187","0.816667"
"1572120187","2147100344","0.733333"
"2147100344","1572120187","0.733333"
"2117849706","2152389926","1.81667"
"2152389926","2117849706","1.81667"
"2147100344","2152389926","1.06667"
"2152389926","2147100344","1.06667"
"2021914941","2051228475","0.833333"
"2051228475","2021914941","0.833333"
"1494307597","2143275903","2.33333"
"2143275903","1494307597","2.33333"
"1572120187","2143275903","10.6667"
"2143275903","1572120187","10.6667"
"1494307597","1648759563","0.5"
"1648759563","1494307597","0.5"
"1638026557","1648759563","0.25"
"1648759563","1638026557","0.25"
"1638026557","2152389926","0.75"
"2152389926","1638026557","0.75"
"1648759563","2131165411","11.6667"
"2131165411","1648759563","11.6667"
"1648759563","2152389926","2.5"
"2152389926","1648759563","2.5"
"1494307597","1971652947","1"
"1971652947","1494307597","1"
"1494307597","1506194649","1"
"1506194649","1494307597","1"
"1494307597","2007842132","0.25"
"2007842132","1494307597","0.25"
"1494307597","46253613","0.25"
"46253613","1494307597","0.25"
"2007842132","2024797550","0.333333"
"2024797550","2007842132","0.333333"
"2007842132","2131165411","0.333333"
"2131165411","2007842132","0.333333"
"2007842132","46253613","0.25"
"46253613","2007842132","0.25"
"2024797550","46253613","0.25"
"46253613","2024797550","0.25"
"2131165411","46253613","0.25"
"46253613","2131165411","0.25"
"1494307597","2158447492","1.41667"
"2158447492","1494307597","1.41667"
"2131165411","2143275903","2.83333"
"2143275903","2131165411","2.83333"
"2131165411","2158447492","13.3373"
"2158447492","2131165411","13.3373"
"2143275903","2152389926","0.5"
"2152389926","2143275903","0.5"
"2143275903","2158447492","0.5"
"2158447492","2143275903","0.5"
"2152389926","2158447492","4.83333"
"2158447492","2152389926","4.83333"
"1494307597","1987272746","2.5"
"1987272746","1494307597","2.5"
"1494307597","2148003754","2.11667"
"2148003754","1494307597","2.11667"
"2131165411","2148003754","17.2595"
"2148003754","2131165411","17.2595"
"2148003754","2152389926","12.2"
"2152389926","2148003754","12.2"
"1494307597","1623511323","0.2"
"1623511323","1494307597","0.2"
"1572120187","1623511323","1.15"
"1623511323","1572120187","1.15"
"1572120187","2021914941","0.7"
"2021914941","1572120187","0.7"
"1623511323","2021914941","0.45"
"2021914941","1623511323","0.45"
"1623511323","2131165411","5.78333"
"2131165411","1623511323","5.78333"
"1623511323","2152389926","0.65"
"2152389926","1623511323","0.65"
"2021914941","2131165411","5.4"
"2131165411","2021914941","5.4"
"2021914941","2152389926","1.06667"
"2152389926","2021914941","1.06667"
"1556731622","2021914941","0.616667"
"2021914941","1556731622","0.616667"
"1556731622","2131165411","21.95"
"2131165411","1556731622","21.95"
"1556731622","2148003754","5.78333"
"2148003754","1556731622","5.78333"
"1556731622","2152389926","2.65"
"2152389926","1556731622","2.65"
"1556731622","2613214602","1.66667"
"2613214602","1556731622","1.66667"
"2021914941","2148003754","0.366667"
"2148003754","2021914941","0.366667"
"2021914941","2613214602","0.166667"
"2613214602","2021914941","0.166667"
"2131165411","2613214602","6.5"
"2613214602","2131165411","6.5"
"2148003754","2613214602","1"
"2613214602","2148003754","1"
"2152389926","2613214602","0.666667"
"2613214602","2152389926","0.666667"
"1494307597","1976624301","1.5"
"1976624301","1494307597","1.5"
"1976624301","1987272746","58.2583"
"1987272746","1976624301","58.2583"
"1976624301","2148003754","1.16667"
"2148003754","1976624301","1.16667"
"1987272746","2148003754","4.75"
"2148003754","1987272746","4.75"
"1987272746","2131165411","3.91667"
"2131165411","1987272746","3.91667"
"1494307597","1528249715","3.28333"
"1528249715","1494307597","3.28333"
"1976624301","2131165411","1.66667"
"2131165411","1976624301","1.66667"
"2021914941","2117849706","1.33333"
"2117849706","2021914941","1.33333"
"2021914941","2143275903","0.333333"
"2143275903","2021914941","0.333333"
"2117849706","2143275903","3.16667"
"2143275903","2117849706","3.16667"
"1494307597","1578269782","3.2"
"1578269782","1494307597","3.2"
"1638026557","2021914941","1.33333"
"2021914941","1638026557","1.33333"
"1638026557","2051228475","15.9167"
"2051228475","1638026557","15.9167"
"1494307597","2060579849","0.916667"
"2060579849","1494307597","0.916667"
"1494307597","2116879341","0.666667"
"2116879341","1494307597","0.666667"
"2051228475","2060579849","6.86667"
"2060579849","2051228475","6.86667"
"2051228475","2116879341","5.41667"
"2116879341","2051228475","5.41667"
"1572120187","2158447492","2.11111"
"2158447492","1572120187","2.11111"
"2021914941","2158447492","0.333333"
"2158447492","2021914941","0.333333"
"2148003754","2158447492","4.05952"
"2158447492","2148003754","4.05952"
"1494307597","2138618491","1"
"2138618491","1494307597","1"
"1494307597","2201622286","0.25"
"2201622286","1494307597","0.25"
"1528249715","2201622286","3.02778"
"2201622286","1528249715","3.02778"
"1638026557","2201622286","6.07222"
"2201622286","1638026557","6.07222"
"2060579849","2201622286","5.43333"
"2201622286","2060579849","5.43333"
"1572120187","1648759563","6.33333"
"1648759563","1572120187","6.33333"
"1648759563","2158447492","1.08333"
"2158447492","1648759563","1.08333"
"1494307597","1979117702","1"
"1979117702","1494307597","1"
"1494307597","2003262311","0.2"
"2003262311","1494307597","0.2"
"1528249715","1578269782","0.311111"
"1578269782","1528249715","0.311111"
"1528249715","2003262311","0.311111"
"2003262311","1528249715","0.311111"
"1578269782","2003262311","1.7873"
"2003262311","1578269782","1.7873"
"1578269782","2117849706","1.7"
"2117849706","1578269782","1.7"
"1578269782","2131165411","2.7873"
"2131165411","1578269782","2.7873"
"2003262311","2117849706","1.2"
"2117849706","2003262311","1.2"
"2003262311","2131165411","1.45397"
"2131165411","2003262311","1.45397"
"1572120187","2148003754","0.833333"
"2148003754","1572120187","0.833333"
"2117849706","2148003754","0.166667"
"2148003754","2117849706","0.166667"
"2117849706","2158447492","0.166667"
"2158447492","2117849706","0.166667"
"1495898622","1638026557","1.52222"
"1638026557","1495898622","1.52222"
"1495898622","1973097187","0.572222"
"1973097187","1495898622","0.572222"
"1495898622","2016892599","0.211111"
"2016892599","1495898622","0.211111"
"1495898622","2060579849","0.655556"
"2060579849","1495898622","0.655556"
"1495898622","2073788020","1.85556"
"2073788020","1495898622","1.85556"
"1495898622","2117849706","2.82222"
"2117849706","1495898622","2.82222"
"1495898622","2147100344","1.32222"
"2147100344","1495898622","1.32222"
"1495898622","2159977448","1.85556"
"2159977448","1495898622","1.85556"
"1495898622","2170188121","2.21111"
"2170188121","1495898622","2.21111"
"1495898622","2201622286","2.23889"
"2201622286","1495898622","2.23889"
"1638026557","2016892599","0.544444"
"2016892599","1638026557","0.544444"
"1638026557","2073788020","2.85556"
"2073788020","1638026557","2.85556"
"1638026557","2159977448","2.52222"
"2159977448","1638026557","2.52222"
"1638026557","2170188121","2.71111"
"2170188121","1638026557","2.71111"
"1973097187","2016892599","0.211111"
"2016892599","1973097187","0.211111"
"1973097187","2073788020","0.572222"
"2073788020","1973097187","0.572222"
"1973097187","2159977448","2.07222"
"2159977448","1973097187","2.07222"
"1973097187","2170188121","0.211111"
"2170188121","1973097187","0.211111"
"1973097187","2201622286","2.57222"
"2201622286","1973097187","2.57222"
"2016892599","2060579849","0.744444"
"2060579849","2016892599","0.744444"
"2016892599","2073788020","23.5778"
"2073788020","2016892599","23.5778"
"2016892599","2117849706","0.211111"
"2117849706","2016892599","0.211111"
"2016892599","2147100344","0.211111"
"2147100344","2016892599","0.211111"
"2016892599","2159977448","2.24444"
"2159977448","2016892599","2.24444"
"2016892599","2170188121","23.4083"
"2170188121","2016892599","23.4083"
"2016892599","2201622286","2.21111"
"2201622286","2016892599","2.21111"
"2060579849","2073788020","0.322222"
"2073788020","2060579849","0.322222"
"2060579849","2159977448","1.52222"
"2159977448","2060579849","1.52222"
"2060579849","2170188121","3.74444"
"2170188121","2060579849","3.74444"
"2073788020","2117849706","1.32222"
"2117849706","2073788020","1.32222"
"2073788020","2147100344","0.322222"
"2147100344","2073788020","0.322222"
"2073788020","2159977448","5.02222"
"2159977448","2073788020","5.02222"
"2073788020","2170188121","2.86111"
"2170188121","2073788020","2.86111"
"2073788020","2201622286","0.905556"
"2201622286","2073788020","0.905556"
"2117849706","2159977448","7.82222"
"2159977448","2117849706","7.82222"
"2117849706","2170188121","3.21111"
"2170188121","2117849706","3.21111"
"2117849706","2201622286","5.15556"
"2201622286","2117849706","5.15556"
"2147100344","2159977448","0.322222"
"2159977448","2147100344","0.322222"
"2147100344","2170188121","2.21111"
"2170188121","2147100344","2.21111"
"2147100344","2201622286","0.322222"
"2201622286","2147100344","0.322222"
"2159977448","2170188121","2.74444"
"2170188121","2159977448","2.74444"
"2159977448","2201622286","2.73889"
"2201622286","2159977448","2.73889"
"2170188121","2201622286","4.71111"
"2201622286","2170188121","4.71111"
"1495898622","1564059483","14.7833"
"1564059483","1495898622","14.7833"
"1495898622","2003262311","0.5"
"2003262311","1495898622","0.5"
"1495898622","2007842132","0.5"
"2007842132","1495898622","0.5"
"2003262311","2007842132","15.5"
"2007842132","2003262311","15.5"
"1495898622","1952843833","2.25"
"1952843833","1495898622","2.25"
"1564059483","1952843833","6.45"
"1952843833","1564059483","6.45"
"1564059483","2073788020","50.4833"
"2073788020","1564059483","50.4833"
"1564059483","2159977448","1.45"
"2159977448","1564059483","1.45"
"1952843833","2073788020","3.95"
"2073788020","1952843833","3.95"
"1952843833","2159977448","0.5"
"2159977448","1952843833","0.5"
"1495898622","2124916819","1"
"2124916819","1495898622","1"
"1495898622","2613214602","0.5"
"2613214602","1495898622","0.5"
"2117849706","2613214602","2.5"
"2613214602","2117849706","2.5"
"1564059483","2201622286","1.83333"
"2201622286","1564059483","1.83333"
"1495898622","1528249715","0.2"
"1528249715","1495898622","0.2"
"1528249715","1564059483","0.2"
"1564059483","1528249715","0.2"
"1528249715","2073788020","0.2"
"2073788020","1528249715","0.2"
"1528249715","2159977448","0.533333"
"2159977448","1528249715","0.533333"
"1564059483","1638026557","3.03333"
"1638026557","1564059483","3.03333"
"1496255159","1974554406","1.55321"
"1974554406","1496255159","1.55321"
"1496255159","2013922699","0.736544"
"2013922699","1496255159","0.736544"
"1496255159","2028818097","1.13654"
"2028818097","1496255159","1.13654"
"1496255159","2066640191","1.09924"
"2066640191","1496255159","1.09924"
"1496255159","2069396035","0.166667"
"2069396035","1496255159","0.166667"
"1496255159","2101620066","0.357576"
"2101620066","1496255159","0.357576"
"1974554406","2013922699","5.80361"
"2013922699","1974554406","5.80361"
"1974554406","2028818097","29.9798"
"2028818097","1974554406","29.9798"
"1974554406","2066640191","17.9758"
"2066640191","1974554406","17.9758"
"1974554406","2069396035","1.575"
"2069396035","1974554406","1.575"
"1974554406","2101620066","15.7469"
"2101620066","1974554406","15.7469"
"2013922699","2028818097","5.63694"
"2028818097","2013922699","5.63694"
"2013922699","2066640191","2.76631"
"2066640191","2013922699","2.76631"
"2013922699","2069396035","0.491667"
"2069396035","2013922699","0.491667"
"2013922699","2101620066","1.304"
"2101620066","2013922699","1.304"
"2028818097","2066640191","9.5425"
"2066640191","2028818097","9.5425"
"2028818097","2069396035","1.90833"
"2069396035","2028818097","1.90833"
"2028818097","2101620066","22.2635"
"2101620066","2028818097","22.2635"
"2066640191","2069396035","1.99167"
"2069396035","2066640191","1.99167"
"2066640191","2101620066","3.29686"
"2101620066","2066640191","3.29686"
"2069396035","2101620066","1.29167"
"2101620066","2069396035","1.29167"
"1496255159","2053653724","6.2794"
"2053653724","1496255159","6.2794"
"1496255159","2108087318","0.92619"
"2108087318","1496255159","0.92619"
"1496255159","2168071746","1.21591"
"2168071746","1496255159","1.21591"
"1974554406","2053653724","9.08694"
"2053653724","1974554406","9.08694"
"1974554406","2168071746","3.07464"
"2168071746","1974554406","3.07464"
"2028818097","2053653724","11.2703"
"2053653724","2028818097","11.2703"
"2028818097","2108087318","0.2"
"2108087318","2028818097","0.2"
"2028818097","2168071746","5.10797"
"2168071746","2028818097","5.10797"
"2053653724","2108087318","7.50952"
"2108087318","2053653724","7.50952"
"2053653724","2168071746","3.54131"
"2168071746","2053653724","3.54131"
"2108087318","2168071746","0.2"
"2168071746","2108087318","0.2"
"1496255159","1584070893","0.593687"
"1584070893","1496255159","0.593687"
"1496255159","1872614887","0.468687"
"1872614887","1496255159","0.468687"
"1496255159","1996376794","0.111111"
"1996376794","1496255159","0.111111"
"1496255159","2001977275","0.735354"
"2001977275","1496255159","0.735354"
"1496255159","2090111889","0.111111"
"2090111889","1496255159","0.111111"
"1584070893","1872614887","0.540115"
"1872614887","1584070893","0.540115"
"1584070893","1974554406","3.80242"
"1974554406","1584070893","3.80242"
"1584070893","1996376794","0.777778"
"1996376794","1584070893","0.777778"
"1584070893","2001977275","0.313131"
"2001977275","1584070893","0.313131"
"1584070893","2013922699","2.01908"
"2013922699","1584070893","2.01908"
"1584070893","2028818097","5.30242"
"2028818097","1584070893","5.30242"
"1584070893","2053653724","1.86908"
"2053653724","1584070893","1.86908"
"1584070893","2090111889","0.293651"
"2090111889","1584070893","0.293651"
"1872614887","1974554406","2.44845"
"1974554406","1872614887","2.44845"
"1872614887","1996376794","0.111111"
"1996376794","1872614887","0.111111"
"1872614887","2001977275","0.20202"
"2001977275","1872614887","0.20202"
"1872614887","2013922699","0.498449"
"2013922699","1872614887","0.498449"
"1872614887","2028818097","0.748449"
"2028818097","1872614887","0.748449"
"1872614887","2053653724","1.24845"
"2053653724","1872614887","1.24845"
"1872614887","2090111889","0.38254"
"2090111889","1872614887","0.38254"
"1974554406","1996376794","2.44444"
"1996376794","1974554406","2.44444"
"1974554406","2001977275","1.68932"
"2001977275","1974554406","1.68932"
"1974554406","2090111889","0.493651"
"2090111889","1974554406","0.493651"
"1996376794","2001977275","0.111111"
"2001977275","1996376794","0.111111"
"1996376794","2013922699","0.861111"
"2013922699","1996376794","0.861111"
"1996376794","2028818097","1.77778"
"2028818097","1996376794","1.77778"
"1996376794","2053653724","2.44444"
"2053653724","1996376794","2.44444"
"1996376794","2090111889","0.111111"
"2090111889","1996376794","0.111111"
"2001977275","2013922699","0.846465"
"2013922699","2001977275","0.846465"
"2001977275","2028818097","1.38932"
"2028818097","2001977275","1.38932"
"2001977275","2053653724","0.646465"
"2053653724","2001977275","0.646465"
"2001977275","2090111889","0.222222"
"2090111889","2001977275","0.222222"
"2013922699","2053653724","1.67027"
"2053653724","2013922699","1.67027"
"2013922699","2090111889","0.293651"
"2090111889","2013922699","0.293651"
"2028818097","2090111889","0.626984"
"2090111889","2028818097","0.626984"
"2053653724","2090111889","0.626984"
"2090111889","2053653724","0.626984"
"1496255159","2025721839","0.809524"
"2025721839","1496255159","0.809524"
"1496255159","2117974736","2.53571"
"2117974736","1496255159","2.53571"
"2025721839","2053653724","4.63095"
"2053653724","2025721839","4.63095"
"2025721839","2117974736","0.809524"
"2117974736","2025721839","0.809524"
"2053653724","2117974736","1.90238"
"2117974736","2053653724","1.90238"
"1496255159","1977810318","0.908766"
"1977810318","1496255159","0.908766"
"1584070893","1977810318","4.54131"
"1977810318","1584070893","4.54131"
"1584070893","2066640191","1.70797"
"2066640191","1584070893","1.70797"
"1584070893","2101620066","1.21234"
"2101620066","1584070893","1.21234"
"1584070893","2168071746","0.841306"
"2168071746","1584070893","0.841306"
"1872614887","1977810318","0.262338"
"1977810318","1872614887","0.262338"
"1872614887","2066640191","0.754004"
"2066640191","1872614887","0.754004"
"1872614887","2101620066","1.17067"
"2101620066","1872614887","1.17067"
"1872614887","2168071746","2.51234"
"2168071746","1872614887","2.51234"
"1977810318","2013922699","2.63416"
"2013922699","1977810318","2.63416"
"1977810318","2028818097","10.277"
"2028818097","1977810318","10.277"
"1977810318","2053653724","6.3675"
"2053653724","1977810318","6.3675"
"1977810318","2066640191","8.75083"
"2066640191","1977810318","8.75083"
"1977810318","2101620066","2.75519"
"2101620066","1977810318","2.75519"
"1977810318","2168071746","1.04131"
"2168071746","1977810318","1.04131"
"2013922699","2168071746","0.891306"
"2168071746","2013922699","0.891306"
"2053653724","2066640191","2.93297"
"2066640191","2053653724","2.93297"
"2053653724","2101620066","5.754"
"2101620066","2053653724","5.754"
"2066640191","2168071746","1.17464"
"2168071746","2066640191","1.17464"
"2101620066","2168071746","1.379"
"2168071746","2101620066","1.379"
"1496255159","2039789840","0.333333"
"2039789840","1496255159","0.333333"
"1496255159","2065758089","0.333333"
"2065758089","1496255159","0.333333"
"2039789840","2065758089","0.583333"
"2065758089","2039789840","0.583333"
"2039789840","2117974736","2.66667"
"2117974736","2039789840","2.66667"
"2065758089","2117974736","4.29167"
"2117974736","2065758089","4.29167"
"1496255159","2535778619","0.842857"
"2535778619","1496255159","0.842857"
"1496255159","569757784","0.2"
"569757784","1496255159","0.2"
"2001977275","2168071746","0.40202"
"2168071746","2001977275","0.40202"
"2001977275","2535778619","0.2"
"2535778619","2001977275","0.2"
"2001977275","569757784","0.2"
"569757784","2001977275","0.2"
"2028818097","2535778619","0.2"
"2535778619","2028818097","0.2"
"2028818097","569757784","0.6"
"569757784","2028818097","0.6"
"2168071746","2535778619","0.2"
"2535778619","2168071746","0.2"
"2168071746","569757784","0.2"
"569757784","2168071746","0.2"
"2535778619","569757784","0.2"
"569757784","2535778619","0.2"
"1977810318","2001977275","0.744877"
"2001977275","1977810318","0.744877"
"2001977275","2066640191","1.24488"
"2066640191","2001977275","1.24488"
"2001977275","2101620066","0.233766"
"2101620066","2001977275","0.233766"
"2001977275","2108087318","0.333333"
"2108087318","2001977275","0.333333"
"1496255159","782622320","0.166667"
"782622320","1496255159","0.166667"
"1584070893","782622320","0.571429"
"782622320","1584070893","0.571429"
"1872614887","782622320","0.563095"
"782622320","1872614887","0.563095"
"1974554406","782622320","7.97262"
"782622320","1974554406","7.97262"
"2053653724","782622320","0.729762"
"782622320","2053653724","0.729762"
"2066640191","782622320","2.97262"
"782622320","2066640191","2.97262"
"1974554406","2025721839","6.33095"
"2025721839","1974554406","6.33095"
"1974554406","2117974736","0.509524"
"2117974736","1974554406","0.509524"
"1977810318","2025721839","10.5476"
"2025721839","1977810318","10.5476"
"1977810318","2117974736","0.509524"
"2117974736","1977810318","0.509524"
"2013922699","2025721839","2.49762"
"2025721839","2013922699","2.49762"
"2013922699","2117974736","0.142857"
"2117974736","2013922699","0.142857"
"2025721839","2028818097","8.24762"
"2028818097","2025721839","8.24762"
"2028818097","2117974736","1.30952"
"2117974736","2028818097","1.30952"
"2053653724","2535778619","1.39286"
"2535778619","2053653724","1.39286"
"1496255159","2612964472","1.89286"
"2612964472","1496255159","1.89286"
"2053653724","2612964472","5.14286"
"2612964472","2053653724","5.14286"
"2108087318","2117974736","15.8929"
"2117974736","2108087318","15.8929"
"2108087318","2612964472","3.39286"
"2612964472","2108087318","3.39286"
"2117974736","2612964472","0.392857"
"2612964472","2117974736","0.392857"
"1496255159","1558712742","1"
"1558712742","1496255159","1"
"1496255159","1989258207","0.142857"
"1989258207","1496255159","0.142857"
"1496255159","2123561513","0.142857"
"2123561513","1496255159","0.142857"
"1989258207","2053653724","0.142857"
"2053653724","1989258207","0.142857"
"1989258207","2108087318","1.14286"
"2108087318","1989258207","1.14286"
"1989258207","2117974736","0.142857"
"2117974736","1989258207","0.142857"
"1989258207","2123561513","0.142857"
"2123561513","1989258207","0.142857"
"1989258207","2535778619","0.142857"
"2535778619","1989258207","0.142857"
"1989258207","2612964472","0.142857"
"2612964472","1989258207","0.142857"
"2053653724","2123561513","2.39286"
"2123561513","2053653724","2.39286"
"2108087318","2535778619","0.142857"
"2535778619","2108087318","0.142857"
"2117974736","2123561513","34.0512"
"2123561513","2117974736","34.0512"
"2117974736","2535778619","0.142857"
"2535778619","2117974736","0.142857"
"2123561513","2535778619","0.142857"
"2535778619","2123561513","0.142857"
"2123561513","2612964472","0.142857"
"2612964472","2123561513","0.142857"
"2535778619","2612964472","2.89286"
"2612964472","2535778619","2.89286"
"1496255159","2950381950","0.2"
"2950381950","1496255159","0.2"
"1974554406","2950381950","1.7"
"2950381950","1974554406","1.7"
"1977810318","2950381950","0.2"
"2950381950","1977810318","0.2"
"2053653724","2950381950","0.7"
"2950381950","2053653724","0.7"
"2066640191","2950381950","0.2"
"2950381950","2066640191","0.2"
"1506194649","2613214602","1"
"2613214602","1506194649","1"
"1506194649","1638026557","0.25"
"1638026557","1506194649","0.25"
"1506194649","2051228475","0.25"
"2051228475","1506194649","0.25"
"1506194649","2117849706","0.25"
"2117849706","1506194649","0.25"
"1506194649","2147100344","0.25"
"2147100344","1506194649","0.25"
"2051228475","2147100344","8"
"2147100344","2051228475","8"
"1528249715","2051228475","3.33333"
"2051228475","1528249715","3.33333"
"1528249715","2152389926","1"
"2152389926","1528249715","1"
"1528249715","2138618491","1.33333"
"2138618491","1528249715","1.33333"
"2117849706","2138618491","0.333333"
"2138618491","2117849706","0.333333"
"2138618491","2201622286","0.333333"
"2201622286","2138618491","0.333333"
"1528249715","2024797550","1.33333"
"2024797550","1528249715","1.33333"
"1528249715","2143275903","0.333333"
"2143275903","1528249715","0.333333"
"2024797550","2143275903","116.083"
"2143275903","2024797550","116.083"
"1528249715","2170188121","1"
"2170188121","1528249715","1"
"1528249715","1556731622","1"
"1556731622","1528249715","1"
"1528249715","2055958975","1.11111"
"2055958975","1528249715","1.11111"
"1528249715","2123561513","0.833333"
"2123561513","1528249715","0.833333"
"1638026557","2123561513","0.5"
"2123561513","1638026557","0.5"
"1528249715","2100721895","1"
"2100721895","1528249715","1"
"1528249715","2040348939","0.333333"
"2040348939","1528249715","0.333333"
"1528249715","2164618618","0.333333"
"2164618618","1528249715","0.333333"
"2040348939","2123561513","11.4762"
"2123561513","2040348939","11.4762"
"2040348939","2164618618","3.39286"
"2164618618","2040348939","3.39286"
"2123561513","2164618618","9.68452"
"2164618618","2123561513","9.68452"
"1528249715","1623511323","2.5"
"1623511323","1528249715","2.5"
"1528249715","2156543375","1.5"
"2156543375","1528249715","1.5"
"1528249715","2120286218","1.5"
"2120286218","1528249715","1.5"
"1528249715","1648759563","1"
"1648759563","1528249715","1"
"1528249715","2010454887","1"
"2010454887","1528249715","1"
"1528249715","2125791539","1.5"
"2125791539","1528249715","1.5"
"1638026557","2125791539","4"
"2125791539","1638026557","4"
"1528249715","2021914941","0.5"
"2021914941","1528249715","0.5"
"2021914941","2120286218","3.5"
"2120286218","2021914941","3.5"
"1528249715","2242977838","1"
"2242977838","1528249715","1"
"1638026557","2156543375","11.5"
"2156543375","1638026557","11.5"
"1528249715","2016892599","1"
"2016892599","1528249715","1"
"1528249715","1571296607","1"
"1571296607","1528249715","1"
"1528249715","1572120187","0.111111"
"1572120187","1528249715","0.111111"
"1528249715","2079794012","0.111111"
"2079794012","1528249715","0.111111"
"1528249715","2158447492","0.111111"
"2158447492","1528249715","0.111111"
"1572120187","1578269782","0.111111"
"1578269782","1572120187","0.111111"
"1572120187","2003262311","0.111111"
"2003262311","1572120187","0.111111"
"1572120187","2055958975","0.111111"
"2055958975","1572120187","0.111111"
"1572120187","2060579849","0.111111"
"2060579849","1572120187","0.111111"
"1572120187","2079794012","0.111111"
"2079794012","1572120187","0.111111"
"1572120187","2201622286","0.111111"
"2201622286","1572120187","0.111111"
"1578269782","2055958975","0.111111"
"2055958975","1578269782","0.111111"
"1578269782","2060579849","0.111111"
"2060579849","1578269782","0.111111"
"1578269782","2079794012","0.111111"
"2079794012","1578269782","0.111111"
"1578269782","2158447492","1.00397"
"2158447492","1578269782","1.00397"
"1578269782","2201622286","0.111111"
"2201622286","1578269782","0.111111"
"2003262311","2055958975","0.111111"
"2055958975","2003262311","0.111111"
"2003262311","2060579849","0.111111"
"2060579849","2003262311","0.111111"
"2003262311","2079794012","0.111111"
"2079794012","2003262311","0.111111"
"2003262311","2158447492","0.253968"
"2158447492","2003262311","0.253968"
"2003262311","2201622286","0.111111"
"2201622286","2003262311","0.111111"
"2055958975","2060579849","1.19444"
"2060579849","2055958975","1.19444"
"2055958975","2079794012","0.111111"
"2079794012","2055958975","0.111111"
"2055958975","2131165411","1.19444"
"2131165411","2055958975","1.19444"
"2055958975","2158447492","0.194444"
"2158447492","2055958975","0.194444"
"2055958975","2201622286","0.194444"
"2201622286","2055958975","0.194444"
"2060579849","2079794012","0.111111"
"2079794012","2060579849","0.111111"
"2060579849","2158447492","0.194444"
"2158447492","2060579849","0.194444"
"2079794012","2131165411","4.11111"
"2131165411","2079794012","4.11111"
"2079794012","2158447492","0.111111"
"2158447492","2079794012","0.111111"
"2079794012","2201622286","0.111111"
"2201622286","2079794012","0.111111"
"2131165411","2201622286","0.194444"
"2201622286","2131165411","0.194444"
"2158447492","2201622286","0.194444"
"2201622286","2158447492","0.194444"
"1537198575","2154703933","2"
"2154703933","1537198575","2"
"1537198575","2030689196","2"
"2030689196","1537198575","2"
"1537198575","1987272746","1"
"1987272746","1537198575","1"
"1537198575","2613214602","1"
"2613214602","1537198575","1"
"1540857022","2156543375","5"
"2156543375","1540857022","5"
"1540857022","2117849706","0.5"
"2117849706","1540857022","0.5"
"1540857022","2143275903","0.5"
"2143275903","1540857022","0.5"
"1545288376","2095849344","4.5"
"2095849344","1545288376","4.5"
"1545288376","2122416857","5"
"2122416857","1545288376","5"
"2095849344","2122416857","8.08333"
"2122416857","2095849344","8.08333"
"1545288376","2029500199","1"
"2029500199","1545288376","1"
"1545288376","2156543375","1"
"2156543375","1545288376","1"
"1545288376","2170188121","2"
"2170188121","1545288376","2"
"1545288376","1671881141","1"
"1671881141","1545288376","1"
"1545288376","2117849706","0.5"
"2117849706","1545288376","0.5"
"2117849706","2122416857","0.5"
"2122416857","2117849706","0.5"
"1545288376","2150721933","1"
"2150721933","1545288376","1"
"1556731622","1572120187","2.78333"
"1572120187","1556731622","2.78333"
"1556731622","2024797550","1.7"
"2024797550","1556731622","1.7"
"1556731622","2143275903","3.83333"
"2143275903","1556731622","3.83333"
"1556731622","2158447492","3.58333"
"2158447492","1556731622","3.58333"
"1556731622","1648759563","1.08333"
"1648759563","1556731622","1.08333"
"1556731622","2053508739","0.75"
"2053508739","1556731622","0.75"
"2053508739","2158447492","4.20238"
"2158447492","2053508739","4.20238"
"1556731622","1976624301","0.166667"
"1976624301","1556731622","0.166667"
"1556731622","1987272746","0.5"
"1987272746","1556731622","0.5"
"1976624301","2152389926","0.166667"
"2152389926","1976624301","0.166667"
"1976624301","2158447492","0.166667"
"2158447492","1976624301","0.166667"
"1987272746","2152389926","1"
"2152389926","1987272746","1"
"1987272746","2158447492","3.89286"
"2158447492","1987272746","3.89286"
"1556731622","1623511323","0.2"
"1623511323","1556731622","0.2"
"1556731622","2171034893","0.2"
"2171034893","1556731622","0.2"
"1572120187","2171034893","0.2"
"2171034893","1572120187","0.2"
"1623511323","2024797550","2.53333"
"2024797550","1623511323","2.53333"
"1623511323","2171034893","0.2"
"2171034893","1623511323","0.2"
"2024797550","2171034893","0.2"
"2171034893","2024797550","0.2"
"2152389926","2171034893","0.2"
"2171034893","2152389926","0.2"
"2021914941","2053508739","0.333333"
"2053508739","2021914941","0.333333"
"2053508739","2131165411","2.97619"
"2131165411","2053508739","2.97619"
"2053508739","2152389926","1.58333"
"2152389926","2053508739","1.58333"
"1556731622","1578269782","1"
"1578269782","1556731622","1"
"1556731622","2007842132","0.333333"
"2007842132","1556731622","0.333333"
"1556731622","2016892599","0.333333"
"2016892599","1556731622","0.333333"
"1987272746","2007842132","3.45833"
"2007842132","1987272746","3.45833"
"1987272746","2016892599","3.15833"
"2016892599","1987272746","3.15833"
"2007842132","2016892599","1.875"
"2016892599","2007842132","1.875"
"1558712742","2038378248","2"
"2038378248","1558712742","2"
"1564059483","2016892599","28.9"
"2016892599","1564059483","28.9"
"1564059483","2095849344","1.25"
"2095849344","1564059483","1.25"
"1564059483","2009761865","1"
"2009761865","1564059483","1"
"1564059483","2060579849","1"
"2060579849","1564059483","1"
"1564059483","1971652947","0.2"
"1971652947","1564059483","0.2"
"1564059483","2003262311","1.03333"
"2003262311","1564059483","1.03333"
"1564059483","2054311069","1.4"
"2054311069","1564059483","1.4"
"1564059483","2149986485","0.4"
"2149986485","1564059483","0.4"
"1971652947","2003262311","1.2"
"2003262311","1971652947","1.2"
"1971652947","2016892599","2.2"
"2016892599","1971652947","2.2"
"1971652947","2054311069","29.2"
"2054311069","1971652947","29.2"
"1971652947","2149986485","4.7"
"2149986485","1971652947","4.7"
"2003262311","2016892599","2.03333"
"2016892599","2003262311","2.03333"
"2003262311","2054311069","0.7"
"2054311069","2003262311","0.7"
"2003262311","2149986485","0.7"
"2149986485","2003262311","0.7"
"2016892599","2054311069","0.2"
"2054311069","2016892599","0.2"
"2016892599","2149986485","0.2"
"2149986485","2016892599","0.2"
"2054311069","2149986485","11.9"
"2149986485","2054311069","11.9"
"2003262311","2073788020","0.333333"
"2073788020","2003262311","0.333333"
"1564059483","1671881141","0.5"
"1671881141","1564059483","0.5"
"1671881141","2016892599","2.33333"
"2016892599","1671881141","2.33333"
"1671881141","2073788020","0.333333"
"2073788020","1671881141","0.333333"
"1564059483","2007842132","1.61667"
"2007842132","1564059483","1.61667"
"1564059483","2029500199","1.875"
"2029500199","1564059483","1.875"
"2029500199","2073788020","1.98333"
"2073788020","2029500199","1.98333"
"1564059483","2150721933","5.16667"
"2150721933","1564059483","5.16667"
"1564059483","1994242182","1.125"
"1994242182","1564059483","1.125"
"1994242182","2073788020","1"
"2073788020","1994242182","1"
"1564059483","1845137714","0.325"
"1845137714","1564059483","0.325"
"1564059483","2038378248","0.291667"
"2038378248","1564059483","0.291667"
"1564059483","2108671511","0.325"
"2108671511","1564059483","0.325"
"1564059483","2122416857","0.625"
"2122416857","1564059483","0.625"
"1564059483","2170188121","3.24167"
"2170188121","1564059483","3.24167"
"1564059483","2295141584","0.125"
"2295141584","1564059483","0.125"
"1845137714","1994242182","0.125"
"1994242182","1845137714","0.125"
"1845137714","2029500199","11.3667"
"2029500199","1845137714","11.3667"
"1845137714","2038378248","2.275"
"2038378248","1845137714","2.275"
"1845137714","2108671511","70.95"
"2108671511","1845137714","70.95"
"1845137714","2122416857","0.125"
"2122416857","1845137714","0.125"
"1845137714","2170188121","4.4"
"2170188121","1845137714","4.4"
"1845137714","2295141584","4.525"
"2295141584","1845137714","4.525"
"1994242182","2029500199","0.125"
"2029500199","1994242182","0.125"
"1994242182","2038378248","0.125"
"2038378248","1994242182","0.125"
"1994242182","2108671511","0.125"
"2108671511","1994242182","0.125"
"1994242182","2122416857","2.125"
"2122416857","1994242182","2.125"
"1994242182","2170188121","0.125"
"2170188121","1994242182","0.125"
"1994242182","2295141584","0.125"
"2295141584","1994242182","0.125"
"2029500199","2038378248","8.975"
"2038378248","2029500199","8.975"
"2029500199","2108671511","5.66667"
"2108671511","2029500199","5.66667"
"2029500199","2122416857","9.65833"
"2122416857","2029500199","9.65833"
"2029500199","2170188121","19.1833"
"2170188121","2029500199","19.1833"
"2029500199","2295141584","28.975"
"2295141584","2029500199","28.975"
"2038378248","2108671511","0.125"
"2108671511","2038378248","0.125"
"2038378248","2122416857","0.375"
"2122416857","2038378248","0.375"
"2038378248","2170188121","5.975"
"2170188121","2038378248","5.975"
"2038378248","2295141584","12.8417"
"2295141584","2038378248","12.8417"
"2108671511","2122416857","0.125"
"2122416857","2108671511","0.125"
"2108671511","2170188121","1.45"
"2170188121","2108671511","1.45"
"2108671511","2295141584","1.375"
"2295141584","2108671511","1.375"
"2122416857","2170188121","0.125"
"2170188121","2122416857","0.125"
"2122416857","2295141584","1.125"
"2295141584","2122416857","1.125"
"2170188121","2295141584","25.225"
"2295141584","2170188121","25.225"
"2016892599","2029500199","2.40833"
"2029500199","2016892599","2.40833"
"2016892599","2095849344","3.375"
"2095849344","2016892599","3.375"
"2029500199","2095849344","7.45833"
"2095849344","2029500199","7.45833"
"2073788020","2095849344","0.25"
"2095849344","2073788020","0.25"
"1564059483","2100721895","3.33333"
"2100721895","1564059483","3.33333"
"2073788020","2122416857","0.5"
"2122416857","2073788020","0.5"
"2150721933","2170188121","45.3667"
"2170188121","2150721933","45.3667"
"1564059483","2152389926","1"
"2152389926","1564059483","1"
"1952843833","2007842132","1.86667"
"2007842132","1952843833","1.86667"
"1952843833","2054311069","9.78333"
"2054311069","1952843833","9.78333"
"1952843833","2149986485","4.45"
"2149986485","1952843833","4.45"
"2007842132","2054311069","0.866667"
"2054311069","2007842132","0.866667"
"2007842132","2073788020","3.11667"
"2073788020","2007842132","3.11667"
