"1480531070","2114111337","1.58333"
"2114111337","1480531070","1.58333"
"1480531070","1601323158","0.626812"
"1601323158","1480531070","0.626812"
"1480531070","2079136461","4.87681"
"2079136461","1480531070","4.87681"
"1480531070","2170684356","0.293478"
"2170684356","1480531070","0.293478"
"1601323158","2079136461","0.626812"
"2079136461","1601323158","0.626812"
"1601323158","2114111337","0.583333"
"2114111337","1601323158","0.583333"
"1601323158","2170684356","2.29348"
"2170684356","1601323158","2.29348"
"2079136461","2114111337","0.583333"
"2114111337","2079136461","0.583333"
"2079136461","2170684356","0.293478"
"2170684356","2079136461","0.293478"
"2114111337","2170684356","1.25"
"2170684356","2114111337","1.25"
"1480531070","2122233046","0.793478"
"2122233046","1480531070","0.793478"
"2079136461","2122233046","0.793478"
"2122233046","2079136461","0.793478"
"1480531070","1965741190","0.5"
"1965741190","1480531070","0.5"
"1480531070","2115366404","2.25"
"2115366404","1480531070","2.25"
"1480531070","2123257880","0.293478"
"2123257880","1480531070","0.293478"
"1965741190","2079136461","0.5"
"2079136461","1965741190","0.5"
"1965741190","2115366404","0.25"
"2115366404","1965741190","0.25"
"1965741190","2123257880","0.25"
"2123257880","1965741190","0.25"
"2079136461","2115366404","2.25"
"2115366404","2079136461","2.25"
"2079136461","2123257880","0.293478"
"2123257880","2079136461","0.293478"
"2115366404","2123257880","9.61783"
"2123257880","2115366404","9.61783"
"1480531070","79791966","1"
"79791966","1480531070","1"
"2115366404","79791966","1.33333"
"79791966","2115366404","1.33333"
"1480531070","1580890911","0.25"
"1580890911","1480531070","0.25"
"1480531070","2101286027","0.25"
"2101286027","1480531070","0.25"
"1480531070","2113723748","0.25"
"2113723748","1480531070","0.25"
"1580890911","2079136461","0.25"
"2079136461","1580890911","0.25"
"1580890911","2101286027","0.25"
"2101286027","1580890911","0.25"
"1580890911","2113723748","0.25"
"2113723748","1580890911","0.25"
"2079136461","2101286027","0.25"
"2101286027","2079136461","0.25"
"2079136461","2113723748","0.25"
"2113723748","2079136461","0.25"
"2101286027","2113723748","1.58333"
"2113723748","2101286027","1.58333"
"1480531070","1574795525","0.0434783"
"1574795525","1480531070","0.0434783"
"1480531070","1595315929","0.0434783"
"1595315929","1480531070","0.0434783"
"1480531070","1651179339","0.0434783"
"1651179339","1480531070","0.0434783"
"1480531070","1838146103","0.0434783"
"1838146103","1480531070","0.0434783"
"1480531070","1967855894","0.0434783"
"1967855894","1480531070","0.0434783"
"1480531070","1988431231","0.0434783"
"1988431231","1480531070","0.0434783"
"1480531070","1991372867","0.0434783"
"1991372867","1480531070","0.0434783"
"1480531070","2014426342","0.0434783"
"2014426342","1480531070","0.0434783"
"1480531070","2107653048","0.0434783"
"2107653048","1480531070","0.0434783"
"1480531070","2111966955","0.0434783"
"2111966955","1480531070","0.0434783"
"1480531070","2120400822","0.0434783"
"2120400822","1480531070","0.0434783"
"1480531070","2127210827","0.0434783"
"2127210827","1480531070","0.0434783"
"1480531070","2152502401","0.0434783"
"2152502401","1480531070","0.0434783"
"1480531070","2153610999","0.0434783"
"2153610999","1480531070","0.0434783"
"1480531070","2158418361","0.0434783"
"2158418361","1480531070","0.0434783"
"1480531070","2161621125","0.0434783"
"2161621125","1480531070","0.0434783"
"1480531070","2165155793","0.0434783"
"2165155793","1480531070","0.0434783"
"1480531070","2404779194","0.0434783"
"2404779194","1480531070","0.0434783"
"1574795525","1595315929","0.0434783"
"1595315929","1574795525","0.0434783"
"1574795525","1601323158","0.0434783"
"1601323158","1574795525","0.0434783"
"1574795525","1651179339","0.0434783"
"1651179339","1574795525","0.0434783"
"1574795525","1838146103","0.0434783"
"1838146103","1574795525","0.0434783"
"1574795525","1967855894","0.0434783"
"1967855894","1574795525","0.0434783"
"1574795525","1988431231","0.0434783"
"1988431231","1574795525","0.0434783"
"1574795525","1991372867","0.0434783"
"1991372867","1574795525","0.0434783"
"1574795525","2014426342","0.0434783"
"2014426342","1574795525","0.0434783"
"1574795525","2079136461","0.0434783"
"2079136461","1574795525","0.0434783"
"1574795525","2107653048","0.0434783"
"2107653048","1574795525","0.0434783"
"1574795525","2111966955","0.0434783"
"2111966955","1574795525","0.0434783"
"1574795525","2120400822","0.0434783"
"2120400822","1574795525","0.0434783"
"1574795525","2122233046","0.543478"
"2122233046","1574795525","0.543478"
"1574795525","2123257880","0.293478"
"2123257880","1574795525","0.293478"
"1574795525","2127210827","0.0434783"
"2127210827","1574795525","0.0434783"
"1574795525","2152502401","0.0434783"
"2152502401","1574795525","0.0434783"
"1574795525","2153610999","0.0434783"
"2153610999","1574795525","0.0434783"
"1574795525","2158418361","0.0434783"
"2158418361","1574795525","0.0434783"
"1574795525","2161621125","1.29348"
"2161621125","1574795525","1.29348"
"1574795525","2165155793","0.0434783"
"2165155793","1574795525","0.0434783"
"1574795525","2170684356","0.0434783"
"2170684356","1574795525","0.0434783"
"1574795525","2404779194","0.0434783"
"2404779194","1574795525","0.0434783"
"1595315929","1601323158","1.04348"
"1601323158","1595315929","1.04348"
"1595315929","1651179339","0.0434783"
"1651179339","1595315929","0.0434783"
"1595315929","1838146103","0.376812"
"1838146103","1595315929","0.376812"
"1595315929","1967855894","0.0434783"
"1967855894","1595315929","0.0434783"
"1595315929","1988431231","0.0434783"
"1988431231","1595315929","0.0434783"
"1595315929","1991372867","0.0434783"
"1991372867","1595315929","0.0434783"
"1595315929","2014426342","0.0434783"
"2014426342","1595315929","0.0434783"
"1595315929","2079136461","0.0434783"
"2079136461","1595315929","0.0434783"
"1595315929","2107653048","0.0434783"
"2107653048","1595315929","0.0434783"
"1595315929","2111966955","0.0434783"
"2111966955","1595315929","0.0434783"
"1595315929","2120400822","0.0434783"
"2120400822","1595315929","0.0434783"
"1595315929","2122233046","0.0434783"
"2122233046","1595315929","0.0434783"
"1595315929","2123257880","0.0434783"
"2123257880","1595315929","0.0434783"
"1595315929","2127210827","0.0434783"
"2127210827","1595315929","0.0434783"
"1595315929","2152502401","0.0434783"
"2152502401","1595315929","0.0434783"
"1595315929","2153610999","0.0434783"
"2153610999","1595315929","0.0434783"
"1595315929","2158418361","1.37681"
"2158418361","1595315929","1.37681"
"1595315929","2161621125","0.0434783"
"2161621125","1595315929","0.0434783"
"1595315929","2165155793","0.0434783"
"2165155793","1595315929","0.0434783"
"1595315929","2170684356","1.04348"
"2170684356","1595315929","1.04348"
"1595315929","2404779194","0.0434783"
"2404779194","1595315929","0.0434783"
"1601323158","1651179339","0.0434783"
"1651179339","1601323158","0.0434783"
"1601323158","1838146103","0.0434783"
"1838146103","1601323158","0.0434783"
"1601323158","1967855894","0.0434783"
"1967855894","1601323158","0.0434783"
"1601323158","1988431231","0.0434783"
"1988431231","1601323158","0.0434783"
"1601323158","1991372867","0.0434783"
"1991372867","1601323158","0.0434783"
"1601323158","2014426342","0.0434783"
"2014426342","1601323158","0.0434783"
"1601323158","2107653048","0.0434783"
"2107653048","1601323158","0.0434783"
"1601323158","2111966955","0.0434783"
"2111966955","1601323158","0.0434783"
"1601323158","2120400822","0.0434783"
"2120400822","1601323158","0.0434783"
"1601323158","2122233046","0.0434783"
"2122233046","1601323158","0.0434783"
"1601323158","2123257880","0.0434783"
"2123257880","1601323158","0.0434783"
"1601323158","2127210827","0.0434783"
"2127210827","1601323158","0.0434783"
"1601323158","2152502401","0.0434783"
"2152502401","1601323158","0.0434783"
"1601323158","2153610999","0.0434783"
"2153610999","1601323158","0.0434783"
"1601323158","2158418361","0.0434783"
"2158418361","1601323158","0.0434783"
"1601323158","2161621125","0.0434783"
"2161621125","1601323158","0.0434783"
"1601323158","2165155793","0.0434783"
"2165155793","1601323158","0.0434783"
"1601323158","2404779194","0.0434783"
"2404779194","1601323158","0.0434783"
"1651179339","1838146103","0.0434783"
"1838146103","1651179339","0.0434783"
"1651179339","1967855894","0.0434783"
"1967855894","1651179339","0.0434783"
"1651179339","1988431231","0.293478"
"1988431231","1651179339","0.293478"
"1651179339","1991372867","0.0434783"
"1991372867","1651179339","0.0434783"
"1651179339","2014426342","0.0434783"
"2014426342","1651179339","0.0434783"
"1651179339","2079136461","0.0434783"
"2079136461","1651179339","0.0434783"
"1651179339","2107653048","0.0434783"
"2107653048","1651179339","0.0434783"
"1651179339","2111966955","0.0434783"
"2111966955","1651179339","0.0434783"
"1651179339","2120400822","0.0434783"
"2120400822","1651179339","0.0434783"
"1651179339","2122233046","0.0434783"
"2122233046","1651179339","0.0434783"
"1651179339","2123257880","0.0434783"
"2123257880","1651179339","0.0434783"
"1651179339","2127210827","0.0434783"
"2127210827","1651179339","0.0434783"
"1651179339","2152502401","0.0434783"
"2152502401","1651179339","0.0434783"
"1651179339","2153610999","0.0434783"
"2153610999","1651179339","0.0434783"
"1651179339","2158418361","0.0434783"
"2158418361","1651179339","0.0434783"
"1651179339","2161621125","0.0434783"
"2161621125","1651179339","0.0434783"
"1651179339","2165155793","0.293478"
"2165155793","1651179339","0.293478"
"1651179339","2170684356","0.0434783"
"2170684356","1651179339","0.0434783"
"1651179339","2404779194","0.0434783"
"2404779194","1651179339","0.0434783"
"1838146103","1967855894","0.0434783"
"1967855894","1838146103","0.0434783"
"1838146103","1988431231","0.0434783"
"1988431231","1838146103","0.0434783"
"1838146103","1991372867","0.0434783"
"1991372867","1838146103","0.0434783"
"1838146103","2014426342","0.0434783"
"2014426342","1838146103","0.0434783"
"1838146103","2079136461","0.0434783"
"2079136461","1838146103","0.0434783"
"1838146103","2107653048","0.0434783"
"2107653048","1838146103","0.0434783"
"1838146103","2111966955","0.0434783"
"2111966955","1838146103","0.0434783"
"1838146103","2120400822","0.0434783"
"2120400822","1838146103","0.0434783"
"1838146103","2122233046","0.0434783"
"2122233046","1838146103","0.0434783"
"1838146103","2123257880","0.0434783"
"2123257880","1838146103","0.0434783"
"1838146103","2127210827","0.0434783"
"2127210827","1838146103","0.0434783"
"1838146103","2152502401","0.0434783"
"2152502401","1838146103","0.0434783"
"1838146103","2153610999","0.0434783"
"2153610999","1838146103","0.0434783"
"1838146103","2158418361","0.376812"
"2158418361","1838146103","0.376812"
"1838146103","2161621125","0.0434783"
"2161621125","1838146103","0.0434783"
"1838146103","2165155793","0.0434783"
"2165155793","1838146103","0.0434783"
"1838146103","2170684356","0.0434783"
"2170684356","1838146103","0.0434783"
"1838146103","2404779194","0.0434783"
"2404779194","1838146103","0.0434783"
"1967855894","1988431231","0.0434783"
"1988431231","1967855894","0.0434783"
"1967855894","1991372867","0.0434783"
"1991372867","1967855894","0.0434783"
"1967855894","2014426342","0.0434783"
"2014426342","1967855894","0.0434783"
"1967855894","2079136461","0.0434783"
"2079136461","1967855894","0.0434783"
"1967855894","2107653048","0.0434783"
"2107653048","1967855894","0.0434783"
"1967855894","2111966955","0.0434783"
"2111966955","1967855894","0.0434783"
"1967855894","2120400822","0.0434783"
"2120400822","1967855894","0.0434783"
"1967855894","2122233046","0.0434783"
"2122233046","1967855894","0.0434783"
"1967855894","2123257880","0.0434783"
"2123257880","1967855894","0.0434783"
"1967855894","2127210827","0.0434783"
"2127210827","1967855894","0.0434783"
"1967855894","2152502401","0.0434783"
"2152502401","1967855894","0.0434783"
"1967855894","2153610999","0.0434783"
"2153610999","1967855894","0.0434783"
"1967855894","2158418361","0.0434783"
"2158418361","1967855894","0.0434783"
"1967855894","2161621125","0.0434783"
"2161621125","1967855894","0.0434783"
"1967855894","2165155793","0.0434783"
"2165155793","1967855894","0.0434783"
"1967855894","2170684356","0.0434783"
"2170684356","1967855894","0.0434783"
"1967855894","2404779194","0.0434783"
"2404779194","1967855894","0.0434783"
"1988431231","1991372867","0.0434783"
"1991372867","1988431231","0.0434783"
"1988431231","2014426342","0.0434783"
"2014426342","1988431231","0.0434783"
"1988431231","2079136461","0.0434783"
"2079136461","1988431231","0.0434783"
"1988431231","2107653048","0.0434783"
"2107653048","1988431231","0.0434783"
"1988431231","2111966955","0.0434783"
"2111966955","1988431231","0.0434783"
"1988431231","2120400822","0.0434783"
"2120400822","1988431231","0.0434783"
"1988431231","2122233046","0.0434783"
"2122233046","1988431231","0.0434783"
"1988431231","2123257880","0.0434783"
"2123257880","1988431231","0.0434783"
"1988431231","2127210827","0.0434783"
"2127210827","1988431231","0.0434783"
"1988431231","2152502401","0.0434783"
"2152502401","1988431231","0.0434783"
"1988431231","2153610999","1.04348"
"2153610999","1988431231","1.04348"
"1988431231","2158418361","0.0434783"
"2158418361","1988431231","0.0434783"
"1988431231","2161621125","0.0434783"
"2161621125","1988431231","0.0434783"
"1988431231","2165155793","0.293478"
"2165155793","1988431231","0.293478"
"1988431231","2170684356","0.0434783"
"2170684356","1988431231","0.0434783"
"1988431231","2404779194","0.0434783"
"2404779194","1988431231","0.0434783"
"1991372867","2014426342","0.0434783"
"2014426342","1991372867","0.0434783"
"1991372867","2079136461","0.0434783"
"2079136461","1991372867","0.0434783"
"1991372867","2107653048","0.0434783"
"2107653048","1991372867","0.0434783"
"1991372867","2111966955","0.0434783"
"2111966955","1991372867","0.0434783"
"1991372867","2120400822","0.0434783"
"2120400822","1991372867","0.0434783"
"1991372867","2122233046","0.0434783"
"2122233046","1991372867","0.0434783"
"1991372867","2123257880","0.0434783"
"2123257880","1991372867","0.0434783"
"1991372867","2127210827","0.0434783"
"2127210827","1991372867","0.0434783"
"1991372867","2152502401","0.0434783"
"2152502401","1991372867","0.0434783"
"1991372867","2153610999","0.0434783"
"2153610999","1991372867","0.0434783"
"1991372867","2158418361","0.0434783"
"2158418361","1991372867","0.0434783"
"1991372867","2161621125","0.0434783"
"2161621125","1991372867","0.0434783"
"1991372867","2165155793","0.0434783"
"2165155793","1991372867","0.0434783"
"1991372867","2170684356","0.0434783"
"2170684356","1991372867","0.0434783"
"1991372867","2404779194","0.0434783"
"2404779194","1991372867","0.0434783"
"2014426342","2079136461","0.0434783"
"2079136461","2014426342","0.0434783"
"2014426342","2107653048","0.0434783"
"2107653048","2014426342","0.0434783"
"2014426342","2111966955","0.0434783"
"2111966955","2014426342","0.0434783"
"2014426342","2120400822","0.0434783"
"2120400822","2014426342","0.0434783"
"2014426342","2122233046","0.0434783"
"2122233046","2014426342","0.0434783"
"2014426342","2123257880","0.0434783"
"2123257880","2014426342","0.0434783"
"2014426342","2127210827","0.0434783"
"2127210827","2014426342","0.0434783"
"2014426342","2152502401","0.0434783"
"2152502401","2014426342","0.0434783"
"2014426342","2153610999","0.0434783"
"2153610999","2014426342","0.0434783"
"2014426342","2158418361","0.0434783"
"2158418361","2014426342","0.0434783"
"2014426342","2161621125","0.0434783"
"2161621125","2014426342","0.0434783"
"2014426342","2165155793","0.0434783"
"2165155793","2014426342","0.0434783"
"2014426342","2170684356","0.0434783"
"2170684356","2014426342","0.0434783"
"2014426342","2404779194","0.0434783"
"2404779194","2014426342","0.0434783"
"2079136461","2107653048","0.0434783"
"2107653048","2079136461","0.0434783"
"2079136461","2111966955","0.0434783"
"2111966955","2079136461","0.0434783"
"2079136461","2120400822","0.0434783"
"2120400822","2079136461","0.0434783"
"2079136461","2127210827","0.0434783"
"2127210827","2079136461","0.0434783"
"2079136461","2152502401","0.0434783"
"2152502401","2079136461","0.0434783"
"2079136461","2153610999","1.04348"
"2153610999","2079136461","1.04348"
"2079136461","2158418361","0.0434783"
"2158418361","2079136461","0.0434783"
"2079136461","2161621125","0.0434783"
"2161621125","2079136461","0.0434783"
"2079136461","2165155793","0.0434783"
"2165155793","2079136461","0.0434783"
"2079136461","2404779194","0.0434783"
"2404779194","2079136461","0.0434783"
"2107653048","2111966955","0.0434783"
"2111966955","2107653048","0.0434783"
"2107653048","2120400822","0.0434783"
"2120400822","2107653048","0.0434783"
"2107653048","2122233046","0.0434783"
"2122233046","2107653048","0.0434783"
"2107653048","2123257880","0.0434783"
"2123257880","2107653048","0.0434783"
"2107653048","2127210827","0.0434783"
"2127210827","2107653048","0.0434783"
"2107653048","2152502401","0.0434783"
"2152502401","2107653048","0.0434783"
"2107653048","2153610999","0.0434783"
"2153610999","2107653048","0.0434783"
"2107653048","2158418361","0.0434783"
"2158418361","2107653048","0.0434783"
"2107653048","2161621125","0.0434783"
"2161621125","2107653048","0.0434783"
"2107653048","2165155793","0.0434783"
"2165155793","2107653048","0.0434783"
"2107653048","2170684356","0.0434783"
"2170684356","2107653048","0.0434783"
"2107653048","2404779194","0.0434783"
"2404779194","2107653048","0.0434783"
"2111966955","2120400822","2.37681"
"2120400822","2111966955","2.37681"
"2111966955","2122233046","0.0434783"
"2122233046","2111966955","0.0434783"
"2111966955","2123257880","0.0434783"
"2123257880","2111966955","0.0434783"
"2111966955","2127210827","0.0434783"
"2127210827","2111966955","0.0434783"
"2111966955","2152502401","0.0434783"
"2152502401","2111966955","0.0434783"
"2111966955","2153610999","1.04348"
"2153610999","2111966955","1.04348"
"2111966955","2158418361","0.0434783"
"2158418361","2111966955","0.0434783"
"2111966955","2161621125","0.0434783"
"2161621125","2111966955","0.0434783"
"2111966955","2165155793","0.0434783"
"2165155793","2111966955","0.0434783"
"2111966955","2170684356","0.0434783"
"2170684356","2111966955","0.0434783"
"2111966955","2404779194","0.0434783"
"2404779194","2111966955","0.0434783"
"2120400822","2122233046","0.0434783"
"2122233046","2120400822","0.0434783"
"2120400822","2123257880","0.0434783"
"2123257880","2120400822","0.0434783"
"2120400822","2127210827","0.0434783"
"2127210827","2120400822","0.0434783"
"2120400822","2152502401","0.0434783"
"2152502401","2120400822","0.0434783"
"2120400822","2153610999","0.0434783"
"2153610999","2120400822","0.0434783"
"2120400822","2158418361","0.0434783"
"2158418361","2120400822","0.0434783"
"2120400822","2161621125","0.0434783"
"2161621125","2120400822","0.0434783"
"2120400822","2165155793","0.0434783"
"2165155793","2120400822","0.0434783"
"2120400822","2170684356","0.0434783"
"2170684356","2120400822","0.0434783"
"2120400822","2404779194","0.0434783"
"2404779194","2120400822","0.0434783"
"2122233046","2123257880","2.04417"
"2123257880","2122233046","2.04417"
"2122233046","2127210827","0.0434783"
"2127210827","2122233046","0.0434783"
"2122233046","2152502401","0.0434783"
"2152502401","2122233046","0.0434783"
"2122233046","2153610999","0.243478"
"2153610999","2122233046","0.243478"
"2122233046","2158418361","0.0434783"
"2158418361","2122233046","0.0434783"
"2122233046","2161621125","2.5025"
"2161621125","2122233046","2.5025"
"2122233046","2165155793","0.0434783"
"2165155793","2122233046","0.0434783"
"2122233046","2170684356","0.0434783"
"2170684356","2122233046","0.0434783"
"2122233046","2404779194","0.0434783"
"2404779194","2122233046","0.0434783"
"2123257880","2127210827","0.0434783"
"2127210827","2123257880","0.0434783"
"2123257880","2152502401","0.0434783"
"2152502401","2123257880","0.0434783"
"2123257880","2153610999","0.243478"
"2153610999","2123257880","0.243478"
"2123257880","2158418361","0.0434783"
"2158418361","2123257880","0.0434783"
"2123257880","2161621125","3.34417"
"2161621125","2123257880","3.34417"
"2123257880","2165155793","0.0434783"
"2165155793","2123257880","0.0434783"
"2123257880","2170684356","0.0434783"
"2170684356","2123257880","0.0434783"
"2123257880","2404779194","0.0434783"
"2404779194","2123257880","0.0434783"
"2127210827","2152502401","0.0434783"
"2152502401","2127210827","0.0434783"
"2127210827","2153610999","0.0434783"
"2153610999","2127210827","0.0434783"
"2127210827","2158418361","0.0434783"
"2158418361","2127210827","0.0434783"
"2127210827","2161621125","0.0434783"
"2161621125","2127210827","0.0434783"
"2127210827","2165155793","0.0434783"
"2165155793","2127210827","0.0434783"
"2127210827","2170684356","0.0434783"
"2170684356","2127210827","0.0434783"
"2127210827","2404779194","0.0434783"
"2404779194","2127210827","0.0434783"
"2152502401","2153610999","0.0434783"
"2153610999","2152502401","0.0434783"
"2152502401","2158418361","6.42917"
"2158418361","2152502401","6.42917"
"2152502401","2161621125","0.0434783"
"2161621125","2152502401","0.0434783"
"2152502401","2165155793","0.0434783"
"2165155793","2152502401","0.0434783"
"2152502401","2170684356","0.0434783"
"2170684356","2152502401","0.0434783"
"2152502401","2404779194","0.0434783"
"2404779194","2152502401","0.0434783"
"2153610999","2158418361","0.0434783"
"2158418361","2153610999","0.0434783"
"2153610999","2161621125","0.0434783"
"2161621125","2153610999","0.0434783"
"2153610999","2165155793","0.0434783"
"2165155793","2153610999","0.0434783"
"2153610999","2170684356","0.0434783"
"2170684356","2153610999","0.0434783"
"2153610999","2404779194","0.0434783"
"2404779194","2153610999","0.0434783"
"2158418361","2161621125","0.0434783"
"2161621125","2158418361","0.0434783"
"2158418361","2165155793","0.0434783"
"2165155793","2158418361","0.0434783"
"2158418361","2170684356","0.0434783"
"2170684356","2158418361","0.0434783"
"2158418361","2404779194","0.0434783"
"2404779194","2158418361","0.0434783"
"2161621125","2165155793","0.0434783"
"2165155793","2161621125","0.0434783"
"2161621125","2170684356","0.0434783"
"2170684356","2161621125","0.0434783"
"2161621125","2404779194","0.0434783"
"2404779194","2161621125","0.0434783"
"2165155793","2170684356","0.0434783"
"2170684356","2165155793","0.0434783"
"2165155793","2404779194","0.0434783"
"2404779194","2165155793","0.0434783"
"2170684356","2404779194","0.0434783"
"2404779194","2170684356","0.0434783"
"1480531070","1995163086","0.25"
"1995163086","1480531070","0.25"
"1965741190","1995163086","0.25"
"1995163086","1965741190","0.25"
"1965741190","2122233046","0.658333"
"2122233046","1965741190","0.658333"
"1995163086","2079136461","6.25"
"2079136461","1995163086","6.25"
"1995163086","2122233046","0.583333"
"2122233046","1995163086","0.583333"
"1574795525","2149732866","0.25"
"2149732866","1574795525","0.25"
"2122233046","2149732866","0.45"
"2149732866","2122233046","0.45"
"2123257880","2149732866","0.25"
"2149732866","2123257880","0.25"
"2149732866","2161621125","1.25"
"2161621125","2149732866","1.25"
"1574795525","1993112838","0.25"
"1993112838","1574795525","0.25"
"1574795525","1997741691","0.25"
"1997741691","1574795525","0.25"
"1574795525","2028020839","1.25"
"2028020839","1574795525","1.25"
"1993112838","1997741691","0.25"
"1997741691","1993112838","0.25"
"1993112838","2028020839","0.25"
"2028020839","1993112838","0.25"
"1993112838","2122233046","0.583333"
"2122233046","1993112838","0.583333"
"1997741691","2028020839","6.0993"
"2028020839","1997741691","6.0993"
"1997741691","2122233046","1.45069"
"2122233046","1997741691","1.45069"
"2028020839","2122233046","1.65902"
"2122233046","2028020839","1.65902"
"1595315929","2073539176","0.333333"
"2073539176","1595315929","0.333333"
"1838146103","2073539176","0.333333"
"2073539176","1838146103","0.333333"
"2073539176","2158418361","4.41347"
"2158418361","2073539176","4.41347"
"1651179339","1965741190","0.25"
"1965741190","1651179339","0.25"
"1651179339","2106154221","0.25"
"2106154221","1651179339","0.25"
"1965741190","1988431231","0.25"
"1988431231","1965741190","0.25"
"1965741190","2106154221","1.65833"
"2106154221","1965741190","1.65833"
"1965741190","2165155793","0.25"
"2165155793","1965741190","0.25"
"1988431231","2106154221","0.25"
"2106154221","1988431231","0.25"
"2106154221","2165155793","0.25"
"2165155793","2106154221","0.25"
"1777389131","1997741691","1.63144"
"1997741691","1777389131","1.63144"
"1777389131","2028020839","1.38144"
"2028020839","1777389131","1.38144"
"1777389131","2122233046","0.857832"
"2122233046","1777389131","0.857832"
"1777389131","2161621125","1.38144"
"2161621125","1777389131","1.38144"
"1777389131","2292011317","0.857832"
"2292011317","1777389131","0.857832"
"1997741691","2161621125","5.1493"
"2161621125","1997741691","5.1493"
"1997741691","2292011317","1.20069"
"2292011317","1997741691","1.20069"
"2028020839","2161621125","8.51319"
"2161621125","2028020839","8.51319"
"2028020839","2292011317","1.56458"
"2292011317","2028020839","1.56458"
"2122233046","2292011317","5.1666"
"2292011317","2122233046","5.1666"
"2161621125","2292011317","1.36458"
"2292011317","2161621125","1.36458"
"1777389131","1990591351","0.931443"
"1990591351","1777389131","0.931443"
"1777389131","2095223629","0.681443"
"2095223629","1777389131","0.681443"
"1777389131","2115366404","0.367832"
"2115366404","1777389131","0.367832"
"1777389131","2123257880","0.407832"
"2123257880","1777389131","0.407832"
"1777389131","2266934531","1.01478"
"2266934531","1777389131","1.01478"
"1990591351","1997741691","1.40763"
"1997741691","1990591351","1.40763"
"1990591351","2028020839","1.64652"
"2028020839","1990591351","1.64652"
"1990591351","2095223629","1.06319"
"2095223629","1990591351","1.06319"
"1990591351","2115366404","0.367832"
"2115366404","1990591351","0.367832"
"1990591351","2122233046","0.884023"
"2122233046","1990591351","0.884023"
"1990591351","2123257880","0.550689"
"2123257880","1990591351","0.550689"
"1990591351","2161621125","1.64652"
"2161621125","1990591351","1.64652"
"1990591351","2266934531","1.00367"
"2266934531","1990591351","1.00367"
"1990591351","2292011317","1.03958"
"2292011317","1990591351","1.03958"
"1997741691","2095223629","1.0743"
"2095223629","1997741691","1.0743"
"1997741691","2115366404","0.367832"
"2115366404","1997741691","0.367832"
"1997741691","2123257880","0.550689"
"2123257880","1997741691","0.550689"
"1997741691","2266934531","2.13978"
"2266934531","1997741691","2.13978"
"2028020839","2095223629","1.31319"
"2095223629","2028020839","1.31319"
"2028020839","2115366404","0.367832"
"2115366404","2028020839","0.367832"
"2028020839","2123257880","1.05069"
"2123257880","2028020839","1.05069"
"2028020839","2266934531","1.87867"
"2266934531","2028020839","1.87867"
"2095223629","2115366404","0.367832"
"2115366404","2095223629","0.367832"
"2095223629","2122233046","0.724932"
"2122233046","2095223629","0.724932"
"2095223629","2123257880","4.55069"
"2123257880","2095223629","4.55069"
"2095223629","2161621125","1.31319"
"2161621125","2095223629","1.31319"
"2095223629","2266934531","1.26124"
"2266934531","2095223629","1.26124"
"2095223629","2292011317","0.880487"
"2292011317","2095223629","0.880487"
"2115366404","2122233046","0.367832"
"2122233046","2115366404","0.367832"
"2115366404","2161621125","1.36783"
"2161621125","2115366404","1.36783"
"2115366404","2266934531","0.367832"
"2266934531","2115366404","0.367832"
"2115366404","2292011317","0.367832"
"2292011317","2115366404","0.367832"
"2122233046","2266934531","0.790408"
"2266934531","2122233046","0.790408"
"2123257880","2266934531","0.407832"
"2266934531","2123257880","0.407832"
"2123257880","2292011317","0.550689"
"2292011317","2123257880","0.550689"
"2161621125","2266934531","2.25367"
"2266934531","2161621125","2.25367"
"2266934531","2292011317","0.945964"
"2292011317","2266934531","0.945964"
"1777389131","2405230789","0.230332"
"2405230789","1777389131","0.230332"
"1990591351","2405230789","0.469221"
"2405230789","1990591351","0.469221"
"1997741691","2405230789","0.230332"
"2405230789","1997741691","0.230332"
"2028020839","2405230789","0.469221"
"2405230789","2028020839","0.469221"
"2095223629","2405230789","0.469221"
"2405230789","2095223629","0.469221"
"2115366404","2405230789","0.167832"
"2405230789","2115366404","0.167832"
"2122233046","2405230789","0.251166"
"2405230789","2122233046","0.251166"
"2123257880","2405230789","0.167832"
"2405230789","2123257880","0.167832"
"2161621125","2405230789","0.469221"
"2405230789","2161621125","0.469221"
"2266934531","2405230789","0.469221"
"2405230789","2266934531","0.469221"
"2292011317","2405230789","0.406721"
"2405230789","2292011317","0.406721"
"1777389131","2434242521","0.326923"
"2434242521","1777389131","0.326923"
"1777389131","2513211580","0.723868"
"2513211580","1777389131","0.723868"
"1997741691","2434242521","0.326923"
"2434242521","1997741691","0.326923"
"1997741691","2513211580","1.97387"
"2513211580","1997741691","1.97387"
"2266934531","2434242521","0.326923"
"2434242521","2266934531","0.326923"
"2266934531","2513211580","1.55367"
"2513211580","2266934531","1.55367"
"2434242521","2513211580","0.326923"
"2513211580","2434242521","0.326923"
"1990591351","2434242521","0.0769231"
"2434242521","1990591351","0.0769231"
"1990591351","2513211580","0.712756"
"2513211580","1990591351","0.712756"
"2028020839","2434242521","0.0769231"
"2434242521","2028020839","0.0769231"
"2028020839","2513211580","1.21276"
"2513211580","2028020839","1.21276"
"2095223629","2434242521","1.07692"
"2434242521","2095223629","1.07692"
"2095223629","2513211580","0.720332"
"2513211580","2095223629","0.720332"
"2115366404","2434242521","0.0769231"
"2434242521","2115366404","0.0769231"
"2115366404","2513211580","0.0769231"
"2513211580","2115366404","0.0769231"
"2122233046","2434242521","0.0769231"
"2434242521","2122233046","0.0769231"
"2122233046","2513211580","0.499499"
"2513211580","2122233046","0.499499"
"2123257880","2434242521","0.0769231"
"2434242521","2123257880","0.0769231"
"2123257880","2513211580","0.116923"
"2513211580","2123257880","0.116923"
"2161621125","2434242521","0.0769231"
"2434242521","2161621125","0.0769231"
"2161621125","2513211580","1.58776"
"2513211580","2161621125","1.58776"
"2292011317","2434242521","0.0769231"
"2434242521","2292011317","0.0769231"
"2292011317","2513211580","0.655054"
"2513211580","2292011317","0.655054"
"2405230789","2434242521","0.0769231"
"2434242521","2405230789","0.0769231"
"2405230789","2513211580","0.378312"
"2513211580","2405230789","0.378312"
"1777389131","2766751560","0.396944"
"2766751560","1777389131","0.396944"
"1777389131","2795208716","0.785833"
"2795208716","1777389131","0.785833"
"1777389131","2798290452","0.285833"
"2798290452","1777389131","0.285833"
"1990591351","2766751560","0.5525"
"2766751560","1990591351","0.5525"
"1990591351","2795208716","0.441389"
"2795208716","1990591351","0.441389"
"1990591351","2798290452","0.341389"
"2798290452","1990591351","0.341389"
"1997741691","2766751560","0.396944"
"2766751560","1997741691","0.396944"
"1997741691","2795208716","0.410833"
"2795208716","1997741691","0.410833"
"1997741691","2798290452","0.285833"
"2798290452","1997741691","0.285833"
"2028020839","2766751560","1.6775"
"2766751560","2028020839","1.6775"
"2028020839","2795208716","0.691389"
"2795208716","2028020839","0.691389"
"2028020839","2798290452","0.341389"
"2798290452","2028020839","0.341389"
"2095223629","2766751560","0.469167"
"2766751560","2095223629","0.469167"
"2095223629","2795208716","0.358056"
"2795208716","2095223629","0.358056"
"2095223629","2798290452","0.348965"
"2798290452","2095223629","0.348965"
"2161621125","2766751560","1.0525"
"2766751560","2161621125","1.0525"
"2161621125","2795208716","0.566389"
"2795208716","2161621125","0.566389"
"2161621125","2798290452","0.341389"
"2798290452","2161621125","0.341389"
"2266934531","2766751560","0.6775"
"2766751560","2266934531","0.6775"
"2266934531","2795208716","0.691389"
"2795208716","2266934531","0.691389"
"2266934531","2798290452","0.432298"
"2798290452","2266934531","0.432298"
"2513211580","2766751560","1.1775"
"2766751560","2513211580","1.1775"
"2513211580","2795208716","0.566389"
"2795208716","2513211580","0.566389"
"2513211580","2798290452","0.432298"
"2798290452","2513211580","0.432298"
"2766751560","2795208716","0.566389"
"2795208716","2766751560","0.566389"
"2766751560","2798290452","0.341389"
"2798290452","2766751560","0.341389"
"2795208716","2798290452","0.341389"
"2798290452","2795208716","0.341389"
"1777389131","2794911547","0.296944"
"2794911547","1777389131","0.296944"
"1990591351","2794911547","0.4525"
"2794911547","1990591351","0.4525"
"1997741691","2794911547","0.296944"
"2794911547","1997741691","0.296944"
"2028020839","2794911547","0.5775"
"2794911547","2028020839","0.5775"
"2095223629","2794911547","0.369167"
"2794911547","2095223629","0.369167"
"2161621125","2794911547","0.4525"
"2794911547","2161621125","0.4525"
"2266934531","2794911547","0.5775"
"2794911547","2266934531","0.5775"
"2513211580","2794911547","0.5775"
"2794911547","2513211580","0.5775"
"2766751560","2794911547","0.5775"
"2794911547","2766751560","0.5775"
"2122233046","2766751560","0.123333"
"2766751560","2122233046","0.123333"
"2122233046","2794911547","0.123333"
"2794911547","2122233046","0.123333"
"2122233046","2795208716","0.123333"
"2795208716","2122233046","0.123333"
"2122233046","2798290452","0.214242"
"2798290452","2122233046","0.214242"
"2292011317","2766751560","0.278889"
"2766751560","2292011317","0.278889"
"2292011317","2794911547","0.278889"
"2794911547","2292011317","0.278889"
"2292011317","2795208716","0.278889"
"2795208716","2292011317","0.278889"
"2292011317","2798290452","0.269798"
"2798290452","2292011317","0.269798"
"2794911547","2795208716","0.466389"
"2795208716","2794911547","0.466389"
"2794911547","2798290452","0.241389"
"2798290452","2794911547","0.241389"
"1777389131","2753739231","0.25"
"2753739231","1777389131","0.25"
"1997741691","2753739231","0.25"
"2753739231","1997741691","0.25"
"2028020839","2753739231","0.25"
"2753739231","2028020839","0.25"
"2161621125","2753739231","0.25"
"2753739231","2161621125","0.25"
"1777389131","2902708880","0.6025"
"2902708880","1777389131","0.6025"
"2795208716","2902708880","0.908056"
"2902708880","2795208716","0.908056"
"1777389131","2896497283","0.1025"
"2896497283","1777389131","0.1025"
"1777389131","2900440391","0.1025"
"2900440391","1777389131","0.1025"
"1777389131","2914343162","0.1025"
"2914343162","1777389131","0.1025"
"1990591351","2896497283","0.1025"
"2896497283","1990591351","0.1025"
"1990591351","2900440391","0.158056"
"2900440391","1990591351","0.158056"
"1990591351","2902708880","0.158056"
"2902708880","1990591351","0.158056"
"1990591351","2914343162","0.158056"
"2914343162","1990591351","0.158056"
"1997741691","2896497283","0.2275"
"2896497283","1997741691","0.2275"
"1997741691","2900440391","0.394167"
"2900440391","1997741691","0.394167"
"1997741691","2902708880","0.394167"
"2902708880","1997741691","0.394167"
"1997741691","2914343162","0.394167"
"2914343162","1997741691","0.394167"
"2028020839","2896497283","0.3525"
"2896497283","2028020839","0.3525"
"2028020839","2900440391","0.574722"
"2900440391","2028020839","0.574722"
"2028020839","2902708880","0.574722"
"2902708880","2028020839","0.574722"
"2028020839","2914343162","0.449722"
"2914343162","2028020839","0.449722"
"2095223629","2896497283","0.193409"
"2896497283","2095223629","0.193409"
"2095223629","2900440391","0.248965"
"2900440391","2095223629","0.248965"
"2095223629","2902708880","0.248965"
"2902708880","2095223629","0.248965"
"2095223629","2914343162","0.248965"
"2914343162","2095223629","0.248965"
"2161621125","2896497283","0.2275"
"2896497283","2161621125","0.2275"
"2161621125","2900440391","0.449722"
"2900440391","2161621125","0.449722"
"2161621125","2902708880","0.449722"
"2902708880","2161621125","0.449722"
"2161621125","2914343162","0.449722"
"2914343162","2161621125","0.449722"
"2266934531","2896497283","0.443409"
"2896497283","2266934531","0.443409"
"2266934531","2900440391","0.498965"
"2900440391","2266934531","0.498965"
"2266934531","2902708880","0.498965"
"2902708880","2266934531","0.498965"
"2266934531","2914343162","0.373965"
"2914343162","2266934531","0.373965"
"2405230789","2766751560","0.218056"
"2766751560","2405230789","0.218056"
"2405230789","2794911547","0.218056"
"2794911547","2405230789","0.218056"
"2405230789","2795208716","0.218056"
"2795208716","2405230789","0.218056"
"2405230789","2798290452","0.118056"
"2798290452","2405230789","0.118056"
"2405230789","2896497283","0.0625"
"2896497283","2405230789","0.0625"
"2405230789","2900440391","0.118056"
"2900440391","2405230789","0.118056"
"2405230789","2902708880","0.118056"
"2902708880","2405230789","0.118056"
"2405230789","2914343162","0.118056"
"2914343162","2405230789","0.118056"
"2513211580","2896497283","0.318409"
"2896497283","2513211580","0.318409"
"2513211580","2900440391","0.373965"
"2900440391","2513211580","0.373965"
"2513211580","2902708880","0.373965"
"2902708880","2513211580","0.373965"
"2513211580","2914343162","0.248965"
"2914343162","2513211580","0.248965"
"2766751560","2896497283","0.2275"
"2896497283","2766751560","0.2275"
"2766751560","2900440391","0.283056"
"2900440391","2766751560","0.283056"
"2766751560","2902708880","0.283056"
"2902708880","2766751560","0.283056"
"2766751560","2914343162","0.158056"
"2914343162","2766751560","0.158056"
"2794911547","2896497283","0.2275"
"2896497283","2794911547","0.2275"
"2794911547","2900440391","0.283056"
"2900440391","2794911547","0.283056"
"2794911547","2902708880","0.283056"
"2902708880","2794911547","0.283056"
"2794911547","2914343162","0.158056"
"2914343162","2794911547","0.158056"
"2795208716","2896497283","0.3525"
"2896497283","2795208716","0.3525"
"2795208716","2900440391","0.408056"
"2900440391","2795208716","0.408056"
"2795208716","2914343162","0.283056"
"2914343162","2795208716","0.283056"
"2798290452","2896497283","0.193409"
"2896497283","2798290452","0.193409"
"2798290452","2900440391","0.248965"
"2900440391","2798290452","0.248965"
"2798290452","2902708880","0.248965"
"2902708880","2798290452","0.248965"
"2798290452","2914343162","0.248965"
"2914343162","2798290452","0.248965"
"2896497283","2900440391","0.443409"
"2900440391","2896497283","0.443409"
"2896497283","2902708880","0.443409"
"2902708880","2896497283","0.443409"
"2896497283","2914343162","0.318409"
"2914343162","2896497283","0.318409"
"2900440391","2902708880","0.665631"
"2902708880","2900440391","0.665631"
"2900440391","2914343162","0.540631"
"2914343162","2900440391","0.540631"
"2902708880","2914343162","0.540631"
"2914343162","2902708880","0.540631"
"1777389131","2604912483","0.04"
"2604912483","1777389131","0.04"
"1777389131","2623413278","0.04"
"2623413278","1777389131","0.04"
"1777389131","2798421897","0.04"
"2798421897","1777389131","0.04"
"1777389131","2883014178","0.04"
"2883014178","1777389131","0.04"
"1777389131","2975007889","0.04"
"2975007889","1777389131","0.04"
"1777389131","2998655947","0.04"
"2998655947","1777389131","0.04"
"1777389131","3007953154","0.04"
"3007953154","1777389131","0.04"
"1990591351","2604912483","0.123333"
"2604912483","1990591351","0.123333"
"1990591351","2623413278","0.04"
"2623413278","1990591351","0.04"
"1990591351","2798421897","0.0955556"
"2798421897","1990591351","0.0955556"
"1990591351","2883014178","0.0955556"
"2883014178","1990591351","0.0955556"
"1990591351","2975007889","0.04"
"2975007889","1990591351","0.04"
"1990591351","2998655947","0.0955556"
"2998655947","1990591351","0.0955556"
"1990591351","3007953154","0.0955556"
"3007953154","1990591351","0.0955556"
"1997741691","2604912483","0.04"
"2604912483","1997741691","0.04"
"1997741691","2623413278","1.04"
"2623413278","1997741691","1.04"
"1997741691","2798421897","0.206667"
"2798421897","1997741691","0.206667"
"1997741691","2883014178","0.04"
"2883014178","1997741691","0.04"
"1997741691","2975007889","0.04"
"2975007889","1997741691","0.04"
"1997741691","2998655947","0.04"
"2998655947","1997741691","0.04"
"1997741691","3007953154","0.04"
"3007953154","1997741691","0.04"
"2028020839","2604912483","0.123333"
"2604912483","2028020839","0.123333"
"2028020839","2623413278","0.04"
"2623413278","2028020839","0.04"
"2028020839","2798421897","0.262222"
"2798421897","2028020839","0.262222"
"2028020839","2883014178","0.0955556"
"2883014178","2028020839","0.0955556"
"2028020839","2975007889","0.04"
"2975007889","2028020839","0.04"
"2028020839","2998655947","0.0955556"
"2998655947","2028020839","0.0955556"
"2028020839","3007953154","0.0955556"
"3007953154","2028020839","0.0955556"
"2095223629","2604912483","0.123333"
"2604912483","2095223629","0.123333"
"2095223629","2623413278","0.04"
"2623413278","2095223629","0.04"
"2095223629","2798421897","0.0955556"
"2798421897","2095223629","0.0955556"
"2095223629","2883014178","0.0955556"
"2883014178","2095223629","0.0955556"
"2095223629","2975007889","0.130909"
"2975007889","2095223629","0.130909"
"2095223629","2998655947","0.0955556"
"2998655947","2095223629","0.0955556"
"2095223629","3007953154","0.0955556"
"3007953154","2095223629","0.0955556"
"2122233046","2604912483","0.323333"
"2604912483","2122233046","0.323333"
"2122233046","2623413278","0.24"
"2623413278","2122233046","0.24"
"2122233046","2798421897","0.04"
"2798421897","2122233046","0.04"
"2122233046","2883014178","0.04"
"2883014178","2122233046","0.04"
"2122233046","2896497283","0.130909"
"2896497283","2122233046","0.130909"
"2122233046","2900440391","0.130909"
"2900440391","2122233046","0.130909"
"2122233046","2902708880","0.130909"
"2902708880","2122233046","0.130909"
"2122233046","2914343162","0.130909"
"2914343162","2122233046","0.130909"
"2122233046","2975007889","0.130909"
"2975007889","2122233046","0.130909"
"2122233046","2998655947","0.04"
"2998655947","2122233046","0.04"
"2122233046","3007953154","0.04"
"3007953154","2122233046","0.04"
"2123257880","2604912483","0.04"
"2604912483","2123257880","0.04"
"2123257880","2623413278","0.04"
"2623413278","2123257880","0.04"
"2123257880","2766751560","0.04"
"2766751560","2123257880","0.04"
"2123257880","2794911547","0.04"
"2794911547","2123257880","0.04"
"2123257880","2795208716","0.04"
"2795208716","2123257880","0.04"
"2123257880","2798290452","0.04"
"2798290452","2123257880","0.04"
"2123257880","2798421897","0.04"
"2798421897","2123257880","0.04"
"2123257880","2883014178","0.04"
"2883014178","2123257880","0.04"
"2123257880","2896497283","0.04"
"2896497283","2123257880","0.04"
"2123257880","2900440391","0.04"
"2900440391","2123257880","0.04"
"2123257880","2902708880","0.04"
"2902708880","2123257880","0.04"
"2123257880","2914343162","0.04"
"2914343162","2123257880","0.04"
"2123257880","2975007889","0.04"
"2975007889","2123257880","0.04"
"2123257880","2998655947","0.04"
"2998655947","2123257880","0.04"
"2123257880","3007953154","0.04"
"3007953154","2123257880","0.04"
"2161621125","2604912483","0.123333"
"2604912483","2161621125","0.123333"
"2161621125","2623413278","0.04"
"2623413278","2161621125","0.04"
"2161621125","2798421897","0.262222"
"2798421897","2161621125","0.262222"
"2161621125","2883014178","0.0955556"
"2883014178","2161621125","0.0955556"
"2161621125","2975007889","0.04"
"2975007889","2161621125","0.04"
"2161621125","2998655947","0.0955556"
"2998655947","2161621125","0.0955556"
"2161621125","3007953154","0.0955556"
"3007953154","2161621125","0.0955556"
"2266934531","2604912483","0.123333"
"2604912483","2266934531","0.123333"
"2266934531","2623413278","0.04"
"2623413278","2266934531","0.04"
"2266934531","2798421897","0.0955556"
"2798421897","2266934531","0.0955556"
"2266934531","2883014178","0.0955556"
"2883014178","2266934531","0.0955556"
"2266934531","2975007889","0.130909"
"2975007889","2266934531","0.130909"
"2266934531","2998655947","0.0955556"
"2998655947","2266934531","0.0955556"
"2266934531","3007953154","0.0955556"
"3007953154","2266934531","0.0955556"
"2292011317","2604912483","0.123333"
"2604912483","2292011317","0.123333"
"2292011317","2623413278","0.04"
"2623413278","2292011317","0.04"
"2292011317","2798421897","0.0955556"
"2798421897","2292011317","0.0955556"
"2292011317","2883014178","0.0955556"
"2883014178","2292011317","0.0955556"
"2292011317","2896497283","0.130909"
"2896497283","2292011317","0.130909"
"2292011317","2900440391","0.186465"
"2900440391","2292011317","0.186465"
"2292011317","2902708880","0.186465"
"2902708880","2292011317","0.186465"
"2292011317","2914343162","0.186465"
"2914343162","2292011317","0.186465"
"2292011317","2975007889","0.130909"
"2975007889","2292011317","0.130909"
"2292011317","2998655947","0.0955556"
"2998655947","2292011317","0.0955556"
"2292011317","3007953154","0.0955556"
"3007953154","2292011317","0.0955556"
"2513211580","2604912483","0.123333"
"2604912483","2513211580","0.123333"
"2513211580","2623413278","0.04"
"2623413278","2513211580","0.04"
"2513211580","2798421897","0.0955556"
"2798421897","2513211580","0.0955556"
"2513211580","2883014178","0.0955556"
"2883014178","2513211580","0.0955556"
"2513211580","2975007889","0.130909"
"2975007889","2513211580","0.130909"
"2513211580","2998655947","0.0955556"
"2998655947","2513211580","0.0955556"
"2513211580","3007953154","0.0955556"
"3007953154","2513211580","0.0955556"
"2604912483","2623413278","0.24"
"2623413278","2604912483","0.24"
"2604912483","2766751560","0.04"
"2766751560","2604912483","0.04"
"2604912483","2794911547","0.04"
"2794911547","2604912483","0.04"
"2604912483","2795208716","0.04"
"2795208716","2604912483","0.04"
"2604912483","2798290452","0.04"
"2798290452","2604912483","0.04"
"2604912483","2798421897","0.04"
"2798421897","2604912483","0.04"
"2604912483","2883014178","0.04"
"2883014178","2604912483","0.04"
"2604912483","2896497283","0.04"
"2896497283","2604912483","0.04"
"2604912483","2900440391","0.04"
"2900440391","2604912483","0.04"
"2604912483","2902708880","0.04"
"2902708880","2604912483","0.04"
"2604912483","2914343162","0.04"
"2914343162","2604912483","0.04"
"2604912483","2975007889","0.04"
"2975007889","2604912483","0.04"
"2604912483","2998655947","0.04"
"2998655947","2604912483","0.04"
"2604912483","3007953154","0.04"
"3007953154","2604912483","0.04"
"2623413278","2766751560","0.04"
"2766751560","2623413278","0.04"
"2623413278","2794911547","0.04"
"2794911547","2623413278","0.04"
"2623413278","2795208716","0.04"
"2795208716","2623413278","0.04"
"2623413278","2798290452","0.04"
"2798290452","2623413278","0.04"
"2623413278","2798421897","0.04"
"2798421897","2623413278","0.04"
"2623413278","2883014178","0.04"
"2883014178","2623413278","0.04"
"2623413278","2896497283","0.04"
"2896497283","2623413278","0.04"
"2623413278","2900440391","0.04"
"2900440391","2623413278","0.04"
"2623413278","2902708880","0.04"
"2902708880","2623413278","0.04"
"2623413278","2914343162","0.04"
"2914343162","2623413278","0.04"
"2623413278","2975007889","0.04"
"2975007889","2623413278","0.04"
"2623413278","2998655947","0.04"
"2998655947","2623413278","0.04"
"2623413278","3007953154","0.04"
"3007953154","2623413278","0.04"
"2766751560","2798421897","0.0955556"
"2798421897","2766751560","0.0955556"
"2766751560","2883014178","0.0955556"
"2883014178","2766751560","0.0955556"
"2766751560","2975007889","0.04"
"2975007889","2766751560","0.04"
"2766751560","2998655947","0.0955556"
"2998655947","2766751560","0.0955556"
"2766751560","3007953154","0.0955556"
"3007953154","2766751560","0.0955556"
"2794911547","2798421897","0.0955556"
"2798421897","2794911547","0.0955556"
"2794911547","2883014178","0.0955556"
"2883014178","2794911547","0.0955556"
"2794911547","2975007889","0.04"
"2975007889","2794911547","0.04"
"2794911547","2998655947","0.0955556"
"2998655947","2794911547","0.0955556"
"2794911547","3007953154","0.0955556"
"3007953154","2794911547","0.0955556"
"2795208716","2798421897","0.0955556"
"2798421897","2795208716","0.0955556"
"2795208716","2883014178","0.0955556"
"2883014178","2795208716","0.0955556"
"2795208716","2975007889","0.04"
"2975007889","2795208716","0.04"
"2795208716","2998655947","0.0955556"
"2998655947","2795208716","0.0955556"
"2795208716","3007953154","0.0955556"
"3007953154","2795208716","0.0955556"
"2798290452","2798421897","0.0955556"
"2798421897","2798290452","0.0955556"
"2798290452","2883014178","0.0955556"
"2883014178","2798290452","0.0955556"
"2798290452","2975007889","0.130909"
"2975007889","2798290452","0.130909"
"2798290452","2998655947","0.0955556"
"2998655947","2798290452","0.0955556"
"2798290452","3007953154","0.0955556"
"3007953154","2798290452","0.0955556"
"2798421897","2883014178","0.0955556"
"2883014178","2798421897","0.0955556"
"2798421897","2896497283","0.04"
"2896497283","2798421897","0.04"
"2798421897","2900440391","0.262222"
"2900440391","2798421897","0.262222"
"2798421897","2902708880","0.262222"
"2902708880","2798421897","0.262222"
"2798421897","2914343162","0.262222"
"2914343162","2798421897","0.262222"
"2798421897","2975007889","0.04"
"2975007889","2798421897","0.04"
"2798421897","2998655947","0.0955556"
"2998655947","2798421897","0.0955556"
"2798421897","3007953154","0.0955556"
"3007953154","2798421897","0.0955556"
"2883014178","2896497283","0.04"
"2896497283","2883014178","0.04"
"2883014178","2900440391","0.0955556"
"2900440391","2883014178","0.0955556"
"2883014178","2902708880","0.0955556"
"2902708880","2883014178","0.0955556"
"2883014178","2914343162","0.0955556"
"2914343162","2883014178","0.0955556"
"2883014178","2975007889","0.04"
"2975007889","2883014178","0.04"
"2883014178","2998655947","0.0955556"
"2998655947","2883014178","0.0955556"
"2883014178","3007953154","0.0955556"
"3007953154","2883014178","0.0955556"
"2896497283","2975007889","0.130909"
"2975007889","2896497283","0.130909"
"2896497283","2998655947","0.04"
"2998655947","2896497283","0.04"
"2896497283","3007953154","0.04"
"3007953154","2896497283","0.04"
"2900440391","2975007889","0.130909"
"2975007889","2900440391","0.130909"
"2900440391","2998655947","0.0955556"
"2998655947","2900440391","0.0955556"
"2900440391","3007953154","0.0955556"
"3007953154","2900440391","0.0955556"
"2902708880","2975007889","0.130909"
"2975007889","2902708880","0.130909"
"2902708880","2998655947","0.0955556"
"2998655947","2902708880","0.0955556"
"2902708880","3007953154","0.0955556"
"3007953154","2902708880","0.0955556"
"2914343162","2975007889","0.130909"
"2975007889","2914343162","0.130909"
"2914343162","2998655947","0.0955556"
"2998655947","2914343162","0.0955556"
"2914343162","3007953154","0.0955556"
"3007953154","2914343162","0.0955556"
"2975007889","2998655947","0.04"
"2998655947","2975007889","0.04"
"2975007889","3007953154","0.04"
"3007953154","2975007889","0.04"
"2998655947","3007953154","0.0955556"
"3007953154","2998655947","0.0955556"
"1838146103","2070556972","1"
"2070556972","1838146103","1"
"1838146103","2152868984","3.08333"
"2152868984","1838146103","3.08333"
"2070556972","2152868984","1"
"2152868984","2070556972","1"
"1838146103","2124281878","1.08333"
"2124281878","1838146103","1.08333"
"2124281878","2152868984","5.25"
"2152868984","2124281878","5.25"
"1838146103","2026645199","0.583333"
"2026645199","1838146103","0.583333"
"2026645199","2124281878","4.83333"
"2124281878","2026645199","4.83333"
"2026645199","2152868984","0.583333"
"2152868984","2026645199","0.583333"
"1838146103","2102793094","0.25"
"2102793094","1838146103","0.25"
"2026645199","2102793094","0.5"
"2102793094","2026645199","0.5"
"2102793094","2124281878","0.5"
"2124281878","2102793094","0.5"
"2102793094","2152868984","0.25"
"2152868984","2102793094","0.25"
"1965741190","2009662548","0.408333"
"2009662548","1965741190","0.408333"
"1965741190","2028020839","0.208333"
"2028020839","1965741190","0.208333"
"1965741190","2161621125","0.208333"
"2161621125","1965741190","0.208333"
"1965741190","2266934531","0.208333"
"2266934531","1965741190","0.208333"
"1965741190","2292011317","0.208333"
"2292011317","1965741190","0.208333"
"1965741190","2513211580","0.208333"
"2513211580","1965741190","0.208333"
"2009662548","2028020839","0.208333"
"2028020839","2009662548","0.208333"
"2009662548","2106154221","0.408333"
"2106154221","2009662548","0.408333"
"2009662548","2122233046","1.94167"
"2122233046","2009662548","1.94167"
"2009662548","2161621125","1.20833"
"2161621125","2009662548","1.20833"
"2009662548","2266934531","0.208333"
"2266934531","2009662548","0.208333"
"2009662548","2292011317","0.541667"
"2292011317","2009662548","0.541667"
"2009662548","2513211580","0.208333"
"2513211580","2009662548","0.208333"
"2028020839","2106154221","0.208333"
"2106154221","2028020839","0.208333"
"2106154221","2122233046","0.408333"
"2122233046","2106154221","0.408333"
"2106154221","2161621125","0.208333"
"2161621125","2106154221","0.208333"
"2106154221","2266934531","0.208333"
"2266934531","2106154221","0.208333"
"2106154221","2292011317","0.208333"
"2292011317","2106154221","0.208333"
"2106154221","2513211580","0.208333"
"2513211580","2106154221","0.208333"
"1965741190","1990591351","0.0833333"
"1990591351","1965741190","0.0833333"
"1965741190","2095223629","0.0833333"
"2095223629","1965741190","0.0833333"
"1965741190","2405230789","0.0833333"
"2405230789","1965741190","0.0833333"
"1965741190","2604912483","0.283333"
"2604912483","1965741190","0.283333"
"1990591351","2009662548","0.0833333"
"2009662548","1990591351","0.0833333"
"1990591351","2106154221","0.0833333"
"2106154221","1990591351","0.0833333"
"2009662548","2095223629","0.0833333"
"2095223629","2009662548","0.0833333"
"2009662548","2405230789","0.0833333"
"2405230789","2009662548","0.0833333"
"2009662548","2604912483","0.283333"
"2604912483","2009662548","0.283333"
"2095223629","2106154221","0.0833333"
"2106154221","2095223629","0.0833333"
"2106154221","2405230789","0.0833333"
"2405230789","2106154221","0.0833333"
"2106154221","2604912483","0.283333"
"2604912483","2106154221","0.283333"
"2405230789","2604912483","0.0833333"
"2604912483","2405230789","0.0833333"
"1965741190","2623413278","0.2"
"2623413278","1965741190","0.2"
"2009662548","2623413278","0.2"
"2623413278","2009662548","0.2"
"2106154221","2623413278","0.2"
"2623413278","2106154221","0.2"
"2405230789","2798421897","0.0555556"
"2798421897","2405230789","0.0555556"
"2405230789","2883014178","0.0555556"
"2883014178","2405230789","0.0555556"
"2405230789","2998655947","0.0555556"
"2998655947","2405230789","0.0555556"
"2405230789","3007953154","0.0555556"
"3007953154","2405230789","0.0555556"
"1993112838","1995163086","0.333333"
"1995163086","1993112838","0.333333"
"1993112838","2292011317","0.333333"
"2292011317","1993112838","0.333333"
"1995163086","2292011317","0.333333"
"2292011317","1995163086","0.333333"
"1997741691","2113723748","0.2"
"2113723748","1997741691","0.2"
"1997741691","2149732866","0.2"
"2149732866","1997741691","0.2"
"2028020839","2113723748","0.2"
"2113723748","2028020839","0.2"
"2028020839","2149732866","0.2"
"2149732866","2028020839","0.2"
"2113723748","2122233046","0.2"
"2122233046","2113723748","0.2"
"2113723748","2149732866","0.2"
"2149732866","2113723748","0.2"
"2113723748","2292011317","0.2"
"2292011317","2113723748","0.2"
"2149732866","2292011317","0.2"
"2292011317","2149732866","0.2"
"1997741691","2101590868","1"
"2101590868","1997741691","1"
"2009662548","2101590868","0.333333"
"2101590868","2009662548","0.333333"
"2101590868","2122233046","1.33333"
"2122233046","2101590868","1.33333"
"2101590868","2292011317","1.33333"
"2292011317","2101590868","1.33333"
"2009662548","2123257880","0.2"
"2123257880","2009662548","0.2"
"2009662548","2153610999","0.2"
"2153610999","2009662548","0.2"
"2009662548","2171957117","0.2"
"2171957117","2009662548","0.2"
"2009662548","79791966","0.2"
"79791966","2009662548","0.2"
"2122233046","2171957117","0.2"
"2171957117","2122233046","0.2"
"2122233046","79791966","0.2"
"79791966","2122233046","0.2"
"2123257880","2171957117","2.2"
"2171957117","2123257880","2.2"
"2123257880","79791966","1.2"
"79791966","2123257880","1.2"
"2153610999","2171957117","0.533333"
"2171957117","2153610999","0.533333"
"2153610999","79791966","0.533333"
"79791966","2153610999","0.533333"
"2171957117","79791966","0.533333"
"79791966","2171957117","0.533333"
"2026645199","2501364796","2.91667"
"2501364796","2026645199","2.91667"
"2026645199","2753739231","0.583333"
"2753739231","2026645199","0.583333"
"2102793094","2501364796","1.58333"
"2501364796","2102793094","1.58333"
"2102793094","2753739231","0.25"
"2753739231","2102793094","0.25"
"2124281878","2501364796","2.75"
"2501364796","2124281878","2.75"
"2124281878","2753739231","1.25"
"2753739231","2124281878","1.25"
"2501364796","2753739231","1.58333"
"2753739231","2501364796","1.58333"
"2026645199","2795075876","0.666667"
"2795075876","2026645199","0.666667"
"2501364796","2795075876","1.5"
"2795075876","2501364796","1.5"
"2753739231","2795075876","0.333333"
"2795075876","2753739231","0.333333"
"2026645199","2889230362","0.333333"
"2889230362","2026645199","0.333333"
"2501364796","2889230362","0.666667"
"2889230362","2501364796","0.666667"
"2795075876","2889230362","0.833333"
"2889230362","2795075876","0.833333"
"2073539176","2152502401","4.00236"
"2152502401","2073539176","4.00236"
"2073539176","2163616098","2.6718"
"2163616098","2073539176","2.6718"
"2158418361","2163616098","2.50513"
"2163616098","2158418361","2.50513"
"2073539176","2079649893","3.25236"
"2079649893","2073539176","3.25236"
"2079649893","2158418361","3.80236"
"2158418361","2079649893","3.80236"
"2073539176","2398333000","1.21902"
"2398333000","2073539176","1.21902"
"2079649893","2152502401","14.4857"
"2152502401","2079649893","14.4857"
"2079649893","2398333000","3.70236"
"2398333000","2079649893","3.70236"
"2152502401","2398333000","4.45236"
"2398333000","2152502401","4.45236"
"2073539176","2216499221","1.65589"
"2216499221","2073539176","1.65589"
"2079649893","2216499221","4.12811"
"2216499221","2079649893","4.12811"
"2073539176","2102793094","0.2"
"2102793094","2073539176","0.2"
"2079649893","2102793094","0.2"
"2102793094","2079649893","0.2"
"2102793094","2152502401","0.2"
"2152502401","2102793094","0.2"
"2102793094","2158418361","0.2"
"2158418361","2102793094","0.2"
"2102793094","2216499221","0.2"
"2216499221","2102793094","0.2"
"2152502401","2216499221","3.54478"
"2216499221","2152502401","3.54478"
"2158418361","2216499221","2.15589"
"2216499221","2158418361","2.15589"
"2073539176","2399361902","1.35394"
"2399361902","2073539176","1.35394"
"2079649893","2399361902","5.77617"
"2399361902","2079649893","5.77617"
"2152502401","2399361902","6.44283"
"2399361902","2152502401","6.44283"
"2158418361","2398333000","0.685689"
"2398333000","2158418361","0.685689"
"2158418361","2399361902","2.57061"
"2399361902","2158418361","2.57061"
"2216499221","2398333000","1.17811"
"2398333000","2216499221","1.17811"
"2216499221","2399361902","1.06303"
"2399361902","2216499221","1.06303"
"2398333000","2399361902","2.69283"
"2399361902","2398333000","2.69283"
"2073539176","2559870814","0.630134"
"2559870814","2073539176","0.630134"
"2079649893","2163616098","0.310689"
"2163616098","2079649893","0.310689"
"2079649893","2559870814","5.63569"
"2559870814","2079649893","5.63569"
"2152502401","2163616098","2.06069"
"2163616098","2152502401","2.06069"
"2152502401","2559870814","3.05236"
"2559870814","2152502401","3.05236"
"2158418361","2559870814","2.21347"
"2559870814","2158418361","2.21347"
"2163616098","2216499221","0.330891"
"2216499221","2163616098","0.330891"
"2163616098","2398333000","0.310689"
"2398333000","2163616098","0.310689"
"2163616098","2559870814","0.755134"
"2559870814","2163616098","0.755134"
"2216499221","2559870814","1.87256"
"2559870814","2216499221","1.87256"
"2398333000","2559870814","4.80236"
"2559870814","2398333000","4.80236"
"2163616098","2399361902","0.862277"
"2399361902","2163616098","0.862277"
"2073539176","2441805796","0.562277"
"2441805796","2073539176","0.562277"
"2079649893","2441805796","0.651165"
"2441805796","2079649893","0.651165"
"2152502401","2441805796","0.984499"
"2441805796","2152502401","0.984499"
"2398333000","2441805796","0.651165"
"2441805796","2398333000","0.651165"
"2399361902","2441805796","1.09561"
"2441805796","2399361902","1.09561"
"2073539176","2771365767","0.737277"
"2771365767","2073539176","0.737277"
"2073539176","2889353337","0.362277"
"2889353337","2073539176","0.362277"
"2073539176","2946741276","0.501166"
"2946741276","2073539176","0.501166"
"2079649893","2771365767","0.709499"
"2771365767","2079649893","0.709499"
"2079649893","2889353337","0.451165"
"2889353337","2079649893","0.451165"
"2079649893","2946741276","0.451165"
"2946741276","2079649893","0.451165"
"2152502401","2771365767","0.709499"
"2771365767","2152502401","0.709499"
"2152502401","2889353337","0.951165"
"2889353337","2152502401","0.951165"
"2152502401","2946741276","0.451165"
"2946741276","2152502401","0.451165"
"2158418361","2441805796","0.69561"
"2441805796","2158418361","0.69561"
"2158418361","2771365767","0.487277"
"2771365767","2158418361","0.487277"
"2158418361","2889353337","0.362277"
"2889353337","2158418361","0.362277"
"2158418361","2946741276","0.251166"
"2946741276","2158418361","0.251166"
"2163616098","2441805796","0.278943"
"2441805796","2163616098","0.278943"
"2163616098","2771365767","0.278943"
"2771365767","2163616098","0.278943"
"2163616098","2889353337","0.278943"
"2889353337","2163616098","0.278943"
"2163616098","2946741276","0.167832"
"2946741276","2163616098","0.167832"
"2398333000","2771365767","0.376166"
"2771365767","2398333000","0.376166"
"2398333000","2889353337","0.451165"
"2889353337","2398333000","0.451165"
"2398333000","2946741276","0.451165"
"2946741276","2398333000","0.451165"
"2399361902","2559870814","1.32061"
"2559870814","2399361902","1.32061"
"2399361902","2771365767","0.737277"
"2771365767","2399361902","0.737277"
"2399361902","2889353337","1.02894"
"2889353337","2399361902","1.02894"
"2399361902","2946741276","1.50117"
"2946741276","2399361902","1.50117"
"2441805796","2559870814","0.362277"
"2559870814","2441805796","0.362277"
"2441805796","2771365767","0.362277"
"2771365767","2441805796","0.362277"
"2441805796","2889353337","0.362277"
"2889353337","2441805796","0.362277"
"2441805796","2946741276","0.251166"
"2946741276","2441805796","0.251166"
"2559870814","2771365767","0.82061"
"2771365767","2559870814","0.82061"
"2559870814","2889353337","0.562277"
"2889353337","2559870814","0.562277"
"2559870814","2946741276","0.451165"
"2946741276","2559870814","0.451165"
"2771365767","2889353337","0.362277"
"2889353337","2771365767","0.362277"
"2771365767","2946741276","0.501166"
"2946741276","2771365767","0.501166"
"2889353337","2946741276","0.451165"
"2946741276","2889353337","0.451165"
"2073539176","2946031341","0.0833333"
"2946031341","2073539176","0.0833333"
"2079649893","2946031341","0.0833333"
"2946031341","2079649893","0.0833333"
"2152502401","2946031341","0.0833333"
"2946031341","2152502401","0.0833333"
"2158418361","2946031341","0.0833333"
"2946031341","2158418361","0.0833333"
"2216499221","2441805796","0.271368"
"2441805796","2216499221","0.271368"
"2216499221","2771365767","0.646368"
"2771365767","2216499221","0.646368"
"2216499221","2889353337","0.271368"
"2889353337","2216499221","0.271368"
"2216499221","2946031341","0.0833333"
"2946031341","2216499221","0.0833333"
"2216499221","2946741276","0.410256"
"2946741276","2216499221","0.410256"
"2398333000","2946031341","0.0833333"
"2946031341","2398333000","0.0833333"
"2399361902","2946031341","0.0833333"
"2946031341","2399361902","0.0833333"
"2441805796","2946031341","0.0833333"
"2946031341","2441805796","0.0833333"
"2559870814","2946031341","0.0833333"
"2946031341","2559870814","0.0833333"
"2771365767","2946031341","0.0833333"
"2946031341","2771365767","0.0833333"
"2889353337","2946031341","0.0833333"
"2946031341","2889353337","0.0833333"
"2946031341","2946741276","0.0833333"
"2946741276","2946031341","0.0833333"
"2073539176","2529367823","0.188034"
"2529367823","2073539176","0.188034"
"2079649893","2529367823","3.36026"
"2529367823","2079649893","3.36026"
"2152502401","2529367823","1.69359"
"2529367823","2152502401","1.69359"
"2158418361","2529367823","0.521368"
"2529367823","2158418361","0.521368"
"2163616098","2529367823","0.188034"
"2529367823","2163616098","0.188034"
"2216499221","2529367823","0.188034"
"2529367823","2216499221","0.188034"
"2398333000","2529367823","0.94359"
"2529367823","2398333000","0.94359"
"2399361902","2529367823","1.63803"
"2529367823","2399361902","1.63803"
"2441805796","2529367823","0.388034"
"2529367823","2441805796","0.388034"
"2529367823","2559870814","0.438034"
"2559870814","2529367823","0.438034"
"2529367823","2771365767","0.188034"
"2771365767","2529367823","0.188034"
"2529367823","2889353337","0.188034"
"2889353337","2529367823","0.188034"
"2529367823","2946741276","0.0769231"
"2946741276","2529367823","0.0769231"
"2073539176","2946457832","0.5"
"2946457832","2073539176","0.5"
"2152502401","2946457832","0.5"
"2946457832","2152502401","0.5"
"2079136461","2106154221","1"
"2106154221","2079136461","1"
"2092433005","2152868984","4.33333"
"2152868984","2092433005","4.33333"
"2092433005","2101286027","0.333333"
"2101286027","2092433005","0.333333"
"2092433005","2113723748","0.333333"
"2113723748","2092433005","0.333333"
"2101286027","2152868984","0.333333"
"2152868984","2101286027","0.333333"
"2113723748","2152868984","0.333333"
"2152868984","2113723748","0.333333"
"2092433005","2292011317","1"
"2292011317","2092433005","1"
"2095223629","2967756136","0.0909091"
"2967756136","2095223629","0.0909091"
"2122233046","2967756136","0.0909091"
"2967756136","2122233046","0.0909091"
"2266934531","2967756136","0.0909091"
"2967756136","2266934531","0.0909091"
"2292011317","2967756136","0.0909091"
"2967756136","2292011317","0.0909091"
"2513211580","2967756136","0.0909091"
"2967756136","2513211580","0.0909091"
"2798290452","2967756136","0.0909091"
"2967756136","2798290452","0.0909091"
"2896497283","2967756136","0.0909091"
"2967756136","2896497283","0.0909091"
"2900440391","2967756136","0.0909091"
"2967756136","2900440391","0.0909091"
"2902708880","2967756136","0.0909091"
"2967756136","2902708880","0.0909091"
"2914343162","2967756136","0.0909091"
"2967756136","2914343162","0.0909091"
"2967756136","2975007889","0.0909091"
"2975007889","2967756136","0.0909091"
"2102793094","2795075876","0.333333"
"2795075876","2102793094","0.333333"
"2102793094","2889230362","0.333333"
"2889230362","2102793094","0.333333"
"2111966955","2137630814","3.83333"
"2137630814","2111966955","3.83333"
"2111966955","2114734227","1.33333"
"2114734227","2111966955","1.33333"
"2114734227","2120400822","2.83333"
"2120400822","2114734227","2.83333"
"2114734227","2137630814","2.33333"
"2137630814","2114734227","2.33333"
"2120400822","2137630814","1.33333"
"2137630814","2120400822","1.33333"
"2111966955","2288692534","0.5"
"2288692534","2111966955","0.5"
"2114734227","2288692534","0.5"
"2288692534","2114734227","0.5"
"2120400822","2288692534","0.5"
"2288692534","2120400822","0.5"
"2137630814","2288692534","0.5"
"2288692534","2137630814","0.5"
"2113723748","2171957117","1"
"2171957117","2113723748","1"
"2113723748","2115366404","1"
"2115366404","2113723748","1"
"2114111337","2165155793","1"
"2165155793","2114111337","1"
"2114734227","2798290452","1"
"2798290452","2114734227","1"
"2115366404","2153610999","2.33333"
"2153610999","2115366404","2.33333"
"2115366404","2171957117","0.333333"
"2171957117","2115366404","0.333333"
"2120400822","2499094367","2"
"2499094367","2120400822","2"
"2124281878","2399361902","0.166667"
"2399361902","2124281878","0.166667"
"2124281878","2513211580","0.166667"
"2513211580","2124281878","0.166667"
"2124281878","2795075876","0.666667"
"2795075876","2124281878","0.666667"
"2124281878","2889230362","0.166667"
"2889230362","2124281878","0.166667"
"2124281878","2889353337","0.166667"
"2889353337","2124281878","0.166667"
"2152868984","2399361902","0.166667"
"2399361902","2152868984","0.166667"
"2152868984","2513211580","0.166667"
"2513211580","2152868984","0.166667"
"2152868984","2795075876","0.166667"
"2795075876","2152868984","0.166667"
"2152868984","2889230362","0.166667"
"2889230362","2152868984","0.166667"
"2152868984","2889353337","0.166667"
"2889353337","2152868984","0.166667"
"2399361902","2513211580","0.166667"
"2513211580","2399361902","0.166667"
"2399361902","2795075876","0.166667"
"2795075876","2399361902","0.166667"
"2399361902","2889230362","0.166667"
"2889230362","2399361902","0.166667"
"2513211580","2795075876","1.16667"
"2795075876","2513211580","1.16667"
"2513211580","2889230362","0.166667"
"2889230362","2513211580","0.166667"
"2513211580","2889353337","0.166667"
"2889353337","2513211580","0.166667"
"2795075876","2889353337","0.166667"
"2889353337","2795075876","0.166667"
"2889230362","2889353337","0.166667"
"2889353337","2889230362","0.166667"
"2152502401","2795151173","1"
"2795151173","2152502401","1"
"2171957117","2404779194","1"
"2404779194","2171957117","1"
"2288692534","2771135328","1"
"2771135328","2288692534","1"
"2501364796","2948277474","1"
"2948277474","2501364796","1"
