"1000950318","1857276211","1.2"
"1857276211","1000950318","1.2"
"1000950318","1604088952","0.2"
"1604088952","1000950318","0.2"
"1000950318","2103406514","0.2"
"2103406514","1000950318","0.2"
"1000950318","2286457274","0.2"
"2286457274","1000950318","0.2"
"1000950318","2800098042","0.2"
"2800098042","1000950318","0.2"
"1604088952","1857276211","0.533333"
"1857276211","1604088952","0.533333"
"1604088952","2103406514","7.61667"
"2103406514","1604088952","7.61667"
"1604088952","2286457274","1.50952"
"2286457274","1604088952","1.50952"
"1604088952","2800098042","0.2"
"2800098042","1604088952","0.2"
"1857276211","2103406514","0.533333"
"2103406514","1857276211","0.533333"
"1857276211","2286457274","0.533333"
"2286457274","1857276211","0.533333"
"1857276211","2800098042","0.2"
"2800098042","1857276211","0.2"
"2103406514","2286457274","7.36667"
"2286457274","2103406514","7.36667"
"2103406514","2800098042","0.2"
"2800098042","2103406514","0.2"
"2286457274","2800098042","0.2"
"2800098042","2286457274","0.2"
"1000950318","2142410337","1"
"2142410337","1000950318","1"
"125066718","1545879303","0.916667"
"1545879303","125066718","0.916667"
"125066718","2136286873","0.583333"
"2136286873","125066718","0.583333"
"125066718","984076445","0.333333"
"984076445","125066718","0.333333"
"1545879303","2136286873","1.08333"
"2136286873","1545879303","1.08333"
"1545879303","984076445","2.83333"
"984076445","1545879303","2.83333"
"2136286873","984076445","0.333333"
"984076445","2136286873","0.333333"
"125066718","2911030582","0.333333"
"2911030582","125066718","0.333333"
"125066718","2964033812","0.333333"
"2964033812","125066718","0.333333"
"1545879303","2911030582","0.333333"
"2911030582","1545879303","0.333333"
"1545879303","2964033812","0.666667"
"2964033812","1545879303","0.666667"
"2911030582","2964033812","1.33333"
"2964033812","2911030582","1.33333"
"125066718","2000893191","0.25"
"2000893191","125066718","0.25"
"125066718","2023210016","1.25"
"2023210016","125066718","1.25"
"1545879303","2000893191","9.91667"
"2000893191","1545879303","9.91667"
"1545879303","2023210016","6.91667"
"2023210016","1545879303","6.91667"
"2000893191","2023210016","5.91667"
"2023210016","2000893191","5.91667"
"2000893191","2136286873","2.75"
"2136286873","2000893191","2.75"
"2023210016","2136286873","1.25"
"2136286873","2023210016","1.25"
"1479848599","2087829218","1"
"2087829218","1479848599","1"
"1479848599","1983471910","0.5"
"1983471910","1479848599","0.5"
"1479848599","2140840007","8.75"
"2140840007","1479848599","8.75"
"1983471910","2140840007","0.5"
"2140840007","1983471910","0.5"
"1479848599","2150693557","1"
"2150693557","1479848599","1"
"1479848599","1908699674","0.75"
"1908699674","1479848599","0.75"
"1479848599","2058880662","0.75"
"2058880662","1479848599","0.75"
"1908699674","2058880662","0.75"
"2058880662","1908699674","0.75"
"1479848599","2423652555","0.25"
"2423652555","1479848599","0.25"
"1908699674","2140840007","0.75"
"2140840007","1908699674","0.75"
"1908699674","2423652555","0.75"
"2423652555","1908699674","0.75"
"2058880662","2140840007","0.75"
"2140840007","2058880662","0.75"
"2058880662","2423652555","0.75"
"2423652555","2058880662","0.75"
"2140840007","2423652555","14.5833"
"2423652555","2140840007","14.5833"
"1483697143","1520330802","0.125"
"1520330802","1483697143","0.125"
"1483697143","1562218150","0.125"
"1562218150","1483697143","0.125"
"1483697143","2059132017","0.125"
"2059132017","1483697143","0.125"
"1483697143","2119398588","0.125"
"2119398588","1483697143","0.125"
"1483697143","2142410337","0.125"
"2142410337","1483697143","0.125"
"1483697143","2144768285","0.125"
"2144768285","1483697143","0.125"
"1483697143","2145344816","0.125"
"2145344816","1483697143","0.125"
"1483697143","2153404040","0.125"
"2153404040","1483697143","0.125"
"1520330802","1562218150","0.658333"
"1562218150","1520330802","0.658333"
"1520330802","2059132017","2.69167"
"2059132017","1520330802","2.69167"
"1520330802","2119398588","2.99167"
"2119398588","1520330802","2.99167"
"1520330802","2142410337","0.625"
"2142410337","1520330802","0.625"
"1520330802","2144768285","1.85833"
"2144768285","1520330802","1.85833"
"1520330802","2145344816","0.525"
"2145344816","1520330802","0.525"
"1520330802","2153404040","0.125"
"2153404040","1520330802","0.125"
"1562218150","2059132017","2.49167"
"2059132017","1562218150","2.49167"
"1562218150","2119398588","2.49167"
"2119398588","1562218150","2.49167"
"1562218150","2142410337","0.125"
"2142410337","1562218150","0.125"
"1562218150","2144768285","1.325"
"2144768285","1562218150","1.325"
"1562218150","2145344816","0.325"
"2145344816","1562218150","0.325"
"1562218150","2153404040","0.125"
"2153404040","1562218150","0.125"
"2059132017","2119398588","5.4"
"2119398588","2059132017","5.4"
"2059132017","2142410337","3.56111"
"2142410337","2059132017","3.56111"
"2059132017","2144768285","4.60833"
"2144768285","2059132017","4.60833"
"2059132017","2145344816","3.71111"
"2145344816","2059132017","3.71111"
"2059132017","2153404040","0.616667"
"2153404040","2059132017","0.616667"
"2119398588","2142410337","2.58889"
"2142410337","2119398588","2.58889"
"2119398588","2144768285","3.15833"
"2144768285","2119398588","3.15833"
"2119398588","2145344816","5.28889"
"2145344816","2119398588","5.28889"
"2119398588","2153404040","4.39444"
"2153404040","2119398588","4.39444"
"2142410337","2144768285","7.48611"
"2144768285","2142410337","7.48611"
"2142410337","2145344816","6.83889"
"2145344816","2142410337","6.83889"
"2142410337","2153404040","4.03889"
"2153404040","2142410337","4.03889"
"2144768285","2145344816","1.88611"
"2145344816","2144768285","1.88611"
"2144768285","2153404040","0.458333"
"2153404040","2144768285","0.458333"
"2145344816","2153404040","6.17222"
"2153404040","2145344816","6.17222"
"1488297666","1581724699","0.0555556"
"1581724699","1488297666","0.0555556"
"1488297666","1589242672","0.0555556"
"1589242672","1488297666","0.0555556"
"1488297666","2012730477","0.0555556"
"2012730477","1488297666","0.0555556"
"1488297666","2012816654","0.0555556"
"2012816654","1488297666","0.0555556"
"1488297666","2041763948","0.0555556"
"2041763948","1488297666","0.0555556"
"1488297666","2059132017","0.0555556"
"2059132017","1488297666","0.0555556"
"1488297666","2101496601","0.0555556"
"2101496601","1488297666","0.0555556"
"1488297666","2112212668","0.0555556"
"2112212668","1488297666","0.0555556"
"1488297666","2113053869","0.0555556"
"2113053869","1488297666","0.0555556"
"1488297666","2118378419","0.0555556"
"2118378419","1488297666","0.0555556"
"1488297666","2119398588","0.0555556"
"2119398588","1488297666","0.0555556"
"1488297666","2127947301","0.0555556"
"2127947301","1488297666","0.0555556"
"1488297666","2144768285","0.0555556"
"2144768285","1488297666","0.0555556"
"1488297666","2150693557","0.0555556"
"2150693557","1488297666","0.0555556"
"1488297666","2153404040","0.0555556"
"2153404040","1488297666","0.0555556"
"1488297666","2156892372","0.0555556"
"2156892372","1488297666","0.0555556"
"1488297666","2165824191","0.0555556"
"2165824191","1488297666","0.0555556"
"1488297666","2168002671","0.0555556"
"2168002671","1488297666","0.0555556"
"1581724699","1589242672","0.0555556"
"1589242672","1581724699","0.0555556"
"1581724699","2012730477","0.0555556"
"2012730477","1581724699","0.0555556"
"1581724699","2012816654","0.0555556"
"2012816654","1581724699","0.0555556"
"1581724699","2041763948","2.05556"
"2041763948","1581724699","2.05556"
"1581724699","2059132017","0.0555556"
"2059132017","1581724699","0.0555556"
"1581724699","2101496601","0.0555556"
"2101496601","1581724699","0.0555556"
"1581724699","2112212668","0.0555556"
"2112212668","1581724699","0.0555556"
"1581724699","2113053869","0.0555556"
"2113053869","1581724699","0.0555556"
"1581724699","2118378419","0.0555556"
"2118378419","1581724699","0.0555556"
"1581724699","2119398588","0.0555556"
"2119398588","1581724699","0.0555556"
"1581724699","2127947301","0.0555556"
"2127947301","1581724699","0.0555556"
"1581724699","2144768285","0.0555556"
"2144768285","1581724699","0.0555556"
"1581724699","2150693557","0.0555556"
"2150693557","1581724699","0.0555556"
"1581724699","2153404040","0.0555556"
"2153404040","1581724699","0.0555556"
"1581724699","2156892372","0.0555556"
"2156892372","1581724699","0.0555556"
"1581724699","2165824191","0.0555556"
"2165824191","1581724699","0.0555556"
"1581724699","2168002671","0.0555556"
"2168002671","1581724699","0.0555556"
"1589242672","2012730477","0.0555556"
"2012730477","1589242672","0.0555556"
"1589242672","2012816654","0.0555556"
"2012816654","1589242672","0.0555556"
"1589242672","2041763948","0.0555556"
"2041763948","1589242672","0.0555556"
"1589242672","2059132017","0.0555556"
"2059132017","1589242672","0.0555556"
"1589242672","2101496601","0.0555556"
"2101496601","1589242672","0.0555556"
"1589242672","2112212668","0.0555556"
"2112212668","1589242672","0.0555556"
"1589242672","2113053869","0.0555556"
"2113053869","1589242672","0.0555556"
"1589242672","2118378419","0.0555556"
"2118378419","1589242672","0.0555556"
"1589242672","2119398588","0.0555556"
"2119398588","1589242672","0.0555556"
"1589242672","2127947301","0.0555556"
"2127947301","1589242672","0.0555556"
"1589242672","2144768285","0.0555556"
"2144768285","1589242672","0.0555556"
"1589242672","2150693557","0.0555556"
"2150693557","1589242672","0.0555556"
"1589242672","2153404040","0.0555556"
"2153404040","1589242672","0.0555556"
"1589242672","2156892372","0.0555556"
"2156892372","1589242672","0.0555556"
"1589242672","2165824191","0.0555556"
"2165824191","1589242672","0.0555556"
"1589242672","2168002671","0.0555556"
"2168002671","1589242672","0.0555556"
"2012730477","2012816654","0.0555556"
"2012816654","2012730477","0.0555556"
"2012730477","2041763948","6.56389"
"2041763948","2012730477","6.56389"
"2012730477","2059132017","0.0555556"
"2059132017","2012730477","0.0555556"
"2012730477","2101496601","2.64127"
"2101496601","2012730477","2.64127"
"2012730477","2112212668","9.34246"
"2112212668","2012730477","9.34246"
"2012730477","2113053869","0.655556"
"2113053869","2012730477","0.655556"
"2012730477","2118378419","0.988889"
"2118378419","2012730477","0.988889"
"2012730477","2119398588","0.0555556"
"2119398588","2012730477","0.0555556"
"2012730477","2127947301","0.488889"
"2127947301","2012730477","0.488889"
"2012730477","2144768285","0.0555556"
"2144768285","2012730477","0.0555556"
"2012730477","2150693557","1.94008"
"2150693557","2012730477","1.94008"
"2012730477","2153404040","1.23889"
"2153404040","2012730477","1.23889"
"2012730477","2156892372","1.06508"
"2156892372","2012730477","1.06508"
"2012730477","2165824191","0.0555556"
"2165824191","2012730477","0.0555556"
"2012730477","2168002671","0.0555556"
"2168002671","2012730477","0.0555556"
"2012816654","2041763948","0.198413"
"2041763948","2012816654","0.198413"
"2012816654","2059132017","0.0555556"
"2059132017","2012816654","0.0555556"
"2012816654","2101496601","0.0555556"
"2101496601","2012816654","0.0555556"
"2012816654","2112212668","0.0555556"
"2112212668","2012816654","0.0555556"
"2012816654","2113053869","0.0555556"
"2113053869","2012816654","0.0555556"
"2012816654","2118378419","0.0555556"
"2118378419","2012816654","0.0555556"
"2012816654","2119398588","0.0555556"
"2119398588","2012816654","0.0555556"
"2012816654","2127947301","0.198413"
"2127947301","2012816654","0.198413"
"2012816654","2144768285","0.0555556"
"2144768285","2012816654","0.0555556"
"2012816654","2150693557","0.0555556"
"2150693557","2012816654","0.0555556"
"2012816654","2153404040","0.0555556"
"2153404040","2012816654","0.0555556"
"2012816654","2156892372","0.0555556"
"2156892372","2012816654","0.0555556"
"2012816654","2165824191","0.0555556"
"2165824191","2012816654","0.0555556"
"2012816654","2168002671","0.0555556"
"2168002671","2012816654","0.0555556"
"2041763948","2059132017","1.05556"
"2059132017","2041763948","1.05556"
"2041763948","2101496601","0.180556"
"2101496601","2041763948","0.180556"
"2041763948","2112212668","0.880556"
"2112212668","2041763948","0.880556"
"2041763948","2113053869","0.888889"
"2113053869","2041763948","0.888889"
"2041763948","2118378419","14.2722"
"2118378419","2041763948","14.2722"
"2041763948","2119398588","0.0555556"
"2119398588","2041763948","0.0555556"
"2041763948","2127947301","5.39841"
"2127947301","2041763948","5.39841"
"2041763948","2144768285","0.0555556"
"2144768285","2041763948","0.0555556"
"2041763948","2150693557","1.25556"
"2150693557","2041763948","1.25556"
"2041763948","2153404040","8.13889"
"2153404040","2041763948","8.13889"
"2041763948","2156892372","1.15556"
"2156892372","2041763948","1.15556"
"2041763948","2165824191","0.255556"
"2165824191","2041763948","0.255556"
"2041763948","2168002671","0.555556"
"2168002671","2041763948","0.555556"
"2059132017","2101496601","0.0555556"
"2101496601","2059132017","0.0555556"
"2059132017","2112212668","0.255556"
"2112212668","2059132017","0.255556"
"2059132017","2113053869","0.0555556"
"2113053869","2059132017","0.0555556"
"2059132017","2118378419","0.0555556"
"2118378419","2059132017","0.0555556"
"2059132017","2127947301","0.0555556"
"2127947301","2059132017","0.0555556"
"2059132017","2150693557","0.0555556"
"2150693557","2059132017","0.0555556"
"2059132017","2156892372","0.0555556"
"2156892372","2059132017","0.0555556"
"2059132017","2165824191","0.0555556"
"2165824191","2059132017","0.0555556"
"2059132017","2168002671","0.0555556"
"2168002671","2059132017","0.0555556"
"2101496601","2112212668","1.39127"
"2112212668","2101496601","1.39127"
"2101496601","2113053869","0.0555556"
"2113053869","2101496601","0.0555556"
"2101496601","2118378419","0.555556"
"2118378419","2101496601","0.555556"
"2101496601","2119398588","0.0555556"
"2119398588","2101496601","0.0555556"
"2101496601","2127947301","0.0555556"
"2127947301","2101496601","0.0555556"
"2101496601","2144768285","0.0555556"
"2144768285","2101496601","0.0555556"
"2101496601","2150693557","0.488889"
"2150693557","2101496601","0.488889"
"2101496601","2153404040","0.505556"
"2153404040","2101496601","0.505556"
"2101496601","2156892372","0.255556"
"2156892372","2101496601","0.255556"
"2101496601","2165824191","0.0555556"
"2165824191","2101496601","0.0555556"
"2101496601","2168002671","0.0555556"
"2168002671","2101496601","0.0555556"
"2112212668","2113053869","0.255556"
"2113053869","2112212668","0.255556"
"2112212668","2118378419","0.255556"
"2118378419","2112212668","0.255556"
"2112212668","2119398588","0.0555556"
"2119398588","2112212668","0.0555556"
"2112212668","2127947301","0.0555556"
"2127947301","2112212668","0.0555556"
"2112212668","2144768285","0.255556"
"2144768285","2112212668","0.255556"
"2112212668","2150693557","50.4401"
"2150693557","2112212668","50.4401"
"2112212668","2153404040","0.0555556"
"2153404040","2112212668","0.0555556"
"2112212668","2156892372","1.94841"
"2156892372","2112212668","1.94841"
"2112212668","2165824191","0.0555556"
"2165824191","2112212668","0.0555556"
"2112212668","2168002671","0.0555556"
"2168002671","2112212668","0.0555556"
"2113053869","2118378419","3.48889"
"2118378419","2113053869","3.48889"
"2113053869","2119398588","0.0555556"
"2119398588","2113053869","0.0555556"
"2113053869","2127947301","0.155556"
"2127947301","2113053869","0.155556"
"2113053869","2144768285","0.0555556"
"2144768285","2113053869","0.0555556"
"2113053869","2150693557","0.0555556"
"2150693557","2113053869","0.0555556"
"2113053869","2153404040","0.155556"
"2153404040","2113053869","0.155556"
"2113053869","2156892372","0.0555556"
"2156892372","2113053869","0.0555556"
"2113053869","2165824191","0.0555556"
"2165824191","2113053869","0.0555556"
"2113053869","2168002671","0.0555556"
"2168002671","2113053869","0.0555556"
"2118378419","2119398588","0.0555556"
"2119398588","2118378419","0.0555556"
"2118378419","2127947301","0.355556"
"2127947301","2118378419","0.355556"
"2118378419","2144768285","0.0555556"
"2144768285","2118378419","0.0555556"
"2118378419","2150693557","0.255556"
"2150693557","2118378419","0.255556"
"2118378419","2153404040","0.655556"
"2153404040","2118378419","0.655556"
"2118378419","2156892372","0.255556"
"2156892372","2118378419","0.255556"
"2118378419","2165824191","0.0555556"
"2165824191","2118378419","0.0555556"
"2118378419","2168002671","0.0555556"
"2168002671","2118378419","0.0555556"
"2119398588","2127947301","0.0555556"
"2127947301","2119398588","0.0555556"
"2119398588","2150693557","0.0555556"
"2150693557","2119398588","0.0555556"
"2119398588","2156892372","0.0555556"
"2156892372","2119398588","0.0555556"
"2119398588","2165824191","0.0555556"
"2165824191","2119398588","0.0555556"
"2119398588","2168002671","0.0555556"
"2168002671","2119398588","0.0555556"
"2127947301","2144768285","0.0555556"
"2144768285","2127947301","0.0555556"
"2127947301","2150693557","0.255556"
"2150693557","2127947301","0.255556"
"2127947301","2153404040","1.35556"
"2153404040","2127947301","1.35556"
"2127947301","2156892372","0.455556"
"2156892372","2127947301","0.455556"
"2127947301","2165824191","0.255556"
"2165824191","2127947301","0.255556"
"2127947301","2168002671","0.555556"
"2168002671","2127947301","0.555556"
"2144768285","2150693557","0.0555556"
"2150693557","2144768285","0.0555556"
"2144768285","2156892372","0.0555556"
"2156892372","2144768285","0.0555556"
"2144768285","2165824191","0.0555556"
"2165824191","2144768285","0.0555556"
"2144768285","2168002671","0.0555556"
"2168002671","2144768285","0.0555556"
"2150693557","2153404040","0.0555556"
"2153404040","2150693557","0.0555556"
"2150693557","2156892372","0.981746"
"2156892372","2150693557","0.981746"
"2150693557","2165824191","0.0555556"
"2165824191","2150693557","0.0555556"
"2150693557","2168002671","0.0555556"
"2168002671","2150693557","0.0555556"
"2153404040","2156892372","0.555556"
"2156892372","2153404040","0.555556"
"2153404040","2165824191","0.0555556"
"2165824191","2153404040","0.0555556"
"2153404040","2168002671","0.388889"
"2168002671","2153404040","0.388889"
"2156892372","2165824191","0.255556"
"2165824191","2156892372","0.255556"
"2156892372","2168002671","0.0555556"
"2168002671","2156892372","0.0555556"
"2165824191","2168002671","0.0555556"
"2168002671","2165824191","0.0555556"
"1488297666","1986625687","1"
"1986625687","1488297666","1"
"1491784256","1511401637","1"
"1511401637","1491784256","1"
"1502577746","1529615683","6"
"1529615683","1502577746","6"
"1502577746","2096675082","1"
"2096675082","1502577746","1"
"1502577746","1983471910","2"
"1983471910","1502577746","2"
"1502577746","2798620495","1"
"2798620495","1502577746","1"
"1502577746","2140840007","1"
"2140840007","1502577746","1"
"1511401637","1528792045","0.666667"
"1528792045","1511401637","0.666667"
"1511401637","2147312192","0.666667"
"2147312192","1511401637","0.666667"
"1511401637","2157827659","0.666667"
"2157827659","1511401637","0.666667"
"1528792045","2147312192","0.666667"
"2147312192","1528792045","0.666667"
"1528792045","2157827659","5.33333"
"2157827659","1528792045","5.33333"
"2147312192","2157827659","3.16667"
"2157827659","2147312192","3.16667"
"1520330802","2090852828","0.2"
"2090852828","1520330802","0.2"
"1520330802","2112212668","0.2"
"2112212668","1520330802","0.2"
"2059132017","2090852828","1.38611"
"2090852828","2059132017","1.38611"
"2090852828","2112212668","0.2"
"2112212668","2090852828","0.2"
"2090852828","2144768285","0.311111"
"2144768285","2090852828","0.311111"
"2090852828","2145344816","6.74722"
"2145344816","2090852828","6.74722"
"2112212668","2145344816","0.2"
"2145344816","2112212668","0.2"
"1520330802","1857276211","1"
"1857276211","1520330802","1"
"1528792045","2112212668","0.666667"
"2112212668","1528792045","0.666667"
"2112212668","2157827659","5.73452"
"2157827659","2112212668","5.73452"
"1528792045","1991249762","0.166667"
"1991249762","1528792045","0.166667"
"1528792045","2041763948","0.166667"
"2041763948","1528792045","0.166667"
"1528792045","2117461391","0.166667"
"2117461391","1528792045","0.166667"
"1528792045","2138414767","0.166667"
"2138414767","1528792045","0.166667"
"1991249762","2041763948","32.3667"
"2041763948","1991249762","32.3667"
"1991249762","2112212668","1.93452"
"2112212668","1991249762","1.93452"
"1991249762","2117461391","0.666667"
"2117461391","1991249762","0.666667"
"1991249762","2138414767","7.96786"
"2138414767","1991249762","7.96786"
"1991249762","2157827659","0.534524"
"2157827659","1991249762","0.534524"
"2041763948","2117461391","2.16667"
"2117461391","2041763948","2.16667"
"2041763948","2138414767","45.0679"
"2138414767","2041763948","45.0679"
"2041763948","2157827659","0.6"
"2157827659","2041763948","0.6"
"2112212668","2117461391","0.166667"
"2117461391","2112212668","0.166667"
"2112212668","2138414767","31.3036"
"2138414767","2112212668","31.3036"
"2117461391","2138414767","2.16667"
"2138414767","2117461391","2.16667"
"2117461391","2157827659","0.166667"
"2157827659","2117461391","0.166667"
"2138414767","2157827659","1.00119"
"2157827659","2138414767","1.00119"
"1529615683","1545648536","1"
"1545648536","1529615683","1"
"1529615683","1983471910","1"
"1983471910","1529615683","1"
"2000893191","984076445","0.5"
"984076445","2000893191","0.5"
"1545879303","2065259291","1"
"2065259291","1545879303","1"
"2000893191","2964033812","1.33333"
"2964033812","2000893191","1.33333"
"2023210016","2964033812","0.333333"
"2964033812","2023210016","0.333333"
"1545879303","1604088952","0.35"
"1604088952","1545879303","0.35"
"1545879303","2170425001","0.35"
"2170425001","1545879303","0.35"
"1545879303","2203972201","0.1"
"2203972201","1545879303","0.1"
"1545879303","2574388534","0.1"
"2574388534","1545879303","0.1"
"1545879303","2616769589","0.1"
"2616769589","1545879303","0.1"
"1545879303","2794775679","0.1"
"2794775679","1545879303","0.1"
"1545879303","2794889595","0.1"
"2794889595","1545879303","0.1"
"1545879303","2794912931","0.1"
"2794912931","1545879303","0.1"
"1545879303","2799896657","0.1"
"2799896657","1545879303","0.1"
"1545879303","2911528866","0.1"
"2911528866","1545879303","0.1"
"1604088952","2170425001","0.35"
"2170425001","1604088952","0.35"
"1604088952","2203972201","0.1"
"2203972201","1604088952","0.1"
"1604088952","2574388534","0.1"
"2574388534","1604088952","0.1"
"1604088952","2616769589","0.1"
"2616769589","1604088952","0.1"
"1604088952","2794775679","0.1"
"2794775679","1604088952","0.1"
"1604088952","2794889595","0.1"
"2794889595","1604088952","0.1"
"1604088952","2794912931","0.1"
"2794912931","1604088952","0.1"
"1604088952","2799896657","0.1"
"2799896657","1604088952","0.1"
"1604088952","2911528866","0.1"
"2911528866","1604088952","0.1"
"2170425001","2203972201","0.1"
"2203972201","2170425001","0.1"
"2170425001","2574388534","0.1"
"2574388534","2170425001","0.1"
"2170425001","2616769589","0.1"
"2616769589","2170425001","0.1"
"2170425001","2794775679","0.1"
"2794775679","2170425001","0.1"
"2170425001","2794889595","0.1"
"2794889595","2170425001","0.1"
"2170425001","2794912931","0.1"
"2794912931","2170425001","0.1"
"2170425001","2799896657","0.1"
"2799896657","2170425001","0.1"
"2170425001","2911528866","0.1"
"2911528866","2170425001","0.1"
"2203972201","2574388534","0.35"
"2574388534","2203972201","0.35"
"2203972201","2616769589","0.1"
"2616769589","2203972201","0.1"
"2203972201","2794775679","0.35"
"2794775679","2203972201","0.35"
"2203972201","2794889595","0.1"
"2794889595","2203972201","0.1"
"2203972201","2794912931","0.1"
"2794912931","2203972201","0.1"
"2203972201","2799896657","0.35"
"2799896657","2203972201","0.35"
"2203972201","2911528866","0.1"
"2911528866","2203972201","0.1"
"2574388534","2616769589","0.1"
"2616769589","2574388534","0.1"
"2574388534","2794775679","4.3"
"2794775679","2574388534","4.3"
"2574388534","2794889595","0.55"
"2794889595","2574388534","0.55"
"2574388534","2794912931","3.425"
"2794912931","2574388534","3.425"
"2574388534","2799896657","0.8"
"2799896657","2574388534","0.8"
"2574388534","2911528866","1.3"
"2911528866","2574388534","1.3"
"2616769589","2794775679","0.1"
"2794775679","2616769589","0.1"
"2616769589","2794889595","0.1"
"2794889595","2616769589","0.1"
"2616769589","2794912931","0.1"
"2794912931","2616769589","0.1"
"2616769589","2799896657","0.1"
"2799896657","2616769589","0.1"
"2616769589","2911528866","0.1"
"2911528866","2616769589","0.1"
"2794775679","2794889595","0.35"
"2794889595","2794775679","0.35"
"2794775679","2794912931","1.38333"
"2794912931","2794775679","1.38333"
"2794775679","2799896657","0.725"
"2799896657","2794775679","0.725"
"2794775679","2911528866","0.725"
"2911528866","2794775679","0.725"
"2794889595","2794912931","0.225"
"2794912931","2794889595","0.225"
"2794889595","2799896657","0.75"
"2799896657","2794889595","0.75"
"2794889595","2911528866","0.3"
"2911528866","2794889595","0.3"
"2794912931","2799896657","0.35"
"2799896657","2794912931","0.35"
"2794912931","2911528866","0.225"
"2911528866","2794912931","0.225"
"2799896657","2911528866","0.425"
"2911528866","2799896657","0.425"
"1545879303","2228089378","0.25"
"2228089378","1545879303","0.25"
"1545879303","2897679181","0.25"
"2897679181","1545879303","0.25"
"1604088952","2228089378","0.25"
"2228089378","1604088952","0.25"
"1604088952","2897679181","0.25"
"2897679181","1604088952","0.25"
"2170425001","2228089378","0.25"
"2228089378","2170425001","0.25"
"2170425001","2897679181","0.25"
"2897679181","2170425001","0.25"
"2228089378","2897679181","0.25"
"2897679181","2228089378","0.25"
"1545879303","2070109133","0.333333"
"2070109133","1545879303","0.333333"
"2000893191","2070109133","0.333333"
"2070109133","2000893191","0.333333"
"2023210016","2070109133","1.33333"
"2070109133","2023210016","1.33333"
"1546313639","2116434582","0.625"
"2116434582","1546313639","0.625"
"1546313639","2158269779","0.5"
"2158269779","1546313639","0.5"
"2116434582","2158269779","1.5"
"2158269779","2116434582","1.5"
"1546313639","2140840007","0.5"
"2140840007","1546313639","0.5"
"1546313639","2203972201","0.5"
"2203972201","1546313639","0.5"
"2140840007","2203972201","6.58333"
"2203972201","2140840007","6.58333"
"1546313639","2228089378","0.125"
"2228089378","1546313639","0.125"
"1546313639","2574388534","0.125"
"2574388534","1546313639","0.125"
"1546313639","2592340121","0.125"
"2592340121","1546313639","0.125"
"1546313639","2794775679","0.125"
"2794775679","1546313639","0.125"
"1546313639","2794889595","0.125"
"2794889595","1546313639","0.125"
"1546313639","2799896657","0.125"
"2799896657","1546313639","0.125"
"1546313639","2965557726","0.125"
"2965557726","1546313639","0.125"
"2116434582","2228089378","0.125"
"2228089378","2116434582","0.125"
"2116434582","2574388534","0.125"
"2574388534","2116434582","0.125"
"2116434582","2592340121","0.125"
"2592340121","2116434582","0.125"
"2116434582","2794775679","0.125"
"2794775679","2116434582","0.125"
"2116434582","2794889595","0.125"
"2794889595","2116434582","0.125"
"2116434582","2799896657","0.125"
"2799896657","2116434582","0.125"
"2116434582","2965557726","0.125"
"2965557726","2116434582","0.125"
"2228089378","2574388534","5.15"
"2574388534","2228089378","5.15"
"2228089378","2592340121","4.15"
"2592340121","2228089378","4.15"
"2228089378","2794775679","0.95"
"2794775679","2228089378","0.95"
"2228089378","2794889595","0.45"
"2794889595","2228089378","0.45"
"2228089378","2799896657","1.7"
"2799896657","2228089378","1.7"
"2228089378","2965557726","0.125"
"2965557726","2228089378","0.125"
"2574388534","2592340121","3.15"
"2592340121","2574388534","3.15"
"2574388534","2965557726","0.125"
"2965557726","2574388534","0.125"
"2592340121","2794775679","0.45"
"2794775679","2592340121","0.45"
"2592340121","2794889595","0.65"
"2794889595","2592340121","0.65"
"2592340121","2799896657","0.65"
"2799896657","2592340121","0.65"
"2592340121","2965557726","0.125"
"2965557726","2592340121","0.125"
"2794775679","2965557726","0.958333"
"2965557726","2794775679","0.958333"
"2794889595","2965557726","0.125"
"2965557726","2794889595","0.125"
"2799896657","2965557726","0.125"
"2965557726","2799896657","0.125"
"1546313639","2097184821","0.5"
"2097184821","1546313639","0.5"
"1546313639","2105436061","0.5"
"2105436061","1546313639","0.5"
"2097184821","2105436061","42.969"
"2105436061","2097184821","42.969"
"1562218150","2103636110","1.16667"
"2103636110","1562218150","1.16667"
"2059132017","2103636110","0.833333"
"2103636110","2059132017","0.833333"
"2103636110","2119398588","1.08333"
"2119398588","2103636110","1.08333"
"1562218150","1992735711","0.333333"
"1992735711","1562218150","0.333333"
"1562218150","2117461391","0.333333"
"2117461391","1562218150","0.333333"
"1992735711","2103636110","0.333333"
"2103636110","1992735711","0.333333"
"1992735711","2117461391","16"
"2117461391","1992735711","16"
"2103636110","2117461391","0.333333"
"2117461391","2103636110","0.333333"
"1562218150","2248601845","0.5"
"2248601845","1562218150","0.5"
"2103636110","2248601845","0.5"
"2248601845","2103636110","0.5"
"1567285299","2110488294","0.5"
"2110488294","1567285299","0.5"
"1567285299","2112212668","0.5"
"2112212668","1567285299","0.5"
"1567285299","2150693557","0.5"
"2150693557","1567285299","0.5"
"2110488294","2112212668","6.36786"
"2112212668","2110488294","6.36786"
"2110488294","2150693557","18.3679"
"2150693557","2110488294","18.3679"
"1567285299","2116434582","0.166667"
"2116434582","1567285299","0.166667"
"1567285299","2130696419","0.166667"
"2130696419","1567285299","0.166667"
"1567285299","2138414767","0.166667"
"2138414767","1567285299","0.166667"
"2110488294","2116434582","6.875"
"2116434582","2110488294","6.875"
"2110488294","2130696419","10.35"
"2130696419","2110488294","10.35"
"2110488294","2138414767","5.45119"
"2138414767","2110488294","5.45119"
"2112212668","2116434582","24.0845"
"2116434582","2112212668","24.0845"
"2112212668","2130696419","6.59286"
"2130696419","2112212668","6.59286"
"2116434582","2130696419","17.8595"
"2130696419","2116434582","17.8595"
"2116434582","2138414767","32.8012"
"2138414767","2116434582","32.8012"
"2116434582","2150693557","27.075"
"2150693557","2116434582","27.075"
"2130696419","2138414767","8.02619"
"2138414767","2130696419","8.02619"
"2130696419","2150693557","21.2"
"2150693557","2130696419","21.2"
"2138414767","2150693557","25.2012"
"2150693557","2138414767","25.2012"
"1572158434","189343201","0.833333"
"189343201","1572158434","0.833333"
"1572158434","1969752030","14.9929"
"1969752030","1572158434","14.9929"
"1572158434","198573181","2.70952"
"198573181","1572158434","2.70952"
"1572158434","2034578833","1.7"
"2034578833","1572158434","1.7"
"1572158434","2147579672","6.87619"
"2147579672","1572158434","6.87619"
"1572158434","2231757023","0.533333"
"2231757023","1572158434","0.533333"
"189343201","1969752030","0.7"
"1969752030","189343201","0.7"
"189343201","198573181","1.28333"
"198573181","189343201","1.28333"
"189343201","2034578833","1.11667"
"2034578833","189343201","1.11667"
"189343201","2147579672","3.61667"
"2147579672","189343201","3.61667"
"189343201","2231757023","1.11667"
"2231757023","189343201","1.11667"
"1969752030","198573181","1.82619"
"198573181","1969752030","1.82619"
"1969752030","2034578833","2.06667"
"2034578833","1969752030","2.06667"
"1969752030","2147579672","5.35952"
"2147579672","1969752030","5.35952"
"1969752030","2231757023","2.23333"
"2231757023","1969752030","2.23333"
"198573181","2034578833","1.11667"
"2034578833","198573181","1.11667"
"198573181","2147579672","5.12619"
"2147579672","198573181","5.12619"
"198573181","2231757023","1.95"
"2231757023","198573181","1.95"
"2034578833","2147579672","2.15"
"2147579672","2034578833","2.15"
"2034578833","2231757023","1.81667"
"2231757023","2034578833","1.81667"
"2147579672","2231757023","3.15"
"2231757023","2147579672","3.15"
"1572158434","2241152322","1"
"2241152322","1572158434","1"
"1969752030","2241152322","1"
"2241152322","1969752030","1"
"1572158434","2582558662","51.9095"
"2582558662","1572158434","51.9095"
"1969752030","2582558662","7.35952"
"2582558662","1969752030","7.35952"
"2034578833","2582558662","1.03333"
"2582558662","2034578833","1.03333"
"2147579672","2582558662","4.40952"
"2582558662","2147579672","4.40952"
"2231757023","2582558662","0.2"
"2582558662","2231757023","0.2"
"1572158434","2286457274","0.67619"
"2286457274","1572158434","0.67619"
"1572158434","2343086240","1.95952"
"2343086240","1572158434","1.95952"
"1969752030","2286457274","0.67619"
"2286457274","1969752030","0.67619"
"1969752030","2343086240","1.24286"
"2343086240","1969752030","1.24286"
"198573181","2286457274","0.67619"
"2286457274","198573181","0.67619"
"198573181","2343086240","1.29286"
"2343086240","198573181","1.29286"
"198573181","2582558662","3.87619"
"2582558662","198573181","3.87619"
"2286457274","2343086240","1.00952"
"2343086240","2286457274","1.00952"
"2286457274","2582558662","0.67619"
"2582558662","2286457274","0.67619"
"2343086240","2582558662","2.15952"
"2582558662","2343086240","2.15952"
"2147579672","2286457274","0.47619"
"2286457274","2147579672","0.47619"
"2147579672","2343086240","1.29286"
"2343086240","2147579672","1.29286"
"1572158434","2800857198","1"
"2800857198","1572158434","1"
"1572158434","1604088952","0.142857"
"1604088952","1572158434","0.142857"
"1604088952","1969752030","0.342857"
"1969752030","1604088952","0.342857"
"1604088952","198573181","0.142857"
"198573181","1604088952","0.142857"
"1604088952","2147579672","0.342857"
"2147579672","1604088952","0.342857"
"1604088952","2343086240","1.84286"
"2343086240","1604088952","1.84286"
"1604088952","2582558662","0.342857"
"2582558662","1604088952","0.342857"
"189343201","2343086240","1.16667"
"2343086240","189343201","1.16667"
"189343201","2582558662","0.166667"
"2582558662","189343201","0.166667"
"1572158434","2014820355","0.166667"
"2014820355","1572158434","0.166667"
"1572158434","2142410337","0.166667"
"2142410337","1572158434","0.166667"
"1572158434","2145344816","0.166667"
"2145344816","1572158434","0.166667"
"1572158434","2546691052","0.166667"
"2546691052","1572158434","0.166667"
"2014820355","2142410337","1.38056"
"2142410337","2014820355","1.38056"
"2014820355","2145344816","5.26389"
"2145344816","2014820355","5.26389"
"2014820355","2343086240","0.166667"
"2343086240","2014820355","0.166667"
"2014820355","2546691052","0.277778"
"2546691052","2014820355","0.277778"
"2014820355","2582558662","0.166667"
"2582558662","2014820355","0.166667"
"2142410337","2343086240","0.166667"
"2343086240","2142410337","0.166667"
"2142410337","2546691052","0.277778"
"2546691052","2142410337","0.277778"
"2142410337","2582558662","0.166667"
"2582558662","2142410337","0.166667"
"2145344816","2343086240","0.166667"
"2343086240","2145344816","0.166667"
"2145344816","2546691052","0.277778"
"2546691052","2145344816","0.277778"
"2145344816","2582558662","0.166667"
"2582558662","2145344816","0.166667"
"2343086240","2546691052","0.166667"
"2546691052","2343086240","0.166667"
"2546691052","2582558662","0.166667"
"2582558662","2546691052","0.166667"
"1581724699","1991249762","1.5"
"1991249762","1581724699","1.5"
"1581724699","2138414767","0.5"
"2138414767","1581724699","0.5"
"1581724699","2084679825","2"
"2084679825","1581724699","2"
"1589242672","2008511084","0.5"
"2008511084","1589242672","0.5"
"1589242672","2140840007","2"
"2140840007","1589242672","2"
"2008511084","2140840007","6.91667"
"2140840007","2008511084","6.91667"
"1589242672","2056899820","0.5"
"2056899820","1589242672","0.5"
"1589242672","2203972201","0.5"
"2203972201","1589242672","0.5"
"2056899820","2203972201","0.75"
"2203972201","2056899820","0.75"
"1589242672","2431031675","0.5"
"2431031675","1589242672","0.5"
"2140840007","2431031675","0.5"
"2431031675","2140840007","0.5"
"1599327344","2142541325","7.5"
"2142541325","1599327344","7.5"
"1599327344","2500909930","2.5"
"2500909930","1599327344","2.5"
"2142541325","2500909930","2"
"2500909930","2142541325","2"
"1604088952","2145344816","0.666667"
"2145344816","1604088952","0.666667"
"2103406514","2145344816","2.33333"
"2145344816","2103406514","2.33333"
"1604088952","2059132017","1.75"
"2059132017","1604088952","1.75"
"2059132017","2103406514","0.5"
"2103406514","2059132017","0.5"
"1604088952","2090852828","0.166667"
"2090852828","1604088952","0.166667"
"1604088952","2119398588","0.416667"
"2119398588","1604088952","0.416667"
"1604088952","2142410337","0.666667"
"2142410337","1604088952","0.666667"
"2090852828","2103406514","0.166667"
"2103406514","2090852828","0.166667"
"2090852828","2119398588","2.04722"
"2119398588","2090852828","2.04722"
"2090852828","2142410337","2.29722"
"2142410337","2090852828","2.29722"
"2090852828","2286457274","0.166667"
"2286457274","2090852828","0.166667"
"2103406514","2119398588","0.166667"
"2119398588","2103406514","0.166667"
"2103406514","2142410337","0.166667"
"2142410337","2103406514","0.166667"
"2119398588","2286457274","0.166667"
"2286457274","2119398588","0.166667"
"2142410337","2286457274","1.16667"
"2286457274","2142410337","1.16667"
"2145344816","2286457274","0.166667"
"2286457274","2145344816","0.166667"
"1604088952","2105436061","0.5"
"2105436061","1604088952","0.5"
"2103406514","2105436061","1"
"2105436061","2103406514","1"
"1604088952","2065259291","1.03333"
"2065259291","1604088952","1.03333"
"1604088952","2109541479","1"
"2109541479","1604088952","1"
"2065259291","2109541479","0.5"
"2109541479","2065259291","0.5"
"1604088952","975351372","0.833333"
"975351372","1604088952","0.833333"
"2103406514","975351372","0.583333"
"975351372","2103406514","0.583333"
"2286457274","975351372","0.333333"
"975351372","2286457274","0.333333"
"1604088952","2333422415","0.75"
"2333422415","1604088952","0.75"
"2333422415","2343086240","0.5"
"2343086240","2333422415","0.5"
"1604088952","2061997922","0.25"
"2061997922","1604088952","0.25"
"1604088952","2144768285","0.5"
"2144768285","1604088952","0.5"
"2061997922","2119398588","0.583333"
"2119398588","2061997922","0.583333"
"2061997922","2142410337","2.08333"
"2142410337","2061997922","2.08333"
"2061997922","2144768285","0.416667"
"2144768285","2061997922","0.416667"
"1604088952","2422676813","1.75"
"2422676813","1604088952","1.75"
"2103406514","2422676813","1.75"
"2422676813","2103406514","1.75"
"2065259291","2103406514","0.333333"
"2103406514","2065259291","0.333333"
"2065259291","2286457274","0.333333"
"2286457274","2065259291","0.333333"
"2059132017","975351372","0.25"
"975351372","2059132017","0.25"
"2142410337","975351372","0.25"
"975351372","2142410337","0.25"
"2144768285","975351372","0.25"
"975351372","2144768285","0.25"
"2103406514","2333422415","0.25"
"2333422415","2103406514","0.25"
"2333422415","2422676813","0.25"
"2422676813","2333422415","0.25"
"2333422415","975351372","0.25"
"975351372","2333422415","0.25"
"2422676813","975351372","0.25"
"975351372","2422676813","0.25"
"1604088952","2097184821","0.5"
"2097184821","1604088952","0.5"
"2097184821","2109541479","0.5"
"2109541479","2097184821","0.5"
"1969752030","2065259291","0.2"
"2065259291","1969752030","0.2"
"2065259291","2147579672","0.2"
"2147579672","2065259291","0.2"
"2065259291","2343086240","0.2"
"2343086240","2065259291","0.2"
"2065259291","2582558662","0.2"
"2582558662","2065259291","0.2"
"1604088952","2413139494","1"
"2413139494","1604088952","1"
"163398234","2116434582","1.23333"
"2116434582","163398234","1.23333"
"163398234","2146831356","1.23333"
"2146831356","163398234","1.23333"
"163398234","2156892372","3.23333"
"2156892372","163398234","3.23333"
"2116434582","2146831356","84.8679"
"2146831356","2116434582","84.8679"
"2116434582","2156892372","3.06667"
"2156892372","2116434582","3.06667"
"2146831356","2156892372","3.06667"
"2156892372","2146831356","3.06667"
"163398234","2026808466","0.5"
"2026808466","163398234","0.5"
"163398234","2041763948","0.5"
"2041763948","163398234","0.5"
"2026808466","2041763948","3.4"
"2041763948","2026808466","3.4"
"163398234","2169712975","0.7"
"2169712975","163398234","0.7"
"2156892372","2169712975","1.9"
"2169712975","2156892372","1.9"
"163398234","2101496601","0.2"
"2101496601","163398234","0.2"
"163398234","2138414767","0.2"
"2138414767","163398234","0.2"
