"110562955","136907812","0.434524"
"136907812","110562955","0.434524"
"110562955","2005545412","0.434524"
"2005545412","110562955","0.434524"
"110562955","2082359527","0.434524"
"2082359527","110562955","0.434524"
"110562955","2134557008","0.434524"
"2134557008","110562955","0.434524"
"110562955","2152784831","0.434524"
"2152784831","110562955","0.434524"
"110562955","2162432120","0.434524"
"2162432120","110562955","0.434524"
"136907812","2005545412","1.25397"
"2005545412","136907812","1.25397"
"136907812","2082359527","0.920635"
"2082359527","136907812","0.920635"
"136907812","2134557008","1.39683"
"2134557008","136907812","1.39683"
"136907812","2152784831","1.25397"
"2152784831","136907812","1.25397"
"136907812","2162432120","1.2873"
"2162432120","136907812","1.2873"
"2005545412","2082359527","3.79683"
"2082359527","2005545412","3.79683"
"2005545412","2134557008","5.64683"
"2134557008","2005545412","5.64683"
"2005545412","2152784831","1.9873"
"2152784831","2005545412","1.9873"
"2005545412","2162432120","3.6873"
"2162432120","2005545412","3.6873"
"2082359527","2134557008","6.41517"
"2134557008","2082359527","6.41517"
"2082359527","2152784831","2.10565"
"2152784831","2082359527","2.10565"
"2082359527","2162432120","3.02232"
"2162432120","2082359527","3.02232"
"2134557008","2152784831","9.98697"
"2152784831","2134557008","9.98697"
"2134557008","2162432120","4.58898"
"2162432120","2134557008","4.58898"
"2152784831","2162432120","3.63898"
"2162432120","2152784831","3.63898"
"110562955","2165806612","1"
"2165806612","110562955","1"
"110562955","1838897829","0.125"
"1838897829","110562955","0.125"
"110562955","2162697159","0.267857"
"2162697159","110562955","0.267857"
"136907812","1838897829","0.125"
"1838897829","136907812","0.125"
"136907812","2162697159","0.896825"
"2162697159","136907812","0.896825"
"1838897829","2005545412","1.10833"
"2005545412","1838897829","1.10833"
"1838897829","2082359527","0.875"
"2082359527","1838897829","0.875"
"1838897829","2134557008","1.025"
"2134557008","1838897829","1.025"
"1838897829","2152784831","0.125"
"2152784831","1838897829","0.125"
"1838897829","2162432120","0.125"
"2162432120","1838897829","0.125"
"1838897829","2162697159","1.525"
"2162697159","1838897829","1.525"
"2005545412","2162697159","7.78016"
"2162697159","2005545412","7.78016"
"2082359527","2162697159","3.99851"
"2162697159","2082359527","3.99851"
"2134557008","2162697159","18.3497"
"2162697159","2134557008","18.3497"
"2152784831","2162697159","10.5235"
"2162697159","2152784831","10.5235"
"2162432120","2162697159","4.55565"
"2162697159","2162432120","4.55565"
"136907812","1964348731","0.309524"
"1964348731","136907812","0.309524"
"136907812","2046902062","0.561111"
"2046902062","136907812","0.561111"
"136907812","2130520240","3.2"
"2130520240","136907812","3.2"
"136907812","2136542423","1.71786"
"2136542423","136907812","1.71786"
"136907812","2168859760","0.842857"
"2168859760","136907812","0.842857"
"1964348731","2046902062","6.40119"
"2046902062","1964348731","6.40119"
"1964348731","2130520240","1.47619"
"2130520240","1964348731","1.47619"
"1964348731","2136542423","80.8254"
"2136542423","1964348731","80.8254"
"1964348731","2162432120","4.18025"
"2162432120","1964348731","4.18025"
"1964348731","2168859760","14.5342"
"2168859760","1964348731","14.5342"
"2046902062","2130520240","2.06667"
"2130520240","2046902062","2.06667"
"2046902062","2136542423","19.2464"
"2136542423","2046902062","19.2464"
"2046902062","2162432120","31.9313"
"2162432120","2046902062","31.9313"
"2046902062","2168859760","6.95952"
"2168859760","2046902062","6.95952"
"2130520240","2136542423","10.3762"
"2136542423","2130520240","10.3762"
"2130520240","2162432120","1.04286"
"2162432120","2130520240","1.04286"
"2130520240","2168859760","1.67619"
"2168859760","2130520240","1.67619"
"2136542423","2162432120","13.5012"
"2162432120","2136542423","13.5012"
"2136542423","2168859760","19.1539"
"2168859760","2136542423","19.1539"
"2162432120","2168859760","4.24692"
"2168859760","2162432120","4.24692"
"136907812","1966093341","0.194444"
"1966093341","136907812","0.194444"
"136907812","2032854262","0.0833333"
"2032854262","136907812","0.0833333"
"136907812","2087696423","0.194444"
"2087696423","136907812","0.194444"
"136907812","2142769902","0.0833333"
"2142769902","136907812","0.0833333"
"1966093341","2005545412","1.01111"
"2005545412","1966093341","1.01111"
"1966093341","2032854262","0.22549"
"2032854262","1966093341","0.22549"
"1966093341","2046902062","5.68135"
"2046902062","1966093341","5.68135"
"1966093341","2082359527","0.586601"
"2082359527","1966093341","0.586601"
"1966093341","2087696423","0.536601"
"2087696423","1966093341","0.536601"
"1966093341","2134557008","4.48779"
"2134557008","1966093341","4.48779"
"1966093341","2136542423","13.2298"
"2136542423","1966093341","13.2298"
"1966093341","2142769902","13.2321"
"2142769902","1966093341","13.2321"
"1966093341","2152784831","1.60446"
"2152784831","1966093341","1.60446"
"1966093341","2162432120","2.34017"
"2162432120","1966093341","2.34017"
"1966093341","2162697159","0.596125"
"2162697159","1966093341","0.596125"
"2005545412","2032854262","3.56667"
"2032854262","2005545412","3.56667"
"2005545412","2046902062","0.965873"
"2046902062","2005545412","0.965873"
"2005545412","2087696423","8.42778"
"2087696423","2005545412","8.42778"
"2005545412","2136542423","4.93929"
"2136542423","2005545412","4.93929"
"2005545412","2142769902","0.438095"
"2142769902","2005545412","0.438095"
"2032854262","2046902062","0.416667"
"2046902062","2032854262","0.416667"
"2032854262","2082359527","0.618347"
"2082359527","2032854262","0.618347"
"2032854262","2087696423","5.31835"
"2087696423","2032854262","5.31835"
"2032854262","2134557008","1.93501"
"2134557008","2032854262","1.93501"
"2032854262","2136542423","1.87619"
"2136542423","2032854262","1.87619"
"2032854262","2142769902","0.166667"
"2142769902","2032854262","0.166667"
"2032854262","2152784831","0.285014"
"2152784831","2032854262","0.285014"
"2032854262","2162432120","0.651681"
"2162432120","2032854262","0.651681"
"2032854262","2162697159","0.651681"
"2162697159","2032854262","0.651681"
"2046902062","2082359527","0.277778"
"2082359527","2046902062","0.277778"
"2046902062","2087696423","0.527778"
"2087696423","2046902062","0.527778"
"2046902062","2134557008","6.12064"
"2134557008","2046902062","6.12064"
"2046902062","2142769902","8.475"
"2142769902","2046902062","8.475"
"2046902062","2152784831","2.02778"
"2152784831","2046902062","2.02778"
"2046902062","2162697159","1.89444"
"2162697159","2046902062","1.89444"
"2082359527","2087696423","0.979458"
"2087696423","2082359527","0.979458"
"2082359527","2136542423","2.82738"
"2136542423","2082359527","2.82738"
"2082359527","2142769902","0.166667"
"2142769902","2082359527","0.166667"
"2087696423","2134557008","4.54612"
"2134557008","2087696423","4.54612"
"2087696423","2136542423","2.87619"
"2136542423","2087696423","2.87619"
"2087696423","2142769902","0.166667"
"2142769902","2087696423","0.166667"
"2087696423","2152784831","0.396125"
"2152784831","2087696423","0.396125"
"2087696423","2162432120","2.26279"
"2162432120","2087696423","2.26279"
"2087696423","2162697159","0.762792"
"2162697159","2087696423","0.762792"
"2134557008","2136542423","36.8512"
"2136542423","2134557008","36.8512"
"2134557008","2142769902","1.05119"
"2142769902","2134557008","1.05119"
"2136542423","2142769902","9.63929"
"2142769902","2136542423","9.63929"
"2136542423","2152784831","10.7658"
"2152784831","2136542423","10.7658"
"2136542423","2162697159","13.6405"
"2162697159","2136542423","13.6405"
"2142769902","2152784831","0.684524"
"2152784831","2142769902","0.684524"
"2142769902","2162432120","5.3869"
"2162432120","2142769902","5.3869"
"2142769902","2162697159","0.283333"
"2162697159","2142769902","0.283333"
"136907812","1972594981","0.5"
"1972594981","136907812","0.5"
"1972594981","2130520240","8.03333"
"2130520240","1972594981","8.03333"
"136907812","2068905009","0.47619"
"2068905009","136907812","0.47619"
"136907812","2087743880","0.333333"
"2087743880","136907812","0.333333"
"2068905009","2087743880","0.933333"
"2087743880","2068905009","0.933333"
"2068905009","2130520240","2.92619"
"2130520240","2068905009","2.92619"
"2087743880","2130520240","0.333333"
"2130520240","2087743880","0.333333"
"136907812","2071780887","0.333333"
"2071780887","136907812","0.333333"
"2071780887","2130520240","1.47619"
"2130520240","2071780887","1.47619"
"2071780887","2136542423","2.33333"
"2136542423","2071780887","2.33333"
"136907812","2045966063","0.142857"
"2045966063","136907812","0.142857"
"1964348731","2045966063","0.892857"
"2045966063","1964348731","0.892857"
"1964348731","2068905009","96.035"
"2068905009","1964348731","96.035"
"1964348731","2134557008","9.29292"
"2134557008","1964348731","9.29292"
"1964348731","2162697159","5.79692"
"2162697159","1964348731","5.79692"
"2045966063","2068905009","0.22619"
"2068905009","2045966063","0.22619"
"2045966063","2134557008","0.22619"
"2134557008","2045966063","0.22619"
"2045966063","2136542423","1.42619"
"2136542423","2045966063","1.42619"
"2045966063","2162697159","0.142857"
"2162697159","2045966063","0.142857"
"2045966063","2168859760","0.342857"
"2168859760","2045966063","0.342857"
"2068905009","2134557008","5.8255"
"2134557008","2068905009","5.8255"
"2068905009","2136542423","113.173"
"2136542423","2068905009","113.173"
"2068905009","2162697159","1.65525"
"2162697159","2068905009","1.65525"
"2068905009","2168859760","11.2556"
"2168859760","2068905009","11.2556"
"2134557008","2168859760","1.74967"
"2168859760","2134557008","1.74967"
"2162697159","2168859760","2.40168"
"2168859760","2162697159","2.40168"
"136907812","2129971563","0.333333"
"2129971563","136907812","0.333333"
"2129971563","2130520240","1.37619"
"2130520240","2129971563","1.37619"
"2129971563","2136542423","15.2099"
"2136542423","2129971563","15.2099"
"136907812","2799232306","0.125"
"2799232306","136907812","0.125"
"2005545412","2799232306","0.125"
"2799232306","2005545412","0.125"
"2082359527","2799232306","0.625"
"2799232306","2082359527","0.625"
"2134557008","2799232306","1.125"
"2799232306","2134557008","1.125"
"2136542423","2799232306","3.20833"
"2799232306","2136542423","3.20833"
"2152784831","2799232306","0.125"
"2799232306","2152784831","0.125"
"2162432120","2799232306","1.20833"
"2799232306","2162432120","1.20833"
"2162697159","2799232306","0.125"
"2799232306","2162697159","0.125"
"1494141893","2120170839","4"
"2120170839","1494141893","4"
"1503496634","1521076983","7"
"1521076983","1503496634","7"
"1503496634","1964348731","1"
"1964348731","1503496634","1"
"1503496634","2068905009","1"
"2068905009","1503496634","1"
"1521076983","1964348731","0.333333"
"1964348731","1521076983","0.333333"
"1521076983","2068905009","1.16667"
"2068905009","1521076983","1.16667"
"1521076983","2136542423","1.33333"
"2136542423","1521076983","1.33333"
"1521076983","2040466507","0.333333"
"2040466507","1521076983","0.333333"
"1521076983","2197919320","0.333333"
"2197919320","1521076983","0.333333"
"2040466507","2068905009","2"
"2068905009","2040466507","2"
"2040466507","2197919320","2.98333"
"2197919320","2040466507","2.98333"
"2068905009","2197919320","11.137"
"2197919320","2068905009","11.137"
"1521076983","1972594981","0.5"
"1972594981","1521076983","0.5"
"1972594981","2068905009","59.9845"
"2068905009","1972594981","59.9845"
"1521076983","2128834557","0.5"
"2128834557","1521076983","0.5"
"1521076983","586637197","0.5"
"586637197","1521076983","0.5"
"2128834557","586637197","0.916667"
"586637197","2128834557","0.916667"
"1523471781","2040466507","0.2"
"2040466507","1523471781","0.2"
"1523471781","2129294185","0.2"
"2129294185","1523471781","0.2"
"1523471781","2145071407","0.2"
"2145071407","1523471781","0.2"
"1523471781","2147008127","0.2"
"2147008127","1523471781","0.2"
"1523471781","2157470625","0.2"
"2157470625","1523471781","0.2"
"2040466507","2129294185","5.97778"
"2129294185","2040466507","5.97778"
"2040466507","2145071407","0.311111"
"2145071407","2040466507","0.311111"
"2040466507","2147008127","0.2"
"2147008127","2040466507","0.2"
"2040466507","2157470625","0.2"
"2157470625","2040466507","0.2"
"2129294185","2145071407","36.1782"
"2145071407","2129294185","36.1782"
"2129294185","2147008127","0.2"
"2147008127","2129294185","0.2"
"2129294185","2157470625","13.05"
"2157470625","2129294185","13.05"
"2145071407","2147008127","0.2"
"2147008127","2145071407","0.2"
"2145071407","2157470625","11.7242"
"2157470625","2145071407","11.7242"
"2147008127","2157470625","0.2"
"2157470625","2147008127","0.2"
"1576083876","2124784993","6.25"
"2124784993","1576083876","6.25"
"1576083876","2112247328","0.5"
"2112247328","1576083876","0.5"
"1576083876","2134557008","0.5"
"2134557008","1576083876","0.5"
"2112247328","2134557008","1.58608"
"2134557008","2112247328","1.58608"
"1576083876","1972594981","1.25"
"1972594981","1576083876","1.25"
"1576083876","2052088591","0.5"
"2052088591","1576083876","0.5"
"1972594981","2052088591","13.3254"
"2052088591","1972594981","13.3254"
"1576083876","2136542423","1"
"2136542423","1576083876","1"
"1576083876","2168859760","0.25"
"2168859760","1576083876","0.25"
"1972594981","2124784993","0.75"
"2124784993","1972594981","0.75"
"1972594981","2136542423","72.0655"
"2136542423","1972594981","72.0655"
"1972594981","2168859760","16.7432"
"2168859760","1972594981","16.7432"
"2124784993","2136542423","0.75"
"2136542423","2124784993","0.75"
"2124784993","2168859760","0.25"
"2168859760","2124784993","0.25"
"1576083876","1992380306","1"
"1992380306","1576083876","1"
"1576083876","2145071407","1"
"2145071407","1576083876","1"
"1576083876","2046902062","0.25"
"2046902062","1576083876","0.25"
"1576083876","2068905009","0.25"
"2068905009","1576083876","0.25"
"1576083876","2129971563","0.25"
"2129971563","1576083876","0.25"
"2046902062","2068905009","6.52262"
"2068905009","2046902062","6.52262"
"2046902062","2129971563","1.4381"
"2129971563","2046902062","1.4381"
"2068905009","2129971563","13.2266"
"2129971563","2068905009","13.2266"
"1576083876","2129294185","1"
"2129294185","1576083876","1"
"1576083876","2046608357","0.5"
"2046608357","1576083876","0.5"
"2046608357","2124784993","0.5"
"2124784993","2046608357","0.5"
"1576083876","2038917359","0.5"
"2038917359","1576083876","0.5"
"2038917359","2124784993","0.5"
"2124784993","2038917359","0.5"
"1593420896","1972594981","1"
"1972594981","1593420896","1"
"1593420896","1964348731","0.333333"
"1964348731","1593420896","0.333333"
"1593420896","2136542423","0.333333"
"2136542423","1593420896","0.333333"
"1593420896","2143561480","1.33333"
"2143561480","1593420896","1.33333"
"1964348731","2143561480","3.533"
"2143561480","1964348731","3.533"
"2136542423","2143561480","9.67461"
"2143561480","2136542423","9.67461"
"1593420896","2068905009","1"
"2068905009","1593420896","1"
"2068905009","2143561480","5.23343"
"2143561480","2068905009","5.23343"
"1593420896","1983768313","0.333333"
"1983768313","1593420896","0.333333"
"1593420896","2048716023","0.333333"
"2048716023","1593420896","0.333333"
"1593420896","2112247328","0.333333"
"2112247328","1593420896","0.333333"
"1983768313","2048716023","2.33333"
"2048716023","1983768313","2.33333"
"1983768313","2112247328","0.333333"
"2112247328","1983768313","0.333333"
"2048716023","2112247328","0.333333"
"2112247328","2048716023","0.333333"
"1594180669","2162432120","1"
"2162432120","1594180669","1"
"1602102908","2087696423","0.333333"
"2087696423","1602102908","0.333333"
"1602102908","2150461699","0.333333"
"2150461699","1602102908","0.333333"
"1602102908","2165806612","0.333333"
"2165806612","1602102908","0.333333"
"2087696423","2150461699","0.333333"
"2150461699","2087696423","0.333333"
"2087696423","2165806612","2.39216"
"2165806612","2087696423","2.39216"
"2150461699","2165806612","0.333333"
"2165806612","2150461699","0.333333"
"1602102908","2157470625","1"
"2157470625","1602102908","1"
"1602102908","2021042039","1"
"2021042039","1602102908","1"
"1838897829","1964348731","0.2"
"1964348731","1838897829","0.2"
"1838897829","1966093341","0.2"
"1966093341","1838897829","0.2"
"1838897829","1972594981","1.2"
"1972594981","1838897829","1.2"
"1838897829","2046902062","0.45"
"2046902062","1838897829","0.45"
"1838897829","2136542423","0.9"
"2136542423","1838897829","0.9"
"1838897829","2142769902","0.45"
"2142769902","1838897829","0.45"
"1838897829","2168859760","0.2"
"2168859760","1838897829","0.2"
"1964348731","1966093341","22.2862"
"1966093341","1964348731","22.2862"
"1964348731","1972594981","49.6389"
"1972594981","1964348731","49.6389"
"1964348731","2005545412","0.554762"
"2005545412","1964348731","0.554762"
"1964348731","2142769902","15.0369"
"2142769902","1964348731","15.0369"
"1966093341","1972594981","13.2643"
"1972594981","1966093341","13.2643"
"1966093341","2168859760","8.80525"
"2168859760","1966093341","8.80525"
"1972594981","2005545412","2.81667"
"2005545412","1972594981","2.81667"
"1972594981","2046902062","15.6714"
"2046902062","1972594981","15.6714"
"1972594981","2134557008","16.8"
"2134557008","1972594981","16.8"
"1972594981","2142769902","6.95476"
"2142769902","1972594981","6.95476"
"1972594981","2162697159","9.54286"
"2162697159","1972594981","9.54286"
"2005545412","2168859760","1.27143"
"2168859760","2005545412","1.27143"
"2142769902","2168859760","5.50119"
"2168859760","2142769902","5.50119"
"1838897829","2032854262","1.78333"
"2032854262","1838897829","1.78333"
"1972594981","2082359527","4.5"
"2082359527","1972594981","4.5"
"1838897829","2087696423","0.333333"
"2087696423","1838897829","0.333333"
"1838897829","2130780865","0.25"
"2130780865","1838897829","0.25"
"1972594981","2130780865","0.75"
"2130780865","1972594981","0.75"
"2046902062","2130780865","0.25"
"2130780865","2046902062","0.25"
"2130780865","2142769902","0.25"
"2142769902","2130780865","0.25"
"1972594981","2032854262","0.5"
"2032854262","1972594981","0.5"
"1964348731","2088822034","0.552747"
"2088822034","1964348731","0.552747"
"1964348731","2197919320","8.1703"
"2197919320","1964348731","8.1703"
"1972594981","2088822034","1.75275"
"2088822034","1972594981","1.75275"
"1972594981","2197919320","6.4706"
"2197919320","1972594981","6.4706"
"2046902062","2088822034","1.16667"
"2088822034","2046902062","1.16667"
"2046902062","2197919320","1.40476"
"2197919320","2046902062","1.40476"
"2068905009","2088822034","0.552747"
"2088822034","2068905009","0.552747"
"2088822034","2130520240","0.366667"
"2130520240","2088822034","0.366667"
"2088822034","2197919320","0.252747"
"2197919320","2088822034","0.252747"
"2130520240","2197919320","0.166667"
"2197919320","2130520240","0.166667"
"1964348731","1997211290","2.60278"
"1997211290","1964348731","2.60278"
"1964348731","2105981469","8.87149"
"2105981469","1964348731","8.87149"
"1964348731","2108168165","2.88611"
"2108168165","1964348731","2.88611"
"1964348731","2128834557","5.24957"
"2128834557","1964348731","5.24957"
"1964348731","2162746367","8.62338"
"2162746367","1964348731","8.62338"
"1972594981","1997211290","3.31111"
"1997211290","1972594981","3.31111"
"1972594981","2105981469","5.56386"
"2105981469","1972594981","5.56386"
"1972594981","2108168165","3.34444"
"2108168165","1972594981","3.34444"
"1972594981","2128834557","0.947192"
"2128834557","1972594981","0.947192"
"1972594981","2162746367","11.6329"
"2162746367","1972594981","11.6329"
"1997211290","2068905009","7.18611"
"2068905009","1997211290","7.18611"
"1997211290","2105981469","5.15278"
"2105981469","1997211290","5.15278"
"1997211290","2108168165","8.15278"
"2108168165","1997211290","8.15278"
"1997211290","2128834557","0.111111"
"2128834557","1997211290","0.111111"
"1997211290","2134557008","0.111111"
"2134557008","1997211290","0.111111"
"1997211290","2136542423","7.90278"
"2136542423","1997211290","7.90278"
"1997211290","2162746367","0.694444"
"2162746367","1997211290","0.694444"
"2068905009","2105981469","5.37982"
"2105981469","2068905009","5.37982"
"2068905009","2108168165","2.16944"
"2108168165","2068905009","2.16944"
"2068905009","2128834557","1.84957"
"2128834557","2068905009","1.84957"
"2068905009","2162746367","19.5234"
"2162746367","2068905009","19.5234"
"2105981469","2108168165","44.8694"
"2108168165","2105981469","44.8694"
"2105981469","2128834557","1.26624"
"2128834557","2105981469","1.26624"
"2105981469","2134557008","1.89768"
"2134557008","2105981469","1.89768"
"2105981469","2136542423","11.7377"
"2136542423","2105981469","11.7377"
"2105981469","2162746367","0.901954"
"2162746367","2105981469","0.901954"
"2108168165","2128834557","0.111111"
"2128834557","2108168165","0.111111"
"2108168165","2134557008","0.611111"
"2134557008","2108168165","0.611111"
"2108168165","2136542423","8.55278"
"2136542423","2108168165","8.55278"
"2108168165","2162746367","2.11111"
"2162746367","2108168165","2.11111"
"2128834557","2134557008","0.397192"
"2134557008","2128834557","0.397192"
"2128834557","2136542423","2.33291"
"2136542423","2128834557","2.33291"
"2128834557","2162746367","0.197192"
"2162746367","2128834557","0.197192"
"2134557008","2162746367","4.29957"
"2162746367","2134557008","4.29957"
"2136542423","2162746367","55.2067"
"2162746367","2136542423","55.2067"
"1964348731","2052088591","35.091"
"2052088591","1964348731","35.091"
"2052088591","2068905009","15.4203"
"2068905009","2052088591","15.4203"
"2052088591","2136542423","8.53529"
"2136542423","2052088591","8.53529"
"2052088591","2162432120","1.54692"
"2162432120","2052088591","1.54692"
"2052088591","2162746367","1.2956"
"2162746367","2052088591","1.2956"
"2052088591","2197919320","5.35721"
"2197919320","2052088591","5.35721"
"2068905009","2162432120","7.35168"
"2162432120","2068905009","7.35168"
"2136542423","2197919320","11.4686"
"2197919320","2136542423","11.4686"
"2162432120","2162746367","0.5"
"2162746367","2162432120","0.5"
"2162432120","2197919320","1.19335"
"2197919320","2162432120","1.19335"
"2162746367","2197919320","3.74084"
"2197919320","2162746367","3.74084"
"1964348731","2017677203","1.08333"
"2017677203","1964348731","1.08333"
"1964348731","2071780887","2.58333"
"2071780887","1964348731","2.58333"
"1964348731","2156982127","0.583333"
"2156982127","1964348731","0.583333"
"2017677203","2068905009","1.58333"
"2068905009","2017677203","1.58333"
"2017677203","2071780887","5.25"
"2071780887","2017677203","5.25"
"2017677203","2156982127","1.08333"
"2156982127","2017677203","1.08333"
"2068905009","2071780887","2.91667"
"2071780887","2068905009","2.91667"
"2068905009","2156982127","1.58333"
"2156982127","2068905009","1.58333"
"2071780887","2156982127","0.75"
"2156982127","2071780887","0.75"
"1964348731","2127452535","8.62351"
"2127452535","1964348731","8.62351"
"1964348731","2155516811","2.03846"
"2155516811","1964348731","2.03846"
"2127452535","2155516811","2"
"2155516811","2127452535","2"
"1964348731","2114900318","10.7397"
"2114900318","1964348731","10.7397"
"2068905009","2114900318","7.28968"
"2114900318","2068905009","7.28968"
"1964348731","2100866419","7.05119"
"2100866419","1964348731","7.05119"
"1966093341","2068905009","9.03144"
"2068905009","1966093341","9.03144"
"1966093341","2100866419","1.35119"
"2100866419","1966093341","1.35119"
"1966093341","2162746367","0.942857"
"2162746367","1966093341","0.942857"
"1972594981","2100866419","0.642857"
"2100866419","1972594981","0.642857"
"2068905009","2100866419","1.55119"
"2100866419","2068905009","1.55119"
"2100866419","2136542423","1.30119"
"2136542423","2100866419","1.30119"
"2100866419","2162697159","0.142857"
"2162697159","2100866419","0.142857"
"2100866419","2162746367","0.392857"
"2162746367","2100866419","0.392857"
"2162697159","2162746367","2.6381"
"2162746367","2162697159","2.6381"
"1964348731","2001306626","2.21667"
"2001306626","1964348731","2.21667"
"1964348731","2129971563","9.43489"
"2129971563","1964348731","9.43489"
"2001306626","2068905009","1.88333"
"2068905009","2001306626","1.88333"
"2001306626","2129971563","1.49286"
"2129971563","2001306626","1.49286"
"2001306626","2136542423","7.36667"
"2136542423","2001306626","7.36667"
"1964348731","2129294185","3.39048"
"2129294185","1964348731","3.39048"
"1964348731","2166900514","2.21032"
"2166900514","1964348731","2.21032"
"1972594981","2129294185","5.51465"
"2129294185","1972594981","5.51465"
"1972594981","2166900514","1.00275"
"2166900514","1972594981","1.00275"
"2129294185","2166900514","6.32937"
"2166900514","2129294185","6.32937"
"1964348731","1976719972","1.06667"
"1976719972","1964348731","1.06667"
"1964348731","2112247328","4.10477"
"2112247328","1964348731","4.10477"
"1976719972","2068905009","1.2"
"2068905009","1976719972","1.2"
"1976719972","2105981469","5.4"
"2105981469","1976719972","5.4"
"1976719972","2108168165","2.66667"
"2108168165","1976719972","2.66667"
"1976719972","2112247328","0.333333"
"2112247328","1976719972","0.333333"
"1976719972","2136542423","1.28333"
"2136542423","1976719972","1.28333"
"2068905009","2112247328","2.16941"
"2112247328","2068905009","2.16941"
"2105981469","2112247328","1.68608"
"2112247328","2105981469","1.68608"
"2108168165","2112247328","0.7"
"2112247328","2108168165","0.7"
"2112247328","2136542423","3.46386"
"2136542423","2112247328","3.46386"
"1964348731","2150461699","3.09091"
"2150461699","1964348731","3.09091"
"2129971563","2150461699","0.5"
"2150461699","2129971563","0.5"
"2129971563","2168859760","1.12775"
"2168859760","2129971563","1.12775"
"2136542423","2150461699","2.78333"
"2150461699","2136542423","2.78333"
"2150461699","2168859760","1.16667"
"2168859760","2150461699","1.16667"
"1964348731","2152784831","3.658"
"2152784831","1964348731","3.658"
"1966093341","2052088591","8.52549"
"2052088591","1966093341","8.52549"
"1972594981","2152784831","2.49799"
"2152784831","1972594981","2.49799"
"2052088591","2134557008","2.48062"
"2134557008","2052088591","2.48062"
"2052088591","2142769902","9.70714"
"2142769902","2052088591","9.70714"
"2052088591","2152784831","2.27348"
"2152784831","2052088591","2.27348"
"2052088591","2168859760","5.28538"
"2168859760","2052088591","5.28538"
"1964348731","2131381130","3.4706"
"2131381130","1964348731","3.4706"
"1972594981","2129971563","8.11941"
"2129971563","1972594981","8.11941"
"1972594981","2131381130","8.7206"
"2131381130","1972594981","8.7206"
"2068905009","2131381130","8.76227"
"2131381130","2068905009","8.76227"
"2129971563","2131381130","2.21108"
"2131381130","2129971563","2.21108"
"1976719972","2128834557","0.2"
"2128834557","1976719972","0.2"
"2129971563","2162746367","3.52656"
"2162746367","2129971563","3.52656"
"1966093341","2071780887","1"
"2071780887","1966093341","1"
"2129971563","2142769902","1.94643"
"2142769902","2129971563","1.94643"
"1964348731","2165806612","2.34967"
"2165806612","1964348731","2.34967"
"2068905009","2165806612","1.34967"
"2165806612","2068905009","1.34967"
"2105981469","2165806612","51.833"
"2165806612","2105981469","51.833"
"2108168165","2165806612","49.2"
"2165806612","2108168165","49.2"
"2136542423","2165806612","2.22418"
"2165806612","2136542423","2.22418"
"1964348731","2099194852","2.45238"
"2099194852","1964348731","2.45238"
"2052088591","2099194852","1.22619"
"2099194852","2052088591","1.22619"
"2068905009","2099194852","2.78571"
"2099194852","2068905009","2.78571"
"1972594981","2162432120","13.8964"
"2162432120","1972594981","13.8964"
"2046902062","2052088591","1.1369"
"2052088591","2046902062","1.1369"
"2152784831","2162746367","0.381319"
"2162746367","2152784831","0.381319"
"2068905009","2142769902","6.19881"
"2142769902","2068905009","6.19881"
"1966093341","2105981469","0.801681"
"2105981469","1966093341","0.801681"
"2068905009","2127452535","5.48065"
"2127452535","2068905009","5.48065"
"2127452535","2136542423","6.69563"
"2136542423","2127452535","6.69563"
"1964348731","2008425387","0.755952"
"2008425387","1964348731","0.755952"
"1964348731","2071165012","1.15833"
"2071165012","1964348731","1.15833"
"1997211290","2008425387","0.375"
"2008425387","1997211290","0.375"
"1997211290","2071165012","1.625"
"2071165012","1997211290","1.625"
"1997211290","2197919320","0.791667"
"2197919320","1997211290","0.791667"
"2008425387","2068905009","0.755952"
"2068905009","2008425387","0.755952"
"2008425387","2071165012","0.125"
"2071165012","2008425387","0.125"
"2008425387","2105981469","0.172619"
"2105981469","2008425387","0.172619"
"2008425387","2108168165","0.125"
"2108168165","2008425387","0.125"
"2008425387","2136542423","2.33929"
"2136542423","2008425387","2.33929"
"2008425387","2197919320","4.17262"
"2197919320","2008425387","4.17262"
"2068905009","2071165012","1.325"
"2071165012","2068905009","1.325"
"2071165012","2105981469","10.6583"
"2105981469","2071165012","10.6583"
"2071165012","2108168165","6.29167"
"2108168165","2071165012","6.29167"
"2071165012","2136542423","2.625"
"2136542423","2071165012","2.625"
"2071165012","2197919320","0.291667"
"2197919320","2071165012","0.291667"
"2105981469","2197919320","5.32467"
"2197919320","2105981469","5.32467"
"2108168165","2197919320","4.54167"
"2197919320","2108168165","4.54167"
"1964348731","1978800831","1.50397"
"1978800831","1964348731","1.50397"
"1964348731","2114681441","0.396825"
"2114681441","1964348731","0.396825"
"1966093341","1978800831","0.142857"
"1978800831","1966093341","0.142857"
"1966093341","2114681441","0.142857"
"2114681441","1966093341","0.142857"
"1966093341","2128834557","0.72619"
"2128834557","1966093341","0.72619"
"1978800831","2068905009","1.25397"
"2068905009","1978800831","1.25397"
"1978800831","2105981469","0.142857"
"2105981469","1978800831","0.142857"
"1978800831","2114681441","0.253968"
"2114681441","1978800831","0.253968"
"1978800831","2128834557","2.14286"
"2128834557","1978800831","2.14286"
"1978800831","2136542423","1.92063"
"2136542423","1978800831","1.92063"
"2068905009","2114681441","0.563492"
"2114681441","2068905009","0.563492"
"2105981469","2114681441","0.285714"
"2114681441","2105981469","0.285714"
"2114681441","2128834557","0.285714"
"2128834557","2114681441","0.285714"
"2114681441","2136542423","0.563492"
"2136542423","2114681441","0.563492"
"2052088591","2127452535","3.60565"
"2127452535","2052088591","3.60565"
"2127452535","2134557008","1.0862"
"2134557008","2127452535","1.0862"
"2017677203","2114900318","0.5"
"2114900318","2017677203","0.5"
"2114900318","2128834557","2.53333"
"2128834557","2114900318","2.53333"
"1966093341","2127452535","4.00287"
"2127452535","1966093341","4.00287"
"1966093341","2129971563","0.975"
"2129971563","1966093341","0.975"
"2100866419","2127452535","1.125"
"2127452535","2100866419","1.125"
"2100866419","2129971563","0.291667"
"2129971563","2100866419","0.291667"
"2127452535","2129971563","0.791667"
"2129971563","2127452535","0.791667"
"1964348731","2146907956","1.0206"
"2146907956","1964348731","1.0206"
"1972594981","2146907956","2.35394"
"2146907956","1972594981","2.35394"
"2052088591","2131381130","0.812271"
"2131381130","2052088591","0.812271"
"2052088591","2146907956","1.85394"
"2146907956","2052088591","1.85394"
"2068905009","2146907956","1.0206"
"2146907956","2068905009","1.0206"
"2131381130","2136542423","5.00275"
"2136542423","2131381130","5.00275"
"2131381130","2146907956","0.353938"
"2146907956","2131381130","0.353938"
"2131381130","2162432120","0.60119"
"2162432120","2131381130","0.60119"
"2131381130","2197919320","35.8539"
"2197919320","2131381130","35.8539"
"2136542423","2146907956","0.877747"
"2146907956","2136542423","0.877747"
"2146907956","2162432120","1.76786"
"2162432120","2146907956","1.76786"
"2146907956","2197919320","1.85394"
"2197919320","2146907956","1.85394"
"2128834557","2131381130","0.752747"
"2131381130","2128834557","0.752747"
"1964348731","20077218","0.25"
"20077218","1964348731","0.25"
"1964348731","2107610218","2.15758"
"2107610218","1964348731","2.15758"
"1964348731","2113855231","2.45758"
"2113855231","1964348731","2.45758"
"1964348731","2166008115","1.98846"
"2166008115","1964348731","1.98846"
"20077218","2052088591","0.25"
"2052088591","20077218","0.25"
"20077218","2107610218","0.25"
"2107610218","20077218","0.25"
"20077218","2113855231","0.25"
"2113855231","20077218","0.25"
"20077218","2129294185","0.25"
"2129294185","20077218","0.25"
"20077218","2166008115","0.583333"
"2166008115","20077218","0.583333"
"2052088591","2107610218","0.990909"
"2107610218","2052088591","0.990909"
"2052088591","2113855231","0.790909"
"2113855231","2052088591","0.790909"
"2052088591","2129294185","2.47937"
"2129294185","2052088591","2.47937"
"2052088591","2166008115","0.488462"
"2166008115","2052088591","0.488462"
"2107610218","2113855231","12.0409"
"2113855231","2107610218","12.0409"
"2107610218","2129294185","4.99091"
"2129294185","2107610218","4.99091"
"2107610218","2166008115","8.11667"
"2166008115","2107610218","8.11667"
"2113855231","2129294185","3.37424"
"2129294185","2113855231","3.37424"
"2113855231","2166008115","1.03333"
"2166008115","2113855231","1.03333"
"2129294185","2166008115","1.82179"
"2166008115","2129294185","1.82179"
"2052088591","2105981469","4.66276"
"2105981469","2052088591","4.66276"
"2052088591","2114681441","0.420635"
"2114681441","2052088591","0.420635"
"2052088591","2128834557","0.678938"
"2128834557","2052088591","0.678938"
"2052088591","2130520240","0.342857"
"2130520240","2052088591","0.342857"
"2105981469","2130520240","0.142857"
"2130520240","2105981469","0.142857"
"2114681441","2130520240","0.142857"
"2130520240","2114681441","0.142857"
"2128834557","2130520240","0.142857"
"2130520240","2128834557","0.142857"
"1972594981","2112247328","2.83608"
"2112247328","1972594981","2.83608"
"2112247328","2129294185","11.6738"
"2129294185","2112247328","11.6738"
"1978800831","2052088591","0.861111"
"2052088591","1978800831","0.861111"
"1964348731","2168084958","1.16667"
"2168084958","1964348731","1.16667"
"2150461699","2168084958","25.0833"
"2168084958","2150461699","25.0833"
"1964348731","2170714718","1.04762"
"2170714718","1964348731","1.04762"
"2114900318","2127452535","0.694444"
"2127452535","2114900318","0.694444"
"2114900318","2136542423","4.93016"
"2136542423","2114900318","4.93016"
"1972594981","2166008115","0.871795"
"2166008115","1972594981","0.871795"
"2099194852","2129971563","0.309524"
"2129971563","2099194852","0.309524"
"2099194852","2136542423","2.86905"
"2136542423","2099194852","2.86905"
"2099194852","2162697159","0.309524"
"2162697159","2099194852","0.309524"
"2099194852","2162746367","0.47619"
"2162746367","2099194852","0.47619"
"2129971563","2162697159","1.07738"
"2162697159","2129971563","1.07738"
"2129971563","2143561480","0.524176"
"2143561480","2129971563","0.524176"
"2143561480","2162746367","1.52418"
"2162746367","2143561480","1.52418"
"2052088591","2114900318","2.76349"
"2114900318","2052088591","2.76349"
"2114900318","2134557008","0.2"
"2134557008","2114900318","0.2"
"2127452535","2142769902","4.43452"
"2142769902","2127452535","4.43452"
"1964348731","2126793736","0.599573"
"2126793736","1964348731","0.599573"
"1978800831","2114900318","0.111111"
"2114900318","1978800831","0.111111"
"1978800831","2126793736","0.111111"
"2126793736","1978800831","0.111111"
"1978800831","2127452535","0.111111"
"2127452535","1978800831","0.111111"
"1978800831","2197919320","0.111111"
"2197919320","1978800831","0.111111"
"2052088591","2126793736","0.149573"
"2126793736","2052088591","0.149573"
"2068905009","2126793736","0.399573"
"2126793736","2068905009","0.399573"
"2114681441","2114900318","0.111111"
"2114900318","2114681441","0.111111"
"2114681441","2126793736","0.111111"
"2126793736","2114681441","0.111111"
"2114681441","2127452535","0.277778"
"2127452535","2114681441","0.277778"
"2114681441","2197919320","0.111111"
"2197919320","2114681441","0.111111"
"2114900318","2126793736","0.111111"
"2126793736","2114900318","0.111111"
"2114900318","2197919320","3.36111"
"2197919320","2114900318","3.36111"
"2126793736","2127452535","0.111111"
"2127452535","2126793736","0.111111"
"2126793736","2136542423","3.31624"
"2136542423","2126793736","3.31624"
"2126793736","2197919320","0.482906"
"2197919320","2126793736","0.482906"
"2127452535","2197919320","0.753268"
"2197919320","2127452535","0.753268"
"1972594981","2127452535","1.78571"
"2127452535","1972594981","1.78571"
"2127452535","2152784831","0.326681"
"2152784831","2127452535","0.326681"
"2105981469","2127452535","1.39216"
"2127452535","2105981469","1.39216"
"2127452535","2128834557","1.58333"
"2128834557","2127452535","1.58333"
"1964348731","2135728924","6.78571"
"2135728924","1964348731","6.78571"
"1966093341","2135728924","2.45238"
"2135728924","1966093341","2.45238"
"2135728924","2168859760","0.333333"
"2168859760","2135728924","0.333333"
"2001306626","2100866419","0.866667"
"2100866419","2001306626","0.866667"
"2001306626","2142769902","1.7"
"2142769902","2001306626","1.7"
"2100866419","2142769902","2.15833"
"2142769902","2100866419","2.15833"
"1972594981","2008425387","2.79762"
"2008425387","1972594981","2.79762"
"2008425387","2162746367","1.21429"
"2162746367","2008425387","1.21429"
"1976719972","2165806612","1.83333"
"2165806612","1976719972","1.83333"
"1964348731","2040466507","0.611111"
"2040466507","1964348731","0.611111"
"2040466507","2112247328","26.7944"
"2112247328","2040466507","26.7944"
"2040466507","2150461699","6.2"
"2150461699","2040466507","6.2"
"2040466507","2166008115","27.5833"
"2166008115","2040466507","27.5833"
"2112247328","2150461699","6.45758"
"2150461699","2112247328","6.45758"
"2112247328","2166008115","4.70513"
"2166008115","2112247328","4.70513"
"2150461699","2166008115","3.41667"
"2166008115","2150461699","3.41667"
"2100866419","2168859760","0.541667"
"2168859760","2100866419","0.541667"
"2127452535","2168859760","2.74335"
"2168859760","2127452535","2.74335"
"2131381130","2142769902","0.75"
"2142769902","2131381130","0.75"
"1964348731","1981485659","0.333333"
"1981485659","1964348731","0.333333"
"1964348731","1983305952","0.333333"
"1983305952","1964348731","0.333333"
"1964348731","2116505464","0.333333"
"2116505464","1964348731","0.333333"
"1981485659","1983305952","4.48333"
"1983305952","1981485659","4.48333"
"1981485659","2116505464","0.333333"
"2116505464","1981485659","0.333333"
"1983305952","2116505464","0.333333"
"2116505464","1983305952","0.333333"
"2105981469","2142769902","1.02143"
"2142769902","2105981469","1.02143"
"1972594981","2165806612","2.21941"
"2165806612","1972594981","2.21941"
"2046902062","2105981469","0.771429"
"2105981469","2046902062","0.771429"
"2046902062","2165806612","0.771429"
"2165806612","2046902062","0.771429"
"2142769902","2165806612","0.271429"
"2165806612","2142769902","0.271429"
"2052088591","2071780887","0.5"
"2071780887","2052088591","0.5"
"2068905009","2152784831","0.990142"
"2152784831","2068905009","0.990142"
"1972594981","2114900318","2"
"2114900318","1972594981","2"
"2114900318","2168859760","1.22619"
"2168859760","2114900318","1.22619"
"1964348731","2172192355","0.336081"
"2172192355","1964348731","0.336081"
"2052088591","2172192355","0.336081"
"2172192355","2052088591","0.336081"
"2068905009","2172192355","0.669414"
"2172192355","2068905009","0.669414"
"2099194852","2172192355","0.25"
"2172192355","2099194852","0.25"
"1972594981","2001306626","3.26667"
"2001306626","1972594981","3.26667"
"1964348731","2032854262","0.142157"
"2032854262","1964348731","0.142157"
"1964348731","2082359527","1.30882"
"2082359527","1964348731","1.30882"
"1964348731","2087696423","0.542157"
"2087696423","1964348731","0.542157"
"1964348731","2170610543","1.633"
"2170610543","1964348731","1.633"
"1966093341","2143561480","0.0588235"
"2143561480","1966093341","0.0588235"
"1966093341","2165806612","0.0588235"
"2165806612","1966093341","0.0588235"
"1966093341","2170610543","0.558824"
"2170610543","1966093341","0.558824"
"1966093341","2197919320","0.892157"
"2197919320","1966093341","0.892157"
"2032854262","2052088591","0.0588235"
"2052088591","2032854262","0.0588235"
"2032854262","2068905009","0.142157"
"2068905009","2032854262","0.142157"
"2032854262","2105981469","0.0588235"
"2105981469","2032854262","0.0588235"
"2032854262","2127452535","0.0588235"
