"10885063","2171141701","3"
"2171141701","10885063","3"
"10885063","2107138773","1.5"
"2107138773","10885063","1.5"
"10885063","2167464971","0.5"
"2167464971","10885063","0.5"
"2107138773","2167464971","12.9345"
"2167464971","2107138773","12.9345"
"1103060529","1566527164","0.25"
"1566527164","1103060529","0.25"
"1103060529","2137822999","0.361111"
"2137822999","1103060529","0.361111"
"1103060529","2997640744","0.25"
"2997640744","1103060529","0.25"
"1103060529","752888290","0.861111"
"752888290","1103060529","0.861111"
"1566527164","2137822999","0.45"
"2137822999","1566527164","0.45"
"1566527164","2997640744","0.783333"
"2997640744","1566527164","0.783333"
"1566527164","752888290","0.25"
"752888290","1566527164","0.25"
"2137822999","2997640744","1.06667"
"2997640744","2137822999","1.06667"
"2137822999","752888290","1.12897"
"752888290","2137822999","1.12897"
"2997640744","752888290","0.25"
"752888290","2997640744","0.25"
"1103060529","2107138773","1.5"
"2107138773","1103060529","1.5"
"2107138773","752888290","5.79167"
"752888290","2107138773","5.79167"
"1103060529","2115677675","1"
"2115677675","1103060529","1"
"1103060529","1515594983","0.111111"
"1515594983","1103060529","0.111111"
"1103060529","2005262207","0.111111"
"2005262207","1103060529","0.111111"
"1103060529","2072615238","1.11111"
"2072615238","1103060529","1.11111"
"1103060529","2171141701","0.111111"
"2171141701","1103060529","0.111111"
"1103060529","2226725405","0.111111"
"2226725405","1103060529","0.111111"
"1103060529","2587314106","0.111111"
"2587314106","1103060529","0.111111"
"1103060529","2624997892","0.111111"
"2624997892","1103060529","0.111111"
"1515594983","2005262207","0.111111"
"2005262207","1515594983","0.111111"
"1515594983","2072615238","0.753968"
"2072615238","1515594983","0.753968"
"1515594983","2137822999","0.503968"
"2137822999","1515594983","0.503968"
"1515594983","2171141701","1.8373"
"2171141701","1515594983","1.8373"
"1515594983","2226725405","0.111111"
"2226725405","1515594983","0.111111"
"1515594983","2587314106","0.111111"
"2587314106","1515594983","0.111111"
"1515594983","2624997892","0.111111"
"2624997892","1515594983","0.111111"
"1515594983","752888290","0.111111"
"752888290","1515594983","0.111111"
"2005262207","2072615238","0.361111"
"2072615238","2005262207","0.361111"
"2005262207","2137822999","0.111111"
"2137822999","2005262207","0.111111"
"2005262207","2171141701","0.361111"
"2171141701","2005262207","0.361111"
"2005262207","2226725405","0.361111"
"2226725405","2005262207","0.361111"
"2005262207","2587314106","0.111111"
"2587314106","2005262207","0.111111"
"2005262207","2624997892","0.111111"
"2624997892","2005262207","0.111111"
"2005262207","752888290","0.361111"
"752888290","2005262207","0.361111"
"2072615238","2137822999","1.68849"
"2137822999","2072615238","1.68849"
"2072615238","2171141701","4.10516"
"2171141701","2072615238","4.10516"
"2072615238","2226725405","4.04563"
"2226725405","2072615238","4.04563"
"2072615238","2587314106","1.8373"
"2587314106","2072615238","1.8373"
"2072615238","2624997892","0.111111"
"2624997892","2072615238","0.111111"
"2072615238","752888290","5.4623"
"752888290","2072615238","5.4623"
"2137822999","2171141701","2.47183"
"2171141701","2137822999","2.47183"
"2137822999","2226725405","0.378968"
"2226725405","2137822999","0.378968"
"2137822999","2587314106","0.253968"
"2587314106","2137822999","0.253968"
"2137822999","2624997892","0.111111"
"2624997892","2137822999","0.111111"
"2171141701","2226725405","2.62897"
"2226725405","2171141701","2.62897"
"2171141701","2587314106","0.253968"
"2587314106","2171141701","0.253968"
"2171141701","2624997892","0.111111"
"2624997892","2171141701","0.111111"
"2171141701","752888290","3.37897"
"752888290","2171141701","3.37897"
"2226725405","2587314106","1.0873"
"2587314106","2226725405","1.0873"
"2226725405","2624997892","0.111111"
"2624997892","2226725405","0.111111"
"2226725405","752888290","9.2123"
"752888290","2226725405","9.2123"
"2587314106","2624997892","0.111111"
"2624997892","2587314106","0.111111"
"2587314106","752888290","2.75397"
"752888290","2587314106","2.75397"
"2624997892","752888290","0.111111"
"752888290","2624997892","0.111111"
"117599720","2107138773","0.467857"
"2107138773","117599720","0.467857"
"117599720","2137822999","0.467857"
"2137822999","117599720","0.467857"
"117599720","2171141701","0.467857"
"2171141701","117599720","0.467857"
"117599720","2997640744","0.2"
"2997640744","117599720","0.2"
"117599720","88102734","0.467857"
"88102734","117599720","0.467857"
"2107138773","2137822999","1.63452"
"2137822999","2107138773","1.63452"
"2107138773","2171141701","4.71786"
"2171141701","2107138773","4.71786"
"2107138773","2997640744","0.866667"
"2997640744","2107138773","0.866667"
"2107138773","88102734","1.96786"
"88102734","2107138773","1.96786"
"2137822999","88102734","1.46786"
"88102734","2137822999","1.46786"
"2171141701","2997640744","0.366667"
"2997640744","2171141701","0.366667"
"2171141701","88102734","2.88452"
"88102734","2171141701","2.88452"
"2997640744","88102734","0.616667"
"88102734","2997640744","0.616667"
"117599720","1515594983","0.142857"
"1515594983","117599720","0.142857"
"117599720","2072615238","0.267857"
"2072615238","117599720","0.267857"
"117599720","2167464971","0.267857"
"2167464971","117599720","0.267857"
"1515594983","2107138773","0.142857"
"2107138773","1515594983","0.142857"
"1515594983","2167464971","1.39286"
"2167464971","1515594983","1.39286"
"1515594983","88102734","0.392857"
"88102734","1515594983","0.392857"
"2072615238","2107138773","4.76786"
"2107138773","2072615238","4.76786"
"2072615238","2167464971","1.10119"
"2167464971","2072615238","1.10119"
"2072615238","88102734","3.60119"
"88102734","2072615238","3.60119"
"2137822999","2167464971","1.01786"
"2167464971","2137822999","1.01786"
"2167464971","2171141701","7.51786"
"2171141701","2167464971","7.51786"
"2167464971","88102734","4.35119"
"88102734","2167464971","4.35119"
"117599720","2226725405","0.125"
"2226725405","117599720","0.125"
"117599720","752888290","0.125"
"752888290","117599720","0.125"
"2107138773","2226725405","5.20833"
"2226725405","2107138773","5.20833"
"2167464971","2226725405","1.875"
"2226725405","2167464971","1.875"
"2167464971","752888290","3.79167"
"752888290","2167464971","3.79167"
"2226725405","88102734","1.625"
"88102734","2226725405","1.625"
"752888290","88102734","4.29167"
"88102734","752888290","4.29167"
"1484776859","1567721828","0.2"
"1567721828","1484776859","0.2"
"1484776859","178540987","0.2"
"178540987","1484776859","0.2"
"1484776859","2089618153","0.2"
"2089618153","1484776859","0.2"
"1484776859","268424627","0.2"
"268424627","1484776859","0.2"
"1484776859","334102867","0.2"
"334102867","1484776859","0.2"
"1567721828","178540987","0.2"
"178540987","1567721828","0.2"
"1567721828","2089618153","2.7"
"2089618153","1567721828","2.7"
"1567721828","268424627","1.2"
"268424627","1567721828","1.2"
"1567721828","334102867","5.03333"
"334102867","1567721828","5.03333"
"178540987","2089618153","0.45"
"2089618153","178540987","0.45"
"178540987","268424627","0.2"
"268424627","178540987","0.2"
"178540987","334102867","0.2"
"334102867","178540987","0.2"
"2089618153","268424627","0.45"
"268424627","2089618153","0.45"
"2089618153","334102867","10.95"
"334102867","2089618153","10.95"
"268424627","334102867","0.45"
"334102867","268424627","0.45"
"1484776859","1578973608","0.5"
"1578973608","1484776859","0.5"
"1484776859","2017243522","2.5"
"2017243522","1484776859","2.5"
"1578973608","2017243522","1.5"
"2017243522","1578973608","1.5"
"1486232969","1978876071","0.5"
"1978876071","1486232969","0.5"
"1486232969","268424627","0.5"
"268424627","1486232969","0.5"
"1978876071","268424627","2"
"268424627","1978876071","2"
"1486232969","2017243522","1"
"2017243522","1486232969","1"
"1489628671","1593054802","1.5"
"1593054802","1489628671","1.5"
"1489628671","1974088341","0.5"
"1974088341","1489628671","0.5"
"1593054802","1974088341","7.41667"
"1974088341","1593054802","7.41667"
"1489628671","334102867","2"
"334102867","1489628671","2"
"1489628671","2089618153","1"
"2089618153","1489628671","1"
"1489628671","1567721828","0.333333"
"1567721828","1489628671","0.333333"
"1489628671","2017243522","0.333333"
"2017243522","1489628671","0.333333"
"1489628671","41179424","0.333333"
"41179424","1489628671","0.333333"
"1567721828","2017243522","0.916667"
"2017243522","1567721828","0.916667"
"1567721828","41179424","0.916667"
"41179424","1567721828","0.916667"
"2017243522","41179424","1.91667"
"41179424","2017243522","1.91667"
"1495011550","1533168581","5.5"
"1533168581","1495011550","5.5"
"1495011550","1537696678","1.5"
"1537696678","1495011550","1.5"
"1533168581","1537696678","12.5"
"1537696678","1533168581","12.5"
"1508383841","1566527164","0.5"
"1566527164","1508383841","0.5"
"1508383841","1978876071","0.5"
"1978876071","1508383841","0.5"
"1566527164","1978876071","2.03333"
"1978876071","1566527164","2.03333"
"1508383841","1974088341","1"
"1974088341","1508383841","1"
"1515594983","1978876071","2.33333"
"1978876071","1515594983","2.33333"
"1515594983","2046973285","1.33333"
"2046973285","1515594983","1.33333"
"1978876071","2046973285","5.36667"
"2046973285","1978876071","5.36667"
"1978876071","2171141701","0.333333"
"2171141701","1978876071","0.333333"
"2046973285","2171141701","0.333333"
"2171141701","2046973285","0.333333"
"1515594983","2087740657","1"
"2087740657","1515594983","1"
"1515594983","2577513693","0.5"
"2577513693","1515594983","0.5"
"2072615238","2577513693","0.666667"
"2577513693","2072615238","0.666667"
"1526683831","1578973608","1"
"1578973608","1526683831","1"
"1526683831","2087740657","2.16667"
"2087740657","1526683831","2.16667"
"1526683831","1566527164","0.166667"
"1566527164","1526683831","0.166667"
"1526683831","1593054802","0.166667"
"1593054802","1526683831","0.166667"
"1526683831","2005262207","0.166667"
"2005262207","1526683831","0.166667"
"1526683831","2046973285","0.166667"
"2046973285","1526683831","0.166667"
"1526683831","268424627","0.166667"
"268424627","1526683831","0.166667"
"1566527164","1593054802","1.16667"
"1593054802","1566527164","1.16667"
"1566527164","2005262207","0.166667"
"2005262207","1566527164","0.166667"
"1566527164","2046973285","0.7"
"2046973285","1566527164","0.7"
"1566527164","2087740657","0.366667"
"2087740657","1566527164","0.366667"
"1566527164","268424627","0.166667"
"268424627","1566527164","0.166667"
"1593054802","2005262207","0.166667"
"2005262207","1593054802","0.166667"
"1593054802","2046973285","0.166667"
"2046973285","1593054802","0.166667"
"1593054802","2087740657","0.166667"
"2087740657","1593054802","0.166667"
"1593054802","268424627","3.41667"
"268424627","1593054802","3.41667"
"2005262207","2046973285","0.166667"
"2046973285","2005262207","0.166667"
"2005262207","2087740657","0.166667"
"2087740657","2005262207","0.166667"
"2005262207","268424627","0.166667"
"268424627","2005262207","0.166667"
"2046973285","2087740657","0.866667"
"2087740657","2046973285","0.866667"
"2046973285","268424627","0.166667"
"268424627","2046973285","0.166667"
"2087740657","268424627","0.166667"
"268424627","2087740657","0.166667"
"1526683831","1978876071","1"
"1978876071","1526683831","1"
"1533168581","1596610434","1"
"1596610434","1533168581","1"
"1558500585","2105162149","1"
"2105162149","1558500585","1"
"1978876071","2087740657","1.7"
"2087740657","1978876071","1.7"
"1978876071","2137822999","2.7"
"2137822999","1978876071","2.7"
"1978876071","2997640744","1.53333"
"2997640744","1978876071","1.53333"
"2046973285","2137822999","0.2"
"2137822999","2046973285","0.2"
"2046973285","2997640744","0.533333"
"2997640744","2046973285","0.533333"
"2087740657","2137822999","0.2"
"2137822999","2087740657","0.2"
"2087740657","2997640744","0.2"
"2997640744","2087740657","0.2"
"1566527164","2089618153","1"
"2089618153","1566527164","1"
"1566527164","2167464971","0.5"
"2167464971","1566527164","0.5"
"1566527164","2171141701","0.5"
"2171141701","1566527164","0.5"
"1566527164","1591641789","1"
"1591641789","1566527164","1"
"1567721828","1591641789","1.25"
"1591641789","1567721828","1.25"
"2017243522","2089618153","4.25"
"2089618153","2017243522","4.25"
"2017243522","334102867","2.08333"
"334102867","2017243522","2.08333"
"2089618153","41179424","1.08333"
"41179424","2089618153","1.08333"
"334102867","41179424","2.41667"
"41179424","334102867","2.41667"
"1567721828","1978876071","1"
"1978876071","1567721828","1"
"1567721828","1578973608","0.25"
"1578973608","1567721828","0.25"
"1578973608","1591641789","2.75"
"1591641789","1578973608","2.75"
"1578973608","2089618153","0.75"
"2089618153","1578973608","0.75"
"1578973608","334102867","0.25"
"334102867","1578973608","0.25"
"1591641789","2089618153","1"
"2089618153","1591641789","1"
"1591641789","334102867","0.25"
"334102867","1591641789","0.25"
"1577284331","2171141701","1.5"
"2171141701","1577284331","1.5"
"1577284331","2188366843","0.5"
"2188366843","1577284331","0.5"
"2171141701","2188366843","0.5"
"2188366843","2171141701","0.5"
"1577284331","2137822999","0.25"
"2137822999","1577284331","0.25"
"1577284331","2997640744","0.25"
"2997640744","1577284331","0.25"
"1577284331","67421574","0.25"
"67421574","1577284331","0.25"
"1577284331","88102734","0.25"
"88102734","1577284331","0.25"
"2137822999","67421574","0.25"
"67421574","2137822999","0.25"
"2997640744","67421574","0.25"
"67421574","2997640744","0.25"
"67421574","88102734","0.25"
"88102734","67421574","0.25"
"1577284331","21654102","1"
"21654102","1577284331","1"
"1577284331","2471097540","0.5"
"2471097540","1577284331","0.5"
"1577284331","2585528949","0.666667"
"2585528949","1577284331","0.666667"
"2471097540","2585528949","0.5"
"2585528949","2471097540","0.5"
"1577284331","1830453967","0.166667"
"1830453967","1577284331","0.166667"
"1577284331","2000454347","0.166667"
"2000454347","1577284331","0.166667"
"1577284331","2115677675","0.166667"
"2115677675","1577284331","0.166667"
"1577284331","2592863638","0.166667"
"2592863638","1577284331","0.166667"
"1577284331","2782162959","0.166667"
"2782162959","1577284331","0.166667"
"1830453967","2000454347","22.0611"
"2000454347","1830453967","22.0611"
"1830453967","2115677675","6.06111"
"2115677675","1830453967","6.06111"
"1830453967","2585528949","4.08333"
"2585528949","1830453967","4.08333"
"1830453967","2592863638","0.277778"
"2592863638","1830453967","0.277778"
"1830453967","2782162959","0.416667"
"2782162959","1830453967","0.416667"
"2000454347","2115677675","20.5611"
"2115677675","2000454347","20.5611"
"2000454347","2585528949","23.5833"
"2585528949","2000454347","23.5833"
"2000454347","2592863638","0.277778"
"2592863638","2000454347","0.277778"
"2000454347","2782162959","0.416667"
"2782162959","2000454347","0.416667"
"2115677675","2585528949","10.25"
"2585528949","2115677675","10.25"
"2115677675","2592863638","0.277778"
"2592863638","2115677675","0.277778"
"2115677675","2782162959","0.416667"
"2782162959","2115677675","0.416667"
"2585528949","2592863638","0.166667"
"2592863638","2585528949","0.166667"
"2585528949","2782162959","1.41667"
"2782162959","2585528949","1.41667"
"2592863638","2782162959","0.166667"
"2782162959","2592863638","0.166667"
"1578973608","268424627","1"
"268424627","1578973608","1"
"1591641789","178540987","0.25"
"178540987","1591641789","0.25"
"1591641789","1978876071","0.25"
"1978876071","1591641789","0.25"
"1591641789","2005262207","0.25"
"2005262207","1591641789","0.25"
"178540987","1978876071","0.25"
"1978876071","178540987","0.25"
"178540987","2005262207","0.25"
"2005262207","178540987","0.25"
"1978876071","2005262207","0.25"
"2005262207","1978876071","0.25"
"1978876071","2089618153","0.25"
"2089618153","1978876071","0.25"
"2005262207","2089618153","0.25"
"2089618153","2005262207","0.25"
"1593054802","2089618153","0.916667"
"2089618153","1593054802","0.916667"
"1593054802","334102867","2.91667"
"334102867","1593054802","2.91667"
"1974088341","2089618153","4.75"
"2089618153","1974088341","4.75"
"1974088341","334102867","1.25"
"334102867","1974088341","1.25"
"1593054802","2163699853","1"
"2163699853","1593054802","1"
"2163699853","268424627","5.5"
"268424627","2163699853","5.5"
"1974088341","268424627","0.25"
"268424627","1974088341","0.25"
"1830453967","2075721911","1.47778"
"2075721911","1830453967","1.47778"
"1830453967","21654102","0.311111"
"21654102","1830453967","0.311111"
"1830453967","2188660960","0.644444"
"2188660960","1830453967","0.644444"
"2000454347","2075721911","9.97778"
"2075721911","2000454347","9.97778"
"2000454347","21654102","0.311111"
"21654102","2000454347","0.311111"
"2000454347","2188660960","3.14444"
"2188660960","2000454347","3.14444"
"2075721911","2115677675","3.97778"
"2115677675","2075721911","3.97778"
"2075721911","21654102","0.311111"
"21654102","2075721911","0.311111"
"2075721911","2188660960","2.31111"
"2188660960","2075721911","2.31111"
"2115677675","21654102","0.311111"
"21654102","2115677675","0.311111"
"2115677675","2188660960","1.81111"
"2188660960","2115677675","1.81111"
"21654102","2188660960","0.311111"
"2188660960","21654102","0.311111"
"1830453967","2471097540","0.111111"
"2471097540","1830453967","0.111111"
"1830453967","2522850149","0.944444"
"2522850149","1830453967","0.944444"
"1830453967","2577513693","0.111111"
"2577513693","1830453967","0.111111"
"2000454347","2471097540","0.111111"
"2471097540","2000454347","0.111111"
"2000454347","2522850149","0.777778"
"2522850149","2000454347","0.777778"
"2000454347","2577513693","0.444444"
"2577513693","2000454347","0.444444"
"2075721911","2471097540","0.111111"
"2471097540","2075721911","0.111111"
"2075721911","2522850149","0.111111"
"2522850149","2075721911","0.111111"
"2075721911","2577513693","0.111111"
"2577513693","2075721911","0.111111"
"2075721911","2592863638","0.111111"
"2592863638","2075721911","0.111111"
"2115677675","2471097540","0.111111"
"2471097540","2115677675","0.111111"
"2115677675","2522850149","1.44444"
"2522850149","2115677675","1.44444"
"2115677675","2577513693","1.44444"
"2577513693","2115677675","1.44444"
"21654102","2471097540","0.111111"
"2471097540","21654102","0.111111"
"21654102","2522850149","0.111111"
"2522850149","21654102","0.111111"
"21654102","2577513693","0.111111"
"2577513693","21654102","0.111111"
"21654102","2592863638","0.111111"
"2592863638","21654102","0.111111"
"2188660960","2471097540","0.111111"
"2471097540","2188660960","0.111111"
"2188660960","2522850149","0.111111"
"2522850149","2188660960","0.111111"
"2188660960","2577513693","0.611111"
"2577513693","2188660960","0.611111"
"2188660960","2592863638","0.111111"
"2592863638","2188660960","0.111111"
"2471097540","2522850149","0.111111"
"2522850149","2471097540","0.111111"
"2471097540","2577513693","0.111111"
"2577513693","2471097540","0.111111"
"2471097540","2592863638","0.111111"
"2592863638","2471097540","0.111111"
"2522850149","2577513693","0.111111"
"2577513693","2522850149","0.111111"
"2522850149","2592863638","0.111111"
"2592863638","2522850149","0.111111"
"2577513693","2592863638","0.111111"
"2592863638","2577513693","0.111111"
"2522850149","2585528949","4.16667"
"2585528949","2522850149","4.16667"
"2075721911","2585528949","13.1667"
"2585528949","2075721911","13.1667"
"1830453967","2072615238","0.333333"
"2072615238","1830453967","0.333333"
"2000454347","2072615238","0.333333"
"2072615238","2000454347","0.333333"
"2072615238","2188660960","0.333333"
"2188660960","2072615238","0.333333"
"1974088341","2017243522","4.5"
"2017243522","1974088341","4.5"
"1974088341","2087740657","34"
"2087740657","1974088341","34"
"1974088341","41179424","0.333333"
"41179424","1974088341","0.333333"
"1978876071","2163699853","0.5"
"2163699853","1978876071","0.5"
"1978876071","334102867","1"
"334102867","1978876071","1"
"1978876071","752888290","0.5"
"752888290","1978876071","0.5"
"1978876071","8451425","1"
"8451425","1978876071","1"
"2577513693","2585528949","3"
"2585528949","2577513693","3"
"2000454347","2226725405","1.5"
"2226725405","2000454347","1.5"
"2226725405","2585528949","0.666667"
"2585528949","2226725405","0.666667"
"2000454347","8451425","0.333333"
"8451425","2000454347","0.333333"
"2115677675","8451425","0.333333"
"8451425","2115677675","0.333333"
"2585528949","8451425","0.333333"
"8451425","2585528949","0.333333"
"2188660960","2585528949","3"
"2585528949","2188660960","3"
"2072615238","2997640744","0.666667"
"2997640744","2072615238","0.666667"
"2072615238","2585528949","0.166667"
"2585528949","2072615238","0.166667"
"2167464971","2577513693","0.166667"
"2577513693","2167464971","0.166667"
"2167464971","2585528949","0.166667"
"2585528949","2167464971","0.166667"
"2171141701","2577513693","0.166667"
"2577513693","2171141701","0.166667"
"2171141701","2585528949","0.166667"
"2585528949","2171141701","0.166667"
"2226725405","2577513693","0.166667"
"2577513693","2226725405","0.166667"
"2577513693","752888290","0.166667"
"752888290","2577513693","0.166667"
"2585528949","752888290","1"
"752888290","2585528949","1"
"2587314106","88102734","0.333333"
"88102734","2587314106","0.333333"
"2107138773","2587314106","1.5"
"2587314106","2107138773","1.5"
"2072615238","2624762248","0.142857"
"2624762248","2072615238","0.142857"
"2072615238","2756474467","0.142857"
"2756474467","2072615238","0.142857"
"2137822999","2624762248","0.142857"
"2624762248","2137822999","0.142857"
"2137822999","2756474467","0.142857"
"2756474467","2137822999","0.142857"
"2171141701","2624762248","0.142857"
"2624762248","2171141701","0.142857"
"2171141701","2756474467","0.142857"
"2756474467","2171141701","0.142857"
"2226725405","2624762248","0.142857"
"2624762248","2226725405","0.142857"
"2226725405","2756474467","0.142857"
"2756474467","2226725405","0.142857"
"2587314106","2624762248","0.142857"
"2624762248","2587314106","0.142857"
"2587314106","2756474467","0.142857"
"2756474467","2587314106","0.142857"
"2624762248","2756474467","0.142857"
"2756474467","2624762248","0.142857"
"2624762248","752888290","0.142857"
"752888290","2624762248","0.142857"
"2756474467","752888290","0.142857"
"752888290","2756474467","0.142857"
"2167464971","2997640744","0.166667"
"2997640744","2167464971","0.166667"
"2075721911","752888290","0.333333"
"752888290","2075721911","0.333333"
"2115677675","752888290","0.833333"
"752888290","2115677675","0.833333"
"2107138773","2585528949","1"
"2585528949","2107138773","1"
"2167464971","2587314106","1.25"
"2587314106","2167464971","1.25"
"2188660960","752888290","0.5"
"752888290","2188660960","0.5"
"2226725405","2729324109","0.5"
"2729324109","2226725405","0.5"
"2729324109","752888290","0.5"
"752888290","2729324109","0.5"
"2585528949","88102734","0.5"
"88102734","2585528949","0.5"
