"1139173954","2189344179","1.1"
"2189344179","1139173954","1.1"
"1139173954","1541633479","0.457955"
"1541633479","1139173954","0.457955"
"1139173954","1583657920","0.183333"
"1583657920","1139173954","0.183333"
"1139173954","1589680068","0.591288"
"1589680068","1139173954","0.591288"
"1139173954","1963552650","0.720455"
"1963552650","1139173954","0.720455"
"1139173954","1996449313","0.73869"
"1996449313","1139173954","0.73869"
"1139173954","2027208479","0.820455"
"2027208479","1139173954","0.820455"
"1139173954","2050280962","1.77462"
"2050280962","1139173954","1.77462"
"1139173954","2067013549","0.545833"
"2067013549","1139173954","0.545833"
"1139173954","2119915430","0.5125"
"2119915430","1139173954","0.5125"
"1139173954","2742401914","0.1"
"2742401914","1139173954","0.1"
"1541633479","1583657920","0.183333"
"1583657920","1541633479","0.183333"
"1541633479","1589680068","1.33573"
"1589680068","1541633479","1.33573"
"1541633479","1963552650","0.399621"
"1963552650","1541633479","0.399621"
"1541633479","1996449313","0.1625"
"1996449313","1541633479","0.1625"
"1541633479","2027208479","2.13811"
"2027208479","1541633479","2.13811"
"1541633479","2050280962","0.274621"
"2050280962","1541633479","0.274621"
"1541633479","2067013549","2.32063"
"2067013549","1541633479","2.32063"
"1541633479","2119915430","0.392857"
"2119915430","1541633479","0.392857"
"1541633479","2742401914","0.1"
"2742401914","1541633479","0.1"
"1583657920","1589680068","0.183333"
"1589680068","1583657920","0.183333"
"1583657920","1963552650","0.3"
"1963552650","1583657920","0.3"
"1583657920","1996449313","0.1"
"1996449313","1583657920","0.1"
"1583657920","2027208479","0.183333"
"2027208479","1583657920","0.183333"
"1583657920","2050280962","0.1"
"2050280962","1583657920","0.1"
"1583657920","2067013549","0.183333"
"2067013549","1583657920","0.183333"
"1583657920","2119915430","1.05"
"2119915430","1583657920","1.05"
"1583657920","2742401914","0.1"
"2742401914","1583657920","0.1"
"1589680068","1963552650","0.407955"
"1963552650","1589680068","0.407955"
"1589680068","1996449313","0.1625"
"1996449313","1589680068","0.1625"
"1589680068","2027208479","1.1274"
"2027208479","1589680068","1.1274"
"1589680068","2050280962","0.407955"
"2050280962","1589680068","0.407955"
"1589680068","2067013549","1.01944"
"2067013549","1589680068","1.01944"
"1589680068","2119915430","0.183333"
"2119915430","1589680068","0.183333"
"1589680068","2742401914","0.1"
"2742401914","1589680068","0.1"
"1963552650","1996449313","0.345833"
"1996449313","1963552650","0.345833"
"1963552650","2027208479","1.01212"
"2027208479","1963552650","1.01212"
"1963552650","2050280962","0.657955"
"2050280962","1963552650","0.657955"
"1963552650","2067013549","0.7375"
"2067013549","1963552650","0.7375"
"1963552650","2119915430","0.829167"
"2119915430","1963552650","0.829167"
"1963552650","2742401914","0.1"
"2742401914","1963552650","0.1"
"1996449313","2027208479","0.595833"
"2027208479","1996449313","0.595833"
"1996449313","2050280962","0.929167"
"2050280962","1996449313","0.929167"
"1996449313","2067013549","0.433333"
"2067013549","1996449313","0.433333"
"1996449313","2119915430","0.1"
"2119915430","1996449313","0.1"
"1996449313","2742401914","0.1"
"2742401914","1996449313","0.1"
"2027208479","2050280962","0.907955"
"2050280962","2027208479","0.907955"
"2027208479","2067013549","4.95814"
"2067013549","2027208479","4.95814"
"2027208479","2119915430","0.479167"
"2119915430","2027208479","0.479167"
"2027208479","2742401914","0.1"
"2742401914","2027208479","0.1"
"2050280962","2067013549","0.633333"
"2067013549","2050280962","0.633333"
"2050280962","2119915430","0.166667"
"2119915430","2050280962","0.166667"
"2050280962","2742401914","0.1"
"2742401914","2050280962","0.1"
"2067013549","2119915430","0.4125"
"2119915430","2067013549","0.4125"
"2067013549","2742401914","0.1"
"2742401914","2067013549","0.1"
"2119915430","2742401914","0.1"
"2742401914","2119915430","0.1"
"1139173954","2013441657","1.28712"
"2013441657","1139173954","1.28712"
"1139173954","2040988247","0.620455"
"2040988247","1139173954","0.620455"
"1139173954","2103062148","0.620455"
"2103062148","1139173954","0.620455"
"1963552650","2013441657","1.75379"
"2013441657","1963552650","1.75379"
"1963552650","2040988247","1.15379"
"2040988247","1963552650","1.15379"
"1963552650","2103062148","2.40379"
"2103062148","1963552650","2.40379"
"2013441657","2040988247","0.553788"
"2040988247","2013441657","0.553788"
"2013441657","2103062148","0.553788"
"2103062148","2013441657","0.553788"
"2013441657","2119915430","1.1625"
"2119915430","2013441657","1.1625"
"2040988247","2103062148","1.85776"
"2103062148","2040988247","1.85776"
"2040988247","2119915430","0.583135"
"2119915430","2040988247","0.583135"
"2103062148","2119915430","0.783135"
"2119915430","2103062148","0.783135"
"1139173954","1480607586","0.503788"
"1480607586","1139173954","0.503788"
"1139173954","1497884711","0.257955"
"1497884711","1139173954","0.257955"
"1139173954","1967952982","0.924621"
"1967952982","1139173954","0.924621"
"1139173954","2097045569","0.403788"
"2097045569","1139173954","0.403788"
"1139173954","2183371252","2.66748"
"2183371252","1139173954","2.66748"
"1139173954","72695852","0.853788"
"72695852","1139173954","0.853788"
"1480607586","1497884711","0.744066"
"1497884711","1480607586","0.744066"
"1480607586","1963552650","0.445455"
"1963552650","1480607586","0.445455"
"1480607586","1967952982","1.84803"
"1967952982","1480607586","1.84803"
"1480607586","1996449313","0.145833"
"1996449313","1480607586","0.145833"
"1480607586","2013441657","0.787121"
"2013441657","1480607586","0.787121"
"1480607586","2040988247","0.631566"
"2040988247","1480607586","0.631566"
"1480607586","2050280962","0.257955"
"2050280962","1480607586","0.257955"
"1480607586","2097045569","0.95101"
"2097045569","1480607586","0.95101"
"1480607586","2103062148","0.631566"
"2103062148","1480607586","0.631566"
"1480607586","2183371252","0.257955"
"2183371252","1480607586","0.257955"
"1480607586","72695852","1.52879"
"72695852","1480607586","1.52879"
"1497884711","1963552650","0.382955"
"1963552650","1497884711","0.382955"
"1497884711","1967952982","0.564899"
"1967952982","1497884711","0.564899"
"1497884711","1996449313","0.0833333"
"1996449313","1497884711","0.0833333"
"1497884711","2013441657","0.191288"
"2013441657","1497884711","0.191288"
"1497884711","2040988247","0.619066"
"2040988247","1497884711","0.619066"
"1497884711","2050280962","0.195455"
"2050280962","1497884711","0.195455"
"1497884711","2097045569","0.569066"
"2097045569","1497884711","0.569066"
"1497884711","2103062148","0.819066"
"2103062148","1497884711","0.819066"
"1497884711","2183371252","0.507955"
"2183371252","1497884711","0.507955"
"1497884711","72695852","0.632955"
"72695852","1497884711","0.632955"
"1963552650","1967952982","0.666288"
"1967952982","1963552650","0.666288"
"1963552650","2097045569","0.320455"
"2097045569","1963552650","0.320455"
"1963552650","2183371252","0.357955"
"2183371252","1963552650","0.357955"
"1963552650","72695852","0.845455"
"72695852","1963552650","0.845455"
"1967952982","1996449313","0.495833"
"1996449313","1967952982","0.495833"
"1967952982","2013441657","0.291288"
"2013441657","1967952982","0.291288"
"1967952982","2040988247","0.402399"
"2040988247","1967952982","0.402399"
"1967952982","2050280962","0.874621"
"2050280962","1967952982","0.874621"
"1967952982","2097045569","1.82184"
"2097045569","1967952982","1.82184"
"1967952982","2103062148","0.852399"
"2103062148","1967952982","0.852399"
"1967952982","2183371252","0.228788"
"2183371252","1967952982","0.228788"
"1967952982","72695852","0.649621"
"72695852","1967952982","0.649621"
"1996449313","2013441657","0.245833"
"2013441657","1996449313","0.245833"
"1996449313","2040988247","0.245833"
"2040988247","1996449313","0.245833"
"1996449313","2097045569","0.145833"
"2097045569","1996449313","0.145833"
"1996449313","2103062148","0.245833"
"2103062148","1996449313","0.245833"
"1996449313","2183371252","0.32619"
"2183371252","1996449313","0.32619"
"1996449313","72695852","0.145833"
"72695852","1996449313","0.145833"
"2013441657","2050280962","0.857955"
"2050280962","2013441657","0.857955"
"2013441657","2097045569","0.253788"
"2097045569","2013441657","0.253788"
"2013441657","2183371252","0.707955"
"2183371252","2013441657","0.707955"
"2013441657","72695852","1.54665"
"72695852","2013441657","1.54665"
"2040988247","2050280962","0.357955"
"2050280962","2040988247","0.357955"
"2040988247","2097045569","0.631566"
"2097045569","2040988247","0.631566"
"2040988247","2183371252","0.750812"
"2183371252","2040988247","0.750812"
"2040988247","72695852","0.663312"
"72695852","2040988247","0.663312"
"2050280962","2097045569","0.257955"
"2097045569","2050280962","0.257955"
"2050280962","2103062148","0.357955"
"2103062148","2050280962","0.357955"
"2050280962","2183371252","0.295455"
"2183371252","2050280962","0.295455"
"2050280962","72695852","1.45795"
"72695852","2050280962","1.45795"
"2097045569","2103062148","0.831566"
"2103062148","2097045569","0.831566"
"2097045569","2183371252","0.257955"
"2183371252","2097045569","0.257955"
"2097045569","72695852","0.320455"
"72695852","2097045569","0.320455"
"2103062148","2183371252","0.750812"
"2183371252","2103062148","0.750812"
"2103062148","72695852","0.663312"
"72695852","2103062148","0.663312"
"2183371252","72695852","0.817478"
"72695852","2183371252","0.817478"
"1139173954","2020242820","0.946645"
"2020242820","1139173954","0.946645"
"1139173954","2587678106","1.11748"
"2587678106","1139173954","1.11748"
"1139173954","2809090063","0.250812"
"2809090063","1139173954","0.250812"
"1480607586","1541633479","2.47859"
"1541633479","1480607586","2.47859"
"1480607586","1589680068","1.46073"
"1589680068","1480607586","1.46073"
"1480607586","2020242820","0.995455"
"2020242820","1480607586","0.995455"
"1480607586","2027208479","2.08276"
"2027208479","1480607586","2.08276"
"1480607586","2587678106","0.641288"
"2587678106","1480607586","0.641288"
"1480607586","2809090063","0.911923"
"2809090063","1480607586","0.911923"
"1541633479","1967952982","2.32859"
"1967952982","1541633479","2.32859"
"1541633479","2013441657","0.250812"
"2013441657","1541633479","0.250812"
"1541633479","2020242820","0.975812"
"2020242820","1541633479","0.975812"
"1541633479","2040988247","0.317478"
"2040988247","1541633479","0.317478"
"1541633479","2097045569","0.369066"
"2097045569","1541633479","0.369066"
"1541633479","2103062148","0.317478"
"2103062148","1541633479","0.317478"
"1541633479","2587678106","0.107955"
"2587678106","1541633479","0.107955"
"1541633479","2809090063","1.12978"
"2809090063","1541633479","1.12978"
"1541633479","72695852","1.16867"
"72695852","1541633479","1.16867"
"1589680068","1967952982","1.7274"
"1967952982","1589680068","1.7274"
"1589680068","2013441657","1.35795"
"2013441657","1589680068","1.35795"
"1589680068","2020242820","0.457955"
"2020242820","1589680068","0.457955"
"1589680068","2040988247","0.107955"
"2040988247","1589680068","0.107955"
"1589680068","2097045569","0.427399"
"2097045569","1589680068","0.427399"
"1589680068","2103062148","0.107955"
"2103062148","1589680068","0.107955"
"1589680068","2587678106","0.107955"
"2587678106","1589680068","0.107955"
"1589680068","2809090063","0.444066"
"2809090063","1589680068","0.444066"
"1589680068","72695852","1.69129"
"72695852","1589680068","1.69129"
"1963552650","2020242820","1.89545"
"2020242820","1963552650","1.89545"
"1963552650","2587678106","0.307955"
"2587678106","1963552650","0.307955"
"1963552650","2809090063","0.107955"
"2809090063","1963552650","0.107955"
"1967952982","2020242820","0.766288"
"2020242820","1967952982","0.766288"
"1967952982","2027208479","2.70359"
"2027208479","1967952982","2.70359"
"1967952982","2587678106","0.107955"
"2587678106","1967952982","0.107955"
"1967952982","2809090063","1.81192"
"2809090063","1967952982","1.81192"
"1996449313","2020242820","0.205357"
"2020242820","1996449313","0.205357"
"1996449313","2587678106","0.705357"
"2587678106","1996449313","0.705357"
"1996449313","2809090063","0.205357"
"2809090063","1996449313","0.205357"
"2013441657","2020242820","0.987121"
"2020242820","2013441657","0.987121"
"2013441657","2027208479","0.579978"
"2027208479","2013441657","0.579978"
"2013441657","2587678106","1.50795"
"2587678106","2013441657","1.50795"
"2013441657","2809090063","0.250812"
"2809090063","2013441657","0.250812"
"2020242820","2027208479","0.995455"
"2027208479","2020242820","0.995455"
"2020242820","2040988247","1.16331"
"2040988247","2020242820","1.16331"
"2020242820","2050280962","0.741288"
"2050280962","2020242820","0.741288"
"2020242820","2097045569","0.237121"
"2097045569","2020242820","0.237121"
"2020242820","2103062148","2.16331"
"2103062148","2020242820","2.16331"
"2020242820","2587678106","0.617478"
"2587678106","2020242820","0.617478"
"2020242820","2809090063","0.350812"
"2809090063","2020242820","0.350812"
"2020242820","72695852","1.32165"
"72695852","2020242820","1.32165"
"2027208479","2040988247","0.537121"
"2040988247","2027208479","0.537121"
"2027208479","2097045569","0.756566"
"2097045569","2027208479","0.756566"
"2027208479","2103062148","1.78712"
"2103062148","2027208479","1.78712"
"2027208479","2587678106","0.107955"
"2587678106","2027208479","0.107955"
"2027208479","2809090063","2.55478"
"2809090063","2027208479","2.55478"
"2027208479","72695852","0.671645"
"72695852","2027208479","0.671645"
"2040988247","2587678106","0.107955"
"2587678106","2040988247","0.107955"
"2040988247","2809090063","0.107955"
"2809090063","2040988247","0.107955"
"2050280962","2587678106","0.974621"
"2587678106","2050280962","0.974621"
"2050280962","2809090063","0.107955"
"2809090063","2050280962","0.107955"
"2097045569","2587678106","0.107955"
"2587678106","2097045569","0.107955"
"2097045569","2809090063","0.344066"
"2809090063","2097045569","0.344066"
"2103062148","2587678106","0.107955"
"2587678106","2103062148","0.107955"
"2103062148","2809090063","0.107955"
"2809090063","2103062148","0.107955"
"2587678106","2809090063","0.250812"
"2809090063","2587678106","0.250812"
"2587678106","72695852","0.474621"
"72695852","2587678106","0.474621"
"2809090063","72695852","0.250812"
"72695852","2809090063","0.250812"
"1139173954","2029401066","0.941288"
"2029401066","1139173954","0.941288"
"1139173954","2803900723","0.1"
"2803900723","1139173954","0.1"
"1139173954","2963876734","0.1"
"2963876734","1139173954","0.1"
"1480607586","2029401066","0.385732"
"2029401066","1480607586","0.385732"
"1480607586","2067013549","2.70813"
"2067013549","1480607586","2.70813"
"1480607586","2189344179","0.547222"
"2189344179","1480607586","0.547222"
"1480607586","2803900723","0.1"
"2803900723","1480607586","0.1"
"1480607586","2963876734","0.1"
"2963876734","1480607586","0.1"
"1541633479","2029401066","0.212121"
"2029401066","1541633479","0.212121"
"1541633479","2189344179","0.211111"
"2189344179","1541633479","0.211111"
"1541633479","2803900723","0.1"
"2803900723","1541633479","0.1"
"1541633479","2963876734","0.1"
"2963876734","1541633479","0.1"
"1589680068","2029401066","0.345455"
"2029401066","1589680068","0.345455"
"1589680068","2189344179","0.769444"
"2189344179","1589680068","0.769444"
"1589680068","2803900723","0.1"
"2803900723","1589680068","0.1"
"1589680068","2963876734","0.1"
"2963876734","1589680068","0.1"
"1967952982","2029401066","0.889899"
"2029401066","1967952982","0.889899"
"1967952982","2067013549","3.49564"
"2067013549","1967952982","3.49564"
"1967952982","2189344179","0.447222"
"2189344179","1967952982","0.447222"
"1967952982","2803900723","0.1"
"2803900723","1967952982","0.1"
"1967952982","2963876734","0.1"
"2963876734","1967952982","0.1"
"2027208479","2029401066","0.574621"
"2029401066","2027208479","0.574621"
"2027208479","2189344179","0.436111"
"2189344179","2027208479","0.436111"
"2027208479","2803900723","0.1"
"2803900723","2027208479","0.1"
"2027208479","2963876734","0.1"
"2963876734","2027208479","0.1"
"2029401066","2067013549","0.3625"
"2067013549","2029401066","0.3625"
"2029401066","2189344179","0.211111"
"2189344179","2029401066","0.211111"
"2029401066","2803900723","0.1"
"2803900723","2029401066","0.1"
"2029401066","2963876734","0.1"
"2963876734","2029401066","0.1"
"2067013549","2189344179","0.436111"
"2189344179","2067013549","0.436111"
"2067013549","2803900723","0.1"
"2803900723","2067013549","0.1"
"2067013549","2963876734","0.1"
"2963876734","2067013549","0.1"
"2189344179","2803900723","0.1"
"2803900723","2189344179","0.1"
"2189344179","2963876734","0.1"
"2963876734","2189344179","0.1"
"2803900723","2963876734","4.1"
"2963876734","2803900723","4.1"
"1139173954","2407716591","0.895833"
"2407716591","1139173954","0.895833"
"2183371252","2407716591","0.729167"
"2407716591","2183371252","0.729167"
"1139173954","1494267310","0.129167"
"1494267310","1139173954","0.129167"
"1480607586","1494267310","7.01528"
"1494267310","1480607586","7.01528"
"1480607586","2119915430","1.52361"
"2119915430","1480607586","1.52361"
"1494267310","1497884711","2.02361"
"1497884711","1494267310","2.02361"
"1494267310","1541633479","0.584524"
"1541633479","1494267310","0.584524"
"1494267310","1963552650","0.329167"
"1963552650","1494267310","0.329167"
"1494267310","2020242820","0.272024"
"2020242820","1494267310","0.272024"
"1494267310","2027208479","0.620833"
"2027208479","1494267310","0.620833"
"1494267310","2029401066","0.240278"
"2029401066","1494267310","0.240278"
"1494267310","2040988247","0.583135"
"2040988247","1494267310","0.583135"
"1494267310","2050280962","0.0666667"
"2050280962","1494267310","0.0666667"
"1494267310","2097045569","0.640278"
"2097045569","1494267310","0.640278"
"1494267310","2103062148","0.783135"
"2103062148","1494267310","0.783135"
"1494267310","2119915430","2.48313"
"2119915430","1494267310","2.48313"
"1494267310","2183371252","0.272024"
"2183371252","1494267310","0.272024"
"1494267310","72695852","1.38869"
"72695852","1494267310","1.38869"
"1497884711","1541633479","0.487121"
"1541633479","1497884711","0.487121"
"1497884711","2020242820","0.549621"
"2020242820","1497884711","0.549621"
"1497884711","2027208479","0.299621"
"2027208479","1497884711","0.299621"
"1497884711","2029401066","0.285732"
"2029401066","1497884711","0.285732"
"1497884711","2119915430","0.440278"
"2119915430","1497884711","0.440278"
"1541633479","2183371252","0.254978"
"2183371252","1541633479","0.254978"
"1963552650","2029401066","0.274621"
"2029401066","1963552650","0.274621"
"2020242820","2029401066","0.374621"
"2029401066","2020242820","0.374621"
"2020242820","2119915430","0.272024"
"2119915430","2020242820","0.272024"
"2020242820","2183371252","0.960335"
"2183371252","2020242820","0.960335"
"2027208479","2183371252","0.274621"
"2183371252","2027208479","0.274621"
"2029401066","2040988247","0.385732"
"2040988247","2029401066","0.385732"
"2029401066","2050280962","0.745455"
"2050280962","2029401066","0.745455"
"2029401066","2097045569","0.285732"
"2097045569","2029401066","0.285732"
"2029401066","2103062148","0.385732"
"2103062148","2029401066","0.385732"
"2029401066","2119915430","0.240278"
"2119915430","2029401066","0.240278"
"2029401066","2183371252","0.441288"
"2183371252","2029401066","0.441288"
"2029401066","72695852","0.674621"
"72695852","2029401066","0.674621"
"2097045569","2119915430","0.523611"
"2119915430","2097045569","0.523611"
"2119915430","2183371252","0.272024"
"2183371252","2119915430","0.272024"
"2119915430","72695852","1.63869"
"72695852","2119915430","1.63869"
"2013441657","2407716591","2.62917"
"2407716591","2013441657","2.62917"
"2020242820","2407716591","0.229167"
"2407716591","2020242820","0.229167"
"2050280962","2407716591","0.166667"
"2407716591","2050280962","0.166667"
"2407716591","2587678106","1.9"
"2587678106","2407716591","1.9"
"2407716591","72695852","0.7625"
"72695852","2407716591","0.7625"
"1139173954","1486725353","0.0833333"
"1486725353","1139173954","0.0833333"
"1139173954","2509720793","0.0833333"
"2509720793","1139173954","0.0833333"
"1139173954","2510084706","0.0833333"
"2510084706","1139173954","0.0833333"
"1480607586","1486725353","0.333333"
"1486725353","1480607586","0.333333"
"1480607586","1583657920","0.333333"
"1583657920","1480607586","0.333333"
"1480607586","2509720793","0.0833333"
"2509720793","1480607586","0.0833333"
"1480607586","2510084706","0.687302"
"2510084706","1480607586","0.687302"
"1486725353","1541633479","0.0833333"
"1541633479","1486725353","0.0833333"
"1486725353","1583657920","0.333333"
"1583657920","1486725353","0.333333"
"1486725353","1589680068","0.0833333"
"1589680068","1486725353","0.0833333"
"1486725353","1967952982","0.0833333"
"1967952982","1486725353","0.0833333"
"1486725353","2027208479","0.0833333"
"2027208479","1486725353","0.0833333"
"1486725353","2067013549","0.0833333"
"2067013549","1486725353","0.0833333"
"1486725353","2097045569","0.0833333"
"2097045569","1486725353","0.0833333"
"1486725353","2119915430","0.0833333"
"2119915430","1486725353","0.0833333"
"1486725353","2509720793","0.0833333"
"2509720793","1486725353","0.0833333"
"1486725353","2510084706","0.0833333"
"2510084706","1486725353","0.0833333"
"1541633479","2509720793","0.0833333"
"2509720793","1541633479","0.0833333"
"1541633479","2510084706","1.10516"
"2510084706","1541633479","1.10516"
"1583657920","1967952982","0.0833333"
"1967952982","1583657920","0.0833333"
"1583657920","2097045569","0.0833333"
"2097045569","1583657920","0.0833333"
"1583657920","2509720793","0.0833333"
"2509720793","1583657920","0.0833333"
"1583657920","2510084706","0.0833333"
"2510084706","1583657920","0.0833333"
"1589680068","2509720793","0.0833333"
"2509720793","1589680068","0.0833333"
"1589680068","2510084706","0.419444"
"2510084706","1589680068","0.419444"
"1967952982","2119915430","1.39444"
"2119915430","1967952982","1.39444"
"1967952982","2509720793","0.583333"
"2509720793","1967952982","0.583333"
"1967952982","2510084706","1.5873"
"2510084706","1967952982","1.5873"
"2027208479","2509720793","0.0833333"
"2509720793","2027208479","0.0833333"
"2027208479","2510084706","1.33016"
"2510084706","2027208479","1.33016"
"2067013549","2097045569","0.381944"
"2097045569","2067013549","0.381944"
"2067013549","2509720793","0.583333"
"2509720793","2067013549","0.583333"
"2067013549","2510084706","1.6873"
"2510084706","2067013549","1.6873"
"2097045569","2509720793","0.0833333"
"2509720793","2097045569","0.0833333"
"2097045569","2510084706","0.319444"
"2510084706","2097045569","0.319444"
"2119915430","2509720793","0.0833333"
"2509720793","2119915430","0.0833333"
"2119915430","2510084706","0.0833333"
"2510084706","2119915430","0.0833333"
"2509720793","2510084706","4.91667"
"2510084706","2509720793","4.91667"
"1139173954","133745092","0.295455"
"133745092","1139173954","0.295455"
"133745092","1967952982","0.295455"
"1967952982","133745092","0.295455"
"133745092","1996449313","0.25"
"1996449313","133745092","0.25"
"133745092","2050280962","0.295455"
"2050280962","133745092","0.295455"
"1139173954","2586942681","0.688312"
"2586942681","1139173954","0.688312"
"1139173954","2774912923","0.545455"
"2774912923","1139173954","0.545455"
"2586942681","2774912923","0.545455"
"2774912923","2586942681","0.545455"
"1139173954","2603685486","0.545455"
"2603685486","1139173954","0.545455"
"2183371252","2603685486","0.545455"
"2603685486","2183371252","0.545455"
"1139173954","2587510194","0.166667"
"2587510194","1139173954","0.166667"
"2013441657","2029401066","0.574621"
"2029401066","2013441657","0.574621"
"2013441657","2587510194","0.309524"
"2587510194","2013441657","0.309524"
"2029401066","2407716591","0.229167"
"2407716591","2029401066","0.229167"
"2029401066","2587510194","0.166667"
"2587510194","2029401066","0.166667"
"2183371252","2587510194","0.166667"
"2587510194","2183371252","0.166667"
"2407716591","2587510194","0.166667"
"2587510194","2407716591","0.166667"
"2587510194","72695852","0.309524"
"72695852","2587510194","0.309524"
"1139173954","2409881444","0.142857"
"2409881444","1139173954","0.142857"
"1996449313","2409881444","7.64286"
"2409881444","1996449313","7.64286"
"1996449313","2586942681","0.642857"
"2586942681","1996449313","0.642857"
"2020242820","2409881444","0.142857"
"2409881444","2020242820","0.142857"
"2020242820","2586942681","0.188312"
"2586942681","2020242820","0.188312"
"2183371252","2409881444","0.142857"
"2409881444","2183371252","0.142857"
"2183371252","2586942681","0.188312"
"2586942681","2183371252","0.188312"
"2183371252","2587678106","0.188312"
"2587678106","2183371252","0.188312"
"2183371252","2809090063","0.188312"
"2809090063","2183371252","0.188312"
"2409881444","2586942681","0.642857"
"2586942681","2409881444","0.642857"
"2409881444","2587678106","0.142857"
"2587678106","2409881444","0.142857"
"2409881444","2809090063","0.142857"
"2809090063","2409881444","0.142857"
"2586942681","2587678106","0.188312"
"2587678106","2586942681","0.188312"
"2586942681","2809090063","0.188312"
"2809090063","2586942681","0.188312"
"1480607586","2407716591","3.09583"
"2407716591","1480607586","3.09583"
"1494267310","2013441657","0.629167"
"2013441657","1494267310","0.629167"
"1494267310","2067013549","0.354167"
"2067013549","1494267310","0.354167"
"1494267310","2407716591","2.4625"
"2407716591","1494267310","2.4625"
"1497884711","2067013549","0.1875"
"2067013549","1497884711","0.1875"
"1497884711","2407716591","0.0625"
"2407716591","1497884711","0.0625"
"1963552650","2407716591","1.4625"
"2407716591","1963552650","1.4625"
"2013441657","2067013549","0.229167"
"2067013549","2013441657","0.229167"
"2020242820","2067013549","0.820833"
"2067013549","2020242820","0.820833"
"2027208479","2407716591","0.229167"
"2407716591","2027208479","0.229167"
"2040988247","2067013549","0.0625"
"2067013549","2040988247","0.0625"
"2040988247","2407716591","0.0625"
"2407716591","2040988247","0.0625"
"2067013549","2103062148","0.3125"
"2103062148","2067013549","0.3125"
"2067013549","2183371252","0.0625"
"2183371252","2067013549","0.0625"
"2067013549","2407716591","0.229167"
"2407716591","2067013549","0.229167"
"2067013549","72695852","0.354167"
"72695852","2067013549","0.354167"
"2097045569","2407716591","0.0625"
"2407716591","2097045569","0.0625"
"2103062148","2407716591","0.0625"
"2407716591","2103062148","0.0625"
"2119915430","2407716591","1.49583"
"2407716591","2119915430","1.49583"
"1996449313","2029401066","0.1"
"2029401066","1996449313","0.1"
"1139173954","134269314","0.2"
"134269314","1139173954","0.2"
"134269314","2013441657","0.2"
"2013441657","134269314","0.2"
"134269314","2020242820","0.4"
"2020242820","134269314","0.4"
"134269314","2029401066","0.2"
"2029401066","134269314","0.2"
"134269314","2050280962","0.2"
"2050280962","134269314","0.2"
"133745092","1480607586","0.0454545"
"1480607586","133745092","0.0454545"
"133745092","1497884711","0.0454545"
"1497884711","133745092","0.0454545"
"133745092","1541633479","0.0454545"
"1541633479","133745092","0.0454545"
"133745092","1589680068","0.0454545"
"1589680068","133745092","0.0454545"
"133745092","1963552650","0.0454545"
"1963552650","133745092","0.0454545"
"133745092","2013441657","0.0454545"
"2013441657","133745092","0.0454545"
"133745092","2020242820","0.0454545"
"2020242820","133745092","0.0454545"
"133745092","2027208479","0.0454545"
"2027208479","133745092","0.0454545"
"133745092","2029401066","0.0454545"
"2029401066","133745092","0.0454545"
"133745092","2040988247","0.0454545"
"2040988247","133745092","0.0454545"
"133745092","2097045569","0.0454545"
"2097045569","133745092","0.0454545"
"133745092","2103062148","0.0454545"
"2103062148","133745092","0.0454545"
"133745092","2183371252","0.0454545"
"2183371252","133745092","0.0454545"
"133745092","2586942681","0.0454545"
"2586942681","133745092","0.0454545"
"133745092","2587678106","0.0454545"
"2587678106","133745092","0.0454545"
"133745092","2603685486","0.0454545"
"2603685486","133745092","0.0454545"
"133745092","2774912923","0.0454545"
"2774912923","133745092","0.0454545"
"133745092","2809090063","0.0454545"
"2809090063","133745092","0.0454545"
"133745092","72695852","0.0454545"
"72695852","133745092","0.0454545"
"1480607586","2586942681","0.0454545"
"2586942681","1480607586","0.0454545"
"1480607586","2603685486","0.0454545"
"2603685486","1480607586","0.0454545"
"1480607586","2774912923","0.0454545"
"2774912923","1480607586","0.0454545"
"1497884711","1589680068","0.0454545"
"1589680068","1497884711","0.0454545"
"1497884711","2586942681","0.0454545"
"2586942681","1497884711","0.0454545"
"1497884711","2587678106","0.0454545"
"2587678106","1497884711","0.0454545"
"1497884711","2603685486","0.0454545"
"2603685486","1497884711","0.0454545"
"1497884711","2774912923","0.0454545"
"2774912923","1497884711","0.0454545"
"1497884711","2809090063","0.0454545"
"2809090063","1497884711","0.0454545"
"1541633479","2586942681","0.0454545"
"2586942681","1541633479","0.0454545"
"1541633479","2603685486","0.0454545"
"2603685486","1541633479","0.0454545"
"1541633479","2774912923","0.0454545"
"2774912923","1541633479","0.0454545"
"1589680068","2183371252","0.295455"
"2183371252","1589680068","0.295455"
"1589680068","2586942681","0.245455"
"2586942681","1589680068","0.245455"
"1589680068","2603685486","0.0454545"
"2603685486","1589680068","0.0454545"
"1589680068","2774912923","0.0454545"
"2774912923","1589680068","0.0454545"
"1963552650","2586942681","0.245455"
"2586942681","1963552650","0.245455"
"1963552650","2603685486","0.0454545"
"2603685486","1963552650","0.0454545"
"1963552650","2774912923","0.0454545"
"2774912923","1963552650","0.0454545"
"1967952982","2586942681","0.0454545"
"2586942681","1967952982","0.0454545"
"1967952982","2603685486","0.0454545"
"2603685486","1967952982","0.0454545"
"1967952982","2774912923","0.0454545"
"2774912923","1967952982","0.0454545"
"2013441657","2586942681","0.0454545"
"2586942681","2013441657","0.0454545"
"2013441657","2603685486","0.0454545"
"2603685486","2013441657","0.0454545"
"2013441657","2774912923","0.0454545"
"2774912923","2013441657","0.0454545"
"2020242820","2603685486","0.0454545"
"2603685486","2020242820","0.0454545"
"2020242820","2774912923","0.0454545"
"2774912923","2020242820","0.0454545"
"2027208479","2586942681","0.245455"
"2586942681","2027208479","0.245455"
"2027208479","2603685486","0.0454545"
"2603685486","2027208479","0.0454545"
"2027208479","2774912923","0.0454545"
"2774912923","2027208479","0.0454545"
"2029401066","2586942681","0.0454545"
"2586942681","2029401066","0.0454545"
"2029401066","2587678106","0.0454545"
"2587678106","2029401066","0.0454545"
"2029401066","2603685486","0.0454545"
"2603685486","2029401066","0.0454545"
"2029401066","2774912923","0.0454545"
"2774912923","2029401066","0.0454545"
"2029401066","2809090063","0.0454545"
"2809090063","2029401066","0.0454545"
"2040988247","2586942681","0.0454545"
"2586942681","2040988247","0.0454545"
"2040988247","2603685486","0.0454545"
"2603685486","2040988247","0.0454545"
"2040988247","2774912923","0.0454545"
"2774912923","2040988247","0.0454545"
"2050280962","2586942681","0.245455"
"2586942681","2050280962","0.245455"
"2050280962","2603685486","0.0454545"
"2603685486","2050280962","0.0454545"
"2050280962","2774912923","0.0454545"
"2774912923","2050280962","0.0454545"
"2097045569","2586942681","0.0454545"
"2586942681","2097045569","0.0454545"
"2097045569","2603685486","0.0454545"
"2603685486","2097045569","0.0454545"
"2097045569","2774912923","0.0454545"
"2774912923","2097045569","0.0454545"
"2103062148","2586942681","0.0454545"
"2586942681","2103062148","0.0454545"
"2103062148","2603685486","0.0454545"
"2603685486","2103062148","0.0454545"
"2103062148","2774912923","0.0454545"
"2774912923","2103062148","0.0454545"
"2183371252","2774912923","0.0454545"
"2774912923","2183371252","0.0454545"
"2586942681","2603685486","0.0454545"
"2603685486","2586942681","0.0454545"
"2586942681","72695852","0.0454545"
"72695852","2586942681","0.0454545"
"2587678106","2603685486","0.0454545"
"2603685486","2587678106","0.0454545"
"2587678106","2774912923","0.0454545"
"2774912923","2587678106","0.0454545"
"2603685486","2774912923","0.0454545"
"2774912923","2603685486","0.0454545"
"2603685486","2809090063","0.0454545"
"2809090063","2603685486","0.0454545"
"2603685486","72695852","0.0454545"
"72695852","2603685486","0.0454545"
"2774912923","2809090063","0.0454545"
"2809090063","2774912923","0.0454545"
"2774912923","72695852","0.0454545"
"72695852","2774912923","0.0454545"
"1139173954","2476413401","1"
"2476413401","1139173954","1"
"1139173954","2953296493","1"
"2953296493","1139173954","1"
"1139173954","2289041268","1"
"2289041268","1139173954","1"
"133745092","2476413401","1.33333"
"2476413401","133745092","1.33333"
"133745092","2409881444","0.333333"
"2409881444","133745092","0.333333"
"133745092","2949624945","0.333333"
"2949624945","133745092","0.333333"
"2409881444","2476413401","2.33333"
"2476413401","2409881444","2.33333"
"2409881444","2949624945","0.666667"
"2949624945","2409881444","0.666667"
"2476413401","2949624945","0.333333"
"2949624945","2476413401","0.333333"
"134269314","2103062148","1.2"
"2103062148","134269314","1.2"
"134269314","1963552650","0.2"
"1963552650","134269314","0.2"
"134269314","2040988247","0.2"
"2040988247","134269314","0.2"
"134269314","72695852","0.2"
"72695852","134269314","0.2"
"134269314","1589680068","0.333333"
"1589680068","134269314","0.333333"
"134269314","2057989255","0.333333"
"2057989255","134269314","0.333333"
"134269314","2189344179","0.333333"
"2189344179","134269314","0.333333"
"1589680068","2057989255","0.333333"
"2057989255","1589680068","0.333333"
"2057989255","2189344179","0.333333"
"2189344179","2057989255","0.333333"
"134269314","1939907547","1"
"1939907547","134269314","1"
"134269314","1480607586","0.25"
"1480607586","134269314","0.25"
"134269314","1486725353","0.25"
"1486725353","134269314","0.25"
"134269314","1583657920","0.25"
"1583657920","134269314","0.25"
"134269314","2742804588","0.25"
"2742804588","134269314","0.25"
"1480607586","2742804588","0.717857"
"2742804588","1480607586","0.717857"
"1486725353","2742804588","0.25"
"2742804588","1486725353","0.25"
"1583657920","2742804588","0.25"
"2742804588","1583657920","0.25"
"1494267310","1967952982","0.436111"
"1967952982","1494267310","0.436111"
"1494267310","2189344179","0.444444"
"2189344179","1494267310","0.444444"
"1497884711","2189344179","0.444444"
"2189344179","1497884711","0.444444"
"2040988247","2189344179","0.111111"
"2189344179","2040988247","0.111111"
"2097045569","2189344179","0.347222"
"2189344179","2097045569","0.347222"
"2103062148","2189344179","0.111111"
"2189344179","2103062148","0.111111"
"2119915430","2189344179","0.111111"
"2189344179","2119915430","0.111111"
"2067013549","2809090063","2.80397"
"2809090063","2067013549","2.80397"
"2189344179","2510084706","0.336111"
"2510084706","2189344179","0.336111"
"2189344179","2809090063","0.336111"
"2809090063","2189344179","0.336111"
"2510084706","2809090063","1.74683"
"2809090063","2510084706","1.74683"
"1494267310","2587678106","0.2"
"2587678106","1494267310","0.2"
"2119915430","2587678106","0.4"
"2587678106","2119915430","0.4"
"1541633479","2742804588","0.910714"
"2742804588","1541633479","0.910714"
"1967952982","2742804588","0.967857"
"2742804588","1967952982","0.967857"
"2027208479","2742804588","1.61071"
"2742804588","2027208479","1.61071"
"2067013549","2742804588","1.46786"
"2742804588","2067013549","1.46786"
"2510084706","2742804588","0.910714"
"2742804588","2510084706","0.910714"
"2742804588","2809090063","1.11071"
"2809090063","2742804588","1.11071"
"1494267310","2510084706","0.125"
"2510084706","1494267310","0.125"
"1494267310","2742804588","0.125"
"2742804588","1494267310","0.125"
"1494267310","2809090063","0.125"
"2809090063","1494267310","0.125"
"1480607586","2587510194","0.333333"
"2587510194","1480607586","0.333333"
"1541633479","2587510194","0.47619"
"2587510194","1541633479","0.47619"
"1967952982","2587510194","0.333333"
"2587510194","1967952982","0.333333"
"2020242820","2587510194","0.333333"
"2587510194","2020242820","0.333333"
"2027208479","2587510194","0.47619"
"2587510194","2027208479","0.47619"
"2067013549","2587510194","0.333333"
"2587510194","2067013549","0.333333"
"1480607586","1939907547","0.1"
"1939907547","1480607586","0.1"
"1480607586","2395591212","0.1"
"2395591212","1480607586","0.1"
"1480607586","2587720827","0.1"
"2587720827","1480607586","0.1"
"1589680068","1939907547","0.1"
"1939907547","1589680068","0.1"
"1589680068","2395591212","0.1"
"2395591212","1589680068","0.1"
"1589680068","2587720827","0.1"
"2587720827","1589680068","0.1"
"1939907547","2020242820","0.1"
"2020242820","1939907547","0.1"
"1939907547","2027208479","0.1"
"2027208479","1939907547","0.1"
"1939907547","2067013549","0.1"
"2067013549","1939907547","0.1"
"1939907547","2189344179","0.1"
"2189344179","1939907547","0.1"
"1939907547","2395591212","2.76667"
"2395591212","1939907547","2.76667"
"1939907547","2510084706","0.1"
"2510084706","1939907547","0.1"
"1939907547","2587720827","0.766667"
"2587720827","1939907547","0.766667"
"1939907547","2809090063","0.1"
"2809090063","1939907547","0.1"
"2020242820","2189344179","0.1"
"2189344179","2020242820","0.1"
"2020242820","2395591212","0.1"
"2395591212","2020242820","0.1"
"2020242820","2510084706","0.1"
"2510084706","2020242820","0.1"
"2020242820","2587720827","0.1"
"2587720827","2020242820","0.1"
"2027208479","2395591212","0.1"
"2395591212","2027208479","0.1"
"2027208479","2587720827","0.1"
"2587720827","2027208479","0.1"
"2067013549","2395591212","0.1"
"2395591212","2067013549","0.1"
"2067013549","2587720827","0.1"
"2587720827","2067013549","0.1"
"2189344179","2395591212","0.1"
"2395591212","2189344179","0.1"
"2189344179","2587720827","0.1"
"2587720827","2189344179","0.1"
"2395591212","2510084706","0.1"
"2510084706","2395591212","0.1"
"2395591212","2587720827","0.766667"
"2587720827","2395591212","0.766667"
"2395591212","2809090063","0.1"
"2809090063","2395591212","0.1"
"2510084706","2587720827","0.1"
"2587720827","2510084706","0.1"
"2587720827","2809090063","0.1"
"2809090063","2587720827","0.1"
"1486725353","2040988247","1"
"2040988247","1486725353","1"
"1494267310","1583657920","2.33333"
"1583657920","1494267310","2.33333"
"1583657920","2407716591","0.866667"
"2407716591","1583657920","0.866667"
"1494267310","2587510194","0.333333"
"2587510194","1494267310","0.333333"
"1497884711","2587510194","0.333333"
"2587510194","1497884711","0.333333"
"2189344179","2587510194","0.333333"
"2587510194","2189344179","0.333333"
"2013441657","2510084706","0.142857"
"2510084706","2013441657","0.142857"
"2013441657","2742804588","0.142857"
"2742804588","2013441657","0.142857"
"2510084706","2587510194","0.142857"
"2587510194","2510084706","0.142857"
"2510084706","72695852","0.142857"
"72695852","2510084706","0.142857"
"2587510194","2742804588","0.309524"
"2742804588","2587510194","0.309524"
"2587510194","2809090063","0.142857"
"2809090063","2587510194","0.142857"
"2742804588","72695852","0.142857"
"72695852","2742804588","0.142857"
"1583657920","2013441657","0.333333"
"2013441657","1583657920","0.333333"
"1583657920","2476413401","0.2"
"2476413401","1583657920","0.2"
"1583657920","2587678106","0.2"
"2587678106","1583657920","0.2"
"1963552650","2476413401","0.2"
"2476413401","1963552650","0.2"
"2119915430","2476413401","0.2"
"2476413401","2119915430","0.2"
"2407716591","2476413401","0.2"
"2476413401","2407716591","0.2"
"2476413401","2587678106","0.7"
"2587678106","2476413401","0.7"
"2067013549","2586942681","0.2"
"2586942681","2067013549","0.2"
"1912112509","2509720793","9"
"2509720793","1912112509","9"
"1912112509","2510084706","3"
"2510084706","1912112509","3"
"1939907547","2587510194","0.166667"
"2587510194","1939907547","0.166667"
"1939907547","2736664038","0.166667"
"2736664038","1939907547","0.166667"
"1939907547","2742804588","0.166667"
"2742804588","1939907547","0.166667"
"1939907547","2953296493","0.166667"
"2953296493","1939907547","0.166667"
"2395591212","2587510194","0.166667"
"2587510194","2395591212","0.166667"
