"100050024","1488338708","1.53535"
"1488338708","100050024","1.53535"
"100050024","1496124759","0.315909"
"1496124759","100050024","0.315909"
"100050024","1514780971","0.744444"
"1514780971","100050024","0.744444"
"100050024","1534636449","1.28535"
"1534636449","100050024","1.28535"
"100050024","1577715605","0.62702"
"1577715605","100050024","0.62702"
"100050024","1598491617","0.815909"
"1598491617","100050024","0.815909"
"100050024","2001084165","3.24369"
"2001084165","100050024","3.24369"
"100050024","2063724771","1.81591"
"2063724771","100050024","1.81591"
"100050024","2577421826","0.6"
"2577421826","100050024","0.6"
"100050024","2950397418","0.544444"
"2950397418","100050024","0.544444"
"1488338708","1496124759","0.765909"
"1496124759","1488338708","0.765909"
"1488338708","1514780971","0.911111"
"1514780971","1488338708","0.911111"
"1488338708","1534636449","7.98535"
"1534636449","1488338708","7.98535"
"1488338708","1577715605","2.49369"
"1577715605","1488338708","2.49369"
"1488338708","1598491617","1.76591"
"1598491617","1488338708","1.76591"
"1488338708","2001084165","5.02702"
"2001084165","1488338708","5.02702"
"1488338708","2063724771","1.48258"
"2063724771","1488338708","1.48258"
"1488338708","2577421826","0.1"
"2577421826","1488338708","0.1"
"1488338708","2950397418","0.377778"
"2950397418","1488338708","0.377778"
"1496124759","1514780971","0.633333"
"1514780971","1496124759","0.633333"
"1496124759","1534636449","2.09924"
"1534636449","1496124759","2.09924"
"1496124759","1577715605","1.76591"
"1577715605","1496124759","1.76591"
"1496124759","1598491617","1.29924"
"1598491617","1496124759","1.29924"
"1496124759","2001084165","2.59091"
"2001084165","1496124759","2.59091"
"1496124759","2063724771","0.315909"
"2063724771","1496124759","0.315909"
"1496124759","2577421826","0.1"
"2577421826","1496124759","0.1"
"1496124759","2950397418","0.3"
"2950397418","1496124759","0.3"
"1514780971","1534636449","1.57778"
"1534636449","1514780971","1.57778"
"1514780971","1577715605","3.24444"
"1577715605","1514780971","3.24444"
"1514780971","1598491617","0.633333"
"1598491617","1514780971","0.633333"
"1514780971","2001084165","3.11111"
"2001084165","1514780971","3.11111"
"1514780971","2063724771","0.35"
"2063724771","1514780971","0.35"
"1514780971","2577421826","0.440909"
"2577421826","1514780971","0.440909"
"1514780971","2950397418","18.6877"
"2950397418","1514780971","18.6877"
"1534636449","1577715605","3.82702"
"1577715605","1534636449","3.82702"
"1534636449","1598491617","2.84924"
"1598491617","1534636449","2.84924"
"1534636449","2001084165","6.11035"
"2001084165","1534636449","6.11035"
"1534636449","2063724771","1.98258"
"2063724771","1534636449","1.98258"
"1534636449","2577421826","0.1"
"2577421826","1534636449","0.1"
"1534636449","2950397418","0.377778"
"2950397418","1534636449","0.377778"
"1577715605","1598491617","1.18258"
"1598491617","1577715605","1.18258"
"1577715605","2001084165","2.61869"
"2001084165","1577715605","2.61869"
"1577715605","2063724771","0.482576"
"2063724771","1577715605","0.482576"
"1577715605","2577421826","0.1"
"2577421826","1577715605","0.1"
"1577715605","2950397418","0.377778"
"2950397418","1577715605","0.377778"
"1598491617","2001084165","1.59091"
"2001084165","1598491617","1.59091"
"1598491617","2063724771","0.482576"
"2063724771","1598491617","0.482576"
"1598491617","2577421826","0.35"
"2577421826","1598491617","0.35"
"1598491617","2950397418","0.3"
"2950397418","1598491617","0.3"
"2001084165","2063724771","1.10758"
"2063724771","2001084165","1.10758"
"2001084165","2577421826","0.35"
"2577421826","2001084165","0.35"
"2001084165","2950397418","1.32778"
"2950397418","2001084165","1.32778"
"2063724771","2577421826","1.85"
"2577421826","2063724771","1.85"
"2063724771","2950397418","0.1"
"2950397418","2063724771","0.1"
"2577421826","2950397418","0.190909"
"2950397418","2577421826","0.190909"
"100050024","124511123","1.04348"
"124511123","100050024","1.04348"
"100050024","1504392280","0.0434783"
"1504392280","100050024","0.0434783"
"100050024","1514236929","0.0434783"
"1514236929","100050024","0.0434783"
"100050024","1518928998","0.0434783"
"1518928998","100050024","0.0434783"
"100050024","1534101489","0.0434783"
"1534101489","100050024","0.0434783"
"100050024","1579022713","0.0434783"
"1579022713","100050024","0.0434783"
"100050024","1582705293","0.0434783"
"1582705293","100050024","0.0434783"
"100050024","1976883562","0.0434783"
"1976883562","100050024","0.0434783"
"100050024","1982829328","0.0434783"
"1982829328","100050024","0.0434783"
"100050024","1996475033","0.0434783"
"1996475033","100050024","0.0434783"
"100050024","2019627667","0.0434783"
"2019627667","100050024","0.0434783"
"100050024","2021179554","0.0434783"
"2021179554","100050024","0.0434783"
"100050024","2050529434","0.0434783"
"2050529434","100050024","0.0434783"
"100050024","2055529357","0.0434783"
"2055529357","100050024","0.0434783"
"100050024","2109014781","0.0434783"
"2109014781","100050024","0.0434783"
"100050024","2125718596","0.384387"
"2125718596","100050024","0.384387"
"100050024","2133145607","0.376812"
"2133145607","100050024","0.376812"
"100050024","2560507851","0.0434783"
"2560507851","100050024","0.0434783"
"100050024","2734401556","0.0434783"
"2734401556","100050024","0.0434783"
"100050024","2772142381","0.0434783"
"2772142381","100050024","0.0434783"
"100050024","2901419157","0.0434783"
"2901419157","100050024","0.0434783"
"100050024","2902233794","0.0434783"
"2902233794","100050024","0.0434783"
"100050024","2938143750","0.0434783"
"2938143750","100050024","0.0434783"
"124511123","1504392280","0.887019"
"1504392280","124511123","0.887019"
"124511123","1514236929","1.22528"
"1514236929","124511123","1.22528"
"124511123","1518928998","0.0434783"
"1518928998","124511123","0.0434783"
"124511123","1534101489","0.0961098"
"1534101489","124511123","0.0961098"
"124511123","1579022713","0.0961098"
"1579022713","124511123","0.0961098"
"124511123","1582705293","4.93285"
"1582705293","124511123","4.93285"
"124511123","1976883562","0.0434783"
"1976883562","124511123","0.0434783"
"124511123","1982829328","0.0434783"
"1982829328","124511123","0.0434783"
"124511123","1996475033","0.94611"
"1996475033","124511123","0.94611"
"124511123","2019627667","0.34611"
"2019627667","124511123","0.34611"
"124511123","2021179554","0.543478"
"2021179554","124511123","0.543478"
"124511123","2050529434","0.405978"
"2050529434","124511123","0.405978"
"124511123","2055529357","0.29611"
"2055529357","124511123","0.29611"
"124511123","2109014781","0.29611"
"2109014781","124511123","0.29611"
"124511123","2125718596","0.355978"
"2125718596","124511123","0.355978"
"124511123","2133145607","0.310145"
"2133145607","124511123","0.310145"
"124511123","2560507851","1.00861"
"2560507851","124511123","1.00861"
"124511123","2734401556","0.0434783"
"2734401556","124511123","0.0434783"
"124511123","2772142381","0.0434783"
"2772142381","124511123","0.0434783"
"124511123","2901419157","0.0434783"
"2901419157","124511123","0.0434783"
"124511123","2902233794","0.0434783"
"2902233794","124511123","0.0434783"
"124511123","2938143750","0.0434783"
"2938143750","124511123","0.0434783"
"1504392280","1514236929","1.04611"
"1514236929","1504392280","1.04611"
"1504392280","1518928998","0.0434783"
"1518928998","1504392280","0.0434783"
"1504392280","1534101489","0.0961098"
"1534101489","1504392280","0.0961098"
"1504392280","1579022713","0.0961098"
"1579022713","1504392280","0.0961098"
"1504392280","1582705293","0.387019"
"1582705293","1504392280","0.387019"
"1504392280","1976883562","0.0434783"
"1976883562","1504392280","0.0434783"
"1504392280","1982829328","0.0434783"
"1982829328","1504392280","0.0434783"
"1504392280","1996475033","0.34611"
"1996475033","1504392280","0.34611"
"1504392280","2019627667","0.0961098"
"2019627667","1504392280","0.0961098"
"1504392280","2021179554","0.0434783"
"2021179554","1504392280","0.0434783"
"1504392280","2050529434","0.543478"
"2050529434","1504392280","0.543478"
"1504392280","2055529357","0.29611"
"2055529357","1504392280","0.29611"
"1504392280","2109014781","0.29611"
"2109014781","1504392280","0.29611"
"1504392280","2125718596","0.293478"
"2125718596","1504392280","0.293478"
"1504392280","2133145607","0.0434783"
"2133145607","1504392280","0.0434783"
"1504392280","2560507851","0.34611"
"2560507851","1504392280","0.34611"
"1504392280","2734401556","0.0434783"
"2734401556","1504392280","0.0434783"
"1504392280","2772142381","0.0434783"
"2772142381","1504392280","0.0434783"
"1504392280","2901419157","0.0434783"
"2901419157","1504392280","0.0434783"
"1504392280","2902233794","0.0434783"
"2902233794","1504392280","0.0434783"
"1504392280","2938143750","0.0434783"
"2938143750","1504392280","0.0434783"
"1514236929","1518928998","0.571256"
"1518928998","1514236929","0.571256"
"1514236929","1534101489","0.734999"
"1534101489","1514236929","0.734999"
"1514236929","1579022713","0.0961098"
"1579022713","1514236929","0.0961098"
"1514236929","1582705293","1.35702"
"1582705293","1514236929","1.35702"
"1514236929","1976883562","0.0434783"
"1976883562","1514236929","0.0434783"
"1514236929","1982829328","0.0434783"
"1982829328","1514236929","0.0434783"
"1514236929","1996475033","0.0961098"
"1996475033","1514236929","0.0961098"
"1514236929","2019627667","0.623888"
"2019627667","1514236929","0.623888"
"1514236929","2021179554","0.0434783"
"2021179554","1514236929","0.0434783"
"1514236929","2050529434","0.305978"
"2050529434","1514236929","0.305978"
"1514236929","2055529357","0.407221"
"2055529357","1514236929","0.407221"
"1514236929","2109014781","0.407221"
"2109014781","1514236929","0.407221"
"1514236929","2125718596","0.105978"
"2125718596","1514236929","0.105978"
"1514236929","2133145607","0.321256"
"2133145607","1514236929","0.321256"
"1514236929","2560507851","0.15861"
"2560507851","1514236929","0.15861"
"1514236929","2734401556","0.0434783"
"2734401556","1514236929","0.0434783"
"1514236929","2772142381","0.0434783"
"2772142381","1514236929","0.0434783"
"1514236929","2901419157","0.0434783"
"2901419157","1514236929","0.0434783"
"1514236929","2902233794","0.0434783"
"2902233794","1514236929","0.0434783"
"1514236929","2938143750","0.0434783"
"2938143750","1514236929","0.0434783"
"1518928998","1534101489","0.571256"
"1534101489","1518928998","0.571256"
"1518928998","1579022713","0.0434783"
"1579022713","1518928998","0.0434783"
"1518928998","1582705293","0.571256"
"1582705293","1518928998","0.571256"
"1518928998","1976883562","0.0434783"
"1976883562","1518928998","0.0434783"
"1518928998","1982829328","0.0434783"
"1982829328","1518928998","0.0434783"
"1518928998","1996475033","0.0434783"
"1996475033","1518928998","0.0434783"
"1518928998","2019627667","0.571256"
"2019627667","1518928998","0.571256"
"1518928998","2021179554","0.0434783"
"2021179554","1518928998","0.0434783"
"1518928998","2050529434","0.0434783"
"2050529434","1518928998","0.0434783"
"1518928998","2055529357","0.154589"
"2055529357","1518928998","0.154589"
"1518928998","2109014781","0.154589"
"2109014781","1518928998","0.154589"
"1518928998","2125718596","0.0434783"
"2125718596","1518928998","0.0434783"
"1518928998","2133145607","0.210145"
"2133145607","1518928998","0.210145"
"1518928998","2560507851","0.0434783"
"2560507851","1518928998","0.0434783"
"1518928998","2734401556","0.0434783"
"2734401556","1518928998","0.0434783"
"1518928998","2772142381","0.0434783"
"2772142381","1518928998","0.0434783"
"1518928998","2901419157","0.0434783"
"2901419157","1518928998","0.0434783"
"1518928998","2902233794","0.0434783"
"2902233794","1518928998","0.0434783"
"1518928998","2938143750","0.0434783"
"2938143750","1518928998","0.0434783"
"1534101489","1579022713","0.19611"
"1579022713","1534101489","0.19611"
"1534101489","1582705293","1.63619"
"1582705293","1534101489","1.63619"
"1534101489","1976883562","0.0434783"
"1976883562","1534101489","0.0434783"
"1534101489","1982829328","0.0434783"
"1982829328","1534101489","0.0434783"
"1534101489","1996475033","0.5723"
"1996475033","1534101489","0.5723"
"1534101489","2019627667","1.10008"
"2019627667","1534101489","1.10008"
"1534101489","2021179554","0.886335"
"2021179554","1534101489","0.886335"
"1534101489","2050529434","0.0434783"
"2050529434","1534101489","0.0434783"
"1534101489","2055529357","0.575078"
"2055529357","1534101489","0.575078"
"1534101489","2109014781","0.665554"
"2109014781","1534101489","0.665554"
"1534101489","2125718596","0.411335"
"2125718596","1534101489","0.411335"
"1534101489","2133145607","0.321256"
"2133145607","1534101489","0.321256"
"1534101489","2560507851","0.5723"
"2560507851","1534101489","0.5723"
"1534101489","2734401556","0.0434783"
"2734401556","1534101489","0.0434783"
"1534101489","2772142381","0.186335"
"2772142381","1534101489","0.186335"
"1534101489","2901419157","0.0434783"
"2901419157","1534101489","0.0434783"
"1534101489","2902233794","0.0434783"
"2902233794","1534101489","0.0434783"
"1534101489","2938143750","0.0434783"
"2938143750","1534101489","0.0434783"
"1579022713","1582705293","0.19611"
"1582705293","1579022713","0.19611"
"1579022713","1976883562","0.0434783"
"1976883562","1579022713","0.0434783"
"1579022713","1982829328","0.0434783"
"1982829328","1579022713","0.0434783"
"1579022713","1996475033","0.19611"
"1996475033","1579022713","0.19611"
"1579022713","2019627667","0.0961098"
"2019627667","1579022713","0.0961098"
"1579022713","2021179554","0.476812"
"2021179554","1579022713","0.476812"
"1579022713","2050529434","0.0434783"
"2050529434","1579022713","0.0434783"
"1579022713","2055529357","0.462777"
"2055529357","1579022713","0.462777"
"1579022713","2109014781","0.362777"
"2109014781","1579022713","0.362777"
"1579022713","2125718596","0.535145"
"2125718596","1579022713","0.535145"
"1579022713","2133145607","0.560145"
"2133145607","1579022713","0.560145"
"1579022713","2560507851","0.19611"
"2560507851","1579022713","0.19611"
"1579022713","2734401556","0.0434783"
"2734401556","1579022713","0.0434783"
"1579022713","2772142381","0.0434783"
"2772142381","1579022713","0.0434783"
"1579022713","2901419157","0.0434783"
"2901419157","1579022713","0.0434783"
"1579022713","2902233794","0.0434783"
"2902233794","1579022713","0.0434783"
"1579022713","2938143750","0.0434783"
"2938143750","1579022713","0.0434783"
"1582705293","1976883562","0.0934783"
"1976883562","1582705293","0.0934783"
"1582705293","1982829328","0.0434783"
"1982829328","1582705293","0.0434783"
"1582705293","1996475033","0.94611"
"1996475033","1582705293","0.94611"
"1582705293","2019627667","2.18341"
"2019627667","1582705293","2.18341"
"1582705293","2021179554","1.09745"
"2021179554","1582705293","1.09745"
"1582705293","2050529434","0.205978"
"2050529434","1582705293","0.205978"
"1582705293","2055529357","0.686189"
"2055529357","1582705293","0.686189"
"1582705293","2109014781","0.609999"
"2109014781","1582705293","0.609999"
"1582705293","2125718596","0.858756"
"2125718596","1582705293","0.858756"
"1582705293","2133145607","1.9157"
"2133145607","1582705293","1.9157"
"1582705293","2560507851","1.25861"
"2560507851","1582705293","1.25861"
"1582705293","2734401556","0.0934783"
"2734401556","1582705293","0.0934783"
"1582705293","2772142381","0.186335"
"2772142381","1582705293","0.186335"
"1582705293","2901419157","0.0434783"
"2901419157","1582705293","0.0434783"
"1582705293","2902233794","0.0434783"
"2902233794","1582705293","0.0434783"
"1582705293","2938143750","0.0434783"
"2938143750","1582705293","0.0434783"
"1976883562","1982829328","0.17205"
"1982829328","1976883562","0.17205"
"1976883562","1996475033","0.176812"
"1996475033","1976883562","0.176812"
"1976883562","2019627667","0.0934783"
"2019627667","1976883562","0.0934783"
"1976883562","2021179554","0.0434783"
"2021179554","1976883562","0.0434783"
"1976883562","2050529434","0.0434783"
"2050529434","1976883562","0.0434783"
"1976883562","2055529357","0.0434783"
"2055529357","1976883562","0.0434783"
"1976883562","2109014781","0.0434783"
"2109014781","1976883562","0.0434783"
"1976883562","2125718596","0.0434783"
"2125718596","1976883562","0.0434783"
"1976883562","2133145607","0.176812"
"2133145607","1976883562","0.176812"
"1976883562","2560507851","0.176812"
"2560507851","1976883562","0.176812"
"1976883562","2734401556","0.0934783"
"2734401556","1976883562","0.0934783"
"1976883562","2772142381","0.0720497"
"2772142381","1976883562","0.0720497"
"1976883562","2901419157","0.0720497"
"2901419157","1976883562","0.0720497"
"1976883562","2902233794","0.0720497"
"2902233794","1976883562","0.0720497"
"1976883562","2938143750","0.0434783"
"2938143750","1976883562","0.0434783"
"1982829328","1996475033","0.0434783"
"1996475033","1982829328","0.0434783"
"1982829328","2019627667","0.0434783"
"2019627667","1982829328","0.0434783"
"1982829328","2021179554","0.0434783"
"2021179554","1982829328","0.0434783"
"1982829328","2050529434","0.0434783"
"2050529434","1982829328","0.0434783"
"1982829328","2055529357","0.0434783"
"2055529357","1982829328","0.0434783"
"1982829328","2109014781","0.0434783"
"2109014781","1982829328","0.0434783"
"1982829328","2125718596","0.126812"
"2125718596","1982829328","0.126812"
"1982829328","2133145607","0.0434783"
"2133145607","1982829328","0.0434783"
"1982829328","2560507851","0.0434783"
"2560507851","1982829328","0.0434783"
"1982829328","2734401556","0.0434783"
"2734401556","1982829328","0.0434783"
"1982829328","2772142381","0.293845"
"2772142381","1982829328","0.293845"
"1982829328","2901419157","0.0720497"
"2901419157","1982829328","0.0720497"
"1982829328","2902233794","0.0720497"
"2902233794","1982829328","0.0720497"
"1982829328","2938143750","0.0434783"
"2938143750","1982829328","0.0434783"
"1996475033","2019627667","1.01278"
"2019627667","1996475033","1.01278"
"1996475033","2021179554","0.543478"
"2021179554","1996475033","0.543478"
"1996475033","2050529434","0.393478"
"2050529434","1996475033","0.393478"
"1996475033","2055529357","0.19611"
"2055529357","1996475033","0.19611"
"1996475033","2109014781","0.19611"
"2109014781","1996475033","0.19611"
"1996475033","2125718596","1.36967"
"2125718596","1996475033","1.36967"
"1996475033","2133145607","0.543478"
"2133145607","1996475033","0.543478"
"1996475033","2560507851","23.041"
"2560507851","1996475033","23.041"
"1996475033","2734401556","0.903825"
"2734401556","1996475033","0.903825"
"1996475033","2772142381","0.36175"
"2772142381","1996475033","0.36175"
"1996475033","2901419157","0.526902"
"2901419157","1996475033","0.526902"
"1996475033","2902233794","0.526902"
"2902233794","1996475033","0.526902"
"1996475033","2938143750","0.853825"
"2938143750","1996475033","0.853825"
"2019627667","2021179554","0.186335"
"2021179554","2019627667","0.186335"
"2019627667","2050529434","0.376812"
"2050529434","2019627667","0.376812"
"2019627667","2055529357","0.350078"
"2055529357","2019627667","0.350078"
"2019627667","2109014781","0.207221"
"2109014781","2019627667","0.207221"
"2019627667","2125718596","1.62681"
"2125718596","2019627667","1.62681"
"2019627667","2133145607","0.260145"
"2133145607","2019627667","0.260145"
"2019627667","2560507851","1.26278"
"2560507851","2019627667","1.26278"
"2019627667","2734401556","0.0934783"
"2734401556","2019627667","0.0934783"
"2019627667","2772142381","0.186335"
"2772142381","2019627667","0.186335"
"2019627667","2901419157","0.0434783"
"2901419157","2019627667","0.0434783"
"2019627667","2902233794","0.0434783"
"2902233794","2019627667","0.0434783"
"2019627667","2938143750","0.0434783"
"2938143750","2019627667","0.0434783"
"2021179554","2050529434","0.0434783"
"2050529434","2021179554","0.0434783"
"2021179554","2055529357","0.397447"
"2055529357","2021179554","0.397447"
"2021179554","2109014781","0.154589"
"2109014781","2021179554","0.154589"
"2021179554","2125718596","0.254589"
"2125718596","2021179554","0.254589"
"2021179554","2133145607","0.464113"
"2133145607","2021179554","0.464113"
"2021179554","2560507851","0.543478"
"2560507851","2021179554","0.543478"
"2021179554","2734401556","0.0434783"
"2734401556","2021179554","0.0434783"
"2021179554","2772142381","0.186335"
"2772142381","2021179554","0.186335"
"2021179554","2901419157","0.0434783"
"2901419157","2021179554","0.0434783"
"2021179554","2902233794","0.0434783"
"2902233794","2021179554","0.0434783"
"2021179554","2938143750","0.0434783"
"2938143750","2021179554","0.0434783"
"2050529434","2055529357","0.0434783"
"2055529357","2050529434","0.0434783"
"2050529434","2109014781","0.0434783"
"2109014781","2050529434","0.0434783"
"2050529434","2125718596","0.355978"
"2125718596","2050529434","0.355978"
"2050529434","2133145607","0.143478"
"2133145607","2050529434","0.143478"
"2050529434","2560507851","0.455978"
"2560507851","2050529434","0.455978"
"2050529434","2734401556","0.0434783"
"2734401556","2050529434","0.0434783"
"2050529434","2772142381","0.0434783"
"2772142381","2050529434","0.0434783"
"2050529434","2901419157","0.0434783"
"2901419157","2050529434","0.0434783"
"2050529434","2902233794","0.0434783"
"2902233794","2050529434","0.0434783"
"2050529434","2938143750","0.0434783"
"2938143750","2050529434","0.0434783"
"2055529357","2109014781","2.57667"
"2109014781","2055529357","2.57667"
"2055529357","2125718596","0.646256"
"2125718596","2055529357","0.646256"
"2055529357","2133145607","0.754589"
"2133145607","2055529357","0.754589"
"2055529357","2560507851","0.19611"
"2560507851","2055529357","0.19611"
"2055529357","2734401556","0.0434783"
"2734401556","2055529357","0.0434783"
"2055529357","2772142381","0.186335"
"2772142381","2055529357","0.186335"
"2055529357","2901419157","0.0434783"
"2901419157","2055529357","0.0434783"
"2055529357","2902233794","0.0434783"
"2902233794","2055529357","0.0434783"
"2055529357","2938143750","0.0434783"
"2938143750","2055529357","0.0434783"
"2109014781","2125718596","1.04626"
"2125718596","2109014781","1.04626"
"2109014781","2133145607","1.08792"
"2133145607","2109014781","1.08792"
"2109014781","2560507851","0.19611"
"2560507851","2109014781","0.19611"
"2109014781","2734401556","0.0434783"
"2734401556","2109014781","0.0434783"
"2109014781","2772142381","0.0434783"
"2772142381","2109014781","0.0434783"
"2109014781","2901419157","0.0434783"
"2901419157","2109014781","0.0434783"
"2109014781","2902233794","0.0434783"
"2902233794","2109014781","0.0434783"
"2109014781","2938143750","0.0434783"
"2938143750","2109014781","0.0434783"
"2125718596","2133145607","0.754589"
"2133145607","2125718596","0.754589"
"2125718596","2560507851","1.43217"
"2560507851","2125718596","1.43217"
"2125718596","2734401556","0.0434783"
"2734401556","2125718596","0.0434783"
"2125718596","2772142381","0.126812"
"2772142381","2125718596","0.126812"
"2125718596","2901419157","0.0434783"
"2901419157","2125718596","0.0434783"
"2125718596","2902233794","0.0434783"
"2902233794","2125718596","0.0434783"
"2125718596","2938143750","0.0434783"
"2938143750","2125718596","0.0434783"
"2133145607","2560507851","0.543478"
"2560507851","2133145607","0.543478"
"2133145607","2734401556","0.0934783"
"2734401556","2133145607","0.0934783"
"2133145607","2772142381","0.0434783"
"2772142381","2133145607","0.0434783"
"2133145607","2901419157","0.0434783"
"2901419157","2133145607","0.0434783"
"2133145607","2902233794","0.0434783"
"2902233794","2133145607","0.0434783"
"2133145607","2938143750","0.0434783"
"2938143750","2133145607","0.0434783"
"2560507851","2734401556","0.945492"
"2734401556","2560507851","0.945492"
"2560507851","2772142381","0.36175"
"2772142381","2560507851","0.36175"
"2560507851","2901419157","0.651902"
"2901419157","2560507851","0.651902"
"2560507851","2902233794","0.651902"
"2902233794","2560507851","0.651902"
"2560507851","2938143750","0.895492"
"2938143750","2560507851","0.895492"
"2734401556","2772142381","0.46175"
"2772142381","2734401556","0.46175"
"2734401556","2901419157","0.989203"
"2901419157","2734401556","0.989203"
"2734401556","2902233794","1.4892"
"2902233794","2734401556","1.4892"
"2734401556","2938143750","2.46966"
"2938143750","2734401556","2.46966"
"2772142381","2901419157","0.756988"
"2901419157","2772142381","0.756988"
"2772142381","2902233794","0.756988"
"2902233794","2772142381","0.756988"
"2772142381","2938143750","0.91175"
"2938143750","2772142381","0.91175"
"2901419157","2902233794","30.3087"
"2902233794","2901419157","30.3087"
"2901419157","2938143750","2.27254"
"2938143750","2901419157","2.27254"
"2902233794","2938143750","2.77254"
"2938143750","2902233794","2.77254"
"100050024","2122718825","4.50758"
"2122718825","100050024","4.50758"
"1488338708","2122718825","0.590909"
"2122718825","1488338708","0.590909"
"1598491617","2122718825","1.71591"
"2122718825","1598491617","1.71591"
"2001084165","2122718825","1.71591"
"2122718825","2001084165","1.71591"
"100050024","2154248236","0.424242"
"2154248236","100050024","0.424242"
"100050024","2155920694","0.666667"
"2155920694","100050024","0.666667"
"2001084165","2154248236","0.674242"
"2154248236","2001084165","0.674242"
"2001084165","2155920694","0.833333"
"2155920694","2001084165","0.833333"
"2154248236","2155920694","0.583333"
"2155920694","2154248236","0.583333"
"100050024","2388447476","0.340909"
"2388447476","100050024","0.340909"
"1598491617","2125718596","0.25"
"2125718596","1598491617","0.25"
"1598491617","2388447476","0.25"
"2388447476","1598491617","0.25"
"2122718825","2125718596","0.25"
"2125718596","2122718825","0.25"
"2122718825","2388447476","0.25"
"2388447476","2122718825","0.25"
"2125718596","2388447476","0.340909"
"2388447476","2125718596","0.340909"
"100050024","1821409700","2.125"
"1821409700","100050024","2.125"
"100050024","2409503174","0.333333"
"2409503174","100050024","0.333333"
"2122718825","2155920694","1.58333"
"2155920694","2122718825","1.58333"
"2122718825","2409503174","0.333333"
"2409503174","2122718825","0.333333"
"2155920694","2409503174","12.25"
"2409503174","2155920694","12.25"
"100050024","2567350717","0.52702"
"2567350717","100050024","0.52702"
"1488338708","2567350717","0.860354"
"2567350717","1488338708","0.860354"
"1496124759","2122718825","0.215909"
"2122718825","1496124759","0.215909"
"1496124759","2567350717","0.215909"
"2567350717","1496124759","0.215909"
"1534636449","2122718825","0.340909"
"2122718825","1534636449","0.340909"
"1534636449","2567350717","1.86035"
"2567350717","1534636449","1.86035"
"1577715605","2122718825","0.215909"
"2122718825","1577715605","0.215909"
"1577715605","2567350717","0.660354"
"2567350717","1577715605","0.660354"
"1598491617","2567350717","0.382576"
"2567350717","1598491617","0.382576"
"2063724771","2122718825","0.215909"
"2122718825","2063724771","0.215909"
"2063724771","2567350717","4.38258"
"2567350717","2063724771","4.38258"
"2122718825","2567350717","0.215909"
"2567350717","2122718825","0.215909"
"100050024","180396117","1.625"
"180396117","100050024","1.625"
"180396117","1821409700","0.625"
"1821409700","180396117","0.625"
"100050024","2613412685","0.333333"
"2613412685","100050024","0.333333"
"1514780971","2613412685","0.333333"
"2613412685","1514780971","0.333333"
"2613412685","2950397418","0.333333"
"2950397418","2613412685","0.333333"
"100050024","2789789243","0.125"
"2789789243","100050024","0.125"
"100050024","2953208234","0.125"
"2953208234","100050024","0.125"
"1488338708","180396117","0.125"
"180396117","1488338708","0.125"
"1488338708","1821409700","0.125"
"1821409700","1488338708","0.125"
"1488338708","2789789243","0.125"
"2789789243","1488338708","0.125"
"1488338708","2953208234","0.125"
"2953208234","1488338708","0.125"
"1534636449","180396117","0.125"
"180396117","1534636449","0.125"
"1534636449","1821409700","0.125"
"1821409700","1534636449","0.125"
"1534636449","2789789243","0.125"
"2789789243","1534636449","0.125"
"1534636449","2953208234","0.125"
"2953208234","1534636449","0.125"
"180396117","2001084165","1.375"
"2001084165","180396117","1.375"
"180396117","2122718825","1.45833"
"2122718825","180396117","1.45833"
"180396117","2789789243","0.125"
"2789789243","180396117","0.125"
"180396117","2953208234","0.125"
"2953208234","180396117","0.125"
"1821409700","2001084165","0.625"
"2001084165","1821409700","0.625"
"1821409700","2122718825","1.375"
"2122718825","1821409700","1.375"
"1821409700","2789789243","0.125"
"2789789243","1821409700","0.125"
"1821409700","2953208234","0.125"
"2953208234","1821409700","0.125"
"2001084165","2789789243","0.625"
"2789789243","2001084165","0.625"
"2001084165","2953208234","0.625"
"2953208234","2001084165","0.625"
"2122718825","2789789243","0.125"
"2789789243","2122718825","0.125"
"2122718825","2953208234","0.125"
"2953208234","2122718825","0.125"
"2789789243","2953208234","33.6197"
"2953208234","2789789243","33.6197"
"100050024","2148022093","0.311111"
"2148022093","100050024","0.311111"
"1488338708","2148022093","0.311111"
"2148022093","1488338708","0.311111"
"1534636449","2148022093","0.811111"
"2148022093","1534636449","0.811111"
"2001084165","2148022093","0.811111"
"2148022093","2001084165","0.811111"
"2001084165","2567350717","1.73535"
"2567350717","2001084165","1.73535"
"2148022093","2567350717","0.311111"
"2567350717","2148022093","0.311111"
"100050024","2149584223","1"
"2149584223","100050024","1"
"100050024","2165408663","0.333333"
"2165408663","100050024","0.333333"
"2122718825","2133145607","0.666667"
"2133145607","2122718825","0.666667"
"2122718825","2165408663","0.583333"
"2165408663","2122718825","0.583333"
"2133145607","2165408663","0.761111"
"2165408663","2133145607","0.761111"
"100050024","2058355460","0.0909091"
"2058355460","100050024","0.0909091"
"1488338708","2058355460","0.0909091"
"2058355460","1488338708","0.0909091"
"1488338708","2154248236","0.0909091"
"2154248236","1488338708","0.0909091"
"1496124759","2058355460","0.0909091"
"2058355460","1496124759","0.0909091"
"1496124759","2154248236","0.0909091"
"2154248236","1496124759","0.0909091"
"1534636449","2058355460","0.0909091"
"2058355460","1534636449","0.0909091"
"1534636449","2154248236","0.0909091"
"2154248236","1534636449","0.0909091"
"1577715605","2058355460","0.0909091"
"2058355460","1577715605","0.0909091"
"1577715605","2154248236","0.0909091"
"2154248236","1577715605","0.0909091"
"1598491617","2058355460","1.25758"
"2058355460","1598491617","1.25758"
"1598491617","2154248236","0.0909091"
"2154248236","1598491617","0.0909091"
"2001084165","2058355460","0.590909"
"2058355460","2001084165","0.590909"
"2058355460","2063724771","1.09091"
"2063724771","2058355460","1.09091"
"2058355460","2122718825","0.340909"
"2122718825","2058355460","0.340909"
"2058355460","2154248236","0.340909"
"2154248236","2058355460","0.340909"
"2058355460","2567350717","0.0909091"
"2567350717","2058355460","0.0909091"
"2063724771","2154248236","1.09091"
"2154248236","2063724771","1.09091"
"2122718825","2154248236","0.340909"
"2154248236","2122718825","0.340909"
"2154248236","2567350717","0.0909091"
"2567350717","2154248236","0.0909091"
"100050024","1881177504","0.111111"
"1881177504","100050024","0.111111"
"1488338708","1881177504","0.111111"
"1881177504","1488338708","0.111111"
"1514780971","1881177504","0.777778"
"1881177504","1514780971","0.777778"
"1514780971","2148022093","0.111111"
"2148022093","1514780971","0.111111"
"1514780971","2567350717","0.277778"
"2567350717","1514780971","0.277778"
"1534636449","1881177504","0.111111"
"1881177504","1534636449","0.111111"
"1577715605","1881177504","0.111111"
"1881177504","1577715605","0.111111"
"1577715605","2148022093","1.11111"
"2148022093","1577715605","1.11111"
"1881177504","2001084165","0.111111"
"2001084165","1881177504","0.111111"
"1881177504","2148022093","0.111111"
"2148022093","1881177504","0.111111"
"1881177504","2567350717","0.111111"
"2567350717","1881177504","0.111111"
"1881177504","2950397418","0.111111"
"2950397418","1881177504","0.111111"
"2148022093","2950397418","0.111111"
"2950397418","2148022093","0.111111"
"2567350717","2950397418","0.277778"
"2950397418","2567350717","0.277778"
"100050024","1488216968","0.0909091"
"1488216968","100050024","0.0909091"
"100050024","1496993044","0.0909091"
"1496993044","100050024","0.0909091"
"100050024","1509778976","0.0909091"
"1509778976","100050024","0.0909091"
"100050024","1535109606","0.0909091"
"1535109606","100050024","0.0909091"
"100050024","192122728","0.0909091"
"192122728","100050024","0.0909091"
"100050024","2051912576","0.0909091"
"2051912576","100050024","0.0909091"
"100050024","2103966159","0.0909091"
"2103966159","100050024","0.0909091"
"100050024","2149224094","0.0909091"
"2149224094","100050024","0.0909091"
"100050024","2405585720","0.0909091"
"2405585720","100050024","0.0909091"
"1488216968","1496993044","0.0909091"
"1496993044","1488216968","0.0909091"
"1488216968","1509778976","0.174242"
"1509778976","1488216968","0.174242"
"1488216968","1535109606","0.0909091"
"1535109606","1488216968","0.0909091"
"1488216968","192122728","0.3171"
"192122728","1488216968","0.3171"
"1488216968","2051912576","0.0909091"
"2051912576","1488216968","0.0909091"
"1488216968","2103966159","0.733766"
"2103966159","1488216968","0.733766"
"1488216968","2125718596","0.0909091"
"2125718596","1488216968","0.0909091"
"1488216968","2149224094","0.900433"
"2149224094","1488216968","0.900433"
"1488216968","2388447476","0.0909091"
"2388447476","1488216968","0.0909091"
"1488216968","2405585720","7.87662"
"2405585720","1488216968","7.87662"
"1496993044","1509778976","0.215909"
"1509778976","1496993044","0.215909"
"1496993044","1535109606","6.34848"
"1535109606","1496993044","6.34848"
"1496993044","192122728","0.415909"
"192122728","1496993044","0.415909"
"1496993044","2051912576","0.333766"
"2051912576","1496993044","0.333766"
"1496993044","2103966159","0.0909091"
"2103966159","1496993044","0.0909091"
"1496993044","2125718596","0.625433"
"2125718596","1496993044","0.625433"
"1496993044","2149224094","0.382576"
"2149224094","1496993044","0.382576"
"1496993044","2388447476","0.0909091"
"2388447476","1496993044","0.0909091"
"1496993044","2405585720","0.0909091"
"2405585720","1496993044","0.0909091"
"1509778976","1535109606","0.0909091"
"1535109606","1509778976","0.0909091"
"1509778976","192122728","1.79924"
"192122728","1509778976","1.79924"
"1509778976","2051912576","0.0909091"
"2051912576","1509778976","0.0909091"
"1509778976","2103966159","0.0909091"
"2103966159","1509778976","0.0909091"
"1509778976","2125718596","0.715909"
"2125718596","1509778976","0.715909"
"1509778976","2149224094","1.38258"
"2149224094","1509778976","1.38258"
"1509778976","2388447476","0.0909091"
"2388447476","1509778976","0.0909091"
"1509778976","2405585720","0.174242"
"2405585720","1509778976","0.174242"
"1535109606","192122728","0.0909091"
"192122728","1535109606","0.0909091"
"1535109606","2051912576","0.0909091"
"2051912576","1535109606","0.0909091"
"1535109606","2103966159","0.0909091"
"2103966159","1535109606","0.0909091"
"1535109606","2125718596","0.0909091"
"2125718596","1535109606","0.0909091"
"1535109606","2149224094","0.0909091"
"2149224094","1535109606","0.0909091"
"1535109606","2388447476","0.0909091"
"2388447476","1535109606","0.0909091"
"1535109606","2405585720","0.0909091"
"2405585720","1535109606","0.0909091"
"192122728","2051912576","0.0909091"
"2051912576","192122728","0.0909091"
"192122728","2103966159","0.0909091"
"2103966159","192122728","0.0909091"
"192122728","2125718596","0.215909"
"2125718596","192122728","0.215909"
"192122728","2149224094","0.4421"
"2149224094","192122728","0.4421"
"192122728","2388447476","0.0909091"
"2388447476","192122728","0.0909091"
"192122728","2405585720","0.3171"
"2405585720","192122728","0.3171"
"2051912576","2103966159","1.69091"
"2103966159","2051912576","1.69091"
"2051912576","2125718596","0.333766"
"2125718596","2051912576","0.333766"
"2051912576","2149224094","0.0909091"
"2149224094","2051912576","0.0909091"
"2051912576","2388447476","0.0909091"
"2388447476","2051912576","0.0909091"
"2051912576","2405585720","0.0909091"
"2405585720","2051912576","0.0909091"
"2103966159","2125718596","0.190909"
"2125718596","2103966159","0.190909"
"2103966159","2149224094","0.0909091"
"2149224094","2103966159","0.0909091"
"2103966159","2388447476","0.0909091"
"2388447476","2103966159","0.0909091"
"2103966159","2405585720","0.590909"
"2405585720","2103966159","0.590909"
"2125718596","2149224094","0.882576"
"2149224094","2125718596","0.882576"
"2125718596","2405585720","0.0909091"
"2405585720","2125718596","0.0909091"
"2149224094","2388447476","0.0909091"
"2388447476","2149224094","0.0909091"
"2149224094","2405585720","0.900433"
"2405585720","2149224094","0.900433"
"2388447476","2405585720","0.0909091"
"2405585720","2388447476","0.0909091"
"103044395","2149584223","2"
"2149584223","103044395","2"
"103044395","1510415386","0.5"
"1510415386","103044395","0.5"
"103044395","1513123347","1.03333"
"1513123347","103044395","1.03333"
"1510415386","1513123347","3.57738"
"1513123347","1510415386","3.57738"
"103044395","2886979527","1"
"2886979527","103044395","1"
"103044395","1502415516","0.142857"
"1502415516","103044395","0.142857"
"103044395","180396117","0.142857"
"180396117","103044395","0.142857"
"103044395","2016680626","0.142857"
"2016680626","103044395","0.142857"
"103044395","2031481606","0.142857"
"2031481606","103044395","0.142857"
"103044395","2045870587","0.142857"
"2045870587","103044395","0.142857"
"103044395","2160838772","0.67619"
"2160838772","103044395","0.67619"
"103044395","2227487674","0.142857"
"2227487674","103044395","0.142857"
"1502415516","180396117","0.142857"
"180396117","1502415516","0.142857"
"1502415516","2016680626","0.142857"
"2016680626","1502415516","0.142857"
"1502415516","2031481606","0.142857"
"2031481606","1502415516","0.142857"
"1502415516","2045870587","12.1429"
"2045870587","1502415516","12.1429"
"1502415516","2160838772","2.97619"
"2160838772","1502415516","2.97619"
"1502415516","2227487674","0.142857"
"2227487674","1502415516","0.142857"
"180396117","2016680626","0.142857"
"2016680626","180396117","0.142857"
"180396117","2031481606","0.142857"
"2031481606","180396117","0.142857"
"180396117","2045870587","0.142857"
"2045870587","180396117","0.142857"
"180396117","2160838772","0.142857"
"2160838772","180396117","0.142857"
"180396117","2227487674","0.142857"
"2227487674","180396117","0.142857"
"2016680626","2031481606","0.142857"
"2031481606","2016680626","0.142857"
"2016680626","2045870587","0.142857"
"2045870587","2016680626","0.142857"
"2016680626","2160838772","0.142857"
"2160838772","2016680626","0.142857"
"2016680626","2227487674","0.142857"
"2227487674","2016680626","0.142857"
"2031481606","2045870587","0.142857"
"2045870587","2031481606","0.142857"
"2031481606","2160838772","0.142857"
"2160838772","2031481606","0.142857"
"2031481606","2227487674","0.142857"
"2227487674","2031481606","0.142857"
"2045870587","2160838772","0.97619"
"2160838772","2045870587","0.97619"
"2045870587","2227487674","0.142857"
"2227487674","2045870587","0.142857"
"2160838772","2227487674","0.142857"
"2227487674","2160838772","0.142857"
"103044395","2938143750","1"
"2938143750","103044395","1"
"103044395","1881177504","0.5"
"1881177504","103044395","0.5"
"103044395","2155920694","0.5"
"2155920694","103044395","0.5"
"1881177504","2155920694","0.833333"
"2155920694","1881177504","0.833333"
"103044395","1525757705","0.2"
"1525757705","103044395","0.2"
"103044395","1553761567","0.2"
"1553761567","103044395","0.2"
"103044395","1696444595","0.2"
"1696444595","103044395","0.2"
"1513123347","1525757705","2.06111"
"1525757705","1513123347","2.06111"
"1513123347","1553761567","0.2"
"1553761567","1513123347","0.2"
"1513123347","1696444595","0.616667"
"1696444595","1513123347","0.616667"
"1513123347","2160838772","1.03333"
"2160838772","1513123347","1.03333"
"1525757705","1553761567","0.733333"
"1553761567","1525757705","0.733333"
"1525757705","1696444595","8.18333"
"1696444595","1525757705","8.18333"
"1525757705","2160838772","0.2"
"2160838772","1525757705","0.2"
"1553761567","1696444595","0.733333"
"1696444595","1553761567","0.733333"
"1553761567","2160838772","0.45"
"2160838772","1553761567","0.45"
"1696444595","2160838772","0.2"
