"112682544","2121720842","20.5833"
"2121720842","112682544","20.5833"
"112682544","2559232943","0.833333"
"2559232943","112682544","0.833333"
"2121720842","2559232943","5.33333"
"2559232943","2121720842","5.33333"
"112682544","1599763338","1.33333"
"1599763338","112682544","1.33333"
"112682544","190832658","2.08333"
"190832658","112682544","2.08333"
"1599763338","190832658","2.86667"
"190832658","1599763338","2.86667"
"1599763338","2121720842","5.03333"
"2121720842","1599763338","5.03333"
"190832658","2121720842","11.3167"
"2121720842","190832658","11.3167"
"112682544","2021949320","1.08333"
"2021949320","112682544","1.08333"
"2021949320","2121720842","1.61667"
"2121720842","2021949320","1.61667"
"112682544","2008916151","1.25"
"2008916151","112682544","1.25"
"112682544","2011151707","0.166667"
"2011151707","112682544","0.166667"
"112682544","2136399700","0.5"
"2136399700","112682544","0.5"
"112682544","2144505845","0.166667"
"2144505845","112682544","0.166667"
"1599763338","2008916151","1.16667"
"2008916151","1599763338","1.16667"
"1599763338","2011151707","1.95"
"2011151707","1599763338","1.95"
"1599763338","2136399700","4.95"
"2136399700","1599763338","4.95"
"1599763338","2144505845","4.16667"
"2144505845","1599763338","4.16667"
"2008916151","2011151707","0.366667"
"2011151707","2008916151","0.366667"
"2008916151","2121720842","1.41667"
"2121720842","2008916151","1.41667"
"2008916151","2136399700","2.36667"
"2136399700","2008916151","2.36667"
"2008916151","2144505845","0.333333"
"2144505845","2008916151","0.333333"
"2011151707","2121720842","0.533333"
"2121720842","2011151707","0.533333"
"2011151707","2136399700","2.15"
"2136399700","2011151707","2.15"
"2011151707","2144505845","0.166667"
"2144505845","2011151707","0.166667"
"2121720842","2136399700","1.2"
"2136399700","2121720842","1.2"
"2121720842","2144505845","0.333333"
"2144505845","2121720842","0.333333"
"2136399700","2144505845","0.666667"
"2144505845","2136399700","0.666667"
"190832658","2559232943","0.833333"
"2559232943","190832658","0.833333"
"190832658","2008916151","1.61667"
"2008916151","190832658","1.61667"
"190832658","2021949320","0.983333"
"2021949320","190832658","0.983333"
"2008916151","2021949320","4.45"
"2021949320","2008916151","4.45"
"190832658","2136399700","2.73333"
"2136399700","190832658","2.73333"
"1196401882","2040598033","0.333333"
"2040598033","1196401882","0.333333"
"1196401882","2144505845","2.33333"
"2144505845","1196401882","2.33333"
"1196401882","2953127626","0.333333"
"2953127626","1196401882","0.333333"
"2040598033","2144505845","1.33333"
"2144505845","2040598033","1.33333"
"2040598033","2953127626","6.33333"
"2953127626","2040598033","6.33333"
"2144505845","2953127626","1.33333"
"2953127626","2144505845","1.33333"
"1196401882","1599763338","4"
"1599763338","1196401882","4"
"12549122","1768549948","4.25"
"1768549948","12549122","4.25"
"12549122","184446221","4.91667"
"184446221","12549122","4.91667"
"12549122","2146764106","4.91667"
"2146764106","12549122","4.91667"
"12549122","2962986000","4.91667"
"2962986000","12549122","4.91667"
"1768549948","184446221","5.25"
"184446221","1768549948","5.25"
"1768549948","2146764106","4.91667"
"2146764106","1768549948","4.91667"
"1768549948","2962986000","5.25"
"2962986000","1768549948","5.25"
"184446221","2146764106","5.58333"
"2146764106","184446221","5.58333"
"184446221","2962986000","6.91667"
"2962986000","184446221","6.91667"
"2146764106","2962986000","5.58333"
"2962986000","2146764106","5.58333"
"1549725782","2066476371","1"
"2066476371","1549725782","1"
"1586529014","1599763338","0.833333"
"1599763338","1586529014","0.833333"
"1586529014","2144505845","0.833333"
"2144505845","1586529014","0.833333"
"1586529014","2040598033","0.333333"
"2040598033","1586529014","0.333333"
"1586529014","2953127626","0.333333"
"2953127626","1586529014","0.333333"
"1586529014","1977305129","0.333333"
"1977305129","1586529014","0.333333"
"1586529014","2145603050","0.333333"
"2145603050","1586529014","0.333333"
"1599763338","1977305129","0.333333"
"1977305129","1599763338","0.333333"
"1599763338","2145603050","3.58333"
"2145603050","1599763338","3.58333"
"1977305129","2145603050","0.333333"
"2145603050","1977305129","0.333333"
"1599763338","2021949320","0.783333"
"2021949320","1599763338","0.783333"
"2011151707","2021949320","14.15"
"2021949320","2011151707","14.15"
"2021949320","2136399700","1.98333"
"2136399700","2021949320","1.98333"
"2011151707","2145603050","1.25"
"2145603050","2011151707","1.25"
"2021949320","2145603050","0.25"
"2145603050","2021949320","0.25"
"2136399700","2145603050","0.25"
"2145603050","2136399700","0.25"
"190832658","2011151707","0.566667"
"2011151707","190832658","0.566667"
"17202533","2561312938","1"
"2561312938","17202533","1"
"17202533","2066476371","12.7"
"2066476371","17202533","12.7"
"17202533","190832658","0.366667"
"190832658","17202533","0.366667"
"17202533","2011151707","0.166667"
"2011151707","17202533","0.166667"
"17202533","2021949320","0.166667"
"2021949320","17202533","0.166667"
"17202533","2121720842","0.366667"
"2121720842","17202533","0.366667"
"17202533","47379855","5.2"
"47379855","17202533","5.2"
"190832658","2066476371","0.366667"
"2066476371","190832658","0.366667"
"190832658","47379855","0.366667"
"47379855","190832658","0.366667"
"2011151707","2066476371","0.166667"
"2066476371","2011151707","0.166667"
"2011151707","47379855","0.166667"
"47379855","2011151707","0.166667"
"2021949320","2066476371","0.166667"
"2066476371","2021949320","0.166667"
"2021949320","47379855","0.166667"
"47379855","2021949320","0.166667"
"2066476371","2121720842","0.366667"
"2121720842","2066476371","0.366667"
"2066476371","47379855","5.2"
"47379855","2066476371","5.2"
"2121720842","47379855","0.366667"
"47379855","2121720842","0.366667"
"17202533","2008916151","0.833333"
"2008916151","17202533","0.833333"
"2008916151","2066476371","0.833333"
"2066476371","2008916151","0.833333"
"2008916151","47379855","0.333333"
"47379855","2008916151","0.333333"
"17202533","584212931","0.2"
"584212931","17202533","0.2"
"190832658","584212931","0.2"
"584212931","190832658","0.2"
"2066476371","584212931","0.2"
"584212931","2066476371","0.2"
"2121720842","584212931","0.2"
"584212931","2121720842","0.2"
"47379855","584212931","0.2"
"584212931","47379855","0.2"
"1760538513","1921982642","16.8333"
"1921982642","1760538513","16.8333"
"1760538513","2153774468","0.333333"
"2153774468","1760538513","0.333333"
"1760538513","584212931","0.333333"
"584212931","1760538513","0.333333"
"1921982642","2153774468","0.333333"
"2153774468","1921982642","0.333333"
"1921982642","584212931","0.333333"
"584212931","1921982642","0.333333"
"2153774468","584212931","5.16667"
"584212931","2153774468","5.16667"
"1760538513","2004228200","3"
"2004228200","1760538513","3"
"1760538513","2023038964","0.5"
"2023038964","1760538513","0.5"
"1921982642","2023038964","0.5"
"2023038964","1921982642","0.5"
"1768549948","2086137244","0.333333"
"2086137244","1768549948","0.333333"
"184446221","2086137244","0.333333"
"2086137244","184446221","0.333333"
"2086137244","2962986000","0.333333"
"2962986000","2086137244","0.333333"
"181277969","2066476371","3.5"
"2066476371","181277969","3.5"
"181277969","2121507988","5.5"
"2121507988","181277969","5.5"
"2066476371","2121507988","1.5"
"2121507988","2066476371","1.5"
"190832658","2040598033","0.166667"
"2040598033","190832658","0.166667"
"190832658","2144505845","0.166667"
"2144505845","190832658","0.166667"
"190832658","2953127626","0.166667"
"2953127626","190832658","0.166667"
"2008916151","2040598033","0.166667"
"2040598033","2008916151","0.166667"
"2008916151","2953127626","0.166667"
"2953127626","2008916151","0.166667"
"2021949320","2040598033","0.166667"
"2040598033","2021949320","0.166667"
"2021949320","2144505845","0.166667"
"2144505845","2021949320","0.166667"
"2021949320","2953127626","0.166667"
"2953127626","2021949320","0.166667"
"2040598033","2121720842","0.166667"
"2121720842","2040598033","0.166667"
"2121720842","2953127626","0.166667"
"2953127626","2121720842","0.166667"
"190832658","2086137244","0.2"
"2086137244","190832658","0.2"
"2008916151","2086137244","0.7"
"2086137244","2008916151","0.7"
"2011151707","2086137244","0.2"
"2086137244","2011151707","0.2"
"2021949320","2086137244","0.2"
"2086137244","2021949320","0.2"
"2086137244","2136399700","0.7"
"2136399700","2086137244","0.7"
"1928177307","1988069347","7.83333"
"1988069347","1928177307","7.83333"
"1928177307","2136399700","0.333333"
"2136399700","1928177307","0.333333"
"1928177307","62322572","4.83333"
"62322572","1928177307","4.83333"
"1988069347","2136399700","0.333333"
"2136399700","1988069347","0.333333"
"1988069347","62322572","5.83333"
"62322572","1988069347","5.83333"
"2136399700","62322572","0.333333"
"62322572","2136399700","0.333333"
"1928177307","2153774468","0.333333"
"2153774468","1928177307","0.333333"
"1928177307","584212931","0.333333"
"584212931","1928177307","0.333333"
"1928177307","904689642","0.333333"
"904689642","1928177307","0.333333"
"2153774468","904689642","2.83333"
"904689642","2153774468","2.83333"
"584212931","904689642","2.83333"
"904689642","584212931","2.83333"
"1998143667","2098193447","2.16667"
"2098193447","1998143667","2.16667"
"1998143667","2596406846","2.66667"
"2596406846","1998143667","2.66667"
"1998143667","2949971615","2.16667"
"2949971615","1998143667","2.16667"
"2098193447","2596406846","5.66667"
"2596406846","2098193447","5.66667"
"2098193447","2949971615","2.16667"
"2949971615","2098193447","2.16667"
"2596406846","2949971615","1.66667"
"2949971615","2596406846","1.66667"
"2008916151","2145603050","1"
"2145603050","2008916151","1"
"2008916151","2559232943","1"
"2559232943","2008916151","1"
"2021949320","2559232943","0.5"
"2559232943","2021949320","0.5"
"2136399700","2559232943","0.5"
"2559232943","2136399700","0.5"
"2023038964","2307808167","1"
"2307808167","2023038964","1"
"2066476371","2954865869","1"
"2954865869","2066476371","1"
"2086137244","2144505845","1"
"2144505845","2086137244","1"
"2086137244","2101851850","1"
"2101851850","2086137244","1"
"2144505845","2145603050","2"
"2145603050","2144505845","2"
