"100013628","1493399319","0.0909091"
"1493399319","100013628","0.0909091"
"100013628","1520146006","0.0909091"
"1520146006","100013628","0.0909091"
"100013628","1551050067","0.0909091"
"1551050067","100013628","0.0909091"
"100013628","1564569877","0.0909091"
"1564569877","100013628","0.0909091"
"100013628","1834437726","0.0909091"
"1834437726","100013628","0.0909091"
"100013628","1857629243","0.0909091"
"1857629243","100013628","0.0909091"
"100013628","2132117944","0.0909091"
"2132117944","100013628","0.0909091"
"100013628","2409846744","0.0909091"
"2409846744","100013628","0.0909091"
"100013628","2522077710","0.0909091"
"2522077710","100013628","0.0909091"
"100013628","2523759974","0.0909091"
"2523759974","100013628","0.0909091"
"100013628","796855099","0.0909091"
"796855099","100013628","0.0909091"
"1493399319","1520146006","0.0909091"
"1520146006","1493399319","0.0909091"
"1493399319","1551050067","0.540909"
"1551050067","1493399319","0.540909"
"1493399319","1564569877","2.09091"
"1564569877","1493399319","2.09091"
"1493399319","1834437726","0.540909"
"1834437726","1493399319","0.540909"
"1493399319","1857629243","1.84091"
"1857629243","1493399319","1.84091"
"1493399319","2132117944","0.340909"
"2132117944","1493399319","0.340909"
"1493399319","2409846744","0.0909091"
"2409846744","1493399319","0.0909091"
"1493399319","2522077710","1.34091"
"2522077710","1493399319","1.34091"
"1493399319","2523759974","0.0909091"
"2523759974","1493399319","0.0909091"
"1493399319","796855099","0.540909"
"796855099","1493399319","0.540909"
"1520146006","1551050067","0.3171"
"1551050067","1520146006","0.3171"
"1520146006","1564569877","0.233766"
"1564569877","1520146006","0.233766"
"1520146006","1834437726","1.8171"
"1834437726","1520146006","1.8171"
"1520146006","1857629243","0.3171"
"1857629243","1520146006","0.3171"
"1520146006","2132117944","8.48377"
"2132117944","1520146006","8.48377"
"1520146006","2409846744","0.233766"
"2409846744","1520146006","0.233766"
"1520146006","2522077710","0.233766"
"2522077710","1520146006","0.233766"
"1520146006","2523759974","0.0909091"
"2523759974","1520146006","0.0909091"
"1520146006","796855099","0.0909091"
"796855099","1520146006","0.0909091"
"1551050067","1564569877","0.483766"
"1564569877","1551050067","0.483766"
"1551050067","1834437726","0.7671"
"1834437726","1551050067","0.7671"
"1551050067","1857629243","0.3171"
"1857629243","1551050067","0.3171"
"1551050067","2132117944","0.5671"
"2132117944","1551050067","0.5671"
"1551050067","2409846744","0.233766"
"2409846744","1551050067","0.233766"
"1551050067","2522077710","1.73377"
"2522077710","1551050067","1.73377"
"1551050067","2523759974","0.0909091"
"2523759974","1551050067","0.0909091"
"1551050067","796855099","0.290909"
"796855099","1551050067","0.290909"
"1564569877","1834437726","2.48377"
"1834437726","1564569877","2.48377"
"1564569877","1857629243","0.483766"
"1857629243","1564569877","0.483766"
"1564569877","2132117944","0.483766"
"2132117944","1564569877","0.483766"
"1564569877","2409846744","0.233766"
"2409846744","1564569877","0.233766"
"1564569877","2522077710","0.983766"
"2522077710","1564569877","0.983766"
"1564569877","2523759974","0.0909091"
"2523759974","1564569877","0.0909091"
"1564569877","796855099","0.340909"
"796855099","1564569877","0.340909"
"1834437726","1857629243","0.3171"
"1857629243","1834437726","0.3171"
"1834437726","2132117944","0.733766"
"2132117944","1834437726","0.733766"
"1834437726","2409846744","0.233766"
"2409846744","1834437726","0.233766"
"1834437726","2522077710","0.233766"
"2522077710","1834437726","0.233766"
"1834437726","2523759974","0.0909091"
"2523759974","1834437726","0.0909091"
"1834437726","796855099","0.290909"
"796855099","1834437726","0.290909"
"1857629243","2132117944","0.3171"
"2132117944","1857629243","0.3171"
"1857629243","2409846744","0.5671"
"2409846744","1857629243","0.5671"
"1857629243","2522077710","0.983766"
"2522077710","1857629243","0.983766"
"1857629243","2523759974","0.0909091"
"2523759974","1857629243","0.0909091"
"1857629243","796855099","1.34091"
"796855099","1857629243","1.34091"
"2132117944","2409846744","0.233766"
"2409846744","2132117944","0.233766"
"2132117944","2522077710","0.233766"
"2522077710","2132117944","0.233766"
"2132117944","2523759974","0.0909091"
"2523759974","2132117944","0.0909091"
"2132117944","796855099","0.0909091"
"796855099","2132117944","0.0909091"
"2409846744","2522077710","0.233766"
"2522077710","2409846744","0.233766"
"2409846744","2523759974","0.0909091"
"2523759974","2409846744","0.0909091"
"2409846744","796855099","0.0909091"
"796855099","2409846744","0.0909091"
"2522077710","2523759974","0.0909091"
"2523759974","2522077710","0.0909091"
"2522077710","796855099","0.340909"
"796855099","2522077710","0.340909"
"2523759974","796855099","0.0909091"
"796855099","2523759974","0.0909091"
"108546022","2292782312","4.64286"
"2292782312","108546022","4.64286"
"108546022","1429054823","1.25"
"1429054823","108546022","1.25"
"108546022","70338835","2.14286"
"70338835","108546022","2.14286"
"108546022","109466010","0.0833333"
"109466010","108546022","0.0833333"
"108546022","140522063","0.0833333"
"140522063","108546022","0.0833333"
"108546022","1491628041","0.0833333"
"1491628041","108546022","0.0833333"
"108546022","1520146006","0.0833333"
"1520146006","108546022","0.0833333"
"108546022","1551050067","0.333333"
"1551050067","108546022","0.333333"
"108546022","1589921065","0.0833333"
"1589921065","108546022","0.0833333"
"108546022","1834437726","0.583333"
"1834437726","108546022","0.583333"
"108546022","1857629243","0.0833333"
"1857629243","108546022","0.0833333"
"108546022","2015957818","0.0833333"
"2015957818","108546022","0.0833333"
"108546022","2123294840","0.333333"
"2123294840","108546022","0.333333"
"108546022","2132117944","0.0833333"
"2132117944","108546022","0.0833333"
"108546022","2187181208","0.0833333"
"2187181208","108546022","0.0833333"
"109466010","140522063","0.0833333"
"140522063","109466010","0.0833333"
"109466010","1491628041","0.0833333"
"1491628041","109466010","0.0833333"
"109466010","1520146006","0.0833333"
"1520146006","109466010","0.0833333"
"109466010","1551050067","0.283333"
"1551050067","109466010","0.283333"
"109466010","1589921065","0.283333"
"1589921065","109466010","0.283333"
"109466010","1834437726","0.283333"
"1834437726","109466010","0.283333"
"109466010","1857629243","0.0833333"
"1857629243","109466010","0.0833333"
"109466010","2015957818","0.783333"
"2015957818","109466010","0.783333"
"109466010","2123294840","0.0833333"
"2123294840","109466010","0.0833333"
"109466010","2132117944","0.0833333"
"2132117944","109466010","0.0833333"
"109466010","2187181208","0.783333"
"2187181208","109466010","0.783333"
"140522063","1491628041","1.08333"
"1491628041","140522063","1.08333"
"140522063","1520146006","0.0833333"
"1520146006","140522063","0.0833333"
"140522063","1551050067","1.08333"
"1551050067","140522063","1.08333"
"140522063","1589921065","0.0833333"
"1589921065","140522063","0.0833333"
"140522063","1834437726","0.0833333"
"1834437726","140522063","0.0833333"
"140522063","1857629243","0.0833333"
"1857629243","140522063","0.0833333"
"140522063","2015957818","0.0833333"
"2015957818","140522063","0.0833333"
"140522063","2123294840","0.0833333"
"2123294840","140522063","0.0833333"
"140522063","2132117944","0.0833333"
"2132117944","140522063","0.0833333"
"140522063","2187181208","0.0833333"
"2187181208","140522063","0.0833333"
"1491628041","1520146006","0.0833333"
"1520146006","1491628041","0.0833333"
"1491628041","1551050067","0.0833333"
"1551050067","1491628041","0.0833333"
"1491628041","1589921065","0.0833333"
"1589921065","1491628041","0.0833333"
"1491628041","1834437726","0.0833333"
"1834437726","1491628041","0.0833333"
"1491628041","1857629243","0.0833333"
"1857629243","1491628041","0.0833333"
"1491628041","2015957818","0.0833333"
"2015957818","1491628041","0.0833333"
"1491628041","2123294840","0.0833333"
"2123294840","1491628041","0.0833333"
"1491628041","2132117944","0.0833333"
"2132117944","1491628041","0.0833333"
"1491628041","2187181208","0.0833333"
"2187181208","1491628041","0.0833333"
"1520146006","1589921065","0.25"
"1589921065","1520146006","0.25"
"1520146006","2015957818","0.25"
"2015957818","1520146006","0.25"
"1520146006","2123294840","0.416667"
"2123294840","1520146006","0.416667"
"1520146006","2187181208","0.25"
"2187181208","1520146006","0.25"
"1551050067","1589921065","0.283333"
"1589921065","1551050067","0.283333"
"1551050067","2015957818","0.0833333"
"2015957818","1551050067","0.0833333"
"1551050067","2123294840","0.333333"
"2123294840","1551050067","0.333333"
"1551050067","2187181208","0.0833333"
"2187181208","1551050067","0.0833333"
"1589921065","1834437726","0.45"
"1834437726","1589921065","0.45"
"1589921065","1857629243","0.0833333"
"1857629243","1589921065","0.0833333"
"1589921065","2015957818","0.25"
"2015957818","1589921065","0.25"
"1589921065","2123294840","0.0833333"
"2123294840","1589921065","0.0833333"
"1589921065","2132117944","0.25"
"2132117944","1589921065","0.25"
"1589921065","2187181208","0.25"
"2187181208","1589921065","0.25"
"1834437726","2015957818","0.25"
"2015957818","1834437726","0.25"
"1834437726","2123294840","1.41667"
"2123294840","1834437726","1.41667"
"1834437726","2187181208","0.25"
"2187181208","1834437726","0.25"
"1857629243","2015957818","0.416667"
"2015957818","1857629243","0.416667"
"1857629243","2123294840","0.0833333"
"2123294840","1857629243","0.0833333"
"1857629243","2187181208","0.416667"
"2187181208","1857629243","0.416667"
"2015957818","2123294840","0.0833333"
"2123294840","2015957818","0.0833333"
"2015957818","2132117944","0.25"
"2132117944","2015957818","0.25"
"2015957818","2187181208","12.95"
"2187181208","2015957818","12.95"
"2123294840","2132117944","0.0833333"
"2132117944","2123294840","0.0833333"
"2123294840","2187181208","0.0833333"
"2187181208","2123294840","0.0833333"
"2132117944","2187181208","0.25"
"2187181208","2132117944","0.25"
"2292782312","70338835","5.14286"
"70338835","2292782312","5.14286"
"1834437726","70338835","0.5"
"70338835","1834437726","0.5"
"108546022","237943535","0.25"
"237943535","108546022","0.25"
"1429054823","1551050067","0.75"
"1551050067","1429054823","0.75"
"1429054823","2123294840","1.25"
"2123294840","1429054823","1.25"
"1429054823","237943535","0.25"
"237943535","1429054823","0.25"
"1551050067","237943535","0.25"
"237943535","1551050067","0.25"
"2123294840","237943535","4.58333"
"237943535","2123294840","4.58333"
"108546022","1777351889","0.142857"
"1777351889","108546022","0.142857"
"108546022","2007581502","0.142857"
"2007581502","108546022","0.142857"
"108546022","2397300488","0.142857"
"2397300488","108546022","0.142857"
"108546022","2586598394","0.142857"
"2586598394","108546022","0.142857"
"108546022","2592789869","0.142857"
"2592789869","108546022","0.142857"
"1777351889","2007581502","0.642857"
"2007581502","1777351889","0.642857"
"1777351889","2292782312","1.64286"
"2292782312","1777351889","1.64286"
"1777351889","2397300488","0.642857"
"2397300488","1777351889","0.642857"
"1777351889","2586598394","0.142857"
"2586598394","1777351889","0.142857"
"1777351889","2592789869","0.142857"
"2592789869","1777351889","0.142857"
"1777351889","70338835","1.14286"
"70338835","1777351889","1.14286"
"2007581502","2292782312","0.142857"
"2292782312","2007581502","0.142857"
"2007581502","2397300488","2.72619"
"2397300488","2007581502","2.72619"
"2007581502","2586598394","2.39286"
"2586598394","2007581502","2.39286"
"2007581502","2592789869","1.22619"
"2592789869","2007581502","1.22619"
"2007581502","70338835","0.142857"
"70338835","2007581502","0.142857"
"2292782312","2397300488","0.142857"
"2397300488","2292782312","0.142857"
"2292782312","2586598394","0.142857"
"2586598394","2292782312","0.142857"
"2292782312","2592789869","0.142857"
"2592789869","2292782312","0.142857"
"2397300488","2586598394","0.392857"
"2586598394","2397300488","0.392857"
"2397300488","2592789869","1.22619"
"2592789869","2397300488","1.22619"
"2397300488","70338835","0.142857"
"70338835","2397300488","0.142857"
"2586598394","2592789869","1.39286"
"2592789869","2586598394","1.39286"
"2586598394","70338835","0.142857"
"70338835","2586598394","0.142857"
"2592789869","70338835","0.142857"
"70338835","2592789869","0.142857"
"109466010","1493399319","0.2"
"1493399319","109466010","0.2"
"109466010","796855099","0.2"
"796855099","109466010","0.2"
"1493399319","1589921065","1.2"
"1589921065","1493399319","1.2"
"1589921065","796855099","0.2"
"796855099","1589921065","0.2"
"109466010","1446787551","1.03333"
"1446787551","109466010","1.03333"
"109466010","2124305838","0.45"
"2124305838","109466010","0.45"
"109466010","3998037","7.11667"
"3998037","109466010","7.11667"
"1446787551","2015957818","3.53333"
"2015957818","1446787551","3.53333"
"1446787551","2124305838","0.45"
"2124305838","1446787551","0.45"
"1446787551","2187181208","4.53333"
"2187181208","1446787551","4.53333"
"1446787551","3998037","0.783333"
"3998037","1446787551","0.783333"
"2015957818","2124305838","0.45"
"2124305838","2015957818","0.45"
"2015957818","3998037","0.45"
"3998037","2015957818","0.45"
"2124305838","2187181208","0.45"
"2187181208","2124305838","0.45"
"2124305838","3998037","2.2"
"3998037","2124305838","2.2"
"2187181208","3998037","0.95"
"3998037","2187181208","0.95"
"109466010","1507332975","0.25"
"1507332975","109466010","0.25"
"109466010","1529720454","0.25"
"1529720454","109466010","0.25"
"109466010","2522147501","0.25"
"2522147501","109466010","0.25"
"109466010","2523759974","0.25"
"2523759974","109466010","0.25"
"1507332975","1529720454","0.25"
"1529720454","1507332975","0.25"
"1507332975","2522147501","0.25"
"2522147501","1507332975","0.25"
"1507332975","2523759974","0.75"
"2523759974","1507332975","0.75"
"1529720454","2522147501","0.75"
"2522147501","1529720454","0.75"
"1529720454","2523759974","0.25"
"2523759974","1529720454","0.25"
"2522147501","2523759974","0.25"
"2523759974","2522147501","0.25"
"109466010","237943535","0.666667"
"237943535","109466010","0.666667"
"1446787551","237943535","0.5"
"237943535","1446787551","0.5"
"237943535","3998037","1.66667"
"3998037","237943535","1.66667"
"109466010","30960237","0.333333"
"30960237","109466010","0.333333"
"237943535","30960237","0.333333"
"30960237","237943535","0.333333"
"30960237","3998037","1.83333"
"3998037","30960237","1.83333"
"140522063","1564569877","1"
"1564569877","140522063","1"
"1429054823","2522077710","0.5"
"2522077710","1429054823","0.5"
"1446787551","30960237","1"
"30960237","1446787551","1"
"1446787551","1520146006","0.166667"
"1520146006","1446787551","0.166667"
"1446787551","1589921065","0.166667"
"1589921065","1446787551","0.166667"
"1446787551","1834437726","0.166667"
"1834437726","1446787551","0.166667"
"1446787551","2132117944","0.166667"
"2132117944","1446787551","0.166667"
"1446787551","1514132254","0.166667"
"1514132254","1446787551","0.166667"
"1446787551","1969563972","1.16667"
"1969563972","1446787551","1.16667"
"1446787551","2522147501","0.166667"
"2522147501","1446787551","0.166667"
"1514132254","1969563972","4.16667"
"1969563972","1514132254","4.16667"
"1514132254","2015957818","0.166667"
"2015957818","1514132254","0.166667"
"1514132254","2187181208","0.166667"
"2187181208","1514132254","0.166667"
"1514132254","237943535","0.166667"
"237943535","1514132254","0.166667"
"1514132254","2522147501","0.166667"
"2522147501","1514132254","0.166667"
"1969563972","2015957818","0.166667"
"2015957818","1969563972","0.166667"
"1969563972","2187181208","0.166667"
"2187181208","1969563972","0.166667"
"1969563972","237943535","0.166667"
"237943535","1969563972","0.166667"
"1969563972","2522147501","0.166667"
"2522147501","1969563972","0.166667"
"2015957818","237943535","0.666667"
"237943535","2015957818","0.666667"
"2015957818","2522147501","0.166667"
"2522147501","2015957818","0.166667"
"2187181208","237943535","0.666667"
"237943535","2187181208","0.666667"
"2187181208","2522147501","0.166667"
"2522147501","2187181208","0.166667"
"237943535","2522147501","0.166667"
"2522147501","237943535","0.166667"
"1507332975","237943535","1"
"237943535","1507332975","1"
"237943535","2523759974","0.5"
"2523759974","237943535","0.5"
"1507332975","1564569877","0.5"
"1564569877","1507332975","0.5"
"1564569877","237943535","0.5"
"237943535","1564569877","0.5"
"1520146006","237943535","0.333333"
"237943535","1520146006","0.333333"
"1834437726","237943535","1.33333"
"237943535","1834437726","1.33333"
"1520146006","2522147501","1"
"2522147501","1520146006","1"
"1520146006","1529720454","0.5"
"1529720454","1520146006","0.5"
"1520146006","1983732654","0.5"
"1983732654","1520146006","0.5"
"1529720454","1983732654","4"
"1983732654","1529720454","4"
"1529720454","2409846744","1"
"2409846744","1529720454","1"
"2409846744","2522147501","0.5"
"2522147501","2409846744","0.5"
"1983732654","2409846744","0.5"
"2409846744","1983732654","0.5"
"1669023823","2133688575","1"
"2133688575","1669023823","1"
"170772053","1793204667","6"
"1793204667","170772053","6"
"170772053","2503691547","3"
"2503691547","170772053","3"
"1793204667","2503691547","3"
"2503691547","1793204667","3"
"1777351889","70775150","0.5"
"70775150","1777351889","0.5"
"70338835","70775150","0.5"
"70775150","70338835","0.5"
"1793204667","2015957818","0.5"
"2015957818","1793204667","0.5"
"1793204667","2187181208","0.5"
"2187181208","1793204667","0.5"
"2015957818","2409846744","0.333333"
"2409846744","2015957818","0.333333"
"2187181208","2409846744","0.333333"
"2409846744","2187181208","0.333333"
"19503683","2503691547","1"
"2503691547","19503683","1"
"1969563972","30960237","1"
"30960237","1969563972","1"
"2007581502","2522341169","1"
"2522341169","2007581502","1"
"2007581502","2743899133","0.333333"
"2743899133","2007581502","0.333333"
"2397300488","2743899133","0.333333"
"2743899133","2397300488","0.333333"
"2592789869","2743899133","3.33333"
"2743899133","2592789869","3.33333"
"2007581502","2890291921","0.25"
"2890291921","2007581502","0.25"
"2397300488","2890291921","0.25"
"2890291921","2397300488","0.25"
"2586598394","2890291921","0.75"
"2890291921","2586598394","0.75"
"2592789869","2890291921","1.25"
"2890291921","2592789869","1.25"
"2123294840","70775150","1"
"70775150","2123294840","1"
"2124305838","70775150","1"
"70775150","2124305838","1"
"2187181208","30960237","0.5"
"30960237","2187181208","0.5"
"2586598394","2743899133","0.5"
"2743899133","2586598394","0.5"
"2743899133","2890291921","1.5"
"2890291921","2743899133","1.5"
"2894163292","2970188895","10"
"2970188895","2894163292","10"
"2894163292","2983749410","1"
"2983749410","2894163292","1"
"2970188895","2983749410","1"
"2983749410","2970188895","1"
"3998037","70775150","1"
"70775150","3998037","1"
