"107359364","2072554986","0.25"
"2072554986","107359364","0.25"
"107359364","2101961786","0.25"
"2101961786","107359364","0.25"
"107359364","2184900754","0.25"
"2184900754","107359364","0.25"
"107359364","56418595","2.41667"
"56418595","107359364","2.41667"
"2072554986","2101961786","0.535714"
"2101961786","2072554986","0.535714"
"2072554986","2184900754","0.392857"
"2184900754","2072554986","0.392857"
"2072554986","56418595","0.392857"
"56418595","2072554986","0.392857"
"2101961786","2184900754","0.25"
"2184900754","2101961786","0.25"
"2101961786","56418595","0.25"
"56418595","2101961786","0.25"
"2184900754","56418595","12.2202"
"56418595","2184900754","12.2202"
"107359364","1511771844","1.08333"
"1511771844","107359364","1.08333"
"107359364","1559679845","1.08333"
"1559679845","107359364","1.08333"
"107359364","2165265664","1.25"
"2165265664","107359364","1.25"
"1511771844","1559679845","1.08333"
"1559679845","1511771844","1.08333"
"1511771844","2165265664","3.51944"
"2165265664","1511771844","3.51944"
"1559679845","2165265664","0.916667"
"2165265664","1559679845","0.916667"
"107359364","2102091280","1.75"
"2102091280","107359364","1.75"
"107359364","2795336163","0.25"
"2795336163","107359364","0.25"
"1511771844","2795336163","0.361111"
"2795336163","1511771844","0.361111"
"1559679845","2795336163","0.25"
"2795336163","1559679845","0.25"
"2165265664","2795336163","0.361111"
"2795336163","2165265664","0.361111"
"107359364","1998473519","1"
"1998473519","107359364","1"
"107359364","1480828364","1.5"
"1480828364","107359364","1.5"
"107359364","1498352069","2.41667"
"1498352069","107359364","2.41667"
"1480828364","1498352069","0.333333"
"1498352069","1480828364","0.333333"
"1480828364","2165265664","0.333333"
"2165265664","1480828364","0.333333"
"1498352069","2165265664","1.15833"
"2165265664","1498352069","1.15833"
"107359364","1481203524","0.5"
"1481203524","107359364","0.5"
"107359364","1513478504","0.75"
"1513478504","107359364","0.75"
"1481203524","1498352069","0.533333"
"1498352069","1481203524","0.533333"
"1481203524","1513478504","0.7"
"1513478504","1481203524","0.7"
"1498352069","1513478504","7.69167"
"1513478504","1498352069","7.69167"
"1480828364","1481203524","0.809524"
"1481203524","1480828364","0.809524"
"1480828364","1511771844","0.166667"
"1511771844","1480828364","0.166667"
"1480828364","1513478504","0.416667"
"1513478504","1480828364","0.416667"
"1480828364","1559679845","0.166667"
"1559679845","1480828364","0.166667"
"1480828364","56418595","2.53571"
"56418595","1480828364","2.53571"
"1481203524","1511771844","1.16667"
"1511771844","1481203524","1.16667"
"1481203524","1559679845","0.166667"
"1559679845","1481203524","0.166667"
"1481203524","56418595","1.00952"
"56418595","1481203524","1.00952"
"1511771844","1513478504","3.40833"
"1513478504","1511771844","3.40833"
"1511771844","56418595","0.541667"
"56418595","1511771844","0.541667"
"1513478504","1559679845","0.166667"
"1559679845","1513478504","0.166667"
"1513478504","56418595","0.991667"
"56418595","1513478504","0.991667"
"1559679845","56418595","0.166667"
"56418595","1559679845","0.166667"
"1498352069","2102091280","2.58333"
"2102091280","1498352069","2.58333"
"107359364","2911434950","0.25"
"2911434950","107359364","0.25"
"1498352069","2911434950","0.375"
"2911434950","1498352069","0.375"
"1513478504","2102091280","1.08333"
"2102091280","1513478504","1.08333"
"1513478504","2911434950","1.125"
"2911434950","1513478504","1.125"
"2102091280","2911434950","0.25"
"2911434950","2102091280","0.25"
"1480828364","1546996295","1"
"1546996295","1480828364","1"
"1480828364","1549496011","0.333333"
"1549496011","1480828364","0.333333"
"1480828364","2106747585","0.47619"
"2106747585","1480828364","0.47619"
"1480828364","2911434950","0.869048"
"2911434950","1480828364","0.869048"
"1549496011","2106747585","0.833333"
"2106747585","1549496011","0.833333"
"1549496011","2911434950","3.04167"
"2911434950","1549496011","3.04167"
"2106747585","2911434950","1.61905"
"2911434950","2106747585","1.61905"
"1480828364","2184900754","1.86905"
"2184900754","1480828364","1.86905"
"1480828364","27238938","0.333333"
"27238938","1480828364","0.333333"
"2184900754","27238938","0.97619"
"27238938","2184900754","0.97619"
"27238938","56418595","0.97619"
"56418595","27238938","0.97619"
"1480828364","1518949160","0.285714"
"1518949160","1480828364","0.285714"
"1480828364","2983813777","0.142857"
"2983813777","1480828364","0.142857"
"1481203524","1518949160","1.73571"
"1518949160","1481203524","1.73571"
"1481203524","2106747585","0.142857"
"2106747585","1481203524","0.142857"
"1481203524","2184900754","0.142857"
"2184900754","1481203524","0.142857"
"1481203524","2911434950","0.285714"
"2911434950","1481203524","0.285714"
"1481203524","2983813777","3.72619"
"2983813777","1481203524","3.72619"
"1518949160","2106747585","2.70238"
"2106747585","1518949160","2.70238"
"1518949160","2184900754","0.761905"
"2184900754","1518949160","0.761905"
"1518949160","2911434950","0.964286"
"2911434950","1518949160","0.964286"
"1518949160","2983813777","1.50952"
"2983813777","1518949160","1.50952"
"1518949160","56418595","0.761905"
"56418595","1518949160","0.761905"
"2106747585","2184900754","0.285714"
"2184900754","2106747585","0.285714"
"2106747585","2983813777","0.142857"
"2983813777","2106747585","0.142857"
"2106747585","56418595","0.285714"
"56418595","2106747585","0.285714"
"2184900754","2911434950","2.1369"
"2911434950","2184900754","2.1369"
"2184900754","2983813777","0.47619"
"2983813777","2184900754","0.47619"
"2911434950","2983813777","0.142857"
"2983813777","2911434950","0.142857"
"2911434950","56418595","2.6369"
"56418595","2911434950","2.6369"
"2983813777","56418595","0.47619"
"56418595","2983813777","0.47619"
"1513478504","2184900754","0.375"
"2184900754","1513478504","0.375"
"1480828364","1961739848","0.142857"
"1961739848","1480828364","0.142857"
"1480828364","2096024255","0.142857"
"2096024255","1480828364","0.142857"
"1480828364","2113929724","0.142857"
"2113929724","1480828364","0.142857"
"1518949160","1961739848","0.285714"
"1961739848","1518949160","0.285714"
"1518949160","2096024255","0.845238"
"2096024255","1518949160","0.845238"
"1518949160","2113929724","7.04524"
"2113929724","1518949160","7.04524"
"1961739848","2096024255","3.28571"
"2096024255","1961739848","3.28571"
"1961739848","2113929724","0.285714"
"2113929724","1961739848","0.285714"
"1961739848","2184900754","0.142857"
"2184900754","1961739848","0.142857"
"1961739848","2911434950","0.285714"
"2911434950","1961739848","0.285714"
"1961739848","56418595","0.142857"
"56418595","1961739848","0.142857"
"2096024255","2113929724","1.09524"
"2113929724","2096024255","1.09524"
"2096024255","2184900754","0.47619"
"2184900754","2096024255","0.47619"
"2096024255","2911434950","0.428571"
"2911434950","2096024255","0.428571"
"2096024255","56418595","0.47619"
"56418595","2096024255","0.47619"
"2113929724","2184900754","0.142857"
"2184900754","2113929724","0.142857"
"2113929724","2911434950","0.678571"
"2911434950","2113929724","0.678571"
"2113929724","56418595","0.142857"
"56418595","2113929724","0.142857"
"1481203524","1546996295","0.45"
"1546996295","1481203524","0.45"
"1481203524","2034862017","2.50952"
"2034862017","1481203524","2.50952"
"1481203524","2101961786","3.67619"
"2101961786","1481203524","3.67619"
"1518949160","1546996295","4.28333"
"1546996295","1518949160","4.28333"
"1518949160","2034862017","1.06905"
"2034862017","1518949160","1.06905"
"1518949160","2101961786","2.23571"
"2101961786","1518949160","2.23571"
"1546996295","2034862017","0.45"
"2034862017","1546996295","0.45"
"1546996295","2101961786","0.616667"
"2101961786","1546996295","0.616667"
"2034862017","2101961786","13.1524"
"2101961786","2034862017","13.1524"
"1481203524","2096024255","1.47619"
"2096024255","1481203524","1.47619"
"2034862017","2096024255","0.619048"
"2096024255","2034862017","0.619048"
"2034862017","2983813777","0.583333"
"2983813777","2034862017","0.583333"
"2096024255","2983813777","0.333333"
"2983813777","2096024255","0.333333"
"1481203524","2113929724","0.92619"
"2113929724","1481203524","0.92619"
"1546996295","2113929724","1.45"
"2113929724","1546996295","1.45"
"2034862017","2113929724","1.40238"
"2113929724","2034862017","1.40238"
"2101961786","2113929724","1.56905"
"2113929724","2101961786","1.56905"
"2101961786","2983813777","0.25"
"2983813777","2101961786","0.25"
"2113929724","2983813777","0.916667"
"2983813777","2113929724","0.916667"
"1481203524","2072554986","0.642857"
"2072554986","1481203524","0.642857"
"1518949160","2072554986","4.07302"
"2072554986","1518949160","4.07302"
"1481203524","2060411097","0.7"
"2060411097","1481203524","0.7"
"1518949160","2060411097","0.892857"
"2060411097","1518949160","0.892857"
"1481203524","2150117343","1.2"
"2150117343","1481203524","1.2"
"1498352069","2060411097","0.2"
"2060411097","1498352069","0.2"
"1498352069","2150117343","0.45"
"2150117343","1498352069","0.45"
"1498352069","56418595","1.575"
"56418595","1498352069","1.575"
"1513478504","2060411097","0.2"
"2060411097","1513478504","0.2"
"1513478504","2150117343","0.45"
"2150117343","1513478504","0.45"
"2060411097","2150117343","0.2"
"2150117343","2060411097","0.2"
"2060411097","56418595","1.17619"
"56418595","2060411097","1.17619"
"2150117343","56418595","0.45"
"56418595","2150117343","0.45"
"1481203524","27238938","0.5"
"27238938","1481203524","0.5"
"2101961786","27238938","1.5"
"27238938","2101961786","1.5"
"2034862017","2072554986","0.285714"
"2072554986","2034862017","0.285714"
"2034862017","2911434950","0.285714"
"2911434950","2034862017","0.285714"
"2072554986","2096024255","0.285714"
"2096024255","2072554986","0.285714"
"2072554986","2113929724","0.619048"
"2113929724","2072554986","0.619048"
"2072554986","2911434950","0.428571"
"2911434950","2072554986","0.428571"
"2096024255","2101961786","0.452381"
"2101961786","2096024255","0.452381"
"2101961786","2911434950","0.285714"
"2911434950","2101961786","0.285714"
"1498352069","1511771844","4.075"
"1511771844","1498352069","4.075"
"1498352069","1587927411","0.7"
"1587927411","1498352069","0.7"
"1511771844","1587927411","1.2"
"1587927411","1511771844","1.2"
"1587927411","2165265664","3.36667"
"2165265664","1587927411","3.36667"
"1498352069","2935634454","0.458333"
"2935634454","1498352069","0.458333"
"1513478504","2935634454","0.958333"
"2935634454","1513478504","0.958333"
"2102091280","2935634454","0.333333"
"2935634454","2102091280","0.333333"
"1498352069","1549496011","0.825"
"1549496011","1498352069","0.825"
"1511771844","1549496011","0.658333"
"1549496011","1511771844","0.658333"
"1513478504","1549496011","0.825"
"1549496011","1513478504","0.825"
"1513478504","1587927411","1.36667"
"1587927411","1513478504","1.36667"
"1513478504","2165265664","0.991667"
"2165265664","1513478504","0.991667"
"1549496011","1587927411","2.45"
"1587927411","1549496011","2.45"
"1549496011","2165265664","0.658333"
"2165265664","1549496011","0.658333"
"1498352069","2184900754","0.125"
"2184900754","1498352069","0.125"
"1511771844","2184900754","0.125"
"2184900754","1511771844","0.125"
"1511771844","2911434950","0.458333"
"2911434950","1511771844","0.458333"
"1511771844","2935634454","0.236111"
"2935634454","1511771844","0.236111"
"1549496011","2184900754","0.125"
"2184900754","1549496011","0.125"
"1549496011","2935634454","0.125"
"2935634454","1549496011","0.125"
"1549496011","56418595","0.125"
"56418595","1549496011","0.125"
"2165265664","2184900754","0.125"
"2184900754","2165265664","0.125"
"2165265664","2911434950","0.458333"
"2911434950","2165265664","0.458333"
"2165265664","2935634454","0.236111"
"2935634454","2165265664","0.236111"
"2165265664","56418595","0.125"
"56418595","2165265664","0.125"
"2184900754","2935634454","0.125"
"2935634454","2184900754","0.125"
"2911434950","2935634454","0.125"
"2935634454","2911434950","0.125"
"2935634454","56418595","0.125"
"56418595","2935634454","0.125"
"1498352069","1559679845","1"
"1559679845","1498352069","1"
"1498352069","2064958915","0.166667"
"2064958915","1498352069","0.166667"
"1511771844","2064958915","0.166667"
"2064958915","1511771844","0.166667"
"1511771844","2102091280","1.5"
"2102091280","1511771844","1.5"
"1513478504","2064958915","0.166667"
"2064958915","1513478504","0.166667"
"1587927411","2064958915","0.166667"
"2064958915","1587927411","0.166667"
"1587927411","2102091280","0.583333"
"2102091280","1587927411","0.583333"
"2064958915","2102091280","0.166667"
"2102091280","2064958915","0.166667"
"2064958915","2165265664","0.166667"
"2165265664","2064958915","0.166667"
"2102091280","2165265664","0.666667"
"2165265664","2102091280","0.666667"
"1498352069","2795336163","0.333333"
"2795336163","1498352069","0.333333"
"1513478504","2795336163","0.333333"
"2795336163","1513478504","0.333333"
"2102091280","2795336163","0.333333"
"2795336163","2102091280","0.333333"
"1511771844","2150117343","0.25"
"2150117343","1511771844","0.25"
"1511771844","2060411097","0.333333"
"2060411097","1511771844","0.333333"
"2060411097","2102091280","0.333333"
"2102091280","2060411097","0.333333"
"2060411097","2165265664","0.333333"
"2165265664","2060411097","0.333333"
"1511771844","1518949160","0.111111"
"1518949160","1511771844","0.111111"
"1511771844","2072554986","0.111111"
"2072554986","1511771844","0.111111"
"1511771844","2406790903","0.111111"
"2406790903","1511771844","0.111111"
"1511771844","2621151780","0.111111"
"2621151780","1511771844","0.111111"
"1511771844","27238938","0.111111"
"27238938","1511771844","0.111111"
"1511771844","2885492309","0.111111"
"2885492309","1511771844","0.111111"
"1518949160","2165265664","0.277778"
"2165265664","1518949160","0.277778"
"1518949160","2406790903","0.644444"
"2406790903","1518949160","0.644444"
"1518949160","2621151780","1.51111"
"2621151780","1518949160","1.51111"
"1518949160","27238938","0.987302"
"27238938","1518949160","0.987302"
"1518949160","2795336163","0.644444"
"2795336163","1518949160","0.644444"
"1518949160","2885492309","1.14444"
"2885492309","1518949160","1.14444"
"1518949160","2935634454","0.644444"
"2935634454","1518949160","0.644444"
"2072554986","2165265664","0.277778"
"2165265664","2072554986","0.277778"
"2072554986","2406790903","0.644444"
"2406790903","2072554986","0.644444"
"2072554986","2621151780","1.56111"
"2621151780","2072554986","1.56111"
"2072554986","27238938","5.2873"
"27238938","2072554986","5.2873"
"2072554986","2795336163","0.361111"
"2795336163","2072554986","0.361111"
"2072554986","2885492309","0.861111"
"2885492309","2072554986","0.861111"
"2072554986","2935634454","0.861111"
"2935634454","2072554986","0.861111"
"2165265664","2406790903","0.111111"
"2406790903","2165265664","0.111111"
"2165265664","2621151780","0.111111"
"2621151780","2165265664","0.111111"
"2165265664","27238938","0.111111"
"27238938","2165265664","0.111111"
"2165265664","2885492309","0.111111"
"2885492309","2165265664","0.111111"
"2406790903","2621151780","1.47778"
"2621151780","2406790903","1.47778"
"2406790903","27238938","2.22778"
"27238938","2406790903","2.22778"
"2406790903","2795336163","2.27778"
"2795336163","2406790903","2.27778"
"2406790903","2885492309","1.61111"
"2885492309","2406790903","1.61111"
"2406790903","2935634454","0.111111"
"2935634454","2406790903","0.111111"
"2621151780","27238938","4.51111"
"27238938","2621151780","4.51111"
"2621151780","2795336163","1.47778"
"2795336163","2621151780","1.47778"
"2621151780","2885492309","0.561111"
"2885492309","2621151780","0.561111"
"2621151780","2935634454","0.561111"
"2935634454","2621151780","0.561111"
"27238938","2795336163","1.31111"
"2795336163","27238938","1.31111"
"27238938","2885492309","1.31111"
"2885492309","27238938","1.31111"
"27238938","2935634454","0.811111"
"2935634454","27238938","0.811111"
"2795336163","2885492309","8.39444"
"2885492309","2795336163","8.39444"
"2795336163","2935634454","1.89444"
"2935634454","2795336163","1.89444"
"2885492309","2935634454","4.39444"
"2935634454","2885492309","4.39444"
"1513478504","1531952425","0.5"
"1531952425","1513478504","0.5"
"1531952425","2911434950","0.5"
"2911434950","1531952425","0.5"
"1513478504","2072554986","0.5"
"2072554986","1513478504","0.5"
"2072554986","2983813777","0.533333"
"2983813777","2072554986","0.533333"
"2106747585","2885492309","0.5"
"2885492309","2106747585","0.5"
"1518949160","1998473519","0.333333"
"1998473519","1518949160","0.333333"
"1546996295","1998473519","0.166667"
"1998473519","1546996295","0.166667"
"1546996295","2096024255","0.916667"
"2096024255","1546996295","0.916667"
"1546996295","2106747585","0.416667"
"2106747585","1546996295","0.416667"
"1998473519","2096024255","0.166667"
"2096024255","1998473519","0.166667"
"1998473519","2101961786","0.166667"
"2101961786","1998473519","0.166667"
"1998473519","2106747585","0.166667"
"2106747585","1998473519","0.166667"
"1998473519","2113929724","0.166667"
"2113929724","1998473519","0.166667"
"2096024255","2106747585","0.416667"
"2106747585","2096024255","0.416667"
"2101961786","2106747585","0.166667"
"2106747585","2101961786","0.166667"
"2106747585","2113929724","0.166667"
"2113929724","2106747585","0.166667"
"1518949160","1549496011","1"
"1549496011","1518949160","1"
"1546996295","2983813777","0.833333"
"2983813777","1546996295","0.833333"
"2060411097","2072554986","0.142857"
"2072554986","2060411097","0.142857"
"2060411097","2106747585","0.392857"
"2106747585","2060411097","0.392857"
"2060411097","2184900754","0.97619"
"2184900754","2060411097","0.97619"
"2060411097","27238938","0.142857"
"27238938","2060411097","0.142857"
"2060411097","2911434950","0.142857"
"2911434950","2060411097","0.142857"
"2072554986","2106747585","0.142857"
"2106747585","2072554986","0.142857"
"2106747585","27238938","0.142857"
"27238938","2106747585","0.142857"
"27238938","2911434950","0.142857"
"2911434950","27238938","0.142857"
"1546996295","1549496011","0.25"
"1549496011","1546996295","0.25"
"1546996295","2911434950","0.25"
"2911434950","1546996295","0.25"
"1549496011","2113929724","0.25"
"2113929724","1549496011","0.25"
"1546996295","2184900754","0.333333"
"2184900754","1546996295","0.333333"
"1546996295","56418595","0.333333"
"56418595","1546996295","0.333333"
"2406790903","2983813777","2.61667"
"2983813777","2406790903","2.61667"
"2621151780","2983813777","1.7"
"2983813777","2621151780","1.7"
"27238938","2983813777","1.45"
"2983813777","27238938","1.45"
"1961739848","2034862017","0.142857"
"2034862017","1961739848","0.142857"
"1961739848","2072554986","0.142857"
"2072554986","1961739848","0.142857"
"1961739848","2101961786","0.142857"
"2101961786","1961739848","0.142857"
"1546996295","2060411097","0.25"
"2060411097","1546996295","0.25"
"2060411097","2096024255","0.583333"
"2096024255","2060411097","0.583333"
"1518949160","1587927411","0.416667"
"1587927411","1518949160","0.416667"
"1518949160","2102091280","0.416667"
"2102091280","1518949160","0.416667"
"1518949160","2150117343","0.416667"
"2150117343","1518949160","0.416667"
"1549496011","2102091280","0.25"
"2102091280","1549496011","0.25"
"1549496011","2150117343","0.25"
"2150117343","1549496011","0.25"
"1587927411","2150117343","0.416667"
"2150117343","1587927411","0.416667"
"2102091280","2150117343","2.41667"
"2150117343","2102091280","2.41667"
"1587927411","1998473519","0.166667"
"1998473519","1587927411","0.166667"
"1587927411","2072554986","0.166667"
"2072554986","1587927411","0.166667"
"1998473519","2072554986","2.16667"
"2072554986","1998473519","2.16667"
"1998473519","2102091280","0.166667"
"2102091280","1998473519","0.166667"
"1998473519","2150117343","3.5"
"2150117343","1998473519","3.5"
"1998473519","2165265664","0.5"
"2165265664","1998473519","0.5"
"2072554986","2102091280","0.166667"
"2102091280","2072554986","0.166667"
"2072554986","2150117343","0.166667"
"2150117343","2072554986","0.166667"
"2150117343","2165265664","0.5"
"2165265664","2150117343","0.5"
"1531952425","1603832532","8"
"1603832532","1531952425","8"
"1546996295","27238938","1"
"27238938","1546996295","1"
"1549496011","2001154722","2.33333"
"2001154722","1549496011","2.33333"
"1549496011","2406790903","0.333333"
"2406790903","1549496011","0.333333"
"1549496011","27238938","0.333333"
"27238938","1549496011","0.333333"
"2001154722","2406790903","0.833333"
"2406790903","2001154722","0.833333"
"2001154722","27238938","2.83333"
"27238938","2001154722","2.83333"
"1587927411","2120245226","1"
"2120245226","1587927411","1"
"2120245226","2165265664","1"
"2165265664","2120245226","1"
"1990556702","2406790903","1"
"2406790903","1990556702","1"
"1990556702","2072554986","1"
"2072554986","1990556702","1"
"1998473519","2034862017","0.333333"
"2034862017","1998473519","0.333333"
"2034862017","2150117343","0.833333"
"2150117343","2034862017","0.833333"
"2034862017","2165265664","0.333333"
"2165265664","2034862017","0.333333"
"2001154722","2621151780","0.75"
"2621151780","2001154722","0.75"
"2001154722","2983813777","1"
"2983813777","2001154722","1"
"2001154722","2795336163","0.25"
"2795336163","2001154722","0.25"
"2795336163","2983813777","2.16667"
"2983813777","2795336163","2.16667"
"2001154722","2184900754","0.333333"
"2184900754","2001154722","0.333333"
"2001154722","2911434950","0.333333"
"2911434950","2001154722","0.333333"
"2001154722","56418595","0.333333"
"56418595","2001154722","0.333333"
"2101961786","2150117343","0.5"
"2150117343","2101961786","0.5"
"2101961786","2120245226","2"
"2120245226","2101961786","2"
"2102091280","2184900754","0.5"
"2184900754","2102091280","0.5"
"2102091280","56418595","0.5"
"56418595","2102091280","0.5"
"2102091280","2106747585","1"
"2106747585","2102091280","1"
"2106747585","2122686225","1"
"2122686225","2106747585","1"
"2106747585","2621151780","1"
"2621151780","2106747585","1"
"2120245226","2911434950","0.5"
"2911434950","2120245226","0.5"
"2120245226","56418595","0.5"
"56418595","2120245226","0.5"
"2184900754","2621151780","0.333333"
"2621151780","2184900754","0.333333"
"2621151780","56418595","0.333333"
"56418595","2621151780","0.333333"
