"102593041","1555841518","0.916667"
"1555841518","102593041","0.916667"
"102593041","162139237","2.95758"
"162139237","102593041","2.95758"
"102593041","1989168465","1.35043"
"1989168465","102593041","1.35043"
"102593041","2033980946","0.916667"
"2033980946","102593041","0.916667"
"1555841518","162139237","1.91667"
"162139237","1555841518","1.91667"
"1555841518","1989168465","0.25"
"1989168465","1555841518","0.25"
"1555841518","2033980946","10.1778"
"2033980946","1555841518","10.1778"
"162139237","1989168465","3.74091"
"1989168465","162139237","3.74091"
"162139237","2033980946","1.91667"
"2033980946","162139237","1.91667"
"1989168465","2033980946","0.25"
"2033980946","1989168465","0.25"
"102593041","170866839","1.42424"
"170866839","102593041","1.42424"
"102593041","2032547610","1.54091"
"2032547610","102593041","1.54091"
"102593041","2094786220","0.424242"
"2094786220","102593041","0.424242"
"170866839","2032547610","1.95758"
"2032547610","170866839","1.95758"
"170866839","2094786220","5.12424"
"2094786220","170866839","5.12424"
"2032547610","2094786220","2.25043"
"2094786220","2032547610","2.25043"
"102593041","2048194152","0.507576"
"2048194152","102593041","0.507576"
"102593041","2063929696","0.707576"
"2063929696","102593041","0.707576"
"162139237","2032547610","2.94091"
"2032547610","162139237","2.94091"
"162139237","2048194152","1.04091"
"2048194152","162139237","1.04091"
"162139237","2063929696","5.03182"
"2063929696","162139237","5.03182"
"2032547610","2048194152","4.35758"
"2048194152","2032547610","4.35758"
"2032547610","2063929696","4.39091"
"2063929696","2032547610","4.39091"
"2048194152","2063929696","8.37424"
"2063929696","2048194152","8.37424"
"102593041","2069276410","0.457576"
"2069276410","102593041","0.457576"
"162139237","2069276410","1.49091"
"2069276410","162139237","1.49091"
"1989168465","2032547610","8.72424"
"2032547610","1989168465","8.72424"
"1989168465","2063929696","4.27424"
"2063929696","1989168465","4.27424"
"1989168465","2069276410","2.85758"
"2069276410","1989168465","2.85758"
"2032547610","2069276410","4.3671"
"2069276410","2032547610","4.3671"
"2063929696","2069276410","2.90758"
"2069276410","2063929696","2.90758"
"102593041","1596771354","0.0909091"
"1596771354","102593041","0.0909091"
"102593041","2009793926","0.0909091"
"2009793926","102593041","0.0909091"
"102593041","812360551","0.733766"
"812360551","102593041","0.733766"
"1596771354","162139237","0.0909091"
"162139237","1596771354","0.0909091"
"1596771354","170866839","0.0909091"
"170866839","1596771354","0.0909091"
"1596771354","1989168465","0.674242"
"1989168465","1596771354","0.674242"
"1596771354","2009793926","0.424242"
"2009793926","1596771354","0.424242"
"1596771354","2032547610","0.340909"
"2032547610","1596771354","0.340909"
"1596771354","2048194152","0.424242"
"2048194152","1596771354","0.424242"
"1596771354","2063929696","0.674242"
"2063929696","1596771354","0.674242"
"1596771354","2069276410","0.340909"
"2069276410","1596771354","0.340909"
"1596771354","2094786220","0.0909091"
"2094786220","1596771354","0.0909091"
"1596771354","812360551","0.0909091"
"812360551","1596771354","0.0909091"
"162139237","170866839","0.0909091"
"170866839","162139237","0.0909091"
"162139237","2009793926","0.181818"
"2009793926","162139237","0.181818"
"162139237","2094786220","0.290909"
"2094786220","162139237","0.290909"
"162139237","812360551","0.0909091"
"812360551","162139237","0.0909091"
"170866839","1989168465","0.507576"
"1989168465","170866839","0.507576"
"170866839","2009793926","2.29091"
"2009793926","170866839","2.29091"
"170866839","2048194152","1.62424"
"2048194152","170866839","1.62424"
"170866839","2063929696","0.257576"
"2063929696","170866839","0.257576"
"170866839","2069276410","1.29091"
"2069276410","170866839","1.29091"
"170866839","812360551","0.507576"
"812360551","170866839","0.507576"
"1989168465","2009793926","0.0909091"
"2009793926","1989168465","0.0909091"
"1989168465","2048194152","3.87424"
"2048194152","1989168465","3.87424"
"1989168465","2094786220","1.74091"
"2094786220","1989168465","1.74091"
"1989168465","812360551","0.850433"
"812360551","1989168465","0.850433"
"2009793926","2032547610","0.290909"
"2032547610","2009793926","0.290909"
"2009793926","2048194152","0.290909"
"2048194152","2009793926","0.290909"
"2009793926","2063929696","0.181818"
"2063929696","2009793926","0.181818"
"2009793926","2069276410","0.290909"
"2069276410","2009793926","0.290909"
"2009793926","2094786220","0.290909"
"2094786220","2009793926","0.290909"
"2009793926","812360551","1.29091"
"812360551","2009793926","1.29091"
"2032547610","812360551","0.790909"
"812360551","2032547610","0.790909"
"2048194152","2069276410","8.37424"
"2069276410","2048194152","8.37424"
"2048194152","2094786220","2.07424"
"2094786220","2048194152","2.07424"
"2048194152","812360551","0.257576"
"812360551","2048194152","0.257576"
"2063929696","2094786220","0.490909"
"2094786220","2063929696","0.490909"
"2063929696","812360551","0.257576"
"812360551","2063929696","0.257576"
"2069276410","2094786220","2.4171"
"2094786220","2069276410","2.4171"
"2069276410","812360551","0.257576"
"812360551","2069276410","0.257576"
"2094786220","812360551","1.29091"
"812360551","2094786220","1.29091"
"102593041","2061926529","0.166667"
"2061926529","102593041","0.166667"
"1989168465","2061926529","1.03333"
"2061926529","1989168465","1.03333"
"2032547610","2061926529","1.36667"
"2061926529","2032547610","1.36667"
"2048194152","2061926529","0.583333"
"2061926529","2048194152","0.583333"
"2061926529","2063929696","0.333333"
"2063929696","2061926529","0.333333"
"2061926529","2069276410","0.333333"
"2069276410","2061926529","0.333333"
"102593041","1521996283","0.142857"
"1521996283","102593041","0.142857"
"102593041","1578877315","0.142857"
"1578877315","102593041","0.142857"
"102593041","1842316007","0.142857"
"1842316007","102593041","0.142857"
"102593041","2071128014","0.142857"
"2071128014","102593041","0.142857"
"102593041","2156038459","0.142857"
"2156038459","102593041","0.142857"
"1521996283","1578877315","0.142857"
"1578877315","1521996283","0.142857"
"1521996283","1842316007","0.142857"
"1842316007","1521996283","0.142857"
"1521996283","1989168465","0.142857"
"1989168465","1521996283","0.142857"
"1521996283","2071128014","16.1929"
"2071128014","1521996283","16.1929"
"1521996283","2156038459","0.77619"
"2156038459","1521996283","0.77619"
"1521996283","812360551","0.67619"
"812360551","1521996283","0.67619"
"1578877315","1842316007","1.78571"
"1842316007","1578877315","1.78571"
"1578877315","1989168465","0.392857"
"1989168465","1578877315","0.392857"
"1578877315","2071128014","0.142857"
"2071128014","1578877315","0.142857"
"1578877315","2156038459","0.142857"
"2156038459","1578877315","0.142857"
"1578877315","812360551","0.72619"
"812360551","1578877315","0.72619"
"1842316007","1989168465","0.142857"
"1989168465","1842316007","0.142857"
"1842316007","2071128014","0.642857"
"2071128014","1842316007","0.642857"
"1842316007","2156038459","0.142857"
"2156038459","1842316007","0.142857"
"1842316007","812360551","0.97619"
"812360551","1842316007","0.97619"
"1989168465","2071128014","0.142857"
"2071128014","1989168465","0.142857"
"1989168465","2156038459","0.342857"
"2156038459","1989168465","0.342857"
"2071128014","2156038459","0.442857"
"2156038459","2071128014","0.442857"
"2071128014","812360551","0.342857"
"812360551","2071128014","0.342857"
"2156038459","812360551","1.07619"
"812360551","2156038459","1.07619"
"112682544","2121720842","25.4762"
"2121720842","112682544","25.4762"
"112682544","2028468875","0.642857"
"2028468875","112682544","0.642857"
"2028468875","2121720842","1.97619"
"2121720842","2028468875","1.97619"
"112682544","1492242491","0.142857"
"1492242491","112682544","0.142857"
"112682544","1544116204","0.142857"
"1544116204","112682544","0.142857"
"112682544","2043153872","0.97619"
"2043153872","112682544","0.97619"
"112682544","2062886907","0.142857"
"2062886907","112682544","0.142857"
"112682544","2096874857","0.142857"
"2096874857","112682544","0.142857"
"1492242491","1544116204","1.50952"
"1544116204","1492242491","1.50952"
"1492242491","2028468875","0.67619"
"2028468875","1492242491","0.67619"
"1492242491","2043153872","1.45952"
"2043153872","1492242491","1.45952"
"1492242491","2062886907","23.7095"
"2062886907","1492242491","23.7095"
"1492242491","2096874857","11.5095"
"2096874857","1492242491","11.5095"
"1492242491","2121720842","0.142857"
"2121720842","1492242491","0.142857"
"1544116204","2028468875","0.97619"
"2028468875","1544116204","0.97619"
"1544116204","2043153872","1.42619"
"2043153872","1544116204","1.42619"
"1544116204","2062886907","1.17619"
"2062886907","1544116204","1.17619"
"1544116204","2096874857","1.17619"
"2096874857","1544116204","1.17619"
"1544116204","2121720842","1.64286"
"2121720842","1544116204","1.64286"
"2028468875","2043153872","1.67619"
"2043153872","2028468875","1.67619"
"2028468875","2062886907","0.342857"
"2062886907","2028468875","0.342857"
"2028468875","2096874857","0.142857"
"2096874857","2028468875","0.142857"
"2043153872","2062886907","1.45952"
"2062886907","2043153872","1.45952"
"2043153872","2096874857","1.25952"
"2096874857","2043153872","1.25952"
"2043153872","2121720842","0.97619"
"2121720842","2043153872","0.97619"
"2062886907","2096874857","23.8429"
"2096874857","2062886907","23.8429"
"2062886907","2121720842","0.142857"
"2121720842","2062886907","0.142857"
"2096874857","2121720842","0.142857"
"2121720842","2096874857","0.142857"
"112682544","1985350390","0.333333"
"1985350390","112682544","0.333333"
"1985350390","2043153872","0.333333"
"2043153872","1985350390","0.333333"
"1985350390","2121720842","0.333333"
"2121720842","1985350390","0.333333"
"1485106630","1846261222","6.5"
"1846261222","1485106630","6.5"
"1485106630","2153024059","14.5"
"2153024059","1485106630","14.5"
"1846261222","2153024059","10.5"
"2153024059","1846261222","10.5"
"1486506204","2064036549","10.7"
"2064036549","1486506204","10.7"
"1486506204","162139237","0.2"
"162139237","1486506204","0.2"
"1486506204","2032547610","0.2"
"2032547610","1486506204","0.2"
"1486506204","2048194152","0.2"
"2048194152","1486506204","0.2"
"1486506204","2063929696","0.2"
"2063929696","1486506204","0.2"
"162139237","2064036549","0.2"
"2064036549","162139237","0.2"
"2032547610","2064036549","0.2"
"2064036549","2032547610","0.2"
"2048194152","2064036549","0.2"
"2064036549","2048194152","0.2"
"2063929696","2064036549","0.2"
"2064036549","2063929696","0.2"
"1486506204","1558742662","0.5"
"1558742662","1486506204","0.5"
"1558742662","2064036549","0.5"
"2064036549","1558742662","0.5"
"1486506204","1528122501","0.5"
"1528122501","1486506204","0.5"
"1528122501","2064036549","0.5"
"2064036549","1528122501","0.5"
"1486506204","1928124889","0.5"
"1928124889","1486506204","0.5"
"1928124889","2064036549","0.5"
"2064036549","1928124889","0.5"
"1486506204","1933165082","1.14286"
"1933165082","1486506204","1.14286"
"1486506204","1488628736","0.142857"
"1488628736","1486506204","0.142857"
"1486506204","1552943669","0.142857"
"1552943669","1486506204","0.142857"
"1486506204","1578877315","0.142857"
"1578877315","1486506204","0.142857"
"1486506204","1582777245","0.142857"
"1582777245","1486506204","0.142857"
"1486506204","170866839","0.142857"
"170866839","1486506204","0.142857"
"1486506204","1842316007","0.142857"
"1842316007","1486506204","0.142857"
"1488628736","1552943669","0.285714"
"1552943669","1488628736","0.285714"
"1488628736","1578877315","1.55952"
"1578877315","1488628736","1.55952"
"1488628736","1582777245","0.309524"
"1582777245","1488628736","0.309524"
"1488628736","170866839","0.509524"
"170866839","1488628736","0.509524"
"1488628736","1842316007","0.142857"
"1842316007","1488628736","0.142857"
"1488628736","1933165082","0.285714"
"1933165082","1488628736","0.285714"
"1552943669","1578877315","1.97619"
"1578877315","1552943669","1.97619"
"1552943669","1582777245","0.142857"
"1582777245","1552943669","0.142857"
"1552943669","170866839","1.14286"
"170866839","1552943669","1.14286"
"1552943669","1842316007","0.97619"
"1842316007","1552943669","0.97619"
"1552943669","1933165082","1.28571"
"1933165082","1552943669","1.28571"
"1578877315","1582777245","0.47619"
"1582777245","1578877315","0.47619"
"1578877315","170866839","0.892857"
"170866839","1578877315","0.892857"
"1578877315","1933165082","1.14286"
"1933165082","1578877315","1.14286"
"1582777245","170866839","0.809524"
"170866839","1582777245","0.809524"
"1582777245","1842316007","3.34286"
"1842316007","1582777245","3.34286"
"1582777245","1933165082","0.142857"
"1933165082","1582777245","0.142857"
"170866839","1842316007","0.642857"
"1842316007","170866839","0.642857"
"170866839","1933165082","0.142857"
"1933165082","170866839","0.142857"
"1842316007","1933165082","0.142857"
"1933165082","1842316007","0.142857"
"1487336677","1977809735","5"
"1977809735","1487336677","5"
"1487336677","1533637693","0.5"
"1533637693","1487336677","0.5"
"1487336677","1582777245","0.5"
"1582777245","1487336677","0.5"
"1533637693","1582777245","1.83333"
"1582777245","1533637693","1.83333"
"1487483891","2125476982","1.83333"
"2125476982","1487483891","1.83333"
"1487483891","1531386821","0.25"
"1531386821","1487483891","0.25"
"1487483891","2063451181","0.25"
"2063451181","1487483891","0.25"
"1487483891","2063862901","0.833333"
"2063862901","1487483891","0.833333"
"1531386821","2063451181","2.58333"
"2063451181","1531386821","2.58333"
"1531386821","2063862901","3"
"2063862901","1531386821","3"
"1531386821","2125476982","0.666667"
"2125476982","1531386821","0.666667"
"2063451181","2063862901","5.51667"
"2063862901","2063451181","5.51667"
"2063451181","2125476982","0.85"
"2125476982","2063451181","0.85"
"2063862901","2125476982","3.35"
"2125476982","2063862901","3.35"
"1487483891","2120436729","0.583333"
"2120436729","1487483891","0.583333"
"2063862901","2120436729","0.75"
"2120436729","2063862901","0.75"
"2120436729","2125476982","1.75"
"2125476982","2120436729","1.75"
"1487483891","2099500163","0.25"
"2099500163","1487483891","0.25"
"2063862901","2099500163","1.5"
"2099500163","2063862901","1.5"
"2099500163","2120436729","1.41667"
"2120436729","2099500163","1.41667"
"2099500163","2125476982","1.16667"
"2125476982","2099500163","1.16667"
"1488628736","1558742662","0.25"
"1558742662","1488628736","0.25"
"1488628736","1822485157","0.416667"
"1822485157","1488628736","0.416667"
"1488628736","36001739","1.11667"
"36001739","1488628736","1.11667"
"1558742662","1578877315","1.75"
"1578877315","1558742662","1.75"
"1558742662","1822485157","0.25"
"1822485157","1558742662","0.25"
"1558742662","36001739","0.25"
"36001739","1558742662","0.25"
"1578877315","1822485157","0.75"
"1822485157","1578877315","0.75"
"1578877315","36001739","0.25"
"36001739","1578877315","0.25"
"1822485157","36001739","0.25"
"36001739","1822485157","0.25"
"1488628736","1985350390","2.41667"
"1985350390","1488628736","2.41667"
"1488628736","2003261926","4.09286"
"2003261926","1488628736","4.09286"
"1488628736","2041581975","2.09286"
"2041581975","1488628736","2.09286"
"1985350390","2003261926","1.41667"
"2003261926","1985350390","1.41667"
"1985350390","2041581975","2.58333"
"2041581975","1985350390","2.58333"
"2003261926","2041581975","3.59286"
"2041581975","2003261926","3.59286"
"2003261926","36001739","3.03333"
"36001739","2003261926","3.03333"
"2041581975","36001739","1.03333"
"36001739","2041581975","1.03333"
"1488628736","1494066301","0.333333"
"1494066301","1488628736","0.333333"
"1488628736","171296487","0.333333"
"171296487","1488628736","0.333333"
"1494066301","171296487","0.333333"
"171296487","1494066301","0.333333"
"1494066301","36001739","0.333333"
"36001739","1494066301","0.333333"
"171296487","36001739","0.333333"
"36001739","171296487","0.333333"
"1488628736","2028239856","0.2"
"2028239856","1488628736","0.2"
"170866839","2003261926","0.2"
"2003261926","170866839","0.2"
"170866839","2028239856","0.533333"
"2028239856","170866839","0.533333"
"170866839","2041581975","0.2"
"2041581975","170866839","0.2"
"170866839","36001739","0.2"
"36001739","170866839","0.2"
"2003261926","2028239856","0.2"
"2028239856","2003261926","0.2"
"2028239856","2041581975","0.366667"
"2041581975","2028239856","0.366667"
"2028239856","36001739","0.2"
"36001739","2028239856","0.2"
"1488628736","2009793926","0.166667"
"2009793926","1488628736","0.166667"
"1488628736","78591124","0.166667"
"78591124","1488628736","0.166667"
"1578877315","1985350390","0.166667"
"1985350390","1578877315","0.166667"
"1578877315","2003261926","0.5"
"2003261926","1578877315","0.5"
"1578877315","2009793926","0.166667"
"2009793926","1578877315","0.166667"
"1578877315","2041581975","0.166667"
"2041581975","1578877315","0.166667"
"1578877315","78591124","0.166667"
"78591124","1578877315","0.166667"
"1985350390","2009793926","1.16667"
"2009793926","1985350390","1.16667"
"1985350390","78591124","1.83333"
"78591124","1985350390","1.83333"
"2003261926","2009793926","0.166667"
"2009793926","2003261926","0.166667"
"2003261926","78591124","0.166667"
"78591124","2003261926","0.166667"
"2009793926","2041581975","0.166667"
"2041581975","2009793926","0.166667"
"2009793926","78591124","0.166667"
"78591124","2009793926","0.166667"
"2041581975","78591124","0.166667"
"78591124","2041581975","0.166667"
"1488628736","2011038893","0.25"
"2011038893","1488628736","0.25"
"1985350390","2011038893","0.25"
"2011038893","1985350390","0.25"
"2003261926","2011038893","0.25"
"2011038893","2003261926","0.25"
"2011038893","2041581975","0.25"
"2041581975","2011038893","0.25"
"1488628736","2032547610","0.142857"
"2032547610","1488628736","0.142857"
"1488628736","2069276410","0.142857"
"2069276410","1488628736","0.142857"
"1488628736","2094786220","0.142857"
"2094786220","1488628736","0.142857"
"1552943669","2003261926","1.64286"
"2003261926","1552943669","1.64286"
"1552943669","2032547610","0.142857"
"2032547610","1552943669","0.142857"
"1552943669","2041581975","1.14286"
"2041581975","1552943669","1.14286"
"1552943669","2069276410","0.142857"
"2069276410","1552943669","0.142857"
"1552943669","2094786220","0.142857"
"2094786220","1552943669","0.142857"
"1933165082","2003261926","0.142857"
"2003261926","1933165082","0.142857"
"1933165082","2032547610","0.142857"
"2032547610","1933165082","0.142857"
"1933165082","2041581975","0.142857"
"2041581975","1933165082","0.142857"
"1933165082","2069276410","0.142857"
"2069276410","1933165082","0.142857"
"1933165082","2094786220","0.142857"
"2094786220","1933165082","0.142857"
"2003261926","2032547610","0.142857"
"2032547610","2003261926","0.142857"
"2003261926","2069276410","0.142857"
"2069276410","2003261926","0.142857"
"2003261926","2094786220","0.142857"
"2094786220","2003261926","0.142857"
"2032547610","2041581975","0.142857"
"2041581975","2032547610","0.142857"
"2041581975","2069276410","0.142857"
"2069276410","2041581975","0.142857"
"2041581975","2094786220","0.142857"
"2094786220","2041581975","0.142857"
"1488628736","1500696949","0.166667"
"1500696949","1488628736","0.166667"
"1488628736","1533637693","0.166667"
"1533637693","1488628736","0.166667"
"1488628736","1855338040","0.166667"
"1855338040","1488628736","0.166667"
"1500696949","1533637693","1.16667"
"1533637693","1500696949","1.16667"
"1500696949","1582777245","0.166667"
"1582777245","1500696949","0.166667"
"1500696949","170866839","0.166667"
"170866839","1500696949","0.166667"
"1500696949","1822485157","0.701923"
"1822485157","1500696949","0.701923"
"1500696949","1855338040","0.166667"
"1855338040","1500696949","0.166667"
"1533637693","170866839","3.36667"
"170866839","1533637693","3.36667"
"1533637693","1822485157","1.16667"
"1822485157","1533637693","1.16667"
"1533637693","1855338040","3.56667"
"1855338040","1533637693","3.56667"
"1582777245","1822485157","0.166667"
"1822485157","1582777245","0.166667"
"1582777245","1855338040","0.266667"
"1855338040","1582777245","0.266667"
"170866839","1822485157","0.166667"
"1822485157","170866839","0.166667"
"170866839","1855338040","0.366667"
"1855338040","170866839","0.366667"
"1822485157","1855338040","0.166667"
"1855338040","1822485157","0.166667"
"1489307270","2127112155","4.52424"
"2127112155","1489307270","4.52424"
"1489307270","2127141487","3.02424"
"2127141487","1489307270","3.02424"
"1489307270","2291030619","3.02424"
"2291030619","1489307270","3.02424"
"2127112155","2127141487","3.93333"
"2127141487","2127112155","3.93333"
"2127112155","2291030619","2.93333"
"2291030619","2127112155","2.93333"
"2127141487","2291030619","11.3576"
"2291030619","2127141487","11.3576"
"1489307270","1732150477","0.1"
"1732150477","1489307270","0.1"
"1489307270","1992022440","0.190909"
"1992022440","1489307270","0.190909"
"1489307270","2001810619","0.190909"
"2001810619","1489307270","0.190909"
"1489307270","2063451181","0.1"
"2063451181","1489307270","0.1"
"1489307270","2063862901","0.1"
"2063862901","1489307270","0.1"
"1489307270","2125476982","0.1"
"2125476982","1489307270","0.1"
"1489307270","2137232099","0.1"
"2137232099","1489307270","0.1"
"1732150477","1992022440","0.267832"
"1992022440","1732150477","0.267832"
"1732150477","2001810619","0.1"
"2001810619","1732150477","0.1"
"1732150477","2063451181","0.1"
"2063451181","1732150477","0.1"
"1732150477","2063862901","0.1"
"2063862901","1732150477","0.1"
"1732150477","2125476982","0.1"
"2125476982","1732150477","0.1"
"1732150477","2127112155","0.1"
"2127112155","1732150477","0.1"
"1732150477","2127141487","0.1"
"2127141487","1732150477","0.1"
"1732150477","2137232099","1.02894"
"2137232099","1732150477","1.02894"
"1732150477","2291030619","0.1"
"2291030619","1732150477","0.1"
"1992022440","2001810619","0.190909"
"2001810619","1992022440","0.190909"
"1992022440","2063451181","0.1"
"2063451181","1992022440","0.1"
"1992022440","2063862901","0.1"
"2063862901","1992022440","0.1"
"1992022440","2125476982","0.1"
"2125476982","1992022440","0.1"
"1992022440","2127112155","0.1"
"2127112155","1992022440","0.1"
"1992022440","2127141487","0.357576"
"2127141487","1992022440","0.357576"
"1992022440","2137232099","0.267832"
"2137232099","1992022440","0.267832"
"1992022440","2291030619","0.357576"
"2291030619","1992022440","0.357576"
"2001810619","2063451181","0.1"
"2063451181","2001810619","0.1"
"2001810619","2063862901","0.1"
"2063862901","2001810619","0.1"
"2001810619","2125476982","0.1"
"2125476982","2001810619","0.1"
"2001810619","2127112155","0.225"
"2127112155","2001810619","0.225"
"2001810619","2127141487","0.190909"
"2127141487","2001810619","0.190909"
"2001810619","2137232099","0.1"
"2137232099","2001810619","0.1"
"2001810619","2291030619","0.190909"
"2291030619","2001810619","0.190909"
"2063451181","2127112155","0.1"
"2127112155","2063451181","0.1"
"2063451181","2127141487","0.1"
"2127141487","2063451181","0.1"
"2063451181","2137232099","0.1"
"2137232099","2063451181","0.1"
"2063451181","2291030619","0.1"
"2291030619","2063451181","0.1"
"2063862901","2127112155","0.1"
"2127112155","2063862901","0.1"
"2063862901","2127141487","0.1"
"2127141487","2063862901","0.1"
"2063862901","2137232099","0.1"
"2137232099","2063862901","0.1"
"2063862901","2291030619","0.1"
"2291030619","2063862901","0.1"
"2125476982","2127112155","0.1"
"2127112155","2125476982","0.1"
"2125476982","2127141487","0.1"
"2127141487","2125476982","0.1"
"2125476982","2137232099","0.1"
"2137232099","2125476982","0.1"
"2125476982","2291030619","0.1"
"2291030619","2125476982","0.1"
"2127112155","2137232099","0.1"
"2137232099","2127112155","0.1"
"2127141487","2137232099","0.1"
"2137232099","2127141487","0.1"
"2137232099","2291030619","0.1"
"2291030619","2137232099","0.1"
"1489307270","1494513226","0.0909091"
"1494513226","1489307270","0.0909091"
"1489307270","1523625602","0.0909091"
"1523625602","1489307270","0.0909091"
"1489307270","1552943669","0.0909091"
"1552943669","1489307270","0.0909091"
"1489307270","1558742662","0.0909091"
"1558742662","1489307270","0.0909091"
"1489307270","162139237","0.0909091"
"162139237","1489307270","0.0909091"
"1489307270","1965387389","0.0909091"
"1965387389","1489307270","0.0909091"
"1489307270","1976919920","0.181818"
"1976919920","1489307270","0.181818"
"1489307270","2009793926","0.424242"
"2009793926","1489307270","0.424242"
"1489307270","2063929696","0.0909091"
"2063929696","1489307270","0.0909091"
"1489307270","2162956214","0.0909091"
"2162956214","1489307270","0.0909091"
"1494513226","1523625602","8.75758"
"1523625602","1494513226","8.75758"
"1494513226","1552943669","6.92424"
"1552943669","1494513226","6.92424"
"1494513226","1558742662","0.0909091"
"1558742662","1494513226","0.0909091"
"1494513226","162139237","0.0909091"
"162139237","1494513226","0.0909091"
"1494513226","1965387389","0.0909091"
"1965387389","1494513226","0.0909091"
"1494513226","1976919920","0.424242"
"1976919920","1494513226","0.424242"
"1494513226","2009793926","0.757576"
"2009793926","1494513226","0.757576"
"1494513226","2063929696","0.0909091"
"2063929696","1494513226","0.0909091"
"1494513226","2127112155","0.0909091"
"2127112155","1494513226","0.0909091"
"1494513226","2162956214","0.0909091"
"2162956214","1494513226","0.0909091"
"1523625602","1552943669","3.59091"
"1552943669","1523625602","3.59091"
"1523625602","1558742662","0.0909091"
"1558742662","1523625602","0.0909091"
"1523625602","162139237","0.0909091"
"162139237","1523625602","0.0909091"
"1523625602","1965387389","0.0909091"
"1965387389","1523625602","0.0909091"
"1523625602","1976919920","1.42424"
"1976919920","1523625602","1.42424"
"1523625602","2009793926","1.75758"
"2009793926","1523625602","1.75758"
"1523625602","2063929696","0.0909091"
"2063929696","1523625602","0.0909091"
"1523625602","2127112155","0.0909091"
"2127112155","1523625602","0.0909091"
"1523625602","2162956214","0.0909091"
"2162956214","1523625602","0.0909091"
"1552943669","1558742662","0.0909091"
"1558742662","1552943669","0.0909091"
"1552943669","162139237","0.0909091"
"162139237","1552943669","0.0909091"
"1552943669","1965387389","0.0909091"
"1965387389","1552943669","0.0909091"
"1552943669","1976919920","2.42424"
"1976919920","1552943669","2.42424"
"1552943669","2009793926","0.757576"
"2009793926","1552943669","0.757576"
"1552943669","2063929696","0.0909091"
"2063929696","1552943669","0.0909091"
"1552943669","2127112155","0.0909091"
"2127112155","1552943669","0.0909091"
"1552943669","2162956214","0.0909091"
"2162956214","1552943669","0.0909091"
"1558742662","162139237","0.0909091"
"162139237","1558742662","0.0909091"
"1558742662","1965387389","0.257576"
"1965387389","1558742662","0.257576"
"1558742662","1976919920","0.0909091"
"1976919920","1558742662","0.0909091"
"1558742662","2009793926","0.290909"
"2009793926","1558742662","0.290909"
"1558742662","2063929696","0.0909091"
"2063929696","1558742662","0.0909091"
"1558742662","2127112155","0.0909091"
"2127112155","1558742662","0.0909091"
"1558742662","2162956214","1.09091"
"2162956214","1558742662","1.09091"
"162139237","1965387389","1.09091"
"1965387389","162139237","1.09091"
"162139237","1976919920","0.0909091"
"1976919920","162139237","0.0909091"
"162139237","2127112155","0.0909091"
"2127112155","162139237","0.0909091"
"162139237","2162956214","0.0909091"
"2162956214","162139237","0.0909091"
"1965387389","1976919920","0.590909"
"1976919920","1965387389","0.590909"
"1965387389","2009793926","0.0909091"
"2009793926","1965387389","0.0909091"
"1965387389","2063929696","0.0909091"
"2063929696","1965387389","0.0909091"
"1965387389","2127112155","0.0909091"
"2127112155","1965387389","0.0909091"
"1965387389","2162956214","0.0909091"
"2162956214","1965387389","0.0909091"
"1976919920","2009793926","0.0909091"
"2009793926","1976919920","0.0909091"
"1976919920","2063929696","0.0909091"
"2063929696","1976919920","0.0909091"
"1976919920","2127112155","0.0909091"
"2127112155","1976919920","0.0909091"
"1976919920","2162956214","0.0909091"
"2162956214","1976919920","0.0909091"
"2009793926","2127112155","0.424242"
"2127112155","2009793926","0.424242"
"2009793926","2162956214","0.0909091"
"2162956214","2009793926","0.0909091"
"2063929696","2127112155","0.0909091"
"2127112155","2063929696","0.0909091"
"2063929696","2162956214","0.790909"
"2162956214","2063929696","0.790909"
"2127112155","2162956214","0.0909091"
"2162956214","2127112155","0.0909091"
"1489307270","1533637693","0.166667"
"1533637693","1489307270","0.166667"
"1489307270","159012632","0.166667"
"159012632","1489307270","0.166667"
"1489307270","1596771354","0.666667"
"1596771354","1489307270","0.666667"
"1533637693","159012632","12.95"
"159012632","1533637693","12.95"
"1533637693","1596771354","0.166667"
"1596771354","1533637693","0.166667"
"1533637693","2127112155","0.166667"
"2127112155","1533637693","0.166667"
"1533637693","2127141487","1.25"
"2127141487","1533637693","1.25"
"1533637693","2291030619","1.25"
"2291030619","1533637693","1.25"
"159012632","1596771354","0.166667"
"1596771354","159012632","0.166667"
"159012632","2127112155","0.166667"
"2127112155","159012632","0.166667"
"159012632","2127141487","1.25"
"2127141487","159012632","1.25"
"159012632","2291030619","1.25"
"2291030619","159012632","1.25"
"1596771354","2127112155","0.666667"
"2127112155","1596771354","0.666667"
"1596771354","2127141487","0.166667"
"2127141487","1596771354","0.166667"
"1596771354","2291030619","0.166667"
"2291030619","1596771354","0.166667"
"1489307270","1500696949","0.0909091"
"1500696949","1489307270","0.0909091"
"1489307270","1589869945","0.0909091"
"1589869945","1489307270","0.0909091"
"1489307270","1602823218","0.0909091"
"1602823218","1489307270","0.0909091"
"1489307270","2058399562","0.0909091"
"2058399562","1489307270","0.0909091"
"1489307270","2163704866","0.0909091"
"2163704866","1489307270","0.0909091"
"1489307270","2242931125","0.0909091"
"2242931125","1489307270","0.0909091"
"1500696949","1589869945","0.662338"
"1589869945","1500696949","0.662338"
"1500696949","1602823218","0.207832"
"1602823218","1500696949","0.207832"
"1500696949","1976919920","0.0909091"
"1976919920","1500696949","0.0909091"
"1500696949","1992022440","0.291166"
"1992022440","1500696949","0.291166"
"1500696949","2001810619","0.0909091"
"2001810619","1500696949","0.0909091"
"1500696949","2058399562","0.350689"
"2058399562","1500696949","0.350689"
"1500696949","2127141487","0.0909091"
"2127141487","1500696949","0.0909091"
"1500696949","2163704866","0.130909"
"2163704866","1500696949","0.130909"
"1500696949","2242931125","0.350689"
"2242931125","1500696949","0.350689"
"1500696949","2291030619","0.0909091"
"2291030619","1500696949","0.0909091"
"1589869945","1602823218","0.0909091"
"1602823218","1589869945","0.0909091"
"1589869945","1976919920","0.0909091"
"1976919920","1589869945","0.0909091"
"1589869945","1992022440","0.0909091"
"1992022440","1589869945","0.0909091"
"1589869945","2001810619","0.0909091"
"2001810619","1589869945","0.0909091"
"1589869945","2058399562","0.0909091"
"2058399562","1589869945","0.0909091"
"1589869945","2127141487","0.0909091"
"2127141487","1589869945","0.0909091"
"1589869945","2163704866","0.0909091"
"2163704866","1589869945","0.0909091"
"1589869945","2242931125","0.0909091"
"2242931125","1589869945","0.0909091"
"1589869945","2291030619","0.0909091"
"2291030619","1589869945","0.0909091"
"1602823218","1976919920","0.0909091"
"1976919920","1602823218","0.0909091"
"1602823218","1992022440","0.298741"
"1992022440","1602823218","0.298741"
"1602823218","2001810619","0.0909091"
"2001810619","1602823218","0.0909091"
"1602823218","2058399562","1.54874"
"2058399562","1602823218","1.54874"
"1602823218","2127141487","0.0909091"
"2127141487","1602823218","0.0909091"
"1602823218","2163704866","0.630909"
"2163704866","1602823218","0.630909"
"1602823218","2242931125","1.54874"
"2242931125","1602823218","1.54874"
"1602823218","2291030619","0.0909091"
"2291030619","1602823218","0.0909091"
"1976919920","1992022440","0.0909091"
"1992022440","1976919920","0.0909091"
"1976919920","2001810619","0.0909091"
"2001810619","1976919920","0.0909091"
"1976919920","2058399562","0.0909091"
"2058399562","1976919920","0.0909091"
"1976919920","2127141487","0.0909091"
"2127141487","1976919920","0.0909091"
"1976919920","2163704866","0.0909091"
"2163704866","1976919920","0.0909091"
"1976919920","2242931125","0.0909091"
"2242931125","1976919920","0.0909091"
"1976919920","2291030619","0.0909091"
"2291030619","1976919920","0.0909091"
"1992022440","2058399562","0.298741"
"2058399562","1992022440","0.298741"
"1992022440","2163704866","0.130909"
"2163704866","1992022440","0.130909"
"1992022440","2242931125","0.298741"
"2242931125","1992022440","0.298741"
"2001810619","2058399562","0.0909091"
"2058399562","2001810619","0.0909091"
"2001810619","2163704866","0.0909091"
"2163704866","2001810619","0.0909091"
"2001810619","2242931125","0.0909091"
"2242931125","2001810619","0.0909091"
"2058399562","2127141487","0.0909091"
"2127141487","2058399562","0.0909091"
"2058399562","2163704866","0.880909"
"2163704866","2058399562","0.880909"
"2058399562","2242931125","2.80271"
"2242931125","2058399562","2.80271"
"2058399562","2291030619","0.0909091"
"2291030619","2058399562","0.0909091"
"2127141487","2163704866","0.0909091"
"2163704866","2127141487","0.0909091"
"2127141487","2242931125","0.0909091"
"2242931125","2127141487","0.0909091"
"2163704866","2242931125","0.880909"
"2242931125","2163704866","0.880909"
"2163704866","2291030619","0.0909091"
"2291030619","2163704866","0.0909091"
"2242931125","2291030619","0.0909091"
"2291030619","2242931125","0.0909091"
"1489307270","1578877315","0.166667"
"1578877315","1489307270","0.166667"
"1489307270","1822485157","0.166667"
"1822485157","1489307270","0.166667"
"1489307270","2011038893","0.166667"
"2011038893","1489307270","0.166667"
"1489307270","2046284239","0.166667"
"2046284239","1489307270","0.166667"
"1578877315","1596771354","0.166667"
"1596771354","1578877315","0.166667"
"1578877315","2011038893","0.166667"
"2011038893","1578877315","0.166667"
"1578877315","2046284239","1.16667"
"2046284239","1578877315","1.16667"
"1578877315","2127112155","0.166667"
"2127112155","1578877315","0.166667"
"1596771354","1822485157","1.96978"
"1822485157","1596771354","1.96978"
"1596771354","2011038893","1.41667"
"2011038893","1596771354","1.41667"
"1596771354","2046284239","0.634524"
"2046284239","1596771354","0.634524"
"1822485157","2011038893","0.166667"
"2011038893","1822485157","0.166667"
"1822485157","2046284239","3.11111"
"2046284239","1822485157","3.11111"
"1822485157","2127112155","0.166667"
"2127112155","1822485157","0.166667"
"2011038893","2046284239","0.166667"
"2046284239","2011038893","0.166667"
"2011038893","2127112155","0.166667"
"2127112155","2011038893","0.166667"
"2046284239","2127112155","0.291667"
"2127112155","2046284239","0.291667"
"1491715504","1523363075","0.2"
"1523363075","1491715504","0.2"
"1491715504","1992022440","0.24"
"1992022440","1491715504","0.24"
"1491715504","2063127731","0.24"
"2063127731","1491715504","0.24"
"1491715504","2065423658","0.24"
"2065423658","1491715504","0.24"
"1491715504","2151461610","0.45"
"2151461610","1491715504","0.45"
"1523363075","1992022440","0.2"
"1992022440","1523363075","0.2"
"1523363075","2063127731","0.2"
"2063127731","1523363075","0.2"
"1523363075","2065423658","4.06468"
"2065423658","1523363075","4.06468"
"1523363075","2151461610","0.41978"
"2151461610","1523363075","0.41978"
"1992022440","2063127731","1.60026"
"2063127731","1992022440","1.60026"
"1992022440","2065423658","0.24"
"2065423658","1992022440","0.24"
"1992022440","2151461610","0.2"
"2151461610","1992022440","0.2"
"2063127731","2065423658","0.49"
"2065423658","2063127731","0.49"
"2063127731","2151461610","0.2"
"2151461610","2063127731","0.2"
"2065423658","2151461610","0.342857"
"2151461610","2065423658","0.342857"
"1491715504","1535908773","0.29"
"1535908773","1491715504","0.29"
"1491715504","1550632479","0.29"
"1550632479","1491715504","0.29"
"1491715504","2036357858","0.29"
"2036357858","1491715504","0.29"
"1535908773","1550632479","0.373333"
"1550632479","1535908773","0.373333"
"1535908773","2036357858","0.569762"
"2036357858","1535908773","0.569762"
"1535908773","2151461610","1.49359"
"2151461610","1535908773","1.49359"
"1550632479","2036357858","0.373333"
"2036357858","1550632479","0.373333"
"1550632479","2151461610","0.25"
"2151461610","1550632479","0.25"
"2036357858","2151461610","0.25"
"2151461610","2036357858","0.25"
"1491715504","1494066301","0.04"
"1494066301","1491715504","0.04"
"1491715504","1500696949","0.04"
"1500696949","1491715504","0.04"
"1491715504","1528076219","0.04"
"1528076219","1491715504","0.04"
"1491715504","1602823218","0.04"
"1602823218","1491715504","0.04"
"1491715504","1759203096","0.04"
"1759203096","1491715504","0.04"
"1491715504","1977809735","0.04"
"1977809735","1491715504","0.04"
"1491715504","1985851996","0.04"
"1985851996","1491715504","0.04"
"1491715504","1989968537","0.04"
"1989968537","1491715504","0.04"
"1491715504","2010442587","0.04"
"2010442587","1491715504","0.04"
"1491715504","2046284239","0.04"
"2046284239","1491715504","0.04"
"1491715504","2058399562","0.04"
"2058399562","1491715504","0.04"
"1491715504","2059463319","0.04"
"2059463319","1491715504","0.04"
"1491715504","2087506894","0.04"
"2087506894","1491715504","0.04"
"1491715504","2101470352","0.04"
"2101470352","1491715504","0.04"
"1491715504","2128011788","0.04"
"2128011788","1491715504","0.04"
"1491715504","2142657952","0.04"
"2142657952","1491715504","0.04"
"1491715504","2162956214","0.04"
"2162956214","1491715504","0.04"
"1491715504","2163704866","0.04"
"2163704866","1491715504","0.04"
"1491715504","2242931125","0.04"
"2242931125","1491715504","0.04"
"1494066301","1500696949","0.438352"
"1500696949","1494066301","0.438352"
"1494066301","1528076219","0.425714"
"1528076219","1494066301","0.425714"
"1494066301","1535908773","0.638352"
"1535908773","1494066301","0.638352"
"1494066301","1550632479","0.123333"
"1550632479","1494066301","0.123333"
"1494066301","1602823218","0.04"
"1602823218","1494066301","0.04"
"1494066301","1759203096","0.04"
"1759203096","1494066301","0.04"
"1494066301","1977809735","0.04"
"1977809735","1494066301","0.04"
"1494066301","1985851996","0.425714"
"1985851996","1494066301","0.425714"
"1494066301","1989968537","0.938352"
"1989968537","1494066301","0.938352"
"1494066301","1992022440","0.123333"
"1992022440","1494066301","0.123333"
"1494066301","2010442587","0.111429"
"2010442587","1494066301","0.111429"
"1494066301","2036357858","0.123333"
"2036357858","1494066301","0.123333"
"1494066301","2046284239","0.336429"
"2046284239","1494066301","0.336429"
"1494066301","2058399562","0.04"
"2058399562","1494066301","0.04"
"1494066301","2059463319","9.64073"
"2059463319","1494066301","9.64073"
"1494066301","2063127731","0.123333"
"2063127731","1494066301","0.123333"
"1494066301","2065423658","1.15548"
"2065423658","1494066301","1.15548"
"1494066301","2087506894","0.971685"
"2087506894","1494066301","0.971685"
"1494066301","2101470352","0.425714"
"2101470352","1494066301","0.425714"
"1494066301","2128011788","0.425714"
"2128011788","1494066301","0.425714"
"1494066301","2142657952","0.438352"
"2142657952","1494066301","0.438352"
"1494066301","2162956214","1.18643"
"2162956214","1494066301","1.18643"
"1494066301","2163704866","0.625714"
"2163704866","1494066301","0.625714"
"1494066301","2242931125","0.04"
"2242931125","1494066301","0.04"
"1500696949","1528076219","0.04"
"1528076219","1500696949","0.04"
"1500696949","1535908773","1.85456"
"1535908773","1500696949","1.85456"
"1500696949","1550632479","0.123333"
"1550632479","1500696949","0.123333"
"1500696949","1759203096","0.569762"
"1759203096","1500696949","0.569762"
"1500696949","1977809735","0.04"
"1977809735","1500696949","0.04"
"1500696949","1985851996","0.04"
"1985851996","1500696949","0.04"
"1500696949","1989968537","1.18789"
"1989968537","1500696949","1.18789"
"1500696949","2010442587","0.111429"
"2010442587","1500696949","0.111429"
"1500696949","2036357858","0.319762"
"2036357858","1500696949","0.319762"
