"110317680","2134703462","1.62057"
"2134703462","110317680","1.62057"
"110317680","2221997848","1.62057"
"2221997848","110317680","1.62057"
"2134703462","2221997848","13.3859"
"2221997848","2134703462","13.3859"
"110317680","2122190611","0.580952"
"2122190611","110317680","0.580952"
"110317680","2520539619","0.166667"
"2520539619","110317680","0.166667"
"110317680","2950744594","0.166667"
"2950744594","110317680","0.166667"
"110317680","2953283975","2.28724"
"2953283975","110317680","2.28724"
"2122190611","2134703462","1.07143"
"2134703462","2122190611","1.07143"
"2122190611","2221997848","1.07143"
"2221997848","2122190611","1.07143"
"2122190611","2520539619","0.166667"
"2520539619","2122190611","0.166667"
"2122190611","2950744594","0.166667"
"2950744594","2122190611","0.166667"
"2122190611","2953283975","0.571429"
"2953283975","2122190611","0.571429"
"2134703462","2520539619","0.166667"
"2520539619","2134703462","0.166667"
"2134703462","2950744594","0.166667"
"2950744594","2134703462","0.166667"
"2134703462","2953283975","1.35252"
"2953283975","2134703462","1.35252"
"2221997848","2520539619","0.166667"
"2520539619","2221997848","0.166667"
"2221997848","2950744594","0.166667"
"2950744594","2221997848","0.166667"
"2221997848","2953283975","1.47752"
"2953283975","2221997848","1.47752"
"2520539619","2950744594","24.8333"
"2950744594","2520539619","24.8333"
"2520539619","2953283975","0.166667"
"2953283975","2520539619","0.166667"
"2950744594","2953283975","0.166667"
"2953283975","2950744594","0.166667"
"110317680","1489972580","0.620574"
"1489972580","110317680","0.620574"
"110317680","1554945394","0.24359"
"1554945394","110317680","0.24359"
"110317680","157178500","0.346764"
"157178500","110317680","0.346764"
"110317680","2116683577","2.71343"
"2116683577","110317680","2.71343"
"110317680","2157301192","0.570574"
"2157301192","110317680","0.570574"
"110317680","2174925257","3.45391"
"2174925257","110317680","3.45391"
"110317680","2398247868","0.403907"
"2398247868","110317680","0.403907"
"110317680","2515148583","0.882479"
"2515148583","110317680","0.882479"
"110317680","2588528865","0.632479"
"2588528865","110317680","0.632479"
"110317680","2765700031","0.132479"
"2765700031","110317680","0.132479"
"1489972580","1554945394","0.989423"
"1554945394","1489972580","0.989423"
"1489972580","157178500","1.91641"
"157178500","1489972580","1.91641"
"1489972580","2116683577","5.22474"
"2116683577","1489972580","5.22474"
"1489972580","2134703462","0.824741"
"2134703462","1489972580","0.824741"
"1489972580","2157301192","8.94141"
"2157301192","1489972580","8.94141"
"1489972580","2174925257","0.741407"
"2174925257","1489972580","0.741407"
"1489972580","2221997848","0.824741"
"2221997848","1489972580","0.824741"
"1489972580","2398247868","0.783074"
"2398247868","1489972580","0.783074"
"1489972580","2515148583","0.361645"
"2515148583","1489972580","0.361645"
"1489972580","2588528865","0.419979"
"2588528865","1489972580","0.419979"
"1489972580","2765700031","0.261645"
"2765700031","1489972580","0.261645"
"1489972580","2953283975","0.658074"
"2953283975","1489972580","0.658074"
"1554945394","157178500","0.622756"
"157178500","1554945394","0.622756"
"1554945394","2116683577","0.789423"
"2116683577","1554945394","0.789423"
"1554945394","2134703462","0.139423"
"2134703462","1554945394","0.139423"
"1554945394","2157301192","0.589423"
"2157301192","1554945394","0.589423"
"1554945394","2174925257","0.139423"
"2174925257","1554945394","0.139423"
"1554945394","2221997848","0.139423"
"2221997848","1554945394","0.139423"
"1554945394","2398247868","0.139423"
"2398247868","1554945394","0.139423"
"1554945394","2515148583","0.139423"
"2515148583","1554945394","0.139423"
"1554945394","2588528865","0.139423"
"2588528865","1554945394","0.139423"
"1554945394","2765700031","0.20609"
"2765700031","1554945394","0.20609"
"1554945394","2953283975","0.30609"
"2953283975","1554945394","0.30609"
"157178500","2116683577","0.559264"
"2116683577","157178500","0.559264"
"157178500","2134703462","0.266407"
"2134703462","157178500","0.266407"
"157178500","2157301192","2.84974"
"2157301192","157178500","2.84974"
"157178500","2174925257","0.266407"
"2174925257","157178500","0.266407"
"157178500","2221997848","0.266407"
"2221997848","157178500","0.266407"
"157178500","2398247868","0.266407"
"2398247868","157178500","0.266407"
"157178500","2515148583","0.194979"
"2515148583","157178500","0.194979"
"157178500","2588528865","0.194979"
"2588528865","157178500","0.194979"
"157178500","2765700031","0.428312"
"2765700031","157178500","0.428312"
"157178500","2953283975","0.266407"
"2953283975","157178500","0.266407"
"2116683577","2134703462","1.55252"
"2134703462","2116683577","1.55252"
"2116683577","2157301192","10.4609"
"2157301192","2116683577","10.4609"
"2116683577","2174925257","0.852518"
"2174925257","2116683577","0.852518"
"2116683577","2221997848","1.67752"
"2221997848","2116683577","1.67752"
"2116683577","2398247868","1.55252"
"2398247868","2116683577","1.55252"
"2116683577","2515148583","0.528312"
"2515148583","2116683577","0.528312"
"2116683577","2588528865","0.711645"
"2588528865","2116683577","0.711645"
"2116683577","2765700031","0.261645"
"2765700031","2116683577","0.261645"
"2116683577","2953283975","3.06085"
"2953283975","2116683577","3.06085"
"2134703462","2157301192","0.802518"
"2157301192","2134703462","0.802518"
"2134703462","2174925257","0.602518"
"2174925257","2134703462","0.602518"
"2134703462","2398247868","0.477518"
"2398247868","2134703462","0.477518"
"2134703462","2515148583","0.528312"
"2515148583","2134703462","0.528312"
"2134703462","2588528865","0.753312"
"2588528865","2134703462","0.753312"
"2134703462","2765700031","0.194979"
"2765700031","2134703462","0.194979"
"2157301192","2174925257","0.602518"
"2174925257","2157301192","0.602518"
"2157301192","2221997848","0.927518"
"2221997848","2157301192","0.927518"
"2157301192","2398247868","1.80252"
"2398247868","2157301192","1.80252"
"2157301192","2515148583","0.361645"
"2515148583","2157301192","0.361645"
"2157301192","2588528865","0.544979"
"2588528865","2157301192","0.544979"
"2157301192","2765700031","0.194979"
"2765700031","2157301192","0.194979"
"2157301192","2953283975","1.14418"
"2953283975","2157301192","1.14418"
"2174925257","2221997848","0.602518"
"2221997848","2174925257","0.602518"
"2174925257","2398247868","1.06085"
"2398247868","2174925257","1.06085"
"2174925257","2515148583","0.194979"
"2515148583","2174925257","0.194979"
"2174925257","2588528865","0.919979"
"2588528865","2174925257","0.919979"
"2174925257","2765700031","0.194979"
"2765700031","2174925257","0.194979"
"2174925257","2953283975","2.93585"
"2953283975","2174925257","2.93585"
"2221997848","2398247868","0.602518"
"2398247868","2221997848","0.602518"
"2221997848","2515148583","0.528312"
"2515148583","2221997848","0.528312"
"2221997848","2588528865","1.87831"
"2588528865","2221997848","1.87831"
"2221997848","2765700031","0.194979"
"2765700031","2221997848","0.194979"
"2398247868","2515148583","0.361645"
"2515148583","2398247868","0.361645"
"2398247868","2588528865","0.419979"
"2588528865","2398247868","0.419979"
"2398247868","2765700031","0.194979"
"2765700031","2398247868","0.194979"
"2398247868","2953283975","1.43585"
"2953283975","2398247868","1.43585"
"2515148583","2588528865","1.86165"
"2588528865","2515148583","1.86165"
"2515148583","2765700031","0.528312"
"2765700031","2515148583","0.528312"
"2515148583","2953283975","0.861645"
"2953283975","2515148583","0.861645"
"2588528865","2765700031","0.194979"
"2765700031","2588528865","0.194979"
"2588528865","2953283975","4.21165"
"2953283975","2588528865","4.21165"
"2765700031","2953283975","0.194979"
"2953283975","2765700031","0.194979"
"110317680","2170071570","0.559524"
"2170071570","110317680","0.559524"
"1489972580","2170071570","0.75"
"2170071570","1489972580","0.75"
"1554945394","2170071570","0.166667"
"2170071570","1554945394","0.166667"
"2116683577","2170071570","1.64286"
"2170071570","2116683577","1.64286"
"2157301192","2170071570","1.5"
"2170071570","2157301192","1.5"
"2170071570","2953283975","0.416667"
"2953283975","2170071570","0.416667"
"110317680","2013879772","1.07698"
"2013879772","110317680","1.07698"
"2013879772","2116683577","1.5006"
"2116683577","2013879772","1.5006"
"2013879772","2122190611","0.771429"
"2122190611","2013879772","0.771429"
"2013879772","2157301192","2.5006"
"2157301192","2013879772","2.5006"
"2013879772","2398247868","9.6256"
"2398247868","2013879772","9.6256"
"2116683577","2122190611","0.730952"
"2122190611","2116683577","0.730952"
"2122190611","2157301192","0.354762"
"2157301192","2122190611","0.354762"
"2122190611","2398247868","0.771429"
"2398247868","2122190611","0.771429"
"1489972580","2013879772","0.731151"
"2013879772","1489972580","0.731151"
"2013879772","2174925257","1.25893"
"2174925257","2013879772","1.25893"
"110317680","2566711147","1.37698"
"2566711147","110317680","1.37698"
"2013879772","2566711147","0.626984"
"2566711147","2013879772","0.626984"
"2515148583","2566711147","2.13889"
"2566711147","2515148583","2.13889"
"110317680","2741014554","0.805556"
"2741014554","110317680","0.805556"
"2174925257","2741014554","0.555556"
"2741014554","2174925257","0.555556"
"110317680","1487877514","0.126984"
"1487877514","110317680","0.126984"
"110317680","2010910824","0.269841"
"2010910824","110317680","0.269841"
"1487877514","1489972580","0.372817"
"1489972580","1487877514","0.372817"
"1487877514","157178500","0.272817"
"157178500","1487877514","0.272817"
"1487877514","2010910824","3.4756"
"2010910824","1487877514","3.4756"
"1487877514","2013879772","1.59226"
"2013879772","1487877514","1.59226"
"1487877514","2116683577","0.808929"
"2116683577","1487877514","0.808929"
"1487877514","2122190611","0.154762"
"2122190611","1487877514","0.154762"
"1487877514","2134703462","0.600595"
"2134703462","1487877514","0.600595"
"1487877514","2157301192","2.05893"
"2157301192","1487877514","2.05893"
"1487877514","2174925257","0.650595"
"2174925257","1487877514","0.650595"
"1487877514","2221997848","0.725595"
"2221997848","1487877514","0.725595"
"1487877514","2398247868","1.69226"
"2398247868","1487877514","1.69226"
"1487877514","2566711147","0.126984"
"2566711147","1487877514","0.126984"
"1487877514","2953283975","0.525595"
"2953283975","1487877514","0.525595"
"1489972580","2010910824","0.622817"
"2010910824","1489972580","0.622817"
"1489972580","2122190611","0.221429"
"2122190611","1489972580","0.221429"
"1489972580","2566711147","0.126984"
"2566711147","1489972580","0.126984"
"157178500","2010910824","0.582341"
"2010910824","157178500","0.582341"
"157178500","2013879772","0.189484"
"2013879772","157178500","0.189484"
"157178500","2122190611","1.36429"
"2122190611","157178500","1.36429"
"157178500","2566711147","0.126984"
"2566711147","157178500","0.126984"
"2010910824","2013879772","1.59226"
"2013879772","2010910824","1.59226"
"2010910824","2116683577","1.20179"
"2116683577","2010910824","1.20179"
"2010910824","2122190611","0.297619"
"2122190611","2010910824","0.297619"
"2010910824","2134703462","1.1006"
"2134703462","2010910824","1.1006"
"2010910824","2157301192","1.30893"
"2157301192","2010910824","1.30893"
"2010910824","2174925257","0.650595"
"2174925257","2010910824","0.650595"
"2010910824","2221997848","1.2256"
"2221997848","2010910824","1.2256"
"2010910824","2398247868","1.69226"
"2398247868","2010910824","1.69226"
"2010910824","2566711147","0.126984"
"2566711147","2010910824","0.126984"
"2010910824","2953283975","0.525595"
"2953283975","2010910824","0.525595"
"2013879772","2134703462","0.425595"
"2134703462","2013879772","0.425595"
"2013879772","2221997848","0.550595"
"2221997848","2013879772","0.550595"
"2013879772","2953283975","1.38393"
"2953283975","2013879772","1.38393"
"2116683577","2566711147","0.126984"
"2566711147","2116683577","0.126984"
"2122190611","2174925257","0.0714286"
"2174925257","2122190611","0.0714286"
"2122190611","2566711147","0.0714286"
"2566711147","2122190611","0.0714286"
"2134703462","2566711147","0.626984"
"2566711147","2134703462","0.626984"
"2157301192","2566711147","0.126984"
"2566711147","2157301192","0.126984"
"2174925257","2566711147","0.126984"
"2566711147","2174925257","0.126984"
"2221997848","2566711147","0.626984"
"2566711147","2221997848","0.626984"
"2398247868","2566711147","0.126984"
"2566711147","2398247868","0.126984"
"2566711147","2953283975","0.126984"
"2953283975","2566711147","0.126984"
"2170071570","2515148583","0.25"
"2515148583","2170071570","0.25"
"2170071570","2566711147","0.25"
"2566711147","2170071570","0.25"
"2170071570","2741014554","0.25"
"2741014554","2170071570","0.25"
"2515148583","2741014554","0.638889"
"2741014554","2515148583","0.638889"
"2566711147","2741014554","3.30556"
"2741014554","2566711147","3.30556"
"110317680","2101743706","0.198413"
"2101743706","110317680","0.198413"
"1487877514","2101743706","0.138889"
"2101743706","1487877514","0.138889"
"1487877514","2515148583","0.118056"
"2515148583","1487877514","0.118056"
"1487877514","2588528865","0.343056"
"2588528865","1487877514","0.343056"
"1487877514","2741014554","0.555556"
"2741014554","1487877514","0.555556"
"1487877514","2765700031","0.118056"
"2765700031","1487877514","0.118056"
"1489972580","2101743706","0.372222"
"2101743706","1489972580","0.372222"
"1489972580","2741014554","0.0555556"
"2741014554","1489972580","0.0555556"
"157178500","2101743706","0.848413"
"2101743706","157178500","0.848413"
"157178500","2741014554","0.0555556"
"2741014554","157178500","0.0555556"
"2010910824","2101743706","0.281746"
"2101743706","2010910824","0.281746"
"2010910824","2515148583","0.118056"
"2515148583","2010910824","0.118056"
"2010910824","2588528865","0.343056"
"2588528865","2010910824","0.343056"
"2010910824","2741014554","0.555556"
"2741014554","2010910824","0.555556"
"2010910824","2765700031","0.284722"
"2765700031","2010910824","0.284722"
"2013879772","2101743706","0.222222"
"2101743706","2013879772","0.222222"
"2013879772","2515148583","0.284722"
"2515148583","2013879772","0.284722"
"2013879772","2588528865","0.368056"
"2588528865","2013879772","0.368056"
"2013879772","2741014554","0.0555556"
"2741014554","2013879772","0.0555556"
"2013879772","2765700031","0.118056"
"2765700031","2013879772","0.118056"
"2101743706","2116683577","1.12619"
"2116683577","2101743706","1.12619"
"2101743706","2134703462","0.222222"
"2134703462","2101743706","0.222222"
"2101743706","2157301192","0.305556"
"2157301192","2101743706","0.305556"
"2101743706","2174925257","0.0555556"
"2174925257","2101743706","0.0555556"
"2101743706","2221997848","0.222222"
"2221997848","2101743706","0.222222"
"2101743706","2398247868","0.222222"
"2398247868","2101743706","0.222222"
"2101743706","2515148583","0.388889"
"2515148583","2101743706","0.388889"
"2101743706","2566711147","1.05556"
"2566711147","2101743706","1.05556"
"2101743706","2588528865","0.222222"
"2588528865","2101743706","0.222222"
"2101743706","2741014554","0.0555556"
"2741014554","2101743706","0.0555556"
"2101743706","2765700031","0.122222"
"2765700031","2101743706","0.122222"
"2101743706","2953283975","0.222222"
"2953283975","2101743706","0.222222"
"2116683577","2741014554","0.0555556"
"2741014554","2116683577","0.0555556"
"2134703462","2741014554","0.0555556"
"2741014554","2134703462","0.0555556"
"2157301192","2741014554","0.0555556"
"2741014554","2157301192","0.0555556"
"2221997848","2741014554","0.0555556"
"2741014554","2221997848","0.0555556"
"2398247868","2741014554","0.0555556"
"2741014554","2398247868","0.0555556"
"2566711147","2588528865","0.0555556"
"2588528865","2566711147","0.0555556"
"2566711147","2765700031","3.38889"
"2765700031","2566711147","3.38889"
"2588528865","2741014554","0.388889"
"2741014554","2588528865","0.388889"
"2741014554","2765700031","0.198413"
"2765700031","2741014554","0.198413"
"2741014554","2953283975","0.388889"
"2953283975","2741014554","0.388889"
"110317680","1533573933","0.142857"
"1533573933","110317680","0.142857"
"1533573933","157178500","0.292857"
"157178500","1533573933","0.292857"
"1533573933","2010910824","0.47619"
"2010910824","1533573933","0.47619"
"1533573933","2101743706","0.292857"
"2101743706","1533573933","0.292857"
"1533573933","2116683577","1.04286"
"2116683577","1533573933","1.04286"
"1533573933","2122190611","0.62619"
"2122190611","1533573933","0.62619"
"1533573933","2170071570","0.892857"
"2170071570","1533573933","0.892857"
"157178500","2170071570","1.05952"
"2170071570","157178500","1.05952"
"2010910824","2170071570","0.309524"
"2170071570","2010910824","0.309524"
"2101743706","2122190611","1.95952"
"2122190611","2101743706","1.95952"
"2101743706","2170071570","0.392857"
"2170071570","2101743706","0.392857"
"2122190611","2170071570","0.892857"
"2170071570","2122190611","0.892857"
"1487877514","1533573933","0.0833333"
"1533573933","1487877514","0.0833333"
"1487877514","1554945394","0.145833"
"1554945394","1487877514","0.145833"
"1487877514","1673390222","0.145833"
"1673390222","1487877514","0.145833"
"1487877514","1975306232","0.0833333"
"1975306232","1487877514","0.0833333"
"1487877514","2773344899","0.0833333"
"2773344899","1487877514","0.0833333"
"1489972580","1533573933","0.4"
"1533573933","1489972580","0.4"
"1489972580","1673390222","0.545833"
"1673390222","1489972580","0.545833"
"1489972580","1975306232","0.15"
"1975306232","1489972580","0.15"
"1489972580","2773344899","0.0833333"
"2773344899","1489972580","0.0833333"
"1533573933","1554945394","1.48333"
"1554945394","1533573933","1.48333"
"1533573933","1673390222","1.48333"
"1673390222","1533573933","1.48333"
"1533573933","1975306232","1.4"
"1975306232","1533573933","1.4"
"1533573933","2157301192","0.583333"
"2157301192","1533573933","0.583333"
"1533573933","2773344899","0.0833333"
"2773344899","1533573933","0.0833333"
"1554945394","1673390222","10.2958"
"1673390222","1554945394","10.2958"
"1554945394","1975306232","1.81667"
"1975306232","1554945394","1.81667"
"1554945394","2010910824","0.145833"
"2010910824","1554945394","0.145833"
"1554945394","2101743706","0.15"
"2101743706","1554945394","0.15"
"1554945394","2122190611","0.483333"
"2122190611","1554945394","0.483333"
"1554945394","2773344899","0.0833333"
"2773344899","1554945394","0.0833333"
"157178500","1673390222","0.545833"
"1673390222","157178500","0.545833"
"157178500","1975306232","0.65"
"1975306232","157178500","0.65"
"157178500","2773344899","0.0833333"
"2773344899","157178500","0.0833333"
"1673390222","1975306232","1.81667"
"1975306232","1673390222","1.81667"
"1673390222","2010910824","0.145833"
"2010910824","1673390222","0.145833"
"1673390222","2101743706","0.65"
"2101743706","1673390222","0.65"
"1673390222","2116683577","1.04583"
"2116683577","1673390222","1.04583"
"1673390222","2122190611","0.483333"
"2122190611","1673390222","0.483333"
"1673390222","2157301192","0.145833"
"2157301192","1673390222","0.145833"
"1673390222","2773344899","0.0833333"
"2773344899","1673390222","0.0833333"
"1975306232","2010910824","0.25"
"2010910824","1975306232","0.25"
"1975306232","2101743706","0.261111"
"2101743706","1975306232","0.261111"
"1975306232","2116683577","0.511111"
"2116683577","1975306232","0.511111"
"1975306232","2122190611","0.15"
"2122190611","1975306232","0.15"
"1975306232","2157301192","0.0833333"
"2157301192","1975306232","0.0833333"
"1975306232","2773344899","0.22619"
"2773344899","1975306232","0.22619"
"2010910824","2773344899","0.0833333"
"2773344899","2010910824","0.0833333"
"2101743706","2773344899","0.0833333"
"2773344899","2101743706","0.0833333"
"2116683577","2773344899","0.0833333"
"2773344899","2116683577","0.0833333"
"2122190611","2773344899","0.583333"
"2773344899","2122190611","0.583333"
"2157301192","2773344899","0.0833333"
"2773344899","2157301192","0.0833333"
"1554945394","2013879772","0.0625"
"2013879772","1554945394","0.0625"
"1673390222","2013879772","0.0625"
"2013879772","1673390222","0.0625"
"1673390222","2134703462","0.0625"
"2134703462","1673390222","0.0625"
"1673390222","2174925257","0.0625"
"2174925257","1673390222","0.0625"
"1673390222","2221997848","0.0625"
"2221997848","1673390222","0.0625"
"1673390222","2398247868","0.0625"
"2398247868","1673390222","0.0625"
"1673390222","2515148583","0.0625"
"2515148583","1673390222","0.0625"
"1673390222","2588528865","0.0625"
"2588528865","1673390222","0.0625"
"1673390222","2765700031","0.129167"
"2765700031","1673390222","0.129167"
"1673390222","2953283975","0.0625"
"2953283975","1673390222","0.0625"
"2170071570","2398247868","0.25"
"2398247868","2170071570","0.25"
"1489972580","2150187928","0.566667"
"2150187928","1489972580","0.566667"
"2150187928","2157301192","0.5"
"2157301192","2150187928","0.5"
"1489972580","1992600346","0.766667"
"1992600346","1489972580","0.766667"
"1489972580","2002084641","0.266667"
"2002084641","1489972580","0.266667"
"1489972580","2155481610","0.0666667"
"2155481610","1489972580","0.0666667"
"1489972580","2513374167","0.0666667"
"2513374167","1489972580","0.0666667"
"1489972580","2742647072","0.0666667"
"2742647072","1489972580","0.0666667"
"1533573933","1992600346","0.0666667"
"1992600346","1533573933","0.0666667"
"1533573933","2002084641","0.0666667"
"2002084641","1533573933","0.0666667"
"1533573933","2150187928","0.0666667"
"2150187928","1533573933","0.0666667"
"1533573933","2155481610","0.0666667"
"2155481610","1533573933","0.0666667"
"1533573933","2513374167","0.0666667"
"2513374167","1533573933","0.0666667"
"1533573933","2742647072","0.0666667"
"2742647072","1533573933","0.0666667"
"1533573933","2765700031","0.0666667"
"2765700031","1533573933","0.0666667"
"1554945394","1992600346","0.266667"
"1992600346","1554945394","0.266667"
"1554945394","2002084641","0.516667"
"2002084641","1554945394","0.516667"
"1554945394","2150187928","0.0666667"
"2150187928","1554945394","0.0666667"
"1554945394","2155481610","0.316667"
"2155481610","1554945394","0.316667"
"1554945394","2513374167","0.0666667"
"2513374167","1554945394","0.0666667"
"1554945394","2742647072","0.0666667"
"2742647072","1554945394","0.0666667"
"157178500","1992600346","0.0666667"
"1992600346","157178500","0.0666667"
"157178500","2002084641","0.566667"
"2002084641","157178500","0.566667"
"157178500","2150187928","0.233333"
"2150187928","157178500","0.233333"
"157178500","2155481610","0.566667"
"2155481610","157178500","0.566667"
"157178500","2513374167","0.316667"
"2513374167","157178500","0.316667"
"157178500","2742647072","0.0666667"
"2742647072","157178500","0.0666667"
"1673390222","1992600346","0.0666667"
"1992600346","1673390222","0.0666667"
"1673390222","2002084641","0.316667"
"2002084641","1673390222","0.316667"
"1673390222","2150187928","0.0666667"
"2150187928","1673390222","0.0666667"
"1673390222","2155481610","0.316667"
"2155481610","1673390222","0.316667"
"1673390222","2513374167","0.0666667"
"2513374167","1673390222","0.0666667"
"1673390222","2742647072","0.0666667"
"2742647072","1673390222","0.0666667"
"1975306232","1992600346","0.0666667"
"1992600346","1975306232","0.0666667"
"1975306232","2002084641","0.233333"
"2002084641","1975306232","0.233333"
"1975306232","2150187928","0.233333"
"2150187928","1975306232","0.233333"
"1975306232","2155481610","0.0666667"
"2155481610","1975306232","0.0666667"
"1975306232","2513374167","0.209524"
"2513374167","1975306232","0.209524"
"1975306232","2742647072","0.177778"
"2742647072","1975306232","0.177778"
"1975306232","2765700031","0.37619"
"2765700031","1975306232","0.37619"
"1992600346","2002084641","0.933333"
"2002084641","1992600346","0.933333"
"1992600346","2101743706","0.0666667"
"2101743706","1992600346","0.0666667"
"1992600346","2116683577","0.566667"
"2116683577","1992600346","0.566667"
"1992600346","2122190611","0.0666667"
"2122190611","1992600346","0.0666667"
"1992600346","2150187928","0.733333"
"2150187928","1992600346","0.733333"
"1992600346","2155481610","0.0666667"
"2155481610","1992600346","0.0666667"
"1992600346","2513374167","0.0666667"
"2513374167","1992600346","0.0666667"
"1992600346","2742647072","0.0666667"
"2742647072","1992600346","0.0666667"
"1992600346","2765700031","0.0666667"
"2765700031","1992600346","0.0666667"
"2002084641","2101743706","0.0666667"
"2101743706","2002084641","0.0666667"
"2002084641","2116683577","0.0666667"
"2116683577","2002084641","0.0666667"
"2002084641","2122190611","0.0666667"
"2122190611","2002084641","0.0666667"
"2002084641","2150187928","0.9"
"2150187928","2002084641","0.9"
"2002084641","2155481610","0.316667"
"2155481610","2002084641","0.316667"
"2002084641","2513374167","0.0666667"
"2513374167","2002084641","0.0666667"
"2002084641","2742647072","0.0666667"
"2742647072","2002084641","0.0666667"
"2002084641","2765700031","0.233333"
"2765700031","2002084641","0.233333"
"2101743706","2150187928","0.0666667"
"2150187928","2101743706","0.0666667"
"2101743706","2155481610","0.0666667"
"2155481610","2101743706","0.0666667"
"2101743706","2513374167","2.31667"
"2513374167","2101743706","2.31667"
"2101743706","2742647072","0.177778"
"2742647072","2101743706","0.177778"
"2116683577","2150187928","0.0666667"
"2150187928","2116683577","0.0666667"
"2116683577","2155481610","0.0666667"
"2155481610","2116683577","0.0666667"
"2116683577","2513374167","0.0666667"
"2513374167","2116683577","0.0666667"
"2116683577","2742647072","0.177778"
"2742647072","2116683577","0.177778"
"2122190611","2150187928","0.0666667"
"2150187928","2122190611","0.0666667"
"2122190611","2155481610","0.0666667"
"2155481610","2122190611","0.0666667"
"2122190611","2513374167","0.816667"
"2513374167","2122190611","0.816667"
"2122190611","2742647072","0.566667"
"2742647072","2122190611","0.566667"
"2122190611","2765700031","0.0666667"
"2765700031","2122190611","0.0666667"
"2150187928","2155481610","0.0666667"
"2155481610","2150187928","0.0666667"
"2150187928","2513374167","0.0666667"
"2513374167","2150187928","0.0666667"
"2150187928","2742647072","0.0666667"
"2742647072","2150187928","0.0666667"
"2150187928","2765700031","0.233333"
"2765700031","2150187928","0.233333"
"2155481610","2513374167","0.0666667"
"2513374167","2155481610","0.0666667"
"2155481610","2742647072","0.4"
"2742647072","2155481610","0.4"
"2155481610","2765700031","0.0666667"
"2765700031","2155481610","0.0666667"
"2513374167","2742647072","1.06667"
"2742647072","2513374167","1.06667"
"2513374167","2765700031","14.5429"
"2765700031","2513374167","14.5429"
"2742647072","2765700031","2.06667"
"2765700031","2742647072","2.06667"
"1489972580","2166863759","0.2"
"2166863759","1489972580","0.2"
"1554945394","2166863759","0.45"
"2166863759","1554945394","0.45"
"1992600346","2157301192","0.2"
"2157301192","1992600346","0.2"
"1992600346","2166863759","0.866667"
"2166863759","1992600346","0.866667"
"2002084641","2157301192","0.2"
"2157301192","2002084641","0.2"
"2002084641","2166863759","3.45"
"2166863759","2002084641","3.45"
"2157301192","2166863759","0.2"
"2166863759","2157301192","0.2"
"1533573933","2953283975","0.25"
"2953283975","1533573933","0.25"
"1533573933","1603878273","0.75"
"1603878273","1533573933","0.75"
"1603878273","2170071570","0.5"
"2170071570","1603878273","0.5"
"1533573933","2166863759","0.25"
"2166863759","1533573933","0.25"
"1603878273","1975306232","1.25"
"1975306232","1603878273","1.25"
"1603878273","2116683577","0.25"
"2116683577","1603878273","0.25"
"1603878273","2166863759","0.583333"
"2166863759","1603878273","0.583333"
"1975306232","2166863759","0.25"
"2166863759","1975306232","0.25"
"2116683577","2166863759","0.25"
"2166863759","2116683577","0.25"
"1554945394","2024761866","0.333333"
"2024761866","1554945394","0.333333"
"1673390222","2024761866","0.333333"
"2024761866","1673390222","0.333333"
"1975306232","2024761866","0.587302"
"2024761866","1975306232","0.587302"
"1554945394","2759481512","0.5"
"2759481512","1554945394","0.5"
"1673390222","2759481512","0.5"
"2759481512","1673390222","0.5"
"1673390222","2166863759","0.25"
"2166863759","1673390222","0.25"
"2155481610","2166863759","0.583333"
"2166863759","2155481610","0.583333"
"157178500","2166863759","0.583333"
"2166863759","157178500","0.583333"
"2101743706","2166863759","0.25"
"2166863759","2101743706","0.25"
"2122190611","2166863759","0.25"
"2166863759","2122190611","0.25"
"2166863759","2170071570","0.25"
"2170071570","2166863759","0.25"
"1975306232","2170071570","0.166667"
"2170071570","1975306232","0.166667"
"2002084641","2010910824","0.166667"
"2010910824","2002084641","0.166667"
"2002084641","2170071570","0.166667"
"2170071570","2002084641","0.166667"
"2010910824","2150187928","0.166667"
"2150187928","2010910824","0.166667"
"2150187928","2170071570","0.166667"
"2170071570","2150187928","0.166667"
"2170071570","2765700031","0.166667"
"2765700031","2170071570","0.166667"
"157178500","1603878273","2.83333"
"1603878273","157178500","2.83333"
"1603878273","2155481610","0.5"
"2155481610","1603878273","0.5"
"157178500","2744478552","0.25"
"2744478552","157178500","0.25"
"2101743706","2744478552","0.361111"
"2744478552","2101743706","0.361111"
"2122190611","2744478552","0.25"
"2744478552","2122190611","0.25"
"2513374167","2744478552","0.25"
"2744478552","2513374167","0.25"
"1603878273","2002084641","0.333333"
"2002084641","1603878273","0.333333"
"1975306232","2099175354","0.253968"
"2099175354","1975306232","0.253968"
"1975306232","2511395838","0.253968"
"2511395838","1975306232","0.253968"
"1975306232","2744478552","0.111111"
"2744478552","1975306232","0.111111"
"1975306232","2751115096","0.111111"
"2751115096","1975306232","0.111111"
"1975306232","2759481512","0.111111"
"2759481512","1975306232","0.111111"
"2024761866","2099175354","0.253968"
"2099175354","2024761866","0.253968"
"2024761866","2101743706","0.111111"
"2101743706","2024761866","0.111111"
"2024761866","2116683577","0.111111"
"2116683577","2024761866","0.111111"
"2024761866","2511395838","0.253968"
"2511395838","2024761866","0.253968"
"2024761866","2742647072","0.111111"
"2742647072","2024761866","0.111111"
"2024761866","2744478552","0.111111"
"2744478552","2024761866","0.111111"
"2024761866","2751115096","0.111111"
"2751115096","2024761866","0.111111"
"2024761866","2759481512","0.111111"
"2759481512","2024761866","0.111111"
"2099175354","2101743706","0.111111"
"2101743706","2099175354","0.111111"
"2099175354","2116683577","0.111111"
"2116683577","2099175354","0.111111"
"2099175354","2511395838","7.25397"
"2511395838","2099175354","7.25397"
"2099175354","2742647072","0.111111"
"2742647072","2099175354","0.111111"
"2099175354","2744478552","2.11111"
"2744478552","2099175354","2.11111"
"2099175354","2751115096","0.111111"
"2751115096","2099175354","0.111111"
"2099175354","2759481512","0.111111"
"2759481512","2099175354","0.111111"
"2101743706","2511395838","0.111111"
"2511395838","2101743706","0.111111"
"2101743706","2751115096","0.111111"
"2751115096","2101743706","0.111111"
"2101743706","2759481512","0.111111"
"2759481512","2101743706","0.111111"
"2116683577","2511395838","0.111111"
"2511395838","2116683577","0.111111"
"2116683577","2744478552","0.111111"
"2744478552","2116683577","0.111111"
"2116683577","2751115096","0.111111"
"2751115096","2116683577","0.111111"
"2116683577","2759481512","0.111111"
"2759481512","2116683577","0.111111"
"2511395838","2742647072","0.111111"
"2742647072","2511395838","0.111111"
"2511395838","2744478552","0.944444"
"2744478552","2511395838","0.944444"
"2511395838","2751115096","0.111111"
"2751115096","2511395838","0.111111"
"2511395838","2759481512","0.944444"
"2759481512","2511395838","0.944444"
"2742647072","2744478552","0.111111"
"2744478552","2742647072","0.111111"
"2742647072","2751115096","0.111111"
"2751115096","2742647072","0.111111"
"2742647072","2759481512","0.111111"
"2759481512","2742647072","0.111111"
"2744478552","2751115096","0.111111"
"2751115096","2744478552","0.111111"
"2744478552","2759481512","4.44444"
"2759481512","2744478552","4.44444"
"2751115096","2759481512","0.111111"
"2759481512","2751115096","0.111111"
"1975306232","2741014554","0.142857"
"2741014554","1975306232","0.142857"
"2024761866","2513374167","1.14286"
"2513374167","2024761866","1.14286"
"2024761866","2741014554","4.14286"
"2741014554","2024761866","4.14286"
"2024761866","2765700031","0.142857"
"2765700031","2024761866","0.142857"
"2024761866","2773344899","5.14286"
"2773344899","2024761866","5.14286"
"2099175354","2513374167","0.142857"
"2513374167","2099175354","0.142857"
"2099175354","2741014554","0.142857"
"2741014554","2099175354","0.142857"
"2099175354","2765700031","0.142857"
"2765700031","2099175354","0.142857"
"2099175354","2773344899","0.142857"
"2773344899","2099175354","0.142857"
"2511395838","2513374167","0.142857"
"2513374167","2511395838","0.142857"
"2511395838","2741014554","0.142857"
"2741014554","2511395838","0.142857"
"2511395838","2765700031","0.142857"
"2765700031","2511395838","0.142857"
"2511395838","2773344899","0.47619"
"2773344899","2511395838","0.47619"
"2513374167","2741014554","1.14286"
"2741014554","2513374167","1.14286"
"2513374167","2773344899","1.14286"
"2773344899","2513374167","1.14286"
"2741014554","2773344899","0.142857"
"2773344899","2741014554","0.142857"
"2765700031","2773344899","0.142857"
"2773344899","2765700031","0.142857"
"2150187928","2166863759","0.666667"
"2166863759","2150187928","0.666667"
"2002084641","2024761866","1"
"2024761866","2002084641","1"
"2024761866","2987645728","1"
"2987645728","2024761866","1"
"2099175354","2987645728","1"
"2987645728","2099175354","1"
"2122190611","2515148583","0.833333"
"2515148583","2122190611","0.833333"
"2122190611","2588528865","0.333333"
"2588528865","2122190611","0.333333"
"2742647072","2773344899","0.5"
"2773344899","2742647072","0.5"
"2513374167","2515148583","0.833333"
"2515148583","2513374167","0.833333"
"2155481610","2530329771","3.33333"
"2530329771","2155481610","3.33333"
"2166863759","2530329771","0.333333"
"2530329771","2166863759","0.333333"
"2166863759","2742647072","0.333333"
"2742647072","2166863759","0.333333"
"2530329771","2742647072","0.333333"
"2742647072","2530329771","0.333333"
"2170071570","2987645728","1"
"2987645728","2170071570","1"
"2744478552","2773344899","0.333333"
"2773344899","2744478552","0.333333"
"2759481512","2773344899","0.333333"
"2773344899","2759481512","0.333333"
"2513374167","2566711147","1.33333"
"2566711147","2513374167","1.33333"
"2515148583","2744478552","0.5"
"2744478552","2515148583","0.5"
"2515148583","2759481512","0.5"
"2759481512","2515148583","0.5"
"2515148583","2751115096","1"
"2751115096","2515148583","1"
"2520539619","2887566755","4.16667"
"2887566755","2520539619","4.16667"
"2887566755","2950744594","5.16667"
"2950744594","2887566755","5.16667"
"2520539619","2744478552","0.5"
"2744478552","2520539619","0.5"
"2744478552","2950744594","0.5"
"2950744594","2744478552","0.5"
"2520539619","2987645728","0.333333"
"2987645728","2520539619","0.333333"
"2887566755","2987645728","0.333333"
"2987645728","2887566755","0.333333"
"2950744594","2987645728","0.333333"
"2987645728","2950744594","0.333333"
"2520539619","2765700031","0.333333"
"2765700031","2520539619","0.333333"
"2765700031","2887566755","0.333333"
"2887566755","2765700031","0.333333"
"2765700031","2950744594","0.333333"
"2950744594","2765700031","0.333333"
"2566711147","2744478552","1"
"2744478552","2566711147","1"
"2741014554","2759481512","1"
"2759481512","2741014554","1"
"2751115096","2773344899","1"
"2773344899","2751115096","1"
"2751115096","2987645728","1"
"2987645728","2751115096","1"
"2765700031","2987645728","2"
"2987645728","2765700031","2"
