"1293713","2125982252","14.25"
"2125982252","1293713","14.25"
"1293713","1782835686","0.392857"
"1782835686","1293713","0.392857"
"1293713","1998145596","0.25"
"1998145596","1293713","0.25"
"1293713","2036273853","0.25"
"2036273853","1293713","0.25"
"1782835686","1998145596","0.25"
"1998145596","1782835686","0.25"
"1782835686","2036273853","0.25"
"2036273853","1782835686","0.25"
"1782835686","2125982252","0.25"
"2125982252","1782835686","0.25"
"1998145596","2036273853","5.75"
"2036273853","1998145596","5.75"
"1998145596","2125982252","0.25"
"2125982252","1998145596","0.25"
"2036273853","2125982252","0.25"
"2125982252","2036273853","0.25"
"1293713","1538911883","0.142857"
"1538911883","1293713","0.142857"
"1293713","1617751712","0.142857"
"1617751712","1293713","0.142857"
"1293713","2078051063","0.142857"
"2078051063","1293713","0.142857"
"1293713","2114319428","0.142857"
"2114319428","1293713","0.142857"
"1293713","2117885651","0.142857"
"2117885651","1293713","0.142857"
"1293713","2949256874","0.142857"
"2949256874","1293713","0.142857"
"1538911883","1617751712","0.47619"
"1617751712","1538911883","0.47619"
"1538911883","1782835686","0.47619"
"1782835686","1538911883","0.47619"
"1538911883","2078051063","0.142857"
"2078051063","1538911883","0.142857"
"1538911883","2114319428","0.142857"
"2114319428","1538911883","0.142857"
"1538911883","2117885651","0.142857"
"2117885651","1538911883","0.142857"
"1538911883","2949256874","1.14286"
"2949256874","1538911883","1.14286"
"1617751712","1782835686","0.47619"
"1782835686","1617751712","0.47619"
"1617751712","2078051063","0.142857"
"2078051063","1617751712","0.142857"
"1617751712","2114319428","0.142857"
"2114319428","1617751712","0.142857"
"1617751712","2117885651","0.142857"
"2117885651","1617751712","0.142857"
"1617751712","2949256874","0.142857"
"2949256874","1617751712","0.142857"
"1782835686","2078051063","0.142857"
"2078051063","1782835686","0.142857"
"1782835686","2114319428","0.285714"
"2114319428","1782835686","0.285714"
"1782835686","2117885651","0.485714"
"2117885651","1782835686","0.485714"
"1782835686","2949256874","0.142857"
"2949256874","1782835686","0.142857"
"2078051063","2114319428","1.14286"
"2114319428","2078051063","1.14286"
"2078051063","2117885651","0.142857"
"2117885651","2078051063","0.142857"
"2078051063","2949256874","0.142857"
"2949256874","2078051063","0.142857"
"2114319428","2117885651","61.7024"
"2117885651","2114319428","61.7024"
"2114319428","2949256874","0.142857"
"2949256874","2114319428","0.142857"
"2117885651","2949256874","0.142857"
"2949256874","2117885651","0.142857"
"1500817830","1847723085","1"
"1847723085","1500817830","1"
"1500817830","1548712551","2"
"1548712551","1500817830","2"
"1500817830","1513313266","2"
"1513313266","1500817830","2"
"1500817830","1542931449","0.5"
"1542931449","1500817830","0.5"
"1500817830","1554810994","1.5"
"1554810994","1500817830","1.5"
"1542931449","1554810994","0.5"
"1554810994","1542931449","0.5"
"1526206748","1598995578","0.142857"
"1598995578","1526206748","0.142857"
"1526206748","1631424174","0.142857"
"1631424174","1526206748","0.142857"
"1526206748","1672012618","2.89286"
"1672012618","1526206748","2.89286"
"1526206748","1981168192","0.892857"
"1981168192","1526206748","0.892857"
"1526206748","2580354674","0.142857"
"2580354674","1526206748","0.142857"
"1526206748","26981225","1.47619"
"26981225","1526206748","1.47619"
"1526206748","2963490237","0.142857"
"2963490237","1526206748","0.142857"
"1598995578","1631424174","0.142857"
"1631424174","1598995578","0.142857"
"1598995578","1672012618","1.30952"
"1672012618","1598995578","1.30952"
"1598995578","1981168192","0.309524"
"1981168192","1598995578","0.309524"
"1598995578","2580354674","0.142857"
"2580354674","1598995578","0.142857"
"1598995578","26981225","0.309524"
"26981225","1598995578","0.309524"
"1598995578","2963490237","0.142857"
"2963490237","1598995578","0.142857"
"1631424174","1672012618","1.14286"
"1672012618","1631424174","1.14286"
"1631424174","1981168192","0.142857"
"1981168192","1631424174","0.142857"
"1631424174","2580354674","0.142857"
"2580354674","1631424174","0.142857"
"1631424174","26981225","0.142857"
"26981225","1631424174","0.142857"
"1631424174","2963490237","0.142857"
"2963490237","1631424174","0.142857"
"1672012618","1981168192","1.05952"
"1981168192","1672012618","1.05952"
"1672012618","2580354674","0.142857"
"2580354674","1672012618","0.142857"
"1672012618","26981225","0.309524"
"26981225","1672012618","0.309524"
"1672012618","2963490237","0.142857"
"2963490237","1672012618","0.142857"
"1981168192","2580354674","0.142857"
"2580354674","1981168192","0.142857"
"1981168192","26981225","0.309524"
"26981225","1981168192","0.309524"
"1981168192","2963490237","0.142857"
"2963490237","1981168192","0.142857"
"2580354674","26981225","1.14286"
"26981225","2580354674","1.14286"
"2580354674","2963490237","0.142857"
"2963490237","2580354674","0.142857"
"26981225","2963490237","0.142857"
"2963490237","26981225","0.142857"
"1526206748","2259266011","0.333333"
"2259266011","1526206748","0.333333"
"1526206748","2951016505","0.333333"
"2951016505","1526206748","0.333333"
"2259266011","26981225","0.333333"
"26981225","2259266011","0.333333"
"2259266011","2951016505","0.333333"
"2951016505","2259266011","0.333333"
"26981225","2951016505","0.333333"
"2951016505","26981225","0.333333"
"1526206748","2114319428","0.25"
"2114319428","1526206748","0.25"
"1526206748","2117885651","0.25"
"2117885651","1526206748","0.25"
"1672012618","2114319428","0.416667"
"2114319428","1672012618","0.416667"
"1672012618","2117885651","0.416667"
"2117885651","1672012618","0.416667"
"1981168192","2114319428","0.559524"
"2114319428","1981168192","0.559524"
"1981168192","2117885651","0.559524"
"2117885651","1981168192","0.559524"
"1538911883","1672012618","0.333333"
"1672012618","1538911883","0.333333"
"1617751712","1672012618","0.333333"
"1672012618","1617751712","0.333333"
"1672012618","1782835686","0.333333"
"1782835686","1672012618","0.333333"
"1542931449","2953205142","1"
"2953205142","1542931449","1"
"1542931449","1847723085","0.333333"
"1847723085","1542931449","0.333333"
"1542931449","2078051063","0.333333"
"2078051063","1542931449","0.333333"
"1542931449","2142925867","0.333333"
"2142925867","1542931449","0.333333"
"1847723085","2078051063","0.333333"
"2078051063","1847723085","0.333333"
"1847723085","2142925867","0.333333"
"2142925867","1847723085","0.333333"
"2078051063","2142925867","0.333333"
"2142925867","2078051063","0.333333"
"1547631128","1554810994","0.25"
"1554810994","1547631128","0.25"
"1547631128","1573363727","0.45"
"1573363727","1547631128","0.45"
"1547631128","180004737","2.25"
"180004737","1547631128","2.25"
"1547631128","2078051063","0.25"
"2078051063","1547631128","0.25"
"1554810994","1573363727","0.583333"
"1573363727","1554810994","0.583333"
"1554810994","180004737","0.25"
"180004737","1554810994","0.25"
"1554810994","2078051063","0.583333"
"2078051063","1554810994","0.583333"
"1573363727","180004737","2.39286"
"180004737","1573363727","2.39286"
"1573363727","2078051063","2.08333"
"2078051063","1573363727","2.08333"
"180004737","2078051063","0.25"
"2078051063","180004737","0.25"
"1547631128","1782835686","0.2"
"1782835686","1547631128","0.2"
"1547631128","2117885651","0.2"
"2117885651","1547631128","0.2"
"1547631128","2293500063","0.2"
"2293500063","1547631128","0.2"
"1547631128","2963490237","0.2"
"2963490237","1547631128","0.2"
"1573363727","1782835686","0.342857"
"1782835686","1573363727","0.342857"
"1573363727","2117885651","0.342857"
"2117885651","1573363727","0.342857"
"1573363727","2293500063","0.7"
"2293500063","1573363727","0.7"
"1573363727","2963490237","0.2"
"2963490237","1573363727","0.2"
"1782835686","2293500063","0.2"
"2293500063","1782835686","0.2"
"1782835686","2963490237","0.2"
"2963490237","1782835686","0.2"
"2117885651","2293500063","0.2"
"2293500063","2117885651","0.2"
"2117885651","2963490237","0.2"
"2963490237","2117885651","0.2"
"2293500063","2963490237","0.2"
"2963490237","2293500063","0.2"
"1548712551","1981168192","1"
"1981168192","1548712551","1"
"1548712551","1576838863","1"
"1576838863","1548712551","1"
"1554810994","1781604065","0.333333"
"1781604065","1554810994","0.333333"
"1573363727","1781604065","0.333333"
"1781604065","1573363727","0.333333"
"1781604065","2078051063","0.333333"
"2078051063","1781604065","0.333333"
"1568380727","1576838863","4"
"1576838863","1568380727","4"
"1573363727","2118924620","3.64286"
"2118924620","1573363727","3.64286"
"2118924620","2293500063","0.5"
"2293500063","2118924620","0.5"
"1573363727","1981168192","0.642857"
"1981168192","1573363727","0.642857"
"1981168192","2078051063","0.5"
"2078051063","1981168192","0.5"
"1573363727","2114319428","0.142857"
"2114319428","1573363727","0.142857"
"1573363727","2951016505","0.142857"
"2951016505","1573363727","0.142857"
"1782835686","180004737","0.142857"
"180004737","1782835686","0.142857"
"1782835686","1981168192","0.142857"
"1981168192","1782835686","0.142857"
"1782835686","2118924620","0.142857"
"2118924620","1782835686","0.142857"
"1782835686","2951016505","0.142857"
"2951016505","1782835686","0.142857"
"180004737","1981168192","0.142857"
"1981168192","180004737","0.142857"
"180004737","2114319428","0.142857"
"2114319428","180004737","0.142857"
"180004737","2117885651","0.142857"
"2117885651","180004737","0.142857"
"180004737","2118924620","0.142857"
"2118924620","180004737","0.142857"
"180004737","2951016505","0.142857"
"2951016505","180004737","0.142857"
"1981168192","2118924620","0.142857"
"2118924620","1981168192","0.142857"
"1981168192","2951016505","2.14286"
"2951016505","1981168192","2.14286"
"2114319428","2118924620","0.142857"
"2118924620","2114319428","0.142857"
"2114319428","2951016505","0.142857"
"2951016505","2114319428","0.142857"
"2117885651","2118924620","0.142857"
"2118924620","2117885651","0.142857"
"2117885651","2951016505","0.142857"
"2951016505","2117885651","0.142857"
"2118924620","2951016505","0.142857"
"2951016505","2118924620","0.142857"
"1598995578","2036273853","0.666667"
"2036273853","1598995578","0.666667"
"1598995578","2114319428","0.166667"
"2114319428","1598995578","0.166667"
"1598995578","2117885651","0.166667"
"2117885651","1598995578","0.166667"
"1672012618","2036273853","0.166667"
"2036273853","1672012618","0.166667"
"1981168192","2036273853","0.166667"
"2036273853","1981168192","0.166667"
"2036273853","2114319428","0.166667"
"2114319428","2036273853","0.166667"
"2036273853","2117885651","0.166667"
"2117885651","2036273853","0.166667"
"2036273853","26981225","0.166667"
"26981225","2036273853","0.166667"
"2114319428","26981225","0.666667"
"26981225","2114319428","0.666667"
"2117885651","26981225","0.666667"
"26981225","2117885651","0.666667"
"1598995578","1998145596","0.5"
"1998145596","1598995578","0.5"
"1659544335","2078051063","1"
"2078051063","1659544335","1"
"1659544335","1675788063","1"
"1675788063","1659544335","1"
"1669150381","2114319428","1.5"
"2114319428","1669150381","1.5"
"1669150381","2117885651","0.5"
"2117885651","1669150381","0.5"
"1672012618","2293500063","1"
"2293500063","1672012618","1"
"1781604065","2259266011","1"
"2259266011","1781604065","1"
"2112467340","2949292012","13"
"2949292012","2112467340","13"
"2142925867","2953205142","5"
"2953205142","2142925867","5"
