"106237003","1590544288","0.25"
"1590544288","106237003","0.25"
"106237003","2289584201","0.567893"
"2289584201","106237003","0.567893"
"106237003","2952097588","0.25"
"2952097588","106237003","0.25"
"106237003","52006136","1.02485"
"52006136","106237003","1.02485"
"1590544288","2289584201","0.666667"
"2289584201","1590544288","0.666667"
"1590544288","2952097588","6.75119"
"2952097588","1590544288","6.75119"
"1590544288","52006136","1.2"
"52006136","1590544288","1.2"
"2289584201","2952097588","0.666667"
"2952097588","2289584201","0.666667"
"2289584201","52006136","0.305556"
"52006136","2289584201","0.305556"
"2952097588","52006136","0.25"
"52006136","2952097588","0.25"
"106237003","1988941656","2.38799"
"1988941656","106237003","2.38799"
"106237003","2081464537","0.568505"
"2081464537","106237003","0.568505"
"106237003","3012037390","0.333333"
"3012037390","106237003","0.333333"
"1988941656","2081464537","0.697076"
"2081464537","1988941656","0.697076"
"1988941656","3012037390","1.33333"
"3012037390","1988941656","1.33333"
"2081464537","3012037390","0.333333"
"3012037390","2081464537","0.333333"
"106237003","1980469160","0.335171"
"1980469160","106237003","0.335171"
"106237003","2008870120","0.354652"
"2008870120","106237003","0.354652"
"106237003","2009047969","1.33517"
"2009047969","106237003","1.33517"
"106237003","2020268559","0.330409"
"2020268559","106237003","0.330409"
"106237003","2033286196","0.50202"
"2033286196","106237003","0.50202"
"106237003","2048968742","0.692747"
"2048968742","106237003","0.692747"
"106237003","2064785354","0.421318"
"2064785354","106237003","0.421318"
"106237003","2072730946","0.111111"
"2072730946","106237003","0.111111"
"106237003","2111663915","0.82608"
"2111663915","106237003","0.82608"
"106237003","2242041550","1.05556"
"2242041550","106237003","1.05556"
"106237003","2295359938","0.42608"
"2295359938","106237003","0.42608"
"106237003","2407248964","0.222222"
"2407248964","106237003","0.222222"
"106237003","2754918311","0.235171"
"2754918311","106237003","0.235171"
"106237003","2763340581","0.235171"
"2763340581","106237003","0.235171"
"1980469160","1988941656","0.797076"
"1988941656","1980469160","0.797076"
"1980469160","2008870120","0.263743"
"2008870120","1980469160","0.263743"
"1980469160","2009047969","0.335171"
"2009047969","1980469160","0.335171"
"1980469160","2020268559","0.497076"
"2020268559","1980469160","0.497076"
"1980469160","2033286196","0.211111"
"2033286196","1980469160","0.211111"
"1980469160","2048968742","0.435171"
"2048968742","1980469160","0.435171"
"1980469160","2064785354","0.163743"
"2064785354","1980469160","0.163743"
"1980469160","2072730946","0.644444"
"2072730946","1980469160","0.644444"
"1980469160","2081464537","0.235171"
"2081464537","1980469160","0.235171"
"1980469160","2111663915","0.235171"
"2111663915","1980469160","0.235171"
"1980469160","2242041550","0.0555556"
"2242041550","1980469160","0.0555556"
"1980469160","2289584201","0.226984"
"2289584201","1980469160","0.226984"
"1980469160","2295359938","0.535171"
"2295359938","1980469160","0.535171"
"1980469160","2407248964","0.0555556"
"2407248964","1980469160","0.0555556"
"1980469160","2754918311","0.235171"
"2754918311","1980469160","0.235171"
"1980469160","2763340581","0.235171"
"2763340581","1980469160","0.235171"
"1980469160","52006136","0.108187"
"52006136","1980469160","0.108187"
"1988941656","2008870120","0.354652"
"2008870120","1988941656","0.354652"
"1988941656","2009047969","0.263743"
"2009047969","1988941656","0.263743"
"1988941656","2020268559","1.3316"
"2020268559","1988941656","1.3316"
"1988941656","2033286196","0.70202"
"2033286196","1988941656","0.70202"
"1988941656","2048968742","0.854652"
"2048968742","1988941656","0.854652"
"1988941656","2064785354","0.254652"
"2064785354","1988941656","0.254652"
"1988941656","2072730946","0.844444"
"2072730946","1988941656","0.844444"
"1988941656","2111663915","0.421318"
"2111663915","1988941656","0.421318"
"1988941656","2242041550","1.59008"
"2242041550","1988941656","1.59008"
"1988941656","2289584201","0.413131"
"2289584201","1988941656","0.413131"
"1988941656","2295359938","2.42132"
"2295359938","1988941656","2.42132"
"1988941656","2407248964","1.05675"
"2407248964","1988941656","1.05675"
"1988941656","2754918311","0.163743"
"2754918311","1988941656","0.163743"
"1988941656","2763340581","0.163743"
"2763340581","1988941656","0.163743"
"1988941656","52006136","0.758187"
"52006136","1988941656","0.758187"
"2008870120","2009047969","0.263743"
"2009047969","2008870120","0.263743"
"2008870120","2020268559","0.163743"
"2020268559","2008870120","0.163743"
"2008870120","2033286196","1.30202"
"2033286196","2008870120","1.30202"
"2008870120","2048968742","0.345561"
"2048968742","2008870120","0.345561"
"2008870120","2064785354","4.34556"
"2064785354","2008870120","4.34556"
"2008870120","2072730946","0.111111"
"2072730946","2008870120","0.111111"
"2008870120","2081464537","0.163743"
"2081464537","2008870120","0.163743"
"2008870120","2111663915","0.845561"
"2111663915","2008870120","0.845561"
"2008870120","2242041550","0.0555556"
"2242041550","2008870120","0.0555556"
"2008870120","2289584201","0.337374"
"2289584201","2008870120","0.337374"
"2008870120","2295359938","1.77889"
"2295359938","2008870120","1.77889"
"2008870120","2407248964","2.05556"
"2407248964","2008870120","2.05556"
"2008870120","2754918311","0.254652"
"2754918311","2008870120","0.254652"
"2008870120","2763340581","0.254652"
"2763340581","2008870120","0.254652"
"2008870120","52006136","0.108187"
"52006136","2008870120","0.108187"
"2009047969","2020268559","0.163743"
"2020268559","2009047969","0.163743"
"2009047969","2033286196","0.211111"
"2033286196","2009047969","0.211111"
"2009047969","2048968742","0.235171"
"2048968742","2009047969","0.235171"
"2009047969","2064785354","0.163743"
"2064785354","2009047969","0.163743"
"2009047969","2072730946","0.111111"
"2072730946","2009047969","0.111111"
"2009047969","2081464537","0.235171"
"2081464537","2009047969","0.235171"
"2009047969","2111663915","0.235171"
"2111663915","2009047969","0.235171"
"2009047969","2242041550","0.0555556"
"2242041550","2009047969","0.0555556"
"2009047969","2289584201","0.226984"
"2289584201","2009047969","0.226984"
"2009047969","2295359938","0.335171"
"2295359938","2009047969","0.335171"
"2009047969","2407248964","0.0555556"
"2407248964","2009047969","0.0555556"
"2009047969","2754918311","0.235171"
"2754918311","2009047969","0.235171"
"2009047969","2763340581","0.235171"
"2763340581","2009047969","0.235171"
"2009047969","52006136","0.108187"
"52006136","2009047969","0.108187"
"2020268559","2033286196","0.111111"
"2033286196","2020268559","0.111111"
"2020268559","2048968742","0.330409"
"2048968742","2020268559","0.330409"
"2020268559","2064785354","0.330409"
"2064785354","2020268559","0.330409"
"2020268559","2072730946","0.844444"
"2072730946","2020268559","0.844444"
"2020268559","2081464537","0.163743"
"2081464537","2020268559","0.163743"
"2020268559","2111663915","0.163743"
"2111663915","2020268559","0.163743"
"2020268559","2242041550","2.09008"
"2242041550","2020268559","2.09008"
"2020268559","2289584201","0.0555556"
"2289584201","2020268559","0.0555556"
"2020268559","2295359938","0.363743"
"2295359938","2020268559","0.363743"
"2020268559","2407248964","11.6567"
"2407248964","2020268559","11.6567"
"2020268559","2754918311","0.163743"
"2754918311","2020268559","0.163743"
"2020268559","2763340581","0.163743"
"2763340581","2020268559","0.163743"
"2020268559","52006136","0.474854"
"52006136","2020268559","0.474854"
"2033286196","2048968742","0.40202"
"2048968742","2033286196","0.40202"
"2033286196","2064785354","0.368687"
"2064785354","2033286196","0.368687"
"2033286196","2072730946","0.111111"
"2072730946","2033286196","0.111111"
"2033286196","2081464537","0.111111"
"2081464537","2033286196","0.111111"
"2033286196","2111663915","0.20202"
"2111663915","2033286196","0.20202"
"2033286196","2242041550","0.255556"
"2242041550","2033286196","0.255556"
"2033286196","2289584201","0.246465"
"2289584201","2033286196","0.246465"
"2033286196","2295359938","0.668687"
"2295359938","2033286196","0.668687"
"2033286196","2407248964","1.05556"
"2407248964","2033286196","1.05556"
"2033286196","2754918311","0.111111"
"2754918311","2033286196","0.111111"
"2033286196","2763340581","0.277778"
"2763340581","2033286196","0.277778"
"2033286196","52006136","0.0555556"
"52006136","2033286196","0.0555556"
"2048968742","2064785354","0.512228"
"2064785354","2048968742","0.512228"
"2048968742","2072730946","0.311111"
"2072730946","2048968742","0.311111"
"2048968742","2081464537","0.735171"
"2081464537","2048968742","0.735171"
"2048968742","2111663915","0.416989"
"2111663915","2048968742","0.416989"
"2048968742","2242041550","1.25556"
"2242041550","2048968742","1.25556"
"2048968742","2289584201","0.308802"
"2289584201","2048968742","0.308802"
"2048968742","2295359938","0.950323"
"2295359938","2048968742","0.950323"
"2048968742","2407248964","0.222222"
"2407248964","2048968742","0.222222"
"2048968742","2754918311","0.32608"
"2754918311","2048968742","0.32608"
"2048968742","2763340581","0.992747"
"2763340581","2048968742","0.992747"
"2048968742","52006136","0.474854"
"52006136","2048968742","0.474854"
"2064785354","2072730946","0.111111"
"2072730946","2064785354","0.111111"
"2064785354","2081464537","0.163743"
"2081464537","2064785354","0.163743"
"2064785354","2111663915","0.845561"
"2111663915","2064785354","0.845561"
"2064785354","2242041550","0.0555556"
"2242041550","2064785354","0.0555556"
"2064785354","2289584201","0.237374"
"2289584201","2064785354","0.237374"
"2064785354","2295359938","1.51223"
"2295359938","2064785354","1.51223"
"2064785354","2407248964","0.222222"
"2407248964","2064785354","0.222222"
"2064785354","2754918311","0.254652"
"2754918311","2064785354","0.254652"
"2064785354","2763340581","0.421318"
"2763340581","2064785354","0.421318"
"2064785354","52006136","0.274854"
"52006136","2064785354","0.274854"
"2072730946","2081464537","0.444444"
"2081464537","2072730946","0.444444"
"2072730946","2111663915","0.111111"
"2111663915","2072730946","0.111111"
"2072730946","2242041550","0.255556"
"2242041550","2072730946","0.255556"
"2072730946","2289584201","0.0555556"
"2289584201","2072730946","0.0555556"
"2072730946","2295359938","0.311111"
"2295359938","2072730946","0.311111"
"2072730946","2407248964","0.455556"
"2407248964","2072730946","0.455556"
"2072730946","2754918311","0.111111"
"2754918311","2072730946","0.111111"
"2072730946","2763340581","0.111111"
"2763340581","2072730946","0.111111"
"2072730946","52006136","0.255556"
"52006136","2072730946","0.255556"
"2081464537","2111663915","0.235171"
"2111663915","2081464537","0.235171"
"2081464537","2242041550","0.0555556"
"2242041550","2081464537","0.0555556"
"2081464537","2289584201","0.126984"
"2289584201","2081464537","0.126984"
"2081464537","2295359938","0.235171"
"2295359938","2081464537","0.235171"
"2081464537","2407248964","0.0555556"
"2407248964","2081464537","0.0555556"
"2081464537","2754918311","0.235171"
"2754918311","2081464537","0.235171"
"2081464537","2763340581","0.235171"
"2763340581","2081464537","0.235171"
"2081464537","52006136","0.108187"
"52006136","2081464537","0.108187"
"2111663915","2242041550","1.22222"
"2242041550","2111663915","1.22222"
"2111663915","2289584201","0.475469"
"2289584201","2111663915","0.475469"
"2111663915","2295359938","1.58366"
"2295359938","2111663915","1.58366"
"2111663915","2407248964","0.222222"
"2407248964","2111663915","0.222222"
"2111663915","2754918311","0.32608"
"2754918311","2111663915","0.32608"
"2111663915","2763340581","0.82608"
"2763340581","2111663915","0.82608"
"2111663915","52006136","0.108187"
"52006136","2111663915","0.108187"
"2242041550","2289584201","0.638889"
"2289584201","2242041550","0.638889"
"2242041550","2295359938","0.422222"
"2295359938","2242041550","0.422222"
"2242041550","2407248964","2.42341"
"2407248964","2242041550","2.42341"
"2242041550","2754918311","0.0555556"
"2754918311","2242041550","0.0555556"
"2242041550","2763340581","1.05556"
"2763340581","2242041550","1.05556"
"2242041550","52006136","1.25556"
"52006136","2242041550","1.25556"
"2289584201","2295359938","1.07547"
"2295359938","2289584201","1.07547"
"2289584201","2407248964","0.388889"
"2407248964","2289584201","0.388889"
"2289584201","2754918311","0.967893"
"2754918311","2289584201","0.967893"
"2289584201","2763340581","1.30123"
"2763340581","2289584201","1.30123"
"2295359938","2407248964","0.422222"
"2407248964","2295359938","0.422222"
"2295359938","2754918311","0.32608"
"2754918311","2295359938","0.32608"
"2295359938","2763340581","1.82608"
"2763340581","2295359938","1.82608"
"2295359938","52006136","0.108187"
"52006136","2295359938","0.108187"
"2407248964","2754918311","0.0555556"
"2754918311","2407248964","0.0555556"
"2407248964","2763340581","0.555556"
"2763340581","2407248964","0.555556"
"2407248964","52006136","0.922222"
"52006136","2407248964","0.922222"
"2754918311","2763340581","2.40941"
"2763340581","2754918311","2.40941"
"2754918311","52006136","0.108187"
"52006136","2754918311","0.108187"
"2763340581","52006136","0.608187"
"52006136","2763340581","0.608187"
"106237003","2075839466","0.343541"
"2075839466","106237003","0.343541"
"106237003","2148616589","0.519298"
"2148616589","106237003","0.519298"
"1988941656","2075839466","0.510207"
"2075839466","1988941656","0.510207"
"1988941656","2148616589","0.752632"
"2148616589","1988941656","0.752632"
"2033286196","2075839466","0.290909"
"2075839466","2033286196","0.290909"
"2033286196","2148616589","0.3"
"2148616589","2033286196","0.3"
"2048968742","2075839466","0.343541"
"2075839466","2048968742","0.343541"
"2048968742","2148616589","2.57687"
"2148616589","2048968742","2.57687"
"2075839466","2148616589","0.252632"
"2148616589","2075839466","0.252632"
"106237003","2057306771","0.0714286"
"2057306771","106237003","0.0714286"
"106237003","2543050674","0.370525"
"2543050674","106237003","0.370525"
"106237003","2751273148","0.214969"
"2751273148","106237003","0.214969"
"106237003","2889555490","0.179616"
"2889555490","106237003","0.179616"
"106237003","2901100770","0.179616"
"2901100770","106237003","0.179616"
"1980469160","2057306771","0.0714286"
"2057306771","1980469160","0.0714286"
"1980469160","2543050674","0.279616"
"2543050674","1980469160","0.279616"
"1980469160","2751273148","0.12406"
"2751273148","1980469160","0.12406"
"1980469160","2889555490","0.179616"
"2889555490","1980469160","0.179616"
"1980469160","2901100770","0.179616"
"2901100770","1980469160","0.179616"
"2009047969","2057306771","0.0714286"
"2057306771","2009047969","0.0714286"
"2009047969","2543050674","0.279616"
"2543050674","2009047969","0.279616"
"2009047969","2751273148","0.12406"
"2751273148","2009047969","0.12406"
"2009047969","2889555490","0.179616"
"2889555490","2009047969","0.179616"
"2009047969","2901100770","0.179616"
"2901100770","2009047969","0.179616"
"2048968742","2057306771","0.0714286"
"2057306771","2048968742","0.0714286"
"2048968742","2543050674","0.361434"
"2543050674","2048968742","0.361434"
"2048968742","2751273148","0.548303"
"2751273148","2048968742","0.548303"
"2048968742","2889555490","0.770525"
"2889555490","2048968742","0.770525"
"2048968742","2901100770","0.270525"
"2901100770","2048968742","0.270525"
"2057306771","2081464537","0.0714286"
"2081464537","2057306771","0.0714286"
"2057306771","2111663915","0.0714286"
"2111663915","2057306771","0.0714286"
"2057306771","2289584201","0.0714286"
"2289584201","2057306771","0.0714286"
"2057306771","2295359938","1.57143"
"2295359938","2057306771","1.57143"
"2057306771","2543050674","0.0714286"
"2543050674","2057306771","0.0714286"
"2057306771","2751273148","0.0714286"
"2751273148","2057306771","0.0714286"
"2057306771","2754918311","0.0714286"
"2754918311","2057306771","0.0714286"
"2057306771","2763340581","0.0714286"
"2763340581","2057306771","0.0714286"
"2057306771","2889555490","0.0714286"
"2889555490","2057306771","0.0714286"
"2057306771","2901100770","0.0714286"
"2901100770","2057306771","0.0714286"
"2081464537","2543050674","0.179616"
"2543050674","2081464537","0.179616"
"2081464537","2751273148","0.12406"
"2751273148","2081464537","0.12406"
"2081464537","2889555490","1.01295"
"2889555490","2081464537","1.01295"
"2081464537","2901100770","0.179616"
"2901100770","2081464537","0.179616"
"2111663915","2543050674","0.361434"
"2543050674","2111663915","0.361434"
"2111663915","2751273148","1.21497"
"2751273148","2111663915","1.21497"
"2111663915","2889555490","0.270525"
"2889555490","2111663915","0.270525"
"2111663915","2901100770","0.270525"
"2901100770","2111663915","0.270525"
"2289584201","2543050674","1.10325"
"2543050674","2289584201","1.10325"
"2289584201","2751273148","0.995671"
"2751273148","2289584201","0.995671"
"2289584201","2889555490","0.745671"
"2889555490","2289584201","0.745671"
"2289584201","2901100770","0.162338"
"2901100770","2289584201","0.162338"
"2295359938","2543050674","0.661434"
"2543050674","2295359938","0.661434"
"2295359938","2751273148","0.581636"
"2751273148","2295359938","0.581636"
"2295359938","2889555490","0.970525"
"2889555490","2295359938","0.970525"
"2295359938","2901100770","0.270525"
"2901100770","2295359938","0.270525"
"2543050674","2751273148","0.914969"
"2751273148","2543050674","0.914969"
"2543050674","2754918311","0.853858"
"2754918311","2543050674","0.853858"
"2543050674","2763340581","0.853858"
"2763340581","2543050674","0.853858"
"2543050674","2889555490","1.05386"
"2889555490","2543050674","1.05386"
"2543050674","2901100770","0.270525"
"2901100770","2543050674","0.270525"
"2751273148","2754918311","0.12406"
"2754918311","2751273148","0.12406"
"2751273148","2763340581","0.957393"
"2763340581","2751273148","0.957393"
"2751273148","2889555490","0.82406"
"2889555490","2751273148","0.82406"
"2751273148","2901100770","0.12406"
"2901100770","2751273148","0.12406"
"2754918311","2889555490","0.853858"
"2889555490","2754918311","0.853858"
"2754918311","2901100770","0.270525"
"2901100770","2754918311","0.270525"
"2763340581","2889555490","1.85386"
"2889555490","2763340581","1.85386"
"2763340581","2901100770","0.270525"
"2901100770","2763340581","0.270525"
"2889555490","2901100770","5.02052"
"2901100770","2889555490","5.02052"
"1988941656","2543050674","0.299096"
"2543050674","1988941656","0.299096"
"1988941656","2751273148","0.143541"
"2751273148","1988941656","0.143541"
"2008870120","2075839466","0.143541"
"2075839466","2008870120","0.143541"
"2008870120","2543050674","0.890005"
"2543050674","2008870120","0.890005"
"2008870120","2751273148","0.143541"
"2751273148","2008870120","0.143541"
"2033286196","2543050674","0.246465"
"2543050674","2033286196","0.246465"
"2033286196","2751273148","0.257576"
"2751273148","2033286196","0.257576"
"2064785354","2075839466","0.143541"
"2075839466","2064785354","0.143541"
"2064785354","2543050674","1.79001"
"2543050674","2064785354","1.79001"
"2064785354","2751273148","0.310207"
"2751273148","2064785354","0.310207"
"2075839466","2111663915","0.310207"
"2111663915","2075839466","0.310207"
"2075839466","2289584201","0.257576"
"2289584201","2075839466","0.257576"
"2075839466","2295359938","0.310207"
"2295359938","2075839466","0.310207"
"2075839466","2543050674","0.143541"
"2543050674","2075839466","0.143541"
"2075839466","2751273148","0.143541"
"2751273148","2075839466","0.143541"
"1980469160","2075839466","0.0526316"
"2075839466","1980469160","0.0526316"
"1980469160","2148616589","0.352632"
"2148616589","1980469160","0.352632"
"1988941656","2889555490","0.108187"
"2889555490","1988941656","0.108187"
"1988941656","2901100770","0.108187"
"2901100770","1988941656","0.108187"
"2008870120","2148616589","0.243541"
"2148616589","2008870120","0.243541"
"2008870120","2889555490","0.53243"
"2889555490","2008870120","0.53243"
"2008870120","2901100770","0.199096"
"2901100770","2008870120","0.199096"
"2009047969","2075839466","0.0526316"
"2075839466","2009047969","0.0526316"
"2009047969","2148616589","0.152632"
"2148616589","2009047969","0.152632"
"2020268559","2075839466","0.0526316"
"2075839466","2020268559","0.0526316"
"2020268559","2148616589","0.219298"
"2148616589","2020268559","0.219298"
"2020268559","2543050674","0.308187"
"2543050674","2020268559","0.308187"
"2020268559","2751273148","0.252632"
"2751273148","2020268559","0.252632"
"2020268559","2889555490","0.308187"
"2889555490","2020268559","0.308187"
"2020268559","2901100770","0.108187"
"2901100770","2020268559","0.108187"
"2064785354","2148616589","0.310207"
"2148616589","2064785354","0.310207"
"2064785354","2889555490","0.365763"
"2889555490","2064785354","0.365763"
"2064785354","2901100770","0.199096"
"2901100770","2064785354","0.199096"
"2075839466","2081464537","0.0526316"
"2081464537","2075839466","0.0526316"
"2075839466","2754918311","0.0526316"
"2754918311","2075839466","0.0526316"
"2075839466","2763340581","0.0526316"
"2763340581","2075839466","0.0526316"
"2075839466","2889555490","0.0526316"
"2889555490","2075839466","0.0526316"
"2075839466","2901100770","0.0526316"
"2901100770","2075839466","0.0526316"
"2075839466","52006136","0.0526316"
"52006136","2075839466","0.0526316"
"2081464537","2148616589","0.0526316"
"2148616589","2081464537","0.0526316"
"2111663915","2148616589","0.143541"
"2148616589","2111663915","0.143541"
"2148616589","2295359938","2.27687"
"2295359938","2148616589","2.27687"
"2148616589","2543050674","0.243541"
"2543050674","2148616589","0.243541"
"2148616589","2751273148","0.385965"
"2751273148","2148616589","0.385965"
"2148616589","2754918311","0.143541"
"2754918311","2148616589","0.143541"
"2148616589","2763340581","0.810207"
"2763340581","2148616589","0.810207"
"2148616589","2889555490","0.393541"
"2889555490","2148616589","0.393541"
"2148616589","2901100770","0.393541"
"2901100770","2148616589","0.393541"
"2148616589","52006136","0.419298"
"52006136","2148616589","0.419298"
"2543050674","52006136","0.0526316"
"52006136","2543050674","0.0526316"
"2751273148","52006136","0.0526316"
"52006136","2751273148","0.0526316"
"2889555490","52006136","0.0526316"
"52006136","2889555490","0.0526316"
"2901100770","52006136","0.0526316"
"52006136","2901100770","0.0526316"
"106237003","24471615","1.15556"
"24471615","106237003","1.15556"
"1980469160","24471615","0.155556"
"24471615","1980469160","0.155556"
"1988941656","24471615","0.155556"
"24471615","1988941656","0.155556"
"2008870120","24471615","1.48889"
"24471615","2008870120","1.48889"
"2009047969","24471615","0.155556"
"24471615","2009047969","0.155556"
"2033286196","24471615","0.322222"
"24471615","2033286196","0.322222"
"2148616589","2289584201","0.690909"
"2289584201","2148616589","0.690909"
"2148616589","24471615","0.1"
"24471615","2148616589","0.1"
"2289584201","24471615","0.1"
"24471615","2289584201","0.1"
"2295359938","24471615","0.655556"
"24471615","2295359938","0.655556"
"24471615","2543050674","0.155556"
"2543050674","24471615","0.155556"
"106237003","2949187261","0.5"
"2949187261","106237003","0.5"
"1988941656","2949187261","0.9"
"2949187261","1988941656","0.9"
"2148616589","2407248964","0.166667"
"2407248964","2148616589","0.166667"
"2020268559","24471615","0.0555556"
"24471615","2020268559","0.0555556"
"2033286196","2889555490","0.222222"
"2889555490","2033286196","0.222222"
"2033286196","2901100770","0.0555556"
"2901100770","2033286196","0.0555556"
"2048968742","24471615","0.0555556"
"24471615","2048968742","0.0555556"
"2064785354","24471615","0.222222"
"24471615","2064785354","0.222222"
"2072730946","24471615","0.0555556"
"24471615","2072730946","0.0555556"
"2072730946","2543050674","0.0555556"
"2543050674","2072730946","0.0555556"
"2072730946","2889555490","0.388889"
"2889555490","2072730946","0.388889"
"2072730946","2901100770","0.0555556"
"2901100770","2072730946","0.0555556"
"2081464537","24471615","0.0555556"
"24471615","2081464537","0.0555556"
"2111663915","24471615","0.0555556"
"24471615","2111663915","0.0555556"
"24471615","2754918311","0.0555556"
"2754918311","24471615","0.0555556"
"24471615","2763340581","0.222222"
"2763340581","24471615","0.222222"
"24471615","2889555490","0.555556"
"2889555490","24471615","0.555556"
"24471615","2901100770","0.0555556"
"2901100770","24471615","0.0555556"
"1428439214","1590544288","2.96786"
"1590544288","1428439214","2.96786"
"1428439214","1861137256","4.41786"
"1861137256","1428439214","4.41786"
"1428439214","1988941656","1.08452"
"1988941656","1428439214","1.08452"
"1428439214","2020268559","0.834524"
"2020268559","1428439214","0.834524"
"1428439214","2242041550","1.00119"
"2242041550","1428439214","1.00119"
"1428439214","2407248964","1.00119"
"2407248964","1428439214","1.00119"
"1428439214","2952097588","1.71786"
"2952097588","1428439214","1.71786"
"1590544288","1861137256","1.18452"
"1861137256","1590544288","1.18452"
"1590544288","1988941656","2.11786"
"1988941656","1590544288","2.11786"
"1590544288","2020268559","1.03452"
"2020268559","1590544288","1.03452"
"1590544288","2242041550","3.78452"
"2242041550","1590544288","3.78452"
"1590544288","2407248964","1.20119"
"2407248964","1590544288","1.20119"
"1861137256","1988941656","0.467857"
"1988941656","1861137256","0.467857"
"1861137256","2020268559","0.467857"
"2020268559","1861137256","0.467857"
"1861137256","2242041550","0.467857"
"2242041550","1861137256","0.467857"
"1861137256","2407248964","0.467857"
"2407248964","1861137256","0.467857"
"1861137256","2952097588","1.38452"
"2952097588","1861137256","1.38452"
"1988941656","2952097588","1.46786"
"2952097588","1988941656","1.46786"
"2020268559","2952097588","0.834524"
"2952097588","2020268559","0.834524"
"2242041550","2952097588","2.28452"
"2952097588","2242041550","2.28452"
"2407248964","2952097588","1.00119"
"2952097588","2407248964","1.00119"
"1428439214","2074987460","3.825"
"2074987460","1428439214","3.825"
"1428439214","2289584201","0.5"
"2289584201","1428439214","0.5"
"1861137256","2074987460","3.40833"
"2074987460","1861137256","3.40833"
"1861137256","2289584201","0.333333"
"2289584201","1861137256","0.333333"
"2074987460","2289584201","0.75"
"2289584201","2074987460","0.75"
"1590544288","2074987460","1.54167"
"2074987460","1590544288","1.54167"
"2074987460","2952097588","1.29167"
"2952097588","2074987460","1.29167"
"1988941656","2074987460","0.575"
"2074987460","1988941656","0.575"
"2020268559","2074987460","0.125"
"2074987460","2020268559","0.125"
"2074987460","2242041550","0.541667"
"2242041550","2074987460","0.541667"
"2074987460","2407248964","0.291667"
"2407248964","2074987460","0.291667"
"1428439214","2081464537","0.2"
"2081464537","1428439214","0.2"
"1428439214","2949187261","0.2"
"2949187261","1428439214","0.2"
"1861137256","2081464537","0.2"
"2081464537","1861137256","0.2"
"1861137256","2949187261","0.2"
"2949187261","1861137256","0.2"
"2074987460","2081464537","0.2"
"2081464537","2074987460","0.2"
"2074987460","2949187261","0.2"
"2949187261","2074987460","0.2"
"2081464537","2949187261","1.53333"
"2949187261","2081464537","1.53333"
"1428439214","52006136","0.25"
"52006136","1428439214","0.25"
"2074987460","52006136","1.25"
"52006136","2074987460","1.25"
"1522370162","2064785354","1"
"2064785354","1522370162","1"
"1522370162","1872569891","9.25"
"1872569891","1522370162","9.25"
"1522370162","2170505456","0.25"
"2170505456","1522370162","0.25"
"1522370162","2401265487","0.25"
"2401265487","1522370162","0.25"
"1522370162","2528765555","1.25"
"2528765555","1522370162","1.25"
"1872569891","2170505456","3.83333"
"2170505456","1872569891","3.83333"
"1872569891","2401265487","0.5"
"2401265487","1872569891","0.5"
"1872569891","2528765555","0.25"
"2528765555","1872569891","0.25"
"2170505456","2401265487","10.8333"
"2401265487","2170505456","10.8333"
"2170505456","2528765555","0.25"
"2528765555","2170505456","0.25"
"2401265487","2528765555","0.25"
"2528765555","2401265487","0.25"
"1545375464","2407894837","23.5"
"2407894837","1545375464","23.5"
"1545375464","2004343852","0.5"
"2004343852","1545375464","0.5"
"2004343852","2407894837","0.5"
"2407894837","2004343852","0.5"
"1590544288","2033286196","0.7"
"2033286196","1590544288","0.7"
"2033286196","2952097588","0.7"
"2952097588","2033286196","0.7"
"1590544288","2072730946","0.4"
"2072730946","1590544288","0.4"
"1590544288","2295359938","0.2"
"2295359938","1590544288","0.2"
"2295359938","2952097588","0.2"
"2952097588","2295359938","0.2"
"1590544288","2407894837","1"
"2407894837","1590544288","1"
"2072730946","2952097588","0.2"
"2952097588","2072730946","0.2"
"1590544288","2148616589","0.25"
"2148616589","1590544288","0.25"
"1590544288","2889555490","0.25"
"2889555490","1590544288","0.25"
"1590544288","2901100770","0.25"
"2901100770","1590544288","0.25"
"1590544288","2949187261","0.25"
"2949187261","1590544288","0.25"
"2148616589","2949187261","0.45"
"2949187261","2148616589","0.45"
"2889555490","2949187261","0.583333"
"2949187261","2889555490","0.583333"
"2901100770","2949187261","0.25"
"2949187261","2901100770","0.25"
"1872569891","2014155331","2.58333"
"2014155331","1872569891","2.58333"
"1872569891","2901459792","0.583333"
"2901459792","1872569891","0.583333"
"2014155331","2170505456","28.9167"
"2170505456","2014155331","28.9167"
"2014155331","2401265487","11.5833"
"2401265487","2014155331","11.5833"
"2014155331","2901459792","0.916667"
"2901459792","2014155331","0.916667"
"2170505456","2901459792","0.916667"
"2901459792","2170505456","0.916667"
"2401265487","2901459792","0.583333"
"2901459792","2401265487","0.583333"
"2072730946","2148616589","0.2"
"2148616589","2072730946","0.2"
"1988941656","2057306771","3"
"2057306771","1988941656","3"
"2048968742","2949187261","0.2"
"2949187261","2048968742","0.2"
"2148616589","2242041550","0.2"
"2242041550","2148616589","0.2"
"2242041550","2949187261","0.2"
"2949187261","2242041550","0.2"
"2949187261","52006136","0.2"
"52006136","2949187261","0.2"
"2075839466","2242041550","0.166667"
"2242041550","2075839466","0.166667"
"2075839466","2407248964","0.166667"
"2407248964","2075839466","0.166667"
"1988941656","2407894837","0.5"
"2407894837","1988941656","0.5"
"2057306771","2407894837","0.5"
"2407894837","2057306771","0.5"
"2407248964","2543050674","0.2"
"2543050674","2407248964","0.2"
"2407248964","2751273148","0.2"
"2751273148","2407248964","0.2"
"2407248964","2889555490","0.2"
"2889555490","2407248964","0.2"
"24471615","2751273148","0.166667"
"2751273148","24471615","0.166667"
"2072730946","2949187261","1.33333"
"2949187261","2072730946","1.33333"
"2111663915","3012037390","1"
"3012037390","2111663915","1"
"2242041550","2889555490","0.5"
"2889555490","2242041550","0.5"
"2295359938","3012037390","1"
"3012037390","2295359938","1"
"2889555490","3012037390","0.5"
"3012037390","2889555490","0.5"
"2901100770","3012037390","0.5"
"3012037390","2901100770","0.5"
