"1491350531","2027029674","4.94329"
"2027029674","1491350531","4.94329"
"1491350531","2057056021","0.424242"
"2057056021","1491350531","0.424242"
"1491350531","2127209459","0.333333"
"2127209459","1491350531","0.333333"
"2027029674","2057056021","0.424242"
"2057056021","2027029674","0.424242"
"2027029674","2127209459","0.333333"
"2127209459","2027029674","0.333333"
"2057056021","2127209459","0.333333"
"2127209459","2057056021","0.333333"
"1491350531","1982609136","1.19405"
"1982609136","1491350531","1.19405"
"1491350531","2014339324","2.70162"
"2014339324","1491350531","2.70162"
"1491350531","2231450148","1.81071"
"2231450148","1491350531","1.81071"
"1491350531","2408147222","1.73496"
"2408147222","1491350531","1.73496"
"1982609136","2014339324","0.685714"
"2014339324","1982609136","0.685714"
"1982609136","2027029674","1.19405"
"2027029674","1982609136","1.19405"
"1982609136","2231450148","0.860714"
"2231450148","1982609136","0.860714"
"1982609136","2408147222","1.06071"
"2408147222","1982609136","1.06071"
"2014339324","2027029674","3.73496"
"2027029674","2014339324","3.73496"
"2014339324","2231450148","0.935714"
"2231450148","2014339324","0.935714"
"2014339324","2408147222","2.05996"
"2408147222","2014339324","2.05996"
"2027029674","2231450148","2.21071"
"2231450148","2027029674","2.21071"
"2027029674","2408147222","2.96829"
"2408147222","2027029674","2.96829"
"2231450148","2408147222","14.3274"
"2408147222","2231450148","14.3274"
"1491350531","1515178854","0.80119"
"1515178854","1491350531","0.80119"
"1491350531","1927767098","1.70162"
"1927767098","1491350531","1.70162"
"1515178854","1927767098","1.65119"
"1927767098","1515178854","1.65119"
"1515178854","2027029674","1.33452"
"2027029674","1515178854","1.33452"
"1515178854","2231450148","1.11786"
"2231450148","1515178854","1.11786"
"1515178854","2408147222","1.98452"
"2408147222","1515178854","1.98452"
"1927767098","2027029674","1.10162"
"2027029674","1927767098","1.10162"
"1927767098","2231450148","2.79405"
"2231450148","1927767098","2.79405"
"1927767098","2408147222","3.91829"
"2408147222","1927767098","3.91829"
"1491350531","1518480730","1.13258"
"1518480730","1491350531","1.13258"
"1491350531","2049142948","0.291667"
"2049142948","1491350531","0.291667"
"1491350531","2120389871","0.434524"
"2120389871","1491350531","0.434524"
"1491350531","2151855807","0.166667"
"2151855807","1491350531","0.166667"
"1518480730","2027029674","2.13258"
"2027029674","1518480730","2.13258"
"1518480730","2049142948","0.166667"
"2049142948","1518480730","0.166667"
"1518480730","2120389871","0.166667"
"2120389871","1518480730","0.166667"
"1518480730","2151855807","2.91667"
"2151855807","1518480730","2.91667"
"1518480730","2231450148","0.416667"
"2231450148","1518480730","0.416667"
"2027029674","2049142948","0.291667"
"2049142948","2027029674","0.291667"
"2027029674","2120389871","0.834524"
"2120389871","2027029674","0.834524"
"2027029674","2151855807","0.366667"
"2151855807","2027029674","0.366667"
"2049142948","2120389871","2.29167"
"2120389871","2049142948","2.29167"
"2049142948","2151855807","0.166667"
"2151855807","2049142948","0.166667"
"2049142948","2231450148","0.291667"
"2231450148","2049142948","0.291667"
"2120389871","2151855807","0.166667"
"2151855807","2120389871","0.166667"
"2120389871","2231450148","2.11786"
"2231450148","2120389871","2.11786"
"2151855807","2231450148","0.166667"
"2231450148","2151855807","0.166667"
"1515178854","1982609136","0.80119"
"1982609136","1515178854","0.80119"
"1515178854","2049142948","0.125"
"2049142948","1515178854","0.125"
"1515178854","2120389871","4.10833"
"2120389871","1515178854","4.10833"
"1927767098","1982609136","0.610714"
"1982609136","1927767098","0.610714"
"1927767098","2049142948","0.125"
"2049142948","1927767098","0.125"
"1927767098","2120389871","2.28452"
"2120389871","1927767098","2.28452"
"1982609136","2049142948","0.125"
"2049142948","1982609136","0.125"
"1982609136","2120389871","0.267857"
"2120389871","1982609136","0.267857"
"2049142948","2408147222","0.125"
"2408147222","2049142948","0.125"
"2120389871","2408147222","1.78452"
"2408147222","2120389871","1.78452"
"1491350531","1497491409","0.0909091"
"1497491409","1491350531","0.0909091"
"1491350531","1591284079","0.215909"
"1591284079","1491350531","0.215909"
"1491350531","197225732","0.0909091"
"197225732","1491350531","0.0909091"
"1491350531","2521303585","0.215909"
"2521303585","1491350531","0.215909"
"1491350531","406638347","0.0909091"
"406638347","1491350531","0.0909091"
"1497491409","1518480730","3.8171"
"1518480730","1497491409","3.8171"
"1497491409","1591284079","2.23377"
"1591284079","1497491409","2.23377"
"1497491409","1927767098","0.0909091"
"1927767098","1497491409","0.0909091"
"1497491409","197225732","1.09091"
"197225732","1497491409","1.09091"
"1497491409","2014339324","1.0671"
"2014339324","1497491409","1.0671"
"1497491409","2027029674","0.0909091"
"2027029674","1497491409","0.0909091"
"1497491409","2057056021","0.0909091"
"2057056021","1497491409","0.0909091"
"1497491409","2408147222","0.0909091"
"2408147222","1497491409","0.0909091"
"1497491409","2521303585","0.233766"
"2521303585","1497491409","0.233766"
"1497491409","406638347","0.0909091"
"406638347","1497491409","0.0909091"
"1518480730","1591284079","0.358766"
"1591284079","1518480730","0.358766"
"1518480730","1927767098","0.590909"
"1927767098","1518480730","0.590909"
"1518480730","197225732","0.590909"
"197225732","1518480730","0.590909"
"1518480730","2014339324","2.4421"
"2014339324","1518480730","2.4421"
"1518480730","2057056021","0.0909091"
"2057056021","1518480730","0.0909091"
"1518480730","2408147222","0.0909091"
"2408147222","1518480730","0.0909091"
"1518480730","2521303585","0.358766"
"2521303585","1518480730","0.358766"
"1518480730","406638347","0.0909091"
"406638347","1518480730","0.0909091"
"1591284079","1927767098","0.0909091"
"1927767098","1591284079","0.0909091"
"1591284079","197225732","0.590909"
"197225732","1591284079","0.590909"
"1591284079","2014339324","0.358766"
"2014339324","1591284079","0.358766"
"1591284079","2027029674","0.215909"
"2027029674","1591284079","0.215909"
"1591284079","2057056021","1.09091"
"2057056021","1591284079","1.09091"
"1591284079","2408147222","0.0909091"
"2408147222","1591284079","0.0909091"
"1591284079","2521303585","0.608766"
"2521303585","1591284079","0.608766"
"1591284079","406638347","0.340909"
"406638347","1591284079","0.340909"
"1927767098","197225732","1.59091"
"197225732","1927767098","1.59091"
"1927767098","2014339324","0.776623"
"2014339324","1927767098","0.776623"
"1927767098","2057056021","0.0909091"
"2057056021","1927767098","0.0909091"
"1927767098","2521303585","0.0909091"
"2521303585","1927767098","0.0909091"
"1927767098","406638347","0.0909091"
"406638347","1927767098","0.0909091"
"197225732","2014339324","0.0909091"
"2014339324","197225732","0.0909091"
"197225732","2027029674","0.0909091"
"2027029674","197225732","0.0909091"
"197225732","2057056021","0.0909091"
"2057056021","197225732","0.0909091"
"197225732","2408147222","0.0909091"
"2408147222","197225732","0.0909091"
"197225732","2521303585","0.0909091"
"2521303585","197225732","0.0909091"
"197225732","406638347","0.0909091"
"406638347","197225732","0.0909091"
"2014339324","2057056021","0.0909091"
"2057056021","2014339324","0.0909091"
"2014339324","2521303585","0.358766"
"2521303585","2014339324","0.358766"
"2014339324","406638347","0.0909091"
"406638347","2014339324","0.0909091"
"2027029674","2521303585","0.215909"
"2521303585","2027029674","0.215909"
"2027029674","406638347","0.0909091"
"406638347","2027029674","0.0909091"
"2057056021","2408147222","0.0909091"
"2408147222","2057056021","0.0909091"
"2057056021","2521303585","0.0909091"
"2521303585","2057056021","0.0909091"
"2057056021","406638347","1.09091"
"406638347","2057056021","1.09091"
"2408147222","2521303585","0.0909091"
"2521303585","2408147222","0.0909091"
"2408147222","406638347","0.0909091"
"406638347","2408147222","0.0909091"
"2521303585","406638347","1.67424"
"406638347","2521303585","1.67424"
"2014339324","2120389871","0.342857"
"2120389871","2014339324","0.342857"
"1515178854","2014339324","0.67619"
"2014339324","1515178854","0.67619"
"1491350531","1561529798","0.125"
"1561529798","1491350531","0.125"
"1491350531","2100732281","0.375"
"2100732281","1491350531","0.375"
"1491350531","2129085629","0.125"
"2129085629","1491350531","0.125"
"1518480730","1561529798","0.375"
"1561529798","1518480730","0.375"
"1518480730","2100732281","0.517857"
"2100732281","1518480730","0.517857"
"1518480730","2129085629","0.125"
"2129085629","1518480730","0.125"
"1561529798","1591284079","0.458333"
"1591284079","1561529798","0.458333"
"1561529798","2014339324","0.125"
"2014339324","1561529798","0.125"
"1561529798","2027029674","0.125"
"2027029674","1561529798","0.125"
"1561529798","2100732281","4.15833"
"2100732281","1561529798","4.15833"
"1561529798","2129085629","0.125"
"2129085629","1561529798","0.125"
"1561529798","2521303585","0.958333"
"2521303585","1561529798","0.958333"
"1591284079","2100732281","1.85119"
"2100732281","1591284079","1.85119"
"1591284079","2129085629","0.458333"
"2129085629","1591284079","0.458333"
"2014339324","2100732281","0.517857"
"2100732281","2014339324","0.517857"
"2014339324","2129085629","0.125"
"2129085629","2014339324","0.125"
"2027029674","2100732281","0.375"
"2100732281","2027029674","0.375"
"2027029674","2129085629","1.325"
"2129085629","2027029674","1.325"
"2100732281","2129085629","0.125"
"2129085629","2100732281","0.125"
"2100732281","2521303585","2.01786"
"2521303585","2100732281","2.01786"
"2129085629","2521303585","0.125"
"2521303585","2129085629","0.125"
"1497491409","2151855807","1.75"
"2151855807","1497491409","1.75"
"1497491409","2117989454","1.89286"
"2117989454","1497491409","1.89286"
"1497491409","2972941992","0.583333"
"2972941992","1497491409","0.583333"
"1518480730","2117989454","4.89286"
"2117989454","1518480730","4.89286"
"1518480730","2972941992","0.583333"
"2972941992","1518480730","0.583333"
"2117989454","2151855807","0.25"
"2151855807","2117989454","0.25"
"2117989454","2972941992","1.25"
"2972941992","2117989454","1.25"
"2151855807","2972941992","0.25"
"2972941992","2151855807","0.25"
"1497491409","2100732281","0.142857"
"2100732281","1497491409","0.142857"
"1497491409","2137501462","0.142857"
"2137501462","1497491409","0.142857"
"1518480730","2137501462","0.392857"
"2137501462","1518480730","0.392857"
"1591284079","2117989454","0.392857"
"2117989454","1591284079","0.392857"
"1591284079","2137501462","0.142857"
"2137501462","1591284079","0.142857"
"2014339324","2117989454","0.142857"
"2117989454","2014339324","0.142857"
"2014339324","2137501462","0.342857"
"2137501462","2014339324","0.342857"
"2100732281","2117989454","0.592857"
"2117989454","2100732281","0.592857"
"2100732281","2137501462","0.342857"
"2137501462","2100732281","0.342857"
"2117989454","2137501462","0.342857"
"2137501462","2117989454","0.342857"
"2117989454","2521303585","0.392857"
"2521303585","2117989454","0.392857"
"2137501462","2521303585","0.142857"
"2521303585","2137501462","0.142857"
"2014339324","2972941992","0.333333"
"2972941992","2014339324","0.333333"
"1497491409","1576339411","0.5"
"1576339411","1497491409","0.5"
"1518480730","1576339411","1.5"
"1576339411","1518480730","1.5"
"1515178854","2184607121","0.2"
"2184607121","1515178854","0.2"
"1927767098","2184607121","0.2"
"2184607121","1927767098","0.2"
"2120389871","2184607121","0.2"
"2184607121","2120389871","0.2"
"2184607121","2231450148","0.2"
"2231450148","2184607121","0.2"
"2184607121","2408147222","0.2"
"2408147222","2184607121","0.2"
"1515178854","2137501462","0.2"
"2137501462","1515178854","0.2"
"1927767098","2137501462","0.2"
"2137501462","1927767098","0.2"
"1982609136","2137501462","0.4"
"2137501462","1982609136","0.4"
"2137501462","2408147222","0.2"
"2408147222","2137501462","0.2"
"1518480730","1816597193","0.25"
"1816597193","1518480730","0.25"
"1561529798","1816597193","0.25"
"1816597193","1561529798","0.25"
"1561529798","2137501462","0.45"
"2137501462","1561529798","0.45"
"1561529798","2231450148","0.25"
"2231450148","1561529798","0.25"
"1816597193","2137501462","0.25"
"2137501462","1816597193","0.25"
"1816597193","2231450148","0.25"
"2231450148","1816597193","0.25"
"2137501462","2231450148","0.25"
"2231450148","2137501462","0.25"
"1561529798","2157903969","1.66667"
"2157903969","1561529798","1.66667"
"2100732281","2157903969","0.833333"
"2157903969","2100732281","0.833333"
"1591284079","2157903969","0.333333"
"2157903969","1591284079","0.333333"
"1561529798","2049142948","1"
"2049142948","1561529798","1"
"2157903969","2521303585","0.833333"
"2521303585","2157903969","0.833333"
"1561529798","1982609136","0.2"
"1982609136","1561529798","0.2"
"1561529798","2117989454","0.2"
"2117989454","1561529798","0.2"
"1561529798","406638347","0.533333"
"406638347","1561529798","0.533333"
"1982609136","2100732281","0.2"
"2100732281","1982609136","0.2"
"1982609136","2117989454","0.2"
"2117989454","1982609136","0.2"
"1982609136","406638347","0.7"
"406638347","1982609136","0.7"
"2100732281","406638347","0.95"
"406638347","2100732281","0.95"
"2117989454","406638347","0.45"
"406638347","2117989454","0.45"
"2137501462","406638347","0.2"
"406638347","2137501462","0.2"
"2157903969","406638347","0.333333"
"406638347","2157903969","0.333333"
"1571608886","2263830507","8"
"2263830507","1571608886","8"
"1576339411","1992658042","3.25"
"1992658042","1576339411","3.25"
"1576339411","2295809852","1"
"2295809852","1576339411","1"
"1576339411","2630165645","1.25"
"2630165645","1576339411","1.25"
"1992658042","2295809852","4.5"
"2295809852","1992658042","4.5"
"1992658042","2630165645","4.25"
"2630165645","1992658042","4.25"
"2295809852","2630165645","5.80952"
"2630165645","2295809852","5.80952"
"1576339411","2049142948","0.25"
"2049142948","1576339411","0.25"
"1576339411","2755107348","0.25"
"2755107348","1576339411","0.25"
"1992658042","2049142948","0.25"
"2049142948","1992658042","0.25"
"1992658042","2755107348","0.75"
"2755107348","1992658042","0.75"
"2049142948","2630165645","0.583333"
"2630165645","2049142948","0.583333"
"2049142948","2755107348","0.583333"
"2755107348","2049142948","0.583333"
"2630165645","2755107348","4.08333"
"2755107348","2630165645","4.08333"
"1576339411","1927767098","1"
"1927767098","1576339411","1"
"1591284079","2025092962","1.5"
"2025092962","1591284079","1.5"
"197225732","2025092962","0.5"
"2025092962","197225732","0.5"
"1591284079","1944110515","0.333333"
"1944110515","1591284079","0.333333"
"1591284079","2630165645","0.333333"
"2630165645","1591284079","0.333333"
"1944110515","2129085629","8.7"
"2129085629","1944110515","8.7"
"1944110515","2630165645","0.5"
"2630165645","1944110515","0.5"
"2129085629","2630165645","0.5"
"2630165645","2129085629","0.5"
"1816597193","197225732","1"
"197225732","1816597193","1"
"1944110515","2130042280","4"
"2130042280","1944110515","4"
"1944110515","2053170854","0.166667"
"2053170854","1944110515","0.166667"
"1944110515","2127209459","0.166667"
"2127209459","1944110515","0.166667"
"1944110515","2231450148","0.166667"
"2231450148","1944110515","0.166667"
"1944110515","2295809852","0.366667"
"2295809852","1944110515","0.366667"
"2053170854","2127209459","0.166667"
"2127209459","2053170854","0.166667"
"2053170854","2129085629","0.166667"
"2129085629","2053170854","0.166667"
"2053170854","2231450148","0.166667"
"2231450148","2053170854","0.166667"
"2053170854","2295809852","0.309524"
"2295809852","2053170854","0.309524"
"2053170854","2630165645","0.309524"
"2630165645","2053170854","0.309524"
"2127209459","2129085629","0.166667"
"2129085629","2127209459","0.166667"
"2127209459","2231450148","0.166667"
"2231450148","2127209459","0.166667"
"2127209459","2295809852","0.166667"
"2295809852","2127209459","0.166667"
"2127209459","2630165645","0.166667"
"2630165645","2127209459","0.166667"
"2129085629","2231450148","0.166667"
"2231450148","2129085629","0.166667"
"2129085629","2295809852","0.366667"
"2295809852","2129085629","0.366667"
"2231450148","2295809852","0.166667"
"2295809852","2231450148","0.166667"
"2231450148","2630165645","0.166667"
"2630165645","2231450148","0.166667"
"1944110515","2027029674","0.2"
"2027029674","1944110515","0.2"
"1944110515","2137501462","0.2"
"2137501462","1944110515","0.2"
"1944110515","2151855807","0.2"
"2151855807","1944110515","0.2"
"2027029674","2137501462","0.2"
"2137501462","2027029674","0.2"
"2027029674","2295809852","0.2"
"2295809852","2027029674","0.2"
"2129085629","2137501462","3.2"
"2137501462","2129085629","3.2"
"2129085629","2151855807","0.2"
"2151855807","2129085629","0.2"
"2137501462","2151855807","0.2"
"2151855807","2137501462","0.2"
"2137501462","2295809852","0.2"
"2295809852","2137501462","0.2"
"2151855807","2295809852","0.2"
"2295809852","2151855807","0.2"
"197225732","2151855807","1"
"2151855807","197225732","1"
"1982609136","2521303585","0.5"
"2521303585","1982609136","0.5"
"2025092962","2057056021","3"
"2057056021","2025092962","3"
"2049142948","2972941992","0.333333"
"2972941992","2049142948","0.333333"
"2630165645","2972941992","0.333333"
"2972941992","2630165645","0.333333"
"2755107348","2972941992","1.33333"
"2972941992","2755107348","1.33333"
"2053170854","2157903969","0.142857"
"2157903969","2053170854","0.142857"
"2053170854","2407221947","0.642857"
"2407221947","2053170854","0.642857"
"2053170854","2736223539","0.642857"
"2736223539","2053170854","0.642857"
"2053170854","2776789294","0.142857"
"2776789294","2053170854","0.142857"
"2053170854","2937430517","0.142857"
"2937430517","2053170854","0.142857"
"2157903969","2295809852","0.142857"
"2295809852","2157903969","0.142857"
"2157903969","2407221947","0.142857"
"2407221947","2157903969","0.142857"
"2157903969","2630165645","0.142857"
"2630165645","2157903969","0.142857"
"2157903969","2736223539","0.142857"
"2736223539","2157903969","0.142857"
"2157903969","2776789294","0.142857"
"2776789294","2157903969","0.142857"
"2157903969","2937430517","0.142857"
"2937430517","2157903969","0.142857"
"2295809852","2407221947","0.142857"
"2407221947","2295809852","0.142857"
"2295809852","2736223539","0.142857"
"2736223539","2295809852","0.142857"
"2295809852","2776789294","0.142857"
"2776789294","2295809852","0.142857"
"2295809852","2937430517","0.142857"
"2937430517","2295809852","0.142857"
"2407221947","2630165645","0.142857"
"2630165645","2407221947","0.142857"
"2407221947","2736223539","0.642857"
"2736223539","2407221947","0.642857"
"2407221947","2776789294","0.142857"
"2776789294","2407221947","0.142857"
"2407221947","2937430517","0.142857"
"2937430517","2407221947","0.142857"
"2630165645","2736223539","0.142857"
"2736223539","2630165645","0.142857"
"2630165645","2776789294","0.142857"
"2776789294","2630165645","0.142857"
"2630165645","2937430517","0.142857"
"2937430517","2630165645","0.142857"
"2736223539","2776789294","0.142857"
"2776789294","2736223539","0.142857"
"2736223539","2937430517","0.142857"
"2937430517","2736223539","0.142857"
"2776789294","2937430517","0.142857"
"2937430517","2776789294","0.142857"
"2127209459","2776789294","1"
"2776789294","2127209459","1"
"2129085629","2130042280","2"
"2130042280","2129085629","2"
"2184607121","2263830507","2"
"2263830507","2184607121","2"
"2184607121","2521303585","1"
"2521303585","2184607121","1"
"2776789294","2778123870","0.5"
"2778123870","2776789294","0.5"
"2776789294","3007879431","0.5"
"3007879431","2776789294","0.5"
"2778123870","3007879431","0.5"
"3007879431","2778123870","0.5"
"2776789294","2964659193","1"
"2964659193","2776789294","1"
