"103653679","1979219117","0.340909"
"1979219117","103653679","0.340909"
"103653679","2028489702","0.632576"
"2028489702","103653679","0.632576"
"103653679","2075746277","3.84924"
"2075746277","103653679","3.84924"
"103653679","2110264892","0.633766"
"2110264892","103653679","0.633766"
"103653679","2113393538","2.85758"
"2113393538","103653679","2.85758"
"103653679","2125200253","3.54924"
"2125200253","103653679","3.54924"
"103653679","2161044657","1.54924"
"2161044657","103653679","1.54924"
"103653679","2187439251","2.07424"
"2187439251","103653679","2.07424"
"103653679","2211385226","2.71591"
"2211385226","103653679","2.71591"
"103653679","2293860339","0.540909"
"2293860339","103653679","0.540909"
"103653679","2402830288","0.807576"
"2402830288","103653679","0.807576"
"1979219117","2028489702","0.174242"
"2028489702","1979219117","0.174242"
"1979219117","2075746277","0.340909"
"2075746277","1979219117","0.340909"
"1979219117","2110264892","0.174242"
"2110264892","1979219117","0.174242"
"1979219117","2113393538","0.340909"
"2113393538","1979219117","0.340909"
"1979219117","2125200253","0.174242"
"2125200253","1979219117","0.174242"
"1979219117","2161044657","0.174242"
"2161044657","1979219117","0.174242"
"1979219117","2187439251","0.340909"
"2187439251","1979219117","0.340909"
"1979219117","2211385226","0.0909091"
"2211385226","1979219117","0.0909091"
"1979219117","2293860339","0.340909"
"2293860339","1979219117","0.340909"
"1979219117","2402830288","0.340909"
"2402830288","1979219117","0.340909"
"2028489702","2075746277","1.41591"
"2075746277","2028489702","1.41591"
"2028489702","2110264892","0.340909"
"2110264892","2028489702","0.340909"
"2028489702","2113393538","0.174242"
"2113393538","2028489702","0.174242"
"2028489702","2125200253","1.24924"
"2125200253","2028489702","1.24924"
"2028489702","2161044657","1.91591"
"2161044657","2028489702","1.91591"
"2028489702","2187439251","1.09091"
"2187439251","2028489702","1.09091"
"2028489702","2211385226","0.382576"
"2211385226","2028489702","0.382576"
"2028489702","2293860339","0.340909"
"2293860339","2028489702","0.340909"
"2028489702","2402830288","0.340909"
"2402830288","2028489702","0.340909"
"2075746277","2110264892","1.69924"
"2110264892","2075746277","1.69924"
"2075746277","2113393538","1.98258"
"2113393538","2075746277","1.98258"
"2075746277","2125200253","5.41591"
"2125200253","2075746277","5.41591"
"2075746277","2161044657","1.24924"
"2161044657","2075746277","1.24924"
"2075746277","2187439251","15.6992"
"2187439251","2075746277","15.6992"
"2075746277","2211385226","0.874242"
"2211385226","2075746277","0.874242"
"2075746277","2293860339","1.57424"
"2293860339","2075746277","1.57424"
"2075746277","2402830288","2.26591"
"2402830288","2075746277","2.26591"
"2110264892","2113393538","0.865909"
"2113393538","2110264892","0.865909"
"2110264892","2125200253","0.340909"
"2125200253","2110264892","0.340909"
"2110264892","2161044657","2.34091"
"2161044657","2110264892","2.34091"
"2110264892","2187439251","0.299242"
"2187439251","2110264892","0.299242"
"2110264892","2211385226","0.493687"
"2211385226","2110264892","0.493687"
"2110264892","2293860339","0.465909"
"2293860339","2110264892","0.465909"
"2110264892","2402830288","0.768687"
"2402830288","2110264892","0.768687"
"2113393538","2125200253","0.174242"
"2125200253","2113393538","0.174242"
"2113393538","2161044657","0.174242"
"2161044657","2113393538","0.174242"
"2113393538","2187439251","0.665909"
"2187439251","2113393538","0.665909"
"2113393538","2211385226","0.0909091"
"2211385226","2113393538","0.0909091"
"2113393538","2293860339","0.465909"
"2293860339","2113393538","0.465909"
"2113393538","2402830288","1.03258"
"2402830288","2113393538","1.03258"
"2125200253","2161044657","4.16591"
"2161044657","2125200253","4.16591"
"2125200253","2187439251","4.84091"
"2187439251","2125200253","4.84091"
"2125200253","2211385226","0.382576"
"2211385226","2125200253","0.382576"
"2125200253","2293860339","0.590909"
"2293860339","2125200253","0.590909"
"2125200253","2402830288","0.590909"
"2402830288","2125200253","0.590909"
"2161044657","2187439251","0.674242"
"2187439251","2161044657","0.674242"
"2161044657","2211385226","0.715909"
"2211385226","2161044657","0.715909"
"2161044657","2293860339","0.590909"
"2293860339","2161044657","0.590909"
"2161044657","2402830288","1.59091"
"2402830288","2161044657","1.59091"
"2187439251","2211385226","0.424242"
"2211385226","2187439251","0.424242"
"2187439251","2293860339","0.999242"
"2293860339","2187439251","0.999242"
"2187439251","2402830288","1.16591"
"2402830288","2187439251","1.16591"
"2211385226","2293860339","1.79091"
"2293860339","2211385226","1.79091"
"2211385226","2402830288","0.568687"
"2402830288","2211385226","0.568687"
"2293860339","2402830288","5.15758"
"2402830288","2293860339","5.15758"
"103653679","123420056","2.7"
"123420056","103653679","2.7"
"103653679","2102758696","5.58452"
"2102758696","103653679","5.58452"
"103653679","1545950900","0.0666667"
"1545950900","103653679","0.0666667"
"103653679","1567039325","5.6"
"1567039325","103653679","5.6"
"103653679","2072150621","1.54286"
"2072150621","103653679","1.54286"
"103653679","2122637856","0.266667"
"2122637856","103653679","0.266667"
"103653679","2140745722","0.334524"
"2140745722","103653679","0.334524"
"103653679","2149473266","0.209524"
"2149473266","103653679","0.209524"
"103653679","2164736940","0.0666667"
"2164736940","103653679","0.0666667"
"103653679","2238486662","0.0666667"
"2238486662","103653679","0.0666667"
"103653679","2767160442","1.06667"
"2767160442","103653679","1.06667"
"103653679","40208633","0.591667"
"40208633","103653679","0.591667"
"1545950900","1567039325","1.25"
"1567039325","1545950900","1.25"
"1545950900","2072150621","0.166667"
"2072150621","1545950900","0.166667"
"1545950900","2075746277","0.0666667"
"2075746277","1545950900","0.0666667"
"1545950900","2102758696","0.0666667"
"2102758696","1545950900","0.0666667"
"1545950900","2110264892","0.0666667"
"2110264892","1545950900","0.0666667"
"1545950900","2113393538","1.08333"
"2113393538","1545950900","1.08333"
"1545950900","2122637856","0.0666667"
"2122637856","1545950900","0.0666667"
"1545950900","2140745722","0.166667"
"2140745722","1545950900","0.166667"
"1545950900","2149473266","0.166667"
"2149473266","1545950900","0.166667"
"1545950900","2164736940","8.22619"
"2164736940","1545950900","8.22619"
"1545950900","2238486662","0.0666667"
"2238486662","1545950900","0.0666667"
"1545950900","2402830288","0.0666667"
"2402830288","1545950900","0.0666667"
"1545950900","2767160442","0.0666667"
"2767160442","1545950900","0.0666667"
"1545950900","40208633","0.0666667"
"40208633","1545950900","0.0666667"
"1567039325","2072150621","1.625"
"2072150621","1567039325","1.625"
"1567039325","2075746277","1.1"
"2075746277","1567039325","1.1"
"1567039325","2102758696","2.92778"
"2102758696","1567039325","2.92778"
"1567039325","2110264892","2.17778"
"2110264892","1567039325","2.17778"
"1567039325","2113393538","5.825"
"2113393538","1567039325","5.825"
"1567039325","2122637856","0.0666667"
"2122637856","1567039325","0.0666667"
"1567039325","2140745722","0.402778"
"2140745722","1567039325","0.402778"
"1567039325","2149473266","1.73611"
"2149473266","1567039325","1.73611"
"1567039325","2164736940","0.416667"
"2164736940","1567039325","0.416667"
"1567039325","2238486662","0.177778"
"2238486662","1567039325","0.177778"
"1567039325","2402830288","0.302778"
"2402830288","1567039325","0.302778"
"1567039325","2767160442","0.0666667"
"2767160442","1567039325","0.0666667"
"1567039325","40208633","0.502778"
"40208633","1567039325","0.502778"
"2072150621","2075746277","0.65"
"2075746277","2072150621","0.65"
"2072150621","2102758696","0.334524"
"2102758696","2072150621","0.334524"
"2072150621","2110264892","0.334524"
"2110264892","2072150621","0.334524"
"2072150621","2113393538","2.16667"
"2113393538","2072150621","2.16667"
"2072150621","2122637856","0.691667"
"2122637856","2072150621","0.691667"
"2072150621","2140745722","0.767857"
"2140745722","2072150621","0.767857"
"2072150621","2149473266","0.767857"
"2149473266","2072150621","0.767857"
"2072150621","2164736940","0.166667"
"2164736940","2072150621","0.166667"
"2072150621","2238486662","0.191667"
"2238486662","2072150621","0.191667"
"2072150621","2402830288","0.191667"
"2402830288","2072150621","0.191667"
"2072150621","2767160442","0.0666667"
"2767160442","2072150621","0.0666667"
"2072150621","40208633","0.316667"
"40208633","2072150621","0.316667"
"2075746277","2102758696","1.9"
"2102758696","2075746277","1.9"
"2075746277","2122637856","0.191667"
"2122637856","2075746277","0.191667"
"2075746277","2140745722","0.441667"
"2140745722","2075746277","0.441667"
"2075746277","2149473266","0.316667"
"2149473266","2075746277","0.316667"
"2075746277","2164736940","0.191667"
"2164736940","2075746277","0.191667"
"2075746277","2238486662","0.191667"
"2238486662","2075746277","0.191667"
"2075746277","2767160442","0.0666667"
"2767160442","2075746277","0.0666667"
"2075746277","40208633","1.21667"
"40208633","2075746277","1.21667"
"2102758696","2110264892","8.19563"
"2110264892","2102758696","8.19563"
"2102758696","2113393538","0.941667"
"2113393538","2102758696","0.941667"
"2102758696","2122637856","0.525"
"2122637856","2102758696","0.525"
"2102758696","2140745722","0.820635"
"2140745722","2102758696","0.820635"
"2102758696","2149473266","1.27897"
"2149473266","2102758696","1.27897"
"2102758696","2164736940","0.691667"
"2164736940","2102758696","0.691667"
"2102758696","2238486662","0.427778"
"2238486662","2102758696","0.427778"
"2102758696","2402830288","0.427778"
"2402830288","2102758696","0.427778"
"2102758696","2767160442","0.0666667"
"2767160442","2102758696","0.0666667"
"2102758696","40208633","0.552778"
"40208633","2102758696","0.552778"
"2110264892","2122637856","0.4"
"2122637856","2110264892","0.4"
"2110264892","2140745722","0.570635"
"2140745722","2110264892","0.570635"
"2110264892","2149473266","1.15397"
"2149473266","2110264892","1.15397"
"2110264892","2164736940","0.691667"
"2164736940","2110264892","0.691667"
"2110264892","2238486662","0.427778"
"2238486662","2110264892","0.427778"
"2110264892","2767160442","0.0666667"
"2767160442","2110264892","0.0666667"
"2110264892","40208633","0.427778"
"40208633","2110264892","0.427778"
"2113393538","2122637856","0.0666667"
"2122637856","2113393538","0.0666667"
"2113393538","2140745722","0.166667"
"2140745722","2113393538","0.166667"
"2113393538","2149473266","0.166667"
"2149473266","2113393538","0.166667"
"2113393538","2164736940","0.75"
"2164736940","2113393538","0.75"
"2113393538","2238486662","0.0666667"
"2238486662","2113393538","0.0666667"
"2113393538","2767160442","0.0666667"
"2767160442","2113393538","0.0666667"
"2113393538","40208633","0.266667"
"40208633","2113393538","0.266667"
"2122637856","2140745722","4.20833"
"2140745722","2122637856","4.20833"
"2122637856","2149473266","5.50833"
"2149473266","2122637856","5.50833"
"2122637856","2164736940","0.0666667"
"2164736940","2122637856","0.0666667"
"2122637856","2238486662","0.191667"
"2238486662","2122637856","0.191667"
"2122637856","2402830288","0.391667"
"2402830288","2122637856","0.391667"
"2122637856","2767160442","0.0666667"
"2767160442","2122637856","0.0666667"
"2122637856","40208633","0.391667"
"40208633","2122637856","0.391667"
"2140745722","2149473266","10.1123"
"2149473266","2140745722","10.1123"
"2140745722","2164736940","0.291667"
"2164736940","2140745722","0.291667"
"2140745722","2238486662","0.177778"
"2238486662","2140745722","0.177778"
"2140745722","2402830288","0.802778"
"2402830288","2140745722","0.802778"
"2140745722","2767160442","0.0666667"
"2767160442","2140745722","0.0666667"
"2140745722","40208633","0.552778"
"40208633","2140745722","0.552778"
"2149473266","2164736940","0.291667"
"2164736940","2149473266","0.291667"
"2149473266","2238486662","0.427778"
"2238486662","2149473266","0.427778"
"2149473266","2402830288","0.802778"
"2402830288","2149473266","0.802778"
"2149473266","2767160442","0.0666667"
"2767160442","2149473266","0.0666667"
"2149473266","40208633","0.427778"
"40208633","2149473266","0.427778"
"2164736940","2238486662","0.0666667"
"2238486662","2164736940","0.0666667"
"2164736940","2402830288","0.191667"
"2402830288","2164736940","0.191667"
"2164736940","2767160442","0.0666667"
"2767160442","2164736940","0.0666667"
"2164736940","40208633","0.191667"
"40208633","2164736940","0.191667"
"2238486662","2402830288","0.802778"
"2402830288","2238486662","0.802778"
"2238486662","2767160442","0.0666667"
"2767160442","2238486662","0.0666667"
"2238486662","40208633","0.302778"
"40208633","2238486662","0.302778"
"2402830288","2767160442","0.0666667"
"2767160442","2402830288","0.0666667"
"2402830288","40208633","2.07778"
"40208633","2402830288","2.07778"
"2767160442","40208633","0.0666667"
"40208633","2767160442","0.0666667"
"103653679","1546831026","0.5"
"1546831026","103653679","0.5"
"1546831026","2211385226","0.5"
"2211385226","1546831026","0.5"
"123420056","2075746277","1.03333"
"2075746277","123420056","1.03333"
"123420056","2187439251","0.2"
"2187439251","123420056","0.2"
"123420056","2293860339","0.2"
"2293860339","123420056","0.2"
"123420056","2402830288","1.31111"
"2402830288","123420056","1.31111"
"103653679","2611134126","0.25"
"2611134126","103653679","0.25"
"2075746277","2611134126","0.708333"
"2611134126","2075746277","0.708333"
"2125200253","2611134126","0.25"
"2611134126","2125200253","0.25"
"2161044657","2611134126","1.25"
"2611134126","2161044657","1.25"
"2028489702","2102758696","0.125"
"2102758696","2028489702","0.125"
"2028489702","2140745722","0.125"
"2140745722","2028489702","0.125"
"2028489702","40208633","0.125"
"40208633","2028489702","0.125"
"2102758696","2125200253","0.625"
"2125200253","2102758696","0.625"
"2102758696","2161044657","0.625"
"2161044657","2102758696","0.625"
"2102758696","2211385226","0.486111"
"2211385226","2102758696","0.486111"
"2125200253","2140745722","0.125"
"2140745722","2125200253","0.125"
"2125200253","40208633","0.125"
"40208633","2125200253","0.125"
"2140745722","2161044657","0.125"
"2161044657","2140745722","0.125"
"2140745722","2211385226","0.819444"
"2211385226","2140745722","0.819444"
"2161044657","40208633","0.625"
"40208633","2161044657","0.625"
"2211385226","40208633","0.561111"
"40208633","2211385226","0.561111"
"103653679","1871986204","0.592857"
"1871986204","103653679","0.592857"
"1871986204","2102758696","0.892857"
"2102758696","1871986204","0.892857"
"1871986204","2110264892","0.892857"
"2110264892","1871986204","0.892857"
"1871986204","2113393538","0.25"
"2113393538","1871986204","0.25"
"103653679","2052836530","1.34286"
"2052836530","103653679","1.34286"
"1871986204","2052836530","2.34286"
"2052836530","1871986204","2.34286"
"1871986204","2072150621","0.642857"
"2072150621","1871986204","0.642857"
"1871986204","2140745722","2.47619"
"2140745722","1871986204","2.47619"
"1871986204","2149473266","0.142857"
"2149473266","1871986204","0.142857"
"2052836530","2072150621","0.267857"
"2072150621","2052836530","0.267857"
"2052836530","2102758696","0.642857"
"2102758696","2052836530","0.642857"
"2052836530","2110264892","0.642857"
"2110264892","2052836530","0.642857"
"2052836530","2140745722","0.142857"
"2140745722","2052836530","0.142857"
"2052836530","2149473266","0.142857"
"2149473266","2052836530","0.142857"
"123420056","2102758696","3.48611"
"2102758696","123420056","3.48611"
"1871986204","2122637856","0.2"
"2122637856","1871986204","0.2"
"1871986204","2402830288","0.45"
"2402830288","1871986204","0.45"
"1871986204","40208633","0.2"
"40208633","1871986204","0.2"
"2052836530","2122637856","0.325"
"2122637856","2052836530","0.325"
"2052836530","2402830288","1.325"
"2402830288","2052836530","1.325"
"2052836530","40208633","1.825"
"40208633","2052836530","1.825"
"103653679","2102065128","0.583333"
"2102065128","103653679","0.583333"
"103653679","2738337444","0.0833333"
"2738337444","103653679","0.0833333"
"1979219117","2102065128","0.0833333"
"2102065128","1979219117","0.0833333"
"1979219117","2738337444","0.0833333"
"2738337444","1979219117","0.0833333"
"2028489702","2102065128","1.28333"
"2102065128","2028489702","1.28333"
"2028489702","2738337444","0.0833333"
"2738337444","2028489702","0.0833333"
"2075746277","2102065128","0.283333"
"2102065128","2075746277","0.283333"
"2075746277","2738337444","0.0833333"
"2738337444","2075746277","0.0833333"
"2102065128","2110264892","0.0833333"
"2110264892","2102065128","0.0833333"
"2102065128","2113393538","0.0833333"
"2113393538","2102065128","0.0833333"
"2102065128","2125200253","0.283333"
"2125200253","2102065128","0.283333"
"2102065128","2161044657","2.28333"
"2161044657","2102065128","2.28333"
"2102065128","2187439251","0.0833333"
"2187439251","2102065128","0.0833333"
"2102065128","2293860339","0.0833333"
"2293860339","2102065128","0.0833333"
"2102065128","2402830288","0.0833333"
"2402830288","2102065128","0.0833333"
"2102065128","2738337444","0.0833333"
"2738337444","2102065128","0.0833333"
"2110264892","2738337444","0.0833333"
"2738337444","2110264892","0.0833333"
"2113393538","2738337444","0.0833333"
"2738337444","2113393538","0.0833333"
"2125200253","2738337444","0.0833333"
"2738337444","2125200253","0.0833333"
"2161044657","2738337444","0.0833333"
"2738337444","2161044657","0.0833333"
"2187439251","2738337444","0.0833333"
"2738337444","2187439251","0.0833333"
"2293860339","2738337444","0.0833333"
"2738337444","2293860339","0.0833333"
"2402830288","2738337444","0.0833333"
"2738337444","2402830288","0.0833333"
"2102065128","2102758696","0.5"
"2102758696","2102065128","0.5"
"1567039325","2187439251","0.325"
"2187439251","1567039325","0.325"
"2187439251","40208633","0.2"
"40208633","2187439251","0.2"
"123420056","2171440248","1"
"2171440248","123420056","1"
"123420056","2056711010","0.125"
"2056711010","123420056","0.125"
"123420056","2122637856","0.958333"
"2122637856","123420056","0.958333"
"123420056","2140745722","0.236111"
"2140745722","123420056","0.236111"
"123420056","2149473266","0.819444"
"2149473266","123420056","0.819444"
"123420056","2211385226","1.23611"
"2211385226","123420056","1.23611"
"123420056","2522793879","0.125"
"2522793879","123420056","0.125"
"123420056","2935634454","0.125"
"2935634454","123420056","0.125"
"2056711010","2102758696","0.125"
"2102758696","2056711010","0.125"
"2056711010","2122637856","3.94167"
"2122637856","2056711010","3.94167"
"2056711010","2140745722","3.775"
"2140745722","2056711010","3.775"
"2056711010","2149473266","2.075"
"2149473266","2056711010","2.075"
"2056711010","2211385226","0.125"
"2211385226","2056711010","0.125"
"2056711010","2522793879","1.96786"
"2522793879","2056711010","1.96786"
"2056711010","2935634454","0.125"
"2935634454","2056711010","0.125"
"2102758696","2522793879","0.125"
"2522793879","2102758696","0.125"
"2102758696","2935634454","0.125"
"2935634454","2102758696","0.125"
"2122637856","2211385226","0.125"
"2211385226","2122637856","0.125"
"2122637856","2522793879","3.525"
"2522793879","2122637856","3.525"
"2122637856","2935634454","0.825"
"2935634454","2122637856","0.825"
"2140745722","2522793879","1.79167"
"2522793879","2140745722","1.79167"
"2140745722","2935634454","0.658333"
"2935634454","2140745722","0.658333"
"2149473266","2211385226","1.02778"
"2211385226","2149473266","1.02778"
"2149473266","2522793879","0.958333"
"2522793879","2149473266","0.958333"
"2149473266","2935634454","3.15833"
"2935634454","2149473266","3.15833"
"2211385226","2522793879","0.458333"
"2522793879","2211385226","0.458333"
"2211385226","2935634454","0.125"
"2935634454","2211385226","0.125"
"2522793879","2935634454","0.325"
"2935634454","2522793879","0.325"
"123420056","2110264892","3.86111"
"2110264892","123420056","3.86111"
"123420056","1567039325","1.11111"
"1567039325","123420056","1.11111"
"123420056","2238486662","0.361111"
"2238486662","123420056","0.361111"
"123420056","40208633","0.111111"
"40208633","123420056","0.111111"
"1567039325","2211385226","1.56944"
"2211385226","1567039325","1.56944"
"2211385226","2238486662","0.111111"
"2238486662","2211385226","0.111111"
"123420056","1545950900","0.5"
"1545950900","123420056","0.5"
"123420056","2396272635","1"
"2396272635","123420056","1"
"123420056","2072150621","0.5"
"2072150621","123420056","0.5"
"1545950900","2927855747","1.55952"
"2927855747","1545950900","1.55952"
"2164736940","2927855747","5.85119"
"2927855747","2164736940","5.85119"
"1545950900","1546831026","0.6"
"1546831026","1545950900","0.6"
"1545950900","2171440248","0.6"
"2171440248","1545950900","0.6"
"1546831026","2171440248","6.1"
"2171440248","1546831026","6.1"
"1545950900","2534678535","1.40952"
"2534678535","1545950900","1.40952"
"2113393538","2534678535","0.433333"
"2534678535","2113393538","0.433333"
"2164736940","2534678535","1.40952"
"2534678535","2164736940","1.40952"
"2534678535","2927855747","1.47619"
"2927855747","2534678535","1.47619"
"1545950900","2522793879","1.24286"
"2522793879","1545950900","1.24286"
"1546831026","1567039325","0.1"
"1567039325","1546831026","0.1"
"1546831026","2072150621","0.1"
"2072150621","1546831026","0.1"
"1546831026","2113393538","0.1"
"2113393538","1546831026","0.1"
"1546831026","2140745722","0.1"
"2140745722","1546831026","0.1"
"1546831026","2149473266","0.1"
"2149473266","1546831026","0.1"
"1546831026","2164736940","0.1"
"2164736940","1546831026","0.1"
"1546831026","2522793879","0.1"
"2522793879","1546831026","0.1"
"1546831026","2534678535","0.1"
"2534678535","1546831026","0.1"
"1567039325","2171440248","0.1"
"2171440248","1567039325","0.1"
"1567039325","2522793879","0.1"
"2522793879","1567039325","0.1"
"1567039325","2534678535","0.1"
"2534678535","1567039325","0.1"
"2072150621","2171440248","1.1"
"2171440248","2072150621","1.1"
"2072150621","2522793879","0.1"
"2522793879","2072150621","0.1"
"2072150621","2534678535","0.1"
"2534678535","2072150621","0.1"
"2113393538","2171440248","0.1"
"2171440248","2113393538","0.1"
"2113393538","2522793879","0.1"
"2522793879","2113393538","0.1"
"2140745722","2171440248","0.1"
"2171440248","2140745722","0.1"
"2140745722","2534678535","0.1"
"2534678535","2140745722","0.1"
"2149473266","2171440248","0.1"
"2171440248","2149473266","0.1"
"2149473266","2534678535","0.1"
"2534678535","2149473266","0.1"
"2164736940","2171440248","0.1"
"2171440248","2164736940","0.1"
"2164736940","2522793879","0.242857"
"2522793879","2164736940","0.242857"
"2171440248","2522793879","0.1"
"2522793879","2171440248","0.1"
"2171440248","2534678535","0.1"
"2534678535","2171440248","0.1"
"2522793879","2534678535","0.242857"
"2534678535","2522793879","0.242857"
"1567039325","2927855747","0.583333"
"2927855747","1567039325","0.583333"
"2113393538","2927855747","0.583333"
"2927855747","2113393538","0.583333"
"1545950900","2056711010","0.142857"
"2056711010","1545950900","0.142857"
"1545950900","2229524224","0.142857"
"2229524224","1545950900","0.142857"
"1545950900","2469457379","0.142857"
"2469457379","1545950900","0.142857"
"2056711010","2164736940","0.142857"
"2164736940","2056711010","0.142857"
"2056711010","2229524224","0.142857"
"2229524224","2056711010","0.142857"
"2056711010","2469457379","0.142857"
"2469457379","2056711010","0.142857"
"2056711010","2534678535","0.142857"
"2534678535","2056711010","0.142857"
"2056711010","2927855747","0.142857"
"2927855747","2056711010","0.142857"
"2164736940","2229524224","0.142857"
"2229524224","2164736940","0.142857"
"2164736940","2469457379","0.142857"
"2469457379","2164736940","0.142857"
"2229524224","2469457379","0.142857"
"2469457379","2229524224","0.142857"
"2229524224","2522793879","3.14286"
"2522793879","2229524224","3.14286"
"2229524224","2534678535","0.142857"
"2534678535","2229524224","0.142857"
"2229524224","2927855747","0.142857"
"2927855747","2229524224","0.142857"
"2469457379","2522793879","0.142857"
"2522793879","2469457379","0.142857"
"2469457379","2534678535","2.14286"
"2534678535","2469457379","2.14286"
"2469457379","2927855747","0.142857"
"2927855747","2469457379","0.142857"
"2522793879","2927855747","1.14286"
"2927855747","2522793879","1.14286"
"1546831026","2110264892","2"
"2110264892","1546831026","2"
"1546831026","2927855747","0.5"
"2927855747","1546831026","0.5"
"2171440248","2927855747","0.5"
"2927855747","2171440248","0.5"
"1559907613","186313343","2.86667"
"186313343","1559907613","2.86667"
"1559907613","2108006974","5.03333"
"2108006974","1559907613","5.03333"
"186313343","2108006974","3.86667"
"2108006974","186313343","3.86667"
"1559907613","2552069448","4.28333"
"2552069448","1559907613","4.28333"
"2108006974","2552069448","3.28333"
"2552069448","2108006974","3.28333"
"1559907613","1567290631","1.45"
"1567290631","1559907613","1.45"
"1567290631","186313343","1.45"
"186313343","1567290631","1.45"
"1567290631","2108006974","1.45"
"2108006974","1567290631","1.45"
"1567290631","2552069448","1.03333"
"2552069448","1567290631","1.03333"
"186313343","2552069448","1.95"
"2552069448","186313343","1.95"
"1559907613","1585397865","1.78333"
"1585397865","1559907613","1.78333"
"1559907613","2148905988","0.916667"
"2148905988","1559907613","0.916667"
"1567290631","1585397865","0.7"
"1585397865","1567290631","0.7"
"1567290631","2148905988","1.58333"
"2148905988","1567290631","1.58333"
"1585397865","186313343","0.95"
"186313343","1585397865","0.95"
"1585397865","2108006974","1.78333"
"2108006974","1585397865","1.78333"
"1585397865","2148905988","0.333333"
"2148905988","1585397865","0.333333"
"1585397865","2552069448","0.783333"
"2552069448","1585397865","0.783333"
"186313343","2148905988","0.583333"
"2148905988","186313343","0.583333"
"2108006974","2148905988","0.916667"
"2148905988","2108006974","0.916667"
"2148905988","2552069448","0.5"
"2552069448","2148905988","0.5"
"1559907613","1871986204","0.666667"
"1871986204","1559907613","0.666667"
"1567290631","1871986204","0.333333"
"1871986204","1567290631","0.333333"
"1585397865","1871986204","0.666667"
"1871986204","1585397865","0.666667"
"186313343","1871986204","0.333333"
"1871986204","186313343","0.333333"
"1871986204","2108006974","0.666667"
"2108006974","1871986204","0.666667"
"1871986204","2552069448","0.166667"
"2552069448","1871986204","0.166667"
"1871986204","2148905988","0.166667"
"2148905988","1871986204","0.166667"
"2072150621","2211385226","0.625"
"2211385226","2072150621","0.625"
"1567039325","2293860339","0.125"
"2293860339","1567039325","0.125"
"1567039325","2611134126","0.125"
"2611134126","1567039325","0.125"
"2102758696","2187439251","0.125"
"2187439251","2102758696","0.125"
"2102758696","2293860339","0.125"
"2293860339","2102758696","0.125"
"2102758696","2611134126","0.125"
"2611134126","2102758696","0.125"
"2110264892","2611134126","0.125"
"2611134126","2110264892","0.125"
"2113393538","2611134126","0.125"
"2611134126","2113393538","0.125"
"2187439251","2611134126","0.125"
"2611134126","2187439251","0.125"
"2293860339","2611134126","0.125"
"2611134126","2293860339","0.125"
"2402830288","2611134126","0.458333"
"2611134126","2402830288","0.458333"
"1567039325","2161044657","0.333333"
"2161044657","1567039325","0.333333"
"2149473266","2161044657","0.333333"
"2161044657","2149473266","0.333333"
"1567039325","2396272635","0.25"
"2396272635","1567039325","0.25"
"2075746277","2396272635","0.25"
"2396272635","2075746277","0.25"
"2110264892","2396272635","0.25"
"2396272635","2110264892","0.25"
"2113393538","2396272635","0.75"
"2396272635","2113393538","0.75"
"1871986204","2164736940","0.5"
"2164736940","1871986204","0.5"
"1871986204","2927855747","0.5"
"2927855747","1871986204","0.5"
"1871986204","2161044657","2.25"
"2161044657","1871986204","2.25"
"1871986204","2125200253","0.25"
"2125200253","1871986204","0.25"
"1871986204","2293860339","0.25"
"2293860339","1871986204","0.25"
"1871986204","2211385226","0.5"
"2211385226","1871986204","0.5"
"1871986204","2279802691","0.333333"
"2279802691","1871986204","0.333333"
"1871986204","2522793879","0.333333"
"2522793879","1871986204","0.333333"
"2140745722","2279802691","0.333333"
"2279802691","2140745722","0.333333"
"2279802691","2522793879","0.333333"
"2522793879","2279802691","0.333333"
"2028489702","2145710087","0.2"
"2145710087","2028489702","0.2"
"2075746277","2145710087","0.783333"
"2145710087","2075746277","0.783333"
"2102065128","2145710087","0.2"
"2145710087","2102065128","0.2"
"2125200253","2145710087","0.783333"
"2145710087","2125200253","0.783333"
"2145710087","2161044657","0.45"
"2161044657","2145710087","0.45"
"2052836530","2075746277","1.125"
"2075746277","2052836530","1.125"
"2052836530","2238486662","0.125"
"2238486662","2052836530","0.125"
"2052836530","2293860339","0.125"
"2293860339","2052836530","0.125"
"2052836530","2463802572","0.125"
"2463802572","2052836530","0.125"
"2072150621","2293860339","0.125"
"2293860339","2072150621","0.125"
"2072150621","2463802572","0.125"
"2463802572","2072150621","0.125"
"2075746277","2463802572","0.458333"
"2463802572","2075746277","0.458333"
"2122637856","2293860339","0.125"
"2293860339","2122637856","0.125"
"2122637856","2463802572","1.325"
"2463802572","2122637856","1.325"
"2238486662","2293860339","0.625"
"2293860339","2238486662","0.625"
"2238486662","2463802572","0.125"
"2463802572","2238486662","0.125"
"2293860339","2463802572","0.125"
"2463802572","2293860339","0.125"
"2293860339","40208633","0.575"
"40208633","2293860339","0.575"
"2402830288","2463802572","0.458333"
"2463802572","2402830288","0.458333"
"2463802572","40208633","0.125"
"40208633","2463802572","0.125"
"2052836530","2161044657","0.5"
"2161044657","2052836530","0.5"
"2056711010","2463802572","1.53333"
"2463802572","2056711010","1.53333"
"2140745722","2463802572","1.03333"
"2463802572","2140745722","1.03333"
"2149473266","2463802572","1.33333"
"2463802572","2149473266","1.33333"
"2056711010","2470388777","0.7"
"2470388777","2056711010","0.7"
"2122637856","2470388777","0.9"
"2470388777","2122637856","0.9"
"2056711010","2738337444","0.65"
"2738337444","2056711010","0.65"
"2122637856","2738337444","0.65"
"2738337444","2122637856","0.65"
"2140745722","2738337444","0.65"
"2738337444","2140745722","0.65"
"2149473266","2738337444","0.45"
"2738337444","2149473266","0.45"
"2522793879","2738337444","0.2"
"2738337444","2522793879","0.2"
"2140745722","2470388777","0.4"
"2470388777","2140745722","0.4"
"2463802572","2470388777","0.2"
"2470388777","2463802572","0.2"
"2463802572","2738337444","0.2"
"2738337444","2463802572","0.2"
"2470388777","2738337444","0.7"
"2738337444","2470388777","0.7"
"2072150621","2935634454","0.333333"
"2935634454","2072150621","0.333333"
"2075746277","2282083430","0.45"
"2282083430","2075746277","0.45"
"2211385226","2282083430","0.2"
"2282083430","2211385226","0.2"
"2282083430","2293860339","0.45"
"2293860339","2282083430","0.45"
"2282083430","2402830288","0.45"
"2402830288","2282083430","0.45"
"2282083430","40208633","0.45"
"40208633","2282083430","0.45"
"2075746277","2927855747","0.125"
"2927855747","2075746277","0.125"
"2102758696","2927855747","0.125"
"2927855747","2102758696","0.125"
"2110264892","2927855747","0.125"
"2927855747","2110264892","0.125"
"2140745722","2927855747","0.125"
"2927855747","2140745722","0.125"
"2149473266","2927855747","0.125"
"2927855747","2149473266","0.125"
"2402830288","2927855747","1.125"
"2927855747","2402830288","1.125"
"2927855747","40208633","0.125"
"40208633","2927855747","0.125"
"2145710087","2187439251","0.583333"
"2187439251","2145710087","0.583333"
"2463802572","2611134126","0.333333"
"2611134126","2463802572","0.333333"
"2396272635","2402830288","0.5"
"2402830288","2396272635","0.5"
"2149473266","2470388777","0.2"
"2470388777","2149473266","0.2"
"2470388777","2522793879","0.2"
"2522793879","2470388777","0.2"
"2470388777","2935634454","0.2"
"2935634454","2470388777","0.2"
"2122637856","2279802691","1"
"2279802691","2122637856","1"
"2149473266","2606409401","0.5"
"2606409401","2149473266","0.5"
"2463802572","2606409401","0.5"
"2606409401","2463802572","0.5"
"2161044657","2238486662","1"
"2238486662","2161044657","1"
"2238486662","2396272635","2"
"2396272635","2238486662","2"
"2279802691","2470388777","1.5"
"2470388777","2279802691","1.5"
"2279802691","2738337444","1.5"
"2738337444","2279802691","1.5"
"2279802691","2463802572","1"
"2463802572","2279802691","1"
"2282083430","2396272635","1"
"2396272635","2282083430","1"
"2463802572","2522793879","2"
"2522793879","2463802572","2"
"2470388777","2733251547","1"
"2733251547","2470388777","1"
