"102151663","1971913771","2.65"
"1971913771","102151663","2.65"
"102151663","2116967221","7.35"
"2116967221","102151663","7.35"
"102151663","2153687124","5.85"
"2153687124","102151663","5.85"
"1971913771","2116967221","2.65"
"2116967221","1971913771","2.65"
"1971913771","2153687124","3.15"
"2153687124","1971913771","3.15"
"2116967221","2153687124","5.85"
"2153687124","2116967221","5.85"
"102151663","2023763351","0.783333"
"2023763351","102151663","0.783333"
"102151663","2139109546","1.48333"
"2139109546","102151663","1.48333"
"1971913771","2023763351","1.78333"
"2023763351","1971913771","1.78333"
"1971913771","2139109546","1.48333"
"2139109546","1971913771","1.48333"
"2023763351","2116967221","0.783333"
"2116967221","2023763351","0.783333"
"2023763351","2139109546","1.78333"
"2139109546","2023763351","1.78333"
"2023763351","2153687124","2.11667"
"2153687124","2023763351","2.11667"
"2116967221","2139109546","1.48333"
"2139109546","2116967221","1.48333"
"2139109546","2153687124","1.48333"
"2153687124","2139109546","1.48333"
"102151663","2117592618","0.45"
"2117592618","102151663","0.45"
"1971913771","2117592618","0.45"
"2117592618","1971913771","0.45"
"2116967221","2117592618","0.45"
"2117592618","2116967221","0.45"
"2117592618","2139109546","0.45"
"2139109546","2117592618","0.45"
"2117592618","2153687124","0.45"
"2153687124","2117592618","0.45"
"102151663","1601257107","0.283333"
"1601257107","102151663","0.283333"
"102151663","2072918937","0.25"
"2072918937","102151663","0.25"
"102151663","2129893594","0.0833333"
"2129893594","102151663","0.0833333"
"102151663","2295397047","0.0833333"
"2295397047","102151663","0.0833333"
"102151663","2884589932","0.0833333"
"2884589932","102151663","0.0833333"
"102151663","3005129760","0.0833333"
"3005129760","102151663","0.0833333"
"1601257107","1971913771","0.0833333"
"1971913771","1601257107","0.0833333"
"1601257107","2023763351","0.0833333"
"2023763351","1601257107","0.0833333"
"1601257107","2072918937","0.0833333"
"2072918937","1601257107","0.0833333"
"1601257107","2116967221","0.283333"
"2116967221","1601257107","0.283333"
"1601257107","2117592618","0.0833333"
"2117592618","1601257107","0.0833333"
"1601257107","2129893594","1.08333"
"2129893594","1601257107","1.08333"
"1601257107","2139109546","0.0833333"
"2139109546","1601257107","0.0833333"
"1601257107","2153687124","0.283333"
"2153687124","1601257107","0.283333"
"1601257107","2295397047","0.174242"
"2295397047","1601257107","0.174242"
"1601257107","2884589932","0.0833333"
"2884589932","1601257107","0.0833333"
"1601257107","3005129760","0.0833333"
"3005129760","1601257107","0.0833333"
"1971913771","2072918937","0.25"
"2072918937","1971913771","0.25"
"1971913771","2129893594","0.0833333"
"2129893594","1971913771","0.0833333"
"1971913771","2295397047","0.0833333"
"2295397047","1971913771","0.0833333"
"1971913771","2884589932","0.0833333"
"2884589932","1971913771","0.0833333"
"1971913771","3005129760","1.08333"
"3005129760","1971913771","1.08333"
"2023763351","2072918937","0.25"
"2072918937","2023763351","0.25"
"2023763351","2117592618","0.25"
"2117592618","2023763351","0.25"
"2023763351","2129893594","0.416667"
"2129893594","2023763351","0.416667"
"2023763351","2295397047","0.0833333"
"2295397047","2023763351","0.0833333"
"2023763351","2884589932","0.0833333"
"2884589932","2023763351","0.0833333"
"2023763351","3005129760","0.0833333"
"3005129760","2023763351","0.0833333"
"2072918937","2116967221","1.25"
"2116967221","2072918937","1.25"
"2072918937","2117592618","0.0833333"
"2117592618","2072918937","0.0833333"
"2072918937","2129893594","0.0833333"
"2129893594","2072918937","0.0833333"
"2072918937","2139109546","0.25"
"2139109546","2072918937","0.25"
"2072918937","2153687124","0.25"
"2153687124","2072918937","0.25"
"2072918937","2295397047","0.0833333"
"2295397047","2072918937","0.0833333"
"2072918937","2884589932","0.0833333"
"2884589932","2072918937","0.0833333"
"2072918937","3005129760","0.0833333"
"3005129760","2072918937","0.0833333"
"2116967221","2129893594","0.0833333"
"2129893594","2116967221","0.0833333"
"2116967221","2295397047","0.0833333"
"2295397047","2116967221","0.0833333"
"2116967221","2884589932","0.0833333"
"2884589932","2116967221","0.0833333"
"2116967221","3005129760","0.0833333"
"3005129760","2116967221","0.0833333"
"2117592618","2129893594","0.0833333"
"2129893594","2117592618","0.0833333"
"2117592618","2295397047","0.0833333"
"2295397047","2117592618","0.0833333"
"2117592618","2884589932","0.0833333"
"2884589932","2117592618","0.0833333"
"2117592618","3005129760","0.0833333"
"3005129760","2117592618","0.0833333"
"2129893594","2139109546","0.0833333"
"2139109546","2129893594","0.0833333"
"2129893594","2153687124","0.416667"
"2153687124","2129893594","0.416667"
"2129893594","2295397047","0.0833333"
"2295397047","2129893594","0.0833333"
"2129893594","2884589932","0.0833333"
"2884589932","2129893594","0.0833333"
"2129893594","3005129760","0.0833333"
"3005129760","2129893594","0.0833333"
"2139109546","2295397047","0.0833333"
"2295397047","2139109546","0.0833333"
"2139109546","2884589932","0.0833333"
"2884589932","2139109546","0.0833333"
"2139109546","3005129760","0.0833333"
"3005129760","2139109546","0.0833333"
"2153687124","2295397047","1.33333"
"2295397047","2153687124","1.33333"
"2153687124","2884589932","0.0833333"
"2884589932","2153687124","0.0833333"
"2153687124","3005129760","0.0833333"
"3005129760","2153687124","0.0833333"
"2295397047","2884589932","0.0833333"
"2884589932","2295397047","0.0833333"
"2295397047","3005129760","0.0833333"
"3005129760","2295397047","0.0833333"
"2884589932","3005129760","0.6"
"3005129760","2884589932","0.6"
"102151663","2160298620","0.166667"
"2160298620","102151663","0.166667"
"1971913771","2160298620","0.166667"
"2160298620","1971913771","0.166667"
"2023763351","2160298620","0.166667"
"2160298620","2023763351","0.166667"
"2116967221","2160298620","0.166667"
"2160298620","2116967221","0.166667"
"2139109546","2160298620","0.166667"
"2160298620","2139109546","0.166667"
"2153687124","2160298620","0.166667"
"2160298620","2153687124","0.166667"
"102151663","1833960959","0.2"
"1833960959","102151663","0.2"
"102151663","2021371127","0.2"
"2021371127","102151663","0.2"
"1601257107","1833960959","2.29091"
"1833960959","1601257107","2.29091"
"1601257107","2021371127","1.77424"
"2021371127","1601257107","1.77424"
"1833960959","2021371127","2.22702"
"2021371127","1833960959","2.22702"
"1833960959","2116967221","0.2"
"2116967221","1833960959","0.2"
"1833960959","2153687124","0.2"
"2153687124","1833960959","0.2"
"2021371127","2116967221","0.2"
"2116967221","2021371127","0.2"
"2021371127","2153687124","0.2"
"2153687124","2021371127","0.2"
"1601257107","1975557923","0.790909"
"1975557923","1601257107","0.790909"
"1601257107","2044057208","0.757576"
"2044057208","1601257107","0.757576"
"1601257107","2093921460","0.757576"
"2093921460","1601257107","0.757576"
"1975557923","2021371127","6.46035"
"2021371127","1975557923","6.46035"
"1975557923","2044057208","1.00758"
"2044057208","1975557923","1.00758"
"1975557923","2093921460","3.06035"
"2093921460","1975557923","3.06035"
"2021371127","2044057208","0.840909"
"2044057208","2021371127","0.840909"
"2021371127","2093921460","3.17702"
"2093921460","2021371127","3.17702"
"2044057208","2093921460","1.00758"
"2093921460","2044057208","1.00758"
"1601257107","2236778089","1.16667"
"2236778089","1601257107","1.16667"
"1601257107","1624881629","0.907576"
"1624881629","1601257107","0.907576"
"1601257107","1832414306","0.740909"
"1832414306","1601257107","0.740909"
"1601257107","2055986555","0.0909091"
"2055986555","1601257107","0.0909091"
"1601257107","2123187770","0.0909091"
"2123187770","1601257107","0.0909091"
"1601257107","2154205416","0.257576"
"2154205416","1601257107","0.257576"
"1624881629","1832414306","3.82702"
"1832414306","1624881629","3.82702"
"1624881629","1833960959","1.52702"
"1833960959","1624881629","1.52702"
"1624881629","1975557923","1.87702"
"1975557923","1624881629","1.87702"
"1624881629","2021371127","4.86035"
"2021371127","1624881629","4.86035"
"1624881629","2044057208","0.924242"
"2044057208","1624881629","0.924242"
"1624881629","2055986555","0.57702"
"2055986555","1624881629","0.57702"
"1624881629","2093921460","3.59369"
"2093921460","1624881629","3.59369"
"1624881629","2123187770","1.11035"
"2123187770","1624881629","1.11035"
"1624881629","2154205416","1.19091"
"2154205416","1624881629","1.19091"
"1624881629","2295397047","1.16035"
"2295397047","1624881629","1.16035"
"1832414306","1833960959","1.27702"
"1833960959","1832414306","1.27702"
"1832414306","1975557923","1.67702"
"1975557923","1832414306","1.67702"
"1832414306","2021371127","6.16035"
"2021371127","1832414306","6.16035"
"1832414306","2044057208","0.507576"
"2044057208","1832414306","0.507576"
"1832414306","2055986555","0.32702"
"2055986555","1832414306","0.32702"
"1832414306","2093921460","2.72702"
"2093921460","1832414306","2.72702"
"1832414306","2123187770","0.860354"
"2123187770","1832414306","0.860354"
"1832414306","2154205416","1.07424"
"2154205416","1832414306","1.07424"
"1832414306","2295397047","0.910354"
"2295397047","1832414306","0.910354"
"1833960959","1975557923","0.660354"
"1975557923","1833960959","0.660354"
"1833960959","2044057208","0.0909091"
"2044057208","1833960959","0.0909091"
"1833960959","2055986555","0.32702"
"2055986555","1833960959","0.32702"
"1833960959","2093921460","1.52702"
"2093921460","1833960959","1.52702"
"1833960959","2123187770","0.860354"
"2123187770","1833960959","0.860354"
"1833960959","2154205416","0.257576"
"2154205416","1833960959","0.257576"
"1833960959","2295397047","0.743687"
"2295397047","1833960959","0.743687"
"1975557923","2055986555","0.32702"
"2055986555","1975557923","0.32702"
"1975557923","2123187770","0.493687"
"2123187770","1975557923","0.493687"
"1975557923","2154205416","1.27424"
"2154205416","1975557923","1.27424"
"1975557923","2295397047","0.493687"
"2295397047","1975557923","0.493687"
"2021371127","2055986555","0.57702"
"2055986555","2021371127","0.57702"
"2021371127","2123187770","1.11035"
"2123187770","2021371127","1.11035"
"2021371127","2154205416","1.10758"
"2154205416","2021371127","1.10758"
"2021371127","2295397047","1.49369"
"2295397047","2021371127","1.49369"
"2044057208","2055986555","0.0909091"
"2055986555","2044057208","0.0909091"
"2044057208","2123187770","0.0909091"
"2123187770","2044057208","0.0909091"
"2044057208","2154205416","0.924242"
"2154205416","2044057208","0.924242"
"2044057208","2295397047","0.757576"
"2295397047","2044057208","0.757576"
"2055986555","2093921460","0.82702"
"2093921460","2055986555","0.82702"
"2055986555","2123187770","2.82702"
"2123187770","2055986555","2.82702"
"2055986555","2154205416","0.0909091"
"2154205416","2055986555","0.0909091"
"2055986555","2295397047","0.57702"
"2295397047","2055986555","0.57702"
"2093921460","2123187770","1.86035"
"2123187770","2093921460","1.86035"
"2093921460","2154205416","1.07424"
"2154205416","2093921460","1.07424"
"2093921460","2295397047","1.49369"
"2295397047","2093921460","1.49369"
"2123187770","2154205416","0.0909091"
"2154205416","2123187770","0.0909091"
"2123187770","2295397047","1.24369"
"2295397047","2123187770","1.24369"
"2154205416","2295397047","0.257576"
"2295397047","2154205416","0.257576"
"1601257107","2044683958","1.58333"
"2044683958","1601257107","1.58333"
"1601257107","2161393478","0.166667"
"2161393478","1601257107","0.166667"
"1624881629","2161393478","0.277778"
"2161393478","1624881629","0.277778"
"1624881629","2236778089","10.1167"
"2236778089","1624881629","10.1167"
"2044057208","2161393478","0.166667"
"2161393478","2044057208","0.166667"
"2044057208","2236778089","1.33333"
"2236778089","2044057208","1.33333"
"2093921460","2161393478","0.277778"
"2161393478","2093921460","0.277778"
"2093921460","2236778089","2.16667"
"2236778089","2093921460","2.16667"
"2154205416","2161393478","0.166667"
"2161393478","2154205416","0.166667"
"2154205416","2236778089","0.533333"
"2236778089","2154205416","0.533333"
"2161393478","2236778089","0.166667"
"2236778089","2161393478","0.166667"
"1601257107","2160298620","1.53333"
"2160298620","1601257107","1.53333"
"1624881629","2160298620","0.2"
"2160298620","1624881629","0.2"
"1832414306","2160298620","0.2"
"2160298620","1832414306","0.2"
"1975557923","2160298620","0.2"
"2160298620","1975557923","0.2"
"2021371127","2160298620","1.53333"
"2160298620","2021371127","1.53333"
"2021371127","2044683958","1.78333"
"2044683958","2021371127","1.78333"
"2044683958","2160298620","0.333333"
"2160298620","2044683958","0.333333"
"1624881629","2044683958","0.45"
"2044683958","1624881629","0.45"
"1832414306","2044683958","0.75"
"2044683958","1832414306","0.75"
"1601257107","2557530247","0.2"
"2557530247","1601257107","0.2"
"1601257107","2887993410","0.2"
"2887993410","1601257107","0.2"
"1624881629","2557530247","0.2"
"2557530247","1624881629","0.2"
"1624881629","2887993410","0.2"
"2887993410","1624881629","0.2"
"1832414306","2557530247","1.45"
"2557530247","1832414306","1.45"
"1832414306","2887993410","1.2"
"2887993410","1832414306","1.2"
"2021371127","2557530247","0.2"
"2557530247","2021371127","0.2"
"2021371127","2887993410","0.2"
"2887993410","2021371127","0.2"
"2557530247","2887993410","6.7"
"2887993410","2557530247","6.7"
"1832414306","2161393478","0.111111"
"2161393478","1832414306","0.111111"
"1833960959","2161393478","0.111111"
"2161393478","1833960959","0.111111"
"1975557923","2161393478","0.111111"
"2161393478","1975557923","0.111111"
"2021371127","2161393478","0.111111"
"2161393478","2021371127","0.111111"
"2055986555","2161393478","0.111111"
"2161393478","2055986555","0.111111"
"2123187770","2161393478","0.111111"
"2161393478","2123187770","0.111111"
"2161393478","2295397047","0.111111"
"2295397047","2161393478","0.111111"
"1832414306","2236778089","1.01667"
"2236778089","1832414306","1.01667"
"2021371127","2236778089","1.78333"
"2236778089","2021371127","1.78333"
"1975557923","2236778089","2.36667"
"2236778089","1975557923","2.36667"
"2236778089","2295397047","1.41667"
"2295397047","2236778089","1.41667"
"1975557923","2044683958","0.2"
"2044683958","1975557923","0.2"
"2044683958","2093921460","0.2"
"2093921460","2044683958","0.2"
"2044683958","2154205416","0.2"
"2154205416","2044683958","0.2"
"1832414306","2189529032","0.566667"
"2189529032","1832414306","0.566667"
"1832414306","2323162780","0.316667"
"2323162780","1832414306","0.316667"
"2044057208","2189529032","0.25"
"2189529032","2044057208","0.25"
"2044057208","2323162780","0.25"
"2323162780","2044057208","0.25"
"2154205416","2189529032","1.32491"
"2189529032","2154205416","1.32491"
"2154205416","2323162780","4.13444"
"2323162780","2154205416","4.13444"
"2189529032","2323162780","2.78603"
"2323162780","2189529032","2.78603"
"1832414306","2294723727","0.0666667"
"2294723727","1832414306","0.0666667"
"1832414306","2522967569","0.316667"
"2522967569","1832414306","0.316667"
"1832414306","2541936390","0.0666667"
"2541936390","1832414306","0.0666667"
"1832414306","2549816861","0.0666667"
"2549816861","1832414306","0.0666667"
"1832414306","2579459581","0.316667"
"2579459581","1832414306","0.316667"
"1832414306","2606779297","0.0666667"
"2606779297","1832414306","0.0666667"
"1832414306","2610106120","0.0666667"
"2610106120","1832414306","0.0666667"
"1832414306","2801274750","0.0666667"
"2801274750","1832414306","0.0666667"
"1832414306","2811082328","0.0666667"
"2811082328","1832414306","0.0666667"
"1832414306","2884589932","0.0666667"
"2884589932","1832414306","0.0666667"
"1832414306","2915954019","0.0666667"
"2915954019","1832414306","0.0666667"
"1832414306","3005129760","0.0666667"
"3005129760","1832414306","0.0666667"
"2189529032","2236778089","0.0666667"
"2236778089","2189529032","0.0666667"
"2189529032","2294723727","1.17577"
"2294723727","2189529032","1.17577"
"2189529032","2522967569","1.75825"
"2522967569","2189529032","1.75825"
"2189529032","2541936390","2.72051"
"2541936390","2189529032","2.72051"
"2189529032","2549816861","1.85983"
"2549816861","2189529032","1.85983"
"2189529032","2579459581","1.36539"
"2579459581","2189529032","1.36539"
"2189529032","2606779297","2.55825"
"2606779297","2189529032","2.55825"
"2189529032","2610106120","3.4765"
"2610106120","2189529032","3.4765"
"2189529032","2801274750","1.23364"
"2801274750","2189529032","1.23364"
"2189529032","2811082328","0.752259"
"2811082328","2189529032","0.752259"
"2189529032","2884589932","0.254701"
"2884589932","2189529032","0.254701"
"2189529032","2915954019","0.411422"
"2915954019","2189529032","0.411422"
"2189529032","3005129760","0.354701"
"3005129760","2189529032","0.354701"
"2236778089","2294723727","0.0666667"
"2294723727","2236778089","0.0666667"
"2236778089","2323162780","0.0666667"
"2323162780","2236778089","0.0666667"
"2236778089","2522967569","0.0666667"
"2522967569","2236778089","0.0666667"
"2236778089","2541936390","0.0666667"
"2541936390","2236778089","0.0666667"
"2236778089","2549816861","0.0666667"
"2549816861","2236778089","0.0666667"
"2236778089","2579459581","0.0666667"
"2579459581","2236778089","0.0666667"
"2236778089","2606779297","0.0666667"
"2606779297","2236778089","0.0666667"
"2236778089","2610106120","0.0666667"
"2610106120","2236778089","0.0666667"
"2236778089","2801274750","0.0666667"
"2801274750","2236778089","0.0666667"
"2236778089","2811082328","0.0666667"
"2811082328","2236778089","0.0666667"
"2236778089","2884589932","0.0666667"
"2884589932","2236778089","0.0666667"
"2236778089","2915954019","0.0666667"
"2915954019","2236778089","0.0666667"
"2236778089","3005129760","0.0666667"
"3005129760","2236778089","0.0666667"
"2294723727","2323162780","0.842435"
"2323162780","2294723727","0.842435"
"2294723727","2522967569","1.14799"
"2522967569","2294723727","1.14799"
"2294723727","2541936390","0.64359"
"2541936390","2294723727","0.64359"
"2294723727","2549816861","2.61624"
"2549816861","2294723727","2.61624"
"2294723727","2579459581","1.50513"
"2579459581","2294723727","1.50513"
"2294723727","2606779297","0.731324"
"2606779297","2294723727","0.731324"
"2294723727","2610106120","1.03291"
"2610106120","2294723727","1.03291"
"2294723727","2801274750","0.623388"
"2801274750","2294723727","0.623388"
"2294723727","2811082328","0.925336"
"2811082328","2294723727","0.925336"
"2294723727","2884589932","0.254701"
"2884589932","2294723727","0.254701"
"2294723727","2915954019","0.334499"
"2915954019","2294723727","0.334499"
"2294723727","3005129760","0.277778"
"3005129760","2294723727","0.277778"
"2323162780","2522967569","1.28603"
"2522967569","2323162780","1.28603"
"2323162780","2541936390","1.16496"
"2541936390","2323162780","1.16496"
"2323162780","2549816861","1.13761"
"2549816861","2323162780","1.13761"
"2323162780","2579459581","1.2265"
"2579459581","2323162780","1.2265"
"2323162780","2606779297","4.47888"
"2606779297","2323162780","4.47888"
"2323162780","2610106120","2.39714"
"2610106120","2323162780","2.39714"
"2323162780","2801274750","2.15428"
"2801274750","2323162780","2.15428"
"2323162780","2811082328","1.00623"
"2811082328","2323162780","1.00623"
"2323162780","2884589932","3.2547"
"2884589932","2323162780","3.2547"
"2323162780","2915954019","0.66539"
"2915954019","2323162780","0.66539"
"2323162780","3005129760","0.354701"
"3005129760","2323162780","0.354701"
"2522967569","2541936390","2.74829"
"2541936390","2522967569","2.74829"
"2522967569","2549816861","1.97095"
"2549816861","2522967569","1.97095"
"2522967569","2579459581","3.08761"
"2579459581","2522967569","3.08761"
"2522967569","2606779297","1.33603"
"2606779297","2522967569","1.33603"
"2522967569","2610106120","1.58761"
"2610106120","2522967569","1.58761"
"2522967569","2801274750","1.26142"
"2801274750","2522967569","1.26142"
"2522967569","2811082328","1.11337"
"2811082328","2522967569","1.11337"
"2522967569","2884589932","0.365812"
"2884589932","2522967569","0.365812"
"2522967569","2915954019","1.13364"
"2915954019","2522967569","1.13364"
"2522967569","3005129760","0.24359"
"3005129760","2522967569","0.24359"
"2541936390","2549816861","0.831624"
"2549816861","2541936390","0.831624"
"2541936390","2579459581","1.24829"
"2579459581","2541936390","1.24829"
"2541936390","2606779297","0.998291"
"2606779297","2541936390","0.998291"
"2541936390","2610106120","1.24829"
"2610106120","2541936390","1.24829"
"2541936390","2801274750","0.998291"
"2801274750","2541936390","0.998291"
"2541936390","2811082328","1.66496"
"2811082328","2541936390","1.66496"
"2541936390","2884589932","0.14359"
"2884589932","2541936390","0.14359"
"2541936390","2915954019","0.331624"
"2915954019","2541936390","0.331624"
"2541936390","3005129760","0.14359"
"3005129760","2541936390","0.14359"
"2549816861","2579459581","3.38761"
"2579459581","2549816861","3.38761"
"2549816861","2606779297","0.887612"
"2606779297","2549816861","0.887612"
"2549816861","2610106120","1.4392"
"2610106120","2549816861","1.4392"
"2549816861","2801274750","1.17253"
"2801274750","2549816861","1.17253"
"2549816861","2811082328","1.08162"
"2811082328","2549816861","1.08162"
"2549816861","2884589932","0.615812"
"2884589932","2549816861","0.615812"
"2549816861","2915954019","0.883644"
"2915954019","2549816861","0.883644"
"2549816861","3005129760","0.604701"
"3005129760","2549816861","0.604701"
"2579459581","2606779297","1.60983"
"2606779297","2579459581","1.60983"
"2579459581","2610106120","6.19476"
"2610106120","2579459581","6.19476"
"2579459581","2801274750","1.17809"
"2801274750","2579459581","1.17809"
"2579459581","2811082328","1.13718"
"2811082328","2579459581","1.13718"
"2579459581","2884589932","0.615812"
"2884589932","2579459581","0.615812"
"2579459581","2915954019","2.55031"
"2915954019","2579459581","2.55031"
"2579459581","3005129760","1.49359"
"3005129760","2579459581","1.49359"
"2606779297","2610106120","2.44714"
"2610106120","2606779297","2.44714"
"2606779297","2801274750","2.87095"
"2801274750","2606779297","2.87095"
"2606779297","2811082328","1.25623"
"2811082328","2606779297","1.25623"
"2606779297","2884589932","0.254701"
"2884589932","2606779297","0.254701"
"2606779297","2915954019","1.19317"
"2915954019","2606779297","1.19317"
"2606779297","3005129760","1.3547"
"3005129760","2606779297","1.3547"
"2610106120","2801274750","1.93206"
"2801274750","2610106120","1.93206"
"2610106120","2811082328","1.70067"
"2811082328","2610106120","1.70067"
"2610106120","2884589932","0.365812"
"2884589932","2610106120","0.365812"
"2610106120","2915954019","1.0265"
"2915954019","2610106120","1.0265"
"2610106120","3005129760","0.354701"
"3005129760","2610106120","0.354701"
"2801274750","2811082328","5.42448"
"2811082328","2801274750","5.42448"
"2801274750","2884589932","0.565812"
"2884589932","2801274750","0.565812"
"2801274750","2915954019","1.29317"
"2915954019","2801274750","1.29317"
"2801274750","3005129760","1.4547"
"3005129760","2801274750","1.4547"
"2811082328","2884589932","1.06581"
"2884589932","2811082328","1.06581"
"2811082328","2915954019","2.70226"
"2915954019","2811082328","2.70226"
"2811082328","3005129760","1.4547"
"3005129760","2811082328","1.4547"
"2884589932","2915954019","1.2047"
"2915954019","2884589932","1.2047"
"2915954019","3005129760","1.69359"
"3005129760","2915954019","1.69359"
"2189529032","2557530247","1.41783"
"2557530247","2189529032","1.41783"
"2522967569","2557530247","0.528943"
"2557530247","2522967569","0.528943"
"2557530247","2579459581","1.36228"
"2579459581","2557530247","1.36228"
"1833960959","2044683958","0.5"
"2044683958","1833960959","0.5"
"1971913771","2093921460","1"
"2093921460","1971913771","1"
"1981524925","2044057208","1"
"2044057208","1981524925","1"
"2023763351","2156999647","0.333333"
"2156999647","2023763351","0.333333"
"2129893594","2156999647","0.333333"
"2156999647","2129893594","0.333333"
"2153687124","2156999647","0.333333"
"2156999647","2153687124","0.333333"
"2044057208","2610106120","1"
"2610106120","2044057208","1"
"2044683958","2236778089","1"
"2236778089","2044683958","1"
"2055986555","2153687124","1.25"
"2153687124","2055986555","1.25"
"2093921460","2153687124","0.25"
"2153687124","2093921460","0.25"
"2123187770","2153687124","0.25"
"2153687124","2123187770","0.25"
"2093921460","2160298620","1"
"2160298620","2093921460","1"
"2154205416","2606779297","7.46777"
"2606779297","2154205416","7.46777"
"2154205416","2294723727","0.664658"
"2294723727","2154205416","0.664658"
"2154205416","2522967569","1.04714"
"2522967569","2154205416","1.04714"
"2154205416","2549816861","0.598723"
"2549816861","2154205416","0.598723"
"2154205416","2579459581","0.487612"
"2579459581","2154205416","0.487612"
"2154205416","2610106120","1.07491"
"2610106120","2154205416","1.07491"
"2154205416","2915954019","0.487612"
"2915954019","2154205416","0.487612"
"2154205416","3005129760","1.28803"
"3005129760","2154205416","1.28803"
"2154205416","2541936390","0.737179"
"2541936390","2154205416","0.737179"
"2154205416","2557530247","0.477356"
"2557530247","2154205416","0.477356"
"2154205416","2811082328","0.717338"
"2811082328","2154205416","0.717338"
"2323162780","2557530247","0.477356"
"2557530247","2323162780","0.477356"
"2541936390","2557530247","0.24359"
"2557530247","2541936390","0.24359"
"2557530247","2610106120","1.25513"
"2610106120","2557530247","1.25513"
"2557530247","2811082328","1.66422"
"2811082328","2557530247","1.66422"
"2154205416","2801274750","1.91539"
"2801274750","2154205416","1.91539"
"2557530247","2606779297","1.25513"
"2606779297","2557530247","1.25513"
"2557530247","2801274750","0.588467"
"2801274750","2557530247","0.588467"
"2557530247","2915954019","0.588467"
"2915954019","2557530247","0.588467"
"2549816861","2557530247","0.778943"
"2557530247","2549816861","0.778943"
"2557530247","3005129760","0.0769231"
"3005129760","2557530247","0.0769231"
"2154205416","2884589932","0.0769231"
"2884589932","2154205416","0.0769231"
"2294723727","2557530247","0.0909091"
"2557530247","2294723727","0.0909091"
"2156999647","2160298620","4"
"2160298620","2156999647","4"
"2156999647","2161393478","2"
"2161393478","2156999647","2"
"2160298620","2189529032","0.333333"
"2189529032","2160298620","0.333333"
"2160298620","2557530247","0.333333"
"2557530247","2160298620","0.333333"
"2160298620","2887993410","0.333333"
"2887993410","2160298620","0.333333"
"2189529032","2887993410","0.333333"
"2887993410","2189529032","0.333333"
"2557530247","2884589932","0.111111"
"2884589932","2557530247","0.111111"
"2579459581","2887993410","0.166667"
"2887993410","2579459581","0.166667"
"2606779297","2887993410","0.166667"
"2887993410","2606779297","0.166667"
"2801274750","2887993410","1.2"
"2887993410","2801274750","1.2"
"2811082328","2887993410","1.2"
"2887993410","2811082328","1.2"
"2887993410","2915954019","0.366667"
"2915954019","2887993410","0.366667"
"2610106120","2887993410","0.333333"
"2887993410","2610106120","0.333333"
"2884589932","2887993410","0.2"
"2887993410","2884589932","0.2"
"2887993410","3005129760","0.2"
"3005129760","2887993410","0.2"
