"1480491915","1965805783","0.584524"
"1965805783","1480491915","0.584524"
"1480491915","2054435137","1.425"
"2054435137","1480491915","1.425"
"1480491915","2072194534","1.16786"
"2072194534","1480491915","1.16786"
"1480491915","2127173670","1.16786"
"2127173670","1480491915","1.16786"
"1480491915","2244601150","17.3595"
"2244601150","1480491915","17.3595"
"1480491915","2398545319","3.63333"
"2398545319","1480491915","3.63333"
"1480491915","2625514511","1.91786"
"2625514511","1480491915","1.91786"
"1480491915","46919801","2.32619"
"46919801","1480491915","2.32619"
"1965805783","2054435137","0.191667"
"2054435137","1965805783","0.191667"
"1965805783","2072194534","1.58452"
"2072194534","1965805783","1.58452"
"1965805783","2127173670","2.03452"
"2127173670","1965805783","2.03452"
"1965805783","2244601150","1.28452"
"2244601150","1965805783","1.28452"
"1965805783","2398545319","0.391667"
"2398545319","1965805783","0.391667"
"1965805783","2625514511","0.267857"
"2625514511","1965805783","0.267857"
"1965805783","46919801","2.78452"
"46919801","1965805783","2.78452"
"2054435137","2072194534","0.441667"
"2072194534","2054435137","0.441667"
"2054435137","2127173670","0.641667"
"2127173670","2054435137","0.641667"
"2054435137","2244601150","1.425"
"2244601150","2054435137","1.425"
"2054435137","2398545319","3.29167"
"2398545319","2054435137","3.29167"
"2054435137","2625514511","4.55833"
"2625514511","2054435137","4.55833"
"2054435137","46919801","1.84167"
"46919801","2054435137","1.84167"
"2072194534","2127173670","0.334524"
"2127173670","2072194534","0.334524"
"2072194534","2244601150","1.16786"
"2244601150","2072194534","1.16786"
"2072194534","2398545319","1.44167"
"2398545319","2072194534","1.44167"
"2072194534","2625514511","1.26786"
"2625514511","2072194534","1.26786"
"2072194534","46919801","2.08452"
"46919801","2072194534","2.08452"
"2127173670","2244601150","1.86786"
"2244601150","2127173670","1.86786"
"2127173670","2398545319","1.34167"
"2398545319","2127173670","1.34167"
"2127173670","2625514511","1.05119"
"2625514511","2127173670","1.05119"
"2127173670","46919801","2.31786"
"46919801","2127173670","2.31786"
"2244601150","2398545319","3.83333"
"2398545319","2244601150","3.83333"
"2244601150","2625514511","1.91786"
"2625514511","2244601150","1.91786"
"2244601150","46919801","2.52619"
"46919801","2244601150","2.52619"
"2398545319","2625514511","1.975"
"2625514511","2398545319","1.975"
"2398545319","46919801","7.66667"
"46919801","2398545319","7.66667"
"2625514511","46919801","2.58452"
"46919801","2625514511","2.58452"
"1480491915","2794727374","2.025"
"2794727374","1480491915","2.025"
"2244601150","2794727374","2.025"
"2794727374","2244601150","2.025"
"1480491915","2053960030","0.209524"
"2053960030","1480491915","0.209524"
"1965805783","2053960030","6.20952"
"2053960030","1965805783","6.20952"
"2053960030","2072194534","1.20952"
"2072194534","2053960030","1.20952"
"2053960030","2127173670","0.209524"
"2127173670","2053960030","0.209524"
"2053960030","2244601150","0.209524"
"2244601150","2053960030","0.209524"
"2053960030","2625514511","0.142857"
"2625514511","2053960030","0.142857"
"2053960030","46919801","1.70952"
"46919801","2053960030","1.70952"
"1480491915","2962995393","1.41667"
"2962995393","1480491915","1.41667"
"2054435137","2962995393","0.25"
"2962995393","2054435137","0.25"
"2244601150","2962995393","1.41667"
"2962995393","2244601150","1.41667"
"2625514511","2962995393","0.75"
"2962995393","2625514511","0.75"
"1480491915","2052836530","0.641667"
"2052836530","1480491915","0.641667"
"2052836530","2244601150","0.841667"
"2244601150","2052836530","0.841667"
"2052836530","2398545319","1.00833"
"2398545319","2052836530","1.00833"
"2052836530","46919801","2.30833"
"46919801","2052836530","2.30833"
"1480491915","1512353448","0.775"
"1512353448","1480491915","0.775"
"1480491915","1973124816","0.775"
"1973124816","1480491915","0.775"
"1512353448","1973124816","7.60833"
"1973124816","1512353448","7.60833"
"1512353448","2244601150","0.775"
"2244601150","1512353448","0.775"
"1512353448","46919801","0.941667"
"46919801","1512353448","0.941667"
"1973124816","2244601150","0.775"
"2244601150","1973124816","0.775"
"1973124816","46919801","1.60833"
"46919801","1973124816","1.60833"
"1480491915","2120946004","0.316667"
"2120946004","1480491915","0.316667"
"2120946004","2244601150","0.316667"
"2244601150","2120946004","0.316667"
"2120946004","2398545319","1.48333"
"2398545319","2120946004","1.48333"
"2120946004","46919801","2.15"
"46919801","2120946004","2.15"
"2398545319","2794727374","0.525"
"2794727374","2398545319","0.525"
"2625514511","2794727374","1.33333"
"2794727374","2625514511","1.33333"
"2052836530","2054435137","0.433333"
"2054435137","2052836530","0.433333"
"2052836530","2625514511","0.366667"
"2625514511","2052836530","0.366667"
"2398545319","2962995393","0.333333"
"2962995393","2398545319","0.333333"
"1480491915","1577715605","0.191667"
"1577715605","1480491915","0.191667"
"1512353448","1577715605","2.35833"
"1577715605","1512353448","2.35833"
"1512353448","2052836530","1.19167"
"2052836530","1512353448","1.19167"
"1512353448","2398545319","0.191667"
"2398545319","1512353448","0.191667"
"1512353448","2794727374","0.191667"
"2794727374","1512353448","0.191667"
"1577715605","1973124816","1.69167"
"1973124816","1577715605","1.69167"
"1577715605","2052836530","1.85833"
"2052836530","1577715605","1.85833"
"1577715605","2244601150","0.191667"
"2244601150","1577715605","0.191667"
"1577715605","2398545319","5.89167"
"2398545319","1577715605","5.89167"
"1577715605","2794727374","0.191667"
"2794727374","1577715605","0.191667"
"1577715605","46919801","4.89167"
"46919801","1577715605","4.89167"
"1973124816","2052836530","4.35833"
"2052836530","1973124816","4.35833"
"1973124816","2398545319","0.358333"
"2398545319","1973124816","0.358333"
"1973124816","2794727374","0.191667"
"2794727374","1973124816","0.191667"
"2052836530","2794727374","0.191667"
"2794727374","2052836530","0.191667"
"2794727374","46919801","3.19167"
"46919801","2794727374","3.19167"
"2127173670","2794727374","0.4"
"2794727374","2127173670","0.4"
"1480491915","2286711807","0.0666667"
"2286711807","1480491915","0.0666667"
"1512353448","1965805783","0.0666667"
"1965805783","1512353448","0.0666667"
"1512353448","2053960030","0.0666667"
"2053960030","1512353448","0.0666667"
"1512353448","2054435137","0.0666667"
"2054435137","1512353448","0.0666667"
"1512353448","2072194534","0.233333"
"2072194534","1512353448","0.233333"
"1512353448","2120946004","0.233333"
"2120946004","1512353448","0.233333"
"1512353448","2127173670","0.0666667"
"2127173670","1512353448","0.0666667"
"1512353448","2286711807","0.0666667"
"2286711807","1512353448","0.0666667"
"1577715605","1965805783","0.0666667"
"1965805783","1577715605","0.0666667"
"1577715605","2053960030","0.0666667"
"2053960030","1577715605","0.0666667"
"1577715605","2054435137","0.266667"
"2054435137","1577715605","0.266667"
"1577715605","2072194534","1.23333"
"2072194534","1577715605","1.23333"
"1577715605","2120946004","1.23333"
"2120946004","1577715605","1.23333"
"1577715605","2127173670","1.1"
"2127173670","1577715605","1.1"
"1577715605","2286711807","0.0666667"
"2286711807","1577715605","0.0666667"
"1965805783","1973124816","0.0666667"
"1973124816","1965805783","0.0666667"
"1965805783","2052836530","0.266667"
"2052836530","1965805783","0.266667"
"1965805783","2120946004","0.0666667"
"2120946004","1965805783","0.0666667"
"1965805783","2286711807","0.0666667"
"2286711807","1965805783","0.0666667"
"1965805783","2794727374","0.0666667"
"2794727374","1965805783","0.0666667"
"1973124816","2053960030","0.0666667"
"2053960030","1973124816","0.0666667"
"1973124816","2054435137","0.233333"
"2054435137","1973124816","0.233333"
"1973124816","2072194534","0.233333"
"2072194534","1973124816","0.233333"
"1973124816","2120946004","1.4"
"2120946004","1973124816","1.4"
"1973124816","2127173670","0.0666667"
"2127173670","1973124816","0.0666667"
"1973124816","2286711807","0.0666667"
"2286711807","1973124816","0.0666667"
"2052836530","2053960030","1.06667"
"2053960030","2052836530","1.06667"
"2052836530","2072194534","0.233333"
"2072194534","2052836530","0.233333"
"2052836530","2120946004","2.23333"
"2120946004","2052836530","2.23333"
"2052836530","2127173670","0.266667"
"2127173670","2052836530","0.266667"
"2052836530","2286711807","1.56667"
"2286711807","2052836530","1.56667"
"2053960030","2054435137","0.0666667"
"2054435137","2053960030","0.0666667"
"2053960030","2120946004","2.06667"
"2120946004","2053960030","2.06667"
"2053960030","2286711807","0.0666667"
"2286711807","2053960030","0.0666667"
"2053960030","2398545319","0.566667"
"2398545319","2053960030","0.566667"
"2053960030","2794727374","0.0666667"
"2794727374","2053960030","0.0666667"
"2054435137","2120946004","0.233333"
"2120946004","2054435137","0.233333"
"2054435137","2286711807","0.0666667"
"2286711807","2054435137","0.0666667"
"2054435137","2794727374","0.566667"
"2794727374","2054435137","0.566667"
"2072194534","2120946004","0.233333"
"2120946004","2072194534","0.233333"
"2072194534","2286711807","0.0666667"
"2286711807","2072194534","0.0666667"
"2072194534","2794727374","0.0666667"
"2794727374","2072194534","0.0666667"
"2120946004","2127173670","0.0666667"
"2127173670","2120946004","0.0666667"
"2120946004","2286711807","1.06667"
"2286711807","2120946004","1.06667"
"2120946004","2794727374","0.0666667"
"2794727374","2120946004","0.0666667"
"2127173670","2286711807","0.0666667"
"2286711807","2127173670","0.0666667"
"2244601150","2286711807","0.0666667"
"2286711807","2244601150","0.0666667"
"2286711807","2398545319","0.0666667"
"2398545319","2286711807","0.0666667"
"2286711807","2794727374","0.0666667"
"2794727374","2286711807","0.0666667"
"2286711807","46919801","0.0666667"
"46919801","2286711807","0.0666667"
"2794727374","2962995393","4.83333"
"2962995393","2794727374","4.83333"
"1491163994","2052836530","2"
"2052836530","1491163994","2"
"1491163994","1972793767","0.333333"
"1972793767","1491163994","0.333333"
"1491163994","2083014862","0.333333"
"2083014862","1491163994","0.333333"
"1491163994","2188486685","0.333333"
"2188486685","1491163994","0.333333"
"1972793767","2083014862","5.36667"
"2083014862","1972793767","5.36667"
"1972793767","2188486685","2.86667"
"2188486685","1972793767","2.86667"
"2083014862","2188486685","29.0333"
"2188486685","2083014862","29.0333"
"1511086595","56829014","7.5"
"56829014","1511086595","7.5"
"1511086595","1972793767","0.5"
"1972793767","1511086595","0.5"
"1972793767","56829014","0.5"
"56829014","1972793767","0.5"
"1512353448","2015257587","1"
"2015257587","1512353448","1"
"1577715605","2015257587","0.5"
"2015257587","1577715605","0.5"
"1973124816","2015257587","0.5"
"2015257587","1973124816","0.5"
"1512353448","2548202158","0.666667"
"2548202158","1512353448","0.666667"
"2015257587","2548202158","1.33333"
"2548202158","2015257587","1.33333"
"1512353448","2075922039","0.166667"
"2075922039","1512353448","0.166667"
"1512353448","2167008044","0.166667"
"2167008044","1512353448","0.166667"
"1512353448","2539146363","0.166667"
"2539146363","1512353448","0.166667"
"1577715605","2075922039","0.166667"
"2075922039","1577715605","0.166667"
"1577715605","2167008044","0.166667"
"2167008044","1577715605","0.166667"
"1577715605","2539146363","0.166667"
"2539146363","1577715605","0.166667"
"1577715605","2548202158","0.166667"
"2548202158","1577715605","0.166667"
"2015257587","2075922039","0.583333"
"2075922039","2015257587","0.583333"
"2015257587","2167008044","0.583333"
"2167008044","2015257587","0.583333"
"2015257587","2539146363","0.583333"
"2539146363","2015257587","0.583333"
"2075922039","2167008044","2.78333"
"2167008044","2075922039","2.78333"
"2075922039","2539146363","2.08333"
"2539146363","2075922039","2.08333"
"2075922039","2548202158","4.95"
"2548202158","2075922039","4.95"
"2167008044","2539146363","1.58333"
"2539146363","2167008044","1.58333"
"2167008044","2548202158","3.11667"
"2548202158","2167008044","3.11667"
"2539146363","2548202158","3.08333"
"2548202158","2539146363","3.08333"
"1577715605","2625514511","0.533333"
"2625514511","1577715605","0.533333"
"1970219677","2045925186","11.8333"
"2045925186","1970219677","11.8333"
"1970219677","2083014862","0.666667"
"2083014862","1970219677","0.666667"
"2045925186","2083014862","1"
"2083014862","2045925186","1"
"1970219677","2538653192","0.333333"
"2538653192","1970219677","0.333333"
"1970219677","2599409695","0.333333"
"2599409695","1970219677","0.333333"
"2045925186","2538653192","0.333333"
"2538653192","2045925186","0.333333"
"2045925186","2599409695","0.333333"
"2599409695","2045925186","0.333333"
"2538653192","2599409695","5.08333"
"2599409695","2538653192","5.08333"
"1970219677","2052836530","0.166667"
"2052836530","1970219677","0.166667"
"1970219677","2106623310","0.166667"
"2106623310","1970219677","0.166667"
"1970219677","2188486685","0.166667"
"2188486685","1970219677","0.166667"
"1970219677","2494096704","0.666667"
"2494096704","1970219677","0.666667"
"1970219677","2548202158","0.166667"
"2548202158","1970219677","0.166667"
"2052836530","2083014862","0.166667"
"2083014862","2052836530","0.166667"
"2052836530","2106623310","0.166667"
"2106623310","2052836530","0.166667"
"2052836530","2188486685","0.166667"
"2188486685","2052836530","0.166667"
"2052836530","2494096704","0.166667"
"2494096704","2052836530","0.166667"
"2052836530","2548202158","0.916667"
"2548202158","2052836530","0.916667"
"2083014862","2106623310","0.366667"
"2106623310","2083014862","0.366667"
"2083014862","2494096704","0.5"
"2494096704","2083014862","0.5"
"2083014862","2548202158","0.166667"
"2548202158","2083014862","0.166667"
"2106623310","2188486685","0.366667"
"2188486685","2106623310","0.366667"
"2106623310","2494096704","0.166667"
"2494096704","2106623310","0.166667"
"2106623310","2548202158","0.166667"
"2548202158","2106623310","0.166667"
"2188486685","2494096704","0.5"
"2494096704","2188486685","0.5"
"2188486685","2548202158","0.166667"
"2548202158","2188486685","0.166667"
"2494096704","2548202158","0.166667"
"2548202158","2494096704","0.166667"
"1970219677","1972793767","0.5"
"1972793767","1970219677","0.5"
"1972793767","2494096704","2.83333"
"2494096704","1972793767","2.83333"
"1970219677","1982922705","0.5"
"1982922705","1970219677","0.5"
"1970219677","2015257587","0.5"
"2015257587","1970219677","0.5"
"1982922705","2015257587","0.5"
"2015257587","1982922705","0.5"
"1970219677","56829014","1"
"56829014","1970219677","1"
"1972793767","2065695365","1.03333"
"2065695365","1972793767","1.03333"
"2065695365","2083014862","0.7"
"2083014862","2065695365","0.7"
"1972793767","2052836530","0.583333"
"2052836530","1972793767","0.583333"
"1972793767","2120946004","0.333333"
"2120946004","1972793767","0.333333"
"2052836530","2065695365","0.333333"
"2065695365","2052836530","0.333333"
"2065695365","2120946004","0.333333"
"2120946004","2065695365","0.333333"
"1972793767","2106623310","0.2"
"2106623310","1972793767","0.2"
"1972793767","2534819845","0.2"
"2534819845","1972793767","0.2"
"2065695365","2106623310","0.2"
"2106623310","2065695365","0.2"
"2065695365","2188486685","0.2"
"2188486685","2065695365","0.2"
"2065695365","2534819845","1.2"
"2534819845","2065695365","1.2"
"2083014862","2534819845","0.2"
"2534819845","2083014862","0.2"
"2106623310","2534819845","1.7"
"2534819845","2106623310","1.7"
"2188486685","2534819845","0.2"
"2534819845","2188486685","0.2"
"1972793767","2015257587","0.25"
"2015257587","1972793767","0.25"
"1972793767","2538653192","0.25"
"2538653192","1972793767","0.25"
"1972793767","2548202158","0.25"
"2548202158","1972793767","0.25"
"2015257587","2052836530","0.25"
"2052836530","2015257587","0.25"
"2015257587","2538653192","0.25"
"2538653192","2015257587","0.25"
"2052836530","2538653192","0.25"
"2538653192","2052836530","0.25"
"2538653192","2548202158","0.866667"
"2548202158","2538653192","0.866667"
"1973124816","2075922039","0.166667"
"2075922039","1973124816","0.166667"
"1973124816","2167008044","0.166667"
"2167008044","1973124816","0.166667"
"1973124816","2539146363","0.166667"
"2539146363","1973124816","0.166667"
"1973124816","2548202158","0.166667"
"2548202158","1973124816","0.166667"
"1973124816","2618950724","0.166667"
"2618950724","1973124816","0.166667"
"2015257587","2618950724","0.166667"
"2618950724","2015257587","0.166667"
"2075922039","2618950724","0.533333"
"2618950724","2075922039","0.533333"
"2167008044","2618950724","2.53333"
"2618950724","2167008044","2.53333"
"2539146363","2618950724","0.166667"
"2618950724","2539146363","0.166667"
"2548202158","2618950724","1.11667"
"2618950724","2548202158","1.11667"
"1973124816","2625514511","0.166667"
"2625514511","1973124816","0.166667"
"2120946004","2625514511","0.166667"
"2625514511","2120946004","0.166667"
"2015257587","2124343442","0.5"
"2124343442","2015257587","0.5"
"2015257587","2575251587","0.5"
"2575251587","2015257587","0.5"
"2124343442","2575251587","0.75"
"2575251587","2124343442","0.75"
"2034397890","2538653192","1"
"2538653192","2034397890","1"
"2034397890","2124343442","1"
"2124343442","2034397890","1"
"2045925186","2188486685","0.5"
"2188486685","2045925186","0.5"
"2052836530","2534819845","0.5"
"2534819845","2052836530","0.5"
"2286711807","2534819845","0.5"
"2534819845","2286711807","0.5"
"2052836530","2075922039","1.5"
"2075922039","2052836530","1.5"
"2075922039","2538653192","1.36667"
"2538653192","2075922039","1.36667"
"2075922039","2575251587","0.366667"
"2575251587","2075922039","0.366667"
"2167008044","2538653192","0.783333"
"2538653192","2167008044","0.783333"
"2167008044","2575251587","0.7"
"2575251587","2167008044","0.7"
"2538653192","2575251587","0.616667"
"2575251587","2538653192","0.616667"
"2538653192","2618950724","3.2"
"2618950724","2538653192","3.2"
"2548202158","2575251587","0.366667"
"2575251587","2548202158","0.366667"
"2575251587","2618950724","2.36667"
"2618950724","2575251587","2.36667"
"2075922039","2599409695","0.166667"
"2599409695","2075922039","0.166667"
"2075922039","2903213484","0.166667"
"2903213484","2075922039","0.166667"
"2538653192","2903213484","0.666667"
"2903213484","2538653192","0.666667"
"2548202158","2599409695","0.75"
"2599409695","2548202158","0.75"
"2548202158","2903213484","1.41667"
"2903213484","2548202158","1.41667"
"2575251587","2599409695","1.66667"
"2599409695","2575251587","1.66667"
"2575251587","2903213484","4.66667"
"2903213484","2575251587","4.66667"
"2599409695","2618950724","1.08333"
"2618950724","2599409695","1.08333"
"2599409695","2903213484","0.916667"
"2903213484","2599409695","0.916667"
"2618950724","2903213484","7.41667"
"2903213484","2618950724","7.41667"
"2083014862","2167008044","0.5"
"2167008044","2083014862","0.5"
"2167008044","2188486685","0.5"
"2188486685","2167008044","0.5"
"2106623310","56829014","0.5"
"56829014","2106623310","0.5"
"2534819845","56829014","0.5"
"56829014","2534819845","0.5"
"2124343442","2167008044","0.75"
"2167008044","2124343442","0.75"
"2124343442","2903213484","0.75"
"2903213484","2124343442","0.75"
"2167008044","2903213484","1"
"2903213484","2167008044","1"
"2124343442","2548202158","1"
"2548202158","2124343442","1"
"2124343442","2618950724","0.25"
"2618950724","2124343442","0.25"
"2124343442","2625514511","1"
"2625514511","2124343442","1"
"2167008044","2599409695","0.666667"
"2599409695","2167008044","0.666667"
"2494096704","2575251587","1"
"2575251587","2494096704","1"
"2575251587","2899394028","1"
"2899394028","2575251587","1"
"2899394028","2903213484","2"
"2903213484","2899394028","2"
"2899394028","2977396462","5"
"2977396462","2899394028","5"
"2903213484","2977396462","2"
"2977396462","2903213484","2"
