"127912647","1973958452","0.583333"
"1973958452","127912647","0.583333"
"127912647","2509218426","0.25"
"2509218426","127912647","0.25"
"127912647","2765534282","0.25"
"2765534282","127912647","0.25"
"127912647","2791832882","0.25"
"2791832882","127912647","0.25"
"1973958452","2509218426","5.78333"
"2509218426","1973958452","5.78333"
"1973958452","2765534282","2.61667"
"2765534282","1973958452","2.61667"
"1973958452","2791832882","0.25"
"2791832882","1973958452","0.25"
"2509218426","2765534282","10.6167"
"2765534282","2509218426","10.6167"
"2509218426","2791832882","0.25"
"2791832882","2509218426","0.25"
"2765534282","2791832882","0.25"
"2791832882","2765534282","0.25"
"127912647","1986968675","0.333333"
"1986968675","127912647","0.333333"
"127912647","2031978709","0.333333"
"2031978709","127912647","0.333333"
"1973958452","1986968675","0.333333"
"1986968675","1973958452","0.333333"
"1973958452","2031978709","0.833333"
"2031978709","1973958452","0.833333"
"1986968675","2031978709","0.333333"
"2031978709","1986968675","0.333333"
"127912647","2111778835","1"
"2111778835","127912647","1"
"1479897230","2030239147","0.892857"
"2030239147","1479897230","0.892857"
"1479897230","2064538718","2.80952"
"2064538718","1479897230","2.80952"
"1479897230","2089547458","4.47619"
"2089547458","1479897230","4.47619"
"1479897230","2111290067","0.392857"
"2111290067","1479897230","0.392857"
"1479897230","2111778835","0.142857"
"2111778835","1479897230","0.142857"
"1479897230","2135155958","2.80952"
"2135155958","1479897230","2.80952"
"1479897230","2156745762","0.97619"
"2156745762","1479897230","0.97619"
"2030239147","2064538718","8.89286"
"2064538718","2030239147","8.89286"
"2030239147","2089547458","2.72619"
"2089547458","2030239147","2.72619"
"2030239147","2111290067","0.892857"
"2111290067","2030239147","0.892857"
"2030239147","2111778835","0.142857"
"2111778835","2030239147","0.142857"
"2030239147","2135155958","2.72619"
"2135155958","2030239147","2.72619"
"2030239147","2156745762","1.55952"
"2156745762","2030239147","1.55952"
"2064538718","2089547458","4.14286"
"2089547458","2064538718","4.14286"
"2064538718","2111290067","1.39286"
"2111290067","2064538718","1.39286"
"2064538718","2111778835","0.142857"
"2111778835","2064538718","0.142857"
"2064538718","2135155958","2.80952"
"2135155958","2064538718","2.80952"
"2064538718","2156745762","0.97619"
"2156745762","2064538718","0.97619"
"2089547458","2111290067","0.559524"
"2111290067","2089547458","0.559524"
"2089547458","2111778835","0.142857"
"2111778835","2089547458","0.142857"
"2089547458","2135155958","2.30952"
"2135155958","2089547458","2.30952"
"2089547458","2156745762","0.809524"
"2156745762","2089547458","0.809524"
"2111290067","2111778835","0.142857"
"2111778835","2111290067","0.142857"
"2111290067","2135155958","0.892857"
"2135155958","2111290067","0.892857"
"2111290067","2156745762","1.55952"
"2156745762","2111290067","1.55952"
"2111778835","2135155958","0.142857"
"2135155958","2111778835","0.142857"
"2111778835","2156745762","0.142857"
"2156745762","2111778835","0.142857"
"2135155958","2156745762","1.14286"
"2156745762","2135155958","1.14286"
"1479897230","166156083","0.25"
"166156083","1479897230","0.25"
"1479897230","2169919089","0.25"
"2169919089","1479897230","0.25"
"166156083","2030239147","0.416667"
"2030239147","166156083","0.416667"
"166156083","2064538718","0.25"
"2064538718","166156083","0.25"
"166156083","2089547458","0.416667"
"2089547458","166156083","0.416667"
"166156083","2111290067","0.416667"
"2111290067","166156083","0.416667"
"166156083","2135155958","0.416667"
"2135155958","166156083","0.416667"
"166156083","2156745762","0.416667"
"2156745762","166156083","0.416667"
"166156083","2169919089","0.416667"
"2169919089","166156083","0.416667"
"2030239147","2169919089","0.75"
"2169919089","2030239147","0.75"
"2064538718","2169919089","1.25"
"2169919089","2064538718","1.25"
"2089547458","2169919089","0.416667"
"2169919089","2089547458","0.416667"
"2111290067","2169919089","2.41667"
"2169919089","2111290067","2.41667"
"2135155958","2169919089","0.75"
"2169919089","2135155958","0.75"
"2156745762","2169919089","0.416667"
"2169919089","2156745762","0.416667"
"1574965183","1968388796","2.7"
"1968388796","1574965183","2.7"
"1574965183","1971596628","0.666667"
"1971596628","1574965183","0.666667"
"1574965183","2047440650","2.7"
"2047440650","1574965183","2.7"
"1968388796","1971596628","0.666667"
"1971596628","1968388796","0.666667"
"1968388796","2047440650","11.1167"
"2047440650","1968388796","11.1167"
"1971596628","2047440650","0.666667"
"2047440650","1971596628","0.666667"
"1574965183","1781334158","0.666667"
"1781334158","1574965183","0.666667"
"1574965183","2148032893","1.53333"
"2148032893","1574965183","1.53333"
"1574965183","2169741078","0.166667"
"2169741078","1574965183","0.166667"
"1574965183","35762613","0.866667"
"35762613","1574965183","0.866667"
"1781334158","1968388796","0.916667"
"1968388796","1781334158","0.916667"
"1781334158","2047440650","0.916667"
"2047440650","1781334158","0.916667"
"1781334158","2148032893","0.666667"
"2148032893","1781334158","0.666667"
"1781334158","2169741078","0.166667"
"2169741078","1781334158","0.166667"
"1781334158","35762613","1.41667"
"35762613","1781334158","1.41667"
"1968388796","2148032893","3.53333"
"2148032893","1968388796","3.53333"
"1968388796","2169741078","0.166667"
"2169741078","1968388796","0.166667"
"1968388796","35762613","3.61667"
"35762613","1968388796","3.61667"
"2047440650","2148032893","1.53333"
"2148032893","2047440650","1.53333"
"2047440650","2169741078","0.166667"
"2169741078","2047440650","0.166667"
"2047440650","35762613","1.11667"
"35762613","2047440650","1.11667"
"2148032893","2169741078","1.16667"
"2169741078","2148032893","1.16667"
"2148032893","35762613","2.86667"
"35762613","2148032893","2.86667"
"2169741078","35762613","3.16667"
"35762613","2169741078","3.16667"
"1574965183","2064185472","0.7"
"2064185472","1574965183","0.7"
"1968388796","2064185472","0.95"
"2064185472","1968388796","0.95"
"2047440650","2064185472","0.95"
"2064185472","2047440650","0.95"
"2064185472","2148032893","0.7"
"2148032893","2064185472","0.7"
"2064185472","35762613","1.45"
"35762613","2064185472","1.45"
"1781334158","2064185472","2.25"
"2064185472","1781334158","2.25"
"1574965183","2064538718","0.333333"
"2064538718","1574965183","0.333333"
"1574965183","2111290067","0.333333"
"2111290067","1574965183","0.333333"
"1574965183","2169919089","0.333333"
"2169919089","1574965183","0.333333"
"1968388796","34887747","0.666667"
"34887747","1968388796","0.666667"
"2047440650","34887747","0.666667"
"34887747","2047440650","0.666667"
"1968388796","2089022891","0.5"
"2089022891","1968388796","0.5"
"2047440650","2089022891","0.5"
"2089022891","2047440650","0.5"
"1968388796","1973958452","0.166667"
"1973958452","1968388796","0.166667"
"1968388796","2138735533","0.166667"
"2138735533","1968388796","0.166667"
"1968388796","2509218426","0.166667"
"2509218426","1968388796","0.166667"
"1968388796","2765534282","0.166667"
"2765534282","1968388796","0.166667"
"1973958452","2047440650","0.166667"
"2047440650","1973958452","0.166667"
"1973958452","2138735533","0.166667"
"2138735533","1973958452","0.166667"
"1973958452","34887747","0.366667"
"34887747","1973958452","0.366667"
"2047440650","2138735533","0.166667"
"2138735533","2047440650","0.166667"
"2047440650","2509218426","0.166667"
"2509218426","2047440650","0.166667"
"2047440650","2765534282","0.166667"
"2765534282","2047440650","0.166667"
"2138735533","2509218426","0.5"
"2509218426","2138735533","0.5"
"2138735533","2765534282","0.166667"
"2765534282","2138735533","0.166667"
"2138735533","34887747","2.16667"
"34887747","2138735533","2.16667"
"2509218426","34887747","0.366667"
"34887747","2509218426","0.366667"
"2765534282","34887747","0.366667"
"34887747","2765534282","0.366667"
"1968388796","2068817498","0.5"
"2068817498","1968388796","0.5"
"2068817498","35762613","0.5"
"35762613","2068817498","0.5"
"1971596628","2027122315","1"
"2027122315","1971596628","1"
"1973958452","2031473649","1.86667"
"2031473649","1973958452","1.86667"
"2031473649","2509218426","3.7"
"2509218426","2031473649","3.7"
"2031473649","2765534282","0.7"
"2765534282","2031473649","0.7"
"2031473649","2031978709","0.833333"
"2031978709","2031473649","0.833333"
"2031978709","2509218426","0.833333"
"2509218426","2031978709","0.833333"
"1973958452","2039219084","0.5"
"2039219084","1973958452","0.5"
"2031473649","2039219084","2"
"2039219084","2031473649","2"
"2039219084","2509218426","1"
"2509218426","2039219084","1"
"1973958452","2071570291","0.2"
"2071570291","1973958452","0.2"
"2031473649","2071570291","1.2"
"2071570291","2031473649","1.2"
"2031473649","34887747","0.2"
"34887747","2031473649","0.2"
"2071570291","2509218426","1.2"
"2509218426","2071570291","1.2"
"2071570291","2765534282","0.2"
"2765534282","2071570291","0.2"
"2071570291","34887747","0.2"
"34887747","2071570291","0.2"
"1973958452","2074453392","0.166667"
"2074453392","1973958452","0.166667"
"2031473649","2074453392","0.166667"
"2074453392","2031473649","0.166667"
"2031978709","2039219084","0.5"
"2039219084","2031978709","0.5"
"2031978709","2074453392","0.166667"
"2074453392","2031978709","0.166667"
"2031978709","2765534282","0.166667"
"2765534282","2031978709","0.166667"
"2039219084","2074453392","0.166667"
"2074453392","2039219084","0.166667"
"2039219084","2765534282","0.166667"
"2765534282","2039219084","0.166667"
"2074453392","2509218426","0.166667"
"2509218426","2074453392","0.166667"
"2074453392","2765534282","0.166667"
"2765534282","2074453392","0.166667"
"1986968675","2029797195","2"
"2029797195","1986968675","2"
"2030239147","2068817498","1"
"2068817498","2030239147","1"
"2031473649","2138735533","0.333333"
"2138735533","2031473649","0.333333"
"2031978709","2138735533","2.33333"
"2138735533","2031978709","2.33333"
"2031978709","2064538718","1"
"2064538718","2031978709","1"
"2031978709","2135155958","1"
"2135155958","2031978709","1"
"2031978709","2071570291","0.333333"
"2071570291","2031978709","0.333333"
"2031978709","2103780902","1.33333"
"2103780902","2031978709","1.33333"
"2039219084","2071570291","0.333333"
"2071570291","2039219084","0.333333"
"2039219084","2103780902","0.333333"
"2103780902","2039219084","0.333333"
"2071570291","2103780902","0.333333"
"2103780902","2071570291","0.333333"
"2074453392","2791832882","1"
"2791832882","2074453392","1"
"2089022891","34887747","1"
"34887747","2089022891","1"
"2111778835","2791832882","1"
"2791832882","2111778835","1"
"2794972921","2897371800","1"
"2897371800","2794972921","1"
