"1486026245","1576580635","2.54286"
"1576580635","1486026245","2.54286"
"1486026245","1964214637","0.959524"
"1964214637","1486026245","0.959524"
"1486026245","1983531171","0.959524"
"1983531171","1486026245","0.959524"
"1486026245","2046537999","3.70952"
"2046537999","1486026245","3.70952"
"1486026245","2111403606","2.29286"
"2111403606","1486026245","2.29286"
"1576580635","1964214637","1.87619"
"1964214637","1576580635","1.87619"
"1576580635","1983531171","2.37619"
"1983531171","1576580635","2.37619"
"1576580635","2046537999","2.12619"
"2046537999","1576580635","2.12619"
"1576580635","2111403606","6.70952"
"2111403606","1576580635","6.70952"
"1964214637","1983531171","1.62619"
"1983531171","1964214637","1.62619"
"1964214637","2046537999","1.87619"
"2046537999","1964214637","1.87619"
"1964214637","2111403606","6.62619"
"2111403606","1964214637","6.62619"
"1983531171","2046537999","1.54286"
"2046537999","1983531171","1.54286"
"1983531171","2111403606","3.37619"
"2111403606","1983531171","3.37619"
"2046537999","2111403606","2.04286"
"2111403606","2046537999","2.04286"
"1486026245","2281971429","0.309524"
"2281971429","1486026245","0.309524"
"1576580635","2281971429","0.309524"
"2281971429","1576580635","0.309524"
"1964214637","2281971429","0.309524"
"2281971429","1964214637","0.309524"
"1983531171","2281971429","0.309524"
"2281971429","1983531171","0.309524"
"2046537999","2281971429","0.309524"
"2281971429","2046537999","0.309524"
"2111403606","2281971429","0.309524"
"2281971429","2111403606","0.309524"
"1486026245","1884437399","1.97619"
"1884437399","1486026245","1.97619"
"1576580635","1884437399","0.47619"
"1884437399","1576580635","0.47619"
"1884437399","2111403606","0.97619"
"2111403606","1884437399","0.97619"
"1884437399","1964214637","0.142857"
"1964214637","1884437399","0.142857"
"1884437399","1983531171","0.142857"
"1983531171","1884437399","0.142857"
"1884437399","2046537999","1.14286"
"2046537999","1884437399","1.14286"
"1884437399","2281971429","0.142857"
"2281971429","1884437399","0.142857"
"1486026245","2582698626","0.25"
"2582698626","1486026245","0.25"
"1576580635","2582698626","0.25"
"2582698626","1576580635","0.25"
"1964214637","2582698626","0.583333"
"2582698626","1964214637","0.583333"
"2046537999","2582698626","0.25"
"2582698626","2046537999","0.25"
"1504192099","2090997269","2.27778"
"2090997269","1504192099","2.27778"
"1504192099","1964214637","1"
"1964214637","1504192099","1"
"1504192099","1519361431","1.41667"
"1519361431","1504192099","1.41667"
"1519361431","2090997269","2.30952"
"2090997269","1519361431","2.30952"
"1504192099","2056048738","1.44444"
"2056048738","1504192099","1.44444"
"1504192099","2949521073","0.75"
"2949521073","1504192099","0.75"
"2056048738","2949521073","5.39286"
"2949521073","2056048738","5.39286"
"1504192099","1548163515","0.111111"
"1548163515","1504192099","0.111111"
"1504192099","1555085660","0.111111"
"1555085660","1504192099","0.111111"
"1504192099","2032469091","0.111111"
"2032469091","1504192099","0.111111"
"1504192099","2136863432","0.111111"
"2136863432","1504192099","0.111111"
"1504192099","2145083203","0.361111"
"2145083203","1504192099","0.361111"
"1504192099","2157607844","0.111111"
"2157607844","1504192099","0.111111"
"1504192099","2501567060","0.111111"
"2501567060","1504192099","0.111111"
"1548163515","1555085660","9.69444"
"1555085660","1548163515","9.69444"
"1548163515","2032469091","0.111111"
"2032469091","1548163515","0.111111"
"1548163515","2056048738","0.111111"
"2056048738","1548163515","0.111111"
"1548163515","2090997269","0.111111"
"2090997269","1548163515","0.111111"
"1548163515","2136863432","0.111111"
"2136863432","1548163515","0.111111"
"1548163515","2145083203","1.11111"
"2145083203","1548163515","1.11111"
"1548163515","2157607844","0.444444"
"2157607844","1548163515","0.444444"
"1548163515","2501567060","0.111111"
"2501567060","1548163515","0.111111"
"1555085660","2032469091","0.111111"
"2032469091","1555085660","0.111111"
"1555085660","2056048738","0.111111"
"2056048738","1555085660","0.111111"
"1555085660","2090997269","0.111111"
"2090997269","1555085660","0.111111"
"1555085660","2136863432","0.111111"
"2136863432","1555085660","0.111111"
"1555085660","2145083203","0.111111"
"2145083203","1555085660","0.111111"
"1555085660","2157607844","0.444444"
"2157607844","1555085660","0.444444"
"1555085660","2501567060","0.111111"
"2501567060","1555085660","0.111111"
"2032469091","2056048738","0.111111"
"2056048738","2032469091","0.111111"
"2032469091","2090997269","0.111111"
"2090997269","2032469091","0.111111"
"2032469091","2136863432","0.111111"
"2136863432","2032469091","0.111111"
"2032469091","2145083203","0.111111"
"2145083203","2032469091","0.111111"
"2032469091","2157607844","0.111111"
"2157607844","2032469091","0.111111"
"2032469091","2501567060","1.11111"
"2501567060","2032469091","1.11111"
"2056048738","2090997269","0.587302"
"2090997269","2056048738","0.587302"
"2056048738","2136863432","0.111111"
"2136863432","2056048738","0.111111"
"2056048738","2145083203","1.50397"
"2145083203","2056048738","1.50397"
"2056048738","2157607844","0.253968"
"2157607844","2056048738","0.253968"
"2056048738","2501567060","0.111111"
"2501567060","2056048738","0.111111"
"2090997269","2136863432","0.111111"
"2136863432","2090997269","0.111111"
"2090997269","2145083203","0.253968"
"2145083203","2090997269","0.253968"
"2090997269","2157607844","0.253968"
"2157607844","2090997269","0.253968"
"2090997269","2501567060","0.444444"
"2501567060","2090997269","0.444444"
"2136863432","2145083203","0.111111"
"2145083203","2136863432","0.111111"
"2136863432","2157607844","0.111111"
"2157607844","2136863432","0.111111"
"2136863432","2501567060","0.111111"
"2501567060","2136863432","0.111111"
"2145083203","2157607844","0.253968"
"2157607844","2145083203","0.253968"
"2145083203","2501567060","0.111111"
"2501567060","2145083203","0.111111"
"2157607844","2501567060","0.111111"
"2501567060","2157607844","0.111111"
"1504192099","1998965451","0.333333"
"1998965451","1504192099","0.333333"
"1998965451","2056048738","0.833333"
"2056048738","1998965451","0.833333"
"1998965451","2090997269","0.333333"
"2090997269","1998965451","0.333333"
"1504192099","2097925524","1.91667"
"2097925524","1504192099","1.91667"
"1519361431","2097925524","1.80952"
"2097925524","1519361431","1.80952"
"2090997269","2097925524","0.47619"
"2097925524","2090997269","0.47619"
"1519361431","2056048738","0.392857"
"2056048738","1519361431","0.392857"
"1519361431","2145083203","0.392857"
"2145083203","1519361431","0.392857"
"2056048738","2097925524","0.392857"
"2097925524","2056048738","0.392857"
"2097925524","2145083203","0.392857"
"2145083203","2097925524","0.392857"
"1504192099","1667169454","0.583333"
"1667169454","1504192099","0.583333"
"1504192099","2137026139","0.25"
"2137026139","1504192099","0.25"
"1667169454","2056048738","0.25"
"2056048738","1667169454","0.25"
"1667169454","2137026139","1.75"
"2137026139","1667169454","1.75"
"1667169454","2949521073","0.25"
"2949521073","1667169454","0.25"
"2056048738","2137026139","0.25"
"2137026139","2056048738","0.25"
"2137026139","2949521073","0.25"
"2949521073","2137026139","0.25"
"1519361431","1667169454","1.33333"
"1667169454","1519361431","1.33333"
"1667169454","2097925524","0.333333"
"2097925524","1667169454","0.333333"
"1511114457","1565387549","1"
"1565387549","1511114457","1"
"1512258166","1584779513","1.75"
"1584779513","1512258166","1.75"
"1512258166","2098121999","2.25"
"2098121999","1512258166","2.25"
"1512258166","2149176711","5.25"
"2149176711","1512258166","5.25"
"1584779513","2098121999","1.25"
"2098121999","1584779513","1.25"
"1584779513","2149176711","4.58333"
"2149176711","1584779513","4.58333"
"2098121999","2149176711","3.25"
"2149176711","2098121999","3.25"
"1512258166","1519361431","0.25"
"1519361431","1512258166","0.25"
"1519361431","1584779513","0.25"
"1584779513","1519361431","0.25"
"1519361431","2098121999","0.25"
"2098121999","1519361431","0.25"
"1519361431","2149176711","0.916667"
"2149176711","1519361431","0.916667"
"1512258166","2157872578","0.5"
"2157872578","1512258166","0.5"
"2149176711","2157872578","2.16667"
"2157872578","2149176711","2.16667"
"1519361431","2157872578","1.83333"
"2157872578","1519361431","1.83333"
"1519361431","1555085660","0.75"
"1555085660","1519361431","0.75"
"1555085660","1667169454","0.5"
"1667169454","1555085660","0.5"
"1519361431","2045759747","0.142857"
"2045759747","1519361431","0.142857"
"1519361431","2157607844","0.142857"
"2157607844","1519361431","0.142857"
"1519361431","2949521073","0.142857"
"2949521073","1519361431","0.142857"
"2045759747","2056048738","0.142857"
"2056048738","2045759747","0.142857"
"2045759747","2090997269","0.142857"
"2090997269","2045759747","0.142857"
"2045759747","2097925524","0.142857"
"2097925524","2045759747","0.142857"
"2045759747","2145083203","0.142857"
"2145083203","2045759747","0.142857"
"2045759747","2157607844","0.142857"
"2157607844","2045759747","0.142857"
"2045759747","2949521073","0.142857"
"2949521073","2045759747","0.142857"
"2090997269","2949521073","0.142857"
"2949521073","2090997269","0.142857"
"2097925524","2157607844","0.142857"
"2157607844","2097925524","0.142857"
"2097925524","2949521073","0.142857"
"2949521073","2097925524","0.142857"
"2145083203","2949521073","0.142857"
"2949521073","2145083203","0.142857"
"2157607844","2949521073","0.142857"
"2949521073","2157607844","0.142857"
"1519361431","2137026139","0.75"
"2137026139","1519361431","0.75"
"1519361431","2032469091","0.333333"
"2032469091","1519361431","0.333333"
"2032469091","2149176711","1.66667"
"2149176711","2032469091","1.66667"
"2032469091","2157872578","1.16667"
"2157872578","2032469091","1.16667"
"2097925524","2157872578","0.5"
"2157872578","2097925524","0.5"
"1519361431","2501567060","0.333333"
"2501567060","1519361431","0.333333"
"2090997269","2149176711","1.33333"
"2149176711","2090997269","1.33333"
"2149176711","2501567060","0.333333"
"2501567060","2149176711","0.333333"
"1519361431","1548163515","0.25"
"1548163515","1519361431","0.25"
"1548163515","2097925524","0.25"
"2097925524","1548163515","0.25"
"1548163515","2137026139","0.25"
"2137026139","1548163515","0.25"
"1555085660","2097925524","0.75"
"2097925524","1555085660","0.75"
"1555085660","2137026139","0.25"
"2137026139","1555085660","0.25"
"2097925524","2137026139","0.25"
"2137026139","2097925524","0.25"
"1544800457","2071286281","3.33333"
"2071286281","1544800457","3.33333"
"1544800457","2097925524","0.333333"
"2097925524","1544800457","0.333333"
"1544800457","2119366321","0.333333"
"2119366321","1544800457","0.333333"
"2071286281","2097925524","0.333333"
"2097925524","2071286281","0.333333"
"2071286281","2119366321","3.33333"
"2119366321","2071286281","3.33333"
"2097925524","2119366321","0.333333"
"2119366321","2097925524","0.333333"
"1548163515","1998965451","0.333333"
"1998965451","1548163515","0.333333"
"1555085660","1998965451","0.333333"
"1998965451","1555085660","0.333333"
"1998965451","2157607844","0.333333"
"2157607844","1998965451","0.333333"
"1555085660","2082861754","0.5"
"2082861754","1555085660","0.5"
"2082861754","2097925524","0.5"
"2097925524","2082861754","0.5"
"1576580635","2098121999","0.333333"
"2098121999","1576580635","0.333333"
"1983531171","2098121999","0.333333"
"2098121999","1983531171","0.333333"
"2098121999","2111403606","0.333333"
"2111403606","2098121999","0.333333"
"1584779513","2111403606","0.5"
"2111403606","1584779513","0.5"
"2111403606","2149176711","0.5"
"2149176711","2111403606","0.5"
"1584779513","2157872578","0.833333"
"2157872578","1584779513","0.833333"
"1584779513","2032469091","0.833333"
"2032469091","1584779513","0.833333"
"1874093669","2036276924","2.7"
"2036276924","1874093669","2.7"
"1874093669","2256094692","2.2"
"2256094692","1874093669","2.2"
"1874093669","2119366321","1"
"2119366321","1874093669","1"
"1874093669","2015322899","0.7"
"2015322899","1874093669","0.7"
"2015322899","2036276924","8.45"
"2036276924","2015322899","8.45"
"1874093669","2140832016","1.2"
"2140832016","1874093669","1.2"
"1874093669","2151345814","0.2"
"2151345814","1874093669","0.2"
"2015322899","2140832016","3.45"
"2140832016","2015322899","3.45"
"2015322899","2151345814","0.783333"
"2151345814","2015322899","0.783333"
"2015322899","2256094692","1.61667"
"2256094692","2015322899","1.61667"
"2036276924","2140832016","4.45"
"2140832016","2036276924","4.45"
"2036276924","2151345814","0.783333"
"2151345814","2036276924","0.783333"
"2036276924","2256094692","1.61667"
"2256094692","2036276924","1.61667"
"2140832016","2151345814","1.78333"
"2151345814","2140832016","1.78333"
"2140832016","2256094692","1.11667"
"2256094692","2140832016","1.11667"
"2151345814","2256094692","0.45"
"2256094692","2151345814","0.45"
"1983531171","2582698626","0.333333"
"2582698626","1983531171","0.333333"
"2111403606","2582698626","0.333333"
"2582698626","2111403606","0.333333"
"1998965451","2949521073","0.5"
"2949521073","1998965451","0.5"
"2002339528","2036276924","1"
"2036276924","2002339528","1"
"2007873584","2501567060","10"
"2501567060","2007873584","10"
"2007873584","2032469091","1"
"2032469091","2007873584","1"
"203331240","94584998","10"
"94584998","203331240","10"
"203331240","2398680178","2"
"2398680178","203331240","2"
"2398680178","94584998","5"
"94584998","2398680178","5"
"2045759747","2149176711","1"
"2149176711","2045759747","1"
"2077279805","2082861754","5"
"2082861754","2077279805","5"
"2082861754","2145083203","2"
"2145083203","2082861754","2"
"2082861754","2582698626","1"
"2582698626","2082861754","1"
"2097925524","2098121999","1"
"2098121999","2097925524","1"
"2137026139","2157872578","1"
"2157872578","2137026139","1"
"2765918028","782548331","2"
"782548331","2765918028","2"
"2847784456","2969692307","4"
"2969692307","2847784456","4"
