"133596598","1502388574","0.5"
"1502388574","133596598","0.5"
"133596598","1981550312","0.833333"
"1981550312","133596598","0.833333"
"133596598","2058608344","5.48333"
"2058608344","133596598","5.48333"
"133596598","2068923332","0.483333"
"2068923332","133596598","0.483333"
"133596598","2150836545","1.4"
"2150836545","133596598","1.4"
"133596598","2150937068","0.316667"
"2150937068","133596598","0.316667"
"1502388574","1981550312","2.92257"
"1981550312","1502388574","2.92257"
"1502388574","2058608344","0.736111"
"2058608344","1502388574","0.736111"
"1502388574","2068923332","2.6809"
"2068923332","1502388574","2.6809"
"1502388574","2150836545","0.333333"
"2150836545","1502388574","0.333333"
"1502388574","2150937068","0.166667"
"2150937068","1502388574","0.166667"
"1981550312","2058608344","1.75278"
"2058608344","1981550312","1.75278"
"1981550312","2068923332","2.0559"
"2068923332","1981550312","2.0559"
"1981550312","2150836545","1.66667"
"2150836545","1981550312","1.66667"
"1981550312","2150937068","0.166667"
"2150937068","1981550312","0.166667"
"2058608344","2068923332","3.21944"
"2068923332","2058608344","3.21944"
"2058608344","2150836545","0.4"
"2150836545","2058608344","0.4"
"2058608344","2150937068","1.81667"
"2150937068","2058608344","1.81667"
"2068923332","2150836545","0.4"
"2150836545","2068923332","0.4"
"2068923332","2150937068","6.81667"
"2150937068","2068923332","6.81667"
"2150836545","2150937068","0.233333"
"2150937068","2150836545","0.233333"
"133596598","2540918362","1.29286"
"2540918362","133596598","1.29286"
"133596598","2288987180","0.666667"
"2288987180","133596598","0.666667"
"133596598","2934095385","0.666667"
"2934095385","133596598","0.666667"
"2288987180","2934095385","0.825"
"2934095385","2288987180","0.825"
"133596598","1997329818","1"
"1997329818","133596598","1"
"1981550312","1997329818","0.722566"
"1997329818","1981550312","0.722566"
"1997329818","2058608344","1.23611"
"2058608344","1997329818","1.23611"
"133596598","2282018707","1"
"2282018707","133596598","1"
"133596598","2737671130","1"
"2737671130","133596598","1"
"2058608344","2737671130","1"
"2737671130","2058608344","1"
"133596598","1935937957","0.15"
"1935937957","133596598","0.15"
"133596598","2055101194","0.292857"
"2055101194","133596598","0.292857"
"133596598","2162864511","0.292857"
"2162864511","133596598","0.292857"
"133596598","2180155051","0.292857"
"2180155051","133596598","0.292857"
"133596598","2606334498","0.292857"
"2606334498","133596598","0.292857"
"133596598","2747653138","0.15"
"2747653138","133596598","0.15"
"133596598","2762845068","0.15"
"2762845068","133596598","0.15"
"133596598","3003907549","0.435714"
"3003907549","133596598","0.435714"
"1935937957","2055101194","0.833333"
"2055101194","1935937957","0.833333"
"1935937957","2058608344","0.559524"
"2058608344","1935937957","0.559524"
"1935937957","2068923332","0.316667"
"2068923332","1935937957","0.316667"
"1935937957","2150937068","0.15"
"2150937068","1935937957","0.15"
"1935937957","2162864511","0.566667"
"2162864511","1935937957","0.566667"
"1935937957","2180155051","0.75"
"2180155051","1935937957","0.75"
"1935937957","2540918362","0.15"
"2540918362","1935937957","0.15"
"1935937957","2606334498","0.816667"
"2606334498","1935937957","0.816667"
"1935937957","2747653138","0.292857"
"2747653138","1935937957","0.292857"
"1935937957","2762845068","0.15"
"2762845068","1935937957","0.15"
"1935937957","3003907549","0.15"
"3003907549","1935937957","0.15"
"2055101194","2058608344","0.666667"
"2058608344","2055101194","0.666667"
"2055101194","2068923332","1.06667"
"2068923332","2055101194","1.06667"
"2055101194","2150937068","0.4"
"2150937068","2055101194","0.4"
"2055101194","2162864511","4.20952"
"2162864511","2055101194","4.20952"
"2055101194","2180155051","0.75"
"2180155051","2055101194","0.75"
"2055101194","2540918362","0.15"
"2540918362","2055101194","0.15"
"2055101194","2606334498","0.459524"
"2606334498","2055101194","0.459524"
"2055101194","2747653138","0.15"
"2747653138","2055101194","0.15"
"2055101194","2762845068","0.15"
"2762845068","2055101194","0.15"
"2055101194","3003907549","0.292857"
"3003907549","2055101194","0.292857"
"2058608344","2162864511","0.275"
"2162864511","2058608344","0.275"
"2058608344","2180155051","1.875"
"2180155051","2058608344","1.875"
"2058608344","2540918362","1.44167"
"2540918362","2058608344","1.44167"
"2058608344","2606334498","0.15"
"2606334498","2058608344","0.15"
"2058608344","2747653138","0.903968"
"2747653138","2058608344","0.903968"
"2058608344","2762845068","0.15"
"2762845068","2058608344","0.15"
"2058608344","3003907549","0.275"
"3003907549","2058608344","0.275"
"2068923332","2162864511","0.816667"
"2162864511","2068923332","0.816667"
"2068923332","2180155051","0.4"
"2180155051","2068923332","0.4"
"2068923332","2540918362","0.275"
"2540918362","2068923332","0.275"
"2068923332","2606334498","0.316667"
"2606334498","2068923332","0.316667"
"2068923332","2747653138","0.372566"
"2747653138","2068923332","0.372566"
"2068923332","2762845068","0.15"
"2762845068","2068923332","0.15"
"2068923332","3003907549","0.65"
"3003907549","2068923332","0.65"
"2150937068","2162864511","0.15"
"2162864511","2150937068","0.15"
"2150937068","2180155051","0.4"
"2180155051","2150937068","0.4"
"2150937068","2540918362","0.15"
"2540918362","2150937068","0.15"
"2150937068","2606334498","0.15"
"2606334498","2150937068","0.15"
"2150937068","2747653138","0.15"
"2747653138","2150937068","0.15"
"2150937068","2762845068","0.15"
"2762845068","2150937068","0.15"
"2150937068","3003907549","0.15"
"3003907549","2150937068","0.15"
"2162864511","2180155051","0.525"
"2180155051","2162864511","0.525"
"2162864511","2540918362","0.15"
"2540918362","2162864511","0.15"
"2162864511","2606334498","0.459524"
"2606334498","2162864511","0.459524"
"2162864511","2747653138","0.15"
"2747653138","2162864511","0.15"
"2162864511","2762845068","0.15"
"2762845068","2162864511","0.15"
"2162864511","3003907549","0.417857"
"3003907549","2162864511","0.417857"
"2180155051","2540918362","0.792857"
"2540918362","2180155051","0.792857"
"2180155051","2606334498","0.15"
"2606334498","2180155051","0.15"
"2180155051","2747653138","0.35"
"2747653138","2180155051","0.35"
"2180155051","2762845068","0.15"
"2762845068","2180155051","0.15"
"2180155051","3003907549","1.91786"
"3003907549","2180155051","1.91786"
"2540918362","2606334498","0.15"
"2606334498","2540918362","0.15"
"2540918362","2747653138","0.233333"
"2747653138","2540918362","0.233333"
"2540918362","2762845068","0.15"
"2762845068","2540918362","0.15"
"2540918362","3003907549","0.292857"
"3003907549","2540918362","0.292857"
"2606334498","2747653138","0.15"
"2747653138","2606334498","0.15"
"2606334498","2762845068","0.15"
"2762845068","2606334498","0.15"
"2606334498","3003907549","0.292857"
"3003907549","2606334498","0.292857"
"2747653138","2762845068","18.15"
"2762845068","2747653138","18.15"
"2747653138","3003907549","0.15"
"3003907549","2747653138","0.15"
"2762845068","3003907549","0.15"
"3003907549","2762845068","0.15"
"133596598","1909135769","0.166667"
"1909135769","133596598","0.166667"
"1502388574","1909135769","1.22812"
"1909135769","1502388574","1.22812"
"1502388574","1997329818","1.84757"
"1997329818","1502388574","1.84757"
"1502388574","2288987180","2.08923"
"2288987180","1502388574","2.08923"
"1909135769","1981550312","4.45312"
"1981550312","1909135769","4.45312"
"1909135769","1997329818","0.278122"
"1997329818","1909135769","0.278122"
"1909135769","2058608344","0.641667"
"2058608344","1909135769","0.641667"
"1909135769","2288987180","2.51146"
"2288987180","1909135769","2.51146"
"1981550312","2288987180","0.589233"
"2288987180","1981550312","0.589233"
"1997329818","2288987180","0.389233"
"2288987180","1997329818","0.389233"
"2058608344","2288987180","0.420635"
"2288987180","2058608344","0.420635"
"133596598","2509254330","0.0666667"
"2509254330","133596598","0.0666667"
"133596598","2733306512","0.0666667"
"2733306512","133596598","0.0666667"
"1935937957","2150836545","0.0666667"
"2150836545","1935937957","0.0666667"
"1935937957","2509254330","0.0666667"
"2509254330","1935937957","0.0666667"
"1935937957","2733306512","0.0666667"
"2733306512","1935937957","0.0666667"
"2055101194","2150836545","0.0666667"
"2150836545","2055101194","0.0666667"
"2055101194","2509254330","0.0666667"
"2509254330","2055101194","0.0666667"
"2055101194","2733306512","0.0666667"
"2733306512","2055101194","0.0666667"
"2058608344","2509254330","0.0666667"
"2509254330","2058608344","0.0666667"
"2058608344","2733306512","0.0666667"
"2733306512","2058608344","0.0666667"
"2068923332","2509254330","0.178122"
"2509254330","2068923332","0.178122"
"2068923332","2733306512","0.0666667"
"2733306512","2068923332","0.0666667"
"2150836545","2162864511","0.0666667"
"2162864511","2150836545","0.0666667"
"2150836545","2180155051","1.56667"
"2180155051","2150836545","1.56667"
"2150836545","2509254330","0.35"
"2509254330","2150836545","0.35"
"2150836545","2540918362","1.71111"
"2540918362","2150836545","1.71111"
"2150836545","2606334498","0.0666667"
"2606334498","2150836545","0.0666667"
"2150836545","2733306512","0.0666667"
"2733306512","2150836545","0.0666667"
"2150836545","2747653138","0.15"
"2747653138","2150836545","0.15"
"2150836545","2762845068","0.566667"
"2762845068","2150836545","0.566667"
"2150836545","3003907549","1.06667"
"3003907549","2150836545","1.06667"
"2150937068","2509254330","0.0666667"
"2509254330","2150937068","0.0666667"
"2150937068","2733306512","0.0666667"
"2733306512","2150937068","0.0666667"
"2162864511","2509254330","0.0666667"
"2509254330","2162864511","0.0666667"
"2162864511","2733306512","0.0666667"
"2733306512","2162864511","0.0666667"
"2180155051","2509254330","0.0666667"
"2509254330","2180155051","0.0666667"
"2180155051","2733306512","0.0666667"
"2733306512","2180155051","0.0666667"
"2509254330","2540918362","2.18333"
"2540918362","2509254330","2.18333"
"2509254330","2606334498","0.0666667"
"2606334498","2509254330","0.0666667"
"2509254330","2733306512","1.06667"
"2733306512","2509254330","1.06667"
"2509254330","2747653138","0.261455"
"2747653138","2509254330","0.261455"
"2509254330","2762845068","0.0666667"
"2762845068","2509254330","0.0666667"
"2509254330","3003907549","0.0666667"
"3003907549","2509254330","0.0666667"
"2540918362","2733306512","0.4"
"2733306512","2540918362","0.4"
"2606334498","2733306512","0.0666667"
"2733306512","2606334498","0.0666667"
"2733306512","2747653138","0.0666667"
"2747653138","2733306512","0.0666667"
"2733306512","2762845068","0.0666667"
"2762845068","2733306512","0.0666667"
"2733306512","3003907549","0.0666667"
"3003907549","2733306512","0.0666667"
"133596598","2545529043","1"
"2545529043","133596598","1"
"133596598","2123161183","0.142857"
"2123161183","133596598","0.142857"
"133596598","2494682729","0.142857"
"2494682729","133596598","0.142857"
"133596598","2748568982","0.285714"
"2748568982","133596598","0.285714"
"133596598","3014585752","0.285714"
"3014585752","133596598","0.285714"
"2123161183","2180155051","0.492857"
"2180155051","2123161183","0.492857"
"2123161183","2494682729","0.635714"
"2494682729","2123161183","0.635714"
"2123161183","2540918362","0.142857"
"2540918362","2123161183","0.142857"
"2123161183","2748568982","0.142857"
"2748568982","2123161183","0.142857"
"2123161183","3003907549","0.642857"
"3003907549","2123161183","0.642857"
"2123161183","3014585752","0.142857"
"3014585752","2123161183","0.142857"
"2180155051","2494682729","0.492857"
"2494682729","2180155051","0.492857"
"2180155051","2748568982","0.142857"
"2748568982","2180155051","0.142857"
"2180155051","3014585752","0.642857"
"3014585752","2180155051","0.642857"
"2494682729","2540918362","0.267857"
"2540918362","2494682729","0.267857"
"2494682729","2748568982","1.30952"
"2748568982","2494682729","1.30952"
"2494682729","3003907549","0.142857"
"3003907549","2494682729","0.142857"
"2494682729","3014585752","0.142857"
"3014585752","2494682729","0.142857"
"2540918362","2748568982","0.142857"
"2748568982","2540918362","0.142857"
"2540918362","3014585752","0.72619"
"3014585752","2540918362","0.72619"
"2748568982","3003907549","0.285714"
"3003907549","2748568982","0.285714"
"2748568982","3014585752","0.285714"
"3014585752","2748568982","0.285714"
"3003907549","3014585752","0.785714"
"3014585752","3003907549","0.785714"
"1502388574","2934095385","0.366667"
"2934095385","1502388574","0.366667"
"1981550312","2934095385","1.36667"
"2934095385","1981550312","1.36667"
"2058608344","2934095385","0.166667"
"2934095385","2058608344","0.166667"
"2068923332","2934095385","0.166667"
"2934095385","2068923332","0.166667"
"2150836545","2934095385","0.291667"
"2934095385","2150836545","0.291667"
"133596598","2332429724","0.142857"
"2332429724","133596598","0.142857"
"2055101194","2332429724","0.909524"
"2332429724","2055101194","0.909524"
"2055101194","2748568982","0.309524"
"2748568982","2055101194","0.309524"
"2055101194","3014585752","0.142857"
"3014585752","2055101194","0.142857"
"2162864511","2332429724","0.142857"
"2332429724","2162864511","0.142857"
"2162864511","2748568982","0.142857"
"2748568982","2162864511","0.142857"
"2162864511","3014585752","0.142857"
"3014585752","2162864511","0.142857"
"2332429724","2606334498","0.142857"
"2606334498","2332429724","0.142857"
"2332429724","2748568982","0.309524"
"2748568982","2332429724","0.309524"
"2332429724","3003907549","0.142857"
"3003907549","2332429724","0.142857"
"2332429724","3014585752","0.142857"
"3014585752","2332429724","0.142857"
"2606334498","2748568982","0.142857"
"2748568982","2606334498","0.142857"
"2606334498","3014585752","0.142857"
"3014585752","2606334498","0.142857"
"1502388574","2509254330","2.86146"
"2509254330","1502388574","2.86146"
"1502388574","2540918362","1.45833"
"2540918362","1502388574","1.45833"
"1502388574","2747653138","0.722566"
"2747653138","1502388574","0.722566"
"1502388574","2762845068","0.5"
"2762845068","1502388574","0.5"
"1502388574","2014538398","0.422566"
"2014538398","1502388574","0.422566"
"1909135769","2014538398","3.60312"
"2014538398","1909135769","3.60312"
"1909135769","2934095385","4.7"
"2934095385","1909135769","4.7"
"1981550312","2014538398","1.79757"
"2014538398","1981550312","1.79757"
"2014538398","2288987180","12.0654"
"2288987180","2014538398","12.0654"
"2014538398","2934095385","0.2"
"2934095385","2014538398","0.2"
"1502388574","2435263416","0.5"
"2435263416","1502388574","0.5"
"1502388574","2767826029","1"
"2767826029","1502388574","1"
"2435263416","2767826029","0.5"
"2767826029","2435263416","0.5"
"1997329818","2068923332","3.34757"
"2068923332","1997329818","3.34757"
"1502388574","2583267683","0.569788"
"2583267683","1502388574","0.569788"
"1502388574","2733306512","0.333333"
"2733306512","1502388574","0.333333"
"2540918362","2583267683","1.95833"
"2583267683","2540918362","1.95833"
"2583267683","2733306512","0.333333"
"2733306512","2583267683","0.333333"
"2288987180","2767826029","0.5"
"2767826029","2288987180","0.5"
"1502388574","2545529043","0.236455"
"2545529043","1502388574","0.236455"
"1502388574","2746329303","0.177632"
"2746329303","1502388574","0.177632"
"1502388574","2766938563","0.236455"
"2766938563","1502388574","0.236455"
"1997329818","2540918362","0.625"
"2540918362","1997329818","0.625"
"1997329818","2545529043","0.236455"
"2545529043","1997329818","0.236455"
"1997329818","2583267683","0.236455"
"2583267683","1997329818","0.236455"
"1997329818","2746329303","0.177632"
"2746329303","1997329818","0.177632"
"1997329818","2766938563","0.236455"
"2766938563","1997329818","0.236455"
"2058608344","2545529043","0.416667"
"2545529043","2058608344","0.416667"
"2058608344","2583267683","0.291667"
"2583267683","2058608344","0.291667"
"2058608344","2746329303","0.291667"
"2746329303","2058608344","0.291667"
"2058608344","2766938563","0.291667"
"2766938563","2058608344","0.291667"
"2068923332","2545529043","0.236455"
"2545529043","2068923332","0.236455"
"2068923332","2583267683","0.236455"
"2583267683","2068923332","0.236455"
"2068923332","2746329303","0.177632"
"2746329303","2068923332","0.177632"
"2068923332","2766938563","0.236455"
"2766938563","2068923332","0.236455"
"2540918362","2545529043","2.86667"
"2545529043","2540918362","2.86667"
"2540918362","2746329303","3.66667"
"2746329303","2540918362","3.66667"
"2540918362","2766938563","2.41111"
"2766938563","2540918362","2.41111"
"2545529043","2583267683","6.68646"
"2583267683","2545529043","6.68646"
"2545529043","2746329303","1.9693"
"2746329303","2545529043","1.9693"
"2545529043","2766938563","9.36979"
"2766938563","2545529043","9.36979"
"2583267683","2746329303","1.2943"
"2746329303","2583267683","1.2943"
"2583267683","2766938563","3.88646"
"2766938563","2583267683","3.88646"
"2746329303","2766938563","0.977632"
"2766938563","2746329303","0.977632"
"1502388574","2513629435","0.25"
"2513629435","1502388574","0.25"
"1502388574","2526869428","0.25"
"2526869428","1502388574","0.25"
"1909135769","2509254330","1.84479"
"2509254330","1909135769","1.84479"
"1909135769","2513629435","0.75"
"2513629435","1909135769","0.75"
"1909135769","2526869428","0.25"
"2526869428","1909135769","0.25"
"2509254330","2513629435","1.25"
"2513629435","2509254330","1.25"
"2509254330","2526869428","0.75"
"2526869428","2509254330","0.75"
"2513629435","2526869428","0.75"
"2526869428","2513629435","0.75"
"1502388574","2282018707","0.5559"
"2282018707","1502388574","0.5559"
"1502388574","2498289119","0.5559"
"2498289119","1502388574","0.5559"
"1981550312","2282018707","3.22257"
"2282018707","1981550312","3.22257"
"1981550312","2498289119","0.5559"
"2498289119","1981550312","0.5559"
"1981550312","2747653138","0.222566"
"2747653138","1981550312","0.222566"
"1997329818","2014538398","0.222566"
"2014538398","1997329818","0.222566"
"1997329818","2282018707","0.5559"
"2282018707","1997329818","0.5559"
"1997329818","2498289119","0.5559"
"2498289119","1997329818","0.5559"
"1997329818","2747653138","1.22257"
"2747653138","1997329818","1.22257"
"2014538398","2058608344","1.12897"
"2058608344","2014538398","1.12897"
"2014538398","2068923332","1.22257"
"2068923332","2014538398","1.22257"
"2014538398","2282018707","0.3059"
"2282018707","2014538398","0.3059"
"2014538398","2498289119","0.222566"
"2498289119","2014538398","0.222566"
"2014538398","2747653138","1.44876"
"2747653138","2014538398","1.44876"
"2058608344","2282018707","0.111111"
"2282018707","2058608344","0.111111"
"2058608344","2498289119","1.86111"
"2498289119","2058608344","1.86111"
"2068923332","2282018707","0.222566"
"2282018707","2068923332","0.222566"
"2068923332","2288987180","0.222566"
"2288987180","2068923332","0.222566"
"2068923332","2498289119","0.472566"
"2498289119","2068923332","0.472566"
"2282018707","2288987180","0.647566"
"2288987180","2282018707","0.647566"
"2282018707","2498289119","0.667011"
"2498289119","2282018707","0.667011"
"2282018707","2747653138","0.8059"
"2747653138","2282018707","0.8059"
"2288987180","2498289119","0.222566"
"2498289119","2288987180","0.222566"
"2288987180","2747653138","0.865423"
"2747653138","2288987180","0.865423"
"2498289119","2747653138","0.222566"
"2747653138","2498289119","0.222566"
"1502388574","2557978403","0.111455"
"2557978403","1502388574","0.111455"
"1502388574","2737671130","0.111455"
"2737671130","1502388574","0.111455"
"1502388574","2891176656","0.111455"
"2891176656","1502388574","0.111455"
"1502388574","2970575882","0.0526316"
"2970575882","1502388574","0.0526316"
"1502388574","3014585752","0.111455"
"3014585752","1502388574","0.111455"
"1909135769","2068923332","0.111455"
"2068923332","1909135769","0.111455"
"1909135769","2282018707","0.894788"
"2282018707","1909135769","0.894788"
"1909135769","2498289119","1.11146"
"2498289119","1909135769","1.11146"
"1909135769","2545529043","2.51146"
"2545529043","1909135769","2.51146"
"1909135769","2557978403","0.236455"
"2557978403","1909135769","0.236455"
"1909135769","2583267683","0.644788"
"2583267683","1909135769","0.644788"
"1909135769","2737671130","1.11146"
"2737671130","1909135769","1.11146"
"1909135769","2746329303","0.960965"
"2746329303","1909135769","0.960965"
"1909135769","2747653138","0.194788"
"2747653138","1909135769","0.194788"
"1909135769","2766938563","0.594788"
"2766938563","1909135769","0.594788"
"1909135769","2891176656","0.444788"
"2891176656","1909135769","0.444788"
"1909135769","2970575882","0.235965"
"2970575882","1909135769","0.235965"
"1909135769","3014585752","0.194788"
"3014585752","1909135769","0.194788"
"1981550312","2509254330","0.111455"
"2509254330","1981550312","0.111455"
"1981550312","2545529043","0.569788"
"2545529043","1981550312","0.569788"
"1981550312","2557978403","0.111455"
"2557978403","1981550312","0.111455"
"1981550312","2583267683","0.278122"
"2583267683","1981550312","0.278122"
"1981550312","2737671130","0.944788"
"2737671130","1981550312","0.944788"
"1981550312","2746329303","0.219298"
"2746329303","1981550312","0.219298"
"1981550312","2766938563","0.278122"
"2766938563","1981550312","0.278122"
"1981550312","2891176656","0.111455"
"2891176656","1981550312","0.111455"
"1981550312","2970575882","0.152632"
"2970575882","1981550312","0.152632"
"1981550312","3014585752","0.111455"
"3014585752","1981550312","0.111455"
"1997329818","2509254330","0.111455"
"2509254330","1997329818","0.111455"
"1997329818","2557978403","0.111455"
"2557978403","1997329818","0.111455"
"1997329818","2737671130","0.111455"
"2737671130","1997329818","0.111455"
"1997329818","2891176656","0.111455"
"2891176656","1997329818","0.111455"
"1997329818","2970575882","0.0526316"
"2970575882","1997329818","0.0526316"
"1997329818","3014585752","0.111455"
"3014585752","1997329818","0.111455"
"2014538398","2509254330","0.194788"
"2509254330","2014538398","0.194788"
"2014538398","2545529043","1.48646"
"2545529043","2014538398","1.48646"
"2014538398","2557978403","0.111455"
"2557978403","2014538398","0.111455"
"2014538398","2583267683","1.44479"
"2583267683","2014538398","1.44479"
"2014538398","2737671130","0.611455"
"2737671130","2014538398","0.611455"
"2014538398","2746329303","0.135965"
"2746329303","2014538398","0.135965"
"2014538398","2766938563","0.194788"
"2766938563","2014538398","0.194788"
"2014538398","2891176656","0.444788"
"2891176656","2014538398","0.444788"
"2014538398","2970575882","0.135965"
"2970575882","2014538398","0.135965"
"2014538398","3014585752","0.194788"
"3014585752","2014538398","0.194788"
"2068923332","2557978403","0.111455"
"2557978403","2068923332","0.111455"
"2068923332","2737671130","1.27812"
"2737671130","2068923332","1.27812"
"2068923332","2891176656","0.111455"
"2891176656","2068923332","0.111455"
"2068923332","2970575882","0.0526316"
"2970575882","2068923332","0.0526316"
"2068923332","3014585752","0.111455"
"3014585752","2068923332","0.111455"
"2282018707","2509254330","0.194788"
"2509254330","2282018707","0.194788"
"2282018707","2545529043","0.494788"
"2545529043","2282018707","0.494788"
"2282018707","2557978403","0.111455"
"2557978403","2282018707","0.111455"
"2282018707","2583267683","0.111455"
"2583267683","2282018707","0.111455"
"2282018707","2737671130","0.547566"
"2737671130","2282018707","0.547566"
"2282018707","2746329303","0.235965"
"2746329303","2282018707","0.235965"
"2282018707","2766938563","2.56423"
"2766938563","2282018707","2.56423"
"2282018707","2891176656","0.8559"
"2891176656","2282018707","0.8559"
"2282018707","2970575882","4.23596"
"2970575882","2282018707","4.23596"
"2282018707","3014585752","1.19479"
"3014585752","2282018707","1.19479"
"2288987180","2509254330","0.611455"
"2509254330","2288987180","0.611455"
"2288987180","2545529043","0.211455"
"2545529043","2288987180","0.211455"
"2288987180","2557978403","0.111455"
"2557978403","2288987180","0.111455"
"2288987180","2583267683","1.11146"
"2583267683","2288987180","1.11146"
"2288987180","2737671130","0.236455"
"2737671130","2288987180","0.236455"
"2288987180","2746329303","0.152632"
"2746329303","2288987180","0.152632"
"2288987180","2766938563","0.536455"
"2766938563","2288987180","0.536455"
"2288987180","2891176656","0.211455"
"2891176656","2288987180","0.211455"
"2288987180","2970575882","0.152632"
"2970575882","2288987180","0.152632"
"2288987180","3014585752","0.111455"
"3014585752","2288987180","0.111455"
"2498289119","2509254330","0.111455"
"2509254330","2498289119","0.111455"
"2498289119","2545529043","0.111455"
"2545529043","2498289119","0.111455"
"2498289119","2557978403","0.611455"
"2557978403","2498289119","0.611455"
"2498289119","2583267683","0.444788"
"2583267683","2498289119","0.444788"
"2498289119","2737671130","1.13923"
"2737671130","2498289119","1.13923"
"2498289119","2746329303","0.885965"
"2746329303","2498289119","0.885965"
"2498289119","2766938563","0.222566"
"2766938563","2498289119","0.222566"
"2498289119","2891176656","0.222566"
"2891176656","2498289119","0.222566"
"2498289119","2970575882","0.0526316"
"2970575882","2498289119","0.0526316"
"2498289119","3014585752","0.111455"
"3014585752","2498289119","0.111455"
"2509254330","2545529043","3.34479"
"2545529043","2509254330","3.34479"
"2509254330","2557978403","0.444788"
"2557978403","2509254330","0.444788"
"2509254330","2583267683","0.561455"
"2583267683","2509254330","0.561455"
"2509254330","2737671130","0.111455"
"2737671130","2509254330","0.111455"
"2509254330","2746329303","0.585965"
"2746329303","2509254330","0.585965"
"2509254330","2766938563","0.644788"
"2766938563","2509254330","0.644788"
"2509254330","2891176656","0.611455"
"2891176656","2509254330","0.611455"
"2509254330","2970575882","0.135965"
"2970575882","2509254330","0.135965"
"2509254330","3014585752","0.694788"
"3014585752","2509254330","0.694788"
"2545529043","2557978403","1.93646"
"2557978403","2545529043","1.93646"
"2545529043","2737671130","1.97812"
"2737671130","2545529043","1.97812"
"2545529043","2747653138","0.194788"
"2747653138","2545529043","0.194788"
"2545529043","2891176656","1.24479"
"2891176656","2545529043","1.24479"
"2545529043","2970575882","0.235965"
"2970575882","2545529043","0.235965"
"2545529043","3014585752","0.194788"
"3014585752","2545529043","0.194788"
"2557978403","2583267683","0.111455"
"2583267683","2557978403","0.111455"
"2557978403","2737671130","0.561455"
"2737671130","2557978403","0.561455"
"2557978403","2746329303","0.827632"
"2746329303","2557978403","0.827632"
"2557978403","2747653138","0.111455"
"2747653138","2557978403","0.111455"
"2557978403","2766938563","0.611455"
"2766938563","2557978403","0.611455"
"2557978403","2891176656","0.111455"
"2891176656","2557978403","0.111455"
"2557978403","2970575882","0.0526316"
"2970575882","2557978403","0.0526316"
"2557978403","3014585752","0.111455"
"3014585752","2557978403","0.111455"
"2583267683","2737671130","0.111455"
"2737671130","2583267683","0.111455"
"2583267683","2747653138","0.311455"
"2747653138","2583267683","0.311455"
"2583267683","2891176656","0.778122"
"2891176656","2583267683","0.778122"
"2583267683","2970575882","1.05263"
"2970575882","2583267683","1.05263"
"2583267683","3014585752","0.111455"
"3014585752","2583267683","0.111455"
"2737671130","2746329303","3.00263"
"2746329303","2737671130","3.00263"
"2737671130","2747653138","0.111455"
"2747653138","2737671130","0.111455"
"2737671130","2766938563","0.847566"
"2766938563","2737671130","0.847566"
"2737671130","2891176656","0.422566"
"2891176656","2737671130","0.422566"
"2737671130","2970575882","0.0526316"
"2970575882","2737671130","0.0526316"
"2737671130","3014585752","1.11146"
"3014585752","2737671130","1.11146"
"2746329303","2747653138","0.135965"
"2747653138","2746329303","0.135965"
"2746329303","2891176656","0.152632"
"2891176656","2746329303","0.152632"
"2746329303","2970575882","1.23596"
"2970575882","2746329303","1.23596"
"2746329303","3014585752","0.135965"
"3014585752","2746329303","0.135965"
"2747653138","2766938563","0.394788"
"2766938563","2747653138","0.394788"
"2747653138","2891176656","0.111455"
"2891176656","2747653138","0.111455"
"2747653138","2970575882","0.635965"
"2970575882","2747653138","0.635965"
"2747653138","3014585752","0.694788"
"3014585752","2747653138","0.694788"
"2766938563","2891176656","0.6559"
"2891176656","2766938563","0.6559"
"2766938563","2970575882","0.235965"
"2970575882","2766938563","0.235965"
"2766938563","3014585752","0.194788"
"3014585752","2766938563","0.194788"
"2891176656","2970575882","0.152632"
"2970575882","2891176656","0.152632"
"2891176656","3014585752","0.111455"
"3014585752","2891176656","0.111455"
"2970575882","3014585752","3.63596"
"3014585752","2970575882","3.63596"
"1788945156","2747653138","5"
"2747653138","1788945156","5"
"1788945156","2762845068","4"
"2762845068","1788945156","4"
"1788945156","2545653289","1"
"2545653289","1788945156","1"
"1788945156","2014538398","1"
"2014538398","1788945156","1"
"1788945156","2288987180","1"
"2288987180","1788945156","1"
"1788945156","1935937957","0.416667"
"1935937957","1788945156","0.416667"
"1788945156","2055101194","0.416667"
"2055101194","1788945156","0.416667"
"1788945156","2162864511","0.416667"
"2162864511","1788945156","0.416667"
"1788945156","2180155051","0.25"
"2180155051","1788945156","0.25"
"1788945156","1997329818","2"
"1997329818","1788945156","2"
"1788945156","2068923332","0.166667"
"2068923332","1788945156","0.166667"
"1788945156","2606334498","0.166667"
"2606334498","1788945156","0.166667"
"1788945156","2737671130","1.16667"
"2737671130","1788945156","1.16667"
"1935937957","2737671130","0.166667"
"2737671130","1935937957","0.166667"
"2055101194","2737671130","0.166667"
"2737671130","2055101194","0.166667"
"2162864511","2737671130","0.333333"
"2737671130","2162864511","0.333333"
"2606334498","2737671130","0.166667"
"2737671130","2606334498","0.166667"
"1909135769","2132380276","1.28333"
"2132380276","1909135769","1.28333"
"1909135769","2150836545","1.075"
"2150836545","1909135769","1.075"
"1909135769","2435263416","1.125"
"2435263416","1909135769","1.125"
"1909135769","2494682729","0.225"
"2494682729","1909135769","0.225"
"1909135769","2540918362","1.60833"
"2540918362","1909135769","1.60833"
"2132380276","2150836545","0.769444"
"2150836545","2132380276","0.769444"
"2132380276","2435263416","0.569444"
"2435263416","2132380276","0.569444"
"2132380276","2494682729","0.125"
"2494682729","2132380276","0.125"
"2132380276","2540918362","1.35278"
"2540918362","2132380276","1.35278"
"2132380276","2545529043","1.45"
"2545529043","2132380276","1.45"
"2132380276","2557978403","0.125"
"2557978403","2132380276","0.125"
"2132380276","2746329303","1.29167"
"2746329303","2132380276","1.29167"
"2150836545","2435263416","1.15278"
"2435263416","2150836545","1.15278"
"2150836545","2494682729","0.125"
"2494682729","2150836545","0.125"
"2150836545","2545529043","0.575"
"2545529043","2150836545","0.575"
"2150836545","2557978403","0.375"
"2557978403","2150836545","0.375"
"2150836545","2746329303","0.625"
"2746329303","2150836545","0.625"
"2435263416","2494682729","0.125"
"2494682729","2435263416","0.125"
"2435263416","2540918362","0.902778"
"2540918362","2435263416","0.902778"
"2435263416","2545529043","0.591667"
"2545529043","2435263416","0.591667"
"2435263416","2557978403","0.775"
"2557978403","2435263416","0.775"
"2435263416","2746329303","1.375"
"2746329303","2435263416","1.375"
"2494682729","2545529043","0.125"
"2545529043","2494682729","0.125"
"2494682729","2557978403","0.125"
"2557978403","2494682729","0.125"
"2494682729","2746329303","0.125"
"2746329303","2494682729","0.125"
"2540918362","2557978403","1.35833"
"2557978403","2540918362","1.35833"
"1909135769","2180155051","0.475"
"2180155051","1909135769","0.475"
"1981550312","2180155051","0.475"
"2180155051","1981550312","0.475"
"2014538398","2180155051","0.375"
"2180155051","2014538398","0.375"
"2132380276","2509254330","1.2"
"2509254330","2132380276","1.2"
"1909135769","2412908136","1.11667"
"2412908136","1909135769","1.11667"
"2282018707","2412908136","1.98611"
"2412908136","2282018707","1.98611"
"2282018707","2540918362","1.65278"
"2540918362","2282018707","1.65278"
"2288987180","2412908136","1.75833"
"2412908136","2288987180","1.75833"
"2288987180","2540918362","1.25833"
"2540918362","2288987180","1.25833"
"2412908136","2540918362","4.63611"
"2540918362","2412908136","4.63611"
"2412908136","2766938563","1.15278"
"2766938563","2412908136","1.15278"
"1909135769","2162864511","0.791667"
"2162864511","1909135769","0.791667"
"1909135769","3003907549","0.125"
"3003907549","1909135769","0.125"
"1981550312","2132380276","0.625"
"2132380276","1981550312","0.625"
"1981550312","2162864511","0.291667"
"2162864511","1981550312","0.291667"
"1981550312","3003907549","0.125"
"3003907549","1981550312","0.125"
"2014538398","2132380276","0.291667"
"2132380276","2014538398","0.291667"
"2014538398","2162864511","0.791667"
"2162864511","2014538398","0.791667"
"2014538398","3003907549","0.125"
"3003907549","2014538398","0.125"
"2058608344","2132380276","0.375"
"2132380276","2058608344","0.375"
"2132380276","2162864511","0.291667"
"2162864511","2132380276","0.291667"
"2132380276","2180155051","0.125"
"2180155051","2132380276","0.125"
"2132380276","3003907549","0.125"
"3003907549","2132380276","0.125"
"2162864511","2545529043","0.291667"
"2545529043","2162864511","0.291667"
"2180155051","2545529043","0.125"
"2545529043","2180155051","0.125"
"2545529043","3003907549","0.125"
"3003907549","2545529043","0.125"
"1909135769","1935937957","0.1"
"1935937957","1909135769","0.1"
"1909135769","2055101194","0.1"
"2055101194","1909135769","0.1"
"1909135769","2123161183","0.1"
"2123161183","1909135769","0.1"
"1909135769","2332429724","0.1"
"2332429724","1909135769","0.1"
"1909135769","2735601075","0.1"
"2735601075","1909135769","0.1"
"1935937957","1981550312","0.266667"
"1981550312","1935937957","0.266667"
"1935937957","2123161183","2.49286"
"2123161183","1935937957","2.49286"
"1935937957","2332429724","0.909524"
"2332429724","1935937957","0.909524"
"1935937957","2494682729","0.659524"
"2494682729","1935937957","0.659524"
"1935937957","2735601075","0.35"
"2735601075","1935937957","0.35"
"1935937957","2970575882","0.1"
"2970575882","1935937957","0.1"
"1981550312","2055101194","0.266667"
"2055101194","1981550312","0.266667"
"1981550312","2123161183","0.1"
"2123161183","1981550312","0.1"
"1981550312","2332429724","0.266667"
"2332429724","1981550312","0.266667"
"1981550312","2494682729","0.266667"
"2494682729","1981550312","0.266667"
"1981550312","2735601075","0.1"
"2735601075","1981550312","0.1"
"2055101194","2123161183","0.1"
"2123161183","2055101194","0.1"
"2055101194","2494682729","0.766667"
"2494682729","2055101194","0.766667"
"2055101194","2735601075","0.1"
"2735601075","2055101194","0.1"
"2055101194","2970575882","0.1"
"2970575882","2055101194","0.1"
"2058608344","2123161183","0.242857"
"2123161183","2058608344","0.242857"
"2058608344","2332429724","0.409524"
"2332429724","2058608344","0.409524"
"2058608344","2494682729","0.409524"
"2494682729","2058608344","0.409524"
"2058608344","2735601075","0.1"
"2735601075","2058608344","0.1"
"2058608344","2970575882","0.1"
"2970575882","2058608344","0.1"
"2123161183","2332429724","8.74286"
"2332429724","2123161183","8.74286"
"2123161183","2735601075","0.35"
"2735601075","2123161183","0.35"
"2123161183","2970575882","0.1"
"2970575882","2123161183","0.1"
"2180155051","2332429724","0.1"
"2332429724","2180155051","0.1"
"2180155051","2735601075","0.35"
"2735601075","2180155051","0.35"
"2180155051","2970575882","0.1"
"2970575882","2180155051","0.1"
"2332429724","2494682729","0.909524"
"2494682729","2332429724","0.909524"
"2332429724","2735601075","0.1"
"2735601075","2332429724","0.1"
"2332429724","2970575882","0.1"
"2970575882","2332429724","0.1"
"2494682729","2735601075","0.35"
"2735601075","2494682729","0.35"
"2494682729","2970575882","0.1"
"2970575882","2494682729","0.1"
"2735601075","2970575882","0.1"
"2970575882","2735601075","0.1"
"2014538398","2150836545","0.0833333"
"2150836545","2014538398","0.0833333"
"2014538398","2412908136","0.0833333"
"2412908136","2014538398","0.0833333"
"2014538398","2540918362","0.0833333"
"2540918362","2014538398","0.0833333"
"2150836545","2282018707","0.319444"
"2282018707","2150836545","0.319444"
"2150836545","2412908136","0.652778"
"2412908136","2150836545","0.652778"
"2150836545","2766938563","0.319444"
"2766938563","2150836545","0.319444"
"2150836545","2970575882","0.0833333"
"2970575882","2150836545","0.0833333"
"2150836545","3014585752","0.583333"
"3014585752","2150836545","0.583333"
"2412908136","2509254330","1.91667"
"2509254330","2412908136","1.91667"
"2412908136","2545529043","1.08333"
"2545529043","2412908136","1.08333"
"2412908136","2746329303","0.583333"
"2746329303","2412908136","0.583333"
"2412908136","2747653138","0.783333"
"2747653138","2412908136","0.783333"
"2412908136","2970575882","0.183333"
"2970575882","2412908136","0.183333"
"2412908136","3014585752","0.0833333"
"3014585752","2412908136","0.0833333"
"2540918362","2970575882","0.183333"
"2970575882","2540918362","0.183333"
"2150836545","2737671130","0.986111"
"2737671130","2150836545","0.986111"
"2435263416","2737671130","0.727778"
"2737671130","2435263416","0.727778"
"2540918362","2737671130","3.38611"
"2737671130","2540918362","3.38611"
"2132380276","2737671130","2.02778"
"2737671130","2132380276","2.02778"
"2509254330","2934095385","1"
"2934095385","2509254330","1"
"2123161183","2606334498","0.5"
"2606334498","2123161183","0.5"
"1935937957","2911697684","1"
"2911697684","1935937957","1"
"1935937957","2748568982","0.166667"
"2748568982","1935937957","0.166667"
"1981550312","2748568982","0.166667"
"2748568982","1981550312","0.166667"
"2058608344","2748568982","0.166667"
"2748568982","2058608344","0.166667"
"1935937957","2014538398","0.142857"
"2014538398","1935937957","0.142857"
"1935937957","2288987180","0.142857"
"2288987180","1935937957","0.142857"
"2014538398","2123161183","0.142857"
"2123161183","2014538398","0.142857"
"2014538398","2332429724","0.142857"
"2332429724","2014538398","0.142857"
"2014538398","2494682729","0.142857"
"2494682729","2014538398","0.142857"
"2123161183","2288987180","0.142857"
"2288987180","2123161183","0.142857"
"2123161183","2747653138","0.142857"
"2747653138","2123161183","0.142857"
"2288987180","2332429724","0.142857"
"2332429724","2288987180","0.142857"
"2288987180","2494682729","0.142857"
"2494682729","2288987180","0.142857"
"2332429724","2747653138","0.142857"
"2747653138","2332429724","0.142857"
"2494682729","2747653138","0.142857"
"2747653138","2494682729","0.142857"
"1981550312","2412908136","0.333333"
"2412908136","1981550312","0.333333"
"1981550312","2540918362","0.5"
"2540918362","1981550312","0.5"
"2132380276","2412908136","1.36111"
"2412908136","2132380276","1.36111"
"2132380276","2498289119","1.77778"
"2498289119","2132380276","1.77778"
"2150836545","2498289119","0.444444"
"2498289119","2150836545","0.444444"
"2412908136","2498289119","0.694444"
"2498289119","2412908136","0.694444"
"2412908136","2737671130","1.21944"
"2737671130","2412908136","1.21944"
"2498289119","2540918362","0.694444"
"2540918362","2498289119","0.694444"
"1997329818","2132380276","3.5"
"2132380276","1997329818","3.5"
"2068923332","2132380276","0.75"
"2132380276","2068923332","0.75"
"2058608344","2557978403","0.5"
"2557978403","2058608344","0.5"
"2132380276","2150937068","0.25"
"2150937068","2132380276","0.25"
"2150937068","2498289119","0.25"
"2498289119","2150937068","0.25"
"2068923332","2123161183","1.5"
"2123161183","2068923332","1.5"
"2123161183","2934095385","1"
"2934095385","2123161183","1"
"2132380276","2282018707","1.44444"
"2282018707","2132380276","1.44444"
"2132380276","2766938563","1.44444"
"2766938563","2132380276","1.44444"
"2132380276","2583267683","0.333333"
"2583267683","2132380276","0.333333"
"2412908136","2583267683","0.533333"
"2583267683","2412908136","0.533333"
"2132380276","2891176656","0.111111"
"2891176656","2132380276","0.111111"
"2150836545","2891176656","0.111111"
"2891176656","2150836545","0.111111"
"2282018707","2435263416","0.211111"
"2435263416","2282018707","0.211111"
