"101486081","2117198226","1.36667"
"2117198226","101486081","1.36667"
"101486081","1514927313","0.142857"
"1514927313","101486081","0.142857"
"101486081","1540775190","0.452381"
"1540775190","101486081","0.452381"
"101486081","1861285428","1.59683"
"1861285428","101486081","1.59683"
"101486081","2034190321","0.485714"
"2034190321","101486081","0.485714"
"101486081","2109391720","0.842857"
"2109391720","101486081","0.842857"
"101486081","2124668571","0.819048"
"2124668571","101486081","0.819048"
"101486081","69098705","0.285714"
"69098705","101486081","0.285714"
"1514927313","1540775190","0.43869"
"1540775190","1514927313","0.43869"
"1514927313","1861285428","0.68869"
"1861285428","1514927313","0.68869"
"1514927313","2034190321","0.272024"
"2034190321","1514927313","0.272024"
"1514927313","2109391720","0.62619"
"2109391720","1514927313","0.62619"
"1514927313","2124668571","0.272024"
"2124668571","1514927313","0.272024"
"1514927313","69098705","0.209524"
"69098705","1514927313","0.209524"
"1540775190","1861285428","0.873214"
"1861285428","1540775190","0.873214"
"1540775190","2034190321","0.414881"
"2034190321","1540775190","0.414881"
"1540775190","2109391720","0.810714"
"2109391720","1540775190","0.810714"
"1540775190","2124668571","0.539881"
"2124668571","1540775190","0.539881"
"1540775190","69098705","3.95357"
"69098705","1540775190","3.95357"
"1861285428","2034190321","2.05933"
"2034190321","1861285428","2.05933"
"1861285428","2109391720","1.78452"
"2109391720","1861285428","1.78452"
"1861285428","2124668571","1.51766"
"2124668571","1861285428","1.51766"
"1861285428","69098705","0.477381"
"69098705","1861285428","0.477381"
"2034190321","2109391720","0.742857"
"2109391720","2034190321","0.742857"
"2034190321","2124668571","3.22599"
"2124668571","2034190321","3.22599"
"2034190321","69098705","0.352381"
"69098705","2034190321","0.352381"
"2109391720","2124668571","2.70119"
"2124668571","2109391720","2.70119"
"2109391720","69098705","0.477381"
"69098705","2109391720","0.477381"
"2124668571","69098705","0.810714"
"69098705","2124668571","0.810714"
"101486081","1510294241","0.142857"
"1510294241","101486081","0.142857"
"101486081","1604261361","0.809524"
"1604261361","101486081","0.809524"
"1510294241","1540775190","0.614881"
"1540775190","1510294241","0.614881"
"1510294241","1604261361","0.209524"
"1604261361","1510294241","0.209524"
"1510294241","1861285428","0.272024"
"1861285428","1510294241","0.272024"
"1510294241","2034190321","0.272024"
"2034190321","1510294241","0.272024"
"1510294241","2124668571","0.272024"
"2124668571","1510294241","0.272024"
"1510294241","69098705","0.352381"
"69098705","1510294241","0.352381"
"1540775190","1604261361","0.542857"
"1604261361","1540775190","0.542857"
"1604261361","1861285428","1.29286"
"1861285428","1604261361","1.29286"
"1604261361","2034190321","0.209524"
"2034190321","1604261361","0.209524"
"1604261361","2124668571","0.542857"
"2124668571","1604261361","0.542857"
"1604261361","69098705","0.542857"
"69098705","1604261361","0.542857"
"1861285428","2117198226","0.477778"
"2117198226","1861285428","0.477778"
"2034190321","2117198226","0.811111"
"2117198226","2034190321","0.811111"
"2109391720","2117198226","0.366667"
"2117198226","2109391720","0.366667"
"2117198226","2124668571","0.477778"
"2124668571","2117198226","0.477778"
"101486081","1575440140","0.111111"
"1575440140","101486081","0.111111"
"101486081","1669748495","0.111111"
"1669748495","101486081","0.111111"
"101486081","1813721848","0.111111"
"1813721848","101486081","0.111111"
"101486081","2039998965","0.111111"
"2039998965","101486081","0.111111"
"101486081","2045132416","0.111111"
"2045132416","101486081","0.111111"
"101486081","2099516225","0.111111"
"2099516225","101486081","0.111111"
"101486081","2161650346","0.111111"
"2161650346","101486081","0.111111"
"101486081","2224196937","0.111111"
"2224196937","101486081","0.111111"
"1575440140","1669748495","0.438034"
"1669748495","1575440140","0.438034"
"1575440140","1813721848","0.111111"
"1813721848","1575440140","0.111111"
"1575440140","1861285428","0.111111"
"1861285428","1575440140","0.111111"
"1575440140","2039998965","0.111111"
"2039998965","1575440140","0.111111"
"1575440140","2045132416","2.22137"
"2045132416","1575440140","2.22137"
"1575440140","2099516225","3.5047"
"2099516225","1575440140","3.5047"
"1575440140","2161650346","1.14444"
"2161650346","1575440140","1.14444"
"1575440140","2224196937","0.253968"
"2224196937","1575440140","0.253968"
"1669748495","1813721848","0.111111"
"1813721848","1669748495","0.111111"
"1669748495","1861285428","0.111111"
"1861285428","1669748495","0.111111"
"1669748495","2039998965","0.111111"
"2039998965","1669748495","0.111111"
"1669748495","2045132416","0.963034"
"2045132416","1669748495","0.963034"
"1669748495","2099516225","0.438034"
"2099516225","1669748495","0.438034"
"1669748495","2161650346","0.886111"
"2161650346","1669748495","0.886111"
"1669748495","2224196937","0.111111"
"2224196937","1669748495","0.111111"
"1813721848","1861285428","0.298611"
"1861285428","1813721848","0.298611"
"1813721848","2039998965","0.111111"
"2039998965","1813721848","0.111111"
"1813721848","2045132416","0.222222"
"2045132416","1813721848","0.222222"
"1813721848","2099516225","0.111111"
"2099516225","1813721848","0.111111"
"1813721848","2161650346","0.222222"
"2161650346","1813721848","0.222222"
"1813721848","2224196937","0.111111"
"2224196937","1813721848","0.111111"
"1861285428","2039998965","0.111111"
"2039998965","1861285428","0.111111"
"1861285428","2045132416","0.111111"
"2045132416","1861285428","0.111111"
"1861285428","2099516225","0.111111"
"2099516225","1861285428","0.111111"
"1861285428","2161650346","0.111111"
"2161650346","1861285428","0.111111"
"1861285428","2224196937","0.111111"
"2224196937","1861285428","0.111111"
"2039998965","2045132416","0.111111"
"2045132416","2039998965","0.111111"
"2039998965","2099516225","0.111111"
"2099516225","2039998965","0.111111"
"2039998965","2161650346","0.111111"
"2161650346","2039998965","0.111111"
"2039998965","2224196937","3.72222"
"2224196937","2039998965","3.72222"
"2045132416","2099516225","1.22137"
"2099516225","2045132416","1.22137"
"2045132416","2161650346","9.53056"
"2161650346","2045132416","9.53056"
"2045132416","2224196937","0.111111"
"2224196937","2045132416","0.111111"
"2099516225","2161650346","0.811111"
"2161650346","2099516225","0.811111"
"2099516225","2224196937","0.111111"
"2224196937","2099516225","0.111111"
"2161650346","2224196937","0.111111"
"2224196937","2161650346","0.111111"
"101486081","1606414104","1"
"1606414104","101486081","1"
"101486081","1868565853","0.166667"
"1868565853","101486081","0.166667"
"1540775190","1868565853","0.295833"
"1868565853","1540775190","0.295833"
"1540775190","2117198226","0.166667"
"2117198226","1540775190","0.166667"
"1604261361","1868565853","1.56667"
"1868565853","1604261361","1.56667"
"1604261361","2109391720","2.65"
"2109391720","1604261361","2.65"
"1604261361","2117198226","0.166667"
"2117198226","1604261361","0.166667"
"1861285428","1868565853","0.406944"
"1868565853","1861285428","0.406944"
"1868565853","2109391720","1.23333"
"2109391720","1868565853","1.23333"
"1868565853","2117198226","0.277778"
"2117198226","1868565853","0.277778"
"123820288","2034316451","0.629167"
"2034316451","123820288","0.629167"
"123820288","2103248241","0.5625"
"2103248241","123820288","0.5625"
"2034316451","2103248241","13.9934"
"2103248241","2034316451","13.9934"
"123820288","1530619695","2.55833"
"1530619695","123820288","2.55833"
"123820288","1967767081","0.3"
"1967767081","123820288","0.3"
"123820288","1986734940","1.55833"
"1986734940","123820288","1.55833"
"123820288","2043017295","0.225"
"2043017295","123820288","0.225"
"123820288","2066942924","0.425"
"2066942924","123820288","0.425"
"123820288","2070767329","0.425"
"2070767329","123820288","0.425"
"123820288","2089654465","0.3"
"2089654465","123820288","0.3"
"123820288","2121723481","0.3"
"2121723481","123820288","0.3"
"123820288","2168743581","0.225"
"2168743581","123820288","0.225"
"123820288","49012193","2.225"
"49012193","123820288","2.225"
"1530619695","1967767081","0.466667"
"1967767081","1530619695","0.466667"
"1530619695","1986734940","2.225"
"1986734940","1530619695","2.225"
"1530619695","2043017295","2.725"
"2043017295","1530619695","2.725"
"1530619695","2066942924","0.591667"
"2066942924","1530619695","0.591667"
"1530619695","2070767329","0.425"
"2070767329","1530619695","0.425"
"1530619695","2089654465","0.85"
"2089654465","1530619695","0.85"
"1530619695","2121723481","0.85"
"2121723481","1530619695","0.85"
"1530619695","2168743581","2.00833"
"2168743581","1530619695","2.00833"
"1530619695","49012193","6.39167"
"49012193","1530619695","6.39167"
"1967767081","1986734940","0.266667"
"1986734940","1967767081","0.266667"
"1967767081","2043017295","0.266667"
"2043017295","1967767081","0.266667"
"1967767081","2066942924","0.666667"
"2066942924","1967767081","0.666667"
"1967767081","2070767329","0.5"
"2070767329","1967767081","0.5"
"1967767081","2089654465","1.3"
"2089654465","1967767081","1.3"
"1967767081","2121723481","0.3"
"2121723481","1967767081","0.3"
"1967767081","2168743581","0.3"
"2168743581","1967767081","0.3"
"1967767081","49012193","0.266667"
"49012193","1967767081","0.266667"
"1986734940","2043017295","1.20278"
"2043017295","1986734940","1.20278"
"1986734940","2066942924","0.702778"
"2066942924","1986734940","0.702778"
"1986734940","2070767329","0.225"
"2070767329","1986734940","0.225"
"1986734940","2089654465","1.16111"
"2089654465","1986734940","1.16111"
"1986734940","2121723481","1.16111"
"2121723481","1986734940","1.16111"
"1986734940","2168743581","0.475"
"2168743581","1986734940","0.475"
"1986734940","49012193","3.89167"
"49012193","1986734940","3.89167"
"2043017295","2066942924","3.20278"
"2066942924","2043017295","3.20278"
"2043017295","2070767329","0.225"
"2070767329","2043017295","0.225"
"2043017295","2089654465","0.911111"
"2089654465","2043017295","0.911111"
"2043017295","2121723481","0.411111"
"2121723481","2043017295","0.411111"
"2043017295","2168743581","2.89167"
"2168743581","2043017295","2.89167"
"2043017295","49012193","0.725"
"49012193","2043017295","0.725"
"2066942924","2070767329","0.625"
"2070767329","2066942924","0.625"
"2066942924","2089654465","1.11111"
"2089654465","2066942924","1.11111"
"2066942924","2121723481","0.611111"
"2121723481","2066942924","0.611111"
"2066942924","2168743581","0.425"
"2168743581","2066942924","0.425"
"2066942924","49012193","0.391667"
"49012193","2066942924","0.391667"
"2070767329","2089654465","0.3"
"2089654465","2070767329","0.3"
"2070767329","2121723481","0.3"
"2121723481","2070767329","0.3"
"2070767329","2168743581","0.425"
"2168743581","2070767329","0.425"
"2070767329","49012193","0.225"
"49012193","2070767329","0.225"
"2089654465","2121723481","13.8611"
"2121723481","2089654465","13.8611"
"2089654465","2168743581","0.1"
"2168743581","2089654465","0.1"
"2089654465","49012193","0.1"
"49012193","2089654465","0.1"
"2121723481","2168743581","0.1"
"2168743581","2121723481","0.1"
"2121723481","49012193","0.1"
"49012193","2121723481","0.1"
"2168743581","49012193","0.558333"
"49012193","2168743581","0.558333"
"123820288","1487987374","1.06667"
"1487987374","123820288","1.06667"
"123820288","1547859494","2.19167"
"1547859494","123820288","2.19167"
"123820288","2091006875","1"
"2091006875","123820288","1"
"123820288","2733985360","0.458333"
"2733985360","123820288","0.458333"
"1530619695","2733985360","1.125"
"2733985360","1530619695","1.125"
"1986734940","2733985360","6.43611"
"2733985360","1986734940","6.43611"
"2043017295","2733985360","1.43611"
"2733985360","2043017295","1.43611"
"2066942924","2733985360","0.602778"
"2733985360","2066942924","0.602778"
"2070767329","2733985360","0.125"
"2733985360","2070767329","0.125"
"2168743581","2733985360","0.708333"
"2733985360","2168743581","0.708333"
"2733985360","49012193","1.125"
"49012193","2733985360","1.125"
"123820288","1510294241","0.129167"
"1510294241","123820288","0.129167"
"123820288","1514927313","0.129167"
"1514927313","123820288","0.129167"
"123820288","1540775190","0.254167"
"1540775190","123820288","0.254167"
"123820288","1604261361","0.0666667"
"1604261361","123820288","0.0666667"
"123820288","1606414104","0.129167"
"1606414104","123820288","0.129167"
"123820288","1861285428","0.254167"
"1861285428","123820288","0.254167"
"123820288","1868565853","0.129167"
"1868565853","123820288","0.129167"
"123820288","2034190321","0.129167"
"2034190321","123820288","0.129167"
"123820288","2109391720","0.191667"
"2109391720","123820288","0.191667"
"123820288","2113382698","0.0666667"
"2113382698","123820288","0.0666667"
"123820288","2124668571","0.254167"
"2124668571","123820288","0.254167"
"123820288","69098705","0.191667"
"69098705","123820288","0.191667"
"1487987374","1510294241","0.516667"
"1510294241","1487987374","0.516667"
"1487987374","1514927313","0.0666667"
"1514927313","1487987374","0.0666667"
"1487987374","1540775190","0.0666667"
"1540775190","1487987374","0.0666667"
"1487987374","1547859494","0.0666667"
"1547859494","1487987374","0.0666667"
"1487987374","1604261361","0.0666667"
"1604261361","1487987374","0.0666667"
"1487987374","1606414104","1.48333"
"1606414104","1487987374","1.48333"
"1487987374","1861285428","0.0666667"
"1861285428","1487987374","0.0666667"
"1487987374","1868565853","0.0666667"
"1868565853","1487987374","0.0666667"
"1487987374","2034190321","0.0666667"
"2034190321","1487987374","0.0666667"
"1487987374","2034316451","2.51667"
"2034316451","1487987374","2.51667"
"1487987374","2109391720","0.266667"
"2109391720","1487987374","0.266667"
"1487987374","2113382698","0.4"
"2113382698","1487987374","0.4"
"1487987374","2124668571","0.0666667"
"2124668571","1487987374","0.0666667"
"1487987374","69098705","0.0666667"
"69098705","1487987374","0.0666667"
"1510294241","1514927313","0.129167"
"1514927313","1510294241","0.129167"
"1510294241","1547859494","0.191667"
"1547859494","1510294241","0.191667"
"1510294241","1606414104","0.923947"
"1606414104","1510294241","0.923947"
"1510294241","1868565853","0.129167"
"1868565853","1510294241","0.129167"
"1510294241","2034316451","1.12395"
"2034316451","1510294241","1.12395"
"1510294241","2109391720","0.534524"
"2109391720","1510294241","0.534524"
"1510294241","2113382698","0.0666667"
"2113382698","1510294241","0.0666667"
"1514927313","1547859494","0.0666667"
"1547859494","1514927313","0.0666667"
"1514927313","1604261361","0.483333"
"1604261361","1514927313","0.483333"
"1514927313","1606414104","0.129167"
"1606414104","1514927313","0.129167"
"1514927313","1868565853","2.12917"
"1868565853","1514927313","2.12917"
"1514927313","2034316451","0.129167"
"2034316451","1514927313","0.129167"
"1514927313","2113382698","0.316667"
"2113382698","1514927313","0.316667"
"1540775190","1547859494","0.191667"
"1547859494","1540775190","0.191667"
"1540775190","1606414104","0.472024"
"1606414104","1540775190","0.472024"
"1540775190","2034316451","0.472024"
"2034316451","1540775190","0.472024"
"1540775190","2113382698","0.0666667"
"2113382698","1540775190","0.0666667"
"1547859494","1604261361","0.0666667"
"1604261361","1547859494","0.0666667"
"1547859494","1606414104","0.191667"
"1606414104","1547859494","0.191667"
"1547859494","1861285428","0.302778"
"1861285428","1547859494","0.302778"
"1547859494","1868565853","1.17778"
"1868565853","1547859494","1.17778"
"1547859494","2034190321","0.177778"
"2034190321","1547859494","0.177778"
"1547859494","2034316451","0.302778"
"2034316451","1547859494","0.302778"
"1547859494","2109391720","0.316667"
"2109391720","1547859494","0.316667"
"1547859494","2113382698","0.177778"
"2113382698","1547859494","0.177778"
"1547859494","2124668571","0.302778"
"2124668571","1547859494","0.302778"
"1547859494","69098705","0.191667"
"69098705","1547859494","0.191667"
"1604261361","1606414104","0.0666667"
"1606414104","1604261361","0.0666667"
"1604261361","2034316451","0.0666667"
"2034316451","1604261361","0.0666667"
"1604261361","2113382698","0.316667"
"2113382698","1604261361","0.316667"
"1606414104","1861285428","0.129167"
"1861285428","1606414104","0.129167"
"1606414104","1868565853","0.129167"
"1868565853","1606414104","0.129167"
"1606414104","2034190321","0.129167"
"2034190321","1606414104","0.129167"
"1606414104","2034316451","1.29061"
"2034316451","1606414104","1.29061"
"1606414104","2109391720","0.834524"
"2109391720","1606414104","0.834524"
"1606414104","2113382698","0.0666667"
"2113382698","1606414104","0.0666667"
"1606414104","2124668571","0.629167"
"2124668571","1606414104","0.629167"
"1606414104","69098705","0.209524"
"69098705","1606414104","0.209524"
"1861285428","2034316451","0.240278"
"2034316451","1861285428","0.240278"
"1861285428","2113382698","0.427778"
"2113382698","1861285428","0.427778"
"1868565853","2034190321","0.240278"
"2034190321","1868565853","0.240278"
"1868565853","2034316451","0.240278"
"2034316451","1868565853","0.240278"
"1868565853","2113382698","0.177778"
"2113382698","1868565853","0.177778"
"1868565853","2124668571","1.57361"
"2124668571","1868565853","1.57361"
"1868565853","69098705","0.4"
"69098705","1868565853","0.4"
"2034190321","2034316451","0.240278"
"2034316451","2034190321","0.240278"
"2034190321","2113382698","0.177778"
"2113382698","2034190321","0.177778"
"2034316451","2109391720","0.534524"
"2109391720","2034316451","0.534524"
"2034316451","2113382698","0.511111"
"2113382698","2034316451","0.511111"
"2034316451","2124668571","0.240278"
"2124668571","2034316451","0.240278"
"2034316451","69098705","0.209524"
"69098705","2034316451","0.209524"
"2109391720","2113382698","0.316667"
"2113382698","2109391720","0.316667"
"2113382698","2124668571","0.177778"
"2124668571","2113382698","0.177778"
"2113382698","69098705","0.0666667"
"69098705","2113382698","0.0666667"
"123820288","1592516023","0.0625"
"1592516023","123820288","0.0625"
"123820288","1813721848","0.1875"
"1813721848","123820288","0.1875"
"123820288","2061921926","0.1875"
"2061921926","123820288","0.1875"
"123820288","2077758069","0.0625"
"2077758069","123820288","0.0625"
"123820288","2116739351","0.0625"
"2116739351","123820288","0.0625"
"123820288","2792247140","0.0625"
"2792247140","123820288","0.0625"
"1510294241","1592516023","0.80728"
"1592516023","1510294241","0.80728"
"1510294241","1813721848","0.1875"
"1813721848","1510294241","0.1875"
"1510294241","2061921926","0.1875"
"2061921926","1510294241","0.1875"
"1510294241","2077758069","0.0625"
"2077758069","1510294241","0.0625"
"1510294241","2103248241","1.05728"
"2103248241","1510294241","1.05728"
"1510294241","2116739351","0.0625"
"2116739351","1510294241","0.0625"
"1510294241","2792247140","0.0625"
"2792247140","1510294241","0.0625"
"1514927313","1592516023","0.0625"
"1592516023","1514927313","0.0625"
"1514927313","1813721848","0.0625"
"1813721848","1514927313","0.0625"
"1514927313","2061921926","0.0625"
"2061921926","1514927313","0.0625"
"1514927313","2077758069","0.229167"
"2077758069","1514927313","0.229167"
"1514927313","2103248241","0.0625"
"2103248241","1514927313","0.0625"
"1514927313","2116739351","0.229167"
"2116739351","1514927313","0.229167"
"1514927313","2792247140","0.0625"
"2792247140","1514927313","0.0625"
"1540775190","1592516023","0.405357"
"1592516023","1540775190","0.405357"
"1540775190","1813721848","2.52083"
"1813721848","1540775190","2.52083"
"1540775190","2061921926","0.520833"
"2061921926","1540775190","0.520833"
"1540775190","2077758069","0.229167"
"2077758069","1540775190","0.229167"
"1540775190","2103248241","0.405357"
"2103248241","1540775190","0.405357"
"1540775190","2116739351","0.229167"
"2116739351","1540775190","0.229167"
"1540775190","2792247140","0.0625"
"2792247140","1540775190","0.0625"
"1592516023","1606414104","2.27395"
"1606414104","1592516023","2.27395"
"1592516023","1813721848","0.1875"
"1813721848","1592516023","0.1875"
"1592516023","1861285428","0.173611"
"1861285428","1592516023","0.173611"
"1592516023","1868565853","0.173611"
"1868565853","1592516023","0.173611"
"1592516023","2034190321","0.173611"
"2034190321","1592516023","0.173611"
"1592516023","2034316451","1.08506"
"2034316451","1592516023","1.08506"
"1592516023","2061921926","0.1875"
"2061921926","1592516023","0.1875"
"1592516023","2077758069","0.229167"
"2077758069","1592516023","0.229167"
"1592516023","2103248241","1.08506"
"2103248241","1592516023","1.08506"
"1592516023","2116739351","0.229167"
"2116739351","1592516023","0.229167"
"1592516023","2124668571","0.173611"
"2124668571","1592516023","0.173611"
"1592516023","2792247140","0.0625"
"2792247140","1592516023","0.0625"
"1606414104","1813721848","0.3875"
"1813721848","1606414104","0.3875"
"1606414104","2061921926","0.1875"
"2061921926","1606414104","0.1875"
"1606414104","2077758069","0.429167"
"2077758069","1606414104","0.429167"
"1606414104","2103248241","1.22395"
"2103248241","1606414104","1.22395"
"1606414104","2116739351","0.429167"
"2116739351","1606414104","0.429167"
"1606414104","2792247140","0.0625"
"2792247140","1606414104","0.0625"
"1813721848","1868565853","0.0625"
"1868565853","1813721848","0.0625"
"1813721848","2034190321","0.0625"
"2034190321","1813721848","0.0625"
"1813721848","2034316451","0.3875"
"2034316451","1813721848","0.3875"
"1813721848","2061921926","1.64583"
"2061921926","1813721848","1.64583"
"1813721848","2077758069","0.2625"
"2077758069","1813721848","0.2625"
"1813721848","2103248241","0.3875"
"2103248241","1813721848","0.3875"
"1813721848","2116739351","0.2625"
"2116739351","1813721848","0.2625"
"1813721848","2124668571","0.1875"
"2124668571","1813721848","0.1875"
"1813721848","2792247140","0.0625"
"2792247140","1813721848","0.0625"
"1861285428","2061921926","0.1875"
"2061921926","1861285428","0.1875"
"1861285428","2077758069","0.229167"
"2077758069","1861285428","0.229167"
"1861285428","2103248241","0.173611"
"2103248241","1861285428","0.173611"
"1861285428","2116739351","0.229167"
"2116739351","1861285428","0.229167"
"1861285428","2792247140","0.0625"
"2792247140","1861285428","0.0625"
"1868565853","2061921926","0.0625"
"2061921926","1868565853","0.0625"
"1868565853","2077758069","0.0625"
"2077758069","1868565853","0.0625"
"1868565853","2103248241","0.173611"
"2103248241","1868565853","0.173611"
"1868565853","2116739351","0.0625"
"2116739351","1868565853","0.0625"
"1868565853","2792247140","0.0625"
"2792247140","1868565853","0.0625"
"2034190321","2061921926","0.0625"
"2061921926","2034190321","0.0625"
"2034190321","2077758069","0.0625"
"2077758069","2034190321","0.0625"
"2034190321","2103248241","0.173611"
"2103248241","2034190321","0.173611"
"2034190321","2116739351","0.0625"
"2116739351","2034190321","0.0625"
"2034190321","2792247140","0.0625"
"2792247140","2034190321","0.0625"
"2034316451","2061921926","0.6875"
"2061921926","2034316451","0.6875"
"2034316451","2077758069","0.929167"
"2077758069","2034316451","0.929167"
"2034316451","2116739351","0.929167"
"2116739351","2034316451","0.929167"
"2034316451","2792247140","0.3125"
"2792247140","2034316451","0.3125"
"2061921926","2077758069","0.0625"
"2077758069","2061921926","0.0625"
"2061921926","2103248241","0.6875"
"2103248241","2061921926","0.6875"
"2061921926","2116739351","0.0625"
"2116739351","2061921926","0.0625"
"2061921926","2124668571","0.1875"
"2124668571","2061921926","0.1875"
"2061921926","2792247140","0.0625"
"2792247140","2061921926","0.0625"
"2077758069","2103248241","0.929167"
"2103248241","2077758069","0.929167"
"2077758069","2116739351","6.59583"
"2116739351","2077758069","6.59583"
"2077758069","2124668571","0.0625"
"2124668571","2077758069","0.0625"
"2077758069","2792247140","0.0625"
"2792247140","2077758069","0.0625"
"2103248241","2116739351","0.929167"
"2116739351","2103248241","0.929167"
"2103248241","2124668571","0.173611"
"2124668571","2103248241","0.173611"
"2103248241","2792247140","0.3125"
"2792247140","2103248241","0.3125"
"2116739351","2124668571","0.0625"
"2124668571","2116739351","0.0625"
"2116739351","2792247140","0.0625"
"2792247140","2116739351","0.0625"
"2124668571","2792247140","0.0625"
"2792247140","2124668571","0.0625"
"1547859494","1813721848","0.25"
"1813721848","1547859494","0.25"
"1547859494","2061921926","0.25"
"2061921926","1547859494","0.25"
"1813721848","2109391720","0.75"
"2109391720","1813721848","0.75"
"1813721848","69098705","0.458333"
"69098705","1813721848","0.458333"
"2061921926","2109391720","0.25"
"2109391720","2061921926","0.25"
"2061921926","69098705","0.458333"
"69098705","2061921926","0.458333"
"1438427759","182374222","1.08333"
"182374222","1438427759","1.08333"
"1438427759","2120459046","1.5"
"2120459046","1438427759","1.5"
"182374222","2120459046","0.95"
"2120459046","182374222","0.95"
"1438427759","1515714464","0.125"
"1515714464","1438427759","0.125"
"1438427759","1669748495","0.125"
"1669748495","1438427759","0.125"
"1438427759","2034316451","0.125"
"2034316451","1438427759","0.125"
"1438427759","2045132416","0.125"
"2045132416","1438427759","0.125"
"1438427759","2100824957","0.125"
"2100824957","1438427759","0.125"
"1438427759","2100908615","0.125"
"2100908615","1438427759","0.125"
"1438427759","2103248241","0.125"
"2103248241","1438427759","0.125"
"1438427759","2161650346","0.125"
"2161650346","1438427759","0.125"
"1515714464","1669748495","0.201923"
"1669748495","1515714464","0.201923"
"1515714464","2034316451","1.45192"
"2034316451","1515714464","1.45192"
"1515714464","2045132416","0.201923"
"2045132416","1515714464","0.201923"
"1515714464","2100824957","0.125"
"2100824957","1515714464","0.125"
"1515714464","2100908615","0.125"
"2100908615","1515714464","0.125"
"1515714464","2103248241","0.451923"
"2103248241","1515714464","0.451923"
"1515714464","2161650346","0.375"
"2161650346","1515714464","0.375"
"1669748495","2034316451","0.201923"
"2034316451","1669748495","0.201923"
"1669748495","2100824957","0.525"
"2100824957","1669748495","0.525"
"1669748495","2100908615","0.525"
"2100908615","1669748495","0.525"
"1669748495","2103248241","0.201923"
"2103248241","1669748495","0.201923"
"2034316451","2045132416","0.36859"
"2045132416","2034316451","0.36859"
"2034316451","2100824957","0.125"
"2100824957","2034316451","0.125"
"2034316451","2100908615","0.125"
"2100908615","2034316451","0.125"
"2034316451","2161650346","0.875"
"2161650346","2034316451","0.875"
"2045132416","2100824957","1.69167"
"2100824957","2045132416","1.69167"
"2045132416","2100908615","1.69167"
"2100908615","2045132416","1.69167"
"2045132416","2103248241","0.36859"
"2103248241","2045132416","0.36859"
"2100824957","2100908615","7.19167"
"2100908615","2100824957","7.19167"
"2100824957","2103248241","0.125"
"2103248241","2100824957","0.125"
"2100824957","2161650346","0.525"
"2161650346","2100824957","0.525"
"2100908615","2103248241","0.125"
"2103248241","2100908615","0.125"
"2100908615","2161650346","0.525"
"2161650346","2100908615","0.525"
"2103248241","2161650346","0.875"
"2161650346","2103248241","0.875"
"1438427759","1538574616","0.583333"
"1538574616","1438427759","0.583333"
"1438427759","1986716045","0.583333"
"1986716045","1438427759","0.583333"
"1538574616","182374222","1.95"
"182374222","1538574616","1.95"
"1538574616","1986716045","12.2"
"1986716045","1538574616","12.2"
"182374222","1986716045","2.2"
"1986716045","182374222","2.2"
"1438427759","2079401019","0.25"
"2079401019","1438427759","0.25"
"1538574616","2079401019","1.91667"
"2079401019","1538574616","1.91667"
"182374222","2079401019","2.02778"
"2079401019","182374222","2.02778"
"1986716045","2079401019","1.91667"
"2079401019","1986716045","1.91667"
"1487987374","1592516023","1.36667"
"1592516023","1487987374","1.36667"
"1487987374","2077758069","0.666667"
"2077758069","1487987374","0.666667"
"1487987374","2103248241","1.45"
"2103248241","1487987374","1.45"
"1487987374","2116739351","0.666667"
"2116739351","1487987374","0.666667"
"2103248241","2113382698","0.444444"
"2113382698","2103248241","0.444444"
"1592516023","2109391720","0.467857"
"2109391720","1592516023","0.467857"
"2103248241","2109391720","0.467857"
"2109391720","2103248241","0.467857"
"1547859494","1592516023","0.236111"
"1592516023","1547859494","0.236111"
"1547859494","2103248241","0.236111"
"2103248241","1547859494","0.236111"
"1510294241","1575440140","0.326923"
"1575440140","1510294241","0.326923"
"1510294241","2045132416","0.326923"
"2045132416","1510294241","0.326923"
"1510294241","2120459046","0.326923"
"2120459046","1510294241","0.326923"
"1510294241","2161650346","0.25"
"2161650346","1510294241","0.25"
"1575440140","2120459046","7.69359"
"2120459046","1575440140","7.69359"
"2045132416","2120459046","0.576923"
"2120459046","2045132416","0.576923"
"2120459046","2161650346","0.833333"
"2161650346","2120459046","0.833333"
"1592516023","69098705","0.142857"
"69098705","1592516023","0.142857"
"2103248241","69098705","0.142857"
"69098705","2103248241","0.142857"
"1510294241","1515714464","0.0769231"
"1515714464","1510294241","0.0769231"
"1510294241","1669748495","0.0769231"
"1669748495","1510294241","0.0769231"
"1510294241","2037220508","0.0769231"
"2037220508","1510294241","0.0769231"
"1510294241","2099516225","0.0769231"
"2099516225","1510294241","0.0769231"
"1510294241","2395829007","0.0769231"
"2395829007","1510294241","0.0769231"
"1510294241","2770799760","0.0769231"
"2770799760","1510294241","0.0769231"
"1515714464","1575440140","0.0769231"
"1575440140","1515714464","0.0769231"
"1515714464","1592516023","0.0769231"
"1592516023","1515714464","0.0769231"
"1515714464","1606414104","0.0769231"
"1606414104","1515714464","0.0769231"
"1515714464","2037220508","1.82692"
"2037220508","1515714464","1.82692"
"1515714464","2099516225","0.0769231"
"2099516225","1515714464","0.0769231"
"1515714464","2120459046","0.0769231"
"2120459046","1515714464","0.0769231"
"1515714464","2395829007","4.57692"
"2395829007","1515714464","4.57692"
"1515714464","2770799760","0.0769231"
"2770799760","1515714464","0.0769231"
"1575440140","1592516023","0.0769231"
"1592516023","1575440140","0.0769231"
"1575440140","1606414104","0.0769231"
"1606414104","1575440140","0.0769231"
"1575440140","2034316451","0.0769231"
"2034316451","1575440140","0.0769231"
"1575440140","2037220508","0.0769231"
"2037220508","1575440140","0.0769231"
"1575440140","2103248241","0.0769231"
"2103248241","1575440140","0.0769231"
"1575440140","2395829007","0.0769231"
"2395829007","1575440140","0.0769231"
"1575440140","2770799760","0.0769231"
"2770799760","1575440140","0.0769231"
"1592516023","1669748495","0.0769231"
"1669748495","1592516023","0.0769231"
"1592516023","2037220508","0.0769231"
"2037220508","1592516023","0.0769231"
"1592516023","2045132416","0.0769231"
"2045132416","1592516023","0.0769231"
"1592516023","2099516225","0.0769231"
"2099516225","1592516023","0.0769231"
"1592516023","2120459046","0.0769231"
"2120459046","1592516023","0.0769231"
"1592516023","2395829007","0.0769231"
"2395829007","1592516023","0.0769231"
"1592516023","2770799760","0.0769231"
"2770799760","1592516023","0.0769231"
"1606414104","1669748495","0.0769231"
"1669748495","1606414104","0.0769231"
"1606414104","2037220508","0.0769231"
"2037220508","1606414104","0.0769231"
"1606414104","2045132416","0.0769231"
"2045132416","1606414104","0.0769231"
"1606414104","2099516225","0.0769231"
"2099516225","1606414104","0.0769231"
"1606414104","2120459046","0.0769231"
"2120459046","1606414104","0.0769231"
"1606414104","2395829007","0.0769231"
"2395829007","1606414104","0.0769231"
"1606414104","2770799760","0.0769231"
"2770799760","1606414104","0.0769231"
"1669748495","2037220508","0.0769231"
"2037220508","1669748495","0.0769231"
"1669748495","2120459046","0.0769231"
"2120459046","1669748495","0.0769231"
"1669748495","2395829007","0.0769231"
"2395829007","1669748495","0.0769231"
"1669748495","2770799760","0.0769231"
"2770799760","1669748495","0.0769231"
"2034316451","2037220508","0.410256"
"2037220508","2034316451","0.410256"
"2034316451","2099516225","0.0769231"
"2099516225","2034316451","0.0769231"
"2034316451","2120459046","0.0769231"
"2120459046","2034316451","0.0769231"
"2034316451","2395829007","0.326923"
"2395829007","2034316451","0.326923"
"2034316451","2770799760","0.410256"
"2770799760","2034316451","0.410256"
"2037220508","2045132416","0.0769231"
"2045132416","2037220508","0.0769231"
"2037220508","2099516225","0.0769231"
"2099516225","2037220508","0.0769231"
"2037220508","2103248241","0.410256"
"2103248241","2037220508","0.410256"
"2037220508","2120459046","0.0769231"
"2120459046","2037220508","0.0769231"
"2037220508","2395829007","1.82692"
"2395829007","2037220508","1.82692"
"2037220508","2770799760","4.24359"
"2770799760","2037220508","4.24359"
"2045132416","2395829007","0.0769231"
"2395829007","2045132416","0.0769231"
"2045132416","2770799760","0.438034"
"2770799760","2045132416","0.438034"
"2099516225","2103248241","0.0769231"
"2103248241","2099516225","0.0769231"
"2099516225","2120459046","0.776923"
"2120459046","2099516225","0.776923"
"2099516225","2395829007","0.0769231"
"2395829007","2099516225","0.0769231"
"2099516225","2770799760","0.0769231"
"2770799760","2099516225","0.0769231"
"2103248241","2120459046","0.0769231"
"2120459046","2103248241","0.0769231"
"2103248241","2395829007","0.326923"
"2395829007","2103248241","0.326923"
"2103248241","2770799760","0.410256"
"2770799760","2103248241","0.410256"
"2120459046","2395829007","0.0769231"
"2395829007","2120459046","0.0769231"
"2120459046","2770799760","0.0769231"
"2770799760","2120459046","0.0769231"
"2395829007","2770799760","0.0769231"
"2770799760","2395829007","0.0769231"
"1604261361","2077758069","0.166667"
"2077758069","1604261361","0.166667"
"1604261361","2116739351","0.166667"
"2116739351","1604261361","0.166667"
"2077758069","2109391720","0.166667"
"2109391720","2077758069","0.166667"
"2109391720","2116739351","0.166667"
"2116739351","2109391720","0.166667"
"1515714464","2059379675","1.75"
"2059379675","1515714464","1.75"
"2059379675","2395829007","0.75"
"2395829007","2059379675","0.75"
"1515714464","2784746666","0.25"
"2784746666","1515714464","0.25"
"2037220508","2059379675","0.25"
"2059379675","2037220508","0.25"
"2037220508","2784746666","0.25"
"2784746666","2037220508","0.25"
"2059379675","2784746666","0.25"
"2784746666","2059379675","0.25"
"2395829007","2784746666","0.25"
"2784746666","2395829007","0.25"
"2161650346","2395829007","0.25"
"2395829007","2161650346","0.25"
"1967767081","2733985360","0.166667"
"2733985360","1967767081","0.166667"
"1530619695","2224196937","0.333333"
"2224196937","1530619695","0.333333"
"2043017295","2224196937","1.44444"
"2224196937","2043017295","1.44444"
"2168743581","2224196937","0.333333"
"2224196937","2168743581","0.333333"
"1530619695","2113382698","0.2"
"2113382698","1530619695","0.2"
"1967767081","2113382698","0.2"
"2113382698","1967767081","0.2"
"2066942924","2113382698","0.2"
"2113382698","2066942924","0.2"
"2070767329","2113382698","0.2"
"2113382698","2070767329","0.2"
"2113382698","2168743581","0.2"
"2168743581","2113382698","0.2"
"1530619695","1669748495","0.25"
"1669748495","1530619695","0.25"
"1669748495","1986734940","0.25"
"1986734940","1669748495","0.25"
"1669748495","2168743581","0.25"
"2168743581","1669748495","0.25"
"1669748495","2733985360","0.25"
"2733985360","1669748495","0.25"
"1530619695","2037220508","0.5"
"2037220508","1530619695","0.5"
"1530619695","2770799760","0.5"
"2770799760","1530619695","0.5"
"2089654465","2733985360","0.561111"
"2733985360","2089654465","0.561111"
"2121723481","2733985360","0.561111"
"2733985360","2121723481","0.561111"
"1538574616","1575440140","3.61667"
"1575440140","1538574616","3.61667"
"1538574616","2099516225","0.783333"
"2099516225","1538574616","0.783333"
"1575440140","1986716045","4.86667"
"1986716045","1575440140","4.86667"
"1986716045","2099516225","1.03333"
"2099516225","1986716045","1.03333"
"1538574616","2045132416","0.833333"
"2045132416","1538574616","0.833333"
"1538574616","2161650346","0.333333"
"2161650346","1538574616","0.333333"
"1986716045","2045132416","0.833333"
"2045132416","1986716045","0.833333"
"1986716045","2161650346","0.333333"
"2161650346","1986716045","0.333333"
"1538574616","2120459046","0.783333"
"2120459046","1538574616","0.783333"
"1986716045","2120459046","2.03333"
"2120459046","1986716045","2.03333"
"1575440140","182374222","0.45"
"182374222","1575440140","0.45"
"182374222","2099516225","0.45"
"2099516225","182374222","0.45"
"1538574616","1547859494","0.25"
"1547859494","1538574616","0.25"
"1538574616","2089654465","0.25"
"2089654465","1538574616","0.25"
"1547859494","1575440140","1.58333"
"1575440140","1547859494","1.58333"
"1547859494","1986716045","0.25"
"1986716045","1547859494","0.25"
"1547859494","2089654465","0.25"
"2089654465","1547859494","0.25"
"1575440140","2089654465","0.25"
"2089654465","1575440140","0.25"
"1986716045","2089654465","0.25"
"2089654465","1986716045","0.25"
"1538574616","2147270422","0.5"
"2147270422","1538574616","0.5"
"1986716045","2147270422","0.5"
"2147270422","1986716045","0.5"
"1547859494","2117198226","0.111111"
"2117198226","1547859494","0.111111"
"1592516023","2113382698","0.111111"
"2113382698","1592516023","0.111111"
"1592516023","2117198226","0.111111"
"2117198226","1592516023","0.111111"
"2034316451","2117198226","0.111111"
"2117198226","2034316451","0.111111"
"2103248241","2117198226","0.111111"
"2117198226","2103248241","0.111111"
"2113382698","2117198226","0.111111"
"2117198226","2113382698","0.111111"
"1547859494","1967767081","0.333333"
"1967767081","1547859494","0.333333"
"1547859494","2037220508","0.333333"
"2037220508","1547859494","0.333333"
"1547859494","2770799760","0.333333"
"2770799760","1547859494","0.333333"
"1967767081","2037220508","0.333333"
"2037220508","1967767081","0.333333"
"1967767081","2770799760","0.333333"
"2770799760","1967767081","0.333333"
"1547859494","2045132416","0.333333"
"2045132416","1547859494","0.333333"
"1547859494","2099516225","0.333333"
"2099516225","1547859494","0.333333"
"1575440140","2062715441","1.03333"
"2062715441","1575440140","1.03333"
"2045132416","2062715441","1.43333"
"2062715441","2045132416","1.43333"
"2062715441","2120459046","0.333333"
"2120459046","2062715441","0.333333"
"2062715441","2161650346","3.85"
"2161650346","2062715441","3.85"
"1575440140","2147270422","0.5"
"2147270422","1575440140","0.5"
"2099516225","2147270422","0.5"
"2147270422","2099516225","0.5"
"1575440140","2154665814","0.2"
"2154665814","1575440140","0.2"
"2045132416","2154665814","0.2"
"2154665814","2045132416","0.2"
"2062715441","2099516225","0.2"
"2099516225","2062715441","0.2"
"2062715441","2154665814","0.2"
"2154665814","2062715441","0.2"
"2099516225","2154665814","0.45"
"2154665814","2099516225","0.45"
"2154665814","2161650346","0.45"
"2161650346","2154665814","0.45"
"1575440140","1986359160","0.142857"
"1986359160","1575440140","0.142857"
"1575440140","2059379675","0.142857"
"2059379675","1575440140","0.142857"
"1575440140","2079401019","0.142857"
"2079401019","1575440140","0.142857"
"1575440140","2147433584","0.142857"
"2147433584","1575440140","0.142857"
"1575440140","2183428698","0.142857"
"2183428698","1575440140","0.142857"
"1575440140","2476848343","0.142857"
"2476848343","1575440140","0.142857"
"1986359160","2059379675","0.142857"
"2059379675","1986359160","0.142857"
"1986359160","2079401019","0.142857"
"2079401019","1986359160","0.142857"
"1986359160","2147433584","1.55952"
"2147433584","1986359160","1.55952"
"1986359160","2183428698","0.392857"
"2183428698","1986359160","0.392857"
"1986359160","2224196937","0.142857"
"2224196937","1986359160","0.142857"
"1986359160","2476848343","0.392857"
"2476848343","1986359160","0.392857"
"2059379675","2079401019","0.142857"
"2079401019","2059379675","0.142857"
"2059379675","2147433584","0.142857"
"2147433584","2059379675","0.142857"
"2059379675","2183428698","0.142857"
"2183428698","2059379675","0.142857"
"2059379675","2224196937","0.142857"
"2224196937","2059379675","0.142857"
"2059379675","2476848343","0.142857"
