"103762197","1532203495","1.46111"
"1532203495","103762197","1.46111"
"103762197","2110463868","0.983333"
"2110463868","103762197","0.983333"
"103762197","2126571539","2.18333"
"2126571539","103762197","2.18333"
"103762197","2161544833","2.79444"
"2161544833","103762197","2.79444"
"103762197","2477883450","1.51111"
"2477883450","103762197","1.51111"
"1532203495","2110463868","2.18333"
"2110463868","1532203495","2.18333"
"1532203495","2126571539","2.63333"
"2126571539","1532203495","2.63333"
"1532203495","2161544833","1.29444"
"2161544833","1532203495","1.29444"
"1532203495","2477883450","2.54444"
"2477883450","1532203495","2.54444"
"2110463868","2126571539","0.933333"
"2126571539","2110463868","0.933333"
"2110463868","2161544833","0.816667"
"2161544833","2110463868","0.816667"
"2110463868","2477883450","0.733333"
"2477883450","2110463868","0.733333"
"2126571539","2161544833","0.766667"
"2161544833","2126571539","0.766667"
"2126571539","2477883450","2.55"
"2477883450","2126571539","2.55"
"2161544833","2477883450","2.84444"
"2477883450","2161544833","2.84444"
"103762197","2136920297","0.35"
"2136920297","103762197","0.35"
"103762197","2482623757","0.1"
"2482623757","103762197","0.1"
"103762197","2484909454","0.333333"
"2484909454","103762197","0.333333"
"103762197","2488097336","0.166667"
"2488097336","103762197","0.166667"
"103762197","82871476","0.861111"
"82871476","103762197","0.861111"
"1532203495","2136920297","0.1"
"2136920297","1532203495","0.1"
"1532203495","2482623757","0.1"
"2482623757","1532203495","0.1"
"1532203495","2484909454","0.833333"
"2484909454","1532203495","0.833333"
"1532203495","2488097336","0.166667"
"2488097336","1532203495","0.166667"
"1532203495","82871476","0.811111"
"82871476","1532203495","0.811111"
"2110463868","2136920297","0.1"
"2136920297","2110463868","0.1"
"2110463868","2482623757","0.1"
"2482623757","2110463868","0.1"
"2110463868","2484909454","0.333333"
"2484909454","2110463868","0.333333"
"2110463868","2488097336","0.166667"
"2488097336","2110463868","0.166667"
"2110463868","82871476","0.533333"
"82871476","2110463868","0.533333"
"2126571539","2136920297","2.36111"
"2136920297","2126571539","2.36111"
"2126571539","2482623757","0.6"
"2482623757","2126571539","0.6"
"2126571539","2484909454","3.84444"
"2484909454","2126571539","3.84444"
"2126571539","2488097336","2.39444"
"2488097336","2126571539","2.39444"
"2126571539","82871476","1.78333"
"82871476","2126571539","1.78333"
"2136920297","2161544833","0.1"
"2161544833","2136920297","0.1"
"2136920297","2477883450","0.833333"
"2477883450","2136920297","0.833333"
"2136920297","2482623757","2.3047"
"2482623757","2136920297","2.3047"
"2136920297","2484909454","5.44359"
"2484909454","2136920297","5.44359"
"2136920297","2488097336","2.23486"
"2488097336","2136920297","2.23486"
"2136920297","82871476","0.35"
"82871476","2136920297","0.35"
"2161544833","2482623757","0.35"
"2482623757","2161544833","0.35"
"2161544833","2484909454","0.166667"
"2484909454","2161544833","0.166667"
"2161544833","2488097336","0.166667"
"2488097336","2161544833","0.166667"
"2161544833","82871476","0.944444"
"82871476","2161544833","0.944444"
"2477883450","2482623757","0.3"
"2482623757","2477883450","0.3"
"2477883450","2484909454","3.93333"
"2484909454","2477883450","3.93333"
"2477883450","2488097336","14.65"
"2488097336","2477883450","14.65"
"2477883450","82871476","1.56111"
"82871476","2477883450","1.56111"
"2482623757","2484909454","1.43803"
"2484909454","2482623757","1.43803"
"2482623757","2488097336","1.01026"
"2488097336","2482623757","1.01026"
"2482623757","82871476","0.1"
"82871476","2482623757","0.1"
"2484909454","2488097336","2.64915"
"2488097336","2484909454","2.64915"
"2484909454","82871476","0.333333"
"82871476","2484909454","0.333333"
"2488097336","82871476","0.166667"
"82871476","2488097336","0.166667"
"103762197","1485160328","0.0666667"
"1485160328","103762197","0.0666667"
"103762197","1526283197","0.344444"
"1526283197","103762197","0.344444"
"103762197","1977478263","0.0666667"
"1977478263","103762197","0.0666667"
"103762197","2005064117","0.266667"
"2005064117","103762197","0.266667"
"103762197","2116219757","0.177778"
"2116219757","103762197","0.177778"
"103762197","2127151955","0.0666667"
"2127151955","103762197","0.0666667"
"103762197","2158963761","0.627778"
"2158963761","103762197","0.627778"
"1485160328","1526283197","0.166667"
"1526283197","1485160328","0.166667"
"1485160328","1532203495","0.0666667"
"1532203495","1485160328","0.0666667"
"1485160328","1977478263","0.0666667"
"1977478263","1485160328","0.0666667"
"1485160328","2005064117","0.0666667"
"2005064117","1485160328","0.0666667"
"1485160328","2110463868","0.0666667"
"2110463868","1485160328","0.0666667"
"1485160328","2116219757","0.0666667"
"2116219757","1485160328","0.0666667"
"1485160328","2126571539","1.16667"
"2126571539","1485160328","1.16667"
"1485160328","2127151955","0.0666667"
"2127151955","1485160328","0.0666667"
"1485160328","2158963761","1.06667"
"2158963761","1485160328","1.06667"
"1485160328","2161544833","1.06667"
"2161544833","1485160328","1.06667"
"1485160328","2477883450","0.0666667"
"2477883450","1485160328","0.0666667"
"1485160328","2484909454","0.511111"
"2484909454","1485160328","0.511111"
"1485160328","2488097336","1.16667"
"2488097336","1485160328","1.16667"
"1485160328","82871476","0.0666667"
"82871476","1485160328","0.0666667"
"1526283197","1532203495","0.844444"
"1532203495","1526283197","0.844444"
"1526283197","1977478263","0.0666667"
"1977478263","1526283197","0.0666667"
"1526283197","2005064117","1.06667"
"2005064117","1526283197","1.06667"
"1526283197","2110463868","0.0666667"
"2110463868","1526283197","0.0666667"
"1526283197","2116219757","0.677778"
"2116219757","1526283197","0.677778"
"1526283197","2126571539","0.166667"
"2126571539","1526283197","0.166667"
"1526283197","2127151955","0.65"
"2127151955","1526283197","0.65"
"1526283197","2158963761","0.288889"
"2158963761","1526283197","0.288889"
"1526283197","2161544833","0.594444"
"2161544833","1526283197","0.594444"
"1526283197","2477883450","2.24444"
"2477883450","1526283197","2.24444"
"1526283197","2484909454","0.777778"
"2484909454","1526283197","0.777778"
"1526283197","2488097336","1.12063"
"2488097336","1526283197","1.12063"
"1526283197","82871476","0.344444"
"82871476","1526283197","0.344444"
"1532203495","1977478263","0.0666667"
"1977478263","1532203495","0.0666667"
"1532203495","2005064117","0.266667"
"2005064117","1532203495","0.266667"
"1532203495","2116219757","0.677778"
"2116219757","1532203495","0.677778"
"1532203495","2127151955","1.1"
"2127151955","1532203495","1.1"
"1532203495","2158963761","0.627778"
"2158963761","1532203495","0.627778"
"1977478263","2005064117","0.0666667"
"2005064117","1977478263","0.0666667"
"1977478263","2110463868","0.0666667"
"2110463868","1977478263","0.0666667"
"1977478263","2116219757","1.56667"
"2116219757","1977478263","1.56667"
"1977478263","2126571539","0.0666667"
"2126571539","1977478263","0.0666667"
"1977478263","2127151955","0.0666667"
"2127151955","1977478263","0.0666667"
"1977478263","2158963761","0.0666667"
"2158963761","1977478263","0.0666667"
"1977478263","2161544833","0.0666667"
"2161544833","1977478263","0.0666667"
"1977478263","2477883450","0.0666667"
"2477883450","1977478263","0.0666667"
"1977478263","2484909454","0.0666667"
"2484909454","1977478263","0.0666667"
"1977478263","2488097336","0.0666667"
"2488097336","1977478263","0.0666667"
"1977478263","82871476","0.0666667"
"82871476","1977478263","0.0666667"
"2005064117","2110463868","0.266667"
"2110463868","2005064117","0.266667"
"2005064117","2116219757","0.0666667"
"2116219757","2005064117","0.0666667"
"2005064117","2126571539","0.433333"
"2126571539","2005064117","0.433333"
"2005064117","2127151955","0.14359"
"2127151955","2005064117","0.14359"
"2005064117","2158963761","0.14359"
"2158963761","2005064117","0.14359"
"2005064117","2161544833","0.266667"
"2161544833","2005064117","0.266667"
"2005064117","2477883450","0.816667"
"2477883450","2005064117","0.816667"
"2005064117","2484909454","0.310256"
"2484909454","2005064117","0.310256"
"2005064117","2488097336","0.810256"
"2488097336","2005064117","0.810256"
"2005064117","82871476","0.316667"
"82871476","2005064117","0.316667"
"2110463868","2116219757","0.0666667"
"2116219757","2110463868","0.0666667"
"2110463868","2127151955","0.266667"
"2127151955","2110463868","0.266667"
"2110463868","2158963761","0.316667"
"2158963761","2110463868","0.316667"
"2116219757","2126571539","0.177778"
"2126571539","2116219757","0.177778"
"2116219757","2127151955","0.0666667"
"2127151955","2116219757","0.0666667"
"2116219757","2158963761","0.177778"
"2158963761","2116219757","0.177778"
"2116219757","2161544833","0.177778"
"2161544833","2116219757","0.177778"
"2116219757","2477883450","0.177778"
"2477883450","2116219757","0.177778"
"2116219757","2484909454","0.344444"
"2484909454","2116219757","0.344444"
"2116219757","2488097336","0.594444"
"2488097336","2116219757","0.594444"
"2116219757","82871476","0.177778"
"82871476","2116219757","0.177778"
"2126571539","2127151955","0.266667"
"2127151955","2126571539","0.266667"
"2126571539","2158963761","0.6"
"2158963761","2126571539","0.6"
"2127151955","2158963761","0.14359"
"2158963761","2127151955","0.14359"
"2127151955","2161544833","0.0666667"
"2161544833","2127151955","0.0666667"
"2127151955","2477883450","0.6"
"2477883450","2127151955","0.6"
"2127151955","2484909454","0.14359"
"2484909454","2127151955","0.14359"
"2127151955","2488097336","0.14359"
"2488097336","2127151955","0.14359"
"2127151955","82871476","0.266667"
"82871476","2127151955","0.266667"
"2158963761","2161544833","0.627778"
"2161544833","2158963761","0.627778"
"2158963761","2477883450","0.711111"
"2477883450","2158963761","0.711111"
"2158963761","2484909454","0.588034"
"2484909454","2158963761","0.588034"
"2158963761","2488097336","0.397558"
"2488097336","2158963761","0.397558"
"2158963761","82871476","0.177778"
"82871476","2158963761","0.177778"
"103762197","1554894413","0.361111"
"1554894413","103762197","0.361111"
"103762197","1984282459","0.111111"
"1984282459","103762197","0.111111"
"1526283197","1554894413","0.111111"
"1554894413","1526283197","0.111111"
"1526283197","1984282459","1.74444"
"1984282459","1526283197","1.74444"
"1532203495","1554894413","0.111111"
"1554894413","1532203495","0.111111"
"1532203495","1984282459","0.611111"
"1984282459","1532203495","0.611111"
"1554894413","1984282459","0.111111"
"1984282459","1554894413","0.111111"
"1554894413","2116219757","0.111111"
"2116219757","1554894413","0.111111"
"1554894413","2158963761","1.11111"
"2158963761","1554894413","1.11111"
"1554894413","2161544833","0.111111"
"2161544833","1554894413","0.111111"
"1554894413","2477883450","0.361111"
"2477883450","1554894413","0.361111"
"1554894413","82871476","0.611111"
"82871476","1554894413","0.611111"
"1984282459","2116219757","1.38889"
"2116219757","1984282459","1.38889"
"1984282459","2158963761","0.111111"
"2158963761","1984282459","0.111111"
"1984282459","2161544833","0.361111"
"2161544833","1984282459","0.361111"
"1984282459","2477883450","1.11111"
"2477883450","1984282459","1.11111"
"1984282459","82871476","0.111111"
"82871476","1984282459","0.111111"
"103762197","2011834755","0.166667"
"2011834755","103762197","0.166667"
"1526283197","2011834755","0.716667"
"2011834755","1526283197","0.716667"
"1532203495","2011834755","0.5"
"2011834755","1532203495","0.5"
"2011834755","2161544833","0.166667"
"2161544833","2011834755","0.166667"
"2011834755","2477883450","1.86667"
"2477883450","2011834755","1.86667"
"2011834755","82871476","0.166667"
"82871476","2011834755","0.166667"
"1554894413","2126571539","0.416667"
"2126571539","1554894413","0.416667"
"1554894413","2136920297","0.416667"
"2136920297","1554894413","0.416667"
"1485160328","1984282459","1.93333"
"1984282459","1485160328","1.93333"
"1485160328","1979547201","0.544444"
"1979547201","1485160328","0.544444"
"1485160328","1992344874","0.444444"
"1992344874","1485160328","0.444444"
"1979547201","1992344874","1.03175"
"1992344874","1979547201","1.03175"
"1979547201","2484909454","1.89359"
"2484909454","1979547201","1.89359"
"1992344874","2484909454","4.47222"
"2484909454","1992344874","4.47222"
"1485160328","2011834755","0.433333"
"2011834755","1485160328","0.433333"
"1485160328","2023932343","0.211111"
"2023932343","1485160328","0.211111"
"1485160328","2035832271","0.6"
"2035832271","1485160328","0.6"
"1485160328","2091518978","0.433333"
"2091518978","1485160328","0.433333"
"1485160328","2482623757","0.211111"
"2482623757","1485160328","0.211111"
"1526283197","1979547201","1.50397"
"1979547201","1526283197","1.50397"
"1526283197","2023932343","0.353968"
"2023932343","1526283197","0.353968"
"1526283197","2035832271","0.433333"
"2035832271","1526283197","0.433333"
"1526283197","2091518978","0.55"
"2091518978","1526283197","0.55"
"1526283197","2482623757","0.55"
"2482623757","1526283197","0.55"
"1979547201","1984282459","1.82778"
"1984282459","1979547201","1.82778"
"1979547201","2011834755","0.654701"
"2011834755","1979547201","0.654701"
"1979547201","2023932343","0.742002"
"2023932343","1979547201","0.742002"
"1979547201","2035832271","0.1"
"2035832271","1979547201","0.1"
"1979547201","2091518978","0.577778"
"2091518978","1979547201","0.577778"
"1979547201","2126571539","2.21111"
"2126571539","1979547201","2.21111"
"1979547201","2482623757","2.07137"
"2482623757","1979547201","2.07137"
"1979547201","2488097336","1.63486"
"2488097336","1979547201","1.63486"
"1984282459","2011834755","1.16111"
"2011834755","1984282459","1.16111"
"1984282459","2023932343","0.1"
"2023932343","1984282459","0.1"
"1984282459","2035832271","0.933333"
"2035832271","1984282459","0.933333"
"1984282459","2091518978","1.16111"
"2091518978","1984282459","1.16111"
"1984282459","2126571539","0.711111"
"2126571539","1984282459","0.711111"
"1984282459","2482623757","0.35"
"2482623757","1984282459","0.35"
"1984282459","2488097336","0.377778"
"2488097336","1984282459","0.377778"
"2011834755","2023932343","1.26026"
"2023932343","2011834755","1.26026"
"2011834755","2035832271","0.1"
"2035832271","2011834755","0.1"
"2011834755","2091518978","1.66111"
"2091518978","2011834755","1.66111"
"2011834755","2126571539","2.11111"
"2126571539","2011834755","2.11111"
"2011834755","2482623757","0.376923"
"2482623757","2011834755","0.376923"
"2011834755","2488097336","1.43803"
"2488097336","2011834755","1.43803"
"2023932343","2035832271","0.1"
"2035832271","2023932343","0.1"
"2023932343","2091518978","0.1"
"2091518978","2023932343","0.1"
"2023932343","2126571539","1.26667"
"2126571539","2023932343","1.26667"
"2023932343","2482623757","0.288034"
"2482623757","2023932343","0.288034"
"2023932343","2488097336","1.38089"
"2488097336","2023932343","1.38089"
"2035832271","2091518978","0.1"
"2091518978","2035832271","0.1"
"2035832271","2126571539","0.1"
"2126571539","2035832271","0.1"
"2035832271","2482623757","0.1"
"2482623757","2035832271","0.1"
"2035832271","2488097336","0.1"
"2488097336","2035832271","0.1"
"2091518978","2126571539","0.211111"
"2126571539","2091518978","0.211111"
"2091518978","2482623757","0.1"
"2482623757","2091518978","0.1"
"2091518978","2488097336","0.377778"
"2488097336","2091518978","0.377778"
"1485160328","1501377203","0.111111"
"1501377203","1485160328","0.111111"
"1485160328","1573279181","0.111111"
"1573279181","1485160328","0.111111"
"1485160328","2002065132","0.111111"
"2002065132","1485160328","0.111111"
"1485160328","2136920297","0.111111"
"2136920297","1485160328","0.111111"
"1501377203","1573279181","1.04127"
"1573279181","1501377203","1.04127"
"1501377203","1979547201","0.707937"
"1979547201","1501377203","0.707937"
"1501377203","1992344874","0.587302"
"1992344874","1501377203","0.587302"
"1501377203","2002065132","0.365079"
"2002065132","1501377203","0.365079"
"1501377203","2023932343","0.565079"
"2023932343","1501377203","0.565079"
"1501377203","2136920297","1.70794"
"2136920297","1501377203","1.70794"
"1501377203","2482623757","0.111111"
"2482623757","1501377203","0.111111"
"1501377203","2484909454","0.222222"
"2484909454","1501377203","0.222222"
"1573279181","1979547201","0.707937"
"1979547201","1573279181","0.707937"
"1573279181","1992344874","0.837302"
"1992344874","1573279181","0.837302"
"1573279181","2002065132","0.365079"
"2002065132","1573279181","0.365079"
"1573279181","2023932343","1.06508"
"2023932343","1573279181","1.06508"
"1573279181","2136920297","2.89127"
"2136920297","1573279181","2.89127"
"1573279181","2482623757","4.09444"
"2482623757","1573279181","4.09444"
"1573279181","2484909454","0.872222"
"2484909454","1573279181","0.872222"
"1979547201","2002065132","0.442002"
"2002065132","1979547201","0.442002"
"1979547201","2136920297","1.8793"
"2136920297","1979547201","1.8793"
"1992344874","2002065132","0.944444"
"2002065132","1992344874","0.944444"
"1992344874","2023932343","0.944444"
"2023932343","1992344874","0.944444"
"1992344874","2136920297","3.44841"
"2136920297","1992344874","3.44841"
"1992344874","2482623757","0.361111"
"2482623757","1992344874","0.361111"
"2002065132","2023932343","15.092"
"2023932343","2002065132","15.092"
"2002065132","2136920297","0.442002"
"2136920297","2002065132","0.442002"
"2002065132","2482623757","0.188034"
"2482623757","2002065132","0.188034"
"2002065132","2484909454","0.965812"
"2484909454","2002065132","0.965812"
"2023932343","2136920297","0.642002"
"2136920297","2023932343","0.642002"
"2023932343","2484909454","0.965812"
"2484909454","2023932343","0.965812"
"1501377203","2488097336","0.930159"
"2488097336","1501377203","0.930159"
"1573279181","2488097336","2.03016"
"2488097336","1573279181","2.03016"
"1992344874","2488097336","0.837302"
"2488097336","1992344874","0.837302"
"1501377203","1526283197","0.253968"
"1526283197","1501377203","0.253968"
"1526283197","1573279181","1.45397"
"1573279181","1526283197","1.45397"
"1526283197","2002065132","0.253968"
"2002065132","1526283197","0.253968"
"1526283197","2136920297","0.653968"
"2136920297","1526283197","0.653968"
"2002065132","2488097336","1.08089"
"2488097336","2002065132","1.08089"
"1501377203","2158963761","0.253968"
"2158963761","1501377203","0.253968"
"1573279181","2158963761","0.253968"
"2158963761","1573279181","0.253968"
"1979547201","2158963761","0.330891"
"2158963761","1979547201","0.330891"
"2002065132","2158963761","0.188034"
"2158963761","2002065132","0.188034"
"2023932343","2158963761","0.188034"
"2158963761","2023932343","0.188034"
"2136920297","2158963761","0.330891"
"2158963761","2136920297","0.330891"
"1501377203","2063676110","0.142857"
"2063676110","1501377203","0.142857"
"1573279181","2063676110","0.47619"
"2063676110","1573279181","0.47619"
"1979547201","2063676110","0.66978"
"2063676110","1979547201","0.66978"
"1992344874","2063676110","3.47619"
"2063676110","1992344874","3.47619"
"1992344874","2158963761","0.142857"
"2158963761","1992344874","0.142857"
"2063676110","2136920297","1.33645"
"2136920297","2063676110","1.33645"
"2063676110","2158963761","0.21978"
"2158963761","2063676110","0.21978"
"2063676110","2488097336","0.636447"
"2488097336","2063676110","0.636447"
"1503492529","1992344874","0.333333"
"1992344874","1503492529","0.333333"
"1503492529","2094222963","0.333333"
"2094222963","1503492529","0.333333"
"1503492529","2477883450","0.333333"
"2477883450","1503492529","0.333333"
"1992344874","2094222963","0.333333"
"2094222963","1992344874","0.333333"
"1992344874","2477883450","1.75"
"2477883450","1992344874","1.75"
"2094222963","2477883450","0.333333"
"2477883450","2094222963","0.333333"
"1506767144","1541763561","0.75"
"1541763561","1506767144","0.75"
"1506767144","2063944978","0.75"
"2063944978","1506767144","0.75"
"1506767144","2162222167","1.28333"
"2162222167","1506767144","1.28333"
"1541763561","2063944978","1.25"
"2063944978","1541763561","1.25"
"1541763561","2162222167","2.25"
"2162222167","1541763561","2.25"
"2063944978","2162222167","1.25"
"2162222167","2063944978","1.25"
"1506767144","1537958731","1.7"
"1537958731","1506767144","1.7"
"1506767144","2002065132","0.533333"
"2002065132","1506767144","0.533333"
"1506767144","2023932343","0.2"
"2023932343","1506767144","0.2"
"1506767144","2119084378","0.616667"
"2119084378","1506767144","0.616667"
"1537958731","2002065132","0.733333"
"2002065132","1537958731","0.733333"
"1537958731","2023932343","0.4"
"2023932343","1537958731","0.4"
"1537958731","2119084378","0.366667"
"2119084378","1537958731","0.366667"
"1537958731","2162222167","0.9"
"2162222167","1537958731","0.9"
"2002065132","2119084378","0.2"
"2119084378","2002065132","0.2"
"2002065132","2162222167","1.73333"
"2162222167","2002065132","1.73333"
"2023932343","2119084378","0.2"
"2119084378","2023932343","0.2"
"2023932343","2162222167","0.4"
"2162222167","2023932343","0.4"
"2119084378","2162222167","0.616667"
"2162222167","2119084378","0.616667"
"1541763561","2119084378","0.416667"
"2119084378","1541763561","0.416667"
"2063944978","2119084378","6.91667"
"2119084378","2063944978","6.91667"
"1506767144","2150056810","0.166667"
"2150056810","1506767144","0.166667"
"1537958731","1541763561","0.166667"
"1541763561","1537958731","0.166667"
"1537958731","2063944978","1.66667"
"2063944978","1537958731","1.66667"
"1537958731","2150056810","0.666667"
"2150056810","1537958731","0.666667"
"1541763561","2150056810","0.166667"
"2150056810","1541763561","0.166667"
"2063944978","2150056810","1.66667"
"2150056810","2063944978","1.66667"
"2119084378","2150056810","1.16667"
"2150056810","2119084378","1.16667"
"2150056810","2162222167","0.166667"
"2162222167","2150056810","0.166667"
"1984282459","2127151955","1.08333"
"2127151955","1984282459","1.08333"
"2011834755","2127151955","0.660256"
"2127151955","2011834755","0.660256"
"2091518978","2127151955","0.25"
"2127151955","2091518978","0.25"
"2035832271","2127151955","0.333333"
"2127151955","2035832271","0.333333"
"1984282459","2484909454","0.477778"
"2484909454","1984282459","0.477778"
"2011834755","2484909454","2.2547"
"2484909454","2011834755","2.2547"
"2091518978","2484909454","0.977778"
"2484909454","2091518978","0.977778"
"1573279181","2477883450","0.2"
"2477883450","1573279181","0.2"
"1979547201","2161544833","0.25"
"2161544833","1979547201","0.25"
"1979547201","2477883450","0.2"
"2477883450","1979547201","0.2"
"1537958731","1540437552","0.2"
"1540437552","1537958731","0.2"
"1537958731","2072193586","0.2"
"2072193586","1537958731","0.2"
"1540437552","2002065132","0.2"
"2002065132","1540437552","0.2"
"1540437552","2023932343","0.2"
"2023932343","1540437552","0.2"
"1540437552","2072193586","4.7"
"2072193586","1540437552","4.7"
"1540437552","2162222167","0.2"
"2162222167","1540437552","0.2"
"2002065132","2072193586","0.2"
"2072193586","2002065132","0.2"
"2023932343","2072193586","0.2"
"2072193586","2023932343","0.2"
"2072193586","2162222167","0.2"
"2162222167","2072193586","0.2"
"1537958731","2139232318","1"
"2139232318","1537958731","1"
"1540437552","2164582681","0.5"
"2164582681","1540437552","0.5"
"2072193586","2164582681","0.5"
"2164582681","2072193586","0.5"
"1540437552","2477883450","1"
"2477883450","1540437552","1"
"1554894413","2005064117","0.416667"
"2005064117","1554894413","0.416667"
"1554894413","2011834755","0.166667"
"2011834755","1554894413","0.166667"
"1554894413","2484909454","0.5"
"2484909454","1554894413","0.5"
"1554894413","2488097336","0.166667"
"2488097336","1554894413","0.166667"
"2005064117","2011834755","0.24359"
"2011834755","2005064117","0.24359"
"2005064117","2136920297","0.24359"
"2136920297","2005064117","0.24359"
"2011834755","2136920297","1.5547"
"2136920297","2011834755","1.5547"
"1554894413","2054569210","0.25"
"2054569210","1554894413","0.25"
"2005064117","2054569210","0.25"
"2054569210","2005064117","0.25"
"2054569210","2477883450","0.25"
"2477883450","2054569210","0.25"
"2054569210","82871476","0.25"
"82871476","2054569210","0.25"
"1554894413","1979547201","0.333333"
"1979547201","1554894413","0.333333"
"1554894413","1992344874","0.333333"
"1992344874","1554894413","0.333333"
"1573279181","2054569210","0.5"
"2054569210","1573279181","0.5"
"2023932343","2054569210","1.16667"
"2054569210","2023932343","1.16667"
"1573279181","2011834755","0.2"
"2011834755","1573279181","0.2"
"1573279181","2126571539","2.9"
"2126571539","1573279181","2.9"
"1573279181","2127151955","1"
"2127151955","1573279181","1"
"2063676110","2482623757","0.410256"
"2482623757","2063676110","0.410256"
"180347716","2031052239","1"
"2031052239","180347716","1"
"180347716","2164582681","1"
"2164582681","180347716","1"
"1977478263","1992344874","0.5"
"1992344874","1977478263","0.5"
"1992344874","2116219757","0.611111"
"2116219757","1992344874","0.611111"
"1979547201","2440410753","0.5"
"2440410753","1979547201","0.5"
"2126571539","2440410753","1.5"
"2440410753","2126571539","1.5"
"2063676110","2484909454","1.32692"
"2484909454","2063676110","1.32692"
"1979547201","2116219757","0.277778"
"2116219757","1979547201","0.277778"
"2011834755","2116219757","0.527778"
"2116219757","2011834755","0.527778"
"2091518978","2116219757","0.277778"
"2116219757","2091518978","0.277778"
"1979547201","2094222963","0.276923"
"2094222963","1979547201","0.276923"
"1979547201","2114457992","0.276923"
"2114457992","1979547201","0.276923"
"1979547201","2143966224","0.2"
"2143966224","1979547201","0.2"
"2063676110","2094222963","0.276923"
"2094222963","2063676110","0.276923"
"2063676110","2114457992","0.276923"
"2114457992","2063676110","0.276923"
"2063676110","2143966224","0.2"
"2143966224","2063676110","0.2"
"2094222963","2114457992","0.276923"
"2114457992","2094222963","0.276923"
"2094222963","2136920297","0.276923"
"2136920297","2094222963","0.276923"
"2094222963","2143966224","0.2"
"2143966224","2094222963","0.2"
"2114457992","2136920297","0.276923"
"2136920297","2114457992","0.276923"
"2114457992","2143966224","2.03333"
"2143966224","2114457992","2.03333"
"2136920297","2143966224","0.2"
"2143966224","2136920297","0.2"
"1979547201","2005064117","0.0769231"
"2005064117","1979547201","0.0769231"
"1979547201","2127151955","0.0769231"
"2127151955","1979547201","0.0769231"
"2002065132","2005064117","0.0769231"
"2005064117","2002065132","0.0769231"
"2002065132","2011834755","1.16026"
"2011834755","2002065132","1.16026"
"2002065132","2063676110","0.24359"
"2063676110","2002065132","0.24359"
"2002065132","2094222963","0.0769231"
"2094222963","2002065132","0.0769231"
"2002065132","2114457992","4.41026"
"2114457992","2002065132","4.41026"
"2002065132","2127151955","0.410256"
"2127151955","2002065132","0.410256"
"2005064117","2023932343","0.0769231"
"2023932343","2005064117","0.0769231"
"2005064117","2063676110","0.0769231"
"2063676110","2005064117","0.0769231"
"2005064117","2094222963","0.0769231"
"2094222963","2005064117","0.0769231"
"2005064117","2114457992","0.0769231"
"2114457992","2005064117","0.0769231"
"2005064117","2482623757","0.0769231"
"2482623757","2005064117","0.0769231"
"2011834755","2063676110","0.74359"
"2063676110","2011834755","0.74359"
"2011834755","2094222963","0.0769231"
"2094222963","2011834755","0.0769231"
"2011834755","2114457992","0.276923"
"2114457992","2011834755","0.276923"
"2011834755","2158963761","0.0769231"
"2158963761","2011834755","0.0769231"
"2023932343","2063676110","0.24359"
"2063676110","2023932343","0.24359"
"2023932343","2094222963","0.0769231"
"2094222963","2023932343","0.0769231"
"2023932343","2114457992","2.91026"
"2114457992","2023932343","2.91026"
"2023932343","2127151955","0.410256"
"2127151955","2023932343","0.410256"
"2063676110","2127151955","4.07692"
"2127151955","2063676110","4.07692"
"2094222963","2127151955","0.0769231"
"2127151955","2094222963","0.0769231"
"2094222963","2158963761","0.0769231"
"2158963761","2094222963","0.0769231"
"2094222963","2482623757","0.0769231"
"2482623757","2094222963","0.0769231"
"2094222963","2484909454","0.0769231"
"2484909454","2094222963","0.0769231"
"2094222963","2488097336","0.0769231"
"2488097336","2094222963","0.0769231"
"2114457992","2127151955","0.0769231"
"2127151955","2114457992","0.0769231"
"2114457992","2158963761","0.0769231"
"2158963761","2114457992","0.0769231"
"2114457992","2482623757","1.07692"
"2482623757","2114457992","1.07692"
"2114457992","2484909454","0.276923"
"2484909454","2114457992","0.276923"
"2114457992","2488097336","1.52692"
"2488097336","2114457992","1.52692"
"2127151955","2136920297","0.0769231"
"2136920297","2127151955","0.0769231"
"2127151955","2482623757","0.0769231"
"2482623757","2127151955","0.0769231"
"2158963761","2482623757","0.0769231"
"2482623757","2158963761","0.0769231"
"1984282459","1992344874","0.111111"
"1992344874","1984282459","0.111111"
"1984282459","2136920297","0.111111"
"2136920297","1984282459","0.111111"
"1992344874","2011834755","1.27778"
"2011834755","1992344874","1.27778"
"1992344874","2091518978","0.111111"
"2091518978","1992344874","0.111111"
"1992344874","2126571539","0.861111"
"2126571539","1992344874","0.861111"
"2091518978","2136920297","0.111111"
"2136920297","2091518978","0.111111"
"2116219757","2136920297","1.11111"
"2136920297","2116219757","1.11111"
"1990989895","2087363218","1"
"2087363218","1990989895","1"
"1990989895","2031052239","4"
"2031052239","1990989895","4"
"1990989895","2164582681","0.333333"
"2164582681","1990989895","0.333333"
"1990989895","2477883450","0.333333"
"2477883450","1990989895","0.333333"
"1990989895","2484909454","0.333333"
"2484909454","1990989895","0.333333"
"2164582681","2477883450","0.333333"
"2477883450","2164582681","0.333333"
"2164582681","2484909454","0.333333"
"2484909454","2164582681","0.333333"
"2002065132","2126571539","1.16667"
"2126571539","2002065132","1.16667"
"2002065132","2477883450","0.166667"
"2477883450","2002065132","0.166667"
"2023932343","2477883450","0.166667"
"2477883450","2023932343","0.166667"
"1992344874","2114457992","0.25"
"2114457992","1992344874","0.25"
"2114457992","2126571539","0.45"
"2126571539","2114457992","0.45"
"2114457992","2477883450","0.45"
"2477883450","2114457992","0.45"
"2002065132","2143966224","1.83333"
"2143966224","2002065132","1.83333"
"2023932343","2143966224","1.33333"
"2143966224","2023932343","1.33333"
"2002065132","2253830281","0.5"
"2253830281","2002065132","0.5"
"2023932343","2253830281","0.5"
"2253830281","2023932343","0.5"
"2063676110","2126571539","0.166667"
"2126571539","2063676110","0.166667"
"2002065132","2054569210","0.666667"
"2054569210","2002065132","0.666667"
"2054569210","2488097336","0.333333"
"2488097336","2054569210","0.333333"
"2002065132","2116219757","0.25"
"2116219757","2002065132","0.25"
"2023932343","2116219757","0.25"
"2116219757","2023932343","0.25"
"2054569210","2127151955","0.333333"
"2127151955","2054569210","0.333333"
"2028336844","2142807115","2"
"2142807115","2028336844","2"
"2028336844","2789563902","1"
"2789563902","2028336844","1"
"2031052239","2789563902","1.5"
"2789563902","2031052239","1.5"
"2031052239","2061671628","0.5"
"2061671628","2031052239","0.5"
"2061671628","2789563902","0.5"
"2789563902","2061671628","0.5"
"2063944978","2139232318","0.5"
"2139232318","2063944978","0.5"
"2119084378","2139232318","0.5"
"2139232318","2119084378","0.5"
"2094222963","2126571539","1"
"2126571539","2094222963","1"
"2094222963","2440410753","1"
"2440410753","2094222963","1"
"2109701786","2693668331","2"
"2693668331","2109701786","2"
"2109701786","2950118249","2"
"2950118249","2109701786","2"
"2693668331","2950118249","19"
"2950118249","2693668331","19"
"2142807115","2789563902","2"
"2789563902","2142807115","2"
"2253830281","2482623757","2"
"2482623757","2253830281","2"
"2253830281","2810633653","1"
"2810633653","2253830281","1"
"2253830281","2488097336","1"
"2488097336","2253830281","1"
"2440410753","2477883450","1"
"2477883450","2440410753","1"
