"116614623","2788285520","2.5"
"2788285520","116614623","2.5"
"116614623","51541454","2.5"
"51541454","116614623","2.5"
"2788285520","51541454","9"
"51541454","2788285520","9"
"116614623","2159513038","3"
"2159513038","116614623","3"
"116614623","1575140185","1.20202"
"1575140185","116614623","1.20202"
"116614623","1588352323","3.03535"
"1588352323","116614623","3.03535"
"1575140185","1588352323","4.32702"
"1588352323","1575140185","4.32702"
"116614623","126233580","0.57702"
"126233580","116614623","0.57702"
"116614623","2048250037","0.57702"
"2048250037","116614623","0.57702"
"126233580","1575140185","2.57702"
"1575140185","126233580","2.57702"
"126233580","1588352323","1.32702"
"1588352323","126233580","1.32702"
"126233580","2048250037","0.45202"
"2048250037","126233580","0.45202"
"1575140185","2048250037","2.31869"
"2048250037","1575140185","2.31869"
"1588352323","2048250037","1.51154"
"2048250037","1588352323","1.51154"
"116614623","1479759015","0.25"
"1479759015","116614623","0.25"
"116614623","1681223851","0.25"
"1681223851","116614623","0.25"
"116614623","2016232225","0.340909"
"2016232225","116614623","0.340909"
"116614623","2115945096","0.45202"
"2115945096","116614623","0.45202"
"116614623","2889569399","0.361111"
"2889569399","116614623","0.361111"
"1479759015","1575140185","1.54167"
"1575140185","1479759015","1.54167"
"1479759015","1588352323","0.791667"
"1588352323","1479759015","0.791667"
"1479759015","1681223851","0.416667"
"1681223851","1479759015","0.416667"
"1479759015","2016232225","0.25"
"2016232225","1479759015","0.25"
"1479759015","2048250037","0.916667"
"2048250037","1479759015","0.916667"
"1479759015","2115945096","0.375"
"2115945096","1479759015","0.375"
"1479759015","2889569399","0.316667"
"2889569399","1479759015","0.316667"
"1575140185","1681223851","0.416667"
"1681223851","1575140185","0.416667"
"1575140185","2016232225","6.54091"
"2016232225","1575140185","6.54091"
"1575140185","2115945096","2.57702"
"2115945096","1575140185","2.57702"
"1575140185","2889569399","0.361111"
"2889569399","1575140185","0.361111"
"1588352323","1681223851","1.33333"
"1681223851","1588352323","1.33333"
"1588352323","2016232225","3.0671"
"2016232225","1588352323","3.0671"
"1588352323","2115945096","1.05321"
"2115945096","1588352323","1.05321"
"1588352323","2889569399","0.503968"
"2889569399","1588352323","0.503968"
"1681223851","2016232225","0.833333"
"2016232225","1681223851","0.833333"
"1681223851","2048250037","0.291667"
"2048250037","1681223851","0.291667"
"1681223851","2115945096","1.08333"
"2115945096","1681223851","1.08333"
"1681223851","2889569399","0.25"
"2889569399","1681223851","0.25"
"2016232225","2048250037","2.05877"
"2048250037","2016232225","2.05877"
"2016232225","2115945096","0.8171"
"2115945096","2016232225","0.8171"
"2016232225","2889569399","0.642857"
"2889569399","2016232225","0.642857"
"2048250037","2115945096","0.594877"
"2115945096","2048250037","0.594877"
"2048250037","2889569399","0.378968"
"2889569399","2048250037","0.378968"
"2115945096","2889569399","0.503968"
"2889569399","2115945096","0.503968"
"116614623","2026438397","0.111111"
"2026438397","116614623","0.111111"
"116614623","2184024736","0.111111"
"2184024736","116614623","0.111111"
"116614623","2337280703","0.111111"
"2337280703","116614623","0.111111"
"126233580","2026438397","0.111111"
"2026438397","126233580","0.111111"
"126233580","2115945096","2.32702"
"2115945096","126233580","2.32702"
"126233580","2184024736","0.111111"
"2184024736","126233580","0.111111"
"126233580","2337280703","0.111111"
"2337280703","126233580","0.111111"
"126233580","2889569399","0.486111"
"2889569399","126233580","0.486111"
"1575140185","2026438397","0.361111"
"2026438397","1575140185","0.361111"
"1575140185","2184024736","0.111111"
"2184024736","1575140185","0.111111"
"1575140185","2337280703","0.111111"
"2337280703","1575140185","0.111111"
"1588352323","2026438397","0.111111"
"2026438397","1588352323","0.111111"
"1588352323","2184024736","0.111111"
"2184024736","1588352323","0.111111"
"1588352323","2337280703","0.361111"
"2337280703","1588352323","0.361111"
"2026438397","2048250037","0.111111"
"2048250037","2026438397","0.111111"
"2026438397","2115945096","0.111111"
"2115945096","2026438397","0.111111"
"2026438397","2184024736","0.111111"
"2184024736","2026438397","0.111111"
"2026438397","2337280703","0.944444"
"2337280703","2026438397","0.944444"
"2026438397","2889569399","0.111111"
"2889569399","2026438397","0.111111"
"2048250037","2184024736","0.111111"
"2184024736","2048250037","0.111111"
"2048250037","2337280703","0.111111"
"2337280703","2048250037","0.111111"
"2115945096","2184024736","0.111111"
"2184024736","2115945096","0.111111"
"2115945096","2337280703","0.111111"
"2337280703","2115945096","0.111111"
"2184024736","2337280703","0.111111"
"2337280703","2184024736","0.111111"
"2184024736","2889569399","0.177778"
"2889569399","2184024736","0.177778"
"2337280703","2889569399","0.111111"
"2889569399","2337280703","0.111111"
"116614623","2133299115","0.424242"
"2133299115","116614623","0.424242"
"116614623","2949450156","0.424242"
"2949450156","116614623","0.424242"
"1588352323","2133299115","0.424242"
"2133299115","1588352323","0.424242"
"1588352323","2949450156","0.424242"
"2949450156","1588352323","0.424242"
"2133299115","2949450156","6.42424"
"2949450156","2133299115","6.42424"
"116614623","2117313077","0.0909091"
"2117313077","116614623","0.0909091"
"116614623","2564483406","0.590909"
"2564483406","116614623","0.590909"
"116614623","2739811685","0.0909091"
"2739811685","116614623","0.0909091"
"126233580","2016232225","1.21591"
"2016232225","126233580","1.21591"
"126233580","2117313077","0.590909"
"2117313077","126233580","0.590909"
"126233580","2133299115","0.0909091"
"2133299115","126233580","0.0909091"
"126233580","2564483406","0.0909091"
"2564483406","126233580","0.0909091"
"126233580","2739811685","0.590909"
"2739811685","126233580","0.590909"
"126233580","2949450156","0.0909091"
"2949450156","126233580","0.0909091"
"1575140185","2117313077","1.04091"
"2117313077","1575140185","1.04091"
"1575140185","2133299115","0.0909091"
"2133299115","1575140185","0.0909091"
"1575140185","2564483406","0.290909"
"2564483406","1575140185","0.290909"
"1575140185","2739811685","1.54091"
"2739811685","1575140185","1.54091"
"1575140185","2949450156","0.0909091"
"2949450156","1575140185","0.0909091"
"1588352323","2117313077","1.0671"
"2117313077","1588352323","1.0671"
"1588352323","2564483406","0.840909"
"2564483406","1588352323","0.840909"
"1588352323","2739811685","1.0671"
"2739811685","1588352323","1.0671"
"2016232225","2117313077","1.43377"
"2117313077","2016232225","1.43377"
"2016232225","2133299115","0.0909091"
"2133299115","2016232225","0.0909091"
"2016232225","2564483406","1.54091"
"2564483406","2016232225","1.54091"
"2016232225","2739811685","1.43377"
"2739811685","2016232225","1.43377"
"2016232225","2949450156","0.0909091"
"2949450156","2016232225","0.0909091"
"2048250037","2117313077","0.600433"
"2117313077","2048250037","0.600433"
"2048250037","2133299115","0.0909091"
"2133299115","2048250037","0.0909091"
"2048250037","2564483406","0.540909"
"2564483406","2048250037","0.540909"
"2048250037","2739811685","0.600433"
"2739811685","2048250037","0.600433"
"2048250037","2949450156","0.0909091"
"2949450156","2048250037","0.0909091"
"2115945096","2117313077","0.233766"
"2117313077","2115945096","0.233766"
"2115945096","2133299115","0.0909091"
"2133299115","2115945096","0.0909091"
"2115945096","2564483406","0.0909091"
"2564483406","2115945096","0.0909091"
"2115945096","2739811685","0.233766"
"2739811685","2115945096","0.233766"
"2115945096","2949450156","0.0909091"
"2949450156","2115945096","0.0909091"
"2117313077","2133299115","0.0909091"
"2133299115","2117313077","0.0909091"
"2117313077","2564483406","0.290909"
"2564483406","2117313077","0.290909"
"2117313077","2739811685","5.60043"
"2739811685","2117313077","5.60043"
"2117313077","2949450156","0.0909091"
"2949450156","2117313077","0.0909091"
"2133299115","2564483406","0.0909091"
"2564483406","2133299115","0.0909091"
"2133299115","2739811685","0.0909091"
"2739811685","2133299115","0.0909091"
"2564483406","2739811685","0.290909"
"2739811685","2564483406","0.290909"
"2564483406","2949450156","0.0909091"
"2949450156","2564483406","0.0909091"
"2739811685","2949450156","0.0909091"
"2949450156","2739811685","0.0909091"
"126233580","1479759015","0.375"
"1479759015","126233580","0.375"
"126233580","1681223851","0.625"
"1681223851","126233580","0.625"
"2117313077","2889569399","0.392857"
"2889569399","2117313077","0.392857"
"2739811685","2889569399","0.392857"
"2889569399","2739811685","0.392857"
"126233580","1995354010","0.25"
"1995354010","126233580","0.25"
"1479759015","1995354010","0.25"
"1995354010","1479759015","0.25"
"1575140185","1995354010","1.25"
"1995354010","1575140185","1.25"
"1588352323","1995354010","0.392857"
"1995354010","1588352323","0.392857"
"1479759015","2337280703","2.83333"
"2337280703","1479759015","2.83333"
"1479759015","2023396558","2.525"
"2023396558","1479759015","2.525"
"1479759015","2566220921","2.525"
"2566220921","1479759015","2.525"
"2023396558","2566220921","3.19167"
"2566220921","2023396558","3.19167"
"1479759015","2067189069","9.65"
"2067189069","1479759015","9.65"
"1479759015","1494940815","1.06667"
"1494940815","1479759015","1.06667"
"1494940815","2566220921","1.31667"
"2566220921","1494940815","1.31667"
"1479759015","2117313077","0.5"
"2117313077","1479759015","0.5"
"1479759015","2739811685","0.5"
"2739811685","1479759015","0.5"
"2023396558","2117313077","0.333333"
"2117313077","2023396558","0.333333"
"2023396558","2739811685","0.333333"
"2739811685","2023396558","0.333333"
"1479759015","1967000320","0.191667"
"1967000320","1479759015","0.191667"
"1479759015","44399784","0.191667"
"44399784","1479759015","0.191667"
"1575140185","1967000320","0.125"
"1967000320","1575140185","0.125"
"1575140185","2023396558","0.125"
"2023396558","1575140185","0.125"
"1575140185","2566220921","1.375"
"2566220921","1575140185","1.375"
"1575140185","44399784","0.125"
"44399784","1575140185","0.125"
"1588352323","1967000320","0.125"
"1967000320","1588352323","0.125"
"1588352323","2023396558","0.125"
"2023396558","1588352323","0.125"
"1588352323","2566220921","0.625"
"2566220921","1588352323","0.625"
"1588352323","44399784","0.125"
"44399784","1588352323","0.125"
"1967000320","2023396558","0.191667"
"2023396558","1967000320","0.191667"
"1967000320","2048250037","0.125"
"2048250037","1967000320","0.125"
"1967000320","2115945096","0.125"
"2115945096","1967000320","0.125"
"1967000320","2566220921","0.191667"
"2566220921","1967000320","0.191667"
"1967000320","44399784","4.775"
"44399784","1967000320","4.775"
"2023396558","2048250037","0.125"
"2048250037","2023396558","0.125"
"2023396558","2115945096","0.125"
"2115945096","2023396558","0.125"
"2023396558","44399784","0.191667"
"44399784","2023396558","0.191667"
"2048250037","2566220921","0.625"
"2566220921","2048250037","0.625"
"2048250037","44399784","0.125"
"44399784","2048250037","0.125"
"2115945096","2566220921","0.125"
"2566220921","2115945096","0.125"
"2115945096","44399784","0.125"
"44399784","2115945096","0.125"
"2566220921","44399784","0.191667"
"44399784","2566220921","0.191667"
"1479759015","1500142130","0.9"
"1500142130","1479759015","0.9"
"1500142130","2023396558","0.566667"
"2023396558","1500142130","0.566667"
"1479759015","1917645424","0.0666667"
"1917645424","1479759015","0.0666667"
"1479759015","1991868507","0.566667"
"1991868507","1479759015","0.566667"
"1479759015","2026138706","0.0666667"
"2026138706","1479759015","0.0666667"
"1479759015","2069314572","1.06667"
"2069314572","1479759015","1.06667"
"1479759015","2184024736","0.0666667"
"2184024736","1479759015","0.0666667"
"1479759015","2914837299","0.0666667"
"2914837299","1479759015","0.0666667"
"1479759015","2992310638","0.0666667"
"2992310638","1479759015","0.0666667"
"1494940815","1500142130","0.542857"
"1500142130","1494940815","0.542857"
"1494940815","1917645424","0.6"
"1917645424","1494940815","0.6"
"1494940815","1967000320","1.73333"
"1967000320","1494940815","1.73333"
"1494940815","1991868507","10.8262"
"1991868507","1494940815","10.8262"
"1494940815","2023396558","0.566667"
"2023396558","1494940815","0.566667"
"1494940815","2026138706","0.792857"
"2026138706","1494940815","0.792857"
"1494940815","2067189069","0.459524"
"2067189069","1494940815","0.459524"
"1494940815","2069314572","1.26667"
"2069314572","1494940815","1.26667"
"1494940815","2184024736","0.0666667"
"2184024736","1494940815","0.0666667"
"1494940815","2889569399","0.0666667"
"2889569399","1494940815","0.0666667"
"1494940815","2914837299","7.57619"
"2914837299","1494940815","7.57619"
"1494940815","2992310638","0.409524"
"2992310638","1494940815","0.409524"
"1494940815","44399784","0.4"
"44399784","1494940815","0.4"
"1500142130","1917645424","0.0666667"
"1917645424","1500142130","0.0666667"
"1500142130","1967000320","0.4"
"1967000320","1500142130","0.4"
"1500142130","1991868507","1.70952"
"1991868507","1500142130","1.70952"
"1500142130","2026138706","0.209524"
"2026138706","1500142130","0.209524"
"1500142130","2067189069","0.209524"
"2067189069","1500142130","0.209524"
"1500142130","2069314572","0.0666667"
"2069314572","1500142130","0.0666667"
"1500142130","2184024736","1.06667"
"2184024736","1500142130","1.06667"
"1500142130","2566220921","0.0666667"
"2566220921","1500142130","0.0666667"
"1500142130","2889569399","0.0666667"
"2889569399","1500142130","0.0666667"
"1500142130","2914837299","0.542857"
"2914837299","1500142130","0.542857"
"1500142130","2992310638","0.209524"
"2992310638","1500142130","0.209524"
"1500142130","44399784","0.0666667"
"44399784","1500142130","0.0666667"
"1917645424","1967000320","3.98333"
"1967000320","1917645424","3.98333"
"1917645424","1991868507","0.266667"
"1991868507","1917645424","0.266667"
"1917645424","2023396558","0.0666667"
"2023396558","1917645424","0.0666667"
"1917645424","2026138706","0.816667"
"2026138706","1917645424","0.816667"
"1917645424","2067189069","0.0666667"
"2067189069","1917645424","0.0666667"
"1917645424","2069314572","0.266667"
"2069314572","1917645424","0.266667"
"1917645424","2184024736","0.816667"
"2184024736","1917645424","0.816667"
"1917645424","2566220921","0.0666667"
"2566220921","1917645424","0.0666667"
"1917645424","2889569399","0.0666667"
"2889569399","1917645424","0.0666667"
"1917645424","2914837299","0.6"
"2914837299","1917645424","0.6"
"1917645424","2992310638","1.26667"
"2992310638","1917645424","1.26667"
"1917645424","44399784","0.983333"
"44399784","1917645424","0.983333"
"1967000320","1991868507","1.23333"
"1991868507","1967000320","1.23333"
"1967000320","2026138706","1.48333"
"2026138706","1967000320","1.48333"
"1967000320","2067189069","0.0666667"
"2067189069","1967000320","0.0666667"
"1967000320","2069314572","0.0666667"
"2069314572","1967000320","0.0666667"
"1967000320","2184024736","1.81667"
"2184024736","1967000320","1.81667"
"1967000320","2889569399","0.0666667"
"2889569399","1967000320","0.0666667"
"1967000320","2914837299","0.733333"
"2914837299","1967000320","0.733333"
"1967000320","2992310638","0.0666667"
"2992310638","1967000320","0.0666667"
"1991868507","2023396558","0.0666667"
"2023396558","1991868507","0.0666667"
"1991868507","2026138706","1.45952"
"2026138706","1991868507","1.45952"
"1991868507","2067189069","0.959524"
"2067189069","1991868507","0.959524"
"1991868507","2069314572","0.6"
"2069314572","1991868507","0.6"
"1991868507","2184024736","1.06667"
"2184024736","1991868507","1.06667"
"1991868507","2566220921","0.316667"
"2566220921","1991868507","0.316667"
"1991868507","2889569399","0.0666667"
"2889569399","1991868507","0.0666667"
"1991868507","2914837299","4.57619"
"2914837299","1991868507","4.57619"
"1991868507","2992310638","0.742857"
"2992310638","1991868507","0.742857"
"1991868507","44399784","1.23333"
"44399784","1991868507","1.23333"
"2023396558","2026138706","0.0666667"
"2026138706","2023396558","0.0666667"
"2023396558","2067189069","0.0666667"
"2067189069","2023396558","0.0666667"
"2023396558","2069314572","0.0666667"
"2069314572","2023396558","0.0666667"
"2023396558","2184024736","0.0666667"
"2184024736","2023396558","0.0666667"
"2023396558","2889569399","0.0666667"
"2889569399","2023396558","0.0666667"
"2023396558","2914837299","0.0666667"
"2914837299","2023396558","0.0666667"
"2023396558","2992310638","0.0666667"
"2992310638","2023396558","0.0666667"
"2026138706","2067189069","0.209524"
"2067189069","2026138706","0.209524"
"2026138706","2069314572","0.0666667"
"2069314572","2026138706","0.0666667"
"2026138706","2184024736","0.316667"
"2184024736","2026138706","0.316667"
"2026138706","2566220921","0.316667"
"2566220921","2026138706","0.316667"
"2026138706","2889569399","0.0666667"
"2889569399","2026138706","0.0666667"
"2026138706","2914837299","0.209524"
"2914837299","2026138706","0.209524"
"2026138706","2992310638","0.209524"
"2992310638","2026138706","0.209524"
"2026138706","44399784","0.983333"
"44399784","2026138706","0.983333"
"2067189069","2069314572","0.0666667"
"2069314572","2067189069","0.0666667"
"2067189069","2184024736","0.0666667"
"2184024736","2067189069","0.0666667"
"2067189069","2566220921","1.4"
"2566220921","2067189069","1.4"
"2067189069","2889569399","0.0666667"
"2889569399","2067189069","0.0666667"
"2067189069","2914837299","0.209524"
"2914837299","2067189069","0.209524"
"2067189069","2992310638","0.209524"
"2992310638","2067189069","0.209524"
"2067189069","44399784","0.0666667"
"44399784","2067189069","0.0666667"
"2069314572","2184024736","0.0666667"
"2184024736","2069314572","0.0666667"
"2069314572","2566220921","0.0666667"
"2566220921","2069314572","0.0666667"
"2069314572","2889569399","0.0666667"
"2889569399","2069314572","0.0666667"
"2069314572","2914837299","4.1"
"2914837299","2069314572","4.1"
"2069314572","2992310638","1.1"
"2992310638","2069314572","1.1"
"2069314572","44399784","0.0666667"
"44399784","2069314572","0.0666667"
"2184024736","2566220921","0.0666667"
"2566220921","2184024736","0.0666667"
"2184024736","2914837299","0.0666667"
"2914837299","2184024736","0.0666667"
"2184024736","2992310638","0.0666667"
"2992310638","2184024736","0.0666667"
"2184024736","44399784","2.31667"
"44399784","2184024736","2.31667"
"2566220921","2889569399","0.0666667"
"2889569399","2566220921","0.0666667"
"2566220921","2914837299","0.0666667"
"2914837299","2566220921","0.0666667"
"2566220921","2992310638","0.0666667"
"2992310638","2566220921","0.0666667"
"2889569399","2914837299","0.0666667"
"2914837299","2889569399","0.0666667"
"2889569399","2992310638","0.0666667"
"2992310638","2889569399","0.0666667"
"2889569399","44399784","0.0666667"
"44399784","2889569399","0.0666667"
"2914837299","2992310638","6.24286"
"2992310638","2914837299","6.24286"
"2914837299","44399784","0.4"
"44399784","2914837299","0.4"
"2992310638","44399784","0.0666667"
"44399784","2992310638","0.0666667"
"1681223851","2117313077","0.5"
"2117313077","1681223851","0.5"
"1681223851","2739811685","0.5"
"2739811685","1681223851","0.5"
"1479759015","2026438397","3.41667"
"2026438397","1479759015","3.41667"
"1494940815","1575140185","0.75"
"1575140185","1494940815","0.75"
"1494940815","2026438397","1.25"
"2026438397","1494940815","1.25"
"1575140185","1991868507","0.25"
"1991868507","1575140185","0.25"
"1991868507","2026438397","0.75"
"2026438397","1991868507","0.75"
"1479759015","2108960750","0.25"
"2108960750","1479759015","0.25"
"1494940815","2108960750","0.25"
"2108960750","1494940815","0.25"
"1991868507","2108960750","0.75"
"2108960750","1991868507","0.75"
"2067189069","2108960750","0.25"
"2108960750","2067189069","0.25"
"1500142130","2026438397","0.333333"
"2026438397","1500142130","0.333333"
"1500142130","2337280703","0.583333"
"2337280703","1500142130","0.583333"
"2026438397","2067189069","2.83333"
"2067189069","2026438397","2.83333"
"2026438397","2566220921","0.333333"
"2566220921","2026438397","0.333333"
"1479759015","2124241094","1"
"2124241094","1479759015","1"
"1494940815","2124241094","8.64286"
"2124241094","1494940815","8.64286"
"1991868507","2124241094","3.30952"
"2124241094","1991868507","3.30952"
"2124241094","2914837299","1.47619"
"2914837299","2124241094","1.47619"
"1494940815","2739811685","0.5"
"2739811685","1494940815","0.5"
"1494940815","1995354010","0.25"
"1995354010","1494940815","0.25"
"1991868507","1995354010","0.25"
"1995354010","1991868507","0.25"
"1995354010","2026138706","0.25"
"2026138706","1995354010","0.25"
"1995354010","2566220921","0.25"
"2566220921","1995354010","0.25"
"2026138706","2124241094","0.47619"
"2124241094","2026138706","0.47619"
"1500142130","2124241094","0.142857"
"2124241094","1500142130","0.142857"
"2067189069","2124241094","0.142857"
"2124241094","2067189069","0.142857"
"2124241094","2992310638","0.142857"
"2992310638","2124241094","0.142857"
"1494940815","2564483406","0.333333"
"2564483406","1494940815","0.333333"
"1494940815","2613161006","0.333333"
"2613161006","1494940815","0.333333"
"2124241094","2564483406","0.333333"
"2564483406","2124241094","0.333333"
"2124241094","2613161006","0.333333"
"2613161006","2124241094","0.333333"
"2564483406","2613161006","6.33333"
"2613161006","2564483406","6.33333"
"1500142130","1588352323","0.25"
"1588352323","1500142130","0.25"
"1500142130","1681223851","0.25"
"1681223851","1500142130","0.25"
"1500142130","2016232225","0.25"
"2016232225","1500142130","0.25"
"1681223851","2337280703","0.25"
"2337280703","1681223851","0.25"
"2016232225","2337280703","0.25"
"2337280703","2016232225","0.25"
"1500142130","2108960750","0.5"
"2108960750","1500142130","0.5"
"1995354010","2048250037","0.642857"
"2048250037","1995354010","0.642857"
"2016232225","2566220921","0.5"
"2566220921","2016232225","0.5"
"1575140185","2343914409","0.5"
"2343914409","1575140185","0.5"
"2115945096","2343914409","0.5"
"2343914409","2115945096","0.5"
"1995354010","2016232225","0.642857"
"2016232225","1995354010","0.642857"
"2564483406","2566220921","0.25"
"2566220921","2564483406","0.25"
"1995354010","2115945096","2.14286"
"2115945096","1995354010","2.14286"
"1995354010","2117313077","0.142857"
"2117313077","1995354010","0.142857"
"1995354010","2739811685","0.142857"
"2739811685","1995354010","0.142857"
"1995354010","2889569399","0.642857"
"2889569399","1995354010","0.642857"
"1681223851","2100982979","2"
"2100982979","1681223851","2"
"1953905531","2745190368","1"
"2745190368","1953905531","1"
"1953905531","2026438397","1"
"2026438397","1953905531","1"
"1967000320","2100982979","0.5"
"2100982979","1967000320","0.5"
"2100982979","44399784","0.5"
"44399784","2100982979","0.5"
"1980653831","2159513038","3"
"2159513038","1980653831","3"
"1995354010","2108960750","2.5"
"2108960750","1995354010","2.5"
"2108960750","2889569399","0.5"
"2889569399","2108960750","0.5"
"1995354010","2463372888","1"
"2463372888","1995354010","1"
"1997463904","2788285520","1"
"2788285520","1997463904","1"
"2026138706","2100982979","1"
"2100982979","2026138706","1"
"2031421615","2184683005","2.5"
"2184683005","2031421615","2.5"
"2031421615","2893180514","0.5"
"2893180514","2031421615","0.5"
"2031421615","50290783","0.5"
"50290783","2031421615","0.5"
"2031421615","56460879","0.5"
"56460879","2031421615","0.5"
"2184683005","2893180514","0.5"
"2893180514","2184683005","0.5"
"2184683005","50290783","0.5"
"50290783","2184683005","0.5"
"2184683005","56460879","0.5"
"56460879","2184683005","0.5"
"2893180514","50290783","2.33333"
"50290783","2893180514","2.33333"
"2893180514","56460879","2.33333"
"56460879","2893180514","2.33333"
"50290783","56460879","2.33333"
"56460879","50290783","2.33333"
"2159513038","2613161006","1"
"2613161006","2159513038","1"
"2159513038","2564483406","1"
"2564483406","2159513038","1"
"2159513038","2184024736","1"
"2184024736","2159513038","1"
"2463372888","2745190368","4"
"2745190368","2463372888","4"
"2786104919","2788285520","0.5"
"2788285520","2786104919","0.5"
"2786104919","51541454","0.5"
"51541454","2786104919","0.5"
"2786104919","2893180514","0.333333"
"2893180514","2786104919","0.333333"
"2786104919","50290783","0.333333"
"50290783","2786104919","0.333333"
"2786104919","56460879","0.333333"
"56460879","2786104919","0.333333"
"2788285520","56460879","1"
"56460879","2788285520","1"
"51541454","56460879","1"
"56460879","51541454","1"
