"1484311280","1490098433","0.5"
"1490098433","1484311280","0.5"
"1484311280","2069707920","0.611111"
"2069707920","1484311280","0.611111"
"1490098433","2069707920","0.5"
"2069707920","1490098433","0.5"
"1484311280","1563289066","0.527778"
"1563289066","1484311280","0.527778"
"1484311280","1830116214","0.527778"
"1830116214","1484311280","0.527778"
"1484311280","1878966993","0.277778"
"1878966993","1484311280","0.277778"
"1484311280","2170719203","0.166667"
"2170719203","1484311280","0.166667"
"1484311280","2397352970","0.166667"
"2397352970","1484311280","0.166667"
"1484311280","9372431","0.277778"
"9372431","1484311280","0.277778"
"1563289066","1830116214","0.527778"
"1830116214","1563289066","0.527778"
"1563289066","1878966993","0.277778"
"1878966993","1563289066","0.277778"
"1563289066","2170719203","0.166667"
"2170719203","1563289066","0.166667"
"1563289066","2397352970","0.166667"
"2397352970","1563289066","0.166667"
"1563289066","9372431","0.277778"
"9372431","1563289066","0.277778"
"1830116214","1878966993","0.777778"
"1878966993","1830116214","0.777778"
"1830116214","2170719203","0.166667"
"2170719203","1830116214","0.166667"
"1830116214","2397352970","0.166667"
"2397352970","1830116214","0.166667"
"1830116214","9372431","0.277778"
"9372431","1830116214","0.277778"
"1878966993","2170719203","0.166667"
"2170719203","1878966993","0.166667"
"1878966993","2397352970","0.166667"
"2397352970","1878966993","0.166667"
"1878966993","9372431","0.277778"
"9372431","1878966993","0.277778"
"2170719203","2397352970","0.416667"
"2397352970","2170719203","0.416667"
"2170719203","9372431","0.166667"
"9372431","2170719203","0.166667"
"2397352970","9372431","0.166667"
"9372431","2397352970","0.166667"
"1484311280","1501541696","0.111111"
"1501541696","1484311280","0.111111"
"1484311280","1993656883","0.111111"
"1993656883","1484311280","0.111111"
"1484311280","2170660494","0.111111"
"2170660494","1484311280","0.111111"
"1484311280","2233508077","0.111111"
"2233508077","1484311280","0.111111"
"1501541696","1563289066","0.111111"
"1563289066","1501541696","0.111111"
"1501541696","1830116214","0.111111"
"1830116214","1501541696","0.111111"
"1501541696","1878966993","0.111111"
"1878966993","1501541696","0.111111"
"1501541696","1993656883","0.111111"
"1993656883","1501541696","0.111111"
"1501541696","2069707920","0.111111"
"2069707920","1501541696","0.111111"
"1501541696","2170660494","0.111111"
"2170660494","1501541696","0.111111"
"1501541696","2233508077","0.111111"
"2233508077","1501541696","0.111111"
"1501541696","9372431","0.111111"
"9372431","1501541696","0.111111"
"1563289066","1993656883","0.111111"
"1993656883","1563289066","0.111111"
"1563289066","2069707920","0.111111"
"2069707920","1563289066","0.111111"
"1563289066","2170660494","0.111111"
"2170660494","1563289066","0.111111"
"1563289066","2233508077","0.111111"
"2233508077","1563289066","0.111111"
"1830116214","1993656883","0.111111"
"1993656883","1830116214","0.111111"
"1830116214","2069707920","0.777778"
"2069707920","1830116214","0.777778"
"1830116214","2170660494","1.11111"
"2170660494","1830116214","1.11111"
"1830116214","2233508077","1.77778"
"2233508077","1830116214","1.77778"
"1878966993","1993656883","1.31111"
"1993656883","1878966993","1.31111"
"1878966993","2069707920","1.31111"
"2069707920","1878966993","1.31111"
"1878966993","2170660494","0.111111"
"2170660494","1878966993","0.111111"
"1878966993","2233508077","3.06111"
"2233508077","1878966993","3.06111"
"1993656883","2069707920","0.561111"
"2069707920","1993656883","0.561111"
"1993656883","2170660494","0.111111"
"2170660494","1993656883","0.111111"
"1993656883","2233508077","1.31111"
"2233508077","1993656883","1.31111"
"1993656883","9372431","0.111111"
"9372431","1993656883","0.111111"
"2069707920","2170660494","0.111111"
"2170660494","2069707920","0.111111"
"2069707920","2233508077","1.97778"
"2233508077","2069707920","1.97778"
"2069707920","9372431","0.111111"
"9372431","2069707920","0.111111"
"2170660494","2233508077","0.111111"
"2233508077","2170660494","0.111111"
"2170660494","9372431","0.111111"
"9372431","2170660494","0.111111"
"2233508077","9372431","0.111111"
"9372431","2233508077","0.111111"
"1484311280","1904133036","0.25"
"1904133036","1484311280","0.25"
"1484311280","2043267175","0.25"
"2043267175","1484311280","0.25"
"1563289066","1904133036","1.25"
"1904133036","1563289066","1.25"
"1563289066","2043267175","0.25"
"2043267175","1563289066","0.25"
"1830116214","1904133036","0.25"
"1904133036","1830116214","0.25"
"1830116214","2043267175","0.25"
"2043267175","1830116214","0.25"
"1904133036","2043267175","1.5"
"2043267175","1904133036","1.5"
"1505982853","1717353024","0.166667"
"1717353024","1505982853","0.166667"
"1505982853","1783001753","0.166667"
"1783001753","1505982853","0.166667"
"1505982853","1830116214","0.666667"
"1830116214","1505982853","0.666667"
"1505982853","2069707920","2.41667"
"2069707920","1505982853","2.41667"
"1505982853","2160094429","0.666667"
"2160094429","1505982853","0.666667"
"1505982853","2233508077","0.916667"
"2233508077","1505982853","0.916667"
"1717353024","1783001753","0.166667"
"1783001753","1717353024","0.166667"
"1717353024","1830116214","0.166667"
"1830116214","1717353024","0.166667"
"1717353024","2069707920","0.166667"
"2069707920","1717353024","0.166667"
"1717353024","2160094429","1.16667"
"2160094429","1717353024","1.16667"
"1717353024","2233508077","0.166667"
"2233508077","1717353024","0.166667"
"1783001753","1830116214","0.166667"
"1830116214","1783001753","0.166667"
"1783001753","2069707920","3.11667"
"2069707920","1783001753","3.11667"
"1783001753","2160094429","0.166667"
"2160094429","1783001753","0.166667"
"1783001753","2233508077","1.11667"
"2233508077","1783001753","1.11667"
"1830116214","2160094429","1.16667"
"2160094429","1830116214","1.16667"
"2069707920","2160094429","0.666667"
"2160094429","2069707920","0.666667"
"2160094429","2233508077","0.166667"
"2233508077","2160094429","0.166667"
"1505982853","1878966993","0.75"
"1878966993","1505982853","0.75"
"1505982853","2043267175","0.25"
"2043267175","1505982853","0.25"
"1878966993","2043267175","0.7"
"2043267175","1878966993","0.7"
"2043267175","2069707920","0.45"
"2069707920","2043267175","0.45"
"2043267175","2233508077","0.7"
"2233508077","2043267175","0.7"
"1534926972","1545243581","2.75"
"1545243581","1534926972","2.75"
"1534926972","2170719203","0.25"
"2170719203","1534926972","0.25"
"1534926972","2237426883","0.75"
"2237426883","1534926972","0.75"
"1534926972","2397352970","0.25"
"2397352970","1534926972","0.25"
"1545243581","2170719203","0.25"
"2170719203","1545243581","0.25"
"1545243581","2237426883","0.75"
"2237426883","1545243581","0.75"
"1545243581","2397352970","0.25"
"2397352970","1545243581","0.25"
"2170719203","2237426883","0.25"
"2237426883","2170719203","0.25"
"2237426883","2397352970","0.25"
"2397352970","2237426883","0.25"
"1783001753","1878966993","0.45"
"1878966993","1783001753","0.45"
"1783001753","1993656883","0.45"
"1993656883","1783001753","0.45"
"1783001753","2043267175","0.2"
"2043267175","1783001753","0.2"
"1993656883","2043267175","0.45"
"2043267175","1993656883","0.45"
"1878966993","1904133036","0.25"
"1904133036","1878966993","0.25"
"1904133036","1993656883","0.25"
"1993656883","1904133036","0.25"
"1904133036","2233508077","0.25"
"2233508077","1904133036","0.25"
"1986572506","2292768395","47"
"2292768395","1986572506","47"
"1986572506","67277847","1"
"67277847","1986572506","1"
"2292768395","67277847","1"
"67277847","2292768395","1"
