"1047306120","1498974414","1.16846"
"1498974414","1047306120","1.16846"
"1047306120","1747872978","1.29809"
"1747872978","1047306120","1.29809"
"1047306120","2002733966","0.393317"
"2002733966","1047306120","0.393317"
"1047306120","2203549485","1.22825"
"2203549485","1047306120","1.22825"
"1047306120","2262139624","1.5303"
"2262139624","1047306120","1.5303"
"1047306120","2478859674","1.17498"
"2478859674","1047306120","1.17498"
"1047306120","2480447786","1.3369"
"2480447786","1047306120","1.3369"
"1047306120","2538582170","0.20971"
"2538582170","1047306120","0.20971"
"1047306120","2554047538","0.453461"
"2554047538","1047306120","0.453461"
"1047306120","2561624330","1.52148"
"2561624330","1047306120","1.52148"
"1047306120","2605225720","0.298171"
"2605225720","1047306120","0.298171"
"1047306120","2727891069","0.64165"
"2727891069","1047306120","0.64165"
"1047306120","2769200374","0.289811"
"2769200374","1047306120","0.289811"
"1498974414","1747872978","0.718043"
"1747872978","1498974414","0.718043"
"1498974414","2002733966","0.593316"
"2002733966","1498974414","0.593316"
"1498974414","2203549485","0.713445"
"2203549485","1498974414","0.713445"
"1498974414","2262139624","0.98359"
"2262139624","1498974414","0.98359"
"1498974414","2478859674","1.44998"
"2478859674","1498974414","1.44998"
"1498974414","2480447786","1.21526"
"2480447786","1498974414","1.21526"
"1498974414","2538582170","0.5696"
"2538582170","1498974414","0.5696"
"1498974414","2554047538","0.561795"
"2554047538","1498974414","0.561795"
"1498974414","2561624330","0.535513"
"2561624330","1498974414","0.535513"
"1498974414","2605225720","0.434985"
"2605225720","1498974414","0.434985"
"1498974414","2727891069","0.799983"
"2727891069","1498974414","0.799983"
"1498974414","2769200374","0.0769231"
"2769200374","1498974414","0.0769231"
"1747872978","2002733966","0.193317"
"2002733966","1747872978","0.193317"
"1747872978","2203549485","0.7852"
"2203549485","1747872978","0.7852"
"1747872978","2262139624","4.30114"
"2262139624","1747872978","4.30114"
"1747872978","2478859674","0.687342"
"2478859674","1747872978","0.687342"
"1747872978","2480447786","1.86134"
"2480447786","1747872978","1.86134"
"1747872978","2538582170","0.477567"
"2538582170","1747872978","0.477567"
"1747872978","2554047538","0.370948"
"2554047538","1747872978","0.370948"
"1747872978","2561624330","1.75328"
"2561624330","1747872978","1.75328"
"1747872978","2605225720","0.20971"
"2605225720","1747872978","0.20971"
"1747872978","2727891069","0.43471"
"2727891069","1747872978","0.43471"
"1747872978","2769200374","0.856478"
"2769200374","1747872978","0.856478"
"2002733966","2203549485","0.87024"
"2203549485","2002733966","0.87024"
"2002733966","2262139624","0.393317"
"2262139624","2002733966","0.393317"
"2002733966","2478859674","0.393317"
"2478859674","2002733966","0.393317"
"2002733966","2480447786","0.859983"
"2480447786","2002733966","0.859983"
"2002733966","2538582170","0.55165"
"2538582170","2002733966","0.55165"
"2002733966","2554047538","0.193317"
"2554047538","2002733966","0.193317"
"2002733966","2561624330","0.193317"
"2561624330","2002733966","0.193317"
"2002733966","2605225720","0.42665"
"2605225720","2002733966","0.42665"
"2002733966","2727891069","0.0933165"
"2727891069","2002733966","0.0933165"
"2002733966","2769200374","0.410256"
"2769200374","2002733966","0.410256"
"2203549485","2262139624","1.76666"
"2262139624","2203549485","1.76666"
"2203549485","2478859674","0.857559"
"2478859674","2203549485","0.857559"
"2203549485","2480447786","1.43769"
"2480447786","2203549485","1.43769"
"2203549485","2538582170","0.670394"
"2538582170","2203549485","0.670394"
"2203549485","2554047538","0.613815"
"2554047538","2203549485","0.613815"
"2203549485","2561624330","0.591165"
"2561624330","2203549485","0.591165"
"2203549485","2605225720","0.623098"
"2605225720","2203549485","0.623098"
"2203549485","2727891069","0.874658"
"2727891069","2203549485","0.874658"
"2203549485","2769200374","0.59359"
"2769200374","2203549485","0.59359"
"2262139624","2478859674","1.28283"
"2478859674","2262139624","1.28283"
"2262139624","2480447786","2.7985"
"2480447786","2262139624","2.7985"
"2262139624","2538582170","0.318317"
"2538582170","2262139624","0.318317"
"2262139624","2554047538","0.777704"
"2554047538","2262139624","0.777704"
"2262139624","2561624330","3.00802"
"2561624330","2262139624","3.00802"
"2262139624","2605225720","0.231778"
"2605225720","2262139624","0.231778"
"2262139624","2727891069","0.716165"
"2727891069","2262139624","0.716165"
"2262139624","2769200374","0.856478"
"2769200374","2262139624","0.856478"
"2478859674","2480447786","1.36019"
"2480447786","2478859674","1.36019"
"2478859674","2538582170","0.33471"
"2538582170","2478859674","0.33471"
"2478859674","2554047538","4.24045"
"2554047538","2478859674","4.24045"
"2478859674","2561624330","1.25392"
"2561624330","2478859674","1.25392"
"2478859674","2605225720","2.60115"
"2605225720","2478859674","2.60115"
"2478859674","2727891069","3.05161"
"2727891069","2478859674","3.05161"
"2478859674","2769200374","0.0769231"
"2769200374","2478859674","0.0769231"
"2480447786","2538582170","0.706505"
"2538582170","2480447786","0.706505"
"2480447786","2554047538","0.505335"
"2554047538","2480447786","0.505335"
"2480447786","2561624330","2.54756"
"2561624330","2480447786","2.54756"
"2480447786","2605225720","0.619966"
"2605225720","2480447786","0.619966"
"2480447786","2727891069","0.607559"
"2727891069","2480447786","0.607559"
"2480447786","2769200374","0.86124"
"2769200374","2480447786","0.86124"
"2538582170","2554047538","0.273872"
"2554047538","2538582170","0.273872"
"2538582170","2561624330","2.19332"
"2561624330","2538582170","2.19332"
"2538582170","2605225720","0.703727"
"2605225720","2538582170","0.703727"
"2538582170","2727891069","0.23471"
"2727891069","2538582170","0.23471"
"2538582170","2769200374","0.0769231"
"2769200374","2538582170","0.0769231"
"2554047538","2561624330","0.782121"
"2561624330","2554047538","0.782121"
"2554047538","2605225720","1.69232"
"2605225720","2554047538","1.69232"
"2554047538","2727891069","2.69675"
"2727891069","2554047538","2.69675"
"2554047538","2769200374","0.0769231"
"2769200374","2554047538","0.0769231"
"2561624330","2605225720","0.64263"
"2605225720","2561624330","0.64263"
"2561624330","2727891069","0.734023"
"2727891069","2561624330","0.734023"
"2561624330","2769200374","0.844573"
"2769200374","2561624330","0.844573"
"2605225720","2727891069","2.48432"
"2727891069","2605225720","2.48432"
"2605225720","2769200374","0.84359"
"2769200374","2605225720","0.84359"
"2727891069","2769200374","0.176923"
"2769200374","2727891069","0.176923"
"1047306120","1544846084","0.111111"
"1544846084","1047306120","0.111111"
"1047306120","1934124120","0.57071"
"1934124120","1047306120","0.57071"
"1047306120","1975037961","0.18236"
"1975037961","1047306120","0.18236"
"1047306120","1985997828","0.143898"
"1985997828","1047306120","0.143898"
"1047306120","1996655296","0.143898"
"1996655296","1047306120","0.143898"
"1047306120","2278607788","0.111111"
"2278607788","1047306120","0.111111"
"1047306120","2288353948","0.412866"
"2288353948","1047306120","0.412866"
"1047306120","2346551912","0.954498"
"2346551912","1047306120","0.954498"
"1047306120","2484968195","0.237376"
"2484968195","1047306120","0.237376"
"1544846084","1934124120","3.39444"
"1934124120","1544846084","3.39444"
"1544846084","1975037961","0.68254"
"1975037961","1544846084","0.68254"
"1544846084","1985997828","0.349206"
"1985997828","1544846084","0.349206"
"1544846084","1996655296","0.111111"
"1996655296","1544846084","0.111111"
"1544846084","2278607788","0.18254"
"2278607788","1544846084","0.18254"
"1544846084","2288353948","0.349206"
"2288353948","1544846084","0.349206"
"1544846084","2346551912","2.50946"
"2346551912","1544846084","2.50946"
"1544846084","2484968195","0.68254"
"2484968195","1544846084","0.68254"
"1934124120","1975037961","0.411755"
"1975037961","1934124120","0.411755"
"1934124120","1985997828","1.87009"
"1985997828","1934124120","1.87009"
"1934124120","1996655296","0.393898"
"1996655296","1934124120","0.393898"
"1934124120","2278607788","0.111111"
"2278607788","1934124120","0.111111"
"1934124120","2288353948","0.435565"
"2288353948","1934124120","0.435565"
"1934124120","2346551912","0.268898"
"2346551912","1934124120","0.268898"
"1934124120","2484968195","0.318898"
"2484968195","1934124120","0.318898"
"1975037961","1985997828","0.457007"
"1985997828","1975037961","0.457007"
"1975037961","1996655296","0.657007"
"1996655296","1975037961","0.657007"
"1975037961","2278607788","0.18254"
"2278607788","1975037961","0.18254"
"1975037961","2288353948","0.380327"
"2288353948","1975037961","0.380327"
"1975037961","2346551912","0.611755"
"2346551912","1975037961","0.611755"
"1975037961","2484968195","0.380327"
"2484968195","1975037961","0.380327"
"1985997828","1996655296","1.20304"
"1996655296","1985997828","1.20304"
"1985997828","2278607788","0.238095"
"2278607788","1985997828","0.238095"
"1985997828","2288353948","0.421993"
"2288353948","1985997828","0.421993"
"1985997828","2346551912","0.465327"
"2346551912","1985997828","0.465327"
"1985997828","2484968195","0.255327"
"2484968195","1985997828","0.255327"
"1996655296","2278607788","0.366667"
"2278607788","1996655296","0.366667"
"1996655296","2288353948","0.633898"
"2288353948","1996655296","0.633898"
"1996655296","2346551912","0.415327"
"2346551912","1996655296","0.415327"
"1996655296","2484968195","0.776755"
"2484968195","1996655296","0.776755"
"2278607788","2288353948","0.63254"
"2288353948","2278607788","0.63254"
"2278607788","2346551912","0.38254"
"2346551912","2278607788","0.38254"
"2278607788","2484968195","2.46587"
"2484968195","2278607788","2.46587"
"2288353948","2346551912","1.45471"
"2346551912","2288353948","1.45471"
"2288353948","2484968195","5.35788"
"2484968195","2288353948","5.35788"
"2346551912","2484968195","0.590327"
"2484968195","2346551912","0.590327"
"1047306120","2291360251","1.12436"
"2291360251","1047306120","1.12436"
"1047306120","2509426339","0.522486"
"2509426339","1047306120","0.522486"
"1047306120","2523144375","0.0934783"
"2523144375","1047306120","0.0934783"
"1047306120","2526869428","0.505128"
"2526869428","1047306120","0.505128"
"1047306120","2531820273","0.376804"
"2531820273","1047306120","0.376804"
"1047306120","2559512977","0.207857"
"2559512977","1047306120","0.207857"
"1047306120","2589783599","0.207857"
"2589783599","1047306120","0.207857"
"1047306120","2607221070","0.628897"
"2607221070","1047306120","0.628897"
"1047306120","2616326941","0.126265"
"2616326941","1047306120","0.126265"
"1047306120","2625958646","0.109872"
"2625958646","1047306120","0.109872"
"1047306120","2734706783","0.665182"
"2734706783","1047306120","0.665182"
"1047306120","2753121224","1.3256"
"2753121224","1047306120","1.3256"
"1047306120","2890635977","1.09717"
"2890635977","1047306120","1.09717"
"1934124120","2203549485","0.237376"
"2203549485","1934124120","0.237376"
"1934124120","2291360251","0.292932"
"2291360251","1934124120","0.292932"
"1934124120","2478859674","0.126265"
"2478859674","1934124120","0.126265"
"1934124120","2509426339","0.249454"
"2509426339","1934124120","0.249454"
"1934124120","2523144375","0.05"
"2523144375","1934124120","0.05"
"1934124120","2526869428","0.416667"
"2526869428","1934124120","0.416667"
"1934124120","2531820273","0.54112"
"2531820273","1934124120","0.54112"
"1934124120","2554047538","0.109872"
"2554047538","1934124120","0.109872"
"1934124120","2559512977","1.45996"
"2559512977","1934124120","1.45996"
"1934124120","2589783599","1.45996"
"2589783599","1934124120","1.45996"
"1934124120","2605225720","0.0827869"
"2605225720","1934124120","0.0827869"
"1934124120","2607221070","0.282787"
"2607221070","1934124120","0.282787"
"1934124120","2616326941","0.0827869"
"2616326941","1934124120","0.0827869"
"1934124120","2625958646","0.0663934"
"2625958646","1934124120","0.0663934"
"1934124120","2727891069","0.126265"
"2727891069","1934124120","0.126265"
"1934124120","2734706783","0.0827869"
"2734706783","1934124120","0.0827869"
"1934124120","2753121224","0.443205"
"2753121224","1934124120","0.443205"
"1934124120","2890635977","0.0827869"
"2890635977","1934124120","0.0827869"
"2203549485","2291360251","3.02709"
"2291360251","2203549485","3.02709"
"2203549485","2484968195","0.238172"
"2484968195","2203549485","0.238172"
"2203549485","2509426339","0.337488"
"2509426339","2203549485","0.337488"
"2203549485","2523144375","0.232051"
"2523144375","2203549485","0.232051"
"2203549485","2526869428","0.689724"
"2526869428","2203549485","0.689724"
"2203549485","2531820273","1.34827"
"2531820273","2203549485","1.34827"
"2203549485","2559512977","0.164379"
"2559512977","2203549485","0.164379"
"2203549485","2589783599","0.418347"
"2589783599","2203549485","0.418347"
"2203549485","2607221070","0.499454"
"2607221070","2203549485","0.499454"
"2203549485","2616326941","0.198171"
"2616326941","2203549485","0.198171"
"2203549485","2625958646","0.143317"
"2625958646","2203549485","0.143317"
"2203549485","2734706783","0.274089"
"2734706783","2203549485","0.274089"
"2203549485","2753121224","0.509177"
"2753121224","2203549485","0.509177"
"2203549485","2890635977","0.605408"
"2890635977","2203549485","0.605408"
"2291360251","2478859674","0.550692"
"2478859674","2291360251","0.550692"
"2291360251","2484968195","0.543731"
"2484968195","2291360251","0.543731"
"2291360251","2509426339","4.10254"
"2509426339","2291360251","4.10254"
"2291360251","2523144375","0.456182"
"2523144375","2291360251","0.456182"
"2291360251","2526869428","0.502204"
"2526869428","2291360251","0.502204"
"2291360251","2531820273","0.660754"
"2531820273","2291360251","0.660754"
"2291360251","2554047538","0.273614"
"2554047538","2291360251","0.273614"
"2291360251","2559512977","0.998584"
"2559512977","2291360251","0.998584"
"2291360251","2589783599","1.08589"
"2589783599","2291360251","1.08589"
"2291360251","2605225720","0.281932"
"2605225720","2291360251","0.281932"
"2291360251","2607221070","2.06248"
"2607221070","2291360251","2.06248"
"2291360251","2616326941","1.2104"
"2616326941","2291360251","1.2104"
"2291360251","2625958646","0.226538"
"2625958646","2291360251","0.226538"
"2291360251","2727891069","0.390917"
"2727891069","2291360251","0.390917"
"2291360251","2734706783","1.63741"
"2734706783","2291360251","1.63741"
"2291360251","2753121224","1.85918"
"2753121224","2291360251","1.85918"
"2291360251","2890635977","0.938008"
"2890635977","2291360251","0.938008"
"2478859674","2484968195","0.207787"
"2484968195","2478859674","0.207787"
"2478859674","2509426339","0.369347"
"2509426339","2478859674","0.369347"
"2478859674","2523144375","0.05"
"2523144375","2478859674","0.05"
"2478859674","2526869428","0.457002"
"2526869428","2478859674","0.457002"
"2478859674","2531820273","0.452289"
"2531820273","2478859674","0.452289"
"2478859674","2559512977","0.33656"
"2559512977","2478859674","0.33656"
"2478859674","2589783599","0.33656"
"2589783599","2478859674","0.33656"
"2478859674","2607221070","0.569942"
"2607221070","2478859674","0.569942"
"2478859674","2616326941","1.75183"
"2616326941","2478859674","1.75183"
"2478859674","2625958646","0.309251"
"2625958646","2478859674","0.309251"
"2478859674","2734706783","0.430772"
"2734706783","2478859674","0.430772"
"2478859674","2753121224","1.11108"
"2753121224","2478859674","1.11108"
"2478859674","2890635977","0.349454"
"2890635977","2478859674","0.349454"
"2484968195","2509426339","1.06949"
"2509426339","2484968195","1.06949"
"2484968195","2523144375","0.633105"
"2523144375","2484968195","0.633105"
"2484968195","2526869428","0.05"
"2526869428","2484968195","0.05"
"2484968195","2531820273","0.65101"
"2531820273","2484968195","0.65101"
"2484968195","2554047538","0.191393"
"2554047538","2484968195","0.191393"
"2484968195","2559512977","1.85935"
"2559512977","2484968195","1.85935"
"2484968195","2589783599","2.72602"
"2589783599","2484968195","2.72602"
"2484968195","2605225720","0.352915"
"2605225720","2484968195","0.352915"
"2484968195","2607221070","1.50166"
"2607221070","2484968195","1.50166"
"2484968195","2616326941","2.83851"
"2616326941","2484968195","2.83851"
"2484968195","2625958646","2.14632"
"2625958646","2484968195","2.14632"
"2484968195","2727891069","0.207787"
"2727891069","2484968195","0.207787"
"2484968195","2734706783","0.873269"
"2734706783","2484968195","0.873269"
"2484968195","2753121224","0.137822"
"2753121224","2484968195","0.137822"
"2484968195","2890635977","2.29817"
"2890635977","2484968195","2.29817"
"2509426339","2523144375","1.72798"
"2523144375","2509426339","1.72798"
"2509426339","2526869428","0.689933"
"2526869428","2509426339","0.689933"
"2509426339","2531820273","0.197918"
"2531820273","2509426339","0.197918"
"2509426339","2554047538","0.252954"
"2554047538","2509426339","0.252954"
"2509426339","2559512977","0.962578"
"2559512977","2509426339","0.962578"
"2509426339","2589783599","0.562578"
"2589783599","2509426339","0.562578"
"2509426339","2605225720","0.426239"
"2605225720","2509426339","0.426239"
"2509426339","2607221070","1.33312"
"2607221070","2509426339","1.33312"
"2509426339","2616326941","0.958383"
"2616326941","2509426339","0.958383"
"2509426339","2625958646","0.779652"
"2625958646","2509426339","0.779652"
"2509426339","2727891069","0.182787"
"2727891069","2509426339","0.182787"
"2509426339","2734706783","1.45722"
"2734706783","2509426339","1.45722"
"2509426339","2753121224","1.47457"
"2753121224","2509426339","1.47457"
"2509426339","2890635977","0.469234"
"2890635977","2509426339","0.469234"
"2523144375","2526869428","0.05"
"2526869428","2523144375","0.05"
"2523144375","2531820273","0.0884615"
"2531820273","2523144375","0.0884615"
"2523144375","2554047538","0.05"
"2554047538","2523144375","0.05"
"2523144375","2559512977","0.426812"
"2559512977","2523144375","0.426812"
"2523144375","2589783599","0.0934783"
"2589783599","2523144375","0.0934783"
"2523144375","2605225720","0.488462"
"2605225720","2523144375","0.488462"
"2523144375","2607221070","0.0934783"
"2607221070","2523144375","0.0934783"
"2523144375","2616326941","0.633105"
"2616326941","2523144375","0.633105"
"2523144375","2625958646","0.237068"
"2625958646","2523144375","0.237068"
"2523144375","2727891069","0.05"
"2727891069","2523144375","0.05"
"2523144375","2734706783","0.679371"
"2734706783","2523144375","0.679371"
"2523144375","2753121224","0.05"
"2753121224","2523144375","0.05"
"2523144375","2890635977","0.332051"
"2890635977","2523144375","0.332051"
"2526869428","2531820273","0.851025"
"2531820273","2526869428","0.851025"
"2526869428","2554047538","0.418541"
"2554047538","2526869428","0.418541"
"2526869428","2559512977","0.102632"
"2559512977","2526869428","0.102632"
"2526869428","2589783599","0.102632"
"2589783599","2526869428","0.102632"
"2526869428","2605225720","0.742008"
"2605225720","2526869428","0.742008"
"2526869428","2607221070","1.10263"
"2607221070","2526869428","1.10263"
"2526869428","2616326941","0.15"
"2616326941","2526869428","0.15"
"2526869428","2625958646","0.15"
"2625958646","2526869428","0.15"
"2526869428","2727891069","0.82147"
"2727891069","2526869428","0.82147"
"2526869428","2734706783","0.0884615"
"2734706783","2526869428","0.0884615"
"2526869428","2753121224","0.541526"
"2753121224","2526869428","0.541526"
"2526869428","2890635977","0.133333"
"2890635977","2526869428","0.133333"
"2531820273","2554047538","0.508545"
"2554047538","2531820273","0.508545"
"2531820273","2559512977","0.220687"
"2559512977","2531820273","0.220687"
"2531820273","2589783599","0.474655"
"2589783599","2531820273","0.474655"
"2531820273","2605225720","0.759883"
"2605225720","2531820273","0.759883"
"2531820273","2607221070","1.13542"
"2607221070","2531820273","1.13542"
"2531820273","2616326941","0.121248"
"2616326941","2531820273","0.121248"
"2531820273","2625958646","0.121949"
"2625958646","2531820273","0.121949"
"2531820273","2727891069","1.09711"
"2727891069","2531820273","1.09711"
"2531820273","2734706783","0.15971"
"2734706783","2531820273","0.15971"
"2531820273","2753121224","0.564864"
"2753121224","2531820273","0.564864"
"2531820273","2890635977","0.402994"
"2890635977","2531820273","0.402994"
"2554047538","2559512977","0.292116"
"2559512977","2554047538","0.292116"
"2554047538","2589783599","0.434973"
"2589783599","2554047538","0.434973"
"2554047538","2607221070","0.244025"
"2607221070","2554047538","0.244025"
"2554047538","2616326941","1.59258"
"2616326941","2554047538","1.59258"
"2554047538","2625958646","0.15"
"2625958646","2554047538","0.15"
"2554047538","2734706783","0.0663934"
"2734706783","2554047538","0.0663934"
"2554047538","2753121224","0.734007"
"2753121224","2554047538","0.734007"
"2554047538","2890635977","0.121949"
"2890635977","2554047538","0.121949"
"2559512977","2589783599","12.4036"
"2589783599","2559512977","12.4036"
"2559512977","2605225720","0.250595"
"2605225720","2559512977","0.250595"
"2559512977","2607221070","0.32865"
"2607221070","2559512977","0.32865"
"2559512977","2616326941","0.581573"
"2616326941","2559512977","0.581573"
"2559512977","2625958646","1.16014"
"2625958646","2559512977","1.16014"
"2559512977","2727891069","0.15"
"2727891069","2559512977","0.15"
"2559512977","2734706783","0.219935"
"2734706783","2559512977","0.219935"
"2559512977","2753121224","0.422368"
"2753121224","2559512977","0.422368"
"2559512977","2890635977","0.364379"
"2890635977","2559512977","0.364379"
"2589783599","2605225720","0.183929"
"2605225720","2589783599","0.183929"
"2589783599","2607221070","0.495316"
"2607221070","2589783599","0.495316"
"2589783599","2616326941","1.61491"
"2616326941","2589783599","1.61491"
"2589783599","2625958646","0.293478"
"2625958646","2589783599","0.293478"
"2589783599","2727891069","0.435714"
"2727891069","2589783599","0.435714"
"2589783599","2734706783","0.219935"
"2734706783","2589783599","0.219935"
"2589783599","2753121224","0.565225"
"2753121224","2589783599","0.565225"
"2589783599","2890635977","0.407236"
"2890635977","2589783599","0.407236"
"2605225720","2607221070","0.0827869"
"2607221070","2605225720","0.0827869"
"2605225720","2616326941","1.65696"
"2616326941","2605225720","1.65696"
"2605225720","2625958646","0.23306"
"2625958646","2605225720","0.23306"
"2605225720","2734706783","0.15971"
"2734706783","2605225720","0.15971"
"2605225720","2753121224","0.628105"
"2753121224","2605225720","0.628105"
"2605225720","2890635977","0.121248"
"2890635977","2605225720","0.121248"
"2607221070","2616326941","0.390551"
"2616326941","2607221070","0.390551"
"2607221070","2625958646","0.945586"
"2625958646","2607221070","0.945586"
"2607221070","2727891069","0.207787"
"2727891069","2607221070","0.207787"
"2607221070","2734706783","1.19891"
"2734706783","2607221070","1.19891"
"2607221070","2753121224","1.4788"
"2753121224","2607221070","1.4788"
"2607221070","2890635977","0.392311"
"2890635977","2607221070","0.392311"
"2616326941","2625958646","0.746319"
"2625958646","2616326941","0.746319"
"2616326941","2727891069","2.05183"
"2727891069","2616326941","2.05183"
"2616326941","2734706783","0.262157"
"2734706783","2616326941","0.262157"
"2616326941","2753121224","0.137822"
"2753121224","2616326941","0.137822"
"2616326941","2890635977","0.298171"
"2890635977","2616326941","0.298171"
"2625958646","2727891069","0.166393"
"2727891069","2625958646","0.166393"
"2625958646","2734706783","0.675917"
"2734706783","2625958646","0.675917"
"2625958646","2753121224","0.625917"
"2753121224","2625958646","0.625917"
"2625958646","2890635977","0.143317"
"2890635977","2625958646","0.143317"
"2727891069","2734706783","0.121248"
"2734706783","2727891069","0.121248"
"2727891069","2753121224","0.724957"
"2753121224","2727891069","0.724957"
"2727891069","2890635977","0.408977"
"2890635977","2727891069","0.408977"
"2734706783","2753121224","3.41228"
"2753121224","2734706783","3.41228"
"2734706783","2890635977","6.35626"
"2890635977","2734706783","6.35626"
"2753121224","2890635977","2.55696"
"2890635977","2753121224","2.55696"
"1047306120","2019883396","0.879008"
"2019883396","1047306120","0.879008"
"1747872978","2019883396","1.09567"
"2019883396","1747872978","1.09567"
"2019883396","2262139624","1.27928"
"2262139624","2019883396","1.27928"
"2019883396","2561624330","0.945948"
"2561624330","2019883396","0.945948"
"1047306120","2530702875","0.801328"
"2530702875","1047306120","0.801328"
"2203549485","2530702875","1.59812"
"2530702875","2203549485","1.59812"
"2262139624","2530702875","0.798823"
"2530702875","2262139624","0.798823"
"2561624330","2890635977","0.992584"
"2890635977","2561624330","0.992584"
"1047306120","1918088543","0.199454"
"1918088543","1047306120","0.199454"
"1047306120","1929823724","1.42699"
"1929823724","1047306120","1.42699"
"1047306120","2337399354","0.32814"
"2337399354","1047306120","0.32814"
"1047306120","2590925727","0.0990338"
"2590925727","1047306120","0.0990338"
"1047306120","2606120020","0.621676"
"2606120020","1047306120","0.621676"
"1047306120","2611404743","0.668422"
"2611404743","1047306120","0.668422"
"1047306120","2613554997","0.210145"
"2613554997","1047306120","0.210145"
"1918088543","1929823724","0.071949"
"1929823724","1918088543","0.071949"
"1918088543","2203549485","0.234807"
"2203549485","1918088543","0.234807"
"1918088543","2288353948","1.15977"
"2288353948","1918088543","1.15977"
"1918088543","2291360251","0.19653"
"2291360251","1918088543","0.19653"
"1918088543","2337399354","0.220821"
"2337399354","1918088543","0.220821"
"1918088543","2346551912","0.611548"
"2346551912","1918088543","0.611548"
"1918088543","2530702875","1.12171"
"2530702875","1918088543","1.12171"
"1918088543","2531820273","0.43579"
"2531820273","1918088543","0.43579"
"1918088543","2554047538","0.548823"
"2554047538","1918088543","0.548823"
"1918088543","2559512977","2.20148"
"2559512977","1918088543","2.20148"
"1918088543","2589783599","1.70148"
"2589783599","1918088543","1.70148"
"1918088543","2590925727","0.521368"
"2590925727","1918088543","0.521368"
"1918088543","2606120020","0.743104"
"2606120020","1918088543","0.743104"
"1918088543","2611404743","0.766407"
"2611404743","1918088543","0.766407"
"1918088543","2613554997","1.33333"
"2613554997","1918088543","1.33333"
"1918088543","2753121224","0.180136"
"2753121224","1918088543","0.180136"
"1918088543","2890635977","0.188342"
"2890635977","1918088543","0.188342"
"1929823724","2203549485","0.130773"
"2203549485","1929823724","0.130773"
"1929823724","2288353948","0.691884"
"2288353948","1929823724","0.691884"
"1929823724","2291360251","1.19287"
"2291360251","1929823724","1.19287"
"1929823724","2337399354","0.130773"
"2337399354","1929823724","0.130773"
"1929823724","2346551912","1.28811"
"2346551912","1929823724","1.28811"
"1929823724","2530702875","0.130773"
"2530702875","1929823724","0.130773"
"1929823724","2531820273","0.071949"
"2531820273","1929823724","0.071949"
"1929823724","2554047538","0.222222"
"2554047538","1929823724","0.222222"
"1929823724","2559512977","3.35247"
"2559512977","1929823724","3.35247"
"1929823724","2589783599","0.552474"
"2589783599","1929823724","0.552474"
"1929823724","2590925727","0.0555556"
"2590925727","1929823724","0.0555556"
"1929823724","2606120020","0.071949"
"2606120020","1929823724","0.071949"
"1929823724","2611404743","0.180773"
"2611404743","1929823724","0.180773"
"1929823724","2613554997","0.0555556"
"2613554997","1929823724","0.0555556"
"1929823724","2753121224","1.2762"
"2753121224","1929823724","1.2762"
"1929823724","2890635977","0.330773"
"2890635977","1929823724","0.330773"
"2203549485","2288353948","0.469217"
"2288353948","2203549485","0.469217"
"2203549485","2337399354","1.64487"
"2337399354","2203549485","1.64487"
"2203549485","2346551912","0.202722"
"2346551912","2203549485","0.202722"
"2203549485","2590925727","0.528356"
"2590925727","2203549485","0.528356"
"2203549485","2606120020","0.239454"
"2606120020","2203549485","0.239454"
"2203549485","2611404743","0.372092"
"2611404743","2203549485","0.372092"
"2203549485","2613554997","0.0555556"
"2613554997","2203549485","0.0555556"
"2288353948","2291360251","1.34779"
"2291360251","2288353948","1.34779"
"2288353948","2337399354","0.824661"
"2337399354","2288353948","0.824661"
"2288353948","2530702875","1.62729"
"2530702875","2288353948","1.62729"
"2288353948","2531820273","2.21212"
"2531820273","2288353948","2.21212"
"2288353948","2554047538","0.238616"
"2554047538","2288353948","0.238616"
"2288353948","2559512977","3.1023"
"2559512977","2288353948","3.1023"
"2288353948","2589783599","0.468968"
"2589783599","2288353948","0.468968"
"2288353948","2590925727","0.151111"
"2590925727","2288353948","0.151111"
"2288353948","2606120020","1.9081"
"2606120020","2288353948","1.9081"
"2288353948","2611404743","0.944106"
"2611404743","2288353948","0.944106"
"2288353948","2613554997","0.210145"
"2613554997","2288353948","0.210145"
"2288353948","2753121224","0.497439"
"2753121224","2288353948","0.497439"
"2288353948","2890635977","0.362551"
"2890635977","2288353948","0.362551"
"2291360251","2337399354","0.422157"
"2337399354","2291360251","0.422157"
"2291360251","2346551912","3.99602"
"2346551912","2291360251","3.99602"
"2291360251","2530702875","0.63979"
"2530702875","2291360251","0.63979"
"2291360251","2590925727","0.297447"
"2590925727","2291360251","0.297447"
"2291360251","2606120020","0.199454"
"2606120020","2291360251","0.199454"
"2291360251","2611404743","0.387293"
"2611404743","2291360251","0.387293"
"2291360251","2613554997","0.0990338"
"2613554997","2291360251","0.0990338"
"2337399354","2346551912","1.27964"
"2346551912","2337399354","1.27964"
"2337399354","2530702875","0.712012"
"2530702875","2337399354","0.712012"
"2337399354","2531820273","0.369173"
"2531820273","2337399354","0.369173"
"2337399354","2554047538","0.170983"
"2554047538","2337399354","0.170983"
"2337399354","2559512977","0.157857"
"2559512977","2337399354","0.157857"
"2337399354","2589783599","0.157857"
"2589783599","2337399354","0.157857"
"2337399354","2590925727","0.271512"
"2590925727","2337399354","0.271512"
"2337399354","2606120020","0.199771"
"2606120020","2337399354","0.199771"
"2337399354","2611404743","0.324661"
"2611404743","2337399354","0.324661"
"2337399354","2613554997","0.0990338"
"2613554997","2337399354","0.0990338"
"2337399354","2753121224","0.268268"
"2753121224","2337399354","0.268268"
"2337399354","2890635977","0.385628"
"2890635977","2337399354","0.385628"
"2346551912","2530702875","0.202722"
"2530702875","2346551912","0.202722"
"2346551912","2531820273","0.407381"
"2531820273","2346551912","0.407381"
"2346551912","2554047538","0.409303"
"2554047538","2346551912","0.409303"
"2346551912","2559512977","0.579511"
"2559512977","2346551912","0.579511"
"2346551912","2589783599","0.329511"
"2589783599","2346551912","0.329511"
"2346551912","2590925727","0.188034"
"2590925727","2346551912","0.188034"
"2346551912","2606120020","1.15977"
"2606120020","2346551912","1.15977"
"2346551912","2611404743","0.605353"
"2611404743","2346551912","0.605353"
"2346551912","2613554997","0.0555556"
"2613554997","2346551912","0.0555556"
"2346551912","2753121224","1.27546"
"2753121224","2346551912","1.27546"
"2346551912","2890635977","1.14717"
"2890635977","2346551912","1.14717"
"2530702875","2531820273","0.445821"
"2531820273","2530702875","0.445821"
"2530702875","2554047538","0.562649"
"2554047538","2530702875","0.562649"
"2530702875","2559512977","1.58148"
"2559512977","2530702875","1.58148"
"2530702875","2589783599","1.01481"
"2589783599","2530702875","1.01481"
"2530702875","2590925727","1.42126"
"2590925727","2530702875","1.42126"
"2530702875","2606120020","0.588342"
"2606120020","2530702875","0.588342"
"2530702875","2611404743","0.50904"
"2611404743","2530702875","0.50904"
"2530702875","2613554997","0.388889"
"2613554997","2530702875","0.388889"
"2530702875","2753121224","0.268268"
"2753121224","2530702875","0.268268"
"2530702875","2890635977","0.185628"
"2890635977","2530702875","0.185628"
"2531820273","2590925727","0.5218"
"2590925727","2531820273","0.5218"
"2531820273","2606120020","0.667311"
"2606120020","2531820273","0.667311"
"2531820273","2611404743","0.4509"
"2611404743","2531820273","0.4509"
"2531820273","2613554997","0.0555556"
"2613554997","2531820273","0.0555556"
"2554047538","2590925727","0.226018"
"2590925727","2554047538","0.226018"
"2554047538","2606120020","0.214806"
"2606120020","2554047538","0.214806"
"2554047538","2611404743","0.553585"
"2611404743","2554047538","0.553585"
"2554047538","2613554997","0.166667"
"2613554997","2554047538","0.166667"
"2559512977","2590925727","0.626984"
"2590925727","2559512977","0.626984"
"2559512977","2606120020","0.0555556"
"2606120020","2559512977","0.0555556"
"2559512977","2611404743","0.381918"
"2611404743","2559512977","0.381918"
"2559512977","2613554997","0.2657"
"2613554997","2559512977","0.2657"
"2589783599","2590925727","1.26984"
"2590925727","2589783599","1.26984"
"2589783599","2606120020","3.64286"
"2606120020","2589783599","3.64286"
"2589783599","2611404743","0.548584"
"2611404743","2589783599","0.548584"
"2589783599","2613554997","0.932367"
"2613554997","2589783599","0.932367"
"2590925727","2606120020","0.0955556"
"2606120020","2590925727","0.0955556"
"2590925727","2611404743","0.22254"
"2611404743","2590925727","0.22254"
"2590925727","2613554997","0.555556"
"2613554997","2590925727","0.555556"
"2590925727","2753121224","0.516927"
"2753121224","2590925727","0.516927"
"2590925727","2890635977","0.198413"
"2890635977","2590925727","0.198413"
"2606120020","2611404743","0.253342"
"2611404743","2606120020","0.253342"
"2606120020","2613554997","0.0555556"
"2613554997","2606120020","0.0555556"
"2606120020","2753121224","0.214806"
"2753121224","2606120020","0.214806"
"2606120020","2890635977","0.0883424"
"2890635977","2606120020","0.0883424"
"2611404743","2613554997","0.376812"
"2613554997","2611404743","0.376812"
"2611404743","2753121224","0.927055"
"2753121224","2611404743","0.927055"
"2611404743","2890635977","0.485628"
"2890635977","2611404743","0.485628"
"2613554997","2753121224","0.0555556"
"2753121224","2613554997","0.0555556"
"2613554997","2890635977","0.0555556"
"2890635977","2613554997","0.0555556"
"1047306120","2512875999","0.56612"
"2512875999","1047306120","0.56612"
"1047306120","2518202231","0.776265"
"2518202231","1047306120","0.776265"
"2512875999","2518202231","11.8852"
"2518202231","2512875999","11.8852"
"2512875999","2531820273","1.34792"
"2531820273","2512875999","1.34792"
"2512875999","2606120020","1.04231"
"2606120020","2512875999","1.04231"
"2512875999","2727891069","3.56136"
"2727891069","2512875999","3.56136"
"2518202231","2531820273","0.304215"
"2531820273","2518202231","0.304215"
"2518202231","2606120020","0.970882"
"2606120020","2518202231","0.970882"
"2518202231","2727891069","2.0685"
"2727891069","2518202231","2.0685"
"2606120020","2727891069","0.375644"
"2727891069","2606120020","0.375644"
"1047306120","2066571890","2.5702"
"2066571890","1047306120","2.5702"
"1929823724","2019883396","1.94595"
"2019883396","1929823724","1.94595"
"1929823724","2066571890","2.37144"
"2066571890","1929823724","2.37144"
"1929823724","2607221070","0.640454"
"2607221070","1929823724","0.640454"
"2019883396","2066571890","0.962342"
"2066571890","2019883396","0.962342"
"2019883396","2291360251","2.49567"
"2291360251","2019883396","2.49567"
"2019883396","2346551912","13.9623"
"2346551912","2019883396","13.9623"
"2019883396","2607221070","1.25209"
"2607221070","2019883396","1.25209"
"2066571890","2291360251","1.05866"
"2291360251","2066571890","1.05866"
"2066571890","2346551912","0.643387"
"2346551912","2066571890","0.643387"
"2066571890","2607221070","1.23542"
"2607221070","2066571890","1.23542"
"2346551912","2607221070","0.971383"
"2607221070","2346551912","0.971383"
"1498974414","2753121224","0.481667"
"2753121224","1498974414","0.481667"
"1747872978","2753121224","0.985181"
"2753121224","1747872978","0.985181"
"2262139624","2753121224","2.20762"
"2753121224","2262139624","2.20762"
"2480447786","2753121224","1.27973"
"2753121224","2480447786","1.27973"
"2538582170","2753121224","0.171949"
"2753121224","2538582170","0.171949"
"2561624330","2753121224","3.02583"
"2753121224","2561624330","3.02583"
"1047306120","1753839311","0.12388"
"1753839311","1047306120","0.12388"
"1047306120","1931880689","0.0854185"
"1931880689","1047306120","0.0854185"
"1047306120","2512892050","0.128897"
"2512892050","1047306120","0.128897"
"1047306120","2517088709","0.0961098"
"2517088709","1047306120","0.0961098"
"1047306120","2546016631","0.34611"
"2546016631","1047306120","0.34611"
"1747872978","1753839311","0.0854185"
"1753839311","1747872978","0.0854185"
"1747872978","1929823724","0.499216"
"1929823724","1747872978","0.499216"
"1747872978","1931880689","0.0854185"
"1931880689","1747872978","0.0854185"
"1747872978","2066571890","0.771165"
"2066571890","1747872978","0.771165"
"1747872978","2291360251","1.05157"
"2291360251","1747872978","1.05157"
"1747872978","2346551912","0.834908"
"2346551912","1747872978","0.834908"
"1747872978","2509426339","0.818941"
"2509426339","1747872978","0.818941"
"1747872978","2512892050","0.0854185"
"2512892050","1747872978","0.0854185"
"1747872978","2517088709","0.105263"
"2517088709","1747872978","0.105263"
"1747872978","2546016631","0.0526316"
"2546016631","1747872978","0.0526316"
"1747872978","2607221070","1.47257"
"2607221070","1747872978","1.47257"
"1747872978","2734706783","0.404498"
"2734706783","1747872978","0.404498"
"1753839311","1929823724","0.069025"
"1929823724","1753839311","0.069025"
"1753839311","1931880689","0.602893"
"1931880689","1753839311","0.602893"
"1753839311","2019883396","0.0854185"
"2019883396","1753839311","0.0854185"
"1753839311","2066571890","0.19653"
"2066571890","1753839311","0.19653"
"1753839311","2262139624","0.107487"
"2262139624","1753839311","0.107487"
"1753839311","2291360251","0.234991"
"2291360251","1753839311","0.234991"
"1753839311","2346551912","0.406847"
"2346551912","1753839311","0.406847"
"1753839311","2480447786","0.12388"
"2480447786","1753839311","0.12388"
"1753839311","2509426339","0.0854185"
"2509426339","1753839311","0.0854185"
"1753839311","2512892050","0.0854185"
"2512892050","1753839311","0.0854185"
"1753839311","2517088709","0.0526316"
"2517088709","1753839311","0.0526316"
"1753839311","2546016631","0.0526316"
"2546016631","1753839311","0.0526316"
"1753839311","2561624330","0.107487"
"2561624330","1753839311","0.107487"
"1753839311","2607221070","0.0854185"
"2607221070","1753839311","0.0854185"
"1753839311","2734706783","0.12388"
"2734706783","1753839311","0.12388"
"1753839311","2753121224","0.107487"
"2753121224","1753839311","0.107487"
"1753839311","2769200374","0.0526316"
"2769200374","1753839311","0.0526316"
"1929823724","1931880689","0.069025"
"1931880689","1929823724","0.069025"
"1929823724","2262139624","0.682823"
"2262139624","1929823724","0.682823"
"1929823724","2480447786","0.711821"
"2480447786","1929823724","0.711821"
"1929823724","2509426339","0.811821"
"2509426339","1929823724","0.811821"
"1929823724","2512892050","0.319025"
"2512892050","1929823724","0.319025"
"1929823724","2517088709","0.252632"
"2517088709","1929823724","0.252632"
"1929823724","2546016631","0.12406"
"2546016631","1929823724","0.12406"
"1929823724","2561624330","0.695428"
"2561624330","1929823724","0.695428"
"1929823724","2734706783","0.438105"
"2734706783","1929823724","0.438105"
"1929823724","2769200374","0.200983"
"2769200374","1929823724","0.200983"
"1931880689","2019883396","0.210418"
"2019883396","1931880689","0.210418"
"1931880689","2066571890","0.0854185"
"2066571890","1931880689","0.0854185"
"1931880689","2262139624","0.069025"
"2262139624","1931880689","0.069025"
"1931880689","2291360251","0.0854185"
"2291360251","1931880689","0.0854185"
"1931880689","2346551912","0.0854185"
"2346551912","1931880689","0.0854185"
"1931880689","2480447786","0.0854185"
"2480447786","1931880689","0.0854185"
"1931880689","2509426339","0.0854185"
"2509426339","1931880689","0.0854185"
