"1480739503","1485462572","0.138095"
"1485462572","1480739503","0.138095"
"1480739503","1521577820","0.53254"
"1521577820","1480739503","0.53254"
"1480739503","1580135927","2.02421"
"1580135927","1480739503","2.02421"
"1480739503","1584311646","1.33254"
"1584311646","1480739503","1.33254"
"1480739503","1878901631","0.265873"
"1878901631","1480739503","0.265873"
"1480739503","2027255772","1.02421"
"2027255772","1480739503","1.02421"
"1480739503","2076671242","0.421429"
"2076671242","1480739503","0.421429"
"1480739503","2108408414","0.588095"
"2108408414","1480739503","0.588095"
"1480739503","211206415","1.86587"
"211206415","1480739503","1.86587"
"1480739503","2125791025","1.29087"
"2125791025","1480739503","1.29087"
"1480739503","2158692094","0.73254"
"2158692094","1480739503","0.73254"
"1480739503","2160583683","0.513095"
"2160583683","1480739503","0.513095"
"1480739503","2405559795","0.0714286"
"2405559795","1480739503","0.0714286"
"1480739503","2537033017","0.43254"
"2537033017","1480739503","0.43254"
"1485462572","1521577820","0.138095"
"1521577820","1485462572","0.138095"
"1485462572","1580135927","0.138095"
"1580135927","1485462572","0.138095"
"1485462572","1584311646","0.138095"
"1584311646","1485462572","0.138095"
"1485462572","1878901631","0.0714286"
"1878901631","1485462572","0.0714286"
"1485462572","2027255772","0.138095"
"2027255772","1485462572","0.138095"
"1485462572","2076671242","0.138095"
"2076671242","1485462572","0.138095"
"1485462572","2108408414","0.138095"
"2108408414","1485462572","0.138095"
"1485462572","211206415","0.138095"
"211206415","1485462572","0.138095"
"1485462572","2125791025","0.138095"
"2125791025","1485462572","0.138095"
"1485462572","2158692094","0.138095"
"2158692094","1485462572","0.138095"
"1485462572","2160583683","0.138095"
"2160583683","1485462572","0.138095"
"1485462572","2405559795","1.57143"
"2405559795","1485462572","1.57143"
"1485462572","2537033017","0.0714286"
"2537033017","1485462572","0.0714286"
"1521577820","1580135927","0.33254"
"1580135927","1521577820","0.33254"
"1521577820","1584311646","0.33254"
"1584311646","1521577820","0.33254"
"1521577820","1878901631","1.26587"
"1878901631","1521577820","1.26587"
"1521577820","2027255772","0.33254"
"2027255772","1521577820","0.33254"
"1521577820","2076671242","1.42143"
"2076671242","1521577820","1.42143"
"1521577820","2108408414","0.921429"
"2108408414","1521577820","0.921429"
"1521577820","211206415","0.33254"
"211206415","1521577820","0.33254"
"1521577820","2125791025","0.33254"
"2125791025","1521577820","0.33254"
"1521577820","2158692094","0.33254"
"2158692094","1521577820","0.33254"
"1521577820","2160583683","0.221429"
"2160583683","1521577820","0.221429"
"1521577820","2405559795","0.0714286"
"2405559795","1521577820","0.0714286"
"1521577820","2537033017","0.265873"
"2537033017","1521577820","0.265873"
"1580135927","1584311646","0.499206"
"1584311646","1580135927","0.499206"
"1580135927","1878901631","0.265873"
"1878901631","1580135927","0.265873"
"1580135927","2027255772","1.27421"
"2027255772","1580135927","1.27421"
"1580135927","2076671242","0.221429"
"2076671242","1580135927","0.221429"
"1580135927","2108408414","0.388095"
"2108408414","1580135927","0.388095"
"1580135927","211206415","1.03254"
"211206415","1580135927","1.03254"
"1580135927","2125791025","0.70754"
"2125791025","1580135927","0.70754"
"1580135927","2158692094","0.73254"
"2158692094","1580135927","0.73254"
"1580135927","2160583683","0.763095"
"2160583683","1580135927","0.763095"
"1580135927","2405559795","0.0714286"
"2405559795","1580135927","0.0714286"
"1580135927","2537033017","0.93254"
"2537033017","1580135927","0.93254"
"1584311646","1878901631","0.265873"
"1878901631","1584311646","0.265873"
"1584311646","2027255772","0.699206"
"2027255772","1584311646","0.699206"
"1584311646","2076671242","0.621429"
"2076671242","1584311646","0.621429"
"1584311646","2108408414","0.788095"
"2108408414","1584311646","0.788095"
"1584311646","211206415","2.36587"
"211206415","1584311646","2.36587"
"1584311646","2125791025","0.865873"
"2125791025","1584311646","0.865873"
"1584311646","2158692094","0.53254"
"2158692094","1584311646","0.53254"
"1584311646","2160583683","0.388095"
"2160583683","1584311646","0.388095"
"1584311646","2405559795","0.0714286"
"2405559795","1584311646","0.0714286"
"1584311646","2537033017","0.43254"
"2537033017","1584311646","0.43254"
"1878901631","2027255772","0.265873"
"2027255772","1878901631","0.265873"
"1878901631","2076671242","0.654762"
"2076671242","1878901631","0.654762"
"1878901631","2108408414","0.654762"
"2108408414","1878901631","0.654762"
"1878901631","211206415","0.265873"
"211206415","1878901631","0.265873"
"1878901631","2125791025","0.265873"
"2125791025","1878901631","0.265873"
"1878901631","2158692094","0.265873"
"2158692094","1878901631","0.265873"
"1878901631","2160583683","0.154762"
"2160583683","1878901631","0.154762"
"1878901631","2405559795","0.0714286"
"2405559795","1878901631","0.0714286"
"1878901631","2537033017","0.265873"
"2537033017","1878901631","0.265873"
"2027255772","2076671242","1.0381"
"2076671242","2027255772","1.0381"
"2027255772","2108408414","1.20476"
"2108408414","2027255772","1.20476"
"2027255772","211206415","0.699206"
"211206415","2027255772","0.699206"
"2027255772","2125791025","4.02421"
"2125791025","2027255772","4.02421"
"2027255772","2158692094","1.54921"
"2158692094","2027255772","1.54921"
"2027255772","2160583683","0.929762"
"2160583683","2027255772","0.929762"
"2027255772","2405559795","0.0714286"
"2405559795","2027255772","0.0714286"
"2027255772","2537033017","1.13254"
"2537033017","2027255772","1.13254"
"2076671242","2108408414","9.60476"
"2108408414","2076671242","9.60476"
"2076671242","211206415","0.588095"
"211206415","2076671242","0.588095"
"2076671242","2125791025","1.0381"
"2125791025","2076671242","1.0381"
"2076671242","2158692094","1.0381"
"2158692094","2076671242","1.0381"
"2076671242","2160583683","0.888095"
"2160583683","2076671242","0.888095"
"2076671242","2405559795","0.0714286"
"2405559795","2076671242","0.0714286"
"2076671242","2537033017","0.354762"
"2537033017","2076671242","0.354762"
"2108408414","211206415","1.5881"
"211206415","2108408414","1.5881"
"2108408414","2125791025","1.0381"
"2125791025","2108408414","1.0381"
"2108408414","2158692094","1.0381"
"2158692094","2108408414","1.0381"
"2108408414","2160583683","1.05476"
"2160583683","2108408414","1.05476"
"2108408414","2405559795","0.0714286"
"2405559795","2108408414","0.0714286"
"2108408414","2537033017","0.521429"
"2537033017","2108408414","0.521429"
"211206415","2125791025","1.33254"
"2125791025","211206415","1.33254"
"211206415","2158692094","0.699206"
"2158692094","211206415","0.699206"
"211206415","2160583683","0.388095"
"2160583683","211206415","0.388095"
"211206415","2405559795","0.0714286"
"2405559795","211206415","0.0714286"
"211206415","2537033017","0.765873"
"2537033017","211206415","0.765873"
"2125791025","2158692094","1.14921"
"2158692094","2125791025","1.14921"
"2125791025","2160583683","0.763095"
"2160583683","2125791025","0.763095"
"2125791025","2405559795","0.0714286"
"2405559795","2125791025","0.0714286"
"2125791025","2537033017","0.965873"
"2537033017","2125791025","0.965873"
"2158692094","2160583683","0.388095"
"2160583683","2158692094","0.388095"
"2158692094","2405559795","0.0714286"
"2405559795","2158692094","0.0714286"
"2158692094","2537033017","0.465873"
"2537033017","2158692094","0.465873"
"2160583683","2405559795","0.0714286"
"2405559795","2160583683","0.0714286"
"2160583683","2537033017","0.321429"
"2537033017","2160583683","0.321429"
"2405559795","2537033017","0.0714286"
"2537033017","2405559795","0.0714286"
"1480739503","2094044894","0.2"
"2094044894","1480739503","0.2"
"1580135927","2094044894","0.2"
"2094044894","1580135927","0.2"
"2027255772","2094044894","0.2"
"2094044894","2027255772","0.2"
"2094044894","211206415","0.2"
"211206415","2094044894","0.2"
"2094044894","2158692094","0.2"
"2158692094","2094044894","0.2"
"1480739503","1982415346","0.191667"
"1982415346","1480739503","0.191667"
"1480739503","2075785841","0.391667"
"2075785841","1480739503","0.391667"
"1480739503","2116083728","0.391667"
"2116083728","1480739503","0.391667"
"1480739503","2133997200","0.266667"
"2133997200","1480739503","0.266667"
"1485462572","1982415346","0.0666667"
"1982415346","1485462572","0.0666667"
"1485462572","2075785841","0.0666667"
"2075785841","1485462572","0.0666667"
"1485462572","2116083728","0.0666667"
"2116083728","1485462572","0.0666667"
"1485462572","2133997200","0.0666667"
"2133997200","1485462572","0.0666667"
"1521577820","1982415346","0.0666667"
"1982415346","1521577820","0.0666667"
"1521577820","2075785841","0.0666667"
"2075785841","1521577820","0.0666667"
"1521577820","2116083728","0.266667"
"2116083728","1521577820","0.266667"
"1521577820","2133997200","0.266667"
"2133997200","1521577820","0.266667"
"1580135927","1982415346","0.191667"
"1982415346","1580135927","0.191667"
"1580135927","2075785841","0.391667"
"2075785841","1580135927","0.391667"
"1580135927","2116083728","0.191667"
"2116083728","1580135927","0.191667"
"1580135927","2133997200","0.0666667"
"2133997200","1580135927","0.0666667"
"1584311646","1982415346","0.0666667"
"1982415346","1584311646","0.0666667"
"1584311646","2075785841","0.266667"
"2075785841","1584311646","0.266667"
"1584311646","2116083728","0.0666667"
"2116083728","1584311646","0.0666667"
"1584311646","2133997200","0.0666667"
"2133997200","1584311646","0.0666667"
"1982415346","2027255772","0.191667"
"2027255772","1982415346","0.191667"
"1982415346","2075785841","0.191667"
"2075785841","1982415346","0.191667"
"1982415346","2076671242","0.233333"
"2076671242","1982415346","0.233333"
"1982415346","2108408414","0.233333"
"2108408414","1982415346","0.233333"
"1982415346","211206415","0.0666667"
"211206415","1982415346","0.0666667"
"1982415346","2116083728","0.191667"
"2116083728","1982415346","0.191667"
"1982415346","2125791025","0.191667"
"2125791025","1982415346","0.191667"
"1982415346","2133997200","0.0666667"
"2133997200","1982415346","0.0666667"
"1982415346","2158692094","0.0666667"
"2158692094","1982415346","0.0666667"
"1982415346","2160583683","0.191667"
"2160583683","1982415346","0.191667"
"2027255772","2075785841","0.391667"
"2075785841","2027255772","0.391667"
"2027255772","2116083728","0.191667"
"2116083728","2027255772","0.191667"
"2027255772","2133997200","0.0666667"
"2133997200","2027255772","0.0666667"
"2075785841","2076671242","0.266667"
"2076671242","2075785841","0.266667"
"2075785841","2108408414","0.266667"
"2108408414","2075785841","0.266667"
"2075785841","211206415","0.266667"
"211206415","2075785841","0.266667"
"2075785841","2116083728","0.191667"
"2116083728","2075785841","0.191667"
"2075785841","2125791025","0.191667"
"2125791025","2075785841","0.191667"
"2075785841","2133997200","0.0666667"
"2133997200","2075785841","0.0666667"
"2075785841","2158692094","0.266667"
"2158692094","2075785841","0.266667"
"2075785841","2160583683","0.191667"
"2160583683","2075785841","0.191667"
"2076671242","2116083728","0.266667"
"2116083728","2076671242","0.266667"
"2076671242","2133997200","0.266667"
"2133997200","2076671242","0.266667"
"2108408414","2116083728","0.266667"
"2116083728","2108408414","0.266667"
"2108408414","2133997200","0.266667"
"2133997200","2108408414","0.266667"
"211206415","2116083728","0.0666667"
"2116083728","211206415","0.0666667"
"211206415","2133997200","0.0666667"
"2133997200","211206415","0.0666667"
"2116083728","2125791025","0.191667"
"2125791025","2116083728","0.191667"
"2116083728","2133997200","2.26667"
"2133997200","2116083728","2.26667"
"2116083728","2158692094","0.0666667"
"2158692094","2116083728","0.0666667"
"2116083728","2160583683","0.191667"
"2160583683","2116083728","0.191667"
"2125791025","2133997200","0.0666667"
"2133997200","2125791025","0.0666667"
"2133997200","2158692094","0.0666667"
"2158692094","2133997200","0.0666667"
"2133997200","2160583683","0.0666667"
"2160583683","2133997200","0.0666667"
"1480739503","2118676324","0.125"
"2118676324","1480739503","0.125"
"1580135927","2118676324","0.125"
"2118676324","1580135927","0.125"
"1982415346","2118676324","0.125"
"2118676324","1982415346","0.125"
"2027255772","2118676324","0.125"
"2118676324","2027255772","0.125"
"2075785841","2118676324","0.125"
"2118676324","2075785841","0.125"
"2116083728","2118676324","0.125"
"2118676324","2116083728","0.125"
"2118676324","2125791025","0.125"
"2125791025","2118676324","0.125"
"2118676324","2160583683","0.125"
"2160583683","2118676324","0.125"
"1480739503","1822688967","0.2"
"1822688967","1480739503","0.2"
"1580135927","1822688967","0.45"
"1822688967","1580135927","0.45"
"1822688967","2027255772","0.45"
"2027255772","1822688967","0.45"
"1822688967","2075785841","0.4"
"2075785841","1822688967","0.4"
"1822688967","2158692094","0.7"
"2158692094","1822688967","0.7"
"1484777995","2169369854","4"
"2169369854","1484777995","4"
"1484777995","1519241557","1"
"1519241557","1484777995","1"
"1484777995","203001717","1"
"203001717","1484777995","1"
"1484777995","322379763","1"
"322379763","1484777995","1"
"1519241557","203001717","2.13258"
"203001717","1519241557","2.13258"
"1519241557","2169369854","2.38258"
"2169369854","1519241557","2.38258"
"1519241557","322379763","2.38258"
"322379763","1519241557","2.38258"
"203001717","2169369854","2.13258"
"2169369854","203001717","2.13258"
"203001717","322379763","2.13258"
"322379763","203001717","2.13258"
"2169369854","322379763","2.38258"
"322379763","2169369854","2.38258"
"1485462572","1596375756","1"
"1596375756","1485462572","1"
"1485462572","1523954505","0.333333"
"1523954505","1485462572","0.333333"
"1485462572","2073794674","0.333333"
"2073794674","1485462572","0.333333"
"1485462572","2094044894","1.83333"
"2094044894","1485462572","1.83333"
"1523954505","2073794674","0.333333"
"2073794674","1523954505","0.333333"
"1523954505","2094044894","0.333333"
"2094044894","1523954505","0.333333"
"2073794674","2094044894","1.33333"
"2094044894","2073794674","1.33333"
"2094044894","2405559795","1.5"
"2405559795","2094044894","1.5"
"1508034956","1509644870","0.549242"
"1509644870","1508034956","0.549242"
"1508034956","1521769685","0.590909"
"1521769685","1508034956","0.590909"
"1508034956","1525753400","1.09091"
"1525753400","1508034956","1.09091"
"1508034956","2074126980","0.590909"
"2074126980","1508034956","0.590909"
"1508034956","2075785841","0.375"
"2075785841","1508034956","0.375"
"1508034956","2100952358","1.71591"
"2100952358","1508034956","1.71591"
"1508034956","2107948064","1.54924"
"2107948064","1508034956","1.54924"
"1508034956","2114264306","2.34091"
"2114264306","1508034956","2.34091"
"1509644870","1521769685","0.424242"
"1521769685","1509644870","0.424242"
"1509644870","1525753400","0.299242"
"1525753400","1509644870","0.299242"
"1509644870","2074126980","0.424242"
"2074126980","1509644870","0.424242"
"1509644870","2075785841","0.208333"
"2075785841","1509644870","0.208333"
"1509644870","2100952358","0.424242"
"2100952358","1509644870","0.424242"
"1509644870","2107948064","0.424242"
"2107948064","1509644870","0.424242"
"1509644870","2114264306","0.549242"
"2114264306","1509644870","0.549242"
"1521769685","1525753400","1.04924"
"1525753400","1521769685","1.04924"
"1521769685","2074126980","1.46591"
"2074126980","1521769685","1.46591"
"1521769685","2075785841","1.95833"
"2075785841","1521769685","1.95833"
"1521769685","2100952358","1.04924"
"2100952358","1521769685","1.04924"
"1521769685","2107948064","0.424242"
"2107948064","1521769685","0.424242"
"1521769685","2114264306","0.590909"
"2114264306","1521769685","0.590909"
"1525753400","2074126980","1.71591"
"2074126980","1525753400","1.71591"
"1525753400","2075785841","1.20833"
"2075785841","1525753400","1.20833"
"1525753400","2100952358","2.17424"
"2100952358","1525753400","2.17424"
"1525753400","2107948064","0.924242"
"2107948064","1525753400","0.924242"
"1525753400","2114264306","2.34091"
"2114264306","1525753400","2.34091"
"2074126980","2075785841","3.625"
"2075785841","2074126980","3.625"
"2074126980","2100952358","1.84091"
"2100952358","2074126980","1.84091"
"2074126980","2107948064","0.299242"
"2107948064","2074126980","0.299242"
"2074126980","2114264306","0.840909"
"2114264306","2074126980","0.840909"
"2075785841","2100952358","1.20833"
"2100952358","2075785841","1.20833"
"2075785841","2107948064","0.208333"
"2107948064","2075785841","0.208333"
"2075785841","2114264306","0.625"
"2114264306","2075785841","0.625"
"2100952358","2107948064","1.92424"
"2107948064","2100952358","1.92424"
"2100952358","2114264306","0.965909"
"2114264306","2100952358","0.965909"
"2107948064","2114264306","0.549242"
"2114264306","2107948064","0.549242"
"1508034956","1519241557","0.549242"
"1519241557","1508034956","0.549242"
"1508034956","203001717","0.549242"
"203001717","1508034956","0.549242"
"1508034956","2169369854","0.549242"
"2169369854","1508034956","0.549242"
"1508034956","322379763","0.549242"
"322379763","1508034956","0.549242"
"1519241557","1525753400","0.549242"
"1525753400","1519241557","0.549242"
"1519241557","2100952358","0.674242"
"2100952358","1519241557","0.674242"
"1519241557","2107948064","0.424242"
"2107948064","1519241557","0.424242"
"1519241557","2114264306","0.549242"
"2114264306","1519241557","0.549242"
"1525753400","203001717","0.549242"
"203001717","1525753400","0.549242"
"1525753400","2169369854","0.549242"
"2169369854","1525753400","0.549242"
"1525753400","322379763","0.549242"
"322379763","1525753400","0.549242"
"203001717","2100952358","0.674242"
"2100952358","203001717","0.674242"
"203001717","2107948064","0.424242"
"2107948064","203001717","0.424242"
"203001717","2114264306","0.549242"
"2114264306","203001717","0.549242"
"2100952358","2169369854","0.674242"
"2169369854","2100952358","0.674242"
"2100952358","322379763","0.674242"
"322379763","2100952358","0.674242"
"2107948064","2169369854","0.424242"
"2169369854","2107948064","0.424242"
"2107948064","322379763","0.424242"
"322379763","2107948064","0.424242"
"2114264306","2169369854","0.549242"
"2169369854","2114264306","0.549242"
"2114264306","322379763","0.549242"
"322379763","2114264306","0.549242"
"1509644870","1519241557","0.424242"
"1519241557","1509644870","0.424242"
"1509644870","203001717","0.424242"
"203001717","1509644870","0.424242"
"1509644870","2169369854","0.424242"
"2169369854","1509644870","0.424242"
"1509644870","322379763","0.424242"
"322379763","1509644870","0.424242"
"1519241557","1521769685","0.299242"
"1521769685","1519241557","0.299242"
"1519241557","2074126980","0.299242"
"2074126980","1519241557","0.299242"
"1521769685","203001717","0.549242"
"203001717","1521769685","0.549242"
"1521769685","2169369854","0.299242"
"2169369854","1521769685","0.299242"
"1521769685","322379763","0.299242"
"322379763","1521769685","0.299242"
"203001717","2074126980","0.299242"
"2074126980","203001717","0.299242"
"2074126980","2169369854","0.299242"
"2169369854","2074126980","0.299242"
"2074126980","322379763","0.299242"
"322379763","2074126980","0.299242"
"1519241557","2075785841","0.333333"
"2075785841","1519241557","0.333333"
"203001717","2075785841","0.583333"
"2075785841","203001717","0.583333"
"2075785841","2169369854","0.333333"
"2169369854","2075785841","0.333333"
"2075785841","322379763","0.333333"
"322379763","2075785841","0.333333"
"1521577820","2094044894","0.5"
"2094044894","1521577820","0.5"
"2076671242","2094044894","1"
"2094044894","2076671242","1"
"1523954505","1822688967","0.5"
"1822688967","1523954505","0.5"
"1523954505","2158692094","0.5"
"2158692094","1523954505","0.5"
"1542848606","1982415346","1.16667"
"1982415346","1542848606","1.16667"
"1542848606","2108967076","5"
"2108967076","1542848606","5"
"1982415346","2108967076","1"
"2108967076","1982415346","1"
"1542848606","1596375756","0.166667"
"1596375756","1542848606","0.166667"
"1542848606","2073794674","0.166667"
"2073794674","1542848606","0.166667"
"1542848606","2076671242","0.166667"
"2076671242","1542848606","0.166667"
"1542848606","2108408414","0.166667"
"2108408414","1542848606","0.166667"
"1542848606","2111637003","0.166667"
"2111637003","1542848606","0.166667"
"1596375756","1982415346","0.166667"
"1982415346","1596375756","0.166667"
"1596375756","2073794674","0.166667"
"2073794674","1596375756","0.166667"
"1596375756","2076671242","0.166667"
"2076671242","1596375756","0.166667"
"1596375756","2108408414","0.166667"
"2108408414","1596375756","0.166667"
"1596375756","2111637003","4.16667"
"2111637003","1596375756","4.16667"
"1982415346","2073794674","0.166667"
"2073794674","1982415346","0.166667"
"1982415346","2111637003","0.166667"
"2111637003","1982415346","0.166667"
"2073794674","2076671242","0.166667"
"2076671242","2073794674","0.166667"
"2073794674","2108408414","0.166667"
"2108408414","2073794674","0.166667"
"2073794674","2111637003","0.166667"
"2111637003","2073794674","0.166667"
"2076671242","2111637003","0.166667"
"2111637003","2076671242","0.166667"
"2108408414","2111637003","0.166667"
"2111637003","2108408414","0.166667"
"1822688967","2125791025","0.25"
"2125791025","1822688967","0.25"
"1822688967","2160583683","0.25"
"2160583683","1822688967","0.25"
"1584311646","1822688967","0.2"
"1822688967","1584311646","0.2"
"1822688967","2076671242","0.2"
"2076671242","1822688967","0.2"
"1822688967","2108408414","0.2"
"2108408414","1822688967","0.2"
"1822688967","211206415","0.2"
"211206415","1822688967","0.2"
"161085161","2022988853","1.5"
"2022988853","161085161","1.5"
"161085161","2103858478","14.9167"
"2103858478","161085161","14.9167"
"161085161","2933078497","0.666667"
"2933078497","161085161","0.666667"
"2022988853","2103858478","4.18611"
"2103858478","2022988853","4.18611"
"2022988853","2933078497","2.16667"
"2933078497","2022988853","2.16667"
"2103858478","2933078497","1.16667"
"2933078497","2103858478","1.16667"
"161085161","2146337373","1.08333"
"2146337373","161085161","1.08333"
"2022988853","2146337373","3.01944"
"2146337373","2022988853","3.01944"
"2103858478","2146337373","2.43611"
"2146337373","2103858478","2.43611"
"161085161","1887934433","1.33333"
"1887934433","161085161","1.33333"
"161085161","2556664384","1.45"
"2556664384","161085161","1.45"
"1887934433","2146337373","0.333333"
"2146337373","1887934433","0.333333"
"1887934433","2556664384","0.5"
"2556664384","1887934433","0.5"
"2146337373","2556664384","8.81111"
"2556664384","2146337373","8.81111"
"161085161","2120229126","0.95"
"2120229126","161085161","0.95"
"161085161","2155057508","1.33333"
"2155057508","161085161","1.33333"
"2120229126","2155057508","3.36111"
"2155057508","2120229126","3.36111"
"161085161","2090164013","2.7"
"2090164013","161085161","2.7"
"161085161","2168751232","0.7"
"2168751232","161085161","0.7"
"2090164013","2168751232","2.86667"
"2168751232","2090164013","2.86667"
"161085161","2129588983","0.5"
"2129588983","161085161","0.5"
"161085161","2306210853","0.5"
"2306210853","161085161","0.5"
"2129588983","2155057508","1.02778"
"2155057508","2129588983","1.02778"
"2129588983","2306210853","2.43611"
"2306210853","2129588983","2.43611"
"2155057508","2306210853","0.861111"
"2306210853","2155057508","0.861111"
"161085161","2083365010","0.166667"
"2083365010","161085161","0.166667"
"2083365010","2103858478","2.40833"
"2103858478","2083365010","2.40833"
"2083365010","2129588983","0.491667"
"2129588983","2083365010","0.491667"
"2083365010","2146337373","0.491667"
"2146337373","2083365010","0.491667"
"2083365010","2306210853","0.858333"
"2306210853","2083365010","0.858333"
"2083365010","2556664384","0.533333"
"2556664384","2083365010","0.533333"
"2103858478","2129588983","2.40278"
"2129588983","2103858478","2.40278"
"2103858478","2306210853","1.35278"
"2306210853","2103858478","1.35278"
"2103858478","2556664384","3.97778"
"2556664384","2103858478","3.97778"
"2129588983","2146337373","0.902778"
"2146337373","2129588983","0.902778"
"2129588983","2556664384","0.527778"
"2556664384","2129588983","0.527778"
"2146337373","2306210853","1.35278"
"2306210853","2146337373","1.35278"
"2306210853","2556664384","1.47778"
"2556664384","2306210853","1.47778"
"161085161","2004822439","0.2"
"2004822439","161085161","0.2"
"2004822439","2090164013","12.6861"
"2090164013","2004822439","12.6861"
"2004822439","2120229126","1.93611"
"2120229126","2004822439","1.93611"
"2004822439","2168751232","3.86667"
"2168751232","2004822439","3.86667"
"2004822439","2556664384","0.477778"
"2556664384","2004822439","0.477778"
"2090164013","2120229126","3.21944"
"2120229126","2090164013","3.21944"
"2090164013","2556664384","1.56111"
"2556664384","2090164013","1.56111"
"2120229126","2168751232","0.2"
"2168751232","2120229126","0.2"
"2120229126","2556664384","2.56111"
"2556664384","2120229126","2.56111"
"2168751232","2556664384","0.2"
"2556664384","2168751232","0.2"
"2103858478","2120229126","1.73611"
"2120229126","2103858478","1.73611"
"2120229126","2146337373","0.736111"
"2146337373","2120229126","0.736111"
"2155057508","2556664384","0.611111"
"2556664384","2155057508","0.611111"
"1887934433","2306210853","3"
"2306210853","1887934433","3"
"1887934433","2933078497","1"
"2933078497","1887934433","1"
"1887934433","2004822439","0.416667"
"2004822439","1887934433","0.416667"
"1887934433","2083365010","0.416667"
"2083365010","1887934433","0.416667"
"1887934433","2090164013","0.416667"
"2090164013","1887934433","0.416667"
"1887934433","2103858478","0.166667"
"2103858478","1887934433","0.166667"
"1887934433","2120229126","0.166667"
"2120229126","1887934433","0.166667"
"2004822439","2083365010","3.04167"
"2083365010","2004822439","3.04167"
"2004822439","2103858478","0.652778"
"2103858478","2004822439","0.652778"
"2083365010","2090164013","1.99167"
"2090164013","2083365010","1.99167"
"2083365010","2120229126","1.575"
"2120229126","2083365010","1.575"
"2090164013","2103858478","4.98611"
"2103858478","2090164013","4.98611"
"1887934433","2168751232","0.25"
"2168751232","1887934433","0.25"
"2083365010","2168751232","1.41667"
"2168751232","2083365010","1.41667"
"1982415346","2069785777","1"
"2069785777","1982415346","1"
"2004822439","2306210853","1.65278"
"2306210853","2004822439","1.65278"
"2004822439","2155057508","2.36111"
"2155057508","2004822439","2.36111"
"2155057508","2168751232","1.91667"
"2168751232","2155057508","1.91667"
"2004822439","2022988853","0.236111"
"2022988853","2004822439","0.236111"
"2004822439","2129588983","2.56944"
"2129588983","2004822439","2.56944"
"2004822439","2146337373","0.236111"
"2146337373","2004822439","0.236111"
"2022988853","2083365010","2.025"
"2083365010","2022988853","2.025"
"2022988853","2090164013","0.436111"
"2090164013","2022988853","0.436111"
"2022988853","2120229126","0.686111"
"2120229126","2022988853","0.686111"
"2022988853","2129588983","0.936111"
"2129588983","2022988853","0.936111"
"2022988853","2306210853","3.13611"
"2306210853","2022988853","3.13611"
"2090164013","2129588983","2.51944"
"2129588983","2090164013","2.51944"
"2090164013","2146337373","0.486111"
"2146337373","2090164013","0.486111"
"2090164013","2306210853","0.852778"
"2306210853","2090164013","0.852778"
"2120229126","2129588983","0.686111"
"2129588983","2120229126","0.686111"
"2120229126","2306210853","0.686111"
"2306210853","2120229126","0.686111"
"2022988853","2155057508","1.36111"
"2155057508","2022988853","1.36111"
"2022988853","2556664384","1.31111"
"2556664384","2022988853","1.31111"
"2090164013","2155057508","2.11111"
"2155057508","2090164013","2.11111"
"2103858478","2155057508","2.36111"
"2155057508","2103858478","2.36111"
"2146337373","2155057508","0.111111"
"2155057508","2146337373","0.111111"
"2004822439","2053722115","0.416667"
"2053722115","2004822439","0.416667"
"2053722115","2083365010","0.166667"
"2083365010","2053722115","0.166667"
"2053722115","2090164013","0.416667"
"2090164013","2053722115","0.416667"
"2053722115","2155057508","6.16667"
"2155057508","2053722115","6.16667"
"2053722115","2168751232","0.166667"
"2168751232","2053722115","0.166667"
"2053722115","2306210853","0.416667"
"2306210853","2053722115","0.416667"
"2083365010","2155057508","0.416667"
"2155057508","2083365010","0.416667"
"2168751232","2306210853","0.166667"
"2306210853","2168751232","0.166667"
"2103858478","2168751232","0.25"
"2168751232","2103858478","0.25"
"2004822439","2933078497","0.25"
"2933078497","2004822439","0.25"
"2053722115","2933078497","0.25"
"2933078497","2053722115","0.25"
"2090164013","2933078497","0.25"
"2933078497","2090164013","0.25"
"2306210853","2933078497","0.25"
"2933078497","2306210853","0.25"
"2073794674","2556664384","1"
"2556664384","2073794674","1"
"2073794674","2133997200","4"
"2133997200","2073794674","4"
"2073794674","2155057508","1"
"2155057508","2073794674","1"
"2073794674","2116083728","1"
"2116083728","2073794674","1"
"2094044894","2108408414","0.5"
"2108408414","2094044894","0.5"
"2090164013","3008208812","0.5"
"3008208812","2090164013","0.5"
"2120229126","3008208812","0.5"
"3008208812","2120229126","0.5"
"2109219933","2129588983","1"
"2129588983","2109219933","1"
"2186173698","2402513611","1"
"2402513611","2186173698","1"
"2186173698","2950298751","14"
"2950298751","2186173698","14"
