"1153358492","1628351780","0.111111"
"1628351780","1153358492","0.111111"
"1153358492","1946916043","0.111111"
"1946916043","1153358492","0.111111"
"1153358492","2135597995","0.111111"
"2135597995","1153358492","0.111111"
"1153358492","2138736223","0.311111"
"2138736223","1153358492","0.311111"
"1153358492","2419477541","0.111111"
"2419477541","1153358492","0.111111"
"1153358492","2742048611","0.111111"
"2742048611","1153358492","0.111111"
"1153358492","2909065300","0.111111"
"2909065300","1153358492","0.111111"
"1153358492","2964004845","0.111111"
"2964004845","1153358492","0.111111"
"1153358492","2998794639","0.111111"
"2998794639","1153358492","0.111111"
"1628351780","1946916043","3.11111"
"1946916043","1628351780","3.11111"
"1628351780","2135597995","0.753968"
"2135597995","1628351780","0.753968"
"1628351780","2138736223","1.67063"
"2138736223","1628351780","1.67063"
"1628351780","2419477541","0.520635"
"2419477541","1628351780","0.520635"
"1628351780","2742048611","1.60397"
"2742048611","1628351780","1.60397"
"1628351780","2909065300","2.03968"
"2909065300","1628351780","2.03968"
"1628351780","2964004845","3.03254"
"2964004845","1628351780","3.03254"
"1628351780","2998794639","1.48016"
"2998794639","1628351780","1.48016"
"1946916043","2135597995","4.01111"
"2135597995","1946916043","4.01111"
"1946916043","2138736223","0.561111"
"2138736223","1946916043","0.561111"
"1946916043","2419477541","0.111111"
"2419477541","1946916043","0.111111"
"1946916043","2742048611","0.777778"
"2742048611","1946916043","0.777778"
"1946916043","2909065300","1.31111"
"2909065300","1946916043","1.31111"
"1946916043","2964004845","1.36111"
"2964004845","1946916043","1.36111"
"1946916043","2998794639","1.06111"
"2998794639","1946916043","1.06111"
"2135597995","2138736223","1.87063"
"2138736223","2135597995","1.87063"
"2135597995","2419477541","0.111111"
"2419477541","2135597995","0.111111"
"2135597995","2742048611","2.02778"
"2742048611","2135597995","2.02778"
"2135597995","2909065300","0.561111"
"2909065300","2135597995","0.561111"
"2135597995","2964004845","4.75397"
"2964004845","2135597995","4.75397"
"2135597995","2998794639","0.870635"
"2998794639","2135597995","0.870635"
"2138736223","2419477541","0.194444"
"2419477541","2138736223","0.194444"
"2138736223","2742048611","0.194444"
"2742048611","2138736223","0.194444"
"2138736223","2909065300","0.194444"
"2909065300","2138736223","0.194444"
"2138736223","2964004845","0.787302"
"2964004845","2138736223","0.787302"
"2138736223","2998794639","2.00397"
"2998794639","2138736223","2.00397"
"2419477541","2742048611","0.687302"
"2742048611","2419477541","0.687302"
"2419477541","2909065300","0.420635"
"2909065300","2419477541","0.420635"
"2419477541","2964004845","0.687302"
"2964004845","2419477541","0.687302"
"2419477541","2998794639","0.194444"
"2998794639","2419477541","0.194444"
"2742048611","2909065300","1.17063"
"2909065300","2742048611","1.17063"
"2742048611","2964004845","24.8302"
"2964004845","2742048611","24.8302"
"2742048611","2998794639","1.36111"
"2998794639","2742048611","1.36111"
"2909065300","2964004845","1.95635"
"2964004845","2909065300","1.95635"
"2909065300","2998794639","0.703968"
"2998794639","2909065300","0.703968"
"2964004845","2998794639","1.73016"
"2998794639","2964004845","1.73016"
"1153358492","1712244114","0.2"
"1712244114","1153358492","0.2"
"1153358492","2132801987","0.2"
"2132801987","1153358492","0.2"
"1153358492","2529612928","0.2"
"2529612928","1153358492","0.2"
"1153358492","2951778327","0.2"
"2951778327","1153358492","0.2"
"1712244114","2132801987","0.7"
"2132801987","1712244114","0.7"
"1712244114","2138736223","0.283333"
"2138736223","1712244114","0.283333"
"1712244114","2529612928","0.366667"
"2529612928","1712244114","0.366667"
"1712244114","2951778327","4.10952"
"2951778327","1712244114","4.10952"
"2132801987","2138736223","0.45"
"2138736223","2132801987","0.45"
"2132801987","2529612928","0.509524"
"2529612928","2132801987","0.509524"
"2132801987","2951778327","0.366667"
"2951778327","2132801987","0.366667"
"2138736223","2529612928","0.283333"
"2529612928","2138736223","0.283333"
"2138736223","2951778327","0.283333"
"2951778327","2138736223","0.283333"
"2529612928","2951778327","0.491667"
"2951778327","2529612928","0.491667"
"1628351780","2131043268","1.69524"
"2131043268","1628351780","1.69524"
"1628351780","2132801987","0.309524"
"2132801987","1628351780","0.309524"
"1628351780","2529612928","0.702381"
"2529612928","1628351780","0.702381"
"1628351780","95485512","0.385714"
"95485512","1628351780","0.385714"
"2131043268","2132801987","0.392857"
"2132801987","2131043268","0.392857"
"2131043268","2529612928","0.869048"
"2529612928","2131043268","0.869048"
"2131043268","2909065300","0.869048"
"2909065300","2131043268","0.869048"
"2131043268","2964004845","3.0381"
"2964004845","2131043268","3.0381"
"2131043268","2998794639","0.452381"
"2998794639","2131043268","0.452381"
"2131043268","95485512","5.5119"
"95485512","2131043268","5.5119"
"2132801987","2909065300","0.842857"
"2909065300","2132801987","0.842857"
"2132801987","2964004845","2.14286"
"2964004845","2132801987","2.14286"
"2132801987","2998794639","0.592857"
"2998794639","2132801987","0.592857"
"2132801987","95485512","0.142857"
"95485512","2132801987","0.142857"
"2529612928","2909065300","0.702381"
"2909065300","2529612928","0.702381"
"2529612928","2964004845","2.78571"
"2964004845","2529612928","2.78571"
"2529612928","2998794639","0.47619"
"2998794639","2529612928","0.47619"
"2529612928","95485512","0.535714"
"95485512","2529612928","0.535714"
"2909065300","95485512","0.285714"
"95485512","2909065300","0.285714"
"2964004845","95485512","2.14524"
"95485512","2964004845","2.14524"
"2998794639","95485512","2.05952"
"95485512","2998794639","2.05952"
"1628351780","1712244114","0.409524"
"1712244114","1628351780","0.409524"
"1628351780","1770021116","0.242857"
"1770021116","1628351780","0.242857"
"1628351780","2231850640","0.183333"
"2231850640","1628351780","0.183333"
"1628351780","2951778327","0.409524"
"2951778327","1628351780","0.409524"
"1628351780","2953899514","0.32619"
"2953899514","1628351780","0.32619"
"1712244114","1770021116","0.1"
"1770021116","1712244114","0.1"
"1712244114","2131043268","1.18333"
"2131043268","1712244114","1.18333"
"1712244114","2231850640","0.183333"
"2231850640","1712244114","0.183333"
"1712244114","2419477541","0.909524"
"2419477541","1712244114","0.909524"
"1712244114","2742048611","0.909524"
"2742048611","1712244114","0.909524"
"1712244114","2953899514","0.82619"
"2953899514","1712244114","0.82619"
"1712244114","2964004845","1.07619"
"2964004845","1712244114","1.07619"
"1712244114","95485512","0.1"
"95485512","1712244114","0.1"
"1770021116","2131043268","0.242857"
"2131043268","1770021116","0.242857"
"1770021116","2231850640","0.1"
"2231850640","1770021116","0.1"
"1770021116","2419477541","0.1"
"2419477541","1770021116","0.1"
"1770021116","2742048611","0.1"
"2742048611","1770021116","0.1"
"1770021116","2951778327","0.1"
"2951778327","1770021116","0.1"
"1770021116","2953899514","0.1"
"2953899514","1770021116","0.1"
"1770021116","2964004845","0.242857"
"2964004845","1770021116","0.242857"
"1770021116","95485512","0.242857"
"95485512","1770021116","0.242857"
"2131043268","2231850640","0.659524"
"2231850640","2131043268","0.659524"
"2131043268","2419477541","0.183333"
"2419477541","2131043268","0.183333"
"2131043268","2742048611","3.15952"
"2742048611","2131043268","3.15952"
"2131043268","2951778327","0.183333"
"2951778327","2131043268","0.183333"
"2131043268","2953899514","0.183333"
"2953899514","2131043268","0.183333"
"2231850640","2419477541","0.183333"
"2419477541","2231850640","0.183333"
"2231850640","2742048611","1.15952"
"2742048611","2231850640","1.15952"
"2231850640","2951778327","0.183333"
"2951778327","2231850640","0.183333"
"2231850640","2953899514","0.1"
"2953899514","2231850640","0.1"
"2231850640","2964004845","1.40952"
"2964004845","2231850640","1.40952"
"2231850640","95485512","1.65952"
"95485512","2231850640","1.65952"
"2419477541","2951778327","0.534524"
"2951778327","2419477541","0.534524"
"2419477541","2953899514","1.11786"
"2953899514","2419477541","1.11786"
"2419477541","95485512","0.1"
"95485512","2419477541","0.1"
"2742048611","2951778327","0.909524"
"2951778327","2742048611","0.909524"
"2742048611","2953899514","0.492857"
"2953899514","2742048611","0.492857"
"2742048611","95485512","1.40952"
"95485512","2742048611","1.40952"
"2951778327","2953899514","0.45119"
"2953899514","2951778327","0.45119"
"2951778327","2964004845","0.742857"
"2964004845","2951778327","0.742857"
"2951778327","95485512","0.1"
"95485512","2951778327","0.1"
"2953899514","2964004845","0.492857"
"2964004845","2953899514","0.492857"
"2953899514","95485512","0.1"
"95485512","2953899514","0.1"
"1628351780","2979437559","2"
"2979437559","1628351780","2"
"1628351780","2225627555","1"
"2225627555","1628351780","1"
"2225627555","2909065300","0.5"
"2909065300","2225627555","0.5"
"1712244114","2909065300","0.809524"
"2909065300","1712244114","0.809524"
"2909065300","2951778327","0.47619"
"2951778327","2909065300","0.47619"
"2909065300","2953899514","0.22619"
"2953899514","2909065300","0.22619"
"1628351780","2159094087","0.47619"
"2159094087","1628351780","0.47619"
"1628351780","79644167","0.142857"
"79644167","1628351780","0.142857"
"2131043268","2135597995","0.509524"
"2135597995","2131043268","0.509524"
"2131043268","2138736223","1.04286"
"2138736223","2131043268","1.04286"
"2131043268","2159094087","0.67619"
"2159094087","2131043268","0.67619"
"2131043268","79644167","0.309524"
"79644167","2131043268","0.309524"
"2135597995","2159094087","0.642857"
"2159094087","2135597995","0.642857"
"2135597995","79644167","0.809524"
"79644167","2135597995","0.809524"
"2138736223","2159094087","1.17619"
"2159094087","2138736223","1.17619"
"2138736223","79644167","0.559524"
"79644167","2138736223","0.559524"
"2159094087","2964004845","1.59286"
"2964004845","2159094087","1.59286"
"2159094087","2998794639","1.39286"
"2998794639","2159094087","1.39286"
"2159094087","79644167","1.14286"
"79644167","2159094087","1.14286"
"2964004845","79644167","0.392857"
"79644167","2964004845","0.392857"
"2998794639","79644167","2.22619"
"79644167","2998794639","2.22619"
"1946916043","2225627555","1"
"2225627555","1946916043","1"
"1628351780","2788553320","1"
"2788553320","1628351780","1"
"1628351780","2743061175","0.309524"
"2743061175","1628351780","0.309524"
"1628351780","2951950383","0.0833333"
"2951950383","1628351780","0.0833333"
"1712244114","2743061175","0.666667"
"2743061175","1712244114","0.666667"
"1712244114","2951950383","0.583333"
"2951950383","1712244114","0.583333"
"2131043268","2743061175","0.22619"
"2743061175","2131043268","0.22619"
"2131043268","2951950383","0.0833333"
"2951950383","2131043268","0.0833333"
"2132801987","2419477541","0.166667"
"2419477541","2132801987","0.166667"
"2132801987","2742048611","1.16667"
"2742048611","2132801987","1.16667"
"2132801987","2743061175","0.166667"
"2743061175","2132801987","0.166667"
"2132801987","2951950383","0.0833333"
"2951950383","2132801987","0.0833333"
"2132801987","2953899514","0.0833333"
"2953899514","2132801987","0.0833333"
"2419477541","2529612928","0.291667"
"2529612928","2419477541","0.291667"
"2419477541","2743061175","0.458333"
"2743061175","2419477541","0.458333"
"2419477541","2951950383","0.375"
"2951950383","2419477541","0.375"
"2529612928","2742048611","0.666667"
"2742048611","2529612928","0.666667"
"2529612928","2743061175","0.684524"
"2743061175","2529612928","0.684524"
"2529612928","2951950383","0.208333"
"2951950383","2529612928","0.208333"
"2529612928","2953899514","0.208333"
"2953899514","2529612928","0.208333"
"2742048611","2743061175","0.333333"
"2743061175","2742048611","0.333333"
"2742048611","2951950383","0.25"
"2951950383","2742048611","0.25"
"2743061175","2909065300","0.309524"
"2909065300","2743061175","0.309524"
"2743061175","2951778327","0.291667"
"2951778327","2743061175","0.291667"
"2743061175","2951950383","4.875"
"2951950383","2743061175","4.875"
"2743061175","2953899514","1.375"
"2953899514","2743061175","1.375"
"2743061175","2964004845","0.72619"
"2964004845","2743061175","0.72619"
"2909065300","2951950383","0.0833333"
"2951950383","2909065300","0.0833333"
"2951778327","2951950383","0.208333"
"2951950383","2951778327","0.208333"
"2951950383","2953899514","0.375"
"2953899514","2951950383","0.375"
"2951950383","2964004845","0.25"
"2964004845","2951950383","0.25"
"1770021116","2529612928","0.142857"
"2529612928","1770021116","0.142857"
"1770021116","2743061175","0.142857"
"2743061175","1770021116","0.142857"
"1770021116","2909065300","0.142857"
"2909065300","1770021116","0.142857"
"2743061175","95485512","0.142857"
"95485512","2743061175","0.142857"
"1712244114","2998794639","0.25"
"2998794639","1712244114","0.25"
"2132801987","2231850640","0.75"
"2231850640","2132801987","0.75"
"2138736223","2231850640","0.75"
"2231850640","2138736223","0.75"
"2138736223","2743061175","0.0833333"
"2743061175","2138736223","0.0833333"
"2231850640","2529612928","0.333333"
"2529612928","2231850640","0.333333"
"2231850640","2743061175","0.0833333"
"2743061175","2231850640","0.0833333"
"2231850640","2909065300","0.0833333"
"2909065300","2231850640","0.0833333"
"2231850640","2998794639","0.583333"
"2998794639","2231850640","0.583333"
"2743061175","2998794639","0.333333"
"2998794639","2743061175","0.333333"
"2951778327","2998794639","0.25"
"2998794639","2951778327","0.25"
"1712244114","2788553320","0.166667"
"2788553320","1712244114","0.166667"
"1712244114","2979437559","0.166667"
"2979437559","1712244114","0.166667"
"2742048611","2788553320","0.166667"
"2788553320","2742048611","0.166667"
"2742048611","2979437559","0.166667"
"2979437559","2742048611","0.166667"
"2788553320","2909065300","0.166667"
"2909065300","2788553320","0.166667"
"2788553320","2951778327","0.166667"
"2951778327","2788553320","0.166667"
"2788553320","2979437559","0.166667"
"2979437559","2788553320","0.166667"
"2788553320","2998794639","0.166667"
"2998794639","2788553320","0.166667"
"2909065300","2979437559","1.36667"
"2979437559","2909065300","1.36667"
"2951778327","2979437559","0.166667"
"2979437559","2951778327","0.166667"
"2979437559","2998794639","0.7"
"2998794639","2979437559","0.7"
"2135597995","2225627555","1.5"
"2225627555","2135597995","1.5"
"1946916043","79644167","0.5"
"79644167","1946916043","0.5"
"1946916043","2979437559","0.9"
"2979437559","1946916043","0.9"
"2135597995","2979437559","0.9"
"2979437559","2135597995","0.9"
"1946916043","95485512","0.45"
"95485512","1946916043","0.45"
"2135597995","95485512","0.45"
"95485512","2135597995","0.45"
"79644167","95485512","0.916667"
"95485512","79644167","0.916667"
"1946916043","2529612928","0.333333"
"2529612928","1946916043","0.333333"
"2135597995","2529612928","0.583333"
"2529612928","2135597995","0.583333"
"1946916043","2132801987","0.2"
"2132801987","1946916043","0.2"
"2132801987","2135597995","0.366667"
"2135597995","2132801987","0.366667"
"2132801987","2979437559","0.7"
"2979437559","2132801987","0.7"
"1946916043","2131043268","0.2"
"2131043268","1946916043","0.2"
"2131043268","2979437559","0.4"
"2979437559","2131043268","0.4"
"2138736223","2979437559","0.4"
"2979437559","2138736223","0.4"
"2138736223","95485512","0.9"
"95485512","2138736223","0.9"
"2979437559","95485512","0.733333"
"95485512","2979437559","0.733333"
"2094243770","2159094087","0.5"
"2159094087","2094243770","0.5"
"2094243770","2909065300","0.5"
"2909065300","2094243770","0.5"
"2159094087","2909065300","0.5"
"2909065300","2159094087","0.5"
"2120761930","2225627555","1"
"2225627555","2120761930","1"
"2120761930","2158230801","3"
"2158230801","2120761930","3"
"2132801987","79644167","0.166667"
"79644167","2132801987","0.166667"
"2135597995","2231850640","0.166667"
"2231850640","2135597995","0.166667"
"2231850640","79644167","0.5"
"79644167","2231850640","0.5"
"2159094087","2979437559","0.2"
"2979437559","2159094087","0.2"
"2159094087","95485512","1.2"
"95485512","2159094087","1.2"
"2964004845","2979437559","0.2"
"2979437559","2964004845","0.2"
"2131043268","2280873559","0.25"
"2280873559","2131043268","0.25"
"2131043268","2528853917","0.25"
"2528853917","2131043268","0.25"
"2280873559","2528853917","0.25"
"2528853917","2280873559","0.25"
"2280873559","2742048611","0.25"
"2742048611","2280873559","0.25"
"2280873559","2964004845","0.25"
"2964004845","2280873559","0.25"
"2528853917","2742048611","1.66667"
"2742048611","2528853917","1.66667"
"2528853917","2964004845","1.66667"
"2964004845","2528853917","1.66667"
"2131043268","2951992369","1.14286"
"2951992369","2131043268","1.14286"
"2131043268","2598302641","0.142857"
"2598302641","2131043268","0.142857"
"2131043268","3012118638","0.142857"
"3012118638","2131043268","0.142857"
"2231850640","2598302641","0.142857"
"2598302641","2231850640","0.142857"
"2231850640","2951992369","0.142857"
"2951992369","2231850640","0.142857"
"2231850640","3012118638","0.142857"
"3012118638","2231850640","0.142857"
"2598302641","2742048611","1.47619"
"2742048611","2598302641","1.47619"
"2598302641","2951992369","0.142857"
"2951992369","2598302641","0.142857"
"2598302641","2964004845","0.47619"
"2964004845","2598302641","0.47619"
"2598302641","3012118638","0.47619"
"3012118638","2598302641","0.47619"
"2598302641","95485512","0.142857"
"95485512","2598302641","0.142857"
"2742048611","2951992369","0.142857"
"2951992369","2742048611","0.142857"
"2742048611","3012118638","0.47619"
"3012118638","2742048611","0.47619"
"2951992369","2964004845","0.142857"
"2964004845","2951992369","0.142857"
"2951992369","3012118638","0.142857"
"3012118638","2951992369","0.142857"
"2951992369","95485512","0.142857"
"95485512","2951992369","0.142857"
"2964004845","3012118638","0.809524"
"3012118638","2964004845","0.809524"
"3012118638","95485512","0.142857"
"95485512","3012118638","0.142857"
"2132801987","2978749370","0.5"
"2978749370","2132801987","0.5"
"2964004845","2978749370","3.25"
"2978749370","2964004845","3.25"
"2231850640","2979437559","0.5"
"2979437559","2231850640","0.5"
"2159094087","2529612928","0.25"
"2529612928","2159094087","0.25"
"2159094087","2743061175","0.25"
"2743061175","2159094087","0.25"
"2419477541","2528853917","1.29167"
"2528853917","2419477541","1.29167"
"2528853917","2743061175","0.291667"
"2743061175","2528853917","0.291667"
"2528853917","2951950383","0.291667"
"2951950383","2528853917","0.291667"
"2528853917","2953899514","0.291667"
"2953899514","2528853917","0.291667"
"2419477541","2910781626","0.125"
"2910781626","2419477541","0.125"
"2419477541","2978749370","0.125"
"2978749370","2419477541","0.125"
"2528853917","2529612928","0.125"
"2529612928","2528853917","0.125"
"2528853917","2910781626","0.375"
"2910781626","2528853917","0.375"
"2528853917","2951778327","0.125"
"2951778327","2528853917","0.125"
"2528853917","2978749370","0.375"
"2978749370","2528853917","0.375"
"2529612928","2910781626","0.125"
"2910781626","2529612928","0.125"
"2529612928","2978749370","0.125"
"2978749370","2529612928","0.125"
"2743061175","2910781626","0.125"
"2910781626","2743061175","0.125"
"2743061175","2978749370","0.125"
"2978749370","2743061175","0.125"
"2910781626","2951778327","0.125"
"2951778327","2910781626","0.125"
"2910781626","2951950383","0.125"
"2951950383","2910781626","0.125"
"2910781626","2953899514","0.125"
"2953899514","2910781626","0.125"
"2910781626","2978749370","5.54167"
"2978749370","2910781626","5.54167"
"2951778327","2978749370","0.125"
"2978749370","2951778327","0.125"
"2951950383","2978749370","0.125"
"2978749370","2951950383","0.125"
"2953899514","2978749370","0.125"
"2978749370","2953899514","0.125"
"2742048611","2910781626","1.91667"
"2910781626","2742048611","1.91667"
"2742048611","2978749370","1.41667"
"2978749370","2742048611","1.41667"
"2910781626","2964004845","0.916667"
"2964004845","2910781626","0.916667"
"2528853917","2598302641","1"
"2598302641","2528853917","1"
"2788553320","2967978532","2"
"2967978532","2788553320","2"
"2909065300","2910781626","0.5"
"2910781626","2909065300","0.5"
"2909065300","2978749370","0.833333"
"2978749370","2909065300","0.833333"
"2909065300","3012118638","0.333333"
"3012118638","2909065300","0.333333"
"2978749370","3012118638","1.33333"
"3012118638","2978749370","1.33333"
"2979437559","79644167","0.333333"
"79644167","2979437559","0.333333"
