"1494441789","1623240307","3.58333"
"1623240307","1494441789","3.58333"
"1494441789","2105215402","0.25"
"2105215402","1494441789","0.25"
"1494441789","2114427635","0.25"
"2114427635","1494441789","0.25"
"1494441789","2949439273","0.25"
"2949439273","1494441789","0.25"
"1623240307","2105215402","0.25"
"2105215402","1623240307","0.25"
"1623240307","2114427635","0.25"
"2114427635","1623240307","0.25"
"1623240307","2949439273","0.25"
"2949439273","1623240307","0.25"
"2105215402","2114427635","0.25"
"2114427635","2105215402","0.25"
"2105215402","2949439273","14.25"
"2949439273","2105215402","14.25"
"2114427635","2949439273","0.25"
"2949439273","2114427635","0.25"
"1494441789","1579916387","0.333333"
"1579916387","1494441789","0.333333"
"1494441789","2019337714","0.333333"
"2019337714","1494441789","0.333333"
"1579916387","1623240307","0.333333"
"1623240307","1579916387","0.333333"
"1579916387","2019337714","0.333333"
"2019337714","1579916387","0.333333"
"1623240307","2019337714","1.33333"
"2019337714","1623240307","1.33333"
"1504028050","1767117126","0.111111"
"1767117126","1504028050","0.111111"
"1504028050","2073034842","0.111111"
"2073034842","1504028050","0.111111"
"1504028050","2073347453","1.11111"
"2073347453","1504028050","1.11111"
"1504028050","2075548022","6.11111"
"2075548022","1504028050","6.11111"
"1504028050","2474220815","0.111111"
"2474220815","1504028050","0.111111"
"1504028050","2888653983","0.111111"
"2888653983","1504028050","0.111111"
"1504028050","2949322408","0.111111"
"2949322408","1504028050","0.111111"
"1504028050","2950051737","0.111111"
"2950051737","1504028050","0.111111"
"1504028050","2952147992","0.111111"
"2952147992","1504028050","0.111111"
"1767117126","2073034842","0.111111"
"2073034842","1767117126","0.111111"
"1767117126","2073347453","0.111111"
"2073347453","1767117126","0.111111"
"1767117126","2075548022","1.11111"
"2075548022","1767117126","1.11111"
"1767117126","2474220815","0.111111"
"2474220815","1767117126","0.111111"
"1767117126","2888653983","0.111111"
"2888653983","1767117126","0.111111"
"1767117126","2949322408","0.111111"
"2949322408","1767117126","0.111111"
"1767117126","2950051737","8.86111"
"2950051737","1767117126","8.86111"
"1767117126","2952147992","0.111111"
"2952147992","1767117126","0.111111"
"2073034842","2073347453","0.111111"
"2073347453","2073034842","0.111111"
"2073034842","2075548022","0.111111"
"2075548022","2073034842","0.111111"
"2073034842","2474220815","0.111111"
"2474220815","2073034842","0.111111"
"2073034842","2888653983","0.361111"
"2888653983","2073034842","0.361111"
"2073034842","2949322408","0.361111"
"2949322408","2073034842","0.361111"
"2073034842","2950051737","0.111111"
"2950051737","2073034842","0.111111"
"2073034842","2952147992","10.4444"
"2952147992","2073034842","10.4444"
"2073347453","2075548022","0.444444"
"2075548022","2073347453","0.444444"
"2073347453","2474220815","0.111111"
"2474220815","2073347453","0.111111"
"2073347453","2888653983","0.444444"
"2888653983","2073347453","0.444444"
"2073347453","2949322408","0.444444"
"2949322408","2073347453","0.444444"
"2073347453","2950051737","0.111111"
"2950051737","2073347453","0.111111"
"2073347453","2952147992","0.111111"
"2952147992","2073347453","0.111111"
"2075548022","2474220815","0.111111"
"2474220815","2075548022","0.111111"
"2075548022","2888653983","0.944444"
"2888653983","2075548022","0.944444"
"2075548022","2949322408","0.944444"
"2949322408","2075548022","0.944444"
"2075548022","2950051737","0.111111"
"2950051737","2075548022","0.111111"
"2075548022","2952147992","0.111111"
"2952147992","2075548022","0.111111"
"2474220815","2888653983","1.61111"
"2888653983","2474220815","1.61111"
"2474220815","2949322408","1.61111"
"2949322408","2474220815","1.61111"
"2474220815","2950051737","0.111111"
"2950051737","2474220815","0.111111"
"2474220815","2952147992","0.111111"
"2952147992","2474220815","0.111111"
"2888653983","2949322408","17.6944"
"2949322408","2888653983","17.6944"
"2888653983","2950051737","0.111111"
"2950051737","2888653983","0.111111"
"2888653983","2952147992","0.111111"
"2952147992","2888653983","0.111111"
"2949322408","2950051737","0.111111"
"2950051737","2949322408","0.111111"
"2949322408","2952147992","0.111111"
"2952147992","2949322408","0.111111"
"2950051737","2952147992","0.111111"
"2952147992","2950051737","0.111111"
"1509214789","1581232615","0.5"
"1581232615","1509214789","0.5"
"1509214789","2051053018","0.5"
"2051053018","1509214789","0.5"
"1581232615","2051053018","9.83333"
"2051053018","1581232615","9.83333"
"1519028678","2105487085","8"
"2105487085","1519028678","8"
"1524369137","2073347453","2"
"2073347453","1524369137","2"
"1524369137","1872533545","1"
"1872533545","1524369137","1"
"1872533545","2073347453","2"
"2073347453","1872533545","2"
"1529052789","2053594556","19.25"
"2053594556","1529052789","19.25"
"1529052789","2068211749","0.5"
"2068211749","1529052789","0.5"
"2053594556","2068211749","0.5"
"2068211749","2053594556","0.5"
"1529052789","1872533545","0.75"
"1872533545","1529052789","0.75"
"1529052789","1952161176","0.25"
"1952161176","1529052789","0.25"
"1529052789","2107785808","0.25"
"2107785808","1529052789","0.25"
"1872533545","1952161176","0.25"
"1952161176","1872533545","0.25"
"1872533545","2053594556","0.75"
"2053594556","1872533545","0.75"
"1872533545","2107785808","0.25"
"2107785808","1872533545","0.25"
"1952161176","2053594556","0.25"
"2053594556","1952161176","0.25"
"1952161176","2107785808","11.1167"
"2107785808","1952161176","11.1167"
"2053594556","2107785808","0.25"
"2107785808","2053594556","0.25"
"1546147126","167157979","1.75"
"167157979","1546147126","1.75"
"1546147126","821002660","5.25"
"821002660","1546147126","5.25"
"167157979","821002660","8.75"
"821002660","167157979","8.75"
"1546147126","2597924396","0.5"
"2597924396","1546147126","0.5"
"2597924396","821002660","0.5"
"821002660","2597924396","0.5"
"1546147126","1767117126","0.25"
"1767117126","1546147126","0.25"
"1546147126","2950051737","0.25"
"2950051737","1546147126","0.25"
"167157979","1767117126","1.08333"
"1767117126","167157979","1.08333"
"167157979","2950051737","0.75"
"2950051737","167157979","0.75"
"1767117126","821002660","0.25"
"821002660","1767117126","0.25"
"2950051737","821002660","0.25"
"821002660","2950051737","0.25"
"1550798769","2051053018","1.83333"
"2051053018","1550798769","1.83333"
"1550798769","1579916387","1.83333"
"1579916387","1550798769","1.83333"
"1579916387","2051053018","2.33333"
"2051053018","1579916387","2.33333"
"1550798769","1581232615","0.333333"
"1581232615","1550798769","0.333333"
"1579916387","1581232615","0.833333"
"1581232615","1579916387","0.833333"
"1581232615","2068211749","0.5"
"2068211749","1581232615","0.5"
"2051053018","2068211749","1.5"
"2068211749","2051053018","1.5"
"167157979","2108215372","0.333333"
"2108215372","167157979","0.333333"
"167157979","2338029724","0.333333"
"2338029724","167157979","0.333333"
"1767117126","2108215372","0.333333"
"2108215372","1767117126","0.333333"
"1767117126","2338029724","0.333333"
"2338029724","1767117126","0.333333"
"2108215372","2338029724","0.333333"
"2338029724","2108215372","0.333333"
"1952161176","1993599520","0.866667"
"1993599520","1952161176","0.866667"
"1952161176","2108215372","0.533333"
"2108215372","1952161176","0.533333"
"1993599520","2107785808","0.866667"
"2107785808","1993599520","0.866667"
"1993599520","2108215372","1.53333"
"2108215372","1993599520","1.53333"
"2107785808","2108215372","0.533333"
"2108215372","2107785808","0.533333"
"1952161176","2019337714","4.2"
"2019337714","1952161176","4.2"
"1952161176","2898430845","0.533333"
"2898430845","1952161176","0.533333"
"1993599520","2019337714","0.2"
"2019337714","1993599520","0.2"
"1993599520","2898430845","10.7833"
"2898430845","1993599520","10.7833"
"2019337714","2107785808","5.2"
"2107785808","2019337714","5.2"
"2019337714","2108215372","0.2"
"2108215372","2019337714","0.2"
"2019337714","2898430845","0.2"
"2898430845","2019337714","0.2"
"2107785808","2898430845","0.533333"
"2898430845","2107785808","0.533333"
"2108215372","2898430845","7.2"
"2898430845","2108215372","7.2"
"1993599520","2073034842","0.25"
"2073034842","1993599520","0.25"
"1993599520","2888653983","0.25"
"2888653983","1993599520","0.25"
"1993599520","2949322408","0.25"
"2949322408","1993599520","0.25"
"2073034842","2898430845","0.583333"
"2898430845","2073034842","0.583333"
"2888653983","2898430845","0.25"
"2898430845","2888653983","0.25"
"2898430845","2949322408","0.25"
"2949322408","2898430845","0.25"
"2051053018","2114427635","1"
"2114427635","2051053018","1"
"2053594556","2102091280","1"
"2102091280","2053594556","1"
"2053594556","2071184595","1"
"2071184595","2053594556","1"
"2064958915","2102091280","1"
"2102091280","2064958915","1"
"2073034842","2956998997","0.333333"
"2956998997","2073034842","0.333333"
"2898430845","2952147992","0.333333"
"2952147992","2898430845","0.333333"
"2898430845","2956998997","3.33333"
"2956998997","2898430845","3.33333"
"2952147992","2956998997","0.333333"
"2956998997","2952147992","0.333333"
"2102091280","2150117343","4"
"2150117343","2102091280","4"
"2108215372","2956998997","1"
"2956998997","2108215372","1"
"2141389113","2169633417","2.5"
"2169633417","2141389113","2.5"
"2141389113","2950695132","8.5"
"2950695132","2141389113","8.5"
"2169633417","2950695132","1.5"
"2950695132","2169633417","1.5"
"2401742410","2949322408","1"
"2949322408","2401742410","1"
