"1520629991","2013088409","1.5"
"2013088409","1520629991","1.5"
"1520629991","2249068073","0.5"
"2249068073","1520629991","0.5"
"2013088409","2249068073","0.5"
"2249068073","2013088409","0.5"
"1524563393","2031175798","2"
"2031175798","1524563393","2"
"1524563393","2912591371","1.14286"
"2912591371","1524563393","1.14286"
"1524563393","1998493381","0.267857"
"1998493381","1524563393","0.267857"
"1524563393","2249068073","0.267857"
"2249068073","1524563393","0.267857"
"1524563393","2601010787","1.26786"
"2601010787","1524563393","1.26786"
"1524563393","2793800929","1.01786"
"2793800929","1524563393","1.01786"
"1524563393","2910711617","0.142857"
"2910711617","1524563393","0.142857"
"1524563393","2942521954","2.01786"
"2942521954","1524563393","2.01786"
"1998493381","2249068073","2.80119"
"2249068073","1998493381","2.80119"
"1998493381","2601010787","0.267857"
"2601010787","1998493381","0.267857"
"1998493381","2793800929","0.267857"
"2793800929","1998493381","0.267857"
"1998493381","2910711617","0.142857"
"2910711617","1998493381","0.142857"
"1998493381","2912591371","3.67619"
"2912591371","1998493381","3.67619"
"1998493381","2942521954","0.267857"
"2942521954","1998493381","0.267857"
"2249068073","2601010787","0.267857"
"2601010787","2249068073","0.267857"
"2249068073","2793800929","0.267857"
"2793800929","2249068073","0.267857"
"2249068073","2910711617","0.142857"
"2910711617","2249068073","0.142857"
"2249068073","2912591371","0.67619"
"2912591371","2249068073","0.67619"
"2249068073","2942521954","0.267857"
"2942521954","2249068073","0.267857"
"2601010787","2793800929","1.18849"
"2793800929","2601010787","1.18849"
"2601010787","2910711617","0.396825"
"2910711617","2601010787","0.396825"
"2601010787","2912591371","0.142857"
"2912591371","2601010787","0.142857"
"2601010787","2942521954","3.43849"
"2942521954","2601010787","3.43849"
"2793800929","2910711617","0.896825"
"2910711617","2793800929","0.896825"
"2793800929","2912591371","0.142857"
"2912591371","2793800929","0.142857"
"2793800929","2942521954","6.13849"
"2942521954","2793800929","6.13849"
"2910711617","2912591371","0.142857"
"2912591371","2910711617","0.142857"
"2910711617","2942521954","19.6802"
"2942521954","2910711617","19.6802"
"2912591371","2942521954","0.142857"
"2942521954","2912591371","0.142857"
"1524563393","2905885886","0.25"
"2905885886","1524563393","0.25"
"1524563393","2981452619","0.375"
"2981452619","1524563393","0.375"
"2793800929","2905885886","1.45397"
"2905885886","2793800929","1.45397"
"2793800929","2981452619","1.57897"
"2981452619","2793800929","1.57897"
"2905885886","2942521954","3.65397"
"2942521954","2905885886","3.65397"
"2905885886","2981452619","6.57063"
"2981452619","2905885886","6.57063"
"2942521954","2981452619","7.77897"
"2981452619","2942521954","7.77897"
"1524563393","2036729539","0.125"
"2036729539","1524563393","0.125"
"1524563393","2296335612","0.125"
"2296335612","1524563393","0.125"
"1998493381","2036729539","0.325"
"2036729539","1998493381","0.325"
"1998493381","2296335612","0.325"
"2296335612","1998493381","0.325"
"1998493381","2981452619","0.125"
"2981452619","1998493381","0.125"
"2036729539","2249068073","0.325"
"2249068073","2036729539","0.325"
"2036729539","2296335612","1.075"
"2296335612","2036729539","1.075"
"2036729539","2601010787","0.125"
"2601010787","2036729539","0.125"
"2036729539","2793800929","0.125"
"2793800929","2036729539","0.125"
"2036729539","2942521954","1.45833"
"2942521954","2036729539","1.45833"
"2036729539","2981452619","0.125"
"2981452619","2036729539","0.125"
"2249068073","2296335612","0.325"
"2296335612","2249068073","0.325"
"2249068073","2981452619","0.125"
"2981452619","2249068073","0.125"
"2296335612","2601010787","0.125"
"2601010787","2296335612","0.125"
"2296335612","2793800929","0.125"
"2793800929","2296335612","0.125"
"2296335612","2942521954","1.125"
"2942521954","2296335612","1.125"
"2296335612","2981452619","0.125"
"2981452619","2296335612","0.125"
"2601010787","2981452619","0.545635"
"2981452619","2601010787","0.545635"
"1968668341","2126375161","2.87619"
"2126375161","1968668341","2.87619"
"1968668341","1972456713","0.4"
"1972456713","1968668341","0.4"
"1968668341","2009985320","0.366667"
"2009985320","1968668341","0.366667"
"1968668341","2073249011","1.36667"
"2073249011","1968668341","1.36667"
"1968668341","2093800398","0.933333"
"2093800398","1968668341","0.933333"
"1968668341","2168102665","1.94286"
"2168102665","1968668341","1.94286"
"1968668341","2282072981","2.94286"
"2282072981","1968668341","2.94286"
"1972456713","2009985320","0.166667"
"2009985320","1972456713","0.166667"
"1972456713","2073249011","0.166667"
"2073249011","1972456713","0.166667"
"1972456713","2093800398","0.233333"
"2093800398","1972456713","0.233333"
"1972456713","2168102665","0.4"
"2168102665","1972456713","0.4"
"1972456713","2282072981","1.9"
"2282072981","1972456713","1.9"
"2009985320","2073249011","2.23333"
"2073249011","2009985320","2.23333"
"2009985320","2093800398","0.5"
"2093800398","2009985320","0.5"
"2009985320","2168102665","0.477778"
"2168102665","2009985320","0.477778"
"2009985320","2282072981","1.47778"
"2282072981","2009985320","1.47778"
"2073249011","2093800398","0.5"
"2093800398","2073249011","0.5"
"2073249011","2168102665","0.366667"
"2168102665","2073249011","0.366667"
"2073249011","2282072981","0.366667"
"2282072981","2073249011","0.366667"
"2093800398","2168102665","1.13333"
"2168102665","2093800398","1.13333"
"2093800398","2282072981","15.2167"
"2282072981","2093800398","15.2167"
"2168102665","2282072981","2.50397"
"2282072981","2168102665","2.50397"
"1968668341","2061920530","3.20952"
"2061920530","1968668341","3.20952"
"1968668341","2328136677","0.433333"
"2328136677","1968668341","0.433333"
"2009985320","2328136677","0.733333"
"2328136677","2009985320","0.733333"
"2073249011","2328136677","0.733333"
"2328136677","2073249011","0.733333"
"2168102665","2328136677","0.883333"
"2328136677","2168102665","0.883333"
"2282072981","2328136677","1.13333"
"2328136677","2282072981","1.13333"
"1968668341","2008663867","0.933333"
"2008663867","1968668341","0.933333"
"1968668341","2886981087","0.366667"
"2886981087","1968668341","0.366667"
"2008663867","2093800398","0.766667"
"2093800398","2008663867","0.766667"
"2008663867","2168102665","0.433333"
"2168102665","2008663867","0.433333"
"2008663867","2282072981","2.93333"
"2282072981","2008663867","2.93333"
"2008663867","2886981087","1.86667"
"2886981087","2008663867","1.86667"
"2093800398","2886981087","1.36667"
"2886981087","2093800398","1.36667"
"2168102665","2886981087","0.366667"
"2886981087","2168102665","0.366667"
"2282072981","2886981087","1.7"
"2886981087","2282072981","1.7"
"1968668341","1998280563","0.566667"
"1998280563","1968668341","0.566667"
"1998280563","2061920530","1.34444"
"2061920530","1998280563","1.34444"
"1998280563","2126375161","0.844444"
"2126375161","1998280563","0.844444"
"2061920530","2126375161","4.82063"
"2126375161","2061920530","4.82063"
"1968668341","2050444197","0.233333"
"2050444197","1968668341","0.233333"
"1968668341","2060770229","0.233333"
"2060770229","1968668341","0.233333"
"2050444197","2060770229","0.933333"
"2060770229","2050444197","0.933333"
"2050444197","2093800398","0.683333"
"2093800398","2050444197","0.683333"
"2050444197","2168102665","0.683333"
"2168102665","2050444197","0.683333"
"2050444197","2282072981","1.93333"
"2282072981","2050444197","1.93333"
"2050444197","2328136677","0.933333"
"2328136677","2050444197","0.933333"
"2060770229","2093800398","0.683333"
"2093800398","2060770229","0.683333"
"2060770229","2168102665","0.683333"
"2168102665","2060770229","0.683333"
"2060770229","2282072981","0.933333"
"2282072981","2060770229","0.933333"
"2060770229","2328136677","10.1333"
"2328136677","2060770229","10.1333"
"2093800398","2328136677","0.683333"
"2328136677","2093800398","0.683333"
"1968668341","1968937563","0.166667"
"1968937563","1968668341","0.166667"
"1968668341","2090449325","0.166667"
"2090449325","1968668341","0.166667"
"1968668341","2120271005","1.5"
"2120271005","1968668341","1.5"
"1968668341","2129535277","1.16667"
"2129535277","1968668341","1.16667"
"1968937563","1998280563","0.166667"
"1998280563","1968937563","0.166667"
"1968937563","2061920530","0.166667"
"2061920530","1968937563","0.166667"
"1968937563","2090449325","6.16667"
"2090449325","1968937563","6.16667"
"1968937563","2120271005","0.166667"
"2120271005","1968937563","0.166667"
"1968937563","2129535277","0.166667"
"2129535277","1968937563","0.166667"
"1998280563","2090449325","0.166667"
"2090449325","1998280563","0.166667"
"1998280563","2120271005","0.277778"
"2120271005","1998280563","0.277778"
"1998280563","2129535277","0.166667"
"2129535277","1998280563","0.166667"
"2061920530","2090449325","0.666667"
"2090449325","2061920530","0.666667"
"2061920530","2120271005","2.61111"
"2120271005","2061920530","2.61111"
"2061920530","2129535277","2.16667"
"2129535277","2061920530","2.16667"
"2090449325","2120271005","1.16667"
"2120271005","2090449325","1.16667"
"2090449325","2129535277","0.166667"
"2129535277","2090449325","0.166667"
"2120271005","2129535277","3.16667"
"2129535277","2120271005","3.16667"
"1968668341","1994707738","0.0666667"
"1994707738","1968668341","0.0666667"
"1968668341","2135664962","0.709524"
"2135664962","1968668341","0.709524"
"1968668341","2156373336","0.209524"
"2156373336","1968668341","0.209524"
"1968668341","2622214451","0.0666667"
"2622214451","1968668341","0.0666667"
"1972456713","1994707738","0.0666667"
"1994707738","1972456713","0.0666667"
"1972456713","1998280563","0.0666667"
"1998280563","1972456713","0.0666667"
"1972456713","2008663867","1.23333"
"2008663867","1972456713","1.23333"
"1972456713","2050444197","0.0666667"
"2050444197","1972456713","0.0666667"
"1972456713","2060770229","0.0666667"
"2060770229","1972456713","0.0666667"
"1972456713","2061920530","0.233333"
"2061920530","1972456713","0.233333"
"1972456713","2126375161","0.0666667"
"2126375161","1972456713","0.0666667"
"1972456713","2135664962","0.0666667"
"2135664962","1972456713","0.0666667"
"1972456713","2156373336","0.0666667"
"2156373336","1972456713","0.0666667"
"1972456713","2328136677","0.0666667"
"2328136677","1972456713","0.0666667"
"1972456713","2622214451","0.0666667"
"2622214451","1972456713","0.0666667"
"1994707738","1998280563","0.0666667"
"1998280563","1994707738","0.0666667"
"1994707738","2008663867","0.0666667"
"2008663867","1994707738","0.0666667"
"1994707738","2050444197","0.0666667"
"2050444197","1994707738","0.0666667"
"1994707738","2060770229","0.0666667"
"2060770229","1994707738","0.0666667"
"1994707738","2061920530","0.0666667"
"2061920530","1994707738","0.0666667"
"1994707738","2093800398","0.0666667"
"2093800398","1994707738","0.0666667"
"1994707738","2126375161","0.0666667"
"2126375161","1994707738","0.0666667"
"1994707738","2135664962","0.0666667"
"2135664962","1994707738","0.0666667"
"1994707738","2156373336","0.0666667"
"2156373336","1994707738","0.0666667"
"1994707738","2168102665","0.0666667"
"2168102665","1994707738","0.0666667"
"1994707738","2282072981","0.0666667"
"2282072981","1994707738","0.0666667"
"1994707738","2328136677","0.0666667"
"2328136677","1994707738","0.0666667"
"1994707738","2622214451","0.0666667"
"2622214451","1994707738","0.0666667"
"1998280563","2008663867","0.0666667"
"2008663867","1998280563","0.0666667"
"1998280563","2050444197","0.0666667"
"2050444197","1998280563","0.0666667"
"1998280563","2060770229","0.0666667"
"2060770229","1998280563","0.0666667"
"1998280563","2093800398","0.566667"
"2093800398","1998280563","0.566667"
"1998280563","2135664962","0.4"
"2135664962","1998280563","0.4"
"1998280563","2156373336","0.177778"
"2156373336","1998280563","0.177778"
"1998280563","2168102665","0.177778"
"2168102665","1998280563","0.177778"
"1998280563","2282072981","1.01111"
"2282072981","1998280563","1.01111"
"1998280563","2328136677","0.0666667"
"2328136677","1998280563","0.0666667"
"1998280563","2622214451","0.0666667"
"2622214451","1998280563","0.0666667"
"2008663867","2050444197","0.0666667"
"2050444197","2008663867","0.0666667"
"2008663867","2060770229","0.266667"
"2060770229","2008663867","0.266667"
"2008663867","2061920530","0.233333"
"2061920530","2008663867","0.233333"
"2008663867","2126375161","0.0666667"
"2126375161","2008663867","0.0666667"
"2008663867","2135664962","0.566667"
"2135664962","2008663867","0.566667"
"2008663867","2156373336","0.0666667"
"2156373336","2008663867","0.0666667"
"2008663867","2328136677","0.6"
"2328136677","2008663867","0.6"
"2008663867","2622214451","0.0666667"
"2622214451","2008663867","0.0666667"
"2050444197","2061920530","0.0666667"
"2061920530","2050444197","0.0666667"
"2050444197","2126375161","0.0666667"
"2126375161","2050444197","0.0666667"
"2050444197","2135664962","0.0666667"
"2135664962","2050444197","0.0666667"
"2050444197","2156373336","0.566667"
"2156373336","2050444197","0.566667"
"2050444197","2622214451","0.0666667"
"2622214451","2050444197","0.0666667"
"2060770229","2061920530","0.0666667"
"2061920530","2060770229","0.0666667"
"2060770229","2126375161","0.0666667"
"2126375161","2060770229","0.0666667"
"2060770229","2135664962","0.0666667"
"2135664962","2060770229","0.0666667"
"2060770229","2156373336","0.0666667"
"2156373336","2060770229","0.0666667"
"2060770229","2622214451","0.0666667"
"2622214451","2060770229","0.0666667"
"2061920530","2093800398","0.0666667"
"2093800398","2061920530","0.0666667"
"2061920530","2135664962","0.542857"
"2135664962","2061920530","0.542857"
"2061920530","2156373336","0.320635"
"2156373336","2061920530","0.320635"
"2061920530","2168102665","0.487302"
"2168102665","2061920530","0.487302"
"2061920530","2282072981","1.82063"
"2282072981","2061920530","1.82063"
"2061920530","2328136677","0.0666667"
"2328136677","2061920530","0.0666667"
"2061920530","2622214451","0.0666667"
"2622214451","2061920530","0.0666667"
"2093800398","2126375161","0.0666667"
"2126375161","2093800398","0.0666667"
"2093800398","2135664962","0.0666667"
"2135664962","2093800398","0.0666667"
"2093800398","2156373336","0.0666667"
"2156373336","2093800398","0.0666667"
"2093800398","2622214451","0.0666667"
"2622214451","2093800398","0.0666667"
"2126375161","2135664962","3.54286"
"2135664962","2126375161","3.54286"
"2126375161","2156373336","0.320635"
"2156373336","2126375161","0.320635"
"2126375161","2168102665","0.320635"
"2168102665","2126375161","0.320635"
"2126375161","2282072981","0.653968"
"2282072981","2126375161","0.653968"
"2126375161","2328136677","0.0666667"
"2328136677","2126375161","0.0666667"
"2126375161","2622214451","0.0666667"
"2622214451","2126375161","0.0666667"
"2135664962","2156373336","0.209524"
"2156373336","2135664962","0.209524"
"2135664962","2168102665","0.209524"
"2168102665","2135664962","0.209524"
"2135664962","2282072981","2.20952"
"2282072981","2135664962","2.20952"
"2135664962","2328136677","0.0666667"
"2328136677","2135664962","0.0666667"
"2135664962","2622214451","0.0666667"
"2622214451","2135664962","0.0666667"
"2156373336","2168102665","0.320635"
"2168102665","2156373336","0.320635"
"2156373336","2282072981","0.820635"
"2282072981","2156373336","0.820635"
"2156373336","2328136677","0.0666667"
"2328136677","2156373336","0.0666667"
"2156373336","2622214451","0.0666667"
"2622214451","2156373336","0.0666667"
"2168102665","2622214451","0.0666667"
"2622214451","2168102665","0.0666667"
"2282072981","2622214451","0.0666667"
"2622214451","2282072981","0.0666667"
"2328136677","2622214451","1.06667"
"2622214451","2328136677","1.06667"
"2120271005","2126375161","0.444444"
"2126375161","2120271005","0.444444"
"1972456713","2886981087","0.666667"
"2886981087","1972456713","0.666667"
"2061920530","2886981087","0.166667"
"2886981087","2061920530","0.166667"
"1968668341","2153988518","0.142857"
"2153988518","1968668341","0.142857"
"2061920530","2153988518","0.142857"
"2153988518","2061920530","0.142857"
"2126375161","2153988518","0.142857"
"2153988518","2126375161","0.142857"
"2135664962","2153988518","0.142857"
"2153988518","2135664962","0.142857"
"2153988518","2156373336","0.142857"
"2156373336","2153988518","0.142857"
"2153988518","2168102665","0.142857"
"2168102665","2153988518","0.142857"
"2153988518","2282072981","0.142857"
"2282072981","2153988518","0.142857"
"1968937563","2126375161","1"
"2126375161","1968937563","1"
"1984443749","2050764186","7"
"2050764186","1984443749","7"
"1992850110","2120271005","1.11111"
"2120271005","1992850110","1.11111"
"1992850110","2129535277","1"
"2129535277","1992850110","1"
"1992850110","2080062715","1"
"2080062715","1992850110","1"
"1992850110","1998280563","0.444444"
"1998280563","1992850110","0.444444"
"1992850110","2061920530","0.444444"
"2061920530","1992850110","0.444444"
"1992850110","2126375161","0.444444"
"2126375161","1992850110","0.444444"
"1992850110","2140176880","1"
"2140176880","1992850110","1"
"1992850110","2064513825","1.61111"
"2064513825","1992850110","1.61111"
"1992850110","2282072981","0.611111"
"2282072981","1992850110","0.611111"
"2064513825","2282072981","2.61111"
"2282072981","2064513825","2.61111"
"1992850110","2009985320","0.111111"
"2009985320","1992850110","0.111111"
"1992850110","2156373336","0.111111"
"2156373336","1992850110","0.111111"
"1992850110","2168102665","0.111111"
"2168102665","1992850110","0.111111"
"1998280563","2009985320","0.111111"
"2009985320","1998280563","0.111111"
"1998280563","2064513825","0.111111"
"2064513825","1998280563","0.111111"
"2009985320","2061920530","0.111111"
"2061920530","2009985320","0.111111"
"2009985320","2064513825","0.111111"
"2064513825","2009985320","0.111111"
"2009985320","2120271005","0.111111"
"2120271005","2009985320","0.111111"
"2009985320","2126375161","0.111111"
"2126375161","2009985320","0.111111"
"2009985320","2156373336","0.111111"
"2156373336","2009985320","0.111111"
"2061920530","2064513825","0.111111"
"2064513825","2061920530","0.111111"
"2064513825","2120271005","0.111111"
"2120271005","2064513825","0.111111"
"2064513825","2126375161","0.111111"
"2126375161","2064513825","0.111111"
"2064513825","2156373336","0.111111"
"2156373336","2064513825","0.111111"
"2064513825","2168102665","0.111111"
"2168102665","2064513825","0.111111"
"2120271005","2156373336","0.111111"
"2156373336","2120271005","0.111111"
"2120271005","2168102665","0.111111"
"2168102665","2120271005","0.111111"
"2120271005","2282072981","0.111111"
"2282072981","2120271005","0.111111"
"1998280563","2170512593","1"
"2170512593","1998280563","1"
"1998493381","2031175798","0.533333"
"2031175798","1998493381","0.533333"
"2031175798","2249068073","0.533333"
"2249068073","2031175798","0.533333"
"2031175798","2912591371","1.03333"
"2912591371","2031175798","1.03333"
"2031175798","2036729539","3.28333"
"2036729539","2031175798","3.28333"
"2031175798","2296335612","16.95"
"2296335612","2031175798","16.95"
"2036729539","2912591371","0.2"
"2912591371","2036729539","0.2"
"2296335612","2912591371","0.7"
"2912591371","2296335612","0.7"
"2008663867","2009985320","0.533333"
"2009985320","2008663867","0.533333"
"2008663867","2073249011","0.533333"
"2073249011","2008663867","0.533333"
"2008663867","2943057135","0.7"
"2943057135","2008663867","0.7"
"2009985320","2060770229","0.2"
"2060770229","2009985320","0.2"
"2009985320","2943057135","0.2"
"2943057135","2009985320","0.2"
"2060770229","2073249011","0.2"
"2073249011","2060770229","0.2"
"2060770229","2943057135","0.2"
"2943057135","2060770229","0.2"
"2073249011","2943057135","0.2"
"2943057135","2073249011","0.2"
"2328136677","2943057135","0.2"
"2943057135","2328136677","0.2"
"2282072981","2943057135","0.5"
"2943057135","2282072981","0.5"
"2009751454","2282072981","13.6667"
"2282072981","2009751454","13.6667"
"2009751454","2126828527","0.333333"
"2126828527","2009751454","0.333333"
"2009751454","2135664962","0.666667"
"2135664962","2009751454","0.666667"
"2126828527","2135664962","0.333333"
"2135664962","2126828527","0.333333"
"2126828527","2282072981","7.33333"
"2282072981","2126828527","7.33333"
"2009751454","2126375161","0.333333"
"2126375161","2009751454","0.333333"
"2009985320","2886981087","0.333333"
"2886981087","2009985320","0.333333"
"2073249011","2886981087","0.333333"
"2886981087","2073249011","0.333333"
"2013088409","2156373336","3"
"2156373336","2013088409","3"
"2031175798","2942521954","1.33333"
"2942521954","2031175798","1.33333"
"2031175798","2282072981","0.5"
"2282072981","2031175798","0.5"
"2282072981","2296335612","0.5"
"2296335612","2282072981","0.5"
"2031175798","2910711617","0.333333"
"2910711617","2031175798","0.333333"
"2036729539","2910711617","0.333333"
"2910711617","2036729539","0.333333"
"2031175798","2899205526","0.25"
"2899205526","2031175798","0.25"
"2031175798","2962817890","0.25"
"2962817890","2031175798","0.25"
"2036729539","2899205526","0.25"
"2899205526","2036729539","0.25"
"2036729539","2962817890","0.25"
"2962817890","2036729539","0.25"
"2296335612","2899205526","0.25"
"2899205526","2296335612","0.25"
"2296335612","2962817890","0.25"
"2962817890","2296335612","0.25"
"2899205526","2962817890","1.65397"
"2962817890","2899205526","1.65397"
"2050444197","2071261060","0.5"
"2071261060","2050444197","0.5"
"2071261060","2282072981","5.33333"
"2282072981","2071261060","5.33333"
"2050444197","2073249011","1"
"2073249011","2050444197","1"
"2050764186","2282072981","1"
"2282072981","2050764186","1"
"2050764186","2073249011","1"
"2073249011","2050764186","1"
"2090449325","2126375161","0.5"
"2126375161","2090449325","0.5"
"2064513825","2140176880","1"
"2140176880","2064513825","1"
"2064513825","2080062715","1"
"2080062715","2064513825","1"
"2071261060","2143905457","2"
"2143905457","2071261060","2"
"2071261060","2093800398","1.33333"
"2093800398","2071261060","1.33333"
"2071261060","2886981087","0.833333"
"2886981087","2071261060","0.833333"
"2080062715","2080488290","1"
"2080488290","2080062715","1"
"2099654167","2140682631","1"
"2140682631","2099654167","1"
"2099654167","2153988518","2.5"
"2153988518","2099654167","2.5"
"2099654167","2140176880","0.5"
"2140176880","2099654167","0.5"
"2140176880","2153988518","3"
"2153988518","2140176880","3"
"2140176880","2140682631","5.5"
"2140682631","2140176880","5.5"
"2140682631","2153988518","0.5"
"2153988518","2140682631","0.5"
"2591097296","2942521954","1"
"2942521954","2591097296","1"
"2591097296","2899166573","0.5"
"2899166573","2591097296","0.5"
"2591097296","2946169021","2.33333"
"2946169021","2591097296","2.33333"
"2899166573","2946169021","1.75"
"2946169021","2899166573","1.75"
"2591097296","2774291910","0.333333"
"2774291910","2591097296","0.333333"
"2591097296","2793800929","0.333333"
"2793800929","2591097296","0.333333"
"2774291910","2793800929","0.444444"
"2793800929","2774291910","0.444444"
"2774291910","2946169021","0.583333"
"2946169021","2774291910","0.583333"
"2793800929","2946169021","1.16667"
"2946169021","2793800929","1.16667"
"2591097296","2912591371","0.5"
"2912591371","2591097296","0.5"
"2912591371","2946169021","0.5"
"2946169021","2912591371","0.5"
"2601010787","2899205526","0.420635"
"2899205526","2601010787","0.420635"
"2601010787","2905885886","0.420635"
"2905885886","2601010787","0.420635"
"2601010787","2962817890","0.420635"
"2962817890","2601010787","0.420635"
"2793800929","2899205526","0.870635"
"2899205526","2793800929","0.870635"
"2793800929","2962817890","0.870635"
"2962817890","2793800929","0.870635"
"2899205526","2905885886","1.40397"
"2905885886","2899205526","1.40397"
"2899205526","2942521954","0.820635"
"2942521954","2899205526","0.820635"
"2899205526","2981452619","1.40397"
"2981452619","2899205526","1.40397"
"2905885886","2962817890","1.9873"
"2962817890","2905885886","1.9873"
"2942521954","2962817890","1.40397"
"2962817890","2942521954","1.40397"
"2962817890","2981452619","1.9873"
"2981452619","2962817890","1.9873"
"2899205526","2910711617","0.453968"
"2910711617","2899205526","0.453968"
"2905885886","2910711617","0.703968"
"2910711617","2905885886","0.703968"
"2910711617","2962817890","0.703968"
"2962817890","2910711617","0.703968"
"2910711617","2981452619","0.703968"
"2981452619","2910711617","0.703968"
"2601010787","2899166573","0.861111"
"2899166573","2601010787","0.861111"
"2601010787","2946169021","0.75"
"2946169021","2601010787","0.75"
"2601010787","2774291910","0.361111"
"2774291910","2601010787","0.361111"
"2774291910","2899166573","0.361111"
"2899166573","2774291910","0.361111"
"2774291910","2899205526","0.111111"
"2899205526","2774291910","0.111111"
"2774291910","2905885886","0.111111"
"2905885886","2774291910","0.111111"
"2774291910","2910711617","0.111111"
"2910711617","2774291910","0.111111"
"2774291910","2942521954","1.36111"
"2942521954","2774291910","1.36111"
"2774291910","2962817890","0.111111"
"2962817890","2774291910","0.111111"
"2774291910","2981452619","0.111111"
"2981452619","2774291910","0.111111"
"2793800929","2899166573","0.111111"
"2899166573","2793800929","0.111111"
"2899166573","2899205526","0.111111"
"2899205526","2899166573","0.111111"
"2899166573","2905885886","0.111111"
"2905885886","2899166573","0.111111"
"2899166573","2910711617","0.111111"
"2910711617","2899166573","0.111111"
"2899166573","2942521954","0.861111"
"2942521954","2899166573","0.861111"
"2899166573","2962817890","0.111111"
"2962817890","2899166573","0.111111"
"2899166573","2981452619","0.111111"
"2981452619","2899166573","0.111111"
"2942521954","2946169021","1.25"
"2946169021","2942521954","1.25"
"2793800929","2898724779","1"
"2898724779","2793800929","1"
"2905885886","2946169021","0.333333"
"2946169021","2905885886","0.333333"
"2946169021","2981452619","0.333333"
"2981452619","2946169021","0.333333"
"2898724779","2912591371","1"
"2912591371","2898724779","1"
"2898724779","2899166573","1"
"2899166573","2898724779","1"
"2898724779","2942521954","1"
"2942521954","2898724779","1"
"2921331591","2942735942","1"
"2942735942","2921331591","1"
