"12268776","181778401","0.892857"
"181778401","12268776","0.892857"
"12268776","2728292234","1.36905"
"2728292234","12268776","1.36905"
"181778401","2728292234","0.892857"
"2728292234","181778401","0.892857"
"12268776","1503250708","0.142857"
"1503250708","12268776","0.142857"
"12268776","2097300899","0.142857"
"2097300899","12268776","0.142857"
"12268776","2170954067","0.142857"
"2170954067","12268776","0.142857"
"12268776","2172225598","0.535714"
"2172225598","12268776","0.535714"
"12268776","286115392","0.869048"
"286115392","12268776","0.869048"
"1503250708","181778401","0.142857"
"181778401","1503250708","0.142857"
"1503250708","2097300899","7.74488"
"2097300899","1503250708","7.74488"
"1503250708","2170954067","3.25321"
"2170954067","1503250708","3.25321"
"1503250708","2172225598","0.142857"
"2172225598","1503250708","0.142857"
"1503250708","2728292234","0.142857"
"2728292234","1503250708","0.142857"
"1503250708","286115392","0.142857"
"286115392","1503250708","0.142857"
"181778401","2097300899","0.142857"
"2097300899","181778401","0.142857"
"181778401","2170954067","0.142857"
"2170954067","181778401","0.142857"
"181778401","2172225598","0.392857"
"2172225598","181778401","0.392857"
"181778401","286115392","0.392857"
"286115392","181778401","0.392857"
"2097300899","2170954067","3.25321"
"2170954067","2097300899","3.25321"
"2097300899","2172225598","0.142857"
"2172225598","2097300899","0.142857"
"2097300899","2728292234","0.142857"
"2728292234","2097300899","0.142857"
"2097300899","286115392","0.142857"
"286115392","2097300899","0.142857"
"2170954067","2172225598","0.47619"
"2172225598","2170954067","0.47619"
"2170954067","2728292234","0.142857"
"2728292234","2170954067","0.142857"
"2170954067","286115392","0.142857"
"286115392","2170954067","0.142857"
"2172225598","2728292234","1.73571"
"2728292234","2172225598","1.73571"
"2172225598","286115392","4.73571"
"286115392","2172225598","4.73571"
"2728292234","286115392","1.56905"
"286115392","2728292234","1.56905"
"12268776","1547369366","0.142857"
"1547369366","12268776","0.142857"
"12268776","2059304728","0.142857"
"2059304728","12268776","0.142857"
"12268776","2149986300","0.142857"
"2149986300","12268776","0.142857"
"12268776","2401630537","0.142857"
"2401630537","12268776","0.142857"
"1547369366","2059304728","5.39286"
"2059304728","1547369366","5.39286"
"1547369366","2149986300","2.55952"
"2149986300","1547369366","2.55952"
"1547369366","2172225598","0.342857"
"2172225598","1547369366","0.342857"
"1547369366","2401630537","4.09286"
"2401630537","1547369366","4.09286"
"1547369366","2728292234","0.342857"
"2728292234","1547369366","0.342857"
"1547369366","286115392","0.342857"
"286115392","1547369366","0.342857"
"2059304728","2149986300","1.55952"
"2149986300","2059304728","1.55952"
"2059304728","2172225598","1.47619"
"2172225598","2059304728","1.47619"
"2059304728","2401630537","3.89286"
"2401630537","2059304728","3.89286"
"2059304728","2728292234","1.14286"
"2728292234","2059304728","1.14286"
"2059304728","286115392","0.142857"
"286115392","2059304728","0.142857"
"2149986300","2172225598","0.142857"
"2172225598","2149986300","0.142857"
"2149986300","2401630537","3.05952"
"2401630537","2149986300","3.05952"
"2149986300","2728292234","0.142857"
"2728292234","2149986300","0.142857"
"2149986300","286115392","0.142857"
"286115392","2149986300","0.142857"
"2172225598","2401630537","0.342857"
"2401630537","2172225598","0.342857"
"2401630537","2728292234","0.342857"
"2728292234","2401630537","0.342857"
"2401630537","286115392","0.342857"
"286115392","2401630537","0.342857"
"12268776","2502264730","0.333333"
"2502264730","12268776","0.333333"
"2502264730","2728292234","0.333333"
"2728292234","2502264730","0.333333"
"2502264730","286115392","0.333333"
"286115392","2502264730","0.333333"
"1481082344","2156866754","0.5"
"2156866754","1481082344","0.5"
"1481082344","2491576004","1.66667"
"2491576004","1481082344","1.66667"
"2156866754","2491576004","0.5"
"2491576004","2156866754","0.5"
"1481082344","2502264730","1.5"
"2502264730","1481082344","1.5"
"1481082344","1999879211","0.166667"
"1999879211","1481082344","0.166667"
"1481082344","2055789361","0.166667"
"2055789361","1481082344","0.166667"
"1481082344","2125341274","0.166667"
"2125341274","1481082344","0.166667"
"1481082344","2131952331","0.166667"
"2131952331","1481082344","0.166667"
"1999879211","2055789361","0.166667"
"2055789361","1999879211","0.166667"
"1999879211","2125341274","0.166667"
"2125341274","1999879211","0.166667"
"1999879211","2131952331","0.166667"
"2131952331","1999879211","0.166667"
"1999879211","2491576004","0.666667"
"2491576004","1999879211","0.666667"
"1999879211","2502264730","4.16667"
"2502264730","1999879211","4.16667"
"2055789361","2125341274","0.366667"
"2125341274","2055789361","0.366667"
"2055789361","2131952331","7.28333"
"2131952331","2055789361","7.28333"
"2055789361","2491576004","0.166667"
"2491576004","2055789361","0.166667"
"2055789361","2502264730","0.833333"
"2502264730","2055789361","0.833333"
"2125341274","2131952331","0.366667"
"2131952331","2125341274","0.366667"
"2125341274","2491576004","0.666667"
"2491576004","2125341274","0.666667"
"2125341274","2502264730","4.65758"
"2502264730","2125341274","4.65758"
"2131952331","2491576004","0.166667"
"2491576004","2131952331","0.166667"
"2131952331","2502264730","0.5"
"2502264730","2131952331","0.5"
"2491576004","2502264730","6.02778"
"2502264730","2491576004","6.02778"
"1481082344","2055319964","2"
"2055319964","1481082344","2"
"1481082344","2159708031","1.83333"
"2159708031","1481082344","1.83333"
"1481082344","2164971557","1.83333"
"2164971557","1481082344","1.83333"
"2159708031","2164971557","3.79167"
"2164971557","2159708031","3.79167"
"1481082344","2070418264","1.33333"
"2070418264","1481082344","1.33333"
"1481082344","2091259376","0.833333"
"2091259376","1481082344","0.833333"
"2070418264","2091259376","5.81869"
"2091259376","2070418264","5.81869"
"1481082344","2133515652","0.333333"
"2133515652","1481082344","0.333333"
"2070418264","2133515652","3.93611"
"2133515652","2070418264","3.93611"
"2091259376","2133515652","1.76944"
"2133515652","2091259376","1.76944"
"1481082344","2028546914","0.5"
"2028546914","1481082344","0.5"
"2028546914","2070418264","2.31869"
"2070418264","2028546914","2.31869"
"2159708031","2502264730","2.21591"
"2502264730","2159708031","2.21591"
"2164971557","2502264730","0.791667"
"2502264730","2164971557","0.791667"
"1503250708","2055789361","0.45"
"2055789361","1503250708","0.45"
"1503250708","2131952331","0.45"
"2131952331","1503250708","0.45"
"2055789361","2097300899","0.45"
"2097300899","2055789361","0.45"
"2055789361","2170954067","0.25"
"2170954067","2055789361","0.25"
"2097300899","2131952331","0.45"
"2131952331","2097300899","0.45"
"2131952331","2170954067","0.25"
"2170954067","2131952331","0.25"
"1503250708","2018052350","0.45202"
"2018052350","1503250708","0.45202"
"1503250708","2125341274","0.740909"
"2125341274","1503250708","0.740909"
"2018052350","2097300899","0.45202"
"2097300899","2018052350","0.45202"
"2018052350","2125341274","0.340909"
"2125341274","2018052350","0.340909"
"2018052350","2170954067","1.11869"
"2170954067","2018052350","1.11869"
"2097300899","2125341274","0.740909"
"2125341274","2097300899","0.740909"
"2125341274","2170954067","0.540909"
"2170954067","2125341274","0.540909"
"1503250708","2028546914","0.45202"
"2028546914","1503250708","0.45202"
"1503250708","2070418264","0.65202"
"2070418264","1503250708","0.65202"
"1503250708","2091259376","0.618687"
"2091259376","1503250708","0.618687"
"1503250708","2133515652","0.402778"
"2133515652","1503250708","0.402778"
"1503250708","2491576004","0.361111"
"2491576004","1503250708","0.361111"
"1503250708","2502264730","1.11035"
"2502264730","1503250708","1.11035"
"2018052350","2028546914","0.20202"
"2028546914","2018052350","0.20202"
"2018052350","2070418264","0.20202"
"2070418264","2018052350","0.20202"
"2018052350","2091259376","0.20202"
"2091259376","2018052350","0.20202"
"2018052350","2133515652","0.111111"
"2133515652","2018052350","0.111111"
"2018052350","2491576004","0.111111"
"2491576004","2018052350","0.111111"
"2018052350","2502264730","1.53535"
"2502264730","2018052350","1.53535"
"2028546914","2091259376","2.48535"
"2091259376","2028546914","2.48535"
"2028546914","2097300899","0.45202"
"2097300899","2028546914","0.45202"
"2028546914","2133515652","2.60278"
"2133515652","2028546914","2.60278"
"2028546914","2170954067","0.32702"
"2170954067","2028546914","0.32702"
"2028546914","2491576004","0.111111"
"2491576004","2028546914","0.111111"
"2028546914","2502264730","0.52702"
"2502264730","2028546914","0.52702"
"2070418264","2097300899","0.65202"
"2097300899","2070418264","0.65202"
"2070418264","2170954067","0.32702"
"2170954067","2070418264","0.32702"
"2070418264","2491576004","0.111111"
"2491576004","2070418264","0.111111"
"2070418264","2502264730","1.02702"
"2502264730","2070418264","1.02702"
"2091259376","2097300899","0.618687"
"2097300899","2091259376","0.618687"
"2091259376","2170954067","0.32702"
"2170954067","2091259376","0.32702"
"2091259376","2491576004","0.111111"
"2491576004","2091259376","0.111111"
"2091259376","2502264730","2.02702"
"2502264730","2091259376","2.02702"
"2097300899","2133515652","0.402778"
"2133515652","2097300899","0.402778"
"2097300899","2491576004","0.361111"
"2491576004","2097300899","0.361111"
"2097300899","2502264730","1.11035"
"2502264730","2097300899","1.11035"
"2133515652","2170954067","0.236111"
"2170954067","2133515652","0.236111"
"2133515652","2491576004","0.111111"
"2491576004","2133515652","0.111111"
"2133515652","2502264730","0.311111"
"2502264730","2133515652","0.311111"
"2170954067","2491576004","0.361111"
"2491576004","2170954067","0.361111"
"2170954067","2502264730","2.31869"
"2502264730","2170954067","2.31869"
"1503250708","2055319964","0.215909"
"2055319964","1503250708","0.215909"
"1503250708","2159708031","0.340909"
"2159708031","1503250708","0.340909"
"1503250708","2163037923","0.215909"
"2163037923","1503250708","0.215909"
"2018052350","2055319964","0.0909091"
"2055319964","2018052350","0.0909091"
"2018052350","2159708031","0.0909091"
"2159708031","2018052350","0.0909091"
"2018052350","2163037923","0.0909091"
"2163037923","2018052350","0.0909091"
"2028546914","2055319964","1.04924"
"2055319964","2028546914","1.04924"
"2028546914","2125341274","0.290909"
"2125341274","2028546914","0.290909"
"2028546914","2159708031","0.340909"
"2159708031","2028546914","0.340909"
"2028546914","2163037923","0.215909"
"2163037923","2028546914","0.215909"
"2055319964","2070418264","0.549242"
"2070418264","2055319964","0.549242"
"2055319964","2091259376","1.71591"
"2091259376","2055319964","1.71591"
"2055319964","2097300899","0.215909"
"2097300899","2055319964","0.215909"
"2055319964","2125341274","0.0909091"
"2125341274","2055319964","0.0909091"
"2055319964","2159708031","1.21591"
"2159708031","2055319964","1.21591"
"2055319964","2163037923","0.0909091"
"2163037923","2055319964","0.0909091"
"2055319964","2170954067","0.0909091"
"2170954067","2055319964","0.0909091"
"2055319964","2502264730","0.215909"
"2502264730","2055319964","0.215909"
"2070418264","2125341274","0.490909"
"2125341274","2070418264","0.490909"
"2070418264","2159708031","0.340909"
"2159708031","2070418264","0.340909"
"2070418264","2163037923","0.215909"
"2163037923","2070418264","0.215909"
"2091259376","2125341274","0.290909"
"2125341274","2091259376","0.290909"
"2091259376","2159708031","0.340909"
"2159708031","2091259376","0.340909"
"2091259376","2163037923","0.215909"
"2163037923","2091259376","0.215909"
"2097300899","2159708031","0.340909"
"2159708031","2097300899","0.340909"
"2097300899","2163037923","0.215909"
"2163037923","2097300899","0.215909"
"2125341274","2159708031","0.0909091"
"2159708031","2125341274","0.0909091"
"2125341274","2163037923","1.59091"
"2163037923","2125341274","1.59091"
"2159708031","2163037923","0.715909"
"2163037923","2159708031","0.715909"
"2159708031","2170954067","0.215909"
"2170954067","2159708031","0.215909"
"2163037923","2170954067","0.215909"
"2170954067","2163037923","0.215909"
"2163037923","2502264730","3.09091"
"2502264730","2163037923","3.09091"
"2133515652","2159708031","0.125"
"2159708031","2133515652","0.125"
"2133515652","2163037923","0.125"
"2163037923","2133515652","0.125"
"1503250708","1999879211","0.166667"
"1999879211","1503250708","0.166667"
"1503250708","2155232992","0.166667"
"2155232992","1503250708","0.166667"
"1503250708","2156866754","0.166667"
"2156866754","1503250708","0.166667"
"1999879211","2091259376","0.166667"
"2091259376","1999879211","0.166667"
"1999879211","2097300899","0.166667"
"2097300899","1999879211","0.166667"
"1999879211","2133515652","0.166667"
"2133515652","1999879211","0.166667"
"1999879211","2155232992","0.5"
"2155232992","1999879211","0.5"
"1999879211","2156866754","0.5"
"2156866754","1999879211","0.5"
"2091259376","2155232992","0.166667"
"2155232992","2091259376","0.166667"
"2091259376","2156866754","0.166667"
"2156866754","2091259376","0.166667"
"2097300899","2155232992","0.166667"
"2155232992","2097300899","0.166667"
"2097300899","2156866754","0.166667"
"2156866754","2097300899","0.166667"
"2133515652","2155232992","0.166667"
"2155232992","2133515652","0.166667"
"2133515652","2156866754","0.166667"
"2156866754","2133515652","0.166667"
"2155232992","2156866754","5.33333"
"2156866754","2155232992","5.33333"
"2055789361","2070418264","0.2"
"2070418264","2055789361","0.2"
"2070418264","2131952331","0.2"
"2131952331","2070418264","0.2"
"1503250708","2164971557","0.125"
"2164971557","1503250708","0.125"
"2028546914","2164971557","0.125"
"2164971557","2028546914","0.125"
"2055319964","2164971557","0.625"
"2164971557","2055319964","0.625"
"2070418264","2164971557","0.125"
"2164971557","2070418264","0.125"
"2091259376","2164971557","0.125"
"2164971557","2091259376","0.125"
"2097300899","2164971557","0.125"
"2164971557","2097300899","0.125"
"1503250708","2481721258","0.2"
"2481721258","1503250708","0.2"
"2097300899","2481721258","0.2"
"2481721258","2097300899","0.2"
"2125341274","2481721258","0.2"
"2481721258","2125341274","0.2"
"2170954067","2481721258","0.2"
"2481721258","2170954067","0.2"
"2481721258","2502264730","1.2"
"2502264730","2481721258","1.2"
"1547369366","181778401","0.25"
"181778401","1547369366","0.25"
"181778401","2059304728","0.25"
"2059304728","181778401","0.25"
"181778401","2149986300","0.25"
"2149986300","181778401","0.25"
"181778401","2401630537","0.25"
"2401630537","181778401","0.25"
"1547369366","2481721258","4.53333"
"2481721258","1547369366","4.53333"
"1547369366","2491576004","0.5"
"2491576004","1547369366","0.5"
"1547369366","2502264730","0.5"
"2502264730","1547369366","0.5"
"2059304728","2481721258","2.33333"
"2481721258","2059304728","2.33333"
"2401630537","2481721258","1.53333"
"2481721258","2401630537","1.53333"
"2172225598","2481721258","0.2"
"2481721258","2172225598","0.2"
"2481721258","2728292234","0.2"
"2728292234","2481721258","0.2"
"2481721258","286115392","0.2"
"286115392","2481721258","0.2"
"1568912083","2067070693","5"
"2067070693","1568912083","5"
"1568912083","2070418264","0.5"
"2070418264","1568912083","0.5"
"1568912083","2133515652","0.5"
"2133515652","1568912083","0.5"
"1828505970","2144997882","1.33333"
"2144997882","1828505970","1.33333"
"1828505970","2104644081","1"
"2104644081","1828505970","1"
"1828505970","2055789361","0.833333"
"2055789361","1828505970","0.833333"
"1828505970","2131952331","0.833333"
"2131952331","1828505970","0.833333"
"2055789361","2144997882","0.333333"
"2144997882","2055789361","0.333333"
"2131952331","2144997882","0.333333"
"2144997882","2131952331","0.333333"
"2155232992","2502264730","2.66667"
"2502264730","2155232992","2.66667"
"2156866754","2502264730","3.66667"
"2502264730","2156866754","3.66667"
"1999879211","2163037923","1.5"
"2163037923","1999879211","1.5"
"1999879211","2159708031","0.333333"
"2159708031","1999879211","0.333333"
"1999879211","2164971557","0.333333"
"2164971557","1999879211","0.333333"
"1999879211","2018052350","0.333333"
"2018052350","1999879211","0.333333"
"1999879211","2170954067","0.333333"
"2170954067","1999879211","0.333333"
"1999879211","2127567999","1"
"2127567999","1999879211","1"
"2018052350","2155232992","0.5"
"2155232992","2018052350","0.5"
"2018052350","2156866754","0.5"
"2156866754","2018052350","0.5"
"2018052350","2059304728","0.333333"
"2059304728","2018052350","0.333333"
"2018052350","2172225598","0.333333"
"2172225598","2018052350","0.333333"
"2059304728","2170954067","0.333333"
"2170954067","2059304728","0.333333"
"2018052350","2728292234","0.5"
"2728292234","2018052350","0.5"
"2018052350","286115392","0.5"
"286115392","2018052350","0.5"
"2055319964","2133515652","0.833333"
"2133515652","2055319964","0.833333"
"2125341274","2133515652","0.2"
"2133515652","2125341274","0.2"
"2133515652","2164971557","1.5"
"2164971557","2133515652","1.5"
"2055789361","2155232992","0.333333"
"2155232992","2055789361","0.333333"
"2055789361","2156866754","0.333333"
"2156866754","2055789361","0.333333"
"2055789361","2159708031","0.333333"
"2159708031","2055789361","0.333333"
"2131952331","2159708031","0.333333"
"2159708031","2131952331","0.333333"
"2055789361","2059304728","0.5"
"2059304728","2055789361","0.5"
"2059304728","2131952331","0.5"
"2131952331","2059304728","0.5"
"2104644081","2491576004","7"
"2491576004","2104644081","7"
"2127567999","286115392","1"
"286115392","2127567999","1"
"2163037923","2164971557","0.5"
"2164971557","2163037923","0.5"
