"123494015","1989549101","0.2"
"1989549101","123494015","0.2"
"123494015","2132023986","2.60952"
"2132023986","123494015","2.60952"
"123494015","2167661907","0.509524"
"2167661907","123494015","0.509524"
"123494015","2399241418","1.60952"
"2399241418","123494015","1.60952"
"123494015","273183133","0.842857"
"273183133","123494015","0.842857"
"1989549101","2132023986","0.2"
"2132023986","1989549101","0.2"
"1989549101","2167661907","0.2"
"2167661907","1989549101","0.2"
"1989549101","2399241418","0.2"
"2399241418","1989549101","0.2"
"1989549101","273183133","0.325"
"273183133","1989549101","0.325"
"2132023986","2167661907","0.509524"
"2167661907","2132023986","0.509524"
"2132023986","2399241418","2.44286"
"2399241418","2132023986","2.44286"
"2132023986","273183133","1.67619"
"273183133","2132023986","1.67619"
"2167661907","2399241418","0.509524"
"2399241418","2167661907","0.509524"
"2167661907","273183133","0.67619"
"273183133","2167661907","0.67619"
"2399241418","273183133","0.342857"
"273183133","2399241418","0.342857"
"123494015","2066178310","3.40952"
"2066178310","123494015","3.40952"
"123494015","1536295802","1.40952"
"1536295802","123494015","1.40952"
"1536295802","2066178310","1.90952"
"2066178310","1536295802","1.90952"
"1536295802","2132023986","2.24286"
"2132023986","1536295802","2.24286"
"1536295802","2399241418","2.24286"
"2399241418","1536295802","2.24286"
"2066178310","2132023986","1.90952"
"2132023986","2066178310","1.90952"
"2066178310","2399241418","1.90952"
"2399241418","2066178310","1.90952"
"123494015","2112019167","1.1"
"2112019167","123494015","1.1"
"1536295802","2112019167","1.43333"
"2112019167","1536295802","1.43333"
"2066178310","2112019167","3.1"
"2112019167","2066178310","3.1"
"2112019167","2132023986","8.26667"
"2132023986","2112019167","8.26667"
"2112019167","2399241418","1.43333"
"2399241418","2112019167","1.43333"
"123494015","2148009765","0.309524"
"2148009765","123494015","0.309524"
"1536295802","2148009765","0.309524"
"2148009765","1536295802","0.309524"
"1536295802","2167661907","0.309524"
"2167661907","1536295802","0.309524"
"1536295802","273183133","0.142857"
"273183133","1536295802","0.142857"
"2066178310","2148009765","0.642857"
"2148009765","2066178310","0.642857"
"2066178310","2167661907","1.64286"
"2167661907","2066178310","1.64286"
"2066178310","273183133","1.47619"
"273183133","2066178310","1.47619"
"2132023986","2148009765","0.642857"
"2148009765","2132023986","0.642857"
"2148009765","2167661907","0.785714"
"2167661907","2148009765","0.785714"
"2148009765","2399241418","0.309524"
"2399241418","2148009765","0.309524"
"2148009765","273183133","10.2679"
"273183133","2148009765","10.2679"
"2112019167","273183133","0.833333"
"273183133","2112019167","0.833333"
"1486263771","1943233084","1"
"1943233084","1486263771","1"
"1486263771","1973548319","0.125"
"1973548319","1486263771","0.125"
"1486263771","1989549101","2.125"
"1989549101","1486263771","2.125"
"1486263771","2148009765","0.125"
"2148009765","1486263771","0.125"
"1486263771","2487596118","0.125"
"2487596118","1486263771","0.125"
"1486263771","2519934981","0.125"
"2519934981","1486263771","0.125"
"1486263771","2578991858","0.125"
"2578991858","1486263771","0.125"
"1486263771","273183133","0.125"
"273183133","1486263771","0.125"
"1486263771","49592046","0.125"
"49592046","1486263771","0.125"
"1973548319","1989549101","0.125"
"1989549101","1973548319","0.125"
"1973548319","2148009765","0.267857"
"2148009765","1973548319","0.267857"
"1973548319","2487596118","0.583333"
"2487596118","1973548319","0.583333"
"1973548319","2519934981","1.34286"
"2519934981","1973548319","1.34286"
"1973548319","2578991858","2.43452"
"2578991858","1973548319","2.43452"
"1973548319","273183133","0.125"
"273183133","1973548319","0.125"
"1973548319","49592046","4.48571"
"49592046","1973548319","4.48571"
"1989549101","2148009765","0.125"
"2148009765","1989549101","0.125"
"1989549101","2487596118","0.125"
"2487596118","1989549101","0.125"
"1989549101","2519934981","0.125"
"2519934981","1989549101","0.125"
"1989549101","2578991858","0.125"
"2578991858","1989549101","0.125"
"1989549101","49592046","0.125"
"49592046","1989549101","0.125"
"2148009765","2487596118","2.16667"
"2487596118","2148009765","2.16667"
"2148009765","2519934981","0.416667"
"2519934981","2148009765","0.416667"
"2148009765","2578991858","1.5"
"2578991858","2148009765","1.5"
"2148009765","49592046","0.97619"
"49592046","2148009765","0.97619"
"2487596118","2519934981","2.54167"
"2519934981","2487596118","2.54167"
"2487596118","2578991858","5.83333"
"2578991858","2487596118","5.83333"
"2487596118","273183133","0.125"
"273183133","2487596118","0.125"
"2487596118","49592046","1.29167"
"49592046","2487596118","1.29167"
"2519934981","2578991858","2.39286"
"2578991858","2519934981","2.39286"
"2519934981","273183133","0.125"
"273183133","2519934981","0.125"
"2519934981","49592046","2.30119"
"49592046","2519934981","2.30119"
"2578991858","273183133","0.458333"
"273183133","2578991858","0.458333"
"2578991858","49592046","3.80952"
"49592046","2578991858","3.80952"
"273183133","49592046","0.458333"
"49592046","273183133","0.458333"
"1488526968","2016267457","2.23333"
"2016267457","1488526968","2.23333"
"1488526968","2129548234","1.4"
"2129548234","1488526968","1.4"
"2016267457","2129548234","8.65"
"2129548234","2016267457","8.65"
"1488526968","2136195300","1.23333"
"2136195300","1488526968","1.23333"
"2016267457","2136195300","8.48333"
"2136195300","2016267457","8.48333"
"1488526968","2054995322","1.53333"
"2054995322","1488526968","1.53333"
"2016267457","2054995322","1.36667"
"2054995322","2016267457","1.36667"
"2054995322","2136195300","2.36667"
"2136195300","2054995322","2.36667"
"1488526968","1564691070","0.2"
"1564691070","1488526968","0.2"
"1488526968","1741074190","1.4"
"1741074190","1488526968","1.4"
"1564691070","1741074190","0.2"
"1741074190","1564691070","0.2"
"1564691070","2016267457","0.2"
"2016267457","1564691070","0.2"
"1564691070","2129548234","0.2"
"2129548234","1564691070","0.2"
"1564691070","2136195300","0.2"
"2136195300","1564691070","0.2"
"1741074190","2016267457","9.56667"
"2016267457","1741074190","9.56667"
"1741074190","2129548234","4.56667"
"2129548234","1741074190","4.56667"
"1741074190","2136195300","3.56667"
"2136195300","1741074190","3.56667"
"2129548234","2136195300","5.65"
"2136195300","2129548234","5.65"
"1741074190","2054995322","0.7"
"2054995322","1741074190","0.7"
"2054995322","2129548234","1.03333"
"2129548234","2054995322","1.03333"
"1564691070","2054995322","1"
"2054995322","1564691070","1"
"1741074190","2088722149","1"
"2088722149","1741074190","1"
"1943233084","1973548319","1.28571"
"1973548319","1943233084","1.28571"
"1943233084","2487596118","0.625"
"2487596118","1943233084","0.625"
"1943233084","2519934981","0.767857"
"2519934981","1943233084","0.767857"
"1943233084","2049917012","2.07738"
"2049917012","1943233084","2.07738"
"1943233084","2148009765","0.434524"
"2148009765","1943233084","0.434524"
"1943233084","2519966510","0.166667"
"2519966510","1943233084","0.166667"
"1943233084","2578991858","0.434524"
"2578991858","1943233084","0.434524"
"1943233084","69349185","0.434524"
"69349185","1943233084","0.434524"
"2148009765","2519966510","0.166667"
"2519966510","2148009765","0.166667"
"2148009765","69349185","0.684524"
"69349185","2148009765","0.684524"
"2487596118","2519966510","0.958333"
"2519966510","2487596118","0.958333"
"2487596118","69349185","0.666667"
"69349185","2487596118","0.666667"
"2519934981","2519966510","0.875"
"2519966510","2519934981","0.875"
"2519934981","69349185","1.03333"
"69349185","2519934981","1.03333"
"2519966510","2578991858","2.08333"
"2578991858","2519966510","2.08333"
"2519966510","69349185","0.958333"
"69349185","2519966510","0.958333"
"2578991858","69349185","1.29167"
"69349185","2578991858","1.29167"
"1943233084","2167661907","0.619048"
"2167661907","1943233084","0.619048"
"1973548319","2049917012","3.86071"
"2049917012","1973548319","3.86071"
"1973548319","2167661907","0.619048"
"2167661907","1973548319","0.619048"
"2049917012","2167661907","0.619048"
"2167661907","2049917012","0.619048"
"1943233084","2735670810","0.142857"
"2735670810","1943233084","0.142857"
"1943233084","49592046","0.410714"
"49592046","1943233084","0.410714"
"1973548319","2735670810","2.55119"
"2735670810","1973548319","2.55119"
"2049917012","2519934981","0.92619"
"2519934981","2049917012","0.92619"
"2049917012","2578991858","2.18452"
"2578991858","2049917012","2.18452"
"2049917012","2735670810","1.05119"
"2735670810","2049917012","1.05119"
"2049917012","49592046","3.98571"
"49592046","2049917012","3.98571"
"2167661907","2519934981","0.142857"
"2519934981","2167661907","0.142857"
"2167661907","2578991858","0.142857"
"2578991858","2167661907","0.142857"
"2167661907","2735670810","0.142857"
"2735670810","2167661907","0.142857"
"2167661907","49592046","0.285714"
"49592046","2167661907","0.285714"
"2519934981","2735670810","0.967857"
"2735670810","2519934981","0.967857"
"2578991858","2735670810","0.892857"
"2735670810","2578991858","0.892857"
"2735670810","49592046","1.05119"
"49592046","2735670810","1.05119"
"1943233084","2008345765","0.60119"
"2008345765","1943233084","0.60119"
"1973548319","2008345765","0.60119"
"2008345765","1973548319","0.60119"
"1973548319","69349185","1.63452"
"69349185","1973548319","1.63452"
"2008345765","2049917012","0.892857"
"2049917012","2008345765","0.892857"
"2008345765","2148009765","0.267857"
"2148009765","2008345765","0.267857"
"2008345765","2167661907","0.142857"
"2167661907","2008345765","0.142857"
"2008345765","49592046","0.559524"
"49592046","2008345765","0.559524"
"2008345765","69349185","0.392857"
"69349185","2008345765","0.392857"
"2049917012","2148009765","0.267857"
"2148009765","2049917012","0.267857"
"2049917012","69349185","1.09286"
"69349185","2049917012","1.09286"
"2167661907","69349185","0.142857"
"69349185","2167661907","0.142857"
"49592046","69349185","1.84286"
"69349185","49592046","1.84286"
"2008345765","2487596118","6.41667"
"2487596118","2008345765","6.41667"
"2008345765","2519934981","2.41667"
"2519934981","2008345765","2.41667"
"2008345765","2578991858","2.29167"
"2578991858","2008345765","2.29167"
"2049917012","2487596118","0.916667"
"2487596118","2049917012","0.916667"
"1967151960","2086012956","4"
"2086012956","1967151960","4"
"1967151960","2088722149","3"
"2088722149","1967151960","3"
"2086012956","2088722149","4"
"2088722149","2086012956","4"
"1973225261","2117781301","12.1667"
"2117781301","1973225261","12.1667"
"1973225261","2156914580","3.16667"
"2156914580","1973225261","3.16667"
"2117781301","2156914580","4.16667"
"2156914580","2117781301","4.16667"
"1973225261","2000698497","0.166667"
"2000698497","1973225261","0.166667"
"1973225261","2010514245","0.166667"
"2010514245","1973225261","0.166667"
"1973225261","2092667369","0.166667"
"2092667369","1973225261","0.166667"
"1973225261","2521784526","0.166667"
"2521784526","1973225261","0.166667"
"2000698497","2010514245","0.833333"
"2010514245","2000698497","0.833333"
"2000698497","2092667369","2.83333"
"2092667369","2000698497","2.83333"
"2000698497","2117781301","0.166667"
"2117781301","2000698497","0.166667"
"2000698497","2156914580","0.166667"
"2156914580","2000698497","0.166667"
"2000698497","2521784526","2.83333"
"2521784526","2000698497","2.83333"
"2010514245","2092667369","0.833333"
"2092667369","2010514245","0.833333"
"2010514245","2117781301","0.166667"
"2117781301","2010514245","0.166667"
"2010514245","2156914580","1.16667"
"2156914580","2010514245","1.16667"
"2010514245","2521784526","0.833333"
"2521784526","2010514245","0.833333"
"2092667369","2117781301","0.166667"
"2117781301","2092667369","0.166667"
"2092667369","2156914580","2.16667"
"2156914580","2092667369","2.16667"
"2092667369","2521784526","23.8333"
"2521784526","2092667369","23.8333"
"2117781301","2521784526","0.166667"
"2521784526","2117781301","0.166667"
"2156914580","2521784526","2.16667"
"2521784526","2156914580","2.16667"
"1973548319","2519966510","2.95833"
"2519966510","1973548319","2.95833"
"2049917012","2519966510","1.125"
"2519966510","2049917012","1.125"
"2735670810","69349185","2.825"
"69349185","2735670810","2.825"
"2519966510","49592046","2.29167"
"49592046","2519966510","2.29167"
"2008345765","2519966510","0.291667"
"2519966510","2008345765","0.291667"
"2008345765","2735670810","0.125"
"2735670810","2008345765","0.125"
"2487596118","2735670810","0.125"
"2735670810","2487596118","0.125"
"2519966510","2735670810","1.125"
"2735670810","2519966510","1.125"
"1983280417","2118350594","2.16667"
"2118350594","1983280417","2.16667"
"1983280417","2071396369","1.66667"
"2071396369","1983280417","1.66667"
"1983280417","2093477505","2.16667"
"2093477505","1983280417","2.16667"
"2071396369","2093477505","5.66667"
"2093477505","2071396369","5.66667"
"2071396369","2118350594","0.666667"
"2118350594","2071396369","0.666667"
"2093477505","2118350594","2.16667"
"2118350594","2093477505","2.16667"
"1983280417","2134653874","1"
"2134653874","1983280417","1"
"1989549101","2049917012","0.5"
"2049917012","1989549101","0.5"
"1989549101","2923179852","0.5"
"2923179852","1989549101","0.5"
"2049917012","2923179852","0.5"
"2923179852","2049917012","0.5"
"2016267457","2117707814","1.25"
"2117707814","2016267457","1.25"
"2016267457","2088722149","0.25"
"2088722149","2016267457","0.25"
"2088722149","2117707814","0.25"
"2117707814","2088722149","0.25"
"2088722149","2129548234","0.25"
"2129548234","2088722149","0.25"
"2088722149","2136195300","0.25"
"2136195300","2088722149","0.25"
"2117707814","2129548234","0.25"
"2129548234","2117707814","0.25"
"2117707814","2136195300","0.25"
"2136195300","2117707814","0.25"
"2041658608","2092667369","2"
"2092667369","2041658608","2"
"2041658608","2521784526","1"
"2521784526","2041658608","1"
"2094494203","2117707814","1"
"2117707814","2094494203","1"
"2112019167","2148009765","0.333333"
"2148009765","2112019167","0.333333"
"2112019167","49592046","0.5"
"49592046","2112019167","0.5"
"2132023986","49592046","0.5"
"49592046","2132023986","0.5"
"2487596118","2923179852","0.5"
"2923179852","2487596118","0.5"
"2519934981","2923179852","0.5"
"2923179852","2519934981","0.5"
