"1479797449","1971985207","1.29637"
"1971985207","1479797449","1.29637"
"1479797449","2020880787","1.31859"
"2020880787","1479797449","1.31859"
"1479797449","2099890503","1.6297"
"2099890503","1479797449","1.6297"
"1479797449","2115322091","0.71978"
"2115322091","1479797449","0.71978"
"1479797449","2129830620","0.194444"
"2129830620","1479797449","0.194444"
"1479797449","2131510858","0.71978"
"2131510858","1479797449","0.71978"
"1479797449","2146532434","2.27256"
"2146532434","1479797449","2.27256"
"1479797449","2146910660","2.68922"
"2146910660","1479797449","2.68922"
"1479797449","2188917737","0.71978"
"2188917737","1479797449","0.71978"
"1479797449","2754034830","1.09637"
"2754034830","1479797449","1.09637"
"1479797449","2754466910","0.396368"
"2754466910","1479797449","0.396368"
"1479797449","3022475563","0.396368"
"3022475563","1479797449","0.396368"
"1971985207","2020880787","1.64561"
"2020880787","1971985207","1.64561"
"1971985207","2099890503","3.70672"
"2099890503","1971985207","3.70672"
"1971985207","2115322091","0.487277"
"2115322091","1971985207","0.487277"
"1971985207","2129830620","0.646465"
"2129830620","1971985207","0.646465"
"1971985207","2131510858","0.271368"
"2131510858","1971985207","0.271368"
"1971985207","2146532434","1.58172"
"2146532434","1971985207","1.58172"
"1971985207","2146910660","1.45672"
"2146910660","1971985207","1.45672"
"1971985207","2188917737","0.487277"
"2188917737","1971985207","0.487277"
"1971985207","2754034830","2.0345"
"2754034830","1971985207","2.0345"
"1971985207","2754466910","0.834499"
"2754466910","1971985207","0.834499"
"1971985207","3022475563","0.834499"
"3022475563","1971985207","0.834499"
"2020880787","2099890503","4.22894"
"2099890503","2020880787","4.22894"
"2020880787","2115322091","0.376166"
"2115322091","2020880787","0.376166"
"2020880787","2129830620","0.285354"
"2129830620","2020880787","0.285354"
"2020880787","2131510858","0.326923"
"2131510858","2020880787","0.326923"
"2020880787","2146532434","1.35394"
"2146532434","2020880787","1.35394"
"2020880787","2146910660","3.81228"
"2146910660","2020880787","3.81228"
"2020880787","2188917737","0.376166"
"2188917737","2020880787","0.376166"
"2020880787","2754034830","2.19561"
"2754034830","2020880787","2.19561"
"2020880787","2754466910","1.86228"
"2754466910","2020880787","1.86228"
"2020880787","3022475563","1.86228"
"3022475563","2020880787","1.86228"
"2099890503","2115322091","0.376166"
"2115322091","2099890503","0.376166"
"2099890503","2129830620","2.2298"
"2129830620","2099890503","2.2298"
"2099890503","2131510858","0.160256"
"2131510858","2099890503","0.160256"
"2099890503","2146532434","1.24839"
"2146532434","2099890503","1.24839"
"2099890503","2146910660","3.54005"
"2146910660","2099890503","3.54005"
"2099890503","2188917737","0.376166"
"2188917737","2099890503","0.376166"
"2099890503","2754034830","3.17339"
"2754034830","2099890503","3.17339"
"2099890503","2754466910","2.14005"
"2754466910","2099890503","2.14005"
"2099890503","3022475563","2.14005"
"3022475563","2099890503","2.14005"
"2115322091","2129830620","0.174242"
"2129830620","2115322091","0.174242"
"2115322091","2131510858","4.70257"
"2131510858","2115322091","4.70257"
"2115322091","2146532434","0.394023"
"2146532434","2115322091","0.394023"
"2115322091","2146910660","0.988321"
"2146910660","2115322091","0.988321"
"2115322091","2188917737","12.0018"
"2188917737","2115322091","12.0018"
"2115322091","2754034830","0.939658"
"2754034830","2115322091","0.939658"
"2115322091","2754466910","0.939658"
"2754466910","2115322091","0.939658"
"2115322091","3022475563","0.939658"
"3022475563","2115322091","0.939658"
"2129830620","2131510858","0.0833333"
"2131510858","2129830620","0.0833333"
"2129830620","2146532434","0.646465"
"2146532434","2129830620","0.646465"
"2129830620","2146910660","0.729798"
"2146910660","2129830620","0.729798"
"2129830620","2188917737","0.174242"
"2188917737","2129830620","0.174242"
"2129830620","2754034830","0.979798"
"2754034830","2129830620","0.979798"
"2129830620","2754466910","0.979798"
"2754466910","2129830620","0.979798"
"2129830620","3022475563","0.979798"
"3022475563","2129830620","0.979798"
"2131510858","2146532434","0.303114"
"2146532434","2131510858","0.303114"
"2131510858","2146910660","1.77241"
"2146910660","2131510858","1.77241"
"2131510858","2188917737","3.20257"
"2188917737","2131510858","3.20257"
"2131510858","2754034830","0.723748"
"2754034830","2131510858","0.723748"
"2131510858","2754466910","0.723748"
"2754466910","2131510858","0.723748"
"2131510858","3022475563","0.723748"
"3022475563","2131510858","0.723748"
"2146532434","2146910660","1.80791"
"2146910660","2146532434","1.80791"
"2146532434","2188917737","0.394023"
"2188917737","2146532434","0.394023"
"2146532434","2754034830","1.13172"
"2754034830","2146532434","1.13172"
"2146532434","2754466910","0.931721"
"2754466910","2146532434","0.931721"
"2146532434","3022475563","0.931721"
"3022475563","2146532434","0.931721"
"2146910660","2188917737","0.988321"
"2188917737","2146910660","0.988321"
"2146910660","2754034830","2.34005"
"2754034830","2146910660","2.34005"
"2146910660","2754466910","2.80672"
"2754466910","2146910660","2.80672"
"2146910660","3022475563","1.80672"
"3022475563","2146910660","1.80672"
"2188917737","2754034830","0.939658"
"2754034830","2188917737","0.939658"
"2188917737","2754466910","0.939658"
"2754466910","2188917737","0.939658"
"2188917737","3022475563","0.939658"
"3022475563","2188917737","0.939658"
"2754034830","2754466910","6.40355"
"2754466910","2754034830","6.40355"
"2754034830","3022475563","6.40355"
"3022475563","2754034830","6.40355"
"2754466910","3022475563","6.40355"
"3022475563","2754466910","6.40355"
"1479797449","2103008471","0.386447"
"2103008471","1479797449","0.386447"
"1479797449","2121233699","0.386447"
"2121233699","1479797449","0.386447"
"2103008471","2115322091","1.89994"
"2115322091","2103008471","1.89994"
"2103008471","2121233699","4.06661"
"2121233699","2103008471","4.06661"
"2103008471","2131510858","1.39994"
"2131510858","2103008471","1.39994"
"2103008471","2146532434","0.21978"
"2146532434","2103008471","0.21978"
"2103008471","2146910660","0.386447"
"2146910660","2103008471","0.386447"
"2103008471","2188917737","1.89994"
"2188917737","2103008471","1.89994"
"2115322091","2121233699","2.89994"
"2121233699","2115322091","2.89994"
"2121233699","2131510858","1.64994"
"2131510858","2121233699","1.64994"
"2121233699","2146532434","0.21978"
"2146532434","2121233699","0.21978"
"2121233699","2146910660","2.38645"
"2146910660","2121233699","2.38645"
"2121233699","2188917737","2.89994"
"2188917737","2121233699","2.89994"
"1971985207","2103008471","0.188034"
"2103008471","1971985207","0.188034"
"1971985207","2121233699","0.188034"
"2121233699","1971985207","0.188034"
"2020880787","2103008471","0.24359"
"2103008471","2020880787","0.24359"
"2020880787","2121233699","0.24359"
"2121233699","2020880787","0.24359"
"2099890503","2103008471","0.0769231"
"2103008471","2099890503","0.0769231"
"2099890503","2121233699","0.0769231"
"2121233699","2099890503","0.0769231"
"2103008471","2754034830","0.807082"
"2754034830","2103008471","0.807082"
"2103008471","2754466910","0.807082"
"2754466910","2103008471","0.807082"
"2103008471","3022475563","0.807082"
"3022475563","2103008471","0.807082"
"2121233699","2754034830","1.00708"
"2754034830","2121233699","1.00708"
"2121233699","2754466910","1.00708"
"2754466910","2121233699","1.00708"
"2121233699","3022475563","1.00708"
"3022475563","2121233699","1.00708"
"1479797449","1562562800","0.111111"
"1562562800","1479797449","0.111111"
"1562562800","1971985207","0.563131"
"1971985207","1562562800","0.563131"
"1562562800","2099890503","3.89646"
"2099890503","1562562800","3.89646"
"1562562800","2129830620","0.896465"
"2129830620","1562562800","0.896465"
"1562562800","2146532434","0.563131"
"2146532434","1562562800","0.563131"
"1562562800","2146910660","0.646465"
"2146910660","1562562800","0.646465"
"1562562800","2754034830","0.313131"
"2754034830","1562562800","0.313131"
"1562562800","2754466910","0.313131"
"2754466910","1562562800","0.313131"
"1562562800","3022475563","0.313131"
"3022475563","1562562800","0.313131"
"1479797449","2113484497","0.166667"
"2113484497","1479797449","0.166667"
"1479797449","2169612502","0.166667"
"2169612502","1479797449","0.166667"
"1479797449","2338306900","0.166667"
"2338306900","1479797449","0.166667"
"1479797449","2577481213","0.166667"
"2577481213","1479797449","0.166667"
"1971985207","2113484497","0.166667"
"2113484497","1971985207","0.166667"
"1971985207","2169612502","0.166667"
"2169612502","1971985207","0.166667"
"1971985207","2338306900","0.166667"
"2338306900","1971985207","0.166667"
"1971985207","2577481213","0.166667"
"2577481213","1971985207","0.166667"
"2020880787","2113484497","0.166667"
"2113484497","2020880787","0.166667"
"2020880787","2169612502","0.166667"
"2169612502","2020880787","0.166667"
"2020880787","2338306900","0.166667"
"2338306900","2020880787","0.166667"
"2020880787","2577481213","0.166667"
"2577481213","2020880787","0.166667"
"2113484497","2169612502","0.166667"
"2169612502","2113484497","0.166667"
"2113484497","2338306900","2.4"
"2338306900","2113484497","2.4"
"2113484497","2577481213","2.4"
"2577481213","2113484497","2.4"
"2169612502","2338306900","0.166667"
"2338306900","2169612502","0.166667"
"2169612502","2577481213","0.166667"
"2577481213","2169612502","0.166667"
"2338306900","2577481213","4.39359"
"2577481213","2338306900","4.39359"
"1562562800","2020880787","0.20202"
"2020880787","1562562800","0.20202"
"1562562800","2115322091","0.0909091"
"2115322091","1562562800","0.0909091"
"1562562800","2188917737","0.0909091"
"2188917737","1562562800","0.0909091"
"1596812272","2113484497","4.85"
"2113484497","1596812272","4.85"
"1596812272","2147780605","2.85"
"2147780605","1596812272","2.85"
"1596812272","2338306900","1.22692"
"2338306900","1596812272","1.22692"
"1596812272","2577481213","1.22692"
"2577481213","1596812272","1.22692"
"2113484497","2147780605","7.18333"
"2147780605","2113484497","7.18333"
"2147780605","2338306900","2.4"
"2338306900","2147780605","2.4"
"2147780605","2577481213","2.4"
"2577481213","2147780605","2.4"
"1596812272","1896721535","0.554555"
"1896721535","1596812272","0.554555"
"1596812272","2012574038","2.64027"
"2012574038","1596812272","2.64027"
"1596812272","2084330204","2.49741"
"2084330204","1596812272","2.49741"
"1596812272","2101649797","1.18194"
"2101649797","1596812272","1.18194"
"1596812272","2103851297","0.662888"
"2103851297","1596812272","0.662888"
"1596812272","2108077210","1.11408"
"2108077210","1596812272","1.11408"
"1596812272","2117227183","0.0769231"
"2117227183","1596812272","0.0769231"
"1596812272","2127069184","1.14027"
"2127069184","1596812272","1.14027"
"1596812272","2134306616","0.522412"
"2134306616","1596812272","0.522412"
"1596812272","2146148058","1.0043"
"2146148058","1596812272","1.0043"
"1596812272","2167901844","1.05694"
"2167901844","1596812272","1.05694"
"1896721535","2012574038","1.29622"
"2012574038","1896721535","1.29622"
"1896721535","2084330204","1.29622"
"2084330204","1896721535","1.29622"
"1896721535","2101649797","0.554555"
"2101649797","1896721535","0.554555"
"1896721535","2103851297","0.329555"
"2103851297","1896721535","0.329555"
"1896721535","2108077210","0.846221"
"2108077210","1896721535","0.846221"
"1896721535","2117227183","0.0769231"
"2117227183","1896721535","0.0769231"
"1896721535","2127069184","1.04622"
"2127069184","1896721535","1.04622"
"1896721535","2134306616","0.379555"
"2134306616","1896721535","0.379555"
"1896721535","2146148058","0.501923"
"2146148058","1896721535","0.501923"
"1896721535","2167901844","0.846221"
"2167901844","1896721535","0.846221"
"1896721535","2338306900","0.0769231"
"2338306900","1896721535","0.0769231"
"1896721535","2577481213","0.0769231"
"2577481213","1896721535","0.0769231"
"2012574038","2084330204","15.1153"
"2084330204","2012574038","15.1153"
"2012574038","2101649797","2.43313"
"2101649797","2012574038","2.43313"
"2012574038","2103851297","0.462888"
"2103851297","2012574038","0.462888"
"2012574038","2108077210","2.0486"
"2108077210","2012574038","2.0486"
"2012574038","2117227183","0.326923"
"2117227183","2012574038","0.326923"
"2012574038","2127069184","3.25813"
"2127069184","2012574038","3.25813"
"2012574038","2134306616","1.52241"
"2134306616","2012574038","1.52241"
"2012574038","2146148058","2.28764"
"2146148058","2012574038","2.28764"
"2012574038","2167901844","2.19146"
"2167901844","2012574038","2.19146"
"2012574038","2338306900","0.0769231"
"2338306900","2012574038","0.0769231"
"2012574038","2577481213","0.0769231"
"2577481213","2012574038","0.0769231"
"2084330204","2101649797","1.70694"
"2101649797","2084330204","1.70694"
"2084330204","2103851297","0.462888"
"2103851297","2084330204","0.462888"
"2084330204","2108077210","1.90575"
"2108077210","2084330204","1.90575"
"2084330204","2117227183","0.0769231"
"2117227183","2084330204","0.0769231"
"2084330204","2127069184","2.53194"
"2127069184","2084330204","2.53194"
"2084330204","2134306616","0.629555"
"2134306616","2084330204","0.629555"
"2084330204","2146148058","1.56145"
"2146148058","2084330204","1.56145"
"2084330204","2167901844","2.0486"
"2167901844","2084330204","2.0486"
"2084330204","2338306900","0.0769231"
"2338306900","2084330204","0.0769231"
"2084330204","2577481213","0.0769231"
"2577481213","2084330204","0.0769231"
"2101649797","2103851297","0.129555"
"2103851297","2101649797","0.129555"
"2101649797","2108077210","1.25694"
"2108077210","2101649797","1.25694"
"2101649797","2117227183","0.0769231"
"2117227183","2101649797","0.0769231"
"2101649797","2127069184","4.26646"
"2127069184","2101649797","4.26646"
"2101649797","2134306616","0.772412"
"2134306616","2101649797","0.772412"
"2101649797","2146148058","1.46264"
"2146148058","2101649797","1.46264"
"2101649797","2167901844","1.19979"
"2167901844","2101649797","1.19979"
"2101649797","2338306900","0.0769231"
"2338306900","2101649797","0.0769231"
"2101649797","2577481213","0.0769231"
"2577481213","2101649797","0.0769231"
"2103851297","2108077210","0.329555"
"2108077210","2103851297","0.329555"
"2103851297","2117227183","0.0769231"
"2117227183","2103851297","0.0769231"
"2103851297","2127069184","0.129555"
"2127069184","2103851297","0.129555"
"2103851297","2134306616","0.129555"
"2134306616","2103851297","0.129555"
"2103851297","2146148058","0.0769231"
"2146148058","2103851297","0.0769231"
"2103851297","2167901844","0.129555"
"2167901844","2103851297","0.129555"
"2103851297","2338306900","0.0769231"
"2338306900","2103851297","0.0769231"
"2103851297","2577481213","0.0769231"
"2577481213","2103851297","0.0769231"
"2108077210","2117227183","0.0769231"
"2117227183","2108077210","0.0769231"
"2108077210","2127069184","2.38194"
"2127069184","2108077210","2.38194"
"2108077210","2134306616","0.522412"
"2134306616","2108077210","0.522412"
"2108077210","2146148058","0.861447"
"2146148058","2108077210","0.861447"
"2108077210","2167901844","3.3486"
"2167901844","2108077210","3.3486"
"2108077210","2338306900","0.0769231"
"2338306900","2108077210","0.0769231"
"2108077210","2577481213","0.0769231"
"2577481213","2108077210","0.0769231"
"2117227183","2127069184","0.0769231"
"2127069184","2117227183","0.0769231"
"2117227183","2134306616","0.0769231"
"2134306616","2117227183","0.0769231"
"2117227183","2146148058","0.0769231"
"2146148058","2117227183","0.0769231"
"2117227183","2167901844","0.0769231"
"2167901844","2117227183","0.0769231"
"2117227183","2338306900","0.0769231"
"2338306900","2117227183","0.0769231"
"2117227183","2577481213","0.0769231"
"2577481213","2117227183","0.0769231"
"2127069184","2134306616","0.772412"
"2134306616","2127069184","0.772412"
"2127069184","2146148058","1.62097"
"2146148058","2127069184","1.62097"
"2127069184","2167901844","2.52479"
"2167901844","2127069184","2.52479"
"2127069184","2338306900","0.0769231"
"2338306900","2127069184","0.0769231"
"2127069184","2577481213","0.0769231"
"2577481213","2127069184","0.0769231"
"2134306616","2146148058","0.71978"
"2146148058","2134306616","0.71978"
"2134306616","2167901844","0.522412"
"2167901844","2134306616","0.522412"
"2134306616","2338306900","0.24359"
"2338306900","2134306616","0.24359"
"2134306616","2577481213","0.24359"
"2577481213","2134306616","0.24359"
"2146148058","2167901844","1.7043"
"2167901844","2146148058","1.7043"
"2146148058","2338306900","0.0769231"
"2338306900","2146148058","0.0769231"
"2146148058","2577481213","0.0769231"
"2577481213","2146148058","0.0769231"
"2167901844","2338306900","0.0769231"
"2338306900","2167901844","0.0769231"
"2167901844","2577481213","0.0769231"
"2577481213","2167901844","0.0769231"
"1596812272","1926306387","0.45"
"1926306387","1596812272","0.45"
"1596812272","2146910660","0.652632"
"2146910660","1596812272","0.652632"
"1596812272","631965290","0.45"
"631965290","1596812272","0.45"
"1926306387","2113484497","0.45"
"2113484497","1926306387","0.45"
"1926306387","2146910660","0.2"
"2146910660","1926306387","0.2"
"1926306387","2147780605","0.45"
"2147780605","1926306387","0.45"
"1926306387","631965290","5.28333"
"631965290","1926306387","5.28333"
"2113484497","2146910660","0.6"
"2146910660","2113484497","0.6"
"2113484497","631965290","0.45"
"631965290","2113484497","0.45"
"2146910660","2147780605","0.6"
"2147780605","2146910660","0.6"
"2146910660","631965290","0.2"
"631965290","2146910660","0.2"
"2147780605","631965290","0.45"
"631965290","2147780605","0.45"
"1596812272","1621730125","0.442857"
"1621730125","1596812272","0.442857"
"1596812272","2596636257","0.252632"
"2596636257","1596812272","0.252632"
"1621730125","1896721535","2.125"
"1896721535","1621730125","2.125"
"1621730125","2103851297","0.2"
"2103851297","1621730125","0.2"
"1621730125","2108077210","0.425"
"2108077210","1621730125","0.425"
"1621730125","2596636257","0.2"
"2596636257","1621730125","0.2"
"1896721535","2596636257","0.252632"
"2596636257","1896721535","0.252632"
"2103851297","2596636257","0.252632"
"2596636257","2103851297","0.252632"
"2108077210","2596636257","0.252632"
"2596636257","2108077210","0.252632"
"1596812272","2131510858","0.177632"
"2131510858","1596812272","0.177632"
"1896721535","2131510858","0.177632"
"2131510858","1896721535","0.177632"
"2012574038","2131510858","0.177632"
"2131510858","2012574038","0.177632"
"2084330204","2131510858","0.177632"
"2131510858","2084330204","0.177632"
"2108077210","2131510858","0.177632"
"2131510858","2108077210","0.177632"
"2127069184","2131510858","0.177632"
"2131510858","2127069184","0.177632"
"2131510858","2146148058","1.40833"
"2146148058","2131510858","1.40833"
"2131510858","2167901844","0.177632"
"2167901844","2131510858","0.177632"
"2146910660","2338306900","0.4"
"2338306900","2146910660","0.4"
"2146910660","2577481213","0.4"
"2577481213","2146910660","0.4"
"1596812272","2062173166","0.1"
"2062173166","1596812272","0.1"
"1621730125","2012574038","0.90119"
"2012574038","1621730125","0.90119"
"1621730125","2062173166","6.05833"
"2062173166","1621730125","6.05833"
"1621730125","2084330204","0.90119"
"2084330204","1621730125","0.90119"
"1621730125","2101649797","0.567857"
"2101649797","1621730125","0.567857"
"1621730125","2127069184","0.567857"
"2127069184","1621730125","0.567857"
"1621730125","2146148058","0.242857"
"2146148058","1621730125","0.242857"
"1621730125","2167901844","0.367857"
"2167901844","1621730125","0.367857"
"1896721535","2062173166","1.725"
"2062173166","1896721535","1.725"
"2012574038","2062173166","0.558333"
"2062173166","2012574038","0.558333"
"2062173166","2084330204","0.558333"
"2084330204","2062173166","0.558333"
"2062173166","2101649797","0.225"
"2101649797","2062173166","0.225"
"2062173166","2108077210","0.225"
"2108077210","2062173166","0.225"
"2062173166","2127069184","0.225"
"2127069184","2062173166","0.225"
"2062173166","2146148058","0.1"
"2146148058","2062173166","0.1"
"2062173166","2167901844","0.225"
"2167901844","2062173166","0.225"
"1596812272","2792773219","0.25"
"2792773219","1596812272","0.25"
"1596812272","2900155720","0.25"
"2900155720","1596812272","0.25"
"2338306900","2792773219","0.75"
"2792773219","2338306900","0.75"
"2338306900","2900155720","0.25"
"2900155720","2338306900","0.25"
"2577481213","2792773219","0.75"
"2792773219","2577481213","0.75"
"2577481213","2900155720","0.25"
"2900155720","2577481213","0.25"
"2792773219","2900155720","1.40758"
"2900155720","2792773219","1.40758"
"1596812272","1979654427","0.0526316"
"1979654427","1596812272","0.0526316"
"1596812272","2106267320","0.0526316"
"2106267320","1596812272","0.0526316"
"1596812272","2115322091","0.0526316"
"2115322091","1596812272","0.0526316"
"1596812272","2118365066","0.0526316"
"2118365066","1596812272","0.0526316"
"1596812272","2188917737","0.0526316"
"2188917737","1596812272","0.0526316"
"1596812272","2318819906","0.0526316"
"2318819906","1596812272","0.0526316"
"1596812272","2790400697","0.0526316"
"2790400697","1596812272","0.0526316"
"1896721535","1979654427","0.0526316"
"1979654427","1896721535","0.0526316"
"1896721535","2106267320","0.0526316"
"2106267320","1896721535","0.0526316"
"1896721535","2115322091","0.0526316"
"2115322091","1896721535","0.0526316"
"1896721535","2118365066","0.0526316"
"2118365066","1896721535","0.0526316"
"1896721535","2146910660","0.219298"
"2146910660","1896721535","0.219298"
"1896721535","2188917737","0.0526316"
"2188917737","1896721535","0.0526316"
"1896721535","2318819906","0.0526316"
"2318819906","1896721535","0.0526316"
"1896721535","2790400697","0.0526316"
"2790400697","1896721535","0.0526316"
"1979654427","2012574038","0.0526316"
"2012574038","1979654427","0.0526316"
"1979654427","2084330204","0.0526316"
"2084330204","1979654427","0.0526316"
"1979654427","2101649797","0.0526316"
"2101649797","1979654427","0.0526316"
"1979654427","2103851297","0.0526316"
"2103851297","1979654427","0.0526316"
"1979654427","2106267320","1.88596"
"2106267320","1979654427","1.88596"
"1979654427","2108077210","0.0526316"
"2108077210","1979654427","0.0526316"
"1979654427","2115322091","0.0526316"
"2115322091","1979654427","0.0526316"
"1979654427","2118365066","0.0526316"
"2118365066","1979654427","0.0526316"
"1979654427","2127069184","0.0526316"
"2127069184","1979654427","0.0526316"
"1979654427","2131510858","0.0526316"
"2131510858","1979654427","0.0526316"
"1979654427","2134306616","0.0526316"
"2134306616","1979654427","0.0526316"
"1979654427","2146910660","0.0526316"
"2146910660","1979654427","0.0526316"
"1979654427","2167901844","0.0526316"
"2167901844","1979654427","0.0526316"
"1979654427","2188917737","0.0526316"
"2188917737","1979654427","0.0526316"
"1979654427","2318819906","0.0526316"
"2318819906","1979654427","0.0526316"
"1979654427","2596636257","0.0526316"
"2596636257","1979654427","0.0526316"
"1979654427","2790400697","0.0526316"
"2790400697","1979654427","0.0526316"
"2012574038","2106267320","1.19549"
"2106267320","2012574038","1.19549"
"2012574038","2115322091","1.50263"
"2115322091","2012574038","1.50263"
"2012574038","2118365066","0.195489"
"2118365066","2012574038","0.195489"
"2012574038","2146910660","0.219298"
"2146910660","2012574038","0.219298"
"2012574038","2188917737","1.30263"
"2188917737","2012574038","1.30263"
"2012574038","2318819906","0.0526316"
"2318819906","2012574038","0.0526316"
"2012574038","2596636257","0.0526316"
"2596636257","2012574038","0.0526316"
"2012574038","2790400697","0.0526316"
"2790400697","2012574038","0.0526316"
"2084330204","2106267320","0.195489"
"2106267320","2084330204","0.195489"
"2084330204","2115322091","0.252632"
"2115322091","2084330204","0.252632"
"2084330204","2118365066","0.195489"
"2118365066","2084330204","0.195489"
"2084330204","2146910660","0.219298"
"2146910660","2084330204","0.219298"
"2084330204","2188917737","0.0526316"
"2188917737","2084330204","0.0526316"
"2084330204","2318819906","0.0526316"
"2318819906","2084330204","0.0526316"
"2084330204","2596636257","1.05263"
"2596636257","2084330204","1.05263"
"2084330204","2790400697","0.0526316"
"2790400697","2084330204","0.0526316"
"2101649797","2106267320","0.195489"
"2106267320","2101649797","0.195489"
"2101649797","2115322091","0.252632"
"2115322091","2101649797","0.252632"
"2101649797","2118365066","0.195489"
"2118365066","2101649797","0.195489"
"2101649797","2131510858","0.0526316"
"2131510858","2101649797","0.0526316"
"2101649797","2146910660","0.0526316"
"2146910660","2101649797","0.0526316"
"2101649797","2188917737","0.0526316"
"2188917737","2101649797","0.0526316"
"2101649797","2318819906","0.0526316"
"2318819906","2101649797","0.0526316"
"2101649797","2596636257","0.0526316"
"2596636257","2101649797","0.0526316"
"2101649797","2790400697","0.0526316"
"2790400697","2101649797","0.0526316"
"2103851297","2106267320","0.0526316"
"2106267320","2103851297","0.0526316"
"2103851297","2115322091","0.0526316"
"2115322091","2103851297","0.0526316"
"2103851297","2118365066","0.0526316"
"2118365066","2103851297","0.0526316"
"2103851297","2131510858","0.0526316"
"2131510858","2103851297","0.0526316"
"2103851297","2146910660","0.0526316"
"2146910660","2103851297","0.0526316"
"2103851297","2188917737","0.0526316"
"2188917737","2103851297","0.0526316"
"2103851297","2318819906","0.0526316"
"2318819906","2103851297","0.0526316"
"2103851297","2790400697","0.0526316"
"2790400697","2103851297","0.0526316"
"2106267320","2108077210","0.195489"
"2108077210","2106267320","0.195489"
"2106267320","2115322091","0.0526316"
"2115322091","2106267320","0.0526316"
"2106267320","2118365066","0.195489"
"2118365066","2106267320","0.195489"
"2106267320","2127069184","0.195489"
"2127069184","2106267320","0.195489"
"2106267320","2131510858","0.0526316"
"2131510858","2106267320","0.0526316"
"2106267320","2134306616","0.0526316"
"2134306616","2106267320","0.0526316"
"2106267320","2146910660","0.0526316"
"2146910660","2106267320","0.0526316"
"2106267320","2167901844","0.195489"
"2167901844","2106267320","0.195489"
"2106267320","2188917737","0.0526316"
"2188917737","2106267320","0.0526316"
"2106267320","2318819906","0.0526316"
"2318819906","2106267320","0.0526316"
"2106267320","2596636257","0.177632"
"2596636257","2106267320","0.177632"
"2106267320","2790400697","0.0526316"
"2790400697","2106267320","0.0526316"
"2108077210","2115322091","0.252632"
"2115322091","2108077210","0.252632"
"2108077210","2118365066","0.195489"
"2118365066","2108077210","0.195489"
"2108077210","2146910660","0.219298"
"2146910660","2108077210","0.219298"
"2108077210","2188917737","0.0526316"
"2188917737","2108077210","0.0526316"
"2108077210","2318819906","0.0526316"
"2318819906","2108077210","0.0526316"
"2108077210","2790400697","0.0526316"
"2790400697","2108077210","0.0526316"
"2115322091","2118365066","0.0526316"
"2118365066","2115322091","0.0526316"
"2115322091","2127069184","0.252632"
"2127069184","2115322091","0.252632"
"2115322091","2134306616","0.219298"
"2134306616","2115322091","0.219298"
"2115322091","2167901844","0.0526316"
"2167901844","2115322091","0.0526316"
"2115322091","2318819906","0.0526316"
"2318819906","2115322091","0.0526316"
"2115322091","2596636257","0.0526316"
"2596636257","2115322091","0.0526316"
"2115322091","2790400697","0.0526316"
"2790400697","2115322091","0.0526316"
"2118365066","2127069184","0.195489"
"2127069184","2118365066","0.195489"
"2118365066","2131510858","0.0526316"
"2131510858","2118365066","0.0526316"
"2118365066","2134306616","0.0526316"
"2134306616","2118365066","0.0526316"
"2118365066","2146910660","0.0526316"
"2146910660","2118365066","0.0526316"
"2118365066","2167901844","0.195489"
"2167901844","2118365066","0.195489"
"2118365066","2188917737","0.0526316"
"2188917737","2118365066","0.0526316"
"2118365066","2318819906","0.0526316"
"2318819906","2118365066","0.0526316"
"2118365066","2596636257","1.05263"
"2596636257","2118365066","1.05263"
"2118365066","2790400697","0.0526316"
"2790400697","2118365066","0.0526316"
"2127069184","2146910660","0.219298"
"2146910660","2127069184","0.219298"
"2127069184","2188917737","0.0526316"
"2188917737","2127069184","0.0526316"
"2127069184","2318819906","0.0526316"
"2318819906","2127069184","0.0526316"
"2127069184","2596636257","0.0526316"
"2596636257","2127069184","0.0526316"
"2127069184","2790400697","0.0526316"
"2790400697","2127069184","0.0526316"
"2131510858","2134306616","0.0526316"
"2134306616","2131510858","0.0526316"
"2131510858","2318819906","0.0526316"
"2318819906","2131510858","0.0526316"
"2131510858","2596636257","0.0526316"
"2596636257","2131510858","0.0526316"
"2131510858","2790400697","0.0526316"
"2790400697","2131510858","0.0526316"
"2134306616","2146910660","0.0526316"
"2146910660","2134306616","0.0526316"
"2134306616","2188917737","0.219298"
"2188917737","2134306616","0.219298"
"2134306616","2318819906","0.0526316"
"2318819906","2134306616","0.0526316"
"2134306616","2596636257","0.0526316"
"2596636257","2134306616","0.0526316"
"2134306616","2790400697","0.0526316"
"2790400697","2134306616","0.0526316"
"2146910660","2167901844","0.219298"
"2167901844","2146910660","0.219298"
"2146910660","2318819906","0.0526316"
"2318819906","2146910660","0.0526316"
"2146910660","2596636257","0.0526316"
"2596636257","2146910660","0.0526316"
"2146910660","2790400697","0.0526316"
"2790400697","2146910660","0.0526316"
"2167901844","2188917737","0.552632"
"2188917737","2167901844","0.552632"
"2167901844","2318819906","0.0526316"
"2318819906","2167901844","0.0526316"
"2167901844","2596636257","0.0526316"
"2596636257","2167901844","0.0526316"
"2167901844","2790400697","0.0526316"
"2790400697","2167901844","0.0526316"
"2188917737","2318819906","0.0526316"
"2318819906","2188917737","0.0526316"
"2188917737","2596636257","0.0526316"
"2596636257","2188917737","0.0526316"
"2188917737","2790400697","0.0526316"
"2790400697","2188917737","0.0526316"
"2318819906","2596636257","1.05263"
"2596636257","2318819906","1.05263"
"2318819906","2790400697","0.0526316"
"2790400697","2318819906","0.0526316"
"2596636257","2790400697","4.83596"
"2790400697","2596636257","4.83596"
"1896721535","2146350924","1"
"2146350924","1896721535","1"
"1896721535","2072669749","0.25"
"2072669749","1896721535","0.25"
"2012574038","2072669749","0.75"
"2072669749","2012574038","0.75"
"2072669749","2084330204","0.25"
"2084330204","2072669749","0.25"
"2072669749","2134306616","23.9167"
"2134306616","2072669749","23.9167"
"1926306387","309278810","2.83333"
"309278810","1926306387","2.83333"
"309278810","631965290","2.33333"
"631965290","309278810","2.33333"
"1926306387","2001343458","4.66667"
"2001343458","1926306387","4.66667"
"1926306387","2396819354","3.08333"
"2396819354","1926306387","3.08333"
"2396819354","309278810","1.58333"
"309278810","2396819354","1.58333"
"2396819354","631965290","0.583333"
"631965290","2396819354","0.583333"
"1926306387","2318819906","0.5"
"2318819906","1926306387","0.5"
"1926306387","2900155720","0.25"
"2900155720","1926306387","0.25"
"2318819906","2900155720","0.75"
"2900155720","2318819906","0.75"
"2318819906","309278810","1"
"309278810","2318819906","1"
"2318819906","631965290","0.5"
"631965290","2318819906","0.5"
"2900155720","309278810","0.25"
"309278810","2900155720","0.25"
"2900155720","631965290","0.416667"
"631965290","2900155720","0.416667"
"1926306387","2480222367","0.5"
"2480222367","1926306387","0.5"
"2480222367","309278810","0.5"
"309278810","2480222367","0.5"
"2480222367","631965290","0.5"
"631965290","2480222367","0.5"
"2318819906","2396819354","0.75"
"2396819354","2318819906","0.75"
"1926306387","1973941703","0.166667"
"1973941703","1926306387","0.166667"
"1926306387","2610554459","0.166667"
"2610554459","1926306387","0.166667"
"1973941703","2001343458","0.666667"
"2001343458","1973941703","0.666667"
"1973941703","2480222367","0.166667"
"2480222367","1973941703","0.166667"
"1973941703","2610554459","0.166667"
"2610554459","1973941703","0.166667"
"1973941703","309278810","0.666667"
"309278810","1973941703","0.666667"
"1973941703","631965290","1.16667"
"631965290","1973941703","1.16667"
"2001343458","2480222367","0.166667"
"2480222367","2001343458","0.166667"
"2001343458","2610554459","0.166667"
"2610554459","2001343458","0.166667"
"2001343458","309278810","0.666667"
"309278810","2001343458","0.666667"
"2001343458","631965290","3.16667"
"631965290","2001343458","3.16667"
"2480222367","2610554459","0.166667"
"2610554459","2480222367","0.166667"
"2610554459","309278810","0.166667"
"309278810","2610554459","0.166667"
"2610554459","631965290","0.166667"
"631965290","2610554459","0.166667"
"1963539842","2150688983","4.16667"
"2150688983","1963539842","4.16667"
"1963539842","2169612502","6.16667"
"2169612502","1963539842","6.16667"
"2150688983","2169612502","8.16667"
"2169612502","2150688983","8.16667"
"1963539842","2001343458","0.333333"
"2001343458","1963539842","0.333333"
"2001343458","2150688983","0.333333"
"2150688983","2001343458","0.333333"
"2001343458","2169612502","0.333333"
"2169612502","2001343458","0.333333"
"1963539842","2106267320","0.333333"
"2106267320","1963539842","0.333333"
"2106267320","2150688983","0.333333"
"2150688983","2106267320","0.333333"
"2106267320","2169612502","0.333333"
"2169612502","2106267320","0.333333"
"1971985207","2017414051","0.111111"
"2017414051","1971985207","0.111111"
"2017414051","2103008471","0.111111"
"2103008471","2017414051","0.111111"
"2017414051","2115322091","0.111111"
"2115322091","2017414051","0.111111"
"2017414051","2121233699","0.111111"
"2121233699","2017414051","0.111111"
"2017414051","2131510858","0.111111"
"2131510858","2017414051","0.111111"
"2017414051","2188917737","0.111111"
"2188917737","2017414051","0.111111"
"2017414051","2754034830","0.111111"
"2754034830","2017414051","0.111111"
"2017414051","2754466910","0.111111"
"2754466910","2017414051","0.111111"
"2017414051","3022475563","0.111111"
"3022475563","2017414051","0.111111"
"1974540873","2318819906","4"
"2318819906","1974540873","4"
"1979654427","2098897917","0.333333"
"2098897917","1979654427","0.333333"
"1979654427","2124861999","0.833333"
"2124861999","1979654427","0.833333"
"2098897917","2106267320","5.29167"
"2106267320","2098897917","5.29167"
"2098897917","2124861999","6.66667"
"2124861999","2098897917","6.66667"
"2106267320","2124861999","5.16667"
"2124861999","2106267320","5.16667"
"1979654427","2150688983","0.5"
"2150688983","1979654427","0.5"
"1979654427","2480222367","1.5"
"2480222367","1979654427","1.5"
"2150688983","2480222367","2.5"
"2480222367","2150688983","2.5"
"1995057273","2054298841","6"
"2054298841","1995057273","6"
"1995057273","2095274118","1"
"2095274118","1995057273","1"
"1995057273","2021039270","0.5"
"2021039270","1995057273","0.5"
"1995057273","2318819906","0.5"
"2318819906","1995057273","0.5"
"2021039270","2318819906","1.5"
"2318819906","2021039270","1.5"
"2001343458","2318819906","1"
"2318819906","2001343458","1"
"2001343458","2121233699","0.2"
"2121233699","2001343458","0.2"
"2001343458","2146350924","0.2"
"2146350924","2001343458","0.2"
"2001343458","2754034830","0.2"
"2754034830","2001343458","0.2"
"2001343458","2754466910","0.2"
"2754466910","2001343458","0.2"
"2001343458","3022475563","0.2"
"3022475563","2001343458","0.2"
"2121233699","2146350924","0.2"
"2146350924","2121233699","0.2"
"2146350924","2754034830","0.2"
"2754034830","2146350924","0.2"
"2146350924","2754466910","0.2"
"2754466910","2146350924","0.2"
"2146350924","3022475563","0.2"
"3022475563","2146350924","0.2"
"2001343458","2017414051","0.5"
"2017414051","2001343458","0.5"
"2017414051","631965290","0.5"
"631965290","2017414051","0.5"
"2012574038","2121233699","1.25"
"2121233699","2012574038","1.25"
"2115322091","2117227183","0.25"
"2117227183","2115322091","0.25"
"2117227183","2121233699","0.25"
"2121233699","2117227183","0.25"
"2117227183","2188917737","0.25"
"2188917737","2117227183","0.25"
"2017414051","2900155720","1.5"
"2900155720","2017414051","1.5"
"2017414051","2318819906","0.5"
"2318819906","2017414051","0.5"
"2020880787","2318819906","1"
"2318819906","2020880787","1"
"2021039270","2174904793","3"
"2174904793","2021039270","3"
"2058503397","2318819906","1"
"2318819906","2058503397","1"
"2072669749","2145494802","0.5"
"2145494802","2072669749","0.5"
"2134306616","2145494802","3"
"2145494802","2134306616","3"
"2072669749","2893452981","0.5"
"2893452981","2072669749","0.5"
"2134306616","2893452981","1"
"2893452981","2134306616","1"
"2072669749","2115322091","0.166667"
"2115322091","2072669749","0.166667"
"2072669749","2147780605","0.166667"
"2147780605","2072669749","0.166667"
"2072669749","2188917737","0.166667"
"2188917737","2072669749","0.166667"
"2072669749","2338306900","0.166667"
"2338306900","2072669749","0.166667"
"2072669749","2577481213","0.166667"
"2577481213","2072669749","0.166667"
"2115322091","2147780605","0.166667"
"2147780605","2115322091","0.166667"
"2115322091","2338306900","0.166667"
"2338306900","2115322091","0.166667"
"2115322091","2577481213","0.166667"
"2577481213","2115322091","0.166667"
"2134306616","2147780605","0.166667"
"2147780605","2134306616","0.166667"
"2147780605","2188917737","0.166667"
"2188917737","2147780605","0.166667"
"2188917737","2338306900","0.166667"
"2338306900","2188917737","0.166667"
"2188917737","2577481213","0.166667"
"2577481213","2188917737","0.166667"
"2098897917","2290307867","0.658333"
"2290307867","2098897917","0.658333"
"2106267320","2290307867","1.95833"
"2290307867","2106267320","1.95833"
"2124861999","2290307867","0.333333"
"2290307867","2124861999","0.333333"
"2098897917","2760852418","3.825"
"2760852418","2098897917","3.825"
"2106267320","2760852418","6.375"
"2760852418","2106267320","6.375"
"2124861999","2760852418","1.5"
"2760852418","2124861999","1.5"
"2098897917","2324437139","0.7"
"2324437139","2098897917","0.7"
"2098897917","2575501069","0.7"
"2575501069","2098897917","0.7"
"2098897917","2792773219","0.325"
"2792773219","2098897917","0.325"
"2290307867","2324437139","1.95758"
"2324437139","2290307867","1.95758"
"2290307867","2575501069","0.957576"
"2575501069","2290307867","0.957576"
"2290307867","2760852418","3.41591"
"2760852418","2290307867","3.41591"
"2290307867","2792773219","4.24924"
"2792773219","2290307867","4.24924"
"2324437139","2575501069","6.90758"
"2575501069","2324437139","6.90758"
"2324437139","2760852418","3.24091"
"2760852418","2324437139","3.24091"
"2324437139","2792773219","1.27424"
"2792773219","2324437139","1.27424"
"2575501069","2760852418","0.740909"
"2760852418","2575501069","0.740909"
"2575501069","2792773219","1.07424"
"2792773219","2575501069","1.07424"
"2760852418","2792773219","0.865909"
"2792773219","2760852418","0.865909"
"2098897917","2480222367","1.5"
"2480222367","2098897917","1.5"
"2098897917","2477526173","0.125"
"2477526173","2098897917","0.125"
"2098897917","2587385118","0.125"
"2587385118","2098897917","0.125"
"2098897917","2596636257","0.625"
"2596636257","2098897917","0.625"
"2098897917","2610554459","0.125"
"2610554459","2098897917","0.125"
"2106267320","2477526173","0.125"
"2477526173","2106267320","0.125"
"2106267320","2587385118","0.125"
"2587385118","2106267320","0.125"
"2106267320","2610554459","0.125"
"2610554459","2106267320","0.125"
"2106267320","2792773219","0.375"
"2792773219","2106267320","0.375"
"2290307867","2477526173","2.21591"
"2477526173","2290307867","2.21591"
"2290307867","2587385118","0.549242"
"2587385118","2290307867","0.549242"
"2290307867","2596636257","0.715909"
"2596636257","2290307867","0.715909"
"2290307867","2610554459","0.215909"
"2610554459","2290307867","0.215909"
"2477526173","2587385118","1.21591"
"2587385118","2477526173","1.21591"
"2477526173","2596636257","0.465909"
"2596636257","2477526173","0.465909"
"2477526173","2610554459","0.215909"
"2610554459","2477526173","0.215909"
"2477526173","2760852418","0.215909"
"2760852418","2477526173","0.215909"
"2477526173","2792773219","0.215909"
"2792773219","2477526173","0.215909"
"2587385118","2596636257","0.415909"
"2596636257","2587385118","0.415909"
"2587385118","2610554459","0.415909"
"2610554459","2587385118","0.415909"
"2587385118","2760852418","0.215909"
