"1477249138","2167296203","1"
"2167296203","1477249138","1"
"1477249138","2107561818","1"
"2107561818","1477249138","1"
"1477249138","1501696897","0.5"
"1501696897","1477249138","0.5"
"1477249138","2126609334","0.5"
"2126609334","1477249138","0.5"
"1501696897","2126609334","2.325"
"2126609334","1501696897","2.325"
"1477249138","3004787138","1"
"3004787138","1477249138","1"
"1477249138","1479935564","0.625"
"1479935564","1477249138","0.625"
"1477249138","1483129684","0.625"
"1483129684","1477249138","0.625"
"1477249138","1607468820","0.625"
"1607468820","1477249138","0.625"
"1477249138","1767036206","1.29167"
"1767036206","1477249138","1.29167"
"1477249138","1872817980","0.291667"
"1872817980","1477249138","0.291667"
"1477249138","2111293459","0.166667"
"2111293459","1477249138","0.166667"
"1479935564","1483129684","1.36859"
"1483129684","1479935564","1.36859"
"1479935564","1607468820","1.86859"
"1607468820","1479935564","1.86859"
"1479935564","1767036206","7.28526"
"1767036206","1479935564","7.28526"
"1479935564","1872817980","0.291667"
"1872817980","1479935564","0.291667"
"1479935564","2111293459","0.24359"
"2111293459","1479935564","0.24359"
"1483129684","1607468820","2.13526"
"1607468820","1483129684","2.13526"
"1483129684","1767036206","0.96859"
"1767036206","1483129684","0.96859"
"1483129684","1872817980","0.291667"
"1872817980","1483129684","0.291667"
"1483129684","2111293459","3.01026"
"2111293459","1483129684","3.01026"
"1607468820","1767036206","1.46859"
"1767036206","1607468820","1.46859"
"1607468820","1872817980","0.291667"
"1872817980","1607468820","0.291667"
"1607468820","2111293459","0.34359"
"2111293459","1607468820","0.34359"
"1767036206","1872817980","0.291667"
"1872817980","1767036206","0.291667"
"1767036206","2111293459","0.34359"
"2111293459","1767036206","0.34359"
"1872817980","2111293459","0.559524"
"2111293459","1872817980","0.559524"
"1477249138","1502887993","1.45833"
"1502887993","1477249138","1.45833"
"1477249138","1658733166","0.458333"
"1658733166","1477249138","0.458333"
"1477249138","2128197017","0.125"
"2128197017","1477249138","0.125"
"1479935564","1502887993","1.45833"
"1502887993","1479935564","1.45833"
"1479935564","1658733166","0.458333"
"1658733166","1479935564","0.458333"
"1479935564","2128197017","0.201923"
"2128197017","1479935564","0.201923"
"1483129684","1502887993","1.125"
"1502887993","1483129684","1.125"
"1483129684","1658733166","1.60833"
"1658733166","1483129684","1.60833"
"1483129684","2128197017","0.301923"
"2128197017","1483129684","0.301923"
"1502887993","1607468820","0.125"
"1607468820","1502887993","0.125"
"1502887993","1658733166","1.45833"
"1658733166","1502887993","1.45833"
"1502887993","1767036206","0.125"
"1767036206","1502887993","0.125"
"1502887993","1872817980","0.125"
"1872817980","1502887993","0.125"
"1502887993","2128197017","0.125"
"2128197017","1502887993","0.125"
"1607468820","1658733166","0.125"
"1658733166","1607468820","0.125"
"1607468820","2128197017","0.301923"
"2128197017","1607468820","0.301923"
"1658733166","1767036206","0.125"
"1767036206","1658733166","0.125"
"1658733166","1872817980","0.125"
"1872817980","1658733166","0.125"
"1658733166","2128197017","0.125"
"2128197017","1658733166","0.125"
"1767036206","2128197017","0.301923"
"2128197017","1767036206","0.301923"
"1872817980","2128197017","0.125"
"2128197017","1872817980","0.125"
"1477249138","1955224561","0.333333"
"1955224561","1477249138","0.333333"
"1483129684","1955224561","0.333333"
"1955224561","1483129684","0.333333"
"1607468820","1955224561","0.333333"
"1955224561","1607468820","0.333333"
"1477249138","1600961615","0.5"
"1600961615","1477249138","0.5"
"1477249138","1703486346","0.5"
"1703486346","1477249138","0.5"
"1600961615","1703486346","2"
"1703486346","1600961615","2"
"1479822499","1600961615","3"
"1600961615","1479822499","3"
"1479822499","1740477500","0.5"
"1740477500","1479822499","0.5"
"1479822499","2167296203","0.5"
"2167296203","1479822499","0.5"
"1740477500","2167296203","5.5"
"2167296203","1740477500","5.5"
"1479822499","2118594506","1"
"2118594506","1479822499","1"
"1479822499","1501696897","1"
"1501696897","1479822499","1"
"1479822499","1703486346","1"
"1703486346","1479822499","1"
"1479822499","1483129684","1"
"1483129684","1479822499","1"
"1479822499","1658733166","1"
"1658733166","1479822499","1"
"1479822499","1479935564","0.25"
"1479935564","1479822499","0.25"
"1479822499","1767036206","0.25"
"1767036206","1479822499","0.25"
"1479935564","1600961615","0.25"
"1600961615","1479935564","0.25"
"1479935564","1703486346","0.25"
"1703486346","1479935564","0.25"
"1600961615","1767036206","0.25"
"1767036206","1600961615","0.25"
"1703486346","1767036206","0.25"
"1767036206","1703486346","0.25"
"1479822499","1502887993","2"
"1502887993","1479822499","2"
"1479822499","1955224561","0.25"
"1955224561","1479822499","0.25"
"1479822499","2963041893","0.25"
"2963041893","1479822499","0.25"
"1600961615","1955224561","0.25"
"1955224561","1600961615","0.25"
"1600961615","2963041893","0.25"
"2963041893","1600961615","0.25"
"1703486346","1955224561","5.91667"
"1955224561","1703486346","5.91667"
"1703486346","2963041893","0.25"
"2963041893","1703486346","0.25"
"1955224561","2963041893","0.45"
"2963041893","1955224561","0.45"
"1479935564","1538095388","9.41026"
"1538095388","1479935564","9.41026"
"1538095388","1767036206","7.41026"
"1767036206","1538095388","7.41026"
"1479935564","1955224561","0.333333"
"1955224561","1479935564","0.333333"
"1479935564","2167296203","0.410256"
"2167296203","1479935564","0.410256"
"1767036206","1955224561","0.333333"
"1955224561","1767036206","0.333333"
"1767036206","2167296203","0.910256"
"2167296203","1767036206","0.910256"
"1955224561","2167296203","2.45833"
"2167296203","1955224561","2.45833"
"1479935564","1530936947","0.0769231"
"1530936947","1479935564","0.0769231"
"1479935564","1971148903","0.0769231"
"1971148903","1479935564","0.0769231"
"1479935564","2120210247","0.0769231"
"2120210247","1479935564","0.0769231"
"1479935564","2156704793","0.0769231"
"2156704793","1479935564","0.0769231"
"1479935564","2913923123","0.0769231"
"2913923123","1479935564","0.0769231"
"1479935564","2949284374","0.0769231"
"2949284374","1479935564","0.0769231"
"1483129684","1530936947","0.510256"
"1530936947","1483129684","0.510256"
"1483129684","1538095388","0.0769231"
"1538095388","1483129684","0.0769231"
"1483129684","1971148903","1.17692"
"1971148903","1483129684","1.17692"
"1483129684","2120210247","0.84359"
"2120210247","1483129684","0.84359"
"1483129684","2156704793","1.51026"
"2156704793","1483129684","1.51026"
"1483129684","2167296203","0.576923"
"2167296203","1483129684","0.576923"
"1483129684","2913923123","0.176923"
"2913923123","1483129684","0.176923"
"1483129684","2949284374","0.176923"
"2949284374","1483129684","0.176923"
"1530936947","1538095388","0.0769231"
"1538095388","1530936947","0.0769231"
"1530936947","1607468820","0.176923"
"1607468820","1530936947","0.176923"
"1530936947","1767036206","3.42692"
"1767036206","1530936947","3.42692"
"1530936947","1971148903","1.42692"
"1971148903","1530936947","1.42692"
"1530936947","2111293459","0.510256"
"2111293459","1530936947","0.510256"
"1530936947","2120210247","1.76026"
"2120210247","1530936947","1.76026"
"1530936947","2128197017","0.176923"
"2128197017","1530936947","0.176923"
"1530936947","2156704793","0.176923"
"2156704793","1530936947","0.176923"
"1530936947","2167296203","0.0769231"
"2167296203","1530936947","0.0769231"
"1530936947","2913923123","0.176923"
"2913923123","1530936947","0.176923"
"1530936947","2949284374","0.426923"
"2949284374","1530936947","0.426923"
"1538095388","1607468820","0.576923"
"1607468820","1538095388","0.576923"
"1538095388","1971148903","0.0769231"
"1971148903","1538095388","0.0769231"
"1538095388","2111293459","0.0769231"
"2111293459","1538095388","0.0769231"
"1538095388","2120210247","0.0769231"
"2120210247","1538095388","0.0769231"
"1538095388","2128197017","0.0769231"
"2128197017","1538095388","0.0769231"
"1538095388","2156704793","0.0769231"
"2156704793","1538095388","0.0769231"
"1538095388","2167296203","0.0769231"
"2167296203","1538095388","0.0769231"
"1538095388","2913923123","0.0769231"
"2913923123","1538095388","0.0769231"
"1538095388","2949284374","0.0769231"
"2949284374","1538095388","0.0769231"
"1607468820","1971148903","1.67692"
"1971148903","1607468820","1.67692"
"1607468820","2120210247","0.510256"
"2120210247","1607468820","0.510256"
"1607468820","2156704793","1.01026"
"2156704793","1607468820","1.01026"
"1607468820","2167296203","0.0769231"
"2167296203","1607468820","0.0769231"
"1607468820","2913923123","0.176923"
"2913923123","1607468820","0.176923"
"1607468820","2949284374","0.176923"
"2949284374","1607468820","0.176923"
"1767036206","1971148903","3.42692"
"1971148903","1767036206","3.42692"
"1767036206","2120210247","2.42692"
"2120210247","1767036206","2.42692"
"1767036206","2156704793","1.17692"
"2156704793","1767036206","1.17692"
"1767036206","2913923123","0.176923"
"2913923123","1767036206","0.176923"
"1767036206","2949284374","0.426923"
"2949284374","1767036206","0.426923"
"1971148903","2111293459","0.176923"
"2111293459","1971148903","0.176923"
"1971148903","2120210247","1.42692"
"2120210247","1971148903","1.42692"
"1971148903","2128197017","0.176923"
"2128197017","1971148903","0.176923"
"1971148903","2156704793","1.67692"
"2156704793","1971148903","1.67692"
"1971148903","2167296203","0.0769231"
"2167296203","1971148903","0.0769231"
"1971148903","2913923123","0.176923"
"2913923123","1971148903","0.176923"
"1971148903","2949284374","0.426923"
"2949284374","1971148903","0.426923"
"2111293459","2120210247","0.510256"
"2120210247","2111293459","0.510256"
"2111293459","2128197017","0.510256"
"2128197017","2111293459","0.510256"
"2111293459","2156704793","1.17692"
"2156704793","2111293459","1.17692"
"2111293459","2167296203","1.41026"
"2167296203","2111293459","1.41026"
"2111293459","2913923123","0.176923"
"2913923123","2111293459","0.176923"
"2111293459","2949284374","0.176923"
"2949284374","2111293459","0.176923"
"2120210247","2128197017","0.176923"
"2128197017","2120210247","0.176923"
"2120210247","2156704793","0.510256"
"2156704793","2120210247","0.510256"
"2120210247","2167296203","0.0769231"
"2167296203","2120210247","0.0769231"
"2120210247","2913923123","0.176923"
"2913923123","2120210247","0.176923"
"2120210247","2949284374","0.426923"
"2949284374","2120210247","0.426923"
"2128197017","2156704793","0.176923"
"2156704793","2128197017","0.176923"
"2128197017","2167296203","0.410256"
"2167296203","2128197017","0.410256"
"2128197017","2913923123","0.176923"
"2913923123","2128197017","0.176923"
"2128197017","2949284374","0.176923"
"2949284374","2128197017","0.176923"
"2156704793","2167296203","0.0769231"
"2167296203","2156704793","0.0769231"
"2156704793","2913923123","0.176923"
"2913923123","2156704793","0.176923"
"2156704793","2949284374","0.176923"
"2949284374","2156704793","0.176923"
"2167296203","2913923123","0.0769231"
"2913923123","2167296203","0.0769231"
"2167296203","2949284374","0.0769231"
"2949284374","2167296203","0.0769231"
"2913923123","2949284374","19.1769"
"2949284374","2913923123","19.1769"
"1479935564","2546007168","0.333333"
"2546007168","1479935564","0.333333"
"1538095388","2546007168","0.333333"
"2546007168","1538095388","0.333333"
"1767036206","2546007168","0.333333"
"2546007168","1767036206","0.333333"
"1479935564","1993727631","0.5"
"1993727631","1479935564","0.5"
"1538095388","1993727631","2.83333"
"1993727631","1538095388","2.83333"
"1483129684","2154746642","1.56667"
"2154746642","1483129684","1.56667"
"1483129684","2159806572","2.06667"
"2159806572","1483129684","2.06667"
"2154746642","2159806572","5.91667"
"2159806572","2154746642","5.91667"
"1483129684","1518377677","1.31667"
"1518377677","1483129684","1.31667"
"1483129684","1600961615","0.666667"
"1600961615","1483129684","0.666667"
"1483129684","2101508715","2.56667"
"2101508715","1483129684","2.56667"
"1518377677","1600961615","0.166667"
"1600961615","1518377677","0.166667"
"1518377677","1658733166","3.88333"
"1658733166","1518377677","3.88333"
"1518377677","2101508715","7.47619"
"2101508715","1518377677","7.47619"
"1518377677","2111293459","1.39286"
"2111293459","1518377677","1.39286"
"1518377677","2159806572","6"
"2159806572","1518377677","6"
"1600961615","1658733166","0.166667"
"1658733166","1600961615","0.166667"
"1600961615","2101508715","0.166667"
"2101508715","1600961615","0.166667"
"1600961615","2111293459","0.5"
"2111293459","1600961615","0.5"
"1600961615","2159806572","0.166667"
"2159806572","1600961615","0.166667"
"1658733166","2101508715","12.1333"
"2101508715","1658733166","12.1333"
"1658733166","2111293459","0.333333"
"2111293459","1658733166","0.333333"
"1658733166","2159806572","6.3"
"2159806572","1658733166","6.3"
"2101508715","2111293459","1.30952"
"2111293459","2101508715","1.30952"
"2101508715","2159806572","19"
"2159806572","2101508715","19"
"2111293459","2159806572","0.333333"
"2159806572","2111293459","0.333333"
"1658733166","2154746642","3.63333"
"2154746642","1658733166","3.63333"
"2101508715","2154746642","6.75"
"2154746642","2101508715","6.75"
"1518377677","2154746642","9.08333"
"2154746642","1518377677","9.08333"
"2111293459","2154746642","1.08333"
"2154746642","2111293459","1.08333"
"1483129684","1671298582","0.5"
"1671298582","1483129684","0.5"
"1671298582","2111293459","0.5"
"2111293459","1671298582","0.5"
"1483129684","1703486346","0.5"
"1703486346","1483129684","0.5"
"1501696897","2107561818","1.625"
"2107561818","1501696897","1.625"
"2107561818","2126609334","8.28333"
"2126609334","2107561818","8.28333"
"1501696897","1550744555","0.491667"
"1550744555","1501696897","0.491667"
"1501696897","2011373174","0.366667"
"2011373174","1501696897","0.366667"
"1501696897","2101508715","0.2"
"2101508715","1501696897","0.2"
"1501696897","2116178359","1.2"
"2116178359","1501696897","1.2"
"1550744555","2011373174","0.366667"
"2011373174","1550744555","0.366667"
"1550744555","2101508715","0.6"
"2101508715","1550744555","0.6"
"1550744555","2116178359","0.2"
"2116178359","1550744555","0.2"
"1550744555","2126609334","0.325"
"2126609334","1550744555","0.325"
"2011373174","2101508715","0.2"
"2101508715","2011373174","0.2"
"2011373174","2116178359","0.2"
"2116178359","2011373174","0.2"
"2011373174","2126609334","0.366667"
"2126609334","2011373174","0.366667"
"2101508715","2116178359","0.2"
"2116178359","2101508715","0.2"
"2101508715","2126609334","0.533333"
"2126609334","2101508715","0.533333"
"2116178359","2126609334","0.2"
"2126609334","2116178359","0.2"
"1501696897","1600961615","0.166667"
"1600961615","1501696897","0.166667"
"1501696897","2466070586","0.166667"
"2466070586","1501696897","0.166667"
"1501696897","2518646642","0.166667"
"2518646642","1501696897","0.166667"
"1501696897","2951904389","0.666667"
"2951904389","1501696897","0.666667"
"1550744555","1600961615","1.16667"
"1600961615","1550744555","1.16667"
"1550744555","2466070586","0.166667"
"2466070586","1550744555","0.166667"
"1550744555","2518646642","0.166667"
"2518646642","1550744555","0.166667"
"1550744555","2951904389","0.166667"
"2951904389","1550744555","0.166667"
"1600961615","2011373174","1.16667"
"2011373174","1600961615","1.16667"
"1600961615","2466070586","0.166667"
"2466070586","1600961615","0.166667"
"1600961615","2518646642","0.166667"
"2518646642","1600961615","0.166667"
"1600961615","2951904389","0.166667"
"2951904389","1600961615","0.166667"
"2011373174","2466070586","0.166667"
"2466070586","2011373174","0.166667"
"2011373174","2518646642","0.166667"
"2518646642","2011373174","0.166667"
"2011373174","2951904389","0.166667"
"2951904389","2011373174","0.166667"
"2466070586","2518646642","6.16667"
"2518646642","2466070586","6.16667"
"2466070586","2951904389","0.166667"
"2951904389","2466070586","0.166667"
"2518646642","2951904389","0.166667"
"2951904389","2518646642","0.166667"
"1501696897","2972926183","1"
"2972926183","1501696897","1"
"1501696897","1502887993","0.125"
"1502887993","1501696897","0.125"
"1501696897","1791665675","0.375"
"1791665675","1501696897","0.375"
"1501696897","1981342917","0.375"
"1981342917","1501696897","0.375"
"1501696897","2116036153","1.125"
"2116036153","1501696897","1.125"
"1501696897","2405994334","0.375"
"2405994334","1501696897","0.375"
"1502887993","1550744555","0.458333"
"1550744555","1502887993","0.458333"
"1502887993","1791665675","0.125"
"1791665675","1502887993","0.125"
"1502887993","1981342917","0.125"
"1981342917","1502887993","0.125"
"1502887993","2107561818","2.45833"
"2107561818","1502887993","2.45833"
"1502887993","2116036153","0.125"
"2116036153","1502887993","0.125"
"1502887993","2126609334","2.625"
"2126609334","1502887993","2.625"
"1502887993","2405994334","0.125"
"2405994334","1502887993","0.125"
"1550744555","1791665675","0.125"
"1791665675","1550744555","0.125"
"1550744555","1981342917","0.458333"
"1981342917","1550744555","0.458333"
"1550744555","2107561818","0.125"
"2107561818","1550744555","0.125"
"1550744555","2116036153","0.125"
"2116036153","1550744555","0.125"
"1550744555","2405994334","0.458333"
"2405994334","1550744555","0.458333"
"1791665675","1981342917","0.875"
"1981342917","1791665675","0.875"
"1791665675","2107561818","0.325"
"2107561818","1791665675","0.325"
"1791665675","2116036153","0.125"
"2116036153","1791665675","0.125"
"1791665675","2126609334","0.325"
"2126609334","1791665675","0.325"
"1791665675","2405994334","0.875"
"2405994334","1791665675","0.875"
"1981342917","2107561818","0.125"
"2107561818","1981342917","0.125"
"1981342917","2116036153","0.125"
"2116036153","1981342917","0.125"
"1981342917","2126609334","0.125"
"2126609334","1981342917","0.125"
"1981342917","2405994334","13.5417"
"2405994334","1981342917","13.5417"
"2107561818","2116036153","1.25"
"2116036153","2107561818","1.25"
"2107561818","2405994334","0.125"
"2405994334","2107561818","0.125"
"2116036153","2126609334","0.25"
"2126609334","2116036153","0.25"
"2116036153","2405994334","0.125"
"2405994334","2116036153","0.125"
"2126609334","2405994334","0.125"
"2405994334","2126609334","0.125"
"1501696897","1671298582","0.25"
"1671298582","1501696897","0.25"
"1671298582","1791665675","0.25"
"1791665675","1671298582","0.25"
"1671298582","1981342917","0.25"
"1981342917","1671298582","0.25"
"1671298582","2405994334","0.25"
"2405994334","1671298582","0.25"
"1501696897","2963041893","0.5"
"2963041893","1501696897","0.5"
"2951904389","2963041893","17.5929"
"2963041893","2951904389","17.5929"
"1502887993","1528528992","5.08333"
"1528528992","1502887993","5.08333"
"1502887993","78375865","4.08333"
"78375865","1502887993","4.08333"
"1528528992","78375865","11.0833"
"78375865","1528528992","11.0833"
"1502887993","2101508715","0.25"
"2101508715","1502887993","0.25"
"1502887993","2159806572","0.25"
"2159806572","1502887993","0.25"
"1528528992","2101508715","0.25"
"2101508715","1528528992","0.25"
"1528528992","2159806572","0.25"
"2159806572","1528528992","0.25"
"2101508715","78375865","0.25"
"78375865","2101508715","0.25"
"2159806572","78375865","0.25"
"78375865","2159806572","0.25"
"1528528992","1550744555","0.333333"
"1550744555","1528528992","0.333333"
"1550744555","78375865","0.333333"
"78375865","1550744555","0.333333"
"1502887993","1538095388","0.166667"
"1538095388","1502887993","0.166667"
"1502887993","1544153481","0.166667"
"1544153481","1502887993","0.166667"
"1502887993","2011373174","0.166667"
"2011373174","1502887993","0.166667"
"1502887993","2056521200","0.166667"
"2056521200","1502887993","0.166667"
"1502887993","21704138","0.166667"
"21704138","1502887993","0.166667"
"1538095388","1544153481","0.166667"
"1544153481","1538095388","0.166667"
"1538095388","2011373174","0.166667"
"2011373174","1538095388","0.166667"
"1538095388","2056521200","1.16667"
"2056521200","1538095388","1.16667"
"1538095388","2126609334","0.166667"
"2126609334","1538095388","0.166667"
"1538095388","21704138","0.166667"
"21704138","1538095388","0.166667"
"1544153481","2011373174","0.75"
"2011373174","1544153481","0.75"
"1544153481","2056521200","2"
"2056521200","1544153481","2"
"1544153481","2126609334","0.166667"
"2126609334","1544153481","0.166667"
"1544153481","21704138","1.33333"
"21704138","1544153481","1.33333"
"2011373174","2056521200","0.5"
"2056521200","2011373174","0.5"
"2011373174","21704138","0.5"
"21704138","2011373174","0.5"
"2056521200","2126609334","0.291667"
"2126609334","2056521200","0.291667"
"2056521200","21704138","1"
"21704138","2056521200","1"
"2126609334","21704138","0.166667"
"21704138","2126609334","0.166667"
"1502887993","2118594506","0.333333"
"2118594506","1502887993","0.333333"
"2107561818","2118594506","0.333333"
"2118594506","2107561818","0.333333"
"2118594506","2126609334","0.333333"
"2126609334","2118594506","0.333333"
"1511566634","2109026914","0.5"
"2109026914","1511566634","0.5"
"1511566634","2184489757","0.5"
"2184489757","1511566634","0.5"
"2109026914","2184489757","10"
"2184489757","2109026914","10"
"1518377677","1550744555","0.4"
"1550744555","1518377677","0.4"
"1550744555","1658733166","0.4"
"1658733166","1550744555","0.4"
"1550744555","2154746642","0.4"
"2154746642","1550744555","0.4"
"1550744555","2159806572","0.4"
"2159806572","1550744555","0.4"
"1518377677","1538095388","0.2"
"1538095388","1518377677","0.2"
"1518377677","2745479428","0.2"
"2745479428","1518377677","0.2"
"1538095388","2101508715","0.2"
"2101508715","1538095388","0.2"
"1538095388","2154746642","0.2"
"2154746642","1538095388","0.2"
"1538095388","2159806572","0.533333"
"2159806572","1538095388","0.533333"
"1538095388","2745479428","0.2"
"2745479428","1538095388","0.2"
"2101508715","2745479428","0.2"
"2745479428","2101508715","0.2"
"2154746642","2745479428","0.2"
"2745479428","2154746642","0.2"
"2159806572","2745479428","0.2"
"2745479428","2159806572","0.2"
"1518377677","2107561818","1"
"2107561818","1518377677","1"
"1518377677","2126609334","0.333333"
"2126609334","1518377677","0.333333"
"2126609334","2154746642","0.333333"
"2154746642","2126609334","0.333333"
"1518377677","1566855226","0.72619"
"1566855226","1518377677","0.72619"
"1566855226","2111293459","2.72619"
"2111293459","1566855226","2.72619"
"1566855226","2154746642","0.583333"
"2154746642","1566855226","0.583333"
"1518377677","1872817980","0.392857"
"1872817980","1518377677","0.392857"
"1518377677","2021753913","0.142857"
"2021753913","1518377677","0.142857"
"1518377677","2107465855","0.142857"
"2107465855","1518377677","0.142857"
"1518377677","21704138","0.142857"
"21704138","1518377677","0.142857"
"1566855226","1872817980","1.39286"
"1872817980","1566855226","1.39286"
"1566855226","2021753913","0.142857"
"2021753913","1566855226","0.142857"
"1566855226","2101508715","0.142857"
"2101508715","1566855226","0.142857"
"1566855226","2107465855","0.142857"
"2107465855","1566855226","0.142857"
"1566855226","21704138","0.142857"
"21704138","1566855226","0.142857"
"1872817980","2021753913","0.142857"
"2021753913","1872817980","0.142857"
"1872817980","2101508715","0.142857"
"2101508715","1872817980","0.142857"
"1872817980","2107465855","0.142857"
"2107465855","1872817980","0.142857"
"1872817980","21704138","0.142857"
"21704138","1872817980","0.142857"
"2021753913","2101508715","0.142857"
"2101508715","2021753913","0.142857"
"2021753913","2107465855","0.142857"
"2107465855","2021753913","0.142857"
"2021753913","2111293459","0.142857"
"2111293459","2021753913","0.142857"
"2021753913","21704138","0.142857"
"21704138","2021753913","0.142857"
"2101508715","2107465855","0.142857"
"2107465855","2101508715","0.142857"
"2101508715","21704138","0.142857"
"21704138","2101508715","0.142857"
"2107465855","2111293459","0.142857"
"2111293459","2107465855","0.142857"
"2107465855","21704138","0.142857"
"21704138","2107465855","0.142857"
"2111293459","21704138","0.142857"
"21704138","2111293459","0.142857"
"1872817980","2154746642","0.25"
"2154746642","1872817980","0.25"
"1538095388","1658733166","0.333333"
"1658733166","1538095388","0.333333"
"1658733166","1993727631","1.33333"
"1993727631","1658733166","1.33333"
"1993727631","2159806572","1.33333"
"2159806572","1993727631","1.33333"
"1767036206","1993727631","1"
"1993727631","1767036206","1"
"1544153481","1559311381","0.333333"
"1559311381","1544153481","0.333333"
"1544153481","2964256903","0.583333"
"2964256903","1544153481","0.583333"
"1559311381","21704138","0.333333"
"21704138","1559311381","0.333333"
"1559311381","2964256903","0.333333"
"2964256903","1559311381","0.333333"
"21704138","2964256903","0.333333"
"2964256903","21704138","0.333333"
"1544153481","1981342917","0.25"
"1981342917","1544153481","0.25"
"1544153481","2765504645","0.25"
"2765504645","1544153481","0.25"
"1981342917","2011373174","1.58333"
"2011373174","1981342917","1.58333"
"1981342917","2765504645","0.25"
"2765504645","1981342917","0.25"
"1981342917","2964256903","0.25"
"2964256903","1981342917","0.25"
"2011373174","2765504645","0.75"
"2765504645","2011373174","0.75"
"2011373174","2964256903","0.75"
"2964256903","2011373174","0.75"
"2765504645","2964256903","19.4762"
"2964256903","2765504645","19.4762"
"1550744555","2963041893","1"
"2963041893","1550744555","1"
"1550744555","1563201048","0.333333"
"1563201048","1550744555","0.333333"
"1563201048","1981342917","6.16667"
"1981342917","1563201048","6.16667"
"1563201048","2405994334","6.16667"
"2405994334","1563201048","6.16667"
"1563201048","2011373174","0.333333"
"2011373174","1563201048","0.333333"
"2011373174","2405994334","0.333333"
"2405994334","2011373174","0.333333"
"1566855226","2414878984","4"
"2414878984","1566855226","4"
"1600961615","3004787138","1"
"3004787138","1600961615","1"
"1600961615","2128197017","0.333333"
"2128197017","1600961615","0.333333"
"1600961615","2167296203","0.333333"
"2167296203","1600961615","0.333333"
"1600961615","1671298582","0.5"
"1671298582","1600961615","0.5"
"1600961615","1827476681","0.5"
"1827476681","1600961615","0.5"
"1671298582","1827476681","0.5"
"1827476681","1671298582","0.5"
"1607468820","1993727631","3"
"1993727631","1607468820","3"
"1607468820","21704138","1"
"21704138","1607468820","1"
"1652937458","1740477500","4.33333"
"1740477500","1652937458","4.33333"
"1652937458","2167296203","4.625"
"2167296203","1652937458","4.625"
"1652937458","2546007168","2.26786"
"2546007168","1652937458","2.26786"
"1652937458","2890178353","0.809524"
"2890178353","1652937458","0.809524"
"1652937458","2963041893","0.47619"
"2963041893","1652937458","0.47619"
"2546007168","2890178353","2.64286"
"2890178353","2546007168","2.64286"
"2546007168","2963041893","2.47619"
"2963041893","2546007168","2.47619"
"2890178353","2963041893","0.809524"
"2963041893","2890178353","0.809524"
"1652937458","2107561818","0.458333"
"2107561818","1652937458","0.458333"
"1740477500","2107561818","0.333333"
"2107561818","1740477500","0.333333"
"1740477500","2546007168","7.33333"
"2546007168","1740477500","7.33333"
"2107561818","2546007168","0.458333"
"2546007168","2107561818","0.458333"
"1652937458","2765504645","0.142857"
"2765504645","1652937458","0.142857"
"1652937458","2941569673","0.47619"
"2941569673","1652937458","0.47619"
"1652937458","2951904389","0.142857"
"2951904389","1652937458","0.142857"
"1652937458","2964256903","0.142857"
"2964256903","1652937458","0.142857"
"2546007168","2765504645","0.142857"
"2765504645","2546007168","0.142857"
"2546007168","2941569673","2.30952"
"2941569673","2546007168","2.30952"
"2546007168","2951904389","2.30952"
"2951904389","2546007168","2.30952"
"2546007168","2964256903","0.809524"
"2964256903","2546007168","0.809524"
"2765504645","2890178353","0.142857"
"2890178353","2765504645","0.142857"
"2765504645","2941569673","0.142857"
"2941569673","2765504645","0.142857"
"2765504645","2951904389","2.72619"
"2951904389","2765504645","2.72619"
"2765504645","2963041893","2.72619"
"2963041893","2765504645","2.72619"
"2890178353","2941569673","12.3095"
"2941569673","2890178353","12.3095"
"2890178353","2951904389","0.142857"
"2951904389","2890178353","0.142857"
"2890178353","2964256903","0.142857"
"2964256903","2890178353","0.142857"
"2941569673","2951904389","0.142857"
"2951904389","2941569673","0.142857"
"2941569673","2963041893","0.47619"
"2963041893","2941569673","0.47619"
"2941569673","2964256903","0.142857"
"2964256903","2941569673","0.142857"
"2951904389","2964256903","5.39286"
"2964256903","2951904389","5.39286"
"2963041893","2964256903","5.39286"
"2964256903","2963041893","5.39286"
"1652937458","1955224561","0.125"
"1955224561","1652937458","0.125"
"1652937458","2056521200","0.125"
"2056521200","1652937458","0.125"
"1652937458","2116036153","0.125"
"2116036153","1652937458","0.125"
"1652937458","2126609334","0.125"
"2126609334","1652937458","0.125"
"1652937458","2518646642","0.125"
"2518646642","1652937458","0.125"
"1955224561","2056521200","0.125"
"2056521200","1955224561","0.125"
"1955224561","2107561818","0.325"
"2107561818","1955224561","0.325"
"1955224561","2116036153","0.125"
"2116036153","1955224561","0.125"
"1955224561","2126609334","0.325"
"2126609334","1955224561","0.325"
"1955224561","2518646642","0.458333"
"2518646642","1955224561","0.458333"
"1955224561","2546007168","0.125"
"2546007168","1955224561","0.125"
"2056521200","2107561818","0.125"
"2107561818","2056521200","0.125"
"2056521200","2116036153","0.125"
"2116036153","2056521200","0.125"
"2056521200","2167296203","0.125"
"2167296203","2056521200","0.125"
"2056521200","2518646642","0.125"
"2518646642","2056521200","0.125"
"2056521200","2546007168","0.125"
"2546007168","2056521200","0.125"
"2107561818","2167296203","0.125"
"2167296203","2107561818","0.125"
"2107561818","2518646642","0.125"
"2518646642","2107561818","0.125"
"2116036153","2167296203","1.125"
"2167296203","2116036153","1.125"
"2116036153","2518646642","0.125"
"2518646642","2116036153","0.125"
"2116036153","2546007168","0.125"
"2546007168","2116036153","0.125"
"2126609334","2167296203","0.125"
"2167296203","2126609334","0.125"
"2126609334","2518646642","0.125"
"2518646642","2126609334","0.125"
"2126609334","2546007168","0.125"
"2546007168","2126609334","0.125"
"2167296203","2518646642","0.125"
"2518646642","2167296203","0.125"
"2167296203","2546007168","0.625"
"2546007168","2167296203","0.625"
"2518646642","2546007168","1.125"
"2546007168","2518646642","1.125"
"1652937458","3004787138","0.5"
"3004787138","1652937458","0.5"
"2167296203","3004787138","0.5"
"3004787138","2167296203","0.5"
"1671298582","2109026914","1.5"
"2109026914","1671298582","1.5"
"1671298582","2184489757","3.5"
"2184489757","1671298582","3.5"
"1703486346","2063547437","1.33333"
"2063547437","1703486346","1.33333"
"1703486346","2101508715","0.5"
"2101508715","1703486346","0.5"
"1703486346","2159806572","0.5"
"2159806572","1703486346","0.5"
"1703486346","2941569673","0.666667"
"2941569673","1703486346","0.666667"
"1955224561","2063547437","0.333333"
"2063547437","1955224561","0.333333"
"1955224561","2941569673","0.666667"
"2941569673","1955224561","0.666667"
"2063547437","2941569673","0.333333"
"2941569673","2063547437","0.333333"
"1703486346","2518646642","0.333333"
"2518646642","1703486346","0.333333"
"2518646642","2941569673","0.333333"
"2941569673","2518646642","0.333333"
"1703486346","78375865","1"
"78375865","1703486346","1"
"1703486346","1827476681","1"
"1827476681","1703486346","1"
"1740477500","2056521200","1"
"2056521200","1740477500","1"
"1740477500","2101508715","0.5"
"2101508715","1740477500","0.5"
"1740477500","2159806572","0.5"
"2159806572","1740477500","0.5"
"1740477500","2011373174","1"
"2011373174","1740477500","1"
"1740477500","2116036153","1"
"2116036153","1740477500","1"
"1767036206","2405994334","1"
"2405994334","1767036206","1"
"1767036206","1827476681","1"
"1827476681","1767036206","1"
"1791665675","1955224561","0.2"
"1955224561","1791665675","0.2"
"1791665675","2951904389","0.2"
"2951904389","1791665675","0.2"
"1791665675","2963041893","0.2"
"2963041893","1791665675","0.2"
"1955224561","2951904389","0.2"
"2951904389","1955224561","0.2"
"2107561818","2951904389","0.2"
"2951904389","2107561818","0.2"
"2107561818","2963041893","0.2"
"2963041893","2107561818","0.2"
"2126609334","2951904389","0.2"
"2951904389","2126609334","0.2"
"2126609334","2963041893","0.2"
"2963041893","2126609334","0.2"
"1827476681","2167296203","1"
"2167296203","1827476681","1"
"1872817980","2518646642","2"
"2518646642","1872817980","2"
"1872817980","2414878984","1"
"2414878984","1872817980","1"
"1981342917","2128197017","0.5"
"2128197017","1981342917","0.5"
"2128197017","2405994334","0.5"
"2405994334","2128197017","0.5"
"1993727631","2111293459","1"
"2111293459","1993727631","1"
"2021872272","2107465855","6.5"
"2107465855","2021872272","6.5"
"2021872272","2128329999","7.5"
"2128329999","2021872272","7.5"
"2107465855","2128329999","8.5"
"2128329999","2107465855","8.5"
"2063547437","2156704793","1"
"2156704793","2063547437","1"
"2101508715","2107561818","1"
"2107561818","2101508715","1"
"2116036153","2963041893","1"
"2963041893","2116036153","1"
"2128197017","2414878984","3"
"2414878984","2128197017","3"
"2167296203","2963041893","0.5"
"2963041893","2167296203","0.5"
"2518646642","2805863967","1"
"2805863967","2518646642","1"
"2745479428","2913923123","1"
"2913923123","2745479428","1"
"2745479428","2949284374","2"
"2949284374","2745479428","2"
"2765504645","2972926183","0.25"
"2972926183","2765504645","0.25"
"2951904389","2972926183","2.25"
"2972926183","2951904389","2.25"
"2963041893","2972926183","0.25"
"2972926183","2963041893","0.25"
"2964256903","2972926183","0.25"
"2972926183","2964256903","0.25"
