"1421992838","1529812227","8.26619"
"1529812227","1421992838","8.26619"
"1421992838","2132380276","2.70321"
"2132380276","1421992838","2.70321"
"1421992838","2150836545","0.93243"
"2150836545","1421992838","0.93243"
"1421992838","2435263416","0.575959"
"2435263416","1421992838","0.575959"
"1421992838","2540918362","3.90042"
"2540918362","1421992838","3.90042"
"1421992838","2545529043","1.44234"
"2545529043","1421992838","1.44234"
"1421992838","2557978403","0.697121"
"2557978403","1421992838","0.697121"
"1421992838","2746329303","0.936672"
"2746329303","1421992838","0.936672"
"1421992838","763174957","5.51682"
"763174957","1421992838","5.51682"
"1529812227","2132380276","1.82781"
"2132380276","1529812227","1.82781"
"1529812227","2150836545","1.21814"
"2150836545","1529812227","1.21814"
"1529812227","2435263416","1.44263"
"2435263416","1529812227","1.44263"
"1529812227","2540918362","2.44724"
"2540918362","1529812227","2.44724"
"1529812227","2545529043","2.42845"
"2545529043","1529812227","2.42845"
"1529812227","2557978403","0.780454"
"2557978403","1529812227","0.780454"
"1529812227","2746329303","0.817227"
"2746329303","1529812227","0.817227"
"1529812227","763174957","6.48904"
"763174957","1529812227","6.48904"
"2132380276","2150836545","0.563492"
"2150836545","2132380276","0.563492"
"2132380276","2435263416","0.352778"
"2435263416","2132380276","0.352778"
"2132380276","2540918362","0.874603"
"2540918362","2132380276","0.874603"
"2132380276","2545529043","0.869877"
"2545529043","2132380276","0.869877"
"2132380276","2557978403","0.111111"
"2557978403","2132380276","0.111111"
"2132380276","2746329303","0.505556"
"2746329303","2132380276","0.505556"
"2132380276","763174957","1.73654"
"763174957","2132380276","1.73654"
"2150836545","2435263416","0.688131"
"2435263416","2150836545","0.688131"
"2150836545","2540918362","1.94037"
"2540918362","2150836545","1.94037"
"2150836545","2545529043","0.379652"
"2545529043","2150836545","0.379652"
"2150836545","2557978403","0.222222"
"2557978403","2150836545","0.222222"
"2150836545","2746329303","0.365763"
"2746329303","2150836545","0.365763"
"2150836545","763174957","0.663743"
"763174957","2150836545","0.663743"
"2435263416","2540918362","0.464848"
"2540918362","2435263416","0.464848"
"2435263416","2545529043","0.332272"
"2545529043","2435263416","0.332272"
"2435263416","2557978403","0.38456"
"2557978403","2435263416","0.38456"
"2435263416","2746329303","0.734293"
"2746329303","2435263416","0.734293"
"2435263416","763174957","0.486111"
"763174957","2435263416","0.486111"
"2540918362","2545529043","1.54165"
"2545529043","2540918362","1.54165"
"2540918362","2557978403","1.02345"
"2557978403","2540918362","1.02345"
"2540918362","2746329303","2.28534"
"2746329303","2540918362","2.28534"
"2540918362","763174957","1.05104"
"763174957","2540918362","1.05104"
"2545529043","2557978403","1.4951"
"2557978403","2545529043","1.4951"
"2545529043","2746329303","1.25999"
"2746329303","2545529043","1.25999"
"2545529043","763174957","1.06199"
"763174957","2545529043","1.06199"
"2557978403","2746329303","0.414863"
"2746329303","2557978403","0.414863"
"2557978403","763174957","0.507006"
"763174957","2557978403","0.507006"
"2746329303","763174957","0.465413"
"763174957","2746329303","0.465413"
"1421992838","2412692385","3.81118"
"2412692385","1421992838","3.81118"
"1421992838","2509254330","2.39853"
"2509254330","1421992838","2.39853"
"2132380276","2412692385","5.17904"
"2412692385","2132380276","5.17904"
"2132380276","2509254330","0.458333"
"2509254330","2132380276","0.458333"
"2412692385","2509254330","0.595894"
"2509254330","2412692385","0.595894"
"1421992838","2149614095","4.6979"
"2149614095","1421992838","4.6979"
"1421992838","2503456183","0.72549"
"2503456183","1421992838","0.72549"
"2149614095","2503456183","0.642157"
"2503456183","2149614095","0.642157"
"2149614095","2540918362","3.59006"
"2540918362","2149614095","3.59006"
"2503456183","2540918362","0.72549"
"2540918362","2503456183","0.72549"
"1529812227","2503456183","0.72549"
"2503456183","1529812227","0.72549"
"1421992838","1990311389","3.9398"
"1990311389","1421992838","3.9398"
"1421992838","2412908136","2.44526"
"2412908136","1421992838","2.44526"
"1421992838","783730523","3.71526"
"783730523","1421992838","3.71526"
"1529812227","1990311389","3.03702"
"1990311389","1529812227","3.03702"
"1529812227","2412908136","1.48451"
"2412908136","1529812227","1.48451"
"1529812227","783730523","6.77479"
"783730523","1529812227","6.77479"
"1990311389","2412908136","1.24708"
"2412908136","1990311389","1.24708"
"1990311389","763174957","7.65839"
"763174957","1990311389","7.65839"
"1990311389","783730523","4.26202"
"783730523","1990311389","4.26202"
"2412908136","763174957","1.48874"
"763174957","2412908136","1.48874"
"2412908136","783730523","1.53838"
"783730523","2412908136","1.53838"
"763174957","783730523","5.56959"
"783730523","763174957","5.56959"
"1421992838","2562086057","0.639925"
"2562086057","1421992838","0.639925"
"2149614095","2412908136","1.69721"
"2412908136","2149614095","1.69721"
"2149614095","2557978403","0.58601"
"2557978403","2149614095","0.58601"
"2149614095","2562086057","0.760127"
"2562086057","2149614095","0.760127"
"2412908136","2557978403","0.662338"
"2557978403","2412908136","0.662338"
"2412908136","2562086057","0.663475"
"2562086057","2412908136","0.663475"
"2557978403","2562086057","1.31256"
"2562086057","2557978403","1.31256"
"1421992838","2282193493","2.39589"
"2282193493","1421992838","2.39589"
"1421992838","2090073504","0.534783"
"2090073504","1421992838","0.534783"
"1421992838","2588336016","1.49127"
"2588336016","1421992838","1.49127"
"1421992838","3024392502","0.674242"
"3024392502","1421992838","0.674242"
"1529812227","2090073504","1.78478"
"2090073504","1529812227","1.78478"
"1529812227","2149614095","2.97687"
"2149614095","1529812227","2.97687"
"1529812227","2588336016","1.8246"
"2588336016","1529812227","1.8246"
"1529812227","3024392502","0.583333"
"3024392502","1529812227","0.583333"
"1990311389","2090073504","0.784783"
"2090073504","1990311389","0.784783"
"1990311389","2149614095","6.12194"
"2149614095","1990311389","6.12194"
"1990311389","2588336016","3.03175"
"2588336016","1990311389","3.03175"
"1990311389","3024392502","0.472222"
"3024392502","1990311389","0.472222"
"2090073504","2149614095","0.534783"
"2149614095","2090073504","0.534783"
"2090073504","2588336016","0.972222"
"2588336016","2090073504","0.972222"
"2090073504","3024392502","0.472222"
"3024392502","2090073504","0.472222"
"2090073504","763174957","0.784783"
"763174957","2090073504","0.784783"
"2090073504","783730523","2.04236"
"783730523","2090073504","2.04236"
"2149614095","2588336016","3.18175"
"2588336016","2149614095","3.18175"
"2149614095","3024392502","0.583333"
"3024392502","2149614095","0.583333"
"2149614095","763174957","4.47951"
"763174957","2149614095","4.47951"
"2149614095","783730523","3.3363"
"783730523","2149614095","3.3363"
"2588336016","3024392502","0.472222"
"3024392502","2588336016","0.472222"
"2588336016","763174957","1.78175"
"763174957","2588336016","1.78175"
"2588336016","783730523","1.36508"
"783730523","2588336016","1.36508"
"3024392502","763174957","1.47222"
"763174957","3024392502","1.47222"
"3024392502","783730523","0.472222"
"783730523","3024392502","0.472222"
"1421992838","2606120020","1.66505"
"2606120020","1421992838","1.66505"
"1421992838","2737671130","1.13807"
"2737671130","1421992838","1.13807"
"1529812227","2412692385","1.55006"
"2412692385","1529812227","1.55006"
"1529812227","2606120020","1.40394"
"2606120020","1529812227","1.40394"
"1529812227","2737671130","2.70156"
"2737671130","1529812227","2.70156"
"2149614095","2150836545","0.414933"
"2150836545","2149614095","0.414933"
"2149614095","2412692385","0.905187"
"2412692385","2149614095","0.905187"
"2149614095","2435263416","0.373939"
"2435263416","2149614095","0.373939"
"2149614095","2606120020","0.735252"
"2606120020","2149614095","0.735252"
"2149614095","2737671130","1.81779"
"2737671130","2149614095","1.81779"
"2149614095","2746329303","0.540207"
"2746329303","2149614095","0.540207"
"2150836545","2412692385","0.310354"
"2412692385","2150836545","0.310354"
"2150836545","2606120020","0.310354"
"2606120020","2150836545","0.310354"
"2150836545","2737671130","0.596068"
"2737671130","2150836545","0.596068"
"2412692385","2435263416","0.664848"
"2435263416","2412692385","0.664848"
"2412692385","2557978403","0.33601"
"2557978403","2412692385","0.33601"
"2412692385","2606120020","3.93929"
"2606120020","2412692385","3.93929"
"2412692385","2737671130","0.738066"
"2737671130","2412692385","0.738066"
"2412692385","2746329303","0.847929"
"2746329303","2412692385","0.847929"
"2435263416","2606120020","0.606025"
"2606120020","2435263416","0.606025"
"2435263416","2737671130","0.334596"
"2737671130","2435263416","0.334596"
"2557978403","2606120020","1.33601"
"2606120020","2557978403","1.33601"
"2557978403","2737671130","0.264581"
"2737671130","2557978403","0.264581"
"2606120020","2737671130","0.738066"
"2737671130","2606120020","0.738066"
"2606120020","2746329303","0.789105"
"2746329303","2606120020","0.789105"
"2737671130","2746329303","1.07323"
"2746329303","2737671130","1.07323"
"1421992838","2282018707","1.01132"
"2282018707","1421992838","1.01132"
"1421992838","242758580","1.41382"
"242758580","1421992838","1.41382"
"1421992838","2766938563","1.06056"
"2766938563","1421992838","1.06056"
"1421992838","834900291","1.15884"
"834900291","1421992838","1.15884"
"1529812227","2282018707","0.855762"
"2282018707","1529812227","0.855762"
"1529812227","242758580","0.614581"
"242758580","1529812227","0.614581"
"1529812227","2766938563","0.744651"
"2766938563","1529812227","0.744651"
"1529812227","834900291","1.07551"
"834900291","1529812227","1.07551"
"1990311389","2132380276","0.767857"
"2132380276","1990311389","0.767857"
"1990311389","2282018707","0.701304"
"2282018707","1990311389","0.701304"
"1990311389","242758580","1.36726"
"242758580","1990311389","1.36726"
"1990311389","2766938563","2.00323"
"2766938563","1990311389","2.00323"
"1990311389","834900291","1.26797"
"834900291","1990311389","1.26797"
"2132380276","2282018707","0.361111"
"2282018707","2132380276","0.361111"
"2132380276","242758580","0.444444"
"242758580","2132380276","0.444444"
"2132380276","2766938563","0.361111"
"2766938563","2132380276","0.361111"
"2132380276","834900291","0.444444"
"834900291","2132380276","0.444444"
"2282018707","242758580","1.20145"
"242758580","2282018707","1.20145"
"2282018707","2766938563","0.844651"
"2766938563","2282018707","0.844651"
"2282018707","763174957","0.74297"
"763174957","2282018707","0.74297"
"2282018707","834900291","0.54297"
"834900291","2282018707","0.54297"
"242758580","2766938563","1.47603"
"2766938563","242758580","1.47603"
"242758580","763174957","0.850595"
"763174957","242758580","0.850595"
"242758580","834900291","1.10701"
"834900291","242758580","1.10701"
"2766938563","763174957","0.553227"
"763174957","2766938563","0.553227"
"2766938563","834900291","0.74297"
"834900291","2766938563","0.74297"
"763174957","834900291","1.10964"
"834900291","763174957","1.10964"
"2412692385","2412908136","0.651717"
"2412908136","2412692385","0.651717"
"2412692385","2540918362","0.885483"
"2540918362","2412692385","0.885483"
"2412692385","783730523","1.25394"
"783730523","2412692385","1.25394"
"2412908136","2435263416","0.262828"
"2435263416","2412908136","0.262828"
"2412908136","2540918362","2.40117"
"2540918362","2412908136","2.40117"
"2412908136","2606120020","0.481782"
"2606120020","2412908136","0.481782"
"2412908136","2737671130","0.796068"
"2737671130","2412908136","0.796068"
"2412908136","2746329303","0.273793"
"2746329303","2412908136","0.273793"
"2435263416","783730523","0.204004"
"783730523","2435263416","0.204004"
"2540918362","2606120020","1.73936"
"2606120020","2540918362","1.73936"
"2540918362","2737671130","2.88698"
"2737671130","2540918362","2.88698"
"2540918362","783730523","1.15624"
"783730523","2540918362","1.15624"
"2557978403","783730523","0.558232"
"783730523","2557978403","0.558232"
"2606120020","783730523","1.42061"
"783730523","2606120020","1.42061"
"2737671130","783730523","0.973348"
"783730523","2737671130","0.973348"
"2746329303","783730523","0.439717"
"783730523","2746329303","0.439717"
"1421992838","2288987180","1.64916"
"2288987180","1421992838","1.64916"
"1529812227","2288987180","0.299162"
"2288987180","1529812227","0.299162"
"1990311389","2288987180","1.17367"
"2288987180","1990311389","1.17367"
"2090073504","2288987180","0.173672"
"2288987180","2090073504","0.173672"
"2149614095","2288987180","2.14916"
"2288987180","2149614095","2.14916"
"2288987180","2588336016","0.677778"
"2588336016","2288987180","0.677778"
"2288987180","3024392502","3.11111"
"3024392502","2288987180","3.11111"
"2288987180","763174957","0.173672"
"763174957","2288987180","0.173672"
"2288987180","783730523","0.173672"
"783730523","2288987180","0.173672"
"1529812227","2509254330","2.60686"
"2509254330","1529812227","2.60686"
"2132380276","783730523","1.02309"
"783730523","2132380276","1.02309"
"2150836545","2509254330","0.344298"
"2509254330","2150836545","0.344298"
"2150836545","783730523","0.362155"
"783730523","2150836545","0.362155"
"2509254330","2540918362","1.42763"
"2540918362","2509254330","1.42763"
"2509254330","2545529043","1.39212"
"2545529043","2509254330","1.39212"
"2509254330","763174957","0.983782"
"763174957","2509254330","0.983782"
"2509254330","783730523","1.10686"
"783730523","2509254330","1.10686"
"2545529043","783730523","0.656499"
"783730523","2545529043","0.656499"
"1990311389","2412692385","0.368117"
"2412692385","1990311389","0.368117"
"1990311389","2540918362","0.573267"
"2540918362","1990311389","0.573267"
"1990311389","2606120020","0.534783"
"2606120020","1990311389","0.534783"
"2132380276","2412908136","0.721825"
"2412908136","2132380276","0.721825"
"2132380276","2606120020","2.84571"
"2606120020","2132380276","2.84571"
"2412692385","763174957","0.800692"
"763174957","2412692385","0.800692"
"2606120020","763174957","0.967359"
"763174957","2606120020","0.967359"
"1421992838","2498289119","0.298672"
"2498289119","1421992838","0.298672"
"1421992838","2525326151","0.0416667"
"2525326151","1421992838","0.0416667"
"1421992838","2610727334","0.76759"
"2610727334","1421992838","0.76759"
"1421992838","2621152464","0.410106"
"2621152464","1421992838","0.410106"
"1421992838","2739805944","0.340317"
"2739805944","1421992838","0.340317"
"1421992838","2891176656","0.329718"
"2891176656","1421992838","0.329718"
"1421992838","2960915120","0.152778"
"2960915120","1421992838","0.152778"
"1421992838","590625283","0.760106"
"590625283","1421992838","0.760106"
"1529812227","2498289119","0.389942"
"2498289119","1529812227","0.389942"
"1529812227","2525326151","0.0416667"
"2525326151","1529812227","0.0416667"
"1529812227","2610727334","0.243347"
"2610727334","1529812227","0.243347"
"1529812227","2621152464","0.410106"
"2621152464","1529812227","0.410106"
"1529812227","2739805944","0.340317"
"2739805944","1529812227","0.340317"
"1529812227","2891176656","0.440829"
"2891176656","1529812227","0.440829"
"1529812227","2960915120","0.152778"
"2960915120","1529812227","0.152778"
"1529812227","590625283","0.50253"
"590625283","1529812227","0.50253"
"2132380276","2149614095","0.275433"
"2149614095","2132380276","0.275433"
"2132380276","2498289119","0.812734"
"2498289119","2132380276","0.812734"
"2132380276","2525326151","0.0416667"
"2525326151","2132380276","0.0416667"
"2132380276","2610727334","0.725433"
"2610727334","2132380276","0.725433"
"2132380276","2621152464","0.723485"
"2621152464","2132380276","0.723485"
"2132380276","2737671130","1.10162"
"2737671130","2132380276","1.10162"
"2132380276","2739805944","0.0416667"
"2739805944","2132380276","0.0416667"
"2132380276","2891176656","0.0416667"
"2891176656","2132380276","0.0416667"
"2132380276","2960915120","0.0416667"
"2960915120","2132380276","0.0416667"
"2132380276","590625283","0.215909"
"590625283","2132380276","0.215909"
"2149614095","2282018707","0.593461"
"2282018707","2149614095","0.593461"
"2149614095","242758580","0.662561"
"242758580","2149614095","0.662561"
"2149614095","2498289119","0.247085"
"2498289119","2149614095","0.247085"
"2149614095","2525326151","0.0416667"
"2525326151","2149614095","0.0416667"
"2149614095","2610727334","0.20049"
"2610727334","2149614095","0.20049"
"2149614095","2621152464","0.319197"
"2621152464","2149614095","0.319197"
"2149614095","2739805944","0.780793"
"2739805944","2149614095","0.780793"
"2149614095","2766938563","1.50735"
"2766938563","2149614095","1.50735"
"2149614095","2891176656","0.540829"
"2891176656","2149614095","0.540829"
"2149614095","2960915120","0.152778"
"2960915120","2149614095","0.152778"
"2149614095","590625283","0.519197"
"590625283","2149614095","0.519197"
"2149614095","834900291","0.506066"
"834900291","2149614095","0.506066"
"2150836545","2282018707","0.160965"
"2282018707","2150836545","0.160965"
"2150836545","2412908136","0.446679"
"2412908136","2150836545","0.446679"
"2150836545","242758580","0.132576"
"242758580","2150836545","0.132576"
"2150836545","2498289119","0.327381"
"2498289119","2150836545","0.327381"
"2150836545","2525326151","0.0416667"
"2525326151","2150836545","0.0416667"
"2150836545","2610727334","0.541667"
"2610727334","2150836545","0.541667"
"2150836545","2621152464","0.185207"
"2621152464","2150836545","0.185207"
"2150836545","2739805944","0.108333"
"2739805944","2150836545","0.108333"
"2150836545","2766938563","0.160965"
"2766938563","2150836545","0.160965"
"2150836545","2891176656","0.0416667"
"2891176656","2150836545","0.0416667"
"2150836545","2960915120","0.0416667"
"2960915120","2150836545","0.0416667"
"2150836545","590625283","0.0942982"
"590625283","2150836545","0.0942982"
"2150836545","834900291","0.160965"
"834900291","2150836545","0.160965"
"2282018707","2412692385","0.472575"
"2412692385","2282018707","0.472575"
"2282018707","2412908136","0.7809"
"2412908136","2282018707","0.7809"
"2282018707","2435263416","0.10049"
"2435263416","2282018707","0.10049"
"2282018707","2498289119","0.465339"
"2498289119","2282018707","0.465339"
"2282018707","2525326151","0.0416667"
"2525326151","2282018707","0.0416667"
"2282018707","2540918362","0.673757"
"2540918362","2282018707","0.673757"
"2282018707","2606120020","0.382006"
"2606120020","2282018707","0.382006"
"2282018707","2610727334","0.20049"
"2610727334","2282018707","0.20049"
"2282018707","2621152464","0.323526"
"2621152464","2282018707","0.323526"
"2282018707","2737671130","0.282006"
"2737671130","2282018707","0.282006"
"2282018707","2739805944","0.340317"
"2739805944","2282018707","0.340317"
"2282018707","2891176656","0.374162"
"2891176656","2282018707","0.374162"
"2282018707","2960915120","0.0416667"
"2960915120","2282018707","0.0416667"
"2282018707","590625283","15.7013"
"590625283","2282018707","15.7013"
"2282018707","783730523","0.61797"
"783730523","2282018707","0.61797"
"2412692385","242758580","0.37847"
"242758580","2412692385","0.37847"
"2412692385","2498289119","0.389581"
"2498289119","2412692385","0.389581"
"2412692385","2525326151","0.0416667"
"2525326151","2412692385","0.0416667"
"2412692385","2610727334","0.941399"
"2610727334","2412692385","0.941399"
"2412692385","2621152464","0.948384"
"2621152464","2412692385","0.948384"
"2412692385","2739805944","0.340317"
"2739805944","2412692385","0.340317"
"2412692385","2766938563","0.472575"
"2766938563","2412692385","0.472575"
"2412692385","2891176656","0.163051"
"2891176656","2412692385","0.163051"
"2412692385","2960915120","0.0416667"
"2960915120","2412692385","0.0416667"
"2412692385","590625283","0.366565"
"590625283","2412692385","0.366565"
"2412692385","834900291","0.736767"
"834900291","2412692385","0.736767"
"2412908136","242758580","0.382576"
"242758580","2412908136","0.382576"
"2412908136","2498289119","0.527381"
"2498289119","2412908136","0.527381"
"2412908136","2525326151","0.0416667"
"2525326151","2412908136","0.0416667"
"2412908136","2610727334","0.291399"
"2610727334","2412908136","0.291399"
"2412908136","2621152464","0.165727"
"2621152464","2412908136","0.165727"
"2412908136","2739805944","1.00049"
"2739805944","2412908136","1.00049"
"2412908136","2766938563","0.494031"
"2766938563","2412908136","0.494031"
"2412908136","2891176656","0.311601"
"2891176656","2412908136","0.311601"
"2412908136","2960915120","0.0416667"
"2960915120","2412908136","0.0416667"
"2412908136","590625283","0.606636"
"590625283","2412908136","0.606636"
"2412908136","834900291","0.426838"
"834900291","2412908136","0.426838"
"242758580","2435263416","0.132576"
"2435263416","242758580","0.132576"
"242758580","2498289119","1.29867"
"2498289119","242758580","1.29867"
"242758580","2525326151","0.0416667"
"2525326151","242758580","0.0416667"
"242758580","2540918362","5.4421"
"2540918362","242758580","5.4421"
"242758580","2606120020","0.489581"
"2606120020","242758580","0.489581"
"242758580","2610727334","0.132576"
"2610727334","242758580","0.132576"
"242758580","2621152464","1.27206"
"2621152464","242758580","1.27206"
"242758580","2737671130","4.24514"
"2737671130","242758580","4.24514"
"242758580","2739805944","0.0719697"
"2739805944","242758580","0.0719697"
"242758580","2891176656","0.104228"
"2891176656","242758580","0.104228"
"242758580","2960915120","0.0416667"
"2960915120","242758580","0.0416667"
"242758580","590625283","1.40625"
"590625283","242758580","1.40625"
"242758580","783730523","0.370894"
"783730523","242758580","0.370894"
"2435263416","2498289119","0.0416667"
"2498289119","2435263416","0.0416667"
"2435263416","2525326151","0.0416667"
"2525326151","2435263416","0.0416667"
"2435263416","2610727334","0.10049"
"2610727334","2435263416","0.10049"
"2435263416","2621152464","0.204004"
"2621152464","2435263416","0.204004"
"2435263416","2739805944","0.10049"
"2739805944","2435263416","0.10049"
"2435263416","2766938563","0.10049"
"2766938563","2435263416","0.10049"
"2435263416","2891176656","0.10049"
"2891176656","2435263416","0.10049"
"2435263416","2960915120","0.0416667"
"2960915120","2435263416","0.0416667"
"2435263416","590625283","0.113095"
"590625283","2435263416","0.113095"
"2435263416","834900291","0.113095"
"834900291","2435263416","0.113095"
"2498289119","2525326151","0.0416667"
"2525326151","2498289119","0.0416667"
"2498289119","2540918362","0.527381"
"2540918362","2498289119","0.527381"
"2498289119","2606120020","0.500692"
"2606120020","2498289119","0.500692"
"2498289119","2610727334","0.332576"
"2610727334","2498289119","0.332576"
"2498289119","2621152464","0.395137"
"2621152464","2498289119","0.395137"
"2498289119","2737671130","0.673275"
"2737671130","2498289119","0.673275"
"2498289119","2739805944","0.0719697"
"2739805944","2498289119","0.0719697"
"2498289119","2766938563","0.104228"
"2766938563","2498289119","0.104228"
"2498289119","2891176656","0.104228"
"2891176656","2498289119","0.104228"
"2498289119","2960915120","0.0416667"
"2960915120","2498289119","0.0416667"
"2498289119","590625283","0.465339"
"590625283","2498289119","0.465339"
"2498289119","763174957","0.498672"
"763174957","2498289119","0.498672"
"2498289119","783730523","0.532438"
"783730523","2498289119","0.532438"
"2498289119","834900291","0.187561"
"834900291","2498289119","0.187561"
"2525326151","2540918362","0.0416667"
"2540918362","2525326151","0.0416667"
"2525326151","2606120020","0.0416667"
"2606120020","2525326151","0.0416667"
"2525326151","2610727334","0.0416667"
"2610727334","2525326151","0.0416667"
"2525326151","2621152464","0.0416667"
"2621152464","2525326151","0.0416667"
"2525326151","2737671130","0.0416667"
"2737671130","2525326151","0.0416667"
"2525326151","2739805944","0.0416667"
"2739805944","2525326151","0.0416667"
"2525326151","2766938563","0.0416667"
"2766938563","2525326151","0.0416667"
"2525326151","2891176656","0.0416667"
"2891176656","2525326151","0.0416667"
"2525326151","2960915120","0.0416667"
"2960915120","2525326151","0.0416667"
"2525326151","590625283","0.0416667"
"590625283","2525326151","0.0416667"
"2525326151","763174957","0.0416667"
"763174957","2525326151","0.0416667"
"2525326151","783730523","0.0416667"
"783730523","2525326151","0.0416667"
"2525326151","834900291","0.0416667"
"834900291","2525326151","0.0416667"
"2540918362","2610727334","0.70049"
"2610727334","2540918362","0.70049"
"2540918362","2621152464","0.256636"
"2621152464","2540918362","0.256636"
"2540918362","2739805944","0.893347"
"2739805944","2540918362","0.893347"
"2540918362","2766938563","1.27217"
"2766938563","2540918362","1.27217"
"2540918362","2891176656","0.311601"
"2891176656","2540918362","0.311601"
"2540918362","2960915120","0.0416667"
"2960915120","2540918362","0.0416667"
"2540918362","590625283","0.265727"
"590625283","2540918362","0.265727"
"2540918362","834900291","0.343505"
"834900291","2540918362","0.343505"
"2606120020","2610727334","0.882576"
"2610727334","2606120020","0.882576"
"2606120020","2621152464","0.448384"
"2621152464","2606120020","0.448384"
"2606120020","2739805944","0.138636"
"2739805944","2606120020","0.138636"
"2606120020","2766938563","1.27089"
"2766938563","2606120020","1.27089"
"2606120020","2891176656","0.104228"
"2891176656","2606120020","0.104228"
"2606120020","2960915120","0.0416667"
"2960915120","2606120020","0.0416667"
"2606120020","590625283","0.477677"
"590625283","2606120020","0.477677"
"2606120020","834900291","0.625656"
"834900291","2606120020","0.625656"
"2610727334","2621152464","0.915909"
"2621152464","2610727334","0.915909"
"2610727334","2737671130","0.0416667"
"2737671130","2610727334","0.0416667"
"2610727334","2739805944","0.35049"
"2739805944","2610727334","0.35049"
"2610727334","2766938563","0.291399"
"2766938563","2610727334","0.291399"
"2610727334","2891176656","0.10049"
"2891176656","2610727334","0.10049"
"2610727334","2960915120","0.0416667"
"2960915120","2610727334","0.0416667"
"2610727334","590625283","0.132576"
"590625283","2610727334","0.132576"
"2610727334","763174957","0.384524"
"763174957","2610727334","0.384524"
"2610727334","783730523","0.475433"
"783730523","2610727334","0.475433"
"2610727334","834900291","0.241667"
"834900291","2610727334","0.241667"
"2621152464","2737671130","0.952713"
"2737671130","2621152464","0.952713"
"2621152464","2739805944","0.27197"
"2739805944","2621152464","0.27197"
"2621152464","2766938563","0.233782"
"2766938563","2621152464","0.233782"
"2621152464","2891176656","0.304228"
"2891176656","2621152464","0.304228"
"2621152464","2960915120","0.0416667"
"2960915120","2621152464","0.0416667"
"2621152464","590625283","0.485864"
"590625283","2621152464","0.485864"
"2621152464","763174957","0.324692"
"763174957","2621152464","0.324692"
"2621152464","783730523","0.576773"
"783730523","2621152464","0.576773"
"2621152464","834900291","0.228288"
"834900291","2621152464","0.228288"
"2737671130","2739805944","0.138636"
"2739805944","2737671130","0.138636"
"2737671130","2766938563","0.370894"
"2766938563","2737671130","0.370894"
"2737671130","2891176656","0.215339"
"2891176656","2737671130","0.215339"
"2737671130","2960915120","0.0416667"
"2960915120","2737671130","0.0416667"
"2737671130","590625283","0.295137"
"590625283","2737671130","0.295137"
"2737671130","763174957","0.97847"
"763174957","2737671130","0.97847"
"2737671130","834900291","0.354228"
"834900291","2737671130","0.354228"
"2739805944","2766938563","0.540317"
"2766938563","2739805944","0.540317"
"2739805944","2891176656","0.530793"
"2891176656","2739805944","0.530793"
"2739805944","2960915120","0.0416667"
"2960915120","2739805944","0.0416667"
"2739805944","590625283","0.0719697"
"590625283","2739805944","0.0719697"
"2739805944","763174957","0.0719697"
"763174957","2739805944","0.0719697"
"2739805944","783730523","0.0719697"
"783730523","2739805944","0.0719697"
"2739805944","834900291","0.338636"
"834900291","2739805944","0.338636"
"2766938563","2891176656","0.363051"
"2891176656","2766938563","0.363051"
"2766938563","2960915120","0.291667"
"2960915120","2766938563","0.291667"
"2766938563","590625283","0.331102"
"590625283","2766938563","0.331102"
"2766938563","783730523","0.240193"
"783730523","2766938563","0.240193"
"2891176656","2960915120","0.0416667"
"2960915120","2891176656","0.0416667"
"2891176656","590625283","0.204228"
"590625283","2891176656","0.204228"
"2891176656","763174957","0.370894"
"763174957","2891176656","0.370894"
"2891176656","783730523","0.482006"
"783730523","2891176656","0.482006"
"2891176656","834900291","0.304228"
"834900291","2891176656","0.304228"
"2960915120","590625283","0.0416667"
"590625283","2960915120","0.0416667"
"2960915120","763174957","0.152778"
"763174957","2960915120","0.152778"
"2960915120","783730523","0.152778"
"783730523","2960915120","0.152778"
"2960915120","834900291","0.0416667"
"834900291","2960915120","0.0416667"
"590625283","763174957","0.697768"
"763174957","590625283","0.697768"
"590625283","783730523","0.769197"
"783730523","590625283","0.769197"
"590625283","834900291","0.611621"
"834900291","590625283","0.611621"
"783730523","834900291","0.694955"
"834900291","783730523","0.694955"
"1421992838","2583795119","0.385127"
"2583795119","1421992838","0.385127"
"2149614095","2583795119","0.374016"
"2583795119","2149614095","0.374016"
"2282018707","2288987180","0.399162"
"2288987180","2282018707","0.399162"
"2282018707","2583795119","3.51291"
"2583795119","2282018707","3.51291"
"2288987180","2412692385","0.288051"
"2412692385","2288987180","0.288051"
"2288987180","2412908136","1.30882"
"2412908136","2288987180","1.30882"
"2288987180","2540918362","0.97549"
"2540918362","2288987180","0.97549"
"2288987180","2583795119","0.332496"
"2583795119","2288987180","0.332496"
"2288987180","2606120020","0.340339"
"2606120020","2288987180","0.340339"
"2288987180","2610727334","0.158824"
"2610727334","2288987180","0.158824"
"2288987180","2766938563","0.288051"
"2766938563","2288987180","0.288051"
"2412692385","2583795119","0.221385"
"2583795119","2412692385","0.221385"
"2412908136","2583795119","0.561455"
"2583795119","2412908136","0.561455"
"2540918362","2583795119","1.56146"
"2583795119","2540918362","1.56146"
"2583795119","2606120020","0.273672"
"2606120020","2583795119","0.273672"
"2583795119","2610727334","0.158824"
"2610727334","2583795119","0.158824"
"2583795119","2766938563","0.585127"
"2766938563","2583795119","0.585127"
"1990311389","2545529043","2.85997"
"2545529043","1990311389","2.85997"
"1990311389","2610727334","0.142857"
"2610727334","1990311389","0.142857"
"2545529043","2610727334","0.701681"
"2610727334","2545529043","0.701681"
"2540918362","2588336016","0.935714"
"2588336016","2540918362","0.935714"
"1421992838","2168608393","0.70202"
"2168608393","1421992838","0.70202"
"1421992838","2747653138","0.206102"
"2747653138","1421992838","0.206102"
"1421992838","2767826029","0.0909091"
"2767826029","1421992838","0.0909091"
"1421992838","2953410103","0.331248"
"2953410103","1421992838","0.331248"
"2168608393","2412908136","0.174242"
"2412908136","2168608393","0.174242"
"2168608393","242758580","0.507576"
"242758580","2168608393","0.507576"
"2168608393","2562086057","0.431818"
"2562086057","2168608393","0.431818"
"2168608393","2610727334","0.181818"
"2610727334","2168608393","0.181818"
"2168608393","2747653138","0.0909091"
"2747653138","2168608393","0.0909091"
"2168608393","2766938563","0.174242"
"2766938563","2168608393","0.174242"
"2168608393","2767826029","0.0909091"
"2767826029","2168608393","0.0909091"
"2168608393","2953410103","0.840909"
"2953410103","2168608393","0.840909"
"2168608393","3024392502","0.0909091"
"3024392502","2168608393","0.0909091"
"2168608393","590625283","0.424242"
"590625283","2168608393","0.424242"
"2412908136","2747653138","0.643541"
"2747653138","2412908136","0.643541"
"2412908136","2767826029","0.0909091"
"2767826029","2412908136","0.0909091"
"2412908136","2953410103","0.268687"
"2953410103","2412908136","0.268687"
"2412908136","3024392502","0.20202"
"3024392502","2412908136","0.20202"
"242758580","2562086057","3.97603"
"2562086057","242758580","3.97603"
"242758580","2747653138","0.264581"
"2747653138","242758580","0.264581"
"242758580","2767826029","0.0909091"
"2767826029","242758580","0.0909091"
"242758580","2953410103","0.90347"
"2953410103","242758580","0.90347"
"242758580","3024392502","0.0909091"
"3024392502","242758580","0.0909091"
"2562086057","2610727334","0.240642"
"2610727334","2562086057","0.240642"
"2562086057","2747653138","0.317213"
"2747653138","2562086057","0.317213"
"2562086057","2766938563","3.55971"
"2766938563","2562086057","3.55971"
"2562086057","2767826029","0.340909"
"2767826029","2562086057","0.340909"
"2562086057","2953410103","0.40347"
"2953410103","2562086057","0.40347"
"2562086057","3024392502","0.0909091"
"3024392502","2562086057","0.0909091"
"2562086057","590625283","0.667213"
"590625283","2562086057","0.667213"
"2610727334","2747653138","1.59091"
"2747653138","2610727334","1.59091"
"2610727334","2767826029","0.0909091"
"2767826029","2610727334","0.0909091"
"2610727334","2953410103","0.0909091"
"2953410103","2610727334","0.0909091"
"2610727334","3024392502","0.0909091"
"3024392502","2610727334","0.0909091"
"2747653138","2766938563","0.206102"
"2766938563","2747653138","0.206102"
"2747653138","2767826029","0.0909091"
"2767826029","2747653138","0.0909091"
"2747653138","2953410103","0.15347"
"2953410103","2747653138","0.15347"
"2747653138","3024392502","0.0909091"
"3024392502","2747653138","0.0909091"
"2747653138","590625283","0.317213"
"590625283","2747653138","0.317213"
"2766938563","2767826029","1.84091"
"2767826029","2766938563","1.84091"
"2766938563","2953410103","0.220137"
"2953410103","2766938563","0.220137"
"2766938563","3024392502","0.0909091"
"3024392502","2766938563","0.0909091"
"2767826029","2953410103","0.0909091"
"2953410103","2767826029","0.0909091"
"2767826029","3024392502","0.0909091"
"3024392502","2767826029","0.0909091"
"2767826029","590625283","0.0909091"
"590625283","2767826029","0.0909091"
"2953410103","3024392502","0.20202"
"3024392502","2953410103","0.20202"
"2953410103","590625283","0.40347"
"590625283","2953410103","0.40347"
"3024392502","590625283","0.0909091"
"590625283","3024392502","0.0909091"
"1421992838","2098328773","0.395894"
"2098328773","1421992838","0.395894"
"1990311389","2098328773","0.472818"
"2098328773","1990311389","0.472818"
"1990311389","2168608393","0.611111"
"2168608393","1990311389","0.611111"
"2098328773","2168608393","2.42424"
"2168608393","2098328773","2.42424"
"1990311389","2891176656","0.529228"
"2891176656","1990311389","0.529228"
"2509254330","2606120020","0.429228"
"2606120020","2509254330","0.429228"
"2509254330","2588336016","0.916667"
"2588336016","2509254330","0.916667"
"1529812227","2562086057","0.285127"
"2562086057","1529812227","0.285127"
"1529812227","2583795119","1.28513"
"2583795119","1529812227","1.28513"
"1529812227","2747653138","0.115193"
"2747653138","1529812227","0.115193"
"1990311389","2150836545","0.0526316"
"2150836545","1990311389","0.0526316"
"1990311389","2509254330","0.683782"
"2509254330","1990311389","0.683782"
"1990311389","2562086057","3.03378"
"2562086057","1990311389","3.03378"
"1990311389","2583795119","0.326304"
"2583795119","1990311389","0.326304"
"1990311389","2621152464","0.392116"
"2621152464","1990311389","0.392116"
"1990311389","2746329303","0.479302"
"2746329303","1990311389","0.479302"
"1990311389","2747653138","0.615193"
"2747653138","1990311389","0.615193"
"1990311389","590625283","0.465193"
"590625283","1990311389","0.465193"
"2149614095","2509254330","1.49019"
"2509254330","2149614095","1.49019"
"2149614095","2545529043","1.68358"
"2545529043","2149614095","1.68358"
"2149614095","2747653138","0.115193"
"2747653138","2149614095","0.115193"
"2150836545","2562086057","0.0526316"
"2562086057","2150836545","0.0526316"
"2150836545","2583795119","0.0526316"
"2583795119","2150836545","0.0526316"
"2150836545","2747653138","0.219298"
"2747653138","2150836545","0.219298"
"2282018707","2509254330","0.115193"
"2509254330","2282018707","0.115193"
"2282018707","2545529043","0.285127"
"2545529043","2282018707","0.285127"
"2282018707","2562086057","0.496238"
"2562086057","2282018707","0.496238"
"2282018707","2746329303","0.141758"
"2746329303","2282018707","0.141758"
"2282018707","2747653138","1.2263"
"2747653138","2282018707","1.2263"
"2412908136","2509254330","0.885965"
"2509254330","2412908136","0.885965"
"2412908136","2545529043","0.405106"
"2545529043","2412908136","0.405106"
"2509254330","2562086057","0.317116"
"2562086057","2509254330","0.317116"
"2509254330","2583795119","0.865193"
"2583795119","2509254330","0.865193"
"2509254330","2621152464","1.39212"
"2621152464","2509254330","1.39212"
"2509254330","2746329303","0.284858"
"2746329303","2509254330","0.284858"
"2509254330","2747653138","0.281859"
"2747653138","2509254330","0.281859"
"2509254330","2766938563","0.317116"
"2766938563","2509254330","0.317116"
"2509254330","590625283","0.115193"
"590625283","2509254330","0.115193"
"2509254330","834900291","0.115193"
"834900291","2509254330","0.115193"
"2540918362","2562086057","1.13209"
"2562086057","2540918362","1.13209"
"2540918362","2747653138","0.552632"
"2747653138","2540918362","0.552632"
"2545529043","2562086057","3.66324"
"2562086057","2545529043","3.66324"
"2545529043","2583795119","0.374016"
"2583795119","2545529043","0.374016"
"2545529043","2621152464","3.06203"
"2621152464","2545529043","3.06203"
"2545529043","2747653138","0.115193"
"2747653138","2545529043","0.115193"
"2545529043","2766938563","4.9188"
"2766938563","2545529043","4.9188"
"2545529043","590625283","0.27753"
"590625283","2545529043","0.27753"
"2545529043","834900291","0.497732"
"834900291","2545529043","0.497732"
"2562086057","2583795119","0.385127"
"2583795119","2562086057","0.385127"
"2562086057","2621152464","0.616358"
"2621152464","2562086057","0.616358"
"2562086057","2746329303","0.653205"
"2746329303","2562086057","0.653205"
"2562086057","763174957","1.54212"
"763174957","2562086057","1.54212"
"2562086057","783730523","0.417213"
"783730523","2562086057","0.417213"
"2562086057","834900291","0.615193"
"834900291","2562086057","0.615193"
"2583795119","2621152464","0.115193"
"2621152464","2583795119","0.115193"
"2583795119","2746329303","0.141758"
"2746329303","2583795119","0.141758"
"2583795119","2747653138","0.226304"
"2747653138","2583795119","0.226304"
"2583795119","590625283","4.24297"
"590625283","2583795119","4.24297"
"2583795119","763174957","0.326304"
"763174957","2583795119","0.326304"
"2583795119","783730523","0.715193"
"783730523","2583795119","0.715193"
"2583795119","834900291","0.426304"
"834900291","2583795119","0.426304"
"2621152464","2746329303","1.3222"
"2746329303","2621152464","1.3222"
"2621152464","2747653138","0.115193"
"2747653138","2621152464","0.115193"
"2746329303","2747653138","0.0829346"
"2747653138","2746329303","0.0829346"
"2746329303","2766938563","0.653205"
"2766938563","2746329303","0.653205"
"2746329303","590625283","0.154363"
"590625283","2746329303","0.154363"
"2746329303","834900291","0.237697"
"834900291","2746329303","0.237697"
"2747653138","763174957","0.115193"
"763174957","2747653138","0.115193"
"2747653138","783730523","0.115193"
"783730523","2747653138","0.115193"
"2747653138","834900291","0.115193"
"834900291","2747653138","0.115193"
"1529812227","2168608393","0.0833333"
"2168608393","1529812227","0.0833333"
"2132380276","2168608393","0.368687"
"2168608393","2132380276","0.368687"
"2168608393","2282018707","0.0833333"
"2282018707","2168608393","0.0833333"
"2168608393","763174957","0.277778"
"763174957","2168608393","0.277778"
"2168608393","783730523","0.368687"
"783730523","2168608393","0.368687"
"2168608393","834900291","0.166667"
"834900291","2168608393","0.166667"
"2412692385","2545529043","0.485742"
"2545529043","2412692385","0.485742"
"242758580","2545529043","1.78158"
"2545529043","242758580","1.78158"
"242758580","2746329303","3.21599"
"2746329303","242758580","3.21599"
"2545529043","2606120020","0.315808"
