"105332871","1877246966","0.611111"
"1877246966","105332871","0.611111"
"105332871","2108610562","0.611111"
"2108610562","105332871","0.611111"
"1877246966","2108610562","21.4206"
"2108610562","1877246966","21.4206"
"105332871","1504846120","0.5"
"1504846120","105332871","0.5"
"105332871","1513846884","0.5"
"1513846884","105332871","0.5"
"1504846120","1513846884","5.66667"
"1513846884","1504846120","5.66667"
"105332871","303646557","1.96993"
"303646557","105332871","1.96993"
"105332871","1970797462","3.10803"
"1970797462","105332871","3.10803"
"105332871","2008153216","0.73254"
"2008153216","105332871","0.73254"
"105332871","2081306377","6.52549"
"2081306377","105332871","6.52549"
"105332871","2293998199","0.830252"
"2293998199","105332871","0.830252"
"105332871","40377838","1.3366"
"40377838","105332871","1.3366"
"1970797462","2008153216","0.38254"
"2008153216","1970797462","0.38254"
"1970797462","2081306377","1.30049"
"2081306377","1970797462","1.30049"
"1970797462","2293998199","0.330252"
"2293998199","1970797462","0.330252"
"1970797462","40377838","11.2783"
"40377838","1970797462","11.2783"
"2008153216","2081306377","0.371429"
"2081306377","2008153216","0.371429"
"2008153216","2293998199","0.467857"
"2293998199","2008153216","0.467857"
"2008153216","40377838","0.411111"
"40377838","2008153216","0.411111"
"2081306377","2293998199","0.330252"
"2293998199","2081306377","0.330252"
"2081306377","40377838","1.40049"
"40377838","2081306377","1.40049"
"2293998199","40377838","0.258824"
"40377838","2293998199","0.258824"
"105332871","1505774433","0.273109"
"1505774433","105332871","0.273109"
"105332871","1550492218","0.273109"
"1550492218","105332871","0.273109"
"105332871","1552329465","0.573109"
"1552329465","105332871","0.573109"
"105332871","1553888417","0.273109"
"1553888417","105332871","0.273109"
"105332871","1586636484","0.230252"
"1586636484","105332871","0.230252"
"105332871","1916509416","0.214286"
"1916509416","105332871","0.214286"
"105332871","1935124154","1.13025"
"1935124154","105332871","1.13025"
"105332871","2061973751","0.230252"
"2061973751","105332871","0.230252"
"105332871","2155791097","0.130252"
"2155791097","105332871","0.130252"
"105332871","2167089357","0.473109"
"2167089357","105332871","0.473109"
"105332871","2949518220","0.0714286"
"2949518220","105332871","0.0714286"
"1505774433","1550492218","9.60644"
"1550492218","1505774433","9.60644"
"1505774433","1552329465","0.273109"
"1552329465","1505774433","0.273109"
"1505774433","1553888417","9.60644"
"1553888417","1505774433","9.60644"
"1505774433","1586636484","0.130252"
"1586636484","1505774433","0.130252"
"1505774433","1916509416","0.380952"
"1916509416","1505774433","0.380952"
"1505774433","1935124154","0.130252"
"1935124154","1505774433","0.130252"
"1505774433","1970797462","0.130252"
"1970797462","1505774433","0.130252"
"1505774433","2008153216","0.0714286"
"2008153216","1505774433","0.0714286"
"1505774433","2061973751","0.130252"
"2061973751","1505774433","0.130252"
"1505774433","2155791097","0.630252"
"2155791097","1505774433","0.630252"
"1505774433","2167089357","0.439776"
"2167089357","1505774433","0.439776"
"1505774433","2293998199","0.130252"
"2293998199","1505774433","0.130252"
"1505774433","2949518220","0.238095"
"2949518220","1505774433","0.238095"
"1550492218","1552329465","0.273109"
"1552329465","1550492218","0.273109"
"1550492218","1553888417","11.6064"
"1553888417","1550492218","11.6064"
"1550492218","1586636484","0.130252"
"1586636484","1550492218","0.130252"
"1550492218","1916509416","0.380952"
"1916509416","1550492218","0.380952"
"1550492218","1935124154","0.130252"
"1935124154","1550492218","0.130252"
"1550492218","1970797462","0.130252"
"1970797462","1550492218","0.130252"
"1550492218","2008153216","0.0714286"
"2008153216","1550492218","0.0714286"
"1550492218","2061973751","0.130252"
"2061973751","1550492218","0.130252"
"1550492218","2155791097","0.630252"
"2155791097","1550492218","0.630252"
"1550492218","2167089357","0.439776"
"2167089357","1550492218","0.439776"
"1550492218","2293998199","0.130252"
"2293998199","1550492218","0.130252"
"1550492218","2949518220","0.238095"
"2949518220","1550492218","0.238095"
"1552329465","1553888417","0.273109"
"1553888417","1552329465","0.273109"
"1552329465","1586636484","6.92668"
"1586636484","1552329465","6.92668"
"1552329465","1916509416","0.535714"
"1916509416","1552329465","0.535714"
"1552329465","1935124154","1.63025"
"1935124154","1552329465","1.63025"
"1552329465","1970797462","1.03859"
"1970797462","1552329465","1.03859"
"1552329465","2008153216","0.367857"
"2008153216","1552329465","0.367857"
"1552329465","2061973751","3.75168"
"2061973751","1552329465","3.75168"
"1552329465","2155791097","0.130252"
"2155791097","1552329465","0.130252"
"1552329465","2167089357","0.473109"
"2167089357","1552329465","0.473109"
"1552329465","2293998199","0.326681"
"2293998199","1552329465","0.326681"
"1552329465","2949518220","0.642857"
"2949518220","1552329465","0.642857"
"1553888417","1586636484","0.130252"
"1586636484","1553888417","0.130252"
"1553888417","1916509416","0.380952"
"1916509416","1553888417","0.380952"
"1553888417","1935124154","0.130252"
"1935124154","1553888417","0.130252"
"1553888417","1970797462","0.130252"
"1970797462","1553888417","0.130252"
"1553888417","2008153216","0.0714286"
"2008153216","1553888417","0.0714286"
"1553888417","2061973751","0.130252"
"2061973751","1553888417","0.130252"
"1553888417","2155791097","0.630252"
"2155791097","1553888417","0.630252"
"1553888417","2167089357","0.439776"
"2167089357","1553888417","0.439776"
"1553888417","2293998199","0.130252"
"2293998199","1553888417","0.130252"
"1553888417","2949518220","0.238095"
"2949518220","1553888417","0.238095"
"1586636484","1916509416","0.267857"
"1916509416","1586636484","0.267857"
"1586636484","1935124154","1.13025"
"1935124154","1586636484","1.13025"
"1586636484","1970797462","0.130252"
"1970797462","1586636484","0.130252"
"1586636484","2008153216","0.367857"
"2008153216","1586636484","0.367857"
"1586636484","2061973751","1.26001"
"2061973751","1586636484","1.26001"
"1586636484","2155791097","0.130252"
"2155791097","1586636484","0.130252"
"1586636484","2167089357","0.130252"
"2167089357","1586636484","0.130252"
"1586636484","2293998199","0.660014"
"2293998199","1586636484","0.660014"
"1586636484","2949518220","0.267857"
"2949518220","1586636484","0.267857"
"1916509416","1935124154","0.0714286"
"1935124154","1916509416","0.0714286"
"1916509416","1970797462","0.196429"
"1970797462","1916509416","0.196429"
"1916509416","2008153216","0.267857"
"2008153216","1916509416","0.267857"
"1916509416","2061973751","0.392857"
"2061973751","1916509416","0.392857"
"1916509416","2155791097","0.238095"
"2155791097","1916509416","0.238095"
"1916509416","2167089357","0.380952"
"2167089357","1916509416","0.380952"
"1916509416","2293998199","0.267857"
"2293998199","1916509416","0.267857"
"1916509416","2949518220","0.559524"
"2949518220","1916509416","0.559524"
"1935124154","1970797462","0.130252"
"1970797462","1935124154","0.130252"
"1935124154","2008153216","0.0714286"
"2008153216","1935124154","0.0714286"
"1935124154","2061973751","0.630252"
"2061973751","1935124154","0.630252"
"1935124154","2155791097","0.130252"
"2155791097","1935124154","0.130252"
"1935124154","2167089357","0.130252"
"2167089357","1935124154","0.130252"
"1935124154","2293998199","0.630252"
"2293998199","1935124154","0.630252"
"1935124154","2949518220","0.0714286"
"2949518220","1935124154","0.0714286"
"1970797462","2061973751","0.455252"
"2061973751","1970797462","0.455252"
"1970797462","2155791097","0.130252"
"2155791097","1970797462","0.130252"
"1970797462","2167089357","0.130252"
"2167089357","1970797462","0.130252"
"1970797462","2949518220","0.446429"
"2949518220","1970797462","0.446429"
"2008153216","2061973751","0.367857"
"2061973751","2008153216","0.367857"
"2008153216","2155791097","0.0714286"
"2155791097","2008153216","0.0714286"
"2008153216","2167089357","0.0714286"
"2167089357","2008153216","0.0714286"
"2008153216","2949518220","0.267857"
"2949518220","2008153216","0.267857"
"2061973751","2155791097","0.130252"
"2155791097","2061973751","0.130252"
"2061973751","2167089357","0.130252"
"2167089357","2061973751","0.130252"
"2061973751","2293998199","0.660014"
"2293998199","2061973751","0.660014"
"2061973751","2949518220","0.392857"
"2949518220","2061973751","0.392857"
"2155791097","2167089357","0.296919"
"2167089357","2155791097","0.296919"
"2155791097","2293998199","0.130252"
"2293998199","2155791097","0.130252"
"2155791097","2949518220","0.238095"
"2949518220","2155791097","0.238095"
"2167089357","2293998199","0.130252"
"2293998199","2167089357","0.130252"
"2167089357","2949518220","0.238095"
"2949518220","2167089357","0.238095"
"2293998199","2949518220","0.267857"
"2949518220","2293998199","0.267857"
"105332871","2095336670","0.558824"
"2095336670","105332871","0.558824"
"105332871","2135128710","0.469935"
"2135128710","105332871","0.469935"
"105332871","2594762439","0.412792"
"2594762439","105332871","0.412792"
"1505774433","2081306377","0.0588235"
"2081306377","1505774433","0.0588235"
"1505774433","2095336670","0.0588235"
"2095336670","1505774433","0.0588235"
"1505774433","2135128710","0.0588235"
"2135128710","1505774433","0.0588235"
"1505774433","2594762439","0.201681"
"2594762439","1505774433","0.201681"
"1505774433","303646557","0.0588235"
"303646557","1505774433","0.0588235"
"1505774433","40377838","0.0588235"
"40377838","1505774433","0.0588235"
"1550492218","2081306377","0.0588235"
"2081306377","1550492218","0.0588235"
"1550492218","2095336670","0.0588235"
"2095336670","1550492218","0.0588235"
"1550492218","2135128710","0.0588235"
"2135128710","1550492218","0.0588235"
"1550492218","2594762439","0.201681"
"2594762439","1550492218","0.201681"
"1550492218","303646557","0.0588235"
"303646557","1550492218","0.0588235"
"1550492218","40377838","0.0588235"
"40377838","1550492218","0.0588235"
"1552329465","2081306377","0.605252"
"2081306377","1552329465","0.605252"
"1552329465","2095336670","0.255252"
"2095336670","1552329465","0.255252"
"1552329465","2135128710","0.483824"
"2135128710","1552329465","0.483824"
"1552329465","2594762439","0.573109"
"2594762439","1552329465","0.573109"
"1552329465","303646557","0.683824"
"303646557","1552329465","0.683824"
"1552329465","40377838","3.26716"
"40377838","1552329465","3.26716"
"1553888417","2081306377","0.0588235"
"2081306377","1553888417","0.0588235"
"1553888417","2095336670","0.0588235"
"2095336670","1553888417","0.0588235"
"1553888417","2135128710","0.0588235"
"2135128710","1553888417","0.0588235"
"1553888417","2594762439","0.201681"
"2594762439","1553888417","0.201681"
"1553888417","303646557","0.0588235"
"303646557","1553888417","0.0588235"
"1553888417","40377838","0.0588235"
"40377838","1553888417","0.0588235"
"1586636484","2081306377","0.230252"
"2081306377","1586636484","0.230252"
"1586636484","2095336670","0.588585"
"2095336670","1586636484","0.588585"
"1586636484","2135128710","0.283824"
"2135128710","1586636484","0.283824"
"1586636484","2594762439","0.230252"
"2594762439","1586636484","0.230252"
"1586636484","303646557","0.158824"
"303646557","1586636484","0.158824"
"1586636484","40377838","0.158824"
"40377838","1586636484","0.158824"
"1935124154","2081306377","0.0588235"
"2081306377","1935124154","0.0588235"
"1935124154","2095336670","2.05882"
"2095336670","1935124154","2.05882"
"1935124154","2135128710","0.558824"
"2135128710","1935124154","0.558824"
"1935124154","2594762439","0.0588235"
"2594762439","1935124154","0.0588235"
"1935124154","303646557","0.0588235"
"303646557","1935124154","0.0588235"
"1935124154","40377838","0.0588235"
"40377838","1935124154","0.0588235"
"1970797462","2095336670","0.558824"
"2095336670","1970797462","0.558824"
"1970797462","2135128710","0.169935"
"2135128710","1970797462","0.169935"
"1970797462","2594762439","0.369935"
"2594762439","1970797462","0.369935"
"1970797462","303646557","0.494935"
"303646557","1970797462","0.494935"
"2061973751","2081306377","0.355252"
"2081306377","2061973751","0.355252"
"2061973751","2095336670","0.731443"
"2095336670","2061973751","0.731443"
"2061973751","2135128710","0.283824"
"2135128710","2061973751","0.283824"
"2061973751","2594762439","0.573109"
"2594762439","2061973751","0.573109"
"2061973751","303646557","0.483824"
"303646557","2061973751","0.483824"
"2061973751","40377838","0.483824"
"40377838","2061973751","0.483824"
"2081306377","2095336670","0.130252"
"2095336670","2081306377","0.130252"
"2081306377","2135128710","0.158824"
"2135128710","2081306377","0.158824"
"2081306377","2155791097","0.0588235"
"2155791097","2081306377","0.0588235"
"2081306377","2167089357","0.0588235"
"2167089357","2081306377","0.0588235"
"2081306377","2594762439","0.230252"
"2594762439","2081306377","0.230252"
"2081306377","303646557","0.783824"
"303646557","2081306377","0.783824"
"2095336670","2135128710","2.68382"
"2135128710","2095336670","2.68382"
"2095336670","2155791097","0.0588235"
"2155791097","2095336670","0.0588235"
"2095336670","2167089357","0.0588235"
"2167089357","2095336670","0.0588235"
"2095336670","2293998199","1.58859"
"2293998199","2095336670","1.58859"
"2095336670","2594762439","0.273109"
"2594762439","2095336670","0.273109"
"2095336670","303646557","0.0588235"
"303646557","2095336670","0.0588235"
"2095336670","40377838","0.558824"
"40377838","2095336670","0.558824"
"2135128710","2155791097","0.0588235"
"2155791097","2135128710","0.0588235"
"2135128710","2167089357","0.358824"
"2167089357","2135128710","0.358824"
"2135128710","2293998199","0.183824"
"2293998199","2135128710","0.183824"
"2135128710","2594762439","1.31993"
"2594762439","2135128710","1.31993"
"2135128710","303646557","1.51993"
"303646557","2135128710","1.51993"
"2135128710","40377838","1.51993"
"40377838","2135128710","1.51993"
"2155791097","2594762439","0.0588235"
"2594762439","2155791097","0.0588235"
"2155791097","303646557","0.0588235"
"303646557","2155791097","0.0588235"
"2155791097","40377838","0.0588235"
"40377838","2155791097","0.0588235"
"2167089357","2594762439","0.301681"
"2594762439","2167089357","0.301681"
"2167089357","303646557","0.358824"
"303646557","2167089357","0.358824"
"2167089357","40377838","0.358824"
"40377838","2167089357","0.358824"
"2293998199","2594762439","0.130252"
"2594762439","2293998199","0.130252"
"2293998199","303646557","0.0588235"
"303646557","2293998199","0.0588235"
"2594762439","303646557","1.51993"
"303646557","2594762439","1.51993"
"2594762439","40377838","1.51993"
"40377838","2594762439","1.51993"
"303646557","40377838","1.84493"
"40377838","303646557","1.84493"
"1916509416","2594762439","0.214286"
"2594762439","1916509416","0.214286"
"105332871","2294330423","0.111111"
"2294330423","105332871","0.111111"
"1877246966","1970797462","0.111111"
"1970797462","1877246966","0.111111"
"1877246966","2008153216","0.777778"
"2008153216","1877246966","0.777778"
"1877246966","2135128710","0.111111"
"2135128710","1877246966","0.111111"
"1877246966","2294330423","0.253968"
"2294330423","1877246966","0.253968"
"1877246966","2594762439","0.253968"
"2594762439","1877246966","0.253968"
"1877246966","303646557","0.111111"
"303646557","1877246966","0.111111"
"1877246966","40377838","0.111111"
"40377838","1877246966","0.111111"
"1970797462","2108610562","0.111111"
"2108610562","1970797462","0.111111"
"1970797462","2294330423","0.111111"
"2294330423","1970797462","0.111111"
"2008153216","2108610562","0.849206"
"2108610562","2008153216","0.849206"
"2008153216","2135128710","0.336111"
"2135128710","2008153216","0.336111"
"2008153216","2294330423","0.18254"
"2294330423","2008153216","0.18254"
"2008153216","2594762439","0.28254"
"2594762439","2008153216","0.28254"
"2008153216","303646557","0.211111"
"303646557","2008153216","0.211111"
"2108610562","2135128710","1.11111"
"2135128710","2108610562","1.11111"
"2108610562","2294330423","0.325397"
"2294330423","2108610562","0.325397"
"2108610562","2594762439","0.325397"
"2594762439","2108610562","0.325397"
"2108610562","303646557","0.111111"
"303646557","2108610562","0.111111"
"2108610562","40377838","0.111111"
"40377838","2108610562","0.111111"
"2135128710","2294330423","0.111111"
"2294330423","2135128710","0.111111"
"2294330423","2594762439","4.19206"
"2594762439","2294330423","4.19206"
"2294330423","303646557","0.111111"
"303646557","2294330423","0.111111"
"2294330423","40377838","0.111111"
"40377838","2294330423","0.111111"
"105332871","1499830268","0.25"
"1499830268","105332871","0.25"
"105332871","2113449115","0.25"
"2113449115","105332871","0.25"
"105332871","2267248661","0.25"
"2267248661","105332871","0.25"
"1499830268","2008153216","0.25"
"2008153216","1499830268","0.25"
"1499830268","2113449115","7.25"
"2113449115","1499830268","7.25"
"1499830268","2267248661","0.916667"
"2267248661","1499830268","0.916667"
"2008153216","2113449115","0.25"
"2113449115","2008153216","0.25"
"2008153216","2267248661","1.25"
"2267248661","2008153216","1.25"
"2113449115","2267248661","3.25"
"2267248661","2113449115","3.25"
"105332871","2165296631","0.1"
"2165296631","105332871","0.1"
"1552329465","2165296631","0.1"
"2165296631","1552329465","0.1"
"1586636484","2165296631","0.1"
"2165296631","1586636484","0.1"
"2008153216","2165296631","0.1"
"2165296631","2008153216","0.1"
"2061973751","2165296631","0.1"
"2165296631","2061973751","0.1"
"2081306377","2165296631","0.1"
"2165296631","2081306377","0.1"
"2135128710","2165296631","0.1"
"2165296631","2135128710","0.1"
"2165296631","2594762439","0.1"
"2594762439","2165296631","0.1"
"2165296631","303646557","0.1"
"303646557","2165296631","0.1"
"2165296631","40377838","0.1"
"40377838","2165296631","0.1"
"1499830268","2085068869","0.166667"
"2085068869","1499830268","0.166667"
"1499830268","2155791097","0.166667"
"2155791097","1499830268","0.166667"
"1499830268","2161812880","0.166667"
"2161812880","1499830268","0.166667"
"1499830268","2394941656","0.166667"
"2394941656","1499830268","0.166667"
"1499830268","2493814015","0.166667"
"2493814015","1499830268","0.166667"
"2085068869","2155791097","0.166667"
"2155791097","2085068869","0.166667"
"2085068869","2161812880","0.666667"
"2161812880","2085068869","0.666667"
"2085068869","2267248661","5.46667"
"2267248661","2085068869","5.46667"
"2085068869","2394941656","0.666667"
"2394941656","2085068869","0.666667"
"2085068869","2493814015","1.06667"
"2493814015","2085068869","1.06667"
"2155791097","2161812880","1.16667"
"2161812880","2155791097","1.16667"
"2155791097","2267248661","0.166667"
"2267248661","2155791097","0.166667"
"2155791097","2394941656","0.166667"
"2394941656","2155791097","0.166667"
"2155791097","2493814015","0.166667"
"2493814015","2155791097","0.166667"
"2161812880","2267248661","1.13333"
"2267248661","2161812880","1.13333"
"2161812880","2394941656","12.7262"
"2394941656","2161812880","12.7262"
"2161812880","2493814015","3.12619"
"2493814015","2161812880","3.12619"
"2267248661","2394941656","1.13333"
"2394941656","2267248661","1.13333"
"2267248661","2493814015","4.36667"
"2493814015","2267248661","4.36667"
"2394941656","2493814015","3.45952"
"2493814015","2394941656","3.45952"
"1499830268","86304850","1"
"86304850","1499830268","1"
"2113449115","86304850","9.17619"
"86304850","2113449115","9.17619"
"1499830268","2011776063","0.5"
"2011776063","1499830268","0.5"
"2011776063","2113449115","0.5"
"2113449115","2011776063","0.5"
"1499830268","2135128710","0.2"
"2135128710","1499830268","0.2"
"1499830268","2405446253","0.2"
"2405446253","1499830268","0.2"
"1499830268","2594762439","0.2"
"2594762439","1499830268","0.2"
"1499830268","303646557","0.2"
"303646557","1499830268","0.2"
"1499830268","40377838","0.2"
"40377838","1499830268","0.2"
"2135128710","2405446253","0.2"
"2405446253","2135128710","0.2"
"2405446253","2594762439","0.2"
"2594762439","2405446253","0.2"
"2405446253","303646557","0.2"
"303646557","2405446253","0.2"
"2405446253","40377838","0.2"
"40377838","2405446253","0.2"
"1499830268","2132474323","1"
"2132474323","1499830268","1"
"1504846120","1592836390","0.166667"
"1592836390","1504846120","0.166667"
"1504846120","2135128710","0.166667"
"2135128710","1504846120","0.166667"
"1504846120","2594762439","0.166667"
"2594762439","1504846120","0.166667"
"1504846120","303646557","0.166667"
"303646557","1504846120","0.166667"
"1504846120","40377838","0.166667"
"40377838","1504846120","0.166667"
"1513846884","1592836390","0.166667"
"1592836390","1513846884","0.166667"
"1513846884","2135128710","0.166667"
"2135128710","1513846884","0.166667"
"1513846884","2594762439","0.166667"
"2594762439","1513846884","0.166667"
"1513846884","303646557","0.166667"
"303646557","1513846884","0.166667"
"1513846884","40377838","0.166667"
"40377838","1513846884","0.166667"
"1592836390","2135128710","0.166667"
"2135128710","1592836390","0.166667"
"1592836390","2594762439","0.166667"
"2594762439","1592836390","0.166667"
"1592836390","303646557","0.166667"
"303646557","1592836390","0.166667"
"1592836390","40377838","0.166667"
"40377838","1592836390","0.166667"
"1504846120","2949518220","0.5"
"2949518220","1504846120","0.5"
"1513846884","2949518220","0.5"
"2949518220","1513846884","0.5"
"1504846120","2165296631","0.5"
"2165296631","1504846120","0.5"
"1513846884","2165296631","1.5"
"2165296631","1513846884","1.5"
"1505774433","2104182540","0.333333"
"2104182540","1505774433","0.333333"
"1550492218","2104182540","0.333333"
"2104182540","1550492218","0.333333"
"1553888417","2104182540","0.333333"
"2104182540","1553888417","0.333333"
"1517109474","2167089357","3.7"
"2167089357","1517109474","3.7"
"1517109474","1786415122","0.7"
"1786415122","1517109474","0.7"
"1517109474","2064671039","0.7"
"2064671039","1517109474","0.7"
"1517109474","2104880135","0.7"
"2104880135","1517109474","0.7"
"1517109474","2164875918","8.2"
"2164875918","1517109474","8.2"
"1786415122","2064671039","16.7"
"2064671039","1786415122","16.7"
"1786415122","2104880135","0.7"
"2104880135","1786415122","0.7"
"1786415122","2164875918","0.2"
"2164875918","1786415122","0.2"
"1786415122","2167089357","1.7"
"2167089357","1786415122","1.7"
"2064671039","2104880135","0.7"
"2104880135","2064671039","0.7"
"2064671039","2164875918","0.7"
"2164875918","2064671039","0.7"
"2064671039","2167089357","2.2"
"2167089357","2064671039","2.2"
"2104880135","2164875918","0.2"
"2164875918","2104880135","0.2"
"2104880135","2167089357","2.7"
"2167089357","2104880135","2.7"
"2164875918","2167089357","1.8"
"2167089357","2164875918","1.8"
"1517109474","2155791097","0.5"
"2155791097","1517109474","0.5"
"2155791097","2164875918","0.5"
"2164875918","2155791097","0.5"
"1517109474","2324414032","1"
"2324414032","1517109474","1"
"1517109474","2157348951","0.5"
"2157348951","1517109474","0.5"
"2157348951","2164875918","0.5"
"2164875918","2157348951","0.5"
"1534137787","2996068027","3.33333"
"2996068027","1534137787","3.33333"
"1534137787","1970797462","0.333333"
"1970797462","1534137787","0.333333"
"1534137787","40377838","0.333333"
"40377838","1534137787","0.333333"
"1970797462","2996068027","1.29167"
"2996068027","1970797462","1.29167"
"2996068027","40377838","1.29167"
"40377838","2996068027","1.29167"
"1534137787","1552329465","1"
"1552329465","1534137787","1"
"2081306377","2949518220","0.446429"
"2949518220","2081306377","0.446429"
"2949518220","40377838","0.375"
"40377838","2949518220","0.375"
"1552329465","2996068027","0.458333"
"2996068027","1552329465","0.458333"
"1552329465","2011776063","0.0714286"
"2011776063","1552329465","0.0714286"
"1552329465","2108610562","0.0714286"
"2108610562","1552329465","0.0714286"
"1552329465","2294330423","0.0714286"
"2294330423","1552329465","0.0714286"
"1552329465","2397421135","0.0714286"
"2397421135","1552329465","0.0714286"
"1552329465","2587203410","0.0714286"
"2587203410","1552329465","0.0714286"
"1586636484","2011776063","0.0714286"
"2011776063","1586636484","0.0714286"
"1586636484","2108610562","0.0714286"
"2108610562","1586636484","0.0714286"
"1586636484","2294330423","0.0714286"
"2294330423","1586636484","0.0714286"
"1586636484","2397421135","0.0714286"
"2397421135","1586636484","0.0714286"
"1586636484","2587203410","0.0714286"
"2587203410","1586636484","0.0714286"
"1916509416","2011776063","0.0714286"
"2011776063","1916509416","0.0714286"
"1916509416","2081306377","0.196429"
"2081306377","1916509416","0.196429"
"1916509416","2095336670","0.196429"
"2095336670","1916509416","0.196429"
"1916509416","2108610562","0.0714286"
"2108610562","1916509416","0.0714286"
"1916509416","2294330423","0.0714286"
"2294330423","1916509416","0.0714286"
"1916509416","2397421135","0.0714286"
"2397421135","1916509416","0.0714286"
"1916509416","2587203410","0.0714286"
"2587203410","1916509416","0.0714286"
"2008153216","2011776063","5.7381"
"2011776063","2008153216","5.7381"
"2008153216","2095336670","0.196429"
"2095336670","2008153216","0.196429"
"2008153216","2397421135","0.0714286"
"2397421135","2008153216","0.0714286"
"2008153216","2587203410","0.0714286"
"2587203410","2008153216","0.0714286"
"2011776063","2061973751","0.0714286"
"2061973751","2011776063","0.0714286"
"2011776063","2081306377","0.0714286"
"2081306377","2011776063","0.0714286"
"2011776063","2095336670","0.0714286"
"2095336670","2011776063","0.0714286"
"2011776063","2108610562","0.738095"
"2108610562","2011776063","0.738095"
"2011776063","2293998199","0.0714286"
"2293998199","2011776063","0.0714286"
"2011776063","2294330423","0.0714286"
"2294330423","2011776063","0.0714286"
"2011776063","2397421135","0.0714286"
"2397421135","2011776063","0.0714286"
"2011776063","2587203410","0.0714286"
"2587203410","2011776063","0.0714286"
"2011776063","2594762439","0.0714286"
"2594762439","2011776063","0.0714286"
"2011776063","2949518220","0.0714286"
"2949518220","2011776063","0.0714286"
"2061973751","2108610562","0.214286"
"2108610562","2061973751","0.214286"
"2061973751","2294330423","0.214286"
"2294330423","2061973751","0.214286"
"2061973751","2397421135","0.0714286"
"2397421135","2061973751","0.0714286"
"2061973751","2587203410","0.0714286"
"2587203410","2061973751","0.0714286"
"2081306377","2108610562","0.0714286"
"2108610562","2081306377","0.0714286"
"2081306377","2294330423","0.0714286"
"2294330423","2081306377","0.0714286"
"2081306377","2397421135","0.0714286"
"2397421135","2081306377","0.0714286"
"2081306377","2587203410","0.0714286"
"2587203410","2081306377","0.0714286"
"2095336670","2108610562","1.21429"
"2108610562","2095336670","1.21429"
"2095336670","2294330423","0.214286"
"2294330423","2095336670","0.214286"
"2095336670","2397421135","0.0714286"
"2397421135","2095336670","0.0714286"
"2095336670","2587203410","0.0714286"
"2587203410","2095336670","0.0714286"
"2095336670","2949518220","0.196429"
"2949518220","2095336670","0.196429"
"2108610562","2293998199","0.0714286"
"2293998199","2108610562","0.0714286"
"2108610562","2397421135","0.0714286"
"2397421135","2108610562","0.0714286"
"2108610562","2587203410","0.0714286"
"2587203410","2108610562","0.0714286"
"2108610562","2949518220","0.0714286"
"2949518220","2108610562","0.0714286"
"2293998199","2294330423","0.0714286"
"2294330423","2293998199","0.0714286"
"2293998199","2397421135","0.0714286"
"2397421135","2293998199","0.0714286"
"2293998199","2587203410","0.0714286"
"2587203410","2293998199","0.0714286"
"2294330423","2397421135","0.821429"
"2397421135","2294330423","0.821429"
"2294330423","2587203410","1.77143"
"2587203410","2294330423","1.77143"
"2294330423","2949518220","0.0714286"
"2949518220","2294330423","0.0714286"
"2397421135","2587203410","0.821429"
"2587203410","2397421135","0.821429"
"2397421135","2594762439","0.821429"
"2594762439","2397421135","0.821429"
"2397421135","2949518220","0.0714286"
"2949518220","2397421135","0.0714286"
"2587203410","2594762439","2.1881"
"2594762439","2587203410","2.1881"
"2587203410","2949518220","0.0714286"
"2949518220","2587203410","0.0714286"
"2594762439","2949518220","0.0714286"
"2949518220","2594762439","0.0714286"
"1916509416","2135128710","0.125"
"2135128710","1916509416","0.125"
"2135128710","2949518220","0.125"
"2949518220","2135128710","0.125"
"1916509416","2996068027","0.125"
"2996068027","1916509416","0.125"
"1916509416","303646557","0.125"
"303646557","1916509416","0.125"
"1916509416","40377838","0.125"
"40377838","1916509416","0.125"
"2061973751","2996068027","0.125"
"2996068027","2061973751","0.125"
"2081306377","2996068027","0.125"
"2996068027","2081306377","0.125"
"2949518220","2996068027","0.125"
"2996068027","2949518220","0.125"
"2949518220","303646557","0.125"
"303646557","2949518220","0.125"
"2996068027","303646557","0.125"
"303646557","2996068027","0.125"
"1553888417","2104880135","1"
"2104880135","1553888417","1"
"1554330695","2113449115","1.33333"
"2113449115","1554330695","1.33333"
"1554330695","2132474323","0.333333"
"2132474323","1554330695","0.333333"
"1554330695","86304850","0.333333"
"86304850","1554330695","0.333333"
"2113449115","2132474323","0.97619"
"2132474323","2113449115","0.97619"
"2132474323","86304850","5.05952"
"86304850","2132474323","5.05952"
"1554330695","2085068869","1"
"2085068869","1554330695","1"
"1586636484","2109507860","1"
"2109507860","1586636484","1"
"1592836390","2061973751","1"
"2061973751","1592836390","1"
"1592836390","2167089357","0.5"
"2167089357","1592836390","0.5"
"1592836390","2785621229","0.5"
"2785621229","1592836390","0.5"
"2167089357","2785621229","0.5"
"2785621229","2167089357","0.5"
"1624696364","2565409640","1"
"2565409640","1624696364","1"
"1624696364","2724727383","1"
"2724727383","1624696364","1"
"2565409640","2724727383","14.1167"
"2724727383","2565409640","14.1167"
"1624696364","2397421135","0.5"
"2397421135","1624696364","0.5"
"1624696364","2785621229","0.5"
"2785621229","1624696364","0.5"
"2397421135","2565409640","1.25"
"2565409640","2397421135","1.25"
"2397421135","2724727383","0.75"
"2724727383","2397421135","0.75"
"2397421135","2785621229","1.25"
"2785621229","2397421135","1.25"
"2565409640","2785621229","1.25"
"2785621229","2565409640","1.25"
"2724727383","2785621229","0.75"
"2785621229","2724727383","0.75"
"1877246966","2011776063","0.666667"
"2011776063","1877246966","0.666667"
"1877246966","2061973751","0.142857"
"2061973751","1877246966","0.142857"
"1877246966","2095336670","0.142857"
"2095336670","1877246966","0.142857"
"1877246966","2794202001","0.142857"
"2794202001","1877246966","0.142857"
"1877246966","2886694309","0.142857"
"2886694309","1877246966","0.142857"
"2061973751","2794202001","0.142857"
"2794202001","2061973751","0.142857"
"2061973751","2886694309","0.142857"
"2886694309","2061973751","0.142857"
"2095336670","2794202001","0.142857"
"2794202001","2095336670","0.142857"
"2095336670","2886694309","0.142857"
"2886694309","2095336670","0.142857"
"2108610562","2794202001","1.14286"
"2794202001","2108610562","1.14286"
"2108610562","2886694309","0.142857"
"2886694309","2108610562","0.142857"
"2294330423","2794202001","1.25952"
"2794202001","2294330423","1.25952"
"2294330423","2886694309","0.309524"
"2886694309","2294330423","0.309524"
"2594762439","2794202001","1.25952"
"2794202001","2594762439","1.25952"
"2594762439","2886694309","0.809524"
"2886694309","2594762439","0.809524"
"2794202001","2886694309","3.30952"
"2886694309","2794202001","3.30952"
"1970797462","2164875918","1"
"2164875918","1970797462","1"
"2030392694","2108610562","1"
"2108610562","2030392694","1"
"2061973751","2622921428","1"
"2622921428","2061973751","1"
"2061973751","2724727383","1"
"2724727383","2061973751","1"
"2085068869","2132474323","1.6"
"2132474323","2085068869","1.6"
"2132474323","2267248661","2.1"
"2267248661","2132474323","2.1"
"2085068869","2113449115","1.2"
"2113449115","2085068869","1.2"
"2085068869","86304850","2.4"
"86304850","2085068869","2.4"
"2113449115","2161812880","0.842857"
"2161812880","2113449115","0.842857"
"2113449115","2394941656","0.842857"
"2394941656","2113449115","0.842857"
"2113449115","2493814015","3.84286"
"2493814015","2113449115","3.84286"
"2161812880","86304850","5.45952"
"86304850","2161812880","5.45952"
"2394941656","86304850","4.79286"
"86304850","2394941656","4.79286"
"2493814015","86304850","18.7929"
"86304850","2493814015","18.7929"
"2085068869","2135128710","0.1"
"2135128710","2085068869","0.1"
"2085068869","2164875918","0.1"
"2164875918","2085068869","0.1"
"2085068869","2167089357","0.1"
"2167089357","2085068869","0.1"
"2085068869","2594762439","0.1"
"2594762439","2085068869","0.1"
"2085068869","303646557","0.1"
"303646557","2085068869","0.1"
"2085068869","40377838","0.1"
"40377838","2085068869","0.1"
"2132474323","2135128710","0.1"
"2135128710","2132474323","0.1"
"2132474323","2161812880","0.82619"
"2161812880","2132474323","0.82619"
"2132474323","2164875918","0.1"
"2164875918","2132474323","0.1"
"2132474323","2167089357","0.1"
"2167089357","2132474323","0.1"
"2132474323","2394941656","0.82619"
"2394941656","2132474323","0.82619"
"2132474323","2594762439","0.1"
"2594762439","2132474323","0.1"
"2132474323","303646557","0.1"
"303646557","2132474323","0.1"
"2132474323","40377838","0.1"
"40377838","2132474323","0.1"
"2135128710","2161812880","0.1"
"2161812880","2135128710","0.1"
"2135128710","2164875918","0.1"
"2164875918","2135128710","0.1"
"2135128710","2267248661","0.35"
"2267248661","2135128710","0.35"
"2135128710","2394941656","0.1"
"2394941656","2135128710","0.1"
"2161812880","2164875918","0.1"
"2164875918","2161812880","0.1"
"2161812880","2167089357","0.1"
"2167089357","2161812880","0.1"
"2161812880","2594762439","0.1"
"2594762439","2161812880","0.1"
"2161812880","303646557","0.1"
"303646557","2161812880","0.1"
"2161812880","40377838","0.1"
"40377838","2161812880","0.1"
"2164875918","2267248661","0.1"
"2267248661","2164875918","0.1"
"2164875918","2394941656","0.1"
"2394941656","2164875918","0.1"
"2164875918","2594762439","0.1"
"2594762439","2164875918","0.1"
"2164875918","303646557","0.1"
"303646557","2164875918","0.1"
"2164875918","40377838","0.1"
"40377838","2164875918","0.1"
"2167089357","2267248661","0.1"
"2267248661","2167089357","0.1"
"2167089357","2394941656","0.433333"
"2394941656","2167089357","0.433333"
"2267248661","2594762439","0.35"
"2594762439","2267248661","0.35"
"2267248661","303646557","0.35"
"303646557","2267248661","0.35"
"2267248661","40377838","0.35"
"40377838","2267248661","0.35"
"2394941656","2594762439","0.1"
"2594762439","2394941656","0.1"
"2394941656","303646557","0.1"
"303646557","2394941656","0.1"
"2394941656","40377838","0.1"
"40377838","2394941656","0.1"
"2267248661","86304850","2.36667"
"86304850","2267248661","2.36667"
"2113449115","2157348951","0.142857"
"2157348951","2113449115","0.142857"
"2113449115","2980366979","0.142857"
"2980366979","2113449115","0.142857"
"2132474323","2157348951","0.142857"
"2157348951","2132474323","0.142857"
"2132474323","2493814015","0.392857"
"2493814015","2132474323","0.392857"
"2132474323","2980366979","0.142857"
"2980366979","2132474323","0.142857"
"2157348951","2161812880","0.142857"
"2161812880","2157348951","0.142857"
"2157348951","2394941656","0.142857"
"2394941656","2157348951","0.142857"
"2157348951","2493814015","0.142857"
"2493814015","2157348951","0.142857"
"2157348951","2980366979","0.142857"
"2980366979","2157348951","0.142857"
"2157348951","86304850","0.142857"
"86304850","2157348951","0.142857"
"2161812880","2980366979","0.142857"
"2980366979","2161812880","0.142857"
"2394941656","2980366979","0.142857"
"2980366979","2394941656","0.142857"
"2493814015","2980366979","0.142857"
"2980366979","2493814015","0.142857"
"2980366979","86304850","0.142857"
"86304850","2980366979","0.142857"
"2155791097","2169741079","1"
"2169741079","2155791097","1"
"2157348951","2324414032","1"
"2324414032","2157348951","1"
"2157348951","2766373024","0.5"
"2766373024","2157348951","0.5"
"2157348951","2982365701","0.5"
"2982365701","2157348951","0.5"
"2766373024","2982365701","8.83333"
"2982365701","2766373024","8.83333"
"2165296631","2293998199","1"
"2293998199","2165296631","1"
"2167089357","2493814015","0.333333"
"2493814015","2167089357","0.333333"
"2167089357","86304850","0.333333"
"86304850","2167089357","0.333333"
"2267248661","2754371050","1"
"2754371050","2267248661","1"
"2294330423","2622921428","0.333333"
"2622921428","2294330423","0.333333"
"2294330423","2785621229","0.333333"
"2785621229","2294330423","0.333333"
"2587203410","2622921428","0.583333"
"2622921428","2587203410","0.583333"
"2587203410","2785621229","0.333333"
"2785621229","2587203410","0.333333"
"2622921428","2785621229","1.58333"
"2785621229","2622921428","1.58333"
"2397421135","2794202001","0.75"
"2794202001","2397421135","0.75"
"2587203410","2794202001","2.11667"
"2794202001","2587203410","2.11667"
"2294330423","2565409640","0.616667"
"2565409640","2294330423","0.616667"
"2294330423","2724727383","1.11667"
"2724727383","2294330423","1.11667"
"2565409640","2587203410","0.866667"
"2587203410","2565409640","0.866667"
"2565409640","2594762439","0.866667"
"2594762439","2565409640","0.866667"
"2587203410","2724727383","0.866667"
"2724727383","2587203410","0.866667"
"2594762439","2724727383","1.36667"
"2724727383","2594762439","1.36667"
"2565409640","2794202001","0.366667"
"2794202001","2565409640","0.366667"
"2724727383","2794202001","0.366667"
"2794202001","2724727383","0.366667"
"2565409640","2886694309","0.166667"
"2886694309","2565409640","0.166667"
"2587203410","2886694309","2.79167"
"2886694309","2587203410","2.79167"
"2724727383","2886694309","0.166667"
"2886694309","2724727383","0.166667"
"2394941656","2754371050","1"
"2754371050","2394941656","1"
"2397421135","2622921428","0.25"
"2622921428","2397421135","0.25"
"2565409640","2622921428","4.5"
"2622921428","2565409640","4.5"
"2622921428","2724727383","6.5"
"2724727383","2622921428","6.5"
"2528207313","2561007209","1.79167"
"2561007209","2528207313","1.79167"
"2528207313","2587203410","0.125"
"2587203410","2528207313","0.125"
"2528207313","2620827409","4.375"
"2620827409","2528207313","4.375"
"2528207313","2624436032","0.541667"
"2624436032","2528207313","0.541667"
"2528207313","2742413689","6.875"
"2742413689","2528207313","6.875"
"2528207313","2886694309","0.125"
"2886694309","2528207313","0.125"
"2528207313","2963052468","1.625"
"2963052468","2528207313","1.625"
"2528207313","3008887693","0.375"
"3008887693","2528207313","0.375"
"2561007209","2587203410","0.125"
"2587203410","2561007209","0.125"
"2561007209","2620827409","10.2917"
"2620827409","2561007209","10.2917"
"2561007209","2624436032","0.291667"
"2624436032","2561007209","0.291667"
"2561007209","2742413689","1.79167"
"2742413689","2561007209","1.79167"
"2561007209","2886694309","0.125"
"2886694309","2561007209","0.125"
"2561007209","2963052468","0.291667"
"2963052468","2561007209","0.291667"
"2561007209","3008887693","0.125"
"3008887693","2561007209","0.125"
"2587203410","2620827409","0.625"
"2620827409","2587203410","0.625"
"2587203410","2624436032","0.125"
"2624436032","2587203410","0.125"
"2587203410","2742413689","0.125"
"2742413689","2587203410","0.125"
"2587203410","2963052468","0.625"
"2963052468","2587203410","0.625"
"2587203410","3008887693","0.125"
"3008887693","2587203410","0.125"
"2620827409","2624436032","4.79167"
"2624436032","2620827409","4.79167"
"2620827409","2742413689","3.625"
"2742413689","2620827409","3.625"
"2620827409","2886694309","0.458333"
"2886694309","2620827409","0.458333"
"2620827409","2963052468","1.45833"
"2963052468","2620827409","1.45833"
"2620827409","3008887693","0.625"
"3008887693","2620827409","0.625"
"2624436032","2742413689","1.29167"
"2742413689","2624436032","1.29167"
"2624436032","2886694309","0.125"
"2886694309","2624436032","0.125"
"2624436032","2963052468","0.791667"
"2963052468","2624436032","0.791667"
"2624436032","3008887693","1.625"
"3008887693","2624436032","1.625"
"2742413689","2886694309","0.125"
"2886694309","2742413689","0.125"
"2742413689","2963052468","2.125"
"2963052468","2742413689","2.125"
"2742413689","3008887693","0.625"
"3008887693","2742413689","0.625"
"2886694309","2963052468","0.458333"
"2963052468","2886694309","0.458333"
