"1509932388","1532295511","10.5833"
"1532295511","1509932388","10.5833"
"1509932388","1981449595","0.25"
"1981449595","1509932388","0.25"
"1509932388","2163987593","0.392857"
"2163987593","1509932388","0.392857"
"1509932388","2399996762","0.392857"
"2399996762","1509932388","0.392857"
"1532295511","1981449595","0.25"
"1981449595","1532295511","0.25"
"1532295511","2163987593","0.45"
"2163987593","1532295511","0.45"
"1532295511","2399996762","0.25"
"2399996762","1532295511","0.25"
"1981449595","2163987593","8.45952"
"2163987593","1981449595","8.45952"
"1981449595","2399996762","3.29286"
"2399996762","1981449595","3.29286"
"2163987593","2399996762","3.23571"
"2399996762","2163987593","3.23571"
"1509932388","2760766522","1"
"2760766522","1509932388","1"
"1509932388","1594328958","0.47619"
"1594328958","1509932388","0.47619"
"1509932388","2132182344","0.142857"
"2132182344","1509932388","0.142857"
"1509932388","2159373262","0.142857"
"2159373262","1509932388","0.142857"
"1509932388","2169819155","0.142857"
"2169819155","1509932388","0.142857"
"1509932388","2730189116","0.142857"
"2730189116","1509932388","0.142857"
"1594328958","2132182344","2.22619"
"2132182344","1594328958","2.22619"
"1594328958","2159373262","0.142857"
"2159373262","1594328958","0.142857"
"1594328958","2163987593","0.142857"
"2163987593","1594328958","0.142857"
"1594328958","2169819155","0.142857"
"2169819155","1594328958","0.142857"
"1594328958","2399996762","0.142857"
"2399996762","1594328958","0.142857"
"1594328958","2730189116","0.142857"
"2730189116","1594328958","0.142857"
"2132182344","2159373262","0.142857"
"2159373262","2132182344","0.142857"
"2132182344","2163987593","0.142857"
"2163987593","2132182344","0.142857"
"2132182344","2169819155","0.142857"
"2169819155","2132182344","0.142857"
"2132182344","2399996762","0.142857"
"2399996762","2132182344","0.142857"
"2132182344","2730189116","0.142857"
"2730189116","2132182344","0.142857"
"2159373262","2163987593","1.48571"
"2163987593","2159373262","1.48571"
"2159373262","2169819155","0.642857"
"2169819155","2159373262","0.642857"
"2159373262","2399996762","2.73571"
"2399996762","2159373262","2.73571"
"2159373262","2730189116","0.142857"
"2730189116","2159373262","0.142857"
"2163987593","2169819155","0.142857"
"2169819155","2163987593","0.142857"
"2163987593","2730189116","0.142857"
"2730189116","2163987593","0.142857"
"2169819155","2399996762","0.642857"
"2399996762","2169819155","0.642857"
"2169819155","2730189116","1.14286"
"2730189116","2169819155","1.14286"
"2399996762","2730189116","0.142857"
"2730189116","2399996762","0.142857"
"1509932388","1654227282","0.5"
"1654227282","1509932388","0.5"
"1532295511","1654227282","1.01786"
"1654227282","1532295511","1.01786"
"1509932388","1567039325","2.83333"
"1567039325","1509932388","2.83333"
"1509932388","1529637276","0.333333"
"1529637276","1509932388","0.333333"
"1509932388","1555936145","0.333333"
"1555936145","1509932388","0.333333"
"1529637276","1532295511","0.333333"
"1532295511","1529637276","0.333333"
"1529637276","1555936145","0.333333"
"1555936145","1529637276","0.333333"
"1532295511","1555936145","0.333333"
"1555936145","1532295511","0.333333"
"1509932388","1658032532","0.333333"
"1658032532","1509932388","0.333333"
"1567039325","1594328958","2.66667"
"1594328958","1567039325","2.66667"
"1567039325","1658032532","0.333333"
"1658032532","1567039325","0.333333"
"1594328958","1658032532","0.333333"
"1658032532","1594328958","0.333333"
"1532295511","1567039325","3.825"
"1567039325","1532295511","3.825"
"1509932388","2508820885","1"
"2508820885","1509932388","1"
"1529637276","2395490828","1"
"2395490828","1529637276","1"
"1532295511","1976385711","1.575"
"1976385711","1532295511","1.575"
"1532295511","1658032532","1"
"1658032532","1532295511","1"
"1532295511","1598127773","0.517857"
"1598127773","1532295511","0.517857"
"1532295511","2100705134","0.517857"
"2100705134","1532295511","0.517857"
"1532295511","2169819155","0.125"
"2169819155","1532295511","0.125"
"1532295511","2508820885","0.125"
"2508820885","1532295511","0.125"
"1532295511","2885168296","0.125"
"2885168296","1532295511","0.125"
"1567039325","1598127773","0.458333"
"1598127773","1567039325","0.458333"
"1567039325","1654227282","0.958333"
"1654227282","1567039325","0.958333"
"1567039325","1976385711","1.325"
"1976385711","1567039325","1.325"
"1567039325","2100705134","1.45833"
"2100705134","1567039325","1.45833"
"1567039325","2169819155","0.125"
"2169819155","1567039325","0.125"
"1567039325","2508820885","0.125"
"2508820885","1567039325","0.125"
"1567039325","2885168296","0.125"
"2885168296","1567039325","0.125"
"1598127773","1654227282","2.18452"
"1654227282","1598127773","2.18452"
"1598127773","1976385711","0.375"
"1976385711","1598127773","0.375"
"1598127773","2100705134","2.43452"
"2100705134","1598127773","2.43452"
"1598127773","2169819155","0.125"
"2169819155","1598127773","0.125"
"1598127773","2508820885","0.125"
"2508820885","1598127773","0.125"
"1598127773","2885168296","2.29167"
"2885168296","1598127773","2.29167"
"1654227282","1976385711","0.375"
"1976385711","1654227282","0.375"
"1654227282","2100705134","8.96786"
"2100705134","1654227282","8.96786"
"1654227282","2169819155","0.125"
"2169819155","1654227282","0.125"
"1654227282","2508820885","1.125"
"2508820885","1654227282","1.125"
"1654227282","2885168296","0.325"
"2885168296","1654227282","0.325"
"1976385711","2100705134","0.875"
"2100705134","1976385711","0.875"
"1976385711","2169819155","0.125"
"2169819155","1976385711","0.125"
"1976385711","2508820885","0.125"
"2508820885","1976385711","0.125"
"1976385711","2885168296","1.125"
"2885168296","1976385711","1.125"
"2100705134","2169819155","0.125"
"2169819155","2100705134","0.125"
"2100705134","2508820885","0.125"
"2508820885","2100705134","0.125"
"2100705134","2885168296","1.325"
"2885168296","2100705134","1.325"
"2169819155","2508820885","0.125"
"2508820885","2169819155","0.125"
"2169819155","2885168296","0.125"
"2885168296","2169819155","0.125"
"2508820885","2885168296","0.625"
"2885168296","2508820885","0.625"
"1532295511","1749356367","0.142857"
"1749356367","1532295511","0.142857"
"1532295511","1897618420","0.142857"
"1897618420","1532295511","0.142857"
"1532295511","2159373262","0.142857"
"2159373262","1532295511","0.142857"
"1532295511","2699614121","0.142857"
"2699614121","1532295511","0.142857"
"1598127773","1749356367","0.142857"
"1749356367","1598127773","0.142857"
"1598127773","1897618420","2.22619"
"1897618420","1598127773","2.22619"
"1598127773","2159373262","0.142857"
"2159373262","1598127773","0.142857"
"1598127773","2699614121","1.39286"
"2699614121","1598127773","1.39286"
"1654227282","1749356367","0.142857"
"1749356367","1654227282","0.142857"
"1654227282","1897618420","5.59286"
"1897618420","1654227282","5.59286"
"1654227282","2159373262","0.642857"
"2159373262","1654227282","0.642857"
"1654227282","2699614121","0.92619"
"2699614121","1654227282","0.92619"
"1749356367","1897618420","0.142857"
"1897618420","1749356367","0.142857"
"1749356367","2100705134","0.142857"
"2100705134","1749356367","0.142857"
"1749356367","2159373262","0.642857"
"2159373262","1749356367","0.642857"
"1749356367","2699614121","0.142857"
"2699614121","1749356367","0.142857"
"1897618420","2100705134","3.34286"
"2100705134","1897618420","3.34286"
"1897618420","2159373262","0.142857"
"2159373262","1897618420","0.142857"
"1897618420","2699614121","3.00952"
"2699614121","1897618420","3.00952"
"2100705134","2159373262","0.785714"
"2159373262","2100705134","0.785714"
"2100705134","2699614121","2.50952"
"2699614121","2100705134","2.50952"
"2159373262","2699614121","0.142857"
"2699614121","2159373262","0.142857"
"1532295511","2510217173","1.2"
"2510217173","1532295511","1.2"
"1532295511","2296362039","0.2"
"2296362039","1532295511","0.2"
"1567039325","2163987593","0.7"
"2163987593","1567039325","0.7"
"1567039325","2296362039","0.7"
"2296362039","1567039325","0.7"
"1567039325","2510217173","0.2"
"2510217173","1567039325","0.2"
"1976385711","2163987593","0.2"
"2163987593","1976385711","0.2"
"1976385711","2296362039","0.2"
"2296362039","1976385711","0.2"
"1976385711","2510217173","0.2"
"2510217173","1976385711","0.2"
"2163987593","2296362039","0.2"
"2296362039","2163987593","0.2"
"2163987593","2510217173","0.2"
"2510217173","2163987593","0.2"
"2296362039","2510217173","1.03333"
"2510217173","2296362039","1.03333"
"1532295511","2395490828","1"
"2395490828","1532295511","1"
"1555936145","2399996762","2"
"2399996762","1555936145","2"
"1555936145","2296362039","1"
"2296362039","1555936145","1"
"1555936145","1972470324","1"
"1972470324","1555936145","1"
"1555936145","2147745629","0.5"
"2147745629","1555936145","0.5"
"1555936145","2531300081","0.5"
"2531300081","1555936145","0.5"
"2147745629","2531300081","0.5"
"2531300081","2147745629","0.5"
"1567039325","2577421826","0.5"
"2577421826","1567039325","0.5"
"2296362039","2577421826","9.58333"
"2577421826","2296362039","9.58333"
"1567039325","2159373262","0.5"
"2159373262","1567039325","0.5"
"1567039325","1972470324","0.333333"
"1972470324","1567039325","0.333333"
"1567039325","2132182344","1.33333"
"2132182344","1567039325","1.33333"
"1594328958","1972470324","1.08333"
"1972470324","1594328958","1.08333"
"1972470324","2132182344","1.08333"
"2132182344","1972470324","1.08333"
"1567039325","1749356367","2"
"1749356367","1567039325","2"
"1567039325","2699614121","0.5"
"2699614121","1567039325","0.5"
"1976385711","2699614121","0.5"
"2699614121","1976385711","0.5"
"1594328958","2296362039","0.25"
"2296362039","1594328958","0.25"
"1594328958","2577421826","0.25"
"2577421826","1594328958","0.25"
"1972470324","2296362039","0.25"
"2296362039","1972470324","0.25"
"1972470324","2577421826","0.25"
"2577421826","1972470324","0.25"
"2132182344","2296362039","0.25"
"2296362039","2132182344","0.25"
"2132182344","2577421826","0.25"
"2577421826","2132182344","0.25"
"1598127773","2147745629","0.583333"
"2147745629","1598127773","0.583333"
"1897618420","2147745629","8.7"
"2147745629","1897618420","8.7"
"2100705134","2147745629","2.53333"
"2147745629","2100705134","2.53333"
"2147745629","2699614121","1.53333"
"2699614121","2147745629","1.53333"
"1897618420","2885168296","1.7"
"2885168296","1897618420","1.7"
"2699614121","2885168296","8.7"
"2885168296","2699614121","8.7"
"1654227282","2147745629","6.11667"
"2147745629","1654227282","6.11667"
"2147745629","2885168296","1.03333"
"2885168296","2147745629","1.03333"
"1658032532","2022860157","2.78333"
"2022860157","1658032532","2.78333"
"1658032532","2064764499","1.78333"
"2064764499","1658032532","1.78333"
"1658032532","2159373262","1.15"
"2159373262","1658032532","1.15"
"1658032532","2399996762","0.95"
"2399996762","1658032532","0.95"
"2022860157","2064764499","17.95"
"2064764499","2022860157","17.95"
"2022860157","2159373262","0.783333"
"2159373262","2022860157","0.783333"
"2022860157","2399996762","0.45"
"2399996762","2022860157","0.45"
"2064764499","2159373262","0.783333"
"2159373262","2064764499","0.783333"
"2064764499","2399996762","0.45"
"2399996762","2064764499","0.45"
"1658032532","1749356367","0.333333"
"1749356367","1658032532","0.333333"
"1749356367","2022860157","0.666667"
"2022860157","1749356367","0.666667"
"1749356367","2064764499","0.666667"
"2064764499","1749356367","0.666667"
"1658032532","1981449595","0.4"
"1981449595","1658032532","0.4"
"1658032532","2000245583","0.2"
"2000245583","1658032532","0.2"
"1658032532","2163987593","1.2"
"2163987593","1658032532","1.2"
"1658032532","2515070993","0.2"
"2515070993","1658032532","0.2"
"1981449595","2000245583","0.87619"
"2000245583","1981449595","0.87619"
"1981449595","2159373262","1.04286"
"2159373262","1981449595","1.04286"
"1981449595","2515070993","1.87619"
"2515070993","1981449595","1.87619"
"2000245583","2159373262","0.342857"
"2159373262","2000245583","0.342857"
"2000245583","2163987593","3.87619"
"2163987593","2000245583","3.87619"
"2000245583","2515070993","1.87619"
"2515070993","2000245583","1.87619"
"2159373262","2515070993","0.342857"
"2515070993","2159373262","0.342857"
"2163987593","2515070993","2.37619"
"2515070993","2163987593","2.37619"
"1981449595","2022860157","0.2"
"2022860157","1981449595","0.2"
"1981449595","2064764499","0.2"
"2064764499","1981449595","0.2"
"1749356367","2510217173","0.5"
"2510217173","1749356367","0.5"
"2159373262","2510217173","0.5"
"2510217173","2159373262","0.5"
"1749356367","2531300081","7.33333"
"2531300081","1749356367","7.33333"
"1749356367","2395490828","1"
"2395490828","1749356367","1"
"2022860157","2531300081","0.333333"
"2531300081","2022860157","0.333333"
"2064764499","2531300081","0.333333"
"2531300081","2064764499","0.333333"
"1972470324","1981449595","0.342857"
"1981449595","1972470324","0.342857"
"1972470324","2000245583","0.342857"
"2000245583","1972470324","0.342857"
"1972470324","2100705134","0.142857"
"2100705134","1972470324","0.142857"
"1972470324","2159373262","0.142857"
"2159373262","1972470324","0.142857"
"1972470324","2163987593","0.342857"
"2163987593","1972470324","0.342857"
"1972470324","2399996762","0.342857"
"2399996762","1972470324","0.342857"
"1972470324","2515070993","0.342857"
"2515070993","1972470324","0.342857"
"1981449595","2100705134","0.142857"
"2100705134","1981449595","0.142857"
"2000245583","2100705134","0.142857"
"2100705134","2000245583","0.142857"
"2000245583","2399996762","0.342857"
"2399996762","2000245583","0.342857"
"2100705134","2163987593","0.142857"
"2163987593","2100705134","0.142857"
"2100705134","2399996762","0.142857"
"2399996762","2100705134","0.142857"
"2100705134","2515070993","0.142857"
"2515070993","2100705134","0.142857"
"2399996762","2515070993","0.842857"
"2515070993","2399996762","0.842857"
"1976385711","2399996762","0.5"
"2399996762","1976385711","0.5"
"1976385711","2515070993","0.5"
"2515070993","1976385711","0.5"
"1981449595","2531300081","0.333333"
"2531300081","1981449595","0.333333"
"1981449595","2577421826","0.333333"
"2577421826","1981449595","0.333333"
"2163987593","2531300081","0.333333"
"2531300081","2163987593","0.333333"
"2163987593","2577421826","0.333333"
"2577421826","2163987593","0.333333"
"2531300081","2577421826","0.333333"
"2577421826","2531300081","0.333333"
"1981449595","2760766522","1"
"2760766522","1981449595","1"
"2000245583","2889334754","1"
"2889334754","2000245583","1"
"2022860157","2169819155","0.5"
"2169819155","2022860157","0.5"
"2064764499","2169819155","1.5"
"2169819155","2064764499","1.5"
"2022860157","2885168296","0.333333"
"2885168296","2022860157","0.333333"
"2064764499","2885168296","0.333333"
"2885168296","2064764499","0.333333"
"2159373262","2885168296","1.33333"
"2885168296","2159373262","1.33333"
"2054124922","2699614121","3.5"
"2699614121","2054124922","3.5"
"2054124922","2147745629","1.5"
"2147745629","2054124922","1.5"
"2054124922","2508820885","1.5"
"2508820885","2054124922","1.5"
"2054124922","2885168296","0.5"
"2885168296","2054124922","0.5"
"2159373262","2760766522","1"
"2760766522","2159373262","1"
"2163987593","2760766522","0.5"
"2760766522","2163987593","0.5"
"2515070993","2760766522","0.5"
"2760766522","2515070993","0.5"
"2169819155","2760766522","1"
"2760766522","2169819155","1"
"2296362039","2399996762","0.333333"
"2399996762","2296362039","0.333333"
"2296362039","2531300081","0.333333"
"2531300081","2296362039","0.333333"
"2296362039","2760766522","0.333333"
"2760766522","2296362039","0.333333"
"2399996762","2531300081","0.333333"
"2531300081","2399996762","0.333333"
"2399996762","2760766522","0.333333"
"2760766522","2399996762","0.333333"
"2531300081","2760766522","0.333333"
"2760766522","2531300081","0.333333"
"2510217173","2577421826","2.83333"
"2577421826","2510217173","2.83333"
"2296362039","2508820885","1.33333"
"2508820885","2296362039","1.33333"
"2508820885","2577421826","1.33333"
"2577421826","2508820885","1.33333"
"2508820885","2510217173","0.333333"
"2510217173","2508820885","0.333333"
