"1479894439","2114672114","0.7"
"2114672114","1479894439","0.7"
"1479894439","2138930598","0.7"
"2138930598","1479894439","0.7"
"2114672114","2138930598","2.70397"
"2138930598","2114672114","2.70397"
"1479894439","1518483596","0.2"
"1518483596","1479894439","0.2"
"1479894439","2134671186","0.2"
"2134671186","1479894439","0.2"
"1479894439","2136400262","0.2"
"2136400262","1479894439","0.2"
"1518483596","2114672114","2.59683"
"2114672114","1518483596","2.59683"
"1518483596","2134671186","4.15794"
"2134671186","1518483596","4.15794"
"1518483596","2136400262","4.7746"
"2136400262","1518483596","4.7746"
"1518483596","2138930598","4.29841"
"2138930598","1518483596","4.29841"
"2114672114","2134671186","1.76349"
"2134671186","2114672114","1.76349"
"2114672114","2136400262","1.68016"
"2136400262","2114672114","1.68016"
"2134671186","2136400262","6.53294"
"2136400262","2134671186","6.53294"
"2134671186","2138930598","6.47341"
"2138930598","2134671186","6.47341"
"2136400262","2138930598","2.30675"
"2138930598","2136400262","2.30675"
"1496748351","16278051","11.8373"
"16278051","1496748351","11.8373"
"1496748351","1518483596","0.477778"
"1518483596","1496748351","0.477778"
"1496748351","1886974479","0.42619"
"1886974479","1496748351","0.42619"
"1496748351","2060017005","0.42619"
"2060017005","1496748351","0.42619"
"1496748351","2118898105","1.00952"
"2118898105","1496748351","1.00952"
"1496748351","2166975838","1.0373"
"2166975838","1496748351","1.0373"
"1518483596","1886974479","0.691667"
"1886974479","1518483596","0.691667"
"1518483596","2060017005","0.2"
"2060017005","1518483596","0.2"
"1518483596","2118898105","1.37619"
"2118898105","1518483596","1.37619"
"1518483596","2166975838","0.703968"
"2166975838","1518483596","0.703968"
"1886974479","2060017005","0.42619"
"2060017005","1886974479","0.42619"
"1886974479","2118898105","1.00952"
"2118898105","1886974479","1.00952"
"1886974479","2166975838","0.42619"
"2166975838","1886974479","0.42619"
"2060017005","2118898105","0.342857"
"2118898105","2060017005","0.342857"
"2060017005","2166975838","0.42619"
"2166975838","2060017005","0.42619"
"2118898105","2166975838","1.40238"
"2166975838","2118898105","1.40238"
"1496748351","2001547489","1.08333"
"2001547489","1496748351","1.08333"
"16278051","2166975838","1.98016"
"2166975838","16278051","1.98016"
"1496748351","1811337449","0.309524"
"1811337449","1496748351","0.309524"
"1496748351","2134671186","0.503968"
"2134671186","1496748351","0.503968"
"16278051","1811337449","0.142857"
"1811337449","16278051","0.142857"
"16278051","1886974479","0.22619"
"1886974479","16278051","0.22619"
"16278051","2060017005","1.22619"
"2060017005","16278051","1.22619"
"16278051","2118898105","0.285714"
"2118898105","16278051","0.285714"
"16278051","2134671186","0.337302"
"2134671186","16278051","0.337302"
"1811337449","1886974479","0.142857"
"1886974479","1811337449","0.142857"
"1811337449","2060017005","0.142857"
"2060017005","1811337449","0.142857"
"1811337449","2118898105","2.30952"
"2118898105","1811337449","2.30952"
"1811337449","2134671186","0.309524"
"2134671186","1811337449","0.309524"
"1811337449","2166975838","1.05952"
"2166975838","1811337449","1.05952"
"1886974479","2134671186","0.55119"
"2134671186","1886974479","0.55119"
"2060017005","2134671186","0.22619"
"2134671186","2060017005","0.22619"
"2118898105","2134671186","0.809524"
"2134671186","2118898105","0.809524"
"2134671186","2166975838","0.587302"
"2166975838","2134671186","0.587302"
"1496748351","2122828687","0.527778"
"2122828687","1496748351","0.527778"
"1496748351","2138018097","0.527778"
"2138018097","1496748351","0.527778"
"1496748351","231257848","0.527778"
"231257848","1496748351","0.527778"
"2122828687","2138018097","13.4996"
"2138018097","2122828687","13.4996"
"2122828687","231257848","13.4996"
"231257848","2122828687","13.4996"
"2138018097","231257848","24.3091"
"231257848","2138018097","24.3091"
"1496748351","2146750633","0.5"
"2146750633","1496748351","0.5"
"2118898105","2146750633","22.8429"
"2146750633","2118898105","22.8429"
"1496748351","2136400262","0.111111"
"2136400262","1496748351","0.111111"
"1496748351","2138930598","0.194444"
"2138930598","1496748351","0.194444"
"1518483596","16278051","0.253968"
"16278051","1518483596","0.253968"
"1518483596","2122828687","5.64127"
"2122828687","1518483596","5.64127"
"1518483596","2138018097","6.95079"
"2138018097","1518483596","6.95079"
"1518483596","231257848","5.95079"
"231257848","1518483596","5.95079"
"16278051","2122828687","0.337302"
"2122828687","16278051","0.337302"
"16278051","2136400262","0.111111"
"2136400262","16278051","0.111111"
"16278051","2138018097","0.337302"
"2138018097","16278051","0.337302"
"16278051","2138930598","0.194444"
"2138930598","16278051","0.194444"
"16278051","231257848","0.337302"
"231257848","16278051","0.337302"
"2122828687","2134671186","1.84008"
"2134671186","2122828687","1.84008"
"2122828687","2136400262","2.25675"
"2136400262","2122828687","2.25675"
"2122828687","2138930598","0.997222"
"2138930598","2122828687","0.997222"
"2122828687","2166975838","0.337302"
"2166975838","2122828687","0.337302"
"2134671186","2138018097","2.3996"
"2138018097","2134671186","2.3996"
"2134671186","231257848","2.3996"
"231257848","2134671186","2.3996"
"2136400262","2138018097","3.81627"
"2138018097","2136400262","3.81627"
"2136400262","2166975838","0.111111"
"2166975838","2136400262","0.111111"
"2136400262","231257848","3.31627"
"231257848","2136400262","3.31627"
"2138018097","2138930598","1.30675"
"2138930598","2138018097","1.30675"
"2138018097","2166975838","0.587302"
"2166975838","2138018097","0.587302"
"2138930598","2166975838","0.194444"
"2166975838","2138930598","0.194444"
"2138930598","231257848","1.30675"
"231257848","2138930598","1.30675"
"2166975838","231257848","0.587302"
"231257848","2166975838","0.587302"
"1496748351","2111015674","0.0833333"
"2111015674","1496748351","0.0833333"
"1496748351","2114672114","0.25"
"2114672114","1496748351","0.25"
"16278051","2001547489","1.08333"
"2001547489","16278051","1.08333"
"16278051","2111015674","0.0833333"
"2111015674","16278051","0.0833333"
"16278051","2114672114","0.0833333"
"2114672114","16278051","0.0833333"
"1886974479","2001547489","0.0833333"
"2001547489","1886974479","0.0833333"
"1886974479","2111015674","0.0833333"
"2111015674","1886974479","0.0833333"
"1886974479","2114672114","0.208333"
"2114672114","1886974479","0.208333"
"1886974479","2122828687","1.35833"
"2122828687","1886974479","1.35833"
"1886974479","2138018097","1.35833"
"2138018097","1886974479","1.35833"
"1886974479","2138930598","0.0833333"
"2138930598","1886974479","0.0833333"
"1886974479","231257848","1.35833"
"231257848","1886974479","1.35833"
"2001547489","2060017005","0.0833333"
"2060017005","2001547489","0.0833333"
"2001547489","2111015674","0.0833333"
"2111015674","2001547489","0.0833333"
"2001547489","2114672114","0.0833333"
"2114672114","2001547489","0.0833333"
"2001547489","2122828687","0.0833333"
"2122828687","2001547489","0.0833333"
"2001547489","2134671186","0.0833333"
"2134671186","2001547489","0.0833333"
"2001547489","2138018097","0.0833333"
"2138018097","2001547489","0.0833333"
"2001547489","2138930598","0.0833333"
"2138930598","2001547489","0.0833333"
"2001547489","2166975838","0.0833333"
"2166975838","2001547489","0.0833333"
"2001547489","231257848","0.0833333"
"231257848","2001547489","0.0833333"
"2060017005","2111015674","0.0833333"
"2111015674","2060017005","0.0833333"
"2060017005","2114672114","0.0833333"
"2114672114","2060017005","0.0833333"
"2060017005","2122828687","0.0833333"
"2122828687","2060017005","0.0833333"
"2060017005","2138018097","0.0833333"
"2138018097","2060017005","0.0833333"
"2060017005","2138930598","0.0833333"
"2138930598","2060017005","0.0833333"
"2060017005","231257848","0.0833333"
"231257848","2060017005","0.0833333"
"2111015674","2114672114","0.194444"
"2114672114","2111015674","0.194444"
"2111015674","2122828687","0.519444"
"2122828687","2111015674","0.519444"
"2111015674","2134671186","2.18611"
"2134671186","2111015674","2.18611"
"2111015674","2138018097","0.519444"
"2138018097","2111015674","0.519444"
"2111015674","2138930598","3.15278"
"2138930598","2111015674","3.15278"
"2111015674","2166975838","0.0833333"
"2166975838","2111015674","0.0833333"
"2111015674","231257848","0.519444"
"231257848","2111015674","0.519444"
"2114672114","2122828687","0.753968"
"2122828687","2114672114","0.753968"
"2114672114","2138018097","1.64683"
"2138018097","2114672114","1.64683"
"2114672114","2166975838","0.0833333"
"2166975838","2114672114","0.0833333"
"2114672114","231257848","1.14683"
"231257848","2114672114","1.14683"
"1496748351","2182190274","0.166667"
"2182190274","1496748351","0.166667"
"1518483596","1811337449","0.166667"
"1811337449","1518483596","0.166667"
"1518483596","2182190274","0.72619"
"2182190274","1518483596","0.72619"
"1811337449","2114672114","0.166667"
"2114672114","1811337449","0.166667"
"1811337449","2182190274","0.166667"
"2182190274","1811337449","0.166667"
"2114672114","2118898105","0.166667"
"2118898105","2114672114","0.166667"
"2114672114","2182190274","3.72619"
"2182190274","2114672114","3.72619"
"2118898105","2182190274","0.166667"
"2182190274","2118898105","0.166667"
"2134671186","2182190274","1.05952"
"2182190274","2134671186","1.05952"
"1518483596","1992523022","1.30952"
"1992523022","1518483596","1.30952"
"1518483596","2146750633","1.00952"
"2146750633","1518483596","1.00952"
"16278051","2146750633","0.142857"
"2146750633","16278051","0.142857"
"2118898105","2122828687","0.509524"
"2122828687","2118898105","0.509524"
"2118898105","2138018097","0.509524"
"2138018097","2118898105","0.509524"
"2118898105","231257848","0.509524"
"231257848","2118898105","0.509524"
"2122828687","2146750633","0.509524"
"2146750633","2122828687","0.509524"
"2138018097","2146750633","1.00952"
"2146750633","2138018097","1.00952"
"2146750633","2166975838","1.05952"
"2166975838","2146750633","1.05952"
"2146750633","231257848","1.00952"
"231257848","2146750633","1.00952"
"1518483596","2111015674","2.94444"
"2111015674","1518483596","2.94444"
"1518483596","315697163","1"
"315697163","1518483596","1"
"1886974479","2146750633","0.666667"
"2146750633","1886974479","0.666667"
"1518483596","2134175381","0.444444"
"2134175381","1518483596","0.444444"
"2111015674","2134175381","2.64444"
"2134175381","2111015674","2.64444"
"2111015674","2136400262","0.569444"
"2136400262","2111015674","0.569444"
"2114672114","2134175381","0.277778"
"2134175381","2114672114","0.277778"
"2122828687","2134175381","0.311111"
"2134175381","2122828687","0.311111"
"2134175381","2134671186","1.81111"
"2134671186","2134175381","1.81111"
"2134175381","2136400262","1.61111"
"2136400262","2134175381","1.61111"
"2134175381","2138018097","0.477778"
"2138018097","2134175381","0.477778"
"2134175381","2138930598","1.77778"
"2138930598","2134175381","1.77778"
"2134175381","231257848","0.477778"
"231257848","2134175381","0.477778"
"2122828687","2182190274","0.559524"
"2182190274","2122828687","0.559524"
"2136400262","2182190274","0.809524"
"2182190274","2136400262","0.809524"
"2138018097","2182190274","0.559524"
"2182190274","2138018097","0.559524"
"2182190274","231257848","0.559524"
"231257848","2182190274","0.559524"
"1992523022","2114672114","0.309524"
"2114672114","1992523022","0.309524"
"1992523022","2134175381","0.166667"
"2134175381","1992523022","0.166667"
"1992523022","2134671186","0.642857"
"2134671186","1992523022","0.642857"
"1992523022","2136400262","0.642857"
"2136400262","1992523022","0.642857"
"1992523022","2138930598","0.642857"
"2138930598","1992523022","0.642857"
"1992523022","2138018097","0.142857"
"2138018097","1992523022","0.142857"
"1992523022","231257848","0.142857"
"231257848","1992523022","0.142857"
"1518483596","1965900296","0.125"
"1965900296","1518483596","0.125"
"1965900296","2114672114","0.375"
"2114672114","1965900296","0.375"
"1965900296","2122828687","0.25"
"2122828687","1965900296","0.25"
"1965900296","2134671186","0.5"
"2134671186","1965900296","0.5"
"1965900296","2136400262","1.25"
"2136400262","1965900296","1.25"
"1965900296","2138018097","0.25"
"2138018097","1965900296","0.25"
"1965900296","2182190274","0.375"
"2182190274","1965900296","0.375"
"1965900296","231257848","0.25"
"231257848","1965900296","0.25"
"1886974479","2136400262","0.775"
"2136400262","1886974479","0.775"
"1886974479","2182190274","0.125"
"2182190274","1886974479","0.125"
"1546449636","1594221826","1.5"
"1594221826","1546449636","1.5"
"1546449636","2082520174","1.5"
"2082520174","1546449636","1.5"
"1594221826","2082520174","29.5"
"2082520174","1594221826","29.5"
"1546449636","2122445727","2"
"2122445727","1546449636","2"
"1594221826","2256828847","2.5"
"2256828847","1594221826","2.5"
"1594221826","2141936602","2.5"
"2141936602","1594221826","2.5"
"2082520174","2141936602","3"
"2141936602","2082520174","3"
"2082520174","2256828847","2"
"2256828847","2082520174","2"
"2141936602","2256828847","7.5"
"2256828847","2141936602","7.5"
"16278051","1987898580","1.33333"
"1987898580","16278051","1.33333"
"16278051","2134175381","0.333333"
"2134175381","16278051","0.333333"
"16278051","2792952820","0.333333"
"2792952820","16278051","0.333333"
"1987898580","2134175381","0.333333"
"2134175381","1987898580","0.333333"
"1987898580","2792952820","1.66667"
"2792952820","1987898580","1.66667"
"2134175381","2792952820","0.333333"
"2792952820","2134175381","0.333333"
"1811337449","2146750633","2"
"2146750633","1811337449","2"
"1811337449","2099057867","5.83333"
"2099057867","1811337449","5.83333"
"2099057867","2118898105","0.833333"
"2118898105","2099057867","0.833333"
"2099057867","2146750633","0.833333"
"2146750633","2099057867","0.833333"
"1811337449","2033594994","1"
"2033594994","1811337449","1"
"2033594994","2099057867","1"
"2099057867","2033594994","1"
"1811337449","2001547489","0.25"
"2001547489","1811337449","0.25"
"2001547489","2099057867","0.25"
"2099057867","2001547489","0.25"
"2001547489","2118898105","1.25"
"2118898105","2001547489","1.25"
"2001547489","2146750633","1.25"
"2146750633","2001547489","1.25"
"2099057867","2166975838","0.25"
"2166975838","2099057867","0.25"
"1965900296","2138930598","1.375"
"2138930598","1965900296","1.375"
"1965900296","2033594994","0.125"
"2033594994","1965900296","0.125"
"1965900296","2111015674","0.125"
"2111015674","1965900296","0.125"
"2033594994","2111015674","0.125"
"2111015674","2033594994","0.125"
"2033594994","2122828687","0.125"
"2122828687","2033594994","0.125"
"2033594994","2134671186","0.125"
"2134671186","2033594994","0.125"
"2033594994","2136400262","0.125"
"2136400262","2033594994","0.125"
"2033594994","2138018097","0.125"
"2138018097","2033594994","0.125"
"2033594994","2138930598","0.125"
"2138930598","2033594994","0.125"
"2033594994","231257848","0.125"
"231257848","2033594994","0.125"
"2138930598","2182190274","1"
"2182190274","2138930598","1"
"1987898580","2118898105","1.33333"
"2118898105","1987898580","1.33333"
"1987898580","2138018097","0.5"
"2138018097","1987898580","0.5"
"1987898580","231257848","0.5"
"231257848","1987898580","0.5"
"1987898580","2146750633","0.333333"
"2146750633","1987898580","0.333333"
"2118898105","2792952820","0.333333"
"2792952820","2118898105","0.333333"
"2146750633","2792952820","0.333333"
"2792952820","2146750633","0.333333"
"1992523022","2111015674","1"
"2111015674","1992523022","1"
"2016524761","2138018097","0.5"
"2138018097","2016524761","0.5"
"2016524761","231257848","0.5"
"231257848","2016524761","0.5"
"2060986432","2149764216","13"
"2149764216","2060986432","13"
"2079308701","2136400262","1"
"2136400262","2079308701","1"
"2090297700","2560750145","2"
"2560750145","2090297700","2"
"2134671186","2146750633","0.5"
"2146750633","2134671186","0.5"
"2118898105","2119882343","1"
"2119882343","2118898105","1"
"2122509673","2792952820","1"
"2792952820","2122509673","1"
"2138018097","2792952820","0.5"
"2792952820","2138018097","0.5"
"231257848","2792952820","0.5"
"2792952820","231257848","0.5"
"2281818180","2462483803","1"
"2462483803","2281818180","1"
"2560750145","2579118500","1"
"2579118500","2560750145","1"
"2579118500","2945221590","1"
"2945221590","2579118500","1"
