"1482717942","1535364928","1.72619"
"1535364928","1482717942","1.72619"
"1482717942","1601957798","0.72619"
"1601957798","1482717942","0.72619"
"1535364928","1601957798","0.72619"
"1601957798","1535364928","0.72619"
"1482717942","1548434073","0.75"
"1548434073","1482717942","0.75"
"1482717942","1558708926","0.892857"
"1558708926","1482717942","0.892857"
"1482717942","1577661458","0.892857"
"1577661458","1482717942","0.892857"
"1548434073","1558708926","1.875"
"1558708926","1548434073","1.875"
"1548434073","1577661458","2.875"
"1577661458","1548434073","2.875"
"1558708926","1577661458","3.35119"
"1577661458","1558708926","3.35119"
"1482717942","1563511041","0.22619"
"1563511041","1482717942","0.22619"
"1482717942","1568520584","0.0833333"
"1568520584","1482717942","0.0833333"
"1482717942","1594874217","0.0833333"
"1594874217","1482717942","0.0833333"
"1482717942","1602947645","0.22619"
"1602947645","1482717942","0.22619"
"1482717942","2012496942","0.0833333"
"2012496942","1482717942","0.0833333"
"1482717942","4169258","0.0833333"
"4169258","1482717942","0.0833333"
"1482717942","82590983","0.0833333"
"82590983","1482717942","0.0833333"
"1535364928","1548434073","0.0833333"
"1548434073","1535364928","0.0833333"
"1535364928","1558708926","0.22619"
"1558708926","1535364928","0.22619"
"1535364928","1563511041","0.22619"
"1563511041","1535364928","0.22619"
"1535364928","1568520584","0.0833333"
"1568520584","1535364928","0.0833333"
"1535364928","1577661458","0.22619"
"1577661458","1535364928","0.22619"
"1535364928","1594874217","0.0833333"
"1594874217","1535364928","0.0833333"
"1535364928","1602947645","0.22619"
"1602947645","1535364928","0.22619"
"1535364928","2012496942","0.0833333"
"2012496942","1535364928","0.0833333"
"1535364928","4169258","1.08333"
"4169258","1535364928","1.08333"
"1535364928","82590983","0.0833333"
"82590983","1535364928","0.0833333"
"1548434073","1563511041","0.0833333"
"1563511041","1548434073","0.0833333"
"1548434073","1568520584","0.208333"
"1568520584","1548434073","0.208333"
"1548434073","1594874217","0.208333"
"1594874217","1548434073","0.208333"
"1548434073","1601957798","0.0833333"
"1601957798","1548434073","0.0833333"
"1548434073","1602947645","0.208333"
"1602947645","1548434073","0.208333"
"1548434073","2012496942","0.0833333"
"2012496942","1548434073","0.0833333"
"1548434073","4169258","0.0833333"
"4169258","1548434073","0.0833333"
"1548434073","82590983","0.208333"
"82590983","1548434073","0.208333"
"1558708926","1563511041","0.22619"
"1563511041","1558708926","0.22619"
"1558708926","1568520584","0.208333"
"1568520584","1558708926","0.208333"
"1558708926","1594874217","0.208333"
"1594874217","1558708926","0.208333"
"1558708926","1601957798","1.55952"
"1601957798","1558708926","1.55952"
"1558708926","1602947645","0.35119"
"1602947645","1558708926","0.35119"
"1558708926","2012496942","0.0833333"
"2012496942","1558708926","0.0833333"
"1558708926","4169258","0.416667"
"4169258","1558708926","0.416667"
"1558708926","82590983","0.208333"
"82590983","1558708926","0.208333"
"1563511041","1568520584","0.0833333"
"1568520584","1563511041","0.0833333"
"1563511041","1577661458","0.22619"
"1577661458","1563511041","0.22619"
"1563511041","1594874217","0.0833333"
"1594874217","1563511041","0.0833333"
"1563511041","1601957798","0.22619"
"1601957798","1563511041","0.22619"
"1563511041","1602947645","1.22619"
"1602947645","1563511041","1.22619"
"1563511041","2012496942","0.0833333"
"2012496942","1563511041","0.0833333"
"1563511041","4169258","0.0833333"
"4169258","1563511041","0.0833333"
"1563511041","82590983","0.0833333"
"82590983","1563511041","0.0833333"
"1568520584","1577661458","0.208333"
"1577661458","1568520584","0.208333"
"1568520584","1594874217","0.208333"
"1594874217","1568520584","0.208333"
"1568520584","1601957798","0.0833333"
"1601957798","1568520584","0.0833333"
"1568520584","1602947645","0.541667"
"1602947645","1568520584","0.541667"
"1568520584","2012496942","0.416667"
"2012496942","1568520584","0.416667"
"1568520584","4169258","0.0833333"
"4169258","1568520584","0.0833333"
"1568520584","82590983","9.375"
"82590983","1568520584","9.375"
"1577661458","1594874217","0.208333"
"1594874217","1577661458","0.208333"
"1577661458","1601957798","1.55952"
"1601957798","1577661458","1.55952"
"1577661458","1602947645","0.35119"
"1602947645","1577661458","0.35119"
"1577661458","2012496942","0.0833333"
"2012496942","1577661458","0.0833333"
"1577661458","4169258","0.416667"
"4169258","1577661458","0.416667"
"1577661458","82590983","0.208333"
"82590983","1577661458","0.208333"
"1594874217","1601957798","0.0833333"
"1601957798","1594874217","0.0833333"
"1594874217","1602947645","0.208333"
"1602947645","1594874217","0.208333"
"1594874217","2012496942","0.0833333"
"2012496942","1594874217","0.0833333"
"1594874217","4169258","0.0833333"
"4169258","1594874217","0.0833333"
"1594874217","82590983","0.208333"
"82590983","1594874217","0.208333"
"1601957798","1602947645","0.22619"
"1602947645","1601957798","0.22619"
"1601957798","2012496942","0.0833333"
"2012496942","1601957798","0.0833333"
"1601957798","4169258","0.416667"
"4169258","1601957798","0.416667"
"1601957798","82590983","0.0833333"
"82590983","1601957798","0.0833333"
"1602947645","2012496942","0.0833333"
"2012496942","1602947645","0.0833333"
"1602947645","4169258","0.0833333"
"4169258","1602947645","0.0833333"
"1602947645","82590983","0.541667"
"82590983","1602947645","0.541667"
"2012496942","4169258","0.0833333"
"4169258","2012496942","0.0833333"
"2012496942","82590983","0.416667"
"82590983","2012496942","0.416667"
"4169258","82590983","0.0833333"
"82590983","4169258","0.0833333"
"1482717942","1823755700","0.142857"
"1823755700","1482717942","0.142857"
"1535364928","1823755700","0.142857"
"1823755700","1535364928","0.142857"
"1558708926","1823755700","0.267857"
"1823755700","1558708926","0.267857"
"1563511041","1823755700","0.142857"
"1823755700","1563511041","0.142857"
"1577661458","1823755700","0.267857"
"1823755700","1577661458","0.267857"
"1601957798","1823755700","0.142857"
"1823755700","1601957798","0.142857"
"1602947645","1823755700","0.60119"
"1823755700","1602947645","0.60119"
"1492167525","2064510916","2"
"2064510916","1492167525","2"
"1499114032","1555716095","3.66667"
"1555716095","1499114032","3.66667"
"1499114032","2127772962","2.66667"
"2127772962","1499114032","2.66667"
"1499114032","2171181929","3.66667"
"2171181929","1499114032","3.66667"
"1555716095","2127772962","3.16667"
"2127772962","1555716095","3.16667"
"1555716095","2171181929","3.16667"
"2171181929","1555716095","3.16667"
"2127772962","2171181929","2.16667"
"2171181929","2127772962","2.16667"
"1525439583","1548434073","0.125"
"1548434073","1525439583","0.125"
"1525439583","1558708926","0.125"
"1558708926","1525439583","0.125"
"1525439583","1568520584","0.125"
"1568520584","1525439583","0.125"
"1525439583","1577661458","0.125"
"1577661458","1525439583","0.125"
"1525439583","1594874217","0.125"
"1594874217","1525439583","0.125"
"1525439583","1602947645","0.125"
"1602947645","1525439583","0.125"
"1525439583","1823755700","0.125"
"1823755700","1525439583","0.125"
"1525439583","82590983","0.125"
"82590983","1525439583","0.125"
"1548434073","1823755700","0.125"
"1823755700","1548434073","0.125"
"1568520584","1823755700","0.458333"
"1823755700","1568520584","0.458333"
"1594874217","1823755700","0.125"
"1823755700","1594874217","0.125"
"1823755700","82590983","0.458333"
"82590983","1823755700","0.458333"
"1543301396","1594874217","1"
"1594874217","1543301396","1"
"1543301396","2008730898","3"
"2008730898","1543301396","3"
"1546147276","1594874217","1"
"1594874217","1546147276","1"
"1546147276","1602947645","1"
"1602947645","1546147276","1"
"1568520584","1980033090","0.833333"
"1980033090","1568520584","0.833333"
"1980033090","82590983","0.833333"
"82590983","1980033090","0.833333"
"1980033090","2012496942","0.333333"
"2012496942","1980033090","0.333333"
"1982223993","2811410142","1"
"2811410142","1982223993","1"
"2006738339","2110803071","3"
"2110803071","2006738339","3"
"2064046542","2546270213","2"
"2546270213","2064046542","2"
"2109628394","2443323504","3"
"2443323504","2109628394","3"
