"1486274895","1497481941","0.5671"
"1497481941","1486274895","0.5671"
"1486274895","1498330251","1.75321"
"1498330251","1486274895","1.75321"
"1486274895","1587158155","2.54607"
"1587158155","1486274895","2.54607"
"1486274895","1794421227","0.701623"
"1794421227","1486274895","0.701623"
"1486274895","1965570021","1.04488"
"1965570021","1486274895","1.04488"
"1486274895","2161155582","0.703968"
"2161155582","1486274895","0.703968"
"1486274895","2402473210","0.142857"
"2402473210","1486274895","0.142857"
"1497481941","1498330251","0.7671"
"1498330251","1497481941","0.7671"
"1497481941","1587158155","2.8171"
"1587158155","1497481941","2.8171"
"1497481941","1794421227","1.0171"
"1794421227","1497481941","1.0171"
"1497481941","1965570021","0.733766"
"1965570021","1497481941","0.733766"
"1497481941","2161155582","0.142857"
"2161155582","1497481941","0.142857"
"1497481941","2402473210","0.642857"
"2402473210","1497481941","0.642857"
"1498330251","1587158155","3.61988"
"1587158155","1498330251","3.61988"
"1498330251","1794421227","2.5421"
"1794421227","1498330251","2.5421"
"1498330251","1965570021","1.29488"
"1965570021","1498330251","1.29488"
"1498330251","2161155582","1.95397"
"2161155582","1498330251","1.95397"
"1498330251","2402473210","0.642857"
"2402473210","1498330251","0.642857"
"1587158155","1794421227","1.90162"
"1794421227","1587158155","1.90162"
"1587158155","1965570021","1.04488"
"1965570021","1587158155","1.04488"
"1587158155","2161155582","1.95397"
"2161155582","1587158155","1.95397"
"1587158155","2402473210","5.80952"
"2402473210","1587158155","5.80952"
"1794421227","1965570021","0.433766"
"1965570021","1794421227","0.433766"
"1794421227","2161155582","0.592857"
"2161155582","1794421227","0.592857"
"1794421227","2402473210","0.142857"
"2402473210","1794421227","0.142857"
"1965570021","2161155582","1.70397"
"2161155582","1965570021","1.70397"
"1965570021","2402473210","1.14286"
"2402473210","1965570021","1.14286"
"2161155582","2402473210","0.142857"
"2402473210","2161155582","0.142857"
"1486274895","1685770595","1.30321"
"1685770595","1486274895","1.30321"
"1486274895","1811291318","0.944444"
"1811291318","1486274895","0.944444"
"1498330251","1685770595","1.16035"
"1685770595","1498330251","1.16035"
"1498330251","1811291318","1.14444"
"1811291318","1498330251","1.14444"
"1587158155","1685770595","0.886544"
"1685770595","1587158155","0.886544"
"1587158155","1811291318","0.561111"
"1811291318","1587158155","0.561111"
"1685770595","1811291318","0.944444"
"1811291318","1685770595","0.944444"
"1486274895","1490559148","1.5921"
"1490559148","1486274895","1.5921"
"1490559148","1497481941","0.424242"
"1497481941","1490559148","0.424242"
"1490559148","1587158155","4.45877"
"1587158155","1490559148","4.45877"
"1486274895","2548635715","0.844877"
"2548635715","1486274895","0.844877"
"1490559148","1965570021","0.340909"
"1965570021","1490559148","0.340909"
"1490559148","2548635715","1.15043"
"2548635715","1490559148","1.15043"
"1587158155","2548635715","3.42821"
"2548635715","1587158155","3.42821"
"1965570021","2548635715","0.45202"
"2548635715","1965570021","0.45202"
"1486274895","1998466624","0.633766"
"1998466624","1486274895","0.633766"
"1486274895","2027933939","0.415909"
"2027933939","1486274895","0.415909"
"1486274895","2132161909","0.633766"
"2132161909","1486274895","0.633766"
"1490559148","1998466624","0.633766"
"1998466624","1490559148","0.633766"
"1490559148","2027933939","0.865909"
"2027933939","1490559148","0.865909"
"1490559148","2132161909","0.633766"
"2132161909","1490559148","0.633766"
"1587158155","1998466624","0.633766"
"1998466624","1587158155","0.633766"
"1587158155","2027933939","1.11591"
"2027933939","1587158155","1.11591"
"1587158155","2132161909","0.633766"
"2132161909","1587158155","0.633766"
"1998466624","2027933939","0.290909"
"2027933939","1998466624","0.290909"
"1998466624","2132161909","4.4671"
"2132161909","1998466624","4.4671"
"2027933939","2132161909","0.290909"
"2132161909","2027933939","0.290909"
"1486274895","2398615319","1.5"
"2398615319","1486274895","1.5"
"1486274895","1540066842","0.486111"
"1540066842","1486274895","0.486111"
"1498330251","1540066842","0.486111"
"1540066842","1498330251","0.486111"
"1540066842","1685770595","1.48611"
"1685770595","1540066842","1.48611"
"1540066842","1811291318","0.361111"
"1811291318","1540066842","0.361111"
"1486274895","1954145964","0.125"
"1954145964","1486274895","0.125"
"1490559148","1498330251","0.665909"
"1498330251","1490559148","0.665909"
"1490559148","1540066842","0.125"
"1540066842","1490559148","0.125"
"1490559148","1685770595","0.525433"
"1685770595","1490559148","0.525433"
"1490559148","1794421227","0.808766"
"1794421227","1490559148","0.808766"
"1490559148","1954145964","0.291667"
"1954145964","1490559148","0.291667"
"1498330251","1954145964","1.125"
"1954145964","1498330251","1.125"
"1498330251","2027933939","1.24924"
"2027933939","1498330251","1.24924"
"1540066842","1587158155","0.236111"
"1587158155","1540066842","0.236111"
"1540066842","1794421227","0.125"
"1794421227","1540066842","0.125"
"1540066842","1954145964","0.125"
"1954145964","1540066842","0.125"
"1540066842","2027933939","0.125"
"2027933939","1540066842","0.125"
"1587158155","1954145964","0.291667"
"1954145964","1587158155","0.291667"
"1685770595","1794421227","0.358766"
"1794421227","1685770595","0.358766"
"1685770595","1954145964","0.291667"
"1954145964","1685770595","0.291667"
"1685770595","2027933939","0.215909"
"2027933939","1685770595","0.215909"
"1794421227","1954145964","0.125"
"1954145964","1794421227","0.125"
"1794421227","2027933939","0.665909"
"2027933939","1794421227","0.665909"
"1954145964","2027933939","0.125"
"2027933939","1954145964","0.125"
"1497481941","1685770595","0.0909091"
"1685770595","1497481941","0.0909091"
"1497481941","1998466624","0.0909091"
"1998466624","1497481941","0.0909091"
"1497481941","2027933939","0.340909"
"2027933939","1497481941","0.340909"
"1497481941","2132161909","0.0909091"
"2132161909","1497481941","0.0909091"
"1497481941","2548635715","0.290909"
"2548635715","1497481941","0.290909"
"1498330251","1998466624","0.0909091"
"1998466624","1498330251","0.0909091"
"1498330251","2132161909","0.590909"
"2132161909","1498330251","0.590909"
"1498330251","2548635715","1.23535"
"2548635715","1498330251","1.23535"
"1685770595","1965570021","0.20202"
"1965570021","1685770595","0.20202"
"1685770595","1998466624","0.233766"
"1998466624","1685770595","0.233766"
"1685770595","2132161909","0.233766"
"2132161909","1685770595","0.233766"
"1685770595","2548635715","0.511544"
"2548635715","1685770595","0.511544"
"1794421227","1998466624","0.233766"
"1998466624","1794421227","0.233766"
"1794421227","2132161909","0.233766"
"2132161909","1794421227","0.233766"
"1794421227","2548635715","0.933766"
"2548635715","1794421227","0.933766"
"1965570021","1998466624","0.0909091"
"1998466624","1965570021","0.0909091"
"1965570021","2027933939","1.09091"
"2027933939","1965570021","1.09091"
"1965570021","2132161909","0.0909091"
"2132161909","1965570021","0.0909091"
"1998466624","2548635715","0.233766"
"2548635715","1998466624","0.233766"
"2027933939","2548635715","0.674242"
"2548635715","2027933939","0.674242"
"2132161909","2548635715","0.233766"
"2548635715","2132161909","0.233766"
"1486274895","197996413","1.5"
"197996413","1486274895","1.5"
"197996413","2398615319","0.5"
"2398615319","197996413","0.5"
"1486274895","2569709881","0.2"
"2569709881","1486274895","0.2"
"1490559148","2569709881","0.2"
"2569709881","1490559148","0.2"
"1587158155","2569709881","0.2"
"2569709881","1587158155","0.2"
"1998466624","2569709881","0.2"
"2569709881","1998466624","0.2"
"2132161909","2569709881","0.2"
"2569709881","2132161909","0.2"
"1486274895","2187099600","1.36111"
"2187099600","1486274895","1.36111"
"1490559148","2187099600","0.666667"
"2187099600","1490559148","0.666667"
"1587158155","2187099600","2.69444"
"2187099600","1587158155","2.69444"
"2187099600","2548635715","26.4778"
"2548635715","2187099600","26.4778"
"1498330251","2187099600","1.64444"
"2187099600","1498330251","1.64444"
"1540066842","1965570021","0.111111"
"1965570021","1540066842","0.111111"
"1540066842","2161155582","0.111111"
"2161155582","1540066842","0.111111"
"1540066842","2187099600","0.111111"
"2187099600","1540066842","0.111111"
"1540066842","2548635715","0.111111"
"2548635715","1540066842","0.111111"
"1685770595","2161155582","0.111111"
"2161155582","1685770595","0.111111"
"1685770595","2187099600","0.277778"
"2187099600","1685770595","0.277778"
"1811291318","1965570021","0.111111"
"1965570021","1811291318","0.111111"
"1811291318","2161155582","0.111111"
"2161155582","1811291318","0.111111"
"1811291318","2187099600","0.111111"
"2187099600","1811291318","0.111111"
"1811291318","2548635715","1.11111"
"2548635715","1811291318","1.11111"
"1965570021","2187099600","0.111111"
"2187099600","1965570021","0.111111"
"2161155582","2187099600","0.111111"
"2187099600","2161155582","0.111111"
"2161155582","2548635715","0.611111"
"2548635715","2161155582","0.611111"
"1490559148","2161155582","0.25"
"2161155582","1490559148","0.25"
"1490559148","1811291318","0.2"
"1811291318","1490559148","0.2"
"1794421227","1811291318","0.2"
"1811291318","1794421227","0.2"
"1811291318","2027933939","0.2"
"2027933939","1811291318","0.2"
"1490559148","197996413","0.166667"
"197996413","1490559148","0.166667"
"1587158155","197996413","0.166667"
"197996413","1587158155","0.166667"
"1685770595","197996413","0.166667"
"197996413","1685770595","0.166667"
"1954145964","197996413","1.16667"
"197996413","1954145964","1.16667"
"1954145964","2187099600","1.16667"
"2187099600","1954145964","1.16667"
"1954145964","2548635715","0.666667"
"2548635715","1954145964","0.666667"
"197996413","2187099600","0.166667"
"2187099600","197996413","0.166667"
"197996413","2548635715","0.166667"
"2548635715","197996413","0.166667"
"2027933939","2187099600","1.83333"
"2187099600","2027933939","1.83333"
"1497481941","2017270479","0.533333"
"2017270479","1497481941","0.533333"
"1497481941","2187099600","1.45"
"2187099600","1497481941","1.45"
"1498330251","2017270479","0.533333"
"2017270479","1498330251","0.533333"
"1794421227","2017270479","0.533333"
"2017270479","1794421227","0.533333"
"1794421227","2187099600","0.45"
"2187099600","1794421227","0.45"
"2017270479","2187099600","0.2"
"2187099600","2017270479","0.2"
"2017270479","2548635715","0.2"
"2548635715","2017270479","0.2"
"1498330251","1994591449","0.5"
"1994591449","1498330251","0.5"
"1994591449","2132161909","0.833333"
"2132161909","1994591449","0.833333"
"2187099600","2402473210","1.16667"
"2402473210","2187099600","1.16667"
"2402473210","2548635715","1.66667"
"2548635715","2402473210","1.66667"
"1755066991","1965570021","0.5"
"1965570021","1755066991","0.5"
"1755066991","1994591449","1.5"
"1994591449","1755066991","1.5"
"1965570021","1994591449","0.5"
"1994591449","1965570021","0.5"
"1794421227","2569709881","1"
"2569709881","1794421227","1"
"1954145964","1998466624","0.833333"
"1998466624","1954145964","0.833333"
"1954145964","2132161909","0.833333"
"2132161909","1954145964","0.833333"
"1954145964","2402473210","1"
"2402473210","1954145964","1"
"1954145964","2161155582","0.5"
"2161155582","1954145964","0.5"
"1954145964","1994591449","0.333333"
"1994591449","1954145964","0.333333"
"1994591449","1998466624","0.333333"
"1998466624","1994591449","0.333333"
"2027933939","2402473210","2.5"
"2402473210","2027933939","2.5"
"197996413","2401425106","3"
"2401425106","197996413","3"
"197996413","2017270479","0.5"
"2017270479","197996413","0.5"
"197996413","2569709881","0.5"
"2569709881","197996413","0.5"
"2017270479","2569709881","1.5"
"2569709881","2017270479","1.5"
"1994591449","2548635715","1"
"2548635715","1994591449","1"
"2011848215","2509405823","0.5"
"2509405823","2011848215","0.5"
"2011848215","2950975278","0.5"
"2950975278","2011848215","0.5"
"2509405823","2950975278","7.5"
"2950975278","2509405823","7.5"
"2056159925","2790072426","6.66667"
"2790072426","2056159925","6.66667"
"2056159925","2564435712","0.666667"
"2564435712","2056159925","0.666667"
"2056159925","2621089139","1.66667"
"2621089139","2056159925","1.66667"
"2564435712","2621089139","11.6667"
"2621089139","2564435712","11.6667"
"2564435712","2790072426","1.66667"
"2790072426","2564435712","1.66667"
"2621089139","2790072426","4.66667"
"2790072426","2621089139","4.66667"
"2401425106","2548635715","2"
"2548635715","2401425106","2"
"2546257969","2569709881","4"
"2569709881","2546257969","4"
"2564435712","2950118249","1"
"2950118249","2564435712","1"
"2693668331","2950118249","21"
"2950118249","2693668331","21"
